AIMSum (Version 19.02.13, Professional)
Copyright (c) 1997-2019 by Todd A. Keith
AIMSum is a component of the AIMAll package ( http://aim.tkgristmill.com )

TP:  64-bit Linux

Much of the Quantum Theory of Atoms in Molecules (QTAIM) is described in the book:
  "Atoms in Molecules - A Quantum Theory"
  R.F.W. , Oxford University Press, Oxford, 1990

For additional references see:  http://aim.tkgristmill.com/references.html

Wfn File:  /home/mhennefarth/Documents/DielsAlder/DielsAlder_QTAIM/reactionC/reactC_endo10MVc/reactC_endo10MVc.wfn
Sum File:  /home/mhennefarth/Documents/DielsAlder/DielsAlder_QTAIM/reactionC/reactC_endo10MVc/reactC_endo10MVc.sum

SumViz File:  /home/mhennefarth/Documents/DielsAlder/DielsAlder_QTAIM/reactionC/reactC_endo10MVc/reactC_endo10MVc.sumviz

Wfn Title:  SCF/DFT density                                                                
 
Total memory allocated for AIMSum =        0.993 Megabytes

Atomic units (a.u.) used throughout, except where stated otherwise

Model:  Restricted SCF
 
Restricted, closed-shell, single-determinant wavefunction.
  Number of electrons (from MO Occs)                   =          64.0000000000
  Number of Alpha electrons (from MO Occs)             =          32.0000000000
  Number of Beta electrons (from MO Occs)              =          32.0000000000
  Number of electron pairs (N*(N-1)/2)                 =        2016.0000000000
  Number of electron pairs (from Muller 2EDM)          =        2016.0000000000
 
Nuclear Charges and Cartesian Coordinates:
-------------------------------------------------------------------------------
Atom      Charge                X                  Y                  Z
-------------------------------------------------------------------------------
c1         6.0          -4.2704040000E-02   3.3422718000E-01  -4.0258855000E-01
c2         6.0          -1.8116538000E+00   1.3409943700E+00   1.1062308300E+00
c3         6.0          -9.7538808000E-01   1.1435038700E+00   3.7418277800E+00
c4         6.0           1.2963342500E+00   2.2832510000E-02   3.8132104600E+00
c5         6.0           2.1080071000E+00  -6.1809590000E-01   1.1772669300E+00
c6         6.0           3.5369486100E+00   5.6687716900E+00  -1.7657576000E-01
c7         6.0           2.7383092800E+00   6.1894499700E+00   2.1430008900E+00
h8         1.0           2.4061414200E+00  -3.7994711000E-01   5.4796251100E+00
h9         1.0          -1.0382371000E-01   2.0924611000E-01  -2.4400542800E+00
h10        1.0          -2.0377592500E+00   1.8384054600E+00   5.3423771300E+00
h11        1.0          -3.5650403100E+00   2.2066660500E+00   5.1590423000E-01
h12        1.0           2.2839549300E+00   5.7820857000E+00  -1.7880369100E+00
h13        1.0           5.4816838000E+00   5.1301896000E+00  -5.0626967000E-01
h14        1.0           3.9678644100E+00   6.0965380100E+00   3.7745020200E+00
c15        6.0           1.7630271000E-01   6.9240178200E+00   2.6252554600E+00
h16        1.0           3.8972780500E+00   2.9499673000E-01   6.7740382000E-01
h17        1.0           2.4066479500E+00  -2.6529045800E+00   9.3337493000E-01
n18        7.0          -1.8744801800E+00   7.5041046400E+00   3.0317704500E+00

Some Atomic Properties:
----------------------
  q(A) = Net Charge of Atom A
  L(A) = Lagrangian of Atom A = -(1/4) Times Atomic Integral of the Laplacian of the Electron Density
  K(A) = Electronic Kinetic Energy of Atom A (Hamiltonian Form)
  K_Scaled(A) = K(A) * E(Mol)/K(Mol) = Approximation to Virial-Based Total Energy of Atom A.
  |Mu_Intra(A)| = Magnitude of Intraatomic Dipole Moment of Atom A
--------------------------------------------------------------------------------------------------
Atom A          q(A)              L(A)              K(A)          K_Scaled(A)      |Mu_Intra(A)|
--------------------------------------------------------------------------------------------------
c1        2.3950899160E-01  2.0909625741E-04  3.9505328813E+01 -3.9705206024E+01  3.8984900066E-01
c2       -1.9862374450E-01 -3.2420235728E-05  3.8122326608E+01 -3.8315206519E+01  1.6320105043E-01
c3       -2.0867892800E-02  4.7979863849E-04  3.7892029257E+01 -3.8083743979E+01  1.9891867385E-01
c4       -5.7907179170E-01  4.4382217793E-05  3.9951978392E+01 -4.0154115427E+01  2.2872874981E-01
c5       -1.7077784050E-01 -3.0788005912E-04  4.0021407948E+01 -4.0223896261E+01  7.1508566620E-01
c6       -2.2980089910E-01 -1.0314780330E-04  3.9414668027E+01 -3.9614086540E+01  2.6966160225E-01
c7        5.2651236778E+00  3.0421800604E-04  7.6522612735E-01 -7.6909778894E-01  3.0234485576E-02
h8       -5.8862500500E-02  4.0192178369E-05  1.0846334467E+00 -1.0901211497E+00  3.0692036098E-01
h9       -5.6445721429E+00  1.6680124492E-05  4.0527791966E+01 -4.0732842330E+01  1.2186306132E+00
h10       5.0172488710E-02  2.3328905345E-05  5.9712914185E-01 -6.0015031674E-01  1.3821429958E-01
h11       5.7461055090E-02  1.4242170562E-05  5.8953635845E-01 -5.9251911765E-01  1.4533501409E-01
h12       3.9325233971E-01  5.6649323929E-05  6.9014561971E-01 -6.9363741147E-01  1.1735400156E-01
h13       3.5757847139E-01  4.6755543818E-05  7.1378376655E-01 -7.1739515551E-01  1.2414926764E-01
h14       2.3857962570E-01  2.2699801568E-05  6.0617248771E-01 -6.0923941741E-01  9.2151690936E-02
c15       8.4933177650E-01  7.5199839332E-05  3.7925989048E+01 -3.8117875589E+01  1.0819932862E+00
h16       3.1114153652E-01  4.4021057067E-05  6.7265914207E-01 -6.7606246100E-01  1.7598737208E-01
h17       2.9515452352E-01  4.8287293205E-05  6.7299063529E-01 -6.7639563141E-01  1.8058628548E-01
n18      -1.1537938830E+00  1.6709626410E-05  5.5025049209E+01 -5.5303448445E+01  5.2516831366E-01
--------------------------------------------------------------------------------------------------
Total     9.3379151000E-04  9.9881288568E-04  3.7477884599E+02 -3.7667503956E+02
 
1st Largest |L(A)| = 4.7979863849E-04, atom c3      
2nd Largest |L(A)| = 3.0788005912E-04, atom c5      
 
Molecular charge q(Mol) from the wfn file:   0.0000000000E+00
Molecular energy E(Mol) from the wfn file:  -3.6491442280E+02
Molecular virial ratio (-V(Mol)/T(Mol)) from the wfn file:   2.0050595000E+00
Note.  K_Scaled(A) = (1+V(Mol)/T(Mol))*K(A) = (E(Mol)/T(Mol))*K(A)
       Only use K_Scaled(A) data with caution.
 
N_AIMInt(SumA)     =         63.999066
N_Analytic(Mol)    =         63.999993
 
G_AIMInt(SumA)     =        374.777847
G_Analytic(Mol)    =        374.778584
 
K_AIMInt(SumA)     =        374.778846
K_Analytic(Mol)    =        374.778584
 
L_AIMInt(SumA)     =          0.000999
L_Analytic(Mol)    =          0.000000
 
VenT_AIMInt(SumA)  =      -1560.403906
VenT_Analytic(Mol) =      -1560.417044
 
Some Information About the Atomic Calculations:
----------------------------------------------
  Time(sec) = "Elapsed User Time", in Seconds, for Atom A by AIMInt and, if used, by TWOe
  NProc = Number of Processors Used for AIMInt Job
  BIM = Basin Integration Method
  OAQ = Angular Quadrature Outside of Beta Sphere
  ORQ = Multiple of Default for Radial Quadrature Outside of Beta Sphere
  IAQ = Multiple of Default for Angular Quadrature Inside of Beta Sphere
  IRQ = Multiple of Default for Radial Quadrature Inside of Beta Sphere
  MIR = Maximum Integration Radius
------------------------------------------------------------------------------------------------------
Atom A     Time(sec)   NProc      BIM          OAQ                     ORQ      IAQ      IRQ      MIR
------------------------------------------------------------------------------------------------------
c1             56        8     Proaim(5)    4500(GS4)                  1.00     1.00     1.00    13.00
c2             51        8     Proaim(5)    4500(GS4)                  1.00     1.00     1.00    13.00
c3            146        8    Promega(1)    4500(GS4)                  1.00     1.00     1.00    13.00
c4             40        8     Proaim(5)    4500(GS4)                  1.00     1.00     1.00    13.00
c5             39        8     Proaim(5)    4500(GS4)                  1.00     1.00     1.00    13.00
c6             56        8     Proaim(5)    4500(GS4)                  1.00     1.00     1.00    13.00
c7             39        8     Proaim(5)    5400(GS5)                  1.00     1.00     1.00    13.00
h8              8        8     Proaim(5)    1800(GS4)                  1.00     1.00     1.00    13.00
h9             19        8     Proaim(5)    1800(GS4)                  1.00     1.00     1.00    13.00
h10            10        8     Proaim(5)    1800(GS4)                  1.00     1.00     1.00    13.00
h11            11        8     Proaim(5)    1800(GS4)                  1.00     1.00     1.00    13.00
h12             9        8     Proaim(5)    1800(GS4)                  1.00     1.00     1.00    13.00
h13             8        8     Proaim(5)    1800(GS4)                  1.00     1.00     1.00    13.00
h14            12        8     Proaim(5)    1800(GS4)                  1.00     1.00     1.00    13.00
c15           130        8    Promega(1)    4500(GS4)                  1.00     1.00     1.00    13.00
h16            20        8     Proaim(5)    4500(GS4)                  1.00     1.00     1.00    13.00
h17             8        8     Proaim(5)    1800(GS4)                  1.00     1.00     1.00    13.00
n18            21        8     Proaim(5)    2700(GS4)                  1.00     1.00     1.00    13.00
------------------------------------------------------------------------------------------------------
Total         683
Note:  Total wall clock time is less than total of atomic times if more than one atom
       was calculated at a time
 
Electron Density Critical Point Analysis of Molecular Structure:               
---------------------------------------------------------------                
  NACP = Nuclear Attractor Critical Point                                      
  NNACP = Non-Nuclear Attractor Critical Point                                 
  BCP = Bond Critical Point                                                    
  RCP = Ring Critical Point                                                    
  CCP = Cage Critical Point                                                    
  Rho = Electron Density                                                       
  GradRho = Gradient of Electron Density                                       
  HessRho_EigVals = Eigenvalues of the Hessian of Rho, Ascending Order         
  HessRho_EigVecs = Eigenvectors of the Hessian of Rho                         
  DelSqRho = Laplacian of Rho = Trace of Hessian of Rho                        
  Bond Ellipticity = (HessRho_EigVal(1) / HessRho_EigVal(2)) - 1               
  V = Virial Field = Potential Energy Density = Trace of Stress Tensor         
  G = Lagrangian Form of Kinetic Energy Density                                
  K = Hamiltonian Form of Kinetic Energy Density                               
  L = K - G = Lagrangian Density = (-1/4)DelSqRho                              
  Vnuc = Electrostatic Potential from Nuclei                                   
  Ven = Electron-nuclear attractive contribution to Virial Field V             
  Vrep = V - Ven = Repulsive contribution to Virial Field V                    
  DelSqV = Laplacian of V                                                      
  DelSqVen = Laplacian of Ven                                                  
  DelSqVrep = Laplacian of Vrep                                                
  DelSqG = Laplacian of G                                                      
  DelSqK = Laplacian of K                                                      
  Stress_EigVals = Eigenvalues of Stress Tensor, Ascending Order               
  Stress_EigVecs = Eigenvectors of Stress Tensor                               
  -DivStress = Ehrenfest Force Density = Minus Divergence of Stress Tensor     
  ESP = Total Electrostatic Potential                                          
  ESPe = Electrostatic Potential from Electrons                                
  ESPn = Electrostatic Potential from Nuclei                                   
  BP = Bond Path                                                               
  BPL = Bond Path Length                                                       
  GBL = Geometric Bond Length                                                  
  GBL_I = Distance Between Nuclear Attractors                                  
  GBL_II = Distance Between Nuclei                                             
  GBL_III = Sum of Distances Between BCP and Nuclear Attractors                
  GBL_IV = Sum of Distances Between BCP and Nuclei                             

CP# 1      Coords = -4.27038457526021E-02  3.34227393467856E-01 -4.02581394677632E-01
           Type = (3,-3) NACP c1
           Rho =  1.2256999257E+02     Rho at Nucleus =  1.2256998426E+02
           GradRho = -4.0434322557E-13 -1.0182965582E-12 -5.3868021155E-13
           HessRho_EigVals = -3.2392035243E+05 -3.2391254634E+05 -3.2390317515E+05
           HessRho_EigVec1 =  4.4862743540E-01  8.8971990240E-01 -8.4450692577E-02
           HessRho_EigVec2 =  8.4844177096E-01 -4.5368871456E-01 -2.7260431321E-01
           HessRho_EigVec3 =  2.8085580910E-01 -5.0646278744E-02  9.5841273413E-01
           DelSqRho = -9.7173607392E+05
           Bond Ellipticity = NA
           V = -2.4296174801E+05
           G =  1.3864764391E+01
           K =  2.4294788324E+05
           L =  2.4293401848E+05
           Vnuc =  8.3786799040E+05
           Ven = -1.0269747335E+08
           Vrep =  1.0245451161E+08
           DelSqV =  2.3834682695E+10
           DelSqVen =  8.1418655232E+11
           DelSqVrep = -7.9035186963E+11
           DelSqG =  6.4224270542E+08
           DelSqK = -2.4476925400E+10
           Stress_EigVals = -8.0989479066E+04 -8.0987201691E+04 -8.0985067251E+04
           Stress_EigVec1 =  2.9640329233E-01 -5.7717054031E-02  9.5331727666E-01
           Stress_EigVec2 =  8.4267822795E-01 -4.5397109990E-01 -2.8948859147E-01
           Stress_EigVec3 =  4.4948692131E-01  8.8914508497E-01 -8.5921623819E-02
           -DivStress = -1.8798968565E+03 -1.4736901013E+03 -5.5894810513E+04
           ESP =  -1.6642078766E+01     ESP at Nucleus =  -1.6642085556E+01
           ESPe = -2.9310710698E+01     ESPe at Nucleus = -2.9310706107E+01
           ESPn =  1.2668631931E+01     ESPn at Nucleus =  1.2668620550E+01

CP# 2      Coords = -1.81165477224574E+00  1.34099486167947E+00  1.10623290461311E+00
           Type = (3,-3) NACP c2
           Rho =  1.2232900268E+02     Rho at Nucleus =  1.2232900179E+02
           GradRho = -1.0631495684E-11 -2.5619950605E-11 -1.5233148076E-11
           HessRho_EigVals = -3.2338695895E+05 -3.2338593264E+05 -3.2338463860E+05
           HessRho_EigVec1 =  4.1195713527E-01  9.0551691751E-01 -1.0163872692E-01
           HessRho_EigVec2 =  5.2744963191E-01 -1.4601678906E-01  8.3694443251E-01
           HessRho_EigVec3 =  7.4302638211E-01 -3.9839453990E-01 -5.3776722295E-01
           DelSqRho = -9.7015753020E+05
           Bond Ellipticity = NA
           V = -2.4255731967E+05
           G =  8.9685584558E+00
           K =  2.4254835111E+05
           L =  2.4253938255E+05
           Vnuc =  2.5605103705E+06
           Ven = -3.1322467998E+08
           Vrep =  3.1298212266E+08
           DelSqV =  2.3795752734E+10
           DelSqVen =  2.4840984658E+12
           DelSqVrep = -2.4603027131E+12
           DelSqG =  6.4130058218E+08
           DelSqK = -2.4437053316E+10
           Stress_EigVals = -8.0852879844E+04 -8.0852470282E+04 -8.0851969542E+04
           Stress_EigVec1 =  7.6990538897E-01 -4.1491599635E-01 -4.8486122551E-01
           Stress_EigVec2 =  4.7213354636E-01 -1.4082575295E-01  8.7020573528E-01
           Stress_EigVec3 =  4.2934322684E-01  8.9889533499E-01 -8.7473254695E-02
           -DivStress =  7.6120100122E+03 -3.8546413794E+03 -1.6254732643E+04
           ESP =  -1.5359903285E+01     ESP at Nucleus =  -1.5359904015E+01
           ESPe = -2.8326395760E+01     ESPe at Nucleus = -2.8326397176E+01
           ESPn =  1.2966492476E+01     ESPn at Nucleus =  1.2966493162E+01

CP# 3      Coords = -9.75389159254614E-01  1.14350425728790E+00  3.74182733705718E+00
           Type = (3,-3) NACP c3
           Rho =  1.2219248186E+02     Rho at Nucleus =  1.2219248162E+02
           GradRho = -4.3245445003E-09  1.5603660586E-09 -1.7091323912E-09
           HessRho_EigVals = -3.2301760542E+05 -3.2301548229E+05 -3.2301456790E+05
           HessRho_EigVec1 =  4.4431142516E-01  8.9268435320E-01 -7.5511608499E-02
           HessRho_EigVec2 =  1.1520927133E-01  2.6653310363E-02  9.9298359747E-01
           HessRho_EigVec3 =  8.8843355479E-01 -4.4989359474E-01 -9.1003143546E-02
           DelSqRho = -9.6904765561E+05
           Bond Ellipticity = NA
           V = -2.4227927950E+05
           G =  8.6828001323E+00
           K =  2.4227059670E+05
           L =  2.4226191390E+05
           Vnuc =  4.8811587530E+06
           Ven = -5.9644090240E+08
           Vrep =  5.9619862312E+08
           DelSqV =  2.3768528932E+10
           DelSqVen =  4.7300754801E+12
           DelSqVrep = -4.7063070167E+12
           DelSqG =  6.4054743652E+08
           DelSqK = -2.4409076368E+10
           Stress_EigVals = -8.0760229117E+04 -8.0759914070E+04 -8.0759136315E+04
           Stress_EigVec1 =  8.7005542192E-01 -4.4964656030E-01 -2.0204339534E-01
           Stress_EigVec2 =  2.1400285841E-01 -2.4697672335E-02  9.7652076351E-01
           Stress_EigVec3 =  4.4407920395E-01  8.9286504904E-01 -7.4737305456E-02
           -DivStress =  8.4482900097E+03 -3.0367276963E+03  3.4651612898E+03
           ESP =  -1.4877659930E+01     ESP at Nucleus =  -1.4877659926E+01
           ESPe = -2.7832952538E+01     ESPe at Nucleus = -2.7832953063E+01
           ESPn =  1.2955292608E+01     ESPn at Nucleus =  1.2955293137E+01

CP# 4      Coords =  1.29632633558862E+00  2.28366401259261E-02  3.81321089343179E+00
           Type = (3,-3) NACP c4
           Rho =  1.2314342426E+02     Rho at Nucleus =  1.2314341126E+02
           GradRho = -4.9098503041E-12 -3.1397107136E-13 -6.8394845343E-11
           HessRho_EigVals = -3.2539932130E+05 -3.2539128140E+05 -3.2538878489E+05
           HessRho_EigVec1 =  4.5425970267E-01  8.8679160872E-01 -8.5139680713E-02
           HessRho_EigVec2 =  8.4167983598E-01 -4.5853044994E-01 -2.8517517456E-01
           HessRho_EigVec3 =  2.9193008792E-01 -5.7883237506E-02  9.5468652163E-01
           DelSqRho = -9.7617938759E+05
           Bond Ellipticity = NA
           V = -2.4407093033E+05
           G =  1.3041713957E+01
           K =  2.4405788861E+05
           L =  2.4404484690E+05
           Vnuc =  6.7132109477E+05
           Ven = -8.2668778387E+07
           Vrep =  8.2424707457E+07
           DelSqV =  2.3943251266E+10
           DelSqVen =  6.5532981517E+11
           DelSqVrep = -6.3138656377E+11
           DelSqG =  6.4500853667E+08
           DelSqK = -2.4588259802E+10
           Stress_EigVals = -8.1358190200E+04 -8.1357402372E+04 -8.1355337753E+04
           Stress_EigVec1 =  2.2700146207E-01 -2.3671554863E-02  9.7360669354E-01
           Stress_EigVec2 =  8.6185788522E-01 -4.6064614025E-01 -2.1214645687E-01
           Stress_EigVec3 =  4.5351000199E-01  8.8726816181E-01 -8.4165831121E-02
           -DivStress =  6.2087601714E+04 -3.2388026377E+04 -3.2543304006E+03
           ESP =  -1.5262190413E+01     ESP at Nucleus =  -1.5262190170E+01
           ESPe = -2.7874051669E+01     ESPe at Nucleus = -2.7874042309E+01
           ESPn =  1.2611861255E+01     ESPn at Nucleus =  1.2611852140E+01

CP# 5      Coords =  2.10800321696166E+00 -6.18094609503780E-01  1.17728091382931E+00
           Type = (3,-3) NACP c5
           Rho =  1.2180068240E+02     Rho at Nucleus =  1.2180064826E+02
           GradRho = -3.3857361359E-11  1.0341949519E-11  3.2248870241E-11
           HessRho_EigVals = -3.2172536606E+05 -3.2171616208E+05 -3.2170931268E+05
           HessRho_EigVec1 =  2.7227413862E-01  9.5612380322E-01 -1.0813910652E-01
           HessRho_EigVec2 =  9.2262329577E-01 -2.2750778425E-01  3.1145860433E-01
           HessRho_EigVec3 = -2.7319049680E-01  1.8457378206E-01  9.4408658048E-01
           DelSqRho = -9.6515084082E+05
           Bond Ellipticity = NA
           V = -2.4131977471E+05
           G =  1.6032250848E+01
           K =  2.4130374246E+05
           L =  2.4128771020E+05
           Vnuc =  4.1181174385E+05
           Ven = -5.0158951423E+07
           Vrep =  4.9917631649E+07
           DelSqV =  2.3673039786E+10
           DelSqVen =  3.9746045101E+11
           DelSqVrep = -3.7378741122E+11
           DelSqG =  6.3748195867E+08
           DelSqK = -2.4310521745E+10
           Stress_EigVals = -8.0441400741E+04 -8.0440452178E+04 -8.0437921788E+04
           Stress_EigVec1 = -2.8031977445E-01  2.0607172655E-01  9.3752614234E-01
           Stress_EigVec2 =  9.1991141659E-01 -2.2131793577E-01  3.2369948553E-01
           Stress_EigVec3 =  2.7419666242E-01  9.5318036846E-01 -1.2752794005E-01
           -DivStress =  3.0295118872E+04 -1.0095923263E+04 -1.0909252217E+05
           ESP =  -1.5482674431E+01     ESP at Nucleus =  -1.5482676159E+01
           ESPe = -2.7918069699E+01     ESPe at Nucleus = -2.7918059982E+01
           ESPn =  1.2435395268E+01     ESPn at Nucleus =  1.2435383823E+01

CP# 6      Coords =  3.53694078812182E+00  5.66877502275768E+00 -1.76570530821406E-01
           Type = (3,-3) NACP c6
           Rho =  1.2213704336E+02     Rho at Nucleus =  1.2213702730E+02
           GradRho =  5.2439164122E-12  8.9333873632E-11 -2.9265478929E-12
           HessRho_EigVals = -3.2245191776E+05 -3.2245102394E+05 -3.2244631625E+05
           HessRho_EigVec1 =  9.5122175835E-01 -2.9389599641E-01  9.3820625266E-02
           HessRho_EigVec2 =  2.9456486931E-01  9.5560619272E-01  6.9528555756E-03
           HessRho_EigVec3 = -9.1698986927E-02  2.1022552713E-02  9.9556483871E-01
           DelSqRho = -9.6734925795E+05
           Bond Ellipticity = NA
           V = -2.4186381428E+05
           G =  1.3249898075E+01
           K =  2.4185056439E+05
           L =  2.4183731449E+05
           Vnuc =  6.0111409167E+05
           Ven = -7.3418297880E+07
           Vrep =  7.3176434066E+07
           DelSqV =  2.3726325362E+10
           DelSqVen =  5.8148727051E+11
           DelSqVrep = -5.5776094512E+11
           DelSqG =  6.3858280150E+08
           DelSqK = -2.4364908164E+10
           Stress_EigVals = -8.0622259048E+04 -8.0620945571E+04 -8.0620609664E+04
           Stress_EigVec1 = -5.6068974612E-03  1.1867001499E-02  9.9991386478E-01
           Stress_EigVec2 =  3.6730784696E-01  9.3005609284E-01 -8.9782929607E-03
           Stress_EigVec3 =  9.3008252766E-01 -3.6722586844E-01  9.5735719162E-03
           -DivStress =  6.1106559940E+04 -2.6016494941E+04 -4.0642264560E+04
           ESP =  -1.3520438540E+01     ESP at Nucleus =  -1.3520444688E+01
           ESPe = -2.4660812582E+01     ESPe at Nucleus = -2.4660806560E+01
           ESPn =  1.1140374042E+01     ESPn at Nucleus =  1.1140361872E+01

CP# 7      Coords =  2.73614622376337E+00  6.19040416104548E+00  2.13971929789498E+00
           Type = (3,-3) NACP c7
           Rho =  5.3438931366E-01     Rho at Nucleus =  5.3427116327E-01
           GradRho = -1.4160196453E-12  5.9414018844E-13 -2.4091596773E-12
           HessRho_EigVals = -1.4483048347E+01 -1.4425026935E+01 -1.4418981817E+01
           HessRho_EigVec1 = -2.9588948683E-01  2.4804811967E-01  9.2245408661E-01
           HessRho_EigVec2 =  5.0481296394E-01  8.6043089481E-01 -6.9444558432E-02
           HessRho_EigVec3 = -8.1093358731E-01  4.4511886680E-01 -3.7981036241E-01
           DelSqRho = -4.3327057099E+01
           Bond Ellipticity = NA
           V = -1.0861004633E+01
           G =  1.4620179114E-02
           K =  1.0846384454E+01
           L =  1.0831764275E+01
           Vnuc =  1.4957972911E+03
           Ven = -7.9933808775E+02
           Vrep =  7.8847708312E+02
           DelSqV =  2.9481721467E+03
           DelSqVen =  6.4808494642E+04
           DelSqVrep = -6.1860322495E+04
           DelSqG =  3.0602576146E+02
           DelSqK = -3.2541979082E+03
           Stress_EigVals = -3.6314868595E+00 -3.6210957325E+00 -3.6084220410E+00
           Stress_EigVec1 =  9.0952145836E-01 -2.7837203509E-01 -3.0867414349E-01
           Stress_EigVec2 =  3.4845427828E-01  1.0578219294E-01  9.3133760989E-01
           Stress_EigVec3 =  2.2660611802E-01  9.5463036707E-01 -1.9321110097E-01
           -DivStress =  1.9515372232E+00 -8.8769316196E-01  2.8043440644E+00
           ESP =  -1.4819697941E+00     ESP at Nucleus =  -1.4816486432E+00
           ESPe = -1.3790379683E+01     ESPe at Nucleus = -1.3786745369E+01
           ESPn =  1.2308409889E+01     ESPn at Nucleus =  1.2305096726E+01

CP# 8      Coords =  2.40740111107875E+00 -3.79830789405305E-01  5.48870232771122E+00
           Type = (3,-3) NACP h8
           Rho =  7.4338412779E-01     Rho at Nucleus =  7.4254218036E-01
           GradRho = -9.5447686213E-12  6.9112285339E-12  2.9136630608E-11
           HessRho_EigVals = -2.0010045567E+01 -2.0004823748E+01 -1.9970985285E+01
           HessRho_EigVec1 =  4.0540457108E-01  9.0755653882E-01  1.0949092471E-01
           HessRho_EigVec2 = -3.2444258558E-01  3.0871492529E-02  9.4540148065E-01
           HessRho_EigVec3 =  8.5462514731E-01 -4.1879360047E-01  3.0696543420E-01
           DelSqRho = -5.9985854600E+01
           Bond Ellipticity = NA
           V = -1.5049960844E+01
           G =  2.6748596809E-02
           K =  1.5023212247E+01
           L =  1.4996463650E+01
           Vnuc =  1.2099087376E+02
           Ven = -8.9942695157E+01
           Vrep =  7.4892734313E+01
           DelSqV =  4.0761037987E+03
           DelSqVen =  7.2577409616E+03
           DelSqVrep = -3.1816371630E+03
           DelSqG =  4.2557855109E+02
           DelSqK = -4.5016823498E+03
           Stress_EigVals = -5.0434233368E+00 -5.0056299189E+00 -5.0009075879E+00
           Stress_EigVec1 =  4.5357145648E-01 -1.3795219236E-01  8.8047835095E-01
           Stress_EigVec2 =  4.3364375182E-01  8.9727167665E-01 -8.2804799343E-02
           Stress_EigVec3 =  7.7860518260E-01 -4.1937182895E-01 -4.6679892750E-01
           -DivStress = -2.0397312518E+00  7.7110737984E-03 -1.2182150333E+01
           ESP =  -1.3665915645E+00     ESP at Nucleus =  -1.3644492349E+00
           ESPe = -1.3246073917E+01     ESPe at Nucleus = -1.3265100983E+01
           ESPn =  1.1879482353E+01     ESPn at Nucleus =  1.1900651748E+01

CP# 9      Coords = -1.03825649422461E-01  2.09247903878209E-01 -2.44005312686345E+00
           Type = (3,-3) NACP h9
           Rho =  1.2264552820E+02     Rho at Nucleus =  1.2264552685E+02
           GradRho = -6.3327121325E-13  2.2772894681E-12 -6.9055872132E-12
           HessRho_EigVals = -3.2400538191E+05 -3.2400408217E+05 -3.2399806541E+05
           HessRho_EigVec1 =  3.9727194462E-01  9.1751752237E-01  1.8346611883E-02
           HessRho_EigVec2 = -5.3695200478E-01  2.1618700857E-01  8.1544204079E-01
           HessRho_EigVec3 =  7.4421606176E-01 -3.3380349530E-01  5.7854790636E-01
           DelSqRho = -9.7200752949E+05
           Bond Ellipticity = NA
           V = -2.4303539544E+05
           G =  1.6756533896E+01
           K =  2.4301863891E+05
           L =  2.4300188237E+05
           Vnuc =  3.4692730106E+05
           Ven = -4.2549082084E+07
           Vrep =  4.2306046689E+07
           DelSqV =  2.3841356128E+10
           DelSqVen =  3.3721594726E+11
           DelSqVrep = -3.1337459114E+11
           DelSqG =  6.4222437066E+08
           DelSqK = -2.4483580499E+10
           Stress_EigVals = -8.1012981598E+04 -8.1011377319E+04 -8.1011036523E+04
           Stress_EigVec1 =  7.2262751123E-01 -3.2011776834E-01  6.1264516190E-01
           Stress_EigVec2 = -5.6588115012E-01  2.3503292242E-01  7.9027719777E-01
           Stress_EigVec3 =  3.9697355573E-01  9.1776039344E-01  1.1307355136E-02
           -DivStress =  1.5255778105E+04 -1.4121660226E+04 -9.2572184151E+03
           ESP =  -1.4713292772E+01     ESP at Nucleus =  -1.4713293418E+01
           ESPe = -2.6704252203E+01     ESPe at Nucleus = -2.6704249371E+01
           ESPn =  1.1990959431E+01     ESPn at Nucleus =  1.1990955953E+01

CP# 10     Coords = -2.02316047865984E+00  1.82860003687952E+00  5.32006740980040E+00
           Type = (3,-3) NACP h10
           Rho =  4.4051619455E-01     Rho at Nucleus =  4.3706133066E-01
           GradRho =  3.2493008852E-09 -2.1793567888E-09 -4.9644973488E-09
           HessRho_EigVals = -9.0481246808E+00 -9.0441350667E+00 -8.3034160804E+00
           HessRho_EigVec1 =  7.0303981388E-01 -3.5632000609E-01  6.1544380195E-01
           HessRho_EigVec2 = -4.9075429969E-01 -8.6941560587E-01  5.7242655508E-02
           HessRho_EigVec3 = -5.1467974259E-01  3.4227555790E-01  7.8609936079E-01
           DelSqRho = -2.6395675828E+01
           Bond Ellipticity = NA
           V = -6.6118100462E+00
           G =  6.4455446233E-03
           K =  6.6053645016E+00
           L =  6.5989189570E+00
           Vnuc =  4.7738363795E+01
           Ven = -2.1029522353E+01
           Vrep =  1.4417712307E+01
           DelSqV =  1.7199841176E+03
           DelSqVen =  1.2600863909E+03
           DelSqVrep =  4.5989772667E+02
           DelSqG =  1.3229498513E+02
           DelSqK = -1.8522791027E+03
           Stress_EigVals = -2.2669922006E+00 -2.2668126924E+00 -2.0780051532E+00
           Stress_EigVec1 =  3.1537722668E-01  9.2811340729E-01 -1.9784516193E-01
           Stress_EigVec2 =  7.9732015225E-01 -1.4609973891E-01  5.8560689981E-01
           Stress_EigVec3 = -5.1460448861E-01  3.4243301462E-01  7.8608005369E-01
           -DivStress = -8.1573607182E+00  5.4772097135E+00  1.2467726413E+01
           ESP =  -1.0728407566E+00     ESP at Nucleus =  -1.0731095698E+00
           ESPe = -1.3609407865E+01     ESPe at Nucleus = -1.3535767879E+01
           ESPn =  1.2536567108E+01     ESPn at Nucleus =  1.2462658309E+01

CP# 11     Coords = -3.54061560773966E+00  2.19443020760068E+00  5.24261344485259E-01
           Type = (3,-3) NACP h11
           Rho =  4.3616680349E-01     Rho at Nucleus =  4.3271498120E-01
           GradRho =  2.0903417886E-15 -1.7958724785E-15  2.3592239273E-16
           HessRho_EigVals = -8.9413401235E+00 -8.9365155917E+00 -8.2003988163E+00
           HessRho_EigVec1 = -2.0288539259E-01  2.4679246343E-01  9.4759221054E-01
           HessRho_EigVec2 =  4.7615125901E-01  8.7046832773E-01 -1.2475924401E-01
           HessRho_EigVec3 =  8.5563864804E-01 -4.2588539587E-01  2.9411585059E-01
           DelSqRho = -2.6078254532E+01
           Bond Ellipticity = NA
           V = -6.5332991638E+00
           G =  6.8677654326E-03
           K =  6.5264313983E+00
           L =  6.5195636329E+00
           Vnuc =  4.7548665794E+01
           Ven = -2.0739149570E+01
           Vrep =  1.4205850406E+01
           DelSqV =  1.6987616217E+03
           DelSqVen =  1.2399862092E+03
           DelSqVrep =  4.5877541251E+02
           DelSqG =  1.3043885293E+02
           DelSqK = -1.8292004746E+03
           Stress_EigVals = -2.2408347177E+00 -2.2400501482E+00 -2.0524142978E+00
           Stress_EigVec1 =  4.4892454199E-01  8.9348570282E-01 -1.2249671705E-02
           Stress_EigVec2 = -2.5785126132E-01  1.4265643472E-01  9.5559503382E-01
           Stress_EigVec3 =  8.5555799490E-01 -4.2583146959E-01  2.9442839007E-01
           -DivStress = -1.3487238743E+01  6.7547769744E+00 -4.6148093639E+00
           ESP =  -1.5051035217E+00     ESP at Nucleus =  -1.5039962199E+00
           ESPe = -1.4049411365E+01     ESPe at Nucleus = -1.3973899518E+01
           ESPn =  1.2544307843E+01     ESPn at Nucleus =  1.2469903298E+01

CP# 12     Coords =  2.28518464279057E+00  5.78236324918123E+00 -1.78542709860740E+00
           Type = (3,-3) NACP h12
           Rho =  5.0488416599E-01     Rho at Nucleus =  5.0482613598E-01
           GradRho =  1.9444862387E-12  1.7263013935E-13  3.4481237310E-12
           HessRho_EigVals = -1.3862314249E+01 -1.3837919995E+01 -1.3809676070E+01
           HessRho_EigVec1 =  8.6721971638E-01 -3.1811327089E-01 -3.8305862529E-01
           HessRho_EigVec2 =  2.1668377048E-01  9.3375099822E-01 -2.8488105752E-01
           HessRho_EigVec3 =  4.4830581877E-01  1.6405188266E-01  8.7869725882E-01
           DelSqRho = -4.1509910315E+01
           Bond Ellipticity = NA
           V = -1.0428708495E+01
           G =  2.5615457946E-02
           K =  1.0403093037E+01
           L =  1.0377477579E+01
           Vnuc =  3.5720846373E+02
           Ven = -1.8034889729E+02
           Vrep =  1.6992018880E+02
           DelSqV =  2.8341615564E+03
           DelSqVen =  1.4827691294E+04
           DelSqVrep = -1.1993529738E+04
           DelSqG =  2.9901658521E+02
           DelSqK = -3.1331781416E+03
           Stress_EigVals = -3.4930380597E+00 -3.4689977429E+00 -3.4666726920E+00
           Stress_EigVec1 =  6.9828624180E-01 -1.2127957214E-01  7.0546976540E-01
           Stress_EigVec2 =  2.7023954149E-01  9.5727645001E-01 -1.0291932993E-01
           Stress_EigVec3 =  6.6284758031E-01 -2.6251297804E-01 -7.0122751061E-01
           -DivStress = -6.4220033002E-01 -3.0643459575E-01 -1.7396573966E+00
           ESP =  -3.7266893564E-01     ESP at Nucleus =  -3.7425499485E-01
           ESPe = -1.2555388988E+01     ESPe at Nucleus = -1.2550648005E+01
           ESPn =  1.2182720052E+01     ESPn at Nucleus =  1.2176393010E+01

CP# 13     Coords =  5.47891311067175E+00  5.13123350153995E+00 -5.04955087520889E-01
           Type = (3,-3) NACP h13
           Rho =  5.1961508974E-01     Rho at Nucleus =  5.1954143443E-01
           GradRho = -6.7057817632E-12  2.3450182768E-12  2.6250703000E-12
           HessRho_EigVals = -1.4090828171E+01 -1.4066688061E+01 -1.4029053157E+01
           HessRho_EigVec1 =  4.2402028402E-01  4.5591403458E-02  9.0450440722E-01
           HessRho_EigVec2 =  2.9939099250E-01  9.3552479493E-01 -1.8750571107E-01
           HessRho_EigVec3 =  8.5473494860E-01 -3.5030669706E-01 -3.8303183372E-01
           DelSqRho = -4.2186569389E+01
           Bond Ellipticity = NA
           V = -1.0599081911E+01
           G =  2.6219781949E-02
           K =  1.0572862129E+01
           L =  1.0546642347E+01
           Vnuc =  3.2002099840E+02
           Ven = -1.6628773980E+02
           Vrep =  1.5568865789E+02
           DelSqV =  2.8773562239E+03
           DelSqVen =  1.3500588056E+04
           DelSqVrep = -1.0623231832E+04
           DelSqG =  3.0014831383E+02
           DelSqK = -3.1775045377E+03
           Stress_EigVals = -3.5482159721E+00 -3.5260824393E+00 -3.5247834997E+00
           Stress_EigVec1 =  9.7786752714E-01 -2.0471686686E-01 -4.3198423482E-02
           Stress_EigVec2 =  1.9574504997E-01  9.6806460030E-01 -1.5663589963E-01
           Stress_EigVec3 =  7.3884875170E-02  1.4471328227E-01  9.8671125014E-01
           -DivStress =  1.7959565590E+00 -7.4053573793E-01 -1.0354383232E+00
           ESP =  -2.2550223839E-01     ESP at Nucleus =  -2.2691979140E-01
           ESPe = -1.1560073957E+01     ESPe at Nucleus = -1.1553882934E+01
           ESPn =  1.1334571718E+01     ESPn at Nucleus =  1.1326963143E+01

CP# 14     Coords =  3.96588124632869E+00  6.09622860696261E+00  3.76901799714070E+00
           Type = (3,-3) NACP h14
           Rho =  4.2676626062E-01     Rho at Nucleus =  4.2657973634E-01
           GradRho = -1.0138693704E-11 -1.7715256345E-12 -2.9671053808E-11
           HessRho_EigVals = -1.0973365460E+01 -1.0958974042E+01 -1.0916231042E+01
           HessRho_EigVec1 =  9.6459035150E-01 -2.4535484676E-01  9.6780436935E-02
           HessRho_EigVec2 =  2.5759705854E-01  9.5517672475E-01 -1.4588070441E-01
           HessRho_EigVec3 = -5.6649882895E-02  1.6564547583E-01  9.8455693949E-01
           DelSqRho = -3.2848570544E+01
           Bond Ellipticity = NA
           V = -8.2167831158E+00
           G =  2.3202399421E-03
           K =  8.2144628758E+00
           L =  8.2121426359E+00
           Vnuc =  1.8352443614E+02
           Ven = -7.8322037344E+01
           Vrep =  7.0105254228E+01
           DelSqV =  2.2233594628E+03
           DelSqVen =  6.0285153888E+03
           DelSqVrep = -3.8051559260E+03
           DelSqG =  2.1254582685E+02
           DelSqK = -2.4359052897E+03
           Stress_EigVals = -2.7454041583E+00 -2.7404847718E+00 -2.7308941857E+00
           Stress_EigVec1 =  9.5127696493E-01 -2.3575554551E-01  1.9872458014E-01
           Stress_EigVec2 =  2.6566031225E-01  9.5382908593E-01 -1.4012377859E-01
           Stress_EigVec3 = -1.5651432677E-01  1.8608975683E-01  9.6998652976E-01
           -DivStress =  1.2947736302E+00  2.2782215111E-01  3.7365284017E+00
           ESP =   1.0708479202E+00     ESP at Nucleus =   1.0642461517E+00
           ESPe = -1.1214623893E+01     ESPe at Nucleus = -1.1207507179E+01
           ESPn =  1.2285471813E+01     ESPn at Nucleus =  1.2271753331E+01

CP# 15     Coords =  1.76301442449147E-01  6.92401827296653E+00  2.62525575017017E+00
           Type = (3,-3) NACP c15
           Rho =  1.2312875121E+02     Rho at Nucleus =  1.2312875090E+02
           GradRho = -7.0524226459E-09  2.4834958534E-09  1.5752767979E-09
           HessRho_EigVals = -3.2567347404E+05 -3.2567329789E+05 -3.2566698306E+05
           HessRho_EigVec1 =  1.2835650266E-01  2.5865470621E-03  9.9172471886E-01
           HessRho_EigVec2 =  2.5859111215E-01  9.6531632619E-01 -3.5986485165E-02
           HessRho_EigVec3 =  9.5742114294E-01 -2.6107029738E-01 -1.2323576951E-01
           DelSqRho = -9.7701375499E+05
           Bond Ellipticity = NA
           V = -2.4427297161E+05
           G =  9.7664331728E+00
           K =  2.4426320518E+05
           L =  2.4425343875E+05
           Vnuc =  4.3573873715E+06
           Ven = -5.3651966559E+08
           Vrep =  5.3627539262E+08
           DelSqV =  2.3964069061E+10
           DelSqVen =  4.2572273091E+12
           DelSqVrep = -4.2332632400E+12
           DelSqG =  6.4617517132E+08
           DelSqK = -2.4610244232E+10
           Stress_EigVals = -8.1425886710E+04 -8.1423563508E+04 -8.1423521396E+04
           Stress_EigVec1 =  9.5314064232E-01 -2.6416320298E-01 -1.4744734029E-01
           Stress_EigVec2 =  2.6433781624E-01  9.6424748163E-01 -1.8770004638E-02
           Stress_EigVec3 =  1.4713407109E-01 -2.1085453663E-02  9.8889178820E-01
           -DivStress =  9.8279415533E+03 -3.5383165111E+03 -2.2736336208E+03
           ESP =  -1.3544358131E+01     ESP at Nucleus =  -1.3544357167E+01
           ESPe = -2.6105431228E+01     ESPe at Nucleus = -2.6105430110E+01
           ESPn =  1.2561073096E+01     ESPn at Nucleus =  1.2561072943E+01

CP# 16     Coords =  3.89569147777095E+00  2.94477312890370E-01  6.78384237829963E-01
           Type = (3,-3) NACP h16
           Rho =  4.9388297008E-01     Rho at Nucleus =  4.9385830418E-01
           GradRho = -5.0783335870E-13 -2.2522608778E-13  2.4520316333E-13
           HessRho_EigVals = -1.3161657720E+01 -1.3160486801E+01 -1.3153229482E+01
           HessRho_EigVec1 =  7.0555193765E-01  6.9461900432E-01  1.4035990210E-01
           HessRho_EigVec2 =  6.9021135205E-01 -7.1846931274E-01  8.6082147725E-02
           HessRho_EigVec3 = -1.6063857814E-01 -3.6142571675E-02  9.8635133787E-01
           DelSqRho = -3.9475374003E+01
           Bond Ellipticity = NA
           V = -9.9164981850E+00
           G =  2.3827342101E-02
           K =  9.8926708429E+00
           L =  9.8688435008E+00
           Vnuc =  5.2945256993E+02
           Ven = -2.6148760776E+02
           Vrep =  2.5157110957E+02
           DelSqV =  2.6922472003E+03
           DelSqVen =  2.0900338215E+04
           DelSqVrep = -1.8208091015E+04
           DelSqG =  2.8087418763E+02
           DelSqK = -2.9731213879E+03
