AIMSum (Version 19.02.13, Professional)
Copyright (c) 1997-2019 by Todd A. Keith
AIMSum is a component of the AIMAll package ( http://aim.tkgristmill.com )

TP:  64-bit Linux

Much of the Quantum Theory of Atoms in Molecules (QTAIM) is described in the book:
  "Atoms in Molecules - A Quantum Theory"
  R.F.W. Bader, Oxford University Press, Oxford, 1990

For additional references see:  http://aim.tkgristmill.com/references.html

Wfn File:  /home/mhennefarth/Documents/DielsAlder/DielsAlder_QTAIM/reactionC/reactC_endoc-10MVc/reactC_endoc-10MVc.wfn
Sum File:  /home/mhennefarth/Documents/DielsAlder/DielsAlder_QTAIM/reactionC/reactC_endoc-10MVc/reactC_endoc-10MVc.sum

SumViz File:  /home/mhennefarth/Documents/DielsAlder/DielsAlder_QTAIM/reactionC/reactC_endoc-10MVc/reactC_endoc-10MVc.sumviz

Wfn Title:  SCF/DFT density                                                                
 
Total memory allocated for AIMSum =        0.993 Megabytes

Atomic units (a.u.) used throughout, except where stated otherwise

Model:  Restricted SCF
 
Restricted, closed-shell, single-determinant wavefunction.
  Number of electrons (from MO Occs)                   =          64.0000000000
  Number of Alpha electrons (from MO Occs)             =          32.0000000000
  Number of Beta electrons (from MO Occs)              =          32.0000000000
  Number of electron pairs (N*(N-1)/2)                 =        2016.0000000000
  Number of electron pairs (from Muller 2EDM)          =        2016.0000000000
 
Nuclear Charges and Cartesian Coordinates:
-------------------------------------------------------------------------------
Atom      Charge                X                  Y                  Z
-------------------------------------------------------------------------------
c1         6.0           4.9960701000E-01  -6.6298000000E-04  -5.6686736000E-01
c2         6.0          -1.6320180900E+00   1.0358919000E+00   3.3807507000E-01
c3         6.0          -1.4159698400E+00   1.3072414100E+00   3.0845365200E+00
c4         6.0           8.4329618000E-01   4.3144956000E-01   3.8307261100E+00
c5         6.0           2.2728694900E+00  -5.1177490000E-01   1.5777160400E+00
c6         6.0           2.5751360200E+00   5.7099442700E+00  -3.4031922000E-01
c7         6.0           3.0346015200E+00   5.9698937900E+00   2.1124471900E+00
h8         1.0           1.5608107000E+00   3.7996723000E-01   5.7421999700E+00
h9         1.0           9.0887096000E-01  -4.5113679000E-01  -2.5160936700E+00
h10        1.0          -2.8531591900E+00   2.1174456800E+00   4.2900651600E+00
h11        1.0          -3.2618635500E+00   1.5920575200E+00  -7.6236149000E-01
h12        1.0           7.9728036000E-01   6.2890456900E+00  -1.1648855100E+00
h13        1.0           3.9824935800E+00   4.9032338400E+00  -1.5843419900E+00
h14        1.0           4.8039438600E+00   5.3949099900E+00   2.9624979000E+00
c15        6.0           1.2031141100E+00   7.0354633600E+00   3.8000955900E+00
h16        1.0           4.0889973400E+00   4.5393960000E-01   1.3393358100E+00
h17        1.0           2.7168525400E+00  -2.5287424200E+00   1.7339300500E+00
n18        7.0          -2.3623985000E-01   7.9069153600E+00   5.1714687100E+00
 
Some Atomic Properties:
----------------------
  q(A) = Net Charge of Atom A
  L(A) = Lagrangian of Atom A = -(1/4) Times Atomic Integral of the Laplacian of the Electron Density
  K(A) = Electronic Kinetic Energy of Atom A (Hamiltonian Form)
  K_Scaled(A) = K(A) * E(Mol)/K(Mol) = Approximation to Virial-Based Total Energy of Atom A.
  |Mu_Intra(A)| = Magnitude of Intraatomic Dipole Moment of Atom A
--------------------------------------------------------------------------------------------------
Atom A          q(A)              L(A)              K(A)          K_Scaled(A)      |Mu_Intra(A)|
--------------------------------------------------------------------------------------------------
c1       -6.5893836500E-02 -1.1136932811E-05  3.7906393788E+01 -3.8099200870E+01  1.9014090099E-01
c2       -5.8540804500E-02 -1.8557230198E-04  3.7906666876E+01 -3.8099475346E+01  1.6650191737E-01
c3       -5.3069539600E-02 -1.5505813409E-04  3.7907039444E+01 -3.8099849809E+01  1.6944571195E-01
c4       -6.7443867400E-02  1.8786041524E-05  3.7907021059E+01 -3.8099831331E+01  1.8466246926E-01
c5       -1.0555729800E-02  5.5437588755E-05  3.7863538168E+01 -3.8056127268E+01  1.5189204106E-01
c6        1.3369292900E-02  1.0539286978E-04  3.7850406472E+01 -3.8042928779E+01  1.8138644303E-01
c7        5.3286738500E-02 -1.7223638378E-04  3.7831919225E+01 -3.8024347499E+01  3.1402576056E-01
h8        4.4360392730E-02  1.8812235709E-05  5.9692514256E-01 -5.9996134260E-01  1.4140272556E-01
h9        5.3485040620E-02  1.9360039691E-05  5.9357263635E-01 -5.9659178421E-01  1.3921069458E-01
h10       4.3911229190E-02  1.9737009586E-05  5.9836039226E-01 -6.0140389256E-01  1.3880875389E-01
h11       4.1158079230E-02  1.7250837603E-05  5.9921015208E-01 -6.0225797459E-01  1.3965331199E-01
h12       7.3708239360E-02  1.6161806416E-05  5.8809876064E-01 -5.9109006618E-01  1.3439406341E-01
h13       7.4935387640E-02  2.4621374446E-05  5.8749136489E-01 -5.9047958097E-01  1.3227710786E-01
h14       9.2492569650E-02  2.9045315782E-05  5.8110631883E-01 -5.8406205801E-01  1.3144182758E-01
c15       9.7851026950E-01  1.3474464990E-05  3.7360106130E+01 -3.7550134574E+01  1.0535258788E+00
h16       4.1905660630E-02  2.2944884442E-05  5.9479248982E-01 -5.9781784234E-01  1.4307091705E-01
h17       5.5213871300E-02  2.4331741339E-05  5.8981075526E-01 -5.9281076869E-01  1.4123516050E-01
n18      -1.3108920681E+00 -2.0693004828E-05  5.5208372005E+01 -5.5489183869E+01  6.1311957699E-01
--------------------------------------------------------------------------------------------------
Total    -5.9074649999E-05 -1.5934054743E-04  3.6307083118E+02 -3.6491755466E+02
 
1st Largest |L(A)| = 1.8557230198E-04, atom c2      
2nd Largest |L(A)| = 1.7223638378E-04, atom c7      
 
Molecular charge q(Mol) from the wfn file:   0.0000000000E+00
Molecular energy E(Mol) from the wfn file:  -3.6491767837E+02
Molecular virial ratio (-V(Mol)/T(Mol)) from the wfn file:   2.0050864000E+00
Note.  K_Scaled(A) = (1+V(Mol)/T(Mol))*K(A) = (E(Mol)/T(Mol))*K(A)
       Only use K_Scaled(A) data with caution.
 
N_AIMInt(SumA)     =         64.000059
N_Analytic(Mol)    =         63.999992
 
G_AIMInt(SumA)     =        363.070991
G_Analytic(Mol)    =        363.070914
 
K_AIMInt(SumA)     =        363.070831
K_Analytic(Mol)    =        363.070914
 
L_AIMInt(SumA)     =         -0.000159
L_Analytic(Mol)    =          0.000000
 
VenT_AIMInt(SumA)  =      -1620.000447
VenT_Analytic(Mol) =      -1620.000225
 
Some Information About the Atomic Calculations:
----------------------------------------------
  Time(sec) = "Elapsed User Time", in Seconds, for Atom A by AIMInt and, if used, by TWOe
  NProc = Number of Processors Used for AIMInt Job
  BIM = Basin Integration Method
  OAQ = Angular Quadrature Outside of Beta Sphere
  ORQ = Multiple of Default for Radial Quadrature Outside of Beta Sphere
  IAQ = Multiple of Default for Angular Quadrature Inside of Beta Sphere
  IRQ = Multiple of Default for Radial Quadrature Inside of Beta Sphere
  MIR = Maximum Integration Radius
------------------------------------------------------------------------------------------------------
Atom A     Time(sec)   NProc      BIM          OAQ                     ORQ      IAQ      IRQ      MIR
------------------------------------------------------------------------------------------------------
c1             62        8     Proaim(5)    4500(GS4)                  1.00     1.00     1.00    13.00
c2             45        8     Proaim(5)    4500(GS4)                  1.00     1.00     1.00    13.00
c3             61        8     Proaim(5)    4500(GS4)                  1.00     1.00     1.00    13.00
c4             93        8     Proaim(5)    4500(GS4)                  1.00     1.00     1.00    13.00
c5             46        8     Proaim(5)    4500(GS4)                  1.00     1.00     1.00    13.00
c6             55        8     Proaim(5)    4500(GS4)                  1.00     1.00     1.00    13.00
c7             91        8     Proaim(5)    4500(GS4)                  1.00     1.00     1.00    13.00
h8             11        8     Proaim(5)    1800(GS4)                  1.00     1.00     1.00    13.00
h9              9        8     Proaim(5)    1800(GS4)                  1.00     1.00     1.00    13.00
h10            13        8     Proaim(5)    1800(GS4)                  1.00     1.00     1.00    13.00
h11            10        8     Proaim(5)    1800(GS4)                  1.00     1.00     1.00    13.00
h12            12        8     Proaim(5)    1800(GS4)                  1.00     1.00     1.00    13.00
h13            10        8     Proaim(5)    1800(GS4)                  1.00     1.00     1.00    13.00
h14            12        8     Proaim(5)    1800(GS4)                  1.00     1.00     1.00    13.00
c15            40        8     Proaim(5)    4500(GS4)                  1.00     1.00     1.00    13.00
h16            28        8     Proaim(5)    4500(GS4)                  1.00     1.00     1.00    13.00
h17            10        8     Proaim(5)    1800(GS4)                  1.00     1.00     1.00    13.00
n18            21        8     Proaim(5)    2700(GS4)                  1.00     1.00     1.00    13.00
------------------------------------------------------------------------------------------------------
Total         629
Note:  Total wall clock time is less than total of atomic times if more than one atom
       was calculated at a time
 
Electron Density Critical Point Analysis of Molecular Structure:               
---------------------------------------------------------------                
  NACP = Nuclear Attractor Critical Point                                      
  NNACP = Non-Nuclear Attractor Critical Point                                 
  BCP = Bond Critical Point                                                    
  RCP = Ring Critical Point                                                    
  CCP = Cage Critical Point                                                    
  Rho = Electron Density                                                       
  GradRho = Gradient of Electron Density                                       
  HessRho_EigVals = Eigenvalues of the Hessian of Rho, Ascending Order         
  HessRho_EigVecs = Eigenvectors of the Hessian of Rho                         
  DelSqRho = Laplacian of Rho = Trace of Hessian of Rho                        
  Bond Ellipticity = (HessRho_EigVal(1) / HessRho_EigVal(2)) - 1               
  V = Virial Field = Potential Energy Density = Trace of Stress Tensor         
  G = Lagrangian Form of Kinetic Energy Density                                
  K = Hamiltonian Form of Kinetic Energy Density                               
  L = K - G = Lagrangian Density = (-1/4)DelSqRho                              
  Vnuc = Electrostatic Potential from Nuclei                                   
  Ven = Electron-nuclear attractive contribution to Virial Field V             
  Vrep = V - Ven = Repulsive contribution to Virial Field V                    
  DelSqV = Laplacian of V                                                      
  DelSqVen = Laplacian of Ven                                                  
  DelSqVrep = Laplacian of Vrep                                                
  DelSqG = Laplacian of G                                                      
  DelSqK = Laplacian of K                                                      
  Stress_EigVals = Eigenvalues of Stress Tensor, Ascending Order               
  Stress_EigVecs = Eigenvectors of Stress Tensor                               
  -DivStress = Ehrenfest Force Density = Minus Divergence of Stress Tensor     
  ESP = Total Electrostatic Potential                                          
  ESPe = Electrostatic Potential from Electrons                                
  ESPn = Electrostatic Potential from Nuclei                                   
  BP = Bond Path                                                               
  BPL = Bond Path Length                                                       
  GBL = Geometric Bond Length                                                  
  GBL_I = Distance Between Nuclear Attractors                                  
  GBL_II = Distance Between Nuclei                                             
  GBL_III = Sum of Distances Between BCP and Nuclear Attractors                
  GBL_IV = Sum of Distances Between BCP and Nuclei                             

CP# 1      Coords =  4.99608252769486E-01 -6.63442063938346E-04 -5.66867222253153E-01
           Type = (3,-3) NACP c1
           Rho =  1.2219310339E+02     Rho at Nucleus =  1.2219310310E+02
           GradRho =  5.8540843284E-09 -2.1773445269E-09  6.4252247967E-10
           HessRho_EigVals = -3.2301563063E+05 -3.2301381369E+05 -3.2301265811E+05
           HessRho_EigVec1 =  3.8612609690E-01  9.1374330258E-01 -1.2641129020E-01
           HessRho_EigVec2 =  4.7291973580E-01 -7.8432454715E-02  8.7760769911E-01
           HessRho_EigVec3 =  7.9199340956E-01 -3.9864962943E-01 -4.6241205886E-01
           DelSqRho = -9.6904210243E+05
           Bond Ellipticity = NA
           V = -2.4227787289E+05
           G =  8.6736432231E+00
           K =  2.4226919925E+05
           L =  2.4226052561E+05
           Vnuc =  4.5010563717E+06
           Ven = -5.4999804659E+08
           Vrep =  5.4975576872E+08
           DelSqV =  2.3768383791E+10
           DelSqVen =  4.3617128284E+12
           DelSqVrep = -4.3379445757E+12
           DelSqG =  6.4053489099E+08
           DelSqK = -2.4408918682E+10
           Stress_EigVals = -8.0759771121E+04 -8.0759402543E+04 -8.0758699229E+04
           Stress_EigVec1 =  7.5001056291E-01 -3.9457080526E-01 -5.3084652693E-01
           Stress_EigVec2 =  5.3405032158E-01 -1.1224654495E-01  8.3796835690E-01
           Stress_EigVec3 =  3.9022353791E-01  9.1198387748E-01 -1.2653457108E-01
           -DivStress = -9.7240970003E+03  3.6156018086E+03 -1.0744803366E+03
           ESP =  -1.4758232283E+01     ESP at Nucleus =  -1.4758232294E+01
           ESPe = -2.7253358364E+01     ESPe at Nucleus = -2.7253358818E+01
           ESPn =  1.2495126081E+01     ESPn at Nucleus =  1.2495126524E+01

CP# 2      Coords = -1.63201899576196E+00  1.03589242546179E+00  3.38075848192204E-01
           Type = (3,-3) NACP c2
           Rho =  1.2219421845E+02     Rho at Nucleus =  1.2219421817E+02
           GradRho = -4.0576191296E-09  2.4002464460E-09  3.5071057169E-09
           HessRho_EigVals = -3.2301640302E+05 -3.2301448403E+05 -3.2301345491E+05
           HessRho_EigVec1 =  3.9562287802E-01  9.0910641332E-01 -1.3041498248E-01
           HessRho_EigVec2 =  2.6728084734E-01  2.1884655611E-02  9.6337013162E-01
           HessRho_EigVec3 =  8.7866005203E-01 -4.1598869109E-01 -2.3432866204E-01
           DelSqRho = -9.6904434196E+05
           Bond Ellipticity = NA
           V = -2.4227847605E+05
           G =  8.6952800100E+00
           K =  2.4226978077E+05
           L =  2.4226108549E+05
           Vnuc =  4.5989656977E+06
           Ven = -5.6196701911E+08
           Vrep =  5.6172474064E+08
           DelSqV =  2.3768436449E+10
           DelSqVen =  4.4566020014E+12
           DelSqVrep = -4.4328335691E+12
           DelSqG =  6.4053204648E+08
           DelSqK = -2.4408968496E+10
           Stress_EigVals = -8.0759953375E+04 -8.0759630782E+04 -8.0758891892E+04
           Stress_EigVec1 =  8.9346955271E-01 -4.1170704108E-01 -1.7946997162E-01
           Stress_EigVec2 =  2.1627114442E-01  4.4178606343E-02  9.7533329833E-01
           Stress_EigVec3 =  3.9362285309E-01  9.1024478195E-01 -1.2851259259E-01
           -DivStress =  7.0894772646E+03 -4.1127006019E+03 -6.0870861349E+03
           ESP =  -1.4767483984E+01     ESP at Nucleus =  -1.4767483989E+01
           ESPe = -2.7384360470E+01     ESPe at Nucleus = -2.7384361189E+01
           ESPn =  1.2616876486E+01     ESPn at Nucleus =  1.2616877199E+01

CP# 3      Coords = -1.41597086838088E+00  1.30724173205611E+00  3.08453575903523E+00
           Type = (3,-3) NACP c3
           Rho =  1.2219520404E+02     Rho at Nucleus =  1.2219520376E+02
           GradRho = -4.7420929405E-09  1.4633911860E-09 -3.4495534207E-09
           HessRho_EigVals = -3.2302064440E+05 -3.2301873028E+05 -3.2301769337E+05
           HessRho_EigVec1 =  4.0056438338E-01  9.0714861954E-01 -1.2895563900E-01
           HessRho_EigVec2 = -9.1231703273E-02  1.7952732122E-01  9.7951351050E-01
           HessRho_EigVec3 =  9.1171538930E-01 -3.8059338275E-01  1.5467296441E-01
           DelSqRho = -9.6905706805E+05
           Bond Ellipticity = NA
           V = -2.4228166811E+05
           G =  8.7005472468E+00
           K =  2.4227296756E+05
           L =  2.4226426701E+05
           Vnuc =  4.5481375671E+06
           Ven = -5.5576059801E+08
           Vrep =  5.5551831634E+08
           DelSqV =  2.3768752018E+10
           DelSqVen =  4.4074049828E+12
           DelSqVrep = -4.3836362310E+12
           DelSqG =  6.4054370736E+08
           DelSqK = -2.4409295726E+10
           Stress_EigVals = -8.0761019943E+04 -8.0760692935E+04 -8.0759955228E+04
           Stress_EigVec1 =  9.1613692334E-01 -3.8791521889E-01  1.0106889062E-01
           Stress_EigVec2 = -4.2631937348E-02  1.5641349524E-01  9.8677116720E-01
           Stress_EigVec3 =  3.9859209176E-01  9.0832626377E-01 -1.2675860099E-01
           -DivStress =  8.0487130005E+03 -2.5213736939E+03  5.9522389840E+03
           ESP =  -1.4774560281E+01     ESP at Nucleus =  -1.4774560289E+01
           ESPe = -2.7677569659E+01     ESPe at Nucleus = -2.7677570473E+01
           ESPn =  1.2903009379E+01     ESPn at Nucleus =  1.2903010184E+01

CP# 4      Coords =  8.43297435780211E-01  4.31449000707216E-01  3.83072595804284E+00
           Type = (3,-3) NACP c4
           Rho =  1.2218810000E+02     Rho at Nucleus =  1.2218809969E+02
           GradRho =  6.3708718301E-09 -2.8366193838E-09 -7.9503925665E-10
           HessRho_EigVals = -3.2300179878E+05 -3.2300012706E+05 -3.2299895506E+05
           HessRho_EigVec1 =  3.9690992624E-01  9.0950390515E-01 -1.2355224387E-01
           HessRho_EigVec2 = -3.0630233779E-01  2.5814187327E-01  9.1626505506E-01
           HessRho_EigVec3 =  8.6524065341E-01 -3.2583035428E-01  3.8104224426E-01
           DelSqRho = -9.6900088090E+05
           Bond Ellipticity = NA
           V = -2.4226758985E+05
           G =  8.6848113727E+00
           K =  2.4225890504E+05
           L =  2.4225022023E+05
           Vnuc =  4.3381872477E+06
           Ven = -5.3007485724E+08
           Vrep =  5.2983258965E+08
           DelSqV =  2.3767374608E+10
           DelSqVen =  4.2037073347E+12
           DelSqVrep = -4.1799399928E+12
           DelSqG =  6.4050657403E+08
           DelSqK = -2.4407881182E+10
           Stress_EigVals = -8.0756332828E+04 -8.0755962859E+04 -8.0755294161E+04
           Stress_EigVec1 =  8.3632688498E-01 -3.0479408991E-01  4.5569496840E-01
           Stress_EigVec2 = -3.7740084424E-01  2.8282471096E-01  8.8180427853E-01
           Stress_EigVec3 =  3.9765053027E-01  9.0945629121E-01 -1.2150436266E-01
           -DivStress = -9.8259354315E+03  4.3754137480E+03  1.1857525016E+03
           ESP =  -1.4767449230E+01     ESP at Nucleus =  -1.4767449244E+01
           ESPe = -2.7601922090E+01     ESPe at Nucleus = -2.7601922811E+01
           ESPn =  1.2834472860E+01     ESPn at Nucleus =  1.2834473568E+01

CP# 5      Coords =  2.27286926110400E+00 -5.11774740083367E-01  1.57771605242641E+00
           Type = (3,-3) NACP c5
           Rho =  1.2199602240E+02     Rho at Nucleus =  1.2199602239E+02
           GradRho = -1.6555645743E-12  2.6380675422E-11 -1.1940892719E-11
           HessRho_EigVals = -3.2245765329E+05 -3.2245722574E+05 -3.2245689233E+05
           HessRho_EigVec1 =  7.0289340367E-02  8.8055258135E-02  9.9363256798E-01
           HessRho_EigVec2 =  4.6236699503E-01  8.7975487848E-01 -1.1067120538E-01
           HessRho_EigVec3 =  8.8389828065E-01 -4.6720191064E-01 -2.1123544992E-02
           DelSqRho = -9.6737177136E+05
           Bond Ellipticity = NA
           V = -2.4186049022E+05
           G =  8.7736890572E+00
           K =  2.4185171653E+05
           L =  2.4184294284E+05
           Vnuc =  2.1466797826E+07
           Ven = -2.6188639484E+09
           Vrep =  2.6186220879E+09
           DelSqV =  2.3727423695E+10
           DelSqVen =  2.0766380786E+13
           DelSqVrep = -2.0742653362E+13
           DelSqG =  6.3935547080E+08
           DelSqK = -2.4366779165E+10
           Stress_EigVals = -8.0620269727E+04 -8.0620168390E+04 -8.0620052101E+04
           Stress_EigVec1 =  8.9225045543E-01 -4.5083622025E-01 -2.5215616129E-02
           Stress_EigVec2 =  4.4594724366E-01  8.8858501603E-01 -1.0746034223E-01
           Stress_EigVec3 =  7.0853233179E-02  8.4636704785E-02  9.9388955501E-01
           -DivStress =  1.7866605341E+03 -1.2487338088E+03 -9.6880598404E+01
           ESP =  -1.4746552638E+01     ESP at Nucleus =  -1.4746552635E+01
           ESPe = -2.7239977530E+01     ESPe at Nucleus = -2.7239977088E+01
           ESPn =  1.2493424892E+01     ESPn at Nucleus =  1.2493424452E+01

CP# 6      Coords =  2.57513600412805E+00  5.70994419789520E+00 -3.40319464093153E-01
           Type = (3,-3) NACP c6
           Rho =  1.2224010410E+02     Rho at Nucleus =  1.2224010409E+02
           GradRho =  5.1572079940E-11 -1.0907186265E-10 -3.3448799286E-11
           HessRho_EigVals = -3.2314530986E+05 -3.2314189454E+05 -3.2314139605E+05
           HessRho_EigVec1 =  3.7435116057E-01  9.1275253649E-01 -1.6353597678E-01
           HessRho_EigVec2 =  9.1098717749E-01 -3.9492797019E-01 -1.1888759739E-01
           HessRho_EigVec3 =  1.7309988744E-01  1.0447346784E-01  9.7934760095E-01
           DelSqRho = -9.6942860045E+05
           Bond Ellipticity = NA
           V = -2.4237444536E+05
           G =  8.6476237776E+00
           K =  2.4236579774E+05
           L =  2.4235715011E+05
           Vnuc =  2.3528068362E+07
           Ven = -2.8760735258E+09
           Vrep =  2.8758311514E+09
           DelSqV =  2.3777854780E+10
           DelSqVen =  2.2808809701E+13
           DelSqVrep = -2.2785031847E+13
           DelSqG =  6.4080057013E+08
           DelSqK = -2.4418655350E+10
           Stress_EigVals = -8.0791987147E+04 -8.0791788203E+04 -8.0790670009E+04
           Stress_EigVec1 =  1.6766308700E-01  1.0495805214E-01  9.8024124406E-01
           Stress_EigVec2 =  9.1180746252E-01 -3.9455917340E-01 -1.1371108112E-01
           Stress_EigVec3 =  3.7482828141E-01  9.1285643229E-01 -1.6185454421E-01
           -DivStress =  1.2463601039E+02  5.6519498683E+02  1.9136532946E+03
           ESP =  -1.4725946126E+01     ESP at Nucleus =  -1.4725946129E+01
           ESPe = -2.6151211556E+01     ESPe at Nucleus = -2.6151211851E+01
           ESPn =  1.1425265429E+01     ESPn at Nucleus =  1.1425265722E+01

CP# 7      Coords =  3.03459976695649E+00  5.96989499095431E+00  2.11244986373804E+00
           Type = (3,-3) NACP c7
           Rho =  1.2212153392E+02     Rho at Nucleus =  1.2212153204E+02
           GradRho =  6.0345950459E-11 -1.2022471907E-10  3.3892444407E-11
           HessRho_EigVals = -3.2282077279E+05 -3.2282058615E+05 -3.2281845216E+05
           HessRho_EigVec1 =  3.6524482583E-01  9.1701099465E-01 -1.6027180940E-01
           HessRho_EigVec2 =  7.8368308222E-01 -3.9580980639E-01 -4.7872270033E-01
           HessRho_EigVec3 =  5.0243113344E-01 -4.9248683724E-02  8.6321348651E-01
           DelSqRho = -9.6845981110E+05
           Bond Ellipticity = NA
           V = -2.4213255520E+05
           G =  8.8012143447E+00
           K =  2.4212375399E+05
           L =  2.4211495277E+05
           Vnuc =  1.7568085969E+06
           Ven = -2.1454416066E+08
           Vrep =  2.1430202811E+08
           DelSqV =  2.3754128306E+10
           DelSqVen =  1.7013985321E+12
           DelSqVrep = -1.6776444017E+12
           DelSqG =  6.4013922205E+08
           DelSqK = -2.4394267528E+10
           Stress_EigVals = -8.0711387952E+04 -8.0710720760E+04 -8.0710446492E+04
           Stress_EigVec1 =  4.9089803128E-01 -4.0203615027E-02  8.7028891308E-01
           Stress_EigVec2 =  7.8834283309E-01 -4.0472478103E-01 -4.6337180443E-01
           Stress_EigVec3 =  3.7085671141E-01  9.1355433389E-01 -1.6698436644E-01
           -DivStress =  1.3704774844E+04 -9.3887724382E+03 -2.0906363545E+04
           ESP =  -1.4713950644E+01     ESP at Nucleus =  -1.4713950663E+01
           ESPe = -2.7082017240E+01     ESPe at Nucleus = -2.7082016618E+01
           ESPn =  1.2368066596E+01     ESPn at Nucleus =  1.2368065955E+01

CP# 8      Coords =  1.55099644834424E+00  3.80601231591708E-01  5.71554392416940E+00
           Type = (3,-3) NACP h8
           Rho =  4.3905709342E-01     Rho at Nucleus =  4.3561849903E-01
           GradRho = -1.7095699856E-15  2.6931581965E-16 -3.8135727215E-15
           HessRho_EigVals = -9.0020930025E+00 -8.9966754151E+00 -8.2615065637E+00
           HessRho_EigVec1 =  8.4691998542E-01 -4.2332644078E-01 -3.2174720331E-01
           HessRho_EigVec2 =  4.0428063258E-01  9.0570738118E-01 -1.2748062514E-01
           HessRho_EigVec3 =  3.4537473622E-01 -2.2110273696E-02  9.3820436333E-01
           DelSqRho = -2.6260274981E+01
           Bond Ellipticity = NA
           V = -6.5784598620E+00
           G =  6.6955583258E-03
           K =  6.5717643036E+00
           L =  6.5650687453E+00
           Vnuc =  4.7541587801E+01
           Ven = -2.0873471357E+01
           Vrep =  1.4295011495E+01
           DelSqV =  1.7109853613E+03
           DelSqVen =  1.2484551687E+03
           DelSqVrep =  4.6253019260E+02
           DelSqG =  1.3138049497E+02
           DelSqK = -1.8423658563E+03
           Stress_EigVals = -2.2558600300E+00 -2.2553280335E+00 -2.0672717984E+00
           Stress_EigVec1 =  3.8972946659E-01  9.1281477002E-01 -1.2198417320E-01
           Stress_EigVec2 =  8.5338704904E-01 -4.0775535150E-01 -3.2475547395E-01
           Stress_EigVec3 =  3.4618129268E-01 -2.2467064039E-02  9.3789857854E-01
           -DivStress =  5.4565615794E+00 -3.5266024934E-01  1.4820593580E+01
           ESP =  -1.0986120938E+00     ESP at Nucleus =  -1.0999758574E+00
           ESPe = -1.3444338734E+01     ESPe at Nucleus = -1.3370870385E+01
           ESPn =  1.2345726640E+01     ESPn at Nucleus =  1.2270894527E+01

CP# 9      Coords =  9.03276939081485E-01 -4.44825058736036E-01 -2.48875297412754E+00
           Type = (3,-3) NACP h9
           Rho =  4.3837813659E-01     Rho at Nucleus =  4.3489820363E-01
           GradRho = -2.4556095005E-15  2.8813756936E-15  1.1889713389E-14
           HessRho_EigVals = -8.9872188114E+00 -8.9819629318E+00 -8.2409393102E+00
           HessRho_EigVec1 = -8.9031402169E-01  3.6935052170E-01 -2.6631022305E-01
           HessRho_EigVec2 =  4.1152900826E-01  9.0300256408E-01 -1.2341087727E-01
           HessRho_EigVec3 = -1.9489694235E-01  2.1946881645E-01  9.5595429832E-01
           DelSqRho = -2.6210121053E+01
           Bond Ellipticity = NA
           V = -6.5657616912E+00
           G =  6.6157139111E-03
           K =  6.5591459773E+00
           L =  6.5525302634E+00
           Vnuc =  4.6808627587E+01
           Ven = -2.0519878938E+01
           Vrep =  1.3954117247E+01
           DelSqV =  1.7070722565E+03
           DelSqVen =  1.2268597954E+03
           DelSqVrep =  4.8021246108E+02
           DelSqG =  1.3108347367E+02
           DelSqK = -1.8381557301E+03
           Stress_EigVals = -2.2520701983E+00 -2.2515864965E+00 -2.0621049965E+00
           Stress_EigVec1 =  4.1043900236E-01  9.0345430337E-01 -1.2373417902E-01
           Stress_EigVec2 = -8.9062202486E-01  3.6802648198E-01 -2.6711218128E-01
           Stress_EigVec3 = -1.9578619506E-01  2.1983364227E-01  9.5568872315E-01
           -DivStress =  3.1039755631E+00 -3.5024844751E+00 -1.5171920044E+01
           ESP =  -1.0841195761E+00     ESP at Nucleus =  -1.0854125694E+00
           ESPe = -1.2942336737E+01     ESPe at Nucleus = -1.2867173142E+01
           ESPn =  1.1858217160E+01     ESPn at Nucleus =  1.1781760573E+01

CP# 10     Coords = -2.83341423496160E+00  2.10611869590249E+00  4.27316322014988E+00
           Type = (3,-3) NACP h10
           Rho =  4.4048848801E-01     Rho at Nucleus =  4.3704996389E-01
           GradRho =  3.5875295790E-13 -2.0809395873E-13 -3.1019284363E-13
           HessRho_EigVals = -9.0395251561E+00 -9.0351566607E+00 -8.2976756334E+00
           HessRho_EigVec1 =  5.8481742877E-01 -1.6356361773E-01  7.9450331527E-01
           HessRho_EigVec2 =  4.1361885634E-01  9.0268966660E-01 -1.1862043453E-01
           HessRho_EigVec3 =  6.9778794536E-01 -3.9799285014E-01 -5.9556164630E-01
           DelSqRho = -2.6372357450E+01
           Bond Ellipticity = NA
           V = -6.6058462712E+00
           G =  6.3784543195E-03
           K =  6.5994678169E+00
           L =  6.5930893625E+00
           Vnuc =  4.7778210059E+01
           Ven = -2.1045751509E+01
           Vrep =  1.4439905238E+01
           DelSqV =  1.7184882142E+03
           DelSqVen =  1.2600240340E+03
           DelSqVrep =  4.5846418019E+02
           DelSqG =  1.3206011246E+02
           DelSqK = -1.8505483267E+03
           Stress_EigVals = -2.2649304036E+00 -2.2645512226E+00 -2.0763646450E+00
           Stress_EigVec1 =  3.9984286324E-01  9.0622978464E-01 -1.3737999185E-01
           Stress_EigVec2 =  5.9401524249E-01 -1.4205404151E-01  7.9181218794E-01
           Stress_EigVec3 =  6.9804840549E-01 -3.9820626154E-01 -5.9511359997E-01
           -DivStress = -1.1024731328E+01  6.3234634532E+00  9.4369954725E+00
           ESP =  -1.1115587322E+00     ESP at Nucleus =  -1.1129907372E+00
           ESPe = -1.3618964886E+01     ESPe at Nucleus = -1.3547343673E+01
           ESPn =  1.2507406154E+01     ESPn at Nucleus =  1.2434352936E+01

CP# 11     Coords = -3.23938686195945E+00  1.58448982853376E+00 -7.46928214381861E-01
           Type = (3,-3) NACP h11
           Rho =  4.4052149957E-01     Rho at Nucleus =  4.3709683430E-01
           GradRho =  6.1783680030E-09 -2.0816455554E-09  4.2411718625E-09
           HessRho_EigVals = -9.0377364611E+00 -9.0330955506E+00 -8.2981149431E+00
           HessRho_EigVec1 = -4.6277933905E-01  3.1299535252E-01  8.2937879925E-01
           HessRho_EigVec2 =  3.9334062630E-01  9.1095121865E-01 -1.2430216789E-01
           HessRho_EigVec3 =  7.9442962876E-01 -2.6870390123E-01  5.4468319087E-01
           DelSqRho = -2.6368946955E+01
           Bond Ellipticity = NA
           V = -6.6050760014E+00
           G =  6.4196313354E-03
           K =  6.5986563700E+00
           L =  6.5922367387E+00
           Vnuc =  4.7339215217E+01
           Ven = -2.0853942076E+01
           Vrep =  1.4248866074E+01
           DelSqV =  1.7183868608E+03
           DelSqVen =  1.2482852743E+03
           DelSqVrep =  4.7010158646E+02
           DelSqG =  1.3201634452E+02
           DelSqK = -1.8504032053E+03
           Stress_EigVals = -2.2644691013E+00 -2.2641246812E+00 -2.0764822189E+00
           Stress_EigVec1 =  3.7532295793E-01  9.2226852458E-01 -9.2484841062E-02
           Stress_EigVec2 = -4.7707157414E-01  2.7776221820E-01  8.3381704425E-01
           Stress_EigVec3 =  7.9469200977E-01 -2.6882879071E-01  5.4423863414E-01
           -DivStress = -1.2547669671E+01  4.2247476635E+00 -8.6156657764E+00
           ESP =  -1.0980030235E+00     ESP at Nucleus =  -1.0993445616E+00
           ESPe = -1.3096398089E+01     ESPe at Nucleus = -1.3022454767E+01
           ESPn =  1.1998395065E+01     ESPn at Nucleus =  1.1923110206E+01

CP# 12     Coords =  8.22530088860335E-01  6.28098345947620E+00 -1.15314083944626E+00
           Type = (3,-3) NACP h12
           Rho =  4.3872589212E-01     Rho at Nucleus =  4.3514926930E-01
           GradRho =  1.8821749714E-15  2.3904489499E-15  1.0889726620E-15
           HessRho_EigVals = -9.0030100472E+00 -9.0007465130E+00 -8.2427250200E+00
           HessRho_EigVec1 = -2.9369581372E-01  3.6129510176E-01  8.8499074484E-01
           HessRho_EigVec2 = -3.9389160795E-01 -8.8930751156E-01  2.3233930159E-01
           HessRho_EigVec3 =  8.7097196866E-01 -2.8035334727E-01  4.0349700183E-01
           DelSqRho = -2.6246481580E+01
           Bond Ellipticity = NA
           V = -6.5737104051E+00
           G =  6.0450050110E-03
           K =  6.5676654001E+00
           L =  6.5616203951E+00
           Vnuc =  4.6897674238E+01
           Ven = -2.0575223968E+01
           Vrep =  1.4001513563E+01
           DelSqV =  1.7082332144E+03
           DelSqVen =  1.2308989430E+03
           DelSqVrep =  4.7733427134E+02
           DelSqG =  1.3133222397E+02
           DelSqK = -1.8395654383E+03
           Stress_EigVals = -2.2556832213E+00 -2.2553995708E+00 -2.0626276130E+00
           Stress_EigVec1 =  3.3924570450E-01  9.3722726773E-01 -8.0730419315E-02
           Stress_EigVec2 = -3.5628087231E-01  2.0743862621E-01  9.1106155466E-01
           Stress_EigVec3 =  8.7061833888E-01 -2.8031101474E-01  4.0428881139E-01
           -DivStress = -1.4028764311E+01  4.4806705380E+00 -6.5264516779E+00
           ESP =  -1.0707027315E+00     ESP at Nucleus =  -1.0721430951E+00
           ESPe = -1.3475068898E+01     ESPe at Nucleus = -1.3412696087E+01
           ESPn =  1.2404366167E+01     ESPn at Nucleus =  1.2340552992E+01

CP# 13     Coords =  3.96262239083040E+00  4.91467377128204E+00 -1.56662219029038E+00
           Type = (3,-3) NACP h13
           Rho =  4.3825028536E-01     Rho at Nucleus =  4.3468034169E-01
           GradRho = -5.0659823558E-13  2.9062603019E-13  4.5320388067E-13
           HessRho_EigVals = -8.9936620843E+00 -8.9906591250E+00 -8.2350301170E+00
           HessRho_EigVec1 =  6.3588334291E-01 -7.7180039168E-02  7.6791641197E-01
           HessRho_EigVec2 =  3.5051567123E-01  9.1533303298E-01 -1.9825287629E-01
           HessRho_EigVec3 =  6.8759809368E-01 -3.9523243830E-01 -6.0909784212E-01
           DelSqRho = -2.6219351326E+01
           Bond Ellipticity = NA
           V = -6.5668956902E+00
           G =  6.0289292997E-03
           K =  6.5608667609E+00
           L =  6.5548378316E+00
           Vnuc =  4.6379810903E+01
           Ven = -2.0325965363E+01
           Vrep =  1.3759069673E+01
           DelSqV =  1.7064961810E+03
           DelSqVen =  1.2160485565E+03
           DelSqVrep =  4.9044762447E+02
           DelSqG =  1.3120246415E+02
           DelSqK = -1.8376986451E+03
           Stress_EigVals = -2.2532292505E+00 -2.2530382769E+00 -2.0606281628E+00
           Stress_EigVec1 =  4.2766028137E-01  8.9840230506E-01 -9.9899859890E-02
           Stress_EigVec2 =  5.8747283339E-01 -1.9224091911E-01  7.8607830338E-01
           Stress_EigVec3 =  6.8700971883E-01 -3.9486292215E-01 -6.1000075323E-01
           -DivStress =  1.1029567825E+01 -6.3489111585E+00 -9.8357839877E+00
           ESP =  -1.0590942146E+00     ESP at Nucleus =  -1.0603950421E+00
           ESPe = -1.2930029038E+01     ESPe at Nucleus = -1.2863492535E+01
           ESPn =  1.1870934824E+01     ESPn at Nucleus =  1.1803097493E+01

CP# 14     Coords =  4.77868863750239E+00  5.40318739812058E+00  2.95074071775728E+00
           Type = (3,-3) NACP h14
           Rho =  4.3524834869E-01     Rho at Nucleus =  4.3167975127E-01
           GradRho = -1.3470127791E-15  3.7261860264E-15 -6.2796989830E-16
           HessRho_EigVals = -8.9410784859E+00 -8.9361132969E+00 -8.1831154481E+00
           HessRho_EigVec1 = -3.2720602914E-01  2.8705272269E-01  9.0029825552E-01
           HessRho_EigVec2 = -3.7304735925E-01 -9.1459824423E-01  1.5603114880E-01
           HessRho_EigVec3 =  8.6820036987E-01 -2.8479955414E-01  4.0634631993E-01
           DelSqRho = -2.6060307231E+01
           Bond Ellipticity = NA
           V = -6.5275085519E+00
           G =  6.2158720705E-03
           K =  6.5212926798E+00
           L =  6.5150768077E+00
           Vnuc =  4.6902141675E+01
           Ven = -2.0414079714E+01
           Vrep =  1.3886571162E+01
           DelSqV =  1.6961413352E+03
           DelSqVen =  1.2222842218E+03
           DelSqVrep =  4.7385711334E+02
           DelSqG =  1.3052024280E+02
           DelSqK = -1.8266615780E+03
           Stress_EigVals = -2.2404847027E+00 -2.2392970914E+00 -2.0477267577E+00
           Stress_EigVec1 =  3.7929698436E-01  9.0873920176E-01 -1.7414609051E-01
           Stress_EigVec2 = -3.1972375562E-01  3.0533853489E-01  8.9696438012E-01
           Stress_EigVec3 =  8.6828020693E-01 -2.8453724238E-01  4.0635949596E-01
           -DivStress =  1.3935423994E+01 -4.5664893897E+00  6.4865663615E+00
           ESP =  -1.0533376184E+00     ESP at Nucleus =  -1.0546522453E+00
           ESPe = -1.3545740017E+01     ESPe at Nucleus = -1.3474318019E+01
           ESPn =  1.2492402398E+01     ESPn at Nucleus =  1.2419665774E+01

CP# 15     Coords =  1.20311632226056E+00  7.03546205025785E+00  3.80009358976679E+00
           Type = (3,-3) NACP c15
           Rho =  1.2256813572E+02     Rho at Nucleus =  1.2256813400E+02
           GradRho = -1.1524781129E-11  7.9851014689E-11  6.8345329396E-11
           HessRho_EigVals = -3.2409036256E+05 -3.2409035476E+05 -3.2408652018E+05
           HessRho_EigVec1 =  4.7592503073E-01 -4.3588044178E-01  7.6387407705E-01
           HessRho_EigVec2 =  5.8368475883E-01  8.0623829488E-01  9.6394575468E-02
           HessRho_EigVec3 =  6.5788104353E-01 -3.9998506515E-01 -6.3812575581E-01
           DelSqRho = -9.7226723751E+05
           Bond Ellipticity = NA
           V = -2.4308437030E+05
           G =  8.7804611943E+00
           K =  2.4307558984E+05
           L =  2.4306680938E+05
           Vnuc =  1.8419894980E+06
           Ven = -2.2576921879E+08
           Vrep =  2.2552613442E+08
           DelSqV =  2.3847532189E+10
           DelSqVen =  1.7909060347E+12
           DelSqVrep = -1.7670585020E+12
           DelSqG =  6.4284032125E+08
           DelSqK = -2.4490372510E+10
           Stress_EigVals = -8.1029239804E+04 -8.1027566922E+04 -8.1027563573E+04
           Stress_EigVec1 =  6.6192959581E-01 -3.9851211399E-01 -6.3485219161E-01
           Stress_EigVec2 =  6.5495927399E-01  7.1938948677E-01  2.3131605165E-01
           Stress_EigVec3 =  3.6452374355E-01 -5.6891727108E-01  7.3719439706E-01
           -DivStress = -1.7365097192E+04  1.0280476692E+04  1.5700249146E+04
           ESP =  -1.4745758639E+01     ESP at Nucleus =  -1.4745758691E+01
           ESPe = -2.6990372653E+01     ESPe at Nucleus = -2.6990372890E+01
           ESPn =  1.2244614014E+01     ESPn at Nucleus =  1.2244614199E+01

CP# 16     Coords =  4.06557825988918E+00  4.41498373341798E-01  1.34245275466601E+00
           Type = (3,-3) NACP h16
           Rho =  4.3048057147E-01     Rho at Nucleus =  4.2747535798E-01
           GradRho =  1.7880662229E-15 -4.5102810375E-17 -9.2634233617E-16
           HessRho_EigVals = -8.8693912651E+00 -8.8681665137E+00 -8.2055443915E+00
           HessRho_EigVec1 =  8.9379600832E-02  7.9125717743E-02  9.9284964005E-01
           HessRho_EigVec2 = -4.7425754660E-01  8.7995859207E-01 -2.7434572040E-02
           HessRho_EigVec3 =  8.7583735160E-01  4.6841434333E-01 -1.1617631648E-01
           DelSqRho = -2.5943102170E+01
           Bond Ellipticity = NA
           V = -6.4999017883E+00
           G =  7.0631228545E-03
           K =  6.4928386654E+00
           L =  6.4857755426E+00
           Vnuc =  5.0511212426E+01
           Ven = -2.1744095591E+01
           Vrep =  1.5244193803E+01
           DelSqV =  1.6964820400E+03
           DelSqVen =  1.3104175447E+03
           DelSqVrep =  3.8606449524E+02
           DelSqG =  1.3077037111E+02
           DelSqK = -1.8272524111E+03
