AIMSum (Version 19.02.13, Professional)
Copyright (c) 1997-2019 by Todd A. Keith
AIMSum is a component of the AIMAll package ( http://aim.tkgristmill.com )

TP:  64-bit Linux

Much of the Quantum Theory of Atoms in Molecules (QTAIM) is described in the book:
  "Atoms in Molecules - A Quantum Theory"
  R.F.W. Bader, Oxford University Press, Oxford, 1990

For additional references see:  http://aim.tkgristmill.com/references.html

Wfn File:  /home/mhennefarth/Documents/DielsAlder/DielsAlder_QTAIM/reactionC/reactC_endo-10MVc/reactC_endo-10MVc.wfn
Sum File:  /home/mhennefarth/Documents/DielsAlder/DielsAlder_QTAIM/reactionC/reactC_endo-10MVc/reactC_endo-10MVc.sum

SumViz File:  /home/mhennefarth/Documents/DielsAlder/DielsAlder_QTAIM/reactionC/reactC_endo-10MVc/reactC_endo-10MVc.sumviz

Wfn Title:  SCF/DFT density                                                                
 
Total memory allocated for AIMSum =        0.968 Megabytes

Atomic units (a.u.) used throughout, except where stated otherwise

Model:  Restricted SCF
 
Restricted, closed-shell, single-determinant wavefunction.
  Number of electrons (from MO Occs)                   =          64.0000000000
  Number of Alpha electrons (from MO Occs)             =          32.0000000000
  Number of Beta electrons (from MO Occs)              =          32.0000000000
  Number of electron pairs (N*(N-1)/2)                 =        2016.0000000000
  Number of electron pairs (from Muller 2EDM)          =        2016.0000000000
 
Nuclear Charges and Cartesian Coordinates:
-------------------------------------------------------------------------------
Atom      Charge                X                  Y                  Z
-------------------------------------------------------------------------------
c1         6.0           4.5121707000E-01   9.3980300000E-02  -5.7938028000E-01
c2         6.0          -1.6537630800E+00   1.0747094100E+00   4.4249982000E-01
c3         6.0          -1.3404918200E+00   1.2421928600E+00   3.1866848100E+00
c4         6.0           9.5147233000E-01   3.5960605000E-01   3.8170320500E+00
c5         6.0           2.3003881500E+00  -4.9817158000E-01   1.4807660200E+00
c6         6.0           2.6881175900E+00   5.6563462400E+00  -3.0525680000E-01
c7         6.0           2.9177004900E+00   5.9216738500E+00   2.1786996000E+00
h8         1.0           1.7257080200E+00   2.1556595000E-01   5.7012024400E+00
h9         1.0           7.8340060000E-01  -2.8987684000E-01  -2.5576502500E+00
h10        1.0          -2.7502819600E+00   1.9685717900E+00   4.4744863300E+00
h11        1.0          -3.3344385800E+00   1.6444315800E+00  -5.7017574000E-01
h12        1.0           1.0633023300E+00   6.3790865400E+00  -1.3126564000E+00
h13        1.0           4.1278466100E+00   4.6896479100E+00  -1.3869265300E+00
h14        1.0           4.5169252200E+00   5.1867092200E+00   3.2204082100E+00
c15        6.0           1.0371631800E+00   7.2011481700E+00   3.6489287600E+00
h16        1.0           4.1208443700E+00   4.5160567000E-01   1.2179439400E+00
h17        1.0           2.7180072600E+00  -2.5259221400E+00   1.5531276000E+00
n18        7.0          -4.3449462000E-01   8.2637771100E+00   4.8384912800E+00
 
Some Atomic Properties:
----------------------
  q(A) = Net Charge of Atom A
  L(A) = Lagrangian of Atom A = -(1/4) Times Atomic Integral of the Laplacian of the Electron Density
  K(A) = Electronic Kinetic Energy of Atom A (Hamiltonian Form)
  K_Scaled(A) = K(A) * E(Mol)/K(Mol) = Approximation to Virial-Based Total Energy of Atom A.
  |Mu_Intra(A)| = Magnitude of Intraatomic Dipole Moment of Atom A
--------------------------------------------------------------------------------------------------
Atom A          q(A)              L(A)              K(A)          K_Scaled(A)      |Mu_Intra(A)|
--------------------------------------------------------------------------------------------------
c1       -7.0915104100E-02 -6.7863134215E-05  3.7907200161E+01 -3.8099234247E+01  1.8556069733E-01
c2       -5.2175584300E-02 -2.8524092467E-05  3.7905397679E+01 -3.8097422633E+01  1.6873945676E-01
c3       -4.7547228200E-02 -1.8687760769E-05  3.7905241301E+01 -3.8097265463E+01  1.7247105897E-01
c4       -6.8633355100E-02 -4.0845744252E-05  3.7907624237E+01 -3.8099660470E+01  1.8651713931E-01
c5       -1.0127973600E-02  8.0414461995E-05  3.7862767648E+01 -3.8054576643E+01  1.4706689059E-01
c6        7.9324199000E-03 -7.1086168041E-05  3.7851396772E+01 -3.8043148163E+01  1.8451473353E-01
c7        5.6489969600E-02 -2.7146254852E-05  3.7831690233E+01 -3.8023341793E+01  3.1141258026E-01
h8        4.8097756790E-02  1.8533753680E-05  5.9561260860E-01 -5.9862992251E-01  1.4066686173E-01
h9        4.5312328470E-02  1.9762366661E-05  5.9666315587E-01 -5.9968579175E-01  1.4133311996E-01
h10       5.4426276240E-02  1.8974848282E-05  5.9420158290E-01 -5.9721174869E-01  1.3604748839E-01
h11       4.6732541610E-02  1.5966644884E-05  5.9724781896E-01 -6.0027341669E-01  1.3822426959E-01
h12       7.2987171290E-02  1.8322887214E-05  5.8812013376E-01 -5.9109949155E-01  1.3476175888E-01
h13       6.3725156830E-02  2.7278498346E-05  5.9223412383E-01 -5.9523432268E-01  1.3471662927E-01
h14       8.8286114870E-02  2.7995662189E-05  5.8293975231E-01 -5.8589286680E-01  1.3257463951E-01
c15       9.7648177440E-01 -2.2148684905E-06  3.7362070056E+01 -3.7551342567E+01  1.0460077948E+00
h16       2.8933078680E-02  3.7950515817E-05  6.0070906929E-01 -6.0375220137E-01  1.4523612178E-01
h17       5.6950288570E-02  2.3829835329E-05  5.8920509177E-01 -5.9218994584E-01  1.4117475198E-01
n18      -1.2968334429E+00 -7.2123378372E-06  5.5204939086E+01 -5.5484601787E+01  6.2081149567E-01
--------------------------------------------------------------------------------------------------
Total     1.2218905000E-04  2.5449113473E-05  3.6307526051E+02 -3.6491456347E+02
 
1st Largest |L(A)| = 8.0414461995E-05, atom c5      
2nd Largest |L(A)| = 7.1086168041E-05, atom c6      
 
Molecular charge q(Mol) from the wfn file:   0.0000000000E+00
Molecular energy E(Mol) from the wfn file:  -3.6491461865E+02
Molecular virial ratio (-V(Mol)/T(Mol)) from the wfn file:   2.0050659000E+00
Note.  K_Scaled(A) = (1+V(Mol)/T(Mol))*K(A) = (E(Mol)/T(Mol))*K(A)
       Only use K_Scaled(A) data with caution.
 
N_AIMInt(SumA)     =         63.999878
N_Analytic(Mol)    =         63.999992
 
G_AIMInt(SumA)     =        363.075235
G_Analytic(Mol)    =        363.075275
 
K_AIMInt(SumA)     =        363.075261
K_Analytic(Mol)    =        363.075275
 
L_AIMInt(SumA)     =          0.000025
L_Analytic(Mol)    =          0.000000
 
VenT_AIMInt(SumA)  =      -1619.230952
VenT_Analytic(Mol) =      -1619.231992
 
Some Information About the Atomic Calculations:
----------------------------------------------
  Time(sec) = "Elapsed User Time", in Seconds, for Atom A by AIMInt and, if used, by TWOe
  NProc = Number of Processors Used for AIMInt Job
  BIM = Basin Integration Method
  OAQ = Angular Quadrature Outside of Beta Sphere
  ORQ = Multiple of Default for Radial Quadrature Outside of Beta Sphere
  IAQ = Multiple of Default for Angular Quadrature Inside of Beta Sphere
  IRQ = Multiple of Default for Radial Quadrature Inside of Beta Sphere
  MIR = Maximum Integration Radius
------------------------------------------------------------------------------------------------------
Atom A     Time(sec)   NProc      BIM          OAQ                     ORQ      IAQ      IRQ      MIR
------------------------------------------------------------------------------------------------------
c1            195        8     Proaim(5)    5400(GS5)                  1.00     1.00     1.00    13.00
c2             88        8     Proaim(5)    4500(GS4)                  1.00     1.00     1.00    13.00
c3            119        8     Proaim(5)    4500(GS4)                  1.00     1.00     1.00    13.00
c4            169        8     Proaim(5)    4500(GS4)                  1.00     1.00     1.00    13.00
c5            130        8     Proaim(5)    4500(GS4)                  1.00     1.00     1.00    13.00
c6            150        8     Proaim(5)    4500(GS4)                  1.00     1.00     1.00    13.00
c7            175        8     Proaim(5)    4500(GS4)                  1.00     1.00     1.00    13.00
h8             21        8     Proaim(5)    1800(GS4)                  1.00     1.00     1.00    13.00
h9             19        8     Proaim(5)    1800(GS4)                  1.00     1.00     1.00    13.00
h10            27        8     Proaim(5)    1800(GS4)                  1.00     1.00     1.00    13.00
h11            22        8     Proaim(5)    1800(GS4)                  1.00     1.00     1.00    13.00
h12            24        8     Proaim(5)    1800(GS4)                  1.00     1.00     1.00    13.00
h13            23        8     Proaim(5)    1800(GS4)                  1.00     1.00     1.00    13.00
h14            27        8     Proaim(5)    1800(GS4)                  1.00     1.00     1.00    13.00
c15            73        8     Proaim(5)    4500(GS4)                  1.00     1.00     1.00    13.00
h16            31        8     Proaim(5)    1800(GS4)                  1.00     1.00     1.00    13.00
h17            21        8     Proaim(5)    1800(GS4)                  1.00     1.00     1.00    13.00
n18            42        8     Proaim(5)    2700(GS4)                  1.00     1.00     1.00    13.00
------------------------------------------------------------------------------------------------------
Total        1356
Note:  Total wall clock time is less than total of atomic times if more than one atom
       was calculated at a time
 
Electron Density Critical Point Analysis of Molecular Structure:               
---------------------------------------------------------------                
  NACP = Nuclear Attractor Critical Point                                      
  NNACP = Non-Nuclear Attractor Critical Point                                 
  BCP = Bond Critical Point                                                    
  RCP = Ring Critical Point                                                    
  CCP = Cage Critical Point                                                    
  Rho = Electron Density                                                       
  GradRho = Gradient of Electron Density                                       
  HessRho_EigVals = Eigenvalues of the Hessian of Rho, Ascending Order         
  HessRho_EigVecs = Eigenvectors of the Hessian of Rho                         
  DelSqRho = Laplacian of Rho = Trace of Hessian of Rho                        
  Bond Ellipticity = (HessRho_EigVal(1) / HessRho_EigVal(2)) - 1               
  V = Virial Field = Potential Energy Density = Trace of Stress Tensor         
  G = Lagrangian Form of Kinetic Energy Density                                
  K = Hamiltonian Form of Kinetic Energy Density                               
  L = K - G = Lagrangian Density = (-1/4)DelSqRho                              
  Vnuc = Electrostatic Potential from Nuclei                                   
  Ven = Electron-nuclear attractive contribution to Virial Field V             
  Vrep = V - Ven = Repulsive contribution to Virial Field V                    
  DelSqV = Laplacian of V                                                      
  DelSqVen = Laplacian of Ven                                                  
  DelSqVrep = Laplacian of Vrep                                                
  DelSqG = Laplacian of G                                                      
  DelSqK = Laplacian of K                                                      
  Stress_EigVals = Eigenvalues of Stress Tensor, Ascending Order               
  Stress_EigVecs = Eigenvectors of Stress Tensor                               
  -DivStress = Ehrenfest Force Density = Minus Divergence of Stress Tensor     
  ESP = Total Electrostatic Potential                                          
  ESPe = Electrostatic Potential from Electrons                                
  ESPn = Electrostatic Potential from Nuclei                                   
  BP = Bond Path                                                               
  BPL = Bond Path Length                                                       
  GBL = Geometric Bond Length                                                  
  GBL_I = Distance Between Nuclear Attractors                                  
  GBL_II = Distance Between Nuclei                                             
  GBL_III = Sum of Distances Between BCP and Nuclear Attractors                
  GBL_IV = Sum of Distances Between BCP and Nuclei                             

CP# 1      Coords =  4.51218398621370E-01  9.39798286048376E-02 -5.79380272740727E-01
           Type = (3,-3) NACP c1
           Rho =  1.2218918864E+02     Rho at Nucleus =  1.2218918832E+02
           GradRho =  6.9985954809E-09 -2.4868160864E-09  5.6320281772E-11
           HessRho_EigVals = -3.2300482732E+05 -3.2300313835E+05 -3.2300194832E+05
           HessRho_EigVec1 =  3.6551330414E-01  9.2401492139E-01 -1.1223390553E-01
           HessRho_EigVec2 =  4.9463603337E-01 -9.0675901116E-02  8.6435703008E-01
           HessRho_EigVec3 =  7.8850188268E-01 -3.7144892786E-01 -4.9019432371E-01
           DelSqRho = -9.6900991399E+05
           Bond Ellipticity = NA
           V = -2.4226983292E+05
           G =  8.6772122200E+00
           K =  2.4226115571E+05
           L =  2.4225247850E+05
           Vnuc =  4.2559730387E+06
           Ven = -5.2003389249E+08
           Vrep =  5.1979162265E+08
           DelSqV =  2.3767595285E+10
           DelSqVen =  4.1240799805E+12
           DelSqVrep = -4.1003123853E+12
           DelSqG =  6.4051280439E+08
           DelSqK = -2.4408108089E+10
           Stress_EigVals = -8.0757085368E+04 -8.0756710129E+04 -8.0756037424E+04
           Stress_EigVec1 =  7.4296678709E-01 -3.6814018187E-01 -5.5899298723E-01
           Stress_EigVec2 =  5.5565687916E-01 -1.2636344707E-01  8.2175282895E-01
           Stress_EigVec3 =  3.7315651665E-01  9.2114335787E-01 -1.1067578027E-01
           -DivStress = -1.0395356104E+04  3.6882447556E+03 -5.3431330752E+01
           ESP =  -1.4759386611E+01     ESP at Nucleus =  -1.4759386621E+01
           ESPe = -2.7285512523E+01     ESPe at Nucleus = -2.7285513103E+01
           ESPn =  1.2526125912E+01     ESPn at Nucleus =  1.2526126482E+01

CP# 2      Coords = -1.65376387439703E+00  1.07470989400529E+00  4.42500617343915E-01
           Type = (3,-3) NACP c2
           Rho =  1.2219815442E+02     Rho at Nucleus =  1.2219815418E+02
           GradRho = -3.1568427872E-09  1.9412527141E-09  3.1649634025E-09
           HessRho_EigVals = -3.2302773835E+05 -3.2302569943E+05 -3.2302470500E+05
           HessRho_EigVec1 =  3.8231063805E-01  9.1693821016E-01 -1.1429302161E-01
           HessRho_EigVec2 =  2.9028444916E-01 -1.7530146424E-03  9.5693879925E-01
           HessRho_EigVec3 =  8.7725339248E-01 -3.9902536974E-01 -2.6684309939E-01
           DelSqRho = -9.6907814278E+05
           Bond Ellipticity = NA
           V = -2.4228691787E+05
           G =  8.6910878039E+00
           K =  2.4227822678E+05
           L =  2.4226953570E+05
           Vnuc =  4.8972211640E+06
           Ven = -5.9843138802E+08
           Vrep =  5.9818910111E+08
           DelSqV =  2.3769265444E+10
           DelSqVen =  4.7457896366E+12
           DelSqVrep = -4.7220203875E+12
           DelSqG =  6.4055615638E+08
           DelSqK = -2.4409821601E+10
           Stress_EigVals = -8.0762771642E+04 -8.0762457476E+04 -8.0761688752E+04
           Stress_EigVec1 =  8.9328377526E-01 -3.9540835587E-01 -2.1376699689E-01
           Stress_EigVec2 =  2.4042938938E-01  1.8494421893E-02  9.7049042503E-01
           Stress_EigVec3 =  3.7978652632E-01  9.1831921926E-01 -1.1158855657E-01
           -DivStress =  6.2184547135E+03 -3.7886799687E+03 -6.2373694846E+03
           ESP =  -1.4764525459E+01     ESP at Nucleus =  -1.4764525466E+01
           ESPe = -2.7400384316E+01     ESPe at Nucleus = -2.7400384939E+01
           ESPn =  1.2635858857E+01     ESPn at Nucleus =  1.2635859473E+01

CP# 3      Coords = -1.34049276655696E+00  1.24219322461662E+00  3.18668403999415E+00
           Type = (3,-3) NACP c3
           Rho =  1.2219856032E+02     Rho at Nucleus =  1.2219856006E+02
           GradRho = -4.0326888495E-09  1.5788397256E-09 -3.2631719549E-09
           HessRho_EigVals = -3.2303051832E+05 -3.2302850771E+05 -3.2302746835E+05
           HessRho_EigVec1 =  3.9021646550E-01  9.1577171218E-01 -9.5358697692E-02
           HessRho_EigVec2 = -3.0906643249E-02  1.1653924625E-01  9.9270508384E-01
           HessRho_EigVec3 =  9.2020426507E-01 -3.8442265185E-01  7.3778962370E-02
           DelSqRho = -9.6908649438E+05
           Bond Ellipticity = NA
           V = -2.4228901324E+05
           G =  8.6948208638E+00
           K =  2.4228031842E+05
           L =  2.4227162360E+05
           Vnuc =  4.7114059308E+06
           Ven = -5.7572702182E+08
           Vrep =  5.7548473281E+08
           DelSqV =  2.3769474010E+10
           DelSqVen =  4.5657599386E+12
           DelSqVrep = -4.5419905055E+12
           DelSqG =  6.4056506853E+08
           DelSqK = -2.4410039079E+10
           Stress_EigVals = -8.0763478059E+04 -8.0763147903E+04 -8.0762387275E+04
           Stress_EigVec1 =  9.2211818362E-01 -3.8610273547E-01  2.4954620698E-02
           Stress_EigVec2 =  1.3961821643E-02  9.7661405171E-02  9.9512176013E-01
           Stress_EigVec3 =  3.8665633703E-01  9.1727145797E-01 -9.5446055075E-02
           -DivStress =  7.4087114448E+03 -2.8545335844E+03  6.0230454480E+03
           ESP =  -1.4768023967E+01     ESP at Nucleus =  -1.4768023975E+01
           ESPe = -2.7634197542E+01     ESPe at Nucleus = -2.7634198126E+01
           ESPn =  1.2866173575E+01     ESPn at Nucleus =  1.2866174151E+01

CP# 4      Coords =  9.51473644680897E-01  3.59605527253890E-01  3.81703175226937E+00
           Type = (3,-3) NACP c4
           Rho =  1.2218915071E+02     Rho at Nucleus =  1.2218915037E+02
           GradRho =  7.2941190865E-09 -2.9068130125E-09 -1.6761330102E-09
           HessRho_EigVals = -3.2300480647E+05 -3.2300314373E+05 -3.2300193032E+05
           HessRho_EigVec1 =  3.7331349790E-01  9.2362558806E-01 -8.6906877537E-02
           HessRho_EigVec2 = -2.9779793554E-01  2.0803013848E-01  9.3168656268E-01
           HessRho_EigVec3 =  8.7860879911E-01 -3.2193048094E-01  3.5271425200E-01
           DelSqRho = -9.6900988051E+05
           Bond Ellipticity = NA
           V = -2.4226983533E+05
           G =  8.6825991709E+00
           K =  2.4226115273E+05
           L =  2.4225247013E+05
           Vnuc =  4.1500087936E+06
           Ven = -5.0708604991E+08
           Vrep =  5.0684378008E+08
           DelSqV =  2.3767595173E+10
           DelSqVen =  4.0213994537E+12
           DelSqVrep = -3.9976318585E+12
           DelSqG =  6.4051298293E+08
           DelSqK = -2.4408108156E+10
           Stress_EigVals = -8.0757088817E+04 -8.0756705486E+04 -8.0756041024E+04
           Stress_EigVec1 =  8.5057488479E-01 -3.0920336386E-01  4.2534179802E-01
           Stress_EigVec2 = -3.6429784541E-01  2.3682886153E-01  9.0066595926E-01
           Stress_EigVec3 =  3.7922215811E-01  9.2103494512E-01 -8.8798562363E-02
           -DivStress = -1.0287017990E+04  4.0895342998E+03  2.3262106864E+03
           ESP =  -1.4762840965E+01     ESP at Nucleus =  -1.4762840976E+01
           ESPe = -2.7542953533E+01     ESPe at Nucleus = -2.7542954147E+01
           ESPn =  1.2780112568E+01     ESPn at Nucleus =  1.2780113171E+01

CP# 5      Coords =  2.30038801316970E+00 -4.98171386277521E-01  1.48076599911119E+00
           Type = (3,-3) NACP c5
           Rho =  1.2199645759E+02     Rho at Nucleus =  1.2199645758E+02
           GradRho = -5.5295323875E-11  2.1537216455E-11 -2.3684498807E-11
           HessRho_EigVals = -3.2245872682E+05 -3.2245835424E+05 -3.2245800345E+05
           HessRho_EigVec1 =  1.2885541647E-01  4.9080776410E-02  9.9044805973E-01
           HessRho_EigVec2 =  5.3633780080E-01  8.3664115208E-01 -1.1123554328E-01
           HessRho_EigVec3 =  8.3410913260E-01 -5.4554803642E-01 -8.1481868410E-02
           DelSqRho = -9.6737508452E+05
           Bond Ellipticity = NA
           V = -2.4186131070E+05
           G =  8.7697854519E+00
           K =  2.4185254092E+05
           L =  2.4184377113E+05
           Vnuc =  2.5200472550E+07
           Ven = -3.0743683808E+09
           Vrep =  3.0741265195E+09
           DelSqV =  2.3727504299E+10
           DelSqVen =  2.4378309870E+13
           DelSqVrep = -2.4354582365E+13
           DelSqG =  6.3935756037E+08
           DelSqK = -2.4366861859E+10
           Stress_EigVals = -8.0620540527E+04 -8.0620436531E+04 -8.0620333642E+04
           Stress_EigVec1 =  8.5559963914E-01 -5.1051985108E-01 -8.5549629771E-02
           Stress_EigVec2 =  5.0197256986E-01  8.5864758950E-01 -1.0367186771E-01
           Stress_EigVec3 =  1.2638352985E-01  4.5758045099E-02  9.9092552934E-01
           -DivStress =  1.0675615175E+03 -1.5128547015E+03  1.6328999892E+02
           ESP =  -1.4746138885E+01     ESP at Nucleus =  -1.4746138883E+01
           ESPe = -2.7235609446E+01     ESPe at Nucleus = -2.7235609084E+01
           ESPn =  1.2489470561E+01     ESPn at Nucleus =  1.2489470201E+01

CP# 6      Coords =  2.68811765901616E+00  5.65634616135325E+00 -3.05257132339366E-01
           Type = (3,-3) NACP c6
           Rho =  1.2223435916E+02     Rho at Nucleus =  1.2223435914E+02
           GradRho =  1.5723866653E-11  4.8585024892E-11 -1.1457279570E-10
           HessRho_EigVals = -3.2312896778E+05 -3.2312573730E+05 -3.2312519583E+05
           HessRho_EigVec1 =  4.7657237971E-01  8.6936371597E-01 -1.3071150007E-01
           HessRho_EigVec2 =  8.7257503646E-01 -4.8588837066E-01 -5.0252333269E-02
           HessRho_EigVec3 =  1.0719875298E-01  9.0106717889E-02  9.9014605324E-01
           DelSqRho = -9.6937990092E+05
           Bond Ellipticity = NA
           V = -2.4236229008E+05
           G =  8.6574276346E+00
           K =  2.4235363266E+05
           L =  2.4234497523E+05
           Vnuc =  1.7220500835E+07
           Ven = -2.1049368840E+09
           Vrep =  2.1046945217E+09
           DelSqV =  2.3776661301E+10
           DelSqVen =  1.6693216674E+13
           DelSqVrep = -1.6669444207E+13
           DelSqG =  6.4076623358E+08
           DelSqK = -2.4417427534E+10
           Stress_EigVals = -8.0787928064E+04 -8.0787717298E+04 -8.0786644722E+04
           Stress_EigVec1 =  9.4435759596E-02  9.6023177340E-02  9.9088921516E-01
           Stress_EigVec2 =  8.7407436102E-01 -4.8442962256E-01 -3.6358660604E-02
           Stress_EigVec3 =  4.7652481438E-01  8.6954441531E-01 -1.2967887675E-01
           -DivStress = -5.4018038624E+02  6.1626014940E+02  2.6041626841E+03
           ESP =  -1.4731685299E+01     ESP at Nucleus =  -1.4731685303E+01
           ESPe = -2.6179026715E+01     ESPe at Nucleus = -2.6179027157E+01
           ESPn =  1.1447341416E+01     ESPn at Nucleus =  1.1447341855E+01

CP# 7      Coords =  2.91769865283447E+00  5.92167527643288E+00  2.17870201883070E+00
           Type = (3,-3) NACP c7
           Rho =  1.2212449734E+02     Rho at Nucleus =  1.2212449552E+02
           GradRho =  5.0132342722E-11  1.1039719139E-10  6.1593397049E-11
           HessRho_EigVals = -3.2282985869E+05 -3.2282960317E+05 -3.2282750399E+05
           HessRho_EigVec1 =  5.1292074406E-01  8.4363281492E-01 -1.5873242863E-01
           HessRho_EigVec2 =  7.5874637931E-01 -5.3202547144E-01 -3.7583617391E-01
           HessRho_EigVec3 =  4.0151742452E-01 -7.2336514460E-02  9.1299024446E-01
           DelSqRho = -9.6848696585E+05
           Bond Ellipticity = NA
           V = -2.4213933721E+05
           G =  8.7978728669E+00
           K =  2.4213053934E+05
           L =  2.4212174146E+05
           Vnuc =  1.7880222995E+06
           Ven = -2.1836132456E+08
           Vrep =  2.1811918522E+08
           DelSqV =  2.3754795582E+10
           DelSqVen =  1.7316763034E+12
           DelSqVrep = -1.7079215078E+12
           DelSqG =  6.4015961960E+08
           DelSqK = -2.4394955202E+10
           Stress_EigVals = -8.0713648225E+04 -8.0712991255E+04 -8.0712697729E+04
           Stress_EigVec1 =  3.8885455134E-01 -6.4249278461E-02  9.1905612893E-01
           Stress_EigVec2 =  7.8372578650E-01 -5.0134431417E-01 -3.6664392840E-01
           Stress_EigVec3 =  4.8432017249E-01  8.6285914776E-01 -1.4459620206E-01
           -DivStress =  1.4362980490E+04 -1.1152142597E+04 -1.8914041004E+04
           ESP =  -1.4716938951E+01     ESP at Nucleus =  -1.4716938976E+01
           ESPe = -2.7159415170E+01     ESPe at Nucleus = -2.7159414745E+01
           ESPn =  1.2442476218E+01     ESPn at Nucleus =  1.2442475768E+01

CP# 8      Coords =  1.71517239395542E+00  2.17558750579691E-01  5.67482803529044E+00
           Type = (3,-3) NACP h8
           Rho =  4.3888949219E-01     Rho at Nucleus =  4.3543779190E-01
           GradRho = -1.4760328376E-15  3.5681093496E-16 -4.1199682554E-15
           HessRho_EigVals = -9.0006339845E+00 -8.9951787150E+00 -8.2580106656E+00
           HessRho_EigVec1 =  8.3055516680E-01 -4.2104821878E-01 -3.6454973922E-01
           HessRho_EigVec2 =  4.1501136646E-01  9.0440817104E-01 -9.9052641907E-02
           HessRho_EigVec3 =  3.7140770134E-01 -6.9023601893E-02  9.2590067597E-01
           DelSqRho = -2.6253823365E+01
           Bond Ellipticity = NA
           V = -6.5768019554E+00
           G =  6.6730570501E-03
           K =  6.5701288983E+00
           L =  6.5634558413E+00
           Vnuc =  4.7370511307E+01
           Ven = -2.0790419652E+01
           Vrep =  1.4213617697E+01
           DelSqV =  1.7104246873E+03
           DelSqVen =  1.2436570366E+03
           DelSqVrep =  4.6676765072E+02
           DelSqG =  1.3136685711E+02
           DelSqK = -1.8417915444E+03
           Stress_EigVals = -2.2554735744E+00 -2.2549403947E+00 -2.0663879862E+00
           Stress_EigVec1 =  3.9793762043E-01  9.1283296762E-01 -9.1551206861E-02
           Stress_EigVec2 =  8.3855197614E-01 -4.0239367647E-01 -3.6730084733E-01
           Stress_EigVec3 =  3.7212394919E-01 -6.9392379734E-02  9.2558547097E-01
           -DivStress =  5.8564899734E+00 -1.1077461301E+00  1.4660584494E+01
           ESP =  -1.0925965172E+00     ESP at Nucleus =  -1.0939432585E+00
           ESPe = -1.3339260037E+01     ESPe at Nucleus = -1.3265170399E+01
           ESPn =  1.2246663520E+01     ESPn at Nucleus =  1.2171227141E+01

CP# 9      Coords =  7.79000103889465E-01 -2.84488416665915E-01 -2.53009488697494E+00
           Type = (3,-3) NACP h9
           Rho =  4.3909589846E-01     Rho at Nucleus =  4.3565484824E-01
           GradRho = -2.4910629115E-15  2.8132877972E-15  1.2320873488E-14
           HessRho_EigVals = -9.0040344895E+00 -8.9986162518E+00 -8.2628421516E+00
           HessRho_EigVec1 = -8.9878096701E-01  3.8046624078E-01 -2.1780315188E-01
           HessRho_EigVec2 =  4.0989168752E-01  9.0551878411E-01 -1.0965644585E-01
           HessRho_EigVec3 = -1.5550426953E-01  1.8783282791E-01  9.6981299791E-01
           DelSqRho = -2.6265492893E+01
           Bond Ellipticity = NA
           V = -6.5797587033E+00
           G =  6.6927400310E-03
           K =  6.5730659633E+00
           L =  6.5663732232E+00
           Vnuc =  4.7078613877E+01
           Ven = -2.0672026259E+01
           Vrep =  1.4092267555E+01
           DelSqV =  1.7113282627E+03
           DelSqVen =  1.2365429982E+03
           DelSqVrep =  4.7478526447E+02
           DelSqG =  1.3142135197E+02
           DelSqK = -1.8427496146E+03
           Stress_EigVals = -2.2563448190E+00 -2.2558086370E+00 -2.0676052472E+00
           Stress_EigVec1 =  4.0754081091E-01  9.0650745972E-01 -1.1024841455E-01
           Stress_EigVec2 = -8.9970664565E-01  3.7792019931E-01 -2.1841308277E-01
           Stress_EigVec3 = -1.5632798603E-01  1.8820347611E-01  9.6960869033E-01
           -DivStress =  2.4469961574E+00 -2.9964716523E+00 -1.5323896546E+01
           ESP =  -1.0882345354E+00     ESP at Nucleus =  -1.0895666578E+00
           ESPe = -1.2980384060E+01     ESPe at Nucleus = -1.2905746874E+01
           ESPn =  1.1892149524E+01     ESPn at Nucleus =  1.1816180216E+01

CP# 10     Coords = -2.73066875136747E+00  1.95844122300219E+00  4.45627198999323E+00
           Type = (3,-3) NACP h10
           Rho =  4.3935409520E-01     Rho at Nucleus =  4.3586298078E-01
           GradRho =  3.9233546967E-13 -2.0277573023E-13 -3.6414664686E-13
           HessRho_EigVals = -9.0113614476E+00 -9.0071169660E+00 -8.2630360039E+00
           HessRho_EigVec1 =  6.1576543611E-01 -1.8345088439E-01  7.6627586463E-01
           HessRho_EigVec2 =  3.8810798355E-01  9.1697555572E-01 -9.2347297300E-02
           HessRho_EigVec3 =  6.8571504344E-01 -3.5426205446E-01 -6.3584060579E-01
           DelSqRho = -2.6281514417E+01
           Bond Ellipticity = NA
           V = -6.5829564980E+00
           G =  6.2889468177E-03
           K =  6.5766675512E+00
           L =  6.5703786044E+00
           Vnuc =  4.7380596712E+01
           Ven = -2.0816859198E+01
           Vrep =  1.4233902700E+01
           DelSqV =  1.7116284793E+03
           DelSqVen =  1.2452338356E+03
           DelSqVrep =  4.6639464366E+02
           DelSqG =  1.3149295624E+02
           DelSqK = -1.8431214355E+03
           Stress_EigVals = -2.2578204602E+00 -2.2574716279E+00 -2.0676644099E+00
           Stress_EigVec1 =  3.5531052053E-01  9.2532417688E-01 -1.3239940213E-01
           Stress_EigVec2 =  6.3490915336E-01 -1.3494992014E-01  7.6070946230E-01
           Stress_EigVec3 =  6.8603556831E-01 -3.5434966733E-01 -6.3544591609E-01
           -DivStress = -1.0912499974E+01  5.6358850378E+00  1.0134055354E+01
           ESP =  -1.1015004741E+00     ESP at Nucleus =  -1.1028846942E+00
           ESPe = -1.3540730967E+01     ESPe at Nucleus = -1.3467956682E+01
           ESPn =  1.2439230493E+01     ESPn at Nucleus =  1.2365071988E+01

CP# 11     Coords = -3.31105706456672E+00  1.63664904370499E+00 -5.55975224237705E-01
           Type = (3,-3) NACP h11
           Rho =  4.4019424740E-01     Rho at Nucleus =  4.3673841870E-01
           GradRho =  1.6566609196E-16 -4.9873299934E-16  5.8546917314E-17
           HessRho_EigVals = -9.0294527946E+00 -9.0250333164E+00 -8.2854412599E+00
           HessRho_EigVec1 = -4.2575998952E-01  2.8796826077E-01  8.5778943344E-01
           HessRho_EigVec2 =  3.8003327444E-01  9.1724697080E-01 -1.1930090061E-01
           HessRho_EigVec3 =  8.2115963226E-01 -2.7519497698E-01  4.9996458174E-01
           DelSqRho = -2.6339927371E+01
           Bond Ellipticity = NA
           V = -6.5976796756E+00
           G =  6.3489164343E-03
           K =  6.5913307591E+00
           L =  6.5849818427E+00
           Vnuc =  4.7183478481E+01
           Ven = -2.0769895800E+01
           Vrep =  1.4172216124E+01
           DelSqV =  1.7159917659E+03
           DelSqVen =  1.2428093963E+03
           DelSqVrep =  4.7318236963E+02
           DelSqG =  1.3182442498E+02
           DelSqK = -1.8478161909E+03
           Stress_EigVals = -2.2623508735E+00 -2.2620354489E+00 -2.0732933531E+00
           Stress_EigVec1 =  3.3785950346E-01  9.4045254924E-01 -3.7416019928E-02
           Stress_EigVec2 = -4.5939711899E-01  1.9947507358E-01  8.6554259403E-01
           Stress_EigVec3 =  8.2146530237E-01 -2.7524297928E-01  4.9943574098E-01
           -DivStress = -1.3037651636E+01  4.3397579567E+00 -7.9186355378E+00
           ESP =  -1.0949566630E+00     ESP at Nucleus =  -1.0962950465E+00
           ESPe = -1.3118520788E+01     ESPe at Nucleus = -1.3044199031E+01
           ESPn =  1.2023564125E+01     ESPn at Nucleus =  1.1947903985E+01

CP# 12     Coords =  1.08642131701518E+00  6.36902414587526E+00 -1.29840957684510E+00
           Type = (3,-3) NACP h12
           Rho =  4.3848872006E-01     Rho at Nucleus =  4.3492154837E-01
           GradRho = -5.6551985317E-16  2.1423834928E-16  3.0878077872E-16
           HessRho_EigVals = -8.9974854637E+00 -8.9949684404E+00 -8.2389130433E+00
           HessRho_EigVec1 = -3.4310215700E-01  4.0689526414E-01  8.4659149174E-01
           HessRho_EigVec2 =  4.9619574046E-01  8.4379377820E-01 -2.0445499998E-01
           HessRho_EigVec3 =  7.9754040463E-01 -3.4992614061E-01  4.9140716224E-01
           DelSqRho = -2.6231366947E+01
           Bond Ellipticity = NA
           V = -6.5700003982E+00
           G =  6.0793306656E-03
           K =  6.5639210675E+00
           L =  6.5578417368E+00
           Vnuc =  4.6817760269E+01
           Ven = -2.0529059777E+01
           Vrep =  1.3959059379E+01
           DelSqV =  1.7073495805E+03
           DelSqVen =  1.2280938493E+03
           DelSqVrep =  4.7925573122E+02
           DelSqG =  1.3125243382E+02
           DelSqK = -1.8386020143E+03
           Stress_EigVals = -2.2543356134E+00 -2.2539962733E+00 -2.0616685115E+00
           Stress_EigVec1 =  4.5317585922E-01  8.8524110983E-01 -1.0478462712E-01
           Stress_EigVec2 = -3.9896532857E-01  3.0653525940E-01  8.6421224323E-01
           Stress_EigVec3 =  7.9715638818E-01 -3.4983469268E-01  4.9209488981E-01
           -DivStress = -1.2837434113E+01  5.5888329660E+00 -7.9124181106E+00
           ESP =  -1.0738399753E+00     ESP at Nucleus =  -1.0752489333E+00
           ESPe = -1.3361825022E+01     ESPe at Nucleus = -1.3298028238E+01
           ESPn =  1.2287985047E+01     ESPn at Nucleus =  1.2222779305E+01

CP# 13     Coords =  4.10770929507169E+00  4.70335641719092E+00 -1.37167668437870E+00
           Type = (3,-3) NACP h13
           Rho =  4.3955802181E-01     Rho at Nucleus =  4.3603362846E-01
           GradRho = -4.9583427641E-13  3.3872286486E-13  3.7385220787E-13
           HessRho_EigVals = -9.0226365283E+00 -9.0194090732E+00 -8.2695953543E+00
           HessRho_EigVec1 =  5.6106448587E-01 -8.5916405124E-02  8.2330128995E-01
           HessRho_EigVec2 = -4.3731787287E-01 -8.7523315543E-01  2.0668817506E-01
           HessRho_EigVec3 =  7.0282268089E-01 -4.7600976352E-01 -5.2863501990E-01
           DelSqRho = -2.6311640956E+01
           Bond Ellipticity = NA
           V = -6.5902163399E+00
           G =  6.1530504655E-03
           K =  6.5840632894E+00
           L =  6.5779102389E+00
           Vnuc =  4.6791308264E+01
           Ven = -2.0567494898E+01
           Vrep =  1.3977278558E+01
           DelSqV =  1.7133138970E+03
           DelSqVen =  1.2311561029E+03
           DelSqVrep =  4.8215779409E+02
           DelSqG =  1.3173404699E+02
           DelSqK = -1.8450479440E+03
           Stress_EigVals = -2.2605951958E+00 -2.2603143559E+00 -2.0693067882E+00
           Stress_EigVec1 =  5.2435333856E-01  8.4887099167E-01 -6.6870141536E-02
           Stress_EigVec2 = -4.8135973835E-01  2.3072580287E-01 -8.4561126186E-01
           Stress_EigVec3 =  7.0238620333E-01 -4.7558768212E-01 -5.2959416347E-01
           -DivStress =  1.1217294172E+01 -7.6348816599E+00 -8.4950861932E+00
           ESP =  -1.0673663578E+00     ESP at Nucleus =  -1.0687072528E+00
           ESPe = -1.3064064799E+01     ESPe at Nucleus = -1.2999310856E+01
           ESPn =  1.1996698442E+01     ESPn at Nucleus =  1.1930603603E+01

CP# 14     Coords =  4.49421923022493E+00  5.19735570334804E+00  3.20585232322832E+00
           Type = (3,-3) NACP h14
           Rho =  4.3589660680E-01     Rho at Nucleus =  4.3233771047E-01
           GradRho = -1.2516029879E-15 -2.6195950791E-15  1.7034984534E-15
           HessRho_EigVals = -8.9558272557E+00 -8.9510507787E+00 -8.1988764983E+00
           HessRho_EigVec1 = -3.9723076980E-01  3.2684020300E-01  8.5754486601E-01
           HessRho_EigVec2 =  4.7773202528E-01  8.7148298232E-01 -1.1085812354E-01
           HessRho_EigVec3 =  7.8356864891E-01 -3.6564038785E-01  5.0232188806E-01
           DelSqRho = -2.6105754533E+01
           Bond Ellipticity = NA
           V = -6.5389162889E+00
           G =  6.2388278769E-03
           K =  6.5326774611E+00
           L =  6.5264386332E+00
           Vnuc =  4.7185809003E+01
           Ven = -2.0568134034E+01
           Vrep =  1.4029217745E+01
           DelSqV =  1.6993302532E+03
           DelSqVen =  1.2318211473E+03
           DelSqVrep =  4.6750910595E+02
           DelSqG =  1.3078052547E+02
           DelSqK = -1.8301107787E+03
           Stress_EigVals = -2.2442208429E+00 -2.2430051069E+00 -2.0516903392E+00
           Stress_EigVec1 =  4.9043440390E-01  8.6029102378E-01 -1.3918854075E-01
           Stress_EigVec2 = -3.8137914760E-01  3.5547991699E-01  8.5333696416E-01
           Stress_EigVec3 =  7.8359686144E-01 -3.6542219831E-01  5.0243663852E-01
           -DivStress =  1.2550835706E+01 -5.8838656140E+00  8.0447768855E+00
           ESP =  -1.0584004587E+00     ESP at Nucleus =  -1.0597340137E+00
           ESPe = -1.3757009847E+01     ESPe at Nucleus = -1.3687197772E+01
           ESPn =  1.2698609388E+01     ESPn at Nucleus =  1.2627463758E+01

CP# 15     Coords =  1.03716549397531E+00  7.20114653271959E+00  3.64892699187780E+00
           Type = (3,-3) NACP c15
           Rho =  1.2256282233E+02     Rho at Nucleus =  1.2256282052E+02
           GradRho =  3.1755709173E-11  1.1413803236E-10  5.3431037372E-11
           HessRho_EigVals = -3.2407507014E+05 -3.2407506561E+05 -3.2407129630E+05
           HessRho_EigVec1 = -2.0440307124E-01  6.0009823007E-01 -7.7337022100E-01
           HessRho_EigVec2 =  7.1029514678E-01  6.3455952672E-01  3.0465556208E-01
           HessRho_EigVec3 =  6.7357270500E-01 -4.8704858208E-01 -5.5595277656E-01
           DelSqRho = -9.7222143205E+05
           Bond Ellipticity = NA
           V = -2.4307294929E+05
           G =  8.7956411226E+00
           K =  2.4306415365E+05
           L =  2.4305535801E+05
           Vnuc =  1.7959505480E+06
           Ven = -2.2011676793E+08
           Vrep =  2.1987369498E+08
           DelSqV =  2.3846409463E+10
           DelSqVen =  1.7460616243E+12
           DelSqVrep = -1.7222152159E+12
           DelSqG =  6.4280756725E+08
           DelSqK = -2.4489217031E+10
           Stress_EigVals = -8.1025421509E+04 -8.1023765229E+04 -8.1023762556E+04
           Stress_EigVec1 =  6.7808629969E-01 -4.8450214163E-01 -5.5268132313E-01
           Stress_EigVec2 =  7.1470618344E-01  6.1007330856E-01  3.4206085647E-01
           Stress_EigVec3 = -1.7144690585E-01  6.2695153954E-01 -7.5995902885E-01
           -DivStress = -1.8162597187E+04  1.2851033592E+04  1.3877719740E+04
           ESP =  -1.4746768195E+01     ESP at Nucleus =  -1.4746768242E+01
           ESPe = -2.6931112115E+01     ESPe at Nucleus = -2.6931112223E+01
           ESPn =  1.2184343920E+01     ESPn at Nucleus =  1.2184343981E+01

CP# 16     Coords =  4.09757359850906E+00  4.39488335142910E-01  1.22129635926498E+00
           Type = (3,-3) NACP h16
           Rho =  4.3257152437E-01     Rho at Nucleus =  4.2960673628E-01
           GradRho =  2.2117724319E-15 -2.3418766926E-16  1.8561541193E-16
           HessRho_EigVals = -8.9135296908E+00 -8.9122822547E+00 -8.2539728282E+00
           HessRho_EigVec1 =  1.4652843939E-01 -7.0554283970E-03  9.8918129652E-01
           HessRho_EigVec2 = -4.5496310689E-01  8.8745329111E-01  7.3723995228E-02
           HessRho_EigVec3 =  8.7837235147E-01  4.6084365790E-01 -1.2682718616E-01
           DelSqRho = -2.6079784774E+01
           Bond Ellipticity = NA
           V = -6.5342068701E+00
           G =  7.1303383647E-03
           K =  6.5270765318E+00
           L =  6.5199461934E+00
           Vnuc =  5.0840773644E+01
           Ven = -2.1992270956E+01
           Vrep =  1.5458064086E+01
           DelSqV =  1.7061461513E+03
           DelSqVen =  1.3259164344E+03
           DelSqVrep =  3.8022971693E+02
           DelSqG =  1.3150991867E+02
           DelSqK = -1.8376560700E+03
