AIMSum (Version 19.02.13, Professional)
Copyright (c) 1997-2019 by Todd A. Keith
AIMSum is a component of the AIMAll package ( http://aim.tkgristmill.com )

TP:  64-bit Linux

Much of the Quantum Theory of Atoms in Molecules (QTAIM) is described in the book:
  "Atoms in Molecules - A Quantum Theory"
  R.F.W. Bader, Oxford University Press, Oxford, 1990

For additional references see:  http://aim.tkgristmill.com/references.html

Wfn File:  /home/mhennefarth/Documents/DielsAlder/DielsAlder_QTAIM/reactionC/reactC_endop10MVc/reactC_endop10MVc.wfn
Sum File:  /home/mhennefarth/Documents/DielsAlder/DielsAlder_QTAIM/reactionC/reactC_endop10MVc/reactC_endop10MVc.sum

SumViz File:  /home/mhennefarth/Documents/DielsAlder/DielsAlder_QTAIM/reactionC/reactC_endop10MVc/reactC_endop10MVc.sumviz

Wfn Title:  SCF/DFT density                                                                
 
Total memory allocated for AIMSum =        1.019 Megabytes

Atomic units (a.u.) used throughout, except where stated otherwise

Model:  Restricted SCF
 
Restricted, closed-shell, single-determinant wavefunction.
  Number of electrons (from MO Occs)                   =          64.0000000000
  Number of Alpha electrons (from MO Occs)             =          32.0000000000
  Number of Beta electrons (from MO Occs)              =          32.0000000000
  Number of electron pairs (N*(N-1)/2)                 =        2016.0000000000
  Number of electron pairs (from Muller 2EDM)          =        2016.0000000000
 
Nuclear Charges and Cartesian Coordinates:
-------------------------------------------------------------------------------
Atom      Charge                X                  Y                  Z
-------------------------------------------------------------------------------
c1         6.0          -4.3899924000E-01   6.5244913000E-01  -2.4386218000E-01
c2         6.0          -1.6300355500E+00   1.4961099500E+00   1.8269397900E+00
c3         6.0          -2.2155747000E-01   6.9490263000E-01   4.0765366900E+00
c4         6.0           1.8112262000E+00  -6.3448723000E-01   3.3541005000E+00
c5         6.0           1.8632695100E+00  -8.0853375000E-01   5.2937339000E-01
c6         6.0           4.2381430300E+00   5.2725286400E+00   2.7406664000E-01
c7         6.0           3.5798618300E+00   5.5577458100E+00   2.6766430500E+00
h8         1.0           3.2117477300E+00  -1.4820187000E+00   4.5744889200E+00
h9         1.0          -1.0176559000E+00   9.3378773000E-01  -2.1821811400E+00
h10        1.0          -7.6326767000E-01   1.1308047000E+00   5.9978306000E+00
h11        1.0          -3.3400932900E+00   2.6117801300E+00   1.8778595400E+00
h12        1.0           2.9972935100E+00   5.8488560000E+00  -1.2456773000E+00
h13        1.0           6.0444580400E+00   4.4484788400E+00  -2.1308564000E-01
h14        1.0           4.7863063800E+00   4.9838852500E+00   4.2247374000E+00
c15        6.0           1.1985665600E+00   6.6535175200E+00   3.3598287500E+00
h16        1.0           3.6006319500E+00  -8.7636300000E-03  -2.6389193000E-01
h17        1.0           1.7833032700E+00  -2.7746075400E+00  -1.1721806000E-01
n18        7.0          -7.0239365000E-01   7.5434880900E+00   3.9082387500E+00
 
Some Atomic Properties:
----------------------
  q(A) = Net Charge of Atom A
  L(A) = Lagrangian of Atom A = -(1/4) Times Atomic Integral of the Laplacian of the Electron Density
  K(A) = Electronic Kinetic Energy of Atom A (Hamiltonian Form)
  K_Scaled(A) = K(A) * E(Mol)/K(Mol) = Approximation to Virial-Based Total Energy of Atom A.
  |Mu_Intra(A)| = Magnitude of Intraatomic Dipole Moment of Atom A
--------------------------------------------------------------------------------------------------
Atom A          q(A)              L(A)              K(A)          K_Scaled(A)      |Mu_Intra(A)|
--------------------------------------------------------------------------------------------------
c1       -7.7927210400E-02  8.6121098124E-05  3.7907213113E+01 -3.8098921262E+01  1.8178426518E-01
c2       -4.9846102700E-02 -1.1145194380E-04  3.7906772011E+01 -3.8098477929E+01  1.7175278391E-01
c3       -5.3833579300E-02 -1.4210285100E-04  3.7907328036E+01 -3.8099036766E+01  1.7476799471E-01
c4       -6.7164457900E-02 -5.9971023717E-05  3.7907745809E+01 -3.8099456652E+01  1.9015656772E-01
c5       -9.4708252000E-03  1.6661049423E-04  3.7860852218E+01 -3.8052325906E+01  1.4445148857E-01
c6       -2.2321817000E-03 -8.9554286296E-05  3.7853326763E+01 -3.8044762393E+01  1.7356104206E-01
c7        6.3303256600E-02 -6.1951968440E-05  3.7830186095E+01 -3.8021504695E+01  3.1359262033E-01
h8        5.1257111410E-02  2.0790984500E-05  5.9466535899E-01 -5.9767276011E-01  1.3961317311E-01
h9        3.2755386190E-02  1.9932784097E-05  6.0143859613E-01 -6.0448025154E-01  1.4482963191E-01
h10       5.6518027110E-02  2.1316749476E-05  5.9290031828E-01 -5.9589879306E-01  1.3630230193E-01
h11       5.1742503950E-02  1.5887018267E-05  5.9559625365E-01 -5.9860836258E-01  1.3733263035E-01
h12       6.6611963720E-02  2.0176524826E-05  5.8997657809E-01 -5.9296026664E-01  1.3635076683E-01
h13       6.4727516410E-02  2.6909302556E-05  5.9186298243E-01 -5.9485621109E-01  1.3391916491E-01
h14       1.0372222123E-01  2.2907093132E-05  5.7661107988E-01 -5.7952717509E-01  1.2976352866E-01
c15       9.8135530440E-01 -8.4242176409E-05  3.7362187708E+01 -3.7551139500E+01  1.0425773091E+00
h16       3.3413764700E-02  2.7184534013E-05  5.9836168125E-01 -6.0138777578E-01  1.4451467403E-01
h17       4.2896289330E-02  2.3677119108E-05  5.9493903524E-01 -5.9794782043E-01  1.4458918886E-01
n18      -1.2879204324E+00  1.3291179505E-05  5.5205456600E+01 -5.5484647156E+01  6.2084133027E-01
--------------------------------------------------------------------------------------------------
Total    -9.1444550000E-05 -8.4469367828E-05  3.6307742024E+02 -3.6491361168E+02
 
1st Largest |L(A)| = 1.6661049423E-04, atom c5      
2nd Largest |L(A)| = 1.4210285100E-04, atom c3      
 
Molecular charge q(Mol) from the wfn file:   0.0000000000E+00
Molecular energy E(Mol) from the wfn file:  -3.6491366026E+02
Molecular virial ratio (-V(Mol)/T(Mol)) from the wfn file:   2.0050573000E+00
Note.  K_Scaled(A) = (1+V(Mol)/T(Mol))*K(A) = (E(Mol)/T(Mol))*K(A)
       Only use K_Scaled(A) data with caution.
 
N_AIMInt(SumA)     =         64.000091
N_Analytic(Mol)    =         63.999992
 
G_AIMInt(SumA)     =        363.077505
G_Analytic(Mol)    =        363.077432
 
K_AIMInt(SumA)     =        363.077420
K_Analytic(Mol)    =        363.077432
 
L_AIMInt(SumA)     =         -0.000084
L_Analytic(Mol)    =          0.000000
 
VenT_AIMInt(SumA)  =      -1622.780247
VenT_Analytic(Mol) =      -1622.778633
 
Some Information About the Atomic Calculations:
----------------------------------------------
  Time(sec) = "Elapsed User Time", in Seconds, for Atom A by AIMInt and, if used, by TWOe
  NProc = Number of Processors Used for AIMInt Job
  BIM = Basin Integration Method
  OAQ = Angular Quadrature Outside of Beta Sphere
  ORQ = Multiple of Default for Radial Quadrature Outside of Beta Sphere
  IAQ = Multiple of Default for Angular Quadrature Inside of Beta Sphere
  IRQ = Multiple of Default for Radial Quadrature Inside of Beta Sphere
  MIR = Maximum Integration Radius
------------------------------------------------------------------------------------------------------
Atom A     Time(sec)   NProc      BIM          OAQ                     ORQ      IAQ      IRQ      MIR
------------------------------------------------------------------------------------------------------
c1             51        8     Proaim(5)    4500(GS4)                  1.00     1.00     1.00    13.00
c2             72        8     Proaim(5)    4500(GS4)                  1.00     1.00     1.00    13.00
c3             65        8     Proaim(5)    4500(GS4)                  1.00     1.00     1.00    13.00
c4             41        8     Proaim(5)    4500(GS4)                  1.00     1.00     1.00    13.00
c5             40        8     Proaim(5)    4500(GS4)                  1.00     1.00     1.00    13.00
c6             59        8     Proaim(5)    4500(GS4)                  1.00     1.00     1.00    13.00
c7             54        8     Proaim(5)    4500(GS4)                  1.00     1.00     1.00    13.00
h8              9        8     Proaim(5)    1800(GS4)                  1.00     1.00     1.00    13.00
h9             10        8     Proaim(5)    1800(GS4)                  1.00     1.00     1.00    13.00
h10             9        8     Proaim(5)    1800(GS4)                  1.00     1.00     1.00    13.00
h11            11        8     Proaim(5)    1800(GS4)                  1.00     1.00     1.00    13.00
h12            11        8     Proaim(5)    1800(GS4)                  1.00     1.00     1.00    13.00
h13             9        8     Proaim(5)    1800(GS4)                  1.00     1.00     1.00    13.00
h14            10        8     Proaim(5)    1800(GS4)                  1.00     1.00     1.00    13.00
c15            60        8     Proaim(5)    4500(GS4)                  1.00     1.00     1.00    13.00
h16            23        8     Proaim(5)    4500(GS4)                  1.00     1.00     1.00    13.00
h17            10        8     Proaim(5)    1800(GS4)                  1.00     1.00     1.00    13.00
n18            21        8     Proaim(5)    2700(GS4)                  1.00     1.00     1.00    13.00
------------------------------------------------------------------------------------------------------
Total         565
Note:  Total wall clock time is less than total of atomic times if more than one atom
       was calculated at a time
 
Electron Density Critical Point Analysis of Molecular Structure:               
---------------------------------------------------------------                
  NACP = Nuclear Attractor Critical Point                                      
  NNACP = Non-Nuclear Attractor Critical Point                                 
  BCP = Bond Critical Point                                                    
  RCP = Ring Critical Point                                                    
  CCP = Cage Critical Point                                                    
  Rho = Electron Density                                                       
  GradRho = Gradient of Electron Density                                       
  HessRho_EigVals = Eigenvalues of the Hessian of Rho, Ascending Order         
  HessRho_EigVecs = Eigenvectors of the Hessian of Rho                         
  DelSqRho = Laplacian of Rho = Trace of Hessian of Rho                        
  Bond Ellipticity = (HessRho_EigVal(1) / HessRho_EigVal(2)) - 1               
  V = Virial Field = Potential Energy Density = Trace of Stress Tensor         
  G = Lagrangian Form of Kinetic Energy Density                                
  K = Hamiltonian Form of Kinetic Energy Density                               
  L = K - G = Lagrangian Density = (-1/4)DelSqRho                              
  Vnuc = Electrostatic Potential from Nuclei                                   
  Ven = Electron-nuclear attractive contribution to Virial Field V             
  Vrep = V - Ven = Repulsive contribution to Virial Field V                    
  DelSqV = Laplacian of V                                                      
  DelSqVen = Laplacian of Ven                                                  
  DelSqVrep = Laplacian of Vrep                                                
  DelSqG = Laplacian of G                                                      
  DelSqK = Laplacian of K                                                      
  Stress_EigVals = Eigenvalues of Stress Tensor, Ascending Order               
  Stress_EigVecs = Eigenvectors of Stress Tensor                               
  -DivStress = Ehrenfest Force Density = Minus Divergence of Stress Tensor     
  ESP = Total Electrostatic Potential                                          
  ESPe = Electrostatic Potential from Electrons                                
  ESPn = Electrostatic Potential from Nuclei                                   
  BP = Bond Path                                                               
  BPL = Bond Path Length                                                       
  GBL = Geometric Bond Length                                                  
  GBL_I = Distance Between Nuclear Attractors                                  
  GBL_II = Distance Between Nuclei                                             
  GBL_III = Sum of Distances Between BCP and Nuclear Attractors                
  GBL_IV = Sum of Distances Between BCP and Nuclei                             

CP# 1      Coords = -4.38998203003260E-01  6.52448455608850E-01 -2.43863020207518E-01
           Type = (3,-3) NACP c1
           Rho =  1.2217904890E+02     Rho at Nucleus =  1.2217904854E+02
           GradRho =  6.1464984213E-09 -3.9966212562E-09 -4.9806709868E-09
           HessRho_EigVals = -3.2297363758E+05 -3.2297219421E+05 -3.2297095284E+05
           HessRho_EigVec1 =  5.3513797177E-01  8.4392910073E-01 -3.7563600778E-02
           HessRho_EigVec2 =  7.3433992628E-01 -4.4274610532E-01  5.1451021262E-01
           HessRho_EigVec3 = -4.1757900311E-01  3.0291840346E-01  8.5666108643E-01
           DelSqRho = -9.6891678463E+05
           Bond Ellipticity = NA
           V = -2.4224659217E+05
           G =  8.6980059353E+00
           K =  2.4223789416E+05
           L =  2.4222919616E+05
           Vnuc =  4.0124128895E+06
           Ven = -4.9023279063E+08
           Vrep =  4.8999054403E+08
           DelSqV =  2.3765307988E+10
           DelSqVen =  3.8876943278E+12
           DelSqVrep = -3.8639290301E+12
           DelSqG =  6.4044274067E+08
           DelSqK = -2.4405750729E+10
           Stress_EigVals = -8.0749324720E+04 -8.0748939440E+04 -8.0748328008E+04
           Stress_EigVec1 = -3.5434088819E-01  2.6622709032E-01  8.9641824576E-01
           Stress_EigVec2 =  7.6544551895E-01 -4.6807798002E-01  4.4158369777E-01
           Stress_EigVec3 =  5.3715518472E-01  8.4263048900E-01 -3.7923166131E-02
           -DivStress = -8.1116517447E+03  5.2748611072E+03  6.5758372136E+03
           ESP =  -1.4773713442E+01     ESP at Nucleus =  -1.4773713454E+01
           ESPe = -2.7425478522E+01     ESPe at Nucleus = -2.7425479432E+01
           ESPn =  1.2651765080E+01     ESPn at Nucleus =  1.2651765978E+01

CP# 2      Coords = -1.63003576196385E+00  1.49611014503249E+00  1.82694095448932E+00
           Type = (3,-3) NACP c2
           Rho =  1.2220320275E+02     Rho at Nucleus =  1.2220320251E+02
           GradRho = -8.1962880927E-10  7.3828299030E-10  4.4299230950E-09
           HessRho_EigVals = -3.2304325422E+05 -3.2304118025E+05 -3.2304014510E+05
           HessRho_EigVec1 =  5.4587343789E-01  8.3701237729E-01 -3.7847986308E-02
           HessRho_EigVec2 =  6.0720997919E-01 -3.6406955203E-01  7.0622192154E-01
           HessRho_EigVec3 = -5.7733719002E-01  4.0848946320E-01  7.0697816619E-01
           DelSqRho = -9.6912457957E+05
           Bond Ellipticity = NA
           V = -2.4229852426E+05
           G =  8.6896845685E+00
           K =  2.4228983458E+05
           L =  2.4228114489E+05
           Vnuc =  5.0017469882E+06
           Ven = -6.1122950129E+08
           Vrep =  6.1098720277E+08
           DelSqV =  2.3770406706E+10
           DelSqVen =  4.8473158451E+12
           DelSqVrep = -4.8235453073E+12
           DelSqG =  6.4059113126E+08
           DelSqK = -2.4410997837E+10
           Stress_EigVals = -8.0766653514E+04 -8.0766323635E+04 -8.0765547112E+04
           Stress_EigVec1 = -6.0864421662E-01  4.2398658184E-01  6.7066205797E-01
           Stress_EigVec2 =  5.7874500172E-01 -3.4098916590E-01  7.4079728112E-01
           Stress_EigVec3 =  5.4277660281E-01  8.3902429473E-01 -3.7839031282E-02
           -DivStress =  1.6614136603E+03 -1.5283178272E+03 -9.1128586386E+03
           ESP =  -1.4776142457E+01     ESP at Nucleus =  -1.4776142466E+01
           ESPe = -2.7735083939E+01     ESPe at Nucleus = -2.7735084387E+01
           ESPn =  1.2958941482E+01     ESPn at Nucleus =  1.2958941921E+01

CP# 3      Coords = -2.21558518028212E-01  6.94903331744379E-01  4.07653653911186E+00
           Type = (3,-3) NACP c3
           Rho =  1.2219957501E+02     Rho at Nucleus =  1.2219957475E+02
           GradRho = -4.4852679348E-09  2.9938077573E-09 -6.7676353410E-10
           HessRho_EigVals = -3.2303318938E+05 -3.2303119550E+05 -3.2303012625E+05
           HessRho_EigVec1 =  5.4298699826E-01  8.3892161299E-01 -3.7089715310E-02
           HessRho_EigVec2 =  3.9873469401E-01 -2.1870389864E-01  8.9060611300E-01
           HessRho_EigVec3 =  7.3903705152E-01 -4.9837649621E-01 -4.5326052608E-01
           DelSqRho = -9.6909451113E+05
           Bond Ellipticity = NA
           V = -2.4229101105E+05
           G =  8.6916357200E+00
           K =  2.4228231942E+05
           L =  2.4227362778E+05
           Vnuc =  4.7234332855E+06
           Ven = -5.7720154009E+08
           Vrep =  5.7695924908E+08
           DelSqV =  2.3769669844E+10
           DelSqVen =  4.5774530150E+12
           DelSqVrep = -4.5536833452E+12
           DelSqG =  6.4057033030E+08
           DelSqK = -2.4410240175E+10
           Stress_EigVals = -8.0764148545E+04 -8.0763809250E+04 -8.0763053259E+04
           Stress_EigVec1 =  7.2067556126E-01 -4.8489391704E-01 -4.9548423247E-01
           Stress_EigVec2 =  4.3309604964E-01 -2.4318672683E-01  8.6792167140E-01
           Stress_EigVec3 =  5.4134512762E-01  8.4008220140E-01 -3.4746909116E-02
           -DivStress =  8.2017406115E+03 -5.4921321746E+03  1.1774219747E+03
           ESP =  -1.4770243394E+01     ESP at Nucleus =  -1.4770243399E+01
           ESPe = -2.7669446457E+01     ESPe at Nucleus = -2.7669446834E+01
           ESPn =  1.2899203063E+01     ESPn at Nucleus =  1.2899203435E+01

CP# 4      Coords =  1.81122708779247E+00 -6.34487802035814E-01  3.35409947412448E+00
           Type = (3,-3) NACP c4
           Rho =  1.2218918778E+02     Rho at Nucleus =  1.2218918743E+02
           GradRho =  5.1163316361E-09 -3.2989657672E-09 -5.8997422503E-09
           HessRho_EigVals = -3.2300338308E+05 -3.2300172010E+05 -3.2300048333E+05
           HessRho_EigVec1 =  5.3616341693E-01  8.4348474714E-01 -3.2592509662E-02
           HessRho_EigVec2 =  1.5879889579E-01 -6.2868381465E-02  9.8530730095E-01
           HessRho_EigVec3 =  8.2904264127E-01 -5.3346138375E-01 -1.6765217268E-01
           DelSqRho = -9.6900558651E+05
           Bond Ellipticity = NA
           V = -2.4226877285E+05
           G =  8.6881115081E+00
           K =  2.4226008474E+05
           L =  2.4225139663E+05
           Vnuc =  4.0751245012E+06
           Ven = -4.9793615290E+08
           Vrep =  4.9769388413E+08
           DelSqV =  2.3767487189E+10
           DelSqVen =  3.9488183337E+12
           DelSqVrep = -3.9250508465E+12
           DelSqG =  6.4050713539E+08
           DelSqK = -2.4407994324E+10
           Stress_EigVals = -8.0756739485E+04 -8.0756347931E+04 -8.0755685435E+04
           Stress_EigVec1 =  8.3717584343E-01 -5.3918230333E-01 -9.1755386507E-02
           Stress_EigVec2 =  9.5390973406E-02 -2.1249103372E-02  9.9521306151E-01
           Stress_EigVec3 =  5.3855099050E-01  8.4192096980E-01 -3.3643888720E-02
           -DivStress = -6.9480465632E+03  4.4763233068E+03  8.0240937783E+03
           ESP =  -1.4764662473E+01     ESP at Nucleus =  -1.4764662481E+01
           ESPe = -2.7354952263E+01     ESPe at Nucleus = -2.7354952863E+01
           ESPn =  1.2590289790E+01     ESPn at Nucleus =  1.2590290381E+01

CP# 5      Coords =  1.86326937984322E+00 -8.08533641589019E-01  5.29373431607183E-01
           Type = (3,-3) NACP c5
           Rho =  1.2199662701E+02     Rho at Nucleus =  1.2199662700E+02
           GradRho = -4.3715697728E-11  2.1854629217E-11  5.9875576719E-12
           HessRho_EigVals = -3.2245896596E+05 -3.2245861590E+05 -3.2245825841E+05
           HessRho_EigVec1 =  5.2324702809E-01 -3.1379373548E-01  7.9230425921E-01
           HessRho_EigVec2 =  5.5707136091E-01  8.2953142267E-01 -3.9358831981E-02
           HessRho_EigVec3 =  6.4489072442E-01 -4.6196440380E-01 -6.0885535489E-01
           DelSqRho = -9.6737584027E+05
           Bond Ellipticity = NA
           V = -2.4186148824E+05
           G =  8.7640870880E+00
           K =  2.4185272415E+05
           L =  2.4184396007E+05
           Vnuc =  3.4398295749E+07
           Ven = -4.1964760562E+09
           Vrep =  4.1962341947E+09
           DelSqV =  2.3727521839E+10
           DelSqVen =  3.3276131541E+13
           DelSqVrep = -3.3252404019E+13
           DelSqG =  6.3935765039E+08
           DelSqK = -2.4366879490E+10
           Stress_EigVals = -8.0620598579E+04 -8.0620493880E+04 -8.0620395781E+04
           Stress_EigVec1 =  6.5040415732E-01 -4.5653513144E-01 -6.0708327756E-01
           Stress_EigVec2 =  5.5456139298E-01  8.3155739078E-01 -3.1208448513E-02
           Stress_EigVec3 =  5.1907233942E-01 -3.1636684340E-01  7.9402514245E-01
           -DivStress =  1.0157268612E+03 -8.4651639084E+02 -3.2443940576E+02
           ESP =  -1.4753747097E+01     ESP at Nucleus =  -1.4753747095E+01
           ESPe = -2.7177389483E+01     ESPe at Nucleus = -2.7177389226E+01
           ESPn =  1.2423642386E+01     ESPn at Nucleus =  1.2423642130E+01

CP# 6      Coords =  4.23814318692173E+00  5.27252853776192E+00  2.74066227151139E-01
           Type = (3,-3) NACP c6
           Rho =  1.2222445072E+02     Rho at Nucleus =  1.2222445069E+02
           GradRho =  5.0700776910E-11 -6.6730621029E-11 -2.2989832260E-10
           HessRho_EigVals = -3.2309949192E+05 -3.2309639905E+05 -3.2309582691E+05
           HessRho_EigVec1 =  4.1934014540E-01  9.0778842754E-01  8.6030967728E-03
           HessRho_EigVec2 =  8.6562758879E-01 -4.0268438407E-01  2.9754691118E-01
           HessRho_EigVec3 = -2.7357397535E-01  1.1732628708E-01  9.5466843583E-01
           DelSqRho = -9.6929171788E+05
           Bond Ellipticity = NA
           V = -2.4234026984E+05
           G =  8.6701864044E+00
           K =  2.4233159966E+05
           L =  2.4232292947E+05
           Vnuc =  1.3234979203E+07
           Ven = -1.6176380634E+09
           Vrep =  1.6173957231E+09
           DelSqV =  2.3774496675E+10
           DelSqVen =  1.2828553511E+13
           DelSqVrep = -1.2804779014E+13
           DelSqG =  6.4070150369E+08
           DelSqK = -2.4415198179E+10
           Stress_EigVals = -8.0780580351E+04 -8.0780362934E+04 -8.0779326557E+04
           Stress_EigVec1 = -2.7725767375E-01  1.1753774356E-01  9.5357907967E-01
           Stress_EigVec2 =  8.6527511813E-01 -4.0087555146E-01  3.0099462152E-01
           Stress_EigVec3 =  4.1764476806E-01  9.0856131938E-01  9.4433379154E-03
           -DivStress = -1.2289750099E+03  8.0099562427E+02  3.2335111192E+03
           ESP =  -1.4729207458E+01     ESP at Nucleus =  -1.4729207461E+01
           ESPe = -2.5866320712E+01     ESPe at Nucleus = -2.5866321304E+01
           ESPn =  1.1137113254E+01     ESPn at Nucleus =  1.1137113843E+01

CP# 7      Coords =  3.57985910123221E+00  5.55774708220817E+00  2.67664452605337E+00
           Type = (3,-3) NACP c7
           Rho =  1.2213741263E+02     Rho at Nucleus =  1.2213741081E+02
           GradRho =  5.4829696339E-11 -5.5876636651E-11 -3.5669911469E-11
           HessRho_EigVals = -3.2286549566E+05 -3.2286492330E+05 -3.2286280298E+05
           HessRho_EigVec1 =  3.9837537130E-01  9.1718684411E-01  8.0843387499E-03
           HessRho_EigVec2 =  9.1312262975E-01 -3.9574686477E-01 -9.7936112126E-02
           HessRho_EigVec3 =  8.6626361891E-02 -4.6397327691E-02  9.9515986726E-01
           DelSqRho = -9.6859322194E+05
           Bond Ellipticity = NA
           V = -2.4216585915E+05
           G =  8.7768321980E+00
           K =  2.4215708232E+05
           L =  2.4214830548E+05
           Vnuc =  1.7893900271E+06
           Ven = -2.1855146809E+08
           Vrep =  2.1830930223E+08
           DelSqV =  2.3757397555E+10
           DelSqVen =  1.7331910554E+12
           DelSqVrep = -1.7094336578E+12
           DelSqG =  6.4023259518E+08
           DelSqK = -2.4397630150E+10
           Stress_EigVals = -8.0722518760E+04 -8.0721855031E+04 -8.0721485358E+04
           Stress_EigVec1 =  6.9585326313E-02 -3.7136831259E-02  9.9688451594E-01
           Stress_EigVec2 =  9.1019358817E-01 -4.0664072654E-01 -7.8682600271E-02
           Stress_EigVec3 =  4.0829586628E-01  9.1283304897E-01  5.5054780488E-03
           -DivStress =  2.1337627876E+04 -9.9472487669E+03 -1.1544239496E+04
           ESP =  -1.4709826791E+01     ESP at Nucleus =  -1.4709826818E+01
           ESPe = -2.7050600997E+01     ESPe at Nucleus = -2.7050599867E+01
           ESPn =  1.2340774206E+01     ESPn at Nucleus =  1.2340773049E+01

CP# 8      Coords =  3.19231562585610E+00 -1.47022084571891E+00  4.55721195247131E+00
           Type = (3,-3) NACP h8
           Rho =  4.3876206102E-01     Rho at Nucleus =  4.3529240272E-01
           GradRho = -3.5479215052E-13  2.1643190712E-13 -3.1299962622E-13
           HessRho_EigVals = -8.9966655835E+00 -8.9913980332E+00 -8.2515051964E+00
           HessRho_EigVec1 = -4.8440602956E-01  3.6465745708E-01  7.9522055904E-01
           HessRho_EigVec2 =  5.4869075196E-01  8.3461796100E-01 -4.8490389546E-02
           HessRho_EigVec3 =  6.8138774368E-01 -4.1284112945E-01  6.0437814702E-01
           DelSqRho = -2.6239568813E+01
           Bond Ellipticity = NA
           V = -6.5731559735E+00
           G =  6.6318851134E-03
           K =  6.5665240884E+00
           L =  6.5598922033E+00
           Vnuc =  4.6979571586E+01
           Ven = -2.0612853655E+01
           Vrep =  1.4039697681E+01
           DelSqV =  1.7091929851E+03
           DelSqVen =  1.2327237014E+03
           DelSqVrep =  4.7646928361E+02
           DelSqG =  1.3126282102E+02
           DelSqK = -1.8404558061E+03
           Stress_EigVals = -2.2544741465E+00 -2.2539343068E+00 -2.0647475203E+00
           Stress_EigVec1 =  5.4212828672E-01  8.3944493409E-01 -3.7803748175E-02
           Stress_EigVec2 = -4.9113730823E-01  3.5304721287E-01  7.9633021414E-01
           Stress_EigVec3 =  6.8182187205E-01 -4.1314630353E-01  6.0367960598E-01
           -DivStress =  1.0795486406E+01 -6.5540249006E+00  9.5980429956E+00
           ESP =  -1.0899590279E+00     ESP at Nucleus =  -1.0912494933E+00
           ESPe = -1.3047281161E+01     ESPe at Nucleus = -1.2972234643E+01
           ESPn =  1.1957322133E+01     ESPn at Nucleus =  1.1880985150E+01

CP# 9      Coords = -1.00949293523998E+00  9.29780283575290E-01 -2.15556257240593E+00
           Type = (3,-3) NACP h9
           Rho =  4.4024294809E-01     Rho at Nucleus =  4.3686042100E-01
           GradRho =  2.4528989950E-15 -7.9688859678E-16  6.1999017031E-15
           HessRho_EigVals = -9.0301895155E+00 -9.0246776103E+00 -8.2965641359E+00
           HessRho_EigVec1 =  7.8157952229E-01 -5.3567759283E-01 -3.1966070586E-01
           HessRho_EigVec2 =  5.5248884001E-01  8.3235866564E-01 -4.3990151068E-02
           HessRho_EigVec3 =  2.8963689682E-01 -1.4222717132E-01  9.4651038015E-01
           DelSqRho = -2.6351431262E+01
           Bond Ellipticity = NA
           V = -6.6015320071E+00
           G =  6.8370958340E-03
           K =  6.5946949112E+00
           L =  6.5878578154E+00
           Vnuc =  4.7593155692E+01
           Ven = -2.0952551171E+01
           Vrep =  1.4351019164E+01
           DelSqV =  1.7179030203E+03
           DelSqVen =  1.2541477708E+03
           DelSqVrep =  4.6375524953E+02
           DelSqG =  1.3193748016E+02
           DelSqK = -1.8498405004E+03
           Stress_EigVals = -2.2630602201E+00 -2.2624006052E+00 -2.0760711818E+00
           Stress_EigVec1 =  5.3623750811E-01  8.4323981875E-01 -3.7362320220E-02
           Stress_EigVec2 =  7.9308188461E-01 -5.1850379932E-01 -3.1964814154E-01
           Stress_EigVec3 =  2.8891254592E-01 -1.4177594356E-01  9.4679940993E-01
           -DivStress = -4.5545828242E+00  2.2362301792E+00 -1.4852023026E+01
           ESP =  -1.1051044699E+00     ESP at Nucleus =  -1.1064776072E+00
           ESPe = -1.3147785845E+01     ESPe at Nucleus = -1.3074172481E+01
           ESPn =  1.2042681375E+01     ESPn at Nucleus =  1.1967694873E+01

CP# 10     Coords = -7.55820000558980E-01  1.12472301186991E+00  5.97082658034097E+00
           Type = (3,-3) NACP h10
           Rho =  4.3884077326E-01     Rho at Nucleus =  4.3534338544E-01
           GradRho =  2.6888213878E-15 -2.1215668111E-15 -7.8062556419E-15
           HessRho_EigVals = -8.9998788749E+00 -8.9953136110E+00 -8.2508107709E+00
           HessRho_EigVec1 =  7.8725249001E-01 -5.1863299423E-01  3.3354659984E-01
           HessRho_EigVec2 =  5.5921237272E-01  8.2841535135E-01 -3.1773067813E-02
           HessRho_EigVec3 = -2.5983656240E-01  2.1153681226E-01  9.4219803539E-01
           DelSqRho = -2.6246003257E+01
           Bond Ellipticity = NA
           V = -6.5740589950E+00
           G =  6.2790904192E-03
           K =  6.5677799046E+00
           L =  6.5615008142E+00
           Vnuc =  4.7315740813E+01
           Ven = -2.0764076286E+01
           Vrep =  1.4190017291E+01
           DelSqV =  1.7091692833E+03
           DelSqVen =  1.2418490875E+03
           DelSqVrep =  4.6732019584E+02
           DelSqG =  1.3129173859E+02
           DelSqK = -1.8404610219E+03
           Stress_EigVals = -2.2548741214E+00 -2.2545848566E+00 -2.0646000170E+00
           Stress_EigVec1 =  4.8417889944E-01  8.7273414770E-01 -6.2497206195E-02
           Stress_EigVec2 =  8.3535347412E-01 -4.3982683144E-01  3.2975283414E-01
           Stress_EigVec3 = -2.6029861048E-01  2.1186662264E-01  9.4199637345E-01
           -DivStress = -4.1381985437E+00  3.3784529965E+00  1.5004398565E+01
           ESP =  -1.0983306973E+00     ESP at Nucleus =  -1.0996392786E+00
           ESPe = -1.3528100786E+01     ESPe at Nucleus = -1.3454232911E+01
           ESPn =  1.2429770088E+01     ESPn at Nucleus =  1.2354593632E+01

CP# 11     Coords = -3.31629118801496E+00  2.59602861080745E+00  1.87715365702700E+00
           Type = (3,-3) NACP h11
           Rho =  4.4021513293E-01     Rho at Nucleus =  4.3673148863E-01
           GradRho =  1.9717300709E-15  5.5966516144E-16 -2.6324428748E-16
           HessRho_EigVals = -9.0350408871E+00 -9.0309908615E+00 -8.2862371838E+00
           HessRho_EigVec1 =  5.7963521031E-02  4.7737096560E-02  9.9717671445E-01
           HessRho_EigVec2 =  5.4684972025E-01  8.3415324909E-01 -7.1719875145E-02
           HessRho_EigVec3 =  8.3522189488E-01 -5.4946294383E-01 -2.2245441497E-02
           DelSqRho = -2.6352268932E+01
           Bond Ellipticity = NA
           V = -6.6006222317E+00
           G =  6.2774993048E-03
           K =  6.5943447324E+00
           L =  6.5880672331E+00
           Vnuc =  4.7592922581E+01
           Ven = -2.0951124740E+01
           Vrep =  1.4350502509E+01
           DelSqV =  1.7165653923E+03
           DelSqVen =  1.2541814951E+03
           DelSqVrep =  4.6238389715E+02
           DelSqG =  1.3194159180E+02
           DelSqK = -1.8485069841E+03
           Stress_EigVals = -2.2637384150E+00 -2.2634037723E+00 -2.0734800444E+00
           Stress_EigVec1 =  5.4998241333E-01  8.3450812787E-01  3.3399544048E-02
           Stress_EigVec2 =  8.0022339858E-04 -4.0517538680E-02  9.9917850693E-01
           Stress_EigVec3 =  8.3517585254E-01 -5.4950387949E-01 -2.2951726636E-02
           -DivStress = -1.3279915788E+01  8.7866442140E+00  3.9299259350E-01
           ESP =  -1.1113249799E+00     ESP at Nucleus =  -1.1127259341E+00
           ESPe = -1.3678970171E+01     ESPe at Nucleus = -1.3606519241E+01
           ESPn =  1.2567645191E+01     ESPn at Nucleus =  1.2493793306E+01

CP# 12     Coords =  3.01487066485174E+00  5.84081843815032E+00 -1.22435818368366E+00
           Type = (3,-3) NACP h12
           Rho =  4.3852851136E-01     Rho at Nucleus =  4.3500423015E-01
           GradRho =  5.7817340412E-10 -2.6457119655E-10  7.0153434104E-10
           HessRho_EigVals = -9.0000523554E+00 -8.9968064606E+00 -8.2479781611E+00
           HessRho_EigVec1 =  6.7912154623E-01 -2.9717365551E-01 -6.7117936791E-01
           HessRho_EigVec2 =  4.0840457185E-01  9.1275563545E-01  9.1025079795E-03
           HessRho_EigVec3 =  6.0991772489E-01 -2.8029443168E-01  7.4123909802E-01
           DelSqRho = -2.6244836977E+01
           Bond Ellipticity = NA
           V = -6.5735753652E+00
           G =  6.1830604643E-03
           K =  6.5673923047E+00
           L =  6.5612092443E+00
           Vnuc =  4.6905747267E+01
           Ven = -2.0569507523E+01
           Vrep =  1.3995932158E+01
           DelSqV =  1.7088706039E+03
           DelSqVen =  1.2310336926E+03
           DelSqVrep =  4.7783691126E+02
           DelSqG =  1.3137427405E+02
           DelSqK = -1.8402448779E+03
           Stress_EigVals = -2.2549590859E+00 -2.2546512476E+00 -2.0639650317E+00
           Stress_EigVec1 =  4.6061132749E-01  8.8653544959E-01 -4.3498294372E-02
           Stress_EigVec2 =  6.4534070842E-01 -3.6813668004E-01 -6.6933605526E-01
           Stress_EigVec3 =  6.0940345835E-01 -2.8023254884E-01  7.4168533997E-01
           -DivStress = -9.7655453126E+00  4.4667450682E+00 -1.1846330193E+01
           ESP =  -1.0735206643E+00     ESP at Nucleus =  -1.0749777547E+00
           ESPe = -1.3228197974E+01     ESPe at Nucleus = -1.3167257234E+01
           ESPn =  1.2154677310E+01     ESPn at Nucleus =  1.2092279479E+01

CP# 13     Coords =  6.01901531331658E+00  4.46000225841556E+00 -2.06282445127071E-01
           Type = (3,-3) NACP h13
           Rho =  4.3921158196E-01     Rho at Nucleus =  4.3569009216E-01
           GradRho = -4.9276988739E-15  8.4697873715E-16  7.4072692424E-16
           HessRho_EigVals = -9.0106301714E+00 -9.0069262767E+00 -8.2585455199E+00
           HessRho_EigVec1 =  2.0423137729E-01 -1.2079505626E-01  9.7144124831E-01
           HessRho_EigVec2 =  4.1894667418E-01  9.0767242387E-01  2.4788205436E-02
           HessRho_EigVec3 =  8.8474472517E-01 -4.0191955081E-01 -2.3598187633E-01
           DelSqRho = -2.6276101968E+01
           Bond Ellipticity = NA
           V = -6.5813350400E+00
           G =  6.1547739995E-03
           K =  6.5751802660E+00
           L =  6.5690254920E+00
           Vnuc =  4.6233690953E+01
           Ven = -2.0306372543E+01
           Vrep =  1.3725037503E+01
           DelSqV =  1.7108557594E+03
           DelSqVen =  1.2148411779E+03
           DelSqVrep =  4.9601458156E+02
           DelSqG =  1.3148163582E+02
           DelSqK = -1.8423373952E+03
           Stress_EigVals = -2.2575107036E+00 -2.2573004534E+00 -2.0665238830E+00
           Stress_EigVec1 =  3.9872446264E-01  9.1494416258E-01 -6.2417804013E-02
           Stress_EigVec2 =  2.4178520454E-01 -3.9225704083E-02  9.6953662077E-01
           Stress_EigVec3 =  8.8462348927E-01 -4.0166966964E-01 -2.3686020927E-01
           -DivStress =  1.4152780545E+01 -6.4093615961E+00 -3.7847332893E+00
           ESP =  -1.0638123518E+00     ESP at Nucleus =  -1.0651506301E+00
           ESPe = -1.2511579697E+01     ESPe at Nucleus = -1.2444693986E+01
           ESPn =  1.1447767346E+01     ESPn at Nucleus =  1.1379543356E+01

CP# 14     Coords =  4.76885697471079E+00  4.99227768102213E+00  4.20268878812125E+00
           Type = (3,-3) NACP h14
           Rho =  4.3442422382E-01     Rho at Nucleus =  4.3079564677E-01
           GradRho = -3.0790989741E-09  1.4804207894E-09 -3.8912812902E-09
           HessRho_EigVals = -8.9226178855E+00 -8.9183265001E+00 -8.1560765337E+00
           HessRho_EigVec1 =  6.8720797982E-01 -3.0489117008E-01 -6.5938347483E-01
           HessRho_EigVec2 =  4.1724913792E-01  9.0867330593E-01  1.4696258040E-02
           HessRho_EigVec3 =  5.9468340264E-01 -2.8522657223E-01  7.5166312476E-01
           DelSqRho = -2.5997020919E+01
           Bond Ellipticity = NA
           V = -6.5113671809E+00
           G =  6.0559755287E-03
           K =  6.5053112054E+00
           L =  6.4992552298E+00
           Vnuc =  4.6541780146E+01
           Ven = -2.0218876715E+01
           Vrep =  1.3707509534E+01
           DelSqV =  1.6910691708E+03
           DelSqVen =  1.2099476441E+03
           DelSqVrep =  4.8112152669E+02
           DelSqG =  1.3013424555E+02
           DelSqK = -1.8212034163E+03
           Stress_EigVals = -2.2357531318E+00 -2.2346733223E+00 -2.0409407268E+00
           Stress_EigVec1 =  4.2346413949E-01  9.0587332773E-01  8.4638445248E-03
           Stress_EigVec2 =  6.8340917664E-01 -3.1330908347E-01 -6.5938555906E-01
           Stress_EigVec3 =  5.9466799127E-01 -2.8501040738E-01  7.5175730648E-01
           -DivStress =  9.6051326863E+00 -4.6185118612E+00  1.2134921422E+01
           ESP =  -1.0505683789E+00     ESP at Nucleus =  -1.0518869851E+00
           ESPe = -1.3513546530E+01     ESPe at Nucleus = -1.3441521048E+01
           ESPn =  1.2462978151E+01     ESPn at Nucleus =  1.2389634062E+01

CP# 15     Coords =  1.19856954886755E+00  6.65351613315805E+00  3.35982797323588E+00
           Type = (3,-3) NACP c15
           Rho =  1.2256062545E+02     Rho at Nucleus =  1.2256062360E+02
           GradRho = -1.8280488234E-11  1.1689316182E-11  4.4910297703E-11
           HessRho_EigVals = -3.2406809812E+05 -3.2406805481E+05 -3.2406434569E+05
           HessRho_EigVec1 =  1.1860309190E-01 -3.4424021829E-01  9.3136028405E-01
           HessRho_EigVec2 =  4.7160587282E-01  8.4496032838E-01  2.5224976547E-01
           HessRho_EigVec3 =  8.7379700578E-01 -4.0931737755E-01 -2.6256061608E-01
           DelSqRho = -9.7220049862E+05
           Bond Ellipticity = NA
           V = -2.4306773849E+05
           G =  8.8069198110E+00
           K =  2.4305893157E+05
           L =  2.4305012465E+05
           Vnuc =  1.7723993559E+06
           Ven = -2.1722637362E+08
           Vrep =  2.1698330588E+08
           DelSqV =  2.3845895420E+10
           DelSqVen =  1.7231275336E+12
           DelSqVrep = -1.6992816381E+12
           DelSqG =  6.4279144672E+08
           DelSqK = -2.4488686866E+10
           Stress_EigVals = -8.1023678778E+04 -8.1022036010E+04 -8.1022023705E+04
           Stress_EigVec1 =  8.7526917501E-01 -4.0815611017E-01 -2.5944645113E-01
           Stress_EigVec2 =  4.6915083510E-01  8.4685233895E-01  2.5047676529E-01
           Stress_EigVec3 =  1.1747921177E-01 -3.4095411092E-01  9.3271052800E-01
           -DivStress = -2.3459508552E+04  1.0884869121E+04  6.0963022715E+03
           ESP =  -1.4741552636E+01     ESP at Nucleus =  -1.4741552684E+01
           ESPe = -2.7249065834E+01     ESPe at Nucleus = -2.7249066347E+01
           ESPn =  1.2507513198E+01     ESPn at Nucleus =  1.2507513663E+01

CP# 16     Coords =  3.57833542251570E+00 -1.90963861206568E-02 -2.53799982145446E-01
           Type = (3,-3) NACP h16
           Rho =  4.3158733602E-01     Rho at Nucleus =  4.2860495068E-01
           GradRho = -3.1944913052E-09 -1.4805457346E-09  1.4464572786E-09
           HessRho_EigVals = -8.8901866976E+00 -8.8889200062E+00 -8.2286506017E+00
           HessRho_EigVec1 = -5.2286340604E-01  3.8026889028E-01 -7.6289542515E-01
           HessRho_EigVec2 = -1.5276568856E-01  8.3868752062E-01  5.2274839756E-01
           HessRho_EigVec3 =  8.3861582565E-01  3.8987025257E-01 -3.8042697477E-01
           DelSqRho = -2.6007757305E+01
           Bond Ellipticity = NA
           V = -6.5162065512E+00
           G =  7.1336124016E-03
           K =  6.5090729388E+00
           L =  6.5019393264E+00
           Vnuc =  5.0614375731E+01
           Ven = -2.1844523586E+01
           Vrep =  1.5328317035E+01
           DelSqV =  1.7010265251E+03
           DelSqVen =  1.3163664109E+03
           DelSqVrep =  3.8466011413E+02
           DelSqG =  1.3108603889E+02
           DelSqK = -1.8321125640E+03
