AIMSum (Version 19.02.13, Professional)
Copyright (c) 1997-2019 by Todd A. Keith
AIMSum is a component of the AIMAll package ( http://aim.tkgristmill.com )

TP:  64-bit Linux

Much of the Quantum Theory of Atoms in Molecules (QTAIM) is described in the book:
  "Atoms in Molecules - A Quantum Theory"
  R.F.W. Bader, Oxford University Press, Oxford, 1990

For additional references see:  http://aim.tkgristmill.com/references.html

Wfn File:  /home/mhennefarth/Documents/DielsAlder/DielsAlder_QTAIM/reactionC/reactC_endo10MVc/reactC_endo10MVc.wfn
Sum File:  /home/mhennefarth/Documents/DielsAlder/DielsAlder_QTAIM/reactionC/reactC_endo10MVc/reactC_endo10MVc.sum

SumViz File:  /home/mhennefarth/Documents/DielsAlder/DielsAlder_QTAIM/reactionC/reactC_endo10MVc/reactC_endo10MVc.sumviz

Wfn Title:  SCF/DFT density                                                                
 
Total memory allocated for AIMSum =        0.993 Megabytes

Atomic units (a.u.) used throughout, except where stated otherwise

Model:  Restricted SCF
 
Restricted, closed-shell, single-determinant wavefunction.
  Number of electrons (from MO Occs)                   =          64.0000000000
  Number of Alpha electrons (from MO Occs)             =          32.0000000000
  Number of Beta electrons (from MO Occs)              =          32.0000000000
  Number of electron pairs (N*(N-1)/2)                 =        2016.0000000000
  Number of electron pairs (from Muller 2EDM)          =        2016.0000000000
 
Nuclear Charges and Cartesian Coordinates:
-------------------------------------------------------------------------------
Atom      Charge                X                  Y                  Z
-------------------------------------------------------------------------------
c1         6.0          -4.2704040000E-02   3.3422718000E-01  -4.0258855000E-01
c2         6.0          -1.8116538000E+00   1.3409943700E+00   1.1062308300E+00
c3         6.0          -9.7538808000E-01   1.1435038700E+00   3.7418277800E+00
c4         6.0           1.2963342500E+00   2.2832510000E-02   3.8132104600E+00
c5         6.0           2.1080071000E+00  -6.1809590000E-01   1.1772669300E+00
c6         6.0           3.5369486100E+00   5.6687716900E+00  -1.7657576000E-01
c7         6.0           2.7383092800E+00   6.1894499700E+00   2.1430008900E+00
h8         1.0           2.4061414200E+00  -3.7994711000E-01   5.4796251100E+00
h9         1.0          -1.0382371000E-01   2.0924611000E-01  -2.4400542800E+00
h10        1.0          -2.0377592500E+00   1.8384054600E+00   5.3423771300E+00
h11        1.0          -3.5650403100E+00   2.2066660500E+00   5.1590423000E-01
h12        1.0           2.2839549300E+00   5.7820857000E+00  -1.7880369100E+00
h13        1.0           5.4816838000E+00   5.1301896000E+00  -5.0626967000E-01
h14        1.0           3.9678644100E+00   6.0965380100E+00   3.7745020200E+00
c15        6.0           1.7630271000E-01   6.9240178200E+00   2.6252554600E+00
h16        1.0           3.8972780500E+00   2.9499673000E-01   6.7740382000E-01
h17        1.0           2.4066479500E+00  -2.6529045800E+00   9.3337493000E-01
n18        7.0          -1.8744801800E+00   7.5041046400E+00   3.0317704500E+00
 
Some Atomic Properties:
----------------------
  q(A) = Net Charge of Atom A
  L(A) = Lagrangian of Atom A = -(1/4) Times Atomic Integral of the Laplacian of the Electron Density
  K(A) = Electronic Kinetic Energy of Atom A (Hamiltonian Form)
  K_Scaled(A) = K(A) * E(Mol)/K(Mol) = Approximation to Virial-Based Total Energy of Atom A.
  |Mu_Intra(A)| = Magnitude of Intraatomic Dipole Moment of Atom A
--------------------------------------------------------------------------------------------------
Atom A          q(A)              L(A)              K(A)          K_Scaled(A)      |Mu_Intra(A)|
--------------------------------------------------------------------------------------------------
c1       -7.2612220300E-02 -2.4591147594E-05  3.7907417093E+01 -3.8099209670E+01  1.8585736903E-01
c2       -5.0717329400E-02  2.1648477923E-05  3.7906229286E+01 -3.8098015853E+01  1.7867744782E-01
c3       -5.2737970100E-02  3.1567352216E-04  3.7908194032E+01 -3.8099990540E+01  1.7224338518E-01
c4       -7.3194553300E-02 -1.3615834907E-04  3.7906536041E+01 -3.8098324160E+01  1.8706363810E-01
c5       -8.6382328000E-03  1.1216599909E-04  3.7860630867E+01 -3.8052186729E+01  1.4528050846E-01
c6        2.6170736000E-03 -1.4218196298E-04  3.7852933615E+01 -3.8044450533E+01  1.7431314397E-01
c7        5.8304567000E-02  1.2409776490E-04  3.7831116782E+01 -3.8022523318E+01  3.1272599515E-01
h8        4.1590358970E-02  1.8235725573E-05  5.9817149694E-01 -6.0119794563E-01  1.4193122665E-01
h9        4.2001588020E-02  1.9502136292E-05  5.9796590551E-01 -6.0099131401E-01  1.4210430245E-01
h10       5.0839542720E-02  2.1005922052E-05  5.9571145061E-01 -5.9872545270E-01  1.3779862895E-01
h11       5.2557404210E-02  1.3268920991E-05  5.9488037983E-01 -5.9789017712E-01  1.3750083232E-01
h12       7.6434976570E-02  2.2445348589E-05  5.8618089729E-01 -5.8914667954E-01  1.3404958022E-01
h13       6.8442792120E-02  2.4743749800E-05  5.9032111739E-01 -5.9330784709E-01  1.3289882089E-01
h14       9.6496438570E-02  2.1306980642E-05  5.7953472065E-01 -5.8246687657E-01  1.3110942939E-01
c15       9.8162140900E-01  1.5128035488E-04  3.7362660065E+01 -3.7551696444E+01  1.0447723201E+00
h16       4.0624511020E-02  3.6774335935E-05  5.9566498046E-01 -5.9867874743E-01  1.4355130513E-01
h17       3.7357526330E-02  2.4533980644E-05  5.9718505553E-01 -6.0020651332E-01  1.4596347000E-01
n18      -1.2906011071E+00  1.4616325367E-05  5.5206340612E+01 -5.5485657092E+01  6.1867302254E-01
--------------------------------------------------------------------------------------------------
Total     3.8677513000E-04  6.3836808519E-04  3.6307767440E+02 -3.6491466589E+02
 
1st Largest |L(A)| = 3.1567352216E-04, atom c3      
2nd Largest |L(A)| = 1.5128035488E-04, atom c15     
 
Molecular charge q(Mol) from the wfn file:   0.0000000000E+00
Molecular energy E(Mol) from the wfn file:  -3.6491442276E+02
Molecular virial ratio (-V(Mol)/T(Mol)) from the wfn file:   2.0050595000E+00
Note.  K_Scaled(A) = (1+V(Mol)/T(Mol))*K(A) = (E(Mol)/T(Mol))*K(A)
       Only use K_Scaled(A) data with caution.
 
N_AIMInt(SumA)     =         63.999613
N_Analytic(Mol)    =         63.999992
 
G_AIMInt(SumA)     =        363.077036
G_Analytic(Mol)    =        363.077377
 
K_AIMInt(SumA)     =        363.077674
K_Analytic(Mol)    =        363.077377
 
L_AIMInt(SumA)     =          0.000638
L_Analytic(Mol)    =          0.000000
 
VenT_AIMInt(SumA)  =      -1624.401034
VenT_Analytic(Mol) =      -1624.403923
 
Some Information About the Atomic Calculations:
----------------------------------------------
  Time(sec) = "Elapsed User Time", in Seconds, for Atom A by AIMInt and, if used, by TWOe
  NProc = Number of Processors Used for AIMInt Job
  BIM = Basin Integration Method
  OAQ = Angular Quadrature Outside of Beta Sphere
  ORQ = Multiple of Default for Radial Quadrature Outside of Beta Sphere
  IAQ = Multiple of Default for Angular Quadrature Inside of Beta Sphere
  IRQ = Multiple of Default for Radial Quadrature Inside of Beta Sphere
  MIR = Maximum Integration Radius
------------------------------------------------------------------------------------------------------
Atom A     Time(sec)   NProc      BIM          OAQ                     ORQ      IAQ      IRQ      MIR
------------------------------------------------------------------------------------------------------
c1             86        8     Proaim(5)    4500(GS4)                  1.00     1.00     1.00    13.00
c2             48        8     Proaim(5)    4500(GS4)                  1.00     1.00     1.00    13.00
c3            148        8    Promega(1)    4500(GS4)                  1.00     1.00     1.00    13.00
c4             42        8     Proaim(5)    4500(GS4)                  1.00     1.00     1.00    13.00
c5             42        8     Proaim(5)    4500(GS4)                  1.00     1.00     1.00    13.00
c6             53        8     Proaim(5)    4500(GS4)                  1.00     1.00     1.00    13.00
c7            471        8    Promega(5)    4500(GS4)                  1.00     1.00     1.00    13.00
h8              9        8     Proaim(5)    1800(GS4)                  1.00     1.00     1.00    13.00
h9             11        8     Proaim(5)    1800(GS4)                  1.00     1.00     1.00    13.00
h10            10        8     Proaim(5)    1800(GS4)                  1.00     1.00     1.00    13.00
h11            11        8     Proaim(5)    1800(GS4)                  1.00     1.00     1.00    13.00
h12            12        8     Proaim(5)    1800(GS4)                  1.00     1.00     1.00    13.00
h13            12        8     Proaim(5)    1800(GS4)                  1.00     1.00     1.00    13.00
h14            10        8     Proaim(5)    1800(GS4)                  1.00     1.00     1.00    13.00
c15           122        8    Promega(1)    4500(GS4)                  1.00     1.00     1.00    13.00
h16            23        8     Proaim(5)    4500(GS4)                  1.00     1.00     1.00    13.00
h17            10        8     Proaim(5)    1800(GS4)                  1.00     1.00     1.00    13.00
n18            23        8     Proaim(5)    2700(GS4)                  1.00     1.00     1.00    13.00
------------------------------------------------------------------------------------------------------
Total        1143
Note:  Total wall clock time is less than total of atomic times if more than one atom
       was calculated at a time
 
Electron Density Critical Point Analysis of Molecular Structure:               
---------------------------------------------------------------                
  NACP = Nuclear Attractor Critical Point                                      
  NNACP = Non-Nuclear Attractor Critical Point                                 
  BCP = Bond Critical Point                                                    
  RCP = Ring Critical Point                                                    
  CCP = Cage Critical Point                                                    
  Rho = Electron Density                                                       
  GradRho = Gradient of Electron Density                                       
  HessRho_EigVals = Eigenvalues of the Hessian of Rho, Ascending Order         
  HessRho_EigVecs = Eigenvectors of the Hessian of Rho                         
  DelSqRho = Laplacian of Rho = Trace of Hessian of Rho                        
  Bond Ellipticity = (HessRho_EigVal(1) / HessRho_EigVal(2)) - 1               
  V = Virial Field = Potential Energy Density = Trace of Stress Tensor         
  G = Lagrangian Form of Kinetic Energy Density                                
  K = Hamiltonian Form of Kinetic Energy Density                               
  L = K - G = Lagrangian Density = (-1/4)DelSqRho                              
  Vnuc = Electrostatic Potential from Nuclei                                   
  Ven = Electron-nuclear attractive contribution to Virial Field V             
  Vrep = V - Ven = Repulsive contribution to Virial Field V                    
  DelSqV = Laplacian of V                                                      
  DelSqVen = Laplacian of Ven                                                  
  DelSqVrep = Laplacian of Vrep                                                
  DelSqG = Laplacian of G                                                      
  DelSqK = Laplacian of K                                                      
  Stress_EigVals = Eigenvalues of Stress Tensor, Ascending Order               
  Stress_EigVecs = Eigenvectors of Stress Tensor                               
  -DivStress = Ehrenfest Force Density = Minus Divergence of Stress Tensor     
  ESP = Total Electrostatic Potential                                          
  ESPe = Electrostatic Potential from Electrons                                
  ESPn = Electrostatic Potential from Nuclei                                   
  BP = Bond Path                                                               
  BPL = Bond Path Length                                                       
  GBL = Geometric Bond Length                                                  
  GBL_I = Distance Between Nuclear Attractors                                  
  GBL_II = Distance Between Nuclei                                             
  GBL_III = Sum of Distances Between BCP and Nuclear Attractors                
  GBL_IV = Sum of Distances Between BCP and Nuclei                             

CP# 1      Coords = -4.27027702934087E-02  3.34226507316168E-01 -4.02588871671215E-01
           Type = (3,-3) NACP c1
           Rho =  1.2218469258E+02     Rho at Nucleus =  1.2218469223E+02
           GradRho =  7.2991710454E-09 -3.8662211210E-09 -1.8515466937E-09
           HessRho_EigVals = -3.2299010520E+05 -3.2298854918E+05 -3.2298731376E+05
           HessRho_EigVec1 =  4.5121809537E-01  8.8948413706E-01 -7.2250953886E-02
           HessRho_EigVec2 =  6.2254418337E-01 -2.5572654987E-01  7.3962333079E-01
           HessRho_EigVec3 =  6.3940673297E-01 -3.7871084169E-01 -6.6913162249E-01
           DelSqRho = -9.6896596814E+05
           Bond Ellipticity = NA
           V = -2.4225887348E+05
           G =  8.6907232075E+00
           K =  2.4225018276E+05
           L =  2.4224149204E+05
           Vnuc =  4.0748334955E+06
           Ven = -4.9788227795E+08
           Vrep =  4.9764001908E+08
           DelSqV =  2.3766514729E+10
           DelSqVen =  3.9483750482E+12
           DelSqVrep = -3.9246085335E+12
           DelSqG =  6.4047824205E+08
           DelSqK = -2.4406992971E+10
           Stress_EigVals = -8.0753428905E+04 -8.0753041323E+04 -8.0752403255E+04
           Stress_EigVec1 = -5.8830868934E-01  3.5689640456E-01  7.2561549215E-01
           Stress_EigVec2 =  6.7177445761E-01 -2.8378949656E-01  6.8423870085E-01
           Stress_EigVec3 =  4.5012438741E-01  8.8999352697E-01 -7.2798061831E-02
           -DivStress = -9.9333266181E+03  5.2625220877E+03  2.5197077923E+03
           ESP =  -1.4770413883E+01     ESP at Nucleus =  -1.4770413895E+01
           ESPe = -2.7439033674E+01     ESPe at Nucleus = -2.7439034445E+01
           ESPn =  1.2668619790E+01     ESPn at Nucleus =  1.2668620550E+01

CP# 2      Coords = -1.81165435053448E+00  1.34099468948641E+00  1.10623189241275E+00
           Type = (3,-3) NACP c2
           Rho =  1.2220012512E+02     Rho at Nucleus =  1.2220012487E+02
           GradRho = -2.2441888348E-09  1.2713607944E-09  4.2868495420E-09
           HessRho_EigVals = -3.2303403412E+05 -3.2303204012E+05 -3.2303097617E+05
           HessRho_EigVec1 =  4.5273314211E-01  8.8886447755E-01 -7.0375013913E-02
           HessRho_EigVec2 =  4.2723826448E-01 -1.4697681501E-01  8.9211281866E-01
           HessRho_EigVec3 =  7.8262389907E-01 -4.3395593832E-01 -4.4629819203E-01
           DelSqRho = -9.6909705041E+05
           Bond Ellipticity = NA
           V = -2.4229165352E+05
           G =  8.6954601687E+00
           K =  2.4228295806E+05
           L =  2.4227426260E+05
           Vnuc =  4.8445855706E+06
           Ven = -5.9200896289E+08
           Vrep =  5.9176667124E+08
           DelSqV =  2.3769731066E+10
           DelSqVen =  4.6948737352E+12
           DelSqVrep = -4.6711040696E+12
           DelSqG =  6.4057081991E+08
           DelSqK = -2.4410301886E+10
           Stress_EigVals = -8.0764362055E+04 -8.0764023234E+04 -8.0763268234E+04
           Stress_EigVec1 =  8.0302086224E-01 -4.4031066198E-01 -4.0160181243E-01
           Stress_EigVec2 =  3.8863793591E-01 -1.2396561216E-01  9.1301318817E-01
           Stress_EigVec3 =  4.5179425581E-01  8.8924633704E-01 -7.1574454067E-02
           -DivStress =  4.3108408175E+03 -2.5017293761E+03 -8.3127114905E+03
           ESP =  -1.4776711607E+01     ESP at Nucleus =  -1.4776711613E+01
           ESPe = -2.7743204329E+01     ESPe at Nucleus = -2.7743204775E+01
           ESPn =  1.2966492722E+01     ESPn at Nucleus =  1.2966493162E+01

CP# 3      Coords = -9.75389118234807E-01  1.14350432064322E+00  3.74182731873310E+00
           Type = (3,-3) NACP c3
           Rho =  1.2220258715E+02     Rho at Nucleus =  1.2220258691E+02
           GradRho = -4.1021790409E-09  1.8070451802E-09 -1.8362715792E-09
           HessRho_EigVals = -3.2304205261E+05 -3.2304001346E+05 -3.2303896557E+05
           HessRho_EigVec1 =  4.5132167519E-01  8.8861544028E-01 -8.1678300669E-02
           HessRho_EigVec2 =  1.5868798731E-01  1.0150337988E-02  9.8727660426E-01
           HessRho_EigVec3 =  8.7813829673E-01 -4.5854069605E-01 -1.3643152817E-01
           DelSqRho = -9.6912103164E+05
           Bond Ellipticity = NA
           V = -2.4229763585E+05
           G =  8.6889717383E+00
           K =  2.4228894688E+05
           L =  2.4228025791E+05
           Vnuc =  4.9091846874E+06
           Ven = -5.9991506959E+08
           Vrep =  5.9967277195E+08
           DelSqV =  2.3770320808E+10
           DelSqVen =  4.7575940465E+12
           DelSqVrep = -4.7338236601E+12
           DelSqG =  6.4058966428E+08
           DelSqK = -2.4410910472E+10
           Stress_EigVals = -8.0766356569E+04 -8.0766023664E+04 -8.0765255620E+04
           Stress_EigVec1 =  8.7041437981E-01 -4.5581336521E-01 -1.8604564900E-01
           Stress_EigVec2 =  2.0140427259E-01 -1.5151510722E-02  9.7939101012E-01
           Stress_EigVec3 =  4.4923838483E-01  8.8994640727E-01 -7.8614666448E-02
           -DivStress =  8.1263815012E+03 -3.5277355661E+03  3.6069831368E+03
           ESP =  -1.4776081578E+01     ESP at Nucleus =  -1.4776081584E+01
           ESPe = -2.7731374252E+01     ESPe at Nucleus = -2.7731374721E+01
           ESPn =  1.2955292674E+01     ESPn at Nucleus =  1.2955293137E+01

CP# 4      Coords =  1.29633543730040E+00  2.28318732630789E-02  3.81320992513611E+00
           Type = (3,-3) NACP c4
           Rho =  1.2218382054E+02     Rho at Nucleus =  1.2218382020E+02
           GradRho =  6.6123977405E-09 -3.5472815796E-09 -2.9955744552E-09
           HessRho_EigVals = -3.2298808114E+05 -3.2298650566E+05 -3.2298528621E+05
           HessRho_EigVec1 =  4.4415011331E-01  8.9269895627E-01 -7.6284010927E-02
           HessRho_EigVec2 = -7.2166178410E-02  1.2051128770E-01  9.9008538633E-01
           HessRho_EigVec3 =  8.9304127538E-01 -4.3424141099E-01  1.1794777423E-01
           DelSqRho = -9.6895987301E+05
           Bond Ellipticity = NA
           V = -2.4225735131E+05
           G =  8.6915282939E+00
           K =  2.4224865978E+05
           L =  2.4223996825E+05
           Vnuc =  4.1392279087E+06
           Ven = -5.0574667996E+08
           Vrep =  5.0550442260E+08
           DelSqV =  2.3766366227E+10
           DelSqVen =  4.0107456430E+12
           DelSqVrep = -3.9869792768E+12
           DelSqG =  6.4047476866E+08
           DelSqK = -2.4406840996E+10
           Stress_EigVals = -8.0752919775E+04 -8.0752537211E+04 -8.0751894323E+04
           Stress_EigVec1 =  8.8367147478E-01 -4.2424046431E-01  1.9785033008E-01
           Stress_EigVec2 = -1.4457489756E-01  1.5465071631E-01  9.7733374798E-01
           Stress_EigVec3 =  4.4522221829E-01  8.9224614563E-01 -7.5325904888E-02
           -DivStress = -9.2902054494E+03  4.9817344743E+03  4.1818300742E+03
           ESP =  -1.4770632953E+01     ESP at Nucleus =  -1.4770632964E+01
           ESPe = -2.7382484307E+01     ESPe at Nucleus = -2.7382485104E+01
           ESPn =  1.2611851355E+01     ESPn at Nucleus =  1.2611852140E+01

CP# 5      Coords =  2.10800690959059E+00 -6.18095866407342E-01  1.17726699007567E+00
           Type = (3,-3) NACP c5
           Rho =  1.2199597990E+02     Rho at Nucleus =  1.2199597989E+02
           GradRho = -1.0161871344E-11  4.7354342669E-12  1.4270362669E-11
           HessRho_EigVals = -3.2245705433E+05 -3.2245667697E+05 -3.2245632750E+05
           HessRho_EigVec1 =  3.0460745516E-01 -6.7732288415E-02  9.5006664786E-01
           HessRho_EigVec2 =  3.7363826175E-01  9.2601428773E-01 -5.3777209593E-02
           HessRho_EigVec3 =  8.7613283674E-01 -3.7136218981E-01 -3.0737823014E-01
           DelSqRho = -9.6737005881E+05
           Bond Ellipticity = NA
           V = -2.4186004500E+05
           G =  8.7651509851E+00
           K =  2.4185127985E+05
           L =  2.4184251470E+05
           Vnuc =  2.9634323241E+07
           Ven = -3.6152683024E+09
           Vrep =  3.6150264423E+09
           DelSqV =  2.3727379969E+10
           DelSqVen =  2.8667321254E+13
           DelSqVrep = -2.8643593874E+13
           DelSqG =  6.3935339717E+08
           DelSqK = -2.4366733366E+10
           Stress_EigVals = -8.0620118750E+04 -8.0620016083E+04 -8.0619910171E+04
           Stress_EigVec1 =  8.7437109561E-01 -3.7663539290E-01 -3.0597543688E-01
           Stress_EigVec2 =  3.7858700875E-01  9.2390637180E-01 -5.5397589720E-02
           Stress_EigVec3 =  3.0355734872E-01 -6.7400274181E-02  9.5042629334E-01
           -DivStress =  1.4862111496E+03 -2.6215524894E+02 -4.6889015801E+02
           ESP =  -1.4754798174E+01     ESP at Nucleus =  -1.4754798173E+01
           ESPe = -2.7190182269E+01     ESPe at Nucleus = -2.7190181996E+01
           ESPn =  1.2435384095E+01     ESPn at Nucleus =  1.2435383823E+01

CP# 6      Coords =  3.53694880918450E+00  5.66877151706239E+00 -1.76576029487461E-01
           Type = (3,-3) NACP c6
           Rho =  1.2223177890E+02     Rho at Nucleus =  1.2223177888E+02
           GradRho =  6.4643179698E-11 -1.4315038044E-10 -1.0277245721E-10
           HessRho_EigVals = -3.2312048832E+05 -3.2311718952E+05 -3.2311666856E+05
           HessRho_EigVec1 =  2.5088986343E-01  9.5922043461E-01 -1.3019383342E-01
           HessRho_EigVec2 =  9.2256260667E-01 -1.9620780159E-01  3.3223596338E-01
           HessRho_EigVec3 = -2.9314247935E-01  2.0346659781E-01  9.3416745307E-01
           DelSqRho = -9.6935434641E+05
           Bond Ellipticity = NA
           V = -2.4235590368E+05
           G =  8.6585408753E+00
           K =  2.4234724514E+05
           L =  2.4233858660E+05
           Vnuc =  1.5910856187E+07
           Ven = -1.9448122556E+09
           Vrep =  1.9445698997E+09
           DelSqV =  2.3776032102E+10
           DelSqVen =  1.5423251677E+13
           DelSqVrep = -1.5399475645E+13
           DelSqG =  6.4074596654E+08
           DelSqK = -2.4416778069E+10
           Stress_EigVals = -8.0785799719E+04 -8.0785596016E+04 -8.0784507949E+04
           Stress_EigVec1 = -3.0743195875E-01  2.0404265116E-01  9.2943648909E-01
           Stress_EigVec2 =  9.1847451878E-01 -1.9172862453E-01  3.4589693970E-01
           Stress_EigVec3 =  2.4877730824E-01  9.6000350574E-01 -1.2846446925E-01
           -DivStress = -1.5600670532E+03  1.3545621518E+03  2.1116620614E+03
           ESP =  -1.4724583819E+01     ESP at Nucleus =  -1.4724583822E+01
           ESPe = -2.5864945248E+01     ESPe at Nucleus = -2.5864945694E+01
           ESPn =  1.1140361429E+01     ESPn at Nucleus =  1.1140361872E+01

CP# 7      Coords =  2.73830633811241E+00  6.18945090179396E+00  2.14300220353834E+00
           Type = (3,-3) NACP c7
           Rho =  1.2213088877E+02     Rho at Nucleus =  1.2213088695E+02
           GradRho =  4.0221159736E-11  5.6321169950E-11  2.2540191935E-11
           HessRho_EigVals = -3.2284624725E+05 -3.2284578920E+05 -3.2284368015E+05
           HessRho_EigVec1 =  1.8123264780E-01  9.7523198930E-01 -1.2679627127E-01
           HessRho_EigVec2 =  9.8268004265E-01 -1.8464959695E-01 -1.5635220702E-02
           HessRho_EigVec3 =  3.8660847774E-02  1.2176655281E-01  9.9180554821E-01
           DelSqRho = -9.6853571660E+05
           Bond Ellipticity = NA
           V = -2.4215150057E+05
           G =  8.7857084008E+00
           K =  2.4214271486E+05
           L =  2.4213392915E+05
           Vnuc =  1.7889998294E+06
           Ven = -2.1849213917E+08
           Vrep =  2.1824998767E+08
           DelSqV =  2.3755986521E+10
           DelSqVen =  1.7327102095E+12
           DelSqVrep = -1.7089542251E+12
           DelSqG =  6.4019067364E+08
           DelSqK = -2.4396177195E+10
           Stress_EigVals = -8.0717720527E+04 -8.0717060378E+04 -8.0716719661E+04
           Stress_EigVec1 =  2.3724791143E-02  1.2899545994E-01  9.9136133957E-01
           Stress_EigVec2 =  9.7437040392E-01 -2.2487109469E-01  5.9419464155E-03
           Stress_EigVec3 =  2.2369499378E-01  9.6581217744E-01 -1.3102437816E-01
           -DivStress =  2.3002690133E+04 -7.2849979395E+03 -1.0272996182E+04
           ESP =  -1.4709788752E+01     ESP at Nucleus =  -1.4709788777E+01
           ESPe = -2.7014886657E+01     ESPe at Nucleus = -2.7014885503E+01
           ESPn =  1.2305097905E+01     ESPn at Nucleus =  1.2305096726E+01

CP# 8      Coords =  2.39087435272791E+00 -3.74522344144355E-01  5.45635204869806E+00
           Type = (3,-3) NACP h8
           Rho =  4.3930115152E-01     Rho at Nucleus =  4.3587413504E-01
           GradRho = -1.0528687297E-15 -2.6801477704E-16 -2.3037127761E-15
           HessRho_EigVals = -9.0055752901E+00 -9.0000678284E+00 -8.2666420218E+00
           HessRho_EigVec1 =  7.1522448764E-01 -4.1061099842E-01 -5.6555507270E-01
           HessRho_EigVec2 =  4.4571552235E-01  8.9127870027E-01 -8.3426324263E-02
           HessRho_EigVec3 =  5.3832295643E-01 -1.9240812462E-01  8.2048004739E-01
           DelSqRho = -2.6272285140E+01
           Bond Ellipticity = NA
           V = -6.5815567338E+00
           G =  6.7427243596E-03
           K =  6.5748140094E+00
           L =  6.5680712851E+00
           Vnuc =  4.7240484045E+01
           Ven = -2.0752799039E+01
           Vrep =  1.4171242305E+01
           DelSqV =  1.7119076993E+03
           DelSqVen =  1.2411154670E+03
           DelSqVrep =  4.7079223231E+02
           DelSqG =  1.3142851996E+02
           DelSqK = -1.8433362192E+03
           Stress_EigVals = -2.2567817483E+00 -2.2562086147E+00 -2.0685663708E+00
           Stress_EigVec1 =  4.4284838310E-01  8.9290505651E-01 -8.1276501210E-02
           Stress_EigVec2 =  7.1649202754E-01 -4.0692955646E-01 -5.6661054575E-01
           Stress_EigVec3 =  5.3900323196E-01 -1.9268859889E-01  8.1996745045E-01
           -DivStress =  8.4921457192E+00 -3.0173689750E+00  1.2945347918E+01
           ESP =  -1.0986789759E+00     ESP at Nucleus =  -1.1000037077E+00
           ESPe = -1.3075101682E+01     ESPe at Nucleus = -1.3000655455E+01
           ESPn =  1.1976422706E+01     ESPn at Nucleus =  1.1900651748E+01

CP# 9      Coords = -1.02775651174255E-01  2.10844222088443E-01 -2.41177897384592E+00
           Type = (3,-3) NACP h9
           Rho =  4.3942267023E-01     Rho at Nucleus =  4.3599755006E-01
           GradRho =  7.1297134863E-16  1.2169085184E-15  2.1366589054E-14
           HessRho_EigVals = -9.0117461364E+00 -9.0062963515E+00 -8.2726799638E+00
           HessRho_EigVec1 =  8.9586762617E-01 -4.4425589942E-01 -7.6086935892E-03
           HessRho_EigVec2 =  4.4280579616E-01  8.9409459278E-01 -6.7215221849E-02
           HessRho_EigVec3 =  3.6663650633E-02  5.6846767617E-02  9.9770948764E-01
           DelSqRho = -2.6290722452E+01
           Bond Ellipticity = NA
           V = -6.5861532576E+00
           G =  6.7363223611E-03
           K =  6.5794169353E+00
           L =  6.5726806129E+00
           Vnuc =  4.7352523507E+01
           Ven = -2.0807772321E+01
           Vrep =  1.4221619064E+01
           DelSqV =  1.7132471404E+03
           DelSqVen =  1.2449320529E+03
           DelSqVrep =  4.6831508754E+02
           DelSqG =  1.3157609523E+02
           DelSqK = -1.8448232357E+03
           Stress_EigVals = -2.2583304010E+00 -2.2577487074E+00 -2.0700741492E+00
           Stress_EigVec1 = -4.5096222682E-01 -8.9000387356E-01  6.7276853625E-02
           Stress_EigVec2 =  8.9182277813E-01 -4.5234398530E-01 -6.0869842052E-03
           Stress_EigVec3 =  3.5849719608E-02  5.7254030552E-02  9.9771577796E-01
           -DivStress = -5.8354021308E-01 -8.8960459333E-01 -1.5739556091E+01
           ESP =  -1.0978775123E+00     ESP at Nucleus =  -1.0991976683E+00
           ESPe = -1.3164360262E+01     ESPe at Nucleus = -1.3090153622E+01
           ESPn =  1.2066482750E+01     ESPn at Nucleus =  1.1990955953E+01

CP# 10     Coords = -2.02307476998206E+00  1.82853778239846E+00  5.32001569951337E+00
           Type = (3,-3) NACP h10
           Rho =  4.4006446631E-01     Rho at Nucleus =  4.3659073783E-01
           GradRho =  3.5948855787E-09 -2.4123565493E-09 -5.4749807390E-09
           HessRho_EigVals = -9.0317689193E+00 -9.0275963923E+00 -8.2847841188E+00
           HessRho_EigVec1 =  7.0480896698E-01 -3.5202672500E-01  6.1589082226E-01
           HessRho_EigVec2 = -4.8773701673E-01 -8.7090074836E-01  6.0369603389E-02
           HessRho_EigVec3 = -5.1512806424E-01  3.4294179008E-01  7.8551512146E-01
           DelSqRho = -2.6344149430E+01
           Bond Ellipticity = NA
           V = -6.5986277539E+00
           G =  6.2951981323E-03
           K =  6.5923325558E+00
           L =  6.5860373576E+00
           Vnuc =  4.7607532237E+01
           Ven = -2.0950383266E+01
           Vrep =  1.4351755512E+01
           DelSqV =  1.7161609521E+03
           DelSqVen =  1.2541799604E+03
           DelSqVrep =  4.6198099169E+02
           DelSqG =  1.3190514437E+02
           DelSqK = -1.8480660965E+03
           Stress_EigVals = -2.2629062662E+00 -2.2625982392E+00 -2.0731232486E+00
           Stress_EigVec1 =  3.7998298451E-01  9.1282208304E-01 -1.4956194770E-01
           Stress_EigVec2 =  7.6799788409E-01 -2.2121991154E-01  6.0103327759E-01
           Stress_EigVec3 = -5.1555036758E-01  3.4324567798E-01  7.8510523055E-01
           -DivStress = -8.1902217289E+00  5.5022055083E+00  1.2472329252E+01
           ESP =  -1.1088439364E+00     ESP at Nucleus =  -1.1102111558E+00
           ESPe = -1.3645677266E+01     ESPe at Nucleus = -1.3572869465E+01
           ESPn =  1.2536833329E+01     ESPn at Nucleus =  1.2462658309E+01

CP# 11     Coords = -3.54061878753602E+00  2.19441365630807E+00  5.24265514207695E-01
           Type = (3,-3) NACP h11
           Rho =  4.3978506110E-01     Rho at Nucleus =  4.3630019693E-01
           GradRho = -3.5301622736E-16 -1.9944983165E-15 -1.1188966420E-16
           HessRho_EigVals = -9.0241192042E+00 -9.0197543100E+00 -8.2755889008E+00
           HessRho_EigVec1 = -2.0166184047E-01  2.4811315106E-01  9.4750850464E-01
           HessRho_EigVec2 =  4.7690395032E-01  8.6983775530E-01 -1.2627312309E-01
           HessRho_EigVec3 =  8.5550869327E-01 -4.2640607842E-01  2.9373922452E-01
           DelSqRho = -2.6319462415E+01
           Bond Ellipticity = NA
           V = -6.5924507333E+00
           G =  6.2925647912E-03
           K =  6.5861581685E+00
           L =  6.5798656037E+00
           Vnuc =  4.7541818059E+01
           Ven = -2.0908181360E+01
           Vrep =  1.4315730627E+01
           DelSqV =  1.7143263891E+03
           DelSqVen =  1.2512750935E+03
           DelSqVrep =  4.6305129558E+02
           DelSqG =  1.3174301738E+02
           DelSqK = -1.8460694065E+03
           Stress_EigVals = -2.2609904024E+00 -2.2606528676E+00 -2.0708074633E+00
           Stress_EigVec1 =  4.3664556691E-01  8.9899974732E-01  3.3765414520E-02
           Stress_EigVec2 = -2.7792147379E-01  9.9100203852E-02  9.5547831163E-01
           Stress_EigVec3 =  8.5562860127E-01 -4.2658950282E-01  2.9312299940E-01
           -DivStress = -1.3608077440E+01  6.8259399861E+00 -4.6594344204E+00
           ESP =  -1.1093753670E+00     ESP at Nucleus =  -1.1107441003E+00
           ESPe = -1.3653689634E+01     ESPe at Nucleus = -1.3580647398E+01
           ESPn =  1.2544314267E+01     ESPn at Nucleus =  1.2469903298E+01

CP# 12     Coords =  2.30180907196119E+00  5.78050528813323E+00 -1.76519388232338E+00
           Type = (3,-3) NACP h12
           Rho =  4.3767537929E-01     Rho at Nucleus =  4.3409725302E-01
           GradRho =  1.0412677665E-15 -3.6789148117E-15 -5.5597887405E-16
           HessRho_EigVals = -8.9794555870E+00 -8.9768268434E+00 -8.2200794363E+00
           HessRho_EigVec1 =  7.6617919870E-01 -1.9464939949E-01 -6.1243860652E-01
           HessRho_EigVec2 =  1.8677690720E-01  9.7933316047E-01 -7.7594766209E-02
           HessRho_EigVec3 =  6.1488521077E-01 -5.4937892979E-02  7.8670070897E-01
           DelSqRho = -2.6176361867E+01
           Bond Ellipticity = NA
           V = -6.5562295184E+00
           G =  6.0695258714E-03
           K =  6.5501599925E+00
           L =  6.5440904667E+00
           Vnuc =  4.6678841863E+01
           Ven = -2.0430179817E+01
           Vrep =  1.3873950299E+01
           DelSqV =  1.7035231266E+03
           DelSqVen =  1.2218822561E+03
           DelSqVrep =  4.8164087046E+02
           DelSqG =  1.3094632680E+02
           DelSqK = -1.8344694534E+03
           Stress_EigVals = -2.2497862680E+00 -2.2494860886E+00 -2.0569571618E+00
           Stress_EigVec1 =  3.3962775683E-01  9.1886281575E-01 -2.0085843929E-01
           Stress_EigVec2 =  7.1226537132E-01 -3.9072886896E-01 -5.8310289981E-01
           Stress_EigVec3 =  6.1427276320E-01 -5.4973419020E-02  7.8717653395E-01
           -DivStress = -9.8931052434E+00  8.7657371999E-01 -1.2659327819E+01
           ESP =  -1.0667895729E+00     ESP at Nucleus =  -1.0682112927E+00
           ESPe = -1.3305272657E+01     ESPe at Nucleus = -1.3244604303E+01
           ESPn =  1.2238483084E+01     ESPn at Nucleus =  1.2176393010E+01

CP# 13     Coords =  5.45425547394113E+00  5.13763391418733E+00 -5.01535230745239E-01
           Type = (3,-3) NACP h13
           Rho =  4.3884629412E-01     Rho at Nucleus =  4.3531200178E-01
           GradRho = -1.3163515417E-14  1.5386997232E-15  2.3533692356E-15
           HessRho_EigVals = -9.0037777952E+00 -9.0001678746E+00 -8.2499999721E+00
           HessRho_EigVec1 =  1.8937444979E-01  8.4614163076E-02  9.7825240157E-01
           HessRho_EigVec2 =  2.4090874221E-01  9.6182497916E-01 -1.2982945500E-01
           HessRho_EigVec3 =  9.5189300643E-01 -2.6025593724E-01 -1.6176078463E-01
           DelSqRho = -2.6253945642E+01
           Bond Ellipticity = NA
           V = -6.5756799726E+00
           G =  6.0967810558E-03
           K =  6.5695831915E+00
           L =  6.5634864105E+00
           Vnuc =  4.6103378909E+01
           Ven = -2.0232296981E+01
           Vrep =  1.3656617008E+01
           DelSqV =  1.7092144733E+03
           DelSqVen =  1.2103956038E+03
           DelSqVrep =  4.9881886951E+02
           DelSqG =  1.3136859269E+02
           DelSqK = -1.8405830660E+03
           Stress_EigVals = -2.2557084802E+00 -2.2555889848E+00 -2.0643825075E+00
           Stress_EigVec1 =  2.5013147793E-01  9.6492980901E-01 -7.9653671829E-02
           Stress_EigVec2 =  1.7777464199E-01  3.5098903722E-02  9.8344508928E-01
           Stress_EigVec3 =  9.5175123873E-01 -2.6015097664E-01 -1.6276071068E-01
           -DivStress =  1.5244281078E+01 -4.1370539115E+00 -2.6315862580E+00
           ESP =  -1.0595293521E+00     ESP at Nucleus =  -1.0608659485E+00
           ESPe = -1.2455449787E+01     ESPe at Nucleus = -1.2387829091E+01
           ESPn =  1.1395920435E+01     ESPn at Nucleus =  1.1326963143E+01

CP# 14     Coords =  3.95007713986338E+00  6.09794444820750E+00  3.75140537613690E+00
           Type = (3,-3) NACP h14
           Rho =  4.3510074418E-01     Rho at Nucleus =  4.3150488658E-01
           GradRho = -1.4324479103E-15  3.2690863905E-15 -1.2134390714E-15
           HessRho_EigVals = -8.9351852382E+00 -8.9307704327E+00 -8.1731422421E+00
           HessRho_EigVec1 =  7.6075275412E-01 -2.4874481899E-01 -5.9948416337E-01
           HessRho_EigVec2 =  2.2609585741E-01  9.6735605514E-01 -1.1446801236E-01
           HessRho_EigVec3 =  6.0838796041E-01 -4.8459030259E-02  7.9215895628E-01
           DelSqRho = -2.6039097913E+01
           Bond Ellipticity = NA
           V = -6.5220359067E+00
           G =  6.1307142030E-03
           K =  6.5159051925E+00
           L =  6.5097744783E+00
           Vnuc =  4.6608599929E+01
           Ven = -2.0279436514E+01
           Vrep =  1.3757400608E+01
           DelSqV =  1.6942805018E+03
           DelSqVen =  1.2136458971E+03
           DelSqVrep =  4.8063460463E+02
           DelSqG =  1.3035134764E+02
           DelSqK = -1.8246318494E+03
           Stress_EigVals = -2.2389689946E+00 -2.2378423023E+00 -2.0452246097E+00
           Stress_EigVec1 =  2.6721128498E-01  9.5232539750E-01 -1.4722250662E-01
           Stress_EigVec2 =  7.4732095889E-01 -3.0124714504E-01 -5.9225124906E-01
           Stress_EigVec3 =  6.0836626598E-01 -4.8233752476E-02  7.9218936596E-01
           -DivStress =  9.8065139776E+00 -7.7486413163E-01  1.2732334332E+01
           ESP =  -1.0528424169E+00     ESP at Nucleus =  -1.0541952108E+00
           ESPe = -1.3398387429E+01     ESPe at Nucleus = -1.3325948542E+01
           ESPn =  1.2345545012E+01     ESPn at Nucleus =  1.2271753331E+01

CP# 15     Coords =  1.76305909598548E-01  6.92401693943051E+00  2.62525490544882E+00
           Type = (3,-3) NACP c15
           Rho =  1.2256204327E+02     Rho at Nucleus =  1.2256204144E+02
           GradRho =  9.2992280543E-13  7.8615336463E-11  6.9370287292E-11
           HessRho_EigVals = -3.2407208666E+05 -3.2407204997E+05 -3.2406832084E+05
           HessRho_EigVec1 =  1.6492783903E-01 -1.3423575725E-01  9.7712822566E-01
           HessRho_EigVec2 =  2.8876999892E-01  9.5385481546E-01  8.2297501446E-02
           HessRho_EigVec3 =  9.4308573080E-01 -2.6859216760E-01 -1.9608047294E-01
           DelSqRho = -9.7221245747E+05
           Bond Ellipticity = NA
           V = -2.4307072086E+05
           G =  8.8032469530E+00
           K =  2.4306191761E+05
           L =  2.4305311437E+05
           Vnuc =  1.7832990608E+06
           Ven = -2.1856477665E+08
           Vrep =  2.1832170593E+08
           DelSqV =  2.3846188439E+10
           DelSqVen =  1.7337455677E+12
           DelSqVrep = -1.7098993793E+12
           DelSqG =  6.4279981800E+08
           DelSqK = -2.4488988257E+10
           Stress_EigVals = -8.1024675583E+04 -8.1023027976E+04 -8.1023017302E+04
           Stress_EigVec1 =  9.4397291158E-01 -2.6863674445E-01 -1.9170143907E-01
           Stress_EigVec2 =  2.9218795386E-01  9.5035299050E-01  1.0702986996E-01
           Stress_EigVec3 =  1.5343188007E-01 -1.5704614921E-01  9.7559990016E-01
           -DivStress = -2.5113767087E+04  6.9110474834E+03  4.3522735679E+03
           ESP =  -1.4741237901E+01     ESP at Nucleus =  -1.4741237949E+01
           ESPe = -2.7302310265E+01     ESPe at Nucleus = -2.7302310892E+01
           ESPn =  1.2561072364E+01     ESPn at Nucleus =  1.2561072943E+01

CP# 16     Coords =  3.87419002501820E+00  2.83058578006374E-01  6.83815159053234E-01
           Type = (3,-3) NACP h16
           Rho =  4.3093655754E-01     Rho at Nucleus =  4.2791425812E-01
           GradRho = -3.2439329001E-16  1.7065342195E-16  1.5092094241E-16
           HessRho_EigVals = -8.8746936757E+00 -8.8738234349E+00 -8.2080947454E+00
           HessRho_EigVec1 =  2.6076482747E-01  1.5037275273E-02  9.6528523510E-01
           HessRho_EigVec2 = -4.3390636804E-01  8.9501941040E-01  1.0327399853E-01
           HessRho_EigVec3 =  8.6239606245E-01  4.4577363690E-01 -2.3991435164E-01
           DelSqRho = -2.5956611856E+01
           Bond Ellipticity = NA
           V = -6.5032823901E+00
           G =  7.0647130722E-03
           K =  6.4962176771E+00
           L =  6.4891529640E+00
           Vnuc =  5.0342451218E+01
           Ven = -2.1694402626E+01
           Vrep =  1.5191120236E+01
           DelSqV =  1.6970375356E+03
           DelSqVen =  1.3067194661E+03
           DelSqVrep =  3.9031806946E+02
           DelSqG =  1.3076916408E+02
           DelSqK = -1.8278066997E+03
