AIMSum (Version 19.02.13, Professional)
Copyright (c) 1997-2019 by Todd A. Keith
AIMSum is a component of the AIMAll package ( http://aim.tkgristmill.com )

TP:  64-bit Linux

Much of the Quantum Theory of Atoms in Molecules (QTAIM) is described in the book:
  "Atoms in Molecules - A Quantum Theory"
  R.F.W. Bader, Oxford University Press, Oxford, 1990

For additional references see:  http://aim.tkgristmill.com/references.html

Wfn File:  /home/mhennefarth/Documents/DielsAlder/DielsAlder_QTAIM/reactionC/reactC_endol-10MVc/reactC_endol-10MVc.wfn
Sum File:  /home/mhennefarth/Documents/DielsAlder/DielsAlder_QTAIM/reactionC/reactC_endol-10MVc/reactC_endol-10MVc.sum

SumViz File:  /home/mhennefarth/Documents/DielsAlder/DielsAlder_QTAIM/reactionC/reactC_endol-10MVc/reactC_endol-10MVc.sumviz

Wfn Title:  SCF/DFT density                                                                
 
Total memory allocated for AIMSum =        0.968 Megabytes

Atomic units (a.u.) used throughout, except where stated otherwise

Model:  Restricted SCF
 
Restricted, closed-shell, single-determinant wavefunction.
  Number of electrons (from MO Occs)                   =          64.0000000000
  Number of Alpha electrons (from MO Occs)             =          32.0000000000
  Number of Beta electrons (from MO Occs)              =          32.0000000000
  Number of electron pairs (N*(N-1)/2)                 =        2016.0000000000
  Number of electron pairs (from Muller 2EDM)          =        2016.0000000000
 
Nuclear Charges and Cartesian Coordinates:
-------------------------------------------------------------------------------
Atom      Charge                X                  Y                  Z
-------------------------------------------------------------------------------
c1         6.0           1.5319992000E-01   3.0875576000E-01  -5.7352453000E-01
c2         6.0          -1.5963093700E+00   1.3487024500E+00   9.4066273000E-01
c3         6.0          -8.2622855000E-01   1.0224569500E+00   3.5784754200E+00
c4         6.0           1.3852388600E+00  -2.1597975000E-01   3.6521719700E+00
c5         6.0           2.2059263000E+00  -8.2512376000E-01   1.0122109500E+00
c6         6.0           3.0901071900E+00   5.4743217300E+00   7.6682180000E-02
c7         6.0           3.8519182000E+00   5.2906778600E+00   2.4601693700E+00
h8         1.0           2.4231791800E+00  -7.5759616000E-01   5.3252527200E+00
h9         1.0           1.0688065000E-01   2.2143907000E-01  -2.6133509100E+00
h10        1.0          -1.8919817700E+00   1.6871460700E+00   5.1894189300E+00
h11        1.0          -3.3160298200E+00   2.2735566400E+00   3.3915750000E-01
h12        1.0           1.3989672000E+00   6.5031768000E+00  -4.3177520000E-01
h13        1.0           4.1480761700E+00   4.5799707500E+00  -1.4262510800E+00
h14        1.0           5.5255441700E+00   4.2463188600E+00   2.9999944400E+00
c15        6.0           2.4872800700E+00   6.4607641400E+00   4.4857838500E+00
h16        1.0           4.0739231100E+00  -5.3709370000E-02   5.6378800000E-01
h17        1.0           2.3439976500E+00  -2.8702853600E+00   7.1371807000E-01
n18        7.0           1.4371161100E+00   7.4253309000E+00   6.1221433500E+00
 
Some Atomic Properties:
----------------------
  q(A) = Net Charge of Atom A
  L(A) = Lagrangian of Atom A = -(1/4) Times Atomic Integral of the Laplacian of the Electron Density
  K(A) = Electronic Kinetic Energy of Atom A (Hamiltonian Form)
  K_Scaled(A) = K(A) * E(Mol)/K(Mol) = Approximation to Virial-Based Total Energy of Atom A.
  |Mu_Intra(A)| = Magnitude of Intraatomic Dipole Moment of Atom A
--------------------------------------------------------------------------------------------------
Atom A          q(A)              L(A)              K(A)          K_Scaled(A)      |Mu_Intra(A)|
--------------------------------------------------------------------------------------------------
c1       -6.9434096100E-02 -4.8302268428E-05  3.7907626516E+01 -3.8099765112E+01  1.8687442581E-01
c2       -5.2134879500E-02 -5.6851243900E-05  3.7906081045E+01 -3.8098211807E+01  1.7093232144E-01
c3       -4.8698865000E-02 -3.2483089727E-04  3.7906131732E+01 -3.8098262751E+01  1.7076771963E-01
c4       -6.9447840000E-02  8.1508514826E-05  3.7907758544E+01 -3.8099897809E+01  1.8443931869E-01
c5       -9.9976466000E-03  2.8175400259E-04  3.7862809114E+01 -3.8054720549E+01  1.4727045219E-01
c6        1.0692898600E-02 -9.5362913163E-05  3.7850484369E+01 -3.8042333334E+01  1.8507677737E-01
c7        5.4448021700E-02  6.1057203015E-06  3.7831440233E+01 -3.8023192671E+01  3.1223047000E-01
h8        4.4938207230E-02  1.8836675453E-05  5.9687371915E-01 -5.9989903329E-01  1.4156874055E-01
h9        4.8836671330E-02  1.9957861181E-05  5.9535778817E-01 -5.9837541866E-01  1.4045270931E-01
h10       5.2115263610E-02  2.0914862953E-05  5.9527262384E-01 -5.9828982266E-01  1.3684166814E-01
h11       4.8161393360E-02  1.3342662989E-05  5.9662771511E-01 -5.9965178235E-01  1.3799578867E-01
h12       7.5374032540E-02  1.5578361752E-05  5.8723358332E-01 -5.9021003546E-01  1.3414365906E-01
h13       6.6600813090E-02  2.4530202663E-05  5.9105588272E-01 -5.9405170857E-01  1.3399791343E-01
h14       8.6298865870E-02  2.9388114305E-05  5.8373587548E-01 -5.8669459914E-01  1.3300094827E-01
c15       9.7652348120E-01  7.6689649945E-05  3.7361649817E+01 -3.7551021075E+01  1.0481386992E+00
h16       3.0111943930E-02  2.9585926479E-05  6.0011610556E-01 -6.0315785405E-01  1.4522418331E-01
h17       5.6791351500E-02  2.5132430690E-05  5.8921092234E-01 -5.9219739682E-01  1.4105512974E-01
n18      -1.3010074164E+00 -2.6100769171E-05  5.5205668620E+01 -5.5485484072E+01  6.1862987701E-01
--------------------------------------------------------------------------------------------------
Total     1.7220036000E-04  9.1876894195E-05  3.6307513421E+02 -3.6491541683E+02
 
1st Largest |L(A)| = 3.2483089727E-04, atom c3      
2nd Largest |L(A)| = 2.8175400259E-04, atom c5      
 
Molecular charge q(Mol) from the wfn file:   0.0000000000E+00
Molecular energy E(Mol) from the wfn file:  -3.6491546587E+02
Molecular virial ratio (-V(Mol)/T(Mol)) from the wfn file:   2.0050686000E+00
Note.  K_Scaled(A) = (1+V(Mol)/T(Mol))*K(A) = (E(Mol)/T(Mol))*K(A)
       Only use K_Scaled(A) data with caution.
 
N_AIMInt(SumA)     =         63.999828
N_Analytic(Mol)    =         63.999992
 
G_AIMInt(SumA)     =        363.075042
G_Analytic(Mol)    =        363.075128
 
K_AIMInt(SumA)     =        363.075134
K_Analytic(Mol)    =        363.075128
 
L_AIMInt(SumA)     =          0.000092
L_Analytic(Mol)    =          0.000000
 
VenT_AIMInt(SumA)  =      -1619.427566
VenT_Analytic(Mol) =      -1619.428580
 
Some Information About the Atomic Calculations:
----------------------------------------------
  Time(sec) = "Elapsed User Time", in Seconds, for Atom A by AIMInt and, if used, by TWOe
  NProc = Number of Processors Used for AIMInt Job
  BIM = Basin Integration Method
  OAQ = Angular Quadrature Outside of Beta Sphere
  ORQ = Multiple of Default for Radial Quadrature Outside of Beta Sphere
  IAQ = Multiple of Default for Angular Quadrature Inside of Beta Sphere
  IRQ = Multiple of Default for Radial Quadrature Inside of Beta Sphere
  MIR = Maximum Integration Radius
------------------------------------------------------------------------------------------------------
Atom A     Time(sec)   NProc      BIM          OAQ                     ORQ      IAQ      IRQ      MIR
------------------------------------------------------------------------------------------------------
c1            152        8     Proaim(5)    4500(GS4)                  1.00     1.00     1.00    13.00
c2             38        8     Proaim(5)    4500(GS4)                  1.00     1.00     1.00    13.00
c3             51        8     Proaim(5)    4500(GS4)                  1.00     1.00     1.00    13.00
c4             71        8     Proaim(5)    4500(GS4)                  1.00     1.00     1.00    13.00
c5             59        8     Proaim(5)    4500(GS4)                  1.00     1.00     1.00    13.00
c6            139        8     Proaim(5)    4500(GS4)                  1.00     1.00     1.00    13.00
c7             69        8     Proaim(5)    4500(GS4)                  1.00     1.00     1.00    13.00
h8              9        8     Proaim(5)    1800(GS4)                  1.00     1.00     1.00    13.00
h9             10        8     Proaim(5)    1800(GS4)                  1.00     1.00     1.00    13.00
h10            11        8     Proaim(5)    1800(GS4)                  1.00     1.00     1.00    13.00
h11            10        8     Proaim(5)    1800(GS4)                  1.00     1.00     1.00    13.00
h12            10        8     Proaim(5)    1800(GS4)                  1.00     1.00     1.00    13.00
h13            10        8     Proaim(5)    1800(GS4)                  1.00     1.00     1.00    13.00
h14            10        8     Proaim(5)    1800(GS4)                  1.00     1.00     1.00    13.00
c15            32        8     Proaim(5)    4500(GS4)                  1.00     1.00     1.00    13.00
h16            13        8     Proaim(5)    1800(GS4)                  1.00     1.00     1.00    13.00
h17             9        8     Proaim(5)    1800(GS4)                  1.00     1.00     1.00    13.00
n18            18        8     Proaim(5)    2700(GS4)                  1.00     1.00     1.00    13.00
------------------------------------------------------------------------------------------------------
Total         721
Note:  Total wall clock time is less than total of atomic times if more than one atom
       was calculated at a time
 
Electron Density Critical Point Analysis of Molecular Structure:               
---------------------------------------------------------------                
  NACP = Nuclear Attractor Critical Point                                      
  NNACP = Non-Nuclear Attractor Critical Point                                 
  BCP = Bond Critical Point                                                    
  RCP = Ring Critical Point                                                    
  CCP = Cage Critical Point                                                    
  Rho = Electron Density                                                       
  GradRho = Gradient of Electron Density                                       
  HessRho_EigVals = Eigenvalues of the Hessian of Rho, Ascending Order         
  HessRho_EigVecs = Eigenvectors of the Hessian of Rho                         
  DelSqRho = Laplacian of Rho = Trace of Hessian of Rho                        
  Bond Ellipticity = (HessRho_EigVal(1) / HessRho_EigVal(2)) - 1               
  V = Virial Field = Potential Energy Density = Trace of Stress Tensor         
  G = Lagrangian Form of Kinetic Energy Density                                
  K = Hamiltonian Form of Kinetic Energy Density                               
  L = K - G = Lagrangian Density = (-1/4)DelSqRho                              
  Vnuc = Electrostatic Potential from Nuclei                                   
  Ven = Electron-nuclear attractive contribution to Virial Field V             
  Vrep = V - Ven = Repulsive contribution to Virial Field V                    
  DelSqV = Laplacian of V                                                      
  DelSqVen = Laplacian of Ven                                                  
  DelSqVrep = Laplacian of Vrep                                                
  DelSqG = Laplacian of G                                                      
  DelSqK = Laplacian of K                                                      
  Stress_EigVals = Eigenvalues of Stress Tensor, Ascending Order               
  Stress_EigVecs = Eigenvectors of Stress Tensor                               
  -DivStress = Ehrenfest Force Density = Minus Divergence of Stress Tensor     
  ESP = Total Electrostatic Potential                                          
  ESPe = Electrostatic Potential from Electrons                                
  ESPn = Electrostatic Potential from Nuclei                                   
  BP = Bond Path                                                               
  BPL = Bond Path Length                                                       
  GBL = Geometric Bond Length                                                  
  GBL_I = Distance Between Nuclear Attractors                                  
  GBL_II = Distance Between Nuclei                                             
  GBL_III = Sum of Distances Between BCP and Nuclear Attractors                
  GBL_IV = Sum of Distances Between BCP and Nuclei                             

CP# 1      Coords =  1.53201163397410E-01  3.08755145759406E-01 -5.73524793409580E-01
           Type = (3,-3) NACP c1
           Rho =  1.2219043830E+02     Rho at Nucleus =  1.2219043798E+02
           GradRho =  6.5684184758E-09 -3.2417077911E-09 -1.3753762573E-09
           HessRho_EigVals = -3.2300819809E+05 -3.2300647929E+05 -3.2300528703E+05
           HessRho_EigVec1 =  4.7475018157E-01  8.7913697589E-01 -4.1598590358E-02
           HessRho_EigVec2 =  6.1276181204E-01 -2.9623577241E-01  7.3264406696E-01
           HessRho_EigVec3 =  6.3177149889E-01 -3.7331293142E-01 -6.7933955311E-01
           DelSqRho = -9.6901996441E+05
           Bond Ellipticity = NA
           V = -2.4227234360E+05
           G =  8.6762469250E+00
           K =  2.4226366735E+05
           L =  2.4225499110E+05
           Vnuc =  4.2504031841E+06
           Ven = -5.1935862800E+08
           Vrep =  5.1911635566E+08
           DelSqV =  2.3767841251E+10
           DelSqVen =  4.1187254272E+12
           DelSqVrep = -4.0949576187E+12
           DelSqG =  6.4051955568E+08
           DelSqK = -2.4408360807E+10
           Stress_EigVals = -8.0757926163E+04 -8.0757548192E+04 -8.0756869242E+04
           Stress_EigVec1 = -5.7754677098E-01  3.5315189621E-01  7.3601865842E-01
           Stress_EigVec2 =  6.5946375397E-01 -3.2960534748E-01  6.7562406123E-01
           Stress_EigVec3 =  4.8119360401E-01  8.7558212243E-01 -4.2528371061E-02
           -DivStress = -9.7280388440E+03  4.8053910670E+03  2.0642995221E+03
           ESP =  -1.4758018598E+01     ESP at Nucleus =  -1.4758018608E+01
           ESPe = -2.7288246915E+01     ESPe at Nucleus = -2.7288247433E+01
           ESPn =  1.2530228317E+01     ESPn at Nucleus =  1.2530228826E+01

CP# 2      Coords = -1.59630994299788E+00  1.34870288138420E+00  9.40663742059116E-01
           Type = (3,-3) NACP c2
           Rho =  1.2219797420E+02     Rho at Nucleus =  1.2219797395E+02
           GradRho = -2.3111734748E-09  1.7388042117E-09  4.1149466057E-09
           HessRho_EigVals = -3.2302703558E+05 -3.2302501451E+05 -3.2302400478E+05
           HessRho_EigVec1 =  4.8834610154E-01  8.7130633365E-01 -4.8408243637E-02
           HessRho_EigVec2 =  4.2870840585E-01 -1.9122422337E-01  8.8297361181E-01
           HessRho_EigVec3 =  7.6008367162E-01 -4.5194974205E-01 -4.6691995331E-01
           DelSqRho = -9.6907605487E+05
           Bond Ellipticity = NA
           V = -2.4228640085E+05
           G =  8.6935644129E+00
           K =  2.4227770728E+05
           L =  2.4226901372E+05
           Vnuc =  4.8370198537E+06
           Ven = -5.9107402727E+08
           Vrep =  5.9083174087E+08
           DelSqV =  2.3769214020E+10
           DelSqVen =  4.6874401833E+12
           DelSqVrep = -4.6636709693E+12
           DelSqG =  6.4055432623E+08
           DelSqK = -2.4409768346E+10
           Stress_EigVals = -8.0762600994E+04 -8.0762281940E+04 -8.0761517913E+04
           Stress_EigVec1 =  7.8364274337E-01 -4.5883005364E-01 -4.1878279889E-01
           Stress_EigVec2 =  3.8626023922E-01 -1.6808642760E-01  9.0694541206E-01
           Stress_EigVec3 =  4.8652551667E-01  8.7248033487E-01 -4.5508097031E-02
           -DivStress =  4.4860479746E+03 -3.3774751932E+03 -7.9181924346E+03
           ESP =  -1.4763958767E+01     ESP at Nucleus =  -1.4763958773E+01
           ESPe = -2.7404701015E+01     ESPe at Nucleus = -2.7404701619E+01
           ESPn =  1.2640742248E+01     ESPn at Nucleus =  1.2640742846E+01

CP# 3      Coords = -8.26229547663675E-01  1.02245753796593E+00  3.57847492726303E+00
           Type = (3,-3) NACP c3
           Rho =  1.2219877972E+02     Rho at Nucleus =  1.2219877947E+02
           GradRho = -4.2041516336E-09  2.4654758235E-09 -2.0473844842E-09
           HessRho_EigVals = -3.2303070716E+05 -3.2302869540E+05 -3.2302766703E+05
           HessRho_EigVec1 =  4.9691603581E-01  8.6716157071E-01 -3.3245505540E-02
           HessRho_EigVec2 =  1.4113942329E-01 -4.2959394428E-02  9.8905720442E-01
           HessRho_EigVec3 =  8.5624419213E-01 -4.9617063669E-01 -1.4373789597E-01
           DelSqRho = -9.6908706959E+05
           Bond Ellipticity = NA
           V = -2.4228915974E+05
           G =  8.6961728792E+00
           K =  2.4228046357E+05
           L =  2.4227176740E+05
           Vnuc =  4.7675869787E+06
           Ven = -5.8259331101E+08
           Vrep =  5.8235102185E+08
           DelSqV =  2.3769487266E+10
           DelSqVen =  4.6202072924E+12
           DelSqVrep = -4.5964378052E+12
           DelSqG =  6.4056465706E+08
           DelSqK = -2.4410051923E+10
           Stress_EigVals = -8.0763524860E+04 -8.0763198458E+04 -8.0762436424E+04
           Stress_EigVec1 =  8.4999598557E-01 -4.9002791974E-01 -1.9333769003E-01
           Stress_EigVec2 =  1.8371303057E-01 -6.8227523336E-02  9.8060926340E-01
           Stress_EigVec3 =  4.9371686918E-01  8.6903259026E-01 -3.2031393256E-02
           -DivStress =  7.8080566897E+03 -4.6020487976E+03  3.8530320956E+03
           ESP =  -1.4769043632E+01     ESP at Nucleus =  -1.4769043640E+01
           ESPe = -2.7638987405E+01     ESPe at Nucleus = -2.7638988032E+01
           ESPn =  1.2869943773E+01     ESPn at Nucleus =  1.2869944391E+01

CP# 4      Coords =  1.38524002580052E+00 -2.15980369674629E-01  3.65217140334329E+00
           Type = (3,-3) NACP c4
           Rho =  1.2218816177E+02     Rho at Nucleus =  1.2218816144E+02
           GradRho =  6.4058459648E-09 -3.3913809538E-09 -3.1387497046E-09
           HessRho_EigVals = -3.2300169142E+05 -3.2300004887E+05 -3.2299884272E+05
           HessRho_EigVec1 =  4.8414818475E-01  8.7467467593E-01 -2.3339804710E-02
           HessRho_EigVec2 = -1.0216518249E-01  8.3002064193E-02  9.9129860931E-01
           HessRho_EigVec3 =  8.6900104182E-01 -4.7755090684E-01  1.2954659660E-01
           DelSqRho = -9.6900058301E+05
           Bond Ellipticity = NA
           V = -2.4226751459E+05
           G =  8.6844207887E+00
           K =  2.4225883017E+05
           L =  2.4225014575E+05
           Vnuc =  4.1761686250E+06
           Ven = -5.1027836753E+08
           Vrep =  5.1003610002E+08
           DelSqV =  2.3767366622E+10
           DelSqVen =  4.0467099812E+12
           DelSqVrep = -4.0229426146E+12
           DelSqG =  6.4050584075E+08
           DelSqK = -2.4407872462E+10
           Stress_EigVals = -8.0756312015E+04 -8.0755931297E+04 -8.0755271282E+04
           Stress_EigVec1 =  8.5545284662E-01 -4.7372463869E-01  2.0924959714E-01
           Stress_EigVec2 = -1.7045479564E-01  1.2398064924E-01  9.7753463430E-01
           Stress_EigVec3 =  4.8902514235E-01  8.7190238290E-01 -2.5310962842E-02
           -DivStress = -9.1226368211E+03  4.8484750635E+03  4.4304138801E+03
           ESP =  -1.4764346833E+01     ESP at Nucleus =  -1.4764346844E+01
           ESPe = -2.7546929474E+01     ESPe at Nucleus = -2.7546930138E+01
           ESPn =  1.2782582641E+01     ESPn at Nucleus =  1.2782583294E+01

CP# 5      Coords =  2.20592618949084E+00 -8.25123552080144E-01  1.01221100382968E+00
           Type = (3,-3) NACP c5
           Rho =  1.2199645901E+02     Rho at Nucleus =  1.2199645901E+02
           GradRho = -5.2832183073E-11  2.9816371594E-11 -2.5410784588E-11
           HessRho_EigVals = -3.2245883293E+05 -3.2245845015E+05 -3.2245810472E+05
           HessRho_EigVec1 =  2.8323281192E-01 -1.2199268554E-01  9.5126072079E-01
           HessRho_EigVec2 =  6.1496293170E-01  7.8422530270E-01 -8.2530401928E-02
           HessRho_EigVec3 =  7.3593462134E-01 -6.0836539948E-01 -2.9713931721E-01
           DelSqRho = -9.6737538780E+05
           Bond Ellipticity = NA
           V = -2.4186138591E+05
           G =  8.7694790116E+00
           K =  2.4185261643E+05
           L =  2.4184384695E+05
           Vnuc =  2.4840830550E+07
           Ven = -3.0304933661E+09
           Vrep =  3.0302515048E+09
           DelSqV =  2.3727511946E+10
           DelSqVen =  2.4030400741E+13
           DelSqVrep = -2.4006673229E+13
           DelSqG =  6.3935794591E+08
           DelSqK = -2.4366869892E+10
           Stress_EigVals = -8.0620565443E+04 -8.0620463437E+04 -8.0620357027E+04
           Stress_EigVec1 =  7.5915279715E-01 -5.7783357203E-01 -2.9965879534E-01
           Stress_EigVec2 =  5.8676840899E-01  8.0679043583E-01 -6.9224467212E-02
           Stress_EigVec3 =  2.8176207125E-01 -1.2327836667E-01  9.5153170179E-01
           -DivStress =  8.6201008380E+02 -1.6236717182E+03 -4.2001433071E+02
           ESP =  -1.4746080381E+01     ESP at Nucleus =  -1.4746080379E+01
           ESPe = -2.7236119338E+01     ESPe at Nucleus = -2.7236118966E+01
           ESPn =  1.2490038957E+01     ESPn at Nucleus =  1.2490038587E+01

CP# 6      Coords =  3.09010718690723E+00  5.47432169678242E+00  7.66818723043107E-02
           Type = (3,-3) NACP c6
           Rho =  1.2223682399E+02     Rho at Nucleus =  1.2223682397E+02
           GradRho = -2.8986590905E-11  4.6265213882E-12 -7.7486905781E-11
           HessRho_EigVals = -3.2313606709E+05 -3.2313275388E+05 -3.2313223655E+05
           HessRho_EigVec1 =  5.4494702824E-01  8.3209623313E-01 -1.0319203083E-01
           HessRho_EigVec2 =  7.7549239528E-01 -5.4698041247E-01 -3.1531567238E-01
           HessRho_EigVec3 =  3.1881700282E-01 -9.1805703456E-02  9.4335965121E-01
           DelSqRho = -9.6940105752E+05
           Bond Ellipticity = NA
           V = -2.4236756717E+05
           G =  8.6513943532E+00
           K =  2.4235891577E+05
           L =  2.4235026438E+05
           Vnuc =  1.9386182811E+07
           Ven = -2.3697054160E+09
           Vrep =  2.3694630485E+09
           DelSqV =  2.3777179757E+10
           DelSqVen =  1.8792998502E+13
           DelSqVrep = -1.8769221323E+13
           DelSqG =  6.4078133076E+08
           DelSqK = -2.4417961087E+10
           Stress_EigVals = -8.0789689366E+04 -8.0789485609E+04 -8.0788392193E+04
           Stress_EigVec1 =  3.0658202848E-01 -8.4569937898E-02  9.4807984127E-01
           Stress_EigVec2 =  7.8015051573E-01 -5.4831595625E-01 -3.0118895220E-01
           Stress_EigVec3 =  5.4531883575E-01  8.3198409704E-01 -1.0212653745E-01
           -DivStress =  2.4877305478E+01  2.6013681785E+02  2.4113587319E+03
           ESP =  -1.4729946169E+01     ESP at Nucleus =  -1.4729946172E+01
           ESPe = -2.6191555079E+01     ESPe at Nucleus = -2.6191555464E+01
           ESPn =  1.1461608910E+01     ESPn at Nucleus =  1.1461609292E+01

CP# 7      Coords =  3.85191709898179E+00  5.29067900342509E+00  2.46017234964517E+00
           Type = (3,-3) NACP c7
           Rho =  1.2212091740E+02     Rho at Nucleus =  1.2212091556E+02
           GradRho = -4.6703751977E-11  1.3960721468E-11 -1.2668976979E-11
           HessRho_EigVals = -3.2281941697E+05 -3.2281922327E+05 -3.2281712119E+05
           HessRho_EigVec1 =  5.7389531210E-01  8.0611362028E-01 -1.4430870365E-01
           HessRho_EigVec2 =  5.9224245626E-01 -5.3024504873E-01 -6.0670343768E-01
           HessRho_EigVec3 =  5.6559088018E-01 -2.6271851762E-01  7.8171985823E-01
           DelSqRho = -9.6845576143E+05
           Bond Ellipticity = NA
           V = -2.4213154354E+05
           G =  8.8015894411E+00
           K =  2.4212274195E+05
           L =  2.4211394036E+05
           Vnuc =  1.7772190651E+06
           Ven = -2.1703562266E+08
           Vrep =  2.1679349111E+08
           DelSqV =  2.3754029926E+10
           DelSqVen =  1.7211580334E+12
           DelSqVrep = -1.6974040035E+12
           DelSqG =  6.4013710024E+08
           DelSqK = -2.4394167026E+10
           Stress_EigVals = -8.0711045397E+04 -8.0710387875E+04 -8.0710110265E+04
           Stress_EigVec1 =  5.5604018000E-01 -2.5500593945E-01  7.9106971189E-01
           Stress_EigVec2 =  6.2473451655E-01 -4.9952736992E-01 -6.0014930687E-01
           Stress_EigVec3 =  5.4820261041E-01  8.2791568263E-01 -1.1844627638E-01
           -DivStress =  8.6067900567E+03 -8.9385739963E+03 -2.3297593297E+04
           ESP =  -1.4717326372E+01     ESP at Nucleus =  -1.4717326395E+01
           ESPe = -2.7147411687E+01     ESPe at Nucleus = -2.7147411269E+01
           ESPn =  1.2430085315E+01     ESPn at Nucleus =  1.2430084874E+01

CP# 8      Coords =  2.40896444573617E+00 -7.50110965184545E-01  5.30183067040100E+00
           Type = (3,-3) NACP h8
           Rho =  4.3928804653E-01     Rho at Nucleus =  4.3584902674E-01
           GradRho = -1.2750217548E-16 -2.6020852140E-17 -9.3414859181E-16
           HessRho_EigVals = -9.0098768273E+00 -9.0045535376E+00 -8.2687165385E+00
           HessRho_EigVec1 =  6.9083256634E-01 -4.5167886198E-01 -5.6456759642E-01
           HessRho_EigVec2 =  5.2066974151E-01  8.5257255265E-01 -4.4978469821E-02
           HessRho_EigVec3 =  5.0165066088E-01 -2.6288067275E-01  8.2416040085E-01
           DelSqRho = -2.6283146903E+01
           Bond Ellipticity = NA
           V = -6.5841831008E+00
           G =  6.6981874983E-03
           K =  6.5774849133E+00
           L =  6.5707867258E+00
           Vnuc =  4.7461354504E+01
           Ven = -2.0849205706E+01
           Vrep =  1.4265022605E+01
           DelSqV =  1.7125710208E+03
           DelSqVen =  1.2474337527E+03
           DelSqVrep =  4.6513726810E+02
           DelSqG =  1.3154040802E+02
           DelSqK = -1.8441114288E+03
           Stress_EigVals = -2.2578354013E+00 -2.2572752934E+00 -2.0690724062E+00
           Stress_EigVec1 =  4.9778606556E-01  8.6689624902E-01 -2.6456121669E-02
           Stress_EigVec2 =  7.0706291567E-01 -4.2329466656E-01 -5.6646593768E-01
           Stress_EigVec3 =  5.0226593177E-01 -2.6327270787E-01  8.2366037605E-01
           -DivStress =  7.9104475793E+00 -4.1654838365E+00  1.3034147729E+01
           ESP =  -1.0953129247E+00     ESP at Nucleus =  -1.0966774272E+00
           ESPe = -1.3348001854E+01     ESPe at Nucleus = -1.3274164455E+01
           ESPn =  1.2252688929E+01     ESPn at Nucleus =  1.2177487028E+01

CP# 9      Coords =  1.07779004510075E-01  2.22662716453972E-01 -2.58491001124789E+00
           Type = (3,-3) NACP h9
           Rho =  4.3885863152E-01     Rho at Nucleus =  4.3540455961E-01
           GradRho =  7.0733349733E-16  1.1180292803E-15  2.3165497298E-14
           HessRho_EigVals = -9.0002459789E+00 -8.9949521716E+00 -8.2572774156E+00
           HessRho_EigVec1 =  8.6116537259E-01 -5.0829863001E-01 -5.1675690427E-03
           HessRho_EigVec2 =  5.0741428227E-01  8.6018647995E-01 -5.1087824917E-02
           HessRho_EigVec3 =  3.0412944440E-02  4.1372967443E-02  9.9868079504E-01
           DelSqRho = -2.6252475566E+01
           Bond Ellipticity = NA
           V = -6.5764464078E+00
           G =  6.6637581514E-03
           K =  6.5697826497E+00
           L =  6.5631188915E+00
           Vnuc =  4.7007267572E+01
           Ven = -2.0629545118E+01
           Vrep =  1.4053098710E+01
           DelSqV =  1.7103133178E+03
           DelSqVen =  1.2340571434E+03
           DelSqVrep =  4.7625617439E+02
           DelSqG =  1.3136251295E+02
           DelSqK = -1.8416758307E+03
           Stress_EigVals = -2.2553843433E+00 -2.2548572732E+00 -2.0662047913E+00
           Stress_EigVec1 =  5.1509775338E-01  8.5560211282E-01 -5.1179380643E-02
           Stress_EigVec2 =  8.5661865148E-01 -5.1593619174E-01 -3.7857599218E-03
           Stress_EigVec3 =  2.9644398933E-02  4.1891175600E-02  9.9868230134E-01
           -DivStress = -4.9945098702E-01 -6.8015825955E-01 -1.5808642971E+01
           ESP =  -1.0856801277E+00     ESP at Nucleus =  -1.0869991110E+00
           ESPe = -1.2982290879E+01     ESPe at Nucleus = -1.2907454293E+01
           ESPn =  1.1896610752E+01     ESPn at Nucleus =  1.1820455182E+01

CP# 10     Coords = -1.87723752248539E+00  1.67790054647527E+00  5.16679425038987E+00
           Type = (3,-3) NACP h10
           Rho =  4.3989632363E-01     Rho at Nucleus =  4.3641756492E-01
           GradRho =  1.0330278299E-15 -1.6826817717E-16  2.3696322682E-15
           HessRho_EigVals = -9.0262062504E+00 -9.0221393977E+00 -8.2788292162E+00
           HessRho_EigVec1 = -7.0388171882E-01  3.6612541471E-01 -6.0868933505E-01
           HessRho_EigVec2 =  4.8716065355E-01  8.7246049347E-01 -3.8564037212E-02
           HessRho_EigVec3 = -5.1693812351E-01  3.2367401507E-01  7.9247088806E-01
           DelSqRho = -2.6327174864E+01
           Bond Ellipticity = NA
           V = -6.5943965496E+00
           G =  6.3014167890E-03
           K =  6.5880951328E+00
           L =  6.5817937161E+00
           Vnuc =  4.7477090691E+01
           Ven = -2.0884997652E+01
           Vrep =  1.4290601102E+01
           DelSqV =  1.7149136549E+03
           DelSqVen =  1.2499376687E+03
           DelSqVrep =  4.6497598627E+02
           DelSqG =  1.3178661417E+02
           DelSqK = -1.8467002691E+03
           Stress_EigVals = -2.2615731754E+00 -2.2612032052E+00 -2.0716201690E+00
           Stress_EigVec1 =  4.7867994828E-01  8.7678701824E-01 -4.5935081969E-02
           Stress_EigVec2 =  7.0940832636E-01 -3.5541406954E-01  6.0862193985E-01
           Stress_EigVec3 = -5.1730584147E-01  3.2392184831E-01  7.9212959961E-01
           -DivStress = -8.2180925066E+00  5.1526128870E+00  1.2610182015E+01
           ESP =  -1.1034075769E+00     ESP at Nucleus =  -1.1048065061E+00
           ESPe = -1.3546623712E+01     ESPe at Nucleus = -1.3474063923E+01
           ESPn =  1.2443216136E+01     ESPn at Nucleus =  1.2369257417E+01

CP# 11     Coords = -3.29204106066557E+00  2.26081722461669E+00  3.47708174452561E-01
           Type = (3,-3) NACP h11
           Rho =  4.4001942107E-01     Rho at Nucleus =  4.3655704733E-01
           GradRho =  5.6205040622E-16  1.7871988611E-15  2.5326962749E-16
           HessRho_EigVals = -9.0255680207E+00 -9.0209340665E+00 -8.2805414552E+00
           HessRho_EigVec1 = -2.4099708631E-01  1.8541567175E-01  9.5264969063E-01
           HessRho_EigVec2 =  4.8357385232E-01  8.7399876694E-01 -4.7775356987E-02
           HessRho_EigVec3 =  8.4147295485E-01 -4.4916275898E-01  3.0029332694E-01
           DelSqRho = -2.6327043542E+01
           Bond Ellipticity = NA
           V = -6.5944389208E+00
           G =  6.3390176193E-03
           K =  6.5880999032E+00
           L =  6.5817608856E+00
           Vnuc =  4.7145396602E+01
           Ven = -2.0744890119E+01
           Vrep =  1.4150451198E+01
           DelSqV =  1.7150389754E+03
           DelSqVen =  1.2411989092E+03
           DelSqVrep =  4.7384006619E+02
           DelSqG =  1.3174825737E+02
           DelSqK = -1.8467872327E+03
           Stress_EigVals = -2.2613382900E+00 -2.2610403973E+00 -2.0720602336E+00
           Stress_EigVec1 =  4.6202718479E-01  8.8632962070E-01  3.0833163678E-02
           Stress_EigVec2 = -2.7951972805E-01  1.1253783560E-01  9.5352187033E-01
           Stress_EigVec3 =  8.4166478015E-01 -4.4917150291E-01  2.9974215391E-01
           -DivStress = -1.3369761007E+01  7.1003322037E+00 -4.7657694433E+00
           ESP =  -1.0935665521E+00     ESP at Nucleus =  -1.0948958763E+00
           ESPe = -1.3121340879E+01     ESPe at Nucleus = -1.3046881829E+01
           ESPn =  1.2027774327E+01     ESPn at Nucleus =  1.1951985953E+01

CP# 12     Coords =  1.42309513795204E+00  6.48876602576286E+00 -4.24542967088795E-01
           Type = (3,-3) NACP h12
           Rho =  4.3829250246E-01     Rho at Nucleus =  4.3471289464E-01
           GradRho =  6.9237150735E-16 -2.2586099657E-15  1.1709383463E-16
           HessRho_EigVals = -8.9931852866E+00 -8.9907449261E+00 -8.2329384105E+00
           HessRho_EigVec1 = -1.1986823863E-01  2.7468639465E-01  9.5403301304E-01
           HessRho_EigVec2 =  5.4450022792E-01  8.2172690958E-01 -1.6817962977E-01
           HessRho_EigVec3 =  8.3015125560E-01 -4.9931179704E-01  2.4806576178E-01
           DelSqRho = -2.6216868623E+01
           Bond Ellipticity = NA
           V = -6.5663115718E+00
           G =  6.0472080140E-03
           K =  6.5602643638E+00
           L =  6.5542171558E+00
           Vnuc =  4.6785580543E+01
           Ven = -2.0505769175E+01
           Vrep =  1.3939457603E+01
           DelSqV =  1.7062077961E+03
           DelSqVen =  1.2265714186E+03
           DelSqVrep =  4.7963637759E+02
           DelSqG =  1.3116622471E+02
           DelSqK = -1.8373740208E+03
           Stress_EigVals = -2.2532266901E+00 -2.2529182769E+00 -2.0601666048E+00
           Stress_EigVec1 =  5.3029900668E-01  8.4455794675E-01 -7.4194596105E-02
           Stress_EigVec2 = -1.7311769193E-01  1.9353763158E-01  9.6569842596E-01
           Stress_EigVec3 =  8.2994772622E-01 -4.9926451881E-01  2.4884073622E-01
           -DivStress = -1.3390235692E+01  7.9990904971E+00 -4.0147600085E+00
           ESP =  -1.0718951089E+00     ESP at Nucleus =  -1.0732975108E+00
           ESPe = -1.3397921207E+01     ESPe at Nucleus = -1.3334208200E+01
           ESPn =  1.2326026098E+01     ESPn at Nucleus =  1.2260910689E+01

CP# 13     Coords =  4.13332947988198E+00  4.59265648667509E+00 -1.40499200499605E+00
           Type = (3,-3) NACP h13
           Rho =  4.3920031597E-01     Rho at Nucleus =  4.3566130962E-01
           GradRho = -4.1373837760E-10  3.5555326088E-10  5.9566767751E-10
           HessRho_EigVals = -9.0137202133E+00 -9.0106278947E+00 -8.2589881222E+00
           HessRho_EigVec1 =  7.0636941853E-01 -2.6833794817E-01  6.5500915271E-01
           HessRho_EigVec2 =  4.8562667740E-01  8.5694965968E-01 -1.7263838209E-01
           HessRho_EigVec3 = -5.1498444128E-01  4.4003639207E-01  7.3563509901E-01
           DelSqRho = -2.6283336230E+01
           Bond Ellipticity = NA
           V = -6.5830677552E+00
           G =  6.1168488327E-03
           K =  6.5769509064E+00
           L =  6.5708340576E+00
           Vnuc =  4.6702868083E+01
           Ven = -2.0511914419E+01
           Vrep =  1.3928846664E+01
           DelSqV =  1.7111945409E+03
           DelSqVen =  1.2275071867E+03
           DelSqVrep =  4.8368735422E+02
           DelSqG =  1.3155812250E+02
           DelSqK = -1.8427526634E+03
           Stress_EigVals = -2.2583408301E+00 -2.2580784465E+00 -2.0666484787E+00
           Stress_EigVec1 =  6.1890137576E-01  7.8464666823E-01 -3.5926217687E-02
           Stress_EigVec2 =  5.9362706381E-01 -4.3730059662E-01  6.7555539914E-01
           Stress_EigVec3 = -5.1436173671E-01  4.3942894105E-01  7.3643343866E-01
           -DivStress =  8.2056051950E+00 -7.0574430336E+00 -1.1829103742E+01
           ESP =  -1.0653075009E+00     ESP at Nucleus =  -1.0666379408E+00
           ESPe = -1.3064798092E+01     ESPe at Nucleus = -1.2999681282E+01
           ESPn =  1.1999490591E+01     ESPn at Nucleus =  1.1933043342E+01

CP# 14     Coords =  5.50188139128644E+00  4.26125856897744E+00  2.99263306855691E+00
           Type = (3,-3) NACP h14
           Rho =  4.3606425314E-01     Rho at Nucleus =  4.3251804323E-01
           GradRho =  3.0982161281E-15  3.4720490372E-15 -1.1874182193E-15
           HessRho_EigVals = -8.9599414012E+00 -8.9549892784E+00 -8.2046391975E+00
           HessRho_EigVec1 = -1.7625313417E-01  1.9791721449E-01  9.6424250524E-01
           HessRho_EigVec2 =  5.4739305370E-01  8.3385024690E-01 -7.1095783957E-02
           HessRho_EigVec3 =  8.1810493059E-01 -5.1528879470E-01  2.5530722786E-01
           DelSqRho = -2.6119569877E+01
           Bond Ellipticity = NA
           V = -6.5424231816E+00
           G =  6.2653561474E-03
           K =  6.5361578254E+00
           L =  6.5298924693E+00
           Vnuc =  4.7218472448E+01
           Ven = -2.0590287923E+01
           Vrep =  1.4047864741E+01
           DelSqV =  1.7004331033E+03
           DelSqVen =  1.2333261906E+03
           DelSqVrep =  4.6710691269E+02
           DelSqG =  1.3086837816E+02
           DelSqK = -1.8313014814E+03
           Stress_EigVals = -2.2452564617E+00 -2.2440334514E+00 -2.0531332685E+00
           Stress_EigVec1 =  5.5573317763E-01  8.2236275197E-01 -1.2198417709E-01
           Stress_EigVec2 = -1.4720501972E-01  2.4174587875E-01  9.5910875936E-01
           Stress_EigVec3 =  8.1822449087E-01 -5.1505187533E-01  2.5540213050E-01
           -DivStress =  1.3086761763E+01 -8.2612269893E+00  4.0704099098E+00
           ESP =  -1.0592647070E+00     ESP at Nucleus =  -1.0606076102E+00
           ESPe = -1.3719116769E+01     ESPe at Nucleus = -1.3649153733E+01
           ESPn =  1.2659852062E+01     ESPn at Nucleus =  1.2588546123E+01

CP# 15     Coords =  2.48728174221531E+00  6.46076264070336E+00  4.48578138477773E+00
           Type = (3,-3) NACP c15
           Rho =  1.2256454528E+02     Rho at Nucleus =  1.2256454348E+02
           GradRho = -3.4124703063E-11 -1.0923062455E-10 -5.6000537541E-11
           HessRho_EigVals = -3.2408042770E+05 -3.2408042489E+05 -3.2407663245E+05
           HessRho_EigVec1 = -2.9947951052E-01  7.3128059204E-01 -6.1281377145E-01
           HessRho_EigVec2 =  8.2556600831E-01  5.2058976317E-01  2.1777755717E-01
           HessRho_EigVec3 = -4.7828107709E-01  4.4069830291E-01  7.5962636678E-01
           DelSqRho = -9.7223748504E+05
           Bond Ellipticity = NA
           V = -2.4307695394E+05
           G =  8.7913424674E+00
           K =  2.4306816260E+05
           L =  2.4305937126E+05
           Vnuc =  1.7991700381E+06
           Ven = -2.2051445760E+08
           Vrep =  2.2027138064E+08
           DelSqV =  2.3846803848E+10
           DelSqVen =  1.7492205425E+12
           DelSqVrep = -1.7253737386E+12
           DelSqG =  6.4281977876E+08
           DelSqK = -2.4489623627E+10
           Stress_EigVals = -8.1026759534E+04 -8.1025098362E+04 -8.1025096049E+04
           Stress_EigVec1 = -4.8376930598E-01  4.3932526230E-01  7.5694159121E-01
           Stress_EigVec2 = -8.4197621992E-01 -4.6964529180E-01 -2.6553595797E-01
           Stress_EigVec3 =  2.3883740009E-01 -7.6578496577E-01  5.9710140053E-01
           -DivStress = -1.3125555012E+04  1.1768085233E+04  1.9349347998E+04
           ESP =  -1.4747212818E+01     ESP at Nucleus =  -1.4747212866E+01
           ESPe = -2.6933225939E+01     ESPe at Nucleus = -2.6933226061E+01
           ESPn =  1.2186013121E+01     ESPn at Nucleus =  1.2186013195E+01

CP# 16     Coords =  4.05000104737425E+00 -6.35271099367569E-02  5.69565123401053E-01
           Type = (3,-3) NACP h16
           Rho =  4.3235461983E-01     Rho at Nucleus =  4.2938168360E-01
           GradRho =  8.1575371458E-16  4.3368086899E-17  2.8449465006E-16
           HessRho_EigVals = -8.9078908877E+00 -8.9067616029E+00 -8.2472244746E+00
           HessRho_EigVec1 =  2.6722064598E-01 -8.7910772645E-02  9.5961701861E-01
           HessRho_EigVec2 = -3.3961459299E-01  9.2334393600E-01  1.7915887945E-01
           HessRho_EigVec3 =  9.0180655054E-01  3.7377489470E-01 -2.1688078177E-01
           DelSqRho = -2.6061876965E+01
           Bond Ellipticity = NA
           V = -6.5296660177E+00
           G =  7.0983881694E-03
           K =  6.5225676295E+00
           L =  6.5154692413E+00
           Vnuc =  5.0781286511E+01
           Ven = -2.1955523824E+01
           Vrep =  1.5425857806E+01
           DelSqV =  1.7048049019E+03
           DelSqVen =  1.3234556412E+03
           DelSqVrep =  3.8134926069E+02
           DelSqG =  1.3139486661E+02
           DelSqK = -1.8361997685E+03
