AIMSum (Version 19.02.13, Professional)
Copyright (c) 1997-2019 by Todd A. Keith
AIMSum is a component of the AIMAll package ( http://aim.tkgristmill.com )

TP:  64-bit Linux

Much of the Quantum Theory of Atoms in Molecules (QTAIM) is described in the book:
  "Atoms in Molecules - A Quantum Theory"
  R.F.W. Bader, Oxford University Press, Oxford, 1990

For additional references see:  http://aim.tkgristmill.com/references.html

Wfn File:  /home/mhennefarth/Documents/DielsAlder/DielsAlder_QTAIM/reactionC/reactC_exop10MVc/reactC_exop10MVc.wfn
Sum File:  /home/mhennefarth/Documents/DielsAlder/DielsAlder_QTAIM/reactionC/reactC_exop10MVc/reactC_exop10MVc.sum

SumViz File:  /home/mhennefarth/Documents/DielsAlder/DielsAlder_QTAIM/reactionC/reactC_exop10MVc/reactC_exop10MVc.sumviz

Wfn Title:  SCF/DFT density                                                                
 
Total memory allocated for AIMSum =        0.993 Megabytes

Atomic units (a.u.) used throughout, except where stated otherwise

Model:  Restricted SCF
 
Restricted, closed-shell, single-determinant wavefunction.
  Number of electrons (from MO Occs)                   =          64.0000000000
  Number of Alpha electrons (from MO Occs)             =          32.0000000000
  Number of Beta electrons (from MO Occs)              =          32.0000000000
  Number of electron pairs (N*(N-1)/2)                 =        2016.0000000000
  Number of electron pairs (from Muller 2EDM)          =        2016.0000000000
 
Nuclear Charges and Cartesian Coordinates:
-------------------------------------------------------------------------------
Atom      Charge                X                  Y                  Z
-------------------------------------------------------------------------------
c1         6.0           5.5388999000E-01  -6.7000060000E-02  -5.6287253000E-01
c2         6.0          -1.6503447800E+00   9.4132148000E-01   1.8630224000E-01
c3         6.0          -1.6063861100E+00   1.2879194200E+00   2.9325163200E+00
c4         6.0           6.2596951000E-01   4.9091777000E-01   3.8326908000E+00
c5         6.0           2.2042117700E+00  -4.8348830000E-01   1.6969238800E+00
c6         6.0           2.4016812000E+00   5.7745506800E+00  -3.2361934000E-01
c7         6.0           3.1101498300E+00   5.9565866900E+00   2.0758992200E+00
h8         1.0           1.2295615900E+00   4.9518687000E-01   5.7834911100E+00
h9         1.0           1.0886760400E+00  -5.5396709000E-01  -2.4730946900E+00
h10        1.0          -3.1437902100E+00   2.0642398600E+00   4.0315205700E+00
h11        1.0          -3.2250750100E+00   1.4318792800E+00  -1.0211362700E+00
h12        1.0           5.5036099000E-01   6.4093606900E+00  -9.1115471000E-01
h13        1.0           3.6391967700E+00   4.9843360500E+00  -1.7471903700E+00
c14        6.0           5.5430715900E+00   5.0873206500E+00   2.8873189500E+00
h15        1.0           1.8944254500E+00   6.7301382000E+00   3.5260040800E+00
n16        7.0           7.4870224900E+00   4.3638377900E+00   3.5250683500E+00
h17        1.0           4.0264818400E+00   4.8709759000E-01   1.5517623800E+00
h18        1.0           2.6545702200E+00  -2.4897091700E+00   1.9520364600E+00
 
Some Atomic Properties:
----------------------
  q(A) = Net Charge of Atom A
  L(A) = Lagrangian of Atom A = -(1/4) Times Atomic Integral of the Laplacian of the Electron Density
  K(A) = Electronic Kinetic Energy of Atom A (Hamiltonian Form)
  K_Scaled(A) = K(A) * E(Mol)/K(Mol) = Approximation to Virial-Based Total Energy of Atom A.
  |Mu_Intra(A)| = Magnitude of Intraatomic Dipole Moment of Atom A
--------------------------------------------------------------------------------------------------
Atom A          q(A)              L(A)              K(A)          K_Scaled(A)      |Mu_Intra(A)|
--------------------------------------------------------------------------------------------------
c1       -7.2241289100E-02 -4.0964419693E-05  3.7906973913E+01 -3.8098305573E+01  1.8118389744E-01
c2       -6.0491020400E-02  3.2112602977E-05  3.7907074697E+01 -3.8098406866E+01  1.6227831769E-01
c3       -5.7101133500E-02 -8.8510113124E-05  3.7905782170E+01 -3.8097107815E+01  1.7448234597E-01
c4       -6.1538338200E-02 -4.4400430839E-05  3.7905961396E+01 -3.8097287945E+01  1.9322067321E-01
c5       -1.2719221400E-02  2.0252916176E-04  3.7866005639E+01 -3.8057130516E+01  1.5537689844E-01
c6        5.9382498000E-03  1.3810645329E-05  3.7851952476E+01 -3.8043006421E+01  1.7479701015E-01
c7        5.8065808000E-02 -3.2727832659E-05  3.7831909316E+01 -3.8022862095E+01  3.0918824885E-01
h8        6.0171449310E-02  1.9257019680E-05  5.9081774629E-01 -5.9379983979E-01  1.3749285628E-01
h9        3.6338342440E-02  1.8912290802E-05  6.0000817802E-01 -6.0303665929E-01  1.4360649196E-01
h10       4.6260296250E-02  1.7094362739E-05  5.9734047733E-01 -6.0035549365E-01  1.3824198914E-01
h11       3.4156698760E-02  1.7831047223E-05  6.0191708684E-01 -6.0495520315E-01  1.4115995392E-01
h12       6.6303292250E-02  1.5575425753E-05  5.9104201905E-01 -5.9402524454E-01  1.3510289686E-01
h13       6.4054923940E-02  2.5197732425E-05  5.9136530240E-01 -5.9435015963E-01  1.3599912941E-01
c14       9.6961204910E-01  8.0741953097E-06  3.7368956564E+01 -3.7557572635E+01  1.0463349064E+00
h15       1.0133871818E-01  2.0635422075E-05  5.7765085590E-01 -5.8056649083E-01  1.3039823334E-01
n16      -1.2842320599E+00 -6.9281812121E-06  5.5203607103E+01 -5.5482241789E+01  6.2653710830E-01
h17       5.3342623330E-02  4.0318158743E-05  5.9138023588E-01 -5.9436516848E-01  1.3137221173E-01
h18       5.3017532000E-02  2.3899819472E-05  5.9042912210E-01 -5.9340925405E-01  1.4221102583E-01
--------------------------------------------------------------------------------------------------
Total     2.7692086000E-04  2.4171690676E-04  3.6308017430E+02 -3.6491278517E+02
 
1st Largest |L(A)| = 2.0252916176E-04, atom c5      
2nd Largest |L(A)| = 8.8510113124E-05, atom c3      
 
Molecular charge q(Mol) from the wfn file:   0.0000000000E+00
Molecular energy E(Mol) from the wfn file:  -3.6491276438E+02
Molecular virial ratio (-V(Mol)/T(Mol)) from the wfn file:   2.0050474000E+00
Note.  K_Scaled(A) = (1+V(Mol)/T(Mol))*K(A) = (E(Mol)/T(Mol))*K(A)
       Only use K_Scaled(A) data with caution.
 
N_AIMInt(SumA)     =         63.999723
N_Analytic(Mol)    =         63.999992
 
G_AIMInt(SumA)     =        363.079933
G_Analytic(Mol)    =        363.080128
 
K_AIMInt(SumA)     =        363.080174
K_Analytic(Mol)    =        363.080128
 
L_AIMInt(SumA)     =          0.000242
L_Analytic(Mol)    =          0.000000
 
VenT_AIMInt(SumA)  =      -1615.860943
VenT_Analytic(Mol) =      -1615.864226
 
Some Information About the Atomic Calculations:
----------------------------------------------
  Time(sec) = "Elapsed User Time", in Seconds, for Atom A by AIMInt and, if used, by TWOe
  NProc = Number of Processors Used for AIMInt Job
  BIM = Basin Integration Method
  OAQ = Angular Quadrature Outside of Beta Sphere
  ORQ = Multiple of Default for Radial Quadrature Outside of Beta Sphere
  IAQ = Multiple of Default for Angular Quadrature Inside of Beta Sphere
  IRQ = Multiple of Default for Radial Quadrature Inside of Beta Sphere
  MIR = Maximum Integration Radius
------------------------------------------------------------------------------------------------------
Atom A     Time(sec)   NProc      BIM          OAQ                     ORQ      IAQ      IRQ      MIR
------------------------------------------------------------------------------------------------------
c1            124        8     Proaim(5)    4500(GS4)                  1.00     1.00     1.00    13.00
c2            101        8     Proaim(5)    4500(GS4)                  1.00     1.00     1.00    13.00
c3            130        8     Proaim(5)    4500(GS4)                  1.00     1.00     1.00    13.00
c4            164        8     Proaim(5)    4500(GS4)                  1.00     1.00     1.00    13.00
c5            163        8     Proaim(5)    4500(GS4)                  1.00     1.00     1.00    13.00
c6            181        8     Proaim(5)    4500(GS4)                  1.00     1.00     1.00    13.00
c7            179        8     Proaim(5)    4500(GS4)                  1.00     1.00     1.00    13.00
h8             34        8     Proaim(5)    1800(GS4)                  1.00     1.00     1.00    13.00
h9             33        8     Proaim(5)    1800(GS4)                  1.00     1.00     1.00    13.00
h10            34        8     Proaim(5)    1800(GS4)                  1.00     1.00     1.00    13.00
h11            33        8     Proaim(5)    1800(GS4)                  1.00     1.00     1.00    13.00
h12            31        8     Proaim(5)    1800(GS4)                  1.00     1.00     1.00    13.00
h13            25        8     Proaim(5)    1800(GS4)                  1.00     1.00     1.00    13.00
c14           122        8     Proaim(5)    4500(GS4)                  1.00     1.00     1.00    13.00
h15            29        8     Proaim(5)    1800(GS4)                  1.00     1.00     1.00    13.00
n16            39        8     Proaim(5)    2700(GS4)                  1.00     1.00     1.00    13.00
h17            80        8     Proaim(5)    4500(GS4)                  1.00     1.00     1.00    13.00
h18            29        8     Proaim(5)    1800(GS4)                  1.00     1.00     1.00    13.00
------------------------------------------------------------------------------------------------------
Total        1531
Note:  Total wall clock time is less than total of atomic times if more than one atom
       was calculated at a time
 
Electron Density Critical Point Analysis of Molecular Structure:               
---------------------------------------------------------------                
  NACP = Nuclear Attractor Critical Point                                      
  NNACP = Non-Nuclear Attractor Critical Point                                 
  BCP = Bond Critical Point                                                    
  RCP = Ring Critical Point                                                    
  CCP = Cage Critical Point                                                    
  Rho = Electron Density                                                       
  GradRho = Gradient of Electron Density                                       
  HessRho_EigVals = Eigenvalues of the Hessian of Rho, Ascending Order         
  HessRho_EigVecs = Eigenvectors of the Hessian of Rho                         
  DelSqRho = Laplacian of Rho = Trace of Hessian of Rho                        
  Bond Ellipticity = (HessRho_EigVal(1) / HessRho_EigVal(2)) - 1               
  V = Virial Field = Potential Energy Density = Trace of Stress Tensor         
  G = Lagrangian Form of Kinetic Energy Density                                
  K = Hamiltonian Form of Kinetic Energy Density                               
  L = K - G = Lagrangian Density = (-1/4)DelSqRho                              
  Vnuc = Electrostatic Potential from Nuclei                                   
  Ven = Electron-nuclear attractive contribution to Virial Field V             
  Vrep = V - Ven = Repulsive contribution to Virial Field V                    
  DelSqV = Laplacian of V                                                      
  DelSqVen = Laplacian of Ven                                                  
  DelSqVrep = Laplacian of Vrep                                                
  DelSqG = Laplacian of G                                                      
  DelSqK = Laplacian of K                                                      
  Stress_EigVals = Eigenvalues of Stress Tensor, Ascending Order               
  Stress_EigVecs = Eigenvectors of Stress Tensor                               
  -DivStress = Ehrenfest Force Density = Minus Divergence of Stress Tensor     
  ESP = Total Electrostatic Potential                                          
  ESPe = Electrostatic Potential from Electrons                                
  ESPn = Electrostatic Potential from Nuclei                                   
  BP = Bond Path                                                               
  BPL = Bond Path Length                                                       
  GBL = Geometric Bond Length                                                  
  GBL_I = Distance Between Nuclear Attractors                                  
  GBL_II = Distance Between Nuclei                                             
  GBL_III = Sum of Distances Between BCP and Nuclear Attractors                
  GBL_IV = Sum of Distances Between BCP and Nuclei                             

CP# 1      Coords =  5.53891215110437E-01 -6.70005397753613E-02 -5.62872504318458E-01
           Type = (3,-3) NACP c1
           Rho =  1.2218774814E+02     Rho at Nucleus =  1.2218774786E+02
           GradRho =  5.6139572990E-09 -2.2039365888E-09  1.0865530697E-10
           HessRho_EigVals = -3.2299994724E+05 -3.2299824352E+05 -3.2299711095E+05
           HessRho_EigVec1 =  3.7093639474E-01  9.1932360808E-01 -1.3134037720E-01
           HessRho_EigVec2 =  3.7252638767E-01 -1.7751299215E-02  9.2785181029E-01
           HessRho_EigVec3 =  8.5066461167E-01 -3.9310176164E-01 -3.4905690575E-01
           DelSqRho = -9.6899530172E+05
           Bond Ellipticity = NA
           V = -2.4226618716E+05
           G =  8.6808667005E+00
           K =  2.4225750630E+05
           L =  2.4224882543E+05
           Vnuc =  4.5594363986E+06
           Ven = -5.5710726633E+08
           Vrep =  5.5686500014E+08
           DelSqV =  2.3767235632E+10
           DelSqVen =  4.4180724777E+12
           DelSqVrep = -4.3943052421E+12
           DelSqG =  6.4050102121E+08
           DelSqK = -2.4407736653E+10
           Stress_EigVals = -8.0755858863E+04 -8.0755503695E+04 -8.0754824607E+04
           Stress_EigVec1 =  8.1204511780E-01 -3.9327924028E-01 -4.3117764996E-01
           Stress_EigVec2 =  4.4650288897E-01 -5.7069067482E-02  8.9296040880E-01
           Stress_EigVec3 =  3.7578969757E-01  9.1764620672E-01 -1.2925765933E-01
           -DivStress = -9.5857322551E+03  3.7540432997E+03 -1.9773542868E+02
           ESP =  -1.4766413055E+01     ESP at Nucleus =  -1.4766413064E+01
           ESPe = -2.7320306697E+01     ESPe at Nucleus = -2.7320307305E+01
           ESPn =  1.2553893641E+01     ESPn at Nucleus =  1.2553894241E+01

CP# 2      Coords = -1.65034576936414E+00  9.41321998793200E-01  1.86302821984483E-01
           Type = (3,-3) NACP c2
           Rho =  1.2219470230E+02     Rho at Nucleus =  1.2219470205E+02
           GradRho = -4.1591636801E-09  2.1667627692E-09  2.4463822079E-09
           HessRho_EigVals = -3.2301774625E+05 -3.2301579835E+05 -3.2301480880E+05
           HessRho_EigVec1 =  3.8202531580E-01  9.1532088176E-01 -1.2745329143E-01
           HessRho_EigVec2 =  2.3763721803E-01  3.5980677260E-02  9.7068735619E-01
           HessRho_EigVec3 =  8.9307626253E-01 -4.0111478940E-01 -2.0376877836E-01
           DelSqRho = -9.6904835340E+05
           Bond Ellipticity = NA
           V = -2.4227947249E+05
           G =  8.6920687436E+00
           K =  2.4227078042E+05
           L =  2.4226208835E+05
           Vnuc =  4.7632768551E+06
           Ven = -5.8204719730E+08
           Vrep =  5.8180491783E+08
           DelSqV =  2.3768534455E+10
           DelSqVen =  4.6158460191E+12
           DelSqVrep = -4.5920774846E+12
           DelSqG =  6.4053481988E+08
           DelSqK = -2.4409069275E+10
           Stress_EigVals = -8.0760279530E+04 -8.0759970414E+04 -8.0759222544E+04
           Stress_EigVec1 =  9.0677624988E-01 -3.9604269540E-01 -1.4459258650E-01
           Stress_EigVec2 =  1.8289913754E-01  6.0510012835E-02  9.8126777377E-01
           Stress_EigVec3 =  3.7987463477E-01  9.1623617139E-01 -1.2730490994E-01
           -DivStress =  7.7435703968E+03 -4.0604448311E+03 -4.5518937324E+03
           ESP =  -1.4766300873E+01     ESP at Nucleus =  -1.4766300884E+01
           ESPe = -2.7120855684E+01     ESPe at Nucleus = -2.7120856720E+01
           ESPn =  1.2354554811E+01     ESPn at Nucleus =  1.2354555835E+01

CP# 3      Coords = -1.60638710131226E+00  1.28791971787257E+00  2.93251540389217E+00
           Type = (3,-3) NACP c3
           Rho =  1.2218958983E+02     Rho at Nucleus =  1.2218958952E+02
           GradRho = -5.0287859432E-09  1.5181513824E-09 -4.6540087340E-09
           HessRho_EigVals = -3.2300284332E+05 -3.2300103398E+05 -3.2299994579E+05
           HessRho_EigVec1 =  3.7837426515E-01  9.1861458962E-01 -1.1393046653E-01
           HessRho_EigVec2 = -1.5021068587E-01  1.8238383370E-01  9.7168559064E-01
           HessRho_EigVec3 =  9.1338363535E-01 -3.5054724780E-01  2.0699507661E-01
           DelSqRho = -9.6900382309E+05
           Bond Ellipticity = NA
           V = -2.4226836571E+05
           G =  8.7049679216E+00
           K =  2.4225966074E+05
           L =  2.4225095577E+05
           Vnuc =  4.3406856020E+06
           Ven = -5.3038659328E+08
           Vrep =  5.3014432491E+08
           DelSqV =  2.3767442614E+10
           DelSqVen =  4.2061409157E+12
           DelSqVrep = -4.1823734895E+12
           DelSqG =  6.4050269433E+08
           DelSqK = -2.4407945308E+10
           Stress_EigVals = -8.0756586135E+04 -8.0756244601E+04 -8.0755534971E+04
           Stress_EigVec1 =  9.2075774494E-01 -3.5780044064E-01  1.5551212113E-01
           Stress_EigVec2 = -1.0172762604E-01  1.6463276623E-01  9.8109507306E-01
           Stress_EigVec3 =  3.7663864014E-01  9.1917076594E-01 -1.1518870515E-01
           -DivStress =  7.7584308450E+03 -2.3321093288E+03  7.1659653231E+03
           ESP =  -1.4765349324E+01     ESP at Nucleus =  -1.4765349332E+01
           ESPe = -2.7195681758E+01     ESPe at Nucleus = -2.7195682598E+01
           ESPn =  1.2430332434E+01     ESPn at Nucleus =  1.2430333266E+01

CP# 4      Coords =  6.25970746824081E-01  4.90917256604821E-01  3.83269058323112E+00
           Type = (3,-3) NACP c4
           Rho =  1.2219570914E+02     Rho at Nucleus =  1.2219570884E+02
           GradRho =  6.0252647316E-09 -2.4974209367E-09 -1.0183658361E-09
           HessRho_EigVals = -3.2302319241E+05 -3.2302134035E+05 -3.2302016945E+05
           HessRho_EigVec1 =  3.7371101211E-01  9.2014996515E-01 -1.1689363144E-01
           HessRho_EigVec2 = -4.1034748969E-01  2.7703331805E-01  8.6883109889E-01
           HessRho_EigVec3 =  8.3183833594E-01 -2.7672474109E-01  4.8111163001E-01
           DelSqRho = -9.6906470221E+05
           Bond Ellipticity = NA
           V = -2.4228352414E+05
           G =  8.6742916258E+00
           K =  2.4227484984E+05
           L =  2.4226617555E+05
           Vnuc =  4.4229143217E+06
           Ven = -5.4046115200E+08
           Vrep =  5.4021886847E+08
           DelSqV =  2.3768938523E+10
           DelSqVen =  4.2860902482E+12
           DelSqVrep = -4.2623213097E+12
           DelSqG =  6.4055114694E+08
           DelSqK = -2.4409489670E+10
           Stress_EigVals = -8.0761662237E+04 -8.0761286102E+04 -8.0760575797E+04
           Stress_EigVec1 =  7.9761336478E-01 -2.5775588661E-01  5.4532084431E-01
           Stress_EigVec2 = -4.7063522692E-01  2.9950296479E-01  8.2994003233E-01
           Stress_EigVec3 =  3.7724713850E-01  9.1861846106E-01 -1.1757856732E-01
           -DivStress = -9.6783252513E+03  4.0165722498E+03  1.6929444896E+03
           ESP =  -1.4762814110E+01     ESP at Nucleus =  -1.4762814116E+01
           ESPe = -2.7542416711E+01     ESPe at Nucleus = -2.7542416858E+01
           ESPn =  1.2779602602E+01     ESPn at Nucleus =  1.2779602742E+01

CP# 5      Coords =  2.20421145072682E+00 -4.83488239070732E-01  1.69692377309495E+00
           Type = (3,-3) NACP c5
           Rho =  1.2199628719E+02     Rho at Nucleus =  1.2199628717E+02
           GradRho = -3.6699088213E-11  1.3693046697E-11 -4.7668979875E-11
           HessRho_EigVals = -3.2245847558E+05 -3.2245799961E+05 -3.2245766935E+05
           HessRho_EigVec1 =  4.6706189322E-02  9.6901237080E-02  9.9419750660E-01
           HessRho_EigVec2 =  2.9131382406E-01  9.5069793439E-01 -1.0634704256E-01
           HessRho_EigVec3 =  9.5548667588E-01 -2.9459054262E-01 -1.6174807782E-02
           DelSqRho = -9.6737414454E+05
           Bond Ellipticity = NA
           V = -2.4186109438E+05
           G =  8.7791215772E+00
           K =  2.4185231526E+05
           L =  2.4184353614E+05
           Vnuc =  1.7535446604E+07
           Ven = -2.1392593799E+09
           Vrep =  2.1390175188E+09
           DelSqV =  2.3727482564E+10
           DelSqVen =  1.6963317268E+13
           DelSqVrep = -1.6939591883E+13
           DelSqG =  6.3935721981E+08
           DelSqK = -2.4366839784E+10
           Stress_EigVals = -8.0620475232E+04 -8.0620373860E+04 -8.0620245287E+04
           Stress_EigVec1 =  9.5755200261E-01 -2.8799273818E-01 -1.2423568378E-02
           Stress_EigVec2 =  2.8515520732E-01  9.5266544849E-01 -1.0542794216E-01
           Stress_EigVec3 =  4.2197986085E-02  9.7410091935E-02  9.9434933698E-01
           -DivStress =  2.4926315860E+03 -4.7562675645E+02  8.3483562194E+02
           ESP =  -1.4755523418E+01     ESP at Nucleus =  -1.4755523416E+01
           ESPe = -2.7586495554E+01     ESPe at Nucleus = -2.7586495157E+01
           ESPn =  1.2830972136E+01     ESPn at Nucleus =  1.2830971741E+01

CP# 6      Coords =  2.40168109945092E+00  5.77455063587114E+00 -3.23619732316234E-01
           Type = (3,-3) NACP c6
           Rho =  1.2223307942E+02     Rho at Nucleus =  1.2223307939E+02
           GradRho = -1.1097656127E-10 -2.5833779560E-11 -1.7761792037E-10
           HessRho_EigVals = -3.2312467001E+05 -3.2312150299E+05 -3.2312091785E+05
           HessRho_EigVec1 =  3.6855034291E-01  9.1324252621E-01 -1.7366269909E-01
           HessRho_EigVec2 =  8.6945429974E-01 -4.0474270744E-01 -2.8325352856E-01
           HessRho_EigVec3 =  3.2896787899E-01  4.6598595349E-02  9.4319070474E-01
           DelSqRho = -9.6936709085E+05
           Bond Ellipticity = NA
           V = -2.4235908670E+05
           G =  8.6569920054E+00
           K =  2.4235042970E+05
           L =  2.4234177271E+05
           Vnuc =  1.4727785250E+07
           Ven = -1.8002225442E+09
           Vrep =  1.7999801851E+09
           DelSqV =  2.3776345705E+10
           DelSqVen =  1.4276630675E+13
           DelSqVrep = -1.4252850135E+13
           DelSqG =  6.4075599234E+08
           DelSqK = -2.4417101698E+10
           Stress_EigVals = -8.0786862098E+04 -8.0786640720E+04 -8.0785583878E+04
           Stress_EigVec1 =  3.2179408633E-01  4.8322321848E-02  9.4557576069E-01
           Stress_EigVec2 =  8.7128906841E-01 -4.0596550234E-01 -2.7576687652E-01
           Stress_EigVec3 =  3.7054544292E-01  9.1260997372E-01 -1.7274000869E-01
           -DivStress =  7.8829436295E+02  3.4584869091E+02  3.0732079117E+03
           ESP =  -1.4731778188E+01     ESP at Nucleus =  -1.4731778190E+01
           ESPe = -2.6145585476E+01     ESPe at Nucleus = -2.6145585962E+01
           ESPn =  1.1413807288E+01     ESPn at Nucleus =  1.1413807771E+01

CP# 7      Coords =  3.11015268461991E+00  5.95658581449013E+00  2.07590083958587E+00
           Type = (3,-3) NACP c7
           Rho =  1.2212884369E+02     Rho at Nucleus =  1.2212884183E+02
           GradRho =  3.4171165897E-11 -8.5819296114E-11  1.0331291378E-11
           HessRho_EigVals = -3.2284119868E+05 -3.2284080085E+05 -3.2283869270E+05
           HessRho_EigVec1 =  3.5035454636E-01  9.1910021817E-01 -1.8029553738E-01
           HessRho_EigVec2 =  9.3351031321E-01 -3.2699575737E-01  1.4707912768E-01
           HessRho_EigVec3 = -7.6224582542E-02  2.1983758463E-01  9.7255398277E-01
           DelSqRho = -9.6852069222E+05
           Bond Ellipticity = NA
           V = -2.4214775501E+05
           G =  8.7909778273E+00
           K =  2.4213896403E+05
           L =  2.4213017306E+05
           Vnuc =  1.7663668435E+06
           Ven = -2.1572434014E+08
           Vrep =  2.1548219238E+08
           DelSqV =  2.3755619925E+10
           DelSqVen =  1.7107628421E+12
           DelSqVrep = -1.6870072222E+12
           DelSqG =  6.4018152114E+08
           DelSqK = -2.4395801446E+10
           Stress_EigVals = -8.0716468098E+04 -8.0715806160E+04 -8.0715480753E+04
           Stress_EigVec1 = -5.7343161478E-02  2.1517979372E-01  9.7488943897E-01
           Stress_EigVec2 =  9.2652876825E-01 -3.5221702821E-01  1.3224071479E-01
           Stress_EigVec3 =  3.7182819075E-01  9.1084621173E-01 -1.7917303130E-01
           -DivStress = -2.2319340972E+04  6.8453739704E+03 -1.2665672158E+04
           ESP =  -1.4712495933E+01     ESP at Nucleus =  -1.4712495965E+01
           ESPe = -2.7028246222E+01     ESPe at Nucleus = -2.7028245617E+01
           ESPn =  1.2315750290E+01     ESPn at Nucleus =  1.2315749652E+01

CP# 8      Coords =  1.22120258216167E+00  4.95066073311961E-01  5.75595902937985E+00
           Type = (3,-3) NACP h8
           Rho =  4.3764175491E-01     Rho at Nucleus =  4.3412992068E-01
           GradRho = -4.6308443191E-15 -2.1597307276E-16 -1.5506693152E-14
           HessRho_EigVals = -8.9707791100E+00 -8.9656525449E+00 -8.2205144133E+00
           HessRho_EigVec1 =  8.7741848189E-01 -4.0064841990E-01 -2.6385157054E-01
           HessRho_EigVec2 =  3.8221909928E-01  9.1622022254E-01 -1.2020425930E-01
           HessRho_EigVec3 =  2.8990579123E-01  4.6203290718E-03  9.5704403492E-01
           DelSqRho = -2.6156946068E+01
           Bond Ellipticity = NA
           V = -6.5522912928E+00
           G =  6.5273878715E-03
           K =  6.5457639049E+00
           L =  6.5392365171E+00
           Vnuc =  4.7104460847E+01
           Ven = -2.0614878909E+01
           Vrep =  1.4062587616E+01
           DelSqV =  1.7030620245E+03
           DelSqVen =  1.2321088420E+03
           DelSqVrep =  4.7095318258E+02
           DelSqG =  1.3077189066E+02
           DelSqK = -1.8338339152E+03
           Stress_EigVals = -2.2478879222E+00 -2.2474336443E+00 -2.0569697263E+00
           Stress_EigVec1 =  4.2298409338E-01  8.9639100895E-01 -1.3254288298E-01
           Stress_EigVec2 =  8.5822284692E-01 -4.4324360456E-01 -2.5882166069E-01
           Stress_EigVec3 =  2.9075419478E-01  4.2738848742E-03  9.5678823787E-01
           -DivStress =  4.6286366159E+00  6.6742497429E-02  1.5246681885E+01
           ESP =  -1.0903784373E+00     ESP at Nucleus =  -1.0916870282E+00
           ESPe = -1.3440402554E+01     ESPe at Nucleus = -1.3366647800E+01
           ESPn =  1.2350024117E+01     ESPn at Nucleus =  1.2274960772E+01

CP# 9      Coords =  1.08141165896123E+00 -5.47235675658413E-01 -2.44664370199179E+00
           Type = (3,-3) NACP h9
           Rho =  4.3976791829E-01     Rho at Nucleus =  4.3636359228E-01
           GradRho = -1.5482407023E-15  8.1185058676E-16  6.7428701511E-15
           HessRho_EigVals = -9.0161532693E+00 -9.0106478146E+00 -8.2799442256E+00
           HessRho_EigVec1 =  8.8046236168E-01 -3.4267256217E-01  3.2766071598E-01
           HessRho_EigVec2 = -3.9883069610E-01 -9.0899869484E-01  1.2105969040E-01
           HessRho_EigVec3 = -2.5635932889E-01  2.3726965235E-01  9.3700747412E-01
           DelSqRho = -2.6306745309E+01
           Bond Ellipticity = NA
           V = -6.5902399671E+00
           G =  6.7768198587E-03
           K =  6.5834631472E+00
           L =  6.5766863274E+00
           Vnuc =  4.7380959285E+01
           Ven = -2.0836625831E+01
           Vrep =  1.4246385864E+01
           DelSqV =  1.7145311854E+03
           DelSqVen =  1.2464388284E+03
           DelSqVrep =  4.6809235699E+02
           DelSqG =  1.3163205371E+02
           DelSqK = -1.8461632391E+03
           Stress_EigVals = -2.2594281687E+00 -2.2588987803E+00 -2.0719130181E+00
           Stress_EigVec1 = -4.0363298680E-01 -9.0711507237E-01  1.1925878354E-01
           Stress_EigVec2 =  8.7799464806E-01 -3.4737937031E-01  3.2932198691E-01
           Stress_EigVec3 = -2.5730489685E-01  2.3763379088E-01  9.3665595150E-01
           -DivStress =  4.0460204312E+00 -3.7493260135E+00 -1.4732749384E+01
           ESP =  -1.0982348073E+00     ESP at Nucleus =  -1.0996063857E+00
           ESPe = -1.3073763789E+01     ESPe at Nucleus = -1.3000147236E+01
           ESPn =  1.1975528982E+01     ESPn at Nucleus =  1.1900540851E+01

CP# 10     Coords = -3.12252080338374E+00  2.05348361211780E+00  4.01599528746623E+00
           Type = (3,-3) NACP h10
           Rho =  4.3996929249E-01     Rho at Nucleus =  4.3651505858E-01
           GradRho =  5.6822641210E-10 -2.8736796623E-10 -4.1455608564E-10
           HessRho_EigVals = -9.0228214847E+00 -9.0179865749E+00 -8.2795105915E+00
           HessRho_EigVec1 =  5.4138862753E-01 -1.2537332603E-01  8.3137228911E-01
           HessRho_EigVec2 =  3.8312539351E-01  9.1697749342E-01 -1.1120795573E-01
           HessRho_EigVec3 =  7.4840716647E-01 -3.7872655794E-01 -5.4447489151E-01
           DelSqRho = -2.6320318651E+01
           Bond Ellipticity = NA
           V = -6.5928782602E+00
           G =  6.3992986987E-03
           K =  6.5864789615E+00
           L =  6.5800796628E+00
           Vnuc =  4.6932036654E+01
           Ven = -2.0648654962E+01
           Vrep =  1.4055776702E+01
           DelSqV =  1.7146764473E+03
           DelSqVen =  1.2352661616E+03
           DelSqVrep =  4.7941028576E+02
           DelSqG =  1.3169748321E+02
           DelSqK = -1.8463739305E+03
           Stress_EigVals = -2.2607341463E+00 -2.2603451889E+00 -2.0717989250E+00
           Stress_EigVec1 =  3.6028844258E-01  9.2139821830E-01 -1.4566249163E-01
           Stress_EigVec2 =  5.5646862212E-01 -8.6963001138E-02  8.2630509440E-01
           Stress_EigVec3 =  7.4868879432E-01 -3.7876478157E-01 -5.4406096120E-01
           -DivStress = -1.1851132425E+01  5.9934423310E+00  8.6505610618E+00
           ESP =  -1.0920241062E+00     ESP at Nucleus =  -1.0933251389E+00
           ESPe = -1.2868516924E+01     ESPe at Nucleus = -1.2794068160E+01
           ESPn =  1.1776492818E+01     ESPn at Nucleus =  1.1700743021E+01

CP# 11     Coords = -3.20345523513200E+00  1.42523829424081E+00 -1.00440467818473E+00
           Type = (3,-3) NACP h11
           Rho =  4.4110956883E-01     Rho at Nucleus =  4.3771837658E-01
           GradRho =  1.3100339598E-09 -4.0269479851E-10  1.0139931932E-09
           HessRho_EigVals = -9.0503834055E+00 -9.0457787239E+00 -8.3154485736E+00
           HessRho_EigVec1 = -5.2741690760E-01  2.9356704681E-01  7.9727648567E-01
           HessRho_EigVec2 =  3.6367421039E-01  9.2609749551E-01 -1.0042159883E-01
           HessRho_EigVec3 =  7.6783622881E-01 -2.3698484728E-01  5.9520224116E-01
           DelSqRho = -2.6411610703E+01
           Bond Ellipticity = NA
           V = -6.6158749153E+00
           G =  6.4861197829E-03
           K =  6.6093887955E+00
           L =  6.6029026757E+00
           Vnuc =  4.7233034226E+01
           Ven = -2.0834943362E+01
           Vrep =  1.4219068447E+01
           DelSqV =  1.7216914867E+03
           DelSqVen =  1.2475005166E+03
           DelSqVrep =  4.7419097009E+02
           DelSqG =  1.3226602516E+02
           DelSqK = -1.8539575118E+03
           Stress_EigVals = -2.2676762822E+00 -2.2673456908E+00 -2.0808529422E+00
           Stress_EigVec1 =  3.8523112013E-01  9.1311234266E-01 -1.3350218634E-01
           Stress_EigVec2 = -5.1137551666E-01  3.3165226005E-01  7.9278109171E-01
           Stress_EigVec3 =  7.6817450169E-01 -2.3713419846E-01  5.9470606763E-01
           -DivStress = -1.2088945956E+01  3.7135080905E+00 -9.3559682024E+00
           ESP =  -1.0970631225E+00     ESP at Nucleus =  -1.0984136955E+00
           ESPe = -1.2784603833E+01     ESPe at Nucleus = -1.2711037908E+01
           ESPn =  1.1687540710E+01     ESPn at Nucleus =  1.1612624212E+01

CP# 12     Coords =  5.76576649328951E-01  6.40054949947610E+00 -9.02908279739500E-01
           Type = (3,-3) NACP h12
           Rho =  4.3929273578E-01     Rho at Nucleus =  4.3574410273E-01
           GradRho =  5.7870375159E-15 -3.0847720212E-15  1.7548896364E-15
           HessRho_EigVals = -9.0116002594E+00 -9.0086953408E+00 -8.2551794104E+00
           HessRho_EigVec1 = -1.9127284819E-01  3.0153047215E-01  9.3407391137E-01
           HessRho_EigVec2 =  3.7323919171E-01  9.0250023264E-01 -2.1490890129E-01
           HessRho_EigVec3 =  9.0780350480E-01 -3.0752675403E-01  2.8516677969E-01
           DelSqRho = -2.6275475011E+01
           Bond Ellipticity = NA
           V = -6.5810488641E+00
           G =  6.0900557576E-03
           K =  6.5749588084E+00
           L =  6.5688687526E+00
           Vnuc =  4.6613747848E+01
           Ven = -2.0477080817E+01
           Vrep =  1.3896031953E+01
           DelSqV =  1.7104365723E+03
           DelSqVen =  1.2247983667E+03
           DelSqVrep =  4.8563820561E+02
           DelSqG =  1.3145084084E+02
           DelSqK = -1.8418874132E+03
           Stress_EigVals = -2.2578397995E+00 -2.2575241249E+00 -2.0656849397E+00
           Stress_EigVec1 = -3.6289015699E-01 -9.1691787907E-01  1.6604920054E-01
           Stress_EigVec2 = -2.1125485445E-01  2.5451050660E-01  9.4371382765E-01
           Stress_EigVec3 =  9.0756934745E-01 -3.0738575938E-01  2.8606271079E-01
           -DivStress = -1.4580951882E+01  4.9021637908E+00 -4.5873736409E+00
           ESP =  -1.0716864695E+00     ESP at Nucleus =  -1.0730675328E+00
           ESPe = -1.3035438867E+01     ESPe at Nucleus = -1.2970678873E+01
           ESPn =  1.1963752398E+01     ESPn at Nucleus =  1.1897611340E+01

CP# 13     Coords =  3.62184239279543E+00  4.99549662811712E+00 -1.72719785836468E+00
           Type = (3,-3) NACP h13
           Rho =  4.3896071772E-01     Rho at Nucleus =  4.3544389064E-01
           GradRho = -4.0595131423E-13  2.5835323464E-13  4.6934521157E-13
           HessRho_EigVals = -9.0086279791E+00 -9.0057942835E+00 -8.2576136128E+00
           HessRho_EigVec1 = -7.4009981117E-01  4.8179971129E-02 -6.7076893181E-01
           HessRho_EigVec2 =  2.9393147904E-01  9.2028906854E-01 -2.5820982930E-01
           HessRho_EigVec3 = -6.0486077335E-01  3.8826115013E-01  6.9526737603E-01
           DelSqRho = -2.6272035875E+01
           Bond Ellipticity = NA
           V = -6.5803304442E+00
           G =  6.1607376690E-03
           K =  6.5741697065E+00
           L =  6.5680089688E+00
           Vnuc =  4.7133389223E+01
           Ven = -2.0689706362E+01
           Vrep =  1.4109375918E+01
           DelSqV =  1.7107654497E+03
           DelSqVen =  1.2382900926E+03
           DelSqVrep =  4.7247535711E+02
           DelSqG =  1.3151534693E+02
           DelSqK = -1.8422807966E+03
           Stress_EigVals = -2.2571453514E+00 -2.2568039933E+00 -2.0663810994E+00
           Stress_EigVec1 =  4.7086566262E-01  8.7851388982E-01 -8.0615588748E-02
           Stress_EigVec2 =  6.4257522334E-01 -2.7891994229E-01  7.1365310071E-01
           Stress_EigVec3 = -6.0446886613E-01  3.8783632009E-01  6.9584508240E-01
           -DivStress =  9.6523768258E+00 -6.2063908257E+00 -1.1120662485E+01
           ESP =  -1.0741110325E+00     ESP at Nucleus =  -1.0755297364E+00
           ESPe = -1.3401111050E+01     ESPe at Nucleus = -1.3338544747E+01
           ESPn =  1.2327000017E+01     ESPn at Nucleus =  1.2263015011E+01

CP# 14     Coords =  5.54306852959704E+00  5.08732177292536E+00  2.88731802418786E+00
           Type = (3,-3) NACP c14
           Rho =  1.2256020411E+02     Rho at Nucleus =  1.2256020224E+02
           GradRho = -8.9042995199E-11 -1.1518874743E-10 -6.5008776140E-11
           HessRho_EigVals = -3.2406703454E+05 -3.2406702614E+05 -3.2406328111E+05
           HessRho_EigVec1 = -1.6880834294E-01 -8.7787597042E-01 -4.4814899745E-01
           HessRho_EigVec2 = -4.1445905069E-01 -3.4930232683E-01  8.4036395673E-01
           HessRho_EigVec3 =  8.9427481160E-01 -3.2759985505E-01  3.0487849435E-01
           DelSqRho = -9.7219734179E+05
           Bond Ellipticity = NA
           V = -2.4306694962E+05
           G =  8.8070845140E+00
           K =  2.4305814253E+05
           L =  2.4304933545E+05
           Vnuc =  1.7705356932E+06
           Ven = -2.1699721594E+08
           Vrep =  2.1675414899E+08
           DelSqV =  2.3845818409E+10
           DelSqVen =  1.7213101097E+12
           DelSqVrep = -1.6974642933E+12
           DelSqG =  6.4278949089E+08
           DelSqK = -2.4488607900E+10
           Stress_EigVals = -8.1023416224E+04 -8.1021766827E+04 -8.1021766567E+04
           Stress_EigVec1 =  8.9494134212E-01 -3.2801053884E-01  3.0247161944E-01
           Stress_EigVec2 =  3.4651039085E-01  8.3870840349E-02 -9.3428915822E-01
           Stress_EigVec3 =  2.8108814132E-01  9.4094355226E-01  1.8871854244E-01
           -DivStress =  2.4020282741E+04 -8.8142628495E+03  7.2659637986E+03
           ESP =  -1.4738834921E+01     ESP at Nucleus =  -1.4738834965E+01
           ESPe = -2.6858874836E+01     ESPe at Nucleus = -2.6858875048E+01
           ESPn =  1.2120039915E+01     ESPn at Nucleus =  1.2120040083E+01

CP# 15     Coords =  1.91209729968261E+00  6.71911514770909E+00  3.50537818422597E+00
           Type = (3,-3) NACP h15
           Rho =  4.3468968143E-01     Rho at Nucleus =  4.3106657575E-01
           GradRho =  3.9440622643E-11 -2.4620608720E-11 -4.6054087844E-11
           HessRho_EigVals = -8.9274412446E+00 -8.9230445351E+00 -8.1616898547E+00
           HessRho_EigVec1 =  7.1849033081E-01 -1.2897138616E-01  6.8347496376E-01
           HessRho_EigVec2 =  3.4844626014E-01  9.1719684642E-01 -1.9322305433E-01
           HessRho_EigVec3 = -6.0196083621E-01  3.7698319124E-01  7.0393666277E-01
           DelSqRho = -2.6012175634E+01
           Bond Ellipticity = NA
           V = -6.5152539922E+00
           G =  6.1050418236E-03
           K =  6.5091489504E+00
           L =  6.5030439086E+00
           Vnuc =  4.6620525051E+01
           Ven = -2.0265461182E+01
           Vrep =  1.3750207190E+01
           DelSqV =  1.6921445810E+03
           DelSqVen =  1.2127012859E+03
           DelSqVrep =  4.7944329503E+02
           DelSqG =  1.3020745261E+02
           DelSqK = -1.8223520336E+03
           Stress_EigVals = -2.2370378798E+00 -2.2358756033E+00 -2.0423405092E+00
           Stress_EigVec1 =  3.9229150398E-01  9.0740028362E-01 -1.5077168566E-01
           Stress_EigVec2 =  6.9565245984E-01 -1.8542840830E-01  6.9403455282E-01
           Stress_EigVec3 = -6.0180979638E-01  3.7714855254E-01  7.0397722854E-01
           -DivStress = -9.7322185127E+00  6.0717255226E+00  1.1358114892E+01
           ESP =  -1.0539836212E+00     ESP at Nucleus =  -1.0553189972E+00
           ESPe = -1.3559506529E+01     ESPe at Nucleus = -1.3488438950E+01
           ESPn =  1.2505522907E+01     ESPn at Nucleus =  1.2433119953E+01

CP# 16     Coords =  7.48701704562427E+00  4.36383981004063E+00  3.52506652487663E+00
           Type = (3,-3) NACP n16
           Rho =  1.9937923291E+02     Rho at Nucleus =  1.9937921916E+02
           GradRho = -6.6697758427E-12  8.2270190660E-11 -5.2031268183E-11
           HessRho_EigVals = -7.4218502335E+05 -7.4218452479E+05 -7.4216968950E+05
           HessRho_EigVec1 = -2.1135632007E-01  2.5692035846E-01  9.4303787590E-01
           HessRho_EigVec2 =  3.8735571548E-01  9.0784880384E-01 -1.6051822031E-01
           HessRho_EigVec3 =  8.9737620631E-01 -3.3136457080E-01  2.9139915163E-01
           DelSqRho = -2.2265392376E+06
           Bond Ellipticity = NA
           V = -5.5668724724E+05
           G =  2.6218914946E+01
           K =  5.5666102832E+05
           L =  5.5663480941E+05
           Vnuc =  1.1499811300E+06
           Ven = -2.2928235556E+08
           Vrep =  2.2872566832E+08
           DelSqV =  7.9266362898E+10
           DelSqVen =  2.5604781036E+12
           DelSqVrep = -2.4812117407E+12
           DelSqG =  2.0725934782E+09
           DelSqK = -8.1338956377E+10
