AIMSum (Version 19.02.13, Professional)
Copyright (c) 1997-2019 by Todd A. Keith
AIMSum is a component of the AIMAll package ( http://aim.tkgristmill.com )

TP:  64-bit Linux

Much of the Quantum Theory of Atoms in Molecules (QTAIM) is described in the book:
  "Atoms in Molecules - A Quantum Theory"
  R.F.W. Bader, Oxford University Press, Oxford, 1990

For additional references see:  http://aim.tkgristmill.com/references.html

Wfn File:  /home/mhennefarth/Documents/DielsAlder/DielsAlder_QTAIM/reactionC/reactC_exo-10MVc/reactC_exo-10MVc.wfn
Sum File:  /home/mhennefarth/Documents/DielsAlder/DielsAlder_QTAIM/reactionC/reactC_exo-10MVc/reactC_exo-10MVc.sum

SumViz File:  /home/mhennefarth/Documents/DielsAlder/DielsAlder_QTAIM/reactionC/reactC_exo-10MVc/reactC_exo-10MVc.sumviz

Wfn Title:  SCF/DFT density                                                                
 
Total memory allocated for AIMSum =        0.993 Megabytes

Atomic units (a.u.) used throughout, except where stated otherwise

Model:  Restricted SCF
 
Restricted, closed-shell, single-determinant wavefunction.
  Number of electrons (from MO Occs)                   =          64.0000000000
  Number of Alpha electrons (from MO Occs)             =          32.0000000000
  Number of Beta electrons (from MO Occs)              =          32.0000000000
  Number of electron pairs (N*(N-1)/2)                 =        2016.0000000000
  Number of electron pairs (from Muller 2EDM)          =        2016.0000000000
 
Nuclear Charges and Cartesian Coordinates:
-------------------------------------------------------------------------------
Atom      Charge                X                  Y                  Z
-------------------------------------------------------------------------------
c1         6.0           3.4287635000E-01   4.2262270000E-02  -6.0553348000E-01
c2         6.0          -1.7516325200E+00   1.0581983400E+00   4.0394093000E-01
c3         6.0          -1.4070095500E+00   1.3195383700E+00   3.1370926200E+00
c4         6.0           8.9344035000E-01   4.5911062000E-01   3.7724671700E+00
c5         6.0           2.2125363000E+00  -4.8067511000E-01   1.4535549300E+00
c6         6.0           2.7010075900E+00   5.5995469700E+00  -5.1002733000E-01
c7         6.0           2.9099808400E+00   5.8985319500E+00   1.9723498000E+00
h8         1.0           1.6985213200E+00   3.8340917000E-01   5.6476664500E+00
h9         1.0           6.5189704000E-01  -4.1221105000E-01  -2.5724312800E+00
h10        1.0          -2.8083451400E+00   2.0758518600E+00   4.4179613600E+00
h11        1.0          -3.4427063900E+00   1.5934260800E+00  -6.1102599000E-01
h12        1.0           9.7986073000E-01   6.1232659300E+00  -1.4766680700E+00
h13        1.0           4.2249305700E+00   4.8154779700E+00  -1.6266357500E+00
c14        6.0           5.1613225100E+00   5.1958002800E+00   3.3032673700E+00
h15        1.0           1.3912440200E+00   6.6481528900E+00   3.1166848800E+00
n16        7.0           6.9677478000E+00   4.6535027600E+00   4.3777838200E+00
h17        1.0           4.0383926000E+00   4.4451925000E-01   1.1459120100E+00
h18        1.0           2.6196087600E+00  -2.5071801000E+00   1.5961070100E+00
 
Some Atomic Properties:
----------------------
  q(A) = Net Charge of Atom A
  L(A) = Lagrangian of Atom A = -(1/4) Times Atomic Integral of the Laplacian of the Electron Density
  K(A) = Electronic Kinetic Energy of Atom A (Hamiltonian Form)
  K_Scaled(A) = K(A) * E(Mol)/K(Mol) = Approximation to Virial-Based Total Energy of Atom A.
  |Mu_Intra(A)| = Magnitude of Intraatomic Dipole Moment of Atom A
--------------------------------------------------------------------------------------------------
Atom A          q(A)              L(A)              K(A)          K_Scaled(A)      |Mu_Intra(A)|
--------------------------------------------------------------------------------------------------
c1       -6.8846211200E-02 -4.6848822614E-05  3.7906370916E+01 -3.8098317406E+01  1.8652989794E-01
c2       -5.6772865800E-02  5.7598210199E-05  3.7906477807E+01 -3.8098424838E+01  1.6789981777E-01
c3       -5.7253864100E-02  1.7293381072E-05  3.7906378285E+01 -3.8098324813E+01  1.6883092594E-01
c4       -6.4754996800E-02 -2.2976342597E-04  3.7907077577E+01 -3.8099027646E+01  1.8850735033E-01
c5       -1.0821153200E-02 -1.2289682198E-04  3.7864670992E+01 -3.8056406326E+01  1.5329571886E-01
c6        6.0900111000E-03  1.4630908058E-04  3.7851831044E+01 -3.8043501361E+01  1.8528431106E-01
c7        5.7534842900E-02  3.1322251008E-04  3.7833059537E+01 -3.8024634801E+01  3.1420054889E-01
h8        5.4763764080E-02  1.9779327281E-05  5.9299704917E-01 -5.9599980832E-01  1.3881720691E-01
h9        4.6488298660E-02  1.9436014965E-05  5.9625805819E-01 -5.9927733012E-01  1.4108775999E-01
h10       4.3175635400E-02  1.8234696796E-05  5.9840271838E-01 -6.0143285023E-01  1.3888805272E-01
h11       4.2238213850E-02  1.6121173546E-05  5.9885790205E-01 -6.0189033881E-01  1.3922560302E-01
h12       6.9973061670E-02  1.7908246977E-05  5.8996156170E-01 -5.9294895006E-01  1.3518680232E-01
h13       6.8158705810E-02  2.7118348727E-05  5.8960076832E-01 -5.9258632973E-01  1.3462625088E-01
c14       9.6902485710E-01 -7.1770614204E-06  3.7366402112E+01 -3.7555614363E+01  1.0507401087E+00
h15       9.4088602900E-02  2.0648752877E-05  5.8091064669E-01 -5.8385220393E-01  1.3245516906E-01
n16      -1.2944457616E+00 -2.2455022689E-06  5.5204039396E+01 -5.5483576090E+01  6.2201567712E-01
h17       4.1133516190E-02  1.5690502167E-05  5.9584017562E-01 -5.9885733152E-01  1.3865221668E-01
h18       6.0277402730E-02  2.3520398151E-05  5.8759970360E-01 -5.9057513222E-01  1.4032815087E-01
--------------------------------------------------------------------------------------------------
Total     5.2059690000E-05  3.0394900916E-04  3.6307673625E+02 -3.6491524792E+02
 
1st Largest |L(A)| = 3.1322251008E-04, atom c7      
2nd Largest |L(A)| = 2.2976342597E-04, atom c4      
 
Molecular charge q(Mol) from the wfn file:   0.0000000000E+00
Molecular energy E(Mol) from the wfn file:  -3.6491506570E+02
Molecular virial ratio (-V(Mol)/T(Mol)) from the wfn file:   2.0050637000E+00
Note.  K_Scaled(A) = (1+V(Mol)/T(Mol))*K(A) = (E(Mol)/T(Mol))*K(A)
       Only use K_Scaled(A) data with caution.
 
N_AIMInt(SumA)     =         63.999948
N_Analytic(Mol)    =         63.999992
 
G_AIMInt(SumA)     =        363.076432
G_Analytic(Mol)    =        363.076530
 
K_AIMInt(SumA)     =        363.076736
K_Analytic(Mol)    =        363.076530
 
L_AIMInt(SumA)     =          0.000304
L_Analytic(Mol)    =          0.000000
 
VenT_AIMInt(SumA)  =      -1619.935782
VenT_Analytic(Mol) =      -1619.935639
 
Some Information About the Atomic Calculations:
----------------------------------------------
  Time(sec) = "Elapsed User Time", in Seconds, for Atom A by AIMInt and, if used, by TWOe
  NProc = Number of Processors Used for AIMInt Job
  BIM = Basin Integration Method
  OAQ = Angular Quadrature Outside of Beta Sphere
  ORQ = Multiple of Default for Radial Quadrature Outside of Beta Sphere
  IAQ = Multiple of Default for Angular Quadrature Inside of Beta Sphere
  IRQ = Multiple of Default for Radial Quadrature Inside of Beta Sphere
  MIR = Maximum Integration Radius
------------------------------------------------------------------------------------------------------
Atom A     Time(sec)   NProc      BIM          OAQ                     ORQ      IAQ      IRQ      MIR
------------------------------------------------------------------------------------------------------
c1             50        8     Proaim(5)    4500(GS4)                  1.00     1.00     1.00    13.00
c2             38        8     Proaim(5)    4500(GS4)                  1.00     1.00     1.00    13.00
c3             38        8     Proaim(5)    4500(GS4)                  1.00     1.00     1.00    13.00
c4             61        8     Proaim(5)    4500(GS4)                  1.00     1.00     1.00    13.00
c5             43        8     Proaim(5)    4500(GS4)                  1.00     1.00     1.00    13.00
c6            467        8    Promega(5)    4500(GS4)                  1.00     1.00     1.00    13.00
c7            492        8    Promega(5)    4500(GS4)                  1.00     1.00     1.00    13.00
h8             10        8     Proaim(5)    1800(GS4)                  1.00     1.00     1.00    13.00
h9              9        8     Proaim(5)    1800(GS4)                  1.00     1.00     1.00    13.00
h10            10        8     Proaim(5)    1800(GS4)                  1.00     1.00     1.00    13.00
h11            10        8     Proaim(5)    1800(GS4)                  1.00     1.00     1.00    13.00
h12            10        8     Proaim(5)    1800(GS4)                  1.00     1.00     1.00    13.00
h13            10        8     Proaim(5)    1800(GS4)                  1.00     1.00     1.00    13.00
c14            33        8     Proaim(5)    4500(GS4)                  1.00     1.00     1.00    13.00
h15            11        8     Proaim(5)    1800(GS4)                  1.00     1.00     1.00    13.00
n16            17        8     Proaim(5)    2700(GS4)                  1.00     1.00     1.00    13.00
h17            38        8     Proaim(5)    4500(GS4)                  1.00     1.00     1.00    13.00
h18             9        8     Proaim(5)    1800(GS4)                  1.00     1.00     1.00    13.00
------------------------------------------------------------------------------------------------------
Total        1356
Note:  Total wall clock time is less than total of atomic times if more than one atom
       was calculated at a time
 
Electron Density Critical Point Analysis of Molecular Structure:               
---------------------------------------------------------------                
  NACP = Nuclear Attractor Critical Point                                      
  NNACP = Non-Nuclear Attractor Critical Point                                 
  BCP = Bond Critical Point                                                    
  RCP = Ring Critical Point                                                    
  CCP = Cage Critical Point                                                    
  Rho = Electron Density                                                       
  GradRho = Gradient of Electron Density                                       
  HessRho_EigVals = Eigenvalues of the Hessian of Rho, Ascending Order         
  HessRho_EigVecs = Eigenvectors of the Hessian of Rho                         
  DelSqRho = Laplacian of Rho = Trace of Hessian of Rho                        
  Bond Ellipticity = (HessRho_EigVal(1) / HessRho_EigVal(2)) - 1               
  V = Virial Field = Potential Energy Density = Trace of Stress Tensor         
  G = Lagrangian Form of Kinetic Energy Density                                
  K = Hamiltonian Form of Kinetic Energy Density                               
  L = K - G = Lagrangian Density = (-1/4)DelSqRho                              
  Vnuc = Electrostatic Potential from Nuclei                                   
  Ven = Electron-nuclear attractive contribution to Virial Field V             
  Vrep = V - Ven = Repulsive contribution to Virial Field V                    
  DelSqV = Laplacian of V                                                      
  DelSqVen = Laplacian of Ven                                                  
  DelSqVrep = Laplacian of Vrep                                                
  DelSqG = Laplacian of G                                                      
  DelSqK = Laplacian of K                                                      
  Stress_EigVals = Eigenvalues of Stress Tensor, Ascending Order               
  Stress_EigVecs = Eigenvectors of Stress Tensor                               
  -DivStress = Ehrenfest Force Density = Minus Divergence of Stress Tensor     
  ESP = Total Electrostatic Potential                                          
  ESPe = Electrostatic Potential from Electrons                                
  ESPn = Electrostatic Potential from Nuclei                                   
  BP = Bond Path                                                               
  BPL = Bond Path Length                                                       
  GBL = Geometric Bond Length                                                  
  GBL_I = Distance Between Nuclear Attractors                                  
  GBL_II = Distance Between Nuclei                                             
  GBL_III = Sum of Distances Between BCP and Nuclear Attractors                
  GBL_IV = Sum of Distances Between BCP and Nuclei                             

CP# 1      Coords =  3.42877613227753E-01  4.22618170868018E-02 -6.05533477619229E-01
           Type = (3,-3) NACP c1
           Rho =  1.2219106428E+02     Rho at Nucleus =  1.2219106399E+02
           GradRho =  6.0316538431E-09 -2.1631212377E-09 -2.7240432132E-12
           HessRho_EigVals = -3.2301036180E+05 -3.2300859164E+05 -3.2300744083E+05
           HessRho_EigVec1 =  3.6328497024E-01  9.1927848892E-01 -1.5149617227E-01
           HessRho_EigVec2 =  5.0235794451E-01 -5.6331936258E-02  8.6282281411E-01
           HessRho_EigVec3 =  7.8464038003E-01 -3.8955586605E-01 -4.8227139791E-01
           DelSqRho = -9.6902639427E+05
           Bond Ellipticity = NA
           V = -2.4227394664E+05
           G =  8.6740384574E+00
           K =  2.4226527261E+05
           L =  2.4225659857E+05
           Vnuc =  4.4710552469E+06
           Ven = -5.4632299909E+08
           Vrep =  5.4608072514E+08
           DelSqV =  2.3767999623E+10
           DelSqVen =  4.3325705421E+12
           DelSqVrep = -4.3088025425E+12
           DelSqG =  6.4052478533E+08
           DelSqK = -2.4408524409E+10
           Stress_EigVals = -8.0758456120E+04 -8.0758092423E+04 -8.0757398102E+04
           Stress_EigVec1 =  7.3732473724E-01 -3.8874072312E-01 -5.5247885212E-01
           Stress_EigVec2 =  5.6425909050E-01 -9.5271597619E-02  8.2008231384E-01
           Stress_EigVec3 =  3.7143493459E-01  9.1640819119E-01 -1.4910438119E-01
           -DivStress = -9.8838663183E+03  3.5439394006E+03 -1.5273492381E+01
           ESP =  -1.4760250318E+01     ESP at Nucleus =  -1.4760250326E+01
           ESPe = -2.7324017984E+01     ESPe at Nucleus = -2.7324018396E+01
           ESPn =  1.2563767666E+01     ESPn at Nucleus =  1.2563768070E+01

CP# 2      Coords = -1.75163335970223E+00  1.05819888958742E+00  4.03941736370987E-01
           Type = (3,-3) NACP c2
           Rho =  1.2219391104E+02     Rho at Nucleus =  1.2219391078E+02
           GradRho = -3.7212017912E-09  2.4137341015E-09  3.5391352071E-09
           HessRho_EigVals = -3.2301514313E+05 -3.2301320185E+05 -3.2301218509E+05
           HessRho_EigVec1 =  3.8196984339E-01  9.1236830185E-01 -1.4725189483E-01
           HessRho_EigVec2 =  3.1066135737E-01  2.3302684232E-02  9.5023497407E-01
           HessRho_EigVec3 =  8.7039563405E-01 -4.0870657775E-01 -2.7453665242E-01
           DelSqRho = -9.6904053007E+05
           Bond Ellipticity = NA
           V = -2.4227752348E+05
           G =  8.6954796051E+00
           K =  2.4226882800E+05
           L =  2.4226013252E+05
           Vnuc =  4.6605944616E+06
           Ven = -5.6949626505E+08
           Vrep =  5.6925398753E+08
           DelSqV =  2.3768342216E+10
           DelSqVen =  4.5163051909E+12
           DelSqVrep = -4.4925368569E+12
           DelSqG =  6.4052862097E+08
           DelSqK = -2.4408870837E+10
           Stress_EigVals = -8.0759635289E+04 -8.0759316110E+04 -8.0758572078E+04
           Stress_EigVec1 =  8.8780524085E-01 -4.0369260872E-01 -2.2098446094E-01
           Stress_EigVec2 =  2.6052494837E-01  4.5020064111E-02  9.6441689383E-01
           Stress_EigVec3 =  3.7937923717E-01  9.1378633799E-01 -1.4514104490E-01
           -DivStress =  6.5725835753E+03 -4.3016119058E+03 -6.3076402685E+03
           ESP =  -1.4762234739E+01     ESP at Nucleus =  -1.4762234748E+01
           ESPe = -2.7154891306E+01     ESPe at Nucleus = -2.7154892140E+01
           ESPn =  1.2392656567E+01     ESPn at Nucleus =  1.2392657392E+01

CP# 3      Coords = -1.40701059409573E+00  1.31953876799647E+00  3.13709192208380E+00
           Type = (3,-3) NACP c3
           Rho =  1.2219294131E+02     Rho at Nucleus =  1.2219294103E+02
           GradRho = -4.8228754324E-09  1.8483378161E-09 -3.1817446455E-09
           HessRho_EigVals = -3.2301314910E+05 -3.2301124957E+05 -3.2301020898E+05
           HessRho_EigVec1 =  3.8462281929E-01  9.1481529121E-01 -1.2320012116E-01
           HessRho_EigVec2 = -6.3768604016E-02  1.5948151337E-01  9.8513918409E-01
           HessRho_EigVec3 =  9.2086853134E-01 -3.7105071064E-01  1.1967672335E-01
           DelSqRho = -9.6903460764E+05
           Bond Ellipticity = NA
           V = -2.4227604724E+05
           G =  8.6976651505E+00
           K =  2.4226734958E+05
           L =  2.4225865191E+05
           Vnuc =  4.5543312046E+06
           Ven = -5.5650712558E+08
           Vrep =  5.5626484953E+08
           DelSqV =  2.3768198666E+10
           DelSqVen =  4.4133044879E+12
           DelSqVrep = -4.3895363138E+12
           DelSqG =  6.4052588649E+08
           DelSqK = -2.4408724553E+10
           Stress_EigVals = -8.0759144521E+04 -8.0758818100E+04 -8.0758084620E+04
           Stress_EigVec1 =  9.2433864022E-01 -3.7596204287E-01  6.5196783067E-02
           Stress_EigVec2 = -1.2770714611E-02  1.4028601981E-01  9.9002865690E-01
           Stress_EigVec3 =  3.8135939356E-01  9.1595435201E-01 -1.2487048484E-01
           -DivStress =  8.1714339661E+03 -3.1157943080E+03  5.4587146521E+03
           ESP =  -1.4763771453E+01     ESP at Nucleus =  -1.4763771463E+01
           ESPe = -2.7309177220E+01     ESPe at Nucleus = -2.7309178154E+01
           ESPn =  1.2545405767E+01     ESPn at Nucleus =  1.2545406691E+01

CP# 4      Coords =  8.93441552648240E-01  4.59110146656657E-01  3.77246685888726E+00
           Type = (3,-3) NACP c4
           Rho =  1.2219473884E+02     Rho at Nucleus =  1.2219473855E+02
           GradRho =  5.6477609256E-09 -2.2217570006E-09 -1.4403842563E-09
           HessRho_EigVals = -3.2302129941E+05 -3.2301947005E+05 -3.2301831479E+05
           HessRho_EigVec1 =  3.6989962166E-01  9.2041011947E-01 -1.2656809185E-01
           HessRho_EigVec2 = -2.9683677351E-01  2.4617090167E-01  9.2265259825E-01
           HessRho_EigVec3 =  8.8037616948E-01 -3.0371878300E-01  3.6427009356E-01
           DelSqRho = -9.6905908425E+05
           Bond Ellipticity = NA
           V = -2.4228211779E+05
           G =  8.6733648666E+00
           K =  2.4227344443E+05
           L =  2.4226477106E+05
           Vnuc =  4.5134504472E+06
           Ven = -5.5151989865E+08
           Vrep =  5.5127761654E+08
           DelSqV =  2.3768802464E+10
           DelSqVen =  4.3738003538E+12
           DelSqVrep = -4.3500315513E+12
           DelSqG =  6.4054877342E+08
           DelSqK = -2.4409351237E+10
           Stress_EigVals = -8.0761187928E+04 -8.0760818265E+04 -8.0760111599E+04
           Stress_EigVec1 =  8.5227114765E-01 -2.8816785559E-01  4.3656978581E-01
           Stress_EigVec2 = -3.6404098748E-01  2.7258019821E-01  8.9060327586E-01
           Stress_EigVec3 =  3.7564351494E-01  9.1796477195E-01 -1.2740732765E-01
           -DivStress = -9.4112776125E+03  3.7032837841E+03  2.4310886977E+03
           ESP =  -1.4764057582E+01     ESP at Nucleus =  -1.4764057588E+01
           ESPe = -2.7688082546E+01     ESPe at Nucleus = -2.7688082759E+01
           ESPn =  1.2924024965E+01     ESPn at Nucleus =  1.2924025171E+01

CP# 5      Coords =  2.21253604703109E+00 -4.80674944979122E-01  1.45355490728497E+00
           Type = (3,-3) NACP c5
           Rho =  1.2199636866E+02     Rho at Nucleus =  1.2199636865E+02
           GradRho = -1.1002887490E-10  4.0583980621E-11 -2.2420731938E-11
           HessRho_EigVals = -3.2245842237E+05 -3.2245797013E+05 -3.2245765530E+05
           HessRho_EigVec1 =  1.3367642685E-01  7.6285014737E-02  9.8808461653E-01
           HessRho_EigVec2 =  4.5891815653E-01  8.7892478143E-01 -1.2994365780E-01
           HessRho_EigVec3 =  8.7836480947E-01 -4.7082037458E-01 -8.2482945919E-02
           DelSqRho = -9.6737404779E+05
           Bond Ellipticity = NA
           V = -2.4186106462E+05
           G =  8.7763382583E+00
           K =  2.4185228829E+05
           L =  2.4184351195E+05
           Vnuc =  1.9809316325E+07
           Ven = -2.4166646574E+09
           Vrep =  2.4164227963E+09
           DelSqV =  2.3727479389E+10
           DelSqVen =  1.9163036778E+13
           DelSqVrep = -1.9139305105E+13
           DelSqG =  6.3935667469E+08
           DelSqK = -2.4366836063E+10
           Stress_EigVals = -8.0620459850E+04 -8.0620363839E+04 -8.0620240936E+04
           Stress_EigVec1 =  8.9608507502E-01 -4.3569546519E-01 -8.4858705703E-02
           Stress_EigVec2 =  4.2472219114E-01  8.9715293649E-01 -1.2135760752E-01
           Stress_EigVec3 =  1.2900619627E-01  7.2705365417E-02  9.8897488905E-01
           -DivStress =  1.9746161898E+03 -1.2887158453E+03  1.7743450239E+02
           ESP =  -1.4752152904E+01     ESP at Nucleus =  -1.4752152902E+01
           ESPe = -2.7596410075E+01     ESPe at Nucleus = -2.7596409638E+01
           ESPn =  1.2844257171E+01     ESPn at Nucleus =  1.2844256736E+01

CP# 6      Coords =  2.70100762979727E+00  5.59954692947323E+00 -5.10027656840686E-01
           Type = (3,-3) NACP c6
           Rho =  1.2223371328E+02     Rho at Nucleus =  1.2223371326E+02
           GradRho =  7.7978151714E-11 -6.9584671358E-11 -1.0893508318E-10
           HessRho_EigVals = -3.2312678619E+05 -3.2312354593E+05 -3.2312301407E+05
           HessRho_EigVec1 =  3.6334334050E-01  9.2192332328E-01 -1.3430935527E-01
           HessRho_EigVec2 =  9.1909857467E-01 -3.7829088779E-01 -1.1024433884E-01
           HessRho_EigVec3 =  1.5244483248E-01  8.3386990648E-02  9.8478788723E-01
           DelSqRho = -9.6937334618E+05
           Bond Ellipticity = NA
           V = -2.4236065143E+05
           G =  8.6574415806E+00
           K =  2.4235199399E+05
           L =  2.4234333655E+05
           Vnuc =  1.8086493547E+07
           Ven = -2.2107792665E+09
           Vrep =  2.2105369058E+09
           DelSqV =  2.3776499744E+10
           DelSqVen =  1.7532576596E+13
           DelSqVrep = -1.7508800096E+13
           DelSqG =  6.4076094827E+08
           DelSqK = -2.4417260692E+10
           Stress_EigVals = -8.0787380349E+04 -8.0787173183E+04 -8.0786097897E+04
           Stress_EigVec1 =  1.3869761937E-01  8.8379828716E-02  9.8638328060E-01
           Stress_EigVec2 =  9.2115422144E-01 -3.7724219241E-01 -9.5724754357E-02
           Stress_EigVec3 =  3.6364525393E-01  9.2188791843E-01 -1.3373404632E-01
           -DivStress = -3.1088791608E+02  3.1777050204E+02  2.5610104442E+03
           ESP =  -1.4731802703E+01     ESP at Nucleus =  -1.4731802706E+01
           ESPe = -2.6157550304E+01     ESPe at Nucleus = -2.6157550724E+01
           ESPn =  1.1425747600E+01     ESPn at Nucleus =  1.1425748018E+01

CP# 7      Coords =  2.90998334297270E+00  5.89853133062839E+00  1.97235204627884E+00
           Type = (3,-3) NACP c7
           Rho =  1.2212777277E+02     Rho at Nucleus =  1.2212777088E+02
           GradRho =  1.5700274414E-11  1.3550516265E-10  2.7235103062E-11
           HessRho_EigVals = -3.2283899270E+05 -3.2283869692E+05 -3.2283656647E+05
           HessRho_EigVec1 =  2.7063046735E-01  9.4659558998E-01 -1.7525963360E-01
           HessRho_EigVec2 =  9.2378572719E-01 -2.0412842164E-01  3.2396221649E-01
           HessRho_EigVec3 = -2.7088573307E-01  2.4957639413E-01  9.2969486560E-01
           DelSqRho = -9.6851425609E+05
           Bond Ellipticity = NA
           V = -2.4214615577E+05
           G =  8.7958751780E+00
           K =  2.4213735990E+05
           L =  2.4212856402E+05
           Vnuc =  1.7545587810E+06
           Ven = -2.1428035611E+08
           Vrep =  2.1403820995E+08
           DelSqV =  2.3755464242E+10
           DelSqVen =  1.6993151918E+12
           DelSqVrep = -1.6755597286E+12
           DelSqG =  6.4017860445E+08
           DelSqK = -2.4395642846E+10
           Stress_EigVals = -8.0715930330E+04 -8.0715263000E+04 -8.0714962444E+04
           Stress_EigVec1 = -2.5419786487E-01  2.4512643568E-01  9.3557280637E-01
           Stress_EigVec2 =  9.0375819448E-01 -2.8425596435E-01  3.2003073702E-01
           Stress_EigVec3 =  3.4439014417E-01  9.2688272034E-01 -1.4927776571E-01
           -DivStress = -1.9569388922E+04  4.8425067728E+03 -1.7565329286E+04
           ESP =  -1.4717102263E+01     ESP at Nucleus =  -1.4717102292E+01
           ESPe = -2.7177627394E+01     ESPe at Nucleus = -2.7177626848E+01
           ESPn =  1.2460525130E+01     ESPn at Nucleus =  1.2460524556E+01

CP# 8      Coords =  1.68736136838254E+00  3.84453497401854E-01  5.62133819294863E+00
           Type = (3,-3) NACP h8
           Rho =  4.3832014438E-01     Rho at Nucleus =  4.3483851959E-01
           GradRho = -2.7634144972E-15  2.0643209364E-16 -5.4305518415E-15
           HessRho_EigVals = -8.9898132275E+00 -8.9846279018E+00 -8.2432000552E+00
           HessRho_EigVec1 = -8.3276747625E-01  4.1344045391E-01  3.6819196294E-01
           HessRho_EigVec2 =  3.9358684821E-01  9.0984086049E-01 -1.3144961583E-01
           HessRho_EigVec3 =  3.8934268122E-01 -3.5448549404E-02  9.2041060235E-01
           DelSqRho = -2.6217641184E+01
           Bond Ellipticity = NA
           V = -6.5675923786E+00
           G =  6.5910412207E-03
           K =  6.5610013373E+00
           L =  6.5544102961E+00
           Vnuc =  4.7491362541E+01
           Ven = -2.0816420886E+01
           Vrep =  1.4248828507E+01
           DelSqV =  1.7076347309E+03
           DelSqVen =  1.2451115025E+03
           DelSqVrep =  4.6252322844E+02
           DelSqG =  1.3117534492E+02
           DelSqK = -1.8388100758E+03
           Stress_EigVals = -2.2526973771E+00 -2.2522255643E+00 -2.0626694372E+00
           Stress_EigVec1 =  4.2746426023E-01  8.9208251733E-01 -1.4650286174E-01
           Stress_EigVec2 =  8.1551741367E-01 -4.5044849316E-01 -3.6335589030E-01
           Stress_EigVec3 =  3.9013543062E-01 -3.5846021946E-02  9.2005945921E-01
           -DivStress =  6.1943899036E+00 -5.8014240749E-01  1.4614987770E+01
           ESP =  -1.0965556784E+00     ESP at Nucleus =  -1.0979355323E+00
           ESPe = -1.3641084637E+01     ESPe at Nucleus = -1.3568321411E+01
           ESPn =  1.2544528958E+01     ESPn at Nucleus =  1.2470385878E+01

CP# 9      Coords =  6.47774809639379E-01 -4.05838658575617E-01 -2.54502088958418E+00
           Type = (3,-3) NACP h9
           Rho =  4.3907229551E-01     Rho at Nucleus =  4.3562621145E-01
           GradRho = -1.9593701661E-15  2.8302013511E-15  1.1946173217E-14
           HessRho_EigVals = -9.0039244445E+00 -8.9985915083E+00 -8.2619228872E+00
           HessRho_EigVec1 = -9.0418764079E-01  3.6593632028E-01 -2.2030733019E-01
           HessRho_EigVec2 =  4.0179251907E-01  9.0369510231E-01 -1.4797950424E-01
           HessRho_EigVec3 = -1.4493958004E-01  2.2231907599E-01  9.6414041850E-01
           DelSqRho = -2.6264438840E+01
           Bond Ellipticity = NA
           V = -6.5794671699E+00
           G =  6.6787299369E-03
           K =  6.5727884399E+00
           L =  6.5661097100E+00
           Vnuc =  4.7109025042E+01
           Ven = -2.0684267764E+01
           Vrep =  1.4104800594E+01
           DelSqV =  1.7111956416E+03
           DelSqVen =  1.2372921070E+03
           DelSqVrep =  4.7390353458E+02
           DelSqG =  1.3141797483E+02
           DelSqK = -1.8426136164E+03
           Stress_EigVals = -2.2563054747E+00 -2.2557878743E+00 -2.0673738209E+00
           Stress_EigVec1 =  4.2829247074E-01  8.9250632761E-01 -1.4141433691E-01
           Stress_EigVec2 = -8.9180051621E-01  3.9222324009E-01 -2.2550558577E-01
           Stress_EigVec3 = -1.4579917279E-01  2.2269572315E-01  9.6392386427E-01
           -DivStress =  2.2921268723E+00 -3.5434920206E+00 -1.5242620559E+01
           ESP =  -1.0894560838E+00     ESP at Nucleus =  -1.0907912816E+00
           ESPe = -1.3038824849E+01     ESPe at Nucleus = -1.2964247958E+01
           ESPn =  1.1949368765E+01     ESPn at Nucleus =  1.1873456676E+01

CP# 10     Coords = -2.78898477239919E+00  2.06553055588414E+00  4.39998335536436E+00
           Type = (3,-3) NACP h10
           Rho =  4.4014341541E-01     Rho at Nucleus =  4.3670650044E-01
           GradRho =  3.1681818627E-13 -1.6847070614E-13 -2.9579637351E-13
           HessRho_EigVals = -9.0268775461E+00 -9.0221835241E+00 -8.2861317040E+00
           HessRho_EigVec1 =  6.2565226063E-01 -1.5536204843E-01  7.6447490651E-01
           HessRho_EigVec2 =  3.7826950056E-01  9.1747083121E-01 -1.2312375414E-01
           HessRho_EigVec3 =  6.8225466925E-01 -3.6621019619E-01 -6.3278642407E-01
           DelSqRho = -2.6335192774E+01
           Bond Ellipticity = NA
           V = -6.5966196549E+00
           G =  6.4107306514E-03
           K =  6.5902089242E+00
           L =  6.5837981936E+00
           Vnuc =  4.7143083917E+01
           Ven = -2.0749717968E+01
           Vrep =  1.4153098313E+01
           DelSqV =  1.7159107460E+03
           DelSqVen =  1.2415222029E+03
           DelSqVrep =  4.7438854304E+02
           DelSqG =  1.3179278249E+02
           DelSqK = -1.8477035285E+03
           Stress_EigVals = -2.2617466607E+00 -2.2613947860E+00 -2.0734782082E+00
           Stress_EigVec1 =  3.4259147063E-01  9.2476184105E-01 -1.6567021937E-01
           Stress_EigVec2 =  6.4549755720E-01 -1.0357053760E-01  7.5670737237E-01
           Stress_EigVec3 =  6.8261554912E-01 -3.6618121344E-01 -6.3241389218E-01
           -DivStress = -1.0793620295E+01  5.7546165443E+00  1.0023042074E+01
           ESP =  -1.0926268176E+00     ESP at Nucleus =  -1.0939526916E+00
           ESPe = -1.2980745169E+01     ESPe at Nucleus = -1.2906359979E+01
           ESPn =  1.1888118351E+01     ESPn at Nucleus =  1.1812407288E+01

CP# 11     Coords = -3.41927529627104E+00  1.58620867297787E+00 -5.96806339239465E-01
           Type = (3,-3) NACP h11
           Rho =  4.4039755722E-01     Rho at Nucleus =  4.3696349184E-01
           GradRho = -6.8348104953E-16  4.8225312632E-16  1.3183898417E-16
           HessRho_EigVals = -9.0333427841E+00 -9.0287364426E+00 -8.2926101045E+00
           HessRho_EigVec1 = -4.2019465747E-01  3.1278955534E-01  8.5182107505E-01
           HessRho_EigVec2 =  3.7587194384E-01  9.1439296425E-01 -1.5035221568E-01
           HessRho_EigVec3 =  8.2592780052E-01 -2.5699844551E-01  5.0179185658E-01
           DelSqRho = -2.6354689331E+01
           Bond Ellipticity = NA
           V = -6.6014808017E+00
           G =  6.4042344483E-03
           K =  6.5950765673E+00
           L =  6.5886723328E+00
           Vnuc =  4.6983783392E+01
           Ven = -2.0691543435E+01
           Vrep =  1.4090062633E+01
           DelSqV =  1.7172673842E+03
           DelSqVen =  1.2382430149E+03
           DelSqVrep =  4.7902436933E+02
           DelSqG =  1.3191110984E+02
           DelSqK = -1.8491784941E+03
           Stress_EigVals = -2.2633617657E+00 -2.2630198973E+00 -2.0750991387E+00
           Stress_EigVec1 =  3.4783790157E-01  9.3272702646E-01 -9.5021515190E-02
           Stress_EigVec2 = -4.4314791919E-01  2.5287801374E-01  8.6004222680E-01
           Stress_EigVec3 =  8.2621348085E-01 -2.5704669670E-01  5.0129659860E-01
           -DivStress = -1.3072810600E+01  4.0271061851E+00 -7.9337795494E+00
           ESP =  -1.0910740427E+00     ESP at Nucleus =  -1.0923982716E+00
           ESPe = -1.2792336594E+01     ESPe at Nucleus = -1.2717886293E+01
           ESPn =  1.1701262551E+01     ESPn at Nucleus =  1.1625488022E+01

CP# 12     Coords =  1.00433546871810E+00  6.11612747832366E+00 -1.46300518760564E+00
           Type = (3,-3) NACP h12
           Rho =  4.3946126213E-01     Rho at Nucleus =  4.3589403075E-01
           GradRho =  1.7381929229E-15  3.7092724725E-15  1.7867651803E-16
           HessRho_EigVals = -9.0198852824E+00 -9.0170157318E+00 -8.2600679691E+00
           HessRho_EigVec1 = -3.7223193784E-01  3.5606615680E-01  8.5712325627E-01
           HessRho_EigVec2 =  3.8290915291E-01  9.0014589150E-01 -2.0764863261E-01
           HessRho_EigVec3 =  8.4547262822E-01 -2.5090688709E-01  4.7140404001E-01
           DelSqRho = -2.6296968983E+01
           Bond Ellipticity = NA
           V = -6.5864546826E+00
           G =  6.1062184067E-03
           K =  6.5803484642E+00
           L =  6.5742422458E+00
           Vnuc =  4.6548357780E+01
           Ven = -2.0456200060E+01
           Vrep =  1.3869745378E+01
           DelSqV =  1.7117419631E+03
           DelSqVen =  1.2240807208E+03
           DelSqVrep =  4.8766124237E+02
           DelSqG =  1.3161855968E+02
           DelSqK = -1.8433605228E+03
           Stress_EigVals = -2.2599573527E+00 -2.2595987261E+00 -2.0668986039E+00
           Stress_EigVec1 =  3.4026361640E-01  9.3350483614E-01 -1.1309019520E-01
           Stress_EigVec2 = -4.1252786731E-01  2.5626717139E-01  8.7415553282E-01
           Stress_EigVec3 =  8.4500972187E-01 -2.5079046586E-01  4.7229515368E-01
           -DivStress = -1.3624347703E+01  3.9755336831E+00 -7.6066091992E+00
           ESP =  -1.0711335926E+00     ESP at Nucleus =  -1.0725134978E+00
           ESPe = -1.3047095895E+01     ESPe at Nucleus = -1.2982125500E+01
           ESPn =  1.1975962302E+01     ESPn at Nucleus =  1.1909612002E+01

CP# 13     Coords =  4.20356758801780E+00  4.82661261205184E+00 -1.61088331272485E+00
           Type = (3,-3) NACP h13
           Rho =  4.3841183455E-01     Rho at Nucleus =  4.3488611546E-01
           GradRho = -7.9317999304E-10  4.1316018141E-10  5.8453273558E-10
           HessRho_EigVals = -8.9988526722E+00 -8.9958975542E+00 -8.2468858364E+00
           HessRho_EigVec1 =  5.6641232861E-01 -7.0179646495E-02  8.2112842553E-01
           HessRho_EigVec2 =  3.5519813508E-01  9.1986218951E-01 -1.6639662600E-01
           HessRho_EigVec3 =  7.4364733499E-01 -3.8591238581E-01 -5.4594896432E-01
           DelSqRho = -2.6241636063E+01
           Bond Ellipticity = NA
           V = -6.5726527556E+00
           G =  6.1218699315E-03
           K =  6.5665308857E+00
           L =  6.5604090157E+00
           Vnuc =  4.6987990358E+01
           Ven = -2.0600091054E+01
           Vrep =  1.4027438299E+01
           DelSqV =  1.7086618155E+03
           DelSqVen =  1.2330417449E+03
           DelSqVrep =  4.7562007062E+02
           DelSqG =  1.3137568923E+02
           DelSqK = -1.8400375047E+03
           Stress_EigVals = -2.2546062430E+00 -2.2543618078E+00 -2.0636847048E+00
           Stress_EigVec1 =  3.8374272216E-01  9.1510538509E-01 -1.2378876105E-01
           Stress_EigVec2 =  5.4798912549E-01 -1.1776864885E-01  8.2815364740E-01
           Stress_EigVec3 =  7.4326942729E-01 -3.8563282993E-01 -5.4666066160E-01
           -DivStress =  1.1868696241E+01 -6.1848974345E+00 -8.7525788450E+00
           ESP =  -1.0704802868E+00     ESP at Nucleus =  -1.0718550019E+00
           ESPe = -1.3316483733E+01     ESPe at Nucleus = -1.3252773006E+01
           ESPn =  1.2246003446E+01     ESPn at Nucleus =  1.2180918004E+01

CP# 14     Coords =  5.16131971091411E+00  5.19580111548127E+00  3.30326579320648E+00
           Type = (3,-3) NACP c14
           Rho =  1.2256279401E+02     Rho at Nucleus =  1.2256279223E+02
           GradRho = -5.0917492445E-11  1.2914602721E-10 -3.6553871041E-11
           HessRho_EigVals = -3.2407493727E+05 -3.2407493429E+05 -3.2407114786E+05
           HessRho_EigVec1 = -5.4098696787E-01 -5.8575801075E-01  6.0350696221E-01
           HessRho_EigVec2 = -1.4666071419E-01  7.7228969598E-01  6.1810942429E-01
           HessRho_EigVec3 =  8.2814475516E-01 -2.4587838117E-01  5.0370634914E-01
           DelSqRho = -9.7222101942E+05
           Bond Ellipticity = NA
           V = -2.4307284758E+05
           G =  8.7963642902E+00
           K =  2.4306405122E+05
           L =  2.4305525486E+05
           Vnuc =  1.8075044601E+06
           Ven = -2.2153279683E+08
           Vrep =  2.2128972398E+08
           DelSqV =  2.3846399346E+10
           DelSqVen =  1.7572938291E+12
           DelSqVrep = -1.7334474277E+12
           DelSqG =  6.4280721290E+08
           DelSqK = -2.4489206559E+10
           Stress_EigVals = -8.1025389226E+04 -8.1023730019E+04 -8.1023728339E+04
           Stress_EigVec1 =  8.2891163667E-01 -2.4963544678E-01  5.0058729738E-01
           Stress_EigVec2 =  7.0406228356E-03  8.9948246747E-01  4.3690012627E-01
           Stress_EigVec3 = -5.5933525566E-01 -3.5862715238E-01  7.4734907330E-01
           -DivStress =  2.1970087414E+04 -6.5581098302E+03  1.2375949582E+04
           ESP =  -1.4743136870E+01     ESP at Nucleus =  -1.4743136915E+01
           ESPe = -2.6960160519E+01     ESPe at Nucleus = -2.6960160620E+01
           ESPn =  1.2217023650E+01     ESPn at Nucleus =  1.2217023705E+01

CP# 15     Coords =  1.41315521184457E+00  6.63767275248996E+00  3.10057827366489E+00
           Type = (3,-3) NACP h15
           Rho =  4.3572490930E-01     Rho at Nucleus =  4.3213229990E-01
           GradRho =  2.9214112635E-09 -1.3993030823E-09 -2.1487376713E-09
           HessRho_EigVals = -8.9525062506E+00 -8.9481135849E+00 -8.1902229228E+00
           HessRho_EigVec1 =  5.4299411007E-01 -1.4004313020E-01  8.2797664104E-01
           HessRho_EigVec2 =  3.7742154670E-01  9.2149456183E-01 -9.1655597767E-02
           HessRho_EigVec3 =  7.5014023523E-01 -3.6226467423E-01 -5.5322141434E-01
           DelSqRho = -2.6090842758E+01
           Bond Ellipticity = NA
           V = -6.5350850024E+00
           G =  6.1871564007E-03
           K =  6.5288978460E+00
           L =  6.5227106896E+00
           Vnuc =  4.7056163036E+01
           Ven = -2.0503542371E+01
           Vrep =  1.3968457369E+01
           DelSqV =  1.6978872087E+03
           DelSqVen =  1.2277349597E+03
           DelSqVrep =  4.7015224901E+02
           DelSqG =  1.3068493747E+02
           DelSqK = -1.8285721462E+03
           Stress_EigVals = -2.2434139782E+00 -2.2421579723E+00 -2.0495130519E+00
           Stress_EigVec1 =  3.4841941025E-01  9.2752329706E-01 -1.3529393178E-01
           Stress_EigVec2 =  5.6222092104E-01 -9.1303742198E-02  8.2193142208E-01
           Stress_EigVec3 =  7.5000770029E-01 -3.6244194028E-01 -5.5328499837E-01
           -DivStress = -1.2103634998E+01  5.7908476265E+00  8.8964121302E+00
           ESP =  -1.0613738959E+00     ESP at Nucleus =  -1.0627416515E+00
           ESPe = -1.3804826609E+01     ESPe at Nucleus = -1.3735077785E+01
           ESPn =  1.2743452713E+01     ESPn at Nucleus =  1.2672336134E+01

CP# 16     Coords =  6.96774279995904E+00  4.65350426675161E+00  4.37778080820634E+00
           Type = (3,-3) NACP n16
           Rho =  1.9936638533E+02     Rho at Nucleus =  1.9936637185E+02
           GradRho =  2.6121105279E-10 -1.3662121434E-10  9.4711793963E-11
           HessRho_EigVals = -7.4213434983E+05 -7.4213372474E+05 -7.4211912984E+05
           HessRho_EigVec1 =  3.9804942656E-01 -3.4103864165E-01 -8.5161569908E-01
           HessRho_EigVec2 =  3.8246417962E-01  9.0549464780E-01 -1.8384937889E-01
           HessRho_EigVec3 =  8.3383319994E-01 -2.5253135986E-01  4.9086668961E-01
           DelSqRho = -2.2263872044E+06
           Bond Ellipticity = NA
           V = -5.5664928112E+05
           G =  2.6240008920E+01
           K =  5.5662304111E+05
           L =  5.5659680111E+05
           Vnuc =  1.1611799109E+06
           Ven = -2.3150024156E+08
           Vrep =  2.3094359228E+08
           DelSqV =  7.9260956490E+10
           DelSqVen =  2.5852360932E+12
           DelSqVrep = -2.5059751367E+12
           DelSqG =  2.0724435848E+09
           DelSqK = -8.1333400075E+10
