AIMSum (Version 19.02.13, Professional)
Copyright (c) 1997-2019 by Todd A. Keith
AIMSum is a component of the AIMAll package ( http://aim.tkgristmill.com )

TP:  64-bit Linux

Much of the Quantum Theory of Atoms in Molecules (QTAIM) is described in the book:
  "Atoms in Molecules - A Quantum Theory"
  R.F.W. Bader, Oxford University Press, Oxford, 1990

For additional references see:  http://aim.tkgristmill.com/references.html

Wfn File:  /home/mhennefarth/Documents/DielsAlder/DielsAlder_QTAIM/reactionC/reactC_exop-10MVc/reactC_exop-10MVc.wfn
Sum File:  /home/mhennefarth/Documents/DielsAlder/DielsAlder_QTAIM/reactionC/reactC_exop-10MVc/reactC_exop-10MVc.sum

SumViz File:  /home/mhennefarth/Documents/DielsAlder/DielsAlder_QTAIM/reactionC/reactC_exop-10MVc/reactC_exop-10MVc.sumviz

Wfn Title:  SCF/DFT density                                                                
 
Total memory allocated for AIMSum =        0.993 Megabytes

Atomic units (a.u.) used throughout, except where stated otherwise

Model:  Restricted SCF
 
Restricted, closed-shell, single-determinant wavefunction.
  Number of electrons (from MO Occs)                   =          64.0000000000
  Number of Alpha electrons (from MO Occs)             =          32.0000000000
  Number of Beta electrons (from MO Occs)              =          32.0000000000
  Number of electron pairs (N*(N-1)/2)                 =        2016.0000000000
  Number of electron pairs (from Muller 2EDM)          =        2016.0000000000
 
Nuclear Charges and Cartesian Coordinates:
-------------------------------------------------------------------------------
Atom      Charge                X                  Y                  Z
-------------------------------------------------------------------------------
c1         6.0           2.5780390000E-01   3.6347130000E-02  -5.8715136000E-01
c2         6.0          -1.7948758500E+00   1.0386665200E+00   5.1368424000E-01
c3         6.0          -1.3397633700E+00   1.2725810200E+00   3.2351197900E+00
c4         6.0           9.8438269000E-01   4.0904781000E-01   3.7700801900E+00
c5         6.0           2.2142812500E+00  -4.9449131000E-01   1.3880228200E+00
c6         6.0           2.8479508100E+00   5.6401594200E+00  -6.0597817000E-01
c7         6.0           2.8571478000E+00   5.9422003900E+00   1.8845303500E+00
h8         1.0           1.8748489500E+00   3.3883527000E-01   5.6063927800E+00
h9         1.0           4.9615886000E-01  -3.8198587000E-01  -2.5715750400E+00
h10        1.0          -2.6846227400E+00   2.0281357400E+00   4.5763537400E+00
h11        1.0          -3.5205543600E+00   1.5922544200E+00  -4.2972460000E-01
h12        1.0           1.2324531100E+00   6.2204619400E+00  -1.7133044500E+00
h13        1.0           4.4376842200E+00   4.8178978100E+00  -1.5968210600E+00
c14        6.0           4.9560199700E+00   5.1762472700E+00   3.4151068300E+00
h15        1.0           1.2714332200E+00   6.7489485600E+00   2.8919528500E+00
n16        7.0           6.6234024800E+00   4.5744519500E+00   4.6684349000E+00
h17        1.0           4.0097583300E+00   4.6607407000E-01   1.0148656100E+00
h18        1.0           2.6601639200E+00  -2.5153037100E+00   1.4824770300E+00
 
Some Atomic Properties:
----------------------
  q(A) = Net Charge of Atom A
  L(A) = Lagrangian of Atom A = -(1/4) Times Atomic Integral of the Laplacian of the Electron Density
  K(A) = Electronic Kinetic Energy of Atom A (Hamiltonian Form)
  K_Scaled(A) = K(A) * E(Mol)/K(Mol) = Approximation to Virial-Based Total Energy of Atom A.
  |Mu_Intra(A)| = Magnitude of Intraatomic Dipole Moment of Atom A
--------------------------------------------------------------------------------------------------
Atom A          q(A)              L(A)              K(A)          K_Scaled(A)      |Mu_Intra(A)|
--------------------------------------------------------------------------------------------------
c1       -6.5218338500E-02 -1.5772478911E-04  3.7906086502E+01 -3.8098638050E+01  1.9098424652E-01
c2       -5.6747028700E-02 -1.6218373103E-04  3.7905708960E+01 -3.8098258590E+01  1.7346621099E-01
c3       -6.0116354800E-02  8.2873395342E-05  3.7906593916E+01 -3.8099148041E+01  1.6311323503E-01
c4       -6.8185201400E-02 -2.0026741986E-04  3.7908194045E+01 -3.8100756298E+01  1.8479946040E-01
c5       -1.0317665100E-02 -1.9855127547E-04  3.7864072185E+01 -3.8056410313E+01  1.5175015262E-01
c6        1.0624878700E-02 -9.7942453144E-05  3.7849728690E+01 -3.8041993957E+01  1.8229304976E-01
c7        5.6727201200E-02  1.3215162671E-04  3.7832643293E+01 -3.8024821771E+01  3.1516119334E-01
h8        4.6019543530E-02  1.9734287084E-05  5.9656699228E-01 -5.9959737363E-01  1.4110549919E-01
h9        5.5247804340E-02  1.9636624187E-05  5.9288673097E-01 -5.9589841770E-01  1.3883962359E-01
h10       3.6258427850E-02  1.9217997248E-05  6.0103843360E-01 -6.0409152853E-01  1.4041493972E-01
h11       4.7008444270E-02  1.4639654648E-05  5.9702323394E-01 -6.0005593286E-01  1.3822352216E-01
h12       7.8253533160E-02  1.9009129494E-05  5.8665121800E-01 -5.8963123019E-01  1.3275288426E-01
h13       7.5342417750E-02  2.7466949093E-05  5.8666068223E-01 -5.8964074250E-01  1.3227719789E-01
c14       9.7033455750E-01 -1.0639882093E-04  3.7365542404E+01 -3.7555348150E+01  1.0564909782E+00
h15       9.1172000840E-02  2.0467764886E-05  5.8203234119E-01 -5.8498889087E-01  1.3259270904E-01
n16      -1.3046612525E+00  9.4179353361E-06  5.5206392129E+01 -5.5486824039E+01  6.1633488067E-01
h17       4.5335151340E-02 -6.9695077643E-05  5.9397215698E-01 -5.9698935735E-01  1.3793020817E-01
h18       5.2231762080E-02  2.4686982892E-05  5.9091339267E-01 -5.9391505543E-01  1.4240683926E-01
--------------------------------------------------------------------------------------------------
Total    -6.9011844000E-04 -6.0346122027E-04  3.6307270731E+02 -3.6491700774E+02
 
1st Largest |L(A)| = 2.0026741986E-04, atom c4      
2nd Largest |L(A)| = 1.9855127547E-04, atom c5      
 
Molecular charge q(Mol) from the wfn file:   0.0000000000E+00
Molecular energy E(Mol) from the wfn file:  -3.6491720011E+02
Molecular virial ratio (-V(Mol)/T(Mol)) from the wfn file:   2.0050797000E+00
Note.  K_Scaled(A) = (1+V(Mol)/T(Mol))*K(A) = (E(Mol)/T(Mol))*K(A)
       Only use K_Scaled(A) data with caution.
 
N_AIMInt(SumA)     =         64.000690
N_Analytic(Mol)    =         63.999992
 
G_AIMInt(SumA)     =        363.073311
G_Analytic(Mol)    =        363.072848
 
K_AIMInt(SumA)     =        363.072707
K_Analytic(Mol)    =        363.072848
 
L_AIMInt(SumA)     =         -0.000603
L_Analytic(Mol)    =          0.000000
 
VenT_AIMInt(SumA)  =      -1620.130100
VenT_Analytic(Mol) =      -1620.121542
 
Some Information About the Atomic Calculations:
----------------------------------------------
  Time(sec) = "Elapsed User Time", in Seconds, for Atom A by AIMInt and, if used, by TWOe
  NProc = Number of Processors Used for AIMInt Job
  BIM = Basin Integration Method
  OAQ = Angular Quadrature Outside of Beta Sphere
  ORQ = Multiple of Default for Radial Quadrature Outside of Beta Sphere
  IAQ = Multiple of Default for Angular Quadrature Inside of Beta Sphere
  IRQ = Multiple of Default for Radial Quadrature Inside of Beta Sphere
  MIR = Maximum Integration Radius
------------------------------------------------------------------------------------------------------
Atom A     Time(sec)   NProc      BIM          OAQ                     ORQ      IAQ      IRQ      MIR
------------------------------------------------------------------------------------------------------
c1             46        8     Proaim(5)    4500(GS4)                  1.00     1.00     1.00    13.00
c2             34        8     Proaim(5)    4500(GS4)                  1.00     1.00     1.00    13.00
c3             38        8     Proaim(5)    4500(GS4)                  1.00     1.00     1.00    13.00
c4             66        8     Proaim(5)    4500(GS4)                  1.00     1.00     1.00    13.00
c5             42        8     Proaim(5)    4500(GS4)                  1.00     1.00     1.00    13.00
c6             86        8     Proaim(5)    4500(GS4)                  1.00     1.00     1.00    13.00
c7             92        8     Proaim(5)    4500(GS4)                  1.00     1.00     1.00    13.00
h8             11        8     Proaim(5)    1800(GS4)                  1.00     1.00     1.00    13.00
h9              9        8     Proaim(5)    1800(GS4)                  1.00     1.00     1.00    13.00
h10             9        8     Proaim(5)    1800(GS4)                  1.00     1.00     1.00    13.00
h11             9        8     Proaim(5)    1800(GS4)                  1.00     1.00     1.00    13.00
h12            10        8     Proaim(5)    1800(GS4)                  1.00     1.00     1.00    13.00
h13            10        8     Proaim(5)    1800(GS4)                  1.00     1.00     1.00    13.00
c14            37        8     Proaim(5)    4500(GS4)                  1.00     1.00     1.00    13.00
h15            11        8     Proaim(5)    1800(GS4)                  1.00     1.00     1.00    13.00
n16            19        8     Proaim(5)    2700(GS4)                  1.00     1.00     1.00    13.00
h17            35        8     Proaim(5)    4500(GS4)                  1.00     1.00     1.00    13.00
h18            10        8     Proaim(5)    1800(GS4)                  1.00     1.00     1.00    13.00
------------------------------------------------------------------------------------------------------
Total         574
Note:  Total wall clock time is less than total of atomic times if more than one atom
       was calculated at a time
 
Electron Density Critical Point Analysis of Molecular Structure:               
---------------------------------------------------------------                
  NACP = Nuclear Attractor Critical Point                                      
  NNACP = Non-Nuclear Attractor Critical Point                                 
  BCP = Bond Critical Point                                                    
  RCP = Ring Critical Point                                                    
  CCP = Cage Critical Point                                                    
  Rho = Electron Density                                                       
  GradRho = Gradient of Electron Density                                       
  HessRho_EigVals = Eigenvalues of the Hessian of Rho, Ascending Order         
  HessRho_EigVecs = Eigenvectors of the Hessian of Rho                         
  DelSqRho = Laplacian of Rho = Trace of Hessian of Rho                        
  Bond Ellipticity = (HessRho_EigVal(1) / HessRho_EigVal(2)) - 1               
  V = Virial Field = Potential Energy Density = Trace of Stress Tensor         
  G = Lagrangian Form of Kinetic Energy Density                                
  K = Hamiltonian Form of Kinetic Energy Density                               
  L = K - G = Lagrangian Density = (-1/4)DelSqRho                              
  Vnuc = Electrostatic Potential from Nuclei                                   
  Ven = Electron-nuclear attractive contribution to Virial Field V             
  Vrep = V - Ven = Repulsive contribution to Virial Field V                    
  DelSqV = Laplacian of V                                                      
  DelSqVen = Laplacian of Ven                                                  
  DelSqVrep = Laplacian of Vrep                                                
  DelSqG = Laplacian of G                                                      
  DelSqK = Laplacian of K                                                      
  Stress_EigVals = Eigenvalues of Stress Tensor, Ascending Order               
  Stress_EigVecs = Eigenvectors of Stress Tensor                               
  -DivStress = Ehrenfest Force Density = Minus Divergence of Stress Tensor     
  ESP = Total Electrostatic Potential                                          
  ESPe = Electrostatic Potential from Electrons                                
  ESPn = Electrostatic Potential from Nuclei                                   
  BP = Bond Path                                                               
  BPL = Bond Path Length                                                       
  GBL = Geometric Bond Length                                                  
  GBL_I = Distance Between Nuclear Attractors                                  
  GBL_II = Distance Between Nuclei                                             
  GBL_III = Sum of Distances Between BCP and Nuclear Attractors                
  GBL_IV = Sum of Distances Between BCP and Nuclei                             

CP# 1      Coords =  2.57805186142810E-01  3.63466434895859E-02 -5.87151304425672E-01
           Type = (3,-3) NACP c1
           Rho =  1.2219325415E+02     Rho at Nucleus =  1.2219325385E+02
           GradRho =  6.4645058195E-09 -2.4431643375E-09  2.7255353530E-10
           HessRho_EigVals = -3.2301648442E+05 -3.2301468523E+05 -3.2301350777E+05
           HessRho_EigVec1 =  3.6259595307E-01  9.1943431129E-01 -1.5219961245E-01
           HessRho_EigVec2 =  5.5640330747E-01 -8.2562612544E-02  8.2680032320E-01
           HessRho_EigVec3 =  7.4762258811E-01 -3.8447881895E-01 -5.4151316099E-01
           DelSqRho = -9.6904467742E+05
           Bond Ellipticity = NA
           V = -2.4227851867E+05
           G =  8.6746575507E+00
           K =  2.4226984401E+05
           L =  2.4226116936E+05
           Vnuc =  4.3598235007E+06
           Ven = -5.3274102108E+08
           Vrep =  5.3249874256E+08
           DelSqV =  2.3768447937E+10
           DelSqVen =  4.2248638300E+12
           DelSqVrep = -4.2010953821E+12
           DelSqG =  6.4053753033E+08
           DelSqK = -2.4408985467E+10
           Stress_EigVals = -8.0759989541E+04 -8.0759614025E+04 -8.0758915105E+04
           Stress_EigVec1 =  7.0048639334E-01 -3.8001747210E-01 -6.0407411271E-01
           Stress_EigVec2 =  6.1142728621E-01 -1.1698247630E-01  7.8260575894E-01
           Stress_EigVec3 =  3.6806994773E-01  9.1755208089E-01 -1.5040841876E-01
           -DivStress = -1.0063118615E+04  3.8069669572E+03 -4.3153356385E+02
           ESP =  -1.4759470278E+01     ESP at Nucleus =  -1.4759470285E+01
           ESPe = -2.7300316581E+01     ESPe at Nucleus = -2.7300316854E+01
           ESPn =  1.2540846303E+01     ESPn at Nucleus =  1.2540846569E+01

CP# 2      Coords = -1.79487664966498E+00  1.03866702703507E+00  5.13685203793898E-01
           Type = (3,-3) NACP c2
           Rho =  1.2219165781E+02     Rho at Nucleus =  1.2219165751E+02
           GradRho = -3.8854128803E-09  2.4819584166E-09  4.6623229721E-09
           HessRho_EigVals = -3.2300854529E+05 -3.2300667551E+05 -3.2300560423E+05
           HessRho_EigVec1 =  3.7396575629E-01  9.1563708178E-01 -1.4750711030E-01
           HessRho_EigVec2 =  3.2344684094E-01  2.0300506139E-02  9.4602855694E-01
           HessRho_EigVec3 =  8.6921329615E-01 -4.0149299361E-01 -2.8856822742E-01
           DelSqRho = -9.6902082503E+05
           Bond Ellipticity = NA
           V = -2.4227260732E+05
           G =  8.7005331924E+00
           K =  2.4226390679E+05
           L =  2.4225520626E+05
           Vnuc =  4.4408674362E+06
           Ven = -5.4263695413E+08
           Vrep =  5.4239468152E+08
           DelSqV =  2.3767858866E+10
           DelSqVen =  4.3032928911E+12
           DelSqVrep = -4.2795249995E+12
           DelSqG =  6.4051436100E+08
           DelSqK = -2.4408373227E+10
           Stress_EigVals = -8.0758001432E+04 -8.0757665214E+04 -8.0756940676E+04
           Stress_EigVec1 =  8.8563633566E-01 -3.9810843697E-01 -2.3907729583E-01
           Stress_EigVec2 =  2.7735034099E-01  4.0536851617E-02  9.5991330443E-01
           Stress_EigVec3 =  3.7245814438E-01  9.1644227100E-01 -1.4631641947E-01
           -DivStress =  6.2593053689E+03 -3.9682987515E+03 -7.5393288515E+03
           ESP =  -1.4763549314E+01     ESP at Nucleus =  -1.4763549321E+01
           ESPe = -2.7139164375E+01     ESPe at Nucleus = -2.7139165108E+01
           ESPn =  1.2375615061E+01     ESPn at Nucleus =  1.2375615787E+01

CP# 3      Coords = -1.33976448220545E+00  1.27258141013152E+00  3.23511925112177E+00
           Type = (3,-3) NACP c3
           Rho =  1.2219401365E+02     Rho at Nucleus =  1.2219401338E+02
           GradRho = -4.9779664835E-09  1.7359944593E-09 -2.3590560616E-09
           HessRho_EigVals = -3.2301592795E+05 -3.2301400600E+05 -3.2301298877E+05
           HessRho_EigVec1 =  3.7627815128E-01  9.1639418546E-01 -1.3651538272E-01
           HessRho_EigVec2 = -4.8460132695E-02  1.6660859295E-01  9.8483155529E-01
           HessRho_EigVec3 =  9.2523854676E-01 -3.6395504338E-01  1.0709975717E-01
           DelSqRho = -9.6904292273E+05
           Bond Ellipticity = NA
           V = -2.4227811828E+05
           G =  8.6938004882E+00
           K =  2.4226942448E+05
           L =  2.4226073068E+05
           Vnuc =  4.6296734686E+06
           Ven = -5.6571838301E+08
           Vrep =  5.6547610489E+08
           DelSqV =  2.3768401733E+10
           DelSqVen =  4.4863521751E+12
           DelSqVrep = -4.4625837734E+12
           DelSqG =  6.4053126718E+08
           DelSqK = -2.4408933001E+10
           Stress_EigVals = -8.0759831293E+04 -8.0759513684E+04 -8.0758773305E+04
           Stress_EigVec1 =  9.2724847931E-01 -3.7116691048E-01  4.9450805694E-02
           Stress_EigVec2 =  5.2993109593E-03  1.4505831356E-01  9.8940891595E-01
           Stress_EigVec3 =  3.7440910101E-01  9.1716585754E-01 -1.3647202953E-01
           -DivStress =  8.7043084911E+03 -3.0540924959E+03  4.2144264742E+03
           ESP =  -1.4767812477E+01     ESP at Nucleus =  -1.4767812490E+01
           ESPe = -2.7328711620E+01     ESPe at Nucleus = -2.7328712734E+01
           ESPn =  1.2560899143E+01     ESPn at Nucleus =  1.2560900244E+01

CP# 4      Coords =  9.84383874779343E-01  4.09047314566381E-01  3.77007991743793E+00
           Type = (3,-3) NACP c4
           Rho =  1.2219143618E+02     Rho at Nucleus =  1.2219143590E+02
           GradRho =  5.4112669901E-09 -2.2641506447E-09 -1.2560885665E-09
           HessRho_EigVals = -3.2301172624E+05 -3.2300997765E+05 -3.2300882921E+05
           HessRho_EigVec1 =  3.6693006508E-01  9.1874605664E-01 -1.4583556064E-01
           HessRho_EigVec2 = -2.3138518474E-01  2.4198324327E-01  9.4228711456E-01
           HessRho_EigVec3 =  9.0101233267E-01 -3.1200928413E-01  3.0137515325E-01
           DelSqRho = -9.6903053310E+05
           Bond Ellipticity = NA
           V = -2.4227499487E+05
           G =  8.6807963989E+00
           K =  2.4226631407E+05
           L =  2.4225763327E+05
           Vnuc =  4.5703931540E+06
           Ven = -5.5846290337E+08
           Vrep =  5.5822062838E+08
           DelSqV =  2.3768102436E+10
           DelSqVen =  4.4288508232E+12
           DelSqVrep = -4.4050827207E+12
           DelSqG =  6.4052829429E+08
           DelSqK = -2.4408630731E+10
           Stress_EigVals = -8.0758804503E+04 -8.0758439449E+04 -8.0757750915E+04
           Stress_EigVec1 =  8.7695489518E-01 -2.9435610274E-01  3.7987444846E-01
           Stress_EigVec2 = -3.0629120543E-01  2.6676516410E-01  9.1379540637E-01
           Stress_EigVec3 =  3.7031852410E-01  9.1770955754E-01 -1.4378233099E-01
           -DivStress = -9.2712338350E+03  3.8762579997E+03  2.1295394789E+03
           ESP =  -1.4770584868E+01     ESP at Nucleus =  -1.4770584876E+01
           ESPe = -2.7728516246E+01     ESPe at Nucleus = -2.7728516602E+01
           ESPn =  1.2957931377E+01     ESPn at Nucleus =  1.2957931726E+01

CP# 5      Coords =  2.21428099890270E+00 -4.94491211388378E-01  1.38802288753816E+00
           Type = (3,-3) NACP c5
           Rho =  1.2199642563E+02     Rho at Nucleus =  1.2199642562E+02
           GradRho = -1.0953560281E-10  2.7434499117E-11 -2.1724844146E-12
           HessRho_EigVals = -3.2245839364E+05 -3.2245795827E+05 -3.2245763672E+05
           HessRho_EigVec1 =  1.4083402475E-01  7.5362966330E-02  9.8716067627E-01
           HessRho_EigVec2 =  3.7314070636E-01  9.1952708475E-01 -1.2343400535E-01
           HessRho_EigVec3 =  9.1702333162E-01 -3.8573353980E-01 -1.0137970972E-01
           DelSqRho = -9.6737398863E+05
           Bond Ellipticity = NA
           V = -2.4186104719E+05
           G =  8.7750187250E+00
           K =  2.4185227218E+05
           L =  2.4184349716E+05
           Vnuc =  2.1575558176E+07
           Ven = -2.6321409784E+09
           Vrep =  2.6318991174E+09
           DelSqV =  2.3727477415E+10
           DelSqVen =  2.0871653622E+13
           DelSqVrep = -2.0847926144E+13
           DelSqG =  6.3935628694E+08
           DelSqK = -2.4366833702E+10
           Stress_EigVals = -8.0620453831E+04 -8.0620355832E+04 -8.0620237531E+04
           Stress_EigVec1 =  9.2373076098E-01 -3.6860310229E-01 -1.0417885678E-01
           Stress_EigVec2 =  3.5676620007E-01  9.2692957385E-01 -1.1627314227E-01
           Stress_EigVec3 =  1.3942510427E-01  7.0237583326E-02  9.8773848876E-01
           -DivStress =  1.9600074271E+03 -7.7007633178E+02 -5.2738537034E+02
           ESP =  -1.4754080314E+01     ESP at Nucleus =  -1.4754080312E+01
           ESPe = -2.7594295037E+01     ESPe at Nucleus = -2.7594294657E+01
           ESPn =  1.2840214723E+01     ESPn at Nucleus =  1.2840214345E+01

CP# 6      Coords =  2.84795086906140E+00  5.64015934249341E+00 -6.05978397207955E-01
           Type = (3,-3) NACP c6
           Rho =  1.2223798252E+02     Rho at Nucleus =  1.2223798251E+02
           GradRho = -2.2973178915E-11  1.2535172900E-10 -2.6499247241E-11
           HessRho_EigVals = -3.2313879351E+05 -3.2313536444E+05 -3.2313488610E+05
           HessRho_EigVec1 =  4.0173903660E-01  9.0947164211E-01 -1.0708444643E-01
           HessRho_EigVec2 =  9.1233412788E-01 -4.0758963201E-01 -3.8950365581E-02
           HessRho_EigVec3 =  7.9070763061E-02  8.2048912702E-02  9.9348668353E-01
           DelSqRho = -9.6940904405E+05
           Bond Ellipticity = NA
           V = -2.4236955660E+05
           G =  8.6477955249E+00
           K =  2.4236090881E+05
           L =  2.4235226101E+05
           Vnuc =  2.4269644760E+07
           Ven = -2.9666724120E+09
           Vrep =  2.9664300424E+09
           DelSqV =  2.3777374135E+10
           DelSqVen =  2.3527235256E+13
           DelSqVrep = -2.3503457882E+13
           DelSqG =  6.4078582016E+08
           DelSqK = -2.4418159955E+10
           Stress_EigVals = -8.0790354516E+04 -8.0790161786E+04 -8.0789040301E+04
           Stress_EigVec1 =  5.9526567104E-02  8.9177610604E-02  9.9423535522E-01
           Stress_EigVec2 =  9.1381987718E-01 -4.0570620706E-01 -1.8322271473E-02
           Stress_EigVec3 =  4.0173351850E-01  9.0964269212E-01 -1.0564257093E-01
           -DivStress = -4.6195517188E+02  6.0728845595E+02  1.7814253753E+03
           ESP =  -1.4724792783E+01     ESP at Nucleus =  -1.4724792785E+01
           ESPe = -2.6033076897E+01     ESPe at Nucleus = -2.6033077172E+01
           ESPn =  1.1308284114E+01     ESPn at Nucleus =  1.1308284387E+01

CP# 7      Coords =  2.85715005612604E+00  5.94219969027562E+00  1.88453287602128E+00
           Type = (3,-3) NACP c7
           Rho =  1.2212542167E+02     Rho at Nucleus =  1.2212541974E+02
           GradRho = -5.5415227962E-11 -1.0700196285E-10 -3.3257063770E-11
           HessRho_EigVals = -3.2283210120E+05 -3.2283188721E+05 -3.2282973072E+05
           HessRho_EigVec1 =  3.1583653775E-01  9.3732429392E-01 -1.4720886333E-01
           HessRho_EigVec2 =  8.8739778924E-01 -2.3690297010E-01  3.9547711236E-01
           HessRho_EigVec3 = -3.3581608816E-01  2.5553894181E-01  9.0660212009E-01
           DelSqRho = -9.6849371912E+05
           Bond Ellipticity = NA
           V = -2.4214102767E+05
           G =  8.7989470887E+00
           K =  2.4213222873E+05
           L =  2.4212342978E+05
           Vnuc =  1.7349207905E+06
           Ven = -2.1187793311E+08
           Vrep =  2.1163579208E+08
           DelSqV =  2.3754960347E+10
           DelSqVen =  1.6802598851E+12
           DelSqVrep = -1.6565049247E+12
           DelSqG =  6.4016374137E+08
           DelSqK = -2.4395124089E+10
           Stress_EigVals = -8.0714219022E+04 -8.0713543935E+04 -8.0713264718E+04
           Stress_EigVec1 = -3.2083241513E-01  2.5241469163E-01  9.1288191178E-01
           Stress_EigVec2 =  8.6325458459E-01 -3.1862955231E-01  3.9149295087E-01
           Stress_EigVec3 =  3.8968972733E-01  9.1365312446E-01 -1.1567145097E-01
           -DivStress = -1.7638662449E+04  5.4707717375E+03 -1.9752216363E+04
           ESP =  -1.4715124890E+01     ESP at Nucleus =  -1.4715124914E+01
           ESPe = -2.7150934806E+01     ESPe at Nucleus = -2.7150934104E+01
           ESPn =  1.2435809916E+01     ESPn at Nucleus =  1.2435809190E+01

CP# 8      Coords =  1.86250500974076E+00  3.39702149862639E-01  5.58082694170320E+00
           Type = (3,-3) NACP h8
           Rho =  4.3934009856E-01     Rho at Nucleus =  4.3589897736E-01
           GradRho = -9.8467241305E-16  1.0321604682E-16 -3.2786273696E-16
           HessRho_EigVals = -9.0148610307E+00 -9.0096130722E+00 -8.2731511635E+00
           HessRho_EigVec1 =  8.2284778976E-01 -3.9489659287E-01 -4.0862965608E-01
           HessRho_EigVec2 =  3.6842119539E-01  9.1820746982E-01 -1.4546774610E-01
           HessRho_EigVec3 =  4.3265151991E-01 -3.0850013008E-02  9.0103326188E-01
           DelSqRho = -2.6297625266E+01
           Bond Ellipticity = NA
           V = -6.5877693532E+00
           G =  6.6815182801E-03
           K =  6.5810878349E+00
           L =  6.5744063166E+00
           Vnuc =  4.7836235384E+01
           Ven = -2.1016376368E+01
           Vrep =  1.4428607015E+01
           DelSqV =  1.7136039843E+03
           DelSqVen =  1.2579793923E+03
           DelSqVrep =  4.5562459203E+02
           DelSqG =  1.3166946636E+02
           DelSqK = -1.8452734507E+03
           Stress_EigVals = -2.2590448116E+00 -2.2585323994E+00 -2.0701921421E+00
           Stress_EigVec1 =  4.0386718842E-01  9.0013467897E-01 -1.6324476662E-01
           Stress_EigVec2 =  8.0557409903E-01 -4.3449434033E-01 -4.0282134898E-01
           Stress_EigVec3 =  4.3352239283E-01 -3.1180569860E-02  9.0060319063E-01
           -DivStress =  6.8726366491E+00 -4.8350721744E-01  1.4236054963E+01
           ESP =  -1.1068163911E+00     ESP at Nucleus =  -1.1082534985E+00
           ESPe = -1.3735634653E+01     ESPe at Nucleus = -1.3664121718E+01
           ESPn =  1.2628818262E+01     ESPn at Nucleus =  1.2555868220E+01

CP# 9      Coords =  4.93010373295574E-01 -3.76150835898023E-01 -2.54370765724613E+00
           Type = (3,-3) NACP h9
           Rho =  4.3827203191E-01     Rho at Nucleus =  4.3478477482E-01
           GradRho = -1.9723805922E-15  3.6359804056E-15  1.8727424125E-14
           HessRho_EigVals = -8.9858991913E+00 -8.9807797162E+00 -8.2384746708E+00
           HessRho_EigVec1 = -9.1551038593E-01  3.6038829624E-01 -1.7877642233E-01
           HessRho_EigVec2 =  3.8694917298E-01  9.1042662287E-01 -1.4626586034E-01
           HessRho_EigVec3 = -1.1005031023E-01  2.0308530302E-01  9.7295698205E-01
           DelSqRho = -2.6205153578E+01
           Bond Ellipticity = NA
           V = -6.5644574157E+00
           G =  6.5845105682E-03
           K =  6.5578729051E+00
           L =  6.5512883946E+00
           Vnuc =  4.6843195665E+01
           Ven = -2.0530062545E+01
           Vrep =  1.3965605129E+01
           DelSqV =  1.7066558890E+03
           DelSqVen =  1.2275331365E+03
           DelSqVrep =  4.7912275247E+02
           DelSqG =  1.3106533434E+02
           DelSqK = -1.8377212233E+03
           Stress_EigVals = -2.2517453655E+00 -2.2512360087E+00 -2.0614760414E+00
           Stress_EigVec1 =  4.1167013948E-01  9.0031076205E-01 -1.4130898061E-01
           Stress_EigVec2 = -9.0456059360E-01  3.8480078336E-01 -1.8357148370E-01
           Stress_EigVec3 = -1.1089557595E-01  2.0339343368E-01  9.7279662950E-01
           -DivStress =  1.7466752954E+00 -3.2373280728E+00 -1.5461212047E+01
           ESP =  -1.0850960003E+00     ESP at Nucleus =  -1.0863826057E+00
           ESPe = -1.3018516786E+01     ESPe at Nucleus = -1.2943456239E+01
           ESPn =  1.1933420785E+01     ESPn at Nucleus =  1.1857073633E+01

CP# 10     Coords = -2.66614123460881E+00  2.01780208303508E+00  4.55770776238391E+00
           Type = (3,-3) NACP h10
           Rho =  4.4072059469E-01     Rho at Nucleus =  4.3731467254E-01
           GradRho =  2.2340072500E-13 -1.2338784508E-13 -2.2395280075E-13
           HessRho_EigVals = -9.0387839287E+00 -9.0340897544E+00 -8.3022691425E+00
           HessRho_EigVec1 =  6.5701080659E-01 -1.5611911424E-01  7.3753889537E-01
           HessRho_EigVec2 =  3.7410348089E-01  9.1688437166E-01 -1.3917483459E-01
           HessRho_EigVec3 =  6.5451003476E-01 -3.6735523838E-01 -6.6080764465E-01
           DelSqRho = -2.6375142826E+01
           Bond Ellipticity = NA
           V = -6.6067017886E+00
           G =  6.4580411042E-03
           K =  6.6002437475E+00
           L =  6.5937857064E+00
           Vnuc =  4.7359907483E+01
           Ven = -2.0872486591E+01
           Vrep =  1.4265784802E+01
           DelSqV =  1.7189812357E+03
           DelSqVen =  1.2491243241E+03
           DelSqVrep =  4.6985691168E+02
           DelSqG =  1.3201800571E+02
           DelSqK = -1.8509992415E+03
           Stress_EigVals = -2.2647398660E+00 -2.2644165762E+00 -2.0775453463E+00
           Stress_EigVec1 =  3.5779248066E-01  9.2046276289E-01 -1.5726678897E-01
           Stress_EigVec2 =  6.6563818802E-01 -1.3328417712E-01  7.3427592279E-01
           Stress_EigVec3 =  6.5491247006E-01 -3.6740118435E-01 -6.6038324199E-01
           -DivStress = -1.0319287639E+01  5.7701466128E+00  1.0411421262E+01
           ESP =  -1.0987048991E+00     ESP at Nucleus =  -1.1000526064E+00
           ESPe = -1.3015063946E+01     ESPe at Nucleus = -1.2941251744E+01
           ESPn =  1.1916359047E+01     ESPn at Nucleus =  1.1841199138E+01

CP# 11     Coords = -3.49659404572843E+00  1.58467131117970E+00 -4.16378613834915E-01
           Type = (3,-3) NACP h11
           Rho =  4.3996256745E-01     Rho at Nucleus =  4.3650567695E-01
           GradRho = -1.2630955309E-16  2.0383000843E-16  1.8908485888E-16
           HessRho_EigVals = -9.0234350742E+00 -9.0187907681E+00 -8.2795700903E+00
           HessRho_EigVec1 = -3.8474361004E-01  3.0971262966E-01  8.6951161094E-01
           HessRho_EigVec2 =  3.7776911535E-01  9.1235122152E-01 -1.5781553812E-01
           HessRho_EigVec3 =  8.4217744569E-01 -2.6775611219E-01  4.6802116871E-01
           DelSqRho = -2.6321795933E+01
           Bond Ellipticity = NA
           V = -6.5932114742E+00
           G =  6.3812455290E-03
           K =  6.5868302287E+00
           L =  6.5804489832E+00
           Vnuc =  4.6833024676E+01
           Ven = -2.0604777778E+01
           Vrep =  1.4011566304E+01
           DelSqV =  1.7147576678E+03
           DelSqVen =  1.2327293184E+03
           DelSqVrep =  4.8202834935E+02
           DelSqG =  1.3171394783E+02
           DelSqK = -1.8464716156E+03
           Stress_EigVals = -2.2608892645E+00 -2.2605082820E+00 -2.0718139277E+00
           Stress_EigVec1 =  3.5621306238E-01  9.2788115965E-01 -1.1022163012E-01
           Stress_EigVec2 = -4.0433517999E-01  2.5940779115E-01  8.7705225621E-01
           Stress_EigVec3 =  8.4239261417E-01 -2.6785098740E-01  4.6757943939E-01
           -DivStress = -1.3351339720E+01  4.2257066845E+00 -7.4368112235E+00
           ESP =  -1.0901522214E+00     ESP at Nucleus =  -1.0914494740E+00
           ESPe = -1.2780587263E+01     ESPe at Nucleus = -1.2705898104E+01
           ESPn =  1.1690435041E+01     ESPn at Nucleus =  1.1614448630E+01

CP# 12     Coords =  1.25545948555062E+00  6.21237867878702E+00 -1.69747776603652E+00
           Type = (3,-3) NACP h12
           Rho =  4.3862553511E-01     Rho at Nucleus =  4.3503010296E-01
           GradRho = -4.3368086899E-16  3.4520997172E-16  9.6450625264E-16
           HessRho_EigVals = -9.0025081408E+00 -8.9998140775E+00 -8.2391704312E+00
           HessRho_EigVec1 = -4.5978309005E-01  3.0996404591E-01  8.3217894731E-01
           HessRho_EigVec2 =  4.0168141204E-01  9.0835119378E-01 -1.1640512007E-01
           HessRho_EigVec3 =  7.9199214221E-01 -2.8074970882E-01  5.4215131437E-01
           DelSqRho = -2.6241492649E+01
           Bond Ellipticity = NA
           V = -6.5724048321E+00
           G =  6.0158348652E-03
           K =  6.5663889972E+00
           L =  6.5603731624E+00
           Vnuc =  4.6188377385E+01
           Ven = -2.0259401746E+01
           Vrep =  1.3686996914E+01
           DelSqV =  1.7076547366E+03
           DelSqVen =  1.2120519656E+03
           DelSqVrep =  4.9560277096E+02
           DelSqG =  1.3131345357E+02
           DelSqK = -1.8389681902E+03
           Stress_EigVals = -2.2555002297E+00 -2.2552533728E+00 -2.0616512297E+00
           Stress_EigVec1 =  4.1807160664E-01  8.9658970685E-01 -1.4609253673E-01
           Stress_EigVec2 = -4.4587053538E-01  3.4264544156E-01  8.2691811388E-01
           Stress_EigVec3 =  7.9146421107E-01 -2.8057262686E-01  5.4301326287E-01
           -DivStress = -1.2779921381E+01  4.4915776429E+00 -8.7921502104E+00
           ESP =  -1.0625271752E+00     ESP at Nucleus =  -1.0638821104E+00
           ESPe = -1.2852226951E+01     ESPe at Nucleus = -1.2786134418E+01
           ESPn =  1.1789699776E+01     ESPn at Nucleus =  1.1722252308E+01

CP# 13     Coords =  4.41523518998183E+00  4.82954092042775E+00 -1.58267284943088E+00
           Type = (3,-3) NACP h13
           Rho =  4.3750199499E-01     Rho at Nucleus =  4.3393904866E-01
           GradRho = -6.8125139766E-09  3.5331627433E-09  4.2897371818E-09
           HessRho_EigVals = -8.9755394633E+00 -8.9728865963E+00 -8.2192492598E+00
           HessRho_EigVec1 = -5.0036768091E-01  7.6183743589E-02 -8.6245476468E-01
           HessRho_EigVec2 =  3.8393001575E-01  9.1235441354E-01 -1.4215191559E-01
           HessRho_EigVec3 =  7.7603474594E-01 -4.0225049572E-01 -4.8576188795E-01
           DelSqRho = -2.6167675319E+01
           Bond Ellipticity = NA
           V = -6.5539707183E+00
           G =  6.0259442453E-03
           K =  6.5479447741E+00
           L =  6.5419188298E+00
           Vnuc =  4.6656309072E+01
           Ven = -2.0412228298E+01
           Vrep =  1.3858257580E+01
           DelSqV =  1.7031265700E+03
           DelSqVen =  1.2208871683E+03
           DelSqVrep =  4.8223940173E+02
           DelSqG =  1.3090804896E+02
           DelSqK = -1.8340346190E+03
           Stress_EigVals = -2.2486990959E+00 -2.2485238135E+00 -2.0567478089E+00
           Stress_EigVec1 =  4.4773445993E-01  8.9382758757E-01 -2.4619039328E-02
           Stress_EigVec2 =  4.4479978645E-01 -1.9875469526E-01  8.7329818567E-01
           Stress_EigVec3 =  7.7568486086E-01 -4.0195623495E-01 -4.8656364621E-01
           -DivStress =  1.2436126892E+01 -6.4490431703E+00 -7.8384587871E+00
           ESP =  -1.0623246860E+00     ESP at Nucleus =  -1.0636763186E+00
           ESPe = -1.3209045537E+01     ESPe at Nucleus = -1.3145157862E+01
           ESPn =  1.2146720851E+01     ESPn at Nucleus =  1.2081481543E+01

CP# 14     Coords =  4.95601744166969E+00  5.17624817434283E+00  3.41510501872578E+00
           Type = (3,-3) NACP c14
           Rho =  1.2256742935E+02     Rho at Nucleus =  1.2256742765E+02
           GradRho = -1.6686207971E-11 -1.9693136011E-11  5.3136162137E-11
           HessRho_EigVals = -3.2408811933E+05 -3.2408811781E+05 -3.2408427887E+05
           HessRho_EigVec1 =  4.8333029194E-01  8.4257002825E-01 -2.3762907310E-01
           HessRho_EigVec2 = -4.2761607921E-01  4.6407851984E-01  7.7574197787E-01
           HessRho_EigVec3 =  7.6389548872E-01 -2.7332558409E-01  5.8459969842E-01
           DelSqRho = -9.7226051601E+05
           Bond Ellipticity = NA
           V = -2.4308269910E+05
           G =  8.7850504034E+00
           K =  2.4307391405E+05
           L =  2.4306512900E+05
           Vnuc =  1.8524461736E+06
           Ven = -2.2704956551E+08
           Vrep =  2.2680648281E+08
           DelSqV =  2.3847367311E+10
           DelSqVen =  1.8010602808E+12
           DelSqVrep = -1.7772129138E+12
           DelSqG =  6.4283514814E+08
           DelSqK = -2.4490202459E+10
           Stress_EigVals = -8.1028682178E+04 -8.1027008955E+04 -8.1027007970E+04
           Stress_EigVec1 =  7.6606755944E-01 -2.7631212402E-01  5.8033792267E-01
           Stress_EigVec2 =  7.2800118826E-02  9.3437369619E-01  3.4877777819E-01
           Stress_EigVec3 = -6.3862401855E-01 -2.2493867160E-01  7.3590893251E-01
           -DivStress =  1.9845731329E+04 -7.0989516659E+03  1.4217070795E+04
           ESP =  -1.4742722147E+01     ESP at Nucleus =  -1.4742722195E+01
           ESPe = -2.7036549175E+01     ESPe at Nucleus = -2.7036549360E+01
           ESPn =  1.2293827028E+01     ESPn at Nucleus =  1.2293827165E+01

CP# 15     Coords =  1.29423236436460E+00  6.73754967459866E+00  2.87795238635949E+00
           Type = (3,-3) NACP h15
           Rho =  4.3580892836E-01     Rho at Nucleus =  4.3223113046E-01
           GradRho =  9.0118884577E-16  3.1875543871E-16  1.3652273756E-15
           HessRho_EigVals = -8.9522354659E+00 -8.9477127115E+00 -8.1924317635E+00
           HessRho_EigVec1 = -4.6683103222E-01  1.4421142306E-01 -8.7250894140E-01
           HessRho_EigVec2 =  4.1248148305E-01  9.0822760346E-01 -7.0580779658E-02
           HessRho_EigVec3 =  7.8225815017E-01 -3.9284308034E-01 -4.8347337127E-01
           DelSqRho = -2.6092379941E+01
           Bond Ellipticity = NA
           V = -6.5354942236E+00
           G =  6.1996192030E-03
           K =  6.5292946044E+00
           L =  6.5230949852E+00
           Vnuc =  4.7094056245E+01
           Ven = -2.0524010184E+01
           Vrep =  1.3988515961E+01
           DelSqV =  1.6981304968E+03
           DelSqVen =  1.2287960085E+03
           DelSqVrep =  4.6933448831E+02
           DelSqG =  1.3067362293E+02
           DelSqK = -1.8288041198E+03
           Stress_EigVals = -2.2433331358E+00 -2.2420905579E+00 -2.0500705300E+00
           Stress_EigVec1 =  3.9011648834E-01  9.1394323462E-01 -1.1187890517E-01
           Stress_EigVec2 =  4.8584636680E-01 -1.0110696406E-01  8.6817664659E-01
           Stress_EigVec3 =  7.8215243616E-01 -3.9304598423E-01 -4.8347949376E-01
           -DivStress = -1.2594387919E+01  6.2983520165E+00  7.7335041429E+00
           ESP =  -1.0609246984E+00     ESP at Nucleus =  -1.0623096552E+00
           ESPe = -1.3769162328E+01     ESPe at Nucleus = -1.3699387730E+01
           ESPn =  1.2708237630E+01     ESPn at Nucleus =  1.2637078075E+01

CP# 16     Coords =  6.62339790704873E+00  4.57445360042212E+00  4.66843143663904E+00
           Type = (3,-3) NACP n16
           Rho =  1.9935239118E+02     Rho at Nucleus =  1.9935237796E+02
           GradRho =  2.9886049191E-10  6.9394268110E-11 -1.8181012251E-10
           HessRho_EigVals = -7.4207804218E+05 -7.4207730993E+05 -7.4206296729E+05
           HessRho_EigVec1 = -4.6883882468E-01  3.5759632592E-01  8.0766021578E-01
           HessRho_EigVec2 =  4.2978609688E-01  8.9119644204E-01 -1.4509587390E-01
           HessRho_EigVec3 =  7.7166966209E-01 -2.7909455277E-01  5.7151742162E-01
           DelSqRho = -2.2262183194E+06
           Bond Ellipticity = NA
           V = -5.5660711996E+05
           G =  2.6270054586E+01
           K =  5.5658084991E+05
           L =  5.5655457985E+05
           Vnuc =  1.1727076567E+06
           Ven = -2.3378207552E+08
           Vrep =  2.3322546840E+08
           DelSqV =  7.9254948306E+10
           DelSqVen =  2.6107032662E+12
           DelSqVrep = -2.5314483179E+12
           DelSqG =  2.0722742025E+09
           DelSqK = -8.1327222508E+10
