AIMSum (Version 19.02.13, Professional)
Copyright (c) 1997-2019 by Todd A. Keith
AIMSum is a component of the AIMAll package ( http://aim.tkgristmill.com )

TP:  64-bit Linux

Much of the Quantum Theory of Atoms in Molecules (QTAIM) is described in the book:
  "Atoms in Molecules - A Quantum Theory"
  R.F.W. Bader, Oxford University Press, Oxford, 1990

For additional references see:  http://aim.tkgristmill.com/references.html

Wfn File:  /home/mhennefarth/Documents/DielsAlder/DielsAlder_QTAIM/reactionC/reactC_endop-10MVc/reactC_endop-10MVc.wfn
Sum File:  /home/mhennefarth/Documents/DielsAlder/DielsAlder_QTAIM/reactionC/reactC_endop-10MVc/reactC_endop-10MVc.sum

SumViz File:  /home/mhennefarth/Documents/DielsAlder/DielsAlder_QTAIM/reactionC/reactC_endop-10MVc/reactC_endop-10MVc.sumviz

Wfn Title:  SCF/DFT density                                                                
 
Total memory allocated for AIMSum =        0.993 Megabytes

Atomic units (a.u.) used throughout, except where stated otherwise

Model:  Restricted SCF
 
Restricted, closed-shell, single-determinant wavefunction.
  Number of electrons (from MO Occs)                   =          64.0000000000
  Number of Alpha electrons (from MO Occs)             =          32.0000000000
  Number of Beta electrons (from MO Occs)              =          32.0000000000
  Number of electron pairs (N*(N-1)/2)                 =        2016.0000000000
  Number of electron pairs (from Muller 2EDM)          =        2016.0000000000
 
Nuclear Charges and Cartesian Coordinates:
-------------------------------------------------------------------------------
Atom      Charge                X                  Y                  Z
-------------------------------------------------------------------------------
c1         6.0           6.6970627000E-01  -2.1539747000E-01  -5.5616986000E-01
c2         6.0          -1.5385427300E+00   8.8384314000E-01   2.4757680000E-02
c3         6.0          -1.6729137100E+00   1.2544122000E+00   2.7718270400E+00
c4         6.0           4.5427099000E-01   3.8032789000E-01   3.8349053900E+00
c5         6.0           2.1470448600E+00  -6.5965236000E-01   1.8171285700E+00
c6         6.0           2.2378220100E+00   5.9983957900E+00   6.0498748000E-01
c7         6.0           4.3715850600E+00   5.5967284800E+00   1.8615611900E+00
h8         1.0           9.2949269000E-01   4.0763407000E-01   5.8199570900E+00
h9         1.0           1.3164410100E+00  -7.3994756000E-01  -2.4205581900E+00
h10        1.0          -3.2515199500E+00   2.1062389100E+00   3.7518157500E+00
h11        1.0          -3.0055786300E+00   1.4150579200E+00  -1.2948882300E+00
h12        1.0           4.3467605000E-01   6.0839883500E+00   1.5631382100E+00
h13        1.0           2.2608982200E+00   6.2417190900E+00  -1.4240904200E+00
h14        1.0           6.1870166400E+00   5.4953191100E+00   9.2381533000E-01
c15        6.0           4.4149882200E+00   5.2587214300E+00   4.5497132200E+00
h16        1.0           3.9863185200E+00   2.9209776000E-01   1.7781661300E+00
h17        1.0           2.5465451400E+00  -2.6709357100E+00   2.1070085300E+00
n18        7.0           4.5125545700E+00   4.9913725300E+00   6.7016528900E+00
 
Some Atomic Properties:
----------------------
  q(A) = Net Charge of Atom A
  L(A) = Lagrangian of Atom A = -(1/4) Times Atomic Integral of the Laplacian of the Electron Density
  K(A) = Electronic Kinetic Energy of Atom A (Hamiltonian Form)
  K_Scaled(A) = K(A) * E(Mol)/K(Mol) = Approximation to Virial-Based Total Energy of Atom A.
  |Mu_Intra(A)| = Magnitude of Intraatomic Dipole Moment of Atom A
--------------------------------------------------------------------------------------------------
Atom A          q(A)              L(A)              K(A)          K_Scaled(A)      |Mu_Intra(A)|
--------------------------------------------------------------------------------------------------
c1       -6.6034800300E-02  5.8118870267E-05  3.7906235016E+01 -3.8098836596E+01  1.9208956815E-01
c2       -5.9708965400E-02  1.7706776581E-04  3.7906693709E+01 -3.8099297620E+01  1.7185083138E-01
c3       -6.3246216800E-02  2.4597415453E-04  3.7908952865E+01 -3.8101568255E+01  1.6533776604E-01
c4       -6.6826872800E-02  1.2573163138E-04  3.7908706265E+01 -3.8101320402E+01  1.8729251205E-01
c5       -1.1732750100E-02 -9.2367907210E-05  3.7863553384E+01 -3.8055938099E+01  1.4634042840E-01
c6        1.8379667500E-02  5.0691797983E-05  3.7849578078E+01 -3.8041891784E+01  1.8477497317E-01
c7        4.2627430900E-02 -2.1594272369E-04  3.7836111521E+01 -3.8028356804E+01  3.1697722120E-01
h8        4.9441342520E-02  1.4525477291E-05  5.9562463371E-01 -5.9865100248E-01  1.3955118484E-01
h9        5.2761561840E-02  1.8943755329E-05  5.9387995796E-01 -5.9689746202E-01  1.3929325640E-01
h10       4.1857716650E-02  1.7257401581E-05  5.9866219690E-01 -6.0170399953E-01  1.3923439587E-01
h11       5.0637366810E-02  1.9669323641E-05  5.9542052944E-01 -5.9844586115E-01  1.3722298745E-01
h12       8.1428254430E-02  1.2418147343E-05  5.8502155078E-01 -5.8799404528E-01  1.3143009615E-01
h13       8.1672858130E-02  2.0914937888E-05  5.8506966556E-01 -5.8804240453E-01  1.3127589122E-01
h14       9.4118172900E-02  2.5689300633E-05  5.8072566419E-01 -5.8367633129E-01  1.3068031634E-01
c15       9.7451440900E-01  2.5109922943E-05  3.7361925543E+01 -3.7551761487E+01  1.0553345467E+00
h16       3.8894974950E-02  2.1432113478E-05  5.9571186710E-01 -5.9873867910E-01  1.4225367411E-01
h17       4.6528386600E-02  2.2649567682E-05  5.9332203264E-01 -5.9633670189E-01  1.4381251859E-01
n18      -1.3052103421E+00 -2.2197078037E-06  5.5207468693E+01 -5.5487977841E+01  6.1469148365E-01
--------------------------------------------------------------------------------------------------
Total     1.0219473000E-04  5.4566382908E-04  3.6307266317E+02 -3.6491743538E+02
 
1st Largest |L(A)| = 2.4597415453E-04, atom c3      
2nd Largest |L(A)| = 2.1594272369E-04, atom c7      
 
Molecular charge q(Mol) from the wfn file:   0.0000000000E+00
Molecular energy E(Mol) from the wfn file:  -3.6491707072E+02
Molecular virial ratio (-V(Mol)/T(Mol)) from the wfn file:   2.0050810000E+00
Note.  K_Scaled(A) = (1+V(Mol)/T(Mol))*K(A) = (E(Mol)/T(Mol))*K(A)
       Only use K_Scaled(A) data with caution.
 
N_AIMInt(SumA)     =         63.999898
N_Analytic(Mol)    =         63.999992
 
G_AIMInt(SumA)     =        363.072118
G_Analytic(Mol)    =        363.072249
 
K_AIMInt(SumA)     =        363.072663
K_Analytic(Mol)    =        363.072249
 
L_AIMInt(SumA)     =          0.000546
L_Analytic(Mol)    =          0.000000
 
VenT_AIMInt(SumA)  =      -1614.030214
VenT_Analytic(Mol) =      -1614.028794
 
Some Information About the Atomic Calculations:
----------------------------------------------
  Time(sec) = "Elapsed User Time", in Seconds, for Atom A by AIMInt and, if used, by TWOe
  NProc = Number of Processors Used for AIMInt Job
  BIM = Basin Integration Method
  OAQ = Angular Quadrature Outside of Beta Sphere
  ORQ = Multiple of Default for Radial Quadrature Outside of Beta Sphere
  IAQ = Multiple of Default for Angular Quadrature Inside of Beta Sphere
  IRQ = Multiple of Default for Radial Quadrature Inside of Beta Sphere
  MIR = Maximum Integration Radius
------------------------------------------------------------------------------------------------------
Atom A     Time(sec)   NProc      BIM          OAQ                     ORQ      IAQ      IRQ      MIR
------------------------------------------------------------------------------------------------------
c1             38        8     Proaim(5)    4500(GS4)                  1.00     1.00     1.00    13.00
c2            143        8    Promega(1)    4500(GS4)                  1.00     1.00     1.00    13.00
c3            127        8    Promega(1)    4500(GS4)                  1.00     1.00     1.00    13.00
c4            127        8    Promega(1)    4500(GS4)                  1.00     1.00     1.00    13.00
c5            487        8    Promega(5)    4500(GS4)                  1.00     1.00     1.00    13.00
c6            464        8    Promega(5)    4500(GS4)                  1.00     1.00     1.00    13.00
c7            103        8     Proaim(5)    4500(GS4)                  1.00     1.00     1.00    13.00
h8             36        8     Proaim(5)    1800(GS4)                  1.00     1.00     1.00    13.00
h9             27        8     Proaim(5)    1800(GS4)                  1.00     1.00     1.00    13.00
h10            15        8     Proaim(5)    1800(GS4)                  1.00     1.00     1.00    13.00
h11            12        8     Proaim(5)    1800(GS4)                  1.00     1.00     1.00    13.00
h12           135        8    Promega(1)    4500(GS4)                  1.00     1.00     1.00    13.00
h13             9        8     Proaim(5)    1800(GS4)                  1.00     1.00     1.00    13.00
h14             9        8     Proaim(5)    1800(GS4)                  1.00     1.00     1.00    13.00
c15            48        8     Proaim(5)    4500(GS4)                  1.00     1.00     1.00    13.00
h16            24        8     Proaim(5)    4500(GS4)                  1.00     1.00     1.00    13.00
h17            10        8     Proaim(5)    1800(GS4)                  1.00     1.00     1.00    13.00
n18            24        8     Proaim(5)    2700(GS4)                  1.00     1.00     1.00    13.00
------------------------------------------------------------------------------------------------------
Total        1838
Note:  Total wall clock time is less than total of atomic times if more than one atom
       was calculated at a time
 
Electron Density Critical Point Analysis of Molecular Structure:               
---------------------------------------------------------------                
  NACP = Nuclear Attractor Critical Point                                      
  NNACP = Non-Nuclear Attractor Critical Point                                 
  BCP = Bond Critical Point                                                    
  RCP = Ring Critical Point                                                    
  CCP = Cage Critical Point                                                    
  Rho = Electron Density                                                       
  GradRho = Gradient of Electron Density                                       
  HessRho_EigVals = Eigenvalues of the Hessian of Rho, Ascending Order         
  HessRho_EigVecs = Eigenvectors of the Hessian of Rho                         
  DelSqRho = Laplacian of Rho = Trace of Hessian of Rho                        
  Bond Ellipticity = (HessRho_EigVal(1) / HessRho_EigVal(2)) - 1               
  V = Virial Field = Potential Energy Density = Trace of Stress Tensor         
  G = Lagrangian Form of Kinetic Energy Density                                
  K = Hamiltonian Form of Kinetic Energy Density                               
  L = K - G = Lagrangian Density = (-1/4)DelSqRho                              
  Vnuc = Electrostatic Potential from Nuclei                                   
  Ven = Electron-nuclear attractive contribution to Virial Field V             
  Vrep = V - Ven = Repulsive contribution to Virial Field V                    
  DelSqV = Laplacian of V                                                      
  DelSqVen = Laplacian of Ven                                                  
  DelSqVrep = Laplacian of Vrep                                                
  DelSqG = Laplacian of G                                                      
  DelSqK = Laplacian of K                                                      
  Stress_EigVals = Eigenvalues of Stress Tensor, Ascending Order               
  Stress_EigVecs = Eigenvectors of Stress Tensor                               
  -DivStress = Ehrenfest Force Density = Minus Divergence of Stress Tensor     
  ESP = Total Electrostatic Potential                                          
  ESPe = Electrostatic Potential from Electrons                                
  ESPn = Electrostatic Potential from Nuclei                                   
  BP = Bond Path                                                               
  BPL = Bond Path Length                                                       
  GBL = Geometric Bond Length                                                  
  GBL_I = Distance Between Nuclear Attractors                                  
  GBL_II = Distance Between Nuclei                                             
  GBL_III = Sum of Distances Between BCP and Nuclear Attractors                
  GBL_IV = Sum of Distances Between BCP and Nuclei                             

CP# 1      Coords =  6.69707535488045E-01 -2.15397986554000E-01 -5.56169512142019E-01
           Type = (3,-3) NACP c1
           Rho =  1.2218877250E+02     Rho at Nucleus =  1.2218877218E+02
           GradRho =  6.6718417457E-09 -2.7280662174E-09  1.8239703081E-09
           HessRho_EigVals = -3.2300195347E+05 -3.2300024980E+05 -3.2299904501E+05
           HessRho_EigVec1 =  4.1694070455E-01  9.0275874168E-01 -1.0576910329E-01
           HessRho_EigVec2 =  3.5715995300E-01 -5.5715350880E-02  9.3238005537E-01
           HessRho_EigVec3 =  8.3582128285E-01 -4.2652368515E-01 -3.4565926740E-01
           DelSqRho = -9.6900124828E+05
           Bond Ellipticity = NA
           V = -2.4226768295E+05
           G =  8.6854395604E+00
           K =  2.4225899751E+05
           L =  2.4225031207E+05
           Vnuc =  4.2540551307E+06
           Ven = -5.1979777456E+08
           Vrep =  5.1955550688E+08
           DelSqV =  2.3767380123E+10
           DelSqVen =  4.1221848760E+12
           DelSqVrep = -4.0984174959E+12
           DelSqG =  6.4050356401E+08
           DelSqK = -2.4407883687E+10
           Stress_EigVals = -8.0756373934E+04 -8.0755990572E+04 -8.0755318443E+04
           Stress_EigVec1 =  8.0426769904E-01 -4.2359090959E-01 -4.1680236276E-01
           Stress_EigVec2 =  4.2026638829E-01 -9.0455702782E-02  9.0288090505E-01
           Stress_EigVec3 =  4.2015429447E-01  9.0132597164E-01 -1.0527042175E-01
           -DivStress = -9.9017703934E+03  4.0418349674E+03 -2.7185160172E+03
           ESP =  -1.4762722430E+01     ESP at Nucleus =  -1.4762722436E+01
           ESPe = -2.7131391224E+01     ESPe at Nucleus = -2.7131391565E+01
           ESPn =  1.2368668795E+01     ESPn at Nucleus =  1.2368669129E+01

CP# 2      Coords = -1.53854367827097E+00  8.83843730019559E-01  2.47584308239085E-02
           Type = (3,-3) NACP c2
           Rho =  1.2219534308E+02     Rho at Nucleus =  1.2219534279E+02
           GradRho = -4.5546926231E-09  2.8270719099E-09  3.6068721343E-09
           HessRho_EigVals = -3.2301964214E+05 -3.2301771430E+05 -3.2301662830E+05
           HessRho_EigVec1 =  4.2414017945E-01  8.9972813347E-01 -1.0292907280E-01
           HessRho_EigVec2 =  1.0524745706E-01  6.3914978074E-02  9.9238996789E-01
           HessRho_EigVec3 =  8.9945988291E-01 -4.3174548223E-01 -6.7585187825E-02
           DelSqRho = -9.6905398474E+05
           Bond Ellipticity = NA
           V = -2.4228087643E+05
           G =  8.6901199570E+00
           K =  2.4227218631E+05
           L =  2.4226349619E+05
           Vnuc =  4.4584503665E+06
           Ven = -5.4480187215E+08
           Vrep =  5.4455959127E+08
           DelSqV =  2.3768672476E+10
           DelSqVen =  4.3204796129E+12
           DelSqVrep = -4.2967109405E+12
           DelSqG =  6.4053892319E+08
           DelSqK = -2.4409211399E+10
           Stress_EigVals = -8.0760766466E+04 -8.0760423763E+04 -8.0759686196E+04
           Stress_EigVec1 =  9.0455557199E-01 -4.2596012183E-01 -1.8362783014E-02
           Stress_EigVec2 =  6.0886715751E-02  8.6429560602E-02  9.9439566517E-01
           Stress_EigVec3 =  4.2198581141E-01  9.0060418924E-01 -1.0411565349E-01
           -DivStress =  7.4220215367E+03 -4.6176685910E+03 -5.8727926468E+03
           ESP =  -1.4763578463E+01     ESP at Nucleus =  -1.4763578471E+01
           ESPe = -2.7061801814E+01     ESPe at Nucleus = -2.7061802459E+01
           ESPn =  1.2298223351E+01     ESPn at Nucleus =  1.2298223988E+01

CP# 3      Coords = -1.67291464976120E+00  1.25441257133679E+00  2.77182616721744E+00
           Type = (3,-3) NACP c3
           Rho =  1.2219360946E+02     Rho at Nucleus =  1.2219360917E+02
           GradRho = -4.4503307706E-09  1.7264036867E-09 -4.1213454871E-09
           HessRho_EigVals = -3.2301423394E+05 -3.2301235164E+05 -3.2301128948E+05
           HessRho_EigVec1 =  4.2141783626E-01  9.0104828430E-01 -1.0256215984E-01
           HessRho_EigVec2 = -2.3043600008E-01  2.1577884434E-01  9.4886181302E-01
           HessRho_EigVec3 =  8.7710105298E-01 -3.7623327828E-01  2.9856701621E-01
           DelSqRho = -9.6903787506E+05
           Bond Ellipticity = NA
           V = -2.4227685609E+05
           G =  8.6936629697E+00
           K =  2.4226816243E+05
           L =  2.4225946876E+05
           Vnuc =  4.4936804215E+06
           Ven = -5.4909903048E+08
           Vrep =  5.4885675362E+08
           DelSqV =  2.3768276690E+10
           DelSqVen =  4.3545466470E+12
           DelSqVrep = -4.3307783704E+12
           DelSqG =  6.4052668854E+08
           DelSqK = -2.4408803378E+10
           Stress_EigVals = -8.0759416512E+04 -8.0759083811E+04 -8.0758355768E+04
           Stress_EigVec1 =  8.8850848321E-01 -3.8733386363E-01  2.4601860366E-01
           Stress_EigVec2 = -1.8256899856E-01  1.9347672304E-01  9.6396852563E-01
           Stress_EigVec3 =  4.2097652669E-01  9.0140958267E-01 -1.0119055413E-01
           -DivStress =  7.3554062373E+03 -2.9071292369E+03  6.8276100990E+03
           ESP =  -1.4769937498E+01     ESP at Nucleus =  -1.4769937512E+01
           ESPe = -2.7323956623E+01     ESPe at Nucleus = -2.7323957649E+01
           ESPn =  1.2554019125E+01     ESPn at Nucleus =  1.2554020137E+01

CP# 4      Coords =  4.54272246816054E-01  3.80327313076557E-01  3.83490532730951E+00
           Type = (3,-3) NACP c4
           Rho =  1.2218940838E+02     Rho at Nucleus =  1.2218940807E+02
           GradRho =  6.3870158051E-09 -2.9408422364E-09 -2.6936408659E-10
           HessRho_EigVals = -3.2300474503E+05 -3.2300306877E+05 -3.2300187226E+05
           HessRho_EigVec1 =  4.2192477013E-01  8.9871971629E-01 -1.1950882774E-01
           HessRho_EigVec2 = -4.3573561735E-01  3.1660609056E-01  8.4255270173E-01
           HessRho_EigVec3 =  7.9505594780E-01 -3.0341960216E-01  5.2518814238E-01
           DelSqRho = -9.6900968606E+05
           Bond Ellipticity = NA
           V = -2.4226980517E+05
           G =  8.6918279952E+00
           K =  2.4226111334E+05
           L =  2.4225242151E+05
           Vnuc =  4.3342533868E+06
           Ven = -5.2959985712E+08
           Vrep =  5.2935758731E+08
           DelSqV =  2.3767589590E+10
           DelSqVen =  4.1999334769E+12
           DelSqVrep = -4.1761658873E+12
           DelSqG =  6.4051134309E+08
           DelSqK = -2.4408100933E+10
           Stress_EigVals = -8.0757078024E+04 -8.0756697158E+04 -8.0756029989E+04
           Stress_EigVec1 =  7.5763719779E-01 -2.8084883457E-01  5.8916025718E-01
           Stress_EigVec2 = -4.9751875139E-01  3.3575253252E-01  7.9984081474E-01
           Stress_EigVec3 =  4.2244640907E-01  8.9910742908E-01 -1.1465104639E-01
           -DivStress = -9.8340368710E+03  4.5134849048E+03  4.8743244833E+02
           ESP =  -1.4775180634E+01     ESP at Nucleus =  -1.4775180641E+01
           ESPe = -2.7702642931E+01     ESPe at Nucleus = -2.7702643249E+01
           ESPn =  1.2927462297E+01     ESPn at Nucleus =  1.2927462608E+01

CP# 5      Coords =  2.14704468195281E+00 -6.59652275070140E-01  1.81712857773859E+00
           Type = (3,-3) NACP c5
           Rho =  1.2199803241E+02     Rho at Nucleus =  1.2199803241E+02
           GradRho = -4.1808334572E-11  1.1621037466E-11 -4.5403680815E-12
           HessRho_EigVals = -3.2246279550E+05 -3.2246241969E+05 -3.2246206798E+05
           HessRho_EigVec1 = -6.0775588519E-02  1.3008434261E-01  9.8963851565E-01
           HessRho_EigVec2 =  4.3509698080E-01  8.9577059278E-01 -9.1025614095E-02
           HessRho_EigVec3 =  8.9833008696E-01 -4.2505659497E-01  1.1104028967E-01
           DelSqRho = -9.6738728317E+05
           Bond Ellipticity = NA
           V = -2.4186435998E+05
           G =  8.7695928140E+00
           K =  2.4185559038E+05
           L =  2.4184682079E+05
           Vnuc =  3.0392415673E+07
           Ven = -3.7078149124E+09
           Vrep =  3.7075730481E+09
           DelSqV =  2.3727802701E+10
           DelSqVen =  2.9401165070E+13
           DelSqVrep = -2.9377420490E+13
           DelSqG =  6.3936541981E+08
           DelSqK = -2.4367168121E+10
           Stress_EigVals = -8.0621556952E+04 -8.0621453886E+04 -8.0621349139E+04
           Stress_EigVec1 =  8.9893836056E-01 -4.2420841371E-01  1.0934827686E-01
           Stress_EigVec2 =  4.3380165691E-01  8.9677218941E-01 -8.7268337668E-02
           Stress_EigVec3 = -6.1040530555E-02  1.2588432007E-01  9.9016523449E-01
           -DivStress =  1.3894446815E+03 -6.6334829987E+02 -6.0561406862E+01
           ESP =  -1.4756210925E+01     ESP at Nucleus =  -1.4756210923E+01
           ESPe = -2.7440647595E+01     ESPe at Nucleus = -2.7440647316E+01
           ESPn =  1.2684436670E+01     ESPn at Nucleus =  1.2684436393E+01

CP# 6      Coords =  2.23782192013402E+00  5.99839579581080E+00  6.04987348607030E-01
           Type = (3,-3) NACP c6
           Rho =  1.2224914357E+02     Rho at Nucleus =  1.2224914357E+02
           GradRho = -1.0755840663E-11 -9.5810470668E-11 -8.2835960313E-12
           HessRho_EigVals = -3.2317052355E+05 -3.2316681040E+05 -3.2316637576E+05
           HessRho_EigVec1 =  1.1288532172E-01  9.8600592370E-01  1.2267527288E-01
           HessRho_EigVec2 = -4.9423898749E-01 -5.1385107779E-02  8.6780608084E-01
           HessRho_EigVec3 =  8.6196561845E-01 -1.5859347129E-01  4.8152194496E-01
           DelSqRho = -9.6950370971E+05
           Bond Ellipticity = NA
           V = -2.4239320561E+05
           G =  8.6390930847E+00
           K =  2.4238456652E+05
           L =  2.4237592743E+05
           Vnuc =  3.7666812031E+07
           Ven = -4.6047355119E+09
           Vrep =  4.6044931187E+09
           DelSqV =  2.3779695270E+10
           DelSqVen =  3.6518127206E+13
           DelSqVrep = -3.6494347511E+13
           DelSqG =  6.4085263495E+08
           DelSqK = -2.4420547905E+10
           Stress_EigVals = -8.0798251242E+04 -8.0798073543E+04 -8.0796880828E+04
           Stress_EigVec1 =  8.5117873614E-01 -1.6159296034E-01  4.9938209251E-01
           Stress_EigVec2 = -5.1227052046E-01 -4.8496596652E-02  8.5745378533E-01
           Stress_EigVec3 =  1.1434016361E-01  9.8566515373E-01  1.2405858174E-01
           -DivStress =  7.0602248882E+02 -4.5528239275E+01  1.0302804153E+03
           ESP =  -1.4723928406E+01     ESP at Nucleus =  -1.4723928408E+01
           ESPe = -2.6096901702E+01     ESPe at Nucleus = -2.6096901875E+01
           ESPn =  1.1372973296E+01     ESPn at Nucleus =  1.1372973468E+01

CP# 7      Coords =  4.37158592449332E+00  5.59672795797081E+00  1.86156449878883E+00
           Type = (3,-3) NACP c7
           Rho =  1.2212033499E+02     Rho at Nucleus =  1.2212033306E+02
           GradRho = -8.3940854267E-11  1.5553336397E-11  9.0703000666E-12
           HessRho_EigVals = -3.2281543788E+05 -3.2281525365E+05 -3.2281309073E+05
           HessRho_EigVec1 =  1.1752248196E-01  9.8574098552E-01  1.2042913141E-01
           HessRho_EigVec2 = -1.6911996813E-01 -9.9631646701E-02  9.8054677163E-01
           HessRho_EigVec3 =  9.7856369369E-01 -1.3560326115E-01  1.5499952565E-01
           DelSqRho = -9.6844378226E+05
           Bond Ellipticity = NA
           V = -2.4212854609E+05
           G =  8.8002642349E+00
           K =  2.4211974583E+05
           L =  2.4211094556E+05
           Vnuc =  1.7343806985E+06
           Ven = -2.1180315191E+08
           Vrep =  2.1156102336E+08
           DelSqV =  2.3753731026E+10
           DelSqVen =  1.6796501934E+12
           DelSqVrep = -1.6558964624E+12
           DelSqG =  6.4012434994E+08
           DelSqK = -2.4393855376E+10
           Stress_EigVals = -8.0710055526E+04 -8.0709379962E+04 -8.0709110605E+04
           Stress_EigVec1 =  9.7624704723E-01 -1.3533644643E-01  1.6919145678E-01
           Stress_EigVec2 = -1.8341826477E-01 -1.0058967046E-01  9.7787497071E-01
           Stress_EigVec3 =  1.1532321071E-01  9.8568035613E-01  1.2302354493E-01
           -DivStress = -6.7608065557E+03  4.0822842920E+03 -2.5869353689E+04
           ESP =  -1.4711317249E+01     ESP at Nucleus =  -1.4711317272E+01
           ESPe = -2.6711568511E+01     ESPe at Nucleus = -2.6711567703E+01
           ESPn =  1.2000251261E+01     ESPn at Nucleus =  1.2000250431E+01

CP# 8      Coords =  9.22930749991899E-01  4.06996635585896E-01  5.79222086912483E+00
           Type = (3,-3) NACP h8
           Rho =  4.3922097506E-01     Rho at Nucleus =  4.3575596886E-01
           GradRho = -3.5110803154E-15 -4.9266146718E-16 -1.8012067532E-14
           HessRho_EigVals = -9.0118596257E+00 -9.0069322647E+00 -8.2668583459E+00
           HessRho_EigVec1 =  8.8631997617E-01 -4.1790995235E-01 -1.9946972597E-01
           HessRho_EigVec2 =  4.0280511546E-01  9.0827047993E-01 -1.1310514687E-01
           HessRho_EigVec3 =  2.2844023027E-01  1.9899925074E-02  9.7335453673E-01
           DelSqRho = -2.6285650236E+01
           Bond Ellipticity = NA
           V = -6.5847371497E+00
           G =  6.6622953052E-03
           K =  6.5780748544E+00
           L =  6.5714125591E+00
           Vnuc =  4.7784208794E+01
           Ven = -2.0987826779E+01
           Vrep =  1.4403089630E+01
           DelSqV =  1.7124816980E+03
           DelSqVen =  1.2560389992E+03
           DelSqVrep =  4.5644269883E+02
           DelSqG =  1.3158688915E+02
           DelSqK = -1.8440685872E+03
           Stress_EigVals = -2.2583617930E+00 -2.2577637993E+00 -2.0686115574E+00
           Stress_EigVec1 =  4.4254913601E-01  8.8837743364E-01 -1.2221210096E-01
           Stress_EigVec2 =  8.6692267340E-01 -4.5869406302E-01 -1.9505085208E-01
           Stress_EigVec3 =  2.2933674054E-01  1.9628855216E-02  9.7314920104E-01
           -DivStress =  3.6511959760E+00  3.5369158389E-01  1.5436972275E+01
           ESP =  -1.1128422090E+00     ESP at Nucleus =  -1.1143095436E+00
           ESPe = -1.3820413864E+01     ESPe at Nucleus = -1.3750270670E+01
           ESPn =  1.2707571655E+01     ESPn at Nucleus =  1.2635961126E+01

CP# 9      Coords =  1.30761571194129E+00 -7.32627882501904E-01 -2.39432071113326E+00
           Type = (3,-3) NACP h9
           Rho =  4.3833991079E-01     Rho at Nucleus =  4.3485660766E-01
           GradRho = -1.7711526690E-15  1.2628786905E-15  5.4635115876E-15
           HessRho_EigVals = -8.9828672120E+00 -8.9776720641E+00 -8.2362227309E+00
           HessRho_EigVec1 =  8.4731196128E-01 -3.6355036352E-01  3.8716091416E-01
           HessRho_EigVec2 = -4.3183516492E-01 -8.9596473102E-01  1.0375736651E-01
           HessRho_EigVec3 = -3.0916149600E-01  2.5510455493E-01  9.1615546467E-01
           DelSqRho = -2.6196762007E+01
           Bond Ellipticity = NA
           V = -6.5624084516E+00
           G =  6.6089749194E-03
           K =  6.5557994767E+00
           L =  6.5491905017E+00
           Vnuc =  4.6675389942E+01
           Ven = -2.0459686263E+01
           Vrep =  1.3897277812E+01
           DelSqV =  1.7060477026E+03
           DelSqVen =  1.2227440819E+03
           DelSqVrep =  4.8330362070E+02
           DelSqG =  1.3096145610E+02
           DelSqK = -1.8370091587E+03
           Stress_EigVals = -2.2510147663E+00 -2.2504779750E+00 -2.0609157103E+00
           Stress_EigVec1 =  4.4184964013E-01  8.9159248675E-01 -9.9155096090E-02
           Stress_EigVec2 =  8.4185760755E-01 -3.7392153867E-01  3.8917663282E-01
           Stress_EigVec3 = -3.0991073574E-01  2.5543202713E-01  9.1581101511E-01
           -DivStress =  4.8946713993E+00 -4.0594438544E+00 -1.4551430384E+01
           ESP =  -1.0885184354E+00     ESP at Nucleus =  -1.0898078723E+00
           ESPe = -1.2839600849E+01     ESPe at Nucleus = -1.2764732676E+01
           ESPn =  1.1751082413E+01     ESPn at Nucleus =  1.1674924803E+01

CP# 10     Coords = -3.22968528972863E+00  2.09446270009111E+00  3.73808823541670E+00
           Type = (3,-3) NACP h10
           Rho =  4.3997788628E-01     Rho at Nucleus =  4.3654603453E-01
           GradRho =  2.1503112064E-09 -1.1598786957E-09 -1.3519816534E-09
           HessRho_EigVals = -9.0209812714E+00 -9.0160549406E+00 -8.2812141722E+00
           HessRho_EigVec1 = -4.8474407816E-01  1.1293798940E-01 -8.6733395485E-01
           HessRho_EigVec2 =  4.1522207939E-01  9.0247944760E-01 -1.1454899150E-01
           HessRho_EigVec3 =  7.6981413567E-01 -4.1566315354E-01 -4.8436591468E-01
           DelSqRho = -2.6318250384E+01
           Bond Ellipticity = NA
           V = -6.5924101735E+00
           G =  6.4237887319E-03
           K =  6.5859863848E+00
           L =  6.5795625961E+00
           Vnuc =  4.7233514287E+01
           Ven = -2.0781701778E+01
           Vrep =  1.4189291604E+01
           DelSqV =  1.7147976916E+03
           DelSqVen =  1.2431034625E+03
           DelSqVrep =  4.7169422913E+02
           DelSqG =  1.3167257697E+02
           DelSqK = -1.8464702686E+03
           Stress_EigVals = -2.2602228306E+00 -2.2599309997E+00 -2.0722563433E+00
           Stress_EigVec1 =  4.4726441509E-01  8.9269603001E-01 -5.5211783194E-02
           Stress_EigVec2 = -4.5487072701E-01  1.7388290209E-01 -8.7341705849E-01
           Stress_EigVec3 =  7.7009555557E-01 -4.1576259376E-01 -4.8383292667E-01
           -DivStress = -1.2165141202E+01  6.5610608963E+00  7.6486406567E+00
           ESP =  -1.0994765793E+00     ESP at Nucleus =  -1.1008079101E+00
           ESPe = -1.3062993776E+01     ESPe at Nucleus = -1.2989267984E+01
           ESPn =  1.1963517196E+01     ESPn at Nucleus =  1.1888460074E+01

CP# 11     Coords = -2.98522267049247E+00  1.40776800277681E+00 -1.27628305712756E+00
           Type = (3,-3) NACP h11
           Rho =  4.3936618101E-01     Rho at Nucleus =  4.3589794035E-01
           GradRho =  4.3845734335E-12 -1.5706290435E-12  4.0055818905E-12
           HessRho_EigVals = -9.0099542552E+00 -9.0053890255E+00 -8.2652084063E+00
           HessRho_EigVec1 = -5.7331345488E-01  3.1975949847E-01  7.5436433213E-01
           HessRho_EigVec2 =  4.0181508022E-01  9.1210942583E-01 -8.1246763763E-02
           HessRho_EigVec3 =  7.1404224228E-01 -2.5653510180E-01  6.5140879468E-01
           DelSqRho = -2.6280551687E+01
           Bond Ellipticity = NA
           V = -6.5828695402E+00
           G =  6.3658092270E-03
           K =  6.5765037310E+00
           L =  6.5701379217E+00
           Vnuc =  4.6697016130E+01
           Ven = -2.0517089642E+01
           Vrep =  1.3934220102E+01
           DelSqV =  1.7118442851E+03
           DelSqVen =  1.2272233461E+03
           DelSqVrep =  4.8462093905E+02
           DelSqG =  1.3148048415E+02
           DelSqK = -1.8433247693E+03
           Stress_EigVals = -2.2574894392E+00 -2.2571527271E+00 -2.0682273738E+00
           Stress_EigVec1 =  4.4128433056E-01  8.8725857062E-01 -1.3431443881E-01
           Stress_EigVec2 = -5.4314949525E-01  3.8323254023E-01  7.4707526121E-01
           Stress_EigVec3 =  7.1432259198E-01 -2.5671978688E-01  6.5102855976E-01
           -DivStress = -1.1325210158E+01  4.0558463510E+00 -1.0351196471E+01
           ESP =  -1.0891357431E+00     ESP at Nucleus =  -1.0904159488E+00
           ESPe = -1.2728857137E+01     ESPe at Nucleus = -1.2654273663E+01
           ESPn =  1.1639721394E+01     ESPn at Nucleus =  1.1563857715E+01

CP# 12     Coords =  4.60488656713791E-01  6.08301973093225E+00  1.54953759693313E+00
           Type = (3,-3) NACP h12
           Rho =  4.3782054575E-01     Rho at Nucleus =  4.3420150350E-01
           GradRho =  4.4755865680E-15  2.5413698923E-15 -3.2881683487E-15
           HessRho_EigVals = -8.9876296746E+00 -8.9857080458E+00 -8.2220101887E+00
           HessRho_EigVec1 =  4.6304034849E-01 -9.2384438377E-02  8.8150935969E-01
           HessRho_EigVec2 =  7.5121975418E-02  9.9506501436E-01  6.4825195780E-02
           HessRho_EigVec3 =  8.8314796296E-01 -3.6204043205E-02 -4.6769535253E-01
           DelSqRho = -2.6195347909E+01
           Bond Ellipticity = NA
           V = -6.5608791945E+00
           G =  6.0211086188E-03
           K =  6.5548580859E+00
           L =  6.5488369773E+00
           Vnuc =  4.7195390134E+01
           Ven = -2.0663111465E+01
           Vrep =  1.4102232271E+01
           DelSqV =  1.7043656026E+03
           DelSqVen =  1.2362996643E+03
           DelSqVrep =  4.6806593830E+02
           DelSqG =  1.3109655711E+02
           DelSqK = -1.8354621597E+03
           Stress_EigVals = -2.2517606127E+00 -2.2515701781E+00 -2.0575484038E+00
           Stress_EigVec1 =  9.9689295988E-02  9.8888466558E-01  1.1031392683E-01
           Stress_EigVec2 =  4.5765935570E-01 -1.4401251431E-01  8.7738720635E-01
           Stress_EigVec3 =  8.8352134010E-01 -3.6979912232E-02 -4.6692882507E-01
           -DivStress = -1.4314622751E+01  5.3932320058E-01  7.5416566479E+00
           ESP =  -1.0693733438E+00     ESP at Nucleus =  -1.0708237257E+00
           ESPe = -1.4009460166E+01     ESPe at Nucleus = -1.3954985211E+01
           ESPn =  1.2940086823E+01     ESPn at Nucleus =  1.2884161486E+01

CP# 13     Coords =  2.26069618240728E+00  6.23832578679638E+00 -1.39514378157668E+00
           Type = (3,-3) NACP h13
           Rho =  4.3790902529E-01     Rho at Nucleus =  4.3430303606E-01
           GradRho = -1.3756357164E-15 -7.9302883704E-15  4.4544229416E-14
           HessRho_EigVals = -8.9837244450E+00 -8.9810912400E+00 -8.2196900914E+00
           HessRho_EigVec1 =  9.9707252334E-01 -7.6456881484E-02  8.5350325356E-04
           HessRho_EigVec2 =  7.5827200707E-02  9.9017264627E-01  1.1750900480E-01
           HessRho_EigVec3 = -9.8294876286E-03 -1.1710028117E-01  9.9307145026E-01
           DelSqRho = -2.6184505776E+01
           Bond Ellipticity = NA
           V = -6.5580032522E+00
           G =  5.9384040278E-03
           K =  6.5520648481E+00
           L =  6.5461264441E+00
           Vnuc =  4.5943076666E+01
           Ven = -2.0118887922E+01
           Vrep =  1.3560884669E+01
           DelSqV =  1.7036069825E+03
           DelSqVen =  1.2029967564E+03
           DelSqVrep =  5.0061022618E+02
           DelSqG =  1.3095582554E+02
           DelSqK = -1.8345628081E+03
           Stress_EigVals = -2.2506641178E+00 -2.2505685258E+00 -2.0567706086E+00
           Stress_EigVec1 =  3.0161938737E-01  9.4652277778E-01  1.1454421111E-01
           Stress_EigVec2 =  9.5338737660E-01 -3.0053657223E-01 -2.7023672813E-02
           Stress_EigVec3 = -8.8462027200E-03 -1.1735586857E-01  9.9305052480E-01
           -DivStress =  1.1202887828E-01  1.8818740263E+00 -1.6044648153E+01
           ESP =  -1.0590267917E+00     ESP at Nucleus =  -1.0603475373E+00
           ESPe = -1.2691550694E+01     ESPe at Nucleus = -1.2622905309E+01
           ESPn =  1.1632523902E+01     ESPn at Nucleus =  1.1562557771E+01

CP# 14     Coords =  6.16140540923843E+00  5.49668214559282E+00  9.37471283338906E-01
           Type = (3,-3) NACP h14
           Rho =  4.3497457304E-01     Rho at Nucleus =  4.3141058644E-01
           GradRho = -4.4565046098E-15  1.6332421526E-15  1.3257624165E-15
           HessRho_EigVals = -8.9323851555E+00 -8.9271343542E+00 -8.1754901961E+00
           HessRho_EigVec1 =  4.5854048761E-01 -1.3357442349E-01  8.7857754047E-01
           HessRho_EigVec2 =  1.0435310747E-01  9.8989277175E-01  9.6035042599E-02
           HessRho_EigVec3 =  8.8252538218E-01 -4.7646341237E-02 -4.6784482041E-01
           DelSqRho = -2.6035009706E+01
           Bond Ellipticity = NA
           V = -6.5212247125E+00
           G =  6.2361430213E-03
           K =  6.5149885695E+00
           L =  6.5087524265E+00
           Vnuc =  4.6269527772E+01
           Ven = -2.0126068087E+01
           Vrep =  1.3604843375E+01
           DelSqV =  1.6944418835E+03
           DelSqVen =  1.2046276046E+03
           DelSqVrep =  4.8981427889E+02
           DelSqG =  1.3034951208E+02
           DelSqK = -1.8247913956E+03
           Stress_EigVals = -2.2382455747E+00 -2.2371473742E+00 -2.0458317636E+00
           Stress_EigVec1 =  1.2790414798E-01  9.8164790844E-01  1.4144932940E-01
           Stress_EigVec2 =  4.5252807865E-01 -1.8467238777E-01  8.7241873388E-01
           Stress_EigVec3 =  8.8252981081E-01 -4.7576181572E-02 -4.6784360633E-01
           -DivStress =  1.4117328282E+01 -7.5062215966E-01 -7.5280365999E+00
           ESP =  -1.0514943113E+00     ESP at Nucleus =  -1.0528272511E+00
           ESPe = -1.2905271474E+01     ESPe at Nucleus = -1.2831848094E+01
           ESPn =  1.1853777163E+01     ESPn at Nucleus =  1.1779020843E+01

CP# 15     Coords =  4.41498816102487E+00  5.25872181292270E+00  4.54970997675379E+00
           Type = (3,-3) NACP c15
           Rho =  1.2256557208E+02     Rho at Nucleus =  1.2256557035E+02
           GradRho = -9.8716590458E-12  1.1190159910E-10 -7.5406347833E-11
           HessRho_EigVals = -3.2408214471E+05 -3.2408212746E+05 -3.2407830653E+05
           HessRho_EigVec1 = -6.4766804668E-01  7.5117152648E-01  1.2754387138E-01
           HessRho_EigVec2 =  7.6029446359E-01  6.4810234314E-01  4.3768498350E-02
           HessRho_EigVec3 =  4.9783832176E-02 -1.2531835711E-01  9.9086673142E-01
           DelSqRho = -9.7224257869E+05
           Bond Ellipticity = NA
           V = -2.4307821656E+05
           G =  8.7859443352E+00
           K =  2.4306943062E+05
           L =  2.4306064467E+05
           Vnuc =  1.8369497563E+06
           Ven = -2.2514679776E+08
           Vrep =  2.2490371954E+08
           DelSqV =  2.3846925936E+10
           DelSqVen =  1.7859607757E+12
           DelSqVrep = -1.7621138497E+12
           DelSqG =  6.4282115191E+08
           DelSqK = -2.4489747088E+10
           Stress_EigVals = -8.1027185078E+04 -8.1025518942E+04 -8.1025512541E+04
           Stress_EigVec1 =  4.3548445187E-02 -1.2518047184E-01  9.9117777537E-01
           Stress_EigVec2 =  7.8098726288E-01  6.2296927149E-01  4.4364197253E-02
           Stress_EigVec3 = -6.2302682778E-01  7.7216522601E-01  1.2489369724E-01
           -DivStress =  4.6271057165E+02 -3.0057239484E+03  2.5456864669E+04
           ESP =  -1.4741893187E+01     ESP at Nucleus =  -1.4741893238E+01
           ESPe = -2.6901459378E+01     ESPe at Nucleus = -2.6901459905E+01
           ESPn =  1.2159566191E+01     ESPn at Nucleus =  1.2159566667E+01

CP# 16     Coords =  3.96267540190373E+00  2.79822351010175E-01  1.77871114175627E+00
           Type = (3,-3) NACP h16
           Rho =  4.3054193689E-01     Rho at Nucleus =  4.2754835272E-01
           GradRho =  1.7724537116E-15 -2.8037468180E-16 -9.3935276224E-16
           HessRho_EigVals = -8.8713099313E+00 -8.8699236258E+00 -8.2089889217E+00
           HessRho_EigVec1 = -1.2866717677E-02  6.7824396364E-02  9.9761430364E-01
           HessRho_EigVec2 = -4.6251219507E-01  8.8414733486E-01 -6.6075408982E-02
           HessRho_EigVec3 =  8.8651955251E-01  4.6225895504E-01 -1.9993536299E-02
           DelSqRho = -2.5950222479E+01
           Bond Ellipticity = NA
           V = -6.5017764861E+00
           G =  7.1104331890E-03
           K =  6.4946660529E+00
           L =  6.4875556197E+00
           Vnuc =  5.1089851143E+01
           Ven = -2.1996323466E+01
           Vrep =  1.5494546980E+01
           DelSqV =  1.6971168265E+03
           DelSqVen =  1.3257930036E+03
           DelSqVrep =  3.7132382289E+02
           DelSqG =  1.3082473204E+02
           DelSqK = -1.8279415585E+03
