AIMSum (Version 19.02.13, Professional)
Copyright (c) 1997-2019 by Todd A. Keith
AIMSum is a component of the AIMAll package ( http://aim.tkgristmill.com )

TP:  64-bit Linux

Much of the Quantum Theory of Atoms in Molecules (QTAIM) is described in the book:
  "Atoms in Molecules - A Quantum Theory"
  R.F.W. Bader, Oxford University Press, Oxford, 1990

For additional references see:  http://aim.tkgristmill.com/references.html

Wfn File:  /home/mhennefarth/Documents/DielsAlder/DielsAlder_QTAIM/reactionC/reactC_exol-10MVc/reactC_exol-10MVc.wfn
Sum File:  /home/mhennefarth/Documents/DielsAlder/DielsAlder_QTAIM/reactionC/reactC_exol-10MVc/reactC_exol-10MVc.sum

SumViz File:  /home/mhennefarth/Documents/DielsAlder/DielsAlder_QTAIM/reactionC/reactC_exol-10MVc/reactC_exol-10MVc.sumviz

Wfn Title:  SCF/DFT density                                                                
 
Total memory allocated for AIMSum =        0.993 Megabytes

Atomic units (a.u.) used throughout, except where stated otherwise

Model:  Restricted SCF
 
Restricted, closed-shell, single-determinant wavefunction.
  Number of electrons (from MO Occs)                   =          64.0000000000
  Number of Alpha electrons (from MO Occs)             =          32.0000000000
  Number of Beta electrons (from MO Occs)              =          32.0000000000
  Number of electron pairs (N*(N-1)/2)                 =        2016.0000000000
  Number of electron pairs (from Muller 2EDM)          =        2016.0000000000
 
Nuclear Charges and Cartesian Coordinates:
-------------------------------------------------------------------------------
Atom      Charge                X                  Y                  Z
-------------------------------------------------------------------------------
c1         6.0           3.2512967000E-01   5.5123720000E-02  -6.0147393000E-01
c2         6.0          -1.7622010700E+00   1.0655631200E+00   4.2767117000E-01
c3         6.0          -1.3999144800E+00   1.3067222500E+00   3.1605244300E+00
c4         6.0           9.0381301000E-01   4.4012202000E-01   3.7757460200E+00
c5         6.0           2.2068644200E+00  -4.8546344000E-01   1.4419735800E+00
c6         6.0           2.7378493300E+00   5.5986204700E+00  -5.3547325000E-01
c7         6.0           2.9037517700E+00   5.8941493300E+00   1.9505991700E+00
h8         1.0           1.7200915800E+00   3.5082017000E-01   5.6454671000E+00
h9         1.0           6.2265727000E-01  -3.8326679000E-01  -2.5736716000E+00
h10        1.0          -2.7933892000E+00   2.0540767100E+00   4.4555313500E+00
h11        1.0          -3.4588337200E+00   1.6094237400E+00  -5.7304542000E-01
h12        1.0           1.0267477200E+00   6.1078427300E+00  -1.5276487900E+00
h13        1.0           4.2875204300E+00   4.8359591100E+00  -1.6312951100E+00
c14        6.0           5.1379515200E+00   5.2158871700E+00   3.3222826100E+00
h15        1.0           1.3579450100E+00   6.6244351400E+00   3.0708521800E+00
n16        7.0           6.9257358400E+00   4.6979640700E+00   4.4395376000E+00
h17        1.0           4.0332127400E+00   4.3688634000E-01   1.1287164800E+00
h18        1.0           2.6087413400E+00  -2.5143374400E+00   1.5661728600E+00
 
Some Atomic Properties:
----------------------
  q(A) = Net Charge of Atom A
  L(A) = Lagrangian of Atom A = -(1/4) Times Atomic Integral of the Laplacian of the Electron Density
  K(A) = Electronic Kinetic Energy of Atom A (Hamiltonian Form)
  K_Scaled(A) = K(A) * E(Mol)/K(Mol) = Approximation to Virial-Based Total Energy of Atom A.
  |Mu_Intra(A)| = Magnitude of Intraatomic Dipole Moment of Atom A
--------------------------------------------------------------------------------------------------
Atom A          q(A)              L(A)              K(A)          K_Scaled(A)      |Mu_Intra(A)|
--------------------------------------------------------------------------------------------------
c1       -6.7148318200E-02  1.0455514001E-05  3.7906262980E+01 -3.8098462896E+01  1.8824713619E-01
c2       -5.6493965400E-02 -1.0575599017E-05  3.7906331421E+01 -3.8098531684E+01  1.7005535174E-01
c3       -5.8155649500E-02 -1.1391518616E-04  3.7906472167E+01 -3.8098673144E+01  1.6683145751E-01
c4       -6.6012841900E-02 -1.6415421858E-05  3.7907171708E+01 -3.8099376231E+01  1.8694524345E-01
c5       -1.0703332600E-02 -4.7148695242E-05  3.7864527926E+01 -3.8056516228E+01  1.5304269796E-01
c6        7.6292464000E-03  2.1554215971E-04  3.7851368918E+01 -3.8043290499E+01  1.8589861584E-01
c7        5.6807591700E-02  2.5009798862E-04  3.7833340615E+01 -3.8025170785E+01  3.1318501121E-01
h8        5.1196895910E-02  1.9597854154E-05  5.9441672870E-01 -5.9743065928E-01  1.3974078048E-01
h9        5.0131067110E-02  1.9660897340E-05  5.9486706995E-01 -5.9788328394E-01  1.4015833275E-01
h10       4.1027116520E-02  1.8594313805E-05  5.9920528341E-01 -6.0224349387E-01  1.3933450301E-01
h11       4.4368742310E-02  1.5933334666E-05  5.9802135633E-01 -6.0105356381E-01  1.3876723632E-01
h12       7.2731120300E-02  1.7857108609E-05  5.8883119773E-01 -5.9181680743E-01  1.3449478438E-01
h13       7.0647602400E-02  2.6482973302E-05  5.8860708667E-01 -5.9159156004E-01  1.3393927156E-01
c14       9.6909804600E-01  8.5593572798E-05  3.7366058079E+01 -3.7555518940E+01  1.0530955306E+00
h15       9.2671910080E-02  1.9904046134E-05  5.8154898292E-01 -5.8449766889E-01  1.3282400898E-01
n16      -1.2984358187E+00  2.6913368148E-07  5.5204732918E+01 -5.5484642995E+01  6.2019394147E-01
h17       4.1175252780E-02  1.3199515785E-05  5.9573079742E-01 -5.9875139086E-01  1.3891314918E-01
h18       5.9853084080E-02  2.4582605117E-05  5.8775358283E-01 -5.9073372859E-01  1.4046187342E-01
--------------------------------------------------------------------------------------------------
Total     3.8774929000E-04  5.4971611545E-04  3.6307524882E+02 -3.6491618556E+02
 
1st Largest |L(A)| = 2.5009798862E-04, atom c7      
2nd Largest |L(A)| = 2.1554215971E-04, atom c6      
 
Molecular charge q(Mol) from the wfn file:   0.0000000000E+00
Molecular energy E(Mol) from the wfn file:  -3.6491590028E+02
Molecular virial ratio (-V(Mol)/T(Mol)) from the wfn file:   2.0050704000E+00
Note.  K_Scaled(A) = (1+V(Mol)/T(Mol))*K(A) = (E(Mol)/T(Mol))*K(A)
       Only use K_Scaled(A) data with caution.
 
N_AIMInt(SumA)     =         63.999612
N_Analytic(Mol)    =         63.999992
 
G_AIMInt(SumA)     =        363.074699
G_Analytic(Mol)    =        363.074925
 
K_AIMInt(SumA)     =        363.075249
K_Analytic(Mol)    =        363.074925
 
L_AIMInt(SumA)     =          0.000550
L_Analytic(Mol)    =          0.000000
 
VenT_AIMInt(SumA)  =      -1619.447767
VenT_Analytic(Mol) =      -1619.451828
 
Some Information About the Atomic Calculations:
----------------------------------------------
  Time(sec) = "Elapsed User Time", in Seconds, for Atom A by AIMInt and, if used, by TWOe
  NProc = Number of Processors Used for AIMInt Job
  BIM = Basin Integration Method
  OAQ = Angular Quadrature Outside of Beta Sphere
  ORQ = Multiple of Default for Radial Quadrature Outside of Beta Sphere
  IAQ = Multiple of Default for Angular Quadrature Inside of Beta Sphere
  IRQ = Multiple of Default for Radial Quadrature Inside of Beta Sphere
  MIR = Maximum Integration Radius
------------------------------------------------------------------------------------------------------
Atom A     Time(sec)   NProc      BIM          OAQ                     ORQ      IAQ      IRQ      MIR
------------------------------------------------------------------------------------------------------
c1             49        8     Proaim(5)    4500(GS4)                  1.00     1.00     1.00    13.00
c2             37        8     Proaim(5)    4500(GS4)                  1.00     1.00     1.00    13.00
c3             39        8     Proaim(5)    4500(GS4)                  1.00     1.00     1.00    13.00
c4             60        8     Proaim(5)    4500(GS4)                  1.00     1.00     1.00    13.00
c5             43        8     Proaim(5)    4500(GS4)                  1.00     1.00     1.00    13.00
c6            474        8    Promega(5)    4500(GS4)                  1.00     1.00     1.00    13.00
c7            131        8    Promega(1)    4500(GS4)                  1.00     1.00     1.00    13.00
h8             11        8     Proaim(5)    1800(GS4)                  1.00     1.00     1.00    13.00
h9              9        8     Proaim(5)    1800(GS4)                  1.00     1.00     1.00    13.00
h10             9        8     Proaim(5)    1800(GS4)                  1.00     1.00     1.00    13.00
h11             9        8     Proaim(5)    1800(GS4)                  1.00     1.00     1.00    13.00
h12            10        8     Proaim(5)    1800(GS4)                  1.00     1.00     1.00    13.00
h13            10        8     Proaim(5)    1800(GS4)                  1.00     1.00     1.00    13.00
c14            33        8     Proaim(5)    4500(GS4)                  1.00     1.00     1.00    13.00
h15            11        8     Proaim(5)    1800(GS4)                  1.00     1.00     1.00    13.00
n16            17        8     Proaim(5)    2700(GS4)                  1.00     1.00     1.00    13.00
h17            36        8     Proaim(5)    4500(GS4)                  1.00     1.00     1.00    13.00
h18             9        8     Proaim(5)    1800(GS4)                  1.00     1.00     1.00    13.00
------------------------------------------------------------------------------------------------------
Total         997
Note:  Total wall clock time is less than total of atomic times if more than one atom
       was calculated at a time
 
Electron Density Critical Point Analysis of Molecular Structure:               
---------------------------------------------------------------                
  NACP = Nuclear Attractor Critical Point                                      
  NNACP = Non-Nuclear Attractor Critical Point                                 
  BCP = Bond Critical Point                                                    
  RCP = Ring Critical Point                                                    
  CCP = Cage Critical Point                                                    
  Rho = Electron Density                                                       
  GradRho = Gradient of Electron Density                                       
  HessRho_EigVals = Eigenvalues of the Hessian of Rho, Ascending Order         
  HessRho_EigVecs = Eigenvectors of the Hessian of Rho                         
  DelSqRho = Laplacian of Rho = Trace of Hessian of Rho                        
  Bond Ellipticity = (HessRho_EigVal(1) / HessRho_EigVal(2)) - 1               
  V = Virial Field = Potential Energy Density = Trace of Stress Tensor         
  G = Lagrangian Form of Kinetic Energy Density                                
  K = Hamiltonian Form of Kinetic Energy Density                               
  L = K - G = Lagrangian Density = (-1/4)DelSqRho                              
  Vnuc = Electrostatic Potential from Nuclei                                   
  Ven = Electron-nuclear attractive contribution to Virial Field V             
  Vrep = V - Ven = Repulsive contribution to Virial Field V                    
  DelSqV = Laplacian of V                                                      
  DelSqVen = Laplacian of Ven                                                  
  DelSqVrep = Laplacian of Vrep                                                
  DelSqG = Laplacian of G                                                      
  DelSqK = Laplacian of K                                                      
  Stress_EigVals = Eigenvalues of Stress Tensor, Ascending Order               
  Stress_EigVecs = Eigenvectors of Stress Tensor                               
  -DivStress = Ehrenfest Force Density = Minus Divergence of Stress Tensor     
  ESP = Total Electrostatic Potential                                          
  ESPe = Electrostatic Potential from Electrons                                
  ESPn = Electrostatic Potential from Nuclei                                   
  BP = Bond Path                                                               
  BPL = Bond Path Length                                                       
  GBL = Geometric Bond Length                                                  
  GBL_I = Distance Between Nuclear Attractors                                  
  GBL_II = Distance Between Nuclei                                             
  GBL_III = Sum of Distances Between BCP and Nuclear Attractors                
  GBL_IV = Sum of Distances Between BCP and Nuclei                             

CP# 1      Coords =  3.25130939695471E-01  5.51232649752098E-02 -6.01473896367113E-01
           Type = (3,-3) NACP c1
           Rho =  1.2219234213E+02     Rho at Nucleus =  1.2219234183E+02
           GradRho =  6.1373186533E-09 -2.1968858954E-09  1.5199930203E-10
           HessRho_EigVals = -3.2301413320E+05 -3.2301234093E+05 -3.2301118365E+05
           HessRho_EigVec1 =  3.6324985736E-01  9.2000421229E-01 -1.4711149006E-01
           HessRho_EigVec2 =  5.1750182499E-01 -6.7933527466E-02  8.5298118208E-01
           HessRho_EigVec3 =  7.7475247806E-01 -3.8597575730E-01 -5.0078070302E-01
           DelSqRho = -9.6903765777E+05
           Bond Ellipticity = NA
           V = -2.4227676008E+05
           G =  8.6728209530E+00
           K =  2.4226808726E+05
           L =  2.4225941444E+05
           Vnuc =  4.4471354588E+06
           Ven = -5.4340589747E+08
           Vrep =  5.4316362071E+08
           DelSqV =  2.3768276086E+10
           DelSqVen =  4.3094417080E+12
           DelSqVrep = -4.2856734319E+12
           DelSqG =  6.4053299619E+08
           DelSqK = -2.4408809083E+10
           Stress_EigVals = -8.0759397771E+04 -8.0759030632E+04 -8.0758331682E+04
           Stress_EigVec1 =  7.2767604344E-01 -3.8415728514E-01 -5.6825237006E-01
           Stress_EigVec2 =  5.7671418974E-01 -1.0583718822E-01  8.1006125259E-01
           Stress_EigVec3 =  3.7133316464E-01  9.1718137239E-01 -1.4453377105E-01
           -DivStress = -9.9345481509E+03  3.5605024360E+03 -2.5977924957E+02
           ESP =  -1.4758995137E+01     ESP at Nucleus =  -1.4758995145E+01
           ESPe = -2.7321317029E+01     ESPe at Nucleus = -2.7321317379E+01
           ESPn =  1.2562321892E+01     ESPn at Nucleus =  1.2562322234E+01

CP# 2      Coords = -1.76220189362294E+00  1.06556366125540E+00  4.27672025825817E-01
           Type = (3,-3) NACP c2
           Rho =  1.2219319351E+02     Rho at Nucleus =  1.2219319323E+02
           GradRho = -3.7049208979E-09  2.4146896149E-09  3.8650276868E-09
           HessRho_EigVals = -3.2301306016E+05 -3.2301113906E+05 -3.2301010671E+05
           HessRho_EigVec1 =  3.8143839187E-01  9.1331273641E-01 -1.4270458551E-01
           HessRho_EigVec2 =  3.0737709524E-01  2.0277481066E-02  9.5137171762E-01
           HessRho_EigVec3 =  8.7179359629E-01 -4.0675381901E-01 -2.7299680620E-01
           DelSqRho = -9.6903430593E+05
           Bond Ellipticity = NA
           V = -2.4227597098E+05
           G =  8.6972483658E+00
           K =  2.4226727373E+05
           L =  2.4225857648E+05
           Vnuc =  4.5967352159E+06
           Ven = -5.6168975573E+08
           Vrep =  5.6144747976E+08
           DelSqV =  2.3768189554E+10
           DelSqVen =  4.4543944622E+12
           DelSqVrep = -4.4306262727E+12
           DelSqG =  6.4052414564E+08
           DelSqK = -2.4408713699E+10
           Stress_EigVals = -8.0759119299E+04 -8.0758795046E+04 -8.0758056635E+04
           Stress_EigVec1 =  8.8856673228E-01 -4.0213639936E-01 -2.2076113471E-01
           Stress_EigVec2 =  2.5845324728E-01  4.1247050854E-02  9.6514278724E-01
           Stress_EigVec3 =  3.7901329958E-01  9.1465020478E-01 -1.4058421546E-01
           -DivStress =  6.4467441572E+03 -4.2363742142E+03 -6.6945403240E+03
           ESP =  -1.4761767103E+01     ESP at Nucleus =  -1.4761767111E+01
           ESPe = -2.7150711539E+01     ESPe at Nucleus = -2.7150712329E+01
           ESPn =  1.2388944436E+01     ESPn at Nucleus =  1.2388945217E+01

CP# 3      Coords = -1.39991553258309E+00  1.30672266130523E+00  3.16052378234093E+00
           Type = (3,-3) NACP c3
           Rho =  1.2219350943E+02     Rho at Nucleus =  1.2219350915E+02
           GradRho = -4.7213783994E-09  1.8605492147E-09 -2.9600397689E-09
           HessRho_EigVals = -3.2301466814E+05 -3.2301275052E+05 -3.2301172320E+05
           HessRho_EigVec1 =  3.8474591628E-01  9.1529073161E-01 -1.1922020189E-01
           HessRho_EigVec2 = -6.7261592692E-02  1.5662140876E-01  9.8536572523E-01
           HessRho_EigVec3 =  9.2056855152E-01 -3.7109649817E-01  1.2182335981E-01
           DelSqRho = -9.6903914186E+05
           Bond Ellipticity = NA
           V = -2.4227717707E+05
           G =  8.6958032761E+00
           K =  2.4226848127E+05
           L =  2.4225978546E+05
           Vnuc =  4.6064581256E+06
           Ven = -5.6287928440E+08
           Vrep =  5.6263700722E+08
           DelSqV =  2.3768309472E+10
           DelSqVen =  4.4638382817E+12
           DelSqVrep = -4.4400699723E+12
           DelSqG =  6.4052890869E+08
           DelSqK = -2.4408838381E+10
           Stress_EigVals = -8.0759519804E+04 -8.0759197864E+04 -8.0758459402E+04
           Stress_EigVec1 =  9.2430869978E-01 -3.7590114668E-01  6.5967836334E-02
           Stress_EigVec2 = -1.5076693863E-02  1.3675139582E-01  9.9049066076E-01
           Stress_EigVec3 =  3.8134776885E-01  9.1651371166E-01 -1.2073315835E-01
           -DivStress =  8.2378712662E+03 -3.2199173291E+03  5.0655377321E+03
           ESP =  -1.4764272607E+01     ESP at Nucleus =  -1.4764272618E+01
           ESPe = -2.7303811937E+01     ESPe at Nucleus = -2.7303812918E+01
           ESPn =  1.2539539330E+01     ESPn at Nucleus =  1.2539540300E+01

CP# 4      Coords =  9.03814212665864E-01  4.40121549056559E-01  3.77574573631056E+00
           Type = (3,-3) NACP c4
           Rho =  1.2219335010E+02     Rho at Nucleus =  1.2219334982E+02
           GradRho =  5.5771307572E-09 -2.1815615980E-09 -1.3267626997E-09
           HessRho_EigVals = -3.2301723257E+05 -3.2301542832E+05 -3.2301427917E+05
           HessRho_EigVec1 =  3.6938656663E-01  9.2117992929E-01 -1.2239731313E-01
           HessRho_EigVec2 = -2.8110773179E-01  2.3630834367E-01  9.3012730840E-01
           HessRho_EigVec3 =  8.8573811452E-01 -3.0916970191E-01  3.4623992823E-01
           DelSqRho = -9.6904694006E+05
           Bond Ellipticity = NA
           V = -2.4227908567E+05
           G =  8.6753252479E+00
           K =  2.4227041034E+05
           L =  2.4226173502E+05
           Vnuc =  4.5373077141E+06
           Ven = -5.5442883001E+08
           Vrep =  5.5418655093E+08
           DelSqV =  2.3768504526E+10
           DelSqVen =  4.3968640123E+12
           DelSqVrep = -4.3730955078E+12
           DelSqG =  6.4053998014E+08
           DelSqK = -2.4409044506E+10
           Stress_EigVals = -8.0760173334E+04 -8.0759806794E+04 -8.0759105539E+04
           Stress_EigVec1 =  8.5798397503E-01 -2.9398918504E-01  4.2122898484E-01
           Stress_EigVec2 = -3.5068047148E-01  2.6397300559E-01  8.9852181901E-01
           Stress_EigVec3 =  3.7534877848E-01  9.1863410093E-01 -1.2338834262E-01
           -DivStress = -9.4113112188E+03  3.6845006155E+03  2.2165370897E+03
           ESP =  -1.4765354809E+01     ESP at Nucleus =  -1.4765354816E+01
           ESPe = -2.7679650167E+01     ESPe at Nucleus = -2.7679650437E+01
           ESPn =  1.2914295358E+01     ESPn at Nucleus =  1.2914295621E+01

CP# 5      Coords =  2.20686417045499E+00 -4.85463277914638E-01  1.44197358920799E+00
           Type = (3,-3) NACP c5
           Rho =  1.2199639896E+02     Rho at Nucleus =  1.2199639895E+02
           GradRho = -8.4256157606E-11  4.3196446420E-11  1.5804690889E-11
           HessRho_EigVals = -3.2245847193E+05 -3.2245802255E+05 -3.2245770770E+05
           HessRho_EigVec1 =  1.2876069708E-01  7.5305469475E-02  9.8881230229E-01
           HessRho_EigVec2 =  4.5425764930E-01  8.8187013239E-01 -1.2631333128E-01
           HessRho_EigVec3 =  8.8151612063E-01 -4.6543974462E-01 -7.9342127439E-02
           DelSqRho = -9.6737420219E+05
           Bond Ellipticity = NA
           V = -2.4186110247E+05
           G =  8.7759608370E+00
           K =  2.4185232651E+05
           L =  2.4184355055E+05
           Vnuc =  2.0154090385E+07
           Ven = -2.4587264513E+09
           Vrep =  2.4584845902E+09
           DelSqV =  2.3727483054E+10
           DelSqVen =  1.9496555250E+13
           DelSqVrep = -1.9472827767E+13
           DelSqG =  6.3935671611E+08
           DelSqK = -2.4366839770E+10
           Stress_EigVals = -8.0620472229E+04 -8.0620376208E+04 -8.0620254032E+04
           Stress_EigVec1 =  8.9914728792E-01 -4.2975178910E-01 -8.2749950942E-02
           Stress_EigVec2 =  4.1943108998E-01  9.0016205639E-01 -1.1741308703E-01
           Stress_EigVec3 =  1.2494685022E-01  7.0863756648E-02  9.8962953301E-01
           -DivStress =  1.9478721406E+03 -1.2657906475E+03 -7.1860375458E+01
           ESP =  -1.4752010747E+01     ESP at Nucleus =  -1.4752010745E+01
           ESPe = -2.7586334890E+01     ESPe at Nucleus = -2.7586334455E+01
           ESPn =  1.2834324142E+01     ESPn at Nucleus =  1.2834323710E+01

CP# 6      Coords =  2.73784938000828E+00  5.59862042662358E+00 -5.35473540639894E-01
           Type = (3,-3) NACP c6
           Rho =  1.2223554791E+02     Rho at Nucleus =  1.2223554789E+02
           GradRho = -1.8343104813E-11 -6.9079408860E-11 -5.4385829173E-11
           HessRho_EigVals = -3.2313198507E+05 -3.2312867655E+05 -3.2312816542E+05
           HessRho_EigVec1 =  3.5597140295E-01  9.2583491530E-01 -1.2694120642E-01
           HessRho_EigVec2 =  9.2399983718E-01 -3.6901340326E-01 -1.0026668988E-01
           HessRho_EigVec3 =  1.3967340893E-01  8.1601579800E-02  9.8682952986E-01
           DelSqRho = -9.6938882704E+05
           Bond Ellipticity = NA
           V = -2.4236451469E+05
           G =  8.6539672573E+00
           K =  2.4235586073E+05
           L =  2.4234720676E+05
           Vnuc =  2.0128586319E+07
           Ven = -2.4604287772E+09
           Vrep =  2.4601864127E+09
           DelSqV =  2.3776879075E+10
           DelSqVen =  1.9512397136E+13
           DelSqVrep = -1.9488620257E+13
           DelSqG =  6.4077182311E+08
           DelSqK = -2.4417650898E+10
           Stress_EigVals = -8.0788669928E+04 -8.0788468537E+04 -8.0787376230E+04
           Stress_EigVec1 =  1.2360984378E-01  8.7136968773E-02  9.8849772645E-01
           Stress_EigVec2 =  9.2625010743E-01 -3.6756087444E-01 -8.3425068602E-02
           Stress_EigVec3 =  3.5606368112E-01  9.2590828501E-01 -1.2614476896E-01
           -DivStress = -3.9087445059E+02  3.4008024031E+02  2.2777534791E+03
           ESP =  -1.4730081193E+01     ESP at Nucleus =  -1.4730081195E+01
           ESPe = -2.6132626224E+01     ESPe at Nucleus = -2.6132626597E+01
           ESPn =  1.1402545032E+01     ESPn at Nucleus =  1.1402545401E+01

CP# 7      Coords =  2.90375424598293E+00  5.89414873306731E+00  1.95060148171250E+00
           Type = (3,-3) NACP c7
           Rho =  1.2212660154E+02     Rho at Nucleus =  1.2212659963E+02
           GradRho =  3.9310554811E-11  1.2463274857E-10 -1.7401635688E-11
           HessRho_EigVals = -3.2283564643E+05 -3.2283538900E+05 -3.2283324831E+05
           HessRho_EigVec1 =  2.4627425863E-01  9.5336287526E-01 -1.7449417644E-01
           HessRho_EigVec2 =  9.2559711522E-01 -1.7795730537E-01  3.3406762453E-01
           HessRho_EigVec3 = -2.8743515761E-01  2.4378356290E-01  9.2625623055E-01
           DelSqRho = -9.6850428374E+05
           Bond Ellipticity = NA
           V = -2.4214366791E+05
           G =  8.7984872004E+00
           K =  2.4213486942E+05
           L =  2.4212607093E+05
           Vnuc =  1.7444023289E+06
           Ven = -2.1303792814E+08
           Vrep =  2.1279578448E+08
           DelSqV =  2.3755219865E+10
           DelSqVen =  1.6894611302E+12
           DelSqVrep = -1.6657059083E+12
           DelSqG =  6.4017154428E+08
           DelSqK = -2.4395391410E+10
           Stress_EigVals = -8.0715099850E+04 -8.0714429157E+04 -8.0714138902E+04
           Stress_EigVec1 = -2.7115667990E-01  2.3968115791E-01  9.3221617530E-01
           Stress_EigVec2 =  9.0230690307E-01 -2.7391751923E-01  3.3288353119E-01
           Stress_EigVec3 =  3.3513625233E-01  9.3140868323E-01 -1.4199139824E-01
           -DivStress = -1.9358079052E+04  4.6670523307E+03 -1.8076743431E+04
           ESP =  -1.4717397060E+01     ESP at Nucleus =  -1.4717397087E+01
           ESPe = -2.7179050020E+01     ESPe at Nucleus = -2.7179049480E+01
           ESPn =  1.2461652961E+01     ESPn at Nucleus =  1.2461652394E+01

CP# 8      Coords =  1.70879596451304E+00  3.52045390547191E-01  5.61929511101614E+00
           Type = (3,-3) NACP h8
           Rho =  4.3870346032E-01     Rho at Nucleus =  4.3523810573E-01
           GradRho = -2.0959796398E-15  1.1015494072E-16 -7.9589113078E-15
           HessRho_EigVals = -8.9986417801E+00 -8.9933952559E+00 -8.2540533719E+00
           HessRho_EigVec1 = -8.2939473816E-01  4.1325173945E-01  3.7593532442E-01
           HessRho_EigVec2 =  3.9503166648E-01  9.0964781418E-01 -1.2841665247E-01
           HessRho_EigVec3 =  3.9503715114E-01 -4.1998261847E-02  9.1770463398E-01
           DelSqRho = -2.6246090408E+01
           Bond Ellipticity = NA
           V = -6.5747824280E+00
           G =  6.6299130154E-03
           K =  6.5681525150E+00
           L =  6.5615226020E+00
           Vnuc =  4.7584017979E+01
           Ven = -2.0875273343E+01
           Vrep =  1.4300490915E+01
           DelSqV =  1.7097699816E+03
           DelSqVen =  1.2488944378E+03
           DelSqVrep =  4.6087554377E+02
           DelSqG =  1.3134494607E+02
           DelSqK = -1.8411149277E+03
           Stress_EigVals = -2.2549364596E+00 -2.2544502784E+00 -2.0653956900E+00
           Stress_EigVec1 =  4.2703875016E-01  8.9285075749E-01 -1.4302248324E-01
           Stress_EigVec2 =  8.1298380227E-01 -4.4835381952E-01 -3.7153221902E-01
           Stress_EigVec3 =  3.9584749982E-01 -4.2383692225E-02  9.1733765840E-01
           -DivStress =  6.2765737380E+00 -6.8131682726E-01  1.4544232353E+01
           ESP =  -1.0991337778E+00     ESP at Nucleus =  -1.1005329024E+00
           ESPe = -1.3634571422E+01     ESPe at Nucleus = -1.3562082026E+01
           ESPn =  1.2535437644E+01     ESPn at Nucleus =  1.2461549124E+01

CP# 9      Coords =  6.18692121820386E-01 -3.77106563846785E-01 -2.54610212354341E+00
           Type = (3,-3) NACP h9
           Rho =  4.3875247208E-01     Rho at Nucleus =  4.3528916856E-01
           GradRho = -1.7173762412E-15  3.2439329001E-15  1.3089789669E-14
           HessRho_EigVals = -8.9967787028E+00 -8.9915122291E+00 -8.2524994047E+00
           HessRho_EigVec1 = -9.0504379206E-01  3.6871861671E-01 -2.1199602859E-01
           HessRho_EigVec2 =  4.0191165251E-01  9.0449785247E-01 -1.4265573408E-01
           HessRho_EigVec3 = -1.3915012766E-01  2.1431336071E-01  9.6680247486E-01
           DelSqRho = -2.6240790337E+01
           Bond Ellipticity = NA
           V = -6.5734781687E+00
           G =  6.6402922629E-03
           K =  6.5668378764E+00
           L =  6.5601975842E+00
           Vnuc =  4.7008013253E+01
           Ven = -2.0624882022E+01
           Vrep =  1.4051403853E+01
           DelSqV =  1.7093755328E+03
           DelSqVen =  1.2335274199E+03
           DelSqVrep =  4.7584811290E+02
           DelSqG =  1.3127750261E+02
           DelSqK = -1.8406530354E+03
           Stress_EigVals = -2.2544908005E+00 -2.2539829484E+00 -2.0650044199E+00
           Stress_EigVec1 =  4.2937676846E-01  8.9281168164E-01 -1.3609883111E-01
           Stress_EigVec2 = -8.9220898257E-01  3.9598249139E-01 -2.1716583052E-01
           Stress_EigVec3 = -1.3999543612E-01  2.1467456216E-01  9.6660028462E-01
           -DivStress =  2.2027778196E+00 -3.4223723045E+00 -1.5317072680E+01
           ESP =  -1.0870425788E+00     ESP at Nucleus =  -1.0883616550E+00
           ESPe = -1.3039621832E+01     ESPe at Nucleus = -1.2964832659E+01
           ESPn =  1.1952579253E+01     ESPn at Nucleus =  1.1876471004E+01

CP# 10     Coords = -2.77415886807393E+00  2.04389573986587E+00  4.43741012101223E+00
           Type = (3,-3) NACP h10
           Rho =  4.4029730067E-01     Rho at Nucleus =  4.3687053142E-01
           GradRho =  2.9642087396E-13 -1.5509989126E-13 -2.8035213040E-13
           HessRho_EigVals = -9.0299443041E+00 -9.0252472868E+00 -8.2906337524E+00
           HessRho_EigVec1 =  6.3083810138E-01 -1.5870718539E-01  7.5950992038E-01
           HessRho_EigVec2 =  3.7622820781E-01  9.1865411268E-01 -1.2052782627E-01
           HessRho_EigVec3 =  6.7859827991E-01 -3.6178260125E-01 -6.3923213619E-01
           DelSqRho = -2.6345825343E+01
           Bond Ellipticity = NA
           V = -6.5993029800E+00
           G =  6.4233220708E-03
           K =  6.5928796579E+00
           L =  6.5864563358E+00
           Vnuc =  4.7197906330E+01
           Ven = -2.0781110754E+01
           Vrep =  1.4181807774E+01
           DelSqV =  1.7167498704E+03
           DelSqVen =  1.2434677967E+03
           DelSqVrep =  4.7328207370E+02
           DelSqG =  1.3185244940E+02
           DelSqK = -1.8486023198E+03
           Stress_EigVals = -2.2625130654E+00 -2.2621753220E+00 -2.0746145927E+00
           Stress_EigVec1 =  3.4158409235E-01  9.2591192398E-01 -1.6126815211E-01
           Stress_EigVec2 =  6.4985283631E-01 -1.0872135583E-01  7.5224394842E-01
           Stress_EigVec3 =  6.7897834943E-01 -3.6175513241E-01 -6.3884397562E-01
           -DivStress = -1.0725444813E+01  5.6786448466E+00  1.0107035286E+01
           ESP =  -1.0939522715E+00     ESP at Nucleus =  -1.0952867451E+00
           ESPe = -1.2977036807E+01     ESPe at Nucleus = -1.2902820871E+01
           ESPn =  1.1883084535E+01     ESPn at Nucleus =  1.1807534126E+01

CP# 11     Coords = -3.43529351540961E+00  1.60207047946195E+00 -5.58979828337116E-01
           Type = (3,-3) NACP h11
           Rho =  4.4019282948E-01     Rho at Nucleus =  4.3674904912E-01
           GradRho = -1.9689111452E-16 -8.7950480232E-16  4.9439619065E-16
           HessRho_EigVals = -9.0288716846E+00 -9.0242607052E+00 -8.2868391847E+00
           HessRho_EigVec1 = -4.1410475061E-01  3.0921882753E-01  8.5609635686E-01
           HessRho_EigVec2 =  3.7684038474E-01  9.1438002419E-01 -1.4798816096E-01
           HessRho_EigVec3 =  8.2855813312E-01 -2.6132908001E-01  4.9517525381E-01
           DelSqRho = -2.6339971574E+01
           Bond Ellipticity = NA
           V = -6.5977754461E+00
           G =  6.3912762337E-03
           K =  6.5913841698E+00
           L =  6.5849928936E+00
           Vnuc =  4.6922164743E+01
           Ven = -2.0654800464E+01
           Vrep =  1.4057025018E+01
           DelSqV =  1.7161542793E+03
           DelSqVen =  1.2359284856E+03
           DelSqVrep =  4.8022579377E+02
           DelSqG =  1.3182574803E+02
           DelSqK = -1.8479800273E+03
           Stress_EigVals = -2.2622420919E+00 -2.2618877343E+00 -2.0736456199E+00
           Stress_EigVec1 =  3.4774059276E-01  9.3330872157E-01 -8.9505923762E-02
           Stress_EigVec2 = -4.3831055198E-01  2.4621140260E-01  8.6444421755E-01
           Stress_EigVec3 =  8.2883070658E-01 -2.6137095377E-01  4.9469676000E-01
           -DivStress = -1.3126334183E+01  4.1005999094E+00 -7.8433684220E+00
           ESP =  -1.0898278549E+00     ESP at Nucleus =  -1.0911429014E+00
           ESPe = -1.2789642933E+01     ESPe at Nucleus = -1.2715071007E+01
           ESPn =  1.1699815078E+01     ESPn at Nucleus =  1.1623928106E+01

CP# 12     Coords =  1.05111572668318E+00  6.10089956598587E+00 -1.51356910439043E+00
           Type = (3,-3) NACP h12
           Rho =  4.3913912464E-01     Rho at Nucleus =  4.3555980630E-01
           GradRho =  1.1921887089E-15 -3.5752650840E-15 -4.1687573532E-16
           HessRho_EigVals = -9.0126344874E+00 -9.0098621056E+00 -8.2513808763E+00
           HessRho_EigVec1 = -3.9501754825E-01  3.3694799595E-01  8.5465032885E-01
           HessRho_EigVec2 =  3.7149355263E-01  9.0944010675E-01 -1.8684547781E-01
           HessRho_EigVec3 =  8.4021049560E-01 -2.4368984437E-01  4.8441880932E-01
           DelSqRho = -2.6273877469E+01
           Bond Ellipticity = NA
           V = -6.5806220470E+00
           G =  6.0763398390E-03
           K =  6.5745457072E+00
           L =  6.5684693673E+00
           Vnuc =  4.6458510658E+01
           Ven = -2.0401749703E+01
           Vrep =  1.3821127656E+01
           DelSqV =  1.7100278255E+03
           DelSqVen =  1.2206452164E+03
           DelSqVrep =  4.8938260909E+02
           DelSqG =  1.3148417068E+02
           DelSqK = -1.8415119962E+03
           Stress_EigVals = -2.2581189535E+00 -2.2577831987E+00 -2.0647198949E+00
           Stress_EigVec1 =  3.3977264597E-01  9.3285891648E-01 -1.1970292812E-01
           Stress_EigVec2 = -4.2357011322E-01  2.6541341592E-01  8.6610858317E-01
           Stress_EigVec3 =  8.3972787749E-01 -2.4357742219E-01  4.8531137547E-01
           -DivStress = -1.3552926007E+01  3.8633920928E+00 -7.8315963968E+00
           ESP =  -1.0689178020E+00     ESP at Nucleus =  -1.0702873522E+00
           ESPe = -1.3029177489E+01     ESPe at Nucleus = -1.2964145064E+01
           ESPn =  1.1960259687E+01     ESPn at Nucleus =  1.1893857712E+01

CP# 13     Coords =  4.26576154907325E+00  4.84679763317178E+00 -1.61577959061148E+00
           Type = (3,-3) NACP h13
           Rho =  4.3818117045E-01     Rho at Nucleus =  4.3464439298E-01
           GradRho = -2.0410525128E-09  1.0161090138E-09  1.4543878424E-09
           HessRho_EigVals = -8.9937525175E+00 -8.9908878815E+00 -8.2403239081E+00
           HessRho_EigVec1 =  5.5373974331E-01 -7.0132476453E-02  8.2973112056E-01
           HessRho_EigVec2 =  3.4882313919E-01  9.2433807365E-01 -1.5466590826E-01
           HessRho_EigVec3 =  7.5610496245E-01 -3.7507407449E-01 -5.3630655823E-01
           DelSqRho = -2.6224964307E+01
           Bond Ellipticity = NA
           V = -6.5684215440E+00
           G =  6.0902336141E-03
           K =  6.5623313104E+00
           L =  6.5562410768E+00
           Vnuc =  4.6878684837E+01
           Ven = -2.0541356991E+01
           Vrep =  1.3972935447E+01
           DelSqV =  1.7073922468E+03
           DelSqVen =  1.2293918431E+03
           DelSqVrep =  4.7800040369E+02
           DelSqG =  1.3127789212E+02
           DelSqK = -1.8386701389E+03
           Stress_EigVals = -2.2533000472E+00 -2.2530865540E+00 -2.0620349428E+00
           Stress_EigVec1 =  3.7520906042E-01  9.1990039649E-01 -1.1402377608E-01
           Stress_EigVec2 =  5.3675803410E-01 -1.1533151716E-01  8.3581663897E-01
           Stress_EigVec3 =  7.5571752249E-01 -3.7480915368E-01 -5.3703735858E-01
           -DivStress =  1.2080904437E+01 -6.0165370022E+00 -8.6153411869E+00
           ESP =  -1.0682204177E+00     ESP at Nucleus =  -1.0695872712E+00
           ESPe = -1.3270928337E+01     ESPe at Nucleus = -1.3206892587E+01
           ESPn =  1.2202707919E+01     ESPn at Nucleus =  1.2137305316E+01

CP# 14     Coords =  5.13794877027826E+00  5.21588796112543E+00  3.32228098042525E+00
           Type = (3,-3) NACP c14
           Rho =  1.2256441997E+02     Rho at Nucleus =  1.2256441821E+02
           GradRho =  3.2030378350E-11  1.0924949834E-10 -5.3642423836E-11
           HessRho_EigVals = -3.2407968958E+05 -3.2407968591E+05 -3.2407587816E+05
           HessRho_EigVec1 =  5.3596082184E-01  6.3777881390E-01 -5.5315836971E-01
           HessRho_EigVec2 = -2.0347783216E-01  7.3348265603E-01  6.4853678779E-01
           HessRho_EigVec3 =  8.1935509351E-01 -2.3503484387E-01  5.2289181759E-01
           DelSqRho = -9.7223525366E+05
           Bond Ellipticity = NA
           V = -2.4307639748E+05
           G =  8.7920308590E+00
           K =  2.4306760545E+05
           L =  2.4305881341E+05
           Vnuc =  1.8221838358E+06
           Ven = -2.2333490492E+08
           Vrep =  2.2309182852E+08
           DelSqV =  2.3846748462E+10
           DelSqVen =  1.7715913728E+12
           DelSqVrep = -1.7477446233E+12
           DelSqG =  6.4281751508E+08
           DelSqK = -2.4489565978E+10
           Stress_EigVals = -8.1026575978E+04 -8.1024911610E+04 -8.1024909888E+04
           Stress_EigVec1 =  8.2061574849E-01 -2.3902198084E-01  5.1909371601E-01
           Stress_EigVec2 = -3.8139258818E-02  8.8340072112E-01  4.6706376745E-01
           Stress_EigVec3 = -5.7020626993E-01 -4.0307773271E-01  7.1581642279E-01
           -DivStress =  2.1582876190E+04 -6.2100007635E+03  1.2790425649E+04
           ESP =  -1.4743617476E+01     ESP at Nucleus =  -1.4743617521E+01
           ESPe = -2.6954461962E+01     ESPe at Nucleus = -2.6954462053E+01
           ESPn =  1.2210844487E+01     ESPn at Nucleus =  1.2210844532E+01

CP# 15     Coords =  1.38022334240148E+00  6.61424139518217E+00  3.05513208746611E+00
           Type = (3,-3) NACP h15
           Rho =  4.3591680230E-01     Rho at Nucleus =  4.3233053980E-01
           GradRho =  5.4241132193E-09 -2.4854718728E-09 -3.8300575905E-09
           HessRho_EigVals = -8.9572012083E+00 -8.9527727728E+00 -8.1956787395E+00
           HessRho_EigVec1 =  5.3037740295E-01 -1.3540176394E-01  8.3687882800E-01
           HessRho_EigVec2 =  3.6851072402E-01  9.2584324464E-01 -8.3750418773E-02
           HessRho_EigVec3 =  7.6347865505E-01 -3.5281815243E-01 -5.4094333770E-01
           DelSqRho = -2.6105652721E+01
           Bond Ellipticity = NA
           V = -6.5388253653E+00
           G =  6.2060925704E-03
           K =  6.5326192727E+00
           L =  6.5264131802E+00
           Vnuc =  4.7122531771E+01
           Ven = -2.0541503366E+01
           Vrep =  1.4002678001E+01
           DelSqV =  1.6989750019E+03
           DelSqVen =  1.2301644664E+03
           DelSqVrep =  4.6881053543E+02
           DelSqG =  1.3077572212E+02
           DelSqK = -1.8297507240E+03
           Stress_EigVals = -2.2446066874E+00 -2.2433352446E+00 -2.0508834333E+00
           Stress_EigVec1 =  3.3963821532E-01  9.3170634128E-01 -1.2872131261E-01
           Stress_EigVec2 =  5.4948652611E-01 -8.5481871451E-02  8.3111816686E-01
           Stress_EigVec3 =  7.6335472771E-01 -3.5301011781E-01 -5.4099299108E-01
           -DivStress = -1.2313479352E+01  5.6359206156E+00  8.6879424999E+00
           ESP =  -1.0623714245E+00     ESP at Nucleus =  -1.0637496098E+00
           ESPe = -1.3831752485E+01     ESPe at Nucleus = -1.3762362417E+01
           ESPn =  1.2769381061E+01     ESPn at Nucleus =  1.2698612808E+01

CP# 16     Coords =  6.92573091037853E+00  4.69796550296662E+00  4.43953448399588E+00
           Type = (3,-3) NACP n16
           Rho =  1.9936138278E+02     Rho at Nucleus =  1.9936136939E+02
           GradRho =  2.6635915695E-10 -3.2907720993E-10 -1.6214141141E-10
           HessRho_EigVals = -7.4211434489E+05 -7.4211369079E+05 -7.4209918203E+05
           HessRho_EigVec1 = -4.2020803986E-01  3.3871569441E-01  8.4184136367E-01
           HessRho_EigVec2 = -3.7607722925E-01 -9.0930329422E-01  1.7813881316E-01
           HessRho_EigVec3 =  8.2582753700E-01 -2.4174200602E-01  5.0947981476E-01
           DelSqRho = -2.2263272177E+06
           Bond Ellipticity = NA
           V = -5.5663430506E+05
           G =  2.6250317034E+01
           K =  5.5660805474E+05
           L =  5.5658180443E+05
           Vnuc =  1.1656398321E+06
           Ven = -2.3238356875E+08
           Vrep =  2.3182693444E+08
           DelSqV =  7.9258822957E+10
           DelSqVen =  2.5950956849E+12
           DelSqVrep = -2.5158368619E+12
           DelSqG =  2.0723837536E+09
           DelSqK = -8.1331206711E+10
