AIMSum (Version 19.02.13, Professional)
Copyright (c) 1997-2019 by Todd A. Keith
AIMSum is a component of the AIMAll package ( http://aim.tkgristmill.com )

TP:  64-bit Linux

Much of the Quantum Theory of Atoms in Molecules (QTAIM) is described in the book:
  "Atoms in Molecules - A Quantum Theory"
  R.F.W. Bader, Oxford University Press, Oxford, 1990

For additional references see:  http://aim.tkgristmill.com/references.html

Wfn File:  /home/mhennefarth/Documents/DielsAlder/DielsAlder_QTAIM/reactionC/reactC_endonf/reactC_endonf.wfn
Sum File:  /home/mhennefarth/Documents/DielsAlder/DielsAlder_QTAIM/reactionC/reactC_endonf/reactC_endonf.sum

SumViz File:  /home/mhennefarth/Documents/DielsAlder/DielsAlder_QTAIM/reactionC/reactC_endonf/reactC_endonf.sumviz

Wfn Title:  SCF/DFT density                                                                
 
Total memory allocated for AIMSum =        0.993 Megabytes

Atomic units (a.u.) used throughout, except where stated otherwise

Model:  Restricted SCF
 
Restricted, closed-shell, single-determinant wavefunction.
  Number of electrons (from MO Occs)                   =          64.0000000000
  Number of Alpha electrons (from MO Occs)             =          32.0000000000
  Number of Beta electrons (from MO Occs)              =          32.0000000000
  Number of electron pairs (N*(N-1)/2)                 =        2016.0000000000
  Number of electron pairs (from Muller 2EDM)          =        2016.0000000000
 
Nuclear Charges and Cartesian Coordinates:
-------------------------------------------------------------------------------
Atom      Charge                X                  Y                  Z
-------------------------------------------------------------------------------
c1         6.0           5.0053546000E-01  -2.6260400000E-03  -5.6858865000E-01
c2         6.0          -1.6302920500E+00   1.0343045900E+00   3.3670861000E-01
c3         6.0          -1.4154497200E+00   1.3073680200E+00   3.0829511300E+00
c4         6.0           8.4291196000E-01   4.3222784000E-01   3.8297980100E+00
c5         6.0           2.2743234600E+00  -5.1278489000E-01   1.5778030900E+00
c6         6.0           2.5742500400E+00   5.7107246900E+00  -3.4102302000E-01
c7         6.0           3.0348705900E+00   5.9703533700E+00   2.1111101200E+00
h8         1.0           1.5576670900E+00   3.8329243000E-01   5.7422891900E+00
h9         1.0           9.0708975000E-01  -4.5073611000E-01  -2.5192106200E+00
h10        1.0          -2.8534258100E+00   2.1167280400E+00   4.2869530500E+00
h11        1.0          -3.2612205700E+00   1.5925272800E+00  -7.6058927000E-01
h12        1.0           7.9511455000E-01   6.2902422300E+00  -1.1630623400E+00
h13        1.0           3.9805644300E+00   4.9017739900E+00  -1.5848068100E+00
h14        1.0           4.8039748700E+00   5.3944342100E+00   2.9614624600E+00
c15        6.0           1.2051441800E+00   7.0349344200E+00   3.8010057500E+00
h16        1.0           4.0881269500E+00   4.5790674000E-01   1.3428759800E+00
h17        1.0           2.7171619900E+00  -2.5295646900E+00   1.7383373000E+00
n18        7.0          -2.3272402000E-01   7.9039760200E+00   5.1742109000E+00
 
Some Atomic Properties:
----------------------
  q(A) = Net Charge of Atom A
  L(A) = Lagrangian of Atom A = -(1/4) Times Atomic Integral of the Laplacian of the Electron Density
  K(A) = Electronic Kinetic Energy of Atom A (Hamiltonian Form)
  K_Scaled(A) = K(A) * E(Mol)/K(Mol) = Approximation to Virial-Based Total Energy of Atom A.
  |Mu_Intra(A)| = Magnitude of Intraatomic Dipole Moment of Atom A
--------------------------------------------------------------------------------------------------
Atom A          q(A)              L(A)              K(A)          K_Scaled(A)      |Mu_Intra(A)|
--------------------------------------------------------------------------------------------------
c1       -7.0755261200E-02 -7.4983607930E-06  3.7906853572E+01 -3.8098616763E+01  1.8614238993E-01
c2       -5.5072337000E-02 -1.8858969318E-04  3.7906519523E+01 -3.8098281024E+01  1.6709537343E-01
c3       -4.8201135200E-02 -1.3884227405E-04  3.7906599170E+01 -3.8098361074E+01  1.7544152226E-01
c4       -6.7259152900E-02  4.5258032146E-05  3.7907808233E+01 -3.8099576253E+01  1.8639530524E-01
c5       -1.0304487700E-02  5.5556298411E-05  3.7862475178E+01 -3.8054013867E+01  1.4746104834E-01
c6        9.7604933000E-03  1.0393092860E-04  3.7851071218E+01 -3.8042552217E+01  1.7903165600E-01
c7        5.3948763700E-02 -1.5588047885E-04  3.7832137361E+01 -3.8023522577E+01  3.0763303936E-01
h8        4.7779338930E-02  1.9062179824E-05  5.9559665568E-01 -5.9860966004E-01  1.4057819278E-01
h9        4.4343043500E-02  1.9221276855E-05  5.9701963710E-01 -6.0003984004E-01  1.4156919905E-01
h10       5.4028213570E-02  1.9681037762E-05  5.9453074678E-01 -5.9753835892E-01  1.3639624630E-01
h11       4.4509524230E-02  1.7075453000E-05  5.9807754033E-01 -6.0110309499E-01  1.3868047238E-01
h12       7.4829626160E-02  1.6314679935E-05  5.8748853443E-01 -5.9046052142E-01  1.3420590944E-01
h13       6.4973969620E-02  2.4507581415E-05  5.9151493269E-01 -5.9450728843E-01  1.3448106613E-01
h14       8.8619973120E-02  2.9203698161E-05  5.8280726193E-01 -5.8575556731E-01  1.3214093877E-01
c15       9.7795888090E-01  3.1794818230E-06  3.7361411429E+01 -3.7550415337E+01  1.0434299449E+00
h16       3.6167838650E-02  2.4429464585E-05  5.9714718987E-01 -6.0016803808E-01  1.4511795056E-01
h17       4.8441993140E-02  2.3710694102E-05  5.9263816565E-01 -5.9563620360E-01  1.4323180706E-01
n18      -1.2937837234E+00 -2.0707924416E-05  5.5205197456E+01 -5.5484469509E+01  6.2077983174E-01
--------------------------------------------------------------------------------------------------
Total    -1.4438580002E-05 -1.1038792467E-04  3.6307689380E+02 -3.6491362719E+02
 
1st Largest |L(A)| = 1.8858969318E-04, atom c2      
2nd Largest |L(A)| = 1.5588047885E-04, atom c7      
 
Molecular charge q(Mol) from the wfn file:   0.0000000000E+00
Molecular energy E(Mol) from the wfn file:  -3.6491372120E+02
Molecular virial ratio (-V(Mol)/T(Mol)) from the wfn file:   2.0050588000E+00
Note.  K_Scaled(A) = (1+V(Mol)/T(Mol))*K(A) = (E(Mol)/T(Mol))*K(A)
       Only use K_Scaled(A) data with caution.
 
N_AIMInt(SumA)     =         64.000014
N_Analytic(Mol)    =         63.999992
 
G_AIMInt(SumA)     =        363.077004
G_Analytic(Mol)    =        363.076967
 
K_AIMInt(SumA)     =        363.076894
K_Analytic(Mol)    =        363.076967
 
L_AIMInt(SumA)     =         -0.000110
L_Analytic(Mol)    =          0.000000
 
VenT_AIMInt(SumA)  =      -1620.019151
VenT_Analytic(Mol) =      -1620.019511
 
Some Information About the Atomic Calculations:
----------------------------------------------
  Time(sec) = "Elapsed User Time", in Seconds, for Atom A by AIMInt and, if used, by TWOe
  NProc = Number of Processors Used for AIMInt Job
  BIM = Basin Integration Method
  OAQ = Angular Quadrature Outside of Beta Sphere
  ORQ = Multiple of Default for Radial Quadrature Outside of Beta Sphere
  IAQ = Multiple of Default for Angular Quadrature Inside of Beta Sphere
  IRQ = Multiple of Default for Radial Quadrature Inside of Beta Sphere
  MIR = Maximum Integration Radius
------------------------------------------------------------------------------------------------------
Atom A     Time(sec)   NProc      BIM          OAQ                     ORQ      IAQ      IRQ      MIR
------------------------------------------------------------------------------------------------------
c1            112        8     Proaim(5)    4500(GS4)                  1.00     1.00     1.00    13.00
c2             52        8     Proaim(5)    4500(GS4)                  1.00     1.00     1.00    13.00
c3             70        8     Proaim(5)    4500(GS4)                  1.00     1.00     1.00    13.00
c4             93        8     Proaim(5)    4500(GS4)                  1.00     1.00     1.00    13.00
c5             56        8     Proaim(5)    4500(GS4)                  1.00     1.00     1.00    13.00
c6             67        8     Proaim(5)    4500(GS4)                  1.00     1.00     1.00    13.00
c7            102        8     Proaim(5)    4500(GS4)                  1.00     1.00     1.00    13.00
h8             12        8     Proaim(5)    1800(GS4)                  1.00     1.00     1.00    13.00
h9             13        8     Proaim(5)    1800(GS4)                  1.00     1.00     1.00    13.00
h10            15        8     Proaim(5)    1800(GS4)                  1.00     1.00     1.00    13.00
h11            12        8     Proaim(5)    1800(GS4)                  1.00     1.00     1.00    13.00
h12            16        8     Proaim(5)    1800(GS4)                  1.00     1.00     1.00    13.00
h13            13        8     Proaim(5)    1800(GS4)                  1.00     1.00     1.00    13.00
h14            16        8     Proaim(5)    1800(GS4)                  1.00     1.00     1.00    13.00
c15            48        8     Proaim(5)    4500(GS4)                  1.00     1.00     1.00    13.00
h16            34        8     Proaim(5)    4500(GS4)                  1.00     1.00     1.00    13.00
h17            12        8     Proaim(5)    1800(GS4)                  1.00     1.00     1.00    13.00
n18            25        8     Proaim(5)    2700(GS4)                  1.00     1.00     1.00    13.00
------------------------------------------------------------------------------------------------------
Total         768
Note:  Total wall clock time is less than total of atomic times if more than one atom
       was calculated at a time
 
Electron Density Critical Point Analysis of Molecular Structure:               
---------------------------------------------------------------                
  NACP = Nuclear Attractor Critical Point                                      
  NNACP = Non-Nuclear Attractor Critical Point                                 
  BCP = Bond Critical Point                                                    
  RCP = Ring Critical Point                                                    
  CCP = Cage Critical Point                                                    
  Rho = Electron Density                                                       
  GradRho = Gradient of Electron Density                                       
  HessRho_EigVals = Eigenvalues of the Hessian of Rho, Ascending Order         
  HessRho_EigVecs = Eigenvectors of the Hessian of Rho                         
  DelSqRho = Laplacian of Rho = Trace of Hessian of Rho                        
  Bond Ellipticity = (HessRho_EigVal(1) / HessRho_EigVal(2)) - 1               
  V = Virial Field = Potential Energy Density = Trace of Stress Tensor         
  G = Lagrangian Form of Kinetic Energy Density                                
  K = Hamiltonian Form of Kinetic Energy Density                               
  L = K - G = Lagrangian Density = (-1/4)DelSqRho                              
  Vnuc = Electrostatic Potential from Nuclei                                   
  Ven = Electron-nuclear attractive contribution to Virial Field V             
  Vrep = V - Ven = Repulsive contribution to Virial Field V                    
  DelSqV = Laplacian of V                                                      
  DelSqVen = Laplacian of Ven                                                  
  DelSqVrep = Laplacian of Vrep                                                
  DelSqG = Laplacian of G                                                      
  DelSqK = Laplacian of K                                                      
  Stress_EigVals = Eigenvalues of Stress Tensor, Ascending Order               
  Stress_EigVecs = Eigenvectors of Stress Tensor                               
  -DivStress = Ehrenfest Force Density = Minus Divergence of Stress Tensor     
  ESP = Total Electrostatic Potential                                          
  ESPe = Electrostatic Potential from Electrons                                
  ESPn = Electrostatic Potential from Nuclei                                   
  BP = Bond Path                                                               
  BPL = Bond Path Length                                                       
  GBL = Geometric Bond Length                                                  
  GBL_I = Distance Between Nuclear Attractors                                  
  GBL_II = Distance Between Nuclei                                             
  GBL_III = Sum of Distances Between BCP and Nuclear Attractors                
  GBL_IV = Sum of Distances Between BCP and Nuclei                             

CP# 1      Coords =  5.00536758279361E-01 -2.62654340413755E-03 -5.68588584794071E-01
           Type = (3,-3) NACP c1
           Rho =  1.2218805948E+02     Rho at Nucleus =  1.2218805917E+02
           GradRho =  1.0385470262E-11  1.7763568394E-14  2.3625545964E-12
           HessRho_EigVals = -3.2300115027E+05 -3.2299947537E+05 -3.2299828946E+05
           HessRho_EigVec1 =  3.8647338268E-01  9.1355979002E-01 -1.2667610088E-01
           HessRho_EigVec2 =  4.5499122628E-01 -6.9377305022E-02  8.8778926191E-01
           HessRho_EigVec3 =  8.0226012520E-01 -4.0074343364E-01 -4.4247417090E-01
           DelSqRho = -9.6899891511E+05
           Bond Ellipticity = NA
           V = -2.4226708966E+05
           G =  8.6804422104E+00
           K =  2.4225840922E+05
           L =  2.4224972878E+05
           Vnuc =  4.3042165518E+06
           Ven = -5.2592386806E+08
           Vrep =  5.2568160097E+08
           DelSqV =  2.3767324845E+10
           DelSqVen =  4.1707813601E+12
           DelSqVrep = -4.1470140353E+12
           DelSqG =  6.4050416753E+08
           DelSqK = -2.4407829013E+10
           Stress_EigVals = -8.0756168625E+04 -8.0755795209E+04 -8.0755125827E+04
           Stress_EigVec1 =  7.6048160061E-01 -3.9710611263E-01 -5.1378445913E-01
           Stress_EigVec2 =  5.1876152518E-01 -1.0437870484E-01  8.4852316761E-01
           Stress_EigVec3 =  3.9058189298E-01  9.1181786629E-01 -1.2662528812E-01
           -DivStress = -1.0157924160E+04  3.9388209083E+03 -5.0691752835E+02
           ESP =  -1.4761752166E+01     ESP at Nucleus =  -1.4761752176E+01
           ESPe = -2.7254150040E+01     ESPe at Nucleus = -2.7254150648E+01
           ESPn =  1.2492397874E+01     ESPn at Nucleus =  1.2492398472E+01

CP# 2      Coords = -1.63029290876419E+00  1.03430508474642E+00  3.36709347853305E-01
           Type = (3,-3) NACP c2
           Rho =  1.2219834206E+02     Rho at Nucleus =  1.2219834181E+02
           GradRho = -4.6309622803E-12 -1.9024337661E-11 -8.8204998860E-12
           HessRho_EigVals = -3.2302816356E+05 -3.2302613336E+05 -3.2302513841E+05
           HessRho_EigVec1 =  3.9533115730E-01  9.0938150953E-01 -1.2937753355E-01
           HessRho_EigVec2 =  2.6141302347E-01  2.3638621417E-02  9.6493753515E-01
           HessRho_EigVec3 =  8.8055465886E-01 -4.1529084470E-01 -2.2837908633E-01
           DelSqRho = -9.6907943533E+05
           Bond Ellipticity = NA
           V = -2.4228723929E+05
           G =  8.6902287735E+00
           K =  2.4227854906E+05
           L =  2.4226985883E+05
           Vnuc =  4.8560005996E+06
           Ven = -5.9339522231E+08
           Vrep =  5.9315293507E+08
           DelSqV =  2.3769296816E+10
           DelSqVen =  4.7058503557E+12
           DelSqVrep = -4.6820810548E+12
           DelSqG =  6.4055688501E+08
           DelSqK = -2.4409853701E+10
           Stress_EigVals = -8.0762878205E+04 -8.0762563716E+04 -8.0761797368E+04
           Stress_EigVec1 =  8.9479660058E-01 -4.1123944045E-01 -1.7384236021E-01
           Stress_EigVec2 =  2.1086635918E-01  4.6050242677E-02  9.7642959486E-01
           Stress_EigVec3 =  3.9354087736E-01  9.1036338775E-01 -1.2792216417E-01
           -DivStress =  6.7220653966E+03 -3.8725442860E+03 -5.7717575558E+03
           ESP =  -1.4766345261E+01     ESP at Nucleus =  -1.4766345268E+01
           ESPe = -2.7384064166E+01     ESPe at Nucleus = -2.7384064849E+01
           ESPn =  1.2617718906E+01     ESPn at Nucleus =  1.2617719581E+01

CP# 3      Coords = -1.41545067744092E+00  1.30736830099151E+00  3.08295028286388E+00
           Type = (3,-3) NACP c3
           Rho =  1.2219776152E+02     Rho at Nucleus =  1.2219776125E+02
           GradRho = -1.5916157281E-12 -6.4792615717E-12  4.5069725729E-11
           HessRho_EigVals = -3.2302805459E+05 -3.2302608442E+05 -3.2302502952E+05
           HessRho_EigVec1 =  4.0045266505E-01  9.0722514554E-01 -1.2876411902E-01
           HessRho_EigVec2 = -5.8261522477E-02  1.6544818084E-01  9.8449606117E-01
           HessRho_EigVec3 =  9.1446337163E-01 -3.8674207782E-01  1.1911048316E-01
           DelSqRho = -9.6907916853E+05
           Bond Ellipticity = NA
           V = -2.4228719230E+05
           G =  8.7000842220E+00
           K =  2.4227849222E+05
           L =  2.4226979213E+05
           Vnuc =  4.5839214234E+06
           Ven = -5.6014493695E+08
           Vrep =  5.5990264976E+08
           DelSqV =  2.3769294434E+10
           DelSqVen =  4.4421828936E+12
           DelSqVrep = -4.4184136155E+12
           DelSqG =  6.4055956310E+08
           DelSqK = -2.4409853998E+10
           Stress_EigVals = -8.0762870800E+04 -8.0762535768E+04 -8.0761785734E+04
           Stress_EigVec1 =  9.1706993963E-01 -3.9242540813E-01  7.0604708609E-02
           Stress_EigVec2 = -1.4400218764E-02  1.4436298662E-01  9.8942001283E-01
           Stress_EigVec3 =  3.9846625895E-01  9.0838407469E-01 -1.2673994370E-01
           -DivStress =  7.4938788514E+03 -2.2001466148E+03  6.6265695512E+03
           ESP =  -1.4771637907E+01     ESP at Nucleus =  -1.4771637915E+01
           ESPe = -2.7675930210E+01     ESPe at Nucleus = -2.7675930852E+01
           ESPn =  1.2904292302E+01     ESPn at Nucleus =  1.2904292936E+01

CP# 4      Coords =  8.42913274415384E-01  4.32227246445901E-01  3.82979779001815E+00
           Type = (3,-3) NACP c4
           Rho =  1.2218816121E+02     Rho at Nucleus =  1.2218816087E+02
           GradRho = -1.6732393249E-11 -3.1699087799E-12 -6.7403860271E-11
           HessRho_EigVals = -3.2300200789E+05 -3.2300037901E+05 -3.2299915940E+05
           HessRho_EigVec1 =  3.9679611814E-01  9.0950107682E-01 -1.2393801634E-01
           HessRho_EigVec2 = -3.2120003550E-01  2.6406395967E-01  9.0945080263E-01
           HessRho_EigVec3 =  8.5987404765E-01 -3.2105765287E-01  3.9691133230E-01
           DelSqRho = -9.6900154630E+05
           Bond Ellipticity = NA
           V = -2.4226776000E+05
           G =  8.6867133527E+00
           K =  2.4225907329E+05
           L =  2.4225038658E+05
           Vnuc =  4.1127033051E+06
           Ven = -5.0252365447E+08
           Vrep =  5.0228138671E+08
           DelSqV =  2.3767391182E+10
           DelSqVen =  3.9852157174E+12
           DelSqVrep = -3.9614483262E+12
           DelSqG =  6.4050714134E+08
           DelSqK = -2.4407898323E+10
           Stress_EigVals = -8.0756395316E+04 -8.0756010570E+04 -8.0755354116E+04
           Stress_EigVec1 =  8.3152354535E-01 -3.0091147777E-01  4.6692705647E-01
           Stress_EigVec2 = -3.8793131327E-01  2.8706534893E-01  8.7584403956E-01
           Stress_EigVec3 =  3.9759010263E-01  9.0942056717E-01 -1.2196861194E-01
           -DivStress = -1.0284605267E+04  4.6434524658E+03  1.7179061404E+03
           ESP =  -1.4766845223E+01     ESP at Nucleus =  -1.4766845234E+01
           ESPe = -2.7602687754E+01     ESPe at Nucleus = -2.7602688424E+01
           ESPn =  1.2835842531E+01     ESPn at Nucleus =  1.2835843189E+01

CP# 5      Coords =  2.27432329399704E+00 -5.12784772987096E-01  1.57780305350878E+00
           Type = (3,-3) NACP c5
           Rho =  1.2199648460E+02     Rho at Nucleus =  1.2199648460E+02
           GradRho = -5.8849369822E-11  1.5185075419E-11  6.4168670377E-12
           HessRho_EigVals = -3.2245891928E+05 -3.2245854462E+05 -3.2245819508E+05
           HessRho_EigVec1 =  9.3489146370E-02  7.9930886092E-02  9.9240658652E-01
           HessRho_EigVec2 =  4.5304887092E-01  8.8418043012E-01 -1.1389331650E-01
           HessRho_EigVec3 =  8.8657007623E-01 -4.6025647245E-01 -4.6448675953E-02
           DelSqRho = -9.6737565897E+05
           Bond Ellipticity = NA
           V = -2.4186145282E+05
           G =  8.7690376757E+00
           K =  2.4185268378E+05
           L =  2.4184391474E+05
           Vnuc =  2.9076724730E+07
           Ven = -3.5472582008E+09
           Vrep =  3.5470163393E+09
           DelSqV =  2.3727518619E+10
           DelSqVen =  2.8128093143E+13
           DelSqVrep = -2.8104365624E+13
           DelSqG =  6.3935818101E+08
           DelSqK = -2.4366876800E+10
           Stress_EigVals = -8.0620588471E+04 -8.0620483672E+04 -8.0620380675E+04
           Stress_EigVec1 =  8.9329940282E-01 -4.4694499336E-01 -4.7501050941E-02
           Stress_EigVec2 =  4.4015220323E-01  8.9129588306E-01 -1.0889300632E-01
           Stress_EigVec3 =  9.1006675130E-02  7.6366365286E-02  9.9291790362E-01
           -DivStress =  1.2954903443E+03 -9.1366703025E+02  2.8513960365E+02
           ESP =  -1.4749214334E+01     ESP at Nucleus =  -1.4749214332E+01
           ESPe = -2.7240080885E+01     ESPe at Nucleus = -2.7240080566E+01
           ESPn =  1.2490866551E+01     ESPn at Nucleus =  1.2490866233E+01

CP# 6      Coords =  2.57425008801205E+00  5.71072458370782E+00 -3.41023341464349E-01
           Type = (3,-3) NACP c6
           Rho =  1.2223554212E+02     Rho at Nucleus =  1.2223554210E+02
           GradRho =  1.4776624369E-11 -8.5374818326E-11 -4.3725023602E-12
           HessRho_EigVals = -3.2313219813E+05 -3.2312891800E+05 -3.2312837851E+05
           HessRho_EigVec1 =  3.7451108368E-01  9.1262587606E-01 -1.6387635136E-01
           HessRho_EigVec2 =  9.0128715390E-01 -3.9981394454E-01 -1.6682408690E-01
           HessRho_EigVec3 =  2.1776802891E-01  8.5222180736E-02  9.7227273205E-01
           DelSqRho = -9.6938949464E+05
           Bond Ellipticity = NA
           V = -2.4236468323E+05
           G =  8.6547846114E+00
           K =  2.4235602845E+05
           L =  2.4234737366E+05
           Vnuc =  1.7545482824E+07
           Ven = -2.1446816048E+09
           Vrep =  2.1444392401E+09
           DelSqV =  2.3776896023E+10
           DelSqVen =  1.7008406036E+13
           DelSqVrep = -1.6984629140E+13
           DelSqG =  6.4077272594E+08
           DelSqK = -2.4417668749E+10
           Stress_EigVals = -8.0788729043E+04 -8.0788519395E+04 -8.0787434792E+04
           Stress_EigVec1 =  1.9969674986E-01  9.1362694401E-02  9.7558908674E-01
           Stress_EigVec2 =  9.0524265336E-01 -3.9828665257E-01 -1.4799824635E-01
           Stress_EigVec3 =  3.7504259309E-01  9.1269962225E-01 -1.6224195793E-01
           -DivStress = -3.7536246178E+02  8.3276727906E+02  2.5190778584E+03
           ESP =  -1.4729131235E+01     ESP at Nucleus =  -1.4729131238E+01
           ESPe = -2.6154317520E+01     ESPe at Nucleus = -2.6154317923E+01
           ESPn =  1.1425186285E+01     ESPn at Nucleus =  1.1425186685E+01

CP# 7      Coords =  3.03486890633631E+00  5.97035453510082E+00  2.11111275570613E+00
           Type = (3,-3) NACP c7
           Rho =  1.2212320366E+02     Rho at Nucleus =  1.2212320187E+02
           GradRho =  2.8634872251E-12 -2.9745983454E-11  2.9000024604E-11
           HessRho_EigVals = -3.2282546958E+05 -3.2282518903E+05 -3.2282310261E+05
           HessRho_EigVec1 =  3.7369437837E-01  9.1263065635E-01 -1.6570394279E-01
           HessRho_EigVec2 =  7.8279184150E-01 -4.0613441788E-01 -4.7147827892E-01
           HessRho_EigVec3 =  4.9758360549E-01 -4.6477087837E-02  8.6616998092E-01
           DelSqRho = -9.6847376122E+05
           Bond Ellipticity = NA
           V = -2.4213603367E+05
           G =  8.7966809173E+00
           K =  2.4212723699E+05
           L =  2.4211844031E+05
           Vnuc =  1.7977471114E+06
           Ven = -2.1954663662E+08
           Vrep =  2.1930450058E+08
           DelSqV =  2.3754470057E+10
           DelSqVen =  1.7410708972E+12
           DelSqVrep = -1.7173164291E+12
           DelSqG =  6.4014892316E+08
           DelSqK = -2.4394618980E+10
           Stress_EigVals = -8.0712546118E+04 -8.0711893689E+04 -8.0711593860E+04
           Stress_EigVec1 =  4.8563891525E-01 -3.7465137997E-02  8.7335628894E-01
           Stress_EigVec2 =  7.9089172812E-01 -4.0673040680E-01 -4.5723150655E-01
           Stress_EigVec3 =  3.7235080017E-01  9.1277967748E-01 -1.6789324582E-01
           -DivStress =  1.3162475527E+04 -9.1085998534E+03 -2.0609346724E+04
           ESP =  -1.4714136470E+01     ESP at Nucleus =  -1.4714136495E+01
           ESPe = -2.7082780156E+01     ESPe at Nucleus = -2.7082779587E+01
           ESPn =  1.2368643687E+01     ESPn at Nucleus =  1.2368643092E+01

CP# 8      Coords =  1.54793183357862E+00  3.83858487295276E-01  5.71552141862511E+00
           Type = (3,-3) NACP h8
           Rho =  4.3871757667E-01     Rho at Nucleus =  4.3526381883E-01
           GradRho = -2.1510571102E-16  7.3075226426E-17 -2.0870891820E-15
           HessRho_EigVals = -8.9946487798E+00 -8.9892338199E+00 -8.2521351345E+00
           HessRho_EigVec1 =  8.4837989375E-01 -4.2272798067E-01 -3.1867320290E-01
           HessRho_EigVec2 =  4.0346615931E-01  9.0603172488E-01 -1.2775590713E-01
           HessRho_EigVec3 =  3.4273402833E-01 -2.0188310329E-02  9.3921553328E-01
           DelSqRho = -2.6236017734E+01
           Bond Ellipticity = NA
           V = -6.5723387598E+00
           G =  6.6671631089E-03
           K =  6.5656715967E+00
           L =  6.5590044336E+00
           Vnuc =  4.7449839405E+01
           Ven = -2.0817078557E+01
           Vrep =  1.4244739798E+01
           DelSqV =  1.7091572639E+03
           DelSqVen =  1.2448948281E+03
           DelSqVrep =  4.6426243574E+02
           DelSqG =  1.3124002420E+02
           DelSqK = -1.8403972881E+03
           Stress_EigVals = -2.2539837127E+00 -2.2534394972E+00 -2.0649155498E+00
           Stress_EigVec1 =  3.9070136826E-01  9.1226293205E-01 -1.2299912052E-01
           Stress_EigVec2 =  8.5403819637E-01 -4.0909158364E-01 -3.2134535213E-01
           Stress_EigVec3 =  3.4346935813E-01 -2.0504121714E-02  9.3894003057E-01
           -DivStress =  5.4077141511E+00 -3.1464394244E-01  1.4868789736E+01
           ESP =  -1.0967164880E+00     ESP at Nucleus =  -1.0980629486E+00
           ESPe = -1.3444988198E+01     ESPe at Nucleus = -1.3371309581E+01
           ESPn =  1.2348271710E+01     ESPn at Nucleus =  1.2273246633E+01

CP# 9      Coords =  9.01618394742514E-01 -4.44530364384403E-01 -2.49204080795264E+00
           Type = (3,-3) NACP h9
           Rho =  4.3913645439E-01     Rho at Nucleus =  4.3569966369E-01
           GradRho =  2.8449465006E-16  1.1015494072E-16 -1.3968860790E-15
           HessRho_EigVals = -9.0042517253E+00 -8.9987786885E+00 -8.2637167233E+00
           HessRho_EigVec1 = -8.9143594946E-01  3.6870369382E-01 -2.6343791331E-01
           HessRho_EigVec2 =  4.1013412217E-01  9.0368627819E-01 -1.2304922774E-01
           HessRho_EigVec3 = -1.9269652262E-01  2.1773538248E-01  9.5679640122E-01
           DelSqRho = -2.6266747137E+01
           Bond Ellipticity = NA
           V = -6.5801191321E+00
           G =  6.7161738826E-03
           K =  6.5734029582E+00
           L =  6.5666867843E+00
           Vnuc =  4.7064445565E+01
           Ven = -2.0667713754E+01
           Vrep =  1.4087594621E+01
           DelSqV =  1.7114603939E+03
           DelSqVen =  1.2362298908E+03
           DelSqVrep =  4.7523050304E+02
           DelSqG =  1.3142221835E+02
           DelSqK = -1.8428826122E+03
           Stress_EigVals = -2.2564157255E+00 -2.2558745154E+00 -2.0678288911E+00
           Stress_EigVec1 =  4.0932363123E-01  9.0402185385E-01 -1.2328281581E-01
           Stress_EigVec2 = -8.9162323277E-01  3.6767485877E-01 -2.6424081631E-01
           Stress_EigVec3 = -1.9355148073E-01  2.1808183322E-01  9.5654489614E-01
           -DivStress =  3.0426534967E+00 -3.4512727845E+00 -1.5110187907E+01
           ESP =  -1.0901630767E+00     ESP at Nucleus =  -1.0914918017E+00
           ESPe = -1.2945211414E+01     ESPe at Nucleus = -1.2870679409E+01
           ESPn =  1.1855048337E+01     ESPn at Nucleus =  1.1779187607E+01

CP# 10     Coords = -2.83349200573754E+00  2.10532141762128E+00  4.26991808975234E+00
           Type = (3,-3) NACP h10
           Rho =  4.3962898413E-01     Rho at Nucleus =  4.3614052164E-01
           GradRho = -1.0755285551E-15 -1.5994150449E-15  3.8666986280E-15
           HessRho_EigVals = -9.0199722304E+00 -9.0157341394E+00 -8.2714504021E+00
           HessRho_EigVec1 =  5.8438617301E-01 -1.6324210698E-01  7.9488666821E-01
           HessRho_EigVec2 =  4.1314667745E-01  9.0294740564E-01 -1.1830386959E-01
           HessRho_EigVec3 =  6.9842868190E-01 -3.9753993152E-01 -5.9511291293E-01
           DelSqRho = -2.6307156772E+01
           Bond Ellipticity = NA
           V = -6.5893739607E+00
           G =  6.2923838484E-03
           K =  6.5830815768E+00
           L =  6.5767891930E+00
           Vnuc =  4.7481492739E+01
           Ven = -2.0874240418E+01
           Vrep =  1.4284866457E+01
           DelSqV =  1.7134378009E+03
           DelSqVen =  1.2491030732E+03
           DelSqVrep =  4.6433472760E+02
           DelSqG =  1.3166708577E+02
           DelSqK = -1.8451048866E+03
           Stress_EigVals = -2.2599860952E+00 -2.2596200743E+00 -2.0697677912E+00
           Stress_EigVec1 =  3.9804860791E-01  9.0680124669E-01 -1.3881212029E-01
           Stress_EigVec2 =  5.9446781462E-01 -1.3972587871E-01  7.9188679507E-01
           Stress_EigVec3 =  6.9868828752E-01 -3.9772877419E-01 -5.9468184692E-01
           -DivStress = -1.1102215117E+01  6.3519472099E+00  9.4873930286E+00
           ESP =  -1.1051713398E+00     ESP at Nucleus =  -1.1065617231E+00
           ESPe = -1.3615160974E+01     ESPe at Nucleus = -1.3542819005E+01
           ESPn =  1.2509989635E+01     ESPn at Nucleus =  1.2436257281E+01

CP# 11     Coords = -3.23862254178123E+00  1.58487863878921E+00 -7.45219962469310E-01
           Type = (3,-3) NACP h11
           Rho =  4.4036853913E-01     Rho at Nucleus =  4.3692561416E-01
           GradRho = -7.1297134863E-16 -2.4432495957E-16  2.8969882049E-16
           HessRho_EigVals = -9.0340382234E+00 -9.0295445691E+00 -8.2918238582E+00
           HessRho_EigVec1 = -4.5960170296E-01  3.1313051348E-01  8.3109298888E-01
           HessRho_EigVec2 =  3.9434569849E-01  9.1042857348E-01 -1.2494511867E-01
           HessRho_EigVec3 =  7.9577493346E-01 -2.7031295590E-01  5.4191619385E-01
           DelSqRho = -2.6355406651E+01
           Bond Ellipticity = NA
           V = -6.6016008037E+00
           G =  6.3745704969E-03
           K =  6.5952262332E+00
           L =  6.5888516627E+00
           Vnuc =  4.7237561051E+01
           Ven = -2.0801935752E+01
           Vrep =  1.4200334949E+01
           DelSqV =  1.7172208298E+03
           DelSqVen =  1.2449651307E+03
           DelSqVrep =  4.7225569912E+02
           DelSqG =  1.3192670776E+02
           DelSqK = -1.8491475376E+03
           Stress_EigVals = -2.2634986046E+00 -2.2632005511E+00 -2.0749016479E+00
           Stress_EigVec1 =  3.7523879512E-01  9.2245899503E-01 -9.0913415515E-02
           Stress_EigVec2 = -4.7483076881E-01  2.7552826629E-01  8.3583486136E-01
           Stress_EigVec3 =  7.9607260198E-01 -2.7046917931E-01  5.4140080847E-01
           -DivStress = -1.2608561560E+01  4.2676028390E+00 -8.5755032012E+00
           ESP =  -1.0960934077E+00     ESP at Nucleus =  -1.0974252927E+00
           ESPe = -1.3096780963E+01     ESPe at Nucleus = -1.3022597849E+01
           ESPn =  1.2000687555E+01     ESPn at Nucleus =  1.1925172557E+01

CP# 12     Coords =  8.20417842779115E-01  6.28214295726014E+00 -1.15141616441158E+00
           Type = (3,-3) NACP h12
           Rho =  4.3839580438E-01     Rho at Nucleus =  4.3481782794E-01
           GradRho =  4.9439619065E-17 -3.2196467714E-15  6.2406677048E-16
           HessRho_EigVals = -8.9958358518E+00 -8.9934336723E+00 -8.2357044903E+00
           HessRho_EigVec1 = -2.9018485147E-01  3.6273038895E-01  8.8556163925E-01
           HessRho_EigVec2 = -3.9428250005E-01 -8.8850465136E-01  2.3473558456E-01
           HessRho_EigVec3 =  8.7197136543E-01 -2.8104474633E-01  4.0084883489E-01
           DelSqRho = -2.6224974014E+01
           Bond Ellipticity = NA
           V = -6.5683472135E+00
           G =  6.0518549334E-03
           K =  6.5622953585E+00
           L =  6.5562435036E+00
           Vnuc =  4.6877330001E+01
           Ven = -2.0550824793E+01
           Vrep =  1.3982477579E+01
           DelSqV =  1.7067807104E+03
           DelSqVen =  1.2293567611E+03
           DelSqVrep =  4.7742394929E+02
           DelSqG =  1.3121653044E+02
           DelSqK = -1.8379972409E+03
           Stress_EigVals = -2.2539082858E+00 -2.2535756678E+00 -2.0608632598E+00
           Stress_EigVec1 =  3.4235351531E-01  9.3539576487E-01 -8.8480696335E-02
           Stress_EigVec2 = -3.5076551738E-01  2.1460399913E-01  9.1154192190E-01
           Stress_EigVec3 =  8.7164076452E-01 -2.8103360408E-01  4.0157501292E-01
           -DivStress = -1.4047054915E+01  4.4975656615E+00 -6.4665987483E+00
           ESP =  -1.0716337203E+00     ESP at Nucleus =  -1.0730434837E+00
           ESPe = -1.3476210384E+01     ESPe at Nucleus = -1.3413827647E+01
           ESPn =  1.2404576664E+01     ESPn at Nucleus =  1.2340784163E+01

CP# 13     Coords =  3.96086000094924E+00  4.91317018260090E+00 -1.56723952098295E+00
           Type = (3,-3) NACP h13
           Rho =  4.3930361276E-01     Rho at Nucleus =  4.3577833860E-01
           GradRho = -1.0581813203E-16 -3.7071040682E-15 -2.6888213878E-17
           HessRho_EigVals = -9.0167082482E+00 -9.0135407583E+00 -8.2638690643E+00
           HessRho_EigVec1 =  6.3561531819E-01 -7.7635380493E-02  7.6809238701E-01
           HessRho_EigVec2 =  3.5189444833E-01  9.1469645103E-01 -1.9874782945E-01
           HessRho_EigVec3 =  6.8714151709E-01 -3.9661461165E-01 -6.0871453516E-01
           DelSqRho = -2.6294118071E+01
           Bond Ellipticity = NA
           V = -6.5857730756E+00
           G =  6.1217789741E-03
           K =  6.5796512967E+00
           L =  6.5735295177E+00
           Vnuc =  4.6650805468E+01
           Ven = -2.0493867380E+01
           Vrep =  1.3908094305E+01
           DelSqV =  1.7121023387E+03
           DelSqVen =  1.2266417871E+03
           DelSqVrep =  4.8546055167E+02
           DelSqG =  1.3163361941E+02
           DelSqK = -1.8437359582E+03
           Stress_EigVals = -2.2590701453E+00 -2.2588355734E+00 -2.0678673570E+00
           Stress_EigVec1 =  4.1959382839E-01  9.0066201293E-01 -1.1291128220E-01
           Stress_EigVec2 =  5.9379357363E-01 -1.7826842154E-01  7.8462064834E-01
           Stress_EigVec3 =  6.8654949646E-01 -3.9626797543E-01 -6.0960764476E-01
           -DivStress =  1.0968488326E+01 -6.3428290351E+00 -9.7791799150E+00
           ESP =  -1.0654873839E+00     ESP at Nucleus =  -1.0668370033E+00
           ESPe = -1.2937573337E+01     ESPe at Nucleus = -1.2871649758E+01
           ESPn =  1.1872085953E+01     ESPn at Nucleus =  1.1804812754E+01

CP# 14     Coords =  4.77882600138462E+00  5.40267951534361E+00  2.94966781463121E+00
           Type = (3,-3) NACP h14
           Rho =  4.3581193436E-01     Rho at Nucleus =  4.3225908790E-01
           GradRho =  2.8579569267E-15  2.0677903834E-15 -7.4506373293E-16
           HessRho_EigVals = -8.9533394364E+00 -8.9483775947E+00 -8.1972121122E+00
           HessRho_EigVec1 = -3.2822030831E-01  2.8821463490E-01  8.9955753204E-01
           HessRho_EigVec2 = -3.7377400234E-01 -9.1421579228E-01  1.5653268134E-01
           HessRho_EigVec3 =  8.6750471145E-01 -2.8485401416E-01  4.0779132682E-01
           DelSqRho = -2.6098929143E+01
           Bond Ellipticity = NA
           V = -6.5371827706E+00
           G =  6.2252424103E-03
           K =  6.5309575282E+00
           L =  6.5247322858E+00
           Vnuc =  4.7005449715E+01
           Ven = -2.0485535966E+01
           Vrep =  1.3948353195E+01
           DelSqV =  1.6989269939E+03
           DelSqVen =  1.2267919015E+03
           DelSqVrep =  4.7213509248E+02
           DelSqG =  1.3073631696E+02
           DelSqK = -1.8296633109E+03
           Stress_EigVals = -2.2435230507E+00 -2.2423881630E+00 -2.0512715570E+00
           Stress_EigVec1 =  3.7936568644E-01  9.0898497314E-01 -1.7270783002E-01
           Stress_EigVec2 = -3.2160776267E-01  3.0456891890E-01  8.9655240819E-01
           Stress_EigVec3 =  8.6755410376E-01 -2.8457704095E-01  4.0787962050E-01
           -DivStress =  1.3897337177E+01 -4.5555631219E+00  6.5167703868E+00
           ESP =  -1.0555759397E+00     ESP at Nucleus =  -1.0569113685E+00
           ESPe = -1.3548796195E+01     ESPe at Nucleus = -1.3477626455E+01
           ESPn =  1.2493220256E+01     ESPn at Nucleus =  1.2420715087E+01

CP# 15     Coords =  1.20514647933433E+00  7.03493306030683E+00  3.80100366392841E+00
           Type = (3,-3) NACP c15
           Rho =  1.2256098633E+02     Rho at Nucleus =  1.2256098447E+02
           GradRho =  8.2553963665E-12 -9.1574525740E-11 -1.2082113088E-11
           HessRho_EigVals = -3.2406989606E+05 -3.2406988944E+05 -3.2406614486E+05
           HessRho_EigVec1 =  4.8727648238E-01 -4.2188765498E-01  7.6457336881E-01
           HessRho_EigVec2 =  5.7491095967E-01  8.1401872746E-01  8.2770162435E-02
           HessRho_EigVec3 =  6.5729675046E-01 -3.9922965560E-01 -6.3920001871E-01
           DelSqRho = -9.7220593036E+05
           Bond Ellipticity = NA
           V = -2.4306908227E+05
           G =  8.7998403913E+00
           K =  2.4306028243E+05
           L =  2.4305148259E+05
           Vnuc =  1.7702858977E+06
           Ven = -2.1696798571E+08
           Vrep =  2.1672491663E+08
           DelSqV =  2.3846029580E+10
           DelSqVen =  1.7210824397E+12
           DelSqVrep = -1.6972364101E+12
           DelSqG =  6.4279670067E+08
           DelSqK = -2.4488826281E+10
           Stress_EigVals = -8.1024128531E+04 -8.1022478418E+04 -8.1022475322E+04
           Stress_EigVec1 =  6.6139441844E-01 -3.9776986247E-01 -6.3587464156E-01
           Stress_EigVec2 =  6.5421553015E-01  7.2057813490E-01  2.2971545794E-01
           Stress_EigVec3 =  3.6682347713E-01 -5.6793158744E-01  7.3681357792E-01
           -DivStress = -1.8047417828E+04  1.0671874811E+04  1.6372962490E+04
           ESP =  -1.4744772521E+01     ESP at Nucleus =  -1.4744772568E+01
           ESPe = -2.6990529891E+01     ESPe at Nucleus = -2.6990530134E+01
           ESPn =  1.2245757370E+01     ESPn at Nucleus =  1.2245757566E+01

CP# 16     Coords =  4.06486638713409E+00  4.45379390390969E-01  1.34589490305253E+00
           Type = (3,-3) NACP h16
           Rho =  4.3125610722E-01     Rho at Nucleus =  4.2826960856E-01
           GradRho = -2.2935212757E-15  3.1225022568E-17 -3.9898639947E-16
           HessRho_EigVals = -8.8855446441E+00 -8.8844349464E+00 -8.2237784704E+00
           HessRho_EigVec1 =  1.0588777743E-01  4.3069692756E-02  9.9344490545E-01
           HessRho_EigVec2 = -4.7404464182E-01  8.8041409172E-01  1.2357372844E-02
           HessRho_EigVec3 =  8.7411066585E-01  4.7224572911E-01 -1.1364204847E-01
           DelSqRho = -2.5993758061E+01
           Bond Ellipticity = NA
           V = -6.5126477751E+00
           G =  7.1041299103E-03
           K =  6.5055436452E+00
           L =  6.4984395152E+00
           Vnuc =  5.0669333524E+01
           Ven = -2.1851459531E+01
           Vrep =  1.5338811756E+01
           DelSqV =  1.7001135534E+03
           DelSqVen =  1.3170863967E+03
           DelSqVrep =  3.8302715670E+02
           DelSqG =  1.3104470046E+02
           DelSqK = -1.8311582539E+03
