AIMSum (Version 19.02.13, Professional)
Copyright (c) 1997-2019 by Todd A. Keith
AIMSum is a component of the AIMAll package ( http://aim.tkgristmill.com )

TP:  64-bit Linux

Much of the Quantum Theory of Atoms in Molecules (QTAIM) is described in the book:
  "Atoms in Molecules - A Quantum Theory"
  R.F.W. Bader, Oxford University Press, Oxford, 1990

For additional references see:  http://aim.tkgristmill.com/references.html

Wfn File:  /home/mhennefarth/Documents/ML_Diels/summary-hayden2009/1-opt/1-opt.wfn
Sum File:  /home/mhennefarth/Documents/ML_Diels/summary-hayden2009/1-opt/1-opt.sum

SumViz File:  /home/mhennefarth/Documents/ML_Diels/summary-hayden2009/1-opt/1-opt.sumviz

Wfn Title:   Title Card Required                                                           
 
Total memory allocated for AIMSum =        0.885 Megabytes

Atomic units (a.u.) used throughout, except where stated otherwise

Model:  Restricted SCF
 
Restricted, closed-shell, single-determinant wavefunction.
  Number of electrons (from MO Occs)                   =          58.0000000000
  Number of Alpha electrons (from MO Occs)             =          29.0000000000
  Number of Beta electrons (from MO Occs)              =          29.0000000000
  Number of electron pairs (N*(N-1)/2)                 =        1653.0000000000
  Number of electron pairs (from Muller 2EDM)          =        1653.0000000000
 
Nuclear Charges and Cartesian Coordinates:
-------------------------------------------------------------------------------
Atom      Charge                X                  Y                  Z
-------------------------------------------------------------------------------
C1         6.0          -2.3603390900E+00   2.6330079200E+00   1.7389190000E-02
C2         6.0          -2.3143796800E+00   1.3050141700E+00   2.2974307600E+00
C3         6.0          -2.2832076900E+00  -1.3336239600E+00   2.2872013000E+00
C4         6.0          -2.2982752000E+00  -2.6445828300E+00  -3.0983700000E-03
C5         6.0          -2.3452866400E+00  -1.3165888000E+00  -2.2831182200E+00
C6         6.0          -2.3764831500E+00   1.3220437800E+00  -2.2729062000E+00
C7         6.0           6.1102404100E+00  -1.2420804500E+00  -1.7721560000E-02
C8         6.0           6.1229619000E+00   1.2724578100E+00  -1.9801170000E-02
H9         1.0          -2.3843110500E+00   4.6870671300E+00   2.5400120000E-02
H10        1.0          -2.3020278900E+00   2.3254303200E+00   4.0803012000E+00
H11        1.0          -2.2471042700E+00  -2.3672868700E+00   4.0620354800E+00
H12        1.0          -2.2739322800E+00  -4.6986431900E+00  -1.1100600000E-02
H13        1.0          -2.3579071600E+00  -2.3370166500E+00  -4.0659015800E+00
H14        1.0          -2.4131471000E+00   2.3556988100E+00  -4.0477855400E+00
H15        1.0           6.0911587100E+00  -2.3252922100E+00   1.7283533300E+00
H16        1.0           6.1081590600E+00  -2.3282484800E+00  -1.7620719100E+00
H17        1.0           6.1153885200E+00   2.3587112400E+00   1.7244744100E+00
H18        1.0           6.1323383100E+00   2.3556940100E+00  -1.7659593000E+00
 
Some Atomic Properties:
----------------------
  q(A) = Net Charge of Atom A
  L(A) = Lagrangian of Atom A = -(1/4) Times Atomic Integral of the Laplacian of the Electron Density
  K(A) = Electronic Kinetic Energy of Atom A (Hamiltonian Form)
  K_Scaled(A) = K(A) * E(Mol)/K(Mol) = Approximation to Virial-Based Total Energy of Atom A.
  |Mu_Intra(A)| = Magnitude of Intraatomic Dipole Moment of Atom A
--------------------------------------------------------------------------------------------------
Atom A          q(A)              L(A)              K(A)          K_Scaled(A)      |Mu_Intra(A)|
--------------------------------------------------------------------------------------------------
C1       -3.5074696600E-02 -3.7637995089E-06  3.7719792182E+01 -3.8104753215E+01  1.1289218119E-01
C2       -3.4852187700E-02  1.3616657157E-05  3.7719872193E+01 -3.8104834042E+01  1.1304079817E-01
C3       -3.4849247300E-02 -2.1532666686E-05  3.7719858277E+01 -3.8104819984E+01  1.1300055393E-01
C4       -3.5158014100E-02 -8.9272451682E-05  3.7719755382E+01 -3.8104716039E+01  1.1304030376E-01
C5       -3.4813721000E-02  6.8198070753E-05  3.7719916630E+01 -3.8104878933E+01  1.1321251432E-01
C6       -3.4930714100E-02 -3.7164852329E-05  3.7719881901E+01 -3.8104843849E+01  1.1308720227E-01
C7       -7.5510595400E-02 -1.2829976808E-04  3.7691603324E+01 -3.8076276666E+01  8.7732446592E-02
C8       -7.5514196700E-02 -6.2599779828E-05  3.7691662798E+01 -3.8076336747E+01  8.7785685523E-02
H9        3.5043608380E-02  2.5015607580E-05  6.0100109189E-01 -6.0713479485E-01  1.5066411454E-01
H10       3.4968981200E-02  2.3507778207E-05  6.0101543868E-01 -6.0714928806E-01  1.5067464242E-01
H11       3.4942719310E-02  2.2493579055E-05  6.0104110840E-01 -6.0717521976E-01  1.5067744119E-01
H12       3.5015774320E-02  2.6151332954E-05  6.0101311208E-01 -6.0714693770E-01  1.5066120455E-01
H13       3.4966419470E-02  2.2718227209E-05  6.0103515468E-01 -6.0716920527E-01  1.5067456979E-01
H14       3.4997577510E-02  2.2677497309E-05  6.0100535692E-01 -6.0713910340E-01  1.5066454132E-01
H15       3.7686868350E-02  2.0781254676E-05  5.9668127295E-01 -6.0277088865E-01  1.4769803289E-01
H16       3.7693992380E-02  2.0406536483E-05  5.9667728775E-01 -6.0276686278E-01  1.4769842285E-01
H17       3.7690165110E-02  2.0857374892E-05  5.9667853472E-01 -6.0276812248E-01  1.4770014954E-01
H18       3.7692424450E-02  2.0125963965E-05  5.9667478841E-01 -6.0276433793E-01  1.4769810582E-01
--------------------------------------------------------------------------------------------------
Total    -4.8424200005E-06 -3.6083437874E-05  3.0769516583E+02 -3.1083544424E+02
 
1st Largest |L(A)| = 1.2829976808E-04, atom C7      
2nd Largest |L(A)| = 8.9272451682E-05, atom C4      
 
Molecular charge q(Mol) from the wfn file:   0.0000000000E+00
Molecular energy E(Mol) from the wfn file:  -3.1083548860E+02
Molecular virial ratio (-V(Mol)/T(Mol)) from the wfn file:   2.0102058100E+00
Note.  K_Scaled(A) = (1+V(Mol)/T(Mol))*K(A) = (E(Mol)/T(Mol))*K(A)
       Only use K_Scaled(A) data with caution.
 
N_AIMInt(SumA)     =         58.000005
N_Analytic(Mol)    =         57.999990
 
G_AIMInt(SumA)     =        307.695202
G_Analytic(Mol)    =        307.695185
 
K_AIMInt(SumA)     =        307.695166
K_Analytic(Mol)    =        307.695185
 
L_AIMInt(SumA)     =         -0.000036
L_Analytic(Mol)    =          0.000000
 
VenT_AIMInt(SumA)  =      -1339.511799
VenT_Analytic(Mol) =      -1339.511865
 
Some Information About the Atomic Calculations:
----------------------------------------------
  Time(sec) = "Elapsed User Time", in Seconds, for Atom A by AIMInt and, if used, by TWOe
  NProc = Number of Processors Used for AIMInt Job
  BIM = Basin Integration Method
  OAQ = Angular Quadrature Outside of Beta Sphere
  ORQ = Multiple of Default for Radial Quadrature Outside of Beta Sphere
  IAQ = Multiple of Default for Angular Quadrature Inside of Beta Sphere
  IRQ = Multiple of Default for Radial Quadrature Inside of Beta Sphere
  MIR = Maximum Integration Radius
------------------------------------------------------------------------------------------------------
Atom A     Time(sec)   NProc      BIM          OAQ                     ORQ      IAQ      IRQ      MIR
------------------------------------------------------------------------------------------------------
C1             39        8     Proaim(5)    4500(GS4)                  1.00     1.00     1.00    13.00
C2             22        8     Proaim(5)    4500(GS4)                  1.00     1.00     1.00    13.00
C3             21        8     Proaim(5)    4500(GS4)                  1.00     1.00     1.00    13.00
C4             93        8     Proaim(5)    4500(GS4)                  1.00     1.00     1.00    13.00
C5             21        8     Proaim(5)    4500(GS4)                  1.00     1.00     1.00    13.00
C6             21        8     Proaim(5)    4500(GS4)                  1.00     1.00     1.00    13.00
C7             84        8     Proaim(5)    4500(GS4)                  1.00     1.00     1.00    13.00
C8             33        8     Proaim(5)    4500(GS4)                  1.00     1.00     1.00    13.00
H9              4        8     Proaim(5)    1800(GS4)                  1.00     1.00     1.00    13.00
H10             4        8     Proaim(5)    1800(GS4)                  1.00     1.00     1.00    13.00
H11             4        8     Proaim(5)    1800(GS4)                  1.00     1.00     1.00    13.00
H12             4        8     Proaim(5)    1800(GS4)                  1.00     1.00     1.00    13.00
H13             4        8     Proaim(5)    1800(GS4)                  1.00     1.00     1.00    13.00
H14             4        8     Proaim(5)    1800(GS4)                  1.00     1.00     1.00    13.00
H15             5        8     Proaim(5)    1800(GS4)                  1.00     1.00     1.00    13.00
H16             4        8     Proaim(5)    1800(GS4)                  1.00     1.00     1.00    13.00
H17             5        8     Proaim(5)    1800(GS4)                  1.00     1.00     1.00    13.00
H18             5        8     Proaim(5)    1800(GS4)                  1.00     1.00     1.00    13.00
------------------------------------------------------------------------------------------------------
Total         377
Note:  Total wall clock time is less than total of atomic times if more than one atom
       was calculated at a time
 
Electron Density Critical Point Analysis of Molecular Structure:               
---------------------------------------------------------------                
  NACP = Nuclear Attractor Critical Point                                      
  NNACP = Non-Nuclear Attractor Critical Point                                 
  BCP = Bond Critical Point                                                    
  RCP = Ring Critical Point                                                    
  CCP = Cage Critical Point                                                    
  Rho = Electron Density                                                       
  GradRho = Gradient of Electron Density                                       
  HessRho_EigVals = Eigenvalues of the Hessian of Rho, Ascending Order         
  HessRho_EigVecs = Eigenvectors of the Hessian of Rho                         
  DelSqRho = Laplacian of Rho = Trace of Hessian of Rho                        
  Bond Ellipticity = (HessRho_EigVal(1) / HessRho_EigVal(2)) - 1               
  V = Virial Field = Potential Energy Density = Trace of Stress Tensor         
  G = Lagrangian Form of Kinetic Energy Density                                
  K = Hamiltonian Form of Kinetic Energy Density                               
  L = K - G = Lagrangian Density = (-1/4)DelSqRho                              
  Vnuc = Electrostatic Potential from Nuclei                                   
  Ven = Electron-nuclear attractive contribution to Virial Field V             
  Vrep = V - Ven = Repulsive contribution to Virial Field V                    
  DelSqV = Laplacian of V                                                      
  DelSqVen = Laplacian of Ven                                                  
  DelSqVrep = Laplacian of Vrep                                                
  DelSqG = Laplacian of G                                                      
  DelSqK = Laplacian of K                                                      
  Stress_EigVals = Eigenvalues of Stress Tensor, Ascending Order               
  Stress_EigVecs = Eigenvectors of Stress Tensor                               
  -DivStress = Ehrenfest Force Density = Minus Divergence of Stress Tensor     
  ESP = Total Electrostatic Potential                                          
  ESPe = Electrostatic Potential from Electrons                                
  ESPn = Electrostatic Potential from Nuclei                                   
  BP = Bond Path                                                               
  BPL = Bond Path Length                                                       
  GBL = Geometric Bond Length                                                  
  GBL_I = Distance Between Nuclear Attractors                                  
  GBL_II = Distance Between Nuclei                                             
  GBL_III = Sum of Distances Between BCP and Nuclear Attractors                
  GBL_IV = Sum of Distances Between BCP and Nuclei                             

CP# 1      Coords = -2.36033909016636E+00  2.63300809552510E+00  1.73891906596131E-02
           Type = (3,-3) NACP C1
           Rho =  1.1765160924E+02     Rho at Nucleus =  1.1765160924E+02
           GradRho =  2.5261448748E-11  2.7986291378E-11  2.0592989706E-13
           HessRho_EigVals = -1.4496762080E+05 -1.4496655091E+05 -1.4496646639E+05
           HessRho_EigVec1 =  9.9979855930E-01  1.4678335639E-02 -1.3688947855E-02
           HessRho_EigVec2 = -1.4622806490E-02  9.9988447794E-01  4.1478064125E-03
           HessRho_EigVec3 =  1.3748249374E-02 -3.9468000399E-03  9.9989769897E-01
           DelSqRho = -4.3490063809E+05
           Bond Ellipticity = NA
           V = -1.0873546198E+05
           G =  5.1512285988E+00
           K =  1.0873031075E+05
           L =  1.0872515952E+05
           Vnuc =  3.4182900925E+07
           Ven = -4.0216733024E+09
           Vrep =  4.0215645670E+09
           DelSqV =  2.4946139821E+09
           DelSqVen =  1.4865989108E+13
           DelSqVrep = -1.4863528048E+13
           DelSqG =  1.3399144822E+08
           DelSqK = -2.6286054304E+09
           Stress_EigVals = -3.6245351287E+04 -3.6245344051E+04 -3.6244766642E+04
           Stress_EigVec1 =  1.3665598919E-02 -4.2032317456E-03  9.9989778690E-01
           Stress_EigVec2 = -1.2767863971E-02  9.9990890421E-01  4.3777768231E-03
           Stress_EigVec3 =  9.9982510123E-01  1.2826383870E-02 -1.3610687749E-02
           -DivStress = -4.5134283237E-01 -1.3789539624E+02 -5.1121977640E-01
           ESP =  -1.4742539591E+01     ESP at Nucleus =  -1.4742539593E+01
           ESPe = -2.6250844665E+01     ESPe at Nucleus = -2.6250844922E+01
           ESPn =  1.1508305074E+01     ESPn at Nucleus =  1.1508305329E+01

CP# 2      Coords = -2.31437967602335E+00  1.30501425919246E+00  2.29743091292644E+00
           Type = (3,-3) NACP C2
           Rho =  1.1765148914E+02     Rho at Nucleus =  1.1765148914E+02
           GradRho =  1.7654246121E-12 -8.9979873850E-12 -7.0962019575E-12
           HessRho_EigVals = -1.4496747112E+05 -1.4496640401E+05 -1.4496631928E+05
           HessRho_EigVec1 =  9.9984896092E-01  1.3464338648E-02 -1.0989401294E-02
           HessRho_EigVec2 =  2.8807560709E-03  4.9517197773E-01  8.6879020121E-01
           HessRho_EigVec3 = -1.7139329056E-02  8.6869063771E-01 -4.9505839994E-01
           DelSqRho = -4.3490019440E+05
           Bond Ellipticity = NA
           V = -1.0873535172E+05
           G =  5.1515598157E+00
           K =  1.0873020016E+05
           L =  1.0872504860E+05
           Vnuc =  3.3882852158E+07
           Ven = -3.9863680129E+09
           Vrep =  3.9862592775E+09
           DelSqV =  2.4946114544E+09
           DelSqVen =  1.4735596585E+13
           DelSqVrep = -1.4733101974E+13
           DelSqG =  1.3399131279E+08
           DelSqK = -2.6286027672E+09
           Stress_EigVals = -3.6245314391E+04 -3.6245307000E+04 -3.6244730329E+04
           Stress_EigVec1 = -1.6955916628E-02  8.7200787601E-01 -4.8919807959E-01
           Stress_EigVec2 =  4.8396888164E-03  4.8933426482E-01  8.7208288292E-01
           Stress_EigVec3 =  9.9984452507E-01  1.2419398181E-02 -1.2517357763E-02
           -DivStress = -3.7557550138E+00 -7.0124818028E+01 -1.2014224755E+02
           ESP =  -1.4742584316E+01     ESP at Nucleus =  -1.4742584317E+01
           ESPe = -2.6254218969E+01     ESPe at Nucleus = -2.6254219227E+01
           ESPn =  1.1511634653E+01     ESPn at Nucleus =  1.1511634910E+01

CP# 3      Coords = -2.28320768471829E+00 -1.33362405050178E+00  2.28720145187266E+00
           Type = (3,-3) NACP C3
           Rho =  1.1765149509E+02     Rho at Nucleus =  1.1765149509E+02
           GradRho =  1.6782201713E-11  7.3081761319E-12  2.0912653353E-11
           HessRho_EigVals = -1.4496747510E+05 -1.4496640789E+05 -1.4496632317E+05
           HessRho_EigVec1 =  9.9988972866E-01  1.0058134961E-02 -1.0925403246E-02
           HessRho_EigVec2 =  1.4497160622E-02 -5.0164458722E-01  8.6495233421E-01
           HessRho_EigVec3 = -3.2191379103E-03  8.6501534208E-01  5.0173508459E-01
           DelSqRho = -4.3490020616E+05
           Bond Ellipticity = NA
           V = -1.0873535471E+05
           G =  5.1515852707E+00
           K =  1.0873020313E+05
           L =  1.0872505154E+05
           Vnuc =  3.3922809889E+07
           Ven = -3.9910693011E+09
           Vrep =  3.9909605657E+09
           DelSqV =  2.4946115140E+09
           DelSqVen =  1.4753078444E+13
           DelSqVrep = -1.4750583833E+13
           DelSqG =  1.3399131325E+08
           DelSqK = -2.6286028273E+09
           Stress_EigVals = -3.6245315387E+04 -3.6245308020E+04 -3.6244731305E+04
           Stress_EigVec1 = -3.5353682029E-03  8.6910476711E-01  4.9461541117E-01
           Stress_EigVec2 =  1.6326253209E-02 -4.9450241285E-01  8.6902290945E-01
           Stress_EigVec3 =  9.9986046758E-01  1.1147532406E-02 -1.2440976387E-02
           -DivStress = -4.7741740530E+00  7.1145535099E+01 -1.1930547809E+02
           ESP =  -1.4742582565E+01     ESP at Nucleus =  -1.4742582566E+01
           ESPe = -2.6259186962E+01     ESPe at Nucleus = -2.6259187220E+01
           ESPn =  1.1516604397E+01     ESPn at Nucleus =  1.1516604654E+01

CP# 4      Coords = -2.29827519442932E+00 -2.64458300602557E+00 -3.09837057884901E-03
           Type = (3,-3) NACP C4
           Rho =  1.1765160645E+02     Rho at Nucleus =  1.1765160645E+02
           GradRho = -1.3065225112E-11 -1.8029357739E-11 -3.5499591754E-14
           HessRho_EigVals = -1.4496761283E+05 -1.4496654310E+05 -1.4496645838E+05
           HessRho_EigVec1 =  9.9986627696E-01  8.9893342402E-03 -1.3660895246E-02
           HessRho_EigVec2 = -8.9361369727E-03  9.9995226958E-01  3.9501928048E-03
           HessRho_EigVec3 =  1.3695752809E-02 -3.8275889419E-03  9.9989888285E-01
           DelSqRho = -4.3490061432E+05
           Bond Ellipticity = NA
           V = -1.0873545604E+05
           G =  5.1512285927E+00
           K =  1.0873030481E+05
           L =  1.0872515358E+05
           Vnuc =  3.4068727480E+07
           Ven = -4.0082405177E+09
           Vrep =  4.0081317823E+09
           DelSqV =  2.4946138397E+09
           DelSqVen =  1.4816496321E+13
           DelSqVrep = -1.4814001707E+13
           DelSqG =  1.3399143650E+08
           DelSqK = -2.6286052762E+09
           Stress_EigVals = -3.6245349330E+04 -3.6245342044E+04 -3.6244764662E+04
           Stress_EigVec1 =  1.3635605604E-02 -4.2563995989E-03  9.9989797146E-01
           Stress_EigVec2 = -1.0741210147E-02  9.9993261762E-01  4.4030249320E-03
           Stress_EigVec3 =  9.9984933698E-01  1.0800152148E-02 -1.3588967922E-02
           -DivStress = -5.0016594561E+00  1.3828879852E+02  4.5865028674E-01
           ESP =  -1.4742533751E+01     ESP at Nucleus =  -1.4742533752E+01
           ESPe = -2.6260687150E+01     ESPe at Nucleus = -2.6260687407E+01
           ESPn =  1.1518153399E+01     ESPn at Nucleus =  1.1518153654E+01

CP# 5      Coords = -2.34528663914134E+00 -1.31658888909488E+00 -2.28311837222869E+00
           Type = (3,-3) NACP C5
           Rho =  1.1765151185E+02     Rho at Nucleus =  1.1765151185E+02
           GradRho =  3.1378705623E-11 -1.1880038213E-11 -3.1256272449E-11
           HessRho_EigVals = -1.4496750360E+05 -1.4496643618E+05 -1.4496635169E+05
           HessRho_EigVec1 =  9.9981554326E-01  1.0220756822E-02 -1.6260860358E-02
           HessRho_EigVec2 =  9.0655876493E-03  4.9525596161E-01  8.6869980293E-01
           HessRho_EigVec3 = -1.6932057470E-02  8.6868697965E-01 -4.9507195114E-01
           DelSqRho = -4.3490029148E+05
           Bond Ellipticity = NA
           V = -1.0873537608E+05
           G =  5.1516045670E+00
           K =  1.0873022447E+05
           L =  1.0872507287E+05
           Vnuc =  3.4016213408E+07
           Ven = -4.0020589351E+09
           Vrep =  4.0019501997E+09
           DelSqV =  2.4946120133E+09
           DelSqVen =  1.4793746416E+13
           DelSqVrep = -1.4791251804E+13
           DelSqG =  1.3399134705E+08
           DelSqK = -2.6286033604E+09
           Stress_EigVals = -3.6245322491E+04 -3.6245315171E+04 -3.6244738417E+04
           Stress_EigVec1 = -1.6964960977E-02  8.7262815739E-01 -4.8809045168E-01
           Stress_EigVec2 =  7.4142137194E-03  4.8825707658E-01  8.7266835431E-01
           Stress_EigVec3 =  9.9982859508E-01  1.1185977653E-02 -1.4753113907E-02
           -DivStress = -1.2833497235E+00  7.0033782137E+01  1.1959059318E+02
           ESP =  -1.4742589138E+01     ESP at Nucleus =  -1.4742589140E+01
           ESPe = -2.6250091512E+01     ESPe at Nucleus = -2.6250091771E+01
           ESPn =  1.1507502374E+01     ESPn at Nucleus =  1.1507502631E+01

CP# 6      Coords = -2.37648315059494E+00  1.32204387025004E+00 -2.27290635155658E+00
           Type = (3,-3) NACP C6
           Rho =  1.1765150178E+02     Rho at Nucleus =  1.1765150177E+02
           GradRho = -3.1235840086E-11  1.3496959220E-12 -2.9377539518E-11
           HessRho_EigVals = -1.4496749450E+05 -1.4496642719E+05 -1.4496634258E+05
           HessRho_EigVec1 =  9.9977905243E-01  1.3408640374E-02 -1.6188103077E-02
           HessRho_EigVec2 =  2.0729894300E-02 -5.0141070781E-01  8.6496102431E-01
           HessRho_EigVec3 = -3.4810630906E-03  8.6510549094E-01  5.0157788203E-01
           DelSqRho = -4.3490026427E+05
           Bond Ellipticity = NA
           V = -1.0873536918E+05
           G =  5.1515575016E+00
           K =  1.0873021763E+05
           L =  1.0872506607E+05
           Vnuc =  3.4014786652E+07
           Ven = -4.0018907322E+09
           Vrep =  4.0017819969E+09
           DelSqV =  2.4946118619E+09
           DelSqVen =  1.4792974664E+13
           DelSqVrep = -1.4790480052E+13
           DelSqG =  1.3399134186E+08
           DelSqK = -2.6286032037E+09
           Stress_EigVals = -3.6245320194E+04 -3.6245312856E+04 -3.6244736133E+04
           Stress_EigVec1 = -3.5564477033E-03  8.6923930020E-01  4.9437879269E-01
           Stress_EigVec2 =  1.8957579891E-02 -4.9423446594E-01  8.6912191483E-01
           Stress_EigVec3 =  9.9981396362E-01  1.2463212097E-02 -1.4720954447E-02
           -DivStress = -1.4670904685E-01 -7.0954612518E+01  1.1906442884E+02
           ESP =  -1.4742587058E+01     ESP at Nucleus =  -1.4742587059E+01
           ESPe = -2.6245200644E+01     ESPe at Nucleus = -2.6245200902E+01
           ESPn =  1.1502613586E+01     ESPn at Nucleus =  1.1502613843E+01

CP# 7      Coords =  6.11024040659643E+00 -1.24208149590325E+00 -1.77215592060492E-02
           Type = (3,-3) NACP C7
           Rho =  1.1767423457E+02     Rho at Nucleus =  1.1767423449E+02
           GradRho =  2.2285130882E-11 -2.4886672728E-10  3.8727286894E-13
           HessRho_EigVals = -1.4499925219E+05 -1.4499825758E+05 -1.4499804245E+05
           HessRho_EigVec1 =  9.9998654549E-01  1.6746215953E-03  4.9096312641E-03
           HessRho_EigVec2 = -4.9111119958E-03  8.8125560630E-04  9.9998755211E-01
           HessRho_EigVec3 = -1.6702741097E-03  9.9999820951E-01 -8.8946800364E-04
           DelSqRho = -4.3499555222E+05
           Bond Ellipticity = NA
           V = -1.0875907758E+05
           G =  5.0947636203E+00
           K =  1.0875398282E+05
           L =  1.0874888806E+05
           Vnuc =  5.7366447635E+06
           Ven = -6.7505528156E+08
           Vrep =  6.7494652249E+08
           DelSqV =  2.4951587465E+09
           DelSqVen =  2.4954153206E+12
           DelSqVrep = -2.4929198997E+12
           DelSqG =  1.3402475651E+08
           DelSqK = -2.6291835030E+09
           Stress_EigVals = -3.6253288662E+04 -3.6253164548E+04 -3.6252624372E+04
           Stress_EigVec1 =  2.8260300959E-03  9.9999563349E-01 -8.6403919040E-04
           Stress_EigVec2 = -4.8775288874E-03  8.7781645600E-04  9.9998771950E-01
           Stress_EigVec3 =  9.9998411151E-01 -2.8217810147E-03  4.8799883253E-03
           -DivStress =  4.0457871131E+00  8.4947972514E+02 -6.4222776424E-01
           ESP =  -1.4749902895E+01     ESP at Nucleus =  -1.4749902910E+01
           ESPe = -2.3265426669E+01     ESPe at Nucleus = -2.3265427594E+01
           ESPn =  8.5155237743E+00     ESPn at Nucleus =  8.5155246831E+00

CP# 8      Coords =  6.12296190915442E+00  1.27245885578333E+00 -1.98011709925602E-02
           Type = (3,-3) NACP C8
           Rho =  1.1767421513E+02     Rho at Nucleus =  1.1767421505E+02
           GradRho = -2.2352983840E-11  2.6636450785E-10  1.8364114754E-15
           HessRho_EigVals = -1.4499923778E+05 -1.4499824358E+05 -1.4499802845E+05
           HessRho_EigVec1 =  9.9991495696E-01 -1.2076500654E-02  4.9231057829E-03
           HessRho_EigVec2 = -4.9134452715E-03  8.2948242265E-04  9.9998758493E-01
           HessRho_EigVec3 =  1.2080434353E-02  9.9992673236E-01 -7.7007465591E-04
           DelSqRho = -4.3499550980E+05
           Bond Ellipticity = NA
           V = -1.0875906703E+05
           G =  5.0947915951E+00
           K =  1.0875397224E+05
           L =  1.0874887745E+05
           Vnuc =  5.7371122008E+06
           Ven = -6.7511017532E+08
           Vrep =  6.7500141625E+08
           DelSqV =  2.4951585133E+09
           DelSqVen =  2.4956179579E+12
           DelSqVrep = -2.4931227994E+12
           DelSqG =  1.3402475332E+08
           DelSqK = -2.6291832667E+09
           Stress_EigVals = -3.6253285107E+04 -3.6253160994E+04 -3.6252620933E+04
           Stress_EigVec1 =  7.5151723397E-03  9.9997146786E-01 -7.6528278034E-04
           Stress_EigVec2 = -4.8713863947E-03  8.0190564236E-04  9.9998781320E-01
           Stress_EigVec3 =  9.9995989509E-01 -7.5113527657E-03  4.8772738627E-03
           -DivStress = -6.1626740924E+00 -8.4939021079E+02  8.0868980841E-01
           ESP =  -1.4749910611E+01     ESP at Nucleus =  -1.4749910627E+01
           ESPe = -2.3254470203E+01     ESPe at Nucleus = -2.3254471137E+01
           ESPn =  8.5045595922E+00     ESPn at Nucleus =  8.5045605105E+00

CP# 9      Coords = -2.38391260247971E+00  4.65250784307549E+00  2.52653566812925E-02
           Type = (3,-3) NACP H9
           Rho =  4.2957885111E-01     Rho at Nucleus =  4.2592509939E-01
           GradRho =  9.8010276259E-11 -8.4997101202E-09 -3.3144434304E-11
           HessRho_EigVals = -6.5644499258E+00 -6.5575000223E+00 -5.9620603895E+00
           HessRho_EigVec1 =  1.3571341179E-02 -3.7426517964E-03  9.9990090072E-01
           HessRho_EigVec2 =  9.9984120230E-01  1.1601187312E-02 -1.3527107403E-02
           HessRho_EigVec3 = -1.1549410390E-02  9.9992569974E-01  3.8995011430E-03
           DelSqRho = -1.9084010338E+01
           Bond Ellipticity = NA
           V = -4.7800771822E+00
           G =  4.5372989116E-03
           K =  4.7755398833E+00
           L =  4.7710025844E+00
           Vnuc =  3.9987017276E+01
           Ven = -1.7177576941E+01
           Vrep =  1.2397499759E+01
           DelSqV =  7.1915443573E+02
           DelSqVen =  7.6311266526E+02
           DelSqVrep = -4.3958229536E+01
           DelSqG =  7.0997703792E+01
           DelSqK = -7.9015213952E+02
           Stress_EigVals = -1.6442716937E+00 -1.6434879297E+00 -1.4923175588E+00
           Stress_EigVec1 =  1.3587110289E-02 -3.7427503430E-03  9.9990068620E-01
           Stress_EigVec2 =  9.9984096814E-01  1.1602980927E-02 -1.3542867439E-02
           Stress_EigVec3 = -1.1551141019E-02  9.9992567856E-01  3.8998061080E-03
           -DivStress = -9.1184501796E-02  7.9078119549E+00  3.0837011447E-02
           ESP =  -1.1103252523E+00     ESP at Nucleus =  -1.1127991011E+00
           ESPe = -1.2163703244E+01     ESPe at Nucleus = -1.2076593042E+01
           ESPn =  1.1053377991E+01     ESPn at Nucleus =  1.0963793941E+01

CP# 10     Coords = -2.30224049981471E+00  2.30826478204019E+00  4.05030934989290E+00
           Type = (3,-3) NACP H10
           Rho =  4.2957248184E-01     Rho at Nucleus =  4.2591966846E-01
           GradRho =  5.4109904627E-16 -6.5190084620E-15 -1.2205105829E-14
           HessRho_EigVals = -6.5644054570E+00 -6.5574537073E+00 -5.9621143247E+00
           HessRho_EigVec1 = -1.6745833757E-02  8.6783084033E-01 -4.9657749609E-01
           HessRho_EigVec2 =  9.9984094159E-01  1.1485729662E-02 -1.3644395529E-02
           HessRho_EigVec3 =  6.1374723614E-03  4.9672699804E-01  8.6788514266E-01
           DelSqRho = -1.9083973489E+01
           Bond Ellipticity = NA
           V = -4.7800671902E+00
           G =  4.5369089935E-03
           K =  4.7755302812E+00
           L =  4.7709933722E+00
           Vnuc =  3.9992669140E+01
           Ven = -1.7179750138E+01
           Vrep =  1.2399682948E+01
           DelSqV =  7.1915779563E+02
           DelSqVen =  7.6321903762E+02
           DelSqVrep = -4.4061241992E+01
           DelSqG =  7.0998414582E+01
           DelSqK = -7.9015621021E+02
           Stress_EigVals = -1.6442598245E+00 -1.6434762818E+00 -1.4923310839E+00
           Stress_EigVec1 = -1.6885754981E-02  8.6782892517E-01 -4.9657610487E-01
           Stress_EigVec2 =  9.9983861590E-01  1.1609401046E-02 -1.3709994883E-02
           Stress_EigVec3 =  6.1329789723E-03  4.9672746899E-01  8.6788490488E-01
           -DivStress =  4.8631508542E-02  3.9277951092E+00  6.8626945419E+00
           ESP =  -1.1103423740E+00     ESP at Nucleus =  -1.1128151041E+00
           ESPe = -1.2165625999E+01     ESPe at Nucleus = -1.2078503018E+01
           ESPn =  1.1055283625E+01     ESPn at Nucleus =  1.0965687914E+01

CP# 11     Coords = -2.24771575342211E+00 -2.34989721563835E+00  4.03217659251367E+00
           Type = (3,-3) NACP H11
           Rho =  4.2958910948E-01     Rho at Nucleus =  4.2593584024E-01
           GradRho =  8.5703894746E-16  6.9741495460E-15 -1.0297920079E-14
           HessRho_EigVals = -6.5646141967E+00 -6.5576623554E+00 -5.9622682027E+00
           HessRho_EigVec1 = -3.6463671369E-03  8.6409244451E-01  5.0331992942E-01
           HessRho_EigVec2 =  9.9983704068E-01  1.2049336151E-02 -1.3442677324E-02
           HessRho_EigVec3 =  1.7680386930E-02 -5.0318889181E-01  8.6399556890E-01
           DelSqRho = -1.9084544755E+01
           Bond Ellipticity = NA
           V = -4.7802113992E+00
           G =  4.5376052655E-03
           K =  4.7756737940E+00
           L =  4.7711361887E+00
           Vnuc =  3.9998252452E+01
           Ven = -1.7182813651E+01
           Vrep =  1.2402602252E+01
           DelSqV =  7.1917688453E+02
           DelSqVen =  7.6334843903E+02
           DelSqVrep = -4.4171554497E+01
           DelSqG =  7.0999960187E+01
           DelSqK = -7.9017684472E+02
           Stress_EigVals = -1.6443126556E+00 -1.6435290090E+00 -1.4923697346E+00
           Stress_EigVec1 = -3.5404819970E-03  8.6409308656E-01  5.0331958312E-01
           Stress_EigVec2 =  9.9983750986E-01  1.1955320878E-02 -1.3491633631E-02
           Stress_EigVec3 =  1.7675374467E-02 -5.0319003176E-01  8.6399500755E-01
           -DivStress =  1.3990213496E-01 -3.9791884497E+00  6.8324587717E+00
           ESP =  -1.1103369918E+00     ESP at Nucleus =  -1.1128106648E+00
           ESPe = -1.2172599354E+01     ESPe at Nucleus = -1.2085485877E+01
           ESPn =  1.1062262362E+01     ESPn at Nucleus =  1.0972675212E+01

CP# 12     Coords = -2.27434684104008E+00 -4.66408521424674E+00 -1.09658141802074E-02
           Type = (3,-3) NACP H12
           Rho =  4.2958207719E-01     Rho at Nucleus =  4.2592851423E-01
           GradRho = -1.0183222826E-10  8.4898879057E-09  3.3111019540E-11
           HessRho_EigVals = -6.5645245812E+00 -6.5575753515E+00 -5.9621495129E+00
           HessRho_EigVec1 =  1.3556916483E-02 -3.7361053438E-03  9.9990112088E-01
           HessRho_EigVec2 =  9.9983640048E-01  1.2025902081E-02 -1.3511104507E-02
           HessRho_EigVec3 = -1.1974234061E-02  9.9992070645E-01  3.8985282690E-03
           DelSqRho = -1.9084249446E+01
           Bond Ellipticity = NA
           V = -4.7801368275E+00
           G =  4.5372330389E-03
           K =  4.7755995945E+00
           L =  4.7710623614E+00
           Vnuc =  4.0001672733E+01
           Ven = -1.7184001664E+01
           Vrep =  1.2403864836E+01
           DelSqV =  7.1916471915E+02
           DelSqVen =  7.6340191486E+02
           DelSqVrep = -4.4237195706E+01
           DelSqG =  7.0998944177E+01
           DelSqK = -7.9016366333E+02
           Stress_EigVals = -1.6442903561E+00 -1.6435065639E+00 -1.4923399075E+00
           Stress_EigVec1 =  1.3563713323E-02 -3.7361032613E-03  9.9990102871E-01
           Stress_EigVec2 =  9.9983635059E-01  1.2022396479E-02 -1.3517914600E-02
           Stress_EigVec3 = -1.1970702282E-02  9.9992074862E-01  3.8985601896E-03
           -DivStress =  9.4848423801E-02 -7.9076134121E+00 -3.0841951862E-02
           ESP =  -1.1103157687E+00     ESP at Nucleus =  -1.1127894245E+00
           ESPe = -1.2177410352E+01     ESPe at Nucleus = -1.2090338099E+01
           ESPn =  1.1067094583E+01     ESPn at Nucleus =  1.0977548675E+01

CP# 13     Coords = -2.35769832944763E+00 -2.31984894192209E+00 -4.03590754374845E+00
           Type = (3,-3) NACP H13
           Rho =  4.2958853580E-01     Rho at Nucleus =  4.2593502411E-01
           GradRho =  9.1928062249E-16  5.7391186981E-15  1.2266741895E-14
           HessRho_EigVals = -6.5645761105E+00 -6.5576232983E+00 -5.9622085458E+00
           HessRho_EigVec1 = -1.7224557365E-02  8.6781249045E-01 -4.9659318968E-01
           HessRho_EigVec2 =  9.9983331536E-01  1.1942149085E-02 -1.3810378997E-02
           HessRho_EigVec3 =  6.0544294855E-03  4.9674829289E-01  8.6787353767E-01
           DelSqRho = -1.9084407955E+01
           Bond Ellipticity = NA
           V = -4.7801776123E+00
           G =  4.5378118123E-03
           K =  4.7756398004E+00
           L =  4.7711019886E+00
           Vnuc =  3.9984442149E+01
           Ven = -1.7176857957E+01
           Vrep =  1.2396680345E+01
           DelSqV =  7.1917019449E+02
           DelSqVen =  7.6307940580E+02
           DelSqVrep = -4.3909211305E+01
           DelSqG =  7.0999053282E+01
           DelSqK = -7.9016924778E+02
           Stress_EigVals = -1.6443032246E+00 -1.6435195644E+00 -1.4923548233E+00
           Stress_EigVec1 = -1.7104098898E-02  8.6781331496E-01 -4.9659591236E-01
           Stress_EigVec2 =  9.9983535266E-01  1.1835067218E-02 -1.3754953813E-02
           Stress_EigVec3 =  6.0594860631E-03  4.9674941525E-01  8.6787285997E-01
           -DivStress = -4.7808794246E-02 -3.9283708680E+00 -6.8633300078E+00
           ESP =  -1.1103470131E+00     ESP at Nucleus =  -1.1128210062E+00
           ESPe = -1.2159875563E+01     ESPe at Nucleus = -1.2072724778E+01
           ESPn =  1.1049528550E+01     ESPn at Nucleus =  1.0959903772E+01

CP# 14     Coords = -2.41253402589949E+00  2.33830969860988E+00 -4.01792661616606E+00
           Type = (3,-3) NACP H14
           Rho =  4.2956977309E-01     Rho at Nucleus =  4.2591669975E-01
           GradRho =  3.8680606569E-17 -7.0274231670E-15  1.2049347865E-14
           HessRho_EigVals = -6.5643367419E+00 -6.5573846026E+00 -5.9620240697E+00
           HessRho_EigVec1 = -3.1822327267E-03  8.6410531742E-01  5.0330097736E-01
           HessRho_EigVec2 =  9.9983736101E-01  1.1683932694E-02 -1.3738167635E-02
           HessRho_EigVec3 =  1.7751758450E-02 -5.0317540294E-01  8.6400196119E-01
           DelSqRho = -1.9083745414E+01
           Bond Ellipticity = NA
           V = -4.7800103329E+00
           G =  4.5369896938E-03
           K =  4.7754733432E+00
           L =  4.7709363536E+00
           Vnuc =  3.9978927368E+01
           Ven = -1.7173738758E+01
           Vrep =  1.2393728425E+01
           DelSqV =  7.1914760951E+02
           DelSqVen =  7.6294767183E+02
           DelSqVrep = -4.3800062326E+01
           DelSqG =  7.0997177372E+01
           DelSqK = -7.9014478688E+02
           Stress_EigVals = -1.6442427016E+00 -1.6434592469E+00 -1.4923083845E+00
           Stress_EigVec1 = -3.3459924540E-03  8.6410293382E-01  5.0330400763E-01
           Stress_EigVec2 =  9.9983672769E-01  1.1828270834E-02 -1.3660525805E-02
           Stress_EigVec3 =  1.7757316540E-02 -5.0317612401E-01  8.6400142704E-01
           -DivStress = -1.4030362149E-01  3.9789044586E+00 -6.8321942862E+00
           ESP =  -1.1103457063E+00     ESP at Nucleus =  -1.1128187057E+00
           ESPe = -1.2153104117E+01     ESPe at Nucleus = -1.2065945440E+01
           ESPn =  1.1042758410E+01     ESPn at Nucleus =  1.0953126734E+01

CP# 15     Coords =  6.09150733002796E+00 -2.30698094186306E+00  1.69868809259162E+00
           Type = (3,-3) NACP H15
           Rho =  4.2600013784E-01     Rho at Nucleus =  4.2232677581E-01
           GradRho =  2.2173692021E-16  8.1529832849E-15 -1.1023666193E-14
           HessRho_EigVals = -6.4870842347E+00 -6.4806289832E+00 -5.8882310502E+00
           HessRho_EigVec1 =  6.7289337976E-03  8.5085339928E-01  5.2536008070E-01
           HessRho_EigVec2 =  9.9992789799E-01 -1.0950580817E-02  4.9278397408E-03
           HessRho_EigVec3 = -9.9458672160E-03 -5.2528904207E-01  8.5086573677E-01
           DelSqRho = -1.8855944268E+01
           Bond Ellipticity = NA
           V = -4.7230005974E+00
           G =  4.5072652024E-03
           K =  4.7184933322E+00
           L =  4.7139860670E+00
           Vnuc =  3.8352351728E+01
           Ven = -1.6338107123E+01
           Vrep =  1.1615106525E+01
           DelSqV =  7.1006149110E+02
           DelSqVen =  7.2316980673E+02
           DelSqVrep = -1.3108315631E+01
           DelSqG =  6.9884874312E+01
           DelSqK = -7.7994636541E+02
           Stress_EigVals = -1.6250275105E+00 -1.6243238820E+00 -1.4736492049E+00
           Stress_EigVec1 =  2.8151500145E-03  8.4994121879E-01  5.2687000250E-01
           Stress_EigVec2 =  9.9994711992E-01 -7.6039277393E-03  6.9237011859E-03
           Stress_EigVec3 = -9.8910204515E-03 -5.2682265032E-01  8.4991768003E-01
           -DivStress = -7.8706953434E-02 -4.1414844504E+00  6.7066689001E+00
           ESP =  -1.1154099593E+00     ESP at Nucleus =  -1.1178494782E+00
           ESPe = -1.0784311988E+01     ESPe at Nucleus = -1.0717016078E+01
           ESPn =  9.6689020285E+00     ESPn at Nucleus =  9.5991666003E+00

CP# 16     Coords =  6.10821850357316E+00 -2.30988694701370E+00 -1.73243580013330E+00
           Type = (3,-3) NACP H16
           Rho =  4.2599603703E-01     Rho at Nucleus =  4.2232272431E-01
           GradRho =  2.0560121785E-15  6.3017647207E-15  1.1957073367E-14
           HessRho_EigVals = -6.4870059850E+00 -6.4805504087E+00 -5.8881616780E+00
           HessRho_EigVec1 =  1.1866381036E-02  8.4996233675E-01 -5.2670980160E-01
           HessRho_EigVec2 =  9.9992822350E-01 -1.0958153924E-02  4.8442447537E-03
           HessRho_EigVec3 =  1.6543414886E-03  5.2672947987E-01  8.5003136306E-01
           DelSqRho = -1.8855718072E+01
           Bond Ellipticity = NA
           V = -4.7229440130E+00
           G =  4.5072475385E-03
           K =  4.7184367655E+00
           L =  4.7139295179E+00
           Vnuc =  3.8337926403E+01
           Ven = -1.6331804715E+01
           Vrep =  1.1608860702E+01
           DelSqV =  7.1005286831E+02
           DelSqVen =  7.2288913170E+02
           DelSqVrep = -1.2836263386E+01
           DelSqG =  6.9883819088E+01
           DelSqK = -7.7993668740E+02
           Stress_EigVals = -1.6250079248E+00 -1.6243041998E+00 -1.4736318885E+00
