AIMSum (Version 19.02.13, Professional)
Copyright (c) 1997-2019 by Todd A. Keith
AIMSum is a component of the AIMAll package ( http://aim.tkgristmill.com )

TP:  64-bit Linux

Much of the Quantum Theory of Atoms in Molecules (QTAIM) is described in the book:
  "Atoms in Molecules - A Quantum Theory"
  R.F.W. Bader, Oxford University Press, Oxford, 1990

For additional references see:  http://aim.tkgristmill.com/references.html

Wfn File:  /home/mhennefarth/Documents/ML_Diels/summary-hayden2009/10-opt/10-opt.wfn
Sum File:  /home/mhennefarth/Documents/ML_Diels/summary-hayden2009/10-opt/10-opt.sum

SumViz File:  /home/mhennefarth/Documents/ML_Diels/summary-hayden2009/10-opt/10-opt.sumviz

Wfn Title:   Title Card Required                                                           
 
Total memory allocated for AIMSum =        2.145 Megabytes

Atomic units (a.u.) used throughout, except where stated otherwise

Model:  Restricted SCF
 
Restricted, closed-shell, single-determinant wavefunction.
  Number of electrons (from MO Occs)                   =         136.0000000000
  Number of Alpha electrons (from MO Occs)             =          68.0000000000
  Number of Beta electrons (from MO Occs)              =          68.0000000000
  Number of electron pairs (N*(N-1)/2)                 =        9180.0000000000
  Number of electron pairs (from Muller 2EDM)          =        9180.0000000000
 
Nuclear Charges and Cartesian Coordinates:
-------------------------------------------------------------------------------
Atom      Charge                X                  Y                  Z
-------------------------------------------------------------------------------
C1         6.0           9.1348108000E-01  -2.6573329300E+00  -1.1002285400E+00
C2         6.0          -1.3744528500E+00  -1.3719887200E+00  -6.3530048000E-01
C3         6.0          -1.3744402400E+00   1.3724278900E+00  -6.3443590000E-01
C4         6.0           9.1350027000E-01   2.6580420900E+00  -1.0985899700E+00
C5         6.0           3.1635825000E+00   1.3722047900E+00  -1.5549542700E+00
C6         6.0           3.1635804800E+00  -1.3712358300E+00  -1.5557817800E+00
C7         6.0           5.4983682500E+00  -2.6629126200E+00  -2.0308470900E+00
C8         6.0           7.6805813800E+00  -1.3517889100E+00  -2.4742052800E+00
C9         6.0           7.6805726000E+00   1.3533218000E+00  -2.4734286600E+00
C10        6.0           5.4983576500E+00   2.6641717700E+00  -2.0292848600E+00
C11        6.0           1.0307481600E+01   1.2560546000E+00   4.7548578500E+00
C12        6.0           1.0304178690E+01  -1.2593879700E+00   4.7546999200E+00
C13        6.0          -3.6619267800E+00   2.6577476300E+00  -1.6899115000E-01
C14        6.0          -5.9121285300E+00   1.3716954100E+00   2.8857795000E-01
C15        6.0          -5.9121442000E+00  -1.3717880300E+00   2.8769497000E-01
C16        6.0          -3.6619580400E+00  -2.6575755800E+00  -1.7068627000E-01
C17        6.0          -8.2462643400E+00  -2.6634684200E+00   7.6275344000E-01
C18        6.0          -1.0427035860E+01  -1.3521691000E+00   1.2074667100E+00
C19        6.0          -1.0427019110E+01   1.3515426800E+00   1.2083410200E+00
C20        6.0          -8.2462296300E+00   2.6631000900E+00   7.6447375000E-01
H21        1.0           9.1320261000E-01  -4.7137460200E+00  -1.1005050100E+00
H22        1.0           9.1323546000E-01   4.7144456200E+00  -1.0976091300E+00
H23        1.0           5.4926369700E+00  -4.7180606200E+00  -2.0364339900E+00
H24        1.0           9.4346087800E+00  -2.3555740800E+00  -2.8369485800E+00
H25        1.0           9.4345870500E+00   2.3573217800E+00  -2.8356441500E+00
H26        1.0           5.4926097400E+00   4.7193221300E+00  -2.0336692100E+00
H27        1.0          -3.6615221200E+00   4.7141572600E+00  -1.6805925000E-01
H28        1.0          -3.6615807000E+00  -4.7139855000E+00  -1.7106136000E-01
H29        1.0           9.3038807400E+00   2.3305295800E+00   3.3195775200E+00
H30        1.0           1.1306662800E+01   2.3419538900E+00   6.1858592500E+00
H31        1.0           1.1300506710E+01  -2.3480726400E+00   6.1855758100E+00
H32        1.0           9.2977714700E+00  -2.3310511100E+00   3.3192807000E+00
H33        1.0          -8.2419745400E+00  -4.7185410500E+00   7.6145255000E-01
H34        1.0          -1.2181626750E+01  -2.3573342400E+00   1.5646880300E+00
H35        1.0          -1.2181597720E+01   2.3564981000E+00   1.5662115100E+00
H36        1.0          -8.2419100000E+00   4.7181728900E+00   7.6449715000E-01
 
Some Atomic Properties:
----------------------
  q(A) = Net Charge of Atom A
  L(A) = Lagrangian of Atom A = -(1/4) Times Atomic Integral of the Laplacian of the Electron Density
  K(A) = Electronic Kinetic Energy of Atom A (Hamiltonian Form)
  K_Scaled(A) = K(A) * E(Mol)/K(Mol) = Approximation to Virial-Based Total Energy of Atom A.
  |Mu_Intra(A)| = Magnitude of Intraatomic Dipole Moment of Atom A
--------------------------------------------------------------------------------------------------
Atom A          q(A)              L(A)              K(A)          K_Scaled(A)      |Mu_Intra(A)|
--------------------------------------------------------------------------------------------------
C1       -4.8014348100E-02 -1.8994118285E-05  3.7748661008E+01 -3.8122045093E+01  1.0898663023E-01
C2        1.0177747900E-02  1.3114125358E-04  3.7737096273E+01 -3.8110365968E+01  9.3225104036E-03
C3        1.0039544800E-02 -3.8231253747E-06  3.7737061158E+01 -3.8110330506E+01  9.9552265328E-03
C4       -4.7930556100E-02  6.3413776105E-05  3.7748682351E+01 -3.8122066647E+01  1.0879743501E-01
C5        8.5392149000E-03  5.5302413954E-05  3.7735390376E+01 -3.8108643197E+01  1.2741561112E-02
C6        8.3961165000E-03 -1.2457911967E-04  3.7735340345E+01 -3.8108592671E+01  1.3094941514E-02
C7       -4.1979074400E-02  2.3134018372E-08  3.7733875661E+01 -3.8107113500E+01  1.1199170614E-01
C8       -3.9544399400E-02  5.4577877143E-05  3.7722227208E+01 -3.8095349829E+01  1.1673226180E-01
C9       -3.9598941500E-02 -3.6364495782E-05  3.7722205047E+01 -3.8095327449E+01  1.1667949353E-01
C10      -4.1883575000E-02  9.4820790753E-05  3.7733899978E+01 -3.8107138058E+01  1.1183251661E-01
C11      -8.2621637100E-02 -3.1981355817E-04  3.7695325107E+01 -3.8068181631E+01  9.3260901118E-02
C12      -8.2285452100E-02  5.2008837326E-05  3.7695418318E+01 -3.8068275763E+01  9.3626855676E-02
C13      -4.8303927600E-02  8.1361206303E-05  3.7748804204E+01 -3.8122189706E+01  1.0870925444E-01
C14       8.2713508000E-03  3.0963902077E-05  3.7735574778E+01 -3.8108829424E+01  1.3281809006E-02
C15       8.1320260000E-03 -1.2771780710E-04  3.7735535592E+01 -3.8108789850E+01  1.3549441566E-02
C16      -4.8430150800E-02 -5.6900477929E-05  3.7748771541E+01 -3.8122156720E+01  1.0901231733E-01
C17      -3.9365263900E-02  2.5735118316E-05  3.7734047274E+01 -3.8107286811E+01  1.1106672468E-01
C18      -3.6670861300E-02  4.9033362172E-05  3.7722096307E+01 -3.8095217633E+01  1.1353998580E-01
C19      -3.6740669200E-02 -5.2983578183E-05  3.7722070728E+01 -3.8095191800E+01  1.1350921399E-01
C20      -3.9307803900E-02  8.3374720269E-05  3.7734060216E+01 -3.8107299881E+01  1.1098625576E-01
H21       3.5510555020E-02  2.7847894657E-05  5.9920848731E-01 -6.0513545020E-01  1.5467316047E-01
H22       3.5510598110E-02  2.5412410351E-05  5.9920868916E-01 -6.0513565406E-01  1.5468228973E-01
H23       3.8673027240E-02  2.6027329272E-05  5.9867035986E-01 -6.0459199996E-01  1.5208260548E-01
H24       4.2403829170E-02  3.0202125592E-05  5.9822925843E-01 -6.0414653546E-01  1.4921260416E-01
H25       4.2394670610E-02  2.6415920467E-05  5.9822947214E-01 -6.0414675129E-01  1.4921691201E-01
H26       3.8672843770E-02  2.3468237307E-05  5.9866827240E-01 -6.0458989186E-01  1.5209189972E-01
H27       3.5406444240E-02  2.5536116840E-05  5.9924403055E-01 -6.0517134502E-01  1.5471857770E-01
H28       3.5405409120E-02  2.7722311775E-05  5.9924669586E-01 -6.0517403669E-01  1.5470937242E-01
H29       4.5057001840E-02  1.4589834534E-05  5.9340123940E-01 -5.9927076095E-01  1.4441313412E-01
H30       3.4644737010E-02  2.2491290391E-05  5.9764561241E-01 -6.0355711640E-01  1.4848050664E-01
H31       3.4644167900E-02  2.2036386260E-05  5.9764550203E-01 -6.0355700494E-01  1.4847799729E-01
H32       4.5094374390E-02  2.0479109657E-05  5.9339045737E-01 -5.9925987227E-01  1.4439943531E-01
H33       3.8065352500E-02  2.7122957320E-05  5.9896079945E-01 -6.0488531238E-01  1.5218421011E-01
H34       3.9989099690E-02  1.6906172782E-05  5.9921622315E-01 -6.0514326256E-01  1.4979424522E-01
H35       3.9988665130E-02  1.5391571480E-05  5.9921559871E-01 -6.0514263195E-01  1.4979747368E-01
H36       3.8065498970E-02  2.3977093816E-05  5.9895802204E-01 -6.0488250750E-01  1.5219318329E-01
--------------------------------------------------------------------------------------------------
Total     4.0561521000E-04  3.5620687402E-04  7.6419528219E+02 -7.7175418227E+02
 
1st Largest |L(A)| = 3.1981355817E-04, atom C11     
2nd Largest |L(A)| = 1.3114125358E-04, atom C2      
 
Molecular charge q(Mol) from the wfn file:   0.0000000000E+00
Molecular energy E(Mol) from the wfn file:  -7.7175417964E+02
Molecular virial ratio (-V(Mol)/T(Mol)) from the wfn file:   2.0098913200E+00
Note.  K_Scaled(A) = (1+V(Mol)/T(Mol))*K(A) = (E(Mol)/T(Mol))*K(A)
       Only use K_Scaled(A) data with caution.
 
N_AIMInt(SumA)     =        135.999594
N_Analytic(Mol)    =        135.999975
 
G_AIMInt(SumA)     =        764.194926
G_Analytic(Mol)    =        764.195215
 
K_AIMInt(SumA)     =        764.195282
K_Analytic(Mol)    =        764.195215
 
L_AIMInt(SumA)     =          0.000356
L_Analytic(Mol)    =          0.000000
 
VenT_AIMInt(SumA)  =      -4390.199147
VenT_Analytic(Mol) =      -4390.205759
 
Some Information About the Atomic Calculations:
----------------------------------------------
  Time(sec) = "Elapsed User Time", in Seconds, for Atom A by AIMInt and, if used, by TWOe
  NProc = Number of Processors Used for AIMInt Job
  BIM = Basin Integration Method
  OAQ = Angular Quadrature Outside of Beta Sphere
  ORQ = Multiple of Default for Radial Quadrature Outside of Beta Sphere
  IAQ = Multiple of Default for Angular Quadrature Inside of Beta Sphere
  IRQ = Multiple of Default for Radial Quadrature Inside of Beta Sphere
  MIR = Maximum Integration Radius
------------------------------------------------------------------------------------------------------
Atom A     Time(sec)   NProc      BIM          OAQ                     ORQ      IAQ      IRQ      MIR
------------------------------------------------------------------------------------------------------
C1             30        8     Proaim(5)    4500(GS4)                  1.00     1.00     1.00    13.00
C2             28        8     Proaim(5)    4500(GS4)                  1.00     1.00     1.00    13.00
C3             29        8     Proaim(5)    4500(GS4)                  1.00     1.00     1.00    13.00
C4             29        8     Proaim(5)    4500(GS4)                  1.00     1.00     1.00    13.00
C5             29        8     Proaim(5)    4500(GS4)                  1.00     1.00     1.00    13.00
C6             30        8     Proaim(5)    4500(GS4)                  1.00     1.00     1.00    13.00
C7             32        8     Proaim(5)    4500(GS4)                  1.00     1.00     1.00    13.00
C8             36        8     Proaim(5)    4500(GS4)                  1.00     1.00     1.00    13.00
C9             35        8     Proaim(5)    4500(GS4)                  1.00     1.00     1.00    13.00
C10            31        8     Proaim(5)    4500(GS4)                  1.00     1.00     1.00    13.00
C11            25        8     Proaim(5)    4500(GS4)                  1.00     1.00     1.00    13.00
C12            25        8     Proaim(5)    4500(GS4)                  1.00     1.00     1.00    13.00
C13            29        8     Proaim(5)    4500(GS4)                  1.00     1.00     1.00    13.00
C14            27        8     Proaim(5)    4500(GS4)                  1.00     1.00     1.00    13.00
C15            26        8     Proaim(5)    4500(GS4)                  1.00     1.00     1.00    13.00
C16            29        8     Proaim(5)    4500(GS4)                  1.00     1.00     1.00    13.00
C17            24        8     Proaim(5)    4500(GS4)                  1.00     1.00     1.00    13.00
C18            21        8     Proaim(5)    4500(GS4)                  1.00     1.00     1.00    13.00
C19            22        8     Proaim(5)    4500(GS4)                  1.00     1.00     1.00    13.00
C20            24        8     Proaim(5)    4500(GS4)                  1.00     1.00     1.00    13.00
H21            10        8     Proaim(5)    1800(GS4)                  1.00     1.00     1.00    13.00
H22            10        8     Proaim(5)    1800(GS4)                  1.00     1.00     1.00    13.00
H23             8        8     Proaim(5)    1800(GS4)                  1.00     1.00     1.00    13.00
H24             7        8     Proaim(5)    1800(GS4)                  1.00     1.00     1.00    13.00
H25             7        8     Proaim(5)    1800(GS4)                  1.00     1.00     1.00    13.00
H26             8        8     Proaim(5)    1800(GS4)                  1.00     1.00     1.00    13.00
H27            10        8     Proaim(5)    1800(GS4)                  1.00     1.00     1.00    13.00
H28            10        8     Proaim(5)    1800(GS4)                  1.00     1.00     1.00    13.00
H29            18        8     Proaim(5)    4500(GS4)                  1.00     1.00     1.00    13.00
H30             6        8     Proaim(5)    1800(GS4)                  1.00     1.00     1.00    13.00
H31             6        8     Proaim(5)    1800(GS4)                  1.00     1.00     1.00    13.00
H32            18        8     Proaim(5)    4500(GS4)                  1.00     1.00     1.00    13.00
H33             8        8     Proaim(5)    1800(GS4)                  1.00     1.00     1.00    13.00
H34             7        8     Proaim(5)    1800(GS4)                  1.00     1.00     1.00    13.00
H35             7        8     Proaim(5)    1800(GS4)                  1.00     1.00     1.00    13.00
H36             8        8     Proaim(5)    1800(GS4)                  1.00     1.00     1.00    13.00
------------------------------------------------------------------------------------------------------
Total         709
Note:  Total wall clock time is less than total of atomic times if more than one atom
       was calculated at a time
 
Electron Density Critical Point Analysis of Molecular Structure:               
---------------------------------------------------------------                
  NACP = Nuclear Attractor Critical Point                                      
  NNACP = Non-Nuclear Attractor Critical Point                                 
  BCP = Bond Critical Point                                                    
  RCP = Ring Critical Point                                                    
  CCP = Cage Critical Point                                                    
  Rho = Electron Density                                                       
  GradRho = Gradient of Electron Density                                       
  HessRho_EigVals = Eigenvalues of the Hessian of Rho, Ascending Order         
  HessRho_EigVecs = Eigenvectors of the Hessian of Rho                         
  DelSqRho = Laplacian of Rho = Trace of Hessian of Rho                        
  Bond Ellipticity = (HessRho_EigVal(1) / HessRho_EigVal(2)) - 1               
  V = Virial Field = Potential Energy Density = Trace of Stress Tensor         
  G = Lagrangian Form of Kinetic Energy Density                                
  K = Hamiltonian Form of Kinetic Energy Density                               
  L = K - G = Lagrangian Density = (-1/4)DelSqRho                              
  Vnuc = Electrostatic Potential from Nuclei                                   
  Ven = Electron-nuclear attractive contribution to Virial Field V             
  Vrep = V - Ven = Repulsive contribution to Virial Field V                    
  DelSqV = Laplacian of V                                                      
  DelSqVen = Laplacian of Ven                                                  
  DelSqVrep = Laplacian of Vrep                                                
  DelSqG = Laplacian of G                                                      
  DelSqK = Laplacian of K                                                      
  Stress_EigVals = Eigenvalues of Stress Tensor, Ascending Order               
  Stress_EigVecs = Eigenvectors of Stress Tensor                               
  -DivStress = Ehrenfest Force Density = Minus Divergence of Stress Tensor     
  ESP = Total Electrostatic Potential                                          
  ESPe = Electrostatic Potential from Electrons                                
  ESPn = Electrostatic Potential from Nuclei                                   
  BP = Bond Path                                                               
  BPL = Bond Path Length                                                       
  GBL = Geometric Bond Length                                                  
  GBL_I = Distance Between Nuclear Attractors                                  
  GBL_II = Distance Between Nuclei                                             
  GBL_III = Sum of Distances Between BCP and Nuclear Attractors                
  GBL_IV = Sum of Distances Between BCP and Nuclei                             

CP# 1      Coords =  9.13480858518181E-01 -2.65733290732073E+00 -1.10022849462977E+00
           Type = (3,-3) NACP C1
           Rho =  1.1767514500E+02     Rho at Nucleus =  1.1767514500E+02
           GradRho =  3.0320190803E-12 -6.2670424406E-12 -7.3128170186E-12
           HessRho_EigVals = -1.4500532248E+05 -1.4500445246E+05 -1.4500427744E+05
           HessRho_EigVec1 =  1.9866672547E-01 -7.3868368992E-04  9.8006682759E-01
           HessRho_EigVec2 = -1.6607528542E-01  9.8551262088E-01  3.4407465171E-02
           HessRho_EigVec3 =  9.6589364413E-01  1.6960049656E-01 -1.9566588820E-01
           DelSqRho = -4.3501405239E+05
           Bond Ellipticity = NA
           V = -1.0876389966E+05
           G =  5.1932822276E+00
           K =  1.0875870638E+05
           L =  1.0875351310E+05
           Vnuc =  2.6406639739E+07
           Ven = -3.1074051603E+09
           Vrep =  3.1072963964E+09
           DelSqV =  2.4952723591E+09
           DelSqVen =  1.1487334629E+13
           DelSqVrep = -1.1484839357E+13
           DelSqG =  1.3403518736E+08
           DelSqK = -2.6293075465E+09
           Stress_EigVals = -3.6254842000E+04 -3.6254789563E+04 -3.6254268098E+04
           Stress_EigVec1 =  9.4863685265E-01  2.5126774613E-01 -1.9223069880E-01
           Stress_EigVec2 = -2.4616307809E-01  9.6791749905E-01  5.0392995738E-02
           Stress_EigVec3 =  1.9872559168E-01 -4.8455235255E-04  9.8005505173E-01
           -DivStress =  1.7979361500E+02 -1.9437699727E+01 -3.6924304019E+01
           ESP =  -1.4737095239E+01     ESP at Nucleus =  -1.4737095239E+01
           ESPe = -3.5835230309E+01     ESPe at Nucleus = -3.5835230249E+01
           ESPn =  2.1098135070E+01     ESPn at Nucleus =  2.1098135010E+01

CP# 2      Coords = -1.37445283919858E+00 -1.37198827662648E+00 -6.35300483017169E-01
           Type = (3,-3) NACP C2
           Rho =  1.1764346045E+02     Rho at Nucleus =  1.1764346043E+02
           GradRho =  1.2576679281E-11  1.4592931030E-11  3.5804510398E-12
           HessRho_EigVals = -1.4495813122E+05 -1.4495701988E+05 -1.4495685826E+05
           HessRho_EigVec1 =  1.9893480197E-01 -1.8587530365E-04  9.8001270911E-01
           HessRho_EigVec2 = -7.6063456331E-03  9.9996956845E-01  1.7336882406E-03
           HessRho_EigVec3 =  9.7998320806E-01  7.7992063171E-03 -1.9892733424E-01
           DelSqRho = -4.3487200937E+05
           Bond Ellipticity = NA
           V = -1.0872840634E+05
           G =  5.2020012638E+00
           K =  1.0872320434E+05
           L =  1.0871800234E+05
           Vnuc =  1.3528303439E+07
           Ven = -1.5915164306E+09
           Vrep =  1.5914077022E+09
           DelSqV =  2.4944520015E+09
           DelSqVen =  5.8830796882E+12
           DelSqVrep = -5.8805862848E+12
           DelSqG =  1.3398300872E+08
           DelSqK = -2.6284350102E+09
           Stress_EigVals = -3.6243038207E+04 -3.6242953326E+04 -3.6242414811E+04
           Stress_EigVec1 =  9.7998312259E-01  4.6272274565E-03 -1.9902680272E-01
           Stress_EigVec2 = -4.4919786732E-03  9.9998927134E-01  1.1310764313E-03
           Stress_EigVec3 =  1.9902990118E-01 -2.1441165985E-04  9.7999339409E-01
           -DivStress = -8.7841803354E+00 -3.5839722241E+02  2.3561139250E+00
           ESP =  -1.4728216380E+01     ESP at Nucleus =  -1.4728216381E+01
           ESPe = -3.7379312821E+01     ESPe at Nucleus = -3.7379312504E+01
           ESPn =  2.2651096441E+01     ESPn at Nucleus =  2.2651096123E+01

CP# 3      Coords = -1.37444022920440E+00  1.37242744662298E+00 -6.34435903295047E-01
           Type = (3,-3) NACP C3
           Rho =  1.1764345931E+02     Rho at Nucleus =  1.1764345929E+02
           GradRho =  6.9113777201E-12 -3.1275960988E-11  4.7106806303E-12
           HessRho_EigVals = -1.4495813047E+05 -1.4495701913E+05 -1.4495685751E+05
           HessRho_EigVec1 =  1.9894254842E-01 -4.2720426025E-04  9.8001106112E-01
           HessRho_EigVec2 =  7.5987463133E-03  9.9997051676E-01 -1.1066429089E-03
           HessRho_EigVec3 =  9.7998169446E-01 -7.6670137983E-03 -1.9893992917E-01
           DelSqRho = -4.3487200711E+05
           Bond Ellipticity = NA
           V = -1.0872840578E+05
           G =  5.2020016213E+00
           K =  1.0872320378E+05
           L =  1.0871800178E+05
           Vnuc =  1.3528140889E+07
           Ven = -1.5914972921E+09
           Vrep =  1.5913885637E+09
           DelSqV =  2.4944519881E+09
           DelSqVen =  5.8830010450E+12
           DelSqVrep = -5.8805065930E+12
           DelSqG =  1.3398300863E+08
           DelSqK = -2.6284349968E+09
           Stress_EigVals = -3.6243038019E+04 -3.6242953138E+04 -3.6242414625E+04
           Stress_EigVec1 =  9.7998122543E-01 -4.5082162631E-03 -1.9903887509E-01
           Stress_EigVec2 =  4.4978486714E-03  9.9998975750E-01 -5.0423734952E-04
           Stress_EigVec3 =  1.9903910965E-01 -4.0110360422E-04  9.7999146524E-01
           -DivStress = -8.7794856186E+00  3.5840011038E+02  2.5806164152E+00
           ESP =  -1.4728216236E+01     ESP at Nucleus =  -1.4728216237E+01
           ESPe = -3.7379300281E+01     ESPe at Nucleus = -3.7379299964E+01
           ESPn =  2.2651084045E+01     ESPn at Nucleus =  2.2651083726E+01

CP# 4      Coords =  9.13500048482253E-01  2.65804206719203E+00 -1.09858992462665E+00
           Type = (3,-3) NACP C4
           Rho =  1.1767514674E+02     Rho at Nucleus =  1.1767514674E+02
           GradRho = -1.9214629887E-12 -1.7830126264E-11  8.2024109727E-12
           HessRho_EigVals = -1.4500532546E+05 -1.4500445539E+05 -1.4500428039E+05
           HessRho_EigVec1 =  1.9867536597E-01  1.3698015320E-04  9.8006534486E-01
           HessRho_EigVec2 =  1.6609305793E-01  9.8553038838E-01 -3.3807538800E-02
           HessRho_EigVec3 =  9.6588881092E-01 -1.6949877524E-01 -1.9577785914E-01
           DelSqRho = -4.3501406124E+05
           Bond Ellipticity = NA
           V = -1.0876390188E+05
           G =  5.1932851347E+00
           K =  1.0875870859E+05
           L =  1.0875351531E+05
           Vnuc =  2.6401001361E+07
           Ven = -3.1067417094E+09
           Vrep =  3.1066329455E+09
           DelSqV =  2.4952724146E+09
           DelSqVen =  1.1484818047E+13
           DelSqVrep = -1.1482305997E+13
           DelSqG =  1.3403519083E+08
           DelSqK = -2.6293076055E+09
           Stress_EigVals = -3.6254842741E+04 -3.6254790310E+04 -3.6254268829E+04
           Stress_EigVec1 =  9.4862112210E-01 -2.5120409980E-01 -1.9239144198E-01
           Stress_EigVec2 =  2.4621592935E-01  9.6793413335E-01 -4.9811942551E-02
           Stress_EigVec3 =  1.9873520784E-01 -1.1717684816E-04  9.8005321459E-01
           -DivStress =  1.7982262928E+02  1.9542114951E+01 -3.6926696717E+01
           ESP =  -1.4737095300E+01     ESP at Nucleus =  -1.4737095301E+01
           ESPe = -3.5835194410E+01     ESPe at Nucleus = -3.5835194350E+01
           ESPn =  2.1098099110E+01     ESPn at Nucleus =  2.1098099049E+01

CP# 5      Coords =  3.16358296266488E+00  1.37220438088712E+00 -1.55495435925739E+00
           Type = (3,-3) NACP C5
           Rho =  1.1764160230E+02     Rho at Nucleus =  1.1764160228E+02
           GradRho =  3.1511515619E-11 -4.8406501030E-11 -1.9493899550E-11
           HessRho_EigVals = -1.4495482497E+05 -1.4495373859E+05 -1.4495355335E+05
           HessRho_EigVec1 =  1.9983021704E-01  5.2951410311E-04  9.7983039551E-01
           HessRho_EigVec2 =  2.4955723817E-01  9.6699397812E-01 -5.1418198748E-02
           HessRho_EigVec3 =  9.4751731870E-01 -2.5479867720E-01 -1.9310247244E-01
           DelSqRho = -4.3486211691E+05
           Bond Ellipticity = NA
           V = -1.0872592584E+05
           G =  5.1983050581E+00
           K =  1.0872072753E+05
           L =  1.0871552923E+05
           Vnuc =  9.6151224765E+06
           Ven = -1.1311384145E+09
           Vrep =  1.1310296886E+09
           DelSqV =  2.4943942759E+09
           DelSqVen =  4.1812539474E+12
           DelSqVrep = -4.1787590288E+12
           DelSqG =  1.3397896594E+08
           DelSqK = -2.6283732418E+09
           Stress_EigVals = -3.6242213939E+04 -3.6242120327E+04 -3.6241591573E+04
           Stress_EigVec1 =  9.4716354678E-01 -2.5646286633E-01 -1.9263440465E-01
           Stress_EigVec2 =  2.5127590726E-01  9.6655406308E-01 -5.1319212462E-02
           Stress_EigVec3 =  1.9935303883E-01  2.0330249488E-04  9.7992771396E-01
           -DivStress = -3.7657185436E+02  3.3024790047E+02  7.2519903226E+01
           ESP =  -1.4728212308E+01     ESP at Nucleus =  -1.4728212311E+01
           ESPe = -3.6794307307E+01     ESPe at Nucleus = -3.6794307211E+01
           ESPn =  2.2066094999E+01     ESPn at Nucleus =  2.2066094900E+01

CP# 6      Coords =  3.16358094265878E+00 -1.37123542082659E+00 -1.55578186899924E+00
           Type = (3,-3) NACP C6
           Rho =  1.1764160126E+02     Rho at Nucleus =  1.1764160123E+02
           GradRho =  4.6804116138E-11  3.1795011068E-11  4.8345979997E-12
           HessRho_EigVals = -1.4495482362E+05 -1.4495373722E+05 -1.4495355199E+05
           HessRho_EigVec1 =  1.9982395073E-01 -1.1223448116E-03  9.7983117375E-01
           HessRho_EigVec2 = -2.4957481784E-01  9.6695805112E-01  5.2005169688E-02
           HessRho_EigVec3 =  9.4751400993E-01  2.5493306517E-01 -1.9294126896E-01
           DelSqRho = -4.3486211283E+05
           Bond Ellipticity = NA
           V = -1.0872592481E+05
           G =  5.1983008326E+00
           K =  1.0872072651E+05
           L =  1.0871552821E+05
           Vnuc =  9.6151487605E+06
           Ven = -1.1311414966E+09
           Vrep =  1.1310327706E+09
           DelSqV =  2.4943942479E+09
           DelSqVen =  4.1812665303E+12
           DelSqVrep = -4.1787721361E+12
           DelSqG =  1.3397896461E+08
           DelSqK = -2.6283732125E+09
           Stress_EigVals = -3.6242213597E+04 -3.6242119985E+04 -3.6241591227E+04
           Stress_EigVec1 =  9.4716673569E-01  2.5657496570E-01 -1.9246937883E-01
           Stress_EigVec2 = -2.5127237011E-01  9.6652400633E-01  5.1899337286E-02
           Stress_EigVec3 =  1.9934234581E-01 -7.9508888958E-04  9.7992958778E-01
           -DivStress = -3.7656676111E+02 -3.3029711214E+02  7.2312056584E+01
           ESP =  -1.4728211576E+01     ESP at Nucleus =  -1.4728211579E+01
           ESPe = -3.6794334787E+01     ESPe at Nucleus = -3.6794334691E+01
           ESPn =  2.2066123211E+01     ESPn at Nucleus =  2.2066123112E+01

CP# 7      Coords =  5.49836769902489E+00 -2.66291264462437E+00 -2.03084693876954E+00
           Type = (3,-3) NACP C7
           Rho =  1.1766630324E+02     Rho at Nucleus =  1.1766630321E+02
           GradRho = -2.0686855007E-11 -2.1008444984E-11  1.0758534688E-11
           HessRho_EigVals = -1.4498971063E+05 -1.4498879956E+05 -1.4498851455E+05
           HessRho_EigVec1 =  2.0273174632E-01 -2.8210836130E-03  9.7923024898E-01
           HessRho_EigVec2 = -5.2063482146E-01  8.4663415165E-01  1.1022702004E-01
           HessRho_EigVec3 =  8.2936073076E-01  5.3216788211E-01 -1.7017086569E-01
           DelSqRho = -4.3496702473E+05
           Bond Ellipticity = NA
           V = -1.0875209883E+05
           G =  5.1713236643E+00
           K =  1.0874692751E+05
           L =  1.0874175618E+05
           Vnuc =  1.0491669130E+07
           Ven = -1.2345159214E+09
           Vrep =  1.2344071693E+09
           DelSqV =  2.4949979859E+09
           DelSqVen =  4.5635275325E+12
           DelSqVrep = -4.5610325346E+12
           DelSqG =  1.3401590882E+08
           DelSqK = -2.6290138947E+09
           Stress_EigVals = -3.6250943653E+04 -3.6250834366E+04 -3.6250320811E+04
           Stress_EigVec1 =  7.6081272118E-01  6.3026544074E-01 -1.5469155602E-01
           Stress_EigVec2 =  6.1702892441E-01 -7.7637624433E-01 -1.2851160912E-01
           Stress_EigVec3 =  2.0109527526E-01 -2.3241026118E-03  9.7956893010E-01
           -DivStress =  4.4257342651E+02  1.6992156509E+01 -1.2137660805E+02
           ESP =  -1.4735749113E+01     ESP at Nucleus =  -1.4735749116E+01
           ESPe = -3.4042708474E+01     ESPe at Nucleus = -3.4042708110E+01
           ESPn =  1.9306959361E+01     ESPn at Nucleus =  1.9306958993E+01

CP# 8      Coords =  7.68058182063938E+00 -1.35178820314891E+00 -2.47420527739898E+00
           Type = (3,-3) NACP C8
           Rho =  1.1766023129E+02     Rho at Nucleus =  1.1766023124E+02
           GradRho =  4.3126273386E-11  1.1144274392E-10  2.4214182742E-11
           HessRho_EigVals = -1.4498164927E+05 -1.4498062919E+05 -1.4498044618E+05
           HessRho_EigVec1 =  1.9802917217E-01 -2.9694763411E-03  9.8019162881E-01
           HessRho_EigVec2 = -3.7229301693E-01  9.2483043425E-01  7.8016520233E-02
           HessRho_EigVec3 =  9.0674271793E-01  3.8036804558E-01 -1.8203788998E-01
           DelSqRho = -4.3494272464E+05
           Bond Ellipticity = NA
           V = -1.0874599671E+05
           G =  5.1577731512E+00
           K =  1.0874083893E+05
           L =  1.0873568116E+05
           Vnuc =  7.2033182348E+06
           Ven = -8.4754408958E+08
           Vrep =  8.4743534359E+08
           DelSqV =  2.4948582546E+09
           DelSqVen =  3.1330302689E+12
           DelSqVrep = -3.1305354107E+12
           DelSqG =  1.3400773617E+08
           DelSqK = -2.6288659907E+09
           Stress_EigVals = -3.6248902447E+04 -3.6248817380E+04 -3.6248276878E+04
           Stress_EigVec1 =  9.4888434847E-01  2.4994205579E-01 -1.9273676861E-01
           Stress_EigVec2 = -2.4448422967E-01  9.6825826135E-01  5.1994237899E-02
           Stress_EigVec3 =  1.9961451519E-01 -2.2154181499E-03  9.7987200044E-01
           -DivStress = -3.5572420386E+02 -5.7767476012E+02 -2.7280038279E+00
           ESP =  -1.4735103572E+01     ESP at Nucleus =  -1.4735103577E+01
           ESPe = -3.2891660210E+01     ESPe at Nucleus = -3.2891660431E+01
           ESPn =  1.8156556638E+01     ESPn at Nucleus =  1.8156556854E+01

CP# 9      Coords =  7.68057304080593E+00  1.35332109317828E+00 -2.47342865793282E+00
           Type = (3,-3) NACP C9
           Rho =  1.1766022355E+02     Rho at Nucleus =  1.1766022350E+02
           GradRho =  1.2894380702E-10 -1.1571743563E-10 -2.4819818076E-11
           HessRho_EigVals = -1.4498163610E+05 -1.4498061611E+05 -1.4498043308E+05
           HessRho_EigVec1 =  1.9805564605E-01  2.4135840068E-03  9.8018780633E-01
           HessRho_EigVec2 =  3.7237867186E-01  9.2483772615E-01 -7.7519707433E-02
           HessRho_EigVec3 =  9.0670176233E-01 -3.8035424923E-01 -1.8227056614E-01
           DelSqRho = -4.3494268528E+05
           Bond Ellipticity = NA
           V = -1.0874598687E+05
           G =  5.1577757729E+00
           K =  1.0874082910E+05
           L =  1.0873567132E+05
           Vnuc =  7.2027847045E+06
           Ven = -8.4748125852E+08
           Vrep =  8.4737251254E+08
           DelSqV =  2.4948580156E+09
           DelSqVen =  3.1327990579E+12
           DelSqVrep = -3.1303041999E+12
           DelSqG =  1.3400772070E+08
           DelSqK = -2.6288657363E+09
           Stress_EigVals = -3.6248899166E+04 -3.6248814093E+04 -3.6248273613E+04
           Stress_EigVec1 =  9.4886578926E-01 -2.4988770122E-01 -1.9289855043E-01
           Stress_EigVec2 =  2.4453739295E-01  9.6827340691E-01 -5.1459429930E-02
           Stress_EigVec3 =  1.9963761526E-01  1.6571839697E-03  9.7986839745E-01
           -DivStress = -3.5585881635E+02  5.7765114911E+02 -2.2913130677E+00
           ESP =  -1.4735104155E+01     ESP at Nucleus =  -1.4735104159E+01
           ESPe = -3.2891624250E+01     ESPe at Nucleus = -3.2891624471E+01
           ESPn =  1.8156520095E+01     ESPn at Nucleus =  1.8156520312E+01

CP# 10     Coords =  5.49835709899403E+00  2.66417179454411E+00 -2.02928470890198E+00
           Type = (3,-3) NACP C10
           Rho =  1.1766629860E+02     Rho at Nucleus =  1.1766629858E+02
           GradRho =  1.7233228733E-11 -4.1797398875E-12  1.4025672984E-11
           HessRho_EigVals = -1.4498970071E+05 -1.4498878957E+05 -1.4498850455E+05
           HessRho_EigVec1 =  2.0275303136E-01  2.2519341504E-03  9.7922731634E-01
           HessRho_EigVec2 =  5.2062408251E-01  8.4670343400E-01 -1.0974451949E-01
           HessRho_EigVec3 =  8.2936226885E-01 -5.3206035714E-01 -1.7049927676E-01
           DelSqRho = -4.3496699483E+05
           Bond Ellipticity = NA
           V = -1.0875209134E+05
           G =  5.1713168909E+00
           K =  1.0874692003E+05
           L =  1.0874174871E+05
           Vnuc =  1.0491829250E+07
           Ven = -1.2345347134E+09
           Vrep =  1.2344259613E+09
           DelSqV =  2.4949978044E+09
           DelSqVen =  4.5635998843E+12
           DelSqVrep = -4.5611048865E+12
           DelSqG =  1.3401589555E+08
           DelSqK = -2.6290136999E+09
           Stress_EigVals = -3.6250941164E+04 -3.6250831875E+04 -3.6250318303E+04
           Stress_EigVec1 = -7.6081650700E-01  6.3016754091E-01  1.5507131604E-01
           Stress_EigVec2 =  6.1701944590E-01  7.7645720757E-01 -1.2806720184E-01
           Stress_EigVec3 =  2.0111003468E-01  1.7536236662E-03  9.7956708742E-01
           -DivStress =  4.4259822442E+02 -1.6927550429E+01 -1.2126801623E+02
           ESP =  -1.4735748905E+01     ESP at Nucleus =  -1.4735748909E+01
           ESPe = -3.4042632417E+01     ESPe at Nucleus = -3.4042632053E+01
           ESPn =  1.9306883512E+01     ESPn at Nucleus =  1.9306883145E+01

CP# 11     Coords =  1.03074816950095E+01  1.25605560576510E+00  4.75485799530861E+00
           Type = (3,-3) NACP C11
           Rho =  1.1767894963E+02     Rho at Nucleus =  1.1767894955E+02
           GradRho =  8.6598789771E-11  2.2712476344E-10 -1.2001016500E-12
           HessRho_EigVals = -1.4500633042E+05 -1.4500529141E+05 -1.4500508769E+05
           HessRho_EigVec1 =  8.1917098725E-01 -3.3102107239E-03 -5.7353982961E-01
           HessRho_EigVec2 =  5.7079379868E-01  1.0261053941E-01  8.1465668634E-01
           HessRho_EigVec3 = -5.6154545988E-02  9.9471610005E-01 -8.5945024622E-02
           DelSqRho = -4.3501670951E+05
           Bond Ellipticity = NA
           V = -1.0876436293E+05
           G =  5.0927746213E+00
           K =  1.0875927015E+05
           L =  1.0875417738E+05
           Vnuc =  5.8786812782E+06
           Ven = -6.9179703801E+08
           Vrep =  6.9168827365E+08
           DelSqV =  2.4952808635E+09
           DelSqVen =  2.5573248205E+12
           DelSqVrep = -2.5548295396E+12
           DelSqG =  1.3403250158E+08
           DelSqK = -2.6293133651E+09
           Stress_EigVals = -3.6255050316E+04 -3.6254931938E+04 -3.6254380674E+04
           Stress_EigVec1 = -2.6076241654E-02  9.9883741592E-01 -4.0544372898E-02
           Stress_EigVec2 =  5.7235974901E-01  4.8170071766E-02  8.1858656347E-01
           Stress_EigVec3 =  8.1958791312E-01 -1.8603060516E-03 -5.7295042711E-01
           -DivStress = -7.6656581998E+01 -8.1664170685E+02 -1.1837195821E+02
           ESP =  -1.4752074077E+01     ESP at Nucleus =  -1.4752074092E+01
           ESPe = -2.8339154996E+01     ESPe at Nucleus = -2.8339156054E+01
           ESPn =  1.3587080919E+01     ESPn at Nucleus =  1.3587081962E+01

CP# 12     Coords =  1.03041787825642E+01 -1.25938897566676E+00  4.75470006552130E+00
           Type = (3,-3) NACP C12
           Rho =  1.1767896107E+02     Rho at Nucleus =  1.1767896100E+02
           GradRho =  1.1717119419E-10 -2.2140778100E-10  7.2083519709E-12
           HessRho_EigVals = -1.4500634510E+05 -1.4500530590E+05 -1.4500510223E+05
           HessRho_EigVec1 =  8.1918010403E-01  1.2324433497E-03 -5.7353503664E-01
           HessRho_EigVec2 =  5.7050006065E-01 -1.0451244789E-01  8.1462066573E-01
           HessRho_EigVec3 =  5.8937576809E-02  9.9452281488E-01  8.6317626943E-02
           DelSqRho = -4.3501675322E+05
           Bond Ellipticity = NA
           V = -1.0876437385E+05
           G =  5.0927736147E+00
           K =  1.0875928108E+05
           L =  1.0875418831E+05
           Vnuc =  5.8803598205E+06
           Ven = -6.9199463442E+08
           Vrep =  6.9188587004E+08
           DelSqV =  2.4952811167E+09
           DelSqVen =  2.5580551537E+12
           DelSqVrep = -2.5555598725E+12
           DelSqG =  1.3403251555E+08
           DelSqK = -2.6293136322E+09
           Stress_EigVals = -3.6255053962E+04 -3.6254935605E+04 -3.6254384287E+04
           Stress_EigVec1 =  2.8784675824E-02  9.9875283663E-01  4.0794776249E-02
           Stress_EigVec2 =  5.7222313718E-01 -4.9927181763E-02  8.1857678797E-01
           Stress_EigVec3 =  8.1959265719E-01 -2.1875263339E-04 -5.7294661918E-01
           -DivStress = -7.4671147024E+01  8.1656021566E+02 -1.1854565621E+02
           ESP =  -1.4752076703E+01     ESP at Nucleus =  -1.4752076718E+01
           ESPe = -2.8340664681E+01     ESPe at Nucleus = -2.8340665738E+01
           ESPn =  1.3588587978E+01     ESPn at Nucleus =  1.3588589020E+01

CP# 13     Coords = -3.66192654520886E+00  2.65774760735414E+00 -1.68991197833350E-01
           Type = (3,-3) NACP C13
           Rho =  1.1767511176E+02     Rho at Nucleus =  1.1767511175E+02
           GradRho =  7.8592687913E-12  2.7426949600E-12  1.0753342661E-12
           HessRho_EigVals = -1.4500533016E+05 -1.4500446299E+05 -1.4500428707E+05
           HessRho_EigVec1 =  1.9928059076E-01 -1.7452714962E-04  9.7994245529E-01
           HessRho_EigVec2 = -1.7168081893E-01  9.8452755674E-01  3.5088266277E-02
           HessRho_EigVec3 =  9.6478647511E-01  1.7522973367E-01 -1.9616727016E-01
           DelSqRho = -4.3501408022E+05
           Bond Ellipticity = NA
           V = -1.0876390677E+05
           G =  5.1933572665E+00
           K =  1.0875871341E+05
           L =  1.0875352006E+05
           Vnuc =  2.4929198162E+07
           Ven = -2.9335461797E+09
           Vrep =  2.9334374158E+09
           DelSqV =  2.4952725761E+09
           DelSqVen =  1.0844549153E+13
           DelSqVrep = -1.0842053880E+13
           DelSqG =  1.3403524712E+08
           DelSqK = -2.6293078232E+09
           Stress_EigVals = -3.6254844289E+04 -3.6254791578E+04 -3.6254270903E+04
           Stress_EigVec1 =  9.4757104989E-01  2.5492979858E-01 -1.9266526206E-01
           Stress_EigVec2 = -2.4976001154E-01  9.6695952246E-01  5.1080510465E-02
