AIMSum (Version 19.02.13, Professional)
Copyright (c) 1997-2019 by Todd A. Keith
AIMSum is a component of the AIMAll package ( http://aim.tkgristmill.com )

TP:  64-bit Linux

Much of the Quantum Theory of Atoms in Molecules (QTAIM) is described in the book:
  "Atoms in Molecules - A Quantum Theory"
  R.F.W. Bader, Oxford University Press, Oxford, 1990

For additional references see:  http://aim.tkgristmill.com/references.html

Wfn File:  /home/mhennefarth/Documents/ML_Diels/summary-hayden2009/11-opt/11-opt.wfn
Sum File:  /home/mhennefarth/Documents/ML_Diels/summary-hayden2009/11-opt/11-opt.sum

SumViz File:  /home/mhennefarth/Documents/ML_Diels/summary-hayden2009/11-opt/11-opt.sumviz

Wfn Title:   Title Card Required                                                           
 
Total memory allocated for AIMSum =        2.110 Megabytes

Atomic units (a.u.) used throughout, except where stated otherwise

Model:  Restricted SCF
 
Restricted, closed-shell, single-determinant wavefunction.
  Number of electrons (from MO Occs)                   =         136.0000000000
  Number of Alpha electrons (from MO Occs)             =          68.0000000000
  Number of Beta electrons (from MO Occs)              =          68.0000000000
  Number of electron pairs (N*(N-1)/2)                 =        9180.0000000000
  Number of electron pairs (from Muller 2EDM)          =        9180.0000000000
 
Nuclear Charges and Cartesian Coordinates:
-------------------------------------------------------------------------------
Atom      Charge                X                  Y                  Z
-------------------------------------------------------------------------------
C1         6.0           7.0343526000E+00  -9.3126237000E-01   2.1102860900E+00
C2         6.0           9.2714693400E+00  -1.5538980000E-02   1.1995846100E+00
C3         6.0           9.2961734900E+00   1.9398983000E+00  -6.6775269000E-01
C4         6.0           7.0828737100E+00   2.9214321700E+00  -1.5683719500E+00
C5         6.0           4.6892473300E+00   2.0223771500E+00  -6.7102188000E-01
C6         6.0           4.6642779600E+00   3.7726350000E-02   1.2233973500E+00
C7         6.0           2.3565435000E+00  -8.5930138000E-01   2.1163544000E+00
C8         6.0           3.3869030000E-02   1.0522749000E-01   1.2331806100E+00
C9         6.0           5.9087460000E-02   2.0908872000E+00  -6.6155308000E-01
C10        6.0           2.4051390100E+00   2.9862178100E+00  -1.5541005300E+00
C11        6.0           2.0410465000E-01  -7.1166836400E+00  -1.9793903200E+00
C12        6.0          -8.9550576000E-01  -9.3563685200E+00  -2.2995454600E+00
C13        6.0          -2.3133428500E+00  -7.9114242000E-01   2.1250935300E+00
C14        6.0          -4.5979100500E+00   1.7332837000E-01   1.2412895400E+00
C15        6.0          -4.5718119200E+00   2.1580608900E+00  -6.5264388000E-01
C16        6.0          -2.2634585700E+00   3.0547004700E+00  -1.5439425200E+00
C17        6.0          -6.9413374800E+00   3.1274540000E+00  -1.5401851100E+00
C18        6.0          -9.1791922300E+00   2.2123991200E+00  -6.3035179000E-01
C19        6.0          -9.2047481300E+00   2.5778584000E-01   1.2374092300E+00
C20        6.0          -6.9919134200E+00  -7.2407281000E-01   2.1388894700E+00
H21        1.0           7.0114312100E+00  -2.4174251100E+00   3.5294973000E+00
H22        1.0           1.1052670900E+01  -7.6882949000E-01   1.8898618200E+00
H23        1.0           1.1095795750E+01   2.6406720000E+00  -1.3654775600E+00
H24        1.0           7.0970806500E+00   4.4083863800E+00  -2.9869481000E+00
H25        1.0           2.3370494300E+00  -2.3471648300E+00   3.5355912500E+00
H26        1.0           2.4235141500E+00   4.4741363800E+00  -2.9735044800E+00
H27        1.0          -8.6831549000E-01  -5.4362476500E+00  -1.4816809700E+00
H28        1.0           2.2309754000E+00  -6.8631223200E+00  -2.2057430600E+00
H29        1.0          -2.9232143900E+00  -9.6099967800E+00  -2.0790498800E+00
H30        1.0           1.8085045000E-01  -1.1034200280E+01  -2.8007447800E+00
H31        1.0          -2.3315633900E+00  -2.2752746600E+00   3.5484081200E+00
H32        1.0          -2.2441362500E+00   4.5426647000E+00  -2.9632746800E+00
H33        1.0          -6.9176738200E+00   4.6135391700E+00  -2.9594496700E+00
H34        1.0          -1.0960038190E+01   2.9658206800E+00  -1.3213154600E+00
H35        1.0          -1.1004674610E+01  -4.4175204000E-01   1.9355999700E+00
H36        1.0          -7.0072578000E+00  -2.2099563600E+00   3.5584763600E+00
 
Some Atomic Properties:
----------------------
  q(A) = Net Charge of Atom A
  L(A) = Lagrangian of Atom A = -(1/4) Times Atomic Integral of the Laplacian of the Electron Density
  K(A) = Electronic Kinetic Energy of Atom A (Hamiltonian Form)
  K_Scaled(A) = K(A) * E(Mol)/K(Mol) = Approximation to Virial-Based Total Energy of Atom A.
  |Mu_Intra(A)| = Magnitude of Intraatomic Dipole Moment of Atom A
--------------------------------------------------------------------------------------------------
Atom A          q(A)              L(A)              K(A)          K_Scaled(A)      |Mu_Intra(A)|
--------------------------------------------------------------------------------------------------
C1       -3.9659761600E-02 -1.1378794636E-05  3.7734151142E+01 -3.8107320766E+01  1.1174127767E-01
C2       -3.6988548200E-02 -2.3783763023E-04  3.7722036760E+01 -3.8095086580E+01  1.1314159848E-01
C3       -3.6855510000E-02 -4.4648401062E-05  3.7721952678E+01 -3.8095001666E+01  1.1347506115E-01
C4       -3.9506766100E-02 -9.5799063403E-05  3.7733914552E+01 -3.8107081836E+01  1.1123461704E-01
C5        8.0804091000E-03  1.7918630928E-04  3.7735570333E+01 -3.8108753991E+01  1.3487899471E-02
C6        7.3951864000E-03 -1.4996331280E-04  3.7735485182E+01 -3.8108667998E+01  1.3300647219E-02
C7       -4.9755329100E-02 -8.3663805027E-06  3.7748640583E+01 -3.8121953500E+01  1.1088361436E-01
C8        6.8416540000E-03 -9.4396899135E-05  3.7737654497E+01 -3.8110858767E+01  1.1608241650E-02
C9        9.5233128000E-03  1.5481832970E-04  3.7737269317E+01 -3.8110469777E+01  1.0429854788E-02
C10      -4.8441703900E-02 -9.5956465117E-05  3.7748777890E+01 -3.8122092164E+01  1.0908535780E-01
C11      -7.9472033300E-02  4.3780364854E-06  3.7695213163E+01 -3.8067997711E+01  9.4961838261E-02
C12      -8.4461649300E-02 -7.1752667740E-07  3.7694945595E+01 -3.8067727497E+01  8.2593783804E-02
C13      -5.3250362400E-02  3.3807363029E-05  3.7749792026E+01 -3.8123116329E+01  1.1202969358E-01
C14       7.1839795000E-03  1.7701472596E-05  3.7735514145E+01 -3.8108697248E+01  1.3476613146E-02
C15       8.3051295000E-03  2.5800550693E-04  3.7735615182E+01 -3.8108799285E+01  1.3501826178E-02
C16      -4.8376215600E-02 -9.5329457016E-05  3.7748867489E+01 -3.8122182649E+01  1.0871920317E-01
C17      -3.9222741900E-02  3.6263434239E-05  3.7734011006E+01 -3.8107179244E+01  1.1119492233E-01
C18      -3.6617053600E-02 -1.3607987607E-05  3.7722034092E+01 -3.8095083885E+01  1.1354795478E-01
C19      -3.6506988500E-02  9.9613085045E-05  3.7722103377E+01 -3.8095153855E+01  1.1317635140E-01
C20      -3.9423076600E-02  4.6576825219E-05  3.7734017820E+01 -3.8107186125E+01  1.1166859959E-01
H21       3.8652105870E-02  2.3918188305E-05  5.9871494999E-01 -6.0463590557E-01  1.5201954316E-01
H22       4.0124668750E-02  2.9060428846E-05  5.9916687511E-01 -6.0509229997E-01  1.4974458919E-01
H23       4.0078334840E-02  2.7762667048E-05  5.9918504666E-01 -6.0511065123E-01  1.4976075384E-01
H24       3.8209579870E-02  2.3160714192E-05  5.9887899412E-01 -6.0480157200E-01  1.5215023792E-01
H25       3.7447286510E-02  2.3445494107E-05  5.9844147709E-01 -6.0435972817E-01  1.5408380253E-01
H26       3.5634434260E-02  2.3431450251E-05  5.9914348796E-01 -6.0506868153E-01  1.5465619388E-01
H27       4.9073205080E-02  1.6778301027E-05  5.9205426213E-01 -5.9790934723E-01  1.4098730304E-01
H28       3.9643764660E-02  2.7558289548E-05  5.9582307816E-01 -6.0171543474E-01  1.4681955701E-01
H29       3.6664274570E-02  1.2386273462E-05  5.9690178352E-01 -6.0280480790E-01  1.4796191524E-01
H30       3.5864859480E-02  2.8787803310E-05  5.9721993272E-01 -6.0312610341E-01  1.4813957683E-01
H31       3.7328943620E-02  2.2937007229E-05  5.9839155168E-01 -6.0430930902E-01  1.5416263952E-01
H32       3.5731179170E-02  2.3279002323E-05  5.9912753845E-01 -6.0505257429E-01  1.5463412549E-01
H33       3.8258708940E-02  2.3390036250E-05  5.9888361339E-01 -6.0480623695E-01  1.5213641666E-01
H34       4.0166333060E-02  1.8694055900E-05  5.9914694707E-01 -6.0507217485E-01  1.4974730389E-01
H35       4.0185068980E-02  1.8607987732E-05  5.9914465029E-01 -6.0506985536E-01  1.4973793055E-01
H36       3.8518558960E-02  2.4070625586E-05  5.9877274101E-01 -6.0469426810E-01  1.5205032672E-01
--------------------------------------------------------------------------------------------------
Total     3.7323782000E-04  3.4961676945E-04  7.6419656376E+02 -7.7175403982E+02
 
1st Largest |L(A)| = 2.5800550693E-04, atom C15     
2nd Largest |L(A)| = 2.3783763023E-04, atom C2      
 
Molecular charge q(Mol) from the wfn file:   0.0000000000E+00
Molecular energy E(Mol) from the wfn file:  -7.7175399031E+02
Molecular virial ratio (-V(Mol)/T(Mol)) from the wfn file:   2.0098894400E+00
Note.  K_Scaled(A) = (1+V(Mol)/T(Mol))*K(A) = (E(Mol)/T(Mol))*K(A)
       Only use K_Scaled(A) data with caution.
 
N_AIMInt(SumA)     =        135.999627
N_Analytic(Mol)    =        135.999975
 
G_AIMInt(SumA)     =        764.196214
G_Analytic(Mol)    =        764.196453
 
K_AIMInt(SumA)     =        764.196564
K_Analytic(Mol)    =        764.196453
 
L_AIMInt(SumA)     =          0.000350
L_Analytic(Mol)    =          0.000000
 
VenT_AIMInt(SumA)  =      -4422.150524
VenT_Analytic(Mol) =      -4422.155519
 
Some Information About the Atomic Calculations:
----------------------------------------------
  Time(sec) = "Elapsed User Time", in Seconds, for Atom A by AIMInt and, if used, by TWOe
  NProc = Number of Processors Used for AIMInt Job
  BIM = Basin Integration Method
  OAQ = Angular Quadrature Outside of Beta Sphere
  ORQ = Multiple of Default for Radial Quadrature Outside of Beta Sphere
  IAQ = Multiple of Default for Angular Quadrature Inside of Beta Sphere
  IRQ = Multiple of Default for Radial Quadrature Inside of Beta Sphere
  MIR = Maximum Integration Radius
------------------------------------------------------------------------------------------------------
Atom A     Time(sec)   NProc      BIM          OAQ                     ORQ      IAQ      IRQ      MIR
------------------------------------------------------------------------------------------------------
C1             27        8     Proaim(5)    4500(GS4)                  1.00     1.00     1.00    13.00
C2             22        8     Proaim(5)    4500(GS4)                  1.00     1.00     1.00    13.00
C3             22        8     Proaim(5)    4500(GS4)                  1.00     1.00     1.00    13.00
C4             25        8     Proaim(5)    4500(GS4)                  1.00     1.00     1.00    13.00
C5             28        8     Proaim(5)    4500(GS4)                  1.00     1.00     1.00    13.00
C6             32        8     Proaim(5)    4500(GS4)                  1.00     1.00     1.00    13.00
C7             46        8     Proaim(5)    4500(GS4)                  1.00     1.00     1.00    13.00
C8             69        8     Proaim(5)    4500(GS4)                  1.00     1.00     1.00    13.00
C9             30        8     Proaim(5)    4500(GS4)                  1.00     1.00     1.00    13.00
C10            30        8     Proaim(5)    4500(GS4)                  1.00     1.00     1.00    13.00
C11            35        8     Proaim(5)    4500(GS4)                  1.00     1.00     1.00    13.00
C12            22        8     Proaim(5)    4500(GS4)                  1.00     1.00     1.00    13.00
C13            90        8     Proaim(5)    4500(GS4)                  1.00     1.00     1.00    13.00
C14            35        8     Proaim(5)    4500(GS4)                  1.00     1.00     1.00    13.00
C15            28        8     Proaim(5)    4500(GS4)                  1.00     1.00     1.00    13.00
C16            46        8     Proaim(5)    4500(GS4)                  1.00     1.00     1.00    13.00
C17            56        8     Proaim(5)    4500(GS4)                  1.00     1.00     1.00    13.00
C18            22        8     Proaim(5)    4500(GS4)                  1.00     1.00     1.00    13.00
C19            22        8     Proaim(5)    4500(GS4)                  1.00     1.00     1.00    13.00
C20            27        8     Proaim(5)    4500(GS4)                  1.00     1.00     1.00    13.00
H21             9        8     Proaim(5)    1800(GS4)                  1.00     1.00     1.00    13.00
H22             7        8     Proaim(5)    1800(GS4)                  1.00     1.00     1.00    13.00
H23             7        8     Proaim(5)    1800(GS4)                  1.00     1.00     1.00    13.00
H24             8        8     Proaim(5)    1800(GS4)                  1.00     1.00     1.00    13.00
H25            11        8     Proaim(5)    1800(GS4)                  1.00     1.00     1.00    13.00
H26            10        8     Proaim(5)    1800(GS4)                  1.00     1.00     1.00    13.00
H27            46        8     Proaim(5)    4500(GS4)                  1.00     1.00     1.00    13.00
H28            11        8     Proaim(5)    1800(GS4)                  1.00     1.00     1.00    13.00
H29             7        8     Proaim(5)    1800(GS4)                  1.00     1.00     1.00    13.00
H30             6        8     Proaim(5)    1800(GS4)                  1.00     1.00     1.00    13.00
H31            11        8     Proaim(5)    1800(GS4)                  1.00     1.00     1.00    13.00
H32            10        8     Proaim(5)    1800(GS4)                  1.00     1.00     1.00    13.00
H33             8        8     Proaim(5)    1800(GS4)                  1.00     1.00     1.00    13.00
H34             7        8     Proaim(5)    1800(GS4)                  1.00     1.00     1.00    13.00
H35             7        8     Proaim(5)    1800(GS4)                  1.00     1.00     1.00    13.00
H36             9        8     Proaim(5)    1800(GS4)                  1.00     1.00     1.00    13.00
------------------------------------------------------------------------------------------------------
Total         888
Note:  Total wall clock time is less than total of atomic times if more than one atom
       was calculated at a time
 
Electron Density Critical Point Analysis of Molecular Structure:               
---------------------------------------------------------------                
  NACP = Nuclear Attractor Critical Point                                      
  NNACP = Non-Nuclear Attractor Critical Point                                 
  BCP = Bond Critical Point                                                    
  RCP = Ring Critical Point                                                    
  CCP = Cage Critical Point                                                    
  Rho = Electron Density                                                       
  GradRho = Gradient of Electron Density                                       
  HessRho_EigVals = Eigenvalues of the Hessian of Rho, Ascending Order         
  HessRho_EigVecs = Eigenvectors of the Hessian of Rho                         
  DelSqRho = Laplacian of Rho = Trace of Hessian of Rho                        
  Bond Ellipticity = (HessRho_EigVal(1) / HessRho_EigVal(2)) - 1               
  V = Virial Field = Potential Energy Density = Trace of Stress Tensor         
  G = Lagrangian Form of Kinetic Energy Density                                
  K = Hamiltonian Form of Kinetic Energy Density                               
  L = K - G = Lagrangian Density = (-1/4)DelSqRho                              
  Vnuc = Electrostatic Potential from Nuclei                                   
  Ven = Electron-nuclear attractive contribution to Virial Field V             
  Vrep = V - Ven = Repulsive contribution to Virial Field V                    
  DelSqV = Laplacian of V                                                      
  DelSqVen = Laplacian of Ven                                                  
  DelSqVrep = Laplacian of Vrep                                                
  DelSqG = Laplacian of G                                                      
  DelSqK = Laplacian of K                                                      
  Stress_EigVals = Eigenvalues of Stress Tensor, Ascending Order               
  Stress_EigVecs = Eigenvectors of Stress Tensor                               
  -DivStress = Ehrenfest Force Density = Minus Divergence of Stress Tensor     
  ESP = Total Electrostatic Potential                                          
  ESPe = Electrostatic Potential from Electrons                                
  ESPn = Electrostatic Potential from Nuclei                                   
  BP = Bond Path                                                               
  BPL = Bond Path Length                                                       
  GBL = Geometric Bond Length                                                  
  GBL_I = Distance Between Nuclear Attractors                                  
  GBL_II = Distance Between Nuclei                                             
  GBL_III = Sum of Distances Between BCP and Nuclear Attractors                
  GBL_IV = Sum of Distances Between BCP and Nuclei                             

CP# 1      Coords =  7.03435199990075E+00 -9.31262373587400E-01  2.11028610373686E+00
           Type = (3,-3) NACP C1
           Rho =  1.1766450015E+02     Rho at Nucleus =  1.1766450012E+02
           GradRho = -2.0370261034E-11 -5.4994342413E-12 -2.7358698640E-11
           HessRho_EigVals = -1.4498723303E+05 -1.4498633994E+05 -1.4498605001E+05
           HessRho_EigVec1 =  1.1832070219E-02  6.9024193025E-01  7.2348191397E-01
           HessRho_EigVec2 = -5.3108571669E-01  6.1738335344E-01 -5.8033245336E-01
           HessRho_EigVec3 =  8.4723548299E-01  3.7736437645E-01 -3.7388255341E-01
           DelSqRho = -4.3495962299E+05
           Bond Ellipticity = NA
           V = -1.0875025181E+05
           G =  5.1730296760E+00
           K =  1.0874507878E+05
           L =  1.0873990575E+05
           Vnuc =  9.9955680561E+06
           Ven = -1.1761235190E+09
           Vrep =  1.1760147687E+09
           DelSqV =  2.4949554903E+09
           DelSqVen =  4.3476697743E+12
           DelSqVrep = -4.3451748188E+12
           DelSqG =  1.3401339882E+08
           DelSqK = -2.6289688891E+09
           Stress_EigVals = -3.6250327561E+04 -3.6250216600E+04 -3.6249707645E+04
           Stress_EigVec1 =  7.7934228708E-01  4.4689631965E-01 -4.3921438849E-01
           Stress_EigVec2 = -6.2648803401E-01  5.6889442753E-01 -5.3279627774E-01
           Stress_EigVec3 =  1.1761922457E-02  6.9039322840E-01  7.2333868095E-01
           -DivStress =  4.8215433317E+02  7.3515352680E-01 -9.1353053580E+00
           ESP =  -1.4737083141E+01     ESP at Nucleus =  -1.4737083144E+01
           ESPe = -3.3663646329E+01     ESPe at Nucleus = -3.3663645839E+01
           ESPn =  1.8926563189E+01     ESPn at Nucleus =  1.8926562694E+01

CP# 2      Coords =  9.27146981819777E+00 -1.55384806167146E-02  1.19958412505506E+00
           Type = (3,-3) NACP C2
           Rho =  1.1765698762E+02     Rho at Nucleus =  1.1765698756E+02
           GradRho =  9.8614214017E-11  7.7892081674E-11 -8.7775731128E-11
           HessRho_EigVals = -1.4497678447E+05 -1.4497576539E+05 -1.4497557977E+05
           HessRho_EigVec1 =  1.1961709673E-02  6.9046142555E-01  7.2327030723E-01
           HessRho_EigVec2 = -3.9841375988E-01  6.6671723679E-01 -6.2988459428E-01
           HessRho_EigVec3 =  9.1712779559E-01  2.8062634587E-01 -2.8306441063E-01
           DelSqRho = -4.3492812964E+05
           Bond Ellipticity = NA
           V = -1.0874234425E+05
           G =  5.1559216302E+00
           K =  1.0873718833E+05
           L =  1.0873203241E+05
           Vnuc =  7.1045734533E+06
           Ven = -8.3590271081E+08
           Vrep =  8.3579396847E+08
           DelSqV =  2.4947738948E+09
           DelSqVen =  3.0899799388E+12
           DelSqVrep = -3.0874851629E+12
           DelSqG =  1.3400241468E+08
           DelSqK = -2.6287763095E+09
           Stress_EigVals = -3.6247684636E+04 -3.6247600161E+04 -3.6247059456E+04
           Stress_EigVec1 =  9.6517112203E-01  1.8114221077E-01 -1.8876494557E-01
           Stress_EigVec2 = -2.6135053268E-01  7.0028893735E-01 -6.6429760145E-01
           Stress_EigVec3 =  1.1857667003E-02  6.9049468043E-01  7.2324027269E-01
           -DivStress = -3.8601431757E+02 -4.0820033833E+02  3.9624857811E+02
           ESP =  -1.4736095726E+01     ESP at Nucleus =  -1.4736095731E+01
           ESPe = -3.2101360202E+01     ESPe at Nucleus = -3.2101360617E+01
           ESPn =  1.7365264476E+01     ESPn at Nucleus =  1.7365264886E+01

CP# 3      Coords =  9.29617395352628E+00  1.93989778743310E+00 -6.67752208892978E-01
           Type = (3,-3) NACP C3
           Rho =  1.1765677667E+02     Rho at Nucleus =  1.1765677662E+02
           GradRho = -8.3194423572E-12 -7.7813921973E-11  7.0285111065E-11
           HessRho_EigVals = -1.4497650431E+05 -1.4497548715E+05 -1.4497530209E+05
           HessRho_EigVec1 =  1.1964103972E-02  6.9037737552E-01  7.2335049567E-01
           HessRho_EigVec2 =  4.1436733092E-01  6.5494261541E-01 -6.3194136246E-01
           HessRho_EigVec3 =  9.1003108479E-01 -3.0729342637E-01  2.7823402887E-01
           DelSqRho = -4.3492729354E+05
           Bond Ellipticity = NA
           V = -1.0874213543E+05
           G =  5.1560245108E+00
           K =  1.0873697941E+05
           L =  1.0873182339E+05
           Vnuc =  7.1254989072E+06
           Ven = -8.3836323361E+08
           Vrep =  8.3825449147E+08
           DelSqV =  2.4947690996E+09
           DelSqVen =  3.0990735933E+12
           DelSqVrep = -3.0965788365E+12
           DelSqG =  1.3400213891E+08
           DelSqK = -2.6287712385E+09
           Stress_EigVals = -3.6247614783E+04 -3.6247530438E+04 -3.6246990213E+04
           Stress_EigVec1 =  9.6042032346E-01 -2.0917715246E-01  1.8395032258E-01
           Stress_EigVec2 =  2.7830388051E-01  6.9253956939E-01 -6.6553429282E-01
           Stress_EigVec3 =  1.1821691051E-02  6.9038674937E-01  7.2334389049E-01
           -DivStress = -3.7403361592E+02  4.1879291979E+02 -3.9318609646E+02
           ESP =  -1.4736108956E+01     ESP at Nucleus =  -1.4736108960E+01
           ESPe = -3.2012707139E+01     ESPe at Nucleus = -3.2012707500E+01
           ESPn =  1.7276598183E+01     ESPn at Nucleus =  1.7276598539E+01

CP# 4      Coords =  7.08287311159169E+00  2.92143219683152E+00 -1.56837196565876E+00
           Type = (3,-3) NACP C4
           Rho =  1.1766435688E+02     Rho at Nucleus =  1.1766435686E+02
           GradRho = -1.0520910532E-10  2.6602553493E-11 -2.4991259062E-12
           HessRho_EigVals = -1.4498699170E+05 -1.4498609948E+05 -1.4498580918E+05
           HessRho_EigVec1 =  1.1567469758E-02  6.9041926119E-01  7.2331696885E-01
           HessRho_EigVec2 =  5.4305843792E-01  6.0305154790E-01 -5.8430844901E-01
           HessRho_EigVec3 =  8.3961522535E-01 -3.9956235354E-01  3.6796222495E-01
           DelSqRho = -4.3495890037E+05
           Bond Ellipticity = NA
           V = -1.0875007073E+05
           G =  5.1728213569E+00
           K =  1.0874489791E+05
           L =  1.0873972509E+05
           Vnuc =  1.0013132870E+07
           Ven = -1.1781888396E+09
           Vrep =  1.1780800895E+09
           DelSqV =  2.4949512848E+09
           DelSqVen =  4.3553007862E+12
           DelSqVrep = -4.3528058349E+12
           DelSqG =  1.3401311113E+08
           DelSqK = -2.6289643960E+09
           Stress_EigVals = -3.6250267165E+04 -3.6250156183E+04 -3.6249647386E+04
           Stress_EigVec1 =  7.6958494797E-01 -4.6814936513E-01  4.3425243786E-01
           Stress_EigVec2 =  6.3843689291E-01  5.5164544367E-01 -5.3673609740E-01
           Stress_EigVec3 =  1.1719284497E-02  6.9030679876E-01  7.2342185615E-01
           -DivStress =  4.8083497296E+02 -1.9545023385E+01  1.0642124502E+01
           ESP =  -1.4737008896E+01     ESP at Nucleus =  -1.4737008899E+01
           ESPe = -3.3425982417E+01     ESPe at Nucleus = -3.3425981962E+01
           ESPn =  1.8688973521E+01     ESPn at Nucleus =  1.8688973062E+01

CP# 5      Coords =  4.68924776089945E+00  2.02237684004696E+00 -6.71021593076222E-01
           Type = (3,-3) NACP C5
           Rho =  1.1764222230E+02     Rho at Nucleus =  1.1764222227E+02
           GradRho =  3.7760072846E-11 -1.6580292694E-11  2.8890001502E-11
           HessRho_EigVals = -1.4495568200E+05 -1.4495458708E+05 -1.4495440288E+05
           HessRho_EigVec1 =  1.1816480669E-02  6.9036444259E-01  7.2336526540E-01
           HessRho_EigVec2 =  2.4202704033E-01  6.9993055902E-01 -6.7195247176E-01
           HessRho_EigVec3 =  9.7019754820E-01 -1.8301406766E-01  1.5881614687E-01
           DelSqRho = -4.3486467196E+05
           Bond Ellipticity = NA
           V = -1.0872656285E+05
           G =  5.1974322073E+00
           K =  1.0872136542E+05
           L =  1.0871616799E+05
           Vnuc =  9.9439624325E+06
           Ven = -1.1698298390E+09
           Vrep =  1.1697211124E+09
           DelSqV =  2.4944089402E+09
           DelSqVen =  4.3242756506E+12
           DelSqVrep = -4.3217812416E+12
           DelSqG =  1.3397983792E+08
           DelSqK = -2.6283887781E+09
           Stress_EigVals = -3.6242426684E+04 -3.6242333499E+04 -3.6241802671E+04
           Stress_EigVec1 =  9.6747482731E-01 -1.9068651386E-01  1.6622608686E-01
           Stress_EigVec2 =  2.5269261453E-01  6.9787546381E-01 -6.7016138323E-01
           Stress_EigVec3 =  1.1785630421E-02  6.9036837300E-01  7.2336201758E-01
           -DivStress = -3.5083936870E+02  2.5024954445E+02 -2.3165234737E+02
           ESP =  -1.4728563444E+01     ESP at Nucleus =  -1.4728563446E+01
           ESPe = -3.6554153313E+01     ESPe at Nucleus = -3.6554153243E+01
           ESPn =  2.1825589869E+01     ESPn at Nucleus =  2.1825589796E+01

CP# 6      Coords =  4.66427839686876E+00  3.77266464049361E-02  1.22339706077621E+00
           Type = (3,-3) NACP C6
           Rho =  1.1764259527E+02     Rho at Nucleus =  1.1764259524E+02
           GradRho =  9.2372387517E-11  2.4633295403E-11 -2.5294544237E-11
           HessRho_EigVals = -1.4495618812E+05 -1.4495508797E+05 -1.4495490391E+05
           HessRho_EigVec1 =  1.1754924591E-02  6.9048819480E-01  7.2324814179E-01
           HessRho_EigVec2 = -2.2426524471E-01  7.0669232050E-01 -6.7103730460E-01
           HessRho_EigVec3 =  9.7445724471E-01  1.5431142859E-01 -1.6315961891E-01
           DelSqRho = -4.3486618000E+05
           Bond Ellipticity = NA
           V = -1.0872693836E+05
           G =  5.1966799486E+00
           K =  1.0872174168E+05
           L =  1.0871654500E+05
           Vnuc =  9.9673962316E+06
           Ven = -1.1725903608E+09
           Vrep =  1.1724816338E+09
           DelSqV =  2.4944175803E+09
           DelSqVen =  4.3344858972E+12
           DelSqVrep = -4.3319913486E+12
           DelSqG =  1.3398034368E+08
           DelSqK = -2.6283979239E+09
           Stress_EigVals = -3.6242552199E+04 -3.6242459120E+04 -3.6241927041E+04
           Stress_EigVec1 =  9.7202941078E-01  1.6184995791E-01 -1.7018641455E-01
           Stress_EigVec2 = -2.3456873357E-01  7.0505798458E-01 -6.6923146042E-01
           Stress_EigVec3 =  1.1676206741E-02  6.9043307388E-01  7.2330203698E-01
           -DivStress = -3.5565546292E+02 -2.3935400048E+02  2.3336932914E+02
           ESP =  -1.4728483078E+01     ESP at Nucleus =  -1.4728483081E+01
           ESPe = -3.6733787345E+01     ESPe at Nucleus = -3.6733787337E+01
           ESPn =  2.2005304266E+01     ESPn at Nucleus =  2.2005304256E+01

CP# 7      Coords =  2.35654324878804E+00 -8.59301343199462E-01  2.11635435075225E+00
           Type = (3,-3) NACP C7
           Rho =  1.1767590649E+02     Rho at Nucleus =  1.1767590649E+02
           GradRho = -6.1246563376E-12  2.2176704917E-13  2.4365315321E-11
           HessRho_EigVals = -1.4500655171E+05 -1.4500567630E+05 -1.4500550869E+05
           HessRho_EigVec1 =  1.1396846040E-02  6.8932415180E-01  7.2436339336E-01
           HessRho_EigVec2 = -1.8411562420E-01  7.1347134879E-01 -6.7606218012E-01
           HessRho_EigVec3 =  9.8283851615E-01  1.2566164174E-01 -1.3504666960E-01
           DelSqRho = -4.3501773669E+05
           Bond Ellipticity = NA
           V = -1.0876482059E+05
           G =  5.1932089633E+00
           K =  1.0875962738E+05
           L =  1.0875443417E+05
           Vnuc =  2.3199604107E+07
           Ven = -2.7300344435E+09
           Vrep =  2.7299256787E+09
           DelSqV =  2.4952937214E+09
           DelSqVen =  1.0092225233E+13
           DelSqVrep = -1.0089734133E+13
           DelSqG =  1.3403660535E+08
           DelSqK = -2.6293303268E+09
           Stress_EigVals = -3.6255148135E+04 -3.6255097581E+04 -3.6254574874E+04
           Stress_EigVec1 =  9.6333836383E-01  1.8627352158E-01 -1.9308384687E-01
           Stress_EigVec2 = -2.6803540850E-01  6.9952125774E-01 -6.6244020844E-01
           Stress_EigVec3 =  1.1671184952E-02  6.8990737431E-01  7.2380356335E-01
           -DivStress =  2.0391518779E+02 -3.0765981066E+01  4.0523090608E+01
           ESP =  -1.4737242064E+01     ESP at Nucleus =  -1.4737242064E+01
           ESPe = -3.6259998527E+01     ESPe at Nucleus = -3.6259998369E+01
           ESPn =  2.1522756463E+01     ESPn at Nucleus =  2.1522756305E+01

CP# 8      Coords =  3.38690176394540E-02  1.05227771933687E-01  1.23318027853551E+00
           Type = (3,-3) NACP C8
           Rho =  1.1764619432E+02     Rho at Nucleus =  1.1764619431E+02
           GradRho = -7.8781425827E-13  1.2737165489E-11 -1.6322068697E-11
           HessRho_EigVals = -1.4496224711E+05 -1.4496113157E+05 -1.4496097181E+05
           HessRho_EigVec1 =  1.3191053991E-02  6.9080416302E-01  7.2292157559E-01
           HessRho_EigVec2 =  2.1199485507E-02  7.2262875911E-01 -6.9091117977E-01
           HessRho_EigVec3 =  9.9968824036E-01 -2.4439412140E-02  5.1124578653E-03
           DelSqRho = -4.3488435049E+05
           Bond Ellipticity = NA
           V = -1.0873148970E+05
           G =  5.2010400521E+00
           K =  1.0872628866E+05
           L =  1.0872108762E+05
           Vnuc =  1.3782820422E+07
           Ven = -1.6214963696E+09
           Vrep =  1.6213876382E+09
           DelSqV =  2.4945232686E+09
           DelSqVen =  5.9939299000E+12
           DelSqVrep = -5.9914353768E+12
           DelSqG =  1.3398753045E+08
           DelSqK = -2.6285107990E+09
           Stress_EigVals = -3.6244065974E+04 -3.6243981526E+04 -3.6243442203E+04
           Stress_EigVec1 =  9.9977850555E-01 -2.0899317188E-02  2.4816068209E-03
           Stress_EigVec2 =  1.6825076420E-02  7.2284912912E-01 -6.9080102297E-01
           Stress_EigVec3 =  1.2643442364E-02  6.9068976760E-01  7.2304065466E-01
           -DivStress =  9.9960132392E+00 -2.2806767563E+02  2.6778425730E+02
           ESP =  -1.4727715233E+01     ESP at Nucleus =  -1.4727715235E+01
           ESPe = -3.7957394992E+01     ESPe at Nucleus = -3.7957394715E+01
           ESPn =  2.3229679759E+01     ESPn at Nucleus =  2.3229679480E+01

CP# 9      Coords =  5.90874506977500E-02  2.09088686982080E+00 -6.61552766158165E-01
           Type = (3,-3) NACP C9
           Rho =  1.1764338325E+02     Rho at Nucleus =  1.1764338323E+02
           GradRho = -1.4510224619E-13 -3.8867568886E-11  1.1033705200E-11
           HessRho_EigVals = -1.4495809609E+05 -1.4495698992E+05 -1.4495682610E+05
           HessRho_EigVec1 =  1.1424284768E-02  6.9053584170E-01  7.2320794869E-01
           HessRho_EigVec2 =  7.1639575511E-03  7.2318006261E-01 -6.9062238217E-01
           HessRho_EigVec3 =  9.9990907758E-01 -1.3070897806E-02 -3.3148455160E-03
           DelSqRho = -4.3487191211E+05
           Bond Ellipticity = NA
           V = -1.0872838213E+05
           G =  5.2020532272E+00
           K =  1.0872318008E+05
           L =  1.0871797803E+05
           Vnuc =  1.3168512886E+07
           Ven = -1.5491884083E+09
           Vrep =  1.5490796799E+09
           DelSqV =  2.4944515137E+09
           DelSqVen =  5.7266158961E+12
           DelSqVrep = -5.7241219688E+12
           DelSqG =  1.3398304290E+08
           DelSqK = -2.6284345566E+09
           Stress_EigVals = -3.6243030150E+04 -3.6242944479E+04 -3.6242407505E+04
           Stress_EigVec1 =  9.9990283015E-01 -1.3618635617E-02 -2.9770824439E-03
           Stress_EigVec2 =  7.7955098609E-03  7.2330231051E-01 -6.9048750723E-01
           Stress_EigVec3 =  1.1556828370E-02  6.9039720479E-01  7.2333819154E-01
           -DivStress =  7.5248166178E+00  2.6690361249E+02 -2.5374048422E+02
           ESP =  -1.4727976946E+01     ESP at Nucleus =  -1.4727976947E+01
           ESPe = -3.7704177883E+01     ESPe at Nucleus = -3.7704177519E+01
           ESPn =  2.2976200938E+01     ESPn at Nucleus =  2.2976200572E+01

CP# 10     Coords =  2.40513876682248E+00  2.98621779528013E+00 -1.55410051126252E+00
           Type = (3,-3) NACP C10
           Rho =  1.1767530523E+02     Rho at Nucleus =  1.1767530523E+02
           GradRho =  2.2754131912E-11  2.0274504298E-11 -6.3109240056E-12
           HessRho_EigVals = -1.4500556906E+05 -1.4500469876E+05 -1.4500452297E+05
           HessRho_EigVec1 =  1.1831138357E-02  6.9041945259E-01  7.2331252142E-01
           HessRho_EigVec2 =  1.8610529287E-01  7.0920366628E-01 -6.7999630859E-01
           HessRho_EigVec3 =  9.8245857120E-01 -1.4265741904E-01  1.2010002773E-01
           DelSqRho = -4.3501479079E+05
           Bond Ellipticity = NA
           V = -1.0876408390E+05
           G =  5.1931026298E+00
           K =  1.0875889080E+05
           L =  1.0875369770E+05
           Vnuc =  2.4555754330E+07
           Ven = -2.8896058860E+09
           Vrep =  2.8894971219E+09
           DelSqV =  2.4952766284E+09
           DelSqVen =  1.0682103759E+13
           DelSqVrep = -1.0679608482E+13
           DelSqG =  1.3403546363E+08
           DelSqK = -2.6293120920E+09
           Stress_EigVals = -3.6254903595E+04 -3.6254850846E+04 -3.6254329460E+04
           Stress_EigVec1 =  9.6367320358E-01 -2.0089029340E-01  1.7600297364E-01
           Stress_EigVec2 =  2.6682476026E-01  6.9509614126E-01 -6.6756715147E-01
           Stress_EigVec3 =  1.1768773093E-02  6.9027852671E-01  7.2344802961E-01
           -DivStress =  1.9742587187E+02  1.2696290792E+01 -1.5905266024E+01
           ESP =  -1.4737136212E+01     ESP at Nucleus =  -1.4737136213E+01
           ESPe = -3.5838573885E+01     ESPe at Nucleus = -3.5838573789E+01
           ESPn =  2.1101437673E+01     ESPn at Nucleus =  2.1101437576E+01

CP# 11     Coords =  2.04105126260386E-01 -7.11668294991838E+00 -1.97939024790298E+00
           Type = (3,-3) NACP C11
           Rho =  1.1768365846E+02     Rho at Nucleus =  1.1768365841E+02
           GradRho =  7.7448158997E-11  1.7058754409E-10 -1.8555157411E-12
           HessRho_EigVals = -1.4501310833E+05 -1.4501201729E+05 -1.4501181665E+05
           HessRho_EigVec1 =  1.3046084592E-01 -2.0420901171E-01  9.7019515935E-01
           HessRho_EigVec2 =  9.2467707420E-01 -3.2799068904E-01 -1.9337635933E-01
           HessRho_EigVec3 =  3.5770417404E-01  9.2234526477E-01  1.4603744873E-01
           DelSqRho = -4.3503694227E+05
           Bond Ellipticity = NA
           V = -1.0876941908E+05
           G =  5.0917551124E+00
           K =  1.0876432732E+05
           L =  1.0875923557E+05
           Vnuc =  7.1295748709E+06
           Ven = -8.3903445408E+08
           Vrep =  8.3892568466E+08
           DelSqV =  2.4953974158E+09
           DelSqVen =  3.1016286945E+12
           DelSqVrep = -3.0991331660E+12
           DelSqG =  1.3403966330E+08
           DelSqK = -2.6294370791E+09
           Stress_EigVals = -3.6256740208E+04 -3.6256621538E+04 -3.6256057331E+04
           Stress_EigVec1 =  3.9449167819E-01  9.0859489598E-01  1.3722838937E-01
           Stress_EigVec2 =  9.0938308321E-01 -3.6459101338E-01 -2.0023935909E-01
           Stress_EigVec3 =  1.3190422210E-01 -2.0378593663E-01  9.7008894861E-01
           -DivStress = -3.8684286057E+02 -5.5998029253E+02 -5.7657750345E+01
           ESP =  -1.4752340571E+01     ESP at Nucleus =  -1.4752340583E+01
           ESPe = -3.0259126140E+01     ESPe at Nucleus = -3.0259126161E+01
           ESPn =  1.5506785568E+01     ESPn at Nucleus =  1.5506785577E+01

CP# 12     Coords = -8.95506233754248E-01 -9.35636951091996E+00 -2.29954559648238E+00
           Type = (3,-3) NACP C12
           Rho =  1.1767549362E+02     Rho at Nucleus =  1.1767549353E+02
           GradRho = -1.3218237616E-10 -2.7907631761E-10 -6.5329491816E-11
           HessRho_EigVals = -1.4500171188E+05 -1.4500073712E+05 -1.4500050786E+05
           HessRho_EigVec1 =  1.3334484370E-01 -2.0103179535E-01  9.7046657331E-01
           HessRho_EigVec2 =  8.8643826746E-01 -4.1372686216E-01 -2.0750248556E-01
           HessRho_EigVec3 =  4.4322268742E-01  8.8792809438E-01  1.2303393260E-01
           DelSqRho = -4.3500295686E+05
           Bond Ellipticity = NA
           V = -1.0876092531E+05
           G =  5.0930500195E+00
           K =  1.0875583226E+05
           L =  1.0875073921E+05
           Vnuc =  5.4210767413E+06
           Ven = -6.3792788151E+08
           Vrep =  6.3781912058E+08
           DelSqV =  2.4952019687E+09
           DelSqVen =  2.3581846405E+12
           DelSqVrep = -2.3556895041E+12
           DelSqG =  1.3402795731E+08
           DelSqK = -2.6292299260E+09
           Stress_EigVals = -3.6253905199E+04 -3.6253776883E+04 -3.6253243233E+04
           Stress_EigVec1 =  4.3940123285E-01  8.8942355085E-01  1.2590593225E-01
           Stress_EigVec2 =  8.8844784149E-01 -4.0960424970E-01 -2.0708643502E-01
           Stress_EigVec3 =  1.3261594745E-01 -2.0285488859E-01  9.7018704622E-01
           -DivStress =  3.8487935045E+02  8.0478287573E+02  1.1115738129E+02
           ESP =  -1.4750811560E+01     ESP at Nucleus =  -1.4750811576E+01
           ESPe = -2.8362503366E+01     ESPe at Nucleus = -2.8362505003E+01
           ESPn =  1.3611691806E+01     ESPn at Nucleus =  1.3611693426E+01

CP# 13     Coords = -2.31334259971143E+00 -7.91142444225505E-01  2.12509343558476E+00
           Type = (3,-3) NACP C13
           Rho =  1.1767997188E+02     Rho at Nucleus =  1.1767997187E+02
           GradRho = -2.0256907263E-11 -2.6089130856E-12  1.9289347897E-11
           HessRho_EigVals = -1.4501296836E+05 -1.4501210389E+05 -1.4501193545E+05
           HessRho_EigVec1 =  1.2363052060E-02  6.8946571735E-01  7.2421279991E-01
           HessRho_EigVec2 =  1.9971932845E-01  7.0797152700E-01 -6.7741309908E-01
           HessRho_EigVec3 =  9.7977515012E-01 -1.5301418746E-01  1.2894694121E-01
           DelSqRho = -4.3503700771E+05
           Bond Ellipticity = NA
           V = -1.0876964116E+05
           G =  5.1946147883E+00
           K =  1.0876444654E+05
           L =  1.0875925193E+05
           Vnuc =  2.2338144476E+07
           Ven = -2.6287522137E+09
           Vrep =  2.6286434441E+09
           DelSqV =  2.4954053916E+09
           DelSqVen =  9.7179297382E+12
           DelSqVrep = -9.7154301385E+12
           DelSqG =  1.3404389663E+08
           DelSqK = -2.6294492882E+09
           Stress_EigVals = -3.6256754301E+04 -3.6256703623E+04 -3.6256183232E+04
           Stress_EigVec1 =  9.5959138015E-01 -2.1099678485E-01  1.8618469304E-01
           Stress_EigVec2 =  2.8115886835E-01  6.9168429225E-01 -6.6522366960E-01
