AIMSum (Version 19.02.13, Professional)
Copyright (c) 1997-2019 by Todd A. Keith
AIMSum is a component of the AIMAll package ( http://aim.tkgristmill.com )

TP:  64-bit Linux

Much of the Quantum Theory of Atoms in Molecules (QTAIM) is described in the book:
  "Atoms in Molecules - A Quantum Theory"
  R.F.W. Bader, Oxford University Press, Oxford, 1990

For additional references see:  http://aim.tkgristmill.com/references.html

Wfn File:  /home/mhennefarth/Documents/ML_Diels/summary-hayden2009/18-opt/18-opt.wfn
Sum File:  /home/mhennefarth/Documents/ML_Diels/summary-hayden2009/18-opt/18-opt.sum

SumViz File:  /home/mhennefarth/Documents/ML_Diels/summary-hayden2009/18-opt/18-opt.sumviz

Wfn Title:   Title Card Required                                                           
 
Total memory allocated for AIMSum =        1.846 Megabytes

Atomic units (a.u.) used throughout, except where stated otherwise

Model:  Restricted SCF
 
Restricted, closed-shell, single-determinant wavefunction.
  Number of electrons (from MO Occs)                   =         122.0000000000
  Number of Alpha electrons (from MO Occs)             =          61.0000000000
  Number of Beta electrons (from MO Occs)              =          61.0000000000
  Number of electron pairs (N*(N-1)/2)                 =        7381.0000000000
  Number of electron pairs (from Muller 2EDM)          =        7381.0000000000
 
Nuclear Charges and Cartesian Coordinates:
-------------------------------------------------------------------------------
Atom      Charge                X                  Y                  Z
-------------------------------------------------------------------------------
C1         6.0          -3.3864894300E+00  -4.6030229400E+00   9.6232179000E-01
C2         6.0          -5.2489959500E+00  -2.8473194000E+00   1.2250333700E+00
C3         6.0          -4.8058427200E+00  -2.2269335000E-01   6.8036158000E-01
C4         6.0          -2.3495048500E+00   5.2589867000E-01  -1.5205844000E-01
C5         6.0          -3.9814087000E-01  -1.3138385700E+00  -4.2801029000E-01
C6         6.0          -8.9601577000E-01  -3.9082975900E+00   1.2807992000E-01
C7         6.0           1.0551894600E+00  -5.6837306500E+00  -1.5788843000E-01
C8         6.0           3.4465571500E+00  -4.9379740000E+00  -9.7258309000E-01
C9         6.0           3.9484987000E+00  -2.4100192600E+00  -1.5202581100E+00
C10        6.0           2.0576007000E+00  -5.6544030000E-01  -1.2612299700E+00
C11        6.0          -1.8513110300E+00   3.1202205800E+00  -7.0827416000E-01
C12        6.0          -3.8024535900E+00   4.8955945500E+00  -4.2278372000E-01
C13        6.0          -6.1941977900E+00   4.1496394700E+00   3.9074099000E-01
C14        6.0          -6.6957083200E+00   1.6220342100E+00   9.3711729000E-01
C15        6.0           9.4644295700E+00   1.4099868700E+00   2.0213589300E+00
C16        6.0           8.7373327800E+00   3.8114650600E+00   1.8279405700E+00
C17        6.0           2.5027706100E+00   2.0592165800E+00  -1.8075279200E+00
C18        6.0           6.3940184000E-01   3.8147924500E+00  -1.5424459900E+00
H19        1.0          -3.7561849000E+00  -6.5800933500E+00   1.3836067400E+00
H20        1.0          -7.1221635100E+00  -3.4074309300E+00   1.8579213200E+00
H21        1.0           6.7996515000E-01  -7.6593218300E+00   2.6468315000E-01
H22        1.0           4.9322745000E+00  -6.3397104600E+00  -1.1849856200E+00
H23        1.0           5.8176847500E+00  -1.8409438900E+00  -2.1547470700E+00
H24        1.0          -3.4274900800E+00   6.8711479600E+00  -8.4579626000E-01
H25        1.0          -7.6808480300E+00   5.5506784700E+00   6.0050015000E-01
H26        1.0          -8.5668356900E+00   1.0562065000E+00   1.5704077000E+00
H27        1.0           8.1074230200E+00  -1.1190688000E-01   2.2751596800E+00
H28        1.0           6.7560601600E+00   4.3489285100E+00   1.9161817000E+00
H29        1.0           4.3781583100E+00   2.6170834200E+00  -2.4331787300E+00
H30        1.0           1.0078044500E+00   5.7916886300E+00  -1.9664511000E+00
H31        1.0           1.1444929460E+01   8.6620802000E-01   1.9386689700E+00
H32        1.0           1.0090499470E+01   5.3383915000E+00   1.5786633900E+00
 
Some Atomic Properties:
----------------------
  q(A) = Net Charge of Atom A
  L(A) = Lagrangian of Atom A = -(1/4) Times Atomic Integral of the Laplacian of the Electron Density
  K(A) = Electronic Kinetic Energy of Atom A (Hamiltonian Form)
  K_Scaled(A) = K(A) * E(Mol)/K(Mol) = Approximation to Virial-Based Total Energy of Atom A.
  |Mu_Intra(A)| = Magnitude of Intraatomic Dipole Moment of Atom A
--------------------------------------------------------------------------------------------------
Atom A          q(A)              L(A)              K(A)          K_Scaled(A)      |Mu_Intra(A)|
--------------------------------------------------------------------------------------------------
C1       -4.1209635600E-02  1.0633639846E-04  3.7736634735E+01 -3.8109157585E+01  1.0741316269E-01
C2       -4.1241432400E-02  5.0169288518E-05  3.7736584337E+01 -3.8109106690E+01  1.0735524151E-01
C3        1.1344528200E-02  1.8767841465E-04  3.7739581211E+01 -3.8112133148E+01  2.2660459237E-02
C4       -8.0434532000E-03  2.6724332441E-06  3.7760023238E+01 -3.8132776972E+01  3.2477675277E-03
C5       -8.2432878000E-03  6.1274259930E-05  3.7760323662E+01 -3.8133080361E+01  3.2926299953E-03
C6        1.0929181000E-02 -2.5516460968E-04  3.7739448332E+01 -3.8111998957E+01  2.3406008978E-02
C7       -4.4294143000E-02 -4.3454866275E-05  3.7735084661E+01 -3.8107592210E+01  1.1487084732E-01
C8       -3.4041548900E-02 -1.3296170957E-04  3.7723979576E+01 -3.8096377499E+01  1.1465932182E-01
C9       -4.7702570900E-02 -1.0311029618E-04  3.7736143828E+01 -3.8108661832E+01  1.2147076365E-01
C10       9.6250351000E-03 -1.5231121749E-05  3.7739942923E+01 -3.8112498430E+01  2.3852756879E-02
C11       1.0974991300E-02 -7.8340624495E-05  3.7739513599E+01 -3.8112064868E+01  2.3025006103E-02
C12      -4.4072745100E-02  1.0212685188E-04  3.7735139553E+01 -3.8107647644E+01  1.1466512147E-01
C13      -3.2318783200E-02  1.0924257710E-04  3.7723765026E+01 -3.8096160831E+01  1.1471545476E-01
C14      -4.4219641400E-02 -1.7976096635E-04  3.7735004123E+01 -3.8107510877E+01  1.1519998165E-01
C15      -8.3952564200E-02  2.4412386582E-05  3.7695264294E+01 -3.8067378750E+01  9.4210203065E-02
C16      -8.4090285000E-02 -3.0764869583E-05  3.7695259238E+01 -3.8067373644E+01  9.3185788710E-02
C17      -4.4011382700E-02  6.6689217785E-05  3.7737917184E+01 -3.8110452694E+01  1.1583713006E-01
C18      -4.4029097600E-02 -1.0102238135E-04  3.7736896831E+01 -3.8109422268E+01  1.0807003406E-01
H19       3.8511827100E-02  2.2895867151E-05  5.9898184519E-01 -6.0489478432E-01  1.5182978905E-01
H20       3.8528207240E-02  1.7779486123E-05  5.9897770643E-01 -6.0489060470E-01  1.5183358872E-01
H21       3.6658084290E-02  2.2276742877E-05  5.9951836559E-01 -6.0543660107E-01  1.5232888442E-01
H22       3.9585828690E-02  2.9778791525E-05  5.9946380066E-01 -6.0538149749E-01  1.4951360233E-01
H23       4.1367960080E-02  1.6169883533E-05  5.9760425037E-01 -6.0350359037E-01  1.4991193909E-01
H24       3.6599770610E-02  2.1148521543E-05  5.9953841114E-01 -6.0545684449E-01  1.5234216301E-01
H25       3.9716049230E-02  1.7861322714E-05  5.9943471292E-01 -6.0535212260E-01  1.4949668772E-01
H26       3.6680798880E-02  1.7929330357E-05  5.9950619911E-01 -6.0542431448E-01  1.5232823259E-01
H27       4.6356598850E-02  2.8276890192E-06  5.9303510673E-01 -5.9888934174E-01  1.4355699763E-01
H28       4.5346360700E-02  7.7283027793E-06  5.9342916956E-01 -5.9928729462E-01  1.4434188786E-01
H29       4.5540564070E-02  1.7264326274E-05  5.9627458966E-01 -6.0216080371E-01  1.4855618054E-01
H30       3.8176509250E-02  1.9645454239E-05  5.9902793057E-01 -6.0494132464E-01  1.5195028673E-01
H31       3.7716375350E-02  2.4966621079E-05  5.9650186136E-01 -6.0239031896E-01  1.4765178533E-01
H32       3.7809319250E-02  2.3395351608E-05  5.9647720692E-01 -6.0236542114E-01  1.4764459460E-01
--------------------------------------------------------------------------------------------------
Total    -2.5818099996E-06  3.2458073739E-05  6.8757427751E+02 -6.9436177012E+02
 
1st Largest |L(A)| = 2.5516460968E-04, atom C6      
2nd Largest |L(A)| = 1.8767841465E-04, atom C3      
 
Molecular charge q(Mol) from the wfn file:   0.0000000000E+00
Molecular energy E(Mol) from the wfn file:  -6.9436182393E+02
Molecular virial ratio (-V(Mol)/T(Mol)) from the wfn file:   2.0098716500E+00
Note.  K_Scaled(A) = (1+V(Mol)/T(Mol))*K(A) = (E(Mol)/T(Mol))*K(A)
       Only use K_Scaled(A) data with caution.
 
N_AIMInt(SumA)     =        122.000003
N_Analytic(Mol)    =        121.999978
 
G_AIMInt(SumA)     =        687.574245
G_Analytic(Mol)    =        687.574280
 
K_AIMInt(SumA)     =        687.574278
K_Analytic(Mol)    =        687.574280
 
L_AIMInt(SumA)     =          0.000032
L_Analytic(Mol)    =          0.000000
 
VenT_AIMInt(SumA)  =      -3905.883245
VenT_Analytic(Mol) =      -3905.882689
 
Some Information About the Atomic Calculations:
----------------------------------------------
  Time(sec) = "Elapsed User Time", in Seconds, for Atom A by AIMInt and, if used, by TWOe
  NProc = Number of Processors Used for AIMInt Job
  BIM = Basin Integration Method
  OAQ = Angular Quadrature Outside of Beta Sphere
  ORQ = Multiple of Default for Radial Quadrature Outside of Beta Sphere
  IAQ = Multiple of Default for Angular Quadrature Inside of Beta Sphere
  IRQ = Multiple of Default for Radial Quadrature Inside of Beta Sphere
  MIR = Maximum Integration Radius
------------------------------------------------------------------------------------------------------
Atom A     Time(sec)   NProc      BIM          OAQ                     ORQ      IAQ      IRQ      MIR
------------------------------------------------------------------------------------------------------
C1             25        8     Proaim(5)    4500(GS4)                  1.00     1.00     1.00    13.00
C2             26        8     Proaim(5)    4500(GS4)                  1.00     1.00     1.00    13.00
C3             27        8     Proaim(5)    4500(GS4)                  1.00     1.00     1.00    13.00
C4             26        8     Proaim(5)    4500(GS4)                  1.00     1.00     1.00    13.00
C5             26        8     Proaim(5)    4500(GS4)                  1.00     1.00     1.00    13.00
C6             27        8     Proaim(5)    4500(GS4)                  1.00     1.00     1.00    13.00
C7             24        8     Proaim(5)    4500(GS4)                  1.00     1.00     1.00    13.00
C8             22        8     Proaim(5)    4500(GS4)                  1.00     1.00     1.00    13.00
C9             34        8     Proaim(5)    4500(GS4)                  1.00     1.00     1.00    13.00
C10            30        8     Proaim(5)    4500(GS4)                  1.00     1.00     1.00    13.00
C11            27        8     Proaim(5)    4500(GS4)                  1.00     1.00     1.00    13.00
C12            24        8     Proaim(5)    4500(GS4)                  1.00     1.00     1.00    13.00
C13            21        8     Proaim(5)    4500(GS4)                  1.00     1.00     1.00    13.00
C14            24        8     Proaim(5)    4500(GS4)                  1.00     1.00     1.00    13.00
C15            23        8     Proaim(5)    4500(GS4)                  1.00     1.00     1.00    13.00
C16            25        8     Proaim(5)    4500(GS4)                  1.00     1.00     1.00    13.00
C17            34        8     Proaim(5)    4500(GS4)                  1.00     1.00     1.00    13.00
C18            28        8     Proaim(5)    4500(GS4)                  1.00     1.00     1.00    13.00
H19             8        8     Proaim(5)    1800(GS4)                  1.00     1.00     1.00    13.00
H20             8        8     Proaim(5)    1800(GS4)                  1.00     1.00     1.00    13.00
H21             8        8     Proaim(5)    1800(GS4)                  1.00     1.00     1.00    13.00
H22             7        8     Proaim(5)    1800(GS4)                  1.00     1.00     1.00    13.00
H23            26        8     Proaim(5)    4500(GS4)                  1.00     1.00     1.00    13.00
H24             8        8     Proaim(5)    1800(GS4)                  1.00     1.00     1.00    13.00
H25             6        8     Proaim(5)    1800(GS4)                  1.00     1.00     1.00    13.00
H26             8        8     Proaim(5)    1800(GS4)                  1.00     1.00     1.00    13.00
H27            19        8     Proaim(5)    4500(GS4)                  1.00     1.00     1.00    13.00
H28            27        8     Proaim(5)    4500(GS4)                  1.00     1.00     1.00    13.00
H29            31        8     Proaim(5)    4500(GS4)                  1.00     1.00     1.00    13.00
H30             8        8     Proaim(5)    1800(GS4)                  1.00     1.00     1.00    13.00
H31             6        8     Proaim(5)    1800(GS4)                  1.00     1.00     1.00    13.00
H32             6        8     Proaim(5)    1800(GS4)                  1.00     1.00     1.00    13.00
------------------------------------------------------------------------------------------------------
Total         649
Note:  Total wall clock time is less than total of atomic times if more than one atom
       was calculated at a time
 
Electron Density Critical Point Analysis of Molecular Structure:               
---------------------------------------------------------------                
  NACP = Nuclear Attractor Critical Point                                      
  NNACP = Non-Nuclear Attractor Critical Point                                 
  BCP = Bond Critical Point                                                    
  RCP = Ring Critical Point                                                    
  CCP = Cage Critical Point                                                    
  Rho = Electron Density                                                       
  GradRho = Gradient of Electron Density                                       
  HessRho_EigVals = Eigenvalues of the Hessian of Rho, Ascending Order         
  HessRho_EigVecs = Eigenvectors of the Hessian of Rho                         
  DelSqRho = Laplacian of Rho = Trace of Hessian of Rho                        
  Bond Ellipticity = (HessRho_EigVal(1) / HessRho_EigVal(2)) - 1               
  V = Virial Field = Potential Energy Density = Trace of Stress Tensor         
  G = Lagrangian Form of Kinetic Energy Density                                
  K = Hamiltonian Form of Kinetic Energy Density                               
  L = K - G = Lagrangian Density = (-1/4)DelSqRho                              
  Vnuc = Electrostatic Potential from Nuclei                                   
  Ven = Electron-nuclear attractive contribution to Virial Field V             
  Vrep = V - Ven = Repulsive contribution to Virial Field V                    
  DelSqV = Laplacian of V                                                      
  DelSqVen = Laplacian of Ven                                                  
  DelSqVrep = Laplacian of Vrep                                                
  DelSqG = Laplacian of G                                                      
  DelSqK = Laplacian of K                                                      
  Stress_EigVals = Eigenvalues of Stress Tensor, Ascending Order               
  Stress_EigVecs = Eigenvectors of Stress Tensor                               
  -DivStress = Ehrenfest Force Density = Minus Divergence of Stress Tensor     
  ESP = Total Electrostatic Potential                                          
  ESPe = Electrostatic Potential from Electrons                                
  ESPn = Electrostatic Potential from Nuclei                                   
  BP = Bond Path                                                               
  BPL = Bond Path Length                                                       
  GBL = Geometric Bond Length                                                  
  GBL_I = Distance Between Nuclear Attractors                                  
  GBL_II = Distance Between Nuclei                                             
  GBL_III = Sum of Distances Between BCP and Nuclear Attractors                
  GBL_IV = Sum of Distances Between BCP and Nuclei                             

CP# 1      Coords = -3.38648878382057E+00 -4.60302316096982E+00  9.62321637057280E-01
           Type = (3,-3) NACP C1
           Rho =  1.1767169886E+02     Rho at Nucleus =  1.1767169882E+02
           GradRho =  7.3145970829E-11 -1.2476292378E-11 -2.4108980688E-11
           HessRho_EigVals = -1.4499897504E+05 -1.4499805470E+05 -1.4499776924E+05
           HessRho_EigVec1 =  2.7592048755E-01  1.5063211241E-01  9.4930387720E-01
           HessRho_EigVec2 =  6.7317819796E-01  6.7467954321E-01 -3.0271872715E-01
           HessRho_EigVec3 = -6.8607506757E-01  7.2257697215E-01  8.4755654514E-02
           DelSqRho = -4.3499479898E+05
           Bond Ellipticity = NA
           V = -1.0875905092E+05
           G =  5.1755880192E+00
           K =  1.0875387533E+05
           L =  1.0874869975E+05
           Vnuc =  8.5734860388E+06
           Ven = -1.0088566673E+09
           Vrep =  1.0087479083E+09
           DelSqV =  2.4951596271E+09
           DelSqVen =  3.7294233354E+12
           DelSqVrep = -3.7269281758E+12
           DelSqG =  1.3402703024E+08
           DelSqK = -2.6291866574E+09
           Stress_EigVals = -3.6253266346E+04 -3.6253150116E+04 -3.6252634460E+04
           Stress_EigVec1 = -6.1552951987E-01  7.8625298169E-01  5.4126324053E-02
           Stress_EigVec2 =  7.3823358214E-01  5.9925570383E-01 -3.0968335381E-01
           Stress_EigVec3 =  2.7592496873E-01  1.5066137599E-01  9.4929793080E-01
           -DivStress = -5.2179511575E+02  1.7647401094E+02  1.2382647016E+02
           ESP =  -1.4736856431E+01     ESP at Nucleus =  -1.4736856435E+01
           ESPe = -3.3560907306E+01     ESPe at Nucleus = -3.3560907127E+01
           ESPn =  1.8824050875E+01     ESPn at Nucleus =  1.8824050692E+01

CP# 2      Coords = -5.24899622249475E+00 -2.84731875538101E+00  1.22503334705663E+00
           Type = (3,-3) NACP C2
           Rho =  1.1767184919E+02     Rho at Nucleus =  1.1767184915E+02
           GradRho = -7.9851509560E-11  7.3181945873E-11 -7.7834353647E-12
           HessRho_EigVals = -1.4499915001E+05 -1.4499822695E+05 -1.4499794145E+05
           HessRho_EigVec1 =  2.7586960018E-01  1.5057242259E-01  9.4932813571E-01
           HessRho_EigVec2 =  5.8920158385E-01  7.5384679371E-01 -2.9078601273E-01
           HessRho_EigVec3 = -7.5943232568E-01  6.3956466222E-01  1.1924590371E-01
           DelSqRho = -4.3499531841E+05
           Bond Ellipticity = NA
           V = -1.0875918011E+05
           G =  5.1752552195E+00
           K =  1.0875400486E+05
           L =  1.0874882960E+05
           Vnuc =  8.5687072373E+06
           Ven = -1.0082956257E+09
           Vrep =  1.0081868666E+09
           DelSqV =  2.4951625652E+09
           DelSqVen =  3.7273471549E+12
           DelSqVrep = -3.7248519924E+12
           DelSqG =  1.3402717707E+08
           DelSqK = -2.6291897423E+09
           Stress_EigVals = -3.6253309663E+04 -3.6253193367E+04 -3.6252677083E+04
           Stress_EigVec1 =  8.1417521158E-01 -5.6157038636E-01 -1.4750398643E-01
           Stress_EigVec2 = -5.1092888410E-01 -8.1362459104E-01  2.7742873002E-01
           Stress_EigVec3 =  2.7580862974E-01  1.5051154778E-01  9.4935550440E-01
           -DivStress =  2.1815154141E+02 -5.2071726011E+02  1.9116767487E+01
           ESP =  -1.4736817070E+01     ESP at Nucleus =  -1.4736817075E+01
           ESPe = -3.3495167936E+01     ESPe at Nucleus = -3.3495167794E+01
           ESPn =  1.8758350866E+01     ESPn at Nucleus =  1.8758350719E+01

CP# 3      Coords = -4.80584253790294E+00 -2.22693796642666E-01  6.80361598109720E-01
           Type = (3,-3) NACP C3
           Rho =  1.1763930809E+02     Rho at Nucleus =  1.1763930807E+02
           GradRho = -1.2709099788E-11 -2.3054068044E-11  4.0833161166E-12
           HessRho_EigVals = -1.4495187268E+05 -1.4495074678E+05 -1.4495060689E+05
           HessRho_EigVec1 =  2.7594480854E-01  1.5053746606E-01  9.4931182124E-01
           HessRho_EigVec2 =  6.9439049735E-01  6.5167795954E-01 -3.0518465596E-01
           HessRho_EigVec3 = -6.6458731543E-01  7.4340722915E-01  7.5295363847E-02
           DelSqRho = -4.3485322635E+05
           Bond Ellipticity = NA
           V = -1.0872372831E+05
           G =  5.2108635362E+00
           K =  1.0871851745E+05
           L =  1.0871330659E+05
           Vnuc =  1.2430697202E+07
           Ven = -1.4623386179E+09
           Vrep =  1.4622298942E+09
           DelSqV =  2.4943436811E+09
           DelSqVen =  5.4055277691E+12
           DelSqVrep = -5.4030334254E+12
           DelSqG =  1.3397613755E+08
           DelSqK = -2.6283198186E+09
           Stress_EigVals = -3.6241467845E+04 -3.6241404577E+04 -3.6240855892E+04
           Stress_EigVec1 = -6.3345391092E-01  7.7130636523E-01  6.1827450986E-02
           Stress_EigVec2 =  7.2292435977E-01  6.1841795449E-01 -3.0812270871E-01
           Stress_EigVec3 =  2.7589221227E-01  1.5048496446E-01  9.4933543212E-01
           -DivStress = -1.4402938356E+02  3.6365314159E+02 -1.5963893964E+01
           ESP =  -1.4730008098E+01     ESP at Nucleus =  -1.4730008100E+01
           ESPe = -3.5822249667E+01     ESPe at Nucleus = -3.5822249564E+01
           ESPn =  2.1092241569E+01     ESPn at Nucleus =  2.1092241464E+01

CP# 4      Coords = -2.34950480242779E+00  5.25898625411099E-01 -1.52058447701520E-01
           Type = (3,-3) NACP C4
           Rho =  1.1764705260E+02     Rho at Nucleus =  1.1764705260E+02
           GradRho = -1.2281000415E-11  5.0573339240E-12  4.6643857673E-13
           HessRho_EigVals = -1.4496565121E+05 -1.4496458074E+05 -1.4496456717E+05
           HessRho_EigVec1 =  2.7598418873E-01  1.5058160992E-01  9.4929337211E-01
           HessRho_EigVec2 = -7.0668162708E-01  7.0123037565E-01  9.4218035515E-02
           HessRho_EigVec3 =  6.5148584445E-01  6.9685087287E-01 -2.9994175344E-01
           DelSqRho = -4.3489479912E+05
           Bond Ellipticity = NA
           V = -1.0873416017E+05
           G =  5.2301937479E+00
           K =  1.0872892997E+05
           L =  1.0872369978E+05
           Vnuc =  9.1386609072E+07
           Ven = -1.0751365204E+10
           Vrep =  1.0751256470E+10
           DelSqV =  2.4945863015E+09
           DelSqVen =  3.9740795519E+13
           DelSqVrep = -3.9738569368E+13
           DelSqG =  1.3399326614E+08
           DelSqK = -2.6285795676E+09
           Stress_EigVals = -3.6244905107E+04 -3.6244903021E+04 -3.6244352039E+04
           Stress_EigVec1 =  6.5452000591E-01  6.9386363256E-01 -3.0026125504E-01
           Stress_EigVec2 = -7.0388332287E-01  7.0420467400E-01  9.2973355862E-02
           Stress_EigVec3 =  2.7595620965E-01  1.5049596850E-01  9.4931508669E-01
           -DivStress = -3.7629219893E+01  3.5291894169E+01  6.1641919326E+00
           ESP =  -1.4731436416E+01     ESP at Nucleus =  -1.4731436416E+01
           ESPe = -3.7662425415E+01     ESPe at Nucleus = -3.7662425392E+01
           ESPn =  2.2930989000E+01     ESPn at Nucleus =  2.2930988976E+01

CP# 5      Coords = -3.98140925556602E-01 -1.31383853043128E+00 -4.28010279514148E-01
           Type = (3,-3) NACP C5
           Rho =  1.1764725798E+02     Rho at Nucleus =  1.1764725798E+02
           GradRho = -3.7902904345E-12  6.3799858661E-12 -8.8928684109E-13
           HessRho_EigVals = -1.4496593636E+05 -1.4496486410E+05 -1.4496484855E+05
           HessRho_EigVec1 =  2.7603180907E-01  1.5045329609E-01  9.4929987153E-01
           HessRho_EigVec2 = -6.4226000103E-01  7.6366413763E-01  6.5720438017E-02
           HessRho_EigVec3 =  7.1505841122E-01  6.2783826786E-01 -3.0742572753E-01
           DelSqRho = -4.3489564901E+05
           Bond Ellipticity = NA
           V = -1.0873437258E+05
           G =  5.2301641823E+00
           K =  1.0872914242E+05
           L =  1.0872391225E+05
           Vnuc =  8.6945838648E+07
           Ven = -1.0228939510E+10
           Vrep =  1.0228830776E+10
           DelSqV =  2.4945911894E+09
           DelSqVen =  3.7810744590E+13
           DelSqVrep = -3.7808518435E+13
           DelSqG =  1.3399355804E+08
           DelSqK = -2.6285847475E+09
           Stress_EigVals = -3.6244976413E+04 -3.6244973767E+04 -3.6244422402E+04
           Stress_EigVec1 =  7.6077686880E-01  5.6936429546E-01 -3.1151702194E-01
           Stress_EigVec2 = -5.8735715030E-01  8.0819893372E-01  4.2732441178E-02
           Stress_EigVec3 =  2.7609805123E-01  1.5046189748E-01  9.4927924422E-01
           -DivStress =  4.4110583622E+01 -3.1217554305E+01 -8.3182562569E+00
           ESP =  -1.4731467759E+01     ESP at Nucleus =  -1.4731467759E+01
           ESPe = -3.7823222946E+01     ESPe at Nucleus = -3.7823222930E+01
           ESPn =  2.3091755187E+01     ESPn at Nucleus =  2.3091755171E+01

CP# 6      Coords = -8.96016213976206E-01 -3.90829744247991E+00  1.28080026428377E-01
           Type = (3,-3) NACP C6
           Rho =  1.1763950610E+02     Rho at Nucleus =  1.1763950609E+02
           GradRho = -2.2653903694E-11  5.9839652961E-12  6.7679995214E-12
           HessRho_EigVals = -1.4495212061E+05 -1.4495099135E+05 -1.4495085201E+05
           HessRho_EigVec1 =  2.7626107362E-01  1.5046660618E-01  9.4923106756E-01
           HessRho_EigVec2 =  5.6148890599E-01  7.7631481322E-01 -2.8647079996E-01
           HessRho_EigVec3 = -7.8000642795E-01  6.1212344442E-01  1.2998023368E-01
           DelSqRho = -4.3485396397E+05
           Bond Ellipticity = NA
           V = -1.0872391203E+05
           G =  5.2105169585E+00
           K =  1.0871870151E+05
           L =  1.0871349099E+05
           Vnuc =  1.2505340189E+07
           Ven = -1.4711220436E+09
           Vrep =  1.4710133197E+09
           DelSqV =  2.4943478840E+09
           DelSqVen =  5.4379937792E+12
           DelSqVrep = -5.4354994313E+12
           DelSqG =  1.3397636540E+08
           DelSqK = -2.6283242494E+09
           Stress_EigVals = -3.6241529289E+04 -3.6241466077E+04 -3.6240916661E+04
           Stress_EigVec1 = -8.0299355292E-01  5.7886996587E-01  1.4181296337E-01
           Stress_EigVec2 =  5.2816078882E-01  8.0141339749E-01 -2.8068264548E-01
           Stress_EigVec3 =  2.7612956219E-01  1.5048630814E-01  9.4926620921E-01
           -DivStress =  3.6112596149E+02 -1.1575393381E+02 -8.7193494916E+01
           ESP =  -1.4729909866E+01     ESP at Nucleus =  -1.4729909868E+01
           ESPe = -3.6023443061E+01     ESPe at Nucleus = -3.6023442993E+01
           ESPn =  2.1293533195E+01     ESPn at Nucleus =  2.1293533125E+01

CP# 7      Coords =  1.05518957567386E+00 -5.68373072089145E+00 -1.57888450757207E-01
           Type = (3,-3) NACP C7
           Rho =  1.1766114265E+02     Rho at Nucleus =  1.1766114264E+02
           GradRho = -6.5239887331E-12  8.2380862724E-12  8.9241327273E-13
           HessRho_EigVals = -1.4498367231E+05 -1.4498271337E+05 -1.4498256370E+05
           HessRho_EigVec1 =  2.7693999366E-01  1.5073947505E-01  9.4898991068E-01
           HessRho_EigVec2 = -8.9089092037E-02  9.8739242232E-01 -1.3084088822E-01
           HessRho_EigVec3 =  9.5674833347E-01  4.8309574740E-02 -2.8687769414E-01
           DelSqRho = -4.3494894938E+05
           Bond Ellipticity = NA
           V = -1.0874759333E+05
           G =  5.1779909219E+00
           K =  1.0874241534E+05
           L =  1.0873723734E+05
           Vnuc =  4.3716634473E+07
           Ven = -5.1437491648E+09
           Vrep =  5.1436404172E+09
           DelSqV =  2.4948953204E+09
           DelSqVen =  1.9014692635E+13
           DelSqVrep = -1.9012197739E+13
           DelSqG =  1.3401069468E+08
           DelSqK = -2.6289060151E+09
           Stress_EigVals = -3.6249404270E+04 -3.6249366993E+04 -3.6248822063E+04
           Stress_EigVec1 =  9.3568768191E-01  1.8293666393E-01 -3.0169974960E-01
           Stress_EigVec2 =  2.1908496648E-01 -9.7150997032E-01  9.0388909910E-02
           Stress_EigVec3 =  2.7656886914E-01  1.5067366911E-01  9.4910858497E-01
           -DivStress = -9.9876473538E+01  5.5937881773E+01  1.8909193957E+01
           ESP =  -1.4737917146E+01     ESP at Nucleus =  -1.4737917146E+01
           ESPe = -3.3298223706E+01     ESPe at Nucleus = -3.3298223868E+01
           ESPn =  1.8560306560E+01     ESPn at Nucleus =  1.8560306722E+01

CP# 8      Coords =  3.44655722888714E+00 -4.93797407693172E+00 -9.72583097387577E-01
           Type = (3,-3) NACP C8
           Rho =  1.1765968806E+02     Rho at Nucleus =  1.1765968806E+02
           GradRho =  2.3991166131E-11 -5.1053675914E-12 -5.2969832267E-14
           HessRho_EigVals = -1.4498124390E+05 -1.4498011520E+05 -1.4498004674E+05
           HessRho_EigVec1 =  2.7761473747E-01  1.5189708504E-01  9.4860810301E-01
           HessRho_EigVec2 = -7.3015945966E-01  6.7506907456E-01  1.0558838972E-01
           HessRho_EigVec3 =  6.2433742561E-01  7.2194807301E-01 -2.9831821744E-01
           DelSqRho = -4.3494140584E+05
           Bond Ellipticity = NA
           V = -1.0874567286E+05
           G =  5.1606987831E+00
           K =  1.0874051216E+05
           L =  1.0873535146E+05
           Vnuc =  5.4329825283E+07
           Ven = -6.3924302955E+09
           Vrep =  6.3923215498E+09
           DelSqV =  2.4948510778E+09
           DelSqVen =  2.3630373192E+13
           DelSqVrep = -2.3627878341E+13
           DelSqG =  1.3400756933E+08
           DelSqK = -2.6288586471E+09
           Stress_EigVals = -3.6248760459E+04 -3.6248753396E+04 -3.6248159002E+04
           Stress_EigVec1 =  6.1980701990E-01  7.2647716074E-01 -2.9676622618E-01
           Stress_EigVec2 = -7.3416313205E-01  6.7037212144E-01  1.0772982101E-01
           Stress_EigVec3 =  2.7720705912E-01  1.5110312278E-01  9.4885409451E-01
           -DivStress = -6.1296307504E+01  5.9990895319E+01  5.9015328989E+00
           ESP =  -1.4736811381E+01     ESP at Nucleus =  -1.4736811382E+01
           ESPe = -3.2699431562E+01     ESPe at Nucleus = -3.2699431786E+01
           ESPn =  1.7962620181E+01     ESPn at Nucleus =  1.7962620405E+01

CP# 9      Coords =  3.94849871861693E+00 -2.41001940142890E+00 -1.52025804986871E+00
           Type = (3,-3) NACP C9
           Rho =  1.1766457588E+02     Rho at Nucleus =  1.1766457588E+02
           GradRho = -1.2083567816E-11 -3.0959169717E-11 -9.2111554929E-12
           HessRho_EigVals = -1.4498874955E+05 -1.4498776335E+05 -1.4498763314E+05
           HessRho_EigVec1 =  2.7597848838E-01  1.4909332504E-01  9.4952991232E-01
           HessRho_EigVec2 =  9.6111301382E-01 -5.2963395352E-02 -2.7102887930E-01
           HessRho_EigVec3 =  9.8817313484E-03  9.8740369616E-01 -1.5791229276E-01
           DelSqRho = -4.3496414604E+05
           Bond Ellipticity = NA
           V = -1.0875139485E+05
           G =  5.1791712898E+00
           K =  1.0874621568E+05
           L =  1.0874103651E+05
           Vnuc =  3.8758531659E+07
           Ven = -4.5605061895E+09
           Vrep =  4.5603974381E+09
           DelSqV =  2.4949830531E+09
           DelSqVen =  1.6858686161E+13
           DelSqVrep = -1.6856157623E+13
           DelSqG =  1.3401618338E+08
           DelSqK = -2.6289992365E+09
           Stress_EigVals = -3.6250670771E+04 -3.6250637626E+04 -3.6250086456E+04
           Stress_EigVec1 =  1.7950298034E-01  9.6231705577E-01 -2.0426591548E-01
           Stress_EigVec2 =  9.4412587026E-01 -2.2685892212E-01 -2.3908444231E-01
           Stress_EigVec3 =  2.7641458201E-01  1.4993636527E-01  9.4927028038E-01
           -DivStress = -1.3897347517E+01  1.2116414956E+02 -4.9667686024E+01
           ESP =  -1.4738482218E+01     ESP at Nucleus =  -1.4738482218E+01
           ESPe = -3.3925788117E+01     ESPe at Nucleus = -3.3925788152E+01
           ESPn =  1.9187305899E+01     ESPn at Nucleus =  1.9187305934E+01

CP# 10     Coords =  2.05760051466546E+00 -5.65439866025370E-01 -1.26122998805884E+00
           Type = (3,-3) NACP C10
           Rho =  1.1764039741E+02     Rho at Nucleus =  1.1764039739E+02
           GradRho = -1.0602665020E-11  1.9169681474E-11  1.3833809857E-13
           HessRho_EigVals = -1.4495333277E+05 -1.4495219419E+05 -1.4495205531E+05
           HessRho_EigVec1 =  2.7688682861E-01  1.4955939123E-01  9.4919211577E-01
           HessRho_EigVec2 =  7.0196081582E-01  6.4308388153E-01 -3.0609497605E-01
           HessRho_EigVec3 = -6.5618952841E-01  7.5104933913E-01  7.3076624206E-02
           DelSqRho = -4.3485758227E+05
           Bond Ellipticity = NA
           V = -1.0872481381E+05
           G =  5.2091220623E+00
           K =  1.0871960469E+05
           L =  1.0871439557E+05
           Vnuc =  1.2705472157E+07
           Ven = -1.4946767939E+09
           Vrep =  1.4945680691E+09
           DelSqV =  2.4943686325E+09
           DelSqVen =  5.5250612388E+12
           DelSqVrep = -5.5225668702E+12
           DelSqG =  1.3397758514E+08
           DelSqK = -2.6283462177E+09
           Stress_EigVals = -3.6241830248E+04 -3.6241767559E+04 -3.6241216005E+04
           Stress_EigVec1 = -6.2934508195E-01  7.7472078160E-01  6.1094012681E-02
           Stress_EigVec2 =  7.2617908894E-01  6.1426246124E-01 -3.0878076285E-01
           Stress_EigVec3 =  2.7674663253E-01  1.4996446003E-01  9.4916909037E-01
           -DivStress =  1.4665430100E+02 -3.5334762791E+02  1.6377813672E+01
           ESP =  -1.4730058590E+01     ESP at Nucleus =  -1.4730058591E+01
           ESPe = -3.6594478389E+01     ESPe at Nucleus = -3.6594478287E+01
           ESPn =  2.1864419800E+01     ESPn at Nucleus =  2.1864419696E+01

CP# 11     Coords = -1.85131058486720E+00  3.12022043006829E+00 -7.08274262621622E-01
           Type = (3,-3) NACP C11
           Rho =  1.1763936879E+02     Rho at Nucleus =  1.1763936877E+02
           GradRho =  3.0176580703E-11 -3.9101917068E-11 -2.6281686788E-13
           HessRho_EigVals = -1.4495197033E+05 -1.4495084388E+05 -1.4495070390E+05
           HessRho_EigVec1 =  2.7644270646E-01  1.5089084222E-01  9.4911083851E-01
           HessRho_EigVec2 =  5.6004737576E-01  7.7727310112E-01 -2.8669402363E-01
           HessRho_EigVec3 = -7.8097782744E-01  6.1080150623E-01  1.3036545952E-01
           DelSqRho = -4.3485351811E+05
           Bond Ellipticity = NA
           V = -1.0872380075E+05
           G =  5.2106126590E+00
           K =  1.0871859014E+05
           L =  1.0871337953E+05
           Vnuc =  1.2479619999E+07
           Ven = -1.4680946194E+09
           Vrep =  1.4679858956E+09
           DelSqV =  2.4943453642E+09
           DelSqVen =  5.4268023276E+12
           DelSqVrep = -5.4243069336E+12
           DelSqG =  1.3397624916E+08
           DelSqK = -2.6283216134E+09
           Stress_EigVals = -3.6241492068E+04 -3.6241428695E+04 -3.6240879990E+04
           Stress_EigVec1 = -8.0338026681E-01  5.7830444977E-01  1.4192994851E-01
           Stress_EigVec2 =  5.2754318995E-01  8.0177833834E-01 -2.8080184990E-01
           Stress_EigVec3 =  2.7618531758E-01  1.5071648730E-01  9.4921346957E-01
           -DivStress = -3.6203257794E+02  1.1772882924E+02  8.4206569696E+01
           ESP =  -1.4730009062E+01     ESP at Nucleus =  -1.4730009063E+01
           ESPe = -3.6117203895E+01     ESPe at Nucleus = -3.6117203742E+01
           ESPn =  2.1387194833E+01     ESPn at Nucleus =  2.1387194678E+01

CP# 12     Coords = -3.80245370721929E+00  4.89559462448470E+00 -4.22783697204053E-01
           Type = (3,-3) NACP C12
           Rho =  1.1766112265E+02     Rho at Nucleus =  1.1766112265E+02
           GradRho = -1.5147399624E-11 -5.8810868589E-11  2.1975334015E-12
           HessRho_EigVals = -1.4498362690E+05 -1.4498266782E+05 -1.4498251799E+05
           HessRho_EigVec1 =  2.7605489601E-01  1.5051634719E-01  9.4928316303E-01
           HessRho_EigVec2 = -8.6612900493E-02  9.8753916959E-01 -1.3139480203E-01
           HessRho_EigVec3 =  9.5723137216E-01  4.5947989728E-02 -2.8565168017E-01
           DelSqRho = -4.3494881271E+05
           Bond Ellipticity = NA
           V = -1.0874755944E+05
           G =  5.1781302241E+00
           K =  1.0874238131E+05
           L =  1.0873720318E+05
           Vnuc =  4.2631563921E+07
           Ven = -5.0160776712E+09
           Vrep =  5.0159689236E+09
           DelSqV =  2.4948945258E+09
           DelSqVen =  1.8542648885E+13
           DelSqVrep = -1.8540120436E+13
           DelSqG =  1.3401063188E+08
           DelSqK = -2.6289051577E+09
           Stress_EigVals = -3.6249392965E+04 -3.6249355767E+04 -3.6248810705E+04
           Stress_EigVec1 =  9.3657890543E-01  1.7977533540E-01 -3.0083348000E-01
           Stress_EigVec2 =  2.1597973044E-01 -9.7210240453E-01  9.1485906802E-02
           Stress_EigVec3 =  2.7599403969E-01  1.5065770437E-01  9.4927843448E-01
           -DivStress =  1.0115778437E+02 -5.8836056183E+01 -2.0466151528E+01
           ESP =  -1.4737963960E+01     ESP at Nucleus =  -1.4737963960E+01
           ESPe = -3.3138094907E+01     ESPe at Nucleus = -3.3138095091E+01
           ESPn =  1.8400130948E+01     ESPn at Nucleus =  1.8400131131E+01

CP# 13     Coords = -6.19419786678704E+00  4.14963954259749E+00  3.90741001164208E-01
           Type = (3,-3) NACP C13
           Rho =  1.1765916493E+02     Rho at Nucleus =  1.1765916493E+02
           GradRho =  4.8898343250E-11  3.4226735595E-11  2.7219845459E-12
           HessRho_EigVals = -1.4498047729E+05 -1.4497935408E+05 -1.4497928696E+05
           HessRho_EigVec1 =  2.7598536065E-01  1.5056598482E-01  9.4929550980E-01
           HessRho_EigVec2 = -7.2385540045E-01  6.8233752544E-01  1.0221966843E-01
           HessRho_EigVec3 =  6.3234914402E-01  7.1536381345E-01 -2.9730316928E-01
           DelSqRho = -4.3493911832E+05
           Bond Ellipticity = NA
           V = -1.0874510343E+05
           G =  5.1619220538E+00
           K =  1.0873994150E+05
           L =  1.0873477958E+05
           Vnuc =  5.6465048524E+07
           Ven = -6.6436304569E+09
           Vrep =  6.6435217118E+09
           DelSqV =  2.4948379181E+09
           DelSqVen =  2.4558958543E+13
           DelSqVrep = -2.4556463705E+13
           DelSqG =  1.3400674858E+08
           DelSqK = -2.6288446666E+09
           Stress_EigVals = -3.6248570028E+04 -3.6248563341E+04 -3.6247970055E+04
           Stress_EigVec1 =  6.3260029015E-01  7.1514794962E-01 -2.9728821547E-01
           Stress_EigVec2 = -7.2365640133E-01  6.8256735405E-01  1.0209417225E-01
           Stress_EigVec3 =  2.7593166857E-01  1.5054971717E-01  9.4931369786E-01
           -DivStress =  5.9687531388E+01 -5.6436375679E+01 -8.6858457493E+00
           ESP =  -1.4736945826E+01     ESP at Nucleus =  -1.4736945826E+01
           ESPe = -3.2112089430E+01     ESPe at Nucleus = -3.2112089649E+01
           ESPn =  1.7375143604E+01     ESPn at Nucleus =  1.7375143823E+01

CP# 14     Coords = -6.69570840051951E+00  1.62203432426551E+00  9.37117295727208E-01
           Type = (3,-3) NACP C14
           Rho =  1.1766111100E+02     Rho at Nucleus =  1.1766111099E+02
           GradRho =  3.1564353040E-11 -1.0042409018E-11 -6.0418640712E-12
           HessRho_EigVals = -1.4498360243E+05 -1.4498264288E+05 -1.4498249353E+05
           HessRho_EigVec1 =  2.7595400629E-01  1.5054527757E-01  9.4930790885E-01
           HessRho_EigVec2 =  9.6029032796E-01 -9.1638324336E-04 -2.7900115818E-01
           HessRho_EigVec3 = -4.1132376941E-02  9.8860269049E-01 -1.4482005360E-01
           DelSqRho = -4.3494873883E+05
           Bond Ellipticity = NA
           V = -1.0874754089E+05
           G =  5.1780909986E+00
           K =  1.0874236280E+05
