AIMSum (Version 19.02.13, Professional)
Copyright (c) 1997-2019 by Todd A. Keith
AIMSum is a component of the AIMAll package ( http://aim.tkgristmill.com )

TP:  64-bit Linux

Much of the Quantum Theory of Atoms in Molecules (QTAIM) is described in the book:
  "Atoms in Molecules - A Quantum Theory"
  R.F.W. Bader, Oxford University Press, Oxford, 1990

For additional references see:  http://aim.tkgristmill.com/references.html

Wfn File:  /home/mhennefarth/Documents/ML_Diels/summary-hayden2009/19-opt/19-opt.wfn
Sum File:  /home/mhennefarth/Documents/ML_Diels/summary-hayden2009/19-opt/19-opt.sum

SumViz File:  /home/mhennefarth/Documents/ML_Diels/summary-hayden2009/19-opt/19-opt.sumviz

Wfn Title:   Title Card Required                                                           
 
Total memory allocated for AIMSum =        1.813 Megabytes

Atomic units (a.u.) used throughout, except where stated otherwise

Model:  Restricted SCF
 
Restricted, closed-shell, single-determinant wavefunction.
  Number of electrons (from MO Occs)                   =         122.0000000000
  Number of Alpha electrons (from MO Occs)             =          61.0000000000
  Number of Beta electrons (from MO Occs)              =          61.0000000000
  Number of electron pairs (N*(N-1)/2)                 =        7381.0000000000
  Number of electron pairs (from Muller 2EDM)          =        7381.0000000000
 
Nuclear Charges and Cartesian Coordinates:
-------------------------------------------------------------------------------
Atom      Charge                X                  Y                  Z
-------------------------------------------------------------------------------
C1         6.0          -1.2584061200E+00  -1.1528891100E+00  -4.6592043400E+00
C2         6.0           1.3149545400E+00  -1.1283799500E+00  -4.6532776000E+00
C3         6.0           2.7241135600E+00  -1.1225625100E+00  -2.3300464300E+00
C4         6.0           1.3658206600E+00  -1.1380132900E+00   3.0851800000E-03
C5         6.0          -1.3305752400E+00  -1.1633461400E+00  -3.2891600000E-03
C6         6.0          -2.6780738900E+00  -1.1735659100E+00  -2.3426663500E+00
C7         6.0          -5.3308119800E+00  -1.2026385500E+00  -2.3003122300E+00
C8         6.0          -6.6415786600E+00  -1.2192378100E+00  -1.5635920000E-02
C9         6.0          -5.3415063300E+00  -1.2054704300E+00   2.2751343300E+00
C10        6.0          -2.6888847000E+00  -1.1764381000E+00   2.3298587300E+00
C11        6.0           2.7133146900E+00  -1.1263761500E+00   2.3424373500E+00
C12        6.0           5.3661290700E+00  -1.1054020300E+00   2.3000801200E+00
C13        6.0           6.6769406500E+00  -1.0944503900E+00   1.5429180000E-02
C14        6.0           5.3767663100E+00  -1.1017593100E+00  -2.2753505700E+00
C15        6.0          -1.0219246000E-01   6.3636749900E+00  -2.5958360000E-02
C16        6.0          -1.3130893000E-01   8.8782938700E+00   2.7340000000E-02
C17        6.0          -1.2797919500E+00  -1.1593049700E+00   4.6531048800E+00
C18        6.0           1.2935771800E+00  -1.1355557900E+00   4.6590045600E+00
H19        1.0          -2.2926510300E+00  -1.1587055400E+00  -6.4349138900E+00
H20        1.0           2.3573420900E+00  -1.1148262200E+00  -6.4242143200E+00
H21        1.0          -6.3601420900E+00  -1.2107010400E+00  -4.0786535400E+00
H22        1.0          -8.6949122100E+00  -1.2410343000E+00  -2.0467950000E-02
H23        1.0          -6.3790820900E+00  -1.2164211900E+00   4.0486900200E+00
H24        1.0           6.3954198400E+00  -1.0965531400E+00   4.0784405000E+00
H25        1.0           8.7303263700E+00  -1.0778280000E+00   2.0222430000E-02
H26        1.0           6.4143453200E+00  -1.0905663100E+00  -4.0488979500E+00
H27        1.0           1.7770967000E-01   5.3153225600E+00  -1.7706500400E+00
H28        1.0          -3.5715511000E-01   5.2360995500E+00   1.6724438900E+00
H29        1.0           1.2389280000E-01   1.0003750500E+01  -1.6735670600E+00
H30        1.0          -4.1156181000E-01   9.9242503100E+00   1.7744108400E+00
H31        1.0          -2.3222162900E+00  -1.1678948300E+00   6.4240415300E+00
H32        1.0           2.3277660900E+00  -1.1243629500E+00   6.4347154100E+00
 
Some Atomic Properties:
----------------------
  q(A) = Net Charge of Atom A
  L(A) = Lagrangian of Atom A = -(1/4) Times Atomic Integral of the Laplacian of the Electron Density
  K(A) = Electronic Kinetic Energy of Atom A (Hamiltonian Form)
  K_Scaled(A) = K(A) * E(Mol)/K(Mol) = Approximation to Virial-Based Total Energy of Atom A.
  |Mu_Intra(A)| = Magnitude of Intraatomic Dipole Moment of Atom A
--------------------------------------------------------------------------------------------------
Atom A          q(A)              L(A)              K(A)          K_Scaled(A)      |Mu_Intra(A)|
--------------------------------------------------------------------------------------------------
C1       -4.2435125500E-02  2.8505698195E-05  3.7736528876E+01 -3.8109005397E+01  1.0757678990E-01
C2       -4.3064093000E-02 -9.8750172773E-06  3.7736603328E+01 -3.8109080584E+01  1.0735270881E-01
C3        1.0116149000E-02 -8.8958543370E-05  3.7739631547E+01 -3.8112138693E+01  2.3706231731E-02
C4       -9.6409065000E-03 -1.5711518867E-05  3.7760245692E+01 -3.8132956309E+01  4.4787910737E-03
C5       -9.7510306000E-03 -3.7916849232E-06  3.7760307893E+01 -3.8133019124E+01  4.6434221162E-03
C6        1.0890784700E-02  3.9458633278E-05  3.7739514352E+01 -3.8112020341E+01  2.3493005109E-02
C7       -4.3207751400E-02 -1.2069593699E-04  3.7734823616E+01 -3.8107283306E+01  1.1540189478E-01
C8       -3.1307019400E-02  8.7928981470E-05  3.7723564834E+01 -3.8095913394E+01  1.1490715985E-01
C9       -4.3371686800E-02  1.3551808998E-04  3.7734976442E+01 -3.8107437641E+01  1.1532214927E-01
C10       9.8886060000E-03 -1.1083208237E-04  3.7739703515E+01 -3.8112211371E+01  2.3548569765E-02
C11       1.0843168800E-02 -1.0856278625E-04  3.7739476370E+01 -3.8111981984E+01  2.3418656997E-02
C12      -4.3131940200E-02 -1.7179804134E-05  3.7734866791E+01 -3.8107326907E+01  1.1554570385E-01
C13      -3.1394337300E-02  1.8218451955E-05  3.7723547734E+01 -3.8095896126E+01  1.1507375504E-01
C14      -4.3435330800E-02  8.8201371069E-06  3.7734949876E+01 -3.8107410812E+01  1.1530853300E-01
C15      -7.4480163900E-02  1.1033018538E-04  3.7693350367E+01 -3.8065400698E+01  9.1622053106E-02
C16      -8.5513812400E-02 -1.9312129303E-05  3.7694987907E+01 -3.8067054400E+01  8.1286910074E-02
C17      -4.3146424300E-02 -5.8141465439E-05  3.7736597894E+01 -3.8109075097E+01  1.0740029109E-01
C18      -4.2393918900E-02 -6.0760719193E-05  3.7736506580E+01 -3.8108982881E+01  1.0724450168E-01
H19       3.9124079840E-02  2.5055537433E-05  5.9874784193E-01 -6.0465775257E-01  1.5169805761E-01
H20       3.9003474310E-02  2.4458261634E-05  5.9878152651E-01 -6.0469176963E-01  1.5172715688E-01
H21       3.7225468590E-02  2.4938040017E-05  5.9931582034E-01 -6.0523133718E-01  1.5217414763E-01
H22       4.0364847190E-02  2.1241882240E-05  5.9920528075E-01 -6.0511970651E-01  1.4934123813E-01
H23       3.7078172020E-02  2.3848274007E-05  5.9936372634E-01 -6.0527971603E-01  1.5220851786E-01
H24       3.7222231800E-02  2.4211126144E-05  5.9931619955E-01 -6.0523172013E-01  1.5217574074E-01
H25       4.0344704750E-02  2.4345501927E-05  5.9921720409E-01 -6.0513174754E-01  1.4931321156E-01
H26       3.7068546180E-02  2.4625912211E-05  5.9936877388E-01 -6.0528481339E-01  1.5221205726E-01
H27       4.4584256290E-02  1.4182065505E-05  5.9407762411E-01 -5.9994143759E-01  1.4343899084E-01
H28       4.5194353730E-02  1.9453940015E-05  5.9388656237E-01 -5.9974848999E-01  1.4291343071E-01
H29       3.4632465160E-02  2.1821768219E-05  5.9767680952E-01 -6.0357614859E-01  1.4845760827E-01
H30       3.4692163830E-02  2.1168362603E-05  5.9765550550E-01 -6.0355463429E-01  1.4844613849E-01
H31       3.9005113440E-02  2.3980595530E-05  5.9878289029E-01 -6.0469314687E-01  1.5172656134E-01
H32       3.9145617810E-02  2.4159239221E-05  5.9873945964E-01 -6.0464928754E-01  1.5169262495E-01
--------------------------------------------------------------------------------------------------
Total     1.5066244000E-04  1.3244899595E-04  6.8757431884E+02 -6.9436098677E+02
 
1st Largest |L(A)| = 1.3551808998E-04, atom C9      
2nd Largest |L(A)| = 1.2069593699E-04, atom C7      
 
Molecular charge q(Mol) from the wfn file:   0.0000000000E+00
Molecular energy E(Mol) from the wfn file:  -6.9436100683E+02
Molecular virial ratio (-V(Mol)/T(Mol)) from the wfn file:   2.0098704500E+00
Note.  K_Scaled(A) = (1+V(Mol)/T(Mol))*K(A) = (E(Mol)/T(Mol))*K(A)
       Only use K_Scaled(A) data with caution.
 
N_AIMInt(SumA)     =        121.999849
N_Analytic(Mol)    =        121.999977
 
G_AIMInt(SumA)     =        687.574186
G_Analytic(Mol)    =        687.574284
 
K_AIMInt(SumA)     =        687.574319
K_Analytic(Mol)    =        687.574284
 
L_AIMInt(SumA)     =          0.000132
L_Analytic(Mol)    =          0.000000
 
VenT_AIMInt(SumA)  =      -3945.869278
VenT_Analytic(Mol) =      -3945.870484
 
Some Information About the Atomic Calculations:
----------------------------------------------
  Time(sec) = "Elapsed User Time", in Seconds, for Atom A by AIMInt and, if used, by TWOe
  NProc = Number of Processors Used for AIMInt Job
  BIM = Basin Integration Method
  OAQ = Angular Quadrature Outside of Beta Sphere
  ORQ = Multiple of Default for Radial Quadrature Outside of Beta Sphere
  IAQ = Multiple of Default for Angular Quadrature Inside of Beta Sphere
  IRQ = Multiple of Default for Radial Quadrature Inside of Beta Sphere
  MIR = Maximum Integration Radius
------------------------------------------------------------------------------------------------------
Atom A     Time(sec)   NProc      BIM          OAQ                     ORQ      IAQ      IRQ      MIR
------------------------------------------------------------------------------------------------------
C1             27        8     Proaim(5)    4500(GS4)                  1.00     1.00     1.00    13.00
C2             30        8     Proaim(5)    4500(GS4)                  1.00     1.00     1.00    13.00
C3             35        8     Proaim(5)    4500(GS4)                  1.00     1.00     1.00    13.00
C4             53        8     Proaim(5)    4500(GS4)                  1.00     1.00     1.00    13.00
C5             87        8     Proaim(5)    4500(GS4)                  1.00     1.00     1.00    13.00
C6             31        8     Proaim(5)    4500(GS4)                  1.00     1.00     1.00    13.00
C7             25        8     Proaim(5)    4500(GS4)                  1.00     1.00     1.00    13.00
C8             21        8     Proaim(5)    4500(GS4)                  1.00     1.00     1.00    13.00
C9             25        8     Proaim(5)    4500(GS4)                  1.00     1.00     1.00    13.00
C10            35        8     Proaim(5)    4500(GS4)                  1.00     1.00     1.00    13.00
C11            30        8     Proaim(5)    4500(GS4)                  1.00     1.00     1.00    13.00
C12            25        8     Proaim(5)    4500(GS4)                  1.00     1.00     1.00    13.00
C13            21        8     Proaim(5)    4500(GS4)                  1.00     1.00     1.00    13.00
C14            25        8     Proaim(5)    4500(GS4)                  1.00     1.00     1.00    13.00
C15            61        8     Proaim(5)    4500(GS4)                  1.00     1.00     1.00    13.00
C16            19        8     Proaim(5)    4500(GS4)                  1.00     1.00     1.00    13.00
C17            29        8     Proaim(5)    4500(GS4)                  1.00     1.00     1.00    13.00
C18            27        8     Proaim(5)    4500(GS4)                  1.00     1.00     1.00    13.00
H19             8        8     Proaim(5)    1800(GS4)                  1.00     1.00     1.00    13.00
H20             8        8     Proaim(5)    1800(GS4)                  1.00     1.00     1.00    13.00
H21             8        8     Proaim(5)    1800(GS4)                  1.00     1.00     1.00    13.00
H22             6        8     Proaim(5)    1800(GS4)                  1.00     1.00     1.00    13.00
H23             8        8     Proaim(5)    1800(GS4)                  1.00     1.00     1.00    13.00
H24             7        8     Proaim(5)    1800(GS4)                  1.00     1.00     1.00    13.00
H25             6        8     Proaim(5)    1800(GS4)                  1.00     1.00     1.00    13.00
H26             7        8     Proaim(5)    1800(GS4)                  1.00     1.00     1.00    13.00
H27            17        8     Proaim(5)    1800(GS4)                  1.00     1.00     1.00    13.00
H28            67        8     Proaim(5)    4500(GS4)                  1.00     1.00     1.00    13.00
H29             6        8     Proaim(5)    1800(GS4)                  1.00     1.00     1.00    13.00
H30             6        8     Proaim(5)    1800(GS4)                  1.00     1.00     1.00    13.00
H31             8        8     Proaim(5)    1800(GS4)                  1.00     1.00     1.00    13.00
H32             8        8     Proaim(5)    1800(GS4)                  1.00     1.00     1.00    13.00
------------------------------------------------------------------------------------------------------
Total         776
Note:  Total wall clock time is less than total of atomic times if more than one atom
       was calculated at a time
 
Electron Density Critical Point Analysis of Molecular Structure:               
---------------------------------------------------------------                
  NACP = Nuclear Attractor Critical Point                                      
  NNACP = Non-Nuclear Attractor Critical Point                                 
  BCP = Bond Critical Point                                                    
  RCP = Ring Critical Point                                                    
  CCP = Cage Critical Point                                                    
  Rho = Electron Density                                                       
  GradRho = Gradient of Electron Density                                       
  HessRho_EigVals = Eigenvalues of the Hessian of Rho, Ascending Order         
  HessRho_EigVecs = Eigenvectors of the Hessian of Rho                         
  DelSqRho = Laplacian of Rho = Trace of Hessian of Rho                        
  Bond Ellipticity = (HessRho_EigVal(1) / HessRho_EigVal(2)) - 1               
  V = Virial Field = Potential Energy Density = Trace of Stress Tensor         
  G = Lagrangian Form of Kinetic Energy Density                                
  K = Hamiltonian Form of Kinetic Energy Density                               
  L = K - G = Lagrangian Density = (-1/4)DelSqRho                              
  Vnuc = Electrostatic Potential from Nuclei                                   
  Ven = Electron-nuclear attractive contribution to Virial Field V             
  Vrep = V - Ven = Repulsive contribution to Virial Field V                    
  DelSqV = Laplacian of V                                                      
  DelSqVen = Laplacian of Ven                                                  
  DelSqVrep = Laplacian of Vrep                                                
  DelSqG = Laplacian of G                                                      
  DelSqK = Laplacian of K                                                      
  Stress_EigVals = Eigenvalues of Stress Tensor, Ascending Order               
  Stress_EigVecs = Eigenvectors of Stress Tensor                               
  -DivStress = Ehrenfest Force Density = Minus Divergence of Stress Tensor     
  ESP = Total Electrostatic Potential                                          
  ESPe = Electrostatic Potential from Electrons                                
  ESPn = Electrostatic Potential from Nuclei                                   
  BP = Bond Path                                                               
  BPL = Bond Path Length                                                       
  GBL = Geometric Bond Length                                                  
  GBL_I = Distance Between Nuclear Attractors                                  
  GBL_II = Distance Between Nuclei                                             
  GBL_III = Sum of Distances Between BCP and Nuclear Attractors                
  GBL_IV = Sum of Distances Between BCP and Nuclei                             

CP# 1      Coords = -1.25840674091840E+00 -1.15288910881926E+00 -4.65920403991649E+00
           Type = (3,-3) NACP C1
           Rho =  1.1767240406E+02     Rho at Nucleus =  1.1767240402E+02
           GradRho = -6.3574946259E-11 -2.4448550450E-12 -1.9127757041E-12
           HessRho_EigVals = -1.4499996833E+05 -1.4499903846E+05 -1.4499875562E+05
           HessRho_EigVec1 = -7.8124800682E-03  9.9996450806E-01  3.1540084481E-03
           HessRho_EigVec2 = -6.3237717461E-02 -3.6418473821E-03  9.9799184768E-01
           HessRho_EigVec3 =  9.9796791343E-01  7.5973391231E-03  6.3263924892E-02
           DelSqRho = -4.3499776242E+05
           Bond Ellipticity = NA
           V = -1.0875978997E+05
           G =  5.1746824752E+00
           K =  1.0875461529E+05
           L =  1.0874944060E+05
           Vnuc =  8.7003219960E+06
           Ven = -1.0237878053E+09
           Vrep =  1.0236790455E+09
           DelSqV =  2.4951766433E+09
           DelSqVen =  3.7846199828E+12
           DelSqVrep = -3.7821249373E+12
           DelSqG =  1.3402805821E+08
           DelSqK = -2.6292047015E+09
           Stress_EigVals = -3.6253512984E+04 -3.6253397446E+04 -3.6252879539E+04
           Stress_EigVec1 =  9.8674407276E-01  8.3437159281E-03  1.6206948288E-01
           Stress_EigVec2 = -1.6203824110E-01 -4.2977799942E-03  9.8677512003E-01
           Stress_EigVec3 = -8.9299102676E-03  9.9995595478E-01  2.8888078821E-03
           -DivStress =  5.0006116544E+02 -6.8784917573E-01 -2.4382909403E+02
           ESP =  -1.4735846116E+01     ESP at Nucleus =  -1.4735846120E+01
           ESPe = -3.4080037615E+01     ESPe at Nucleus = -3.4080037439E+01
           ESPn =  1.9344191499E+01     ESPn at Nucleus =  1.9344191319E+01

CP# 2      Coords =  1.31495516424675E+00 -1.12837993668004E+00 -4.65327729637544E+00
           Type = (3,-3) NACP C2
           Rho =  1.1767249807E+02     Rho at Nucleus =  1.1767249804E+02
           GradRho =  6.9721843541E-11 -1.0049975541E-11  5.6711428478E-11
           HessRho_EigVals = -1.4500015187E+05 -1.4499922401E+05 -1.4499894013E+05
           HessRho_EigVec1 = -1.0627515280E-02  9.9993738575E-01  3.5043549173E-03
           HessRho_EigVec2 =  5.8251158462E-02 -2.8795050495E-03  9.9829780676E-01
           HessRho_EigVec3 =  9.9824538990E-01  1.0813557929E-02 -5.8216909125E-02
           DelSqRho = -4.3499831602E+05
           Bond Ellipticity = NA
           V = -1.0875992816E+05
           G =  5.1745756471E+00
           K =  1.0875475358E+05
           L =  1.0874957900E+05
           Vnuc =  8.6418454606E+06
           Ven = -1.0169075433E+09
           Vrep =  1.0167987834E+09
           DelSqV =  2.4951798857E+09
           DelSqVen =  3.7591891313E+12
           DelSqVrep = -3.7566940825E+12
           DelSqG =  1.3402829660E+08
           DelSqK = -2.6292081823E+09
           Stress_EigVals = -3.6253559070E+04 -3.6253443208E+04 -3.6252925878E+04
           Stress_EigVec1 =  9.8753840410E-01  1.0143038571E-02 -1.5705100828E-01
           Stress_EigVec2 =  1.5707377031E-01 -1.4829107728E-03  9.8758575914E-01
           Stress_EigVec3 = -9.7842278148E-03  9.9994745849E-01  3.0576366487E-03
           -DivStress = -5.0275851432E+02 -1.0362943339E+01 -2.4668200138E+02
           ESP =  -1.4735813303E+01     ESP at Nucleus =  -1.4735813308E+01
           ESPe = -3.4078542527E+01     ESPe at Nucleus = -3.4078542354E+01
           ESPn =  1.9342729224E+01     ESPn at Nucleus =  1.9342729046E+01

CP# 3      Coords =  2.72411310677112E+00 -1.12256250455019E+00 -2.33004664028728E+00
           Type = (3,-3) NACP C3
           Rho =  1.1763976424E+02     Rho at Nucleus =  1.1763976422E+02
           GradRho = -8.1967575453E-13 -1.1090170828E-11  9.1834066666E-12
           HessRho_EigVals = -1.4495260891E+05 -1.4495148777E+05 -1.4495134442E+05
           HessRho_EigVec1 = -9.4744414579E-03  9.9995473407E-01  8.7451088524E-04
           HessRho_EigVec2 = -9.1185380899E-02 -1.7348753785E-03  9.9583242391E-01
           HessRho_EigVec3 =  9.9578886380E-01  9.3552133940E-03  9.1197690283E-02
           DelSqRho = -4.3485544110E+05
           Bond Ellipticity = NA
           V = -1.0872428219E+05
           G =  5.2109593848E+00
           K =  1.0871907123E+05
           L =  1.0871386028E+05
           Vnuc =  1.2008025136E+07
           Ven = -1.4126212460E+09
           Vrep =  1.4125125217E+09
           DelSqV =  2.4943565257E+09
           DelSqVen =  5.2217574851E+12
           DelSqVrep = -5.2192636528E+12
           DelSqG =  1.3397699156E+08
           DelSqK = -2.6283335173E+09
           Stress_EigVals = -3.6241652766E+04 -3.6241588384E+04 -3.6241041044E+04
           Stress_EigVec1 =  9.9097311592E-01  8.4083826281E-03  1.3379679604E-01
           Stress_EigVec2 = -1.3377837634E-01 -2.7187100667E-03  9.9100754520E-01
           Stress_EigVec3 = -8.6965253236E-03  9.9996095310E-01  1.5693088105E-03
           -DivStress =  3.6572693405E+02 -4.2766018762E+00  1.7422453595E+02
           ESP =  -1.4729159194E+01     ESP at Nucleus =  -1.4729159196E+01
           ESPe = -3.6419823421E+01     ESPe at Nucleus = -3.6419823293E+01
           ESPn =  2.1690664226E+01     ESPn at Nucleus =  2.1690664097E+01

CP# 4      Coords =  1.36582058246760E+00 -1.13801326977351E+00  3.08517709618860E-03
           Type = (3,-3) NACP C4
           Rho =  1.1764840446E+02     Rho at Nucleus =  1.1764840446E+02
           GradRho =  1.0270891161E-11  1.5993115580E-11 -2.9501217254E-14
           HessRho_EigVals = -1.4496772459E+05 -1.4496665623E+05 -1.4496664015E+05
           HessRho_EigVec1 = -9.5347795946E-03  9.9995446928E-01  3.8386489548E-04
           HessRho_EigVec2 =  9.9981210464E-01  9.5398999060E-03 -1.6874410074E-02
           HessRho_EigVec3 =  1.6877303802E-02 -2.2289898820E-04  9.9985754332E-01
           DelSqRho = -4.3490102097E+05
           Bond Ellipticity = NA
           V = -1.0873571511E+05
           G =  5.2299338652E+00
           K =  1.0873048518E+05
           L =  1.0872525524E+05
           Vnuc =  7.4831746813E+07
           Ven = -8.8038356157E+09
           Vrep =  8.8037268800E+09
           DelSqV =  2.4946222808E+09
           DelSqVen =  3.2545114685E+13
           DelSqVrep = -3.2542620063E+13
           DelSqG =  1.3399557562E+08
           DelSqK = -2.6286178564E+09
           Stress_EigVals = -3.6245423692E+04 -3.6245421002E+04 -3.6244870415E+04
           Stress_EigVec1 =  3.3435760751E-02 -2.6170466949E-04  9.9944083437E-01
           Stress_EigVec2 =  9.9939545593E-01  9.5415486107E-03 -3.3431744175E-02
           Stress_EigVec3 = -9.5274640611E-03  9.9995444414E-01  5.8057539403E-04
           -DivStress =  6.1536142400E+01 -1.6221726833E+01  2.3483529652E+00
           ESP =  -1.4730467983E+01     ESP at Nucleus =  -1.4730467983E+01
           ESPe = -3.8160220543E+01     ESPe at Nucleus = -3.8160220513E+01
           ESPn =  2.3429752559E+01     ESPn at Nucleus =  2.3429752529E+01

CP# 5      Coords = -1.33057516385802E+00 -1.16334611530299E+00 -3.28915616799069E-03
           Type = (3,-3) NACP C5
           Rho =  1.1764856820E+02     Rho at Nucleus =  1.1764856820E+02
           GradRho =  9.6041718664E-12 -1.3183734365E-11  2.2355070455E-14
           HessRho_EigVals = -1.4496798145E+05 -1.4496691321E+05 -1.4496689742E+05
           HessRho_EigVec1 = -9.3313096530E-03  9.9995571754E-01  1.2204970096E-03
           HessRho_EigVec2 =  9.9977378323E-01  9.3529274566E-03 -1.9102489850E-02
           HessRho_EigVec3 =  1.9113059165E-02 -1.0419696648E-03  9.9981678585E-01
           DelSqRho = -4.3490179209E+05
           Bond Ellipticity = NA
           V = -1.0873590798E+05
           G =  5.2299808145E+00
           K =  1.0873067800E+05
           L =  1.0872544802E+05
           Vnuc =  7.4870119503E+07
           Ven = -8.8083623607E+09
           Vrep =  8.8082536248E+09
           DelSqV =  2.4946267458E+09
           DelSqVen =  3.2560952377E+13
           DelSqVrep = -3.2558457751E+13
           DelSqG =  1.3399586645E+08
           DelSqK = -2.6286226122E+09
           Stress_EigVals = -3.6245487925E+04 -3.6245485320E+04 -3.6244934739E+04
           Stress_EigVec1 =  3.4988429264E-02 -6.0054488049E-04  9.9938753703E-01
           Stress_EigVec2 =  9.9934464246E-01  9.3054675765E-03 -3.4981335755E-02
           Stress_EigVec3 = -9.2787604601E-03  9.9995652286E-01  9.2573500294E-04
           -DivStress = -6.0413048603E+01 -1.9807765003E+01 -3.0911835688E+00
           ESP =  -1.4730462022E+01     ESP at Nucleus =  -1.4730462022E+01
           ESPe = -3.8163937995E+01     ESPe at Nucleus = -3.8163937965E+01
           ESPn =  2.3433475973E+01     ESPn at Nucleus =  2.3433475943E+01

CP# 6      Coords = -2.67807343563908E+00 -1.17356590101991E+00 -2.34266655549287E+00
           Type = (3,-3) NACP C6
           Rho =  1.1763935031E+02     Rho at Nucleus =  1.1763935029E+02
           GradRho =  3.5686779844E-11 -1.2007779319E-11 -4.7089729526E-12
           HessRho_EigVals = -1.4495195528E+05 -1.4495083440E+05 -1.4495069079E+05
           HessRho_EigVec1 = -9.2547222459E-03  9.9995653966E-01  1.1264543100E-03
           HessRho_EigVec2 =  8.8265556095E-02 -3.0519774102E-04  9.9609693226E-01
           HessRho_EigVec3 =  9.9605398535E-01  9.3180275542E-03 -8.8258895524E-02
           DelSqRho = -4.3485348047E+05
           Bond Ellipticity = NA
           V = -1.0872379236E+05
           G =  5.2111198728E+00
           K =  1.0871858124E+05
           L =  1.0871337012E+05
           Vnuc =  1.2030090962E+07
           Ven = -1.4152120849E+09
           Vrep =  1.4151033611E+09
           DelSqV =  2.4943451722E+09
           DelSqVen =  5.2313257411E+12
           DelSqVrep = -5.2288313959E+12
           DelSqG =  1.3397624807E+08
           DelSqK = -2.6283214202E+09
           Stress_EigVals = -3.6241489555E+04 -3.6241425041E+04 -3.6240877761E+04
           Stress_EigVec1 =  9.9139826660E-01  1.0238296801E-02 -1.3047855862E-01
           Stress_EigVec2 =  1.3048855277E-01 -3.1142649430E-04  9.9144976706E-01
           Stress_EigVec3 = -1.0110122499E-02  9.9994753877E-01  1.6447282191E-03
           -DivStress = -3.6667099961E+02 -7.2408206005E+00  1.7035084576E+02
           ESP =  -1.4729206963E+01     ESP at Nucleus =  -1.4729206965E+01
           ESPe = -3.6424373984E+01     ESPe at Nucleus = -3.6424373855E+01
           ESPn =  2.1695167021E+01     ESPn at Nucleus =  2.1695166890E+01

CP# 7      Coords = -5.33081210310872E+00 -1.20263855170812E+00 -2.30031219872495E+00
           Type = (3,-3) NACP C7
           Rho =  1.1766105700E+02     Rho at Nucleus =  1.1766105700E+02
           GradRho = -3.3478508422E-11 -3.4057622343E-12 -1.9075712432E-11
           HessRho_EigVals = -1.4498343805E+05 -1.4498247492E+05 -1.4498232677E+05
           HessRho_EigVec1 = -1.0891787603E-02  9.9994040948E-01  7.3922613290E-04
           HessRho_EigVec2 =  7.3006584700E-01  7.4470259168E-03  6.8333622825E-01
           HessRho_EigVec3 = -6.8329000285E-01 -7.9824368127E-03  7.3010345342E-01
           DelSqRho = -4.3494823974E+05
           Bond Ellipticity = NA
           V = -1.0874741693E+05
           G =  5.1784972665E+00
           K =  1.0874223843E+05
           L =  1.0873705993E+05
           Vnuc =  4.7232689911E+07
           Ven = -5.5574482198E+09
           Vrep =  5.5573394724E+09
           DelSqV =  2.4948911361E+09
           DelSqVen =  2.0543835210E+13
           DelSqVrep = -2.0541340319E+13
           DelSqG =  1.3401034476E+08
           DelSqK = -2.6289014809E+09
           Stress_EigVals = -3.6249345691E+04 -3.6249308668E+04 -3.6248762569E+04
           Stress_EigVec1 = -5.7617221044E-01 -7.1758195180E-03  8.1729681972E-01
           Stress_EigVec2 =  8.1725627736E-01  8.2185007738E-03  5.7621578714E-01
           Stress_EigVec3 = -1.0851775037E-02  9.9994048016E-01  1.1292117889E-03
           -DivStress =  1.0339521452E+02  1.2413345109E+00 -3.0923798317E+01
           ESP =  -1.4737426172E+01     ESP at Nucleus =  -1.4737426172E+01
           ESPe = -3.3472650464E+01     ESPe at Nucleus = -3.3472650618E+01
           ESPn =  1.8735224292E+01     ESPn at Nucleus =  1.8735224446E+01

CP# 8      Coords = -6.64157875463815E+00 -1.21923781255860E+00 -1.56359185446060E-02
           Type = (3,-3) NACP C8
           Rho =  1.1765918777E+02     Rho at Nucleus =  1.1765918777E+02
           GradRho =  1.1635367592E-11 -1.5801802004E-11  2.5384088603E-13
           HessRho_EigVals = -1.4498040721E+05 -1.4497927825E+05 -1.4497921432E+05
           HessRho_EigVec1 = -1.1569739259E-02  9.9993273073E-01  8.2167423127E-04
           HessRho_EigVec2 =  9.9992153663E-01  1.1565655502E-02  4.8120893863E-03
           HessRho_EigVec3 = -4.8022624795E-03 -8.7728437943E-04  9.9998808425E-01
           DelSqRho = -4.3493889979E+05
           Bond Ellipticity = NA
           V = -1.0874504955E+05
           G =  5.1623004199E+00
           K =  1.0873988725E+05
           L =  1.0873472495E+05
           Vnuc =  6.3368755270E+07
           Ven = -7.4559162749E+09
           Vrep =  7.4558075299E+09
           DelSqV =  2.4948365769E+09
           DelSqVen =  2.7561342009E+13
           DelSqVrep = -2.7558847173E+13
           DelSqG =  1.3400657986E+08
           DelSqK = -2.6288431567E+09
           Stress_EigVals = -3.6248551996E+04 -3.6248546237E+04 -3.6247951315E+04
           Stress_EigVec1 = -9.7619155918E-03 -8.0392895691E-04  9.9995202820E-01
           Stress_EigVec2 =  9.9988915543E-01  1.1234652546E-02  9.7703340996E-03
           Stress_EigVec3 = -1.1241968254E-02  9.9993656613E-01  6.9416811590E-04
           -DivStress =  7.3180608391E+01  1.8691714021E+00 -1.1876320553E+00
           ESP =  -1.4736486798E+01     ESP at Nucleus =  -1.4736486798E+01
           ESPe = -3.2541700763E+01     ESPe at Nucleus = -3.2541700962E+01
           ESPn =  1.7805213966E+01     ESPn at Nucleus =  1.7805214164E+01

CP# 9      Coords = -5.34150645110882E+00 -1.20547043186997E+00  2.27513430213544E+00
           Type = (3,-3) NACP C9
           Rho =  1.1766104363E+02     Rho at Nucleus =  1.1766104363E+02
           GradRho =  2.0214685961E-11  8.3725390444E-13  2.4766915461E-11
           HessRho_EigVals = -1.4498345898E+05 -1.4498249785E+05 -1.4498234879E+05
           HessRho_EigVec1 = -1.0511153493E-02  9.9994453976E-01  6.5807098796E-04
           HessRho_EigVec2 =  7.3368735620E-01  8.1594715196E-03 -6.7943821380E-01
           HessRho_EigVec3 =  6.7940590151E-01  6.6588609909E-03  7.3373243118E-01
           DelSqRho = -4.3494830562E+05
           Bond Ellipticity = NA
           V = -1.0874743324E+05
           G =  5.1784184479E+00
           K =  1.0874225482E+05
           L =  1.0873707640E+05
           Vnuc =  4.8275352203E+07
           Ven = -5.6801283219E+09
           Vrep =  5.6800195745E+09
           DelSqV =  2.4948915585E+09
           DelSqVen =  2.0997155586E+13
           DelSqVrep = -2.0994660694E+13
           DelSqG =  1.3401040395E+08
           DelSqK = -2.6289019625E+09
           Stress_EigVals = -3.6249351130E+04 -3.6249313812E+04 -3.6248768300E+04
           Stress_EigVec1 =  5.7218484237E-01  5.9545518248E-03  8.2010307247E-01
           Stress_EigVec2 =  8.2005433563E-01  8.9437710800E-03 -5.7221577710E-01
           Stress_EigVec3 = -1.0742102642E-02  9.9994227447E-01  2.3443420489E-04
           -DivStress =  1.0174412494E+02  1.4372876363E+00  2.8181118783E+01
           ESP =  -1.4737373191E+01     ESP at Nucleus =  -1.4737373191E+01
           ESPe = -3.3473055784E+01     ESPe at Nucleus = -3.3473055940E+01
           ESPn =  1.8735682593E+01     ESPn at Nucleus =  1.8735682750E+01

CP# 10     Coords = -2.68888424690697E+00 -1.17643808477747E+00  2.32985893989786E+00
           Type = (3,-3) NACP C10
           Rho =  1.1763994704E+02     Rho at Nucleus =  1.1763994703E+02
           GradRho =  2.3061261502E-11 -1.3764463148E-11  1.1387219685E-11
           HessRho_EigVals = -1.4495289154E+05 -1.4495177040E+05 -1.4495162711E+05
           HessRho_EigVec1 = -9.2849926689E-03  9.9995674632E-01  5.4258778780E-04
           HessRho_EigVec2 = -9.1478733266E-02 -1.3897516870E-03  9.9580606041E-01
           HessRho_EigVec3 =  9.9576374220E-01  9.1964167270E-03  9.1487680308E-02
           DelSqRho = -4.3485628905E+05
           Bond Ellipticity = NA
           V = -1.0872449415E+05
           G =  5.2109430549E+00
           K =  1.0871928321E+05
           L =  1.0871407226E+05
           Vnuc =  1.2010063210E+07
           Ven = -1.4128632000E+09
           Vrep =  1.4127544755E+09
           DelSqV =  2.4943614233E+09
           DelSqVen =  5.2226487747E+12
           DelSqVrep = -5.2201538889E+12
           DelSqG =  1.3397730838E+08
           DelSqK = -2.6283387317E+09
           Stress_EigVals = -3.6241723397E+04 -3.6241659048E+04 -3.6241111704E+04
           Stress_EigVec1 =  9.9092589915E-01  9.9743413520E-03  1.3403870675E-01
           Stress_EigVec2 = -1.3403355715E-01 -1.1860009826E-03  9.9097608395E-01
           Stress_EigVec3 = -1.0043303771E-02  9.9994955169E-01 -1.6165736160E-04
           -DivStress = -3.6561481738E+02 -1.2134718136E+01 -1.7391079847E+02
           ESP =  -1.4729140128E+01     ESP at Nucleus =  -1.4729140130E+01
           ESPe = -3.6424423184E+01     ESPe at Nucleus = -3.6424423057E+01
           ESPn =  2.1695283056E+01     ESPn at Nucleus =  2.1695282927E+01

CP# 11     Coords =  2.71331423540817E+00 -1.12637614930271E+00  2.34243755590577E+00
           Type = (3,-3) NACP C11
           Rho =  1.1763933598E+02     Rho at Nucleus =  1.1763933596E+02
           GradRho = -1.5080439571E-11 -1.3212097106E-11  4.0034175093E-11
           HessRho_EigVals = -1.4495193544E+05 -1.4495081469E+05 -1.4495067112E+05
           HessRho_EigVec1 = -9.5494639975E-03  9.9995438372E-01  1.9548382247E-04
           HessRho_EigVec2 =  8.8055846372E-02  6.4619117924E-04  9.9611532985E-01
           HessRho_EigVec3 =  9.9606976445E-01  9.5295809732E-03 -8.8058000372E-02
           DelSqRho = -4.3485342125E+05
           Bond Ellipticity = NA
           V = -1.0872377758E+05
           G =  5.2111330088E+00
           K =  1.0871856645E+05
           L =  1.0871335531E+05
           Vnuc =  1.2022852866E+07
           Ven = -1.4143604278E+09
           Vrep =  1.4142517040E+09
           DelSqV =  2.4943448429E+09
           DelSqVen =  5.2281784402E+12
           DelSqVrep = -5.2256835711E+12
           DelSqG =  1.3397622796E+08
           DelSqK = -2.6283210709E+09
           Stress_EigVals = -3.6241484609E+04 -3.6241420111E+04 -3.6240872859E+04
           Stress_EigVec1 =  9.9143838546E-01  8.5750345454E-03 -1.3029350187E-01
           Stress_EigVec2 =  1.3028624468E-01  1.4019486395E-03  9.9147543035E-01
           Stress_EigVec3 = -8.6846008638E-03  9.9996225095E-01 -2.7273664667E-04
           -DivStress =  3.6685579367E+02 -5.5374409264E-01 -1.7068631395E+02
           ESP =  -1.4729221692E+01     ESP at Nucleus =  -1.4729221694E+01
           ESPe = -3.6417174040E+01     ESPe at Nucleus = -3.6417173910E+01
           ESPn =  2.1687952347E+01     ESPn at Nucleus =  2.1687952216E+01

CP# 12     Coords =  5.36612919316005E+00 -1.10540203012959E+00  2.30008008899300E+00
           Type = (3,-3) NACP C12
           Rho =  1.1766106484E+02     Rho at Nucleus =  1.1766106484E+02
           GradRho = -3.3963020509E-12 -1.5660363739E-11  8.4013746793E-12
           HessRho_EigVals = -1.4498344634E+05 -1.4498248323E+05 -1.4498233502E+05
           HessRho_EigVec1 = -7.7954169780E-03  9.9996939448E-01  6.6450593170E-04
           HessRho_EigVec2 =  7.3008444371E-01  5.2373915590E-03  6.8333686772E-01
           HessRho_EigVec3 = -6.8331247356E-01 -5.8120412638E-03  7.3010292675E-01
           DelSqRho = -4.3494826459E+05
           Bond Ellipticity = NA
           V = -1.0874742318E+05
           G =  5.1785163913E+00
           K =  1.0874224466E+05
           L =  1.0873706615E+05
           Vnuc =  4.7242868209E+07
           Ven = -5.5586461795E+09
           Vrep =  5.5585374321E+09
           DelSqV =  2.4948912772E+09
           DelSqVen =  2.0548331504E+13
           DelSqVrep = -2.0545870167E+13
           DelSqG =  1.3401035113E+08
           DelSqK = -2.6289016284E+09
           Stress_EigVals = -3.6249347792E+04 -3.6249310739E+04 -3.6248764651E+04
           Stress_EigVec1 = -5.7620633015E-01 -4.7372457306E-03  8.1729053806E-01
           Stress_EigVec2 =  8.1726610178E-01  6.3241032662E-03  5.7622575836E-01
           Stress_EigVec3 = -7.8983527748E-03  9.9996878162E-01  2.2760201692E-04
           -DivStress = -1.0343227601E+02 -1.1785250273E-01  3.0706222000E+01
           ESP =  -1.4737439428E+01     ESP at Nucleus =  -1.4737439428E+01
           ESPe = -3.3463769038E+01     ESPe at Nucleus = -3.3463769193E+01
           ESPn =  1.8726329610E+01     ESPn at Nucleus =  1.8726329765E+01

CP# 13     Coords =  6.67694074500574E+00 -1.09445039033032E+00  1.54291782193293E-02
           Type = (3,-3) NACP C13
           Rho =  1.1765918698E+02     Rho at Nucleus =  1.1765918698E+02
           GradRho =  3.4462755306E-12  1.6093151230E-11 -7.7745704830E-14
           HessRho_EigVals = -1.4498040819E+05 -1.4497927935E+05 -1.4497921531E+05
           HessRho_EigVec1 = -7.2044601473E-03  9.9997386290E-01  6.0767269156E-04
           HessRho_EigVec2 =  9.9996055497E-01  7.2012048049E-03  5.1991488849E-03
           HessRho_EigVec3 = -5.1946370187E-03 -6.4510578284E-04  9.9998629970E-01
           DelSqRho = -4.3493890285E+05
           Bond Ellipticity = NA
           V = -1.0874505031E+05
           G =  5.1622964584E+00
           K =  1.0873988801E+05
           L =  1.0873472571E+05
           Vnuc =  6.3142627626E+07
           Ven = -7.4293102303E+09
           Vrep =  7.4292014852E+09
           DelSqV =  2.4948365937E+09
           DelSqVen =  2.7463899939E+13
           DelSqVrep = -2.7461405102E+13
           DelSqG =  1.3400658273E+08
           DelSqK = -2.6288431764E+09
           Stress_EigVals = -3.6248552255E+04 -3.6248546472E+04 -3.6247951579E+04
           Stress_EigVec1 = -1.2871924273E-02 -7.9923620123E-04  9.9991683394E-01
           Stress_EigVec2 =  9.9988911472E-01  7.4784427188E-03  1.2877544983E-02
           Stress_EigVec3 = -7.4881129662E-03  9.9997171666E-01  7.0288562934E-04
           -DivStress = -7.3474898118E+01  1.3021998473E-01  1.4519038063E+00
           ESP =  -1.4736497087E+01     ESP at Nucleus =  -1.4736497087E+01
           ESPe = -3.2533024349E+01     ESPe at Nucleus = -3.2533024549E+01
           ESPn =  1.7796527263E+01     ESPn at Nucleus =  1.7796527462E+01

CP# 14     Coords =  5.37676643219040E+00 -1.10175931045991E+00 -2.27535054190789E+00
           Type = (3,-3) NACP C14
           Rho =  1.1766104560E+02     Rho at Nucleus =  1.1766104560E+02
           GradRho = -4.9435144437E-11 -6.6298334552E-12  6.3845225941E-13
           HessRho_EigVals = -1.4498345944E+05 -1.4498249828E+05 -1.4498234923E+05
           HessRho_EigVec1 = -8.0716363746E-03  9.9996715645E-01  7.3123724824E-04
           HessRho_EigVec2 =  7.3320130659E-01  6.4155727635E-03 -6.7998138536E-01
           HessRho_EigVec3 =  6.7996374366E-01  4.9524183783E-03  7.3322900983E-01
           DelSqRho = -4.3494830695E+05
           Bond Ellipticity = NA
           V = -1.0874743361E+05
           G =  5.1784354509E+00
           K =  1.0874225517E+05
