AIMSum (Version 19.02.13, Professional)
Copyright (c) 1997-2019 by Todd A. Keith
AIMSum is a component of the AIMAll package ( http://aim.tkgristmill.com )

TP:  64-bit Linux

Much of the Quantum Theory of Atoms in Molecules (QTAIM) is described in the book:
  "Atoms in Molecules - A Quantum Theory"
  R.F.W. Bader, Oxford University Press, Oxford, 1990

For additional references see:  http://aim.tkgristmill.com/references.html

Wfn File:  /home/mhennefarth/Documents/ML_Diels/summary-hayden2009/2-opt/2-opt.wfn
Sum File:  /home/mhennefarth/Documents/ML_Diels/summary-hayden2009/2-opt/2-opt.sum

SumViz File:  /home/mhennefarth/Documents/ML_Diels/summary-hayden2009/2-opt/2-opt.sumviz

Wfn Title:   Title Card Required                                                           
 
Total memory allocated for AIMSum =        1.220 Megabytes

Atomic units (a.u.) used throughout, except where stated otherwise

Model:  Restricted SCF
 
Restricted, closed-shell, single-determinant wavefunction.
  Number of electrons (from MO Occs)                   =          84.0000000000
  Number of Alpha electrons (from MO Occs)             =          42.0000000000
  Number of Beta electrons (from MO Occs)              =          42.0000000000
  Number of electron pairs (N*(N-1)/2)                 =        3486.0000000000
  Number of electron pairs (from Muller 2EDM)          =        3486.0000000000
 
Nuclear Charges and Cartesian Coordinates:
-------------------------------------------------------------------------------
Atom      Charge                X                  Y                  Z
-------------------------------------------------------------------------------
C1         6.0           3.8043680000E+00  -2.6426557400E+00   6.6911270000E-01
C2         6.0           5.7282854500E+00  -1.3196431200E+00   1.8161582300E+00
C3         6.0           5.7245318200E+00   1.3575972100E+00   1.7962957000E+00
C4         6.0           3.7969898700E+00   2.6580038000E+00   6.2964959000E-01
C5         6.0           1.7830722100E+00   1.3504781300E+00  -5.7233741000E-01
C6         6.0           1.7868026900E+00  -1.3587478100E+00  -5.5212077000E-01
C7         6.0          -7.6065026500E+00   1.2749670400E+00   2.3880414000E+00
C8         6.0          -7.5735369300E+00  -1.2401231700E+00   2.4100397300E+00
C9         6.0          -2.1529718800E+00  -1.3666088500E+00  -2.9270902200E+00
C10        6.0          -2.1566189900E+00   1.3123213000E+00  -2.9470826200E+00
C11        6.0          -2.3372711000E-01   2.6346822000E+00  -1.7963771200E+00
H12        1.0           3.8030363500E+00  -4.6979807600E+00   6.8194388000E-01
H13        1.0           7.2598003100E+00  -2.3257168900E+00   2.7431614400E+00
H14        1.0           7.2531194000E+00   2.3815966500E+00   2.7083773600E+00
H15        1.0           3.7897085900E+00   4.7132775100E+00   6.1205598000E-01
H16        1.0          -6.0626902100E+00   2.3609943900E+00   1.5762331700E+00
H17        1.0          -6.0017275800E+00  -2.2992831300E+00   1.6167533100E+00
H18        1.0          -2.1630911000E-01  -4.7218807200E+00  -1.7431786000E+00
H19        1.0          -3.6780322900E+00  -2.3889941900E+00  -3.8464716900E+00
H20        1.0          -3.6844609100E+00   2.3167488500E+00  -3.8815134400E+00
H21        1.0          -2.2919878000E-01   4.6900618000E+00  -1.8131257600E+00
H22        1.0          -9.1698108300E+00   2.3492674700E+00   3.1799257800E+00
H23        1.0          -9.1085422600E+00  -2.3407073400E+00   3.2209866800E+00
C24        6.0          -2.2650793000E-01  -2.6665015900E+00  -1.7568138800E+00
 
Some Atomic Properties:
----------------------
  q(A) = Net Charge of Atom A
  L(A) = Lagrangian of Atom A = -(1/4) Times Atomic Integral of the Laplacian of the Electron Density
  K(A) = Electronic Kinetic Energy of Atom A (Hamiltonian Form)
  K_Scaled(A) = K(A) * E(Mol)/K(Mol) = Approximation to Virial-Based Total Energy of Atom A.
  |Mu_Intra(A)| = Magnitude of Intraatomic Dipole Moment of Atom A
--------------------------------------------------------------------------------------------------
Atom A          q(A)              L(A)              K(A)          K_Scaled(A)      |Mu_Intra(A)|
--------------------------------------------------------------------------------------------------
C1       -4.1649389500E-02 -1.0884557789E-04  3.7734718543E+01 -3.8113310219E+01  1.1182969432E-01
C2       -3.5253739200E-02  2.1686704738E-04  3.7722460778E+01 -3.8100929473E+01  1.1450021977E-01
C3       -3.5388340500E-02  5.0272685900E-05  3.7722416099E+01 -3.8100884345E+01  1.1471856238E-01
C4       -4.1492846100E-02  5.2177828716E-05  3.7734780066E+01 -3.8113372359E+01  1.1145486759E-01
C5        8.5610372000E-03 -2.3065338890E-05  3.7735636575E+01 -3.8114237462E+01  1.6572153291E-02
C6        8.7752570000E-03  2.1978442003E-04  3.7735680582E+01 -3.8114281910E+01  1.5778496705E-02
C7       -8.2380394500E-02 -8.3121428800E-05  3.7695327955E+01 -3.8073524426E+01  9.3166116147E-02
C8       -8.2326797600E-02 -6.2042325428E-05  3.7695406957E+01 -3.8073604222E+01  9.3795578611E-02
C9       -3.8789105500E-02  1.5143481735E-04  3.7722975425E+01 -3.8101449283E+01  1.1800077332E-01
C10      -3.8898717500E-02 -1.0132445913E-04  3.7722811018E+01 -3.8101283226E+01  1.1809068514E-01
C11      -4.4146808700E-02 -1.3453515056E-04  3.7734683413E+01 -3.8113274737E+01  1.1219298180E-01
H12       3.6453156350E-02  2.7814104943E-05  5.9953031609E-01 -6.0554539176E-01  1.5241501724E-01
H13       3.9217250290E-02  2.7139700269E-05  5.9948406101E-01 -6.0549867260E-01  1.4978622080E-01
H14       3.9221724530E-02  2.9032164445E-05  5.9948343459E-01 -6.0549803990E-01  1.4978752071E-01
H15       3.6451651750E-02  2.3988959234E-05  5.9953023646E-01 -6.0554531133E-01  1.5242335238E-01
H16       4.4678480300E-02  2.8463863342E-05  5.9355180613E-01 -5.9950689953E-01  1.4457046685E-01
H17       4.5224731720E-02  2.5148954636E-05  5.9335312201E-01 -5.9930622202E-01  1.4429401514E-01
H18       3.6774349320E-02  2.5864137239E-05  5.9935361314E-01 -6.0536691595E-01  1.5240268982E-01
H19       4.1482682240E-02  2.2376783418E-05  5.9851452959E-01 -6.0451941389E-01  1.4926539634E-01
H20       4.1438444900E-02  2.0428631795E-05  5.9852505303E-01 -6.0453004292E-01  1.4928083483E-01
H21       3.6758402410E-02  2.3503498894E-05  5.9935765311E-01 -6.0537099646E-01  1.5241395120E-01
H22       3.4936097510E-02  1.7810697488E-05  5.9752697385E-01 -6.0352195003E-01  1.4842568821E-01
H23       3.4911092920E-02  1.6729600296E-05  5.9753543075E-01 -6.0353049178E-01  1.4842501976E-01
C24      -4.4054032900E-02  1.2294636973E-04  3.7734765545E+01 -3.8113357693E+01  1.1204746308E-01
--------------------------------------------------------------------------------------------------
Total     5.0418644000E-04  5.8884998441E-04  4.5986740919E+02 -4.6448124970E+02
 
1st Largest |L(A)| = 2.1978442003E-04, atom C6      
2nd Largest |L(A)| = 2.1686704738E-04, atom C2      
 
Molecular charge q(Mol) from the wfn file:   0.0000000000E+00
Molecular energy E(Mol) from the wfn file:  -4.6448112552E+02
Molecular virial ratio (-V(Mol)/T(Mol)) from the wfn file:   2.0100329800E+00
Note.  K_Scaled(A) = (1+V(Mol)/T(Mol))*K(A) = (E(Mol)/T(Mol))*K(A)
       Only use K_Scaled(A) data with caution.
 
N_AIMInt(SumA)     =         83.999496
N_Analytic(Mol)    =         83.999985
 
G_AIMInt(SumA)     =        459.866820
G_Analytic(Mol)    =        459.867247
 
K_AIMInt(SumA)     =        459.867409
K_Analytic(Mol)    =        459.867247
 
L_AIMInt(SumA)     =          0.000589
L_Analytic(Mol)    =          0.000000
 
VenT_AIMInt(SumA)  =      -2271.388953
VenT_Analytic(Mol) =      -2271.395285
 
Some Information About the Atomic Calculations:
----------------------------------------------
  Time(sec) = "Elapsed User Time", in Seconds, for Atom A by AIMInt and, if used, by TWOe
  NProc = Number of Processors Used for AIMInt Job
  BIM = Basin Integration Method
  OAQ = Angular Quadrature Outside of Beta Sphere
  ORQ = Multiple of Default for Radial Quadrature Outside of Beta Sphere
  IAQ = Multiple of Default for Angular Quadrature Inside of Beta Sphere
  IRQ = Multiple of Default for Radial Quadrature Inside of Beta Sphere
  MIR = Maximum Integration Radius
------------------------------------------------------------------------------------------------------
Atom A     Time(sec)   NProc      BIM          OAQ                     ORQ      IAQ      IRQ      MIR
------------------------------------------------------------------------------------------------------
C1             21        8     Proaim(5)    4500(GS4)                  1.00     1.00     1.00    13.00
C2             18        8     Proaim(5)    4500(GS4)                  1.00     1.00     1.00    13.00
C3             17        8     Proaim(5)    4500(GS4)                  1.00     1.00     1.00    13.00
C4             20        8     Proaim(5)    4500(GS4)                  1.00     1.00     1.00    13.00
C5             23        8     Proaim(5)    4500(GS4)                  1.00     1.00     1.00    13.00
C6             22        8     Proaim(5)    4500(GS4)                  1.00     1.00     1.00    13.00
C7             19        8     Proaim(5)    4500(GS4)                  1.00     1.00     1.00    13.00
C8             18        8     Proaim(5)    4500(GS4)                  1.00     1.00     1.00    13.00
C9             27        8     Proaim(5)    4500(GS4)                  1.00     1.00     1.00    13.00
C10            27        8     Proaim(5)    4500(GS4)                  1.00     1.00     1.00    13.00
C11            24        8     Proaim(5)    4500(GS4)                  1.00     1.00     1.00    13.00
H12             6        8     Proaim(5)    1800(GS4)                  1.00     1.00     1.00    13.00
H13             5        8     Proaim(5)    1800(GS4)                  1.00     1.00     1.00    13.00
H14             5        8     Proaim(5)    1800(GS4)                  1.00     1.00     1.00    13.00
H15             6        8     Proaim(5)    1800(GS4)                  1.00     1.00     1.00    13.00
H16            12        8     Proaim(5)    4500(GS4)                  1.00     1.00     1.00    13.00
H17            12        8     Proaim(5)    4500(GS4)                  1.00     1.00     1.00    13.00
H18             6        8     Proaim(5)    1800(GS4)                  1.00     1.00     1.00    13.00
H19             6        8     Proaim(5)    1800(GS4)                  1.00     1.00     1.00    13.00
H20             6        8     Proaim(5)    1800(GS4)                  1.00     1.00     1.00    13.00
H21             6        8     Proaim(5)    1800(GS4)                  1.00     1.00     1.00    13.00
H22             4        8     Proaim(5)    1800(GS4)                  1.00     1.00     1.00    13.00
H23             4        8     Proaim(5)    1800(GS4)                  1.00     1.00     1.00    13.00
C24            24        8     Proaim(5)    4500(GS4)                  1.00     1.00     1.00    13.00
------------------------------------------------------------------------------------------------------
Total         338
Note:  Total wall clock time is less than total of atomic times if more than one atom
       was calculated at a time
 
Electron Density Critical Point Analysis of Molecular Structure:               
---------------------------------------------------------------                
  NACP = Nuclear Attractor Critical Point                                      
  NNACP = Non-Nuclear Attractor Critical Point                                 
  BCP = Bond Critical Point                                                    
  RCP = Ring Critical Point                                                    
  CCP = Cage Critical Point                                                    
  Rho = Electron Density                                                       
  GradRho = Gradient of Electron Density                                       
  HessRho_EigVals = Eigenvalues of the Hessian of Rho, Ascending Order         
  HessRho_EigVecs = Eigenvectors of the Hessian of Rho                         
  DelSqRho = Laplacian of Rho = Trace of Hessian of Rho                        
  Bond Ellipticity = (HessRho_EigVal(1) / HessRho_EigVal(2)) - 1               
  V = Virial Field = Potential Energy Density = Trace of Stress Tensor         
  G = Lagrangian Form of Kinetic Energy Density                                
  K = Hamiltonian Form of Kinetic Energy Density                               
  L = K - G = Lagrangian Density = (-1/4)DelSqRho                              
  Vnuc = Electrostatic Potential from Nuclei                                   
  Ven = Electron-nuclear attractive contribution to Virial Field V             
  Vrep = V - Ven = Repulsive contribution to Virial Field V                    
  DelSqV = Laplacian of V                                                      
  DelSqVen = Laplacian of Ven                                                  
  DelSqVrep = Laplacian of Vrep                                                
  DelSqG = Laplacian of G                                                      
  DelSqK = Laplacian of K                                                      
  Stress_EigVals = Eigenvalues of Stress Tensor, Ascending Order               
  Stress_EigVecs = Eigenvectors of Stress Tensor                               
  -DivStress = Ehrenfest Force Density = Minus Divergence of Stress Tensor     
  ESP = Total Electrostatic Potential                                          
  ESPe = Electrostatic Potential from Electrons                                
  ESPn = Electrostatic Potential from Nuclei                                   
  BP = Bond Path                                                               
  BPL = Bond Path Length                                                       
  GBL = Geometric Bond Length                                                  
  GBL_I = Distance Between Nuclear Attractors                                  
  GBL_II = Distance Between Nuclei                                             
  GBL_III = Sum of Distances Between BCP and Nuclear Attractors                
  GBL_IV = Sum of Distances Between BCP and Nuclei                             

CP# 1      Coords =  3.80436773980111E+00 -2.64265582403850E+00  6.69112544678902E-01
           Type = (3,-3) NACP C1
           Rho =  1.1766401603E+02     Rho at Nucleus =  1.1766401602E+02
           GradRho =  1.9260204542E-11  1.3957335288E-11 -1.0478437562E-11
           HessRho_EigVals = -1.4498659897E+05 -1.4498565438E+05 -1.4498542773E+05
           HessRho_EigVec1 = -5.1523035226E-01  5.4587230551E-03  8.5703435547E-01
           HessRho_EigVec2 =  3.9290939916E-01 -8.8720134335E-01  2.4185942283E-01
           HessRho_EigVec3 =  7.6168227507E-01  4.6135016929E-01  4.5496827707E-01
           DelSqRho = -4.3495768109E+05
           Bond Ellipticity = NA
           V = -1.0874976472E+05
           G =  5.1722215902E+00
           K =  1.0874459249E+05
           L =  1.0873942027E+05
           Vnuc =  1.9079813918E+07
           Ven = -2.2450075307E+09
           Vrep =  2.2448987809E+09
           DelSqV =  2.4949443349E+09
           DelSqVen =  8.2989002260E+12
           DelSqVrep = -8.2964073789E+12
           DelSqG =  1.3401275183E+08
           DelSqK = -2.6289570867E+09
           Stress_EigVals = -3.6250151253E+04 -3.6250071527E+04 -3.6249541935E+04
           Stress_EigVec1 =  6.9833544957E-01  5.8253667520E-01  4.1590698710E-01
           Stress_EigVec2 =  4.9695335382E-01 -8.1278505983E-01  3.0400297800E-01
           Stress_EigVec3 = -5.1513586946E-01  5.6096841932E-03  8.5709017463E-01
           -DivStress =  2.0699013442E+02  6.5082251307E+01  1.2348078332E+02
           ESP =  -1.4738337527E+01     ESP at Nucleus =  -1.4738337528E+01
           ESPe = -2.9628735868E+01     ESPe at Nucleus = -2.9628735819E+01
           ESPn =  1.4890398342E+01     ESPn at Nucleus =  1.4890398291E+01

CP# 2      Coords =  5.72828574437312E+00 -1.31964270549201E+00  1.81615840449583E+00
           Type = (3,-3) NACP C2
           Rho =  1.1765587302E+02     Rho at Nucleus =  1.1765587300E+02
           GradRho = -1.3619994021E-11  2.0940915668E-11  2.2972901359E-11
           HessRho_EigVals = -1.4497496684E+05 -1.4497390832E+05 -1.4497378242E+05
           HessRho_EigVec1 = -5.1492063582E-01  5.6372435193E-03  8.5721931867E-01
           HessRho_EigVec2 =  4.4054177439E-01 -8.5608631929E-01  2.7025757887E-01
           HessRho_EigVec3 =  7.3537723913E-01  5.1680212403E-01  4.3833307058E-01
           DelSqRho = -4.3492265757E+05
           Bond Ellipticity = NA
           V = -1.0874097961E+05
           G =  5.1576072557E+00
           K =  1.0873582200E+05
           L =  1.0873066439E+05
           Vnuc =  1.1162515723E+07
           Ven = -1.3133355325E+09
           Vrep =  1.3132267916E+09
           DelSqV =  2.4947421955E+09
           DelSqVen =  4.8548345283E+12
           DelSqVrep = -4.8523397861E+12
           DelSqG =  1.3400028441E+08
           DelSqK = -2.6287424799E+09
           Stress_EigVals = -3.6247214527E+04 -3.6247162126E+04 -3.6246602954E+04
           Stress_EigVec1 =  8.1960970554E-01  2.9617111817E-01  4.9043103425E-01
           Stress_EigVec2 = -2.5109239486E-01  9.5511804316E-01 -1.5716912191E-01
           Stress_EigVec3 = -5.1496848431E-01  5.6738348266E-03  8.5719033345E-01
           -DivStress = -2.3668556637E+02 -3.4003075927E+02 -1.4032835772E+02
           ESP =  -1.4737514613E+01     ESP at Nucleus =  -1.4737514616E+01
           ESPe = -2.8639055645E+01     ESPe at Nucleus = -2.8639055916E+01
           ESPn =  1.3901541032E+01     ESPn at Nucleus =  1.3901541301E+01

CP# 3      Coords =  5.72453211557566E+00  1.35759679881101E+00  1.79629588044954E+00
           Type = (3,-3) NACP C3
           Rho =  1.1765586595E+02     Rho at Nucleus =  1.1765586593E+02
           GradRho =  3.2772451419E-11 -4.1617820301E-11  2.5000806980E-11
           HessRho_EigVals = -1.4497495854E+05 -1.4497390009E+05 -1.4497377419E+05
           HessRho_EigVec1 = -5.1492308739E-01  5.5968848523E-03  8.5721811049E-01
           HessRho_EigVec2 =  4.3804024289E-01  8.6128553945E-01  2.5750333034E-01
           HessRho_EigVec3 = -7.3686834623E-01  5.0809043921E-01 -4.4594746990E-01
           DelSqRho = -4.3492263281E+05
           Bond Ellipticity = NA
           V = -1.0874097344E+05
           G =  5.1576165303E+00
           K =  1.0873581582E+05
           L =  1.0873065820E+05
           Vnuc =  1.1160928353E+07
           Ven = -1.3131486902E+09
           Vrep =  1.3130399492E+09
           DelSqV =  2.4947420597E+09
           DelSqVen =  4.8541414195E+12
           DelSqVrep = -4.8516466775E+12
           DelSqG =  1.3400027722E+08
           DelSqK = -2.6287423370E+09
           Stress_EigVals = -3.6247212469E+04 -3.6247160059E+04 -3.6246600908E+04
           Stress_EigVec1 =  8.2044211470E-01 -2.8643569112E-01  4.9480231536E-01
           Stress_EigVec2 =  2.4828331339E-01  9.5808323858E-01  1.4294021212E-01
           Stress_EigVec3 = -5.1500498320E-01  5.5769884272E-03  8.5716904078E-01
           -DivStress = -2.3767208272E+02  3.3736264622E+02 -1.4521413434E+02
           ESP =  -1.4737516246E+01     ESP at Nucleus =  -1.4737516248E+01
           ESPe = -2.8639174548E+01     ESPe at Nucleus = -2.8639174819E+01
           ESPn =  1.3901658302E+01     ESPn at Nucleus =  1.3901658571E+01

CP# 4      Coords =  3.79698960991002E+00  2.65800388105104E+00  6.29649433816645E-01
           Type = (3,-3) NACP C4
           Rho =  1.1766403387E+02     Rho at Nucleus =  1.1766403386E+02
           GradRho =  2.6787738694E-12 -2.4939772469E-11  1.5191042868E-12
           HessRho_EigVals = -1.4498662263E+05 -1.4498567781E+05 -1.4498545123E+05
           HessRho_EigVec1 = -5.1528482129E-01  5.8054647947E-03  8.5699932878E-01
           HessRho_EigVec2 =  3.9026294090E-01  8.9187004688E-01  2.2861027194E-01
           HessRho_EigVec3 = -7.6300484265E-01  4.5225448152E-01 -4.6183275549E-01
           DelSqRho = -4.3495775167E+05
           Bond Ellipticity = NA
           V = -1.0874978239E+05
           G =  5.1722385454E+00
           K =  1.0874461016E+05
           L =  1.0873943792E+05
           Vnuc =  1.9107005723E+07
           Ven = -2.2482073685E+09
           Vrep =  2.2480986187E+09
           DelSqV =  2.4949447387E+09
           DelSqVen =  8.3107522806E+12
           DelSqVrep = -8.3082573358E+12
           DelSqG =  1.3401277501E+08
           DelSqK = -2.6289575138E+09
           Stress_EigVals = -3.6250157160E+04 -3.6250077439E+04 -3.6249547796E+04
           Stress_EigVec1 = -7.0000335625E-01  5.7424193826E-01 -4.2454858095E-01
           Stress_EigVec2 =  4.9455696333E-01  8.1866622171E-01  2.9188872443E-01
           Stress_EigVec3 = -5.1517832958E-01  5.6403702289E-03  8.5706445204E-01
           -DivStress =  2.0689400164E+02 -6.2708305215E+01  1.2413557121E+02
           ESP =  -1.4738342606E+01     ESP at Nucleus =  -1.4738342608E+01
           ESPe = -2.9629146397E+01     ESPe at Nucleus = -2.9629146348E+01
           ESPn =  1.4890803791E+01     ESPn at Nucleus =  1.4890803740E+01

CP# 5      Coords =  1.78307218483714E+00  1.35047810259214E+00 -5.72337418806431E-01
           Type = (3,-3) NACP C5
           Rho =  1.1763822920E+02     Rho at Nucleus =  1.1763822920E+02
           GradRho = -5.4263347288E-12 -1.1759149210E-11 -7.2069841414E-12
           HessRho_EigVals = -1.4494905905E+05 -1.4494790864E+05 -1.4494782642E+05
           HessRho_EigVec1 = -5.1635719869E-01  6.3425772459E-03  8.5634982050E-01
           HessRho_EigVec2 = -3.0744409391E-02  9.9919065687E-01 -2.5938629870E-02
           HessRho_EigVec3 =  8.5582125742E-01  3.9721567721E-02  5.1574428975E-01
           DelSqRho = -4.3484479411E+05
           Bond Ellipticity = NA
           V = -1.0872159551E+05
           G =  5.1984899945E+00
           K =  1.0871639702E+05
           L =  1.0871119853E+05
           Vnuc =  1.5692438504E+08
           Ven = -1.8460306775E+10
           Vrep =  1.8460198054E+10
           DelSqV =  2.4942935492E+09
           DelSqVen =  6.8229850464E+13
           DelSqVrep = -6.8227356171E+13
           DelSqG =  1.3397204328E+08
           DelSqK = -2.6282655925E+09
           Stress_EigVals = -3.6240746515E+04 -3.6240701373E+04 -3.6240147620E+04
           Stress_EigVec1 =  8.5639149024E-01  2.4973537820E-02  5.1572273350E-01
           Stress_EigVec2 = -1.8214619414E-02  9.9966913441E-01 -1.8161754880E-02
           Stress_EigVec3 = -5.1600566187E-01  6.1598790131E-03  8.5656302326E-01
           -DivStress =  2.0445328205E+01  1.9744067036E+01  7.0787581918E+00
           ESP =  -1.4730732740E+01     ESP at Nucleus =  -1.4730732740E+01
           ESPe = -3.1837946477E+01     ESPe at Nucleus = -3.1837946455E+01
           ESPn =  1.7107213737E+01     ESPn at Nucleus =  1.7107213715E+01

CP# 6      Coords =  1.78680266453870E+00 -1.35874778318461E+00 -5.52120779043854E-01
           Type = (3,-3) NACP C6
           Rho =  1.1763822080E+02     Rho at Nucleus =  1.1763822080E+02
           GradRho =  5.1773463988E-12  3.6486369481E-12 -9.1678921399E-13
           HessRho_EigVals = -1.4494905062E+05 -1.4494790015E+05 -1.4494781808E+05
           HessRho_EigVec1 = -5.1636124116E-01  4.8855024715E-03  8.5635693522E-01
           HessRho_EigVec2 =  2.7652807163E-02  9.9955737655E-01  1.0971473936E-02
           HessRho_EigVec3 =  8.5592429039E-01 -2.9345917091E-02  5.1626778542E-01
           DelSqRho = -4.3484476885E+05
           Bond Ellipticity = NA
           V = -1.0872158914E+05
           G =  5.1984633799E+00
           K =  1.0871639068E+05
           L =  1.0871119221E+05
           Vnuc =  1.5761481428E+08
           Ven = -1.8541526324E+10
           Vrep =  1.8541417602E+10
           DelSqV =  2.4942934150E+09
           DelSqVen =  6.8543383077E+13
           DelSqVrep = -6.8540888783E+13
           DelSqG =  1.3397203728E+08
           DelSqK = -2.6282654523E+09
           Stress_EigVals = -3.6240744379E+04 -3.6240699261E+04 -3.6240145500E+04
           Stress_EigVec1 =  8.5645272823E-01 -1.4909581068E-02  5.1601010523E-01
           Stress_EigVec2 =  1.5421513119E-02  9.9987565429E-01  3.2943737411E-03
           Stress_EigVec3 = -5.1599505932E-01  5.1361812292E-03  8.5657616030E-01
           -DivStress =  2.0679016341E+01 -1.9265180712E+01  7.2376858958E+00
           ESP =  -1.4730724798E+01     ESP at Nucleus =  -1.4730724798E+01
           ESPe = -3.1837671893E+01     ESPe at Nucleus = -3.1837671871E+01
           ESPn =  1.7106947095E+01     ESPn at Nucleus =  1.7106947073E+01

CP# 7      Coords = -7.60650280392357E+00  1.27496804777849E+00  2.38804147468468E+00
           Type = (3,-3) NACP C7
           Rho =  1.1767888844E+02     Rho at Nucleus =  1.1767888836E+02
           GradRho = -7.7031554746E-11  2.3954488393E-10  3.9504658225E-11
           HessRho_EigVals = -1.4500622843E+05 -1.4500519024E+05 -1.4500498587E+05
           HessRho_EigVec1 =  4.5789499919E-01  1.5831765950E-02  8.8886530189E-01
           HessRho_EigVec2 =  8.8604470535E-01 -8.9671430481E-02 -4.5484482483E-01
           HessRho_EigVec3 =  7.2504826315E-02  9.9584556521E-01 -5.5087751984E-02
           DelSqRho = -4.3501640454E+05
           Bond Ellipticity = NA
           V = -1.0876428668E+05
           G =  5.0927723421E+00
           K =  1.0875919391E+05
           L =  1.0875410114E+05
           Vnuc =  5.8697177152E+06
           Ven = -6.9074185616E+08
           Vrep =  6.9063309187E+08
           DelSqV =  2.4952790864E+09
           DelSqVen =  2.5534228070E+12
           DelSqVrep = -2.5509275280E+12
           DelSqG =  1.3403238267E+08
           DelSqK = -2.6293114691E+09
           Stress_EigVals = -3.6255025003E+04 -3.6254906324E+04 -3.6254355354E+04
           Stress_EigVec1 =  2.6918116100E-02  9.9918083442E-01 -3.0217133504E-02
           Stress_EigVec2 =  8.8832612773E-01 -3.7772091105E-02 -4.5765703307E-01
           Stress_EigVec3 =  4.5842350050E-01  1.4523404047E-02  8.8861519508E-01
           -DivStress =  1.2470256916E+02 -8.1829239682E+02 -6.1216077062E+01
           ESP =  -1.4751395531E+01     ESP at Nucleus =  -1.4751395546E+01
           ESPe = -2.5334105465E+01     ESPe at Nucleus = -2.5334106490E+01
           ESPn =  1.0582709934E+01     ESPn at Nucleus =  1.0582710944E+01

CP# 8      Coords = -7.57353706478707E+00 -1.24012417303346E+00  2.41003982633043E+00
           Type = (3,-3) NACP C8
           Rho =  1.1767911163E+02     Rho at Nucleus =  1.1767911156E+02
           GradRho = -6.8981670257E-11 -2.4715457458E-10  3.6238095857E-12
           HessRho_EigVals = -1.4500654797E+05 -1.4500550616E+05 -1.4500530289E+05
           HessRho_EigVec1 =  4.5796103496E-01  1.1664327618E-02  8.8889573850E-01
           HessRho_EigVec2 =  8.8284314527E-01  1.1124733763E-01 -4.5630254297E-01
           HessRho_EigVec3 = -1.0420974669E-01  9.9372429443E-01  4.0649174194E-02
           DelSqRho = -4.3501735701E+05
           Bond Ellipticity = NA
           V = -1.0876452488E+05
           G =  5.0928131151E+00
           K =  1.0875943207E+05
           L =  1.0875433925E+05
           Vnuc =  5.9019008632E+06
           Ven = -6.9453045051E+08
           Vrep =  6.9442168598E+08
           DelSqV =  2.4952845811E+09
           DelSqVen =  2.5674296852E+12
           DelSqVrep = -2.5649342696E+12
           DelSqG =  1.3403271756E+08
           DelSqK = -2.6293172987E+09
           Stress_EigVals = -3.6255104421E+04 -3.6254986221E+04 -3.6254434237E+04
           Stress_EigVec1 = -5.5849425655E-02  9.9833776024E-01  1.4232291687E-02
           Stress_EigVec2 =  8.8695276538E-01  5.6153707080E-02 -4.5843380457E-01
           Stress_EigVec3 =  4.5847097361E-01  1.2979894216E-02  8.8861458952E-01
           -DivStress =  1.0917494107E+02  8.1441428026E+02 -7.8810242628E+01
           ESP =  -1.4751447538E+01     ESP at Nucleus =  -1.4751447553E+01
           ESPe = -2.5352067054E+01     ESPe at Nucleus = -2.5352068066E+01
           ESPn =  1.0600619517E+01     ESPn at Nucleus =  1.0600620513E+01

CP# 9      Coords = -2.15297219432367E+00 -1.36660842465755E+00 -2.92709030533784E+00
           Type = (3,-3) NACP C9
           Rho =  1.1765970090E+02     Rho at Nucleus =  1.1765970088E+02
           GradRho = -4.5120907011E-11  3.9998115930E-11  2.0396490052E-11
           HessRho_EigVals = -1.4498074499E+05 -1.4497968603E+05 -1.4497956234E+05
           HessRho_EigVec1 = -5.1506672796E-01  3.5451123224E-03  8.5714275236E-01
           HessRho_EigVec2 =  4.0578579791E-01  8.8184167210E-01  2.4019398734E-01
           HessRho_EigVec3 = -7.5501268331E-01  4.7153228683E-01 -4.5564586086E-01
           DelSqRho = -4.3493999336E+05
           Bond Ellipticity = NA
           V = -1.0874531723E+05
           G =  5.1594435506E+00
           K =  1.0874015778E+05
           L =  1.0873499834E+05
           Vnuc =  1.1199852428E+07
           Ven = -1.3177712868E+09
           Vrep =  1.3176625414E+09
           DelSqV =  2.4948424234E+09
           DelSqVen =  4.8712609956E+12
           DelSqVrep = -4.8687666774E+12
           DelSqG =  1.3400663824E+08
           DelSqK = -2.6288490616E+09
           Stress_EigVals = -3.6248661118E+04 -3.6248607238E+04 -3.6248048871E+04
           Stress_EigVec1 =  8.2732715602E-01 -2.5517289206E-01  5.0041639868E-01
           Stress_EigVec2 =  2.2050858307E-01  9.6688693481E-01  1.2847420012E-01
           Stress_EigVec3 = -5.1662921105E-01  4.0559164116E-03  8.5619963083E-01
           -DivStress =  2.5313821841E+02 -3.4892302490E+02  6.7886849504E+01
           ESP =  -1.4736890070E+01     ESP at Nucleus =  -1.4736890072E+01
           ESPe = -2.9493346643E+01     ESPe at Nucleus = -2.9493346773E+01
           ESPn =  1.4756456574E+01     ESPn at Nucleus =  1.4756456701E+01

CP# 10     Coords = -2.15661930135862E+00  1.31232087149415E+00 -2.94708270379539E+00
           Type = (3,-3) NACP C10
           Rho =  1.1765936611E+02     Rho at Nucleus =  1.1765936609E+02
           GradRho = -4.5817571959E-11 -3.2041369558E-11 -2.9574676041E-11
           HessRho_EigVals = -1.4498023269E+05 -1.4497917344E+05 -1.4497904938E+05
           HessRho_EigVec1 = -5.1527687632E-01  7.8163487005E-03  8.5698812444E-01
           HessRho_EigVec2 =  4.0809528514E-01 -8.7707491101E-01  2.5337292422E-01
           HessRho_EigVec3 =  7.5362323410E-01  4.8029002194E-01  4.4874660539E-01
           DelSqRho = -4.3493845551E+05
           Bond Ellipticity = NA
           V = -1.0874493246E+05
           G =  5.1592918480E+00
           K =  1.0873977317E+05
           L =  1.0873461388E+05
           Vnuc =  1.1188455122E+07
           Ven = -1.3164265374E+09
           Vrep =  1.3163177925E+09
           DelSqV =  2.4948335328E+09
           DelSqVen =  4.8662855025E+12
           DelSqVrep = -4.8637906689E+12
           DelSqG =  1.3400606868E+08
           DelSqK = -2.6288396015E+09
           Stress_EigVals = -3.6248532939E+04 -3.6248478968E+04 -3.6247920556E+04
           Stress_EigVec1 =  8.2650512437E-01  2.6511822413E-01  4.9658997838E-01
           Stress_EigVec2 = -2.2336621737E-01  9.6418853639E-01 -1.4299650076E-01
           Stress_EigVec3 = -5.1671734278E-01  7.2659155916E-03  8.5612522107E-01
           -DivStress =  2.5069415448E+02  3.5146603566E+02  6.6610847696E+01
           ESP =  -1.4736885333E+01     ESP at Nucleus =  -1.4736885335E+01
           ESPe = -2.9493775603E+01     ESPe at Nucleus = -2.9493775735E+01
           ESPn =  1.4756890271E+01     ESPn at Nucleus =  1.4756890400E+01

CP# 11     Coords = -2.33726884248531E-01  2.63468228424445E+00 -1.79637695395474E+00
           Type = (3,-3) NACP C11
           Rho =  1.1766548263E+02     Rho at Nucleus =  1.1766548263E+02
           GradRho =  3.5691727351E-12  2.6495861061E-11  3.1209757001E-12
           HessRho_EigVals = -1.4498863815E+05 -1.4498767732E+05 -1.4498745388E+05
           HessRho_EigVec1 = -5.1916390276E-01  7.5582359008E-03  8.5464127863E-01
           HessRho_EigVec2 =  3.8571743993E-01 -8.9026375916E-01  2.4218277324E-01
           HessRho_EigVec3 =  7.6268663198E-01  4.5538259979E-01  4.5927746429E-01
           DelSqRho = -4.3496376936E+05
           Bond Ellipticity = NA
           V = -1.0875128297E+05
           G =  5.1703143096E+00
           K =  1.0874611265E+05
           L =  1.0874094234E+05
           Vnuc =  2.0503775369E+07
           Ven = -2.4125866246E+09
           Vrep =  2.4124778733E+09
           DelSqV =  2.4949792984E+09
           DelSqVen =  8.9183787418E+12
           DelSqVrep = -8.9158836314E+12
           DelSqG =  1.3401484166E+08
           DelSqK = -2.6289941400E+09
           Stress_EigVals = -3.6250657975E+04 -3.6250579227E+04 -3.6250045766E+04
           Stress_EigVec1 =  6.9897284723E-01  5.8015379151E-01  4.1816089850E-01
           Stress_EigVec2 =  4.9328512577E-01 -8.1447486841E-01  3.0545126193E-01
           Stress_EigVec3 = -5.1779025051E-01  7.2295868324E-03  8.5547705378E-01
           -DivStress = -1.7930342633E+02 -6.5234403571E+01 -1.3188710246E+02
           ESP =  -1.4737475502E+01     ESP at Nucleus =  -1.4737475504E+01
           ESPe = -3.0076108835E+01     ESPe at Nucleus = -3.0076108848E+01
           ESPn =  1.5338633333E+01     ESPn at Nucleus =  1.5338633345E+01

CP# 12     Coords =  3.80299049669779E+00 -4.66345612138515E+00  6.81686015216146E-01
           Type = (3,-3) NACP H12
           Rho =  4.2871937895E-01     Rho at Nucleus =  4.2507868264E-01
           GradRho = -1.1621279460E-11  8.2222245113E-09 -6.1828797290E-11
           HessRho_EigVals = -6.5538655681E+00 -6.5472610851E+00 -5.9535312579E+00
           HessRho_EigVec1 =  8.5718975807E-01  4.9438128016E-03  5.1497696780E-01
           HessRho_EigVec2 = -5.1499906392E-01  5.7098949177E-03  8.5717172215E-01
           HessRho_EigVec3 = -1.2972321620E-03  9.9997147750E-01 -7.4405224082E-03
           DelSqRho = -1.9054657911E+01
           Bond Ellipticity = NA
           V = -4.7729755761E+00
           G =  4.6555491509E-03
           K =  4.7683200269E+00
           L =  4.7636644778E+00
           Vnuc =  4.3116302547E+01
           Ven = -1.8484794451E+01
           Vrep =  1.3711818875E+01
           DelSqV =  7.1815966735E+02
           DelSqVen =  8.2156640918E+02
           DelSqVrep = -1.0340674183E+02
           DelSqG =  7.0925653829E+01
           DelSqK = -7.8908532118E+02
           Stress_EigVals = -1.6416760963E+00 -1.6410073487E+00 -1.4902921311E+00
           Stress_EigVec1 =  8.5736348369E-01  4.3030503719E-03  5.1469344332E-01
           Stress_EigVec2 = -5.1471088414E-01  5.7104631950E-03  8.5734479433E-01
           Stress_EigVec3 = -7.5005987132E-04  9.9997443686E-01 -7.1107694797E-03
           -DivStress =  1.0554495672E-02 -7.8885851892E+00  5.8958546316E-02
           ESP =  -1.1043801406E+00     ESP at Nucleus =  -1.1068495025E+00
           ESPe = -1.5256694465E+01     ESPe at Nucleus = -1.5163370469E+01
           ESPn =  1.4152314325E+01     ESPn at Nucleus =  1.4056520967E+01

CP# 13     Coords =  7.23394435002174E+00 -2.30866350138819E+00  2.72750941189909E+00
           Type = (3,-3) NACP H13
           Rho =  4.2916963871E-01     Rho at Nucleus =  4.2549117833E-01
           GradRho =  1.0343288726E-15 -1.9602375279E-16 -1.7100036664E-15
           HessRho_EigVals = -6.5566419666E+00 -6.5496975587E+00 -5.9521835078E+00
           HessRho_EigVec1 =  4.2366125942E-01  8.7098982591E-01  2.4877270836E-01
           HessRho_EigVec2 =  5.1507802995E-01 -5.7285524804E-03 -8.5712414897E-01
           HessRho_EigVec3 =  7.4512130578E-01 -4.9126765296E-01  4.5105468940E-01
           DelSqRho = -1.9058523033E+01
           Bond Ellipticity = NA
           V = -4.7737116077E+00
           G =  4.5404247263E-03
           K =  4.7691711830E+00
           L =  4.7646307583E+00
           Vnuc =  4.1762007137E+01
           Ven = -1.7922985515E+01
           Vrep =  1.3149273907E+01
           DelSqV =  7.1805512416E+02
           DelSqVen =  7.9592217492E+02
           DelSqVrep = -7.7867050765E+01
           DelSqG =  7.0874441312E+01
           DelSqK = -7.8892956547E+02
           Stress_EigVals = -1.6423285316E+00 -1.6415684215E+00 -1.4898146546E+00
           Stress_EigVec1 =  4.2334273472E-01  8.7119388569E-01  2.4860036704E-01
           Stress_EigVec2 =  5.1508343405E-01 -5.7119677455E-03 -8.5712101211E-01
           Stress_EigVec3 =  7.4529858777E-01 -4.9090588401E-01  4.5115565841E-01
           -DivStress =  5.9089457419E+00 -3.8966925399E+00  3.5769959149E+00
           ESP =  -1.1056103831E+00     ESP at Nucleus =  -1.1081030996E+00
           ESPe = -1.4052101727E+01     ESPe at Nucleus = -1.3957796207E+01
           ESPn =  1.2946491344E+01     ESPn at Nucleus =  1.2849693108E+01

CP# 14     Coords =  7.22731300390908E+00  2.36424054417581E+00  2.69297796342130E+00
           Type = (3,-3) NACP H14
           Rho =  4.2916937126E-01     Rho at Nucleus =  4.2549088139E-01
           GradRho = -2.9637750587E-15 -5.2562121322E-16 -3.1528599176E-16
           HessRho_EigVals = -6.5566353829E+00 -6.5496910889E+00 -5.9521744519E+00
           HessRho_EigVec1 =  4.2607940330E-01 -8.6601410507E-01  2.6167902456E-01
           HessRho_EigVec2 = -5.1515136192E-01  5.5251329045E-03  8.5708141224E-01
           HessRho_EigVec3 =  7.4369040359E-01  4.9998904260E-01  4.4377420034E-01
           DelSqRho = -1.9058500924E+01
           Bond Ellipticity = NA
           V = -4.7737061139E+00
           G =  4.5404414635E-03
           K =  4.7691656724E+00
           L =  4.7646252309E+00
           Vnuc =  4.1762042977E+01
           Ven = -1.7922989727E+01
           Vrep =  1.3149283613E+01
           DelSqV =  7.1805412810E+02
           DelSqVen =  7.9592193466E+02
           DelSqVrep = -7.7867806558E+01
           DelSqG =  7.0874322751E+01
           DelSqK = -7.8892845086E+02
           Stress_EigVals = -1.6423268985E+00 -1.6415668541E+00 -1.4898123613E+00
           Stress_EigVec1 =  4.2575160189E-01 -8.6622163164E-01  2.6152563617E-01
           Stress_EigVec2 = -5.1516522247E-01  5.5575952191E-03  8.5707287128E-01
           Stress_EigVec3 =  7.4386851462E-01  4.9962906043E-01  4.4388110451E-01
           -DivStress =  5.8976131540E+00  3.9658683298E+00  3.5192667107E+00
           ESP =  -1.1056109773E+00     ESP at Nucleus =  -1.1081037297E+00
           ESPe = -1.4052272034E+01     ESPe at Nucleus = -1.3957966624E+01
           ESPn =  1.2946661057E+01     ESPn at Nucleus =  1.2849862894E+01

CP# 15     Coords =  3.78976327126726E+00  4.67875269633664E+00  6.12309081685716E-01
           Type = (3,-3) NACP H15
           Rho =  4.2872154953E-01     Rho at Nucleus =  4.2508080334E-01
           GradRho =  1.2318792687E-11 -8.2235707918E-09  5.9868819971E-11
           HessRho_EigVals = -6.5539001626E+00 -6.5472957209E+00 -5.9535587683E+00
           HessRho_EigVec1 =  8.5717482254E-01  5.1704401329E-03  5.1499960210E-01
           HessRho_EigVec2 = -5.1502303716E-01  5.4777661685E-03  8.5715883317E-01
           HessRho_EigVec3 = -1.6108410341E-03  9.9997162991E-01 -7.3582990241E-03
           DelSqRho = -1.9054754652E+01
           Bond Ellipticity = NA
           V = -4.7729997567E+00
           G =  4.6555468985E-03
           K =  4.7683442099E+00
           L =  4.7636886630E+00
           Vnuc =  4.3116895428E+01
           Ven = -1.8485142219E+01
           Vrep =  1.3712142462E+01
           DelSqV =  7.1816314185E+02
           DelSqVen =  8.2158187748E+02
           DelSqVrep = -1.0341873563E+02
           DelSqG =  7.0926018870E+01
           DelSqK = -7.8908916072E+02
           Stress_EigVals = -1.6416847642E+00 -1.6410158986E+00 -1.4902990939E+00
           Stress_EigVec1 =  8.5735367487E-01  5.8086761255E-03  5.1469499266E-01
