AIMSum (Version 19.02.13, Professional)
Copyright (c) 1997-2019 by Todd A. Keith
AIMSum is a component of the AIMAll package ( http://aim.tkgristmill.com )

TP:  64-bit Linux

Much of the Quantum Theory of Atoms in Molecules (QTAIM) is described in the book:
  "Atoms in Molecules - A Quantum Theory"
  R.F.W. Bader, Oxford University Press, Oxford, 1990

For additional references see:  http://aim.tkgristmill.com/references.html

Wfn File:  /home/mhennefarth/Documents/ML_Diels/summary-hayden2009/20-opt/20-opt.wfn
Sum File:  /home/mhennefarth/Documents/ML_Diels/summary-hayden2009/20-opt/20-opt.sum

SumViz File:  /home/mhennefarth/Documents/ML_Diels/summary-hayden2009/20-opt/20-opt.sumviz

Wfn Title:   Title Card Required                                                           
 
Total memory allocated for AIMSum =        1.846 Megabytes

Atomic units (a.u.) used throughout, except where stated otherwise

Model:  Restricted SCF
 
Restricted, closed-shell, single-determinant wavefunction.
  Number of electrons (from MO Occs)                   =         122.0000000000
  Number of Alpha electrons (from MO Occs)             =          61.0000000000
  Number of Beta electrons (from MO Occs)              =          61.0000000000
  Number of electron pairs (N*(N-1)/2)                 =        7381.0000000000
  Number of electron pairs (from Muller 2EDM)          =        7381.0000000000
 
Nuclear Charges and Cartesian Coordinates:
-------------------------------------------------------------------------------
Atom      Charge                X                  Y                  Z
-------------------------------------------------------------------------------
C1         6.0           2.1003014100E+00  -4.6141339500E+00   8.2256417000E-01
C2         6.0          -3.7660826000E-01  -4.9308430800E+00   2.0282342000E-01
C3         6.0          -1.8511893500E+00  -2.8901565200E+00  -8.1825473000E-01
C4         6.0          -6.6279513000E-01  -4.9263633000E-01  -1.1783225200E+00
C5         6.0           1.9332002300E+00  -1.6095368000E-01  -5.2911296000E-01
C6         6.0           3.3490402300E+00  -2.2252008700E+00   4.8255998000E-01
C7         6.0           5.9008868400E+00  -1.8523619400E+00   1.1061330000E+00
C8         6.0           7.0469610400E+00   4.9222263000E-01   7.4717671000E-01
C9         6.0           5.6793163200E+00   2.5155992800E+00  -2.3987215000E-01
C10        6.0           3.1223875900E+00   2.2358923000E+00  -8.9146876000E-01
C11        6.0          -2.0783856800E+00   1.5721329100E+00  -2.1895911400E+00
C12        6.0          -4.6315202900E+00   1.2002278700E+00  -2.8111597100E+00
C13        6.0          -5.7775876200E+00  -1.1455576900E+00  -2.4528993900E+00
C14        6.0          -4.4082369600E+00  -3.1701273700E+00  -1.4688654100E+00
C15        6.0           1.6483666000E+00   4.2760700400E+00  -1.9147410700E+00
C16        6.0          -8.2909810000E-01   3.9602266600E+00  -2.5327021100E+00
C17        6.0          -3.0321897600E+00   2.2787087900E+00   6.0874644800E+00
C18        6.0          -5.3860964800E+00   2.0524188400E+00   5.2296496300E+00
H19        1.0           3.1859816700E+00  -6.1791513700E+00   1.5937536000E+00
H20        1.0          -1.2904950000E+00  -6.7510104200E+00   4.7492964000E-01
H21        1.0           6.9819248400E+00  -3.4206433300E+00   1.8766994200E+00
H22        1.0           9.0241805900E+00   7.4483059000E-01   1.2408726100E+00
H23        1.0           6.5879678800E+00   4.3379849200E+00  -5.1437551000E-01
H24        1.0          -5.7122362400E+00   2.7685107500E+00  -3.5820756800E+00
H25        1.0          -7.7545153400E+00  -1.3987479700E+00  -2.9476443000E+00
H26        1.0          -5.3166037100E+00  -4.9926198000E+00  -1.1949940700E+00
H27        1.0           2.5619988700E+00   6.0964936000E+00  -2.1863750900E+00
H28        1.0          -1.9154350600E+00   5.5258017200E+00  -3.3015440100E+00
H29        1.0          -1.4057638400E+00   1.8972044200E+00   4.8914571000E+00
H30        1.0          -2.6313508500E+00   2.8533171300E+00   8.0200738600E+00
H31        1.0          -5.7803272800E+00   1.4766359200E+00   3.2970259200E+00
H32        1.0          -7.0158421900E+00   2.4322265300E+00   6.4239078600E+00
 
Some Atomic Properties:
----------------------
  q(A) = Net Charge of Atom A
  L(A) = Lagrangian of Atom A = -(1/4) Times Atomic Integral of the Laplacian of the Electron Density
  K(A) = Electronic Kinetic Energy of Atom A (Hamiltonian Form)
  K_Scaled(A) = K(A) * E(Mol)/K(Mol) = Approximation to Virial-Based Total Energy of Atom A.
  |Mu_Intra(A)| = Magnitude of Intraatomic Dipole Moment of Atom A
--------------------------------------------------------------------------------------------------
Atom A          q(A)              L(A)              K(A)          K_Scaled(A)      |Mu_Intra(A)|
--------------------------------------------------------------------------------------------------
C1       -4.0893352300E-02 -1.9137396683E-04  3.7736413754E+01 -3.8108966499E+01  1.0810811813E-01
C2       -3.9894916500E-02  4.1315786248E-06  3.7736180530E+01 -3.8108730972E+01  1.0826012009E-01
C3        1.1737396200E-02  2.3523331153E-05  3.7739075633E+01 -3.8111654657E+01  2.3743003821E-02
C4       -1.0338565200E-02 -7.0910789765E-05  3.7760380462E+01 -3.8133169818E+01  6.2967077453E-03
C5       -1.0741166600E-02  1.2119677826E-05  3.7760417176E+01 -3.8133206895E+01  8.4440064752E-03
C6        1.0917207500E-02  6.3266261652E-05  3.7739547763E+01 -3.8112131448E+01  2.3500504727E-02
C7       -4.3892667300E-02  3.4284014398E-05  3.7735097080E+01 -3.8107636826E+01  1.1520051621E-01
C8       -3.2408448500E-02 -1.0241126769E-04  3.7723726664E+01 -3.8096154156E+01  1.1480652854E-01
C9       -4.4028536800E-02 -1.0264543808E-04  3.7735001442E+01 -3.8107540244E+01  1.1571746852E-01
C10       1.0257046200E-02  6.0343558998E-05  3.7739544831E+01 -3.8112128487E+01  2.3635056411E-02
C11       1.0488889400E-02 -1.0129272563E-04  3.7739417305E+01 -3.8111999703E+01  2.2485531653E-02
C12      -4.6981790500E-02  4.6691769026E-05  3.7735455504E+01 -3.8107998788E+01  1.1542049343E-01
C13      -3.5888029900E-02 -2.4126376969E-05  3.7724109967E+01 -3.8096541243E+01  1.1453343353E-01
C14      -4.3972566700E-02 -5.7538003039E-05  3.7734628867E+01 -3.8107163991E+01  1.1559162999E-01
C15      -4.0639307700E-02  7.2662517806E-05  3.7736471362E+01 -3.8109024675E+01  1.0766870974E-01
C16      -3.9883156000E-02 -1.3335594174E-05  3.7736136411E+01 -3.8108686417E+01  1.0842306650E-01
C17      -8.1044606700E-02 -1.6525318174E-05  3.7694426034E+01 -3.8066564255E+01  9.1015038030E-02
C18      -8.3341049500E-02  5.8546782091E-05  3.7695555197E+01 -3.8067704566E+01  9.3811034562E-02
H19       3.9146794970E-02  2.5257330957E-05  5.9875017449E-01 -6.0466133558E-01  1.5166317295E-01
H20       3.9447470720E-02  2.1220126148E-05  5.9866611686E-01 -6.0457644810E-01  1.5159961254E-01
H21       3.7163643520E-02  2.5232949102E-05  5.9934475916E-01 -6.0526179030E-01  1.5219362525E-01
H22       4.0141472310E-02  3.0856861843E-05  5.9928343825E-01 -6.0519986399E-01  1.4937016258E-01
H23       3.7230939570E-02  2.4152296875E-05  5.9930131906E-01 -6.0521792133E-01  1.5218103895E-01
H24       3.7985016120E-02  1.8186975838E-05  5.9901329564E-01 -6.0492705440E-01  1.5199456810E-01
H25       4.0553183960E-02  1.8786581645E-05  5.9908672187E-01 -6.0500120553E-01  1.4928045274E-01
H26       3.7922786360E-02  2.1014276290E-05  5.9905505562E-01 -6.0496922665E-01  1.5203669382E-01
H27       3.9282681740E-02  2.4441684504E-05  5.9871622370E-01 -6.0462704962E-01  1.5163737088E-01
H28       3.9696073510E-02  1.9425816869E-05  5.9855902567E-01 -6.0446829965E-01  1.5153169844E-01
H29       4.7493102340E-02  3.0162414389E-05  5.9279823826E-01 -5.9865063886E-01  1.4218687240E-01
H30       3.3551559160E-02  2.1895890635E-05  5.9813163381E-01 -6.0403668836E-01  1.4865307400E-01
H31       4.8708342540E-02  3.6072138801E-05  5.9230713924E-01 -5.9815469147E-01  1.4057309504E-01
H32       3.2306124710E-02  1.8855375799E-05  5.9857390152E-01 -6.0448332237E-01  1.4895892096E-01
--------------------------------------------------------------------------------------------------
Total     8.1570630000E-05  3.0970730919E-05  6.8757317303E+02 -6.9436123918E+02
 
1st Largest |L(A)| = 1.9137396683E-04, atom C1      
2nd Largest |L(A)| = 1.0264543808E-04, atom C9      
 
Molecular charge q(Mol) from the wfn file:   0.0000000000E+00
Molecular energy E(Mol) from the wfn file:  -6.9436128347E+02
Molecular virial ratio (-V(Mol)/T(Mol)) from the wfn file:   2.0098725000E+00
Note.  K_Scaled(A) = (1+V(Mol)/T(Mol))*K(A) = (E(Mol)/T(Mol))*K(A)
       Only use K_Scaled(A) data with caution.
 
N_AIMInt(SumA)     =        121.999918
N_Analytic(Mol)    =        121.999978
 
G_AIMInt(SumA)     =        687.573142
G_Analytic(Mol)    =        687.573164
 
K_AIMInt(SumA)     =        687.573173
K_Analytic(Mol)    =        687.573164
 
L_AIMInt(SumA)     =          0.000031
L_Analytic(Mol)    =          0.000000
 
VenT_AIMInt(SumA)  =      -3954.404109
VenT_Analytic(Mol) =      -3954.404816
 
Some Information About the Atomic Calculations:
----------------------------------------------
  Time(sec) = "Elapsed User Time", in Seconds, for Atom A by AIMInt and, if used, by TWOe
  NProc = Number of Processors Used for AIMInt Job
  BIM = Basin Integration Method
  OAQ = Angular Quadrature Outside of Beta Sphere
  ORQ = Multiple of Default for Radial Quadrature Outside of Beta Sphere
  IAQ = Multiple of Default for Angular Quadrature Inside of Beta Sphere
  IRQ = Multiple of Default for Radial Quadrature Inside of Beta Sphere
  MIR = Maximum Integration Radius
------------------------------------------------------------------------------------------------------
Atom A     Time(sec)   NProc      BIM          OAQ                     ORQ      IAQ      IRQ      MIR
------------------------------------------------------------------------------------------------------
C1             26        8     Proaim(5)    4500(GS4)                  1.00     1.00     1.00    13.00
C2             27        8     Proaim(5)    4500(GS4)                  1.00     1.00     1.00    13.00
C3             30        8     Proaim(5)    4500(GS4)                  1.00     1.00     1.00    13.00
C4             53        8     Proaim(5)    4500(GS4)                  1.00     1.00     1.00    13.00
C5             38        8     Proaim(5)    4500(GS4)                  1.00     1.00     1.00    13.00
C6             29        8     Proaim(5)    4500(GS4)                  1.00     1.00     1.00    13.00
C7             25        8     Proaim(5)    4500(GS4)                  1.00     1.00     1.00    13.00
C8             21        8     Proaim(5)    4500(GS4)                  1.00     1.00     1.00    13.00
C9             25        8     Proaim(5)    4500(GS4)                  1.00     1.00     1.00    13.00
C10            31        8     Proaim(5)    4500(GS4)                  1.00     1.00     1.00    13.00
C11            35        8     Proaim(5)    4500(GS4)                  1.00     1.00     1.00    13.00
C12            51        8     Proaim(5)    4500(GS4)                  1.00     1.00     1.00    13.00
C13            31        8     Proaim(5)    4500(GS4)                  1.00     1.00     1.00    13.00
C14            28        8     Proaim(5)    4500(GS4)                  1.00     1.00     1.00    13.00
C15            27        8     Proaim(5)    4500(GS4)                  1.00     1.00     1.00    13.00
C16            27        8     Proaim(5)    4500(GS4)                  1.00     1.00     1.00    13.00
C17            26        8     Proaim(5)    4500(GS4)                  1.00     1.00     1.00    13.00
C18            26        8     Proaim(5)    4500(GS4)                  1.00     1.00     1.00    13.00
H19             8        8     Proaim(5)    1800(GS4)                  1.00     1.00     1.00    13.00
H20             8        8     Proaim(5)    1800(GS4)                  1.00     1.00     1.00    13.00
H21             8        8     Proaim(5)    1800(GS4)                  1.00     1.00     1.00    13.00
H22             6        8     Proaim(5)    1800(GS4)                  1.00     1.00     1.00    13.00
H23             8        8     Proaim(5)    1800(GS4)                  1.00     1.00     1.00    13.00
H24             8        8     Proaim(5)    1800(GS4)                  1.00     1.00     1.00    13.00
H25             7        8     Proaim(5)    1800(GS4)                  1.00     1.00     1.00    13.00
H26             8        8     Proaim(5)    1800(GS4)                  1.00     1.00     1.00    13.00
H27             8        8     Proaim(5)    1800(GS4)                  1.00     1.00     1.00    13.00
H28             8        8     Proaim(5)    1800(GS4)                  1.00     1.00     1.00    13.00
H29            24        8     Proaim(5)    4500(GS4)                  1.00     1.00     1.00    13.00
H30             6        8     Proaim(5)    1800(GS4)                  1.00     1.00     1.00    13.00
H31            25        8     Proaim(5)    4500(GS4)                  1.00     1.00     1.00    13.00
H32             6        8     Proaim(5)    1800(GS4)                  1.00     1.00     1.00    13.00
------------------------------------------------------------------------------------------------------
Total         694
Note:  Total wall clock time is less than total of atomic times if more than one atom
       was calculated at a time
 
Electron Density Critical Point Analysis of Molecular Structure:               
---------------------------------------------------------------                
  NACP = Nuclear Attractor Critical Point                                      
  NNACP = Non-Nuclear Attractor Critical Point                                 
  BCP = Bond Critical Point                                                    
  RCP = Ring Critical Point                                                    
  CCP = Cage Critical Point                                                    
  Rho = Electron Density                                                       
  GradRho = Gradient of Electron Density                                       
  HessRho_EigVals = Eigenvalues of the Hessian of Rho, Ascending Order         
  HessRho_EigVecs = Eigenvectors of the Hessian of Rho                         
  DelSqRho = Laplacian of Rho = Trace of Hessian of Rho                        
  Bond Ellipticity = (HessRho_EigVal(1) / HessRho_EigVal(2)) - 1               
  V = Virial Field = Potential Energy Density = Trace of Stress Tensor         
  G = Lagrangian Form of Kinetic Energy Density                                
  K = Hamiltonian Form of Kinetic Energy Density                               
  L = K - G = Lagrangian Density = (-1/4)DelSqRho                              
  Vnuc = Electrostatic Potential from Nuclei                                   
  Ven = Electron-nuclear attractive contribution to Virial Field V             
  Vrep = V - Ven = Repulsive contribution to Virial Field V                    
  DelSqV = Laplacian of V                                                      
  DelSqVen = Laplacian of Ven                                                  
  DelSqVrep = Laplacian of Vrep                                                
  DelSqG = Laplacian of G                                                      
  DelSqK = Laplacian of K                                                      
  Stress_EigVals = Eigenvalues of Stress Tensor, Ascending Order               
  Stress_EigVecs = Eigenvectors of Stress Tensor                               
  -DivStress = Ehrenfest Force Density = Minus Divergence of Stress Tensor     
  ESP = Total Electrostatic Potential                                          
  ESPe = Electrostatic Potential from Electrons                                
  ESPn = Electrostatic Potential from Nuclei                                   
  BP = Bond Path                                                               
  BPL = Bond Path Length                                                       
  GBL = Geometric Bond Length                                                  
  GBL_I = Distance Between Nuclear Attractors                                  
  GBL_II = Distance Between Nuclei                                             
  GBL_III = Sum of Distances Between BCP and Nuclear Attractors                
  GBL_IV = Sum of Distances Between BCP and Nuclei                             

CP# 1      Coords =  2.10030200975829E+00 -4.61413357375153E+00  8.22564231814187E-01
           Type = (3,-3) NACP C1
           Rho =  1.1767177336E+02     Rho at Nucleus =  1.1767177332E+02
           GradRho =  5.6235340711E-11  9.2312180002E-13  4.2539441750E-12
           HessRho_EigVals = -1.4499900753E+05 -1.4499808385E+05 -1.4499779761E+05
           HessRho_EigVec1 = -2.6497967759E-01  2.7163781347E-01  9.2520196106E-01
           HessRho_EigVec2 =  1.3818107535E-02  9.6047145014E-01 -2.7803534554E-01
           HessRho_EigVec3 =  9.6415498255E-01  6.0889176030E-02  2.5825893571E-01
           DelSqRho = -4.3499488899E+05
           Bond Ellipticity = NA
           V = -1.0875907362E+05
           G =  5.1756857875E+00
           K =  1.0875389793E+05
           L =  1.0874872225E+05
           Vnuc =  8.4424048041E+06
           Ven = -9.9343274468E+08
           Vrep =  9.9332398560E+08
           DelSqV =  2.4951600705E+09
           DelSqVen =  3.6724033454E+12
           DelSqVrep = -3.6699081853E+12
           DelSqG =  1.3402699548E+08
           DelSqK = -2.6291870659E+09
           Stress_EigVals = -3.6253274519E+04 -3.6253157750E+04 -3.6252641350E+04
           Stress_EigVec1 =  9.5802328991E-01 -3.2968890305E-02  2.8478839207E-01
           Stress_EigVec2 =  1.0773769628E-01  9.6195559865E-01 -2.5106575837E-01
           Stress_EigVec3 = -2.6567642874E-01  2.7120928911E-01  9.2512785966E-01
           -DivStress = -4.8296805517E+02 -3.0516773451E+02 -4.9253346572E+01
           ESP =  -1.4736156951E+01     ESP at Nucleus =  -1.4736156955E+01
           ESPe = -3.3980131969E+01     ESPe at Nucleus = -3.3980131808E+01
           ESPn =  1.9243975019E+01     ESPn at Nucleus =  1.9243974853E+01

CP# 2      Coords = -3.76608885721180E-01 -4.93084285354559E+00  2.02823174542020E-01
           Type = (3,-3) NACP C2
           Rho =  1.1767151183E+02     Rho at Nucleus =  1.1767151179E+02
           GradRho = -7.6733291155E-11  7.7772018047E-11 -3.0819134652E-11
           HessRho_EigVals = -1.4499858100E+05 -1.4499765727E+05 -1.4499737179E+05
           HessRho_EigVec1 = -2.6604276024E-01  2.7070159909E-01  9.2517127819E-01
           HessRho_EigVec2 = -1.1490062786E-01  9.4401219551E-01 -3.0925526745E-01
           HessRho_EigVec3 =  9.5708886497E-01  1.8857788571E-01  2.2004382649E-01
           DelSqRho = -4.3499361006E+05
           Bond Ellipticity = NA
           V = -1.0875875465E+05
           G =  5.1760665283E+00
           K =  1.0875357858E+05
           L =  1.0874840252E+05
           Vnuc =  8.4594693594E+06
           Ven = -9.9543854880E+08
           Vrep =  9.9532979004E+08
           DelSqV =  2.4951526637E+09
           DelSqVen =  3.6798154670E+12
           DelSqVrep = -3.6773205765E+12
           DelSqG =  1.3402649741E+08
           DelSqK = -2.6291791612E+09
           Stress_EigVals = -3.6253168149E+04 -3.6253051479E+04 -3.6252535021E+04
           Stress_EigVec1 =  9.4165175538E-01  2.7839599988E-01  1.8917621111E-01
           Stress_EigVec2 = -2.0628386103E-01  9.2144701537E-01 -3.2921477267E-01
           Stress_EigVec3 = -2.6596793092E-01  2.7098166934E-01  9.2511080126E-01
           -DivStress =  5.0418871117E+02 -1.8459991152E+02  1.9812073432E+02
           ESP =  -1.4736209943E+01     ESP at Nucleus =  -1.4736209947E+01
           ESPe = -3.4083981077E+01     ESPe at Nucleus = -3.4083980845E+01
           ESPn =  1.9347771135E+01     ESPn at Nucleus =  1.9347770898E+01

CP# 3      Coords = -1.85118892518566E+00 -2.89015664078797E+00 -8.18254566614019E-01
           Type = (3,-3) NACP C3
           Rho =  1.1763924337E+02     Rho at Nucleus =  1.1763924336E+02
           GradRho =  2.1283956470E-11  9.5225028560E-12  9.0522719800E-12
           HessRho_EigVals = -1.4495165314E+05 -1.4495052505E+05 -1.4495038425E+05
           HessRho_EigVec1 = -2.6520725831E-01  2.7221684922E-01  9.2496653839E-01
           HessRho_EigVec2 =  5.7299456295E-02  9.6207251947E-01 -2.6670815432E-01
           HessRho_EigVec3 =  9.6248734145E-01  1.7732858636E-02  2.7074649264E-01
           DelSqRho = -4.3485256244E+05
           Bond Ellipticity = NA
           V = -1.0872356188E+05
           G =  5.2106336947E+00
           K =  1.0871835124E+05
           L =  1.0871314061E+05
           Vnuc =  1.2741433280E+07
           Ven = -1.4988925706E+09
           Vrep =  1.4987838470E+09
           DelSqV =  2.4943397324E+09
           DelSqVen =  5.5406388838E+12
           DelSqVrep = -5.5381450684E+12
           DelSqG =  1.3397579186E+08
           DelSqK = -2.6283155243E+09
           Stress_EigVals = -3.6241412846E+04 -3.6241349077E+04 -3.6240799954E+04
           Stress_EigVec1 =  9.5968248626E-01 -1.7992592194E-02  2.8050987894E-01
           Stress_EigVec2 =  9.2792927982E-02  9.6228173876E-01 -2.5574074326E-01
           Stress_EigVec3 = -2.6532809515E-01  2.7145924532E-01  9.2515451685E-01
           -DivStress = -3.4291531311E+02  1.0169083774E+02 -1.3338215082E+02
           ESP =  -1.4728898287E+01     ESP at Nucleus =  -1.4728898289E+01
           ESPe = -3.6553068843E+01     ESPe at Nucleus = -3.6553068737E+01
           ESPn =  2.1824170555E+01     ESPn at Nucleus =  2.1824170449E+01

CP# 4      Coords = -6.62795070656306E-01 -4.92636307913059E-01 -1.17832247852190E+00
           Type = (3,-3) NACP C4
           Rho =  1.1764896885E+02     Rho at Nucleus =  1.1764896885E+02
           GradRho = -4.8442778760E-12  3.0581414697E-12  5.8788571228E-12
           HessRho_EigVals = -1.4496859821E+05 -1.4496752860E+05 -1.4496751399E+05
           HessRho_EigVec1 = -2.6427318489E-01  2.7215801883E-01  9.2525115322E-01
           HessRho_EigVec2 =  9.6444608686E-01  7.2733178550E-02  2.5407406457E-01
           HessRho_EigVec3 = -1.8518367184E-03 -9.5949981632E-01  2.8170316501E-01
           DelSqRho = -4.3490364080E+05
           Bond Ellipticity = NA
           V = -1.0873637017E+05
           G =  5.2299845416E+00
           K =  1.0873114018E+05
           L =  1.0872591020E+05
           Vnuc =  7.9264067719E+07
           Ven = -9.3253358338E+09
           Vrep =  9.3252270974E+09
           DelSqV =  2.4946374368E+09
           DelSqVen =  3.4471944389E+13
           DelSqVrep = -3.4469382642E+13
           DelSqG =  1.3399655542E+08
           DelSqK = -2.6286339922E+09
           Stress_EigVals = -3.6245641923E+04 -3.6245639521E+04 -3.6245088724E+04
           Stress_EigVec1 = -1.8593002829E-02 -9.6080798665E-01  2.7659051508E-01
           Stress_EigVec2 =  9.6407516246E-01  5.6087278867E-02  2.5964070998E-01
           Stress_EigVec3 = -2.6497807716E-01  2.7148154621E-01  9.2524828489E-01
           -DivStress = -4.6932896862E+01 -1.7677234077E+01 -3.3145547397E+01
           ESP =  -1.4730160393E+01     ESP at Nucleus =  -1.4730160393E+01
           ESPe = -3.8258089460E+01     ESPe at Nucleus = -3.8258089435E+01
           ESPn =  2.3527929067E+01     ESPn at Nucleus =  2.3527929042E+01

CP# 5      Coords =  1.93320014686233E+00 -1.60953676730231E-01 -5.29112955038321E-01
           Type = (3,-3) NACP C5
           Rho =  1.1764898804E+02     Rho at Nucleus =  1.1764898804E+02
           GradRho =  1.0064047832E-11  1.8809683424E-12 -1.3606908936E-12
           HessRho_EigVals = -1.4496867257E+05 -1.4496760471E+05 -1.4496758830E+05
           HessRho_EigVec1 = -2.6584842640E-01  2.7162189151E-01  9.2495738401E-01
           HessRho_EigVec2 =  9.6190230351E-01  1.3822721336E-01  2.3587538233E-01
           HessRho_EigVec3 =  6.3785364165E-02 -9.5242573755E-01  2.9802121028E-01
           DelSqRho = -4.3490386558E+05
           Bond Ellipticity = NA
           V = -1.0873642625E+05
           G =  5.2299279897E+00
           K =  1.0873119632E+05
           L =  1.0872596639E+05
           Vnuc =  7.1985836151E+07
           Ven = -8.4690607767E+09
           Vrep =  8.4689520403E+09
           DelSqV =  2.4946387723E+09
           DelSqVen =  3.1307358798E+13
           DelSqVrep = -3.1305132595E+13
           DelSqG =  1.3399667379E+08
           DelSqK = -2.6286354461E+09
           Stress_EigVals = -3.6245660751E+04 -3.6245657919E+04 -3.6245107581E+04
           Stress_EigVec1 =  8.4783621538E-02 -9.4921367310E-01  3.0299363083E-01
           Stress_EigVec2 =  9.6024262247E-01  1.5901172675E-01  2.2945452001E-01
           Stress_EigVec3 = -2.6598090818E-01  2.7149341347E-01  9.2495701680E-01
           -DivStress =  6.6047018824E+01 -2.6668265829E+00 -3.9392876297E+00
           ESP =  -1.4730279213E+01     ESP at Nucleus =  -1.4730279213E+01
           ESPe = -3.8082612031E+01     ESPe at Nucleus = -3.8082611997E+01
           ESPn =  2.3352332818E+01     ESPn at Nucleus =  2.3352332784E+01

CP# 6      Coords =  3.34903981361511E+00 -2.22520110678826E+00  4.82559930808213E-01
           Type = (3,-3) NACP C6
           Rho =  1.1763955684E+02     Rho at Nucleus =  1.1763955682E+02
           GradRho = -8.9673609483E-12 -3.6260290910E-11 -6.5560942397E-12
           HessRho_EigVals = -1.4495220252E+05 -1.4495107496E+05 -1.4495093241E+05
           HessRho_EigVec1 = -2.6609720530E-01  2.7240547196E-01  9.2465536076E-01
           HessRho_EigVec2 = -1.4856467438E-01  9.3618899252E-01 -3.1855722846E-01
           HessRho_EigVec3 =  9.5242890278E-01  2.2213831080E-01  2.0864744431E-01
           DelSqRho = -4.3485420990E+05
           Bond Ellipticity = NA
           V = -1.0872397324E+05
           G =  5.2103843306E+00
           K =  1.0871876286E+05
           L =  1.0871355247E+05
           Vnuc =  1.2460472407E+07
           Ven = -1.4658444519E+09
           Vrep =  1.4657357279E+09
           DelSqV =  2.4943493060E+09
           DelSqVen =  5.4184881684E+12
           DelSqVrep = -5.4159948677E+12
           DelSqG =  1.3397646081E+08
           DelSqK = -2.6283257668E+09
           Stress_EigVals = -3.6241550191E+04 -3.6241485948E+04 -3.6240937103E+04
           Stress_EigVec1 =  9.4603788356E-01  2.5776950758E-01  1.9638534524E-01
           Stress_EigVec2 = -1.8507065482E-01  9.2724060988E-01 -3.2553602584E-01
           Stress_EigVec3 = -2.6600972837E-01  2.7162424847E-01  9.2491031568E-01
           -DivStress =  3.3574303364E+02  1.9538402092E+02  3.8492098970E+01
           ESP =  -1.4729025830E+01     ESP at Nucleus =  -1.4729025831E+01
           ESPe = -3.6276215231E+01     ESPe at Nucleus = -3.6276215086E+01
           ESPn =  2.1547189401E+01     ESPn at Nucleus =  2.1547189255E+01

CP# 7      Coords =  5.90088696363705E+00 -1.85236188812137E+00  1.10613302177635E+00
           Type = (3,-3) NACP C7
           Rho =  1.1766119150E+02     Rho at Nucleus =  1.1766119150E+02
           GradRho = -2.7753582974E-11  1.5850776583E-11 -4.0937391823E-12
           HessRho_EigVals = -1.4498372195E+05 -1.4498275971E+05 -1.4498261247E+05
           HessRho_EigVec1 = -2.6617601820E-01  2.7159397453E-01  9.2487136421E-01
           HessRho_EigVec2 =  7.3407442243E-01 -5.6473689527E-01  3.7710340949E-01
           HessRho_EigVec3 =  6.2472799654E-01  7.7930029649E-01 -4.9050771876E-02
           DelSqRho = -4.3494909413E+05
           Bond Ellipticity = NA
           V = -1.0874763013E+05
           G =  5.1783005456E+00
           K =  1.0874245183E+05
           L =  1.0873727353E+05
           Vnuc =  4.4170569678E+07
           Ven = -5.1971618575E+09
           Vrep =  5.1970531099E+09
           DelSqV =  2.4948961484E+09
           DelSqVen =  1.9211892031E+13
           DelSqVrep = -1.9209397135E+13
           DelSqG =  1.3401072750E+08
           DelSqK = -2.6289068759E+09
           Stress_EigVals = -3.6249416403E+04 -3.6249379776E+04 -3.6248833953E+04
           Stress_EigVec1 =  5.1660951761E-01  8.5023892256E-01 -1.0103653235E-01
           Stress_EigVec2 =  8.1389428984E-01 -4.5099749811E-01  3.6630225451E-01
           Stress_EigVec3 = -2.6587721090E-01  2.7146828775E-01  9.2499420402E-01
           -DivStress = -1.0341539573E+02 -4.7795622267E+01 -1.6838201411E+01
           ESP =  -1.4737163613E+01     ESP at Nucleus =  -1.4737163613E+01
           ESPe = -3.3297786055E+01     ESPe at Nucleus = -3.3297786214E+01
           ESPn =  1.8560622442E+01     ESPn at Nucleus =  1.8560622601E+01

CP# 8      Coords =  7.04696113513115E+00  4.92222641964822E-01  7.47176734237215E-01
           Type = (3,-3) NACP C8
           Rho =  1.1765940054E+02     Rho at Nucleus =  1.1765940054E+02
           GradRho =  6.2971071815E-11  8.1210135522E-13  6.0470836348E-12
           HessRho_EigVals = -1.4498078313E+05 -1.4497965509E+05 -1.4497958992E+05
           HessRho_EigVec1 = -2.6587445751E-01  2.7152916095E-01  9.2497712815E-01
           HessRho_EigVec2 =  9.6267141967E-01  1.2528728185E-01  2.3993089579E-01
           HessRho_EigVec3 =  5.0739635343E-02 -9.5424054188E-01  2.9470405095E-01
           DelSqRho = -4.3494002815E+05
           Bond Ellipticity = NA
           V = -1.0874533059E+05
           G =  5.1617757849E+00
           K =  1.0874016881E+05
           L =  1.0873500704E+05
           Vnuc =  6.0669449363E+07
           Ven = -7.1383310434E+09
           Vrep =  7.1382222981E+09
           DelSqV =  2.4948431304E+09
           DelSqVen =  2.6387138216E+13
           DelSqVrep = -2.6384710482E+13
           DelSqG =  1.3400704126E+08
           DelSqK = -2.6288501717E+09
           Stress_EigVals = -3.6248645803E+04 -3.6248639632E+04 -3.6248045153E+04
           Stress_EigVec1 =  5.3703719475E-02 -9.5384471881E-01  2.9545924070E-01
           Stress_EigVec2 =  9.6254133844E-01  1.2819811918E-01  2.3891298424E-01
           Stress_EigVec3 = -2.6576320723E-01  2.7156121711E-01  9.2499968813E-01
           -DivStress = -7.3729739238E+01 -9.2567255179E+00 -1.8766459156E+01
           ESP =  -1.4736112015E+01     ESP at Nucleus =  -1.4736112016E+01
           ESPe = -3.2374390107E+01     ESPe at Nucleus = -3.2374390314E+01
           ESPn =  1.7638278092E+01     ESPn at Nucleus =  1.7638278298E+01

CP# 9      Coords =  5.67931644283566E+00  2.51559926161058E+00 -2.39872107317758E-01
           Type = (3,-3) NACP C9
           Rho =  1.1766117062E+02     Rho at Nucleus =  1.1766117062E+02
           GradRho = -1.0101343400E-11  2.4220978549E-11 -1.5206043347E-12
           HessRho_EigVals = -1.4498368967E+05 -1.4498272779E+05 -1.4498258001E+05
           HessRho_EigVec1 = -2.6618741276E-01  2.7133034191E-01  9.2494546155E-01
           HessRho_EigVec2 =  6.6925574897E-01  7.4260339847E-01 -2.5237572039E-02
           HessRho_EigVec3 = -6.9371536220E-01  6.1230714363E-01 -3.7926106854E-01
           DelSqRho = -4.3494899748E+05
           Bond Ellipticity = NA
           V = -1.0874760577E+05
           G =  5.1781983017E+00
           K =  1.0874242757E+05
           L =  1.0873724937E+05
           Vnuc =  4.5685165321E+07
           Ven = -5.3753700316E+09
           Vrep =  5.3752612840E+09
           DelSqV =  2.4948955813E+09
           DelSqVen =  1.9870699749E+13
           DelSqVrep = -1.9868204854E+13
           DelSqG =  1.3401069135E+08
           DelSqK = -2.6289062726E+09
           Stress_EigVals = -3.6249408401E+04 -3.6249371498E+04 -3.6248825868E+04
           Stress_EigVec1 =  5.9281538489E-01 -7.1058654112E-01  3.7899431001E-01
           Stress_EigVec2 =  7.6021490705E-01  6.4907431655E-01  2.7853665679E-02
           Stress_EigVec3 = -2.6578791270E-01  2.7160504262E-01  9.2497972210E-01
           -DivStress = -1.0330667446E+02  1.9800860728E+01 -3.7043590088E+01
           ESP =  -1.4737147015E+01     ESP at Nucleus =  -1.4737147015E+01
           ESPe = -3.3329885210E+01     ESPe at Nucleus = -3.3329885365E+01
           ESPn =  1.8592738196E+01     ESPn at Nucleus =  1.8592738350E+01

CP# 10     Coords =  3.12238715336071E+00  2.23589242840370E+00 -8.91468920105857E-01
           Type = (3,-3) NACP C10
           Rho =  1.1763973323E+02     Rho at Nucleus =  1.1763973321E+02
           GradRho = -1.2398699770E-11  1.4704259945E-11 -7.5684084515E-13
           HessRho_EigVals = -1.4495248909E+05 -1.4495136122E+05 -1.4495121870E+05
           HessRho_EigVec1 = -2.6601535691E-01  2.7004809187E-01  9.2537011945E-01
           HessRho_EigVec2 =  5.2003344656E-02  9.6258094103E-01 -2.6595786154E-01
           HessRho_EigVec3 =  9.6256505340E-01  2.2626534205E-02  2.7010471658E-01
           DelSqRho = -4.3485506902E+05
           Bond Ellipticity = NA
           V = -1.0872418735E+05
           G =  5.2100454258E+00
           K =  1.0871897730E+05
           L =  1.0871376725E+05
           Vnuc =  1.2436082323E+07
           Ven = -1.4629774068E+09
           Vrep =  1.4628686826E+09
           DelSqV =  2.4943542827E+09
           DelSqVen =  5.4078881137E+12
           DelSqVrep = -5.4053937594E+12
           DelSqG =  1.3397679354E+08
           DelSqK = -2.6283310763E+09
           Stress_EigVals = -3.6241621543E+04 -3.6241557339E+04 -3.6241008464E+04
           Stress_EigVec1 =  9.5985929974E-01 -1.4583789566E-02  2.8010254869E-01
           Stress_EigVec2 =  8.9378321052E-02  9.6249077065E-01 -2.5616992824E-01
           Stress_EigVec3 = -2.6586018963E-01  2.7092218346E-01  9.2515919175E-01
           -DivStress =  3.5249003960E+02 -1.0784633048E+02  1.3070739156E+02
           ESP =  -1.4728968363E+01     ESP at Nucleus =  -1.4728968364E+01
           ESPe = -3.6328340816E+01     ESPe at Nucleus = -3.6328340662E+01
           ESPn =  2.1599372453E+01     ESPn at Nucleus =  2.1599372298E+01

CP# 11     Coords = -2.07838529126365E+00  1.57213314287188E+00 -2.18959107529555E+00
           Type = (3,-3) NACP C11
           Rho =  1.1764012768E+02     Rho at Nucleus =  1.1764012766E+02
           GradRho =  4.4232201587E-12  2.5829271231E-11 -1.6844107652E-11
           HessRho_EigVals = -1.4495301296E+05 -1.4495188285E+05 -1.4495174545E+05
           HessRho_EigVec1 = -2.6603994123E-01  2.6936441917E-01  9.2556229361E-01
           HessRho_EigVec2 = -1.5618123121E-01  9.3543378230E-01 -3.1712940883E-01
           HessRho_EigVec3 =  9.5122561608E-01  2.2892454786E-01  2.0679308184E-01
           DelSqRho = -4.3485664127E+05
           Bond Ellipticity = NA
           V = -1.0872458126E+05
           G =  5.2104729946E+00
           K =  1.0871937079E+05
           L =  1.0871416032E+05
           Vnuc =  1.3107711426E+07
           Ven = -1.5419928458E+09
           Vrep =  1.5418841212E+09
           DelSqV =  2.4943633086E+09
           DelSqVen =  5.6999742013E+12
           DelSqVrep = -5.6974798380E+12
           DelSqG =  1.3397731201E+08
           DelSqK = -2.6283406206E+09
           Stress_EigVals = -3.6241752075E+04 -3.6241689431E+04 -3.6241139758E+04
           Stress_EigVec1 =  9.4503836179E-01  2.6284439633E-01  1.9446161075E-01
           Stress_EigVec2 = -1.9063846927E-01  9.2616287859E-01 -3.2539098997E-01
           Stress_EigVec3 = -2.6563032352E-01  2.7043510430E-01  9.2536770291E-01
           -DivStress = -3.1336715594E+02 -1.9221928181E+02 -5.0920285081E+01
           ESP =  -1.4728716483E+01     ESP at Nucleus =  -1.4728716484E+01
           ESPe = -3.6642671285E+01     ESPe at Nucleus = -3.6642671183E+01
           ESPn =  2.1913954802E+01     ESPn at Nucleus =  2.1913954698E+01

CP# 12     Coords = -4.63152043313122E+00  1.20022780724905E+00 -2.81115966885596E+00
           Type = (3,-3) NACP C12
           Rho =  1.1766408140E+02     Rho at Nucleus =  1.1766408140E+02
           GradRho = -3.2632931703E-11 -7.8319765766E-13  9.2899485847E-12
           HessRho_EigVals = -1.4498815895E+05 -1.4498719656E+05 -1.4498705405E+05
           HessRho_EigVec1 = -2.6608347117E-01  2.6901943012E-01  9.2565011348E-01
           HessRho_EigVec2 =  7.3368441763E-01 -5.6631709621E-01  3.7548917676E-01
           HessRho_EigVec3 =  6.2522536873E-01  7.7904652798E-01 -4.6687745181E-02
           DelSqRho = -4.3496240956E+05
           Bond Ellipticity = NA
           V = -1.0875095996E+05
           G =  5.1787857240E+00
           K =  1.0874578118E+05
           L =  1.0874060239E+05
           Vnuc =  3.7126955332E+07
           Ven = -4.3685090942E+09
           Vrep =  4.3684003432E+09
           DelSqV =  2.4949731703E+09
           DelSqVen =  1.6148892484E+13
           DelSqVrep = -1.6146397510E+13
           DelSqG =  1.3401567189E+08
           DelSqK = -2.6289888422E+09
           Stress_EigVals = -3.6250525518E+04 -3.6250490258E+04 -3.6249944186E+04
           Stress_EigVec1 =  5.1457569649E-01  8.5148733172E-01 -1.0090181615E-01
           Stress_EigVec2 =  8.1521084461E-01 -4.4935345342E-01  3.6539396920E-01
           Stress_EigVec3 = -2.6578775631E-01  2.7027911096E-01  9.2536807313E-01
           -DivStress =  1.1922743961E+02  5.6518658702E+01 -3.4020584346E+01
           ESP =  -1.4736635031E+01     ESP at Nucleus =  -1.4736635031E+01
           ESPe = -3.3803863204E+01     ESPe at Nucleus = -3.3803863321E+01
           ESPn =  1.9067228173E+01     ESPn at Nucleus =  1.9067228289E+01

CP# 13     Coords = -5.77758771815470E+00 -1.14555767151590E+00 -2.45289936750309E+00
           Type = (3,-3) NACP C13
           Rho =  1.1766186359E+02     Rho at Nucleus =  1.1766186359E+02
           GradRho =  2.6366107973E-11 -1.3940177906E-11  8.9879209769E-12
           HessRho_EigVals = -1.4498454511E+05 -1.4498341721E+05 -1.4498335278E+05
           HessRho_EigVec1 = -2.6454975319E-01  2.7239321260E-01  9.2510289472E-01
           HessRho_EigVec2 =  9.6163319890E-01  1.4675743439E-01  2.3178405085E-01
           HessRho_EigVec3 =  7.2629325135E-02 -9.5092806940E-01  3.0076699944E-01
           DelSqRho = -4.3495131510E+05
           Bond Ellipticity = NA
           V = -1.0874815211E+05
           G =  5.1616690204E+00
           K =  1.0874299044E+05
           L =  1.0873782878E+05
           Vnuc =  5.8603949765E+07
           Ven = -6.8954499433E+09
           Vrep =  6.8953411952E+09
           DelSqV =  2.4949083849E+09
           DelSqVen =  2.5489624269E+13
           DelSqVrep = -2.5487129360E+13
           DelSqG =  1.3401121717E+08
           DelSqK = -2.6289196021E+09
           Stress_EigVals = -3.6249586182E+04 -3.6249580142E+04 -3.6248985789E+04
           Stress_EigVec1 =  1.2422650131E-01 -9.4187945842E-01  3.1213917116E-01
           Stress_EigVec2 =  9.5617071239E-01  1.9769311284E-01  2.1599768958E-01
           Stress_EigVec3 = -2.6515155127E-01  2.7162569638E-01  9.2515627649E-01
           -DivStress =  7.6183699266E+01 -1.5310375782E+01 -1.8815949521E+01
           ESP =  -1.4735457833E+01     ESP at Nucleus =  -1.4735457834E+01
           ESPe = -3.2875968067E+01     ESPe at Nucleus = -3.2875968239E+01
           ESPn =  1.8140510233E+01     ESPn at Nucleus =  1.8140510405E+01

CP# 14     Coords = -4.40823709996911E+00 -3.17012732245093E+00 -1.46886544902587E+00
           Type = (3,-3) NACP C14
           Rho =  1.1766136711E+02     Rho at Nucleus =  1.1766136711E+02
           GradRho = -5.1280881928E-11  1.7915055636E-11 -1.5103029599E-11
           HessRho_EigVals = -1.4498392836E+05 -1.4498296137E+05 -1.4498281998E+05
           HessRho_EigVec1 = -2.6671530067E-01  2.7264060125E-01  9.2440794617E-01
           HessRho_EigVec2 =  6.6414991760E-01  7.4704806613E-01 -2.8706686324E-02
           HessRho_EigVec3 = -6.9840377672E-01  6.0628894880E-01 -3.8032338243E-01
           DelSqRho = -4.3494970971E+05
           Bond Ellipticity = NA
           V = -1.0874778413E+05
           G =  5.1783503498E+00
           K =  1.0874260578E+05
