AIMSum (Version 19.02.13, Professional)
Copyright (c) 1997-2019 by Todd A. Keith
AIMSum is a component of the AIMAll package ( http://aim.tkgristmill.com )

TP:  64-bit Linux

Much of the Quantum Theory of Atoms in Molecules (QTAIM) is described in the book:
  "Atoms in Molecules - A Quantum Theory"
  R.F.W. Bader, Oxford University Press, Oxford, 1990

For additional references see:  http://aim.tkgristmill.com/references.html

Wfn File:  /home/mhennefarth/Documents/ML_Diels/summary-hayden2009/21-opt/21-opt.wfn
Sum File:  /home/mhennefarth/Documents/ML_Diels/summary-hayden2009/21-opt/21-opt.sum

SumViz File:  /home/mhennefarth/Documents/ML_Diels/summary-hayden2009/21-opt/21-opt.sumviz

Wfn Title:   Title Card Required                                                           
 
Total memory allocated for AIMSum =        1.846 Megabytes

Atomic units (a.u.) used throughout, except where stated otherwise

Model:  Restricted SCF
 
Restricted, closed-shell, single-determinant wavefunction.
  Number of electrons (from MO Occs)                   =         122.0000000000
  Number of Alpha electrons (from MO Occs)             =          61.0000000000
  Number of Beta electrons (from MO Occs)              =          61.0000000000
  Number of electron pairs (N*(N-1)/2)                 =        7381.0000000000
  Number of electron pairs (from Muller 2EDM)          =        7381.0000000000
 
Nuclear Charges and Cartesian Coordinates:
-------------------------------------------------------------------------------
Atom      Charge                X                  Y                  Z
-------------------------------------------------------------------------------
C1         6.0           2.2585661000E-01  -3.5057727400E+00   2.7000669000E+00
C2         6.0           2.1310438100E+00  -1.8121844800E+00   3.0564566500E+00
C3         6.0           1.9928146800E+00   7.0531401000E-01   2.0422003600E+00
C4         6.0          -2.0296879000E-01   1.4136969500E+00   6.4054659000E-01
C5         6.0          -2.1979736900E+00  -3.6113542000E-01   2.6732701000E-01
C6         6.0          -2.0061725000E+00  -2.8492163800E+00   1.2966402900E+00
C7         6.0          -3.9942710800E+00  -4.5619456700E+00   9.0441296000E-01
C8         6.0          -6.1285574100E+00  -3.8563333500E+00  -4.6878139000E-01
C9         6.0          -6.3299569200E+00  -1.4326866300E+00  -1.4805702200E+00
C10        6.0          -4.3917309600E+00   3.4660955000E-01  -1.1375966600E+00
C11        6.0          -3.9494368000E-01   3.9016897000E+00  -3.8920762000E-01
C12        6.0           1.5947240100E+00   5.6134330700E+00  -7.8210000000E-05
C13        6.0           3.7321584900E+00   4.9065711800E+00   1.3677575600E+00
C14        6.0           3.9348228500E+00   2.4823701600E+00   2.3796537600E+00
C15        6.0           6.9398887300E+00  -2.8782080200E+00  -2.5467356200E+00
C16        6.0          -4.5301849200E+00   2.8638888800E+00  -2.1498902300E+00
C17        6.0          -2.6268688000E+00   4.5578454700E+00  -1.7924355900E+00
C18        6.0           8.9538409000E+00  -4.0881470300E+00  -3.4452590900E+00
H19        1.0           3.6171923000E-01  -5.4008677300E+00   3.4832498200E+00
H20        1.0           3.8043637700E+00  -2.3405465700E+00   4.1255797500E+00
H21        1.0          -3.8520076300E+00  -6.4567340400E+00   1.6866962100E+00
H22        1.0          -7.6483178400E+00  -5.2077255500E+00  -7.5337681000E-01
H23        1.0          -8.0011211300E+00  -8.9828370000E-01  -2.5501059000E+00
H24        1.0           1.4515750800E+00   7.5084146300E+00  -7.8154283000E-01
H25        1.0           5.2532429500E+00   6.2571393800E+00   1.6491006700E+00
H26        1.0           5.6077899700E+00   1.9463385700E+00   3.4451986300E+00
H27        1.0           5.3660054100E+00  -3.8761813200E+00  -1.6827481600E+00
H28        1.0           6.7716842600E+00  -8.3205457000E-01  -2.6300594800E+00
H29        1.0          -6.2041451400E+00   3.3931373900E+00  -3.2177708300E+00
H30        1.0          -2.7648789400E+00   6.4543960400E+00  -2.5714802300E+00
H31        1.0           1.0526666360E+01  -3.0865380400E+00  -4.3100631300E+00
H32        1.0           9.1182955800E+00  -6.1352298800E+00  -3.3597223200E+00
 
Some Atomic Properties:
----------------------
  q(A) = Net Charge of Atom A
  L(A) = Lagrangian of Atom A = -(1/4) Times Atomic Integral of the Laplacian of the Electron Density
  K(A) = Electronic Kinetic Energy of Atom A (Hamiltonian Form)
  K_Scaled(A) = K(A) * E(Mol)/K(Mol) = Approximation to Virial-Based Total Energy of Atom A.
  |Mu_Intra(A)| = Magnitude of Intraatomic Dipole Moment of Atom A
--------------------------------------------------------------------------------------------------
Atom A          q(A)              L(A)              K(A)          K_Scaled(A)      |Mu_Intra(A)|
--------------------------------------------------------------------------------------------------
C1       -4.3699861300E-02  3.4290362387E-07  3.7736569288E+01 -3.8109009604E+01  1.0842508035E-01
C2       -4.4149452300E-02  4.4041445926E-05  3.7737238758E+01 -3.8109685681E+01  1.1012028032E-01
C3        9.5710316000E-03 -2.8455136085E-04  3.7739573877E+01 -3.8112043846E+01  2.3293205211E-02
C4       -8.1912880000E-03 -3.6255014884E-06  3.7759974985E+01 -3.8132646302E+01  2.8663480017E-03
C5       -7.7574121000E-03  9.6194123581E-05  3.7759923673E+01 -3.8132594485E+01  3.2155329168E-03
C6        1.0940645200E-02 -2.2004770880E-04  3.7739503358E+01 -3.8111972631E+01  2.3516103270E-02
C7       -4.3844684400E-02  1.1036190776E-06  3.7735025314E+01 -3.8107450392E+01  1.1517057240E-01
C8       -3.2111432400E-02 -3.9427279219E-05  3.7723702330E+01 -3.8096015655E+01  1.1511383325E-01
C9       -4.3696697600E-02  7.4520476173E-05  3.7735082084E+01 -3.8107507722E+01  1.1497654924E-01
C10       1.1264684100E-02 -2.0745507798E-04  3.7739505124E+01 -3.8111974415E+01  2.3388998177E-02
C11       1.1209371600E-02 -2.0258116914E-05  3.7739592932E+01 -3.8112063090E+01  2.3765556680E-02
C12      -4.4080437300E-02  3.9923554846E-05  3.7735135007E+01 -3.8107561168E+01  1.1528041823E-01
C13      -3.3254737000E-02  5.1123488708E-05  3.7723723765E+01 -3.8096037302E+01  1.1528342098E-01
C14      -4.6005075800E-02  4.2879297533E-05  3.7734959664E+01 -3.8107384093E+01  1.1712255183E-01
C15      -7.8076839200E-02 -6.5182610036E-05  3.7695281028E+01 -3.8067313850E+01  9.2380848232E-02
C16      -4.1030827200E-02 -7.5390401985E-05  3.7736626765E+01 -3.8109067648E+01  1.0782393366E-01
C17      -4.1069320100E-02  3.4974927360E-05  3.7736633099E+01 -3.8109074045E+01  1.0768246343E-01
C18      -8.5118533600E-02  6.2411534585E-05  3.7695245244E+01 -3.8067277713E+01  8.1670246757E-02
H19       3.9208812810E-02  2.2349848226E-05  5.9866675618E-01 -6.0457528576E-01  1.5169521181E-01
H20       4.1310293770E-02  2.6254854361E-05  5.9790005991E-01 -6.0380102259E-01  1.5105503452E-01
H21       3.6956491860E-02  2.3493253682E-05  5.9939057793E-01 -6.0530625125E-01  1.5223439614E-01
H22       4.0095076480E-02  2.3768913150E-05  5.9929496558E-01 -6.0520969525E-01  1.4939862447E-01
H23       3.7045339060E-02  2.1141753771E-05  5.9937395212E-01 -6.0528946136E-01  1.5222798409E-01
H24       3.7090644360E-02  1.9015179817E-05  5.9935804177E-01 -6.0527339398E-01  1.5221715673E-01
H25       4.0286904330E-02  3.0120548548E-05  5.9921294558E-01 -6.0512686576E-01  1.4935649510E-01
H26       3.9083926310E-02  2.7730327601E-05  5.9857716728E-01 -6.0448481266E-01  1.5167615673E-01
H27       4.5026198280E-02  3.5291456270E-05  5.9378946269E-01 -5.9964985591E-01  1.4377827791E-01
H28       4.3628334320E-02  1.9366553509E-05  5.9417331872E-01 -6.0003750040E-01  1.4493828714E-01
H29       3.8837719870E-02  2.1207657276E-05  5.9888464814E-01 -6.0479532820E-01  1.5174630035E-01
H30       3.8786331850E-02  1.9516579871E-05  5.9887889035E-01 -6.0478951359E-01  1.5175564053E-01
H31       3.5872093290E-02  2.2512076809E-05  5.9719849354E-01 -6.0309253213E-01  1.4813778337E-01
H32       3.5713684580E-02  2.4544950048E-05  5.9726696981E-01 -6.0316168422E-01  1.4816580836E-01
--------------------------------------------------------------------------------------------------
Total    -1.5901463000E-04 -1.3210873292E-04  6.8757526254E+02 -6.9436127285E+02
 
1st Largest |L(A)| = 2.8455136085E-04, atom C3      
2nd Largest |L(A)| = 2.2004770880E-04, atom C6      
 
Molecular charge q(Mol) from the wfn file:   0.0000000000E+00
Molecular energy E(Mol) from the wfn file:  -6.9436136800E+02
Molecular virial ratio (-V(Mol)/T(Mol)) from the wfn file:   2.0098694800E+00
Note.  K_Scaled(A) = (1+V(Mol)/T(Mol))*K(A) = (E(Mol)/T(Mol))*K(A)
       Only use K_Scaled(A) data with caution.
 
N_AIMInt(SumA)     =        122.000159
N_Analytic(Mol)    =        121.999977
 
G_AIMInt(SumA)     =        687.575395
G_Analytic(Mol)    =        687.575297
 
K_AIMInt(SumA)     =        687.575263
K_Analytic(Mol)    =        687.575297
 
L_AIMInt(SumA)     =         -0.000132
L_Analytic(Mol)    =          0.000000
 
VenT_AIMInt(SumA)  =      -3911.383796
VenT_Analytic(Mol) =      -3911.380992
 
Some Information About the Atomic Calculations:
----------------------------------------------
  Time(sec) = "Elapsed User Time", in Seconds, for Atom A by AIMInt and, if used, by TWOe
  NProc = Number of Processors Used for AIMInt Job
  BIM = Basin Integration Method
  OAQ = Angular Quadrature Outside of Beta Sphere
  ORQ = Multiple of Default for Radial Quadrature Outside of Beta Sphere
  IAQ = Multiple of Default for Angular Quadrature Inside of Beta Sphere
  IRQ = Multiple of Default for Radial Quadrature Inside of Beta Sphere
  MIR = Maximum Integration Radius
------------------------------------------------------------------------------------------------------
Atom A     Time(sec)   NProc      BIM          OAQ                     ORQ      IAQ      IRQ      MIR
------------------------------------------------------------------------------------------------------
C1             30        8     Proaim(5)    4500(GS4)                  1.00     1.00     1.00    13.00
C2             39        8     Proaim(5)    4500(GS4)                  1.00     1.00     1.00    13.00
C3             34        8     Proaim(5)    4500(GS4)                  1.00     1.00     1.00    13.00
C4             28        8     Proaim(5)    4500(GS4)                  1.00     1.00     1.00    13.00
C5             27        8     Proaim(5)    4500(GS4)                  1.00     1.00     1.00    13.00
C6             28        8     Proaim(5)    4500(GS4)                  1.00     1.00     1.00    13.00
C7             24        8     Proaim(5)    4500(GS4)                  1.00     1.00     1.00    13.00
C8             21        8     Proaim(5)    4500(GS4)                  1.00     1.00     1.00    13.00
C9             24        8     Proaim(5)    4500(GS4)                  1.00     1.00     1.00    13.00
C10            27        8     Proaim(5)    4500(GS4)                  1.00     1.00     1.00    13.00
C11            28        8     Proaim(5)    4500(GS4)                  1.00     1.00     1.00    13.00
C12            25        8     Proaim(5)    4500(GS4)                  1.00     1.00     1.00    13.00
C13            23        8     Proaim(5)    4500(GS4)                  1.00     1.00     1.00    13.00
C14            41        8     Proaim(5)    4500(GS4)                  1.00     1.00     1.00    13.00
C15            26        8     Proaim(5)    4500(GS4)                  1.00     1.00     1.00    13.00
C16            57        8     Proaim(5)    4500(GS4)                  1.00     1.00     1.00    13.00
C17            59        8     Proaim(5)    4500(GS4)                  1.00     1.00     1.00    13.00
C18            36        8     Proaim(5)    4500(GS4)                  1.00     1.00     1.00    13.00
H19            13        8     Proaim(5)    1800(GS4)                  1.00     1.00     1.00    13.00
H20            13        8     Proaim(5)    1800(GS4)                  1.00     1.00     1.00    13.00
H21            12        8     Proaim(5)    1800(GS4)                  1.00     1.00     1.00    13.00
H22            10        8     Proaim(5)    1800(GS4)                  1.00     1.00     1.00    13.00
H23            12        8     Proaim(5)    1800(GS4)                  1.00     1.00     1.00    13.00
H24            12        8     Proaim(5)    1800(GS4)                  1.00     1.00     1.00    13.00
H25            10        8     Proaim(5)    1800(GS4)                  1.00     1.00     1.00    13.00
H26            12        8     Proaim(5)    1800(GS4)                  1.00     1.00     1.00    13.00
H27            28        8     Proaim(5)    4500(GS4)                  1.00     1.00     1.00    13.00
H28            34        8     Proaim(5)    4500(GS4)                  1.00     1.00     1.00    13.00
H29            12        8     Proaim(5)    1800(GS4)                  1.00     1.00     1.00    13.00
H30            12        8     Proaim(5)    1800(GS4)                  1.00     1.00     1.00    13.00
H31             8        8     Proaim(5)    1800(GS4)                  1.00     1.00     1.00    13.00
H32             9        8     Proaim(5)    1800(GS4)                  1.00     1.00     1.00    13.00
------------------------------------------------------------------------------------------------------
Total         774
Note:  Total wall clock time is less than total of atomic times if more than one atom
       was calculated at a time
 
Electron Density Critical Point Analysis of Molecular Structure:               
---------------------------------------------------------------                
  NACP = Nuclear Attractor Critical Point                                      
  NNACP = Non-Nuclear Attractor Critical Point                                 
  BCP = Bond Critical Point                                                    
  RCP = Ring Critical Point                                                    
  CCP = Cage Critical Point                                                    
  Rho = Electron Density                                                       
  GradRho = Gradient of Electron Density                                       
  HessRho_EigVals = Eigenvalues of the Hessian of Rho, Ascending Order         
  HessRho_EigVecs = Eigenvectors of the Hessian of Rho                         
  DelSqRho = Laplacian of Rho = Trace of Hessian of Rho                        
  Bond Ellipticity = (HessRho_EigVal(1) / HessRho_EigVal(2)) - 1               
  V = Virial Field = Potential Energy Density = Trace of Stress Tensor         
  G = Lagrangian Form of Kinetic Energy Density                                
  K = Hamiltonian Form of Kinetic Energy Density                               
  L = K - G = Lagrangian Density = (-1/4)DelSqRho                              
  Vnuc = Electrostatic Potential from Nuclei                                   
  Ven = Electron-nuclear attractive contribution to Virial Field V             
  Vrep = V - Ven = Repulsive contribution to Virial Field V                    
  DelSqV = Laplacian of V                                                      
  DelSqVen = Laplacian of Ven                                                  
  DelSqVrep = Laplacian of Vrep                                                
  DelSqG = Laplacian of G                                                      
  DelSqK = Laplacian of K                                                      
  Stress_EigVals = Eigenvalues of Stress Tensor, Ascending Order               
  Stress_EigVecs = Eigenvectors of Stress Tensor                               
  -DivStress = Ehrenfest Force Density = Minus Divergence of Stress Tensor     
  ESP = Total Electrostatic Potential                                          
  ESPe = Electrostatic Potential from Electrons                                
  ESPn = Electrostatic Potential from Nuclei                                   
  BP = Bond Path                                                               
  BPL = Bond Path Length                                                       
  GBL = Geometric Bond Length                                                  
  GBL_I = Distance Between Nuclear Attractors                                  
  GBL_II = Distance Between Nuclei                                             
  GBL_III = Sum of Distances Between BCP and Nuclear Attractors                
  GBL_IV = Sum of Distances Between BCP and Nuclei                             

CP# 1      Coords =  2.25856012029004E-01 -3.50577294786585E+00  2.70006664685216E+00
           Type = (3,-3) NACP C1
           Rho =  1.1767307262E+02     Rho at Nucleus =  1.1767307258E+02
           GradRho = -6.7170932580E-11 -3.8290947222E-11 -1.1319309002E-11
           HessRho_EigVals = -1.4500089903E+05 -1.4499996228E+05 -1.4499968074E+05
           HessRho_EigVec1 = -4.3958667558E-01  3.1492042877E-01  8.4118290413E-01
           HessRho_EigVec2 =  5.5166554447E-01 -6.4440102031E-01  5.2953984937E-01
           HessRho_EigVec3 =  7.0882203810E-01  6.9683028678E-01  1.0953935245E-01
           DelSqRho = -4.3500054204E+05
           Bond Ellipticity = NA
           V = -1.0876048328E+05
           G =  5.1738849257E+00
           K =  1.0875530940E+05
           L =  1.0875013551E+05
           Vnuc =  8.8001583717E+06
           Ven = -1.0355416751E+09
           Vrep =  1.0354329146E+09
           DelSqV =  2.4951926089E+09
           DelSqVen =  3.8280741519E+12
           DelSqVrep = -3.8255789593E+12
           DelSqG =  1.3402901338E+08
           DelSqK = -2.6292216223E+09
           Stress_EigVals = -3.6253744254E+04 -3.6253629335E+04 -3.6253109692E+04
           Stress_EigVec1 =  6.4990264662E-01  7.5805063135E-01  5.4642384915E-02
           Stress_EigVec2 =  6.2074212049E-01 -5.7091630019E-01  5.3733955562E-01
           Stress_EigVec3 = -4.3852681761E-01  3.1529956945E-01  8.4159397083E-01
           -DivStress =  4.8286255289E+02  1.6573505021E+02  2.0457657908E+02
           ESP =  -1.4735491788E+01     ESP at Nucleus =  -1.4735491792E+01
           ESPe = -3.4148150538E+01     ESPe at Nucleus = -3.4148150441E+01
           ESPn =  1.9412658750E+01     ESPn at Nucleus =  1.9412658649E+01

CP# 2      Coords =  2.13104412123423E+00 -1.81218388511513E+00  3.05645649597430E+00
           Type = (3,-3) NACP C2
           Rho =  1.1767621640E+02     Rho at Nucleus =  1.1767621637E+02
           GradRho =  6.1577336979E-11  6.0911317006E-11 -4.8425499721E-13
           HessRho_EigVals = -1.4500574048E+05 -1.4500481013E+05 -1.4500452979E+05
           HessRho_EigVec1 = -4.3462873002E-01  3.1739156021E-01  8.4282884653E-01
           HessRho_EigVec2 =  4.5180599358E-01 -7.3271986901E-01  5.0891348746E-01
           HessRho_EigVec3 =  7.7908228783E-01  6.0198354717E-01  1.7506169692E-01
           DelSqRho = -4.3501508040E+05
           Bond Ellipticity = NA
           V = -1.0876412352E+05
           G =  5.1767124946E+00
           K =  1.0875894681E+05
           L =  1.0875377010E+05
           Vnuc =  8.7105159856E+06
           Ven = -1.0250205641E+09
           Vrep =  1.0249118000E+09
           DelSqV =  2.4952767978E+09
           DelSqVen =  3.7892063232E+12
           DelSqVrep = -3.7867107843E+12
           DelSqG =  1.3403441791E+08
           DelSqK = -2.6293112157E+09
           Stress_EigVals = -3.6254957495E+04 -3.6254842164E+04 -3.6254323865E+04
           Stress_EigVec1 =  8.1772969048E-01  5.2986919404E-01  2.2484837225E-01
           Stress_EigVec2 =  3.7506435542E-01 -7.8681734195E-01  4.9014814056E-01
           Stress_EigVec3 = -4.3662899880E-01  3.1647607747E-01  8.4213894922E-01
           -DivStress = -2.4972847756E+02 -4.8040836224E+02  1.2579671349E+02
           ESP =  -1.4735807708E+01     ESP at Nucleus =  -1.4735807713E+01
           ESPe = -3.4359721389E+01     ESPe at Nucleus = -3.4359721113E+01
           ESPn =  1.9623913680E+01     ESPn at Nucleus =  1.9623913401E+01

CP# 3      Coords =  1.99281447656702E+00  7.05313565108090E-01  2.04220039806186E+00
           Type = (3,-3) NACP C3
           Rho =  1.1764040501E+02     Rho at Nucleus =  1.1764040500E+02
           GradRho = -5.1333459375E-12 -2.2123372565E-11  2.5921486718E-11
           HessRho_EigVals = -1.4495348920E+05 -1.4495236282E+05 -1.4495222297E+05
           HessRho_EigVec1 = -4.3649446268E-01  3.1502536839E-01  8.4275239621E-01
           HessRho_EigVec2 =  5.6901898562E-01 -6.2890636933E-01  5.2980578764E-01
           HessRho_EigVec3 =  6.9691461318E-01  7.1079940622E-01  9.5258732186E-02
           DelSqRho = -4.3485807498E+05
           Bond Ellipticity = NA
           V = -1.0872493976E+05
           G =  5.2105076484E+00
           K =  1.0871972925E+05
           L =  1.0871451875E+05
           Vnuc =  1.2228061341E+07
           Ven = -1.4385140886E+09
           Vrep =  1.4384053637E+09
           DelSqV =  2.4943716540E+09
           DelSqVen =  5.3174756966E+12
           DelSqVrep = -5.3149802764E+12
           DelSqG =  1.3397788509E+08
           DelSqK = -2.6283495391E+09
           Stress_EigVals = -3.6241871624E+04 -3.6241808419E+04 -3.6241259719E+04
           Stress_EigVec1 =  6.7031210524E-01  7.3872536225E-01  7.0473546285E-02
           Stress_EigVec2 =  6.0024661937E-01 -5.9558531049E-01  5.3383717917E-01
           Stress_EigVec3 = -4.3633207251E-01  3.1553601551E-01  8.4264544466E-01
           -DivStress =  1.6183600794E+02  3.6211841399E+02 -3.3238212258E+01
           ESP =  -1.4728885174E+01     ESP at Nucleus =  -1.4728885175E+01
           ESPe = -3.6550597588E+01     ESPe at Nucleus = -3.6550597487E+01
           ESPn =  2.1821712415E+01     ESPn at Nucleus =  2.1821712312E+01

CP# 4      Coords = -2.02968830508271E-01  1.41369690220488E+00  6.40546586462735E-01
           Type = (3,-3) NACP C4
           Rho =  1.1764704204E+02     Rho at Nucleus =  1.1764704204E+02
           GradRho = -1.1683699046E-12 -6.9174455908E-13  4.1142462006E-13
           HessRho_EigVals = -1.4496563516E+05 -1.4496456407E+05 -1.4496455075E+05
           HessRho_EigVec1 = -4.3700437251E-01  3.1513279421E-01  8.4244792149E-01
           HessRho_EigVec2 =  7.6655735372E-01  6.2047308998E-01  1.6553841872E-01
           HessRho_EigVec3 =  4.7054968055E-01 -7.1812566214E-01  5.1271681415E-01
           DelSqRho = -4.3489474998E+05
           Bond Ellipticity = NA
           V = -1.0873414749E+05
           G =  5.2299956899E+00
           K =  1.0872891749E+05
           L =  1.0872368749E+05
           Vnuc =  9.5614601596E+07
           Ven = -1.1248775054E+10
           Vrep =  1.1248666320E+10
           DelSqV =  2.4945860095E+09
           DelSqVen =  4.1586557714E+13
           DelSqVrep = -4.1584063128E+13
           DelSqG =  1.3399324764E+08
           DelSqK = -2.6285792572E+09
           Stress_EigVals = -3.6244900858E+04 -3.6244898873E+04 -3.6244347755E+04
           Stress_EigVec1 =  3.9861989218E-01 -7.7192556048E-01  4.9521016815E-01
           Stress_EigVec2 =  8.0633424296E-01  5.5224703088E-01  2.1177418517E-01
           Stress_EigVec3 = -4.3695225161E-01  3.1488751318E-01  8.4256666434E-01
           -DivStress =  3.1918802114E+01  3.7892680871E+01  2.6543324766E+00
           ESP =  -1.4730483692E+01     ESP at Nucleus =  -1.4730483692E+01
           ESPe = -3.7917871349E+01     ESPe at Nucleus = -3.7917871332E+01
           ESPn =  2.3187387658E+01     ESPn at Nucleus =  2.3187387641E+01

CP# 5      Coords = -2.19797363456396E+00 -3.61135374477816E-01  2.67327024602779E-01
           Type = (3,-3) NACP C5
           Rho =  1.1764689647E+02     Rho at Nucleus =  1.1764689647E+02
           GradRho =  7.7616320667E-12  3.2445073008E-12  3.2710931978E-12
           HessRho_EigVals = -1.4496541242E+05 -1.4496434367E+05 -1.4496432821E+05
           HessRho_EigVec1 = -4.3729209204E-01  3.1487601422E-01  8.4239463549E-01
           HessRho_EigVec2 =  7.0957163036E-01  6.9629556466E-01  1.0807676917E-01
           HessRho_EigVec3 =  5.5252486608E-01 -6.4500045140E-01  5.2791163092E-01
           DelSqRho = -4.3489408429E+05
           Bond Ellipticity = NA
           V = -1.0873398161E+05
           G =  5.2302662515E+00
           K =  1.0872875134E+05
           L =  1.0872352107E+05
           Vnuc =  8.1963989502E+07
           Ven = -9.6428089871E+09
           Vrep =  9.6427002531E+09
           DelSqV =  2.4945821692E+09
           DelSqVen =  3.5646081073E+13
           DelSqVrep = -3.5643318056E+13
           DelSqG =  1.3399300028E+08
           DelSqK = -2.6285751695E+09
           Stress_EigVals = -3.6244845801E+04 -3.6244843181E+04 -3.6244292623E+04
           Stress_EigVec1 =  5.5365264220E-01 -6.4382627511E-01  5.2816330738E-01
           Stress_EigVec2 =  7.0855516135E-01  6.9743238295E-01  1.0741347466E-01
           Stress_EigVec3 = -4.3751381135E-01  3.1476308343E-01  8.4232171181E-01
           -DivStress = -4.3989993256E+01 -3.6071688041E+01 -1.1655148938E+01
           ESP =  -1.4730600241E+01     ESP at Nucleus =  -1.4730600241E+01
           ESPe = -3.7778230007E+01     ESPe at Nucleus = -3.7778229981E+01
           ESPn =  2.3047629766E+01     ESPn at Nucleus =  2.3047629740E+01

CP# 6      Coords = -2.00617205445518E+00 -2.84921623729053E+00  1.29664046473362E+00
           Type = (3,-3) NACP C6
           Rho =  1.1763914368E+02     Rho at Nucleus =  1.1763914367E+02
           GradRho =  4.3676753659E-11 -2.2822195282E-11  4.1571115921E-12
           HessRho_EigVals = -1.4495167585E+05 -1.4495055439E+05 -1.4495041244E+05
           HessRho_EigVec1 = -4.3816632511E-01  3.1511942653E-01  8.4184916616E-01
           HessRho_EigVec2 =  4.4925348922E-01 -7.3441336112E-01  5.0873206842E-01
           HessRho_EigVec3 =  7.7857663333E-01  6.0111293618E-01  1.8022670166E-01
           DelSqRho = -4.3485264268E+05
           Bond Ellipticity = NA
           V = -1.0872358279E+05
           G =  5.2110623379E+00
           K =  1.0871837173E+05
           L =  1.0871316067E+05
           Vnuc =  1.2014254307E+07
           Ven = -1.4133465886E+09
           Vrep =  1.4132378651E+09
           DelSqV =  2.4943403564E+09
           DelSqVen =  5.2244292567E+12
           DelSqVrep = -5.2219349163E+12
           DelSqG =  1.3397596655E+08
           DelSqK = -2.6283163230E+09
           Stress_EigVals = -3.6241419347E+04 -3.6241355489E+04 -3.6240807957E+04
           Stress_EigVec1 =  7.9834019654E-01  5.6701030164E-01  2.0286016966E-01
           Stress_EigVec2 =  4.1363804382E-01 -7.6113128600E-01  4.9958255993E-01
           Stress_EigVec3 = -4.3767167981E-01  3.1492615533E-01  8.4217873244E-01
           -DivStress = -3.6187172426E+02 -1.1203190858E+02 -1.4342739898E+02
           ESP =  -1.4729123536E+01     ESP at Nucleus =  -1.4729123537E+01
           ESPe = -3.6196166816E+01     ESPe at Nucleus = -3.6196166674E+01
           ESPn =  2.1467043280E+01     ESPn at Nucleus =  2.1467043136E+01

CP# 7      Coords = -3.99427119041408E+00 -4.56194573464120E+00  9.04412928404173E-01
           Type = (3,-3) NACP C7
           Rho =  1.1766111034E+02     Rho at Nucleus =  1.1766111034E+02
           GradRho = -1.5998387023E-11 -1.0189024375E-12  2.9360617941E-12
           HessRho_EigVals = -1.4498358666E+05 -1.4498262624E+05 -1.4498247666E+05
           HessRho_EigVec1 = -4.3745674001E-01  3.1517126431E-01  8.4219871454E-01
           HessRho_EigVec2 =  1.8823370224E-01  9.4791343512E-01 -2.5695951599E-01
           HessRho_EigVec3 = -8.7931773209E-01  4.6121509876E-02 -4.7399697505E-01
           DelSqRho = -4.3494868956E+05
           Bond Ellipticity = NA
           V = -1.0874752879E+05
           G =  5.1781981997E+00
           K =  1.0874235059E+05
           L =  1.0873717239E+05
           Vnuc =  4.5527719791E+07
           Ven = -5.3568420619E+09
           Vrep =  5.3567333143E+09
           DelSqV =  2.4948937948E+09
           DelSqVen =  1.9801946718E+13
           DelSqVrep = -1.9799485379E+13
           DelSqG =  1.3401056791E+08
           DelSqK = -2.6289043627E+09
           Stress_EigVals = -3.6249382877E+04 -3.6249345649E+04 -3.6248800260E+04
           Stress_EigVec1 =  8.4520833472E-01 -1.7561068514E-01  5.0476109020E-01
           Stress_EigVec2 = -3.0692504178E-01 -9.3268790460E-01  1.8944733133E-01
           Stress_EigVec3 = -4.3751558788E-01  3.1504628213E-01  8.4221490753E-01
           -DivStress =  9.5017183010E+01  5.0937804655E+01  2.9007190554E+01
           ESP =  -1.4737236756E+01     ESP at Nucleus =  -1.4737236756E+01
           ESPe = -3.3215276121E+01     ESPe at Nucleus = -3.3215276289E+01
           ESPn =  1.8478039365E+01     ESPn at Nucleus =  1.8478039533E+01

CP# 8      Coords = -6.12855748220127E+00 -3.85633341781579E+00 -4.68781402346272E-01
           Type = (3,-3) NACP C8
           Rho =  1.1765924348E+02     Rho at Nucleus =  1.1765924348E+02
           GradRho = -3.8548375371E-11  4.9431316107E-12 -3.3770777758E-12
           HessRho_EigVals = -1.4498055181E+05 -1.4497942561E+05 -1.4497936013E+05
           HessRho_EigVec1 = -4.3770933157E-01  3.1502144196E-01  8.4212352548E-01
           HessRho_EigVec2 =  7.4195199925E-01  6.5558729286E-01  1.4040132563E-01
           HessRho_EigVec3 = -5.0785605427E-01  6.8627020374E-01 -5.2068746442E-01
           DelSqRho = -4.3493933755E+05
           Bond Ellipticity = NA
           V = -1.0874515854E+05
           G =  5.1620767651E+00
           K =  1.0873999647E+05
           L =  1.0873483439E+05
           Vnuc =  6.0106995871E+07
           Ven = -7.0721436622E+09
           Vrep =  7.0720349170E+09
           DelSqV =  2.4948391497E+09
           DelSqVen =  2.6143331713E+13
           DelSqVrep = -2.6140836874E+13
           DelSqG =  1.3400679231E+08
           DelSqK = -2.6288459420E+09
           Stress_EigVals = -3.6248588359E+04 -3.6248582138E+04 -3.6247988045E+04
           Stress_EigVec1 =  4.9853643474E-01 -6.9437340629E-01  5.1894797029E-01
           Stress_EigVec2 =  7.4822821634E-01  6.4697741731E-01  1.4688348364E-01
           Stress_EigVec3 = -4.3773960240E-01  3.1506474593E-01  8.4209159025E-01
           -DivStress =  5.5897105498E+01  5.2656696699E+01  9.5371949651E+00
           ESP =  -1.4736309298E+01     ESP at Nucleus =  -1.4736309299E+01
           ESPe = -3.2202226364E+01     ESPe at Nucleus = -3.2202226571E+01
           ESPn =  1.7465917066E+01     ESPn at Nucleus =  1.7465917272E+01

CP# 9      Coords = -6.32995700230407E+00 -1.43268674034566E+00 -1.48057022063884E+00
           Type = (3,-3) NACP C9
           Rho =  1.1766133324E+02     Rho at Nucleus =  1.1766133324E+02
           GradRho = -4.1528465616E-11  8.1165803719E-12  9.2781051939E-12
           HessRho_EigVals = -1.4498386493E+05 -1.4498290082E+05 -1.4498275239E+05
           HessRho_EigVec1 = -4.3784820605E-01  3.1484718128E-01  8.4211650079E-01
           HessRho_EigVec2 =  8.8844779687E-01  8.1084234623E-03  4.5890605325E-01
           HessRho_EigVec3 =  1.3765704015E-01  9.4910774199E-01 -2.8327554323E-01
           DelSqRho = -4.3494951814E+05
           Bond Ellipticity = NA
           V = -1.0874773573E+05
           G =  5.1780995255E+00
           K =  1.0874255763E+05
           L =  1.0873737954E+05
           Vnuc =  4.3585368141E+07
           Ven = -5.1283125254E+09
           Vrep =  5.1282037777E+09
           DelSqV =  2.4948985220E+09
           DelSqVen =  1.8957448774E+13
           DelSqVrep = -1.8954953875E+13
           DelSqG =  1.3401082376E+08
           DelSqK = -2.6289093457E+09
           Stress_EigVals = -3.6249451982E+04 -3.6249415033E+04 -3.6248868719E+04
           Stress_EigVec1 =  1.4666126462E-02  9.3900255608E-01 -3.4359729976E-01
           Stress_EigVec2 =  8.9885847037E-01  1.3814446072E-01  4.1589609064E-01
           Stress_EigVec3 = -4.3799355586E-01  3.1494492795E-01  8.4200435711E-01
           -DivStress =  6.6510061411E+01  9.5635670697E+01 -1.8550444076E+00
           ESP =  -1.4737312131E+01     ESP at Nucleus =  -1.4737312131E+01
           ESPe = -3.3047428243E+01     ESPe at Nucleus = -3.3047428408E+01
           ESPn =  1.8310116112E+01     ESPn at Nucleus =  1.8310116277E+01

CP# 10     Coords = -4.39173074049445E+00  3.46609974665631E-01 -1.13759670506536E+00
           Type = (3,-3) NACP C10
           Rho =  1.1763929059E+02     Rho at Nucleus =  1.1763929057E+02
           GradRho =  5.5040948897E-11  1.8303151433E-11  4.2954793775E-13
           HessRho_EigVals = -1.4495181628E+05 -1.4495069057E+05 -1.4495054983E+05
           HessRho_EigVec1 = -4.3796039358E-01  3.1461174703E-01  8.4214615257E-01
           HessRho_EigVec2 =  5.7945679394E-01 -6.1741516298E-01  5.3200407939E-01
           HessRho_EigVec3 =  6.8732853688E-01  7.2098402559E-01  8.8099473514E-02
           DelSqRho = -4.3485305668E+05
           Bond Ellipticity = NA
           V = -1.0872368631E+05
           G =  5.2110701153E+00
           K =  1.0871847524E+05
           L =  1.0871326417E+05
           Vnuc =  1.2495833011E+07
           Ven = -1.4700009308E+09
           Vrep =  1.4698922071E+09
           DelSqV =  2.4943426804E+09
           DelSqVen =  5.4338477097E+12
           DelSqVrep = -5.4313533670E+12
           DelSqG =  1.3397605012E+08
           DelSqK = -2.6283187305E+09
           Stress_EigVals = -3.6241453999E+04 -3.6241390485E+04 -3.6240841826E+04
           Stress_EigVec1 =  6.6273357045E-01  7.4594562043E-01  6.5949571396E-02
           Stress_EigVec2 =  6.0745085493E-01 -5.8700479435E-01  5.3519046166E-01
           Stress_EigVec3 = -4.3793569556E-01  3.1462756200E-01  8.4215308809E-01
           -DivStress = -1.7481478967E+02 -3.4574678850E+02  3.8752356210E+01
           ESP =  -1.4729333389E+01     ESP at Nucleus =  -1.4729333391E+01
           ESPe = -3.5940945139E+01     ESPe at Nucleus = -3.5940945025E+01
           ESPn =  2.1211611750E+01     ESPn at Nucleus =  2.1211611635E+01

CP# 11     Coords = -3.94944103214585E-01  3.90168955119746E+00 -3.89207781747144E-01
           Type = (3,-3) NACP C11
           Rho =  1.1763943157E+02     Rho at Nucleus =  1.1763943155E+02
           GradRho = -2.1239955365E-11 -2.9406094991E-11 -9.9259262918E-12
           HessRho_EigVals = -1.4495202163E+05 -1.4495089396E+05 -1.4495075403E+05
           HessRho_EigVec1 = -4.3674973170E-01  3.1465127988E-01  8.4275989696E-01
           HessRho_EigVec2 =  4.3374118903E-01 -7.4708906901E-01  5.0371271961E-01
           HessRho_EigVec3 =  7.8811055874E-01  5.8553607492E-01  1.8981373019E-01
           DelSqRho = -4.3485366961E+05
           Bond Ellipticity = NA
           V = -1.0872383906E+05
           G =  5.2108279513E+00
           K =  1.0871862823E+05
           L =  1.0871341740E+05
           Vnuc =  1.2581792288E+07
           Ven = -1.4801148929E+09
           Vrep =  1.4800061691E+09
           DelSqV =  2.4943462082E+09
           DelSqVen =  5.4712409784E+12
           DelSqVrep = -5.4687466322E+12
           DelSqG =  1.3397626884E+08
           DelSqK = -2.6283224771E+09
           Stress_EigVals = -3.6241504981E+04 -3.6241441564E+04 -3.6240892514E+04
           Stress_EigVec1 =  8.0442599231E-01  5.5609160724E-01  2.0895202141E-01
           Stress_EigVec2 =  4.0279901295E-01 -7.6912150618E-01  4.9619055200E-01
           Stress_EigVec3 = -4.3663689498E-01  3.1498290919E-01  8.4269448132E-01
           -DivStress =  3.4381153699E+02  1.1696429313E+02  1.3285754218E+02
           ESP =  -1.4729172335E+01     ESP at Nucleus =  -1.4729172336E+01
           ESPe = -3.6121470033E+01     ESPe at Nucleus = -3.6121469950E+01
           ESPn =  2.1392297698E+01     ESPn at Nucleus =  2.1392297613E+01

CP# 12     Coords =  1.59472412873642E+00  5.61343313338251E+00 -7.81716582348541E-05
           Type = (3,-3) NACP C12
           Rho =  1.1766134195E+02     Rho at Nucleus =  1.1766134194E+02
           GradRho = -2.8961969948E-12 -4.1126785273E-11  8.9930911025E-14
           HessRho_EigVals = -1.4498392976E+05 -1.4498296660E+05 -1.4498281871E+05
           HessRho_EigVec1 = -4.3653624299E-01  3.1513344002E-01  8.4269034855E-01
           HessRho_EigVec2 =  1.8514884664E-01  9.4806717033E-01 -2.5862819864E-01
           HessRho_EigVec3 = -8.8042944814E-01  4.3122563944E-02 -4.7221227360E-01
           DelSqRho = -4.3494971507E+05
           Bond Ellipticity = NA
           V = -1.0874778484E+05
           G =  5.1780340434E+00
           K =  1.0874260680E+05
           L =  1.0873742877E+05
           Vnuc =  4.2872726679E+07
           Ven = -5.0444625539E+09
           Vrep =  5.0443538061E+09
           DelSqV =  2.4948997036E+09
           DelSqVen =  1.8647573594E+13
           DelSqVrep = -1.8645078694E+13
           DelSqG =  1.3401093986E+08
           DelSqK = -2.6289106435E+09
           Stress_EigVals = -3.6249468094E+04 -3.6249431402E+04 -3.6248885340E+04
           Stress_EigVec1 =  8.4670513753E-01 -1.7384909415E-01  5.0285873021E-01
           Stress_EigVec2 = -3.0493206211E-01 -9.3305291508E-01  1.9086302719E-01
           Stress_EigVec3 = -4.3601243971E-01  3.1494245524E-01  8.4303285956E-01
           -DivStress = -1.0172214716E+02 -4.9956967335E+01 -3.4530522007E+01
           ESP =  -1.4737121636E+01     ESP at Nucleus =  -1.4737121636E+01
           ESPe = -3.3346305741E+01     ESPe at Nucleus = -3.3346305897E+01
           ESPn =  1.8609184105E+01     ESPn at Nucleus =  1.8609184261E+01

CP# 13     Coords =  3.73215856340259E+00  4.90657123839408E+00  1.36775757369789E+00
           Type = (3,-3) NACP C13
           Rho =  1.1765957570E+02     Rho at Nucleus =  1.1765957570E+02
           GradRho = -3.1176672497E-11  3.5551454747E-11  1.3554172980E-11
           HessRho_EigVals = -1.4498106927E+05 -1.4497993886E+05 -1.4497987418E+05
           HessRho_EigVec1 = -4.3541222497E-01  3.1658011456E-01  8.4272962771E-01
           HessRho_EigVec2 = -7.3598193094E-01 -6.6426063791E-01 -1.3072261567E-01
           HessRho_EigVec3 =  5.1840793944E-01 -6.7715200360E-01  5.2222444632E-01
           DelSqRho = -4.3494088231E+05
           Bond Ellipticity = NA
           V = -1.0874554283E+05
           G =  5.1611283976E+00
           K =  1.0874038171E+05
           L =  1.0873522058E+05
           Vnuc =  6.3296788345E+07
           Ven = -7.4474732598E+09
           Vrep =  7.4473645143E+09
           DelSqV =  2.4948480646E+09
           DelSqVen =  2.7530203496E+13
           DelSqVrep = -2.7527708648E+13
           DelSqG =  1.3400737318E+08
           DelSqK = -2.6288554378E+09
           Stress_EigVals = -3.6248716549E+04 -3.6248710634E+04 -3.6248115651E+04
           Stress_EigVec1 =  5.4044093819E-01 -6.5710435348E-01  5.2548783142E-01
           Stress_EigVec2 =  7.1990498172E-01  6.8440591022E-01  1.1543555491E-01
           Stress_EigVec3 = -4.3550018325E-01  3.1591520808E-01  8.4293366981E-01
           -DivStress = -5.6753722181E+01 -4.5091641287E+01 -1.0865579401E+01
           ESP =  -1.4736007914E+01     ESP at Nucleus =  -1.4736007915E+01
           ESPe = -3.2641538207E+01     ESPe at Nucleus = -3.2641538401E+01
           ESPn =  1.7905530293E+01     ESPn at Nucleus =  1.7905530487E+01

CP# 14     Coords =  3.93482291197788E+00  2.48237026835281E+00  2.37965372064802E+00
           Type = (3,-3) NACP C14
           Rho =  1.1766289269E+02     Rho at Nucleus =  1.1766289269E+02
           GradRho = -1.6879205580E-11  6.4457525621E-12 -1.0652299369E-11
           HessRho_EigVals = -1.4498624469E+05 -1.4498527151E+05 -1.4498513010E+05
           HessRho_EigVec1 = -4.3496189813E-01  3.1429271032E-01  8.4381765768E-01
           HessRho_EigVec2 =  8.9292589188E-01  2.9669006932E-02  4.4922500112E-01
           HessRho_EigVec3 =  1.1615291121E-01  9.4886239375E-01 -2.9354498625E-01
           DelSqRho = -4.3495664629E+05
           Bond Ellipticity = NA
           V = -1.0874951758E+05
           G =  5.1780043510E+00
           K =  1.0874433958E+05
