AIMSum (Version 19.02.13, Professional)
Copyright (c) 1997-2019 by Todd A. Keith
AIMSum is a component of the AIMAll package ( http://aim.tkgristmill.com )

TP:  64-bit Linux

Much of the Quantum Theory of Atoms in Molecules (QTAIM) is described in the book:
  "Atoms in Molecules - A Quantum Theory"
  R.F.W. Bader, Oxford University Press, Oxford, 1990

For additional references see:  http://aim.tkgristmill.com/references.html

Wfn File:  /home/mhennefarth/Documents/ML_Diels/summary-hayden2009/22-opt/22-opt.wfn
Sum File:  /home/mhennefarth/Documents/ML_Diels/summary-hayden2009/22-opt/22-opt.sum

SumViz File:  /home/mhennefarth/Documents/ML_Diels/summary-hayden2009/22-opt/22-opt.sumviz

Wfn Title:   Title Card Required                                                           
 
Total memory allocated for AIMSum =        1.681 Megabytes

Atomic units (a.u.) used throughout, except where stated otherwise

Model:  Restricted SCF
 
Restricted, closed-shell, single-determinant wavefunction.
  Number of electrons (from MO Occs)                   =         110.0000000000
  Number of Alpha electrons (from MO Occs)             =          55.0000000000
  Number of Beta electrons (from MO Occs)              =          55.0000000000
  Number of electron pairs (N*(N-1)/2)                 =        5995.0000000000
  Number of electron pairs (from Muller 2EDM)          =        5995.0000000000
 
Nuclear Charges and Cartesian Coordinates:
-------------------------------------------------------------------------------
Atom      Charge                X                  Y                  Z
-------------------------------------------------------------------------------
C1         6.0          -5.2911912900E+00  -3.2047310600E+00   5.4142068000E-01
C2         6.0          -7.3406612700E+00  -2.0848983800E+00  -6.2229683000E-01
C3         6.0          -7.1227869700E+00   3.9469176000E-01  -1.5587402300E+00
C4         6.0          -4.8746524600E+00   1.7064079100E+00  -1.3182379600E+00
C5         6.0          -2.7400492700E+00   6.1364812000E-01  -1.3678685000E-01
C6         6.0          -2.9731237000E+00  -1.9015711100E+00   8.0917521000E-01
C7         6.0           8.1265390700E+00  -3.0817054000E+00  -2.1556286400E+00
C8         6.0           6.6971891700E+00  -5.1222487400E+00  -1.8024685800E+00
C9         6.0          -8.5455580000E-01  -3.0834100100E+00   2.0220104500E+00
C10        6.0           1.3839613600E+00  -1.8495140400E+00   2.2925320600E+00
C11        6.0           1.7110941300E+00   6.8075457000E-01   1.3706995500E+00
C12        6.0          -3.4014479000E-01   1.9360245600E+00   1.5035023000E-01
C13        6.0           4.0504442400E+00   1.9425182500E+00   1.6605231800E+00
C14        6.0           4.3870691000E+00   4.3757263100E+00   7.7791024000E-01
C15        6.0           2.3712780800E+00   5.6236041000E+00  -4.2729390000E-01
C16        6.0           6.6861760000E-02   4.4274088500E+00  -7.3005761000E-01
H17        1.0          -5.4316328700E+00  -5.1197687100E+00   1.2743482300E+00
H18        1.0          -9.1103457100E+00  -3.1081031100E+00  -8.1508914000E-01
H19        1.0          -8.7280464200E+00   1.2876683600E+00  -2.4766959400E+00
H20        1.0          -4.7679324200E+00   3.6145113300E+00  -2.0594452100E+00
H21        1.0           7.3263695400E+00  -1.1891793400E+00  -2.1444199200E+00
H22        1.0           4.6715940600E+00  -4.9789975700E+00  -1.4885139800E+00
H23        1.0          -1.0821100200E+00  -4.9995038200E+00   2.7288755300E+00
H24        1.0           2.9773345800E+00  -2.7627744900E+00   3.2131843500E+00
H25        1.0           1.0152925410E+01  -3.2183645000E+00  -2.4727727000E+00
H26        1.0           7.4912418500E+00  -7.0182362800E+00  -1.8151754900E+00
H27        1.0           5.5897526400E+00   9.5309777000E-01   2.5953779800E+00
H28        1.0           6.1930307900E+00   5.3238248700E+00   1.0140232000E+00
H29        1.0           2.6225347100E+00   7.5384576200E+00  -1.1252200400E+00
H30        1.0          -1.4483442900E+00   5.4411335800E+00  -1.6671428400E+00
 
Some Atomic Properties:
----------------------
  q(A) = Net Charge of Atom A
  L(A) = Lagrangian of Atom A = -(1/4) Times Atomic Integral of the Laplacian of the Electron Density
  K(A) = Electronic Kinetic Energy of Atom A (Hamiltonian Form)
  K_Scaled(A) = K(A) * E(Mol)/K(Mol) = Approximation to Virial-Based Total Energy of Atom A.
  |Mu_Intra(A)| = Magnitude of Intraatomic Dipole Moment of Atom A
--------------------------------------------------------------------------------------------------
Atom A          q(A)              L(A)              K(A)          K_Scaled(A)      |Mu_Intra(A)|
--------------------------------------------------------------------------------------------------
C1       -4.1113396600E-02  7.8477059990E-05  3.7738439716E+01 -3.8114040595E+01  1.1139132247E-01
C2       -3.4745894900E-02 -1.1697647735E-04  3.7727089047E+01 -3.8102576955E+01  1.1854541702E-01
C3       -3.3427958600E-02  1.1302897814E-04  3.7725040041E+01 -3.8100507556E+01  1.1529708691E-01
C4       -3.8130537500E-02 -3.0412455928E-05  3.7735516384E+01 -3.8111088167E+01  1.0158289153E-01
C5       -1.8574590000E-04 -2.7320570452E-04  3.7720460768E+01 -3.8095882707E+01  1.9035429847E-02
C6        8.4391926000E-03  5.8975996080E-05  3.7736268087E+01 -3.8111847352E+01  9.3220291209E-03
C7       -8.4291807600E-02 -1.2643367768E-06  3.7695751474E+01 -3.8070927487E+01  9.3603546970E-02
C8       -8.4260152500E-02  9.6539419927E-06  3.7695749187E+01 -3.8070925178E+01  9.3719279063E-02
C9       -4.4227080200E-02 -9.7525572453E-05  3.7743500980E+01 -3.8119152232E+01  1.0821955506E-01
C10      -4.4944232900E-02  4.7802584420E-05  3.7744797636E+01 -3.8120461793E+01  1.1310170900E-01
C11       6.8071469000E-03 -2.0454781192E-04  3.7736644902E+01 -3.8112227917E+01  1.0297246920E-02
C12      -2.2054000004E-06  3.7058669396E-07  3.7720705160E+01 -3.8096129531E+01  1.8795213982E-02
C13      -4.4867335400E-02  1.6128142156E-05  3.7739861151E+01 -3.8115476177E+01  1.1675513428E-01
C14      -3.6930768700E-02 -5.3275007287E-05  3.7727337271E+01 -3.8102827650E+01  1.1909859705E-01
C15      -3.3708086900E-02 -6.3048213509E-05  3.7724977822E+01 -3.8100444718E+01  1.1564273069E-01
C16      -3.8092480300E-02  4.2176783318E-05  3.7735536123E+01 -3.8111108103E+01  1.0123095652E-01
H17       3.5416984020E-02  2.1907970086E-05  6.0033074866E-01 -6.0630568452E-01  1.5230499689E-01
H18       3.9822016910E-02  2.0110098866E-05  5.9904394600E-01 -6.0500607464E-01  1.4955758572E-01
H19       3.8468341550E-02  2.0615760752E-05  5.9998781923E-01 -6.0595934199E-01  1.4977974382E-01
H20       3.3086413170E-02  3.7393270415E-05  6.0709059919E-01 -6.1313281408E-01  1.4434349430E-01
H21       4.6698156090E-02  1.7267680029E-05  5.9286817014E-01 -5.9876883289E-01  1.4310504695E-01
H22       4.6690316840E-02  3.2928541859E-05  5.9286332056E-01 -5.9876393505E-01  1.4323774010E-01
H23       3.7571927990E-02  2.1532253275E-05  5.9947516738E-01 -6.0544158786E-01  1.5189292447E-01
H24       4.2324558880E-02  2.9195535015E-05  5.9767878537E-01 -6.0362732692E-01  1.5010200753E-01
H25       3.5705195070E-02  2.7471091170E-05  5.9726823056E-01 -6.0321268597E-01  1.4814781735E-01
H26       3.5755211210E-02  2.4428955576E-05  5.9725003791E-01 -6.0319431226E-01  1.4813279225E-01
H27       4.0102775160E-02  2.2272463152E-05  5.9848718332E-01 -6.0444377065E-01  1.5062830414E-01
H28       4.0063663530E-02  2.9320661050E-05  5.9890553500E-01 -6.0486628608E-01  1.4951991633E-01
H29       3.8594182970E-02  2.0685542800E-05  5.9993440495E-01 -6.0590539610E-01  1.4974489860E-01
H30       3.3278724640E-02 -3.3223834726E-05  6.0698141588E-01 -6.1302254410E-01  1.4429114821E-01
--------------------------------------------------------------------------------------------------
Total    -1.0287587000E-04 -1.8173551763E-04  6.1203584111E+02 -6.1812727471E+02
 
1st Largest |L(A)| = 2.7320570452E-04, atom C5      
2nd Largest |L(A)| = 2.0454781192E-04, atom C11     
 
Molecular charge q(Mol) from the wfn file:   0.0000000000E+00
Molecular energy E(Mol) from the wfn file:  -6.1812733717E+02
Molecular virial ratio (-V(Mol)/T(Mol)) from the wfn file:   2.0099527400E+00
Note.  K_Scaled(A) = (1+V(Mol)/T(Mol))*K(A) = (E(Mol)/T(Mol))*K(A)
       Only use K_Scaled(A) data with caution.
 
N_AIMInt(SumA)     =        110.000103
N_Analytic(Mol)    =        109.999980
 
G_AIMInt(SumA)     =        612.036023
G_Analytic(Mol)    =        612.035861
 
K_AIMInt(SumA)     =        612.035841
K_Analytic(Mol)    =        612.035861
 
L_AIMInt(SumA)     =         -0.000182
L_Analytic(Mol)    =          0.000000
 
VenT_AIMInt(SumA)  =      -3330.013471
VenT_Analytic(Mol) =      -3330.009966
 
Some Information About the Atomic Calculations:
----------------------------------------------
  Time(sec) = "Elapsed User Time", in Seconds, for Atom A by AIMInt and, if used, by TWOe
  NProc = Number of Processors Used for AIMInt Job
  BIM = Basin Integration Method
  OAQ = Angular Quadrature Outside of Beta Sphere
  ORQ = Multiple of Default for Radial Quadrature Outside of Beta Sphere
  IAQ = Multiple of Default for Angular Quadrature Inside of Beta Sphere
  IRQ = Multiple of Default for Radial Quadrature Inside of Beta Sphere
  MIR = Maximum Integration Radius
------------------------------------------------------------------------------------------------------
Atom A     Time(sec)   NProc      BIM          OAQ                     ORQ      IAQ      IRQ      MIR
------------------------------------------------------------------------------------------------------
C1             34        8     Proaim(5)    4500(GS4)                  1.00     1.00     1.00    13.00
C2             31        8     Proaim(5)    4500(GS4)                  1.00     1.00     1.00    13.00
C3             30        8     Proaim(5)    4500(GS4)                  1.00     1.00     1.00    13.00
C4             36        8     Proaim(5)    4500(GS4)                  1.00     1.00     1.00    13.00
C5             24        8     Proaim(5)    4500(GS4)                  1.00     1.00     1.00    13.00
C6             25        8     Proaim(5)    4500(GS4)                  1.00     1.00     1.00    13.00
C7             23        8     Proaim(5)    4500(GS4)                  1.00     1.00     1.00    13.00
C8             23        8     Proaim(5)    4500(GS4)                  1.00     1.00     1.00    13.00
C9             29        8     Proaim(5)    4500(GS4)                  1.00     1.00     1.00    13.00
C10            39        8     Proaim(5)    4500(GS4)                  1.00     1.00     1.00    13.00
C11            28        8     Proaim(5)    4500(GS4)                  1.00     1.00     1.00    13.00
C12            25        8     Proaim(5)    4500(GS4)                  1.00     1.00     1.00    13.00
C13            37        8     Proaim(5)    4500(GS4)                  1.00     1.00     1.00    13.00
C14            24        8     Proaim(5)    4500(GS4)                  1.00     1.00     1.00    13.00
C15            22        8     Proaim(5)    4500(GS4)                  1.00     1.00     1.00    13.00
C16            25        8     Proaim(5)    4500(GS4)                  1.00     1.00     1.00    13.00
H17             8        8     Proaim(5)    1800(GS4)                  1.00     1.00     1.00    13.00
H18             6        8     Proaim(5)    1800(GS4)                  1.00     1.00     1.00    13.00
H19             6        8     Proaim(5)    1800(GS4)                  1.00     1.00     1.00    13.00
H20            15        8     Proaim(5)    4500(GS4)                  1.00     1.00     1.00    13.00
H21            16        8     Proaim(5)    4500(GS4)                  1.00     1.00     1.00    13.00
H22            18        8     Proaim(5)    4500(GS4)                  1.00     1.00     1.00    13.00
H23             8        8     Proaim(5)    1800(GS4)                  1.00     1.00     1.00    13.00
H24            10        8     Proaim(5)    1800(GS4)                  1.00     1.00     1.00    13.00
H25             6        8     Proaim(5)    1800(GS4)                  1.00     1.00     1.00    13.00
H26             6        8     Proaim(5)    1800(GS4)                  1.00     1.00     1.00    13.00
H27            10        8     Proaim(5)    1800(GS4)                  1.00     1.00     1.00    13.00
H28             6        8     Proaim(5)    1800(GS4)                  1.00     1.00     1.00    13.00
H29             6        8     Proaim(5)    1800(GS4)                  1.00     1.00     1.00    13.00
H30            15        8     Proaim(5)    4500(GS4)                  1.00     1.00     1.00    13.00
------------------------------------------------------------------------------------------------------
Total         591
Note:  Total wall clock time is less than total of atomic times if more than one atom
       was calculated at a time
 
Electron Density Critical Point Analysis of Molecular Structure:               
---------------------------------------------------------------                
  NACP = Nuclear Attractor Critical Point                                      
  NNACP = Non-Nuclear Attractor Critical Point                                 
  BCP = Bond Critical Point                                                    
  RCP = Ring Critical Point                                                    
  CCP = Cage Critical Point                                                    
  Rho = Electron Density                                                       
  GradRho = Gradient of Electron Density                                       
  HessRho_EigVals = Eigenvalues of the Hessian of Rho, Ascending Order         
  HessRho_EigVecs = Eigenvectors of the Hessian of Rho                         
  DelSqRho = Laplacian of Rho = Trace of Hessian of Rho                        
  Bond Ellipticity = (HessRho_EigVal(1) / HessRho_EigVal(2)) - 1               
  V = Virial Field = Potential Energy Density = Trace of Stress Tensor         
  G = Lagrangian Form of Kinetic Energy Density                                
  K = Hamiltonian Form of Kinetic Energy Density                               
  L = K - G = Lagrangian Density = (-1/4)DelSqRho                              
  Vnuc = Electrostatic Potential from Nuclei                                   
  Ven = Electron-nuclear attractive contribution to Virial Field V             
  Vrep = V - Ven = Repulsive contribution to Virial Field V                    
  DelSqV = Laplacian of V                                                      
  DelSqVen = Laplacian of Ven                                                  
  DelSqVrep = Laplacian of Vrep                                                
  DelSqG = Laplacian of G                                                      
  DelSqK = Laplacian of K                                                      
  Stress_EigVals = Eigenvalues of Stress Tensor, Ascending Order               
  Stress_EigVecs = Eigenvectors of Stress Tensor                               
  -DivStress = Ehrenfest Force Density = Minus Divergence of Stress Tensor     
  ESP = Total Electrostatic Potential                                          
  ESPe = Electrostatic Potential from Electrons                                
  ESPn = Electrostatic Potential from Nuclei                                   
  BP = Bond Path                                                               
  BPL = Bond Path Length                                                       
  GBL = Geometric Bond Length                                                  
  GBL_I = Distance Between Nuclear Attractors                                  
  GBL_II = Distance Between Nuclei                                             
  GBL_III = Sum of Distances Between BCP and Nuclear Attractors                
  GBL_IV = Sum of Distances Between BCP and Nuclei                             

CP# 1      Coords = -5.29119115680995E+00 -3.20473115352427E+00  5.41420764950839E-01
           Type = (3,-3) NACP C1
           Rho =  1.1766686553E+02     Rho at Nucleus =  1.1766686553E+02
           GradRho =  5.1515284321E-11  1.7579452420E-11  6.1466809290E-12
           HessRho_EigVals = -1.4499052815E+05 -1.4498956768E+05 -1.4498934268E+05
           HessRho_EigVec1 = -3.0404911594E-01  3.6003208572E-01  8.8200398659E-01
           HessRho_EigVec2 =  4.6450613357E-01  8.6435017297E-01 -1.9269880736E-01
           HessRho_EigVec3 =  8.3173805190E-01 -3.5110635958E-01  4.3004201805E-01
           DelSqRho = -4.3496943851E+05
           Bond Ellipticity = NA
           V = -1.0875271119E+05
           G =  5.1757809868E+00
           K =  1.0874753541E+05
           L =  1.0874235963E+05
           Vnuc =  3.2682633577E+07
           Ven = -3.8456630503E+09
           Vrep =  3.8455542975E+09
           DelSqV =  2.4950120166E+09
           DelSqVen =  1.4215989428E+13
           DelSqVrep = -1.4213494416E+13
           DelSqG =  1.3401678427E+08
           DelSqK = -2.6290288009E+09
           Stress_EigVals = -3.6251130849E+04 -3.6251059009E+04 -3.6250521332E+04
           Stress_EigVec1 = -7.6781072681E-01  4.5544367912E-01 -4.5059709602E-01
           Stress_EigVec2 =  5.6389429249E-01  8.1426106400E-01 -1.3784827367E-01
           Stress_EigVec3 = -3.0412154592E-01  3.5993051385E-01  8.8202047057E-01
           -DivStress = -1.0332475258E+02  7.3280319558E+01 -6.6247858065E+01
           ESP =  -1.4738613423E+01     ESP at Nucleus =  -1.4738613424E+01
           ESPe = -3.1853385790E+01     ESPe at Nucleus = -3.1853385859E+01
           ESPn =  1.7114772367E+01     ESPn at Nucleus =  1.7114772435E+01

CP# 2      Coords = -7.34066151666119E+00 -2.08489816135854E+00 -6.22297004214892E-01
           Type = (3,-3) NACP C2
           Rho =  1.1765782532E+02     Rho at Nucleus =  1.1765782531E+02
           GradRho = -7.0632681708E-11  2.3301057516E-11 -5.7937152352E-12
           HessRho_EigVals = -1.4497780441E+05 -1.4497672349E+05 -1.4497661079E+05
           HessRho_EigVec1 = -3.0414346532E-01  3.5986279385E-01  8.8204054448E-01
           HessRho_EigVec2 =  6.9150737946E-01  7.2024140551E-01 -5.5406334835E-02
           HessRho_EigVec3 = -6.5522079992E-01  5.9308607082E-01 -4.6790449448E-01
           DelSqRho = -4.3493113868E+05
           Bond Ellipticity = NA
           V = -1.0874311376E+05
           G =  5.1645422160E+00
           K =  1.0873794921E+05
           L =  1.0873278467E+05
           Vnuc =  1.6093462866E+07
           Ven = -1.8935218426E+09
           Vrep =  1.8934130995E+09
           DelSqV =  2.4947912938E+09
           DelSqVen =  6.9995583242E+12
           DelSqVrep = -6.9970635329E+12
           DelSqG =  1.3400331320E+08
           DelSqK = -2.6287946070E+09
           Stress_EigVals = -3.6247918568E+04 -3.6247884193E+04 -3.6247310994E+04
           Stress_EigVec1 = -8.6278983163E-01  2.8843740906E-01 -4.1520786058E-01
           Stress_EigVec2 =  4.0383077417E-01  8.8729905207E-01 -2.2275793596E-01
           Stress_EigVec3 = -3.0416181921E-01  3.5986699384E-01  8.8203250194E-01
           -DivStress =  1.9731973507E+02 -1.8103526504E+02  1.4187859873E+02
           ESP =  -1.4737966718E+01     ESP at Nucleus =  -1.4737966719E+01
           ESPe = -3.0654542638E+01     ESPe at Nucleus = -3.0654542934E+01
           ESPn =  1.5916575921E+01     ESPn at Nucleus =  1.5916576215E+01

CP# 3      Coords = -7.12278723169541E+00  3.94691544797256E-01 -1.55874023192170E+00
           Type = (3,-3) NACP C3
           Rho =  1.1765765451E+02     Rho at Nucleus =  1.1765765450E+02
           GradRho =  2.6554335706E-11 -5.4597792555E-12  6.6746794317E-12
           HessRho_EigVals = -1.4497742257E+05 -1.4497634271E+05 -1.4497625223E+05
           HessRho_EigVec1 = -3.0413607488E-01  3.5978580573E-01  8.8207449909E-01
           HessRho_EigVec2 = -6.1454278439E-01  6.3340562746E-01 -4.7024937774E-01
           HessRho_EigVec3 =  7.2790000283E-01  6.8509231867E-01 -2.8462269495E-02
           DelSqRho = -4.3493001750E+05
           Bond Ellipticity = NA
           V = -1.0874282663E+05
           G =  5.1611266490E+00
           K =  1.0873766550E+05
           L =  1.0873250438E+05
           Vnuc =  1.7708425171E+07
           Ven = -2.0835317707E+09
           Vrep =  2.0834230279E+09
           DelSqV =  2.4947846070E+09
           DelSqVen =  7.7019165491E+12
           DelSqVrep = -7.6994217645E+12
           DelSqG =  1.3400280723E+08
           DelSqK = -2.6287874143E+09
           Stress_EigVals = -3.6247818486E+04 -3.6247790305E+04 -3.6247217838E+04
           Stress_EigVec1 =  9.1200223816E-01  3.7745025027E-01  1.6057156089E-01
           Stress_EigVec2 = -2.7515751644E-01  8.5327727524E-01 -4.4295172729E-01
           Stress_EigVec3 = -3.0420430428E-01  3.5979049478E-01  8.8204905823E-01
           -DivStress =  2.1024707520E+02  1.7784256548E+02 -4.5767368718E-01
           ESP =  -1.4737645843E+01     ESP at Nucleus =  -1.4737645845E+01
           ESPe = -3.0904679207E+01     ESPe at Nucleus = -3.0904679534E+01
           ESPn =  1.6167033364E+01     ESPn at Nucleus =  1.6167033690E+01

CP# 4      Coords = -4.87465220726415E+00  1.70640800956042E+00 -1.31823791400491E+00
           Type = (3,-3) NACP C4
           Rho =  1.1765543708E+02     Rho at Nucleus =  1.1765543707E+02
           GradRho = -7.6133677406E-13 -9.8497974032E-12 -4.1458979262E-12
           HessRho_EigVals = -1.4497533071E+05 -1.4497434133E+05 -1.4497420166E+05
           HessRho_EigVec1 = -3.0413341362E-01  3.5981110411E-01  8.8206509742E-01
           HessRho_EigVec2 = -4.8991130351E-01  7.3502393557E-01 -4.6875017742E-01
           HessRho_EigVec3 =  8.1700047822E-01  5.7469625325E-01  4.7269811584E-02
           DelSqRho = -4.3492387369E+05
           Bond Ellipticity = NA
           V = -1.0874133721E+05
           G =  5.1843956894E+00
           K =  1.0873615282E+05
           L =  1.0873096842E+05
           Vnuc =  2.1778174055E+07
           Ven = -2.5623205872E+09
           Vrep =  2.5622118459E+09
           DelSqV =  2.4947508089E+09
           DelSqVen =  9.4718499226E+12
           DelSqVrep = -9.4693551718E+12
           DelSqG =  1.3400168287E+08
           DelSqK = -2.6287524917E+09
           Stress_EigVals = -3.6247326996E+04 -3.6247277947E+04 -3.6246732271E+04
           Stress_EigVec1 =  7.9364919705E-01  6.0782938313E-01  2.5775822453E-02
           Stress_EigVec2 = -5.2689561345E-01  7.0791906222E-01 -4.7035264842E-01
           Stress_EigVec3 = -3.0414135620E-01  3.5971383397E-01  8.8210203100E-01
           -DivStress = -1.9909150972E+02 -7.7755808498E+01 -3.6485548612E+01
           ESP =  -1.4738075037E+01     ESP at Nucleus =  -1.4738075038E+01
           ESPe = -3.2633367492E+01     ESPe at Nucleus = -3.2633367384E+01
           ESPn =  1.7895292456E+01     ESPn at Nucleus =  1.7895292346E+01

CP# 5      Coords = -2.74004876467119E+00  6.13648294467506E-01 -1.36786745338160E-01
           Type = (3,-3) NACP C5
           Rho =  1.1762811254E+02     Rho at Nucleus =  1.1762811251E+02
           GradRho =  5.5836216083E-11  8.4045753882E-12  6.0689502812E-12
           HessRho_EigVals = -1.4493782464E+05 -1.4493686870E+05 -1.4493668035E+05
           HessRho_EigVec1 = -3.0374352929E-01  3.6021609562E-01  8.8203414496E-01
           HessRho_EigVec2 =  8.0064021970E-01  5.9832398613E-01  3.1363134844E-02
           HessRho_EigVec3 =  5.1644467953E-01 -7.1571836086E-01  4.7014053315E-01
           DelSqRho = -4.3481137369E+05
           Bond Ellipticity = NA
           V = -1.0871321970E+05
           G =  5.1881396188E+00
           K =  1.0870803156E+05
           L =  1.0870284342E+05
           Vnuc =  1.1014290904E+07
           Ven = -1.2955902499E+09
           Vrep =  1.2954815367E+09
           DelSqV =  2.4941038939E+09
           DelSqVen =  4.7891386204E+12
           DelSqVrep = -4.7866439922E+12
           DelSqG =  1.3396307413E+08
           DelSqK = -2.6280669680E+09
           Stress_EigVals = -3.6237948446E+04 -3.6237891696E+04 -3.6237379560E+04
           Stress_EigVec1 = -6.3670788538E-01  6.1198487215E-01 -4.6912427453E-01
           Stress_EigVec2 =  7.0872052324E-01  7.0415930422E-01 -4.3300048661E-02
           Stress_EigVec3 = -3.0383924800E-01  3.6004748373E-01  8.8207002037E-01
           -DivStress = -4.0749768680E+02 -1.4156348086E+02 -8.4043083127E+01
           ESP =  -1.4726735535E+01     ESP at Nucleus =  -1.4726735537E+01
           ESPe = -3.5332911390E+01     ESPe at Nucleus = -3.5332911235E+01
           ESPn =  2.0606175854E+01     ESPn at Nucleus =  2.0606175698E+01

CP# 6      Coords = -2.97312340916337E+00 -1.90157121431103E+00  8.09175349739829E-01
           Type = (3,-3) NACP C6
           Rho =  1.1763883855E+02     Rho at Nucleus =  1.1763883854E+02
           GradRho =  2.2363809050E-11 -8.6560504519E-12  8.4880099911E-12
           HessRho_EigVals = -1.4495063994E+05 -1.4494950626E+05 -1.4494940622E+05
           HessRho_EigVec1 = -3.0460458952E-01  3.6031375029E-01  8.8169725269E-01
           HessRho_EigVec2 = -1.8887708133E-01  8.8445396554E-01 -4.2669266572E-01
           HessRho_EigVec3 =  9.3356386615E-01  2.9650494800E-01  2.0135372761E-01
           DelSqRho = -4.3484955242E+05
           Bond Ellipticity = NA
           V = -1.0872278940E+05
           G =  5.2006465329E+00
           K =  1.0871758875E+05
           L =  1.0871238811E+05
           Vnuc =  1.7693519740E+07
           Ven = -2.0814451121E+09
           Vrep =  2.0813363893E+09
           DelSqV =  2.4943217039E+09
           DelSqVen =  7.6939987517E+12
           DelSqVrep = -7.6915044300E+12
           DelSqG =  1.3397434594E+08
           DelSqK = -2.6282960498E+09
           Stress_EigVals = -3.6241141397E+04 -3.6241101604E+04 -3.6240546398E+04
           Stress_EigVec1 =  9.1686258037E-01  3.6179742507E-01  1.6871761003E-01
           Stress_EigVec2 = -2.5830723993E-01  8.5990893670E-01 -4.4026581787E-01
           Stress_EigVec3 = -3.0436881990E-01  3.6008227365E-01  8.8187322087E-01
           -DivStress = -2.3542073960E+02  8.7698496228E+01 -1.1448078697E+02
           ESP =  -1.4730131401E+01     ESP at Nucleus =  -1.4730131401E+01
           ESPe = -3.4648759804E+01     ESPe at Nucleus = -3.4648759823E+01
           ESPn =  1.9918628403E+01     ESPn at Nucleus =  1.9918628422E+01

CP# 7      Coords =  8.12653975672372E+00 -3.08170471384881E+00 -2.15562880262487E+00
           Type = (3,-3) NACP C7
           Rho =  1.1768040029E+02     Rho at Nucleus =  1.1768040022E+02
           GradRho =  1.5065726444E-10  1.5333277660E-10 -9.2634757287E-12
           HessRho_EigVals = -1.4500844370E+05 -1.4500738799E+05 -1.4500718697E+05
           HessRho_EigVec1 =  1.5396654792E-01  5.9651297781E-02  9.8627380823E-01
           HessRho_EigVec2 =  8.6228811136E-01 -4.9548863230E-01 -1.0464333840E-01
           HessRho_EigVec3 =  4.8244534937E-01  8.6656375295E-01 -1.2772527915E-01
           DelSqRho = -4.3502301865E+05
           Bond Ellipticity = NA
           V = -1.0876593815E+05
           G =  5.0917449340E+00
           K =  1.0876084641E+05
           L =  1.0875575466E+05
           Vnuc =  6.0957363343E+06
           Ven = -7.1734869186E+08
           Vrep =  7.1723992592E+08
           DelSqV =  2.4953172080E+09
           DelSqVen =  2.6517847409E+12
           DelSqVrep = -2.6492894237E+12
           DelSqG =  1.3403475878E+08
           DelSqK = -2.6293519667E+09
           Stress_EigVals = -3.6255576336E+04 -3.6255458526E+04 -3.6254903291E+04
           Stress_EigVec1 =  5.2591924666E-01  8.3984989091E-01 -1.3439161700E-01
           Stress_EigVec2 =  8.3606503737E-01 -5.3949942185E-01 -9.9677615887E-02
           Stress_EigVec3 =  1.5621843450E-01  5.9937755635E-02  9.8590225995E-01
           -DivStress = -5.5759953550E+02 -5.5682578271E+02  1.3322651470E+02
           ESP =  -1.4749281348E+01     ESP at Nucleus =  -1.4749281362E+01
           ESPe = -2.7429924485E+01     ESPe at Nucleus = -2.7429925526E+01
           ESPn =  1.2680643136E+01     ESPn at Nucleus =  1.2680644164E+01

CP# 8      Coords =  6.69718875680773E+00 -5.12224962490767E+00 -1.80246847037969E+00
           Type = (3,-3) NACP C8
           Rho =  1.1768040188E+02     Rho at Nucleus =  1.1768040181E+02
           GradRho = -1.2924381010E-10 -1.7391899314E-10  3.8417557547E-11
           HessRho_EigVals = -1.4500844164E+05 -1.4500738536E+05 -1.4500718446E+05
           HessRho_EigVec1 =  1.5701186183E-01  6.3694007472E-02  9.8554063775E-01
           HessRho_EigVec2 =  7.4520852893E-01 -6.6249706999E-01 -7.5907052827E-02
           HessRho_EigVec3 =  6.4808296047E-01  7.4635159655E-01 -1.5148521603E-01
           DelSqRho = -4.3502301147E+05
           Bond Ellipticity = NA
           V = -1.0876593645E+05
           G =  5.0917918398E+00
           K =  1.0876084466E+05
           L =  1.0875575287E+05
           Vnuc =  6.1053026704E+06
           Ven = -7.1847447183E+08
           Vrep =  7.1836570589E+08
           DelSqV =  2.4953171708E+09
           DelSqVen =  2.6559470633E+12
           DelSqVrep = -2.6534516151E+12
           DelSqG =  1.3403475215E+08
           DelSqK = -2.6293519229E+09
           Stress_EigVals = -3.6255575772E+04 -3.6255458041E+04 -3.6254902637E+04
           Stress_EigVec1 =  6.0882414674E-01  7.7976928244E-01 -1.4592129560E-01
           Stress_EigVec2 =  7.7752644666E-01 -6.2303703891E-01 -8.5308105726E-02
           Stress_EigVec3 =  1.5743501231E-01  6.1520031781E-02  9.8561123299E-01
           -DivStress =  3.3541091868E+02  7.1869132206E+02 -8.7815475581E+01
           ESP =  -1.4749288552E+01     ESP at Nucleus =  -1.4749288566E+01
           ESPe = -2.7524945872E+01     ESPe at Nucleus = -2.7524946843E+01
           ESPn =  1.2775657320E+01     ESPn at Nucleus =  1.2775658277E+01

CP# 9      Coords = -8.54556435994196E-01 -3.08341011311849E+00  2.02201026151872E+00
           Type = (3,-3) NACP C9
           Rho =  1.1767645811E+02     Rho at Nucleus =  1.1767645808E+02
           GradRho = -6.9219819628E-11  2.4329411912E-12 -2.9167693651E-11
           HessRho_EigVals = -1.4500533525E+05 -1.4500440817E+05 -1.4500409344E+05
           HessRho_EigVec1 = -3.0719954082E-01  3.6103363108E-01  8.8050165210E-01
           HessRho_EigVec2 = -3.9393993602E-01  7.9399968481E-01 -4.6300737286E-01
           HessRho_EigVec3 =  8.6627926729E-01  4.8910041683E-01  1.0169077306E-01
           DelSqRho = -4.3501383686E+05
           Bond Ellipticity = NA
           V = -1.0876381670E+05
           G =  5.1787420869E+00
           K =  1.0875863796E+05
           L =  1.0875345921E+05
           Vnuc =  8.9378648363E+06
           Ven = -1.0517762770E+09
           Vrep =  1.0516675132E+09
           DelSqV =  2.4952689434E+09
           DelSqVen =  3.8880946422E+12
           DelSqVrep = -3.8855996354E+12
           DelSqG =  1.3403338066E+08
           DelSqK = -2.6293023240E+09
           Stress_EigVals = -3.6254859321E+04 -3.6254738099E+04 -3.6254219278E+04
           Stress_EigVec1 =  8.1663494973E-01  5.7514553668E-01  4.8114140497E-02
           Stress_EigVec2 = -4.8941689740E-01  7.3426676380E-01 -4.7045023129E-01
           Stress_EigVec3 = -3.0590596499E-01  3.6063822762E-01  8.8111384586E-01
           -DivStress =  5.1340488455E+02  8.1196030832E+01  1.5235223433E+02
           ESP =  -1.4738037794E+01     ESP at Nucleus =  -1.4738037799E+01
           ESPe = -3.2995072708E+01     ESPe at Nucleus = -3.2995072747E+01
           ESPn =  1.8257034914E+01     ESPn at Nucleus =  1.8257034948E+01

CP# 10     Coords =  1.38396176398770E+00 -1.84951354155187E+00  2.29253190243394E+00
           Type = (3,-3) NACP C10
           Rho =  1.1768064236E+02     Rho at Nucleus =  1.1768064233E+02
           GradRho =  3.2143175274E-11  5.1374632196E-11  2.6018011530E-12
           HessRho_EigVals = -1.4501173667E+05 -1.4501080611E+05 -1.4501050076E+05
           HessRho_EigVec1 = -3.0020716777E-01  3.5990196585E-01  8.8337207982E-01
           HessRho_EigVec2 = -3.4565390561E-01  8.2210169563E-01 -4.5240709498E-01
           HessRho_EigVec3 =  8.8904388753E-01  4.4115686215E-01  1.2239930153E-01
           DelSqRho = -4.3503304354E+05
           Bond Ellipticity = NA
           V = -1.0876862735E+05
           G =  5.1832350957E+00
           K =  1.0876344412E+05
           L =  1.0875826088E+05
           Vnuc =  9.0817207137E+06
           Ven = -1.0687427274E+09
           Vrep =  1.0686339587E+09
           DelSqV =  2.4953801372E+09
           DelSqVen =  3.9508487700E+12
           DelSqVrep = -3.9483533899E+12
           DelSqG =  1.3404048967E+08
           DelSqK = -2.6294206269E+09
           Stress_EigVals = -3.6256462512E+04 -3.6256342193E+04 -3.6255822651E+04
           Stress_EigVec1 =  9.2054787552E-01  3.5041409872E-01  1.7263130743E-01
           Stress_EigVec2 = -2.4705455773E-01  8.6458347988E-01 -4.3756079785E-01
           Stress_EigVec3 = -3.0258164913E-01  3.6014631156E-01  8.8246188579E-01
           -DivStress = -3.2452600178E+02 -4.0327795747E+02  1.2857253818E+02
           ESP =  -1.4738736054E+01     ESP at Nucleus =  -1.4738736058E+01
           ESPe = -3.3314035332E+01     ESPe at Nucleus = -3.3314035078E+01
           ESPn =  1.8575299279E+01     ESPn at Nucleus =  1.8575299020E+01

CP# 11     Coords =  1.71109405542134E+00  6.80754266572430E-01  1.37069964677899E+00
           Type = (3,-3) NACP C11
           Rho =  1.1763966513E+02     Rho at Nucleus =  1.1763966513E+02
           GradRho = -1.3984014719E-11 -9.5646325256E-12  7.6884297514E-12
           HessRho_EigVals = -1.4495173380E+05 -1.4495059031E+05 -1.4495049276E+05
           HessRho_EigVec1 = -3.0448712095E-01  3.6054099539E-01  8.8164493069E-01
           HessRho_EigVec2 = -5.7269697979E-01  6.7031456111E-01 -4.7190736220E-01
           HessRho_EigVec3 =  7.6112138487E-01  6.4860510313E-01 -2.3785883040E-03
           DelSqRho = -4.3485281686E+05
           Bond Ellipticity = NA
           V = -1.0872360351E+05
           G =  5.1996453867E+00
           K =  1.0871840386E+05
           L =  1.0871320422E+05
           Vnuc =  1.8342860848E+07
           Ven = -2.1578480077E+09
           Vrep =  2.1577392841E+09
           DelSqV =  2.4943403935E+09
           DelSqVen =  7.9764421345E+12
           DelSqVrep = -7.9739456970E+12
           DelSqG =  1.3397541990E+08
           DelSqK = -2.6283158134E+09
           Stress_EigVals = -3.6241412760E+04 -3.6241374173E+04 -3.6240816574E+04
           Stress_EigVec1 =  8.0582905951E-01  5.9102927205E-01  3.6385799784E-02
           Stress_EigVec2 = -5.0796243343E-01  7.2153772276E-01 -4.7048643005E-01
           Stress_EigVec3 = -3.0432497938E-01  3.6064901804E-01  8.8165673179E-01
           -DivStress =  5.7889819930E+01  2.4744035448E+02 -8.0284572151E+01
           ESP =  -1.4729936897E+01     ESP at Nucleus =  -1.4729936898E+01
           ESPe = -3.5130966093E+01     ESPe at Nucleus = -3.5130966136E+01
           ESPn =  2.0401029196E+01     ESPn at Nucleus =  2.0401029239E+01

CP# 12     Coords = -3.40145210526264E-01  1.93602423278523E+00  1.50350218526791E-01
           Type = (3,-3) NACP C12
           Rho =  1.1762830210E+02     Rho at Nucleus =  1.1762830208E+02
           GradRho = -3.1738944270E-11 -2.5650676170E-11 -2.4426375500E-12
           HessRho_EigVals = -1.4493807038E+05 -1.4493711024E+05 -1.4493692405E+05
           HessRho_EigVec1 = -3.0355600121E-01  3.6065090374E-01  8.8192101673E-01
           HessRho_EigVec2 =  9.1914322416E-01  3.5472447421E-01  1.7130756224E-01
           HessRho_EigVec3 =  2.5105674182E-01 -8.6261316534E-01  4.3916857739E-01
           DelSqRho = -4.3481210467E+05
           Bond Ellipticity = NA
           V = -1.0871340241E+05
           G =  5.1881198607E+00
           K =  1.0870821429E+05
           L =  1.0870302617E+05
           Vnuc =  1.1257958361E+07
           Ven = -1.3242545272E+09
           Vrep =  1.3241458138E+09
           DelSqV =  2.4941080805E+09
           DelSqVen =  4.8951008952E+12
           DelSqVrep = -4.8926067872E+12
           DelSqG =  1.3396330906E+08
           DelSqK = -2.6280713896E+09
           Stress_EigVals = -3.6238009171E+04 -3.6237953277E+04 -3.6237439960E+04
           Stress_EigVec1 =  1.0040889124E-01 -9.0825828690E-01  4.0618338080E-01
           Stress_EigVec2 =  9.4743778135E-01  2.1192899686E-01  2.3968260420E-01
           Stress_EigVec3 = -3.0377574792E-01  3.6076721659E-01  8.8179777183E-01
           -DivStress =  3.3973654931E+02  2.6333196466E+02  9.6896431720E+00
           ESP =  -1.4726624632E+01     ESP at Nucleus =  -1.4726624634E+01
           ESPe = -3.5509303485E+01     ESPe at Nucleus = -3.5509303399E+01
           ESPn =  2.0782678853E+01     ESPn at Nucleus =  2.0782678765E+01

CP# 13     Coords =  4.05044421189149E+00  1.94251809923745E+00  1.66052314006766E+00
           Type = (3,-3) NACP C13
           Rho =  1.1767225020E+02     Rho at Nucleus =  1.1767225020E+02
           GradRho =  1.7347007999E-11 -8.9066650106E-13  1.0331749562E-11
           HessRho_EigVals = -1.4499863119E+05 -1.4499765214E+05 -1.4499744071E+05
           HessRho_EigVec1 = -3.0201848445E-01  3.5810743034E-01  8.8348395763E-01
           HessRho_EigVec2 =  9.3701171591E-01 -5.9082012364E-02  3.4426495620E-01
           HessRho_EigVec3 =  1.7548184893E-01  9.3180919943E-01 -3.1770699795E-01
           DelSqRho = -4.3499372404E+05
           Bond Ellipticity = NA
           V = -1.0875878727E+05
           G =  5.1781314227E+00
           K =  1.0875360914E+05
           L =  1.0874843101E+05
           Vnuc =  3.7861105091E+07
           Ven = -4.4552014312E+09
           Vrep =  4.4550926724E+09
           DelSqV =  2.4951523936E+09
           DelSqVen =  1.6469404418E+13
           DelSqVrep = -1.6466909266E+13
           DelSqG =  1.3402566668E+08
           DelSqK = -2.6291780603E+09
           Stress_EigVals = -3.6253155959E+04 -3.6253086698E+04 -3.6252544617E+04
           Stress_EigVec1 = -5.3616189726E-02 -9.3087672073E-01  3.6137769024E-01
           Stress_EigVec2 =  9.5143069742E-01  6.2247609748E-02  3.0150433345E-01
           Stress_EigVec3 = -3.0315826264E-01  3.5999134140E-01  8.8232720796E-01
           -DivStress =  2.2040682708E+01  1.1673783347E+02  3.4458322996E+01
           ESP =  -1.4738765906E+01     ESP at Nucleus =  -1.4738765907E+01
           ESPe = -3.2647568830E+01     ESPe at Nucleus = -3.2647568766E+01
           ESPn =  1.7908802923E+01     ESPn at Nucleus =  1.7908802859E+01

CP# 14     Coords =  4.38706907782799E+00  4.37572664475628E+00  7.77910086786062E-01
           Type = (3,-3) NACP C14
           Rho =  1.1765860339E+02     Rho at Nucleus =  1.1765860338E+02
           GradRho =  2.3910082852E-11 -4.9695891113E-11 -8.4531057047E-12
           HessRho_EigVals = -1.4497891217E+05 -1.4497782167E+05 -1.4497770928E+05
           HessRho_EigVec1 = -3.0480889268E-01  3.6334734163E-01  8.8038074052E-01
           HessRho_EigVec2 =  9.4947161828E-01  1.8852423631E-01  2.5092281366E-01
           HessRho_EigVec3 =  7.4800969469E-02 -9.1238003138E-01  4.0245185216E-01
           DelSqRho = -4.3493444311E+05
           Bond Ellipticity = NA
           V = -1.0874393683E+05
           G =  5.1630245584E+00
           K =  1.0873877380E+05
           L =  1.0873361078E+05
           Vnuc =  1.6268133813E+07
           Ven = -1.9140859043E+09
           Vrep =  1.9139771603E+09
           DelSqV =  2.4948102732E+09
           DelSqVen =  7.0755685499E+12
           DelSqVrep = -7.0730737396E+12
           DelSqG =  1.3400447256E+08
           DelSqK = -2.6288147458E+09
           Stress_EigVals = -3.6248193436E+04 -3.6248159390E+04 -3.6247584001E+04
           Stress_EigVec1 = -2.8135732019E-01 -9.1774858205E-01  2.8031339341E-01
