AIMSum (Version 19.02.13, Professional)
Copyright (c) 1997-2019 by Todd A. Keith
AIMSum is a component of the AIMAll package ( http://aim.tkgristmill.com )

TP:  64-bit Linux

Much of the Quantum Theory of Atoms in Molecules (QTAIM) is described in the book:
  "Atoms in Molecules - A Quantum Theory"
  R.F.W. Bader, Oxford University Press, Oxford, 1990

For additional references see:  http://aim.tkgristmill.com/references.html

Wfn File:  /home/mhennefarth/Documents/ML_Diels/summary-hayden2009/23-opt/23-opt.wfn
Sum File:  /home/mhennefarth/Documents/ML_Diels/summary-hayden2009/23-opt/23-opt.sum

SumViz File:  /home/mhennefarth/Documents/ML_Diels/summary-hayden2009/23-opt/23-opt.sumviz

Wfn Title:   Title Card Required                                                           
 
Total memory allocated for AIMSum =        1.649 Megabytes

Atomic units (a.u.) used throughout, except where stated otherwise

Model:  Restricted SCF
 
Restricted, closed-shell, single-determinant wavefunction.
  Number of electrons (from MO Occs)                   =         110.0000000000
  Number of Alpha electrons (from MO Occs)             =          55.0000000000
  Number of Beta electrons (from MO Occs)              =          55.0000000000
  Number of electron pairs (N*(N-1)/2)                 =        5995.0000000000
  Number of electron pairs (from Muller 2EDM)          =        5995.0000000000
 
Nuclear Charges and Cartesian Coordinates:
-------------------------------------------------------------------------------
Atom      Charge                X                  Y                  Z
-------------------------------------------------------------------------------
C1         6.0           2.2129861500E+00  -2.8919187900E+00  -3.0586419900E+00
C2         6.0          -2.6637338000E-01  -3.5589702100E+00  -2.9730169900E+00
C3         6.0          -1.8781096400E+00  -2.7200046000E+00  -9.5997665000E-01
C4         6.0          -8.6868279000E-01  -1.1696689100E+00   1.0038937700E+00
C5         6.0           1.7897907800E+00  -4.5267108000E-01   9.1123230000E-01
C6         6.0           3.3127903800E+00  -1.3251382900E+00  -1.1381647000E+00
C7         6.0           5.8929270900E+00  -6.3780463000E-01  -1.2539675500E+00
C8         6.0           6.9713899000E+00   8.6904591000E-01   5.8327151000E-01
C9         6.0           5.4811008300E+00   1.7341694200E+00   2.6085859300E+00
C10        6.0           2.9537952700E+00   1.0847919300E+00   2.7634184700E+00
C11        6.0          -2.5246066400E+00  -3.8332586000E-01   2.9504497600E+00
C12        6.0          -5.0441219200E+00  -1.0827779700E+00   2.9641846500E+00
C13        6.0          -6.0273314300E+00  -2.6117882800E+00   1.0225067300E+00
C14        6.0          -4.4581844800E+00  -3.4141192200E+00  -9.0218277000E-01
C15        6.0          -3.4790779200E+00   8.0332810100E+00  -2.4055904600E+00
C16        6.0          -2.8324268000E+00   5.7536037400E+00  -1.5610238200E+00
H17        1.0           3.4148690300E+00  -3.5374547400E+00  -4.5953177800E+00
H18        1.0          -1.0796193500E+00  -4.7449390700E+00  -4.4408448800E+00
H19        1.0           7.0211605500E+00  -1.3231446400E+00  -2.8292225800E+00
H20        1.0           8.9557432600E+00   1.3838515200E+00   4.6920839000E-01
H21        1.0           6.3165699300E+00   2.9196099900E+00   4.0623891200E+00
H22        1.0           1.8590722600E+00   1.7800944500E+00   4.3508774100E+00
H23        1.0          -1.8239982100E+00   7.9102825000E-01   4.4774125700E+00
H24        1.0          -6.2674900700E+00  -4.4801545000E-01   4.4864908400E+00
H25        1.0          -8.0070594100E+00  -3.1559254900E+00   1.0420121300E+00
H26        1.0          -5.1915037800E+00  -4.5970966600E+00  -2.4143222500E+00
H27        1.0          -2.1057112000E+00   9.3018214100E+00  -3.2599375800E+00
H28        1.0          -5.4075857300E+00   8.7336557100E+00  -2.2821363300E+00
H29        1.0          -9.0219570000E-01   5.0586356500E+00  -1.6885237200E+00
H30        1.0          -4.1974439800E+00   4.4776540200E+00  -7.0795457000E-01
 
Some Atomic Properties:
----------------------
  q(A) = Net Charge of Atom A
  L(A) = Lagrangian of Atom A = -(1/4) Times Atomic Integral of the Laplacian of the Electron Density
  K(A) = Electronic Kinetic Energy of Atom A (Hamiltonian Form)
  K_Scaled(A) = K(A) * E(Mol)/K(Mol) = Approximation to Virial-Based Total Energy of Atom A.
  |Mu_Intra(A)| = Magnitude of Intraatomic Dipole Moment of Atom A
--------------------------------------------------------------------------------------------------
Atom A          q(A)              L(A)              K(A)          K_Scaled(A)      |Mu_Intra(A)|
--------------------------------------------------------------------------------------------------
C1       -4.1207022000E-02  1.0846999878E-04  3.7743901232E+01 -3.8119547787E+01  1.0753208281E-01
C2       -4.1034039600E-02 -4.2983710398E-06  3.7743670908E+01 -3.8119315170E+01  1.0765351978E-01
C3        8.6467392000E-03  6.9645368844E-05  3.7736232170E+01 -3.8111802398E+01  9.9562146333E-03
C4       -1.6299243000E-03 -2.2002137649E-04  3.7720471010E+01 -3.8095884375E+01  1.8699731780E-02
C5       -2.5114875000E-03  1.6114594378E-04  3.7720687138E+01 -3.8096102654E+01  1.9432811580E-02
C6        7.8625081000E-03  8.3608806829E-05  3.7736485809E+01 -3.8112058562E+01  9.3917339315E-03
C7       -4.1416367800E-02 -1.3959835232E-04  3.7738575383E+01 -3.8114168932E+01  1.1149873763E-01
C8       -3.4827942200E-02 -2.8827620987E-05  3.7727343644E+01 -3.8102825408E+01  1.1832332880E-01
C9       -3.3584676900E-02 -1.5302652662E-04  3.7725082079E+01 -3.8100541336E+01  1.1636072036E-01
C10      -3.9152823200E-02  1.4584471027E-05  3.7735382672E+01 -3.8110944445E+01  1.0233078864E-01
C11      -4.0529511500E-02  2.5686983570E-04  3.7735797660E+01 -3.8111363564E+01  1.0258125297E-01
C12      -3.6333788600E-02 -1.1552772052E-04  3.7724991839E+01 -3.8100450198E+01  1.1626984200E-01
C13      -3.5497562800E-02 -1.7453577051E-04  3.7726964679E+01 -3.8102442672E+01  1.1864891378E-01
C14      -4.0784836300E-02 -9.3308393155E-05  3.7738262830E+01 -3.8113853269E+01  1.1191554061E-01
C15      -8.5941880000E-02 -7.4638364120E-05  3.7695264276E+01 -3.8070426771E+01  8.0682333056E-02
C16      -7.7752966900E-02 -2.1855920673E-04  3.7694602946E+01 -3.8069758858E+01  9.4609990736E-02
H17       3.7618428620E-02  2.4617236384E-05  5.9951737661E-01 -6.0548407930E-01  1.5180890376E-01
H18       3.7733585030E-02  2.4560589320E-05  5.9948882843E-01 -6.0545524699E-01  1.5178158726E-01
H19       3.5619636800E-02  2.4795856498E-05  6.0028010079E-01 -6.0625439450E-01  1.5225930851E-01
H20       4.0044672330E-02  2.6126285926E-05  5.9896430169E-01 -6.0492549989E-01  1.4947393712E-01
H21       3.8985355670E-02  2.5536320580E-05  5.9978879404E-01 -6.0575819801E-01  1.4965899093E-01
H22       3.4089045700E-02  3.4773650644E-05  6.0662893003E-01 -6.1266641053E-01  1.4416101975E-01
H23       3.4696379290E-02 -1.9047228041E-05  6.0634831087E-01 -6.1238299850E-01  1.4400043545E-01
H24       3.9095269190E-02  2.2338233747E-05  5.9971705889E-01 -6.0568574891E-01  1.4964771774E-01
H25       4.0245905180E-02  1.9774090693E-05  5.9887234615E-01 -6.0483262917E-01  1.4947072031E-01
H26       3.6144425840E-02  2.5182750237E-05  6.0007744261E-01 -6.0604971936E-01  1.5213445490E-01
H27       3.5452454230E-02  2.0413106985E-05  5.9737890993E-01 -6.0332432951E-01  1.4825857769E-01
H28       3.4774744870E-02  1.5012801721E-05  5.9759083594E-01 -6.0353836471E-01  1.4841261169E-01
H29       4.5398987410E-02  4.9556895966E-05  5.9344847531E-01 -5.9935477720E-01  1.4369831218E-01
H30       4.5646243810E-02  4.4413246522E-05  5.9357824449E-01 -5.9948583791E-01  1.4329363845E-01
--------------------------------------------------------------------------------------------------
Total    -1.5044833000E-04 -1.8996344035E-04  6.1203539623E+02 -6.1812668463E+02
 
1st Largest |L(A)| = 2.5686983570E-04, atom C11     
2nd Largest |L(A)| = 2.2002137649E-04, atom C4      
 
Molecular charge q(Mol) from the wfn file:   0.0000000000E+00
Molecular energy E(Mol) from the wfn file:  -6.1812682416E+02
Molecular virial ratio (-V(Mol)/T(Mol)) from the wfn file:   2.0099525100E+00
Note.  K_Scaled(A) = (1+V(Mol)/T(Mol))*K(A) = (E(Mol)/T(Mol))*K(A)
       Only use K_Scaled(A) data with caution.
 
N_AIMInt(SumA)     =        110.000150
N_Analytic(Mol)    =        109.999980
 
G_AIMInt(SumA)     =        612.035586
G_Analytic(Mol)    =        612.035488
 
K_AIMInt(SumA)     =        612.035396
K_Analytic(Mol)    =        612.035488
 
L_AIMInt(SumA)     =         -0.000190
L_Analytic(Mol)    =          0.000000
 
VenT_AIMInt(SumA)  =      -3341.393768
VenT_Analytic(Mol) =      -3341.392119
 
Some Information About the Atomic Calculations:
----------------------------------------------
  Time(sec) = "Elapsed User Time", in Seconds, for Atom A by AIMInt and, if used, by TWOe
  NProc = Number of Processors Used for AIMInt Job
  BIM = Basin Integration Method
  OAQ = Angular Quadrature Outside of Beta Sphere
  ORQ = Multiple of Default for Radial Quadrature Outside of Beta Sphere
  IAQ = Multiple of Default for Angular Quadrature Inside of Beta Sphere
  IRQ = Multiple of Default for Radial Quadrature Inside of Beta Sphere
  MIR = Maximum Integration Radius
------------------------------------------------------------------------------------------------------
Atom A     Time(sec)   NProc      BIM          OAQ                     ORQ      IAQ      IRQ      MIR
------------------------------------------------------------------------------------------------------
C1             34        8     Proaim(5)    4500(GS4)                  1.00     1.00     1.00    13.00
C2             36        8     Proaim(5)    4500(GS4)                  1.00     1.00     1.00    13.00
C3             37        8     Proaim(5)    4500(GS4)                  1.00     1.00     1.00    13.00
C4            108        8     Proaim(5)    4500(GS4)                  1.00     1.00     1.00    13.00
C5             82        8     Proaim(5)    4500(GS4)                  1.00     1.00     1.00    13.00
C6             38        8     Proaim(5)    4500(GS4)                  1.00     1.00     1.00    13.00
C7             33        8     Proaim(5)    4500(GS4)                  1.00     1.00     1.00    13.00
C8             29        8     Proaim(5)    4500(GS4)                  1.00     1.00     1.00    13.00
C9             31        8     Proaim(5)    4500(GS4)                  1.00     1.00     1.00    13.00
C10            40        8     Proaim(5)    4500(GS4)                  1.00     1.00     1.00    13.00
C11           443        8    Promega(5)    4500(GS4)                  1.00     1.00     1.00    13.00
C12            25        8     Proaim(5)    4500(GS4)                  1.00     1.00     1.00    13.00
C13            21        8     Proaim(5)    4500(GS4)                  1.00     1.00     1.00    13.00
C14            23        8     Proaim(5)    4500(GS4)                  1.00     1.00     1.00    13.00
C15            18        8     Proaim(5)    4500(GS4)                  1.00     1.00     1.00    13.00
C16            93        8     Proaim(5)    4500(GS4)                  1.00     1.00     1.00    13.00
H17             7        8     Proaim(5)    1800(GS4)                  1.00     1.00     1.00    13.00
H18             7        8     Proaim(5)    1800(GS4)                  1.00     1.00     1.00    13.00
H19             7        8     Proaim(5)    1800(GS4)                  1.00     1.00     1.00    13.00
H20             6        8     Proaim(5)    1800(GS4)                  1.00     1.00     1.00    13.00
H21             6        8     Proaim(5)    1800(GS4)                  1.00     1.00     1.00    13.00
H22            14        8     Proaim(5)    4500(GS4)                  1.00     1.00     1.00    13.00
H23            14        8     Proaim(5)    4500(GS4)                  1.00     1.00     1.00    13.00
H24             6        8     Proaim(5)    1800(GS4)                  1.00     1.00     1.00    13.00
H25             6        8     Proaim(5)    1800(GS4)                  1.00     1.00     1.00    13.00
H26             7        8     Proaim(5)    1800(GS4)                  1.00     1.00     1.00    13.00
H27             5        8     Proaim(5)    1800(GS4)                  1.00     1.00     1.00    13.00
H28             5        8     Proaim(5)    1800(GS4)                  1.00     1.00     1.00    13.00
H29            60        8     Proaim(5)    1800(GS4)                  1.00     1.00     1.00    13.00
H30            99        8    Promega(1)    4500(GS4)                  1.00     1.00     1.00    13.00
------------------------------------------------------------------------------------------------------
Total        1340
Note:  Total wall clock time is less than total of atomic times if more than one atom
       was calculated at a time
 
Electron Density Critical Point Analysis of Molecular Structure:               
---------------------------------------------------------------                
  NACP = Nuclear Attractor Critical Point                                      
  NNACP = Non-Nuclear Attractor Critical Point                                 
  BCP = Bond Critical Point                                                    
  RCP = Ring Critical Point                                                    
  CCP = Cage Critical Point                                                    
  Rho = Electron Density                                                       
  GradRho = Gradient of Electron Density                                       
  HessRho_EigVals = Eigenvalues of the Hessian of Rho, Ascending Order         
  HessRho_EigVecs = Eigenvectors of the Hessian of Rho                         
  DelSqRho = Laplacian of Rho = Trace of Hessian of Rho                        
  Bond Ellipticity = (HessRho_EigVal(1) / HessRho_EigVal(2)) - 1               
  V = Virial Field = Potential Energy Density = Trace of Stress Tensor         
  G = Lagrangian Form of Kinetic Energy Density                                
  K = Hamiltonian Form of Kinetic Energy Density                               
  L = K - G = Lagrangian Density = (-1/4)DelSqRho                              
  Vnuc = Electrostatic Potential from Nuclei                                   
  Ven = Electron-nuclear attractive contribution to Virial Field V             
  Vrep = V - Ven = Repulsive contribution to Virial Field V                    
  DelSqV = Laplacian of V                                                      
  DelSqVen = Laplacian of Ven                                                  
  DelSqVrep = Laplacian of Vrep                                                
  DelSqG = Laplacian of G                                                      
  DelSqK = Laplacian of K                                                      
  Stress_EigVals = Eigenvalues of Stress Tensor, Ascending Order               
  Stress_EigVecs = Eigenvectors of Stress Tensor                               
  -DivStress = Ehrenfest Force Density = Minus Divergence of Stress Tensor     
  ESP = Total Electrostatic Potential                                          
  ESPe = Electrostatic Potential from Electrons                                
  ESPn = Electrostatic Potential from Nuclei                                   
  BP = Bond Path                                                               
  BPL = Bond Path Length                                                       
  GBL = Geometric Bond Length                                                  
  GBL_I = Distance Between Nuclear Attractors                                  
  GBL_II = Distance Between Nuclei                                             
  GBL_III = Sum of Distances Between BCP and Nuclear Attractors                
  GBL_IV = Sum of Distances Between BCP and Nuclei                             

CP# 1      Coords =  2.21298673524858E+00 -2.89191849405263E+00 -3.05864179111559E+00
           Type = (3,-3) NACP C1
           Rho =  1.1767567612E+02     Rho at Nucleus =  1.1767567609E+02
           GradRho =  3.6356344625E-11  4.3355024920E-11  5.1029101571E-11
           HessRho_EigVals = -1.4500422246E+05 -1.4500330847E+05 -1.4500299084E+05
           HessRho_EigVec1 = -2.3707029014E-01  8.1581242825E-01 -5.2749195202E-01
           HessRho_EigVec2 = -9.7050117929E-02  5.2036687743E-01  8.4841003500E-01
           HessRho_EigVec3 =  9.6663279074E-01  2.5232596931E-01 -4.4188834244E-02
           DelSqRho = -4.3501052178E+05
           Bond Ellipticity = NA
           V = -1.0876299325E+05
           G =  5.1814014329E+00
           K =  1.0875781185E+05
           L =  1.0875263044E+05
           Vnuc =  8.7551242582E+06
           Ven = -1.0302651666E+09
           Vrep =  1.0301564036E+09
           DelSqV =  2.4952499339E+09
           DelSqVen =  3.8085709005E+12
           DelSqVrep = -3.8060753884E+12
           DelSqG =  1.3403222144E+08
           DelSqK = -2.6292821554E+09
           Stress_EigVals = -3.6254584515E+04 -3.6254462319E+04 -3.6253946413E+04
           Stress_EigVec1 =  9.7133522364E-01  1.9340316820E-01 -1.3821395678E-01
           Stress_EigVec2 =  1.0547775882E-02  5.4579140211E-01  8.3785469492E-01
           Stress_EigVec3 = -2.3747974175E-01  8.1529562731E-01 -5.2810644036E-01
           -DivStress = -4.7139485820E+02 -2.3953504969E+02 -1.6203338000E+02
           ESP =  -1.4738342213E+01     ESP at Nucleus =  -1.4738342217E+01
           ESPe = -3.2709056407E+01     ESPe at Nucleus = -3.2709056352E+01
           ESPn =  1.7970714195E+01     ESPn at Nucleus =  1.7970714135E+01

CP# 2      Coords = -2.66374024047336E-01 -3.55897023622833E+00 -2.97301674715809E+00
           Type = (3,-3) NACP C2
           Rho =  1.1767543985E+02     Rho at Nucleus =  1.1767543982E+02
           GradRho = -7.5916515722E-11  1.2325919365E-11  3.9136377244E-11
           HessRho_EigVals = -1.4500388500E+05 -1.4500297287E+05 -1.4500265556E+05
           HessRho_EigVec1 = -2.3685446133E-01  8.1571699378E-01 -5.2773644009E-01
           HessRho_EigVec2 = -1.2550412006E-01  5.1295224854E-01  8.4919297369E-01
           HessRho_EigVec3 =  9.6340473322E-01  2.6736824189E-01 -1.9119184992E-02
           DelSqRho = -4.3500951344E+05
           Bond Ellipticity = NA
           V = -1.0876274146E+05
           G =  5.1815490294E+00
           K =  1.0875755991E+05
           L =  1.0875237836E+05
           Vnuc =  8.7107124644E+06
           Ven = -1.0250369207E+09
           Vrep =  1.0249281579E+09
           DelSqV =  2.4952441278E+09
           DelSqVen =  3.7892430234E+12
           DelSqVrep = -3.7867477792E+12
           DelSqG =  1.3403186625E+08
           DelSqK = -2.6292759941E+09
           Stress_EigVals = -3.6254500532E+04 -3.6254378120E+04 -3.6253862805E+04
           Stress_EigVec1 =  9.4371943449E-01  3.2227003922E-01  7.4401954145E-02
           Stress_EigVec2 = -2.3088380432E-01  4.8082317052E-01  8.4587336380E-01
           Stress_EigVec3 = -2.3682545865E-01  8.1544533876E-01 -5.2816910325E-01
           -DivStress =  5.1927268166E+02  1.9957290568E+01 -1.9740526260E+02
           ESP =  -1.4738374694E+01     ESP at Nucleus =  -1.4738374699E+01
           ESPe = -3.2753100382E+01     ESPe at Nucleus = -3.2753100294E+01
           ESPn =  1.8014725688E+01     ESPn at Nucleus =  1.8014725595E+01

CP# 3      Coords = -1.87810940542947E+00 -2.72000467807046E+00 -9.59976846031340E-01
           Type = (3,-3) NACP C3
           Rho =  1.1763906079E+02     Rho at Nucleus =  1.1763906078E+02
           GradRho =  1.7279653057E-11 -2.2385625698E-11 -7.5688902862E-12
           HessRho_EigVals = -1.4495085677E+05 -1.4494971953E+05 -1.4494961682E+05
           HessRho_EigVec1 = -2.3392355211E-01  8.1650961251E-01 -5.2781798420E-01
           HessRho_EigVec2 =  1.3233676223E-01  5.6456739908E-01  8.1470892548E-01
           HessRho_EigVec3 =  9.6320649558E-01  1.2072988271E-01 -2.4011984985E-01
           DelSqRho = -4.3485019312E+05
           Bond Ellipticity = NA
           V = -1.0872294927E+05
           G =  5.2004927881E+00
           K =  1.0871774877E+05
           L =  1.0871254828E+05
           Vnuc =  1.9016844382E+07
           Ven = -2.2371237122E+09
           Vrep =  2.2370149893E+09
           DelSqV =  2.4943252869E+09
           DelSqVen =  8.2694971064E+12
           DelSqVrep = -8.2670022569E+12
           DelSqG =  1.3397448270E+08
           DelSqK = -2.6282997696E+09
           Stress_EigVals = -3.6241195369E+04 -3.6241155034E+04 -3.6240598863E+04
           Stress_EigVec1 =  9.7107854283E-01  1.6633321113E-01 -1.7128843080E-01
           Stress_EigVec2 =  5.2285852352E-02  5.5184703392E-01  8.3230465624E-01
           Stress_EigVec3 = -2.3296491859E-01  8.1718915437E-01 -5.2718993985E-01
           -DivStress = -1.8883444585E+02  6.5156001890E+01  1.6139218113E+02
           ESP =  -1.4729689641E+01     ESP at Nucleus =  -1.4729689642E+01
           ESPe = -3.4863988892E+01     ESPe at Nucleus = -3.4863988946E+01
           ESPn =  2.0134299251E+01     ESPn at Nucleus =  2.0134299305E+01

CP# 4      Coords = -8.68682281106884E-01 -1.16966879184695E+00  1.00389365684086E+00
           Type = (3,-3) NACP C4
           Rho =  1.1762939088E+02     Rho at Nucleus =  1.1762939086E+02
           GradRho =  3.8230879562E-11  1.8832131601E-11 -1.7109735937E-12
           HessRho_EigVals = -1.4493979870E+05 -1.4493884432E+05 -1.4493865794E+05
           HessRho_EigVec1 = -2.3458293799E-01  8.1757759770E-01 -5.2586853579E-01
           HessRho_EigVec2 =  9.3873407091E-01  3.3103035040E-01  9.5902300421E-02
           HessRho_EigVec3 = -2.5248601806E-01  4.7115366798E-01  8.4514201874E-01
           DelSqRho = -4.3481730097E+05
           Bond Ellipticity = NA
           V = -1.0871470124E+05
           G =  5.1879994395E+00
           K =  1.0870951324E+05
           L =  1.0870432524E+05
           Vnuc =  1.1224540379E+07
           Ven = -1.3203358477E+09
           Vrep =  1.3202271330E+09
           DelSqV =  2.4941381763E+09
           DelSqVen =  4.8806232064E+12
           DelSqVrep = -4.8781285439E+12
           DelSqG =  1.3396528442E+08
           DelSqK = -2.6281034607E+09
           Stress_EigVals = -3.6238441635E+04 -3.6238385790E+04 -3.6237873815E+04
           Stress_EigVec1 = -4.0180406573E-01  4.1116725708E-01  8.1822672864E-01
           Stress_EigVec2 =  8.8503319957E-01  4.0376231117E-01  2.3171584264E-01
           Stress_EigVec3 = -2.3509514757E-01  8.1726218730E-01 -5.2613001131E-01
           -DivStress = -4.1062966376E+02 -9.5814074402E+01  9.0505166004E+01
           ESP =  -1.4726069004E+01     ESP at Nucleus =  -1.4726069005E+01
           ESPe = -3.5771187212E+01     ESPe at Nucleus = -3.5771187104E+01
           ESPn =  2.1045118208E+01     ESPn at Nucleus =  2.1045118099E+01

CP# 5      Coords =  1.78979027459553E+00 -4.52671255720649E-01  9.11232219344074E-01
           Type = (3,-3) NACP C5
           Rho =  1.1762983554E+02     Rho at Nucleus =  1.1762983552E+02
           GradRho = -4.2999067602E-11 -1.4674201358E-11 -7.4000335719E-12
           HessRho_EigVals = -1.4494053501E+05 -1.4493958113E+05 -1.4493939172E+05
           HessRho_EigVec1 = -2.3645307693E-01  8.1669719454E-01 -5.2639874129E-01
           HessRho_EigVec2 =  9.7082151955E-01  1.7630676519E-01 -1.6254692162E-01
           HessRho_EigVec3 =  3.9943955586E-02  5.4947394567E-01  8.3455548853E-01
           DelSqRho = -4.3481950786E+05
           Bond Ellipticity = NA
           V = -1.0871525246E+05
           G =  5.1877478631E+00
           K =  1.0871006471E+05
           L =  1.0870487696E+05
           Vnuc =  1.1088021854E+07
           Ven = -1.3042821871E+09
           Vrep =  1.3041734719E+09
           DelSqV =  2.4941509832E+09
           DelSqVen =  4.8212916306E+12
           DelSqVrep = -4.8187974796E+12
           DelSqG =  1.3396614569E+08
           DelSqK = -2.6281171289E+09
           Stress_EigVals = -3.6238625811E+04 -3.6238569238E+04 -3.6238057412E+04
           Stress_EigVec1 =  1.9929492726E-01  5.7125783237E-01  7.9620727259E-01
           Stress_EigVec2 = -9.5052101871E-01 -8.4900035188E-02  2.9883402920E-01
           Stress_EigVec3 = -2.3830930522E-01  8.1636785396E-01 -5.2607243044E-01
           -DivStress =  4.0794961863E+02  1.4161867105E+02  6.4174635076E+01
           ESP =  -1.4726193667E+01     ESP at Nucleus =  -1.4726193668E+01
           ESPe = -3.5680537072E+01     ESPe at Nucleus = -3.5680536930E+01
           ESPn =  2.0954343406E+01     ESPn at Nucleus =  2.0954343261E+01

CP# 6      Coords =  3.31279019889694E+00 -1.32513847022097E+00 -1.13816489163890E+00
           Type = (3,-3) NACP C6
           Rho =  1.1763935420E+02     Rho at Nucleus =  1.1763935419E+02
           GradRho = -2.9398360170E-11 -1.4347269846E-11 -2.4587649083E-12
           HessRho_EigVals = -1.4495133549E+05 -1.4495019746E+05 -1.4495009447E+05
           HessRho_EigVec1 = -2.4036482031E-01  8.1581087375E-01 -5.2600130364E-01
           HessRho_EigVec2 = -3.4032987912E-01  4.3666191189E-01  8.3276764351E-01
           HessRho_EigVec3 =  9.0906563379E-01  3.7918200508E-01  1.7268665406E-01
           DelSqRho = -4.3485162742E+05
           Bond Ellipticity = NA
           V = -1.0872330695E+05
           G =  5.2000492120E+00
           K =  1.0871810690E+05
           L =  1.0871290686E+05
           Vnuc =  1.8786437019E+07
           Ven = -2.2100243185E+09
           Vrep =  2.2099155952E+09
           DelSqV =  2.4943335933E+09
           DelSqVen =  8.1693156311E+12
           DelSqVrep = -8.1668212975E+12
           DelSqG =  1.3397504014E+08
           DelSqK = -2.6283086334E+09
           Stress_EigVals = -3.6241314687E+04 -3.6241274252E+04 -3.6240718015E+04
           Stress_EigVec1 =  9.3320555199E-01  3.4351455406E-01  1.0547582130E-01
           Stress_EigVec2 = -2.6680403477E-01  4.6574026871E-01  8.4374262019E-01
           Stress_EigVec3 = -2.4071353256E-01  8.1552667231E-01 -5.2628247357E-01
           -DivStress =  1.4483168263E+02  1.4728855962E+02  1.5780875602E+02
           ESP =  -1.4729788613E+01     ESP at Nucleus =  -1.4729788614E+01
           ESPe = -3.4739917893E+01     ESPe at Nucleus = -3.4739917934E+01
           ESPn =  2.0010129280E+01     ESPn at Nucleus =  2.0010129321E+01

CP# 7      Coords =  5.89292702852013E+00 -6.37804731459337E-01 -1.25396768400803E+00
           Type = (3,-3) NACP C7
           Rho =  1.1766706641E+02     Rho at Nucleus =  1.1766706641E+02
           GradRho =  1.5874825732E-11 -1.2461052698E-12 -1.0413561831E-12
           HessRho_EigVals = -1.4499083348E+05 -1.4498987206E+05 -1.4498964760E+05
           HessRho_EigVec1 = -2.4178369645E-01  8.1514968900E-01 -5.2637593851E-01
           HessRho_EigVec2 = -8.3758773234E-01  9.8544503562E-02  5.3734139189E-01
           HessRho_EigVec3 =  4.8988512404E-01  5.7080641669E-01  6.5893292520E-01
           DelSqRho = -4.3497035314E+05
           Bond Ellipticity = NA
           V = -1.0875294000E+05
           G =  5.1758558787E+00
           K =  1.0874776414E+05
           L =  1.0874258829E+05
           Vnuc =  3.3524319177E+07
           Ven = -3.9447082910E+09
           Vrep =  3.9445995381E+09
           DelSqV =  2.4950173099E+09
           DelSqVen =  1.4582034727E+13
           DelSqVrep = -1.4579539710E+13
           DelSqG =  1.3401712351E+08
           DelSqK = -2.6290344334E+09
           Stress_EigVals = -3.6251207145E+04 -3.6251135336E+04 -3.6250597516E+04
           Stress_EigVec1 =  3.8306236492E-01  5.7874498772E-01  7.1994268089E-01
           Stress_EigVec2 = -8.9165736561E-01  2.8100413001E-02  4.5183792352E-01
           Stress_EigVec3 = -2.4126824683E-01  8.1502429778E-01 -5.2680644177E-01
           -DivStress =  4.7370899973E+01  7.8911803507E+01  1.0445198275E+02
           ESP =  -1.4738354556E+01     ESP at Nucleus =  -1.4738354557E+01
           ESPe = -3.1988172181E+01     ESPe at Nucleus = -3.1988172254E+01
           ESPn =  1.7249817625E+01     ESPn at Nucleus =  1.7249817697E+01

CP# 8      Coords =  6.97138998224702E+00  8.69046122518047E-01  5.83271799113279E-01
           Type = (3,-3) NACP C8
           Rho =  1.1765809121E+02     Rho at Nucleus =  1.1765809120E+02
           GradRho =  2.7243939935E-11  5.0126135407E-12  1.6428646983E-11
           HessRho_EigVals = -1.4497818919E+05 -1.4497710530E+05 -1.4497699272E+05
           HessRho_EigVec1 = -2.4203327656E-01  8.1499964139E-01 -5.2649356841E-01
           HessRho_EigVec2 = -9.4578141244E-01 -7.7033933039E-02  3.1553651617E-01
           HessRho_EigVec3 =  2.1660427723E-01  5.7431816766E-01  7.8945628719E-01
           DelSqRho = -4.3493228722E+05
           Bond Ellipticity = NA
           V = -1.0874340089E+05
           G =  5.1645414925E+00
           K =  1.0873823635E+05
           L =  1.0873307180E+05
           Vnuc =  1.6298889982E+07
           Ven = -1.9176962841E+09
           Vrep =  1.9175875407E+09
           DelSqV =  2.4947979045E+09
           DelSqVen =  7.0889169224E+12
           DelSqVrep = -7.0864221245E+12
           DelSqG =  1.3400372196E+08
           DelSqK = -2.6288016265E+09
           Stress_EigVals = -3.6248014354E+04 -3.6247980307E+04 -3.6247406226E+04
           Stress_EigVec1 =  5.5112698001E-01  5.6197063727E-01  6.1680471363E-01
           Stress_EigVec2 = -7.9858718065E-01  1.4093693214E-01  5.8514553408E-01
           Stress_EigVec3 = -2.4190404462E-01  8.1506182833E-01 -5.2645669261E-01
           -DivStress = -6.2544538582E+01 -1.7237780897E+02 -2.3650708656E+02
           ESP =  -1.4737662670E+01     ESP at Nucleus =  -1.4737662672E+01
           ESPe = -3.0918716086E+01     ESPe at Nucleus = -3.0918716360E+01
           ESPn =  1.6181053416E+01     ESPn at Nucleus =  1.6181053688E+01

CP# 9      Coords =  5.48110114788772E+00  1.73416946735441E+00  2.60858585204241E+00
           Type = (3,-3) NACP C9
           Rho =  1.1765777705E+02     Rho at Nucleus =  1.1765777705E+02
           GradRho =  2.3669128320E-11  6.5963271900E-12 -5.9615194454E-12
           HessRho_EigVals = -1.4497760193E+05 -1.4497651929E+05 -1.4497643200E+05
           HessRho_EigVec1 = -2.4248062076E-01  8.1505371208E-01 -5.2620394809E-01
           HessRho_EigVec2 =  1.6722371949E-01  5.6938657142E-01  8.0488207828E-01
           HessRho_EigVec3 =  9.5563558755E-01  1.0717452457E-01 -2.7436152261E-01
           DelSqRho = -4.3493055322E+05
           Bond Ellipticity = NA
           V = -1.0874296100E+05
           G =  5.1613460676E+00
           K =  1.0873779965E+05
           L =  1.0873263831E+05
           Vnuc =  1.8142524483E+07
           Ven = -2.1346091008E+09
           Vrep =  2.1345003579E+09
           DelSqV =  2.4947876963E+09
           DelSqVen =  7.8907566981E+12
           DelSqVrep = -7.8882598133E+12
           DelSqG =  1.3400300029E+08
           DelSqK = -2.6287906966E+09
           Stress_EigVals = -3.6247862987E+04 -3.6247835565E+04 -3.6247262445E+04
           Stress_EigVec1 =  9.4092346783E-01  3.2958025068E-01  7.7716703860E-02
           Stress_EigVec2 = -2.3672464020E-01  4.7612103165E-01  8.4691806448E-01
           Stress_EigVec3 = -2.4212491078E-01  8.1528254095E-01 -5.2601321846E-01
           -DivStress = -2.5793825733E+02 -3.6038463957E+01  6.6869343867E+01
           ESP =  -1.4737406493E+01     ESP at Nucleus =  -1.4737406495E+01
           ESPe = -3.1311780025E+01     ESPe at Nucleus = -3.1311780345E+01
           ESPn =  1.6574373531E+01     ESPn at Nucleus =  1.6574373850E+01

CP# 10     Coords =  2.95379500661645E+00  1.08479182993061E+00  2.76341842685574E+00
           Type = (3,-3) NACP C10
           Rho =  1.1765605819E+02     Rho at Nucleus =  1.1765605818E+02
           GradRho = -2.4601404545E-11 -1.4061812641E-11 -1.7862893456E-11
           HessRho_EigVals = -1.4497622699E+05 -1.4497523198E+05 -1.4497509198E+05
           HessRho_EigVec1 = -2.4096809469E-01  8.1479285974E-01 -5.2730159592E-01
           HessRho_EigVec2 =  3.3913437446E-02  5.5004853096E-01  8.3444382216E-01
           HessRho_EigVec3 =  9.6994033636E-01  1.8319172827E-01 -1.6017657317E-01
           DelSqRho = -4.3492655095E+05
           Bond Ellipticity = NA
           V = -1.0874200522E+05
           G =  5.1837401386E+00
           K =  1.0873682148E+05
           L =  1.0873163774E+05
           Vnuc =  2.1049902373E+07
           Ven = -2.4766485384E+09
           Vrep =  2.4765397964E+09
           DelSqV =  2.4947662272E+09
           DelSqVen =  9.1551715820E+12
           DelSqVrep = -9.1526768157E+12
           DelSqG =  1.3400263127E+08
           DelSqK = -2.6287688585E+09
           Stress_EigVals = -3.6247550231E+04 -3.6247500946E+04 -3.6246954040E+04
           Stress_EigVec1 =  9.6773122267E-01  1.6281957352E-01 -1.9231762050E-01
           Stress_EigVec2 =  7.1216903857E-02  5.5537175865E-01  8.2854713945E-01
           Stress_EigVec3 = -2.4171146701E-01  8.1550720179E-01 -5.2585508512E-01
           -DivStress =  2.0717565891E+02  7.9413888928E+01  3.4916582059E+01
           ESP =  -1.4737649363E+01     ESP at Nucleus =  -1.4737649365E+01
           ESPe = -3.3136133170E+01     ESPe at Nucleus = -3.3136133020E+01
           ESPn =  1.8398483807E+01     ESPn at Nucleus =  1.8398483655E+01

CP# 11     Coords = -2.52460640094625E+00 -3.83325797738282E-01  2.95044968076448E+00
           Type = (3,-3) NACP C11
           Rho =  1.1765832629E+02     Rho at Nucleus =  1.1765832629E+02
           GradRho = -1.3196243116E-11 -1.4380966036E-12 -1.9341543991E-11
           HessRho_EigVals = -1.4497969550E+05 -1.4497869943E+05 -1.4497856353E+05
           HessRho_EigVec1 = -2.3505775130E-01  8.1769855285E-01 -5.2546829612E-01
           HessRho_EigVec2 = -2.4812146350E-01  4.7222469601E-01  8.4583661296E-01
           HessRho_EigVec3 =  9.3977848076E-01  3.2920041487E-01  9.1888486483E-02
           DelSqRho = -4.3493695847E+05
           Bond Ellipticity = NA
           V = -1.0874460858E+05
           G =  5.1844834345E+00
           K =  1.0873942410E+05
           L =  1.0873423962E+05
           Vnuc =  2.3128064132E+07
           Ven = -2.7212093162E+09
           Vrep =  2.7211005716E+09
           DelSqV =  2.4948264247E+09
           DelSqVen =  1.0059253809E+13
           DelSqVrep = -1.0056758983E+13
           DelSqG =  1.3400648094E+08
           DelSqK = -2.6288329056E+09
           Stress_EigVals = -3.6248417298E+04 -3.6248369457E+04 -3.6247821830E+04
           Stress_EigVec1 =  9.2862563627E-01  3.4725196407E-01  1.3065412784E-01
           Stress_EigVec2 = -2.8938363270E-01  4.5752466808E-01  8.4079027779E-01
           Stress_EigVec3 = -2.3218858885E-01  8.1858857282E-01 -5.2535817083E-01
           -DivStress = -1.8746416457E+02 -4.8961241305E+01  6.3790866017E+01
           ESP =  -1.4737252006E+01     ESP at Nucleus =  -1.4737252007E+01
           ESPe = -3.3314665609E+01     ESPe at Nucleus = -3.3314665465E+01
           ESPn =  1.8577413603E+01     ESPn at Nucleus =  1.8577413458E+01

CP# 12     Coords = -5.04412222061217E+00 -1.08277806789190E+00  2.96418458181055E+00
           Type = (3,-3) NACP C12
           Rho =  1.1765883607E+02     Rho at Nucleus =  1.1765883606E+02
           GradRho =  2.9139098905E-11 -1.3898534667E-11 -1.8987114984E-11
           HessRho_EigVals = -1.4497920498E+05 -1.4497811863E+05 -1.4497803215E+05
           HessRho_EigVec1 = -2.2861131805E-01  8.1837824610E-01 -5.2725127935E-01
           HessRho_EigVec2 = -3.8375823346E-01  4.2198192003E-01  8.2137742690E-01
           HessRho_EigVec3 =  8.9468792521E-01  3.9011319573E-01  2.1758954709E-01
           DelSqRho = -4.3493535576E+05
           Bond Ellipticity = NA
           V = -1.0874415958E+05
           G =  5.1603182957E+00
           K =  1.0873899926E+05
           L =  1.0873383894E+05
           Vnuc =  1.8551762349E+07
           Ven = -2.1827787650E+09
           Vrep =  2.1826700209E+09
           DelSqV =  2.4948154210E+09
           DelSqVen =  8.0688132915E+12
           DelSqVrep = -8.0663205733E+12
           DelSqG =  1.3400476435E+08
           DelSqK = -2.6288201854E+09
           Stress_EigVals = -3.6248262566E+04 -3.6248235441E+04 -3.6247661569E+04
           Stress_EigVec1 =  9.7312702794E-01  1.8140643308E-01 -1.4182909970E-01
           Stress_EigVec2 =  2.0472877230E-02  5.4532871271E-01  8.3797222889E-01
           Stress_EigVec3 = -2.2935703343E-01  8.1835707435E-01 -5.2696019781E-01
           -DivStress =  2.4287498583E+02  8.1900527135E+01  5.8764416422E+01
           ESP =  -1.4736756059E+01     ESP at Nucleus =  -1.4736756060E+01
           ESPe = -3.1552091933E+01     ESPe at Nucleus = -3.1552092238E+01
           ESPn =  1.6815335874E+01     ESPn at Nucleus =  1.6815336178E+01

CP# 13     Coords = -6.02733158401754E+00 -2.61178812254696E+00  1.02250704035463E+00
           Type = (3,-3) NACP C13
           Rho =  1.1765801027E+02     Rho at Nucleus =  1.1765801026E+02
           GradRho = -4.6598930531E-11 -8.6299794351E-12  1.1746105933E-11
           HessRho_EigVals = -1.4497808898E+05 -1.4497700553E+05 -1.4497689316E+05
           HessRho_EigVec1 = -2.2949764442E-01  8.1864432132E-01 -5.2645256802E-01
           HessRho_EigVec2 = -8.6871334363E-01 -4.1621370857E-01 -2.6852053067E-01
           HessRho_EigVec3 = -4.3893958331E-01  3.9571154137E-01  8.0668731131E-01
           DelSqRho = -4.3493198767E+05
           Bond Ellipticity = NA
           V = -1.0874332489E+05
           G =  5.1639865668E+00
           K =  1.0873816090E+05
           L =  1.0873299692E+05
           Vnuc =  1.5765877768E+07
           Ven = -1.8549818084E+09
           Vrep =  1.8548730651E+09
           DelSqV =  2.4947961820E+09
           DelSqVen =  6.8570998374E+12
           DelSqVrep = -6.8546050413E+12
           DelSqG =  1.3400362933E+08
           DelSqK = -2.6287998114E+09
           Stress_EigVals = -3.6247989418E+04 -3.6247954398E+04 -3.6247381075E+04
           Stress_EigVec1 =  7.2571838440E-01 -2.1703742713E-01 -6.5286107387E-01
           Stress_EigVec2 =  6.4853792980E-01  5.3253962374E-01  5.4387508011E-01
           Stress_EigVec3 = -2.2963314256E-01  8.1810531374E-01 -5.2723079905E-01
           -DivStress =  1.2116241266E+02 -1.2971030102E+02 -2.5353381194E+02
           ESP =  -1.4737284314E+01     ESP at Nucleus =  -1.4737284316E+01
           ESPe = -3.1145678671E+01     ESPe at Nucleus = -3.1145678929E+01
           ESPn =  1.6408394357E+01     ESPn at Nucleus =  1.6408394613E+01

CP# 14     Coords = -4.45818439252356E+00 -3.41411927202289E+00 -9.02182897718273E-01
           Type = (3,-3) NACP C14
           Rho =  1.1766705675E+02     Rho at Nucleus =  1.1766705675E+02
           GradRho =  5.3039099774E-11  2.2530155977E-12 -2.6373118573E-13
           HessRho_EigVals = -1.4499074646E+05 -1.4498977934E+05 -1.4498955766E+05
           HessRho_EigVec1 = -2.3091379846E-01  8.1772040735E-01 -5.2726857776E-01
           HessRho_EigVec2 =  7.0835213052E-01  5.1279478935E-01  4.8505542282E-01
           HessRho_EigVec3 =  6.6702029719E-01 -2.6148583027E-01 -6.9764538535E-01
           DelSqRho = -4.3497008346E+05
           Bond Ellipticity = NA
           V = -1.0875287254E+05
           G =  5.1758371393E+00
           K =  1.0874769670E+05
           L =  1.0874252087E+05
           Vnuc =  3.6739746583E+07
           Ven = -4.3230578462E+09
           Vrep =  4.3229490934E+09
           DelSqV =  2.4950156743E+09
           DelSqVen =  1.5980835111E+13
           DelSqVrep = -1.5978340095E+13
           DelSqG =  1.3401696190E+08
           DelSqK = -2.6290326362E+09
           Stress_EigVals = -3.6251184451E+04 -3.6251113810E+04 -3.6250574279E+04
           Stress_EigVec1 =  5.7341395596E-01 -3.2396462256E-01 -7.5249143413E-01
