AIMSum (Version 19.02.13, Professional)
Copyright (c) 1997-2019 by Todd A. Keith
AIMSum is a component of the AIMAll package ( http://aim.tkgristmill.com )

TP:  64-bit Linux

Much of the Quantum Theory of Atoms in Molecules (QTAIM) is described in the book:
  "Atoms in Molecules - A Quantum Theory"
  R.F.W. Bader, Oxford University Press, Oxford, 1990

For additional references see:  http://aim.tkgristmill.com/references.html

Wfn File:  /home/mhennefarth/Documents/ML_Diels/summary-hayden2009/24-opt/24-opt.wfn
Sum File:  /home/mhennefarth/Documents/ML_Diels/summary-hayden2009/24-opt/24-opt.sum

SumViz File:  /home/mhennefarth/Documents/ML_Diels/summary-hayden2009/24-opt/24-opt.sumviz

Wfn Title:   Title Card Required                                                           
 
Total memory allocated for AIMSum =        1.649 Megabytes

Atomic units (a.u.) used throughout, except where stated otherwise

Model:  Restricted SCF
 
Restricted, closed-shell, single-determinant wavefunction.
  Number of electrons (from MO Occs)                   =         110.0000000000
  Number of Alpha electrons (from MO Occs)             =          55.0000000000
  Number of Beta electrons (from MO Occs)              =          55.0000000000
  Number of electron pairs (N*(N-1)/2)                 =        5995.0000000000
  Number of electron pairs (from Muller 2EDM)          =        5995.0000000000
 
Nuclear Charges and Cartesian Coordinates:
-------------------------------------------------------------------------------
Atom      Charge                X                  Y                  Z
-------------------------------------------------------------------------------
C1         6.0          -1.7515153100E+00  -8.4356847000E-01   2.5931280700E+00
C2         6.0           1.1522429000E-01  -2.6034540600E+00   2.4323694300E+00
C3         6.0           2.4007878100E+00  -2.1057507900E+00   1.0594133800E+00
C4         6.0           2.7323445600E+00   2.7390125000E-01  -1.6641816000E-01
C5         6.0           7.3078112000E-01   2.1597743600E+00   3.6104700000E-03
C6         6.0          -1.5066695000E+00   1.5766829800E+00   1.3921082500E+00
C7         6.0          -3.4622958400E+00   3.3896041100E+00   1.5718693000E+00
C8         6.0          -3.2460598900E+00   5.7229932300E+00   4.2399963000E-01
C9         6.0          -1.0448226400E+00   6.3095550400E+00  -9.4818988000E-01
C10        6.0           8.9248342000E-01   4.5661404400E+00  -1.1497963800E+00
C11        6.0           5.0136498300E+00   6.8479131000E-01  -1.4981629600E+00
C12        6.0           6.8736820600E+00  -1.1478781700E+00  -1.6183927900E+00
C13        6.0           6.5356218800E+00  -3.4900726200E+00  -4.0504454000E-01
C14        6.0           4.3292810400E+00  -3.9500469700E+00   9.0987666000E-01
C15        6.0          -7.0777111100E+00  -3.5295815500E+00  -2.0649467200E+00
C16        6.0          -8.6569585900E+00  -5.4499487200E+00  -1.6816891100E+00
H17        1.0          -3.4725936200E+00  -1.2396242000E+00   3.6434242400E+00
H18        1.0          -8.9510520000E-02  -4.4290853400E+00   3.3532556300E+00
H19        1.0          -5.1524930000E+00   2.9083502200E+00   2.6373907600E+00
H20        1.0          -4.7627579300E+00   7.0984969800E+00   5.7731301000E-01
H21        1.0          -8.6182123000E-01   8.1422982600E+00  -1.8562502100E+00
H22        1.0           2.5637995400E+00   5.0765572900E+00  -2.2212107100E+00
H23        1.0           5.3325464200E+00   2.4701254100E+00  -2.4534340100E+00
H24        1.0           8.6048533400E+00  -7.7278833000E-01  -2.6572674800E+00
H25        1.0           8.0017271200E+00  -4.9240929800E+00  -5.0451377000E-01
H26        1.0           4.0410131700E+00  -5.7514225700E+00   1.8565613100E+00
H27        1.0          -5.1915564400E+00  -3.4895987400E+00  -1.2508934100E+00
H28        1.0          -7.6048347900E+00  -1.9078815000E+00  -3.2122947800E+00
H29        1.0          -8.1322659400E+00  -7.0744067800E+00  -5.3682941000E-01
H30        1.0          -1.0543044880E+01  -5.4857758900E+00  -2.4976590900E+00
 
Some Atomic Properties:
----------------------
  q(A) = Net Charge of Atom A
  L(A) = Lagrangian of Atom A = -(1/4) Times Atomic Integral of the Laplacian of the Electron Density
  K(A) = Electronic Kinetic Energy of Atom A (Hamiltonian Form)
  K_Scaled(A) = K(A) * E(Mol)/K(Mol) = Approximation to Virial-Based Total Energy of Atom A.
  |Mu_Intra(A)| = Magnitude of Intraatomic Dipole Moment of Atom A
--------------------------------------------------------------------------------------------------
Atom A          q(A)              L(A)              K(A)          K_Scaled(A)      |Mu_Intra(A)|
--------------------------------------------------------------------------------------------------
C1       -4.6214766200E-02  2.0047609435E-04  3.7745317968E+01 -3.8120931818E+01  1.1143378955E-01
C2       -4.4680442400E-02 -9.5586057529E-05  3.7743464919E+01 -3.8119060329E+01  1.0865327545E-01
C3        8.3867045000E-03 -1.8104744250E-05  3.7736246422E+01 -3.8111769999E+01  9.1428677574E-03
C4        7.6886200000E-05  1.6596970619E-04  3.7720477697E+01 -3.8095844355E+01  1.8757026890E-02
C5       -2.8181200000E-04 -1.0798671275E-04  3.7720526550E+01 -3.8095893695E+01  1.9343556688E-02
C6        7.1867005000E-03 -1.5210685929E-04  3.7736561804E+01 -3.8112088520E+01  1.0174687529E-02
C7       -4.1122865900E-02 -5.2336029804E-06  3.7738358691E+01 -3.8113903288E+01  1.1303261830E-01
C8       -3.4936451500E-02 -4.0496226486E-05  3.7727232872E+01 -3.8102666753E+01  1.1829784323E-01
C9       -3.3706724500E-02  3.1268047450E-05  3.7725096398E+01 -3.8100509018E+01  1.1538465893E-01
C10      -3.8315965800E-02 -6.4607572115E-06  3.7735418586E+01 -3.8110933925E+01  1.0175648201E-01
C11      -3.8124983800E-02 -1.4478958363E-05  3.7735467180E+01 -3.8110983003E+01  1.0177311300E-01
C12      -3.3542836500E-02 -7.3462325202E-05  3.7725007231E+01 -3.8100418964E+01  1.1555877246E-01
C13      -3.4524372900E-02  1.0676684146E-05  3.7727115899E+01 -3.8102548615E+01  1.1833048198E-01
C14      -4.1015107900E-02  2.0767501449E-05  3.7738416062E+01 -3.8113961230E+01  1.1163448184E-01
C15      -8.0073299100E-02 -3.8475268280E-06  3.7695376503E+01 -3.8070493372E+01  9.5387868467E-02
C16      -8.4255567500E-02 -4.4502853219E-05  3.7694671055E+01 -3.8069780905E+01  8.2203137455E-02
H17       4.0502505320E-02  1.8757782694E-05  5.9830164300E-01 -6.0425550419E-01  1.5092218023E-01
H18       3.7858287350E-02  2.0752221902E-05  5.9935720228E-01 -6.0532156762E-01  1.5183554225E-01
H19       3.7369093520E-02  2.2297345566E-05  5.9958660086E-01 -6.0555324902E-01  1.5173022790E-01
H20       3.9933129310E-02  1.8302920678E-05  5.9899220532E-01 -6.0495293848E-01  1.4953411923E-01
H21       3.8402909500E-02  2.0243267733E-05  6.0001372930E-01 -6.0598462792E-01  1.4978851047E-01
H22       3.3143212590E-02  2.6578080301E-05  6.0704269590E-01 -6.1308354167E-01  1.4434690029E-01
H23       3.3154235010E-02  4.7507575866E-05  6.0706482541E-01 -6.1310589139E-01  1.4434524396E-01
H24       3.8509076610E-02  2.6423223778E-05  5.9997895274E-01 -6.0594950530E-01  1.4976433116E-01
H25       3.9919974740E-02  2.7395085426E-05  5.9901440948E-01 -6.0497536360E-01  1.4950657445E-01
H26       3.5493480610E-02  2.1855457289E-05  6.0030393382E-01 -6.0627772035E-01  1.5228062323E-01
H27       4.9244074210E-02  1.0915318102E-05  5.9183897601E-01 -5.9772852546E-01  1.4140899375E-01
H28       3.9150962170E-02  1.8063603619E-05  5.9600598837E-01 -6.0193700488E-01  1.4710693361E-01
H29       3.5958879560E-02  2.0974402243E-05  5.9717227252E-01 -6.0311489504E-01  1.4808559278E-01
H30       3.6655261470E-02  1.9133467863E-05  5.9693589940E-01 -6.0287616971E-01  1.4795734876E-01
--------------------------------------------------------------------------------------------------
Total     1.5017717000E-04  1.8609116254E-04  6.1203636517E+02 -6.1812690429E+02
 
1st Largest |L(A)| = 2.0047609435E-04, atom C1      
2nd Largest |L(A)| = 1.6596970619E-04, atom C4      
 
Molecular charge q(Mol) from the wfn file:   0.0000000000E+00
Molecular energy E(Mol) from the wfn file:  -6.1812691011E+02
Molecular virial ratio (-V(Mol)/T(Mol)) from the wfn file:   2.0099512700E+00
Note.  K_Scaled(A) = (1+V(Mol)/T(Mol))*K(A) = (E(Mol)/T(Mol))*K(A)
       Only use K_Scaled(A) data with caution.
 
N_AIMInt(SumA)     =        109.999850
N_Analytic(Mol)    =        109.999980
 
G_AIMInt(SumA)     =        612.036179
G_Analytic(Mol)    =        612.036326
 
K_AIMInt(SumA)     =        612.036365
K_Analytic(Mol)    =        612.036326
 
L_AIMInt(SumA)     =          0.000186
L_Analytic(Mol)    =          0.000000
 
VenT_AIMInt(SumA)  =      -3312.117353
VenT_Analytic(Mol) =      -3312.119856
 
Some Information About the Atomic Calculations:
----------------------------------------------
  Time(sec) = "Elapsed User Time", in Seconds, for Atom A by AIMInt and, if used, by TWOe
  NProc = Number of Processors Used for AIMInt Job
  BIM = Basin Integration Method
  OAQ = Angular Quadrature Outside of Beta Sphere
  ORQ = Multiple of Default for Radial Quadrature Outside of Beta Sphere
  IAQ = Multiple of Default for Angular Quadrature Inside of Beta Sphere
  IRQ = Multiple of Default for Radial Quadrature Inside of Beta Sphere
  MIR = Maximum Integration Radius
------------------------------------------------------------------------------------------------------
Atom A     Time(sec)   NProc      BIM          OAQ                     ORQ      IAQ      IRQ      MIR
------------------------------------------------------------------------------------------------------
C1             44        8     Proaim(5)    4500(GS4)                  1.00     1.00     1.00    13.00
C2             29        8     Proaim(5)    4500(GS4)                  1.00     1.00     1.00    13.00
C3             25        8     Proaim(5)    4500(GS4)                  1.00     1.00     1.00    13.00
C4             23        8     Proaim(5)    4500(GS4)                  1.00     1.00     1.00    13.00
C5             24        8     Proaim(5)    4500(GS4)                  1.00     1.00     1.00    13.00
C6             35        8     Proaim(5)    4500(GS4)                  1.00     1.00     1.00    13.00
C7             28        8     Proaim(5)    4500(GS4)                  1.00     1.00     1.00    13.00
C8             21        8     Proaim(5)    4500(GS4)                  1.00     1.00     1.00    13.00
C9             20        8     Proaim(5)    4500(GS4)                  1.00     1.00     1.00    13.00
C10            23        8     Proaim(5)    4500(GS4)                  1.00     1.00     1.00    13.00
C11            23        8     Proaim(5)    4500(GS4)                  1.00     1.00     1.00    13.00
C12            20        8     Proaim(5)    4500(GS4)                  1.00     1.00     1.00    13.00
C13            19        8     Proaim(5)    4500(GS4)                  1.00     1.00     1.00    13.00
C14            22        8     Proaim(5)    4500(GS4)                  1.00     1.00     1.00    13.00
C15            26        8     Proaim(5)    4500(GS4)                  1.00     1.00     1.00    13.00
C16            19        8     Proaim(5)    4500(GS4)                  1.00     1.00     1.00    13.00
H17             9        8     Proaim(5)    1800(GS4)                  1.00     1.00     1.00    13.00
H18             8        8     Proaim(5)    1800(GS4)                  1.00     1.00     1.00    13.00
H19             8        8     Proaim(5)    1800(GS4)                  1.00     1.00     1.00    13.00
H20             6        8     Proaim(5)    1800(GS4)                  1.00     1.00     1.00    13.00
H21             6        8     Proaim(5)    1800(GS4)                  1.00     1.00     1.00    13.00
H22            14        8     Proaim(5)    4500(GS4)                  1.00     1.00     1.00    13.00
H23            14        8     Proaim(5)    4500(GS4)                  1.00     1.00     1.00    13.00
H24             6        8     Proaim(5)    1800(GS4)                  1.00     1.00     1.00    13.00
H25             6        8     Proaim(5)    1800(GS4)                  1.00     1.00     1.00    13.00
H26             7        8     Proaim(5)    1800(GS4)                  1.00     1.00     1.00    13.00
H27            21        8     Proaim(5)    4500(GS4)                  1.00     1.00     1.00    13.00
H28             7        8     Proaim(5)    1800(GS4)                  1.00     1.00     1.00    13.00
H29             6        8     Proaim(5)    1800(GS4)                  1.00     1.00     1.00    13.00
H30             5        8     Proaim(5)    1800(GS4)                  1.00     1.00     1.00    13.00
------------------------------------------------------------------------------------------------------
Total         524
Note:  Total wall clock time is less than total of atomic times if more than one atom
       was calculated at a time
 
Electron Density Critical Point Analysis of Molecular Structure:               
---------------------------------------------------------------                
  NACP = Nuclear Attractor Critical Point                                      
  NNACP = Non-Nuclear Attractor Critical Point                                 
  BCP = Bond Critical Point                                                    
  RCP = Ring Critical Point                                                    
  CCP = Cage Critical Point                                                    
  Rho = Electron Density                                                       
  GradRho = Gradient of Electron Density                                       
  HessRho_EigVals = Eigenvalues of the Hessian of Rho, Ascending Order         
  HessRho_EigVecs = Eigenvectors of the Hessian of Rho                         
  DelSqRho = Laplacian of Rho = Trace of Hessian of Rho                        
  Bond Ellipticity = (HessRho_EigVal(1) / HessRho_EigVal(2)) - 1               
  V = Virial Field = Potential Energy Density = Trace of Stress Tensor         
  G = Lagrangian Form of Kinetic Energy Density                                
  K = Hamiltonian Form of Kinetic Energy Density                               
  L = K - G = Lagrangian Density = (-1/4)DelSqRho                              
  Vnuc = Electrostatic Potential from Nuclei                                   
  Ven = Electron-nuclear attractive contribution to Virial Field V             
  Vrep = V - Ven = Repulsive contribution to Virial Field V                    
  DelSqV = Laplacian of V                                                      
  DelSqVen = Laplacian of Ven                                                  
  DelSqVrep = Laplacian of Vrep                                                
  DelSqG = Laplacian of G                                                      
  DelSqK = Laplacian of K                                                      
  Stress_EigVals = Eigenvalues of Stress Tensor, Ascending Order               
  Stress_EigVecs = Eigenvectors of Stress Tensor                               
  -DivStress = Ehrenfest Force Density = Minus Divergence of Stress Tensor     
  ESP = Total Electrostatic Potential                                          
  ESPe = Electrostatic Potential from Electrons                                
  ESPn = Electrostatic Potential from Nuclei                                   
  BP = Bond Path                                                               
  BPL = Bond Path Length                                                       
  GBL = Geometric Bond Length                                                  
  GBL_I = Distance Between Nuclear Attractors                                  
  GBL_II = Distance Between Nuclei                                             
  GBL_III = Sum of Distances Between BCP and Nuclear Attractors                
  GBL_IV = Sum of Distances Between BCP and Nuclei                             

CP# 1      Coords = -1.75151564001502E+00 -8.43567945593371E-01  2.59312784961330E+00
           Type = (3,-3) NACP C1
           Rho =  1.1768284469E+02     Rho at Nucleus =  1.1768284466E+02
           GradRho = -3.1266637066E-11  4.6991672489E-11 -1.4622309873E-11
           HessRho_EigVals = -1.4501520659E+05 -1.4501428786E+05 -1.4501398063E+05
           HessRho_EigVec1 =  4.1586594183E-01  3.7076349668E-01  8.3041552729E-01
           HessRho_EigVec2 = -5.2604496556E-01 -6.4678708755E-01  5.5221658576E-01
           HessRho_EigVec3 =  7.4184379261E-01 -6.6648397798E-01 -7.3938450483E-02
           DelSqRho = -4.3504347507E+05
           Bond Ellipticity = NA
           V = -1.0877123585E+05
           G =  5.1835407564E+00
           K =  1.0876605231E+05
           L =  1.0876086877E+05
           Vnuc =  9.1236338235E+06
           Ven = -1.0736951823E+09
           Vrep =  1.0735864111E+09
           DelSqV =  2.4954405653E+09
           DelSqVen =  3.9691770921E+12
           DelSqVrep = -3.9666819137E+12
           DelSqG =  1.3404443156E+08
           DelSqK = -2.6294849969E+09
           Stress_EigVals = -3.6257330961E+04 -3.6257211102E+04 -3.6256693787E+04
           Stress_EigVec1 =  7.9502923419E-01 -5.9084120057E-01 -1.3724136580E-01
           Stress_EigVec2 = -4.3919385664E-01 -7.1677910654E-01  5.4160545485E-01
           Stress_EigVec3 =  4.1837456074E-01  3.7031660527E-01  8.2935416969E-01
           -DivStress =  2.6506765452E+02 -4.2339683629E+02  1.7966189327E+02
           ESP =  -1.4738221008E+01     ESP at Nucleus =  -1.4738221012E+01
           ESPe = -3.3184909757E+01     ESPe at Nucleus = -3.3184909613E+01
           ESPn =  1.8446688750E+01     ESPn at Nucleus =  1.8446688601E+01

CP# 2      Coords =  1.15224852663891E-01 -2.60345433315267E+00  2.43236923208832E+00
           Type = (3,-3) NACP C2
           Rho =  1.1767692694E+02     Rho at Nucleus =  1.1767692691E+02
           GradRho =  5.6184788538E-11 -2.6655197811E-11 -4.4735994098E-11
           HessRho_EigVals = -1.4500599799E+05 -1.4500506790E+05 -1.4500475666E+05
           HessRho_EigVec1 =  4.2226202044E-01  3.6852274799E-01  8.2818220840E-01
           HessRho_EigVec2 =  5.5069506375E-01  6.2141430061E-01 -5.5729634286E-01
           HessRho_EigVec3 = -7.2002064753E-01  6.9140093377E-01  5.9455999910E-02
           DelSqRho = -4.3501582255E+05
           Bond Ellipticity = NA
           V = -1.0876431351E+05
           G =  5.1789355098E+00
           K =  1.0875913457E+05
           L =  1.0875395564E+05
           Vnuc =  9.1459764279E+06
           Ven = -1.0762703999E+09
           Vrep =  1.0761616356E+09
           DelSqV =  2.4952803886E+09
           DelSqVen =  3.9786444227E+12
           DelSqVrep = -3.9761491423E+12
           DelSqG =  1.3403407226E+08
           DelSqK = -2.6293144608E+09
           Stress_EigVals = -3.6255024493E+04 -3.6254904332E+04 -3.6254384683E+04
           Stress_EigVec1 = -6.5296758299E-01  7.5736294087E-01 -5.8916342959E-03
           Stress_EigVec2 =  6.2981192113E-01  5.3864473935E-01 -5.5964166104E-01
           Stress_EigVec3 =  4.2067835642E-01  3.6913848427E-01  8.2871376233E-01
           -DivStress = -4.5464924900E+02  2.1852745722E+02  1.6017731033E+02
           ESP =  -1.4737665890E+01     ESP at Nucleus =  -1.4737665895E+01
           ESPe = -3.3000982058E+01     ESPe at Nucleus = -3.3000982071E+01
           ESPn =  1.8263316167E+01     ESPn at Nucleus =  1.8263316176E+01

CP# 3      Coords =  2.40078749867086E+00 -2.10575080840680E+00  1.05941353970373E+00
           Type = (3,-3) NACP C3
           Rho =  1.1763868222E+02     Rho at Nucleus =  1.1763868222E+02
           GradRho = -5.2845657470E-13  1.7584014431E-11  1.9121698230E-11
           HessRho_EigVals = -1.4495044021E+05 -1.4494930944E+05 -1.4494920938E+05
           HessRho_EigVec1 =  4.1896938483E-01  3.6949614991E-01  8.2941982721E-01
           HessRho_EigVec2 =  3.8613257514E-01  7.5424281539E-01 -5.3105499700E-01
           HessRho_EigVec3 = -8.2180672240E-01  5.4276179916E-01  1.7333014851E-01
           DelSqRho = -4.3484895903E+05
           Bond Ellipticity = NA
           V = -1.0872264156E+05
           G =  5.2008998750E+00
           K =  1.0871744066E+05
           L =  1.0871223976E+05
           Vnuc =  1.7124021206E+07
           Ven = -2.0144472891E+09
           Vrep =  2.0143385664E+09
           DelSqV =  2.4943183061E+09
           DelSqVen =  7.4463712379E+12
           DelSqVrep = -7.4438790167E+12
           DelSqG =  1.3397415911E+08
           DelSqK = -2.6282924652E+09
           Stress_EigVals = -3.6241091985E+04 -3.6241051983E+04 -3.6240497589E+04
           Stress_EigVec1 = -7.9200158646E-01  5.9559619150E-01  1.3415909850E-01
           Stress_EigVec2 =  4.4460501968E-01  7.1326674379E-01 -5.4182739749E-01
           Stress_EigVec3 =  4.1840155773E-01  3.6948034977E-01  8.2971344910E-01
           -DivStress =  2.5274195187E+02  1.7909425604E+01 -1.3101513669E+02
           ESP =  -1.4730018187E+01     ESP at Nucleus =  -1.4730018187E+01
           ESPe = -3.4665212753E+01     ESPe at Nucleus = -3.4665212777E+01
           ESPn =  1.9935194566E+01     ESPn at Nucleus =  1.9935194589E+01

CP# 4      Coords =  2.73234411639642E+00  2.73901546851951E-01 -1.66418069000045E-01
           Type = (3,-3) NACP C4
           Rho =  1.1762821021E+02     Rho at Nucleus =  1.1762821019E+02
           GradRho = -1.5217363329E-11  1.6614293549E-11  6.3285947460E-12
           HessRho_EigVals = -1.4493795136E+05 -1.4493699343E+05 -1.4493680519E+05
           HessRho_EigVec1 =  4.1813089586E-01  3.6944155457E-01  8.2986715304E-01
           HessRho_EigVec2 = -6.3228413315E-01  7.7429600466E-01 -2.6124167643E-02
           HessRho_EigVec3 =  6.5221417410E-01  5.1378851186E-01 -5.5734911517E-01
           DelSqRho = -4.3481174998E+05
           Bond Ellipticity = NA
           V = -1.0871331309E+05
           G =  5.1877966696E+00
           K =  1.0870812529E+05
           L =  1.0870293750E+05
           Vnuc =  1.1081034032E+07
           Ven = -1.3034422006E+09
           Vrep =  1.3033334872E+09
           DelSqV =  2.4941060407E+09
           DelSqVen =  4.8181632041E+12
           DelSqVrep = -4.8156690981E+12
           DelSqG =  1.3396319429E+08
           DelSqK = -2.6280692350E+09
           Stress_EigVals = -3.6237979685E+04 -3.6237923017E+04 -3.6237410386E+04
           Stress_EigVec1 =  7.4421712051E-01  3.8462233037E-01 -5.4608290627E-01
           Stress_EigVec2 =  5.2087596774E-01 -8.4598423845E-01  1.1401269458E-01
           Stress_EigVec3 =  4.1812570331E-01  3.6929166153E-01  8.2993648248E-01
           -DivStress =  3.5751422395E+02 -2.4017187881E+02 -7.2939172830E+01
           ESP =  -1.4726645844E+01     ESP at Nucleus =  -1.4726645846E+01
           ESPe = -3.5304099112E+01     ESPe at Nucleus = -3.5304098968E+01
           ESPn =  2.0577453268E+01     ESPn at Nucleus =  2.0577453122E+01

CP# 5      Coords =  7.30781450495678E-01  2.15977393032163E+00  3.61049398517689E-03
           Type = (3,-3) NACP C5
           Rho =  1.1762819265E+02     Rho at Nucleus =  1.1762819263E+02
           GradRho =  1.8161052957E-11 -5.9934850784E-11  1.6907489406E-12
           HessRho_EigVals = -1.4493794652E+05 -1.4493698933E+05 -1.4493680102E+05
           HessRho_EigVec1 =  4.1858356123E-01  3.6939261400E-01  8.2966071318E-01
           HessRho_EigVec2 = -8.0195346191E-01  5.7907315018E-01  1.4678191874E-01
           HessRho_EigVec3 =  4.2621408611E-01  7.2678977942E-01 -5.3862618702E-01
           DelSqRho = -4.3481173687E+05
           Bond Ellipticity = NA
           V = -1.0871330998E+05
           G =  5.1878807647E+00
           K =  1.0870812210E+05
           L =  1.0870293422E+05
           Vnuc =  1.1057675601E+07
           Ven = -1.3006943958E+09
           Vrep =  1.3005856825E+09
           DelSqV =  2.4941059852E+09
           DelSqVen =  4.8080093184E+12
           DelSqVrep = -4.8055152124E+12
           DelSqG =  1.3396320789E+08
           DelSqK = -2.6280691930E+09
           Stress_EigVals = -3.6237978585E+04 -3.6237921913E+04 -3.6237409481E+04
           Stress_EigVec1 = -2.9377221136E-01 -8.0934043567E-01  5.0859212245E-01
           Stress_EigVec2 = -8.5935754757E-01  4.5661125902E-01  2.3024066446E-01
           Stress_EigVec3 =  4.1857196905E-01  3.6942416992E-01  8.2965251124E-01
           -DivStress = -2.6725690388E+02  3.4619254412E+02 -1.8885144914E+01
           ESP =  -1.4726672954E+01     ESP at Nucleus =  -1.4726672956E+01
           ESPe = -3.5398850410E+01     ESPe at Nucleus = -3.5398850300E+01
           ESPn =  2.0672177456E+01     ESPn at Nucleus =  2.0672177345E+01

CP# 6      Coords = -1.50666948511918E+00  1.57668264940886E+00  1.39210838460244E+00
           Type = (3,-3) NACP C6
           Rho =  1.1763919650E+02     Rho at Nucleus =  1.1763919649E+02
           GradRho =  9.3225550706E-12  6.2654927904E-12 -7.6662162946E-12
           HessRho_EigVals = -1.4495116941E+05 -1.4495003607E+05 -1.4494993480E+05
           HessRho_EigVec1 =  4.1863226353E-01  3.7035069066E-01  8.2920889640E-01
           HessRho_EigVec2 =  6.7583797224E-01  4.8285570326E-01 -5.5686031022E-01
           HessRho_EigVec3 = -6.0662184531E-01  7.9353055125E-01 -4.8158083779E-02
           DelSqRho = -4.3485114028E+05
           Bond Ellipticity = NA
           V = -1.0872318599E+05
           G =  5.2004596580E+00
           K =  1.0871798553E+05
           L =  1.0871278507E+05
           Vnuc =  1.6794837271E+07
           Ven = -1.9757311618E+09
           Vrep =  1.9756224387E+09
           DelSqV =  2.4943308576E+09
           DelSqVen =  7.3032542454E+12
           DelSqVrep = -7.3007609631E+12
           DelSqG =  1.3397492390E+08
           DelSqK = -2.6283057815E+09
           Stress_EigVals = -3.6241273830E+04 -3.6241233499E+04 -3.6240678661E+04
           Stress_EigVec1 = -6.5366813586E-01  7.5674271904E-01 -7.6436467374E-03
           Stress_EigVec2 =  6.3041311703E-01  5.3890222953E-01 -5.5871610759E-01
           Stress_EigVec3 =  4.1868516816E-01  3.7003357169E-01  8.2932375209E-01
           -DivStress = -9.3041510149E+00  2.6861558473E+02 -1.1104039846E+02
           ESP =  -1.4730027607E+01     ESP at Nucleus =  -1.4730027607E+01
           ESPe = -3.4924632808E+01     ESPe at Nucleus = -3.4924632837E+01
           ESPn =  2.0194605201E+01     ESPn at Nucleus =  2.0194605230E+01

CP# 7      Coords = -3.46229584315158E+00  3.38960395630595E+00  1.57186937072603E+00
           Type = (3,-3) NACP C7
           Rho =  1.1766727320E+02     Rho at Nucleus =  1.1766727319E+02
           GradRho = -1.6219916672E-11 -1.8411961165E-11 -5.5207719906E-12
           HessRho_EigVals = -1.4499108681E+05 -1.4499011509E+05 -1.4498989451E+05
           HessRho_EigVec1 =  4.1797518926E-01  3.6902286861E-01  8.3013183508E-01
           HessRho_EigVec2 =  9.0832959520E-01 -1.8515024386E-01 -3.7504230918E-01
           HessRho_EigVec3 =  1.5299922916E-02  9.1079169388E-01 -4.1258260109E-01
           DelSqRho = -4.3497109642E+05
           Bond Ellipticity = NA
           V = -1.0875312533E+05
           G =  5.1756126530E+00
           K =  1.0874794972E+05
           L =  1.0874277410E+05
           Vnuc =  3.5457713737E+07
           Ven = -4.1722124892E+09
           Vrep =  4.1721037361E+09
           DelSqV =  2.4950215421E+09
           DelSqVen =  1.5423001068E+13
           DelSqVrep = -1.5420497657E+13
           DelSqG =  1.3401734441E+08
           DelSqK = -2.6290388865E+09
           Stress_EigVals = -3.6251269279E+04 -3.6251198143E+04 -3.6250657907E+04
           Stress_EigVec1 =  1.2828242858E-01  8.8049951555E-01 -4.5635975023E-01
           Stress_EigVec2 =  8.9923626257E-01 -2.9732815231E-01 -3.2088956655E-01
           Stress_EigVec3 =  4.1823170922E-01  3.6921074329E-01  8.2991907102E-01
           -DivStress =  2.0134496891E+00  1.1928842481E+02 -5.4773072540E+01
           ESP =  -1.4738763777E+01     ESP at Nucleus =  -1.4738763778E+01
           ESPe = -3.2293898987E+01     ESPe at Nucleus = -3.2293898993E+01
           ESPn =  1.7555135210E+01     ESPn at Nucleus =  1.7555135215E+01

CP# 8      Coords = -3.24605978781511E+00  5.72299353899631E+00  4.23999441534088E-01
           Type = (3,-3) NACP C8
           Rho =  1.1765794700E+02     Rho at Nucleus =  1.1765794699E+02
           GradRho =  3.0965796932E-11 -9.2646858316E-12 -2.9434248016E-12
           HessRho_EigVals = -1.4497799998E+05 -1.4497691866E+05 -1.4497680565E+05
           HessRho_EigVec1 =  4.1851582556E-01  3.6936442262E-01  8.2970743462E-01
           HessRho_EigVec2 = -8.6770516498E-01  4.3240049910E-01  2.4518881510E-01
           HessRho_EigVec3 = -2.6820188371E-01 -8.2255682581E-01  5.0146586912E-01
           DelSqRho = -4.3493172429E+05
           Bond Ellipticity = NA
           V = -1.0874326009E+05
           G =  5.1645101546E+00
           K =  1.0873809558E+05
           L =  1.0873293107E+05
           Vnuc =  1.5953859466E+07
           Ven = -1.8770983515E+09
           Vrep =  1.8769896083E+09
           DelSqV =  2.4947946755E+09
           DelSqVen =  6.9388305695E+12
           DelSqVrep = -6.9363357748E+12
           DelSqG =  1.3400353913E+08
           DelSqK = -2.6287982146E+09
           Stress_EigVals = -3.6247967455E+04 -3.6247932919E+04 -3.6247359717E+04
           Stress_EigVec1 = -6.6922265900E-02  9.2362913252E-01 -3.7739983556E-01
           Stress_EigVec2 =  9.0567854446E-01 -1.0247615517E-01 -4.1139398602E-01
           Stress_EigVec3 =  4.1864995454E-01  3.6933435147E-01  8.2965315185E-01
           -DivStress = -8.7057485094E+01 -2.4919525878E+02  1.5427323821E+02
           ESP =  -1.4738029159E+01     ESP at Nucleus =  -1.4738029161E+01
           ESPe = -3.0997314715E+01     ESPe at Nucleus = -3.0997315023E+01
           ESPn =  1.6259285556E+01     ESPn at Nucleus =  1.6259285862E+01

CP# 9      Coords = -1.04482291467361E+00  6.30955522332910E+00 -9.48189822561179E-01
           Type = (3,-3) NACP C9
           Rho =  1.1765782029E+02     Rho at Nucleus =  1.1765782028E+02
           GradRho = -1.9131055670E-11  3.4959438996E-11 -3.8593277405E-12
           HessRho_EigVals = -1.4497765256E+05 -1.4497657122E+05 -1.4497648082E+05
           HessRho_EigVec1 =  4.1881125353E-01  3.6942925702E-01  8.2952947987E-01
           HessRho_EigVec2 = -3.1423723346E-01 -7.9810453055E-01  5.1408571214E-01
           HessRho_EigVec3 =  8.5196953879E-01 -4.7597393035E-01 -2.1816673120E-01
           DelSqRho = -4.3493070460E+05
           Bond Ellipticity = NA
           V = -1.0874299790E+05
           G =  5.1608770277E+00
           K =  1.0873783703E+05
           L =  1.0873267615E+05
           Vnuc =  1.7900149717E+07
           Ven = -2.1060925986E+09
           Vrep =  2.1059838556E+09
           DelSqV =  2.4947885508E+09
           DelSqVen =  7.7853244785E+12
           DelSqVrep = -7.7828296899E+12
           DelSqG =  1.3400304302E+08
           DelSqK = -2.6287915938E+09
           Stress_EigVals = -3.6247875537E+04 -3.6247847646E+04 -3.6247274720E+04
           Stress_EigVec1 = -6.5654185099E-01  7.5427671652E-01 -4.4082662784E-03
           Stress_EigVec2 =  6.2736602981E-01  5.4281226331E-01 -5.5836073594E-01
           Stress_EigVec3 =  4.1876564154E-01  3.6935278761E-01  8.2958655712E-01
           -DivStress =  2.2485506173E+02 -1.4571789209E+02 -4.8994340370E+01
           ESP =  -1.4737611287E+01     ESP at Nucleus =  -1.4737611288E+01
           ESPe = -3.1118450559E+01     ESPe at Nucleus = -3.1118450877E+01
           ESPn =  1.6380839272E+01     ESPn at Nucleus =  1.6380839589E+01

CP# 10     Coords =  8.92483595289302E-01  4.56614022817369E+00 -1.14979637373352E+00
           Type = (3,-3) NACP C10
           Rho =  1.1765535503E+02     Rho at Nucleus =  1.1765535503E+02
           GradRho = -6.3186856734E-13  2.9122496928E-11 -3.6303074533E-12
           HessRho_EigVals = -1.4497524251E+05 -1.4497425409E+05 -1.4497411451E+05
           HessRho_EigVec1 =  4.1892628456E-01  3.6941401409E-01  8.2947818193E-01
           HessRho_EigVec2 =  4.4995786889E-01  7.0899930110E-01 -5.4300820184E-01
           HessRho_EigVec3 = -7.8869429079E-01  6.0071064351E-01  1.3079770044E-01
           DelSqRho = -4.3492361111E+05
           Bond Ellipticity = NA
           V = -1.0874127120E+05
           G =  5.1842113464E+00
           K =  1.0873608699E+05
           L =  1.0873090278E+05
           Vnuc =  2.1816613920E+07
           Ven = -2.5668414563E+09
           Vrep =  2.5667327150E+09
           DelSqV =  2.4947493291E+09
           DelSqVen =  9.4885600297E+12
           DelSqVrep = -9.4860652804E+12
           DelSqG =  1.3400161554E+08
           DelSqK = -2.6287509447E+09
           Stress_EigVals = -3.6247304829E+04 -3.6247255898E+04 -3.6246710472E+04
           Stress_EigVec1 = -8.0843932580E-01  5.6769385834E-01  1.5540122170E-01
           Stress_EigVec2 =  4.1347671870E-01  7.3567953383E-01 -5.3648171134E-01
           Stress_EigVec3 =  4.1888287098E-01  3.6945812579E-01  8.2948046010E-01
           -DivStress = -1.3749643563E+02  1.6708079165E+02 -5.3767719503E+00
           ESP =  -1.4738039800E+01     ESP at Nucleus =  -1.4738039802E+01
           ESPe = -3.2743723597E+01     ESPe at Nucleus = -3.2743723498E+01
           ESPn =  1.8005683797E+01     ESPn at Nucleus =  1.8005683696E+01

CP# 11     Coords =  5.01364961008418E+00  6.84791470600675E-01 -1.49816292107394E+00
           Type = (3,-3) NACP C11
           Rho =  1.1765540005E+02     Rho at Nucleus =  1.1765540005E+02
           GradRho = -4.3041486604E-11 -3.5721793768E-12  1.1746084120E-11
           HessRho_EigVals = -1.4497528154E+05 -1.4497429240E+05 -1.4497415284E+05
           HessRho_EigVec1 =  4.1810036483E-01  3.6935182863E-01  8.2992247326E-01
           HessRho_EigVec2 =  6.3223967134E-01  5.3769890963E-01 -5.5781079280E-01
           HessRho_EigVec3 = -6.5227684530E-01  7.5793080771E-01 -8.7067684542E-03
           DelSqRho = -4.3492372678E+05
           Bond Ellipticity = NA
           V = -1.0874130045E+05
           G =  5.1843779075E+00
           K =  1.0873611607E+05
           L =  1.0873093170E+05
           Vnuc =  2.1811598314E+07
           Ven = -2.5662523254E+09
           Vrep =  2.5661435841E+09
           DelSqV =  2.4947499738E+09
           DelSqVen =  9.4863664087E+12
           DelSqVrep = -9.4838758530E+12
           DelSqG =  1.3400163430E+08
           DelSqK = -2.6287516081E+09
           Stress_EigVals = -3.6247314689E+04 -3.6247265684E+04 -3.6246720078E+04
           Stress_EigVec1 = -6.2330204014E-01  7.8124718808E-01 -3.3873262093E-02
           Stress_EigVec2 =  6.6091118777E-01  5.0315243155E-01 -5.5680699754E-01
           Stress_EigVec3 =  4.1796048694E-01  3.6944615541E-01  8.2995094410E-01
           -DivStress =  1.7339940265E+02 -1.2585956580E+02 -3.1013295881E+01
           ESP =  -1.4738046096E+01     ESP at Nucleus =  -1.4738046098E+01
           ESPe = -3.2621431165E+01     ESPe at Nucleus = -3.2621431058E+01
           ESPn =  1.7883385069E+01     ESPn at Nucleus =  1.7883384960E+01

CP# 12     Coords =  6.87368226233752E+00 -1.14787843982075E+00 -1.61839277166625E+00
           Type = (3,-3) NACP C12
           Rho =  1.1765775682E+02     Rho at Nucleus =  1.1765775681E+02
           GradRho = -4.5777041852E-11  2.1268078817E-12  1.5040686382E-11
           HessRho_EigVals = -1.4497754437E+05 -1.4497646270E+05 -1.4497637255E+05
           HessRho_EigVec1 =  4.1785926130E-01  3.6948654800E-01  8.2998393273E-01
           HessRho_EigVec2 =  7.2733403879E-01  4.1138358339E-01 -5.4931661484E-01
           HessRho_EigVec3 = -5.4440686418E-01  8.3321260082E-01 -9.6839702967E-02
           DelSqRho = -4.3493037962E+05
           Bond Ellipticity = NA
           V = -1.0874291696E+05
           G =  5.1610295248E+00
           K =  1.0873775593E+05
           L =  1.0873259490E+05
           Vnuc =  1.7764263053E+07
           Ven = -2.0901033423E+09
           Vrep =  2.0899945994E+09
           DelSqV =  2.4947866598E+09
           DelSqVen =  7.7262162493E+12
           DelSqVrep = -7.7237193655E+12
           DelSqG =  1.3400291292E+08
           DelSqK = -2.6287895727E+09
           Stress_EigVals = -3.6247848665E+04 -3.6247820621E+04 -3.6247247677E+04
           Stress_EigVec1 = -7.8855255509E-01  6.0122087478E-01  1.2929937200E-01
           Stress_EigVec2 =  4.5118680781E-01  7.0847732165E-01 -5.4266965012E-01
           Stress_EigVec3 =  4.1786999453E-01  3.6958536827E-01  8.2993452949E-01
           -DivStress = -1.6146384327E+02  2.2132347133E+02 -1.7284852099E+01
           ESP =  -1.4737592300E+01     ESP at Nucleus =  -1.4737592301E+01
           ESPe = -3.0918106222E+01     ESPe at Nucleus = -3.0918106547E+01
           ESPn =  1.6180513923E+01     ESPn at Nucleus =  1.6180514246E+01

CP# 13     Coords =  6.53562216196248E+00 -3.49007248643849E+00 -4.05044741230257E-01
           Type = (3,-3) NACP C13
           Rho =  1.1765779733E+02     Rho at Nucleus =  1.1765779732E+02
           GradRho =  5.8016819561E-11 -2.5659107894E-12 -8.3838212116E-12
           HessRho_EigVals = -1.4497776413E+05 -1.4497668310E+05 -1.4497657082E+05
           HessRho_EigVec1 =  4.1763366990E-01  3.6954693400E-01  8.3007058817E-01
           HessRho_EigVec2 =  5.0248124893E-01 -8.5508036956E-01  1.2786772879E-01
           HessRho_EigVec3 =  7.5703019242E-01  3.6369303701E-01 -5.4280075773E-01
           DelSqRho = -4.3493101805E+05
           Bond Ellipticity = NA
           V = -1.0874308388E+05
           G =  5.1646828343E+00
           K =  1.0873791920E+05
           L =  1.0873275451E+05
           Vnuc =  1.6161129567E+07
           Ven = -1.9014829072E+09
           Vrep =  1.9013741641E+09
           DelSqV =  2.4947905949E+09
           DelSqVen =  7.0289766482E+12
           DelSqVrep = -7.0264821197E+12
           DelSqG =  1.3400327066E+08
           DelSqK = -2.6287938655E+09
           Stress_EigVals = -3.6247908552E+04 -3.6247874291E+04 -3.6247301036E+04
           Stress_EigVec1 =  8.8884876133E-01  2.3229534174E-02 -4.5761148175E-01
           Stress_EigVec2 =  1.8840410611E-01 -9.2890964648E-01  3.1879579902E-01
           Stress_EigVec3 =  4.1767424183E-01  3.6957713324E-01  8.3003672828E-01
           -DivStress = -2.2688618865E+02 -1.1248729843E+02  1.6417901813E+02
           ESP =  -1.4737938701E+01     ESP at Nucleus =  -1.4737938703E+01
           ESPe = -3.0689493020E+01     ESPe at Nucleus = -3.0689493314E+01
           ESPn =  1.5951554319E+01     ESPn at Nucleus =  1.5951554611E+01

CP# 14     Coords =  4.32928088971079E+00 -3.95004701749537E+00  9.09876757681497E-01
           Type = (3,-3) NACP C14
           Rho =  1.1766685186E+02     Rho at Nucleus =  1.1766685186E+02
           GradRho =  3.7508205905E-12 -4.0170220123E-12  7.2274976802E-14
           HessRho_EigVals = -1.4499049813E+05 -1.4498953714E+05 -1.4498931218E+05
           HessRho_EigVec1 =  4.1765402574E-01  3.6962218038E-01  8.3002684207E-01
           HessRho_EigVec2 = -2.5496079628E-01  9.2448986732E-01 -2.8339632600E-01
           HessRho_EigVec3 =  8.7210097302E-01  9.3262688155E-02 -4.8035608027E-01
           DelSqRho = -4.3496934744E+05
           Bond Ellipticity = NA
           V = -1.0875268856E+05
           G =  5.1758486404E+00
           K =  1.0874751271E+05
           L =  1.0874233686E+05
           Vnuc =  3.2357218401E+07
           Ven = -3.8073720242E+09
           Vrep =  3.8072632715E+09
           DelSqV =  2.4950114906E+09
           DelSqVen =  1.4074372948E+13
           DelSqVrep = -1.4071869548E+13
           DelSqG =  1.3401674257E+08
           DelSqK = -2.6290282331E+09
           Stress_EigVals = -3.6251123380E+04 -3.6251051496E+04 -3.6250513682E+04
           Stress_EigVec1 =  8.3407522007E-01  2.0645112588E-01 -5.1156276241E-01
