AIMSum (Version 19.02.13, Professional)
Copyright (c) 1997-2019 by Todd A. Keith
AIMSum is a component of the AIMAll package ( http://aim.tkgristmill.com )

TP:  64-bit Linux

Much of the Quantum Theory of Atoms in Molecules (QTAIM) is described in the book:
  "Atoms in Molecules - A Quantum Theory"
  R.F.W. Bader, Oxford University Press, Oxford, 1990

For additional references see:  http://aim.tkgristmill.com/references.html

Wfn File:  /home/mhennefarth/Documents/ML_Diels/summary-hayden2009/25-opt/25-opt.wfn
Sum File:  /home/mhennefarth/Documents/ML_Diels/summary-hayden2009/25-opt/25-opt.sum

SumViz File:  /home/mhennefarth/Documents/ML_Diels/summary-hayden2009/25-opt/25-opt.sumviz

Wfn Title:   Title Card Required                                                           
 
Total memory allocated for AIMSum =        1.681 Megabytes

Atomic units (a.u.) used throughout, except where stated otherwise

Model:  Restricted SCF
 
Restricted, closed-shell, single-determinant wavefunction.
  Number of electrons (from MO Occs)                   =         110.0000000000
  Number of Alpha electrons (from MO Occs)             =          55.0000000000
  Number of Beta electrons (from MO Occs)              =          55.0000000000
  Number of electron pairs (N*(N-1)/2)                 =        5995.0000000000
  Number of electron pairs (from Muller 2EDM)          =        5995.0000000000
 
Nuclear Charges and Cartesian Coordinates:
-------------------------------------------------------------------------------
Atom      Charge                X                  Y                  Z
-------------------------------------------------------------------------------
C1         6.0           8.8160481000E-01   3.0718951800E+00   2.0554750300E+00
C2         6.0          -1.3633821500E+00   1.8508961700E+00   2.3311224700E+00
C3         6.0          -1.7127803600E+00  -6.7084049000E-01   1.3942307800E+00
C4         6.0           3.2288086000E-01  -1.9312399600E+00   1.5326791000E-01
C5         6.0           2.7296701900E+00  -6.2270924000E-01  -1.3952366000E-01
C6         6.0           2.9850396700E+00   1.8844354100E+00   8.2194212000E-01
C7         6.0           5.3100432400E+00   3.1740742500E+00   5.4888556000E-01
C8         6.0           7.3449922100E+00   2.0486570100E+00  -6.3475159000E-01
C9         6.0           7.1050579300E+00  -4.2298026000E-01  -1.5866421700E+00
C10        6.0           4.8497832700E+00  -1.7214714800E+00  -1.3413475500E+00
C11        6.0          -1.0572963000E-01  -4.4139394900E+00  -7.4132407000E-01
C12        6.0          -2.4161465200E+00  -5.5970375600E+00  -4.3294425000E-01
C13        6.0          -4.4165562300E+00  -4.3441154100E+00   7.9248290000E-01
C14        6.0          -4.0586429200E+00  -1.9192052400E+00   1.6894703000E+00
C15        6.0          -6.6524226200E+00   5.1376686500E+00  -1.8252755500E+00
C16        6.0          -8.0768355900E+00   3.0971653700E+00  -2.1976848400E+00
H17        1.0           1.1259776200E+00   4.9816279300E+00   2.7738357600E+00
H18        1.0          -2.9448434400E+00   2.7681827600E+00   3.2682742800E+00
H19        1.0           5.4676613000E+00   5.0831618400E+00   1.2937531700E+00
H20        1.0           9.1202171300E+00   3.0614835800E+00  -8.3138646000E-01
H21        1.0           8.6987827200E+00  -1.3202216000E+00  -2.5203904100E+00
H22        1.0           4.7259844700E+00  -3.6237340200E+00  -2.0948317300E+00
H23        1.0           1.3971864800E+00  -5.4311889000E+00  -1.6942400500E+00
H24        1.0          -2.6841295600E+00  -7.5054580000E+00  -1.1421697000E+00
H25        1.0          -6.2273288400E+00  -5.2818681200E+00   1.0329605800E+00
H26        1.0          -5.5858904900E+00  -9.2620523000E-01   2.6402195000E+00
H27        1.0          -7.4409196900E+00   7.0352954600E+00  -1.8779035800E+00
H28        1.0          -4.6365130400E+00   4.9928781300E+00  -1.4545972500E+00
H29        1.0          -1.0093433260E+01   3.2355549300E+00  -2.5714754900E+00
H30        1.0          -7.2822082900E+00   1.2029737600E+00  -2.1463489400E+00
 
Some Atomic Properties:
----------------------
  q(A) = Net Charge of Atom A
  L(A) = Lagrangian of Atom A = -(1/4) Times Atomic Integral of the Laplacian of the Electron Density
  K(A) = Electronic Kinetic Energy of Atom A (Hamiltonian Form)
  K_Scaled(A) = K(A) * E(Mol)/K(Mol) = Approximation to Virial-Based Total Energy of Atom A.
  |Mu_Intra(A)| = Magnitude of Intraatomic Dipole Moment of Atom A
--------------------------------------------------------------------------------------------------
Atom A          q(A)              L(A)              K(A)          K_Scaled(A)      |Mu_Intra(A)|
--------------------------------------------------------------------------------------------------
C1       -4.4023902900E-02  8.2016815599E-05  3.7743489340E+01 -3.8119142741E+01  1.0789246480E-01
C2       -4.5017328100E-02  7.2657395452E-06  3.7744729614E+01 -3.8120395359E+01  1.1283919222E-01
C3        6.8541230000E-03 -2.1372917855E-04  3.7736625237E+01 -3.8112210321E+01  1.0022106333E-02
C4        2.7919600000E-05  2.6128280737E-05  3.7720698313E+01 -3.8096124879E+01  1.9102249655E-02
C5        4.7595300000E-05 -5.0096323195E-05  3.7720495947E+01 -3.8095920499E+01  1.8383589311E-02
C6        8.2687693000E-03 -1.7056531270E-04  3.7736179054E+01 -3.8111759697E+01  9.9745641996E-03
C7       -4.1096629600E-02  5.1042307665E-05  3.7738409446E+01 -3.8114012288E+01  1.1155540365E-01
C8       -3.4562461200E-02  5.8004822302E-05  3.7727133904E+01 -3.8102624522E+01  1.1828847719E-01
C9       -3.3477427200E-02  2.5749954188E-05  3.7725030922E+01 -3.8100500610E+01  1.1547742974E-01
C10      -3.8129361400E-02 -4.2819586755E-05  3.7735495622E+01 -3.8111069463E+01  1.0182280044E-01
C11      -3.8029291300E-02  7.6112606188E-05  3.7735540673E+01 -3.8111114962E+01  1.0115918868E-01
C12      -3.3641295800E-02 -1.0646882912E-05  3.7724990061E+01 -3.8100459342E+01  1.1563673628E-01
C13      -3.6937654800E-02 -1.1333620225E-04  3.7727311679E+01 -3.8102804066E+01  1.1887633507E-01
C14      -4.4917948700E-02  1.2085145391E-05  3.7739894720E+01 -3.8115512344E+01  1.1671360130E-01
C15      -8.4306900700E-02 -4.5633138765E-05  3.7695745829E+01 -3.8070924048E+01  9.3511147010E-02
C16      -8.4318279000E-02 -9.4046747189E-05  3.7695774691E+01 -3.8070953197E+01  9.3672011204E-02
H17       3.7631309210E-02  2.6040677273E-05  5.9945582565E-01 -6.0542208960E-01  1.5188470046E-01
H18       4.2087644770E-02  2.1524919966E-05  5.9775019703E-01 -6.0369948519E-01  1.5021999361E-01
H19       3.5443822780E-02  2.5537169538E-05  6.0032096239E-01 -6.0629583686E-01  1.5230229918E-01
H20       3.9843149050E-02  2.6584610841E-05  5.9904162023E-01 -6.0500376167E-01  1.4952779725E-01
H21       3.8502578590E-02  2.9543389944E-05  5.9997961421E-01 -6.0595109131E-01  1.4976484545E-01
H22       3.3101353330E-02  2.5985075106E-05  6.0707659339E-01 -6.1311870531E-01  1.4433410709E-01
H23       3.3344686270E-02  1.5443007446E-05  6.0698537941E-01 -6.1302658350E-01  1.4428892020E-01
H24       3.8639370840E-02  2.7593713241E-05  5.9992039775E-01 -6.0589128548E-01  1.4973626170E-01
H25       4.0127727770E-02  1.6999139905E-05  5.9887167845E-01 -6.0483212849E-01  1.4952936502E-01
H26       4.0069982050E-02  2.5362153003E-05  5.9850456605E-01 -6.0446136230E-01  1.5068474356E-01
H27       3.5624725740E-02  1.9093413087E-05  5.9729501039E-01 -6.0323976817E-01  1.4818895636E-01
H28       4.6533333240E-02  2.6826705794E-05  5.9289988128E-01 -5.9880089522E-01  1.4324357170E-01
H29       3.5568892600E-02  1.3433176795E-05  5.9731150328E-01 -6.0325642521E-01  1.4820712727E-01
H30       4.6828502080E-02  9.4442394723E-06  5.9281023557E-01 -5.9871035728E-01  1.4301605044E-01
--------------------------------------------------------------------------------------------------
Total     8.7004819999E-05 -9.3056309290E-05  6.1203576852E+02 -6.1812723811E+02
 
1st Largest |L(A)| = 2.1372917855E-04, atom C3      
2nd Largest |L(A)| = 1.7056531270E-04, atom C6      
 
Molecular charge q(Mol) from the wfn file:   0.0000000000E+00
Molecular energy E(Mol) from the wfn file:  -6.1812733920E+02
Molecular virial ratio (-V(Mol)/T(Mol)) from the wfn file:   2.0099528000E+00
Note.  K_Scaled(A) = (1+V(Mol)/T(Mol))*K(A) = (E(Mol)/T(Mol))*K(A)
       Only use K_Scaled(A) data with caution.
 
N_AIMInt(SumA)     =        109.999913
N_Analytic(Mol)    =        109.999980
 
G_AIMInt(SumA)     =        612.035862
G_Analytic(Mol)    =        612.035822
 
K_AIMInt(SumA)     =        612.035769
K_Analytic(Mol)    =        612.035822
 
L_AIMInt(SumA)     =         -0.000093
L_Analytic(Mol)    =          0.000000
 
VenT_AIMInt(SumA)  =      -3330.432793
VenT_Analytic(Mol) =      -3330.432969
 
Some Information About the Atomic Calculations:
----------------------------------------------
  Time(sec) = "Elapsed User Time", in Seconds, for Atom A by AIMInt and, if used, by TWOe
  NProc = Number of Processors Used for AIMInt Job
  BIM = Basin Integration Method
  OAQ = Angular Quadrature Outside of Beta Sphere
  ORQ = Multiple of Default for Radial Quadrature Outside of Beta Sphere
  IAQ = Multiple of Default for Angular Quadrature Inside of Beta Sphere
  IRQ = Multiple of Default for Radial Quadrature Inside of Beta Sphere
  MIR = Maximum Integration Radius
------------------------------------------------------------------------------------------------------
Atom A     Time(sec)   NProc      BIM          OAQ                     ORQ      IAQ      IRQ      MIR
------------------------------------------------------------------------------------------------------
C1             27        8     Proaim(5)    4500(GS4)                  1.00     1.00     1.00    13.00
C2             37        8     Proaim(5)    4500(GS4)                  1.00     1.00     1.00    13.00
C3             28        8     Proaim(5)    4500(GS4)                  1.00     1.00     1.00    13.00
C4             24        8     Proaim(5)    4500(GS4)                  1.00     1.00     1.00    13.00
C5             23        8     Proaim(5)    4500(GS4)                  1.00     1.00     1.00    13.00
C6             24        8     Proaim(5)    4500(GS4)                  1.00     1.00     1.00    13.00
C7             22        8     Proaim(5)    4500(GS4)                  1.00     1.00     1.00    13.00
C8             19        8     Proaim(5)    4500(GS4)                  1.00     1.00     1.00    13.00
C9             20        8     Proaim(5)    4500(GS4)                  1.00     1.00     1.00    13.00
C10            22        8     Proaim(5)    4500(GS4)                  1.00     1.00     1.00    13.00
C11            23        8     Proaim(5)    4500(GS4)                  1.00     1.00     1.00    13.00
C12            21        8     Proaim(5)    4500(GS4)                  1.00     1.00     1.00    13.00
C13            22        8     Proaim(5)    4500(GS4)                  1.00     1.00     1.00    13.00
C14            35        8     Proaim(5)    4500(GS4)                  1.00     1.00     1.00    13.00
C15            21        8     Proaim(5)    4500(GS4)                  1.00     1.00     1.00    13.00
C16            21        8     Proaim(5)    4500(GS4)                  1.00     1.00     1.00    13.00
H17             7        8     Proaim(5)    1800(GS4)                  1.00     1.00     1.00    13.00
H18             9        8     Proaim(5)    1800(GS4)                  1.00     1.00     1.00    13.00
H19             7        8     Proaim(5)    1800(GS4)                  1.00     1.00     1.00    13.00
H20             6        8     Proaim(5)    1800(GS4)                  1.00     1.00     1.00    13.00
H21             6        8     Proaim(5)    1800(GS4)                  1.00     1.00     1.00    13.00
H22            14        8     Proaim(5)    4500(GS4)                  1.00     1.00     1.00    13.00
H23            14        8     Proaim(5)    4500(GS4)                  1.00     1.00     1.00    13.00
H24             6        8     Proaim(5)    1800(GS4)                  1.00     1.00     1.00    13.00
H25             6        8     Proaim(5)    1800(GS4)                  1.00     1.00     1.00    13.00
H26             9        8     Proaim(5)    1800(GS4)                  1.00     1.00     1.00    13.00
H27             5        8     Proaim(5)    1800(GS4)                  1.00     1.00     1.00    13.00
H28            17        8     Proaim(5)    4500(GS4)                  1.00     1.00     1.00    13.00
H29             5        8     Proaim(5)    1800(GS4)                  1.00     1.00     1.00    13.00
H30            16        8     Proaim(5)    4500(GS4)                  1.00     1.00     1.00    13.00
------------------------------------------------------------------------------------------------------
Total         516
Note:  Total wall clock time is less than total of atomic times if more than one atom
       was calculated at a time
 
Electron Density Critical Point Analysis of Molecular Structure:               
---------------------------------------------------------------                
  NACP = Nuclear Attractor Critical Point                                      
  NNACP = Non-Nuclear Attractor Critical Point                                 
  BCP = Bond Critical Point                                                    
  RCP = Ring Critical Point                                                    
  CCP = Cage Critical Point                                                    
  Rho = Electron Density                                                       
  GradRho = Gradient of Electron Density                                       
  HessRho_EigVals = Eigenvalues of the Hessian of Rho, Ascending Order         
  HessRho_EigVecs = Eigenvectors of the Hessian of Rho                         
  DelSqRho = Laplacian of Rho = Trace of Hessian of Rho                        
  Bond Ellipticity = (HessRho_EigVal(1) / HessRho_EigVal(2)) - 1               
  V = Virial Field = Potential Energy Density = Trace of Stress Tensor         
  G = Lagrangian Form of Kinetic Energy Density                                
  K = Hamiltonian Form of Kinetic Energy Density                               
  L = K - G = Lagrangian Density = (-1/4)DelSqRho                              
  Vnuc = Electrostatic Potential from Nuclei                                   
  Ven = Electron-nuclear attractive contribution to Virial Field V             
  Vrep = V - Ven = Repulsive contribution to Virial Field V                    
  DelSqV = Laplacian of V                                                      
  DelSqVen = Laplacian of Ven                                                  
  DelSqVrep = Laplacian of Vrep                                                
  DelSqG = Laplacian of G                                                      
  DelSqK = Laplacian of K                                                      
  Stress_EigVals = Eigenvalues of Stress Tensor, Ascending Order               
  Stress_EigVecs = Eigenvectors of Stress Tensor                               
  -DivStress = Ehrenfest Force Density = Minus Divergence of Stress Tensor     
  ESP = Total Electrostatic Potential                                          
  ESPe = Electrostatic Potential from Electrons                                
  ESPn = Electrostatic Potential from Nuclei                                   
  BP = Bond Path                                                               
  BPL = Bond Path Length                                                       
  GBL = Geometric Bond Length                                                  
  GBL_I = Distance Between Nuclear Attractors                                  
  GBL_II = Distance Between Nuclei                                             
  GBL_III = Sum of Distances Between BCP and Nuclear Attractors                
  GBL_IV = Sum of Distances Between BCP and Nuclei                             

CP# 1      Coords =  8.81605443933404E-01  3.07189527958590E+00  2.05547483784418E+00
           Type = (3,-3) NACP C1
           Rho =  1.1767645502E+02     Rho at Nucleus =  1.1767645499E+02
           GradRho =  6.8268663109E-11  1.8464103185E-11 -4.8853009583E-12
           HessRho_EigVals = -1.4500532279E+05 -1.4500439492E+05 -1.4500408061E+05
           HessRho_EigVec1 =  3.1019000221E-01 -3.6898573337E-01  8.7614593025E-01
           HessRho_EigVec2 = -3.8601631310E-01  7.9332581197E-01  4.7077124177E-01
           HessRho_EigVec3 =  8.6877705342E-01  4.8423515426E-01 -1.0364722299E-01
           DelSqRho = -4.3501379831E+05
           Bond Ellipticity = NA
           V = -1.0876380696E+05
           G =  5.1786917303E+00
           K =  1.0875862827E+05
           L =  1.0875344958E+05
           Vnuc =  8.9571102477E+06
           Ven = -1.0540409812E+09
           Vrep =  1.0539322174E+09
           DelSqV =  2.4952687075E+09
           DelSqVen =  3.8964696187E+12
           DelSqVrep = -3.8939743500E+12
           DelSqG =  1.3403335942E+08
           DelSqK = -2.6293020669E+09
           Stress_EigVals = -3.6254856063E+04 -3.6254734965E+04 -3.6254215933E+04
           Stress_EigVec1 =  8.2000277500E-01  5.7024854531E-01 -4.9112580464E-02
           Stress_EigVec2 = -4.8188511824E-01  7.3413721537E-01  4.7836103711E-01
           Stress_EigVec3 =  3.0884005861E-01 -3.6859075624E-01  8.7678884152E-01
           -DivStress = -5.1171973596E+02 -7.8343348661E+01  1.5533395237E+02
           ESP =  -1.4737946857E+01     ESP at Nucleus =  -1.4737946861E+01
           ESPe = -3.2992519846E+01     ESPe at Nucleus = -3.2992519881E+01
           ESPn =  1.8254572989E+01     ESPn at Nucleus =  1.8254573020E+01

CP# 2      Coords = -1.36338256306719E+00  1.85089567886859E+00  2.33112231159635E+00
           Type = (3,-3) NACP C2
           Rho =  1.1768062301E+02     Rho at Nucleus =  1.1768062298E+02
           GradRho = -3.5219692614E-11 -4.2408338776E-11  1.3988963633E-11
           HessRho_EigVals = -1.4501172751E+05 -1.4501079890E+05 -1.4501049306E+05
           HessRho_EigVec1 =  3.0336621897E-01 -3.6808625829E-01  8.7890923516E-01
           HessRho_EigVec2 = -3.3940011858E-01  8.2014269221E-01  4.6062297373E-01
           HessRho_EigVec3 =  8.9037997321E-01  4.3803934854E-01 -1.2387506784E-01
           DelSqRho = -4.3503301948E+05
           Bond Ellipticity = NA
           V = -1.0876862139E+05
           G =  5.1832594239E+00
           K =  1.0876343813E+05
           L =  1.0875825487E+05
           Vnuc =  9.0771196046E+06
           Ven = -1.0682010902E+09
           Vrep =  1.0680923216E+09
           DelSqV =  2.4953800179E+09
           DelSqVen =  3.9488449413E+12
           DelSqVrep = -3.9463495613E+12
           DelSqG =  1.3404049664E+08
           DelSqK = -2.6294205145E+09
           Stress_EigVals = -3.6256460394E+04 -3.6256340062E+04 -3.6255820934E+04
           Stress_EigVec1 =  9.2130964842E-01  3.4715120301E-01 -1.7514158268E-01
           Stress_EigVec2 = -2.4030624079E-01  8.6247060109E-01  4.4541820001E-01
           Stress_EigVec3 =  3.0568193007E-01 -3.6828046991E-01  8.7802508684E-01
           -DivStress =  3.3189749178E+02  3.9734639243E+02  1.2928195350E+02
           ESP =  -1.4738619854E+01     ESP at Nucleus =  -1.4738619858E+01
           ESPe = -3.3308489109E+01     ESPe at Nucleus = -3.3308488862E+01
           ESPn =  1.8569869255E+01     ESPn at Nucleus =  1.8569869004E+01

CP# 3      Coords = -1.71278028371978E+00 -6.70840186647263E-01  1.39423087831727E+00
           Type = (3,-3) NACP C3
           Rho =  1.1763964654E+02     Rho at Nucleus =  1.1763964653E+02
           GradRho = -1.1520088310E-11  1.0035034344E-11 -1.1627038484E-11
           HessRho_EigVals = -1.4495170906E+05 -1.4495056575E+05 -1.4495046842E+05
           HessRho_EigVec1 =  3.0737833623E-01 -3.6853331517E-01  8.7732648086E-01
           HessRho_EigVec2 = -5.6445570178E-01  6.7163531330E-01  4.7989141131E-01
           HessRho_EigVec3 =  7.6609941857E-01  6.4272015803E-01  1.5745858880E-03
           DelSqRho = -4.3485274323E+05
           Bond Ellipticity = NA
           V = -1.0872358519E+05
           G =  5.1996925014E+00
           K =  1.0871838550E+05
           L =  1.0871318581E+05
           Vnuc =  1.8299181391E+07
           Ven = -2.1527092308E+09
           Vrep =  2.1526005072E+09
           DelSqV =  2.4943399738E+09
           DelSqVen =  7.9574482289E+12
           DelSqVrep = -7.9549538889E+12
           DelSqG =  1.3397539556E+08
           DelSqK = -2.6283153694E+09
           Stress_EigVals = -3.6241406616E+04 -3.6241368067E+04 -3.6240810510E+04
           Stress_EigVec1 =  8.0995010805E-01  5.8528738586E-01 -3.7676231448E-02
           Stress_EigVec2 = -4.9961633245E-01  7.2218732575E-01  4.7836072882E-01
           Stress_EigVec3 =  3.0718779730E-01 -3.6862466342E-01  8.7735483968E-01
           -DivStress = -5.9291636953E+01 -2.4738712119E+02 -8.1548359470E+01
           ESP =  -1.4729850555E+01     ESP at Nucleus =  -1.4729850556E+01
           ESPe = -3.5132935991E+01     ESPe at Nucleus = -3.5132936036E+01
           ESPn =  2.0403085436E+01     ESPn at Nucleus =  2.0403085480E+01

CP# 4      Coords =  3.22881281604286E-01 -1.93123963531995E+00  1.53267898532607E-01
           Type = (3,-3) NACP C4
           Rho =  1.1762829805E+02     Rho at Nucleus =  1.1762829803E+02
           GradRho =  2.4149708505E-11  1.4998332708E-11 -1.0340133562E-12
           HessRho_EigVals = -1.4493806174E+05 -1.4493710155E+05 -1.4493691544E+05
           HessRho_EigVec1 =  3.0644600232E-01 -3.6857398755E-01  8.7763549573E-01
           HessRho_EigVec2 =  9.2059201929E-01  3.4923015935E-01 -1.7478166326E-01
           HessRho_EigVec3 =  2.4207680945E-01 -8.6150537520E-01 -4.4632645768E-01
           DelSqRho = -4.3481207873E+05
           Bond Ellipticity = NA
           V = -1.0871339595E+05
           G =  5.1881323231E+00
           K =  1.0870820781E+05
           L =  1.0870301968E+05
           Vnuc =  1.1272744849E+07
           Ven = -1.3259937909E+09
           Vrep =  1.3258850775E+09
           DelSqV =  2.4941079279E+09
           DelSqVen =  4.9015255204E+12
           DelSqVrep = -4.8990319367E+12
           DelSqG =  1.3396329727E+08
           DelSqK = -2.6280712251E+09
           Stress_EigVals = -3.6238007013E+04 -3.6237951130E+04 -3.6237437802E+04
           Stress_EigVec1 =  9.1424560348E-02 -9.0626809110E-01 -4.1269806980E-01
           Stress_EigVec2 =  9.4741889979E-01  2.0678400319E-01 -2.4420852637E-01
           Stress_EigVec3 =  3.0665775400E-01 -3.6867129408E-01  8.7752065436E-01
           -DivStress = -3.4059458010E+02 -2.6129009592E+02  9.6978278989E+00
           ESP =  -1.4726558329E+01     ESP at Nucleus =  -1.4726558331E+01
           ESPe = -3.5514955425E+01     ESPe at Nucleus = -3.5514955339E+01
           ESPn =  2.0788397096E+01     ESPn at Nucleus =  2.0788397008E+01

CP# 5      Coords =  2.72966968366407E+00 -6.22709412156763E-01 -1.39523553392986E-01
           Type = (3,-3) NACP C5
           Rho =  1.1762811358E+02     Rho at Nucleus =  1.1762811356E+02
           GradRho = -2.9793466240E-11 -1.5266964130E-11  7.9400303627E-12
           HessRho_EigVals = -1.4493781848E+05 -1.4493686249E+05 -1.4493667411E+05
           HessRho_EigVec1 =  3.0667174288E-01 -3.6814657265E-01  8.7773603273E-01
           HessRho_EigVec2 =  8.0436965573E-01  5.9325536324E-01 -3.2210726806E-02
           HessRho_EigVec3 =  5.0886334026E-01 -7.1590235020E-01 -4.7806058812E-01
           DelSqRho = -4.3481135507E+05
           Bond Ellipticity = NA
           V = -1.0871321505E+05
           G =  5.1881428993E+00
           K =  1.0870802691E+05
           L =  1.0870283877E+05
           Vnuc =  1.1002638796E+07
           Ven = -1.2942196460E+09
           Vrep =  1.2941109328E+09
           DelSqV =  2.4941037736E+09
           DelSqVen =  4.7840703283E+12
           DelSqVrep = -4.7815762245E+12
           DelSqG =  1.3396306103E+08
           DelSqK = -2.6280668346E+09
           Stress_EigVals = -3.6237946917E+04 -3.6237890141E+04 -3.6237377996E+04
           Stress_EigVec1 = -6.2967393175E-01  6.1308993526E-01  4.7710739982E-01
           Stress_EigVec2 =  7.1372009226E-01  6.9907064515E-01  4.3633278569E-02
           Stress_EigVec3 =  3.0678065386E-01 -3.6799587549E-01  8.7776116686E-01
           -DivStress =  4.0832222213E+02  1.3969565054E+02 -8.5598583110E+01
           ESP =  -1.4726678757E+01     ESP at Nucleus =  -1.4726678759E+01
           ESPe = -3.5337374597E+01     ESPe at Nucleus = -3.5337374442E+01
           ESPn =  2.0610695840E+01     ESPn at Nucleus =  2.0610695683E+01

CP# 6      Coords =  2.98503937971577E+00  1.88443551551098E+00  8.21942262479500E-01
           Type = (3,-3) NACP C6
           Rho =  1.1763880034E+02     Rho at Nucleus =  1.1763880033E+02
           GradRho =  2.4250250784E-11  6.4198003874E-12  4.2932314333E-12
           HessRho_EigVals = -1.4495058825E+05 -1.4494945488E+05 -1.4494935487E+05
           HessRho_EigVec1 =  3.0751212211E-01 -3.6826764132E-01  8.7739115514E-01
           HessRho_EigVec2 = -1.8214396820E-01  8.8223873431E-01  4.3414098002E-01
           HessRho_EigVec3 =  9.3394853692E-01  2.9331512072E-01 -2.0422137584E-01
           DelSqRho = -4.3484939800E+05
           Bond Ellipticity = NA
           V = -1.0872275083E+05
           G =  5.2006674888E+00
           K =  1.0871755017E+05
           L =  1.0871234950E+05
           Vnuc =  1.7639610098E+07
           Ven = -2.0751025704E+09
           Vrep =  2.0749938477E+09
           DelSqV =  2.4943208223E+09
           DelSqVen =  7.6705672724E+12
           DelSqVrep = -7.6680729516E+12
           DelSqG =  1.3397429392E+08
           DelSqK = -2.6282951163E+09
           Stress_EigVals = -3.6241128525E+04 -3.6241088718E+04 -3.6240533592E+04
           Stress_EigVec1 =  9.1794666145E-01  3.5778167860E-01 -1.7136568266E-01
           Stress_EigVec2 = -2.5091068479E-01  8.5822067801E-01  4.4777348749E-01
           Stress_EigVec3 =  3.0727472235E-01 -3.6803469714E-01  8.7757205214E-01
           -DivStress =  2.3494691140E+02 -8.8663281372E+01 -1.1671565437E+02
           ESP =  -1.4730070599E+01     ESP at Nucleus =  -1.4730070599E+01
           ESPe = -3.4650647402E+01     ESPe at Nucleus = -3.4650647422E+01
           ESPn =  1.9920576803E+01     ESPn at Nucleus =  1.9920576822E+01

CP# 7      Coords =  5.31004310738765E+00  3.17407434340689E+00  5.48885646547425E-01
           Type = (3,-3) NACP C7
           Rho =  1.1766685624E+02     Rho at Nucleus =  1.1766685624E+02
           GradRho = -6.4774651436E-12  6.9552054545E-12 -3.7545031103E-12
           HessRho_EigVals = -1.4499051375E+05 -1.4498955319E+05 -1.4498932820E+05
           HessRho_EigVec1 =  3.0694700864E-01 -3.6800233197E-01  8.7770030053E-01
           HessRho_EigVec2 =  4.7172939004E-01  8.5979217417E-01  1.9552186531E-01
           HessRho_EigVec3 =  8.2659235205E-01 -3.5402217573E-01 -4.3750815150E-01
           DelSqRho = -4.3496939515E+05
           Bond Ellipticity = NA
           V = -1.0875270034E+05
           G =  5.1757784990E+00
           K =  1.0874752457E+05
           L =  1.0874234879E+05
           Vnuc =  3.2635068505E+07
           Ven = -3.8400659143E+09
           Vrep =  3.8399571616E+09
           DelSqV =  2.4950117678E+09
           DelSqVen =  1.4195269566E+13
           DelSqVrep = -1.4192766166E+13
           DelSqG =  1.3401676784E+08
           DelSqK = -2.6290285356E+09
           Stress_EigVals = -3.6251127244E+04 -3.6251055398E+04 -3.6250517702E+04
           Stress_EigVec1 = -7.6189489093E-01  4.5765334234E-01  4.5833349585E-01
           Stress_EigVec2 =  5.7030605746E-01  8.0945246333E-01  1.3977736020E-01
           Stress_EigVec3 =  3.0702960117E-01 -3.6788602562E-01  8.7772016962E-01
           -DivStress =  1.0289051614E+02 -7.3172691261E+01 -6.7493972826E+01
           ESP =  -1.4738563829E+01     ESP at Nucleus =  -1.4738563830E+01
           ESPe = -3.1854841613E+01     ESPe at Nucleus = -3.1854841680E+01
           ESPn =  1.7116277784E+01     ESPn at Nucleus =  1.7116277850E+01

CP# 8      Coords =  7.34499245375524E+00  2.04865679095468E+00 -6.34751767100963E-01
           Type = (3,-3) NACP C8
           Rho =  1.1765783563E+02     Rho at Nucleus =  1.1765783562E+02
           GradRho =  2.9994568281E-11  1.7128347659E-11 -2.3285702581E-12
           HessRho_EigVals = -1.4497781563E+05 -1.4497673449E+05 -1.4497662189E+05
           HessRho_EigVec1 =  3.0705896603E-01 -3.6783606663E-01  8.7773083543E-01
           HessRho_EigVec2 =  6.9655697375E-01  7.1530579869E-01  5.6089185089E-02
           HessRho_EigVec3 = -6.4847758150E-01  5.9416684731E-01  4.7585983635E-01
           DelSqRho = -4.3493117200E+05
           Bond Ellipticity = NA
           V = -1.0874312211E+05
           G =  5.1645562980E+00
           K =  1.0873795756E+05
           L =  1.0873279300E+05
           Vnuc =  1.6107052033E+07
           Ven = -1.8951208806E+09
           Vrep =  1.8950121375E+09
           DelSqV =  2.4947914782E+09
           DelSqVen =  7.0054633800E+12
           DelSqVrep = -7.0029685885E+12
           DelSqG =  1.3400332184E+08
           DelSqK = -2.6287948000E+09
           Stress_EigVals = -3.6247921360E+04 -3.6247887004E+04 -3.6247313750E+04
           Stress_EigVec1 = -8.5839965238E-01  2.9116342366E-01  4.2234334079E-01
           Stress_EigVec2 =  4.1091764132E-01  8.8312646136E-01  2.2635005035E-01
           Stress_EigVec3 =  3.0707772443E-01 -3.6784713396E-01  8.7771963473E-01
           -DivStress = -1.9493405344E+02  1.8133998254E+02  1.4422838965E+02
           ESP =  -1.4737924492E+01     ESP at Nucleus =  -1.4737924493E+01
           ESPe = -3.0656888881E+01     ESPe at Nucleus = -3.0656889176E+01
           ESPn =  1.5918964390E+01     ESPn at Nucleus =  1.5918964683E+01

CP# 9      Coords =  7.10505819282863E+00 -4.22980046494838E-01 -1.58664217181405E+00
           Type = (3,-3) NACP C9
           Rho =  1.1765767636E+02     Rho at Nucleus =  1.1765767635E+02
           GradRho = -5.0913251866E-11  5.1355377741E-12  1.6151690852E-12
           HessRho_EigVals = -1.4497744845E+05 -1.4497636822E+05 -1.4497627777E+05
           HessRho_EigVec1 =  3.0705681178E-01 -3.6775874570E-01  8.7776398838E-01
           HessRho_EigVec2 = -6.0749084202E-01  6.3422884146E-01  4.7823493549E-01
           HessRho_EigVec3 =  7.3257831745E-01  6.8007887897E-01  2.8665784088E-02
           DelSqRho = -4.3493009444E+05
           Bond Ellipticity = NA
           V = -1.0874284589E+05
           G =  5.1611392488E+00
           K =  1.0873768475E+05
           L =  1.0873252361E+05
           Vnuc =  1.7718751501E+07
           Ven = -2.0847471295E+09
           Vrep =  2.0846383867E+09
           DelSqV =  2.4947850368E+09
           DelSqVen =  7.7064212316E+12
           DelSqVrep = -7.7039264466E+12
           DelSqG =  1.3400282969E+08
           DelSqK = -2.6287878665E+09
           Stress_EigVals = -3.6247824932E+04 -3.6247796762E+04 -3.6247224194E+04
           Stress_EigVec1 =  9.1354834738E-01  3.7235740466E-01 -1.6364406560E-01
           Stress_EigVec2 = -2.6664323300E-01  8.5210732997E-01  4.5034929167E-01
           Stress_EigVec3 =  3.0713320124E-01 -3.6778126844E-01  8.7772782529E-01
           -DivStress = -2.1119978674E+02 -1.7646597002E+02 -5.7536459155E-01
           ESP =  -1.4737602351E+01     ESP at Nucleus =  -1.4737602353E+01
           ESPe = -3.0907986053E+01     ESPe at Nucleus = -3.0907986379E+01
           ESPn =  1.6170383701E+01     ESPn at Nucleus =  1.6170384027E+01

CP# 10     Coords =  4.84978301653621E+00 -1.72147157785378E+00 -1.34134750276969E+00
           Type = (3,-3) NACP C10
           Rho =  1.1765542828E+02     Rho at Nucleus =  1.1765542828E+02
           GradRho =  1.9433040572E-11  4.4788784362E-12 -9.7783257050E-12
           HessRho_EigVals = -1.4497531558E+05 -1.4497432625E+05 -1.4497418647E+05
           HessRho_EigVec1 =  3.0707383045E-01 -3.6778882924E-01  8.7774542992E-01
           HessRho_EigVec2 = -4.8248446764E-01  7.3482539955E-01  4.7669735751E-01
           HessRho_EigVec3 =  8.2031359927E-01  5.6987982001E-01 -4.8193252673E-02
           DelSqRho = -4.3492382831E+05
           Bond Ellipticity = NA
           V = -1.0874132587E+05
           G =  5.1843983511E+00
           K =  1.0873614148E+05
           L =  1.0873095708E+05
           Vnuc =  2.1757156100E+07
           Ven = -2.5598475191E+09
           Vrep =  2.5597387778E+09
           DelSqV =  2.4947505447E+09
           DelSqVen =  9.4626811740E+12
           DelSqVrep = -9.4601864235E+12
           DelSqG =  1.3400166463E+08
           DelSqK = -2.6287522093E+09
           Stress_EigVals = -3.6247323224E+04 -3.6247274160E+04 -3.6246728490E+04
           Stress_EigVec1 =  7.9734072184E-01  6.0295327160E-01 -2.6365234029E-02
           Stress_EigVec2 = -5.1956386732E-01  7.0798366604E-01  4.7834351296E-01
           Stress_EigVec3 =  3.0708494113E-01 -3.6770433896E-01  8.7777694094E-01
           -DivStress =  1.9966937983E+02  7.6402158526E+01 -3.7467374698E+01
           ESP =  -1.4738028071E+01     ESP at Nucleus =  -1.4738028073E+01
           ESPe = -3.2637754846E+01     ESPe at Nucleus = -3.2637754737E+01
           ESPn =  1.7899726775E+01     ESPn at Nucleus =  1.7899726664E+01

CP# 11     Coords = -1.05729411058109E-01 -4.41393933020253E+00 -7.41324078134934E-01
           Type = (3,-3) NACP C11
           Rho =  1.1765574117E+02     Rho at Nucleus =  1.1765574116E+02
           GradRho =  3.6745325546E-12  3.0218569590E-11 -1.2790622782E-12
           HessRho_EigVals = -1.4497571757E+05 -1.4497472294E+05 -1.4497458416E+05
           HessRho_EigVec1 =  3.0663770627E-01 -3.6882645150E-01  8.7746245832E-01
           HessRho_EigVec2 = -2.6365278960E-01  8.5288759898E-01  4.5063283285E-01
           HessRho_EigVec3 =  9.1458215794E-01  3.6952644314E-01 -1.6428537424E-01
           DelSqRho = -4.3492502466E+05
           Bond Ellipticity = NA
           V = -1.0874162428E+05
           G =  5.1840554851E+00
           K =  1.0873644022E+05
           L =  1.0873125617E+05
           Vnuc =  2.2125789112E+07
           Ven = -2.6032261169E+09
           Vrep =  2.6031173753E+09
           DelSqV =  2.4947573860E+09
           DelSqVen =  9.6230503875E+12
           DelSqVrep = -9.6205640187E+12
           DelSqG =  1.3400204513E+08
           DelSqK = -2.6287594311E+09
           Stress_EigVals = -3.6247422922E+04 -3.6247374162E+04 -3.6246827193E+04
           Stress_EigVec1 =  9.2548440464E-01  3.3112980917E-01 -1.8393386377E-01
           Stress_EigVec2 = -2.2267110459E-01  8.6842688180E-01  4.4300375862E-01
           Stress_EigVec3 =  3.0642486182E-01 -3.6903631318E-01  8.7744857605E-01
           -DivStress = -1.7187711347E+02 -1.2624684382E+02  6.0345653832E+00
           ESP =  -1.4737736276E+01     ESP at Nucleus =  -1.4737736277E+01
           ESPe = -3.2874619624E+01     ESPe at Nucleus = -3.2874619531E+01
           ESPn =  1.8136883348E+01     ESPn at Nucleus =  1.8136883254E+01

CP# 12     Coords = -2.41614683861187E+00 -5.59703765532245E+00 -4.32944181135934E-01
           Type = (3,-3) NACP C12
           Rho =  1.1765764383E+02     Rho at Nucleus =  1.1765764382E+02
           GradRho = -3.6725858425E-12  3.7012675868E-11  3.7046842949E-12
           HessRho_EigVals = -1.4497744117E+05 -1.4497636222E+05 -1.4497627210E+05
           HessRho_EigVec1 =  3.0702045843E-01 -3.6945515724E-01  8.7706403694E-01
           HessRho_EigVec2 = -1.2135556020E-01  8.9885233229E-01  4.2111437015E-01
           HessRho_EigVec3 =  9.4393393101E-01  2.3572732451E-01 -2.3113061755E-01
           DelSqRho = -4.3493007549E+05
           Bond Ellipticity = NA
           V = -1.0874284101E+05
           G =  5.1610703654E+00
           K =  1.0873767994E+05
           L =  1.0873251887E+05
           Vnuc =  1.7666789306E+07
           Ven = -2.0786328038E+09
           Vrep =  2.0785240610E+09
           DelSqV =  2.4947849769E+09
           DelSqVen =  7.6837992530E+12
           DelSqVrep = -7.6813044680E+12
           DelSqG =  1.3400285756E+08
           DelSqK = -2.6287878345E+09
           Stress_EigVals = -3.6247823226E+04 -3.6247794939E+04 -3.6247222848E+04
           Stress_EigVec1 =  8.1792685484E-01  5.7360897019E-01 -4.4366760653E-02
           Stress_EigVec2 = -4.8683956267E-01  7.3116354316E-01  4.7789864341E-01
           Stress_EigVec3 =  3.0656630662E-01 -3.6928663998E-01  8.7729383742E-01
           -DivStress =  2.5972384710E+02  7.3680457611E+01 -5.7861112535E+01
           ESP =  -1.4737337740E+01     ESP at Nucleus =  -1.4737337741E+01
           ESPe = -3.1306445055E+01     ESPe at Nucleus = -3.1306445353E+01
           ESPn =  1.6569107315E+01     ESPn at Nucleus =  1.6569107612E+01

CP# 13     Coords = -4.41655621056187E+00 -4.34411574210574E+00  7.92482744225584E-01
           Type = (3,-3) NACP C13
           Rho =  1.1765863544E+02     Rho at Nucleus =  1.1765863543E+02
           GradRho =  2.0523562994E-11 -5.5541471775E-11 -1.0979299216E-11
           HessRho_EigVals = -1.4497895443E+05 -1.4497786344E+05 -1.4497775144E+05
           HessRho_EigVec1 =  3.0756730636E-01 -3.7128650131E-01  8.7609855952E-01
           HessRho_EigVec2 =  9.4918153455E-01  1.8431565143E-01 -2.5511204424E-01
           HessRho_EigVec3 =  6.6759018369E-02 -9.1004069941E-01 -4.0910775950E-01
           DelSqRho = -4.3493456931E+05
           Bond Ellipticity = NA
           V = -1.0874396843E+05
           G =  5.1630514305E+00
           K =  1.0873880538E+05
           L =  1.0873364233E+05
           Vnuc =  1.6333715397E+07
           Ven = -1.9218026653E+09
           Vrep =  1.9216939213E+09
           DelSqV =  2.4948109927E+09
           DelSqVen =  7.1041065943E+12
           DelSqVrep = -7.1016117833E+12
           DelSqG =  1.3400451402E+08
           DelSqK = -2.6288155067E+09
           Stress_EigVals = -3.6248203942E+04 -3.6248170002E+04 -3.6247594487E+04
           Stress_EigVec1 = -2.8996587261E-01 -9.1379406285E-01 -2.8442961067E-01
           Stress_EigVec2 =  9.0638779199E-01 -1.6680909443E-01 -3.8811840531E-01
           Stress_EigVec3 =  3.0721484867E-01 -3.7034461886E-01  8.7662072759E-01
           -DivStress = -2.0370437751E+01  2.6932571976E+02  1.2736257915E+02
           ESP =  -1.4737413775E+01     ESP at Nucleus =  -1.4737413777E+01
           ESPe = -3.1288721781E+01     ESPe at Nucleus = -3.1288722096E+01
           ESPn =  1.6551308006E+01     ESPn at Nucleus =  1.6551308320E+01

CP# 14     Coords = -4.05864289329433E+00 -1.91920508643391E+00  1.68947025783329E+00
           Type = (3,-3) NACP C14
           Rho =  1.1767245302E+02     Rho at Nucleus =  1.1767245302E+02
           GradRho =  5.1575041709E-11  1.6751130702E-11  5.2887234522E-12
           HessRho_EigVals = -1.4499894690E+05 -1.4499796884E+05 -1.4499775723E+05
           HessRho_EigVec1 =  3.0479112155E-01 -3.6602029697E-01  8.7927897417E-01
           HessRho_EigVec2 =  9.3444192015E-01 -6.3604377797E-02 -3.5038947043E-01
           HessRho_EigVec3 =  1.8417565009E-01  9.2843073265E-01  3.2263865948E-01
           DelSqRho = -4.3499467297E+05
           Bond Ellipticity = NA
           V = -1.0875902473E+05
           G =  5.1782430952E+00
           K =  1.0875384648E+05
           L =  1.0874866824E+05
           Vnuc =  3.7157761733E+07
           Ven = -4.3724449719E+09
           Vrep =  4.3723362129E+09
           DelSqV =  2.4951578917E+09
           DelSqVen =  1.6163320889E+13
           DelSqVrep = -1.6160808954E+13
           DelSqG =  1.3402602219E+08
           DelSqK = -2.6291839139E+09
           Stress_EigVals = -3.6253235061E+04 -3.6253165777E+04 -3.6252623890E+04
           Stress_EigVec1 = -6.2743085066E-02 -9.2808937709E-01 -3.6703325926E-01
