AIMSum (Version 19.02.13, Professional)
Copyright (c) 1997-2019 by Todd A. Keith
AIMSum is a component of the AIMAll package ( http://aim.tkgristmill.com )

TP:  64-bit Linux

Much of the Quantum Theory of Atoms in Molecules (QTAIM) is described in the book:
  "Atoms in Molecules - A Quantum Theory"
  R.F.W. Bader, Oxford University Press, Oxford, 1990

For additional references see:  http://aim.tkgristmill.com/references.html

Wfn File:  /home/mhennefarth/Documents/ML_Diels/summary-hayden2009/26-opt/26-opt.wfn
Sum File:  /home/mhennefarth/Documents/ML_Diels/summary-hayden2009/26-opt/26-opt.sum

SumViz File:  /home/mhennefarth/Documents/ML_Diels/summary-hayden2009/26-opt/26-opt.sumviz

Wfn Title:   Title Card Required                                                           
 
Total memory allocated for AIMSum =        1.681 Megabytes

Atomic units (a.u.) used throughout, except where stated otherwise

Model:  Restricted SCF
 
Restricted, closed-shell, single-determinant wavefunction.
  Number of electrons (from MO Occs)                   =         110.0000000000
  Number of Alpha electrons (from MO Occs)             =          55.0000000000
  Number of Beta electrons (from MO Occs)              =          55.0000000000
  Number of electron pairs (N*(N-1)/2)                 =        5995.0000000000
  Number of electron pairs (from Muller 2EDM)          =        5995.0000000000
 
Nuclear Charges and Cartesian Coordinates:
-------------------------------------------------------------------------------
Atom      Charge                X                  Y                  Z
-------------------------------------------------------------------------------
C1         6.0           5.1783726100E+00  -1.3004230400E+00  -9.9477453000E-01
C2         6.0           5.1862504000E+00   1.2688697800E+00  -9.9482456000E-01
C3         6.0           2.9809467700E+00   2.6800150600E+00  -2.8747228000E-01
C4         6.0           7.3227086000E-01   1.3752936100E+00   4.3063069000E-01
C5         6.0           7.2381640000E-01  -1.3794784600E+00   4.3065650000E-01
C6         6.0           2.9644558300E+00  -2.6980035600E+00  -2.8737935000E-01
C7         6.0           2.9803259400E+00  -5.3708313800E+00  -2.9478151000E-01
C8         6.0           8.6079806000E-01  -6.7335982600E+00   3.8242037000E-01
C9         6.0          -1.3544426200E+00  -5.4437901000E+00   1.0915664200E+00
C10        6.0          -1.4163737700E+00  -2.8300006800E+00   1.1142407500E+00
C11        6.0          -1.3989391700E+00   2.8389529300E+00   1.1142740300E+00
C12        6.0          -1.3209593100E+00   5.4523159400E+00   1.0915139800E+00
C13        6.0           9.0212795000E-01   6.7284756800E+00   3.8223848000E-01
C14        6.0           3.0132297900E+00   5.3526945400E+00  -2.9496333000E-01
C15        6.0          -8.3031718900E+00   1.2833012400E+00  -1.2405950100E+00
C16        6.0          -8.3105301400E+00  -1.2339755500E+00  -1.2406396800E+00
H17        1.0           6.8610602800E+00  -2.3495928700E+00  -1.5340112300E+00
H18        1.0           6.8753303700E+00   2.3076896200E+00  -1.5341144700E+00
H19        1.0           4.7061939000E+00  -6.3408636600E+00  -8.4696721000E-01
H20        1.0           8.9985920000E-01  -8.7865306900E+00   3.6934374000E-01
H21        1.0          -3.0290300500E+00  -6.5041276300E+00   1.6292979500E+00
H22        1.0          -3.1557137300E+00  -1.8954907600E+00   1.6629031900E+00
H23        1.0          -3.1439299700E+00   1.9151798300E+00   1.6631676700E+00
H24        1.0          -2.9889740200E+00   6.5229355900E+00   1.6293087700E+00
H25        1.0           9.5377856000E-01   8.7811297300E+00   3.6907449000E-01
H26        1.0           4.7449984700E+00   6.3120989600E+00  -8.4723874000E-01
H27        1.0          -6.7585015900E+00   2.3609236400E+00  -2.0620684100E+00
H28        1.0          -9.8441328200E+00   2.3715038100E+00  -4.2456790000E-01
H29        1.0          -6.7721823900E+00  -2.3205769300E+00  -2.0621448000E+00
H30        1.0          -9.8578225000E+00  -2.3131852400E+00  -4.2464892000E-01
 
Some Atomic Properties:
----------------------
  q(A) = Net Charge of Atom A
  L(A) = Lagrangian of Atom A = -(1/4) Times Atomic Integral of the Laplacian of the Electron Density
  K(A) = Electronic Kinetic Energy of Atom A (Hamiltonian Form)
  K_Scaled(A) = K(A) * E(Mol)/K(Mol) = Approximation to Virial-Based Total Energy of Atom A.
  |Mu_Intra(A)| = Magnitude of Intraatomic Dipole Moment of Atom A
--------------------------------------------------------------------------------------------------
Atom A          q(A)              L(A)              K(A)          K_Scaled(A)      |Mu_Intra(A)|
--------------------------------------------------------------------------------------------------
C1       -4.2168361400E-02 -1.3976696608E-04  3.7743603671E+01 -3.8119246131E+01  1.0719876488E-01
C2       -4.2013514700E-02  4.9714925537E-05  3.7743657229E+01 -3.8119300223E+01  1.0686877712E-01
C3        8.1145061000E-03  6.1187132579E-05  3.7736583569E+01 -3.8112156163E+01  8.7520284691E-03
C4       -1.0368775000E-03  6.6464597643E-05  3.7720992751E+01 -3.8096410177E+01  1.9747819315E-02
C5       -1.1102356000E-03 -1.6362303676E-05  3.7720972558E+01 -3.8096389783E+01  1.9783632950E-02
C6        8.1800754000E-03  9.9523222156E-05  3.7736586156E+01 -3.8112158775E+01  8.5081857392E-03
C7       -4.1674757600E-02  4.6149774157E-05  3.7738660143E+01 -3.8114253404E+01  1.1087566894E-01
C8       -3.5557806400E-02 -2.7622118369E-05  3.7727391947E+01 -3.8102873060E+01  1.1784493839E-01
C9       -3.6433857200E-02 -1.0345254728E-05  3.7725575799E+01 -3.8101038838E+01  1.1507855240E-01
C10      -4.1989213600E-02 -3.9214271903E-05  3.7737304290E+01 -3.8112884057E+01  1.1210008099E-01
C11      -4.1908070700E-02  6.2328541363E-05  3.7737319597E+01 -3.8112899516E+01  1.1211438202E-01
C12      -3.6558014100E-02 -1.6127416102E-04  3.7725533234E+01 -3.8100995849E+01  1.1522854931E-01
C13      -3.5550368000E-02  3.7667106656E-06  3.7727403488E+01 -3.8102884717E+01  1.1786486008E-01
C14      -4.1709708300E-02 -3.2354671813E-06  3.7738649713E+01 -3.8114242870E+01  1.1079528264E-01
C15      -8.5245921900E-02 -2.2446220047E-04  3.7695623504E+01 -3.8070788443E+01  9.3853965605E-02
C16      -8.5069042600E-02 -2.6594191895E-05  3.7695673293E+01 -3.8070838727E+01  9.4059531927E-02
H17       3.6712509960E-02  3.0753847102E-05  5.9985219430E-01 -6.0582221126E-01  1.5205085838E-01
H18       3.6710687350E-02  2.6383262826E-05  5.9985010741E-01 -6.0582010360E-01  1.5205150712E-01
H19       3.4819867320E-02  3.0675208577E-05  6.0056460638E-01 -6.0654171361E-01  1.5246910161E-01
H20       3.9000492080E-02  2.7062181237E-05  5.9935119408E-01 -6.0531622485E-01  1.4974196933E-01
H21       3.7397599880E-02  1.5967932320E-05  6.0030549968E-01 -6.0628002816E-01  1.5005403495E-01
H22       4.1450702140E-02  5.9492307595E-06  6.0357074045E-01 -6.0957776617E-01  1.4016640662E-01
H23       4.1456086350E-02  1.9783376145E-05  6.0357546670E-01 -6.0958253946E-01  1.4016238413E-01
H24       3.7400084320E-02  1.7294344111E-05  6.0030510892E-01 -6.0627963351E-01  1.5005721312E-01
H25       3.9000803790E-02  2.4097499530E-05  5.9934824407E-01 -6.0531324548E-01  1.4975070910E-01
H26       3.4816307420E-02  2.6363992677E-05  6.0056369952E-01 -6.0654079773E-01  1.5247017780E-01
H27       4.7264972800E-02  2.5207028156E-05  5.9277229476E-01 -5.9867184917E-01  1.4403090883E-01
H28       3.9236024970E-02  1.8730318171E-05  5.9594999338E-01 -6.0188117377E-01  1.4724511780E-01
H29       4.7265445470E-02  2.4042053823E-05  5.9277218132E-01 -5.9867173460E-01  1.4403055610E-01
H30       3.9233540770E-02  1.6833032191E-05  5.9594949608E-01 -6.0188067152E-01  1.4724232440E-01
--------------------------------------------------------------------------------------------------
Total     3.3956520002E-05  4.9401276404E-05  6.1203626177E+02 -6.1812754043E+02
 
1st Largest |L(A)| = 2.2446220047E-04, atom C15     
2nd Largest |L(A)| = 1.6127416102E-04, atom C12     
 
Molecular charge q(Mol) from the wfn file:   0.0000000000E+00
Molecular energy E(Mol) from the wfn file:  -6.1812758783E+02
Molecular virial ratio (-V(Mol)/T(Mol)) from the wfn file:   2.0099524800E+00
Note.  K_Scaled(A) = (1+V(Mol)/T(Mol))*K(A) = (E(Mol)/T(Mol))*K(A)
       Only use K_Scaled(A) data with caution.
 
N_AIMInt(SumA)     =        109.999966
N_Analytic(Mol)    =        109.999980
 
G_AIMInt(SumA)     =        612.036212
G_Analytic(Mol)    =        612.036257
 
K_AIMInt(SumA)     =        612.036262
K_Analytic(Mol)    =        612.036257
 
L_AIMInt(SumA)     =          0.000049
L_Analytic(Mol)    =          0.000000
 
VenT_AIMInt(SumA)  =      -3332.972994
VenT_Analytic(Mol) =      -3332.973696
 
Some Information About the Atomic Calculations:
----------------------------------------------
  Time(sec) = "Elapsed User Time", in Seconds, for Atom A by AIMInt and, if used, by TWOe
  NProc = Number of Processors Used for AIMInt Job
  BIM = Basin Integration Method
  OAQ = Angular Quadrature Outside of Beta Sphere
  ORQ = Multiple of Default for Radial Quadrature Outside of Beta Sphere
  IAQ = Multiple of Default for Angular Quadrature Inside of Beta Sphere
  IRQ = Multiple of Default for Radial Quadrature Inside of Beta Sphere
  MIR = Maximum Integration Radius
------------------------------------------------------------------------------------------------------
Atom A     Time(sec)   NProc      BIM          OAQ                     ORQ      IAQ      IRQ      MIR
------------------------------------------------------------------------------------------------------
C1             24        8     Proaim(5)    4500(GS4)                  1.00     1.00     1.00    13.00
C2             24        8     Proaim(5)    4500(GS4)                  1.00     1.00     1.00    13.00
C3             24        8     Proaim(5)    4500(GS4)                  1.00     1.00     1.00    13.00
C4             24        8     Proaim(5)    4500(GS4)                  1.00     1.00     1.00    13.00
C5             24        8     Proaim(5)    4500(GS4)                  1.00     1.00     1.00    13.00
C6             24        8     Proaim(5)    4500(GS4)                  1.00     1.00     1.00    13.00
C7             22        8     Proaim(5)    4500(GS4)                  1.00     1.00     1.00    13.00
C8             20        8     Proaim(5)    4500(GS4)                  1.00     1.00     1.00    13.00
C9             24        8     Proaim(5)    5400(GS5)                  1.00     1.00     1.00    13.00
C10            28        8     Proaim(5)    4500(GS4)                  1.00     1.00     1.00    13.00
C11            28        8     Proaim(5)    4500(GS4)                  1.00     1.00     1.00    13.00
C12            23        8     Proaim(5)    4500(GS4)                  1.00     1.00     1.00    13.00
C13            20        8     Proaim(5)    4500(GS4)                  1.00     1.00     1.00    13.00
C14            23        8     Proaim(5)    4500(GS4)                  1.00     1.00     1.00    13.00
C15            50        8     Proaim(5)    4500(GS4)                  1.00     1.00     1.00    13.00
C16            48        8     Proaim(5)    4500(GS4)                  1.00     1.00     1.00    13.00
H17             7        8     Proaim(5)    1800(GS4)                  1.00     1.00     1.00    13.00
H18             7        8     Proaim(5)    1800(GS4)                  1.00     1.00     1.00    13.00
H19             7        8     Proaim(5)    1800(GS4)                  1.00     1.00     1.00    13.00
H20             6        8     Proaim(5)    1800(GS4)                  1.00     1.00     1.00    13.00
H21             6        8     Proaim(5)    1800(GS4)                  1.00     1.00     1.00    13.00
H22            34        8     Proaim(5)    4500(GS4)                  1.00     1.00     1.00    13.00
H23            35        8     Proaim(5)    4500(GS4)                  1.00     1.00     1.00    13.00
H24             7        8     Proaim(5)    1800(GS4)                  1.00     1.00     1.00    13.00
H25             6        8     Proaim(5)    1800(GS4)                  1.00     1.00     1.00    13.00
H26             7        8     Proaim(5)    1800(GS4)                  1.00     1.00     1.00    13.00
H27            19        8     Proaim(5)    1800(GS4)                  1.00     1.00     1.00    13.00
H28             5        8     Proaim(5)    1800(GS4)                  1.00     1.00     1.00    13.00
H29            17        8     Proaim(5)    1800(GS4)                  1.00     1.00     1.00    13.00
H30             5        8     Proaim(5)    1800(GS4)                  1.00     1.00     1.00    13.00
------------------------------------------------------------------------------------------------------
Total         598
Note:  Total wall clock time is less than total of atomic times if more than one atom
       was calculated at a time
 
Electron Density Critical Point Analysis of Molecular Structure:               
---------------------------------------------------------------                
  NACP = Nuclear Attractor Critical Point                                      
  NNACP = Non-Nuclear Attractor Critical Point                                 
  BCP = Bond Critical Point                                                    
  RCP = Ring Critical Point                                                    
  CCP = Cage Critical Point                                                    
  Rho = Electron Density                                                       
  GradRho = Gradient of Electron Density                                       
  HessRho_EigVals = Eigenvalues of the Hessian of Rho, Ascending Order         
  HessRho_EigVecs = Eigenvectors of the Hessian of Rho                         
  DelSqRho = Laplacian of Rho = Trace of Hessian of Rho                        
  Bond Ellipticity = (HessRho_EigVal(1) / HessRho_EigVal(2)) - 1               
  V = Virial Field = Potential Energy Density = Trace of Stress Tensor         
  G = Lagrangian Form of Kinetic Energy Density                                
  K = Hamiltonian Form of Kinetic Energy Density                               
  L = K - G = Lagrangian Density = (-1/4)DelSqRho                              
  Vnuc = Electrostatic Potential from Nuclei                                   
  Ven = Electron-nuclear attractive contribution to Virial Field V             
  Vrep = V - Ven = Repulsive contribution to Virial Field V                    
  DelSqV = Laplacian of V                                                      
  DelSqVen = Laplacian of Ven                                                  
  DelSqVrep = Laplacian of Vrep                                                
  DelSqG = Laplacian of G                                                      
  DelSqK = Laplacian of K                                                      
  Stress_EigVals = Eigenvalues of Stress Tensor, Ascending Order               
  Stress_EigVecs = Eigenvectors of Stress Tensor                               
  -DivStress = Ehrenfest Force Density = Minus Divergence of Stress Tensor     
  ESP = Total Electrostatic Potential                                          
  ESPe = Electrostatic Potential from Electrons                                
  ESPn = Electrostatic Potential from Nuclei                                   
  BP = Bond Path                                                               
  BPL = Bond Path Length                                                       
  GBL = Geometric Bond Length                                                  
  GBL_I = Distance Between Nuclear Attractors                                  
  GBL_II = Distance Between Nuclei                                             
  GBL_III = Sum of Distances Between BCP and Nuclear Attractors                
  GBL_IV = Sum of Distances Between BCP and Nuclei                             

CP# 1      Coords =  5.17837237954041E+00 -1.30042367465273E+00 -9.94774456889691E-01
           Type = (3,-3) NACP C1
           Rho =  1.1767540795E+02     Rho at Nucleus =  1.1767540792E+02
           GradRho = -1.1009330763E-11 -7.1037834908E-11  1.3856380277E-11
           HessRho_EigVals = -1.4500391435E+05 -1.4500300478E+05 -1.4500268784E+05
           HessRho_EigVec1 =  3.0476931560E-01 -1.0710363483E-03  9.5242559665E-01
           HessRho_EigVec2 =  9.5241967765E-01  4.0432363503E-03 -3.0476287480E-01
           HessRho_EigVec3 = -3.5244696768E-03  9.9999125252E-01  2.2523304689E-03
           DelSqRho = -4.3500960697E+05
           Bond Ellipticity = NA
           V = -1.0876276322E+05
           G =  5.1807395149E+00
           K =  1.0875758248E+05
           L =  1.0875240174E+05
           Vnuc =  8.8346276302E+06
           Ven = -1.0396184105E+09
           Vrep =  1.0395096477E+09
           DelSqV =  2.4952447129E+09
           DelSqVen =  3.8431497912E+12
           DelSqVrep = -3.8406548087E+12
           DelSqG =  1.3403196500E+08
           DelSqK = -2.6292766779E+09
           Stress_EigVals = -3.6254507234E+04 -3.6254385353E+04 -3.6253870634E+04
           Stress_EigVec1 = -1.1098729174E-01  9.9315121226E-01  3.6503296657E-02
           Stress_EigVec2 =  9.4593913453E-01  1.1683223128E-01 -3.0257128663E-01
           Stress_EigVec3 =  3.0476380171E-01 -9.4832918524E-04  9.5242749112E-01
           -DivStress =  1.8758239981E+02  5.1140904764E+02 -5.9546870932E+01
           ESP =  -1.4739900041E+01     ESP at Nucleus =  -1.4739900046E+01
           ESPe = -3.2441594329E+01     ESPe at Nucleus = -3.2441594290E+01
           ESPn =  1.7701694288E+01     ESPn at Nucleus =  1.7701694244E+01

CP# 2      Coords =  5.18625017344623E+00  1.26887041601197E+00 -9.94824486957650E-01
           Type = (3,-3) NACP C2
           Rho =  1.1767541135E+02     Rho at Nucleus =  1.1767541132E+02
           GradRho = -4.7110365684E-11  7.4687686782E-11  1.0360927001E-11
           HessRho_EigVals = -1.4500391870E+05 -1.4500300913E+05 -1.4500269218E+05
           HessRho_EigVec1 =  3.0478127665E-01 -7.6173759264E-04  9.5242206671E-01
           HessRho_EigVec2 =  9.5237382173E-01 -9.8531347040E-03 -3.0477371838E-01
           HessRho_EigVec3 =  9.6165005169E-03  9.9995116655E-01 -2.2775920318E-03
           DelSqRho = -4.3500962001E+05
           Bond Ellipticity = NA
           V = -1.0876276649E+05
           G =  5.1807430392E+00
           K =  1.0875758575E+05
           L =  1.0875240500E+05
           Vnuc =  8.8352770883E+06
           Ven = -1.0396948658E+09
           Vrep =  1.0395861030E+09
           DelSqV =  2.4952447889E+09
           DelSqVen =  3.8434292367E+12
           DelSqVrep = -3.8409342541E+12
           DelSqG =  1.3403196922E+08
           DelSqK = -2.6292767581E+09
           Stress_EigVals = -3.6254508323E+04 -3.6254386444E+04 -3.6253871723E+04
           Stress_EigVec1 =  1.1706046176E-01  9.9245239757E-01 -3.6538840248E-02
           Stress_EigVec2 =  9.4520434378E-01 -1.2262731817E-01 -3.0257443603E-01
           Stress_EigVec3 =  3.0477138447E-01 -8.8283267930E-04  9.5242512767E-01
           -DivStress =  1.8443444776E+02 -5.1251575461E+02 -5.9492294898E+01
           ESP =  -1.4739900636E+01     ESP at Nucleus =  -1.4739900640E+01
           ESPe = -3.2441586416E+01     ESPe at Nucleus = -3.2441586377E+01
           ESPn =  1.7701685780E+01     ESPn at Nucleus =  1.7701685736E+01

CP# 3      Coords =  2.98094702335070E+00  2.68001486072986E+00 -2.87472362667206E-01
           Type = (3,-3) NACP C3
           Rho =  1.1763920911E+02     Rho at Nucleus =  1.1763920910E+02
           GradRho =  2.9885850332E-12  2.3779893456E-12 -1.0163298968E-12
           HessRho_EigVals = -1.4495115121E+05 -1.4495001112E+05 -1.4494991516E+05
           HessRho_EigVec1 =  3.0495169497E-01 -9.6649024927E-04  9.5236732915E-01
           HessRho_EigVec2 =  9.3049764714E-01  2.1337654060E-01 -2.9773239761E-01
           HessRho_EigVec3 = -2.0292509062E-01  9.7696955829E-01  6.5968854626E-02
           DelSqRho = -4.3485107749E+05
           Bond Ellipticity = NA
           V = -1.0872317036E+05
           G =  5.2004913500E+00
           K =  1.0871796986E+05
           L =  1.0871276937E+05
           Vnuc =  1.8031048204E+07
           Ven = -2.1211582501E+09
           Vrep =  2.1210495269E+09
           DelSqV =  2.4943304644E+09
           DelSqVen =  7.8407983432E+12
           DelSqVrep = -7.8383019156E+12
           DelSqG =  1.3397486638E+08
           DelSqK = -2.6283053307E+09
           Stress_EigVals = -3.6241268106E+04 -3.6241229556E+04 -3.6240672693E+04
           Stress_EigVec1 = -1.3023455407E-01  9.9056321704E-01  4.2702154293E-02
           Stress_EigVec2 =  9.4344445077E-01  1.3705315537E-01 -3.0187580378E-01
           Stress_EigVec3 =  3.0487953232E-01 -9.7244981441E-04  9.5239042683E-01
           -DivStress = -2.0817370029E+02  1.5985981559E+02  6.7821484975E+01
           ESP =  -1.4731711939E+01     ESP at Nucleus =  -1.4731711939E+01
           ESPe = -3.4561779931E+01     ESPe at Nucleus = -3.4561780024E+01
           ESPn =  1.9830067992E+01     ESPn at Nucleus =  1.9830068085E+01

CP# 4      Coords =  7.32270970445009E-01  1.37529308577821E+00  4.30630655932579E-01
           Type = (3,-3) NACP C4
           Rho =  1.1762900399E+02     Rho at Nucleus =  1.1762900397E+02
           GradRho =  2.9241914744E-12 -2.4174704469E-11 -2.8169751688E-13
           HessRho_EigVals = -1.4493908175E+05 -1.4493811905E+05 -1.4493793139E+05
           HessRho_EigVec1 =  3.0437040246E-01 -7.9346818969E-04  9.5255342554E-01
           HessRho_EigVec2 =  1.5645855162E-01  9.8645976604E-01 -4.9171654443E-02
           HessRho_EigVec3 =  9.3961661316E-01 -1.6400152555E-01 -3.0037330089E-01
           DelSqRho = -4.3481513219E+05
           Bond Ellipticity = NA
           V = -1.0871415698E+05
           G =  5.1869651162E+00
           K =  1.0870897001E+05
           L =  1.0870378305E+05
           Vnuc =  1.1177117259E+07
           Ven = -1.3147531707E+09
           Vrep =  1.3146444565E+09
           DelSqV =  2.4941254896E+09
           DelSqVen =  4.8599819878E+12
           DelSqVrep = -4.8574878624E+12
           DelSqG =  1.3396438282E+08
           DelSqK = -2.6280898724E+09
           Stress_EigVals = -3.6238261216E+04 -3.6238204638E+04 -3.6237691122E+04
           Stress_EigVec1 = -9.0306008805E-01  3.1767912534E-01  2.8907170511E-01
           Stress_EigVec2 =  3.0285391181E-01  9.4819782510E-01 -9.5918676845E-02
           Stress_EigVec3 =  3.0456852345E-01 -9.2616793114E-04  9.5248997724E-01
           -DivStress = -8.8333100653E+01  4.2311640852E+02  2.7049564881E+01
           ESP =  -1.4728551510E+01     ESP at Nucleus =  -1.4728551512E+01
           ESPe = -3.5633203324E+01     ESPe at Nucleus = -3.5633203214E+01
           ESPn =  2.0904651814E+01     ESPn at Nucleus =  2.0904651702E+01

CP# 5      Coords =  7.23816513767878E-01 -1.37947793644085E+00  4.30656465905559E-01
           Type = (3,-3) NACP C5
           Rho =  1.1762900511E+02     Rho at Nucleus =  1.1762900508E+02
           GradRho =  8.8365659055E-12  1.9906643961E-11 -3.5342675509E-12
           HessRho_EigVals = -1.4493908407E+05 -1.4493812137E+05 -1.4493793370E+05
           HessRho_EigVec1 =  3.0432766332E-01 -1.0574073134E-03  9.5256682455E-01
           HessRho_EigVec2 = -1.5046327463E-01  9.8739226005E-01  4.9166327626E-02
           HessRho_EigVec3 =  9.4060909858E-01  1.5828899733E-01 -3.0033167832E-01
           DelSqRho = -4.3481513913E+05
           Bond Ellipticity = NA
           V = -1.0871415870E+05
           G =  5.1869591077E+00
           K =  1.0870897174E+05
           L =  1.0870378478E+05
           Vnuc =  1.1176097907E+07
           Ven = -1.3146332777E+09
           Vrep =  1.3145245636E+09
           DelSqV =  2.4941255338E+09
           DelSqVen =  4.8595352945E+12
           DelSqVrep = -4.8570411689E+12
           DelSqG =  1.3396438589E+08
           DelSqK = -2.6280899196E+09
           Stress_EigVals = -3.6238261793E+04 -3.6238205211E+04 -3.6237691697E+04
           Stress_EigVec1 =  9.0499246445E-01  3.1216080023E-01 -2.8904026377E-01
           Stress_EigVec2 =  2.9706476911E-01 -9.5002882627E-01 -9.5904912301E-02
           Stress_EigVec3 =  3.0453433670E-01 -9.2954371552E-04  9.5250090484E-01
           -DivStress = -9.1014816869E+01 -4.2258678592E+02  2.7072159935E+01
           ESP =  -1.4728551672E+01     ESP at Nucleus =  -1.4728551673E+01
           ESPe = -3.5633252312E+01     ESPe at Nucleus = -3.5633252201E+01
           ESPn =  2.0904700640E+01     ESPn at Nucleus =  2.0904700528E+01

CP# 6      Coords =  2.96445608453098E+00 -2.69800336216159E+00 -2.87379432632832E-01
           Type = (3,-3) NACP C6
           Rho =  1.1763921085E+02     Rho at Nucleus =  1.1763921084E+02
           GradRho =  2.1731211841E-11  1.6406614749E-11 -2.3596985368E-12
           HessRho_EigVals = -1.4495115303E+05 -1.4495001295E+05 -1.4494991699E+05
           HessRho_EigVec1 =  3.0493018316E-01 -8.6503299596E-04  9.5237431460E-01
           HessRho_EigVec2 =  9.2918169021E-01 -2.1907552424E-01 -2.9770337796E-01
           HessRho_EigVec3 =  2.0889942549E-01  9.7570752093E-01 -6.5998966910E-02
           DelSqRho = -4.3485108296E+05
           Bond Ellipticity = NA
           V = -1.0872317170E+05
           G =  5.2004799982E+00
           K =  1.0871797122E+05
           L =  1.0871277074E+05
           Vnuc =  1.8028995901E+07
           Ven = -2.1209168502E+09
           Vrep =  2.1208081271E+09
           DelSqV =  2.4943304957E+09
           DelSqVen =  7.8399322194E+12
           DelSqVrep = -7.8374378889E+12
           DelSqG =  1.3397486776E+08
           DelSqK = -2.6283053634E+09
           Stress_EigVals = -3.6241268557E+04 -3.6241230001E+04 -3.6240673142E+04
           Stress_EigVec1 =  1.3633005227E-01  9.8974095936E-01 -4.2742838076E-02
           Stress_EigVec2 =  9.4258729658E-01 -1.4287087962E-01 -3.0185609167E-01
           Stress_EigVec3 =  3.0486604463E-01 -8.6320056589E-04  9.5239484969E-01
           -DivStress = -2.0912068409E+02 -1.5868197314E+02  6.7793604976E+01
           ESP =  -1.4731711219E+01     ESP at Nucleus =  -1.4731711219E+01
           ESPe = -3.4561806473E+01     ESPe at Nucleus = -3.4561806566E+01
           ESPn =  1.9830095254E+01     ESPn at Nucleus =  1.9830095347E+01

CP# 7      Coords =  2.98032610437194E+00 -5.37083131124872E+00 -2.94781561566596E-01
           Type = (3,-3) NACP C7
           Rho =  1.1766695846E+02     Rho at Nucleus =  1.1766695846E+02
           GradRho = -1.9716120938E-11  5.0934501529E-11  2.5267745295E-12
           HessRho_EigVals = -1.4499070851E+05 -1.4498975105E+05 -1.4498952500E+05
           HessRho_EigVec1 =  3.0474800816E-01 -4.5696860497E-04  9.5243290719E-01
           HessRho_EigVec2 =  5.7459121435E-01 -7.9743526330E-01 -1.8423337711E-01
           HessRho_EigVec3 =  7.5958777499E-01  6.0340433544E-01 -2.4275423798E-01
           DelSqRho = -4.3496998457E+05
           Bond Ellipticity = NA
           V = -1.0875284749E+05
           G =  5.1756750561E+00
           K =  1.0874767182E+05
           L =  1.0874249614E+05
           Vnuc =  3.2347973719E+07
           Ven = -3.8062876800E+09
           Vrep =  3.8061789272E+09
           DelSqV =  2.4950152068E+09
           DelSqVen =  1.4070363193E+13
           DelSqVrep = -1.4067868178E+13
           DelSqG =  1.3401702043E+08
           DelSqK = -2.6290322272E+09
           Stress_EigVals = -3.6251176146E+04 -3.6251104114E+04 -3.6250567232E+04
           Stress_EigVec1 =  8.2496387726E-01  4.9997544691E-01 -2.6355104574E-01
           Stress_EigVec2 =  4.7606515037E-01 -8.6603939818E-01 -1.5276692512E-01
           Stress_EigVec3 =  3.0462530070E-01 -5.5972663820E-04  9.5247210609E-01
           -DivStress = -1.2848377292E+02 -5.2635346431E+01  4.0224006656E+01
           ESP =  -1.4739960851E+01     ESP at Nucleus =  -1.4739960852E+01
           ESPe = -3.1893052744E+01     ESPe at Nucleus = -3.1893052859E+01
           ESPn =  1.7153091893E+01     ESPn at Nucleus =  1.7153092006E+01

CP# 8      Coords =  8.60797729704178E-01 -6.73359840230475E+00  3.82420473391244E-01
           Type = (3,-3) NACP C8
           Rho =  1.1765787753E+02     Rho at Nucleus =  1.1765787752E+02
           GradRho = -7.4562399456E-12  1.8163823162E-12  1.0484587607E-12
           HessRho_EigVals = -1.4497796009E+05 -1.4497688451E+05 -1.4497676842E+05
           HessRho_EigVec1 =  3.0496481863E-01 -9.3967563624E-04  9.5236315364E-01
           HessRho_EigVec2 =  3.0181524875E-01 -9.4835919844E-01 -9.7582715453E-02
           HessRho_EigVec3 =  9.0327405311E-01  3.1719701724E-01 -2.8893258252E-01
           DelSqRho = -4.3493161302E+05
           Bond Ellipticity = NA
           V = -1.0874323165E+05
           G =  5.1641961583E+00
           K =  1.0873806745E+05
           L =  1.0873290325E+05
           Vnuc =  1.6033645425E+07
           Ven = -1.8864846898E+09
           Vrep =  1.8863759466E+09
           DelSqV =  2.4947940915E+09
           DelSqVen =  6.9735567852E+12
           DelSqVrep = -6.9710619911E+12
           DelSqG =  1.3400355315E+08
           DelSqK = -2.6287976446E+09
           Stress_EigVals = -3.6247957544E+04 -3.6247923134E+04 -3.6247350968E+04
           Stress_EigVec1 =  7.3174013653E-01  6.4024858632E-01 -2.3374798461E-01
           Stress_EigVec2 =  6.0963693772E-01 -7.6816752711E-01 -1.9560535387E-01
           Stress_EigVec3 =  3.0479366260E-01 -6.3088280977E-04  9.5241819871E-01
           -DivStress =  2.6991746524E+02  1.1130053953E+02 -8.4606630024E+01
           ESP =  -1.4739270051E+01     ESP at Nucleus =  -1.4739270053E+01
           ESPe = -3.0976757481E+01     ESPe at Nucleus = -3.0976757766E+01
           ESPn =  1.6237487429E+01     ESPn at Nucleus =  1.6237487713E+01

CP# 9      Coords = -1.35444255868377E+00 -5.44379046322034E+00  1.09156640188493E+00
           Type = (3,-3) NACP C9
           Rho =  1.1765838959E+02     Rho at Nucleus =  1.1765838958E+02
           GradRho =  1.4026889391E-11  3.1310333480E-11  2.1166070741E-12
           HessRho_EigVals = -1.4497857404E+05 -1.4497749646E+05 -1.4497739829E+05
           HessRho_EigVec1 =  3.0627179913E-01 -8.7105322173E-04  9.5194370964E-01
           HessRho_EigVec2 =  9.1705309563E-01  2.6852599684E-01 -2.9480062552E-01
           HessRho_EigVec3 = -2.5536484653E-01  9.6327204376E-01  8.3040742219E-02
           DelSqRho = -4.3493346879E+05
           Bond Ellipticity = NA
           V = -1.0874368653E+05
           G =  5.1596644762E+00
           K =  1.0873852686E+05
           L =  1.0873336720E+05
           Vnuc =  1.6268793222E+07
           Ven = -1.9141600111E+09
           Vrep =  1.9140512674E+09
           DelSqV =  2.4948045476E+09
           DelSqVen =  7.0758432768E+12
           DelSqVrep = -7.0733526666E+12
           DelSqG =  1.3400411416E+08
           DelSqK = -2.6288086618E+09
           Stress_EigVals = -3.6248106068E+04 -3.6248075978E+04 -3.6247504480E+04
           Stress_EigVec1 =  9.9417614904E-02  9.9455718458E-01 -3.1179231023E-02
           Stress_EigVec2 =  9.4694407163E-01 -1.0418979617E-01 -3.0404179248E-01
           Stress_EigVec3 =  3.0563550685E-01 -7.0212186384E-04  9.5214833087E-01
           -DivStress = -5.4084185800E+01  2.9417648652E+02  1.5504827789E+01
           ESP =  -1.4739093918E+01     ESP at Nucleus =  -1.4739093920E+01
           ESPe = -3.1606287837E+01     ESPe at Nucleus = -3.1606288246E+01
           ESPn =  1.6867193918E+01     ESPn at Nucleus =  1.6867194326E+01

CP# 10     Coords = -1.41637360181391E+00 -2.83000049592428E+00  1.11424068925596E+00
           Type = (3,-3) NACP C10
           Rho =  1.1765935249E+02     Rho at Nucleus =  1.1765935248E+02
           GradRho =  2.1072825017E-12 -1.7829746050E-11  1.4678943093E-11
           HessRho_EigVals = -1.4498098608E+05 -1.4497995057E+05 -1.4497982012E+05
           HessRho_EigVec1 =  3.0383539943E-01  1.0321975363E-03  9.5272398134E-01
           HessRho_EigVec2 =  9.1374747279E-01  2.8278940181E-01 -2.9171169020E-01
           HessRho_EigVec3 = -2.6972134886E-01  9.5918146812E-01  8.4978262961E-02
           DelSqRho = -4.3494075676E+05
           Bond Ellipticity = NA
           V = -1.0874555727E+05
           G =  5.1840391255E+00
           K =  1.0874037323E+05
           L =  1.0873518919E+05
           Vnuc =  2.3379749380E+07
           Ven = -2.7508461734E+09
           Vrep =  2.7507374278E+09
           DelSqV =  2.4948480877E+09
           DelSqVen =  1.0168783864E+13
           DelSqVrep = -1.0166289016E+13
           DelSqG =  1.3400767576E+08
           DelSqK = -2.6288557635E+09
           Stress_EigVals = -3.6248735875E+04 -3.6248688962E+04 -3.6248132432E+04
           Stress_EigVec1 = -2.9055680801E-01  9.5243408707E-01  9.1902399906E-02
           Stress_EigVec2 =  9.0755157537E-01  3.0474417646E-01 -2.8893100380E-01
           Stress_EigVec3 =  3.0319445801E-01  5.4470238383E-04  9.5292855133E-01
           -DivStress = -1.3663289216E+02 -1.4254326009E+02  4.8612543623E+01
           ESP =  -1.4740628040E+01     ESP at Nucleus =  -1.4740628040E+01
           ESPe = -3.3482676680E+01     ESPe at Nucleus = -3.3482676392E+01
           ESPn =  1.8742048640E+01     ESPn at Nucleus =  1.8742048352E+01

CP# 11     Coords = -1.39893900304362E+00  2.83895274487482E+00  1.11427396921847E+00
           Type = (3,-3) NACP C11
           Rho =  1.1765934606E+02     Rho at Nucleus =  1.1765934605E+02
           GradRho = -7.2623907078E-12  1.0253304376E-11  3.3191412672E-12
           HessRho_EigVals = -1.4498097899E+05 -1.4497994353E+05 -1.4497981308E+05
           HessRho_EigVec1 =  3.0389801420E-01 -2.8524340483E-03  9.5270029946E-01
           HessRho_EigVec2 =  9.1201157835E-01 -2.8826751819E-01 -2.9178197155E-01
           HessRho_EigVec3 =  2.7546483973E-01  9.5754566553E-01 -8.5002473457E-02
           DelSqRho = -4.3494073560E+05
           Bond Ellipticity = NA
           V = -1.0874555196E+05
           G =  5.1840321479E+00
           K =  1.0874036793E+05
           L =  1.0873518390E+05
           Vnuc =  2.3383319696E+07
           Ven = -2.7512661041E+09
           Vrep =  2.7511573586E+09
           DelSqV =  2.4948479773E+09
           DelSqVen =  1.0170356728E+13
           DelSqVrep = -1.0167861880E+13
           DelSqG =  1.3400767001E+08
           DelSqK = -2.6288556473E+09
           Stress_EigVals = -3.6248734098E+04 -3.6248687194E+04 -3.6248130672E+04
           Stress_EigVec1 =  2.9629246796E-01  9.5066174894E-01 -9.1940266150E-02
           Stress_EigVec2 =  9.0567183368E-01 -3.1022034680E-01 -2.8900149845E-01
           Stress_EigVec3 =  3.0326441121E-01 -2.3612577862E-03  9.5290352154E-01
           -DivStress = -1.3567607997E+02  1.4339606796E+02  4.8644200412E+01
           ESP =  -1.4740626196E+01     ESP at Nucleus =  -1.4740626196E+01
           ESPe = -3.3482477907E+01     ESPe at Nucleus = -3.3482477620E+01
           ESPn =  1.8741851711E+01     ESPn at Nucleus =  1.8741851423E+01

CP# 12     Coords = -1.32095924650047E+00  5.45231630276626E+00  1.09151396183369E+00
           Type = (3,-3) NACP C12
           Rho =  1.1765838726E+02     Rho at Nucleus =  1.1765838725E+02
           GradRho =  7.3220831118E-12  6.9848311149E-12 -3.4852946267E-12
           HessRho_EigVals = -1.4497856962E+05 -1.4497749204E+05 -1.4497739386E+05
           HessRho_EigVec1 =  3.0632180528E-01 -9.6740876919E-04  9.5192752651E-01
           HessRho_EigVec2 =  9.1533185018E-01 -2.7431035170E-01 -2.9482441383E-01
           HessRho_EigVec3 =  2.6140879032E-01  9.6164073077E-01 -8.3141742080E-02
           DelSqRho = -4.3493345552E+05
           Bond Ellipticity = NA
           V = -1.0874368320E+05
           G =  5.1596582324E+00
           K =  1.0873852354E+05
           L =  1.0873336388E+05
           Vnuc =  1.6272100843E+07
           Ven = -1.9145491426E+09
           Vrep =  1.9144403989E+09
           DelSqV =  2.4948044663E+09
           DelSqVen =  7.0772798259E+12
           DelSqVrep = -7.0747850215E+12
           DelSqG =  1.3400410859E+08
           DelSqK = -2.6288085749E+09
           Stress_EigVals = -3.6248104955E+04 -3.6248074870E+04 -3.6247503370E+04
           Stress_EigVec1 = -9.3194111649E-02  9.9516169660E-01  3.1113584893E-02
           Stress_EigVec2 =  9.4756135955E-01  9.8244051713E-02 -3.0409797136E-01
           Stress_EigVec3 =  3.0568337775E-01 -1.1418905070E-03  9.5213253733E-01
           -DivStress = -5.5852226588E+01 -2.9378146173E+02  1.5546470013E+01
           ESP =  -1.4739093087E+01     ESP at Nucleus =  -1.4739093089E+01
           ESPe = -3.1606053834E+01     ESPe at Nucleus = -3.1606054243E+01
           ESPn =  1.6866960747E+01     ESPn at Nucleus =  1.6866961154E+01

CP# 13     Coords =  9.02127620552393E-01  6.72847582432560E+00  3.82238583376380E-01
           Type = (3,-3) NACP C13
           Rho =  1.1765787979E+02     Rho at Nucleus =  1.1765787978E+02
           GradRho = -9.5509028845E-12 -1.9069247388E-11  7.5236700770E-14
           HessRho_EigVals = -1.4497796165E+05 -1.4497688608E+05 -1.4497676997E+05
           HessRho_EigVec1 =  3.0500252106E-01 -8.8647561279E-04  9.5235113079E-01
           HessRho_EigVec2 =  3.0755405456E-01  9.4651012457E-01 -9.7617045702E-02
           HessRho_EigVec3 = -9.0132345230E-01  3.2267289667E-01  2.8896061337E-01
           DelSqRho = -4.3493161770E+05
           Bond Ellipticity = NA
           V = -1.0874323282E+05
           G =  5.1641967845E+00
           K =  1.0873806862E+05
           L =  1.0873290442E+05
           Vnuc =  1.6032697419E+07
           Ven = -1.8863731855E+09
           Vrep =  1.8862644423E+09
           DelSqV =  2.4947941137E+09
           DelSqVen =  6.9731289661E+12
           DelSqVrep = -6.9706341720E+12
           DelSqG =  1.3400355346E+08
           DelSqK = -2.6287976672E+09
           Stress_EigVals = -3.6247957936E+04 -3.6247923524E+04 -3.6247351358E+04
           Stress_EigVec1 = -7.2782750792E-01  6.4469010929E-01  2.3375581642E-01
           Stress_EigVec2 =  6.1428747406E-01  7.6444308631E-01 -1.9564679147E-01
           Stress_EigVec3 =  3.0482456912E-01 -1.1961533484E-03  9.5240776523E-01
           -DivStress =  2.6925487464E+02 -1.1295210535E+02 -8.4595139942E+01
           ESP =  -1.4739270295E+01     ESP at Nucleus =  -1.4739270297E+01
           ESPe = -3.0976621144E+01     ESPe at Nucleus = -3.0976621429E+01
           ESPn =  1.6237350849E+01     ESPn at Nucleus =  1.6237351132E+01

CP# 14     Coords =  3.01322995389442E+00  5.35269447028536E+00 -2.94963381602819E-01
           Type = (3,-3) NACP C14
           Rho =  1.1766696236E+02     Rho at Nucleus =  1.1766696236E+02
           GradRho = -1.2062469534E-11 -1.5882748802E-11 -2.4547270073E-12
           HessRho_EigVals = -1.4499071522E+05 -1.4498975776E+05 -1.4498953170E+05
           HessRho_EigVec1 =  3.0478031397E-01 -1.3703584941E-03  9.5242169354E-01
           HessRho_EigVec2 =  5.7948630052E-01  7.9387050050E-01 -1.8429665202E-01
           HessRho_EigVec3 = -7.5584693405E-01  6.0808531520E-01  2.4275020437E-01
           DelSqRho = -4.3497000467E+05
           Bond Ellipticity = NA
           V = -1.0875285252E+05
           G =  5.1756754029E+00
           K =  1.0874767684E+05
           L =  1.0874250117E+05
           Vnuc =  3.2357204939E+07
           Ven = -3.8073740157E+09
           Vrep =  3.8072652629E+09
           DelSqV =  2.4950153308E+09
           DelSqVen =  1.4074406502E+13
           DelSqVrep = -1.4071894710E+13
           DelSqG =  1.3401702842E+08
           DelSqK = -2.6290323592E+09
           Stress_EigVals = -3.6251177822E+04 -3.6251105791E+04 -3.6250568906E+04
           Stress_EigVec1 = -8.2185118291E-01  5.0507592911E-01  2.6355063836E-01
