AIMSum (Version 19.02.13, Professional)
Copyright (c) 1997-2019 by Todd A. Keith
AIMSum is a component of the AIMAll package ( http://aim.tkgristmill.com )

TP:  64-bit Linux

Much of the Quantum Theory of Atoms in Molecules (QTAIM) is described in the book:
  "Atoms in Molecules - A Quantum Theory"
  R.F.W. Bader, Oxford University Press, Oxford, 1990

For additional references see:  http://aim.tkgristmill.com/references.html

Wfn File:  /home/mhennefarth/Documents/ML_Diels/summary-hayden2009/3-opt/3-opt.wfn
Sum File:  /home/mhennefarth/Documents/ML_Diels/summary-hayden2009/3-opt/3-opt.sum

SumViz File:  /home/mhennefarth/Documents/ML_Diels/summary-hayden2009/3-opt/3-opt.sumviz

Wfn Title:   Title Card Required                                                           
 
Total memory allocated for AIMSum =        1.220 Megabytes

Atomic units (a.u.) used throughout, except where stated otherwise

Model:  Restricted SCF
 
Restricted, closed-shell, single-determinant wavefunction.
  Number of electrons (from MO Occs)                   =          84.0000000000
  Number of Alpha electrons (from MO Occs)             =          42.0000000000
  Number of Beta electrons (from MO Occs)              =          42.0000000000
  Number of electron pairs (N*(N-1)/2)                 =        3486.0000000000
  Number of electron pairs (from Muller 2EDM)          =        3486.0000000000
 
Nuclear Charges and Cartesian Coordinates:
-------------------------------------------------------------------------------
Atom      Charge                X                  Y                  Z
-------------------------------------------------------------------------------
C1         6.0           2.4094782000E-01   2.3547217700E+00   2.1418515600E+00
C2         6.0          -7.0162165000E-01   4.5996082300E+00   1.2227313100E+00
C3         6.0          -2.6173859600E+00   4.5948010800E+00  -6.4806946000E-01
C4         6.0          -3.5518124800E+00   2.3458812200E+00  -1.5624559000E+00
C5         6.0          -2.6203348600E+00  -4.3364400000E-03  -6.5640957000E-01
C6         6.0          -6.8177692000E-01  -6.0570000000E-05   1.2361678200E+00
C7         6.0           2.5044741000E-01  -2.3507197000E+00   2.1427907300E+00
C8         6.0          -6.8312613000E-01  -4.5997643400E+00   1.2246258100E+00
C9         6.0          -2.5989444000E+00  -4.6034310400E+00  -6.4611632000E-01
C10        6.0          -3.5423959900E+00  -2.3586654800E+00  -1.5614371500E+00
C11        6.0           7.0171453600E+00  -1.2486192000E+00  -1.2305965800E+00
C12        6.0           7.0147877200E+00   1.2672891700E+00  -1.2293619000E+00
H13        1.0           1.7090668300E+00   2.3525726400E+00   3.5800245500E+00
H14        1.0           1.8747190000E-02   6.3865277700E+00   1.9335373200E+00
H15        1.0          -3.3469421500E+00   6.3781293600E+00  -1.3582626600E+00
H16        1.0          -5.0225676500E+00   2.3374043500E+00  -2.9981830500E+00
H17        1.0           1.7186469100E+00  -2.3420592100E+00   3.5808513300E+00
H18        1.0           4.4420770000E-02  -6.3834780800E+00   1.9361708300E+00
H19        1.0          -3.3213710100E+00  -6.3899651600E+00  -1.3555417000E+00
H20        1.0          -5.0131609600E+00  -2.3567019700E+00  -2.9971787500E+00
H21        1.0           5.2839702700E+00  -2.3287417800E+00  -1.0031277800E+00
H22        1.0           8.7492021700E+00  -2.3315315700E+00  -1.4610119500E+00
H23        1.0           5.2795923800E+00   2.3439520400E+00  -1.0008875800E+00
H24        1.0           8.7448156400E+00   2.3536634400E+00  -1.4587127000E+00
 
Some Atomic Properties:
----------------------
  q(A) = Net Charge of Atom A
  L(A) = Lagrangian of Atom A = -(1/4) Times Atomic Integral of the Laplacian of the Electron Density
  K(A) = Electronic Kinetic Energy of Atom A (Hamiltonian Form)
  K_Scaled(A) = K(A) * E(Mol)/K(Mol) = Approximation to Virial-Based Total Energy of Atom A.
  |Mu_Intra(A)| = Magnitude of Intraatomic Dipole Moment of Atom A
--------------------------------------------------------------------------------------------------
Atom A          q(A)              L(A)              K(A)          K_Scaled(A)      |Mu_Intra(A)|
--------------------------------------------------------------------------------------------------
C1       -4.5705460600E-02  5.2990667396E-05  3.7735927783E+01 -3.8114542912E+01  1.1572668247E-01
C2       -3.8050595800E-02  5.3806200510E-05  3.7722385090E+01 -3.8100864342E+01  1.1603116349E-01
C3       -3.5560538200E-02  5.2832189887E-05  3.7722318350E+01 -3.8100796933E+01  1.1517789018E-01
C4       -4.1422013200E-02  1.3818920571E-05  3.7734822226E+01 -3.8113426263E+01  1.1134232570E-01
C5        8.3663104000E-03 -9.1420948177E-05  3.7735836093E+01 -3.8114450303E+01  1.6837401646E-02
C6        6.9104523000E-03  1.2253294803E-04  3.7735921013E+01 -3.8114536075E+01  1.6183872835E-02
C7       -4.5709587600E-02  1.8882115934E-05  3.7735927698E+01 -3.8114542827E+01  1.1559343711E-01
C8       -3.8160968400E-02 -1.5476908188E-04  3.7722334460E+01 -3.8100813204E+01  1.1547084084E-01
C9       -3.5660809300E-02 -9.0858303202E-05  3.7722291975E+01 -3.8100770293E+01  1.1493429011E-01
C10      -4.1414330000E-02  6.4190526972E-06  3.7734814774E+01 -3.8113418737E+01  1.1139035399E-01
C11      -8.3975079300E-02  1.3968080922E-06  3.7695878294E+01 -3.8074091596E+01  9.3669057540E-02
C12      -8.3951026400E-02  3.3582026906E-05  3.7695881616E+01 -3.8074094951E+01  9.3642590871E-02
H13       3.9915508200E-02  2.5900181815E-05  5.9812131589E-01 -6.0412243453E-01  1.5140474462E-01
H14       3.9642946970E-02  2.6697656186E-05  5.9926692141E-01 -6.0527953422E-01  1.4974027018E-01
H15       3.9440591190E-02  1.7713997104E-05  5.9938717644E-01 -6.0540099581E-01  1.4974183803E-01
H16       3.6842564420E-02  2.3777833086E-05  5.9938912840E-01 -6.0540296736E-01  1.5232905256E-01
H17       3.9930320310E-02  2.3842534273E-05  5.9811618195E-01 -6.0411724908E-01  1.5140146085E-01
H18       3.9641615700E-02  2.4172293117E-05  5.9926591643E-01 -6.0527851917E-01  1.4973501899E-01
H19       3.9446401970E-02  2.5781938173E-05  5.9938890117E-01 -6.0540273784E-01  1.4974052270E-01
H20       3.6840813790E-02  2.3087675559E-05  5.9938942839E-01 -6.0540327036E-01  1.5232914667E-01
H21       4.7025423740E-02  1.7927808171E-05  5.9264034866E-01 -5.9858647522E-01  1.4295661264E-01
H22       3.4454624750E-02  2.7583139646E-05  5.9775101173E-01 -6.0374841500E-01  1.4844859551E-01
H23       4.6999719250E-02  2.6083126727E-05  5.9265410283E-01 -5.9860036739E-01  1.4296571699E-01
H24       3.4455589840E-02  2.4312581111E-05  5.9774860708E-01 -6.0374598623E-01  1.4845387089E-01
--------------------------------------------------------------------------------------------------
Total     3.0247403000E-04  3.0609336173E-04  4.5986745841E+02 -4.6448143739E+02
 
1st Largest |L(A)| = 1.5476908188E-04, atom C8      
2nd Largest |L(A)| = 1.2253294803E-04, atom C6      
 
Molecular charge q(Mol) from the wfn file:   0.0000000000E+00
Molecular energy E(Mol) from the wfn file:  -4.6448140540E+02
Molecular virial ratio (-V(Mol)/T(Mol)) from the wfn file:   2.0100332800E+00
Note.  K_Scaled(A) = (1+V(Mol)/T(Mol))*K(A) = (E(Mol)/T(Mol))*K(A)
       Only use K_Scaled(A) data with caution.
 
N_AIMInt(SumA)     =         83.999698
N_Analytic(Mol)    =         83.999984
 
G_AIMInt(SumA)     =        459.867152
G_Analytic(Mol)    =        459.867386
 
K_AIMInt(SumA)     =        459.867458
K_Analytic(Mol)    =        459.867386
 
L_AIMInt(SumA)     =          0.000306
L_Analytic(Mol)    =          0.000000
 
VenT_AIMInt(SumA)  =      -2284.813867
VenT_Analytic(Mol) =      -2284.818050
 
Some Information About the Atomic Calculations:
----------------------------------------------
  Time(sec) = "Elapsed User Time", in Seconds, for Atom A by AIMInt and, if used, by TWOe
  NProc = Number of Processors Used for AIMInt Job
  BIM = Basin Integration Method
  OAQ = Angular Quadrature Outside of Beta Sphere
  ORQ = Multiple of Default for Radial Quadrature Outside of Beta Sphere
  IAQ = Multiple of Default for Angular Quadrature Inside of Beta Sphere
  IRQ = Multiple of Default for Radial Quadrature Inside of Beta Sphere
  MIR = Maximum Integration Radius
------------------------------------------------------------------------------------------------------
Atom A     Time(sec)   NProc      BIM          OAQ                     ORQ      IAQ      IRQ      MIR
------------------------------------------------------------------------------------------------------
C1             30        8     Proaim(5)    4500(GS4)                  1.00     1.00     1.00    13.00
C2             21        8     Proaim(5)    4500(GS4)                  1.00     1.00     1.00    13.00
C3             19        8     Proaim(5)    4500(GS4)                  1.00     1.00     1.00    13.00
C4             21        8     Proaim(5)    4500(GS4)                  1.00     1.00     1.00    13.00
C5             22        8     Proaim(5)    4500(GS4)                  1.00     1.00     1.00    13.00
C6             24        8     Proaim(5)    4500(GS4)                  1.00     1.00     1.00    13.00
C7             29        8     Proaim(5)    4500(GS4)                  1.00     1.00     1.00    13.00
C8             21        8     Proaim(5)    4500(GS4)                  1.00     1.00     1.00    13.00
C9             18        8     Proaim(5)    4500(GS4)                  1.00     1.00     1.00    13.00
C10            21        8     Proaim(5)    4500(GS4)                  1.00     1.00     1.00    13.00
C11            19        8     Proaim(5)    4500(GS4)                  1.00     1.00     1.00    13.00
C12            19        8     Proaim(5)    4500(GS4)                  1.00     1.00     1.00    13.00
H13             7        8     Proaim(5)    1800(GS4)                  1.00     1.00     1.00    13.00
H14             5        8     Proaim(5)    1800(GS4)                  1.00     1.00     1.00    13.00
H15             5        8     Proaim(5)    1800(GS4)                  1.00     1.00     1.00    13.00
H16             6        8     Proaim(5)    1800(GS4)                  1.00     1.00     1.00    13.00
H17             7        8     Proaim(5)    1800(GS4)                  1.00     1.00     1.00    13.00
H18             5        8     Proaim(5)    1800(GS4)                  1.00     1.00     1.00    13.00
H19             5        8     Proaim(5)    1800(GS4)                  1.00     1.00     1.00    13.00
H20             6        8     Proaim(5)    1800(GS4)                  1.00     1.00     1.00    13.00
H21            13        8     Proaim(5)    4500(GS4)                  1.00     1.00     1.00    13.00
H22             4        8     Proaim(5)    1800(GS4)                  1.00     1.00     1.00    13.00
H23            12        8     Proaim(5)    4500(GS4)                  1.00     1.00     1.00    13.00
H24             4        8     Proaim(5)    1800(GS4)                  1.00     1.00     1.00    13.00
------------------------------------------------------------------------------------------------------
Total         343
Note:  Total wall clock time is less than total of atomic times if more than one atom
       was calculated at a time
 
Electron Density Critical Point Analysis of Molecular Structure:               
---------------------------------------------------------------                
  NACP = Nuclear Attractor Critical Point                                      
  NNACP = Non-Nuclear Attractor Critical Point                                 
  BCP = Bond Critical Point                                                    
  RCP = Ring Critical Point                                                    
  CCP = Cage Critical Point                                                    
  Rho = Electron Density                                                       
  GradRho = Gradient of Electron Density                                       
  HessRho_EigVals = Eigenvalues of the Hessian of Rho, Ascending Order         
  HessRho_EigVecs = Eigenvectors of the Hessian of Rho                         
  DelSqRho = Laplacian of Rho = Trace of Hessian of Rho                        
  Bond Ellipticity = (HessRho_EigVal(1) / HessRho_EigVal(2)) - 1               
  V = Virial Field = Potential Energy Density = Trace of Stress Tensor         
  G = Lagrangian Form of Kinetic Energy Density                                
  K = Hamiltonian Form of Kinetic Energy Density                               
  L = K - G = Lagrangian Density = (-1/4)DelSqRho                              
  Vnuc = Electrostatic Potential from Nuclei                                   
  Ven = Electron-nuclear attractive contribution to Virial Field V             
  Vrep = V - Ven = Repulsive contribution to Virial Field V                    
  DelSqV = Laplacian of V                                                      
  DelSqVen = Laplacian of Ven                                                  
  DelSqVrep = Laplacian of Vrep                                                
  DelSqG = Laplacian of G                                                      
  DelSqK = Laplacian of K                                                      
  Stress_EigVals = Eigenvalues of Stress Tensor, Ascending Order               
  Stress_EigVecs = Eigenvectors of Stress Tensor                               
  -DivStress = Ehrenfest Force Density = Minus Divergence of Stress Tensor     
  ESP = Total Electrostatic Potential                                          
  ESPe = Electrostatic Potential from Electrons                                
  ESPn = Electrostatic Potential from Nuclei                                   
  BP = Bond Path                                                               
  BPL = Bond Path Length                                                       
  GBL = Geometric Bond Length                                                  
  GBL_I = Distance Between Nuclear Attractors                                  
  GBL_II = Distance Between Nuclei                                             
  GBL_III = Sum of Distances Between BCP and Nuclear Attractors                
  GBL_IV = Sum of Distances Between BCP and Nuclei                             

CP# 1      Coords =  2.40947916073540E-01  2.35472148602065E+00  2.14185150929655E+00
           Type = (3,-3) NACP C1
           Rho =  1.1766987183E+02     Rho at Nucleus =  1.1766987182E+02
           GradRho =  2.4284463329E-12 -2.2344098793E-11  3.0741409418E-11
           HessRho_EigVals = -1.4499549781E+05 -1.4499454343E+05 -1.4499432613E+05
           HessRho_EigVec1 = -6.9727055399E-01 -3.2220339299E-03  7.1680080429E-01
           HessRho_EigVec2 =  6.2689954392E-01  4.8215145251E-01  6.1198606085E-01
           HessRho_EigVec3 = -3.4757838880E-01  8.7608195698E-01 -3.3417011880E-01
           DelSqRho = -4.3498436738E+05
           Bond Ellipticity = NA
           V = -1.0875644052E+05
           G =  5.1743369873E+00
           K =  1.0875126618E+05
           L =  1.0874609184E+05
           Vnuc =  1.9733736412E+07
           Ven = -2.3220662343E+09
           Vrep =  2.3219574779E+09
           DelSqV =  2.4950986632E+09
           DelSqVen =  8.5838780170E+12
           DelSqVrep = -8.5813829184E+12
           DelSqG =  1.3402257986E+08
           DelSqK = -2.6291212431E+09
           Stress_EigVals = -3.6252376214E+04 -3.6252298152E+04 -3.6251766152E+04
           Stress_EigVec1 = -4.3230727739E-01  7.9797456980E-01 -4.1993690463E-01
           Stress_EigVec2 =  5.6997014197E-01  6.0268751610E-01  5.5848168744E-01
           Stress_EigVec3 = -6.9874491425E-01 -2.0842006204E-03  7.1536787803E-01
           -DivStress = -7.5975913404E+01  2.2558692486E+02  4.3446783029E+01
           ESP =  -1.4737960516E+01     ESP at Nucleus =  -1.4737960518E+01
           ESPe = -3.0283134223E+01     ESPe at Nucleus = -3.0283134087E+01
           ESPn =  1.5545173706E+01     ESPn at Nucleus =  1.5545173569E+01

CP# 2      Coords = -7.01621928586151E-01  4.59960856138776E+00  1.22273101465970E+00
           Type = (3,-3) NACP C2
           Rho =  1.1765677326E+02     Rho at Nucleus =  1.1765677324E+02
           GradRho = -1.7052803614E-11  1.5575540857E-11 -2.4628521444E-11
           HessRho_EigVals = -1.4497625174E+05 -1.4497518186E+05 -1.4497505896E+05
           HessRho_EigVec1 = -7.0070203583E-01  2.5288531762E-04  7.1345398802E-01
           HessRho_EigVec2 =  6.1095997755E-01  5.1662334367E-01  5.9985683843E-01
           HessRho_EigVec3 = -3.6843528986E-01  8.5621274040E-01 -3.6215353148E-01
           DelSqRho = -4.3492649256E+05
           Bond Ellipticity = NA
           V = -1.0874193490E+05
           G =  5.1558805194E+00
           K =  1.0873677902E+05
           L =  1.0873162314E+05
           Vnuc =  1.1448770403E+07
           Ven = -1.3470253834E+09
           Vrep =  1.3469166415E+09
           DelSqV =  2.4947642378E+09
           DelSqVen =  4.9793721303E+12
           DelSqVrep = -4.9768773988E+12
           DelSqG =  1.3400163176E+08
           DelSqK = -2.6287658696E+09
           Stress_EigVals = -3.6247533185E+04 -3.6247481724E+04 -3.6246919991E+04
           Stress_EigVec1 = -2.0724428370E-01  9.5712656775E-01 -2.0238216368E-01
           Stress_EigVec2 =  6.8341108852E-01  2.8966949063E-01  6.7010511883E-01
           Stress_EigVec3 = -6.9999935068E-01 -5.6524057721E-04  7.1414325562E-01
           -DivStress =  2.2910569665E+02 -2.6637028837E+02  2.4186783475E+02
           ESP =  -1.4736671850E+01     ESP at Nucleus =  -1.4736671852E+01
           ESPe = -2.9168582113E+01     ESPe at Nucleus = -2.9168582405E+01
           ESPn =  1.4431910263E+01     ESPn at Nucleus =  1.4431910553E+01

CP# 3      Coords = -2.61738565205060E+00  4.59480142356246E+00 -6.48069163305482E-01
           Type = (3,-3) NACP C3
           Rho =  1.1765563509E+02     Rho at Nucleus =  1.1765563507E+02
           GradRho =  2.5173307883E-11  5.6722460062E-11  2.6400215347E-11
           HessRho_EigVals = -1.4497470128E+05 -1.4497364756E+05 -1.4497352017E+05
           HessRho_EigVec1 = -6.9935833614E-01 -1.0346093115E-03  7.1477048572E-01
           HessRho_EigVec2 =  6.1861692051E-01 -5.0182702139E-01  6.0455169031E-01
           HessRho_EigVec3 =  3.5806566902E-01  8.6496738099E-01  3.5159693754E-01
           DelSqRho = -4.3492186901E+05
           Bond Ellipticity = NA
           V = -1.0874078272E+05
           G =  5.1577335162E+00
           K =  1.0873562499E+05
           L =  1.0873046725E+05
           Vnuc =  1.0938149944E+07
           Ven = -1.2869349784E+09
           Vrep =  1.2868262376E+09
           DelSqV =  2.4947377268E+09
           DelSqVen =  4.7572399555E+12
           DelSqVrep = -4.7547452833E+12
           DelSqG =  1.3400007303E+08
           DelSqK = -2.6287377998E+09
           Stress_EigVals = -3.6247148995E+04 -3.6247095696E+04 -3.6246538030E+04
           Stress_EigVec1 =  2.0257232873E-01  9.5880227239E-01  1.9915484954E-01
           Stress_EigVec2 =  6.8590632522E-01 -2.8407290272E-01  6.6995156464E-01
           Stress_EigVec3 = -6.9892557877E-01 -8.8792241131E-04  7.1519385270E-01
           -DivStress = -2.5253534381E+02 -2.7629932842E+02 -2.4331657826E+02
           ESP =  -1.4737100291E+01     ESP at Nucleus =  -1.4737100294E+01
           ESPe = -2.8945362838E+01     ESPe at Nucleus = -2.8945363057E+01
           ESPn =  1.4208262546E+01     ESPn at Nucleus =  1.4208262763E+01

CP# 4      Coords = -3.55181253436506E+00  2.34588092243051E+00 -1.56245595452494E+00
           Type = (3,-3) NACP C4
           Rho =  1.1766453833E+02     Rho at Nucleus =  1.1766453832E+02
           GradRho =  1.6870005393E-11  2.5144608617E-12 -4.3038350661E-12
           HessRho_EigVals = -1.4498726378E+05 -1.4498631075E+05 -1.4498608563E+05
           HessRho_EigVec1 = -6.9846992247E-01 -1.0241899193E-03  7.1563867869E-01
           HessRho_EigVec2 =  6.3713312432E-01 -4.5626572356E-01  6.2119479345E-01
           HessRho_EigVec3 =  3.2588517809E-01  8.8984298645E-01  3.1934042988E-01
           DelSqRho = -4.3495966015E+05
           Bond Ellipticity = NA
           V = -1.0875025864E+05
           G =  5.1718023194E+00
           K =  1.0874508684E+05
           L =  1.0873991504E+05
           Vnuc =  1.9520481871E+07
           Ven = -2.2968684873E+09
           Vrep =  2.2967597370E+09
           DelSqV =  2.4949556462E+09
           DelSqVen =  8.4906092790E+12
           DelSqVrep = -8.4881185176E+12
           DelSqG =  1.3401337554E+08
           DelSqK = -2.6289690217E+09
           Stress_EigVals = -3.6250316387E+04 -3.6250236925E+04 -3.6249705331E+04
           Stress_EigVec1 =  4.1321350594E-01  8.1596379728E-01  4.0429899831E-01
           Stress_EigVec2 =  5.8431372387E-01 -5.7810230808E-01  5.6953945735E-01
           Stress_EigVec3 = -6.9844976240E-01 -8.9605731434E-04  7.1565852645E-01
           -DivStress =  4.1888539387E+01  2.3658524696E+02  4.2157302246E+01
           ESP =  -1.4737927592E+01     ESP at Nucleus =  -1.4737927593E+01
           ESPe = -2.9752042283E+01     ESPe at Nucleus = -2.9752042252E+01
           ESPn =  1.5014114691E+01     ESPn at Nucleus =  1.5014114659E+01

CP# 5      Coords = -2.62033483218370E+00 -4.33644002729689E-03 -6.56409544782204E-01
           Type = (3,-3) NACP C5
           Rho =  1.1763838044E+02     Rho at Nucleus =  1.1763838044E+02
           GradRho = -2.3179513864E-11  4.5074621119E-14  4.9335535657E-12
           HessRho_EigVals = -1.4494926909E+05 -1.4494811826E+05 -1.4494803400E+05
           HessRho_EigVec1 = -6.9864164266E-01 -1.2552883174E-03  7.1547066983E-01
           HessRho_EigVec2 =  7.1546889309E-01  1.6105861778E-03  6.9864273347E-01
           HessRho_EigVec3 = -2.0293252328E-03  9.9999791513E-01 -2.2710282993E-04
           DelSqRho = -4.3484542135E+05
           Bond Ellipticity = NA
           V = -1.0872175242E+05
           G =  5.1985408559E+00
           K =  1.0871655388E+05
           L =  1.0871135534E+05
           Vnuc =  1.5980499714E+08
           Ven = -1.8799201049E+10
           Vrep =  1.8799092327E+10
           DelSqV =  2.4942971603E+09
           DelSqVen =  6.9488812753E+13
           DelSqVrep = -6.9486318456E+13
           DelSqG =  1.3397225908E+08
           DelSqK = -2.6282694194E+09
           Stress_EigVals = -3.6240799255E+04 -3.6240753461E+04 -3.6240199703E+04
           Stress_EigVec1 = -2.0580355069E-03  9.9999784785E-01 -2.6225995370E-04
           Stress_EigVec2 =  7.1549236379E-01  1.6557319323E-03  6.9861859116E-01
           Stress_EigVec3 = -6.9861752186E-01 -1.2501368722E-03  7.1549423150E-01
           -DivStress = -2.0855741809E+01  2.6117753574E-02 -1.8659156385E+01
           ESP =  -1.4730593970E+01     ESP at Nucleus =  -1.4730593970E+01
           ESPe = -3.1881262891E+01     ESPe at Nucleus = -3.1881262862E+01
           ESPn =  1.7150668921E+01     ESPn at Nucleus =  1.7150668892E+01

CP# 6      Coords = -6.81776922784841E-01 -6.05698625003148E-05  1.23616779881291E+00
           Type = (3,-3) NACP C6
           Rho =  1.1763910316E+02     Rho at Nucleus =  1.1763910316E+02
           GradRho = -2.8629876248E-12 -2.8915671940E-16  4.5310422081E-12
           HessRho_EigVals = -1.4495027560E+05 -1.4494911690E+05 -1.4494903769E+05
           HessRho_EigVec1 = -6.9943368767E-01 -1.2664258298E-03  7.1469637800E-01
           HessRho_EigVec2 =  7.1469440721E-01  1.7025431547E-03  6.9943477583E-01
           HessRho_EigVec3 = -2.1025836924E-03  9.9999774875E-01 -2.8570857941E-04
           DelSqRho = -4.3484843019E+05
           Bond Ellipticity = NA
           V = -1.0872250219E+05
           G =  5.1973206418E+00
           K =  1.0871730487E+05
           L =  1.0871210755E+05
           Vnuc =  2.8077051015E+08
           Ven = -3.3029591008E+10
           Vrep =  3.3029482286E+10
           DelSqV =  2.4943144280E+09
           DelSqVen =  1.2204579068E+14
           DelSqVrep = -1.2202611650E+14
           DelSqG =  1.3397329603E+08
           DelSqK = -2.6282877241E+09
           Stress_EigVals = -3.6241048712E+04 -3.6241004530E+04 -3.6240448947E+04
           Stress_EigVec1 = -2.1183217896E-03  9.9999771165E-01 -2.9901812572E-04
           Stress_EigVec2 =  7.1489762564E-01  1.7234687122E-03  6.9922701214E-01
           Stress_EigVec3 = -6.9922592741E-01 -1.2674204676E-03  7.1489964057E-01
           -DivStress =  6.3218840223E-01 -1.1558117011E-01  1.5228432123E+01
           ESP =  -1.4730297070E+01     ESP at Nucleus =  -1.4730297070E+01
           ESPe = -3.2192682964E+01     ESPe at Nucleus = -3.2192682952E+01
           ESPn =  1.7462385894E+01     ESPn at Nucleus =  1.7462385882E+01

CP# 7      Coords =  2.50447504858389E-01 -2.35071941587581E+00  2.14279067871575E+00
           Type = (3,-3) NACP C7
           Rho =  1.1766989432E+02     Rho at Nucleus =  1.1766989431E+02
           GradRho =  3.9331871093E-12  3.8124808865E-11  7.5842665481E-12
           HessRho_EigVals = -1.4499553286E+05 -1.4499457841E+05 -1.4499436119E+05
           HessRho_EigVec1 = -6.9722556035E-01  7.1001935623E-04  7.1685145872E-01
           HessRho_EigVec2 =  6.2885172782E-01 -4.7944437549E-01  6.1210995354E-01
           HessRho_EigVec3 =  3.4412500986E-01  8.7757198376E-01  3.3383437646E-01
           DelSqRho = -4.3498447246E+05
           Bond Ellipticity = NA
           V = -1.0875646683E+05
           G =  5.1743557355E+00
           K =  1.0875129247E+05
           L =  1.0874611812E+05
           Vnuc =  1.9743402030E+07
           Ven = -2.3232040303E+09
           Vrep =  2.3230952738E+09
           DelSqV =  2.4950992739E+09
           DelSqVen =  8.5880932925E+12
           DelSqVrep = -8.5855981933E+12
           DelSqG =  1.3402261926E+08
           DelSqK = -2.6291218931E+09
           Stress_EigVals = -3.6252384977E+04 -3.6252306936E+04 -3.6251774914E+04
           Stress_EigVec1 =  4.2918853667E-01  7.9980877856E-01  4.1964641988E-01
           Stress_EigVec2 =  5.7237544194E-01 -6.0025472138E-01  5.5864176619E-01
           Stress_EigVec3 = -6.9870133352E-01 -4.3266288314E-04  7.1541334859E-01
           -DivStress = -7.5012515321E+01 -2.2569581508E+02  4.3918377269E+01
           ESP =  -1.4737961962E+01     ESP at Nucleus =  -1.4737961963E+01
           ESPe = -3.0283957092E+01     ESPe at Nucleus = -3.0283956955E+01
           ESPn =  1.5545995130E+01     ESPn at Nucleus =  1.5545994992E+01

CP# 8      Coords = -6.83126407076916E-01 -4.59976467251622E+00  1.22462551475976E+00
           Type = (3,-3) NACP C8
           Rho =  1.1765677488E+02     Rho at Nucleus =  1.1765677486E+02
           GradRho = -1.5684675780E-11 -8.0424944482E-11 -2.0010104684E-11
           HessRho_EigVals = -1.4497625731E+05 -1.4497518743E+05 -1.4497506456E+05
           HessRho_EigVec1 = -7.0066795490E-01 -2.7642081825E-03  7.1348214843E-01
           HessRho_EigVec2 =  6.1305782329E-01 -5.1389936928E-01  6.0005628365E-01
           HessRho_EigVec3 =  3.6499934558E-01  8.5784602197E-01  3.6176743955E-01
           DelSqRho = -4.3492650930E+05
           Bond Ellipticity = NA
           V = -1.0874193910E+05
           G =  5.1558859749E+00
           K =  1.0873678321E+05
           L =  1.0873162733E+05
           Vnuc =  1.1451867446E+07
           Ven = -1.3473897901E+09
           Vrep =  1.3472810482E+09
           DelSqV =  2.4947643392E+09
           DelSqVen =  4.9807250883E+12
           DelSqVrep = -4.9782303567E+12
           DelSqG =  1.3400164032E+08
           DelSqK = -2.6287659795E+09
           Stress_EigVals = -3.6247534576E+04 -3.6247483127E+04 -3.6246921395E+04
           Stress_EigVec1 =  2.0337565522E-01  9.5804891932E-01  2.0194209827E-01
           Stress_EigVec2 =  6.8459814364E-01 -2.8659813189E-01  6.7021406469E-01
           Stress_EigVec3 = -6.9997408851E-01 -1.9439610540E-03  7.1416559455E-01
           -DivStress =  2.2789202913E+02  2.6729922693E+02  2.4178709524E+02
           ESP =  -1.4736670529E+01     ESP at Nucleus =  -1.4736670531E+01
           ESPe = -2.9169625239E+01     ESPe at Nucleus = -2.9169625531E+01
           ESPn =  1.4432954710E+01     ESPn at Nucleus =  1.4432955000E+01

CP# 9      Coords = -2.59894409069184E+00 -4.60343138222586E+00 -6.46116023153593E-01
           Type = (3,-3) NACP C9
           Rho =  1.1765563592E+02     Rho at Nucleus =  1.1765563589E+02
           GradRho =  2.4355073514E-11  8.7167495444E-12  1.4031442674E-11
           HessRho_EigVals = -1.4497470316E+05 -1.4497364945E+05 -1.4497352205E+05
           HessRho_EigVec1 = -6.9935097207E-01 -1.4580005570E-03  7.1477695269E-01
           HessRho_EigVec2 =  6.1659896642E-01  5.0458078762E-01  6.0432105985E-01
           HessRho_EigVec3 = -3.6154381821E-01  8.6336325089E-01 -3.5198006267E-01
           DelSqRho = -4.3492187466E+05
           Bond Ellipticity = NA
           V = -1.0874078414E+05
           G =  5.1577379228E+00
           K =  1.0873562640E+05
           L =  1.0873046866E+05
           Vnuc =  1.0937927657E+07
           Ven = -1.2869088340E+09
           Vrep =  1.2868000933E+09
           DelSqV =  2.4947377603E+09
           DelSqVen =  4.7571447316E+12
           DelSqVrep = -4.7546499939E+12
           DelSqG =  1.3400007563E+08
           DelSqK = -2.6287378359E+09
           Stress_EigVals = -3.6247149466E+04 -3.6247096169E+04 -3.6246538505E+04
           Stress_EigVec1 = -2.0643572161E-01  9.5788918605E-01 -1.9958106143E-01
           Stress_EigVec2 =  6.8476809435E-01  2.8713364026E-01  6.6981111486E-01
           Stress_EigVec3 = -6.9891126032E-01 -1.6061977362E-03  7.1520659276E-01
           -DivStress = -2.5362773930E+02  2.7520316547E+02 -2.4343879601E+02
           ESP =  -1.4737100232E+01     ESP at Nucleus =  -1.4737100234E+01
           ESPe = -2.8946069231E+01     ESPe at Nucleus = -2.8946069450E+01
           ESPn =  1.4208968999E+01     ESPn at Nucleus =  1.4208969216E+01

CP# 10     Coords = -3.54239604556324E+00 -2.35866518263194E+00 -1.56143720467046E+00
           Type = (3,-3) NACP C10
           Rho =  1.1766453753E+02     Rho at Nucleus =  1.1766453752E+02
           GradRho = -1.6640133715E-11 -1.8523682588E-11  8.7868046172E-12
           HessRho_EigVals = -1.4498726348E+05 -1.4498631046E+05 -1.4498608534E+05
           HessRho_EigVec1 = -6.9846164397E-01 -1.4711813693E-03  7.1564597919E-01
           HessRho_EigVec2 =  6.3529817713E-01  4.5909847796E-01  6.2098696739E-01
           HessRho_EigVec3 = -3.2946556426E-01  8.8838416418E-01 -3.1972803882E-01
           DelSqRho = -4.3495965928E+05
           Bond Ellipticity = NA
           V = -1.0875025842E+05
           G =  5.1717995171E+00
           K =  1.0874508662E+05
           L =  1.0873991482E+05
           Vnuc =  1.9517614424E+07
           Ven = -2.2965310749E+09
           Vrep =  2.2964223246E+09
           DelSqV =  2.4949556461E+09
           DelSqVen =  8.4893845422E+12
           DelSqVrep = -8.4868895866E+12
           DelSqG =  1.3401337592E+08
           DelSqK = -2.6289690220E+09
           Stress_EigVals = -3.6250316313E+04 -3.6250236848E+04 -3.6249705258E+04
           Stress_EigVec1 = -4.1648960718E-01  8.1412173612E-01 -4.0465072085E-01
           Stress_EigVec2 =  5.8198893073E-01  5.8069203676E-01  5.6928520353E-01
           Stress_EigVec3 = -6.9844490951E-01 -1.5991304466E-03  7.1566203697E-01
           -DivStress =  4.2841683414E+01 -2.3643181709E+02  4.2272965756E+01
           ESP =  -1.4737927694E+01     ESP at Nucleus =  -1.4737927695E+01
           ESPe = -2.9752384586E+01     ESPe at Nucleus = -2.9752384555E+01
           ESPn =  1.5014456892E+01     ESPn at Nucleus =  1.5014456860E+01

CP# 11     Coords =  7.01714554907202E+00 -1.24862018231724E+00 -1.23059661483527E+00
           Type = (3,-3) NACP C11
           Rho =  1.1768006477E+02     Rho at Nucleus =  1.1768006470E+02
           GradRho =  5.1769035239E-11 -2.2503959807E-10 -1.9690595075E-11
           HessRho_EigVals = -1.4500804789E+05 -1.4500700054E+05 -1.4500679692E+05
           HessRho_EigVec1 =  1.2818922884E-01  1.4805273193E-03  9.9174862221E-01
           HessRho_EigVec2 =  9.8541383062E-01 -1.1304565408E-01 -1.2720166081E-01
           HessRho_EigVec3 =  1.1192454615E-01  9.9358869163E-01 -1.5950167318E-02
           DelSqRho = -4.3502184534E+05
           Bond Ellipticity = NA
           V = -1.0876564501E+05
           G =  5.0918361153E+00
           K =  1.0876055317E+05
           L =  1.0875546134E+05
           Vnuc =  5.9942925373E+06
           Ven = -7.0540873405E+08
           Vrep =  7.0529996841E+08
           DelSqV =  2.4953105403E+09
           DelSqVen =  2.6076479488E+12
           DelSqVrep = -2.6051526383E+12
           DelSqG =  1.3403441933E+08
           DelSqK = -2.6293449596E+09
           Stress_EigVals = -3.6255478368E+04 -3.6255359928E+04 -3.6254806713E+04
           Stress_EigVec1 =  5.5997893483E-02  9.9840114294E-01 -7.7067313688E-03
           Stress_EigVec2 =  9.8993757939E-01 -5.6524549189E-02 -1.2972495613E-01
           Stress_EigVec3 =  1.2995316399E-01  3.6485872055E-04  9.9152006639E-01
           -DivStress = -1.5368773545E+02  7.9752695754E+02  2.9172963586E+01
           ESP =  -1.4751856928E+01     ESP at Nucleus =  -1.4751856942E+01
           ESPe = -2.5757701742E+01     ESPe at Nucleus = -2.5757702756E+01
           ESPn =  1.1005844814E+01     ESPn at Nucleus =  1.1005845814E+01

CP# 12     Coords =  7.01478790670714E+00  1.26729015313626E+00 -1.22936193377592E+00
           Type = (3,-3) NACP C12
           Rho =  1.1768005072E+02     Rho at Nucleus =  1.1768005064E+02
           GradRho =  1.1841349949E-11  2.3038820851E-10  7.0327060148E-12
           HessRho_EigVals = -1.4500802828E+05 -1.4500698117E+05 -1.4500677748E+05
           HessRho_EigVec1 =  1.2817888892E-01 -2.2007258995E-03  9.9174862200E-01
           HessRho_EigVec2 =  9.8525877342E-01  1.1451768950E-01 -1.2708598735E-01
           HessRho_EigVec3 = -1.1329307933E-01  9.9341877151E-01  1.6847034702E-02
           DelSqRho = -4.3502178693E+05
           Bond Ellipticity = NA
           V = -1.0876563040E+05
           G =  5.0918333609E+00
           K =  1.0876053856E+05
           L =  1.0875544673E+05
           Vnuc =  5.9923538646E+06
           Ven = -7.0518050669E+08
           Vrep =  7.0507174105E+08
           DelSqV =  2.4953102046E+09
           DelSqVen =  2.6068045005E+12
           DelSqVrep = -2.6043091903E+12
           DelSqG =  1.3403439922E+08
           DelSqK = -2.6293446038E+09
           Stress_EigVals = -3.6255473494E+04 -3.6255355027E+04 -3.6254801877E+04
           Stress_EigVec1 = -5.7663403335E-02  9.9829861733E-01  8.6488468211E-03
           Stress_EigVec2 =  9.8984346871E-01  5.8298323645E-02 -1.2965806153E-01
           Stress_EigVec3 =  1.2994167682E-01 -1.0844794403E-03  9.9152104593E-01
           -DivStress = -1.5176727225E+02 -7.9819344960E+02  2.8312021804E+01
           ESP =  -1.4751853336E+01     ESP at Nucleus =  -1.4751853351E+01
           ESPe = -2.5756958474E+01     ESPe at Nucleus = -2.5756959489E+01
           ESPn =  1.1005105138E+01     ESPn at Nucleus =  1.1005106138E+01

CP# 13     Coords =  1.68430878585446E+00  2.35254804536859E+00  3.55578828849573E+00
           Type = (3,-3) NACP H13
           Rho =  4.2837181714E-01     Rho at Nucleus =  4.2470992455E-01
           GradRho =  1.5861877783E-16 -1.9515639105E-16  8.3483567281E-17
           HessRho_EigVals = -6.5474948015E+00 -6.5409143453E+00 -5.9455000526E+00
           HessRho_EigVec1 = -1.7319774355E-03  9.9999841273E-01  4.1808216697E-04
           HessRho_EigVec2 = -6.9959555805E-01 -1.5104214853E-03  7.1453745443E-01
           HessRho_EigVec3 =  7.1453695175E-01  9.4507432098E-04  6.9959706361E-01
           DelSqRho = -1.9033909199E+01
           Bond Ellipticity = NA
           V = -4.7677556076E+00
           G =  4.6391538534E-03
           K =  4.7631164537E+00
           L =  4.7584772999E+00
           Vnuc =  4.3829438935E+01
           Ven = -1.8775296401E+01
           Vrep =  1.4007540793E+01
           DelSqV =  7.1726019659E+02
           DelSqVen =  8.3424556096E+02
           DelSqVrep = -1.1698536437E+02
           DelSqG =  7.0830629419E+01
           DelSqK = -7.8809082601E+02
           Stress_EigVals = -1.6400822643E+00 -1.6393966582E+00 -1.4882766850E+00
           Stress_EigVec1 = -5.8949224101E-04  9.9999981092E-01  1.7511324942E-04
           Stress_EigVec2 = -6.9963130982E-01 -5.3754641998E-04  7.1450384280E-01
           Stress_EigVec3 =  7.1450380183E-01  2.9867975944E-04  6.9963149441E-01
           -DivStress =  5.6506534729E+00  5.6697214888E-03  5.5319045218E+00
           ESP =  -1.1041504199E+00     ESP at Nucleus =  -1.1066309524E+00
           ESPe = -1.6070377715E+01     ESPe at Nucleus = -1.5978437293E+01
           ESPn =  1.4966227295E+01     ESPn at Nucleus =  1.4871806341E+01

CP# 14     Coords =  6.53571489057476E-03  6.35634530255689E+00  1.92148395226960E+00
           Type = (3,-3) NACP H14
           Rho =  4.2906144266E-01     Rho at Nucleus =  4.2538102726E-01
           GradRho = -1.7178966583E-14 -4.2260465960E-14 -1.6509363321E-14
           HessRho_EigVals = -6.5545693617E+00 -6.5475869851E+00 -5.9500182989E+00
           HessRho_EigVec1 =  6.2241204892E-01 -4.9409343329E-01  6.0702135098E-01
           HessRho_EigVec2 = -6.9923714198E-01 -2.5562516968E-03  7.1488522495E-01
           HessRho_EigVec3 =  3.5166839584E-01  8.6940505218E-01  3.4707952202E-01
           DelSqRho = -1.9052174646E+01
           Bond Ellipticity = NA
           V = -4.7721367218E+00
           G =  4.5465302194E-03
           K =  4.7675901916E+00
           L =  4.7630436614E+00
           Vnuc =  4.2300495666E+01
           Ven = -1.8149511696E+01
           Vrep =  1.3377374974E+01
           DelSqV =  7.1779969247E+02
           DelSqVen =  8.0591643103E+02
           DelSqVrep = -8.8116738564E+01
           DelSqG =  7.0845497888E+01
           DelSqK = -7.8864519036E+02
           Stress_EigVals = -1.6418115981E+00 -1.6410513054E+00 -1.4892738183E+00
           Stress_EigVec1 =  6.2407600113E-01 -4.9372823076E-01  6.0560843699E-01
           Stress_EigVec2 = -6.9787977155E-01 -3.6250086986E-03  7.1620575520E-01
           Stress_EigVec3 =  3.5141566452E-01  8.6960870135E-01  3.4682522582E-01
           -DivStress =  2.7894395301E+00  6.8953851526E+00  2.7532302993E+00
           ESP =  -1.1049277136E+00     ESP at Nucleus =  -1.1074213225E+00
           ESPe = -1.4602465879E+01     ESPe at Nucleus = -1.4507872343E+01
           ESPn =  1.3497538166E+01     ESPn at Nucleus =  1.3400451020E+01

CP# 15     Coords = -3.33457220512803E+00  6.34801484386141E+00 -1.34622016217215E+00
           Type = (3,-3) NACP H15
           Rho =  4.2913670427E-01     Rho at Nucleus =  4.2545687080E-01
           GradRho =  5.8243340706E-15 -1.1916249237E-14  5.4990734188E-15
           HessRho_EigVals = -6.5559858864E+00 -6.5490315341E+00 -5.9514292026E+00
           HessRho_EigVec1 =  6.2078020198E-01  4.9718473782E-01  6.0616769735E-01
           HessRho_EigVec2 = -6.9836854721E-01 -6.5149691019E-04  7.1573804413E-01
           HessRho_EigVec3 = -3.5624894820E-01  8.6764446177E-01 -3.4681374666E-01
           DelSqRho = -1.9056446623E+01
           Bond Ellipticity = NA
           V = -4.7731937187E+00
           G =  4.5410314522E-03
           K =  4.7686526872E+00
           L =  4.7641116558E+00
           Vnuc =  4.2012132556E+01
           Ven = -1.8028948104E+01
           Vrep =  1.3255754386E+01
           DelSqV =  7.1796816999E+02
           DelSqVen =  8.0060196157E+02
           DelSqVrep = -8.2633791577E+01
           DelSqG =  7.0864496915E+01
           DelSqK = -7.8883266691E+02
           Stress_EigVals = -1.6421633414E+00 -1.6414059468E+00 -1.4896244305E+00
           Stress_EigVec1 =  6.2087784954E-01  4.9682557498E-01  6.0636213931E-01
