AIMSum (Version 19.02.13, Professional)
Copyright (c) 1997-2019 by Todd A. Keith
AIMSum is a component of the AIMAll package ( http://aim.tkgristmill.com )

TP:  64-bit Linux

Much of the Quantum Theory of Atoms in Molecules (QTAIM) is described in the book:
  "Atoms in Molecules - A Quantum Theory"
  R.F.W. Bader, Oxford University Press, Oxford, 1990

For additional references see:  http://aim.tkgristmill.com/references.html

Wfn File:  /home/mhennefarth/Documents/ML_Diels/summary-N-hayden2009/30-opt/30-opt.wfn
Sum File:  /home/mhennefarth/Documents/ML_Diels/summary-N-hayden2009/30-opt/30-opt.sum

SumViz File:  /home/mhennefarth/Documents/ML_Diels/summary-N-hayden2009/30-opt/30-opt.sumviz

Wfn Title:   Title Card Required                                                           
 
Total memory allocated for AIMSum =        0.796 Megabytes

Atomic units (a.u.) used throughout, except where stated otherwise

Model:  Restricted SCF
 
Restricted, closed-shell, single-determinant wavefunction.
  Number of electrons (from MO Occs)                   =          58.0000000000
  Number of Alpha electrons (from MO Occs)             =          29.0000000000
  Number of Beta electrons (from MO Occs)              =          29.0000000000
  Number of electron pairs (N*(N-1)/2)                 =        1653.0000000000
  Number of electron pairs (from Muller 2EDM)          =        1653.0000000000
 
Nuclear Charges and Cartesian Coordinates:
-------------------------------------------------------------------------------
Atom      Charge                X                  Y                  Z
-------------------------------------------------------------------------------
C1         6.0           1.7370775800E+00  -2.3072418600E+00  -1.0716579000E-01
C2         6.0           4.3375501300E+00  -2.0758853900E+00   2.6785118000E-01
C3         6.0           5.3853500500E+00   3.4115075000E-01   3.3675454000E-01
C4         6.0           3.7905739500E+00   2.4162506900E+00   2.8537280000E-02
C5         6.0           1.2151944500E+00   1.9777834200E+00  -3.3506677000E-01
C6         6.0          -8.0861531900E+00   2.1452057000E-01   1.0998483500E+00
C7         6.0          -6.6956193400E+00  -2.6005312000E-01  -9.4355463000E-01
H8         1.0           8.5497075000E-01  -4.1647755700E+00  -1.7107040000E-01
H9         1.0           5.5019639500E+00  -3.7500814100E+00   4.9869817000E-01
H10        1.0           7.4020676500E+00   6.0197935000E-01   6.2451482000E-01
H11        1.0           4.5174569200E+00   4.3351436200E+00   6.7643190000E-02
H12        1.0          -8.6795160000E-02   3.5514780100E+00  -5.8109640000E-01
H13        1.0          -1.0132593740E+01   3.9398337000E-01   1.0136239400E+00
H14        1.0          -7.2332202900E+00   4.4324507000E-01   2.9564848500E+00
H15        1.0          -7.5639026000E+00  -4.8721341000E-01  -2.7945661500E+00
H16        1.0          -4.6479847600E+00  -4.3831018000E-01  -8.5558272000E-01
N17        7.0           1.8345650000E-01  -3.3208561000E-01  -4.0598204000E-01
 
Some Atomic Properties:
----------------------
  q(A) = Net Charge of Atom A
  L(A) = Lagrangian of Atom A = -(1/4) Times Atomic Integral of the Laplacian of the Electron Density
  K(A) = Electronic Kinetic Energy of Atom A (Hamiltonian Form)
  K_Scaled(A) = K(A) * E(Mol)/K(Mol) = Approximation to Virial-Based Total Energy of Atom A.
  |Mu_Intra(A)| = Magnitude of Intraatomic Dipole Moment of Atom A
--------------------------------------------------------------------------------------------------
Atom A          q(A)              L(A)              K(A)          K_Scaled(A)      |Mu_Intra(A)|
--------------------------------------------------------------------------------------------------
C1        5.5203305320E-01 -7.6226472181E-05  3.7378397810E+01 -3.7751230134E+01  6.7084952433E-01
C2       -4.3648109600E-02 -4.6718116558E-05  3.7741026413E+01 -3.8117475790E+01  1.3244254100E-01
C3       -2.9362658100E-02  1.8826444203E-05  3.7725922032E+01 -3.8102220751E+01  1.1282835572E-01
C4       -4.3334696100E-02  1.1779630500E-05  3.7740770321E+01 -3.8117217144E+01  1.3229341951E-01
C5        5.5203324190E-01 -1.5557513142E-04  3.7377961689E+01 -3.7750789663E+01  6.7250689383E-01
C6       -9.2868809100E-02 -9.1039379184E-05  3.7696796200E+01 -3.8072804402E+01  7.2040306617E-02
C7       -9.3320524700E-02 -5.8590449366E-05  3.7703659292E+01 -3.8079735950E+01  1.3077891049E-01
H8        5.2097890160E-02  2.4888326460E-05  5.9844652658E-01 -6.0441575540E-01  1.4857845468E-01
H9        5.1255704600E-02  2.7702141488E-05  5.9334782613E-01 -5.9926619775E-01  1.4801073387E-01
H10       5.1592166800E-02  2.9888707751E-05  5.9442467799E-01 -6.0035379072E-01  1.4661723841E-01
H11       5.1450061830E-02  2.5068289795E-05  5.9326733319E-01 -5.9918490193E-01  1.4797071528E-01
H12       5.3540548960E-02  1.5944314750E-05  5.9782511843E-01 -6.0378814898E-01  1.4849238597E-01
H13       2.9525708850E-02  1.7092052235E-05  5.9963755738E-01 -6.0561866619E-01  1.4975717251E-01
H14       3.2832331810E-02  2.1862983303E-05  5.9828995227E-01 -6.0425761933E-01  1.4898352020E-01
H15       2.7510220010E-02  2.2166701020E-05  6.0036574089E-01 -6.0635411299E-01  1.4980236457E-01
H16       8.7620489780E-02  2.5602165560E-05  5.7669246729E-01 -5.8244470938E-01  1.2814197465E-01
N17      -1.2390969926E+00  2.8776941638E-05  5.4930230280E+01 -5.5478134059E+01  1.7267088040E-02
--------------------------------------------------------------------------------------------------
Total    -1.4037230000E-04 -1.5855085001E-04  3.2364706124E+02 -3.2687529180E+02
 
1st Largest |L(A)| = 1.5557513142E-04, atom C5      
2nd Largest |L(A)| = 9.1039379184E-05, atom C6      
 
Molecular charge q(Mol) from the wfn file:   0.0000000000E+00
Molecular energy E(Mol) from the wfn file:  -3.2687534764E+02
Molecular virial ratio (-V(Mol)/T(Mol)) from the wfn file:   2.0099745400E+00
Note.  K_Scaled(A) = (1+V(Mol)/T(Mol))*K(A) = (E(Mol)/T(Mol))*K(A)
       Only use K_Scaled(A) data with caution.
 
N_AIMInt(SumA)     =         58.000140
N_Analytic(Mol)    =         57.999991
 
G_AIMInt(SumA)     =        323.647220
G_Analytic(Mol)    =        323.647095
 
K_AIMInt(SumA)     =        323.647061
K_Analytic(Mol)    =        323.647095
 
L_AIMInt(SumA)     =         -0.000159
L_Analytic(Mol)    =          0.000000
 
VenT_AIMInt(SumA)  =      -1369.929733
VenT_Analytic(Mol) =      -1369.928239
 
Some Information About the Atomic Calculations:
----------------------------------------------
  Time(sec) = "Elapsed User Time", in Seconds, for Atom A by AIMInt and, if used, by TWOe
  NProc = Number of Processors Used for AIMInt Job
  BIM = Basin Integration Method
  OAQ = Angular Quadrature Outside of Beta Sphere
  ORQ = Multiple of Default for Radial Quadrature Outside of Beta Sphere
  IAQ = Multiple of Default for Angular Quadrature Inside of Beta Sphere
  IRQ = Multiple of Default for Radial Quadrature Inside of Beta Sphere
  MIR = Maximum Integration Radius
------------------------------------------------------------------------------------------------------
Atom A     Time(sec)   NProc      BIM          OAQ                     ORQ      IAQ      IRQ      MIR
------------------------------------------------------------------------------------------------------
C1             17        8     Proaim(5)    4500(GS4)                  1.00     1.00     1.00    13.00
C2             17        8     Proaim(5)    4500(GS4)                  1.00     1.00     1.00    13.00
C3             15        8     Proaim(5)    4500(GS4)                  1.00     1.00     1.00    13.00
C4             15        8     Proaim(5)    4500(GS4)                  1.00     1.00     1.00    13.00
C5             17        8     Proaim(5)    4500(GS4)                  1.00     1.00     1.00    13.00
C6             15        8     Proaim(5)    4500(GS4)                  1.00     1.00     1.00    13.00
C7             17        8     Proaim(5)    4500(GS4)                  1.00     1.00     1.00    13.00
H8              5        8     Proaim(5)    1800(GS4)                  1.00     1.00     1.00    13.00
H9              4        8     Proaim(5)    1800(GS4)                  1.00     1.00     1.00    13.00
H10             4        8     Proaim(5)    1800(GS4)                  1.00     1.00     1.00    13.00
H11             5        8     Proaim(5)    1800(GS4)                  1.00     1.00     1.00    13.00
H12             6        8     Proaim(5)    1800(GS4)                  1.00     1.00     1.00    13.00
H13             4        8     Proaim(5)    1800(GS4)                  1.00     1.00     1.00    13.00
H14             5        8     Proaim(5)    1800(GS4)                  1.00     1.00     1.00    13.00
H15             4        8     Proaim(5)    1800(GS4)                  1.00     1.00     1.00    13.00
H16            11        8     Proaim(5)    4500(GS4)                  1.00     1.00     1.00    13.00
N17            19        8     Proaim(5)    4500(GS4)                  1.00     1.00     1.00    13.00
------------------------------------------------------------------------------------------------------
Total         180
Note:  Total wall clock time is less than total of atomic times if more than one atom
       was calculated at a time
 
Electron Density Critical Point Analysis of Molecular Structure:               
---------------------------------------------------------------                
  NACP = Nuclear Attractor Critical Point                                      
  NNACP = Non-Nuclear Attractor Critical Point                                 
  BCP = Bond Critical Point                                                    
  RCP = Ring Critical Point                                                    
  CCP = Cage Critical Point                                                    
  Rho = Electron Density                                                       
  GradRho = Gradient of Electron Density                                       
  HessRho_EigVals = Eigenvalues of the Hessian of Rho, Ascending Order         
  HessRho_EigVecs = Eigenvectors of the Hessian of Rho                         
  DelSqRho = Laplacian of Rho = Trace of Hessian of Rho                        
  Bond Ellipticity = (HessRho_EigVal(1) / HessRho_EigVal(2)) - 1               
  V = Virial Field = Potential Energy Density = Trace of Stress Tensor         
  G = Lagrangian Form of Kinetic Energy Density                                
  K = Hamiltonian Form of Kinetic Energy Density                               
  L = K - G = Lagrangian Density = (-1/4)DelSqRho                              
  Vnuc = Electrostatic Potential from Nuclei                                   
  Ven = Electron-nuclear attractive contribution to Virial Field V             
  Vrep = V - Ven = Repulsive contribution to Virial Field V                    
  DelSqV = Laplacian of V                                                      
  DelSqVen = Laplacian of Ven                                                  
  DelSqVrep = Laplacian of Vrep                                                
  DelSqG = Laplacian of G                                                      
  DelSqK = Laplacian of K                                                      
  Stress_EigVals = Eigenvalues of Stress Tensor, Ascending Order               
  Stress_EigVecs = Eigenvectors of Stress Tensor                               
  -DivStress = Ehrenfest Force Density = Minus Divergence of Stress Tensor     
  ESP = Total Electrostatic Potential                                          
  ESPe = Electrostatic Potential from Electrons                                
  ESPn = Electrostatic Potential from Nuclei                                   
  BP = Bond Path                                                               
  BPL = Bond Path Length                                                       
  GBL = Geometric Bond Length                                                  
  GBL_I = Distance Between Nuclear Attractors                                  
  GBL_II = Distance Between Nuclei                                             
  GBL_III = Sum of Distances Between BCP and Nuclear Attractors                
  GBL_IV = Sum of Distances Between BCP and Nuclei                             

CP# 1      Coords =  1.73707639016620E+00 -2.30724014798583E+00 -1.07166027221857E-01
           Type = (3,-3) NACP C1
           Rho =  1.1763822088E+02     Rho at Nucleus =  1.1763822056E+02
           GradRho = -1.1438439640E-09  1.6571279904E-09 -2.2972984626E-10
           HessRho_EigVals = -1.4493780442E+05 -1.4493681937E+05 -1.4493633418E+05
           HessRho_EigVec1 = -1.4517601939E-01  3.4920785903E-02  9.8878939219E-01
           HessRho_EigVec2 = -6.2735107170E-01  7.6954616525E-01 -1.1928676537E-01
           HessRho_EigVec3 =  7.6508467259E-01  6.3763566264E-01  8.9812056544E-02
           DelSqRho = -4.3481095797E+05
           Bond Ellipticity = NA
           V = -1.0871298367E+05
           G =  5.1220865084E+00
           K =  1.0870786158E+05
           L =  1.0870273949E+05
           Vnuc =  2.8594342992E+06
           Ven = -3.3637876366E+08
           Vrep =  3.3627005068E+08
           DelSqV =  2.4940860126E+09
           DelSqVen =  1.2433133732E+12
           DelSqVrep = -1.2408192872E+12
           DelSqG =  1.3395067307E+08
           DelSqK = -2.6280366856E+09
           Stress_EigVals = -3.6237931493E+04 -3.6237798375E+04 -3.6237253797E+04
           Stress_EigVec1 = -7.3357265891E-01 -6.7439378224E-01 -8.4048679859E-02
           Stress_EigVec2 = -6.6386734322E-01  7.3754327578E-01 -1.2373385534E-01
           Stress_EigVec3 = -1.4543488136E-01  3.4970599462E-02  9.8874959037E-01
           -DivStress =  9.6685577890E+02 -1.3953480831E+03  1.9287311659E+02
           ESP =  -1.4700937538E+01     ESP at Nucleus =  -1.4700937554E+01
           ESPe = -2.6517261304E+01     ESPe at Nucleus = -2.6517259085E+01
           ESPn =  1.1816323766E+01     ESPn at Nucleus =  1.1816321531E+01

CP# 2      Coords =  4.33755042674937E+00 -2.07588514003738E+00  2.67851214241159E-01
           Type = (3,-3) NACP C2
           Rho =  1.1766456934E+02     Rho at Nucleus =  1.1766456933E+02
           GradRho = -1.2993051079E-11  7.7786665997E-12  1.0124817651E-12
           HessRho_EigVals = -1.4498684484E+05 -1.4498579264E+05 -1.4498568500E+05
           HessRho_EigVec1 = -1.4542889533E-01  3.4912823655E-02  9.8875251259E-01
           HessRho_EigVec2 = -4.7572425856E-01  8.7379676771E-01 -1.0082479144E-01
           HessRho_EigVec3 =  8.6748882772E-01  4.8503639399E-01  1.1046642152E-01
           DelSqRho = -4.3495832248E+05
           Bond Ellipticity = NA
           V = -1.0874994584E+05
           G =  5.1826108528E+00
           K =  1.0874476323E+05
           L =  1.0873958062E+05
           Vnuc =  1.5404187429E+07
           Ven = -1.8125270799E+09
           Vrep =  1.8124183299E+09
           DelSqV =  2.4949477328E+09
           DelSqVen =  6.7001741476E+12
           DelSqVrep = -6.6976791999E+12
           DelSqG =  1.3401250534E+08
           DelSqK = -2.6289602381E+09
           Stress_EigVals = -3.6250178915E+04 -3.6250172195E+04 -3.6249594731E+04
           Stress_EigVec1 =  9.5893289651E-01 -2.4090097270E-01  1.4971446605E-01
           Stress_EigVec2 =  2.4341845238E-01  9.6992012063E-01  1.5545517821E-03
           Stress_EigVec3 = -1.4558556601E-01  3.4952552783E-02  9.8872805261E-01
           -DivStress = -2.3943510415E+02 -2.0662039523E+02 -2.7478053835E+01
           ESP =  -1.4724618438E+01     ESP at Nucleus =  -1.4724618438E+01
           ESPe = -2.5920059030E+01     ESPe at Nucleus = -2.5920059030E+01
           ESPn =  1.1195440592E+01     ESPn at Nucleus =  1.1195440592E+01

CP# 3      Coords =  5.38535007651435E+00  3.41150750722520E-01  3.36754543237507E-01
           Type = (3,-3) NACP C3
           Rho =  1.1766847759E+02     Rho at Nucleus =  1.1766847759E+02
           GradRho = -2.7231383815E-11  4.6893045003E-14  3.7222308569E-12
           HessRho_EigVals = -1.4498718258E+05 -1.4498573996E+05 -1.4498565650E+05
           HessRho_EigVec1 = -1.4547871466E-01  3.5009190977E-02  9.8874177626E-01
           HessRho_EigVec2 =  9.8157050040E-01  1.3027784639E-01  1.3981071303E-01
           HessRho_EigVec3 = -1.2391648929E-01  9.9085924292E-01 -5.3316642747E-02
           DelSqRho = -4.3495857904E+05
           Bond Ellipticity = NA
           V = -1.0874992341E+05
           G =  5.1393260547E+00
           K =  1.0874478409E+05
           L =  1.0873964476E+05
           Vnuc =  2.2454215882E+08
           Ven = -2.6421533984E+10
           Vrep =  2.6421425234E+10
           DelSqV =  2.4949429001E+09
           DelSqVen =  9.7680441213E+13
           DelSqVrep = -9.7677946270E+13
           DelSqG =  1.3400781336E+08
           DelSqK = -2.6289507134E+09
           Stress_EigVals = -3.6250199090E+04 -3.6250198903E+04 -3.6249525419E+04
           Stress_EigVec1 =  8.6602962040E-01 -4.7868246590E-01  1.4441535040E-01
           Stress_EigVec2 =  4.7834237382E-01  8.7729067166E-01  3.9365604692E-02
           Stress_EigVec3 = -1.4553786448E-01  3.4988201839E-02  9.8873381440E-01
           -DivStress = -1.6933948590E+01 -1.9186074090E-03 -1.9845485255E+00
           ESP =  -1.4714497907E+01     ESP at Nucleus =  -1.4714497908E+01
           ESPe = -2.5779221662E+01     ESPe at Nucleus = -2.5779221704E+01
           ESPn =  1.1064723755E+01     ESPn at Nucleus =  1.1064723796E+01

CP# 4      Coords =  3.79057429099620E+00  2.41625051981603E+00  2.85373352147222E-02
           Type = (3,-3) NACP C4
           Rho =  1.1766410492E+02     Rho at Nucleus =  1.1766410491E+02
           GradRho =  3.7238101491E-11 -9.6531393989E-12  1.8267332091E-12
           HessRho_EigVals = -1.4498608766E+05 -1.4498503334E+05 -1.4498492643E+05
           HessRho_EigVec1 = -1.4521956856E-01  3.5013284831E-02  9.8877972612E-01
           HessRho_EigVec2 =  2.4565585091E-01  9.6935552226E-01  1.7533891862E-03
           HessRho_EigVec3 =  9.5841769590E-01 -2.4315415140E-01  1.4937060900E-01
           DelSqRho = -4.3495604743E+05
           Bond Ellipticity = NA
           V = -1.0874937671E+05
           G =  5.1824267410E+00
           K =  1.0874419428E+05
           L =  1.0873901186E+05
           Vnuc =  1.5581029021E+07
           Ven = -1.8333278335E+09
           Vrep =  1.8332190842E+09
           DelSqV =  2.4949345394E+09
           DelSqVen =  6.7770641285E+12
           DelSqVrep = -6.7745691940E+12
           DelSqG =  1.3401162049E+08
           DelSqK = -2.6289461599E+09
           Stress_EigVals = -3.6249989410E+04 -3.6249982474E+04 -3.6249404826E+04
           Stress_EigVec1 =  8.5704033395E-01  5.0376043849E-01  1.0820021530E-01
           Stress_EigVec2 =  4.9430816424E-01 -8.6313413990E-01  1.0324192608E-01
           Stress_EigVec3 = -1.4540049773E-01  3.4998245010E-02  9.8875366907E-01
           -DivStress = -2.7608203574E+02  1.4211287133E+02 -4.4880589563E+01
           ESP =  -1.4724663349E+01     ESP at Nucleus =  -1.4724663349E+01
           ESPe = -2.5971675028E+01     ESPe at Nucleus = -2.5971675028E+01
           ESPn =  1.1247011680E+01     ESPn at Nucleus =  1.1247011679E+01

CP# 5      Coords =  1.21519373108150E+00  1.97778143495033E+00 -3.35066808332893E-01
           Type = (3,-3) NACP C5
           Rho =  1.1763864841E+02     Rho at Nucleus =  1.1763864808E+02
           GradRho = -6.9380788614E-10 -1.9388526340E-09 -3.9956621345E-11
           HessRho_EigVals = -1.4493835968E+05 -1.4493737427E+05 -1.4493687943E+05
           HessRho_EigVec1 = -1.4506169933E-01  3.4808857270E-02  9.8881011668E-01
           HessRho_EigVec2 =  4.3072864411E-01  9.0193372295E-01  3.1438742699E-02
           HessRho_EigVec3 =  8.9074684312E-01 -4.3046939828E-01  1.4582921043E-01
           DelSqRho = -4.3481261338E+05
           Bond Ellipticity = NA
           V = -1.0871339479E+05
           G =  5.1207246317E+00
           K =  1.0870827407E+05
           L =  1.0870315334E+05
           Vnuc =  2.8414971250E+06
           Ven = -3.3426988123E+08
           Vrep =  3.3416116784E+08
           DelSqV =  2.4940954623E+09
           DelSqVen =  1.2355187999E+12
           DelSqVrep = -1.2330247044E+12
           DelSqG =  1.3395120478E+08
           DelSqK = -2.6280466671E+09
           Stress_EigVals = -3.6238070553E+04 -3.6237934351E+04 -3.6237389890E+04
           Stress_EigVec1 =  8.6993714999E-01 -4.7157914603E-01  1.4429991029E-01
           Stress_EigVec2 =  4.7129412957E-01  8.8114247189E-01  3.8337809983E-02
           Stress_EigVec3 = -1.4522809134E-01  3.4656215461E-02  9.8879105387E-01
           -DivStress =  5.8335901771E+02  1.6172353918E+03  3.0856613266E+01
           ESP =  -1.4701136119E+01     ESP at Nucleus =  -1.4701136136E+01
           ESPe = -2.6620499931E+01     ESPe at Nucleus = -2.6620497709E+01
           ESPn =  1.1919363812E+01     ESPn at Nucleus =  1.1919361574E+01

CP# 6      Coords = -8.08615390694755E+00  2.14520800802038E-01  1.09984932779488E+00
           Type = (3,-3) NACP C6
           Rho =  1.1767409984E+02     Rho at Nucleus =  1.1767409973E+02
           GradRho = -1.6189860563E-10  7.8397788261E-11  3.4673663940E-10
           HessRho_EigVals = -1.4500003808E+05 -1.4499911940E+05 -1.4499886598E+05
           HessRho_EigVec1 =  9.3896006946E-02  9.8187403818E-01 -1.6464177180E-01
           HessRho_EigVec2 =  8.3982208790E-01  1.0698336705E-02  5.4275630468E-01
           HessRho_EigVec3 = -5.3467971774E-01  1.8923244631E-01  8.2359497370E-01
           DelSqRho = -4.3499802346E+05
           Bond Ellipticity = NA
           V = -1.0875968623E+05
           G =  5.0901806905E+00
           K =  1.0875459605E+05
           L =  1.0874950587E+05
           Vnuc =  4.8612704589E+06
           Ven = -5.7204562532E+08
           Vrep =  5.7193686563E+08
           DelSqV =  2.4951737934E+09
           DelSqVen =  2.1146427064E+12
           DelSqVrep = -2.1121474671E+12
           DelSqG =  1.3402651069E+08
           DelSqK = -2.6292003041E+09
           Stress_EigVals = -3.6253491694E+04 -3.6253356214E+04 -3.6252838319E+04
           Stress_EigVec1 = -5.4523023670E-01  1.8870494397E-01  8.1677073473E-01
           Stress_EigVec2 =  8.3305460504E-01  1.3284383921E-02  5.5303123797E-01
           Stress_EigVec3 =  9.3509432762E-02  9.8194397461E-01 -1.6444457036E-01
           -DivStress =  5.8201355059E+02 -1.8728337286E+02 -7.9421188174E+02
           ESP =  -1.4760549717E+01     ESP at Nucleus =  -1.4760549737E+01
           ESPe = -2.2498910987E+01     ESPe at Nucleus = -2.2498912310E+01
           ESPn =  7.7383612696E+00     ESPn at Nucleus =  7.7383625735E+00

CP# 7      Coords = -6.69561960604563E+00 -2.60053251969212E-01 -9.43555519298666E-01
           Type = (3,-3) NACP C7
           Rho =  1.1769578893E+02     Rho at Nucleus =  1.1769578886E+02
           GradRho = -1.0952017071E-10 -2.5573154705E-11 -1.6873746844E-10
           HessRho_EigVals = -1.4503132022E+05 -1.4503013514E+05 -1.4502989375E+05
           HessRho_EigVec1 =  9.4427458857E-02  9.8208172107E-01 -1.6309183960E-01
           HessRho_EigVec2 =  4.6282861231E-01  1.0173631313E-01  8.8059036914E-01
           HessRho_EigVec3 =  8.8140406775E-01 -1.5863548065E-01 -4.4492881861E-01
           DelSqRho = -4.3509134911E+05
           Bond Ellipticity = NA
           V = -1.0878301787E+05
           G =  5.0902961029E+00
           K =  1.0877792757E+05
           L =  1.0877283728E+05
           Vnuc =  6.3994913353E+06
           Ven = -7.5319318143E+08
           Vrep =  7.5308439841E+08
           DelSqV =  2.4957116059E+09
           DelSqVen =  2.7843627581E+12
           DelSqVrep = -2.7818673087E+12
           DelSqG =  1.3405955947E+08
           DelSqK = -2.6297711653E+09
           Stress_EigVals = -3.6261280148E+04 -3.6261165857E+04 -3.6260571866E+04
           Stress_EigVec1 =  7.6337202939E-01 -1.7648575587E-01 -6.2138226779E-01
           Stress_EigVec2 =  6.3912666167E-01  6.6817531412E-02  7.6619353159E-01
           Stress_EigVec3 =  9.3703015365E-02  9.8203268554E-01 -1.6380338653E-01
           -DivStress =  2.1802823144E+02  1.0740464579E+02  7.2222548605E+02
           ESP =  -1.4765086197E+01     ESP at Nucleus =  -1.4765086207E+01
           ESPe = -2.3109199127E+01     ESPe at Nucleus = -2.3109199793E+01
           ESPn =  8.3441129305E+00     ESPn at Nucleus =  8.3441135862E+00

CP# 8      Coords =  8.70377403673023E-01 -4.13322970959999E+00 -1.69925429799522E-01
           Type = (3,-3) NACP H8
           Rho =  4.3144903309E-01     Rho at Nucleus =  4.2766163887E-01
           GradRho =  9.3508781393E-11  1.9201582512E-10  6.9305909753E-12
           HessRho_EigVals = -6.6029407799E+00 -6.5921421704E+00 -5.9778091196E+00
           HessRho_EigVec1 =  8.8951111472E-01 -4.3283711433E-01  1.4636259511E-01
           HessRho_EigVec2 = -1.4557033482E-01  3.5176143629E-02  9.8872236575E-01
           HessRho_EigVec3 =  4.3310420733E-01  9.0078558569E-01  3.1718672923E-02
           DelSqRho = -1.9172892070E+01
           Bond Ellipticity = NA
           V = -4.8017641553E+00
           G =  4.2705689105E-03
           K =  4.7974935864E+00
           L =  4.7932230175E+00
           Vnuc =  3.9796228185E+01
           Ven = -1.7170044171E+01
           Vrep =  1.2368280016E+01
           DelSqV =  7.2203034713E+02
           DelSqVen =  7.6300878813E+02
           DelSqVrep = -4.0978441001E+01
           DelSqG =  7.1361276779E+01
           DelSqK = -7.9339162391E+02
           Stress_EigVals = -1.6534565509E+00 -1.6517823402E+00 -1.4965252643E+00
           Stress_EigVec1 =  8.8967769684E-01 -4.3240464363E-01  1.4662816886E-01
           Stress_EigVec2 =  1.4579468494E-01 -3.5288328665E-02 -9.8868531075E-01
           Stress_EigVec3 =  4.3268638248E-01  9.0098887786E-01  3.1647059815E-02
           -DivStress = -3.5407217457E+00 -7.2492863450E+00 -2.6315715212E-01
           ESP =  -1.1019137757E+00     ESP at Nucleus =  -1.1044620613E+00
           ESPe = -1.2428986603E+01     ESPe at Nucleus = -1.2340726151E+01
           ESPn =  1.1327072827E+01     ESPn at Nucleus =  1.1236264090E+01

CP# 9      Coords =  5.48210887456057E+00 -3.72146617527125E+00  4.94759207721634E-01
           Type = (3,-3) NACP H9
           Rho =  4.2705224310E-01     Rho at Nucleus =  4.2332258183E-01
           GradRho = -3.5469674073E-15  6.2363308961E-15 -9.9453865282E-16
           HessRho_EigVals = -6.5201316292E+00 -6.5136993024E+00 -5.9127666068E+00
           HessRho_EigVec1 =  8.1073933802E-01  5.7698165559E-01  9.8964109143E-02
           HessRho_EigVec2 = -1.4563422564E-01  3.5051130538E-02  9.8871739672E-01
           HessRho_EigVec3 = -5.6700299656E-01  8.1600464911E-01 -1.1244560699E-01
           DelSqRho = -1.8946597538E+01
           Bond Ellipticity = NA
           V = -4.7457383802E+00
           G =  4.5444978171E-03
           K =  4.7411938824E+00
           L =  4.7366493846E+00
           Vnuc =  3.9192111320E+01
           Ven = -1.6737079051E+01
           Vrep =  1.1991340671E+01
           DelSqV =  7.1354071078E+02
           DelSqVen =  7.4255715985E+02
           DelSqVrep = -2.9016449068E+01
           DelSqG =  7.0396772742E+01
           DelSqK = -7.8393748353E+02
           Stress_EigVals = -1.6331857100E+00 -1.6325648977E+00 -1.4799877725E+00
           Stress_EigVec1 = -8.1105176750E-01 -5.7649343037E-01 -9.9248955541E-02
           Stress_EigVec2 = -1.4581138738E-01  3.4924179706E-02  9.8869577777E-01
           Stress_EigVec3 = -5.6651043216E-01  8.1635508599E-01 -1.1238462457E-01
           -DivStress =  4.5108718181E+00 -6.5015224464E+00  8.9490608454E-01
           ESP =  -1.0885865925E+00     ESP at Nucleus =  -1.0911222535E+00
           ESPe = -1.1750824026E+01     ESPe at Nucleus = -1.1662075178E+01
           ESPn =  1.0662237433E+01     ESPn at Nucleus =  1.0570952925E+01

CP# 10     Coords =  7.36760915053122E+00  5.97522267049051E-01  6.19598107361396E-01
           Type = (3,-3) NACP H10
           Rho =  4.2809764484E-01     Rho at Nucleus =  4.2434971322E-01
           GradRho = -8.6048025476E-09 -1.1129963947E-09 -1.2277778165E-09
           HessRho_EigVals = -6.5385498080E+00 -6.5322612951E+00 -5.9275639155E+00
           HessRho_EigVec1 = -1.2067656665E-01  9.9128416264E-01 -5.2847659988E-02
           HessRho_EigVec2 = -1.4560219618E-01  3.4985930692E-02  9.8872442325E-01
           HessRho_EigVec3 =  9.8195578654E-01  1.2701060412E-01  1.4011116912E-01
           DelSqRho = -1.8998375019E+01
           Bond Ellipticity = NA
           V = -4.7583385099E+00
           G =  4.3723776377E-03
           K =  4.7539661323E+00
           L =  4.7495937547E+00
           Vnuc =  3.9018632052E+01
           Ven = -1.6703784486E+01
           Vrep =  1.1945445976E+01
           DelSqV =  7.1542550242E+02
           DelSqVen =  7.4129061862E+02
           DelSqVrep = -2.5865116201E+01
           DelSqG =  7.0604478888E+01
           DelSqK = -7.8602998130E+02
           Stress_EigVals = -1.6378338651E+00 -1.6368387753E+00 -1.4836658695E+00
           Stress_EigVec1 = -1.2067736446E-01  9.9128405929E-01 -5.2847776798E-02
           Stress_EigVec2 = -1.4560283498E-01  3.4985851032E-02  9.8872433199E-01
           Stress_EigVec3 =  9.8195559378E-01  1.2701143269E-01  1.4011176900E-01
           -DivStress =  7.8495373869E+00  1.0153119528E+00  1.1200108020E+00
           ESP =  -1.0858692093E+00     ESP at Nucleus =  -1.0884080775E+00
           ESPe = -1.1607739175E+01     ESPe at Nucleus = -1.1519041552E+01
           ESPn =  1.0521869966E+01     ESPn at Nucleus =  1.0430633475E+01

CP# 11     Coords =  4.50507600749653E+00  4.30235338828378E+00  6.69813329985994E-02
           Type = (3,-3) NACP H11
           Rho =  4.2704187473E-01     Rho at Nucleus =  4.2331125899E-01
           GradRho = -6.2397304381E-10 -1.6518169471E-09 -3.3383588537E-11
           HessRho_EigVals = -6.5199951588E+00 -6.5135513585E+00 -5.9125331742E+00
           HessRho_EigVec1 =  9.2395619275E-01 -3.5252267594E-01  1.4843421716E-01
           HessRho_EigVec2 = -1.4549739138E-01  3.4975522194E-02  9.8874021965E-01
           HessRho_EigVec3 =  3.5374491229E-01  9.3514944036E-01  1.8975279426E-02
           DelSqRho = -1.8946079692E+01
           Bond Ellipticity = NA
           V = -4.7456011699E+00
           G =  4.5406235358E-03
           K =  4.7410605464E+00
           L =  4.7365199229E+00
           Vnuc =  3.9254563672E+01
           Ven = -1.6763342462E+01
           Vrep =  1.2017741292E+01
           DelSqV =  7.1351649636E+02
           DelSqVen =  7.4372009446E+02
           DelSqVrep = -3.0203598102E+01
           DelSqG =  7.0394619928E+01
           DelSqK = -7.8391111628E+02
           Stress_EigVals = -1.6331458750E+00 -1.6325263978E+00 -1.4799288971E+00
           Stress_EigVec1 =  9.2415297890E-01 -3.5196422975E-01  1.4853434812E-01
           Stress_EigVec2 = -1.4557986379E-01  3.5008788163E-02  9.8872690264E-01
           Stress_EigVec3 =  3.5319651025E-01  9.3535852256E-01  1.8885428758E-02
           -DivStress =  2.8126230991E+00  7.4498222558E+00  1.5032784843E-01
           ESP =  -1.0886848493E+00     ESP at Nucleus =  -1.0912210627E+00
           ESPe = -1.1817475243E+01     ESPe at Nucleus = -1.1728842766E+01
           ESPn =  1.0728790394E+01     ESPn at Nucleus =  1.0637621703E+01

CP# 12     Coords = -6.42257715720974E-02  3.52482508467773E+00 -5.76857396113370E-01
           Type = (3,-3) NACP H12
           Rho =  4.3125904055E-01     Rho at Nucleus =  4.2746228208E-01
           GradRho =  1.6323747909E-15 -1.3287981826E-15  4.6794165764E-16
           HessRho_EigVals = -6.5990888016E+00 -6.5883069501E+00 -5.9731499066E+00
           HessRho_EigVec1 =  7.5729788333E-01  6.4703653125E-01  8.8564344558E-02
           HessRho_EigVec2 = -1.4508039275E-01  3.4456950561E-02  9.8881969954E-01
           HessRho_EigVec3 = -6.3675081118E-01  7.6168001535E-01 -1.1996648980E-01
           DelSqRho = -1.9160545658E+01
           Bond Ellipticity = NA
           V = -4.7986726114E+00
           G =  4.2680984309E-03
           K =  4.7944045130E+00
           L =  4.7901364146E+00
           Vnuc =  3.9963859242E+01
           Ven = -1.7234775593E+01
           Vrep =  1.2436102982E+01
           DelSqV =  7.2150730115E+02
           DelSqVen =  7.6572934968E+02
           DelSqVrep = -4.4222048535E+01
           DelSqG =  7.1300614393E+01
           DelSqK = -7.9280791554E+02
           Stress_EigVals = -1.6524927729E+00 -1.6508199685E+00 -1.4953598701E+00
           Stress_EigVec1 =  7.5756440520E-01  6.4669119707E-01  8.8806911888E-02
           Stress_EigVec2 = -1.4521942318E-01  3.4329306254E-02  9.8880373071E-01
           Stress_EigVec3 = -6.3640198861E-01  7.6197899864E-01 -1.1991878309E-01
           -DivStress = -5.1834888938E+00  6.1208980124E+00 -9.7354817441E-01
           ESP =  -1.1023552864E+00     ESP at Nucleus =  -1.1049117508E+00
           ESPe = -1.2642034824E+01     ESPe at Nucleus = -1.2555509231E+01
           ESPn =  1.1539679538E+01     ESPn at Nucleus =  1.1450597480E+01

CP# 13     Coords = -1.00981546236874E+01  3.90978950425902E-01  1.01515944770501E+00
           Type = (3,-3) NACP H13
           Rho =  4.2639220952E-01     Rho at Nucleus =  4.2276821953E-01
           GradRho =  7.7196767468E-09 -6.7309752238E-10  3.4602087732E-10
           HessRho_EigVals = -6.4929798815E+00 -6.4862468551E+00 -5.8988358889E+00
           HessRho_EigVec1 = -2.9242228371E-02  1.6718600740E-01  9.8549161894E-01
           HessRho_EigVec2 =  9.2977515012E-02  9.8209375270E-01 -1.6385067166E-01
           HessRho_EigVec3 =  9.9523870191E-01 -8.6837203036E-02  4.4263149311E-02
           DelSqRho = -1.8878062625E+01
           Bond Ellipticity = NA
           V = -4.7286695156E+00
           G =  4.5769296008E-03
           K =  4.7240925860E+00
           L =  4.7195156564E+00
           Vnuc =  3.7321778178E+01
           Ven = -1.5913715461E+01
           Vrep =  1.1185045945E+01
           DelSqV =  7.1112084944E+02
           DelSqVen =  7.0456287866E+02
           DelSqVrep =  6.5579707788E+00
           DelSqG =  6.9983589362E+01
           DelSqK = -7.8110443880E+02
           Stress_EigVals = -1.6265182949E+00 -1.6258059365E+00 -1.4763452842E+00
           Stress_EigVec1 = -2.7437202625E-02  1.6691698191E-01  9.8558912385E-01
           Stress_EigVec2 =  9.2986953192E-02  9.8211141702E-01 -1.6373939997E-01
           Stress_EigVec3 =  9.9528921749E-01 -8.7154378632E-02  4.2467491533E-02
           -DivStress = -7.7958213686E+00  6.8039145495E-01 -3.4608935995E-01
           ESP =  -1.1251382363E+00     ESP at Nucleus =  -1.1275469772E+00
           ESPe = -9.5485260281E+00     ESPe at Nucleus = -9.4770066175E+00
           ESPn =  8.4233877919E+00     ESPn at Nucleus =  8.3494596403E+00

CP# 14     Coords = -7.24774673365244E+00  4.39410742654729E-01  2.92520345537380E+00
           Type = (3,-3) NACP H14
           Rho =  4.2604673175E-01     Rho at Nucleus =  4.2240602049E-01
           GradRho = -3.9802675695E-11 -1.0501846138E-11 -8.5687361720E-11
           HessRho_EigVals = -6.4872058532E+00 -6.4804547222E+00 -5.8916604463E+00
           HessRho_EigVec1 = -9.0367188180E-01  1.5226477807E-01  4.0024063688E-01
           HessRho_EigVec2 =  9.3023058379E-02  9.8213032736E-01 -1.6360541155E-01
           HessRho_EigVec3 =  4.1799980940E-01  1.1061400199E-01  9.0168769643E-01
           DelSqRho = -1.8859321022E+01
           Bond Ellipticity = NA
           V = -4.7239541211E+00
           G =  4.5619328505E-03
           K =  4.7193921883E+00
           L =  4.7148302554E+00
           Vnuc =  3.8002632440E+01
           Ven = -1.6190897349E+01
           Vrep =  1.1466943228E+01
           DelSqV =  7.1032626818E+02
           DelSqVen =  7.1670384502E+02
           DelSqVrep = -6.3775768396E+00
           DelSqG =  6.9902082843E+01
           DelSqK = -7.8022835102E+02
           Stress_EigVals = -1.6250517762E+00 -1.6243657788E+00 -1.4745365661E+00
           Stress_EigVec1 =  9.0435758522E-01 -1.5257313386E-01 -3.9857094334E-01
           Stress_EigVec2 =  9.3488671698E-02  9.8205293249E-01 -1.6380447506E-01
           Stress_EigVec3 =  4.1640992581E-01  1.1087595145E-01  9.0239087821E-01
           -DivStress =  3.2837926763E+00  8.6730388191E-01  7.0745565681E+00
           ESP =  -1.1259822682E+00     ESP at Nucleus =  -1.1283972996E+00
           ESPe = -1.0312028958E+01     ESPe at Nucleus = -1.0250422380E+01
           ESPn =  9.1860466902E+00     ESPn at Nucleus =  9.1220250801E+00

CP# 15     Coords = -7.54936910791543E+00 -4.83396436875517E-01 -2.76350937762927E+00
           Type = (3,-3) NACP H15
           Rho =  4.2659634476E-01     Rho at Nucleus =  4.2298981046E-01
           GradRho =  1.8586251787E-11  4.8732144622E-12  3.9667828050E-11
           HessRho_EigVals = -6.4987658715E+00 -6.4927671426E+00 -5.9064845231E+00
           HessRho_EigVec1 = -9.0157789640E-01  1.5418688352E-01  4.0420749830E-01
           HessRho_EigVec2 =  9.4082667882E-02  9.8184952116E-01 -1.6468141793E-01
           HessRho_EigVec3 =  4.2226265326E-01  1.1044420653E-01  8.9972013921E-01
           DelSqRho = -1.8898017537E+01
           Bond Ellipticity = NA
           V = -4.7336342364E+00
           G =  4.5649260565E-03
           K =  4.7290693103E+00
           L =  4.7245043843E+00
           Vnuc =  3.8118654785E+01
           Ven = -1.6261278799E+01
           Vrep =  1.1527644562E+01
           DelSqV =  7.1199212560E+02
           DelSqVen =  7.2036700670E+02
           DelSqVrep = -8.3748810921E+00
           DelSqG =  7.0096858533E+01
           DelSqK = -7.8208898414E+02
           Stress_EigVals = -1.6280903236E+00 -1.6272779192E+00 -1.4782659936E+00
           Stress_EigVec1 =  9.0272358245E-01 -1.5106708828E-01 -4.0282610208E-01
           Stress_EigVec2 =  9.1420666732E-02  9.8229705202E-01 -1.6350768570E-01
           Stress_EigVec3 =  4.2039552254E-01  1.1077561296E-01  9.0055336777E-01
           -DivStress = -3.2918252396E+00 -8.6520497347E-01 -7.0382722569E+00
           ESP =  -1.1278436080E+00     ESP at Nucleus =  -1.1302401209E+00
           ESPe = -1.0261779965E+01     ESPe at Nucleus = -1.0190646056E+01
           ESPn =  9.1339363567E+00     ESPn at Nucleus =  9.0604059351E+00

CP# 16     Coords = -4.68427946745097E+00 -4.35173201170768E-01 -8.57238135226729E-01
           Type = (3,-3) NACP H16
           Rho =  4.1785884551E-01     Rho at Nucleus =  4.1394146340E-01
           GradRho =  8.4134088585E-16  1.5178830415E-18  2.0252896582E-16
           HessRho_EigVals = -6.3405257532E+00 -6.3341373140E+00 -5.7244511732E+00
           HessRho_EigVec1 = -3.0356031992E-02  1.6676319532E-01  9.8552957744E-01
           HessRho_EigVec2 =  9.2358549531E-02  9.8223377033E-01 -1.6336070139E-01
           HessRho_EigVec3 =  9.9526298517E-01 -8.6063099615E-02  4.5218726591E-02
           DelSqRho = -1.8399114240E+01
           Bond Ellipticity = NA
           V = -4.6091972132E+00
           G =  4.7093265571E-03
           K =  4.6044878867E+00
           L =  4.5997785601E+00
           Vnuc =  3.8325101685E+01
           Ven = -1.6014482744E+01
           Vrep =  1.1405285531E+01
           DelSqV =  6.9135170867E+02
           DelSqVen =  7.0514792419E+02
           DelSqVrep = -1.3796215511E+01
           DelSqG =  6.7860725886E+01
           DelSqK = -7.5921243456E+02
           Stress_EigVals = -1.5883096044E+00 -1.5875977903E+00 -1.4332898185E+00
           Stress_EigVec1 = -2.8478909153E-02  1.6819395367E-01  9.8534245097E-01
           Stress_EigVec2 =  9.2497210755E-02  9.8195632343E-01 -1.6494255023E-01
           Stress_EigVec3 =  9.9530559013E-01 -8.6444044450E-02  4.3522516508E-02
           -DivStress =  8.0101137316E+00 -6.9255387851E-01  3.6406465112E-01
