AIMSum (Version 19.02.13, Professional)
Copyright (c) 1997-2019 by Todd A. Keith
AIMSum is a component of the AIMAll package ( http://aim.tkgristmill.com )

TP:  64-bit Linux

Much of the Quantum Theory of Atoms in Molecules (QTAIM) is described in the book:
  "Atoms in Molecules - A Quantum Theory"
  R.F.W. Bader, Oxford University Press, Oxford, 1990

For additional references see:  http://aim.tkgristmill.com/references.html

Wfn File:  /home/mhennefarth/Documents/ML_Diels/summary-N-hayden2009/31-opt/31-opt.wfn
Sum File:  /home/mhennefarth/Documents/ML_Diels/summary-N-hayden2009/31-opt/31-opt.sum

SumViz File:  /home/mhennefarth/Documents/ML_Diels/summary-N-hayden2009/31-opt/31-opt.sumviz

Wfn Title:   Title Card Required                                                           
 
Total memory allocated for AIMSum =        0.796 Megabytes

Atomic units (a.u.) used throughout, except where stated otherwise

Model:  Restricted SCF
 
Restricted, closed-shell, single-determinant wavefunction.
  Number of electrons (from MO Occs)                   =          58.0000000000
  Number of Alpha electrons (from MO Occs)             =          29.0000000000
  Number of Beta electrons (from MO Occs)              =          29.0000000000
  Number of electron pairs (N*(N-1)/2)                 =        1653.0000000000
  Number of electron pairs (from Muller 2EDM)          =        1653.0000000000
 
Nuclear Charges and Cartesian Coordinates:
-------------------------------------------------------------------------------
Atom      Charge                X                  Y                  Z
-------------------------------------------------------------------------------
C1         6.0          -4.0768992900E+00   2.2844715900E+00   1.0021933000E-01
C2         6.0          -5.4413955100E+00   3.7425560000E-02   2.8262083000E-01
C3         6.0          -4.1320819800E+00  -2.2461998800E+00   1.5963522000E-01
C4         6.0          -1.5126132200E+00  -2.1775053100E+00  -1.4147843000E-01
C5         6.0           8.2036824900E+00   6.5710410000E-02   1.0499921800E+00
C6         6.0           6.7136435500E+00  -7.5774590000E-02  -9.7332735000E-01
H7         1.0          -5.0114467800E+00   4.1096597300E+00   1.8633041000E-01
H8         1.0          -7.4816599000E+00   6.5364920000E-02   5.1604048000E-01
H9         1.0          -5.1106944500E+00  -4.0452423300E+00   2.9329822000E-01
H10        1.0          -4.2937227000E-01  -3.9234463000E+00  -2.4451990000E-01
H11        1.0           1.0254404160E+01   6.4391380000E-02   9.0109014000E-01
H12        1.0           7.4327126800E+00   1.8942168000E-01   2.9518669000E+00
H13        1.0           7.5006233900E+00  -1.9912126000E-01  -2.8699933800E+00
H14        1.0           4.6618040800E+00  -7.4271060000E-02  -8.2376875000E-01
H15        1.0          -3.3455706000E-01   3.8600029900E+00  -3.4699814000E-01
N16        7.0          -1.7825370000E-01  -3.4494010000E-02  -3.1997257000E-01
C17        6.0          -1.4600090200E+00   2.1443219400E+00  -1.9825144000E-01
 
Some Atomic Properties:
----------------------
  q(A) = Net Charge of Atom A
  L(A) = Lagrangian of Atom A = -(1/4) Times Atomic Integral of the Laplacian of the Electron Density
  K(A) = Electronic Kinetic Energy of Atom A (Hamiltonian Form)
  K_Scaled(A) = K(A) * E(Mol)/K(Mol) = Approximation to Virial-Based Total Energy of Atom A.
  |Mu_Intra(A)| = Magnitude of Intraatomic Dipole Moment of Atom A
--------------------------------------------------------------------------------------------------
Atom A          q(A)              L(A)              K(A)          K_Scaled(A)      |Mu_Intra(A)|
--------------------------------------------------------------------------------------------------
C1       -4.3432731400E-02  1.5712265130E-05  3.7740935476E+01 -3.8117394514E+01  1.3238309962E-01
C2       -2.9356004300E-02 -2.4123232287E-06  3.7725942324E+01 -3.8102251808E+01  1.1290986013E-01
C3       -4.3515974700E-02 -4.3398471239E-05  3.7740908713E+01 -3.8117367485E+01  1.3241803873E-01
C4        5.5203148980E-01 -9.3682143240E-05  3.7378250248E+01 -3.7751091566E+01  6.7125571428E-01
C5       -9.2748238100E-02 -8.1456254064E-05  3.7696768413E+01 -3.8072786893E+01  7.2087880253E-02
C6       -9.3192664100E-02 -1.3602994734E-05  3.7703703699E+01 -3.8079791357E+01  1.3046345539E-01
H7        5.1372586970E-02  1.9726332504E-05  5.9329381087E-01 -5.9921180984E-01  1.4800185525E-01
H8        5.1642096870E-02  1.4275004288E-05  5.9439351631E-01 -6.0032248464E-01  1.4663199416E-01
H9        5.1375139240E-02  2.1865840641E-05  5.9329286686E-01 -5.9921085641E-01  1.4799368941E-01
H10       5.2649160610E-02  2.6552092466E-05  5.9824108694E-01 -6.0420843410E-01  1.4851524189E-01
H11       2.9422472990E-02  2.3894839590E-05  5.9968295556E-01 -6.0566468510E-01  1.4974699422E-01
H12       3.2865457110E-02  2.2849787477E-05  5.9828029959E-01 -6.0424803789E-01  1.4897053399E-01
H13       2.7321355570E-02  2.1110737565E-05  6.0043738521E-01 -6.0642664005E-01  1.4983517055E-01
H14       8.7583552900E-02  2.2666378588E-05  5.7665085725E-01 -5.8240284575E-01  1.2823977823E-01
H15       5.2798076010E-02  2.4715010918E-05  5.9817372574E-01 -6.0414040098E-01  1.4849928463E-01
N16      -1.2388423170E+00  4.2937046483E-05  5.4929786006E+01 -5.5477700734E+01  1.6417397537E-02
C17       5.5202239370E-01 -4.5426522041E-05  3.7378272931E+01 -3.7751114475E+01  6.7153056225E-01
--------------------------------------------------------------------------------------------------
Total    -4.1478300008E-06 -2.3673372897E-05  3.2364701431E+02 -3.2687533503E+02
 
1st Largest |L(A)| = 9.3682143240E-05, atom C4      
2nd Largest |L(A)| = 8.1456254064E-05, atom C5      
 
Molecular charge q(Mol) from the wfn file:   0.0000000000E+00
Molecular energy E(Mol) from the wfn file:  -3.2687535043E+02
Molecular virial ratio (-V(Mol)/T(Mol)) from the wfn file:   2.0099748200E+00
Note.  K_Scaled(A) = (1+V(Mol)/T(Mol))*K(A) = (E(Mol)/T(Mol))*K(A)
       Only use K_Scaled(A) data with caution.
 
N_AIMInt(SumA)     =         58.000004
N_Analytic(Mol)    =         57.999991
 
G_AIMInt(SumA)     =        323.647038
G_Analytic(Mol)    =        323.647012
 
K_AIMInt(SumA)     =        323.647014
K_Analytic(Mol)    =        323.647012
 
L_AIMInt(SumA)     =         -0.000024
L_Analytic(Mol)    =          0.000000
 
VenT_AIMInt(SumA)  =      -1368.900156
VenT_Analytic(Mol) =      -1368.899935
 
Some Information About the Atomic Calculations:
----------------------------------------------
  Time(sec) = "Elapsed User Time", in Seconds, for Atom A by AIMInt and, if used, by TWOe
  NProc = Number of Processors Used for AIMInt Job
  BIM = Basin Integration Method
  OAQ = Angular Quadrature Outside of Beta Sphere
  ORQ = Multiple of Default for Radial Quadrature Outside of Beta Sphere
  IAQ = Multiple of Default for Angular Quadrature Inside of Beta Sphere
  IRQ = Multiple of Default for Radial Quadrature Inside of Beta Sphere
  MIR = Maximum Integration Radius
------------------------------------------------------------------------------------------------------
Atom A     Time(sec)   NProc      BIM          OAQ                     ORQ      IAQ      IRQ      MIR
------------------------------------------------------------------------------------------------------
C1             16        8     Proaim(5)    4500(GS4)                  1.00     1.00     1.00    13.00
C2             15        8     Proaim(5)    4500(GS4)                  1.00     1.00     1.00    13.00
C3             15        8     Proaim(5)    4500(GS4)                  1.00     1.00     1.00    13.00
C4             18        8     Proaim(5)    4500(GS4)                  1.00     1.00     1.00    13.00
C5             16        8     Proaim(5)    4500(GS4)                  1.00     1.00     1.00    13.00
C6             21        8     Proaim(5)    4500(GS4)                  1.00     1.00     1.00    13.00
H7              5        8     Proaim(5)    1800(GS4)                  1.00     1.00     1.00    13.00
H8              5        8     Proaim(5)    1800(GS4)                  1.00     1.00     1.00    13.00
H9              5        8     Proaim(5)    1800(GS4)                  1.00     1.00     1.00    13.00
H10             9        8     Proaim(5)    1800(GS4)                  1.00     1.00     1.00    13.00
H11             5        8     Proaim(5)    1800(GS4)                  1.00     1.00     1.00    13.00
H12             5        8     Proaim(5)    1800(GS4)                  1.00     1.00     1.00    13.00
H13             5        8     Proaim(5)    1800(GS4)                  1.00     1.00     1.00    13.00
H14            24        8     Proaim(5)    4500(GS4)                  1.00     1.00     1.00    13.00
H15            19        8     Proaim(5)    1800(GS4)                  1.00     1.00     1.00    13.00
N16            50        8     Proaim(5)    4500(GS4)                  1.00     1.00     1.00    13.00
C17            39        8     Proaim(5)    4500(GS4)                  1.00     1.00     1.00    13.00
------------------------------------------------------------------------------------------------------
Total         272
Note:  Total wall clock time is less than total of atomic times if more than one atom
       was calculated at a time
 
Electron Density Critical Point Analysis of Molecular Structure:               
---------------------------------------------------------------                
  NACP = Nuclear Attractor Critical Point                                      
  NNACP = Non-Nuclear Attractor Critical Point                                 
  BCP = Bond Critical Point                                                    
  RCP = Ring Critical Point                                                    
  CCP = Cage Critical Point                                                    
  Rho = Electron Density                                                       
  GradRho = Gradient of Electron Density                                       
  HessRho_EigVals = Eigenvalues of the Hessian of Rho, Ascending Order         
  HessRho_EigVecs = Eigenvectors of the Hessian of Rho                         
  DelSqRho = Laplacian of Rho = Trace of Hessian of Rho                        
  Bond Ellipticity = (HessRho_EigVal(1) / HessRho_EigVal(2)) - 1               
  V = Virial Field = Potential Energy Density = Trace of Stress Tensor         
  G = Lagrangian Form of Kinetic Energy Density                                
  K = Hamiltonian Form of Kinetic Energy Density                               
  L = K - G = Lagrangian Density = (-1/4)DelSqRho                              
  Vnuc = Electrostatic Potential from Nuclei                                   
  Ven = Electron-nuclear attractive contribution to Virial Field V             
  Vrep = V - Ven = Repulsive contribution to Virial Field V                    
  DelSqV = Laplacian of V                                                      
  DelSqVen = Laplacian of Ven                                                  
  DelSqVrep = Laplacian of Vrep                                                
  DelSqG = Laplacian of G                                                      
  DelSqK = Laplacian of K                                                      
  Stress_EigVals = Eigenvalues of Stress Tensor, Ascending Order               
  Stress_EigVecs = Eigenvectors of Stress Tensor                               
  -DivStress = Ehrenfest Force Density = Minus Divergence of Stress Tensor     
  ESP = Total Electrostatic Potential                                          
  ESPe = Electrostatic Potential from Electrons                                
  ESPn = Electrostatic Potential from Nuclei                                   
  BP = Bond Path                                                               
  BPL = Bond Path Length                                                       
  GBL = Geometric Bond Length                                                  
  GBL_I = Distance Between Nuclear Attractors                                  
  GBL_II = Distance Between Nuclei                                             
  GBL_III = Sum of Distances Between BCP and Nuclear Attractors                
  GBL_IV = Sum of Distances Between BCP and Nuclei                             

CP# 1      Coords = -4.07689961505649E+00  2.28447138339055E+00  1.00219369161607E-01
           Type = (3,-3) NACP C1
           Rho =  1.1766440494E+02     Rho at Nucleus =  1.1766440493E+02
           GradRho = -1.7178480860E-11 -2.2039953196E-11  1.1382075837E-12
           HessRho_EigVals = -1.4498656644E+05 -1.4498551289E+05 -1.4498540584E+05
           HessRho_EigVec1 =  1.1386573887E-01  1.1553949681E-02  9.9342896060E-01
           HessRho_EigVec2 = -3.5403951897E-01  9.3475849923E-01  2.9708031396E-02
           HessRho_EigVec3 =  9.2827291920E-01  3.5509583828E-01 -1.1052752197E-01
           DelSqRho = -4.3495748517E+05
           Bond Ellipticity = NA
           V = -1.0874973637E+05
           G =  5.1825366424E+00
           K =  1.0874455383E+05
           L =  1.0873937129E+05
           Vnuc =  1.5497999555E+07
           Ven = -1.8235628954E+09
           Vrep =  1.8234541457E+09
           DelSqV =  2.4949428767E+09
           DelSqVen =  6.7409763369E+12
           DelSqVrep = -6.7384813940E+12
           DelSqG =  1.3401217188E+08
           DelSqK = -2.6289550486E+09
           Stress_EigVals = -3.6250109194E+04 -3.6250102402E+04 -3.6249524770E+04
           Stress_EigVec1 = -9.1566433472E-01  3.8918520035E-01  1.0046743729E-01
           Stress_EigVec2 =  3.8547189561E-01  9.2108775773E-01 -5.4852167365E-02
           Stress_EigVec3 =  1.1388697829E-01  1.1498799838E-02  9.9342716581E-01
           -DivStress =  2.6283316857E+02  1.7158560231E+02 -3.1728791794E+01
           ESP =  -1.4724570674E+01     ESP at Nucleus =  -1.4724570674E+01
           ESPe = -2.5936672322E+01     ESPe at Nucleus = -2.5936672323E+01
           ESPn =  1.1212101648E+01     ESPn at Nucleus =  1.1212101649E+01

CP# 2      Coords = -5.44139553545183E+00  3.74255600811004E-02  2.82620833268404E-01
           Type = (3,-3) NACP C2
           Rho =  1.1766848858E+02     Rho at Nucleus =  1.1766848858E+02
           GradRho =  4.3535564043E-11  1.4202181098E-14 -3.4989580677E-12
           HessRho_EigVals = -1.4498719815E+05 -1.4498575540E+05 -1.4498567182E+05
           HessRho_EigVec1 =  1.1385727305E-01  1.1640824636E-02  9.9342891672E-01
           HessRho_EigVec2 =  9.9341805595E-01 -1.3948587658E-02 -1.1369258121E-01
           HessRho_EigVec3 =  1.2533454927E-02  9.9983495043E-01 -1.3152353533E-02
           DelSqRho = -4.3495862537E+05
           Bond Ellipticity = NA
           V = -1.0874993510E+05
           G =  5.1393769465E+00
           K =  1.0874479572E+05
           L =  1.0873965634E+05
           Vnuc =  2.3381826310E+08
           Ven = -2.7513041623E+10
           Vrep =  2.7512932873E+10
           DelSqV =  2.4949431726E+09
           DelSqVen =  1.0169623563E+14
           DelSqVrep = -1.0169374069E+14
           DelSqG =  1.3400782958E+08
           DelSqK = -2.6289510022E+09
           Stress_EigVals = -3.6250202964E+04 -3.6250202864E+04 -3.6249529269E+04
           Stress_EigVec1 =  9.9069750483E-01  7.3749877184E-02 -1.1436524621E-01
           Stress_EigVec2 = -7.4596732080E-02  9.9720884806E-01 -3.1370217820E-03
           Stress_EigVec3 =  1.1381468046E-01  1.1639113283E-02  9.9343381740E-01
           -DivStress =  1.6021525937E+01 -2.2618720700E-03 -2.1259925510E+00
           ESP =  -1.4714425395E+01     ESP at Nucleus =  -1.4714425395E+01
           ESPe = -2.5768733610E+01     ESPe at Nucleus = -2.5768733650E+01
           ESPn =  1.1054308215E+01     ESPn at Nucleus =  1.1054308255E+01

CP# 3      Coords = -4.13208229971788E+00 -2.24619966444960E+00  1.59635253352581E-01
           Type = (3,-3) NACP C3
           Rho =  1.1766441002E+02     Rho at Nucleus =  1.1766441001E+02
           GradRho =  9.2532648210E-12  6.0218496856E-12  7.6720574338E-13
           HessRho_EigVals = -1.4498658488E+05 -1.4498553156E+05 -1.4498542432E+05
           HessRho_EigVec1 =  1.1374608998E-01  1.1766664998E-02  9.9344017062E-01
           HessRho_EigVec2 =  3.7752629184E-01  9.2441278280E-01 -5.4174772361E-02
           HessRho_EigVec3 =  9.1898624907E-01 -3.8121195231E-01 -1.0070611417E-01
           DelSqRho = -4.3495754077E+05
           Bond Ellipticity = NA
           V = -1.0874975020E+05
           G =  5.1825042976E+00
           K =  1.0874456770E+05
           L =  1.0873938519E+05
           Vnuc =  1.5502598910E+07
           Ven = -1.8241041545E+09
           Vrep =  1.8239954048E+09
           DelSqV =  2.4949432056E+09
           DelSqVen =  6.7429812142E+12
           DelSqVrep = -6.7404862710E+12
           DelSqG =  1.3401220107E+08
           DelSqK = -2.6289554067E+09
           Stress_EigVals = -3.6250113776E+04 -3.6250107026E+04 -3.6249529397E+04
           Stress_EigVec1 =  9.2527316974E-01  3.6290242787E-01 -1.1032401920E-01
           Stress_EigVec2 =  3.6182063665E-01 -9.3175239840E-01 -3.0385769360E-02
           Stress_EigVec3 =  1.1382173897E-01  1.1802369735E-02  9.9343108257E-01
           -DivStress =  2.5841905410E+02 -1.7881128574E+02 -2.6916243783E+01
           ESP =  -1.4724560048E+01     ESP at Nucleus =  -1.4724560049E+01
           ESPe = -2.5931941109E+01     ESPe at Nucleus = -2.5931941109E+01
           ESPn =  1.1207381061E+01     ESPn at Nucleus =  1.1207381060E+01

CP# 4      Coords = -1.51261222862111E+00 -2.17750346091920E+00 -1.41478566080534E-01
           Type = (3,-3) NACP C4
           Rho =  1.1763839076E+02     Rho at Nucleus =  1.1763839044E+02
           GradRho =  9.8320801500E-10  1.7965828825E-09 -1.3456367964E-10
           HessRho_EigVals = -1.4493802455E+05 -1.4493703974E+05 -1.4493655028E+05
           HessRho_EigVec1 =  1.1371270100E-01  1.1837558037E-02  9.9344315079E-01
           HessRho_EigVec2 =  5.4460154943E-01  8.3557335669E-01 -7.2293277377E-02
           HessRho_EigVec3 =  8.3095040405E-01 -5.4925134302E-01 -8.8568550824E-02
           DelSqRho = -4.3481161457E+05
           Bond Ellipticity = NA
           V = -1.0871314669E+05
           G =  5.1215223988E+00
           K =  1.0870802517E+05
           L =  1.0870290364E+05
           Vnuc =  2.8537756014E+06
           Ven = -3.3571356934E+08
           Vrep =  3.3560485620E+08
           DelSqV =  2.4940897668E+09
           DelSqVen =  1.2408547738E+12
           DelSqVrep = -1.2383606840E+12
           DelSqG =  1.3395088306E+08
           DelSqK = -2.6280406498E+09
           Stress_EigVals = -3.6237986652E+04 -3.6237852262E+04 -3.6237307775E+04
           Stress_EigVec1 =  8.0405389965E-01 -5.8843719266E-01 -8.5082294050E-02
           Stress_EigVec2 =  5.8356241410E-01  8.0845580896E-01 -7.6512180829E-02
           Stress_EigVec3 =  1.1380788776E-01  1.1869088454E-02  9.9343187458E-01
           -DivStress = -8.0522622612E+02 -1.5067557727E+03  1.1054680174E+02
           ESP =  -1.4700933364E+01     ESP at Nucleus =  -1.4700933380E+01
           ESPe = -2.6550294769E+01     ESPe at Nucleus = -2.6550292551E+01
           ESPn =  1.1849361405E+01     ESPn at Nucleus =  1.1849359171E+01

CP# 5      Coords =  8.20368325620489E+00  6.57104779836656E-02  1.04999314584419E+00
           Type = (3,-3) NACP C5
           Rho =  1.1767401890E+02     Rho at Nucleus =  1.1767401879E+02
           GradRho =  3.4320057907E-10  2.3937157811E-11  3.1772984244E-10
           HessRho_EigVals = -1.4499992760E+05 -1.4499901020E+05 -1.4499875664E+05
           HessRho_EigVec1 = -4.3816933513E-03  9.9776713720E-01 -6.6644884981E-02
           HessRho_EigVec2 =  8.1883272595E-01 -3.4675998505E-02 -5.7298389335E-01
           HessRho_EigVec3 =  5.7401547686E-01  5.7081652556E-02  8.1685244522E-01
           DelSqRho = -4.3499769444E+05
           Bond Ellipticity = NA
           V = -1.0875960422E+05
           G =  5.0903046947E+00
           K =  1.0875451391E+05
           L =  1.0874942361E+05
           Vnuc =  4.8593879238E+06
           Ven = -5.7182370639E+08
           Vrep =  5.7171494678E+08
           DelSqV =  2.4951719078E+09
           DelSqVen =  2.1138225234E+12
           DelSqVrep = -2.1113272859E+12
           DelSqG =  1.3402639990E+08
           DelSqK = -2.6291983077E+09
           Stress_EigVals = -3.6253464292E+04 -3.6253328755E+04 -3.6252811171E+04
           Stress_EigVec1 =  5.8448698169E-01  5.6580803403E-02  8.0942793436E-01
           Stress_EigVec2 =  8.1139182041E-01 -3.5500168524E-02 -5.8342356123E-01
           Stress_EigVec3 = -4.2757457405E-03  9.9776668150E-01 -6.6658587424E-02
           -DivStress = -6.2200162112E+02 -5.5199854551E+01 -7.8450030719E+02
           ESP =  -1.4760787593E+01     ESP at Nucleus =  -1.4760787612E+01
           ESPe = -2.2454242445E+01     ESPe at Nucleus = -2.2454243774E+01
           ESPn =  7.6934548527E+00     ESPn at Nucleus =  7.6934561620E+00

CP# 6      Coords =  6.71364377397556E+00 -7.57746499617881E-02 -9.73328257742431E-01
           Type = (3,-3) NACP C6
           Rho =  1.1769587264E+02     Rho at Nucleus =  1.1769587258E+02
           GradRho =  9.6318952814E-11 -1.1334114203E-11 -1.7960166687E-10
           HessRho_EigVals = -1.4503146579E+05 -1.4503028314E+05 -1.4503004089E+05
           HessRho_EigVec1 = -4.2835826942E-03  9.9778138892E-01 -6.6437571023E-02
           HessRho_EigVec2 = -4.2620225967E-01  5.8280053643E-02  9.0274861905E-01
           HessRho_EigVec3 =  9.0461775617E-01  3.2182841259E-02  4.2500703519E-01
           DelSqRho = -4.3509178983E+05
           Bond Ellipticity = NA
           V = -1.0878312800E+05
           G =  5.0902691389E+00
           K =  1.0877803773E+05
           L =  1.0877294746E+05
           Vnuc =  6.4041975006E+06
           Ven = -7.5374761342E+08
           Vrep =  7.5363883029E+08
           DelSqV =  2.4957141691E+09
           DelSqVen =  2.7864145592E+12
           DelSqVrep = -2.7839188451E+12
           DelSqG =  1.3405973655E+08
           DelSqK = -2.6297739056E+09
           Stress_EigVals = -3.6261316992E+04 -3.6261202139E+04 -3.6260608865E+04
           Stress_EigVec1 =  7.9466137887E-01  4.3766614739E-02  6.0547318386E-01
           Stress_EigVec2 = -6.0703824310E-01  5.0346794374E-02  7.9307614496E-01
           Stress_EigVec3 = -4.2266242089E-03  9.9777236068E-01 -6.6576661956E-02
           -DivStress = -1.8385124328E+02  4.8722374566E+01  7.3731409542E+02
           ESP =  -1.4765304660E+01     ESP at Nucleus =  -1.4765304671E+01
           ESPe = -2.3088235191E+01     ESPe at Nucleus = -2.3088235839E+01
           ESPn =  8.3229305303E+00     ESPn at Nucleus =  8.3229311677E+00

CP# 7      Coords = -4.99551868284364E+00  4.07846839006801E+00  1.84863197521865E-01
           Type = (3,-3) NACP H7
           Rho =  4.2704366230E-01     Rho at Nucleus =  4.2331352375E-01
           GradRho =  3.5503061428E-11 -6.9494146548E-11 -3.2705586828E-12
           HessRho_EigVals = -6.5200168078E+00 -6.5135800427E+00 -5.9126056568E+00
           HessRho_EigVec1 = -8.8320882442E-01 -4.5674719676E-01  1.0641508690E-01
           HessRho_EigVec2 =  1.1380687520E-01  1.1388168859E-02  9.9343761997E-01
           HessRho_EigVec3 = -4.5496172105E-01  8.8952364098E-01  4.1922839990E-02
           DelSqRho = -1.8946202507E+01
           Bond Ellipticity = NA
           V = -4.7456354478E+00
           G =  4.5424104694E-03
           K =  4.7410930373E+00
           L =  4.7365506268E+00
           Vnuc =  3.9215770837E+01
           Ven = -1.6746846398E+01
           Vrep =  1.2001210950E+01
           DelSqV =  7.1352348838E+02
           DelSqVen =  7.4298993589E+02
           DelSqVrep = -2.9466447510E+01
           DelSqG =  7.0395242822E+01
           DelSqK = -7.8391873120E+02
           Stress_EigVals = -1.6331541084E+00 -1.6325340501E+00 -1.4799472892E+00
           Stress_EigVec1 =  8.8346773827E-01  4.5621113396E-01 -1.0656526961E-01
           Stress_EigVec2 =  1.1391811306E-01  1.1445449090E-02  9.9342421211E-01
           Stress_EigVec3 = -4.5443087368E-01  8.8979795625E-01  4.1859026518E-02
           -DivStress = -3.6185626852E+00  7.0866383183E+00  3.3331587995E-01
           ESP =  -1.0885702855E+00     ESP at Nucleus =  -1.0911061218E+00
           ESPe = -1.1776621704E+01     ESPe at Nucleus = -1.1687956783E+01
           ESPn =  1.0688051419E+01     ESPn at Nucleus =  1.0596850661E+01

CP# 8      Coords = -7.44679701575021E+00  6.48873996234132E-02  5.12052036921486E-01
           Type = (3,-3) NACP H8
           Rho =  4.2809254386E-01     Rho at Nucleus =  4.2434429071E-01
           GradRho = -1.0061396161E-15 -1.2956215961E-17 -4.9439619065E-17
           HessRho_EigVals = -6.5384486377E+00 -6.5321606873E+00 -5.9274373065E+00
           HessRho_EigVec1 =  1.2194909951E-02  9.9983981235E-01 -1.3100908720E-02
           HessRho_EigVec2 =  1.1381365142E-01  1.1628804448E-02  9.9343405602E-01
           HessRho_EigVec3 =  9.9342726806E-01 -1.3605901114E-02 -1.1365360766E-01
           DelSqRho = -1.8998046632E+01
           Bond Ellipticity = NA
           V = -4.7582555695E+00
           G =  4.3719558165E-03
           K =  4.7538836137E+00
           L =  4.7495116579E+00
           Vnuc =  3.9008324795E+01
           Ven = -1.6699172993E+01
           Vrep =  1.1940917424E+01
           DelSqV =  7.1541124705E+02
           DelSqVen =  7.4108197347E+02
           DelSqVrep = -2.5670726420E+01
           DelSqG =  7.0602858530E+01
           DelSqK = -7.8601410558E+02
           Stress_EigVals = -1.6378084965E+00 -1.6368133462E+00 -1.4836337268E+00
           Stress_EigVec1 =  1.2194434353E-02  9.9983974148E-01 -1.3106759109E-02
           Stress_EigVec2 =  1.1381117553E-01  1.1634705327E-02  9.9343427058E-01
           Stress_EigVec3 =  9.9342755755E-01 -1.3606064658E-02 -1.1365105767E-01
           -DivStress = -7.9415224972E+00  1.0877613271E-01  9.0853714651E-01
           ESP =  -1.0857884309E+00     ESP at Nucleus =  -1.0883275425E+00
           ESPe = -1.1598838599E+01     ESPe at Nucleus = -1.1510162043E+01
           ESPn =  1.0513050168E+01     ESPn at Nucleus =  1.0421834501E+01

CP# 9      Coords = -5.09401318298657E+00 -4.01449660697474E+00  2.91018208595660E-01
           Type = (3,-3) NACP H9
           Rho =  4.2704191182E-01     Rho at Nucleus =  4.2331177219E-01
           GradRho =  6.2015905649E-12  1.1424937385E-11 -8.4747042283E-13
           HessRho_EigVals = -6.5199873210E+00 -6.5135517965E+00 -5.9125780826E+00
           HessRho_EigVec1 = -8.7180844647E-01  4.8072071158E-01  9.4114983505E-02
           HessRho_EigVec2 =  1.1381485971E-01  1.1915565398E-02  9.9343051947E-01
           HessRho_EigVec3 =  4.7644119298E-01  8.7679280150E-01 -6.5101250906E-02
           DelSqRho = -1.8946117200E+01
           Bond Ellipticity = NA
           V = -4.7456143012E+00
           G =  4.5425005836E-03
           K =  4.7410718006E+00
           L =  4.7365293000E+00
           Vnuc =  3.9209597783E+01
           Ven = -1.6744141599E+01
           Vrep =  1.1998527298E+01
           DelSqV =  7.1352026991E+02
           DelSqVen =  7.4286963498E+02
           DelSqVrep = -2.9349365071E+01
           DelSqG =  7.0394893885E+01
           DelSqK = -7.8391516380E+02
           Stress_EigVals = -1.6331470150E+00 -1.6325270606E+00 -1.4799402255E+00
           Stress_EigVec1 =  8.7208495237E-01 -4.8019420385E-01 -9.4240980666E-02
           Stress_EigVec2 =  1.1389106219E-01  1.1873510128E-02  9.9342228972E-01
           Stress_EigVec3 =  4.7591665426E-01  8.7708183561E-01 -6.5044537446E-02
           -DivStress = -3.7896676404E+00 -6.9853734423E+00  5.1798027357E-01
           ESP =  -1.0885543316E+00     ESP at Nucleus =  -1.0910901246E+00
           ESPe = -1.1770501502E+01     ESPe at Nucleus = -1.1681824082E+01
           ESPn =  1.0681947170E+01     ESPn at Nucleus =  1.0590733958E+01

CP# 10     Coords = -4.48208437548308E-01 -3.89382743691146E+00 -2.42722050332067E-01
           Type = (3,-3) NACP H10
           Rho =  4.3139743291E-01     Rho at Nucleus =  4.2760624208E-01
           GradRho = -7.9443829987E-15  1.1808262701E-14  6.9058257376E-16
           HessRho_EigVals = -6.6018517820E+00 -6.5910626593E+00 -5.9763688002E+00
           HessRho_EigVec1 =  8.3990039397E-01  5.3295746541E-01 -1.0258493200E-01
           HessRho_EigVec2 =  1.1372407192E-01  1.1999217929E-02  9.9343990973E-01
           HessRho_EigVec3 = -5.3069215528E-01  8.4605694775E-01  5.0531945259E-02
           DelSqRho = -1.9169283241E+01
           Bond Ellipticity = NA
           V = -4.8008603519E+00
           G =  4.2697707900E-03
           K =  4.7965905812E+00
           L =  4.7923208104E+00
           Vnuc =  3.9858351259E+01
           Ven = -1.7194790413E+01
           Vrep =  1.2393930061E+01
           DelSqV =  7.2187278218E+02
           DelSqVen =  7.6405602483E+02
           DelSqVrep = -4.2183242644E+01
           DelSqG =  7.1342954296E+01
           DelSqK = -7.9321573648E+02
           Stress_EigVals = -1.6531840078E+00 -1.6515114944E+00 -1.4961648497E+00
           Stress_EigVec1 =  8.4012923102E-01  5.3255922886E-01 -1.0277909777E-01
           Stress_EigVec2 =  1.1386724579E-01  1.2092278250E-02  9.9342238104E-01
           Stress_EigVec3 = -5.3029909063E-01  8.4630635385E-01  5.0481976185E-02
           -DivStress =  4.3280386439E+00 -6.8051572784E+00 -4.1310629801E-01
           ESP =  -1.1020198691E+00     ESP at Nucleus =  -1.1045715172E+00
           ESPe = -1.2508428147E+01     ESPe at Nucleus = -1.2420881089E+01
           ESPn =  1.1406408278E+01     ESPn at Nucleus =  1.1316309572E+01

CP# 11     Coords =  1.02199010190799E+01  6.44194680223081E-02  9.03681036372475E-01
           Type = (3,-3) NACP H11
           Rho =  4.2639818176E-01     Rho at Nucleus =  4.2277488354E-01
           GradRho = -8.0987271559E-09  6.7268379723E-12  6.1009913658E-10
           HessRho_EigVals = -6.4930884305E+00 -6.4863540583E+00 -5.8990085087E+00
           HessRho_EigVec1 =  7.4658003287E-02  6.6710298250E-02  9.9497533570E-01
           HessRho_EigVec2 = -4.1868844640E-03  9.9777206206E-01 -6.6583647890E-02
           HessRho_EigVec3 =  9.9720040741E-01 -8.0515542790E-04 -7.4770978200E-02
           DelSqRho = -1.8878450997E+01
           Bond Ellipticity = NA
           V = -4.7287669619E+00
           G =  4.5771062660E-03
           K =  4.7241898556E+00
           L =  4.7196127494E+00
           Vnuc =  3.7293143013E+01
           Ven = -1.5901728373E+01
           Vrep =  1.1172961411E+01
           DelSqV =  7.1113877894E+02
           DelSqVen =  7.0403678644E+02
           DelSqVrep =  7.1019925021E+00
           DelSqG =  6.9985458099E+01
           DelSqK = -7.8112423704E+02
           Stress_EigVals = -1.6265454099E+00 -1.6258326925E+00 -1.4763888594E+00
           Stress_EigVec1 =  7.2839252734E-02  6.6787096580E-02  9.9510498290E-01
           Stress_EigVec2 = -4.1928209441E-03  9.9776701545E-01 -6.6658856322E-02
           Stress_EigVec3 =  9.9733488033E-01 -6.8308426871E-04 -7.2956630145E-02
           -DivStress =  7.8105478649E+00 -6.2544793263E-03 -5.8498387241E-01
           ESP =  -1.1253548007E+00     ESP at Nucleus =  -1.1277630618E+00
           ESPe = -9.5170083399E+00     ESPe at Nucleus = -9.4456705929E+00
           ESPn =  8.3916535393E+00     ESPn at Nucleus =  8.3179075311E+00

CP# 12     Coords =  7.44586005804781E+00  1.87338223758083E-01  2.91981701666210E+00
           Type = (3,-3) NACP H12
           Rho =  4.2604285795E-01     Rho at Nucleus =  4.2240178621E-01
           GradRho =  2.0539472635E-10 -3.2536072469E-11 -5.0050946200E-10
           HessRho_EigVals = -6.4870929121E+00 -6.4803424047E+00 -5.8915201738E+00
           HessRho_EigVec1 =  9.2570574213E-01  2.9047993308E-02  3.7712742285E-01
           HessRho_EigVec2 = -4.1843699190E-03  9.9777220258E-01 -6.6581700192E-02
           HessRho_EigVec3 = -3.7822132413E-01  6.0057021545E-02  9.2376500482E-01
           DelSqRho = -1.8858955491E+01
           Bond Ellipticity = NA
           V = -4.7238619233E+00
           G =  4.5615253258E-03
           K =  4.7193003980E+00
           L =  4.7147388726E+00
           Vnuc =  3.7929978678E+01
           Ven = -1.6159796518E+01
           Vrep =  1.1435934595E+01
           DelSqV =  7.1030997320E+02
           DelSqVen =  7.1531978055E+02
           DelSqVrep = -5.0098073570E+00
           DelSqG =  6.9899994777E+01
           DelSqK = -7.8020996797E+02
           Stress_EigVals = -1.6250234137E+00 -1.6243376317E+00 -1.4745008778E+00
           Stress_EigVec1 =  9.2636968559E-01  2.8906361862E-02  3.7550449780E-01
           Stress_EigVec2 =  4.1509359540E-03 -9.9777323689E-01  6.6568291866E-02
           Stress_EigVec3 = -3.7659258537E-01  6.0108152486E-02  9.2442686820E-01
           -DivStress = -2.9718394297E+00  4.7118871799E-01  7.2481670699E+00
           ESP =  -1.1262172096E+00     ESP at Nucleus =  -1.1286326044E+00
           ESPe = -1.0241333844E+01     ESPe at Nucleus = -1.0179302179E+01
           ESPn =  9.1151166340E+00     ESPn at Nucleus =  9.0506695748E+00

CP# 13     Coords =  7.48745602583675E+00 -1.97052153868994E-01 -2.83817842797313E+00
           Type = (3,-3) NACP H13
           Rho =  4.2661347240E-01     Rho at Nucleus =  4.2300812588E-01
           GradRho = -1.2744718616E-10  2.0001143320E-11  3.0755631722E-10
           HessRho_EigVals = -6.4990732818E+00 -6.4930674917E+00 -5.9068977700E+00
           HessRho_EigVec1 =  9.2384540034E-01  2.9268694786E-02  3.8164514902E-01
           HessRho_EigVec2 = -4.1024482978E-03  9.9777204016E-01 -6.6589231866E-02
           HessRho_EigVec3 = -3.8274383886E-01  5.9952476080E-02  9.2190718320E-01
           DelSqRho = -1.8899038544E+01
           Bond Ellipticity = NA
           V = -4.7338890157E+00
           G =  4.5646899043E-03
           K =  4.7293243258E+00
           L =  4.7247596359E+00
           Vnuc =  3.8129819760E+01
           Ven = -1.6266694810E+01
           Vrep =  1.1532805794E+01
           DelSqV =  7.1203648059E+02
           DelSqVen =  7.2061693385E+02
           DelSqVrep = -8.5804532691E+00
           DelSqG =  7.0101500205E+01
           DelSqK = -7.8213798079E+02
           Stress_EigVals = -1.6281661237E+00 -1.6273537244E+00 -1.4783691676E+00
           Stress_EigVec1 =  9.2463417353E-01  2.9138257671E-02  3.7974018365E-01
           Stress_EigVec2 =  4.0951114608E-03 -9.9777202614E-01  6.6589893517E-02
           Stress_EigVec3 = -3.8083444593E-01  6.0016212780E-02  9.2269343717E-01
           -DivStress =  2.9823899390E+00 -4.6894718276E-01 -7.2104292172E+00
           ESP =  -1.1280440735E+00     ESP at Nucleus =  -1.1304396812E+00
           ESPe = -1.0267507426E+01     ESPe at Nucleus = -1.0196701135E+01
           ESPn =  9.1394633523E+00     ESPn at Nucleus =  9.0662614535E+00

CP# 14     Coords =  4.69816814720646E+00 -7.43044903032700E-02 -8.26510743004743E-01
           Type = (3,-3) NACP H14
           Rho =  4.1784777805E-01     Rho at Nucleus =  4.1393063277E-01
           GradRho =  1.2472661792E-15  3.8001286146E-17  1.6913553891E-16
           HessRho_EigVals = -6.3402323041E+00 -6.3338508398E+00 -5.7242026888E+00
           HessRho_EigVec1 =  7.4960741348E-02  6.6447125956E-02  9.9497018383E-01
           HessRho_EigVec2 = -4.0863651052E-03  9.9778953610E-01 -6.6327545386E-02
           HessRho_EigVec3 =  9.9717811292E-01 -9.0615053402E-04 -7.5066570552E-02
           DelSqRho = -1.8398285833E+01
           Bond Ellipticity = NA
           V = -4.6089799775E+00
           G =  4.7042596651E-03
           K =  4.6042757178E+00
           L =  4.5995714582E+00
           Vnuc =  3.8305482562E+01
           Ven = -1.6005860776E+01
           Vrep =  1.1396880798E+01
           DelSqV =  6.9131903372E+02
           DelSqVen =  7.0475521713E+02
           DelSqVrep = -1.3436183417E+01
           DelSqG =  6.7856447444E+01
           DelSqK = -7.5917548116E+02
           Stress_EigVals = -1.5882354344E+00 -1.5875236809E+00 -1.4332208622E+00
           Stress_EigVec1 =  7.3271556643E-02  6.6705040684E-02  9.9507874891E-01
           Stress_EigVec2 = -4.1110726236E-03  9.9777242743E-01 -6.6582896827E-02
           Stress_EigVec3 =  9.9730355362E-01 -7.8779149334E-04 -7.3382568199E-02
           -DivStress = -8.0251206957E+00  7.2898748219E-03  6.0380034880E-01
           ESP =  -1.1324412014E+00     ESP at Nucleus =  -1.1350785109E+00
           ESPe = -1.2016107443E+01     ESPe at Nucleus = -1.1979831259E+01
           ESPn =  1.0883666241E+01     ESPn at Nucleus =  1.0844752748E+01

CP# 15     Coords = -3.54112695017414E-01  3.83090644523526E+00 -3.44423811745336E-01
           Type = (3,-3) NACP H15
           Rho =  4.3137622236E-01     Rho at Nucleus =  4.2758422393E-01
           GradRho = -6.7524111302E-15 -9.3796498346E-15  1.0050147563E-15
           HessRho_EigVals = -6.6014551200E+00 -6.5906675054E+00 -5.9759100040E+00
           HessRho_EigVec1 =  8.2659896459E-01 -5.5581661967E-01 -8.8329140375E-02
           HessRho_EigVec2 =  1.1382851464E-01  1.1408945283E-02  9.9343490236E-01
           HessRho_EigVec3 =  5.5115988696E-01  8.3122663652E-01 -7.2698402589E-02
           DelSqRho = -1.9168032629E+01
           Bond Ellipticity = NA
           V = -4.8005466316E+00
           G =  4.2692371467E-03
           K =  4.7962773945E+00
           L =  4.7920081573E+00
           Vnuc =  3.9872714346E+01
           Ven = -1.7200140890E+01
           Vrep =  1.2399594258E+01
           DelSqV =  7.2182070779E+02
           DelSqVen =  7.6428148960E+02
           DelSqVrep = -4.2460781811E+01
           DelSqG =  7.1337151213E+01
           DelSqK = -7.9315785900E+02
           Stress_EigVals = -1.6530845935E+00 -1.6514123564E+00 -1.4960496817E+00
           Stress_EigVec1 =  8.2684464231E-01 -5.5542962565E-01 -8.8463938550E-02
           Stress_EigVec2 =  1.1391156931E-01  1.1351195526E-02  9.9342604392E-01
           Stress_EigVec3 =  5.5077408422E-01  8.3148606802E-01 -7.2655535506E-02
           -DivStress =  4.4930572963E+00  6.6847115476E+00 -5.9146906326E-01
           ESP =  -1.1020499031E+00     ESP at Nucleus =  -1.1046021373E+00
           ESPe = -1.2526832886E+01     ESPe at Nucleus = -1.2439438276E+01
           ESPn =  1.1424782983E+01     ESPn at Nucleus =  1.1334836139E+01

CP# 16     Coords = -1.78265373411652E-01 -3.44938512433950E-02 -3.19971233139997E-01
           Type = (3,-3) NACP N16
           Rho =  1.9117295354E+02     Rho at Nucleus =  1.9117293134E+02
           GradRho =  3.0362379277E-12  1.9727969258E-13 -3.4288960560E-12
           HessRho_EigVals = -3.2169940428E+05 -3.2169784415E+05 -3.2168950075E+05
           HessRho_EigVec1 =  1.1410855954E-01  1.1841282752E-02  9.9339771525E-01
           HessRho_EigVec2 =  1.2134983189E-02  9.9983775384E-01 -1.3311956327E-02
           HessRho_EigVec3 =  9.9339417092E-01 -1.3573872735E-02 -1.1394635210E-01
           DelSqRho = -9.6508674918E+05
           Bond Ellipticity = NA
           V = -2.4130496637E+05
           G =  1.6639537304E+01
           K =  2.4128832683E+05
           L =  2.4127168730E+05
           Vnuc =  5.9571649319E+05
           Ven = -1.1388488148E+08
           Vrep =  1.1364357651E+08
           DelSqV =  7.5765634163E+09
           DelSqVen =  5.7491809370E+11
           DelSqVrep = -5.6734153028E+11
           DelSqG =  4.0608884418E+08
           DelSqK = -7.9826522605E+09
           Stress_EigVals = -8.0436327581E+04 -8.0434673294E+04 -8.0433965496E+04
           Stress_EigVec1 =  9.9338902258E-01 -1.3558607158E-02 -1.1399304362E-01
           Stress_EigVec2 =  1.2130598844E-02  9.9983913910E-01 -1.3211528808E-02
           Stress_EigVec3 =  1.1415383653E-01  1.1741383806E-02  9.9339369915E-01
           -DivStress =  2.8770297427E+04 -3.9127977649E+02 -3.2949296316E+03
