AIMSum (Version 19.02.13, Professional)
Copyright (c) 1997-2019 by Todd A. Keith
AIMSum is a component of the AIMAll package ( http://aim.tkgristmill.com )

TP:  64-bit Linux

Much of the Quantum Theory of Atoms in Molecules (QTAIM) is described in the book:
  "Atoms in Molecules - A Quantum Theory"
  R.F.W. Bader, Oxford University Press, Oxford, 1990

For additional references see:  http://aim.tkgristmill.com/references.html

Wfn File:  /home/mhennefarth/Documents/ML_Diels/summary-N-hayden2009/32-opt/32-opt.wfn
Sum File:  /home/mhennefarth/Documents/ML_Diels/summary-N-hayden2009/32-opt/32-opt.sum

SumViz File:  /home/mhennefarth/Documents/ML_Diels/summary-N-hayden2009/32-opt/32-opt.sumviz

Wfn Title:   Title Card Required                                                           
 
Total memory allocated for AIMSum =        0.758 Megabytes

Atomic units (a.u.) used throughout, except where stated otherwise

Model:  Restricted SCF
 
Restricted, closed-shell, single-determinant wavefunction.
  Number of electrons (from MO Occs)                   =          58.0000000000
  Number of Alpha electrons (from MO Occs)             =          29.0000000000
  Number of Beta electrons (from MO Occs)              =          29.0000000000
  Number of electron pairs (N*(N-1)/2)                 =        1653.0000000000
  Number of electron pairs (from Muller 2EDM)          =        1653.0000000000
 
Nuclear Charges and Cartesian Coordinates:
-------------------------------------------------------------------------------
Atom      Charge                X                  Y                  Z
-------------------------------------------------------------------------------
C1         6.0           4.6843641000E-01   1.2300498900E+00   3.2718780000E-01
C2         6.0           4.7323999100E+00   1.4048949900E+00  -3.9432910000E-02
C3         6.0           4.8343107300E+00  -1.2146188600E+00  -2.9169512000E-01
C4         6.0           2.5334208800E+00  -2.4908136500E+00  -2.0360034000E-01
C5         6.0          -7.3362117100E+00   6.2948318000E-01  -9.8888133000E-01
C6         6.0          -6.3870596100E+00  -7.7863748000E-01   8.6980768000E-01
H7         1.0          -1.3183713100E+00   2.2159883800E+00   5.7886818000E-01
H8         1.0           6.4443646300E+00   2.5460533700E+00  -8.7027740000E-02
H9         1.0           6.6107941300E+00  -2.2078134900E+00  -5.4324413000E-01
H10        1.0           2.4411727400E+00  -4.5384395200E+00  -3.8541560000E-01
H11        1.0          -6.3524089800E+00   8.5879559000E-01  -2.7792175900E+00
H12        1.0          -9.1360464800E+00   1.6063438000E+00  -8.0971709000E-01
H13        1.0          -4.5806987100E+00  -1.7421151100E+00   6.8498064000E-01
H14        1.0          -7.3797247800E+00  -1.0072743600E+00   2.6561490100E+00
N15        7.0           3.3043531000E-01  -1.2858521400E+00   1.0611173000E-01
N16        7.0           2.5551559800E+00   2.6553254100E+00   2.7164678000E-01
 
Some Atomic Properties:
----------------------
  q(A) = Net Charge of Atom A
  L(A) = Lagrangian of Atom A = -(1/4) Times Atomic Integral of the Laplacian of the Electron Density
  K(A) = Electronic Kinetic Energy of Atom A (Hamiltonian Form)
  K_Scaled(A) = K(A) * E(Mol)/K(Mol) = Approximation to Virial-Based Total Energy of Atom A.
  |Mu_Intra(A)| = Magnitude of Intraatomic Dipole Moment of Atom A
--------------------------------------------------------------------------------------------------
Atom A          q(A)              L(A)              K(A)          K_Scaled(A)      |Mu_Intra(A)|
--------------------------------------------------------------------------------------------------
C1        1.1272655053E+00 -7.3871708495E-05  3.7036960952E+01 -3.7398477246E+01  6.5291840281E-01
C2        5.5947848180E-01 -5.1518850634E-05  3.7383200098E+01 -3.7748096019E+01  6.7002032301E-01
C3       -5.3102846100E-02 -9.4221588686E-05  3.7761061692E+01 -3.8129645905E+01  1.4832736249E-01
C4        5.5760182160E-01 -1.6246582810E-05  3.7384579411E+01 -3.7749488796E+01  6.7207852958E-01
C5       -9.0948627200E-02 -1.6276062709E-04  3.7695922551E+01 -3.8063870943E+01  7.8252154919E-02
C6       -9.1323214600E-02  2.6359711025E-05  3.7701353087E+01 -3.8069354487E+01  1.1978792169E-01
H7        8.1646397530E-02  1.1808049968E-05  5.8910855353E-01 -5.9485881856E-01  1.4321362598E-01
H8        6.2665353760E-02  2.5228996323E-05  5.9409972384E-01 -5.9989870748E-01  1.4589908635E-01
H9        6.3533150880E-02  2.9891527147E-05  5.8723030595E-01 -5.9296223748E-01  1.4621878921E-01
H10       6.3058724540E-02  2.8121728423E-05  5.9389502039E-01 -5.9969200593E-01  1.4582399534E-01
H11       3.6808181610E-02  2.0926619668E-05  5.9668725408E-01 -6.0251149450E-01  1.4802834691E-01
H12       3.4575842540E-02  1.5656190401E-05  5.9773852320E-01 -6.0357302502E-01  1.4849736539E-01
H13       7.6942527440E-02  2.8242670000E-05  5.8194843849E-01 -5.8762881392E-01  1.3110469972E-01
H14       3.2780190490E-02  2.2024356814E-05  5.9839791168E-01 -6.0423884976E-01  1.4855578558E-01
N15      -1.2364535377E+00  6.9293239987E-05  5.4948291148E+01 -5.5484639220E+01  3.7814881329E-02
N16      -1.2245996562E+00  2.1382682998E-05  5.4948499893E+01 -5.5484850002E+01  5.3416984813E-02
--------------------------------------------------------------------------------------------------
Total    -7.1704310000E-05 -9.9683584961E-05  3.3959897456E+02 -3.4291378657E+02
 
1st Largest |L(A)| = 1.6276062709E-04, atom C5      
2nd Largest |L(A)| = 9.4221588686E-05, atom C3      
 
Molecular charge q(Mol) from the wfn file:   0.0000000000E+00
Molecular energy E(Mol) from the wfn file:  -3.4291382969E+02
Molecular virial ratio (-V(Mol)/T(Mol)) from the wfn file:   2.0097609600E+00
Note.  K_Scaled(A) = (1+V(Mol)/T(Mol))*K(A) = (E(Mol)/T(Mol))*K(A)
       Only use K_Scaled(A) data with caution.
 
N_AIMInt(SumA)     =         58.000072
N_Analytic(Mol)    =         57.999992
 
G_AIMInt(SumA)     =        339.599074
G_Analytic(Mol)    =        339.598997
 
K_AIMInt(SumA)     =        339.598975
K_Analytic(Mol)    =        339.598997
 
L_AIMInt(SumA)     =         -0.000100
L_Analytic(Mol)    =          0.000000
 
VenT_AIMInt(SumA)  =      -1423.243125
VenT_Analytic(Mol) =      -1423.242681
 
Some Information About the Atomic Calculations:
----------------------------------------------
  Time(sec) = "Elapsed User Time", in Seconds, for Atom A by AIMInt and, if used, by TWOe
  NProc = Number of Processors Used for AIMInt Job
  BIM = Basin Integration Method
  OAQ = Angular Quadrature Outside of Beta Sphere
  ORQ = Multiple of Default for Radial Quadrature Outside of Beta Sphere
  IAQ = Multiple of Default for Angular Quadrature Inside of Beta Sphere
  IRQ = Multiple of Default for Radial Quadrature Inside of Beta Sphere
  MIR = Maximum Integration Radius
------------------------------------------------------------------------------------------------------
Atom A     Time(sec)   NProc      BIM          OAQ                     ORQ      IAQ      IRQ      MIR
------------------------------------------------------------------------------------------------------
C1            271        8     Proaim(5)    4500(GS4)                  1.00     1.00     1.00    13.00
C2             38        8     Proaim(5)    4500(GS4)                  1.00     1.00     1.00    13.00
C3             37        8     Proaim(5)    4500(GS4)                  1.00     1.00     1.00    13.00
C4             47        8     Proaim(5)    4500(GS4)                  1.00     1.00     1.00    13.00
C5             51        8     Proaim(5)    4500(GS4)                  1.00     1.00     1.00    13.00
C6            124        8     Proaim(5)    4500(GS4)                  1.00     1.00     1.00    13.00
H7             92        8     Proaim(5)    1800(GS4)                  1.00     1.00     1.00    13.00
H8             10        8     Proaim(5)    1800(GS4)                  1.00     1.00     1.00    13.00
H9             13        8     Proaim(5)    1800(GS4)                  1.00     1.00     1.00    13.00
H10            10        8     Proaim(5)    1800(GS4)                  1.00     1.00     1.00    13.00
H11             9        8     Proaim(5)    1800(GS4)                  1.00     1.00     1.00    13.00
H12            15        8     Proaim(5)    1800(GS4)                  1.00     1.00     1.00    13.00
H13           153        8     Proaim(5)    4500(GS4)                  1.00     1.00     1.00    13.00
H14             8        8     Proaim(5)    1800(GS4)                  1.00     1.00     1.00    13.00
N15           152        8     Proaim(5)    4500(GS4)                  1.00     1.00     1.00    13.00
N16            15        8     Proaim(5)    4500(GS4)                  1.00     1.00     1.00    13.00
------------------------------------------------------------------------------------------------------
Total        1045
Note:  Total wall clock time is less than total of atomic times if more than one atom
       was calculated at a time
 
Electron Density Critical Point Analysis of Molecular Structure:               
---------------------------------------------------------------                
  NACP = Nuclear Attractor Critical Point                                      
  NNACP = Non-Nuclear Attractor Critical Point                                 
  BCP = Bond Critical Point                                                    
  RCP = Ring Critical Point                                                    
  CCP = Cage Critical Point                                                    
  Rho = Electron Density                                                       
  GradRho = Gradient of Electron Density                                       
  HessRho_EigVals = Eigenvalues of the Hessian of Rho, Ascending Order         
  HessRho_EigVecs = Eigenvectors of the Hessian of Rho                         
  DelSqRho = Laplacian of Rho = Trace of Hessian of Rho                        
  Bond Ellipticity = (HessRho_EigVal(1) / HessRho_EigVal(2)) - 1               
  V = Virial Field = Potential Energy Density = Trace of Stress Tensor         
  G = Lagrangian Form of Kinetic Energy Density                                
  K = Hamiltonian Form of Kinetic Energy Density                               
  L = K - G = Lagrangian Density = (-1/4)DelSqRho                              
  Vnuc = Electrostatic Potential from Nuclei                                   
  Ven = Electron-nuclear attractive contribution to Virial Field V             
  Vrep = V - Ven = Repulsive contribution to Virial Field V                    
  DelSqV = Laplacian of V                                                      
  DelSqVen = Laplacian of Ven                                                  
  DelSqVrep = Laplacian of Vrep                                                
  DelSqG = Laplacian of G                                                      
  DelSqK = Laplacian of K                                                      
  Stress_EigVals = Eigenvalues of Stress Tensor, Ascending Order               
  Stress_EigVecs = Eigenvectors of Stress Tensor                               
  -DivStress = Ehrenfest Force Density = Minus Divergence of Stress Tensor     
  ESP = Total Electrostatic Potential                                          
  ESPe = Electrostatic Potential from Electrons                                
  ESPn = Electrostatic Potential from Nuclei                                   
  BP = Bond Path                                                               
  BPL = Bond Path Length                                                       
  GBL = Geometric Bond Length                                                  
  GBL_I = Distance Between Nuclear Attractors                                  
  GBL_II = Distance Between Nuclei                                             
  GBL_III = Sum of Distances Between BCP and Nuclear Attractors                
  GBL_IV = Sum of Distances Between BCP and Nuclei                             

CP# 1      Coords =  4.68438520130218E-01  1.23004863194897E+00  3.27187494288490E-01
           Type = (3,-3) NACP C1
           Rho =  1.1763615221E+02     Rho at Nucleus =  1.1763615177E+02
           GradRho =  2.8400646591E-09 -1.6935312042E-09 -4.1022856900E-10
           HessRho_EigVals = -1.4492335781E+05 -1.4492233110E+05 -1.4492159915E+05
           HessRho_EigVec1 =  8.9796542674E-02 -9.1936982996E-02  9.9170770496E-01
           HessRho_EigVec2 =  4.7964739441E-01  8.7664506619E-01  3.7839198622E-02
           HessRho_EigVec3 =  8.7285448842E-01 -4.7227218749E-01 -1.2281703044E-01
           DelSqRho = -4.3476728807E+05
           Bond Ellipticity = NA
           V = -1.0870197065E+05
           G =  5.0743145257E+00
           K =  1.0869689633E+05
           L =  1.0869182202E+05
           Vnuc =  2.4236267204E+06
           Ven = -2.8510612179E+08
           Vrep =  2.8499741982E+08
           DelSqV =  2.4938221972E+09
           DelSqVen =  1.0537135718E+12
           DelSqVrep = -1.0512197496E+12
           DelSqG =  1.3392517084E+08
           DelSqK = -2.6277473681E+09
           Stress_EigVals = -3.6234314489E+04 -3.6234106242E+04 -3.6233549915E+04
           Stress_EigVec1 =  8.7732803887E-01 -4.6409266469E-01 -1.2212088598E-01
           Stress_EigVec2 =  4.7148864015E-01  8.8100168903E-01  3.9172517611E-02
           Stress_EigVec3 =  8.9409028738E-02 -9.1945758520E-02  9.9174190346E-01
           -DivStress = -1.7164961659E+03  1.0233424436E+03  2.4856884340E+02
           ESP =  -1.4668423040E+01     ESP at Nucleus =  -1.4668423055E+01
           ESPe = -2.7266708992E+01     ESPe at Nucleus = -2.7266705564E+01
           ESPn =  1.2598285952E+01     ESPn at Nucleus =  1.2598282509E+01

CP# 2      Coords =  4.73239807359989E+00  1.40489582982752E+00 -3.94326672307294E-02
           Type = (3,-3) NACP C2
           Rho =  1.1765862590E+02     Rho at Nucleus =  1.1765862560E+02
           GradRho = -1.7103667857E-09  7.5800826727E-10  2.1954060445E-10
           HessRho_EigVals = -1.4496314940E+05 -1.4496178913E+05 -1.4496132762E+05
           HessRho_EigVec1 =  8.8825298389E-02 -9.1913218034E-02  9.9179737180E-01
           HessRho_EigVec2 =  8.4880826532E-01 -5.1403652319E-01 -1.2365670848E-01
           HessRho_EigVec3 =  5.2118575872E-01  8.5282965074E-01  3.2357251604E-02
           DelSqRho = -4.3488626614E+05
           Bond Ellipticity = NA
           V = -1.0873177333E+05
           G =  5.1033981080E+00
           K =  1.0872666993E+05
           L =  1.0872156654E+05
           Vnuc =  2.9500578218E+06
           Ven = -3.4709974964E+08
           Vrep =  3.4699101787E+08
           DelSqV =  2.4945155899E+09
           DelSqVen =  1.2829396828E+12
           DelSqVrep = -1.2804451672E+12
           DelSqG =  1.3397372461E+08
           DelSqK = -2.6284893145E+09
           Stress_EigVals = -3.6244224270E+04 -3.6244093562E+04 -3.6243455500E+04
           Stress_EigVec1 =  5.7323961953E-01  8.1901895284E-01  2.4582381780E-02
           Stress_EigVec2 =  8.1455527911E-01 -5.6634882362E-01 -1.2549385350E-01
           Stress_EigVec3 =  8.8859641480E-02 -9.1961757686E-02  9.9178979589E-01
           -DivStress =  1.4966930608E+03 -6.8231518872E+02 -1.9767453093E+02
           ESP =  -1.4680302627E+01     ESP at Nucleus =  -1.4680302643E+01
           ESPe = -2.6234572581E+01     ESPe at Nucleus = -2.6234570349E+01
           ESPn =  1.1554269954E+01     ESPn at Nucleus =  1.1554267706E+01

CP# 3      Coords =  4.83431058453569E+00 -1.21461878571893E+00 -2.91695099357251E-01
           Type = (3,-3) NACP C3
           Rho =  1.1767173144E+02     Rho at Nucleus =  1.1767173144E+02
           GradRho = -4.6777499409E-11 -1.0049055338E-11 -1.3154068763E-12
           HessRho_EigVals = -1.4499761246E+05 -1.4499659779E+05 -1.4499644812E+05
           HessRho_EigVec1 =  8.8957955904E-02 -9.2250362971E-02  9.9175417953E-01
           HessRho_EigVec2 =  8.7434714880E-01 -4.6968585460E-01 -1.2211577040E-01
           HessRho_EigVec3 =  4.7707813351E-01  8.7800060850E-01  3.8876548297E-02
           DelSqRho = -4.3499065837E+05
           Bond Ellipticity = NA
           V = -1.0875809296E+05
           G =  5.2141851516E+00
           K =  1.0875287878E+05
           L =  1.0874766459E+05
           Vnuc =  3.6444949454E+07
           Ven = -4.2885403044E+09
           Vrep =  4.2884315463E+09
           DelSqV =  2.4951353257E+09
           DelSqVen =  1.5853294715E+13
           DelSqVrep = -1.5850782802E+13
           DelSqG =  1.3402447181E+08
           DelSqK = -2.6291597975E+09
           Stress_EigVals = -3.6252892753E+04 -3.6252887884E+04 -3.6252312326E+04
           Stress_EigVec1 = -8.1102366336E-01  5.7132055657E-01  1.2583099423E-01
           Stress_EigVec2 =  5.7820923434E-01  8.1553835007E-01  2.3901482944E-02
           Stress_EigVec3 =  8.8964592886E-02 -9.2141311090E-02  9.9176372186E-01
           -DivStress =  1.2103041322E+02 -6.2509108369E+01 -1.7255330196E+01
           ESP =  -1.4713316365E+01     ESP at Nucleus =  -1.4713316364E+01
           ESPe = -2.6031099855E+01     ESPe at Nucleus = -2.6031099584E+01
           ESPn =  1.1317783490E+01     ESPn at Nucleus =  1.1317783220E+01

CP# 4      Coords =  2.53341911691047E+00 -2.49081251328821E+00 -2.03600075938960E-01
           Type = (3,-3) NACP C4
           Rho =  1.1765729607E+02     Rho at Nucleus =  1.1765729574E+02
           GradRho = -1.7303036642E-09  1.1079264867E-09  2.5671891956E-10
           HessRho_EigVals = -1.4496138052E+05 -1.4496003587E+05 -1.4495956706E+05
           HessRho_EigVec1 =  8.9074403346E-02 -9.2111393139E-02  9.9175664451E-01
           HessRho_EigVec2 =  8.7343620263E-01 -4.7134939149E-01 -1.2222500186E-01
           HessRho_EigVec3 =  4.7872220609E-01  8.7712327662E-01  3.8468259628E-02
           DelSqRho = -4.3488098345E+05
           Bond Ellipticity = NA
           V = -1.0873046124E+05
           G =  5.1076880163E+00
           K =  1.0872535355E+05
           L =  1.0872024586E+05
           Vnuc =  2.8378107819E+06
           Ven = -3.3388914335E+08
           Vrep =  3.3378041289E+08
           DelSqV =  2.4944853853E+09
           DelSqVen =  1.2341099725E+12
           DelSqVrep = -1.2316154871E+12
           DelSqG =  1.3397198914E+08
           DelSqK = -2.6284573745E+09
           Stress_EigVals = -3.6243787245E+04 -3.6243653605E+04 -3.6243020389E+04
           Stress_EigVec1 =  4.2455015823E-01  9.0424346300E-01  4.5835824058E-02
           Stress_EigVec2 =  9.0101189925E-01 -4.1696809127E-01 -1.1964601238E-01
           Stress_EigVec3 =  8.9077048496E-02 -9.2094356373E-02  9.9175798911E-01
           -DivStress =  1.4344277054E+03 -9.2758087205E+02 -2.1510280239E+02
           ESP =  -1.4679676685E+01     ESP at Nucleus =  -1.4679676701E+01
           ESPe = -2.6520181328E+01     ESPe at Nucleus = -2.6520178919E+01
           ESPn =  1.1840504643E+01     ESPn at Nucleus =  1.1840502218E+01

CP# 5      Coords = -7.33621214617296E+00  6.29483822984533E-01 -9.88882139362140E-01
           Type = (3,-3) NACP C5
           Rho =  1.1767732954E+02     Rho at Nucleus =  1.1767732945E+02
           GradRho = -1.3013427402E-10  1.7931333675E-10 -2.2635664697E-10
           HessRho_EigVals = -1.4500413684E+05 -1.4500314690E+05 -1.4500291380E+05
           HessRho_EigVec1 =  4.7616448268E-01  8.0042155599E-01  3.6413283035E-01
           HessRho_EigVec2 = -7.9993498601E-01  2.2230290105E-01  5.5739163821E-01
           HessRho_EigVec3 =  3.6520049780E-01 -5.5669269161E-01  7.4613795207E-01
           DelSqRho = -4.3501019754E+05
           Bond Ellipticity = NA
           V = -1.0876272889E+05
           G =  5.0897521959E+00
           K =  1.0875763914E+05
           L =  1.0875254939E+05
           Vnuc =  5.3479011375E+06
           Ven = -6.2932672450E+08
           Vrep =  6.2921796177E+08
           DelSqV =  2.4952433998E+09
           DelSqVen =  2.3263918817E+12
           DelSqVrep = -2.3238966383E+12
           DelSqG =  1.3403032612E+08
           DelSqK = -2.6292737260E+09
           Stress_EigVals = -3.6254507751E+04 -3.6254378806E+04 -3.6253842333E+04
           Stress_EigVec1 =  3.7272786938E-01 -5.5775889997E-01  7.4160565322E-01
           Stress_EigVec2 = -7.9765594433E-01  2.1578443845E-01  5.6318919609E-01
           Stress_EigVec3 =  4.7415074592E-01  8.0146246676E-01  3.6447082808E-01
           -DivStress =  3.5464309640E+02 -5.2132148784E+02  6.5762284398E+02
           ESP =  -1.4752388485E+01     ESP at Nucleus =  -1.4752388502E+01
           ESPe = -2.2877210588E+01     ESPe at Nucleus = -2.2877211763E+01
           ESPn =  8.1248221024E+00     ESPn at Nucleus =  8.1248232611E+00

CP# 6      Coords = -6.38705976387305E+00 -7.78637717215533E-01  8.69808491373469E-01
           Type = (3,-3) NACP C6
           Rho =  1.1769141840E+02     Rho at Nucleus =  1.1769141834E+02
           GradRho =  2.3262135274E-11 -4.7499178202E-11  1.2901673480E-10
           HessRho_EigVals = -1.4502464998E+05 -1.4502347727E+05 -1.4502327330E+05
           HessRho_EigVec1 =  4.7015293455E-01  8.0431986127E-01  3.6335351781E-01
           HessRho_EigVec2 = -5.7476480132E-01 -3.3399450464E-02  8.1763677747E-01
           HessRho_EigVec3 =  6.6977730724E-01 -5.9325714280E-01  4.4659189561E-01
           DelSqRho = -4.3507140055E+05
           Bond Ellipticity = NA
           V = -1.0877804025E+05
           G =  5.0950561745E+00
           K =  1.0877294519E+05
           L =  1.0876785014E+05
           Vnuc =  6.9830104957E+06
           Ven = -8.2184040992E+08
           Vrep =  8.2173163188E+08
           DelSqV =  2.4955964026E+09
           DelSqVen =  3.0381076644E+12
           DelSqVrep = -3.0356120680E+12
           DelSqG =  1.3405216862E+08
           DelSqK = -2.6296485712E+09
           Stress_EigVals = -3.6259614994E+04 -3.6259507280E+04 -3.6258917977E+04
           Stress_EigVec1 =  5.4181589957E-01 -5.8870424868E-01  5.9988568791E-01
           Stress_EigVec2 = -6.9718899626E-01  8.3831407211E-02  7.1196895906E-01
           Stress_EigVec3 =  4.6942841251E-01  8.0398980264E-01  3.6501693492E-01
           -DivStress =  1.2659277141E+02  1.9289440604E+02 -6.5875607269E+02
           ESP =  -1.4755935749E+01     ESP at Nucleus =  -1.4755935759E+01
           ESPe = -2.3350234382E+01     ESPe at Nucleus = -2.3350235077E+01
           ESPn =  8.5942986337E+00     ESPn at Nucleus =  8.5942993175E+00

CP# 7      Coords = -1.28672631914757E+00  2.19860381931510E+00  5.74418414508287E-01
           Type = (3,-3) NACP H7
           Rho =  4.3083267986E-01     Rho at Nucleus =  4.2679240352E-01
           GradRho =  2.9950963614E-10 -1.6459243681E-10 -4.2121711804E-11
           HessRho_EigVals = -6.5893937381E+00 -6.5751885904E+00 -5.9331318598E+00
           HessRho_EigVec1 =  4.8570513107E-01  8.7334332184E-01  3.6904848639E-02
           HessRho_EigVec2 =  8.9193263905E-02 -9.1514867695E-02  9.9180118505E-01
           HessRho_EigVec3 =  8.6956028389E-01 -4.7843126068E-01 -1.2234558219E-01
           DelSqRho = -1.9097714188E+01
           Bond Ellipticity = NA
           V = -4.7825072650E+00
           G =  4.0393589960E-03
           K =  4.7784679060E+00
           L =  4.7744285471E+00
           Vnuc =  3.9821287594E+01
           Ven = -1.7156312050E+01
           Vrep =  1.2373804785E+01
           DelSqV =  7.1797096785E+02
           DelSqVen =  7.6049556959E+02
           DelSqVrep = -4.2524601738E+01
           DelSqG =  7.0918185114E+01
           DelSqK = -7.8888915296E+02
           Stress_EigVals = -1.6498413079E+00 -1.6472076284E+00 -1.4854583288E+00
           Stress_EigVec1 =  4.8588318919E-01  8.7323805385E-01  3.7051690429E-02
           Stress_EigVec2 =  8.9112559717E-02 -9.1665677658E-02  9.9179451261E-01
           Stress_EigVec3 =  8.6946907832E-01 -4.7859450983E-01 -1.2235529002E-01
           -DivStress = -7.2429667990E+00  3.9786137678E+00  1.0184153799E+00
           ESP =  -1.0990846059E+00     ESP at Nucleus =  -1.1017829214E+00
           ESPe = -1.3431956633E+01     ESPe at Nucleus = -1.3346429304E+01
           ESPn =  1.2332872028E+01     ESPn at Nucleus =  1.2244646382E+01

CP# 8      Coords =  6.41511356875487E+00  2.52607660722316E+00 -8.62593166789352E-02
           Type = (3,-3) NACP H8
           Rho =  4.3048630671E-01     Rho at Nucleus =  4.2664442443E-01
           GradRho = -1.1242742848E-14 -8.2859066830E-15  3.1928398727E-16
           HessRho_EigVals = -6.5874892210E+00 -6.5773192256E+00 -5.9572280983E+00
           HessRho_EigVec1 = -5.5195287458E-01  8.2431016269E-01  1.2593958843E-01
           HessRho_EigVec2 =  8.8891907812E-02 -9.2004914970E-02  9.9178290182E-01
           HessRho_EigVec3 =  8.2912378628E-01  5.5861243390E-01 -2.2492125697E-02
           DelSqRho = -1.9122036545E+01
           Bond Ellipticity = NA
           V = -4.7887590110E+00
           G =  4.1249373891E-03
           K =  4.7846340736E+00
           L =  4.7805091362E+00
           Vnuc =  3.9015096817E+01
           Ven = -1.6795464935E+01
           Vrep =  1.2006705924E+01
           DelSqV =  7.1983279257E+02
           DelSqVen =  7.4604810714E+02
           DelSqVrep = -2.6215314573E+01
           DelSqG =  7.1137724352E+01
           DelSqK = -7.9097051692E+02
           Stress_EigVals = -1.6496166658E+00 -1.6477550532E+00 -1.4913872921E+00
           Stress_EigVec1 = -5.5161966346E-01  8.2455244948E-01  1.2581337349E-01
           Stress_EigVec2 =  8.8826260638E-02 -9.1908172959E-02  9.9179775316E-01
           Stress_EigVec3 =  8.2935254404E-01  5.5827067432E-01 -2.2543555350E-02
           -DivStress =  6.7043870929E+00  4.5789435343E+00 -1.7610315820E-01
           ESP =  -1.0846732969E+00     ESP at Nucleus =  -1.0872581951E+00
           ESPe = -1.1875115351E+01     ESPe at Nucleus = -1.1783063833E+01
           ESPn =  1.0790442054E+01     ESPn at Nucleus =  1.0695805638E+01

CP# 9      Coords =  6.58012957779856E+00 -2.19067367314968E+00 -5.38902378165080E-01
           Type = (3,-3) NACP H9
           Rho =  4.2488394994E-01     Rho at Nucleus =  4.2110398027E-01
           GradRho = -7.6979315663E-12  4.3029833169E-12  1.0895693188E-12
           HessRho_EigVals = -6.4828618819E+00 -6.4769891629E+00 -5.8727754462E+00
           HessRho_EigVec1 =  4.9153041728E-01  8.7009341221E-01  3.6541797008E-02
           HessRho_EigVec2 =  8.9028892990E-02 -9.1946091782E-02  9.9177606969E-01
           HessRho_EigVec3 =  8.6629770005E-01 -4.8423482965E-01 -1.2265775415E-01
           DelSqRho = -1.8832626491E+01
           Bond Ellipticity = NA
           V = -4.7172965555E+00
           G =  4.5699663870E-03
           K =  4.7127265891E+00
           L =  4.7081566228E+00
           Vnuc =  3.8934050936E+01
           Ven = -1.6542453349E+01
           Vrep =  1.1825156793E+01
           DelSqV =  7.0895336729E+02
           DelSqVen =  7.3323043906E+02
           DelSqVrep = -2.4277071778E+01
           DelSqG =  6.9910182178E+01
           DelSqK = -7.7886354947E+02
           Stress_EigVals = -1.6238957580E+00 -1.6234107054E+00 -1.4699900921E+00
           Stress_EigVec1 =  4.9152939556E-01  8.7007537779E-01  3.6982296719E-02
           Stress_EigVec2 =  8.8813481074E-02 -9.2327629327E-02  9.9175993791E-01
           Stress_EigVec3 =  8.6632039043E-01 -4.8419463631E-01 -1.2265616693E-01
           -DivStress =  6.9260792363E+00 -3.8711489770E+00 -9.8063626740E-01
           ESP =  -1.0728796618E+00     ESP at Nucleus =  -1.0754634174E+00
           ESPe = -1.1755850606E+01     ESPe at Nucleus = -1.1665220694E+01
           ESPn =  1.0682970944E+01     ESPn at Nucleus =  1.0589757277E+01

CP# 10     Coords =  2.44313222146085E+00 -4.50318362883704E+00 -3.82318705160911E-01
           Type = (3,-3) NACP H10
           Rho =  4.3043892514E-01     Rho at Nucleus =  4.2659401698E-01
           GradRho =  1.0681559803E-15  1.0512424264E-15  4.0874421903E-17
           HessRho_EigVals = -6.5869391646E+00 -6.5767704697E+00 -5.9564526801E+00
           HessRho_EigVec1 =  9.9480428931E-01 -4.1142025101E-02 -9.3122283766E-02
           HessRho_EigVec2 =  8.9029824724E-02 -9.2073546857E-02  9.9176416162E-01
           HessRho_EigVec3 =  4.9377284990E-02  9.9490190257E-01  8.7932292062E-02
           DelSqRho = -1.9120162314E+01
           Bond Ellipticity = NA
           V = -4.7882899027E+00
           G =  4.1246620604E-03
           K =  4.7841652407E+00
           L =  4.7800405786E+00
           Vnuc =  3.9380079256E+01
           Ven = -1.6950718987E+01
           Vrep =  1.2162429084E+01
           DelSqV =  7.1975227000E+02
           DelSqVen =  7.5295350734E+02
           DelSqVrep = -3.3201237339E+01
           DelSqG =  7.1132501826E+01
           DelSqK = -7.9088477183E+02
           Stress_EigVals = -1.6494804501E+00 -1.6476283482E+00 -1.4911811045E+00
           Stress_EigVec1 =  9.9482661516E-01 -4.0690974240E-02 -9.3081955252E-02
           Stress_EigVec2 =  8.9029581921E-02 -9.2069277579E-02  9.9176457976E-01
           Stress_EigVec3 =  4.8925855343E-02  9.9492084748E-01  8.7970267349E-02
           -DivStress = -4.4919241394E-01 -8.0800470329E+00 -7.0973737722E-01
           ESP =  -1.0834252624E+00     ESP at Nucleus =  -1.0860119813E+00
           ESPe = -1.2251456058E+01     ESPe at Nucleus = -1.2160172836E+01
           ESPn =  1.1168030796E+01     ESPn at Nucleus =  1.1074160854E+01

CP# 11     Coords = -6.36915788781918E+00  8.54985854495398E-01 -2.74891092521742E+00
           Type = (3,-3) NACP H11
           Rho =  4.2570321740E-01     Rho at Nucleus =  4.2203869759E-01
           GradRho = -1.8297852383E-13 -4.2115182869E-14  3.3467439974E-13
           HessRho_EigVals = -6.4811825789E+00 -6.4744948717E+00 -5.8835870256E+00
           HessRho_EigVec1 = -7.3880139471E-01  5.8513639035E-01 -3.3434698124E-01
           HessRho_EigVec2 =  4.7246261125E-01  8.0349190919E-01  3.6218756584E-01
           HessRho_EigVec3 = -4.8057421919E-01 -1.0961823097E-01  8.7007601006E-01
           DelSqRho = -1.8839264476E+01
           Bond Ellipticity = NA
           V = -4.7188995156E+00
           G =  4.5416982613E-03
           K =  4.7143578173E+00
           L =  4.7098161190E+00
           Vnuc =  3.8367296686E+01
           Ven = -1.6333081642E+01
           Vrep =  1.1614182127E+01
           DelSqV =  7.0944644251E+02
           DelSqVen =  7.2281164951E+02
           DelSqVrep = -1.3365206992E+01
           DelSqG =  6.9810694391E+01
           DelSqK = -7.7925713690E+02
           Stress_EigVals = -1.6235512579E+00 -1.6228417286E+00 -1.4725065291E+00
           Stress_EigVec1 = -7.3952885525E-01  5.8513492539E-01 -3.3273742101E-01
           Stress_EigVec2 =  4.7264161625E-01  8.0335329233E-01  3.6226149435E-01
           Stress_EigVec3 = -4.7927755512E-01 -1.1063727576E-01  8.7066205750E-01
           -DivStress =  3.7825996075E+00  8.6140083429E-01 -6.8467795901E+00
           ESP =  -1.1182697228E+00     ESP at Nucleus =  -1.1207010260E+00
           ESPe = -1.0779476644E+01     ESPe at Nucleus = -1.0718682467E+01
           ESPn =  9.6612069209E+00     ESPn at Nucleus =  9.5979814412E+00

CP# 12     Coords = -9.10559468804091E+00  1.58984411686301E+00 -8.12813220252587E-01
           Type = (3,-3) NACP H12
           Rho =  4.2600949545E-01     Rho at Nucleus =  4.2235505728E-01
           GradRho =  1.5241606805E-12 -8.2518063563E-13 -1.5552300116E-13
           HessRho_EigVals = -6.4861842345E+00 -6.4795731606E+00 -5.8893083903E+00
           HessRho_EigVec1 = -1.0116175272E-01 -3.6079751163E-01  9.2714155089E-01
           HessRho_EigVec2 =  4.7199692836E-01  8.0295903359E-01  3.6397210058E-01
           HessRho_EigVec3 =  8.7577691189E-01 -4.7442801981E-01 -8.9066574049E-02
           DelSqRho = -1.8855065785E+01
           Bond Ellipticity = NA
           V = -4.7228530357E+00
           G =  4.5432946889E-03
           K =  4.7183097410E+00
           L =  4.7137664464E+00
           Vnuc =  3.7502989037E+01
           Ven = -1.5976629438E+01
           Vrep =  1.1253776402E+01
           DelSqV =  7.1009828401E+02
           DelSqVen =  7.0712132545E+02
           DelSqVrep =  2.9769585564E+00
           DelSqG =  6.9876374437E+01
           DelSqK = -7.7997465844E+02
           Stress_EigVals = -1.6248179391E+00 -1.6240924752E+00 -1.4739426214E+00
           Stress_EigVec1 = -1.0205705515E-01 -3.5874844235E-01  9.2783830090E-01
           Stress_EigVec2 =  4.7221313672E-01  8.0345425893E-01  3.6259620421E-01
           Stress_EigVec3 =  8.7555645792E-01 -4.7514293525E-01 -8.7407551636E-02
           -DivStress = -6.8846028307E+00  3.7310944324E+00  6.9866155839E-01
           ESP =  -1.1177619829E+00     ESP at Nucleus =  -1.1201903767E+00
           ESPe = -9.8625173171E+00     ESPe at Nucleus = -9.7895206704E+00
           ESPn =  8.7447553341E+00     ESPn at Nucleus =  8.6693302937E+00

CP# 13     Coords = -4.61249738243586E+00 -1.72526503186485E+00  6.88335714977184E-01
           Type = (3,-3) NACP H13
           Rho =  4.2033544026E-01     Rho at Nucleus =  4.1645828102E-01
           GradRho = -3.8732597712E-10  2.0521119222E-10  4.0910118283E-11
           HessRho_EigVals = -6.3846212169E+00 -6.3781222936E+00 -5.7708520313E+00
           HessRho_EigVec1 = -9.4467010505E-02 -3.6182392703E-01  9.2744780433E-01
           HessRho_EigVec2 =  4.6621122182E-01  8.0706423771E-01  3.6234570903E-01
           HessRho_EigVec3 =  8.7961530260E-01 -4.6661628994E-01 -9.2445429286E-02
           DelSqRho = -1.8533595542E+01
           Bond Ellipticity = NA
           V = -4.6426577871E+00
           G =  4.6294508214E-03
           K =  4.6380283363E+00
           L =  4.6333988854E+00
           Vnuc =  3.8640344516E+01
           Ven = -1.6241906224E+01
           Vrep =  1.1599248437E+01
           DelSqV =  6.9671250352E+02
           DelSqVen =  7.1614451753E+02
           DelSqVrep = -1.9432014008E+01
           DelSqG =  6.8444177475E+01
           DelSqK = -7.6515668099E+02
           Stress_EigVals = -1.5993720812E+00 -1.5986631599E+00 -1.4446225460E+00
           Stress_EigVec1 = -9.9233103146E-02 -3.6646159909E-01  9.2512630901E-01
           Stress_EigVec2 =  4.6585206299E-01  8.0442634697E-01  3.6861919065E-01
           Stress_EigVec3 =  8.7928075531E-01 -4.6755122574E-01 -9.0891169280E-02
           -DivStress =  7.0678518054E+00 -3.7464215135E+00 -7.4490723312E-01
           ESP =  -1.1230112849E+00     ESP at Nucleus =  -1.1256035951E+00
           ESPe = -1.2095701039E+01     ESPe at Nucleus = -1.2052661838E+01
           ESPn =  1.0972689754E+01     ESPn at Nucleus =  1.0927058243E+01

CP# 14     Coords = -7.36299438779710E+00 -1.00340255464858E+00  2.62601783338200E+00
           Type = (3,-3) NACP H14
           Rho =  4.2622182554E-01     Rho at Nucleus =  4.2258263849E-01
           GradRho =  7.0619508505E-15  1.9308556490E-15 -1.3573777519E-14
           HessRho_EigVals = -6.4918402560E+00 -6.4858369309E+00 -5.8965358318E+00
           HessRho_EigVec1 = -7.3728561195E-01  5.8657163452E-01 -3.3517703380E-01
           HessRho_EigVec2 =  4.7223371377E-01  8.0225718147E-01  3.6521053429E-01
           HessRho_EigVec3 = -4.8312032247E-01 -1.1098257682E-01  8.6849157834E-01
           DelSqRho = -1.8874213019E+01
           Bond Ellipticity = NA
           V = -4.7276161646E+00
           G =  4.5314549642E-03
           K =  4.7230847096E+00
           L =  4.7185532547E+00
           Vnuc =  3.8109994210E+01
           Ven = -1.6243311304E+01
           Vrep =  1.1515695139E+01
           DelSqV =  7.1092646154E+02
           DelSqVen =  7.1929614885E+02
           DelSqVrep = -8.3696873173E+00
           DelSqG =  6.9982656318E+01
           DelSqK = -7.8090911785E+02
           Stress_EigVals = -1.6263308172E+00 -1.6255245215E+00 -1.4757608259E+00
           Stress_EigVec1 = -7.4116831339E-01  5.8136676772E-01 -3.3568171325E-01
           Stress_EigVec2 =  4.6765818758E-01  8.0587471301E-01  3.6312775509E-01
           Stress_EigVec3 = -4.8162781358E-01 -1.1215448416E-01  8.6916973076E-01
           -DivStress = -3.7850940402E+00 -8.7712499128E-01  6.8198955512E+00
           ESP =  -1.1194978594E+00     ESP at Nucleus =  -1.1219173648E+00
           ESPe = -1.0395415214E+01     ESPe at Nucleus = -1.0322451245E+01
           ESPn =  9.2759173543E+00     ESPn at Nucleus =  9.2005338806E+00

CP# 15     Coords =  3.30445870904049E-01 -1.28584668895055E+00  1.06111283810706E-01
           Type = (3,-3) NACP N15
           Rho =  1.9120324557E+02     Rho at Nucleus =  1.9120322281E+02
           GradRho = -8.9728224850E-13 -2.6596502778E-12  6.3300406583E-13
           HessRho_EigVals = -3.2175034500E+05 -3.2174874719E+05 -3.2174065329E+05
           HessRho_EigVec1 =  8.9611648985E-02 -9.2395852690E-02  9.9168178302E-01
           HessRho_EigVec2 = -4.8702436979E-01  8.6446174919E-01  1.2455178609E-01
           HessRho_EigVec3 =  8.6877903727E-01  4.9413448634E-01 -3.2466810902E-02
           DelSqRho = -9.6523974548E+05
           Bond Ellipticity = NA
           V = -2.4134320543E+05
           G =  1.6634530609E+01
           K =  2.4132657090E+05
           L =  2.4130993637E+05
           Vnuc =  5.8858857508E+05
           Ven = -1.1254004586E+08
           Vrep =  1.1229870266E+08
           DelSqV =  7.5777582910E+09
           DelSqVen =  5.6812908570E+11
           DelSqVrep = -5.6055132741E+11
           DelSqG =  4.0615325064E+08
           DelSqK = -7.9839115416E+09
           Stress_EigVals = -8.0449032901E+04 -8.0447440179E+04 -8.0446732351E+04
           Stress_EigVec1 =  8.6617441097E-01  4.9872576461E-01 -3.1851240204E-02
           Stress_EigVec2 = -4.9166163235E-01  8.6185173789E-01  1.2442034066E-01
           Stress_EigVec3 =  8.9502676249E-02 -9.2109682528E-02  9.9171824493E-01
           -DivStress = -2.6033040577E+04 -1.3434819693E+04  1.1000970018E+03
           ESP =  -1.8346439125E+01     ESP at Nucleus =  -1.8346440153E+01
           ESPe = -3.0126606614E+01     ESPe at Nucleus = -3.0126589028E+01
           ESPn =  1.1780167489E+01     ESPn at Nucleus =  1.1780148875E+01

CP# 16     Coords =  2.55515673339754E+00  2.65531339941676E+00  2.71645599794664E-01
           Type = (3,-3) NACP N16
           Rho =  1.9121271808E+02     Rho at Nucleus =  1.9121269456E+02
           GradRho =  3.3865465987E-11 -3.3884006712E-11  4.2394143751E-12
           HessRho_EigVals = -3.2176249451E+05 -3.2176079417E+05 -3.2175256848E+05
           HessRho_EigVec1 =  8.9339692527E-02 -9.1806028073E-02  9.9176109651E-01
           HessRho_EigVec2 =  9.9563894358E-01  3.5085889812E-02 -8.6441161288E-02
           HessRho_EigVec3 = -2.6861000872E-02  9.9515859718E-01  9.4540219413E-02
           DelSqRho = -9.6527585716E+05
           Bond Ellipticity = NA
           V = -2.4135216313E+05
           G =  1.6599419764E+01
           K =  2.4133556371E+05
           L =  2.4131896429E+05
           Vnuc =  5.7891002224E+05
           Ven = -1.1069495888E+08
           Vrep =  1.1045360672E+08
           DelSqV =  7.5780330680E+09
           DelSqVen =  5.5880786752E+11
           DelSqVrep = -5.5122983445E+11
           DelSqG =  4.0616296058E+08
           DelSqK = -7.9841960286E+09
           Stress_EigVals = -8.0452040257E+04 -8.0450425830E+04 -8.0449697042E+04
           Stress_EigVec1 = -2.0751781869E-02  9.9535660476E-01  9.3992515136E-02
           Stress_EigVec2 =  9.9579790183E-01  2.8964843994E-02 -8.6876789268E-02
           Stress_EigVec3 =  8.9195864536E-02 -9.1794701180E-02  9.9177509073E-01
           -DivStress = -1.8593457274E+03  2.9597724473E+04  2.9086316945E+03
           ESP =  -1.8348799291E+01     ESP at Nucleus =  -1.8348800371E+01
           ESPe = -2.9548356642E+01     ESPe at Nucleus = -2.9548335289E+01
           ESPn =  1.1199557351E+01     ESPn at Nucleus =  1.1199534917E+01

