AIMSum (Version 19.02.13, Professional)
Copyright (c) 1997-2019 by Todd A. Keith
AIMSum is a component of the AIMAll package ( http://aim.tkgristmill.com )

TP:  64-bit Linux

Much of the Quantum Theory of Atoms in Molecules (QTAIM) is described in the book:
  "Atoms in Molecules - A Quantum Theory"
  R.F.W. Bader, Oxford University Press, Oxford, 1990

For additional references see:  http://aim.tkgristmill.com/references.html

Wfn File:  /home/mhennefarth/Documents/ML_Diels/summary-N-hayden2009/33-opt/33-opt.wfn
Sum File:  /home/mhennefarth/Documents/ML_Diels/summary-N-hayden2009/33-opt/33-opt.sum

SumViz File:  /home/mhennefarth/Documents/ML_Diels/summary-N-hayden2009/33-opt/33-opt.sumviz

Wfn Title:   Title Card Required                                                           
 
Total memory allocated for AIMSum =        0.781 Megabytes

Atomic units (a.u.) used throughout, except where stated otherwise

Model:  Restricted SCF
 
Restricted, closed-shell, single-determinant wavefunction.
  Number of electrons (from MO Occs)                   =          58.0000000000
  Number of Alpha electrons (from MO Occs)             =          29.0000000000
  Number of Beta electrons (from MO Occs)              =          29.0000000000
  Number of electron pairs (N*(N-1)/2)                 =        1653.0000000000
  Number of electron pairs (from Muller 2EDM)          =        1653.0000000000
 
Nuclear Charges and Cartesian Coordinates:
-------------------------------------------------------------------------------
Atom      Charge                X                  Y                  Z
-------------------------------------------------------------------------------
C1         6.0           3.7152288000E-01   1.2090582200E+00  -3.2312461000E-01
C2         6.0           2.6198353700E+00   2.5774391800E+00  -2.4750905000E-01
C3         6.0           4.8325801600E+00   1.1861415300E+00   7.1756280000E-02
C4         6.0          -7.2622973500E+00   6.3234981000E-01   9.9518347000E-01
C5         6.0          -6.3328610300E+00  -7.6224395000E-01  -8.8417306000E-01
H6         1.0          -1.4497060400E+00   2.1348304400E+00  -5.6527780000E-01
H7         1.0           2.6454824400E+00   4.6201015200E+00  -4.2807439000E-01
H8         1.0           6.6699061000E+00   2.1098231700E+00   1.5037307000E-01
H9         1.0          -6.3169454100E+00   7.5526941000E-01   2.8165273700E+00
H10        1.0          -9.0107250500E+00   1.6966554300E+00   8.0502206000E-01
H11        1.0          -4.5797134200E+00  -1.8173808300E+00  -6.8613387000E-01
H12        1.0          -7.2902209300E+00  -8.9022947000E-01  -2.6996015400E+00
H13        1.0           2.5356995600E+00  -4.4897536000E+00   3.7856059000E-01
N14        7.0           4.8308441200E+00  -1.3343865500E+00   2.9775183000E-01
C15        6.0           2.5615798600E+00  -2.4411931600E+00   1.9711305000E-01
N16        7.0           3.1973636000E-01  -1.3125600000E+00  -1.0159068000E-01
 
Some Atomic Properties:
----------------------
  q(A) = Net Charge of Atom A
  L(A) = Lagrangian of Atom A = -(1/4) Times Atomic Integral of the Laplacian of the Electron Density
  K(A) = Electronic Kinetic Energy of Atom A (Hamiltonian Form)
  K_Scaled(A) = K(A) * E(Mol)/K(Mol) = Approximation to Virial-Based Total Energy of Atom A.
  |Mu_Intra(A)| = Magnitude of Intraatomic Dipole Moment of Atom A
--------------------------------------------------------------------------------------------------
Atom A          q(A)              L(A)              K(A)          K_Scaled(A)      |Mu_Intra(A)|
--------------------------------------------------------------------------------------------------
C1        5.5288199780E-01 -8.8792578274E-05  3.7387452512E+01 -3.7752366760E+01  6.8343535833E-01
C2       -5.2564624100E-02 -5.0602428300E-05  3.7760460688E+01 -3.8129015622E+01  1.4722039942E-01
C3        5.5788271380E-01  3.7246811690E-05  3.7383889830E+01 -3.7748769305E+01  6.7114501704E-01
C4       -9.2752400300E-02 -1.9033437152E-05  3.7696644976E+01 -3.8064577048E+01  7.9921953949E-02
C5       -9.1811524700E-02 -3.4624487625E-06  3.7701959841E+01 -3.8069943787E+01  1.2118085903E-01
H6        7.5465252910E-02  3.1446623803E-05  5.8817095622E-01 -5.9391170473E-01  1.4405403833E-01
H7        6.3755169980E-02  1.9661274240E-05  5.8716425447E-01 -5.9289517723E-01  1.4616829460E-01
H8        6.2401287500E-02  2.6275897030E-05  5.9420279122E-01 -6.0000241249E-01  1.4596055552E-01
H9        3.7281579670E-02  2.0196081170E-05  5.9648373073E-01 -6.0230561475E-01  1.4790623048E-01
H10       3.5070254560E-02  1.5305129700E-05  5.9753089669E-01 -6.0336300140E-01  1.4837362220E-01
H11       7.9175406600E-02  2.2120884872E-05  5.8110478383E-01 -5.8677656410E-01  1.3111401457E-01
H12       3.3951071680E-02  2.2347198216E-05  5.9795093046E-01 -6.0378713485E-01  1.4820389003E-01
H13       7.0655307270E-02  2.4297352539E-05  5.9423325346E-01 -6.0003317205E-01  1.4530721596E-01
N14      -1.2247632508E+00  3.7112469773E-05  5.4948519035E+01 -5.5484835263E+01  5.1313878129E-02
C15       1.1309254607E+00 -4.0392098394E-05  3.7035263721E+01 -3.7396740487E+01  6.3806864052E-01
N16      -1.2375549973E+00 -7.0962703940E-05  5.4948523017E+01 -5.5484839285E+01  3.4999300772E-02
--------------------------------------------------------------------------------------------------
Total    -1.2947300012E-06 -1.7235971789E-05  3.3959955522E+02 -3.4291416234E+02
 
1st Largest |L(A)| = 8.8792578274E-05, atom C1      
2nd Largest |L(A)| = 7.0962703940E-05, atom N16     
 
Molecular charge q(Mol) from the wfn file:   0.0000000000E+00
Molecular energy E(Mol) from the wfn file:  -3.4291418235E+02
Molecular virial ratio (-V(Mol)/T(Mol)) from the wfn file:   2.0097603400E+00
Note.  K_Scaled(A) = (1+V(Mol)/T(Mol))*K(A) = (E(Mol)/T(Mol))*K(A)
       Only use K_Scaled(A) data with caution.
 
N_AIMInt(SumA)     =         58.000001
N_Analytic(Mol)    =         57.999993
 
G_AIMInt(SumA)     =        339.599572
G_Analytic(Mol)    =        339.599557
 
K_AIMInt(SumA)     =        339.599555
K_Analytic(Mol)    =        339.599557
 
L_AIMInt(SumA)     =         -0.000017
L_Analytic(Mol)    =          0.000000
 
VenT_AIMInt(SumA)  =      -1424.445211
VenT_Analytic(Mol) =      -1424.444818
 
Some Information About the Atomic Calculations:
----------------------------------------------
  Time(sec) = "Elapsed User Time", in Seconds, for Atom A by AIMInt and, if used, by TWOe
  NProc = Number of Processors Used for AIMInt Job
  BIM = Basin Integration Method
  OAQ = Angular Quadrature Outside of Beta Sphere
  ORQ = Multiple of Default for Radial Quadrature Outside of Beta Sphere
  IAQ = Multiple of Default for Angular Quadrature Inside of Beta Sphere
  IRQ = Multiple of Default for Radial Quadrature Inside of Beta Sphere
  MIR = Maximum Integration Radius
------------------------------------------------------------------------------------------------------
Atom A     Time(sec)   NProc      BIM          OAQ                     ORQ      IAQ      IRQ      MIR
------------------------------------------------------------------------------------------------------
C1             19        8     Proaim(5)    4500(GS4)                  1.00     1.00     1.00    13.00
C2             16        8     Proaim(5)    4500(GS4)                  1.00     1.00     1.00    13.00
C3             15        8     Proaim(5)    4500(GS4)                  1.00     1.00     1.00    13.00
C4             18        8     Proaim(5)    4500(GS4)                  1.00     1.00     1.00    13.00
C5             25        8     Proaim(5)    4500(GS4)                  1.00     1.00     1.00    13.00
H6             14        8     Proaim(5)    4500(GS4)                  1.00     1.00     1.00    13.00
H7              4        8     Proaim(5)    1800(GS4)                  1.00     1.00     1.00    13.00
H8              5        8     Proaim(5)    1800(GS4)                  1.00     1.00     1.00    13.00
H9              5        8     Proaim(5)    1800(GS4)                  1.00     1.00     1.00    13.00
H10             4        8     Proaim(5)    1800(GS4)                  1.00     1.00     1.00    13.00
H11            10        8     Proaim(5)    4500(GS4)                  1.00     1.00     1.00    13.00
H12             5        8     Proaim(5)    1800(GS4)                  1.00     1.00     1.00    13.00
H13             4        8     Proaim(5)    1800(GS4)                  1.00     1.00     1.00    13.00
N14            13        8     Proaim(5)    4500(GS4)                  1.00     1.00     1.00    13.00
C15            14        8     Proaim(5)    4500(GS4)                  1.00     1.00     1.00    13.00
N16            18        8     Proaim(5)    4500(GS4)                  1.00     1.00     1.00    13.00
------------------------------------------------------------------------------------------------------
Total         189
Note:  Total wall clock time is less than total of atomic times if more than one atom
       was calculated at a time
 
Electron Density Critical Point Analysis of Molecular Structure:               
---------------------------------------------------------------                
  NACP = Nuclear Attractor Critical Point                                      
  NNACP = Non-Nuclear Attractor Critical Point                                 
  BCP = Bond Critical Point                                                    
  RCP = Ring Critical Point                                                    
  CCP = Cage Critical Point                                                    
  Rho = Electron Density                                                       
  GradRho = Gradient of Electron Density                                       
  HessRho_EigVals = Eigenvalues of the Hessian of Rho, Ascending Order         
  HessRho_EigVecs = Eigenvectors of the Hessian of Rho                         
  DelSqRho = Laplacian of Rho = Trace of Hessian of Rho                        
  Bond Ellipticity = (HessRho_EigVal(1) / HessRho_EigVal(2)) - 1               
  V = Virial Field = Potential Energy Density = Trace of Stress Tensor         
  G = Lagrangian Form of Kinetic Energy Density                                
  K = Hamiltonian Form of Kinetic Energy Density                               
  L = K - G = Lagrangian Density = (-1/4)DelSqRho                              
  Vnuc = Electrostatic Potential from Nuclei                                   
  Ven = Electron-nuclear attractive contribution to Virial Field V             
  Vrep = V - Ven = Repulsive contribution to Virial Field V                    
  DelSqV = Laplacian of V                                                      
  DelSqVen = Laplacian of Ven                                                  
  DelSqVrep = Laplacian of Vrep                                                
  DelSqG = Laplacian of G                                                      
  DelSqK = Laplacian of K                                                      
  Stress_EigVals = Eigenvalues of Stress Tensor, Ascending Order               
  Stress_EigVecs = Eigenvectors of Stress Tensor                               
  -DivStress = Ehrenfest Force Density = Minus Divergence of Stress Tensor     
  ESP = Total Electrostatic Potential                                          
  ESPe = Electrostatic Potential from Electrons                                
  ESPn = Electrostatic Potential from Nuclei                                   
  BP = Bond Path                                                               
  BPL = Bond Path Length                                                       
  GBL = Geometric Bond Length                                                  
  GBL_I = Distance Between Nuclear Attractors                                  
  GBL_II = Distance Between Nuclei                                             
  GBL_III = Sum of Distances Between BCP and Nuclear Attractors                
  GBL_IV = Sum of Distances Between BCP and Nuclei                             

CP# 1      Coords =  3.71523278276181E-01  1.20905597290537E+00 -3.23124375375912E-01
           Type = (3,-3) NACP C1
           Rho =  1.1766369348E+02     Rho at Nucleus =  1.1766369310E+02
           GradRho =  4.5095731316E-10 -2.5782754126E-09  2.7218014648E-10
           HessRho_EigVals = -1.4497034886E+05 -1.4496897539E+05 -1.4496843091E+05
           HessRho_EigVec1 = -8.7621872144E-02  8.8878907004E-02  9.9218090458E-01
           HessRho_EigVec2 =  8.8920634814E-02  9.9273353176E-01 -8.1075616737E-02
           HessRho_EigVec3 =  9.9217716575E-01 -8.1121358562E-02  9.4888339425E-02
           DelSqRho = -4.3490775516E+05
           Bond Ellipticity = NA
           V = -1.0873714667E+05
           G =  5.1039406530E+00
           K =  1.0873204273E+05
           L =  1.0872693879E+05
           Vnuc =  2.6153644419E+06
           Ven = -3.0773344004E+08
           Vrep =  3.0762470289E+08
           DelSqV =  2.4946393344E+09
           DelSqVen =  1.1374422999E+12
           DelSqVrep = -1.1349476606E+12
           DelSqG =  1.3398125426E+08
           DelSqK = -2.6286205887E+09
           Stress_EigVals = -3.6246033871E+04 -3.6245874600E+04 -3.6245238200E+04
           Stress_EigVec1 =  9.8746558064E-01 -1.2369623871E-01  9.8035542426E-02
           Stress_EigVec2 =  1.3143850838E-01  9.8833847838E-01 -7.6882837250E-02
           Stress_EigVec3 = -8.7382181040E-02  8.8804800991E-02  9.9220867853E-01
           -DivStress = -3.2594960915E+02  1.8299356608E+03 -1.9110931110E+02
           ESP =  -1.4682526575E+01     ESP at Nucleus =  -1.4682526594E+01
           ESPe = -2.7029677497E+01     ESPe at Nucleus = -2.7029674891E+01
           ESPn =  1.2347150922E+01     ESPn at Nucleus =  1.2347148297E+01

CP# 2      Coords =  2.61983538092605E+00  2.57743900731209E+00 -2.47509033676328E-01
           Type = (3,-3) NACP C2
           Rho =  1.1767109591E+02     Rho at Nucleus =  1.1767109591E+02
           GradRho =  1.5004789078E-11  3.5635223613E-13 -1.4031575381E-12
           HessRho_EigVals = -1.4499641971E+05 -1.4499539211E+05 -1.4499524614E+05
           HessRho_EigVec1 = -8.7316854721E-02  8.8760678291E-02  9.9221837761E-01
           HessRho_EigVec2 = -3.8630184994E-03  9.9598493830E-01 -8.9437574750E-02
           HessRho_EigVec3 =  9.9617309940E-01  1.1642365669E-02  8.6623388019E-02
           DelSqRho = -4.3498705797E+05
           Bond Ellipticity = NA
           V = -1.0875719068E+05
           G =  5.2130926805E+00
           K =  1.0875197759E+05
           L =  1.0874676449E+05
           Vnuc =  3.4522156430E+07
           Ven = -4.0622599804E+09
           Vrep =  4.0621512232E+09
           DelSqV =  2.4951142788E+09
           DelSqVen =  1.5016698839E+13
           DelSqVrep = -1.5014203725E+13
           DelSqG =  1.3402294580E+08
           DelSqK = -2.6291372246E+09
           Stress_EigVals = -3.6252593243E+04 -3.6252587420E+04 -3.6252010015E+04
           Stress_EigVec1 =  1.3756519375E-01  9.8755425620E-01 -7.6239153579E-02
           Stress_EigVec2 =  9.8663575364E-01 -1.2983697035E-01  9.8449229415E-02
           Stress_EigVec3 = -8.7325294805E-02  8.8763462066E-02  9.9221738580E-01
           -DivStress = -8.7760310629E+00  1.4409481817E+02 -1.3568670784E+01
           ESP =  -1.4714371240E+01     ESP at Nucleus =  -1.4714371239E+01
           ESPe = -2.6291567037E+01     ESPe at Nucleus = -2.6291566764E+01
           ESPn =  1.1577195797E+01     ESPn at Nucleus =  1.1577195524E+01

CP# 3      Coords =  4.83257999895276E+00  1.18613946477262E+00  7.17564508800189E-02
           Type = (3,-3) NACP C3
           Rho =  1.1765855963E+02     Rho at Nucleus =  1.1765855931E+02
           GradRho = -2.0380327981E-10 -1.9471271123E-09  1.6201508538E-10
           HessRho_EigVals = -1.4496311123E+05 -1.4496175865E+05 -1.4496128956E+05
           HessRho_EigVec1 = -8.7209814829E-02  8.8852271768E-02  9.9221959364E-01
           HessRho_EigVec2 = -1.4217886137E-02  9.9580197886E-01 -9.0422732876E-02
           HessRho_EigVec3 =  9.9608850004E-01  2.1993014996E-02  8.5580414699E-02
           DelSqRho = -4.3488615944E+05
           Bond Ellipticity = NA
           V = -1.0873174629E+05
           G =  5.1032129522E+00
           K =  1.0872664307E+05
           L =  1.0872153986E+05
           Vnuc =  2.8866625635E+06
           Ven = -3.3964055934E+08
           Vrep =  3.3953182760E+08
           DelSqV =  2.4945150304E+09
           DelSqVen =  1.2553695724E+12
           DelSqVrep = -1.2528750573E+12
           DelSqG =  1.3397373778E+08
           DelSqK = -2.6284887682E+09
           Stress_EigVals = -3.6244216106E+04 -3.6244082992E+04 -3.6243447189E+04
           Stress_EigVec1 =  9.9344761272E-01  8.1621632318E-02  7.9998437009E-02
           Stress_EigVec2 = -7.3872028237E-02  9.9268819775E-01 -9.5462377388E-02
           Stress_EigVec3 = -8.7205299324E-02  8.8927224123E-02  9.9221327575E-01
           -DivStress =  1.3316384287E+02  1.6820217699E+03 -1.3897419924E+02
           ESP =  -1.4680825836E+01     ESP at Nucleus =  -1.4680825853E+01
           ESPe = -2.6233264875E+01     ESPe at Nucleus = -2.6233262785E+01
           ESPn =  1.1552439039E+01     ESPn at Nucleus =  1.1552436932E+01

CP# 4      Coords = -7.26229776376365E+00  6.32350454499860E-01  9.95184281450673E-01
           Type = (3,-3) NACP C4
           Rho =  1.1767825210E+02     Rho at Nucleus =  1.1767825201E+02
           GradRho = -6.2062041270E-11  1.7593074220E-10  2.3237818874E-10
           HessRho_EigVals = -1.4500552228E+05 -1.4500452621E+05 -1.4500429467E+05
           HessRho_EigVec1 =  5.2351324615E-01  7.8610294839E-01 -3.2859707186E-01
           HessRho_EigVec2 =  7.7355479387E-01 -2.7687221968E-01  5.7004802854E-01
           HessRho_EigVec3 = -3.5713703530E-01  5.5261553408E-01  7.5303997870E-01
           DelSqRho = -4.3501434316E+05
           Bond Ellipticity = NA
           V = -1.0876376539E+05
           G =  5.0898008145E+00
           K =  1.0875867559E+05
           L =  1.0875358579E+05
           Vnuc =  5.3772662931E+06
           Ven = -6.3278729846E+08
           Vrep =  6.3267853470E+08
           DelSqV =  2.4952673364E+09
           DelSqVen =  2.3391877202E+12
           DelSqVrep = -2.3366925184E+12
           DelSqG =  1.3403184503E+08
           DelSqK = -2.6292991815E+09
           Stress_EigVals = -3.6254853317E+04 -3.6254724915E+04 -3.6254187160E+04
           Stress_EigVec1 = -3.6507275586E-01  5.5252999307E-01  7.4928798848E-01
           Stress_EigVec2 =  7.7168393101E-01 -2.7063477183E-01  5.7555254399E-01
           Stress_EigVec3 =  5.2079342694E-01  7.8833205379E-01 -3.2757713507E-01
           -DivStress =  3.3682113046E+02 -5.2207886942E+02 -6.5945887914E+02
           ESP =  -1.4748257608E+01     ESP at Nucleus =  -1.4748257625E+01
           ESPe = -2.2914466635E+01     ESPe at Nucleus = -2.2914467802E+01
           ESPn =  8.1662090273E+00     ESPn at Nucleus =  8.1662101773E+00

CP# 5      Coords = -6.33286117167822E+00 -7.62244104571582E-01 -8.84173868569708E-01
           Type = (3,-3) NACP C5
           Rho =  1.1769309458E+02     Rho at Nucleus =  1.1769309453E+02
           GradRho = -8.3941274071E-13 -2.4970421564E-11 -1.2742260198E-10
           HessRho_EigVals = -1.4502706478E+05 -1.4502587645E+05 -1.4502567410E+05
           HessRho_EigVec1 =  5.1499058632E-01  7.9360995893E-01 -3.2398754464E-01
           HessRho_EigVec2 =  5.4509354928E-01 -1.1492340644E-02  8.3829645630E-01
           HessRho_EigVec3 =  6.6155704103E-01 -6.0831830417E-01 -4.3851011651E-01
           DelSqRho = -4.3507861533E+05
           Bond Ellipticity = NA
           V = -1.0877984564E+05
           G =  5.0959028382E+00
           K =  1.0877474974E+05
           L =  1.0876965383E+05
           Vnuc =  7.1829332307E+06
           Ven = -8.4538164005E+08
           Vrep =  8.4527286021E+08
           DelSqV =  2.4956380031E+09
           DelSqVen =  3.1251402588E+12
           DelSqVrep = -3.1226446208E+12
           DelSqG =  1.3405472216E+08
           DelSqK = -2.6296927252E+09
           Stress_EigVals = -3.6260217335E+04 -3.6260110747E+04 -3.6259517557E+04
           Stress_EigVec1 =  5.3383660317E-01 -5.9494783711E-01 -6.0087898302E-01
           Stress_EigVec2 =  6.7076718992E-01 -1.3473058660E-01  7.2932780419E-01
           Stress_EigVec3 =  5.1486877750E-01  7.9239178451E-01 -3.2714737015E-01
           -DivStress =  1.1687155384E+02  1.2592758469E+02  6.5641846516E+02
           ESP =  -1.4751973217E+01     ESP at Nucleus =  -1.4751973227E+01
           ESPe = -2.3388467413E+01     ESPe at Nucleus = -2.3388468070E+01
           ESPn =  8.6364941963E+00     ESPn at Nucleus =  8.6364948426E+00

CP# 6      Coords = -1.41761570413941E+00  2.11905528967920E+00 -5.61063897948105E-01
           Type = (3,-3) NACP H6
           Rho =  4.2818632698E-01     Rho at Nucleus =  4.2424973424E-01
           GradRho =  6.8080580670E-10 -3.3576968332E-10  8.9502863779E-11
           HessRho_EigVals = -6.5428712160E+00 -6.5327014277E+00 -5.9050816915E+00
           HessRho_EigVec1 =  4.5116296344E-01  8.9156462151E-01 -3.9553837865E-02
           HessRho_EigVec2 = -8.7053744125E-02  8.8075276058E-02  9.9230257048E-01
           HessRho_EigVec3 =  8.8818558086E-01 -4.4424685865E-01  1.1735034098E-01
           DelSqRho = -1.8980654335E+01
           Bond Ellipticity = NA
           V = -4.7535185970E+00
           G =  4.1775065775E-03
           K =  4.7493410904E+00
           L =  4.7451635838E+00
           Vnuc =  4.0034685377E+01
           Ven = -1.7142304883E+01
           Vrep =  1.2388786286E+01
           DelSqV =  7.1391966789E+02
           DelSqVen =  7.5988452573E+02
           DelSqVrep = -4.5964857835E+01
           DelSqG =  7.0473810465E+01
           DelSqK = -7.8439347836E+02
           Stress_EigVals = -1.6384704354E+00 -1.6365792693E+00 -1.4784688922E+00
           Stress_EigVec1 =  4.5182740728E-01  8.9121540694E-01 -3.9838329072E-02
           Stress_EigVec2 = -8.6891651464E-02  8.8408582822E-02  9.9228713757E-01
           Stress_EigVec3 =  8.8786363533E-01 -4.4488090644E-01  1.1738459928E-01
           -DivStress = -7.3020016311E+00  3.5888667296E+00 -9.5875935605E-01
           ESP =  -1.0874908406E+00     ESP at Nucleus =  -1.0901448538E+00
           ESPe = -1.3348705498E+01     ESPe at Nucleus = -1.3267410369E+01
           ESPn =  1.2261214658E+01     ESPn at Nucleus =  1.2177265515E+01

CP# 7      Coords =  2.64504677826706E+00  4.58483929584268E+00 -4.24956158939973E-01
           Type = (3,-3) NACP H7
           Rho =  4.2491818528E-01     Rho at Nucleus =  4.2113667091E-01
           GradRho =  8.3350752515E-16  1.5930894028E-15  1.5421759464E-16
           HessRho_EigVals = -6.4835754618E+00 -6.4776446526E+00 -5.8732535425E+00
           HessRho_EigVec1 =  9.9611179720E-01 -4.5100493735E-03  8.7982651343E-02
           HessRho_EigVec2 = -8.7236823196E-02  8.8815524341E-02  9.9222050942E-01
           HessRho_EigVec3 =  1.2289188799E-02  9.9603788186E-01 -8.8076749191E-02
           DelSqRho = -1.8834473657E+01
           Bond Ellipticity = NA
           V = -4.7177353480E+00
           G =  4.5584669037E-03
           K =  4.7131768811E+00
           L =  4.7086184142E+00
           Vnuc =  3.9257081742E+01
           Ven = -1.6681047933E+01
           Vrep =  1.1963312585E+01
           DelSqV =  7.0901684456E+02
           DelSqVen =  7.3938647191E+02
           DelSqVrep = -3.0369627344E+01
           DelSqG =  6.9918289957E+01
           DelSqK = -7.7893513452E+02
           Stress_EigVals = -1.6240574484E+00 -1.6235678164E+00 -1.4701100832E+00
           Stress_EigVec1 =  9.9607826178E-01 -4.5355616199E-03  8.8360200791E-02
           Stress_EigVec2 = -8.7610647080E-02  8.8815822020E-02  9.9218754491E-01
           Stress_EigVec3 =  1.2347911616E-02  9.9603773947E-01 -8.8070146129E-02
           -DivStress =  9.8452948460E-02  7.9651715207E+00 -7.0434921979E-01
           ESP =  -1.0742613655E+00     ESP at Nucleus =  -1.0768454183E+00
           ESPe = -1.2084757253E+01     ESPe at Nucleus = -1.1994652344E+01
           ESPn =  1.1010495887E+01     ESPn at Nucleus =  1.0917806925E+01

CP# 8      Coords =  6.63810715046179E+00  2.09427348558109E+00  1.48973714574480E-01
           Type = (3,-3) NACP H8
           Rho =  4.3052055521E-01     Rho at Nucleus =  4.2667944611E-01
           GradRho = -3.5600825326E-10 -1.7459510747E-10 -1.5621372360E-11
           HessRho_EigVals = -6.5879922269E+00 -6.5778191120E+00 -5.9577971739E+00
           HessRho_EigVec1 = -4.3762609231E-01  8.9132442601E-01 -1.1842369241E-01
           HessRho_EigVec2 =  8.7195275807E-02 -8.9015621318E-02 -9.9220623009E-01
           HessRho_EigVec3 =  8.9491920708E-01  4.4454132177E-01  3.8763720647E-02
           DelSqRho = -1.9123608513E+01
           Bond Ellipticity = NA
           V = -4.7891559927E+00
           G =  4.1269322714E-03
           K =  4.7850290605E+00
           L =  4.7809021282E+00
           Vnuc =  3.9012187621E+01
           Ven = -1.6795548675E+01
           Vrep =  1.2006392682E+01
           DelSqV =  7.1989602085E+02
           DelSqVen =  7.4605380393E+02
           DelSqVrep = -2.6157783077E+01
           DelSqG =  7.1143745346E+01
           DelSqK = -7.9103976619E+02
           Stress_EigVals = -1.6497431938E+00 -1.6478845981E+00 -1.4915282008E+00
           Stress_EigVec1 = -4.3800315839E-01  8.9113655775E-01 -1.1844352527E-01
           Stress_EigVec2 = -8.7196027282E-02  8.9019154562E-02  9.9220584706E-01
           Stress_EigVec3 =  8.9473464562E-01  4.4491709965E-01  3.8712896746E-02
           -DivStress =  7.2891672037E+00  3.5641674382E+00  3.2079012269E-01
           ESP =  -1.0851144698E+00     ESP at Nucleus =  -1.0876988582E+00
           ESPe = -1.1868576316E+01     ESPe at Nucleus = -1.1776460098E+01
           ESPn =  1.0783461847E+01     ESPn at Nucleus =  1.0688761239E+01

CP# 9      Coords = -6.33303794317169E+00  7.53279118938604E-01  2.78567942908242E+00
           Type = (3,-3) NACP H9
           Rho =  4.2559828902E-01     Rho at Nucleus =  4.2193198585E-01
           GradRho = -9.3847650734E-12 -1.1581429175E-12 -1.7987620291E-11
           HessRho_EigVals = -6.4791621894E+00 -6.4724543384E+00 -5.8815110373E+00
           HessRho_EigVec1 = -7.2048062035E-01  6.0645903693E-01  3.3632590181E-01
           HessRho_EigVec2 =  5.1755097975E-01  7.9303860367E-01 -3.2129543485E-01
           HessRho_EigVec3 =  4.6157194354E-01  5.7421334219E-02  8.8524241387E-01
           DelSqRho = -1.8833127565E+01
           Bond Ellipticity = NA
           V = -4.7173700774E+00
           G =  4.5440930561E-03
           K =  4.7128259843E+00
           L =  4.7082818913E+00
           Vnuc =  3.8379250330E+01
           Ven = -1.6334143274E+01
           Vrep =  1.1616773197E+01
           DelSqV =  7.0919918575E+02
           DelSqVen =  7.2280131735E+02
           DelSqVrep = -1.3602131599E+01
           DelSqG =  6.9782658001E+01
           DelSqK = -7.7898184375E+02
           Stress_EigVals = -1.6230475517E+00 -1.6223343791E+00 -1.4719881465E+00
           Stress_EigVec1 = -7.1972134427E-01  6.0874193436E-01  3.3381798026E-01
           Stress_EigVec2 =  5.1970808694E-01  7.9120897662E-01 -3.2232260187E-01
           Stress_EigVec3 =  4.6033106669E-01  5.8494552402E-02  8.8581809441E-01
           -DivStress =  3.6331959706E+00  4.5030950042E-01  6.9667404809E+00
           ESP =  -1.1141653104E+00     ESP at Nucleus =  -1.1165980178E+00
           ESPe = -1.0799056426E+01     ESPe at Nucleus = -1.0737833971E+01
           ESPn =  9.6848911154E+00     ESPn at Nucleus =  9.6212359535E+00

CP# 10     Coords = -8.98112476758172E+00  1.67867308433782E+00  8.08301998977959E-01
           Type = (3,-3) NACP H10
           Rho =  4.2592801720E-01     Rho at Nucleus =  4.2227103517E-01
           GradRho =  6.5387148820E-15 -6.9156377673E-15  1.2884658618E-15
           HessRho_EigVals = -6.4846343753E+00 -6.4780205737E+00 -5.8875965169E+00
           HessRho_EigVec1 =  9.2556691114E-02  3.2420773402E-01  9.4144707984E-01
           HessRho_EigVec2 =  5.1713153119E-01  7.9233468586E-01 -3.2369850947E-01
           HessRho_EigVec3 =  8.5088673651E-01 -5.1681243289E-01  9.4322165141E-02
           DelSqRho = -1.8850251466E+01
           Bond Ellipticity = NA
           V = -4.7216507114E+00
           G =  4.5439224511E-03
           K =  4.7171067889E+00
           L =  4.7125628665E+00
           Vnuc =  3.7530224135E+01
           Ven = -1.5985173951E+01
           Vrep =  1.1263523239E+01
           DelSqV =  7.0989984139E+02
           DelSqVen =  7.0745416251E+02
           DelSqVrep =  2.4456788806E+00
           DelSqG =  6.9854269506E+01
           DelSqK = -7.7975411090E+02
           Stress_EigVals = -1.6244323981E+00 -1.6237033513E+00 -1.4735149619E+00
           Stress_EigVec1 =  9.4711963171E-02  3.2420291848E-01  9.4123435535E-01
           Stress_EigVec2 =  5.1712473216E-01  7.9188920307E-01 -3.2479763153E-01
           Stress_EigVec3 =  8.5065366361E-01 -5.1749778522E-01  9.2651966346E-02
           -DivStress = -6.6903225801E+00  4.0652833638E+00 -7.4002940515E-01
           ESP =  -1.1136607556E+00     ESP at Nucleus =  -1.1160913284E+00
           ESPe = -9.8994630574E+00     ESPe at Nucleus = -9.8263730143E+00
           ESPn =  8.7858023017E+00     ESPn at Nucleus =  8.7102816860E+00

CP# 11     Coords = -4.61061613348731E+00 -1.79887734945040E+00 -6.89722038293056E-01
           Type = (3,-3) NACP H11
           Rho =  4.2002899756E-01     Rho at Nucleus =  4.1614391441E-01
           GradRho = -2.8373780539E-11  1.6985476963E-11 -3.2979606730E-12
           HessRho_EigVals = -6.3792779266E+00 -6.3727913856E+00 -5.7649542086E+00
           HessRho_EigVec1 =  8.9488780443E-02  3.3084453080E-01  9.3943262378E-01
           HessRho_EigVec2 =  5.1325457936E-01  7.9301515481E-01 -3.2817175535E-01
           HessRho_EigVec3 =  8.5355813800E-01 -5.1153578631E-01  9.8841511410E-02
           DelSqRho = -1.8517023521E+01
           Bond Ellipticity = NA
           V = -4.6384832545E+00
           G =  4.6136871644E-03
           K =  4.6338695674E+00
           L =  4.6292558802E+00
           Vnuc =  3.8605489087E+01
           Ven = -1.6215424882E+01
           Vrep =  1.1576941627E+01
           DelSqV =  6.9603670844E+02
           DelSqVen =  7.1485874951E+02
           DelSqVrep = -1.8822041070E+01
           DelSqG =  6.8371572382E+01
           DelSqK = -7.6440828082E+02
           Stress_EigVals = -1.5980334657E+00 -1.5973200805E+00 -1.4431297083E+00
           Stress_EigVec1 =  9.3150646485E-02  3.3321707911E-01  9.3823735550E-01
           Stress_EigVec2 =  5.1318754503E-01  7.9144871118E-01 -3.3203536138E-01
           Stress_EigVec3 =  8.5320659906E-01 -5.1242103369E-01  9.7278895684E-02
           -DivStress =  6.8624908147E+00 -4.1102468530E+00  7.9599035365E-01
           ESP =  -1.1192659092E+00     ESP at Nucleus =  -1.1218638838E+00
           ESPe = -1.2098247154E+01     ESPe at Nucleus = -1.2053927359E+01
           ESPn =  1.0978981244E+01     ESPn at Nucleus =  1.0932063475E+01

CP# 12     Coords = -7.27407132479082E+00 -8.88036613283634E-01 -2.66894687772382E+00
           Type = (3,-3) NACP H12
           Rho =  4.2611929427E-01     Rho at Nucleus =  4.2247368049E-01
           GradRho =  3.3973482868E-12  4.5956229273E-13  6.4457813002E-12
           HessRho_EigVals = -6.4899953076E+00 -6.4840286183E+00 -5.8941595793E+00
           HessRho_EigVec1 = -7.1639557114E-01  6.1204743518E-01  3.3492584664E-01
           HessRho_EigVec2 =  5.1930622202E-01  7.8835616668E-01 -3.2987209980E-01
           HessRho_EigVec3 =  4.6593822920E-01  6.2389835265E-02  8.8261490755E-01
           DelSqRho = -1.8868183505E+01
           Bond Ellipticity = NA
           V = -4.7260840908E+00
           G =  4.5191072402E-03
           K =  4.7215649836E+00
           L =  4.7170458763E+00
           Vnuc =  3.8123298585E+01
           Ven = -1.6245073088E+01
           Vrep =  1.1518988998E+01
           DelSqV =  7.1066360864E+02
           DelSqVen =  7.1931739355E+02
           DelSqVrep = -8.6537849088E+00
           DelSqG =  6.9954740708E+01
           DelSqK = -7.8061834935E+02
           Stress_EigVals = -1.6258702261E+00 -1.6250501289E+00 -1.4751637358E+00
           Stress_EigVec1 = -7.2093336697E-01  6.0641108675E-01  3.3544101458E-01
           Stress_EigVec2 =  5.1431493274E-01  7.9260492292E-01 -3.2750203988E-01
           Stress_EigVec3 =  4.6447306742E-01  6.3584825452E-02  8.8330161305E-01
           -DivStress = -3.6524568531E+00 -4.9695652549E-01 -6.9361710952E+00
           ESP =  -1.1156241870E+00     ESP at Nucleus =  -1.1180480321E+00
           ESPe = -1.0435266900E+01     ESPe at Nucleus = -1.0362169797E+01
           ESPn =  9.3196427131E+00     ESPn at Nucleus =  9.2441217645E+00

CP# 13     Coords =  2.53612659578008E+00 -4.45400436997358E+00  3.75392264676456E-01
           Type = (3,-3) NACP H13
           Rho =  4.3266744285E-01     Rho at Nucleus =  4.2870970353E-01
           GradRho =  2.6063034380E-16  1.9010451714E-15  4.3336323164E-18
           HessRho_EigVals = -6.6251336482E+00 -6.6109276098E+00 -5.9754266036E+00
           HessRho_EigVec1 =  9.9609942085E-01 -4.4342639122E-03  8.8126506108E-02
           HessRho_EigVec2 = -8.7384706583E-02  8.8985259268E-02  9.9219228816E-01
           HessRho_EigVec3 =  1.2241602452E-02  9.9602307249E-01 -8.8250678370E-02
           DelSqRho = -1.9211487862E+01
           Bond Ellipticity = NA
           V = -4.8109132070E+00
           G =  4.0206207770E-03
           K =  4.8068925862E+00
           L =  4.8028719654E+00
           Vnuc =  3.9184471563E+01
           Ven = -1.6953845111E+01
           Vrep =  1.2142931904E+01
           DelSqV =  7.2276154116E+02
           DelSqVen =  7.5279199980E+02
           DelSqVrep = -3.0030458633E+01
           DelSqG =  7.1455419226E+01
           DelSqK = -7.9421696039E+02
           Stress_EigVals = -1.6587793755E+00 -1.6561691099E+00 -1.4959647215E+00
           Stress_EigVec1 =  9.9609992116E-01 -4.4058844664E-03  8.8122274443E-02
           Stress_EigVec2 = -8.7383031361E-02  8.8982391305E-02  9.9219269291E-01
           Stress_EigVec3 =  1.2212817081E-02  9.9602345465E-01 -8.8250353423E-02
           -DivStress = -9.8251337940E-02 -8.2302252064E+00  7.2941518843E-01
           ESP =  -1.0966865983E+00     ESP at Nucleus =  -1.0993277328E+00
           ESPe = -1.2419714420E+01     ESPe at Nucleus = -1.2324857888E+01
           ESPn =  1.1323027822E+01     ESPn at Nucleus =  1.1225530155E+01

CP# 14     Coords =  4.83083413745013E+00 -1.33437993787146E+00  2.97750357335301E-01
           Type = (3,-3) NACP N14
           Rho =  1.9121204312E+02     Rho at Nucleus =  1.9121201971E+02
           GradRho =  2.3581137043E-13 -1.7710055644E-11 -7.3898109854E-12
           HessRho_EigVals = -3.2176160072E+05 -3.2175992797E+05 -3.2175171950E+05
           HessRho_EigVec1 = -8.7216811390E-02  8.9118962980E-02  9.9219506058E-01
           HessRho_EigVec2 =  5.2634455584E-01  8.4973997138E-01 -3.0056439892E-02
           HessRho_EigVec3 =  8.4578640114E-01 -5.1961504162E-01  1.2101889180E-01
           DelSqRho = -9.6527324819E+05
           Bond Ellipticity = NA
           V = -2.4135151406E+05
           G =  1.6601004929E+01
           K =  2.4133491305E+05
           L =  2.4131831205E+05
           Vnuc =  5.8024929490E+05
           Ven = -1.1095065320E+08
           Vrep =  1.1070930168E+08
           DelSqV =  7.5780131508E+09
           DelSqVen =  5.6009912205E+11
           DelSqVrep = -5.5252110890E+11
           DelSqG =  4.0616222767E+08
           DelSqK = -7.9841753785E+09
           Stress_EigVals = -8.0451819503E+04 -8.0450208407E+04 -8.0449486147E+04
           Stress_EigVec1 =  8.4876854279E-01 -5.1477103332E-01  1.2084181402E-01
           Stress_EigVec2 =  5.2151456928E-01  8.5269156679E-01 -3.0653645017E-02
           Stress_EigVec3 = -8.7261187210E-02  8.9038616202E-02  9.9219837232E-01
           -DivStress =  2.4597521583E+04 -1.6296829384E+04  3.6291523985E+03
           ESP =  -1.8348823373E+01     ESP at Nucleus =  -1.8348824450E+01
           ESPe = -2.9297924902E+01     ESPe at Nucleus = -2.9297902818E+01
           ESPn =  1.0949101528E+01     ESPn at Nucleus =  1.0949078368E+01

CP# 15     Coords =  2.56157982536962E+00 -2.44119097940625E+00  1.97112851126342E-01
           Type = (3,-3) NACP C15
           Rho =  1.1763132427E+02     Rho at Nucleus =  1.1763132392E+02
           GradRho = -3.4959020054E-11  2.3186867458E-09 -2.0948065721E-10
           HessRho_EigVals = -1.4491685702E+05 -1.4491584408E+05 -1.4491518965E+05
           HessRho_EigVec1 = -8.7518028358E-02  8.8985561150E-02  9.9218051010E-01
           HessRho_EigVec2 =  9.9595816356E-01 -1.2377815968E-02  8.8961374270E-02
           HessRho_EigVec3 =  2.0197305571E-02  9.9595600283E-01 -8.7542614018E-02
           DelSqRho = -4.3474789076E+05
           Bond Ellipticity = NA
           V = -1.0869712939E+05
           G =  5.0783491096E+00
           K =  1.0869205104E+05
           L =  1.0868697269E+05
           Vnuc =  2.7398412589E+06
           Ven = -3.2229115557E+08
           Vrep =  3.2218245844E+08
           DelSqV =  2.4937109766E+09
           DelSqVen =  1.1911402701E+12
           DelSqVrep = -1.1886465591E+12
           DelSqG =  1.3391869114E+08
           DelSqK = -2.6276296677E+09
           Stress_EigVals = -3.6232685009E+04 -3.6232499906E+04 -3.6231944473E+04
           Stress_EigVec1 =  2.4146645254E-02  9.9589863121E-01 -8.7194356911E-02
           Stress_EigVec2 =  9.9587269426E-01 -1.6329237663E-02  8.9280080785E-02
           Stress_EigVec3 = -8.7490092871E-02  8.8990293580E-02  9.9218254938E-01
           -DivStress =  2.7839842311E+01 -1.7740671853E+03  1.6177334848E+02
           ESP =  -1.4667178582E+01     ESP at Nucleus =  -1.4667178593E+01
           ESPe = -2.6809050434E+01     ESPe at Nucleus = -2.6809046873E+01
           ESPn =  1.2141871852E+01     ESPn at Nucleus =  1.2141868280E+01

CP# 16     Coords =  3.19746363788060E-01 -1.31255361269073E+00 -1.01590368942526E-01
           Type = (3,-3) NACP N16
           Rho =  1.9120291664E+02     Rho at Nucleus =  1.9120289396E+02
           GradRho = -1.7750245718E-12 -1.8153589743E-11 -4.7783998980E-13
           HessRho_EigVals = -3.2174937342E+05 -3.2174777104E+05 -3.2173969201E+05
           HessRho_EigVec1 = -8.7800793175E-02  8.9093410381E-02  9.9214584863E-01
           HessRho_EigVec2 = -5.0565213892E-01  8.5414633968E-01 -1.2144935082E-01
           HessRho_EigVec3 =  8.5825808189E-01  5.1234401981E-01  2.9944452589E-02
           DelSqRho = -9.6523683646E+05
           Bond Ellipticity = NA
           V = -2.4134247232E+05
           G =  1.6631601775E+01
           K =  2.4132584072E+05
           L =  2.4130920912E+05
           Vnuc =  5.8958033959E+05
           Ven = -1.1272948052E+08
           Vrep =  1.1248813805E+08
           DelSqV =  7.5777348558E+09
           DelSqVen =  5.6908466240E+11
           DelSqVrep = -5.6150692754E+11
           DelSqG =  4.0615146722E+08
           DelSqK = -7.9838863230E+09
           Stress_EigVals = -8.0448786580E+04 -8.0447197369E+04 -8.0446488371E+04
           Stress_EigVec1 =  8.6141074650E-01  5.0697687328E-01  3.0756719151E-02
           Stress_EigVec2 = -5.0026977881E-01  8.5736076425E-01 -1.2108950545E-01
           Stress_EigVec3 = -8.7759183096E-02  8.8921144195E-02  9.9216498421E-01
           -DivStress = -2.4656781212E+04 -1.5746013571E+04 -7.6639259866E+02
           ESP =  -1.8347006597E+01     ESP at Nucleus =  -1.8347007624E+01
           ESPe = -3.0145287810E+01     ESPe at Nucleus = -3.0145270077E+01
           ESPn =  1.1798281212E+01     ESPn at Nucleus =  1.1798262453E+01

