AIMSum (Version 19.02.13, Professional)
Copyright (c) 1997-2019 by Todd A. Keith
AIMSum is a component of the AIMAll package ( http://aim.tkgristmill.com )

TP:  64-bit Linux

Much of the Quantum Theory of Atoms in Molecules (QTAIM) is described in the book:
  "Atoms in Molecules - A Quantum Theory"
  R.F.W. Bader, Oxford University Press, Oxford, 1990

For additional references see:  http://aim.tkgristmill.com/references.html

Wfn File:  /home/mhennefarth/Documents/ML_Diels/summary-N-hayden2009/34-opt/34-opt.wfn
Sum File:  /home/mhennefarth/Documents/ML_Diels/summary-N-hayden2009/34-opt/34-opt.sum

SumViz File:  /home/mhennefarth/Documents/ML_Diels/summary-N-hayden2009/34-opt/34-opt.sumviz

Wfn Title:   Title Card Required                                                           
 
Total memory allocated for AIMSum =        0.805 Megabytes

Atomic units (a.u.) used throughout, except where stated otherwise

Model:  Restricted SCF
 
Restricted, closed-shell, single-determinant wavefunction.
  Number of electrons (from MO Occs)                   =          58.0000000000
  Number of Alpha electrons (from MO Occs)             =          29.0000000000
  Number of Beta electrons (from MO Occs)              =          29.0000000000
  Number of electron pairs (N*(N-1)/2)                 =        1653.0000000000
  Number of electron pairs (from Muller 2EDM)          =        1653.0000000000
 
Nuclear Charges and Cartesian Coordinates:
-------------------------------------------------------------------------------
Atom      Charge                X                  Y                  Z
-------------------------------------------------------------------------------
C1         6.0          -1.9866023600E+00  -2.1619196200E+00   1.2847383100E+00
C2         6.0          -2.0234586600E+00  -2.1126874700E+00  -1.3543555600E+00
C3         6.0          -2.0117842300E+00   2.1670748300E+00  -1.2746074200E+00
C4         6.0          -1.9748335400E+00   2.1179133700E+00   1.3644887500E+00
C5         6.0           5.2649901900E+00   1.2510022000E+00  -1.9700090000E-02
C6         6.0           5.2421224500E+00  -1.2646800300E+00  -7.3188800000E-03
H7         1.0          -1.9795820800E+00  -3.9471131800E+00   2.3065205200E+00
H8         1.0          -2.0452525800E+00  -3.8584123300E+00  -2.4419591100E+00
H9         1.0          -2.0239701500E+00   3.9522381900E+00  -2.2963387800E+00
H10        1.0          -1.9578076800E+00   3.8637088000E+00   2.4521014400E+00
H11        1.0           5.3819761500E+00   2.3249211300E+00  -1.7677635800E+00
H12        1.0           5.1704790100E+00   2.3431003800E+00   1.7183624400E+00
H13        1.0           5.3397101000E+00  -2.3575211500E+00  -1.7448322700E+00
H14        1.0           5.1278911800E+00  -2.3378159800E+00   1.7412930100E+00
N15        7.0          -1.9680496000E+00  -4.7063730000E-02   2.6686441500E+00
N16        7.0          -2.0428142700E+00   5.2302940000E-02  -2.6581947600E+00
 
Some Atomic Properties:
----------------------
  q(A) = Net Charge of Atom A
  L(A) = Lagrangian of Atom A = -(1/4) Times Atomic Integral of the Laplacian of the Electron Density
  K(A) = Electronic Kinetic Energy of Atom A (Hamiltonian Form)
  K_Scaled(A) = K(A) * E(Mol)/K(Mol) = Approximation to Virial-Based Total Energy of Atom A.
  |Mu_Intra(A)| = Magnitude of Intraatomic Dipole Moment of Atom A
--------------------------------------------------------------------------------------------------
Atom A          q(A)              L(A)              K(A)          K_Scaled(A)      |Mu_Intra(A)|
--------------------------------------------------------------------------------------------------
C1        5.4758462230E-01  5.2414536555E-05  3.7392226063E+01 -3.7757582513E+01  6.8634770686E-01
C2        5.4809129770E-01 -2.4258712059E-05  3.7391939408E+01 -3.7757293057E+01  6.8615628241E-01
C3        5.4829738530E-01  7.3896479295E-05  3.7391909310E+01 -3.7757262664E+01  6.8634796919E-01
C4        5.4747885530E-01 -1.7828168204E-04  3.7392108581E+01 -3.7757463882E+01  6.8603688619E-01
C5       -7.9348889400E-02 -7.2921677403E-05  3.7692935181E+01 -3.8061229835E+01  9.1154026185E-02
C6       -7.9046906700E-02  1.5027463598E-04  3.7692996435E+01 -3.8061291688E+01  9.1515103329E-02
H7        5.9173015810E-02  1.9931805073E-05  5.9408720939E-01 -5.9989198799E-01  1.4800223703E-01
H8        5.9353768630E-02  2.3006511272E-05  5.9402216672E-01 -5.9982630979E-01  1.4797490493E-01
H9        5.9361213510E-02  1.8565751483E-05  5.9402094137E-01 -5.9982507246E-01  1.4797296962E-01
H10       5.9196289780E-02  2.1448354516E-05  5.9407728024E-01 -5.9988196182E-01  1.4800184444E-01
H11       4.0040818170E-02  2.1260781937E-05  5.9571086595E-01 -6.0153150916E-01  1.4716522784E-01
H12       4.0098343270E-02  2.0574536904E-05  5.9570920712E-01 -6.0152983413E-01  1.4706700546E-01
H13       3.9856511710E-02  2.1006512391E-05  5.9578177433E-01 -6.0160311038E-01  1.4720143017E-01
H14       4.0404016860E-02  2.0776045446E-05  5.9560255752E-01 -6.0142214246E-01  1.4697589296E-01
N15      -1.2154308248E+00  1.3976379129E-05  5.4936887208E+01 -5.5473671138E+01  6.0042446022E-02
N16      -1.2149703864E+00 -6.5843031161E-05  5.4936929169E+01 -5.5473713509E+01  6.0578517921E-02
--------------------------------------------------------------------------------------------------
Total     1.3913104000E-04  1.1582722732E-04  3.3958694336E+02 -3.4290502021E+02
 
1st Largest |L(A)| = 1.7828168204E-04, atom C4      
2nd Largest |L(A)| = 1.5027463598E-04, atom C6      
 
Molecular charge q(Mol) from the wfn file:   0.0000000000E+00
Molecular energy E(Mol) from the wfn file:  -3.4290499322E+02
Molecular virial ratio (-V(Mol)/T(Mol)) from the wfn file:   2.0097709200E+00
Note.  K_Scaled(A) = (1+V(Mol)/T(Mol))*K(A) = (E(Mol)/T(Mol))*K(A)
       Only use K_Scaled(A) data with caution.
 
N_AIMInt(SumA)     =         57.999861
N_Analytic(Mol)    =         57.999993
 
G_AIMInt(SumA)     =        339.586828
G_Analytic(Mol)    =        339.586898
 
K_AIMInt(SumA)     =        339.586943
K_Analytic(Mol)    =        339.586898
 
L_AIMInt(SumA)     =          0.000116
L_Analytic(Mol)    =          0.000000
 
VenT_AIMInt(SumA)  =      -1448.035372
VenT_Analytic(Mol) =      -1448.035357
 
Some Information About the Atomic Calculations:
----------------------------------------------
  Time(sec) = "Elapsed User Time", in Seconds, for Atom A by AIMInt and, if used, by TWOe
  NProc = Number of Processors Used for AIMInt Job
  BIM = Basin Integration Method
  OAQ = Angular Quadrature Outside of Beta Sphere
  ORQ = Multiple of Default for Radial Quadrature Outside of Beta Sphere
  IAQ = Multiple of Default for Angular Quadrature Inside of Beta Sphere
  IRQ = Multiple of Default for Radial Quadrature Inside of Beta Sphere
  MIR = Maximum Integration Radius
------------------------------------------------------------------------------------------------------
Atom A     Time(sec)   NProc      BIM          OAQ                     ORQ      IAQ      IRQ      MIR
------------------------------------------------------------------------------------------------------
C1            126        8     Proaim(5)    4500(GS4)                  1.00     1.00     1.00    13.00
C2             29        8     Proaim(5)    4500(GS4)                  1.00     1.00     1.00    13.00
C3            121        8     Proaim(5)    4500(GS4)                  1.00     1.00     1.00    13.00
C4            190        8     Proaim(5)    4500(GS4)                  1.00     1.00     1.00    13.00
C5             84        8     Proaim(5)    4500(GS4)                  1.00     1.00     1.00    13.00
C6            111        8     Proaim(5)    4500(GS4)                  1.00     1.00     1.00    13.00
H7              5        8     Proaim(5)    1800(GS4)                  1.00     1.00     1.00    13.00
H8              5        8     Proaim(5)    1800(GS4)                  1.00     1.00     1.00    13.00
H9              5        8     Proaim(5)    1800(GS4)                  1.00     1.00     1.00    13.00
H10             6        8     Proaim(5)    1800(GS4)                  1.00     1.00     1.00    13.00
H11             5        8     Proaim(5)    1800(GS4)                  1.00     1.00     1.00    13.00
H12             6        8     Proaim(5)    1800(GS4)                  1.00     1.00     1.00    13.00
H13             5        8     Proaim(5)    1800(GS4)                  1.00     1.00     1.00    13.00
H14             6        8     Proaim(5)    1800(GS4)                  1.00     1.00     1.00    13.00
N15            18        8     Proaim(5)    4500(GS4)                  1.00     1.00     1.00    13.00
N16            18        8     Proaim(5)    4500(GS4)                  1.00     1.00     1.00    13.00
------------------------------------------------------------------------------------------------------
Total         740
Note:  Total wall clock time is less than total of atomic times if more than one atom
       was calculated at a time
 
Electron Density Critical Point Analysis of Molecular Structure:               
---------------------------------------------------------------                
  NACP = Nuclear Attractor Critical Point                                      
  NNACP = Non-Nuclear Attractor Critical Point                                 
  BCP = Bond Critical Point                                                    
  RCP = Ring Critical Point                                                    
  CCP = Cage Critical Point                                                    
  Rho = Electron Density                                                       
  GradRho = Gradient of Electron Density                                       
  HessRho_EigVals = Eigenvalues of the Hessian of Rho, Ascending Order         
  HessRho_EigVecs = Eigenvectors of the Hessian of Rho                         
  DelSqRho = Laplacian of Rho = Trace of Hessian of Rho                        
  Bond Ellipticity = (HessRho_EigVal(1) / HessRho_EigVal(2)) - 1               
  V = Virial Field = Potential Energy Density = Trace of Stress Tensor         
  G = Lagrangian Form of Kinetic Energy Density                                
  K = Hamiltonian Form of Kinetic Energy Density                               
  L = K - G = Lagrangian Density = (-1/4)DelSqRho                              
  Vnuc = Electrostatic Potential from Nuclei                                   
  Ven = Electron-nuclear attractive contribution to Virial Field V             
  Vrep = V - Ven = Repulsive contribution to Virial Field V                    
  DelSqV = Laplacian of V                                                      
  DelSqVen = Laplacian of Ven                                                  
  DelSqVrep = Laplacian of Vrep                                                
  DelSqG = Laplacian of G                                                      
  DelSqK = Laplacian of K                                                      
  Stress_EigVals = Eigenvalues of Stress Tensor, Ascending Order               
  Stress_EigVecs = Eigenvectors of Stress Tensor                               
  -DivStress = Ehrenfest Force Density = Minus Divergence of Stress Tensor     
  ESP = Total Electrostatic Potential                                          
  ESPe = Electrostatic Potential from Electrons                                
  ESPn = Electrostatic Potential from Nuclei                                   
  BP = Bond Path                                                               
  BPL = Bond Path Length                                                       
  GBL = Geometric Bond Length                                                  
  GBL_I = Distance Between Nuclear Attractors                                  
  GBL_II = Distance Between Nuclei                                             
  GBL_III = Sum of Distances Between BCP and Nuclear Attractors                
  GBL_IV = Sum of Distances Between BCP and Nuclei                             

CP# 1      Coords = -1.98660231216051E+00 -2.16191767031910E+00  1.28473960324749E+00
           Type = (3,-3) NACP C1
           Rho =  1.1764731464E+02     Rho at Nucleus =  1.1764731424E+02
           GradRho =  6.9116794739E-11  2.3197374778E-09  1.5716177387E-09
           HessRho_EigVals = -1.4495063528E+05 -1.4494967778E+05 -1.4494922002E+05
           HessRho_EigVec1 =  9.9994405225E-01 -4.5950958827E-03 -9.5277207327E-03
           HessRho_EigVec2 =  9.0574153736E-03  8.3720714654E-01  5.4681089694E-01
           HessRho_EigVec3 =  5.4640273865E-03 -5.4686660062E-01  8.3720192638E-01
           DelSqRho = -4.3484953308E+05
           Bond Ellipticity = NA
           V = -1.0872267909E+05
           G =  5.1479101065E+00
           K =  1.0871753118E+05
           L =  1.0871238327E+05
           Vnuc =  2.5640133878E+06
           Ven = -3.0164928977E+08
           Vrep =  3.0154056709E+08
           DelSqV =  2.4943087820E+09
           DelSqVen =  1.1149600256E+12
           DelSqVrep = -1.1124657137E+12
           DelSqG =  1.3396424391E+08
           DelSqK = -2.6282730259E+09
           Stress_EigVals = -3.6241160170E+04 -3.6241027541E+04 -3.6240491380E+04
           Stress_EigVec1 =  6.9740250097E-03 -6.1447532255E-01  7.8890521671E-01
           Stress_EigVec2 =  9.1854713076E-03  7.8893048320E-01  6.1441380176E-01
           Stress_EigVec3 =  9.9993349283E-01 -2.9615290127E-03 -1.1146266365E-02
           -DivStress = -3.9931330331E+01 -1.5886630995E+03 -1.0513242196E+03
           ESP =  -1.4693442776E+01     ESP at Nucleus =  -1.4693442797E+01
           ESPe = -2.6956522368E+01     ESPe at Nucleus = -2.6956520285E+01
           ESPn =  1.2263079592E+01     ESPn at Nucleus =  1.2263077488E+01

CP# 2      Coords = -2.02345864773288E+00 -2.11268547228983E+00 -1.35435677443518E+00
           Type = (3,-3) NACP C2
           Rho =  1.1764716256E+02     Rho at Nucleus =  1.1764716216E+02
           GradRho = -1.2088846092E-13  2.3697057576E-09 -1.4655823898E-09
           HessRho_EigVals = -1.4495037300E+05 -1.4494941348E+05 -1.4494895596E+05
           HessRho_EigVec1 =  9.9982468250E-01 -4.3798200986E-03 -1.8204983927E-02
           HessRho_EigVec2 = -5.6557038840E-03  8.5620657834E-01 -5.1660265991E-01
           HessRho_EigVec3 =  1.7849853710E-02  5.1661505242E-01  8.5603169938E-01
           DelSqRho = -4.3484874243E+05
           Bond Ellipticity = NA
           V = -1.0872248140E+05
           G =  5.1478968961E+00
           K =  1.0871733351E+05
           L =  1.0871218561E+05
           Vnuc =  2.5664009108E+06
           Ven = -3.0192978513E+08
           Vrep =  3.0182106265E+08
           DelSqV =  2.4943041732E+09
           DelSqVen =  1.1159962419E+12
           DelSqVrep = -1.1135019316E+12
           DelSqG =  1.3396392689E+08
           DelSqK = -2.6282681001E+09
           Stress_EigVals = -3.6241094450E+04 -3.6240961795E+04 -3.6240425157E+04
           Stress_EigVec1 =  1.5106714870E-02  5.8600354347E-01  8.1016765809E-01
           Stress_EigVec2 = -7.6099087310E-03  8.1030403494E-01 -5.8596028896E-01
           Stress_EigVec3 =  9.9985692799E-01 -2.6866330755E-03 -1.6700465496E-02
           -DivStress = -1.1072461637E+01 -1.6277053711E+03  9.8715654649E+02
           ESP =  -1.4693477910E+01     ESP at Nucleus =  -1.4693477931E+01
           ESPe = -2.6947591590E+01     ESPe at Nucleus = -2.6947589510E+01
           ESPn =  1.2254113680E+01     ESPn at Nucleus =  1.2254111579E+01

CP# 3      Coords = -2.01178422838928E+00  2.16707287844150E+00 -1.27460870794991E+00
           Type = (3,-3) NACP C3
           Rho =  1.1764717198E+02     Rho at Nucleus =  1.1764717158E+02
           GradRho =  2.4031183564E-11 -2.3337120691E-09 -1.5486179266E-09
           HessRho_EigVals = -1.4495037605E+05 -1.4494941629E+05 -1.4494895848E+05
           HessRho_EigVec1 =  9.9983147213E-01 -4.8540768347E-04 -1.8351885724E-02
           HessRho_EigVec2 =  1.0469889978E-02  8.3622050867E-01  5.4829339070E-01
           HessRho_EigVec3 =  1.5080077391E-02 -5.4839313021E-01  8.3608466437E-01
           DelSqRho = -4.3484875082E+05
           Bond Ellipticity = NA
           V = -1.0872248346E+05
           G =  5.1478790363E+00
           K =  1.0871733558E+05
           L =  1.0871218770E+05
           Vnuc =  2.5660373564E+06
           Ven = -3.0188703817E+08
           Vrep =  3.0177831568E+08
           DelSqV =  2.4943042216E+09
           DelSqVen =  1.1158381281E+12
           DelSqVrep = -1.1133438290E+12
           DelSqG =  1.3396392017E+08
           DelSqK = -2.6282681418E+09
           Stress_EigVals = -3.6241095180E+04 -3.6240962509E+04 -3.6240425774E+04
           Stress_EigVec1 =  1.1913762203E-02 -6.1593968683E-01  7.8770322105E-01
           Stress_EigVec2 =  1.2069741051E-02  7.8779032158E-01  6.1582524354E-01
           Stress_EigVec3 =  9.9985618147E-01 -2.1705783928E-03 -1.6819779080E-02
           -DivStress = -2.4093093358E+00  1.5901928217E+03  1.0470554750E+03
           ESP =  -1.4693483326E+01     ESP at Nucleus =  -1.4693483347E+01
           ESPe = -2.6948580100E+01     ESPe at Nucleus = -2.6948578020E+01
           ESPn =  1.2255096774E+01     ESPn at Nucleus =  1.2255094673E+01

CP# 4      Coords = -1.97483350395835E+00  2.11791137257635E+00  1.36448997010989E+00
           Type = (3,-3) NACP C4
           Rho =  1.1764723417E+02     Rho at Nucleus =  1.1764723378E+02
           GradRho =  2.4701336679E-11 -2.4222297475E-09  1.4746132978E-09
           HessRho_EigVals = -1.4495051321E+05 -1.4494955571E+05 -1.4494909793E+05
           HessRho_EigVec1 =  9.9995506302E-01 -6.0782468782E-04 -9.4605756892E-03
           HessRho_EigVec2 = -4.3533595405E-03  8.5705789570E-01 -5.1520171940E-01
           HessRho_EigVec3 =  8.4214134166E-03  5.1521975308E-01  8.5701673603E-01
           DelSqRho = -4.3484916686E+05
           Bond Ellipticity = NA
           V = -1.0872258758E+05
           G =  5.1479348849E+00
           K =  1.0871743965E+05
           L =  1.0871229171E+05
           Vnuc =  2.5631627958E+06
           Ven = -3.0154901366E+08
           Vrep =  3.0144029107E+08
           DelSqV =  2.4943066591E+09
           DelSqVen =  1.1145891922E+12
           DelSqVrep = -1.1120948876E+12
           DelSqG =  1.3396410973E+08
           DelSqK = -2.6282707689E+09
           Stress_EigVals = -3.6241129704E+04 -3.6240997006E+04 -3.6240460875E+04
           Stress_EigVec1 =  1.0347308799E-02  5.8460991142E-01  8.1124853447E-01
           Stress_EigVec2 = -4.7623691290E-03  8.1131157701E-01 -5.8459459872E-01
           Stress_EigVec3 =  9.9993512442E-01 -2.1855158584E-03 -1.1179019614E-02
           -DivStress = -3.0339554756E+01  1.6274713433E+03 -9.9172599662E+02
           ESP =  -1.4693457704E+01     ESP at Nucleus =  -1.4693457725E+01
           ESPe = -2.6956700778E+01     ESPe at Nucleus = -2.6956698695E+01
           ESPn =  1.2263243074E+01     ESPn at Nucleus =  1.2263240970E+01

CP# 5      Coords =  5.26499017695193E+00  1.25100320539701E+00 -1.97000984674527E-02
           Type = (3,-3) NACP C5
           Rho =  1.1767731932E+02     Rho at Nucleus =  1.1767731925E+02
           GradRho = -2.6871877417E-11  2.4475693901E-10 -2.0302980869E-12
           HessRho_EigVals = -1.4500366444E+05 -1.4500263365E+05 -1.4500243106E+05
           HessRho_EigVec1 =  9.9812141263E-01 -1.0864459772E-02  6.0296012825E-02
           HessRho_EigVec2 = -6.0244928225E-02  4.9697639944E-03  9.9817125288E-01
           HessRho_EigVec3 =  1.1144248376E-02  9.9992862993E-01 -4.3058992593E-03
           DelSqRho = -4.3500872916E+05
           Bond Ellipticity = NA
           V = -1.0876236968E+05
           G =  5.0936947797E+00
           K =  1.0875727599E+05
           L =  1.0875218229E+05
           Vnuc =  5.9670868632E+06
           Ven = -7.0219078622E+08
           Vrep =  7.0208202385E+08
           DelSqV =  2.4952346231E+09
           DelSqVen =  2.5957352079E+12
           DelSqVrep = -2.5932397112E+12
           DelSqG =  1.3402939139E+08
           DelSqK = -2.6292640144E+09
           Stress_EigVals = -3.6254386172E+04 -3.6254266282E+04 -3.6253717226E+04
           Stress_EigVec1 =  1.0345222565E-02  9.9993555331E-01 -4.6760654729E-03
           Stress_EigVec2 = -6.0427297162E-02  5.2929297657E-03  9.9815856789E-01
           Stress_EigVec3 =  9.9811898996E-01 -1.0043610542E-02  6.0478159360E-02
           -DivStress =  1.0591347984E+01 -8.1647258705E+02  6.8702289589E+00
           ESP =  -1.4744799783E+01     ESP at Nucleus =  -1.4744799798E+01
           ESPe = -2.3943137908E+01     ESPe at Nucleus = -2.3943138819E+01
           ESPn =  9.1983381246E+00     ESPn at Nucleus =  9.1983390208E+00

CP# 6      Coords =  5.24212241905520E+00 -1.26468103382560E+00 -7.31888461628277E-03
           Type = (3,-3) NACP C6
           Rho =  1.1767737473E+02     Rho at Nucleus =  1.1767737465E+02
           GradRho =  1.1264641197E-11 -2.3634310791E-10 -1.0100201794E-12
           HessRho_EigVals = -1.4500373474E+05 -1.4500270322E+05 -1.4500250091E+05
           HessRho_EigVec1 =  9.9813375253E-01 -6.6219734024E-03  6.0705531346E-02
           HessRho_EigVec2 = -6.0636319217E-02  1.0195011133E-02  9.9810785917E-01
           HessRho_EigVec3 =  7.2283372641E-03  9.9992610288E-01 -9.7744526266E-03
           DelSqRho = -4.3500893887E+05
           Bond Ellipticity = NA
           V = -1.0876242221E+05
           G =  5.0937470694E+00
           K =  1.0875732847E+05
           L =  1.0875223472E+05
           Vnuc =  5.9742419690E+06
           Ven = -7.0303311089E+08
           Vrep =  7.0292434846E+08
           DelSqV =  2.4952358150E+09
           DelSqVen =  2.5988484301E+12
           DelSqVrep = -2.5963531943E+12
           DelSqG =  1.3402945758E+08
           DelSqK = -2.6292652726E+09
           Stress_EigVals = -3.6254403683E+04 -3.6254283897E+04 -3.6253734633E+04
           Stress_EigVec1 =  7.9005887513E-03  9.9994166730E-01 -7.3649639649E-03
           Stress_EigVec2 = -6.0626854762E-02  7.8306345200E-03  9.9812978397E-01
           Stress_EigVec3 =  9.9812923270E-01 -7.4392983429E-03  6.0685184857E-02
           -DivStress =  2.5134327345E+01  8.1519912354E+02  3.7409432377E+00
           ESP =  -1.4744809962E+01     ESP at Nucleus =  -1.4744809977E+01
           ESPe = -2.3955251861E+01     ESPe at Nucleus = -2.3955252762E+01
           ESPn =  9.2104418987E+00     ESPn at Nucleus =  9.2104427849E+00

CP# 7      Coords = -1.97971362562858E+00 -3.91666652264359E+00  2.28869186792376E+00
           Type = (3,-3) NACP H7
           Rho =  4.2977324421E-01     Rho at Nucleus =  4.2596854562E-01
           GradRho = -7.4304576164E-15  1.6193530891E-12 -9.4737065415E-13
           HessRho_EigVals = -6.5753610291E+00 -6.5652061678E+00 -5.9502824559E+00
           HessRho_EigVec1 =  1.1440269133E-02  5.0055318194E-01  8.6563019373E-01
           HessRho_EigVec2 =  9.9992805551E-01 -2.6048312916E-03 -1.1708913981E-02
           HessRho_EigVec3 = -3.6061135346E-03  8.6570186953E-01 -5.0054696987E-01
           DelSqRho = -1.9090849653E+01
           Bond Ellipticity = NA
           V = -4.7812999828E+00
           G =  4.2937848010E-03
           K =  4.7770061980E+00
           L =  4.7727124132E+00
           Vnuc =  3.9828634799E+01
           Ven = -1.7117281590E+01
           Vrep =  1.2335981607E+01
           DelSqV =  7.1883302548E+02
           DelSqVen =  7.6036247883E+02
           DelSqVrep = -4.1529453342E+01
           DelSqG =  7.1028060619E+01
           DelSqK = -7.8986108610E+02
           Stress_EigVals = -1.6465306704E+00 -1.6450661593E+00 -1.4897031531E+00
           Stress_EigVec1 =  9.7306995510E-03  4.9958055995E-01  8.6621277848E-01
           Stress_EigVec2 =  9.9994617497E-01 -1.7427277728E-03 -1.0227906006E-02
           Stress_EigVec3 = -3.6000899432E-03  8.6626567924E-01 -4.9957062797E-01
           -DivStress =  3.0108077576E-02 -6.9677933591E+00  4.0798654716E+00
           ESP =  -1.0901791875E+00     ESP at Nucleus =  -1.0927494692E+00
           ESPe = -1.2576404790E+01     ESPe at Nucleus = -1.2483615422E+01
           ESPn =  1.1486225602E+01     ESPn at Nucleus =  1.1390865953E+01

CP# 8      Coords = -2.04488380002913E+00 -3.82865064824255E+00 -2.42300218675114E+00
           Type = (3,-3) NACP H8
           Rho =  4.2976296648E-01     Rho at Nucleus =  4.2595723946E-01
           GradRho =  1.4070233693E-15  1.5848433677E-14  8.4775936271E-15
           HessRho_EigVals = -6.5752011633E+00 -6.5650517694E+00 -5.9500159521E+00
           HessRho_EigVec1 =  1.2556005531E-02 -5.3262013843E-01  8.4626126867E-01
           HessRho_EigVec2 =  9.9986652910E-01 -2.1598435311E-03 -1.6194414583E-02
           HessRho_EigVec3 =  1.0453263264E-02  8.4635165458E-01  5.3252193014E-01
           DelSqRho = -1.9090268885E+01
           Bond Ellipticity = NA
           V = -4.7811514515E+00
           G =  4.2921151320E-03
           K =  4.7768593363E+00
           L =  4.7725672212E+00
           Vnuc =  3.9812209564E+01
           Ven = -1.7109813285E+01
           Vrep =  1.2328661833E+01
           DelSqV =  7.1880637464E+02
           DelSqVen =  7.6002578548E+02
           DelSqVrep = -4.1219410848E+01
           DelSqG =  7.1025387306E+01
           DelSqK = -7.8983176194E+02
           Stress_EigVals = -1.6464901347E+00 -1.6450255848E+00 -1.4896357320E+00
           Stress_EigVec1 =  1.4312631324E-02 -5.3167219046E-01  8.4682928060E-01
           Stress_EigVec2 =  9.9984317470E-01 -1.2238267757E-03 -1.7667151746E-02
           Stress_EigVec3 =  1.0429505616E-02  8.4694933977E-01  5.3157129462E-01
           -DivStress = -8.4384171165E-02 -6.8108414421E+00 -4.3379519192E+00
           ESP =  -1.0902667041E+00     ESP at Nucleus =  -1.0928376914E+00
           ESPe = -1.2564409555E+01     ESPe at Nucleus = -1.2471584606E+01
           ESPn =  1.1474142851E+01     ESPn at Nucleus =  1.1378746915E+01

CP# 9      Coords = -2.02376563084799E+00  3.92178768755200E+00 -2.27850543439925E+00
           Type = (3,-3) NACP H9
           Rho =  4.2976625670E-01     Rho at Nucleus =  4.2596036947E-01
           GradRho =  1.0332528019E-14 -1.6775096937E-12  9.7913517572E-13
           HessRho_EigVals = -6.5752555684E+00 -6.5651076188E+00 -5.9500478086E+00
           HessRho_EigVec1 =  1.5373508451E-02  5.0059527945E-01  8.6554492745E-01
           HessRho_EigVec2 =  9.9986508457E-01 -2.6881999597E-03 -1.6204513102E-02
           HessRho_EigVec3 = -5.7851449256E-03  8.6567727230E-01 -5.0056906848E-01
           DelSqRho = -1.9090410996E+01
           Bond Ellipticity = NA
           V = -4.7811863685E+00
           G =  4.2918097958E-03
           K =  4.7768945587E+00
           L =  4.7726027489E+00
           Vnuc =  3.9813436754E+01
           Ven = -1.7110471680E+01
           Vrep =  1.2329285312E+01
           DelSqV =  7.1881111263E+02
           DelSqVen =  7.6005487079E+02
           DelSqVrep = -4.1243758159E+01
           DelSqG =  7.1025902475E+01
           DelSqK = -7.8983701511E+02
           Stress_EigVals = -1.6465037146E+00 -1.6450389392E+00 -1.4896437148E+00
           Stress_EigVec1 =  1.7165135571E-02  4.9961537360E-01  8.6607726941E-01
           Stress_EigVec2 =  9.9983608277E-01 -3.5879051193E-03 -1.7746395034E-02
           Stress_EigVec3 = -5.7589687167E-03  8.6623992369E-01 -4.9959506491E-01
           -DivStress = -4.6794405914E-02  6.9685171496E+00 -4.0808522082E+00
           ESP =  -1.0902911806E+00     ESP at Nucleus =  -1.0928622887E+00
           ESPe = -1.2566167591E+01     ESPe at Nucleus = -1.2473349406E+01
           ESPn =  1.1475876411E+01     ESPn at Nucleus =  1.1380487118E+01

CP# 10     Coords = -1.95811039261487E+00  3.83394895871293E+00  2.43314962432891E+00
           Type = (3,-3) NACP H10
           Rho =  4.2977101614E-01     Rho at Nucleus =  4.2596623187E-01
           GradRho = -2.3806369202E-16 -1.4072944199E-14 -9.3675067703E-15
           HessRho_EigVals = -6.5753351671E+00 -6.5651812712E+00 -5.9502493115E+00
           HessRho_EigVec1 =  8.6064539444E-03 -5.3253928620E-01  8.4636152890E-01
           HessRho_EigVec2 =  9.9992708319E-01 -2.5867499154E-03 -1.1795635791E-02
           HessRho_EigVec3 =  8.4709650779E-03  8.4640133352E-01  5.3247819239E-01
           DelSqRho = -1.9090765750E+01
           Bond Ellipticity = NA
           V = -4.7812783994E+00
           G =  4.2934809990E-03
           K =  4.7769849184E+00
           L =  4.7726914374E+00
           Vnuc =  3.9828516303E+01
           Ven = -1.7117141923E+01
           Vrep =  1.2335863523E+01
           DelSqV =  7.1882958545E+02
           DelSqVen =  7.6035687489E+02
           DelSqVrep = -4.1527289443E+01
           DelSqG =  7.1027790489E+01
           DelSqK = -7.8985737594E+02
           Stress_EigVals = -1.6465240543E+00 -1.6450597952E+00 -1.4896945500E+00
           Stress_EigVec1 =  6.9146935686E-03 -5.3158086472E-01  8.4697932163E-01
           Stress_EigVec2 =  9.9994023570E-01 -3.4971394387E-03 -1.0358331661E-02
           Stress_EigVec3 =  8.4682956910E-03  8.4700032720E-01  5.3152491352E-01
           -DivStress =  6.9278530181E-02  6.8105966305E+00  4.3368909444E+00
           ESP =  -1.0901921823E+00     ESP at Nucleus =  -1.0927624648E+00
           ESPe = -1.2576686577E+01     ESPe at Nucleus = -1.2483898629E+01
           ESPn =  1.1486494395E+01     ESPn at Nucleus =  1.1391136164E+01

CP# 11     Coords =  5.37999362595981E+00  2.30673718927454E+00 -1.73800043695105E+00
           Type = (3,-3) NACP H11
           Rho =  4.2569354868E-01     Rho at Nucleus =  4.2200859863E-01
           GradRho =  1.2941134672E-15 -6.8643054324E-15  1.2855816569E-14
           HessRho_EigVals = -6.4817513980E+00 -6.4753005350E+00 -5.8820505946E+00
           HessRho_EigVec1 = -2.2579329928E-02  8.5372197533E-01  5.2023933214E-01
           HessRho_EigVec2 =  9.9813006813E-01 -1.0315807041E-02  6.0249076430E-02
           HessRho_EigVec3 = -5.6802649107E-02 -5.2062690381E-01  8.5189264939E-01
           DelSqRho = -1.8839102528E+01
           Bond Ellipticity = NA
           V = -4.7187905951E+00
           G =  4.5074816139E-03
           K =  4.7142831135E+00
           L =  4.7097756319E+00
           Vnuc =  3.8825728807E+01
           Ven = -1.6527862276E+01
           Vrep =  1.1809071681E+01
           DelSqV =  7.0936144314E+02
           DelSqVen =  7.3144188569E+02
           DelSqVrep = -2.2080442555E+01
           DelSqG =  6.9811836330E+01
           DelSqK = -7.7917327947E+02
           Stress_EigVals = -1.6237005711E+00 -1.6229880006E+00 -1.4721020234E+00
           Stress_EigVec1 = -2.5275663889E-02  8.5280679977E-01  5.2161451578E-01
           Stress_EigVec2 =  9.9806811051E-01 -8.0960529951E-03  6.1599518751E-02
           Stress_EigVec3 = -5.6755507216E-02 -5.2216378291E-01  8.5095463817E-01
           -DivStress =  4.4776449119E-01  4.1090387407E+00 -6.7228007963E+00
           ESP =  -1.1104465410E+00     ESP at Nucleus =  -1.1128947728E+00
           ESPe = -1.1311311953E+01     ESPe at Nucleus = -1.1240922859E+01
           ESPn =  1.0200865412E+01     ESPn at Nucleus =  1.0128028086E+01

CP# 12     Coords =  5.17209934990281E+00  2.32460878368313E+00  1.68876285849955E+00
           Type = (3,-3) NACP H12
           Rho =  4.2572689388E-01     Rho at Nucleus =  4.2204076462E-01
           GradRho =  3.2869042050E-15 -7.3532470171E-15 -1.1048295516E-14
           HessRho_EigVals = -6.4824240507E+00 -6.4759630467E+00 -5.8826023185E+00
           HessRho_EigVec1 =  4.1021712179E-02  8.4829255593E-01 -5.2793651008E-01
           HessRho_EigVec2 =  9.9808481921E-01 -1.0304377202E-02  6.0996012009E-02
           HessRho_EigVec3 = -4.6302405990E-02  5.2942757707E-01  8.4709062552E-01
           DelSqRho = -1.8840989416E+01
           Bond Ellipticity = NA
           V = -4.7192642462E+00
           G =  4.5084460804E-03
           K =  4.7147558001E+00
           L =  4.7102473540E+00
           Vnuc =  3.8948047353E+01
           Ven = -1.6581231222E+01
           Vrep =  1.1861966976E+01
           DelSqV =  7.0943005828E+02
           DelSqVen =  7.3381974796E+02
           DelSqVrep = -2.4389689678E+01
           DelSqG =  6.9820829342E+01
           DelSqK = -7.7925088762E+02
           Stress_EigVals = -1.6238680871E+00 -1.6231560487E+00 -1.4722401104E+00
           Stress_EigVec1 =  3.8077058517E-02  8.4737061612E-01 -5.2963494650E-01
           Stress_EigVec2 =  9.9820468098E-01 -7.7316950519E-03  5.9393903402E-02
           Stress_EigVec3 = -4.6233672624E-02  5.3094562794E-01  8.4614371574E-01
           -DivStress = -3.6607846242E-01  4.1789358946E+00  6.6865102592E+00
           ESP =  -1.1104807716E+00     ESP at Nucleus =  -1.1129287200E+00
           ESPe = -1.1436819745E+01     ESPe at Nucleus = -1.1368166725E+01
           ESPn =  1.0326338973E+01     ESPn at Nucleus =  1.0255238005E+01

CP# 13     Coords =  5.33805601438235E+00 -2.33901832374541E+00 -1.71525368246083E+00
           Type = (3,-3) NACP H13
           Rho =  4.2571744490E-01     Rho at Nucleus =  4.2203353411E-01
           GradRho = -2.7758859986E-15  5.8566051739E-15  1.0666417203E-14
           HessRho_EigVals = -6.4822237823E+00 -6.4757763469E+00 -5.8826065407E+00
           HessRho_EigVec1 =  3.8070618632E-02  8.4806243529E-01 -5.2852694714E-01
           HessRho_EigVec2 =  9.9814998566E-01 -7.1821205935E-03  6.0374028105E-02
           HessRho_EigVec3 = -4.7405001031E-02  5.2984764131E-01  8.4676693540E-01
           DelSqRho = -1.8840606670E+01
           Bond Ellipticity = NA
           V = -4.7191673172E+00
           G =  4.5078248894E-03
           K =  4.7146594924E+00
           L =  4.7101516675E+00
           Vnuc =  3.8850003787E+01
           Ven = -1.6539124347E+01
           Vrep =  1.1819957030E+01
           DelSqV =  7.0942468106E+02
           DelSqVen =  7.3195764048E+02
           DelSqVrep = -2.2532959420E+01
           DelSqG =  6.9819084430E+01
           DelSqK = -7.7924376549E+02
           Stress_EigVals = -1.6238194362E+00 -1.6231061385E+00 -1.4722417425E+00
           Stress_EigVec1 =  4.0675070409E-02  8.4708529870E-01 -5.2989813679E-01
           Stress_EigVec2 =  9.9805076679E-01 -9.3230095048E-03  6.1706955828E-02
           Stress_EigVec3 = -4.7330809743E-02  5.3137517652E-01  8.4581334597E-01
           -DivStress =  3.7357202490E-01 -4.1814007280E+00 -6.6816301842E+00
           ESP =  -1.1104279396E+00     ESP at Nucleus =  -1.1128753164E+00
           ESPe = -1.1330320460E+01     ESPe at Nucleus = -1.1260022082E+01
           ESPn =  1.0219892521E+01     ESPn at Nucleus =  1.0147146766E+01

CP# 14     Coords =  5.12984688130614E+00 -2.31964260705949E+00  1.71150520665681E+00
           Type = (3,-3) NACP H14
           Rho =  4.2570658111E-01     Rho at Nucleus =  4.2201858448E-01
           GradRho = -2.3824156894E-16  8.7320915252E-15 -1.2870042694E-14
           HessRho_EigVals = -6.4820565299E+00 -6.4755972813E+00 -5.8820704317E+00
           HessRho_EigVec1 = -2.5591178264E-02  8.5402652399E-01  5.1959964195E-01
           HessRho_EigVec2 =  9.9810952301E-01 -7.2252546598E-03  6.1034218063E-02
           HessRho_EigVec3 = -5.5879080831E-02 -5.2017928834E-01  8.5222710371E-01
           DelSqRho = -1.8839724243E+01
           Bond Ellipticity = NA
           V = -4.7189461598E+00
           G =  4.5075495301E-03
           K =  4.7144386103E+00
           L =  4.7099310607E+00
           Vnuc =  3.8960516485E+01
           Ven = -1.6585748271E+01
           Vrep =  1.1866802111E+01
           DelSqV =  7.0937297907E+02
           DelSqVen =  7.3400538693E+02
           DelSqVrep = -2.4632407860E+01
           DelSqG =  6.9814917466E+01
           DelSqK = -7.7918789654E+02
           Stress_EigVals = -1.6237759157E+00 -1.6230640451E+00 -1.4721061989E+00
           Stress_EigVec1 = -2.2502948519E-02  8.5306702645E-01  5.2131589817E-01
           Stress_EigVec2 =  9.9818623364E-01 -9.9524690214E-03  5.9373321800E-02
           Stress_EigVec3 = -5.5837803406E-02 -5.2170642773E-01  8.5129580228E-01
           -DivStress = -4.4182673095E-01 -4.1067720951E+00  6.7285964676E+00
           ESP =  -1.1105230259E+00     ESP at Nucleus =  -1.1129722982E+00
           ESPe = -1.1457646710E+01     ESPe at Nucleus = -1.1389082629E+01
           ESPn =  1.0347123684E+01     ESPn at Nucleus =  1.0276110331E+01

CP# 15     Coords = -1.96804975227432E+00 -4.70635055107730E-02  2.66863209485938E+00
           Type = (3,-3) NACP N15
           Rho =  1.9120927928E+02     Rho at Nucleus =  1.9120925589E+02
           GradRho = -1.8876754326E-11 -8.9482588006E-13 -6.6140870558E-11
           HessRho_EigVals = -3.2175256966E+05 -3.2175000983E+05 -3.2174156331E+05
           HessRho_EigVec1 =  9.9994914943E-01 -2.6811905851E-03 -9.7216134575E-03
           HessRho_EigVec2 =  2.8622266816E-03  9.9982186143E-01  1.8656180363E-02
           HessRho_EigVec3 =  9.6698608881E-03 -1.8683057147E-02  9.9977869409E-01
           DelSqRho = -9.6524414280E+05
           Bond Ellipticity = NA
           V = -2.4134412788E+05
           G =  1.6546092198E+01
           K =  2.4132758179E+05
           L =  2.4131103570E+05
           Vnuc =  5.8052976593E+05
           Ven = -1.1100267814E+08
           Vrep =  1.1076133402E+08
           DelSqV =  7.5777763104E+09
           DelSqVen =  5.6035295642E+11
           DelSqVrep = -5.5277518011E+11
           DelSqG =  4.0614294663E+08
           DelSqK = -7.9839192570E+09
           Stress_EigVals = -8.0449470943E+04 -8.0447800655E+04 -8.0446856287E+04
           Stress_EigVec1 =  9.4860016407E-03 -1.8699794172E-02  9.9978014257E-01
           Stress_EigVec2 =  2.8229155532E-03  9.9982164452E-01  1.8673786350E-02
           Stress_EigVec3 =  9.9995102226E-01 -2.6451553463E-03 -9.5370977001E-03
           -DivStress =  3.7584445309E+02 -5.5317871171E+02  2.9706024881E+04
           ESP =  -1.8342682538E+01     ESP at Nucleus =  -1.8342683612E+01
           ESPe = -2.9909500304E+01     ESPe at Nucleus = -2.9909478555E+01
           ESPn =  1.1566817766E+01     ESPn at Nucleus =  1.1566794943E+01

CP# 16     Coords = -2.04281408485747E+00  5.23027146874298E-02 -2.65818270209224E+00
           Type = (3,-3) NACP N16
           Rho =  1.9120933963E+02     Rho at Nucleus =  1.9120931623E+02
           GradRho =  1.1775851128E-11 -5.7487348215E-13  2.2061019678E-11
           HessRho_EigVals = -3.2175255038E+05 -3.2174998853E+05 -3.2174153904E+05
           HessRho_EigVec1 =  9.9982752734E-01 -2.4068233178E-03 -1.8415286284E-02
           HessRho_EigVec2 =  2.7498638063E-03  9.9982274990E-01  1.8625440655E-02
           HessRho_EigVec3 =  1.8367194028E-02 -1.8672867805E-02  9.9965692625E-01
           DelSqRho = -9.6524407795E+05
           Bond Ellipticity = NA
           V = -2.4134411227E+05
           G =  1.6546393199E+01
           K =  2.4132756588E+05
           L =  2.4131101949E+05
           Vnuc =  5.8037373344E+05
           Ven = -1.1097287831E+08
           Vrep =  1.1073153420E+08
           DelSqV =  7.5777756607E+09
           DelSqVen =  5.6020230912E+11
           DelSqVrep = -5.5262453346E+11
           DelSqG =  4.0614275080E+08
           DelSqK = -7.9839184115E+09
           Stress_EigVals = -8.0449466309E+04 -8.0447795509E+04 -8.0446850457E+04
           Stress_EigVec1 =  1.8588481171E-02 -1.8667653844E-02  9.9965293331E-01
           Stress_EigVec2 =  2.7417459739E-03  9.9982287642E-01  1.8619844797E-02
           Stress_EigVec3 =  9.9982346002E-01 -2.3946797708E-03 -1.8636370677E-02
           -DivStress = -4.5581161999E+02  5.5520517971E+02 -2.9712701602E+04
           ESP =  -1.8342778637E+01     ESP at Nucleus =  -1.8342779712E+01
           ESPe = -2.9893121292E+01     ESPe at Nucleus = -2.9893099488E+01
           ESPn =  1.1550342655E+01     ESPn at Nucleus =  1.1550319776E+01

