AIMSum (Version 19.02.13, Professional)
Copyright (c) 1997-2019 by Todd A. Keith
AIMSum is a component of the AIMAll package ( http://aim.tkgristmill.com )

TP:  64-bit Linux

Much of the Quantum Theory of Atoms in Molecules (QTAIM) is described in the book:
  "Atoms in Molecules - A Quantum Theory"
  R.F.W. Bader, Oxford University Press, Oxford, 1990

For additional references see:  http://aim.tkgristmill.com/references.html

Wfn File:  /home/mhennefarth/Documents/ML_Diels/summary-N-hayden2009/35-opt/35-opt.wfn
Sum File:  /home/mhennefarth/Documents/ML_Diels/summary-N-hayden2009/35-opt/35-opt.sum

SumViz File:  /home/mhennefarth/Documents/ML_Diels/summary-N-hayden2009/35-opt/35-opt.sumviz

Wfn Title:   Title Card Required                                                           
 
Total memory allocated for AIMSum =        0.781 Megabytes

Atomic units (a.u.) used throughout, except where stated otherwise

Model:  Restricted SCF
 
Restricted, closed-shell, single-determinant wavefunction.
  Number of electrons (from MO Occs)                   =          58.0000000000
  Number of Alpha electrons (from MO Occs)             =          29.0000000000
  Number of Beta electrons (from MO Occs)              =          29.0000000000
  Number of electron pairs (N*(N-1)/2)                 =        1653.0000000000
  Number of electron pairs (from Muller 2EDM)          =        1653.0000000000
 
Nuclear Charges and Cartesian Coordinates:
-------------------------------------------------------------------------------
Atom      Charge                X                  Y                  Z
-------------------------------------------------------------------------------
C1         6.0           3.6847671000E-01   1.1655002400E+00  -3.2503068000E-01
C2         6.0           2.5760212400E+00  -2.4745119100E+00   1.9659959000E-01
C3         6.0           4.8261748500E+00  -1.0976198800E+00   2.7773814000E-01
C4         6.0          -7.2851091800E+00   6.1758283000E-01   9.9522442000E-01
C5         6.0          -6.3562730600E+00  -7.9062444000E-01  -8.7405689000E-01
H6         1.0          -1.4463150900E+00   2.1002261000E+00  -5.7035909000E-01
H7         1.0           2.5828897400E+00  -4.5229780700E+00   3.7852776000E-01
H8         1.0           6.6346720300E+00  -2.0453784600E+00   5.2469621000E-01
H9         1.0          -9.0378115100E+00   1.6738080900E+00   8.0007886000E-01
H10        1.0          -6.3340622200E+00   7.6276308000E-01   2.8119035900E+00
H11        1.0          -7.3181946000E+00  -9.3906837000E-01  -2.6854405100E+00
H12        1.0          -4.5985702400E+00  -1.8373330800E+00  -6.7233095000E-01
H13        1.0           2.6150259600E+00   4.5869056900E+00  -4.2501633000E-01
N14        7.0           4.8692664600E+00   1.4207466700E+00   5.8563290000E-02
C15        6.0           2.6218290300E+00   2.5383811200E+00  -2.4302402000E-01
N16        7.0           3.3011189000E-01  -1.3537742100E+00  -1.0524371000E-01
 
Some Atomic Properties:
----------------------
  q(A) = Net Charge of Atom A
  L(A) = Lagrangian of Atom A = -(1/4) Times Atomic Integral of the Laplacian of the Electron Density
  K(A) = Electronic Kinetic Energy of Atom A (Hamiltonian Form)
  K_Scaled(A) = K(A) * E(Mol)/K(Mol) = Approximation to Virial-Based Total Energy of Atom A.
  |Mu_Intra(A)| = Magnitude of Intraatomic Dipole Moment of Atom A
--------------------------------------------------------------------------------------------------
Atom A          q(A)              L(A)              K(A)          K_Scaled(A)      |Mu_Intra(A)|
--------------------------------------------------------------------------------------------------
C1        5.4002487620E-01 -5.2172397019E-05  3.7397931166E+01 -3.7763283523E+01  6.9877797843E-01
C2        5.4333158850E-01 -6.3663371721E-05  3.7395712415E+01 -3.7761043096E+01  6.8753881310E-01
C3        5.4545680960E-01  4.7109860295E-08  3.7394252582E+01 -3.7759569002E+01  6.8533336863E-01
C4       -9.1769886100E-02 -7.2104494189E-05  3.7696344153E+01 -3.8064611802E+01  8.0192631060E-02
C5       -9.1369717200E-02 -4.7072522061E-05  3.7701460081E+01 -3.8069777709E+01  1.1890316196E-01
H6        7.4903405280E-02  3.2720498036E-05  5.8711532208E-01 -5.9285103954E-01  1.4511072744E-01
H7        6.2408205360E-02  2.4292396533E-05  5.9272459176E-01 -5.9851510797E-01  1.4736348919E-01
H8        6.2146006690E-02  2.8973343594E-05  5.9286721473E-01 -5.9865912426E-01  1.4724238119E-01
H9        3.5534749500E-02  1.5384480853E-05  5.9736153001E-01 -6.0319734595E-01  1.4825637272E-01
H10       3.7445768200E-02  2.0385390955E-05  5.9643516781E-01 -6.0226193383E-01  1.4785433915E-01
H11       3.4214649550E-02  2.2189011872E-05  5.9785368258E-01 -6.0369430651E-01  1.4815725763E-01
H12       7.6782593020E-02  1.6248256479E-05  5.8210451824E-01 -5.8779128355E-01  1.3143277235E-01
H13       6.2755285970E-02  2.0337346560E-05  5.9267502408E-01 -5.9846505604E-01  1.4712916729E-01
N14      -1.2127682407E+00 -7.0821778097E-05  5.4935610139E+01 -5.5472293693E+01  6.1964324713E-02
C15       5.4581254330E-01  2.4689962536E-05  3.7393579330E+01 -3.7758889172E+01  6.8656367483E-01
N16      -1.2249981580E+00 -5.2144056394E-05  5.4935875096E+01 -5.5472561240E+01  4.4931295888E-02
--------------------------------------------------------------------------------------------------
Total    -8.9520830000E-05 -1.5271082220E-04  3.3958990201E+02 -3.4290746443E+02
 
1st Largest |L(A)| = 7.2104494189E-05, atom C4      
2nd Largest |L(A)| = 7.0821778097E-05, atom N14     
 
Molecular charge q(Mol) from the wfn file:   0.0000000000E+00
Molecular energy E(Mol) from the wfn file:  -3.4290751174E+02
Molecular virial ratio (-V(Mol)/T(Mol)) from the wfn file:   2.0097693200E+00
Note.  K_Scaled(A) = (1+V(Mol)/T(Mol))*K(A) = (E(Mol)/T(Mol))*K(A)
       Only use K_Scaled(A) data with caution.
 
N_AIMInt(SumA)     =         58.000090
N_Analytic(Mol)    =         57.999993
 
G_AIMInt(SumA)     =        339.590055
G_Analytic(Mol)    =        339.589931
 
K_AIMInt(SumA)     =        339.589902
K_Analytic(Mol)    =        339.589931
 
L_AIMInt(SumA)     =         -0.000153
L_Analytic(Mol)    =          0.000000
 
VenT_AIMInt(SumA)  =      -1423.564104
VenT_Analytic(Mol) =      -1423.562296
 
Some Information About the Atomic Calculations:
----------------------------------------------
  Time(sec) = "Elapsed User Time", in Seconds, for Atom A by AIMInt and, if used, by TWOe
  NProc = Number of Processors Used for AIMInt Job
  BIM = Basin Integration Method
  OAQ = Angular Quadrature Outside of Beta Sphere
  ORQ = Multiple of Default for Radial Quadrature Outside of Beta Sphere
  IAQ = Multiple of Default for Angular Quadrature Inside of Beta Sphere
  IRQ = Multiple of Default for Radial Quadrature Inside of Beta Sphere
  MIR = Maximum Integration Radius
------------------------------------------------------------------------------------------------------
Atom A     Time(sec)   NProc      BIM          OAQ                     ORQ      IAQ      IRQ      MIR
------------------------------------------------------------------------------------------------------
C1             18        8     Proaim(5)    4500(GS4)                  1.00     1.00     1.00    13.00
C2             15        8     Proaim(5)    4500(GS4)                  1.00     1.00     1.00    13.00
C3             16        8     Proaim(5)    4500(GS4)                  1.00     1.00     1.00    13.00
C4             19        8     Proaim(5)    4500(GS4)                  1.00     1.00     1.00    13.00
C5             27        8     Proaim(5)    4500(GS4)                  1.00     1.00     1.00    13.00
H6             15        8     Proaim(5)    4500(GS4)                  1.00     1.00     1.00    13.00
H7              5        8     Proaim(5)    1800(GS4)                  1.00     1.00     1.00    13.00
H8              5        8     Proaim(5)    1800(GS4)                  1.00     1.00     1.00    13.00
H9              4        8     Proaim(5)    1800(GS4)                  1.00     1.00     1.00    13.00
H10             5        8     Proaim(5)    1800(GS4)                  1.00     1.00     1.00    13.00
H11             4        8     Proaim(5)    1800(GS4)                  1.00     1.00     1.00    13.00
H12            10        8     Proaim(5)    4500(GS4)                  1.00     1.00     1.00    13.00
H13             4        8     Proaim(5)    1800(GS4)                  1.00     1.00     1.00    13.00
N14            13        8     Proaim(5)    4500(GS4)                  1.00     1.00     1.00    13.00
C15            15        8     Proaim(5)    4500(GS4)                  1.00     1.00     1.00    13.00
N16            18        8     Proaim(5)    4500(GS4)                  1.00     1.00     1.00    13.00
------------------------------------------------------------------------------------------------------
Total         193
Note:  Total wall clock time is less than total of atomic times if more than one atom
       was calculated at a time
 
Electron Density Critical Point Analysis of Molecular Structure:               
---------------------------------------------------------------                
  NACP = Nuclear Attractor Critical Point                                      
  NNACP = Non-Nuclear Attractor Critical Point                                 
  BCP = Bond Critical Point                                                    
  RCP = Ring Critical Point                                                    
  CCP = Cage Critical Point                                                    
  Rho = Electron Density                                                       
  GradRho = Gradient of Electron Density                                       
  HessRho_EigVals = Eigenvalues of the Hessian of Rho, Ascending Order         
  HessRho_EigVecs = Eigenvectors of the Hessian of Rho                         
  DelSqRho = Laplacian of Rho = Trace of Hessian of Rho                        
  Bond Ellipticity = (HessRho_EigVal(1) / HessRho_EigVal(2)) - 1               
  V = Virial Field = Potential Energy Density = Trace of Stress Tensor         
  G = Lagrangian Form of Kinetic Energy Density                                
  K = Hamiltonian Form of Kinetic Energy Density                               
  L = K - G = Lagrangian Density = (-1/4)DelSqRho                              
  Vnuc = Electrostatic Potential from Nuclei                                   
  Ven = Electron-nuclear attractive contribution to Virial Field V             
  Vrep = V - Ven = Repulsive contribution to Virial Field V                    
  DelSqV = Laplacian of V                                                      
  DelSqVen = Laplacian of Ven                                                  
  DelSqVrep = Laplacian of Vrep                                                
  DelSqG = Laplacian of G                                                      
  DelSqK = Laplacian of K                                                      
  Stress_EigVals = Eigenvalues of Stress Tensor, Ascending Order               
  Stress_EigVecs = Eigenvectors of Stress Tensor                               
  -DivStress = Ehrenfest Force Density = Minus Divergence of Stress Tensor     
  ESP = Total Electrostatic Potential                                          
  ESPe = Electrostatic Potential from Electrons                                
  ESPn = Electrostatic Potential from Nuclei                                   
  BP = Bond Path                                                               
  BPL = Bond Path Length                                                       
  GBL = Geometric Bond Length                                                  
  GBL_I = Distance Between Nuclear Attractors                                  
  GBL_II = Distance Between Nuclei                                             
  GBL_III = Sum of Distances Between BCP and Nuclear Attractors                
  GBL_IV = Sum of Distances Between BCP and Nuclei                             

CP# 1      Coords =  3.68476969233034E-01  1.16549769490348E+00 -3.25030433104653E-01
           Type = (3,-3) NACP C1
           Rho =  1.1765398640E+02     Rho at Nucleus =  1.1765398592E+02
           GradRho =  3.6439055072E-10 -3.6892284548E-09  3.6122511295E-10
           HessRho_EigVals = -1.4496019862E+05 -1.4495920664E+05 -1.4495866245E+05
           HessRho_EigVec1 = -8.9880455029E-02  8.7964167666E-02  9.9206038577E-01
           HessRho_EigVec2 =  7.2737510332E-02  9.9401172574E-01 -8.1547186784E-02
           HessRho_EigVec3 =  9.9329288651E-01 -6.4830504306E-02  9.5740520769E-02
           DelSqRho = -4.3487806772E+05
           Bond Ellipticity = NA
           V = -1.0872981153E+05
           G =  5.1473018727E+00
           K =  1.0872466423E+05
           L =  1.0871951693E+05
           Vnuc =  2.3345056986E+06
           Ven = -2.7466390172E+08
           Vrep =  2.7455517191E+08
           DelSqV =  2.4944731009E+09
           DelSqVen =  1.0152253604E+12
           DelSqVrep = -1.0127308791E+12
           DelSqG =  1.3397430423E+08
           DelSqK = -2.6284474052E+09
           Stress_EigVals = -3.6243558715E+04 -3.6243395628E+04 -3.6242857190E+04
           Stress_EigVec1 =  9.8697633124E-01 -1.2583395385E-01  1.0021745170E-01
           Stress_EigVec2 =  1.3364028727E-01  9.8815773028E-01 -7.5396111976E-02
           Stress_EigVec3 = -8.9543258734E-02  8.7807267024E-02  9.9210477706E-01
           -DivStress = -2.1246485898E+02  2.0720307982E+03 -2.0101359728E+02
           ESP =  -1.4691485836E+01     ESP at Nucleus =  -1.4691485860E+01
           ESPe = -2.7061430362E+01     ESPe at Nucleus = -2.7061427676E+01
           ESPn =  1.2369944527E+01     ESPn at Nucleus =  1.2369941816E+01

CP# 2      Coords =  2.57601909103546E+00 -2.47451083249111E+00  1.96599300783524E-01
           Type = (3,-3) NACP C2
           Rho =  1.1764756891E+02     Rho at Nucleus =  1.1764756848E+02
           GradRho = -2.7668987008E-09  1.3759801049E-09 -3.7085711462E-10
           HessRho_EigVals = -1.4495120497E+05 -1.4495024410E+05 -1.4494977317E+05
           HessRho_EigVec1 = -8.9594350441E-02  8.7945707007E-02  9.9208790185E-01
           HessRho_EigVec2 =  8.8583747290E-01 -4.4827988425E-01  1.1973770078E-01
           HessRho_EigVec3 =  4.5526346655E-01  8.8955646139E-01 -3.7742257802E-02
           DelSqRho = -4.3485122224E+05
           Bond Ellipticity = NA
           V = -1.0872310713E+05
           G =  5.1507846640E+00
           K =  1.0871795634E+05
           L =  1.0871280556E+05
           Vnuc =  2.4780139508E+06
           Ven = -2.9153231703E+08
           Vrep =  2.9142359393E+08
           DelSqV =  2.4943187312E+09
           DelSqVen =  1.0775673815E+12
           DelSqVrep = -1.0750730628E+12
           DelSqG =  1.3396501526E+08
           DelSqK = -2.6282837465E+09
           Stress_EigVals = -3.6241305847E+04 -3.6241167934E+04 -3.6240633348E+04
           Stress_EigVec1 =  3.8070049885E-01  9.2348120399E-01 -4.7429906683E-02
           Stress_EigVec2 =  9.2035092373E-01 -3.7344394611E-01  1.1616280083E-01
           Stress_EigVec3 = -8.9561751655E-02  8.7875394653E-02  9.9209707572E-01
           -DivStress =  1.7483446419E+03 -8.7897346487E+02  2.3552219019E+02
           ESP =  -1.4689243911E+01     ESP at Nucleus =  -1.4689243933E+01
           ESPe = -2.6555960113E+01     ESPe at Nucleus = -2.6555957612E+01
           ESPn =  1.1866716202E+01     ESPn at Nucleus =  1.1866713679E+01

CP# 3      Coords =  4.82617484918938E+00 -1.09761753481604E+00  2.77737931524945E-01
           Type = (3,-3) NACP C3
           Rho =  1.1764797642E+02     Rho at Nucleus =  1.1764797602E+02
           GradRho = -4.7458811187E-11  2.8485420238E-09 -2.5428277875E-10
           HessRho_EigVals = -1.4495204637E+05 -1.4495108874E+05 -1.4495062477E+05
           HessRho_EigVec1 = -8.9450089195E-02  8.7890165695E-02  9.9210584129E-01
           HessRho_EigVec2 =  3.0321830413E-02  9.9587748962E-01 -8.5490422100E-02
           HessRho_EigVec3 =  9.9552964202E-01 -2.2435339190E-02  9.1746320972E-02
           DelSqRho = -4.3485375988E+05
           Bond Ellipticity = NA
           V = -1.0872373719E+05
           G =  5.1486082734E+00
           K =  1.0871858858E+05
           L =  1.0871343997E+05
           Vnuc =  2.5483968637E+06
           Ven = -2.9981373413E+08
           Vrep =  2.9970501040E+08
           DelSqV =  2.4943335620E+09
           DelSqVen =  1.1081799926E+12
           DelSqVrep = -1.1056856590E+12
           DelSqG =  1.3396613802E+08
           DelSqK = -2.6282997000E+09
           Stress_EigVals = -3.6241514516E+04 -3.6241378783E+04 -3.6240843888E+04
           Stress_EigVec1 =  9.8970964212E-01 -1.0384987109E-01  9.8437942747E-02
           Stress_EigVec2 =  1.1167853001E-01  9.9070520299E-01 -7.7660200211E-02
           Stress_EigVec3 = -8.9457980270E-02  8.7854453701E-02  9.9210829284E-01
           -DivStress =  2.1031954498E+00 -1.9097768970E+03  1.6991300559E+02
           ESP =  -1.4689800051E+01     ESP at Nucleus =  -1.4689800072E+01
           ESPe = -2.6272500182E+01     ESPe at Nucleus = -2.6272498076E+01
           ESPn =  1.1582700131E+01     ESPn at Nucleus =  1.1582698004E+01

CP# 4      Coords = -7.28510958821260E+00  6.17583472206206E-01  9.95225221583569E-01
           Type = (3,-3) NACP C4
           Rho =  1.1767821024E+02     Rho at Nucleus =  1.1767821015E+02
           GradRho = -1.6059472328E-10  1.7144523475E-10  2.1840186517E-10
           HessRho_EigVals = -1.4500541500E+05 -1.4500441527E+05 -1.4500418557E+05
           HessRho_EigVec1 =  5.1877589656E-01  7.8557926167E-01 -3.3724885883E-01
           HessRho_EigVec2 =  7.7604313098E-01 -2.6723512418E-01  5.7126390334E-01
           HessRho_EigVec3 = -3.5864833473E-01  5.5807760395E-01  7.4827853100E-01
           DelSqRho = -4.3501401584E+05
           Bond Ellipticity = NA
           V = -1.0876368392E+05
           G =  5.0899817464E+00
           K =  1.0875859394E+05
           L =  1.0875350396E+05
           Vnuc =  5.4285886754E+06
           Ven = -6.3882659946E+08
           Vrep =  6.3871783577E+08
           DelSqV =  2.4952654178E+09
           DelSqVen =  2.3615119032E+12
           DelSqVrep = -2.3590166378E+12
           DelSqG =  1.3403168652E+08
           DelSqK = -2.6292971043E+09
           Stress_EigVals = -3.6254826183E+04 -3.6254698289E+04 -3.6254159452E+04
           Stress_EigVec1 = -3.6557239088E-01  5.5814849120E-01  7.4486716185E-01
           Stress_EigVec2 =  7.7438374139E-01 -2.6161743623E-01  5.7609559809E-01
           Stress_EigVec3 =  5.1641712608E-01  7.8741766479E-01 -3.3658100521E-01
           -DivStress =  3.3222095563E+02 -5.2036900548E+02 -6.5139648237E+02
           ESP =  -1.4748124565E+01     ESP at Nucleus =  -1.4748124582E+01
           ESPe = -2.2901386235E+01     ESPe at Nucleus = -2.2901387388E+01
           ESPn =  8.1532616701E+00     ESPn at Nucleus =  8.1532628066E+00

CP# 5      Coords = -6.35627317015237E+00 -7.90624629965616E-01 -8.74057693770461E-01
           Type = (3,-3) NACP C5
           Rho =  1.1769214253E+02     Rho at Nucleus =  1.1769214248E+02
           GradRho =  3.6823153034E-11 -2.4564870971E-11 -1.3076468380E-10
           HessRho_EigVals = -1.4502571958E+05 -1.4502454151E+05 -1.4502434283E+05
           HessRho_EigVec1 =  5.1130276729E-01  7.9195766637E-01 -3.3372523854E-01
           HessRho_EigVec2 =  5.6473177738E-01 -1.6909751866E-02  8.2510125434E-01
           HessRho_EigVec3 =  6.4780205293E-01 -6.1034180175E-01 -4.5588966347E-01
           DelSqRho = -4.3507460392E+05
           Bond Ellipticity = NA
           V = -1.0877884279E+05
           G =  5.0959050917E+00
           K =  1.0877374688E+05
           L =  1.0876865098E+05
           Vnuc =  7.2009264156E+06
           Ven = -8.4749245805E+08
           Vrep =  8.4738367921E+08
           DelSqV =  2.4956149081E+09
           DelSqVen =  3.1329416643E+12
           DelSqVrep = -3.1304460493E+12
           DelSqG =  1.3405332497E+08
           DelSqK = -2.6296682331E+09
           Stress_EigVals = -3.6259882280E+04 -3.6259775331E+04 -3.6259185178E+04
           Stress_EigVec1 =  5.2382869308E-01 -5.9689386196E-01 -6.0771804142E-01
           Stress_EigVec2 =  6.8150329596E-01 -1.3434259357E-01  7.1937842972E-01
           Stress_EigVec3 =  5.1103498697E-01  7.9099291091E-01 -3.3641262905E-01
           -DivStress =  9.1169190256E+01  1.5457777314E+02  6.5257250644E+02
           ESP =  -1.4751604195E+01     ESP at Nucleus =  -1.4751604205E+01
           ESPe = -2.3370757392E+01     ESPe at Nucleus = -2.3370758052E+01
           ESPn =  8.6191531966E+00     ESPn at Nucleus =  8.6191538464E+00

CP# 6      Coords = -1.41438788237887E+00  2.08426527908514E+00 -5.66090144373098E-01
           Type = (3,-3) NACP H6
           Rho =  4.2720564722E-01     Rho at Nucleus =  4.2329063499E-01
           GradRho =  4.9792487668E-10 -2.4959459033E-10  6.6640572075E-11
           HessRho_EigVals = -6.5256894592E+00 -6.5154952195E+00 -5.8918069099E+00
           HessRho_EigVec1 =  4.5623850378E-01  8.8908495931E-01 -3.7072399498E-02
           HessRho_EigVec2 = -8.9156107807E-02  8.7122925832E-02  9.9219997190E-01
           HessRho_EigVec3 =  8.8537992755E-01 -4.4937459978E-01  1.1901618781E-01
           DelSqRho = -1.8932991589E+01
           Bond Ellipticity = NA
           V = -4.7419146742E+00
           G =  4.3333885041E-03
           K =  4.7375812857E+00
           L =  4.7332478972E+00
           Vnuc =  4.0089420695E+01
           Ven = -1.7126426915E+01
           Vrep =  1.2384512240E+01
           DelSqV =  7.1220931417E+02
           DelSqVen =  7.5901266568E+02
           DelSqVrep = -4.6803351501E+01
           DelSqG =  7.0286361576E+01
           DelSqK = -7.8249567575E+02
           Stress_EigVals = -1.6341175586E+00 -1.6326165781E+00 -1.4751805375E+00
           Stress_EigVec1 =  4.5748656877E-01  8.8843526503E-01 -3.7266865274E-02
           Stress_EigVec2 = -8.8994908891E-02  8.7445470852E-02  9.9218606915E-01
           Stress_EigVec3 =  8.8475191188E-01 -4.5059523908E-01  1.1907134388E-01
           -DivStress = -7.2469281896E+00  3.6226478249E+00 -9.6892796073E-01
           ESP =  -1.0893472151E+00     ESP at Nucleus =  -1.0919970427E+00
           ESPe = -1.3361449929E+01     ESPe at Nucleus = -1.3279973456E+01
           ESPn =  1.2272102714E+01     ESPn at Nucleus =  1.2187976414E+01

CP# 7      Coords =  2.58309364914571E+00 -4.48772205400209E+00  3.75426133255767E-01
           Type = (3,-3) NACP H7
           Rho =  4.2936053989E-01     Rho at Nucleus =  4.2553716420E-01
           GradRho = -1.1084883011E-15  2.2499363483E-15  1.3807314667E-16
           HessRho_EigVals = -6.5679236488E+00 -6.5577478490E+00 -5.9413705761E+00
           HessRho_EigVec1 =  9.9598728519E-01  7.1948693139E-03  8.9205165755E-02
           HessRho_EigVec2 = -8.9492151597E-02  8.7806039307E-02  9.9210949711E-01
           HessRho_EigVec3 =  6.9465411384E-04  9.9611160686E-01 -8.8097583048E-02
           DelSqRho = -1.9067042074E+01
           Bond Ellipticity = NA
           V = -4.7753404109E+00
           G =  4.2899462026E-03
           K =  4.7710504647E+00
           L =  4.7667605185E+00
           Vnuc =  3.9428800484E+01
           Ven = -1.6929171063E+01
           Vrep =  1.2153830652E+01
           DelSqV =  7.1783165851E+02
           DelSqVen =  7.5179059776E+02
           DelSqVrep = -3.3958939242E+01
           DelSqG =  7.0920775957E+01
           DelSqK = -7.8875243447E+02
           Stress_EigVals = -1.6446701740E+00 -1.6432143893E+00 -1.4874558476E+00
           Stress_EigVec1 =  9.9598910661E-01  8.3493925614E-03  8.9084157680E-02
           Stress_EigVec2 = -8.9473383101E-02  8.7802019223E-02  9.9211154571E-01
           Stress_EigVec3 = -4.6175983481E-04  9.9610295304E-01 -8.8196903084E-02
           -DivStress = -4.6272897013E-02 -8.0582477838E+00  7.0894228961E-01
           ESP =  -1.0858150070E+00     ESP at Nucleus =  -1.0883979540E+00
           ESPe = -1.2260259167E+01     ESPe at Nucleus = -1.2168744872E+01
           ESPn =  1.1174444160E+01     ESPn at Nucleus =  1.1080346918E+01

CP# 8      Coords =  6.60338989879671E+00 -2.02938328522377E+00  5.20459899225349E-01
           Type = (3,-3) NACP H8
           Rho =  4.2935232580E-01     Rho at Nucleus =  4.2553031430E-01
           GradRho = -9.8356342168E-11  5.0412179205E-11 -1.3330718365E-11
           HessRho_EigVals = -6.5669732431E+00 -6.5567689113E+00 -5.9406415991E+00
           HessRho_EigVec1 =  4.6377354250E-01  8.8520149842E-01 -3.6502170722E-02
           HessRho_EigVec2 = -8.9467239772E-02  8.7784353243E-02  9.9211366301E-01
           HessRho_EigVec3 =  8.8142482055E-01 -4.5685031959E-01  1.1990859519E-01
           DelSqRho = -1.9064383753E+01
           Bond Ellipticity = NA
           V = -4.7746704365E+00
           G =  4.2872490713E-03
           K =  4.7703831874E+00
           L =  4.7660959383E+00
           Vnuc =  3.9065810786E+01
           Ven = -1.6772996720E+01
           Vrep =  1.1998326284E+01
           DelSqV =  7.1772167021E+02
           DelSqVen =  7.4476560863E+02
           DelSqVrep = -2.7043938429E+01
           DelSqG =  7.0900544210E+01
           DelSqK = -7.8862221442E+02
           Stress_EigVals = -1.6444306192E+00 -1.6429691048E+00 -1.4872707125E+00
           Stress_EigVec1 =  4.6474449085E-01  8.8469353703E-01 -3.6467845678E-02
           Stress_EigVec2 = -8.9422372490E-02  8.7870735256E-02  9.9211006102E-01
           Stress_EigVec3 =  8.8091781542E-01 -4.5781664390E-01  1.1994883512E-01
           -DivStress =  7.1489760814E+00 -3.6555828982E+00  9.6814583682E-01
           ESP =  -1.0867935423E+00     ESP at Nucleus =  -1.0893754679E+00
           ESPe = -1.1895037175E+01     ESPe at Nucleus = -1.1802829746E+01
           ESPn =  1.0808243633E+01     ESPn at Nucleus =  1.0713454278E+01

CP# 9      Coords = -9.00812706391177E+00  1.65595227811469E+00  8.03444316347488E-01
           Type = (3,-3) NACP H9
           Rho =  4.2590122402E-01     Rho at Nucleus =  4.2224150064E-01
           GradRho =  8.1258242322E-15 -6.2587738811E-15  9.6960200285E-16
           HessRho_EigVals = -6.4841928178E+00 -6.4775905514E+00 -5.8868994797E+00
           HessRho_EigVec1 =  9.4661409521E-02  3.3425923922E-01  9.3771529717E-01
           HessRho_EigVec2 =  5.1334496862E-01  7.9066208852E-01 -3.3366211198E-01
           HessRho_EigVec3 =  8.5294557900E-01 -5.1295635562E-01  9.6745110911E-02
           DelSqRho = -1.8848682849E+01
           Bond Ellipticity = NA
           V = -4.7212505298E+00
           G =  4.5399087775E-03
           K =  4.7167106210E+00
           L =  4.7121707122E+00
           Vnuc =  3.7508854290E+01
           Ven = -1.5975066954E+01
           Vrep =  1.1253816424E+01
           DelSqV =  7.0982744146E+02
           DelSqVen =  7.0699249855E+02
           DelSqVrep =  2.8349429086E+00
           DelSqG =  6.9847039441E+01
           DelSqK = -7.7967448090E+02
           Stress_EigVals = -1.6243205768E+00 -1.6235917370E+00 -1.4733382160E+00
           Stress_EigVec1 =  9.6334089852E-02  3.3351894457E-01  9.3780853949E-01
           Stress_EigVec2 =  5.1341780096E-01  7.9052341185E-01 -3.3387856621E-01
           Stress_EigVec3 =  8.5271443332E-01 -5.1365148587E-01  9.5080209714E-02
           -DivStress = -6.7088034692E+00  4.0363509070E+00 -7.5930221718E-01
           ESP =  -1.1135862441E+00     ESP at Nucleus =  -1.1160185166E+00
           ESPe = -9.8901611804E+00     ESPe at Nucleus = -9.8170861758E+00
           ESPn =  8.7765749363E+00     ESPn at Nucleus =  8.7010676592E+00

CP# 10     Coords = -6.35025351271731E+00  7.60387097931424E-01  2.78112786592103E+00
           Type = (3,-3) NACP H10
           Rho =  4.2560820306E-01     Rho at Nucleus =  4.2194054809E-01
           GradRho = -6.7105655342E-12 -9.8329645207E-13 -1.2753228039E-11
           HessRho_EigVals = -6.4793765389E+00 -6.4726860979E+00 -5.8815805518E+00
           HessRho_EigVec1 = -7.2150086847E-01  6.0743637399E-01  3.3235154332E-01
           HessRho_EigVec2 =  5.1362453760E-01  7.9141551130E-01 -3.3143826400E-01
           HessRho_EigVec3 =  4.6435582388E-01  6.8429087561E-02  8.8300120544E-01
           DelSqRho = -1.8833643189E+01
           Bond Ellipticity = NA
           V = -4.7174924877E+00
           G =  4.5408452680E-03
           K =  4.7129516424E+00
           L =  4.7084107972E+00
           Vnuc =  3.8362987542E+01
           Ven = -1.6327602192E+01
           Vrep =  1.1610109704E+01
           DelSqV =  7.0921363646E+02
           DelSqVen =  7.2251481904E+02
           DelSqVrep = -1.3301182585E+01
           DelSqG =  6.9784791480E+01
           DelSqK = -7.7899842794E+02
           Stress_EigVals = -1.6231014580E+00 -1.6223871349E+00 -1.4720038947E+00
           Stress_EigVec1 = -7.2106569138E-01  6.0922840233E-01  3.3000760978E-01
           Stress_EigVec2 =  5.1536297985E-01  7.8994326774E-01 -3.3225085818E-01
           Stress_EigVec3 =  4.6310394915E-01  6.9500989620E-02  8.8357475333E-01
           -DivStress =  3.6555812922E+00  5.3741319004E-01  6.9506340515E+00
           ESP =  -1.1140368972E+00     ESP at Nucleus =  -1.1164704809E+00
           ESPe = -1.0787650209E+01     ESPe at Nucleus = -1.0726465707E+01
           ESPn =  9.6736133121E+00     ESPn at Nucleus =  9.6099952262E+00

CP# 11     Coords = -7.30195933238759E+00 -9.36537295035591E-01 -2.65484650615818E+00
           Type = (3,-3) NACP H11
           Rho =  4.2609699613E-01     Rho at Nucleus =  4.2244971868E-01
           GradRho =  2.3442834969E-12  3.6427431167E-13  4.4174911667E-12
           HessRho_EigVals = -6.4895493422E+00 -6.4835549889E+00 -5.8935528545E+00
           HessRho_EigVec1 = -7.1803159976E-01  6.1193816135E-01  3.3160565198E-01
           HessRho_EigVec2 =  5.1497405276E-01  7.8760539691E-01 -3.3834813985E-01
           HessRho_EigVec3 =  4.6822253974E-01  7.2176349610E-02  8.8065783812E-01
           DelSqRho = -1.8866657186E+01
           Bond Ellipticity = NA
           V = -4.7257020003E+00
           G =  4.5188519446E-03
           K =  4.7211831483E+00
           L =  4.7166642964E+00
           Vnuc =  3.8101454757E+01
           Ven = -1.6234915420E+01
           Vrep =  1.1509213420E+01
           DelSqV =  7.1059687526E+02
           DelSqVen =  7.1884708518E+02
           DelSqVrep = -8.2502099257E+00
           DelSqG =  6.9947160670E+01
           DelSqK = -7.8054403593E+02
           Stress_EigVals = -1.6257527022E+00 -1.6249392889E+00 -1.4750100092E+00
           Stress_EigVec1 = -7.2241588580E-01  6.0647629074E-01  3.3211714306E-01
           Stress_EigVec2 =  5.1014016695E-01  7.9170941736E-01 -3.3608512095E-01
           Stress_EigVec3 =  4.6676792735E-01  7.3366935549E-02  8.8133137625E-01
           -DivStress = -3.6715665430E+00 -5.7343987037E-01 -6.9218803261E+00
           ESP =  -1.1153666323E+00     ESP at Nucleus =  -1.1177913017E+00
           ESPe = -1.0421008139E+01     ESPe at Nucleus = -1.0347946298E+01
           ESPn =  9.3056415067E+00     ESPn at Nucleus =  9.2301549962E+00

CP# 12     Coords = -4.62948730069446E+00 -1.81901580050857E+00 -6.75971472390491E-01
           Type = (3,-3) NACP H12
           Rho =  4.2041098774E-01     Rho at Nucleus =  4.1653770357E-01
           GradRho = -2.9798233217E-11  1.7650179712E-11 -3.5128926406E-12
           HessRho_EigVals = -6.3862364109E+00 -6.3797430306E+00 -5.7727981418E+00
           HessRho_EigVec1 =  9.1087502357E-02  3.3912079873E-01  9.3632267450E-01
           HessRho_EigVec2 =  5.0923499183E-01  7.9214125325E-01 -3.3644012541E-01
           HessRho_EigVec3 =  8.5579366088E-01 -5.0745376022E-01  1.0053800890E-01
           DelSqRho = -1.8538777583E+01
           Bond Ellipticity = NA
           V = -4.6439121018E+00
           G =  4.6088530162E-03
           K =  4.6393032488E+00
           L =  4.6346943958E+00
           Vnuc =  3.8641516998E+01
           Ven = -1.6245318329E+01
           Vrep =  1.1601406227E+01
           DelSqV =  6.9693009411E+02
           DelSqVen =  7.1636648915E+02
           DelSqVrep = -1.9436395048E+01
           DelSqG =  6.8469163651E+01
           DelSqK = -7.6539925776E+02
           Stress_EigVals = -1.5997766799E+00 -1.5990632260E+00 -1.4450721959E+00
           Stress_EigVec1 =  9.4498208361E-02  3.4113515024E-01  9.3525231777E-01
           Stress_EigVec2 =  5.0918074429E-01  7.9071397506E-01 -3.3986229460E-01
           Stress_EigVec3 =  8.5545605279E-01 -5.0832884919E-01  9.8978395734E-02
           -DivStress =  6.8736687496E+00 -4.0736833975E+00  8.0855924883E-01
           ESP =  -1.1187520524E+00     ESP at Nucleus =  -1.1213405777E+00
           ESPe = -1.2074631663E+01     ESPe at Nucleus = -1.2030301942E+01
           ESPn =  1.0955879611E+01     ESPn at Nucleus =  1.0908961364E+01

CP# 13     Coords =  2.61480079224947E+00  4.55163067294827E+00 -4.21912247297345E-01
           Type = (3,-3) NACP H13
           Rho =  4.2935021126E-01     Rho at Nucleus =  4.2552348031E-01
           GradRho =  5.4383580972E-16  4.2153780466E-16  8.4730399780E-17
           HessRho_EigVals = -6.5667762798E+00 -6.5565204463E+00 -5.9399359408E+00
           HessRho_EigVec1 =  9.9599319904E-01  7.0012746218E-03  8.9154526595E-02
           HessRho_EigVec2 = -8.9424602645E-02  8.7866250751E-02  9.9211025719E-01
           HessRho_EigVec3 =  8.8763762363E-04  9.9610767698E-01 -8.8140274374E-02
           DelSqRho = -1.9063232667E+01
           Bond Ellipticity = NA
           V = -4.7743635203E+00
           G =  4.2776767782E-03
           K =  4.7700858435E+00
           L =  4.7658081667E+00
           Vnuc =  3.9373446177E+01
           Ven = -1.6904997434E+01
           Vrep =  1.2130633914E+01
           DelSqV =  7.1765250266E+02
           DelSqVen =  7.5058516538E+02
           DelSqVrep = -3.2932662714E+01
           DelSqG =  7.0892610205E+01
           DelSqK = -7.8854511287E+02
           Stress_EigVals = -1.6443706313E+00 -1.6429001710E+00 -1.4870927180E+00
           Stress_EigVec1 =  9.9597530228E-01  8.0748095693E-03  8.9263624731E-02
           Stress_EigVec2 = -8.9627948077E-02  8.7864524717E-02  9.9209206036E-01
           Stress_EigVec3 = -1.6784850109E-04  9.9609970522E-01 -8.8234625178E-02
           -DivStress =  5.1265556307E-02  8.0609884405E+00 -7.0935654880E-01
           ESP =  -1.0876471113E+00     ESP at Nucleus =  -1.0902316410E+00
           ESPe = -1.2222113327E+01     ESPe at Nucleus = -1.2130442829E+01
           ESPn =  1.1134466215E+01     ESPn at Nucleus =  1.1040211188E+01

CP# 14     Coords =  4.86925615427054E+00  1.42074035553107E+00  5.85629207209608E-02
           Type = (3,-3) NACP N14
           Rho =  1.9121344788E+02     Rho at Nucleus =  1.9121342436E+02
           GradRho =  1.5721202118E-11  6.8758332361E-12  7.6955108952E-13
           HessRho_EigVals = -3.2176012069E+05 -3.2175749215E+05 -3.2174901101E+05
           HessRho_EigVec1 = -8.9409932078E-02  8.7784095670E-02  9.9211885205E-01
           HessRho_EigVec2 = -5.1379542517E-01  8.4927297704E-01 -1.2144822577E-01
           HessRho_EigVec3 =  8.5324095373E-01  5.2060480503E-01  3.0830372434E-02
           DelSqRho = -9.6526662384E+05
           Bond Ellipticity = NA
           V = -2.4134973747E+05
           G =  1.6540755364E+01
           K =  2.4133319672E+05
           L =  2.4131665596E+05
           Vnuc =  5.7890507490E+05
           Ven = -1.1069443537E+08
           Vrep =  1.1045308563E+08
           DelSqV =  7.5779525021E+09
           DelSqVen =  5.5879774746E+11
           DelSqVrep = -5.5121979495E+11
           DelSqG =  4.0615300865E+08
           DelSqK = -7.9841055108E+09
           Stress_EigVals = -8.0451350872E+04 -8.0449673499E+04 -8.0448713100E+04
           Stress_EigVec1 =  8.5347856746E-01  5.2021146888E-01  3.0892758591E-02
           Stress_EigVec2 = -5.1339681865E-01  8.4951145496E-01 -1.2146602199E-01
           Stress_EigVec3 = -8.9431770018E-02  8.7808402466E-02  9.9211473276E-01
           -DivStress =  2.5395407944E+04  1.5560053794E+04  9.0995589627E+02
           ESP =  -1.8338800776E+01     ESP at Nucleus =  -1.8338801856E+01
           ESPe = -2.9227958171E+01     ESPe at Nucleus = -2.9227936114E+01
           ESPn =  1.0889157395E+01     ESPn at Nucleus =  1.0889134258E+01

CP# 15     Coords =  2.62183112117703E+00  2.53838002632849E+00 -2.43023735678324E-01
           Type = (3,-3) NACP C15
           Rho =  1.1764792147E+02     Rho at Nucleus =  1.1764792106E+02
           GradRho =  2.5696043730E-09 -1.3321317053E-09  3.5224584014E-10
           HessRho_EigVals = -1.4495166327E+05 -1.4495069681E+05 -1.4495022110E+05
           HessRho_EigVec1 = -8.9591055253E-02  8.7819156951E-02  9.9209940958E-01
           HessRho_EigVec2 =  8.9345842503E-01 -4.3308930100E-01  1.1901974669E-01
           HessRho_EigVec3 =  4.4011985363E-01  8.9706268066E-01 -3.9661838162E-02
           DelSqRho = -4.3485258118E+05
           Bond Ellipticity = NA
           V = -1.0872343999E+05
           G =  5.1473491613E+00
           K =  1.0871829264E+05
           L =  1.0871314529E+05
           Vnuc =  2.5242358236E+06
           Ven = -2.9697109796E+08
           Vrep =  2.9686237452E+08
           DelSqV =  2.4943264512E+09
           DelSqVen =  1.0976704348E+12
           DelSqVrep = -1.0951761084E+12
           DelSqG =  1.3396543972E+08
           DelSqK = -2.6282918909E+09
           Stress_EigVals = -3.6241418030E+04 -3.6241279299E+04 -3.6240742664E+04
           Stress_EigVec1 =  3.6737655776E-01  9.2877863406E-01 -4.9037880403E-02
           Stress_EigVec2 =  9.2575178193E-01 -3.6008520279E-01  1.1542220318E-01
           Stress_EigVec3 = -8.9543861098E-02  8.7800316858E-02  9.9210533780E-01
           -DivStress = -1.7016864525E+03  8.9204627508E+02 -2.3152534157E+02
           ESP =  -1.4690276072E+01     ESP at Nucleus =  -1.4690276094E+01
           ESPe = -2.6523034001E+01     ESPe at Nucleus = -2.6523032159E+01
           ESPn =  1.1832757928E+01     ESPn at Nucleus =  1.1832756065E+01

CP# 16     Coords =  3.30122080182531E-01 -1.35376805631330E+00 -1.05243333229862E-01
           Type = (3,-3) NACP N16
           Rho =  1.9120622060E+02     Rho at Nucleus =  1.9120619778E+02
           GradRho =  2.0912160892E-12  3.0842661758E-11  1.8250262412E-12
           HessRho_EigVals = -3.2175225375E+05 -3.2174974196E+05 -3.2174140400E+05
           HessRho_EigVec1 = -8.9766034792E-02  8.7869754901E-02  9.9207911236E-01
           HessRho_EigVec2 = -5.1495199751E-01  8.4852900672E-01 -1.2174959967E-01
           HessRho_EigVec3 =  8.5250601128E-01  5.2180209939E-01  3.0920378532E-02
           DelSqRho = -9.6524339970E+05
           Bond Ellipticity = NA
           V = -2.4134399377E+05
           G =  1.6571920744E+01
           K =  2.4132742185E+05
           L =  2.4131084993E+05
           Vnuc =  5.8774995429E+05
           Ven = -1.1238144742E+08
           Vrep =  1.1214010343E+08
           DelSqV =  7.5777791504E+09
           DelSqVen =  5.6732176371E+11
           DelSqVrep = -5.5974398469E+11
           DelSqG =  4.0614942388E+08
           DelSqK = -7.9839285743E+09
           Stress_EigVals = -8.0449410970E+04 -8.0447759481E+04 -8.0446823316E+04
           Stress_EigVec1 =  8.5263783695E-01  5.2158310968E-01  3.0980295375E-02
           Stress_EigVec2 = -5.1473516103E-01  8.4867072718E-01 -1.2167871970E-01
           Stress_EigVec3 = -8.9757634808E-02  8.7801233041E-02  9.9208593905E-01
           -DivStress = -2.5117241156E+04 -1.5168032891E+04 -9.2864437467E+02
           ESP =  -1.8336854310E+01     ESP at Nucleus =  -1.8336855342E+01
           ESPe = -3.0078958596E+01     ESPe at Nucleus = -3.0078940929E+01
           ESPn =  1.1742104287E+01     ESPn at Nucleus =  1.1742085587E+01

