AIMSum (Version 19.02.13, Professional)
Copyright (c) 1997-2019 by Todd A. Keith
AIMSum is a component of the AIMAll package ( http://aim.tkgristmill.com )

TP:  64-bit Linux

Much of the Quantum Theory of Atoms in Molecules (QTAIM) is described in the book:
  "Atoms in Molecules - A Quantum Theory"
  R.F.W. Bader, Oxford University Press, Oxford, 1990

For additional references see:  http://aim.tkgristmill.com/references.html

Wfn File:  /home/mhennefarth/Documents/ML_Diels/summary-N-hayden2009/36-opt/36-opt.wfn
Sum File:  /home/mhennefarth/Documents/ML_Diels/summary-N-hayden2009/36-opt/36-opt.sum

SumViz File:  /home/mhennefarth/Documents/ML_Diels/summary-N-hayden2009/36-opt/36-opt.sumviz

Wfn Title:   Title Card Required                                                           
 
Total memory allocated for AIMSum =        0.781 Megabytes

Atomic units (a.u.) used throughout, except where stated otherwise

Model:  Restricted SCF
 
Restricted, closed-shell, single-determinant wavefunction.
  Number of electrons (from MO Occs)                   =          58.0000000000
  Number of Alpha electrons (from MO Occs)             =          29.0000000000
  Number of Beta electrons (from MO Occs)              =          29.0000000000
  Number of electron pairs (N*(N-1)/2)                 =        1653.0000000000
  Number of electron pairs (from Muller 2EDM)          =        1653.0000000000
 
Nuclear Charges and Cartesian Coordinates:
-------------------------------------------------------------------------------
Atom      Charge                X                  Y                  Z
-------------------------------------------------------------------------------
C1         6.0          -2.4252626100E+00   2.5019926600E+00  -3.9767200000E-03
C2         6.0          -4.7829807200E+00   1.3075812700E+00   4.9505120000E-02
C3         6.0          -4.7829536600E+00  -1.3076776600E+00   4.0318680000E-02
C4         6.0          -2.4252987900E+00  -2.5014690200E+00  -2.2422400000E-02
C5         6.0           6.7075352200E+00   1.2575498300E+00   7.0439500000E-03
C6         6.0           6.7029380800E+00  -1.2585316900E+00   4.6131530000E-02
H7         1.0          -2.2649946200E+00   4.5502827300E+00  -7.4639000000E-04
H8         1.0          -6.5177539700E+00   2.4030142000E+00   9.5766340000E-02
H9         1.0          -6.5176925800E+00  -2.4034725200E+00   7.9128890000E-02
H10        1.0          -2.2653264200E+00  -4.5497323400E+00  -3.4436410000E-02
H11        1.0           4.9457360500E+00   2.3130501900E+00  -3.9708270000E-02
H12        1.0           8.4536492000E+00   2.3447570700E+00   1.9631640000E-02
H13        1.0           4.9372694600E+00  -2.3083970000E+00   3.1331440000E-02
H14        1.0           8.4451426600E+00  -2.3511969900E+00   9.1967840000E-02
N15        7.0          -2.2709262000E-01  -1.2617571600E+00  -7.2293270000E-02
N16        7.0          -2.2717807000E-01   1.2624746400E+00  -6.2354740000E-02
 
Some Atomic Properties:
----------------------
  q(A) = Net Charge of Atom A
  L(A) = Lagrangian of Atom A = -(1/4) Times Atomic Integral of the Laplacian of the Electron Density
  K(A) = Electronic Kinetic Energy of Atom A (Hamiltonian Form)
  K_Scaled(A) = K(A) * E(Mol)/K(Mol) = Approximation to Virial-Based Total Energy of Atom A.
  |Mu_Intra(A)| = Magnitude of Intraatomic Dipole Moment of Atom A
--------------------------------------------------------------------------------------------------
Atom A          q(A)              L(A)              K(A)          K_Scaled(A)      |Mu_Intra(A)|
--------------------------------------------------------------------------------------------------
C1        5.3946053020E-01 -2.7951922910E-05  3.7408291168E+01 -3.7773290972E+01  6.5755301126E-01
C2       -3.3029069900E-02  2.7248807857E-05  3.7746308247E+01 -3.8114606149E+01  1.3355716664E-01
C3       -3.3074130600E-02 -5.8705020392E-05  3.7746334690E+01 -3.8114632850E+01  1.3375919460E-01
C4        5.3943367710E-01 -6.7844240419E-06  3.7408457769E+01 -3.7773459199E+01  6.5730351985E-01
C5       -9.1031964900E-02  1.3340976381E-06  3.7700071510E+01 -3.8067918271E+01  1.0587443825E-01
C6       -9.1096912900E-02 -6.2147801740E-05  3.7700091752E+01 -3.8067938710E+01  1.0603803814E-01
H7        6.9190260900E-02  2.4645550745E-05  5.9094696454E-01 -5.9671294635E-01  1.4494102142E-01
H8        6.6984386130E-02  1.6337684231E-05  5.8710790644E-01 -5.9283642983E-01  1.4446146820E-01
H9        6.6996906700E-02  1.8384765219E-05  5.8710116474E-01 -5.9282962235E-01  1.4445158129E-01
H10       6.9148002160E-02  2.6987381509E-05  5.9097542362E-01 -5.9674168311E-01  1.4493860067E-01
H11       6.5484982160E-02  1.7552024269E-05  5.8629085368E-01 -5.9201140494E-01  1.3729887522E-01
H12       2.2637048550E-02  2.4019377456E-05  6.0208274384E-01 -6.0795737957E-01  1.5148887820E-01
H13       6.5706823320E-02  4.3293000821E-05  5.8624413035E-01 -5.9196422572E-01  1.3720406567E-01
H14       2.2642678570E-02  2.5688816737E-05  6.0206679050E-01 -6.0794127057E-01  1.5147953327E-01
N15      -6.3964312090E-01  2.0790044195E-05  5.4561141926E+01 -5.5093505354E+01  6.9552431291E-01
N16      -6.3972157130E-01  1.3888077560E-05  5.4561236911E+01 -5.5093601266E+01  6.9557330987E-01
--------------------------------------------------------------------------------------------------
Total     8.8525290000E-05  1.0458045915E-04  3.3956474995E+02 -3.4287794773E+02
 
1st Largest |L(A)| = 6.2147801740E-05, atom C6      
2nd Largest |L(A)| = 5.8705020392E-05, atom C3      
 
Molecular charge q(Mol) from the wfn file:   0.0000000000E+00
Molecular energy E(Mol) from the wfn file:  -3.4287794353E+02
Molecular virial ratio (-V(Mol)/T(Mol)) from the wfn file:   2.0097571900E+00
Note.  K_Scaled(A) = (1+V(Mol)/T(Mol))*K(A) = (E(Mol)/T(Mol))*K(A)
       Only use K_Scaled(A) data with caution.
 
N_AIMInt(SumA)     =         57.999911
N_Analytic(Mol)    =         57.999992
 
G_AIMInt(SumA)     =        339.564645
G_Analytic(Mol)    =        339.564725
 
K_AIMInt(SumA)     =        339.564750
K_Analytic(Mol)    =        339.564725
 
L_AIMInt(SumA)     =          0.000105
L_Analytic(Mol)    =          0.000000
 
VenT_AIMInt(SumA)  =      -1424.794395
VenT_Analytic(Mol) =      -1424.795243
 
Some Information About the Atomic Calculations:
----------------------------------------------
  Time(sec) = "Elapsed User Time", in Seconds, for Atom A by AIMInt and, if used, by TWOe
  NProc = Number of Processors Used for AIMInt Job
  BIM = Basin Integration Method
  OAQ = Angular Quadrature Outside of Beta Sphere
  ORQ = Multiple of Default for Radial Quadrature Outside of Beta Sphere
  IAQ = Multiple of Default for Angular Quadrature Inside of Beta Sphere
  IRQ = Multiple of Default for Radial Quadrature Inside of Beta Sphere
  MIR = Maximum Integration Radius
------------------------------------------------------------------------------------------------------
Atom A     Time(sec)   NProc      BIM          OAQ                     ORQ      IAQ      IRQ      MIR
------------------------------------------------------------------------------------------------------
C1             16        8     Proaim(5)    4500(GS4)                  1.00     1.00     1.00    13.00
C2             17        8     Proaim(5)    4500(GS4)                  1.00     1.00     1.00    13.00
C3             16        8     Proaim(5)    4500(GS4)                  1.00     1.00     1.00    13.00
C4             16        8     Proaim(5)    4500(GS4)                  1.00     1.00     1.00    13.00
C5             18        8     Proaim(5)    4500(GS4)                  1.00     1.00     1.00    13.00
C6             17        8     Proaim(5)    4500(GS4)                  1.00     1.00     1.00    13.00
H7              5        8     Proaim(5)    1800(GS4)                  1.00     1.00     1.00    13.00
H8              4        8     Proaim(5)    1800(GS4)                  1.00     1.00     1.00    13.00
H9              5        8     Proaim(5)    1800(GS4)                  1.00     1.00     1.00    13.00
H10             5        8     Proaim(5)    1800(GS4)                  1.00     1.00     1.00    13.00
H11            10        8     Proaim(5)    4500(GS4)                  1.00     1.00     1.00    13.00
H12             5        8     Proaim(5)    1800(GS4)                  1.00     1.00     1.00    13.00
H13            10        8     Proaim(5)    4500(GS4)                  1.00     1.00     1.00    13.00
H14             4        8     Proaim(5)    1800(GS4)                  1.00     1.00     1.00    13.00
N15            17        8     Proaim(5)    4500(GS4)                  1.00     1.00     1.00    13.00
N16            17        8     Proaim(5)    4500(GS4)                  1.00     1.00     1.00    13.00
------------------------------------------------------------------------------------------------------
Total         182
Note:  Total wall clock time is less than total of atomic times if more than one atom
       was calculated at a time
 
Electron Density Critical Point Analysis of Molecular Structure:               
---------------------------------------------------------------                
  NACP = Nuclear Attractor Critical Point                                      
  NNACP = Non-Nuclear Attractor Critical Point                                 
  BCP = Bond Critical Point                                                    
  RCP = Ring Critical Point                                                    
  CCP = Cage Critical Point                                                    
  Rho = Electron Density                                                       
  GradRho = Gradient of Electron Density                                       
  HessRho_EigVals = Eigenvalues of the Hessian of Rho, Ascending Order         
  HessRho_EigVecs = Eigenvectors of the Hessian of Rho                         
  DelSqRho = Laplacian of Rho = Trace of Hessian of Rho                        
  Bond Ellipticity = (HessRho_EigVal(1) / HessRho_EigVal(2)) - 1               
  V = Virial Field = Potential Energy Density = Trace of Stress Tensor         
  G = Lagrangian Form of Kinetic Energy Density                                
  K = Hamiltonian Form of Kinetic Energy Density                               
  L = K - G = Lagrangian Density = (-1/4)DelSqRho                              
  Vnuc = Electrostatic Potential from Nuclei                                   
  Ven = Electron-nuclear attractive contribution to Virial Field V             
  Vrep = V - Ven = Repulsive contribution to Virial Field V                    
  DelSqV = Laplacian of V                                                      
  DelSqVen = Laplacian of Ven                                                  
  DelSqVrep = Laplacian of Vrep                                                
  DelSqG = Laplacian of G                                                      
  DelSqK = Laplacian of K                                                      
  Stress_EigVals = Eigenvalues of Stress Tensor, Ascending Order               
  Stress_EigVecs = Eigenvectors of Stress Tensor                               
  -DivStress = Ehrenfest Force Density = Minus Divergence of Stress Tensor     
  ESP = Total Electrostatic Potential                                          
  ESPe = Electrostatic Potential from Electrons                                
  ESPn = Electrostatic Potential from Nuclei                                   
  BP = Bond Path                                                               
  BPL = Bond Path Length                                                       
  GBL = Geometric Bond Length                                                  
  GBL_I = Distance Between Nuclear Attractors                                  
  GBL_II = Distance Between Nuclei                                             
  GBL_III = Sum of Distances Between BCP and Nuclear Attractors                
  GBL_IV = Sum of Distances Between BCP and Nuclei                             

CP# 1      Coords = -2.42526166315199E+00  2.50199162151705E+00 -3.97674713246716E-03
           Type = (3,-3) NACP C1
           Rho =  1.1765636462E+02     Rho at Nucleus =  1.1765636447E+02
           GradRho =  3.9397439304E-10 -4.3525653828E-10 -1.1467778441E-11
           HessRho_EigVals = -1.4496016030E+05 -1.4495905846E+05 -1.4495869789E+05
           HessRho_EigVec1 =  2.4291212976E-02 -3.6101849638E-03  9.9969840629E-01
           HessRho_EigVec2 =  8.9766552092E-01 -4.4005567821E-01 -2.3401124375E-02
           HessRho_EigVec3 =  4.4000744257E-01  8.9796323234E-01 -7.4487476346E-03
           DelSqRho = -4.3487791665E+05
           Bond Ellipticity = NA
           V = -1.0872980190E+05
           G =  5.1613701357E+00
           K =  1.0872464053E+05
           L =  1.0871947916E+05
           Vnuc =  4.2686594075E+06
           Ven = -5.0223494767E+08
           Vrep =  5.0212621787E+08
           DelSqV =  2.4944692881E+09
           DelSqVen =  1.8563458990E+12
           DelSqVrep = -1.8538514297E+12
           DelSqG =  1.3397132922E+08
           DelSqK = -2.6284406173E+09
           Stress_EigVals = -3.6243529541E+04 -3.6243422480E+04 -3.6242849882E+04
           Stress_EigVec1 =  3.4268563698E-01  9.3943681859E-01 -5.0018086963E-03
           Stress_EigVec2 =  9.3913345387E-01 -3.4270349626E-01 -2.4138547521E-02
           Stress_EigVec3 =  2.4390777617E-02 -3.5745676567E-03  9.9969611004E-01
           -DivStress = -7.7436040088E+02  8.4884898254E+02  2.2171131292E+01
           ESP =  -1.4687136397E+01     ESP at Nucleus =  -1.4687136404E+01
           ESPe = -2.6587301724E+01     ESPe at Nucleus = -2.6587299765E+01
           ESPn =  1.1900165326E+01     ESPn at Nucleus =  1.1900163362E+01

CP# 2      Coords = -4.78298062857884E+00  1.30758103229124E+00  4.95051172208027E-02
           Type = (3,-3) NACP C2
           Rho =  1.1767941056E+02     Rho at Nucleus =  1.1767941055E+02
           GradRho =  6.0503178856E-11 -4.3997294957E-12 -3.2018279087E-13
           HessRho_EigVals = -1.4500414253E+05 -1.4500274445E+05 -1.4500261185E+05
           HessRho_EigVec1 =  2.4527595559E-02 -3.5249970875E-03  9.9969293858E-01
           HessRho_EigVec2 =  9.1012863818E-01 -4.1364231123E-01 -2.3788659666E-02
           HessRho_EigVec3 =  4.1359915260E-01  9.1043265141E-01 -6.9374505172E-03
           DelSqRho = -4.3500949884E+05
           Bond Ellipticity = NA
           V = -1.0876272483E+05
           G =  5.1750586617E+00
           K =  1.0875754977E+05
           L =  1.0875237471E+05
           Vnuc =  2.3557333566E+07
           Ven = -2.7722131284E+09
           Vrep =  2.7721043656E+09
           DelSqV =  2.4952384895E+09
           DelSqVen =  1.0247632585E+13
           DelSqVrep = -1.0245137346E+13
           DelSqG =  1.3402697749E+08
           DelSqK = -2.6292654670E+09
           Stress_EigVals = -3.6254474103E+04 -3.6254457195E+04 -3.6253793528E+04
           Stress_EigVec1 = -3.1166516193E-01  9.5012869359E-01  1.0967791571E-02
           Stress_EigVec2 =  9.4987613724E-01  3.1183839962E-01 -2.2184148151E-02
           Stress_EigVec3 =  2.4497974272E-02 -3.5040173661E-03  9.9969373866E-01
           -DivStress = -7.7173876838E+01  1.9571917887E+02  2.3390043100E+00
           ESP =  -1.4698144668E+01     ESP at Nucleus =  -1.4698144667E+01
           ESPe = -2.5985757785E+01     ESPe at Nucleus = -2.5985757466E+01
           ESPn =  1.1287613117E+01     ESPn at Nucleus =  1.1287612800E+01

CP# 3      Coords = -4.78295356934493E+00 -1.30767742116429E+00  4.03186790323686E-02
           Type = (3,-3) NACP C3
           Rho =  1.1767941316E+02     Rho at Nucleus =  1.1767941315E+02
           GradRho = -2.7922343040E-11 -1.2568730778E-12 -8.3600227435E-14
           HessRho_EigVals = -1.4500415211E+05 -1.4500275445E+05 -1.4500262158E+05
           HessRho_EigVec1 =  2.4727552368E-02 -3.6391517711E-03  9.9968760357E-01
           HessRho_EigVec2 =  9.0972005116E-01  4.1469113799E-01 -2.0992584225E-02
           HessRho_EigVec3 = -4.1448519476E-01  9.0995495308E-01  1.3564906167E-02
           DelSqRho = -4.3500952814E+05
           Bond Ellipticity = NA
           V = -1.0876273236E+05
           G =  5.1751628874E+00
           K =  1.0875755720E+05
           L =  1.0875238204E+05
           Vnuc =  2.3486700627E+07
           Ven = -2.7639011468E+09
           Vrep =  2.7637923841E+09
           DelSqV =  2.4952386676E+09
           DelSqVen =  1.0216930279E+13
           DelSqVrep = -1.0214435041E+13
           DelSqG =  1.3402699322E+08
           DelSqK = -2.6292656609E+09
           Stress_EigVals = -3.6254476545E+04 -3.6254459741E+04 -3.6253796075E+04
           Stress_EigVec1 =  3.1060915194E-01  9.5052823655E-01 -4.2457337788E-03
           Stress_EigVec2 =  9.5021625712E-01 -3.1061716579E-01 -2.4617900265E-02
           Stress_EigVec3 =  2.4718807119E-02 -3.6121798639E-03  9.9968791767E-01
           -DivStress = -7.6550122068E+01 -1.9663576302E+02  8.4127987721E-01
           ESP =  -1.4698153544E+01     ESP at Nucleus =  -1.4698153543E+01
           ESPe = -2.5985885197E+01     ESPe at Nucleus = -2.5985884879E+01
           ESPn =  1.1287731653E+01     ESPn at Nucleus =  1.1287731336E+01

CP# 4      Coords = -2.42529784254176E+00 -2.50146798272903E+00 -2.24224203216124E-02
           Type = (3,-3) NACP C4
           Rho =  1.1765642853E+02     Rho at Nucleus =  1.1765642838E+02
           GradRho =  4.0345936314E-10  4.2933717475E-10 -8.7654390040E-12
           HessRho_EigVals = -1.4496024797E+05 -1.4495914579E+05 -1.4495878506E+05
           HessRho_EigVec1 =  2.4432498854E-02 -3.8761473775E-03  9.9969396741E-01
           HessRho_EigVec2 =  8.9757535724E-01  4.4039670671E-01 -2.0229157128E-02
           HessRho_EigVec3 = -4.4018351977E-01  8.9779491879E-01  1.4239126399E-02
           DelSqRho = -4.3487817882E+05
           Bond Ellipticity = NA
           V = -1.0872986770E+05
           G =  5.1614963387E+00
           K =  1.0872470620E+05
           L =  1.0871954471E+05
           Vnuc =  4.2704787107E+06
           Ven = -5.0244927320E+08
           Vrep =  5.0234054333E+08
           DelSqV =  2.4944707983E+09
           DelSqVen =  1.8571380654E+12
           DelSqVrep = -1.8546435946E+12
           DelSqG =  1.3397141881E+08
           DelSqK = -2.6284422171E+09
           Stress_EigVals = -3.6243551481E+04 -3.6243444484E+04 -3.6242871734E+04
           Stress_EigVec1 = -3.4309295692E-01  9.3922383917E-01  1.2074884901E-02
           Stress_EigVec2 =  9.3897924017E-01  3.4328360971E-01 -2.1779573881E-02
           Stress_EigVec3 =  2.4601005071E-02 -3.8656478462E-03  9.9968987557E-01
           -DivStress = -7.7485418546E+02 -8.4786586599E+02  1.6604722856E+01
           ESP =  -1.4687147969E+01     ESP at Nucleus =  -1.4687147975E+01
           ESPe = -2.6587707613E+01     ESPe at Nucleus = -2.6587705657E+01
           ESPn =  1.1900559645E+01     ESPn at Nucleus =  1.1900557682E+01

CP# 5      Coords =  6.70753578993142E+00  1.25755082174588E+00  7.04394543865324E-03
           Type = (3,-3) NACP C5
           Rho =  1.1768291246E+02     Rho at Nucleus =  1.1768291236E+02
           GradRho =  2.0805231485E-10  2.8613022211E-10 -1.3559327272E-12
           HessRho_EigVals = -1.4501223043E+05 -1.4501116361E+05 -1.4501094167E+05
           HessRho_EigVec1 = -1.7181636912E-02  1.4979667160E-02  9.9974016671E-01
           HessRho_EigVec2 =  9.4001088473E-01  3.4096556579E-01  1.1046245209E-02
           HessRho_EigVec3 = -3.4071150251E-01  9.3995643118E-01 -1.9939396731E-02
           DelSqRho = -4.3503433572E+05
           Bond Ellipticity = NA
           V = -1.0876876814E+05
           G =  5.0921041899E+00
           K =  1.0876367603E+05
           L =  1.0875858393E+05
           Vnuc =  5.2454320290E+06
           Ven = -6.1729771828E+08
           Vrep =  6.1718894951E+08
           DelSqV =  2.4953825922E+09
           DelSqVen =  2.2819428106E+12
           DelSqVrep = -2.2794474280E+12
           DelSqG =  1.3403891112E+08
           DelSqK = -2.6294215033E+09
           Stress_EigVals = -3.6256519144E+04 -3.6256404995E+04 -3.6255843999E+04
           Stress_EigVec1 = -1.7804964722E-01  9.8385424825E-01 -1.8142252546E-02
           Stress_EigVec2 =  9.8387330857E-01  1.7831253826E-01  1.4069519968E-02
           Stress_EigVec3 = -1.7077348093E-02  1.5344604971E-02  9.9973641890E-01
           -DivStress = -4.6248007718E+02 -8.0506206896E+02  3.7599163984E+00
           ESP =  -1.4773391289E+01     ESP at Nucleus =  -1.4773391305E+01
           ESPe = -2.3226201400E+01     ESPe at Nucleus = -2.3226202585E+01
           ESPn =  8.4528101116E+00     ESPn at Nucleus =  8.4528112799E+00

CP# 6      Coords =  6.70293864962254E+00 -1.25853268119731E+00  4.61315560225613E-02
           Type = (3,-3) NACP C6
           Rho =  1.1768299020E+02     Rho at Nucleus =  1.1768299011E+02
           GradRho =  2.3132178909E-10 -2.9221205983E-10  8.0555527526E-12
           HessRho_EigVals = -1.4501233919E+05 -1.4501127156E+05 -1.4501104928E+05
           HessRho_EigVec1 = -1.7458973278E-02  1.5732688383E-02  9.9972379524E-01
           HessRho_EigVec2 =  9.3782759193E-01 -3.4641431540E-01  2.1829564773E-02
           HessRho_EigVec3 =  3.4666207186E-01  9.3794968127E-01 -8.7065109853E-03
           DelSqRho = -4.3503466003E+05
           Bond Ellipticity = NA
           V = -1.0876884926E+05
           G =  5.0921256753E+00
           K =  1.0876375713E+05
           L =  1.0875866501E+05
           Vnuc =  5.2470030855E+06
           Ven = -6.1748301271E+08
           Vrep =  6.1737424386E+08
           DelSqV =  2.4953844428E+09
           DelSqVen =  2.2826281206E+12
           DelSqVrep = -2.2801326706E+12
           DelSqG =  1.3403902331E+08
           DelSqK = -2.6294234661E+09
           Stress_EigVals = -3.6256546234E+04 -3.6256432150E+04 -3.6255870875E+04
           Stress_EigVec1 =  1.8315122221E-01  9.8301075739E-01 -1.2061536085E-02
           Stress_EigVec2 =  9.8293429648E-01 -1.8289476464E-01  1.9740158836E-02
           Stress_EigVec3 = -1.7198796685E-02  1.5471131704E-02  9.9973238693E-01
           -DivStress = -4.6223405307E+02  8.0461533022E+02 -2.1072100001E+01
           ESP =  -1.4773409536E+01     ESP at Nucleus =  -1.4773409552E+01
           ESPe = -2.3228286502E+01     ESPe at Nucleus = -2.3228287685E+01
           ESPn =  8.4548769663E+00     ESPn at Nucleus =  8.4548781332E+00

CP# 7      Coords = -2.26820723991431E+00  4.51474936208745E+00 -7.91347937068416E-04
           Type = (3,-3) NACP H7
           Rho =  4.2909617419E-01     Rho at Nucleus =  4.2521719949E-01
           GradRho = -1.3624101440E-15 -1.1468032012E-16 -2.3378109344E-19
           HessRho_EigVals = -6.5604370236E+00 -6.5500597061E+00 -5.9290321572E+00
           HessRho_EigVec1 =  9.9620148508E-01 -8.3509165036E-02 -2.4674287845E-02
           HessRho_EigVec2 =  2.4469388926E-02 -3.4763745088E-03  9.9969453526E-01
           HessRho_EigVec3 =  8.3569432995E-02  9.9650094540E-01  1.4197512102E-03
           DelSqRho = -1.9039528887E+01
           Bond Ellipticity = NA
           V = -4.7683266186E+00
           G =  4.2221984277E-03
           K =  4.7641044202E+00
           L =  4.7598822217E+00
           Vnuc =  3.9276845839E+01
           Ven = -1.6853544284E+01
           Vrep =  1.2085217665E+01
           DelSqV =  7.1646574909E+02
           DelSqVen =  7.4781264093E+02
           DelSqVrep = -3.1346891843E+01
           DelSqG =  7.0759130996E+01
           DelSqK = -7.8722488009E+02
           Stress_EigVals = -1.6428167704E+00 -1.6412855359E+00 -1.4842243123E+00
           Stress_EigVec1 =  9.9620372433E-01 -8.3434003856E-02 -2.4837605037E-02
           Stress_EigVec2 =  2.4632422725E-02 -3.4878624150E-03  9.9969049139E-01
           Stress_EigVec3 =  8.3494810462E-02  9.9650720109E-01  1.4194398751E-03
           -DivStress =  7.3360854434E-01  8.1099878349E+00  1.0247240408E-02
           ESP =  -1.0811487633E+00     ESP at Nucleus =  -1.0837659921E+00
           ESPe = -1.2329776380E+01     ESPe at Nucleus = -1.2237561078E+01
           ESPn =  1.1248627617E+01     ESPn at Nucleus =  1.1153795086E+01

CP# 8      Coords = -6.48773826173669E+00  2.38403492821697E+00  9.49663033030426E-02
           Type = (3,-3) NACP H8
           Rho =  4.2562988070E-01     Rho at Nucleus =  4.2181675547E-01
           GradRho =  1.7852208698E-14 -1.1080821912E-14 -5.1714410748E-16
           HessRho_EigVals = -6.4966986955E+00 -6.4909255982E+00 -5.8815262111E+00
           HessRho_EigVec1 =  5.3339826221E-01  8.4580346612E-01 -1.0138568263E-02
           HessRho_EigVec2 =  2.4469129915E-02 -3.4479866088E-03  9.9969463991E-01
           HessRho_EigVec3 =  8.4551023386E-01 -5.3348346561E-01 -2.2535224960E-02
           DelSqRho = -1.8869150505E+01
           Bond Ellipticity = NA
           V = -4.7260605387E+00
           G =  4.3864562330E-03
           K =  4.7216740824E+00
           L =  4.7172876262E+00
           Vnuc =  3.8821937606E+01
           Ven = -1.6523776672E+01
           Vrep =  1.1797716133E+01
           DelSqV =  7.1019325170E+02
           DelSqVen =  7.3253698358E+02
           DelSqVrep = -2.2343731878E+01
           DelSqG =  7.0054990304E+01
           DelSqK = -7.8024824201E+02
           Stress_EigVals = -1.6273718547E+00 -1.6265175568E+00 -1.4721711272E+00
           Stress_EigVec1 =  5.3407962452E-01  8.4537269342E-01 -1.0196268643E-02
           Stress_EigVec2 =  2.4488121113E-02 -3.4132341485E-03  9.9969429415E-01
           Stress_EigVec3 =  8.4507945579E-01 -5.3416604072E-01 -2.2524527715E-02
           -DivStress = -6.7917076205E+00  4.2949505861E+00  1.8102264939E-01
           ESP =  -1.0655203603E+00     ESP at Nucleus =  -1.0681154863E+00
           ESPe = -1.1735701117E+01     ESPe at Nucleus = -1.1645038024E+01
           ESPn =  1.0670180756E+01     ESPn at Nucleus =  1.0576922538E+01

CP# 9      Coords = -6.48767770614755E+00 -2.38448731127466E+00  7.84575129346734E-02
           Type = (3,-3) NACP H9
           Rho =  4.2562487404E-01     Rho at Nucleus =  4.2181182800E-01
           GradRho =  1.5849897349E-14  1.1170580299E-14 -4.1509018987E-16
           HessRho_EigVals = -6.4966322069E+00 -6.4908582167E+00 -5.8814712700E+00
           HessRho_EigVec1 = -5.3342202354E-01  8.4569532342E-01  1.6135821834E-02
           HessRho_EigVec2 =  2.4608924652E-02 -3.5519777462E-03  9.9969084435E-01
           HessRho_EigVec3 =  8.4549118602E-01  5.3365419833E-01 -1.8916949335E-02
           DelSqRho = -1.8868961694E+01
           Bond Ellipticity = NA
           V = -4.7260126817E+00
           G =  4.3861291366E-03
           K =  4.7216265525E+00
           L =  4.7172404234E+00
           Vnuc =  3.8822133927E+01
           Ven = -1.6523665862E+01
           Vrep =  1.1797653181E+01
           DelSqV =  7.1018653767E+02
           DelSqVen =  7.3253335793E+02
           DelSqVrep = -2.2346820263E+01
           DelSqG =  7.0054392764E+01
           DelSqK = -7.8024093043E+02
           Stress_EigVals = -1.6273548990E+00 -1.6265007424E+00 -1.4721570403E+00
           Stress_EigVec1 = -5.3409887592E-01  8.4526427592E-01  1.6330786981E-02
           Stress_EigVec2 =  2.4705063626E-02 -3.7038638414E-03  9.9968792192E-01
           Stress_EigVec3 =  8.4506097447E-01  5.3433564849E-01 -1.8904078203E-02
           -DivStress = -6.7914575499E+00 -4.2962531170E+00  1.5191076366E-01
           ESP =  -1.0655129797E+00     ESP at Nucleus =  -1.0681078753E+00
           ESPe = -1.1735733781E+01     ESPe at Nucleus = -1.1645071093E+01
           ESPn =  1.0670220802E+01     ESPn at Nucleus =  1.0576963218E+01

CP# 10     Coords = -2.26853280617237E+00 -4.51419915091038E+00 -3.42168438319914E-02
           Type = (3,-3) NACP H10
           Rho =  4.2910758523E-01     Rho at Nucleus =  4.2522854026E-01
           GradRho = -1.3729895855E-15 -1.7571169095E-15 -3.6083603553E-19
           HessRho_EigVals = -6.5605878305E+00 -6.5502098758E+00 -5.9291711030E+00
           HessRho_EigVec1 =  9.9620600885E-01  8.3525346638E-02 -2.4435719667E-02
           HessRho_EigVec2 =  2.4851229934E-02 -3.9384597036E-03  9.9968340234E-01
           HessRho_EigVec3 = -8.3402663611E-02  9.9649787004E-01  5.9992248170E-03
           DelSqRho = -1.9039968809E+01
           Bond Ellipticity = NA
           V = -4.7684375246E+00
           G =  4.2226611539E-03
           K =  4.7642148635E+00
           L =  4.7599922023E+00
           Vnuc =  3.9277309001E+01
           Ven = -1.6854191219E+01
           Vrep =  1.2085753695E+01
           DelSqV =  7.1648177442E+02
           DelSqVen =  7.4783873828E+02
           DelSqVrep = -3.1356963860E+01
           DelSqG =  7.0760538581E+01
           DelSqK = -7.8724231300E+02
           Stress_EigVals = -1.6428548854E+00 -1.6413232118E+00 -1.4842594274E+00
           Stress_EigVec1 =  9.9621320551E-01  8.3447916974E-02 -2.4406850026E-02
           Stress_EigVec2 =  2.4822014838E-02 -3.9411245696E-03  9.9968411767E-01
           Stress_EigVec3 = -8.3325366815E-02  9.9650434655E-01  5.9975457741E-03
           -DivStress =  7.3219537789E-01 -8.1101209348E+00 -5.0124629250E-02
           ESP =  -1.0811618171E+00     ESP at Nucleus =  -1.0837794207E+00
           ESPe = -1.2330180654E+01     ESPe at Nucleus = -1.2237962839E+01
           ESPn =  1.1249018837E+01     ESPn at Nucleus =  1.1154183419E+01

CP# 11     Coords =  4.97662819316105E+00  2.29502499449394E+00 -3.88945502387213E-02
           Type = (3,-3) NACP H11
           Rho =  4.2228788742E-01     Rho at Nucleus =  4.1846668363E-01
           GradRho =  2.5412149987E-11 -1.4841140027E-11  6.6959220286E-13
           HessRho_EigVals = -6.4188214797E+00 -6.4121186122E+00 -5.8084773034E+00
           HessRho_EigVec1 =  5.0699411493E-01  8.6193459118E-01 -5.0722730086E-03
           HessRho_EigVec2 = -1.7046456808E-02  1.5909962686E-02  9.9972810874E-01
           HessRho_EigVec3 =  8.6178093837E-01 -5.0676980338E-01  2.2759188230E-02
           DelSqRho = -1.8639417395E+01
           Bond Ellipticity = NA
           V = -4.6689912539E+00
           G =  4.5684525209E-03
           K =  4.6644228014E+00
           L =  4.6598543488E+00
           Vnuc =  3.8628559192E+01
           Ven = -1.6312372655E+01
           Vrep =  1.1643381401E+01
           DelSqV =  7.0102901681E+02
           DelSqVen =  7.2001383820E+02
           DelSqVrep = -1.8984821391E+01
           DelSqG =  6.8903107626E+01
           DelSqK = -7.6993212443E+02
           Stress_EigVals = -1.6079207787E+00 -1.6072330294E+00 -1.4538374457E+00
           Stress_EigVec1 =  5.0839223813E-01  8.6111040142E-01 -5.1194499890E-03
           Stress_EigVec2 = -1.7002998550E-02  1.5981979115E-02  9.9972770012E-01
           Stress_EigVec3 =  8.6095774011E-01 -5.0816675698E-01  2.2766573038E-02
           -DivStress = -6.9050327394E+00  4.0298203713E+00 -1.8189275054E-01
           ESP =  -1.1410423367E+00     ESP at Nucleus =  -1.1435896121E+00
           ESPe = -1.1817597914E+01     ESPe at Nucleus = -1.1770919991E+01
           ESPn =  1.0676555577E+01     ESPn at Nucleus =  1.0627330379E+01

CP# 12     Coords =  8.42448337801892E+00  2.32659866519129E+00  1.94223324950031E-02
           Type = (3,-3) NACP H12
           Rho =  4.2703688296E-01     Rho at Nucleus =  4.2345518893E-01
           GradRho = -9.4220150345E-15 -5.3792572203E-15 -4.1199682554E-17
           HessRho_EigVals = -6.5067260400E+00 -6.5005216563E+00 -5.9162761473E+00
           HessRho_EigVec1 = -5.2733327875E-01  8.4935877740E-01 -2.2567241206E-02
           HessRho_EigVec2 = -1.7101680621E-02  1.5944718106E-02  9.9972661187E-01
           HessRho_EigVec3 =  8.4948640110E-01  5.2757504984E-01  6.1172820660E-03
           DelSqRho = -1.8923523844E+01
           Bond Ellipticity = NA
           V = -4.7400827734E+00
           G =  4.6009062617E-03
           K =  4.7354818672E+00
           L =  4.7308809609E+00
           Vnuc =  3.8055101312E+01
           Ven = -1.6250931845E+01
           Vrep =  1.1510849072E+01
           DelSqV =  7.1309648758E+02
           DelSqVen =  7.2013661706E+02
           DelSqVrep = -7.0401294749E+00
           DelSqG =  7.0214140650E+01
           DelSqK = -7.8331062823E+02
           Stress_EigVals = -1.6300561438E+00 -1.6292898510E+00 -1.4807367786E+00
           Stress_EigVec1 = -5.2917609646E-01  8.4823281917E-01 -2.1765647509E-02
           Stress_EigVec2 = -1.6670607140E-02  1.5253363470E-02  9.9974468029E-01
           Stress_EigVec3 =  8.4834824794E-01  5.2940383393E-01  6.0688407530E-03
           -DivStress =  6.6169817185E+00  4.1219525552E+00  4.7450391704E-02
           ESP =  -1.1354266831E+00     ESP at Nucleus =  -1.1378139358E+00
           ESPe = -1.0084540577E+01     ESPe at Nucleus = -1.0011030200E+01
           ESPn =  8.9491138942E+00     ESPn at Nucleus =  8.8732162643E+00

CP# 13     Coords =  4.96823609408202E+00 -2.29046648292464E+00  3.16020265551521E-02
           Type = (3,-3) NACP H13
           Rho =  4.2226948428E-01     Rho at Nucleus =  4.1844676563E-01
           GradRho =  3.4670258228E-11  2.0094787994E-11  3.0267379315E-13
           HessRho_EigVals = -6.4183871390E+00 -6.4116845934E+00 -5.8079106539E+00
           HessRho_EigVec1 = -5.0377128503E-01  8.6356994983E-01 -2.1481017831E-02
           HessRho_EigVec2 = -1.7278276673E-02  1.4788798490E-02  9.9974134285E-01
           HessRho_EigVec3 =  8.6366425973E-01  5.0401213595E-01  7.4708285009E-03
           DelSqRho = -1.8637982386E+01
           Bond Ellipticity = NA
           V = -4.6686362163E+00
           G =  4.5703098517E-03
           K =  4.6640659064E+00
           L =  4.6594955966E+00
           Vnuc =  3.8628522762E+01
           Ven = -1.6311646385E+01
           Vrep =  1.1643010169E+01
           DelSqV =  7.0096586944E+02
           DelSqVen =  7.1995772691E+02
           DelSqVrep = -1.8991857462E+01
           DelSqG =  6.8895619699E+01
           DelSqK = -7.6986148914E+02
           Stress_EigVals = -1.6078126223E+00 -1.6071245863E+00 -1.4536990076E+00
           Stress_EigVec1 = -5.0516764823E-01  8.6274650913E-01 -2.1774024888E-02
           Stress_EigVec2 = -1.7419074559E-02  1.5031886739E-02  9.9973527407E-01
           Stress_EigVec3 =  8.6284542244E-01  5.0541320062E-01  7.4346228958E-03
           -DivStress = -6.9211462879E+00 -4.0083410279E+00 -6.0451642395E-02
           ESP =  -1.1410690614E+00     ESP at Nucleus =  -1.1436180882E+00
           ESPe = -1.1824298801E+01     ESPe at Nucleus = -1.1777727411E+01
           ESPn =  1.0683229740E+01     ESPn at Nucleus =  1.0634109323E+01

CP# 14     Coords =  8.41604494301662E+00 -2.33294847669698E+00  9.12041904590167E-02
           Type = (3,-3) NACP H14
           Rho =  4.2702468649E-01     Rho at Nucleus =  4.2344349528E-01
           GradRho = -2.5645506430E-15  3.3144348404E-15 -2.3494661078E-16
           HessRho_EigVals = -6.5065992015E+00 -6.5003986103E+00 -5.9162072202E+00
           HessRho_EigVec1 =  5.3042516387E-01  8.4772395368E-01 -3.6392151494E-03
           HessRho_EigVec2 = -1.6908543852E-02  1.4871597605E-02  9.9974643622E-01
           HessRho_EigVec3 =  8.4756312253E-01 -5.3022913343E-01  2.2222047242E-02
           DelSqRho = -1.8923205032E+01
           Bond Ellipticity = NA
           V = -4.7400016385E+00
           G =  4.6001902659E-03
           K =  4.7354014483E+00
           L =  4.7308012580E+00
           Vnuc =  3.8058995517E+01
           Ven = -1.6252130629E+01
           Vrep =  1.1512128991E+01
           DelSqV =  7.1308742363E+02
           DelSqVen =  7.2019817549E+02
           DelSqVrep = -7.1107518533E+00
           DelSqG =  7.0213736790E+01
           DelSqK = -7.8330116042E+02
           Stress_EigVals = -1.6300244002E+00 -1.6292579093E+00 -1.4807193290E+00
           Stress_EigVec1 =  5.3225955462E-01  8.4657135006E-01 -4.0884934764E-03
           Stress_EigVec2 = -1.6644176944E-02  1.5292829299E-02  9.9974451774E-01
           Stress_EigVec3 =  8.4641759073E-01 -5.3205552213E-01  2.2230237858E-02
           -DivStress =  6.6014250528E+00 -4.1423366588E+00  1.7328149790E-01
           ESP =  -1.1354273323E+00     ESP at Nucleus =  -1.1378136955E+00
           ESPe = -1.0086609200E+01     ESPe at Nucleus = -1.0013103164E+01
           ESPn =  8.9511818677E+00     ESPn at Nucleus =  8.8752894688E+00

CP# 15     Coords = -2.27104387620701E-01 -1.26174960243216E+00 -7.22929493154596E-02
           Type = (3,-3) NACP N15
           Rho =  1.9133553789E+02     Rho at Nucleus =  1.9133550639E+02
           GradRho = -9.6259111793E-13  1.2629900598E-11  2.1241810394E-12
           HessRho_EigVals = -3.2195915723E+05 -3.2195841385E+05 -3.2194844161E+05
           HessRho_EigVec1 =  2.4586008102E-02 -4.1887063999E-03  9.9968894309E-01
           HessRho_EigVec2 =  3.7198131708E-01  9.2822531829E-01 -5.2591082262E-03
           HessRho_EigVec3 =  9.2791455854E-01 -3.7199491020E-01 -2.4379475720E-02
           DelSqRho = -9.6586601269E+05
           Bond Ellipticity = NA
           V = -2.4149907672E+05
           G =  1.6286776302E+01
           K =  2.4148278995E+05
           L =  2.4146650317E+05
           Vnuc =  5.0039943441E+05
           Ven = -9.5744194943E+07
           Vrep =  9.5502695866E+07
           DelSqV =  7.5826157717E+09
           DelSqVen =  4.8331880640E+11
           DelSqVrep = -4.7573619063E+11
           DelSqG =  4.0639605172E+08
           DelSqK = -7.9890118234E+09
           Stress_EigVals = -8.0501221804E+04 -8.0499138832E+04 -8.0498716089E+04
           Stress_EigVec1 =  9.3963977393E-01 -3.4128800445E-01 -2.4486593595E-02
           Stress_EigVec2 =  3.4127750521E-01  9.3995065603E-01 -4.7358911702E-03
           Stress_EigVec3 =  2.4632492561E-02 -3.9066918647E-03  9.9968894066E-01
           -DivStress =  2.9026663816E+04 -1.8644484054E+04 -7.9096462645E+02
           ESP =  -1.8322284647E+01     ESP at Nucleus =  -1.8322286085E+01
           ESPe = -3.0275070870E+01     ESPe at Nucleus = -3.0275049941E+01
           ESPn =  1.1952786223E+01     ESPn at Nucleus =  1.1952763856E+01

CP# 16     Coords = -2.27189837026087E-01  1.26246708026617E+00 -6.23544829135529E-02
           Type = (3,-3) NACP N16
           Rho =  1.9133544724E+02     Rho at Nucleus =  1.9133541574E+02
           GradRho =  1.1921227894E-12  4.7310454165E-12 -6.2658732369E-13
           HessRho_EigVals = -3.2195899059E+05 -3.2195824609E+05 -3.2194827195E+05
           HessRho_EigVec1 =  2.3929888905E-02 -2.2523423254E-03  9.9971110195E-01
           HessRho_EigVec2 = -3.7203960493E-01  9.2815171608E-01  1.0996558693E-02
           HessRho_EigVec3 =  9.2790834288E-01  3.7219526985E-01 -2.1372606904E-02
           DelSqRho = -9.6586550864E+05
           Bond Ellipticity = NA
           V = -2.4149895089E+05
           G =  1.6286867875E+01
           K =  2.4148266403E+05
           L =  2.4146637716E+05
           Vnuc =  5.0042244242E+05
           Ven = -9.5748551827E+07
           Vrep =  9.5507052876E+07
           DelSqV =  7.5826118105E+09
           DelSqVen =  4.8334077734E+11
           DelSqVrep = -4.7575816553E+11
           DelSqG =  4.0639581934E+08
           DelSqK = -7.9890076298E+09
           Stress_EigVals = -8.0501180216E+04 -8.0499096879E+04 -8.0498673800E+04
           Stress_EigVec1 =  9.3962994758E-01  3.4149960951E-01 -2.1761854658E-02
           Stress_EigVec2 = -3.4132983238E-01  9.3987680387E-01  1.1204422013E-02
           Stress_EigVec3 =  2.4279768145E-02 -3.1000402657E-03  9.9970039642E-01
           -DivStress =  2.9025174467E+04  1.8649805215E+04 -6.3412839025E+02
           ESP =  -1.8322297336E+01     ESP at Nucleus =  -1.8322298775E+01
           ESPe = -3.0274971186E+01     ESPe at Nucleus = -3.0274950257E+01
           ESPn =  1.1952673850E+01     ESPn at Nucleus =  1.1952651482E+01

