AIMSum (Version 19.02.13, Professional)
Copyright (c) 1997-2019 by Todd A. Keith
AIMSum is a component of the AIMAll package ( http://aim.tkgristmill.com )

TP:  64-bit Linux

Much of the Quantum Theory of Atoms in Molecules (QTAIM) is described in the book:
  "Atoms in Molecules - A Quantum Theory"
  R.F.W. Bader, Oxford University Press, Oxford, 1990

For additional references see:  http://aim.tkgristmill.com/references.html

Wfn File:  /home/mhennefarth/Documents/ML_Diels/summary-N-hayden2009/37-opt/37-opt.wfn
Sum File:  /home/mhennefarth/Documents/ML_Diels/summary-N-hayden2009/37-opt/37-opt.sum

SumViz File:  /home/mhennefarth/Documents/ML_Diels/summary-N-hayden2009/37-opt/37-opt.sumviz

Wfn Title:   Title Card Required                                                           
 
Total memory allocated for AIMSum =        0.781 Megabytes

Atomic units (a.u.) used throughout, except where stated otherwise

Model:  Restricted SCF
 
Restricted, closed-shell, single-determinant wavefunction.
  Number of electrons (from MO Occs)                   =          58.0000000000
  Number of Alpha electrons (from MO Occs)             =          29.0000000000
  Number of Beta electrons (from MO Occs)              =          29.0000000000
  Number of electron pairs (N*(N-1)/2)                 =        1653.0000000000
  Number of electron pairs (from Muller 2EDM)          =        1653.0000000000
 
Nuclear Charges and Cartesian Coordinates:
-------------------------------------------------------------------------------
Atom      Charge                X                  Y                  Z
-------------------------------------------------------------------------------
C1         6.0           4.7928846100E+00  -1.2896157900E+00   4.0348700000E-02
C2         6.0           4.7732462200E+00   1.3257337000E+00   4.1340760000E-02
C3         6.0           2.4065014500E+00   2.5020269400E+00  -1.0795050000E-02
C4         6.0          -6.7268775100E+00   1.2544291800E+00   2.0757070000E-02
C5         6.0          -6.6838219900E+00  -1.2615911300E+00   2.6525210000E-02
H6         1.0           6.5359451900E+00  -2.3721814800E+00   7.8703940000E-02
H7         1.0           6.4998826100E+00   2.4342839000E+00   8.0602020000E-02
H8         1.0           2.2308529300E+00   4.5490386800E+00  -1.3329300000E-02
H9         1.0          -8.4887657100E+00   2.3154579400E+00   5.3295920000E-02
H10        1.0          -4.9810312400E+00   2.3364078600E+00  -1.7039000000E-02
H11        1.0          -8.4093215200E+00  -2.3807300300E+00   6.4043720000E-02
H12        1.0          -4.9023020600E+00  -2.2840970200E+00  -6.6879800000E-03
H13        1.0           2.2992248900E+00  -4.5507404600E+00  -1.7387460000E-02
N14        7.0           2.3661173000E-01  -1.2781434100E+00  -6.1548720000E-02
C15        6.0           2.4440968100E+00  -2.5013182300E+00  -1.2826960000E-02
N16        7.0           2.1757932000E-01   1.2459395000E+00  -6.0494170000E-02
 
Some Atomic Properties:
----------------------
  q(A) = Net Charge of Atom A
  L(A) = Lagrangian of Atom A = -(1/4) Times Atomic Integral of the Laplacian of the Electron Density
  K(A) = Electronic Kinetic Energy of Atom A (Hamiltonian Form)
  K_Scaled(A) = K(A) * E(Mol)/K(Mol) = Approximation to Virial-Based Total Energy of Atom A.
  |Mu_Intra(A)| = Magnitude of Intraatomic Dipole Moment of Atom A
--------------------------------------------------------------------------------------------------
Atom A          q(A)              L(A)              K(A)          K_Scaled(A)      |Mu_Intra(A)|
--------------------------------------------------------------------------------------------------
C1       -3.3036352000E-02  1.5631178916E-05  3.7746244464E+01 -3.8114558729E+01  1.3346043323E-01
C2       -3.3170892900E-02 -1.5472433204E-04  3.7746206157E+01 -3.8114520048E+01  1.3347357853E-01
C3        5.3951584150E-01 -2.7870562920E-06  3.7408311638E+01 -3.7773328476E+01  6.5733928363E-01
C4       -9.1082905200E-02 -4.6916308590E-05  3.7699924963E+01 -3.8067787259E+01  1.0463430536E-01
C5       -9.1118754300E-02 -3.4362253395E-05  3.7700249896E+01 -3.8068115363E+01  1.0731847378E-01
H6        6.7004931940E-02  2.5496155322E-05  5.8709799448E-01 -5.9282668535E-01  1.4441868233E-01
H7        6.7009815090E-02  2.6301735852E-05  5.8709558808E-01 -5.9282425547E-01  1.4442960606E-01
H8        6.9160203490E-02  2.2889560752E-05  5.9096788159E-01 -5.9673433343E-01  1.4494293396E-01
H9        2.2687369360E-02  1.6203321566E-05  6.0204379692E-01 -6.0791832356E-01  1.5152629803E-01
H10       6.4239665860E-02  1.2381580517E-05  5.8673713487E-01 -5.9246230461E-01  1.3784951014E-01
H11       2.2616670230E-02  1.9028318302E-05  6.0207594917E-01 -6.0795078953E-01  1.5149594154E-01
H12       6.6975937930E-02  3.0783420334E-05  5.8577408505E-01 -5.9148985769E-01  1.3663110042E-01
H13       6.9181680120E-02  2.6878213460E-05  5.9095591195E-01 -5.9672224700E-01  1.4493742394E-01
N14      -6.3975911650E-01  2.0254732953E-05  5.4561216740E+01 -5.5093605451E+01  6.9536976078E-01
C15       5.3929738860E-01 -4.6177132893E-05  3.7408481849E+01 -3.7773500348E+01  6.5751576770E-01
N16      -6.3951595860E-01  1.8539230417E-05  5.4561184721E+01 -5.5093573120E+01  6.9574140105E-01
--------------------------------------------------------------------------------------------------
Total     5.5246199999E-06 -5.0579634819E-05  3.3956456877E+02 -3.4287791759E+02
 
1st Largest |L(A)| = 1.5472433204E-04, atom C2      
2nd Largest |L(A)| = 4.6916308590E-05, atom C4      
 
Molecular charge q(Mol) from the wfn file:   0.0000000000E+00
Molecular energy E(Mol) from the wfn file:  -3.4287794287E+02
Molecular virial ratio (-V(Mol)/T(Mol)) from the wfn file:   2.0097576400E+00
Note.  K_Scaled(A) = (1+V(Mol)/T(Mol))*K(A) = (E(Mol)/T(Mol))*K(A)
       Only use K_Scaled(A) data with caution.
 
N_AIMInt(SumA)     =         57.999994
N_Analytic(Mol)    =         57.999993
 
G_AIMInt(SumA)     =        339.564619
G_Analytic(Mol)    =        339.564575
 
K_AIMInt(SumA)     =        339.564569
K_Analytic(Mol)    =        339.564575
 
L_AIMInt(SumA)     =         -0.000051
L_Analytic(Mol)    =          0.000000
 
VenT_AIMInt(SumA)  =      -1424.796965
VenT_Analytic(Mol) =      -1424.796367
 
Some Information About the Atomic Calculations:
----------------------------------------------
  Time(sec) = "Elapsed User Time", in Seconds, for Atom A by AIMInt and, if used, by TWOe
  NProc = Number of Processors Used for AIMInt Job
  BIM = Basin Integration Method
  OAQ = Angular Quadrature Outside of Beta Sphere
  ORQ = Multiple of Default for Radial Quadrature Outside of Beta Sphere
  IAQ = Multiple of Default for Angular Quadrature Inside of Beta Sphere
  IRQ = Multiple of Default for Radial Quadrature Inside of Beta Sphere
  MIR = Maximum Integration Radius
------------------------------------------------------------------------------------------------------
Atom A     Time(sec)   NProc      BIM          OAQ                     ORQ      IAQ      IRQ      MIR
------------------------------------------------------------------------------------------------------
C1             17        8     Proaim(5)    4500(GS4)                  1.00     1.00     1.00    13.00
C2             16        8     Proaim(5)    4500(GS4)                  1.00     1.00     1.00    13.00
C3             15        8     Proaim(5)    4500(GS4)                  1.00     1.00     1.00    13.00
C4             17        8     Proaim(5)    4500(GS4)                  1.00     1.00     1.00    13.00
C5             17        8     Proaim(5)    4500(GS4)                  1.00     1.00     1.00    13.00
H6              4        8     Proaim(5)    1800(GS4)                  1.00     1.00     1.00    13.00
H7              4        8     Proaim(5)    1800(GS4)                  1.00     1.00     1.00    13.00
H8              5        8     Proaim(5)    1800(GS4)                  1.00     1.00     1.00    13.00
H9              4        8     Proaim(5)    1800(GS4)                  1.00     1.00     1.00    13.00
H10            10        8     Proaim(5)    4500(GS4)                  1.00     1.00     1.00    13.00
H11             4        8     Proaim(5)    1800(GS4)                  1.00     1.00     1.00    13.00
H12             9        8     Proaim(5)    4500(GS4)                  1.00     1.00     1.00    13.00
H13             7        8     Proaim(5)    1800(GS4)                  1.00     1.00     1.00    13.00
N14            16        8     Proaim(5)    4500(GS4)                  1.00     1.00     1.00    13.00
C15            15        8     Proaim(5)    4500(GS4)                  1.00     1.00     1.00    13.00
N16            18        8     Proaim(5)    4500(GS4)                  1.00     1.00     1.00    13.00
------------------------------------------------------------------------------------------------------
Total         178
Note:  Total wall clock time is less than total of atomic times if more than one atom
       was calculated at a time
 
Electron Density Critical Point Analysis of Molecular Structure:               
---------------------------------------------------------------                
  NACP = Nuclear Attractor Critical Point                                      
  NNACP = Non-Nuclear Attractor Critical Point                                 
  BCP = Bond Critical Point                                                    
  RCP = Ring Critical Point                                                    
  CCP = Cage Critical Point                                                    
  Rho = Electron Density                                                       
  GradRho = Gradient of Electron Density                                       
  HessRho_EigVals = Eigenvalues of the Hessian of Rho, Ascending Order         
  HessRho_EigVecs = Eigenvectors of the Hessian of Rho                         
  DelSqRho = Laplacian of Rho = Trace of Hessian of Rho                        
  Bond Ellipticity = (HessRho_EigVal(1) / HessRho_EigVal(2)) - 1               
  V = Virial Field = Potential Energy Density = Trace of Stress Tensor         
  G = Lagrangian Form of Kinetic Energy Density                                
  K = Hamiltonian Form of Kinetic Energy Density                               
  L = K - G = Lagrangian Density = (-1/4)DelSqRho                              
  Vnuc = Electrostatic Potential from Nuclei                                   
  Ven = Electron-nuclear attractive contribution to Virial Field V             
  Vrep = V - Ven = Repulsive contribution to Virial Field V                    
  DelSqV = Laplacian of V                                                      
  DelSqVen = Laplacian of Ven                                                  
  DelSqVrep = Laplacian of Vrep                                                
  DelSqG = Laplacian of G                                                      
  DelSqK = Laplacian of K                                                      
  Stress_EigVals = Eigenvalues of Stress Tensor, Ascending Order               
  Stress_EigVecs = Eigenvectors of Stress Tensor                               
  -DivStress = Ehrenfest Force Density = Minus Divergence of Stress Tensor     
  ESP = Total Electrostatic Potential                                          
  ESPe = Electrostatic Potential from Electrons                                
  ESPn = Electrostatic Potential from Nuclei                                   
  BP = Bond Path                                                               
  BPL = Bond Path Length                                                       
  GBL = Geometric Bond Length                                                  
  GBL_I = Distance Between Nuclear Attractors                                  
  GBL_II = Distance Between Nuclei                                             
  GBL_III = Sum of Distances Between BCP and Nuclear Attractors                
  GBL_IV = Sum of Distances Between BCP and Nuclei                             

CP# 1      Coords =  4.79288451739744E+00 -1.28961555098420E+00  4.03486979799962E-02
           Type = (3,-3) NACP C1
           Rho =  1.1767937841E+02     Rho at Nucleus =  1.1767937840E+02
           GradRho =  3.7778696716E-11  8.2290638621E-12  2.0697468262E-13
           HessRho_EigVals = -1.4500411136E+05 -1.4500271386E+05 -1.4500258118E+05
           HessRho_EigVec1 = -2.2342362090E-02 -5.9612810045E-04  9.9975020054E-01
           HessRho_EigVec2 =  9.1301426294E-01 -4.0742911980E-01  2.0161051528E-02
           HessRho_EigVec3 =  4.0731532566E-01  9.1323663799E-01  9.6472023788E-03
           DelSqRho = -4.3500940639E+05
           Bond Ellipticity = NA
           V = -1.0876270168E+05
           G =  5.1750385376E+00
           K =  1.0875752664E+05
           L =  1.0875235160E+05
           Vnuc =  2.3406839377E+07
           Ven = -2.7545023083E+09
           Vrep =  2.7543935456E+09
           DelSqV =  2.4952379633E+09
           DelSqVen =  1.0182209831E+13
           DelSqVrep = -1.0179714593E+13
           DelSqG =  1.3402695770E+08
           DelSqK = -2.6292649210E+09
           Stress_EigVals = -3.6254466276E+04 -3.6254449501E+04 -3.6253785898E+04
           Stress_EigVec1 = -3.1954695472E-01  9.4754746332E-01 -6.5991280541E-03
           Stress_EigVec2 =  9.4730689056E-01  3.1961457374E-01  2.1358355304E-02
           Stress_EigVec3 = -2.2347232889E-02 -5.7359791776E-04  9.9975010486E-01
           -DivStress =  7.8136703340E+01 -1.9677389433E+02  1.6992057671E+00
           ESP =  -1.4698135163E+01     ESP at Nucleus =  -1.4698135162E+01
           ESPe = -2.5984877414E+01     ESPe at Nucleus = -2.5984877095E+01
           ESPn =  1.1286742251E+01     ESPn at Nucleus =  1.1286741933E+01

CP# 2      Coords =  4.77324613099115E+00  1.32573345980786E+00  4.13407576672932E-02
           Type = (3,-3) NACP C2
           Rho =  1.1767935823E+02     Rho at Nucleus =  1.1767935822E+02
           GradRho =  2.5545639937E-11 -9.1712167171E-12 -1.1911805364E-13
           HessRho_EigVals = -1.4500406223E+05 -1.4500266404E+05 -1.4500253141E+05
           HessRho_EigVec1 = -2.2287877121E-02 -5.8507237648E-04  9.9975142322E-01
           HessRho_EigVec2 =  9.0631453672E-01  4.2210861321E-01  2.0451874978E-02
           HessRho_EigVec3 = -4.2201565264E-01  9.0654507684E-01 -8.8776453029E-03
           DelSqRho = -4.3500925768E+05
           Bond Ellipticity = NA
           V = -1.0876266434E+05
           G =  5.1749577917E+00
           K =  1.0875748938E+05
           L =  1.0875231442E+05
           Vnuc =  2.3422455322E+07
           Ven = -2.7563395104E+09
           Vrep =  2.7562307477E+09
           DelSqV =  2.4952370870E+09
           DelSqVen =  1.0188937495E+13
           DelSqVrep = -1.0186442257E+13
           DelSqG =  1.3402688717E+08
           DelSqK = -2.6292639742E+09
           Stress_EigVals = -3.6254453843E+04 -3.6254437134E+04 -3.6253773359E+04
           Stress_EigVec1 =  3.0576576924E-01  9.5207818910E-01  7.3767343800E-03
           Stress_EigVec2 =  9.5184524238E-01 -3.0585419038E-01  2.1067719106E-02
           Stress_EigVec3 = -2.2314320976E-02 -5.7972218532E-04  9.9975083646E-01
           -DivStress =  7.5209461708E+01  1.9774596117E+02  1.9576469385E+00
           ESP =  -1.4698132836E+01     ESP at Nucleus =  -1.4698132835E+01
           ESPe = -2.5986372756E+01     ESPe at Nucleus = -2.5986372437E+01
           ESPn =  1.1288239921E+01     ESPn at Nucleus =  1.1288239603E+01

CP# 3      Coords =  2.40650051169799E+00  2.50202589492506E+00 -1.07950722240481E-02
           Type = (3,-3) NACP C3
           Rho =  1.1765640201E+02     Rho at Nucleus =  1.1765640187E+02
           GradRho = -3.8682691818E-10 -4.1781565162E-10 -9.3805895939E-12
           HessRho_EigVals = -1.4496020866E+05 -1.4495910717E+05 -1.4495874618E+05
           HessRho_EigVec1 = -2.2162539342E-02 -5.7377418411E-04  9.9975421611E-01
           HessRho_EigVec2 =  8.9458720112E-01  4.4644174898E-01  2.0087417954E-02
           HessRho_EigVec3 = -4.4634354643E-01  8.9481251419E-01 -9.3809917843E-03
           DelSqRho = -4.3487806201E+05
           Bond Ellipticity = NA
           V = -1.0872983811E+05
           G =  5.1613046276E+00
           K =  1.0872467681E+05
           L =  1.0871951550E+05
           Vnuc =  4.2714903687E+06
           Ven = -5.0256818800E+08
           Vrep =  5.0245945816E+08
           DelSqV =  2.4944701154E+09
           DelSqVen =  1.8575775498E+12
           DelSqVrep = -1.8550830469E+12
           DelSqG =  1.3397137636E+08
           DelSqK = -2.6284414918E+09
           Stress_EigVals = -3.6243541650E+04 -3.6243434504E+04 -3.6242861958E+04
           Stress_EigVec1 = -3.4960828317E-01  9.3686831481E-01 -7.1978500869E-03
           Stress_EigVec2 =  9.3663184523E-01  3.4968182140E-01  2.1057309721E-02
           Stress_EigVec3 = -2.2244883601E-02 -6.2007429134E-04  9.9975235967E-01
           -DivStress =  7.6739751959E+02  8.5424339338E+02  1.8157775783E+01
           ESP =  -1.4687152759E+01     ESP at Nucleus =  -1.4687152766E+01
           ESPe = -2.6590040865E+01     ESPe at Nucleus = -2.6590038908E+01
           ESPn =  1.1902888105E+01     ESPn at Nucleus =  1.1902886142E+01

CP# 4      Coords = -6.72687808138043E+00  1.25443017625359E+00  2.07570784215628E-02
           Type = (3,-3) NACP C4
           Rho =  1.1768251319E+02     Rho at Nucleus =  1.1768251309E+02
           GradRho = -1.2333292991E-10  3.0866751838E-10  2.7982030755E-12
           HessRho_EigVals = -1.4501165341E+05 -1.4501059196E+05 -1.4501037047E+05
           HessRho_EigVec1 =  2.0090066838E-02  2.4881177495E-03  9.9979507825E-01
           HessRho_EigVec2 =  9.4845608428E-01 -3.1638145212E-01 -1.8271095964E-02
           HessRho_EigVec3 =  3.1627115804E-01  9.4862879253E-01 -8.7159949372E-03
           DelSqRho = -4.3503261585E+05
           Bond Ellipticity = NA
           V = -1.0876833810E+05
           G =  5.0920695320E+00
           K =  1.0876324603E+05
           L =  1.0875815396E+05
           Vnuc =  5.2241832800E+06
           Ven = -6.1479501774E+08
           Vrep =  6.1468624941E+08
           DelSqV =  2.4953726776E+09
           DelSqVen =  2.2726900449E+12
           DelSqVrep = -2.2701947378E+12
           DelSqG =  1.3403830144E+08
           DelSqK = -2.6294109790E+09
           Stress_EigVals = -3.6256375477E+04 -3.6256261029E+04 -3.6255701595E+04
           Stress_EigVec1 =  1.5657958020E-01  9.8764911176E-01 -5.6627827542E-03
           Stress_EigVec2 =  9.8746186452E-01 -1.5666112593E-01 -1.9399941923E-02
           Stress_EigVec3 =  2.0047473331E-02  2.5541472545E-03  9.9979576672E-01
           -DivStress =  4.6361024709E+02 -8.0874499224E+02 -6.7973342441E+00
           ESP =  -1.4773308714E+01     ESP at Nucleus =  -1.4773308730E+01
           ESPe = -2.3216605789E+01     ESPe at Nucleus = -2.3216606983E+01
           ESPn =  8.4432970747E+00     ESPn at Nucleus =  8.4432982529E+00

CP# 5      Coords = -6.68382255808727E+00 -1.26159211733581E+00  2.65252233743346E-02
           Type = (3,-3) NACP C5
           Rho =  1.1768342693E+02     Rho at Nucleus =  1.1768342683E+02
           GradRho = -2.1600997517E-10 -2.9882411448E-10  4.1350074406E-12
           HessRho_EigVals = -1.4501297354E+05 -1.4501190068E+05 -1.4501167738E+05
           HessRho_EigVec1 =  2.0131440137E-02  2.7023277744E-03  9.9979368999E-01
           HessRho_EigVec2 =  9.2860136917E-01  3.7055556464E-01 -1.9699509675E-02
           HessRho_EigVec3 = -3.7053234985E-01  9.2880636891E-01  4.9504318958E-03
           DelSqRho = -4.3503655160E+05
           Bond Ellipticity = NA
           V = -1.0876932215E+05
           G =  5.0921263890E+00
           K =  1.0876423003E+05
           L =  1.0875913790E+05
           Vnuc =  5.2669488682E+06
           Ven = -6.1983259226E+08
           Vrep =  6.1972382294E+08
           DelSqV =  2.4953953518E+09
           DelSqVen =  2.2913152451E+12
           DelSqVrep = -2.2888197842E+12
           DelSqG =  1.3403969671E+08
           DelSqK = -2.6294350485E+09
           Stress_EigVals = -3.6256704178E+04 -3.6256590431E+04 -3.6256027545E+04
           Stress_EigVec1 = -2.0430827264E-01  9.7890543702E-01  1.5083461663E-03
           Stress_EigVec2 =  9.7870032098E-01  2.0429660834E-01 -2.0213300731E-02
           Stress_EigVec3 =  2.0095059992E-02  2.6535256796E-03  9.9979455258E-01
           -DivStress =  4.6103771770E+02  8.0145579560E+02 -1.0820052986E+01
           ESP =  -1.4773510042E+01     ESP at Nucleus =  -1.4773510058E+01
           ESPe = -2.3237947507E+01     ESPe at Nucleus = -2.3237948680E+01
           ESPn =  8.4644374649E+00     ESPn at Nucleus =  8.4644386221E+00

CP# 6      Coords =  6.50578671022533E+00 -2.35342576028082E+00  7.80403288800013E-02
           Type = (3,-3) NACP H6
           Rho =  4.2561712569E-01     Rho at Nucleus =  4.2180423588E-01
           GradRho = -2.7877360107E-14  1.6290370337E-14 -6.3203396238E-16
           HessRho_EigVals = -6.4965155301E+00 -6.4907412862E+00 -5.8813752659E+00
           HessRho_EigVec1 =  5.2705599248E-01  8.4974293030E-01  1.2203818676E-02
           HessRho_EigVec2 = -2.2319875757E-02 -5.1421738091E-04  9.9975074830E-01
           HessRho_EigVec3 =  8.4953740585E-01 -5.2719701060E-01  1.8695135278E-02
           DelSqRho = -1.8868632082E+01
           Bond Ellipticity = NA
           V = -4.7259297686E+00
           G =  4.3858740169E-03
           K =  4.7215438946E+00
           L =  4.7171580206E+00
           Vnuc =  3.8821366221E+01
           Ven = -1.6523038306E+01
           Vrep =  1.1797108538E+01
           DelSqV =  7.1017470104E+02
           DelSqVen =  7.3250607615E+02
           DelSqVrep = -2.2331375115E+01
           DelSqG =  7.0053190440E+01
           DelSqK = -7.8022789148E+02
           Stress_EigVals = -1.6273255688E+00 -1.6264714200E+00 -1.4721327798E+00
           Stress_EigVec1 =  5.2773681205E-01  8.4931880418E-01  1.2305529759E-02
           Stress_EigVec2 = -2.2365286173E-02 -5.8807690046E-04  9.9974969274E-01
           Stress_EigVec3 =  8.4911345012E-01 -5.2787993239E-01  1.8684908279E-02
           -DivStress =  6.8238466945E+00 -4.2442521242E+00  1.5015203815E-01
           ESP =  -1.0655082017E+00     ESP at Nucleus =  -1.0681027064E+00
           ESPe = -1.1734623882E+01     ESPe at Nucleus = -1.1643963447E+01
           ESPn =  1.0669115680E+01     ESPn at Nucleus =  1.0575860740E+01

CP# 7      Coords =  6.47000924961408E+00  2.41507880051967E+00  7.99226903506284E-02
           Type = (3,-3) NACP H7
           Rho =  4.2561846963E-01     Rho at Nucleus =  4.2180565073E-01
           GradRho = -1.5048798575E-14 -9.3119055821E-15 -4.0615060414E-16
           HessRho_EigVals = -6.4965781992E+00 -6.4908066918E+00 -5.8814394842E+00
           HessRho_EigVec1 = -5.3974067342E-01  8.4175192648E-01 -1.1562859798E-02
           HessRho_EigVec2 = -2.2351377962E-02 -5.9872597094E-04  9.9974999746E-01
           HessRho_EigVec3 =  8.4153456338E-01  5.3986418273E-01  1.9137472218E-02
           DelSqRho = -1.8868824375E+01
           Bond Ellipticity = NA
           V = -4.7259780239E+00
           G =  4.3859650467E-03
           K =  4.7215920588E+00
           L =  4.7172060938E+00
           Vnuc =  3.8823575834E+01
           Ven = -1.6524030932E+01
           Vrep =  1.1798052908E+01
           DelSqV =  7.1018303255E+02
           DelSqVen =  7.3255523403E+02
           DelSqVrep = -2.2372201473E+01
           DelSqG =  7.0054434635E+01
           DelSqK = -7.8023746719E+02
           Stress_EigVals = -1.6273413056E+00 -1.6264872771E+00 -1.4721494411E+00
           Stress_EigVec1 = -5.4041760776E-01  8.4131644728E-01 -1.1638073707E-02
           Stress_EigVec2 = -2.2383064963E-02 -5.4800565940E-04  9.9974931763E-01
           Stress_EigVec3 =  8.4109916634E-01  5.4054263035E-01  1.9127392601E-02
           -DivStress =  6.7593881304E+00  4.3459835333E+00  1.5371009493E-01
           ESP =  -1.0655099071E+00     ESP at Nucleus =  -1.0681043553E+00
           ESPe = -1.1736430132E+01     ESPe at Nucleus = -1.1645773340E+01
           ESPn =  1.0670920225E+01     ESPn at Nucleus =  1.0577668984E+01

CP# 8      Coords =  2.23433271101505E+00  4.51353038798426E+00 -1.32762418396425E-02
           Type = (3,-3) NACP H8
           Rho =  4.2910719218E-01     Rho at Nucleus =  4.2522810855E-01
           GradRho =  9.0470032673E-16 -2.3566873482E-15 -4.1322502332E-18
           HessRho_EigVals = -6.5605845479E+00 -6.5502063895E+00 -5.9291637017E+00
           HessRho_EigVec1 =  9.9559550336E-01  9.1058848580E-02  2.2313219953E-02
           HessRho_EigVec2 = -2.2343178769E-02 -6.9049903574E-04  9.9975012157E-01
           HessRho_EigVec3 = -9.1051502194E-02  9.9584527378E-01 -1.3470863973E-03
           DelSqRho = -1.9039954639E+01
           Bond Ellipticity = NA
           V = -4.7684335047E+00
           G =  4.2224224574E-03
           K =  4.7642110822E+00
           L =  4.7599886598E+00
           Vnuc =  3.9281084855E+01
           Ven = -1.6855796028E+01
           Vrep =  1.2087362523E+01
           DelSqV =  7.1648110098E+02
           DelSqVen =  7.4791007382E+02
           DelSqVrep = -3.1428972840E+01
           DelSqG =  7.0760487762E+01
           DelSqK = -7.8724158874E+02
           Stress_EigVals = -1.6428535778E+00 -1.6413225019E+00 -1.4842574249E+00
           Stress_EigVec1 =  9.9560078862E-01  9.0984968320E-02  2.2378678258E-02
           Stress_EigVec2 = -2.2408129318E-02 -6.9794430662E-04  9.9974866272E-01
           Stress_EigVec3 = -9.0977719477E-02  9.9585202134E-01 -1.3439290341E-03
           -DivStress = -7.9460272088E-01  8.1044331267E+00 -1.2115753888E-02
           ESP =  -1.0811761796E+00     ESP at Nucleus =  -1.0837936981E+00
           ESPe = -1.2334123288E+01     ESPe at Nucleus = -1.2241926525E+01
           ESPn =  1.1252947109E+01     ESPn at Nucleus =  1.1158132827E+01

CP# 9      Coords = -8.45933432481861E+00  2.29773822537455E+00  5.27527595163179E-02
           Type = (3,-3) NACP H9
           Rho =  4.2702373722E-01     Rho at Nucleus =  4.2344195453E-01
           GradRho =  7.8246923728E-15 -5.6943363772E-15 -1.6089560240E-16
           HessRho_EigVals = -6.5065062316E+00 -6.5002878447E+00 -5.9160463250E+00
           HessRho_EigVec1 =  5.1465135472E-01  8.5730562207E-01 -1.2690684119E-02
           HessRho_EigVec2 =  2.0098468664E-02  2.7345779886E-03  9.9979426566E-01
           HessRho_EigVec3 =  8.5716394852E-01 -5.1480053658E-01 -1.5823175914E-02
           DelSqRho = -1.8922840401E+01
           Bond Ellipticity = NA
           V = -4.7399121835E+00
           G =  4.6010416107E-03
           K =  4.7353111419E+00
           L =  4.7307101003E+00
           Vnuc =  3.8044185449E+01
           Ven = -1.6245770250E+01
           Vrep =  1.1505858066E+01
           DelSqV =  7.1307000689E+02
           DelSqVen =  7.1990404945E+02
           DelSqVrep = -6.8340425613E+00
           DelSqG =  7.0211232003E+01
           DelSqK = -7.8328123890E+02
           Stress_EigVals = -1.6299982328E+00 -1.6292345507E+00 -1.4806794001E+00
           Stress_EigVec1 =  5.1649975387E-01  8.5619660984E-01 -1.2464732177E-02
           Stress_EigVec2 =  1.9964969513E-02  2.5114635192E-03  9.9979752577E-01
           Stress_EigVec3 =  8.5605455682E-01 -5.1664403398E-01 -1.5796768923E-02
           -DivStress = -6.6770349337E+00  4.0222840499E+00  1.2322283416E-01
           ESP =  -1.1353661555E+00     ESP at Nucleus =  -1.1377533068E+00
           ESPe = -1.0074465332E+01     ESPe at Nucleus = -1.0000966134E+01
           ESPn =  8.9390991765E+00     ESPn at Nucleus =  8.8632128274E+00

CP# 10     Coords = -5.01162044980889E+00  2.31794078297765E+00 -1.63779460132110E-02
           Type = (3,-3) NACP H10
           Rho =  4.2246581525E-01     Rho at Nucleus =  4.1865057595E-01
           GradRho = -5.0350868935E-12 -3.0437246332E-12  1.0886620381E-13
           HessRho_EigVals = -6.4220465808E+00 -6.4153296858E+00 -5.8121362697E+00
           HessRho_EigVec1 = -5.1961582029E-01  8.5436219605E-01  8.0397307504E-03
           HessRho_EigVec2 =  1.9959457404E-02  2.7308683245E-03  9.9979706062E-01
           HessRho_EigVec3 =  8.5416685687E-01  5.1967083844E-01 -1.8471608244E-02
           DelSqRho = -1.8649512536E+01
           Bond Ellipticity = NA
           V = -4.6715103433E+00
           G =  4.5661046314E-03
           K =  4.6669442387E+00
           L =  4.6623781341E+00
           Vnuc =  3.8629111748E+01
           Ven = -1.6319479187E+01
           Vrep =  1.1647968844E+01
           DelSqV =  7.0144526647E+02
           DelSqVen =  7.2041410382E+02
           DelSqVrep = -1.8968837344E+01
           DelSqG =  6.8948397908E+01
           DelSqK = -7.7039366438E+02
           Stress_EigVals = -1.6087282463E+00 -1.6080405868E+00 -1.4547415103E+00
           Stress_EigVec1 = -5.2099301614E-01  8.5352630824E-01  7.6888413041E-03
           Stress_EigVec2 =  1.9760600060E-02  3.0553604658E-03  9.9980007174E-01
           Stress_EigVec3 =  8.5333217203E-01  5.2104079104E-01 -1.8458013482E-02
           -DivStress =  6.8409871186E+00  4.1307931200E+00 -1.4783497793E-01
           ESP =  -1.1409316051E+00     ESP at Nucleus =  -1.1434735985E+00
           ESPe = -1.1788240038E+01     ESPe at Nucleus = -1.1741088742E+01
           ESPn =  1.0647308433E+01     ESPn at Nucleus =  1.0597615144E+01

CP# 11     Coords = -8.38050356264579E+00 -2.36203753317603E+00  6.34173981456487E-02
           Type = (3,-3) NACP H11
           Rho =  4.2703428744E-01     Rho at Nucleus =  4.2345298334E-01
           GradRho =  4.3822503135E-15  3.3860466586E-15 -1.5585406229E-16
           HessRho_EigVals = -6.5067498657E+00 -6.5005658931E+00 -5.9163537017E+00
           HessRho_EigVec1 = -5.4307402655E-01  8.3963815354E-01  8.8528415975E-03
           HessRho_EigVec2 =  2.0123159087E-02  2.4740933336E-03  9.9979444754E-01
           HessRho_EigVec3 =  8.3944366110E-01  5.4314054349E-01 -1.8239787968E-02
           DelSqRho = -1.8923669461E+01
           Bond Ellipticity = NA
           V = -4.7401170594E+00
           G =  4.5998471538E-03
           K =  4.7355172123E+00
           L =  4.7309173651E+00
           Vnuc =  3.8069103673E+01
           Ven = -1.6256812561E+01
           Vrep =  1.1516695501E+01
           DelSqV =  7.1310460154E+02
           DelSqVen =  7.2040713458E+02
           DelSqVrep = -7.3025330389E+00
           DelSqG =  7.0215592745E+01
           DelSqK = -7.8332019428E+02
           Stress_EigVals = -1.6300650238E+00 -1.6292964925E+00 -1.4807555431E+00
           Stress_EigVec1 = -5.4488765723E-01  8.3846406203E-01  8.6866384137E-03
           Stress_EigVec2 =  2.0012937059E-02  2.6476199491E-03  9.9979621547E-01
           Stress_EigVec3 =  8.3827019710E-01  5.4495046270E-01 -1.8222783931E-02
           -DivStress = -6.5380761674E+00 -4.2431632087E+00  1.4210690423E-01
           ESP =  -1.1354825969E+00     ESP at Nucleus =  -1.1378692558E+00
           ESPe = -1.0096869426E+01     ESPe at Nucleus = -1.0023351363E+01
           ESPn =  8.9613868292E+00     ESPn at Nucleus =  8.8854821075E+00

CP# 12     Coords = -4.93356863940258E+00 -2.26662900723954E+00 -6.10305163511195E-03
           Type = (3,-3) NACP H12
           Rho =  4.2207358331E-01     Rho at Nucleus =  4.1824549594E-01
           GradRho = -9.8168232011E-11  5.4896489200E-11  1.8364982657E-12
           HessRho_EigVals = -6.4149600779E+00 -6.4082684702E+00 -5.8041149154E+00
           HessRho_EigVec1 =  4.9047304969E-01  8.7137424101E-01 -1.1963261728E-02
           HessRho_EigVec2 =  2.0061612580E-02  2.4342449132E-03  9.9979578222E-01
           HessRho_EigVec3 =  8.7122541241E-01 -4.9061288870E-01 -1.6287240909E-02
           DelSqRho = -1.8627343464E+01
           Bond Ellipticity = NA
           V = -4.6659813934E+00
           G =  4.5727637716E-03
           K =  4.6614086296E+00
           L =  4.6568358659E+00
           Vnuc =  3.8630624207E+01
           Ven = -1.6304965985E+01
           Vrep =  1.1638984591E+01
           DelSqV =  7.0053256938E+02
           DelSqVen =  7.1958590550E+02
           DelSqVrep = -1.9053336118E+01
           DelSqG =  6.8849221584E+01
           DelSqK = -7.6938179096E+02
           Stress_EigVals = -1.6069538102E+00 -1.6062655750E+00 -1.4527620082E+00
           Stress_EigVec1 =  4.9189864854E-01  8.7057426475E-01 -1.1669153037E-02
           Stress_EigVec2 =  1.9904689920E-02  2.1545824197E-03  9.9979956046E-01
           Stress_EigVec3 =  8.7042490939E-01 -4.9203232347E-01 -1.6268674611E-02
           -DivStress =  6.9842611234E+00 -3.9027691102E+00 -1.3065325692E-01
           ESP =  -1.1412013209E+00     ESP at Nucleus =  -1.1437544500E+00
           ESPe = -1.1854463087E+01     ESPe at Nucleus = -1.1808394896E+01
           ESPn =  1.0713261766E+01     ESPn at Nucleus =  1.0664640446E+01

CP# 13     Coords =  2.30216966036311E+00 -4.51518351805789E+00 -1.72985489944661E-02
           Type = (3,-3) NACP H13
           Rho =  4.2909971700E-01     Rho at Nucleus =  4.2522062481E-01
           GradRho = -1.6744194947E-16 -2.2196650712E-15 -2.8450777907E-18
           HessRho_EigVals = -6.5604746502E+00 -6.5500964781E+00 -5.9290562088E+00
           HessRho_EigVec1 =  9.9685120870E-01 -7.6104582816E-02  2.2265673011E-02
           HessRho_EigVec2 = -2.2380006724E-02 -6.4970051184E-04  9.9974932518E-01
           HessRho_EigVec3 =  7.6071039294E-02  9.9709962911E-01  2.3508758157E-03
           DelSqRho = -1.9039627337E+01
           Bond Ellipticity = NA
           V = -4.7683519903E+00
           G =  4.2225780313E-03
           K =  4.7641294123E+00
           L =  4.7599068343E+00
           Vnuc =  3.9272680214E+01
           Ven = -1.6851895965E+01
           Vrep =  1.2083543975E+01
           DelSqV =  7.1646872167E+02
           DelSqVen =  7.4773719579E+02
           DelSqVrep = -3.1268474124E+01
           DelSqG =  7.0759302448E+01
           DelSqK = -7.8722802412E+02
           Stress_EigVals = -1.6428267447E+00 -1.6412948127E+00 -1.4842304329E+00
           Stress_EigVec1 =  9.9685518446E-01 -7.6028627106E-02  2.2347014783E-02
           Stress_EigVec2 = -2.2460961084E-02 -6.4387645328E-04  9.9974751345E-01
           Stress_EigVec3 =  7.5995042183E-02  9.9710542737E-01  2.3495276153E-03
           -DivStress = -6.7247465211E-01 -8.1154045626E+00 -2.0302467625E-02
           ESP =  -1.0811352764E+00     ESP at Nucleus =  -1.0837528130E+00
           ESPe = -1.2325955224E+01     ESPe at Nucleus = -1.2233717701E+01
           ESPn =  1.1244819947E+01     ESPn at Nucleus =  1.1149964888E+01

CP# 14     Coords =  2.36623438559228E-01 -1.27813576661827E+00 -6.15484546092699E-02
           Type = (3,-3) NACP N14
           Rho =  1.9133504617E+02     Rho at Nucleus =  1.9133501468E+02
           GradRho = -4.1162607177E-12  1.7798279669E-11  5.7155213722E-13
           HessRho_EigVals = -3.2195833061E+05 -3.2195758850E+05 -3.2194761660E+05
           HessRho_EigVec1 = -2.2110676537E-02 -1.2687977231E-03  9.9975472399E-01
           HessRho_EigVec2 = -3.7901932128E-01  9.2536068545E-01 -7.2080460443E-03
           HessRho_EigVec3 =  9.2512457111E-01  3.7908573171E-01  2.0941249648E-02
           DelSqRho = -9.6586353571E+05
           Bond Ellipticity = NA
           V = -2.4149846011E+05
           G =  1.6288093363E+01
           K =  2.4148217202E+05
           L =  2.4146588393E+05
           Vnuc =  5.0054587103E+05
           Ven = -9.5771967342E+07
           Vrep =  9.5530468881E+07
           DelSqV =  7.5825964779E+09
           DelSqVen =  4.8345900474E+11
           DelSqVrep = -4.7587640826E+11
           DelSqG =  4.0639501728E+08
           DelSqK = -7.9889914952E+09
           Stress_EigVals = -8.0501016285E+04 -8.0498933215E+04 -8.0498510615E+04
           Stress_EigVec1 =  9.3708875021E-01  3.4844932776E-01  2.1159872617E-02
           Stress_EigVec2 = -3.4838092063E-01  9.3732723150E-01 -6.9566675845E-03
           Stress_EigVec3 = -2.2257770962E-02 -8.5268097018E-04  9.9975190151E-01
           -DivStress = -2.8880936995E+04 -1.8856156146E+04 -6.5460760682E+02
           ESP =  -1.8322254949E+01     ESP at Nucleus =  -1.8322256386E+01
           ESPe = -3.0272663762E+01     ESPe at Nucleus = -3.0272642815E+01
           ESPn =  1.1950408813E+01     ESPn at Nucleus =  1.1950386429E+01

CP# 15     Coords =  2.44409585357287E+00 -2.50131719890694E+00 -1.28269813143146E-02
           Type = (3,-3) NACP C15
           Rho =  1.1765638759E+02     Rho at Nucleus =  1.1765638744E+02
           GradRho = -3.9987614980E-10  4.2965367708E-10 -8.9570893156E-12
           HessRho_EigVals = -1.4496019104E+05 -1.4495908875E+05 -1.4495872824E+05
           HessRho_EigVec1 = -2.2181215295E-02 -6.1173954095E-04  9.9975377942E-01
           HessRho_EigVec2 =  9.0073272873E-01 -4.3392594092E-01  1.9718752086E-02
           HessRho_EigVec3 =  4.3380703668E-01  9.0094833568E-01  1.0176018543E-02
           DelSqRho = -4.3487800802E+05
           Bond Ellipticity = NA
           V = -1.0872982513E+05
           G =  5.1615609130E+00
           K =  1.0872466357E+05
           L =  1.0871950201E+05
           Vnuc =  4.2657931831E+06
           Ven = -5.0189781611E+08
           Vrep =  5.0178908629E+08
           DelSqV =  2.4944698162E+09
           DelSqVen =  1.8550997320E+12
           DelSqVrep = -1.8526052622E+12
           DelSqG =  1.3397135997E+08
           DelSqK = -2.6284411761E+09
           Stress_EigVals = -3.6243537280E+04 -3.6243430279E+04 -3.6242857569E+04
           Stress_EigVec1 =  3.3645248342E-01  9.4166586456E-01  8.0700637507E-03
           Stress_EigVec2 =  9.4143720886E-01 -3.3654869473E-01  2.0759524148E-02
           Stress_EigVec3 = -2.2264504676E-02 -6.1286483871E-04  9.9975192734E-01
           -DivStress =  7.8215934167E+02 -8.4280778621E+02  1.7414573125E+01
           ESP =  -1.4687127857E+01     ESP at Nucleus =  -1.4687127863E+01
           ESPe = -2.6584951122E+01     ESPe at Nucleus = -2.6584949164E+01
           ESPn =  1.1897823265E+01     ESPn at Nucleus =  1.1897821300E+01

CP# 16     Coords =  2.17591146244046E-01  1.24593202621588E+00 -6.04939113364293E-02
           Type = (3,-3) NACP N16
           Rho =  1.9133585061E+02     Rho at Nucleus =  1.9133581910E+02
           GradRho =  4.2224869434E-12  6.4632498572E-12 -7.8186285571E-13
           HessRho_EigVals = -3.2195965299E+05 -3.2195890658E+05 -3.2194893248E+05
           HessRho_EigVec1 = -2.2163555927E-02 -8.9314545391E-05  9.9975435423E-01
           HessRho_EigVec2 =  3.6508407899E-01  9.3093864276E-01  8.1767163402E-03
           HessRho_EigVec3 =  9.3071069192E-01 -3.6517562274E-01  2.0600303355E-02
           DelSqRho = -9.6586749205E+05
           Bond Ellipticity = NA
           V = -2.4149944464E+05
           G =  1.6285814777E+01
           K =  2.4148315883E+05
           L =  2.4146687301E+05
           Vnuc =  5.0028717724E+05
           Ven = -9.5722872608E+07
           Vrep =  9.5481373163E+07
           DelSqV =  7.5826272314E+09
           DelSqVen =  4.8321112154E+11
           DelSqVrep = -4.7562849430E+11
           DelSqG =  4.0639662578E+08
           DelSqK = -7.9890238572E+09
           Stress_EigVals = -8.0501344751E+04 -8.0499261672E+04 -8.0498838219E+04
           Stress_EigVec1 =  9.4218818331E-01 -3.3443469233E-01  2.0853387985E-02
           Stress_EigVec2 =  3.3434365694E-01  9.4241884828E-01  7.8123920989E-03
           Stress_EigVec3 = -2.2265360836E-02 -3.8854552048E-04  9.9975202062E-01
           -DivStress = -2.9171265387E+04  1.8437798933E+04 -6.3802573458E+02
           ESP =  -1.8322317692E+01     ESP at Nucleus =  -1.8322319131E+01
           ESPe = -3.0277724615E+01     ESPe at Nucleus = -3.0277703705E+01
           ESPn =  1.1955406923E+01     ESPn at Nucleus =  1.1955384574E+01

