AIMSum (Version 19.02.13, Professional)
Copyright (c) 1997-2019 by Todd A. Keith
AIMSum is a component of the AIMAll package ( http://aim.tkgristmill.com )

TP:  64-bit Linux

Much of the Quantum Theory of Atoms in Molecules (QTAIM) is described in the book:
  "Atoms in Molecules - A Quantum Theory"
  R.F.W. Bader, Oxford University Press, Oxford, 1990

For additional references see:  http://aim.tkgristmill.com/references.html

Wfn File:  /home/mhennefarth/Documents/ML_Diels/summary-N-hayden2009/38-opt/38-opt.wfn
Sum File:  /home/mhennefarth/Documents/ML_Diels/summary-N-hayden2009/38-opt/38-opt.sum

SumViz File:  /home/mhennefarth/Documents/ML_Diels/summary-N-hayden2009/38-opt/38-opt.sumviz

Wfn Title:   Title Card Required                                                           
 
Total memory allocated for AIMSum =        0.743 Megabytes

Atomic units (a.u.) used throughout, except where stated otherwise

Model:  Restricted SCF
 
Restricted, closed-shell, single-determinant wavefunction.
  Number of electrons (from MO Occs)                   =          58.0000000000
  Number of Alpha electrons (from MO Occs)             =          29.0000000000
  Number of Beta electrons (from MO Occs)              =          29.0000000000
  Number of electron pairs (N*(N-1)/2)                 =        1653.0000000000
  Number of electron pairs (from Muller 2EDM)          =        1653.0000000000
 
Nuclear Charges and Cartesian Coordinates:
-------------------------------------------------------------------------------
Atom      Charge                X                  Y                  Z
-------------------------------------------------------------------------------
C1         6.0          -2.4908912200E+00   2.4892542300E+00   1.2452000000E-04
C2         6.0          -4.7977549300E+00   1.2429759100E+00  -1.2526500000E-03
C3         6.0          -4.6348082700E+00  -1.3734530000E+00  -1.1670800000E-03
C4         6.0           6.7542468900E+00   1.2547497200E+00  -4.1470000000E-04
C5         6.0           6.6983327500E+00  -1.2608635800E+00  -9.2952000000E-04
H6         1.0          -2.3420646500E+00   4.5382413200E+00  -1.6800000000E-06
H7         1.0          -6.5907952100E+00   2.2386821100E+00  -2.2818000000E-03
H8         1.0          -6.2952750800E+00  -2.5833357700E+00  -2.4320200000E-03
H9         1.0           5.0168764800E+00   2.3511971400E+00   1.4050900000E-03
H10        1.0           8.5213515000E+00   2.3069659500E+00  -1.6580100000E-03
H11        1.0           4.9164369600E+00  -2.2832461400E+00   3.9954000000E-04
H12        1.0           8.4200145600E+00  -2.3858547100E+00  -2.6288700000E-03
N13        7.0          -2.4093436600E+00  -2.5862241300E+00   4.9696000000E-04
N14        7.0          -2.7814918000E-01  -1.2681306800E+00   1.9790400000E-03
N15        7.0          -2.8697799000E-01   1.2402648600E+00   1.6717600000E-03
 
Some Atomic Properties:
----------------------
  q(A) = Net Charge of Atom A
  L(A) = Lagrangian of Atom A = -(1/4) Times Atomic Integral of the Laplacian of the Electron Density
  K(A) = Electronic Kinetic Energy of Atom A (Hamiltonian Form)
  K_Scaled(A) = K(A) * E(Mol)/K(Mol) = Approximation to Virial-Based Total Energy of Atom A.
  |Mu_Intra(A)| = Magnitude of Intraatomic Dipole Moment of Atom A
--------------------------------------------------------------------------------------------------
Atom A          q(A)              L(A)              K(A)          K_Scaled(A)      |Mu_Intra(A)|
--------------------------------------------------------------------------------------------------
C1        5.3189240730E-01 -1.8968545500E-05  3.7422639767E+01 -3.7780130760E+01  6.5362399843E-01
C2       -3.4672640100E-02 -8.5774089875E-06  3.7765115838E+01 -3.8125878436E+01  1.5356932730E-01
C3        5.3045790590E-01 -5.2348262486E-06  3.7423500248E+01 -3.7780999461E+01  6.5112082882E-01
C4       -9.1243294400E-02 -8.2017890597E-05  3.7699136233E+01 -3.8059268542E+01  9.7551662551E-02
C5       -8.7679754000E-02 -8.0613913569E-05  3.7698996865E+01 -3.8059127842E+01  1.0764433277E-01
H6        8.4333548150E-02  2.3821108821E-05  5.8471758617E-01 -5.9030327633E-01  1.4181119666E-01
H7        8.2338127790E-02  1.4296919660E-05  5.7980634843E-01 -5.8534512251E-01  1.4215634755E-01
H8        8.3935075790E-02  2.0007898541E-05  5.8486652469E-01 -5.9045363763E-01  1.4181820379E-01
H9        5.6370588750E-02  2.7747980944E-05  5.8989030879E-01 -5.9552541293E-01  1.3913774732E-01
H10       2.4506607700E-02  2.5377506816E-05  6.0139226870E-01 -6.0713724876E-01  1.5105810779E-01
H11       6.8309873200E-02  2.6204496006E-05  5.8518393717E-01 -5.9077408229E-01  1.3570295378E-01
H12       2.5867936180E-02  2.5782236230E-05  6.0093068997E-01 -6.0667126067E-01  1.5055093960E-01
N13      -6.1778275840E-01  1.9614301056E-05  5.4588544679E+01 -5.5110018129E+01  6.5055457991E-01
N14      -2.9080288200E-02  2.0617257891E-06  5.4177428202E+01 -5.4694974338E+01  6.9391179522E-01
N15      -6.2754428100E-01  1.5693012904E-05  5.4587997758E+01 -5.5109465983E+01  6.5751590448E-01
--------------------------------------------------------------------------------------------------
Total     9.0546600002E-06  5.1946018650E-06  3.5549014725E+02 -3.5888607353E+02
 
1st Largest |L(A)| = 8.2017890597E-05, atom C4      
2nd Largest |L(A)| = 8.0613913569E-05, atom C5      
 
Molecular charge q(Mol) from the wfn file:   0.0000000000E+00
Molecular energy E(Mol) from the wfn file:  -3.5888608585E+02
Molecular virial ratio (-V(Mol)/T(Mol)) from the wfn file:   2.0095528000E+00
Note.  K_Scaled(A) = (1+V(Mol)/T(Mol))*K(A) = (E(Mol)/T(Mol))*K(A)
       Only use K_Scaled(A) data with caution.
 
N_AIMInt(SumA)     =         57.999991
N_Analytic(Mol)    =         57.999994
 
G_AIMInt(SumA)     =        355.490142
G_Analytic(Mol)    =        355.490146
 
K_AIMInt(SumA)     =        355.490147
K_Analytic(Mol)    =        355.490146
 
L_AIMInt(SumA)     =          0.000005
L_Analytic(Mol)    =          0.000000
 
VenT_AIMInt(SumA)  =      -1466.226959
VenT_Analytic(Mol) =      -1466.227143
 
Some Information About the Atomic Calculations:
----------------------------------------------
  Time(sec) = "Elapsed User Time", in Seconds, for Atom A by AIMInt and, if used, by TWOe
  NProc = Number of Processors Used for AIMInt Job
  BIM = Basin Integration Method
  OAQ = Angular Quadrature Outside of Beta Sphere
  ORQ = Multiple of Default for Radial Quadrature Outside of Beta Sphere
  IAQ = Multiple of Default for Angular Quadrature Inside of Beta Sphere
  IRQ = Multiple of Default for Radial Quadrature Inside of Beta Sphere
  MIR = Maximum Integration Radius
------------------------------------------------------------------------------------------------------
Atom A     Time(sec)   NProc      BIM          OAQ                     ORQ      IAQ      IRQ      MIR
------------------------------------------------------------------------------------------------------
C1             16        8     Proaim(5)    4500(GS4)                  1.00     1.00     1.00    13.00
C2             16        8     Proaim(5)    4500(GS4)                  1.00     1.00     1.00    13.00
C3             15        8     Proaim(5)    4500(GS4)                  1.00     1.00     1.00    13.00
C4             17        8     Proaim(5)    4500(GS4)                  1.00     1.00     1.00    13.00
C5             18        8     Proaim(5)    4500(GS4)                  1.00     1.00     1.00    13.00
H6              4        8     Proaim(5)    1800(GS4)                  1.00     1.00     1.00    13.00
H7              5        8     Proaim(5)    1800(GS4)                  1.00     1.00     1.00    13.00
H8              4        8     Proaim(5)    1800(GS4)                  1.00     1.00     1.00    13.00
H9             10        8     Proaim(5)    4500(GS4)                  1.00     1.00     1.00    13.00
H10             4        8     Proaim(5)    1800(GS4)                  1.00     1.00     1.00    13.00
H11            10        8     Proaim(5)    4500(GS4)                  1.00     1.00     1.00    13.00
H12             5        8     Proaim(5)    1800(GS4)                  1.00     1.00     1.00    13.00
N13            12        8     Proaim(5)    4500(GS4)                  1.00     1.00     1.00    13.00
N14            15        8     Proaim(5)    4500(GS4)                  1.00     1.00     1.00    13.00
N15            16        8     Proaim(5)    4500(GS4)                  1.00     1.00     1.00    13.00
------------------------------------------------------------------------------------------------------
Total         167
Note:  Total wall clock time is less than total of atomic times if more than one atom
       was calculated at a time
 
Electron Density Critical Point Analysis of Molecular Structure:               
---------------------------------------------------------------                
  NACP = Nuclear Attractor Critical Point                                      
  NNACP = Non-Nuclear Attractor Critical Point                                 
  BCP = Bond Critical Point                                                    
  RCP = Ring Critical Point                                                    
  CCP = Cage Critical Point                                                    
  Rho = Electron Density                                                       
  GradRho = Gradient of Electron Density                                       
  HessRho_EigVals = Eigenvalues of the Hessian of Rho, Ascending Order         
  HessRho_EigVecs = Eigenvectors of the Hessian of Rho                         
  DelSqRho = Laplacian of Rho = Trace of Hessian of Rho                        
  Bond Ellipticity = (HessRho_EigVal(1) / HessRho_EigVal(2)) - 1               
  V = Virial Field = Potential Energy Density = Trace of Stress Tensor         
  G = Lagrangian Form of Kinetic Energy Density                                
  K = Hamiltonian Form of Kinetic Energy Density                               
  L = K - G = Lagrangian Density = (-1/4)DelSqRho                              
  Vnuc = Electrostatic Potential from Nuclei                                   
  Ven = Electron-nuclear attractive contribution to Virial Field V             
  Vrep = V - Ven = Repulsive contribution to Virial Field V                    
  DelSqV = Laplacian of V                                                      
  DelSqVen = Laplacian of Ven                                                  
  DelSqVrep = Laplacian of Vrep                                                
  DelSqG = Laplacian of G                                                      
  DelSqK = Laplacian of K                                                      
  Stress_EigVals = Eigenvalues of Stress Tensor, Ascending Order               
  Stress_EigVecs = Eigenvectors of Stress Tensor                               
  -DivStress = Ehrenfest Force Density = Minus Divergence of Stress Tensor     
  ESP = Total Electrostatic Potential                                          
  ESPe = Electrostatic Potential from Electrons                                
  ESPn = Electrostatic Potential from Nuclei                                   
  BP = Bond Path                                                               
  BPL = Bond Path Length                                                       
  GBL = Geometric Bond Length                                                  
  GBL_I = Distance Between Nuclear Attractors                                  
  GBL_II = Distance Between Nuclei                                             
  GBL_III = Sum of Distances Between BCP and Nuclear Attractors                
  GBL_IV = Sum of Distances Between BCP and Nuclei                             

CP# 1      Coords = -2.49088994751886E+00  2.48925291650517E+00  1.24521002214357E-04
           Type = (3,-3) NACP C1
           Rho =  1.1766505837E+02     Rho at Nucleus =  1.1766505813E+02
           GradRho =  9.2585492051E-10 -9.5451990756E-10  7.2709801504E-13
           HessRho_EigVals = -1.4497018875E+05 -1.4496880835E+05 -1.4496839068E+05
           HessRho_EigVec1 = -5.9099785875E-04  8.2001199162E-05  9.9999982200E-01
           HessRho_EigVec2 =  8.5733813225E-01 -5.1475336396E-01  5.4889549121E-04
           HessRho_EigVec3 =  5.1475331734E-01  8.5733830404E-01  2.3391538095E-04
           DelSqRho = -4.3490738779E+05
           Bond Ellipticity = NA
           V = -1.0873715715E+05
           G =  5.1551026755E+00
           K =  1.0873200205E+05
           L =  1.0872684695E+05
           Vnuc =  3.2808673007E+06
           Ven = -3.8604344244E+08
           Vrep =  3.8593470528E+08
           DelSqV =  2.4946364630E+09
           DelSqVen =  1.4268733686E+12
           DelSqVrep = -1.4243787485E+12
           DelSqG =  1.3397950048E+08
           DelSqK = -2.6286159635E+09
           Stress_EigVals = -3.6246020471E+04 -3.6245886813E+04 -3.6245249867E+04
           Stress_EigVec1 =  4.3469665336E-01  9.0057691885E-01  1.8110455114E-04
           Stress_EigVec2 =  9.0057673054E-01 -4.3469668107E-01  5.8980595578E-04
           Stress_EigVec3 = -6.0989117769E-04  9.3288130553E-05  9.9999980967E-01
           -DivStress = -1.0379946521E+03  1.0712976793E+03 -8.1683725813E-01
           ESP =  -1.4661493447E+01     ESP at Nucleus =  -1.4661493459E+01
           ESPe = -2.6612449780E+01     ESPe at Nucleus = -2.6612447213E+01
           ESPn =  1.1950956333E+01     ESPn at Nucleus =  1.1950953754E+01

CP# 2      Coords = -4.79775454304512E+00  1.24297570106305E+00 -1.25264959274759E-03
           Type = (3,-3) NACP C2
           Rho =  1.1768626915E+02     Rho at Nucleus =  1.1768626914E+02
           GradRho = -9.7907237873E-12 -6.2280736124E-12  2.9438582648E-14
           HessRho_EigVals = -1.4501492306E+05 -1.4501353283E+05 -1.4501334237E+05
           HessRho_EigVec1 = -6.1906264799E-04 -6.9686036821E-06  9.9999980836E-01
           HessRho_EigVec2 =  8.7805208077E-01 -4.7856478307E-01  5.4023442142E-04
           HessRho_EigVec3 =  4.7856468759E-01  8.7805224694E-01  3.0238037881E-04
           DelSqRho = -4.3504179827E+05
           Bond Ellipticity = NA
           V = -1.0877087074E+05
           G =  5.2105881803E+00
           K =  1.0876566016E+05
           L =  1.0876044957E+05
           Vnuc =  1.3643815773E+07
           Ven = -1.6056897753E+09
           Vrep =  1.6055810044E+09
           DelSqV =  2.4954264123E+09
           DelSqVen =  5.9356301230E+12
           DelSqVrep = -5.9331346966E+12
           DelSqG =  1.3403926200E+08
           DelSqK = -2.6294656743E+09
           Stress_EigVals = -3.6257185207E+04 -3.6257182644E+04 -3.6256502893E+04
           Stress_EigVec1 =  7.6096815935E-01 -6.4878906857E-01  4.5272837323E-04
           Stress_EigVec2 =  6.4878894582E-01  7.6096829396E-01  3.9921433159E-04
           Stress_EigVec3 = -6.0351783215E-04 -1.0064231083E-05  9.9999981783E-01
           -DivStress = -3.1715210403E+02  1.7161589527E+02 -3.3188990103E-01
           ESP =  -1.4682057916E+01     ESP at Nucleus =  -1.4682057914E+01
           ESPe = -2.6065386465E+01     ESPe at Nucleus = -2.6065385720E+01
           ESPn =  1.1383328549E+01     ESPn at Nucleus =  1.1383327806E+01

CP# 3      Coords = -4.63480650383139E+00 -1.37345337405652E+00 -1.16707859253452E-03
           Type = (3,-3) NACP C3
           Rho =  1.1766562990E+02     Rho at Nucleus =  1.1766562966E+02
           GradRho =  1.2637143554E-09 -2.6711616252E-10  9.9961510423E-13
           HessRho_EigVals = -1.4497101467E+05 -1.4496963326E+05 -1.4496921691E+05
           HessRho_EigVec1 = -6.9605748353E-04 -3.6897937961E-05  9.9999975707E-01
           HessRho_EigVec2 =  8.8683225042E-01 -4.6209111583E-01  6.0023616103E-04
           HessRho_EigVec3 =  4.6209098143E-01  8.8683245278E-01  3.5436426061E-04
           DelSqRho = -4.3490986485E+05
           Bond Ellipticity = NA
           V = -1.0873777173E+05
           G =  5.1527581490E+00
           K =  1.0873261897E+05
           L =  1.0872746621E+05
           Vnuc =  3.3234755257E+06
           Ven = -3.9105884117E+08
           Vrep =  3.9095010340E+08
           DelSqV =  2.4946506817E+09
           DelSqVen =  1.4454123397E+12
           DelSqVrep = -1.4429176890E+12
           DelSqG =  1.3398037954E+08
           DelSqK = -2.6286310612E+09
           Stress_EigVals = -3.6246225388E+04 -3.6246091660E+04 -3.6245454681E+04
           Stress_EigVec1 =  5.3869022434E-01  8.4250381050E-01  4.1411701342E-04
           Stress_EigVec2 =  8.4250360625E-01 -5.3869038254E-01  5.8755152783E-04
           Stress_EigVec3 = -7.1809525344E-04 -3.2386812879E-05  9.9999974165E-01
           -DivStress = -1.4406775489E+03  3.0544028437E+02 -1.1472578743E+00
           ESP =  -1.4661771394E+01     ESP at Nucleus =  -1.4661771406E+01
           ESPe = -2.6337809979E+01     ESPe at Nucleus = -2.6337807500E+01
           ESPn =  1.1676038585E+01     ESPn at Nucleus =  1.1676036094E+01

CP# 4      Coords =  6.75424733850724E+00  1.25475077986649E+00 -4.14700111336578E-04
           Type = (3,-3) NACP C4
           Rho =  1.1768008297E+02     Rho at Nucleus =  1.1768008287E+02
           GradRho =  1.3648361608E-10  3.1951397084E-10 -3.7225973172E-14
           HessRho_EigVals = -1.4500841333E+05 -1.4500738829E+05 -1.4500717014E+05
           HessRho_EigVec1 =  8.5990005650E-04 -2.0734466676E-04  9.9999960879E-01
           HessRho_EigVec2 =  9.7328701176E-01  2.2959043904E-01 -7.8932551213E-04
           HessRho_EigVec3 = -2.2959018555E-01  9.7328730975E-01  3.9923070261E-04
           DelSqRho = -4.3502297175E+05
           Bond Ellipticity = NA
           V = -1.0876592823E+05
           G =  5.0926459624E+00
           K =  1.0876083558E+05
           L =  1.0875574294E+05
           Vnuc =  5.2135068457E+06
           Ven = -6.1352591814E+08
           Vrep =  6.1341715221E+08
           DelSqV =  2.4953173771E+09
           DelSqVen =  2.2679952425E+12
           DelSqVrep = -2.2654998596E+12
           DelSqG =  1.3403511845E+08
           DelSqK = -2.6293524956E+09
           Stress_EigVals = -3.6255570675E+04 -3.6255453127E+04 -3.6254904428E+04
           Stress_EigVec1 = -1.0482079131E-01  9.9449107595E-01  3.1869752056E-04
           Stress_EigVec2 =  9.9449074939E-01  1.0482102539E-01 -8.3786197445E-04
           Stress_EigVec3 =  8.6665245736E-04 -2.2911638088E-04  9.9999959821E-01
           -DivStress = -3.6391845158E+02 -8.6048569707E+02  8.9149038039E-02
           ESP =  -1.4769519155E+01     ESP at Nucleus =  -1.4769519172E+01
           ESPe = -2.3190844696E+01     ESPe at Nucleus = -2.3190845881E+01
           ESPn =  8.4213255413E+00     ESPn at Nucleus =  8.4213267094E+00

CP# 5      Coords =  6.69833327447787E+00 -1.26086449939638E+00 -9.29520733187759E-04
           Type = (3,-3) NACP C5
           Rho =  1.1768413757E+02     Rho at Nucleus =  1.1768413749E+02
           GradRho =  1.2667866582E-10 -2.4088131489E-10 -1.8618369650E-13
           HessRho_EigVals = -1.4501381369E+05 -1.4501271265E+05 -1.4501249764E+05
           HessRho_EigVec1 =  8.6162185802E-04 -2.5195534262E-04  9.9999959706E-01
           HessRho_EigVec2 =  9.3153831764E-01 -3.6364208101E-01 -8.9425570150E-04
           HessRho_EigVec3 =  3.6364215980E-01  9.3153871279E-01 -7.8615909512E-05
           DelSqRho = -4.3503902398E+05
           Bond Ellipticity = NA
           V = -1.0876993937E+05
           G =  5.0916899131E+00
           K =  1.0876484768E+05
           L =  1.0875975599E+05
           Vnuc =  5.6685461734E+06
           Ven = -6.6709796770E+08
           Vrep =  6.6698919776E+08
           DelSqV =  2.4954094086E+09
           DelSqVen =  2.4660384154E+12
           DelSqVrep = -2.4635431370E+12
           DelSqG =  1.3404040614E+08
           DelSqK = -2.6294498147E+09
           Stress_EigVals = -3.6256911566E+04 -3.6256798827E+04 -3.6256228982E+04
           Stress_EigVec1 =  2.0120081418E-01  9.7955001382E-01  5.2974107035E-05
           Stress_EigVec2 =  9.7954963774E-01 -2.0120068887E-01 -8.8881611074E-04
           Stress_EigVec3 =  8.5998140673E-04 -2.3072129250E-04  9.9999960360E-01
           -DivStress = -4.2589944870E+02  7.4626537807E+02  5.9417757230E-01
           ESP =  -1.4770371803E+01     ESP at Nucleus =  -1.4770371818E+01
           ESPe = -2.3222180875E+01     ESPe at Nucleus = -2.3222181959E+01
           ESPn =  8.4518090719E+00     ESPn at Nucleus =  8.4518101407E+00

CP# 6      Coords = -2.34508275738609E+00  4.50223158346256E+00  4.13005492388273E-07
           Type = (3,-3) NACP H6
           Rho =  4.2754980541E-01     Rho at Nucleus =  4.2359023439E-01
           GradRho =  7.5286998857E-16 -7.0256300777E-17  5.2939559203E-21
           HessRho_EigVals = -6.5342357713E+00 -6.5245021482E+00 -5.8955259524E+00
           HessRho_EigVec1 =  9.9703702504E-01 -7.6920553950E-02  6.3172254073E-04
           HessRho_EigVec2 = -6.2510871577E-04  1.1006003925E-04  9.9999979856E-01
           HessRho_EigVec3 =  7.6920607983E-02  9.9703721910E-01 -6.1650225410E-05
           DelSqRho = -1.8954263872E+01
           Bond Ellipticity = NA
           V = -4.7467388495E+00
           G =  4.0864407404E-03
           K =  4.7426524087E+00
           L =  4.7385659680E+00
           Vnuc =  3.8924029656E+01
           Ven = -1.6641961305E+01
           Vrep =  1.1895222456E+01
           DelSqV =  7.1282683379E+02
           DelSqVen =  7.3777632906E+02
           DelSqVrep = -2.4949495276E+01
           DelSqG =  7.0380025060E+01
           DelSqK = -7.8320685885E+02
           Stress_EigVals = -1.6363002966E+00 -1.6345975972E+00 -1.4758409557E+00
           Stress_EigVec1 =  9.9702881855E-01 -7.7026778298E-02  6.4063277198E-04
           Stress_EigVec2 = -6.3395436873E-04  1.1115438299E-04  9.9999979287E-01
           Stress_EigVec3 =  7.7026833553E-02  9.9702901817E-01 -6.1992660533E-05
           -DivStress =  6.8601691690E-01  8.1823482584E+00 -4.7608793898E-04
           ESP =  -1.0591551497E+00     ESP at Nucleus =  -1.0618295696E+00
           ESPe = -1.2309946184E+01     ESPe at Nucleus = -1.2216264630E+01
           ESPn =  1.1250791034E+01     ESPn at Nucleus =  1.1154435060E+01

CP# 7      Coords = -6.55938548351198E+00  2.22124310933786E+00 -2.26408711936840E-03
           Type = (3,-3) NACP H7
           Rho =  4.2312599229E-01     Rho at Nucleus =  4.1925307520E-01
           GradRho =  1.5158699816E-10 -8.4165671828E-11  8.5535135713E-14
           HessRho_EigVals = -6.4550963486E+00 -6.4498824954E+00 -5.8362275917E+00
           HessRho_EigVec1 =  4.8543388478E-01  8.7427332933E-01  2.9854078367E-04
           HessRho_EigVec2 = -5.7691876351E-04 -2.1143064445E-05  9.9999983336E-01
           HessRho_EigVec3 =  8.7427318995E-01 -4.8543397613E-01  4.9412112822E-04
           DelSqRho = -1.8741206436E+01
           Bond Ellipticity = NA
           V = -4.6940824091E+00
           G =  4.3904000985E-03
           K =  4.6896920090E+00
           L =  4.6853016089E+00
           Vnuc =  3.8534982112E+01
           Ven = -1.6305152544E+01
           Vrep =  1.1611070135E+01
           DelSqV =  7.0504135867E+02
           DelSqVen =  7.2219205503E+02
           DelSqVrep = -1.7150696359E+01
           DelSqG =  6.9520350106E+01
           DelSqK = -7.7456170878E+02
           Stress_EigVals = -1.6169892203E+00 -1.6162348261E+00 -1.4608583628E+00
           Stress_EigVec1 =  4.8541137411E-01  8.7428582447E-01  3.0824836390E-04
           Stress_EigVec2 = -5.8087742835E-04 -3.0063167377E-05  9.9999983084E-01
           Stress_EigVec3 =  8.7428568584E-01 -4.8541147105E-01  4.9325989797E-04
           -DivStress = -7.0603181383E+00  3.9198725567E+00 -3.9797129628E-03
           ESP =  -1.0458005109E+00     ESP at Nucleus =  -1.0484497319E+00
           ESPe = -1.1745923255E+01     ESPe at Nucleus = -1.1653641110E+01
           ESPn =  1.0700122744E+01     ESPn at Nucleus =  1.0605191378E+01

CP# 8      Coords = -6.26631901228632E+00 -2.56172703343751E+00 -2.40974885800369E-03
           Type = (3,-3) NACP H8
           Rho =  4.2755840016E-01     Rho at Nucleus =  4.2360033154E-01
           GradRho =  1.1628718821E-14  9.5604947570E-15  1.0979241062E-17
           HessRho_EigVals = -6.5337542318E+00 -6.5239911325E+00 -5.8952352537E+00
           HessRho_EigVec1 = -5.9264043371E-01  8.0546703056E-01 -4.2310568053E-04
           HessRho_EigVec2 = -7.4890373242E-04 -2.5730502009E-05  9.9999971924E-01
           HessRho_EigVec3 =  8.0546679353E-01  5.9264058419E-01  6.1846620140E-04
           DelSqRho = -1.8952980618E+01
           Bond Ellipticity = NA
           V = -4.7464122605E+00
           G =  4.0835529699E-03
           K =  4.7423287075E+00
           L =  4.7382451545E+00
           Vnuc =  3.8555180175E+01
           Ven = -1.6484591153E+01
           Vrep =  1.1738178893E+01
           DelSqV =  7.1277392946E+02
           DelSqVen =  7.3073558258E+02
           DelSqVrep = -1.7961653120E+01
           DelSqG =  7.0368081756E+01
           DelSqK = -7.8314201122E+02
           Stress_EigVals = -1.6361772388E+00 -1.6344693315E+00 -1.4757656901E+00
           Stress_EigVec1 = -5.9273272358E-01  8.0539911344E-01 -4.3182128759E-04
           Stress_EigVec2 = -7.5464768666E-04 -1.9224275090E-05  9.9999971507E-01
           Stress_EigVec3 =  8.0539887565E-01  5.9273288057E-01  6.1918743473E-04
           -DivStress = -6.5790136450E+00 -4.9099435813E+00 -5.0613725215E-03
           ESP =  -1.0596556086E+00     ESP at Nucleus =  -1.0623283113E+00
           ESPe = -1.1937164208E+01     ESPe at Nucleus = -1.1842527053E+01
           ESPn =  1.0877508600E+01     ESPn at Nucleus =  1.0780198742E+01

CP# 9      Coords =  5.04707100743385E+00  2.33257187278349E+00  1.37344376132266E-03
           Type = (3,-3) NACP H9
           Rho =  4.2356289521E-01     Rho at Nucleus =  4.1978953998E-01
           GradRho =  6.0163679594E-14 -3.6933130165E-14 -6.4203403336E-17
           HessRho_EigVals = -6.4420270884E+00 -6.4352945275E+00 -5.8355093924E+00
           HessRho_EigVec1 =  5.2749947804E-01  8.4955532406E-01 -2.2811384516E-04
           HessRho_EigVec2 =  8.7740216516E-04 -2.7628034203E-04  9.9999957692E-01
           HessRho_EigVec3 =  8.4955490160E-01 -5.2749945501E-01 -8.9113941697E-04
           DelSqRho = -1.8712831008E+01
           Bond Ellipticity = NA
           V = -4.6873467903E+00
           G =  4.5695191244E-03
           K =  4.6827772712E+00
           L =  4.6782077521E+00
           Vnuc =  3.8788215401E+01
           Ven = -1.6429248815E+01
           Vrep =  1.1741902025E+01
           DelSqV =  7.0407944906E+02
           DelSqVen =  7.2583731992E+02
           DelSqVrep = -2.1757870861E+01
           DelSqG =  6.9234763040E+01
           DelSqK = -7.7331421210E+02
           Stress_EigVals = -1.6137356208E+00 -1.6130528671E+00 -1.4605583024E+00
           Stress_EigVec1 =  5.2887087135E-01  8.4870226371E-01 -2.6270734805E-04
           Stress_EigVec2 =  8.9516126506E-04 -2.4828198599E-04  9.9999956852E-01
           Stress_EigVec3 =  8.4870183229E-01 -5.2887087831E-01 -8.9103450231E-04
           -DivStress = -6.7753678979E+00  4.1803074590E+00  7.1024416209E-03
           ESP =  -1.1364320695E+00     ESP at Nucleus =  -1.1389403447E+00
           ESPe = -1.1737298851E+01     ESPe at Nucleus = -1.1689906398E+01
           ESPn =  1.0600866781E+01     ESPn at Nucleus =  1.0550966054E+01

CP# 10     Coords =  8.49175942171461E+00  2.28937896768548E+00 -1.63727174115305E-03
           Type = (3,-3) NACP H10
           Rho =  4.2684613368E-01     Rho at Nucleus =  4.2325314977E-01
           GradRho = -1.4113710201E-14 -5.5892790396E-15  6.4188156743E-18
           HessRho_EigVals = -6.5028191165E+00 -6.4964886454E+00 -5.9114042923E+00
           HessRho_EigVec1 = -5.1025087434E-01  8.6002534282E-01  6.7449019252E-04
           HessRho_EigVec2 =  8.6292407386E-04 -2.7229680517E-04  9.9999959061E-01
           HessRho_EigVec3 =  8.6002517439E-01  5.1025124749E-01 -6.0319688953E-04
           DelSqRho = -1.8910712054E+01
           Bond Ellipticity = NA
           V = -4.7368764130E+00
           G =  4.5991997191E-03
           K =  4.7322772133E+00
           L =  4.7276780136E+00
           Vnuc =  3.7974176165E+01
           Ven = -1.6209130276E+01
           Vrep =  1.1472253863E+01
           DelSqV =  7.1254545528E+02
           DelSqVen =  7.1811871096E+02
           DelSqVrep = -5.5732556808E+00
           DelSqG =  7.0150904606E+01
           DelSqK = -7.8269635989E+02
           Stress_EigVals = -1.6290554909E+00 -1.6283118922E+00 -1.4795090298E+00
           Stress_EigVec1 = -5.1204067574E-01  8.5896097043E-01  6.3060831845E-04
           Stress_EigVec2 =  8.3991887190E-04 -2.3346282195E-04  9.9999962002E-01
           Stress_EigVec3 =  8.5896079126E-01  5.1204101083E-01 -6.0191506818E-04
           -DivStress =  6.7092461879E+00  3.9895471715E+00 -4.7011309616E-03
           ESP =  -1.1320597591E+00     ESP at Nucleus =  -1.1344535415E+00
           ESPe = -1.0056511248E+01     ESPe at Nucleus = -9.9829405340E+00
           ESPn =  8.9244514887E+00     ESPn at Nucleus =  8.8484869925E+00

CP# 11     Coords =  4.94769572052012E+00 -2.26568406504297E+00  3.76134435379819E-04
           Type = (3,-3) NACP H11
           Rho =  4.2205187501E-01     Rho at Nucleus =  4.1821663613E-01
           GradRho =  9.6436770028E-11  5.4208336604E-11 -7.2207447947E-14
           HessRho_EigVals = -6.4147900613E+00 -6.4081819313E+00 -5.8035010536E+00
           HessRho_EigVec1 = -4.9198717459E-01  8.7060224307E-01  5.9530619056E-04
           HessRho_EigVec2 =  8.6009839280E-04 -1.9773505289E-04  9.9999961057E-01
           HessRho_EigVec3 =  8.7060202175E-01  4.9198749502E-01 -6.5152048005E-04
           DelSqRho = -1.8626473046E+01
           Bond Ellipticity = NA
           V = -4.6656765694E+00
           G =  4.5291539416E-03
           K =  4.6611474155E+00
           L =  4.6566182616E+00
           Vnuc =  3.8585744795E+01
           Ven = -1.6285185939E+01
           Vrep =  1.1619509370E+01
           DelSqV =  7.0046549611E+02
           DelSqVen =  7.1871633556E+02
           DelSqVrep = -1.8250839448E+01
           DelSqG =  6.8845076273E+01
           DelSqK = -7.6931057238E+02
           Stress_EigVals = -1.6069119221E+00 -1.6062105759E+00 -1.4525540714E+00
           Stress_EigVec1 = -4.9343687462E-01  8.6978139417E-01  6.1410437711E-04
           Stress_EigVec2 =  8.6887118695E-04 -2.1312372243E-04  9.9999959982E-01
           Stress_EigVec3 =  8.6978117698E-01  4.9343721074E-01 -6.5056488883E-04
           -DivStress = -6.9820176321E+00 -3.9236916483E+00  5.2277932621E-03
           ESP =  -1.1382073683E+00     ESP at Nucleus =  -1.1407659892E+00
           ESPe = -1.1833363096E+01     ESPe at Nucleus = -1.1787143737E+01
           ESPn =  1.0695155728E+01     ESPn at Nucleus =  1.0646377748E+01

CP# 12     Coords =  8.39117071241608E+00 -2.36698955457489E+00 -2.60051635132852E-03
           Type = (3,-3) NACP H12
           Rho =  4.2682197369E-01     Rho at Nucleus =  4.2322063085E-01
           GradRho = -3.4069969068E-15  4.6976311729E-15  5.2126407574E-18
           HessRho_EigVals = -6.5026754433E+00 -6.4965119077E+00 -5.9104715131E+00
           HessRho_EigVec1 =  5.4633892168E-01  8.3756414112E-01 -3.0359984890E-04
           HessRho_EigVec2 =  8.5562462894E-04 -1.9564030637E-04  9.9999961482E-01
           HessRho_EigVec3 =  8.3756375910E-01 -5.4633897101E-01 -8.2352642148E-04
           DelSqRho = -1.8909658864E+01
           Bond Ellipticity = NA
           V = -4.7365637001E+00
           G =  4.5744920325E-03
           K =  4.7319892081E+00
           L =  4.7274147160E+00
           Vnuc =  3.7970988490E+01
           Ven = -1.6206852250E+01
           Vrep =  1.1470288550E+01
           DelSqV =  7.1246931068E+02
           DelSqVen =  7.1801843908E+02
           DelSqVrep = -5.5491283995E+00
           DelSqG =  7.0146568212E+01
           DelSqK = -7.8261587889E+02
           Stress_EigVals = -1.6290347536E+00 -1.6282603480E+00 -1.4792685985E+00
           Stress_EigVec1 =  5.4810057027E-01  8.3641239399E-01 -2.6843844945E-04
           Stress_EigVec2 =  8.3523899839E-04 -2.2639145923E-04  9.9999962556E-01
           Stress_EigVec3 =  8.3641202003E-01 -5.4810058925E-01 -8.2268953810E-04
           -DivStress =  6.5391423153E+00 -4.2791083010E+00 -6.4280837627E-03
           ESP =  -1.1330715338E+00     ESP at Nucleus =  -1.1354693731E+00
           ESPe = -1.0089437454E+01     ESPe at Nucleus = -1.0015718759E+01
           ESPn =  8.9563659206E+00     ESPn at Nucleus =  8.8802493860E+00

CP# 13     Coords = -2.40934407399914E+00 -2.58621033320989E+00  4.96958971460501E-04
           Type = (3,-3) NACP N13
           Rho =  1.9138764621E+02     Rho at Nucleus =  1.9138761553E+02
           GradRho =  5.3701487701E-11 -5.4140469885E-11 -9.3211029173E-15
           HessRho_EigVals = -3.2204995233E+05 -3.2204875385E+05 -3.2203908855E+05
           HessRho_EigVec1 = -8.5220254019E-04  2.9088001799E-05  9.9999963645E-01
           HessRho_EigVec2 =  9.8760975322E-01  1.5692760953E-01  8.3707913414E-04
           HessRho_EigVec3 = -1.5692752813E-01  9.8761010754E-01 -1.6246170175E-04
           DelSqRho = -9.6613779472E+05
           Bond Ellipticity = NA
           V = -2.4156709692E+05
           G =  1.6324120761E+01
           K =  2.4155077280E+05
           L =  2.4153444868E+05
           Vnuc =  5.0714762998E+05
           Ven = -9.7061791184E+07
           Vrep =  9.6820224087E+07
           DelSqV =  7.5847447666E+09
           DelSqVen =  4.8997449293E+11
           DelSqVrep = -4.8238974829E+11
           DelSqG =  4.0651434250E+08
           DelSqK = -7.9912591091E+09
           Stress_EigVals = -8.0523871620E+04 -8.0521885478E+04 -8.0521339823E+04
           Stress_EigVec1 = -1.7993312103E-01  9.8367882970E-01 -1.7876985117E-04
           Stress_EigVec2 =  9.8367853319E-01  1.7993320578E-01  7.6471694420E-04
           Stress_EigVec3 = -7.8440250114E-04  3.8254158495E-05  9.9999969162E-01
           -DivStress =  1.0182986931E+03 -3.4038948617E+04  2.5348689872E+00
           ESP =  -1.8308096648E+01     ESP at Nucleus =  -1.8308098067E+01
           ESPe = -2.9814630105E+01     ESPe at Nucleus = -2.9814605152E+01
           ESPn =  1.1506533458E+01     ESPn at Nucleus =  1.1506507085E+01

CP# 14     Coords = -2.78163091961581E-01 -1.26812298384959E+00  1.97902851444535E-03
           Type = (3,-3) NACP N14
           Rho =  1.9152923719E+02     Rho at Nucleus =  1.9152919646E+02
           GradRho = -6.3300475972E-12  2.3605117860E-11 -3.7179677739E-14
           HessRho_EigVals = -3.2226512120E+05 -3.2226460486E+05 -3.2225415563E+05
           HessRho_EigVec1 = -7.4466807272E-04  9.1056161595E-05  9.9999971859E-01
           HessRho_EigVec2 =  4.8232801723E-01  8.7599064249E-01  2.7941000814E-04
           HessRho_EigVec3 =  8.7599037053E-01 -4.8232808957E-01  6.9624120134E-04
           DelSqRho = -9.6678388169E+05
           Bond Ellipticity = NA
           V = -2.4172768985E+05
           G =  1.5859711983E+01
           K =  2.4171183014E+05
           L =  2.4169597042E+05
           Vnuc =  4.4029551152E+05
           Ven = -8.4329463459E+07
           Vrep =  8.4087735769E+07
           DelSqV =  7.5897394381E+09
           DelSqVen =  4.2567060384E+11
           DelSqVrep = -4.1808086440E+11
           DelSqG =  4.0675300603E+08
           DelSqK = -7.9964924442E+09
           Stress_EigVals = -8.0577456243E+04 -8.0575265012E+04 -8.0574968592E+04
           Stress_EigVec1 =  8.7687189732E-01 -4.8072361659E-01  6.9292098383E-04
           Stress_EigVec2 =  4.8072354806E-01  8.7687216611E-01  2.7319068014E-04
           Stress_EigVec3 = -7.3893233582E-04  9.3550203847E-05  9.9999972261E-01
           -DivStress =  3.4355879860E+04 -1.9005975314E+04  2.8364392549E+01
           ESP =  -1.8279595552E+01     ESP at Nucleus =  -1.8279597417E+01
           ESPe = -3.0467312134E+01     ESPe at Nucleus = -3.0467287408E+01
           ESPn =  1.2187716582E+01     ESPn at Nucleus =  1.2187689990E+01

CP# 15     Coords = -2.86989836721321E-01  1.24025800087445E+00  1.67175295137351E-03
           Type = (3,-3) NACP N15
           Rho =  1.9137964847E+02     Rho at Nucleus =  1.9137961830E+02
           GradRho =  3.2551739082E-13  1.2348344569E-11  1.6206003553E-14
           HessRho_EigVals = -3.2203746215E+05 -3.2203631907E+05 -3.2202673831E+05
           HessRho_EigVec1 = -7.1166317019E-04  2.0144668425E-04  9.9999972648E-01
           HessRho_EigVec2 = -3.8692191474E-01  9.2211236803E-01 -4.6111468163E-04
           HessRho_EigVec3 =  9.2211220870E-01  3.8692213707E-01  5.7828927431E-04
           DelSqRho = -9.6610051954E+05
           Bond Ellipticity = NA
           V = -2.4155782021E+05
           G =  1.6345164281E+01
           K =  2.4154147505E+05
           L =  2.4152512988E+05
           Vnuc =  5.1136643495E+05
           Ven = -9.7865128560E+07
           Vrep =  9.7623570740E+07
           DelSqV =  7.5844560220E+09
           DelSqVen =  4.9403137843E+11
           DelSqVrep = -4.8644692241E+11
           DelSqG =  4.0650013473E+08
           DelSqK = -7.9909561567E+09
           Stress_EigVals = -8.0520767590E+04 -8.0518793005E+04 -8.0518259618E+04
           Stress_EigVec1 =  9.3129394333E-01  3.6426809722E-01  5.8690494347E-04
           Stress_EigVec2 = -3.6426792353E-01  9.3129411723E-01 -3.8353760012E-04
           Stress_EigVec3 = -6.8629163303E-04  1.4339559897E-04  9.9999975422E-01
           -DivStress =  2.9227831656E+04  1.6927548875E+04  1.7389138998E+01
           ESP =  -1.8306843192E+01     ESP at Nucleus =  -1.8306844577E+01
           ESPe = -3.0356269933E+01     ESPe at Nucleus = -3.0356248967E+01
           ESPn =  1.2049426741E+01     ESPn at Nucleus =  1.2049404390E+01

CP# 16     Coords = -2.48827439862964E+00 -3.87103374240330E-02  2.97380492887731E-04
           Type = (3,+1) RCP C1 C2 C3 N13 N14 N15
           Rho =  2.3464784879E-02
           GradRho =  1.7684638476E-13 -3.2100190561E-14  1.9537179153E-15
           HessRho_EigVals = -2.0706544532E-02  1.0148257232E-01  1.1666841889E-01
           HessRho_EigVec1 = -6.8781118169E-04  6.0714197131E-05  9.9999976161E-01
           HessRho_EigVec2 =  8.7405160346E-01 -4.8583268388E-01  6.3067955793E-04
           HessRho_EigVec3 =  4.8583260635E-01  8.7405182889E-01  2.8109381105E-04
           DelSqRho =  1.9744444668E-01
           Bond Ellipticity = NA
           V = -2.7487615895E-02
           G =  3.8424363782E-02
           K = -1.0936747887E-02
           L = -4.9361111669E-02
           Vnuc =  1.7657484049E+01
           Ven = -4.1432906472E-01
           Vrep =  3.8684144883E-01
           DelSqV = -2.4201615927E-01
           DelSqVen = -3.4863721679E+00
           DelSqVrep =  3.2443560086E+00
           DelSqG =  2.4953742270E-01
           DelSqK = -7.5212634298E-03
           Stress_EigVals = -1.1339378939E-02 -8.3487953143E-03 -7.7994416412E-03
           Stress_EigVec1 = -6.8948351124E-04  5.9857519878E-05  9.9999976051E-01
           Stress_EigVec2 =  4.7523469929E-01  8.7985902562E-01  2.7500037587E-04
           Stress_EigVec3 =  8.7985879844E-01 -4.7523477509E-01  6.3509466084E-04
           -DivStress = -6.2438458792E-03  3.4894718600E-03 -4.5295293149E-06
           ESP =   2.2380227912E-01
           ESPe = -1.7433681770E+01
           ESPn =  1.7657484049E+01

CP# 17     Coords = -3.65413056408231E+00  1.87154337976647E+00 -5.61804200840725E-04
           Type = (3,-1) BCP C1 C2
           Rho =  3.1986162823E-01
           GradRho =  1.1546319456E-14  1.1386724896E-14 -6.8982363224E-18
           HessRho_EigVals = -6.7311392532E-01 -5.6518083239E-01  3.3847223250E-01
           HessRho_EigVec1 = -4.6702132918E-01  8.8424598887E-01 -3.3055104874E-04
           HessRho_EigVec2 = -6.2322739063E-04  4.4660083686E-05  9.9999980480E-01
