AIMSum (Version 19.02.13, Professional)
Copyright (c) 1997-2019 by Todd A. Keith
AIMSum is a component of the AIMAll package ( http://aim.tkgristmill.com )

TP:  64-bit Linux

Much of the Quantum Theory of Atoms in Molecules (QTAIM) is described in the book:
  "Atoms in Molecules - A Quantum Theory"
  R.F.W. Bader, Oxford University Press, Oxford, 1990

For additional references see:  http://aim.tkgristmill.com/references.html

Wfn File:  /home/mhennefarth/Documents/ML_Diels/summary-N-hayden2009/39-opt/39-opt.wfn
Sum File:  /home/mhennefarth/Documents/ML_Diels/summary-N-hayden2009/39-opt/39-opt.sum

SumViz File:  /home/mhennefarth/Documents/ML_Diels/summary-N-hayden2009/39-opt/39-opt.sumviz

Wfn Title:   Title Card Required                                                           
 
Total memory allocated for AIMSum =        0.720 Megabytes

Atomic units (a.u.) used throughout, except where stated otherwise

Model:  Restricted SCF
 
Restricted, closed-shell, single-determinant wavefunction.
  Number of electrons (from MO Occs)                   =          58.0000000000
  Number of Alpha electrons (from MO Occs)             =          29.0000000000
  Number of Beta electrons (from MO Occs)              =          29.0000000000
  Number of electron pairs (N*(N-1)/2)                 =        1653.0000000000
  Number of electron pairs (from Muller 2EDM)          =        1653.0000000000
 
Nuclear Charges and Cartesian Coordinates:
-------------------------------------------------------------------------------
Atom      Charge                X                  Y                  Z
-------------------------------------------------------------------------------
C1         6.0           2.2143599600E+00   1.0801393300E+00   2.2228111700E+00
C2         6.0           2.4194549700E+00   2.5087812500E+00   3.4768240000E-02
C3         6.0           2.2109622200E+00   1.1433499400E+00  -2.1928423600E+00
C4         6.0          -5.9234808500E+00   1.1870662000E+00   7.3107600000E-03
C5         6.0          -4.8178018500E+00  -1.0732919400E+00  -1.6123900000E-03
H6         1.0           2.3403623900E+00   1.9102179300E+00   4.0981544200E+00
H7         1.0           2.7171250700E+00   4.5378192100E+00   6.3619470000E-02
H8         1.0           2.3340821800E+00   2.0265003700E+00  -4.0439648300E+00
H9         1.0          -6.4146093500E+00   2.1495259600E+00   1.7561280200E+00
H10        1.0          -6.4002992800E+00   2.1700293500E+00  -1.7340644800E+00
H11        1.0          -4.3428177400E+00  -2.0592842600E+00   1.7369844500E+00
H12        1.0          -4.3285412100E+00  -2.0384694100E+00  -1.7478753700E+00
N13        7.0           1.6654103100E+00  -2.6074540300E+00  -3.7780870000E-02
N14        7.0           1.8422125900E+00  -1.3630395900E+00  -2.2087577500E+00
N15        7.0           1.8457672800E+00  -1.4255932100E+00   2.1677394500E+00
 
Some Atomic Properties:
----------------------
  q(A) = Net Charge of Atom A
  L(A) = Lagrangian of Atom A = -(1/4) Times Atomic Integral of the Laplacian of the Electron Density
  K(A) = Electronic Kinetic Energy of Atom A (Hamiltonian Form)
  K_Scaled(A) = K(A) * E(Mol)/K(Mol) = Approximation to Virial-Based Total Energy of Atom A.
  |Mu_Intra(A)| = Magnitude of Intraatomic Dipole Moment of Atom A
--------------------------------------------------------------------------------------------------
Atom A          q(A)              L(A)              K(A)          K_Scaled(A)      |Mu_Intra(A)|
--------------------------------------------------------------------------------------------------
C1        5.3404270330E-01 -3.8792097321E-05  3.7421562937E+01 -3.7778672795E+01  6.5132270346E-01
C2       -3.3069230600E-02 -9.2678851421E-05  3.7764458577E+01 -3.8124840651E+01  1.5205965667E-01
C3        5.3387725980E-01  2.4123948152E-05  3.7421717379E+01 -3.7778828711E+01  6.5118437664E-01
C4       -9.0709824500E-02 -1.4284718187E-05  3.7696426503E+01 -3.8056159354E+01  8.0351137211E-02
C5       -7.6230660200E-02  1.8230000113E-05  3.7695582800E+01 -3.8055307600E+01  9.2409187847E-02
H6        8.0477046310E-02  2.1832138032E-05  5.8632202020E-01 -5.9191722674E-01  1.4248253521E-01
H7        7.9558195140E-02  2.3445061035E-05  5.8099122651E-01 -5.8653556188E-01  1.4281894722E-01
H8        8.0490511020E-02  2.1994365490E-05  5.8631804826E-01 -5.9191321690E-01  1.4247889507E-01
H9        3.4632348490E-02  2.1912219813E-05  5.9759788324E-01 -6.0330069411E-01  1.4848828688E-01
H10       3.4680681220E-02  2.1674582059E-05  5.9757594438E-01 -6.0327854589E-01  1.4847573928E-01
H11       5.0479339450E-02  2.2284583059E-05  5.9209701438E-01 -5.9774733105E-01  1.4290532934E-01
H12       5.0835917450E-02  2.3799143711E-05  5.9198004535E-01 -5.9762924580E-01  1.4275410711E-01
N13      -2.6925838400E-02  4.2712136549E-06  5.4180162481E+01 -5.4697197812E+01  6.8332398601E-01
N14      -6.2593353390E-01  4.6447000293E-06  5.4589706719E+01 -5.5110650285E+01  6.5167924384E-01
N15      -6.2613168810E-01  1.9089418670E-05  5.4589868440E+01 -5.5110813550E+01  6.5174355496E-01
--------------------------------------------------------------------------------------------------
Total     7.3226479999E-05  8.1545706889E-05  3.5549236802E+02 -3.5888479258E+02
 
1st Largest |L(A)| = 9.2678851421E-05, atom C2      
2nd Largest |L(A)| = 3.8792097321E-05, atom C1      
 
Molecular charge q(Mol) from the wfn file:   0.0000000000E+00
Molecular energy E(Mol) from the wfn file:  -3.5888478862E+02
Molecular virial ratio (-V(Mol)/T(Mol)) from the wfn file:   2.0095428900E+00
Note.  K_Scaled(A) = (1+V(Mol)/T(Mol))*K(A) = (E(Mol)/T(Mol))*K(A)
       Only use K_Scaled(A) data with caution.
 
N_AIMInt(SumA)     =         57.999927
N_Analytic(Mol)    =         57.999994
 
G_AIMInt(SumA)     =        355.492286
G_Analytic(Mol)    =        355.492349
 
K_AIMInt(SumA)     =        355.492368
K_Analytic(Mol)    =        355.492349
 
L_AIMInt(SumA)     =          0.000082
L_Analytic(Mol)    =          0.000000
 
VenT_AIMInt(SumA)  =      -1487.755615
VenT_Analytic(Mol) =      -1487.756352
 
Some Information About the Atomic Calculations:
----------------------------------------------
  Time(sec) = "Elapsed User Time", in Seconds, for Atom A by AIMInt and, if used, by TWOe
  NProc = Number of Processors Used for AIMInt Job
  BIM = Basin Integration Method
  OAQ = Angular Quadrature Outside of Beta Sphere
  ORQ = Multiple of Default for Radial Quadrature Outside of Beta Sphere
  IAQ = Multiple of Default for Angular Quadrature Inside of Beta Sphere
  IRQ = Multiple of Default for Radial Quadrature Inside of Beta Sphere
  MIR = Maximum Integration Radius
------------------------------------------------------------------------------------------------------
Atom A     Time(sec)   NProc      BIM          OAQ                     ORQ      IAQ      IRQ      MIR
------------------------------------------------------------------------------------------------------
C1             20        8     Proaim(5)    4500(GS4)                  1.00     1.00     1.00    13.00
C2             19        8     Proaim(5)    4500(GS4)                  1.00     1.00     1.00    13.00
C3             19        8     Proaim(5)    4500(GS4)                  1.00     1.00     1.00    13.00
C4             20        8     Proaim(5)    4500(GS4)                  1.00     1.00     1.00    13.00
C5             56        8     Proaim(5)    4500(GS4)                  1.00     1.00     1.00    13.00
H6              5        8     Proaim(5)    1800(GS4)                  1.00     1.00     1.00    13.00
H7              5        8     Proaim(5)    1800(GS4)                  1.00     1.00     1.00    13.00
H8              5        8     Proaim(5)    1800(GS4)                  1.00     1.00     1.00    13.00
H9              5        8     Proaim(5)    1800(GS4)                  1.00     1.00     1.00    13.00
H10             6        8     Proaim(5)    1800(GS4)                  1.00     1.00     1.00    13.00
H11             7        8     Proaim(5)    1800(GS4)                  1.00     1.00     1.00    13.00
H12             6        8     Proaim(5)    1800(GS4)                  1.00     1.00     1.00    13.00
N13            57        8     Proaim(5)    4500(GS4)                  1.00     1.00     1.00    13.00
N14            20        8     Proaim(5)    4500(GS4)                  1.00     1.00     1.00    13.00
N15            21        8     Proaim(5)    4500(GS4)                  1.00     1.00     1.00    13.00
------------------------------------------------------------------------------------------------------
Total         271
Note:  Total wall clock time is less than total of atomic times if more than one atom
       was calculated at a time
 
Electron Density Critical Point Analysis of Molecular Structure:               
---------------------------------------------------------------                
  NACP = Nuclear Attractor Critical Point                                      
  NNACP = Non-Nuclear Attractor Critical Point                                 
  BCP = Bond Critical Point                                                    
  RCP = Ring Critical Point                                                    
  CCP = Cage Critical Point                                                    
  Rho = Electron Density                                                       
  GradRho = Gradient of Electron Density                                       
  HessRho_EigVals = Eigenvalues of the Hessian of Rho, Ascending Order         
  HessRho_EigVecs = Eigenvectors of the Hessian of Rho                         
  DelSqRho = Laplacian of Rho = Trace of Hessian of Rho                        
  Bond Ellipticity = (HessRho_EigVal(1) / HessRho_EigVal(2)) - 1               
  V = Virial Field = Potential Energy Density = Trace of Stress Tensor         
  G = Lagrangian Form of Kinetic Energy Density                                
  K = Hamiltonian Form of Kinetic Energy Density                               
  L = K - G = Lagrangian Density = (-1/4)DelSqRho                              
  Vnuc = Electrostatic Potential from Nuclei                                   
  Ven = Electron-nuclear attractive contribution to Virial Field V             
  Vrep = V - Ven = Repulsive contribution to Virial Field V                    
  DelSqV = Laplacian of V                                                      
  DelSqVen = Laplacian of Ven                                                  
  DelSqVrep = Laplacian of Vrep                                                
  DelSqG = Laplacian of G                                                      
  DelSqK = Laplacian of K                                                      
  Stress_EigVals = Eigenvalues of Stress Tensor, Ascending Order               
  Stress_EigVecs = Eigenvectors of Stress Tensor                               
  -DivStress = Ehrenfest Force Density = Minus Divergence of Stress Tensor     
  ESP = Total Electrostatic Potential                                          
  ESPe = Electrostatic Potential from Electrons                                
  ESPn = Electrostatic Potential from Nuclei                                   
  BP = Bond Path                                                               
  BPL = Bond Path Length                                                       
  GBL = Geometric Bond Length                                                  
  GBL_I = Distance Between Nuclear Attractors                                  
  GBL_II = Distance Between Nuclei                                             
  GBL_III = Sum of Distances Between BCP and Nuclear Attractors                
  GBL_IV = Sum of Distances Between BCP and Nuclei                             

CP# 1      Coords =  2.21435970316737E+00  1.08013766689253E+00  2.22281067229765E+00
           Type = (3,-3) NACP C1
           Rho =  1.1766444049E+02     Rho at Nucleus =  1.1766444026E+02
           GradRho = -1.5961268418E-10 -1.1142917700E-09 -3.3456626358E-10
           HessRho_EigVals = -1.4496917747E+05 -1.4496780855E+05 -1.4496740231E+05
           HessRho_EigVec1 =  9.8931248072E-01 -1.4571942565E-01 -5.1637657562E-03
           HessRho_EigVec2 =  1.4577833680E-01  9.8772289699E-01  5.6144058329E-02
           HessRho_EigVec3 = -3.0809102613E-03 -5.6296782807E-02  9.9840932500E-01
           DelSqRho = -4.3490438833E+05
           Bond Ellipticity = NA
           V = -1.0873640404E+05
           G =  5.1534776565E+00
           K =  1.0873125056E+05
           L =  1.0872609708E+05
           Vnuc =  3.4190531875E+06
           Ven = -4.0230098031E+08
           Vrep =  4.0219224390E+08
           DelSqV =  2.4946190566E+09
           DelSqVen =  1.4869611643E+12
           DelSqVrep = -1.4844665288E+12
           DelSqG =  1.3397835177E+08
           DelSqK = -2.6285974084E+09
           Stress_EigVals = -3.6245765964E+04 -3.6245636798E+04 -3.6245001276E+04
           Stress_EigVec1 =  8.8065337870E-03  3.4806929795E-02  9.9935525345E-01
           Stress_EigVec2 =  1.4520207318E-01  9.8875711299E-01 -3.5717355021E-02
           Stress_EigVec3 =  9.8936282673E-01 -1.4542300074E-01 -3.6534845555E-03
           -DivStress =  2.1070933821E+02  1.3568702815E+03  4.0604970391E+02
           ESP =  -1.4667722224E+01     ESP at Nucleus =  -1.4667722235E+01
           ESPe = -2.6921701895E+01     ESPe at Nucleus = -2.6921699574E+01
           ESPn =  1.2253979671E+01     ESPn at Nucleus =  1.2253977339E+01

CP# 2      Coords =  2.41945491654911E+00  2.50878086231639E+00  3.47682349629285E-02
           Type = (3,-3) NACP C2
           Rho =  1.1768414106E+02     Rho at Nucleus =  1.1768414105E+02
           GradRho = -5.1121606948E-12  1.0529355166E-12 -4.6254666763E-14
           HessRho_EigVals = -1.4501155042E+05 -1.4501018124E+05 -1.4500997863E+05
           HessRho_EigVec1 =  9.8868555210E-01 -1.4997487931E-01 -2.9008021975E-03
           HessRho_EigVec2 =  1.5000079532E-01  9.8858977090E-01  1.3785001803E-02
           HessRho_EigVec3 =  8.0029939826E-04 -1.4064154755E-02  9.9990077461E-01
           DelSqRho = -4.3503171028E+05
           Bond Ellipticity = NA
           V = -1.0876835115E+05
           G =  5.2117906219E+00
           K =  1.0876313936E+05
           L =  1.0875792757E+05
           Vnuc =  1.5330248927E+07
           Ven = -1.8041271772E+09
           Vrep =  1.8040184089E+09
           DelSqV =  2.4953680301E+09
           DelSqVen =  6.6691425894E+12
           DelSqVrep = -6.6666493186E+12
           DelSqG =  1.3403542210E+08
           DelSqK = -2.6294034522E+09
           Stress_EigVals = -3.6256343455E+04 -3.6256342407E+04 -3.6255665289E+04
           Stress_EigVec1 =  5.3411239836E-03  1.6352388416E-02  9.9985202495E-01
           Stress_EigVec2 =  1.4761669222E-01  9.8889919056E-01 -1.6961812648E-02
           Stress_EigVec3 =  9.8903022430E-01 -1.4768544378E-01 -2.8679476962E-03
           -DivStress =  4.4953230097E+01  3.1840069017E+02  4.1404668216E+00
           ESP =  -1.4688102318E+01     ESP at Nucleus =  -1.4688102316E+01
           ESPe = -2.6612426972E+01     ESPe at Nucleus = -2.6612426312E+01
           ESPn =  1.1924324654E+01     ESPn at Nucleus =  1.1924323996E+01

CP# 3      Coords =  2.21096196350026E+00  1.14334826187296E+00 -2.19284190988767E+00
           Type = (3,-3) NACP C3
           Rho =  1.1766444234E+02     Rho at Nucleus =  1.1766444212E+02
           GradRho = -1.6678367021E-10 -1.1243734832E-09  2.6804469755E-10
           HessRho_EigVals = -1.4496917941E+05 -1.4496781063E+05 -1.4496740414E+05
           HessRho_EigVec1 =  9.8931213236E-01 -1.4581216991E-01 -5.6202958770E-04
           HessRho_EigVec2 =  1.4573798778E-01  9.8891795635E-01 -2.8314563729E-02
           HessRho_EigVec3 =  4.6844091286E-03  2.7930032358E-02  9.9959890436E-01
           DelSqRho = -4.3490439418E+05
           Bond Ellipticity = NA
           V = -1.0873640545E+05
           G =  5.1534508255E+00
           K =  1.0873125200E+05
           L =  1.0872609854E+05
           Vnuc =  3.4163327775E+06
           Ven = -4.0198089111E+08
           Vrep =  4.0187215471E+08
           DelSqV =  2.4946190762E+09
           DelSqVen =  1.4857782395E+12
           DelSqVrep = -1.4832836204E+12
           DelSqG =  1.3397835337E+08
           DelSqK = -2.6285974296E+09
           Stress_EigVals = -3.6245766516E+04 -3.6245637177E+04 -3.6245001754E+04
           Stress_EigVec1 = -7.1893253333E-03 -6.2949001899E-02  9.9799085004E-01
           Stress_EigVec2 =  1.4531897725E-01  9.8735623312E-01  6.3325064348E-02
           Stress_EigVec3 =  9.8935873598E-01 -1.4548227413E-01 -2.0492593953E-03
           -DivStress =  2.1043108688E+02  1.3691158281E+03 -3.6722450073E+02
           ESP =  -1.4667722440E+01     ESP at Nucleus =  -1.4667722452E+01
           ESPe = -2.6921755067E+01     ESPe at Nucleus = -2.6921752745E+01
           ESPn =  1.2254032626E+01     ESPn at Nucleus =  1.2254030293E+01

CP# 4      Coords = -5.92348135405179E+00  1.18706723874075E+00  7.31076464140769E-03
           Type = (3,-3) NACP C4
           Rho =  1.1767527582E+02     Rho at Nucleus =  1.1767527572E+02
           GradRho = -9.6995855792E-11  3.2677371919E-10  1.4266912304E-12
           HessRho_EigVals = -1.4500182444E+05 -1.4500087394E+05 -1.4500063521E+05
           HessRho_EigVec1 =  9.0072651295E-01  4.3434164783E-01  6.2515467836E-03
           HessRho_EigVec2 = -4.2055565101E-03 -5.6714218367E-03  9.9997507382E-01
           HessRho_EigVec3 = -4.3436627651E-01  9.0073035251E-01  3.2817516698E-03
           DelSqRho = -4.3500333359E+05
           Bond Ellipticity = NA
           V = -1.0876101790E+05
           G =  5.0922514917E+00
           K =  1.0875592565E+05
           L =  1.0875083340E+05
           Vnuc =  5.1966703110E+06
           Ven = -6.1151961219E+08
           Vrep =  6.1141085117E+08
           DelSqV =  2.4952045320E+09
           DelSqVen =  2.2605690962E+12
           DelSqVrep = -2.2580738917E+12
           DelSqG =  1.3402847484E+08
           DelSqK = -2.6292330069E+09
           Stress_EigVals = -3.6253935698E+04 -3.6253804399E+04 -3.6253277804E+04
           Stress_EigVec1 = -4.3805726649E-01  8.9894035748E-01  3.4734676064E-03
           Stress_EigVec2 = -4.1069319748E-03 -5.8651832887E-03  9.9997436604E-01
           Stress_EigVec3 =  8.9893768660E-01  4.3803177205E-01  6.2611730565E-03
           -DivStress =  4.1052363867E+02 -8.4313140392E+02 -3.7596252465E+00
           ESP =  -1.4746444985E+01     ESP at Nucleus =  -1.4746445002E+01
           ESPe = -2.3538656540E+01     ESPe at Nucleus = -2.3538657855E+01
           ESPn =  8.7922115553E+00     ESPn at Nucleus =  8.7922128526E+00

CP# 5      Coords = -4.81780153440271E+00 -1.07329257127076E+00 -1.61238810875255E-03
           Type = (3,-3) NACP C5
           Rho =  1.1768680647E+02     Rho at Nucleus =  1.1768680644E+02
           GradRho =  5.6735727227E-12 -7.9126705188E-11  2.1725459973E-13
           HessRho_EigVals = -1.4501710656E+05 -1.4501594184E+05 -1.4501575795E+05
           HessRho_EigVec1 =  8.9344805558E-01  4.4912140935E-01  6.3664467449E-03
           HessRho_EigVec2 = -2.7153663957E-03 -8.7729940326E-03  9.9995782979E-01
           HessRho_EigVec3 = -4.4915832260E-01  8.9342766593E-01  6.6186852775E-03
           DelSqRho = -4.3504880635E+05
           Bond Ellipticity = NA
           V = -1.0877238478E+05
           G =  5.0915951578E+00
           K =  1.0876729318E+05
           L =  1.0876220159E+05
           Vnuc =  8.5013908191E+06
           Ven = -1.0005015361E+09
           Vrep =  1.0003927637E+09
           DelSqV =  2.4954652546E+09
           DelSqVen =  3.6985202278E+12
           DelSqVrep = -3.6960242383E+12
           DelSqG =  1.3404340150E+08
           DelSqK = -2.6295086561E+09
           Stress_EigVals = -3.6257731326E+04 -3.6257618073E+04 -3.6257035378E+04
           Stress_EigVec1 = -4.4397918407E-01  8.9602306429E-01  5.0152138894E-03
           Stress_EigVec2 = -3.4441797235E-03 -7.3036004792E-03  9.9996739699E-01
           Stress_EigVec3 =  8.9603048036E-01  4.4394743572E-01  6.3287110514E-03
           -DivStress = -2.5498065047E+02  5.1302091857E+02 -1.5324122916E+00
           ESP =  -1.4748782208E+01     ESP at Nucleus =  -1.4748782217E+01
           ESPe = -2.4290081427E+01     ESPe at Nucleus = -2.4290081821E+01
           ESPn =  9.5412992194E+00     ESPn at Nucleus =  9.5412996036E+00

CP# 6      Coords =  2.33821810764363E+00  1.89603633542325E+00  4.06512006773476E+00
           Type = (3,-3) NACP H6
           Rho =  4.2801554950E-01     Rho at Nucleus =  4.2407693503E-01
           GradRho = -1.7193706550E-10 -1.1371580240E-09 -2.6396110801E-09
           HessRho_EigVals = -6.5423784103E+00 -6.5326479770E+00 -5.9053973692E+00
           HessRho_EigVec1 =  1.3304404558E-01  9.0483205711E-01 -4.0444805644E-01
           HessRho_EigVec2 =  9.8926273232E-01 -1.4614007455E-01 -1.5248144287E-03
           HessRho_EigVec3 =  6.0485770095E-02  3.9990252191E-01  9.1455969985E-01
           DelSqRho = -1.8980423757E+01
           Bond Ellipticity = NA
           V = -4.7532956596E+00
           G =  4.0948602117E-03
           K =  4.7492007993E+00
           L =  4.7451059391E+00
           Vnuc =  3.9206617100E+01
           Ven = -1.6781041762E+01
           Vrep =  1.2027746102E+01
           DelSqV =  7.1392701898E+02
           DelSqVen =  7.4415821103E+02
           DelSqVrep = -3.0231192052E+01
           DelSqG =  7.0495929856E+01
           DelSqK = -7.8442294884E+02
           Stress_EigVals = -1.6383409228E+00 -1.6366318804E+00 -1.4783228564E+00
           Stress_EigVec1 =  1.3065616309E-01  9.0523085085E-01 -4.0433411149E-01
           Stress_EigVec2 =  9.8958154959E-01 -1.4395159383E-01 -2.5090522975E-03
           Stress_EigVec3 =  6.0475811335E-02  3.9979375346E-01  9.1460791104E-01
           -DivStress =  4.8789320834E-01  3.2266123369E+00  7.5166851480E+00
           ESP =  -1.0651123660E+00     ESP at Nucleus =  -1.0677709770E+00
           ESPe = -1.2504490966E+01     ESPe at Nucleus = -1.2409269086E+01
           ESPn =  1.1439378600E+01     ESPn at Nucleus =  1.1341498109E+01

CP# 7      Coords =  2.71193777204675E+00  4.50236536825848E+00  6.31152972644501E-02
           Type = (3,-3) NACP H7
           Rho =  4.2354340534E-01     Rho at Nucleus =  4.1968483640E-01
           GradRho =  5.0567189325E-16 -5.1347814889E-16  2.8460307028E-19
           HessRho_EigVals = -6.4629977847E+00 -6.4578086031E+00 -5.8451282603E+00
           HessRho_EigVec1 =  7.4694840330E-04 -1.4327573356E-02  9.9989707606E-01
           HessRho_EigVec2 =  9.8945895215E-01 -1.4478627193E-01 -2.8138003240E-03
           HessRho_EigVec3 =  1.4481168489E-01  9.8935921490E-01  1.4068397845E-02
           DelSqRho = -1.8765934648E+01
           Bond Ellipticity = NA
           V = -4.7002827721E+00
           G =  4.3995550307E-03
           K =  4.6958832171E+00
           L =  4.6914836620E+00
           Vnuc =  3.9123373692E+01
           Ven = -1.6570446922E+01
           Vrep =  1.1870164150E+01
           DelSqV =  7.0606784299E+02
           DelSqVen =  7.3418667393E+02
           DelSqVrep = -2.8118830930E+01
           DelSqG =  6.9635373282E+01
           DelSqK = -7.7570321628E+02
           Stress_EigVals = -1.6189692010E+00 -1.6182158296E+00 -1.4630977415E+00
           Stress_EigVec1 =  7.4766328186E-04 -1.4328363690E-02  9.9989706420E-01
           Stress_EigVec2 =  9.8945505488E-01 -1.4481287977E-01 -2.8150005864E-03
           Stress_EigVec3 =  1.4483830770E-01  9.8935530920E-01  1.4069000609E-02
           -DivStress =  1.1676193217E+00  7.9797197066E+00  1.1347641460E-01
           ESP =  -1.0514145586E+00     ESP at Nucleus =  -1.0540541291E+00
           ESPe = -1.2268999915E+01     ESPe at Nucleus = -1.2176062122E+01
           ESPn =  1.1217585356E+01     ESPn at Nucleus =  1.1122007993E+01

CP# 8      Coords =  2.33198867947970E+00  2.01138359385427E+00 -4.01134344992650E+00
           Type = (3,-3) NACP H8
           Rho =  4.2801595676E-01     Rho at Nucleus =  4.2407714139E-01
           GradRho = -1.0050305033E-10 -7.2550609184E-10  1.5603990981E-09
           HessRho_EigVals = -6.5423705957E+00 -6.5326404499E+00 -5.9053702808E+00
           HessRho_EigVec1 =  1.3374154289E-01  8.9294496922E-01  4.2984006520E-01
           HessRho_EigVec2 =  9.8925370899E-01 -1.4614902773E-01 -4.1905779208E-03
           HessRho_EigVec3 = -5.9078752134E-02 -4.2578133313E-01  9.0289531919E-01
           DelSqRho = -1.8980381326E+01
           Bond Ellipticity = NA
           V = -4.7532849419E+00
           G =  4.0948051609E-03
           K =  4.7491901368E+00
           L =  4.7450953316E+00
           Vnuc =  3.9206174105E+01
           Ven = -1.6780868120E+01
           Vrep =  1.2027583178E+01
           DelSqV =  7.1392434252E+02
           DelSqVen =  7.4414813750E+02
           DelSqVrep = -3.0223794984E+01
           DelSqG =  7.0495552477E+01
           DelSqK = -7.8441989500E+02
           Stress_EigVals = -1.6383389898E+00 -1.6366302036E+00 -1.4783157485E+00
           Stress_EigVec1 =  1.3136685957E-01  8.9334580658E-01  4.2973947697E-01
           Stress_EigVec2 =  9.8957241518E-01 -1.4400178231E-01 -3.1498901253E-03
           Stress_EigVec3 = -5.9069309477E-02 -4.2567212330E-01  9.0294742932E-01
           -DivStress =  4.7633771070E-01  3.4393945137E+00 -7.4227092493E+00
           ESP =  -1.0651094557E+00     ESP at Nucleus =  -1.0677682515E+00
           ESPe = -1.2504795443E+01     ESPe at Nucleus = -1.2409573604E+01
           ESPn =  1.1439685987E+01     ESPn at Nucleus =  1.1341805352E+01

CP# 9      Coords = -6.40631205792596E+00  2.13333060308300E+00  1.72650636889097E+00
           Type = (3,-3) NACP H9
           Rho =  4.2584288448E-01     Rho at Nucleus =  4.2219157528E-01
           GradRho =  5.3594281790E-15 -5.9795918217E-15 -1.0417881835E-14
           HessRho_EigVals = -6.4833812758E+00 -6.4767083206E+00 -5.8870692626E+00
           HessRho_EigVec1 = -3.7834041358E-01  7.6337548032E-01 -5.2356127387E-01
           HessRho_EigVec2 =  8.9436739822E-01  4.4729451949E-01  5.8796123328E-03
           HessRho_EigVec3 = -2.3867444031E-01  4.6603163936E-01  8.5196773569E-01
           DelSqRho = -1.8847158859E+01
           Bond Ellipticity = NA
           V = -4.7209098800E+00
           G =  4.5600826307E-03
           K =  4.7163497974E+00
           L =  4.7117897148E+00
           Vnuc =  3.8444195553E+01
           Ven = -1.6371187126E+01
           Vrep =  1.1650277245E+01
           DelSqV =  7.0980863127E+02
           DelSqVen =  7.2456386079E+02
           DelSqVrep = -1.4755229521E+01
           DelSqG =  6.9845922340E+01
           DelSqK = -7.7965455361E+02
           Stress_EigVals = -1.6241098833E+00 -1.6234198032E+00 -1.4733801935E+00
           Stress_EigVec1 = -3.7203520892E-01  7.6546496865E-01 -5.2502684226E-01
           Stress_EigVec2 =  8.9684312129E-01  4.4225145494E-01  9.2771982386E-03
           Stress_EigVec3 = -2.3929525513E-01  4.6741526758E-01  8.5103510415E-01
           -DivStress = -1.8755539267E+00  3.6612291547E+00  6.6936236743E+00
           ESP =  -1.1114495113E+00     ESP at Nucleus =  -1.1138751707E+00
           ESPe = -1.0790745409E+01     ESPe at Nucleus = -1.0719818944E+01
           ESPn =  9.6792958972E+00     ESPn at Nucleus =  9.6059437737E+00

CP# 10     Coords = -6.39224461630993E+00  2.15348725773439E+00 -1.70456689578216E+00
           Type = (3,-3) NACP H10
           Rho =  4.2583470581E-01     Rho at Nucleus =  4.2218331724E-01
           GradRho =  3.1190328098E-15 -5.8338750497E-15  1.0191500421E-14
           HessRho_EigVals = -6.4832670089E+00 -6.4765929877E+00 -5.8869519002E+00
           HessRho_EigVec1 = -3.8266855306E-01  7.5719803923E-01  5.2935423667E-01
           HessRho_EigVec2 =  8.9436126821E-01  4.4729506134E-01  6.7119308119E-03
           HessRho_EigVec3 =  2.3169527491E-01 -4.7600237129E-01  8.4837435257E-01
           DelSqRho = -1.8846811897E+01
           Bond Ellipticity = NA
           V = -4.7208224479E+00
           G =  4.5597368244E-03
           K =  4.7162627111E+00
           L =  4.7117029742E+00
           Vnuc =  3.8450313921E+01
           Ven = -1.6373478117E+01
           Vrep =  1.1652655669E+01
           DelSqV =  7.0979519504E+02
           DelSqVen =  7.2466583384E+02
           DelSqVrep = -1.4870638795E+01
           DelSqG =  6.9844695386E+01
           DelSqK = -7.7963989043E+02
           Stress_EigVals = -1.6240808718E+00 -1.6233909260E+00 -1.4733506501E+00
           Stress_EigVec1 = -3.7633794032E-01  7.5928993990E-01  5.3089409664E-01
           Stress_EigVec2 =  8.9688103639E-01  4.4225990800E-01  3.2527447418E-03
           Stress_EigVec3 =  2.3232339798E-01 -4.7737297887E-01  8.4743193107E-01
           -DivStress = -1.8206942872E+00  3.7395115563E+00 -6.6654591084E+00
           ESP =  -1.1114622599E+00     ESP at Nucleus =  -1.1138877144E+00
           ESPe = -1.0797460129E+01     ESPe at Nucleus = -1.0726613341E+01
           ESPn =  9.6859978689E+00     ESPn at Nucleus =  9.6127256261E+00

CP# 11     Coords = -4.35101617838261E+00 -2.04231496119759E+00  1.70716321790465E+00
           Type = (3,-3) NACP H11
           Rho =  4.2479587701E-01     Rho at Nucleus =  4.2105042108E-01
           GradRho = -4.7722242824E-15  7.9034001566E-15 -1.4410347915E-14
           HessRho_EigVals = -6.4645285243E+00 -6.4581495665E+00 -5.8599949412E+00
           HessRho_EigVec1 = -3.8071173136E-01  7.5566499612E-01  5.3294370364E-01
           HessRho_EigVec2 =  8.9520736176E-01  4.4558329492E-01  7.7010869447E-03
           HessRho_EigVec3 =  2.3165136964E-01 -4.8002702105E-01  8.4611565522E-01
           DelSqRho = -1.8782673032E+01
           Bond Ellipticity = NA
           V = -4.7045800444E+00
           G =  4.4558932175E-03
           K =  4.7001241512E+00
           L =  4.6956682580E+00
           Vnuc =  3.9286248802E+01
           Ven = -1.6688636514E+01
           Vrep =  1.1984056470E+01
           DelSqV =  7.0689522384E+02
           DelSqVen =  7.3790076589E+02
           DelSqVrep = -3.1005542058E+01
           DelSqG =  6.9544755916E+01
           DelSqK = -7.7643997975E+02
           Stress_EigVals = -1.6193913431E+00 -1.6186306446E+00 -1.4665580567E+00
           Stress_EigVec1 = -3.7803428308E-01  7.5591144695E-01  5.3449786266E-01
           Stress_EigVec2 =  8.9615290369E-01  4.4370037604E-01  6.3205626195E-03
           Stress_EigVec3 =  2.3237911702E-01 -4.8138120099E-01  8.4514619168E-01
           -DivStress =  1.8471688615E+00 -3.8229716254E+00  6.7157004121E+00
           ESP =  -1.1154255571E+00     ESP at Nucleus =  -1.1179076448E+00
           ESPe = -1.2054713968E+01     ESPe at Nucleus = -1.1989017781E+01
           ESPn =  1.0939288411E+01     ESPn at Nucleus =  1.0871110136E+01

CP# 12     Coords = -4.33698753797746E+00 -2.02185260763732E+00 -1.71791116401305E+00
           Type = (3,-3) NACP H12
           Rho =  4.2476436777E-01     Rho at Nucleus =  4.2101683210E-01
           GradRho = -6.9293529248E-15  7.2216538305E-15  1.5439906298E-14
           HessRho_EigVals = -6.4639139474E+00 -6.4575322160E+00 -5.8592098214E+00
           HessRho_EigVec1 = -3.7646430634E-01  7.6195692842E-01 -5.2696894148E-01
           HessRho_EigVec2 =  8.9517745377E-01  4.4568283901E-01  4.9125625350E-03
           HessRho_EigVec3 = -2.3860417497E-01  4.6988131081E-01  8.4987034390E-01
           DelSqRho = -1.8780655985E+01
           Bond Ellipticity = NA
           V = -4.7040746581E+00
           G =  4.4553309684E-03
           K =  4.6996193272E+00
           L =  4.6951639962E+00
           Vnuc =  3.9290598941E+01
           Ven = -1.6689246419E+01
           Vrep =  1.1985171760E+01
           DelSqV =  7.0680748594E+02
           DelSqVen =  7.3790322214E+02
           DelSqVrep = -3.1095736208E+01
           DelSqG =  6.9535115122E+01
           DelSqK = -7.7634260106E+02
           Stress_EigVals = -1.6192368269E+00 -1.6184767938E+00 -1.4663610375E+00
           Stress_EigVec1 = -3.7386923191E-01  7.6217715482E-01 -5.2849577302E-01
           Stress_EigVec2 =  8.9607252958E-01  4.4386404444E-01  6.2234861965E-03
           Stress_EigVec3 = -2.3932367029E-01  4.7124377420E-01  8.4891312048E-01
           -DivStress =  1.9027873981E+00 -3.7431852942E+00 -6.7471850616E+00
           ESP =  -1.1154662633E+00     ESP at Nucleus =  -1.1179497805E+00
           ESPe = -1.2068608111E+01     ESPe at Nucleus = -1.2003121574E+01
           ESPn =  1.0953141847E+01     ESPn at Nucleus =  1.0885171793E+01

CP# 13     Coords =  1.66541260859574E+00 -2.60743822583042E+00 -3.77806460570653E-02
           Type = (3,-3) NACP N13
           Rho =  1.9154478446E+02     Rho at Nucleus =  1.9154474335E+02
           GradRho = -8.9862561836E-12 -3.9447556333E-11  9.7897384643E-13
           HessRho_EigVals = -3.2229173489E+05 -3.2229116916E+05 -3.2228068889E+05
           HessRho_EigVec1 =  9.8953500319E-01 -1.4426670480E-01 -2.7559662297E-03
           HessRho_EigVec2 =  7.0775377682E-04 -1.4246798671E-02  9.9989825873E-01
           HessRho_EigVec3 =  1.4429129062E-01  9.8943627719E-01  1.3995600664E-02
           DelSqRho = -9.6686359294E+05
           Bond Ellipticity = NA
           V = -2.4174755861E+05
           G =  1.5830186458E+01
           K =  2.4173172842E+05
           L =  2.4171589824E+05
           Vnuc =  4.3827847114E+05
           Ven = -8.3949955289E+07
           Vrep =  8.3708207731E+07
           DelSqV =  7.5903616167E+09
           DelSqVen =  4.2375549702E+11
           DelSqVrep = -4.1616513541E+11
           DelSqG =  4.0678698662E+08
           DelSqK = -7.9971486033E+09
           Stress_EigVals = -8.0584083432E+04 -8.0581888769E+04 -8.0581586407E+04
           Stress_EigVec1 =  1.4464956155E-01  9.8938421834E-01  1.3977583633E-02
           Stress_EigVec2 =  7.7773207555E-04 -1.4239827703E-02  9.9989830605E-01
           Stress_EigVec3 =  9.8948264233E-01 -1.4462398075E-01 -2.8292606754E-03
           -DivStress = -5.6751374679E+03 -3.9030043299E+04 -5.5305155972E+02
           ESP =  -1.8287135436E+01     ESP at Nucleus =  -1.8287137334E+01
           ESPe = -3.0379453214E+01     ESPe at Nucleus = -3.0379423830E+01
           ESPn =  1.2092317778E+01     ESPn at Nucleus =  1.2092286496E+01

CP# 14     Coords =  1.84221363793470E+00 -1.36303281076088E+00 -2.20874586978709E+00
           Type = (3,-3) NACP N14
           Rho =  1.9138196646E+02     Rho at Nucleus =  1.9138193616E+02
           GradRho = -2.1991186649E-11 -9.3307583882E-12 -6.2178706628E-11
           HessRho_EigVals = -3.2203903306E+05 -3.2203784598E+05 -3.2202823564E+05
           HessRho_EigVec1 =  9.8952030893E-01 -1.4437703053E-01 -2.1980130568E-03
           HessRho_EigVec2 =  1.1361684449E-01  7.8791235258E-01 -6.0521511655E-01
           HessRho_EigVec3 =  8.9111002998E-02  5.9862291779E-01  7.9605893716E-01
           DelSqRho = -9.6610511467E+05
           Bond Ellipticity = NA
           V = -2.4155892613E+05
           G =  1.6323732545E+01
           K =  2.4154260240E+05
           L =  2.4152627867E+05
           Vnuc =  5.1027384415E+05
           Ven = -9.7657211726E+07
           Vrep =  9.7415652800E+07
           DelSqV =  7.5844874987E+09
           DelSqVen =  4.9297817037E+11
           DelSqVrep = -4.8539368287E+11
           DelSqG =  4.0649879457E+08
           DelSqK = -7.9909862932E+09
           Stress_EigVals = -8.0521140478E+04 -8.0519163549E+04 -8.0518622105E+04
           Stress_EigVec1 =  9.1737328686E-02  6.1695344569E-01  7.8163463867E-01
           Stress_EigVec2 =  1.1195292188E-01  7.7357795170E-01 -6.2373367387E-01
           Stress_EigVec3 =  9.8946996205E-01 -1.4472594269E-01 -1.8962339120E-03
           -DivStress = -2.5852555408E+03 -1.6720810632E+04 -2.9312398250E+04
           ESP =  -1.8314116636E+01     ESP at Nucleus =  -1.8314118039E+01
           ESPe = -3.0211428694E+01     ESPe at Nucleus = -3.0211403566E+01
           ESPn =  1.1897312059E+01     ESPn at Nucleus =  1.1897285527E+01

CP# 15     Coords =  1.84576830831411E+00 -1.42558609350617E+00  2.16772776692800E+00
           Type = (3,-3) NACP N15
           Rho =  1.9138200782E+02     Rho at Nucleus =  1.9138197752E+02
           GradRho = -2.0644985721E-11 -1.1488587859E-11  6.7278183025E-11
           HessRho_EigVals = -3.2203911393E+05 -3.2203792678E+05 -3.2202831644E+05
           HessRho_EigVec1 =  9.8952612218E-01 -1.4431030133E-01 -3.5483034261E-03
           HessRho_EigVec2 =  1.1458175142E-01  7.7025391325E-01  6.2735949133E-01
           HessRho_EigVec3 = -8.7801342637E-02 -6.2119517549E-01  7.7872169495E-01
           DelSqRho = -9.6610535715E+05
           Bond Ellipticity = NA
           V = -2.4155898669E+05
           G =  1.6323700955E+01
           K =  2.4154266299E+05
           L =  2.4152633929E+05
           Vnuc =  5.1027333327E+05
           Ven = -9.7657135059E+07
           Vrep =  9.7415576072E+07
           DelSqV =  7.5844894262E+09
           DelSqVen =  4.9297780109E+11
           DelSqVrep = -4.8539331153E+11
           DelSqG =  4.0649891147E+08
           DelSqK = -7.9909883377E+09
           Stress_EigVals = -8.0521160692E+04 -8.0519183713E+04 -8.0518642286E+04
           Stress_EigVec1 = -9.0452429714E-02 -6.3912794374E-01  7.6376294063E-01
           Stress_EigVec2 =  1.1292881862E-01  7.5537787593E-01  6.4548535729E-01
           Stress_EigVec3 =  9.8947735693E-01 -1.4463656550E-01 -3.8501994040E-03
           -DivStress = -2.5368497331E+03 -1.7552936112E+04  2.8826161869E+04
           ESP =  -1.8314122208E+01     ESP at Nucleus =  -1.8314123611E+01
           ESPe = -3.0211364270E+01     ESPe at Nucleus = -3.0211339141E+01
           ESPn =  1.1897242062E+01     ESPn at Nucleus =  1.1897215530E+01

CP# 16     Coords =  2.03597885558300E+00 -1.03845073155493E-01 -2.24940756725242E-03
           Type = (3,+1) RCP C1 C2 C3 N14 N13 N15
           Rho =  2.3458801539E-02
           GradRho = -8.7007224342E-18 -2.0166160408E-17  1.0808140407E-17
           HessRho_EigVals = -2.0730007651E-02  1.0145158827E-01  1.1679501203E-01
           HessRho_EigVec1 =  9.8926006456E-01 -1.4613773541E-01 -2.8787078762E-03
           HessRho_EigVec2 =  1.4616359223E-01  9.8916635595E-01  1.3642747401E-02
           HessRho_EigVec3 =  8.5380076975E-04 -1.3916987459E-02  9.9990278952E-01
           DelSqRho =  1.9751659265E-01
           Bond Ellipticity = NA
           V = -2.7544717389E-02
           G =  3.8461932776E-02
           K = -1.0917215387E-02
           L = -4.9379148164E-02
           Vnuc =  1.8056969553E+01
           Ven = -4.2359486515E-01
           Vrep =  3.9605014776E-01
           DelSqV = -2.4197531694E-01
           DelSqVen = -3.5665510998E+00
           DelSqVrep =  3.3245757828E+00
           DelSqG =  2.4937910019E-01
           DelSqK = -7.4037832449E-03
           Stress_EigVals = -1.1329275226E-02 -8.3832526852E-03 -7.8321894775E-03
           Stress_EigVec1 =  9.8939110402E-01 -1.4524815982E-01 -2.8662445726E-03
           Stress_EigVec2 =  7.1109070464E-04 -1.4887482104E-02  9.9988892244E-01
           Stress_EigVec3 =  1.4527469717E-01  9.8928324303E-01  1.4626257738E-02
           -DivStress =  9.9182362965E-04  7.1244533678E-03  1.0157984397E-04
           ESP =   2.1653224382E-01
           ESPe = -1.7840437309E+01
           ESPn =  1.8056969553E+01

CP# 17     Coords =  2.31846576514573E+00  1.80564868617746E+00  1.12962583999842E+00
           Type = (3,-1) BCP C1 C2
           Rho =  3.2011846934E-01
           GradRho =  3.7296554734E-17 -1.7347234760E-16  8.3266726847E-17
           HessRho_EigVals = -6.7375104856E-01 -5.6556179351E-01  3.3797441832E-01
           HessRho_EigVec1 =  1.2129297430E-01  8.2062346072E-01  5.5844887869E-01
           HessRho_EigVec2 =  9.8943616586E-01 -1.4495686808E-01 -1.8921135603E-03
