AIMSum (Version 19.02.13, Professional)
Copyright (c) 1997-2019 by Todd A. Keith
AIMSum is a component of the AIMAll package ( http://aim.tkgristmill.com )

TP:  64-bit Linux

Much of the Quantum Theory of Atoms in Molecules (QTAIM) is described in the book:
  "Atoms in Molecules - A Quantum Theory"
  R.F.W. Bader, Oxford University Press, Oxford, 1990

For additional references see:  http://aim.tkgristmill.com/references.html

Wfn File:  /home/mhennefarth/Documents/ML_Diels/summary-hayden2009/4-opt/4-opt.wfn
Sum File:  /home/mhennefarth/Documents/ML_Diels/summary-hayden2009/4-opt/4-opt.sum

SumViz File:  /home/mhennefarth/Documents/ML_Diels/summary-hayden2009/4-opt/4-opt.sumviz

Wfn Title:   Title Card Required                                                           
 
Total memory allocated for AIMSum =        1.681 Megabytes

Atomic units (a.u.) used throughout, except where stated otherwise

Model:  Restricted SCF
 
Restricted, closed-shell, single-determinant wavefunction.
  Number of electrons (from MO Occs)                   =         110.0000000000
  Number of Alpha electrons (from MO Occs)             =          55.0000000000
  Number of Beta electrons (from MO Occs)              =          55.0000000000
  Number of electron pairs (N*(N-1)/2)                 =        5995.0000000000
  Number of electron pairs (from Muller 2EDM)          =        5995.0000000000
 
Nuclear Charges and Cartesian Coordinates:
-------------------------------------------------------------------------------
Atom      Charge                X                  Y                  Z
-------------------------------------------------------------------------------
C1         6.0          -1.4618000000E-03  -1.0776744000E+00  -2.6524453400E+00
C2         6.0          -2.3139381500E+00  -1.0781668000E+00  -1.3653802700E+00
C3         6.0          -2.3136308600E+00  -1.0798325900E+00   1.3648651200E+00
C4         6.0          -8.4942000000E-04  -1.0811585700E+00   2.6514534800E+00
C5         6.0           2.3113953500E+00  -1.0819899700E+00   1.3644605000E+00
C6         6.0           2.3110449600E+00  -1.0801951500E+00  -1.3660294100E+00
C7         6.0           1.6023630000E-02   6.3622900900E+00   1.2602464300E+00
C8         6.0          -1.5301100000E-03   6.3627202400E+00  -1.2546977000E+00
C9         6.0           4.6835115800E+00  -1.0833923200E+00  -2.6595658300E+00
C10        6.0           6.9160709700E+00  -1.0867796200E+00  -1.3488361500E+00
C11        6.0           6.9163775600E+00  -1.0885390200E+00   1.3463401800E+00
C12        6.0           4.6840936800E+00  -1.0870057900E+00   2.6575450200E+00
C13        6.0          -4.6858764200E+00  -1.0832838600E+00   2.6586298400E+00
C14        6.0          -6.9185327300E+00  -1.0835513000E+00   1.3479751200E+00
C15        6.0          -6.9188729800E+00  -1.0818369400E+00  -1.3471764800E+00
C16        6.0          -4.6865717300E+00  -1.0798325800E+00  -2.6584442400E+00
H17        1.0          -1.9401300000E-03  -1.0787773500E+00  -4.7092085300E+00
H18        1.0          -8.6980000000E-04  -1.0844267600E+00   4.7081942500E+00
H19        1.0           1.7695301300E+00   6.3486628700E+00   2.3312141800E+00
H20        1.0           1.7369004200E+00   6.3487658500E+00  -2.3500001100E+00
H21        1.0           4.6782960300E+00  -1.0832351700E+00  -4.7148412200E+00
H22        1.0           8.7047996500E+00  -1.0893901200E+00  -2.3575759800E+00
H23        1.0           8.7053568300E+00  -1.0926496600E+00   2.3546473700E+00
H24        1.0           4.6792485000E+00  -1.0897146700E+00   4.7128097400E+00
H25        1.0          -1.7224783600E+00   6.3627898700E+00   2.3555299300E+00
H26        1.0          -1.7550193400E+00   6.3630987800E+00  -2.3258098200E+00
H27        1.0          -4.6803768400E+00  -1.0858731500E+00   4.7138960700E+00
H28        1.0          -8.7073434700E+00  -1.0865858100E+00   2.3565932200E+00
H29        1.0          -8.7079176000E+00  -1.0835456700E+00  -2.3553678200E+00
H30        1.0          -4.6817072100E+00  -1.0797475300E+00  -4.7137228500E+00
 
Some Atomic Properties:
----------------------
  q(A) = Net Charge of Atom A
  L(A) = Lagrangian of Atom A = -(1/4) Times Atomic Integral of the Laplacian of the Electron Density
  K(A) = Electronic Kinetic Energy of Atom A (Hamiltonian Form)
  K_Scaled(A) = K(A) * E(Mol)/K(Mol) = Approximation to Virial-Based Total Energy of Atom A.
  |Mu_Intra(A)| = Magnitude of Intraatomic Dipole Moment of Atom A
--------------------------------------------------------------------------------------------------
Atom A          q(A)              L(A)              K(A)          K_Scaled(A)      |Mu_Intra(A)|
--------------------------------------------------------------------------------------------------
C1       -4.8361858300E-02 -2.0233057609E-04  3.7748180142E+01 -3.8123468019E+01  1.0811717496E-01
C2        1.1244967700E-02 -8.8154913486E-05  3.7735388060E+01 -3.8110548760E+01  1.4065771954E-02
C3        1.1211132800E-02 -7.8757834463E-05  3.7735382358E+01 -3.8110543002E+01  1.4401873126E-02
C4       -4.8197264400E-02 -6.8037940157E-05  3.7748181122E+01 -3.8123469009E+01  1.0850677292E-01
C5        1.1256290100E-02  5.8816505545E-06  3.7735396727E+01 -3.8110557513E+01  1.4195296609E-02
C6        1.1231861400E-02 -7.2526955641E-05  3.7735389373E+01 -3.8110550086E+01  1.3987272127E-02
C7       -7.6697286000E-02 -6.5788342819E-05  3.7691941483E+01 -3.8066670242E+01  8.9844684624E-02
C8       -7.6703964500E-02 -5.5045879499E-05  3.7691951715E+01 -3.8066680576E+01  8.9833474377E-02
C9       -4.1026317700E-02  1.5110013293E-05  3.7734438942E+01 -3.8109590206E+01  1.1019723298E-01
C10      -3.7526549600E-02 -1.0994622266E-04  3.7722346403E+01 -3.8097377444E+01  1.1379019516E-01
C11      -3.7447555500E-02 -3.2697764831E-05  3.7722361644E+01 -3.8097392837E+01  1.1347523489E-01
C12      -4.1033696700E-02 -1.1532001398E-07  3.7734435377E+01 -3.8109586605E+01  1.1023934507E-01
C13      -4.1020788500E-02 -3.0869941668E-05  3.7734429523E+01 -3.8109580693E+01  1.1018215983E-01
C14      -3.7454901200E-02 -2.7405061902E-05  3.7722344710E+01 -3.8097375735E+01  1.1375713529E-01
C15      -3.7467834400E-02 -4.7159151372E-05  3.7722341912E+01 -3.8097372908E+01  1.1365681128E-01
C16      -4.1121866700E-02 -9.9778067695E-05  3.7734406212E+01 -3.8109557151E+01  1.1044611435E-01
H17       3.3088215700E-02  2.4773149212E-05  6.0007580529E-01 -6.0604168694E-01  1.5522122321E-01
H18       3.3089263530E-02  2.4400596714E-05  6.0008056477E-01 -6.0604649374E-01  1.5522093137E-01
H19       3.8315078510E-02  2.4779634463E-05  5.9650684646E-01 -6.0243724594E-01  1.4740421544E-01
H20       3.8255176910E-02  2.4270786412E-05  5.9652716949E-01 -6.0245777103E-01  1.4741950128E-01
H21       3.6316329910E-02  2.4715576290E-05  5.9960696047E-01 -6.0556818092E-01  1.5258361149E-01
H22       3.8498872690E-02  2.7023867447E-05  5.9976289907E-01 -6.0572566984E-01  1.5008214794E-01
H23       3.8502371020E-02  2.9385304837E-05  5.9976002254E-01 -6.0572276472E-01  1.5008269944E-01
H24       3.6321725670E-02  2.4166589389E-05  5.9960681556E-01 -6.0556803457E-01  1.5258173015E-01
H25       3.8206348530E-02  1.7624461886E-05  5.9654320783E-01 -6.0247396882E-01  1.4744166101E-01
H26       3.8261410820E-02  1.8089753153E-05  5.9652265247E-01 -6.0245320909E-01  1.4742471427E-01
H27       3.6319917570E-02  2.4244001231E-05  5.9960632346E-01 -6.0556753758E-01  1.5258142619E-01
H28       3.8494517810E-02  2.1217230135E-05  5.9975840986E-01 -6.0572113600E-01  1.5008952461E-01
H29       3.8490470380E-02  2.1028647816E-05  5.9976258155E-01 -6.0572534916E-01  1.5008951026E-01
H30       3.6318341870E-02  2.4613300229E-05  5.9960474665E-01 -6.0556594509E-01  1.5258233882E-01
--------------------------------------------------------------------------------------------------
Total    -6.3759058000E-04 -6.2728940924E-04  6.1203264071E+02 -6.1811739578E+02
 
1st Largest |L(A)| = 2.0233057609E-04, atom C1      
2nd Largest |L(A)| = 1.0994622266E-04, atom C10     
 
Molecular charge q(Mol) from the wfn file:   0.0000000000E+00
Molecular energy E(Mol) from the wfn file:  -6.1811759417E+02
Molecular virial ratio (-V(Mol)/T(Mol)) from the wfn file:   2.0099418800E+00
Note.  K_Scaled(A) = (1+V(Mol)/T(Mol))*K(A) = (E(Mol)/T(Mol))*K(A)
       Only use K_Scaled(A) data with caution.
 
N_AIMInt(SumA)     =        110.000638
N_Analytic(Mol)    =        109.999980
 
G_AIMInt(SumA)     =        612.033268
G_Analytic(Mol)    =        612.032789
 
K_AIMInt(SumA)     =        612.032641
K_Analytic(Mol)    =        612.032789
 
L_AIMInt(SumA)     =         -0.000627
L_Analytic(Mol)    =          0.000000
 
VenT_AIMInt(SumA)  =      -3357.944599
VenT_Analytic(Mol) =      -3357.933553
 
Some Information About the Atomic Calculations:
----------------------------------------------
  Time(sec) = "Elapsed User Time", in Seconds, for Atom A by AIMInt and, if used, by TWOe
  NProc = Number of Processors Used for AIMInt Job
  BIM = Basin Integration Method
  OAQ = Angular Quadrature Outside of Beta Sphere
  ORQ = Multiple of Default for Radial Quadrature Outside of Beta Sphere
  IAQ = Multiple of Default for Angular Quadrature Inside of Beta Sphere
  IRQ = Multiple of Default for Radial Quadrature Inside of Beta Sphere
  MIR = Maximum Integration Radius
------------------------------------------------------------------------------------------------------
Atom A     Time(sec)   NProc      BIM          OAQ                     ORQ      IAQ      IRQ      MIR
------------------------------------------------------------------------------------------------------
C1             61        8     Proaim(5)    4500(GS4)                  1.00     1.00     1.00    13.00
C2             38        8     Proaim(5)    4500(GS4)                  1.00     1.00     1.00    13.00
C3             38        8     Proaim(5)    4500(GS4)                  1.00     1.00     1.00    13.00
C4             63        8     Proaim(5)    4500(GS4)                  1.00     1.00     1.00    13.00
C5             38        8     Proaim(5)    4500(GS4)                  1.00     1.00     1.00    13.00
C6             37        8     Proaim(5)    4500(GS4)                  1.00     1.00     1.00    13.00
C7             48        8     Proaim(5)    4500(GS4)                  1.00     1.00     1.00    13.00
C8             47        8     Proaim(5)    4500(GS4)                  1.00     1.00     1.00    13.00
C9             27        8     Proaim(5)    4500(GS4)                  1.00     1.00     1.00    13.00
C10            21        8     Proaim(5)    4500(GS4)                  1.00     1.00     1.00    13.00
C11            21        8     Proaim(5)    4500(GS4)                  1.00     1.00     1.00    13.00
C12            28        8     Proaim(5)    4500(GS4)                  1.00     1.00     1.00    13.00
C13            27        8     Proaim(5)    4500(GS4)                  1.00     1.00     1.00    13.00
C14            21        8     Proaim(5)    4500(GS4)                  1.00     1.00     1.00    13.00
C15            22        8     Proaim(5)    4500(GS4)                  1.00     1.00     1.00    13.00
C16            27        8     Proaim(5)    4500(GS4)                  1.00     1.00     1.00    13.00
H17             8        8     Proaim(5)    1800(GS4)                  1.00     1.00     1.00    13.00
H18             9        8     Proaim(5)    1800(GS4)                  1.00     1.00     1.00    13.00
H19             8        8     Proaim(5)    1800(GS4)                  1.00     1.00     1.00    13.00
H20             8        8     Proaim(5)    1800(GS4)                  1.00     1.00     1.00    13.00
H21             7        8     Proaim(5)    1800(GS4)                  1.00     1.00     1.00    13.00
H22             6        8     Proaim(5)    1800(GS4)                  1.00     1.00     1.00    13.00
H23             6        8     Proaim(5)    1800(GS4)                  1.00     1.00     1.00    13.00
H24             7        8     Proaim(5)    1800(GS4)                  1.00     1.00     1.00    13.00
H25             8        8     Proaim(5)    1800(GS4)                  1.00     1.00     1.00    13.00
H26             8        8     Proaim(5)    1800(GS4)                  1.00     1.00     1.00    13.00
H27             7        8     Proaim(5)    1800(GS4)                  1.00     1.00     1.00    13.00
H28             6        8     Proaim(5)    1800(GS4)                  1.00     1.00     1.00    13.00
H29             6        8     Proaim(5)    1800(GS4)                  1.00     1.00     1.00    13.00
H30             7        8     Proaim(5)    1800(GS4)                  1.00     1.00     1.00    13.00
------------------------------------------------------------------------------------------------------
Total         665
Note:  Total wall clock time is less than total of atomic times if more than one atom
       was calculated at a time
 
Electron Density Critical Point Analysis of Molecular Structure:               
---------------------------------------------------------------                
  NACP = Nuclear Attractor Critical Point                                      
  NNACP = Non-Nuclear Attractor Critical Point                                 
  BCP = Bond Critical Point                                                    
  RCP = Ring Critical Point                                                    
  CCP = Cage Critical Point                                                    
  Rho = Electron Density                                                       
  GradRho = Gradient of Electron Density                                       
  HessRho_EigVals = Eigenvalues of the Hessian of Rho, Ascending Order         
  HessRho_EigVecs = Eigenvectors of the Hessian of Rho                         
  DelSqRho = Laplacian of Rho = Trace of Hessian of Rho                        
  Bond Ellipticity = (HessRho_EigVal(1) / HessRho_EigVal(2)) - 1               
  V = Virial Field = Potential Energy Density = Trace of Stress Tensor         
  G = Lagrangian Form of Kinetic Energy Density                                
  K = Hamiltonian Form of Kinetic Energy Density                               
  L = K - G = Lagrangian Density = (-1/4)DelSqRho                              
  Vnuc = Electrostatic Potential from Nuclei                                   
  Ven = Electron-nuclear attractive contribution to Virial Field V             
  Vrep = V - Ven = Repulsive contribution to Virial Field V                    
  DelSqV = Laplacian of V                                                      
  DelSqVen = Laplacian of Ven                                                  
  DelSqVrep = Laplacian of Vrep                                                
  DelSqG = Laplacian of G                                                      
  DelSqK = Laplacian of K                                                      
  Stress_EigVals = Eigenvalues of Stress Tensor, Ascending Order               
  Stress_EigVecs = Eigenvectors of Stress Tensor                               
  -DivStress = Ehrenfest Force Density = Minus Divergence of Stress Tensor     
  ESP = Total Electrostatic Potential                                          
  ESPe = Electrostatic Potential from Electrons                                
  ESPn = Electrostatic Potential from Nuclei                                   
  BP = Bond Path                                                               
  BPL = Bond Path Length                                                       
  GBL = Geometric Bond Length                                                  
  GBL_I = Distance Between Nuclear Attractors                                  
  GBL_II = Distance Between Nuclei                                             
  GBL_III = Sum of Distances Between BCP and Nuclear Attractors                
  GBL_IV = Sum of Distances Between BCP and Nuclei                             

CP# 1      Coords = -1.46180203495726E-03 -1.07767437698111E+00 -2.65244539407156E+00
           Type = (3,-3) NACP C1
           Rho =  1.1767582698E+02     Rho at Nucleus =  1.1767582698E+02
           GradRho =  7.8003835860E-16 -4.6795759542E-12  2.3107066439E-11
           HessRho_EigVals = -1.4500589125E+05 -1.4500500923E+05 -1.4500483017E+05
           HessRho_EigVec1 =  3.7480921585E-04  9.9998322228E-01 -5.7805428894E-03
           HessRho_EigVec2 = -6.4879062500E-04  5.7807852475E-03  9.9998308065E-01
           HessRho_EigVec3 =  9.9999971929E-01 -3.7105251229E-04  6.5094643135E-04
           DelSqRho = -4.3501573065E+05
           Bond Ellipticity = NA
           V = -1.0876431706E+05
           G =  5.1921972605E+00
           K =  1.0875912486E+05
           L =  1.0875393266E+05
           Vnuc =  1.0203635438E+08
           Ven = -1.2007212384E+10
           Vrep =  1.2007103619E+10
           DelSqV =  2.4952816318E+09
           DelSqVen =  4.4385265779E+13
           DelSqVrep = -4.4382770497E+13
           DelSqG =  1.3403542185E+08
           DelSqK = -2.6293170537E+09
           Stress_EigVals = -3.6254981399E+04 -3.6254931184E+04 -3.6254404475E+04
           Stress_EigVec1 =  9.9999799894E-01 -4.0873331492E-04  1.9583311662E-03
           Stress_EigVec2 = -1.9575260737E-03  1.9609180060E-03  9.9999616144E-01
           Stress_EigVec3 =  4.1257187282E-04  9.9999799387E-01 -1.9601139760E-03
           -DivStress =  1.6530839608E+00 -1.9630970688E+01  4.2739510915E+01
           ESP =  -1.4740407199E+01     ESP at Nucleus =  -1.4740407199E+01
           ESPe = -3.4115582040E+01     ESPe at Nucleus = -3.4115582127E+01
           ESPn =  1.9375174841E+01     ESPn at Nucleus =  1.9375174927E+01

CP# 2      Coords = -2.31393846262553E+00 -1.07816678863297E+00 -1.36537999834678E+00
           Type = (3,-3) NACP C2
           Rho =  1.1764058935E+02     Rho at Nucleus =  1.1764058934E+02
           GradRho = -3.8496310295E-11 -7.8312486975E-12  9.7125830144E-12
           HessRho_EigVals = -1.4495306866E+05 -1.4495195537E+05 -1.4495181314E+05
           HessRho_EigVec1 = -3.5549508786E-03  9.9999238139E-01 -1.6122949941E-03
           HessRho_EigVec2 =  2.0618179276E-01  2.3106320967E-03  9.7851097557E-01
           HessRho_EigVec3 =  9.7850724609E-01  3.1461325800E-03 -2.0618843612E-01
           DelSqRho = -4.3485683717E+05
           Bond Ellipticity = NA
           V = -1.0872461256E+05
           G =  5.2016344328E+00
           K =  1.0871941093E+05
           L =  1.0871420929E+05
           Vnuc =  1.4481650434E+07
           Ven = -1.7036298918E+09
           Vrep =  1.7035211672E+09
           DelSqV =  2.4943636668E+09
           DelSqVen =  6.2974402232E+12
           DelSqVrep = -6.2949458596E+12
           DelSqG =  1.3397684368E+08
           DelSqK = -2.6283405105E+09
           Stress_EigVals = -3.6241767460E+04 -3.6241692516E+04 -3.6241152585E+04
           Stress_EigVec1 =  9.7760084617E-01  1.5207581924E-03 -2.1046204613E-01
           Stress_EigVec2 =  2.1046100107E-01  8.1914692835E-04  9.7760191081E-01
           Stress_EigVec3 = -1.6590954534E-03  9.9999850815E-01 -4.8073843874E-04
           -DivStress =  2.5448135278E+02 -1.0180426753E+01 -2.1869383039E+02
           ESP =  -1.4732013405E+01     ESP at Nucleus =  -1.4732013406E+01
           ESPe = -3.5174012615E+01     ESPe at Nucleus = -3.5174012549E+01
           ESPn =  2.0441999211E+01     ESPn at Nucleus =  2.0441999143E+01

CP# 3      Coords = -2.31363117223717E+00 -1.07983257943015E+00  1.36486484892991E+00
           Type = (3,-3) NACP C3
           Rho =  1.1764058021E+02     Rho at Nucleus =  1.1764058019E+02
           GradRho = -3.5072655040E-13  4.0143394251E-12 -2.4567750660E-12
           HessRho_EigVals = -1.4495305420E+05 -1.4495194094E+05 -1.4495179869E+05
           HessRho_EigVec1 = -3.5992764711E-03  9.9998938087E-01  2.8780836277E-03
           HessRho_EigVec2 = -2.0587418219E-01 -3.5574479382E-03  9.7857200331E-01
           HessRho_EigVec3 =  9.7857185036E-01  2.9296280737E-03  2.0588480023E-01
           DelSqRho = -4.3485679383E+05
           Bond Ellipticity = NA
           V = -1.0872460170E+05
           G =  5.2016194539E+00
           K =  1.0871940008E+05
           L =  1.0871419846E+05
           Vnuc =  1.4506035400E+07
           Ven = -1.7064984210E+09
           Vrep =  1.7063896964E+09
           DelSqV =  2.4943634100E+09
           DelSqVen =  6.3080455209E+12
           DelSqVrep = -6.3055501089E+12
           DelSqG =  1.3397682731E+08
           DelSqK = -2.6283402373E+09
           Stress_EigVals = -3.6241763815E+04 -3.6241688911E+04 -3.6241148971E+04
           Stress_EigVec1 =  9.7766882772E-01  1.2720510583E-03  2.1014767473E-01
           Stress_EigVec2 = -2.1014483316E-01 -2.0622602179E-03  9.7766809101E-01
           Stress_EigVec3 = -1.6770229193E-03  9.9999706448E-01  1.7488925723E-03
           -DivStress =  2.5416518671E+02 -9.5344501765E+00  2.1821916758E+02
           ESP =  -1.4732015387E+01     ESP at Nucleus =  -1.4732015388E+01
           ESPe = -3.5173829667E+01     ESPe at Nucleus = -3.5173829601E+01
           ESPn =  2.0441814280E+01     ESPn at Nucleus =  2.0441814213E+01

CP# 4      Coords = -8.49421812796044E-04 -1.08115854646812E+00  2.65145353358688E+00
           Type = (3,-3) NACP C4
           Rho =  1.1767582209E+02     Rho at Nucleus =  1.1767582209E+02
           GradRho = -5.8047675036E-15  4.7052381522E-12  3.6315048675E-12
           HessRho_EigVals = -1.4500588422E+05 -1.4500500207E+05 -1.4500482299E+05
           HessRho_EigVec1 =  3.5701113991E-04  9.9997550145E-01  6.9906390576E-03
           HessRho_EigVec2 =  8.0704457668E-04 -6.9909253434E-03  9.9997523751E-01
           HessRho_EigVec3 =  9.9999961061E-01 -3.5136054209E-04 -8.0952064349E-04
           DelSqRho = -4.3501570928E+05
           Bond Ellipticity = NA
           V = -1.0876431161E+05
           G =  5.1921426154E+00
           K =  1.0875911946E+05
           L =  1.0875392732E+05
           Vnuc =  1.0246925625E+08
           Ven = -1.2058153968E+10
           Vrep =  1.2058045204E+10
           DelSqV =  2.4952815112E+09
           DelSqVen =  4.4577465565E+13
           DelSqVrep = -4.4574970284E+13
           DelSqG =  1.3403541392E+08
           DelSqK = -2.6293169251E+09
           Stress_EigVals = -3.6254979573E+04 -3.6254929391E+04 -3.6254402641E+04
           Stress_EigVec1 =  9.9999776000E-01 -4.1871420001E-04 -2.0747696103E-03
           Stress_EigVec2 =  2.0734473543E-03 -3.1340026141E-03  9.9999293940E-01
           Stress_EigVec3 =  4.2521357702E-04  9.9999500134E-01  3.1331274121E-03
           -DivStress =  1.4726625950E+00 -2.0045586902E+01 -4.2347094895E+01
           ESP =  -1.4740404997E+01     ESP at Nucleus =  -1.4740404997E+01
           ESPe = -3.4115249613E+01     ESPe at Nucleus = -3.4115249700E+01
           ESPn =  1.9374844616E+01     ESPn at Nucleus =  1.9374844702E+01

CP# 5      Coords =  2.31139566468643E+00 -1.08198995934530E+00  1.36446022638054E+00
           Type = (3,-3) NACP C5
           Rho =  1.1764059331E+02     Rho at Nucleus =  1.1764059330E+02
           GradRho = -1.7071436074E-11 -1.0794037891E-11 -1.0744627525E-11
           HessRho_EigVals = -1.4495307845E+05 -1.4495196571E+05 -1.4495182276E+05
           HessRho_EigVec1 =  4.4289479111E-03  9.9998599614E-01  2.8968862898E-03
           HessRho_EigVec2 =  2.0677752473E-01 -3.7501173312E-03  9.7838080106E-01
           HessRho_EigVec3 =  9.7837796361E-01 -3.7341866287E-03 -2.0679123812E-01
           DelSqRho = -4.3485686692E+05
           Bond Ellipticity = NA
           V = -1.0872461994E+05
           G =  5.2016066969E+00
           K =  1.0871941834E+05
           L =  1.0871421673E+05
           Vnuc =  1.4383560736E+07
           Ven = -1.6920906189E+09
           Vrep =  1.6919818943E+09
           DelSqV =  2.4943638448E+09
           DelSqVen =  6.2547846758E+12
           DelSqVrep = -6.2522892634E+12
           DelSqG =  1.3397685773E+08
           DelSqK = -2.6283407026E+09
           Stress_EigVals = -3.6241770048E+04 -3.6241694818E+04 -3.6241155078E+04
           Stress_EigVec1 =  9.7748264117E-01 -2.0700325540E-03 -2.1100568992E-01
           Stress_EigVec2 =  2.1100111464E-01 -2.2261733475E-03  9.7748328567E-01
           Stress_EigVec3 =  2.4931574654E-03  9.9999537955E-01  1.7392666271E-03
           -DivStress = -2.5615424907E+02 -9.5986929070E+00  2.2028838595E+02
           ESP =  -1.4732005888E+01     ESP at Nucleus =  -1.4732005889E+01
           ESPe = -3.5174603727E+01     ESPe at Nucleus = -3.5174603660E+01
           ESPn =  2.0442597839E+01     ESPn at Nucleus =  2.0442597771E+01

CP# 6      Coords =  2.31104527537252E+00 -1.08019513918797E+00 -1.36602913598649E+00
           Type = (3,-3) NACP C6
           Rho =  1.1764058552E+02     Rho at Nucleus =  1.1764058551E+02
           GradRho =  1.6225961582E-11 -1.1041694035E-11  2.1259052603E-11
           HessRho_EigVals = -1.4495306707E+05 -1.4495195442E+05 -1.4495181147E+05
           HessRho_EigVec1 =  4.3414861650E-03  9.9998924662E-01 -1.6303814298E-03
           HessRho_EigVec2 = -2.0656500230E-01  2.4920395205E-03  9.7842970599E-01
           HessRho_EigVec3 =  9.7842324754E-01 -3.9110592882E-03  2.0657360018E-01
           DelSqRho = -4.3485683297E+05
           Bond Ellipticity = NA
           V = -1.0872461151E+05
           G =  5.2016366929E+00
           K =  1.0871940988E+05
           L =  1.0871420824E+05
           Vnuc =  1.4356711512E+07
           Ven = -1.6889319483E+09
           Vrep =  1.6888232237E+09
           DelSqV =  2.4943636424E+09
           DelSqVen =  6.2431108792E+12
           DelSqVrep = -6.2406165156E+12
           DelSqG =  1.3397684578E+08
           DelSqK = -2.6283404881E+09
           Stress_EigVals = -3.6241767255E+04 -3.6241691979E+04 -3.6241152281E+04
           Stress_EigVec1 =  9.7750008956E-01 -2.2910008951E-03  2.1092255976E-01
           Stress_EigVec2 = -2.1092090497E-01  9.4411694301E-04  9.7750267544E-01
           Stress_EigVec3 =  2.4385950668E-03  9.9999692997E-01 -4.3965441426E-04
           -DivStress = -2.5671117396E+02 -9.7298008393E+00 -2.2060956226E+02
           ESP =  -1.4732007426E+01     ESP at Nucleus =  -1.4732007427E+01
           ESPe = -3.5174647509E+01     ESPe at Nucleus = -3.5174647442E+01
           ESPn =  2.0442640083E+01     ESPn at Nucleus =  2.0442640015E+01

CP# 7      Coords =  1.60236358244922E-02  6.36229009023960E+00  1.26024746799215E+00
           Type = (3,-3) NACP C7
           Rho =  1.1767520857E+02     Rho at Nucleus =  1.1767520849E+02
           GradRho =  1.2959093443E-12  5.3548717787E-11  2.5523078849E-10
           HessRho_EigVals = -1.4500059470E+05 -1.4499958929E+05 -1.4499938021E+05
           HessRho_EigVec1 =  4.0703557696E-03  9.9996439048E-01 -7.3925616218E-03
           HessRho_EigVec2 =  9.9996184057E-01 -4.1272668146E-03 -7.6995499573E-03
           HessRho_EigVec3 =  7.7297868543E-03  7.3609396183E-03  9.9994303186E-01
           DelSqRho = -4.3499956420E+05
           Bond Ellipticity = NA
           V = -1.0876008014E+05
           G =  5.0945472898E+00
           K =  1.0875498560E+05
           L =  1.0874989105E+05
           Vnuc =  5.7803136276E+06
           Ven = -6.8019961173E+08
           Vrep =  6.8009085165E+08
           DelSqV =  2.4951817967E+09
           DelSqVen =  2.5144341299E+12
           DelSqVrep = -2.5119386860E+12
           DelSqG =  1.3402612612E+08
           DelSqK = -2.6292079228E+09
           Stress_EigVals = -3.6253622384E+04 -3.6253500459E+04 -3.6252957302E+04
           Stress_EigVec1 =  7.4395540808E-03  2.4161556929E-03  9.9996940715E-01
           Stress_EigVec2 =  9.9996409963E-01 -4.0742415372E-03 -7.4296702910E-03
           Stress_EigVec3 =  4.0561656544E-03  9.9998878131E-01 -2.4463794923E-03
           -DivStress = -4.7251848492E+00  1.1432539336E+00 -8.4303341396E+02
           ESP =  -1.4753358608E+01     ESP at Nucleus =  -1.4753358624E+01
           ESPe = -2.9001230346E+01     ESPe at Nucleus = -2.9001231343E+01
           ESPn =  1.4247871737E+01     ESPn at Nucleus =  1.4247872720E+01

CP# 8      Coords = -1.53011718648232E-03  6.36272023880901E+00 -1.25469873827086E+00
           Type = (3,-3) NACP C8
           Rho =  1.1767522016E+02     Rho at Nucleus =  1.1767522008E+02
           GradRho = -1.7470032912E-12  3.3421321998E-11 -2.6584620443E-10
           HessRho_EigVals = -1.4500061214E+05 -1.4499960665E+05 -1.4499939762E+05
           HessRho_EigVec1 =  4.1227977754E-03  9.9996421592E-01  7.3871113313E-03
           HessRho_EigVec2 =  9.9996788509E-01 -4.0718190956E-03 -6.9028312323E-03
           HessRho_EigVec3 =  6.8725052399E-03 -7.4153330721E-03  9.9994888945E-01
           DelSqRho = -4.3499961642E+05
           Bond Ellipticity = NA
           V = -1.0876009317E+05
           G =  5.0945320892E+00
           K =  1.0875499864E+05
           L =  1.0874990410E+05
           Vnuc =  5.7787108755E+06
           Ven = -6.8001107451E+08
           Vrep =  6.7990231442E+08
           DelSqV =  2.4951821053E+09
           DelSqVen =  2.5137370890E+12
           DelSqVrep = -2.5112421691E+12
           DelSqG =  1.3402614512E+08
           DelSqK = -2.6292082504E+09
           Stress_EigVals = -3.6253626743E+04 -3.6253504791E+04 -3.6252961635E+04
           Stress_EigVec1 =  7.0298147570E-03 -2.5077493590E-03  9.9997214606E-01
           Stress_EigVec2 =  9.9996687093E-01 -4.0859646245E-03 -7.0400245333E-03
           Stress_EigVec3 =  4.1035054313E-03  9.9998850798E-01  2.4789427052E-03
           -DivStress =  5.8398798660E+00  2.3010758622E+00  8.4326067307E+02
           ESP =  -1.4753359344E+01     ESP at Nucleus =  -1.4753359359E+01
           ESPe = -2.9002010702E+01     ESPe at Nucleus = -2.9002011698E+01
           ESPn =  1.4248651359E+01     ESPn at Nucleus =  1.4248652339E+01

CP# 9      Coords =  4.68351109310211E+00 -1.08339231807015E+00 -2.65956589789841E+00
           Type = (3,-3) NACP C9
           Rho =  1.1766416258E+02     Rho at Nucleus =  1.1766416257E+02
           GradRho = -3.0543862327E-11 -1.4847370979E-11 -1.1691796415E-11
           HessRho_EigVals = -1.4498682218E+05 -1.4498591633E+05 -1.4498564538E+05
           HessRho_EigVec1 =  2.7115571609E-03  9.9999613340E-01 -6.1695490886E-04
           HessRho_EigVec2 = -5.0229295886E-01  1.8954814901E-03  8.6469543229E-01
           HessRho_EigVec3 =  8.6469325829E-01 -2.0347789848E-03  5.0229615640E-01
           DelSqRho = -4.3495838389E+05
           Bond Ellipticity = NA
           V = -1.0874994155E+05
           G =  5.1727906412E+00
           K =  1.0874476876E+05
           L =  1.0873959597E+05
           Vnuc =  1.2204736262E+07
           Ven = -1.4360600718E+09
           Vrep =  1.4359513218E+09
           DelSqV =  2.4949484250E+09
           DelSqVen =  5.3085481206E+12
           DelSqVrep = -5.3060531722E+12
           DelSqG =  1.3401302065E+08
           DelSqK = -2.6289614456E+09
           Stress_EigVals = -3.6250219327E+04 -3.6250118535E+04 -3.6249603692E+04
           Stress_EigVec1 =  7.9339835807E-01 -1.4781106312E-03  6.0870096155E-01
           Stress_EigVec2 = -6.0869959528E-01  1.2960865293E-03  7.9339972452E-01
           Stress_EigVec3 =  1.9616616842E-03  9.9999806767E-01 -1.2858758129E-04
           -DivStress =  3.9021232848E+02 -1.5218867892E+00  5.2045538975E+01
           ESP =  -1.4739421236E+01     ESP at Nucleus =  -1.4739421239E+01
           ESPe = -3.2302014744E+01     ESPe at Nucleus = -3.2302014477E+01
           ESPn =  1.7562593508E+01     ESPn at Nucleus =  1.7562593238E+01

CP# 10     Coords =  6.91607142195358E+00 -1.08677962099454E+00 -1.34883555005813E+00
           Type = (3,-3) NACP C10
           Rho =  1.1765604171E+02     Rho at Nucleus =  1.1765604167E+02
           GradRho =  4.2747830181E-11 -1.5855311584E-13  8.6483035766E-11
           HessRho_EigVals = -1.4497558300E+05 -1.4497456502E+05 -1.4497439687E+05
           HessRho_EigVec1 =  1.5126338644E-03  9.9999875536E-01  4.4857614513E-04
           HessRho_EigVec2 = -4.4719465042E-01  2.7521918325E-04  8.9443662095E-01
           HessRho_EigVec3 =  8.9443538424E-01 -1.5535559748E-03  4.4719451012E-01
           DelSqRho = -4.3492454488E+05
           Bond Ellipticity = NA
           V = -1.0874144986E+05
           G =  5.1568197202E+00
           K =  1.0873629304E+05
           L =  1.0873113622E+05
           Vnuc =  7.9880022898E+06
           Ven = -9.3983673058E+08
           Vrep =  9.3972798913E+08
           DelSqV =  2.4947534176E+09
           DelSqVen =  3.4741787034E+12
           DelSqVrep = -3.4716839499E+12
           DelSqG =  1.3400128439E+08
           DelSqK = -2.6287547020E+09
           Stress_EigVals = -3.6247380677E+04 -3.6247306240E+04 -3.6246762943E+04
           Stress_EigVec1 =  9.5837305946E-01 -1.5246034516E-03  2.8551489364E-01
           Stress_EigVec2 = -2.8551527264E-01 -3.2383283817E-05  9.5837415869E-01
           Stress_EigVec3 =  1.4518946404E-03  9.9999883727E-01  4.6633283694E-04
           -DivStress = -3.6454422415E+02  8.7507007654E-01 -4.9078943201E+02
           ESP =  -1.4738501786E+01     ESP at Nucleus =  -1.4738501790E+01
           ESPe = -3.0956726838E+01     ESPe at Nucleus = -3.0956727229E+01
           ESPn =  1.6218225052E+01     ESPn at Nucleus =  1.6218225440E+01

CP# 11     Coords =  6.91637801192704E+00 -1.08853902061412E+00  1.34633957997085E+00
           Type = (3,-3) NACP C11
           Rho =  1.1765603957E+02     Rho at Nucleus =  1.1765603953E+02
           GradRho =  9.8030008472E-11  4.8610507506E-12 -6.3114061344E-11
           HessRho_EigVals = -1.4497558014E+05 -1.4497456215E+05 -1.4497439399E+05
           HessRho_EigVec1 =  1.5140170621E-03  9.9999839247E-01  9.6062722290E-04
           HessRho_EigVec2 =  4.4745604331E-01 -1.5365519043E-03  8.9430460600E-01
           HessRho_EigVec3 =  8.9430464444E-01 -9.2415397598E-04 -4.4745765038E-01
           DelSqRho = -4.3492453628E+05
           Bond Ellipticity = NA
           V = -1.0874144769E+05
           G =  5.1568114815E+00
           K =  1.0873629088E+05
           L =  1.0873113407E+05
           Vnuc =  7.9874350522E+06
           Ven = -9.3976997456E+08
           Vrep =  9.3966123311E+08
           DelSqV =  2.4947533591E+09
           DelSqVen =  3.4739309773E+12
           DelSqVrep = -3.4714362239E+12
           DelSqG =  1.3400128152E+08
           DelSqK = -2.6287546406E+09
           Stress_EigVals = -3.6247379960E+04 -3.6247305515E+04 -3.6246762219E+04
           Stress_EigVec1 =  9.5829841718E-01 -1.1433252569E-03 -2.8576710174E-01
           Stress_EigVec2 =  2.8576563305E-01 -1.2929390392E-03  9.5829866497E-01
           Stress_EigVec3 =  1.4651265092E-03  9.9999851056E-01  9.1229836893E-04
           -DivStress = -3.6452149227E+02  5.6084815477E-01  4.9085981791E+02
           ESP =  -1.4738500018E+01     ESP at Nucleus =  -1.4738500022E+01
           ESPe = -3.0956730968E+01     ESPe at Nucleus = -3.0956731359E+01
           ESPn =  1.6218230950E+01     ESPn at Nucleus =  1.6218231337E+01

CP# 12     Coords =  4.68409319323764E+00 -1.08700578771272E+00  2.65754508775731E+00
           Type = (3,-3) NACP C12
           Rho =  1.1766416392E+02     Rho at Nucleus =  1.1766416390E+02
           GradRho = -1.5887928193E-11 -9.6204452011E-12 -2.6050978917E-11
           HessRho_EigVals = -1.4498682431E+05 -1.4498591844E+05 -1.4498564747E+05
           HessRho_EigVec1 =  2.7434265139E-03  9.9999435525E-01  1.9398631819E-03
           HessRho_EigVec2 =  5.0243745744E-01 -3.0556390203E-03  8.6460815658E-01
           HessRho_EigVec3 =  8.6460920361E-01 -1.3973290160E-03 -5.0244300423E-01
           DelSqRho = -4.3495839021E+05
           Bond Ellipticity = NA
           V = -1.0874994315E+05
           G =  5.1728011129E+00
           K =  1.0874477035E+05
           L =  1.0873959755E+05
           Vnuc =  1.2208515097E+07
           Ven = -1.4365047215E+09
           Vrep =  1.4363959716E+09
           DelSqV =  2.4949484576E+09
           DelSqVen =  5.3101975306E+12
           DelSqVrep = -5.3077025822E+12
           DelSqG =  1.3401302309E+08
           DelSqK = -2.6289614807E+09
           Stress_EigVals = -3.6250219864E+04 -3.6250119072E+04 -3.6249604218E+04
           Stress_EigVec1 =  7.9324719810E-01 -6.5960919547E-04 -6.0889937397E-01
           Stress_EigVec2 =  6.0889651573E-01 -2.3905675748E-03  7.9324606417E-01
           Stress_EigVec3 =  1.9788474979E-03  9.9999692505E-01  1.4946772897E-03
           -DivStress =  3.9010308825E+02 -1.8145460571E+00 -5.1930063739E+01
           ESP =  -1.4739420625E+01     ESP at Nucleus =  -1.4739420628E+01
           ESPe = -3.2302021826E+01     ESPe at Nucleus = -3.2302021558E+01
           ESPn =  1.7562601201E+01     ESPn at Nucleus =  1.7562600930E+01

CP# 13     Coords = -4.68587593417465E+00 -1.08328385764499E+00  2.65862990775086E+00
           Type = (3,-3) NACP C13
           Rho =  1.1766415214E+02     Rho at Nucleus =  1.1766415212E+02
           GradRho =  9.5320737848E-12  1.2704700302E-11  1.3196250787E-11
           HessRho_EigVals = -1.4498680400E+05 -1.4498589803E+05 -1.4498562724E+05
           HessRho_EigVec1 = -2.0120075315E-03  9.9999623821E-01  1.8642427586E-03
           HessRho_EigVec2 = -5.0191237460E-01 -2.6222719353E-03  8.6491449977E-01
           HessRho_EigVec3 =  8.6491613469E-01  8.0452797780E-04  5.0191576254E-01
           DelSqRho = -4.3495832927E+05
           Bond Ellipticity = NA
           V = -1.0874992796E+05
           G =  5.1728217469E+00
           K =  1.0874475514E+05
           L =  1.0873958232E+05
           Vnuc =  1.2231626467E+07
           Ven = -1.4392239575E+09
           Vrep =  1.4391152076E+09
           DelSqV =  2.4949480926E+09
           DelSqVen =  5.3202428887E+12
           DelSqVrep = -5.3177479406E+12
           DelSqG =  1.3401299872E+08
           DelSqK = -2.6289610913E+09
           Stress_EigVals = -3.6250214767E+04 -3.6250114045E+04 -3.6249599149E+04
           Stress_EigVec1 =  7.9350869726E-01  1.7634856878E-04  6.0855888480E-01
           Stress_EigVec2 = -6.0855748512E-01 -1.9343003527E-03  7.9350743272E-01
           Stress_EigVec3 = -1.3170695656E-03  9.9999811369E-01  1.4275659115E-03
           -DivStress = -3.8934174413E+02 -1.8781765310E+00 -5.1925876209E+01
           ESP =  -1.4739428258E+01     ESP at Nucleus =  -1.4739428261E+01
           ESPe = -3.2300777768E+01     ESPe at Nucleus = -3.2300777501E+01
           ESPn =  1.7561349510E+01     ESPn at Nucleus =  1.7561349240E+01

CP# 14     Coords = -6.91853318180338E+00 -1.08355130026781E+00  1.34797452051602E+00
           Type = (3,-3) NACP C14
           Rho =  1.1765603118E+02     Rho at Nucleus =  1.1765603114E+02
           GradRho = -1.1394780266E-10 -1.0620613133E-11 -8.6181766422E-11
           HessRho_EigVals = -1.4497556778E+05 -1.4497454974E+05 -1.4497438173E+05
           HessRho_EigVec1 = -9.6465363401E-04  9.9999914193E-01  8.8633325127E-04
           HessRho_EigVec2 = -4.4741313529E-01 -1.2242711208E-03  8.9432655531E-01
           HessRho_EigVec3 =  8.9432687302E-01  4.6615822271E-04  4.4741393238E-01
           DelSqRho = -4.3492449925E+05
           Bond Ellipticity = NA
           V = -1.0874143841E+05
           G =  5.1567970348E+00
           K =  1.0873628161E+05
           L =  1.0873112481E+05
           Vnuc =  7.9928620133E+06
           Ven = -9.4040842226E+08
           Vrep =  9.4029968082E+08
           DelSqV =  2.4947531560E+09
           DelSqVen =  3.4762926326E+12
           DelSqVrep = -3.4737978794E+12
           DelSqG =  1.3400126801E+08
           DelSqK = -2.6287544240E+09
           Stress_EigVals = -3.6247376847E+04 -3.6247302431E+04 -3.6246759129E+04
           Stress_EigVec1 =  9.5837653971E-01  6.1570198729E-04  2.8550661822E-01
