AIMSum (Version 19.02.13, Professional)
Copyright (c) 1997-2019 by Todd A. Keith
AIMSum is a component of the AIMAll package ( http://aim.tkgristmill.com )

TP:  64-bit Linux

Much of the Quantum Theory of Atoms in Molecules (QTAIM) is described in the book:
  "Atoms in Molecules - A Quantum Theory"
  R.F.W. Bader, Oxford University Press, Oxford, 1990

For additional references see:  http://aim.tkgristmill.com/references.html

Wfn File:  /home/mhennefarth/Documents/ML_Diels/summary-N-hayden2009/40-opt/40-opt.wfn
Sum File:  /home/mhennefarth/Documents/ML_Diels/summary-N-hayden2009/40-opt/40-opt.sum

SumViz File:  /home/mhennefarth/Documents/ML_Diels/summary-N-hayden2009/40-opt/40-opt.sumviz

Wfn Title:   Title Card Required                                                           
 
Total memory allocated for AIMSum =        0.766 Megabytes

Atomic units (a.u.) used throughout, except where stated otherwise

Model:  Restricted SCF
 
Restricted, closed-shell, single-determinant wavefunction.
  Number of electrons (from MO Occs)                   =          58.0000000000
  Number of Alpha electrons (from MO Occs)             =          29.0000000000
  Number of Beta electrons (from MO Occs)              =          29.0000000000
  Number of electron pairs (N*(N-1)/2)                 =        1653.0000000000
  Number of electron pairs (from Muller 2EDM)          =        1653.0000000000
 
Nuclear Charges and Cartesian Coordinates:
-------------------------------------------------------------------------------
Atom      Charge                X                  Y                  Z
-------------------------------------------------------------------------------
C1         6.0           2.1577679100E+00  -8.4071812000E-01   2.3000384900E+00
C2         6.0           2.2301912400E+00   1.7423105100E+00   1.7373155200E+00
C3         6.0           1.8318593200E+00   6.8201447000E-01  -2.3464814300E+00
C4         6.0          -5.3749027900E+00   1.2827293700E+00   1.2741801000E-01
C5         6.0          -5.1056212900E+00  -1.2159456600E+00   3.5601000000E-04
H6         1.0           2.2901807100E+00  -1.5420649500E+00   4.2254950700E+00
H7         1.0           2.4186330200E+00   3.1624803100E+00   3.2140048100E+00
H8         1.0           1.6927592200E+00   1.2328141700E+00  -4.3209026600E+00
H9         1.0          -6.6589426200E+00   2.1698994400E+00   1.4649445100E+00
H10        1.0          -4.3275560700E+00   2.5525995300E+00  -1.1033504400E+00
H11        1.0          -6.1573937200E+00  -2.4804663500E+00   1.2328889300E+00
H12        1.0          -3.8229796500E+00  -2.1075715200E+00  -1.3338989800E+00
N13        7.0           1.9184995700E+00  -2.5823800000E+00   4.9633722000E-01
N14        7.0           2.0697696100E+00   2.5411919900E+00  -6.3779058000E-01
N15        7.0           1.7445212200E+00  -1.8002454300E+00  -1.9001267600E+00
 
Some Atomic Properties:
----------------------
  q(A) = Net Charge of Atom A
  L(A) = Lagrangian of Atom A = -(1/4) Times Atomic Integral of the Laplacian of the Electron Density
  K(A) = Electronic Kinetic Energy of Atom A (Hamiltonian Form)
  K_Scaled(A) = K(A) * E(Mol)/K(Mol) = Approximation to Virial-Based Total Energy of Atom A.
  |Mu_Intra(A)| = Magnitude of Intraatomic Dipole Moment of Atom A
--------------------------------------------------------------------------------------------------
Atom A          q(A)              L(A)              K(A)          K_Scaled(A)      |Mu_Intra(A)|
--------------------------------------------------------------------------------------------------
C1        5.4234940470E-01  1.8652270365E-05  3.7418918613E+01 -3.7776598198E+01  6.8013148357E-01
C2        5.8568328190E-01 -1.3850144869E-04  3.7378940772E+01 -3.7736238217E+01  7.0593657393E-01
C3        1.0976548578E+00 -2.0645637382E-04  3.7075743989E+01 -3.7430143240E+01  6.4339098252E-01
C4       -8.7184613800E-02 -6.3219130973E-05  3.7695803265E+01 -3.8056129533E+01  8.4160834655E-02
C5       -8.0856702800E-02 -1.5401862911E-04  3.7695717448E+01 -3.8056042895E+01  9.4398500008E-02
H6        8.1028458980E-02  2.1999005971E-05  5.8475972114E-01 -5.9034931652E-01  1.4340899123E-01
H7        7.7618520860E-02  2.1811654250E-05  5.8674823701E-01 -5.9235684019E-01  1.4397554573E-01
H8        8.7097046970E-02  2.3045556308E-05  5.8658881545E-01 -5.9219589475E-01  1.4213566599E-01
H9        3.7086887760E-02  2.1089771779E-05  5.9673118431E-01 -6.0243521239E-01  1.4781485395E-01
H10       3.9351756770E-02  1.0950797684E-05  5.9594291155E-01 -6.0163940470E-01  1.4514393552E-01
H11       3.9356208960E-02  1.9292105862E-05  5.9593513338E-01 -6.0163155217E-01  1.4711184244E-01
H12       5.4324079220E-02 -4.4199825887E-07  5.9102335418E-01 -5.9667282231E-01  1.3800453472E-01
N13      -6.2190433310E-01 -1.3713779140E-05  5.4568762180E+01 -5.5090373518E+01  6.8558250404E-01
N14      -1.2134732951E+00 -4.1531140761E-05  5.4959763316E+01 -5.5485112152E+01  8.6058951341E-02
N15      -6.3846118770E-01 -1.4923667813E-05  5.4580903455E+01 -5.5102630849E+01  6.8802839009E-01
--------------------------------------------------------------------------------------------------
Total    -3.2962858000E-04 -4.9596500635E-04  3.5551228240E+02 -3.5891054965E+02
 
1st Largest |L(A)| = 2.0645637382E-04, atom C3      
2nd Largest |L(A)| = 1.5401862911E-04, atom C5      
 
Molecular charge q(Mol) from the wfn file:   0.0000000000E+00
Molecular energy E(Mol) from the wfn file:  -3.5891068980E+02
Molecular virial ratio (-V(Mol)/T(Mol)) from the wfn file:   2.0095587900E+00
Note.  K_Scaled(A) = (1+V(Mol)/T(Mol))*K(A) = (E(Mol)/T(Mol))*K(A)
       Only use K_Scaled(A) data with caution.
 
N_AIMInt(SumA)     =         58.000330
N_Analytic(Mol)    =         57.999994
 
G_AIMInt(SumA)     =        355.512778
G_Analytic(Mol)    =        355.512409
 
K_AIMInt(SumA)     =        355.512282
K_Analytic(Mol)    =        355.512409
 
L_AIMInt(SumA)     =         -0.000496
L_Analytic(Mol)    =          0.000000
 
VenT_AIMInt(SumA)  =      -1491.943166
VenT_Analytic(Mol) =      -1491.938813
 
Some Information About the Atomic Calculations:
----------------------------------------------
  Time(sec) = "Elapsed User Time", in Seconds, for Atom A by AIMInt and, if used, by TWOe
  NProc = Number of Processors Used for AIMInt Job
  BIM = Basin Integration Method
  OAQ = Angular Quadrature Outside of Beta Sphere
  ORQ = Multiple of Default for Radial Quadrature Outside of Beta Sphere
  IAQ = Multiple of Default for Angular Quadrature Inside of Beta Sphere
  IRQ = Multiple of Default for Radial Quadrature Inside of Beta Sphere
  MIR = Maximum Integration Radius
------------------------------------------------------------------------------------------------------
Atom A     Time(sec)   NProc      BIM          OAQ                     ORQ      IAQ      IRQ      MIR
------------------------------------------------------------------------------------------------------
C1             22        8     Proaim(5)    4500(GS4)                  1.00     1.00     1.00    13.00
C2             21        8     Proaim(5)    4500(GS4)                  1.00     1.00     1.00    13.00
C3             23        8     Proaim(5)    4500(GS4)                  1.00     1.00     1.00    13.00
C4             23        8     Proaim(5)    4500(GS4)                  1.00     1.00     1.00    13.00
C5             25        8     Proaim(5)    4500(GS4)                  1.00     1.00     1.00    13.00
H6              5        8     Proaim(5)    1800(GS4)                  1.00     1.00     1.00    13.00
H7              5        8     Proaim(5)    1800(GS4)                  1.00     1.00     1.00    13.00
H8              5        8     Proaim(5)    1800(GS4)                  1.00     1.00     1.00    13.00
H9              4        8     Proaim(5)    1800(GS4)                  1.00     1.00     1.00    13.00
H10            17        8     Proaim(5)    4500(GS4)                  1.00     1.00     1.00    13.00
H11             5        8     Proaim(5)    1800(GS4)                  1.00     1.00     1.00    13.00
H12            23        8     Proaim(5)    4500(GS4)                  1.00     1.00     1.00    13.00
N13            54        8     Proaim(5)    4500(GS4)                  1.00     1.00     1.00    13.00
N14            26        8     Proaim(5)    4500(GS4)                  1.00     1.00     1.00    13.00
N15            94        8     Proaim(5)    4500(GS4)                  1.00     1.00     1.00    13.00
------------------------------------------------------------------------------------------------------
Total         352
Note:  Total wall clock time is less than total of atomic times if more than one atom
       was calculated at a time
 
Electron Density Critical Point Analysis of Molecular Structure:               
---------------------------------------------------------------                
  NACP = Nuclear Attractor Critical Point                                      
  NNACP = Non-Nuclear Attractor Critical Point                                 
  BCP = Bond Critical Point                                                    
  RCP = Ring Critical Point                                                    
  CCP = Cage Critical Point                                                    
  Rho = Electron Density                                                       
  GradRho = Gradient of Electron Density                                       
  HessRho_EigVals = Eigenvalues of the Hessian of Rho, Ascending Order         
  HessRho_EigVecs = Eigenvectors of the Hessian of Rho                         
  DelSqRho = Laplacian of Rho = Trace of Hessian of Rho                        
  Bond Ellipticity = (HessRho_EigVal(1) / HessRho_EigVal(2)) - 1               
  V = Virial Field = Potential Energy Density = Trace of Stress Tensor         
  G = Lagrangian Form of Kinetic Energy Density                                
  K = Hamiltonian Form of Kinetic Energy Density                               
  L = K - G = Lagrangian Density = (-1/4)DelSqRho                              
  Vnuc = Electrostatic Potential from Nuclei                                   
  Ven = Electron-nuclear attractive contribution to Virial Field V             
  Vrep = V - Ven = Repulsive contribution to Virial Field V                    
  DelSqV = Laplacian of V                                                      
  DelSqVen = Laplacian of Ven                                                  
  DelSqVrep = Laplacian of Vrep                                                
  DelSqG = Laplacian of G                                                      
  DelSqK = Laplacian of K                                                      
  Stress_EigVals = Eigenvalues of Stress Tensor, Ascending Order               
  Stress_EigVecs = Eigenvectors of Stress Tensor                               
  -DivStress = Ehrenfest Force Density = Minus Divergence of Stress Tensor     
  ESP = Total Electrostatic Potential                                          
  ESPe = Electrostatic Potential from Electrons                                
  ESPn = Electrostatic Potential from Nuclei                                   
  BP = Bond Path                                                               
  BPL = Bond Path Length                                                       
  GBL = Geometric Bond Length                                                  
  GBL_I = Distance Between Nuclear Attractors                                  
  GBL_II = Distance Between Nuclei                                             
  GBL_III = Sum of Distances Between BCP and Nuclear Attractors                
  GBL_IV = Sum of Distances Between BCP and Nuclei                             

CP# 1      Coords =  2.15776772309873E+00 -8.40718979104980E-01  2.30003702281043E+00
           Type = (3,-3) NACP C1
           Rho =  1.1766154270E+02     Rho at Nucleus =  1.1766154249E+02
           GradRho = -1.4595318010E-10 -5.4546678285E-10 -9.2866769830E-10
           HessRho_EigVals = -1.4496744546E+05 -1.4496634963E+05 -1.4496600450E+05
           HessRho_EigVec1 =  9.9534412855E-01 -4.1473506037E-02 -8.7005827735E-02
           HessRho_EigVec2 =  9.0329503296E-02  7.1629392629E-01  6.9192744706E-01
           HessRho_EigVec3 =  3.3625088805E-02 -6.9656511502E-01  7.1670523504E-01
           DelSqRho = -4.3489979959E+05
           Bond Ellipticity = NA
           V = -1.0873534145E+05
           G =  5.1957783496E+00
           K =  1.0873014568E+05
           L =  1.0872494990E+05
           Vnuc =  3.5078614515E+06
           Ven = -4.1274038998E+08
           Vrep =  4.1263165463E+08
           DelSqV =  2.4945961747E+09
           DelSqVen =  1.5255682744E+12
           DelSqVrep = -1.5230736783E+12
           DelSqG =  1.3397904182E+08
           DelSqK = -2.6285752166E+09
           Stress_EigVals = -3.6245378530E+04 -3.6245265810E+04 -3.6244697115E+04
           Stress_EigVec1 =  4.4461629066E-02 -5.8541277201E-01  8.0951531789E-01
           Stress_EigVec2 =  8.6173897866E-02  8.0954378798E-01  5.8070036565E-01
           Stress_EigVec3 =  9.9528750764E-01 -4.3940206069E-02 -8.6440936038E-02
           -DivStress =  1.5401518851E+02  7.0181111700E+02  1.1982570966E+03
           ESP =  -1.4676308043E+01     ESP at Nucleus =  -1.4676308053E+01
           ESPe = -2.7015819644E+01     ESPe at Nucleus = -2.7015817442E+01
           ESPn =  1.2339511600E+01     ESPn at Nucleus =  1.2339509389E+01

CP# 2      Coords =  2.23019106384820E+00  1.74231096300637E+00  1.73731330284643E+00
           Type = (3,-3) NACP C2
           Rho =  1.1766586487E+02     Rho at Nucleus =  1.1766586450E+02
           GradRho = -2.2347187989E-10  5.1926596356E-10 -2.4894781792E-09
           HessRho_EigVals = -1.4497271415E+05 -1.4497130085E+05 -1.4497089077E+05
           HessRho_EigVec1 =  9.9524644056E-01 -4.8627573866E-02 -8.4379390962E-02
           HessRho_EigVec2 =  6.2277788163E-02 -3.4832908384E-01  9.3530119558E-01
           HessRho_EigVec3 =  7.4873223924E-02  9.3611014759E-01  3.4364486309E-01
           DelSqRho = -4.3491490577E+05
           Bond Ellipticity = NA
           V = -1.0873900346E+05
           G =  5.1385102763E+00
           K =  1.0873386495E+05
           L =  1.0872872644E+05
           Vnuc =  2.6434113142E+06
           Ven = -3.1103927850E+08
           Vrep =  3.1093053950E+08
           DelSqV =  2.4946807655E+09
           DelSqVen =  1.1496590049E+12
           DelSqVrep = -1.1471643242E+12
           DelSqG =  1.3398323153E+08
           DelSqK = -2.6286639970E+09
           Stress_EigVals = -3.6246632939E+04 -3.6246511759E+04 -3.6245858765E+04
           Stress_EigVec1 =  8.0586011321E-02  8.8630268450E-01  4.5604105761E-01
           Stress_EigVec2 =  5.2552186153E-02 -4.6067074075E-01  8.8601395945E-01
           Stress_EigVec3 =  9.9536132259E-01 -4.7434376414E-02 -8.3700761193E-02
           -DivStress =  1.4478747635E+02 -3.6817140168E+02  1.8061041853E+03
           ESP =  -1.4662641093E+01     ESP at Nucleus =  -1.4662641110E+01
           ESPe = -2.6949195669E+01     ESPe at Nucleus = -2.6949193081E+01
           ESPn =  1.2286554576E+01     ESPn at Nucleus =  1.2286551971E+01

CP# 3      Coords =  1.83185948948581E+00  6.82014595601738E-01 -2.34647919692794E+00
           Type = (3,-3) NACP C3
           Rho =  1.1764434324E+02     Rho at Nucleus =  1.1764434287E+02
           GradRho =  1.7834569238E-10  1.5331558245E-10  2.4949018407E-09
           HessRho_EigVals = -1.4493127227E+05 -1.4493023668E+05 -1.4492961083E+05
           HessRho_EigVec1 =  9.9505348540E-01 -5.3755973114E-02 -8.3539550841E-02
           HessRho_EigVec2 =  7.9770061853E-02  9.3356182698E-01  3.4942674832E-01
           HessRho_EigVec3 =  5.9205560820E-02 -3.5436225894E-01  9.3323206707E-01
           DelSqRho = -4.3479111978E+05
           Bond Ellipticity = NA
           V = -1.0870801435E+05
           G =  5.1172037998E+00
           K =  1.0870289715E+05
           L =  1.0869777994E+05
           Vnuc =  2.6749847766E+06
           Ven = -3.1469682721E+08
           Vrep =  3.1458811920E+08
           DelSqV =  2.4939568808E+09
           DelSqVen =  1.1630596096E+12
           DelSqVrep = -1.1605656691E+12
           DelSqG =  1.3393052999E+08
           DelSqK = -2.6278874108E+09
           Stress_EigVals = -3.6236316013E+04 -3.6236126017E+04 -3.6235572322E+04
           Stress_EigVec1 =  6.0011480008E-02 -3.6083276003E-01  9.3069777133E-01
           Stress_EigVec2 =  7.8467848392E-02  9.3119824125E-01  3.5596717862E-01
           Stress_EigVec3 =  9.9510874734E-01 -5.1667734396E-02 -8.4196354948E-02
           -DivStress = -1.3729044003E+02 -9.8248305779E+01 -1.8164218417E+03
           ESP =  -1.4653913704E+01     ESP at Nucleus =  -1.4653913718E+01
           ESPe = -2.7339354081E+01     ESPe at Nucleus = -2.7339350544E+01
           ESPn =  1.2685440377E+01     ESPn at Nucleus =  1.2685436826E+01

CP# 4      Coords = -5.37490291929382E+00  1.28273041024633E+00  1.27418083408122E-01
           Type = (3,-3) NACP C4
           Rho =  1.1767739252E+02     Rho at Nucleus =  1.1767739244E+02
           GradRho = -6.8474448334E-11  2.7363400434E-10  1.9441420696E-11
           HessRho_EigVals = -1.4500457423E+05 -1.4500357959E+05 -1.4500335614E+05
           HessRho_EigVec1 =  7.3867984686E-01  4.0875532824E-02  6.7281592925E-01
           HessRho_EigVec2 = -6.6742583876E-01 -9.5306466296E-02  7.3855225085E-01
           HessRho_EigVec3 = -9.4312425457E-02  9.9460839947E-01  4.3119579149E-02
           DelSqRho = -4.3501150995E+05
           Bond Ellipticity = NA
           V = -1.0876306186E+05
           G =  5.0921837148E+00
           K =  1.0875796967E+05
           L =  1.0875287749E+05
           Vnuc =  5.7098476358E+06
           Ven = -6.7191998147E+08
           Vrep =  6.7181121841E+08
           DelSqV =  2.4952513561E+09
           DelSqVen =  2.4838503137E+12
           DelSqVrep = -2.4813550624E+12
           DelSqG =  1.3403110218E+08
           DelSqK = -2.6292824583E+09
           Stress_EigVals = -3.6254617629E+04 -3.6254491424E+04 -3.6253952802E+04
           Stress_EigVec1 = -1.0084482823E-01  9.9383250256E-01  4.6122418371E-02
           Stress_EigVec2 = -6.6812947142E-01 -1.0199964793E-01  7.3702040761E-01
           Stress_EigVec3 =  7.3717930657E-01  4.3508949398E-02  6.7429492159E-01
           -DivStress =  1.0613183104E+02 -8.4468957088E+02 -5.8972757197E+01
           ESP =  -1.4744714167E+01     ESP at Nucleus =  -1.4744714183E+01
           ESPe = -2.3884235473E+01     ESPe at Nucleus = -2.3884236521E+01
           ESPn =  9.1395213055E+00     ESPn at Nucleus =  9.1395223380E+00

CP# 5      Coords = -5.10562131838808E+00 -1.21594650502717E+00  3.56097971414261E-04
           Type = (3,-3) NACP C5
           Rho =  1.1768326539E+02     Rho at Nucleus =  1.1768326534E+02
           GradRho = -3.0126512396E-11 -1.3957834888E-10  1.4631001272E-11
           HessRho_EigVals = -1.4501240122E+05 -1.4501129043E+05 -1.4501109648E+05
           HessRho_EigVec1 =  7.3651779391E-01  5.2248945429E-02  6.7439720266E-01
           HessRho_EigVec2 = -6.4795928276E-01 -2.3165649061E-01  7.2559219831E-01
           HessRho_EigVec3 = -1.9413991642E-01  9.7139349291E-01  1.3676393820E-01
           DelSqRho = -4.3503478812E+05
           Bond Ellipticity = NA
           V = -1.0876888035E+05
           G =  5.0916588854E+00
           K =  1.0876378869E+05
           L =  1.0875869703E+05
           Vnuc =  7.0582673736E+06
           Ven = -8.3063995256E+08
           Vrep =  8.3053118368E+08
           DelSqV =  2.4953848626E+09
           DelSqVen =  3.0705911071E+12
           DelSqVrep = -3.0680957222E+12
           DelSqG =  1.3403878148E+08
           DelSqK = -2.6294236441E+09
           Stress_EigVals = -3.6256560403E+04 -3.6256444756E+04 -3.6255875189E+04
           Stress_EigVec1 = -1.5202391730E-01  9.8377001137E-01  9.5316804896E-02
           Stress_EigVec2 = -6.5964094013E-01 -1.7280485507E-01  7.3144535829E-01
           Stress_EigVec3 =  7.3604521510E-01  4.8322321866E-02  6.7520544617E-01
           -DivStress =  2.4321520746E+01  6.8623981825E+02 -7.1137965060E+01
           ESP =  -1.4745890413E+01     ESP at Nucleus =  -1.4745890424E+01
           ESPe = -2.4086458944E+01     ESPe at Nucleus = -2.4086459722E+01
           ESPn =  9.3405685314E+00     ESPn at Nucleus =  9.3405692972E+00

CP# 6      Coords =  2.28790906821468E+00 -1.52941998087676E+00  4.19188563600094E+00
           Type = (3,-3) NACP H6
           Rho =  4.2702844736E-01     Rho at Nucleus =  4.2310559380E-01
           GradRho = -3.2730852089E-10  1.8148692991E-09 -4.8381152795E-09
           HessRho_EigVals = -6.5264519951E+00 -6.5168851724E+00 -5.8926825321E+00
           HessRho_EigVec1 =  7.4463877538E-02  9.3694003011E-01  3.4146524115E-01
           HessRho_EigVec2 =  9.9518928652E-01 -4.7958602489E-02 -8.5429833500E-02
           HessRho_EigVec3 =  6.3666435008E-02 -3.4618398637E-01  9.3600386358E-01
           DelSqRho = -1.8936019700E+01
           Bond Ellipticity = NA
           V = -4.7424482358E+00
           G =  4.2216554477E-03
           K =  4.7382265804E+00
           L =  4.7340049249E+00
           Vnuc =  3.9286189816E+01
           Ven = -1.6776320640E+01
           Vrep =  1.2033872404E+01
           DelSqV =  7.1233264479E+02
           DelSqVen =  7.4392407225E+02
           DelSqVrep = -3.1591427459E+01
           DelSqG =  7.0333011415E+01
           DelSqK = -7.8266565620E+02
           Stress_EigVals = -1.6343027009E+00 -1.6329733774E+00 -1.4751721575E+00
           Stress_EigVec1 =  7.1368006365E-02  9.3735113743E-01  3.4099773141E-01
           Stress_EigVec2 =  9.9541137566E-01 -4.5084318506E-02 -8.4401406554E-02
           Stress_EigVec3 =  6.3740104101E-02 -3.4545658104E-01  9.3626756312E-01
           -DivStress =  5.1581801125E-01 -2.8704619330E+00  7.6303554771E+00
           ESP =  -1.0664181510E+00     ESP at Nucleus =  -1.0690818199E+00
           ESPe = -1.2560347573E+01     ESPe at Nucleus = -1.2464734492E+01
           ESPn =  1.1493929422E+01     ESPn at Nucleus =  1.1395652672E+01

CP# 7      Coords =  2.41538086213075E+00  3.13752308263381E+00  3.18855818669500E+00
           Type = (3,-3) NACP H7
           Rho =  4.2812155020E-01     Rho at Nucleus =  4.2422572039E-01
           GradRho = -9.2200552748E-16 -8.1315162936E-16 -3.7816971776E-16
           HessRho_EigVals = -6.5501536266E+00 -6.5407417422E+00 -5.9163117952E+00
           HessRho_EigVec1 = -2.4726716451E-02  7.1873908696E-01 -6.9484006388E-01
           HessRho_EigVec2 =  9.9553625544E-01 -4.5623439814E-02 -8.2620008784E-02
           HessRho_EigVec3 =  9.1083223513E-02  6.9378139685E-01  7.1440270141E-01
           DelSqRho = -1.9007207164E+01
           Bond Ellipticity = NA
           V = -4.7600421639E+00
           G =  4.1201864519E-03
           K =  4.7559219775E+00
           L =  4.7518017910E+00
           Vnuc =  3.9371323370E+01
           Ven = -1.6855711995E+01
           Vrep =  1.2095669831E+01
           DelSqV =  7.1524151455E+02
           DelSqVen =  7.4833889962E+02
           DelSqVrep = -3.3097385069E+01
           DelSqG =  7.0678537942E+01
           DelSqK = -7.8592005250E+02
           Stress_EigVals = -1.6402458674E+00 -1.6385560268E+00 -1.4812402696E+00
           Stress_EigVec1 = -2.3052094119E-02  7.1956103415E-01 -6.9404648194E-01
           Stress_EigVec2 =  9.9557221031E-01 -4.6758972408E-02 -8.1544911341E-02
           Stress_EigVec3 =  9.1129441033E-02  6.9285317105E-01  7.1529707699E-01
           -DivStress =  7.4107494566E-01  5.6863621314E+00  5.7985349478E+00
           ESP =  -1.0642218101E+00     ESP at Nucleus =  -1.0668578047E+00
           ESPe = -1.2495284192E+01     ESPe at Nucleus = -1.2400676033E+01
           ESPn =  1.1431062382E+01     ESPn at Nucleus =  1.1333818229E+01

CP# 8      Coords =  1.69521981658162E+00  1.22308757662633E+00 -4.28589241656361E+00
           Type = (3,-3) NACP H8
           Rho =  4.3012890287E-01     Rho at Nucleus =  4.2608583625E-01
           GradRho =  4.0982842120E-17  4.5970172113E-16  1.4220395694E-15
           HessRho_EigVals = -6.5787697314E+00 -6.5650692028E+00 -5.9236431017E+00
           HessRho_EigVec1 =  7.1308012877E-02  9.6226921162E-01  2.6258928323E-01
           HessRho_EigVec2 =  9.9516136389E-01 -5.0794157917E-02 -8.4105964971E-02
           HessRho_EigVec3 =  6.7594579086E-02 -2.6731613847E-01  9.6123517153E-01
           DelSqRho = -1.9067482036E+01
           Bond Ellipticity = NA
           V = -4.7748106470E+00
           G =  3.9700690120E-03
           K =  4.7708405780E+00
           L =  4.7668705090E+00
           Vnuc =  3.9199870623E+01
           Ven = -1.6860997344E+01
           Vrep =  1.2086186697E+01
           DelSqV =  7.1680863629E+02
           DelSqVen =  7.4744282892E+02
           DelSqVrep = -3.0634192633E+01
           DelSqG =  7.0804916514E+01
           DelSqK = -7.8761355280E+02
           Stress_EigVals = -1.6471184992E+00 -1.6447408162E+00 -1.4829513317E+00
           Stress_EigVec1 =  7.0206856557E-02  9.6242469346E-01  2.6231604357E-01
           Stress_EigVec2 =  9.9523871243E-01 -4.9757571811E-02 -8.3809840322E-02
           Stress_EigVec3 =  6.7608450506E-02 -2.6695110688E-01  9.6133563543E-01
           -DivStress = -5.6233632371E-01  2.2225142064E+00 -8.0006967735E+00
           ESP =  -1.0764929328E+00     ESP at Nucleus =  -1.0792016114E+00
           ESPe = -1.2818528234E+01     ESPe at Nucleus = -1.2719897463E+01
           ESPn =  1.1742035301E+01     ESPn at Nucleus =  1.1640695852E+01

CP# 9      Coords = -6.63714248974200E+00  2.15491903038584E+00  1.44225853653341E+00
           Type = (3,-3) NACP H9
           Rho =  4.2570101213E-01     Rho at Nucleus =  4.2203440509E-01
           GradRho =  3.6959855306E-09 -2.5380831803E-09 -3.8462073157E-09
           HessRho_EigVals = -6.4807837164E+00 -6.4742105964E+00 -5.8830664186E+00
           HessRho_EigVec1 =  2.5832563958E-01  9.0158885596E-01 -3.4699481084E-01
           HessRho_EigVec2 =  7.3615514695E-01  4.8879840398E-02  6.7504545093E-01
           HessRho_EigVec3 =  6.2557450679E-01 -4.2982356382E-01 -6.5108236071E-01
           DelSqRho = -1.8838060731E+01
           Bond Ellipticity = NA
           V = -4.7185876329E+00
           G =  4.5362250193E-03
           K =  4.7140514079E+00
           L =  4.7095151829E+00
           Vnuc =  3.8318747065E+01
           Ven = -1.6312329409E+01
           Vrep =  1.1593741776E+01
           DelSqV =  7.0938771456E+02
           DelSqVen =  7.2185089406E+02
           DelSqVrep = -1.2463179496E+01
           DelSqG =  6.9801580294E+01
           DelSqK = -7.7918929486E+02
           Stress_EigVals = -1.6234642129E+00 -1.6227558990E+00 -1.4723675210E+00
           Stress_EigVec1 =  2.6071042920E-01  9.0089713381E-01 -3.4700781893E-01
           Stress_EigVec2 =  7.3572917955E-01  4.7323198035E-02  6.7562052166E-01
           Stress_EigVec3 =  6.2508611124E-01 -4.3144509410E-01 -6.5047865784E-01
           -DivStress = -4.9239151768E+00  3.3851914811E+00  5.1240565052E+00
           ESP =  -1.1100167075E+00     ESP at Nucleus =  -1.1124526850E+00
           ESPe = -1.0731869183E+01     ESPe at Nucleus = -1.0655984063E+01
           ESPn =  9.6218524757E+00     ESPn at Nucleus =  9.5435313782E+00

CP# 10     Coords = -4.34537268818527E+00  2.53106664911390E+00 -1.08241139149439E+00
           Type = (3,-3) NACP H10
           Rho =  4.2562441459E-01     Rho at Nucleus =  4.2194261510E-01
           GradRho = -4.3718858639E-10 -5.2807957399E-10  5.1382471715E-10
           HessRho_EigVals = -6.4802856005E+00 -6.4736840127E+00 -5.8814481893E+00
           HessRho_EigVec1 =  4.4415628099E-01 -7.8601668864E-01 -4.3000344561E-01
           HessRho_EigVec2 = -7.3646898913E-01 -4.6976830954E-02 -6.7483820683E-01
           HessRho_EigVec3 = -5.1023389353E-01 -6.1641783113E-01  5.9974197065E-01
           DelSqRho = -1.8835417802E+01
           Bond Ellipticity = NA
           V = -4.7179346025E+00
           G =  4.5400759627E-03
           K =  4.7133945266E+00
           L =  4.7088544506E+00
           Vnuc =  3.9523594712E+01
           Ven = -1.6822206862E+01
           Vrep =  1.2104272259E+01
           DelSqV =  7.0922942591E+02
           DelSqVen =  7.4444342086E+02
           DelSqVrep = -3.5213994951E+01
           DelSqG =  6.9797710295E+01
           DelSqK = -7.7902713621E+02
           Stress_EigVals = -1.6233357012E+00 -1.6226307878E+00 -1.4719681135E+00
           Stress_EigVec1 =  4.4483271680E-01 -7.8491230713E-01 -4.3131951519E-01
           Stress_EigVec2 =  7.3659018945E-01  4.6676020522E-02  6.7472679057E-01
           Stress_EigVec3 =  5.0946908332E-01  6.1784627475E-01 -5.9892172603E-01
           -DivStress =  4.0235126893E+00  4.8645280630E+00 -4.7285608181E+00
           ESP =  -1.1100794955E+00     ESP at Nucleus =  -1.1125190260E+00
           ESPe = -1.1998365509E+01     ESPe at Nucleus = -1.1940663912E+01
           ESPn =  1.0888286013E+01     ESPn at Nucleus =  1.0828144886E+01

CP# 11     Coords = -6.13951893282010E+00 -2.45898521305689E+00  1.21195477165805E+00
           Type = (3,-3) NACP H11
           Rho =  4.2564591566E-01     Rho at Nucleus =  4.2196535779E-01
           GradRho =  3.8742510659E-10  4.6521877149E-10 -4.5370821163E-10
           HessRho_EigVals = -6.4802754503E+00 -6.4739437024E+00 -5.8812035592E+00
           HessRho_EigVec1 =  4.4270543977E-01 -7.8749001747E-01 -4.2880224576E-01
           HessRho_EigVec2 = -7.3595040668E-01 -4.5922524133E-02 -6.7547621770E-01
           HessRho_EigVec3 = -5.1223909700E-01 -6.1461418317E-01  5.9988374986E-01
           DelSqRho = -1.8835422712E+01
           Bond Ellipticity = NA
           V = -4.7178537215E+00
           G =  4.4990217795E-03
           K =  4.7133546998E+00
           L =  4.7088556780E+00
           Vnuc =  3.8494314387E+01
           Ven = -1.6384947695E+01
           Vrep =  1.1667093973E+01
           DelSqV =  7.0922772378E+02
           DelSqVen =  7.2505668472E+02
           DelSqVrep = -1.5828960947E+01
           DelSqG =  6.9790482908E+01
           DelSqK = -7.7901820669E+02
           Stress_EigVals = -1.6233567128E+00 -1.6226063067E+00 -1.4718907020E+00
           Stress_EigVec1 =  4.4363922803E-01 -7.8636433663E-01 -4.2990157645E-01
           Stress_EigVec2 =  7.3594208851E-01  4.5907676001E-02  6.7548628975E-01
           Stress_EigVec3 =  5.1144254586E-01  6.1605488016E-01 -5.9908505817E-01
           -DivStress = -4.0364655921E+00 -4.8528002601E+00  4.7275185649E+00
           ESP =  -1.1114146165E+00     ESP at Nucleus =  -1.1138586134E+00
           ESPe = -1.0966259274E+01     ESPe at Nucleus = -1.0890119871E+01
           ESPn =  9.8548446575E+00     ESPn at Nucleus =  9.7762612577E+00

CP# 12     Coords = -3.84510546858194E+00 -2.09220836922976E+00 -1.31091379830044E+00
           Type = (3,-3) NACP H12
           Rho =  4.2428690037E-01     Rho at Nucleus =  4.2051926641E-01
           GradRho = -5.8258648201E-09  4.0417925135E-09  6.0530319203E-09
           HessRho_EigVals = -6.4551699874E+00 -6.4487395842E+00 -5.8491995727E+00
           HessRho_EigVec1 =  2.6124863869E-01  9.0000470686E-01 -3.4891356582E-01
           HessRho_EigVec2 =  7.3575568213E-01  4.8314677919E-02  6.7552147865E-01
           HessRho_EigVec3 =  6.2483015692E-01 -4.3319420533E-01 -6.4956143318E-01
           DelSqRho = -1.8753109144E+01
           Bond Ellipticity = NA
           V = -4.6972713233E+00
           G =  4.4970186084E-03
           K =  4.6927743047E+00
           L =  4.6882772861E+00
           Vnuc =  3.9640536671E+01
           Ven = -1.6818960433E+01
           Vrep =  1.2121689110E+01
           DelSqV =  7.0565706832E+02
           DelSqVen =  7.4338332557E+02
           DelSqVrep = -3.7726257251E+01
           DelSqG =  6.9411323145E+01
           DelSqK = -7.7506839146E+02
           Stress_EigVals = -1.6170464891E+00 -1.6163193373E+00 -1.4639054969E+00
           Stress_EigVec1 =  2.6772237917E-01  8.9953655969E-01 -3.4519372165E-01
           Stress_EigVec2 =  7.3382654110E-01  4.1795739187E-02  6.7804994194E-01
           Stress_EigVec3 =  6.2435833883E-01 -4.3484145842E-01 -6.4891414746E-01
           -DivStress =  4.9752829377E+00 -3.4560842879E+00 -5.1682826051E+00
           ESP =  -1.1125100234E+00     ESP at Nucleus =  -1.1150084489E+00
           ESPe = -1.2512760201E+01     ESPe at Nucleus = -1.2460638209E+01
           ESPn =  1.1400250177E+01     ESPn at Nucleus =  1.1345629760E+01

CP# 13     Coords =  1.91849991595995E+00 -2.58236628785479E+00  4.96333510810102E-01
           Type = (3,-3) NACP N13
           Rho =  1.9137708237E+02     Rho at Nucleus =  1.9137704987E+02
           GradRho = -3.0583563460E-11 -5.9355187432E-11 -3.7561065369E-12
           HessRho_EigVals = -3.2202679410E+05 -3.2202498576E+05 -3.2201493185E+05
           HessRho_EigVec1 =  9.9530485824E-01 -4.6853088677E-02 -8.4693726158E-02
           HessRho_EigVec2 =  8.7970117662E-02  7.2957704718E-02  9.9344774987E-01
           HessRho_EigVec3 =  4.0367035656E-02  9.9623388891E-01 -7.6736829675E-02
           DelSqRho = -9.6606671171E+05
           Bond Ellipticity = NA
           V = -2.4154910843E+05
           G =  1.6215251685E+01
           K =  2.4153289318E+05
           L =  2.4151667793E+05
           Vnuc =  4.9265123050E+05
           Ven = -9.4282155120E+07
           Vrep =  9.4040606011E+07
           DelSqV =  7.5841765225E+09
           DelSqVen =  4.7593395430E+11
           DelSqVrep = -4.6834977772E+11
           DelSqG =  4.0647604478E+08
           DelSqK = -7.9906525672E+09
           Stress_EigVals = -8.0517994043E+04 -8.0515896622E+04 -8.0515217766E+04
           Stress_EigVec1 =  4.3206853602E-02  9.9811088340E-01 -4.3678738937E-02
           Stress_EigVec2 =  8.7328241530E-02  3.9779132637E-02  9.9538505054E-01
           Stress_EigVec3 =  9.9524215447E-01 -4.6821843620E-02 -8.5444537139E-02
           -DivStress = -8.5347029952E+02 -3.3825504025E+04  9.1503137557E+03
           ESP =  -1.8302883634E+01     ESP at Nucleus =  -1.8302885134E+01
           ESPe = -3.0155668253E+01     ESPe at Nucleus = -3.0155641847E+01
           ESPn =  1.1852784620E+01     ESPn at Nucleus =  1.1852756713E+01

CP# 14     Coords =  2.06976933273575E+00  2.54118019658351E+00 -6.37787221937627E-01
           Type = (3,-3) NACP N14
           Rho =  1.9124992140E+02     Rho at Nucleus =  1.9124989720E+02
           GradRho = -2.2875285000E-11  4.6310510982E-11 -1.2122830517E-11
           HessRho_EigVals = -3.2182711765E+05 -3.2182452515E+05 -3.2181640639E+05
           HessRho_EigVec1 =  9.9555447535E-01 -4.9240671080E-02 -8.0290989050E-02
           HessRho_EigVec2 =  9.0297667338E-02  2.5652255699E-01  9.6231102510E-01
           HessRho_EigVec3 =  2.6788390849E-02  9.6528313674E-01 -2.5982849738E-01
           DelSqRho = -9.6546804920E+05
           Bond Ellipticity = NA
           V = -2.4140013911E+05
           G =  1.6563403467E+01
           K =  2.4138357570E+05
           L =  2.4136701230E+05
           Vnuc =  5.7072639188E+05
           Ven = -1.0915137759E+08
           Vrep =  1.0890997745E+08
           DelSqV =  7.5795356050E+09
           DelSqVen =  5.5101809741E+11
           DelSqVrep = -5.4343856155E+11
           DelSqG =  4.0624555543E+08
           DelSqK = -7.9857811605E+09
           Stress_EigVals = -8.0468087791E+04 -8.0466499217E+04 -8.0465552098E+04
           Stress_EigVec1 =  2.6796881540E-02  9.6488472331E-01 -2.6130326798E-01
           Stress_EigVec2 =  9.1770948183E-02  2.5791875736E-01  9.6179831964E-01
           Stress_EigVec3 =  9.9541951970E-01 -4.9753244303E-02 -8.1636967558E-02
           -DivStress =  6.8146045663E+02  2.9067048742E+04 -8.2783767771E+03
           ESP =  -1.8321909067E+01     ESP at Nucleus =  -1.8321910179E+01
           ESPe = -2.9991987693E+01     ESPe at Nucleus = -2.9991964867E+01
           ESPn =  1.1670078626E+01     ESPn at Nucleus =  1.1670054688E+01

CP# 15     Coords =  1.74452261587632E+00 -1.80023685943580E+00 -1.90011563603787E+00
           Type = (3,-3) NACP N15
           Rho =  1.9136801805E+02     Rho at Nucleus =  1.9136798598E+02
           GradRho =  1.3621034856E-11  1.5537127140E-11  4.0518699507E-12
           HessRho_EigVals = -3.2201427380E+05 -3.2201356309E+05 -3.2200375150E+05
           HessRho_EigVec1 =  9.9553343273E-01 -5.9461328962E-02 -7.3331675832E-02
           HessRho_EigVec2 =  1.8053179308E-02 -6.4250801111E-01  7.6606627545E-01
           HessRho_EigVec3 =  9.2667508001E-02  7.6396845879E-01  6.3856473982E-01
           DelSqRho = -9.6603158839E+05
           Bond Ellipticity = NA
           V = -2.4154045644E+05
           G =  1.6279670879E+01
           K =  2.4152417677E+05
           L =  2.4150789710E+05
           Vnuc =  4.9604737747E+05
           Ven = -9.4927603484E+07
           Vrep =  9.4686063028E+07
           DelSqV =  7.5839096258E+09
           DelSqVen =  4.7919743578E+11
           DelSqVrep = -4.7161352615E+11
           DelSqG =  4.0646635668E+08
           DelSqK = -7.9903759825E+09
           Stress_EigVals = -8.0514984088E+04 -8.0512936784E+04 -8.0512535567E+04
           Stress_EigVec1 =  9.1769896583E-02  7.8747266007E-01  6.0947936448E-01
           Stress_EigVec2 =  3.0732094879E-02 -6.1401031784E-01  7.8869947885E-01
           Stress_EigVec3 =  9.9530589490E-01 -5.3648291953E-02 -8.0548347873E-02
           -DivStress = -3.4443454594E+03 -2.1138274187E+04 -2.7443623164E+04
           ESP =  -1.8312215210E+01     ESP at Nucleus =  -1.8312216692E+01
           ESPe = -3.0246098655E+01     ESPe at Nucleus = -3.0246072566E+01
           ESPn =  1.1933883445E+01     ESPn at Nucleus =  1.1933855874E+01

CP# 16     Coords =  1.99433520452597E+00 -5.88283251389286E-02 -3.86213731029195E-02
           Type = (3,+1) RCP C1 C2 N14 C3 N15 N13
           Rho =  2.5015191441E-02
           GradRho = -2.7105054312E-19  1.9081958236E-17  6.7762635780E-18
           HessRho_EigVals = -2.2771278248E-02  9.4857275116E-02  1.3159901861E-01
           HessRho_EigVec1 =  9.9509839898E-01 -4.8604142419E-02 -8.6120924799E-02
           HessRho_EigVec2 =  5.6934926706E-02  9.9364689857E-01  9.7078602651E-02
           HessRho_EigVec3 =  8.0855367599E-02 -1.0150605061E-01  9.9154371120E-01
           DelSqRho =  2.0368501548E-01
           Bond Ellipticity = NA
           V = -3.0163724080E-02
           G =  4.0542488974E-02
           K = -1.0378764895E-02
           L = -5.0921253869E-02
           Vnuc =  1.8153710837E+01
           Ven = -4.5411855194E-01
           Vrep =  4.2395482786E-01
           DelSqV = -2.4945578381E-01
           DelSqVen = -3.6976388727E+00
           DelSqVrep =  3.4481830889E+00
           DelSqG =  2.3722093056E-01
           DelSqK =  1.2234853252E-02
           Stress_EigVals = -1.2042229086E-02 -1.0049904589E-02 -8.0715904048E-03
           Stress_EigVec1 =  9.9518391384E-01 -4.7594730075E-02 -8.5695503350E-02
           Stress_EigVec2 =  7.6792154985E-02 -1.6482087646E-01  9.8332957019E-01
           Stress_EigVec3 =  6.0925713439E-02  9.8517451264E-01  1.6037218303E-01
           -DivStress =  3.0663112641E-04  3.0246641705E-03  2.5241820709E-03
           ESP =   2.2556500113E-01
           ESPe = -1.7928145835E+01
           ESPn =  1.8153710837E+01

CP# 17     Coords =  2.19362536311252E+00  4.43543655109604E-01  2.02174575225061E+00
           Type = (3,-1) BCP C2 C1
           Rho =  3.1586595340E-01
           GradRho =  7.1991024253E-17 -8.6953014233E-17 -2.0816681712E-17
           HessRho_EigVals = -6.7027765699E-01 -5.6263940722E-01  3.4964418221E-01
           HessRho_EigVec1 =  9.2190000124E-02  2.0896475682E-01  9.7356804297E-01
           HessRho_EigVec2 =  9.9535890868E-01 -4.6438212292E-02 -8.4286032977E-02
