AIMSum (Version 19.02.13, Professional)
Copyright (c) 1997-2019 by Todd A. Keith
AIMSum is a component of the AIMAll package ( http://aim.tkgristmill.com )

TP:  64-bit Linux

Much of the Quantum Theory of Atoms in Molecules (QTAIM) is described in the book:
  "Atoms in Molecules - A Quantum Theory"
  R.F.W. Bader, Oxford University Press, Oxford, 1990

For additional references see:  http://aim.tkgristmill.com/references.html

Wfn File:  /home/mhennefarth/Documents/ML_Diels/summary-N-hayden2009/41-opt/41-opt.wfn
Sum File:  /home/mhennefarth/Documents/ML_Diels/summary-N-hayden2009/41-opt/41-opt.sum

SumViz File:  /home/mhennefarth/Documents/ML_Diels/summary-N-hayden2009/41-opt/41-opt.sumviz

Wfn Title:   Title Card Required                                                           
 
Total memory allocated for AIMSum =        0.743 Megabytes

Atomic units (a.u.) used throughout, except where stated otherwise

Model:  Restricted SCF
 
Restricted, closed-shell, single-determinant wavefunction.
  Number of electrons (from MO Occs)                   =          58.0000000000
  Number of Alpha electrons (from MO Occs)             =          29.0000000000
  Number of Beta electrons (from MO Occs)              =          29.0000000000
  Number of electron pairs (N*(N-1)/2)                 =        1653.0000000000
  Number of electron pairs (from Muller 2EDM)          =        1653.0000000000
 
Nuclear Charges and Cartesian Coordinates:
-------------------------------------------------------------------------------
Atom      Charge                X                  Y                  Z
-------------------------------------------------------------------------------
C1         6.0          -2.5099359000E+00   2.4705775700E+00  -5.8621000000E-04
C2         6.0          -2.4924565300E+00  -2.4331202300E+00  -1.4784000000E-03
C3         6.0           6.7201456200E+00  -1.2490247100E+00   3.4628000000E-03
C4         6.0           6.7455894800E+00   1.2670471200E+00   1.5378900000E-03
H5         1.0          -2.4485326200E+00   4.5230099300E+00  -2.3600000000E-04
H6         1.0          -2.3932574000E+00  -4.4848090500E+00  -1.8362700000E-03
H7         1.0           4.9493441000E+00  -2.2904058100E+00   2.8680000000E-04
H8         1.0           8.4542754200E+00  -2.3545851200E+00   8.1331100000E-03
H9         1.0           4.9959847400E+00   2.3438162300E+00  -3.2071300000E-03
H10        1.0           8.5008002100E+00   2.3388202400E+00   4.5396600000E-03
H11        1.0          -6.6071888500E+00   2.0940903300E+00   9.5291500000E-03
N12        7.0          -4.7998543600E+00  -1.3814044600E+00   4.5768700000E-03
C13        6.0          -4.7897842100E+00   1.1297733200E+00   4.8894900000E-03
N14        7.0          -2.8435743000E-01   1.2901588600E+00  -6.6037400000E-03
N15        7.0          -2.7189912000E-01  -1.2346765700E+00  -7.1392400000E-03
 
Some Atomic Properties:
----------------------
  q(A) = Net Charge of Atom A
  L(A) = Lagrangian of Atom A = -(1/4) Times Atomic Integral of the Laplacian of the Electron Density
  K(A) = Electronic Kinetic Energy of Atom A (Hamiltonian Form)
  K_Scaled(A) = K(A) * E(Mol)/K(Mol) = Approximation to Virial-Based Total Energy of Atom A.
  |Mu_Intra(A)| = Magnitude of Intraatomic Dipole Moment of Atom A
--------------------------------------------------------------------------------------------------
Atom A          q(A)              L(A)              K(A)          K_Scaled(A)      |Mu_Intra(A)|
--------------------------------------------------------------------------------------------------
C1        5.3714955430E-01 -1.0347418927E-04  3.7421605136E+01 -3.7779519588E+01  6.8193537815E-01
C2        1.0996760129E+00 -1.2400641197E-04  3.7074630027E+01 -3.7429225877E+01  6.4618732572E-01
C3       -8.8563481400E-02 -3.3254335078E-05  3.7698969168E+01 -3.8059536435E+01  1.0417422701E-01
C4       -8.9303979300E-02 -4.6702118773E-06  3.7698840021E+01 -3.8059406053E+01  1.0080788780E-01
H5        8.3477068020E-02  2.3405477733E-05  5.8367077034E-01 -5.8925321938E-01  1.4297674794E-01
H6        9.0795071410E-02  2.7220268654E-05  5.8505093675E-01 -5.9064658623E-01  1.4156708440E-01
H7        6.2589212280E-02  3.0045970983E-05  5.8753904232E-01 -5.9315848899E-01  1.3726714460E-01
H8        2.6206950160E-02  2.5850648032E-05  6.0078209183E-01 -6.0652820005E-01  1.5055624527E-01
H9        5.9329600630E-02  2.3727140112E-05  5.8878947606E-01 -5.9442088235E-01  1.3815788321E-01
H10       2.5970062230E-02  2.5117699744E-05  6.0086122770E-01 -6.0660809281E-01  1.5064401971E-01
H11       7.9669766610E-02  1.4248240086E-05  5.8584903707E-01 -5.9145231988E-01  1.4353326706E-01
N12      -1.2085383404E+00  2.7478952707E-05  5.4959456179E+01 -5.5485109302E+01  8.8106279815E-02
C13       5.8347548680E-01 -3.8531839334E-05  3.7380089615E+01 -3.7737606997E+01  7.0566931397E-01
N14      -6.2476051870E-01  2.4723085834E-05  5.4565815677E+01 -5.5087703873E+01  6.9065432281E-01
N15      -6.3722346340E-01  2.1825833550E-05  5.4579692412E+01 -5.5101713330E+01  6.9359877358E-01
--------------------------------------------------------------------------------------------------
Total    -5.0997860000E-05 -6.0293670094E-05  3.5551164082E+02 -3.5891188924E+02
 
1st Largest |L(A)| = 1.2400641197E-04, atom C2      
2nd Largest |L(A)| = 1.0347418927E-04, atom C1      
 
Molecular charge q(Mol) from the wfn file:   0.0000000000E+00
Molecular energy E(Mol) from the wfn file:  -3.5891191429E+02
Molecular virial ratio (-V(Mol)/T(Mol)) from the wfn file:   2.0095643800E+00
Note.  K_Scaled(A) = (1+V(Mol)/T(Mol))*K(A) = (E(Mol)/T(Mol))*K(A)
       Only use K_Scaled(A) data with caution.
 
N_AIMInt(SumA)     =         58.000051
N_Analytic(Mol)    =         57.999994
 
G_AIMInt(SumA)     =        355.511701
G_Analytic(Mol)    =        355.511652
 
K_AIMInt(SumA)     =        355.511641
K_Analytic(Mol)    =        355.511652
 
L_AIMInt(SumA)     =         -0.000060
L_Analytic(Mol)    =          0.000000
 
VenT_AIMInt(SumA)  =      -1467.357377
VenT_Analytic(Mol) =      -1467.356804
 
Some Information About the Atomic Calculations:
----------------------------------------------
  Time(sec) = "Elapsed User Time", in Seconds, for Atom A by AIMInt and, if used, by TWOe
  NProc = Number of Processors Used for AIMInt Job
  BIM = Basin Integration Method
  OAQ = Angular Quadrature Outside of Beta Sphere
  ORQ = Multiple of Default for Radial Quadrature Outside of Beta Sphere
  IAQ = Multiple of Default for Angular Quadrature Inside of Beta Sphere
  IRQ = Multiple of Default for Radial Quadrature Inside of Beta Sphere
  MIR = Maximum Integration Radius
------------------------------------------------------------------------------------------------------
Atom A     Time(sec)   NProc      BIM          OAQ                     ORQ      IAQ      IRQ      MIR
------------------------------------------------------------------------------------------------------
C1             16        8     Proaim(5)    4500(GS4)                  1.00     1.00     1.00    13.00
C2             15        8     Proaim(5)    4500(GS4)                  1.00     1.00     1.00    13.00
C3             17        8     Proaim(5)    4500(GS4)                  1.00     1.00     1.00    13.00
C4             17        8     Proaim(5)    4500(GS4)                  1.00     1.00     1.00    13.00
H5              4        8     Proaim(5)    1800(GS4)                  1.00     1.00     1.00    13.00
H6              4        8     Proaim(5)    1800(GS4)                  1.00     1.00     1.00    13.00
H7              9        8     Proaim(5)    4500(GS4)                  1.00     1.00     1.00    13.00
H8              4        8     Proaim(5)    1800(GS4)                  1.00     1.00     1.00    13.00
H9             10        8     Proaim(5)    4500(GS4)                  1.00     1.00     1.00    13.00
H10             4        8     Proaim(5)    1800(GS4)                  1.00     1.00     1.00    13.00
H11             4        8     Proaim(5)    1800(GS4)                  1.00     1.00     1.00    13.00
N12            14        8     Proaim(5)    4500(GS4)                  1.00     1.00     1.00    13.00
C13            16        8     Proaim(5)    4500(GS4)                  1.00     1.00     1.00    13.00
N14            16        8     Proaim(5)    4500(GS4)                  1.00     1.00     1.00    13.00
N15            17        8     Proaim(5)    4500(GS4)                  1.00     1.00     1.00    13.00
------------------------------------------------------------------------------------------------------
Total         167
Note:  Total wall clock time is less than total of atomic times if more than one atom
       was calculated at a time
 
Electron Density Critical Point Analysis of Molecular Structure:               
---------------------------------------------------------------                
  NACP = Nuclear Attractor Critical Point                                      
  NNACP = Non-Nuclear Attractor Critical Point                                 
  BCP = Bond Critical Point                                                    
  RCP = Ring Critical Point                                                    
  CCP = Cage Critical Point                                                    
  Rho = Electron Density                                                       
  GradRho = Gradient of Electron Density                                       
  HessRho_EigVals = Eigenvalues of the Hessian of Rho, Ascending Order         
  HessRho_EigVecs = Eigenvectors of the Hessian of Rho                         
  DelSqRho = Laplacian of Rho = Trace of Hessian of Rho                        
  Bond Ellipticity = (HessRho_EigVal(1) / HessRho_EigVal(2)) - 1               
  V = Virial Field = Potential Energy Density = Trace of Stress Tensor         
  G = Lagrangian Form of Kinetic Energy Density                                
  K = Hamiltonian Form of Kinetic Energy Density                               
  L = K - G = Lagrangian Density = (-1/4)DelSqRho                              
  Vnuc = Electrostatic Potential from Nuclei                                   
  Ven = Electron-nuclear attractive contribution to Virial Field V             
  Vrep = V - Ven = Repulsive contribution to Virial Field V                    
  DelSqV = Laplacian of V                                                      
  DelSqVen = Laplacian of Ven                                                  
  DelSqVrep = Laplacian of Vrep                                                
  DelSqG = Laplacian of G                                                      
  DelSqK = Laplacian of K                                                      
  Stress_EigVals = Eigenvalues of Stress Tensor, Ascending Order               
  Stress_EigVecs = Eigenvectors of Stress Tensor                               
  -DivStress = Ehrenfest Force Density = Minus Divergence of Stress Tensor     
  ESP = Total Electrostatic Potential                                          
  ESPe = Electrostatic Potential from Electrons                                
  ESPn = Electrostatic Potential from Nuclei                                   
  BP = Bond Path                                                               
  BPL = Bond Path Length                                                       
  GBL = Geometric Bond Length                                                  
  GBL_I = Distance Between Nuclear Attractors                                  
  GBL_II = Distance Between Nuclei                                             
  GBL_III = Sum of Distances Between BCP and Nuclear Attractors                
  GBL_IV = Sum of Distances Between BCP and Nuclei                             

CP# 1      Coords = -2.50993457845017E+00  2.47057639206217E+00 -5.86213692412660E-04
           Type = (3,-3) NACP C1
           Rho =  1.1766180324E+02     Rho at Nucleus =  1.1766180301E+02
           GradRho =  9.1924112766E-10 -7.8104123169E-10 -2.4873751062E-12
           HessRho_EigVals = -1.4496819062E+05 -1.4496709378E+05 -1.4496673918E+05
           HessRho_EigVec1 =  2.4907254807E-03 -2.2939100952E-04  9.9999687183E-01
           HessRho_EigVec2 =  8.9687159283E-01 -4.4228485417E-01 -2.3353244037E-03
           HessRho_EigVec3 =  4.4228400633E-01  8.9687460392E-01 -8.9587587593E-04
           DelSqRho = -4.3490202358E+05
           Bond Ellipticity = NA
           V = -1.0873590083E+05
           G =  5.1974697933E+00
           K =  1.0873070336E+05
           L =  1.0872550589E+05
           Vnuc =  3.3892231423E+06
           Ven = -3.9878210651E+08
           Vrep =  3.9867337061E+08
           DelSqV =  2.4946093463E+09
           DelSqVen =  1.4739799900E+12
           DelSqVrep = -1.4714853971E+12
           DelSqG =  1.3398014136E+08
           DelSqK = -2.6285894876E+09
           Stress_EigVals = -3.6245566985E+04 -3.6245450665E+04 -3.6244883185E+04
           Stress_EigVec1 =  3.0886507481E-01  9.5110570683E-01 -5.4771992618E-04
           Stress_EigVec2 =  9.5110252492E-01 -3.0886546516E-01 -2.4721510113E-03
           Stress_EigVec3 =  2.5204487048E-03 -2.4262330232E-04  9.9999679423E-01
           -DivStress = -1.0790853659E+03  9.6178400738E+02  3.0131342233E+00
           ESP =  -1.4670924761E+01     ESP at Nucleus =  -1.4670924772E+01
           ESPe = -2.6660874911E+01     ESPe at Nucleus = -2.6660872491E+01
           ESPn =  1.1989950150E+01     ESPn at Nucleus =  1.1989947720E+01

CP# 2      Coords = -2.49245730431817E+00 -2.43311805210180E+00 -1.47839805138412E-03
           Type = (3,-3) NACP C2
           Rho =  1.1764226389E+02     Rho at Nucleus =  1.1764226350E+02
           GradRho = -9.0669260988E-10  2.5471438014E-09  2.3385160995E-12
           HessRho_EigVals = -1.4492809962E+05 -1.4492705296E+05 -1.4492641034E+05
           HessRho_EigVec1 =  2.6019750854E-03 -9.3800622023E-05  9.9999661046E-01
           HessRho_EigVec2 =  9.9933071752E-01 -3.6487504002E-02 -2.6036650049E-03
           HessRho_EigVec3 =  3.6487624551E-02  9.9933410492E-01 -1.2017334326E-06
           DelSqRho = -4.3478156292E+05
           Bond Ellipticity = NA
           V = -1.0870562888E+05
           G =  5.1190755644E+00
           K =  1.0870050981E+05
           L =  1.0869539073E+05
           Vnuc =  2.5957825843E+06
           Ven = -3.0537373978E+08
           Vrep =  3.0526503415E+08
           DelSqV =  2.4939016644E+09
           DelSqVen =  1.1285983724E+12
           DelSqVrep = -1.1261044707E+12
           DelSqG =  1.3392697521E+08
           DelSqK = -2.6278286396E+09
           Stress_EigVals = -3.6235524911E+04 -3.6235329720E+04 -3.6234774251E+04
           Stress_EigVec1 =  4.0415886335E-02  9.9918294391E-01 -2.6870630068E-05
           Stress_EigVec2 =  9.9917957317E-01 -4.0415819820E-02 -2.5965478757E-03
           Stress_EigVec3 =  2.5955123490E-03 -7.8093199124E-05  9.9999662860E-01
           -DivStress =  6.2623091463E+02 -1.7724823072E+03 -1.5774553117E+00
           ESP =  -1.4649217468E+01     ESP at Nucleus =  -1.4649217483E+01
           ESPe = -2.6904434748E+01     ESPe at Nucleus = -2.6904431240E+01
           ESPn =  1.2255217280E+01     ESPn at Nucleus =  1.2255213757E+01

CP# 3      Coords =  6.72014608835682E+00 -1.24902568752751E+00  3.46280182541707E-03
           Type = (3,-3) NACP C3
           Rho =  1.1768251707E+02     Rho at Nucleus =  1.1768251698E+02
           GradRho =  6.8387337460E-11 -2.6101707601E-10  4.7609878821E-13
           HessRho_EigVals = -1.4501162155E+05 -1.4501054696E+05 -1.4501033691E+05
           HessRho_EigVec1 = -2.2354118136E-03  8.1025528363E-04  9.9999717321E-01
           HessRho_EigVec2 =  9.5118288294E-01 -3.0861865813E-01  2.3763520693E-03
           HessRho_EigVec3 =  3.0861971118E-01  9.5118550627E-01 -8.0811162335E-05
           DelSqRho = -4.3503250541E+05
           Bond Ellipticity = NA
           V = -1.0876831093E+05
           G =  5.0922872008E+00
           K =  1.0876321864E+05
           L =  1.0875812635E+05
           Vnuc =  5.5353806279E+06
           Ven = -6.5141752523E+08
           Vrep =  6.5130875692E+08
           DelSqV =  2.4953720090E+09
           DelSqVen =  2.4080703160E+12
           DelSqVrep = -2.4055748785E+12
           DelSqG =  1.3403822534E+08
           DelSqK = -2.6294102344E+09
           Stress_EigVals = -3.6256366583E+04 -3.6256253345E+04 -3.6255690999E+04
           Stress_EigVec1 =  1.6225320965E-01  9.8674906783E-01 -4.1604241548E-04
           Stress_EigVec2 =  9.8674664423E-01 -1.6225183104E-01  2.3245280036E-03
           Stress_EigVec3 = -2.2262221970E-03  7.8769058684E-04  9.9999721174E-01
           -DivStress = -3.8018421640E+02  7.9354057111E+02 -1.4772779492E+00
           ESP =  -1.4766618962E+01     ESP at Nucleus =  -1.4766618977E+01
           ESPe = -2.3200929402E+01     ESPe at Nucleus = -2.3200930512E+01
           ESPn =  8.4343104406E+00     ESPn at Nucleus =  8.4343115353E+00

CP# 4      Coords =  6.74558992962954E+00  1.26704813149138E+00  1.53789022215538E-03
           Type = (3,-3) NACP C4
           Rho =  1.1768136561E+02     Rho at Nucleus =  1.1768136552E+02
           GradRho =  9.4520391514E-11  2.9584534822E-10  7.7258878006E-14
           HessRho_EigVals = -1.4501006213E+05 -1.4500900857E+05 -1.4500879672E+05
           HessRho_EigVec1 = -2.2245591975E-03  7.4927455258E-04  9.9999724496E-01
           HessRho_EigVec2 =  9.6599855065E-01  2.5854008839E-01  1.9552088383E-03
           HessRho_EigVec3 = -2.5853791111E-01  9.6600023876E-01 -1.2989358634E-03
           DelSqRho = -4.3502786741E+05
           Bond Ellipticity = NA
           V = -1.0876715149E+05
           G =  5.0923199535E+00
           K =  1.0876205917E+05
           L =  1.0875696685E+05
           Vnuc =  5.4204328736E+06
           Ven = -6.3788394274E+08
           Vrep =  6.3777517559E+08
           DelSqV =  2.4953453762E+09
           DelSqVen =  2.3580393472E+12
           DelSqVrep = -2.3555440018E+12
           DelSqG =  1.3403667327E+08
           DelSqK = -2.6293820494E+09
           Stress_EigVals = -3.6255979345E+04 -3.6255864256E+04 -3.6255307892E+04
           Stress_EigVec1 = -1.2566837228E-01  9.9207175242E-01 -1.0479815464E-03
           Stress_EigVec2 =  9.9206983499E-01  1.2567034684E-01  2.0991511658E-03
           Stress_EigVec3 = -2.2142087800E-03  7.7587396961E-04  9.9999724765E-01
           -DivStress = -3.6491742418E+02 -8.2115054508E+02 -1.7528270322E-01
           ESP =  -1.4766354081E+01     ESP at Nucleus =  -1.4766354097E+01
           ESPe = -2.3186580305E+01     ESPe at Nucleus = -2.3186581443E+01
           ESPn =  8.4202262244E+00     ESPn at Nucleus =  8.4202273458E+00

CP# 5      Coords = -2.44997710565691E+00  4.48698020818068E+00 -2.41337172849760E-04
           Type = (3,-3) NACP H5
           Rho =  4.2663304836E-01     Rho at Nucleus =  4.2269808826E-01
           GradRho = -5.0133508456E-16 -2.0174834026E-15  1.5585406229E-19
           HessRho_EigVals = -6.5193734405E+00 -6.5097630963E+00 -5.8847795989E+00
           HessRho_EigVec1 =  9.9939515893E-01 -3.4680175880E-02 -2.5693806479E-03
           HessRho_EigVec2 =  2.5622524628E-03 -2.4998218419E-04  9.9999668618E-01
           HessRho_EigVec3 =  3.4680703255E-02  9.9939843051E-01  1.6097161863E-04
           DelSqRho = -1.8913916136E+01
           Bond Ellipticity = NA
           V = -4.7369287378E+00
           G =  4.2248519280E-03
           K =  4.7327038858E+00
           L =  4.7284790339E+00
           Vnuc =  3.8990201010E+01
           Ven = -1.6634508313E+01
           Vrep =  1.1897579575E+01
           DelSqV =  7.1142577438E+02
           DelSqVen =  7.3745739202E+02
           DelSqVrep = -2.6031617643E+01
           DelSqG =  7.0235245390E+01
           DelSqK = -7.8166101977E+02
           Stress_EigVals = -1.6325317227E+00 -1.6312100509E+00 -1.4731869641E+00
           Stress_EigVec1 =  9.9942279624E-01 -3.3873251374E-02 -2.5840285732E-03
           Stress_EigVec2 =  2.5770086695E-03 -2.5089711961E-04  9.9999664803E-01
           Stress_EigVec3 =  3.3873786157E-02  9.9942610527E-01  1.6346063840E-04
           -DivStress =  3.2715622575E-01  8.1702325026E+00  1.2118818656E-03
           ESP =  -1.0609628157E+00     ESP at Nucleus =  -1.0636357014E+00
           ESPe = -1.2318579674E+01     ESPe at Nucleus = -1.2224676199E+01
           ESPn =  1.1257616859E+01     ESPn at Nucleus =  1.1161040497E+01

CP# 6      Coords = -2.39504824519767E+00 -4.44831382148620E+00 -1.83009708124888E-03
           Type = (3,-3) NACP H6
           Rho =  4.2974637667E-01     Rho at Nucleus =  4.2568179229E-01
           GradRho =  7.2836701948E-16  1.3019099687E-15 -2.8629713617E-19
           HessRho_EigVals = -6.5721317983E+00 -6.5584645606E+00 -5.9150661077E+00
           HessRho_EigVec1 =  9.9880046846E-01  4.8896953300E-02 -2.5907830206E-03
           HessRho_EigVec2 =  2.5959900743E-03 -4.2984559644E-05  9.9999662949E-01
           HessRho_EigVec3 = -4.8896677129E-02  9.9880382764E-01  1.6986900374E-04
           DelSqRho = -1.9045662467E+01
           Bond Ellipticity = NA
           V = -4.7693205202E+00
           G =  3.9524517829E-03
           K =  4.7653680684E+00
           L =  4.7614156166E+00
           Vnuc =  3.8771956437E+01
           Ven = -1.6662107795E+01
           Vrep =  1.1892787275E+01
           DelSqV =  7.1587377880E+02
           DelSqVen =  7.3843759546E+02
           DelSqVrep = -2.2563816661E+01
           DelSqG =  7.0706577122E+01
           DelSqK = -7.8658035592E+02
           Stress_EigVals = -1.6454490022E+00 -1.6430822543E+00 -1.4807892638E+00
           Stress_EigVec1 =  9.9878279310E-01  4.9257151566E-02 -2.5817087068E-03
           Stress_EigVec2 =  2.5869438063E-03 -4.2529757695E-05  9.9999665295E-01
           Stress_EigVec3 = -4.9256876900E-02  9.9878612886E-01  1.6990347334E-04
           -DivStress =  4.0899856271E-01 -8.3305680368E+00 -1.4079009575E-03
           ESP =  -1.0723900074E+00     ESP at Nucleus =  -1.0751149041E+00
           ESPe = -1.2476434769E+01     ESPe at Nucleus = -1.2379307383E+01
           ESPn =  1.1404044762E+01     ESPn at Nucleus =  1.1304192479E+01

CP# 7      Coords =  4.98027271155260E+00 -2.27262001945718E+00  3.42817281516421E-04
           Type = (3,-3) NACP H7
           Rho =  4.2281256646E-01     Rho at Nucleus =  4.1900570098E-01
           GradRho =  2.9215838082E-11  1.6811848788E-11  5.2911512248E-14
           HessRho_EigVals = -6.4285093469E+00 -6.4218637281E+00 -5.8193155256E+00
           HessRho_EigVec1 = -5.0089645634E-01  8.6550544321E-01 -1.7515120068E-03
           HessRho_EigVec2 = -2.2312910602E-03  7.3235979831E-04  9.9999724249E-01
           HessRho_EigVec3 =  8.6550433931E-01  5.0089898324E-01  1.5643581303E-03
           DelSqRho = -1.8669688601E+01
           Bond Ellipticity = NA
           V = -4.6765304164E+00
           G =  4.5541331153E-03
           K =  4.6719762833E+00
           L =  4.6674221502E+00
           Vnuc =  3.8685338310E+01
           Ven = -1.6356647176E+01
           Vrep =  1.1680116759E+01
           DelSqV =  7.0226393251E+02
           DelSqVen =  7.2224321972E+02
           DelSqVrep = -1.9979287210E+01
           DelSqG =  6.9039447189E+01
           DelSqK = -7.7130337970E+02
           Stress_EigVals = -1.6103513048E+00 -1.6096566513E+00 -1.4565224602E+00
           Stress_EigVec1 = -5.0232515554E-01  8.6467701877E-01 -1.7582132866E-03
           Stress_EigVec2 = -2.2334936548E-03  7.3584513497E-04  9.9999723502E-01
           Stress_EigVec3 =  8.6467592173E-01  5.0232769358E-01  1.5616171130E-03
           -DivStress = -6.9242246945E+00 -3.9828225689E+00 -1.2539891732E-02
           ESP =  -1.1339696103E+00     ESP at Nucleus =  -1.1365042523E+00
           ESPe = -1.1790795887E+01     ESPe at Nucleus = -1.1744268061E+01
           ESPn =  1.0656826276E+01     ESPn at Nucleus =  1.0607763809E+01

CP# 8      Coords =  8.42520016011203E+00 -2.33605779452522E+00  8.05491139533341E-03
           Type = (3,-3) NACP H8
           Rho =  4.2675268734E-01     Rho at Nucleus =  4.2314980149E-01
           GradRho = -4.9960036108E-15  4.6438547452E-15 -2.1799239931E-17
           HessRho_EigVals = -6.5013560654E+00 -6.4951297160E+00 -5.9090400672E+00
           HessRho_EigVec1 =  5.3655012853E-01  8.4386825918E-01  5.6632035023E-04
           HessRho_EigVec2 = -2.2182392141E-03  7.3930702631E-04  9.9999726642E-01
           HessRho_EigVec3 =  8.4386553371E-01 -5.3654991806E-01  2.2685769440E-03
           DelSqRho = -1.8905525849E+01
           Bond Ellipticity = NA
           V = -4.7355449152E+00
           G =  4.5817265441E-03
           K =  4.7309631887E+00
           L =  4.7263814621E+00
           Vnuc =  3.7947248197E+01
           Ven = -1.6194090145E+01
           Vrep =  1.1458545230E+01
           DelSqV =  7.1230287287E+02
           DelSqVen =  7.1741268166E+02
           DelSqVrep = -5.1098087957E+00
           DelSqG =  7.0127704772E+01
           DelSqK = -7.8243057764E+02
           Stress_EigVals = -1.6286972441E+00 -1.6279367161E+00 -1.4789109550E+00
           Stress_EigVec1 =  5.3831780881E-01  8.4274175248E-01  5.2474312273E-04
           Stress_EigVec2 = -2.1934812632E-03  7.7846899595E-04  9.9999729131E-01
           Stress_EigVec3 =  8.4273906125E-01 -5.3831750169E-01  2.2676019679E-03
           -DivStress =  6.5902039241E+00 -4.2016027895E+00  1.7726369292E-02
           ESP =  -1.1293577896E+00     ESP at Nucleus =  -1.1317575874E+00
           ESPe = -1.0071458534E+01     ESPe at Nucleus = -9.9977758565E+00
           ESPn =  8.9421007443E+00     ESPn at Nucleus =  8.8660182691E+00

CP# 9      Coords =  5.02645608935912E+00  2.32547041245122E+00 -3.12473467048309E-03
           Type = (3,-3) NACP H9
           Rho =  4.2323207767E-01     Rho at Nucleus =  4.1944334883E-01
           GradRho =  2.0449683613E-12 -1.2315027470E-12  5.5334629565E-15
           HessRho_EigVals = -6.4362358609E+00 -6.4295617863E+00 -5.8284892635E+00
           HessRho_EigVec1 =  5.1816535947E-01  8.5528034369E-01  4.4039121628E-04
           HessRho_EigVec2 = -2.2084752149E-03  8.2308142082E-04  9.9999722258E-01
           HessRho_EigVec3 =  8.5527760574E-01 -5.1816489291E-01  2.3153577211E-03
           DelSqRho = -1.8694286911E+01
           Bond Ellipticity = NA
           V = -4.6826840802E+00
           G =  4.5561762553E-03
           K =  4.6781279039E+00
           L =  4.6735717277E+00
           Vnuc =  3.8728362393E+01
           Ven = -1.6391085280E+01
           Vrep =  1.1708401200E+01
           DelSqV =  7.0329632326E+02
           DelSqVen =  7.2399911816E+02
           DelSqVrep = -2.0702794902E+01
           DelSqG =  6.9151810241E+01
           DelSqK = -7.7244813350E+02
           Stress_EigVals = -1.6122852575E+00 -1.6115958354E+00 -1.4588029873E+00
           Stress_EigVec1 =  5.1956002506E-01  8.5443384437E-01  4.3121084469E-04
           Stress_EigVec2 = -2.2016014614E-03  8.3406628319E-04  9.9999722864E-01
           Stress_EigVec3 =  8.5443111677E-01 -5.1955953453E-01  2.3144702994E-03
           -DivStress = -6.8307422842E+00  4.1135887174E+00 -1.8470919002E-02
           ESP =  -1.1334862503E+00     ESP at Nucleus =  -1.1360064901E+00
           ESPe = -1.1746648038E+01     ESPe at Nucleus = -1.1699505145E+01
           ESPn =  1.0613161788E+01     ESPn at Nucleus =  1.0563498655E+01

CP# 10     Coords =  8.47137155730134E+00  2.32087150317789E+00  4.48945640181263E-03
           Type = (3,-3) NACP H10
           Rho =  4.2675266129E-01     Rho at Nucleus =  4.2315111783E-01
           GradRho = -7.3656358790E-15 -6.5902144852E-15 -1.6046192153E-17
           HessRho_EigVals = -6.5012388068E+00 -6.4949613920E+00 -5.9090498193E+00
           HessRho_EigVec1 = -5.1994812595E-01  8.5419581911E-01 -1.8571292369E-03
           HessRho_EigVec2 = -2.2113737058E-03  8.2805889402E-04  9.9999721207E-01
           HessRho_EigVec3 =  8.5419497549E-01  5.1995078318E-01  1.4583985039E-03
           DelSqRho = -1.8905250018E+01
           Bond Ellipticity = NA
           V = -4.7354841365E+00
           G =  4.5858159868E-03
           K =  4.7308983205E+00
           L =  4.7263125045E+00
           Vnuc =  3.7937369641E+01
           Ven = -1.6189873457E+01
           Vrep =  1.1454389320E+01
           DelSqV =  7.1229692028E+02
           DelSqVen =  7.1721545809E+02
           DelSqVrep = -4.9185378071E+00
           DelSqG =  7.0125725974E+01
           DelSqK = -7.8242264626E+02
           Stress_EigVals = -1.6286613031E+00 -1.6279088991E+00 -1.4789139343E+00
           Stress_EigVec1 = -5.2172640394E-01  8.5311098110E-01 -1.7925843510E-03
           Stress_EigVec2 = -2.1760614555E-03  7.7044003820E-04  9.9999733559E-01
           Stress_EigVec3 =  8.5311008914E-01  5.2172891462E-01  1.4544630127E-03
           -DivStress =  6.6702566196E+00  4.0703902265E+00  1.1377186220E-02
           ESP =  -1.1291207800E+00     ESP at Nucleus =  -1.1315196298E+00
           ESPe = -1.0056053998E+01     ESPe at Nucleus = -9.9824005782E+00
           ESPn =  8.9269332184E+00     ESPn at Nucleus =  8.8508809484E+00

CP# 11     Coords = -6.57534511253451E+00  2.07760151255292E+00  9.44805308690923E-03
           Type = (3,-3) NACP H11
           Rho =  4.2776885711E-01     Rho at Nucleus =  4.2386252199E-01
           GradRho =  4.1762089099E-10 -2.1669126823E-10 -1.0637068619E-12
           HessRho_EigVals = -6.5433385028E+00 -6.5338682675E+00 -5.9088221632E+00
           HessRho_EigVec1 =  4.6424252375E-01  8.8570751773E-01 -1.0354584443E-03
           HessRho_EigVec2 =  2.4797782881E-03 -1.3070147505E-04  9.9999691680E-01
           HessRho_EigVec3 =  8.8570465158E-01 -4.6424366011E-01 -2.2570354547E-03
           DelSqRho = -1.8986028933E+01
           Bond Ellipticity = NA
           V = -4.7547442148E+00
           G =  4.1184907310E-03
           K =  4.7506257241E+00
           L =  4.7465072334E+00
           Vnuc =  3.8719274402E+01
           Ven = -1.6562899759E+01
           Vrep =  1.1808155544E+01
           DelSqV =  7.1436860820E+02
           DelSqVen =  7.3512526480E+02
           DelSqVrep = -2.0756656599E+01
           DelSqG =  7.0579395969E+01
           DelSqK = -7.8494800417E+02
           Stress_EigVals = -1.6385376056E+00 -1.6368483975E+00 -1.4793582117E+00
           Stress_EigVec1 =  4.6536058626E-01  8.8512058918E-01 -1.0331338373E-03
           Stress_EigVec2 =  2.4769520419E-03 -1.3506091395E-04  9.9999692323E-01
           Stress_EigVec3 =  8.8511772633E-01 -4.6536171347E-01 -2.2552532768E-03
           -DivStress = -7.2476133255E+00  3.7533097566E+00  1.8456748873E-02
           ESP =  -1.0595698512E+00     ESP at Nucleus =  -1.0622136780E+00
           ESPe = -1.1892313120E+01     ESPe at Nucleus = -1.1798537447E+01
           ESPn =  1.0832743269E+01     ESPn at Nucleus =  1.0736323769E+01

CP# 12     Coords = -4.79984417584680E+00 -1.38139756289328E+00  4.57684478325612E-03
           Type = (3,-3) NACP N12
           Rho =  1.9125264374E+02     Rho at Nucleus =  1.9125261939E+02
           GradRho = -1.1262502042E-10 -1.3707202040E-11 -5.0680813712E-14
           HessRho_EigVals = -3.2183163932E+05 -3.2182902467E+05 -3.2182087113E+05
           HessRho_EigVec1 =  2.4957071262E-03 -6.8562201512E-05  9.9999688337E-01
           HessRho_EigVec2 = -5.4711311826E-01  8.3705747197E-01  1.4228290456E-03
           HessRho_EigVec3 =  8.3705496072E-01  5.4711496408E-01 -2.0515390180E-03
           DelSqRho = -9.6548153512E+05
           Bond Ellipticity = NA
           V = -2.4140350762E+05
           G =  1.6561919768E+01
           K =  2.4138694570E+05
           L =  2.4137038378E+05
           Vnuc =  5.6912104274E+05
           Ven = -1.0884590403E+08
           Vrep =  1.0860450052E+08
           DelSqV =  7.5796407309E+09
           DelSqVen =  5.4947585856E+11
           DelSqVrep = -5.4189621783E+11
           DelSqG =  4.0625107521E+08
           DelSqK = -7.9858918061E+09
           Stress_EigVals = -8.0469216890E+04 -8.0467621881E+04 -8.0466668849E+04
           Stress_EigVec1 =  8.3645597909E-01  5.4803028870E-01 -2.0488314117E-03
           Stress_EigVec2 = -5.4802835864E-01  8.3645848275E-01  1.4576562985E-03
           Stress_EigVec3 =  2.5126022161E-03 -9.6447610659E-05  9.9999683876E-01
           -DivStress = -2.5098238689E+04 -1.7000746269E+04  6.2144855290E+01
           ESP =  -1.8317381914E+01     ESP at Nucleus =  -1.8317383034E+01
           ESPe = -2.9330855344E+01     ESPe at Nucleus = -2.9330832214E+01
           ESPn =  1.1013473429E+01     ESPn at Nucleus =  1.1013449180E+01

CP# 13     Coords = -4.78978389493378E+00  1.12977107438455E+00  4.88948891228741E-03
           Type = (3,-3) NACP C13
           Rho =  1.1766678533E+02     Rho at Nucleus =  1.1766678496E+02
           GradRho =  3.7706288092E-10 -2.5395647807E-09 -1.2728164605E-12
           HessRho_EigVals = -1.4497440198E+05 -1.4497298299E+05 -1.4497257112E+05
           HessRho_EigVec1 =  2.4738781064E-03 -1.9404916490E-04  9.9999692113E-01
           HessRho_EigVec2 =  4.9411677834E-02  9.9877849445E-01  7.1573885144E-05
           HessRho_EigVec3 =  9.9877543323E-01 -4.9411348637E-02 -2.4804445454E-03
           DelSqRho = -4.3491995608E+05
           Bond Ellipticity = NA
           V = -1.0874026510E+05
           G =  5.1380388604E+00
           K =  1.0873512706E+05
           L =  1.0872998902E+05
           Vnuc =  2.6459689134E+06
           Ven = -3.1134265613E+08
           Vrep =  3.1123391586E+08
           DelSqV =  2.4947101737E+09
           DelSqVen =  1.1507847086E+12
           DelSqVrep = -1.1482900066E+12
           DelSqG =  1.3398532582E+08
           DelSqK = -2.6286954995E+09
           Stress_EigVals = -3.6247054561E+04 -3.6246932024E+04 -3.6246278514E+04
           Stress_EigVec1 =  9.8517901251E-01 -1.7151158299E-01 -2.4678341454E-03
           Stress_EigVec2 =  1.7151147646E-01  9.8518208862E-01 -2.5631276691E-04
           Stress_EigVec3 =  2.4752266061E-03 -1.7074791934E-04  9.9999692204E-01
           -DivStress = -2.5717263144E+02  1.8293185740E+03  8.8696951504E-01
           ESP =  -1.4657764208E+01     ESP at Nucleus =  -1.4657764225E+01
           ESPe = -2.6323838842E+01     ESPe at Nucleus = -2.6323836279E+01
           ESPn =  1.1666074634E+01     ESPn at Nucleus =  1.1666072055E+01

CP# 14     Coords = -2.84369247941723E-01  1.29015111471204E+00 -6.60371101749441E-03
           Type = (3,-3) NACP N14
           Rho =  1.9136875286E+02     Rho at Nucleus =  1.9136872071E+02
           GradRho = -7.5264239285E-12 -1.4896417433E-11 -1.0725274835E-13
           HessRho_EigVals = -3.2201436869E+05 -3.2201260263E+05 -3.2200260011E+05
           HessRho_EigVec1 =  2.6012627901E-03 -1.9712632624E-04  9.9999659728E-01
           HessRho_EigVec2 = -3.8217437507E-01  9.2408947800E-01  1.1763023477E-03
           HessRho_EigVec3 =  9.2408656546E-01  3.8217613451E-01 -2.3284629433E-03
           DelSqRho = -9.6602957143E+05
           Bond Ellipticity = NA
           V = -2.4153987511E+05
           G =  1.6241126904E+01
           K =  2.4152363398E+05
           L =  2.4150739286E+05
           Vnuc =  4.9541536956E+05
           Ven = -9.4807021418E+07
           Vrep =  9.4565481543E+07
           DelSqV =  7.5838899267E+09
           DelSqVen =  4.7858589728E+11
           DelSqVrep = -4.7100200735E+11
           DelSqG =  4.0646272873E+08
           DelSqK = -7.9903526554E+09
           Stress_EigVals = -8.0514909383E+04 -8.0512818962E+04 -8.0512146767E+04
           Stress_EigVec1 =  9.3643927685E-01  3.5082172637E-01 -2.3658169742E-03
           Stress_EigVec2 = -3.5082007273E-01  9.3644224501E-01  1.0946846518E-03
           Stress_EigVec3 =  2.5994901180E-03 -1.9512962073E-04  9.9999660228E-01
           -DivStress =  2.9154828367E+04  1.9107587472E+04 -7.1500629031E+01
           ESP =  -1.8296202315E+01     ESP at Nucleus =  -1.8296203786E+01
           ESPe = -3.0298893427E+01     ESPe at Nucleus = -3.0298871408E+01
           ESPn =  1.2002691112E+01     ESPn at Nucleus =  1.2002667621E+01

CP# 15     Coords = -2.71910779045875E-01 -1.23466861808258E+00 -7.13920805695767E-03
           Type = (3,-3) NACP N15
           Rho =  1.9136227374E+02     Rho at Nucleus =  1.9136224167E+02
           GradRho = -5.4001247918E-13  9.9951158461E-12 -1.1340754724E-13
           HessRho_EigVals = -3.2200549759E+05 -3.2200483710E+05 -3.2199502690E+05
           HessRho_EigVec1 =  2.7460957105E-03  9.9133485257E-05  9.9999622456E-01
           HessRho_EigVec2 =  3.6887831747E-01  9.2947703877E-01 -1.1051216359E-03
           HessRho_EigVec3 =  9.2947363914E-01 -3.6887995956E-01 -2.5158647159E-03
           DelSqRho = -9.6600536160E+05
           Bond Ellipticity = NA
           V = -2.4153394895E+05
           G =  1.6304275411E+01
           K =  2.4151764467E+05
           L =  2.4150134040E+05
           Vnuc =  4.9602035795E+05
           Ven = -9.4919583518E+07
           Vrep =  9.4678049569E+07
           DelSqV =  7.5837070583E+09
           DelSqVen =  4.7915832512E+11
           DelSqVrep = -4.7157461800E+11
           DelSqG =  4.0645663618E+08
           DelSqK = -7.9901636944E+09
           Stress_EigVals = -8.0512815037E+04 -8.0510763572E+04 -8.0510370340E+04
           Stress_EigVec1 =  9.4305146463E-01 -3.3263714012E-01 -2.5432414297E-03
           Stress_EigVec2 =  3.3263610666E-01  9.4305489193E-01 -8.3147993863E-04
           Stress_EigVec3 =  2.6749973805E-03 -6.1845553543E-05  9.9999642028E-01
           -DivStress =  2.8760684038E+04 -1.9621092681E+04 -7.8798035421E+01
           ESP =  -1.8306362943E+01     ESP at Nucleus =  -1.8306364411E+01
           ESPe = -3.0351807290E+01     ESPe at Nucleus = -3.0351785230E+01
           ESPn =  1.2045444347E+01     ESPn at Nucleus =  1.2045420819E+01

CP# 16     Coords = -2.51464678803812E+00 -2.48103904131719E-03 -1.06663373427052E-03
           Type = (3,+1) RCP C1 C13 N12 C2 N15 N14
           Rho =  2.4990241438E-02
           GradRho = -3.1170812459E-18 -1.0055975150E-17 -1.5670109524E-20
           HessRho_EigVals = -2.2707763277E-02  9.5002615187E-02  1.3130625160E-01
           HessRho_EigVec1 =  2.5714920303E-03 -1.6862526714E-04  9.9999667949E-01
           HessRho_EigVec2 =  9.7658610298E-01  2.1511266291E-01 -2.4750181687E-03
           HessRho_EigVec3 = -2.1511153128E-01  9.7658922471E-01  7.1783759079E-04
           DelSqRho =  2.0360110351E-01
           Bond Ellipticity = NA
           V = -3.0073106940E-02
           G =  4.0486691409E-02
           K = -1.0413584469E-02
           L = -5.0900275877E-02
           Vnuc =  1.7709521745E+01
           Ven = -4.4256522416E-01
           Vrep =  4.1249211722E-01
           DelSqV = -2.4947688874E-01
           DelSqVen = -3.6056781699E+00
           DelSqVrep =  3.3562012812E+00
           DelSqG =  2.3760700963E-01
           DelSqK =  1.1869879115E-02
           Stress_EigVals = -1.2043200574E-02 -1.0013500240E-02 -8.0164061262E-03
           Stress_EigVec1 =  2.5727420386E-03 -1.7077852294E-04  9.9999667591E-01
           Stress_EigVec2 = -1.5090105361E-01  9.8854871489E-01  5.5705422538E-04
           Stress_EigVec3 =  9.8854552400E-01  1.5090198516E-01 -2.5175101769E-03
           -DivStress = -3.6377526679E-03  1.4665988327E-03  9.8602175733E-06
           ESP =   2.3149896632E-01
           ESPe = -1.7478022779E+01
           ESPn =  1.7709521745E+01

CP# 17     Coords =  3.16148229468721E+00  5.29653306310892E-02 -2.26951611305424E-03
           Type = (3,+1) RCP C3 C4 H9 N14 N15 H7
           Rho =  2.1736031204E-03
           GradRho =  2.5261910619E-17  7.5081000445E-18 -7.5385932306E-20
           HessRho_EigVals = -1.3018771598E-03  3.7879820816E-03  7.7865501133E-03
           HessRho_EigVec1 = -1.2636861751E-03  4.7083171174E-04  9.9999909071E-01
