AIMSum (Version 19.02.13, Professional)
Copyright (c) 1997-2019 by Todd A. Keith
AIMSum is a component of the AIMAll package ( http://aim.tkgristmill.com )

TP:  64-bit Linux

Much of the Quantum Theory of Atoms in Molecules (QTAIM) is described in the book:
  "Atoms in Molecules - A Quantum Theory"
  R.F.W. Bader, Oxford University Press, Oxford, 1990

For additional references see:  http://aim.tkgristmill.com/references.html

Wfn File:  /home/mhennefarth/Documents/ML_Diels/summary-N-hayden2009/42-opt/42-opt.wfn
Sum File:  /home/mhennefarth/Documents/ML_Diels/summary-N-hayden2009/42-opt/42-opt.sum

SumViz File:  /home/mhennefarth/Documents/ML_Diels/summary-N-hayden2009/42-opt/42-opt.sumviz

Wfn Title:   Title Card Required                                                           
 
Total memory allocated for AIMSum =        0.743 Megabytes

Atomic units (a.u.) used throughout, except where stated otherwise

Model:  Restricted SCF
 
Restricted, closed-shell, single-determinant wavefunction.
  Number of electrons (from MO Occs)                   =          58.0000000000
  Number of Alpha electrons (from MO Occs)             =          29.0000000000
  Number of Beta electrons (from MO Occs)              =          29.0000000000
  Number of electron pairs (N*(N-1)/2)                 =        1653.0000000000
  Number of electron pairs (from Muller 2EDM)          =        1653.0000000000
 
Nuclear Charges and Cartesian Coordinates:
-------------------------------------------------------------------------------
Atom      Charge                X                  Y                  Z
-------------------------------------------------------------------------------
C1         6.0          -4.7879405300E+00   1.1335577900E+00  -9.0941100000E-03
C2         6.0          -2.4963236600E+00  -2.4330506600E+00   2.0205600000E-03
C3         6.0           6.7168495200E+00  -1.2495661100E+00  -4.6883400000E-03
C4         6.0           6.7488799000E+00   1.2664544000E+00  -4.6460800000E-03
H5         1.0          -6.6038124700E+00   2.1007287400E+00  -1.8044790000E-02
H6         1.0          -2.4003479000E+00  -4.4848941300E+00   2.4673900000E-03
H7         1.0           8.4481159400E+00  -2.3595970300E+00  -1.3906680000E-02
H8         1.0           4.9433891800E+00  -2.2864379600E+00   4.5377700000E-03
H9         1.0           8.5068206900E+00   2.3336939600E+00  -1.3778880000E-02
H10        1.0           5.0021103000E+00   2.3477301100E+00   4.6134400000E-03
H11        1.0          -2.4413044300E+00   4.5230419000E+00   2.6387700000E-03
N12        7.0          -2.8231708000E-01   1.2867218600E+00   1.3011800000E-02
C13        6.0          -2.5060166000E+00   2.4707148300E+00   2.2126600000E-03
N14        7.0          -4.8019881300E+00  -1.3776339800E+00  -9.2903000000E-03
N15        7.0          -2.7393238000E-01  -1.2380774700E+00   1.2942050000E-02
 
Some Atomic Properties:
----------------------
  q(A) = Net Charge of Atom A
  L(A) = Lagrangian of Atom A = -(1/4) Times Atomic Integral of the Laplacian of the Electron Density
  K(A) = Electronic Kinetic Energy of Atom A (Hamiltonian Form)
  K_Scaled(A) = K(A) * E(Mol)/K(Mol) = Approximation to Virial-Based Total Energy of Atom A.
  |Mu_Intra(A)| = Magnitude of Intraatomic Dipole Moment of Atom A
--------------------------------------------------------------------------------------------------
Atom A          q(A)              L(A)              K(A)          K_Scaled(A)      |Mu_Intra(A)|
--------------------------------------------------------------------------------------------------
C1        5.8341185660E-01 -5.4379230777E-05  3.7380119782E+01 -3.7737636704E+01  7.0568161704E-01
C2        1.0997116184E+00 -1.2417344367E-04  3.7074609691E+01 -3.7429204605E+01  6.4623579044E-01
C3       -8.8589113000E-02 -4.2107904798E-05  3.7698961718E+01 -3.8059528160E+01  1.0430220850E-01
C4       -8.9322350100E-02 -4.1706042428E-05  3.7698799818E+01 -3.8059364711E+01  1.0060206998E-01
H5        7.9671877620E-02  1.4212893903E-05  5.8584785001E-01 -5.9145110975E-01  1.4353342917E-01
H6        9.0800226520E-02  2.6347663566E-05  5.8504671674E-01 -5.9064231416E-01  1.4156481705E-01
H7        2.6204364750E-02  2.5524944809E-05  6.0078096857E-01 -6.0652705404E-01  1.5055409919E-01
H8        6.2768834770E-02  2.9372305463E-05  5.8746970256E-01 -5.9308847428E-01  1.3717518192E-01
H9        2.5977157360E-02  2.5250036560E-05  6.0085968913E-01 -6.0660652750E-01  1.5064567961E-01
H10       5.9148645650E-02  1.9759922508E-05  5.8885650734E-01 -5.9448854296E-01  1.3824838256E-01
H11       8.3476363940E-02  2.3188619103E-05  5.8367185346E-01 -5.8925430119E-01  1.4297635843E-01
N12      -6.2468543820E-01  2.4125115167E-05  5.4565772981E+01 -5.5087659678E+01  6.9068100730E-01
C13       5.3710159210E-01 -1.1447949814E-04  3.7421637058E+01 -3.7779551066E+01  6.8184181732E-01
N14      -1.2085245051E+00  3.0222575295E-05  5.4959435727E+01 -5.5485087556E+01  8.8046217168E-02
N15      -6.3726734690E-01  2.1636131493E-05  5.4579758658E+01 -5.5101779118E+01  6.9360149541E-01
--------------------------------------------------------------------------------------------------
Total    -1.1621559000E-04 -1.3720591195E-04  3.5551162872E+02 -3.5891186992E+02
 
1st Largest |L(A)| = 1.2417344367E-04, atom C2      
2nd Largest |L(A)| = 1.1447949814E-04, atom C13     
 
Molecular charge q(Mol) from the wfn file:   0.0000000000E+00
Molecular energy E(Mol) from the wfn file:  -3.5891191421E+02
Molecular virial ratio (-V(Mol)/T(Mol)) from the wfn file:   2.0095643600E+00
Note.  K_Scaled(A) = (1+V(Mol)/T(Mol))*K(A) = (E(Mol)/T(Mol))*K(A)
       Only use K_Scaled(A) data with caution.
 
N_AIMInt(SumA)     =         58.000116
N_Analytic(Mol)    =         57.999994
 
G_AIMInt(SumA)     =        355.511766
G_Analytic(Mol)    =        355.511660
 
K_AIMInt(SumA)     =        355.511629
K_Analytic(Mol)    =        355.511660
 
L_AIMInt(SumA)     =         -0.000137
L_Analytic(Mol)    =          0.000000
 
VenT_AIMInt(SumA)  =      -1467.358851
VenT_Analytic(Mol) =      -1467.357761
 
Some Information About the Atomic Calculations:
----------------------------------------------
  Time(sec) = "Elapsed User Time", in Seconds, for Atom A by AIMInt and, if used, by TWOe
  NProc = Number of Processors Used for AIMInt Job
  BIM = Basin Integration Method
  OAQ = Angular Quadrature Outside of Beta Sphere
  ORQ = Multiple of Default for Radial Quadrature Outside of Beta Sphere
  IAQ = Multiple of Default for Angular Quadrature Inside of Beta Sphere
  IRQ = Multiple of Default for Radial Quadrature Inside of Beta Sphere
  MIR = Maximum Integration Radius
------------------------------------------------------------------------------------------------------
Atom A     Time(sec)   NProc      BIM          OAQ                     ORQ      IAQ      IRQ      MIR
------------------------------------------------------------------------------------------------------
C1             16        8     Proaim(5)    4500(GS4)                  1.00     1.00     1.00    13.00
C2             16        8     Proaim(5)    4500(GS4)                  1.00     1.00     1.00    13.00
C3             18        8     Proaim(5)    4500(GS4)                  1.00     1.00     1.00    13.00
C4             18        8     Proaim(5)    4500(GS4)                  1.00     1.00     1.00    13.00
H5              4        8     Proaim(5)    1800(GS4)                  1.00     1.00     1.00    13.00
H6              4        8     Proaim(5)    1800(GS4)                  1.00     1.00     1.00    13.00
H7              5        8     Proaim(5)    1800(GS4)                  1.00     1.00     1.00    13.00
H8              9        8     Proaim(5)    4500(GS4)                  1.00     1.00     1.00    13.00
H9              4        8     Proaim(5)    1800(GS4)                  1.00     1.00     1.00    13.00
H10            10        8     Proaim(5)    4500(GS4)                  1.00     1.00     1.00    13.00
H11             4        8     Proaim(5)    1800(GS4)                  1.00     1.00     1.00    13.00
N12            16        8     Proaim(5)    4500(GS4)                  1.00     1.00     1.00    13.00
C13            15        8     Proaim(5)    4500(GS4)                  1.00     1.00     1.00    13.00
N14            14        8     Proaim(5)    4500(GS4)                  1.00     1.00     1.00    13.00
N15            17        8     Proaim(5)    4500(GS4)                  1.00     1.00     1.00    13.00
------------------------------------------------------------------------------------------------------
Total         170
Note:  Total wall clock time is less than total of atomic times if more than one atom
       was calculated at a time
 
Electron Density Critical Point Analysis of Molecular Structure:               
---------------------------------------------------------------                
  NACP = Nuclear Attractor Critical Point                                      
  NNACP = Non-Nuclear Attractor Critical Point                                 
  BCP = Bond Critical Point                                                    
  RCP = Ring Critical Point                                                    
  CCP = Cage Critical Point                                                    
  Rho = Electron Density                                                       
  GradRho = Gradient of Electron Density                                       
  HessRho_EigVals = Eigenvalues of the Hessian of Rho, Ascending Order         
  HessRho_EigVecs = Eigenvectors of the Hessian of Rho                         
  DelSqRho = Laplacian of Rho = Trace of Hessian of Rho                        
  Bond Ellipticity = (HessRho_EigVal(1) / HessRho_EigVal(2)) - 1               
  V = Virial Field = Potential Energy Density = Trace of Stress Tensor         
  G = Lagrangian Form of Kinetic Energy Density                                
  K = Hamiltonian Form of Kinetic Energy Density                               
  L = K - G = Lagrangian Density = (-1/4)DelSqRho                              
  Vnuc = Electrostatic Potential from Nuclei                                   
  Ven = Electron-nuclear attractive contribution to Virial Field V             
  Vrep = V - Ven = Repulsive contribution to Virial Field V                    
  DelSqV = Laplacian of V                                                      
  DelSqVen = Laplacian of Ven                                                  
  DelSqVrep = Laplacian of Vrep                                                
  DelSqG = Laplacian of G                                                      
  DelSqK = Laplacian of K                                                      
  Stress_EigVals = Eigenvalues of Stress Tensor, Ascending Order               
  Stress_EigVecs = Eigenvectors of Stress Tensor                               
  -DivStress = Ehrenfest Force Density = Minus Divergence of Stress Tensor     
  ESP = Total Electrostatic Potential                                          
  ESPe = Electrostatic Potential from Electrons                                
  ESPn = Electrostatic Potential from Nuclei                                   
  BP = Bond Path                                                               
  BPL = Bond Path Length                                                       
  GBL = Geometric Bond Length                                                  
  GBL_I = Distance Between Nuclear Attractors                                  
  GBL_II = Distance Between Nuclei                                             
  GBL_III = Sum of Distances Between BCP and Nuclear Attractors                
  GBL_IV = Sum of Distances Between BCP and Nuclei                             

CP# 1      Coords = -4.78794021869081E+00  1.13355554336269E+00 -9.09410855962963E-03
           Type = (3,-3) NACP C1
           Rho =  1.1766677857E+02     Rho at Nucleus =  1.1766677820E+02
           GradRho =  3.1390906541E-10 -2.5143394033E-09  1.6092292429E-12
           HessRho_EigVals = -1.4497439281E+05 -1.4497297391E+05 -1.4497256193E+05
           HessRho_EigVec1 = -4.9335876984E-03 -5.8655083393E-05  9.9998782806E-01
           HessRho_EigVec2 =  5.0895334314E-02  9.9870394464E-01  3.0967942783E-04
           HessRho_EigVec3 =  9.9869180664E-01 -5.0896242650E-02  4.9242082255E-03
           DelSqRho = -4.3491992865E+05
           Bond Ellipticity = NA
           V = -1.0874025823E+05
           G =  5.1380343771E+00
           K =  1.0873512020E+05
           L =  1.0872998216E+05
           Vnuc =  2.6453932771E+06
           Ven = -3.1127490497E+08
           Vrep =  3.1116616471E+08
           DelSqV =  2.4947100158E+09
           DelSqVen =  1.1505341809E+12
           DelSqVrep = -1.1480394790E+12
           DelSqG =  1.3398531654E+08
           DelSqK = -2.6286953324E+09
           Stress_EigVals = -3.6247052291E+04 -3.6246929708E+04 -3.6246276233E+04
           Stress_EigVec1 =  9.8492958813E-01 -1.7288763184E-01  4.8552222155E-03
           Stress_EigVec2 =  1.7288526944E-01  9.8494155361E-01  9.0531045342E-04
           Stress_EigVec3 = -4.9386270925E-03 -5.2270651105E-05  9.9998780354E-01
           -DivStress = -2.5411359188E+02  1.8301485639E+03 -1.1737156270E+00
           ESP =  -1.4657765615E+01     ESP at Nucleus =  -1.4657765631E+01
           ESPe = -2.6323996649E+01     ESPe at Nucleus = -2.6323994087E+01
           ESPn =  1.1666231034E+01     ESPn at Nucleus =  1.1666228455E+01

CP# 2      Coords = -2.49632443054714E+00 -2.43304848081731E+00  2.02055621579248E-03
           Type = (3,-3) NACP C2
           Rho =  1.1764226331E+02     Rho at Nucleus =  1.1764226292E+02
           GradRho = -9.1875673736E-10  2.5338005305E-09 -4.5212548982E-12
           HessRho_EigVals = -1.4492809842E+05 -1.4492705172E+05 -1.4492640921E+05
           HessRho_EigVec1 = -4.8712775142E-03 -2.4651435647E-05  9.9998813495E-01
           HessRho_EigVec2 =  9.9926374714E-01 -3.8056245243E-02  4.8668106260E-03
           HessRho_EigVec3 =  3.8055673730E-02  9.9927559842E-01  2.1001581768E-04
           DelSqRho = -4.3478155935E+05
           Bond Ellipticity = NA
           V = -1.0870562806E+05
           G =  5.1191098908E+00
           K =  1.0870050895E+05
           L =  1.0869538984E+05
           Vnuc =  2.5958356789E+06
           Ven = -3.0537998445E+08
           Vrep =  3.0527127882E+08
           DelSqV =  2.4939016376E+09
           DelSqVen =  1.1286214410E+12
           DelSqVrep = -1.1261275394E+12
           DelSqG =  1.3392697381E+08
           DelSqK = -2.6278286115E+09
           Stress_EigVals = -3.6235524626E+04 -3.6235329454E+04 -3.6234773977E+04
           Stress_EigVec1 =  4.1945341221E-02  9.9911988200E-01  2.2301960623E-04
           Stress_EigVec2 =  9.9910793991E-01 -4.1945930278E-02  4.8850126314E-03
           Stress_EigVec3 = -4.8900680087E-03 -1.7917137643E-05  9.9998804339E-01
           -DivStress =  6.2316529229E+02 -1.7735210321E+03  3.0622460148E+00
           ESP =  -1.4649216840E+01     ESP at Nucleus =  -1.4649216855E+01
           ESPe = -2.6903892427E+01     ESPe at Nucleus = -2.6903888919E+01
           ESPn =  1.2254675588E+01     ESPn at Nucleus =  1.2254672064E+01

CP# 3      Coords =  6.71684998752866E+00 -1.24956708692955E+00 -4.68834231988406E-03
           Type = (3,-3) NACP C3
           Rho =  1.1768256414E+02     Rho at Nucleus =  1.1768256406E+02
           GradRho =  1.4530864012E-10 -2.4905617152E-10 -6.1623018428E-13
           HessRho_EigVals = -1.4501169083E+05 -1.4501061551E+05 -1.4501040545E+05
           HessRho_EigVec1 =  5.2434247893E-03 -1.0543036821E-04  9.9998624760E-01
           HessRho_EigVec2 =  9.4990060149E-01 -3.1251193515E-01 -5.0137495607E-03
           HessRho_EigVec3 =  3.1250816596E-01  9.4991382729E-01 -1.5384844575E-03
           DelSqRho = -4.3503271179E+05
           Bond Ellipticity = NA
           V = -1.0876836244E+05
           G =  5.0922458512E+00
           K =  1.0876327019E+05
           L =  1.0875817795E+05
           Vnuc =  5.5399602562E+06
           Ven = -6.5195672819E+08
           Vrep =  6.5184795983E+08
           DelSqV =  2.4953731903E+09
           DelSqVen =  2.4100639867E+12
           DelSqVrep = -2.4075686135E+12
           DelSqG =  1.3403829944E+08
           DelSqK = -2.6294114898E+09
           Stress_EigVals = -3.6256383790E+04 -3.6256270599E+04 -3.6255708050E+04
           Stress_EigVec1 =  1.6565092714E-01  9.8618414655E-01 -7.7423532968E-04
           Stress_EigVec2 =  9.8617045475E-01 -1.6565270781E-01 -5.1975548462E-03
           Stress_EigVec3 =  5.2540003690E-03 -9.7451771988E-05  9.9998619290E-01
           -DivStress = -3.7952013676E+02  7.9305119071E+02  1.8767325238E+00
           ESP =  -1.4766624862E+01     ESP at Nucleus =  -1.4766624877E+01
           ESPe = -2.3202500074E+01     ESPe at Nucleus = -2.3202501182E+01
           ESPn =  8.4358752116E+00     ESPn at Nucleus =  8.4358763046E+00

CP# 4      Coords =  6.74888035056221E+00  1.26645541152985E+00 -4.64608203072021E-03
           Type = (3,-3) NACP C4
           Rho =  1.1768129623E+02     Rho at Nucleus =  1.1768129614E+02
           GradRho =  1.1675185124E-10  2.7242899603E-10 -6.0487324784E-13
           HessRho_EigVals = -1.4500996411E+05 -1.4500891125E+05 -1.4500869947E+05
           HessRho_EigVec1 =  5.2482441249E-03 -7.3251659171E-05  9.9998622519E-01
           HessRho_EigVec2 =  9.6700365994E-01  2.5471229584E-01 -5.0564828309E-03
           HessRho_EigVec3 = -2.5470841683E-01  9.6701687730E-01  1.4076269327E-03
           DelSqRho = -4.3502757483E+05
           Bond Ellipticity = NA
           V = -1.0876707835E+05
           G =  5.0923214372E+00
           K =  1.0876198603E+05
           L =  1.0875689371E+05
           Vnuc =  5.4183957942E+06
           Ven = -6.3764384053E+08
           Vrep =  6.3753507345E+08
           DelSqV =  2.4953436972E+09
           DelSqVen =  2.3571516621E+12
           DelSqVrep = -2.3546562528E+12
           DelSqG =  1.3403657114E+08
           DelSqK = -2.6293802683E+09
           Stress_EigVals = -3.6255954912E+04 -3.6255839802E+04 -3.6255283636E+04
           Stress_EigVec1 = -1.2232258574E-01  9.9249013419E-01  7.2010202488E-04
           Stress_EigVec2 =  9.9247651656E-01  1.2232468003E-01 -5.1996862489E-03
           Stress_EigVec3 =  5.2487235527E-03 -7.8645282201E-05  9.9998622226E-01
           -DivStress = -3.6566724239E+02 -8.2118492917E+02  1.6414004296E+00
           ESP =  -1.4766338444E+01     ESP at Nucleus =  -1.4766338460E+01
           ESPe = -2.3184946722E+01     ESPe at Nucleus = -2.3184947861E+01
           ESPn =  8.4186082785E+00     ESPn at Nucleus =  8.4186094010E+00

CP# 5      Coords = -6.57199496402041E+00  2.08418993102156E+00 -1.78878557084145E-02
           Type = (3,-3) NACP H5
           Rho =  4.2776842148E-01     Rho at Nucleus =  4.2386209052E-01
           GradRho =  3.9590146959E-10 -2.0621138911E-10  1.9526808420E-12
           HessRho_EigVals = -6.5433356065E+00 -6.5338654510E+00 -5.9088194894E+00
           HessRho_EigVec1 =  4.6562872801E-01  8.8497706230E-01  2.3424039090E-03
           HessRho_EigVec2 = -4.9533732369E-03 -4.0613810549E-05  9.9998773115E-01
           HessRho_EigVec3 =  8.8496629978E-01 -4.6563461808E-01  4.3647107388E-03
           DelSqRho = -1.8986020547E+01
           Bond Ellipticity = NA
           V = -4.7547421182E+00
           G =  4.1184907494E-03
           K =  4.7506236275E+00
           L =  4.7465051367E+00
           Vnuc =  3.8719462601E+01
           Ven = -1.6562963398E+01
           Vrep =  1.1808221279E+01
           DelSqV =  7.1436837264E+02
           DelSqVen =  7.3512851321E+02
           DelSqVrep = -2.0760140561E+01
           DelSqG =  7.0579410768E+01
           DelSqK = -7.8494778341E+02
           Stress_EigVals = -1.6385368625E+00 -1.6368477070E+00 -1.4793575487E+00
           Stress_EigVec1 =  4.6674568920E-01  8.8438846170E-01  2.3474298484E-03
           Stress_EigVec2 = -4.9532177617E-03 -4.0149791109E-05  9.9998773194E-01
           Stress_EigVec3 =  8.8437770621E-01 -4.6675159046E-01  4.3618288948E-03
           -DivStress = -7.2416392708E+00  3.7646864407E+00 -3.5718526097E-02
           ESP =  -1.0595705440E+00     ESP at Nucleus =  -1.0622143483E+00
           ESPe = -1.1892493601E+01     ESPe at Nucleus = -1.1798718059E+01
           ESPn =  1.0832923057E+01     ESPn at Nucleus =  1.0736503711E+01

CP# 6      Coords = -2.40208146142351E+00 -4.44839603097994E+00  2.45929946144275E-03
           Type = (3,-3) NACP H6
           Rho =  4.2974440279E-01     Rho at Nucleus =  4.2567981409E-01
           GradRho =  1.3064636178E-16  7.2294600861E-16 -5.5057141572E-19
           HessRho_EigVals = -6.5721020343E+00 -6.5584349966E+00 -5.9150374207E+00
           HessRho_EigVec1 =  9.9886725697E-01  4.7329866828E-02  4.9078170864E-03
           HessRho_EigVec2 = -4.9127857883E-03 -1.1345798346E-05  9.9998793213E-01
           HessRho_EigVec3 = -4.7329351341E-02  9.9887931382E-01 -2.2118855064E-04
           DelSqRho = -1.9045574452E+01
           Bond Ellipticity = NA
           V = -4.7692982914E+00
           G =  3.9523392612E-03
           K =  4.7653459522E+00
           L =  4.7613936129E+00
           Vnuc =  3.8770980078E+01
           Ven = -1.6661611679E+01
           Vrep =  1.1892313387E+01
           DelSqV =  7.1587042273E+02
           DelSqVen =  7.3841558763E+02
           DelSqVrep = -2.2545164899E+01
           DelSqG =  7.0706241504E+01
           DelSqK = -7.8657666424E+02
           Stress_EigVals = -1.6454414933E+00 -1.6430748064E+00 -1.4807819918E+00
           Stress_EigVec1 =  9.9885007914E-01  4.7690299945E-02  4.9147427904E-03
           Stress_EigVec2 = -4.9197978200E-03 -1.1383207691E-05  9.9998789766E-01
           Stress_EigVec3 = -4.7689778726E-02  9.9886217025E-01 -2.2325651580E-04
           -DivStress =  3.9592145792E-01 -8.3311869005E+00  1.8483918052E-03
           ESP =  -1.0723839547E+00     ESP at Nucleus =  -1.0751088279E+00
           ESPe = -1.2475530906E+01     ESPe at Nucleus = -1.2378399290E+01
           ESPn =  1.1403146951E+01     ESPn at Nucleus =  1.1303290462E+01

CP# 7      Coords =  8.41908947213023E+00 -2.34099467688602E+00 -1.37521334797433E-02
           Type = (3,-3) NACP H7
           Rho =  4.2675132190E-01     Rho at Nucleus =  4.2314853241E-01
           GradRho = -5.9015292653E-15  4.7184478547E-15  3.7648920440E-17
           HessRho_EigVals = -6.5013466967E+00 -6.4951225928E+00 -5.9090421445E+00
           HessRho_EigVec1 =  5.3872389851E-01  8.4247777653E-01 -2.7851784212E-03
           HessRho_EigVec2 =  5.2795299439E-03 -7.0113844530E-05  9.9998606073E-01
           HessRho_EigVec3 =  8.4246583773E-01 -5.3873109353E-01 -4.4856586520E-03
           DelSqRho = -1.8905511434E+01
           Bond Ellipticity = NA
           V = -4.7355409865E+00
           G =  4.5815640051E-03
           K =  4.7309594225E+00
           L =  4.7263778585E+00
           Vnuc =  3.7949312661E+01
           Ven = -1.6194919343E+01
           Vrep =  1.1459378357E+01
           DelSqV =  7.1230289882E+02
           DelSqVen =  7.1745116442E+02
           DelSqVrep = -5.1482656021E+00
           DelSqG =  7.0127813875E+01
           DelSqK = -7.8243071269E+02
           Stress_EigVals = -1.6286952074E+00 -1.6279343502E+00 -1.4789114290E+00
           Stress_EigVec1 =  5.4048944831E-01  8.4134628397E-01 -2.7543999688E-03
           Stress_EigVec2 =  5.2582336965E-03 -1.0418772395E-04  9.9998616997E-01
           Stress_EigVec3 =  8.4133436115E-01 -5.4049645660E-01 -4.4803077463E-03
           -DivStress =  6.5791352457E+00 -4.2186073215E+00 -3.5030887311E-02
           ESP =  -1.1293642585E+00     ESP at Nucleus =  -1.1317638771E+00
           ESPe = -1.0073146606E+01     ESPe at Nucleus = -9.9994637709E+00
           ESPn =  8.9437823477E+00     ESPn at Nucleus =  8.8676998938E+00

CP# 8      Coords =  4.97436607350850E+00 -2.26872844143724E+00  4.37663091974703E-03
           Type = (3,-3) NACP H8
           Rho =  4.2278202450E-01     Rho at Nucleus =  4.1897457549E-01
           GradRho =  3.5543665233E-11  2.0332980091E-11 -1.8490539503E-13
           HessRho_EigVals = -6.4280023237E+00 -6.4213588682E+00 -5.8187762534E+00
           HessRho_EigVec1 = -4.9869266783E-01  8.6677476133E-01  2.6713617131E-03
           HessRho_EigVec2 =  5.2409761048E-03 -6.6555540695E-05  9.9998626378E-01
           HessRho_EigVec3 =  8.6676303291E-01  4.9869981822E-01 -4.5095550523E-03
           DelSqRho = -1.8668137445E+01
           Bond Ellipticity = NA
           V = -4.6761426699E+00
           G =  4.5541542746E-03
           K =  4.6715885156E+00
           L =  4.6670343613E+00
           Vnuc =  3.8686839760E+01
           Ven = -1.6356100435E+01
           Vrep =  1.1679957765E+01
           DelSqV =  7.0220194274E+02
           DelSqVen =  7.2221124203E+02
           DelSqVrep = -2.0009299291E+01
           DelSqG =  6.9032982230E+01
           DelSqK = -7.7123492497E+02
           Stress_EigVals = -1.6102241197E+00 -1.6095294682E+00 -1.4563890820E+00
           Stress_EigVec1 = -5.0012587883E-01  8.6594882639E-01  2.5952627026E-03
           Stress_EigVec2 =  5.1995532433E-03  6.0090328323E-06  9.9998648221E-01
           Stress_EigVec3 =  8.6593710509E-01  5.0013261245E-01 -4.5055523016E-03
           -DivStress = -6.9344704121E+00 -3.9654265891E+00  3.6072575620E-02
           ESP =  -1.1339829749E+00     ESP at Nucleus =  -1.1365178705E+00
           ESPe = -1.1795661954E+01     ESPe at Nucleus = -1.1749217483E+01
           ESPn =  1.0661678979E+01     ESPn at Nucleus =  1.0612699613E+01

CP# 9      Coords =  8.47734561321243E+00  2.31582125450382E+00 -1.36258695377029E-02
           Type = (3,-3) NACP H9
           Rho =  4.2675287964E-01     Rho at Nucleus =  4.2315124736E-01
           GradRho = -1.2503886815E-14 -5.7471388759E-15  4.2785328232E-17
           HessRho_EigVals = -6.5012320075E+00 -6.4949523325E+00 -5.9090327520E+00
           HessRho_EigVec1 = -5.1773269071E-01  8.5553778422E-01  2.8214792161E-03
           HessRho_EigVec2 =  5.2610099182E-03 -1.1413093803E-04  9.9998615428E-01
           HessRho_EigVec3 =  8.5552626070E-01  5.1774036616E-01 -4.4419034506E-03
           DelSqRho = -1.8905217092E+01
           Bond Ellipticity = NA
           V = -4.7354761885E+00
           G =  4.5859577307E-03
           K =  4.7308902307E+00
           L =  4.7263042730E+00
           Vnuc =  3.7935321509E+01
           Ven = -1.6189007694E+01
           Vrep =  1.1453531506E+01
           DelSqV =  7.1229514940E+02
           DelSqVen =  7.1717548858E+02
           DelSqVrep = -4.8803391740E+00
           DelSqG =  7.0125453566E+01
           DelSqK = -7.8242060297E+02
           Stress_EigVals = -1.6286592661E+00 -1.6279072123E+00 -1.4789097102E+00
           Stress_EigVec1 = -5.1951330112E-01  8.5445783689E-01  2.7811746631E-03
           Stress_EigVec2 =  5.2354692844E-03 -7.1671890598E-05  9.9998629227E-01
           Stress_EigVec3 =  8.5444632355E-01  5.1952074052E-01 -4.4362532594E-03
           -DivStress =  6.6807722550E+00  4.0531489608E+00 -3.4681569031E-02
           ESP =  -1.1291106104E+00     ESP at Nucleus =  -1.1315095929E+00
           ESPe = -1.0054385016E+01     ESPe at Nucleus = -9.9807325458E+00
           ESPn =  8.9252744055E+00     ESPn at Nucleus =  8.8492229529E+00

CP# 10     Coords =  5.03253041265036E+00  2.32930798141044E+00  4.45228599601010E-03
           Type = (3,-3) NACP H10
           Rho =  4.2326163236E-01     Rho at Nucleus =  4.1947347403E-01
           GradRho =  1.2989956333E-12 -7.8816640714E-13 -6.8907417749E-15
           HessRho_EigVals = -6.4367236460E+00 -6.4300477108E+00 -5.8290086913E+00
           HessRho_EigVec1 =  5.2036340056E-01  8.5394087740E-01 -2.6285486283E-03
           HessRho_EigVec2 =  5.2319880273E-03 -1.1010416358E-04  9.9998630700E-01
           HessRho_EigVec3 =  8.5392889497E-01 -5.2037002776E-01 -4.5251026236E-03
           DelSqRho = -1.8695780048E+01
           Bond Ellipticity = NA
           V = -4.6830575749E+00
           G =  4.5562814340E-03
           K =  4.6785012935E+00
           L =  4.6739450120E+00
           Vnuc =  3.8726704061E+01
           Ven = -1.6391527977E+01
           Vrep =  1.1708470402E+01
           DelSqV =  7.0335602320E+02
           DelSqVen =  7.2402594112E+02
           DelSqVrep = -2.0669917921E+01
           DelSqG =  6.9158011222E+01
           DelSqK = -7.7251403442E+02
           Stress_EigVals = -1.6124076544E+00 -1.6117182686E+00 -1.4589316519E+00
           Stress_EigVec1 =  5.2175501104E-01  8.5309153074E-01 -2.5590309999E-03
           Stress_EigVec2 =  5.1918337802E-03 -1.7567730447E-04  9.9998650691E-01
           Stress_EigVec3 =  8.5307957033E-01 -5.2176125701E-01 -4.5207699408E-03
           -DivStress = -6.8197880090E+00  4.1310172911E+00  3.6128342974E-02
           ESP =  -1.1334666950E+00     ESP at Nucleus =  -1.1359866999E+00
           ESPe = -1.1741692681E+01     ESPe at Nucleus = -1.1694466609E+01
           ESPn =  1.0608225986E+01     ESPn at Nucleus =  1.0558479909E+01

CP# 11     Coords = -2.44280713876205E+00  4.48701442682721E+00  2.62957429775352E-03
           Type = (3,-3) NACP H11
           Rho =  4.2663421120E-01     Rho at Nucleus =  4.2269921385E-01
           GradRho =  8.9511731360E-16 -1.4840559337E-15 -5.4210108624E-19
           HessRho_EigVals = -6.5193882047E+00 -6.5097780241E+00 -5.8847905204E+00
           HessRho_EigVec1 =  9.9932917832E-01 -3.6294217377E-02  4.8911289507E-03
           HessRho_EigVec2 = -4.8962326944E-03 -5.1740456955E-05  9.9998801204E-01
           HessRho_EigVec3 =  3.6293529215E-02  9.9934114651E-01  2.2941068208E-04
           DelSqRho = -1.8913956749E+01
           Bond Ellipticity = NA
           V = -4.7369388500E+00
           G =  4.2248313340E-03
           K =  4.7327140186E+00
           L =  4.7284891873E+00
           Vnuc =  3.8990972532E+01
           Ven = -1.6634882810E+01
           Vrep =  1.1897943960E+01
           DelSqV =  7.1142711316E+02
           DelSqVen =  7.3747356808E+02
           DelSqVrep = -2.6046454920E+01
           DelSqG =  7.0235356483E+01
           DelSqK = -7.8166246965E+02
           Stress_EigVals = -1.6325353860E+00 -1.6312138243E+00 -1.4731896397E+00
           Stress_EigVec1 =  9.9935803337E-01 -3.5487964020E-02  4.9117756044E-03
           Stress_EigVec2 = -4.9166817715E-03 -5.0980558534E-05  9.9998791175E-01
           Stress_EigVec3 =  3.5487284628E-02  9.9937010252E-01  2.2543085652E-04
           -DivStress =  3.4036061629E-01  8.1697401257E+00  2.0831635106E-03
           ESP =  -1.0609652560E+00     ESP at Nucleus =  -1.0636381895E+00
           ESPe = -1.2319456226E+01     ESPe at Nucleus = -1.2225556223E+01
           ESPn =  1.1258490970E+01     ESPn at Nucleus =  1.1161918033E+01

CP# 12     Coords = -2.82328910551767E-01  1.28671413303844E+00  1.30117421283088E-02
           Type = (3,-3) NACP N12
           Rho =  1.9136879904E+02     Rho at Nucleus =  1.9136876689E+02
           GradRho = -5.2295945352E-12 -3.3275271427E-11  1.7135425023E-13
           HessRho_EigVals = -3.2201444240E+05 -3.2201267599E+05 -3.2200267348E+05
           HessRho_EigVec1 = -4.8713404859E-03 -9.1391886281E-05  9.9998813077E-01
           HessRho_EigVec2 = -3.8070453016E-01  9.2469504575E-01 -1.7700527756E-03
           HessRho_EigVec3 =  9.2468390857E-01  3.8070863402E-01  4.5392977186E-03
           DelSqRho = -9.6602979187E+05
           Bond Ellipticity = NA
           V = -2.4153992994E+05
           G =  1.6240987458E+01
           K =  2.4152368895E+05
           L =  2.4150744797E+05
           Vnuc =  4.9539407314E+05
           Ven = -9.4802968828E+07
           Vrep =  9.4561428898E+07
           DelSqV =  7.5838916140E+09
           DelSqVen =  4.7856543309E+11
           DelSqVrep = -4.7098154147E+11
           DelSqG =  4.0646281475E+08
           DelSqK = -7.9903544288E+09
           Stress_EigVals = -8.0514927652E+04 -8.0512837282E+04 -8.0512165008E+04
           Stress_EigVec1 =  9.3698140756E-01  3.4934900288E-01  4.5952221344E-03
           Stress_EigVec2 = -3.4934519096E-01  9.3699267266E-01 -1.6336864901E-03
           Stress_EigVec3 = -4.8764162155E-03 -7.4584887042E-05  9.9998810743E-01
           -DivStress =  2.9185932273E+04  1.9062376730E+04  1.4277032288E+02
           ESP =  -1.8296204745E+01     ESP at Nucleus =  -1.8296206217E+01
           ESPe = -3.0299534795E+01     ESPe at Nucleus = -3.0299512780E+01
           ESPn =  1.2003330050E+01     ESPn at Nucleus =  1.2003306563E+01

CP# 13     Coords = -2.50601528020730E+00  2.47071365000294E+00  2.21266645698524E-03
           Type = (3,-3) NACP C13
           Rho =  1.1766180679E+02     Rho at Nucleus =  1.1766180656E+02
           GradRho =  9.1734875252E-10 -7.8586737118E-10  4.3918610068E-12
           HessRho_EigVals = -1.4496819577E+05 -1.4496709897E+05 -1.4496674430E+05
           HessRho_EigVec1 = -4.8931491382E-03 -6.8386118668E-05  9.9998802614E-01
           HessRho_EigVec2 =  8.9615142012E-01 -4.4372702050E-01  4.3547099231E-03
           HessRho_EigVec3 =  4.4372140958E-01  8.9616199797E-01  2.2325068053E-03
           DelSqRho = -4.3490203904E+05
           Bond Ellipticity = NA
           V = -1.0873590468E+05
           G =  5.1974584324E+00
           K =  1.0873070722E+05
           L =  1.0872550976E+05
           Vnuc =  3.3890920942E+06
           Ven = -3.9876669918E+08
           Vrep =  3.9865796328E+08
           DelSqV =  2.4946094351E+09
           DelSqVen =  1.4739231048E+12
           DelSqVrep = -1.4714284953E+12
           DelSqG =  1.3398014688E+08
           DelSqK = -2.6285895820E+09
           Stress_EigVals = -3.6245568285E+04 -3.6245451927E+04 -3.6244884464E+04
           Stress_EigVec1 =  3.1049031160E-01  9.5057522525E-01  1.5835226966E-03
           Stress_EigVec2 =  9.5056392352E-01 -3.1049434262E-01  4.6357856551E-03
           Stress_EigVec3 = -4.8983378320E-03 -6.5873014859E-05  9.9998800090E-01
           -DivStress = -1.0776529805E+03  9.6346551457E+02 -5.2694667894E+00
           ESP =  -1.4670927874E+01     ESP at Nucleus =  -1.4670927885E+01
           ESPe = -2.6661432785E+01     ESPe at Nucleus = -2.6661430366E+01
           ESPn =  1.1990504911E+01     ESPn at Nucleus =  1.1990502481E+01

CP# 14     Coords = -4.80197793506565E+00 -1.37762709927175E+00 -9.29024938961692E-03
           Type = (3,-3) NACP N14
           Rho =  1.9125261589E+02     Rho at Nucleus =  1.9125259155E+02
           GradRho = -1.2382272985E-10 -2.5396434955E-11  2.2320340021E-13
           HessRho_EigVals = -3.2183159159E+05 -3.2182897705E+05 -3.2182082315E+05
           HessRho_EigVec1 = -4.9414144264E-03 -2.0795171376E-05  9.9998779092E-01
           HessRho_EigVec2 = -5.4574382648E-01  8.3794778890E-01 -2.6793538619E-03
           HessRho_EigVec3 =  8.3793750261E-01  5.4575040325E-01  4.1519961290E-03
           DelSqRho = -9.6548139179E+05
           Bond Ellipticity = NA
           V = -2.4140347184E+05
           G =  1.6561947282E+01
           K =  2.4138690989E+05
           L =  2.4137034795E+05
           Vnuc =  5.6912861235E+05
           Ven = -1.0884733589E+08
           Vrep =  1.0860593242E+08
           DelSqV =  7.5796396097E+09
           DelSqVen =  5.4948308544E+11
           DelSqVrep = -5.4190344583E+11
           DelSqG =  4.0625101390E+08
           DelSqK = -7.9858906236E+09
           Stress_EigVals = -8.0469205014E+04 -8.0467609920E+04 -8.0466656908E+04
           Stress_EigVec1 =  8.3734741840E-01  5.4665536653E-01  4.1486309508E-03
           Stress_EigVec2 = -5.4664883562E-01  8.3735769497E-01 -2.6722993580E-03
           Stress_EigVec3 = -4.9347148353E-03 -3.0201310053E-05  9.9998782376E-01
           -DivStress = -2.5124806857E+04 -1.6960383502E+04 -1.2472621468E+02
           ESP =  -1.8317383228E+01     ESP at Nucleus =  -1.8317384347E+01
           ESPe = -2.9330714154E+01     ESPe at Nucleus = -2.9330691024E+01
           ESPn =  1.1013330926E+01     ESPn at Nucleus =  1.1013306677E+01

CP# 15     Coords = -2.73944025665265E-01 -1.23806950016725E+00  1.29419935455702E-02
           Type = (3,-3) NACP N15
           Rho =  1.9136213901E+02     Rho at Nucleus =  1.9136210695E+02
           GradRho =  7.0001782149E-12 -3.6672886949E-12 -1.4203221932E-13
           HessRho_EigVals = -3.2200526476E+05 -3.2200460421E+05 -3.2199479357E+05
           HessRho_EigVec1 = -4.8170853610E-03  1.4820751399E-04  9.9998838679E-01
           HessRho_EigVec2 =  3.7036466876E-01  9.2888497749E-01  1.6464296111E-03
           HessRho_EigVec3 =  9.2887394614E-01 -3.7036829863E-01  4.5294090539E-03
           DelSqRho = -9.6600466254E+05
           Bond Ellipticity = NA
           V = -2.4153377491E+05
           G =  1.6304637218E+01
           K =  2.4151747027E+05
           L =  2.4150116564E+05
           Vnuc =  4.9605076940E+05
           Ven = -9.4925336289E+07
           Vrep =  9.4683802514E+07
           DelSqV =  7.5837015733E+09
           DelSqVen =  4.7918735578E+11
           DelSqVrep = -4.7160365414E+11
           DelSqG =  4.0645633541E+08
           DelSqK = -7.9901579087E+09
           Stress_EigVals = -8.0512757122E+04 -8.0510705544E+04 -8.0510312244E+04
           Stress_EigVec1 =  9.4250961307E-01 -3.3414747224E-01  4.5930450904E-03
           Stress_EigVec2 =  3.3414365920E-01  9.4252080396E-01  1.5965946328E-03
           Stress_EigVec3 = -4.8625386120E-03  2.9931103748E-05  9.9998817734E-01
           -DivStress =  2.8727655398E+04 -1.9665279291E+04  1.3926501603E+02
           ESP =  -1.8306361585E+01     ESP at Nucleus =  -1.8306363053E+01
           ESPe = -3.0351337184E+01     ESPe at Nucleus = -3.0351315119E+01
           ESPn =  1.2044975598E+01     ESPn at Nucleus =  1.2044952066E+01

CP# 16     Coords = -2.51465563396398E+00 -2.34711811101638E-03  2.02525767232849E-03
           Type = (3,+1) RCP C1 C13 N12 N15 C2 N14
           Rho =  2.4990184743E-02
           GradRho =  4.8192786567E-17  2.6373217846E-17  2.2542193704E-18
           HessRho_EigVals = -2.2707846354E-02  9.5010241274E-02  1.3130379731E-01
           HessRho_EigVec1 = -4.9033485068E-03 -4.6166619364E-05  9.9998797745E-01
           HessRho_EigVec2 =  9.7689825698E-01  2.1365101348E-01  4.7999938629E-03
           HessRho_EigVec3 = -2.1364866645E-01  9.7691004822E-01 -1.0025052879E-03
           DelSqRho =  2.0360619223E-01
           Bond Ellipticity = NA
           V = -3.0073233398E-02
           G =  4.0487390727E-02
           K = -1.0414157330E-02
           L = -5.0901548057E-02
           Vnuc =  1.7709576481E+01
           Ven = -4.4256558799E-01
           Vrep =  4.1249235459E-01
           DelSqV = -2.4948680549E-01
           DelSqVen = -3.6057794333E+00
           DelSqVrep =  3.3562926278E+00
           DelSqG =  2.3761959503E-01
           DelSqK =  1.1867210461E-02
           Stress_EigVals = -1.2043309601E-02 -1.0013599289E-02 -8.0163245070E-03
           Stress_EigVec1 = -4.9068690071E-03 -4.7335531376E-05  9.9998796013E-01
           Stress_EigVec2 = -1.4928764053E-01  9.8879357307E-01 -6.8573808343E-04
           Stress_EigVec3 =  9.8878163566E-01  1.4928920795E-01  4.8589471479E-03
           -DivStress = -3.6351607630E-03  1.4724718755E-03 -1.7761628549E-05
           ESP =   2.3149788991E-01
           ESPe = -1.7478078591E+01
           ESPn =  1.7709576481E+01

CP# 17     Coords = -4.76279331956727E+00  2.52485923100228E-01 -9.01719392651755E-03
           Type = (3,-1) BCP C1 N14
           Rho =  3.5192554456E-01
           GradRho = -2.5153490402E-15  6.6627259265E-14 -1.0083080204E-17
           HessRho_EigVals = -7.6982048489E-01 -7.0318077704E-01  4.3619260664E-01
           HessRho_EigVec1 =  9.9993409181E-01  1.0352102033E-02  4.9644756352E-03
