AIMSum (Version 19.02.13, Professional)
Copyright (c) 1997-2019 by Todd A. Keith
AIMSum is a component of the AIMAll package ( http://aim.tkgristmill.com )

TP:  64-bit Linux

Much of the Quantum Theory of Atoms in Molecules (QTAIM) is described in the book:
  "Atoms in Molecules - A Quantum Theory"
  R.F.W. Bader, Oxford University Press, Oxford, 1990

For additional references see:  http://aim.tkgristmill.com/references.html

Wfn File:  /home/mhennefarth/Documents/ML_Diels/summary-N-hayden2009/43-opt/43-opt.wfn
Sum File:  /home/mhennefarth/Documents/ML_Diels/summary-N-hayden2009/43-opt/43-opt.sum

SumViz File:  /home/mhennefarth/Documents/ML_Diels/summary-N-hayden2009/43-opt/43-opt.sumviz

Wfn Title:   Title Card Required                                                           
 
Total memory allocated for AIMSum =        0.743 Megabytes

Atomic units (a.u.) used throughout, except where stated otherwise

Model:  Restricted SCF
 
Restricted, closed-shell, single-determinant wavefunction.
  Number of electrons (from MO Occs)                   =          58.0000000000
  Number of Alpha electrons (from MO Occs)             =          29.0000000000
  Number of Beta electrons (from MO Occs)              =          29.0000000000
  Number of electron pairs (N*(N-1)/2)                 =        1653.0000000000
  Number of electron pairs (from Muller 2EDM)          =        1653.0000000000
 
Nuclear Charges and Cartesian Coordinates:
-------------------------------------------------------------------------------
Atom      Charge                X                  Y                  Z
-------------------------------------------------------------------------------
C1         6.0           2.0829437300E+00   2.2009670700E+00  -1.0407381800E+00
C2         6.0           2.2306634600E+00  -2.0244957100E+00  -1.2774966700E+00
C3         6.0           1.6715162300E+00  -1.3191209000E-01   2.4702270700E+00
C4         6.0          -5.2283358700E+00  -1.2970609300E+00  -1.4966168000E-01
C5         6.0          -5.2491357500E+00   1.2190924300E+00  -1.1766089000E-01
H6         1.0           2.1544447200E+00   4.0402175300E+00  -1.9591569200E+00
H7         1.0           2.4263031500E+00  -3.7405445100E+00  -2.3948153500E+00
H8         1.0           1.4063306700E+00  -2.5528077000E-01   4.5067255900E+00
H9         1.0          -6.1118486900E+00  -2.3679392700E+00  -1.6650140500E+00
H10        1.0          -4.3283606200E+00  -2.3969203100E+00   1.3346154400E+00
H11        1.0          -6.1508929000E+00   2.3125375300E+00  -1.6059800300E+00
H12        1.0          -4.3664438900E+00   2.2954827400E+00   1.3938900400E+00
N13        7.0           1.7405779500E+00   2.1834562700E+00   1.4628077100E+00
N14        7.0           2.3516734900E+00   1.7128772000E-01  -2.5192370800E+00
N15        7.0           1.8969709600E+00  -2.3100436400E+00   1.2109604200E+00
 
Some Atomic Properties:
----------------------
  q(A) = Net Charge of Atom A
  L(A) = Lagrangian of Atom A = -(1/4) Times Atomic Integral of the Laplacian of the Electron Density
  K(A) = Electronic Kinetic Energy of Atom A (Hamiltonian Form)
  K_Scaled(A) = K(A) * E(Mol)/K(Mol) = Approximation to Virial-Based Total Energy of Atom A.
  |Mu_Intra(A)| = Magnitude of Intraatomic Dipole Moment of Atom A
--------------------------------------------------------------------------------------------------
Atom A          q(A)              L(A)              K(A)          K_Scaled(A)      |Mu_Intra(A)|
--------------------------------------------------------------------------------------------------
C1        1.1437938328E+00  2.0581240609E-05  3.7035854706E+01 -3.7390330426E+01  6.4280602696E-01
C2        1.1434188666E+00 -1.9112268771E-04  3.7035826838E+01 -3.7390302292E+01  6.4306366499E-01
C3        1.1413714605E+00  8.6152020098E-05  3.7037699913E+01 -3.7392193294E+01  6.4318676169E-01
C4       -8.2486238100E-02 -4.6471070397E-06  3.7694637078E+01 -3.8055418103E+01  8.9038792365E-02
C5       -8.2545526500E-02  6.6886990544E-05  3.7694871715E+01 -3.8055654986E+01  9.0587282026E-02
H6        8.3378546800E-02  1.6737647338E-05  5.8902239708E-01 -5.9466001879E-01  1.4240706173E-01
H7        8.3478563530E-02  2.3955268443E-05  5.8896144339E-01 -5.9459848170E-01  1.4240301033E-01
H8        8.2050640100E-02  2.1583793439E-05  5.8950645281E-01 -5.9514870750E-01  1.4252921904E-01
H9        4.0208471270E-02  2.0899785131E-05  5.9559527769E-01 -6.0129580943E-01  1.4705393815E-01
H10       4.3326797830E-02  3.0568797854E-05  5.9458094775E-01 -6.0027177119E-01  1.4404360437E-01
H11       4.0057739940E-02  2.0938450676E-05  5.9564929770E-01 -6.0135034648E-01  1.4708334322E-01
H12       4.4843130970E-02  1.3684406269E-05  5.9402639220E-01 -5.9971190791E-01  1.4351813989E-01
N13      -1.2286627824E+00  5.8521392657E-05  5.4967491919E+01 -5.5493594029E+01  6.4718616146E-02
N14      -1.2241342529E+00  2.4646416091E-05  5.4969092999E+01 -5.5495210434E+01  6.8728094626E-02
N15      -1.2279130215E+00  4.7250003093E-05  5.4967379994E+01 -5.5493481033E+01  6.5146266897E-02
--------------------------------------------------------------------------------------------------
Total     1.8622894000E-04  2.5663641749E-04  3.5555019737E+02 -3.5895322164E+02
 
1st Largest |L(A)| = 1.9112268771E-04, atom C2      
2nd Largest |L(A)| = 8.6152020098E-05, atom C3      
 
Molecular charge q(Mol) from the wfn file:   0.0000000000E+00
Molecular energy E(Mol) from the wfn file:  -3.5895318289E+02
Molecular virial ratio (-V(Mol)/T(Mol)) from the wfn file:   2.0095711500E+00
Note.  K_Scaled(A) = (1+V(Mol)/T(Mol))*K(A) = (E(Mol)/T(Mol))*K(A)
       Only use K_Scaled(A) data with caution.
 
N_AIMInt(SumA)     =         57.999814
N_Analytic(Mol)    =         57.999994
 
G_AIMInt(SumA)     =        355.549941
G_Analytic(Mol)    =        355.550145
 
K_AIMInt(SumA)     =        355.550197
K_Analytic(Mol)    =        355.550145
 
L_AIMInt(SumA)     =          0.000257
L_Analytic(Mol)    =          0.000000
 
VenT_AIMInt(SumA)  =      -1494.142503
VenT_Analytic(Mol) =      -1494.145131
 
Some Information About the Atomic Calculations:
----------------------------------------------
  Time(sec) = "Elapsed User Time", in Seconds, for Atom A by AIMInt and, if used, by TWOe
  NProc = Number of Processors Used for AIMInt Job
  BIM = Basin Integration Method
  OAQ = Angular Quadrature Outside of Beta Sphere
  ORQ = Multiple of Default for Radial Quadrature Outside of Beta Sphere
  IAQ = Multiple of Default for Angular Quadrature Inside of Beta Sphere
  IRQ = Multiple of Default for Radial Quadrature Inside of Beta Sphere
  MIR = Maximum Integration Radius
------------------------------------------------------------------------------------------------------
Atom A     Time(sec)   NProc      BIM          OAQ                     ORQ      IAQ      IRQ      MIR
------------------------------------------------------------------------------------------------------
C1             19        8     Proaim(5)    4500(GS4)                  1.00     1.00     1.00    13.00
C2             20        8     Proaim(5)    4500(GS4)                  1.00     1.00     1.00    13.00
C3             20        8     Proaim(5)    4500(GS4)                  1.00     1.00     1.00    13.00
C4             22        8     Proaim(5)    4500(GS4)                  1.00     1.00     1.00    13.00
C5             21        8     Proaim(5)    4500(GS4)                  1.00     1.00     1.00    13.00
H6              5        8     Proaim(5)    1800(GS4)                  1.00     1.00     1.00    13.00
H7              5        8     Proaim(5)    1800(GS4)                  1.00     1.00     1.00    13.00
H8              5        8     Proaim(5)    1800(GS4)                  1.00     1.00     1.00    13.00
H9              6        8     Proaim(5)    1800(GS4)                  1.00     1.00     1.00    13.00
H10            15        8     Proaim(5)    4500(GS4)                  1.00     1.00     1.00    13.00
H11             6        8     Proaim(5)    1800(GS4)                  1.00     1.00     1.00    13.00
H12            17        8     Proaim(5)    4500(GS4)                  1.00     1.00     1.00    13.00
N13            25        8     Proaim(5)    4500(GS4)                  1.00     1.00     1.00    13.00
N14            15        8     Proaim(5)    4500(GS4)                  1.00     1.00     1.00    13.00
N15            23        8     Proaim(5)    4500(GS4)                  1.00     1.00     1.00    13.00
------------------------------------------------------------------------------------------------------
Total         224
Note:  Total wall clock time is less than total of atomic times if more than one atom
       was calculated at a time
 
Electron Density Critical Point Analysis of Molecular Structure:               
---------------------------------------------------------------                
  NACP = Nuclear Attractor Critical Point                                      
  NNACP = Non-Nuclear Attractor Critical Point                                 
  BCP = Bond Critical Point                                                    
  RCP = Ring Critical Point                                                    
  CCP = Cage Critical Point                                                    
  Rho = Electron Density                                                       
  GradRho = Gradient of Electron Density                                       
  HessRho_EigVals = Eigenvalues of the Hessian of Rho, Ascending Order         
  HessRho_EigVecs = Eigenvectors of the Hessian of Rho                         
  DelSqRho = Laplacian of Rho = Trace of Hessian of Rho                        
  Bond Ellipticity = (HessRho_EigVal(1) / HessRho_EigVal(2)) - 1               
  V = Virial Field = Potential Energy Density = Trace of Stress Tensor         
  G = Lagrangian Form of Kinetic Energy Density                                
  K = Hamiltonian Form of Kinetic Energy Density                               
  L = K - G = Lagrangian Density = (-1/4)DelSqRho                              
  Vnuc = Electrostatic Potential from Nuclei                                   
  Ven = Electron-nuclear attractive contribution to Virial Field V             
  Vrep = V - Ven = Repulsive contribution to Virial Field V                    
  DelSqV = Laplacian of V                                                      
  DelSqVen = Laplacian of Ven                                                  
  DelSqVrep = Laplacian of Vrep                                                
  DelSqG = Laplacian of G                                                      
  DelSqK = Laplacian of K                                                      
  Stress_EigVals = Eigenvalues of Stress Tensor, Ascending Order               
  Stress_EigVecs = Eigenvectors of Stress Tensor                               
  -DivStress = Ehrenfest Force Density = Minus Divergence of Stress Tensor     
  ESP = Total Electrostatic Potential                                          
  ESPe = Electrostatic Potential from Electrons                                
  ESPn = Electrostatic Potential from Nuclei                                   
  BP = Bond Path                                                               
  BPL = Bond Path Length                                                       
  GBL = Geometric Bond Length                                                  
  GBL_I = Distance Between Nuclear Attractors                                  
  GBL_II = Distance Between Nuclei                                             
  GBL_III = Sum of Distances Between BCP and Nuclear Attractors                
  GBL_IV = Sum of Distances Between BCP and Nuclei                             

CP# 1      Coords =  2.08294362622220E+00  2.20096505043856E+00 -1.04073714829283E+00
           Type = (3,-3) NACP C1
           Rho =  1.1764657265E+02     Rho at Nucleus =  1.1764657227E+02
           GradRho = -1.1147853474E-10 -2.2723686266E-09  1.1675820311E-09
           HessRho_EigVals = -1.4493385719E+05 -1.4493247857E+05 -1.4493182393E+05
           HessRho_EigVec1 =  9.8994708259E-01  2.9372481286E-02  1.3835472889E-01
           HessRho_EigVec2 = -1.3703600293E-01  4.4133628711E-01  8.8681644977E-01
           HessRho_EigVec3 =  3.5012962777E-02  8.9686093628E-01 -4.4092465730E-01
           DelSqRho = -4.3479815969E+05
           Bond Ellipticity = NA
           V = -1.0870966317E+05
           G =  5.0616247921E+00
           K =  1.0870460155E+05
           L =  1.0869953992E+05
           Vnuc =  2.6429490224E+06
           Ven = -3.1093389416E+08
           Vrep =  3.1082518449E+08
           DelSqV =  2.4939954623E+09
           DelSqVen =  1.1491493765E+12
           DelSqVrep = -1.1466553933E+12
           DelSqG =  1.3393210946E+08
           DelSqK = -2.6279275718E+09
           Stress_EigVals = -3.6236896776E+04 -3.6236706729E+04 -3.6236059667E+04
           Stress_EigVec1 =  3.3909019617E-02  8.9753250635E-01 -4.3964255758E-01
           Stress_EigVec2 = -1.3679804430E-01  4.3992343691E-01  8.8755487984E-01
           Stress_EigVec3 =  9.9001842077E-01  3.0046126238E-02  1.3769806402E-01
           -DivStress =  8.5608439315E+01  1.6431356426E+03 -8.3908210868E+02
           ESP =  -1.4644802109E+01     ESP at Nucleus =  -1.4644802122E+01
           ESPe = -2.7256166463E+01     ESPe at Nucleus = -2.7256162529E+01
           ESPn =  1.2611364354E+01     ESPn at Nucleus =  1.2611360406E+01

CP# 2      Coords =  2.23066322308372E+00 -2.02449382841091E+00 -1.27749541942576E+00
           Type = (3,-3) NACP C2
           Rho =  1.1764643188E+02     Rho at Nucleus =  1.1764643151E+02
           GradRho = -2.7173446826E-10  2.1006693052E-09  1.4118389791E-09
           HessRho_EigVals = -1.4493366085E+05 -1.4493228105E+05 -1.4493162638E+05
           HessRho_EigVec1 =  9.9013491706E-01  2.4392563475E-02  1.3797771148E-01
           HessRho_EigVec2 = -1.0238010638E-01 -5.4635505523E-01  8.3127279965E-01
           HessRho_EigVec3 = -9.5661694704E-02  8.3719839732E-01  5.3846790405E-01
           DelSqRho = -4.3479756827E+05
           Bond Ellipticity = NA
           V = -1.0870951486E+05
           G =  5.0613934199E+00
           K =  1.0870445346E+05
           L =  1.0869939207E+05
           Vnuc =  2.6412519855E+06
           Ven = -3.1073387180E+08
           Vrep =  3.1062516228E+08
           DelSqV =  2.4939920414E+09
           DelSqVen =  1.1484099082E+12
           DelSqVrep = -1.1459159162E+12
           DelSqG =  1.3393190414E+08
           DelSqK = -2.6279239455E+09
           Stress_EigVals = -3.6236847445E+04 -3.6236657293E+04 -3.6236010117E+04
           Stress_EigVec1 = -9.4618916511E-02  8.3821103497E-01  5.3707496822E-01
           Stress_EigVec2 = -1.0242430089E-01 -5.4482908362E-01  8.3226830543E-01
           Stress_EigVec3 =  9.9023054044E-01  2.3738797164E-02  1.3740431683E-01
           -DivStress =  1.9382858011E+02 -1.5308352362E+03 -1.0171815099E+03
           ESP =  -1.4644807286E+01     ESP at Nucleus =  -1.4644807299E+01
           ESPe = -2.7228756745E+01     ESPe at Nucleus = -2.7228752791E+01
           ESPn =  1.2583949460E+01     ESPn at Nucleus =  1.2583945492E+01

CP# 3      Coords =  1.67151647052602E+00 -1.31911956988193E-01  2.47022485960299E+00
           Type = (3,-3) NACP C3
           Rho =  1.1764758246E+02     Rho at Nucleus =  1.1764758211E+02
           GradRho =  2.6538822528E-10  1.4399681447E-10 -2.4212712391E-09
           HessRho_EigVals = -1.4493574355E+05 -1.4493437706E+05 -1.4493373387E+05
           HessRho_EigVec1 =  9.9104552341E-01  2.7461856118E-02  1.3066987790E-01
           HessRho_EigVec2 = -3.4988366380E-02  9.9783675001E-01  5.5656397103E-02
           HessRho_EigVec3 = -1.2885877832E-01 -5.9729948761E-02  9.8986248968E-01
           DelSqRho = -4.3480385448E+05
           Bond Ellipticity = NA
           V = -1.0871109005E+05
           G =  5.0632162595E+00
           K =  1.0870602684E+05
           L =  1.0870096362E+05
           Vnuc =  2.6937121427E+06
           Ven = -3.1690872145E+08
           Vrep =  3.1680001036E+08
           DelSqV =  2.4940287274E+09
           DelSqVen =  1.1712364544E+12
           DelSqVrep = -1.1687424421E+12
           DelSqG =  1.3393450727E+08
           DelSqK = -2.6279632347E+09
           Stress_EigVals = -3.6237369229E+04 -3.6237182520E+04 -3.6236538305E+04
           Stress_EigVec1 = -1.2942136987E-01 -5.9662157089E-02  9.8979317841E-01
           Stress_EigVec2 = -3.4841399633E-02  9.9784549290E-01  5.5591808550E-02
           Stress_EigVec3 =  9.9097738919E-01  2.7291011667E-02  1.3122124367E-01
           -DivStress = -1.9515191573E+02 -1.0821723396E+02  1.7985763615E+03
           ESP =  -1.4644581303E+01     ESP at Nucleus =  -1.4644581315E+01
           ESPe = -2.7347621353E+01     ESPe at Nucleus = -2.7347617539E+01
           ESPn =  1.2703040050E+01     ESPn at Nucleus =  1.2703036224E+01

CP# 4      Coords = -5.22833587133093E+00 -1.29706188698872E+00 -1.49661725200991E-01
           Type = (3,-3) NACP C4
           Rho =  1.1767933006E+02     Rho at Nucleus =  1.1767933000E+02
           GradRho =  4.3724964621E-11 -1.9034462895E-10 -9.3182328173E-12
           HessRho_EigVals = -1.4500685220E+05 -1.4500580444E+05 -1.4500559957E+05
           HessRho_EigVec1 =  8.6067064923E-01  1.6473238834E-02 -5.0889553541E-01
           HessRho_EigVec2 =  5.0867463077E-01  1.5905316783E-02  8.6081190797E-01
           HessRho_EigVec3 = -2.2274504851E-02  9.9973779227E-01 -5.3097206402E-03
           DelSqRho = -4.3501825622E+05
           Bond Ellipticity = NA
           V = -1.0876474891E+05
           G =  5.0924258564E+00
           K =  1.0875965648E+05
           L =  1.0875456405E+05
           Vnuc =  6.2626877152E+06
           Ven = -7.3698889472E+08
           Vrep =  7.3688012997E+08
           DelSqV =  2.4952897472E+09
           DelSqVen =  2.7243831624E+12
           DelSqVrep = -2.7218878726E+12
           DelSqG =  1.3403302826E+08
           DelSqK = -2.6293227754E+09
           Stress_EigVals = -3.6255180891E+04 -3.6255060400E+04 -3.6254507615E+04
           Stress_EigVec1 = -1.6047477958E-02  9.9986896877E-01  2.1269110146E-03
           Stress_EigVec2 =  5.1022470186E-01  6.3594719924E-03  8.6001762233E-01
           Stress_EigVec3 =  8.5989140713E-01  1.4886316376E-02 -5.1025989998E-01
           -DivStress =  2.0927630720E+00  7.7713391716E+02  3.6554667914E+01
           ESP =  -1.4742770017E+01     ESP at Nucleus =  -1.4742770031E+01
           ESPe = -2.3982879406E+01     ESPe at Nucleus = -2.3982880293E+01
           ESPn =  9.2401093889E+00     ESPn at Nucleus =  9.2401102618E+00

CP# 5      Coords = -5.24913577632729E+00  1.21909337628210E+00 -1.17660929427873E-01
           Type = (3,-3) NACP C5
           Rho =  1.1767972195E+02     Rho at Nucleus =  1.1767972189E+02
           GradRho = -3.6137014605E-11  1.7901546912E-10 -7.7746975524E-12
           HessRho_EigVals = -1.4500741392E+05 -1.4500635882E+05 -1.4500615782E+05
           HessRho_EigVec1 =  8.6045564666E-01  1.0259288246E-02 -5.0942205206E-01
           HessRho_EigVec2 =  5.0936577590E-01 -4.2339900843E-02  8.5950790522E-01
           HessRho_EigVec3 =  1.2750939822E-02  9.9905058921E-01  4.1657337077E-02
           DelSqRho = -4.3501993056E+05
           Bond Ellipticity = NA
           V = -1.0876516789E+05
           G =  5.0926236971E+00
           K =  1.0876007526E+05
           L =  1.0875498264E+05
           Vnuc =  6.3326702699E+06
           Ven = -7.4522687657E+08
           Vrep =  7.4511811140E+08
           DelSqV =  2.4952993912E+09
           DelSqVen =  2.7548382659E+12
           DelSqVrep = -2.7523429665E+12
           DelSqG =  1.3403361820E+08
           DelSqK = -2.6293330093E+09
           Stress_EigVals = -3.6255320383E+04 -3.6255201140E+04 -3.6254646363E+04
           Stress_EigVec1 =  3.2558477739E-03  9.9957326135E-01  2.9029203384E-02
           Stress_EigVec2 =  5.1070747562E-01 -2.6620168941E-02  8.5934233048E-01
           Stress_EigVec3 =  8.5974837819E-01  1.2027543366E-02 -5.1057620822E-01
           -DivStress =  2.2397725907E+01 -7.6841004417E+02  3.1884233775E+01
           ESP =  -1.4742877296E+01     ESP at Nucleus =  -1.4742877310E+01
           ESPe = -2.3987980456E+01     ESPe at Nucleus = -2.3987981335E+01
           ESPn =  9.2451031596E+00     ESPn at Nucleus =  9.2451040252E+00

CP# 6      Coords =  2.15319668995144E+00  4.00780323231344E+00 -1.94295448458902E+00
           Type = (3,-3) NACP H6
           Rho =  4.3165385779E-01     Rho at Nucleus =  4.2762707497E-01
           GradRho = -4.7023033471E-11 -1.2207476800E-09  6.1015366110E-10
           HessRho_EigVals = -6.6097634004E+00 -6.5963484281E+00 -5.9534009890E+00
           HessRho_EigVec1 = -1.3694614921E-01  4.4698819643E-01  8.8399508170E-01
           HessRho_EigVec2 =  9.8997678402E-01  3.0658078371E-02  1.3786242903E-01
           HessRho_EigVec3 =  3.4521288015E-02  8.9401433685E-01 -4.4670644297E-01
           DelSqRho = -1.9159512818E+01
           Bond Ellipticity = NA
           V = -4.7975836758E+00
           G =  3.8527357107E-03
           K =  4.7937309401E+00
           L =  4.7898782044E+00
           Vnuc =  3.9213253930E+01
           Ven = -1.6926552335E+01
           Vrep =  1.2128968659E+01
           DelSqV =  7.2047348269E+02
           DelSqVen =  7.5130684335E+02
           DelSqVrep = -3.0833360658E+01
           DelSqG =  7.1232334604E+01
           DelSqK = -7.9170581730E+02
           Stress_EigVals = -1.6549250039E+00 -1.6521944906E+00 -1.4904641813E+00
           Stress_EigVec1 = -1.3567486813E-01  4.4703717633E-01  8.8416632662E-01
           Stress_EigVec2 = -9.9015202964E-01 -3.0091283117E-02 -1.3672407575E-01
           Stress_EigVec3 =  3.4515045502E-02  8.9400910379E-01 -4.4671739834E-01
           -DivStress =  2.8656111080E-01  7.4427297703E+00 -3.7203137869E+00
           ESP =  -1.0780071672E+00     ESP at Nucleus =  -1.0806962741E+00
           ESPe = -1.2712406044E+01     ESPe at Nucleus = -1.2614479798E+01
           ESPn =  1.1634398876E+01     ESPn at Nucleus =  1.1533783524E+01

CP# 7      Coords =  2.42286739879905E+00 -3.71029863160455E+00 -2.37510874092650E+00
           Type = (3,-3) NACP H7
           Rho =  4.3161980419E-01     Rho at Nucleus =  4.2759279238E-01
           GradRho = -2.1149206518E-14  1.8188228701E-13  1.1838772150E-13
           HessRho_EigVals = -6.6091368808E+00 -6.5957173023E+00 -5.9527850644E+00
           HessRho_EigVec1 = -1.0221814996E-01 -5.5107534370E-01  8.2817112688E-01
           HessRho_EigVec2 =  9.9022960387E-01  2.3014089003E-02  1.3753429871E-01
           HessRho_EigVec3 = -9.4851364958E-02  8.3413806847E-01  5.4333866169E-01
           DelSqRho = -1.9157639247E+01
           Bond Ellipticity = NA
           V = -4.7971164390E+00
           G =  3.8533135827E-03
           K =  4.7932631254E+00
           L =  4.7894098119E+00
           Vnuc =  3.9174077356E+01
           Ven = -1.6908307598E+01
           Vrep =  1.2111191159E+01
           DelSqV =  7.2039983671E+02
           DelSqVen =  7.5048284184E+02
           DelSqVrep = -3.0083005125E+01
           DelSqG =  7.1223980091E+01
           DelSqK = -7.9162381680E+02
           Stress_EigVals = -1.6547680132E+00 -1.6520385777E+00 -1.4903098481E+00
           Stress_EigVec1 = -1.0102598563E-01 -5.5105142324E-01  8.2833331406E-01
           Stress_EigVec2 =  9.9035285566E-01  2.3668759680E-02  1.3653208817E-01
           Stress_EigVec3 = -9.4841823650E-02  8.3413555179E-01  5.4334419084E-01
           -DivStress =  7.8880566220E-01 -6.9441645212E+00 -4.5244685019E+00
           ESP =  -1.0780114141E+00     ESP at Nucleus =  -1.0807007543E+00
           ESPe = -1.2675381445E+01     ESPe at Nucleus = -1.2577385307E+01
           ESPn =  1.1597370031E+01     ESPn at Nucleus =  1.1496684553E+01

CP# 8      Coords =  1.41099088545126E+00 -2.53108875407060E-01  4.47087987447830E+00
           Type = (3,-3) NACP H8
           Rho =  4.3167011866E-01     Rho at Nucleus =  4.2765322436E-01
           GradRho = -2.4589705272E-16  4.0440741034E-17  9.7317987002E-16
           HessRho_EigVals = -6.6099322954E+00 -6.5964544709E+00 -5.9546986953E+00
           HessRho_EigVec1 = -3.4671021670E-02  9.9783184958E-01  5.5942114880E-02
           HessRho_EigVec2 =  9.9107347057E-01  2.7118223987E-02  1.3052960532E-01
           HessRho_EigVec3 = -1.2872954670E-01 -5.9968340720E-02  9.8986489074E-01
           DelSqRho = -1.9161085462E+01
           Bond Ellipticity = NA
           V = -4.7980016175E+00
           G =  3.8651260298E-03
           K =  4.7941364914E+00
           L =  4.7902713654E+00
           Vnuc =  3.9365154777E+01
           Ven = -1.6992761034E+01
           Vrep =  1.2194759416E+01
           DelSqV =  7.2057499974E+02
           DelSqVen =  7.5427909490E+02
           DelSqVrep = -3.3704095154E+01
           DelSqG =  7.1241281783E+01
           DelSqK = -7.9181628153E+02
           Stress_EigVals = -1.6549702986E+00 -1.6522351595E+00 -1.4907961594E+00
           Stress_EigVec1 = -3.4737396434E-02  9.9782993618E-01  5.5935067320E-02
           Stress_EigVec2 =  9.9107471456E-01  2.7186492189E-02  1.3050595698E-01
           Stress_EigVec3 = -1.2870207245E-01 -5.9969268042E-02  9.8986840713E-01
           -DivStress = -1.0701207295E+00 -4.9873476005E-01  8.2312569567E+00
           ESP =  -1.0771874401E+00     ESP at Nucleus =  -1.0798694242E+00
           ESPe = -1.2827619898E+01     ESPe at Nucleus = -1.2729931537E+01
           ESPn =  1.1750432457E+01     ESPn at Nucleus =  1.1650062112E+01

CP# 9      Coords = -6.09680554660480E+00 -2.34978004613139E+00 -1.63922487330061E+00
           Type = (3,-3) NACP H9
           Rho =  4.2552850021E-01     Rho at Nucleus =  4.2184353784E-01
           GradRho = -1.4242079738E-15 -2.3115190317E-16  7.8582973462E-16
           HessRho_EigVals = -6.4780541813E+00 -6.4715928592E+00 -5.8785878093E+00
           HessRho_EigVec1 =  2.7427595468E-01 -8.5436089794E-01  4.4140701937E-01
           HessRho_EigVec2 =  8.5990059554E-01  1.2401389409E-02 -5.1031085755E-01
           HessRho_EigVec3 =  4.3051558215E-01  5.1953215647E-01  7.3806684787E-01
           DelSqRho = -1.8828234850E+01
           Bond Ellipticity = NA
           V = -4.7160731030E+00
           G =  4.5071953061E-03
           K =  4.7115659077E+00
           L =  4.7070587124E+00
           Vnuc =  3.8452098652E+01
           Ven = -1.6362463869E+01
           Vrep =  1.1646390766E+01
           DelSqV =  7.0893023708E+02
           DelSqVen =  7.2398514388E+02
           DelSqVrep = -1.5054906796E+01
           DelSqG =  6.9757102615E+01
           DelSqK = -7.7868733970E+02
           Stress_EigVals = -1.6227806031E+00 -1.6220573213E+00 -1.4712351787E+00
           Stress_EigVec1 =  2.7601736697E-01 -8.5341435717E-01  4.4215195138E-01
           Stress_EigVec2 =  8.5959596128E-01  1.3372747217E-02 -5.1079932750E-01
           Stress_EigVec3 =  4.3001069345E-01  5.2106151710E-01  7.3728264520E-01
           -DivStress = -3.3958360098E+00 -4.1010449856E+00 -5.8218598025E+00
           ESP =  -1.1085421626E+00     ESP at Nucleus =  -1.1109900175E+00
           ESPe = -1.0944034874E+01     ESPe at Nucleus = -1.0868816312E+01
           ESPn =  9.8354927111E+00     ESPn at Nucleus =  9.7578262948E+00

CP# 10     Coords = -4.34373113624696E+00 -2.37818588638368E+00  1.30928893429335E+00
           Type = (3,-3) NACP H10
           Rho =  4.2536056761E-01     Rho at Nucleus =  4.2165487690E-01
           GradRho = -1.9064611001E-15  2.2161092406E-16 -2.3071822230E-16
           HessRho_EigVals = -6.4754834893E+00 -6.4689896034E+00 -5.8744701883E+00
           HessRho_EigVec1 =  2.6272866015E-01  8.4531468560E-01  4.6520611931E-01
           HessRho_EigVec2 = -8.5947576042E-01 -1.4081474603E-02  5.1098251371E-01
           HessRho_EigVec3 =  4.3849181108E-01 -5.3408313433E-01  7.2282787525E-01
           DelSqRho = -1.8818943281E+01
           Bond Ellipticity = NA
           V = -4.7137633954E+00
           G =  4.5137875628E-03
           K =  4.7092496078E+00
           L =  4.7047358202E+00
           Vnuc =  3.9459245179E+01
           Ven = -1.6784406927E+01
           Vrep =  1.2070643531E+01
           DelSqV =  7.0848647601E+02
           DelSqVen =  7.4258129693E+02
           DelSqVrep = -3.4094820915E+01
           DelSqG =  6.9720033372E+01
           DelSqK = -7.7820650938E+02
           Stress_EigVals = -1.6221361089E+00 -1.6214155305E+00 -1.4702117560E+00
           Stress_EigVec1 =  2.6455547456E-01  8.4435291692E-01  4.6591689449E-01
           Stress_EigVec2 = -8.5913726871E-01 -1.3102465680E-02  5.1157744176E-01
           Stress_EigVec3 =  4.3805656530E-01 -5.3562718105E-01  7.2194872984E-01
           -DivStress =  3.4682694688E+00 -4.2288956518E+00  5.7144985143E+00
           ESP =  -1.1085246596E+00     ESP at Nucleus =  -1.1109807450E+00
           ESPe = -1.2038966264E+01     ESPe at Nucleus = -1.1979642279E+01
           ESPn =  1.0930441605E+01     ESPn at Nucleus =  1.0868661534E+01

CP# 11     Coords = -6.13554364366340E+00  2.29399766364112E+00 -1.58065604753711E+00
           Type = (3,-3) NACP H11
           Rho =  4.2554086906E-01     Rho at Nucleus =  4.2185717494E-01
           GradRho = -1.7772242011E-15 -1.1407975259E-15  1.0234868508E-16
           HessRho_EigVals = -6.4784052758E+00 -6.4719691249E+00 -5.8790604183E+00
           HessRho_EigVec1 =  2.5995566131E-01  8.4753956134E-01  4.6270913771E-01
           HessRho_EigVec2 = -8.5987521381E-01 -1.4849584243E-02  5.1028825826E-01
           HessRho_EigVec3 =  4.3936052488E-01 -5.3052444035E-01  7.2491802803E-01
           DelSqRho = -1.8829434819E+01
           Bond Ellipticity = NA
           V = -4.7163750698E+00
           G =  4.5081825253E-03
           K =  4.7118668873E+00
           L =  4.7073587047E+00
           Vnuc =  3.8463261307E+01
           Ven = -1.6367689643E+01
           Vrep =  1.1651314574E+01
           DelSqV =  7.0898394254E+02
           DelSqVen =  7.2424147170E+02
           DelSqVrep = -1.5257529164E+01
           DelSqG =  6.9763994599E+01
           DelSqK = -7.7874793713E+02
           Stress_EigVals = -1.6228730399E+00 -1.6221472076E+00 -1.4713548224E+00
           Stress_EigVec1 =  2.6188015715E-01  8.4660242905E-01  4.6333908794E-01
           Stress_EigVec2 = -8.5953668961E-01 -1.3724946593E-02  5.1088971907E-01
           Stress_EigVec3 =  4.3887978138E-01 -5.3204882573E-01  7.2409155811E-01
           -DivStress = -3.4651829489E+00  4.1872525684E+00 -5.7171638632E+00
           ESP =  -1.1085677413E+00     ESP at Nucleus =  -1.1110148460E+00
           ESPe = -1.0949306340E+01     ESPe at Nucleus = -1.0874090610E+01
           ESPn =  9.8407385988E+00     ESPn at Nucleus =  9.7630757644E+00

CP# 12     Coords = -4.38154639749723E+00  2.27712834013301E+00  1.36806104130108E+00
           Type = (3,-3) NACP H12
           Rho =  4.2518167389E-01     Rho at Nucleus =  4.2146782543E-01
           GradRho = -1.2021633689E-15  2.7657997420E-16 -1.5213524884E-15
           HessRho_EigVals = -6.4721463891E+00 -6.4656678944E+00 -5.8704995197E+00
           HessRho_EigVec1 =  2.7735108233E-01 -8.5248553116E-01  4.4310810904E-01
           HessRho_EigVec2 =  8.5907307076E-01  1.3534481583E-02 -5.1167399475E-01
           HessRho_EigVec3 =  4.3019743865E-01  5.2257558016E-01  7.3610116615E-01
           DelSqRho = -1.8808313803E+01
           Bond Ellipticity = NA
           V = -4.7111008796E+00
           G =  4.5112144133E-03
           K =  4.7065896652E+00
           L =  4.7020784508E+00
           Vnuc =  3.9431288676E+01
           Ven = -1.6765461323E+01
           Vrep =  1.2054360443E+01
           DelSqV =  7.0803834330E+02
           DelSqVen =  7.4163605108E+02
           DelSqVrep = -3.3597707771E+01
           DelSqG =  6.9671313545E+01
           DelSqK = -7.7770965685E+02
           Stress_EigVals = -1.6213012041E+00 -1.6205818860E+00 -1.4692177895E+00
           Stress_EigVec1 =  2.7944921514E-01 -8.5151076553E-01  4.4366378299E-01
           Stress_EigVec2 =  8.5861995448E-01  1.4806480236E-02 -5.1239881140E-01
           Stress_EigVec3 =  4.2974400512E-01  5.2412802284E-01  7.3526179402E-01
           -DivStress =  3.4058724063E+00  4.1408132561E+00  5.8246545864E+00
           ESP =  -1.1086976967E+00     ESP at Nucleus =  -1.1111599657E+00
           ESPe = -1.2051078226E+01     ESPe at Nucleus = -1.1991784271E+01
           ESPn =  1.0942380529E+01     ESPn at Nucleus =  1.0880624306E+01

CP# 13     Coords =  1.74057915460428E+00  2.18344614572098E+00  1.46280113748422E+00
           Type = (3,-3) NACP N13
           Rho =  1.9123475752E+02     Rho at Nucleus =  1.9123473385E+02
           GradRho =  7.1673778024E-12 -1.7710277689E-11  8.0937478941E-12
           HessRho_EigVals = -3.2180110829E+05 -3.2179939540E+05 -3.2179150299E+05
           HessRho_EigVec1 =  9.9136120905E-01  3.0190645417E-02  1.2763807477E-01
           HessRho_EigVec2 = -9.0063383842E-02 -5.5075735931E-01  8.2979209328E-01
           HessRho_EigVec3 = -9.5349567863E-02  8.3411920977E-01  5.4328040992E-01
           DelSqRho = -9.6539200667E+05
           Bond Ellipticity = NA
           V = -2.4138124439E+05
           G =  1.6621358609E+01
           K =  2.4136462303E+05
           L =  2.4134800167E+05
           Vnuc =  5.7706760971E+05
           Ven = -1.1035538442E+08
           Vrep =  1.1011400317E+08
           DelSqV =  7.5789436245E+09
           DelSqVen =  5.5709645723E+11
           DelSqVrep = -5.4951751370E+11
           DelSqG =  4.0621400671E+08
           DelSqK = -7.9851576312E+09
           Stress_EigVals = -8.0461682069E+04 -8.0460144267E+04 -8.0459418050E+04
           Stress_EigVec1 = -9.5333192508E-02  8.3403342387E-01  5.4341497060E-01
           Stress_EigVec2 = -9.3419839640E-02 -5.5098808288E-01  8.2926766854E-01
           Stress_EigVec3 =  9.9105212576E-01  2.8290994874E-02  1.3044272169E-01
           -DivStress = -2.9707650687E+03  2.4952632799E+04  1.6198622235E+04
           ESP =  -1.8334762032E+01     ESP at Nucleus =  -1.8334763122E+01
           ESPe = -3.0135780035E+01     ESPe at Nucleus = -3.0135757427E+01
           ESPn =  1.1801018003E+01     ESPn at Nucleus =  1.1800994305E+01

CP# 14     Coords =  2.35167183017891E+00  1.71286987011340E-01 -2.51922503994990E+00
           Type = (3,-3) NACP N14
           Rho =  1.9123524857E+02     Rho at Nucleus =  1.9123522471E+02
           GradRho = -1.5958678823E-11 -3.9593467394E-12 -6.9632299926E-11
           HessRho_EigVals = -3.2180107656E+05 -3.2179935256E+05 -3.2179141912E+05
           HessRho_EigVec1 =  9.8966730629E-01  2.6953460728E-02  1.4082660902E-01
           HessRho_EigVec2 = -3.5133804521E-02  9.9781644511E-01  5.5928147161E-02
           HessRho_EigVec3 = -1.3901164927E-01 -6.0298033299E-02  9.8845329103E-01
           DelSqRho = -9.6539184823E+05
           Bond Ellipticity = NA
           V = -2.4138120776E+05
           G =  1.6622849520E+01
           K =  2.4136458491E+05
           L =  2.4134796206E+05
           Vnuc =  5.7491289873E+05
           Ven = -1.0994361109E+08
           Vrep =  1.0970222989E+08
           DelSqV =  7.5789411385E+09
           DelSqVen =  5.5501622605E+11
           DelSqVrep = -5.4743728491E+11
           DelSqG =  4.0621273014E+08
           DelSqK = -7.9851538686E+09
           Stress_EigVals = -8.0461676290E+04 -8.0460130983E+04 -8.0459400485E+04
           Stress_EigVec1 = -1.3943636624E-01 -6.0313347268E-02  9.8839253331E-01
           Stress_EigVec2 = -3.5032452016E-02  9.9781898534E-01  5.5946401151E-02
           Stress_EigVec3 =  9.8961114943E-01  2.6824851116E-02  1.4124517792E-01
           -DivStress =  4.0907190067E+03  1.8064706551E+03 -2.9673092513E+04
           ESP =  -1.8335549623E+01     ESP at Nucleus =  -1.8335550722E+01
           ESPe = -2.9999606388E+01     ESPe at Nucleus = -2.9999583225E+01
           ESPn =  1.1664056765E+01     ESPn at Nucleus =  1.1664032503E+01

CP# 15     Coords =  1.89697143583043E+00 -2.31003277643118E+00  1.21095501854939E+00
           Type = (3,-3) NACP N15
           Rho =  1.9123532540E+02     Rho at Nucleus =  1.9123530168E+02
           GradRho =  2.2929752715E-11  2.6420643451E-11  1.4342416144E-11
           HessRho_EigVals = -3.2180208597E+05 -3.2180036713E+05 -3.2179246618E+05
           HessRho_EigVec1 =  9.9151643379E-01  2.4425936393E-02  1.2766571648E-01
           HessRho_EigVec2 = -1.2505053376E-01  4.4721649587E-01  8.8564088085E-01
           HessRho_EigVec3 =  3.5461606543E-02  8.9409215378E-01 -4.4647698150E-01
           DelSqRho = -9.6539491929E+05
           Bond Ellipticity = NA
           V = -2.4138197070E+05
           G =  1.6620440884E+01
           K =  2.4136535026E+05
           L =  2.4134872982E+05
           Vnuc =  5.7654056065E+05
           Ven = -1.1025492173E+08
           Vrep =  1.1001353975E+08
           DelSqV =  7.5789664423E+09
           DelSqVen =  5.5658932794E+11
           DelSqVrep = -5.4901036143E+11
           DelSqG =  4.0621524656E+08
           DelSqK = -7.9851816888E+09
           Stress_EigVals = -8.0461925775E+04 -8.0460386312E+04 -8.0459658617E+04
           Stress_EigVec1 =  3.5419819458E-02  8.9400924965E-01 -4.4664627830E-01
           Stress_EigVec2 = -1.2838343470E-01  4.4729400635E-01  8.8512471752E-01
           Stress_EigVec3 =  9.9109188781E-01  2.5991025613E-02  1.3061905108E-01
           -DivStress = -1.1745347263E+03 -2.6774889318E+04  1.3312411816E+04
           ESP =  -1.8334826712E+01     ESP at Nucleus =  -1.8334827804E+01
           ESPe = -3.0105915493E+01     ESPe at Nucleus = -3.0105892762E+01
           ESPn =  1.1771088780E+01     ESPn at Nucleus =  1.1771064958E+01

CP# 16     Coords =  1.99766766590591E+00  1.49155658746446E-02  5.16009080903212E-02
           Type = (3,+1) RCP C1 N13 C3 N15 C2 N14
           Rho =  2.6802944098E-02
           GradRho =  1.2409692008E-13  5.7358174335E-14  6.2689035820E-13
           HessRho_EigVals = -2.4865585140E-02  1.1930211620E-01  1.1945110519E-01
           HessRho_EigVec1 =  9.9032116237E-01  2.6919043026E-02  1.3615932022E-01
           HessRho_EigVec2 = -4.9041922396E-02  9.8559778272E-01  1.6183911932E-01
           HessRho_EigVec3 = -1.2984176989E-01 -1.6695021958E-01  9.7737850343E-01
           DelSqRho =  2.1388763625E-01
           Bond Ellipticity = NA
           V = -3.2067248229E-02
           G =  4.2769578646E-02
           K = -1.0702330417E-02
           L = -5.3471909063E-02
           Vnuc =  1.8260116764E+01
           Ven = -4.8942488886E-01
           Vrep =  4.5735764063E-01
           DelSqV = -2.6347922813E-01
           DelSqVen = -3.9056132124E+00
           DelSqVrep =  3.6421339843E+00
           DelSqG =  2.4264935657E-01
           DelSqK =  2.0829871558E-02
           Stress_EigVals = -1.3039653494E-02 -9.5151750387E-03 -9.5124196956E-03
           Stress_EigVec1 =  9.9041326517E-01  2.6865335371E-02  1.3549840565E-01
           Stress_EigVec2 = -3.1995705850E-02  9.9884564534E-01  3.5828083976E-02
           Stress_EigVec3 = -1.3437945894E-01 -3.9819976766E-02  9.9012955236E-01
           -DivStress = -7.0917277054E-05  7.6143058671E-07  4.4127875601E-06
           ESP =   2.2913650111E-01
           ESPe = -1.8030980263E+01
           ESPn =  1.8260116764E+01

CP# 17     Coords = -1.63741352190577E+00 -1.87532346507569E+00  9.62184188602865E-01
           Type = (3,-1) BCP N15 H10
           Rho =  2.4517654975E-03
           GradRho = -1.8973538018E-18  4.8789097762E-19 -1.1926223897E-18
           HessRho_EigVals = -1.0527126782E-03 -8.6906517126E-04  1.0386330296E-02
           HessRho_EigVec1 = -6.7227425448E-02  7.0004110846E-01  7.1093102319E-01
