AIMSum (Version 19.02.13, Professional)
Copyright (c) 1997-2019 by Todd A. Keith
AIMSum is a component of the AIMAll package ( http://aim.tkgristmill.com )

TP:  64-bit Linux

Much of the Quantum Theory of Atoms in Molecules (QTAIM) is described in the book:
  "Atoms in Molecules - A Quantum Theory"
  R.F.W. Bader, Oxford University Press, Oxford, 1990

For additional references see:  http://aim.tkgristmill.com/references.html

Wfn File:  /home/mhennefarth/Documents/ML_Diels/summary-N-hayden2009/44-opt/44-opt.wfn
Sum File:  /home/mhennefarth/Documents/ML_Diels/summary-N-hayden2009/44-opt/44-opt.sum

SumViz File:  /home/mhennefarth/Documents/ML_Diels/summary-N-hayden2009/44-opt/44-opt.sumviz

Wfn Title:   Title Card Required                                                           
 
Total memory allocated for AIMSum =        0.728 Megabytes

Atomic units (a.u.) used throughout, except where stated otherwise

Model:  Restricted SCF
 
Restricted, closed-shell, single-determinant wavefunction.
  Number of electrons (from MO Occs)                   =          58.0000000000
  Number of Alpha electrons (from MO Occs)             =          29.0000000000
  Number of Beta electrons (from MO Occs)              =          29.0000000000
  Number of electron pairs (N*(N-1)/2)                 =        1653.0000000000
  Number of electron pairs (from Muller 2EDM)          =        1653.0000000000
 
Nuclear Charges and Cartesian Coordinates:
-------------------------------------------------------------------------------
Atom      Charge                X                  Y                  Z
-------------------------------------------------------------------------------
C1         6.0           1.8601176200E+00   6.3990454000E-01  -2.3015466200E+00
C2         6.0           1.8598296600E+00  -6.4072074000E-01   2.3018355300E+00
C3         6.0          -4.9215403600E+00   1.2557825400E+00   9.8694710000E-02
C4         6.0          -4.9091793900E+00  -1.2534294500E+00  -9.9410180000E-02
H5         1.0           1.8447530500E+00   1.1901877900E+00  -4.2782828800E+00
H6         1.0           1.8441186500E+00  -1.1909421600E+00   4.2785785700E+00
H7         1.0          -4.9432254100E+00   2.2031468900E+00   1.9219430400E+00
H8         1.0          -4.9186101700E+00   2.4759277000E+00  -1.5549700000E+00
H9         1.0          -4.9248316300E+00  -2.4735204900E+00   1.5542185300E+00
H10        1.0          -4.8902791000E+00  -2.2009076800E+00  -1.9226156200E+00
N11        7.0           1.8860849100E+00   1.8414106400E+00   1.8126873500E+00
N12        7.0           1.8757422400E+00  -1.8423532100E+00  -1.8124182600E+00
N13        7.0           1.8852933100E+00   2.5127015800E+00  -6.0038507000E-01
N14        7.0           1.8746951700E+00  -2.5136323500E+00   6.0064280000E-01
 
Some Atomic Properties:
----------------------
  q(A) = Net Charge of Atom A
  L(A) = Lagrangian of Atom A = -(1/4) Times Atomic Integral of the Laplacian of the Electron Density
  K(A) = Electronic Kinetic Energy of Atom A (Hamiltonian Form)
  K_Scaled(A) = K(A) * E(Mol)/K(Mol) = Approximation to Virial-Based Total Energy of Atom A.
  |Mu_Intra(A)| = Magnitude of Intraatomic Dipole Moment of Atom A
--------------------------------------------------------------------------------------------------
Atom A          q(A)              L(A)              K(A)          K_Scaled(A)      |Mu_Intra(A)|
--------------------------------------------------------------------------------------------------
C1        1.0758241420E+00 -8.8272978275E-05  3.7109422880E+01 -3.7457290321E+01  6.5516383384E-01
C2        1.0760576157E+00  6.7919828189E-05  3.7109393523E+01 -3.7457260689E+01  6.5504357571E-01
C3       -8.3166108200E-02  4.5051608356E-04  3.7696137206E+01 -3.8049504566E+01  8.6877522609E-02
C4       -8.3415128300E-02  1.2986606130E-04  3.7696123683E+01 -3.8049490916E+01  8.6855651569E-02
H5        1.0365163108E-01  2.2552233455E-05  5.7879803213E-01 -5.8422374277E-01  1.3933060469E-01
H6        1.0368170668E-01  2.1881313146E-05  5.7878815110E-01 -5.8421376910E-01  1.3932618984E-01
H7        4.4969818710E-02  2.0907910227E-05  5.9384638457E-01 -5.9941315996E-01  1.4565158638E-01
H8        4.2193367100E-02  1.9804170356E-05  5.9486504846E-01 -6.0044137291E-01  1.4630031788E-01
H9        4.2244136750E-02  2.1020729695E-05  5.9484702349E-01 -6.0042317897E-01  1.4629483476E-01
H10       4.5096366550E-02  2.1692407302E-05  5.9381371741E-01 -5.9938018657E-01  1.4556567079E-01
N11      -5.9175119540E-01 -2.3936584125E-05  5.4570860833E+01 -5.5082413539E+01  6.7471962889E-01
N12      -5.9192941900E-01 -3.7631040903E-05  5.4570865964E+01 -5.5082418719E+01  6.7470927185E-01
N13      -5.9158101410E-01 -2.0780691015E-06  5.4570393881E+01 -5.5081942210E+01  6.7457634553E-01
N14      -5.9165226140E-01 -4.8878393357E-05  5.4570397683E+01 -5.5081946048E+01  6.7456111618E-01
--------------------------------------------------------------------------------------------------
Total     2.2365817000E-04  5.7536367147E-04  3.7142855401E+02 -3.7491036242E+02
 
1st Largest |L(A)| = 4.5051608356E-04, atom C3      
2nd Largest |L(A)| = 1.2986606130E-04, atom C4      
 
Molecular charge q(Mol) from the wfn file:   0.0000000000E+00
Molecular energy E(Mol) from the wfn file:  -3.7491010267E+02
Molecular virial ratio (-V(Mol)/T(Mol)) from the wfn file:   2.0093741000E+00
Note.  K_Scaled(A) = (1+V(Mol)/T(Mol))*K(A) = (E(Mol)/T(Mol))*K(A)
       Only use K_Scaled(A) data with caution.
 
N_AIMInt(SumA)     =         57.999776
N_Analytic(Mol)    =         57.999996
 
G_AIMInt(SumA)     =        371.427979
G_Analytic(Mol)    =        371.428286
 
K_AIMInt(SumA)     =        371.428554
K_Analytic(Mol)    =        371.428286
 
L_AIMInt(SumA)     =          0.000575
L_Analytic(Mol)    =          0.000000
 
VenT_AIMInt(SumA)  =      -1542.503185
VenT_Analytic(Mol) =      -1542.504324
 
Some Information About the Atomic Calculations:
----------------------------------------------
  Time(sec) = "Elapsed User Time", in Seconds, for Atom A by AIMInt and, if used, by TWOe
  NProc = Number of Processors Used for AIMInt Job
  BIM = Basin Integration Method
  OAQ = Angular Quadrature Outside of Beta Sphere
  ORQ = Multiple of Default for Radial Quadrature Outside of Beta Sphere
  IAQ = Multiple of Default for Angular Quadrature Inside of Beta Sphere
  IRQ = Multiple of Default for Radial Quadrature Inside of Beta Sphere
  MIR = Maximum Integration Radius
------------------------------------------------------------------------------------------------------
Atom A     Time(sec)   NProc      BIM          OAQ                     ORQ      IAQ      IRQ      MIR
------------------------------------------------------------------------------------------------------
C1             23        8     Proaim(5)    4500(GS4)                  1.00     1.00     1.00    13.00
C2             22        8     Proaim(5)    4500(GS4)                  1.00     1.00     1.00    13.00
C3             64        8    Promega(1)    4500(GS4)                  1.00     1.00     1.00    13.00
C4            149        8    Promega(5)    4500(GS4)                  1.00     1.00     1.00    13.00
H5              5        8     Proaim(5)    1800(GS4)                  1.00     1.00     1.00    13.00
H6              5        8     Proaim(5)    1800(GS4)                  1.00     1.00     1.00    13.00
H7              5        8     Proaim(5)    1800(GS4)                  1.00     1.00     1.00    13.00
H8              5        8     Proaim(5)    1800(GS4)                  1.00     1.00     1.00    13.00
H9              6        8     Proaim(5)    1800(GS4)                  1.00     1.00     1.00    13.00
H10             5        8     Proaim(5)    1800(GS4)                  1.00     1.00     1.00    13.00
N11            21        8     Proaim(5)    4500(GS4)                  1.00     1.00     1.00    13.00
N12            20        8     Proaim(5)    4500(GS4)                  1.00     1.00     1.00    13.00
N13            64        8    Promega(1)    4500(GS4)                  1.00     1.00     1.00    13.00
N14            60        8    Promega(1)    4500(GS4)                  1.00     1.00     1.00    13.00
------------------------------------------------------------------------------------------------------
Total         454
Note:  Total wall clock time is less than total of atomic times if more than one atom
       was calculated at a time
 
Electron Density Critical Point Analysis of Molecular Structure:               
---------------------------------------------------------------                
  NACP = Nuclear Attractor Critical Point                                      
  NNACP = Non-Nuclear Attractor Critical Point                                 
  BCP = Bond Critical Point                                                    
  RCP = Ring Critical Point                                                    
  CCP = Cage Critical Point                                                    
  Rho = Electron Density                                                       
  GradRho = Gradient of Electron Density                                       
  HessRho_EigVals = Eigenvalues of the Hessian of Rho, Ascending Order         
  HessRho_EigVecs = Eigenvectors of the Hessian of Rho                         
  DelSqRho = Laplacian of Rho = Trace of Hessian of Rho                        
  Bond Ellipticity = (HessRho_EigVal(1) / HessRho_EigVal(2)) - 1               
  V = Virial Field = Potential Energy Density = Trace of Stress Tensor         
  G = Lagrangian Form of Kinetic Energy Density                                
  K = Hamiltonian Form of Kinetic Energy Density                               
  L = K - G = Lagrangian Density = (-1/4)DelSqRho                              
  Vnuc = Electrostatic Potential from Nuclei                                   
  Ven = Electron-nuclear attractive contribution to Virial Field V             
  Vrep = V - Ven = Repulsive contribution to Virial Field V                    
  DelSqV = Laplacian of V                                                      
  DelSqVen = Laplacian of Ven                                                  
  DelSqVrep = Laplacian of Vrep                                                
  DelSqG = Laplacian of G                                                      
  DelSqK = Laplacian of K                                                      
  Stress_EigVals = Eigenvalues of Stress Tensor, Ascending Order               
  Stress_EigVecs = Eigenvectors of Stress Tensor                               
  -DivStress = Ehrenfest Force Density = Minus Divergence of Stress Tensor     
  ESP = Total Electrostatic Potential                                          
  ESPe = Electrostatic Potential from Electrons                                
  ESPn = Electrostatic Potential from Nuclei                                   
  BP = Bond Path                                                               
  BPL = Bond Path Length                                                       
  GBL = Geometric Bond Length                                                  
  GBL_I = Distance Between Nuclear Attractors                                  
  GBL_II = Distance Between Nuclei                                             
  GBL_III = Sum of Distances Between BCP and Nuclear Attractors                
  GBL_IV = Sum of Distances Between BCP and Nuclei                             

CP# 1      Coords =  1.86011761101606E+00  6.39903974576525E-01 -2.30154458157215E+00
           Type = (3,-3) NACP C1
           Rho =  1.1764679340E+02     Rho at Nucleus =  1.1764679308E+02
           GradRho = -1.6033597773E-11 -5.4251883938E-10  1.9908313585E-09
           HessRho_EigVals = -1.4493087765E+05 -1.4492978242E+05 -1.4492922020E+05
           HessRho_EigVec1 =  9.9998184057E-01 -1.9025747756E-04 -6.0234811830E-03
           HessRho_EigVec2 =  1.8014244892E-03  9.6323988252E-01  2.6863671304E-01
           HessRho_EigVec3 =  5.7509471637E-03 -2.6864268560E-01  9.6322273337E-01
           DelSqRho = -4.3478988028E+05
           Bond Ellipticity = NA
           V = -1.0870780934E+05
           G =  5.1696336935E+00
           K =  1.0870263970E+05
           L =  1.0869747007E+05
           Vnuc =  2.8363383222E+06
           Ven = -3.3368610861E+08
           Vrep =  3.3357740080E+08
           DelSqV =  2.4939473242E+09
           DelSqVen =  1.2332111954E+12
           DelSqVrep = -1.2307172481E+12
           DelSqG =  1.3392693388E+08
           DelSqK = -2.6278742581E+09
           Stress_EigVals = -3.6236247246E+04 -3.6236062603E+04 -3.6235499488E+04
           Stress_EigVec1 =  8.3208406552E-03 -2.6859606029E-01  9.6321696414E-01
           Stress_EigVec2 =  2.0194209301E-03  9.6325286008E-01  2.6858862503E-01
           Stress_EigVec3 =  9.9996334210E-01  2.8974265306E-04 -8.5574820652E-03
           -DivStress =  9.0646250343E+00  4.6063081385E+02 -1.6605697681E+03
           ESP =  -1.4640325628E+01     ESP at Nucleus =  -1.4640325642E+01
           ESPe = -2.7494682487E+01     ESPe at Nucleus = -2.7494678758E+01
           ESPn =  1.2854356859E+01     ESPn at Nucleus =  1.2854353116E+01

CP# 2      Coords =  1.85982965057940E+00 -6.40720175135900E-01  2.30183349051737E+00
           Type = (3,-3) NACP C2
           Rho =  1.1764679652E+02     Rho at Nucleus =  1.1764679620E+02
           GradRho =  2.6681461412E-12  5.4895052984E-10 -1.9974786601E-09
           HessRho_EigVals = -1.4493086966E+05 -1.4492977425E+05 -1.4492921175E+05
           HessRho_EigVec1 =  9.9997831753E-01 -4.3638144183E-03  4.9316932101E-03
           HessRho_EigVec2 =  2.8770945679E-03  9.6316817937E-01  2.6888432562E-01
           HessRho_EigVec3 = -5.9234112675E-03 -2.6886430660E-01  9.6315985061E-01
           DelSqRho = -4.3478985566E+05
           Bond Ellipticity = NA
           V = -1.0870780316E+05
           G =  5.1696217154E+00
           K =  1.0870263354E+05
           L =  1.0869746391E+05
           Vnuc =  2.8351737386E+06
           Ven = -3.3354910793E+08
           Vrep =  3.3344040013E+08
           DelSqV =  2.4939471600E+09
           DelSqVen =  1.2327048479E+12
           DelSqVrep = -1.2302109007E+12
           DelSqG =  1.3392691472E+08
           DelSqK = -2.6278740747E+09
           Stress_EigVals = -3.6236245257E+04 -3.6236060540E+04 -3.6235497361E+04
           Stress_EigVec1 = -8.4838351409E-03 -2.6882099730E-01  9.6315278952E-01
           Stress_EigVec2 =  2.6197931174E-03  9.6317817228E-01  2.6885115795E-01
           Stress_EigVec3 =  9.9996057984E-01 -4.8041499505E-03  7.4671894264E-03
           -DivStress =  9.4429023394E+00 -4.6018729772E+02  1.6614174184E+03
           ESP =  -1.4640335066E+01     ESP at Nucleus =  -1.4640335081E+01
           ESPe = -2.7494422814E+01     ESPe at Nucleus = -2.7494419083E+01
           ESPn =  1.2854087748E+01     ESPn at Nucleus =  1.2854084003E+01

CP# 3      Coords = -4.92154032035881E+00  1.25578344339179E+00  9.86947445864180E-02
           Type = (3,-3) NACP C3
           Rho =  1.1768231357E+02     Rho at Nucleus =  1.1768231351E+02
           GradRho =  1.2126836060E-11  1.7548155761E-10  6.1721367119E-12
           HessRho_EigVals = -1.4501117989E+05 -1.4501010383E+05 -1.4500990105E+05
           HessRho_EigVec1 =  9.9993330877E-01 -1.0340899213E-02  5.1423557462E-03
           HessRho_EigVec2 = -6.1800422117E-03 -1.0296031791E-01  9.9466626565E-01
           HessRho_EigVec3 =  9.7562850215E-03  9.9463171010E-01  1.0301735855E-01
           DelSqRho = -4.3503118477E+05
           Bond Ellipticity = NA
           V = -1.0876798068E+05
           G =  5.0922409341E+00
           K =  1.0876288843E+05
           L =  1.0875779619E+05
           Vnuc =  6.6304130888E+06
           Ven = -7.8028235222E+08
           Vrep =  7.8017358424E+08
           DelSqV =  2.4953642722E+09
           DelSqVen =  2.8844370166E+12
           DelSqVrep = -2.8819417834E+12
           DelSqG =  1.3403763767E+08
           DelSqK = -2.6294019099E+09
           Stress_EigVals = -3.6256259945E+04 -3.6256139971E+04 -3.6255580759E+04
           Stress_EigVec1 =  5.4709652968E-04  9.9582664543E-01  9.1263316543E-02
           Stress_EigVec2 = -6.7517950513E-03 -9.1257571509E-02  9.9580443306E-01
           Stress_EigVec3 =  9.9997705671E-01 -1.1609923586E-03  6.6736907158E-03
           -DivStress = -3.0219635523E+01 -7.3382799630E+02 -2.8101069706E+01
           ESP =  -1.4738436370E+01     ESP at Nucleus =  -1.4738436383E+01
           ESPe = -2.4289976446E+01     ESPe at Nucleus = -2.4289977259E+01
           ESPn =  9.5515400760E+00     ESPn at Nucleus =  9.5515408758E+00

CP# 4      Coords = -4.90917934171414E+00 -1.25343035086656E+00 -9.94102130926801E-02
           Type = (3,-3) NACP C4
           Rho =  1.1768244437E+02     Rho at Nucleus =  1.1768244432E+02
           GradRho =  8.3168330909E-12 -1.5743182017E-10 -5.3328319069E-12
           HessRho_EigVals = -1.4501138027E+05 -1.4501030404E+05 -1.4501010136E+05
           HessRho_EigVec1 =  9.9974393145E-01  1.8926499020E-02  1.2403997872E-02
           HessRho_EigVec2 = -1.0379940563E-02 -1.0352643960E-01  9.9457253790E-01
           HessRho_EigVec3 = -2.0107917901E-02  9.9444661191E-01  1.0330347380E-01
           DelSqRho = -4.3503178567E+05
           Bond Ellipticity = NA
           V = -1.0876813110E+05
           G =  5.0923432224E+00
           K =  1.0876303876E+05
           L =  1.0875794642E+05
           Vnuc =  6.6462470452E+06
           Ven = -7.8214659820E+08
           Vrep =  7.8203783007E+08
           DelSqV =  2.4953677450E+09
           DelSqVen =  2.8913290445E+12
           DelSqVrep = -2.8888335457E+12
           DelSqG =  1.3403786124E+08
           DelSqK = -2.6294056062E+09
           Stress_EigVals = -3.6256310070E+04 -3.6256190152E+04 -3.6255630882E+04
           Stress_EigVec1 = -1.0697509759E-02  9.9574972914E-01  9.1476992768E-02
           Stress_EigVec2 = -1.0041196672E-02 -9.1584586354E-02  9.9574667356E-01
           Stress_EigVec3 =  9.9989236303E-01  9.7334712823E-03  1.0978245873E-02
           -DivStress = -3.7220615458E+01  7.3179185340E+02  2.6902968343E+01
           ESP =  -1.4738462040E+01     ESP at Nucleus =  -1.4738462053E+01
           ESPe = -2.4299995720E+01     ESPe at Nucleus = -2.4299996524E+01
           ESPn =  9.5615336795E+00     ESPn at Nucleus =  9.5615344706E+00

CP# 5      Coords =  1.84503834980602E+00  1.18028240415118E+00 -4.24270084577358E+00
           Type = (3,-3) NACP H5
           Rho =  4.2771513987E-01     Rho at Nucleus =  4.2358687606E-01
           GradRho = -2.0283593844E-16 -3.0193071740E-16  4.6193225005E-16
           HessRho_EigVals = -6.5362877134E+00 -6.5233059203E+00 -5.8754545040E+00
           HessRho_EigVec1 =  1.8805803256E-03  9.6337031148E-01  2.6816805623E-01
           HessRho_EigVec2 =  9.9996919408E-01  2.3197629361E-04 -7.8458318131E-03
           HessRho_EigVec3 =  7.6206500694E-03 -2.6817454978E-01  9.6334019772E-01
           DelSqRho = -1.8935048138E+01
           Bond Ellipticity = NA
           V = -4.7415731009E+00
           G =  3.9055332461E-03
           K =  4.7376675677E+00
           L =  4.7337620344E+00
           Vnuc =  3.8899961215E+01
           Ven = -1.6638102352E+01
           Vrep =  1.1896529251E+01
           DelSqV =  7.1133063805E+02
           DelSqVen =  7.3657263817E+02
           DelSqVrep = -2.5242000116E+01
           DelSqG =  7.0220023531E+01
           DelSqK = -7.8155066159E+02
           Stress_EigVals = -1.6364399530E+00 -1.6343110277E+00 -1.4708221202E+00
           Stress_EigVec1 =  2.1210869974E-03  9.6336994761E-01  2.6816756894E-01
           Stress_EigVec2 =  9.9996832315E-01  1.3951704072E-05 -7.9594280135E-03
           Stress_EigVec3 =  7.6716151430E-03 -2.6817595687E-01  9.6333940150E-01
           -DivStress = -6.4772390750E-02  2.2482149692E+00 -8.0760038410E+00
           ESP =  -1.0559449071E+00     ESP at Nucleus =  -1.0587283070E+00
           ESPe = -1.2882159061E+01     ESPe at Nucleus = -1.2780940113E+01
           ESPn =  1.1826214154E+01     ESPn at Nucleus =  1.1722211806E+01

CP# 6      Coords =  1.84441082172829E+00 -1.18103806031392E+00  4.24299521202580E+00
           Type = (3,-3) NACP H6
           Rho =  4.2771658745E-01     Rho at Nucleus =  4.2358809307E-01
           GradRho = -6.4987712666E-16  5.6847853925E-16 -1.9903580724E-15
           HessRho_EigVals = -6.5363215236E+00 -6.5233418229E+00 -5.8754598812E+00
           HessRho_EigVec1 =  2.7494990404E-03  9.6336883660E-01  2.6816585339E-01
           HessRho_EigVec2 =  9.9996577647E-01 -4.7412136537E-03  6.7798808678E-03
           HessRho_EigVec3 = -7.8029575494E-03 -2.6813803454E-01  9.6334890268E-01
           DelSqRho = -1.8935123228E+01
           Bond Ellipticity = NA
           V = -4.7415908965E+00
           G =  3.9050447826E-03
           K =  4.7376858517E+00
           L =  4.7337808069E+00
           Vnuc =  3.8898941096E+01
           Ven = -1.6637722341E+01
           Vrep =  1.1896131445E+01
           DelSqV =  7.1133263646E+02
           DelSqVen =  7.3655624307E+02
           DelSqVrep = -2.5223606612E+01
           DelSqG =  7.0220344855E+01
           DelSqK = -7.8155298132E+02
           Stress_EigVals = -1.6364483012E+00 -1.6343193274E+00 -1.4708232678E+00
           Stress_EigVec1 =  2.5047998563E-03  9.6336964762E-01  2.6816533711E-01
           Stress_EigVec2 =  9.9996602252E-01 -4.5190705433E-03  6.8943311885E-03
           Stress_EigVec3 = -7.8536474833E-03 -2.6813895661E-01  9.6334823411E-01
           -DivStress = -6.6330918653E-02 -2.2479314734E+00  8.0763379878E+00
           ESP =  -1.0559679244E+00     ESP at Nucleus =  -1.0587514713E+00
           ESPe = -1.2881883237E+01     ESPe at Nucleus = -1.2780661577E+01
           ESPn =  1.1825915313E+01     ESPn at Nucleus =  1.1721910106E+01

CP# 7      Coords = -4.94285318044222E+00  2.18697545683620E+00  1.89079332964325E+00
           Type = (3,-3) NACP H7
           Rho =  4.2512036132E-01     Rho at Nucleus =  4.2140800617E-01
           GradRho =  7.2503721565E-13 -3.1400047587E-11 -6.0533911519E-11
           HessRho_EigVals = -6.4705909506E+00 -6.4640935573E+00 -5.8688508596E+00
           HessRho_EigVec1 = -1.1660971062E-03  8.8780388387E-01 -4.6022049499E-01
           HessRho_EigVec2 =  9.9994150124E-01  5.9841205580E-03  9.0102388465E-03
           HessRho_EigVec3 = -1.0753339968E-02  4.6018306585E-01  8.8775892650E-01
           DelSqRho = -1.8803535368E+01
           Bond Ellipticity = NA
           V = -4.7098707196E+00
           G =  4.4934388811E-03
           K =  4.7053772808E+00
           L =  4.7008838419E+00
           Vnuc =  3.9052292475E+01
           Ven = -1.6601924688E+01
           Vrep =  1.1892053968E+01
           DelSqV =  7.0785316591E+02
           DelSqVen =  7.3432116285E+02
           DelSqVrep = -2.6467996944E+01
           DelSqG =  6.9643817523E+01
           DelSqK = -7.7749698343E+02
           Stress_EigVals = -1.6209052179E+00 -1.6201766727E+00 -1.4687888291E+00
           Stress_EigVec1 = -1.6338816014E-03  8.8698339453E-01 -4.6179842818E-01
           Stress_EigVec2 =  9.9994153124E-01  6.3855335897E-03  8.7269162106E-03
           Stress_EigVec3 = -1.0689459139E-02  4.6175716865E-01  8.8694196691E-01
           -DivStress = -8.3765261316E-02  3.6474906712E+00  7.0228223334E+00
           ESP =  -1.1047300049E+00     ESP at Nucleus =  -1.1071944547E+00
           ESPe = -1.1666395740E+01     ESPe at Nucleus = -1.1595191718E+01
           ESPn =  1.0561665735E+01     ESPn at Nucleus =  1.0487997263E+01

CP# 8      Coords = -4.91864305362167E+00  2.45514853255117E+00 -1.52679893113703E+00
           Type = (3,-3) NACP H8
           Rho =  4.2538454245E-01     Rho at Nucleus =  4.2168847599E-01
           GradRho = -1.8982601271E-15 -2.8256875125E-15  5.6361199616E-15
           HessRho_EigVals = -6.4756637267E+00 -6.4691664544E+00 -5.8753068641E+00
           HessRho_EigVec1 = -9.4674429795E-03  8.0515168662E-01  5.9299336341E-01
           HessRho_EigVec2 =  9.9995477934E-01  7.0903780710E-03  6.3376510173E-03
           HessRho_EigVec3 = -8.9822326563E-04 -5.9302654921E-01  8.0518240488E-01
           DelSqRho = -1.8820137045E+01
           Bond Ellipticity = NA
           V = -4.7140384712E+00
           G =  4.5021049347E-03
           K =  4.7095363662E+00
           L =  4.7050342613E+00
           Vnuc =  3.9143372221E+01
           Ven = -1.6650985482E+01
           Vrep =  1.1936947011E+01
           DelSqV =  7.0856982383E+02
           DelSqVen =  7.3668362961E+02
           DelSqVrep = -2.8113805776E+01
           DelSqG =  6.9722790804E+01
           DelSqK = -7.7829261464E+02
           Stress_EigVals = -1.6221798874E+00 -1.6214456536E+00 -1.4704129302E+00
           Stress_EigVec1 = -9.8873139920E-03  8.0408889515E-01  5.9442685817E-01
           Stress_EigVec2 =  9.9995071122E-01  7.4136006788E-03  6.6040634361E-03
           Stress_EigVec3 = -9.0341071267E-04 -5.9446285604E-01  8.0412256319E-01
           -DivStress =  7.5646102970E-03  4.6904377696E+00 -6.3566128370E+00
           ESP =  -1.1043619113E+00     ESP at Nucleus =  -1.1068145039E+00
           ESPe = -1.1680782667E+01     ESPe at Nucleus = -1.1609975318E+01
           ESPn =  1.0576420755E+01     ESPn at Nucleus =  1.0503160814E+01

CP# 9      Coords = -4.92454819959044E+00 -2.45274142949090E+00  1.52604711691481E+00
           Type = (3,-3) NACP H9
           Rho =  4.2537879775E-01     Rho at Nucleus =  4.2168251798E-01
           GradRho = -1.0969157135E-15  5.1931990219E-15 -4.8040286755E-15
           HessRho_EigVals = -6.4755559495E+00 -6.4690591560E+00 -5.8751819501E+00
           HessRho_EigVec1 = -7.9555560332E-03  8.0519921667E-01  5.9295103559E-01
           HessRho_EigVec2 =  9.9993512955E-01  1.5720920181E-03  1.1281188985E-02
           HessRho_EigVec3 = -8.1514309435E-03 -5.9300231872E-01  8.0515948989E-01
           DelSqRho = -1.8819797056E+01
           Bond Ellipticity = NA
           V = -4.7139527573E+00
           G =  4.5017467209E-03
           K =  4.7094510106E+00
           L =  4.7049492639E+00
           Vnuc =  3.9140338308E+01
           Ven = -1.6649470053E+01
           Vrep =  1.1935517296E+01
           DelSqV =  7.0855564747E+02
           DelSqVen =  7.3661322364E+02
           DelSqVrep = -2.8057576174E+01
           DelSqG =  6.9721221299E+01
           DelSqK = -7.7827686877E+02
           Stress_EigVals = -1.6221527915E+00 -1.6214185489E+00 -1.4703814169E+00
           Stress_EigVec1 = -7.5046945342E-03  8.0414079996E-01  5.9439149842E-01
           Stress_EigVec2 =  9.9993891380E-01  1.2112263718E-03  1.0986428263E-02
           Stress_EigVec3 = -8.1146925539E-03 -5.9443763909E-01  8.0410076794E-01
           -DivStress = -6.3790503295E-02 -4.6903262843E+00  6.3565800828E+00
           ESP =  -1.1043811044E+00     ESP at Nucleus =  -1.1068338392E+00
           ESPe = -1.1678865928E+01     ESPe at Nucleus = -1.1607876553E+01
           ESPn =  1.0574484823E+01     ESPn at Nucleus =  1.0501042714E+01

CP# 10     Coords = -4.89060111104120E+00 -2.18473099839498E+00 -1.89146372561885E+00
           Type = (3,-3) NACP H10
           Rho =  4.2511697754E-01     Rho at Nucleus =  4.2140386109E-01
           GradRho = -6.2802881410E-13  3.1658726493E-11  6.1014234695E-11
           HessRho_EigVals = -6.4705255408E+00 -6.4640270108E+00 -5.8687287672E+00
           HessRho_EigVec1 =  1.5473038358E-03  8.8777704849E-01 -4.6027113534E-01
           HessRho_EigVec2 =  9.9995813963E-01  2.7771417196E-03  8.7181694353E-03
           HessRho_EigVec3 = -9.0180289018E-03  4.6026535788E-01  8.8773558873E-01
           DelSqRho = -1.8803281319E+01
           Bond Ellipticity = NA
           V = -4.7098075331E+00
           G =  4.4936016911E-03
           K =  4.7053139314E+00
           L =  4.7008203297E+00
           Vnuc =  3.9083704822E+01
           Ven = -1.6615146465E+01
           Vrep =  1.1905338932E+01
           DelSqV =  7.0783995651E+02
           DelSqVen =  7.3490189686E+02
           DelSqVrep = -2.7061940343E+01
           DelSqG =  6.9642665490E+01
           DelSqK = -7.7748262200E+02
           Stress_EigVals = -1.6208890743E+00 -1.6201601985E+00 -1.4687582602E+00
           Stress_EigVec1 =  2.3776580271E-03  8.8696118643E-01 -4.6183785088E-01
           Stress_EigVec2 =  9.9995589090E-01  2.0876664131E-03  9.1573963055E-03
           Stress_EigVec3 = -9.0864184614E-03  4.6183925279E-01  8.8691709961E-01
           -DivStress =  7.2775855322E-02 -3.6486212930E+00 -7.0232138410E+00
           ESP =  -1.1047402824E+00     ESP at Nucleus =  -1.1072051151E+00
           ESPe = -1.1700951248E+01     ESPe at Nucleus = -1.1630056724E+01
           ESPn =  1.0596210966E+01     ESPn at Nucleus =  1.0522851609E+01

CP# 11     Coords =  1.88608477935978E+00  1.84140148494605E+00  1.81267623883097E+00
           Type = (3,-3) NACP N11
           Rho =  1.9140170008E+02     Rho at Nucleus =  1.9140166670E+02
           GradRho = -2.2169162339E-11 -2.7680080450E-11  2.5040303164E-11
           HessRho_EigVals = -3.2206977974E+05 -3.2206787120E+05 -3.2205810892E+05
           HessRho_EigVec1 =  9.9963635433E-01 -2.5603137778E-02  8.4639489409E-03
           HessRho_EigVec2 = -2.2639431230E-02 -6.2632089516E-01  7.7923654460E-01
           HessRho_EigVec3 =  1.4649752536E-02  7.7914479759E-01  6.2667277676E-01
           DelSqRho = -9.6619575986E+05
           Bond Ellipticity = NA
           V = -2.4158143397E+05
           G =  1.6247002706E+01
           K =  2.4156518697E+05
           L =  2.4154893996E+05
           Vnuc =  4.8620503220E+05
           Ven = -9.3060469749E+07
           Vrep =  9.2818888315E+07
           DelSqV =  7.5851880330E+09
           DelSqVen =  4.6976924058E+11
           DelSqVrep = -4.6218405254E+11
           DelSqG =  4.0653246551E+08
           DelSqK = -7.9917204985E+09
           Stress_EigVals = -8.0528726995E+04 -8.0526705074E+04 -8.0526001900E+04
           Stress_EigVec1 =  1.5063053504E-02  8.0025623899E-01  5.9946897867E-01
           Stress_EigVec2 = -1.5403939254E-02 -5.9928012295E-01  8.0039118742E-01
           Stress_EigVec3 =  9.9976788460E-01 -2.1290519012E-02  3.3001099371E-03
           -DivStress =  3.2298548881E+02  2.2582386327E+04  2.7415780545E+04
           ESP =  -1.8284289980E+01     ESP at Nucleus =  -1.8284291521E+01
           ESPe = -3.0318549369E+01     ESPe at Nucleus = -3.0318521496E+01
           ESPn =  1.2034259389E+01     ESPn at Nucleus =  1.2034229974E+01

CP# 12     Coords =  1.87574216314659E+00 -1.84234405532005E+00 -1.81240715004834E+00
           Type = (3,-3) NACP N12
           Rho =  1.9140164787E+02     Rho at Nucleus =  1.9140161449E+02
           GradRho = -1.8554976999E-11  8.0255802004E-12 -2.1012303009E-11
           HessRho_EigVals = -3.2206970762E+05 -3.2206779957E+05 -3.2205803860E+05
           HessRho_EigVec1 =  9.9973441893E-01  2.1003556108E-02 -9.4837882456E-03
           HessRho_EigVec2 =  2.0552573481E-02 -6.2643196730E-01  7.7920509628E-01
           HessRho_EigVec3 = -1.0425129831E-02  7.7919307041E-01  6.2669727596E-01
           DelSqRho = -9.6619554578E+05
           Bond Ellipticity = NA
           V = -2.4158138059E+05
           G =  1.6247070026E+01
           K =  2.4156513352E+05
           L =  2.4154888645E+05
           Vnuc =  4.8625788728E+05
           Ven = -9.3070560914E+07
           Vrep =  9.2828979533E+07
           DelSqV =  7.5851864290E+09
           DelSqVen =  4.6982020448E+11
           DelSqVrep = -4.6223501799E+11
           DelSqG =  4.0653239971E+08
           DelSqK = -7.9917188287E+09
           Stress_EigVals = -8.0528708976E+04 -8.0526687326E+04 -8.0525984284E+04
           Stress_EigVec1 = -1.0764400681E-02  8.0029979504E-01  5.9950343263E-01
           Stress_EigVec2 =  1.3523209500E-02 -5.9936682625E-01  8.0036025038E-01
           Stress_EigVec3 =  9.9985061408E-01  1.6722608940E-02 -4.3707971179E-03
           -DivStress =  1.9026512017E+02 -2.2581479398E+04 -2.7412796512E+04
           ESP =  -1.8284271113E+01     ESP at Nucleus =  -1.8284272654E+01
           ESPe = -3.0322063267E+01     ESPe at Nucleus = -3.0322035408E+01
           ESPn =  1.2037792154E+01     ESPn at Nucleus =  1.2037762753E+01

CP# 13     Coords =  1.88529318741559E+00  2.51268800179789E+00 -6.00380284489500E-01
           Type = (3,-3) NACP N13
           Rho =  1.9140202174E+02     Rho at Nucleus =  1.9140198836E+02
           GradRho =  2.0591896244E-11  3.5892178119E-11  1.6302736938E-11
           HessRho_EigVals = -3.2207029851E+05 -3.2206837688E+05 -3.2205861323E+05
           HessRho_EigVec1 =  9.9966680429E-01 -1.7044648951E-02 -1.9384538912E-02
           HessRho_EigVec2 =  2.1497410791E-02  1.3407414078E-01  9.9073810167E-01
           HessRho_EigVec3 =  1.4287817746E-02  9.9082470938E-01 -1.3439588367E-01
           DelSqRho = -9.6619728862E+05
           Bond Ellipticity = NA
           V = -2.4158181417E+05
           G =  1.6246007388E+01
           K =  2.4156556816E+05
           L =  2.4154932215E+05
           Vnuc =  4.8621259697E+05
           Ven = -9.3062074055E+07
           Vrep =  9.2820492241E+07
           DelSqV =  7.5851999195E+09
           DelSqVen =  4.6977729267E+11
           DelSqVrep = -4.6219209275E+11
           DelSqG =  4.0653306258E+08
           DelSqK = -7.9917329821E+09
           Stress_EigVals = -8.0528854977E+04 -8.0526832832E+04 -8.0526126360E+04
           Stress_EigVec1 =  1.4702778428E-02  9.9485225581E-01 -1.0026373930E-01
           Stress_EigVec2 =  1.4585402643E-02  1.0005052121E-01  9.9487544911E-01
           Stress_EigVec3 =  9.9978552417E-01 -1.6089820300E-02 -1.3039300076E-02
           -DivStress =  3.0279795472E+02  3.3497335312E+04 -1.1811415242E+04
           ESP =  -1.8284187811E+01     ESP at Nucleus =  -1.8284189352E+01
           ESPe = -3.0322792301E+01     ESPe at Nucleus = -3.0322764465E+01
           ESPn =  1.2038604490E+01     ESPn at Nucleus =  1.2038575113E+01

CP# 14     Coords =  1.87469510331620E+00 -2.51361877203347E+00  6.00638013960567E-01
           Type = (3,-3) NACP N14
           Rho =  1.9140200293E+02     Rho at Nucleus =  1.9140196955E+02
           GradRho =  9.4925664551E-12 -1.6933121572E-12  1.7687906695E-11
           HessRho_EigVals = -3.2207027070E+05 -3.2206834987E+05 -3.2205858649E+05
           HessRho_EigVec1 =  9.9975268409E-01  1.2574098754E-02  1.8342919473E-02
           HessRho_EigVec2 = -1.9865124270E-02  1.3414307294E-01  9.9076284388E-01
           HessRho_EigVec3 = -9.9973742565E-03  9.9088219684E-01 -1.3435968325E-01
           DelSqRho = -9.6619720706E+05
           Bond Ellipticity = NA
           V = -2.4158179386E+05
           G =  1.6246049790E+01
           K =  2.4156554781E+05
           L =  2.4154930176E+05
           Vnuc =  4.8622657450E+05
           Ven = -9.3064740237E+07
           Vrep =  9.2823158443E+07
           DelSqV =  7.5851992974E+09
           DelSqVen =  4.6979075808E+11
           DelSqVrep = -4.6220555878E+11
           DelSqG =  4.0653303458E+08
           DelSqK = -7.9917323320E+09
           Stress_EigVals = -8.0528848122E+04 -8.0526826004E+04 -8.0526119738E+04
           Stress_EigVec1 = -1.0358115820E-02  9.9491212764E-01 -1.0021261258E-01
           Stress_EigVec2 = -1.3060240971E-02  1.0007483493E-01  9.9489419413E-01
           Stress_EigVec3 =  9.9986106012E-01  1.1614030160E-02  1.1957205401E-02
           -DivStress =  1.6489043000E+02 -3.3496761259E+04  1.1812723552E+04
           ESP =  -1.8284186411E+01     ESP at Nucleus =  -1.8284187953E+01
           ESPe = -3.0326019647E+01     ESPe at Nucleus = -3.0325991823E+01
           ESPn =  1.2041833236E+01     ESPn at Nucleus =  1.2041803870E+01

CP# 15     Coords = -1.08645537776948E+00  1.68465840142453E-02  3.24061150776866E-03
           Type = (3,+3) CCP C1 C2 C3 C4 N11 N12 N13 N14
           Rho =  2.4905642473E-03
           GradRho =  1.0898918516E-16  2.8765957709E-17  2.1402610136E-17
           HessRho_EigVals =  1.1745804549E-03  1.5927571804E-03  7.6339830024E-03
           HessRho_EigVec1 = -6.8870065440E-03  8.6967551725E-01  4.9357579341E-01
           HessRho_EigVec2 =  4.1827625150E-03 -4.9355812751E-01  8.6970275340E-01
           HessRho_EigVec3 =  9.9996753629E-01  8.0541588810E-03 -2.3850809974E-04
           DelSqRho =  1.0401320638E-02
           Bond Ellipticity = NA
           V = -1.5755401198E-03
           G =  2.0879351396E-03
           K = -5.1239501985E-04
           L = -2.6003301595E-03
           Vnuc =  1.4463080690E+01
           Ven = -3.6021231672E-02
           Vrep =  3.4445691553E-02
           DelSqV = -5.4895249944E-03
           DelSqVen = -1.5043513967E-01
           DelSqVrep =  1.4494561467E-01
           DelSqG =  5.5809431751E-03
           DelSqK = -9.1418180671E-05
           Stress_EigVals = -7.1536825780E-04 -5.3664939066E-04 -3.2352247130E-04
           Stress_EigVec1 =  8.6427610882E-04 -1.7473101970E-01  9.8461582548E-01
           Stress_EigVec2 =  3.5790226697E-03  9.8461042751E-01  1.7472692018E-01
           Stress_EigVec3 =  9.9999322179E-01 -3.3729500577E-03 -1.4763415496E-03
           -DivStress =  1.3449279215E-04  2.3623404938E-07  1.8881157937E-07
           ESP =   2.1626572061E-02
           ESPe = -1.4441454118E+01
           ESPn =  1.4463080690E+01

CP# 16     Coords =  1.87358487434890E+00 -4.46318616139857E-04  1.33000756655493E-04
           Type = (3,+1) RCP C1 N12 N14 C2 N11 N13
           Rho =  2.5944036818E-02
           GradRho =  2.5275785747E-19 -2.9693200628E-17  2.8939856509E-17
           HessRho_EigVals = -2.4580381433E-02  9.2447818604E-02  1.4635617009E-01
           HessRho_EigVec1 =  9.9999730479E-01 -2.2505379418E-03 -5.7051653107E-04
           HessRho_EigVec2 =  2.3210737059E-03  9.6324054959E-01  2.6863033382E-01
           HessRho_EigVec3 = -5.5018101649E-05 -2.6863093402E-01  9.6324317712E-01
           DelSqRho =  2.1422360726E-01
           Bond Ellipticity = NA
           V = -3.1997790170E-02
           G =  4.2776845993E-02
           K = -1.0779055823E-02
           L = -5.3555901816E-02
           Vnuc =  1.8587657472E+01
           Ven = -4.8223886982E-01
           Vrep =  4.5024107965E-01
           DelSqV = -2.6504380879E-01
           DelSqVen = -3.9819150342E+00
           DelSqVrep =  3.7168712254E+00
           DelSqG =  2.6460224438E-01
           DelSqK =  4.4156441375E-04
           Stress_EigVals = -1.2676976614E-02 -1.1296714827E-02 -8.0240987284E-03
           Stress_EigVec1 =  9.9999738326E-01 -2.2041217378E-03 -6.1263442179E-04
           Stress_EigVec2 = -3.0928536306E-07 -2.6792766821E-01  9.6343903004E-01
           Stress_EigVec3 =  2.2876786212E-03  9.6343650878E-01  2.6792696779E-01
           -DivStress = -1.7757458577E-04  4.8764788595E-07  7.8212863746E-09
           ESP =   2.5822042688E-01
           ESPe = -1.8329437045E+01
           ESPn =  1.8587657472E+01

CP# 17     Coords = -1.35420733059684E+00 -2.73483946989700E-01 -1.00472357306272E+00
           Type = (3,+1) RCP C1 N12 N14 C4 C3 N13
           Rho =  2.7973876596E-03
           GradRho =  4.7484633936E-18  3.6680662519E-19  1.5520753793E-18
           HessRho_EigVals = -1.3509124125E-03  3.2477215200E-04  1.0335041933E-02
           HessRho_EigVec1 =  3.1920770608E-01  1.3400439693E-01  9.3816270549E-01
           HessRho_EigVec2 = -2.9822944462E-02  9.9088238869E-01 -1.3138753280E-01
           HessRho_EigVec3 =  9.4721540969E-01 -1.3961138690E-02 -3.2029369998E-01
           DelSqRho =  9.3089016721E-03
           Bond Ellipticity = NA
           V = -1.3872874999E-03
           G =  1.8572564590E-03
           K = -4.6996895907E-04
           L = -2.3272254180E-03
           Vnuc =  1.3907196093E+01
           Ven = -3.8903818731E-02
           Vrep =  3.7516531231E-02
