AIMSum (Version 19.02.13, Professional)
Copyright (c) 1997-2019 by Todd A. Keith
AIMSum is a component of the AIMAll package ( http://aim.tkgristmill.com )

TP:  64-bit Linux

Much of the Quantum Theory of Atoms in Molecules (QTAIM) is described in the book:
  "Atoms in Molecules - A Quantum Theory"
  R.F.W. Bader, Oxford University Press, Oxford, 1990

For additional references see:  http://aim.tkgristmill.com/references.html

Wfn File:  /home/mhennefarth/Documents/ML_Diels/summary-N-hayden2009/45-opt/45-opt.wfn
Sum File:  /home/mhennefarth/Documents/ML_Diels/summary-N-hayden2009/45-opt/45-opt.sum

SumViz File:  /home/mhennefarth/Documents/ML_Diels/summary-N-hayden2009/45-opt/45-opt.sumviz

Wfn Title:   Title Card Required                                                           
 
Total memory allocated for AIMSum =        0.728 Megabytes

Atomic units (a.u.) used throughout, except where stated otherwise

Model:  Restricted SCF
 
Restricted, closed-shell, single-determinant wavefunction.
  Number of electrons (from MO Occs)                   =          58.0000000000
  Number of Alpha electrons (from MO Occs)             =          29.0000000000
  Number of Beta electrons (from MO Occs)              =          29.0000000000
  Number of electron pairs (N*(N-1)/2)                 =        1653.0000000000
  Number of electron pairs (from Muller 2EDM)          =        1653.0000000000
 
Nuclear Charges and Cartesian Coordinates:
-------------------------------------------------------------------------------
Atom      Charge                X                  Y                  Z
-------------------------------------------------------------------------------
C1         6.0          -1.8481437900E+00  -2.3852710800E+00   4.2798520000E-02
C2         6.0           4.8711284200E+00  -1.2666549000E+00  -6.8568700000E-03
C3         6.0           4.8723918300E+00   1.2507865000E+00   6.8334900000E-03
H4         1.0          -1.8338814100E+00  -4.4367886900E+00   7.9254240000E-02
H5         1.0           4.8778397200E+00  -2.3581032500E+00   1.7344773900E+00
H6         1.0           4.8812957600E+00  -2.3394323400E+00  -1.7596981700E+00
H7         1.0           4.8801672700E+00   2.3234259500E+00   1.7597641900E+00
H8         1.0           4.8852819500E+00   2.3422012000E+00  -1.7344992200E+00
H9         1.0          -1.7852290400E+00   4.4422894600E+00  -7.9380560000E-02
N10        7.0          -1.8635426100E+00   1.2142860700E+00  -2.2827501000E+00
C11        6.0          -1.8219821000E+00   2.3910626300E+00  -4.2631670000E-02
N12        7.0          -1.8762752600E+00  -1.2082361100E+00   2.2827102800E+00
N13        7.0          -1.8764040400E+00  -1.2888748100E+00  -2.2379991000E+00
N14        7.0          -1.8617552900E+00   1.2952346900E+00   2.2379276900E+00
 
Some Atomic Properties:
----------------------
  q(A) = Net Charge of Atom A
  L(A) = Lagrangian of Atom A = -(1/4) Times Atomic Integral of the Laplacian of the Electron Density
  K(A) = Electronic Kinetic Energy of Atom A (Hamiltonian Form)
  K_Scaled(A) = K(A) * E(Mol)/K(Mol) = Approximation to Virial-Based Total Energy of Atom A.
  |Mu_Intra(A)| = Magnitude of Intraatomic Dipole Moment of Atom A
--------------------------------------------------------------------------------------------------
Atom A          q(A)              L(A)              K(A)          K_Scaled(A)      |Mu_Intra(A)|
--------------------------------------------------------------------------------------------------
C1        1.0735627170E+00  1.3823444487E-04  3.7110989048E+01 -3.7458720871E+01  6.5384798311E-01
C2       -8.5366882900E-02 -1.2719250643E-04  3.7696850321E+01 -3.8050071693E+01  9.5795190653E-02
C3       -8.5467559100E-02 -1.6003499121E-04  3.7696932909E+01 -3.8050155055E+01  9.5811054718E-02
H4        1.0363635135E-01  2.3495080032E-05  5.7885298792E-01 -5.8427686936E-01  1.3931602371E-01
H5        4.4504252600E-02  2.0828238461E-05  5.9393404393E-01 -5.9949923561E-01  1.4585645709E-01
H6        4.4876457780E-02  2.0868163262E-05  5.9379639069E-01 -5.9936029256E-01  1.4577189653E-01
H7        4.4882587350E-02  2.2400868821E-05  5.9380212694E-01 -5.9936608256E-01  1.4575904382E-01
H8        4.4497931750E-02  2.0937632870E-05  5.9393615676E-01 -5.9950136824E-01  1.4585444516E-01
H9        1.0361540650E-01  2.2296244258E-05  5.7886766039E-01 -5.8429167931E-01  1.3932411456E-01
N10      -5.9037643330E-01 -1.0087365151E-04  5.4570100200E+01 -5.5081424767E+01  6.7426886506E-01
C11       1.0736994830E+00  1.2608941499E-04  3.7110950843E+01 -3.7458682308E+01  6.5381492020E-01
N12      -5.9084767040E-01 -1.1708456254E-04  5.4570388908E+01 -5.5081716181E+01  6.7440223533E-01
N13      -5.9027445870E-01  1.5266706376E-04  5.4570047778E+01 -5.5081371854E+01  6.7436644809E-01
N14      -5.9087424610E-01 -1.7136360667E-05  5.4570421920E+01 -5.5081749502E+01  6.7444330261E-01
--------------------------------------------------------------------------------------------------
Total     6.7936830001E-05  2.5495078967E-05  3.7142987129E+02 -3.7491018776E+02
 
1st Largest |L(A)| = 1.6003499121E-04, atom C3      
2nd Largest |L(A)| = 1.5266706376E-04, atom N13     
 
Molecular charge q(Mol) from the wfn file:   0.0000000000E+00
Molecular energy E(Mol) from the wfn file:  -3.7491018434E+02
Molecular virial ratio (-V(Mol)/T(Mol)) from the wfn file:   2.0093700500E+00
Note.  K_Scaled(A) = (1+V(Mol)/T(Mol))*K(A) = (E(Mol)/T(Mol))*K(A)
       Only use K_Scaled(A) data with caution.
 
N_AIMInt(SumA)     =         57.999932
N_Analytic(Mol)    =         57.999995
 
G_AIMInt(SumA)     =        371.429846
G_Analytic(Mol)    =        371.429858
 
K_AIMInt(SumA)     =        371.429871
K_Analytic(Mol)    =        371.429858
 
L_AIMInt(SumA)     =          0.000025
L_Analytic(Mol)    =          0.000000
 
VenT_AIMInt(SumA)  =      -1543.804819
VenT_Analytic(Mol) =      -1543.805026
 
Some Information About the Atomic Calculations:
----------------------------------------------
  Time(sec) = "Elapsed User Time", in Seconds, for Atom A by AIMInt and, if used, by TWOe
  NProc = Number of Processors Used for AIMInt Job
  BIM = Basin Integration Method
  OAQ = Angular Quadrature Outside of Beta Sphere
  ORQ = Multiple of Default for Radial Quadrature Outside of Beta Sphere
  IAQ = Multiple of Default for Angular Quadrature Inside of Beta Sphere
  IRQ = Multiple of Default for Radial Quadrature Inside of Beta Sphere
  MIR = Maximum Integration Radius
------------------------------------------------------------------------------------------------------
Atom A     Time(sec)   NProc      BIM          OAQ                     ORQ      IAQ      IRQ      MIR
------------------------------------------------------------------------------------------------------
C1             30        8     Proaim(5)    4500(GS4)                  1.00     1.00     1.00    13.00
C2             25        8     Proaim(5)    4500(GS4)                  1.00     1.00     1.00    13.00
C3             26        8     Proaim(5)    4500(GS4)                  1.00     1.00     1.00    13.00
H4              6        8     Proaim(5)    1800(GS4)                  1.00     1.00     1.00    13.00
H5              5        8     Proaim(5)    1800(GS4)                  1.00     1.00     1.00    13.00
H6              5        8     Proaim(5)    1800(GS4)                  1.00     1.00     1.00    13.00
H7              5        8     Proaim(5)    1800(GS4)                  1.00     1.00     1.00    13.00
H8              5        8     Proaim(5)    1800(GS4)                  1.00     1.00     1.00    13.00
H9              5        8     Proaim(5)    1800(GS4)                  1.00     1.00     1.00    13.00
N10            17        8     Proaim(5)    4500(GS4)                  1.00     1.00     1.00    13.00
C11            30        8     Proaim(5)    4500(GS4)                  1.00     1.00     1.00    13.00
N12            17        8     Proaim(5)    4500(GS4)                  1.00     1.00     1.00    13.00
N13            17        8     Proaim(5)    4500(GS4)                  1.00     1.00     1.00    13.00
N14            17        8     Proaim(5)    4500(GS4)                  1.00     1.00     1.00    13.00
------------------------------------------------------------------------------------------------------
Total         210
Note:  Total wall clock time is less than total of atomic times if more than one atom
       was calculated at a time
 
Electron Density Critical Point Analysis of Molecular Structure:               
---------------------------------------------------------------                
  NACP = Nuclear Attractor Critical Point                                      
  NNACP = Non-Nuclear Attractor Critical Point                                 
  BCP = Bond Critical Point                                                    
  RCP = Ring Critical Point                                                    
  CCP = Cage Critical Point                                                    
  Rho = Electron Density                                                       
  GradRho = Gradient of Electron Density                                       
  HessRho_EigVals = Eigenvalues of the Hessian of Rho, Ascending Order         
  HessRho_EigVecs = Eigenvectors of the Hessian of Rho                         
  DelSqRho = Laplacian of Rho = Trace of Hessian of Rho                        
  Bond Ellipticity = (HessRho_EigVal(1) / HessRho_EigVal(2)) - 1               
  V = Virial Field = Potential Energy Density = Trace of Stress Tensor         
  G = Lagrangian Form of Kinetic Energy Density                                
  K = Hamiltonian Form of Kinetic Energy Density                               
  L = K - G = Lagrangian Density = (-1/4)DelSqRho                              
  Vnuc = Electrostatic Potential from Nuclei                                   
  Ven = Electron-nuclear attractive contribution to Virial Field V             
  Vrep = V - Ven = Repulsive contribution to Virial Field V                    
  DelSqV = Laplacian of V                                                      
  DelSqVen = Laplacian of Ven                                                  
  DelSqVrep = Laplacian of Vrep                                                
  DelSqG = Laplacian of G                                                      
  DelSqK = Laplacian of K                                                      
  Stress_EigVals = Eigenvalues of Stress Tensor, Ascending Order               
  Stress_EigVecs = Eigenvectors of Stress Tensor                               
  -DivStress = Ehrenfest Force Density = Minus Divergence of Stress Tensor     
  ESP = Total Electrostatic Potential                                          
  ESPe = Electrostatic Potential from Electrons                                
  ESPn = Electrostatic Potential from Nuclei                                   
  BP = Bond Path                                                               
  BPL = Bond Path Length                                                       
  GBL = Geometric Bond Length                                                  
  GBL_I = Distance Between Nuclear Attractors                                  
  GBL_II = Distance Between Nuclei                                             
  GBL_III = Sum of Distances Between BCP and Nuclear Attractors                
  GBL_IV = Sum of Distances Between BCP and Nuclei                             

CP# 1      Coords = -1.84814376208712E+00 -2.38526896779718E+00  4.27984805154120E-02
           Type = (3,-3) NACP C1
           Rho =  1.1764945899E+02     Rho at Nucleus =  1.1764945867E+02
           GradRho =  9.8013343838E-12  2.0288932442E-09 -3.8777311548E-11
           HessRho_EigVals = -1.4493477095E+05 -1.4493366942E+05 -1.4493310724E+05
           HessRho_EigVec1 =  9.9998426162E-01  5.6072937135E-03  1.8644393895E-04
           HessRho_EigVec2 = -2.8390584612E-04  1.7385503677E-02  9.9984882040E-01
           HessRho_EigVec3 = -5.6032045833E-03  9.9983313734E-01 -1.7386822001E-02
           DelSqRho = -4.3480154761E+05
           Bond Ellipticity = NA
           V = -1.0871072371E+05
           G =  5.1684035215E+00
           K =  1.0870555531E+05
           L =  1.0870038690E+05
           Vnuc =  2.8399050957E+06
           Ven = -3.3411329810E+08
           Vrep =  3.3400458738E+08
           DelSqV =  2.4940145978E+09
           DelSqVen =  1.2347952169E+12
           DelSqVrep = -1.2323012023E+12
           DelSqG =  1.3393108740E+08
           DelSqK = -2.6279456852E+09
           Stress_EigVals = -3.6237219516E+04 -3.6237034788E+04 -3.6236469407E+04
           Stress_EigVec1 = -8.6240669150E-03  9.9981757767E-01 -1.7042207900E-02
           Stress_EigVec2 = -1.3378851444E-04  1.7041687860E-02  9.9985477094E-01
           Stress_EigVec3 =  9.9996280309E-01  8.6250945016E-03 -1.3204548017E-05
           -DivStress = -2.4507049081E+01 -1.7206397030E+03  3.2153479856E+01
           ESP =  -1.4640537505E+01     ESP at Nucleus =  -1.4640537519E+01
           ESPe = -2.7521108574E+01     ESPe at Nucleus = -2.7521104857E+01
           ESPn =  1.2880571069E+01     ESPn at Nucleus =  1.2880567338E+01

CP# 2      Coords =  4.87112836144071E+00 -1.26665582742046E+00 -6.85687013237452E-03
           Type = (3,-3) NACP C2
           Rho =  1.1768385775E+02     Rho at Nucleus =  1.1768385768E+02
           GradRho = -3.0338162005E-11 -1.8531995814E-10 -7.6360180139E-15
           HessRho_EigVals = -1.4501344042E+05 -1.4501235308E+05 -1.4501216618E+05
           HessRho_EigVec1 =  9.9994337528E-01 -1.0612016157E-02  7.9457423834E-04
           HessRho_EigVec2 = -8.9215131382E-04 -9.1933946633E-03  9.9995734187E-01
           HessRho_EigVec3 =  1.0604258634E-02  9.9990142845E-01  9.2023416141E-03
           DelSqRho = -4.3503795968E+05
           Bond Ellipticity = NA
           V = -1.0876967571E+05
           G =  5.0928966321E+00
           K =  1.0876458282E+05
           L =  1.0875948992E+05
           Vnuc =  6.4567086746E+06
           Ven = -7.5985038516E+08
           Vrep =  7.5974161548E+08
           DelSqV =  2.4954033767E+09
           DelSqVen =  2.8089135923E+12
           DelSqVrep = -2.8064181889E+12
           DelSqG =  1.3404004678E+08
           DelSqK = -2.6294434234E+09
           Stress_EigVals = -3.6256822363E+04 -3.6256707872E+04 -3.6256145479E+04
           Stress_EigVec1 =  3.4680865758E-03  9.9996745839E-01  7.2838549336E-03
           Stress_EigVec2 = -9.6451245270E-04 -7.2805504056E-03  9.9997303129E-01
           Stress_EigVec3 =  9.9999352102E-01 -3.4750184147E-03  9.3923148678E-04
           -DivStress =  4.5469521799E+01  7.5302688428E+02  1.0700084792E-01
           ESP =  -1.4737144107E+01     ESP at Nucleus =  -1.4737144121E+01
           ESPe = -2.4334569527E+01     ESPe at Nucleus = -2.4334570353E+01
           ESPn =  9.5974254193E+00     ESPn at Nucleus =  9.5974262318E+00

CP# 3      Coords =  4.87239177345475E+00  1.25078742838036E+00  6.83348978445717E-03
           Type = (3,-3) NACP C3
           Rho =  1.1768397042E+02     Rho at Nucleus =  1.1768397036E+02
           GradRho = -3.8573692817E-11  1.7513469306E-10 -1.5467150054E-14
           HessRho_EigVals = -1.4501361523E+05 -1.4501252873E+05 -1.4501234169E+05
           HessRho_EigVec1 =  9.9995549011E-01  9.2959776808E-03  1.6132564107E-03
           HessRho_EigVec2 = -1.5260609021E-03 -9.3793891016E-03  9.9995484808E-01
           HessRho_EigVec3 = -9.3106893091E-03  9.9991280213E-01  9.3647853979E-03
           DelSqRho = -4.3503848566E+05
           Bond Ellipticity = NA
           V = -1.0876980742E+05
           G =  5.0930033419E+00
           K =  1.0876471442E+05
           L =  1.0875962141E+05
           Vnuc =  6.4509233124E+06
           Ven = -7.5917026829E+08
           Vrep =  7.5906149849E+08
           DelSqV =  2.4954064209E+09
           DelSqVen =  2.8064002867E+12
           DelSqVrep = -2.8039047492E+12
           DelSqG =  1.3404024361E+08
           DelSqK = -2.6294466645E+09
           Stress_EigVals = -3.6256866209E+04 -3.6256751708E+04 -3.6256189504E+04
           Stress_EigVec1 = -2.1589976965E-03  9.9997065305E-01  7.3506310195E-03
           Stress_EigVec2 = -1.4805243564E-03 -7.3538364648E-03  9.9997186417E-01
           Stress_EigVec3 =  9.9999657338E-01  2.1480541630E-03  1.4963578235E-03
           -DivStress =  4.3845683688E+01 -7.5380574821E+02  1.7278457714E-01
           ESP =  -1.4737148642E+01     ESP at Nucleus =  -1.4737148656E+01
           ESPe = -2.4337959023E+01     ESPe at Nucleus = -2.4337959848E+01
           ESPn =  9.6008103802E+00     ESPn at Nucleus =  9.6008111920E+00

CP# 4      Coords = -1.83415052656959E+00 -4.39985800987196E+00  7.85984283800698E-02
           Type = (3,-3) NACP H4
           Rho =  4.2777971488E-01     Rho at Nucleus =  4.2365043343E-01
           GradRho =  5.1781680840E-16 -1.4240261893E-15 -3.4560108918E-17
           HessRho_EigVals = -6.5374678048E+00 -6.5245134694E+00 -5.8764656773E+00
           HessRho_EigVec1 = -8.3803201375E-05  1.7757706859E-02  9.9984231598E-01
           HessRho_EigVec2 =  9.9997448448E-01  7.1434265053E-03 -4.3056600097E-05
           HessRho_EigVec3 = -7.1430646876E-03  9.9981680087E-01 -1.7757852404E-02
           DelSqRho = -1.8938446952E+01
           Bond Ellipticity = NA
           V = -4.7424173119E+00
           G =  3.9027869881E-03
           K =  4.7385145249E+00
           L =  4.7346117379E+00
           Vnuc =  3.8932819368E+01
           Ven = -1.6654670369E+01
           Vrep =  1.1912253057E+01
           DelSqV =  7.1145821822E+02
           DelSqVen =  7.3732713428E+02
           DelSqVrep = -2.5868916056E+01
           DelSqG =  7.0234848514E+01
           DelSqK = -7.8169306674E+02
           Stress_EigVals = -1.6367375504E+00 -1.6346051601E+00 -1.4710746014E+00
           Stress_EigVec1 =  2.9477965409E-05  1.7756497032E-02  9.9984234054E-01
           Stress_EigVec2 =  9.9997388103E-01  7.2258121115E-03 -1.5780718658E-04
           Stress_EigVec3 = -7.2274749968E-03  9.9981623034E-01 -1.7755820248E-02
           -DivStress =  6.1168409637E-02 -8.3836026025E+00  1.4887251231E-01
           ESP =  -1.0561838475E+00     ESP at Nucleus =  -1.0589673126E+00
           ESPe = -1.2916232688E+01     ESPe at Nucleus = -1.2815049502E+01
           ESPn =  1.1860048841E+01     ESPn at Nucleus =  1.1756082189E+01

CP# 5      Coords =  4.87770368270607E+00 -2.33954331318534E+00  1.70472226600710E+00
           Type = (3,-3) NACP H5
           Rho =  4.2506888156E-01     Rho at Nucleus =  4.2136278686E-01
           GradRho =  9.5114504905E-16  7.7461671246E-15 -1.2594171845E-14
           HessRho_EigVals = -6.4703109354E+00 -6.4638472490E+00 -5.8692347037E+00
           HessRho_EigVec1 = -9.6481573373E-03  8.4840401536E-01  5.2926131521E-01
           HessRho_EigVec2 =  9.9994577139E-01  1.0260814139E-02  1.7804403750E-03
           HessRho_EigVec3 =  3.9201192233E-03 -5.2924979208E-01  8.4845700554E-01
           DelSqRho = -1.8803392888E+01
           Bond Ellipticity = NA
           V = -4.7098570522E+00
           G =  4.5044150622E-03
           K =  4.7053526371E+00
           L =  4.7008482220E+00
           Vnuc =  3.9126106758E+01
           Ven = -1.6631290439E+01
           Vrep =  1.1921433387E+01
           DelSqV =  7.0788308378E+02
           DelSqVen =  7.3570355756E+02
           DelSqVrep = -2.7820473785E+01
           DelSqG =  6.9651599135E+01
           DelSqK = -7.7753468291E+02
           Stress_EigVals = -1.6208480272E+00 -1.6201157052E+00 -1.4688933197E+00
           Stress_EigVec1 = -6.1213511201E-04  8.4751738154E-01  5.3076728731E-01
           Stress_EigVec2 =  9.9999254448E-01  2.5424199249E-03 -2.9063858420E-03
           Stress_EigVec3 =  3.8126458453E-03 -5.3076155107E-01  8.4751261916E-01
           -DivStress =  3.0425263228E-02 -4.1859815551E+00  6.7082073035E+00
           ESP =  -1.1029663980E+00     ESP at Nucleus =  -1.1054288000E+00
           ESPe = -1.1714120014E+01     ESPe at Nucleus = -1.1642976290E+01
           ESPn =  1.0611153616E+01     ESPn at Nucleus =  1.0537547490E+01

CP# 6      Coords =  4.88110333594875E+00 -2.32118488682891E+00 -1.72973636095747E+00
           Type = (3,-3) NACP H6
           Rho =  4.2503416388E-01     Rho at Nucleus =  4.2132593692E-01
           GradRho =  1.0000012477E-15  8.2841493014E-15  1.3639979496E-14
           HessRho_EigVals = -6.4696573805E+00 -6.4631948390E+00 -5.8683985040E+00
           HessRho_EigVec1 = -8.4435431526E-03  8.5400963061E-01 -5.2018867481E-01
           HessRho_EigVec2 =  9.9994898640E-01  1.0094922023E-02  3.4227621502E-04
           HessRho_EigVec3 = -5.5435712933E-03  5.2015924808E-01  8.5405130142E-01
           DelSqRho = -1.8801250723E+01
           Bond Ellipticity = NA
           V = -4.7093190737E+00
           G =  4.5031964196E-03
           K =  4.7048158773E+00
           L =  4.7003126809E+00
           Vnuc =  3.9113963131E+01
           Ven = -1.6624770615E+01
           Vrep =  1.1915451542E+01
           DelSqV =  7.0779068045E+02
           DelSqVen =  7.3539142762E+02
           DelSqVrep = -2.7600747169E+01
           DelSqG =  6.9641528582E+01
           DelSqK = -7.7743220903E+02
           Stress_EigVals = -1.6206838637E+00 -1.6199522780E+00 -1.4686829320E+00
           Stress_EigVec1 =  6.1874491543E-04  8.5313755186E-01 -5.2168566663E-01
           Stress_EigVec2 =  9.9998508356E-01  2.3032016104E-03  4.9525674837E-03
           Stress_EigVec3 = -5.4267685659E-03  5.2168094931E-01  8.5312340099E-01
           -DivStress =  4.3128108096E-02 -4.1150683133E+00 -6.7540565916E+00
           ESP =  -1.1030198872E+00     ESP at Nucleus =  -1.1054836947E+00
           ESPe = -1.1711987627E+01     ESPe at Nucleus = -1.1640789431E+01
           ESPn =  1.0608967739E+01     ESPn at Nucleus =  1.0535305736E+01

CP# 7      Coords =  4.88001459515109E+00  2.30518170398114E+00  1.72980009143942E+00
           Type = (3,-3) NACP H7
           Rho =  4.2503746351E-01     Rho at Nucleus =  4.2132918161E-01
           GradRho = -2.0325911087E-15 -9.6580907402E-15 -1.4563539541E-14
           HessRho_EigVals = -6.4697166292E+00 -6.4632543817E+00 -5.8684539914E+00
           HessRho_EigVec1 =  1.0960373573E-02  8.5404154466E-01 -5.2008932906E-01
           HessRho_EigVec2 =  9.9993021610E-01 -1.1654072653E-02  1.9353338914E-03
           HessRho_EigVec3 =  4.4083032807E-03  5.2007424718E-01  8.5410967930E-01
           DelSqRho = -1.8801425002E+01
           Bond Ellipticity = NA
           V = -4.7093632044E+00
           G =  4.5034769059E-03
           K =  4.7048597275E+00
           L =  4.7003562506E+00
           Vnuc =  3.9121388755E+01
           Ven = -1.6628055845E+01
           Vrep =  1.1918692641E+01
           DelSqV =  7.0779716999E+02
           DelSqVen =  7.3553785666E+02
           DelSqVrep = -2.7740686667E+01
           DelSqG =  6.9642324843E+01
           DelSqK = -7.7743949484E+02
           Stress_EigVals = -1.6206989217E+00 -1.6199672342E+00 -1.4686970485E+00
           Stress_EigVec1 =  1.7496737669E-03  8.5318510771E-01 -5.2160532075E-01
           Stress_EigVec2 =  9.9998924498E-01 -3.7331797572E-03 -2.7519627716E-03
           Stress_EigVec3 =  4.2951800783E-03  5.2159489583E-01  8.5318246353E-01
           -DivStress =  3.4180140453E-02  4.1143791490E+00  6.7546337364E+00
           ESP =  -1.1030052169E+00     ESP at Nucleus =  -1.1054691307E+00
           ESPe = -1.1719473270E+01     ESPe at Nucleus = -1.1648320591E+01
           ESPn =  1.0616468053E+01     ESPn at Nucleus =  1.0542851460E+01

CP# 8      Coords =  4.88503918462799E+00  2.32364316900170E+00 -1.70474470471924E+00
           Type = (3,-3) NACP H8
           Rho =  4.2506787823E-01     Rho at Nucleus =  4.2136197013E-01
           GradRho = -1.4541476238E-15 -9.0509919455E-15  1.2477765378E-14
           HessRho_EigVals = -6.4703215934E+00 -6.4638594407E+00 -5.8692653720E+00
           HessRho_EigVec1 =  9.5994571443E-03  8.4840497320E-01  5.2926066534E-01
           HessRho_EigVec2 =  9.9992969425E-01 -1.1828983876E-02  8.2565459587E-04
           HessRho_EigVec3 = -6.9611053416E-03 -5.2921552943E-01  8.4845887727E-01
           DelSqRho = -1.8803446406E+01
           Bond Ellipticity = NA
           V = -4.7098703159E+00
           G =  4.5043571747E-03
           K =  4.7053659587E+00
           L =  4.7008616015E+00
           Vnuc =  3.9128909681E+01
           Ven = -1.6632442615E+01
           Vrep =  1.1922572299E+01
           DelSqV =  7.0788630535E+02
           DelSqVen =  7.3575835611E+02
           DelSqVrep = -2.7872050755E+01
           DelSqG =  6.9652163935E+01
           DelSqK = -7.7753846929E+02
           Stress_EigVals = -1.6208507730E+00 -1.6201184198E+00 -1.4689011231E+00
           Stress_EigVec1 =  3.6194545616E-04  8.4753361815E-01  5.3074158976E-01
           Stress_EigVec2 =  9.9997644965E-01 -3.9441407014E-03  5.6163959343E-03
           Stress_EigVec3 = -6.8534038732E-03 -5.3072705778E-01  8.4751508600E-01
           -DivStress =  5.4500141315E-02  4.1855644972E+00 -6.7080936477E+00
           ESP =  -1.1029502520E+00     ESP at Nucleus =  -1.1054124227E+00
           ESPe = -1.1716135427E+01     ESPe at Nucleus = -1.1644966715E+01
           ESPn =  1.0613185175E+01     ESPn at Nucleus =  1.0539554292E+01

CP# 9      Coords = -1.78590323045712E+00  4.40536466065977E+00 -7.87191546234191E-02
           Type = (3,-3) NACP H9
           Rho =  4.2779020059E-01     Rho at Nucleus =  4.2366093046E-01
           GradRho = -2.3647832779E-17  1.4032809950E-15  1.2312312103E-17
           HessRho_EigVals = -6.5376596699E+00 -6.5247072559E+00 -5.8766486810E+00
           HessRho_EigVec1 =  5.0946494883E-04  1.7900909392E-02  9.9983963609E-01
           HessRho_EigVec2 =  9.9983587758E-01 -1.8115839271E-02 -1.8512102359E-04
           HessRho_EigVec3 =  1.8109620310E-02  9.9967563430E-01 -1.7907200836E-02
           DelSqRho = -1.8939015607E+01
           Bond Ellipticity = NA
           V = -4.7425589113E+00
           G =  3.9025048052E-03
           K =  4.7386564065E+00
           L =  4.7347539017E+00
           Vnuc =  3.8940687362E+01
           Ven = -1.6658444458E+01
           Vrep =  1.1915885546E+01
           DelSqV =  7.1148029844E+02
           DelSqVen =  7.3749828568E+02
           DelSqVrep = -2.6017987237E+01
           DelSqG =  7.0237357708E+01
           DelSqK = -7.8171765615E+02
           Stress_EigVals = -1.6367856060E+00 -1.6346528204E+00 -1.4711204849E+00
           Stress_EigVec1 =  3.9623589676E-04  1.7903392477E-02  9.9983964291E-01
           Stress_EigVec2 =  9.9983441557E-01 -1.8197155759E-02 -7.0390752407E-05
           Stress_EigVec3 =  1.8192977483E-02  9.9967411293E-01 -1.7907638320E-02
           -DivStress =  1.5312451194E-01  8.3825158680E+00 -1.5014948469E-01
           ESP =  -1.0561935413E+00     ESP at Nucleus =  -1.0589769559E+00
           ESPe = -1.2923665383E+01     ESPe at Nucleus = -1.2822495366E+01
           ESPn =  1.1867471842E+01     ESPn at Nucleus =  1.1763518410E+01

CP# 10     Coords = -1.86354248797316E+00  1.21427803026399E+00 -2.28273815434100E+00
           Type = (3,-3) NACP N10
           Rho =  1.9140141831E+02     Rho at Nucleus =  1.9140138492E+02
           GradRho =  1.8113635591E-11 -2.9072078078E-11  6.8749006488E-11
           HessRho_EigVals = -3.2206955837E+05 -3.2206765578E+05 -3.2205789923E+05
           HessRho_EigVec1 =  9.9915238596E-01 -2.8728916703E-02 -2.9481502190E-02
           HessRho_EigVec2 =  3.7761701043E-02  9.2479462936E-01  3.7858809733E-01
           HessRho_EigVec3 =  1.6387908978E-02 -3.7938047242E-01  9.2509561321E-01
           DelSqRho = -9.6619511338E+05
           Bond Ellipticity = NA
           V = -2.4158127469E+05
           G =  1.6248172880E+01
           K =  2.4156502652E+05
           L =  2.4154877835E+05
           Vnuc =  4.8613369083E+05
           Ven = -9.3046677914E+07
           Vrep =  9.2805096639E+07
           DelSqV =  7.5851834631E+09
           DelSqVen =  4.6969999686E+11
           DelSqVrep = -4.6211481340E+11
           DelSqG =  4.0653255313E+08
           DelSqK = -7.9917160162E+09
           Stress_EigVals = -8.0528672185E+04 -8.0526652204E+04 -8.0525950302E+04
           Stress_EigVec1 =  1.7116979837E-02 -3.4758182033E-01  9.3749340647E-01
           Stress_EigVec2 =  2.7170451585E-02  9.3744621402E-01  3.4706823879E-01
           Stress_EigVec3 =  9.9948425478E-01 -1.9531359166E-02 -2.5490202965E-02
           -DivStress = -3.0135452633E+02  1.9839395877E+04 -2.9468688047E+04
           ESP =  -1.8284675392E+01     ESP at Nucleus =  -1.8284676933E+01
           ESPe = -3.0331961337E+01     ESPe at Nucleus = -3.0331933400E+01
           ESPn =  1.2047285945E+01     ESPn at Nucleus =  1.2047256467E+01

CP# 11     Coords = -1.82198209296422E+00  2.39106051809237E+00 -4.26316329982167E-02
           Type = (3,-3) NACP C11
           Rho =  1.1764959288E+02     Rho at Nucleus =  1.1764959255E+02
           GradRho = -6.2141780125E-12 -2.0573153702E-09  3.5498377675E-11
           HessRho_EigVals = -1.4493496877E+05 -1.4493386739E+05 -1.4493330526E+05
           HessRho_EigVec1 =  9.9986225628E-01 -1.6592411184E-02 -4.0044586829E-04
           HessRho_EigVec2 =  6.9885399182E-04  1.7982721635E-02  9.9983805355E-01
           HessRho_EigVec3 =  1.6582522995E-02  9.9970061199E-01 -1.7991840301E-02
           DelSqRho = -4.3480214142E+05
           Bond Ellipticity = NA
           V = -1.0871087229E+05
           G =  5.1684665394E+00
           K =  1.0870570382E+05
           L =  1.0870053535E+05
           Vnuc =  2.8405945119E+06
           Ven = -3.3419478785E+08
           Vrep =  3.3408607698E+08
           DelSqV =  2.4940180256E+09
           DelSqVen =  1.2350965350E+12
           DelSqVrep = -1.2326025170E+12
           DelSqG =  1.3393130169E+08
           DelSqK = -2.6279493273E+09
           Stress_EigVals = -3.6237269031E+04 -3.6237084348E+04 -3.6236518908E+04
           Stress_EigVec1 =  1.9588491855E-02  9.9964077673E-01 -1.8292306669E-02
           Stress_EigVec2 =  5.6221146143E-04  1.8284801104E-02  9.9983266098E-01
           Stress_EigVec3 =  9.9980796901E-01 -1.9595498081E-02 -2.0383782449E-04
           -DivStress = -7.5273171150E+00  1.7204159664E+03 -3.0141663587E+01
           ESP =  -1.4640548687E+01     ESP at Nucleus =  -1.4640548701E+01
           ESPe = -2.7526573617E+01     ESPe at Nucleus = -2.7526569904E+01
           ESPn =  1.2886024931E+01     ESPn at Nucleus =  1.2886021203E+01

CP# 12     Coords = -1.87627505247336E+00 -1.20822807304196E+00  2.28269833398533E+00
           Type = (3,-3) NACP N12
           Rho =  1.9140141539E+02     Rho at Nucleus =  1.9140138200E+02
           GradRho =  1.8586035488E-11  2.4740987037E-11 -2.9087843245E-13
           HessRho_EigVals = -3.2206955379E+05 -3.2206765238E+05 -3.2205789514E+05
           HessRho_EigVec1 =  9.9941855800E-01  1.7669494282E-02  2.9160502489E-02
           HessRho_EigVec2 = -2.7399305063E-02  9.2522580642E-01  3.7842632734E-01
           HessRho_EigVec3 = -2.0293447604E-02 -3.7900527188E-01  9.2517197313E-01
           DelSqRho = -9.6619510131E+05
           Bond Ellipticity = NA
           V = -2.4158127134E+05
           G =  1.6248004660E+01
           K =  2.4156502333E+05
           L =  2.4154877533E+05
           Vnuc =  4.8614305040E+05
           Ven = -9.3048467928E+07
           Vrep =  9.2806886656E+07
           DelSqV =  7.5851833618E+09
           DelSqVen =  4.6970903366E+11
           DelSqVrep = -4.6212385030E+11
           DelSqG =  4.0653254848E+08
           DelSqK = -7.9917159103E+09
           Stress_EigVals = -8.0528671135E+04 -8.0526650866E+04 -8.0525949335E+04
           Stress_EigVec1 = -2.0665310081E-02 -3.4713453768E-01  9.3758762668E-01
           Stress_EigVec2 = -1.6725062761E-02  9.3777669462E-01  3.4683590255E-01
           Stress_EigVec3 =  9.9964654615E-01  8.5137404265E-03  2.5185293110E-02
           -DivStress = -5.1233023924E+02 -1.9832523855E+04  2.9469539034E+04
           ESP =  -1.8284676370E+01     ESP at Nucleus =  -1.8284677911E+01
           ESPe = -3.0329454043E+01     ESPe at Nucleus = -3.0329426095E+01
           ESPn =  1.2044777673E+01     ESPn at Nucleus =  1.2044748184E+01

CP# 13     Coords = -1.87640383695464E+00 -1.28886635055562E+00 -2.23798744967860E+00
           Type = (3,-3) NACP N13
           Rho =  1.9140146357E+02     Rho at Nucleus =  1.9140143018E+02
           GradRho = -1.9300436249E-11 -1.0408229834E-11 -3.3125946430E-11
           HessRho_EigVals = -3.2206962218E+05 -3.2206771688E+05 -3.2205796098E+05
           HessRho_EigVec1 =  9.9942156018E-01  1.6495523970E-02 -2.9739581990E-02
           HessRho_EigVec2 = -2.7280592419E-02  9.1101092550E-01 -4.1147887296E-01
           HessRho_EigVec3 =  2.0305524501E-02  4.1205217061E-01  9.1093396817E-01
           DelSqRho = -9.6619530005E+05
           Bond Ellipticity = NA
           V = -2.4158132070E+05
           G =  1.6247842203E+01
           K =  2.4156507285E+05
           L =  2.4154882501E+05
           Vnuc =  4.8615432043E+05
           Ven = -9.3050648450E+07
           Vrep =  9.2809067129E+07
           DelSqV =  7.5851848801E+09
           DelSqVen =  4.6972001965E+11
           DelSqVrep = -4.6213483477E+11
           DelSqG =  4.0653261154E+08
           DelSqK = -7.9917174916E+09
           Stress_EigVals = -8.0528687640E+04 -8.0526667818E+04 -8.0525965238E+04
           Stress_EigVec1 =  2.0694488854E-02  3.8072701869E-01  9.2445588070E-01
           Stress_EigVec2 = -1.6713430204E-02  9.2465642944E-01 -3.8043547252E-01
           Stress_EigVec3 =  9.9964613708E-01  7.5779111930E-03 -2.5498546626E-02
           -DivStress = -5.0119962909E+02 -2.0874774772E+04 -2.8739889812E+04
           ESP =  -1.8284647022E+01     ESP at Nucleus =  -1.8284648563E+01
           ESPe = -3.0329996609E+01     ESPe at Nucleus = -3.0329968667E+01
           ESPn =  1.2045349587E+01     ESPn at Nucleus =  1.2045320104E+01

CP# 14     Coords = -1.86175518273563E+00  1.29522622933586E+00  2.23791603980315E+00
           Type = (3,-3) NACP N14
           Rho =  1.9140146069E+02     Rho at Nucleus =  1.9140142731E+02
           GradRho = -3.8410802317E-12 -2.1600832234E-11 -6.3149485641E-12
           HessRho_EigVals = -3.2206964059E+05 -3.2206773825E+05 -3.2205798189E+05
           HessRho_EigVec1 =  9.9918049967E-01 -2.7603194066E-02  2.9603931604E-02
           HessRho_EigVec2 =  3.7345499323E-02  9.1074488535E-01 -4.1127736077E-01
           HessRho_EigVec3 = -1.5609060491E-02  4.1204589244E-01  9.1102938468E-01
           DelSqRho = -9.6619536073E+05
           Bond Ellipticity = NA
           V = -2.4158133607E+05
           G =  1.6247944230E+01
           K =  2.4156508813E+05
           L =  2.4154884018E+05
           Vnuc =  4.8616837505E+05
           Ven = -9.3053337127E+07
           Vrep =  9.2811755791E+07
           DelSqV =  7.5851853759E+09
           DelSqVen =  4.6973362842E+11
           DelSqVrep = -4.6214844304E+11
           DelSqG =  4.0653267194E+08
           DelSqK = -7.9917180479E+09
           Stress_EigVals = -8.0528692679E+04 -8.0526672590E+04 -8.0525970803E+04
           Stress_EigVec1 = -1.6344852313E-02  3.8063992527E-01  9.2457887337E-01
           Stress_EigVec2 =  2.6861970364E-02  9.2453580115E-01 -3.8014732268E-01
           Stress_EigVec3 =  9.9950551792E-01 -1.8622558450E-02  2.5336139520E-02
           -DivStress = -2.6485176568E+02  2.0877774329E+04  2.8739599830E+04
           ESP =  -1.8284666470E+01     ESP at Nucleus =  -1.8284668011E+01
           ESPe = -3.0332870912E+01     ESPe at Nucleus = -3.0332842985E+01
           ESPn =  1.2048204442E+01     ESPn at Nucleus =  1.2048174974E+01

CP# 15     Coords =  1.07015527219320E+00 -1.89077564744338E-02 -5.80844930429065E-04
           Type = (3,+3) CCP C1 C2 C3 N10 C11 N12 N13 N14
           Rho =  2.6357299759E-03
           GradRho = -6.0104597261E-14 -5.4923437888E-14  1.1923806786E-14
           HessRho_EigVals =  7.3855267096E-04  2.2351084112E-03  7.9195803670E-03
           HessRho_EigVec1 = -4.4353059289E-05  8.4447881970E-03  9.9996434116E-01
           HessRho_EigVec2 = -4.6324139344E-03  9.9995361110E-01 -8.4449030498E-03
           HessRho_EigVec3 =  9.9998926933E-01  4.6326233051E-03  5.2312472826E-06
           DelSqRho =  1.0893241449E-02
           Bond Ellipticity = NA
           V = -1.6767485128E-03
           G =  2.2000294375E-03
           K = -5.2328092477E-04
           L = -2.7233103623E-03
           Vnuc =  1.4551715898E+01
           Ven = -3.8354393792E-02
           Vrep =  3.6677645279E-02
           DelSqV = -5.6572881245E-03
           DelSqVen = -1.5851535477E-01
           DelSqVrep =  1.5285806665E-01
           DelSqG =  5.8643906941E-03
           DelSqK = -2.0710256961E-04
           Stress_EigVals = -6.6806693112E-04 -6.6109696793E-04 -3.4758461371E-04
           Stress_EigVec1 =  2.0052044163E-03  9.4418101469E-01 -3.2942099305E-01
           Stress_EigVec2 =  9.2715318084E-04  3.2941975838E-01  9.4418311952E-01
           Stress_EigVec3 =  9.9999755977E-01 -2.1987038826E-03 -2.1484647674E-04
           -DivStress = -1.3309753940E-04  2.6239659623E-06  9.7456287678E-09
           ESP =   2.2585912995E-02
           ESPe = -1.4529129985E+01
           ESPn =  1.4551715898E+01

CP# 16     Coords =  1.41740169292316E+00 -1.54299815390830E+00  1.00470140401555E-02
           Type = (3,-1) BCP C2 C1
           Rho =  3.5665882803E-03
           GradRho =  2.9915469211E-13  4.5911350004E-13  3.4307676305E-14
           HessRho_EigVals = -1.7754239278E-03 -1.1647512345E-03  1.3326026982E-02
           HessRho_EigVec1 = -2.0707241567E-01  9.7832418569E-01 -1.6740247689E-03
           HessRho_EigVec2 =  3.7876607626E-03  2.5127944045E-03  9.9998966969E-01
           HessRho_EigVec3 =  9.7831828578E-01  2.0706393591E-01 -4.2258905387E-03
           DelSqRho =  1.0385851819E-02
           Bond Ellipticity =  5.2429452334E-01
           V = -1.5189142714E-03
           G =  2.0576886131E-03
           K = -5.3877434175E-04
           L = -2.5964629549E-03
           Vnuc =  1.3655900401E+01
           Ven = -4.8704974325E-02
           Vrep =  4.7186060054E-02
           DelSqV = -5.1955442498E-03
           DelSqVen = -1.4182815802E-01
           DelSqVrep =  1.3663261377E-01
           DelSqG =  7.1073705373E-03
           DelSqK = -1.9118262875E-03
           Stress_EigVals = -6.9420631065E-04 -6.8968622333E-04 -1.3502173739E-04
           Stress_EigVec1 = -1.6838381357E-01  9.3025825324E-01 -3.2598538865E-01
           Stress_EigVec2 = -4.9949488139E-02  3.2223011020E-01  9.4534269168E-01
           Stress_EigVec3 =  9.8445514878E-01  1.7546321086E-01 -7.7924112172E-03
           -DivStress = -5.9144380898E-05  6.3341336121E-05 -4.8162128361E-06
           ESP =   1.4889089260E-02
           ESPe = -1.3641011311E+01
           ESPn =  1.3655900401E+01
           BPL =  6.8879225069E+00 =  3.5032640351E+00 +  3.3846584717E+00                
           GBL_I =  6.8119291601E+00                                                      
           GBL_II =  6.8119297448E+00                                                     
           GBL_III =  6.8373833612E+00 =  3.4648057267E+00 +  3.3725776346E+00            
           GBL_IV =  6.8373840485E+00 =  3.4648058590E+00 +  3.3725781895E+00             

CP# 17     Coords =  4.87318808140974E+00 -7.93977025361497E-03 -1.31783727675995E-05
           Type = (3,-1) BCP C3 C2
           Rho =  3.4488511935E-01
           GradRho =  1.5832991975E-16  1.4387490185E-16 -4.0359953612E-18
           HessRho_EigVals = -7.3415562791E-01 -5.3684289097E-01  2.6476332768E-01
           HessRho_EigVec1 = -1.2268682135E-03 -5.4180468675E-03  9.9998456966E-01
