AIMSum (Version 19.02.13, Professional)
Copyright (c) 1997-2019 by Todd A. Keith
AIMSum is a component of the AIMAll package ( http://aim.tkgristmill.com )

TP:  64-bit Linux

Much of the Quantum Theory of Atoms in Molecules (QTAIM) is described in the book:
  "Atoms in Molecules - A Quantum Theory"
  R.F.W. Bader, Oxford University Press, Oxford, 1990

For additional references see:  http://aim.tkgristmill.com/references.html

Wfn File:  /home/mhennefarth/Documents/ML_Diels/summary-hayden2009/5-opt/5-opt.wfn
Sum File:  /home/mhennefarth/Documents/ML_Diels/summary-hayden2009/5-opt/5-opt.sum

SumViz File:  /home/mhennefarth/Documents/ML_Diels/summary-hayden2009/5-opt/5-opt.sumviz

Wfn Title:   Title Card Required                                                           
 
Total memory allocated for AIMSum =        1.649 Megabytes

Atomic units (a.u.) used throughout, except where stated otherwise

Model:  Restricted SCF
 
Restricted, closed-shell, single-determinant wavefunction.
  Number of electrons (from MO Occs)                   =         110.0000000000
  Number of Alpha electrons (from MO Occs)             =          55.0000000000
  Number of Beta electrons (from MO Occs)              =          55.0000000000
  Number of electron pairs (N*(N-1)/2)                 =        5995.0000000000
  Number of electron pairs (from Muller 2EDM)          =        5995.0000000000
 
Nuclear Charges and Cartesian Coordinates:
-------------------------------------------------------------------------------
Atom      Charge                X                  Y                  Z
-------------------------------------------------------------------------------
C1         6.0          -5.1773598000E+00  -3.6888048000E-01  -2.6403769100E+00
C2         6.0          -7.3645706600E+00   1.0464830000E-01  -1.3391894900E+00
C3         6.0          -7.3498863800E+00   2.4108089000E-01   1.3524248300E+00
C4         6.0          -5.1483486300E+00  -9.9510260000E-02   2.6709365800E+00
C5         6.0          -2.8229357300E+00  -5.9763304000E-01   1.3881529400E+00
C6         6.0          -2.8378478800E+00  -7.3616778000E-01  -1.3391735300E+00
C7         6.0           3.2994844200E+00   6.4354503600E+00   1.0601351100E+00
C8         6.0           3.2427266300E+00   6.4273156400E+00  -1.4544008100E+00
C9         6.0          -5.7125613000E-01  -1.2252006400E+00  -2.6154368800E+00
C10        6.0           1.7101857600E+00  -1.5846010300E+00  -1.3217331400E+00
C11        6.0           1.7252623200E+00  -1.4454498600E+00   1.4066276500E+00
C12        6.0          -5.4209218000E-01  -9.5578449000E-01   2.6823301800E+00
C13        6.0           4.0348950600E+00  -2.0918094200E+00  -2.6038645900E+00
C14        6.0           6.2353565600E+00  -2.4387751500E+00  -1.2850421500E+00
C15        6.0           6.2505068000E+00  -2.3006520700E+00   1.4063616500E+00
C16        6.0           4.0647475700E+00  -1.8200121300E+00   2.7076450800E+00
H17        1.0          -5.1835290100E+00  -4.7291375000E-01  -4.6928576800E+00
H18        1.0          -9.1288087200E+00   3.8064837000E-01  -2.3530677000E+00
H19        1.0          -9.1032649600E+00   6.1865256000E-01   2.3522917900E+00
H20        1.0          -5.1323519100E+00   3.8112400000E-03   4.7233858900E+00
H21        1.0           2.9588795400E+00   4.7263253200E+00   2.1479839400E+00
H22        1.0           2.8536309700E+00   4.7113001600E+00  -2.5149772600E+00
H23        1.0          -5.8369902000E-01  -1.3333645200E+00  -4.6693238100E+00
H24        1.0          -5.3191427000E-01  -8.5564452000E-01   4.7366289800E+00
H25        1.0           3.6863065700E+00   8.1456520600E+00   2.1330153200E+00
H26        1.0           3.5804138800E+00   8.1301816500E+00  -2.5551178900E+00
H27        1.0           4.0182876900E+00  -2.1985949000E+00  -4.6562374700E+00
H28        1.0           7.9875951900E+00  -2.8217841600E+00  -2.2846493300E+00
H29        1.0           8.0140003700E+00  -2.5806996900E+00   2.4202365700E+00
H30        1.0           4.0712473100E+00  -1.7176828100E+00   4.7603094800E+00
 
Some Atomic Properties:
----------------------
  q(A) = Net Charge of Atom A
  L(A) = Lagrangian of Atom A = -(1/4) Times Atomic Integral of the Laplacian of the Electron Density
  K(A) = Electronic Kinetic Energy of Atom A (Hamiltonian Form)
  K_Scaled(A) = K(A) * E(Mol)/K(Mol) = Approximation to Virial-Based Total Energy of Atom A.
  |Mu_Intra(A)| = Magnitude of Intraatomic Dipole Moment of Atom A
--------------------------------------------------------------------------------------------------
Atom A          q(A)              L(A)              K(A)          K_Scaled(A)      |Mu_Intra(A)|
--------------------------------------------------------------------------------------------------
C1       -3.9628976400E-02 -1.4845086875E-05  3.7734127219E+01 -3.8109364813E+01  1.1145861922E-01
C2       -3.5882212900E-02  5.6466532453E-05  3.7722176521E+01 -3.8097295275E+01  1.1392448038E-01
C3       -3.6000025600E-02 -1.2089996816E-04  3.7722124324E+01 -3.8097242559E+01  1.1397666647E-01
C4       -3.9412431100E-02  1.2197169691E-04  3.7734118295E+01 -3.8109355801E+01  1.1143212448E-01
C5        9.8075774000E-03  8.8229463906E-05  3.7735964289E+01 -3.8111220152E+01  1.3744717664E-02
C6        9.6788355000E-03  7.8250552034E-05  3.7736012746E+01 -3.8111269091E+01  1.3816118303E-02
C7       -8.0254880200E-02  3.3261786233E-05  3.7694414056E+01 -3.8069256733E+01  9.2776490769E-02
C8       -8.0390909200E-02 -8.6478323402E-05  3.7694203422E+01 -3.8069044004E+01  9.1668281893E-02
C9       -5.1477471600E-02  7.7256767990E-05  3.7749219157E+01 -3.8124606830E+01  1.0936656259E-01
C10       5.7876559000E-03 -3.5439092409E-05  3.7736556692E+01 -3.8111818446E+01  1.7529408508E-02
C11       5.6168760000E-03  8.1327246527E-05  3.7736778962E+01 -3.8112042926E+01  1.7535967196E-02
C12      -5.1532913100E-02  8.4731843025E-06  3.7749219749E+01 -3.8124607428E+01  1.0961151694E-01
C13      -4.1498149600E-02  3.1783299510E-05  3.7734223344E+01 -3.8109461894E+01  1.1171307389E-01
C14      -3.5049752300E-02 -1.6954764029E-04  3.7721698932E+01 -3.8096812936E+01  1.1468557183E-01
C15      -3.4920259800E-02 -6.7191339319E-05  3.7721717265E+01 -3.8096831452E+01  1.1419677375E-01
C16      -4.2150752500E-02 -1.0834941823E-04  3.7734300554E+01 -3.8109539872E+01  1.1199647034E-01
H17       3.7497974660E-02  2.4138021590E-05  5.9917289988E-01 -6.0513122499E-01  1.5226116804E-01
H18       3.9728252370E-02  2.0277727427E-05  5.9931817307E-01 -6.0527794281E-01  1.4978600518E-01
H19       3.9743897100E-02  2.0595101326E-05  5.9931406834E-01 -6.0527379726E-01  1.4978235968E-01
H20       3.7558669560E-02  2.4146977493E-05  5.9915251584E-01 -6.0511063824E-01  1.5224716972E-01
H21       4.5725653150E-02  1.9713574193E-05  5.9343367072E-01 -5.9933492350E-01  1.4303781354E-01
H22       4.4964008910E-02  2.3421365293E-05  5.9367041304E-01 -5.9957402004E-01  1.4388290223E-01
H23       3.4526228000E-02  2.4865524261E-05  5.9945178416E-01 -6.0541288256E-01  1.5488187497E-01
H24       3.4549443100E-02  2.4524608656E-05  5.9943961615E-01 -6.0540059356E-01  1.5487640689E-01
H25       3.3616841530E-02  2.2401098660E-05  5.9807018377E-01 -6.0401754319E-01  1.4868348652E-01
H26       3.3762677360E-02  1.9469075596E-05  5.9801821795E-01 -6.0396506061E-01  1.4864648600E-01
H27       3.7606554030E-02  2.4684455107E-05  5.9908394441E-01 -6.0504138492E-01  1.5224286781E-01
H28       4.0352834820E-02  2.6695041419E-05  5.9909763486E-01 -6.0505521151E-01  1.4963473279E-01
H29       4.0370104270E-02  2.7881007511E-05  5.9909330992E-01 -6.0505084357E-01  1.4963313516E-01
H30       3.7583874290E-02  2.3738223527E-05  5.9907921154E-01 -6.0503660498E-01  1.5224979228E-01
--------------------------------------------------------------------------------------------------
Total     2.7922365000E-04  3.0082146324E-04  6.1203225117E+02 -6.1811845288E+02
 
1st Largest |L(A)| = 1.6954764029E-04, atom C14     
2nd Largest |L(A)| = 1.2197169691E-04, atom C4      
 
Molecular charge q(Mol) from the wfn file:   0.0000000000E+00
Molecular energy E(Mol) from the wfn file:  -6.1811841444E+02
Molecular virial ratio (-V(Mol)/T(Mol)) from the wfn file:   2.0099442500E+00
Note.  K_Scaled(A) = (1+V(Mol)/T(Mol))*K(A) = (E(Mol)/T(Mol))*K(A)
       Only use K_Scaled(A) data with caution.
 
N_AIMInt(SumA)     =        109.999721
N_Analytic(Mol)    =        109.999980
 
G_AIMInt(SumA)     =        612.031950
G_Analytic(Mol)    =        612.032164
 
K_AIMInt(SumA)     =        612.032251
K_Analytic(Mol)    =        612.032164
 
L_AIMInt(SumA)     =          0.000301
L_Analytic(Mol)    =          0.000000
 
VenT_AIMInt(SumA)  =      -3335.455996
VenT_Analytic(Mol) =      -3335.460405
 
Some Information About the Atomic Calculations:
----------------------------------------------
  Time(sec) = "Elapsed User Time", in Seconds, for Atom A by AIMInt and, if used, by TWOe
  NProc = Number of Processors Used for AIMInt Job
  BIM = Basin Integration Method
  OAQ = Angular Quadrature Outside of Beta Sphere
  ORQ = Multiple of Default for Radial Quadrature Outside of Beta Sphere
  IAQ = Multiple of Default for Angular Quadrature Inside of Beta Sphere
  IRQ = Multiple of Default for Radial Quadrature Inside of Beta Sphere
  MIR = Maximum Integration Radius
------------------------------------------------------------------------------------------------------
Atom A     Time(sec)   NProc      BIM          OAQ                     ORQ      IAQ      IRQ      MIR
------------------------------------------------------------------------------------------------------
C1             24        8     Proaim(5)    4500(GS4)                  1.00     1.00     1.00    13.00
C2             20        8     Proaim(5)    4500(GS4)                  1.00     1.00     1.00    13.00
C3             20        8     Proaim(5)    4500(GS4)                  1.00     1.00     1.00    13.00
C4             25        8     Proaim(5)    4500(GS4)                  1.00     1.00     1.00    13.00
C5             27        8     Proaim(5)    4500(GS4)                  1.00     1.00     1.00    13.00
C6             27        8     Proaim(5)    4500(GS4)                  1.00     1.00     1.00    13.00
C7             24        8     Proaim(5)    4500(GS4)                  1.00     1.00     1.00    13.00
C8             23        8     Proaim(5)    4500(GS4)                  1.00     1.00     1.00    13.00
C9             32        8     Proaim(5)    4500(GS4)                  1.00     1.00     1.00    13.00
C10            43        8     Proaim(5)    4500(GS4)                  1.00     1.00     1.00    13.00
C11            46        8     Proaim(5)    4500(GS4)                  1.00     1.00     1.00    13.00
C12            32        8     Proaim(5)    4500(GS4)                  1.00     1.00     1.00    13.00
C13            28        8     Proaim(5)    4500(GS4)                  1.00     1.00     1.00    13.00
C14            22        8     Proaim(5)    4500(GS4)                  1.00     1.00     1.00    13.00
C15            22        8     Proaim(5)    4500(GS4)                  1.00     1.00     1.00    13.00
C16            29        8     Proaim(5)    4500(GS4)                  1.00     1.00     1.00    13.00
H17             7        8     Proaim(5)    1800(GS4)                  1.00     1.00     1.00    13.00
H18             6        8     Proaim(5)    1800(GS4)                  1.00     1.00     1.00    13.00
H19             6        8     Proaim(5)    1800(GS4)                  1.00     1.00     1.00    13.00
H20             7        8     Proaim(5)    1800(GS4)                  1.00     1.00     1.00    13.00
H21            21        8     Proaim(5)    4500(GS4)                  1.00     1.00     1.00    13.00
H22            19        8     Proaim(5)    4500(GS4)                  1.00     1.00     1.00    13.00
H23             8        8     Proaim(5)    1800(GS4)                  1.00     1.00     1.00    13.00
H24             9        8     Proaim(5)    1800(GS4)                  1.00     1.00     1.00    13.00
H25             6        8     Proaim(5)    1800(GS4)                  1.00     1.00     1.00    13.00
H26             5        8     Proaim(5)    1800(GS4)                  1.00     1.00     1.00    13.00
H27             7        8     Proaim(5)    1800(GS4)                  1.00     1.00     1.00    13.00
H28             6        8     Proaim(5)    1800(GS4)                  1.00     1.00     1.00    13.00
H29             6        8     Proaim(5)    1800(GS4)                  1.00     1.00     1.00    13.00
H30             7        8     Proaim(5)    1800(GS4)                  1.00     1.00     1.00    13.00
------------------------------------------------------------------------------------------------------
Total         564
Note:  Total wall clock time is less than total of atomic times if more than one atom
       was calculated at a time
 
Electron Density Critical Point Analysis of Molecular Structure:               
---------------------------------------------------------------                
  NACP = Nuclear Attractor Critical Point                                      
  NNACP = Non-Nuclear Attractor Critical Point                                 
  BCP = Bond Critical Point                                                    
  RCP = Ring Critical Point                                                    
  CCP = Cage Critical Point                                                    
  Rho = Electron Density                                                       
  GradRho = Gradient of Electron Density                                       
  HessRho_EigVals = Eigenvalues of the Hessian of Rho, Ascending Order         
  HessRho_EigVecs = Eigenvectors of the Hessian of Rho                         
  DelSqRho = Laplacian of Rho = Trace of Hessian of Rho                        
  Bond Ellipticity = (HessRho_EigVal(1) / HessRho_EigVal(2)) - 1               
  V = Virial Field = Potential Energy Density = Trace of Stress Tensor         
  G = Lagrangian Form of Kinetic Energy Density                                
  K = Hamiltonian Form of Kinetic Energy Density                               
  L = K - G = Lagrangian Density = (-1/4)DelSqRho                              
  Vnuc = Electrostatic Potential from Nuclei                                   
  Ven = Electron-nuclear attractive contribution to Virial Field V             
  Vrep = V - Ven = Repulsive contribution to Virial Field V                    
  DelSqV = Laplacian of V                                                      
  DelSqVen = Laplacian of Ven                                                  
  DelSqVrep = Laplacian of Vrep                                                
  DelSqG = Laplacian of G                                                      
  DelSqK = Laplacian of K                                                      
  Stress_EigVals = Eigenvalues of Stress Tensor, Ascending Order               
  Stress_EigVecs = Eigenvectors of Stress Tensor                               
  -DivStress = Ehrenfest Force Density = Minus Divergence of Stress Tensor     
  ESP = Total Electrostatic Potential                                          
  ESPe = Electrostatic Potential from Electrons                                
  ESPn = Electrostatic Potential from Nuclei                                   
  BP = Bond Path                                                               
  BPL = Bond Path Length                                                       
  GBL = Geometric Bond Length                                                  
  GBL_I = Distance Between Nuclear Attractors                                  
  GBL_II = Distance Between Nuclei                                             
  GBL_III = Sum of Distances Between BCP and Nuclear Attractors                
  GBL_IV = Sum of Distances Between BCP and Nuclei                             

CP# 1      Coords = -5.17735929301612E+00 -3.68880575640062E-01 -2.64037695086632E+00
           Type = (3,-3) NACP C1
           Rho =  1.1766373122E+02     Rho at Nucleus =  1.1766373120E+02
           GradRho = -2.5845274654E-11 -6.2456456158E-12 -2.8030428745E-11
           HessRho_EigVals = -1.4498614300E+05 -1.4498523886E+05 -1.4498496645E+05
           HessRho_EigVec1 =  1.8260400087E-01  9.8185427641E-01 -5.1165992263E-02
           HessRho_EigVec2 =  5.1238457311E-01 -5.0619288029E-02  8.5726293336E-01
           HessRho_EigVec3 =  8.3911729103E-01 -1.8275630654E-01 -5.1233026879E-01
           DelSqRho = -4.3495634831E+05
           Bond Ellipticity = NA
           V = -1.0874943450E+05
           G =  5.1737107714E+00
           K =  1.0874426079E+05
           L =  1.0873908708E+05
           Vnuc =  1.1593279143E+07
           Ven = -1.3641084811E+09
           Vrep =  1.3639997316E+09
           DelSqV =  2.4949366474E+09
           DelSqVen =  5.0425684296E+12
           DelSqVrep = -5.0400745415E+12
           DelSqG =  1.3401224794E+08
           DelSqK = -2.6289488954E+09
           Stress_EigVals = -3.6250050843E+04 -3.6249948926E+04 -3.6249434730E+04
           Stress_EigVec1 =  7.6913128023E-01 -1.7473813053E-01 -6.1473869206E-01
           Stress_EigVec2 =  6.1247738471E-01 -7.3153964902E-02  7.8709589672E-01
           Stress_EigVec3 =  1.8250623824E-01  9.8189362110E-01 -5.0758150515E-02
           -DivStress = -4.0663306153E+02  7.6410729151E+01  3.0148181651E+01
           ESP =  -1.4737905863E+01     ESP at Nucleus =  -1.4737905866E+01
           ESPe = -3.2009058103E+01     ESPe at Nucleus = -3.2009057778E+01
           ESPn =  1.7271152240E+01     ESPn at Nucleus =  1.7271151912E+01

CP# 2      Coords = -7.36457108306613E+00  1.04648409253687E-01 -1.33918888568671E+00
           Type = (3,-3) NACP C2
           Rho =  1.1765658036E+02     Rho at Nucleus =  1.1765658032E+02
           GradRho = -7.9075249165E-11  1.4381523370E-11  8.5270658009E-11
           HessRho_EigVals = -1.4497613684E+05 -1.4497510453E+05 -1.4497493879E+05
           HessRho_EigVec1 =  1.8190821347E-01  9.8201219250E-01 -5.0610825499E-02
           HessRho_EigVec2 =  4.3154329925E-01 -3.3479311085E-02  9.0147075194E-01
           HessRho_EigVec3 =  8.8356085401E-01 -1.8582569659E-01 -4.2987094312E-01
           DelSqRho = -4.3492618015E+05
           Bond Ellipticity = NA
           V = -1.0874185901E+05
           G =  5.1569849166E+00
           K =  1.0873670202E+05
           L =  1.0873154504E+05
           Vnuc =  8.0458043647E+06
           Ven = -9.4664182783E+08
           Vrep =  9.4653308597E+08
           DelSqV =  2.4947626234E+09
           DelSqVen =  3.4993303716E+12
           DelSqVrep = -3.4968356090E+12
           DelSqG =  1.3400166693E+08
           DelSqK = -2.6287642903E+09
           Stress_EigVals = -3.6247518130E+04 -3.6247443842E+04 -3.6246897036E+04
           Stress_EigVec1 =  9.4348261860E-01 -1.8916144746E-01 -2.7213690525E-01
           Stress_EigVec2 =  2.7679810645E-01 -1.8466416924E-03  9.6092632297E-01
           Stress_EigVec3 =  1.8227275351E-01  9.8194426355E-01 -5.0617256129E-02
           -DivStress =  3.4110842495E+02 -8.8583493683E+01 -4.9431894499E+02
           ESP =  -1.4737063590E+01     ESP at Nucleus =  -1.4737063594E+01
           ESPe = -3.0688919129E+01     ESPe at Nucleus = -3.0688919477E+01
           ESPn =  1.5951855539E+01     ESPn at Nucleus =  1.5951855883E+01

CP# 3      Coords = -7.34988680955940E+00  2.41080937855048E-01  1.35242422134923E+00
           Type = (3,-3) NACP C3
           Rho =  1.1765656121E+02     Rho at Nucleus =  1.1765656117E+02
           GradRho = -3.6917643361E-11  7.1767411688E-12 -8.3768438394E-11
           HessRho_EigVals = -1.4497611441E+05 -1.4497508233E+05 -1.4497491657E+05
           HessRho_EigVec1 =  1.8186001499E-01  9.8201676223E-01 -5.0695301938E-02
           HessRho_EigVec2 = -4.2142980702E-01  1.2441752571E-01  8.9828569901E-01
           HessRho_EigVec3 =  8.8843899774E-01 -1.4199773938E-01  4.3647770769E-01
           DelSqRho = -4.3492611332E+05
           Bond Ellipticity = NA
           V = -1.0874184236E+05
           G =  5.1570126427E+00
           K =  1.0873668534E+05
           L =  1.0873152833E+05
           Vnuc =  8.0374890400E+06
           Ven = -9.4566332120E+08
           Vrep =  9.4555457936E+08
           DelSqV =  2.4947622508E+09
           DelSqVen =  3.4957138330E+12
           DelSqVrep = -3.4932190707E+12
           DelSqG =  1.3400164765E+08
           DelSqK = -2.6287638984E+09
           Stress_EigVals = -3.6247512585E+04 -3.6247438252E+04 -3.6246891518E+04
           Stress_EigVec1 =  9.4657476342E-01 -1.6114534056E-01  2.7933563410E-01
           Stress_EigVec2 = -2.6611400995E-01  9.8943032299E-02  9.5885014996E-01
           Stress_EigVec3 =  1.8215254863E-01  9.8195847956E-01 -5.0773944630E-02
           -DivStress =  3.4642087700E+02 -3.8374037972E+01  4.9783219845E+02
           ESP =  -1.4737073401E+01     ESP at Nucleus =  -1.4737073405E+01
           ESPe = -3.0692522698E+01     ESPe at Nucleus = -3.0692523046E+01
           ESPn =  1.5955449297E+01     ESPn at Nucleus =  1.5955449642E+01

CP# 4      Coords = -5.14834812257422E+00 -9.95103512727788E-02  2.67093662364160E+00
           Type = (3,-3) NACP C4
           Rho =  1.1766371013E+02     Rho at Nucleus =  1.1766371011E+02
           GradRho =  2.2964712407E-12 -6.0677743212E-12  1.7290250008E-11
           HessRho_EigVals = -1.4498610555E+05 -1.4498520087E+05 -1.4498492868E+05
           HessRho_EigVec1 =  1.8239250304E-01  9.8194330750E-01 -5.0202745894E-02
           HessRho_EigVec2 = -5.0368753323E-01  1.3716485702E-01  8.5292711932E-01
           HessRho_EigVec3 =  8.4441212906E-01 -1.3028101496E-01  5.1961044393E-01
           DelSqRho = -4.3495623510E+05
           Bond Ellipticity = NA
           V = -1.0874940625E+05
           G =  5.1737377686E+00
           K =  1.0874423251E+05
           L =  1.0873905877E+05
           Vnuc =  1.1596169222E+07
           Ven = -1.3644482939E+09
           Vrep =  1.3643395445E+09
           DelSqV =  2.4949359955E+09
           DelSqVen =  5.0438235750E+12
           DelSqVrep = -5.0413286390E+12
           DelSqG =  1.3401220109E+08
           DelSqK = -2.6289481966E+09
           Stress_EigVals = -3.6250041437E+04 -3.6249939580E+04 -3.6249425233E+04
           Stress_EigVec1 =  7.7555331203E-01 -1.1206057231E-01  6.2125637891E-01
           Stress_EigVec2 = -6.0436567513E-01  1.5250132034E-01  7.8197536919E-01
           Stress_EigVec3 =  1.8237102545E-01  9.8192961837E-01 -5.0547340638E-02
           -DivStress = -4.0696651479E+02  7.3141038645E+01 -3.2346938743E+01
           ESP =  -1.4737914619E+01     ESP at Nucleus =  -1.4737914622E+01
           ESPe = -3.2019219922E+01     ESPe at Nucleus = -3.2019219593E+01
           ESPn =  1.7281305302E+01     ESPn at Nucleus =  1.7281304971E+01

CP# 5      Coords = -2.82293599779626E+00 -5.97632999045274E-01  1.38815265448479E+00
           Type = (3,-3) NACP C5
           Rho =  1.1764114042E+02     Rho at Nucleus =  1.1764114041E+02
           GradRho = -2.1125858150E-11  4.7252762277E-12 -6.3263197171E-12
           HessRho_EigVals = -1.4495399133E+05 -1.4495287184E+05 -1.4495273014E+05
           HessRho_EigVec1 =  1.8329654214E-01  9.8178155524E-01 -5.0073500333E-02
           HessRho_EigVec2 = -1.7089660055E-01  8.1984155985E-02  9.8187216586E-01
           HessRho_EigVec3 =  9.6808921570E-01 -1.7141638184E-01  1.8281054257E-01
           DelSqRho = -4.3485959330E+05
           Bond Ellipticity = NA
           V = -1.0872529846E+05
           G =  5.2000676183E+00
           K =  1.0872009839E+05
           L =  1.0871489833E+05
           Vnuc =  1.5244409688E+07
           Ven = -1.7933697407E+09
           Vrep =  1.7932610154E+09
           DelSqV =  2.4943796152E+09
           DelSqVen =  6.6291803095E+12
           DelSqVrep = -6.6266880270E+12
           DelSqG =  1.3397792223E+08
           DelSqK = -2.6283575374E+09
           Stress_EigVals = -3.6241996371E+04 -3.6241921532E+04 -3.6241380558E+04
           Stress_EigVec1 =  9.6547669514E-01 -1.6978103186E-01  1.9755797214E-01
           Stress_EigVec2 = -1.8541484707E-01  8.4784104574E-02  9.7899590913E-01
           Stress_EigVec3 =  1.8296471141E-01  9.8182791610E-01 -5.0377153027E-02
           -DivStress =  2.1816492678E+02 -3.3751463322E+01  2.2988206294E+02
           ESP =  -1.4729635329E+01     ESP at Nucleus =  -1.4729635330E+01
           ESPe = -3.4872637320E+01     ESPe at Nucleus = -3.4872637240E+01
           ESPn =  2.0143001991E+01     ESPn at Nucleus =  2.0143001910E+01

CP# 6      Coords = -2.83784814586956E+00 -7.36167710144842E-01 -1.33917324801942E+00
           Type = (3,-3) NACP C6
           Rho =  1.1764121283E+02     Rho at Nucleus =  1.1764121282E+02
           GradRho = -1.4129949814E-11  4.2455901398E-12  1.5208290026E-12
           HessRho_EigVals = -1.4495410184E+05 -1.4495298188E+05 -1.4495284024E+05
           HessRho_EigVec1 =  1.8352592954E-01  9.8166130468E-01 -5.1568557022E-02
           HessRho_EigVec2 =  1.8158863668E-01  1.7701388720E-02  9.8321525002E-01
           HessRho_EigVec3 =  9.6609720019E-01 -1.8980975666E-01 -1.7500987418E-01
           DelSqRho = -4.3485992396E+05
           Bond Ellipticity = NA
           V = -1.0872538096E+05
           G =  5.1999873695E+00
           K =  1.0872018098E+05
           L =  1.0871498099E+05
           Vnuc =  1.5236132819E+07
           Ven = -1.7923971437E+09
           Vrep =  1.7922884183E+09
           DelSqV =  2.4943815296E+09
           DelSqVen =  6.6255857910E+12
           DelSqVrep = -6.6230914094E+12
           DelSqG =  1.3397804484E+08
           DelSqK = -2.6283595744E+09
           Stress_EigVals = -3.6242023881E+04 -3.6241949086E+04 -3.6241407998E+04
           Stress_EigVec1 =  9.6324116407E-01 -1.8963474714E-01 -1.9027643711E-01
           Stress_EigVec2 =  1.9653268736E-01  1.4572504254E-02  9.8038897633E-01
           Stress_EigVec3 =  1.8314301144E-01  9.8174655833E-01 -5.1306262435E-02
           -DivStress =  2.1662690060E+02 -5.6982801528E+01 -2.2698658576E+02
           ESP =  -1.4729631034E+01     ESP at Nucleus =  -1.4729631035E+01
           ESPe = -3.4864106318E+01     ESPe at Nucleus = -3.4864106236E+01
           ESPn =  2.0134475284E+01     ESPn at Nucleus =  2.0134475201E+01

CP# 7      Coords =  3.29948448012899E+00  6.43545053838859E+00  1.06013612516627E+00
           Type = (3,-3) NACP C7
           Rho =  1.1767779238E+02     Rho at Nucleus =  1.1767779230E+02
           GradRho =  6.1427571200E-12 -1.4939645414E-11  2.4564696884E-10
           HessRho_EigVals = -1.4500460878E+05 -1.4500358068E+05 -1.4500337459E+05
           HessRho_EigVec1 =  9.7788169613E-01 -2.0800477070E-01 -2.1940914522E-02
           HessRho_EigVec2 =  2.0915818479E-01  9.7273050614E-01  1.0024079087E-01
           HessRho_EigVec3 =  4.9203416797E-04 -1.0261275646E-01  9.9472125750E-01
           DelSqRho = -4.3501156405E+05
           Bond Ellipticity = NA
           V = -1.0876307767E+05
           G =  5.0933304415E+00
           K =  1.0875798434E+05
           L =  1.0875289101E+05
           Vnuc =  5.8113033466E+06
           Ven = -6.8386134869E+08
           Vrep =  6.8375258561E+08
           DelSqV =  2.4952511804E+09
           DelSqVen =  2.5279848776E+12
           DelSqVrep = -2.5254896264E+12
           DelSqG =  1.3403062721E+08
           DelSqK = -2.6292818076E+09
           Stress_EigVals = -3.6254621659E+04 -3.6254502388E+04 -3.6253953625E+04
           Stress_EigVec1 =  1.1737814797E-02 -4.8223186669E-02  9.9876761460E-01
           Stress_EigVec2 =  2.0888176552E-01  9.7691817479E-01  4.4713396162E-02
           Stress_EigVec3 =  9.7787045754E-01 -2.0809950512E-01 -2.1539828978E-02
           -DivStress = -4.8705990682E+01 -1.4479508219E+02 -8.2430529654E+02
           ESP =  -1.4754429953E+01     ESP at Nucleus =  -1.4754429968E+01
           ESPe = -2.8256236021E+01     ESPe at Nucleus = -2.8256237112E+01
           ESPn =  1.3501806068E+01     ESPn at Nucleus =  1.3501807144E+01

CP# 8      Coords =  3.24272664093511E+00  6.42731579697401E+00 -1.45440183650139E+00
           Type = (3,-3) NACP C8
           Rho =  1.1767729847E+02     Rho at Nucleus =  1.1767729839E+02
           GradRho = -1.6002367888E-11  4.8540186925E-11 -2.5380587626E-10
           HessRho_EigVals = -1.4500389115E+05 -1.4500286835E+05 -1.4500266046E+05
           HessRho_EigVec1 =  9.7789331506E-01 -2.0805739867E-01 -2.0899359413E-02
           HessRho_EigVec2 =  2.0483510320E-01  9.7322434979E-01 -1.0429259550E-01
           HessRho_EigVec3 =  4.2038611597E-02  9.7706109512E-02  9.9432704444E-01
           DelSqRho = -4.3500941997E+05
           Bond Ellipticity = NA
           V = -1.0876254149E+05
           G =  5.0932508007E+00
           K =  1.0875744824E+05
           L =  1.0875235499E+05
           Vnuc =  5.7776220802E+06
           Ven = -6.7989495798E+08
           Vrep =  6.7978619544E+08
           DelSqV =  2.4952388172E+09
           DelSqVen =  2.5133202801E+12
           DelSqVrep = -2.5108250412E+12
           DelSqG =  1.3402986429E+08
           DelSqK = -2.6292686815E+09
           Stress_EigVals = -3.6254442958E+04 -3.6254322889E+04 -3.6253775646E+04
           Stress_EigVec1 =  3.2168282148E-02  4.9188241517E-02  9.9827136517E-01
           Stress_EigVec2 =  2.0670208082E-01  9.7686837529E-01 -5.4794407953E-02
           Stress_EigVec3 =  9.7787496717E-01 -2.0810741038E-01 -2.1256865644E-02
           -DivStress = -8.7405164747E+00 -1.2737595068E+02  8.3351062619E+02
           ESP =  -1.4754341856E+01     ESP at Nucleus =  -1.4754341871E+01
           ESPe = -2.8208303375E+01     ESPe at Nucleus = -2.8208304495E+01
           ESPn =  1.3453961519E+01     ESPn at Nucleus =  1.3453962624E+01

CP# 9      Coords = -5.71256100145314E-01 -1.22520062406605E+00 -2.61543690705650E+00
           Type = (3,-3) NACP C9
           Rho =  1.1767683298E+02     Rho at Nucleus =  1.1767683298E+02
           GradRho =  2.8776227252E-12 -1.4161714539E-12 -1.7906029579E-11
           HessRho_EigVals = -1.4500769314E+05 -1.4500680428E+05 -1.4500663226E+05
           HessRho_EigVec1 =  1.8600489326E-01  9.8116525565E-01 -5.2124090212E-02
           HessRho_EigVec2 =  1.9126322878E-02  4.9424143330E-02  9.9859473152E-01
           HessRho_EigVec3 =  9.8236264356E-01 -1.8674044863E-01 -9.5729509719E-03
           DelSqRho = -4.3502112968E+05
           Bond Ellipticity = NA
           V = -1.0876566453E+05
           G =  5.1910569845E+00
           K =  1.0876047348E+05
           L =  1.0875528242E+05
           Vnuc =  1.3848112404E+08
           Ven = -1.6296020106E+10
           Vrep =  1.6295911340E+10
           DelSqV =  2.4953130469E+09
           DelSqVen =  6.0247385309E+13
           DelSqVrep = -6.0245158432E+13
           DelSqG =  1.3403763940E+08
           DelSqK = -2.6293506863E+09
           Stress_EigVals = -3.6255429514E+04 -3.6255381447E+04 -3.6254853572E+04
           Stress_EigVec1 =  9.8259852827E-01 -1.8542573917E-01 -1.0836396815E-02
           Stress_EigVec2 =  2.0273640624E-02  4.9074844215E-02  9.9858932458E-01
           Stress_EigVec3 =  1.8463236915E-01  9.8143209389E-01 -5.1980124499E-02
           -DivStress = -2.4155020870E+01 -1.2793557212E+01  2.0880013787E+01
           ESP =  -1.4737764917E+01     ESP at Nucleus =  -1.4737764917E+01
           ESPe = -3.3911376550E+01     ESPe at Nucleus = -3.3911376589E+01
           ESPn =  1.9173611633E+01     ESPn at Nucleus =  1.9173611672E+01

CP# 10     Coords =  1.71018605665247E+00 -1.58460102093488E+00 -1.32173284813392E+00
           Type = (3,-3) NACP C10
           Rho =  1.1764365831E+02     Rho at Nucleus =  1.1764365830E+02
           GradRho =  1.5549090403E-11 -2.4235878468E-12  1.0829312431E-11
           HessRho_EigVals = -1.4495788601E+05 -1.4495676989E+05 -1.4495662386E+05
           HessRho_EigVec1 =  1.8389858161E-01  9.8156241499E-01 -5.2120410273E-02
           HessRho_EigVec2 = -1.7991969358E-01  8.5742596966E-02  9.7993729949E-01
           HessRho_EigVec3 =  9.6633856155E-01 -1.7083159120E-01  1.9237035090E-01
           DelSqRho = -4.3487127976E+05
           Bond Ellipticity = NA
           V = -1.0872821894E+05
           G =  5.1995008934E+00
           K =  1.0872301944E+05
           L =  1.0871781994E+05
           Vnuc =  1.4414159793E+07
           Ven = -1.6957344895E+09
           Vrep =  1.6956257613E+09
           DelSqV =  2.4944472065E+09
           DelSqVen =  6.2682971505E+12
           DelSqVrep = -6.2658032275E+12
           DelSqG =  1.3398229062E+08
           DelSqK = -2.6284294971E+09
           Stress_EigVals = -3.6242970473E+04 -3.6242894081E+04 -3.6242354388E+04
           Stress_EigVec1 =  9.6439396195E-01 -1.7040349901E-01  2.0225462583E-01
           Stress_EigVec2 = -1.8965213781E-01  8.7415935636E-02  9.7795220784E-01
           Stress_EigVec3 =  1.8432675544E-01  9.8148922649E-01 -5.1986012628E-02
           -DivStress = -2.4159206576E+02 -6.9089360388E+00 -2.3510232816E+02
           ESP =  -1.4729008839E+01     ESP at Nucleus =  -1.4729008840E+01
           ESPe = -3.5114095914E+01     ESPe at Nucleus = -3.5114095794E+01
           ESPn =  2.0385087075E+01     ESPn at Nucleus =  2.0385086954E+01

CP# 11     Coords =  1.72526261791147E+00 -1.44544986910377E+00  1.40662735928742E+00
           Type = (3,-3) NACP C11
           Rho =  1.1764430218E+02     Rho at Nucleus =  1.1764430217E+02
           GradRho =  2.1449375915E-11  5.7513978795E-12 -1.5182831121E-11
           HessRho_EigVals = -1.4495887674E+05 -1.4495776142E+05 -1.4495761605E+05
           HessRho_EigVec1 =  1.8393559527E-01  9.8167618417E-01 -4.9795243000E-02
           HessRho_EigVec2 =  1.9236152257E-01  1.3729944192E-02  9.8122807403E-01
           HessRho_EigVec3 =  9.6393191742E-01 -1.9006145866E-01 -1.8631130000E-01
           DelSqRho = -4.3487425421E+05
           Bond Ellipticity = NA
           V = -1.0872896301E+05
           G =  5.1997311455E+00
           K =  1.0872376328E+05
           L =  1.0871856355E+05
           Vnuc =  1.4410947790E+07
           Ven = -1.6953658965E+09
           Vrep =  1.6952571675E+09
           DelSqV =  2.4944644149E+09
           DelSqVen =  6.2669455360E+12
           DelSqVrep = -6.2644510716E+12
           DelSqG =  1.3398339814E+08
           DelSqK = -2.6284478130E+09
           Stress_EigVals = -3.6243218376E+04 -3.6243142075E+04 -3.6242602562E+04
           Stress_EigVec1 =  9.6198967676E-01 -1.9048993552E-01 -1.9567689254E-01
           Stress_EigVec2 =  2.0160337549E-01  1.2051917790E-02  9.7939309282E-01
           Stress_EigVec3 =  1.8420624528E-01  9.8161516683E-01 -4.9997234498E-02
           -DivStress = -2.4263201704E+02  7.6153058937E+00  2.3416117550E+02
           ESP =  -1.4728995631E+01     ESP at Nucleus =  -1.4728995633E+01
           ESPe = -3.5128724905E+01     ESPe at Nucleus = -3.5128724788E+01
           ESPn =  2.0399729273E+01     ESPn at Nucleus =  2.0399729156E+01

CP# 12     Coords = -5.42092145997328E-01 -9.55784468242527E-01  2.68233020481087E+00
           Type = (3,-3) NACP C12
           Rho =  1.1767690287E+02     Rho at Nucleus =  1.1767690287E+02
           GradRho = -4.6458239409E-12 -6.7321273881E-12 -9.5530467692E-12
           HessRho_EigVals = -1.4500780597E+05 -1.4500691828E+05 -1.4500674667E+05
           HessRho_EigVec1 =  1.8596640862E-01  9.8131495155E-01 -4.9370646378E-02
           HessRho_EigVec2 = -9.4509190011E-03  5.2031324888E-02  9.9860073170E-01
           HessRho_EigVec3 =  9.8251064880E-01 -1.8523959374E-01  1.8950406747E-02
           DelSqRho = -4.3502147093E+05
           Bond Ellipticity = NA
           V = -1.0876575029E+05
           G =  5.1912787550E+00
           K =  1.0876055901E+05
           L =  1.0875536773E+05
           Vnuc =  1.2662771531E+08
           Ven = -1.4901157355E+10
           Vrep =  1.4901048590E+10
           DelSqV =  2.4953150210E+09
           DelSqVen =  5.5089800675E+13
           DelSqVrep = -5.5087036925E+13
           DelSqG =  1.3403777100E+08
           DelSqK = -2.6293527920E+09
           Stress_EigVals = -3.6255457948E+04 -3.6255409973E+04 -3.6254882367E+04
           Stress_EigVec1 =  9.8276344772E-01 -1.8377893392E-01  2.0032705329E-02
           Stress_EigVec2 = -1.0547855257E-02  5.2443311184E-02  9.9856819590E-01
           Stress_EigVec3 =  1.8456637988E-01  9.8156762506E-01 -4.9600895715E-02
           -DivStress = -2.7510269272E+01 -1.7471346702E+01 -1.9078741597E+01
           ESP =  -1.4737763845E+01     ESP at Nucleus =  -1.4737763845E+01
           ESPe = -3.3933092006E+01     ESPe at Nucleus = -3.3933092044E+01
           ESPn =  1.9195328162E+01     ESPn at Nucleus =  1.9195328199E+01

CP# 13     Coords =  4.03489453934085E+00 -2.09180930866398E+00 -2.60386463560940E+00
           Type = (3,-3) NACP C13
           Rho =  1.1766435518E+02     Rho at Nucleus =  1.1766435516E+02
           GradRho = -2.3013522118E-11 -1.1360155980E-12 -9.3262679463E-12
           HessRho_EigVals = -1.4498711731E+05 -1.4498621477E+05 -1.4498594008E+05
           HessRho_EigVec1 =  1.8314210636E-01  9.8169691210E-01 -5.2250757496E-02
           HessRho_EigVec2 = -5.0567710606E-01  1.3965022706E-01  8.5134509953E-01
           HessRho_EigVec3 =  8.4305968548E-01 -1.2949512293E-01  5.2199749027E-01
           DelSqRho = -4.3495927216E+05
           Bond Ellipticity = NA
           V = -1.0875016443E+05
           G =  5.1731927266E+00
           K =  1.0874499123E+05
           L =  1.0873981804E+05
           Vnuc =  1.1227984897E+07
           Ven = -1.3211336029E+09
           Vrep =  1.3210248528E+09
           DelSqV =  2.4949535582E+09
           DelSqVen =  4.8837191270E+12
           DelSqVrep = -4.8812246978E+12
           DelSqG =  1.3401334983E+08
           DelSqK = -2.6289669080E+09
           Stress_EigVals = -3.6250294507E+04 -3.6250191706E+04 -3.6249678213E+04
           Stress_EigVec1 =  7.7461592396E-01 -1.1251049046E-01  6.2234360276E-01
           Stress_EigVec2 = -6.0493739802E-01  1.5518163083E-01  7.8100538150E-01
           Stress_EigVec3 =  1.8444759374E-01  9.8145812493E-01 -5.2144358992E-02
           -DivStress =  4.1765563696E+02 -8.9483247698E+01  3.3926113246E+01
           ESP =  -1.4737272635E+01     ESP at Nucleus =  -1.4737272638E+01
           ESPe = -3.2366260157E+01     ESPe at Nucleus = -3.2366259833E+01
           ESPn =  1.7628987522E+01     ESPn at Nucleus =  1.7628987195E+01

CP# 14     Coords =  6.23535697395780E+00 -2.43877519197979E+00 -1.28504154238116E+00
           Type = (3,-3) NACP C14
           Rho =  1.1765632925E+02     Rho at Nucleus =  1.1765632921E+02
           GradRho =  7.2734566654E-11  5.3566423487E-12  5.7614260890E-11
           HessRho_EigVals = -1.4497571677E+05 -1.4497468186E+05 -1.4497451882E+05
           HessRho_EigVec1 =  1.8566375469E-01  9.8123297464E-01 -5.2065532478E-02
           HessRho_EigVec2 = -4.1358082943E-01  1.2610060801E-01  9.0169259406E-01
           HessRho_EigVec3 =  8.9133600159E-01 -1.4587832648E-01  4.2923145987E-01
           DelSqRho = -4.3492491746E+05
           Bond Ellipticity = NA
           V = -1.0874154396E+05
           G =  5.1572968936E+00
           K =  1.0873638666E+05
           L =  1.0873122936E+05
           Vnuc =  8.1474687589E+06
           Ven = -9.5860126683E+08
           Vrep =  9.5849252528E+08
           DelSqV =  2.4947553110E+09
           DelSqVen =  3.5435391222E+12
           DelSqVrep = -3.5410443669E+12
           DelSqG =  1.3400116670E+08
           DelSqK = -2.6287564777E+09
           Stress_EigVals = -3.6247412999E+04 -3.6247339213E+04 -3.6246791746E+04
           Stress_EigVec1 =  9.4782521651E-01 -1.6485068705E-01  2.7285822314E-01
