AIMSum (Version 19.02.13, Professional)
Copyright (c) 1997-2019 by Todd A. Keith
AIMSum is a component of the AIMAll package ( http://aim.tkgristmill.com )

TP:  64-bit Linux

Much of the Quantum Theory of Atoms in Molecules (QTAIM) is described in the book:
  "Atoms in Molecules - A Quantum Theory"
  R.F.W. Bader, Oxford University Press, Oxford, 1990

For additional references see:  http://aim.tkgristmill.com/references.html

Wfn File:  /home/mhennefarth/Documents/ML_Diels/summary-hayden2009/6-opt/6-opt.wfn
Sum File:  /home/mhennefarth/Documents/ML_Diels/summary-hayden2009/6-opt/6-opt.sum

SumViz File:  /home/mhennefarth/Documents/ML_Diels/summary-hayden2009/6-opt/6-opt.sumviz

Wfn Title:   Title Card Required                                                           
 
Total memory allocated for AIMSum =        1.649 Megabytes

Atomic units (a.u.) used throughout, except where stated otherwise

Model:  Restricted SCF
 
Restricted, closed-shell, single-determinant wavefunction.
  Number of electrons (from MO Occs)                   =         110.0000000000
  Number of Alpha electrons (from MO Occs)             =          55.0000000000
  Number of Beta electrons (from MO Occs)              =          55.0000000000
  Number of electron pairs (N*(N-1)/2)                 =        5995.0000000000
  Number of electron pairs (from Muller 2EDM)          =        5995.0000000000
 
Nuclear Charges and Cartesian Coordinates:
-------------------------------------------------------------------------------
Atom      Charge                X                  Y                  Z
-------------------------------------------------------------------------------
C1         6.0          -1.5564814000E+00  -2.7393815500E+00  -3.0351207000E-01
C2         6.0           6.6669835000E-01  -1.8104642200E+00   7.9069658000E-01
C3         6.0           7.1508341000E-01   7.5518019000E-01   1.7250495800E+00
C4         6.0          -1.4612978500E+00   2.2448223000E+00   1.5091935200E+00
C5         6.0          -3.6847670600E+00   1.3162347900E+00   4.1419686000E-01
C6         6.0          -3.7337829300E+00  -1.2500145300E+00  -5.1851221000E-01
C7         6.0          -6.0144852000E+00  -2.1782164600E+00  -1.6315176700E+00
C8         6.0          -8.1142101400E+00  -6.7523147000E-01  -1.8155071700E+00
C9         6.0          -8.0656490200E+00   1.8574885000E+00  -8.9535423000E-01
C10        6.0          -5.9183137200E+00   2.8195267000E+00   1.8398265000E-01
C11        6.0           8.9026601000E+00   2.6178778300E+00  -3.0709844600E+00
C12        6.0           8.8348430900E+00   2.9536946000E-01  -4.0348340500E+00
C13        6.0           2.9945643500E+00   1.6817731400E+00   2.8433898900E+00
C14        6.0           5.0944561200E+00   1.7812421000E-01   3.0308303300E+00
C15        6.0           5.0472445800E+00  -2.3546755200E+00   2.1063741200E+00
C16        6.0           2.9005993300E+00  -3.3142890600E+00   1.0217943400E+00
H17        1.0          -1.5936854400E+00  -4.6718629200E+00  -1.0063897500E+00
H18        1.0          -1.4240732700E+00   4.1774162200E+00   2.2117463500E+00
H19        1.0          -6.0472015100E+00  -4.1100159900E+00  -2.3320189200E+00
H20        1.0          -9.8343763500E+00  -1.4058981600E+00  -2.6663411700E+00
H21        1.0          -9.7494213900E+00   3.0216477300E+00  -1.0575826700E+00
H22        1.0          -5.8762413700E+00   4.7502872800E+00   8.8677836000E-01
H23        1.0           3.0241655600E+00   3.6110407300E+00   3.5512501400E+00
H24        1.0           6.8118095500E+00   9.0413986000E-01   3.8907606200E+00
H25        1.0           6.7293576000E+00  -3.5199345600E+00   2.2754404200E+00
H26        1.0           2.8574997700E+00  -5.2458248800E+00   3.2095813000E-01
H27        1.0           1.0185702470E+01   4.0554380000E+00  -3.7868749300E+00
H28        1.0           7.6693918700E+00   3.1739121700E+00  -1.5244828000E+00
H29        1.0           7.5446394100E+00  -1.1304771100E+00  -3.3107321700E+00
H30        1.0           1.0059461170E+01  -2.7461428000E-01  -5.5842276500E+00
 
Some Atomic Properties:
----------------------
  q(A) = Net Charge of Atom A
  L(A) = Lagrangian of Atom A = -(1/4) Times Atomic Integral of the Laplacian of the Electron Density
  K(A) = Electronic Kinetic Energy of Atom A (Hamiltonian Form)
  K_Scaled(A) = K(A) * E(Mol)/K(Mol) = Approximation to Virial-Based Total Energy of Atom A.
  |Mu_Intra(A)| = Magnitude of Intraatomic Dipole Moment of Atom A
--------------------------------------------------------------------------------------------------
Atom A          q(A)              L(A)              K(A)          K_Scaled(A)      |Mu_Intra(A)|
--------------------------------------------------------------------------------------------------
C1       -4.9369966500E-02 -1.1833454296E-04  3.7749205416E+01 -3.8124578607E+01  1.0918574870E-01
C2        8.8753438000E-03 -9.7363117345E-05  3.7736203023E+01 -3.8111446920E+01  1.3526331644E-02
C3        8.8979745000E-03 -1.7954870379E-04  3.7736190270E+01 -3.8111434040E+01  1.3799990238E-02
C4       -4.9175507200E-02  1.0522995148E-05  3.7749253813E+01 -3.8124627486E+01  1.0924381540E-01
C5        9.2171243000E-03  2.9961240263E-04  3.7736397338E+01 -3.8111643167E+01  1.3301617747E-02
C6        9.0134931000E-03  8.1591839697E-05  3.7736319509E+01 -3.8111564565E+01  1.3702398712E-02
C7       -3.9916836700E-02  1.5099874552E-04  3.7734270413E+01 -3.8109495092E+01  1.1139257542E-01
C8       -3.6285975300E-02 -1.6333043650E-05  3.7722260229E+01 -3.8097365481E+01  1.1392589247E-01
C9       -3.6265883400E-02  2.8565861824E-05  3.7722274777E+01 -3.8097380173E+01  1.1415366312E-01
C10      -3.9902340900E-02  7.4224894934E-05  3.7734284759E+01 -3.8109509582E+01  1.1124350033E-01
C11      -8.2560038600E-02 -6.0681621129E-05  3.7695398832E+01 -3.8070236978E+01  9.3248573625E-02
C12      -8.2259492100E-02 -7.2075544262E-05  3.7695282993E+01 -3.8070119987E+01  9.3742276386E-02
C13      -4.2615163500E-02 -2.7997975801E-05  3.7734126644E+01 -3.8109349894E+01  1.1236338267E-01
C14      -3.9277655700E-02 -7.7705657891E-05  3.7722537063E+01 -3.8097645067E+01  1.1749609220E-01
C15      -3.9554974500E-02 -1.6229445744E-05  3.7722574762E+01 -3.8097683142E+01  1.1718560364E-01
C16      -4.2403565400E-02 -3.5061586764E-05  3.7734133633E+01 -3.8109356952E+01  1.1175786468E-01
H17       3.4588518670E-02  2.7565968123E-05  5.9947879388E-01 -6.0543993308E-01  1.5483455755E-01
H18       3.4629234760E-02  2.6105732902E-05  5.9946552019E-01 -6.0542652739E-01  1.5482576043E-01
H19       3.7602409900E-02  2.7160814682E-05  5.9912462921E-01 -6.0508224663E-01  1.5224195802E-01
H20       3.9686228890E-02  2.2390844315E-05  5.9932871289E-01 -6.0528835970E-01  1.4979703857E-01
H21       3.9726248330E-02  1.7745703904E-05  5.9930817492E-01 -6.0526761750E-01  1.4979722681E-01
H22       3.7630832680E-02  2.6008793563E-05  5.9911990350E-01 -6.0507747393E-01  1.5223688208E-01
H23       3.8054352040E-02  2.4280074590E-05  5.9888226715E-01 -6.0483747456E-01  1.5219485929E-01
H24       4.2125200080E-02  2.9006908184E-05  5.9830720033E-01 -6.0425668935E-01  1.4923030383E-01
H25       4.2084178420E-02  2.6673567508E-05  5.9833428574E-01 -6.0428404409E-01  1.4921456358E-01
H26       3.8111091560E-02  2.6949650401E-05  5.9889320333E-01 -6.0484851949E-01  1.5216886628E-01
H27       3.4761560400E-02  2.1055628342E-05  5.9759083788E-01 -6.0353320349E-01  1.4846891372E-01
H28       4.4360174140E-02  3.5639901970E-05  5.9369051793E-01 -5.9959409926E-01  1.4456317592E-01
H29       4.5669521490E-02  1.4960326612E-05  5.9314540616E-01 -5.9904356697E-01  1.4424555324E-01
H30       3.4839318560E-02  2.2209252535E-05  5.9758048282E-01 -6.0352274545E-01  1.4842568854E-01
--------------------------------------------------------------------------------------------------
Total     2.8540582000E-04  2.9193866805E-04  6.1203296341E+02 -6.1811893963E+02
 
1st Largest |L(A)| = 2.9961240263E-04, atom C5      
2nd Largest |L(A)| = 1.7954870379E-04, atom C3      
 
Molecular charge q(Mol) from the wfn file:   0.0000000000E+00
Molecular energy E(Mol) from the wfn file:  -6.1811893089E+02
Molecular virial ratio (-V(Mol)/T(Mol)) from the wfn file:   2.0099438700E+00
Note.  K_Scaled(A) = (1+V(Mol)/T(Mol))*K(A) = (E(Mol)/T(Mol))*K(A)
       Only use K_Scaled(A) data with caution.
 
N_AIMInt(SumA)     =        109.999715
N_Analytic(Mol)    =        109.999980
 
G_AIMInt(SumA)     =        612.032671
G_Analytic(Mol)    =        612.032909
 
K_AIMInt(SumA)     =        612.032963
K_Analytic(Mol)    =        612.032909
 
L_AIMInt(SumA)     =          0.000292
L_Analytic(Mol)    =          0.000000
 
VenT_AIMInt(SumA)  =      -3295.349342
VenT_Analytic(Mol) =      -3295.354071
 
Some Information About the Atomic Calculations:
----------------------------------------------
  Time(sec) = "Elapsed User Time", in Seconds, for Atom A by AIMInt and, if used, by TWOe
  NProc = Number of Processors Used for AIMInt Job
  BIM = Basin Integration Method
  OAQ = Angular Quadrature Outside of Beta Sphere
  ORQ = Multiple of Default for Radial Quadrature Outside of Beta Sphere
  IAQ = Multiple of Default for Angular Quadrature Inside of Beta Sphere
  IRQ = Multiple of Default for Radial Quadrature Inside of Beta Sphere
  MIR = Maximum Integration Radius
------------------------------------------------------------------------------------------------------
Atom A     Time(sec)   NProc      BIM          OAQ                     ORQ      IAQ      IRQ      MIR
------------------------------------------------------------------------------------------------------
C1             26        8     Proaim(5)    4500(GS4)                  1.00     1.00     1.00    13.00
C2             25        8     Proaim(5)    4500(GS4)                  1.00     1.00     1.00    13.00
C3             25        8     Proaim(5)    4500(GS4)                  1.00     1.00     1.00    13.00
C4             26        8     Proaim(5)    4500(GS4)                  1.00     1.00     1.00    13.00
C5             24        8     Proaim(5)    4500(GS4)                  1.00     1.00     1.00    13.00
C6             24        8     Proaim(5)    4500(GS4)                  1.00     1.00     1.00    13.00
C7             24        8     Proaim(5)    4500(GS4)                  1.00     1.00     1.00    13.00
C8             20        8     Proaim(5)    4500(GS4)                  1.00     1.00     1.00    13.00
C9             20        8     Proaim(5)    4500(GS4)                  1.00     1.00     1.00    13.00
C10            24        8     Proaim(5)    4500(GS4)                  1.00     1.00     1.00    13.00
C11            22        8     Proaim(5)    4500(GS4)                  1.00     1.00     1.00    13.00
C12            22        8     Proaim(5)    4500(GS4)                  1.00     1.00     1.00    13.00
C13            28        8     Proaim(5)    4500(GS4)                  1.00     1.00     1.00    13.00
C14            32        8     Proaim(5)    4500(GS4)                  1.00     1.00     1.00    13.00
C15            31        8     Proaim(5)    4500(GS4)                  1.00     1.00     1.00    13.00
C16            27        8     Proaim(5)    4500(GS4)                  1.00     1.00     1.00    13.00
H17             8        8     Proaim(5)    1800(GS4)                  1.00     1.00     1.00    13.00
H18             8        8     Proaim(5)    1800(GS4)                  1.00     1.00     1.00    13.00
H19             7        8     Proaim(5)    1800(GS4)                  1.00     1.00     1.00    13.00
H20             6        8     Proaim(5)    1800(GS4)                  1.00     1.00     1.00    13.00
H21             6        8     Proaim(5)    1800(GS4)                  1.00     1.00     1.00    13.00
H22             7        8     Proaim(5)    1800(GS4)                  1.00     1.00     1.00    13.00
H23             7        8     Proaim(5)    1800(GS4)                  1.00     1.00     1.00    13.00
H24             7        8     Proaim(5)    1800(GS4)                  1.00     1.00     1.00    13.00
H25             6        8     Proaim(5)    1800(GS4)                  1.00     1.00     1.00    13.00
H26             7        8     Proaim(5)    1800(GS4)                  1.00     1.00     1.00    13.00
H27             5        8     Proaim(5)    1800(GS4)                  1.00     1.00     1.00    13.00
H28            15        8     Proaim(5)    4500(GS4)                  1.00     1.00     1.00    13.00
H29            15        8     Proaim(5)    4500(GS4)                  1.00     1.00     1.00    13.00
H30             5        8     Proaim(5)    1800(GS4)                  1.00     1.00     1.00    13.00
------------------------------------------------------------------------------------------------------
Total         509
Note:  Total wall clock time is less than total of atomic times if more than one atom
       was calculated at a time
 
Electron Density Critical Point Analysis of Molecular Structure:               
---------------------------------------------------------------                
  NACP = Nuclear Attractor Critical Point                                      
  NNACP = Non-Nuclear Attractor Critical Point                                 
  BCP = Bond Critical Point                                                    
  RCP = Ring Critical Point                                                    
  CCP = Cage Critical Point                                                    
  Rho = Electron Density                                                       
  GradRho = Gradient of Electron Density                                       
  HessRho_EigVals = Eigenvalues of the Hessian of Rho, Ascending Order         
  HessRho_EigVecs = Eigenvectors of the Hessian of Rho                         
  DelSqRho = Laplacian of Rho = Trace of Hessian of Rho                        
  Bond Ellipticity = (HessRho_EigVal(1) / HessRho_EigVal(2)) - 1               
  V = Virial Field = Potential Energy Density = Trace of Stress Tensor         
  G = Lagrangian Form of Kinetic Energy Density                                
  K = Hamiltonian Form of Kinetic Energy Density                               
  L = K - G = Lagrangian Density = (-1/4)DelSqRho                              
  Vnuc = Electrostatic Potential from Nuclei                                   
  Ven = Electron-nuclear attractive contribution to Virial Field V             
  Vrep = V - Ven = Repulsive contribution to Virial Field V                    
  DelSqV = Laplacian of V                                                      
  DelSqVen = Laplacian of Ven                                                  
  DelSqVrep = Laplacian of Vrep                                                
  DelSqG = Laplacian of G                                                      
  DelSqK = Laplacian of K                                                      
  Stress_EigVals = Eigenvalues of Stress Tensor, Ascending Order               
  Stress_EigVecs = Eigenvectors of Stress Tensor                               
  -DivStress = Ehrenfest Force Density = Minus Divergence of Stress Tensor     
  ESP = Total Electrostatic Potential                                          
  ESPe = Electrostatic Potential from Electrons                                
  ESPn = Electrostatic Potential from Nuclei                                   
  BP = Bond Path                                                               
  BPL = Bond Path Length                                                       
  GBL = Geometric Bond Length                                                  
  GBL_I = Distance Between Nuclear Attractors                                  
  GBL_II = Distance Between Nuclei                                             
  GBL_III = Sum of Distances Between BCP and Nuclear Attractors                
  GBL_IV = Sum of Distances Between BCP and Nuclei                             

CP# 1      Coords = -1.55648139202641E+00 -2.73938157278576E+00 -3.03512077435238E-01
           Type = (3,-3) NACP C1
           Rho =  1.1767601631E+02     Rho at Nucleus =  1.1767601631E+02
           GradRho =  1.3662401085E-12 -2.5807585815E-11 -7.5274233054E-13
           HessRho_EigVals = -1.4500642669E+05 -1.4500553774E+05 -1.4500536622E+05
           HessRho_EigVec1 = -3.0736150081E-01 -3.1998728629E-01  8.9617913635E-01
           HessRho_EigVec2 =  2.1815375262E-02  9.3915050245E-01  3.4281251896E-01
           HessRho_EigVec3 =  9.5134273383E-01 -1.2491785449E-01  2.8167806519E-01
           DelSqRho = -4.3501733065E+05
           Bond Ellipticity = NA
           V = -1.0876471625E+05
           G =  5.1917955494E+00
           K =  1.0875952446E+05
           L =  1.0875433266E+05
           Vnuc =  2.3753265066E+08
           Ven = -2.7951896074E+10
           Vrep =  2.7951787310E+10
           DelSqV =  2.4952910753E+09
           DelSqVen =  1.0333691314E+14
           DelSqVrep = -1.0333441785E+14
           DelSqG =  1.3403621655E+08
           DelSqK = -2.6293272918E+09
           Stress_EigVals = -3.6255113366E+04 -3.6255065467E+04 -3.6254537421E+04
           Stress_EigVec1 =  9.5137678786E-01 -1.2385662941E-01  2.8203145723E-01
           Stress_EigVec2 =  2.0746362695E-02  9.3928455542E-01  3.4251147774E-01
           Stress_EigVec3 = -3.0733010908E-01 -3.2000634260E-01  8.9618309778E-01
           -DivStress = -6.5034221719E+00  1.7478944870E+01  5.7266263491E+00
           ESP =  -1.4737942945E+01     ESP at Nucleus =  -1.4737942945E+01
           ESPe = -3.3487603124E+01     ESPe at Nucleus = -3.3487603163E+01
           ESPn =  1.8749660179E+01     ESPn at Nucleus =  1.8749660218E+01

CP# 2      Coords =  6.66698663879926E-01 -1.81046399264837E+00  7.90696763657512E-01
           Type = (3,-3) NACP C2
           Rho =  1.1764106834E+02     Rho at Nucleus =  1.1764106833E+02
           GradRho =  1.0373971078E-11  2.0033484244E-11  1.2089594354E-11
           HessRho_EigVals = -1.4495401096E+05 -1.4495289874E+05 -1.4495275384E+05
           HessRho_EigVec1 = -3.0868047600E-01 -3.1940866914E-01  8.9593217702E-01
           HessRho_EigVec2 = -1.8855861076E-01  9.4378565206E-01  2.7150376289E-01
           HessRho_EigVec3 =  9.3228858946E-01  8.5127815872E-02  3.5155545924E-01
           DelSqRho = -4.3485966354E+05
           Bond Ellipticity = NA
           V = -1.0872531628E+05
           G =  5.2001953154E+00
           K =  1.0872011608E+05
           L =  1.0871491588E+05
           Vnuc =  1.3989894080E+07
           Ven = -1.6457860856E+09
           Vrep =  1.6456773603E+09
           DelSqV =  2.4943801345E+09
           DelSqVen =  6.0836455383E+12
           DelSqVrep = -6.0811516825E+12
           DelSqG =  1.3397805742E+08
           DelSqK = -2.6283581919E+09
           Stress_EigVals = -3.6242002347E+04 -3.6241926428E+04 -3.6241387501E+04
           Stress_EigVec1 =  9.3270029846E-01  8.3888398774E-02  3.5076044503E-01
           Stress_EigVec2 = -1.8732964561E-01  9.4376883164E-01  2.7241144670E-01
           Stress_EigVec3 = -3.0818461532E-01 -3.1978606750E-01  8.9596825497E-01
           -DivStress = -2.5555673156E+02 -1.8270607531E+02 -1.4857879462E+02
           ESP =  -1.4729142323E+01     ESP at Nucleus =  -1.4729142324E+01
           ESPe = -3.4808552736E+01     ESPe at Nucleus = -3.4808552617E+01
           ESPn =  2.0079410413E+01     ESPn at Nucleus =  2.0079410293E+01

CP# 3      Coords =  7.15083717170905E-01  7.55179886658399E-01  1.72504957028773E+00
           Type = (3,-3) NACP C3
           Rho =  1.1764103427E+02     Rho at Nucleus =  1.1764103425E+02
           GradRho =  5.3504293806E-12 -5.1662474923E-12  1.4054105752E-11
           HessRho_EigVals = -1.4495395752E+05 -1.4495284568E+05 -1.4495270078E+05
           HessRho_EigVec1 = -3.0915781539E-01 -3.2079220722E-01  8.9527303375E-01
           HessRho_EigVec2 =  2.2197880517E-01  8.9104620213E-01  3.9593190795E-01
           HessRho_EigVec3 =  9.2474150725E-01 -3.2113708204E-01  2.0426482639E-01
           DelSqRho = -4.3485950398E+05
           Bond Ellipticity = NA
           V = -1.0872527660E+05
           G =  5.2003029441E+00
           K =  1.0872007630E+05
           L =  1.0871487600E+05
           Vnuc =  1.3894850892E+07
           Ven = -1.6346046299E+09
           Vrep =  1.6344959046E+09
           DelSqV =  2.4943792183E+09
           DelSqVen =  6.0423038566E+12
           DelSqVrep = -6.0398105260E+12
           DelSqG =  1.3397799716E+08
           DelSqK = -2.6283572155E+09
           Stress_EigVals = -3.6241989140E+04 -3.6241913137E+04 -3.6241374324E+04
           Stress_EigVec1 =  9.2472954569E-01 -3.2145069988E-01  2.0382520665E-01
           Stress_EigVec2 =  2.2246548229E-01  8.9096699070E-01  3.9583700014E-01
           Stress_EigVec3 = -3.0884361173E-01 -3.2069809640E-01  8.9541518552E-01
           -DivStress = -2.5017237112E+02  2.4451655559E+02  7.1007389421E+00
           ESP =  -1.4729157856E+01     ESP at Nucleus =  -1.4729157857E+01
           ESPe = -3.4824628623E+01     ESPe at Nucleus = -3.4824628507E+01
           ESPn =  2.0095470768E+01     ESPn at Nucleus =  2.0095470650E+01

CP# 4      Coords = -1.46129784091751E+00  2.24482232116346E+00  1.50919352986707E+00
           Type = (3,-3) NACP C4
           Rho =  1.1767604634E+02     Rho at Nucleus =  1.1767604634E+02
           GradRho =  6.8983203752E-12  2.1627568375E-11  6.7850901763E-12
           HessRho_EigVals = -1.4500645535E+05 -1.4500556577E+05 -1.4500539434E+05
           HessRho_EigVec1 = -3.0780258417E-01 -3.2037235314E-01  8.9589012972E-01
           HessRho_EigVec2 =  1.4228116974E-02  9.3994962680E-01  3.4101650952E-01
           HessRho_EigVec3 =  9.5134385470E-01 -1.1771259244E-01  2.8476062880E-01
           DelSqRho = -4.3501741546E+05
           Bond Ellipticity = NA
           V = -1.0876473756E+05
           G =  5.1918494482E+00
           K =  1.0875954571E+05
           L =  1.0875435386E+05
           Vnuc =  2.3947519596E+08
           Ven = -2.8180494257E+10
           Vrep =  2.8180385493E+10
           DelSqV =  2.4952915499E+09
           DelSqVen =  1.0412289216E+14
           DelSqVrep = -1.0412039687E+14
           DelSqG =  1.3403623386E+08
           DelSqK = -2.6293277837E+09
           Stress_EigVals = -3.6255120514E+04 -3.6255072636E+04 -3.6254544413E+04
           Stress_EigVec1 =  9.5132829850E-01 -1.1859109595E-01  2.8444792220E-01
           Stress_EigVec2 =  1.5218933179E-02  9.3994720505E-01  3.4098040383E-01
           Stress_EigVec3 = -3.0780326924E-01 -3.2005531347E-01  8.9600320522E-01
           -DivStress = -7.3785975722E+00 -1.6214645749E+01 -7.5599692185E+00
           ESP =  -1.4737953315E+01     ESP at Nucleus =  -1.4737953315E+01
           ESPe = -3.3506653922E+01     ESPe at Nucleus = -3.3506653960E+01
           ESPn =  1.8768700607E+01     ESPn at Nucleus =  1.8768700645E+01

CP# 5      Coords = -3.68476733584061E+00  1.31623455532556E+00  4.14196680992745E-01
           Type = (3,-3) NACP C5
           Rho =  1.1764154306E+02     Rho at Nucleus =  1.1764154305E+02
           GradRho =  1.5532494199E-13  2.0718621089E-12 -3.1462737621E-12
           HessRho_EigVals = -1.4495461875E+05 -1.4495349829E+05 -1.4495335492E+05
           HessRho_EigVec1 = -3.0742507560E-01 -3.1981177512E-01  8.9621997935E-01
           HessRho_EigVec2 = -1.6137226600E-01  9.4571063123E-01  2.8211769484E-01
           HessRho_EigVec3 =  9.3778932317E-01  5.7894995239E-02  3.4234391315E-01
           DelSqRho = -4.3486147196E+05
           Bond Ellipticity = NA
           V = -1.0872576752E+05
           G =  5.1997639667E+00
           K =  1.0872056775E+05
           L =  1.0871536799E+05
           Vnuc =  1.4852063010E+07
           Ven = -1.7472196102E+09
           Vrep =  1.7471108844E+09
           DelSqV =  2.4943904780E+09
           DelSqVen =  6.4585937715E+12
           DelSqVrep = -6.4560993810E+12
           DelSqG =  1.3397863007E+08
           DelSqK = -2.6283691081E+09
           Stress_EigVals = -3.6242153078E+04 -3.6242077758E+04 -3.6241536682E+04
           Stress_EigVec1 =  9.3598112889E-01  6.7893819419E-02  3.4544139249E-01
           Stress_EigVec2 = -1.7132417179E-01  9.4504218893E-01  2.7846595716E-01
           Stress_EigVec3 = -3.0755057230E-01 -3.1982134141E-01  8.9617350723E-01
           -DivStress =  2.2466326527E+02  1.8858606566E+02  1.4496040254E+02
           ESP =  -1.4729525544E+01     ESP at Nucleus =  -1.4729525545E+01
           ESPe = -3.4402399438E+01     ESPe at Nucleus = -3.4402399363E+01
           ESPn =  1.9672873894E+01     ESPn at Nucleus =  1.9672873818E+01

CP# 6      Coords = -3.73378319806126E+00 -1.25001422641294E+00 -5.18512193115050E-01
           Type = (3,-3) NACP C6
           Rho =  1.1764153579E+02     Rho at Nucleus =  1.1764153578E+02
           GradRho = -2.1950942360E-11  2.5310760334E-11 -6.8421220702E-12
           HessRho_EigVals = -1.4495461082E+05 -1.4495349018E+05 -1.4495334714E+05
           HessRho_EigVec1 = -3.0719150865E-01 -3.1996742516E-01  8.9624451120E-01
           HessRho_EigVec2 =  1.9538192284E-01  9.0051378535E-01  3.8845955597E-01
           HessRho_EigVec3 =  9.3137494128E-01 -2.9444145298E-01  2.1411433751E-01
           DelSqRho = -4.3486144814E+05
           Bond Ellipticity = NA
           V = -1.0872576146E+05
           G =  5.1997126139E+00
           K =  1.0872056175E+05
           L =  1.0871536203E+05
           Vnuc =  1.4802113771E+07
           Ven = -1.7413433970E+09
           Vrep =  1.7412346712E+09
           DelSqV =  2.4943903431E+09
           DelSqVen =  6.4368662282E+12
           DelSqVrep = -6.4343718379E+12
           DelSqG =  1.3397862364E+08
           DelSqK = -2.6283689668E+09
           Stress_EigVals = -3.6242151044E+04 -3.6242075750E+04 -3.6241534667E+04
           Stress_EigVec1 =  9.2885187289E-01 -3.0565107460E-01  2.0931225199E-01
           Stress_EigVec2 =  2.0697817785E-01  8.9679106708E-01  3.9105730514E-01
           Stress_EigVec3 = -3.0723644336E-01 -3.1991124177E-01  8.9624916472E-01
           -DivStress =  2.1840156747E+02 -2.4477716590E+02 -1.2750297065E+01
           ESP =  -1.4729518254E+01     ESP at Nucleus =  -1.4729518255E+01
           ESPe = -3.4395775427E+01     ESPe at Nucleus = -3.4395775351E+01
           ESPn =  1.9666257173E+01     ESPn at Nucleus =  1.9666257096E+01

CP# 7      Coords = -6.01448471489958E+00 -2.17821656089778E+00 -1.63151754031174E+00
           Type = (3,-3) NACP C7
           Rho =  1.1766396417E+02     Rho at Nucleus =  1.1766396415E+02
           GradRho =  6.1510026283E-12 -9.4667377033E-12 -2.8412259795E-12
           HessRho_EigVals = -1.4498649489E+05 -1.4498558802E+05 -1.4498531642E+05
           HessRho_EigVec1 = -3.0741282685E-01 -3.1977206207E-01  8.9623835122E-01
           HessRho_EigVec2 =  5.0639086434E-01  7.4243362737E-01  4.3858933122E-01
           HessRho_EigVec3 =  8.0564610494E-01 -5.8867489947E-01  6.6303969234E-02
           DelSqRho = -4.3495739933E+05
           Bond Ellipticity = NA
           V = -1.0874969655E+05
           G =  5.1733566278E+00
           K =  1.0874452319E+05
           L =  1.0873934983E+05
           Vnuc =  1.1714794139E+07
           Ven = -1.3784091178E+09
           Vrep =  1.3783003681E+09
           DelSqV =  2.4949427182E+09
           DelSqVen =  5.0954392044E+12
           DelSqVrep = -5.0929442616E+12
           DelSqG =  1.3401263431E+08
           DelSqK = -2.6289553525E+09
           Stress_EigVals = -3.6250138206E+04 -3.6250036585E+04 -3.6249521755E+04
           Stress_EigVec1 =  7.3640199663E-01 -6.7645122532E-01  1.1217803894E-02
           Stress_EigVec2 =  6.0269077911E-01  6.6345725666E-01  4.4338278424E-01
           Stress_EigVec3 = -3.0736936108E-01 -3.1974710061E-01  8.9626216450E-01
           -DivStress = -3.8905235579E+02  7.8414578164E+01 -1.0485752972E+02
           ESP =  -1.4737638997E+01     ESP at Nucleus =  -1.4737639000E+01
           ESPe = -3.1612211743E+01     ESPe at Nucleus = -3.1612211432E+01
           ESPn =  1.6874572747E+01     ESPn at Nucleus =  1.6874572432E+01

CP# 8      Coords = -8.11421054244781E+00 -6.75230847005579E-01 -1.81550708535079E+00
           Type = (3,-3) NACP C8
           Rho =  1.1765663248E+02     Rho at Nucleus =  1.1765663244E+02
           GradRho = -4.9815909217E-12  7.3894745235E-11  2.5492188926E-11
           HessRho_EigVals = -1.4497624339E+05 -1.4497521180E+05 -1.4497504601E+05
           HessRho_EigVec1 = -3.0728815825E-01 -3.1973006909E-01  8.9629608429E-01
           HessRho_EigVec2 =  4.2938593232E-01  7.9394949482E-01  4.3043224880E-01
           HessRho_EigVec3 =  8.4923595598E-01 -5.1712366277E-01  1.0668368420E-01
           DelSqRho = -4.3492650120E+05
           Bond Ellipticity = NA
           V = -1.0874193903E+05
           G =  5.1568642907E+00
           K =  1.0873678216E+05
           L =  1.0873162530E+05
           Vnuc =  8.0375995343E+06
           Ven = -9.4567689446E+08
           Vrep =  9.4556815252E+08
           DelSqV =  2.4947645036E+09
           DelSqVen =  3.4957646889E+12
           DelSqVrep = -3.4932701865E+12
           DelSqG =  1.3400180875E+08
           DelSqK = -2.6287663123E+09
           Stress_EigVals = -3.6247544731E+04 -3.6247470426E+04 -3.6246923871E+04
           Stress_EigVec1 =  9.0929215633E-01 -3.7637434049E-01  1.7756725561E-01
           Stress_EigVec2 =  2.8055474352E-01  8.6954421912E-01  4.0642574584E-01
           Stress_EigVec3 = -3.0737080266E-01 -3.1974240697E-01  8.9626334459E-01
           -DivStress =  3.2440961741E+02 -5.0898910009E+02 -7.0626519705E+01
           ESP =  -1.4736779022E+01     ESP at Nucleus =  -1.4736779026E+01
           ESPe = -3.0337717197E+01     ESPe at Nucleus = -3.0337717538E+01
           ESPn =  1.5600938176E+01     ESPn at Nucleus =  1.5600938512E+01

CP# 9      Coords = -8.06564944349741E+00  1.85748798151650E+00 -8.95354560533536E-01
           Type = (3,-3) NACP C9
           Rho =  1.1765663276E+02     Rho at Nucleus =  1.1765663272E+02
           GradRho = -2.5993250799E-11 -7.4799393803E-11 -3.8034691323E-11
           HessRho_EigVals = -1.4497625009E+05 -1.4497521852E+05 -1.4497505255E+05
           HessRho_EigVec1 = -3.0728247322E-01 -3.1968490645E-01  8.9631414261E-01
           HessRho_EigVec2 = -3.9754007094E-01  8.9888300542E-01  1.8431287139E-01
           HessRho_EigVec3 =  8.6460359336E-01  2.9968467287E-01  4.0329855343E-01
           DelSqRho = -4.3492652116E+05
           Bond Ellipticity = NA
           V = -1.0874194407E+05
           G =  5.1568914569E+00
           K =  1.0873678718E+05
           L =  1.0873163029E+05
           Vnuc =  8.0363317080E+06
           Ven = -9.4552772854E+08
           Vrep =  9.4541898660E+08
           DelSqV =  2.4947646196E+09
           DelSqVen =  3.4952135311E+12
           DelSqVrep = -3.4927187665E+12
           DelSqG =  1.3400182133E+08
           DelSqK = -2.6287664409E+09
           Stress_EigVals = -3.6247546432E+04 -3.6247472110E+04 -3.6246925531E+04
           Stress_EigVec1 =  9.1936410443E-01  1.4337863324E-01  3.6634984783E-01
           Stress_EigVec2 = -2.4562822631E-01  9.3661254757E-01  2.4984737376E-01
           Stress_EigVec3 = -3.0730508931E-01 -3.1968657035E-01  8.9630579537E-01
           -DivStress =  3.4164290286E+02  4.2468959885E+02  2.6896947990E+02
           ESP =  -1.4736779282E+01     ESP at Nucleus =  -1.4736779286E+01
           ESPe = -3.0340442753E+01     ESPe at Nucleus = -3.0340443093E+01
           ESPn =  1.5603663471E+01     ESPn at Nucleus =  1.5603663807E+01

CP# 10     Coords = -5.91831323334717E+00  2.81952667671672E+00  1.83982809085191E-01
           Type = (3,-3) NACP C10
           Rho =  1.1766398286E+02     Rho at Nucleus =  1.1766398284E+02
           GradRho =  6.7208175226E-11 -2.5896419740E-11  1.0747830008E-11
           HessRho_EigVals = -1.4498651711E+05 -1.4498560990E+05 -1.4498533836E+05
           HessRho_EigVec1 = -3.0739663578E-01 -3.1984040028E-01  8.9621951924E-01
           HessRho_EigVec2 = -4.7561293116E-01  8.6738352057E-01  1.4641778563E-01
           HessRho_EigVec3 =  8.2419636497E-01  3.8124525779E-01  4.1875100644E-01
           DelSqRho = -4.3495746537E+05
           Bond Ellipticity = NA
           V = -1.0874971319E+05
           G =  5.1734229169E+00
           K =  1.0874453977E+05
           L =  1.0873936634E+05
           Vnuc =  1.1706778159E+07
           Ven = -1.3774661446E+09
           Vrep =  1.3773573949E+09
           DelSqV =  2.4949430996E+09
           DelSqVen =  5.0919500677E+12
           DelSqVrep = -5.0894556489E+12
           DelSqG =  1.3401265364E+08
           DelSqK = -2.6289557532E+09
           Stress_EigVals = -3.6250143791E+04 -3.6250042157E+04 -3.6249527241E+04
           Stress_EigVec1 =  7.5869527052E-01  4.8615709254E-01  4.3362745285E-01
           Stress_EigVec2 =  5.7434840169E-01 -8.1330166466E-01 -9.3082306195E-02
           Stress_EigVec3 = -3.0741730590E-01 -3.1967433995E-01  8.9627167556E-01
           -DivStress = -3.9020994814E+02  2.1137211582E+01 -1.2661852801E+02
           ESP =  -1.4737644175E+01     ESP at Nucleus =  -1.4737644178E+01
           ESPe = -3.1620477387E+01     ESPe at Nucleus = -3.1620477074E+01
           ESPn =  1.6882833212E+01     ESPn at Nucleus =  1.6882832896E+01

CP# 11     Coords =  8.90266024116627E+00  2.61787880694897E+00 -3.07098418616639E+00
           Type = (3,-3) NACP C11
           Rho =  1.1767890457E+02     Rho at Nucleus =  1.1767890450E+02
           GradRho = -5.3387945540E-11  2.1820344728E-10  6.1655163830E-11
           HessRho_EigVals = -1.4500627509E+05 -1.4500523831E+05 -1.4500503433E+05
           HessRho_EigVec1 =  6.9328413096E-01 -2.9537413676E-01  6.5735168144E-01
           HessRho_EigVec2 = -7.1938336881E-01 -3.3800852857E-01  6.0682600743E-01
           HessRho_EigVec3 = -4.2949766484E-02  8.9359070829E-01  4.4682319055E-01
           DelSqRho = -4.3501654773E+05
           Bond Ellipticity = NA
           V = -1.0876432250E+05
           G =  5.0927832678E+00
           K =  1.0875922972E+05
           L =  1.0875413693E+05
           Vnuc =  5.8572480202E+06
           Ven = -6.8927453083E+08
           Vrep =  6.8916576651E+08
           DelSqV =  2.4952799418E+09
           DelSqVen =  2.5479995720E+12
           DelSqVrep = -2.5455042920E+12
           DelSqG =  1.3403245358E+08
           DelSqK = -2.6293123953E+09
           Stress_EigVals = -3.6255036718E+04 -3.6254918211E+04 -3.6254367570E+04
           Stress_EigVec1 = -5.8184345144E-03  9.1061740486E-01  4.1320949625E-01
           Stress_EigVec2 = -7.2013272177E-01 -2.9051504558E-01  6.3008719343E-01
           Stress_EigVec3 =  6.9381194055E-01 -2.9389955812E-01  6.5745573302E-01
           -DivStress = -1.1418479995E+02 -7.9345097086E+02 -2.2190568032E+02
           ESP =  -1.4751692960E+01     ESP at Nucleus =  -1.4751692975E+01
           ESPe = -2.6958658730E+01     ESPe at Nucleus = -2.6958659784E+01
           ESPn =  1.2206965770E+01     ESPn at Nucleus =  1.2206966808E+01

CP# 12     Coords =  8.83484318284985E+00  2.95368583440176E-01 -4.03483455036651E+00
           Type = (3,-3) NACP C12
           Rho =  1.1767905040E+02     Rho at Nucleus =  1.1767905032E+02
           GradRho =  1.4202136927E-10 -2.0312903182E-10 -9.9970330191E-11
           HessRho_EigVals = -1.4500645125E+05 -1.4500540815E+05 -1.4500520519E+05
           HessRho_EigVec1 =  6.9347585744E-01 -2.9120881001E-01  6.5900581494E-01
           HessRho_EigVec2 = -7.1344963269E-01 -1.5009312996E-01  6.8444260092E-01
           HessRho_EigVec3 =  1.0040346991E-01  9.4481187615E-01  3.1184878054E-01
           DelSqRho = -4.3501706460E+05
           Bond Ellipticity = NA
           V = -1.0876445139E+05
           G =  5.0926195220E+00
           K =  1.0875935877E+05
           L =  1.0875426615E+05
           Vnuc =  5.9196226119E+06
           Ven = -6.9661556768E+08
           Vrep =  6.9650680323E+08
           DelSqV =  2.4952828837E+09
           DelSqVen =  2.5751376036E+12
           DelSqVrep = -2.5726423535E+12
           DelSqG =  1.3403260561E+08
           DelSqK = -2.6293154893E+09
           Stress_EigVals = -3.6255080016E+04 -3.6254961822E+04 -3.6254409549E+04
           Stress_EigVec1 =  6.2123707552E-02  9.3474726001E-01  3.4984025621E-01
           Stress_EigVec2 = -7.1732707663E-01 -2.0189969960E-01  6.6684209258E-01
           Stress_EigVec3 =  6.9396146154E-01 -2.9237659142E-01  6.5797676152E-01
           -DivStress = -7.4980558735E+01  7.1152009054E+02  4.0673485041E+02
           ESP =  -1.4751728680E+01     ESP at Nucleus =  -1.4751728695E+01
           ESPe = -2.6984945953E+01     ESPe at Nucleus = -2.6984946981E+01
           ESPn =  1.2233217273E+01     ESPn at Nucleus =  1.2233218287E+01

CP# 13     Coords =  2.99456390098948E+00  1.68177324975299E+00  2.84338973479169E+00
           Type = (3,-3) NACP C13
           Rho =  1.1766569165E+02     Rho at Nucleus =  1.1766569163E+02
           GradRho = -2.1367525398E-11  1.3548298768E-11  5.5626539616E-12
           HessRho_EigVals = -1.4498888784E+05 -1.4498796346E+05 -1.4498769610E+05
           HessRho_EigVec1 = -3.1273906507E-01 -3.2277481943E-01  8.9331444247E-01
           HessRho_EigVec2 =  5.0039242473E-01  7.4340843569E-01  4.4379197719E-01
           HessRho_EigVec3 =  8.0734236756E-01 -5.8579886794E-01  7.0978784610E-02
           DelSqRho = -4.3496454740E+05
           Bond Ellipticity = NA
           V = -1.0875148016E+05
           G =  5.1716568421E+00
           K =  1.0874630851E+05
           L =  1.0874113685E+05
           Vnuc =  1.2305392137E+07
           Ven = -1.4479224769E+09
           Vrep =  1.4478137254E+09
           DelSqV =  2.4949837674E+09
           DelSqVen =  5.3524090061E+12
           DelSqVrep = -5.3499134980E+12
           DelSqG =  1.3401507840E+08
           DelSqK = -2.6289988458E+09
           Stress_EigVals = -3.6250733312E+04 -3.6250632981E+04 -3.6250113869E+04
           Stress_EigVec1 =  7.3717481696E-01 -6.7557769876E-01  1.2963879426E-02
           Stress_EigVec2 =  5.9981949783E-01  6.6310192676E-01  4.4778611496E-01
           Stress_EigVec3 = -3.1111068651E-01 -3.2232065968E-01  8.9404671751E-01
           -DivStress =  3.5996596645E+02 -8.5482060470E+01  1.2525828907E+02
           ESP =  -1.4736389387E+01     ESP at Nucleus =  -1.4736389390E+01
           ESPe = -3.2410081457E+01     ESPe at Nucleus = -3.2410081233E+01
           ESPn =  1.7673692069E+01     ESPn at Nucleus =  1.7673691842E+01

CP# 14     Coords =  5.09445651333819E+00  1.78123611658211E-01  3.03083014790919E+00
           Type = (3,-3) NACP C14
           Rho =  1.1766009363E+02     Rho at Nucleus =  1.1766009359E+02
           GradRho =  4.3469764463E-11 -7.0083980177E-11 -1.8610025196E-11
           HessRho_EigVals = -1.4498141279E+05 -1.4498037952E+05 -1.4498021553E+05
           HessRho_EigVec1 = -3.0807146555E-01 -3.2304529458E-01  8.9483725322E-01
           HessRho_EigVec2 =  3.9845849075E-01  8.1029852509E-01  4.2970586613E-01
           HessRho_EigVec3 =  8.6389976459E-01 -4.8893561732E-01  1.2090971364E-01
           DelSqRho = -4.3494200784E+05
           Bond Ellipticity = NA
           V = -1.0874581938E+05
           G =  5.1587075818E+00
           K =  1.0874066067E+05
           L =  1.0873550196E+05
           Vnuc =  8.1208522527E+06
           Ven = -9.5550023640E+08
           Vrep =  9.5539149058E+08
           DelSqV =  2.4948541028E+09
           DelSqVen =  3.5321004687E+12
           DelSqVrep = -3.5296056146E+12
           DelSqG =  1.3400744712E+08
           DelSqK = -2.6288615500E+09
           Stress_EigVals = -3.6248838858E+04 -3.6248763398E+04 -3.6248217121E+04
           Stress_EigVec1 =  9.1557835851E-01 -3.5486902273E-01  1.8916724382E-01
