AIMSum (Version 19.02.13, Professional)
Copyright (c) 1997-2019 by Todd A. Keith
AIMSum is a component of the AIMAll package ( http://aim.tkgristmill.com )

TP:  64-bit Linux

Much of the Quantum Theory of Atoms in Molecules (QTAIM) is described in the book:
  "Atoms in Molecules - A Quantum Theory"
  R.F.W. Bader, Oxford University Press, Oxford, 1990

For additional references see:  http://aim.tkgristmill.com/references.html

Wfn File:  /home/mhennefarth/Documents/ML_Diels/summary-hayden2009/7-opt/7-opt.wfn
Sum File:  /home/mhennefarth/Documents/ML_Diels/summary-hayden2009/7-opt/7-opt.sum

SumViz File:  /home/mhennefarth/Documents/ML_Diels/summary-hayden2009/7-opt/7-opt.sumviz

Wfn Title:   Title Card Required                                                           
 
Total memory allocated for AIMSum =        1.649 Megabytes

Atomic units (a.u.) used throughout, except where stated otherwise

Model:  Restricted SCF
 
Restricted, closed-shell, single-determinant wavefunction.
  Number of electrons (from MO Occs)                   =         110.0000000000
  Number of Alpha electrons (from MO Occs)             =          55.0000000000
  Number of Beta electrons (from MO Occs)              =          55.0000000000
  Number of electron pairs (N*(N-1)/2)                 =        5995.0000000000
  Number of electron pairs (from Muller 2EDM)          =        5995.0000000000
 
Nuclear Charges and Cartesian Coordinates:
-------------------------------------------------------------------------------
Atom      Charge                X                  Y                  Z
-------------------------------------------------------------------------------
C1         6.0          -2.7602722900E+00  -4.8432925100E+00   9.2501449000E-01
C2         6.0          -5.2199313600E+00  -4.5504308900E+00   1.7301081000E-01
C3         6.0          -5.9752460400E+00  -2.3588428500E+00  -1.2023607000E+00
C4         6.0          -4.2505825900E+00  -5.1832755000E-01  -1.7894200100E+00
C5         6.0          -1.6636728500E+00  -7.4908863000E-01  -1.0397331200E+00
C6         6.0          -8.9845120000E-01  -2.9698237400E+00   3.5310030000E-01
C7         6.0           1.6303001000E+00  -3.2153693900E+00   1.0943609800E+00
C8         6.0           3.4383016300E+00  -1.3689681000E+00   5.2270993000E-01
C9         6.0           2.6735462900E+00   8.5161351000E-01  -8.7115876000E-01
C10        6.0           1.4401293000E-01   1.0983467400E+00  -1.6124423600E+00
C11        6.0          -4.0418210900E+00   6.6734183100E+00   1.6120195400E+00
C12        6.0          -6.3885545800E+00   5.7810763000E+00   1.4439965800E+00
C13        6.0           6.0250919600E+00  -1.6004309600E+00   1.2693197600E+00
C14        6.0           7.7507468900E+00   2.3718494000E-01   6.8068302000E-01
C15        6.0           6.9964048900E+00   2.4277499200E+00  -6.9649712000E-01
C16        6.0           4.5364328000E+00   2.7226025700E+00  -1.4469718100E+00
H17        1.0          -2.1796187800E+00  -6.5126413000E+00   1.9736918900E+00
H18        1.0          -6.6140003500E+00  -5.9901365900E+00   6.2075144000E-01
H19        1.0          -7.9337539800E+00  -2.1611805800E+00  -1.7875126400E+00
H20        1.0          -4.8212390800E+00   1.1563335200E+00  -2.8338713100E+00
H21        1.0           2.2068782300E+00  -4.8876417700E+00   2.1436625500E+00
H22        1.0          -4.3392403000E-01   2.7688139200E+00  -2.6632879800E+00
H23        1.0          -2.4176695000E+00   5.4211425100E+00   1.7391006800E+00
H24        1.0          -3.6469968600E+00   8.6905516400E+00   1.6344359500E+00
H25        1.0          -6.7746414200E+00   3.7630773600E+00   1.4254137100E+00
H26        1.0          -8.0177670800E+00   7.0284078400E+00   1.3209992400E+00
H27        1.0           6.5959080000E+00  -3.2728274400E+00   2.3185647400E+00
H28        1.0           9.7103555000E+00   3.5936960000E-02   1.2604546800E+00
H29        1.0           8.3918567300E+00   3.8650021500E+00  -1.1479184400E+00
H30        1.0           3.9567796500E+00   4.3906557900E+00  -2.4982736100E+00
 
Some Atomic Properties:
----------------------
  q(A) = Net Charge of Atom A
  L(A) = Lagrangian of Atom A = -(1/4) Times Atomic Integral of the Laplacian of the Electron Density
  K(A) = Electronic Kinetic Energy of Atom A (Hamiltonian Form)
  K_Scaled(A) = K(A) * E(Mol)/K(Mol) = Approximation to Virial-Based Total Energy of Atom A.
  |Mu_Intra(A)| = Magnitude of Intraatomic Dipole Moment of Atom A
--------------------------------------------------------------------------------------------------
Atom A          q(A)              L(A)              K(A)          K_Scaled(A)      |Mu_Intra(A)|
--------------------------------------------------------------------------------------------------
C1       -3.9978842100E-02  5.7891893605E-05  3.7734291929E+01 -3.8109488899E+01  1.1088000359E-01
C2       -3.6705241300E-02 -1.9373068091E-04  3.7722190542E+01 -3.8097267187E+01  1.1433797216E-01
C3       -3.9261204500E-02  8.2824050245E-05  3.7722432468E+01 -3.8097511518E+01  1.1481028994E-01
C4       -4.3120407300E-02  1.9931975320E-05  3.7735504859E+01 -3.8110713890E+01  1.1768150325E-01
C5        6.9140099000E-03  8.1367393183E-05  3.7736613097E+01 -3.8111833147E+01  1.4543058467E-02
C6        8.5226537000E-03  1.1801915637E-04  3.7736578738E+01 -3.8111798446E+01  1.3537162108E-02
C7       -4.9626771300E-02 -1.2447937710E-05  3.7749404913E+01 -3.8124752153E+01  1.0864167549E-01
C8        8.5364761000E-03  8.9883753756E-06  3.7736382477E+01 -3.8111600234E+01  1.4163776738E-02
C9        7.3228118000E-03  1.2984548884E-04  3.7736543224E+01 -3.8111762579E+01  1.4164127526E-02
C10      -5.3558868500E-02  2.8610140655E-05  3.7750347746E+01 -3.8125704361E+01  1.1403554295E-01
C11      -8.3889381800E-02 -5.5403305044E-05  3.7695467015E+01 -3.8070277944E+01  9.3589255328E-02
C12      -8.4420802700E-02 -5.0221157384E-05  3.7695761770E+01 -3.8070575630E+01  9.3458227721E-02
C13      -4.0126513500E-02  1.6125640054E-06  3.7734297134E+01 -3.8109494156E+01  1.1132405985E-01
C14      -3.6425060200E-02  1.9354751091E-05  3.7722291090E+01 -3.8097368734E+01  1.1397895314E-01
C15      -3.6551684000E-02 -5.2607969093E-05  3.7722280564E+01 -3.8097358104E+01  1.1406531150E-01
C16      -4.0392944700E-02  3.3038675970E-05  3.7734378537E+01 -3.8109576369E+01  1.1168360518E-01
H17       3.7684101140E-02  2.3354211386E-05  5.9910381996E-01 -6.0506078712E-01  1.5222556008E-01
H18       3.9729858510E-02  1.6953350003E-05  5.9929814678E-01 -6.0525704616E-01  1.4978897864E-01
H19       3.9707294400E-02  1.7106596656E-05  5.9921537746E-01 -6.0517345385E-01  1.4985425381E-01
H20       4.3373285980E-02  1.3008876263E-05  5.9691230284E-01 -6.0284747946E-01  1.5000236045E-01
H21       3.4579971420E-02  2.3635430665E-05  5.9948693928E-01 -6.0544771585E-01  1.5485619090E-01
H22       3.8214077870E-02  1.7860384830E-05  5.9792695348E-01 -6.0387221890E-01  1.5337458394E-01
H23       4.7095971250E-02  2.6118995542E-05  5.9272433262E-01 -5.9861786771E-01  1.4286097714E-01
H24       3.6294346350E-02  2.3679067239E-05  5.9704501904E-01 -6.0298151528E-01  1.4801480705E-01
H25       4.5647808780E-02  1.9453134859E-05  5.9328785843E-01 -5.9918699674E-01  1.4382496097E-01
H26       3.6070056260E-02  1.4594029754E-05  5.9711070978E-01 -6.0304785919E-01  1.4810926696E-01
H27       3.7549229350E-02  2.3583247396E-05  5.9914288938E-01 -6.0510024502E-01  1.5225775920E-01
H28       3.9633971750E-02  3.0087712393E-05  5.9935062491E-01 -6.0531004609E-01  1.4979668301E-01
H29       3.9642413050E-02  2.4470177214E-05  5.9934238650E-01 -6.0530172576E-01  1.4979462306E-01
H30       3.7939423470E-02  2.0983684822E-05  5.9898545637E-01 -6.0494124663E-01  1.5211654409E-01
--------------------------------------------------------------------------------------------------
Total     4.0003918000E-04  5.1196231354E-04  6.1203369892E+02 -6.1811922955E+02
 
1st Largest |L(A)| = 1.9373068091E-04, atom C2      
2nd Largest |L(A)| = 1.2984548884E-04, atom C9      
 
Molecular charge q(Mol) from the wfn file:   0.0000000000E+00
Molecular energy E(Mol) from the wfn file:  -6.1811914162E+02
Molecular virial ratio (-V(Mol)/T(Mol)) from the wfn file:   2.0099431300E+00
Note.  K_Scaled(A) = (1+V(Mol)/T(Mol))*K(A) = (E(Mol)/T(Mol))*K(A)
       Only use K_Scaled(A) data with caution.
 
N_AIMInt(SumA)     =        109.999600
N_Analytic(Mol)    =        109.999980
 
G_AIMInt(SumA)     =        612.033187
G_Analytic(Mol)    =        612.033562
 
K_AIMInt(SumA)     =        612.033699
K_Analytic(Mol)    =        612.033562
 
L_AIMInt(SumA)     =          0.000512
L_Analytic(Mol)    =          0.000000
 
VenT_AIMInt(SumA)  =      -3315.812604
VenT_Analytic(Mol) =      -3315.820090
 
Some Information About the Atomic Calculations:
----------------------------------------------
  Time(sec) = "Elapsed User Time", in Seconds, for Atom A by AIMInt and, if used, by TWOe
  NProc = Number of Processors Used for AIMInt Job
  BIM = Basin Integration Method
  OAQ = Angular Quadrature Outside of Beta Sphere
  ORQ = Multiple of Default for Radial Quadrature Outside of Beta Sphere
  IAQ = Multiple of Default for Angular Quadrature Inside of Beta Sphere
  IRQ = Multiple of Default for Radial Quadrature Inside of Beta Sphere
  MIR = Maximum Integration Radius
------------------------------------------------------------------------------------------------------
Atom A     Time(sec)   NProc      BIM          OAQ                     ORQ      IAQ      IRQ      MIR
------------------------------------------------------------------------------------------------------
C1             24        8     Proaim(5)    4500(GS4)                  1.00     1.00     1.00    13.00
C2             21        8     Proaim(5)    4500(GS4)                  1.00     1.00     1.00    13.00
C3             23        8     Proaim(5)    4500(GS4)                  1.00     1.00     1.00    13.00
C4             38        8     Proaim(5)    4500(GS4)                  1.00     1.00     1.00    13.00
C5             26        8     Proaim(5)    4500(GS4)                  1.00     1.00     1.00    13.00
C6             25        8     Proaim(5)    4500(GS4)                  1.00     1.00     1.00    13.00
C7             26        8     Proaim(5)    4500(GS4)                  1.00     1.00     1.00    13.00
C8             24        8     Proaim(5)    4500(GS4)                  1.00     1.00     1.00    13.00
C9             26        8     Proaim(5)    4500(GS4)                  1.00     1.00     1.00    13.00
C10            37        8     Proaim(5)    4500(GS4)                  1.00     1.00     1.00    13.00
C11            22        8     Proaim(5)    4500(GS4)                  1.00     1.00     1.00    13.00
C12            23        8     Proaim(5)    4500(GS4)                  1.00     1.00     1.00    13.00
C13            23        8     Proaim(5)    4500(GS4)                  1.00     1.00     1.00    13.00
C14            20        8     Proaim(5)    4500(GS4)                  1.00     1.00     1.00    13.00
C15            20        8     Proaim(5)    4500(GS4)                  1.00     1.00     1.00    13.00
C16            24        8     Proaim(5)    4500(GS4)                  1.00     1.00     1.00    13.00
H17             7        8     Proaim(5)    1800(GS4)                  1.00     1.00     1.00    13.00
H18             6        8     Proaim(5)    1800(GS4)                  1.00     1.00     1.00    13.00
H19             6        8     Proaim(5)    1800(GS4)                  1.00     1.00     1.00    13.00
H20             9        8     Proaim(5)    1800(GS4)                  1.00     1.00     1.00    13.00
H21             8        8     Proaim(5)    1800(GS4)                  1.00     1.00     1.00    13.00
H22            11        8     Proaim(5)    1800(GS4)                  1.00     1.00     1.00    13.00
H23            16        8     Proaim(5)    4500(GS4)                  1.00     1.00     1.00    13.00
H24             6        8     Proaim(5)    1800(GS4)                  1.00     1.00     1.00    13.00
H25            18        8     Proaim(5)    4500(GS4)                  1.00     1.00     1.00    13.00
H26             5        8     Proaim(5)    1800(GS4)                  1.00     1.00     1.00    13.00
H27             7        8     Proaim(5)    1800(GS4)                  1.00     1.00     1.00    13.00
H28             6        8     Proaim(5)    1800(GS4)                  1.00     1.00     1.00    13.00
H29             6        8     Proaim(5)    1800(GS4)                  1.00     1.00     1.00    13.00
H30             7        8     Proaim(5)    1800(GS4)                  1.00     1.00     1.00    13.00
------------------------------------------------------------------------------------------------------
Total         520
Note:  Total wall clock time is less than total of atomic times if more than one atom
       was calculated at a time
 
Electron Density Critical Point Analysis of Molecular Structure:               
---------------------------------------------------------------                
  NACP = Nuclear Attractor Critical Point                                      
  NNACP = Non-Nuclear Attractor Critical Point                                 
  BCP = Bond Critical Point                                                    
  RCP = Ring Critical Point                                                    
  CCP = Cage Critical Point                                                    
  Rho = Electron Density                                                       
  GradRho = Gradient of Electron Density                                       
  HessRho_EigVals = Eigenvalues of the Hessian of Rho, Ascending Order         
  HessRho_EigVecs = Eigenvectors of the Hessian of Rho                         
  DelSqRho = Laplacian of Rho = Trace of Hessian of Rho                        
  Bond Ellipticity = (HessRho_EigVal(1) / HessRho_EigVal(2)) - 1               
  V = Virial Field = Potential Energy Density = Trace of Stress Tensor         
  G = Lagrangian Form of Kinetic Energy Density                                
  K = Hamiltonian Form of Kinetic Energy Density                               
  L = K - G = Lagrangian Density = (-1/4)DelSqRho                              
  Vnuc = Electrostatic Potential from Nuclei                                   
  Ven = Electron-nuclear attractive contribution to Virial Field V             
  Vrep = V - Ven = Repulsive contribution to Virial Field V                    
  DelSqV = Laplacian of V                                                      
  DelSqVen = Laplacian of Ven                                                  
  DelSqVrep = Laplacian of Vrep                                                
  DelSqG = Laplacian of G                                                      
  DelSqK = Laplacian of K                                                      
  Stress_EigVals = Eigenvalues of Stress Tensor, Ascending Order               
  Stress_EigVecs = Eigenvectors of Stress Tensor                               
  -DivStress = Ehrenfest Force Density = Minus Divergence of Stress Tensor     
  ESP = Total Electrostatic Potential                                          
  ESPe = Electrostatic Potential from Electrons                                
  ESPn = Electrostatic Potential from Nuclei                                   
  BP = Bond Path                                                               
  BPL = Bond Path Length                                                       
  GBL = Geometric Bond Length                                                  
  GBL_I = Distance Between Nuclear Attractors                                  
  GBL_II = Distance Between Nuclei                                             
  GBL_III = Sum of Distances Between BCP and Nuclear Attractors                
  GBL_IV = Sum of Distances Between BCP and Nuclei                             

CP# 1      Coords = -2.76027180050326E+00 -4.84329236724651E+00  9.25014530102415E-01
           Type = (3,-3) NACP C1
           Rho =  1.1766429527E+02     Rho at Nucleus =  1.1766429525E+02
           GradRho =  7.8373055997E-12  6.4837581511E-12 -4.8641905391E-12
           HessRho_EigVals = -1.4498691428E+05 -1.4498600250E+05 -1.4498573141E+05
           HessRho_EigVec1 = -2.0691120514E-01  4.6785510259E-01  8.5924347898E-01
           HessRho_EigVec2 =  2.4373805667E-01  8.7520831020E-01 -4.1785424910E-01
           HessRho_EigVec3 =  9.4751227587E-01 -1.2297160952E-01  2.9512449972E-01
           DelSqRho = -4.3495864819E+05
           Bond Ellipticity = NA
           V = -1.0875000794E+05
           G =  5.1729468047E+00
           K =  1.0874483499E+05
           L =  1.0873966205E+05
           Vnuc =  1.1731084164E+07
           Ven = -1.3803297509E+09
           Vrep =  1.3802210009E+09
           DelSqV =  2.4949498418E+09
           DelSqVen =  5.1025354424E+12
           DelSqVrep = -5.1000404926E+12
           DelSqG =  1.3401302604E+08
           DelSqK = -2.6289628678E+09
           Stress_EigVals = -3.6250242387E+04 -3.6250140737E+04 -3.6249624817E+04
           Stress_EigVec1 =  9.0990749784E-01 -2.3072131454E-01  3.4472600771E-01
           Stress_EigVec2 =  3.5952360685E-01  8.5316880204E-01 -3.7794942961E-01
           Stress_EigVec3 = -2.0690848580E-01  4.6783615747E-01  8.5925444908E-01
           -DivStress = -3.9178199589E+02 -1.1661174698E+02 -3.0804699893E+01
           ESP =  -1.4737502715E+01     ESP at Nucleus =  -1.4737502718E+01
           ESPe = -3.1981567807E+01     ESPe at Nucleus = -3.1981567521E+01
           ESPn =  1.7244065092E+01     ESPn at Nucleus =  1.7244064803E+01

CP# 2      Coords = -5.21993193810711E+00 -4.55043053943001E+00  1.73010483685145E-01
           Type = (3,-3) NACP C2
           Rho =  1.1765639268E+02     Rho at Nucleus =  1.1765639264E+02
           GradRho = -1.3529955314E-11  7.0206401849E-11 -4.2111565401E-11
           HessRho_EigVals = -1.4497598046E+05 -1.4497495380E+05 -1.4497478696E+05
           HessRho_EigVec1 = -2.0733841485E-01  4.6851093607E-01  8.5878302528E-01
           HessRho_EigVec2 =  1.5273773645E-01  8.8259732448E-01 -4.4462697476E-01
           HessRho_EigVec3 =  9.6627220057E-01 -3.8980323237E-02  2.5455563009E-01
           DelSqRho = -4.3492572123E+05
           Bond Ellipticity = NA
           V = -1.0874174428E+05
           G =  5.1569859660E+00
           K =  1.0873658729E+05
           L =  1.0873143031E+05
           Vnuc =  7.9922866884E+06
           Ven = -9.4034362103E+08
           Vrep =  9.4023487929E+08
           DelSqV =  2.4947600856E+09
           DelSqVen =  3.4760504115E+12
           DelSqVrep = -3.4735557825E+12
           DelSqG =  1.3400160513E+08
           DelSqK = -2.6287616907E+09
           Stress_EigVals = -3.6247479640E+04 -3.6247404925E+04 -3.6246859714E+04
           Stress_EigVec1 =  9.7822975944E-01  1.0961371788E-01  1.7621399094E-01
           Stress_EigVec2 = -1.1670591681E-02  8.7683635958E-01 -4.8064726755E-01
           Stress_EigVec3 = -2.0719636831E-01  4.6812693938E-01  8.5902667804E-01
           -DivStress =  4.6817012246E+02 -2.8842299822E+02  2.6674004785E+02
           ESP =  -1.4736713963E+01     ESP at Nucleus =  -1.4736713966E+01
           ESPe = -3.0879506962E+01     ESPe at Nucleus = -3.0879507234E+01
           ESPn =  1.6142792999E+01     ESPn at Nucleus =  1.6142793268E+01

CP# 3      Coords = -5.97524628134312E+00 -2.35884348486176E+00 -1.20236039777737E+00
           Type = (3,-3) NACP C3
           Rho =  1.1765747516E+02     Rho at Nucleus =  1.1765747512E+02
           GradRho =  1.9304142540E-11 -5.7002960210E-11  3.2132223274E-11
           HessRho_EigVals = -1.4497748018E+05 -1.4497644118E+05 -1.4497627498E+05
           HessRho_EigVec1 = -2.0855649606E-01  4.7021863399E-01  8.5755386082E-01
           HessRho_EigVec2 = -6.6223943616E-01  5.7733432609E-01 -4.7762328787E-01
           HessRho_EigVec3 =  7.1968265030E-01  6.6751742462E-01 -1.9099049893E-01
           DelSqRho = -4.3493019634E+05
           Bond Ellipticity = NA
           V = -1.0874285950E+05
           G =  5.1552050016E+00
           K =  1.0873770429E+05
           L =  1.0873254909E+05
           Vnuc =  8.0711077825E+06
           Ven = -9.4962616345E+08
           Vrep =  9.4951742059E+08
           DelSqV =  2.4947857739E+09
           DelSqVen =  3.5103684690E+12
           DelSqVrep = -3.5078735521E+12
           DelSqG =  1.3400313768E+08
           DelSqK = -2.6287889115E+09
           Stress_EigVals = -3.6247852009E+04 -3.6247777801E+04 -3.6247229686E+04
           Stress_EigVec1 =  8.2220006158E-01  5.5921312719E-01 -1.0614959775E-01
           Stress_EigVec2 = -5.2970747001E-01  6.8347959404E-01 -5.0226053075E-01
           Stress_EigVec3 = -2.0831959809E-01  4.6918687419E-01  8.5817633511E-01
           -DivStress =  1.9250568795E+02  5.1792678490E+02 -2.4683909691E+02
           ESP =  -1.4736417405E+01     ESP at Nucleus =  -1.4736417409E+01
           ESPe = -3.1175549765E+01     ESPe at Nucleus = -3.1175550192E+01
           ESPn =  1.6439132360E+01     ESPn at Nucleus =  1.6439132784E+01

CP# 4      Coords = -4.25058212756319E+00 -5.18327397683826E-01 -1.78941990249653E+00
           Type = (3,-3) NACP C4
           Rho =  1.1766866270E+02     Rho at Nucleus =  1.1766866268E+02
           GradRho =  3.3780278813E-11  8.3216825358E-12  1.8797646165E-11
           HessRho_EigVals = -1.4499339633E+05 -1.4499246129E+05 -1.4499220306E+05
           HessRho_EigVec1 = -2.0733753520E-01  4.6346081842E-01  8.6151913286E-01
           HessRho_EigVec2 = -7.5687285394E-01  4.8196022602E-01 -4.4142703079E-01
           HessRho_EigVec3 =  6.1980208895E-01  7.4358483735E-01 -2.5085246700E-01
           DelSqRho = -4.3497806068E+05
           Bond Ellipticity = NA
           V = -1.0875486556E+05
           G =  5.1751977444E+00
           K =  1.0874969037E+05
           L =  1.0874451517E+05
           Vnuc =  1.2033638398E+07
           Ven = -1.4159821378E+09
           Vrep =  1.4158733829E+09
           DelSqV =  2.4950619727E+09
           DelSqVen =  5.2343708058E+12
           DelSqVrep = -5.2318757438E+12
           DelSqG =  1.3402005573E+08
           DelSqK = -2.6290820284E+09
           Stress_EigVals = -3.6251862233E+04 -3.6251762109E+04 -3.6251241223E+04
           Stress_EigVec1 =  5.2596298133E-01  7.9461405462E-01 -3.0323496907E-01
           Stress_EigVec2 = -8.2487697765E-01  3.8972159608E-01 -4.0950585990E-01
           Stress_EigVec3 = -2.0722189560E-01  4.6551646775E-01  8.6043797233E-01
           -DivStress = -3.7162392286E+02 -1.1940080470E+02 -8.8518524867E+01
           ESP =  -1.4737999815E+01     ESP at Nucleus =  -1.4737999817E+01
           ESPe = -3.2662819253E+01     ESPe at Nucleus = -3.2662818795E+01
           ESPn =  1.7924819438E+01     ESPn at Nucleus =  1.7924818978E+01

CP# 5      Coords = -1.66367304630656E+00 -7.49088960236515E-01 -1.03973298196085E+00
           Type = (3,-3) NACP C5
           Rho =  1.1764231309E+02     Rho at Nucleus =  1.1764231307E+02
           GradRho = -2.3130750435E-11 -1.4869483181E-11 -8.5566699939E-12
           HessRho_EigVals = -1.4495570138E+05 -1.4495457379E+05 -1.4495443119E+05
           HessRho_EigVec1 = -2.0565422360E-01  4.6896238589E-01  8.5894157015E-01
           HessRho_EigVec2 = -4.5540476675E-01  7.3101661085E-01 -5.0815471372E-01
           HessRho_EigVec3 =  8.6620600248E-01  4.9567024853E-01 -6.3231052419E-02
           DelSqRho = -4.3486470636E+05
           Bond Ellipticity = NA
           V = -1.0872657285E+05
           G =  5.1981305534E+00
           K =  1.0872137472E+05
           L =  1.0871617659E+05
           Vnuc =  1.4697815957E+07
           Ven = -1.7290850665E+09
           Vrep =  1.7289763399E+09
           DelSqV =  2.4944090386E+09
           DelSqVen =  6.3915719393E+12
           DelSqVrep = -6.3890796274E+12
           DelSqG =  1.3397975367E+08
           DelSqK = -2.6283887923E+09
           Stress_EigVals = -3.6242421767E+04 -3.6242346756E+04 -3.6241804328E+04
           Stress_EigVec1 =  8.6147843110E-01  5.0324736120E-01 -6.7801225691E-02
           Stress_EigVec2 = -4.6405815594E-01  7.2602018028E-01 -5.0748864592E-01
           Stress_EigVec3 = -2.0616726380E-01  4.6865423425E-01  8.5898676827E-01
           -DivStress =  1.6060799285E+02  2.6692876579E+02 -1.1066378201E+02
           ESP =  -1.4729463761E+01     ESP at Nucleus =  -1.4729463762E+01
           ESPe = -3.5112192556E+01     ESPe at Nucleus = -3.5112192500E+01
           ESPn =  2.0382728795E+01     ESPn at Nucleus =  2.0382728739E+01

CP# 6      Coords = -8.98451557633746E-01 -2.96982360963337E+00  3.53100144798975E-01
           Type = (3,-3) NACP C6
           Rho =  1.1764145233E+02     Rho at Nucleus =  1.1764145232E+02
           GradRho = -1.7798495687E-11 -2.1573665424E-11 -4.8932615094E-12
           HessRho_EigVals = -1.4495456475E+05 -1.4495344681E+05 -1.4495330426E+05
           HessRho_EigVec1 = -2.0655908883E-01  4.6801417420E-01  8.5924156997E-01
           HessRho_EigVec2 = -8.9805254528E-02  8.6540475368E-01 -4.9296006792E-01
           HessRho_EigVec3 =  9.7430403832E-01  1.7898979035E-01  1.3672708535E-01
           DelSqRho = -4.3486131583E+05
           Bond Ellipticity = NA
           V = -1.0872572870E+05
           G =  5.1998706772E+00
           K =  1.0872052883E+05
           L =  1.0871532896E+05
           Vnuc =  1.4595807808E+07
           Ven = -1.7170720285E+09
           Vrep =  1.7169633027E+09
           DelSqV =  2.4943896477E+09
           DelSqVen =  6.3471469199E+12
           DelSqVrep = -6.3446514817E+12
           DelSqG =  1.3397864309E+08
           DelSqK = -2.6283682907E+09
           Stress_EigVals = -3.6242139840E+04 -3.6242064567E+04 -3.6241524293E+04
           Stress_EigVec1 =  9.7490391626E-01  1.7295787751E-01  1.4017106219E-01
           Stress_EigVec2 = -8.3043659443E-02  8.6670657358E-01 -4.9185716009E-01
           Stress_EigVec3 = -2.0655775147E-01  4.6787315366E-01  8.5931868791E-01
           -DivStress =  2.9056449313E+02 -1.0399832992E+02  1.2507863923E+02
           ESP =  -1.4729618197E+01     ESP at Nucleus =  -1.4729618199E+01
           ESPe = -3.4746956375E+01     ESPe at Nucleus = -3.4746956248E+01
           ESPn =  2.0017338178E+01     ESPn at Nucleus =  2.0017338049E+01

CP# 7      Coords =  1.63030010555421E+00 -3.21536940959482E+00  1.09436099419688E+00
           Type = (3,-3) NACP C7
           Rho =  1.1767645340E+02     Rho at Nucleus =  1.1767645340E+02
           GradRho =  2.1614017542E-14  3.0246788228E-11  1.4400024413E-11
           HessRho_EigVals = -1.4500702073E+05 -1.4500612732E+05 -1.4500595569E+05
           HessRho_EigVec1 = -2.0630382797E-01  4.6846581380E-01  8.5905675707E-01
           HessRho_EigVec2 = -2.8019390970E-01  8.1289476978E-01 -5.1058149813E-01
           HessRho_EigVec3 =  9.3751272180E-01  3.4603738897E-01  3.6442034809E-02
           DelSqRho = -4.3501910374E+05
           Bond Ellipticity = NA
           V = -1.0876515858E+05
           G =  5.1913209874E+00
           K =  1.0875996726E+05
           L =  1.0875477593E+05
           Vnuc =  2.4167676101E+08
           Ven = -2.8439664104E+10
           Vrep =  2.8439555339E+10
           DelSqV =  2.4953012451E+09
           DelSqVen =  1.0512710920E+14
           DelSqVrep = -1.0513360648E+14
           DelSqG =  1.3403681415E+08
           DelSqK = -2.6293380592E+09
           Stress_EigVals = -3.6255261218E+04 -3.6255213171E+04 -3.6254684187E+04
           Stress_EigVec1 =  9.3766736154E-01  3.4557088292E-01  3.6887450100E-02
           Stress_EigVec2 = -2.7964120065E-01  8.1324817991E-01 -5.1032166010E-01
           Stress_EigVec3 = -2.0635095831E-01  4.6819671373E-01  8.5919213175E-01
           -DivStress = -4.2150294583E+00  1.5049105151E+01 -1.0973484886E+01
           ESP =  -1.4738090257E+01     ESP at Nucleus =  -1.4738090257E+01
           ESPe = -3.3491734561E+01     ESPe at Nucleus = -3.3491734604E+01
           ESPn =  1.8753644305E+01     ESPn at Nucleus =  1.8753644347E+01

CP# 8      Coords =  3.43830181978073E+00 -1.36896776409468E+00  5.22709793508146E-01
           Type = (3,-3) NACP C8
           Rho =  1.1764147345E+02     Rho at Nucleus =  1.1764147343E+02
           GradRho = -2.0877185611E-11  8.9195847025E-13 -1.1983630722E-11
           HessRho_EigVals = -1.4495457448E+05 -1.4495345633E+05 -1.4495331269E+05
           HessRho_EigVec1 = -2.0618072941E-01  4.6858990714E-01  8.5901862945E-01
           HessRho_EigVec2 = -4.5380640599E-01  7.3197227357E-01 -5.0820894975E-01
           HessRho_EigVec3 =  8.6691940381E-01  4.9461104886E-01 -6.1730524370E-02
           DelSqRho = -4.3486134350E+05
           Bond Ellipticity = NA
           V = -1.0872573514E+05
           G =  5.1996353956E+00
           K =  1.0872053551E+05
           L =  1.0871533587E+05
           Vnuc =  1.4661266246E+07
           Ven = -1.7247729638E+09
           Vrep =  1.7246642380E+09
           DelSqV =  2.4943897801E+09
           DelSqVen =  6.3756220498E+12
           DelSqVrep = -6.3731276600E+12
           DelSqG =  1.3397863405E+08
           DelSqK = -2.6283684142E+09
           Stress_EigVals = -3.6242142170E+04 -3.6242066653E+04 -3.6241526322E+04
           Stress_EigVec1 =  8.6238133313E-01  5.0185428654E-01 -6.6638662609E-02
           Stress_EigVec2 = -4.6237594707E-01  7.2717005725E-01 -5.0737776007E-01
           Stress_EigVec3 = -2.0617206368E-01  4.6836522387E-01  8.5914323441E-01
           -DivStress = -1.5537982610E+02 -2.7141224175E+02  1.0984405608E+02
           ESP =  -1.4729649916E+01     ESP at Nucleus =  -1.4729649917E+01
           ESPe = -3.4576525072E+01     ESPe at Nucleus = -3.4576524968E+01
           ESPn =  1.9846875156E+01     ESPn at Nucleus =  1.9846875051E+01

CP# 9      Coords =  2.67354663898400E+00  8.51613378466446E-01 -8.71158600004010E-01
           Type = (3,-3) NACP C9
           Rho =  1.1764207768E+02     Rho at Nucleus =  1.1764207767E+02
           GradRho = -1.3358497251E-11 -2.8551008400E-12  1.1135421510E-11
           HessRho_EigVals = -1.4495542148E+05 -1.4495429491E+05 -1.4495415155E+05
           HessRho_EigVec1 = -2.0761473235E-01  4.6942260871E-01  8.5821823410E-01
           HessRho_EigVec2 = -9.7476545800E-02  8.6304016879E-01 -4.9564098911E-01
           HessRho_EigVec3 =  9.7334189570E-01  1.8655852030E-01  1.3342215923E-01
           DelSqRho = -4.3486386793E+05
           Bond Ellipticity = NA
           V = -1.0872636317E+05
           G =  5.1980955981E+00
           K =  1.0872116508E+05
           L =  1.0871596698E+05
           Vnuc =  1.4784911333E+07
           Ven = -1.7393276874E+09
           Vrep =  1.7392189611E+09
           DelSqV =  2.4944042635E+09
           DelSqVen =  6.4294234358E+12
           DelSqVrep = -6.4269279829E+12
           DelSqG =  1.3397950587E+08
           DelSqK = -2.6283837694E+09
           Stress_EigVals = -3.6242352031E+04 -3.6242276722E+04 -3.6241734421E+04
           Stress_EigVec1 =  9.7446116095E-01  1.7735252007E-01  1.3773717519E-01
           Stress_EigVec2 = -8.7675375707E-02  8.6518092305E-01 -4.9373575815E-01
           Stress_EigVec3 = -2.0673285733E-01  4.6905016151E-01  8.5863465554E-01
           -DivStress = -2.8362743008E+02  1.0508563070E+02 -1.2865226776E+02
           ESP =  -1.4729496926E+01     ESP at Nucleus =  -1.4729496927E+01
           ESPe = -3.4819449538E+01     ESPe at Nucleus = -3.4819449496E+01
           ESPn =  2.0089952612E+01     ESPn at Nucleus =  2.0089952568E+01

CP# 10     Coords =  1.44012928266802E-01  1.09834674445725E+00 -1.61244228975726E+00
           Type = (3,-3) NACP C10
           Rho =  1.1768043088E+02     Rho at Nucleus =  1.1768043088E+02
           GradRho =  1.9658845949E-12 -1.9518260706E-12 -8.4631847971E-12
           HessRho_EigVals = -1.4501319652E+05 -1.4501229162E+05 -1.4501213760E+05
           HessRho_EigVec1 = -2.0467979639E-01  4.6731992612E-01  8.6006875749E-01
           HessRho_EigVec2 = -2.7422523986E-01  8.1610734549E-01 -5.0869373739E-01
           HessRho_EigVec3 =  9.3963115038E-01  3.3997189191E-01  3.8889766479E-02
           DelSqRho = -4.3503762575E+05
           Bond Ellipticity = NA
           V = -1.0876979238E+05
           G =  5.1929739600E+00
           K =  1.0876459941E+05
           L =  1.0875940644E+05
           Vnuc =  8.5220812721E+07
           Ven = -1.0028821961E+10
           Vrep =  1.0028713191E+10
           DelSqV =  2.4954084720E+09
           DelSqVen =  3.7075231441E+13
           DelSqVrep = -3.7072736032E+13
           DelSqG =  1.3404374418E+08
           DelSqK = -2.6294522162E+09
           Stress_EigVals = -3.6256803280E+04 -3.6256760874E+04 -3.6256228231E+04
           Stress_EigVec1 =  9.4002386524E-01  3.3869100698E-01  4.0540530043E-02
           Stress_EigVec2 = -2.7206046779E-01  8.1611947955E-01 -5.0983536261E-01
           Stress_EigVec3 = -2.0576256864E-01  4.6822793263E-01  8.5931622145E-01
           -DivStress =  1.0352464324E+00 -2.5680996644E+00 -5.7338654018E+01
           ESP =  -1.4738476474E+01     ESP at Nucleus =  -1.4738476474E+01
           ESPe = -3.4096704740E+01     ESPe at Nucleus = -3.4096704680E+01
           ESPn =  1.9358228266E+01     ESPn at Nucleus =  1.9358228206E+01

CP# 11     Coords = -4.04182025107639E+00  6.67341879957816E+00  1.61201960801428E+00
           Type = (3,-3) NACP C11
           Rho =  1.1768056890E+02     Rho at Nucleus =  1.1768056883E+02
           GradRho =  1.5081970503E-10  7.0525728703E-11  8.2660541281E-12
           HessRho_EigVals = -1.4500864808E+05 -1.4500758825E+05 -1.4500738710E+05
           HessRho_EigVec1 = -7.2270925422E-02  8.1117608539E-03  9.9735205052E-01
           HessRho_EigVec2 = -2.6216688129E-01  9.6464914501E-01 -2.6843125538E-02
           HessRho_EigVec3 =  9.6231254782E-01  2.6341265416E-01  6.7589451372E-02
           DelSqRho = -4.3502362343E+05
           Bond Ellipticity = NA
           V = -1.0876608891E+05
           G =  5.0915240159E+00
           K =  1.0876099738E+05
           L =  1.0875590586E+05
           Vnuc =  6.1620302500E+06
           Ven = -7.2515122539E+08
           Vrep =  7.2504245930E+08
           DelSqV =  2.4953206632E+09
           DelSqVen =  2.6806292316E+12
           DelSqVrep = -2.6781340420E+12
           DelSqG =  1.3403493737E+08
           DelSqK = -2.6293556005E+09
           Stress_EigVals = -3.6255627000E+04 -3.6255509068E+04 -3.6254952838E+04
           Stress_EigVec1 =  9.4861670371E-01  3.0913544135E-01  6.7539827878E-02
           Stress_EigVec2 = -3.0791459259E-01  9.5100022231E-01 -2.8056743159E-02
           Stress_EigVec3 = -7.2903725006E-02  5.8185966275E-03  9.9732200959E-01
           -DivStress = -6.8086539114E+02 -3.9778923323E+02 -5.6457704663E+01
           ESP =  -1.4748613503E+01     ESP at Nucleus =  -1.4748613517E+01
           ESPe = -2.7781917361E+01     ESPe at Nucleus = -2.7781918205E+01
           ESPn =  1.3033303858E+01     ESPn at Nucleus =  1.3033304688E+01

CP# 12     Coords = -6.38855554599181E+00  5.78107610357797E+00  1.44399651499509E+00
           Type = (3,-3) NACP C12
           Rho =  1.1768029919E+02     Rho at Nucleus =  1.1768029912E+02
           GradRho = -1.6041867737E-10 -2.4468590348E-11 -6.2128503297E-13
           HessRho_EigVals = -1.4500827480E+05 -1.4500722125E+05 -1.4500702090E+05
           HessRho_EigVec1 = -7.6419468128E-02  4.9663376843E-03  9.9706338835E-01
           HessRho_EigVec2 = -4.4027740509E-01  8.9704825465E-01 -3.8213026496E-02
           HessRho_EigVec3 =  8.9460375109E-01  4.4190470049E-01  6.6365384237E-02
           DelSqRho = -4.3502251695E+05
           Bond Ellipticity = NA
           V = -1.0876581373E+05
           G =  5.0922464929E+00
           K =  1.0876072148E+05
           L =  1.0875562924E+05
           Vnuc =  6.0734987471E+06
           Ven = -7.1473114967E+08
           Vrep =  7.1462238386E+08
           DelSqV =  2.4953143157E+09
           DelSqVen =  2.6421088748E+12
           DelSqVrep = -2.6396135604E+12
           DelSqG =  1.3403456107E+08
           DelSqK = -2.6293488768E+09
           Stress_EigVals = -3.6255534537E+04 -3.6255416964E+04 -3.6254862230E+04
           Stress_EigVec1 =  9.1503894589E-01  3.9785712541E-01  6.6433690708E-02
           Stress_EigVec2 = -3.9646313471E-01  9.1743697091E-01 -3.3561692909E-02
           Stress_EigVec3 = -7.4301482634E-02  4.3717468332E-03  9.9722624189E-01
           -DivStress =  7.8447965114E+02  1.5925042400E+02  5.1645565156E+01
           ESP =  -1.4748601154E+01     ESP at Nucleus =  -1.4748601168E+01
           ESPe = -2.7428866600E+01     ESPe at Nucleus = -2.7428867717E+01
           ESPn =  1.2680265446E+01     ESPn at Nucleus =  1.2680266548E+01

CP# 13     Coords =  6.02509149239651E+00 -1.60043117086251E+00  1.26931976462517E+00
           Type = (3,-3) NACP C13
           Rho =  1.1766405484E+02     Rho at Nucleus =  1.1766405482E+02
           GradRho =  9.7599251001E-12 -1.4383191876E-11 -1.2661444755E-11
           HessRho_EigVals = -1.4498662189E+05 -1.4498571462E+05 -1.4498544273E+05
           HessRho_EigVec1 = -2.0620702408E-01  4.6882314473E-01  8.5888504596E-01
           HessRho_EigVec2 = -7.2338415220E-01  5.1804358242E-01 -4.5644957559E-01
           HessRho_EigVec3 =  6.5893401154E-01  7.1542693944E-01 -2.3231500761E-01
           DelSqRho = -4.3495777925E+05
           Bond Ellipticity = NA
           V = -1.0874979126E+05
           G =  5.1732260530E+00
           K =  1.0874461804E+05
           L =  1.0873944481E+05
           Vnuc =  1.1696625350E+07
           Ven = -1.3762723666E+09
           Vrep =  1.3761636168E+09
           DelSqV =  2.4949448980E+09
           DelSqVen =  5.0875387085E+12
           DelSqVrep = -5.0850448122E+12
           DelSqG =  1.3401276599E+08
           DelSqK = -2.6289576640E+09
           Stress_EigVals = -3.6250169876E+04 -3.6250068130E+04 -3.6249553258E+04
           Stress_EigVec1 =  5.6397596184E-01  7.7425626731E-01 -2.8715561459E-01
           Stress_EigVec2 = -7.9965893254E-01  4.2526023528E-01 -4.2390957042E-01
           Stress_EigVec3 = -2.0609877745E-01  4.6870135995E-01  8.5897749046E-01
           -DivStress =  3.7570481673E+02  1.6695492173E+02 -2.3526620106E+00
           ESP =  -1.4737708318E+01     ESP at Nucleus =  -1.4737708321E+01
           ESPe = -3.1748911589E+01     ESPe at Nucleus = -3.1748911286E+01
           ESPn =  1.7011203271E+01     ESPn at Nucleus =  1.7011202964E+01

CP# 14     Coords =  7.75074712749413E+00  2.37185585276727E-01  6.80682725167965E-01
           Type = (3,-3) NACP C14
           Rho =  1.1765655663E+02     Rho at Nucleus =  1.1765655659E+02
           GradRho =  4.2518063507E-12  7.9583591130E-11 -4.3936471983E-11
           HessRho_EigVals = -1.4497617259E+05 -1.4497514305E+05 -1.4497497667E+05
           HessRho_EigVec1 = -2.0607315666E-01  4.6890456597E-01  8.5887272754E-01
           HessRho_EigVec2 = -6.6012169562E-01  5.8129573678E-01 -4.7574637505E-01
           HessRho_EigVec3 =  7.2233870247E-01  6.6499907850E-01 -1.8974462974E-01
           DelSqRho = -4.3492629231E+05
           Bond Ellipticity = NA
           V = -1.0874188689E+05
           G =  5.1569070732E+00
           K =  1.0873672999E+05
           L =  1.0873157308E+05
           Vnuc =  8.0199195629E+06
           Ven = -9.4359612023E+08
           Vrep =  9.4348737834E+08
           DelSqV =  2.4947633345E+09
           DelSqVen =  3.4880728596E+12
           DelSqVrep = -3.4855780963E+12
           DelSqG =  1.3400176860E+08
           DelSqK = -2.6287651031E+09
           Stress_EigVals = -3.6247527280E+04 -3.6247452822E+04 -3.6246906790E+04
           Stress_EigVec1 =  8.2339595675E-01  5.5734577679E-01 -1.0669950095E-01
