AIMSum (Version 19.02.13, Professional)
Copyright (c) 1997-2019 by Todd A. Keith
AIMSum is a component of the AIMAll package ( http://aim.tkgristmill.com )

TP:  64-bit Linux

Much of the Quantum Theory of Atoms in Molecules (QTAIM) is described in the book:
  "Atoms in Molecules - A Quantum Theory"
  R.F.W. Bader, Oxford University Press, Oxford, 1990

For additional references see:  http://aim.tkgristmill.com/references.html

Wfn File:  /home/mhennefarth/Documents/ML_Diels/summary-hayden2009/8-opt/8-opt.wfn
Sum File:  /home/mhennefarth/Documents/ML_Diels/summary-hayden2009/8-opt/8-opt.sum

SumViz File:  /home/mhennefarth/Documents/ML_Diels/summary-hayden2009/8-opt/8-opt.sumviz

Wfn Title:   Title Card Required                                                           
 
Total memory allocated for AIMSum =        2.145 Megabytes

Atomic units (a.u.) used throughout, except where stated otherwise

Model:  Restricted SCF
 
Restricted, closed-shell, single-determinant wavefunction.
  Number of electrons (from MO Occs)                   =         136.0000000000
  Number of Alpha electrons (from MO Occs)             =          68.0000000000
  Number of Beta electrons (from MO Occs)              =          68.0000000000
  Number of electron pairs (N*(N-1)/2)                 =        9180.0000000000
  Number of electron pairs (from Muller 2EDM)          =        9180.0000000000
 
Nuclear Charges and Cartesian Coordinates:
-------------------------------------------------------------------------------
Atom      Charge                X                  Y                  Z
-------------------------------------------------------------------------------
C1         6.0           1.6724608800E+00  -3.6222105600E+00  -9.0185958000E-01
C2         6.0          -5.3796377000E-01  -2.2329605100E+00  -3.6634632000E-01
C3         6.0          -3.0143436000E-01   2.0923073000E-01   8.6357000000E-01
C4         6.0           2.1305360800E+00   1.1096950300E+00   1.4804408400E+00
C5         6.0           4.3023433200E+00  -2.7691975000E-01   9.4185151000E-01
C6         6.0           4.0666230500E+00  -2.7188076200E+00  -2.8641034000E-01
C7         6.0           1.8975074400E+00   7.7162849200E+00  -1.8481386200E+00
C8         6.0           4.3966028000E+00   7.4222641400E+00  -1.8271549900E+00
C9         6.0           6.3246523200E+00  -4.1162765100E+00  -8.2576015000E-01
C10        6.0           8.6508670200E+00  -3.1805023300E+00  -2.0359212000E-01
C11        6.0           8.8835975100E+00  -7.7389723000E-01   1.0064201100E+00
C12        6.0           6.7828737400E+00   6.2499751000E-01   1.5589546800E+00
C13        6.0          -2.5121355300E+00   1.5993198800E+00   1.3994492200E+00
C14        6.0          -4.9064062300E+00   6.9770346000E-01   7.8063413000E-01
C15        6.0          -5.1423709500E+00  -1.7427583100E+00  -4.5046450000E-01
C16        6.0          -2.9702003300E+00  -3.1296386100E+00  -9.8463195000E-01
C17        6.0          -7.6220022200E+00  -2.6398651800E+00  -1.0741993300E+00
C18        6.0          -9.7218905400E+00  -1.2384360200E+00  -5.2691012000E-01
C19        6.0          -9.4892974800E+00   1.1660311400E+00   6.8742943000E-01
C20        6.0          -7.1635773600E+00   2.0973196100E+00   1.3176280800E+00
H21        1.0           1.4944457000E+00  -5.4515658600E+00  -1.8242237700E+00
H22        1.0           2.3095461500E+00   2.9467156300E+00   2.3850649500E+00
H23        1.0           1.0230687100E+00   9.5730692500E+00  -1.7346742100E+00
H24        1.0           5.6760667600E+00   9.0256541400E+00  -1.6954886200E+00
H25        1.0           6.1437013800E+00  -5.9452009100E+00  -1.7454377200E+00
H26        1.0           1.0344922410E+01  -4.2617802200E+00  -6.2500559000E-01
H27        1.0           1.0750699590E+01  -6.6447030000E-02   1.4860900500E+00
H28        1.0           6.9536645400E+00   2.4526270900E+00   2.4828011400E+00
H29        1.0           6.2245200000E-01   6.1109230300E+00  -1.9871216500E+00
H30        1.0           5.2666604500E+00   5.5647153300E+00  -1.9479802200E+00
H31        1.0          -2.3329211900E+00   3.4257092900E+00   2.3273873500E+00
H32        1.0          -3.1481926600E+00  -4.9592853900E+00  -1.9064449900E+00
H33        1.0          -7.7950027500E+00  -4.4681974300E+00  -1.9965262100E+00
H34        1.0          -1.1588700460E+01  -1.9433238900E+00  -1.0113570200E+00
H35        1.0          -1.1183097240E+01   2.2487248600E+00   1.1062638900E+00
H36        1.0          -6.9820256900E+00   3.9242194800E+00   2.2411926700E+00
 
Some Atomic Properties:
----------------------
  q(A) = Net Charge of Atom A
  L(A) = Lagrangian of Atom A = -(1/4) Times Atomic Integral of the Laplacian of the Electron Density
  K(A) = Electronic Kinetic Energy of Atom A (Hamiltonian Form)
  K_Scaled(A) = K(A) * E(Mol)/K(Mol) = Approximation to Virial-Based Total Energy of Atom A.
  |Mu_Intra(A)| = Magnitude of Intraatomic Dipole Moment of Atom A
--------------------------------------------------------------------------------------------------
Atom A          q(A)              L(A)              K(A)          K_Scaled(A)      |Mu_Intra(A)|
--------------------------------------------------------------------------------------------------
C1       -4.8634827000E-02  7.1551858255E-05  3.7748692667E+01 -3.8122105755E+01  1.0868125674E-01
C2        9.4072618000E-03 -4.4621076506E-05  3.7737134984E+01 -3.8110433742E+01  9.8728871331E-03
C3        7.1428520000E-03  8.1064362053E-05  3.7737499055E+01 -3.8110801415E+01  1.2229220926E-02
C4       -5.0444243700E-02  5.7091995436E-05  3.7750276628E+01 -3.8123705385E+01  1.1601350299E-01
C5        5.4685514000E-03  4.2604953601E-05  3.7736098403E+01 -3.8109386907E+01  1.5026728828E-02
C6        7.8409376000E-03  6.6201876351E-05  3.7735655791E+01 -3.8108939917E+01  1.2849542072E-02
C7       -8.4384570900E-02 -1.1556528732E-04  3.7695403882E+01 -3.8068289833E+01  9.3658330058E-02
C8       -8.4262591600E-02 -2.4569372307E-05  3.7695449834E+01 -3.8068336239E+01  9.3574604349E-02
C9       -3.9514801900E-02 -2.2985964446E-05  3.7733993554E+01 -3.8107261237E+01  1.1083301098E-01
C10      -3.6863995800E-02  3.6332037141E-05  3.7721999064E+01 -3.8095148097E+01  1.1334158844E-01
C11      -3.7570952400E-02  9.6670770209E-05  3.7722273117E+01 -3.8095424860E+01  1.1321124410E-01
C12      -4.2785165700E-02 -3.1939445908E-05  3.7734731837E+01 -3.8108006823E+01  1.1470299223E-01
C13      -5.1516132000E-02  1.1573123245E-04  3.7749121058E+01 -3.8122538383E+01  1.1163095308E-01
C14       7.6151296000E-03  6.3585793206E-05  3.7735659107E+01 -3.8108943266E+01  1.3504881649E-02
C15       8.0170778000E-03  5.7530003223E-05  3.7735547589E+01 -3.8108830644E+01  1.3359481003E-02
C16      -4.8552593800E-02  7.2332620163E-05  3.7748847694E+01 -3.8122262315E+01  1.0837434426E-01
C17      -3.9423522100E-02  4.4259605993E-05  3.7734074005E+01 -3.8107342483E+01  1.1091752415E-01
C18      -3.6857529800E-02 -4.0897140566E-05  3.7722068179E+01 -3.8095217895E+01  1.1369801086E-01
C19      -3.6874358800E-02 -5.7361447717E-05  3.7722022561E+01 -3.8095171826E+01  1.1353950010E-01
C20      -3.9617964800E-02 -2.5980190464E-05  3.7734057438E+01 -3.8107325753E+01  1.1129839881E-01
H21       3.5267259140E-02  2.7324618849E-05  5.9927755188E-01 -6.0520565337E-01  1.5477560109E-01
H22       4.3172096110E-02 -1.8402342536E-05  5.9634869350E-01 -6.0224782249E-01  1.5152335821E-01
H23       3.6630025380E-02  1.9262108036E-05  5.9692723198E-01 -6.0283208391E-01  1.4795538793E-01
H24       3.6567419180E-02  2.8335613407E-05  5.9695523378E-01 -6.0286036270E-01  1.4795474217E-01
H25       3.8099570600E-02  2.7481453138E-05  5.9894364372E-01 -6.0486844215E-01  1.5219535928E-01
H26       3.9977808360E-02  3.1104118758E-05  5.9922569152E-01 -6.0515328000E-01  1.4977865283E-01
H27       3.9979646710E-02  3.1699440077E-05  5.9921568363E-01 -6.0514317311E-01  1.4979029874E-01
H28       4.0351211630E-02  2.8528274569E-05  5.9793347144E-01 -6.0384827717E-01  1.5116447551E-01
H29       4.7113479400E-02  1.9602997228E-06  5.9273170792E-01 -5.9859505740E-01  1.4268959005E-01
H30       4.7103802330E-02  1.7176397542E-05  5.9278222339E-01 -5.9864607257E-01  1.4252166338E-01
H31       3.6948937590E-02  2.7358333589E-05  5.9847124923E-01 -6.0439137470E-01  1.5399257415E-01
H32       3.5332369630E-02  2.6737004161E-05  5.9926957013E-01 -6.0519759266E-01  1.5474934408E-01
H33       3.7992997090E-02  2.6917927578E-05  5.9898589171E-01 -6.0491110807E-01  1.5221132439E-01
H34       3.9913167280E-02  1.8459426461E-05  5.9924819747E-01 -6.0517600858E-01  1.4981212252E-01
H35       3.9935632290E-02  1.6474782834E-05  5.9923138230E-01 -6.0515902708E-01  1.4981081347E-01
H36       3.8094757170E-02  2.5056055656E-05  5.9893506347E-01 -6.0485977703E-01  1.5217511205E-01
--------------------------------------------------------------------------------------------------
Total     6.6873979000E-04  7.7651069469E-04  7.6419508893E+02 -7.7175456789E+02
 
1st Largest |L(A)| = 1.1573123245E-04, atom C13     
2nd Largest |L(A)| = 1.1556528732E-04, atom C7      
 
Molecular charge q(Mol) from the wfn file:   0.0000000000E+00
Molecular energy E(Mol) from the wfn file:  -7.7175442737E+02
Molecular virial ratio (-V(Mol)/T(Mol)) from the wfn file:   2.0098920800E+00
Note.  K_Scaled(A) = (1+V(Mol)/T(Mol))*K(A) = (E(Mol)/T(Mol))*K(A)
       Only use K_Scaled(A) data with caution.
 
N_AIMInt(SumA)     =        135.999331
N_Analytic(Mol)    =        135.999975
 
G_AIMInt(SumA)     =        764.194312
G_Analytic(Mol)    =        764.194893
 
K_AIMInt(SumA)     =        764.195089
K_Analytic(Mol)    =        764.194893
 
L_AIMInt(SumA)     =          0.000777
L_Analytic(Mol)    =          0.000000
 
VenT_AIMInt(SumA)  =      -4433.681698
VenT_Analytic(Mol) =      -4433.694807
 
Some Information About the Atomic Calculations:
----------------------------------------------
  Time(sec) = "Elapsed User Time", in Seconds, for Atom A by AIMInt and, if used, by TWOe
  NProc = Number of Processors Used for AIMInt Job
  BIM = Basin Integration Method
  OAQ = Angular Quadrature Outside of Beta Sphere
  ORQ = Multiple of Default for Radial Quadrature Outside of Beta Sphere
  IAQ = Multiple of Default for Angular Quadrature Inside of Beta Sphere
  IRQ = Multiple of Default for Radial Quadrature Inside of Beta Sphere
  MIR = Maximum Integration Radius
------------------------------------------------------------------------------------------------------
Atom A     Time(sec)   NProc      BIM          OAQ                     ORQ      IAQ      IRQ      MIR
------------------------------------------------------------------------------------------------------
C1             30        8     Proaim(5)    4500(GS4)                  1.00     1.00     1.00    13.00
C2             30        8     Proaim(5)    4500(GS4)                  1.00     1.00     1.00    13.00
C3             59        8     Proaim(5)    4500(GS4)                  1.00     1.00     1.00    13.00
C4             92        8     Proaim(5)    4500(GS4)                  1.00     1.00     1.00    13.00
C5             32        8     Proaim(5)    4500(GS4)                  1.00     1.00     1.00    13.00
C6             28        8     Proaim(5)    4500(GS4)                  1.00     1.00     1.00    13.00
C7            143        8     Proaim(5)    4500(GS4)                  1.00     1.00     1.00    13.00
C8             33        8     Proaim(5)    4500(GS4)                  1.00     1.00     1.00    13.00
C9             25        8     Proaim(5)    4500(GS4)                  1.00     1.00     1.00    13.00
C10            22        8     Proaim(5)    4500(GS4)                  1.00     1.00     1.00    13.00
C11            23        8     Proaim(5)    4500(GS4)                  1.00     1.00     1.00    13.00
C12            35        8     Proaim(5)    4500(GS4)                  1.00     1.00     1.00    13.00
C13            45        8     Proaim(5)    4500(GS4)                  1.00     1.00     1.00    13.00
C14            28        8     Proaim(5)    4500(GS4)                  1.00     1.00     1.00    13.00
C15            27        8     Proaim(5)    4500(GS4)                  1.00     1.00     1.00    13.00
C16            30        8     Proaim(5)    4500(GS4)                  1.00     1.00     1.00    13.00
C17            24        8     Proaim(5)    4500(GS4)                  1.00     1.00     1.00    13.00
C18            22        8     Proaim(5)    4500(GS4)                  1.00     1.00     1.00    13.00
C19            22        8     Proaim(5)    4500(GS4)                  1.00     1.00     1.00    13.00
C20            25        8     Proaim(5)    4500(GS4)                  1.00     1.00     1.00    13.00
H21            10        8     Proaim(5)    1800(GS4)                  1.00     1.00     1.00    13.00
H22           115        8     Proaim(5)    4500(GS4)                  1.00     1.00     1.00    13.00
H23             7        8     Proaim(5)    1800(GS4)                  1.00     1.00     1.00    13.00
H24             6        8     Proaim(5)    1800(GS4)                  1.00     1.00     1.00    13.00
H25             8        8     Proaim(5)    1800(GS4)                  1.00     1.00     1.00    13.00
H26             7        8     Proaim(5)    1800(GS4)                  1.00     1.00     1.00    13.00
H27             7        8     Proaim(5)    1800(GS4)                  1.00     1.00     1.00    13.00
H28            10        8     Proaim(5)    1800(GS4)                  1.00     1.00     1.00    13.00
H29            64        8     Proaim(5)    1800(GS4)                  1.00     1.00     1.00    13.00
H30            20        8     Proaim(5)    4500(GS4)                  1.00     1.00     1.00    13.00
H31            12        8     Proaim(5)    1800(GS4)                  1.00     1.00     1.00    13.00
H32            10        8     Proaim(5)    1800(GS4)                  1.00     1.00     1.00    13.00
H33             8        8     Proaim(5)    1800(GS4)                  1.00     1.00     1.00    13.00
H34             7        8     Proaim(5)    1800(GS4)                  1.00     1.00     1.00    13.00
H35             7        8     Proaim(5)    1800(GS4)                  1.00     1.00     1.00    13.00
H36             8        8     Proaim(5)    1800(GS4)                  1.00     1.00     1.00    13.00
------------------------------------------------------------------------------------------------------
Total        1081
Note:  Total wall clock time is less than total of atomic times if more than one atom
       was calculated at a time
 
Electron Density Critical Point Analysis of Molecular Structure:               
---------------------------------------------------------------                
  NACP = Nuclear Attractor Critical Point                                      
  NNACP = Non-Nuclear Attractor Critical Point                                 
  BCP = Bond Critical Point                                                    
  RCP = Ring Critical Point                                                    
  CCP = Cage Critical Point                                                    
  Rho = Electron Density                                                       
  GradRho = Gradient of Electron Density                                       
  HessRho_EigVals = Eigenvalues of the Hessian of Rho, Ascending Order         
  HessRho_EigVecs = Eigenvectors of the Hessian of Rho                         
  DelSqRho = Laplacian of Rho = Trace of Hessian of Rho                        
  Bond Ellipticity = (HessRho_EigVal(1) / HessRho_EigVal(2)) - 1               
  V = Virial Field = Potential Energy Density = Trace of Stress Tensor         
  G = Lagrangian Form of Kinetic Energy Density                                
  K = Hamiltonian Form of Kinetic Energy Density                               
  L = K - G = Lagrangian Density = (-1/4)DelSqRho                              
  Vnuc = Electrostatic Potential from Nuclei                                   
  Ven = Electron-nuclear attractive contribution to Virial Field V             
  Vrep = V - Ven = Repulsive contribution to Virial Field V                    
  DelSqV = Laplacian of V                                                      
  DelSqVen = Laplacian of Ven                                                  
  DelSqVrep = Laplacian of Vrep                                                
  DelSqG = Laplacian of G                                                      
  DelSqK = Laplacian of K                                                      
  Stress_EigVals = Eigenvalues of Stress Tensor, Ascending Order               
  Stress_EigVecs = Eigenvectors of Stress Tensor                               
  -DivStress = Ehrenfest Force Density = Minus Divergence of Stress Tensor     
  ESP = Total Electrostatic Potential                                          
  ESPe = Electrostatic Potential from Electrons                                
  ESPn = Electrostatic Potential from Nuclei                                   
  BP = Bond Path                                                               
  BPL = Bond Path Length                                                       
  GBL = Geometric Bond Length                                                  
  GBL_I = Distance Between Nuclear Attractors                                  
  GBL_II = Distance Between Nuclei                                             
  GBL_III = Sum of Distances Between BCP and Nuclear Attractors                
  GBL_IV = Sum of Distances Between BCP and Nuclei                             

CP# 1      Coords =  1.67246064648555E+00 -3.62221051678342E+00 -9.01859570864140E-01
           Type = (3,-3) NACP C1
           Rho =  1.1767484695E+02     Rho at Nucleus =  1.1767484695E+02
           GradRho = -1.0069611811E-11  1.9326151790E-11 -6.5319832876E-12
           HessRho_EigVals = -1.4500500714E+05 -1.4500414354E+05 -1.4500396780E+05
           HessRho_EigVec1 = -6.2177129456E-02 -4.4399164704E-01  8.9387103204E-01
           HessRho_EigVec2 = -8.7930638938E-02  8.9455823195E-01  4.3821658161E-01
           HessRho_EigVec3 =  9.9418419184E-01  5.1351601852E-02  9.4661532202E-02
           DelSqRho = -4.3501311848E+05
           Bond Ellipticity = NA
           V = -1.0876366613E+05
           G =  5.1932571846E+00
           K =  1.0875847288E+05
           L =  1.0875327962E+05
           Vnuc =  2.5246649801E+07
           Ven = -2.9708956515E+09
           Vrep =  2.9707868878E+09
           DelSqV =  2.4952670889E+09
           DelSqVen =  1.0982650806E+13
           DelSqVrep = -1.0980155539E+13
           DelSqG =  1.3403495806E+08
           DelSqK = -2.6293020470E+09
           Stress_EigVals = -3.6254763745E+04 -3.6254711030E+04 -3.6254191359E+04
           Stress_EigVec1 =  9.8347777467E-01  1.2517536375E-01  1.3077689032E-01
           Stress_EigVec2 = -1.6996452982E-01  8.8716204473E-01  4.2901697518E-01
           Stress_EigVec3 = -6.2317937492E-02 -4.4415609272E-01  8.9377952537E-01
           -DivStress =  1.8948568771E+02 -3.5971107256E+01 -7.9299255612E+00
           ESP =  -1.4737704923E+01     ESP at Nucleus =  -1.4737704923E+01
           ESPe = -3.5840227064E+01     ESPe at Nucleus = -3.5840226982E+01
           ESPn =  2.1102522141E+01     ESPn at Nucleus =  2.1102522059E+01

CP# 2      Coords = -5.37963735094735E-01 -2.23296011377558E+00 -3.66346119603847E-01
           Type = (3,-3) NACP C2
           Rho =  1.1764348432E+02     Rho at Nucleus =  1.1764348431E+02
           GradRho =  3.2768232572E-12  3.0753583707E-11  8.0345036180E-12
           HessRho_EigVals = -1.4495821566E+05 -1.4495710397E+05 -1.4495694320E+05
           HessRho_EigVec1 = -6.2856048946E-02 -4.4436294169E-01  8.9363901726E-01
           HessRho_EigVec2 =  8.6094938852E-02  8.8965742535E-01  4.4843876618E-01
           HessRho_EigVec3 =  9.9430215660E-01 -1.0512488558E-01  1.7662950381E-02
           DelSqRho = -4.3487226284E+05
           Bond Ellipticity = NA
           V = -1.0872846895E+05
           G =  5.2016207349E+00
           K =  1.0872326733E+05
           L =  1.0871806571E+05
           Vnuc =  1.3471412280E+07
           Ven = -1.5848238794E+09
           Vrep =  1.5847151509E+09
           DelSqV =  2.4944535005E+09
           DelSqVen =  5.8583369646E+12
           DelSqVrep = -5.8558435597E+12
           DelSqG =  1.3398314203E+08
           DelSqK = -2.6284366426E+09
           Stress_EigVals = -3.6243058995E+04 -3.6242974155E+04 -3.6242435801E+04
           Stress_EigVec1 =  9.9423392444E-01 -1.0581632592E-01  1.7372641117E-02
           Stress_EigVec2 =  8.6844721568E-02  8.8959855999E-01  4.4841096819E-01
           Stress_EigVec3 = -6.2903877679E-02 -4.4431667449E-01  8.9365865684E-01
           -DivStress = -2.8215396638E+01 -3.2030347364E+02 -1.6205084769E+02
           ESP =  -1.4728583049E+01     ESP at Nucleus =  -1.4728583050E+01
           ESPe = -3.7653807634E+01     ESPe at Nucleus = -3.7653807271E+01
           ESPn =  2.2925224585E+01     ESPn at Nucleus =  2.2925224221E+01

CP# 3      Coords = -3.01434417079644E-01  2.09230337611893E-01  8.63569797643963E-01
           Type = (3,-3) NACP C3
           Rho =  1.1764487899E+02     Rho at Nucleus =  1.1764487897E+02
           GradRho = -2.8655237905E-12 -1.9354025327E-11 -1.4655672509E-11
           HessRho_EigVals = -1.4496017133E+05 -1.4495905118E+05 -1.4495888731E+05
           HessRho_EigVec1 = -6.0401147487E-02 -4.4509683122E-01  8.9344306602E-01
           HessRho_EigVec2 =  6.9552062578E-02  8.9102506841E-01  4.4859429115E-01
           HessRho_EigVec3 =  9.9574806652E-01 -8.9236417979E-02  2.2861533913E-02
           DelSqRho = -4.3487810982E+05
           Bond Ellipticity = NA
           V = -1.0872992724E+05
           G =  5.1998899447E+00
           K =  1.0872472735E+05
           L =  1.0871952746E+05
           Vnuc =  1.3478083405E+07
           Ven = -1.5856274912E+09
           Vrep =  1.5855187612E+09
           DelSqV =  2.4944870958E+09
           DelSqVen =  5.8613233091E+12
           DelSqVrep = -5.8588288220E+12
           DelSqG =  1.3398516707E+08
           DelSqK = -2.6284722628E+09
           Stress_EigVals = -3.6243546016E+04 -3.6243460740E+04 -3.6242920479E+04
           Stress_EigVec1 =  9.9513778742E-01 -9.6348745137E-02  2.0437792488E-02
           Stress_EigVec2 =  7.7009736235E-02  8.9051042451E-01  4.4839790852E-01
           Stress_EigVec3 = -6.1402643072E-02 -4.4464379355E-01  8.9360036497E-01
           -DivStress =  4.6250108108E+01  3.1741936723E+02  1.6304811685E+02
           ESP =  -1.4728485743E+01     ESP at Nucleus =  -1.4728485745E+01
           ESPe = -3.8002730576E+01     ESPe at Nucleus = -3.8002730326E+01
           ESPn =  2.3274244833E+01     ESPn at Nucleus =  2.3274244582E+01

CP# 4      Coords =  2.13053582753519E+00  1.10969490506170E+00  1.48044074627302E+00
           Type = (3,-3) NACP C4
           Rho =  1.1767869236E+02     Rho at Nucleus =  1.1767869235E+02
           GradRho = -1.6777024214E-11  6.1922689198E-14 -7.5181944004E-12
           HessRho_EigVals = -1.4501048075E+05 -1.4500955777E+05 -1.4500942202E+05
           HessRho_EigVec1 = -6.0788087275E-02 -4.3627210195E-01  8.9775913335E-01
           HessRho_EigVec2 =  3.1075232068E-01  8.4645162926E-01  4.3238019672E-01
           HessRho_EigVec3 =  9.4854509837E-01 -3.0526429923E-01 -8.4118392615E-02
           DelSqRho = -4.3502946054E+05
           Bond Ellipticity = NA
           V = -1.0876775341E+05
           G =  5.1941369122E+00
           K =  1.0876255927E+05
           L =  1.0875736514E+05
           Vnuc =  2.0210773189E+07
           Ven = -2.3783773604E+09
           Vrep =  2.3782685927E+09
           DelSqV =  2.4953612144E+09
           DelSqVen =  8.7922594284E+12
           DelSqVrep = -8.7897640671E+12
           DelSqG =  1.3404068208E+08
           DelSqK = -2.6294018964E+09
           Stress_EigVals = -3.6256123880E+04 -3.6256082227E+04 -3.6255547303E+04
           Stress_EigVec1 =  9.1174093985E-01 -3.9018057866E-01 -1.2840395103E-01
           Stress_EigVec2 =  4.0617433098E-01  8.0976205962E-01  4.2344754061E-01
           Stress_EigVec3 = -6.1244358575E-02 -4.3822884756E-01  8.9677455679E-01
           -DivStress =  2.0506267082E+02  1.0251306988E+02  7.6117184774E+01
           ESP =  -1.4738589840E+01     ESP at Nucleus =  -1.4738589840E+01
           ESPe = -3.6579732130E+01     ESPe at Nucleus = -3.6579731821E+01
           ESPn =  2.1841142289E+01     ESPn at Nucleus =  2.1841141982E+01

CP# 5      Coords =  4.30234374317572E+00 -2.76920168015363E-01  9.41851332022769E-01
           Type = (3,-3) NACP C5
           Rho =  1.1764342837E+02     Rho at Nucleus =  1.1764342835E+02
           GradRho =  3.9372755056E-11 -3.5994762726E-11 -1.0314638033E-11
           HessRho_EigVals = -1.4495741280E+05 -1.4495631334E+05 -1.4495612548E+05
           HessRho_EigVec1 = -6.3889798750E-02 -4.4355746902E-01  8.9396580768E-01
           HessRho_EigVec2 =  3.2963756751E-01  8.3613659600E-01  4.3842293156E-01
           HessRho_EigVec3 =  9.4194329325E-01 -3.2269546715E-01 -9.2792606293E-02
           DelSqRho = -4.3486985162E+05
           Bond Ellipticity = NA
           V = -1.0872785512E+05
           G =  5.1961055832E+00
           K =  1.0872265901E+05
           L =  1.0871746290E+05
           Vnuc =  9.6637448479E+06
           Ven = -1.1368760748E+09
           Vrep =  1.1367673470E+09
           DelSqV =  2.4944387432E+09
           DelSqVen =  4.2024724070E+12
           DelSqVrep = -4.1999779683E+12
           DelSqG =  1.3398166878E+08
           DelSqK = -2.6284204120E+09
           Stress_EigVals = -3.6242858267E+04 -3.6242764211E+04 -3.6242232637E+04
           Stress_EigVec1 =  9.4011574208E-01 -3.2695776662E-01 -9.6338000551E-02
           Stress_EigVec2 =  3.3503970130E-01  8.3441106311E-01  4.3761464363E-01
           Stress_EigVec3 = -6.2696013063E-02 -4.4368547037E-01  8.9398680825E-01
           -DivStress = -3.4465487296E+02  3.3797697046E+02  1.4312439614E+02
           ESP =  -1.4728992740E+01     ESP at Nucleus =  -1.4728992743E+01
           ESPe = -3.7031701147E+01     ESPe at Nucleus = -3.7031701183E+01
           ESPn =  2.2302708407E+01     ESPn at Nucleus =  2.2302708440E+01

CP# 6      Coords =  4.06662352466733E+00 -2.71880729947469E+00 -2.86410147012145E-01
           Type = (3,-3) NACP C6
           Rho =  1.1764220761E+02     Rho at Nucleus =  1.1764220758E+02
           GradRho =  8.1112117023E-11  2.3111512704E-11  1.2355505508E-11
           HessRho_EigVals = -1.4495567536E+05 -1.4495457882E+05 -1.4495439640E+05
           HessRho_EigVec1 = -6.1694787592E-02 -4.4405348723E-01  8.9387373474E-01
           HessRho_EigVec2 = -1.5538837890E-01  8.8893299200E-01  4.3087421300E-01
           HessRho_EigVec3 =  9.8592505034E-01  1.1231489753E-01  1.2384328365E-01
           DelSqRho = -4.3486465057E+05
           Bond Ellipticity = NA
           V = -1.0872655743E+05
           G =  5.1973932091E+00
           K =  1.0872136004E+05
           L =  1.0871616264E+05
           Vnuc =  9.9273516129E+06
           Ven = -1.1678755594E+09
           Vrep =  1.1677668329E+09
           DelSqV =  2.4944088368E+09
           DelSqVen =  4.3170545009E+12
           DelSqVrep = -4.3145600920E+12
           DelSqG =  1.3397984249E+08
           DelSqK = -2.6283886793E+09
           Stress_EigVals = -3.6242424750E+04 -3.6242331909E+04 -3.6241800770E+04
           Stress_EigVec1 =  9.8481967151E-01  1.1844497002E-01  1.2688973044E-01
           Stress_EigVec2 = -1.6222114789E-01  8.8812947777E-01  4.3001201133E-01
           Stress_EigVec3 = -6.1761750240E-02 -4.4406848547E-01  8.9386165955E-01
           -DivStress = -3.8616807475E+02 -2.5844312622E+02 -1.5589567857E+02
           ESP =  -1.4728995915E+01     ESP at Nucleus =  -1.4728995918E+01
           ESPe = -3.6667319800E+01     ESPe at Nucleus = -3.6667319707E+01
           ESPn =  2.1938323884E+01     ESPn at Nucleus =  2.1938323789E+01

CP# 7      Coords =  1.89750650585909E+00  7.71628517927808E+00 -1.84813861405847E+00
           Type = (3,-3) NACP C7
           Rho =  1.1768079236E+02     Rho at Nucleus =  1.1768079229E+02
           GradRho = -1.8363799370E-10  7.4991651777E-11 -1.9851585653E-12
           HessRho_EigVals = -1.4500895650E+05 -1.4500789717E+05 -1.4500769712E+05
           HessRho_EigVec1 = -1.4119803171E-02 -7.2006036801E-02  9.9730424737E-01
           HessRho_EigVec2 =  2.9145250835E-02  9.9695024511E-01  7.2393115174E-02
           HessRho_EigVec3 =  9.9947545518E-01 -3.0088858986E-02  1.1978107228E-02
           DelSqRho = -4.3502455078E+05
           Bond Ellipticity = NA
           V = -1.0876632179E+05
           G =  5.0920497582E+00
           K =  1.0876122974E+05
           L =  1.0875613770E+05
           Vnuc =  6.1889387053E+06
           Ven = -7.2831921072E+08
           Vrep =  7.2821044440E+08
           DelSqV =  2.4953260046E+09
           DelSqVen =  2.6923405148E+12
           DelSqVrep = -2.6898451888E+12
           DelSqG =  1.3403525542E+08
           DelSqK = -2.6293612600E+09
           Stress_EigVals = -3.6255704548E+04 -3.6255586593E+04 -3.6255030654E+04
           Stress_EigVec1 =  9.9730650103E-01 -7.2553573403E-02  1.0757415481E-02
           Stress_EigVec2 =  7.1597080926E-02  9.9483239838E-01  7.1988590388E-02
           Stress_EigVec3 = -1.5924854920E-02 -7.1024489648E-02  9.9734744240E-01
           -DivStress =  7.5828361309E+02 -2.1091986073E+02 -3.6160958924E+00
           ESP =  -1.4747505994E+01     ESP at Nucleus =  -1.4747506008E+01
           ESPe = -2.9821431012E+01     ESPe at Nucleus = -2.9821431884E+01
           ESPn =  1.5073925019E+01     ESPn at Nucleus =  1.5073925876E+01

CP# 8      Coords =  4.39660377007658E+00  7.42226417675577E+00 -1.82715497158953E+00
           Type = (3,-3) NACP C8
           Rho =  1.1768078975E+02     Rho at Nucleus =  1.1768078969E+02
           GradRho =  1.9815749042E-10 -2.1920382176E-11  2.2030866714E-12
           HessRho_EigVals = -1.4500896159E+05 -1.4500790186E+05 -1.4500770174E+05
           HessRho_EigVec1 = -1.9704213534E-02 -7.1574175991E-02  9.9724063360E-01
           HessRho_EigVec2 =  2.0328911304E-01  9.7631162427E-01  7.4088790228E-02
           HessRho_EigVec3 =  9.7892046689E-01 -2.0418802523E-01  4.6872019671E-03
           DelSqRho = -4.3502456519E+05
           Bond Ellipticity = NA
           V = -1.0876632523E+05
           G =  5.0919641785E+00
           K =  1.0876123326E+05
           L =  1.0875614130E+05
           Vnuc =  6.1795474308E+06
           Ven = -7.2721402199E+08
           Vrep =  7.2710525566E+08
           DelSqV =  2.4953260934E+09
           DelSqVen =  2.6882551316E+12
           DelSqVrep = -2.6857598056E+12
           DelSqG =  1.3403526849E+08
           DelSqK = -2.6293613619E+09
           Stress_EigVals = -3.6255705748E+04 -3.6255587751E+04 -3.6255031726E+04
           Stress_EigVec1 =  9.8681912698E-01 -1.6171987637E-01  5.8900091273E-03
           Stress_EigVec2 =  1.6086910455E-01  9.8428180308E-01  7.2872925881E-02
           Stress_EigVec3 = -1.7582429368E-02 -7.0964876604E-02  9.9732384132E-01
           -DivStress = -7.8758390616E+02 -3.0284619630E+01 -1.3701593768E+01
           ESP =  -1.4747505846E+01     ESP at Nucleus =  -1.4747505860E+01
           ESPe = -2.9557169279E+01     ESPe at Nucleus = -2.9557170350E+01
           ESPn =  1.4809663433E+01     ESPn at Nucleus =  1.4809664490E+01

CP# 9      Coords =  6.32465172879352E+00 -4.11627647389428E+00 -8.25760170888154E-01
           Type = (3,-3) NACP C9
           Rho =  1.1766458816E+02     Rho at Nucleus =  1.1766458814E+02
           GradRho = -5.4242693670E-11  1.2695226814E-11  1.5803053310E-12
           HessRho_EigVals = -1.4498729053E+05 -1.4498639397E+05 -1.4498610532E+05
           HessRho_EigVec1 = -6.1384248969E-02 -4.4356826887E-01  8.9413598789E-01
           HessRho_EigVec2 = -4.5863579691E-01  8.0818608060E-01  3.6944345293E-01
           HessRho_EigVec3 =  8.8650165244E-01  3.8740476245E-01  2.5304618206E-01
           DelSqRho = -4.3495978981E+05
           Bond Ellipticity = NA
           V = -1.0875029255E+05
           G =  5.1725503653E+00
           K =  1.0874512000E+05
           L =  1.0873994745E+05
           Vnuc =  1.0123591066E+07
           Ven = -1.1911881734E+09
           Vrep =  1.1910794231E+09
           DelSqV =  2.4949563717E+09
           DelSqVen =  4.4033533542E+12
           DelSqVrep = -4.4008583979E+12
           DelSqG =  1.3401339565E+08
           DelSqK = -2.6289697674E+09
           Stress_EigVals = -3.6250341118E+04 -3.6250230667E+04 -3.6249720769E+04
           Stress_EigVec1 =  8.2613446284E-01  4.8028618688E-01  2.9466426320E-01
           Stress_EigVec2 = -5.6015387924E-01  7.5669919007E-01  3.3709637690E-01
           Stress_EigVec3 = -6.1069475838E-02 -4.4354426436E-01  8.9416944964E-01
           -DivStress =  4.7473448607E+02 -3.1445429300E+01  1.5506434815E+01
           ESP =  -1.4737206153E+01     ESP at Nucleus =  -1.4737206157E+01
           ESPe = -3.3534420793E+01     ESPe at Nucleus = -3.3534420358E+01
           ESPn =  1.8797214640E+01     ESPn at Nucleus =  1.8797214201E+01

CP# 10     Coords =  8.65086754697067E+00 -3.18050175834755E+00 -2.03591801938619E-01
           Type = (3,-3) NACP C10
           Rho =  1.1765671934E+02     Rho at Nucleus =  1.1765671929E+02
           GradRho =  1.3480203065E-11  8.0276785219E-11  4.9229786914E-11
           HessRho_EigVals = -1.4497644311E+05 -1.4497542715E+05 -1.4497524239E+05
           HessRho_EigVec1 = -6.0663219193E-02 -4.4411323266E-01  8.9391465499E-01
           HessRho_EigVec2 = -3.2688081365E-01  8.5501884194E-01  4.0260615196E-01
           HessRho_EigVec3 =  9.4311659274E-01  2.6778016452E-01  1.9704029027E-01
           DelSqRho = -4.3492711264E+05
           Bond Ellipticity = NA
           V = -1.0874209021E+05
           G =  5.1560252004E+00
           K =  1.0873693419E+05
           L =  1.0873177816E+05
           Vnuc =  7.1426333635E+06
           Ven = -8.4037880899E+08
           Vrep =  8.4027006690E+08
           DelSqV =  2.4947680807E+09
           DelSqVen =  3.1065247580E+12
           DelSqVrep = -3.1040301210E+12
           DelSqG =  1.3400209392E+08
           DelSqK = -2.6287701746E+09
           Stress_EigVals = -3.6247599474E+04 -3.6247515361E+04 -3.6246975376E+04
           Stress_EigVec1 =  9.8068725755E-01  1.4034154194E-01  1.3622317895E-01
           Stress_EigVec2 = -1.8593176996E-01  8.8506164334E-01  4.2672621715E-01
           Stress_EigVec3 = -6.0678495319E-02 -4.4381318040E-01  8.9406262706E-01
           -DivStress = -4.2590683663E+02 -4.6764247421E+02 -2.5990241706E+02
           ESP =  -1.4736321592E+01     ESP at Nucleus =  -1.4736321597E+01
           ESPe = -3.2181756514E+01     ESPe at Nucleus = -3.2181756850E+01
           ESPn =  1.7445434922E+01     ESPn at Nucleus =  1.7445435254E+01

CP# 11     Coords =  8.88359791940628E+00 -7.73897896594421E-01  1.00641980329923E+00
           Type = (3,-3) NACP C11
           Rho =  1.1765710594E+02     Rho at Nucleus =  1.1765710589E+02
           GradRho =  1.8529472748E-10 -9.6839536390E-11 -3.7367497985E-11
           HessRho_EigVals = -1.4497697171E+05 -1.4497595075E+05 -1.4497576565E+05
           HessRho_EigVec1 = -5.9675379678E-02 -4.4515324499E-01  8.9346373040E-01
           HessRho_EigVec2 =  4.8551553288E-01  7.6911051779E-01  4.1562444437E-01
           HessRho_EigVec3 =  8.7218892242E-01 -4.5859306569E-01 -1.7023185279E-01
           DelSqRho = -4.3492868811E+05
           Bond Ellipticity = NA
           V = -1.0874248280E+05
           G =  5.1553844722E+00
           K =  1.0873732741E+05
           L =  1.0873217203E+05
           Vnuc =  7.1407145858E+06
           Ven = -8.4015581254E+08
           Vrep =  8.4004707005E+08
           DelSqV =  2.4947771091E+09
           DelSqVen =  3.1057007084E+12
           DelSqVrep = -3.1032059312E+12
           DelSqG =  1.3400262619E+08
           DelSqK = -2.6287797353E+09
           Stress_EigVals = -3.6247730736E+04 -3.6247646609E+04 -3.6247105451E+04
           Stress_EigVec1 =  9.3391369996E-01 -3.4121786727E-01 -1.0665630821E-01
           Stress_EigVec2 =  3.5236705233E-01  8.2822086244E-01  4.3576101645E-01
           Stress_EigVec3 = -6.0354465104E-02 -4.4454535211E-01  8.9372074411E-01
           -DivStress = -3.2979753481E+02  5.4434455761E+02  2.5056694894E+02
           ESP =  -1.4736228921E+01     ESP at Nucleus =  -1.4736228926E+01
           ESPe = -3.2394184267E+01     ESPe at Nucleus = -3.2394184731E+01
           ESPn =  1.7657955346E+01     ESPn at Nucleus =  1.7657955805E+01

CP# 12     Coords =  6.78287315283043E+00  6.24997582969694E-01  1.55895463739769E+00
           Type = (3,-3) NACP C12
           Rho =  1.1766695281E+02     Rho at Nucleus =  1.1766695279E+02
           GradRho = -4.6867794368E-11  1.2858531948E-11 -1.3498005665E-11
           HessRho_EigVals = -1.4499092345E+05 -1.4499002261E+05 -1.4498973557E+05
           HessRho_EigVec1 = -6.1752279092E-02 -4.4470491907E-01  8.9354585276E-01
           HessRho_EigVec2 =  6.1615781905E-01  6.8731089540E-01  3.8464694863E-01
           HessRho_EigVec3 =  7.8519819030E-01 -5.7431808958E-01 -2.3156539882E-01
           DelSqRho = -4.3497068162E+05
           Bond Ellipticity = NA
           V = -1.0875301687E+05
           G =  5.1732301964E+00
           K =  1.0874784364E+05
           L =  1.0874267041E+05
           Vnuc =  1.0114344358E+07
           Ven = -1.1901240803E+09
           Vrep =  1.1900153273E+09
           DelSqV =  2.4950193836E+09
           DelSqVen =  4.3994411172E+12
           DelSqVrep = -4.3969460978E+12
           DelSqG =  1.3401744631E+08
           DelSqK = -2.6290368299E+09
           Stress_EigVals = -3.6251249369E+04 -3.6251139092E+04 -3.6250628405E+04
           Stress_EigVec1 =  7.0782985460E-01 -6.5047417290E-01 -2.7542739029E-01
           Stress_EigVec2 =  7.0371983161E-01  6.1552331204E-01  3.5483721751E-01
           Stress_EigVec3 = -6.1280466078E-02 -4.4498809279E-01  8.9343735189E-01
           -DivStress =  4.7200939300E+02 -5.5745011454E+01  3.5441940973E+01
           ESP =  -1.4737423381E+01     ESP at Nucleus =  -1.4737423384E+01
           ESPe = -3.4092116202E+01     ESPe at Nucleus = -3.4092115667E+01
           ESPn =  1.9354692821E+01     ESPn at Nucleus =  1.9354692283E+01

CP# 13     Coords = -2.51213529404292E+00  1.59931982544440E+00  1.39944918499356E+00
           Type = (3,-3) NACP C13
           Rho =  1.1767673281E+02     Rho at Nucleus =  1.1767673281E+02
           GradRho =  6.8611782922E-14  6.3480332102E-12  7.5888687695E-12
           HessRho_EigVals = -1.4500782972E+05 -1.4500695564E+05 -1.4500678439E+05
           HessRho_EigVec1 = -6.4091378620E-02 -4.4663074794E-01  8.9241989567E-01
           HessRho_EigVec2 = -9.6936223468E-02  8.9281588546E-01  4.3986721094E-01
           HessRho_EigVec3 =  9.9322488076E-01  5.8316118475E-02  1.0051649894E-01
           DelSqRho = -4.3502156975E+05
           Bond Ellipticity = NA
           V = -1.0876577804E+05
           G =  5.1928001023E+00
           K =  1.0876058524E+05
           L =  1.0875539244E+05
           Vnuc =  2.4519961227E+07
           Ven = -2.8854289258E+09
           Vrep =  2.8853201600E+09
           DelSqV =  2.4953158794E+09
           DelSqVen =  1.0666710663E+13
           DelSqVrep = -1.0664198570E+13
           DelSqG =  1.3403804140E+08
           DelSqK = -2.6293539208E+09
           Stress_EigVals = -3.6255467565E+04 -3.6255416375E+04 -3.6254894098E+04
           Stress_EigVec1 =  9.8115661269E-01  1.3544569579E-01  1.3779029310E-01
           Stress_EigVec2 = -1.8240641697E-01  8.8450091173E-01  4.2940195179E-01
