AIMSum (Version 19.02.13, Professional)
Copyright (c) 1997-2019 by Todd A. Keith
AIMSum is a component of the AIMAll package ( http://aim.tkgristmill.com )

TP:  64-bit Linux

Much of the Quantum Theory of Atoms in Molecules (QTAIM) is described in the book:
  "Atoms in Molecules - A Quantum Theory"
  R.F.W. Bader, Oxford University Press, Oxford, 1990

For additional references see:  http://aim.tkgristmill.com/references.html

Wfn File:  /home/mhennefarth/Documents/ML_Diels/summary-hayden2009/9-opt/9-opt.wfn
Sum File:  /home/mhennefarth/Documents/ML_Diels/summary-hayden2009/9-opt/9-opt.sum

SumViz File:  /home/mhennefarth/Documents/ML_Diels/summary-hayden2009/9-opt/9-opt.sumviz

Wfn Title:   Title Card Required                                                           
 
Total memory allocated for AIMSum =        2.145 Megabytes

Atomic units (a.u.) used throughout, except where stated otherwise

Model:  Restricted SCF
 
Restricted, closed-shell, single-determinant wavefunction.
  Number of electrons (from MO Occs)                   =         136.0000000000
  Number of Alpha electrons (from MO Occs)             =          68.0000000000
  Number of Beta electrons (from MO Occs)              =          68.0000000000
  Number of electron pairs (N*(N-1)/2)                 =        9180.0000000000
  Number of electron pairs (from Muller 2EDM)          =        9180.0000000000
 
Nuclear Charges and Cartesian Coordinates:
-------------------------------------------------------------------------------
Atom      Charge                X                  Y                  Z
-------------------------------------------------------------------------------
C1         6.0           6.2804125200E+00  -2.1258732900E+00   2.4673717200E+00
C2         6.0           8.4917705900E+00  -2.2541148400E+00   1.1383229500E+00
C3         6.0           8.5038589600E+00  -1.9077505200E+00  -1.5429101600E+00
C4         6.0           6.3044678500E+00  -1.4432638700E+00  -2.8156505400E+00
C5         6.0           3.9370990200E+00  -1.2906224600E+00  -1.5047461800E+00
C6         6.0           3.9248903200E+00  -1.6424962500E+00   1.2170208600E+00
C7         6.0           4.9832831100E+00   6.6339146100E+00  -5.9517877000E-01
C8         6.0           4.9383475300E+00   6.4286133900E+00   1.9111974000E+00
C9         6.0           1.6417081700E+00  -1.5070075400E+00   2.5203831600E+00
C10        6.0          -6.6726513000E-01  -1.0389457900E+00   1.2741164100E+00
C11        6.0          -6.5501971000E-01  -6.8666357000E-01  -1.4475362500E+00
C12        6.0           1.6655419800E+00  -8.2526592000E-01  -2.7512134600E+00
C13        6.0          -2.9877955200E+00  -9.0404916000E-01   2.5772123000E+00
C14        6.0          -5.2590344700E+00  -4.4430022000E-01   1.3296483000E+00
C15        6.0          -5.2466938600E+00  -9.1799210000E-02  -1.3910741600E+00
C16        6.0          -2.9637794700E+00  -2.2156125000E-01  -2.6941082900E+00
C17        6.0          -7.6272076600E+00  -3.0493373000E-01   2.6391180600E+00
C18        6.0          -9.8282385000E+00   1.4868642000E-01   1.3652829400E+00
C19        6.0          -9.8160372800E+00   4.9602014000E-01  -1.3160075100E+00
C20        6.0          -7.6029696700E+00   3.7936017000E-01  -2.6432755500E+00
H21        1.0           6.2668370700E+00  -2.3910235200E+00   4.5052808000E+00
H22        1.0           1.0261799360E+01  -2.6209326700E+00   2.1122172800E+00
H23        1.0           1.0282815900E+01  -2.0174905000E+00  -2.5624045300E+00
H24        1.0           6.3097667600E+00  -1.1829222800E+00  -4.8542584600E+00
H25        1.0           1.6311600300E+00  -1.7751544000E+00   4.5593272700E+00
H26        1.0           1.6735780500E+00  -5.6681810000E-01  -4.7914138200E+00
H27        1.0           4.6971487700E+00   5.0038794800E+00  -1.8124646300E+00
H28        1.0           4.6138629700E+00   4.6231728300E+00   2.8364996200E+00
H29        1.0          -2.9968865000E+00  -1.1675624100E+00   4.6166579100E+00
H30        1.0          -2.9540882000E+00   4.2429240000E-02  -4.7334742700E+00
H31        1.0          -7.6323944700E+00  -5.6892598000E-01   4.6771741100E+00
H32        1.0          -1.1608471360E+01   2.4938241000E-01   2.3837226800E+00
H33        1.0          -1.1587219690E+01   8.5467902000E-01  -2.2910806000E+00
H34        1.0          -7.5891789900E+00   6.4295037000E-01  -4.6813246100E+00
H35        1.0           5.3056296300E+00   8.4348017700E+00  -1.5323919600E+00
H36        1.0           5.2216079100E+00   8.0518520000E+00   3.1400937900E+00
 
Some Atomic Properties:
----------------------
  q(A) = Net Charge of Atom A
  L(A) = Lagrangian of Atom A = -(1/4) Times Atomic Integral of the Laplacian of the Electron Density
  K(A) = Electronic Kinetic Energy of Atom A (Hamiltonian Form)
  K_Scaled(A) = K(A) * E(Mol)/K(Mol) = Approximation to Virial-Based Total Energy of Atom A.
  |Mu_Intra(A)| = Magnitude of Intraatomic Dipole Moment of Atom A
--------------------------------------------------------------------------------------------------
Atom A          q(A)              L(A)              K(A)          K_Scaled(A)      |Mu_Intra(A)|
--------------------------------------------------------------------------------------------------
C1       -4.0605713400E-02 -3.6855147415E-05  3.7733917829E+01 -3.8107188914E+01  1.1169490817E-01
C2       -3.5214155800E-02 -3.1256346676E-05  3.7721537313E+01 -3.8094685928E+01  1.1402188602E-01
C3       -3.5162491500E-02 -2.9051736997E-05  3.7721534567E+01 -3.8094683154E+01  1.1410971383E-01
C4       -4.0943448700E-02  7.3757116795E-05  3.7734027131E+01 -3.8107299297E+01  1.1172735691E-01
C5        5.1174703000E-03  1.5318987406E-05  3.7735841718E+01 -3.8109131834E+01  1.7337558089E-02
C6        5.2528650000E-03 -4.9861293164E-05  3.7735652499E+01 -3.8108940743E+01  1.7313153325E-02
C7       -8.0284966900E-02  9.1945999495E-07  3.7694385440E+01 -3.8067265463E+01  9.2534978050E-02
C8       -8.0236324800E-02 -1.6059802912E-05  3.7694187802E+01 -3.8067065870E+01  9.1745963144E-02
C9       -5.0698959000E-02 -1.0568491258E-04  3.7748600763E+01 -3.8122017094E+01  1.0931242309E-01
C10       1.0594089100E-02  2.7567861557E-05  3.7736697108E+01 -3.8109995686E+01  9.7994862264E-03
C11       1.0722544100E-02  2.0416134008E-05  3.7736679685E+01 -3.8109978091E+01  9.5769909590E-03
C12      -5.0781796800E-02 -4.7640549012E-06  3.7748677637E+01 -3.8122094728E+01  1.0971426289E-01
C13      -4.8019250100E-02 -2.4521377651E-05  3.7748604760E+01 -3.8122021131E+01  1.0904657406E-01
C14       8.6328267000E-03  1.2519667766E-04  3.7735437088E+01 -3.8108723202E+01  1.3096765736E-02
C15       8.4283709000E-03 -1.7581311854E-04  3.7735375079E+01 -3.8108660579E+01  1.3687054362E-02
C16      -4.7859192000E-02  2.1623969126E-05  3.7748622328E+01 -3.8122038873E+01  1.0891882050E-01
C17      -3.9250356500E-02  4.7997942892E-05  3.7733986172E+01 -3.8107257933E+01  1.1097394554E-01
C18      -3.6700496800E-02 -4.5571945136E-05  3.7722053684E+01 -3.8095207406E+01  1.1326021632E-01
C19      -3.6639010900E-02  1.9464393957E-05  3.7722060263E+01 -3.8095214051E+01  1.1345333705E-01
C20      -3.9203377300E-02  3.9567039182E-05  3.7734012983E+01 -3.8107285009E+01  1.1104137870E-01
H21       3.8122387520E-02  2.4600915280E-05  5.9890198444E-01 -6.0482643667E-01  1.5217231519E-01
H22       4.0712136340E-02  2.6603172423E-05  5.9897269814E-01 -6.0489784987E-01  1.4961105534E-01
H23       4.0732266620E-02  2.7588016261E-05  5.9896624851E-01 -6.0489133644E-01  1.4960823464E-01
H24       3.8093191100E-02  2.4098710895E-05  5.9889160283E-01 -6.0481595235E-01  1.5217851927E-01
H25       3.5469340150E-02  2.4819683125E-05  5.9916500419E-01 -6.0509205825E-01  1.5472272322E-01
H26       3.5476315940E-02  2.4241164209E-05  5.9915369396E-01 -6.0508063614E-01  1.5472190343E-01
H27       4.5373787320E-02  3.7041562314E-05  5.9356198308E-01 -5.9943361099E-01  1.4318237967E-01
H28       4.4922927020E-02  2.4530274252E-05  5.9367194901E-01 -5.9954466473E-01  1.4389563447E-01
H29       3.5295063300E-02  2.5001396434E-05  5.9928580552E-01 -6.0521405457E-01  1.5473710603E-01
H30       3.5346427270E-02  2.4348213624E-05  5.9927160916E-01 -6.0519971778E-01  1.5472257888E-01
H31       3.8014318280E-02  2.4015945220E-05  5.9897511820E-01 -6.0490029388E-01  1.5220207292E-01
H32       3.9922450200E-02  2.0601343967E-05  5.9924701968E-01 -6.0517488506E-01  1.4980439930E-01
H33       3.9943548920E-02  2.0277640448E-05  5.9924090587E-01 -6.0516871077E-01  1.4979851082E-01
H34       3.8043685930E-02  2.4383671623E-05  5.9897004247E-01 -6.0489516793E-01  1.5219440673E-01
H35       3.3730565120E-02  1.8709825781E-05  5.9802794397E-01 -6.0394375002E-01  1.4865636554E-01
H36       3.3912771160E-02  2.2855227737E-05  5.9796734156E-01 -6.0388254812E-01  1.4861006415E-01
--------------------------------------------------------------------------------------------------
Total     2.5980779000E-04  2.6610661020E-04  7.6419416280E+02 -7.7175371666E+02
 
1st Largest |L(A)| = 1.7581311854E-04, atom C15     
2nd Largest |L(A)| = 1.2519667766E-04, atom C14     
 
Molecular charge q(Mol) from the wfn file:   0.0000000000E+00
Molecular energy E(Mol) from the wfn file:  -7.7175371944E+02
Molecular virial ratio (-V(Mol)/T(Mol)) from the wfn file:   2.0098921900E+00
Note.  K_Scaled(A) = (1+V(Mol)/T(Mol))*K(A) = (E(Mol)/T(Mol))*K(A)
       Only use K_Scaled(A) data with caution.
 
N_AIMInt(SumA)     =        135.999740
N_Analytic(Mol)    =        135.999975
 
G_AIMInt(SumA)     =        764.193897
G_Analytic(Mol)    =        764.194101
 
K_AIMInt(SumA)     =        764.194163
K_Analytic(Mol)    =        764.194101
 
L_AIMInt(SumA)     =          0.000266
L_Analytic(Mol)    =          0.000000
 
VenT_AIMInt(SumA)  =      -4440.319208
VenT_Analytic(Mol) =      -4440.323581
 
Some Information About the Atomic Calculations:
----------------------------------------------
  Time(sec) = "Elapsed User Time", in Seconds, for Atom A by AIMInt and, if used, by TWOe
  NProc = Number of Processors Used for AIMInt Job
  BIM = Basin Integration Method
  OAQ = Angular Quadrature Outside of Beta Sphere
  ORQ = Multiple of Default for Radial Quadrature Outside of Beta Sphere
  IAQ = Multiple of Default for Angular Quadrature Inside of Beta Sphere
  IRQ = Multiple of Default for Radial Quadrature Inside of Beta Sphere
  MIR = Maximum Integration Radius
------------------------------------------------------------------------------------------------------
Atom A     Time(sec)   NProc      BIM          OAQ                     ORQ      IAQ      IRQ      MIR
------------------------------------------------------------------------------------------------------
C1             29        8     Proaim(5)    4500(GS4)                  1.00     1.00     1.00    13.00
C2             24        8     Proaim(5)    4500(GS4)                  1.00     1.00     1.00    13.00
C3             24        8     Proaim(5)    4500(GS4)                  1.00     1.00     1.00    13.00
C4             30        8     Proaim(5)    4500(GS4)                  1.00     1.00     1.00    13.00
C5             51        8     Proaim(5)    4500(GS4)                  1.00     1.00     1.00    13.00
C6             48        8     Proaim(5)    4500(GS4)                  1.00     1.00     1.00    13.00
C7             28        8     Proaim(5)    4500(GS4)                  1.00     1.00     1.00    13.00
C8             28        8     Proaim(5)    4500(GS4)                  1.00     1.00     1.00    13.00
C9             36        8     Proaim(5)    4500(GS4)                  1.00     1.00     1.00    13.00
C10            31        8     Proaim(5)    4500(GS4)                  1.00     1.00     1.00    13.00
C11            31        8     Proaim(5)    4500(GS4)                  1.00     1.00     1.00    13.00
C12            37        8     Proaim(5)    4500(GS4)                  1.00     1.00     1.00    13.00
C13            30        8     Proaim(5)    4500(GS4)                  1.00     1.00     1.00    13.00
C14            27        8     Proaim(5)    4500(GS4)                  1.00     1.00     1.00    13.00
C15            27        8     Proaim(5)    4500(GS4)                  1.00     1.00     1.00    13.00
C16            30        8     Proaim(5)    4500(GS4)                  1.00     1.00     1.00    13.00
C17            24        8     Proaim(5)    4500(GS4)                  1.00     1.00     1.00    13.00
C18            22        8     Proaim(5)    4500(GS4)                  1.00     1.00     1.00    13.00
C19            22        8     Proaim(5)    4500(GS4)                  1.00     1.00     1.00    13.00
C20            25        8     Proaim(5)    4500(GS4)                  1.00     1.00     1.00    13.00
H21             8        8     Proaim(5)    1800(GS4)                  1.00     1.00     1.00    13.00
H22             7        8     Proaim(5)    1800(GS4)                  1.00     1.00     1.00    13.00
H23             7        8     Proaim(5)    1800(GS4)                  1.00     1.00     1.00    13.00
H24             8        8     Proaim(5)    1800(GS4)                  1.00     1.00     1.00    13.00
H25            10        8     Proaim(5)    1800(GS4)                  1.00     1.00     1.00    13.00
H26            10        8     Proaim(5)    1800(GS4)                  1.00     1.00     1.00    13.00
H27            24        8     Proaim(5)    4500(GS4)                  1.00     1.00     1.00    13.00
H28            22        8     Proaim(5)    4500(GS4)                  1.00     1.00     1.00    13.00
H29            10        8     Proaim(5)    1800(GS4)                  1.00     1.00     1.00    13.00
H30            10        8     Proaim(5)    1800(GS4)                  1.00     1.00     1.00    13.00
H31             8        8     Proaim(5)    1800(GS4)                  1.00     1.00     1.00    13.00
H32             7        8     Proaim(5)    1800(GS4)                  1.00     1.00     1.00    13.00
H33             7        8     Proaim(5)    1800(GS4)                  1.00     1.00     1.00    13.00
H34             8        8     Proaim(5)    1800(GS4)                  1.00     1.00     1.00    13.00
H35             6        8     Proaim(5)    1800(GS4)                  1.00     1.00     1.00    13.00
H36             7        8     Proaim(5)    1800(GS4)                  1.00     1.00     1.00    13.00
------------------------------------------------------------------------------------------------------
Total         763
Note:  Total wall clock time is less than total of atomic times if more than one atom
       was calculated at a time
 
Electron Density Critical Point Analysis of Molecular Structure:               
---------------------------------------------------------------                
  NACP = Nuclear Attractor Critical Point                                      
  NNACP = Non-Nuclear Attractor Critical Point                                 
  BCP = Bond Critical Point                                                    
  RCP = Ring Critical Point                                                    
  CCP = Cage Critical Point                                                    
  Rho = Electron Density                                                       
  GradRho = Gradient of Electron Density                                       
  HessRho_EigVals = Eigenvalues of the Hessian of Rho, Ascending Order         
  HessRho_EigVecs = Eigenvectors of the Hessian of Rho                         
  DelSqRho = Laplacian of Rho = Trace of Hessian of Rho                        
  Bond Ellipticity = (HessRho_EigVal(1) / HessRho_EigVal(2)) - 1               
  V = Virial Field = Potential Energy Density = Trace of Stress Tensor         
  G = Lagrangian Form of Kinetic Energy Density                                
  K = Hamiltonian Form of Kinetic Energy Density                               
  L = K - G = Lagrangian Density = (-1/4)DelSqRho                              
  Vnuc = Electrostatic Potential from Nuclei                                   
  Ven = Electron-nuclear attractive contribution to Virial Field V             
  Vrep = V - Ven = Repulsive contribution to Virial Field V                    
  DelSqV = Laplacian of V                                                      
  DelSqVen = Laplacian of Ven                                                  
  DelSqVrep = Laplacian of Vrep                                                
  DelSqG = Laplacian of G                                                      
  DelSqK = Laplacian of K                                                      
  Stress_EigVals = Eigenvalues of Stress Tensor, Ascending Order               
  Stress_EigVecs = Eigenvectors of Stress Tensor                               
  -DivStress = Ehrenfest Force Density = Minus Divergence of Stress Tensor     
  ESP = Total Electrostatic Potential                                          
  ESPe = Electrostatic Potential from Electrons                                
  ESPn = Electrostatic Potential from Nuclei                                   
  BP = Bond Path                                                               
  BPL = Bond Path Length                                                       
  GBL = Geometric Bond Length                                                  
  GBL_I = Distance Between Nuclear Attractors                                  
  GBL_II = Distance Between Nuclei                                             
  GBL_III = Sum of Distances Between BCP and Nuclear Attractors                
  GBL_IV = Sum of Distances Between BCP and Nuclei                             

CP# 1      Coords =  6.28041190531220E+00 -2.12587319780636E+00  2.46737175562798E+00
           Type = (3,-3) NACP C1
           Rho =  1.1766447473E+02     Rho at Nucleus =  1.1766447470E+02
           GradRho = -2.3586799180E-11  2.4398955079E-11  4.6006670695E-12
           HessRho_EigVals = -1.4498722399E+05 -1.4498633822E+05 -1.4498604464E+05
           HessRho_EigVec1 =  1.3131608951E-01  9.8297567921E-01  1.2851030592E-01
           HessRho_EigVec2 =  5.3083042955E-01 -1.7920435403E-01  8.2831446598E-01
           HessRho_EigVec3 =  8.3724258115E-01 -4.0553835660E-02 -5.4532581703E-01
           DelSqRho = -4.3495960685E+05
           Bond Ellipticity = NA
           V = -1.0875024784E+05
           G =  5.1730614694E+00
           K =  1.0874507477E+05
           L =  1.0873990171E+05
           Vnuc =  9.6372821017E+06
           Ven = -1.1339657363E+09
           Vrep =  1.1338569861E+09
           DelSqV =  2.4949554323E+09
           DelSqVen =  4.1918272635E+12
           DelSqVrep = -4.1893323081E+12
           DelSqG =  1.3401341740E+08
           DelSqK = -2.6289688497E+09
           Stress_EigVals = -3.6250326383E+04 -3.6250214241E+04 -3.6249707212E+04
           Stress_EigVec1 =  7.7020964543E-01 -2.0673315629E-02 -6.3745565815E-01
           Stress_EigVec2 =  6.2384789131E-01 -1.8342431730E-01  7.5971661054E-01
           Stress_EigVec3 =  1.3263073019E-01  9.8281642937E-01  1.2837817403E-01
           -DivStress =  4.9401869772E+02 -7.4489391338E+01 -2.5843644779E+01
           ESP =  -1.4736771758E+01     ESP at Nucleus =  -1.4736771762E+01
           ESPe = -3.3996745262E+01     ESPe at Nucleus = -3.3996744785E+01
           ESPn =  1.9259973504E+01     ESPn at Nucleus =  1.9259973023E+01

CP# 2      Coords =  8.49177104396986E+00 -2.25411480756971E+00  1.13832225389083E+00
           Type = (3,-3) NACP C2
           Rho =  1.1765662682E+02     Rho at Nucleus =  1.1765662677E+02
           GradRho =  8.4159880454E-11  2.1841958797E-11 -9.0407015207E-11
           HessRho_EigVals = -1.4497615204E+05 -1.4497512959E+05 -1.4497494729E+05
           HessRho_EigVec1 =  1.3405257187E-01  9.8264246818E-01  1.2823294312E-01
           HessRho_EigVec2 =  3.9219846960E-01 -1.7144323555E-01  9.0376300955E-01
           HessRho_EigVec3 =  9.1006058503E-01 -7.0858991744E-02 -4.0837327884E-01
           DelSqRho = -4.3492622892E+05
           Bond Ellipticity = NA
           V = -1.0874187035E+05
           G =  5.1565619270E+00
           K =  1.0873671379E+05
           L =  1.0873155723E+05
           Vnuc =  7.2142438132E+06
           Ven = -8.4880359211E+08
           Vrep =  8.4869485024E+08
           DelSqV =  2.4947628477E+09
           DelSqVen =  3.1376639263E+12
           DelSqVrep = -3.1351691634E+12
           DelSqG =  1.3400164047E+08
           DelSqK = -2.6287644881E+09
           Stress_EigVals = -3.6247526516E+04 -3.6247442786E+04 -3.6246901052E+04
           Stress_EigVec1 =  9.5696891130E-01 -9.4648270389E-02 -2.7432135850E-01
           Stress_EigVec2 =  2.5747859669E-01 -1.5907888041E-01  9.5309951320E-01
           Stress_EigVec3 =  1.3384795501E-01  9.8271848193E-01  1.2786363915E-01
           -DivStress = -3.6640407924E+02 -2.7389737078E+01  5.6878251148E+02
           ESP =  -1.4736108105E+01     ESP at Nucleus =  -1.4736108110E+01
           ESPe = -3.2537768756E+01     ESPe at Nucleus = -3.2537769110E+01
           ESPn =  1.7801660651E+01     ESPn at Nucleus =  1.7801661000E+01

CP# 3      Coords =  8.50385940757118E+00 -1.90775066490872E+00 -1.54290947582214E+00
           Type = (3,-3) NACP C3
           Rho =  1.1765666966E+02     Rho at Nucleus =  1.1765666961E+02
           GradRho =  1.8802787105E-10 -7.3123590516E-12  1.1203971084E-10
           HessRho_EigVals = -1.4497618543E+05 -1.4497516177E+05 -1.4497497980E+05
           HessRho_EigVec1 =  1.3402987332E-01  9.8284546286E-01  1.2669170929E-01
           HessRho_EigVec2 = -3.9990184329E-01 -6.3330381323E-02  9.1436741988E-01
           HessRho_EigVec3 =  9.0670530427E-01 -1.7321679753E-01  3.8455354928E-01
           DelSqRho = -4.3492632699E+05
           Bond Ellipticity = NA
           V = -1.0874189476E+05
           G =  5.1565061299E+00
           K =  1.0873673825E+05
           L =  1.0873158175E+05
           Vnuc =  7.2262180349E+06
           Ven = -8.5021274825E+08
           Vrep =  8.5010400635E+08
           DelSqV =  2.4947633789E+09
           DelSqVen =  3.1428708925E+12
           DelSqVrep = -3.1403761292E+12
           DelSqG =  1.3400165046E+08
           DelSqK = -2.6287650294E+09
           Stress_EigVals = -3.6247534681E+04 -3.6247451064E+04 -3.6246909016E+04
           Stress_EigVec1 =  9.5460222527E-01 -1.6238316074E-01  2.4973245808E-01
           Stress_EigVec2 = -2.6608219621E-01 -8.7917382944E-02  9.5993270527E-01
           Stress_EigVec3 =  1.3392108263E-01  9.8280325746E-01  1.2713339744E-01
           -DivStress = -3.6116801855E+02  1.1752634885E+02 -5.5922867704E+02
           ESP =  -1.4736089414E+01     ESP at Nucleus =  -1.4736089418E+01
           ESPe = -3.2550440208E+01     ESPe at Nucleus = -3.2550440569E+01
           ESPn =  1.7814350794E+01     ESPn at Nucleus =  1.7814351151E+01

CP# 4      Coords =  6.30446723369969E+00 -1.44326376410350E+00 -2.81565055744757E+00
           Type = (3,-3) NACP C4
           Rho =  1.1766471092E+02     Rho at Nucleus =  1.1766471090E+02
           GradRho = -6.4275279543E-11 -2.7657019470E-12  1.8170603910E-11
           HessRho_EigVals = -1.4498760657E+05 -1.4498672330E+05 -1.4498642927E+05
           HessRho_EigVec1 =  1.3145606447E-01  9.8324403106E-01  1.2629520375E-01
           HessRho_EigVec2 = -5.3835405253E-01 -3.6169411670E-02  8.4194221166E-01
           HessRho_EigVec3 =  8.3240267734E-01 -1.7866994441E-01  5.2457872024E-01
           DelSqRho = -4.3496075914E+05
           Bond Ellipticity = NA
           V = -1.0875053627E+05
           G =  5.1732402633E+00
           K =  1.0874536303E+05
           L =  1.0874018978E+05
           Vnuc =  9.5911895088E+06
           Ven = -1.1285445410E+09
           Vrep =  1.1284357904E+09
           DelSqV =  2.4949621186E+09
           DelSqVen =  4.1717915976E+12
           DelSqVrep = -4.1692966354E+12
           DelSqG =  1.3401386214E+08
           DelSqK = -2.6289759807E+09
           Stress_EigVals = -3.6250422370E+04 -3.6250310172E+04 -3.6249803723E+04
           Stress_EigVec1 =  7.6461276173E-01 -1.8269251367E-01  6.1805401872E-01
           Stress_EigVec2 = -6.3068453982E-01 -1.4674913512E-02  7.7590054656E-01
           Stress_EigVec3 =  1.3268133194E-01  9.8306057411E-01  1.2644197006E-01
           -DivStress =  4.9534326982E+02 -8.4836710200E+01  1.1232759784E+01
           ESP =  -1.4736758907E+01     ESP at Nucleus =  -1.4736758911E+01
           ESPe = -3.4026746300E+01     ESPe at Nucleus = -3.4026745820E+01
           ESPn =  1.9289987393E+01     ESPn at Nucleus =  1.9289986909E+01

CP# 5      Coords =  3.93709945624852E+00 -1.29062251032981E+00 -1.50474576425876E+00
           Type = (3,-3) NACP C5
           Rho =  1.1764489689E+02     Rho at Nucleus =  1.1764489686E+02
           GradRho =  4.6242565332E-11  6.0789429046E-12  4.5205172938E-11
           HessRho_EigVals = -1.4495973673E+05 -1.4495864360E+05 -1.4495845894E+05
           HessRho_EigVec1 =  1.3138681953E-01  9.8326923278E-01  1.2617099319E-01
           HessRho_EigVec2 = -2.3320836661E-01 -9.3045331542E-02  9.6796509442E-01
           HessRho_EigVec3 =  9.6350991764E-01 -1.5660198641E-01  2.1708168153E-01
           DelSqRho = -4.3487683927E+05
           Bond Ellipticity = NA
           V = -1.0872960483E+05
           G =  5.1975049991E+00
           K =  1.0872440732E+05
           L =  1.0871920982E+05
           Vnuc =  9.9219648050E+06
           Ven = -1.1672685264E+09
           Vrep =  1.1671597968E+09
           DelSqV =  2.4944792589E+09
           DelSqVen =  4.3148325683E+12
           DelSqVrep = -4.3123383512E+12
           DelSqG =  1.3398431692E+08
           DelSqK = -2.6284635758E+09
           Stress_EigVals = -3.6243440762E+04 -3.6243347172E+04 -3.6242816893E+04
           Stress_EigVec1 =  9.6080219812E-01 -1.5830888758E-01  2.2759049231E-01
           Stress_EigVec2 = -2.4377032330E-01 -9.1423833871E-02  9.6551422158E-01
           Stress_EigVec3 =  1.3204228700E-01  9.8314799431E-01  1.2643122925E-01
           -DivStress = -3.5514697863E+02  4.0931407688E+01 -3.3568723776E+02
           ESP =  -1.4728033321E+01     ESP at Nucleus =  -1.4728033323E+01
           ESPe = -3.7081002758E+01     ESPe at Nucleus = -3.7081002669E+01
           ESPn =  2.2352969437E+01     ESPn at Nucleus =  2.2352969346E+01

CP# 6      Coords =  3.92489075592570E+00 -1.64249620298027E+00  1.21702044338054E+00
           Type = (3,-3) NACP C6
           Rho =  1.1764435949E+02     Rho at Nucleus =  1.1764435947E+02
           GradRho =  1.1511736009E-11  2.0015628044E-11 -5.0545789776E-11
           HessRho_EigVals = -1.4495892638E+05 -1.4495783309E+05 -1.4495764774E+05
           HessRho_EigVec1 =  1.3121244743E-01  9.8292835736E-01  1.2897727686E-01
           HessRho_EigVec2 =  2.2407251189E-01 -1.5614064888E-01  9.6198316367E-01
           HessRho_EigVec3 =  9.6569912657E-01 -9.7323902890E-02 -2.4073482272E-01
           DelSqRho = -4.3487440721E+05
           Bond Ellipticity = NA
           V = -1.0872899646E+05
           G =  5.1973309390E+00
           K =  1.0872379913E+05
           L =  1.0871860180E+05
           Vnuc =  9.9202395134E+06
           Ven = -1.1670602236E+09
           Vrep =  1.1669514946E+09
           DelSqV =  2.4944651990E+09
           DelSqVen =  4.3140574085E+12
           DelSqVrep = -4.3115626812E+12
           DelSqG =  1.3398342402E+08
           DelSqK = -2.6284486230E+09
           Stress_EigVals = -3.6243238046E+04 -3.6243144371E+04 -3.6242614047E+04
           Stress_EigVec1 =  9.6313574660E-01 -9.6338744271E-02 -2.5117400337E-01
           Stress_EigVec2 =  2.3446687868E-01 -1.5713304489E-01  9.5934065326E-01
           Stress_EigVec3 =  1.3188940981E-01  9.8286726090E-01  1.2875220784E-01
           -DivStress = -3.5487800888E+02 -3.7601915858E+01  3.3644944336E+02
           ESP =  -1.4728052149E+01     ESP at Nucleus =  -1.4728052151E+01
           ESPe = -3.7061931393E+01     ESPe at Nucleus = -3.7061931297E+01
           ESPn =  2.2333879244E+01     ESPn at Nucleus =  2.2333879146E+01

CP# 7      Coords =  4.98328315800964E+00  6.63391486330809E+00 -5.95179770801681E-01
           Type = (3,-3) NACP C7
           Rho =  1.1767772193E+02     Rho at Nucleus =  1.1767772185E+02
           GradRho = -6.5756358691E-12  5.6072799182E-11 -2.3638802027E-10
           HessRho_EigVals = -1.4500450973E+05 -1.4500348294E+05 -1.4500327677E+05
           HessRho_EigVec1 =  9.8463548012E-01 -1.7457724860E-01  3.9693274125E-03
           HessRho_EigVec2 =  1.7462207441E-01  9.8442107415E-01 -2.0549450127E-02
           HessRho_EigVec3 = -3.2002309176E-04  2.0926849879E-02  9.9978095828E-01
           DelSqRho = -4.3501126943E+05
           Bond Ellipticity = NA
           V = -1.0876300404E+05
           G =  5.0933407303E+00
           K =  1.0875791070E+05
           L =  1.0875281736E+05
           Vnuc =  5.8056617703E+06
           Ven = -6.8319705141E+08
           Vrep =  6.8308828841E+08
           DelSqV =  2.4952494814E+09
           DelSqVen =  2.5255283261E+12
           DelSqVrep = -2.5230329456E+12
           DelSqG =  1.3403052541E+08
           DelSqK = -2.6292800068E+09
           Stress_EigVals = -3.6254597094E+04 -3.6254477664E+04 -3.6253929283E+04
           Stress_EigVec1 = -9.1925339836E-03 -3.1757413509E-02  9.9945333258E-01
           Stress_EigVec2 =  1.7458232689E-01  9.8409361311E-01  3.2875093519E-02
           Stress_EigVec3 =  9.8459966913E-01 -1.7478909384E-01  3.5020308351E-03
           -DivStress = -3.8862812893E+01 -2.0563471544E+02  8.1264993509E+02
           ESP =  -1.4754394374E+01     ESP at Nucleus =  -1.4754394390E+01
           ESPe = -2.9933351426E+01     ESPe at Nucleus = -2.9933352537E+01
           ESPn =  1.5178957052E+01     ESPn at Nucleus =  1.5178958148E+01

CP# 8      Coords =  4.93834753905879E+00  6.42861346429145E+00  1.91119843354717E+00
           Type = (3,-3) NACP C8
           Rho =  1.1767731889E+02     Rho at Nucleus =  1.1767731881E+02
           GradRho = -3.0033291826E-11  1.7425949572E-11  2.4915158825E-10
           HessRho_EigVals = -1.4500391769E+05 -1.4500289433E+05 -1.4500268668E+05
           HessRho_EigVec1 =  9.8464778388E-01 -1.7453005419E-01  2.8287596649E-03
           HessRho_EigVec2 =  1.7126371629E-01  9.6909752187E-01  1.7753515875E-01
           HessRho_EigVec3 = -3.3726564858E-02 -1.7432513674E-01  9.8411039296E-01
           DelSqRho = -4.3500949871E+05
           Bond Ellipticity = NA
           V = -1.0876256114E+05
           G =  5.0932318066E+00
           K =  1.0875746791E+05
           L =  1.0875237468E+05
           Vnuc =  5.7901049338E+06
           Ven = -6.8136402469E+08
           Vrep =  6.8125526213E+08
           DelSqV =  2.4952392702E+09
           DelSqVen =  2.5187513795E+12
           DelSqVrep = -2.5162561402E+12
           DelSqG =  1.3402988957E+08
           DelSqK = -2.6292691597E+09
           Stress_EigVals = -3.6254449559E+04 -3.6254329475E+04 -3.6253782107E+04
           Stress_EigVec1 = -2.5762023869E-02 -1.2693898452E-01  9.9157592364E-01
           Stress_EigVec2 =  1.7285668079E-01  9.7639832832E-01  1.2948695825E-01
           Stress_EigVec3 =  9.8461001723E-01 -1.7473636902E-01  3.2117455121E-03
           -DivStress = -7.2175137437E+00 -6.0254113406E+01 -8.3922740675E+02
           ESP =  -1.4754324346E+01     ESP at Nucleus =  -1.4754324361E+01
           ESPe = -2.9896245584E+01     ESPe at Nucleus = -2.9896246715E+01
           ESPn =  1.5141921239E+01     ESPn at Nucleus =  1.5141922354E+01

CP# 9      Coords =  1.64170796580498E+00 -1.50700748416481E+00  2.52038314522140E+00
           Type = (3,-3) NACP C9
           Rho =  1.1767611485E+02     Rho at Nucleus =  1.1767611485E+02
           GradRho = -1.4650058944E-11 -1.6153745008E-14 -2.3165636076E-11
           HessRho_EigVals = -1.4500683220E+05 -1.4500596101E+05 -1.4500578668E+05
           HessRho_EigVec1 =  1.3366895488E-01  9.8261584882E-01  1.2883595831E-01
           HessRho_EigVec2 =  1.5437943813E-01 -1.4906144091E-01  9.7670245004E-01
           HessRho_EigVec3 =  9.7892778058E-01 -1.1066517287E-01 -1.7162056966E-01
           DelSqRho = -4.3501857989E+05
           Bond Ellipticity = NA
           V = -1.0876502970E+05
           G =  5.1923649674E+00
           K =  1.0875983734E+05
           L =  1.0875464497E+05
           Vnuc =  2.8274372668E+07
           Ven = -3.3272183254E+09
           Vrep =  3.3271095604E+09
           DelSqV =  2.4952985389E+09
           DelSqVen =  1.2299888755E+13
           DelSqVrep = -1.2297385068E+13
           DelSqG =  1.3403688676E+08
           DelSqK = -2.6293354256E+09
           Stress_EigVals = -3.6255218508E+04 -3.6255166451E+04 -3.6254644744E+04
           Stress_EigVec1 =  9.6301357383E-01 -9.6560092794E-02 -2.5155716070E-01
           Stress_EigVec2 =  2.3479865835E-01 -1.5728923228E-01  9.5923390653E-01
           Stress_EigVec3 =  1.3219094771E-01  9.8282055630E-01  1.2879948547E-01
           -DivStress =  1.6584787144E+02 -4.5232837274E+01  1.3053593489E+01
           ESP =  -1.4736862748E+01     ESP at Nucleus =  -1.4736862748E+01
           ESPe = -3.6223818798E+01     ESPe at Nucleus = -3.6223818730E+01
           ESPn =  2.1486956050E+01     ESPn at Nucleus =  2.1486955982E+01

CP# 10     Coords = -6.67265103345020E-01 -1.03894572964709E+00  1.27411597363582E+00
           Type = (3,-3) NACP C10
           Rho =  1.1764307356E+02     Rho at Nucleus =  1.1764307354E+02
           GradRho =  7.0732794621E-12 -8.3443406265E-12 -2.5527057898E-11
           HessRho_EigVals = -1.4495754593E+05 -1.4495643632E+05 -1.4495627564E+05
           HessRho_EigVec1 =  1.3058804657E-01  9.8306579329E-01  1.2856285684E-01
           HessRho_EigVec2 =  1.2039450543E-02 -1.3123612335E-01  9.9127802939E-01
           HessRho_EigVec3 =  9.9136361327E-01 -1.2790123531E-01 -2.8973440987E-02
           DelSqRho = -4.3487025789E+05
           Bond Ellipticity = NA
           V = -1.0872796873E+05
           G =  5.2021277522E+00
           K =  1.0872276660E+05
           L =  1.0871756447E+05
           Vnuc =  1.3595484189E+07
           Ven = -1.5994145465E+09
           Vrep =  1.5993058186E+09
           DelSqV =  2.4944418785E+09
           DelSqVen =  5.9122699469E+12
           DelSqVrep = -5.9097755050E+12
           DelSqG =  1.3398236306E+08
           DelSqK = -2.6284242416E+09
           Stress_EigVals = -3.6242892031E+04 -3.6242807433E+04 -3.6242269263E+04
           Stress_EigVec1 =  9.9149015020E-01 -1.2834815494E-01 -2.1772302833E-02
           Stress_EigVec2 =  4.9298405164E-03 -1.3010767693E-01  9.9148761418E-01
           Stress_EigVec3 =  1.3008834967E-01  9.8315753749E-01  1.2836774421E-01
           -DivStress = -2.1643649385E+01 -4.8996567185E+01  3.5269477138E+02
           ESP =  -1.4728287250E+01     ESP at Nucleus =  -1.4728287251E+01
           ESPe = -3.7825964293E+01     ESPe at Nucleus = -3.7825963968E+01
           ESPn =  2.3097677043E+01     ESPn at Nucleus =  2.3097676717E+01

CP# 11     Coords = -6.55019684476204E-01 -6.86663622822499E-01 -1.44753581201438E+00
           Type = (3,-3) NACP C11
           Rho =  1.1764302113E+02     Rho at Nucleus =  1.1764302111E+02
           GradRho = -4.5083312084E-12 -8.7860662756E-12  6.1181181649E-12
           HessRho_EigVals = -1.4495746331E+05 -1.4495635405E+05 -1.4495619328E+05
           HessRho_EigVec1 =  1.3066946890E-01  9.8326001321E-01  1.2698518153E-01
           HessRho_EigVec2 = -2.1006793284E-02 -1.2530873434E-01  9.9189537540E-01
           HessRho_EigVec3 =  9.9120341229E-01 -1.3227799336E-01  4.2811140773E-03
           DelSqRho = -4.3487001063E+05
           Bond Ellipticity = NA
           V = -1.0872790712E+05
           G =  5.2022284407E+00
           K =  1.0872270489E+05
           L =  1.0871750266E+05
           Vnuc =  1.3577843334E+07
           Ven = -1.5973385102E+09
           Vrep =  1.5972297823E+09
           DelSqV =  2.4944404526E+09
           DelSqVen =  5.9046048563E+12
           DelSqVrep = -5.9021125130E+12
           DelSqG =  1.3398226921E+08
           DelSqK = -2.6284227219E+09
           Stress_EigVals = -3.6242871490E+04 -3.6242786863E+04 -3.6242248763E+04
           Stress_EigVec1 =  9.9138124945E-01 -1.3098912026E-01 -2.2513566333E-03
           Stress_EigVec2 = -1.4453202117E-02 -1.2643558158E-01  9.9186952199E-01
           Stress_EigVec3 =  1.3020876768E-01  9.8328830670E-01  1.2723907707E-01
           -DivStress = -2.0734811631E+01  4.2449758357E+01 -3.5406103239E+02
           ESP =  -1.4728295395E+01     ESP at Nucleus =  -1.4728295396E+01
           ESPe = -3.7838061647E+01     ESPe at Nucleus = -3.7838061324E+01
           ESPn =  2.3109766252E+01     ESPn at Nucleus =  2.3109765928E+01

CP# 12     Coords =  1.66554178002790E+00 -8.25265863259326E-01 -2.75121343324573E+00
           Type = (3,-3) NACP C12
           Rho =  1.1767629071E+02     Rho at Nucleus =  1.1767629071E+02
           GradRho = -4.1876502266E-12 -7.3574479842E-13  8.8921092711E-12
           HessRho_EigVals = -1.4500711215E+05 -1.4500624276E+05 -1.4500606860E+05
           HessRho_EigVec1 =  1.3392220258E-01  9.8293749449E-01  1.2609014860E-01
           HessRho_EigVec2 = -1.6222677443E-01 -1.0377481379E-01  9.8128143857E-01
           HessRho_EigVec3 =  9.7762330031E-01 -1.5187056969E-01  1.4556102756E-01
           DelSqRho = -4.3501942351E+05
           Bond Ellipticity = NA
           V = -1.0876524118E+05
           G =  5.1926485143E+00
           K =  1.0876004853E+05
           L =  1.0875485588E+05
           Vnuc =  2.8628590902E+07
           Ven = -3.3689063856E+09
           Vrep =  3.3687976204E+09
           DelSqV =  2.4953034431E+09
           DelSqVen =  1.2453970706E+13
           DelSqVrep = -1.2451483792E+13
           DelSqG =  1.3403720827E+08
           DelSqK = -2.6293406513E+09
           Stress_EigVals = -3.6255288819E+04 -3.6255236838E+04 -3.6254715518E+04
           Stress_EigVec1 =  9.6100744273E-01 -1.5852847629E-01  2.2656879137E-01
           Stress_EigVec2 = -2.4276025253E-01 -9.1336927397E-02  9.6577690254E-01
           Stress_EigVec3 =  1.3240904355E-01  9.8312068837E-01  1.2625987996E-01
           -DivStress =  1.6243686203E+02 -4.5762808867E+01 -2.2716288670E+01
           ESP =  -1.4736862881E+01     ESP at Nucleus =  -1.4736862881E+01
           ESPe = -3.6253251254E+01     ESPe at Nucleus = -3.6253251187E+01
           ESPn =  2.1516388373E+01     ESPn at Nucleus =  2.1516388306E+01

CP# 13     Coords = -2.98779527666662E+00 -9.04049186506661E-01  2.57721227623957E+00
           Type = (3,-3) NACP C13
           Rho =  1.1767482284E+02     Rho at Nucleus =  1.1767482284E+02
           GradRho = -1.7798762464E-11 -4.7404441483E-12  1.6293244531E-11
           HessRho_EigVals = -1.4500490195E+05 -1.4500403746E+05 -1.4500386104E+05
           HessRho_EigVec1 =  1.2893198319E-01  9.8332002766E-01  1.2828977713E-01
           HessRho_EigVec2 = -1.8043496139E-01 -1.0394751552E-01  9.7807879985E-01
           HessRho_EigVec3 =  9.7509987612E-01 -1.4925360036E-01  1.6402315190E-01
           DelSqRho = -4.3501280045E+05
           Bond Ellipticity = NA
           V = -1.0876358738E+05
           G =  5.1936329928E+00
           K =  1.0875839375E+05
           L =  1.0875320011E+05
           Vnuc =  2.4397867034E+07
           Ven = -2.8710146808E+09
           Vrep =  2.8709059172E+09
           DelSqV =  2.4952652060E+09
           DelSqVen =  1.0613325562E+13
           DelSqVrep = -1.0610830297E+13
           DelSqG =  1.3403478270E+08
           DelSqK = -2.6292999887E+09
           Stress_EigVals = -3.6254737743E+04 -3.6254684842E+04 -3.6254164794E+04
           Stress_EigVec1 =  9.5726539453E-01 -1.5706343307E-01  2.4284571736E-01
           Stress_EigVec2 = -2.5889977682E-01 -9.1153995868E-02  9.6159339359E-01
