AIMSum (Version 19.02.13, Professional)
Copyright (c) 1997-2019 by Todd A. Keith
AIMSum is a component of the AIMAll package ( http://aim.tkgristmill.com )

TP:  64-bit Linux

Much of the Quantum Theory of Atoms in Molecules (QTAIM) is described in the book:
  "Atoms in Molecules - A Quantum Theory"
  R.F.W. Bader, Oxford University Press, Oxford, 1990

For additional references see:  http://aim.tkgristmill.com/references.html

Wfn File:  /home/mhennefarth/Documents/ML_Diels/summary-James2013/1-opt/1-opt.wfn
Sum File:  /home/mhennefarth/Documents/ML_Diels/summary-James2013/1-opt/1-opt.sum

SumViz File:  /home/mhennefarth/Documents/ML_Diels/summary-James2013/1-opt/1-opt.sumviz

Wfn Title:   Title Card Required                                                           
 
Total memory allocated for AIMSum =        1.086 Megabytes

Atomic units (a.u.) used throughout, except where stated otherwise

Model:  Restricted SCF
 
Restricted, closed-shell, single-determinant wavefunction.
  Number of electrons (from MO Occs)                   =          74.0000000000
  Number of Alpha electrons (from MO Occs)             =          37.0000000000
  Number of Beta electrons (from MO Occs)              =          37.0000000000
  Number of electron pairs (N*(N-1)/2)                 =        2701.0000000000
  Number of electron pairs (from Muller 2EDM)          =        2701.0000000000
 
Nuclear Charges and Cartesian Coordinates:
-------------------------------------------------------------------------------
Atom      Charge                X                  Y                  Z
-------------------------------------------------------------------------------
C1         6.0          -6.3391617600E+00  -1.6355388100E+00  -1.0342560100E+00
H2         1.0          -7.6306274800E+00  -1.2118710200E+00   5.3378964000E-01
H3         1.0          -6.7181702700E+00  -3.5640425600E+00  -1.6746207500E+00
H4         1.0          -6.8347167000E+00  -3.4672555000E-01  -2.5821255500E+00
C5         6.0          -3.6051881400E+00  -1.3413352800E+00  -2.4421763000E-01
C6         6.0          -1.9513474500E+00  -3.2413517200E+00  -5.2212854000E-01
H7         1.0          -2.5458520400E+00  -5.0636198200E+00  -1.2623361100E+00
H8         1.0           3.4106180000E-02  -3.0529816700E+00  -3.9455170000E-02
C9         6.0          -2.8316962700E+00   1.1475901700E+00   8.3024175000E-01
C10        6.0          -1.2354958900E+00   1.3098508000E+00   2.7965229900E+00
H11        1.0          -4.8468474000E-01  -3.6104505000E-01   3.7205841600E+00
H12        1.0          -6.7025825000E-01   3.1298634900E+00   3.5669535500E+00
C13        6.0          -3.9675134700E+00   3.4988798800E+00  -3.3902534000E-01
H14        1.0          -3.6176785500E+00   3.5742561700E+00  -2.3828192600E+00
H15        1.0          -6.0250339400E+00   3.5541326000E+00  -8.6389090000E-02
H16        1.0          -3.1835880700E+00   5.2102339800E+00   5.1684494000E-01
C17        6.0           4.8033455500E+00   2.8893260600E+00  -1.1036637600E+00
H18        1.0           5.3475663100E+00   4.7036533700E+00  -1.8916890900E+00
H19        1.0           2.8652525300E+00   2.6636506000E+00  -4.6555939000E-01
C20        6.0           6.4879325800E+00   1.0093446700E+00  -9.3117545000E-01
H21        1.0           8.4274969600E+00   1.2421234000E+00  -1.5688661100E+00
C22        6.0           5.8628765100E+00  -1.4162877400E+00   8.9055500000E-02
N23        7.0           5.3848111700E+00  -3.4000708900E+00   9.0965244000E-01
 
Some Atomic Properties:
----------------------
  q(A) = Net Charge of Atom A
  L(A) = Lagrangian of Atom A = -(1/4) Times Atomic Integral of the Laplacian of the Electron Density
  K(A) = Electronic Kinetic Energy of Atom A (Hamiltonian Form)
  K_Scaled(A) = K(A) * E(Mol)/K(Mol) = Approximation to Virial-Based Total Energy of Atom A.
  |Mu_Intra(A)| = Magnitude of Intraatomic Dipole Moment of Atom A
--------------------------------------------------------------------------------------------------
Atom A          q(A)              L(A)              K(A)          K_Scaled(A)      |Mu_Intra(A)|
--------------------------------------------------------------------------------------------------
C1       -2.5371185800E-02 -3.0105436627E-04  3.7691729501E+01 -3.8071879239E+01  7.7553099440E-02
H2        1.7025958690E-02  2.4289005401E-05  6.0335635248E-01 -6.0944165984E-01  1.5456838958E-01
H3        1.9802822960E-02  2.7821240682E-05  6.0416966185E-01 -6.1026317206E-01  1.5262913334E-01
H4        1.5999895210E-02  2.9018727779E-05  6.0508528744E-01 -6.1118803243E-01  1.5231178126E-01
C5       -8.0902809000E-03  2.7023421221E-04  3.7704859552E+01 -3.8085141716E+01  4.1372747559E-02
C6       -9.4730964900E-02 -5.9511213106E-05  3.7719036257E+01 -3.8099461404E+01  1.3783533524E-01
H7        3.2591869740E-02  2.3770627461E-05  5.9832389248E-01 -6.0435844366E-01  1.5167725777E-01
H8        6.1995480870E-02  2.4498567765E-07  5.8737436153E-01 -5.9329847837E-01  1.3724012846E-01
C9       -8.8694224000E-03 -1.1961492217E-04  3.7704383128E+01 -3.8084660487E+01  2.9293659283E-02
C10      -1.0954052240E-01  1.1101517594E-04  3.7720575080E+01 -3.8101015747E+01  1.3428233796E-01
H11       5.2730354240E-02  2.9521906264E-05  5.9066253679E-01 -5.9661981738E-01  1.4638205741E-01
H12       2.7203206340E-02  2.1057657295E-05  5.9973299947E-01 -6.0578176257E-01  1.5345356463E-01
C13      -2.7606438600E-02 -4.0508321762E-04  3.7693260260E+01 -3.8073425437E+01  7.6826992681E-02
H14       1.7062769170E-02  2.2528609023E-05  6.0338022803E-01 -6.0946577620E-01  1.5452672355E-01
H15       2.1969684660E-02  2.4866717539E-05  6.0274229676E-01 -6.0882141090E-01  1.5084956735E-01
H16       1.5340958000E-02  2.8920883557E-05  6.0572213207E-01 -6.1183130012E-01  1.5377354231E-01
C17      -3.4884507900E-02 -5.9624465047E-05  3.7691791659E+01 -3.8071942024E+01  1.8085453117E-01
H18       6.7271251540E-02  1.8265516526E-05  5.8556351957E-01 -5.9146937270E-01  1.4248168187E-01
H19       9.6330461410E-02  1.7907355385E-05  5.7223894099E-01 -5.7801040561E-01  1.3611463671E-01
C20       4.9340006900E-02 -6.0618041234E-05  3.7646295337E+01 -3.8025986837E+01  2.8277306661E-01
H21       8.5599896760E-02  2.8135998904E-05  5.7972558391E-01 -5.8557255702E-01  1.4067625748E-01
C22       9.7044442990E-01  2.4110984816E-05  3.7140531817E+01 -3.7515122307E+01  1.0306128318E+00
N23      -1.2418591431E+00  1.6064506137E-05  5.4957839790E+01 -5.5512131372E+01  6.8553692910E-01
--------------------------------------------------------------------------------------------------
Total    -2.4341961000E-04 -2.8773211485E-04  4.0140838017E+02 -4.0545688876E+02
 
1st Largest |L(A)| = 4.0508321762E-04, atom C13     
2nd Largest |L(A)| = 3.0105436627E-04, atom C1      
 
Molecular charge q(Mol) from the wfn file:   0.0000000000E+00
Molecular energy E(Mol) from the wfn file:  -4.0545700129E+02
Molecular virial ratio (-V(Mol)/T(Mol)) from the wfn file:   2.0100857600E+00
Note.  K_Scaled(A) = (1+V(Mol)/T(Mol))*K(A) = (E(Mol)/T(Mol))*K(A)
       Only use K_Scaled(A) data with caution.
 
N_AIMInt(SumA)     =         74.000243
N_Analytic(Mol)    =         73.999988
 
G_AIMInt(SumA)     =        401.408668
G_Analytic(Mol)    =        401.408465
 
K_AIMInt(SumA)     =        401.408380
K_Analytic(Mol)    =        401.408465
 
L_AIMInt(SumA)     =         -0.000288
L_Analytic(Mol)    =          0.000000
 
VenT_AIMInt(SumA)  =      -1836.490667
VenT_Analytic(Mol) =      -1836.487945
 
Some Information About the Atomic Calculations:
----------------------------------------------
  Time(sec) = "Elapsed User Time", in Seconds, for Atom A by AIMInt and, if used, by TWOe
  NProc = Number of Processors Used for AIMInt Job
  BIM = Basin Integration Method
  OAQ = Angular Quadrature Outside of Beta Sphere
  ORQ = Multiple of Default for Radial Quadrature Outside of Beta Sphere
  IAQ = Multiple of Default for Angular Quadrature Inside of Beta Sphere
  IRQ = Multiple of Default for Radial Quadrature Inside of Beta Sphere
  MIR = Maximum Integration Radius
------------------------------------------------------------------------------------------------------
Atom A     Time(sec)   NProc      BIM          OAQ                     ORQ      IAQ      IRQ      MIR
------------------------------------------------------------------------------------------------------
C1             28        8     Proaim(5)    4500(GS4)                  1.00     1.00     1.00    13.00
H2              5        8     Proaim(5)    1800(GS4)                  1.00     1.00     1.00    13.00
H3              7        8     Proaim(5)    1800(GS4)                  1.00     1.00     1.00    13.00
H4              7        8     Proaim(5)    1800(GS4)                  1.00     1.00     1.00    13.00
C5             42        8     Proaim(5)    4500(GS4)                  1.00     1.00     1.00    13.00
C6             27        8     Proaim(5)    4500(GS4)                  1.00     1.00     1.00    13.00
H7              6        8     Proaim(5)    1800(GS4)                  1.00     1.00     1.00    13.00
H8             14        8     Proaim(5)    4500(GS4)                  1.00     1.00     1.00    13.00
C9             46        8     Proaim(5)    4500(GS4)                  1.00     1.00     1.00    13.00
C10            36        8     Proaim(5)    4500(GS4)                  1.00     1.00     1.00    13.00
H11             7        8     Proaim(5)    1800(GS4)                  1.00     1.00     1.00    13.00
H12             6        8     Proaim(5)    1800(GS4)                  1.00     1.00     1.00    13.00
C13            32        8     Proaim(5)    4500(GS4)                  1.00     1.00     1.00    13.00
H14             6        8     Proaim(5)    1800(GS4)                  1.00     1.00     1.00    13.00
H15             6        8     Proaim(5)    1800(GS4)                  1.00     1.00     1.00    13.00
H16             7        8     Proaim(5)    1800(GS4)                  1.00     1.00     1.00    13.00
C17            20        8     Proaim(5)    4500(GS4)                  1.00     1.00     1.00    13.00
H18             6        8     Proaim(5)    1800(GS4)                  1.00     1.00     1.00    13.00
H19            15        8     Proaim(5)    4500(GS4)                  1.00     1.00     1.00    13.00
C20            22        8     Proaim(5)    4500(GS4)                  1.00     1.00     1.00    13.00
H21             6        8     Proaim(5)    1800(GS4)                  1.00     1.00     1.00    13.00
C22            14        8     Proaim(5)    4500(GS4)                  1.00     1.00     1.00    13.00
N23            16        8     Proaim(5)    4500(GS4)                  1.00     1.00     1.00    13.00
------------------------------------------------------------------------------------------------------
Total         381
Note:  Total wall clock time is less than total of atomic times if more than one atom
       was calculated at a time
 
Electron Density Critical Point Analysis of Molecular Structure:               
---------------------------------------------------------------                
  NACP = Nuclear Attractor Critical Point                                      
  NNACP = Non-Nuclear Attractor Critical Point                                 
  BCP = Bond Critical Point                                                    
  RCP = Ring Critical Point                                                    
  CCP = Cage Critical Point                                                    
  Rho = Electron Density                                                       
  GradRho = Gradient of Electron Density                                       
  HessRho_EigVals = Eigenvalues of the Hessian of Rho, Ascending Order         
  HessRho_EigVecs = Eigenvectors of the Hessian of Rho                         
  DelSqRho = Laplacian of Rho = Trace of Hessian of Rho                        
  Bond Ellipticity = (HessRho_EigVal(1) / HessRho_EigVal(2)) - 1               
  V = Virial Field = Potential Energy Density = Trace of Stress Tensor         
  G = Lagrangian Form of Kinetic Energy Density                                
  K = Hamiltonian Form of Kinetic Energy Density                               
  L = K - G = Lagrangian Density = (-1/4)DelSqRho                              
  Vnuc = Electrostatic Potential from Nuclei                                   
  Ven = Electron-nuclear attractive contribution to Virial Field V             
  Vrep = V - Ven = Repulsive contribution to Virial Field V                    
  DelSqV = Laplacian of V                                                      
  DelSqVen = Laplacian of Ven                                                  
  DelSqVrep = Laplacian of Vrep                                                
  DelSqG = Laplacian of G                                                      
  DelSqK = Laplacian of K                                                      
  Stress_EigVals = Eigenvalues of Stress Tensor, Ascending Order               
  Stress_EigVecs = Eigenvectors of Stress Tensor                               
  -DivStress = Ehrenfest Force Density = Minus Divergence of Stress Tensor     
  ESP = Total Electrostatic Potential                                          
  ESPe = Electrostatic Potential from Electrons                                
  ESPn = Electrostatic Potential from Nuclei                                   
  BP = Bond Path                                                               
  BPL = Bond Path Length                                                       
  GBL = Geometric Bond Length                                                  
  GBL_I = Distance Between Nuclear Attractors                                  
  GBL_II = Distance Between Nuclei                                             
  GBL_III = Sum of Distances Between BCP and Nuclear Attractors                
  GBL_IV = Sum of Distances Between BCP and Nuclei                             

CP# 1      Coords = -6.33916131538251E+00 -1.63553846411039E+00 -1.03425585682262E+00
           Type = (3,-3) NACP C1
           Rho =  1.1752865672E+02     Rho at Nucleus =  1.1752865669E+02
           GradRho =  1.3949452704E-11  3.1983164381E-11  1.7616116899E-11
           HessRho_EigVals = -1.4482408156E+05 -1.4482385147E+05 -1.4482372217E+05
           HessRho_EigVec1 =  9.3572168044E-01  2.2366659512E-01  2.7276031782E-01
           HessRho_EigVec2 = -2.0514032550E-01 -2.8399298141E-01  9.3662448898E-01
           HessRho_EigVec3 = -2.8695362623E-01  9.3237398116E-01  2.1985535167E-01
           DelSqRho = -4.3447165520E+05
           Bond Ellipticity = NA
           V = -1.0862841417E+05
           G =  5.2501831869E+00
           K =  1.0862316398E+05
           L =  1.0861791380E+05
           Vnuc =  1.0278028332E+07
           Ven = -1.2079628636E+09
           Vrep =  1.2078542352E+09
           DelSqV =  2.4921767850E+09
           DelSqVen =  4.4655118909E+12
           DelSqVrep = -4.4630197142E+12
           DelSqG =  1.3386806593E+08
           DelSqK = -2.6260448510E+09
           Stress_EigVals = -3.6209523365E+04 -3.6209484016E+04 -3.6209406786E+04
           Stress_EigVec1 = -2.6236050368E-01  9.3838809676E-01  2.2493275875E-01
           Stress_EigVec2 = -2.1220682174E-01 -2.8349842573E-01  9.3519885982E-01
           Stress_EigVec3 =  9.4134756117E-01  1.9762697806E-01  2.7351114534E-01
           -DivStress = -3.5849472595E+02 -2.7796806801E+02 -1.2317713885E+02
           ESP =  -1.4743187028E+01     ESP at Nucleus =  -1.4743187029E+01
           ESPe = -2.6054520739E+01     ESPe at Nucleus = -2.6054519951E+01
           ESPn =  1.1311333711E+01     ESPn at Nucleus =  1.1311332923E+01

CP# 2      Coords = -7.60964056488316E+00 -1.21858776063757E+00  5.08468071013023E-01
           Type = (3,-3) NACP H2
           Rho =  4.2240009732E-01     Rho at Nucleus =  4.1901864299E-01
           GradRho = -2.3366725221E-15  4.1633363423E-17 -3.4520997172E-16
           HessRho_EigVals = -6.4195540190E+00 -6.4179459369E+00 -5.8585603081E+00
           HessRho_EigVec1 =  7.7891536755E-01  1.9799844839E-01  5.9505248898E-01
           HessRho_EigVec2 = -2.9924992709E-02  9.5950557806E-01 -2.8009559168E-01
           HessRho_EigVec3 = -6.2641467497E-01  2.0036381935E-01  7.5329874212E-01
           DelSqRho = -1.8696060264E+01
           Bond Ellipticity = NA
           V = -4.6838950420E+00
           G =  4.9399880332E-03
           K =  4.6789550540E+00
           L =  4.6740150660E+00
           Vnuc =  4.1799826819E+01
           Ven = -1.7656250917E+01
           Vrep =  1.2972355875E+01
           DelSqV =  7.0501291133E+02
           DelSqVen =  7.8149208124E+02
           DelSqVrep = -7.6479169911E+01
           DelSqG =  6.9305232586E+01
           DelSqK = -7.7431814391E+02
           Stress_EigVals = -1.6086901309E+00 -1.6084924501E+00 -1.4667124610E+00
           Stress_EigVec1 =  7.6853421684E-01 -6.2000951545E-03  6.3977864639E-01
           Stress_EigVec2 =  1.3311964885E-01  9.7961933026E-01 -1.5041651132E-01
           Stress_EigVec3 = -6.2580693240E-01  2.0076734448E-01  7.5369632927E-01
           -DivStress = -4.7021318286E+00  1.5052367146E+00  5.6740243219E+00
           ESP =  -1.1179878410E+00     ESP at Nucleus =  -1.1201966439E+00
           ESPe = -1.3126698019E+01     ESPe at Nucleus = -1.3052290733E+01
           ESPn =  1.2008710178E+01     ESPn at Nucleus =  1.1932094089E+01

CP# 3      Coords = -6.71177012613933E+00 -3.53223343239181E+00 -1.66403018661597E+00
           Type = (3,-3) NACP H3
           Rho =  4.2467948899E-01     Rho at Nucleus =  4.2117301162E-01
           GradRho =  5.6921608919E-11  2.8234059405E-10  9.4023964396E-11
           HessRho_EigVals = -6.4452730587E+00 -6.4437484261E+00 -5.8710898401E+00
           HessRho_EigVec1 =  9.6052994457E-01 -2.4081792528E-01  1.3924421872E-01
           HessRho_EigVec2 = -2.0449880314E-01 -2.7195526697E-01  9.4033003370E-01
           HessRho_EigVec3 =  1.8858012912E-01  9.3169043122E-01  3.1046815500E-01
           DelSqRho = -1.8760111325E+01
           Bond Ellipticity = NA
           V = -4.6996981295E+00
           G =  4.8351491579E-03
           K =  4.6948629804E+00
           L =  4.6900278312E+00
           Vnuc =  4.1032220504E+01
           Ven = -1.7425542436E+01
           Vrep =  1.2725844306E+01
           DelSqV =  7.0680104855E+02
           DelSqVen =  7.6976902508E+02
           DelSqVrep = -6.2967976537E+01
           DelSqG =  6.9400739860E+01
           DelSqK = -7.7620178841E+02
           Stress_EigVals = -1.6151062096E+00 -1.6149157991E+00 -1.4696761207E+00
           Stress_EigVec1 =  9.5025303135E-01 -2.5242372860E-01  1.8248681502E-01
           Stress_EigVec2 = -2.4838597094E-01 -2.6058600830E-01  9.3295195038E-01
           Stress_EigVec3 =  1.8794569922E-01  9.3186758368E-01  3.1032115723E-01
           -DivStress = -1.4387934122E+00 -7.1516823997E+00 -2.3811937507E+00
           ESP =  -1.1200489543E+00     ESP at Nucleus =  -1.1223214858E+00
           ESPe = -1.2853609314E+01     ESPe at Nucleus = -1.2775775870E+01
           ESPn =  1.1733560360E+01     ESPn at Nucleus =  1.1653454385E+01

CP# 4      Coords = -6.82656905755970E+00 -3.67382543430793E-01 -2.55709418930099E+00
           Type = (3,-3) NACP H4
           Rho =  4.2311358834E-01     Rho at Nucleus =  4.1974340026E-01
           GradRho =  8.8991314318E-16 -2.0556473190E-16  1.1449174941E-15
           HessRho_EigVals = -6.4368252592E+00 -6.4357246695E+00 -5.8769045657E+00
           HessRho_EigVec1 =  9.5848370911E-01  2.7067423748E-01 -8.9690782853E-02
           HessRho_EigVec2 = -1.4710715085E-01  7.3883474550E-01  6.5763417263E-01
           HessRho_EigVec3 =  2.4427129494E-01 -6.1713748550E-01  7.4797918317E-01
           DelSqRho = -1.8749454494E+01
           Bond Ellipticity = NA
           V = -4.6974074421E+00
           G =  5.0219092428E-03
           K =  4.6923855328E+00
           L =  4.6873636236E+00
           Vnuc =  4.2107545394E+01
           Ven = -1.7816274628E+01
           Vrep =  1.3118867186E+01
           DelSqV =  7.0719229223E+02
           DelSqVen =  7.8949350623E+02
           DelSqVrep = -8.2301214002E+01
           DelSqG =  6.9586702143E+01
           DelSqK = -7.7677899438E+02
           Stress_EigVals = -1.6131026719E+00 -1.6129676369E+00 -1.4713371333E+00
           Stress_EigVec1 =  8.8372706240E-01 -1.7624496431E-01 -4.3354837300E-01
           Stress_EigVec2 =  3.9948255766E-01  7.6666991555E-01  5.0262404112E-01
           Stress_EigVec3 =  2.4380353833E-01 -6.1737748027E-01  7.4793374142E-01
           -DivStress = -1.8304789609E+00  4.6422042807E+00 -5.6248494396E+00
           ESP =  -1.1158289301E+00     ESP at Nucleus =  -1.1180243154E+00
           ESPe = -1.3338182292E+01     ESPe at Nucleus = -1.3267073726E+01
           ESPn =  1.2222353362E+01     ESPn at Nucleus =  1.2149049411E+01

CP# 5      Coords = -3.60518970697315E+00 -1.34133361012710E+00 -2.44217569608386E-01
           Type = (3,-3) NACP C5
           Rho =  1.1765436597E+02     Rho at Nucleus =  1.1765436559E+02
           GradRho = -1.8384000433E-09  1.9936661870E-09  6.9675099024E-11
           HessRho_EigVals = -1.4496843182E+05 -1.4496770177E+05 -1.4496723976E+05
           HessRho_EigVec1 = -2.9044078552E-01 -3.7381927979E-01  8.8085373142E-01
           HessRho_EigVec2 =  6.9258463482E-01  5.5306989476E-01  4.6307689978E-01
           HessRho_EigVec3 = -6.6028075370E-01  7.4456217844E-01  9.8267434699E-02
           DelSqRho = -4.3490337335E+05
           Bond Ellipticity = NA
           V = -1.0873602331E+05
           G =  5.0899875603E+00
           K =  1.0873093332E+05
           L =  1.0872584334E+05
           Vnuc =  2.6192456268E+06
           Ven = -3.0816568353E+08
           Vrep =  3.0805694751E+08
           DelSqV =  2.4946245469E+09
           DelSqVen =  1.1391188091E+12
           DelSqVrep = -1.1366241845E+12
           DelSqG =  1.3398971545E+08
           DelSqK = -2.6286142624E+09
           Stress_EigVals = -3.6245621554E+04 -3.6245396953E+04 -3.6245004806E+04
           Stress_EigVec1 = -6.3865919701E-01  7.6101184112E-01  1.1390964732E-01
           Stress_EigVec2 =  7.2546802183E-01  5.4613650494E-01  4.1884492031E-01
           Stress_EigVec3 = -2.5653572729E-01 -3.5013696698E-01  9.0088485667E-01
           -DivStress =  1.2732832978E+03 -1.3532525747E+03 -4.9656149900E+01
           ESP =  -1.4735211922E+01     ESP at Nucleus =  -1.4735211956E+01
           ESPe = -2.8847094652E+01     ESPe at Nucleus = -2.8847094828E+01
           ESPn =  1.4111882730E+01     ESPn at Nucleus =  1.4111882872E+01

CP# 6      Coords = -1.95134720371574E+00 -3.24135253144801E+00 -5.22128662328154E-01
           Type = (3,-3) NACP C6
           Rho =  1.1769683826E+02     Rho at Nucleus =  1.1769683821E+02
           GradRho =  4.1714673382E-11 -1.2525436244E-10 -1.2364664848E-11
           HessRho_EigVals = -1.4503397758E+05 -1.4503307117E+05 -1.4503292847E+05
           HessRho_EigVec1 = -1.5048182921E-01 -3.3221479419E-01  9.3112219907E-01
           HessRho_EigVec2 =  3.3994676611E-01  8.6702494921E-01  3.6428551118E-01
           HessRho_EigVec3 =  9.2832721348E-01 -3.7135033050E-01  1.7536155387E-02
           DelSqRho = -4.3509997721E+05
           Bond Ellipticity = NA
           V = -1.0878525015E+05
           G =  5.1279212300E+00
           K =  1.0878012222E+05
           L =  1.0877499430E+05
           Vnuc =  7.0029959419E+06
           Ven = -8.2423048072E+08
           Vrep =  8.2412169547E+08
           DelSqV =  2.4957634757E+09
           DelSqVen =  3.0470031278E+12
           DelSqVrep = -3.0445073643E+12
           DelSqG =  1.3406391419E+08
           DelSqK = -2.6298273899E+09
           Stress_EigVals = -3.6261984358E+04 -3.6261893973E+04 -3.6261371815E+04
           Stress_EigVec1 =  7.9187487909E-01 -6.0771189224E-01 -6.0170024925E-02
           Stress_EigVec2 =  5.8453608446E-01  7.2575913930E-01  3.6275506569E-01
           Stress_EigVec3 = -1.7678162189E-01 -3.2242817455E-01  9.2993996065E-01
           -DivStress = -2.0051907192E+02  6.6152557472E+02  1.0008789106E+02
           ESP =  -1.4760654380E+01     ESP at Nucleus =  -1.4760654390E+01
           ESPe = -2.7085083743E+01     ESPe at Nucleus = -2.7085085001E+01
           ESPn =  1.2324429362E+01     ESPn at Nucleus =  1.2324430611E+01

CP# 7      Coords = -2.53590564313237E+00 -5.03287804287524E+00 -1.24989366158280E+00
           Type = (3,-3) NACP H7
           Rho =  4.2613409095E-01     Rho at Nucleus =  4.2250452004E-01
           GradRho =  3.3439561883E-12  1.0329774796E-11  4.1815960417E-12
           HessRho_EigVals = -6.4952515740E+00 -6.4890712866E+00 -5.9009773097E+00
           HessRho_EigVec1 =  9.3127018171E-01 -3.4676434378E-01  1.1176018311E-01
           HessRho_EigVec2 = -2.2392092218E-01 -3.0279593294E-01  9.2637683672E-01
           HessRho_EigVec3 =  2.8739392697E-01  8.8773256833E-01  3.5963261513E-01
           DelSqRho = -1.8885300170E+01
           Bond Ellipticity = NA
           V = -4.7308838356E+00
           G =  4.7793964870E-03
           K =  4.7261044391E+00
           L =  4.7213250426E+00
           Vnuc =  4.1170448416E+01
           Ven = -1.7544131610E+01
           Vrep =  1.2813247774E+01
           DelSqV =  7.1151459434E+02
           DelSqVen =  7.7751627651E+02
           DelSqVrep = -6.6001682170E+01
           DelSqG =  7.0090425715E+01
           DelSqK = -7.8160502005E+02
           Stress_EigVals = -1.6271517306E+00 -1.6267533142E+00 -1.4769787908E+00
           Stress_EigVec1 =  9.4996654834E-01 -3.1200216166E-01  1.4771870687E-02
           Stress_EigVec2 = -1.2530201965E-01 -3.3733891257E-01  9.3300689276E-01
           Stress_EigVec3 =  2.8611704059E-01  8.8817628272E-01  3.5955518338E-01
           -DivStress = -2.2518142661E+00 -6.9628055677E+00 -2.8178451480E+00
           ESP =  -1.1202274577E+00     ESP at Nucleus =  -1.1226550071E+00
           ESPe = -1.3408744253E+01     ESPe at Nucleus = -1.3324667272E+01
           ESPn =  1.2288516796E+01     ESPn at Nucleus =  1.2202012265E+01

CP# 8      Coords = -5.29613809245460E-04 -3.05620848511098E+00 -4.78557536706242E-02
           Type = (3,-3) NACP H8
           Rho =  4.2268611352E-01     Rho at Nucleus =  4.1885730469E-01
           GradRho = -3.6537613213E-17 -1.0117774674E-15 -1.9515639105E-17
           HessRho_EigVals = -6.4266903006E+00 -6.4198659687E+00 -5.8166616698E+00
           HessRho_EigVec1 = -1.4813903939E-01  9.5900847006E-01  2.4157313461E-01
           HessRho_EigVec2 = -2.0361035838E-01 -2.6861052308E-01  9.4148351491E-01
           HessRho_EigVec3 =  9.6777975127E-01  9.0283670986E-02  2.3505576314E-01
           DelSqRho = -1.8663217939E+01
           Bond Ellipticity = NA
           V = -4.6754132717E+00
           G =  4.8043934778E-03
           K =  4.6706088783E+00
           L =  4.6658044848E+00
           Vnuc =  4.1980233855E+01
           Ven = -1.7744461893E+01
           Vrep =  1.3069048621E+01
           DelSqV =  7.0197653135E+02
           DelSqVen =  7.8348625357E+02
           DelSqVrep = -8.1509722222E+01
           DelSqG =  6.9025382188E+01
           DelSqK = -7.7100191354E+02
           Stress_EigVals = -1.6099528783E+00 -1.6095025845E+00 -1.4559578090E+00
           Stress_EigVec1 = -1.6761175684E-01  9.2488971925E-01  3.4129943774E-01
           Stress_EigVec2 = -1.8576380133E-01 -3.6962549806E-01  9.1042232030E-01
           Stress_EigVec3 =  9.6819321888E-01  8.9196403624E-02  2.3376460916E-01
           -DivStress =  7.7524577928E+00  7.2168610854E-01  1.8795989763E+00
           ESP =  -1.1227835705E+00     ESP at Nucleus =  -1.1253312338E+00
           ESPe = -1.5158938463E+01     ESPe at Nucleus = -1.5103952242E+01
           ESPn =  1.4036154893E+01     ESPn at Nucleus =  1.3978621008E+01

CP# 9      Coords = -2.83169760728543E+00  1.14759048093136E+00  8.30240223145069E-01
           Type = (3,-3) NACP C9
           Rho =  1.1766718596E+02     Rho at Nucleus =  1.1766718565E+02
           GradRho = -1.2397168847E-09  2.8116053929E-10 -1.4526722811E-09
           HessRho_EigVals = -1.4498511402E+05 -1.4498416961E+05 -1.4498376000E+05
           HessRho_EigVec1 =  7.7337339899E-01  1.0857070150E-01 -6.2458465280E-01
           HessRho_EigVec2 = -1.6875073458E-01  9.8493595921E-01 -3.7740506528E-02
           HessRho_EigVec3 =  6.1107837085E-01  1.3458662278E-01  7.8004465619E-01
           DelSqRho = -4.3495304362E+05
           Bond Ellipticity = NA
           V = -1.0874841375E+05
           G =  5.0764202166E+00
           K =  1.0874333733E+05
           L =  1.0873826091E+05
           Vnuc =  2.9220510959E+06
           Ven = -3.4382952967E+08
           Vrep =  3.4372078126E+08
           DelSqV =  2.4949086903E+09
           DelSqVen =  1.2709550162E+12
           DelSqVrep = -1.2684601075E+12
           DelSqG =  1.3400569517E+08
           DelSqK = -2.6289143855E+09
           Stress_EigVals = -3.6249759176E+04 -3.6249550267E+04 -3.6249104304E+04
           Stress_EigVec1 =  6.1850343321E-01  1.3191588871E-01  7.7463004164E-01
           Stress_EigVec2 = -1.4408459226E-01  9.8813268008E-01 -5.3230036856E-02
           Stress_EigVec3 =  7.7245914674E-01  7.8689293158E-02 -6.3017050213E-01
           -DivStress =  1.0857627302E+03 -2.5402697974E+02  1.2386298435E+03
           ESP =  -1.4729469373E+01     ESP at Nucleus =  -1.4729469401E+01
           ESPe = -2.9078081419E+01     ESPe at Nucleus = -2.9078081726E+01
           ESPn =  1.4348612046E+01     ESPn at Nucleus =  1.4348612325E+01

CP# 10     Coords = -1.23549502069210E+00  1.30985122383987E+00  2.79652349249255E+00
           Type = (3,-3) NACP C10
           Rho =  1.1769452260E+02     Rho at Nucleus =  1.1769452251E+02
           GradRho =  2.2109500342E-10  1.0383829907E-10  1.4381737468E-10
           HessRho_EigVals = -1.4503216800E+05 -1.4503141802E+05 -1.4503127303E+05
           HessRho_EigVec1 =  7.9363122765E-01 -1.6785109958E-02 -6.0816752181E-01
           HessRho_EigVec2 =  2.3922176103E-01  9.2771279244E-01  2.8656923036E-01
           HessRho_EigVec3 = -5.5939469389E-01  3.7291719566E-01 -7.4027720594E-01
           DelSqRho = -4.3509485904E+05
           Bond Ellipticity = NA
           V = -1.0878398870E+05
           G =  5.1369672897E+00
           K =  1.0877885173E+05
           L =  1.0877371476E+05
           Vnuc =  5.5052131455E+06
           Ven = -6.4793343297E+08
           Vrep =  6.4782464898E+08
           DelSqV =  2.4957357475E+09
           DelSqVen =  2.3952901079E+12
           DelSqVrep = -2.3927943722E+12
           DelSqG =  1.3406341900E+08
           DelSqK = -2.6297991665E+09
           Stress_EigVals = -3.6261551336E+04 -3.6261459329E+04 -3.6260978031E+04
           Stress_EigVec1 =  6.1251866125E-01 -1.1382851600E-01  7.8221733461E-01
           Stress_EigVec2 =  6.8583962371E-02  9.9349837577E-01  9.0869232636E-02
           Stress_EigVec3 =  7.8747516134E-01  2.0115364793E-03 -6.1634310574E-01
           -DivStress = -7.0682966808E+02 -3.4420016312E+02 -4.1108211347E+02
           ESP =  -1.4754576819E+01     ESP at Nucleus =  -1.4754576831E+01
           ESPe = -2.7282232106E+01     ESPe at Nucleus = -2.7282233417E+01
           ESPn =  1.2527655288E+01     ESPn at Nucleus =  1.2527656586E+01

CP# 11     Coords = -4.97566231394976E-01 -3.32099685156662E-01  3.70469846063641E+00
           Type = (3,-3) NACP H11
           Rho =  4.2379211054E-01     Rho at Nucleus =  4.2002328916E-01
           GradRho = -4.2110412379E-15  9.7968508306E-15 -6.4280178402E-15
           HessRho_EigVals = -6.4460362638E+00 -6.4391400898E+00 -5.8403417691E+00
           HessRho_EigVec1 =  5.2949567147E-01  5.7852358427E-01  6.2043919632E-01
           HessRho_EigVec2 = -7.6594270754E-01  1.1655646484E-02  6.4280316946E-01
           HessRho_EigVec3 = -3.6464517364E-01  8.1558237374E-01 -4.4928753487E-01
           DelSqRho = -1.8725518123E+01
           Bond Ellipticity = NA
           V = -4.6909462251E+00
           G =  4.7833472310E-03
           K =  4.6861628779E+00
           L =  4.6813795307E+00
           Vnuc =  4.1704863863E+01
           Ven = -1.7674192277E+01
           Vrep =  1.2983246051E+01
           DelSqV =  7.0464000373E+02
           DelSqVen =  7.8094518408E+02
           DelSqVrep = -7.6305180349E+01
           DelSqG =  6.9302096266E+01
           DelSqK = -7.7394209999E+02
           Stress_EigVals = -1.6147866352E+00 -1.6143921850E+00 -1.4617674049E+00
           Stress_EigVec1 =  4.4217193209E-01  5.7747036904E-01  6.8630310749E-01
           Stress_EigVec2 = -8.1950878731E-01 -5.0877967616E-02  5.7080362643E-01
           Stress_EigVec3 = -3.6453988808E-01  8.1482476968E-01 -4.5074523260E-01
           -DivStress =  2.8926807596E+00 -6.4997036130E+00  3.5675168522E+00
           ESP =  -1.1160790997E+00     ESP at Nucleus =  -1.1185935418E+00
           ESPe = -1.4605685471E+01     ESPe at Nucleus = -1.4532482462E+01
           ESPn =  1.3489606371E+01     ESPn at Nucleus =  1.3413888921E+01

CP# 12     Coords = -6.79736650726668E-01  3.09939960305865E+00  3.55398015439583E+00
           Type = (3,-3) NACP H12
           Rho =  4.2607207139E-01     Rho at Nucleus =  4.2247978744E-01
           GradRho = -4.9676929237E-13 -1.5987222397E-12 -6.7970021972E-13
           HessRho_EigVals = -6.4943940311E+00 -6.4878987221E+00 -5.9040670823E+00
           HessRho_EigVec1 =  5.6841504093E-01 -4.6554386513E-01  6.7836070853E-01
           HessRho_EigVec2 = -7.7538149030E-01 -2.7413570065E-02  6.3089780525E-01
           HessRho_EigVec3 =  2.7511431395E-01  8.8460013894E-01  3.7655638150E-01
           DelSqRho = -1.8886359836E+01
           Bond Ellipticity = NA
           V = -4.7312823339E+00
           G =  4.8461874875E-03
           K =  4.7264361464E+00
           L =  4.7215899589E+00
           Vnuc =  4.1825662901E+01
           Ven = -1.7820746830E+01
           Vrep =  1.3089464496E+01
           DelSqV =  7.1172342337E+02
           DelSqVen =  7.8993451991E+02
           DelSqVrep = -7.8211096546E+01
           DelSqG =  7.0110612345E+01
           DelSqK = -7.8183403571E+02
           Stress_EigVals = -1.6269306548E+00 -1.6265624237E+00 -1.4777892554E+00
           Stress_EigVec1 =  4.9022840205E-01 -4.6723150891E-01  7.3577906392E-01
           Stress_EigVec2 = -8.2682280034E-01  1.7783892099E-02  5.6218127860E-01
           Stress_EigVec3 =  2.7575382257E-01  8.8395613594E-01  3.7759949560E-01
           -DivStress =  2.1471780094E+00  6.8993058431E+00  2.9392929550E+00
           ESP =  -1.1119970873E+00     ESP at Nucleus =  -1.1144032387E+00
           ESPe = -1.3902681995E+01     ESPe at Nucleus = -1.3822476026E+01
           ESPn =  1.2790684907E+01     ESPn at Nucleus =  1.2708072787E+01

CP# 13     Coords = -3.96751337887754E+00  3.49887937224985E+00 -3.39025266419303E-01
           Type = (3,-3) NACP C13
           Rho =  1.1752955715E+02     Rho at Nucleus =  1.1752955713E+02
           GradRho = -2.4464166803E-11 -4.3976919328E-11  1.4741541321E-12
           HessRho_EigVals = -1.4482544540E+05 -1.4482521158E+05 -1.4482509977E+05
           HessRho_EigVec1 = -2.7819927830E-01  8.9471395205E-01 -3.4941680779E-01
           HessRho_EigVec2 = -7.3307725503E-01  3.7280506840E-02  6.7912289165E-01
           HessRho_EigVec3 =  6.2064716201E-01  4.4508101265E-01  6.4552303791E-01
           DelSqRho = -4.3447575676E+05
           Bond Ellipticity = NA
           V = -1.0862944272E+05
           G =  5.2517635775E+00
           K =  1.0862419095E+05
           L =  1.0861893919E+05
           Vnuc =  1.1514489096E+07
           Ven = -1.3532928043E+09
           Vrep =  1.3531841748E+09
           DelSqV =  2.4922005251E+09
           DelSqVen =  5.0027671060E+12
           DelSqVrep = -5.0002743812E+12
           DelSqG =  1.3386959107E+08
           DelSqK = -2.6260701162E+09
           Stress_EigVals = -3.6209863119E+04 -3.6209829097E+04 -3.6209750500E+04
           Stress_EigVec1 =  6.0958245053E-01  4.7315330090E-01  6.3603080888E-01
           Stress_EigVec2 = -7.3141627414E-01  2.6317817387E-02  6.8142322121E-01
           Stress_EigVec3 = -3.0567870375E-01  8.8058692151E-01 -3.6211490406E-01
           -DivStress = -7.3846181225E+01  4.0862537782E+02 -5.9875933874E+01
           ESP =  -1.4738496338E+01     ESP at Nucleus =  -1.4738496338E+01
           ESPe = -2.6488468356E+01     ESPe at Nucleus = -2.6488467649E+01
           ESPn =  1.1749972019E+01     ESPn at Nucleus =  1.1749971311E+01

CP# 14     Coords = -3.62331735553890E+00  3.57289867729338E+00 -2.34975198716438E+00
           Type = (3,-3) NACP H14
           Rho =  4.2244872854E-01     Rho at Nucleus =  4.1906571436E-01
           GradRho = -2.9891331424E-10 -7.2717290522E-11  1.7545443128E-09
           HessRho_EigVals = -6.4205922971E+00 -6.4190121379E+00 -5.8594719694E+00
           HessRho_EigVec1 = -4.2376806151E-01  9.0514551951E-01 -3.3648455486E-02
           HessRho_EigVec2 =  8.9018873326E-01  4.2305150344E-01  1.6909004884E-01
           HessRho_EigVec3 = -1.6728612978E-01 -4.1701486253E-02  9.8502605896E-01
           DelSqRho = -1.8699076404E+01
           Bond Ellipticity = NA
           V = -4.6846554836E+00
           G =  4.9431912605E-03
           K =  4.6797122924E+00
           L =  4.6747691011E+00
           Vnuc =  4.2465692087E+01
           Ven = -1.7939577629E+01
           Vrep =  1.3254922145E+01
           DelSqV =  7.0512688403E+02
           DelSqVen =  7.9406922406E+02
           DelSqVrep = -8.8942340036E+01
           DelSqG =  6.9320166002E+01
           DelSqK = -7.7444705003E+02
           Stress_EigVals = -1.6089489640E+00 -1.6087704826E+00 -1.4669360370E+00
           Stress_EigVec1 = -6.6973763728E-01  7.3791978601E-01 -8.3221911927E-02
           Stress_EigVec2 =  7.2347108306E-01  6.7364848832E-01  1.5095464937E-01
           Stress_EigVec3 = -1.6745473772E-01 -4.0891363446E-02  9.8503137372E-01
           -DivStress =  1.2638705882E+00  3.0374427855E-01 -7.4105387256E+00
           ESP =  -1.1128202655E+00     ESP at Nucleus =  -1.1150311215E+00
           ESPe = -1.3791841652E+01     ESPe at Nucleus = -1.3720296538E+01
           ESPn =  1.2679021387E+01     ESPn at Nucleus =  1.2605265416E+01

CP# 15     Coords = -5.99164817115243E+00  3.55304922112341E+00 -9.04661529427939E-02
           Type = (3,-3) NACP H15
           Rho =  4.2237622149E-01     Rho at Nucleus =  4.1897582819E-01
           GradRho =  2.5269793146E-09 -8.2916605873E-11 -3.0826628056E-10
           HessRho_EigVals = -6.4234201776E+00 -6.4224711582E+00 -5.8612158218E+00
           HessRho_EigVec1 = -4.0161971369E-02  8.2929499845E-01 -5.5736596738E-01
           HessRho_EigVec2 =  1.1857954179E-01  5.5782980797E-01  8.2144068417E-01
           HessRho_EigVec3 =  9.9213200146E-01 -3.3101523781E-02 -1.2074096570E-01
           DelSqRho = -1.8707107158E+01
           Bond Ellipticity = NA
           V = -4.6867801338E+00
           G =  5.0016722123E-03
           K =  4.6817784616E+00
           L =  4.6767767894E+00
           Vnuc =  4.2056705757E+01
           Ven = -1.7763752466E+01
           Vrep =  1.3076972332E+01
           DelSqV =  7.0541589834E+02
           DelSqVen =  7.8675930578E+02
           DelSqVrep = -8.1343407434E+01
           DelSqG =  6.9394545612E+01
           DelSqK = -7.7481044395E+02
           Stress_EigVals = -1.6097550227E+00 -1.6096358457E+00 -1.4673892654E+00
           Stress_EigVec1 =  1.0403488574E-01 -3.2385496585E-01  9.4036945061E-01
           Stress_EigVec2 =  6.9810727156E-02  9.4554582957E-01  3.1791436985E-01
           Stress_EigVec3 =  9.9212055967E-01 -3.2573689999E-02 -1.2097830300E-01
           -DivStress = -7.4854515798E+00  2.4231484070E-01  9.1433171591E-01
