AIMSum (Version 19.02.13, Professional)
Copyright (c) 1997-2019 by Todd A. Keith
AIMSum is a component of the AIMAll package ( http://aim.tkgristmill.com )

TP:  64-bit Linux

Much of the Quantum Theory of Atoms in Molecules (QTAIM) is described in the book:
  "Atoms in Molecules - A Quantum Theory"
  R.F.W. Bader, Oxford University Press, Oxford, 1990

For additional references see:  http://aim.tkgristmill.com/references.html

Wfn File:  /home/mhennefarth/Documents/ML_Diels/summary-James2013/11-opt/11-opt.wfn
Sum File:  /home/mhennefarth/Documents/ML_Diels/summary-James2013/11-opt/11-opt.sum

SumViz File:  /home/mhennefarth/Documents/ML_Diels/summary-James2013/11-opt/11-opt.sumviz

Wfn Title:   Title Card Required                                                           
 
Total memory allocated for AIMSum =        0.900 Megabytes

Atomic units (a.u.) used throughout, except where stated otherwise

Model:  Restricted SCF
 
Restricted, closed-shell, single-determinant wavefunction.
  Number of electrons (from MO Occs)                   =          64.0000000000
  Number of Alpha electrons (from MO Occs)             =          32.0000000000
  Number of Beta electrons (from MO Occs)              =          32.0000000000
  Number of electron pairs (N*(N-1)/2)                 =        2016.0000000000
  Number of electron pairs (from Muller 2EDM)          =        2016.0000000000
 
Nuclear Charges and Cartesian Coordinates:
-------------------------------------------------------------------------------
Atom      Charge                X                  Y                  Z
-------------------------------------------------------------------------------
C1         6.0          -3.7160600600E+00   1.2131644500E+00   1.8932227400E+00
H2         1.0          -3.9731488600E+00   2.5463328800E+00   3.4278701000E+00
C3         6.0          -2.0263060500E+00  -6.9690582000E-01   1.7838838200E+00
C4         6.0          -2.3412794200E+00  -2.0702793700E+00  -6.1159704000E-01
C5         6.0          -4.2296911200E+00  -1.0013125400E+00  -1.9494860800E+00
H6         1.0          -4.9146874300E+00  -1.5792609200E+00  -3.7916934000E+00
C7         6.0           5.4288975100E+00   1.4250004100E+00  -5.7243385000E-01
H8         1.0           7.3552634200E+00   1.8266026700E+00  -1.1648049600E+00
C9         6.0           3.6797853900E+00   3.2487370800E+00  -4.4096549000E-01
H10        1.0           4.1598008300E+00   5.1828804100E+00  -9.2854806000E-01
H11        1.0           1.7523360200E+00   2.8609600000E+00   1.4866935000E-01
H12        1.0          -6.4570961000E-01  -1.1942874600E+00   3.2160429000E+00
H13        1.0          -1.1962315200E+00  -3.6766255100E+00  -1.1669825500E+00
C14        6.0          -5.2950263300E+00   1.1922784200E+00  -4.7803338000E-01
H15        1.0          -7.3159449600E+00   9.3487381000E-01  -5.3600820000E-02
H16        1.0          -5.1641421700E+00   2.9824662600E+00  -1.5306556300E+00
C17        6.0           4.9003500100E+00  -1.1544853400E+00   4.7220720000E-02
N18        7.0           4.5054921000E+00  -3.2601608400E+00   5.4469064000E-01
 
Some Atomic Properties:
----------------------
  q(A) = Net Charge of Atom A
  L(A) = Lagrangian of Atom A = -(1/4) Times Atomic Integral of the Laplacian of the Electron Density
  K(A) = Electronic Kinetic Energy of Atom A (Hamiltonian Form)
  K_Scaled(A) = K(A) * E(Mol)/K(Mol) = Approximation to Virial-Based Total Energy of Atom A.
  |Mu_Intra(A)| = Magnitude of Intraatomic Dipole Moment of Atom A
--------------------------------------------------------------------------------------------------
Atom A          q(A)              L(A)              K(A)          K_Scaled(A)      |Mu_Intra(A)|
--------------------------------------------------------------------------------------------------
C1       -8.5090724900E-02  4.9223728374E-05  3.7733185003E+01 -3.8108444546E+01  1.7358661889E-01
H2        4.6253965800E-02  2.2621401351E-05  5.9173496073E-01 -5.9761981225E-01  1.5081375751E-01
C3       -6.1595709700E-02 -1.0767443805E-04  3.7732024563E+01 -3.8107272566E+01  1.6230317535E-01
C4       -5.1469562000E-02 -1.1784774478E-04  3.7727358084E+01 -3.8102559678E+01  1.6926815191E-01
C5       -7.5829852600E-02 -9.8701204912E-05  3.7732448513E+01 -3.8107700732E+01  1.6967107890E-01
H6        4.7625851500E-02  2.2298381450E-05  5.9138498551E-01 -5.9726635650E-01  1.5034409084E-01
C7        4.8912492900E-02  5.6489134522E-05  3.7646162906E+01 -3.8020557008E+01  2.8268566537E-01
H8        8.5027384220E-02  2.7843756867E-05  5.7999954568E-01 -5.8576768756E-01  1.4079092519E-01
C9       -3.3971832000E-02 -1.1134991935E-04  3.7691196984E+01 -3.8066038954E+01  1.8093802064E-01
H10       6.7087760990E-02  1.7466454964E-05  5.8569545303E-01 -5.9152024117E-01  1.4250586441E-01
H11       9.8039328470E-02  8.6800761929E-06  5.7166869461E-01 -5.7735398551E-01  1.3620393804E-01
H12       5.5786776770E-02 -1.2530217130E-04  5.8889608137E-01 -5.9475270001E-01  1.4532388229E-01
H13       6.3491477330E-02  1.5385942713E-05  5.8609296543E-01 -5.9192170686E-01  1.4347746627E-01
C14      -1.2481818100E-02 -1.6209245026E-04  3.7703254150E+01 -3.8078216029E+01  1.4147860516E-01
H15       4.3920646200E-02  1.6296854218E-05  5.8963918238E-01 -5.9550319122E-01  1.5175004675E-01
H16       3.8148253910E-02  2.1898191298E-05  5.9199268529E-01 -5.9788009990E-01  1.5300905932E-01
C17       9.7110649490E-01  3.1427896064E-05  3.7139663020E+01 -3.7509019939E+01  1.0317878225E+00
N18      -1.2453744743E+00 -2.3418564313E-05  5.4959502017E+01 -5.5506078661E+01  6.8372284621E-01
--------------------------------------------------------------------------------------------------
Total    -4.1354061000E-04 -4.5675467495E-04  3.6134189979E+02 -3.6493547389E+02
 
1st Largest |L(A)| = 1.6209245026E-04, atom C14     
2nd Largest |L(A)| = 1.2530217130E-04, atom H12     
 
Molecular charge q(Mol) from the wfn file:   0.0000000000E+00
Molecular energy E(Mol) from the wfn file:  -3.6493559848E+02
Molecular virial ratio (-V(Mol)/T(Mol)) from the wfn file:   2.0099450800E+00
Note.  K_Scaled(A) = (1+V(Mol)/T(Mol))*K(A) = (E(Mol)/T(Mol))*K(A)
       Only use K_Scaled(A) data with caution.
 
N_AIMInt(SumA)     =         64.000414
N_Analytic(Mol)    =         63.999990
 
G_AIMInt(SumA)     =        361.342357
G_Analytic(Mol)    =        361.342000
 
K_AIMInt(SumA)     =        361.341900
K_Analytic(Mol)    =        361.342000
 
L_AIMInt(SumA)     =         -0.000457
L_Analytic(Mol)    =          0.000000
 
VenT_AIMInt(SumA)  =      -1569.577501
VenT_Analytic(Mol) =      -1569.572594
 
Some Information About the Atomic Calculations:
----------------------------------------------
  Time(sec) = "Elapsed User Time", in Seconds, for Atom A by AIMInt and, if used, by TWOe
  NProc = Number of Processors Used for AIMInt Job
  BIM = Basin Integration Method
  OAQ = Angular Quadrature Outside of Beta Sphere
  ORQ = Multiple of Default for Radial Quadrature Outside of Beta Sphere
  IAQ = Multiple of Default for Angular Quadrature Inside of Beta Sphere
  IRQ = Multiple of Default for Radial Quadrature Inside of Beta Sphere
  MIR = Maximum Integration Radius
------------------------------------------------------------------------------------------------------
Atom A     Time(sec)   NProc      BIM          OAQ                     ORQ      IAQ      IRQ      MIR
------------------------------------------------------------------------------------------------------
C1             60        8     Proaim(5)    4500(GS4)                  1.00     1.00     1.00    13.00
H2             13        8     Proaim(5)    1800(GS4)                  1.00     1.00     1.00    13.00
C3             91        8     Proaim(5)    4500(GS4)                  1.00     1.00     1.00    13.00
C4             63        8     Proaim(5)    4500(GS4)                  1.00     1.00     1.00    13.00
C5             47        8     Proaim(5)    4500(GS4)                  1.00     1.00     1.00    13.00
H6             13        8     Proaim(5)    1800(GS4)                  1.00     1.00     1.00    13.00
C7             43        8     Proaim(5)    4500(GS4)                  1.00     1.00     1.00    13.00
H8             11        8     Proaim(5)    1800(GS4)                  1.00     1.00     1.00    13.00
C9             48        8     Proaim(5)    4500(GS4)                  1.00     1.00     1.00    13.00
H10            13        8     Proaim(5)    1800(GS4)                  1.00     1.00     1.00    13.00
H11            36        8     Proaim(5)    4500(GS4)                  1.00     1.00     1.00    13.00
H12            43        8     Proaim(5)    4500(GS4)                  1.00     1.00     1.00    13.00
H13            33        8     Proaim(5)    4500(GS4)                  1.00     1.00     1.00    13.00
C14            56        8     Proaim(5)    4500(GS4)                  1.00     1.00     1.00    13.00
H15            12        8     Proaim(5)    1800(GS4)                  1.00     1.00     1.00    13.00
H16            13        8     Proaim(5)    1800(GS4)                  1.00     1.00     1.00    13.00
C17            30        8     Proaim(5)    4500(GS4)                  1.00     1.00     1.00    13.00
N18            53        8     Proaim(5)    4500(GS4)                  1.00     1.00     1.00    13.00
------------------------------------------------------------------------------------------------------
Total         678
Note:  Total wall clock time is less than total of atomic times if more than one atom
       was calculated at a time
 
Electron Density Critical Point Analysis of Molecular Structure:               
---------------------------------------------------------------                
  NACP = Nuclear Attractor Critical Point                                      
  NNACP = Non-Nuclear Attractor Critical Point                                 
  BCP = Bond Critical Point                                                    
  RCP = Ring Critical Point                                                    
  CCP = Cage Critical Point                                                    
  Rho = Electron Density                                                       
  GradRho = Gradient of Electron Density                                       
  HessRho_EigVals = Eigenvalues of the Hessian of Rho, Ascending Order         
  HessRho_EigVecs = Eigenvectors of the Hessian of Rho                         
  DelSqRho = Laplacian of Rho = Trace of Hessian of Rho                        
  Bond Ellipticity = (HessRho_EigVal(1) / HessRho_EigVal(2)) - 1               
  V = Virial Field = Potential Energy Density = Trace of Stress Tensor         
  G = Lagrangian Form of Kinetic Energy Density                                
  K = Hamiltonian Form of Kinetic Energy Density                               
  L = K - G = Lagrangian Density = (-1/4)DelSqRho                              
  Vnuc = Electrostatic Potential from Nuclei                                   
  Ven = Electron-nuclear attractive contribution to Virial Field V             
  Vrep = V - Ven = Repulsive contribution to Virial Field V                    
  DelSqV = Laplacian of V                                                      
  DelSqVen = Laplacian of Ven                                                  
  DelSqVrep = Laplacian of Vrep                                                
  DelSqG = Laplacian of G                                                      
  DelSqK = Laplacian of K                                                      
  Stress_EigVals = Eigenvalues of Stress Tensor, Ascending Order               
  Stress_EigVecs = Eigenvectors of Stress Tensor                               
  -DivStress = Ehrenfest Force Density = Minus Divergence of Stress Tensor     
  ESP = Total Electrostatic Potential                                          
  ESPe = Electrostatic Potential from Electrons                                
  ESPn = Electrostatic Potential from Nuclei                                   
  BP = Bond Path                                                               
  BPL = Bond Path Length                                                       
  GBL = Geometric Bond Length                                                  
  GBL_I = Distance Between Nuclear Attractors                                  
  GBL_II = Distance Between Nuclei                                             
  GBL_III = Sum of Distances Between BCP and Nuclear Attractors                
  GBL_IV = Sum of Distances Between BCP and Nuclei                             

CP# 1      Coords = -3.71606120225523E+00  1.21316538152566E+00  1.89322214359286E+00
           Type = (3,-3) NACP C1
           Rho =  1.1767437906E+02     Rho at Nucleus =  1.1767437888E+02
           GradRho = -6.1380944771E-10  5.4310622666E-10 -3.2198160804E-10
           HessRho_EigVals = -1.4500019322E+05 -1.4499962139E+05 -1.4499922876E+05
           HessRho_EigVec1 =  6.8723420178E-01  5.9844887426E-01 -4.1178646991E-01
           HessRho_EigVec2 =  4.2759917784E-01  1.2499857387E-01  8.9528447973E-01
           HessRho_EigVec3 = -5.8725471051E-01  7.9134967077E-01  1.6999295148E-01
           DelSqRho = -4.3499904337E+05
           Bond Ellipticity = NA
           V = -1.0875999542E+05
           G =  5.1172869323E+00
           K =  1.0875487813E+05
           L =  1.0874976084E+05
           Vnuc =  3.7735306824E+06
           Ven = -4.4404787991E+08
           Vrep =  4.4393911991E+08
           DelSqV =  2.4951799562E+09
           DelSqVen =  1.6414821745E+12
           DelSqVrep = -1.6389869945E+12
           DelSqG =  1.3402652709E+08
           DelSqK = -2.6292064833E+09
           Stress_EigVals = -3.6253598654E+04 -3.6253387333E+04 -3.6253009430E+04
           Stress_EigVec1 = -4.8772013359E-01  7.9349617813E-01  3.6399572330E-01
           Stress_EigVec2 =  5.5829888850E-01 -3.7039442874E-02  8.2881266325E-01
           Stress_EigVec3 =  6.7114187948E-01  6.0744703059E-01 -4.2494315225E-01
           -DivStress =  9.2983396913E+02 -7.5285653205E+02  4.8882339019E+02
           ESP =  -1.4746899734E+01     ESP at Nucleus =  -1.4746899753E+01
           ESPe = -2.6599115066E+01     ESPe at Nucleus = -2.6599115972E+01
           ESPn =  1.1852215332E+01     ESPn at Nucleus =  1.1852216219E+01

CP# 2      Coords = -3.96886193948027E+00  2.52362688168937E+00  3.40153708736326E+00
           Type = (3,-3) NACP H2
           Rho =  4.2490307976E-01     Rho at Nucleus =  4.2120161570E-01
           GradRho = -1.1180292803E-15 -1.9454923783E-15 -1.6618650900E-15
           HessRho_EigVals = -6.4756865089E+00 -6.4693258763E+00 -5.8740205723E+00
           HessRho_EigVec1 =  7.5102047082E-01 -4.3487114863E-01  4.9684538490E-01
           HessRho_EigVec2 =  6.4888744041E-01  6.2527404864E-01 -4.3356366750E-01
           HessRho_EigVec3 = -1.2212019527E-01  6.4801191979E-01  7.5177603694E-01
           DelSqRho = -1.8819032957E+01
           Bond Ellipticity = NA
           V = -4.7142053431E+00
           G =  4.7235518543E-03
           K =  4.7094817912E+00
           L =  4.7047582394E+00
           Vnuc =  3.9970662916E+01
           Ven = -1.6983657773E+01
           Vrep =  1.2269452430E+01
           DelSqV =  7.0869637641E+02
           DelSqVen =  7.5220922274E+02
           DelSqVrep = -4.3512846333E+01
           DelSqG =  6.9802986293E+01
           DelSqK = -7.7849936270E+02
           Stress_EigVals = -1.6222221827E+00 -1.6218588835E+00 -1.4701242768E+00
           Stress_EigVec1 =  7.4111606410E-01 -4.4306281187E-01  5.0442276343E-01
           Stress_EigVec2 =  6.5997305426E-01  6.1866879759E-01 -4.2624463228E-01
           Stress_EigVec3 = -1.2321747920E-01  6.4880217603E-01  7.5091490143E-01
           -DivStress = -9.6816171682E-01  5.1258442075E+00  5.9432480726E+00
           ESP =  -1.1035891392E+00     ESP at Nucleus =  -1.1061147284E+00
           ESPe = -1.2530394036E+01     ESPe at Nucleus = -1.2442883586E+01
           ESPn =  1.1426804897E+01     ESPn at Nucleus =  1.1336768857E+01

CP# 3      Coords = -2.02630533196785E+00 -6.96906586823812E-01  1.78388330683496E+00
           Type = (3,-3) NACP C3
           Rho =  1.1769519376E+02     Rho at Nucleus =  1.1769519366E+02
           GradRho =  2.5221735811E-10 -2.3984125797E-10 -1.5240615714E-10
           HessRho_EigVals = -1.4502646858E+05 -1.4502553606E+05 -1.4502524119E+05
           HessRho_EigVec1 =  6.5064853341E-01  6.2632441272E-01 -4.2938818802E-01
           HessRho_EigVec2 =  1.4724277369E-01  4.5066024193E-01  8.8046857522E-01
           HessRho_EigVec3 = -7.4496714798E-01  6.3609989497E-01 -2.0099968172E-01
           DelSqRho = -4.3507724583E+05
           Bond Ellipticity = NA
           V = -1.0877956069E+05
           G =  5.1246149007E+00
           K =  1.0877443607E+05
           L =  1.0876931146E+05
           Vnuc =  5.1319167234E+06
           Ven = -6.0400193311E+08
           Vrep =  6.0389315355E+08
           DelSqV =  2.4956273746E+09
           DelSqVen =  2.2327803249E+12
           DelSqVrep = -2.2302846647E+12
           DelSqG =  1.3405089383E+08
           DelSqK = -2.6296782684E+09
           Stress_EigVals = -3.6260128216E+04 -3.6259955904E+04 -3.6259476568E+04
           Stress_EigVec1 = -7.5226043103E-01  5.6654791375E-01 -3.3634462288E-01
           Stress_EigVec2 =  3.6423021291E-02  5.4546875907E-01  8.3733935558E-01
           Stress_EigVec3 =  6.5785834906E-01  6.1764657718E-01 -4.3096995054E-01
           -DivStress = -5.7820021305E+02  6.2216009344E+02  4.2138170639E+02
           ESP =  -1.4748468269E+01     ESP at Nucleus =  -1.4748468282E+01
           ESPe = -2.7244710468E+01     ESPe at Nucleus = -2.7244710659E+01
           ESPn =  1.2496242199E+01     ESPn at Nucleus =  1.2496242377E+01

CP# 4      Coords = -2.34127869409800E+00 -2.07027938208114E+00 -6.11595929227176E-01
           Type = (3,-3) NACP C4
           Rho =  1.1768173566E+02     Rho at Nucleus =  1.1768173553E+02
           GradRho =  3.1931512989E-10 -4.0675129931E-11  4.3146210216E-10
           HessRho_EigVals = -1.4500638229E+05 -1.4500550058E+05 -1.4500514420E+05
           HessRho_EigVec1 =  6.5421228597E-01  6.1882922773E-01 -4.3480647624E-01
           HessRho_EigVec2 =  1.1423877977E-01  4.8745407078E-01  8.6564313090E-01
           HessRho_EigVec3 =  7.4763345703E-01 -6.1598613279E-01  2.4820414609E-01
           DelSqRho = -4.3501702707E+05
           Bond Ellipticity = NA
           V = -1.0876450520E+05
           G =  5.1242137026E+00
           K =  1.0875938098E+05
           L =  1.0875425677E+05
           Vnuc =  4.5215317932E+06
           Ven = -5.3210170926E+08
           Vrep =  5.3199294475E+08
           DelSqV =  2.4952796067E+09
           DelSqVen =  1.9669432402E+12
           DelSqVrep = -1.9644478950E+12
           DelSqG =  1.3402900530E+08
           DelSqK = -2.6293086120E+09
           Stress_EigVals = -3.6255119148E+04 -3.6254925057E+04 -3.6254460991E+04
           Stress_EigVec1 = -7.2988150310E-01  6.6572135576E-01 -1.5520331157E-01
           Stress_EigVec2 = -1.9432030792E-01 -4.1974545415E-01 -8.8659651006E-01
           Stress_EigVec3 =  6.5537211518E-01  6.1695123811E-01 -4.3572762184E-01
           -DivStress = -5.8527349765E+02  5.0308881950E+00 -9.0459838971E+02
           ESP =  -1.4751356643E+01     ESP at Nucleus =  -1.4751356657E+01
           ESPe = -2.7085272997E+01     ESPe at Nucleus = -2.7085272914E+01
           ESPn =  1.2333916354E+01     ESPn at Nucleus =  1.2333916257E+01

CP# 5      Coords = -4.22969235131334E+00 -1.00131136740985E+00 -1.94948628169897E+00
           Type = (3,-3) NACP C5
           Rho =  1.1767053005E+02     Rho at Nucleus =  1.1767052984E+02
           GradRho = -8.2708900839E-10  7.7984885216E-10 -1.2869594279E-10
           HessRho_EigVals = -1.4499427844E+05 -1.4499373542E+05 -1.4499331504E+05
           HessRho_EigVec1 =  6.5918023043E-01  6.1217062781E-01 -4.3672479464E-01
           HessRho_EigVec2 = -2.6544186952E-01  7.3279848751E-01  6.2653570578E-01
           HessRho_EigVec3 =  7.0357802532E-01 -2.9707490495E-01  6.4554199177E-01
           DelSqRho = -4.3498132890E+05
           Bond Ellipticity = NA
           V = -1.0875557223E+05
           G =  5.1200016067E+00
           K =  1.0875045223E+05
           L =  1.0874533223E+05
           Vnuc =  3.5041832481E+06
           Ven = -4.1233910021E+08
           Vrep =  4.1223034464E+08
           DelSqV =  2.4950775831E+09
           DelSqVen =  1.5242541957E+12
           DelSqVrep = -1.5217591181E+12
           DelSqG =  1.3401994876E+08
           DelSqK = -2.6290975318E+09
           Stress_EigVals = -3.6252128230E+04 -3.6251907389E+04 -3.6251536609E+04
           Stress_EigVec1 =  6.3894594785E-01 -1.4794110534E-01  7.5489171745E-01
           Stress_EigVec2 =  3.9768133355E-01 -7.7649718079E-01 -4.8877570027E-01
           Stress_EigVec3 =  6.5848130776E-01  6.1250759798E-01 -4.3730631112E-01
           -DivStress =  9.9974617961E+02 -9.5506153708E+02  1.5876493360E+02
           ESP =  -1.4749761487E+01     ESP at Nucleus =  -1.4749761508E+01
           ESPe = -2.6425452170E+01     ESPe at Nucleus = -2.6425453004E+01
           ESPn =  1.1675690682E+01     ESPn at Nucleus =  1.1675691496E+01

CP# 6      Coords = -4.90309178859323E+00 -1.56920519282504E+00 -3.76014889699734E+00
           Type = (3,-3) NACP H6
           Rho =  4.2499914975E-01     Rho at Nucleus =  4.2128714636E-01
           GradRho =  6.8204508014E-11  5.9210228734E-11  1.8563132021E-10
           HessRho_EigVals = -6.4775582378E+00 -6.4712517470E+00 -5.8746927418E+00
           HessRho_EigVec1 = -6.7735223210E-01  7.3551199383E-01  1.4698999832E-02
           HessRho_EigVec2 =  6.5718459209E-01  6.1395630593E-01 -4.3722541822E-01
           HessRho_EigVec3 =  3.3060908274E-01  2.8649565675E-01  8.9923182388E-01
           DelSqRho = -1.8823502727E+01
           Bond Ellipticity = NA
           V = -4.7152619935E+00
           G =  4.6931559138E-03
           K =  4.7105688376E+00
           L =  4.7058756817E+00
           Vnuc =  3.9694747867E+01
           Ven = -1.6870234093E+01
           Vrep =  1.2154972100E+01
           DelSqV =  7.0882317483E+02
           DelSqVen =  7.4719419505E+02
           DelSqVrep = -3.8371020218E+01
           DelSqG =  6.9819586001E+01
           DelSqK = -7.7864276083E+02
           Stress_EigVals = -1.6226711292E+00 -1.6223117660E+00 -1.4702790983E+00
           Stress_EigVec1 = -6.7354030870E-01  7.3901918510E-01  1.3931856092E-02
           Stress_EigVec2 =  6.6055230689E-01  6.1026990081E-01 -4.3731144283E-01
           Stress_EigVec3 =  3.3168373855E-01  2.8534416452E-01  8.9920220493E-01
           -DivStress = -2.6186416844E+00 -2.2696088857E+00 -7.1219537695E+00
           ESP =  -1.1068749826E+00     ESP at Nucleus =  -1.1094077536E+00
           ESPe = -1.2295650499E+01     ESPe at Nucleus = -1.2207543511E+01
           ESPn =  1.1188775516E+01     ESPn at Nucleus =  1.1098135757E+01

CP# 7      Coords =  5.42889717022955E+00  1.42499631657857E+00 -5.72432997265058E-01
           Type = (3,-3) NACP C7
           Rho =  1.1759265828E+02     Rho at Nucleus =  1.1759265700E+02
           GradRho = -4.1197489864E-11 -1.5963896871E-12 -3.1137314949E-12
           HessRho_EigVals = -1.4488620997E+05 -1.4488615256E+05 -1.4488529319E+05
           HessRho_EigVec1 =  2.6411662931E-01  9.3202015633E-01 -2.4815485953E-01
           HessRho_EigVec2 =  2.5417214121E-01  1.8093676908E-01  9.5008336909E-01
           HessRho_EigVec3 =  9.3039718871E-01 -3.1400686901E-01 -1.8910514922E-01
           DelSqRho = -4.3465765572E+05
           Bond Ellipticity = NA
           V = -1.0867474135E+05
           G =  5.1637080936E+00
           K =  1.0866957764E+05
           L =  1.0866441393E+05
           Vnuc =  1.4302575598E+06
           Ven = -1.6818778848E+08
           Vrep =  1.6807911374E+08
           DelSqV =  2.4932173293E+09
           DelSqVen =  6.2167240499E+11
           DelSqVrep = -6.1917918766E+11
           DelSqG =  1.3390850287E+08
           DelSqK = -2.6271258322E+09
           Stress_EigVals = -3.6225211183E+04 -3.6224889577E+04 -3.6224640586E+04
           Stress_EigVec1 =  9.0833960569E-01 -3.8096092162E-01 -1.7259182175E-01
           Stress_EigVec2 =  3.3179018591E-01  9.0761743868E-01 -2.5718836977E-01
           Stress_EigVec3 =  2.5462606557E-01  1.7635010976E-01  9.5082396137E-01
           -DivStress =  2.7897736690E+02  3.3145426755E+03 -6.9125976007E+02
           ESP =  -1.4684331503E+01     ESP at Nucleus =  -1.4684331587E+01
           ESPe = -2.5530299317E+01     ESPe at Nucleus = -2.5530297365E+01
           ESPn =  1.0845967813E+01     ESPn at Nucleus =  1.0845965778E+01

CP# 8      Coords =  7.32173638694935E+00  1.81941215275598E+00 -1.15445563992650E+00
           Type = (3,-3) NACP H8
           Rho =  4.2185519834E-01     Rho at Nucleus =  4.1801782771E-01
           GradRho = -4.2680479966E-09 -9.1785647138E-10  1.3179653977E-09
           HessRho_EigVals = -6.4352757394E+00 -6.4271575467E+00 -5.8189416292E+00
           HessRho_EigVec1 = -2.4300584415E-01  9.6340542421E-01 -1.1312890128E-01
           HessRho_EigVec2 =  2.5566828010E-01  1.7611266103E-01  9.5058827111E-01
           HessRho_EigVec3 =  9.3572532843E-01  2.0207503364E-01 -2.8910861371E-01
           DelSqRho = -1.8681374915E+01
           Bond Ellipticity = NA
           V = -4.6791908264E+00
           G =  4.4235488237E-03
           K =  4.6747672776E+00
           L =  4.6703437288E+00
           Vnuc =  3.8616880718E+01
           Ven = -1.6290731874E+01
           Vrep =  1.1611541048E+01
           DelSqV =  7.0281184118E+02
           DelSqVen =  7.2141643383E+02
           DelSqVrep = -1.8604592651E+01
           DelSqG =  6.9287900800E+01
           DelSqK = -7.7209974198E+02
           Stress_EigVals = -1.6117777174E+00 -1.6109975236E+00 -1.4564155855E+00
           Stress_EigVec1 = -2.4229705622E-01  9.6347788393E-01 -1.1402852152E-01
           Stress_EigVec2 =  2.5550345567E-01  1.7674873941E-01  9.5051452764E-01
           Stress_EigVec3 =  9.3595412318E-01  2.0117219064E-01 -2.8899762806E-01
           -DivStress =  7.5115174663E+00  1.6097205216E+00 -2.3184442266E+00
           ESP =  -1.0627395261E+00     ESP at Nucleus =  -1.0653201980E+00
           ESPe = -1.1760095992E+01     ESPe at Nucleus = -1.1672739969E+01
           ESPn =  1.0697356466E+01     ESPn at Nucleus =  1.0607419771E+01

CP# 9      Coords =  3.67978586142596E+00  3.24873733652661E+00 -4.40965664038248E-01
           Type = (3,-3) NACP C9
           Rho =  1.1770576271E+02     Rho at Nucleus =  1.1770576269E+02
           GradRho =  4.7661763425E-11  3.3790303888E-11 -1.5713916279E-11
           HessRho_EigVals = -1.4503900245E+05 -1.4503740993E+05 -1.4503727769E+05
           HessRho_EigVec1 =  2.5461476451E-01  1.7496159456E-01  9.5108346748E-01
           HessRho_EigVec2 =  2.6239944518E-01 -9.5909874962E-01  1.0618907498E-01
           HessRho_EigVec3 =  9.3076197433E-01  2.2252646787E-01 -2.9011052761E-01
           DelSqRho = -4.3511369007E+05
           Bond Ellipticity = NA
           V = -1.0878863263E+05
           G =  5.1050564389E+00
           K =  1.0878352757E+05
           L =  1.0877842252E+05
           Vnuc =  1.0634269655E+07
           Ven = -1.2517148206E+09
           Vrep =  1.2516060320E+09
           DelSqV =  2.4958342100E+09
           DelSqVen =  4.6271147540E+12
           DelSqVrep = -4.6246183956E+12
           DelSqG =  1.3406157549E+08
           DelSqK = -2.6298957855E+09
           Stress_EigVals = -3.6263145323E+04 -3.6263103545E+04 -3.6262383761E+04
           Stress_EigVec1 =  9.0013755831E-01 -4.0218575021E-01 -1.6732901259E-01
           Stress_EigVec2 = -3.5298122325E-01 -8.9853530406E-01  2.6084202764E-01
           Stress_EigVec3 =  2.5525797178E-01  1.7572970631E-01  9.5076939273E-01
           -DivStress = -3.8351560810E+02 -2.0941351295E+02  1.4212576718E+02
           ESP =  -1.4704630440E+01     ESP at Nucleus =  -1.4704630440E+01
           ESPe = -2.4959864277E+01     ESPe at Nucleus = -2.4959864497E+01
           ESPn =  1.0255233837E+01     ESPn at Nucleus =  1.0255234056E+01

CP# 10     Coords =  4.15150721657541E+00  5.14910157402479E+00 -9.20054650324729E-01
           Type = (3,-3) NACP H10
           Rho =  4.2410497077E-01     Rho at Nucleus =  4.2025625541E-01
           GradRho = -1.3341238004E-09 -5.4251985109E-09  1.3647296774E-09
           HessRho_EigVals = -6.4561265846E+00 -6.4509156397E+00 -5.8406839450E+00
           HessRho_EigVec1 =  9.3872644806E-01 -2.8131841469E-01 -1.9912961928E-01
           HessRho_EigVec2 =  2.5460735253E-01  1.7658710048E-01  9.5078498725E-01
           HessRho_EigVec3 =  2.3230960324E-01  9.4322687912E-01 -2.3739271839E-01
           DelSqRho = -1.8747726169E+01
           Bond Ellipticity = NA
           V = -4.6956653966E+00
           G =  4.3669271606E-03
           K =  4.6912984695E+00
           L =  4.6869315423E+00
           Vnuc =  3.8365423104E+01
           Ven = -1.6270966644E+01
           Vrep =  1.1575301247E+01
           DelSqV =  7.0515864314E+02
           DelSqVen =  7.1926445566E+02
           DelSqVrep = -1.4105812515E+01
           DelSqG =  6.9397372689E+01
           DelSqK = -7.7455601583E+02
           Stress_EigVals = -1.6173774576E+00 -1.6166130207E+00 -1.4616749183E+00
           Stress_EigVec1 =  9.3874558351E-01 -2.7989479684E-01 -2.0103639509E-01
           Stress_EigVec2 =  2.5606841598E-01  1.7614930568E-01  9.5047377052E-01
           Stress_EigVec3 =  2.3062024149E-01  9.4373212556E-01 -2.3703160002E-01
           -DivStress =  1.8629100668E+00  7.5949747674E+00 -1.9091774593E+00
           ESP =  -1.0731738616E+00     ESP at Nucleus =  -1.0757547154E+00
           ESPe = -1.1508815281E+01     ESPe at Nucleus = -1.1426610588E+01
           ESPn =  1.0435641420E+01     ESPn at Nucleus =  1.0350855872E+01

CP# 11     Coords =  1.78700960021765E+00  2.86796811931431E+00  1.38072006441764E-01
           Type = (3,-3) NACP H11
           Rho =  4.1868894678E-01     Rho at Nucleus =  4.1466492888E-01
           GradRho =  6.0715321659E-16  5.5771359753E-16 -3.9031278209E-18
           HessRho_EigVals = -6.3590477361E+00 -6.3535477879E+00 -5.7301719161E+00
           HessRho_EigVec1 = -2.3072164861E-01  9.6595672497E-01 -1.1702617807E-01
           HessRho_EigVec2 =  2.5508740703E-01  1.7611159878E-01  9.5074450803E-01
           HessRho_EigVec3 =  9.3898771858E-01  1.8950543598E-01 -2.8703615468E-01
           DelSqRho = -1.8442767440E+01
           Bond Ellipticity = NA
           V = -4.6196170868E+00
           G =  4.4626133865E-03
           K =  4.6151544734E+00
           L =  4.6106918600E+00
           Vnuc =  3.9715180589E+01
           Ven = -1.6628307132E+01
           Vrep =  1.2008690045E+01
           DelSqV =  6.9262092232E+02
           DelSqVen =  7.3245783944E+02
           DelSqVrep = -3.9836917121E+01
           DelSqG =  6.8045148381E+01
           DelSqK = -7.6066607070E+02
           Stress_EigVals = -1.5929993056E+00 -1.5922165554E+00 -1.4344012258E+00
           Stress_EigVec1 = -2.2990913108E-01  9.6583590879E-01 -1.1959426718E-01
           Stress_EigVec2 =  2.5457452862E-01  1.7829161525E-01  9.5047562268E-01
           Stress_EigVec3 =  9.3932614188E-01  1.8807737033E-01 -2.8686809154E-01
           -DivStress = -7.6705700329E+00 -1.5496748843E+00  2.3443430959E+00
           ESP =  -1.0765156918E+00     ESP at Nucleus =  -1.0792189748E+00
           ESPe = -1.3711947840E+01     ESPe at Nucleus = -1.3667629386E+01
           ESPn =  1.2635432148E+01     ESPn at Nucleus =  1.2588410411E+01

CP# 12     Coords = -6.69487874687869E-01 -1.18564410574662E+00  3.19142424030320E+00
           Type = (3,-3) NACP H12
           Rho =  4.2553669429E-01     Rho at Nucleus =  4.2177039161E-01
           GradRho = -3.2092384306E-17 -1.1487122017E-16 -1.5907414275E-15
           HessRho_EigVals = -6.4933062703E+00 -6.4877284597E+00 -5.8841538966E+00
           HessRho_EigVec1 = -3.1977231148E-01  7.5687324944E-01  5.6998995877E-01
           HessRho_EigVec2 = -6.6734128303E-01 -6.0695852305E-01  4.3157497989E-01
           HessRho_EigVec3 =  6.7260782093E-01 -2.4237210150E-01  6.9918129526E-01
           DelSqRho = -1.8865188627E+01
           Bond Ellipticity = NA
           V = -4.7251270353E+00
           G =  4.4149393285E-03
           K =  4.7207120960E+00
           L =  4.7162971566E+00
           Vnuc =  4.0952640501E+01
           Ven = -1.7426851261E+01
           Vrep =  1.2701724226E+01
           DelSqV =  7.1024107515E+02
           DelSqVen =  7.7257928780E+02
           DelSqVrep = -6.2338212650E+01
           DelSqG =  7.0041298587E+01
           DelSqK = -7.8028237374E+02
           Stress_EigVals = -1.6265157536E+00 -1.6259120222E+00 -1.4726992595E+00
           Stress_EigVec1 = -3.2412757649E-01  7.5178717849E-01  5.7424502821E-01
           Stress_EigVec2 =  6.6483575471E-01  6.1285937386E-01 -4.2707939208E-01
           Stress_EigVec3 =  6.7300425959E-01 -2.4335041839E-01  6.9845961977E-01
           -DivStress =  5.3800645297E+00 -1.9564665995E+00  5.5696871610E+00
           ESP =  -1.1085647894E+00     ESP at Nucleus =  -1.1111263378E+00
           ESPe = -1.3733751046E+01     ESPe at Nucleus = -1.3654023979E+01
           ESPn =  1.2625186256E+01     ESPn at Nucleus =  1.2542897641E+01

CP# 13     Coords = -1.21614516677835E+00 -3.64878401046668E+00 -1.15737341059255E+00
           Type = (3,-3) NACP H13
           Rho =  4.2480988221E-01     Rho at Nucleus =  4.2099944645E-01
           GradRho = -4.5217735806E-15  4.3120888804E-15  1.5523606706E-15
           HessRho_EigVals = -6.4797820917E+00 -6.4741236904E+00 -5.8667251491E+00
           HessRho_EigVec1 =  5.1491537998E-01  6.9825701193E-02  8.5439248763E-01
           HessRho_EigVec2 = -6.5030404885E-01 -6.1757301057E-01  4.4238921853E-01
           HessRho_EigVec3 = -5.5853987817E-01  7.8340790657E-01  2.7258990520E-01
           DelSqRho = -1.8820630931E+01
           Bond Ellipticity = NA
           V = -4.7139543624E+00
           G =  4.3983148057E-03
           K =  4.7095560476E+00
           L =  4.7051577328E+00
           Vnuc =  4.0486601968E+01
           Ven = -1.7199108613E+01
           Vrep =  1.2485154251E+01
           DelSqV =  7.0832354281E+02
           DelSqVen =  7.6198339329E+02
           DelSqVrep = -5.3659850477E+01
           DelSqG =  6.9831534113E+01
           DelSqK = -7.7815507693E+02
           Stress_EigVals = -1.6230967376E+00 -1.6225600043E+00 -1.4682976205E+00
           Stress_EigVec1 =  5.1722217057E-01  7.3649331233E-02  8.5267637605E-01
           Stress_EigVec2 = -6.4790612748E-01 -6.1726019375E-01  4.4632667766E-01
           Stress_EigVec3 = -5.5919484641E-01  7.8330430180E-01  2.7154280422E-01
           -DivStress =  4.4955836447E+00 -6.2845812639E+00 -2.1683239315E+00
           ESP =  -1.1127524982E+00     ESP at Nucleus =  -1.1153476189E+00
           ESPe = -1.3472579558E+01     ESPe at Nucleus = -1.3391019195E+01
           ESPn =  1.2359827060E+01     ESPn at Nucleus =  1.2275671576E+01

CP# 14     Coords = -5.29502639266601E+00  1.19227857454409E+00 -4.78033366680704E-01
           Type = (3,-3) NACP C14
           Rho =  1.1754084711E+02     Rho at Nucleus =  1.1754084711E+02
           GradRho =  4.4245163089E-11 -1.4871770482E-11  2.2540025402E-12
           HessRho_EigVals = -1.4483705727E+05 -1.4483694943E+05 -1.4483673885E+05
           HessRho_EigVec1 =  1.6765159702E-01  4.9833611488E-01  8.5061980851E-01
           HessRho_EigVec2 =  6.3139633924E-01  6.0837010216E-01 -4.8085806803E-01
           HessRho_EigVec3 =  7.5712060123E-01 -6.1769485622E-01  2.1265337944E-01
           DelSqRho = -4.3451074555E+05
           Bond Ellipticity = NA
           V = -1.0863813014E+05
           G =  5.2218750800E+00
           K =  1.0863290826E+05
           L =  1.0862768639E+05
           Vnuc =  3.5864358887E+07
           Ven = -4.2155271245E+09
           Vrep =  4.2154184864E+09
           DelSqV =  2.4923969652E+09
           DelSqVen =  1.5583500304E+13
           DelSqVrep = -1.5581041462E+13
           DelSqG =  1.3387767911E+08
           DelSqK = -2.6262746443E+09
           Stress_EigVals = -3.6212776938E+04 -3.6212718223E+04 -3.6212634977E+04
           Stress_EigVec1 =  7.5412252962E-01 -6.1631176421E-01  2.2684580583E-01
           Stress_EigVec2 =  6.4043710043E-01  6.1367322990E-01 -4.6178510944E-01
           Stress_EigVec3 =  1.4539439714E-01  4.9352302500E-01  8.5749372772E-01
           -DivStress =  4.9694047138E+01 -1.2419033367E+02 -1.1363878805E+01
           ESP =  -1.4733312319E+01     ESP at Nucleus =  -1.4733312319E+01
           ESPe = -2.6151449197E+01     ESPe at Nucleus = -2.6151449395E+01
           ESPn =  1.1418136878E+01     ESPn at Nucleus =  1.1418137076E+01

CP# 15     Coords = -7.28356763922803E+00  9.39097561367168E-01 -6.04455588211603E-02
           Type = (3,-3) NACP H15
           Rho =  4.1599611504E-01     Rho at Nucleus =  4.1269301387E-01
           GradRho =  6.6686305349E-10  8.6784373091E-11 -1.4086916529E-10
           HessRho_EigVals = -6.3463474429E+00 -6.3454153391E+00 -5.7952632996E+00
           HessRho_EigVec1 =  1.1899833326E-01  4.8878912268E-01  8.6424799116E-01
           HessRho_EigVec2 = -2.0791870983E-01  8.6340153549E-01 -4.5968206254E-01
           HessRho_EigVec3 =  9.7088063467E-01  1.2499192802E-01 -2.0437174742E-01
           DelSqRho = -1.8487026082E+01
           Bond Ellipticity = NA
           V = -4.6315683917E+00
           G =  4.9059356451E-03
           K =  4.6266624561E+00
           L =  4.6217565204E+00
           Vnuc =  4.1177805980E+01
           Ven = -1.7129807314E+01
           Vrep =  1.2498238922E+01
           DelSqV =  6.9768931166E+02
           DelSqVen =  7.6125517437E+02
           DelSqVrep = -6.3565862717E+01
           DelSqG =  6.8806658890E+01
           DelSqK = -7.6649597055E+02
           Stress_EigVals = -1.5903569523E+00 -1.5902788111E+00 -1.4509326283E+00
           Stress_EigVec1 =  1.0026523474E-01  5.6258258157E-01  8.2063860597E-01
           Stress_EigVec2 = -2.1788955153E-01  8.1718963227E-01 -5.3359652195E-01
           Stress_EigVec3 =  9.7080946948E-01  1.2530739730E-01 -2.0451657671E-01
           -DivStress = -7.1777628952E+00 -9.3643868772E-01  1.5173811338E+00
           ESP =  -1.0992020807E+00     ESP at Nucleus =  -1.1014098957E+00
           ESPe = -1.2302225474E+01     ESPe at Nucleus = -1.2219395407E+01
           ESPn =  1.1203023393E+01     ESPn at Nucleus =  1.1117985511E+01

CP# 16     Coords = -5.16629394667883E+00  2.95389637110354E+00 -1.51383268962118E+00
           Type = (3,-3) NACP H16
           Rho =  4.1688848927E-01     Rho at Nucleus =  4.1360418238E-01
           GradRho = -2.6801477704E-15 -4.4669129506E-15  1.4970663598E-15
           HessRho_EigVals = -6.3608730980E+00 -6.3597573543E+00 -5.8109666678E+00
           HessRho_EigVec1 =  1.2738181344E-01  4.9599846040E-01  8.5892921762E-01
           HessRho_EigVec2 =  9.8981902391E-01 -1.1901050472E-01 -7.8069197959E-02
           HessRho_EigVec3 =  6.3499397719E-02  8.6012907581E-01 -5.0610848584E-01
           DelSqRho = -1.8531597120E+01
           Bond Ellipticity = NA
           V = -4.6427316734E+00
           G =  4.9161966937E-03
           K =  4.6378154767E+00
           L =  4.6328992800E+00
           Vnuc =  4.1675180713E+01
           Ven = -1.7373903128E+01
           Vrep =  1.2731171454E+01
           DelSqV =  6.9948514279E+02
           DelSqVen =  7.7230765888E+02
           DelSqVrep = -7.2822516090E+01
           DelSqG =  6.8989773852E+01
           DelSqK = -7.6847491664E+02
           Stress_EigVals = -1.5939673247E+00 -1.5938895836E+00 -1.4548747651E+00
