AIMSum (Version 19.02.13, Professional)
Copyright (c) 1997-2019 by Todd A. Keith
AIMSum is a component of the AIMAll package ( http://aim.tkgristmill.com )

TP:  64-bit Linux

Much of the Quantum Theory of Atoms in Molecules (QTAIM) is described in the book:
  "Atoms in Molecules - A Quantum Theory"
  R.F.W. Bader, Oxford University Press, Oxford, 1990

For additional references see:  http://aim.tkgristmill.com/references.html

Wfn File:  /home/mhennefarth/Documents/ML_Diels/summary-James2013/12-opt/12-opt.wfn
Sum File:  /home/mhennefarth/Documents/ML_Diels/summary-James2013/12-opt/12-opt.sum

SumViz File:  /home/mhennefarth/Documents/ML_Diels/summary-James2013/12-opt/12-opt.sumviz

Wfn Title:   Title Card Required                                                           
 
Total memory allocated for AIMSum =        0.875 Megabytes

Atomic units (a.u.) used throughout, except where stated otherwise

Model:  Restricted SCF
 
Restricted, closed-shell, single-determinant wavefunction.
  Number of electrons (from MO Occs)                   =          64.0000000000
  Number of Alpha electrons (from MO Occs)             =          32.0000000000
  Number of Beta electrons (from MO Occs)              =          32.0000000000
  Number of electron pairs (N*(N-1)/2)                 =        2016.0000000000
  Number of electron pairs (from Muller 2EDM)          =        2016.0000000000
 
Nuclear Charges and Cartesian Coordinates:
-------------------------------------------------------------------------------
Atom      Charge                X                  Y                  Z
-------------------------------------------------------------------------------
C1         6.0          -4.0216630200E+00  -8.4286723000E-01  -1.9579710300E+00
H2         1.0          -4.3955501700E+00  -1.8078129500E+00  -3.7257279400E+00
C3         6.0          -4.2130116100E+00   1.6599522900E+00  -1.5089122800E+00
C4         6.0          -3.5256741900E+00   2.1699528400E+00   1.1344203100E+00
C5         6.0          -2.9124283600E+00  -2.5440520000E-02   2.2854170100E+00
H6         1.0          -2.3496505200E+00  -2.7744164000E-01   4.2392728500E+00
C7         6.0           3.9332481400E+00   1.1898264800E+00   8.1436910000E-02
C8         6.0           5.9182109300E+00   2.6925403100E+00  -3.6586331000E-01
H9         1.0           7.7670463000E+00   1.9401903000E+00  -8.3973699000E-01
H10        1.0           5.7266450700E+00   4.7322257900E+00  -2.6592267000E-01
H11        1.0          -4.7815483500E+00   3.0985631700E+00  -2.8554706900E+00
H12        1.0          -3.5452839900E+00   4.0308997700E+00   1.9985330900E+00
C13        6.0          -3.1759903900E+00  -2.1592383000E+00   4.1857999000E-01
H14        1.0          -4.5630899300E+00  -3.5724417700E+00   1.0582048000E+00
H15        1.0          -1.3941787000E+00  -3.1982212600E+00   1.5206991000E-01
H16        1.0           2.0813263700E+00   1.9466172800E+00   5.5577029000E-01
C17        6.0           4.0839322600E+00  -1.5089202400E+00  -2.6504490000E-02
N18        7.0           4.1335059200E+00  -3.7067732200E+00  -9.7230190000E-02
 
Some Atomic Properties:
----------------------
  q(A) = Net Charge of Atom A
  L(A) = Lagrangian of Atom A = -(1/4) Times Atomic Integral of the Laplacian of the Electron Density
  K(A) = Electronic Kinetic Energy of Atom A (Hamiltonian Form)
  K_Scaled(A) = K(A) * E(Mol)/K(Mol) = Approximation to Virial-Based Total Energy of Atom A.
  |Mu_Intra(A)| = Magnitude of Intraatomic Dipole Moment of Atom A
--------------------------------------------------------------------------------------------------
Atom A          q(A)              L(A)              K(A)          K_Scaled(A)      |Mu_Intra(A)|
--------------------------------------------------------------------------------------------------
C1       -6.8788731600E-02 -1.5886529388E-05  3.7730736663E+01 -3.8105755283E+01  1.7072524632E-01
H2        5.1658824860E-02  2.1840676470E-05  5.8994614409E-01 -5.9580981939E-01  1.4932555968E-01
C3       -5.9420117900E-02  3.4293178764E-05  3.7727719732E+01 -3.8102708366E+01  1.5557693721E-01
C4       -6.8636952500E-02  6.8118327018E-05  3.7730883620E+01 -3.8105903701E+01  1.5537703692E-01
C5       -8.0379845700E-02 -1.9470519741E-05  3.7733258454E+01 -3.8108302139E+01  1.7393124057E-01
H6        5.0843158720E-02  2.1860250491E-05  5.9005641208E-01 -5.9592118338E-01  1.4950737322E-01
C7        5.0752953200E-02 -4.2727713188E-05  3.7649993637E+01 -3.8024209725E+01  2.9993885582E-01
C8       -3.4642636800E-02  3.9131796805E-05  3.7688166791E+01 -3.8062762295E+01  1.5669530073E-01
H9        7.5439927510E-02  2.7059646964E-05  5.8183444744E-01 -5.8761749784E-01  1.4179265958E-01
H10       6.9438945540E-02  2.1656048387E-05  5.8469520470E-01 -5.9050668913E-01  1.4212003201E-01
H11       4.3567176180E-02  2.0648642184E-05  5.9346740523E-01 -5.9936607955E-01  1.5011090863E-01
H12       4.1871628420E-02  2.1129731051E-05  5.9394672993E-01 -5.9985016842E-01  1.5040119077E-01
C13      -1.6572993800E-02 -6.6803359290E-05  3.7708449808E+01 -3.8083246912E+01  1.5964984676E-01
H14       4.7341010630E-02  2.0291704657E-05  5.8793440917E-01 -5.9377808916E-01  1.5077764478E-01
H15       6.6300312840E-02  3.1788594757E-05  5.8126063935E-01 -5.8703798647E-01  1.3894043554E-01
H16       1.0819877611E-01  6.6537720072E-05  5.6943615240E-01 -5.7509597193E-01  1.3569853428E-01
C17       9.6826205250E-01  1.7133561970E-05  3.7142294260E+01 -3.7511464151E+01  1.0365771560E+00
N18      -1.2455604822E+00 -4.5890959893E-04  5.4960424428E+01 -5.5506694773E+01  6.8747180711E-01
--------------------------------------------------------------------------------------------------
Total    -3.2699399000E-04 -1.9230784095E-04  3.6134450494E+02 -3.6493603083E+02
 
1st Largest |L(A)| = 4.5890959893E-04, atom N18     
2nd Largest |L(A)| = 6.8118327018E-05, atom C4      
 
Molecular charge q(Mol) from the wfn file:   0.0000000000E+00
Molecular energy E(Mol) from the wfn file:  -3.6493604459E+02
Molecular virial ratio (-V(Mol)/T(Mol)) from the wfn file:   2.0099393400E+00
Note.  K_Scaled(A) = (1+V(Mol)/T(Mol))*K(A) = (E(Mol)/T(Mol))*K(A)
       Only use K_Scaled(A) data with caution.
 
N_AIMInt(SumA)     =         64.000327
N_Analytic(Mol)    =         63.999990
 
G_AIMInt(SumA)     =        361.344697
G_Analytic(Mol)    =        361.344497
 
K_AIMInt(SumA)     =        361.344505
K_Analytic(Mol)    =        361.344497
 
L_AIMInt(SumA)     =         -0.000192
L_Analytic(Mol)    =          0.000000
 
VenT_AIMInt(SumA)  =      -1569.325989
VenT_Analytic(Mol) =      -1569.320152
 
Some Information About the Atomic Calculations:
----------------------------------------------
  Time(sec) = "Elapsed User Time", in Seconds, for Atom A by AIMInt and, if used, by TWOe
  NProc = Number of Processors Used for AIMInt Job
  BIM = Basin Integration Method
  OAQ = Angular Quadrature Outside of Beta Sphere
  ORQ = Multiple of Default for Radial Quadrature Outside of Beta Sphere
  IAQ = Multiple of Default for Angular Quadrature Inside of Beta Sphere
  IRQ = Multiple of Default for Radial Quadrature Inside of Beta Sphere
  MIR = Maximum Integration Radius
------------------------------------------------------------------------------------------------------
Atom A     Time(sec)   NProc      BIM          OAQ                     ORQ      IAQ      IRQ      MIR
------------------------------------------------------------------------------------------------------
C1             46        8     Proaim(5)    4500(GS4)                  1.00     1.00     1.00    13.00
H2             12        8     Proaim(5)    1800(GS4)                  1.00     1.00     1.00    13.00
C3             47        8     Proaim(5)    4500(GS4)                  1.00     1.00     1.00    13.00
C4             69        8     Proaim(5)    4500(GS4)                  1.00     1.00     1.00    13.00
C5             88        8     Proaim(5)    4500(GS4)                  1.00     1.00     1.00    13.00
H6             13        8     Proaim(5)    1800(GS4)                  1.00     1.00     1.00    13.00
C7             48        8     Proaim(5)    4500(GS4)                  1.00     1.00     1.00    13.00
C8             45        8     Proaim(5)    4500(GS4)                  1.00     1.00     1.00    13.00
H9             12        8     Proaim(5)    1800(GS4)                  1.00     1.00     1.00    13.00
H10            12        8     Proaim(5)    1800(GS4)                  1.00     1.00     1.00    13.00
H11            11        8     Proaim(5)    1800(GS4)                  1.00     1.00     1.00    13.00
H12            13        8     Proaim(5)    1800(GS4)                  1.00     1.00     1.00    13.00
C13            55        8     Proaim(5)    4500(GS4)                  1.00     1.00     1.00    13.00
H14            13        8     Proaim(5)    1800(GS4)                  1.00     1.00     1.00    13.00
H15            30        8     Proaim(5)    4500(GS4)                  1.00     1.00     1.00    13.00
H16            35        8     Proaim(5)    4500(GS4)                  1.00     1.00     1.00    13.00
C17            35        8     Proaim(5)    4500(GS4)                  1.00     1.00     1.00    13.00
N18            35        8     Proaim(5)    4500(GS4)                  1.00     1.00     1.00    13.00
------------------------------------------------------------------------------------------------------
Total         619
Note:  Total wall clock time is less than total of atomic times if more than one atom
       was calculated at a time
 
Electron Density Critical Point Analysis of Molecular Structure:               
---------------------------------------------------------------                
  NACP = Nuclear Attractor Critical Point                                      
  NNACP = Non-Nuclear Attractor Critical Point                                 
  BCP = Bond Critical Point                                                    
  RCP = Ring Critical Point                                                    
  CCP = Cage Critical Point                                                    
  Rho = Electron Density                                                       
  GradRho = Gradient of Electron Density                                       
  HessRho_EigVals = Eigenvalues of the Hessian of Rho, Ascending Order         
  HessRho_EigVecs = Eigenvectors of the Hessian of Rho                         
  DelSqRho = Laplacian of Rho = Trace of Hessian of Rho                        
  Bond Ellipticity = (HessRho_EigVal(1) / HessRho_EigVal(2)) - 1               
  V = Virial Field = Potential Energy Density = Trace of Stress Tensor         
  G = Lagrangian Form of Kinetic Energy Density                                
  K = Hamiltonian Form of Kinetic Energy Density                               
  L = K - G = Lagrangian Density = (-1/4)DelSqRho                              
  Vnuc = Electrostatic Potential from Nuclei                                   
  Ven = Electron-nuclear attractive contribution to Virial Field V             
  Vrep = V - Ven = Repulsive contribution to Virial Field V                    
  DelSqV = Laplacian of V                                                      
  DelSqVen = Laplacian of Ven                                                  
  DelSqVrep = Laplacian of Vrep                                                
  DelSqG = Laplacian of G                                                      
  DelSqK = Laplacian of K                                                      
  Stress_EigVals = Eigenvalues of Stress Tensor, Ascending Order               
  Stress_EigVecs = Eigenvectors of Stress Tensor                               
  -DivStress = Ehrenfest Force Density = Minus Divergence of Stress Tensor     
  ESP = Total Electrostatic Potential                                          
  ESPe = Electrostatic Potential from Electrons                                
  ESPn = Electrostatic Potential from Nuclei                                   
  BP = Bond Path                                                               
  BPL = Bond Path Length                                                       
  GBL = Geometric Bond Length                                                  
  GBL_I = Distance Between Nuclear Attractors                                  
  GBL_II = Distance Between Nuclei                                             
  GBL_III = Sum of Distances Between BCP and Nuclear Attractors                
  GBL_IV = Sum of Distances Between BCP and Nuclei                             

CP# 1      Coords = -4.02166270387543E+00 -8.42868601768889E-01 -1.95797060026613E+00
           Type = (3,-3) NACP C1
           Rho =  1.1767419778E+02     Rho at Nucleus =  1.1767419762E+02
           GradRho =  1.4325529651E-10 -6.6914440655E-10  2.0396961897E-10
           HessRho_EigVals = -1.4499852847E+05 -1.4499787053E+05 -1.4499749609E+05
           HessRho_EigVec1 =  9.5575106116E-01  1.2502903135E-01 -2.6628490459E-01
           HessRho_EigVec2 =  2.9293822355E-01 -3.2152543964E-01  9.0044910397E-01
           HessRho_EigVec3 = -2.6964908232E-02  9.3861021355E-01  3.4392406246E-01
           DelSqRho = -4.3499389509E+05
           Bond Ellipticity = NA
           V = -1.0875870848E+05
           G =  5.1173522706E+00
           K =  1.0875359112E+05
           L =  1.0874847377E+05
           Vnuc =  4.0765015586E+06
           Ven = -4.7969905065E+08
           Vrep =  4.7959029194E+08
           DelSqV =  2.4951489261E+09
           DelSqVen =  1.7732534927E+12
           DelSqVrep = -1.7707583438E+12
           DelSqG =  1.3402346551E+08
           DelSqK = -2.6291723916E+09
           Stress_EigVals = -3.6253174854E+04 -3.6252967053E+04 -3.6252566570E+04
           Stress_EigVec1 =  3.7319778342E-02  8.5184003616E-01  5.2247084793E-01
           Stress_EigVec2 =  2.9370433124E-01 -5.0909323621E-01  8.0904996302E-01
           Stress_EigVec3 =  9.5516752455E-01  1.2325838570E-01 -2.6918835488E-01
           -DivStress = -2.5787877399E+02  1.1130822249E+03 -3.5452878069E+02
           ESP =  -1.4746239045E+01     ESP at Nucleus =  -1.4746239062E+01
           ESPe = -2.6556543451E+01     ESPe at Nucleus = -2.6556543767E+01
           ESPn =  1.1810304406E+01     ESPn at Nucleus =  1.1810304705E+01

CP# 2      Coords = -4.38909852777518E+00 -1.79134712780508E+00 -3.69528491842114E+00
           Type = (3,-3) NACP H2
           Rho =  4.2481479819E-01     Rho at Nucleus =  4.2107856617E-01
           GradRho =  3.2409188180E-13  8.2063175699E-13  1.5196273059E-12
           HessRho_EigVals = -6.4746914290E+00 -6.4685728015E+00 -5.8694530869E+00
           HessRho_EigVec1 =  2.3548357363E-01 -8.7514118749E-01  4.2270011651E-01
           HessRho_EigVec2 =  9.5441134097E-01  1.2614571456E-01 -2.7052957494E-01
           HessRho_EigVec3 =  1.8342976523E-01  4.6713505611E-01  8.6494991796E-01
           DelSqRho = -1.8812717317E+01
           Bond Ellipticity = NA
           V = -4.7124718475E+00
           G =  4.6462590539E-03
           K =  4.7078255884E+00
           L =  4.7031793294E+00
           Vnuc =  3.9769138807E+01
           Ven = -1.6894518676E+01
           Vrep =  1.2182046829E+01
           DelSqV =  7.0830262225E+02
           DelSqVen =  7.4816556633E+02
           DelSqVrep = -3.9862944079E+01
           DelSqG =  6.9769672615E+01
           DelSqK = -7.7807229487E+02
           Stress_EigVals = -1.6219557324E+00 -1.6215596382E+00 -1.4689564768E+00
           Stress_EigVec1 = -2.3073189416E-01  8.7503700490E-01 -4.2552677127E-01
           Stress_EigVec2 =  9.5563535800E-01  1.2149807627E-01 -2.6832681567E-01
           Stress_EigVec3 =  1.8309520901E-01  4.6855998283E-01  8.6424978272E-01
           -DivStress = -1.4555838793E+00 -3.7163780631E+00 -6.8689091034E+00
           ESP =  -1.1041737100E+00     ESP at Nucleus =  -1.1067227773E+00
           ESPe = -1.2469774944E+01     ESPe at Nucleus = -1.2381605160E+01
           ESPn =  1.1365601234E+01     ESPn at Nucleus =  1.1274882382E+01

CP# 3      Coords = -4.21301157456866E+00  1.65995362395324E+00 -1.50891157892871E+00
           Type = (3,-3) NACP C3
           Rho =  1.1767343408E+02     Rho at Nucleus =  1.1767343391E+02
           GradRho =  3.3782643349E-11  6.8999006508E-10  3.6041991613E-10
           HessRho_EigVals = -1.4499551489E+05 -1.4499474736E+05 -1.4499441807E+05
           HessRho_EigVec1 =  9.5630954878E-01  1.2183297167E-01 -2.6576074564E-01
           HessRho_EigVec2 =  2.5771646515E-01  7.7900519777E-02  9.6307514380E-01
           HessRho_EigVec3 = -1.3803720693E-01  9.8948887615E-01 -4.3098648119E-02
           DelSqRho = -4.3498468032E+05
           Bond Ellipticity = NA
           V = -1.0875642064E+05
           G =  5.1252781378E+00
           K =  1.0875129536E+05
           L =  1.0874617008E+05
           Vnuc =  3.9804340886E+06
           Ven = -4.6839134832E+08
           Vrep =  4.6828259190E+08
           DelSqV =  2.4950942833E+09
           DelSqVen =  1.7314280161E+12
           DelSqVrep = -1.7289329300E+12
           DelSqG =  1.3401850923E+08
           DelSqK = -2.6291127926E+09
           Stress_EigVals = -3.6252405827E+04 -3.6252227517E+04 -3.6251787291E+04
           Stress_EigVec1 = -1.8040451226E-01  9.6217274985E-01 -2.0415144231E-01
           Stress_EigVec2 =  2.3437597726E-01  2.4362993644E-01  9.4112292255E-01
           Stress_EigVec3 =  9.5526023326E-01  1.2193462802E-01 -2.6946211839E-01
           -DivStress = -2.9669569787E+01 -1.0784811340E+03 -5.7408260773E+02
           ESP =  -1.4745262988E+01     ESP at Nucleus =  -1.4745263007E+01
           ESPe = -2.6464615234E+01     ESPe at Nucleus = -2.6464616067E+01
           ESPn =  1.1719352246E+01     ESPn at Nucleus =  1.1719353060E+01

CP# 4      Coords = -3.52567435207882E+00  2.16995387074670E+00  1.13441941589577E+00
           Type = (3,-3) NACP C4
           Rho =  1.1768645647E+02     Rho at Nucleus =  1.1768645633E+02
           GradRho = -6.7210903509E-11  4.6579451407E-10 -3.8123715296E-10
           HessRho_EigVals = -1.4501458101E+05 -1.4501373536E+05 -1.4501344977E+05
           HessRho_EigVec1 =  9.5982227678E-01  1.1393705591E-01 -2.5643623825E-01
           HessRho_EigVec2 =  2.0798089798E-01  3.2462711423E-01  9.2269235544E-01
           HessRho_EigVec3 = -1.8837500650E-01  9.3895451647E-01 -2.8788760468E-01
           DelSqRho = -4.3504176615E+05
           Bond Ellipticity = NA
           V = -1.0877068535E+05
           G =  5.1219050402E+00
           K =  1.0876556344E+05
           L =  1.0876044154E+05
           Vnuc =  4.3665296396E+06
           Ven = -5.1388140036E+08
           Vrep =  5.1377262968E+08
           DelSqV =  2.4954235165E+09
           DelSqVen =  1.8996227195E+12
           DelSqVrep = -1.8971272960E+12
           DelSqG =  1.3403893079E+08
           DelSqK = -2.6294624473E+09
           Stress_EigVals = -3.6257157398E+04 -3.6256994651E+04 -3.6256533298E+04
           Stress_EigVec1 = -1.5132063242E-01  9.8412472705E-01 -9.2739354147E-02
           Stress_EigVec2 =  2.4688837431E-01  1.2847406416E-01  9.6048974251E-01
           Stress_EigVec3 =  9.5715630742E-01  1.2244564689E-01 -2.6240973062E-01
           -DivStress =  1.3317492425E+02 -8.3120217937E+02  7.2879944141E+02
           ESP =  -1.4742565325E+01     ESP at Nucleus =  -1.4742565342E+01
           ESPe = -2.6664819532E+01     ESPe at Nucleus = -2.6664820557E+01
           ESPn =  1.1922254208E+01     ESPn at Nucleus =  1.1922255215E+01

CP# 5      Coords = -2.91242804460536E+00 -2.54418488242984E-02  2.28541700362978E+00
           Type = (3,-3) NACP C5
           Rho =  1.1768058616E+02     Rho at Nucleus =  1.1768058602E+02
           GradRho =  1.4650458624E-10 -5.5413651445E-10 -7.0624617265E-12
           HessRho_EigVals = -1.4500877666E+05 -1.4500812054E+05 -1.4500776922E+05
           HessRho_EigVec1 =  9.5208249225E-01  1.5428266358E-01 -2.6407534470E-01
           HessRho_EigVec2 =  1.1430176245E-01  6.2137749878E-01  7.7512909319E-01
           HessRho_EigVec3 = -2.8367945830E-01  7.6817111617E-01 -5.7396785731E-01
           DelSqRho = -4.3502466641E+05
           Bond Ellipticity = NA
           V = -1.0876640263E+05
           G =  5.1180139971E+00
           K =  1.0876128462E+05
           L =  1.0875616660E+05
           Vnuc =  4.3931846870E+06
           Ven = -5.1699254908E+08
           Vrep =  5.1688378267E+08
           DelSqV =  2.4953272949E+09
           DelSqVen =  1.9111433667E+12
           DelSqVrep = -1.9086480721E+12
           DelSqG =  1.3403526509E+08
           DelSqK = -2.6293625600E+09
           Stress_EigVals = -3.6255734233E+04 -3.6255533894E+04 -3.6255134504E+04
           Stress_EigVec1 =  2.9191471152E-01 -6.0801222451E-01  7.3831357569E-01
           Stress_EigVec2 =  5.9745902232E-02  7.8202014732E-01  6.2038287883E-01
           Stress_EigVec3 =  9.5457646544E-01  1.3698767839E-01 -2.6460942463E-01
           -DivStress = -2.5346041237E+02  1.0806804023E+03  1.0255857497E+01
           ESP =  -1.4744007352E+01     ESP at Nucleus =  -1.4744007367E+01
           ESPe = -2.6909290374E+01     ESPe at Nucleus = -2.6909290692E+01
           ESPn =  1.2165283022E+01     ESPn at Nucleus =  1.2165283325E+01

CP# 6      Coords = -2.35928791904265E+00 -2.73206315120879E-01  4.20571193327930E+00
           Type = (3,-3) NACP H6
           Rho =  4.2462806417E-01     Rho at Nucleus =  4.2090063524E-01
           GradRho = -1.1411031712E-09  4.9975697712E-10 -3.9749471791E-09
           HessRho_EigVals = -6.4711792119E+00 -6.4650086642E+00 -5.8671633610E+00
           HessRho_EigVec1 = -7.7918834718E-02  9.8625607342E-01  1.4569698982E-01
           HessRho_EigVec2 =  9.5859403917E-01  1.1426743108E-01 -2.6084559086E-01
           HessRho_EigVec3 =  2.7390896895E-01 -1.1933948148E-01  9.5432277815E-01
           DelSqRho = -1.8803351237E+01
           Bond Ellipticity = NA
           V = -4.7101775279E+00
           G =  4.6698593146E-03
           K =  4.7055076686E+00
           L =  4.7008378093E+00
           Vnuc =  4.0315260667E+01
           Ven = -1.7118991094E+01
           Vrep =  1.2408813566E+01
           DelSqV =  7.0797669506E+02
           DelSqVen =  7.5806201325E+02
           DelSqVrep = -5.0085318190E+01
           DelSqG =  6.9731857237E+01
           DelSqK = -7.7770855230E+02
           Stress_EigVals = -1.6210938168E+00 -1.6206873726E+00 -1.4683963385E+00
           Stress_EigVec1 = -8.6048630195E-02  9.8499528004E-01  1.4959923646E-01
           Stress_EigVec2 =  9.5783676321E-01  1.2310420344E-01 -2.5960371749E-01
           Stress_EigVec3 =  2.7412473125E-01 -1.2095310414E-01  9.5405763889E-01
           -DivStress =  2.1738091754E+00 -9.5624283288E-01  7.5688687618E+00
           ESP =  -1.1011486178E+00     ESP at Nucleus =  -1.1036911762E+00
           ESPe = -1.2985655816E+01     ESPe at Nucleus = -1.2899127018E+01
           ESPn =  1.1884507198E+01     ESPn at Nucleus =  1.1795435842E+01

CP# 7      Coords =  3.93324837312111E+00  1.18982219000994E+00  8.14367438897920E-02
           Type = (3,-3) NACP C7
           Rho =  1.1760425320E+02     Rho at Nucleus =  1.1760425186E+02
           GradRho = -1.7505108474E-11  3.5384473129E-12  9.1404661617E-13
           HessRho_EigVals = -1.4490170947E+05 -1.4490166677E+05 -1.4490067292E+05
           HessRho_EigVec1 =  2.3447562031E-01 -2.3795813995E-03  9.7211908791E-01
           HessRho_EigVec2 = -8.7290617208E-02  9.9590584781E-01  2.3492348758E-02
           HessRho_EigVec3 =  9.6819498637E-01  9.0365258230E-02 -2.3330792630E-01
           DelSqRho = -4.3470404916E+05
           Bond Ellipticity = NA
           V = -1.0868633982E+05
           G =  5.1637649763E+00
           K =  1.0868117605E+05
           L =  1.0867601229E+05
           Vnuc =  1.3955130943E+06
           Ven = -1.6411827529E+08
           Vrep =  1.6400958895E+08
           DelSqV =  2.4934835392E+09
           DelSqVen =  6.0663518925E+11
           DelSqVrep = -6.0414170571E+11
           DelSqG =  1.3392394127E+08
           DelSqK = -2.6274074805E+09
           Stress_EigVals = -3.6229099303E+04 -3.6228756327E+04 -3.6228484189E+04
           Stress_EigVec1 =  9.5803899299E-01  1.7084913436E-01 -2.3015616700E-01
           Stress_EigVec2 = -1.6015746388E-01  9.8498158837E-01  6.4504707857E-02
           Stress_EigVec3 =  2.3772016044E-01 -2.4936797355E-02  9.7101353310E-01
           -DivStress = -1.9321859981E+02  3.4748738925E+03  1.3611321664E+02
           ESP =  -1.4686885323E+01     ESP at Nucleus =  -1.4686885409E+01
           ESPe = -2.6206128439E+01     ESPe at Nucleus = -2.6206126423E+01
           ESPn =  1.1519243116E+01     ESPn at Nucleus =  1.1519241015E+01

CP# 8      Coords =  5.91821094086441E+00  2.69254053446581E+00 -3.65863303037718E-01
           Type = (3,-3) NACP C8
           Rho =  1.1769440721E+02     Rho at Nucleus =  1.1769440721E+02
           GradRho = -1.4317880215E-11 -2.0441981441E-12 -2.7324809082E-12
           HessRho_EigVals = -1.4502334835E+05 -1.4502183404E+05 -1.4502183090E+05
           HessRho_EigVec1 =  2.3739580874E-01 -2.6035875072E-02  9.7106403661E-01
           HessRho_EigVec2 = -8.7462455527E-02  9.9500782752E-01  4.8059775770E-02
           HessRho_EigVec3 =  9.6746759577E-01  9.6340834453E-02 -2.3393352635E-01
           DelSqRho = -4.3506701329E+05
           Bond Ellipticity = NA
           V = -1.0877696912E+05
           G =  5.1079001174E+00
           K =  1.0877186122E+05
           L =  1.0876675332E+05
           Vnuc =  2.6686078909E+07
           Ven = -3.1408022381E+09
           Vrep =  3.1406934611E+09
           DelSqV =  2.4955660001E+09
           DelSqVen =  1.1610219348E+13
           DelSqVrep = -1.1607723782E+13
           DelSqG =  1.3404567503E+08
           DelSqK = -2.6296116751E+09
           Stress_EigVals = -3.6259250676E+04 -3.6259199200E+04 -3.6258519246E+04
           Stress_EigVec1 =  7.7450141890E-01  6.0828467547E-01 -1.7360099572E-01
           Stress_EigVec2 =  5.8614813977E-01 -7.9330107054E-01 -1.6463222568E-01
           Stress_EigVec3 =  2.3786111572E-01 -2.5751991678E-02  9.7095773572E-01
           -DivStress = -8.6702104385E+00 -1.8359127843E+02 -5.6164422936E+00
           ESP =  -1.4702748812E+01     ESP at Nucleus =  -1.4702748814E+01
           ESPe = -2.4201960848E+01     ESPe at Nucleus = -2.4201961066E+01
           ESPn =  9.4992120355E+00     ESPn at Nucleus =  9.4992122519E+00

CP# 9      Coords =  7.73450131135967E+00  1.95340824799849E+00 -8.31394359678974E-01
           Type = (3,-3) NACP H9
           Rho =  4.2267547915E-01     Rho at Nucleus =  4.1878085888E-01
           GradRho = -1.3928464614E-09  5.6596129779E-10  3.5705553791E-10
           HessRho_EigVals = -6.4286891016E+00 -6.4229800477E+00 -5.8097987461E+00
           HessRho_EigVec1 =  3.6132528442E-01  9.3017744114E-01 -6.4915074047E-02
           HessRho_EigVec2 =  2.3871350888E-01 -2.4979862422E-02  9.7076869910E-01
           HessRho_EigVec3 =  9.0136557484E-01 -3.6625938141E-01 -2.3107177675E-01
           DelSqRho = -1.8661467895E+01
           Bond Ellipticity = NA
           V = -4.6741131768E+00
           G =  4.3731014661E-03
           K =  4.6697400753E+00
           L =  4.6653669739E+00
           Vnuc =  3.7915474628E+01
           Ven = -1.6025941406E+01
           Vrep =  1.1351828229E+01
           DelSqV =  7.0160401868E+02
           DelSqVen =  7.0755841487E+02
           DelSqVrep = -5.9543961873E+00
           DelSqG =  6.8997958312E+01
           DelSqK = -7.7060197700E+02
           Stress_EigVals = -1.6104575256E+00 -1.6096865550E+00 -1.4539690962E+00
           Stress_EigVec1 =  3.6056162297E-01  9.3058855154E-01 -6.3247638510E-02
           Stress_EigVec2 = -2.3819678831E-01  2.6305912292E-02 -9.7086059196E-01
           Stress_EigVec3 =  9.0180796519E-01 -3.6512045508E-01 -2.3114810665E-01
           -DivStress =  7.2836952777E+00 -2.9573195040E+00 -1.8670845931E+00
           ESP =  -1.0728549198E+00     ESP at Nucleus =  -1.0754650754E+00
           ESPe = -1.1290472965E+01     ESPe at Nucleus = -1.1213232915E+01
           ESPn =  1.0217618045E+01     ESPn at Nucleus =  1.0137767840E+01

CP# 10     Coords =  5.72999121009976E+00  4.69652599993104E+00 -2.67665554322791E-01
           Type = (3,-3) NACP H10
           Rho =  4.2374399779E-01     Rho at Nucleus =  4.1988038356E-01
           GradRho = -1.9444081761E-15 -1.5074747006E-15  1.7580338227E-16
           HessRho_EigVals = -6.4482526966E+00 -6.4426021620E+00 -5.8315809399E+00
           HessRho_EigVec1 =  9.6658597993E-01  1.0198886770E-01 -2.3518038665E-01
           HessRho_EigVec2 =  2.3883068819E-01 -2.5018924116E-02  9.7073887107E-01
           HessRho_EigVec3 = -9.3120598051E-02  9.9447087655E-01  4.8541012745E-02
           DelSqRho = -1.8722435799E+01
           Bond Ellipticity = NA
           V = -4.6893398306E+00
           G =  4.3654404866E-03
           K =  4.6849743901E+00
           L =  4.6806089496E+00
           Vnuc =  3.7989470699E+01
           Ven = -1.6097810188E+01
           Vrep =  1.1408470357E+01
           DelSqV =  7.0409560492E+02
           DelSqVen =  7.1125542618E+02
           DelSqVrep = -7.1598212665E+00
           DelSqG =  6.9269832963E+01
           DelSqK = -7.7336543788E+02
           Stress_EigVals = -1.6153286319E+00 -1.6146310563E+00 -1.4593801425E+00
           Stress_EigVec1 =  9.6690675948E-01  1.0033570858E-01 -2.3457208711E-01
           Stress_EigVec2 =  2.3814619855E-01 -2.5095201317E-02  9.7090505148E-01
           Stress_EigVec3 = -9.1529812552E-02  9.9463710792E-01  4.8159287360E-02
           -DivStress = -7.4967562742E-01  8.0156959650E+00  3.9093263150E-01
           ESP =  -1.0724865700E+00     ESP at Nucleus =  -1.0750755495E+00
           ESPe = -1.1205715895E+01     ESPe at Nucleus = -1.1129567476E+01
           ESPn =  1.0133229325E+01     ESPn at Nucleus =  1.0054491926E+01

CP# 11     Coords = -4.77184652611267E+00  3.07418816152061E+00 -2.83247278192491E+00
           Type = (3,-3) NACP H11
           Rho =  4.2652571703E-01     Rho at Nucleus =  4.2283444691E-01
           GradRho =  1.6870185804E-16  1.1763593571E-15  2.9490299092E-17
           HessRho_EigVals = -6.5110942608E+00 -6.5053345478E+00 -5.9082367878E+00
           HessRho_EigVec1 =  1.0913441502E-01  7.0522448194E-01  7.0053416015E-01
           HessRho_EigVec2 =  9.5434703172E-01  1.2279495752E-01 -2.7229238229E-01
           HessRho_EigVec3 = -2.7804931667E-01  6.9826916621E-01 -6.5962773518E-01
           DelSqRho = -1.8924665596E+01
           Bond Ellipticity = NA
           V = -4.7401449567E+00
           G =  4.4892787768E-03
           K =  4.7356556779E+00
           L =  4.7311663991E+00
           Vnuc =  3.9871448186E+01
           Ven = -1.7006198027E+01
           Vrep =  1.2266053070E+01
           DelSqV =  7.1287954846E+02
           DelSqVen =  7.5455382376E+02
           DelSqVrep = -4.1674275306E+01
           DelSqG =  7.0315262577E+01
           DelSqK = -7.8319481103E+02
           Stress_EigVals = -1.6309562139E+00 -1.6304643883E+00 -1.4787243545E+00
           Stress_EigVec1 =  1.1692929206E-01  7.0536279733E-01  6.9913579855E-01
           Stress_EigVec2 =  9.5345887549E-01  1.1727353151E-01 -2.7778245365E-01
           Stress_EigVec3 = -2.7792753265E-01  6.9907813795E-01 -6.5882170853E-01
           -DivStress = -2.2019147679E+00  5.5328430756E+00 -5.2194199036E+00
           ESP =  -1.1040683066E+00     ESP at Nucleus =  -1.1065892302E+00
           ESPe = -1.2312338251E+01     ESPe at Nucleus = -1.2224789501E+01
           ESPn =  1.1208269944E+01     ESPn at Nucleus =  1.1118200270E+01

CP# 12     Coords = -3.54493919610739E+00  3.99936667035971E+00  1.98378764978951E+00
           Type = (3,-3) NACP H12
           Rho =  4.2654365091E-01     Rho at Nucleus =  4.2286730447E-01
           GradRho =  1.8758302203E-12 -1.7333561583E-10 -8.1133266772E-11
           HessRho_EigVals = -6.5120786088E+00 -6.5064311911E+00 -5.9107114581E+00
           HessRho_EigVec1 =  3.0706974515E-01 -4.0138938564E-01  8.6289902811E-01
           HessRho_EigVec2 = -9.5164035781E-01 -1.3848330176E-01  2.7423166213E-01
           HessRho_EigVec3 = -9.4234281155E-03  9.0537778647E-01  4.2450237075E-01
           DelSqRho = -1.8929221258E+01
           Bond Ellipticity = NA
           V = -4.7412724947E+00
           G =  4.4835901271E-03
           K =  4.7367889046E+00
           L =  4.7323053145E+00
           Vnuc =  4.0206038989E+01
           Ven = -1.7149630659E+01
           Vrep =  1.2408358164E+01
           DelSqV =  7.1312421649E+02
           DelSqVen =  7.6106900824E+02
           DelSqVrep = -4.7944791748E+01
           DelSqG =  7.0345966026E+01
           DelSqK = -7.8347018252E+02
           Stress_EigVals = -1.6312295126E+00 -1.6306725953E+00 -1.4793703868E+00
           Stress_EigVec1 =  2.9743046728E-01 -4.0169713597E-01  8.6612616176E-01
           Stress_EigVec2 =  9.5469369767E-01  1.3439806973E-01 -2.6551290455E-01
           Stress_EigVec3 = -9.7499109632E-03  9.0585681529E-01  4.2347180477E-01
           -DivStress = -7.8282828679E-02  7.1589597621E+00  3.3468857828E+00
           ESP =  -1.1010250242E+00     ESP at Nucleus =  -1.1035350305E+00
           ESPe = -1.2581431103E+01     ESPe at Nucleus = -1.2494681350E+01
           ESPn =  1.1480406079E+01     ESPn at Nucleus =  1.1391146320E+01

CP# 13     Coords = -3.17599063546784E+00 -2.15923808120664E+00  4.18580085037430E-01
           Type = (3,-3) NACP C13
           Rho =  1.1754317129E+02     Rho at Nucleus =  1.1754317128E+02
           GradRho =  1.1891432283E-11  2.8578472921E-11  4.3887116163E-12
           HessRho_EigVals = -1.4484160046E+05 -1.4484140206E+05 -1.4484120322E+05
           HessRho_EigVec1 =  2.6900495928E-01  2.2080310403E-01  9.3748723785E-01
           HessRho_EigVec2 =  8.8413861579E-01  3.2945951994E-01 -3.3129342401E-01
           HessRho_EigVec3 = -3.8201471170E-01  9.1798824283E-01 -1.0659430601E-01
           DelSqRho = -4.3452420575E+05
           Bond Ellipticity = NA
           V = -1.0864151620E+05
           G =  5.2323822614E+00
           K =  1.0863628382E+05
           L =  1.0863105144E+05
           Vnuc =  1.7529407113E+07
           Ven = -2.0604621029E+09
           Vrep =  2.0603534614E+09
           DelSqV =  2.4924759032E+09
           DelSqVen =  7.6169588244E+12
           DelSqVrep = -7.6144642514E+12
           DelSqG =  1.3388345549E+08
           DelSqK = -2.6263593587E+09
           Stress_EigVals = -3.6213911767E+04 -3.6213856674E+04 -3.6213747762E+04
           Stress_EigVec1 = -3.8926938372E-01  9.1606446884E-01 -9.6411803402E-02
           Stress_EigVec2 =  8.8382686137E-01  3.4197345927E-01 -3.1922442305E-01
           Stress_EigVec3 =  2.5945987362E-01  2.0947563603E-01  9.4276218204E-01
           -DivStress =  2.0094760291E+02 -1.8011571909E+02 -7.6978104567E+01
           ESP =  -1.4735312737E+01     ESP at Nucleus =  -1.4735312737E+01
           ESPe = -2.6835590279E+01     ESPe at Nucleus = -2.6835590051E+01
           ESPn =  1.2100277542E+01     ESPn at Nucleus =  1.2100277314E+01

CP# 14     Coords = -4.54082209347643E+00 -3.54975966821766E+00  1.04794717783910E+00
           Type = (3,-3) NACP H14
           Rho =  4.1533956790E-01     Rho at Nucleus =  4.1203320169E-01
           GradRho =  2.8513654085E-09  2.9050180204E-09 -1.3136874570E-09
           HessRho_EigVals = -6.3383273034E+00 -6.3369720170E+00 -5.7872976361E+00
           HessRho_EigVec1 =  2.4820733456E-01  1.8636220908E-01  9.5061151166E-01
           HessRho_EigVec2 =  7.0314776985E-01 -7.0965173745E-01 -4.4470499008E-02
           HessRho_EigVec3 = -6.6631549046E-01 -6.7945826844E-01  3.0718093792E-01
           DelSqRho = -1.8462596956E+01
           Bond Ellipticity = NA
           V = -4.6254528234E+00
           G =  4.9017921243E-03
           K =  4.6205510312E+00
           L =  4.6156492391E+00
           Vnuc =  4.1677689085E+01
           Ven = -1.7310393376E+01
           Vrep =  1.2684940553E+01
           DelSqV =  6.9676889347E+02
           DelSqVen =  7.6947838331E+02
           DelSqVrep = -7.2709489831E+01
           DelSqG =  6.8734037574E+01
           DelSqK = -7.6550293105E+02
           Stress_EigVals = -1.5882950262E+00 -1.5882437466E+00 -1.4489140506E+00
           Stress_EigVec1 =  2.9574762098E-01  1.3729994984E-01  9.4534759134E-01
           Stress_EigVec2 =  6.8442775332E-01 -7.2082160753E-01 -1.0942970624E-01
           Stress_EigVec3 = -6.6640227729E-01 -6.7938570333E-01  3.0715317178E-01
           -DivStress = -4.9302055497E+00 -5.0222767538E+00  2.2710771605E+00
           ESP =  -1.0990584520E+00     ESP at Nucleus =  -1.1012706220E+00
           ESPe = -1.2836535144E+01     ESPe at Nucleus = -1.2751340919E+01
           ESPn =  1.1737476692E+01     ESPn at Nucleus =  1.1650070297E+01

CP# 15     Coords = -1.42344763337107E+00 -3.18119268348598E+00  1.56453166608814E-01
           Type = (3,-3) NACP H15
           Rho =  4.1344275763E-01     Rho at Nucleus =  4.1001075540E-01
           GradRho = -6.7029715112E-15  3.1589314498E-15  1.0130785100E-15
           HessRho_EigVals = -6.3025739471E+00 -6.3013367780E+00 -5.7416740686E+00
           HessRho_EigVec1 =  2.4621162114E-01  1.7795135498E-01  9.5273981384E-01
           HessRho_EigVec2 =  4.5303622071E-01  8.4787422576E-01 -2.7544051991E-01
           HessRho_EigVec3 =  8.5681854575E-01 -4.9944230152E-01 -1.2813807832E-01
           DelSqRho = -1.8345584794E+01
           Bond Ellipticity = NA
           V = -4.5961768146E+00
           G =  4.8903080930E-03
           K =  4.5912865065E+00
           L =  4.5863961984E+00
           Vnuc =  4.2319124572E+01
           Ven = -1.7496535563E+01
           Vrep =  1.2900358749E+01
           DelSqV =  6.9167695701E+02
           DelSqVen =  7.7636908822E+02
           DelSqVrep = -8.4692131210E+01
           DelSqG =  6.8184099834E+01
           DelSqK = -7.5986105685E+02
           Stress_EigVals = -1.5793469046E+00 -1.5792655965E+00 -1.4375643136E+00
           Stress_EigVec1 =  2.3600310180E-01  1.5872267050E-01  9.5870206520E-01
           Stress_EigVec2 =  4.5842376114E-01  8.5170628322E-01 -2.5385835094E-01
           Stress_EigVec3 =  8.5682564806E-01 -4.9940316478E-01 -1.2824308107E-01
           -DivStress =  6.4398518209E+00 -3.7466799120E+00 -9.6443829950E-01
           ESP =  -1.1010462991E+00     ESP at Nucleus =  -1.1033408426E+00
           ESPe = -1.4132989416E+01     ESPe at Nucleus = -1.4068017901E+01
           ESPn =  1.3031943117E+01     ESPn at Nucleus =  1.2964677058E+01

CP# 16     Coords =  2.11435352295413E+00  1.93307041969204E+00  5.47327451390894E-01
           Type = (3,-3) NACP H16
           Rho =  4.1749357171E-01     Rho at Nucleus =  4.1352342753E-01
           GradRho =  2.8366607865E-09 -1.1663493400E-09 -7.2527708448E-10
           HessRho_EigVals = -6.3580847514E+00 -6.3501702897E+00 -5.7316188922E+00
           HessRho_EigVec1 =  3.6703914748E-01  9.2793295342E-01 -6.4982291225E-02
           HessRho_EigVec2 =  2.3773423404E-01 -2.6037644112E-02  9.7098119192E-01
           HessRho_EigVec3 =  8.9931345936E-01 -3.7183662413E-01 -2.3015826461E-01
           DelSqRho = -1.8439873933E+01
           Bond Ellipticity = NA
           V = -4.6189995651E+00
           G =  4.5155408877E-03
           K =  4.6144840242E+00
           L =  4.6099684833E+00
           Vnuc =  4.0375804248E+01
           Ven = -1.6856638726E+01
           Vrep =  1.2237639161E+01
           DelSqV =  6.9291637768E+02
           DelSqVen =  7.4452474496E+02
           DelSqVrep = -5.1608367283E+01
           DelSqG =  6.8226470096E+01
           DelSqK = -7.6114284777E+02
           Stress_EigVals = -1.5924367623E+00 -1.5916298225E+00 -1.4349329804E+00
