AIMSum (Version 19.02.13, Professional)
Copyright (c) 1997-2019 by Todd A. Keith
AIMSum is a component of the AIMAll package ( http://aim.tkgristmill.com )

TP:  64-bit Linux

Much of the Quantum Theory of Atoms in Molecules (QTAIM) is described in the book:
  "Atoms in Molecules - A Quantum Theory"
  R.F.W. Bader, Oxford University Press, Oxford, 1990

For additional references see:  http://aim.tkgristmill.com/references.html

Wfn File:  /home/mhennefarth/Documents/ML_Diels/summary-James2013/14-opt/14-opt.wfn
Sum File:  /home/mhennefarth/Documents/ML_Diels/summary-James2013/14-opt/14-opt.sum

SumViz File:  /home/mhennefarth/Documents/ML_Diels/summary-James2013/14-opt/14-opt.sumviz

Wfn Title:   Title Card Required                                                           
 
Total memory allocated for AIMSum =        0.961 Megabytes

Atomic units (a.u.) used throughout, except where stated otherwise

Model:  Restricted SCF
 
Restricted, closed-shell, single-determinant wavefunction.
  Number of electrons (from MO Occs)                   =          66.0000000000
  Number of Alpha electrons (from MO Occs)             =          33.0000000000
  Number of Beta electrons (from MO Occs)              =          33.0000000000
  Number of electron pairs (N*(N-1)/2)                 =        2145.0000000000
  Number of electron pairs (from Muller 2EDM)          =        2145.0000000000
 
Nuclear Charges and Cartesian Coordinates:
-------------------------------------------------------------------------------
Atom      Charge                X                  Y                  Z
-------------------------------------------------------------------------------
C1         6.0           4.4586154500E+00  -3.7139074200E+00  -2.1973745000E-01
H2         1.0           4.4705749700E+00  -3.2318585800E+00  -2.2176532400E+00
H3         1.0           5.2013007400E+00  -5.5591021800E+00   2.8749211000E-01
C4         6.0           3.5826881200E+00  -2.1118861500E+00   1.5386574700E+00
C5         6.0           2.5953999200E+00   4.4503669000E-01   1.0934646100E+00
C6         6.0           3.3097553100E+00   2.0032329400E+00  -7.7773226000E-01
H7         1.0           4.8017633900E+00   1.3917417900E+00  -2.0631251000E+00
C8         6.0          -5.2305034800E+00  -1.4795975100E+00  -6.6503922000E-01
H9         1.0          -7.2107266600E+00  -1.7402345300E+00  -1.1489436800E+00
C10        6.0          -3.4903179700E+00  -3.2209143200E+00  -1.2510416900E+00
H11        1.0          -4.0369796700E+00  -4.9401544400E+00  -2.2281105500E+00
H12        1.0          -1.5069149600E+00  -2.9882600000E+00  -7.7947630000E-01
C13        6.0          -4.6296526300E+00   8.2156105000E-01   6.2325132000E-01
N14        7.0          -4.1836722200E+00   2.7032465400E+00   1.6709218400E+00
H15        1.0           1.1847296000E+00   1.1166759700E+00   2.4366750800E+00
H16        1.0           3.5461469200E+00  -2.7457667500E+00   3.5002626600E+00
C17        6.0           2.2315406100E+00   4.5842358400E+00  -1.2339169800E+00
H18        1.0           3.6896602600E+00   6.0509339400E+00  -1.0433178400E+00
H19        1.0           1.4891046900E+00   4.7463051400E+00  -3.1664493000E+00
H20        1.0           6.9189423000E-01   5.0104272000E+00   7.8758480000E-02
 
Some Atomic Properties:
----------------------
  q(A) = Net Charge of Atom A
  L(A) = Lagrangian of Atom A = -(1/4) Times Atomic Integral of the Laplacian of the Electron Density
  K(A) = Electronic Kinetic Energy of Atom A (Hamiltonian Form)
  K_Scaled(A) = K(A) * E(Mol)/K(Mol) = Approximation to Virial-Based Total Energy of Atom A.
  |Mu_Intra(A)| = Magnitude of Intraatomic Dipole Moment of Atom A
--------------------------------------------------------------------------------------------------
Atom A          q(A)              L(A)              K(A)          K_Scaled(A)      |Mu_Intra(A)|
--------------------------------------------------------------------------------------------------
C1       -1.0184033370E-01 -5.4941699923E-05  3.7705275123E+01 -3.8086157599E+01  1.0949538144E-01
H2        3.5437451980E-02  1.9875280421E-05  5.9630884868E-01 -6.0233250426E-01  1.5015709704E-01
H3        3.9423440740E-02  2.4517627402E-05  5.9583721665E-01 -6.0185610800E-01  1.4899705073E-01
C4       -3.8066788200E-02 -1.1882489609E-04  3.7703581878E+01 -3.8084447250E+01  6.2309643439E-02
C5       -4.8667395700E-02  1.4132902332E-04  3.7716425378E+01 -3.8097420489E+01  9.9206759182E-02
C6       -4.4756548900E-02  1.1234554813E-04  3.7708702802E+01 -3.8089619903E+01  6.1563264150E-02
H7        2.6725791760E-02  4.0852880458E-05  6.0406755602E-01 -6.1016958673E-01  1.5349245306E-01
C8        4.8327992400E-02 -6.0444291341E-05  3.7646136660E+01 -3.8026421745E+01  2.8322933637E-01
H9        8.5092510990E-02  1.7128648410E-05  5.7998792955E-01 -5.8584671822E-01  1.4079195878E-01
C10      -3.2176247700E-02  7.5126679186E-05  3.7690607077E+01 -3.8071341382E+01  1.7929927886E-01
H11       6.7829225260E-02  2.2229082204E-05  5.8549211669E-01 -5.9140650629E-01  1.4228772688E-01
H12       1.0056286313E-01  4.3583078213E-05  5.7109489504E-01 -5.7686385010E-01  1.3275244142E-01
C13       9.7190239780E-01  2.3080661549E-05  3.7138916444E+01 -3.7514077809E+01  1.0332897400E+00
N14      -1.2487026673E+00  3.0227054170E-05  5.4959002069E+01 -5.5514174275E+01  6.8026343516E-01
H15       4.5254622840E-02 -2.9000746756E-06  5.9698234768E-01 -6.0301280666E-01  1.4498904709E-01
H16       3.1912035800E-02  2.4298881243E-05  6.0302428339E-01 -6.0911577540E-01  1.5170736026E-01
C17      -1.9038134400E-02 -1.8719166096E-04  3.7680962955E+01 -3.8061599840E+01  1.0453843499E-01
H18       1.9358155860E-02  3.0726023611E-05  6.0148666490E-01 -6.0756262455E-01  1.5427511624E-01
H19       1.8927908680E-02  2.4281745457E-05  6.0171025119E-01 -6.0778846941E-01  1.5419491515E-01
H20       4.2702711150E-02  2.1747842314E-05  5.9448987592E-01 -6.0049515701E-01  1.4111343454E-01
--------------------------------------------------------------------------------------------------
Total     2.0899249000E-04  2.2704743310E-04  3.6248009237E+02 -3.6614171040E+02
 
1st Largest |L(A)| = 1.8719166096E-04, atom C17     
2nd Largest |L(A)| = 1.4132902332E-04, atom C5      
 
Molecular charge q(Mol) from the wfn file:   0.0000000000E+00
Molecular energy E(Mol) from the wfn file:  -3.6614168075E+02
Molecular virial ratio (-V(Mol)/T(Mol)) from the wfn file:   2.0101015700E+00
Note.  K_Scaled(A) = (1+V(Mol)/T(Mol))*K(A) = (E(Mol)/T(Mol))*K(A)
       Only use K_Scaled(A) data with caution.
 
N_AIMInt(SumA)     =         65.999791
N_Analytic(Mol)    =         65.999990
 
G_AIMInt(SumA)     =        362.479865
G_Analytic(Mol)    =        362.480038
 
K_AIMInt(SumA)     =        362.480092
K_Analytic(Mol)    =        362.480038
 
L_AIMInt(SumA)     =          0.000227
L_Analytic(Mol)    =          0.000000
 
VenT_AIMInt(SumA)  =      -1584.624467
VenT_Analytic(Mol) =      -1584.626881
 
Some Information About the Atomic Calculations:
----------------------------------------------
  Time(sec) = "Elapsed User Time", in Seconds, for Atom A by AIMInt and, if used, by TWOe
  NProc = Number of Processors Used for AIMInt Job
  BIM = Basin Integration Method
  OAQ = Angular Quadrature Outside of Beta Sphere
  ORQ = Multiple of Default for Radial Quadrature Outside of Beta Sphere
  IAQ = Multiple of Default for Angular Quadrature Inside of Beta Sphere
  IRQ = Multiple of Default for Radial Quadrature Inside of Beta Sphere
  MIR = Maximum Integration Radius
------------------------------------------------------------------------------------------------------
Atom A     Time(sec)   NProc      BIM          OAQ                     ORQ      IAQ      IRQ      MIR
------------------------------------------------------------------------------------------------------
C1             62        8     Proaim(5)    4500(GS4)                  1.00     1.00     1.00    13.00
H2             19        8     Proaim(5)    1800(GS4)                  1.00     1.00     1.00    13.00
H3             13        8     Proaim(5)    1800(GS4)                  1.00     1.00     1.00    13.00
C4            116        8     Proaim(5)    4500(GS4)                  1.00     1.00     1.00    13.00
C5             76        8     Proaim(5)    4500(GS4)                  1.00     1.00     1.00    13.00
C6             65        8     Proaim(5)    4500(GS4)                  1.00     1.00     1.00    13.00
H7             18        8     Proaim(5)    1800(GS4)                  1.00     1.00     1.00    13.00
C8             48        8     Proaim(5)    4500(GS4)                  1.00     1.00     1.00    13.00
H9             13        8     Proaim(5)    1800(GS4)                  1.00     1.00     1.00    13.00
C10            46        8     Proaim(5)    4500(GS4)                  1.00     1.00     1.00    13.00
H11            12        8     Proaim(5)    1800(GS4)                  1.00     1.00     1.00    13.00
H12            54        8     Proaim(5)    4500(GS4)                  1.00     1.00     1.00    13.00
C13            25        8     Proaim(5)    4500(GS4)                  1.00     1.00     1.00    13.00
N14            41        8     Proaim(5)    4500(GS4)                  1.00     1.00     1.00    13.00
H15            30        8     Proaim(5)    4500(GS4)                  1.00     1.00     1.00    13.00
H16            12        8     Proaim(5)    1800(GS4)                  1.00     1.00     1.00    13.00
C17            54        8     Proaim(5)    4500(GS4)                  1.00     1.00     1.00    13.00
H18            12        8     Proaim(5)    1800(GS4)                  1.00     1.00     1.00    13.00
H19            13        8     Proaim(5)    1800(GS4)                  1.00     1.00     1.00    13.00
H20            23        8     Proaim(5)    4500(GS4)                  1.00     1.00     1.00    13.00
------------------------------------------------------------------------------------------------------
Total         752
Note:  Total wall clock time is less than total of atomic times if more than one atom
       was calculated at a time
 
Electron Density Critical Point Analysis of Molecular Structure:               
---------------------------------------------------------------                
  NACP = Nuclear Attractor Critical Point                                      
  NNACP = Non-Nuclear Attractor Critical Point                                 
  BCP = Bond Critical Point                                                    
  RCP = Ring Critical Point                                                    
  CCP = Cage Critical Point                                                    
  Rho = Electron Density                                                       
  GradRho = Gradient of Electron Density                                       
  HessRho_EigVals = Eigenvalues of the Hessian of Rho, Ascending Order         
  HessRho_EigVecs = Eigenvectors of the Hessian of Rho                         
  DelSqRho = Laplacian of Rho = Trace of Hessian of Rho                        
  Bond Ellipticity = (HessRho_EigVal(1) / HessRho_EigVal(2)) - 1               
  V = Virial Field = Potential Energy Density = Trace of Stress Tensor         
  G = Lagrangian Form of Kinetic Energy Density                                
  K = Hamiltonian Form of Kinetic Energy Density                               
  L = K - G = Lagrangian Density = (-1/4)DelSqRho                              
  Vnuc = Electrostatic Potential from Nuclei                                   
  Ven = Electron-nuclear attractive contribution to Virial Field V             
  Vrep = V - Ven = Repulsive contribution to Virial Field V                    
  DelSqV = Laplacian of V                                                      
  DelSqVen = Laplacian of Ven                                                  
  DelSqVrep = Laplacian of Vrep                                                
  DelSqG = Laplacian of G                                                      
  DelSqK = Laplacian of K                                                      
  Stress_EigVals = Eigenvalues of Stress Tensor, Ascending Order               
  Stress_EigVecs = Eigenvectors of Stress Tensor                               
  -DivStress = Ehrenfest Force Density = Minus Divergence of Stress Tensor     
  ESP = Total Electrostatic Potential                                          
  ESPe = Electrostatic Potential from Electrons                                
  ESPn = Electrostatic Potential from Nuclei                                   
  BP = Bond Path                                                               
  BPL = Bond Path Length                                                       
  GBL = Geometric Bond Length                                                  
  GBL_I = Distance Between Nuclear Attractors                                  
  GBL_II = Distance Between Nuclei                                             
  GBL_III = Sum of Distances Between BCP and Nuclear Attractors                
  GBL_IV = Sum of Distances Between BCP and Nuclei                             

CP# 1      Coords =  4.45861596095685E+00 -3.71390797240291E+00 -2.19738058253085E-01
           Type = (3,-3) NACP C1
           Rho =  1.1767177652E+02     Rho at Nucleus =  1.1767177645E+02
           GradRho =  4.7607529030E-11 -1.3876490235E-10 -1.2598336957E-10
           HessRho_EigVals = -1.4499902873E+05 -1.4499821361E+05 -1.4499804321E+05
           HessRho_EigVec1 =  9.1501982131E-01  4.0145694404E-01  3.9636456602E-02
           HessRho_EigVec2 =  2.4204141253E-01 -6.2495035342E-01  7.4219472538E-01
           HessRho_EigVec3 = -3.2273004390E-01  6.6952922105E-01  6.6901116652E-01
           DelSqRho = -4.3499528556E+05
           Bond Ellipticity = NA
           V = -1.0875906360E+05
           G =  5.1211023189E+00
           K =  1.0875394249E+05
           L =  1.0874882139E+05
           Vnuc =  6.2010920730E+06
           Ven = -7.2969352059E+08
           Vrep =  7.2958476152E+08
           DelSqV =  2.4951610134E+09
           DelSqVen =  2.6974456381E+12
           DelSqVrep = -2.6949504607E+12
           DelSqG =  1.3402767507E+08
           DelSqK = -2.6291886885E+09
           Stress_EigVals = -3.6253256135E+04 -3.6253150853E+04 -3.6252656607E+04
           Stress_EigVec1 = -3.4426379638E-01  6.7807672320E-01  6.4938000890E-01
           Stress_EigVec2 =  2.0594669020E-01 -6.2027424129E-01  7.5686579153E-01
           Stress_EigVec3 =  9.1600676815E-01  3.9429915426E-01  7.3890308256E-02
           -DivStress = -4.1614258188E+02  4.5002069176E+02  4.9448854584E+02
           ESP =  -1.4747240103E+01     ESP at Nucleus =  -1.4747240116E+01
           ESPe = -2.4919082377E+01     ESPe at Nucleus = -2.4919083712E+01
           ESPn =  1.0171842274E+01     ESPn at Nucleus =  1.0171843596E+01

CP# 2      Coords =  4.47041363773253E+00 -3.24007819990599E+00 -2.18385322775413E+00
           Type = (3,-3) NACP H2
           Rho =  4.2501802385E-01     Rho at Nucleus =  4.2136827326E-01
           GradRho = -2.2553252987E-11 -1.1332226081E-09  4.6570209426E-09
           HessRho_EigVals = -6.4724120176E+00 -6.4657784446E+00 -5.8773046180E+00
           HessRho_EigVec1 = -4.5231913144E-01  8.6713427699E-01  2.0853188964E-01
           HessRho_EigVec2 =  8.9184093386E-01  4.3840742370E-01  1.1143912930E-01
           HessRho_EigVec3 = -5.2107603173E-03 -2.3638332537E-01  9.7164590848E-01
           DelSqRho = -1.8815495080E+01
           Bond Ellipticity = NA
           V = -4.7133800457E+00
           G =  4.7531378058E-03
           K =  4.7086269078E+00
           L =  4.7038737700E+00
           Vnuc =  4.0235952013E+01
           Ven = -1.7101004812E+01
           Vrep =  1.2387624766E+01
           DelSqV =  7.0867381374E+02
           DelSqVen =  7.5705936504E+02
           DelSqVrep = -4.8385551300E+01
           DelSqG =  6.9754485356E+01
           DelSqK = -7.7842829910E+02
           Stress_EigVals = -1.6214082782E+00 -1.6209338239E+00 -1.4710379436E+00
           Stress_EigVec1 = -3.6049651090E-01  9.0714757282E-01  2.1708419279E-01
           Stress_EigVec2 =  9.3274866451E-01  3.4941757593E-01  8.8810396295E-02
           Stress_EigVec3 = -4.7111030230E-03 -2.3450082890E-01  9.7210450403E-01
           -DivStress =  3.6687098370E-02  1.8539245865E+00 -7.6270597201E+00
           ESP =  -1.1094607461E+00     ESP at Nucleus =  -1.1118873868E+00
           ESPe = -1.2597778611E+01     ESPe at Nucleus = -1.2530988534E+01
           ESPn =  1.1488317865E+01     ESPn at Nucleus =  1.1419101147E+01

CP# 3      Coords =  5.18866486959549E+00 -5.52775422541328E+00  2.78790800137285E-01
           Type = (3,-3) NACP H3
           Rho =  4.2555475118E-01     Rho at Nucleus =  4.2187738845E-01
           GradRho = -4.3313561071E-11  1.0744959198E-10 -2.9822883177E-11
           HessRho_EigVals = -6.4801152165E+00 -6.4735617971E+00 -5.8815959839E+00
           HessRho_EigVec1 = -2.1576600654E-01  1.7808803228E-01  9.6006754095E-01
           HessRho_EigVec2 =  9.0681095168E-01  4.0119232662E-01  1.2937779940E-01
           HessRho_EigVec3 = -3.6213109275E-01  8.9851509159E-01 -2.4805584420E-01
           DelSqRho = -1.8835272997E+01
           Bond Ellipticity = NA
           V = -4.7182285154E+00
           G =  4.7051330083E-03
           K =  4.7135233824E+00
           L =  4.7088182494E+00
           Vnuc =  3.8989500094E+01
           Ven = -1.6592167011E+01
           Vrep =  1.1873938496E+01
           DelSqV =  7.0929898061E+02
           DelSqVen =  7.3437787851E+02
           DelSqVrep = -2.5078897897E+01
           DelSqG =  6.9812131318E+01
           DelSqK = -7.7911111193E+02
           Stress_EigVals = -1.6233292220E+00 -1.6229119381E+00 -1.4719873552E+00
           Stress_EigVec1 = -1.0748560529E-01  2.2249428636E-01  9.6899078282E-01
           Stress_EigVec2 =  9.2590529197E-01  3.7741476088E-01  1.6046450741E-02
           Stress_EigVec3 = -3.6214118099E-01  8.9891845615E-01 -2.4657529119E-01
           -DivStress =  2.8542113288E+00 -7.0810992159E+00  1.9641187345E+00
           ESP =  -1.1091039555E+00     ESP at Nucleus =  -1.1115643584E+00
           ESPe = -1.1446041345E+01     ESPe at Nucleus = -1.1366193029E+01
           ESPn =  1.0336937390E+01     ESPn at Nucleus =  1.0254628670E+01

CP# 4      Coords =  3.58268737100565E+00 -2.11188511175952E+00  1.53865795101151E+00
           Type = (3,-3) NACP C4
           Rho =  1.1767108851E+02     Rho at Nucleus =  1.1767108838E+02
           GradRho = -3.4098638843E-10  4.5167217883E-10  2.0685531760E-10
           HessRho_EigVals = -1.4499236224E+05 -1.4499130844E+05 -1.4499101990E+05
           HessRho_EigVec1 =  9.2537199477E-01  3.4127049277E-01  1.6498824824E-01
           HessRho_EigVec2 = -2.1976963608E-01  8.3765774865E-01 -5.0003080224E-01
           HessRho_EigVec3 = -3.0884944285E-01  4.2645509365E-01  8.5014591380E-01
           DelSqRho = -4.3497469057E+05
           Bond Ellipticity = NA
           V = -1.0875386813E+05
           G =  5.0977408918E+00
           K =  1.0874877038E+05
           L =  1.0874367264E+05
           Vnuc =  4.3872850230E+06
           Ven = -5.1625660426E+08
           Vrep =  5.1614785039E+08
           DelSqV =  2.4950360791E+09
           DelSqVen =  1.9083576934E+12
           DelSqVrep = -1.9058626574E+12
           DelSqG =  1.3401490278E+08
           DelSqK = -2.6290509818E+09
           Stress_EigVals = -3.6251562233E+04 -3.6251414584E+04 -3.6250891308E+04
           Stress_EigVec1 = -3.1841823759E-01  4.9723227409E-01  8.0707489837E-01
           Stress_EigVec2 = -2.1024199710E-01  7.9314296953E-01 -5.7159647702E-01
           Stress_EigVec3 =  9.2434199765E-01  3.5168778127E-01  1.4801208019E-01
           -DivStress =  6.0684613491E+02 -8.4433367035E+02 -3.8725299178E+02
           ESP =  -1.4736184261E+01     ESP at Nucleus =  -1.4736184276E+01
           ESPe = -2.6394883701E+01     ESPe at Nucleus = -2.6394883397E+01
           ESPn =  1.1658699440E+01     ESPn at Nucleus =  1.1658699122E+01

CP# 5      Coords =  2.59540023006818E+00  4.45034969519327E-01  1.09346536081036E+00
           Type = (3,-3) NACP C5
           Rho =  1.1766339684E+02     Rho at Nucleus =  1.1766339657E+02
           GradRho =  2.1969473636E-10 -1.3866070228E-09  6.2339689400E-10
           HessRho_EigVals = -1.4498531423E+05 -1.4498463956E+05 -1.4498434515E+05
           HessRho_EigVec1 =  7.4831950286E-01  3.2547453828E-01  5.7800021329E-01
           HessRho_EigVec2 = -4.3801306466E-01  8.9682269612E-01  6.2077426661E-02
           HessRho_EigVec3 = -4.9815908787E-01 -2.9962539386E-01  8.1367201410E-01
           DelSqRho = -4.3495429894E+05
           Bond Ellipticity = NA
           V = -1.0874884629E+05
           G =  5.1357767825E+00
           K =  1.0874371051E+05
           L =  1.0873857473E+05
           Vnuc =  3.1535808323E+06
           Ven = -3.7106103293E+08
           Vrep =  3.7095228408E+08
           DelSqV =  2.4949234790E+09
           DelSqVen =  1.3716634173E+12
           DelSqVrep = -1.3691684775E+12
           DelSqG =  1.3401143431E+08
           DelSqK = -2.6289349133E+09
           Stress_EigVals = -3.6249854202E+04 -3.6249711880E+04 -3.6249280206E+04
           Stress_EigVec1 = -4.2875191498E-01 -4.2260589060E-01  7.9848359822E-01
           Stress_EigVec2 = -5.2553393372E-01  8.3558224151E-01  1.6005124860E-01
           Stress_EigVec3 =  7.3483731527E-01  3.5100794705E-01  5.8035122227E-01
           -DivStress = -2.5582982629E+02  1.3991971139E+03 -6.0904888077E+02
           ESP =  -1.4747829431E+01     ESP at Nucleus =  -1.4747829452E+01
           ESPe = -2.7360038343E+01     ESPe at Nucleus = -2.7360038701E+01
           ESPn =  1.2612208912E+01     ESPn at Nucleus =  1.2612209249E+01

CP# 6      Coords =  3.30975518247348E+00  2.00323427478965E+00 -7.77733197502334E-01
           Type = (3,-3) NACP C6
           Rho =  1.1767912476E+02     Rho at Nucleus =  1.1767912456E+02
           GradRho = -8.4108109366E-11  7.5780631770E-10 -5.6055780850E-10
           HessRho_EigVals = -1.4500339563E+05 -1.4500238743E+05 -1.4500210354E+05
           HessRho_EigVec1 =  6.4794108380E-01  4.1037368839E-01  6.4168979094E-01
           HessRho_EigVec2 = -6.1080937697E-01  7.8325623496E-01  1.1585152307E-01
           HessRho_EigVec3 =  4.5506511284E-01  4.6701510283E-01 -7.5816399070E-01
           DelSqRho = -4.3500788660E+05
           Bond Ellipticity = NA
           V = -1.0876213116E+05
           G =  5.0797534365E+00
           K =  1.0875705140E+05
           L =  1.0875197165E+05
           Vnuc =  3.6672600401E+06
           Ven = -4.3155995179E+08
           Vrep =  4.3145118965E+08
           DelSqV =  2.4952262772E+09
           DelSqVen =  1.5952871521E+12
           DelSqVrep = -1.5927919243E+12
           DelSqG =  1.3402632644E+08
           DelSqK = -2.6292526037E+09
           Stress_EigVals = -3.6254313477E+04 -3.6254158837E+04 -3.6253658843E+04
           Stress_EigVec1 = -4.1154138819E-01 -4.9730098992E-01  7.6375742957E-01
           Stress_EigVec2 =  6.1765601396E-01 -7.6840213067E-01 -1.6750884754E-01
           Stress_EigVec3 =  6.7017515190E-01  4.0280254593E-01  6.2339022672E-01
           -DivStress =  1.0609014555E+02 -1.0899397184E+03  7.5974091551E+02
           ESP =  -1.4740800092E+01     ESP at Nucleus =  -1.4740800110E+01
           ESPe = -2.6754400507E+01     ESPe at Nucleus = -2.6754401574E+01
           ESPn =  1.2013600416E+01     ESPn at Nucleus =  1.2013601464E+01

CP# 7      Coords =  4.77693473535607E+00  1.40203842001139E+00 -2.04192872132313E+00
           Type = (3,-3) NACP H7
           Rho =  4.2864137156E-01     Rho at Nucleus =  4.2506517056E-01
           GradRho =  6.9903935071E-16  1.6024508109E-16  3.6345167327E-16
           HessRho_EigVals = -6.5464799267E+00 -6.5387870193E+00 -5.9518238698E+00
           HessRho_EigVec1 = -9.4023179629E-02  8.4810543085E-01 -5.2141808546E-01
           HessRho_EigVec2 =  6.8273259382E-01  4.3611376429E-01  5.8624311504E-01
           HessRho_EigVec3 =  7.2459357368E-01 -3.0086868024E-01 -6.2003402344E-01
           DelSqRho = -1.9037090816E+01
           Bond Ellipticity = NA
           V = -4.7686810333E+00
           G =  4.7041646687E-03
           K =  4.7639768686E+00
           L =  4.7592727040E+00
           Vnuc =  4.1488693951E+01
           Ven = -1.7783770679E+01
           Vrep =  1.3015089646E+01
           DelSqV =  7.1762832891E+02
           DelSqVen =  7.8982403458E+02
           DelSqVrep = -7.2195705672E+01
           DelSqG =  7.0803791844E+01
           DelSqK = -7.8843212075E+02
           Stress_EigVals = -1.6398798886E+00 -1.6387560899E+00 -1.4900450547E+00
           Stress_EigVec1 = -5.5675301000E-02  8.7234886499E-01 -4.8570332365E-01
           Stress_EigVec2 =  6.8612658677E-01  3.8682727357E-01  6.1611278785E-01
           Stress_EigVec3 =  7.2534858364E-01 -2.9895169873E-01 -6.2007847410E-01
           -DivStress =  5.6667352305E+00 -2.3495314005E+00 -4.8379180180E+00
           ESP =  -1.1155896247E+00     ESP at Nucleus =  -1.1179756085E+00
           ESPe = -1.3391094467E+01     ESPe at Nucleus = -1.3310762800E+01
           ESPn =  1.2275504843E+01     ESPn at Nucleus =  1.2192787192E+01

CP# 8      Coords = -5.23050303317797E+00 -1.47959381727224E+00 -6.65037238608833E-01
           Type = (3,-3) NACP C8
           Rho =  1.1759235062E+02     Rho at Nucleus =  1.1759234933E+02
           GradRho = -5.5524030469E-12  1.2867839932E-11  1.8803651127E-12
           HessRho_EigVals = -1.4488590537E+05 -1.4488583567E+05 -1.4488498448E+05
           HessRho_EigVec1 =  2.9163876066E-01  8.2175601470E-01  4.8955478304E-01
           HessRho_EigVec2 = -1.5865225916E-01 -4.6315812586E-01  8.7195986784E-01
           HessRho_EigVec3 =  9.4327954178E-01 -3.3196626751E-01 -4.7014136043E-03
           DelSqRho = -4.3465672552E+05
           Bond Ellipticity = NA
           V = -1.0867450992E+05
           G =  5.1642704107E+00
           K =  1.0866934565E+05
           L =  1.0866418138E+05
           Vnuc =  1.4236759701E+06
           Ven = -1.6741340384E+08
           Vrep =  1.6730472933E+08
           DelSqV =  2.4932121077E+09
           DelSqVen =  6.1881032960E+11
           DelSqVrep = -6.1631711698E+11
           DelSqG =  1.3390828728E+08
           DelSqK = -2.6271203950E+09
           Stress_EigVals = -3.6225133607E+04 -3.6224811157E+04 -3.6224565157E+04
           Stress_EigVec1 =  9.1896764040E-01 -3.9237988539E-01 -3.9198232737E-02
           Stress_EigVec2 =  3.6262674644E-01  8.0184033287E-01  4.7492517658E-01
           Stress_EigVec3 = -1.5492036237E-01 -4.5065519649E-01  8.7915275988E-01
           -DivStress = -3.6557415634E+02 -2.9899373787E+03 -1.6049451567E+03
           ESP =  -1.4683869913E+01     ESP at Nucleus =  -1.4683869997E+01
           ESPe = -2.5772075866E+01     ESPe at Nucleus = -2.5772073846E+01
           ESPn =  1.1088205953E+01     ESPn at Nucleus =  1.1088203849E+01

CP# 9      Coords = -7.17626121290949E+00 -1.73551188553646E+00 -1.14042506832870E+00
           Type = (3,-3) NACP H9
           Rho =  4.2181542050E-01     Rho at Nucleus =  4.1797884634E-01
           GradRho =  4.9881950258E-16  2.3481971465E-16  5.7848051605E-16
           HessRho_EigVals = -6.4345913878E+00 -6.4264403100E+00 -5.8183727266E+00
           HessRho_EigVec1 = -2.2442046611E-01  8.8244044820E-01  4.1344202709E-01
           HessRho_EigVec2 = -1.5537438078E-01 -4.5123843241E-01  8.7877339452E-01
           HessRho_EigVec3 =  9.6202612033E-01  1.3297643585E-01  2.3837577754E-01
           DelSqRho = -1.8679404424E+01
           Bond Ellipticity = NA
           V = -4.6787088828E+00
           G =  4.4288883385E-03
           K =  4.6742799944E+00
           L =  4.6698511061E+00
           Vnuc =  3.8835955056E+01
           Ven = -1.6381604713E+01
           Vrep =  1.1702895830E+01
           DelSqV =  7.0273854148E+02
           DelSqVen =  7.2543251070E+02
           DelSqVrep = -2.2693969219E+01
           DelSqG =  6.9280100930E+01
           DelSqK = -7.7201864241E+02
           Stress_EigVals = -1.6116062017E+00 -1.6108288047E+00 -1.4562738764E+00
           Stress_EigVec1 = -2.2363533418E-01  8.8226409643E-01  4.1424304635E-01
           Stress_EigVec2 = -1.5522694410E-01 -4.5182221428E-01  8.7849944935E-01
           Stress_EigVec3 =  9.6223273335E-01  1.3216183573E-01  2.3799457146E-01
           -DivStress = -7.7209005133E+00 -1.0568373884E+00 -1.9077324655E+00
           ESP =  -1.0622666337E+00     ESP at Nucleus =  -1.0648466947E+00
           ESPe = -1.1977209248E+01     ESPe at Nucleus = -1.1889366869E+01
           ESPn =  1.0914942614E+01     ESPn at Nucleus =  1.0824520174E+01

CP# 10     Coords = -3.49031848259932E+00 -3.22091448885932E+00 -1.25104186933026E+00
           Type = (3,-3) NACP C10
           Rho =  1.1770747154E+02     Rho at Nucleus =  1.1770747152E+02
           GradRho = -3.0350568575E-11 -1.5110916424E-11 -2.7152238140E-11
           HessRho_EigVals = -1.4504143607E+05 -1.4503982591E+05 -1.4503969417E+05
           HessRho_EigVec1 = -1.5493667982E-01 -4.5011963940E-01  8.7942420678E-01
           HessRho_EigVec2 = -2.4763485272E-01  8.7944939244E-01  4.0650429992E-01
           HessRho_EigVec3 =  9.5638465325E-01  1.5479365736E-01  2.4772427954E-01
           DelSqRho = -4.3512095615E+05
           Bond Ellipticity = NA
           V = -1.0879044679E+05
           G =  5.1038778298E+00
           K =  1.0878534291E+05
           L =  1.0878023904E+05
           Vnuc =  1.0550206117E+07
           Ven = -1.2418380862E+09
           Vrep =  1.2417292958E+09
           DelSqV =  2.4958760305E+09
           DelSqVen =  4.5906143478E+12
           DelSqVrep = -4.5881184717E+12
           DelSqG =  1.3406412601E+08
           DelSqK = -2.6299401565E+09
           Stress_EigVals = -3.6263752359E+04 -3.6263708939E+04 -3.6262985494E+04
           Stress_EigVec1 =  9.1149839601E-01 -4.0846831043E-01 -4.8211133999E-02
           Stress_EigVec2 =  3.8082140305E-01  7.9384482654E-01  4.7411543990E-01
           Stress_EigVec3 = -1.5538897338E-01 -4.5051529469E-01  8.7914176115E-01
           -DivStress =  4.1731115835E+02  1.3808495880E+02  1.4651693134E+02
           ESP =  -1.4704249780E+01     ESP at Nucleus =  -1.4704249780E+01
           ESPe = -2.5196067820E+01     ESPe at Nucleus = -2.5196067995E+01
           ESPn =  1.0491818039E+01     ESPn at Nucleus =  1.0491818215E+01

CP# 11     Coords = -4.02752914105453E+00 -4.91009820083342E+00 -2.21105321998189E+00
           Type = (3,-3) NACP H11
           Rho =  4.2409980217E-01     Rho at Nucleus =  4.2024624581E-01
           GradRho =  6.8224285677E-15  2.1651448351E-14  1.1196629527E-14
           HessRho_EigVals = -6.4559836629E+00 -6.4507388918E+00 -5.8400157005E+00
           HessRho_EigVec1 =  9.5163976972E-01 -3.0698061791E-01  1.2027008048E-02
           HessRho_EigVec2 = -1.5625151446E-01 -4.4993051406E-01  8.7928834676E-01
           HessRho_EigVec3 =  2.6451316209E-01  8.3864499805E-01  4.7613795725E-01
           DelSqRho = -1.8746738255E+01
           Bond Ellipticity = NA
           V = -4.6953897631E+00
           G =  4.3525996650E-03
           K =  4.6910371634E+00
           L =  4.6866845638E+00
           Vnuc =  3.8565240360E+01
           Ven = -1.6355510807E+01
           Vrep =  1.1660121044E+01
           DelSqV =  7.0509562107E+02
           DelSqVen =  7.2297246677E+02
           DelSqVrep = -1.7876845702E+01
           DelSqG =  6.9390739590E+01
           DelSqK = -7.7448636066E+02
           Stress_EigVals = -1.6173289555E+00 -1.6165568080E+00 -1.4615039996E+00
           Stress_EigVec1 =  9.5206676956E-01 -3.0561100432E-01  1.3068295214E-02
           Stress_EigVec2 = -1.5647556908E-01 -4.4986760280E-01  8.7928069251E-01
           Stress_EigVec3 =  2.6283885288E-01  8.3917879739E-01  4.7612465115E-01
           -DivStress = -2.1229205211E+00 -6.7576566186E+00 -3.8347387350E+00
           ESP =  -1.0732884060E+00     ESP at Nucleus =  -1.0758712093E+00
           ESPe = -1.1727364469E+01     ESPe at Nucleus = -1.1644669215E+01
           ESPn =  1.0654076063E+01     ESPn at Nucleus =  1.0568798005E+01

CP# 12     Coords = -1.54271100459560E+00 -2.99241156173774E+00 -7.87959055379877E-01
           Type = (3,-3) NACP H12
           Rho =  4.1874966380E-01     Rho at Nucleus =  4.1470550030E-01
           GradRho = -2.1324054447E-16  2.7127924202E-17 -3.2472252113E-17
           HessRho_EigVals = -6.3594601123E+00 -6.3540013320E+00 -5.7291124336E+00
           HessRho_EigVec1 = -2.0209962752E-01  8.8587999063E-01  4.1757919339E-01
           HessRho_EigVec2 = -1.5617855958E-01 -4.5007340315E-01  8.7922817818E-01
           HessRho_EigVec3 =  9.6683193890E-01  1.1247477038E-01  2.2931512803E-01
           DelSqRho = -1.8442573878E+01
           Bond Ellipticity = NA
           V = -4.6194481030E+00
           G =  4.4023167610E-03
           K =  4.6150457862E+00
           L =  4.6106434695E+00
           Vnuc =  3.9908213537E+01
           Ven = -1.6711551002E+01
           Vrep =  1.2092102899E+01
           DelSqV =  6.9250972604E+02
           DelSqVen =  7.3601017648E+02
           DelSqVrep = -4.3500450439E+01
           DelSqG =  6.8033532173E+01
           DelSqK = -7.6054325822E+02
           Stress_EigVals = -1.5931115117E+00 -1.5923170856E+00 -1.4340195057E+00
           Stress_EigVec1 = -2.0095796629E-01  8.8566609936E-01  4.1858267549E-01
           Stress_EigVec2 = -1.5599359867E-01 -4.5077952004E-01  8.7889921008E-01
           Stress_EigVec3 =  9.6709973268E-01  1.1132557995E-01  2.2874597765E-01
           -DivStress =  7.9186472805E+00  9.1754046814E-01  1.8761396876E+00
           ESP =  -1.0764367736E+00     ESP at Nucleus =  -1.0791495663E+00
           ESPe = -1.3972904692E+01     ESPe at Nucleus = -1.3929137250E+01
           ESPn =  1.2896467919E+01     ESPn at Nucleus =  1.2849987684E+01

CP# 13     Coords = -4.62965363598112E+00  8.21557750239263E-01  6.23249463219167E-01
           Type = (3,-3) NACP C13
           Rho =  1.1802254358E+02     Rho at Nucleus =  1.1802254247E+02
           GradRho =  4.2600760376E-11 -7.4289621492E-12 -7.4097430106E-12
           HessRho_EigVals = -1.4545095139E+05 -1.4545094417E+05 -1.4545004236E+05
           HessRho_EigVec1 =  9.1800210216E-01 -3.1966989787E-01  2.3469831023E-01
           HessRho_EigVec2 = -3.5371344601E-01 -3.9238778990E-01  8.4906926717E-01
           HessRho_EigVec3 =  1.7932913468E-01  8.6246332023E-01  4.7328435715E-01
           DelSqRho = -4.3635193792E+05
           Bond Ellipticity = NA
           V = -1.0909812460E+05
           G =  5.0700586954E+00
           K =  1.0909305454E+05
           L =  1.0908798448E+05
           Vnuc =  1.5315385750E+06
           Ven = -1.8075607822E+08
           Vrep =  1.8064698009E+08
           DelSqV =  2.5029280327E+09
           DelSqVen =  6.6828981965E+11
           DelSqVrep = -6.6578689162E+11
           DelSqG =  1.3446469523E+08
           DelSqK = -2.6373927279E+09
           Stress_EigVals = -3.6366646463E+04 -3.6365739658E+04 -3.6365738477E+04
           Stress_EigVec1 =  2.0117440730E-01  8.5640614423E-01  4.7549697578E-01
           Stress_EigVec2 = -2.1661071136E-01 -4.3451083126E-01  8.7423116922E-01
           Stress_EigVec3 =  9.5530553101E-01 -2.7887067549E-01  9.8094285173E-02
           -DivStress =  8.2365645449E+02  2.7000268142E+03  1.5194294808E+03
           ESP =  -1.4706716951E+01     ESP at Nucleus =  -1.4706717034E+01
           ESPe = -2.6516341975E+01     ESPe at Nucleus = -2.6516343643E+01
           ESPn =  1.1809625024E+01     ESPn at Nucleus =  1.1809626608E+01

CP# 14     Coords = -4.18367449189191E+00  2.70323709168118E+00  1.67091658019155E+00
           Type = (3,-3) NACP N14
           Rho =  1.9190735908E+02     Rho at Nucleus =  1.9190733936E+02
           GradRho =  4.8625092668E-11  2.2219277199E-11 -2.2088934848E-11
           HessRho_EigVals = -3.2303004685E+05 -3.2302982088E+05 -3.2302275029E+05
           HessRho_EigVec1 =  9.5973055326E-01 -2.7304959899E-01  6.6039243105E-02
           HessRho_EigVec2 = -1.8668930090E-01 -4.4426334806E-01  8.7622895552E-01
           HessRho_EigVec3 =  2.0991514968E-01  8.5327252039E-01  4.7734854758E-01
           DelSqRho = -9.6908261803E+05
           Bond Ellipticity = NA
           V = -2.4230196175E+05
           G =  1.5653619840E+01
           K =  2.4228630813E+05
           L =  2.4227065451E+05
           Vnuc =  6.3350621735E+05
           Ven = -1.2157450513E+08
           Vrep =  1.2133220317E+08
           DelSqV =  7.6078989963E+09
           DelSqVen =  6.1391986426E+11
           DelSqVrep = -6.0631196526E+11
           DelSqG =  4.0789560002E+08
           DelSqK = -8.0157945963E+09
           Stress_EigVals = -8.0768606770E+04 -8.0766704675E+04 -8.0766650301E+04
           Stress_EigVec1 =  2.1027861727E-01  8.5340002909E-01  4.7696047370E-01
           Stress_EigVec2 = -1.8688595881E-01 -4.4378311313E-01  8.7643036626E-01
           Stress_EigVec3 =  9.5961270392E-01 -2.7343178099E-01  6.6170383288E-02
           -DivStress =  5.6203087864E+03  2.3336425194E+04  1.2991702906E+04
           ESP =  -1.8368097505E+01     ESP at Nucleus =  -1.8368098348E+01
           ESPe = -2.8246274383E+01     ESPe at Nucleus = -2.8246256433E+01
           ESPn =  9.8781768780E+00     ESPn at Nucleus =  9.8781580845E+00

CP# 15     Coords =  1.20852399738305E+00  1.10513818960070E+00  2.41421451995978E+00
           Type = (3,-3) NACP H15
           Rho =  4.2655260538E-01     Rho at Nucleus =  4.2289895511E-01
           GradRho = -3.9898639947E-16 -3.1918911958E-16  6.7849371954E-16
           HessRho_EigVals = -6.5147678633E+00 -6.5067999655E+00 -5.9148802720E+00
           HessRho_EigVec1 = -8.2025724074E-02  8.4892094507E-01 -5.2211589672E-01
           HessRho_EigVec2 =  7.2317199993E-01  4.1117997705E-01  5.5493538812E-01
           HessRho_EigVec3 =  6.8577987657E-01 -3.3206062020E-01 -6.4764319297E-01
           DelSqRho = -1.8936448101E+01
           Bond Ellipticity = NA
           V = -4.7435226332E+00
           G =  4.7053039819E-03
           K =  4.7388173292E+00
           L =  4.7341120252E+00
           Vnuc =  4.2264601907E+01
           Ven = -1.8028076059E+01
           Vrep =  1.3284553426E+01
           DelSqV =  7.1346765882E+02
           DelSqVen =  8.0034144052E+02
           DelSqVrep = -8.6873781703E+01
           DelSqG =  7.0412715890E+01
           DelSqK = -7.8388037471E+02
           Stress_EigVals = -1.6317815182E+00 -1.6309814963E+00 -1.4807596186E+00
           Stress_EigVec1 =  4.1658776553E-03  8.9224550941E-01 -4.5153139027E-01
           Stress_EigVec2 =  7.2792278905E-01  3.0689054360E-01  6.1314485029E-01
           Stress_EigVec3 =  6.8564645310E-01 -3.3123427538E-01 -6.4820737127E-01
           -DivStress = -5.4021869374E+00  2.6194563618E+00  5.0996535714E+00
           ESP =  -1.1180078383E+00     ESP at Nucleus =  -1.1204579905E+00
           ESPe = -1.4560341526E+01     ESPe at Nucleus = -1.4489077742E+01
           ESPn =  1.3442333687E+01     ESPn at Nucleus =  1.3368619751E+01

CP# 16     Coords =  3.54667655302546E+00 -2.73516721868530E+00  3.46772160176473E+00
           Type = (3,-3) NACP H16
           Rho =  4.2922669490E-01     Rho at Nucleus =  4.2564230547E-01
           GradRho =  1.6459456628E-11  3.3477710903E-10 -1.0264431484E-09
           HessRho_EigVals = -6.5633893813E+00 -6.5557748842E+00 -5.9665560688E+00
           HessRho_EigVec1 = -4.1313174673E-01  8.6742176019E-01  2.7731146712E-01
           HessRho_EigVec2 =  9.1055118986E-01  3.8851452512E-01  1.4125506859E-01
           HessRho_EigVec3 = -1.4788187277E-02 -3.1086323957E-01  9.5033960025E-01
           DelSqRho = -1.9085720334E+01
           Bond Ellipticity = NA
