AIMSum (Version 19.02.13, Professional)
Copyright (c) 1997-2019 by Todd A. Keith
AIMSum is a component of the AIMAll package ( http://aim.tkgristmill.com )

TP:  64-bit Linux

Much of the Quantum Theory of Atoms in Molecules (QTAIM) is described in the book:
  "Atoms in Molecules - A Quantum Theory"
  R.F.W. Bader, Oxford University Press, Oxford, 1990

For additional references see:  http://aim.tkgristmill.com/references.html

Wfn File:  /home/mhennefarth/Documents/ML_Diels/summary-James2013/15-opt/15-opt.wfn
Sum File:  /home/mhennefarth/Documents/ML_Diels/summary-James2013/15-opt/15-opt.sum

SumViz File:  /home/mhennefarth/Documents/ML_Diels/summary-James2013/15-opt/15-opt.sumviz

Wfn Title:   Title Card Required                                                           
 
Total memory allocated for AIMSum =        0.935 Megabytes

Atomic units (a.u.) used throughout, except where stated otherwise

Model:  Restricted SCF
 
Restricted, closed-shell, single-determinant wavefunction.
  Number of electrons (from MO Occs)                   =          66.0000000000
  Number of Alpha electrons (from MO Occs)             =          33.0000000000
  Number of Beta electrons (from MO Occs)              =          33.0000000000
  Number of electron pairs (N*(N-1)/2)                 =        2145.0000000000
  Number of electron pairs (from Muller 2EDM)          =        2145.0000000000
 
Nuclear Charges and Cartesian Coordinates:
-------------------------------------------------------------------------------
Atom      Charge                X                  Y                  Z
-------------------------------------------------------------------------------
C1         6.0           2.5512331500E+00  -4.1797819300E+00  -1.5923504600E+00
H2         1.0           1.7181808400E+00  -3.0474577900E+00  -3.0918038100E+00
H3         1.0           2.6707577100E+00  -6.2008721500E+00  -1.9286867700E+00
C4         6.0           3.4185393700E+00  -3.1479838900E+00   5.5612476000E-01
C5         6.0           3.4354261100E+00  -4.5396544000E-01   1.2275336000E+00
C6         6.0           3.3698488800E+00   1.4975975700E+00  -3.9458916000E-01
H7         1.0           3.3544044200E+00   1.1079941000E+00  -2.4188020800E+00
C8         6.0          -3.8530681700E+00  -9.9033281000E-01   2.8378124000E-01
C9         6.0          -6.0616854000E+00  -2.1143658100E+00   7.9320894000E-01
H10        1.0          -7.8424688100E+00  -1.0982292600E+00   7.2108603000E-01
H11        1.0          -6.1277604100E+00  -4.1007750000E+00   1.3002599300E+00
H12        1.0           3.5461140800E+00  -3.8936950000E-02   3.2438763100E+00
H13        1.0           4.1742179300E+00  -4.4134521000E+00   1.9969013600E+00
C14        6.0           3.3156263200E+00   4.2295540900E+00   3.4701529000E-01
H15        1.0           4.8789913700E+00   5.2767612900E+00  -5.2908435000E-01
H16        1.0           1.5550019600E+00   5.1213586700E+00  -2.9431227000E-01
H17        1.0           3.4449179200E+00   4.4650379100E+00   2.3992434300E+00
H18        1.0          -2.0761786100E+00  -2.0214196300E+00   3.5872242000E-01
C19        6.0          -3.6698839500E+00   1.6216985800E+00  -3.9627931000E-01
N20        7.0          -3.4760566100E+00   3.7393526700E+00  -9.5772422000E-01
 
Some Atomic Properties:
----------------------
  q(A) = Net Charge of Atom A
  L(A) = Lagrangian of Atom A = -(1/4) Times Atomic Integral of the Laplacian of the Electron Density
  K(A) = Electronic Kinetic Energy of Atom A (Hamiltonian Form)
  K_Scaled(A) = K(A) * E(Mol)/K(Mol) = Approximation to Virial-Based Total Energy of Atom A.
  |Mu_Intra(A)| = Magnitude of Intraatomic Dipole Moment of Atom A
--------------------------------------------------------------------------------------------------
Atom A          q(A)              L(A)              K(A)          K_Scaled(A)      |Mu_Intra(A)|
--------------------------------------------------------------------------------------------------
C1       -1.0349574780E-01 -1.2551424320E-04  3.7706795427E+01 -3.8087493038E+01  1.1274726559E-01
H2        3.6699109790E-02  1.1205820903E-05  5.9604653940E-01 -6.0206438023E-01  1.4837591640E-01
H3        4.1490959750E-02  2.8228751849E-05  5.9514073725E-01 -6.0114943287E-01  1.4829838569E-01
C4       -3.5441612200E-02  1.8510169811E-04  3.7700902179E+01 -3.8081540289E+01  5.9518921025E-02
C5       -4.7701951700E-02  1.5383295488E-04  3.7711713228E+01 -3.8092460490E+01  8.2298218347E-02
C6       -3.9452809200E-02  3.9976320047E-04  3.7709427756E+01 -3.8090151943E+01  5.5959163863E-02
H7        3.2113272830E-02  1.1678327078E-05  6.0255898734E-01 -6.0864257954E-01  1.5087655118E-01
C8        4.9540251600E-02 -1.2228923797E-04  3.7650220368E+01 -3.8030346781E+01  2.9927817518E-01
C9       -3.6188312200E-02 -6.1013323068E-05  3.7688946013E+01 -3.8069463411E+01  1.5516244646E-01
H10       7.4632069420E-02  1.4362945034E-05  5.8217187306E-01 -5.8804963166E-01  1.4201340075E-01
H11       6.9309704660E-02  1.9019089556E-05  5.8474816038E-01 -5.9065192984E-01  1.4216456169E-01
H12       2.5970825410E-02  2.4178211826E-05  6.0411012233E-01 -6.1020937519E-01  1.5551002382E-01
H13       3.0846184370E-02  2.4500145968E-05  6.0410897698E-01 -6.1020821828E-01  1.5183635345E-01
C14      -1.9693627500E-02  4.3948246641E-05  3.7683450626E+01 -3.8063912542E+01  1.1436005069E-01
H15       1.9926826710E-02  2.5160264743E-05  6.0145536449E-01 -6.0752781422E-01  1.5404979603E-01
H16       5.5497179230E-02  5.2434357751E-05  5.8801357709E-01 -5.9395031504E-01  1.3909758859E-01
H17       1.4915325960E-02  2.3487135187E-05  6.0451884275E-01 -6.1062222216E-01  1.5339709186E-01
H18       1.1093809677E-01  3.9178712258E-05  5.6869966996E-01 -5.7444140969E-01  1.3185703345E-01
C19       9.6983274810E-01  1.2652525370E-05  3.7139191938E+01 -3.7514158876E+01  1.0368320103E+00
N20      -1.2492412828E+00 -1.3477791710E-05  5.4960365926E+01 -5.5515260070E+01  6.8107791597E-01
--------------------------------------------------------------------------------------------------
Total     4.9721120000E-04  7.4643779168E-04  3.6248258631E+02 -3.6614230475E+02
 
1st Largest |L(A)| = 3.9976320047E-04, atom C6      
2nd Largest |L(A)| = 1.8510169811E-04, atom C4      
 
Molecular charge q(Mol) from the wfn file:   0.0000000000E+00
Molecular energy E(Mol) from the wfn file:  -3.6614209169E+02
Molecular virial ratio (-V(Mol)/T(Mol)) from the wfn file:   2.0100962600E+00
Note.  K_Scaled(A) = (1+V(Mol)/T(Mol))*K(A) = (E(Mol)/T(Mol))*K(A)
       Only use K_Scaled(A) data with caution.
 
N_AIMInt(SumA)     =         65.999503
N_Analytic(Mol)    =         65.999990
 
G_AIMInt(SumA)     =        362.481840
G_Analytic(Mol)    =        362.482353
 
K_AIMInt(SumA)     =        362.482586
K_Analytic(Mol)    =        362.482353
 
L_AIMInt(SumA)     =          0.000746
L_Analytic(Mol)    =          0.000000
 
VenT_AIMInt(SumA)  =      -1587.471071
VenT_Analytic(Mol) =      -1587.476417
 
Some Information About the Atomic Calculations:
----------------------------------------------
  Time(sec) = "Elapsed User Time", in Seconds, for Atom A by AIMInt and, if used, by TWOe
  NProc = Number of Processors Used for AIMInt Job
  BIM = Basin Integration Method
  OAQ = Angular Quadrature Outside of Beta Sphere
  ORQ = Multiple of Default for Radial Quadrature Outside of Beta Sphere
  IAQ = Multiple of Default for Angular Quadrature Inside of Beta Sphere
  IRQ = Multiple of Default for Radial Quadrature Inside of Beta Sphere
  MIR = Maximum Integration Radius
------------------------------------------------------------------------------------------------------
Atom A     Time(sec)   NProc      BIM          OAQ                     ORQ      IAQ      IRQ      MIR
------------------------------------------------------------------------------------------------------
C1            106        8     Proaim(5)    4500(GS4)                  1.00     1.00     1.00    13.00
H2             22        8     Proaim(5)    1800(GS4)                  1.00     1.00     1.00    13.00
H3             12        8     Proaim(5)    1800(GS4)                  1.00     1.00     1.00    13.00
C4            102        8     Proaim(5)    4500(GS4)                  1.00     1.00     1.00    13.00
C5             84        8     Proaim(5)    4500(GS4)                  1.00     1.00     1.00    13.00
C6            135        8    Promega(1)    4500(GS4)                  1.00     1.00     1.00    13.00
H7             25        8     Proaim(5)    1800(GS4)                  1.00     1.00     1.00    13.00
C8             57        8     Proaim(5)    4500(GS4)                  1.00     1.00     1.00    13.00
C9             43        8     Proaim(5)    4500(GS4)                  1.00     1.00     1.00    13.00
H10            12        8     Proaim(5)    1800(GS4)                  1.00     1.00     1.00    13.00
H11            11        8     Proaim(5)    1800(GS4)                  1.00     1.00     1.00    13.00
H12            14        8     Proaim(5)    1800(GS4)                  1.00     1.00     1.00    13.00
H13            13        8     Proaim(5)    1800(GS4)                  1.00     1.00     1.00    13.00
C14           422        8    Promega(5)    4500(GS4)                  1.00     1.00     1.00    13.00
H15            11        8     Proaim(5)    1800(GS4)                  1.00     1.00     1.00    13.00
H16           110        8    Promega(1)    4500(GS4)                  1.00     1.00     1.00    13.00
H17            17        8     Proaim(5)    1800(GS4)                  1.00     1.00     1.00    13.00
H18            46        8     Proaim(5)    4500(GS4)                  1.00     1.00     1.00    13.00
C19            38        8     Proaim(5)    4500(GS4)                  1.00     1.00     1.00    13.00
N20           119        8    Promega(1)    4500(GS4)                  1.00     1.00     1.00    13.00
------------------------------------------------------------------------------------------------------
Total        1399
Note:  Total wall clock time is less than total of atomic times if more than one atom
       was calculated at a time
 
Electron Density Critical Point Analysis of Molecular Structure:               
---------------------------------------------------------------                
  NACP = Nuclear Attractor Critical Point                                      
  NNACP = Non-Nuclear Attractor Critical Point                                 
  BCP = Bond Critical Point                                                    
  RCP = Ring Critical Point                                                    
  CCP = Cage Critical Point                                                    
  Rho = Electron Density                                                       
  GradRho = Gradient of Electron Density                                       
  HessRho_EigVals = Eigenvalues of the Hessian of Rho, Ascending Order         
  HessRho_EigVecs = Eigenvectors of the Hessian of Rho                         
  DelSqRho = Laplacian of Rho = Trace of Hessian of Rho                        
  Bond Ellipticity = (HessRho_EigVal(1) / HessRho_EigVal(2)) - 1               
  V = Virial Field = Potential Energy Density = Trace of Stress Tensor         
  G = Lagrangian Form of Kinetic Energy Density                                
  K = Hamiltonian Form of Kinetic Energy Density                               
  L = K - G = Lagrangian Density = (-1/4)DelSqRho                              
  Vnuc = Electrostatic Potential from Nuclei                                   
  Ven = Electron-nuclear attractive contribution to Virial Field V             
  Vrep = V - Ven = Repulsive contribution to Virial Field V                    
  DelSqV = Laplacian of V                                                      
  DelSqVen = Laplacian of Ven                                                  
  DelSqVrep = Laplacian of Vrep                                                
  DelSqG = Laplacian of G                                                      
  DelSqK = Laplacian of K                                                      
  Stress_EigVals = Eigenvalues of Stress Tensor, Ascending Order               
  Stress_EigVecs = Eigenvectors of Stress Tensor                               
  -DivStress = Ehrenfest Force Density = Minus Divergence of Stress Tensor     
  ESP = Total Electrostatic Potential                                          
  ESPe = Electrostatic Potential from Electrons                                
  ESPn = Electrostatic Potential from Nuclei                                   
  BP = Bond Path                                                               
  BPL = Bond Path Length                                                       
  GBL = Geometric Bond Length                                                  
  GBL_I = Distance Between Nuclear Attractors                                  
  GBL_II = Distance Between Nuclei                                             
  GBL_III = Sum of Distances Between BCP and Nuclear Attractors                
  GBL_IV = Sum of Distances Between BCP and Nuclei                             

CP# 1      Coords =  2.55123293780942E+00 -4.17978226184287E+00 -1.59235125961937E+00
           Type = (3,-3) NACP C1
           Rho =  1.1767199188E+02     Rho at Nucleus =  1.1767199182E+02
           GradRho = -2.4312551972E-11 -3.6901646669E-11 -1.4244318225E-10
           HessRho_EigVals = -1.4500045010E+05 -1.4499965956E+05 -1.4499948812E+05
           HessRho_EigVec1 =  8.7541272088E-01  1.4601276796E-01 -4.6079587640E-01
           HessRho_EigVec2 = -3.1830001129E-01  8.9155885847E-01 -3.2219234115E-01
           HessRho_EigVec3 =  3.6378245000E-01  4.2872260668E-01  8.2695783181E-01
           DelSqRho = -4.3499959778E+05
           Bond Ellipticity = NA
           V = -1.0876015612E+05
           G =  5.1283362245E+00
           K =  1.0875502778E+05
           L =  1.0874989944E+05
           Vnuc =  6.7312423764E+06
           Ven = -7.9207869827E+08
           Vrep =  7.9196993811E+08
           DelSqV =  2.4951871343E+09
           DelSqVen =  2.9280874004E+12
           DelSqVrep = -2.9255922133E+12
           DelSqG =  1.3403014734E+08
           DelSqK = -2.6292172816E+09
           Stress_EigVals = -3.6253618407E+04 -3.6253513156E+04 -3.6253024553E+04
           Stress_EigVec1 =  3.3662505782E-01  4.5786620796E-01  8.2282568388E-01
           Stress_EigVec2 = -3.0576357010E-01  8.7962234061E-01 -3.6438053885E-01
           Stress_EigVec3 =  8.9061338955E-01  1.2893049871E-01 -4.3610172764E-01
           -DivStress =  1.7215142261E+02  2.7124322260E+02  6.5071640324E+02
           ESP =  -1.4743706220E+01     ESP at Nucleus =  -1.4743706232E+01
           ESPe = -2.5215389501E+01     ESPe at Nucleus = -2.5215390611E+01
           ESPn =  1.0471683281E+01     ESPn at Nucleus =  1.0471684379E+01

CP# 2      Coords =  1.73227458843042E+00 -3.06665373026191E+00 -3.06640945441261E+00
           Type = (3,-3) NACP H2
           Rho =  4.2497016714E-01     Rho at Nucleus =  4.2131420388E-01
           GradRho = -2.4153313898E-16  3.3800002727E-16  1.1290474848E-15
           HessRho_EigVals = -6.4726810384E+00 -6.4662175997E+00 -5.8775351723E+00
           HessRho_EigVec1 =  9.6165725523E-02  8.1869492561E-01  5.6611904404E-01
           HessRho_EigVec2 = -9.0951499560E-01 -1.5879728915E-01  3.8414306415E-01
           HessRho_EigVec3 =  4.0439414686E-01 -5.5183515632E-01  7.2934445514E-01
           DelSqRho = -1.8816433810E+01
           Bond Ellipticity = NA
           V = -4.7136366269E+00
           G =  4.7640871279E-03
           K =  4.7088725397E+00
           L =  4.7041084526E+00
           Vnuc =  4.0830099260E+01
           Ven = -1.7351574107E+01
           Vrep =  1.2637937480E+01
           DelSqV =  7.0869860338E+02
           DelSqVen =  7.6827686019E+02
           DelSqVrep = -5.9578256816E+01
           DelSqG =  6.9769698220E+01
           DelSqK = -7.7846830160E+02
           Stress_EigVals = -1.6214990244E+00 -1.6210414009E+00 -1.4710962016E+00
           Stress_EigVec1 =  1.8901731012E-01  8.3167826965E-01  5.2209550110E-01
           Stress_EigVec2 = -8.9429835497E-01 -7.3808364641E-02  4.4134201886E-01
           Stress_EigVec3 =  4.0558958169E-01 -5.5033042901E-01  7.2981744986E-01
           -DivStress = -3.1801363496E+00  4.3309970416E+00 -5.7311476673E+00
           ESP =  -1.1053132836E+00     ESP at Nucleus =  -1.1077405280E+00
           ESPe = -1.3211058344E+01     ESPe at Nucleus = -1.3149615789E+01
           ESPn =  1.2105745061E+01     ESPn at Nucleus =  1.2041875261E+01

CP# 3      Coords =  2.66866929557006E+00 -6.16643776998117E+00 -1.92300398450645E+00
           Type = (3,-3) NACP H3
           Rho =  4.2538976000E-01     Rho at Nucleus =  4.2170146060E-01
           GradRho = -4.9549779189E-10  8.1673124386E-09  1.3481366818E-09
           HessRho_EigVals = -6.4770437092E+00 -6.4705326568E+00 -5.8777328890E+00
           HessRho_EigVec1 =  4.0054402646E-01 -1.2675269323E-01  9.0746803669E-01
           HessRho_EigVec2 =  9.1437061272E-01  1.1915589466E-01 -3.8694735477E-01
           HessRho_EigVec3 = -5.9083546431E-02  9.8475155624E-01  1.6362611960E-01
           DelSqRho = -1.8825309255E+01
           Bond Ellipticity = NA
           V = -4.7157216956E+00
           G =  4.6971909405E-03
           K =  4.7110245047E+00
           L =  4.7063273138E+00
           Vnuc =  3.9176803954E+01
           Ven = -1.6665411232E+01
           Vrep =  1.1949689536E+01
           DelSqV =  7.0886312857E+02
           DelSqVen =  7.3751546358E+02
           DelSqVrep = -2.8652335010E+01
           DelSqG =  6.9765597939E+01
           DelSqK = -7.7862872651E+02
           Stress_EigVals = -1.6225719201E+00 -1.6221475911E+00 -1.4710021845E+00
           Stress_EigVec1 =  4.9643334662E-01 -1.1471802381E-01  8.6046133404E-01
           Stress_EigVec2 =  8.6612623251E-01  1.3183627890E-01 -4.8212503038E-01
           Stress_EigVec3 = -5.8131589708E-02  9.8461107579E-01  1.6480821491E-01
           -DivStress =  4.7060422400E-01 -7.7737695908E+00 -1.2839510838E+00
           ESP =  -1.1053272255E+00     ESP at Nucleus =  -1.1077944347E+00
           ESPe = -1.1680123593E+01     ESPe at Nucleus = -1.1599096049E+01
           ESPn =  1.0574796367E+01     ESPn at Nucleus =  1.0491301615E+01

CP# 4      Coords =  3.41853946830832E+00 -3.14798292076459E+00  5.56125730067212E-01
           Type = (3,-3) NACP C4
           Rho =  1.1766793625E+02     Rho at Nucleus =  1.1766793611E+02
           GradRho =  4.3534502392E-11  4.3886739620E-10  4.2122575089E-10
           HessRho_EigVals = -1.4498756902E+05 -1.4498651511E+05 -1.4498620777E+05
           HessRho_EigVec1 =  9.2160651934E-01  6.1238678196E-02 -3.8326394012E-01
           HessRho_EigVec2 = -1.0632013209E-01  9.8953523241E-01 -9.7550260535E-02
           HessRho_EigVec3 =  3.7327932305E-01  1.3065162881E-01  9.1847302566E-01
           DelSqRho = -4.3496029190E+05
           Bond Ellipticity = NA
           V = -1.0875026356E+05
           G =  5.0952944992E+00
           K =  1.0874516827E+05
           L =  1.0874007297E+05
           Vnuc =  4.3642398425E+06
           Ven = -5.1353109555E+08
           Vrep =  5.1342234529E+08
           DelSqV =  2.4949527698E+09
           DelSqVen =  1.8982711460E+12
           DelSqVrep = -1.8957761932E+12
           DelSqG =  1.3400957115E+08
           DelSqK = -2.6289623410E+09
           Stress_EigVals = -3.6250362948E+04 -3.6250212229E+04 -3.6249688387E+04
           Stress_EigVec1 =  3.7089391691E-01  2.2505198075E-01  9.0099351183E-01
           Stress_EigVec2 = -1.5421632498E-01  9.7164737715E-01 -1.7921690652E-01
           Stress_EigVec3 =  9.1578110240E-01  7.2477447790E-02 -3.9508479097E-01
           -DivStress = -8.0060940195E+01 -7.8893468430E+02 -7.8421103133E+02
           ESP =  -1.4731418343E+01     ESP at Nucleus =  -1.4731418358E+01
           ESPe = -2.6312883162E+01     ESPe at Nucleus = -2.6312883024E+01
           ESPn =  1.1581464820E+01     ESPn at Nucleus =  1.1581464666E+01

CP# 5      Coords =  3.43542611949221E+00 -4.53967263309630E-01  1.22753393498255E+00
           Type = (3,-3) NACP C5
           Rho =  1.1765631602E+02     Rho at Nucleus =  1.1765631577E+02
           GradRho =  3.2367018787E-11 -1.3908463005E-09  2.5132238716E-10
           HessRho_EigVals = -1.4497545840E+05 -1.4497487094E+05 -1.4497456670E+05
           HessRho_EigVec1 =  9.9523570113E-01 -4.7017867867E-02 -8.5412055980E-02
           HessRho_EigVec2 =  8.7321963795E-02  8.1951977937E-01  5.6635872542E-01
           HessRho_EigVec3 =  4.3367889555E-02 -5.7111877164E-01  8.1972103477E-01
           DelSqRho = -4.3492489603E+05
           Bond Ellipticity = NA
           V = -1.0874149043E+05
           G =  5.1332128083E+00
           K =  1.0873635722E+05
           L =  1.0873122401E+05
           Vnuc =  3.2365193697E+06
           Ven = -3.8079694578E+08
           Vrep =  3.8068820429E+08
           DelSqV =  2.4947543458E+09
           DelSqVen =  1.4076429271E+12
           DelSqVrep = -1.4051481728E+12
           DelSqG =  1.3400131141E+08
           DelSqK = -2.6287556572E+09
           Stress_EigVals = -3.6247398846E+04 -3.6247249517E+04 -3.6246842071E+04
           Stress_EigVec1 =  3.4818360173E-02 -6.4566344831E-01  7.6282789233E-01
           Stress_EigVec2 =  5.7103469446E-02  7.6332900556E-01  6.4348117536E-01
           Stress_EigVec3 =  9.9776093107E-01 -2.1155159914E-02 -6.3447487239E-02
           -DivStress = -9.4959554770E+00  1.4829016197E+03 -2.6896356703E+02
           ESP =  -1.4741896512E+01     ESP at Nucleus =  -1.4741896534E+01
           ESPe = -2.7053869570E+01     ESPe at Nucleus = -2.7053870132E+01
           ESPn =  1.2311973058E+01     ESPn at Nucleus =  1.2311973598E+01

CP# 6      Coords =  3.36984865264230E+00  1.49759900546790E+00 -3.94589515709246E-01
           Type = (3,-3) NACP C6
           Rho =  1.1768390711E+02     Rho at Nucleus =  1.1768390695E+02
           GradRho = -1.0711845300E-10  6.9197906736E-10 -1.8299949577E-10
           HessRho_EigVals = -1.4500975978E+05 -1.4500866806E+05 -1.4500839390E+05
           HessRho_EigVec1 =  9.9910806962E-01  2.6694227130E-02  3.2718243538E-02
           HessRho_EigVec2 = -4.0917050587E-02  8.0347267675E-01  5.9393387906E-01
           HessRho_EigVec3 = -1.0433608846E-02 -5.9474286541E-01  8.0384828410E-01
           DelSqRho = -4.3502682173E+05
           Bond Ellipticity = NA
           V = -1.0876686991E+05
           G =  5.0822372930E+00
           K =  1.0876178767E+05
           L =  1.0875670543E+05
           Vnuc =  4.0100152364E+06
           Ven = -4.7191426058E+08
           Vrep =  4.7180549371E+08
           DelSqV =  2.4953349708E+09
           DelSqVen =  1.7444640850E+12
           DelSqVrep = -1.7419687500E+12
           DelSqG =  1.3403253131E+08
           DelSqK = -2.6293675022E+09
           Stress_EigVals = -3.6255898336E+04 -3.6255747553E+04 -3.6255224018E+04
           Stress_EigVec1 =  5.7912164993E-03 -6.4350919121E-01  7.6541647659E-01
           Stress_EigVec2 = -2.3287423039E-02  7.6513494125E-01  6.4344869073E-01
           Stress_EigVec3 =  9.9971203741E-01  2.1550927965E-02  1.0554608669E-02
           -DivStress =  1.8393603661E+02 -1.1715378188E+03  2.8551792140E+02
           ESP =  -1.4736547527E+01     ESP at Nucleus =  -1.4736547542E+01
           ESPe = -2.6969763797E+01     ESPe at Nucleus = -2.6969764571E+01
           ESPn =  1.2233216270E+01     ESPn at Nucleus =  1.2233217029E+01

CP# 7      Coords =  3.35461870568284E+00  1.11459627909055E+00 -2.38508196915931E+00
           Type = (3,-3) NACP H7
           Rho =  4.2872928749E-01     Rho at Nucleus =  4.2512425523E-01
           GradRho =  2.6472210139E-11  7.9874835296E-10  4.0733163444E-09
           HessRho_EigVals = -6.5508972804E+00 -6.5437223051E+00 -5.9533420979E+00
           HessRho_EigVec1 = -6.3118480839E-02  9.7936227979E-01 -1.9200412054E-01
           HessRho_EigVec2 =  9.9798205548E-01  6.0604060652E-02 -1.8946365483E-02
           HessRho_EigVec3 =  6.9191263268E-03  1.9281253269E-01  9.8121121729E-01
           DelSqRho = -1.9047961683E+01
           Bond Ellipticity = NA
           V = -4.7713037977E+00
           G =  4.6566884246E-03
           K =  4.7666471093E+00
           L =  4.7619904209E+00
           Vnuc =  4.1960981285E+01
           Ven = -1.7989901609E+01
           Vrep =  1.3218597811E+01
           DelSqV =  7.1795893182E+02
           DelSqVen =  7.9927117074E+02
           DelSqVrep = -8.1312238916E+01
           DelSqG =  7.0870952958E+01
           DelSqK = -7.8882988478E+02
           Stress_EigVals = -1.6410094595E+00 -1.6398791547E+00 -1.4904151835E+00
           Stress_EigVec1 =  9.6328696654E-04  9.8157247065E-01 -1.9108782518E-01
           Stress_EigVec2 =  9.9998300092E-01 -2.0444004112E-03 -5.4606125223E-03
           Stress_EigVec3 =  5.7506469531E-03  1.9107931673E-01  9.8155775417E-01
           -DivStress = -4.8719020316E-02 -1.5070445409E+00 -7.7006080665E+00
           ESP =  -1.1116924079E+00     ESP at Nucleus =  -1.1140937427E+00
           ESPe = -1.3969939463E+01     ESPe at Nucleus = -1.3892854555E+01
           ESPn =  1.2858247055E+01     ESPn at Nucleus =  1.2778760812E+01

CP# 8      Coords = -3.85306790434373E+00 -9.90328639692717E-01  2.83780162712330E-01
           Type = (3,-3) NACP C8
           Rho =  1.1760585728E+02     Rho at Nucleus =  1.1760585593E+02
           GradRho =  6.7888290475E-12  7.6831969606E-12  7.0288338951E-13
           HessRho_EigVals = -1.4490425381E+05 -1.4490419590E+05 -1.4490319662E+05
           HessRho_EigVec1 =  9.6539886770E-02  2.3626693146E-01  9.6688054451E-01
           HessRho_EigVec2 =  5.2800277047E-02  9.6883446850E-01 -2.4201632876E-01
           HessRho_EigVec3 =  9.9392765381E-01 -7.4415789597E-02 -8.1056210450E-02
           DelSqRho = -4.3471164634E+05
           Bond Ellipticity = NA
           V = -1.0868823769E+05
           G =  5.1630516661E+00
           K =  1.0868307464E+05
           L =  1.0867791158E+05
           Vnuc =  1.3903846467E+06
           Ven = -1.6351737833E+08
           Vrep =  1.6340869009E+08
           DelSqV =  2.4935275185E+09
           DelSqVen =  6.0441639834E+11
           DelSqVrep = -6.0192287184E+11
           DelSqG =  1.3392683598E+08
           DelSqK = -2.6274543545E+09
           Stress_EigVals = -3.6229732525E+04 -3.6229391125E+04 -3.6229114037E+04
           Stress_EigVec1 =  9.9474282363E-01  1.5061895494E-03 -1.0239358487E-01
           Stress_EigVec2 = -2.6366825891E-02  9.6994706765E-01 -2.4188318763E-01
           Stress_EigVec3 =  9.8952035458E-02  2.4331135888E-01  9.6488759828E-01
           -DivStress = -2.1041818931E+02 -3.3790957096E+03  8.7203575675E+02
           ESP =  -1.4688625349E+01     ESP at Nucleus =  -1.4688625434E+01
           ESPe = -2.6513070825E+01     ESPe at Nucleus = -2.6513068731E+01
           ESPn =  1.1824445477E+01     ESPn at Nucleus =  1.1824443297E+01

CP# 9      Coords = -6.06168546142657E+00 -2.11436602136298E+00  7.93209011435206E-01
           Type = (3,-3) NACP C9
           Rho =  1.1769542525E+02     Rho at Nucleus =  1.1769542525E+02
           GradRho = -5.9074551742E-11 -8.2174192852E-12  6.9188200091E-12
           HessRho_EigVals = -1.4502474504E+05 -1.4502322988E+05 -1.4502322673E+05
           HessRho_EigVec1 =  1.0065323672E-01  2.4311628099E-01  9.6476079930E-01
           HessRho_EigVec2 = -1.2600912738E-01  9.6499162788E-01 -2.3002795033E-01
           HessRho_EigVec3 =  9.8690963404E-01  9.8415608716E-02 -1.2776440118E-01
           DelSqRho = -4.3507120165E+05
           Bond Ellipticity = NA
           V = -1.0877801379E+05
           G =  5.1066909307E+00
           K =  1.0877290710E+05
           L =  1.0876780041E+05
           Vnuc =  2.5928032068E+07
           Ven = -3.0516107602E+09
           Vrep =  3.0515019822E+09
           DelSqV =  2.4955900463E+09
           DelSqVen =  1.1280479945E+13
           DelSqVrep = -1.1277984355E+13
           DelSqG =  1.3404710756E+08
           DelSqK = -2.6296371538E+09
           Stress_EigVals = -3.6259598949E+04 -3.6259547291E+04 -3.6258867554E+04
           Stress_EigVec1 =  8.6435183923E-01  4.5911170969E-01 -2.0521290420E-01
           Stress_EigVec2 = -4.9284323791E-01  8.5450080027E-01 -1.6411558483E-01
           Stress_EigVec3 =  1.0000720413E-01  2.4299139976E-01  9.6485943990E-01
           -DivStress =  4.9896704303E+01  1.7294325485E+02 -5.8408822895E+01
           ESP =  -1.4704145572E+01     ESP at Nucleus =  -1.4704145574E+01
           ESPe = -2.4444742100E+01     ESPe at Nucleus = -2.4444742351E+01
           ESPn =  9.7405965276E+00     ESPn at Nucleus =  9.7405967768E+00

CP# 10     Coords = -7.81113939601385E+00 -1.11608246251893E+00  7.22349541111771E-01
           Type = (3,-3) NACP H10
           Rho =  4.2278204171E-01     Rho at Nucleus =  4.1889101368E-01
           GradRho =  1.2373883701E-10 -7.0540133353E-11  4.9960036278E-12
           HessRho_EigVals = -6.4305301306E+00 -6.4248081959E+00 -5.8118927705E+00
           HessRho_EigVec1 =  4.8618788700E-01  8.3451321662E-01 -2.5924704400E-01
           HessRho_EigVec2 =  9.9064275085E-02  2.4212307084E-01  9.6517495200E-01
           HessRho_EigVec3 =  8.6822094419E-01 -4.9493849098E-01  3.5046857355E-02
           DelSqRho = -1.8667231097E+01
           Bond Ellipticity = NA
           V = -4.6755646448E+00
           G =  4.3784352858E-03
           K =  4.6711862095E+00
           L =  4.6668077742E+00
           Vnuc =  3.8151831141E+01
           Ven = -1.6129909065E+01
           Vrep =  1.1454344420E+01
           DelSqV =  7.0184274331E+02
           DelSqVen =  7.1218904889E+02
           DelSqVrep = -1.0346305588E+01
           DelSqG =  6.9023392054E+01
           DelSqK = -7.7086613536E+02
           Stress_EigVals = -1.6109212358E+00 -1.6101466810E+00 -1.4544967280E+00
           Stress_EigVec1 =  4.8491222255E-01  8.3461144204E-01 -2.6131183907E-01
           Stress_EigVec2 =  1.0006868228E-01  2.4387930199E-01  9.6462901931E-01
           Stress_EigVec3 =  8.6881896575E-01 -4.9390953308E-01  3.4741587141E-02
           -DivStress = -7.0138930266E+00  3.9959488248E+00 -2.8267326536E-01
           ESP =  -1.0741796533E+00     ESP at Nucleus =  -1.0767874705E+00
           ESPe = -1.1510879261E+01     ESPe at Nucleus = -1.1433325076E+01
           ESPn =  1.0436699608E+01     ESPn at Nucleus =  1.0356537606E+01

CP# 11     Coords = -6.12660776995779E+00 -4.06601453358008E+00  1.29138752974737E+00
           Type = (3,-3) NACP H11
           Rho =  4.2375587047E-01     Rho at Nucleus =  4.1989315411E-01
           GradRho = -2.7058128687E-15  2.6065626301E-15 -4.1603547864E-16
           HessRho_EigVals = -6.4485601911E+00 -6.4429004462E+00 -5.8319522420E+00
           HessRho_EigVec1 =  9.9458725137E-01 -5.5588522927E-02 -8.7784483467E-02
           HessRho_EigVec2 =  9.8754469766E-02  2.4303291029E-01  9.6497800971E-01
           HessRho_EigVec3 =  3.2307183722E-02  9.6842393642E-01 -2.4720704934E-01
           DelSqRho = -1.8723412879E+01
           Bond Ellipticity = NA
           V = -4.6895907202E+00
           G =  4.3687501727E-03
           K =  4.6852219700E+00
           L =  4.6808532198E+00
           Vnuc =  3.8215635002E+01
           Ven = -1.6194099676E+01
           Vrep =  1.1504508956E+01
           DelSqV =  7.0413929537E+02
           DelSqVen =  7.1552711259E+02
           DelSqVrep = -1.1387817229E+01
           DelSqG =  6.9275390804E+01
           DelSqK = -7.7341468617E+02
           Stress_EigVals = -1.6154042158E+00 -1.6147095597E+00 -1.4594769448E+00
           Stress_EigVec1 =  9.9434883910E-01 -5.7617515746E-02 -8.9166182276E-02
           Stress_EigVec2 =  1.0059385665E-01  2.4291828585E-01  9.6481686470E-01
           Stress_EigVec3 =  3.3930254739E-02  9.6833409951E-01 -2.4734148365E-01
           -DivStress = -2.6046139486E-01 -7.8049125809E+00  1.9923342516E+00
           ESP =  -1.0739363106E+00     ESP at Nucleus =  -1.0765242621E+00
           ESPe = -1.1429317006E+01     ESPe at Nucleus = -1.1352859619E+01
           ESPn =  1.0355380695E+01     ESPn at Nucleus =  1.0276335357E+01

CP# 12     Coords =  3.54428182853421E+00 -4.59732482633076E-02  3.21062890487702E+00
           Type = (3,-3) NACP H12
           Rho =  4.2878432460E-01     Rho at Nucleus =  4.2524231330E-01
           GradRho = -1.3144502240E-10 -5.0618641032E-10 -2.3887637978E-09
           HessRho_EigVals = -6.5570655506E+00 -6.5489461004E+00 -5.9654547099E+00
           HessRho_EigVec1 = -4.2926153278E-02  9.7774191435E-01 -2.0537306127E-01
           HessRho_EigVec2 =  9.9765269416E-01  3.0972166916E-02 -6.1072307235E-02
           HessRho_EigVec3 =  5.3352105856E-02  2.0751258710E-01  9.7677637103E-01
           DelSqRho = -1.9071466361E+01
           Bond Ellipticity = NA
           V = -4.7773334132E+00
           G =  4.7334115116E-03
           K =  4.7726000017E+00
           L =  4.7678665902E+00
           Vnuc =  4.1795060166E+01
           Ven = -1.7921066645E+01
           Vrep =  1.3143733231E+01
           DelSqV =  7.1921458386E+02
           DelSqVen =  7.9709308821E+02
           DelSqVrep = -7.7878504353E+01
           DelSqG =  7.1041694291E+01
           DelSqK = -7.9025627815E+02
           Stress_EigVals = -1.6423503772E+00 -1.6415696130E+00 -1.4934134230E+00
           Stress_EigVec1 =  3.9993850827E-02  9.7713463189E-01 -2.0882625088E-01
           Stress_EigVec2 =  9.9776324997E-01 -5.0257702167E-02 -4.4075621178E-02
           Stress_EigVec3 =  5.3562943396E-02  2.0659640494E-01  9.7695902502E-01
           -DivStress =  4.1886332211E-01  1.6086518000E+00  7.6023074494E+00
           ESP =  -1.1117408179E+00     ESP at Nucleus =  -1.1141204150E+00
           ESPe = -1.3523701143E+01     ESPe at Nucleus = -1.3441211657E+01
           ESPn =  1.2411960325E+01     ESPn at Nucleus =  1.2327091242E+01

CP# 13     Coords =  4.16165542306408E+00 -4.39233819635505E+00  1.97305189702439E+00
           Type = (3,-3) NACP H13
           Rho =  4.2990694467E-01     Rho at Nucleus =  4.2631419775E-01
           GradRho =  2.1757769197E-15  2.2346219927E-15 -3.3176586478E-16
           HessRho_EigVals = -6.5742856144E+00 -6.5665375947E+00 -5.9759735230E+00
           HessRho_EigVec1 =  1.7184980558E-01  7.7993166356E-01  6.0180914292E-01
           HessRho_EigVec2 = -9.1427838925E-01 -1.0120750733E-01  3.9223980854E-01
           HessRho_EigVec3 =  3.6682784964E-01 -6.1762742867E-01  6.9568217462E-01
           DelSqRho = -1.9116796732E+01
           Bond Ellipticity = NA
           V = -4.7882573624E+00
           G =  4.5290897006E-03
           K =  4.7837282727E+00
           L =  4.7791991830E+00
           Vnuc =  4.0617656240E+01
           Ven = -1.7461812494E+01
           Vrep =  1.2673555131E+01
           DelSqV =  7.2067585159E+02
           DelSqVen =  7.7647947808E+02
           DelSqVrep = -5.5803626496E+01
           DelSqG =  7.1187256626E+01
           DelSqK = -7.9186310821E+02
           Stress_EigVals = -1.6467199032E+00 -1.6455669994E+00 -1.4959704599E+00
           Stress_EigVec1 =  2.3523965794E-01  7.8588568079E-01  5.7187935796E-01
           Stress_EigVec2 = -9.0001573984E-01 -4.5994854278E-02  4.3342374349E-01
           Stress_EigVec3 =  3.6692502145E-01 -6.1665887662E-01  6.9648966864E-01
           -DivStress =  2.8787576790E+00 -4.8383840359E+00  5.4658118453E+00
           ESP =  -1.1076821968E+00     ESP at Nucleus =  -1.1100893103E+00
           ESPe = -1.2520139398E+01     ESPe at Nucleus = -1.2435697270E+01
           ESPn =  1.1412457201E+01     ESPn at Nucleus =  1.1325607960E+01

CP# 14     Coords =  3.31562672668165E+00  4.22955309638331E+00  3.47014947010661E-01
           Type = (3,-3) NACP C14
           Rho =  1.1751342041E+02     Rho at Nucleus =  1.1751342032E+02
           GradRho =  1.4450010220E-10 -2.9534242001E-10 -9.4338055651E-11
           HessRho_EigVals = -1.4480294218E+05 -1.4480261033E+05 -1.4480250985E+05
           HessRho_EigVec1 =  6.0876819703E-02  9.2134473358E-01  3.8395038056E-01
           HessRho_EigVec2 = -7.9802405683E-01 -1.8612447465E-01  5.7316252900E-01
           HessRho_EigVec3 =  5.9954284045E-01 -3.4129395226E-01  7.2392459594E-01
           DelSqRho = -4.3440806235E+05
           Bond Ellipticity = NA
           V = -1.0861252851E+05
           G =  5.2564619963E+00
           K =  1.0860727205E+05
           L =  1.0860201559E+05
           Vnuc =  5.3235085991E+06
           Ven = -6.2558370409E+08
           Vrep =  6.2547509156E+08
           DelSqV =  2.4918111710E+09
           DelSqVen =  2.3125750579E+12
           DelSqVrep = -2.3100833123E+12
           DelSqG =  1.3384611093E+08
           DelSqK = -2.6256572819E+09
           Stress_EigVals = -3.6204230889E+04 -3.6204201421E+04 -3.6204096201E+04
           Stress_EigVec1 =  5.4364834588E-01 -3.3546557786E-01  7.6935643371E-01
           Stress_EigVec2 = -8.3818027184E-01 -1.6938859266E-01  5.1842196769E-01
           Stress_EigVec3 =  4.3592521402E-02  9.2669862995E-01  3.7326845745E-01
           -DivStress = -3.3082303048E+02  8.0590108086E+02  2.7782762991E+02
           ESP =  -1.4746666411E+01     ESP at Nucleus =  -1.4746666413E+01
           ESPe = -2.5136191080E+01     ESPe at Nucleus = -2.5136190009E+01
           ESPn =  1.0389524669E+01     ESPn at Nucleus =  1.0389523596E+01

CP# 15     Coords =  4.85384874872045E+00  5.25973774644361E+00 -5.15045207207975E-01
           Type = (3,-3) NACP H15
           Rho =  4.2168148075E-01     Rho at Nucleus =  4.1832485205E-01
           GradRho = -2.3332030752E-15  2.9707139526E-16  3.6656875452E-16
           HessRho_EigVals = -6.4154989580E+00 -6.4135518617E+00 -5.8565336021E+00
           HessRho_EigVec1 = -2.0248514917E-01  7.8265938119E-01  5.8859498588E-01
           HessRho_EigVec2 = -6.2777340295E-01  3.5755955614E-01 -6.9141284220E-01
           HessRho_EigVec3 =  7.5159850912E-01  5.0950510974E-01 -4.1893224301E-01
           DelSqRho = -1.8685584422E+01
           Bond Ellipticity = NA
           V = -4.6811771417E+00
           G =  4.8905181390E-03
           K =  4.6762866236E+00
           L =  4.6713961055E+00
           Vnuc =  4.0580008350E+01
           Ven = -1.7111838010E+01
           Vrep =  1.2430660868E+01
           DelSqV =  7.0480194045E+02
           DelSqVen =  7.5826117186E+02
           DelSqVrep = -5.3459231414E+01
           DelSqG =  6.9342220128E+01
           DelSqK = -7.7414416057E+02
           Stress_EigVals = -1.6075784594E+00 -1.6074498347E+00 -1.4661488477E+00
           Stress_EigVec1 = -4.9347490627E-01  8.5576171138E-01  1.5541689165E-01
           Stress_EigVec2 = -4.3807096904E-01 -9.0178452082E-02 -8.9440576522E-01
           Stress_EigVec3 =  7.5138295360E-01  5.0945042949E-01 -4.1938516536E-01
           -DivStress =  5.6309660767E+00  3.8131998629E+00 -3.1445371673E+00
           ESP =  -1.1198238512E+00     ESP at Nucleus =  -1.1220306743E+00
           ESPe = -1.1806435880E+01     ESPe at Nucleus = -1.1730001245E+01
           ESPn =  1.0686612028E+01     ESPn at Nucleus =  1.0607970570E+01

CP# 16     Coords =  1.58434913901889E+00  5.10650799906675E+00 -2.83780341128172E-01
           Type = (3,-3) NACP H16
           Rho =  4.1704659923E-01     Rho at Nucleus =  4.1352027860E-01
           GradRho =  8.0178919060E-15 -6.2580149396E-15  2.7748799352E-15
           HessRho_EigVals = -6.3343942362E+00 -6.3329341755E+00 -5.7632145844E+00
           HessRho_EigVec1 =  2.7675233170E-01  8.5416515846E-01  4.4023860460E-01
           HessRho_EigVec2 =  4.5072712897E-01  2.8922437490E-01 -8.4450832807E-01
           HessRho_EigVec3 =  8.4867732508E-01 -4.3214713124E-01  3.0495188940E-01
           DelSqRho = -1.8430542996E+01
           Bond Ellipticity = NA
