AIMSum (Version 19.02.13, Professional)
Copyright (c) 1997-2019 by Todd A. Keith
AIMSum is a component of the AIMAll package ( http://aim.tkgristmill.com )

TP:  64-bit Linux

Much of the Quantum Theory of Atoms in Molecules (QTAIM) is described in the book:
  "Atoms in Molecules - A Quantum Theory"
  R.F.W. Bader, Oxford University Press, Oxford, 1990

For additional references see:  http://aim.tkgristmill.com/references.html

Wfn File:  /home/mhennefarth/Documents/ML_Diels/summary-James2013/16-opt/16-opt.wfn
Sum File:  /home/mhennefarth/Documents/ML_Diels/summary-James2013/16-opt/16-opt.sum

SumViz File:  /home/mhennefarth/Documents/ML_Diels/summary-James2013/16-opt/16-opt.sumviz

Wfn Title:   Title Card Required                                                           
 
Total memory allocated for AIMSum =        0.961 Megabytes

Atomic units (a.u.) used throughout, except where stated otherwise

Model:  Restricted SCF
 
Restricted, closed-shell, single-determinant wavefunction.
  Number of electrons (from MO Occs)                   =          66.0000000000
  Number of Alpha electrons (from MO Occs)             =          33.0000000000
  Number of Beta electrons (from MO Occs)              =          33.0000000000
  Number of electron pairs (N*(N-1)/2)                 =        2145.0000000000
  Number of electron pairs (from Muller 2EDM)          =        2145.0000000000
 
Nuclear Charges and Cartesian Coordinates:
-------------------------------------------------------------------------------
Atom      Charge                X                  Y                  Z
-------------------------------------------------------------------------------
C1         6.0           3.6076897600E+00   2.0899889300E+00  -1.5394333600E+00
C2         6.0           4.4953109200E+00   3.6848403800E+00   2.1956539000E-01
H3         1.0           5.2564891000E+00   5.5225172500E+00  -2.8749858000E-01
H4         1.0           4.4985373500E+00   3.2043350300E+00   2.2178885100E+00
C5         6.0           2.5949751500E+00  -4.5705190000E-01  -1.0945497000E+00
C6         6.0           3.2888875500E+00  -2.0201651100E+00   7.8031323000E-01
C7         6.0          -3.4612275800E+00   3.2339994400E+00   1.2537485800E+00
H8         1.0          -1.4792370600E+00   2.9798494200E+00   7.8748326000E-01
H9         1.0          -3.9917762800E+00   4.9588514900E+00   2.2297984400E+00
C10        6.0          -5.2184720500E+00   1.5117660000E+00   6.6229663000E-01
H11        1.0           1.1823774600E+00  -1.1168789900E+00  -2.4416094300E+00
H12        1.0           3.5812150800E+00   2.7227427100E+00  -3.5015450700E+00
C13        6.0           2.1850858600E+00  -4.5905541100E+00   1.2353213800E+00
H14        1.0           3.6294131000E+00  -6.0712173900E+00   1.0476648400E+00
H15        1.0           1.4377266500E+00  -4.7449574500E+00   3.1665692200E+00
H16        1.0           6.4367632000E-01  -5.0022030100E+00  -7.9916850000E-02
H17        1.0           4.7826947300E+00  -1.4215193800E+00   2.0696432100E+00
C18        6.0          -4.6385403000E+00  -7.9535036000E-01  -6.2495627000E-01
N19        7.0          -4.2094577700E+00  -2.6814118100E+00  -1.6718409900E+00
H20        1.0          -7.1971679400E+00   1.7935233300E+00   1.1405741300E+00
 
Some Atomic Properties:
----------------------
  q(A) = Net Charge of Atom A
  L(A) = Lagrangian of Atom A = -(1/4) Times Atomic Integral of the Laplacian of the Electron Density
  K(A) = Electronic Kinetic Energy of Atom A (Hamiltonian Form)
  K_Scaled(A) = K(A) * E(Mol)/K(Mol) = Approximation to Virial-Based Total Energy of Atom A.
  |Mu_Intra(A)| = Magnitude of Intraatomic Dipole Moment of Atom A
--------------------------------------------------------------------------------------------------
Atom A          q(A)              L(A)              K(A)          K_Scaled(A)      |Mu_Intra(A)|
--------------------------------------------------------------------------------------------------
C1       -3.7762259100E-02  1.2999243568E-04  3.7703592867E+01 -3.8084458727E+01  6.2326759331E-02
C2       -1.0173897640E-01 -3.8357387176E-05  3.7705265636E+01 -3.8086148394E+01  1.0945209120E-01
H3        3.9453837430E-02  1.9584330678E-05  5.9582471381E-01 -6.0184348482E-01  1.4899342052E-01
H4        3.5375469460E-02  1.8980038891E-05  5.9633462325E-01 -6.0235854515E-01  1.5016029509E-01
C5       -4.8997596100E-02 -9.6216646422E-05  3.7716391631E+01 -3.8097386778E+01  9.8611185792E-02
C6       -4.5242035500E-02 -3.9383172460E-04  3.7708578405E+01 -3.8089494626E+01  6.0676932284E-02
C7       -3.2288206200E-02 -7.5124461657E-05  3.7690584219E+01 -3.8071318671E+01  1.7921115531E-01
H8        1.0057771925E-01  4.0557448773E-05  5.7111084769E-01 -5.7687996961E-01  1.3266789790E-01
H9        6.7841809190E-02  2.1106431001E-05  5.8548488314E-01 -5.9139920553E-01  1.4228681966E-01
C10       4.8304471500E-02 -5.7619270423E-05  3.7646142661E+01 -3.8026428182E+01  2.8309959506E-01
H11       4.5067761310E-02  1.9686851271E-05  5.9705304849E-01 -6.0308422763E-01  1.4512319718E-01
H12       3.1922727330E-02  2.4090189081E-05  6.0302572305E-01 -6.0911723564E-01  1.5170614127E-01
C13      -1.9000753200E-02 -9.3750484154E-05  3.7681041157E+01 -3.8061679209E+01  1.0485719430E-01
H14       1.9407173450E-02  2.9631731022E-05  6.0146202013E-01 -6.0753773684E-01  1.5425681817E-01
H15       1.8920539690E-02  2.3728669427E-05  6.0171563093E-01 -6.0779390952E-01  1.5419190848E-01
H16       4.2870466020E-02  9.0333035153E-06  5.9443097293E-01 -6.0043566496E-01  1.4099639280E-01
H17       2.6759503470E-02  3.8266046733E-05  6.0405718713E-01 -6.1015911913E-01  1.5347513999E-01
C18       9.7186566380E-01  1.0285466189E-05  3.7138909858E+01 -3.7514071527E+01  1.0332867074E+00
N19      -1.2487277924E+00 -3.1852162254E-05  5.4958939089E+01 -5.5514111209E+01  6.8038358280E-01
H20       8.5097497320E-02  1.4984438013E-05  5.7998171564E-01 -5.8584044734E-01  1.4079029124E-01
--------------------------------------------------------------------------------------------------
Total    -2.9297968000E-04 -3.8682475641E-04  3.6247992689E+02 -3.6614154687E+02
 
1st Largest |L(A)| = 3.9383172460E-04, atom C6      
2nd Largest |L(A)| = 1.2999243568E-04, atom C1      
 
Molecular charge q(Mol) from the wfn file:   0.0000000000E+00
Molecular energy E(Mol) from the wfn file:  -3.6614168145E+02
Molecular virial ratio (-V(Mol)/T(Mol)) from the wfn file:   2.0101015800E+00
Note.  K_Scaled(A) = (1+V(Mol)/T(Mol))*K(A) = (E(Mol)/T(Mol))*K(A)
       Only use K_Scaled(A) data with caution.
 
N_AIMInt(SumA)     =         66.000293
N_Analytic(Mol)    =         65.999990
 
G_AIMInt(SumA)     =        362.480314
G_Analytic(Mol)    =        362.480036
 
K_AIMInt(SumA)     =        362.479927
K_Analytic(Mol)    =        362.480036
 
L_AIMInt(SumA)     =         -0.000387
L_Analytic(Mol)    =          0.000000
 
VenT_AIMInt(SumA)  =      -1584.679219
VenT_Analytic(Mol) =      -1584.674507
 
Some Information About the Atomic Calculations:
----------------------------------------------
  Time(sec) = "Elapsed User Time", in Seconds, for Atom A by AIMInt and, if used, by TWOe
  NProc = Number of Processors Used for AIMInt Job
  BIM = Basin Integration Method
  OAQ = Angular Quadrature Outside of Beta Sphere
  ORQ = Multiple of Default for Radial Quadrature Outside of Beta Sphere
  IAQ = Multiple of Default for Angular Quadrature Inside of Beta Sphere
  IRQ = Multiple of Default for Radial Quadrature Inside of Beta Sphere
  MIR = Maximum Integration Radius
------------------------------------------------------------------------------------------------------
Atom A     Time(sec)   NProc      BIM          OAQ                     ORQ      IAQ      IRQ      MIR
------------------------------------------------------------------------------------------------------
C1            131        8     Proaim(5)    4500(GS4)                  1.00     1.00     1.00    13.00
C2             59        8     Proaim(5)    4500(GS4)                  1.00     1.00     1.00    13.00
H3              5        8     Proaim(5)    1800(GS4)                  1.00     1.00     1.00    13.00
H4              7        8     Proaim(5)    1800(GS4)                  1.00     1.00     1.00    13.00
C5             31        8     Proaim(5)    4500(GS4)                  1.00     1.00     1.00    13.00
C6             26        8     Proaim(5)    4500(GS4)                  1.00     1.00     1.00    13.00
C7             19        8     Proaim(5)    4500(GS4)                  1.00     1.00     1.00    13.00
H8             25        8     Proaim(5)    4500(GS4)                  1.00     1.00     1.00    13.00
H9              5        8     Proaim(5)    1800(GS4)                  1.00     1.00     1.00    13.00
C10            19        8     Proaim(5)    4500(GS4)                  1.00     1.00     1.00    13.00
H11            13        8     Proaim(5)    4500(GS4)                  1.00     1.00     1.00    13.00
H12             5        8     Proaim(5)    1800(GS4)                  1.00     1.00     1.00    13.00
C13            22        8     Proaim(5)    4500(GS4)                  1.00     1.00     1.00    13.00
H14             4        8     Proaim(5)    1800(GS4)                  1.00     1.00     1.00    13.00
H15             5        8     Proaim(5)    1800(GS4)                  1.00     1.00     1.00    13.00
H16            11        8     Proaim(5)    4500(GS4)                  1.00     1.00     1.00    13.00
H17             7        8     Proaim(5)    1800(GS4)                  1.00     1.00     1.00    13.00
C18            12        8     Proaim(5)    4500(GS4)                  1.00     1.00     1.00    13.00
N19            17        8     Proaim(5)    4500(GS4)                  1.00     1.00     1.00    13.00
H20             6        8     Proaim(5)    1800(GS4)                  1.00     1.00     1.00    13.00
------------------------------------------------------------------------------------------------------
Total         429
Note:  Total wall clock time is less than total of atomic times if more than one atom
       was calculated at a time
 
Electron Density Critical Point Analysis of Molecular Structure:               
---------------------------------------------------------------                
  NACP = Nuclear Attractor Critical Point                                      
  NNACP = Non-Nuclear Attractor Critical Point                                 
  BCP = Bond Critical Point                                                    
  RCP = Ring Critical Point                                                    
  CCP = Cage Critical Point                                                    
  Rho = Electron Density                                                       
  GradRho = Gradient of Electron Density                                       
  HessRho_EigVals = Eigenvalues of the Hessian of Rho, Ascending Order         
  HessRho_EigVecs = Eigenvectors of the Hessian of Rho                         
  DelSqRho = Laplacian of Rho = Trace of Hessian of Rho                        
  Bond Ellipticity = (HessRho_EigVal(1) / HessRho_EigVal(2)) - 1               
  V = Virial Field = Potential Energy Density = Trace of Stress Tensor         
  G = Lagrangian Form of Kinetic Energy Density                                
  K = Hamiltonian Form of Kinetic Energy Density                               
  L = K - G = Lagrangian Density = (-1/4)DelSqRho                              
  Vnuc = Electrostatic Potential from Nuclei                                   
  Ven = Electron-nuclear attractive contribution to Virial Field V             
  Vrep = V - Ven = Repulsive contribution to Virial Field V                    
  DelSqV = Laplacian of V                                                      
  DelSqVen = Laplacian of Ven                                                  
  DelSqVrep = Laplacian of Vrep                                                
  DelSqG = Laplacian of G                                                      
  DelSqK = Laplacian of K                                                      
  Stress_EigVals = Eigenvalues of Stress Tensor, Ascending Order               
  Stress_EigVecs = Eigenvectors of Stress Tensor                               
  -DivStress = Ehrenfest Force Density = Minus Divergence of Stress Tensor     
  ESP = Total Electrostatic Potential                                          
  ESPe = Electrostatic Potential from Electrons                                
  ESPn = Electrostatic Potential from Nuclei                                   
  BP = Bond Path                                                               
  BPL = Bond Path Length                                                       
  GBL = Geometric Bond Length                                                  
  GBL_I = Distance Between Nuclear Attractors                                  
  GBL_II = Distance Between Nuclei                                             
  GBL_III = Sum of Distances Between BCP and Nuclear Attractors                
  GBL_IV = Sum of Distances Between BCP and Nuclei                             

CP# 1      Coords =  3.60768900372161E+00  2.08998789452477E+00 -1.53943384169210E+00
           Type = (3,-3) NACP C1
           Rho =  1.1767088731E+02     Rho at Nucleus =  1.1767088717E+02
           GradRho = -3.4138652669E-10 -4.3812769124E-10 -2.0426761844E-10
           HessRho_EigVals = -1.4499206772E+05 -1.4499101502E+05 -1.4499072577E+05
           HessRho_EigVec1 =  9.2244582106E-01 -3.5012022664E-01 -1.6281748711E-01
           HessRho_EigVec2 =  2.2896568317E-01  8.3552030627E-01 -4.9948026362E-01
           HessRho_EigVec3 =  3.1091545979E-01  4.2346386471E-01  8.5088773181E-01
           DelSqRho = -4.3497380851E+05
           Bond Ellipticity = NA
           V = -1.0875364762E+05
           G =  5.0977440076E+00
           K =  1.0874854987E+05
           L =  1.0874345213E+05
           Vnuc =  4.3803985248E+06
           Ven = -5.1544538117E+08
           Vrep =  5.1533662752E+08
           DelSqV =  2.4950309887E+09
           DelSqVen =  1.9053586022E+12
           DelSqVrep = -1.9028635713E+12
           DelSqG =  1.3401458740E+08
           DelSqK = -2.6290455761E+09
           Stress_EigVals = -3.6251488762E+04 -3.6251340923E+04 -3.6250817930E+04
           Stress_EigVec1 =  3.2134023918E-01  4.9431565058E-01  8.0770817025E-01
           Stress_EigVec2 =  2.1914852643E-01  7.9097184312E-01 -5.7125954412E-01
           Stress_EigVec3 =  9.2125695332E-01 -3.6057673384E-01 -1.4584253484E-01
           -DivStress =  6.1275917077E+02  8.4209870285E+02  3.8780469515E+02
           ESP =  -1.4736163973E+01     ESP at Nucleus =  -1.4736163989E+01
           ESPe = -2.6390877004E+01     ESPe at Nucleus = -2.6390876700E+01
           ESPn =  1.1654713031E+01     ESPn at Nucleus =  1.1654712711E+01

CP# 2      Coords =  4.49531143601092E+00  3.68484092672028E+00  2.19566000098434E-01
           Type = (3,-3) NACP C2
           Rho =  1.1767168891E+02     Rho at Nucleus =  1.1767168884E+02
           GradRho =  9.0317975321E-11  1.3358607276E-10  1.2621296716E-10
           HessRho_EigVals = -1.4499890524E+05 -1.4499809048E+05 -1.4499791984E+05
           HessRho_EigVec1 =  9.1123196537E-01 -4.1017714158E-01 -3.7563517115E-02
           HessRho_EigVec2 = -2.4919125440E-01 -6.2160265215E-01  7.4263979261E-01
           HessRho_EigVec3 =  3.2796344922E-01  6.6735661783E-01  6.6863676283E-01
           DelSqRho = -4.3499491556E+05
           Bond Ellipticity = NA
           V = -1.0875897113E+05
           G =  5.1211203748E+00
           K =  1.0875385001E+05
           L =  1.0874872889E+05
           Vnuc =  6.1971456656E+06
           Ven = -7.2922859691E+08
           Vrep =  7.2911983794E+08
           DelSqV =  2.4951588895E+09
           DelSqVen =  2.6957271532E+12
           DelSqVrep = -2.6932319943E+12
           DelSqG =  1.3402754640E+08
           DelSqK = -2.6291864359E+09
           Stress_EigVals = -3.6253225340E+04 -3.6253119982E+04 -3.6252625809E+04
           Stress_EigVec1 =  3.4948988839E-01  6.7548030325E-01  6.4929436917E-01
           Stress_EigVec2 = -2.1323382055E-01 -6.1746613932E-01  7.5714391272E-01
           Stress_EigVec3 =  9.1235308718E-01 -4.0306566055E-01 -7.1762926344E-02
           -DivStress = -4.2025782043E+02 -4.4539993644E+02 -4.9598489708E+02
           ESP =  -1.4747228293E+01     ESP at Nucleus =  -1.4747228306E+01
           ESPe = -2.4915579316E+01     ESPe at Nucleus = -2.4915580651E+01
           ESPn =  1.0168351023E+01     ESPn at Nucleus =  1.0168352345E+01

CP# 3      Coords =  5.24353857141562E+00  5.49129606834939E+00 -2.78799487628498E-01
           Type = (3,-3) NACP H3
           Rho =  4.2555332917E-01     Rho at Nucleus =  4.2187574848E-01
           GradRho = -3.0609025514E-11 -7.3799877017E-11  2.0560620047E-11
           HessRho_EigVals = -6.4800855690E+00 -6.4735318464E+00 -5.8815463752E+00
           HessRho_EigVec1 =  2.1544267697E-01  1.7678494327E-01  9.6038093316E-01
           HessRho_EigVec2 =  9.0323999934E-01 -4.0985745070E-01 -1.2717851117E-01
           HessRho_EigVec3 =  3.7113603508E-01  8.9485415233E-01 -2.4798001840E-01
           DelSqRho = -1.8835163791E+01
           Bond Ellipticity = NA
           V = -4.7182010937E+00
           G =  4.7050730437E-03
           K =  4.7134960207E+00
           L =  4.7087909477E+00
           Vnuc =  3.8984609319E+01
           Ven = -1.6590030282E+01
           Vrep =  1.1871829188E+01
           DelSqV =  7.0929376698E+02
           DelSqVen =  7.3428150197E+02
           DelSqVrep = -2.4987734993E+01
           DelSqG =  6.9811558661E+01
           DelSqK = -7.7910532564E+02
           Stress_EigVals = -1.6233217116E+00 -1.6229048239E+00 -1.4719745582E+00
           Stress_EigVec1 =  1.0749244127E-01  2.2225338872E-01  9.6904530661E-01
           Stress_EigVec2 =  9.2233080844E-01 -3.8615666614E-01 -1.3744416840E-02
           Stress_EigVec3 =  3.7114856172E-01  8.9525776199E-01 -2.4650007046E-01
           -DivStress =  2.9252722225E+00  7.0524239921E+00 -1.9636078109E+00
           ESP =  -1.1090978236E+00     ESP at Nucleus =  -1.1115583697E+00
           ESPe = -1.1442088969E+01     ESPe at Nucleus = -1.1362237185E+01
           ESPn =  1.0332991145E+01     ESPn at Nucleus =  1.0250678815E+01

CP# 4      Coords =  4.49852404917308E+00  3.21252695228436E+00  2.18408357771067E+00
           Type = (3,-3) NACP H4
           Rho =  4.2502693466E-01     Rho at Nucleus =  4.2137751415E-01
           GradRho = -2.1528838100E-12  1.1339466741E-09 -4.6763905041E-09
           HessRho_EigVals = -6.4725894268E+00 -6.4659576480E+00 -5.8775103402E+00
           HessRho_EigVec1 =  4.6006025295E-01  8.6299367876E-01  2.0877373894E-01
           HessRho_EigVec2 =  8.8788718892E-01 -4.4690941682E-01 -1.0921681602E-01
           HessRho_EigVec3 =  9.5047192441E-04 -2.3561384419E-01  9.7184629084E-01
           DelSqRho = -1.8816057415E+01
           Bond Ellipticity = NA
           V = -4.7135210958E+00
           G =  4.7533710213E-03
           K =  4.7087677248E+00
           L =  4.7040143537E+00
           Vnuc =  4.0235978491E+01
           Ven = -1.7101374601E+01
           Vrep =  1.2387853505E+01
           DelSqV =  7.0869723756E+02
           DelSqVen =  7.5708248937E+02
           DelSqVrep = -4.8385251813E+01
           DelSqG =  6.9757167292E+01
           DelSqK = -7.7845440485E+02
           Stress_EigVals = -1.6214529807E+00 -1.6209786025E+00 -1.4710895126E+00
           Stress_EigVec1 =  3.6873288460E-01  9.0383017138E-01  2.1708772680E-01
           Stress_EigVec2 =  9.2953528142E-01 -3.5841800110E-01 -8.6606564874E-02
           Stress_EigVec3 =  4.6947727004E-04 -2.3372538971E-01  9.7230253615E-01
           -DivStress =  3.2933340346E-03 -1.8477316325E+00  7.6283978993E+00
           ESP =  -1.1094354966E+00     ESP at Nucleus =  -1.1118619341E+00
           ESPe = -1.2596024065E+01     ESPe at Nucleus = -1.2529269832E+01
           ESPn =  1.1486588569E+01     ESPn at Nucleus =  1.1417407897E+01

CP# 5      Coords =  2.59497547329891E+00 -4.57050184483060E-01 -1.09455045084735E+00
           Type = (3,-3) NACP C5
           Rho =  1.1766360524E+02     Rho at Nucleus =  1.1766360498E+02
           GradRho =  2.5895296671E-10  1.3809113323E-09 -6.0677303633E-10
           HessRho_EigVals = -1.4498564277E+05 -1.4498496840E+05 -1.4498467456E+05
           HessRho_EigVec1 =  7.4697559931E-01 -3.3281072495E-01 -5.7555579695E-01
           HessRho_EigVec2 =  4.4712355651E-01  8.9214991990E-01  6.4413085876E-02
           HessRho_EigVec3 =  4.9204469234E-01 -3.0545955832E-01  8.1522173607E-01
           DelSqRho = -4.3495528573E+05
           Bond Ellipticity = NA
           V = -1.0874909292E+05
           G =  5.1357452765E+00
           K =  1.0874395718E+05
           L =  1.0873882143E+05
           Vnuc =  3.1573422733E+06
           Ven = -3.7150427486E+08
           Vrep =  3.7139552577E+08
           DelSqV =  2.4949291964E+09
           DelSqVen =  1.3733027512E+12
           DelSqVrep = -1.3708077975E+12
           DelSqG =  1.3401180715E+08
           DelSqK = -2.6289410035E+09
           Stress_EigVals = -3.6249936314E+04 -3.6249794083E+04 -3.6249362526E+04
           Stress_EigVec1 =  4.2163030183E-01 -4.2698572288E-01  7.9994442371E-01
           Stress_EigVec2 =  5.3340694845E-01  8.3020230195E-01  1.6199125029E-01
           Stress_EigVec3 =  7.3328365311E-01 -3.5839549423E-01 -5.7779559863E-01
           -DivStress = -2.6659892935E+02 -1.3951307627E+03  6.0907206962E+02
           ESP =  -1.4747735198E+01     ESP at Nucleus =  -1.4747735218E+01
           ESPe = -2.7359195482E+01     ESPe at Nucleus = -2.7359195843E+01
           ESPn =  1.2611460284E+01     ESPn at Nucleus =  1.2611460624E+01

CP# 6      Coords =  3.28888740650748E+00 -2.02016644004683E+00  7.80314167522002E-01
           Type = (3,-3) NACP C6
           Rho =  1.1767917857E+02     Rho at Nucleus =  1.1767917838E+02
           GradRho = -9.6492716595E-11 -8.0793613466E-10  5.5769630580E-10
           HessRho_EigVals = -1.4500346668E+05 -1.4500245719E+05 -1.4500217375E+05
           HessRho_EigVec1 =  6.4615616513E-01 -4.1726581925E-01 -6.3903947167E-01
           HessRho_EigVec2 =  6.1789914415E-01  7.7748620009E-01  1.1711471436E-01
           HessRho_EigVec3 = -4.4797640331E-01  4.7053633734E-01 -7.6020569409E-01
           DelSqRho = -4.3500809763E+05
           Bond Ellipticity = NA
           V = -1.0876218378E+05
           G =  5.0796846796E+00
           K =  1.0875710409E+05
           L =  1.0875202441E+05
           Vnuc =  3.6729414674E+06
           Ven = -4.3222873483E+08
           Vrep =  4.3211997264E+08
           DelSqV =  2.4952274815E+09
           DelSqVen =  1.5977593334E+12
           DelSqVrep = -1.5952641059E+12
           DelSqG =  1.3402639553E+08
           DelSqK = -2.6292538770E+09
           Stress_EigVals = -3.6254331024E+04 -3.6254176543E+04 -3.6253676210E+04
           Stress_EigVec1 =  4.0434821183E-01 -5.0040892638E-01  7.6556739089E-01
           Stress_EigVec2 = -6.2438431575E-01 -7.6267407663E-01 -1.6873790058E-01
           Stress_EigVec3 =  6.6831635461E-01 -4.0977940315E-01 -6.2083338418E-01
           -DivStress =  1.1908854679E+02  1.0860746691E+03 -7.5974396078E+02
           ESP =  -1.4740714789E+01     ESP at Nucleus =  -1.4740714808E+01
           ESPe = -2.6757752304E+01     ESPe at Nucleus = -2.6757753366E+01
           ESPn =  1.2017037515E+01     ESPn at Nucleus =  1.2017038559E+01

CP# 7      Coords = -3.46122809153981E+00  3.23399961430145E+00  1.25374875816735E+00
           Type = (3,-3) NACP C7
           Rho =  1.1770749884E+02     Rho at Nucleus =  1.1770749882E+02
           GradRho = -5.1719656227E-11  3.4194336436E-11  1.8203039662E-11
           HessRho_EigVals = -1.4504147057E+05 -1.4503986020E+05 -1.4503972826E+05
           HessRho_EigVec1 =  1.4759819674E-01 -4.5203179725E-01  8.7970564770E-01
           HessRho_EigVec2 =  2.5613088050E-01  8.7657427864E-01  4.0744877725E-01
           HessRho_EigVec3 =  9.5530714661E-01 -1.6518107734E-01 -2.4516008508E-01
           DelSqRho = -4.3512105903E+05
           Bond Ellipticity = NA
           V = -1.0879047256E+05
           G =  5.1039012278E+00
           K =  1.0878536866E+05
           L =  1.0878026476E+05
           Vnuc =  1.0544230354E+07
           Ven = -1.2411349821E+09
           Vrep =  1.2410261917E+09
           DelSqV =  2.4958766136E+09
           DelSqVen =  4.5880154522E+12
           DelSqVrep = -4.5855195755E+12
           DelSqG =  1.3406415824E+08
           DelSqK = -2.6299407718E+09
           Stress_EigVals = -3.6263760955E+04 -3.6263717574E+04 -3.6262994032E+04
           Stress_EigVec1 =  9.1585551100E-01  3.9829069588E-01  5.0726763551E-02
           Stress_EigVec2 = -3.7321779200E-01  7.9791824185E-01  4.7332331345E-01
           Stress_EigVec3 =  1.4804446190E-01 -4.5242789580E-01  8.7942699322E-01
           -DivStress =  4.1643907317E+02 -1.4251653941E+02 -1.4556387458E+02
           ESP =  -1.4704253731E+01     ESP at Nucleus =  -1.4704253730E+01
           ESPe = -2.5201093059E+01     ESPe at Nucleus = -2.5201093235E+01
           ESPn =  1.0496839328E+01     ESPn at Nucleus =  1.0496839504E+01

CP# 8      Coords = -1.51500949083617E+00  2.98438935124322E+00  7.95871693108491E-01
           Type = (3,-3) NACP H8
           Rho =  4.1876141086E-01     Rho at Nucleus =  4.1471686891E-01
           GradRho = -2.7288436945E-16 -5.0703603981E-16 -1.7991343759E-16
           HessRho_EigVals = -6.3596308669E+00 -6.3541712908E+00 -5.7292430784E+00
           HessRho_EigVec1 =  2.1062553741E-01  8.8354046855E-01  4.1832179411E-01
           HessRho_EigVec2 =  1.4890981263E-01 -4.5192564457E-01  8.7953912902E-01
           HessRho_EigVec3 =  9.6615876060E-01 -1.2296118175E-01 -2.2675492738E-01
           DelSqRho = -1.8443045236E+01
           Bond Ellipticity = NA
           V = -4.6195659618E+00
           G =  4.4023263776E-03
           K =  4.6151636354E+00
           L =  4.6107613090E+00
           Vnuc =  3.9916499826E+01
           Ven = -1.6715489784E+01
           Vrep =  1.2095923822E+01
           DelSqV =  6.9252577757E+02
           DelSqVen =  7.3618181197E+02
           DelSqVrep = -4.3656034394E+01
           DelSqG =  6.8035116753E+01
           DelSqK = -7.6056089432E+02
           Stress_EigVals = -1.5931547919E+00 -1.5923599837E+00 -1.4340511861E+00
           Stress_EigVec1 =  2.0946797408E-01  8.8335965596E-01  4.1928377747E-01
           Stress_EigVec2 =  1.4872633855E-01 -4.5258991626E-01  8.7922855045E-01
           Stress_EigVec3 =  9.6643863957E-01 -1.2181168217E-01 -2.2618194010E-01
           -DivStress =  7.9136246416E+00 -1.0034821168E+00 -1.8553200310E+00
           ESP =  -1.0764477555E+00     ESP at Nucleus =  -1.0791606817E+00
           ESPe = -1.3982130011E+01     ESPe at Nucleus = -1.3938459115E+01
           ESPn =  1.2905682256E+01     ESPn at Nucleus =  1.2859298433E+01

CP# 9      Coords = -3.98260802826983E+00  4.92869752416709E+00  2.21275836177693E+00
           Type = (3,-3) NACP H9
           Rho =  4.2409769696E-01     Rho at Nucleus =  4.2024404611E-01
           GradRho =  7.0050289659E-15 -2.5631724357E-14 -1.5641429836E-14
           HessRho_EigVals = -6.4559458874E+00 -6.4507023779E+00 -5.8399704957E+00
           HessRho_EigVec1 =  9.5495638668E-01  2.9659751166E-01 -9.3923164370E-03
           HessRho_EigVec2 =  1.4897785915E-01 -4.5181094842E-01  8.7958653035E-01
           HessRho_EigVec3 = -2.5663962479E-01  8.4136602199E-01  4.7564621309E-01
           DelSqRho = -1.8746618761E+01
           Bond Ellipticity = NA
           V = -4.6953596612E+00
           G =  4.3524854797E-03
           K =  4.6910071757E+00
           L =  4.6866546902E+00
           Vnuc =  3.8569703866E+01
           Ven = -1.6357322582E+01
           Vrep =  1.1661962921E+01
           DelSqV =  7.0509062105E+02
           DelSqVen =  7.2305153410E+02
           DelSqVrep = -1.7960913049E+01
           DelSqG =  6.9390206017E+01
           DelSqK = -7.7448082707E+02
           Stress_EigVals = -1.6173195865E+00 -1.6165473953E+00 -1.4614926794E+00
           Stress_EigVec1 =  9.5538061610E-01  2.9519500462E-01 -1.0382082394E-02
           Stress_EigVec2 =  1.4914660262E-01 -4.5176884277E-01  8.7957956072E-01
           Stress_EigVec3 = -2.5495719114E-01  8.4188171494E-01  4.7563852739E-01
           -DivStress = -2.0594373905E+00  6.7795659215E+00  3.8308426582E+00
           ESP =  -1.0732863512E+00     ESP at Nucleus =  -1.0758692624E+00
           ESPe = -1.1732263432E+01     ESPe at Nucleus = -1.1649561146E+01
           ESPn =  1.0658977081E+01     ESPn at Nucleus =  1.0573691884E+01

CP# 10     Coords = -5.21847163720555E+00  1.51176230295701E+00  6.62294648599159E-01
           Type = (3,-3) NACP C10
           Rho =  1.1759235480E+02     Rho at Nucleus =  1.1759235352E+02
           GradRho =  1.2108849947E-11 -1.4046019339E-11 -4.0928912820E-12
           HessRho_EigVals = -1.4488591205E+05 -1.4488584224E+05 -1.4488499108E+05
           HessRho_EigVec1 = -2.8420635511E-01  8.2472992322E-01  4.8892463781E-01
           HessRho_EigVec2 =  1.5120714834E-01 -4.6501535527E-01  8.7229416922E-01
           HessRho_EigVec3 =  9.4676456736E-01  3.2184044665E-01  7.4552593458E-03
           DelSqRho = -4.3465674537E+05
           Bond Ellipticity = NA
           V = -1.0867451487E+05
           G =  5.1642658449E+00
           K =  1.0866935061E+05
           L =  1.0866418634E+05
           Vnuc =  1.4235687305E+06
           Ven = -1.6740079924E+08
           Vrep =  1.6729212473E+08
           DelSqV =  2.4932122201E+09
           DelSqVen =  6.1876375859E+11
           DelSqVrep = -6.1627054637E+11
           DelSqG =  1.3390829489E+08
           DelSqK = -2.6271205150E+09
           Stress_EigVals = -3.6225135278E+04 -3.6224812775E+04 -3.6224566822E+04
           Stress_EigVec1 =  9.2303072614E-01  3.8243613843E-01  4.1915135914E-02
           Stress_EigVec2 = -3.5530411633E-01  8.0558148628E-01  4.7412809860E-01
           Stress_EigVec3 =  1.4755766166E-01 -4.5252742346E-01  8.7945759847E-01
           -DivStress = -3.3802354695E+02  2.9934699670E+03  1.6049503643E+03
           ESP =  -1.4683867855E+01     ESP at Nucleus =  -1.4683867939E+01
           ESPe = -2.5773631706E+01     ESPe at Nucleus = -2.5773629689E+01
           ESPn =  1.1089763851E+01     ESPn at Nucleus =  1.1089761750E+01

CP# 11     Coords =  1.20620035739634E+00 -1.10554293029402E+00 -2.41908738752512E+00
           Type = (3,-3) NACP H11
           Rho =  4.2657457183E-01     Rho at Nucleus =  4.2292214447E-01
           GradRho =  7.9667175634E-16 -2.3635607360E-17  5.8330076880E-16
           HessRho_EigVals = -6.5151649701E+00 -6.5071937702E+00 -5.9153796987E+00
           HessRho_EigVec1 =  9.1567657391E-02  8.4761879737E-01 -5.2264494494E-01
           HessRho_EigVec2 = -7.2110369152E-01  4.1840236791E-01  5.5222180743E-01
           HessRho_EigVec3 =  6.8674946683E-01  3.2631554188E-01  6.4953316846E-01
           DelSqRho = -1.8937738439E+01
           Bond Ellipticity = NA
           V = -4.7438441551E+00
           G =  4.7047726727E-03
           K =  4.7391393824E+00
           L =  4.7344346098E+00
           Vnuc =  4.2266902828E+01
           Ven = -1.8029985977E+01
           Vrep =  1.3286141821E+01
           DelSqV =  7.1352277777E+02
           DelSqVen =  8.0043955039E+02
           DelSqVrep = -8.6916772624E+01
           DelSqG =  7.0418617585E+01
           DelSqK = -7.8394139535E+02
           Stress_EigVals = -1.6318810703E+00 -1.6310795181E+00 -1.4808835667E+00
           Stress_EigVec1 =  5.6471453616E-03  8.9176883713E-01 -4.5245602092E-01
           Stress_EigVec2 = -7.2700703788E-01  3.1433056759E-01  6.1045643674E-01
           Stress_EigVec3 =  6.8660678458E-01  3.2549137530E-01  6.5009729116E-01
           -DivStress = -5.4090136484E+00 -2.5738325983E+00 -5.1139567865E+00
           ESP =  -1.1178993449E+00     ESP at Nucleus =  -1.1203488483E+00
           ESPe = -1.4556649355E+01     ESPe at Nucleus = -1.4485333835E+01
           ESPn =  1.3438750010E+01     ESPn at Nucleus =  1.3364984987E+01

CP# 12     Coords =  3.58157699660022E+00  2.71216136384755E+00 -3.46899476986928E+00
           Type = (3,-3) NACP H12
           Rho =  4.2923031830E-01     Rho at Nucleus =  4.2564570337E-01
           GradRho =  1.1310473825E-11 -3.3859884059E-10  1.0402496473E-09
           HessRho_EigVals = -6.5634409439E+00 -6.5558238212E+00 -5.9665822342E+00
           HessRho_EigVec1 =  4.2087367699E-01  8.6361663601E-01  2.7754576922E-01
           HessRho_EigVec2 =  9.0706548354E-01 -3.9733467342E-01 -1.3913075098E-01
           HessRho_EigVec3 =  9.8770735540E-03 -3.1030865811E-01  9.5058454654E-01
           DelSqRho = -1.9085846999E+01
           Bond Ellipticity = NA
           V = -4.7805210417E+00
           G =  4.5296459577E-03
           K =  4.7759913958E+00
           L =  4.7714617498E+00
           Vnuc =  4.0883251337E+01
           Ven = -1.7548330985E+01
           Vrep =  1.2767809943E+01
           DelSqV =  7.1952666682E+02
           DelSqVen =  7.8029148171E+02
           DelSqVrep = -6.0764814893E+01
           DelSqG =  7.1068458966E+01
           DelSqK = -7.9059512578E+02
           Stress_EigVals = -1.6440162848E+00 -1.6428737630E+00 -1.4936309939E+00
           Stress_EigVec1 =  3.3840699996E-01  8.9599184404E-01  2.8754011510E-01
           Stress_EigVec2 =  9.4094086920E-01 -3.1877985102E-01 -1.1406001599E-01
           Stress_EigVec3 =  1.0534849005E-02 -3.0915695366E-01  9.5095267756E-01
           -DivStress = -8.3162135558E-02  2.4206847446E+00 -7.4477443610E+00
           ESP =  -1.1113417193E+00     ESP at Nucleus =  -1.1137450585E+00
           ESPe = -1.2779518477E+01     ESPe at Nucleus = -1.2697045775E+01
           ESPn =  1.1668176758E+01     ESPn at Nucleus =  1.1583300716E+01

CP# 13     Coords =  2.18508665737611E+00 -4.59055332269036E+00  1.23532169182356E+00
           Type = (3,-3) NACP C13
           Rho =  1.1751198304E+02     Rho at Nucleus =  1.1751198294E+02
           GradRho =  2.2118103703E-10  1.8489491557E-10  7.8476268452E-11
           HessRho_EigVals = -1.4480070519E+05 -1.4480047164E+05 -1.4480027082E+05
           HessRho_EigVec1 =  3.8050263369E-01  9.0981095711E-01 -1.6571592581E-01
           HessRho_EigVec2 =  6.4338160390E-01 -3.8915513216E-01 -6.5925594034E-01
           HessRho_EigVec3 =  6.6428748107E-01 -1.4423004344E-01  7.3343018554E-01
           DelSqRho = -4.3440144765E+05
           Bond Ellipticity = NA
           V = -1.0861086511E+05
           G =  5.2515992157E+00
           K =  1.0860561351E+05
           L =  1.0860036191E+05
           Vnuc =  5.1584523344E+06
           Ven = -6.0617996321E+08
           Vrep =  6.0607135235E+08
           DelSqV =  2.4917727928E+09
           DelSqVen =  2.2408390246E+12
           DelSqVrep = -2.2383473174E+12
           DelSqG =  1.3384364363E+08
           DelSqK = -2.6256164364E+09
           Stress_EigVals = -3.6203688486E+04 -3.6203625778E+04 -3.6203550847E+04
           Stress_EigVec1 =  6.6614953407E-01 -1.5296760786E-01  7.2996281358E-01
           Stress_EigVec2 =  6.3825239385E-01 -3.8942785733E-01 -6.6406311875E-01
           Stress_EigVec3 =  3.8584800117E-01  9.0826585033E-01 -1.6178524382E-01
           -DivStress = -6.4724323842E+02 -6.3847762257E+02 -2.5344976944E+02
           ESP =  -1.4747949372E+01     ESP at Nucleus =  -1.4747949375E+01
           ESPe = -2.5090660889E+01     ESPe at Nucleus = -2.5090660099E+01
           ESPn =  1.0342711518E+01     ESPn at Nucleus =  1.0342710724E+01

CP# 14     Coords =  3.60634156213889E+00 -6.04730911649625E+00  1.05075080719448E+00
           Type = (3,-3) NACP H14
           Rho =  4.2129836572E-01     Rho at Nucleus =  4.1796091033E-01
           GradRho =  5.3733059668E-16  2.6784130469E-15  4.3996924159E-16
           HessRho_EigVals = -6.4099677600E+00 -6.4081560509E+00 -5.8532206915E+00
           HessRho_EigVec1 = -6.8943868788E-01 -6.9167412636E-01  2.1508416626E-01
           HessRho_EigVec2 =  2.1759415449E-01  8.5454446566E-02  9.7229127400E-01
           HessRho_EigVec3 = -6.9088861590E-01  7.1713627749E-01  9.1588645191E-02
           DelSqRho = -1.8671344502E+01
           Bond Ellipticity = NA
           V = -4.6776435879E+00
           G =  4.9037311326E-03
           K =  4.6727398567E+00
           L =  4.6678361256E+00
           Vnuc =  4.0608041123E+01
           Ven = -1.7108101360E+01
           Vrep =  1.2430457772E+01
           DelSqV =  7.0434136352E+02
           DelSqVen =  7.5820672538E+02
           DelSqVrep = -5.3865361863E+01
           DelSqG =  6.9299986585E+01
           DelSqK = -7.7364135011E+02
           Stress_EigVals = -1.6062158477E+00 -1.6060727912E+00 -1.4653549490E+00
           Stress_EigVec1 =  6.3530120501E-01  6.6298655970E-01 -3.9603181762E-01
           Stress_EigVec2 =  3.4457235930E-01  2.1559190876E-01  9.1366843991E-01
           Stress_EigVec3 = -6.9113115117E-01  7.1691627861E-01  9.1481043637E-02
           -DivStress =  5.1632406965E+00 -5.3509253743E+00 -6.9071698793E-01
           ESP =  -1.1213322054E+00     ESP at Nucleus =  -1.1235234711E+00
           ESPe = -1.1760556670E+01     ESPe at Nucleus = -1.1684465857E+01
           ESPn =  1.0639224465E+01     ESPn at Nucleus =  1.0560942386E+01

CP# 15     Coords =  1.44988718844187E+00 -4.74234372207090E+00  3.13558873514908E+00
           Type = (3,-3) NACP H15
           Rho =  4.2141997221E-01     Rho at Nucleus =  4.1807887105E-01
           GradRho =  9.4412828250E-12  2.0353746900E-12 -2.4047938120E-11
           HessRho_EigVals = -6.4107009800E+00 -6.4091386221E+00 -5.8538351890E+00
           HessRho_EigVec1 =  2.6704168994E-01  9.4564918385E-01  1.8557035572E-01
           HessRho_EigVec2 =  8.9227812106E-01 -3.1537034037E-01  3.2308095439E-01
           HessRho_EigVec3 = -3.6404462708E-01 -7.9304284276E-02  9.2799910560E-01
           DelSqRho = -1.8673674791E+01
           Bond Ellipticity = NA
           V = -4.6782073858E+00
           G =  4.8943439791E-03
           K =  4.6733130418E+00
           L =  4.6684186978E+00
           Vnuc =  4.1156434568E+01
           Ven = -1.7344143512E+01
           Vrep =  1.2665936126E+01
           DelSqV =  7.0439794559E+02
           DelSqVen =  7.6854187474E+02
           DelSqVrep = -6.4143929153E+01
           DelSqG =  6.9296319706E+01
           DelSqK = -7.7369426529E+02
           Stress_EigVals = -1.6064206350E+00 -1.6063141679E+00 -1.4654725828E+00
           Stress_EigVec1 =  2.6529771441E-02  9.9510682429E-01  9.5176569968E-02
           Stress_EigVec2 =  9.3114394470E-01 -5.9238189434E-02  3.5980799209E-01
           Stress_EigVec3 = -3.6368547604E-01 -7.9077463010E-02  9.2815926939E-01
           -DivStress = -2.7217971505E+00 -5.8513458116E-01  6.9343979290E+00
           ESP =  -1.1208682313E+00     ESP at Nucleus =  -1.1230574295E+00
           ESPe = -1.2322957960E+01     ESPe at Nucleus = -1.2252867855E+01
           ESPn =  1.1202089728E+01     ESPn at Nucleus =  1.1129810425E+01

CP# 16     Coords =  6.69759980275719E-01 -4.99517006440564E+00 -5.78519727057941E-02
           Type = (3,-3) NACP H16
           Rho =  4.2146478256E-01     Rho at Nucleus =  4.1783956656E-01
           GradRho =  9.9806230988E-16  2.7016691835E-15  8.9324706486E-16
           HessRho_EigVals = -6.3873146568E+00 -6.3855404024E+00 -5.8051961499E+00
           HessRho_EigVec1 =  8.0988331797E-02  9.1778181461E-01 -3.8873825497E-01
           HessRho_EigVec2 = -6.5959392118E-01  3.4175210280E-01  6.6943361089E-01
           HessRho_EigVec3 =  7.4724611024E-01  2.0219307851E-01  6.3304123858E-01
           DelSqRho = -1.8578051209E+01
           Bond Ellipticity = NA
