AIMSum (Version 19.02.13, Professional)
Copyright (c) 1997-2019 by Todd A. Keith
AIMSum is a component of the AIMAll package ( http://aim.tkgristmill.com )

TP:  64-bit Linux

Much of the Quantum Theory of Atoms in Molecules (QTAIM) is described in the book:
  "Atoms in Molecules - A Quantum Theory"
  R.F.W. Bader, Oxford University Press, Oxford, 1990

For additional references see:  http://aim.tkgristmill.com/references.html

Wfn File:  /home/mhennefarth/Documents/ML_Diels/summary-James2013/17-opt/17-opt.wfn
Sum File:  /home/mhennefarth/Documents/ML_Diels/summary-James2013/17-opt/17-opt.sum

SumViz File:  /home/mhennefarth/Documents/ML_Diels/summary-James2013/17-opt/17-opt.sumviz

Wfn Title:   Title Card Required                                                           
 
Total memory allocated for AIMSum =        0.935 Megabytes

Atomic units (a.u.) used throughout, except where stated otherwise

Model:  Restricted SCF
 
Restricted, closed-shell, single-determinant wavefunction.
  Number of electrons (from MO Occs)                   =          66.0000000000
  Number of Alpha electrons (from MO Occs)             =          33.0000000000
  Number of Beta electrons (from MO Occs)              =          33.0000000000
  Number of electron pairs (N*(N-1)/2)                 =        2145.0000000000
  Number of electron pairs (from Muller 2EDM)          =        2145.0000000000
 
Nuclear Charges and Cartesian Coordinates:
-------------------------------------------------------------------------------
Atom      Charge                X                  Y                  Z
-------------------------------------------------------------------------------
C1         6.0          -3.4201031300E+00   3.1470834100E+00   5.5588786000E-01
C2         6.0          -2.5535578200E+00   4.1790725900E+00  -1.5927931200E+00
H3         1.0          -2.6740109900E+00   6.2000749700E+00  -1.9293131300E+00
H4         1.0          -1.7202546200E+00   3.0469385300E+00  -3.0922250200E+00
C5         6.0          -3.4357983500E+00   4.5309726000E-01   1.2275273100E+00
C6         6.0          -3.3691296200E+00  -1.4986405100E+00  -3.9436488000E-01
C7         6.0           6.0611061800E+00   2.1161797700E+00   7.9340449000E-01
H8         1.0           6.1264125700E+00   4.1024224000E+00   1.3012069300E+00
H9         1.0           7.8423720700E+00   1.1010211800E+00   7.1982416000E-01
C10        6.0           3.8528387200E+00   9.9118554000E-01   2.8456325000E-01
H11        1.0           2.0754549300E+00   2.0213251800E+00   3.6070989000E-01
C12        6.0           3.6707659600E+00  -1.6206848200E+00  -3.9648059000E-01
N13        7.0           3.4777971600E+00  -3.7382220100E+00  -9.5866165000E-01
H14        1.0          -3.5465820000E+00   3.8210440000E-02   3.2438983700E+00
H15        1.0          -4.1761961800E+00   4.4123438600E+00   1.9966281400E+00
C16        6.0          -3.3137472500E+00  -4.2305345900E+00   3.4745600000E-01
H17        1.0          -4.8767076600E+00  -5.2784491500E+00  -5.2852709000E-01
H18        1.0          -1.5527852900E+00  -5.1217175300E+00  -2.9385461000E-01
H19        1.0          -3.4429166100E+00  -4.4659050900E+00   2.3997065900E+00
H20        1.0          -3.3536145300E+00  -1.1092625600E+00  -2.4186246700E+00
 
Some Atomic Properties:
----------------------
  q(A) = Net Charge of Atom A
  L(A) = Lagrangian of Atom A = -(1/4) Times Atomic Integral of the Laplacian of the Electron Density
  K(A) = Electronic Kinetic Energy of Atom A (Hamiltonian Form)
  K_Scaled(A) = K(A) * E(Mol)/K(Mol) = Approximation to Virial-Based Total Energy of Atom A.
  |Mu_Intra(A)| = Magnitude of Intraatomic Dipole Moment of Atom A
--------------------------------------------------------------------------------------------------
Atom A          q(A)              L(A)              K(A)          K_Scaled(A)      |Mu_Intra(A)|
--------------------------------------------------------------------------------------------------
C1       -3.5724017400E-02 -1.7332442885E-04  3.7700805175E+01 -3.8081450600E+01  5.8869898508E-02
C2       -1.0328753950E-01  2.8980470384E-05  3.7706824309E+01 -3.8087530506E+01  1.1287966966E-01
H3        4.1491327820E-02  1.7920782142E-05  5.9513398446E-01 -6.0114274283E-01  1.4830434537E-01
H4        3.6739821390E-02  3.2022977300E-05  5.9605196058E-01 -6.0206998728E-01  1.4838975283E-01
C5       -4.7714884200E-02  8.4448461474E-05  3.7711664458E+01 -3.8092419524E+01  8.2603291439E-02
C6       -3.9443394900E-02  4.0750883890E-04  3.7709408441E+01 -3.8090140729E+01  5.6905804178E-02
C7       -3.6206467600E-02 -8.0124469707E-05  3.7688943821E+01 -3.8069469488E+01  1.5512094643E-01
H8        6.9319719080E-02  2.3989155281E-05  5.8474662101E-01 -5.9065050358E-01  1.4216817584E-01
H9        7.4630669230E-02  2.5473691003E-05  5.8218696521E-01 -5.8806500426E-01  1.4198031475E-01
C10       4.9606299600E-02 -6.4733068516E-05  3.7650215518E+01 -3.8030350166E+01  2.9950408992E-01
H11       1.1094267457E-01  4.8064450272E-05  5.6870195024E-01 -5.7444383811E-01  1.3186351864E-01
C12       9.6984051280E-01  8.5525803133E-06  3.7139177252E+01 -3.7514152212E+01  1.0368093115E+00
N13      -1.2492045872E+00 -9.7061542463E-06  5.4960348695E+01 -5.5515254757E+01  6.8102217650E-01
H14       2.5963635210E-02  2.4180343895E-05  6.0411275870E-01 -6.1021217108E-01  1.5551140179E-01
H15       3.0839277540E-02  2.4916551425E-05  6.0411322520E-01 -6.1021264229E-01  1.5184112730E-01
C16      -1.9739932100E-02  7.8582473925E-06  3.7683424571E+01 -3.8063894513E+01  1.1429214135E-01
H17       1.9931580270E-02  2.2809612995E-05  6.0145212040E-01 -6.0752466971E-01  1.5405810848E-01
H18       5.5481622580E-02  3.8207771714E-05  5.8800734019E-01 -5.9394414454E-01  1.3909491040E-01
H19       1.4911922120E-02  2.3861471168E-05  6.0451960269E-01 -6.1062312276E-01  1.5339829933E-01
H20       3.2131870100E-02  3.5141111377E-05  6.0256737829E-01 -6.0865118778E-01  1.5086722508E-01
--------------------------------------------------------------------------------------------------
Total     5.1010941000E-04  5.2604839572E-04  3.6248240615E+02 -3.6614220251E+02
 
1st Largest |L(A)| = 4.0750883890E-04, atom C6      
2nd Largest |L(A)| = 1.7332442885E-04, atom C1      
 
Molecular charge q(Mol) from the wfn file:   0.0000000000E+00
Molecular energy E(Mol) from the wfn file:  -3.6614209174E+02
Molecular virial ratio (-V(Mol)/T(Mol)) from the wfn file:   2.0100964800E+00
Note.  K_Scaled(A) = (1+V(Mol)/T(Mol))*K(A) = (E(Mol)/T(Mol))*K(A)
       Only use K_Scaled(A) data with caution.
 
N_AIMInt(SumA)     =         65.999490
N_Analytic(Mol)    =         65.999990
 
G_AIMInt(SumA)     =        362.481880
G_Analytic(Mol)    =        362.482272
 
K_AIMInt(SumA)     =        362.482406
K_Analytic(Mol)    =        362.482272
 
L_AIMInt(SumA)     =          0.000526
L_Analytic(Mol)    =          0.000000
 
VenT_AIMInt(SumA)  =      -1587.454806
VenT_Analytic(Mol) =      -1587.460712
 
Some Information About the Atomic Calculations:
----------------------------------------------
  Time(sec) = "Elapsed User Time", in Seconds, for Atom A by AIMInt and, if used, by TWOe
  NProc = Number of Processors Used for AIMInt Job
  BIM = Basin Integration Method
  OAQ = Angular Quadrature Outside of Beta Sphere
  ORQ = Multiple of Default for Radial Quadrature Outside of Beta Sphere
  IAQ = Multiple of Default for Angular Quadrature Inside of Beta Sphere
  IRQ = Multiple of Default for Radial Quadrature Inside of Beta Sphere
  MIR = Maximum Integration Radius
------------------------------------------------------------------------------------------------------
Atom A     Time(sec)   NProc      BIM          OAQ                     ORQ      IAQ      IRQ      MIR
------------------------------------------------------------------------------------------------------
C1             35        8     Proaim(5)    4500(GS4)                  1.00     1.00     1.00    13.00
C2             40        8     Proaim(5)    4500(GS4)                  1.00     1.00     1.00    13.00
H3              5        8     Proaim(5)    1800(GS4)                  1.00     1.00     1.00    13.00
H4              8        8     Proaim(5)    1800(GS4)                  1.00     1.00     1.00    13.00
C5             31        8     Proaim(5)    4500(GS4)                  1.00     1.00     1.00    13.00
C6             71        8    Promega(1)    4500(GS4)                  1.00     1.00     1.00    13.00
C7             16        8     Proaim(5)    4500(GS4)                  1.00     1.00     1.00    13.00
H8              7        8     Proaim(5)    1800(GS4)                  1.00     1.00     1.00    13.00
H9              5        8     Proaim(5)    1800(GS4)                  1.00     1.00     1.00    13.00
C10            22        8     Proaim(5)    4500(GS4)                  1.00     1.00     1.00    13.00
H11            17        8     Proaim(5)    4500(GS4)                  1.00     1.00     1.00    13.00
C12            15        8     Proaim(5)    4500(GS4)                  1.00     1.00     1.00    13.00
N13            76        8    Promega(1)    4500(GS4)                  1.00     1.00     1.00    13.00
H14             6        8     Proaim(5)    1800(GS4)                  1.00     1.00     1.00    13.00
H15             5        8     Proaim(5)    1800(GS4)                  1.00     1.00     1.00    13.00
C16           199        8    Promega(5)    4500(GS4)                  1.00     1.00     1.00    13.00
H17             5        8     Proaim(5)    1800(GS4)                  1.00     1.00     1.00    13.00
H18            57        8    Promega(1)    4500(GS4)                  1.00     1.00     1.00    13.00
H19             6        8     Proaim(5)    1800(GS4)                  1.00     1.00     1.00    13.00
H20             8        8     Proaim(5)    1800(GS4)                  1.00     1.00     1.00    13.00
------------------------------------------------------------------------------------------------------
Total         634
Note:  Total wall clock time is less than total of atomic times if more than one atom
       was calculated at a time
 
Electron Density Critical Point Analysis of Molecular Structure:               
---------------------------------------------------------------                
  NACP = Nuclear Attractor Critical Point                                      
  NNACP = Non-Nuclear Attractor Critical Point                                 
  BCP = Bond Critical Point                                                    
  RCP = Ring Critical Point                                                    
  CCP = Cage Critical Point                                                    
  Rho = Electron Density                                                       
  GradRho = Gradient of Electron Density                                       
  HessRho_EigVals = Eigenvalues of the Hessian of Rho, Ascending Order         
  HessRho_EigVecs = Eigenvectors of the Hessian of Rho                         
  DelSqRho = Laplacian of Rho = Trace of Hessian of Rho                        
  Bond Ellipticity = (HessRho_EigVal(1) / HessRho_EigVal(2)) - 1               
  V = Virial Field = Potential Energy Density = Trace of Stress Tensor         
  G = Lagrangian Form of Kinetic Energy Density                                
  K = Hamiltonian Form of Kinetic Energy Density                               
  L = K - G = Lagrangian Density = (-1/4)DelSqRho                              
  Vnuc = Electrostatic Potential from Nuclei                                   
  Ven = Electron-nuclear attractive contribution to Virial Field V             
  Vrep = V - Ven = Repulsive contribution to Virial Field V                    
  DelSqV = Laplacian of V                                                      
  DelSqVen = Laplacian of Ven                                                  
  DelSqVrep = Laplacian of Vrep                                                
  DelSqG = Laplacian of G                                                      
  DelSqK = Laplacian of K                                                      
  Stress_EigVals = Eigenvalues of Stress Tensor, Ascending Order               
  Stress_EigVecs = Eigenvectors of Stress Tensor                               
  -DivStress = Ehrenfest Force Density = Minus Divergence of Stress Tensor     
  ESP = Total Electrostatic Potential                                          
  ESPe = Electrostatic Potential from Electrons                                
  ESPn = Electrostatic Potential from Nuclei                                   
  BP = Bond Path                                                               
  BPL = Bond Path Length                                                       
  GBL = Geometric Bond Length                                                  
  GBL_I = Distance Between Nuclear Attractors                                  
  GBL_II = Distance Between Nuclei                                             
  GBL_III = Sum of Distances Between BCP and Nuclear Attractors                
  GBL_IV = Sum of Distances Between BCP and Nuclei                             

CP# 1      Coords = -3.42010322789121E+00  3.14708244039827E+00  5.55888830361434E-01
           Type = (3,-3) NACP C1
           Rho =  1.1766792468E+02     Rho at Nucleus =  1.1766792454E+02
           GradRho = -5.4132712202E-11 -4.0286200797E-10  4.1853618661E-10
           HessRho_EigVals = -1.4498755669E+05 -1.4498650301E+05 -1.4498619551E+05
           HessRho_EigVec1 =  9.2162636144E-01  6.1682099094E-02  3.8314510117E-01
           HessRho_EigVec2 = -1.0672582588E-01  9.8950422723E-01  9.7421673056E-02
           HessRho_EigVec3 = -3.7311452396E-01 -1.3067785942E-01  9.1853625354E-01
           DelSqRho = -4.3496025521E+05
           Bond Ellipticity = NA
           V = -1.0875025440E+05
           G =  5.0952988939E+00
           K =  1.0874515910E+05
           L =  1.0874006380E+05
           Vnuc =  4.3628559172E+06
           Ven = -5.1336820144E+08
           Vrep =  5.1325945118E+08
           DelSqV =  2.4949525684E+09
           DelSqVen =  1.8976688046E+12
           DelSqVrep = -1.8951738520E+12
           DelSqG =  1.3400956175E+08
           DelSqK = -2.6289621301E+09
           Stress_EigVals = -3.6250359900E+04 -3.6250209141E+04 -3.6249685358E+04
           Stress_EigVec1 = -3.7069594818E-01 -2.2508204208E-01  9.0106747158E-01
           Stress_EigVec2 = -1.5460269254E-01  9.7160760466E-01  1.7909960923E-01
           Stress_EigVec3 =  9.1579611348E-01  7.2915957805E-02  3.9496929202E-01
           -DivStress =  7.9722299961E+01  7.8923185368E+02 -7.8444907583E+02
           ESP =  -1.4731422461E+01     ESP at Nucleus =  -1.4731422476E+01
           ESPe = -2.6312541576E+01     ESPe at Nucleus = -2.6312541437E+01
           ESPn =  1.1581119115E+01     ESPn at Nucleus =  1.1581118961E+01

CP# 2      Coords = -2.55355760818194E+00  4.17907292200831E+00 -1.59279391958039E+00
           Type = (3,-3) NACP C2
           Rho =  1.1767197714E+02     Rho at Nucleus =  1.1767197708E+02
           GradRho =  7.9611317538E-12  8.7013852720E-11 -1.3669659849E-10
           HessRho_EigVals = -1.4500042606E+05 -1.4499963534E+05 -1.4499946388E+05
           HessRho_EigVec1 =  8.7541469172E-01  1.4638046564E-01  4.6067545714E-01
           HessRho_EigVec2 = -3.1847334401E-01  8.9160997743E-01  3.2187944529E-01
           HessRho_EigVec3 = -3.6362597086E-01 -4.2849084870E-01  8.2714674991E-01
           DelSqRho = -4.3499952527E+05
           Bond Ellipticity = NA
           V = -1.0876013800E+05
           G =  5.1283405320E+00
           K =  1.0875500966E+05
           L =  1.0874988132E+05
           Vnuc =  6.7317103160E+06
           Ven = -7.9213366241E+08
           Vrep =  7.9202490227E+08
           DelSqV =  2.4951867101E+09
           DelSqVen =  2.9282905620E+12
           DelSqVrep = -2.9257953753E+12
           DelSqG =  1.3403011932E+08
           DelSqK = -2.6292168294E+09
           Stress_EigVals = -3.6253612382E+04 -3.6253507138E+04 -3.6253018479E+04
           Stress_EigVec1 = -3.3634760342E-01 -4.5786429506E-01  8.2294020256E-01
           Stress_EigVec2 = -3.0604738896E-01  8.7956422508E-01  3.6428254099E-01
           Stress_EigVec3 =  8.9062073038E-01  1.2933314063E-01  4.3596749116E-01
           -DivStress = -1.7184636863E+02 -2.7137657439E+02  6.5068642117E+02
           ESP =  -1.4743710571E+01     ESP at Nucleus =  -1.4743710582E+01
           ESPe = -2.5214880564E+01     ESPe at Nucleus = -2.5214881673E+01
           ESPn =  1.0471169993E+01     ESPn at Nucleus =  1.0471171091E+01

CP# 3      Coords = -2.67190671280314E+00  6.16564195310187E+00 -1.92362714551356E+00
           Type = (3,-3) NACP H3
           Rho =  4.2538957055E-01     Rho at Nucleus =  4.2170124634E-01
           GradRho =  4.9877014346E-10 -8.1589719607E-09  1.3475709069E-09
           HessRho_EigVals = -6.4770411853E+00 -6.4705303292E+00 -5.8777279586E+00
           HessRho_EigVec1 = -4.0047082055E-01  1.2666907466E-01  9.0751202053E-01
           HessRho_EigVec2 =  9.1437326322E-01  1.1959440075E-01  3.8680578438E-01
           HessRho_EigVec3 = -5.9537025487E-02  9.8470915748E-01 -1.6371688295E-01
           DelSqRho = -1.8825299473E+01
           Bond Ellipticity = NA
           V = -4.7157192402E+00
           G =  4.6971859684E-03
           K =  4.7110220542E+00
           L =  4.7063248683E+00
           Vnuc =  3.9176261139E+01
           Ven = -1.6665172902E+01
           Vrep =  1.1949453661E+01
           DelSqV =  7.0886266513E+02
           DelSqVen =  7.3750486169E+02
           DelSqVrep = -2.8642196555E+01
           DelSqG =  6.9765556640E+01
           DelSqK = -7.7862822177E+02
           Stress_EigVals = -1.6225713151E+00 -1.6221470383E+00 -1.4710008869E+00
           Stress_EigVec1 = -4.9636753447E-01  1.1458681154E-01  8.6051678272E-01
           Stress_EigVec2 =  8.6613335031E-01  1.3226471543E-01  4.8199488019E-01
           Stress_EigVec3 = -5.8585750893E-02  9.8456889433E-01 -1.6489936968E-01
           -DivStress = -4.7418615350E-01  7.7734585825E+00 -1.2846733481E+00
           ESP =  -1.1053297191E+00     ESP at Nucleus =  -1.1077969494E+00
           ESPe = -1.1679688585E+01     ESPe at Nucleus = -1.1598662237E+01
           ESPn =  1.0574358866E+01     ESPn at Nucleus =  1.0490865288E+01

CP# 4      Coords = -1.73435303777929E+00  3.06613204689291E+00 -3.06683040548025E+00
           Type = (3,-3) NACP H4
           Rho =  4.2497556476E-01     Rho at Nucleus =  4.2131941226E-01
           GradRho = -5.7644319006E-16  1.0942479832E-15  1.5594486423E-15
           HessRho_EigVals = -6.4727496723E+00 -6.4662868349E+00 -5.8775816911E+00
           HessRho_EigVec1 =  9.5736781425E-02  8.1866695068E-01 -5.6623218960E-01
           HessRho_EigVec2 = -9.0950433168E-01 -1.5922778723E-01 -3.8399008117E-01
           HessRho_EigVec3 = -4.0451988745E-01  5.5175260365E-01  7.2933718198E-01
           DelSqRho = -1.8816618198E+01
           Bond Ellipticity = NA
           V = -4.7136830274E+00
           G =  4.7642389017E-03
           K =  4.7089187885E+00
           L =  4.7041545496E+00
           Vnuc =  4.0828929024E+01
           Ven = -1.7351297171E+01
           Vrep =  1.2637614144E+01
           DelSqV =  7.0870459094E+02
           DelSqVen =  7.6826236889E+02
           DelSqVrep = -5.9557777960E+01
           DelSqG =  6.9770189009E+01
           DelSqK = -7.7847477994E+02
           Stress_EigVals = -1.6215163900E+00 -1.6210587692E+00 -1.4711078682E+00
           Stress_EigVec1 =  1.8858549910E-01  8.3169413317E-01 -5.2222636699E-01
           Stress_EigVec2 = -8.9433294922E-01 -7.4243059792E-02 -4.4119898460E-01
           Stress_EigVec3 = -4.0571429044E-01  5.5024797767E-01  7.2981030248E-01
           -DivStress =  3.1812201621E+00 -4.3304903454E+00 -5.7312565305E+00
           ESP =  -1.1053210377E+00     ESP at Nucleus =  -1.1077486135E+00
           ESPe = -1.3210509181E+01     ESPe at Nucleus = -1.3149064277E+01
           ESPn =  1.2105188143E+01     ESPn at Nucleus =  1.2041315663E+01

CP# 5      Coords = -3.43579836025132E+00  4.53099083039664E-01  1.22752764474524E+00
           Type = (3,-3) NACP C5
           Rho =  1.1765631499E+02     Rho at Nucleus =  1.1765631474E+02
           GradRho = -2.6054432917E-11  1.3920275348E-09  2.5064123715E-10
           HessRho_EigVals = -1.4497545527E+05 -1.4497486779E+05 -1.4497456355E+05
           HessRho_EigVec1 =  9.9525412706E-01 -4.6505321510E-02  8.5477936632E-02
           HessRho_EigVec2 =  8.6937956648E-02  8.1955729569E-01 -5.6636351469E-01
           HessRho_EigVec3 = -4.3715149245E-02  5.7110690256E-01  8.1971085852E-01
           DelSqRho = -4.3492488661E+05
           Bond Ellipticity = NA
           V = -1.0874148803E+05
           G =  5.1331865960E+00
           K =  1.0873635484E+05
           L =  1.0873122165E+05
           Vnuc =  3.2370507952E+06
           Ven = -3.8085946800E+08
           Vrep =  3.8075072651E+08
           DelSqV =  2.4947542764E+09
           DelSqVen =  1.4078740234E+12
           DelSqVrep = -1.4053792691E+12
           DelSqG =  1.3400130669E+08
           DelSqK = -2.6287555831E+09
           Stress_EigVals = -3.6247398038E+04 -3.6247248720E+04 -3.6246841267E+04
           Stress_EigVec1 = -3.5209478793E-02  6.4572463739E-01  7.6275814337E-01
           Stress_EigVec2 =  5.6806554454E-02  7.6329052359E-01 -6.4355309957E-01
           Stress_EigVec3 =  9.9776415448E-01 -2.0670492795E-02  6.3556453279E-02
           -DivStress =  1.0113587803E+01 -1.4826810922E+03 -2.6876998021E+02
           ESP =  -1.4741892852E+01     ESP at Nucleus =  -1.4741892874E+01
           ESPe = -2.7053601468E+01     ESPe at Nucleus = -2.7053602030E+01
           ESPn =  1.2311708616E+01     ESPn at Nucleus =  1.2311709156E+01

CP# 6      Coords = -3.36912939185496E+00 -1.49864194539859E+00 -3.94365235516251E-01
           Type = (3,-3) NACP C6
           Rho =  1.1768389390E+02     Rho at Nucleus =  1.1768389374E+02
           GradRho =  1.1409811984E-10 -6.9044006450E-10 -1.7977286153E-10
           HessRho_EigVals = -1.4500974097E+05 -1.4500864933E+05 -1.4500837516E+05
           HessRho_EigVec1 =  9.9910027815E-01  2.7173022693E-02 -3.2561649932E-02
           HessRho_EigVec2 = -4.1208026134E-02  8.0351076174E-01 -5.9386223516E-01
           HessRho_EigVec3 =  1.0026604147E-02  5.9466972565E-01  8.0390757217E-01
           DelSqRho = -4.3502676546E+05
           Bond Ellipticity = NA
           V = -1.0876685580E+05
           G =  5.0822197911E+00
           K =  1.0876177359E+05
           L =  1.0875669137E+05
           Vnuc =  4.0099951857E+06
           Ven = -4.7191184799E+08
           Vrep =  4.7180308113E+08
           DelSqV =  2.4953346490E+09
           DelSqVen =  1.7444551066E+12
           DelSqVrep = -1.7419597719E+12
           DelSqG =  1.3403251160E+08
           DelSqK = -2.6293671606E+09
           Stress_EigVals = -3.6255893630E+04 -3.6255742841E+04 -3.6255219333E+04
           Stress_EigVec1 = -6.2017293473E-03  6.4355191012E-01  7.6537734323E-01
           Stress_EigVec2 = -2.3558706858E-02  7.6508559403E-01 -6.4349749117E-01
           Stress_EigVec3 =  9.9970321890E-01  2.2022097741E-02 -1.0416397017E-02
           -DivStress = -1.8457571494E+02  1.1714813185E+03  2.8536107305E+02
           ESP =  -1.4736544843E+01     ESP at Nucleus =  -1.4736544859E+01
           ESPe = -2.6969683783E+01     ESPe at Nucleus = -2.6969684557E+01
           ESPn =  1.2233138940E+01     ESPn at Nucleus =  1.2233139699E+01

CP# 7      Coords =  6.06110624121628E+00  2.11617998138084E+00  7.93404561547486E-01
           Type = (3,-3) NACP C7
           Rho =  1.1769542843E+02     Rho at Nucleus =  1.1769542843E+02
           GradRho =  5.0972137027E-11 -2.0425823793E-11 -5.4000800142E-12
           HessRho_EigVals = -1.4502474990E+05 -1.4502323471E+05 -1.4502323154E+05
           HessRho_EigVec1 = -1.0005389588E-01 -2.4358411947E-01  9.6470513353E-01
           HessRho_EigVec2 = -1.1986264486E-01  9.6546012001E-01  2.3134325803E-01
           HessRho_EigVec3 =  9.8773587780E-01  9.2485314560E-02  1.2579468313E-01
           DelSqRho = -4.3507121615E+05
           Bond Ellipticity = NA
           V = -1.0877801743E+05
           G =  5.1066960725E+00
           K =  1.0877291073E+05
           L =  1.0876780404E+05
           Vnuc =  2.5928562020E+07
           Ven = -3.0516732155E+09
           Vrep =  3.0515644375E+09
           DelSqV =  2.4955901265E+09
           DelSqVen =  1.1280739992E+13
           DelSqVrep = -1.1278244401E+13
           DelSqG =  1.3404711289E+08
           DelSqK = -2.6296372394E+09
           Stress_EigVals = -3.6259600159E+04 -3.6259548512E+04 -3.6258868758E+04
           Stress_EigVec1 =  8.6423172807E-01  4.5944986546E-01  2.0496180456E-01
           Stress_EigVec2 = -4.9317958638E-01  8.5418627764E-01  1.6474130834E-01
           Stress_EigVec3 = -9.9385188948E-02 -2.4345764358E-01  9.6480617743E-01
           -DivStress = -4.9725643227E+01 -1.7295743656E+02 -5.8500206574E+01
           ESP =  -1.4704142994E+01     ESP at Nucleus =  -1.4704142996E+01
           ESPe = -2.4444597018E+01     ESPe at Nucleus = -2.4444597268E+01
           ESPn =  9.7404540234E+00     ESPn at Nucleus =  9.7404542725E+00

CP# 8      Coords =  6.12527330095179E+00  4.06766473381410E+00  1.29232141672920E+00
           Type = (3,-3) NACP H8
           Rho =  4.2375507914E-01     Rho at Nucleus =  4.1989234835E-01
           GradRho =  1.9400662852E-15  2.3961037419E-15 -2.1543097167E-16
           HessRho_EigVals = -6.4485474576E+00 -6.4428879422E+00 -5.8319388929E+00
           HessRho_EigVec1 =  9.9466464048E-01 -5.5099671859E-02  8.7213984738E-02
           HessRho_EigVec2 = -9.8094176087E-02 -2.4346545748E-01  9.6493632102E-01
           HessRho_EigVec3 =  3.1934081960E-02  9.6834322282E-01  2.4757143865E-01
           DelSqRho = -1.8723374293E+01
           Bond Ellipticity = NA
           V = -4.6895809676E+00
           G =  4.3686972155E-03
           K =  4.6852122704E+00
           L =  4.6808435732E+00
           Vnuc =  3.8215418154E+01
           Ven = -1.6193977544E+01
           Vrep =  1.1504396577E+01
           DelSqV =  7.0413776012E+02
           DelSqVen =  7.1552157784E+02
           DelSqVrep = -1.1383817724E+01
           DelSqG =  6.9275233199E+01
           DelSqK = -7.7341299332E+02
           Stress_EigVals = -1.6154010189E+00 -1.6147063845E+00 -1.4594735643E+00
           Stress_EigVec1 =  9.9442501356E-01 -5.7136810745E-02  8.8624360413E-02
           Stress_EigVec2 = -9.9963990398E-02 -2.4335034308E-01  9.6477345068E-01
           Stress_EigVec3 =  3.3557309552E-02  9.6825409650E-01  2.4770529182E-01
           -DivStress =  2.5745890629E-01  7.8042692524E+00  1.9952736701E+00
           ESP =  -1.0739319125E+00     ESP at Nucleus =  -1.0765198667E+00
           ESPe = -1.1429177368E+01     ESPe at Nucleus = -1.1352720208E+01
           ESPn =  1.0355245456E+01     ESPn at Nucleus =  1.0276200341E+01

CP# 9      Coords =  7.81103350260800E+00  1.11885759935643E+00  7.21113698727447E-01
           Type = (3,-3) NACP H9
           Rho =  4.2278575883E-01     Rho at Nucleus =  4.1889458735E-01
           GradRho = -1.2702389142E-10  7.2320167274E-11  5.2325304124E-12
           HessRho_EigVals = -6.4305715015E+00 -6.4248492848E+00 -5.8119183149E+00
           HessRho_EigVec1 =  4.8589878674E-01  8.3465757253E-01  2.5932432525E-01
           HessRho_EigVec2 = -9.8374066534E-02 -2.4259202814E-01  9.6512778994E-01
           HessRho_EigVec3 =  8.6846123234E-01 -4.9446521061E-01 -3.5766512575E-02
           DelSqRho = -1.8667339101E+01
           Bond Ellipticity = NA
           V = -4.6755920012E+00
           G =  4.3786129585E-03
           K =  4.6712133882E+00
           L =  4.6668347753E+00
           Vnuc =  3.8151345288E+01
           Ven = -1.6129845468E+01
           Vrep =  1.1454253467E+01
           DelSqV =  7.0184599619E+02
           DelSqVen =  7.1218409988E+02
           DelSqVrep = -1.0338103694E+01
           DelSqG =  6.9023596167E+01
           DelSqK = -7.7086959236E+02
           Stress_EigVals = -1.6109317243E+00 -1.6101571234E+00 -1.4545031535E+00
           Stress_EigVec1 =  4.8461839179E-01  8.3473853469E-01  2.6145093813E-01
           Stress_EigVec2 = -9.9407899635E-02 -2.4440174793E-01  9.6456511190E-01
           Stress_EigVec3 =  8.6905873440E-01 -4.9343628192E-01 -3.5461977557E-02
           -DivStress =  7.0159778160E+00 -3.9922122831E+00 -2.8850329426E-01
           ESP =  -1.0741780784E+00     ESP at Nucleus =  -1.0767861583E+00
           ESPe = -1.1510829207E+01     ESPe at Nucleus = -1.1433273930E+01
           ESPn =  1.0436651128E+01     ESPn at Nucleus =  1.0356487772E+01

CP# 10     Coords =  3.85283845598222E+00  9.91181369945232E-01  2.84562171331916E-01
           Type = (3,-3) NACP C10
           Rho =  1.1760584326E+02     Rho at Nucleus =  1.1760584191E+02
           GradRho =  3.2148430836E-11 -6.2884467598E-12  3.8389071652E-12
           HessRho_EigVals = -1.4490423238E+05 -1.4490417456E+05 -1.4490317525E+05
           HessRho_EigVec1 = -9.5873202411E-02 -2.3598938257E-01  9.6701465365E-01
           HessRho_EigVec2 =  5.2411382590E-02  9.6894532524E-01  2.4165678902E-01
           HessRho_EigVec3 =  9.9401276452E-01 -7.3850985230E-02  8.0527361475E-02
           DelSqRho = -4.3471158218E+05
           Bond Ellipticity = NA
           V = -1.0868822162E+05
           G =  5.1630352386E+00
           K =  1.0868305858E+05
           L =  1.0867789554E+05
           Vnuc =  1.3903845649E+06
           Ven = -1.6351734921E+08
           Vrep =  1.6340866099E+08
           DelSqV =  2.4935271465E+09
           DelSqVen =  6.0441627750E+11
           DelSqVrep = -6.0192275036E+11
           DelSqG =  1.3392681218E+08
           DelSqK = -2.6274539587E+09
           Stress_EigVals = -3.6229727165E+04 -3.6229385757E+04 -3.6229108694E+04
           Stress_EigVec1 =  9.9479068606E-01  2.0218152039E-03  1.0191861066E-01
           Stress_EigVec2 = -2.6790104032E-02  9.6984412287E-01  2.4224918508E-01
           Stress_EigVec3 = -9.8355382474E-02 -2.4371764320E-01  9.6484606499E-01
           -DivStress =  2.0908996322E+02  3.3788875330E+03  8.7315813551E+02
           ESP =  -1.4688618724E+01     ESP at Nucleus =  -1.4688618810E+01
           ESPe = -2.6512818407E+01     ESPe at Nucleus = -2.6512816313E+01
           ESPn =  1.1824199683E+01     ESPn at Nucleus =  1.1824197503E+01

CP# 11     Coords =  2.10721144605607E+00  2.00279307674995E+00  3.59311203587197E-01
           Type = (3,-3) NACP H11
           Rho =  4.1718062763E-01     Rho at Nucleus =  4.1319069911E-01
           GradRho =  3.9392379643E-10 -2.3025653732E-10 -1.7441198096E-11
           HessRho_EigVals = -6.3518286847E+00 -6.3438470548E+00 -5.7239050421E+00
           HessRho_EigVec1 =  4.9744410506E-01  8.2817621630E-01  2.5821215519E-01
           HessRho_EigVec2 = -9.8717446015E-02 -2.4167743673E-01  9.6532216510E-01
           HessRho_EigVec3 =  8.6186091000E-01 -5.0568386500E-01 -3.8465575303E-02
           DelSqRho = -1.8419580782E+01
           Bond Ellipticity = NA
           V = -4.6139509777E+00
           G =  4.5278911316E-03
           K =  4.6094230865E+00
           L =  4.6048951954E+00
           Vnuc =  4.0638488207E+01
           Ven = -1.6953590016E+01
           Vrep =  1.2339639038E+01
           DelSqV =  6.9203885765E+02
           DelSqVen =  7.4854391704E+02
           DelSqVrep = -5.6505059384E+01
           DelSqG =  6.8128881829E+01
           DelSqK = -7.6016773948E+02
           Stress_EigVals = -1.5908686202E+00 -1.5900650265E+00 -1.4330173310E+00
           Stress_EigVec1 =  4.9741550616E-01  8.3011408260E-01  2.5196909354E-01
           Stress_EigVec2 = -9.5394040841E-02 -2.3634956894E-01  9.6697407320E-01
           Stress_EigVec3 =  8.6225158231E-01 -5.0502424807E-01 -3.8376003766E-02
           -DivStress = -7.0171032675E+00  4.0934171429E+00  3.0866812280E-01
           ESP =  -1.0686635231E+00     ESP at Nucleus =  -1.0713523555E+00
           ESPe = -1.4529540673E+01     ESPe at Nucleus = -1.4474043864E+01
           ESPn =  1.3460877149E+01     ESPn at Nucleus =  1.3402691508E+01

CP# 12     Coords =  3.67076614116549E+00 -1.62068108144722E+00 -3.96479624532292E-01
           Type = (3,-3) NACP C12
           Rho =  1.1802489165E+02     Rho at Nucleus =  1.1802489056E+02
           GradRho =  8.7071777739E-12  1.1481783406E-11 -1.6822849537E-13
           HessRho_EigVals = -1.4545411431E+05 -1.4545409082E+05 -1.4545318155E+05
           HessRho_EigVec1 =  9.8861678750E-01 -1.4333243920E-01  4.5745593697E-02
           HessRho_EigVec2 = -8.0626600164E-02 -2.4799705290E-01  9.6539982033E-01
           HessRho_EigVec3 =  1.2702833863E-01  9.5809878073E-01  2.5673045701E-01
           DelSqRho = -4.3636138668E+05
           Bond Ellipticity = NA
           V = -1.0910048075E+05
           G =  5.0670384025E+00
           K =  1.0909541371E+05
           L =  1.0909034667E+05
           Vnuc =  1.5522235267E+06
           Ven = -1.8320101355E+08
           Vrep =  1.8309191307E+08
           DelSqV =  2.5029822022E+09
           DelSqVen =  6.7733041357E+11
           DelSqVrep = -6.7482743137E+11
           DelSqG =  1.3446784990E+08
           DelSqK = -2.6374500521E+09
           Stress_EigVals = -3.6367434396E+04 -3.6366526213E+04 -3.6366520136E+04
           Stress_EigVec1 =  9.4627058970E-02  9.6231382516E-01  2.5494670348E-01
           Stress_EigVec2 = -2.3755304532E-02 -2.5384021143E-01  9.6695441080E-01
           Stress_EigVec3 =  9.9522932293E-01 -9.7556388633E-02 -1.1600946844E-03
           -DivStress = -1.4832838400E+02 -3.0594366998E+03 -7.9013927506E+02
           ESP =  -1.4709456956E+01     ESP at Nucleus =  -1.4709457038E+01
           ESPe = -2.6829454849E+01     ESPe at Nucleus = -2.6829455702E+01
           ESPn =  1.2119997893E+01     ESPn at Nucleus =  1.2119998664E+01

CP# 13     Coords =  3.47779818833412E+00 -3.73821140234545E+00 -9.58658833167216E-01
           Type = (3,-3) NACP N13
           Rho =  1.9190170342E+02     Rho at Nucleus =  1.9190168379E+02
           GradRho =  5.2602748546E-11 -5.6803412234E-11  7.2990042829E-12
           HessRho_EigVals = -3.2301891009E+05 -3.2301879505E+05 -3.2301167027E+05
           HessRho_EigVec1 =  9.6552759652E-01 -1.3233028543E-01  2.2415431272E-01
           HessRho_EigVec2 = -2.4985387335E-01 -2.2963757403E-01  9.4065914473E-01
           HessRho_EigVec3 =  7.3003440533E-02  9.6423818642E-01  2.5478464930E-01
           DelSqRho = -9.6904937541E+05
           Bond Ellipticity = NA
           V = -2.4229365714E+05
           G =  1.5656643276E+01
           K =  2.4227800050E+05
           L =  2.4226234385E+05
           Vnuc =  6.3502526477E+05
           Ven = -1.2186243002E+08
           Vrep =  1.2162013637E+08
           DelSqV =  7.6076370529E+09
           DelSqVen =  6.1537083699E+11
           DelSqVrep = -6.0776319994E+11
           DelSqG =  4.0787951130E+08
           DelSqK = -8.0155165642E+09
           Stress_EigVals = -8.0765838803E+04 -8.0763922649E+04 -8.0763895686E+04
           Stress_EigVec1 =  7.4751515688E-02  9.6414411177E-01  2.5463374215E-01
           Stress_EigVec2 = -2.6426931504E-01 -2.2706506000E-01  9.3733835281E-01
           Stress_EigVec3 =  9.6154767954E-01 -1.3735934721E-01  2.3782024663E-01
           -DivStress = -2.5438358034E+03 -2.6199587469E+04 -6.9564561002E+03
           ESP =  -1.8370598100E+01     ESP at Nucleus =  -1.8370598940E+01
           ESPe = -2.8245539084E+01     ESPe at Nucleus = -2.8245519830E+01
           ESPn =  9.8749409845E+00     ESPn at Nucleus =  9.8749208898E+00

CP# 14     Coords = -3.54474806828379E+00  4.52443520030701E-02  3.21065087359599E+00
           Type = (3,-3) NACP H14
           Rho =  4.2878480637E-01     Rho at Nucleus =  4.2524285198E-01
           GradRho =  1.3157132155E-10  5.0603696484E-10 -2.3888732437E-09
           HessRho_EigVals = -6.5570776554E+00 -6.5489580502E+00 -5.9654715982E+00
           HessRho_EigVec1 = -4.3393048207E-02  9.7774194272E-01  2.0527478367E-01
           HessRho_EigVec2 =  9.9762988907E-01  3.1423973846E-02  6.1213873466E-02
           HessRho_EigVec3 = -5.3400822131E-02 -2.0744451623E-01  9.7678816787E-01
           DelSqRho = -1.9071507304E+01
           Bond Ellipticity = NA
           V = -4.7773436647E+00
           G =  4.7334193508E-03
           K =  4.7726102453E+00
           L =  4.7678768260E+00
           Vnuc =  4.1795067131E+01
           Ven = -1.7921089767E+01
           Vrep =  1.3143746103E+01
           DelSqV =  7.1921645970E+02
           DelSqVen =  7.9709493227E+02
           DelSqVrep = -7.7878472570E+01
           DelSqG =  7.1041918573E+01
           DelSqK = -7.9025837827E+02
           Stress_EigVals = -1.6423533952E+00 -1.6415725623E+00 -1.4934177071E+00
           Stress_EigVec1 =  3.9508269585E-02  9.7717291015E-01  2.0873955136E-01
           Stress_EigVec2 =  9.9777993841E-01 -4.9789450313E-02  4.4229007889E-02
           Stress_EigVec3 = -5.3612415873E-02 -2.0652872513E-01  9.7697062113E-01
           -DivStress = -4.1924948726E-01 -1.6081099413E+00  7.6023445828E+00
           ESP =  -1.1117420905E+00     ESP at Nucleus =  -1.1141216116E+00
           ESPe = -1.3523438629E+01     ESPe at Nucleus = -1.3440950290E+01
           ESPn =  1.2411696538E+01     ESPn at Nucleus =  1.2326828678E+01

CP# 15     Coords = -4.16362672361222E+00  4.39123335440294E+00  1.97277944116481E+00
           Type = (3,-3) NACP H15
           Rho =  4.2990784901E-01     Rho at Nucleus =  4.2631511038E-01
           GradRho =  2.6905561112E-15  2.1901425985E-15  3.2818799761E-16
           HessRho_EigVals = -6.5742991302E+00 -6.5665506535E+00 -5.9759873264E+00
           HessRho_EigVec1 =  1.7145552288E-01  7.7995329200E-01 -6.0189356698E-01
           HessRho_EigVec2 = -9.1427045442E-01 -1.0163920994E-01 -3.9214666538E-01
           HessRho_EigVec3 = -3.6703206923E-01  6.1752921655E-01  6.9566164682E-01
           DelSqRho = -1.9116837110E+01
           Bond Ellipticity = NA
           V = -4.7882675312E+00
           G =  4.5291268332E-03
           K =  4.7837384044E+00
           L =  4.7792092775E+00
           Vnuc =  4.0617491414E+01
           Ven = -1.7461778366E+01
           Vrep =  1.2673510834E+01
           DelSqV =  7.2067742590E+02
           DelSqVen =  7.7647796718E+02
           DelSqVrep = -5.5800541276E+01
           DelSqG =  7.1187408987E+01
           DelSqK = -7.9186483489E+02
           Stress_EigVals = -1.6467232415E+00 -1.6455703994E+00 -1.4959738904E+00
           Stress_EigVec1 =  2.3479672634E-01  7.8593468259E-01 -5.7199403144E-01
           Stress_EigVec2 = -9.0004837948E-01 -4.6466728685E-02 -4.3330561699E-01
           Stress_EigVec3 = -3.6712860402E-01  6.1656104144E-01  6.9646900167E-01
           -DivStress = -2.8803561203E+00  4.8376160237E+00  5.4656475211E+00
           ESP =  -1.1076864355E+00     ESP at Nucleus =  -1.1100935357E+00
           ESPe = -1.2519913105E+01     ESPe at Nucleus = -1.2435472581E+01
           ESPn =  1.1412226670E+01     ESPn at Nucleus =  1.1325379045E+01

CP# 16     Coords = -3.31374765700379E+00 -4.23053359647430E+00  3.47455657001484E-01
           Type = (3,-3) NACP C16
           Rho =  1.1751341531E+02     Rho at Nucleus =  1.1751341522E+02
           GradRho = -1.3151244416E-10  3.2658418352E-10 -9.4974214948E-11
           HessRho_EigVals = -1.4480293705E+05 -1.4480260518E+05 -1.4480250472E+05
           HessRho_EigVec1 =  6.0434877239E-02  9.2137368638E-01 -3.8395072036E-01
           HessRho_EigVec2 =  7.9799884976E-01  1.8647096011E-01  5.7308499965E-01
           HessRho_EigVec3 =  5.9962109819E-01 -3.4102655481E-01 -7.2398579234E-01
           DelSqRho = -4.3440804695E+05
           Bond Ellipticity = NA
