AIMSum (Version 19.02.13, Professional)
Copyright (c) 1997-2019 by Todd A. Keith
AIMSum is a component of the AIMAll package ( http://aim.tkgristmill.com )

TP:  64-bit Linux

Much of the Quantum Theory of Atoms in Molecules (QTAIM) is described in the book:
  "Atoms in Molecules - A Quantum Theory"
  R.F.W. Bader, Oxford University Press, Oxford, 1990

For additional references see:  http://aim.tkgristmill.com/references.html

Wfn File:  /home/mhennefarth/Documents/ML_Diels/summary-James2013/2-opt/2-opt.wfn
Sum File:  /home/mhennefarth/Documents/ML_Diels/summary-James2013/2-opt/2-opt.sum

SumViz File:  /home/mhennefarth/Documents/ML_Diels/summary-James2013/2-opt/2-opt.sumviz

Wfn Title:   Title Card Required                                                           
 
Total memory allocated for AIMSum =        1.112 Megabytes

Atomic units (a.u.) used throughout, except where stated otherwise

Model:  Restricted SCF
 
Restricted, closed-shell, single-determinant wavefunction.
  Number of electrons (from MO Occs)                   =          74.0000000000
  Number of Alpha electrons (from MO Occs)             =          37.0000000000
  Number of Beta electrons (from MO Occs)              =          37.0000000000
  Number of electron pairs (N*(N-1)/2)                 =        2701.0000000000
  Number of electron pairs (from Muller 2EDM)          =        2701.0000000000
 
Nuclear Charges and Cartesian Coordinates:
-------------------------------------------------------------------------------
Atom      Charge                X                  Y                  Z
-------------------------------------------------------------------------------
C1         6.0           5.6376202800E+00   6.4442321000E-01  -2.2649034800E+00
H2         1.0           6.3959920800E+00   2.4956477100E+00  -1.8070705400E+00
H3         1.0           6.4912406700E+00  -3.3872312000E-01  -3.8541822600E+00
C4         6.0           3.7662347500E+00  -4.0556184000E-01  -9.1509574000E-01
C5         6.0           2.5707725000E+00   9.6809238000E-01   1.2365576400E+00
C6         6.0           2.0741065700E+00   3.4546299100E+00   1.1080645700E+00
H7         1.0           2.4673423600E+00   4.5478112000E+00  -5.8462535000E-01
H8         1.0           1.2800304600E+00   4.4703974400E+00   2.7084827200E+00
C9         6.0          -6.1838991800E+00   7.2260031000E-01  -9.2361530000E-01
H10        1.0          -8.1773816200E+00   5.9276770000E-01  -1.4047338500E+00
C11        6.0          -4.8970607300E+00   2.8871993800E+00  -1.1721532200E+00
H12        1.0          -5.8304636200E+00   4.5765937100E+00  -1.8677261100E+00
H13        1.0          -2.9049641000E+00   3.0225287300E+00  -6.9195004000E-01
C14        6.0           2.8380505500E+00  -3.0514070300E+00  -1.4761663100E+00
H15        1.0           3.2753743900E+00  -4.3503111800E+00   8.0598460000E-02
H16        1.0           7.8133769000E-01  -3.1096306400E+00  -1.7228498600E+00
H17        1.0           3.7271432000E+00  -3.7967424300E+00  -3.1874143100E+00
C18        6.0           1.9164301200E+00  -5.5331496000E-01   3.5667596500E+00
H19        1.0           3.5746587500E+00  -1.5704945500E+00   4.2870682000E+00
H20        1.0           1.2041578600E+00   6.6891344000E-01   5.0748460300E+00
H21        1.0           4.6292989000E-01  -1.9724825800E+00   3.1559505500E+00
C22        6.0          -5.0347913800E+00  -1.5525026500E+00  -1.9271820000E-02
N23        7.0          -4.1245969800E+00  -3.4173182500E+00   7.1036433000E-01
 
Some Atomic Properties:
----------------------
  q(A) = Net Charge of Atom A
  L(A) = Lagrangian of Atom A = -(1/4) Times Atomic Integral of the Laplacian of the Electron Density
  K(A) = Electronic Kinetic Energy of Atom A (Hamiltonian Form)
  K_Scaled(A) = K(A) * E(Mol)/K(Mol) = Approximation to Virial-Based Total Energy of Atom A.
  |Mu_Intra(A)| = Magnitude of Intraatomic Dipole Moment of Atom A
--------------------------------------------------------------------------------------------------
Atom A          q(A)              L(A)              K(A)          K_Scaled(A)      |Mu_Intra(A)|
--------------------------------------------------------------------------------------------------
C1       -9.9968805700E-02 -7.4728658945E-05  3.7718099591E+01 -3.8098617885E+01  1.2421295662E-01
H2        3.7849144310E-02  3.0276047720E-05  5.9669652754E-01 -6.0271628853E-01  1.5064726229E-01
H3        3.1613746620E-02  2.3194222714E-05  5.9845503763E-01 -6.0449253930E-01  1.5248607748E-01
C4       -4.3892898000E-03 -1.0117374593E-04  3.7704470680E+01 -3.8084851478E+01  3.1576047031E-02
C5       -3.5779948000E-03  9.7108518864E-05  3.7703457473E+01 -3.8083828050E+01  1.9546055529E-02
C6       -1.1829923760E-01  1.3293362852E-04  3.7722351076E+01 -3.8102912261E+01  1.3328678827E-01
H7        3.6417704080E-02  2.4546045957E-05  5.9665359379E-01 -6.0267292164E-01  1.5136628115E-01
H8        2.9330974760E-02  2.3210315220E-05  5.9889922434E-01 -6.0494120719E-01  1.5320596837E-01
C9        4.8707327000E-02  1.4863638716E-05  3.7646472283E+01 -3.8026267965E+01  2.8688344901E-01
H10       8.6534173500E-02  1.7441583292E-05  5.7925485903E-01 -5.8509866009E-01  1.4051190296E-01
C11      -3.3954193900E-02 -2.6306518316E-05  3.7692489755E+01 -3.8072749684E+01  1.8369249607E-01
H12       6.8848438010E-02  1.6203969437E-05  5.8493961318E-01 -5.9084076477E-01  1.4211212865E-01
H13       9.9995778510E-02  2.4753897080E-05  5.7038633456E-01 -5.7614066569E-01  1.3663166836E-01
C14      -2.7421626700E-02 -3.4974294618E-04  3.7695050993E+01 -3.8075336761E+01  9.0558403771E-02
H15       2.3162071530E-02  2.6136848377E-05  6.0195697212E-01 -6.0802980299E-01  1.5078264775E-01
H16       3.7169247350E-02  3.0838140772E-05  5.9649982385E-01 -6.0251760039E-01  1.4264151614E-01
H17       1.5299583310E-02  2.4640204365E-05  6.0579622412E-01 -6.1190778721E-01  1.5375222851E-01
C18      -3.0674612400E-02  1.0116545707E-04  3.7697549748E+01 -3.8077860725E+01  9.8266052600E-02
H19       1.8633631750E-02  3.0306423310E-05  6.0262680921E-01 -6.0870639772E-01  1.5411834178E-01
H20       1.5077102260E-02  2.6182953039E-05  6.0579033368E-01 -6.1190183734E-01  1.5362091242E-01
H21       4.8441557510E-02  2.4746501410E-05  5.9270965414E-01 -5.9868919363E-01  1.3754123644E-01
C22       9.7123253130E-01  2.5385342814E-05  3.7139676926E+01 -3.7514359814E+01  1.0349258931E+00
N23      -1.2499821355E+00  1.7842601309E-06  5.4958527421E+01 -5.5512975426E+01  6.8252022841E-01
--------------------------------------------------------------------------------------------------
Total     4.5115400002E-05  1.4376612944E-04  4.0140881095E+02 -4.0545841572E+02
 
1st Largest |L(A)| = 3.4974294618E-04, atom C14     
2nd Largest |L(A)| = 1.3293362852E-04, atom C6      
 
Molecular charge q(Mol) from the wfn file:   0.0000000000E+00
Molecular energy E(Mol) from the wfn file:  -4.0545839662E+02
Molecular virial ratio (-V(Mol)/T(Mol)) from the wfn file:   2.0100884800E+00
Note.  K_Scaled(A) = (1+V(Mol)/T(Mol))*K(A) = (E(Mol)/T(Mol))*K(A)
       Only use K_Scaled(A) data with caution.
 
N_AIMInt(SumA)     =         73.999955
N_Analytic(Mol)    =         73.999988
 
G_AIMInt(SumA)     =        401.408667
G_Analytic(Mol)    =        401.408764
 
K_AIMInt(SumA)     =        401.408811
K_Analytic(Mol)    =        401.408764
 
L_AIMInt(SumA)     =          0.000144
L_Analytic(Mol)    =          0.000000
 
VenT_AIMInt(SumA)  =      -1853.919826
VenT_Analytic(Mol) =      -1853.921295
 
Some Information About the Atomic Calculations:
----------------------------------------------
  Time(sec) = "Elapsed User Time", in Seconds, for Atom A by AIMInt and, if used, by TWOe
  NProc = Number of Processors Used for AIMInt Job
  BIM = Basin Integration Method
  OAQ = Angular Quadrature Outside of Beta Sphere
  ORQ = Multiple of Default for Radial Quadrature Outside of Beta Sphere
  IAQ = Multiple of Default for Angular Quadrature Inside of Beta Sphere
  IRQ = Multiple of Default for Radial Quadrature Inside of Beta Sphere
  MIR = Maximum Integration Radius
------------------------------------------------------------------------------------------------------
Atom A     Time(sec)   NProc      BIM          OAQ                     ORQ      IAQ      IRQ      MIR
------------------------------------------------------------------------------------------------------
C1             23        8     Proaim(5)    4500(GS4)                  1.00     1.00     1.00    13.00
H2              6        8     Proaim(5)    1800(GS4)                  1.00     1.00     1.00    13.00
H3              6        8     Proaim(5)    1800(GS4)                  1.00     1.00     1.00    13.00
C4             36        8     Proaim(5)    4500(GS4)                  1.00     1.00     1.00    13.00
C5             40        8     Proaim(5)    4500(GS4)                  1.00     1.00     1.00    13.00
C6             31        8     Proaim(5)    4500(GS4)                  1.00     1.00     1.00    13.00
H7              7        8     Proaim(5)    1800(GS4)                  1.00     1.00     1.00    13.00
H8              7        8     Proaim(5)    1800(GS4)                  1.00     1.00     1.00    13.00
C9             20        8     Proaim(5)    5400(GS5)                  1.00     1.00     1.00    13.00
H10             5        8     Proaim(5)    1800(GS4)                  1.00     1.00     1.00    13.00
C11            22        8     Proaim(5)    4500(GS4)                  1.00     1.00     1.00    13.00
H12             5        8     Proaim(5)    1800(GS4)                  1.00     1.00     1.00    13.00
H13            13        8     Proaim(5)    4500(GS4)                  1.00     1.00     1.00    13.00
C14            30        8     Proaim(5)    4500(GS4)                  1.00     1.00     1.00    13.00
H15             6        8     Proaim(5)    1800(GS4)                  1.00     1.00     1.00    13.00
H16            14        8     Proaim(5)    4500(GS4)                  1.00     1.00     1.00    13.00
H17             7        8     Proaim(5)    1800(GS4)                  1.00     1.00     1.00    13.00
C18            34        8     Proaim(5)    4500(GS4)                  1.00     1.00     1.00    13.00
H19             6        8     Proaim(5)    1800(GS4)                  1.00     1.00     1.00    13.00
H20             7        8     Proaim(5)    1800(GS4)                  1.00     1.00     1.00    13.00
H21            15        8     Proaim(5)    4500(GS4)                  1.00     1.00     1.00    13.00
C22            14        8     Proaim(5)    4500(GS4)                  1.00     1.00     1.00    13.00
N23            19        8     Proaim(5)    4500(GS4)                  1.00     1.00     1.00    13.00
------------------------------------------------------------------------------------------------------
Total         373
Note:  Total wall clock time is less than total of atomic times if more than one atom
       was calculated at a time
 
Electron Density Critical Point Analysis of Molecular Structure:               
---------------------------------------------------------------                
  NACP = Nuclear Attractor Critical Point                                      
  NNACP = Non-Nuclear Attractor Critical Point                                 
  BCP = Bond Critical Point                                                    
  RCP = Ring Critical Point                                                    
  CCP = Cage Critical Point                                                    
  Rho = Electron Density                                                       
  GradRho = Gradient of Electron Density                                       
  HessRho_EigVals = Eigenvalues of the Hessian of Rho, Ascending Order         
  HessRho_EigVecs = Eigenvectors of the Hessian of Rho                         
  DelSqRho = Laplacian of Rho = Trace of Hessian of Rho                        
  Bond Ellipticity = (HessRho_EigVal(1) / HessRho_EigVal(2)) - 1               
  V = Virial Field = Potential Energy Density = Trace of Stress Tensor         
  G = Lagrangian Form of Kinetic Energy Density                                
  K = Hamiltonian Form of Kinetic Energy Density                               
  L = K - G = Lagrangian Density = (-1/4)DelSqRho                              
  Vnuc = Electrostatic Potential from Nuclei                                   
  Ven = Electron-nuclear attractive contribution to Virial Field V             
  Vrep = V - Ven = Repulsive contribution to Virial Field V                    
  DelSqV = Laplacian of V                                                      
  DelSqVen = Laplacian of Ven                                                  
  DelSqVrep = Laplacian of Vrep                                                
  DelSqG = Laplacian of G                                                      
  DelSqK = Laplacian of K                                                      
  Stress_EigVals = Eigenvalues of Stress Tensor, Ascending Order               
  Stress_EigVecs = Eigenvectors of Stress Tensor                               
  -DivStress = Ehrenfest Force Density = Minus Divergence of Stress Tensor     
  ESP = Total Electrostatic Potential                                          
  ESPe = Electrostatic Potential from Electrons                                
  ESPn = Electrostatic Potential from Nuclei                                   
  BP = Bond Path                                                               
  BPL = Bond Path Length                                                       
  GBL = Geometric Bond Length                                                  
  GBL_I = Distance Between Nuclear Attractors                                  
  GBL_II = Distance Between Nuclei                                             
  GBL_III = Sum of Distances Between BCP and Nuclear Attractors                
  GBL_IV = Sum of Distances Between BCP and Nuclei                             

CP# 1      Coords =  5.63762102599875E+00  6.44423636614778E-01 -2.26490419501853E+00
           Type = (3,-3) NACP C1
           Rho =  1.1768556972E+02     Rho at Nucleus =  1.1768556963E+02
           GradRho =  1.9797163908E-10  1.2142468975E-10 -1.7228782290E-10
           HessRho_EigVals = -1.4501801971E+05 -1.4501724827E+05 -1.4501712375E+05
           HessRho_EigVec1 =  6.3707249842E-01 -4.6777063556E-01  6.1264121985E-01
           HessRho_EigVec2 = -1.4853206131E-01  7.0541236755E-01  6.9305960673E-01
           HessRho_EigVec3 =  7.5635762607E-01  5.3252607844E-01 -3.7991988269E-01
           DelSqRho = -4.3505239173E+05
           Bond Ellipticity = NA
           V = -1.0877335999E+05
           G =  5.1310271357E+00
           K =  1.0876822896E+05
           L =  1.0876309793E+05
           Vnuc =  5.3670775152E+06
           Ven = -6.3162757511E+08
           Vrep =  6.3151880175E+08
           DelSqV =  2.4954896041E+09
           DelSqVen =  2.3349600420E+12
           DelSqVrep = -2.3324645524E+12
           DelSqG =  1.3404731815E+08
           DelSqK = -2.6295369222E+09
           Stress_EigVals = -3.6258010717E+04 -3.6257916231E+04 -3.6257433039E+04
           Stress_EigVec1 =  7.5218950390E-01  4.5454994215E-01 -4.7706949212E-01
           Stress_EigVec2 = -7.0553478960E-02  7.7538139222E-01  6.2753956306E-01
           Stress_EigVec3 =  6.5515887907E-01 -4.3836976024E-01  6.1530382453E-01
           -DivStress = -6.0862702393E+02 -3.4721758280E+02  5.8190770627E+02
           ESP =  -1.4757920121E+01     ESP at Nucleus =  -1.4757920135E+01
           ESPe = -2.6309709281E+01     ESPe at Nucleus = -2.6309711171E+01
           ESPn =  1.1551789160E+01     ESPn at Nucleus =  1.1551791036E+01

CP# 2      Coords =  6.38310294417638E+00  2.46411323169774E+00 -1.81499229452120E+00
           Type = (3,-3) NACP H2
           Rho =  4.2547243248E-01     Rho at Nucleus =  4.2178187489E-01
           GradRho = -7.2613480116E-11 -1.7765631154E-10 -4.4578198338E-11
           HessRho_EigVals = -6.4764495548E+00 -6.4694256191E+00 -5.8767494407E+00
           HessRho_EigVec1 = -6.2174079150E-01  5.9855653101E-02  7.8093257646E-01
           HessRho_EigVec2 =  6.9075054419E-01 -4.2809073057E-01  5.8275381775E-01
           HessRho_EigVec3 =  3.6919110754E-01  9.0175142206E-01  2.2481614471E-01
           DelSqRho = -1.8822624615E+01
           Bond Ellipticity = NA
           V = -4.7153935113E+00
           G =  4.8686788435E-03
           K =  4.7105248325E+00
           L =  4.7056561537E+00
           Vnuc =  4.0795927883E+01
           Ven = -1.7357542672E+01
           Vrep =  1.2642149160E+01
           DelSqV =  7.0874962747E+02
           DelSqVen =  7.6788643666E+02
           DelSqVrep = -5.9136809193E+01
           DelSqG =  6.9742991905E+01
           DelSqK = -7.7849261937E+02
           Stress_EigVals = -1.6224282821E+00 -1.6220338604E+00 -1.4709313689E+00
           Stress_EigVec1 = -6.9495011090E-01  1.0898422871E-01  7.1075085737E-01
           Stress_EigVec2 =  6.1602036413E-01 -4.1961113750E-01  6.6666738653E-01
           Stress_EigVec3 =  3.7089520667E-01  9.0113757617E-01  2.2447230228E-01
           -DivStress =  2.9098217059E+00  7.1176724611E+00  1.7880060891E+00
           ESP =  -1.1182204392E+00     ESP at Nucleus =  -1.1206826692E+00
           ESPe = -1.3322959781E+01     ESPe at Nucleus = -1.3246491550E+01
           ESPn =  1.2204739341E+01     ESPn at Nucleus =  1.2125808881E+01

CP# 3      Coords =  6.47689335917299E+00 -3.22151434328218E-01 -3.82741611828443E+00
           Type = (3,-3) NACP H3
           Rho =  4.2598919591E-01     Rho at Nucleus =  4.2236685000E-01
           GradRho =  9.9746599869E-17  1.0911410664E-15  2.9725570963E-15
           HessRho_EigVals = -6.4924124178E+00 -6.4859465296E+00 -5.8988707616E+00
           HessRho_EigVec1 =  6.0274325659E-01  7.8177408554E-01 -1.5978061778E-01
           HessRho_EigVec2 = -6.8122184887E-01  3.9988909753E-01 -6.1320918314E-01
           HessRho_EigVec3 = -4.1549652135E-01  4.7845374787E-01  7.7359204487E-01
           DelSqRho = -1.8877229709E+01
           Bond Ellipticity = NA
           V = -4.7289452312E+00
           G =  4.8189019772E-03
           K =  4.7241263292E+00
           L =  4.7193074273E+00
           Vnuc =  4.0603570465E+01
           Ven = -1.7296682334E+01
           Vrep =  1.2567737102E+01
           DelSqV =  7.1123713240E+02
           DelSqVen =  7.6648292668E+02
           DelSqVrep = -5.5245794278E+01
           DelSqG =  7.0055673695E+01
           DelSqK = -7.8129280610E+02
           Stress_EigVals = -1.6264028861E+00 -1.6260834205E+00 -1.4764589247E+00
           Stress_EigVec1 =  6.7550310062E-01  7.3205608018E-01 -8.8257897762E-02
           Stress_EigVec2 = -6.0861499160E-01  4.8597870111E-01 -6.2722603108E-01
           Stress_EigVec3 = -4.1627317118E-01  4.7740820849E-01  7.7382042453E-01
           -DivStress =  3.2485458009E+00 -3.7507702854E+00 -6.0597778944E+00
           ESP =  -1.1172379862E+00     ESP at Nucleus =  -1.1196643890E+00
           ESPe = -1.2815844056E+01     ESPe at Nucleus = -1.2734851348E+01
           ESPn =  1.1698606070E+01     ESPn at Nucleus =  1.1615186959E+01

CP# 4      Coords =  3.76623336535838E+00 -4.05562757108806E-01 -9.15094589562127E-01
           Type = (3,-3) NACP C4
           Rho =  1.1766110595E+02     Rho at Nucleus =  1.1766110565E+02
           GradRho = -1.2990624687E-09 -8.4020601587E-10  1.0711941507E-09
           HessRho_EigVals = -1.4497686165E+05 -1.4497597886E+05 -1.4497556460E+05
           HessRho_EigVec1 = -6.6452770121E-01  3.3023940630E-01 -6.7033190947E-01
           HessRho_EigVec2 = -1.4101565110E-01  8.2551208777E-01  5.4648364943E-01
           HessRho_EigVec3 =  7.3383753002E-01  4.5768081397E-01 -5.0200672511E-01
           DelSqRho = -4.3492840511E+05
           Bond Ellipticity = NA
           V = -1.0874227080E+05
           G =  5.0847627068E+00
           K =  1.0873718604E+05
           L =  1.0873210128E+05
           Vnuc =  2.9697915648E+06
           Ven = -3.4942895996E+08
           Vrep =  3.4932021768E+08
           DelSqV =  2.4947674111E+09
           DelSqVen =  1.2916467395E+12
           DelSqVrep = -1.2891519685E+12
           DelSqG =  1.3399743394E+08
           DelSqK = -2.6287648450E+09
           Stress_EigVals = -3.6247706524E+04 -3.6247498413E+04 -3.6247065867E+04
           Stress_EigVec1 =  7.3687885368E-01  4.1923510059E-01 -5.3033148637E-01
           Stress_EigVec2 = -8.5026235478E-02  8.3573090863E-01  5.4251671646E-01
           Stress_EigVec3 =  6.7065646517E-01 -3.5467700629E-01  6.5147841632E-01
           -DivStress =  1.1235371645E+03  7.4551360516E+02 -9.3204572045E+02
           ESP =  -1.4735226165E+01     ESP at Nucleus =  -1.4735226193E+01
           ESPe = -2.8990426899E+01     ESPe at Nucleus = -2.8990426226E+01
           ESPn =  1.4255200734E+01     ESPn at Nucleus =  1.4255200033E+01

CP# 5      Coords =  2.57077256576251E+00  9.68090524945469E-01  1.23655779861226E+00
           Type = (3,-3) NACP C5
           Rho =  1.1767109584E+02     Rho at Nucleus =  1.1767109559E+02
           GradRho =  2.9027436704E-11 -1.4550159827E-09  1.0583978138E-10
           HessRho_EigVals = -1.4498929827E+05 -1.4498822585E+05 -1.4498785606E+05
           HessRho_EigVec1 =  8.8435097470E-01  1.8202967000E-01  4.2987039068E-01
           HessRho_EigVec2 = -4.3339361558E-01 -2.2047067353E-02  9.0093501474E-01
           HessRho_EigVec3 = -1.7347428489E-01  9.8304584128E-01 -5.9393151323E-02
           DelSqRho = -4.3496538018E+05
           Bond Ellipticity = NA
           V = -1.0875148777E+05
           G =  5.0713631617E+00
           K =  1.0874641641E+05
           L =  1.0874134504E+05
           Vnuc =  3.2206539381E+06
           Ven = -3.7897787823E+08
           Vrep =  3.7886912674E+08
           DelSqV =  2.4949782386E+09
           DelSqVen =  1.4008729272E+12
           DelSqVrep = -1.3983779654E+12
           DelSqG =  1.3400878185E+08
           DelSqK = -2.6289870205E+09
           Stress_EigVals = -3.6250786740E+04 -3.6250590342E+04 -3.6250110688E+04
           Stress_EigVec1 = -1.9546816159E-01  9.8029194226E-01 -2.8633996398E-02
           Stress_EigVec2 = -4.0519999574E-01 -5.4138601865E-02  9.1262367668E-01
           Stress_EigVec3 =  8.9308743203E-01  1.8999136753E-01  4.0779666380E-01
           -DivStress = -5.4342845969E+01  1.5049612154E+03 -1.3115636239E+02
           ESP =  -1.4731050154E+01     ESP at Nucleus =  -1.4731050178E+01
           ESPe = -2.9319442926E+01     ESPe at Nucleus = -2.9319442705E+01
           ESPn =  1.4588392773E+01     ESPn at Nucleus =  1.4588392527E+01

CP# 6      Coords =  2.07410617767963E+00  3.45463101637523E+00  1.10806456301579E+00
           Type = (3,-3) NACP C6
           Rho =  1.1769220540E+02     Rho at Nucleus =  1.1769220530E+02
           GradRho = -1.0161382846E-10  3.4618274913E-10 -1.7186391199E-11
           HessRho_EigVals = -1.4503018695E+05 -1.4502953126E+05 -1.4502940153E+05
           HessRho_EigVec1 =  9.1886118644E-01  2.6562847727E-01  2.9178010920E-01
           HessRho_EigVec2 = -3.4461977482E-01  1.8009924470E-01  9.2130422384E-01
           HessRho_EigVec3 = -1.9217526080E-01  9.4710388771E-01 -2.5702703168E-01
           DelSqRho = -4.3508911974E+05
           Bond Ellipticity = NA
           V = -1.0878256263E+05
           G =  5.1413460798E+00
           K =  1.0877742128E+05
           L =  1.0877227993E+05
           Vnuc =  5.1112006637E+06
           Ven = -6.0154847834E+08
           Vrep =  6.0143969577E+08
           DelSqV =  2.4957041454E+09
           DelSqVen =  2.2238276485E+12
           DelSqVrep = -2.2213319444E+12
           DelSqG =  1.3406254729E+08
           DelSqK = -2.6297666927E+09
           Stress_EigVals = -3.6261068180E+04 -3.6260973669E+04 -3.6260520777E+04
           Stress_EigVec1 = -1.9515372968E-01  9.7300195778E-01 -1.2321611888E-01
           Stress_EigVec2 = -3.4120126001E-01  5.0429960951E-02  9.3863652135E-01
           Stress_EigVec3 =  9.1950895697E-01  2.2521991297E-01  3.2214789902E-01
           -DivStress =  3.1913440899E+02 -9.0164578377E+02  5.7839242240E+00
           ESP =  -1.4755320141E+01     ESP at Nucleus =  -1.4755320156E+01
           ESPe = -2.7119669651E+01     ESPe at Nucleus = -2.7119671452E+01
           ESPn =  1.2364349510E+01     ESPn at Nucleus =  1.2364351296E+01

CP# 7      Coords =  2.46061448539001E+00  4.52935110865676E+00 -5.55773729058943E-01
           Type = (3,-3) NACP H7
           Rho =  4.2506986978E-01     Rho at Nucleus =  4.2139723521E-01
           GradRho = -2.9405731322E-15 -6.8595303049E-15  7.1975845423E-15
           HessRho_EigVals = -6.4695504775E+00 -6.4623616755E+00 -5.8721329697E+00
           HessRho_EigVec1 = -2.9681611531E-01  8.3327219150E-01  4.6643075431E-01
           HessRho_EigVec2 = -9.3532677692E-01 -1.5520969425E-01 -3.1792101406E-01
           HessRho_EigVec3 = -1.9252016534E-01 -5.3062925445E-01  8.2545053168E-01
           DelSqRho = -1.8804045123E+01
           Bond Ellipticity = NA
           V = -4.7108076205E+00
           G =  4.8981698920E-03
           K =  4.7059094506E+00
           L =  4.7010112807E+00
           Vnuc =  4.1633816718E+01
           Ven = -1.7697281051E+01
           Vrep =  1.2986473430E+01
           DelSqV =  7.0811072024E+02
           DelSqVen =  7.8288416820E+02
           DelSqVrep = -7.4773447962E+01
           DelSqG =  6.9672546072E+01
           DelSqK = -7.7778326631E+02
           Stress_EigVals = -1.6206963400E+00 -1.6203155903E+00 -1.4697956902E+00
           Stress_EigVec1 =  4.0833454086E-01 -8.0752859289E-01 -4.2562950369E-01
           Stress_EigVec2 =  8.9264336916E-01  2.5571804300E-01  3.7120896808E-01
           Stress_EigVec3 = -1.9092071193E-01 -5.3151279773E-01  8.2525355352E-01
           -DivStress =  1.5167393315E+00  4.1628169875E+00 -6.5058598547E+00
           ESP =  -1.1141183540E+00     ESP at Nucleus =  -1.1165707743E+00
           ESPe = -1.4099876279E+01     ESPe at Nucleus = -1.4022244577E+01
           ESPn =  1.2985757925E+01     ESPn at Nucleus =  1.2905673803E+01

CP# 8      Coords =  1.29331667885592E+00  4.45337069864229E+00  2.68156516805938E+00
           Type = (3,-3) NACP H8
           Rho =  4.2573631587E-01     Rho at Nucleus =  4.2213378110E-01
           GradRho =  3.4824573780E-16  1.0902737047E-15 -3.2101057923E-15
           HessRho_EigVals = -6.4875298610E+00 -6.4809102741E+00 -5.8964690243E+00
           HessRho_EigVec1 =  4.3916809404E-02  8.5333145662E-01 -5.1951586982E-01
           HessRho_EigVec2 = -9.2170867535E-01 -1.6599410282E-01 -3.5056964445E-01
           HessRho_EigVec3 = -3.8538867606E-01  4.9423818445E-01  7.7923307514E-01
           DelSqRho = -1.8864909159E+01
           Bond Ellipticity = NA
           V = -4.7259432840E+00
           G =  4.8579970804E-03
           K =  4.7210852869E+00
           L =  4.7162272899E+00
           Vnuc =  4.1623683449E+01
           Ven = -1.7720713644E+01
           Vrep =  1.2994770360E+01
           DelSqV =  7.1084141773E+02
           DelSqVen =  7.8522700714E+02
           DelSqVrep = -7.4385589412E+01
           DelSqG =  7.0007772241E+01
           DelSqK = -7.8084918997E+02
           Stress_EigVals = -1.6251856906E+00 -1.6248775726E+00 -1.4758800208E+00
           Stress_EigVec1 = -6.8357220670E-02  8.2607941142E-01 -5.5939261383E-01
           Stress_EigVec2 = -9.2022969188E-01 -2.6878914603E-01 -2.8448147419E-01
           Stress_EigVec3 = -3.8536295172E-01  4.9532332975E-01  7.7855648121E-01
           -DivStress = -3.0055285163E+00  3.8528788611E+00  6.0893396399E+00
           ESP =  -1.1129034687E+00     ESP at Nucleus =  -1.1153179147E+00
           ESPe = -1.3760063195E+01     ESPe at Nucleus = -1.3680061175E+01
           ESPn =  1.2647159726E+01     ESPn at Nucleus =  1.2564743260E+01

CP# 9      Coords = -6.18389782883947E+00  7.22596524575791E-01 -9.23613938977140E-01
           Type = (3,-3) NACP C9
           Rho =  1.1759220744E+02     Rho at Nucleus =  1.1759220613E+02
           GradRho = -5.0157100695E-12  4.5237147361E-12 -4.3891001944E-12
           HessRho_EigVals = -1.4488557183E+05 -1.4488549480E+05 -1.4488464399E+05
           HessRho_EigVec1 = -4.8663498045E-01  8.0669672115E-01 -3.3530105262E-01
           HessRho_EigVec2 =  2.3904365831E-01 -2.4620587717E-01 -9.3927674062E-01
           HessRho_EigVec3 =  8.4026455669E-01  5.3723650856E-01  7.3023343148E-02
           DelSqRho = -4.3465571063E+05
           Bond Ellipticity = NA
           V = -1.0867425816E+05
           G =  5.1652493771E+00
           K =  1.0866909291E+05
           L =  1.0866392766E+05
           Vnuc =  1.4139325065E+06
           Ven = -1.6626744460E+08
           Vrep =  1.6615877034E+08
           DelSqV =  2.4932061636E+09
           DelSqVen =  6.1457384141E+11
           DelSqVrep = -6.1208063524E+11
           DelSqG =  1.3390780688E+08
           DelSqK = -2.6271139705E+09
           Stress_EigVals = -3.6225050811E+04 -3.6224725459E+04 -3.6224481885E+04
           Stress_EigVec1 =  8.0430438931E-01  5.9218809932E-01  4.9068364225E-02
           Stress_EigVec2 = -5.4256252344E-01  7.6555334596E-01 -3.4576579161E-01
           Stress_EigVec3 = -2.4232283735E-01  2.5147828835E-01  9.3703698592E-01
           -DivStress = -1.0978754952E+03  3.0642385181E+03 -1.1027478450E+03
           ESP =  -1.4681986142E+01     ESP at Nucleus =  -1.4681986228E+01
           ESPe = -2.6373782186E+01     ESPe at Nucleus = -2.6373779924E+01
           ESPn =  1.1691796043E+01     ESPn at Nucleus =  1.1691793697E+01

CP# 10     Coords = -8.14258966314806E+00  5.94832586503815E-01 -1.39628287359693E+00
           Type = (3,-3) NACP H10
           Rho =  4.2161397896E-01     Rho at Nucleus =  4.1776952582E-01
           GradRho = -3.4893962719E-15 -8.1369373045E-17  4.5644911462E-17
           HessRho_EigVals = -6.4311500527E+00 -6.4230695210E+00 -5.8143469826E+00
           HessRho_EigVec1 =  6.3927286113E-03  9.6635677746E-01 -2.5712586740E-01
           HessRho_EigVec2 = -2.4253100025E-01  2.5095214230E-01  9.3712418398E-01
           HessRho_EigVec3 =  9.7012259377E-01  5.6370213228E-02  2.3597574478E-01
           DelSqRho = -1.8668566556E+01
           Bond Ellipticity = NA
           V = -4.6759760308E+00
           G =  4.4171958645E-03
           K =  4.6715588349E+00
           L =  4.6671416391E+00
           Vnuc =  3.9319286657E+01
           Ven = -1.6577560897E+01
           Vrep =  1.1901584866E+01
           DelSqV =  7.0228912193E+02
           DelSqVen =  7.3403471990E+02
           DelSqVrep = -3.1745597967E+01
           DelSqG =  6.9232635462E+01
           DelSqK = -7.7152175739E+02
           Stress_EigVals = -1.6107378422E+00 -1.6099807134E+00 -1.4552574752E+00
           Stress_EigVec1 =  5.4225203677E-03  9.6639956440E-01 -2.5698731136E-01
           Stress_EigVec2 = -2.4251939554E-01  2.5058970875E-01  9.3722416777E-01
           Stress_EigVec3 =  9.7013140299E-01  5.7242290273E-02  2.3572946601E-01
           -DivStress = -7.7893996697E+00 -4.6346903817E-01 -1.8917018611E+00
           ESP =  -1.0601516486E+00     ESP at Nucleus =  -1.0627383790E+00
           ESPe = -1.2495636270E+01     ESPe at Nucleus = -1.2406451345E+01
           ESPn =  1.1435484622E+01     ESPn at Nucleus =  1.1343712966E+01

CP# 11     Coords = -4.89706128469884E+00  2.88719945826384E+00 -1.17215339653101E+00
           Type = (3,-3) NACP C11
           Rho =  1.1771083775E+02     Rho at Nucleus =  1.1771083772E+02
           GradRho = -2.6252687524E-11  1.7460659654E-11 -1.5457600477E-11
           HessRho_EigVals = -1.4504613819E+05 -1.4504451932E+05 -1.4504438031E+05
           HessRho_EigVec1 = -2.4321489502E-01  2.5125074418E-01  9.3686689470E-01
           HessRho_EigVec2 =  4.7206324206E-02  9.6779112921E-01 -2.4728908829E-01
           HessRho_EigVec3 =  9.6882303740E-01  1.5918347277E-02  2.4724184197E-01
           DelSqRho = -4.3513503783E+05
           Bond Ellipticity = NA
           V = -1.0879396636E+05
           G =  5.1034499080E+00
           K =  1.0878886291E+05
           L =  1.0878375946E+05
           Vnuc =  1.0215396928E+07
           Ven = -1.2024629303E+09
           Vrep =  1.2023541364E+09
           DelSqV =  2.4959570170E+09
           DelSqVen =  4.4450767176E+12
           DelSqVrep = -4.4425807606E+12
           DelSqG =  1.3406897992E+08
           DelSqK = -2.6300259969E+09
           Stress_EigVals = -3.6264924942E+04 -3.6264884769E+04 -3.6264156646E+04
           Stress_EigVec1 =  8.0499914469E-01  5.9115026253E-01  5.0177127809E-02
           Stress_EigVec2 = -5.4121322373E-01  7.6637172855E-01 -3.4606736359E-01
           Stress_EigVec3 = -2.4303214501E-01  2.5142740659E-01  9.3686692529E-01
           -DivStress =  4.5175415665E+02 -6.4430264805E+01  1.4415390348E+02
           ESP =  -1.4702545850E+01     ESP at Nucleus =  -1.4702545850E+01
           ESPe = -2.5763122360E+01     ESPe at Nucleus = -2.5763122567E+01
           ESPn =  1.1060576511E+01     ESPn at Nucleus =  1.1060576718E+01

CP# 12     Coords = -5.81423501324558E+00  4.54702053666918E+00 -1.85557540174739E+00
           Type = (3,-3) NACP H12
           Rho =  4.2390669299E-01     Rho at Nucleus =  4.2004931527E-01
           GradRho =  9.4902384562E-15 -1.8214596498E-14  7.0994506931E-15
           HessRho_EigVals = -6.4529026037E+00 -6.4477551126E+00 -5.8367423876E+00
           HessRho_EigVec1 =  8.5811118397E-01  5.0650294930E-01  8.4261250302E-02
           HessRho_EigVec2 = -2.4113805613E-01  2.5265039149E-01  9.3702733021E-01
           HessRho_EigVec3 = -4.5331846845E-01  8.2439222584E-01 -3.3893926319E-01
           DelSqRho = -1.8737400104E+01
           Bond Ellipticity = NA
           V = -4.6930500468E+00
           G =  4.3500103758E-03
           K =  4.6887000364E+00
           L =  4.6843500260E+00
           Vnuc =  3.9019081023E+01
           Ven = -1.6540449600E+01
           Vrep =  1.1847399553E+01
           DelSqV =  7.0472443291E+02
           DelSqVen =  7.3111613282E+02
           DelSqVrep = -2.6391699907E+01
           DelSqG =  6.9353148719E+01
           DelSqK = -7.7407758163E+02
           Stress_EigVals = -1.6165671376E+00 -1.6157979176E+00 -1.4606849915E+00
           Stress_EigVec1 =  8.5800172331E-01  5.0596676847E-01  8.8491084315E-02
           Stress_EigVec2 = -2.4444735092E-01  2.5070278327E-01  9.3669290970E-01
           Stress_EigVec3 = -4.5175052344E-01  8.2531554188E-01 -3.3878565629E-01
           -DivStress = -3.6451089992E+00  6.6462378492E+00 -2.7302032717E+00
           ESP =  -1.0711495835E+00     ESP at Nucleus =  -1.0737364594E+00
           ESPe = -1.2200106197E+01     ESPe at Nucleus = -1.2116054308E+01
           ESPn =  1.1128956614E+01     ESPn at Nucleus =  1.1042317849E+01

CP# 13     Coords = -2.94083473017837E+00  3.02009551762506E+00 -7.00598927599742E-01
           Type = (3,-3) NACP H13
           Rho =  4.1795714514E-01     Rho at Nucleus =  4.1392983767E-01
           GradRho = -2.7582103268E-16 -5.2583805366E-16  8.3022781358E-17
           HessRho_EigVals = -6.3475931582E+00 -6.3420885828E+00 -5.7186417820E+00
           HessRho_EigVec1 = -2.8295585169E-03  9.6560232606E-01 -2.6000796431E-01
           HessRho_EigVec2 = -2.4297225424E-01  2.5155345299E-01  9.3684862382E-01
           HessRho_EigVec3 =  9.7002911156E-01  6.5825589214E-02  2.3390278865E-01
           DelSqRho = -1.8408323523E+01
           Bond Ellipticity = NA
           V = -4.6110852116E+00
           G =  4.5021654324E-03
           K =  4.6065830462E+00
           L =  4.6020808807E+00
           Vnuc =  4.0567506171E+01
           Ven = -1.6955479065E+01
           Vrep =  1.2344393853E+01
           DelSqV =  6.9129882394E+02
           DelSqVen =  7.4677977812E+02
           DelSqVrep = -5.5480954181E+01
           DelSqG =  6.7912539483E+01
           DelSqK = -7.5921136342E+02
           Stress_EigVals = -1.5901165651E+00 -1.5893210086E+00 -1.4316476380E+00
           Stress_EigVec1 = -3.8595200632E-03  9.6534712636E-01 -2.6094066324E-01
           Stress_EigVec2 = -2.4295158171E-01  2.5221903790E-01  9.3667501614E-01
           Stress_EigVec3 =  9.7003073820E-01  6.7011062884E-02  2.3355916681E-01
           -DivStress =  7.9209960544E+00  5.3794933867E-01  1.9097126995E+00
           ESP =  -1.0744777807E+00     ESP at Nucleus =  -1.0771849131E+00
           ESPe = -1.4599405327E+01     ESPe at Nucleus = -1.4556738793E+01
           ESPn =  1.3524927546E+01     ESPn at Nucleus =  1.3479553880E+01

CP# 14     Coords =  2.83805097826145E+00 -3.05140634189574E+00 -1.47616601667802E+00
           Type = (3,-3) NACP C14
           Rho =  1.1753061650E+02     Rho at Nucleus =  1.1753061645E+02
           GradRho =  9.3609148211E-11  1.4269248283E-10  6.6188998726E-11
           HessRho_EigVals = -1.4482804081E+05 -1.4482772376E+05 -1.4482760230E+05
           HessRho_EigVec1 =  1.9738335055E-01  9.2856334015E-01  3.1434047823E-01
           HessRho_EigVec2 =  5.1904632158E-01 -3.7100598103E-01  7.7002953066E-01
           HessRho_EigVec3 =  8.3164339051E-01  1.1166260161E-02 -5.5519778967E-01
           DelSqRho = -4.3448336688E+05
           Bond Ellipticity = NA
           V = -1.0863135972E+05
           G =  5.2590017512E+00
           K =  1.0862610072E+05
           L =  1.0862084172E+05
           Vnuc =  6.9610884731E+06
           Ven = -8.1814101976E+08
           Vrep =  8.1803238840E+08
           DelSqV =  2.4922455565E+09
           DelSqVen =  3.0244780114E+12
           DelSqVrep = -3.0219855037E+12
           DelSqG =  1.3387315605E+08
           DelSqK = -2.6261187125E+09
           Stress_EigVals = -3.6210512198E+04 -3.6210474270E+04 -3.6210373254E+04
           Stress_EigVec1 =  8.1979888285E-01 -6.8295253542E-03 -5.7261081832E-01
           Stress_EigVec2 =  5.3270307155E-01 -3.5783193762E-01  7.6693138023E-01
           Stress_EigVec3 =  2.1013621593E-01  9.3376103046E-01  2.8971211357E-01
           -DivStress = -3.4882081154E+02 -5.5572673396E+02 -2.3566176573E+02
           ESP =  -1.4750350934E+01     ESP at Nucleus =  -1.4750350937E+01
           ESPe = -2.7002074891E+01     ESPe at Nucleus = -2.7002073913E+01
           ESPn =  1.2251723957E+01     ESPn at Nucleus =  1.2251722976E+01

CP# 15     Coords =  3.26838726347301E+00 -4.32907754562842E+00  5.54875423541570E-02
           Type = (3,-3) NACP H15
           Rho =  4.2206545467E-01     Rho at Nucleus =  4.1867279398E-01
           GradRho = -1.0685896612E-15  6.2536781309E-16 -2.2551405188E-16
           HessRho_EigVals = -6.4206245873E+00 -6.4195455333E+00 -5.8593483935E+00
           HessRho_EigVec1 =  4.9227350315E-01  7.2715547301E-01  4.7844719266E-01
           HessRho_EigVec2 = -8.4515687479E-01  2.6777645095E-01  4.6260742463E-01
           HessRho_EigVec3 =  2.0827062946E-01 -6.3209231161E-01  7.4637969862E-01
           DelSqRho = -1.8699518514E+01
           Bond Ellipticity = NA
           V = -4.6848576835E+00
           G =  4.9890275056E-03
           K =  4.6798686560E+00
           L =  4.6748796285E+00
           Vnuc =  4.2776405757E+01
           Ven = -1.8054443145E+01
           Vrep =  1.3369585461E+01
           DelSqV =  7.0518233058E+02
           DelSqVen =  7.9989819142E+02
           DelSqVrep = -9.4715860842E+01
           DelSqG =  6.9388609633E+01
           DelSqK = -7.7457094022E+02
           Stress_EigVals = -1.6090674084E+00 -1.6088878201E+00 -1.4669024550E+00
           Stress_EigVec1 =  9.4692980287E-01  3.2134922434E-01  7.6566607007E-03
           Stress_EigVec2 = -2.4478995810E-01  7.0548289977E-01  6.6511033260E-01
           Stress_EigVec3 =  2.0833104629E-01 -6.3168706979E-01  7.4670584637E-01
           -DivStress =  1.5662037049E+00 -4.7586823746E+00  5.6283860611E+00
