AIMSum (Version 19.02.13, Professional)
Copyright (c) 1997-2019 by Todd A. Keith
AIMSum is a component of the AIMAll package ( http://aim.tkgristmill.com )

TP:  64-bit Linux

Much of the Quantum Theory of Atoms in Molecules (QTAIM) is described in the book:
  "Atoms in Molecules - A Quantum Theory"
  R.F.W. Bader, Oxford University Press, Oxford, 1990

For additional references see:  http://aim.tkgristmill.com/references.html

Wfn File:  /home/mhennefarth/Documents/ML_Diels/summary-James2013/20-opt/20-opt.wfn
Sum File:  /home/mhennefarth/Documents/ML_Diels/summary-James2013/20-opt/20-opt.sum

SumViz File:  /home/mhennefarth/Documents/ML_Diels/summary-James2013/20-opt/20-opt.sumviz

Wfn Title:   Title Card Required                                                           
 
Total memory allocated for AIMSum =        0.987 Megabytes

Atomic units (a.u.) used throughout, except where stated otherwise

Model:  Restricted SCF
 
Restricted, closed-shell, single-determinant wavefunction.
  Number of electrons (from MO Occs)                   =          66.0000000000
  Number of Alpha electrons (from MO Occs)             =          33.0000000000
  Number of Beta electrons (from MO Occs)              =          33.0000000000
  Number of electron pairs (N*(N-1)/2)                 =        2145.0000000000
  Number of electron pairs (from Muller 2EDM)          =        2145.0000000000
 
Nuclear Charges and Cartesian Coordinates:
-------------------------------------------------------------------------------
Atom      Charge                X                  Y                  Z
-------------------------------------------------------------------------------
C1         6.0           2.7101708000E+00   7.1364830000E-01   3.4252707400E+00
H2         1.0           1.3180737800E+00  -7.5592973000E-01   3.0887856700E+00
H3         1.0           3.1231919600E+00   1.1558626500E+00   5.3878838300E+00
C4         6.0           3.8321906400E+00   1.9874848400E+00   1.5430446600E+00
C5         6.0           3.4780185200E+00   1.6156724700E+00  -1.1848758400E+00
C6         6.0           3.0808418600E+00  -5.6154723000E-01  -2.4444926100E+00
C7         6.0          -5.3716529400E+00   1.0517345100E+00  -2.9677897000E-01
H8         1.0          -7.3918529700E+00   1.3386874100E+00  -5.4481360000E-02
C9         6.0          -3.9101971900E+00   2.7888341700E+00  -1.4145693500E+00
H10        1.0          -4.7240127000E+00   4.5395639100E+00  -2.1086825100E+00
H11        1.0          -1.8914655200E+00   2.5075908800E+00  -1.6569693500E+00
C12        6.0          -4.3865076300E+00  -1.2816185100E+00   6.5102325000E-01
N13        7.0          -3.6119790400E+00  -3.1871068800E+00   1.4306393700E+00
H14        1.0           3.6541407900E+00   3.3307670600E+00  -2.3165578500E+00
H15        1.0           5.1162137000E+00   3.5216769300E+00   2.0457992100E+00
H16        1.0           2.8758708200E+00  -4.2364847000E-01  -4.4903985500E+00
C17        6.0           2.9692067800E+00  -3.1881252700E+00  -1.3774307000E+00
H18        1.0           3.9177375200E+00  -3.3066904600E+00   4.5655600000E-01
H19        1.0           1.0122124300E+00  -3.8207032400E+00  -1.0969302500E+00
H20        1.0           3.8613183900E+00  -4.5339284700E+00  -2.6766274100E+00
 
Some Atomic Properties:
----------------------
  q(A) = Net Charge of Atom A
  L(A) = Lagrangian of Atom A = -(1/4) Times Atomic Integral of the Laplacian of the Electron Density
  K(A) = Electronic Kinetic Energy of Atom A (Hamiltonian Form)
  K_Scaled(A) = K(A) * E(Mol)/K(Mol) = Approximation to Virial-Based Total Energy of Atom A.
  |Mu_Intra(A)| = Magnitude of Intraatomic Dipole Moment of Atom A
--------------------------------------------------------------------------------------------------
Atom A          q(A)              L(A)              K(A)          K_Scaled(A)      |Mu_Intra(A)|
--------------------------------------------------------------------------------------------------
C1       -9.2563410100E-02 -3.1993403774E-05  3.7707095580E+01 -3.8088175554E+01  1.1980615341E-01
H2        6.1378893050E-02  4.1488858901E-05  5.8917012749E-01 -5.9512446933E-01  1.3490601623E-01
H3        3.8589173940E-02  2.1467821598E-05  5.9653262756E-01 -6.0256137719E-01  1.4868015021E-01
C4       -3.7983482200E-02 -7.9607121388E-05  3.7701629850E+01 -3.8082654586E+01  6.3343641138E-02
C5       -5.5553550100E-02 -2.1532697111E-04  3.7709243887E+01 -3.8090345572E+01  8.1110054496E-02
C6       -4.8362172400E-02  9.7406993283E-05  3.7697968581E+01 -3.8078956315E+01  6.1629570948E-02
C7        4.9356002400E-02 -3.4694028702E-05  3.7646214017E+01 -3.8026678703E+01  2.8557308667E-01
H8        8.6067721620E-02  1.4702293029E-05  5.7946238774E-01 -5.8531862005E-01  1.4061842644E-01
C9       -3.2182640800E-02  8.2877883049E-05  3.7691424934E+01 -3.8072346536E+01  1.8235202510E-01
H10       6.8091117170E-02  1.5327213180E-05  5.8526540519E-01 -5.9118028466E-01  1.4228517393E-01
H11       9.9154104530E-02  3.4093560568E-05  5.7128262255E-01 -5.7705618754E-01  1.3572952606E-01
C12       9.7198669170E-01  2.5718355192E-05  3.7139682574E+01 -3.7515028091E+01  1.0340900927E+00
N13      -1.2492832448E+00 -2.2381177545E-05  5.4958598142E+01 -5.5514027322E+01  6.8333165539E-01
H14       2.1129102030E-02  2.3366414543E-05  6.0751349199E-01 -6.1365321774E-01  1.5526844647E-01
H15       2.7126886650E-02  3.1589490966E-05  6.0512935189E-01 -6.1124498276E-01  1.5278813380E-01
H16       2.4333185400E-02  2.5244269638E-05  6.0741556981E-01 -6.1355430593E-01  1.5385106430E-01
C17      -2.6847909200E-02 -4.2243732193E-05  3.7687258692E+01 -3.8068138188E+01  1.1560828148E-01
H18       3.2596174600E-02  1.0165016907E-05  5.9919076233E-01 -6.0524637592E-01  1.4832639634E-01
H19       4.9638422520E-02  2.0101058309E-05  5.9018032164E-01 -5.9614487283E-01  1.3864836242E-01
H20       1.3398547630E-02  2.5297644490E-05  6.0578490830E-01 -6.1190716444E-01  1.5441920998E-01
--------------------------------------------------------------------------------------------------
Total     6.9613639998E-05  4.2600438941E-05  3.6247604383E+02 -3.6613934273E+02
 
1st Largest |L(A)| = 2.1532697111E-04, atom C5      
2nd Largest |L(A)| = 9.7406993283E-05, atom C6      
 
Molecular charge q(Mol) from the wfn file:   0.0000000000E+00
Molecular energy E(Mol) from the wfn file:  -3.6613937714E+02
Molecular virial ratio (-V(Mol)/T(Mol)) from the wfn file:   2.0101063200E+00
Note.  K_Scaled(A) = (1+V(Mol)/T(Mol))*K(A) = (E(Mol)/T(Mol))*K(A)
       Only use K_Scaled(A) data with caution.
 
N_AIMInt(SumA)     =         65.999930
N_Analytic(Mol)    =         65.999990
 
G_AIMInt(SumA)     =        362.476001
G_Analytic(Mol)    =        362.476055
 
K_AIMInt(SumA)     =        362.476044
K_Analytic(Mol)    =        362.476055
 
L_AIMInt(SumA)     =          0.000043
L_Analytic(Mol)    =          0.000000
 
VenT_AIMInt(SumA)  =      -1595.706752
VenT_Analytic(Mol) =      -1595.707686
 
Some Information About the Atomic Calculations:
----------------------------------------------
  Time(sec) = "Elapsed User Time", in Seconds, for Atom A by AIMInt and, if used, by TWOe
  NProc = Number of Processors Used for AIMInt Job
  BIM = Basin Integration Method
  OAQ = Angular Quadrature Outside of Beta Sphere
  ORQ = Multiple of Default for Radial Quadrature Outside of Beta Sphere
  IAQ = Multiple of Default for Angular Quadrature Inside of Beta Sphere
  IRQ = Multiple of Default for Radial Quadrature Inside of Beta Sphere
  MIR = Maximum Integration Radius
------------------------------------------------------------------------------------------------------
Atom A     Time(sec)   NProc      BIM          OAQ                     ORQ      IAQ      IRQ      MIR
------------------------------------------------------------------------------------------------------
C1             27        8     Proaim(5)    4500(GS4)                  1.00     1.00     1.00    13.00
H2             14        8     Proaim(5)    4500(GS4)                  1.00     1.00     1.00    13.00
H3              4        8     Proaim(5)    1800(GS4)                  1.00     1.00     1.00    13.00
C4             21        8     Proaim(5)    4500(GS4)                  1.00     1.00     1.00    13.00
C5             34        8     Proaim(5)    4500(GS4)                  1.00     1.00     1.00    13.00
C6             28        8     Proaim(5)    4500(GS4)                  1.00     1.00     1.00    13.00
C7             21        8     Proaim(5)    4500(GS4)                  1.00     1.00     1.00    13.00
H8              4        8     Proaim(5)    1800(GS4)                  1.00     1.00     1.00    13.00
C9             20        8     Proaim(5)    4500(GS4)                  1.00     1.00     1.00    13.00
H10             5        8     Proaim(5)    1800(GS4)                  1.00     1.00     1.00    13.00
H11            14        8     Proaim(5)    4500(GS4)                  1.00     1.00     1.00    13.00
C12            15        8     Proaim(5)    4500(GS4)                  1.00     1.00     1.00    13.00
N13            18        8     Proaim(5)    4500(GS4)                  1.00     1.00     1.00    13.00
H14             6        8     Proaim(5)    1800(GS4)                  1.00     1.00     1.00    13.00
H15             6        8     Proaim(5)    1800(GS4)                  1.00     1.00     1.00    13.00
H16             5        8     Proaim(5)    1800(GS4)                  1.00     1.00     1.00    13.00
C17            26        8     Proaim(5)    4500(GS4)                  1.00     1.00     1.00    13.00
H18            14        8     Proaim(5)    4500(GS4)                  1.00     1.00     1.00    13.00
H19            12        8     Proaim(5)    4500(GS4)                  1.00     1.00     1.00    13.00
H20             6        8     Proaim(5)    1800(GS4)                  1.00     1.00     1.00    13.00
------------------------------------------------------------------------------------------------------
Total         300
Note:  Total wall clock time is less than total of atomic times if more than one atom
       was calculated at a time
 
Electron Density Critical Point Analysis of Molecular Structure:               
---------------------------------------------------------------                
  NACP = Nuclear Attractor Critical Point                                      
  NNACP = Non-Nuclear Attractor Critical Point                                 
  BCP = Bond Critical Point                                                    
  RCP = Ring Critical Point                                                    
  CCP = Cage Critical Point                                                    
  Rho = Electron Density                                                       
  GradRho = Gradient of Electron Density                                       
  HessRho_EigVals = Eigenvalues of the Hessian of Rho, Ascending Order         
  HessRho_EigVecs = Eigenvectors of the Hessian of Rho                         
  DelSqRho = Laplacian of Rho = Trace of Hessian of Rho                        
  Bond Ellipticity = (HessRho_EigVal(1) / HessRho_EigVal(2)) - 1               
  V = Virial Field = Potential Energy Density = Trace of Stress Tensor         
  G = Lagrangian Form of Kinetic Energy Density                                
  K = Hamiltonian Form of Kinetic Energy Density                               
  L = K - G = Lagrangian Density = (-1/4)DelSqRho                              
  Vnuc = Electrostatic Potential from Nuclei                                   
  Ven = Electron-nuclear attractive contribution to Virial Field V             
  Vrep = V - Ven = Repulsive contribution to Virial Field V                    
  DelSqV = Laplacian of V                                                      
  DelSqVen = Laplacian of Ven                                                  
  DelSqVrep = Laplacian of Vrep                                                
  DelSqG = Laplacian of G                                                      
  DelSqK = Laplacian of K                                                      
  Stress_EigVals = Eigenvalues of Stress Tensor, Ascending Order               
  Stress_EigVecs = Eigenvectors of Stress Tensor                               
  -DivStress = Ehrenfest Force Density = Minus Divergence of Stress Tensor     
  ESP = Total Electrostatic Potential                                          
  ESPe = Electrostatic Potential from Electrons                                
  ESPn = Electrostatic Potential from Nuclei                                   
  BP = Bond Path                                                               
  BPL = Bond Path Length                                                       
  GBL = Geometric Bond Length                                                  
  GBL_I = Distance Between Nuclear Attractors                                  
  GBL_II = Distance Between Nuclei                                             
  GBL_III = Sum of Distances Between BCP and Nuclear Attractors                
  GBL_IV = Sum of Distances Between BCP and Nuclei                             

CP# 1      Coords =  2.71017077976864E+00  7.13648073345791E-01  3.42527150490591E+00
           Type = (3,-3) NACP C1
           Rho =  1.1768648520E+02     Rho at Nucleus =  1.1768648515E+02
           GradRho =  6.2863325656E-12 -2.6158908373E-11  1.3132320058E-10
           HessRho_EigVals = -1.4501854487E+05 -1.4501752302E+05 -1.4501739612E+05
           HessRho_EigVec1 =  7.3135972740E-01 -6.8196362591E-01 -6.2098374255E-03
           HessRho_EigVec2 =  3.9462349728E-01  4.1574555887E-01  8.1940705737E-01
           HessRho_EigVec3 = -5.5622409561E-01 -6.0173186987E-01  5.7317842968E-01
           DelSqRho = -4.3505346401E+05
           Bond Ellipticity = NA
           V = -1.0877359519E+05
           G =  5.1145937841E+00
           K =  1.0876848060E+05
           L =  1.0876336600E+05
           Vnuc =  7.5184626375E+06
           Ven = -8.8482144189E+08
           Vrep =  8.8471266830E+08
           DelSqV =  2.4954945161E+09
           DelSqVen =  3.2709321687E+12
           DelSqVrep = -3.2684366742E+12
           DelSqG =  1.3404680423E+08
           DelSqK = -2.6295413203E+09
           Stress_EigVals = -3.6258108014E+04 -3.6258018709E+04 -3.6257468465E+04
           Stress_EigVec1 = -4.9209598052E-01 -5.3263490507E-01  6.8857940999E-01
           Stress_EigVec2 =  4.7205574715E-01  5.0132561990E-01  7.2514549879E-01
           Stress_EigVec3 =  7.3144030347E-01 -6.8188905310E-01 -4.7330455854E-03
           -DivStress =  1.6519093529E+01  1.8313396488E+02 -6.2314430914E+02
           ESP =  -1.4751854072E+01     ESP at Nucleus =  -1.4751854081E+01
           ESPe = -2.5712373502E+01     ESPe at Nucleus = -2.5712374571E+01
           ESPn =  1.0960519430E+01     ESPn at Nucleus =  1.0960520490E+01

CP# 2      Coords =  1.34237774938929E+00 -7.30361848050190E-01  3.09464388230232E+00
           Type = (3,-3) NACP H2
           Rho =  4.2350735370E-01     Rho at Nucleus =  4.1967670605E-01
           GradRho =  1.0165479569E-15  6.8283052823E-16  5.2248380318E-17
           HessRho_EigVals = -6.4388200768E+00 -6.4323155209E+00 -5.8283891134E+00
           HessRho_EigVec1 = -1.0165906074E-01 -1.2986047154E-01  9.8630709888E-01
           HessRho_EigVec2 =  7.2644334783E-01 -6.8704962539E-01 -1.5584436051E-02
           HessRho_EigVec3 =  6.7966572502E-01  7.1491193177E-01  1.6418109530E-01
           DelSqRho = -1.8699524711E+01
           Bond Ellipticity = NA
           V = -4.6842742057E+00
           G =  4.6965139572E-03
           K =  4.6795776917E+00
           L =  4.6748811778E+00
           Vnuc =  4.1082942759E+01
           Ven = -1.7398928370E+01
           Vrep =  1.2714654165E+01
           DelSqV =  7.0331501781E+02
           DelSqVen =  7.6823150333E+02
           DelSqVrep = -6.4916485521E+01
           DelSqG =  6.9153169882E+01
           DelSqK = -7.7246818769E+02
           Stress_EigVals = -1.6130204294E+00 -1.6124711120E+00 -1.4587826643E+00
           Stress_EigVec1 = -1.6274531427E-01 -6.9014214830E-02  9.8425149268E-01
           Stress_EigVec2 =  7.1477823892E-01 -6.9589994184E-01  6.9392651723E-02
           Stress_EigVec3 =  6.8015147713E-01  7.1481487751E-01  1.6258431367E-01
           -DivStress = -5.4504052528E+00 -5.7330046334E+00 -1.3125007750E+00
           ESP =  -1.1168487293E+00     ESP at Nucleus =  -1.1193886518E+00
           ESPe = -1.4234935810E+01     ESPe at Nucleus = -1.4183754986E+01
           ESPn =  1.3118087080E+01     ESPn at Nucleus =  1.3064366334E+01

CP# 3      Coords =  3.11616745255952E+00  1.14837862983821E+00  5.35458036175989E+00
           Type = (3,-3) NACP H3
           Rho =  4.2601673819E-01     Rho at Nucleus =  4.2234458823E-01
           GradRho = -6.0995943718E-10 -6.5024808064E-10 -2.8917686979E-09
           HessRho_EigVals = -6.4896785437E+00 -6.4834842120E+00 -5.8911211112E+00
           HessRho_EigVec1 =  6.4074691951E-01  7.0924669006E-01 -2.9396006154E-01
           HessRho_EigVec2 =  7.4097297557E-01 -6.7151561183E-01 -5.0825730256E-03
           HessRho_EigVec3 =  2.0100356868E-01  2.1455981849E-01  9.5580419002E-01
           DelSqRho = -1.8864283867E+01
           Bond Ellipticity = NA
           V = -4.7253670693E+00
           G =  4.6480512722E-03
           K =  4.7207190180E+00
           L =  4.7160709668E+00
           Vnuc =  3.9619017691E+01
           Ven = -1.6878364687E+01
           Vrep =  1.2152997618E+01
           DelSqV =  7.1044917068E+02
           DelSqVen =  7.4738440122E+02
           DelSqVrep = -3.6935230539E+01
           DelSqG =  6.9949071944E+01
           DelSqK = -7.8039824263E+02
           Stress_EigVals = -1.6257541318E+00 -1.6252183807E+00 -1.4743945568E+00
           Stress_EigVec1 =  6.6798081291E-01  6.8429754599E-01 -2.9246966020E-01
           Stress_EigVec2 =  7.1678189502E-01 -6.9727452229E-01  5.6529228702E-03
           Stress_EigVec3 =  2.0006336135E-01  2.1341300129E-01  9.5625809399E-01
           -DivStress =  1.5884781840E+00  1.6918547214E+00  7.5342531004E+00
           ESP =  -1.1144709131E+00     ESP at Nucleus =  -1.1169246997E+00
           ESPe = -1.2038525941E+01     ESPe at Nucleus = -1.1955749082E+01
           ESPn =  1.0924055028E+01     ESPn at Nucleus =  1.0838824382E+01

CP# 4      Coords =  3.83219102292236E+00  1.98748522744675E+00  1.54304317304388E+00
           Type = (3,-3) NACP C4
           Rho =  1.1765741578E+02     Rho at Nucleus =  1.1765741560E+02
           GradRho =  1.9323206230E-10  2.3333483062E-10 -8.5569288547E-10
           HessRho_EigVals = -1.4497348734E+05 -1.4497258622E+05 -1.4497224739E+05
           HessRho_EigVec1 =  7.7939773817E-01 -6.2598257712E-01  2.6172101170E-02
           HessRho_EigVec2 =  3.2577880940E-01  4.4059441135E-01  8.3650746083E-01
           HessRho_EigVec3 = -5.3517037762E-01 -6.4344570698E-01  5.4733014634E-01
           DelSqRho = -4.3491832095E+05
           Bond Ellipticity = NA
           V = -1.0873978268E+05
           G =  5.1012214256E+00
           K =  1.0873468146E+05
           L =  1.0872958024E+05
           Vnuc =  3.7888518283E+06
           Ven = -4.4578651488E+08
           Vrep =  4.4567777510E+08
           DelSqV =  2.4947120697E+09
           DelSqVen =  1.6478411162E+12
           DelSqVrep = -1.6453464369E+12
           DelSqG =  1.3399570928E+08
           DelSqK = -2.6287077790E+09
           Stress_EigVals = -3.6246863975E+04 -3.6246701085E+04 -3.6246217621E+04
           Stress_EigVec1 = -5.1189656424E-01 -6.0027224841E-01  6.1452024809E-01
           Stress_EigVec2 =  3.8046749357E-01  4.8294337414E-01  7.8867622235E-01
           Stress_EigVec3 =  7.7019893135E-01 -6.3752562706E-01  1.8832976136E-02
           -DivStress = -3.0938350413E+02 -3.1167492894E+02  1.2078617692E+03
           ESP =  -1.4739328129E+01     ESP at Nucleus =  -1.4739328148E+01
           ESPe = -2.6503681990E+01     ESPe at Nucleus = -2.6503682062E+01
           ESPn =  1.1764353860E+01     ESPn at Nucleus =  1.1764353913E+01

CP# 5      Coords =  3.47801856800508E+00  1.61567350940404E+00 -1.18487469275237E+00
           Type = (3,-3) NACP C5
           Rho =  1.1766036192E+02     Rho at Nucleus =  1.1766036175E+02
           GradRho =  5.0682697622E-11  5.5088472542E-10  6.1130169839E-10
           HessRho_EigVals = -1.4498171411E+05 -1.4498108657E+05 -1.4498081998E+05
           HessRho_EigVec1 =  9.8809997975E-01 -1.5141592709E-01 -2.7048974684E-02
           HessRho_EigVec2 = -1.1346358518E-02 -2.4713063315E-01  9.6891573953E-01
           HessRho_EigVec3 =  1.5339390522E-01  9.5707871525E-01  2.4590779301E-01
           DelSqRho = -4.3494362066E+05
           Bond Ellipticity = NA
           V = -1.0874615539E+05
           G =  5.1251129014E+00
           K =  1.0874103028E+05
           L =  1.0873590517E+05
           Vnuc =  3.8739299341E+06
           Ven = -4.5580799811E+08
           Vrep =  4.5569925195E+08
           DelSqV =  2.4948624739E+09
           DelSqVen =  1.6849412096E+12
           DelSqVrep = -1.6824463471E+12
           DelSqG =  1.3400820896E+08
           DelSqK = -2.6288706829E+09
           Stress_EigVals = -3.6248952628E+04 -3.6248808390E+04 -3.6248394373E+04
           Stress_EigVec1 =  1.5807948492E-01  9.3325447603E-01  3.2256310919E-01
           Stress_EigVec2 =  1.2142625330E-02 -3.2848313043E-01  9.4443178137E-01
           Stress_EigVec3 =  9.8735172715E-01 -1.4537852656E-01 -6.3258603503E-02
           -DivStress = -4.0210396869E+01 -8.4259958743E+02 -9.3429268203E+02
           ESP =  -1.4743013317E+01     ESP at Nucleus =  -1.4743013334E+01
           ESPe = -2.6946609519E+01     ESPe at Nucleus = -2.6946609960E+01
           ESPn =  1.2203596202E+01     ESPn at Nucleus =  1.2203596625E+01

CP# 6      Coords =  3.08084153079156E+00 -5.61548489711909E-01 -2.44449280547016E+00
           Type = (3,-3) NACP C6
           Rho =  1.1767650046E+02     Rho at Nucleus =  1.1767650034E+02
           GradRho = -1.4447018581E-10 -4.8678258993E-10 -8.5855550100E-11
           HessRho_EigVals = -1.4500014465E+05 -1.4499912185E+05 -1.4499888325E+05
           HessRho_EigVec1 =  9.8763262243E-01 -1.2016957280E-01 -1.0070291400E-01
           HessRho_EigVec2 = -1.2992005282E-02 -7.0281364591E-01  7.1125535985E-01
           HessRho_EigVec3 =  1.5624663489E-01  7.0115066348E-01  6.9568292792E-01
           DelSqRho = -4.3499814974E+05
           Bond Ellipticity = NA
           V = -1.0875966899E+05
           G =  5.0657749665E+00
           K =  1.0875460321E+05
           L =  1.0874953744E+05
           Vnuc =  4.5571715461E+06
           Ven = -5.3627199955E+08
           Vrep =  5.3616323988E+08
           DelSqV =  2.4951702871E+09
           DelSqVen =  1.9823612396E+12
           DelSqVrep = -1.9798660693E+12
           DelSqG =  1.3402328035E+08
           DelSqK = -2.6291935675E+09
           Stress_EigVals = -3.6253485842E+04 -3.6253342791E+04 -3.6252840352E+04
           Stress_EigVec1 =  1.5257946827E-01  7.2466628327E-01  6.7199574682E-01
           Stress_EigVec2 =  3.3907315444E-03 -6.8033707127E-01  7.3289151475E-01
           Stress_EigVec3 =  9.8828538834E-01 -1.0954564044E-01 -1.0626261740E-01
           -DivStress =  2.6561051563E+02  1.0267119027E+03  1.5652708267E+02
           ESP =  -1.4737782833E+01     ESP at Nucleus =  -1.4737782846E+01
           ESPe = -2.6794923890E+01     ESPe at Nucleus = -2.6794924373E+01
           ESPn =  1.2057141058E+01     ESPn at Nucleus =  1.2057141526E+01

CP# 7      Coords = -5.37165187589194E+00  1.05173075283837E+00 -2.96777349727369E-01
           Type = (3,-3) NACP C7
           Rho =  1.1759186624E+02     Rho at Nucleus =  1.1759186495E+02
           GradRho =  3.2606134047E-11 -8.2236532037E-12  2.1284546391E-12
           HessRho_EigVals = -1.4488503875E+05 -1.4488496296E+05 -1.4488411402E+05
           HessRho_EigVec1 = -4.2809802517E-01  8.4151535990E-01 -3.2952083378E-01
           HessRho_EigVec2 =  1.6313769998E-01  4.3059035683E-01  8.8768126906E-01
           HessRho_EigVec3 =  8.8888591602E-01  3.2625732735E-01 -3.2161776173E-01
           DelSqRho = -4.3465411572E+05
           Bond Ellipticity = NA
           V = -1.0867386010E+05
           G =  5.1655857270E+00
           K =  1.0866869452E+05
           L =  1.0866352893E+05
           Vnuc =  1.4192056392E+06
           Ven = -1.6688703969E+08
           Vrep =  1.6677836583E+08
           DelSqV =  2.4931969385E+09
           DelSqVen =  6.1686356992E+11
           DelSqVrep = -6.1437037298E+11
           DelSqG =  1.3390720880E+08
           DelSqK = -2.6271041473E+09
           Stress_EigVals = -3.6224917561E+04 -3.6224593352E+04 -3.6224349189E+04
           Stress_EigVec1 =  8.5610118160E-01  3.8373643294E-01 -3.4617498018E-01
           Stress_EigVec2 = -4.8938938623E-01  8.1722057412E-01 -3.0438226276E-01
           Stress_EigVec3 =  1.6609875229E-01  4.2999637588E-01  8.8742003652E-01
           -DivStress = -8.6561527321E+02  3.0419610425E+03 -1.3115041899E+03
           ESP =  -1.4683016244E+01     ESP at Nucleus =  -1.4683016328E+01
           ESPe = -2.5825592744E+01     ESPe at Nucleus = -2.5825590629E+01
           ESPn =  1.1142576500E+01     ESPn at Nucleus =  1.1142574301E+01

CP# 8      Coords = -7.35662392045067E+00  1.33349887501928E+00 -5.86206797578221E-02
           Type = (3,-3) NACP H8
           Rho =  4.2169900609E-01     Rho at Nucleus =  4.1785656105E-01
           GradRho = -1.7856979187E-15  1.4281314304E-16 -6.3691795436E-17
           HessRho_EigVals = -6.4327397854E+00 -6.4246743074E+00 -5.8160649057E+00
           HessRho_EigVec1 =  7.9892345994E-02  8.9052945103E-01 -4.4785545647E-01
           HessRho_EigVec2 =  1.6765409578E-01  4.3088652280E-01  8.8669549939E-01
           HessRho_EigVec3 =  9.8260333666E-01 -1.4592498522E-01 -1.1487637471E-01
           DelSqRho = -1.8673478999E+01
           Bond Ellipticity = NA
           V = -4.6772076033E+00
           G =  4.4189268152E-03
           K =  4.6727886764E+00
           L =  4.6683697496E+00
           Vnuc =  3.8839142553E+01
           Ven = -1.6378427812E+01
           Vrep =  1.1701220209E+01
           DelSqV =  7.0248935555E+02
           DelSqVen =  7.2526191278E+02
           DelSqVrep = -2.2772557235E+01
           DelSqG =  6.9255105660E+01
           DelSqK = -7.7174446121E+02
           Stress_EigVals = -1.6111374762E+00 -1.6103823992E+00 -1.4556877278E+00
           Stress_EigVec1 =  7.9369851764E-02  8.9164353906E-01 -4.4572662685E-01
           Stress_EigVec2 =  1.6747039352E-01  4.2885509499E-01  8.8771446693E-01
           Stress_EigVec3 =  9.8267700386E-01 -1.4510377925E-01 -1.1528572905E-01
           -DivStress = -7.8894060558E+00  1.1608346270E+00  9.2752164740E-01
           ESP =  -1.0611205711E+00     ESP at Nucleus =  -1.0637060199E+00
           ESPe = -1.2005373649E+01     ESPe at Nucleus = -1.1917163430E+01
           ESPn =  1.0944253078E+01     ESPn at Nucleus =  1.0853457410E+01

CP# 9      Coords = -3.91019772890682E+00  2.78883438033309E+00 -1.41456934718263E+00
           Type = (3,-3) NACP C9
           Rho =  1.1770864957E+02     Rho at Nucleus =  1.1770864954E+02
           GradRho = -1.3418644668E-11 -8.0298519570E-12  5.4927251983E-12
           HessRho_EigVals = -1.4504285386E+05 -1.4504124391E+05 -1.4504110749E+05
           HessRho_EigVec1 =  1.6796912867E-01  4.3115770481E-01  8.8650403575E-01
           HessRho_EigVec2 =  1.2595597215E-01  8.8252325809E-01 -4.5308695854E-01
           HessRho_EigVec3 =  9.7771236307E-01 -1.8776509927E-01 -9.3929774831E-02
           DelSqRho = -4.3512520526E+05
           Bond Ellipticity = NA
           V = -1.0879150961E+05
           G =  5.1041499628E+00
           K =  1.0878640546E+05
           L =  1.0878130131E+05
           Vnuc =  1.0371564436E+07
           Ven = -1.2208228436E+09
           Vrep =  1.2207140521E+09
           DelSqV =  2.4959002571E+09
           DelSqVen =  4.5129284977E+12
           DelSqVrep = -4.5104325974E+12
           DelSqG =  1.3406538118E+08
           DelSqK = -2.6299656383E+09
           Stress_EigVals = -3.6264105054E+04 -3.6264065217E+04 -3.6263339343E+04
           Stress_EigVec1 =  8.5428788807E-01  3.8539093230E-01 -3.4880658479E-01
           Stress_EigVec2 = -4.9194106751E-01  8.1617589485E-01 -3.0306912538E-01
           Stress_EigVec3 =  1.6788743369E-01  4.3050056673E-01  8.8683880816E-01
           -DivStress =  4.3857456227E+02 -1.7204486508E+02 -2.3085483229E+00
           ESP =  -1.4703311766E+01     ESP at Nucleus =  -1.4703311766E+01
           ESPe = -2.5219911118E+01     ESPe at Nucleus = -2.5219911338E+01
           ESPn =  1.0516599351E+01     ESPn at Nucleus =  1.0516599571E+01

CP# 10     Coords = -4.70988337163620E+00  4.50895913106410E+00 -2.09653652150698E+00
           Type = (3,-3) NACP H10
           Rho =  4.2402348968E-01     Rho at Nucleus =  4.2016993660E-01
           GradRho =  2.6342514053E-12 -5.6991100546E-12  2.2620890045E-12
           HessRho_EigVals = -6.4551024233E+00 -6.4499523626E+00 -5.8391977396E+00
           HessRho_EigVec1 =  9.0369541404E-01  2.9491635513E-01 -3.1041736762E-01
           HessRho_EigVec2 =  1.6518089882E-01  4.2873259169E-01  8.8820247438E-01
           HessRho_EigVec3 = -3.9503147888E-01  8.5393952263E-01 -3.3872912834E-01
           DelSqRho = -1.8744252525E+01
           Bond Ellipticity = NA
           V = -4.6947698486E+00
           G =  4.3533586229E-03
           K =  4.6904164900E+00
           L =  4.6860631314E+00
           Vnuc =  3.8542197090E+01
           Ven = -1.6342796910E+01
           Vrep =  1.1648027062E+01
           DelSqV =  7.0500815067E+02
           DelSqVen =  7.2244467515E+02
           DelSqVrep = -1.7436524484E+01
           DelSqG =  6.9384805032E+01
           DelSqK = -7.7439295570E+02
           Stress_EigVals = -1.6171168832E+00 -1.6163507591E+00 -1.4613022063E+00
           Stress_EigVec1 =  9.0383544907E-01  2.9188305745E-01 -3.1286700333E-01
           Stress_EigVec2 =  1.6829364247E-01  4.2976327592E-01  8.8711936997E-01
           Stress_EigVec3 = -3.9339386231E-01  8.5446346174E-01 -3.3931322057E-01
           -DivStress = -3.1744400386E+00  6.8801344875E+00 -2.7309000931E+00
           ESP =  -1.0718973215E+00     ESP at Nucleus =  -1.0744817807E+00
           ESPe = -1.1704810024E+01     ESPe at Nucleus = -1.1621587390E+01
           ESPn =  1.0632912703E+01     ESPn at Nucleus =  1.0547105609E+01

CP# 11     Coords = -1.92781792078107E+00  2.51267777794553E+00 -1.65263915367384E+00
           Type = (3,-3) NACP H11
           Rho =  4.1862825834E-01     Rho at Nucleus =  4.1459758724E-01
           GradRho = -6.1170686572E-16  1.0738480417E-15  3.0011393761E-16
           HessRho_EigVals = -6.3586380192E+00 -6.3531691898E+00 -5.7290390320E+00
           HessRho_EigVec1 =  7.1841020373E-02  8.9339982196E-01 -4.4348125767E-01
           HessRho_EigVec2 =  1.6579850259E-01  4.2774754096E-01  8.8856226442E-01
           HessRho_EigVec3 =  9.8353938626E-01 -1.3736374819E-01 -1.1739453289E-01
           DelSqRho = -1.8440846241E+01
           Bond Ellipticity = NA
           V = -4.6191459628E+00
           G =  4.4672012608E-03
           K =  4.6146787615E+00
           L =  4.6102115603E+00
           Vnuc =  3.9973562759E+01
           Ven = -1.6734062958E+01
           Vrep =  1.2114916995E+01
           DelSqV =  6.9252717958E+02
           DelSqVen =  7.3714632455E+02
           DelSqVrep = -4.4619144970E+01
           DelSqG =  6.8041918394E+01
           DelSqK = -7.6056909797E+02
           Stress_EigVals = -1.5928887389E+00 -1.5921069473E+00 -1.4341502766E+00
           Stress_EigVec1 =  7.0671953174E-02  8.9380744246E-01 -4.4284729969E-01
           Stress_EigVec2 =  1.6585130829E-01  4.2724888165E-01  8.8879229107E-01
           Stress_EigVec3 =  9.8361517809E-01 -1.3625949120E-01 -1.1804462073E-01
           -DivStress =  8.0411471411E+00 -1.1247012891E+00 -9.5823289700E-01
           ESP =  -1.0754338475E+00     ESP at Nucleus =  -1.0781394878E+00
           ESPe = -1.3993537252E+01     ESPe at Nucleus = -1.3949373490E+01
           ESPn =  1.2918103405E+01     ESPn at Nucleus =  1.2871234002E+01

CP# 12     Coords = -4.38650920307025E+00 -1.28161520158984E+00  6.51021952851747E-01
           Type = (3,-3) NACP C12
           Rho =  1.1802381206E+02     Rho at Nucleus =  1.1802381096E+02
           GradRho = -3.7958540364E-11  9.8236566993E-12  7.2597364318E-14
           HessRho_EigVals = -1.4545221846E+05 -1.4545220743E+05 -1.4545129785E+05
           HessRho_EigVec1 =  9.2211331407E-01  2.1024248905E-01 -3.2481553506E-01
           HessRho_EigVec2 =  2.0730864013E-01  4.4036335947E-01  8.7355780539E-01
           HessRho_EigVec3 = -3.2669582756E-01  8.7285634983E-01 -3.6247983230E-01
           DelSqRho = -4.3635572374E+05
           Bond Ellipticity = NA
           V = -1.0909906989E+05
           G =  5.0694762768E+00
           K =  1.0909400041E+05
           L =  1.0908893094E+05
           Vnuc =  1.5439278239E+06
           Ven = -1.8222024733E+08
           Vrep =  1.8211114826E+08
           DelSqV =  2.5029493105E+09
           DelSqVen =  6.7370173133E+11
           DelSqVrep = -6.7119878202E+11
           DelSqG =  1.3446554924E+08
           DelSqK = -2.6374148597E+09
           Stress_EigVals = -3.6366963251E+04 -3.6366054387E+04 -3.6366052250E+04
           Stress_EigVec1 = -3.4835027023E-01  8.6725331578E-01 -3.5570180700E-01
           Stress_EigVec2 =  1.6749141411E-01  4.3095193940E-01  8.8669445252E-01
           Stress_EigVec3 =  9.2227908760E-01  2.4930325349E-01 -2.9537970880E-01
           -DivStress =  1.2881065312E+03 -2.7070311564E+03  1.0610959770E+03
           ESP =  -1.4705249980E+01     ESP at Nucleus =  -1.4705250063E+01
           ESPe = -2.6610574614E+01     ESPe at Nucleus = -2.6610576325E+01
           ESPn =  1.1905324634E+01     ESPn at Nucleus =  1.1905326262E+01

CP# 13     Coords = -3.61198295985933E+00 -3.18709728658527E+00  1.43063542836460E+00
           Type = (3,-3) NACP N13
           Rho =  1.9191107792E+02     Rho at Nucleus =  1.9191105806E+02
           GradRho = -1.7197067121E-11  6.6764887455E-11 -1.4549982801E-11
           HessRho_EigVals = -3.2303843695E+05 -3.2303817993E+05 -3.2303112109E+05
           HessRho_EigVec1 =  9.2112339825E-01  2.6150332696E-01 -2.8835342063E-01
           HessRho_EigVec2 =  1.5729248480E-01  4.2755333118E-01  8.9020066458E-01
           HessRho_EigVec3 = -3.5607690099E-01  8.6534048732E-01 -3.5269686927E-01
           DelSqRho = -9.6910773797E+05
           Bond Ellipticity = NA
           V = -2.4230824932E+05
           G =  1.5657412607E+01
           K =  2.4229259191E+05
           L =  2.4227693449E+05
           Vnuc =  6.3134456234E+05
           Ven = -1.2116201550E+08
           Vrep =  1.2091970725E+08
           DelSqV =  7.6080985935E+09
           DelSqVen =  6.1184090138E+11
           DelSqVrep = -6.0423280253E+11
           DelSqG =  4.0790906025E+08
           DelSqK = -8.0160076538E+09
           Stress_EigVals = -8.0770701963E+04 -8.0768804554E+04 -8.0768742801E+04
           Stress_EigVec1 = -3.5689159810E-01  8.6521274433E-01 -3.5218644815E-01
           Stress_EigVec2 =  1.5666279583E-01  4.2711122555E-01  8.9052387358E-01
           Stress_EigVec3 =  9.2091539004E-01  2.6264597476E-01 -2.8797905537E-01
           -DivStress =  9.6929475468E+03 -2.3696186615E+04  9.7357084019E+03
           ESP =  -1.8366781878E+01     ESP at Nucleus =  -1.8366782726E+01
           ESPe = -2.8355921400E+01     ESPe at Nucleus = -2.8355903401E+01
           ESPn =  9.9891395220E+00     ESPn at Nucleus =  9.9891206749E+00

CP# 14     Coords =  3.65125074618214E+00  3.30271748959902E+00 -2.29786713264235E+00
           Type = (3,-3) NACP H14
           Rho =  4.2991022848E-01     Rho at Nucleus =  4.2639879059E-01
           GradRho = -3.9204750557E-16 -4.0648907851E-15  1.2095359436E-15
           HessRho_EigVals = -6.5767743595E+00 -6.5682806516E+00 -5.9870015038E+00
           HessRho_EigVec1 =  1.9759543020E-01  5.2915995028E-01  8.2519439709E-01
           HessRho_EigVec2 =  9.7660055844E-01 -1.7916424929E-01 -1.1896016572E-01
           HessRho_EigVec3 =  8.4896379290E-02  8.2939129414E-01 -5.5217993986E-01
           DelSqRho = -1.9132056515E+01
           Bond Ellipticity = NA
           V = -4.7925388349E+00
           G =  4.7623530787E-03
           K =  4.7877764818E+00
           L =  4.7830141287E+00
           Vnuc =  4.1580412872E+01
           Ven = -1.7875844798E+01
           Vrep =  1.3083305963E+01
           DelSqV =  7.2166780592E+02
           DelSqVen =  7.9551880899E+02
           DelSqVrep = -7.3851003061E+01
           DelSqG =  7.1308313394E+01
           DelSqK = -7.9297611932E+02
           Stress_EigVals = -1.6473425592E+00 -1.6463984226E+00 -1.4987978531E+00
           Stress_EigVec1 =  8.2389530112E-02  5.4549159809E-01  8.3405688160E-01
           Stress_EigVec2 =  9.9294822069E-01 -1.1651146262E-01 -2.1884015098E-02
           Stress_EigVec3 =  8.5239640811E-02  8.2997831025E-01 -5.5124423638E-01
           -DivStress =  6.6302845374E-01  6.4334884930E+00 -4.2863260545E+00
           ESP =  -1.1139053850E+00     ESP at Nucleus =  -1.1162598471E+00
           ESPe = -1.3134817317E+01     ESPe at Nucleus = -1.3050752113E+01
           ESPn =  1.2020911932E+01     ESPn at Nucleus =  1.1934492266E+01

CP# 15     Coords =  5.09501451542148E+00  3.49640678065223E+00  2.03734223074664E+00
           Type = (3,-3) NACP H15
           Rho =  4.2947063399E-01     Rho at Nucleus =  4.2591984560E-01
           GradRho =  2.4502969098E-15 -1.7364581995E-15 -8.9555099447E-16
           HessRho_EigVals = -6.5672937034E+00 -6.5592279068E+00 -5.9736290996E+00
           HessRho_EigVec1 = -1.4327093097E-01 -2.0482892164E-01  9.6825541734E-01
           HessRho_EigVec2 =  7.6936154740E-01 -6.3846099660E-01 -2.1221809792E-02
           HessRho_EigVec3 =  6.2254015913E-01  7.4189801771E-01  2.4906039747E-01
           DelSqRho = -1.9100150710E+01
           Bond Ellipticity = NA
           V = -4.7842078818E+00
           G =  4.5851021652E-03
           K =  4.7796227796E+00
           L =  4.7750376774E+00
           Vnuc =  4.0798505580E+01
           Ven = -1.7521760057E+01
           Vrep =  1.2737552175E+01
           DelSqV =  7.2021505322E+02
           DelSqVen =  7.7925760531E+02
           DelSqVrep = -5.9042552088E+01
           DelSqG =  7.1133509333E+01
           DelSqK = -7.9134856255E+02
           Stress_EigVals = -1.6449639138E+00 -1.6438304041E+00 -1.4954135639E+00
           Stress_EigVec1 = -2.1674833922E-01 -1.4065262882E-01  9.6604192220E-01
           Stress_EigVec2 =  7.5185316785E-01 -6.5524454472E-01  7.3289839810E-02
           Stress_EigVec3 =  6.2268529085E-01  7.4220713054E-01  2.4777329139E-01
           -DivStress =  4.8543248773E+00  5.7862259473E+00  1.9359914943E+00
           ESP =  -1.1146372948E+00     ESP at Nucleus =  -1.1170142922E+00
           ESPe = -1.2545882754E+01     ESPe at Nucleus = -1.2460279448E+01
           ESPn =  1.1431245459E+01     ESPn at Nucleus =  1.1343265156E+01

CP# 16     Coords =  2.87927283986190E+00 -4.26095578326210E-01 -4.45650426075732E+00
           Type = (3,-3) NACP H16
           Rho =  4.3046345625E-01     Rho at Nucleus =  4.2688709612E-01
           GradRho =  4.6331314501E-10 -3.3362354322E-10  4.6211472017E-09
           HessRho_EigVals = -6.5769375625E+00 -6.5685107920E+00 -5.9802553770E+00
           HessRho_EigVec1 =  7.9508061599E-02  9.9487365241E-01  6.2489070053E-02
           HessRho_EigVec2 =  9.9186186581E-01 -7.2702361663E-02 -1.0451988214E-01
           HessRho_EigVec3 =  9.9440973927E-02 -7.0290698844E-02  9.9255766098E-01
           DelSqRho = -1.9125703732E+01
           Bond Ellipticity = NA
