AIMSum (Version 19.02.13, Professional)
Copyright (c) 1997-2019 by Todd A. Keith
AIMSum is a component of the AIMAll package ( http://aim.tkgristmill.com )

TP:  64-bit Linux

Much of the Quantum Theory of Atoms in Molecules (QTAIM) is described in the book:
  "Atoms in Molecules - A Quantum Theory"
  R.F.W. Bader, Oxford University Press, Oxford, 1990

For additional references see:  http://aim.tkgristmill.com/references.html

Wfn File:  /home/mhennefarth/Documents/ML_Diels/summary-James2013/21-opt/21-opt.wfn
Sum File:  /home/mhennefarth/Documents/ML_Diels/summary-James2013/21-opt/21-opt.sum

SumViz File:  /home/mhennefarth/Documents/ML_Diels/summary-James2013/21-opt/21-opt.sumviz

Wfn Title:   Title Card Required                                                           
 
Total memory allocated for AIMSum =        1.013 Megabytes

Atomic units (a.u.) used throughout, except where stated otherwise

Model:  Restricted SCF
 
Restricted, closed-shell, single-determinant wavefunction.
  Number of electrons (from MO Occs)                   =          66.0000000000
  Number of Alpha electrons (from MO Occs)             =          33.0000000000
  Number of Beta electrons (from MO Occs)              =          33.0000000000
  Number of electron pairs (N*(N-1)/2)                 =        2145.0000000000
  Number of electron pairs (from Muller 2EDM)          =        2145.0000000000
 
Nuclear Charges and Cartesian Coordinates:
-------------------------------------------------------------------------------
Atom      Charge                X                  Y                  Z
-------------------------------------------------------------------------------
C1         6.0           3.0798677000E+00  -2.9359423300E+00  -4.9229269000E-01
C2         6.0           2.3255628600E+00  -2.2417872100E+00  -2.8143808600E+00
H3         1.0           2.4456245000E+00  -3.5471637200E+00  -4.3952963800E+00
H4         1.0           1.5454083800E+00  -3.8651516000E-01  -3.2130196200E+00
C5         6.0           3.0592247800E+00  -1.4159043000E+00   1.8284319200E+00
C6         6.0           3.3994368800E+00   1.0926002500E+00   2.0891572000E+00
C7         6.0          -4.0941078000E+00  -9.2364335000E-01   1.8733951000E-01
H8         1.0          -2.6125220600E+00  -2.3281603600E+00  -4.7619650000E-02
C9         6.0          -6.3312904400E+00  -1.4956181800E+00   1.2196693700E+00
H10        1.0          -6.7286704800E+00  -3.4035503200E+00   1.8590523200E+00
H11        1.0           2.8034263200E+00  -2.5054786200E+00   3.5591117800E+00
H12        1.0           3.7470047400E+00  -4.8724549800E+00  -2.4478451000E-01
C13        6.0           3.9471462000E+00   3.0033869000E+00   6.7428590000E-02
H14        1.0           2.2199686700E+00   4.0065217100E+00  -5.0039951000E-01
H15        1.0           5.2765193500E+00   4.4325610500E+00   7.6347062000E-01
H16        1.0           4.7464166900E+00   2.1268702300E+00  -1.6269021000E+00
H17        1.0           3.3058894800E+00   1.8390576000E+00   4.0069893300E+00
H18        1.0          -7.8108437200E+00  -9.4063980000E-02   1.4545130800E+00
C19        6.0          -3.4757385400E+00   1.5596957900E+00  -6.8863393000E-01
N20        7.0          -2.9141188100E+00   3.5536644500E+00  -1.4279185800E+00
 
Some Atomic Properties:
----------------------
  q(A) = Net Charge of Atom A
  L(A) = Lagrangian of Atom A = -(1/4) Times Atomic Integral of the Laplacian of the Electron Density
  K(A) = Electronic Kinetic Energy of Atom A (Hamiltonian Form)
  K_Scaled(A) = K(A) * E(Mol)/K(Mol) = Approximation to Virial-Based Total Energy of Atom A.
  |Mu_Intra(A)| = Magnitude of Intraatomic Dipole Moment of Atom A
--------------------------------------------------------------------------------------------------
Atom A          q(A)              L(A)              K(A)          K_Scaled(A)      |Mu_Intra(A)|
--------------------------------------------------------------------------------------------------
C1       -4.1300330400E-02 -3.6807842944E-04  3.7702038503E+01 -3.8082877728E+01  5.3330455265E-02
C2       -1.0333471820E-01 -2.4909446671E-04  3.7708677279E+01 -3.8089583563E+01  1.1373785947E-01
H3        3.9537290390E-02  2.2210328907E-05  5.9610839552E-01 -6.0212985930E-01  1.4851343748E-01
H4        5.3631765220E-02  2.7768153643E-05  5.9250271243E-01 -5.9848775415E-01  1.3785152745E-01
C5       -4.9550856800E-02  6.5675182938E-05  3.7705793956E+01 -3.8086671115E+01  7.5074754074E-02
C6       -3.8696719700E-02  1.1918702890E-04  3.7696925974E+01 -3.8077713556E+01  5.2752459352E-02
C7        5.3665373600E-02 -7.6463674629E-05  3.7648583392E+01 -3.8028882651E+01  2.9869025255E-01
H8        1.0679678217E-01  1.0957255859E-05  5.7045800043E-01 -5.7622036212E-01  1.3562780980E-01
C9       -3.5113174900E-02 -1.4090164618E-04  3.7688176732E+01 -3.8068875935E+01  1.5708570650E-01
H10       6.9316387100E-02  1.7838260886E-05  5.8473343925E-01 -5.9064000129E-01  1.4213862486E-01
H11       2.2838096160E-02  2.4153567247E-05  6.0752179792E-01 -6.1365855178E-01  1.5472861230E-01
H12       2.7998180080E-02  2.6552967791E-05  6.0516962003E-01 -6.1128261386E-01  1.5241911986E-01
C13      -2.8595421100E-02 -1.5556084663E-04  3.7688525246E+01 -3.8069227969E+01  1.1809952541E-01
H14       5.4550448060E-02  1.6333489763E-05  5.8792146481E-01 -5.9386023003E-01  1.3783495345E-01
H15       1.4761017510E-02  2.8277372961E-05  6.0527177142E-01 -6.1138579711E-01  1.5405183579E-01
H16       2.7601552620E-02 -1.6084376969E-05  6.0139885154E-01 -6.0747375574E-01  1.4852338194E-01
H17       2.8141482540E-02  2.5826279739E-05  6.0636724717E-01 -6.1249233858E-01  1.5283417367E-01
H18       7.5315732480E-02  1.5254153170E-05  5.8187886262E-01 -5.8775658975E-01  1.4183154951E-01
C19       9.7109801230E-01  4.0183053001E-05  3.7139750559E+01 -3.7514909950E+01  1.0364753560E+00
N20      -1.2492646482E+00 -1.2632022160E-05  5.4959838786E+01 -5.5515004056E+01  6.8244558794E-01
--------------------------------------------------------------------------------------------------
Total    -6.0374907000E-04 -5.7859836791E-04  3.6247764259E+02 -3.6613913438E+02
 
1st Largest |L(A)| = 3.6807842944E-04, atom C1      
2nd Largest |L(A)| = 2.4909446671E-04, atom C2      
 
Molecular charge q(Mol) from the wfn file:   0.0000000000E+00
Molecular energy E(Mol) from the wfn file:  -3.6613929455E+02
Molecular virial ratio (-V(Mol)/T(Mol)) from the wfn file:   2.0101012900E+00
Note.  K_Scaled(A) = (1+V(Mol)/T(Mol))*K(A) = (E(Mol)/T(Mol))*K(A)
       Only use K_Scaled(A) data with caution.
 
N_AIMInt(SumA)     =         66.000604
N_Analytic(Mol)    =         65.999990
 
G_AIMInt(SumA)     =        362.478221
G_Analytic(Mol)    =        362.477778
 
K_AIMInt(SumA)     =        362.477643
K_Analytic(Mol)    =        362.477778
 
L_AIMInt(SumA)     =         -0.000579
L_Analytic(Mol)    =          0.000000
 
VenT_AIMInt(SumA)  =      -1598.975776
VenT_Analytic(Mol) =      -1598.967575
 
Some Information About the Atomic Calculations:
----------------------------------------------
  Time(sec) = "Elapsed User Time", in Seconds, for Atom A by AIMInt and, if used, by TWOe
  NProc = Number of Processors Used for AIMInt Job
  BIM = Basin Integration Method
  OAQ = Angular Quadrature Outside of Beta Sphere
  ORQ = Multiple of Default for Radial Quadrature Outside of Beta Sphere
  IAQ = Multiple of Default for Angular Quadrature Inside of Beta Sphere
  IRQ = Multiple of Default for Radial Quadrature Inside of Beta Sphere
  MIR = Maximum Integration Radius
------------------------------------------------------------------------------------------------------
Atom A     Time(sec)   NProc      BIM          OAQ                     ORQ      IAQ      IRQ      MIR
------------------------------------------------------------------------------------------------------
C1            115        8     Proaim(5)    4500(GS4)                  1.00     1.00     1.00    13.00
C2            128        8     Proaim(5)    4500(GS4)                  1.00     1.00     1.00    13.00
H3              5        8     Proaim(5)    1800(GS4)                  1.00     1.00     1.00    13.00
H4             18        8     Proaim(5)    4500(GS4)                  1.00     1.00     1.00    13.00
C5             28        8     Proaim(5)    4500(GS4)                  1.00     1.00     1.00    13.00
C6             28        8     Proaim(5)    4500(GS4)                  1.00     1.00     1.00    13.00
C7             25        8     Proaim(5)    4500(GS4)                  1.00     1.00     1.00    13.00
H8             20        8     Proaim(5)    4500(GS4)                  1.00     1.00     1.00    13.00
C9             16        8     Proaim(5)    4500(GS4)                  1.00     1.00     1.00    13.00
H10             5        8     Proaim(5)    1800(GS4)                  1.00     1.00     1.00    13.00
H11             5        8     Proaim(5)    1800(GS4)                  1.00     1.00     1.00    13.00
H12             5        8     Proaim(5)    1800(GS4)                  1.00     1.00     1.00    13.00
C13            38        8     Proaim(5)    4500(GS4)                  1.00     1.00     1.00    13.00
H14            24        8     Proaim(5)    4500(GS4)                  1.00     1.00     1.00    13.00
H15             5        8     Proaim(5)    1800(GS4)                  1.00     1.00     1.00    13.00
H16            16        8     Proaim(5)    4500(GS4)                  1.00     1.00     1.00    13.00
H17             5        8     Proaim(5)    1800(GS4)                  1.00     1.00     1.00    13.00
H18             5        8     Proaim(5)    1800(GS4)                  1.00     1.00     1.00    13.00
C19            29        8     Proaim(5)    4500(GS4)                  1.00     1.00     1.00    13.00
N20            30        8     Proaim(5)    4500(GS4)                  1.00     1.00     1.00    13.00
------------------------------------------------------------------------------------------------------
Total         550
Note:  Total wall clock time is less than total of atomic times if more than one atom
       was calculated at a time
 
Electron Density Critical Point Analysis of Molecular Structure:               
---------------------------------------------------------------                
  NACP = Nuclear Attractor Critical Point                                      
  NNACP = Non-Nuclear Attractor Critical Point                                 
  BCP = Bond Critical Point                                                    
  RCP = Ring Critical Point                                                    
  CCP = Cage Critical Point                                                    
  Rho = Electron Density                                                       
  GradRho = Gradient of Electron Density                                       
  HessRho_EigVals = Eigenvalues of the Hessian of Rho, Ascending Order         
  HessRho_EigVecs = Eigenvectors of the Hessian of Rho                         
  DelSqRho = Laplacian of Rho = Trace of Hessian of Rho                        
  Bond Ellipticity = (HessRho_EigVal(1) / HessRho_EigVal(2)) - 1               
  V = Virial Field = Potential Energy Density = Trace of Stress Tensor         
  G = Lagrangian Form of Kinetic Energy Density                                
  K = Hamiltonian Form of Kinetic Energy Density                               
  L = K - G = Lagrangian Density = (-1/4)DelSqRho                              
  Vnuc = Electrostatic Potential from Nuclei                                   
  Ven = Electron-nuclear attractive contribution to Virial Field V             
  Vrep = V - Ven = Repulsive contribution to Virial Field V                    
  DelSqV = Laplacian of V                                                      
  DelSqVen = Laplacian of Ven                                                  
  DelSqVrep = Laplacian of Vrep                                                
  DelSqG = Laplacian of G                                                      
  DelSqK = Laplacian of K                                                      
  Stress_EigVals = Eigenvalues of Stress Tensor, Ascending Order               
  Stress_EigVecs = Eigenvectors of Stress Tensor                               
  -DivStress = Ehrenfest Force Density = Minus Divergence of Stress Tensor     
  ESP = Total Electrostatic Potential                                          
  ESPe = Electrostatic Potential from Electrons                                
  ESPn = Electrostatic Potential from Nuclei                                   
  BP = Bond Path                                                               
  BPL = Bond Path Length                                                       
  GBL = Geometric Bond Length                                                  
  GBL_I = Distance Between Nuclear Attractors                                  
  GBL_II = Distance Between Nuclei                                             
  GBL_III = Sum of Distances Between BCP and Nuclear Attractors                
  GBL_IV = Sum of Distances Between BCP and Nuclei                             

CP# 1      Coords =  3.07986787096619E+00 -2.93594227196991E+00 -4.92291345014444E-01
           Type = (3,-3) NACP C1
           Rho =  1.1766772503E+02     Rho at Nucleus =  1.1766772489E+02
           GradRho =  4.2931359856E-11  1.9931315279E-11  5.5736268639E-10
           HessRho_EigVals = -1.4498781887E+05 -1.4498679466E+05 -1.4498649392E+05
           HessRho_EigVec1 =  9.4094712452E-01  2.7316527720E-01 -1.9999810045E-01
           HessRho_EigVec2 = -1.2151681552E-01  8.2388222076E-01  5.5358084312E-01
           HessRho_EigVec3 =  3.1599394361E-01 -4.9658717025E-01  8.0842378116E-01
           DelSqRho = -4.3496110745E+05
           Bond Ellipticity = NA
           V = -1.0875046625E+05
           G =  5.0946921271E+00
           K =  1.0874537155E+05
           L =  1.0874027686E+05
           Vnuc =  4.4213690327E+06
           Ven = -5.2025243558E+08
           Vrep =  5.2014368511E+08
           DelSqV =  2.4949579833E+09
           DelSqVen =  1.9231235113E+12
           DelSqVrep = -1.9206285533E+12
           DelSqG =  1.3401036207E+08
           DelSqK = -2.6289683454E+09
           Stress_EigVals = -3.6250427239E+04 -3.6250276892E+04 -3.6249762115E+04
           Stress_EigVec1 =  3.1451392957E-01 -4.1477096983E-01  8.5384192371E-01
           Stress_EigVec2 = -1.5847201374E-01  8.6392301704E-01  4.7804146420E-01
           Stress_EigVec3 =  9.3593141253E-01  2.8566074847E-01 -2.0598623210E-01
           -DivStress = -1.3922885941E+02 -5.0419596001E+01 -1.0912020980E+03
           ESP =  -1.4733606924E+01     ESP at Nucleus =  -1.4733606939E+01
           ESPe = -2.6666795600E+01     ESPe at Nucleus = -2.6666795685E+01
           ESPn =  1.1933188677E+01     ESPn at Nucleus =  1.1933188747E+01

CP# 2      Coords =  2.32556273446077E+00 -2.24178724807728E+00 -2.81438163047288E+00
           Type = (3,-3) NACP C2
           Rho =  1.1768506641E+02     Rho at Nucleus =  1.1768506636E+02
           GradRho = -2.0179580229E-11  2.1784171689E-11 -1.1929474769E-10
           HessRho_EigVals = -1.4501763592E+05 -1.4501668570E+05 -1.4501656299E+05
           HessRho_EigVec1 =  9.1594043438E-01  3.4048526611E-01 -2.1242152488E-01
           HessRho_EigVec2 = -2.0856377592E-01  8.5608291007E-01  4.7288815006E-01
           HessRho_EigVec3 =  3.4286188479E-01 -3.8883394226E-01  8.5513384526E-01
           DelSqRho = -4.3505088460E+05
           Bond Ellipticity = NA
           V = -1.0877296021E+05
           G =  5.1195305723E+00
           K =  1.0876784068E+05
           L =  1.0876272115E+05
           Vnuc =  7.6769498122E+06
           Ven = -9.0346234845E+08
           Vrep =  9.0335357549E+08
           DelSqV =  2.4954808680E+09
           DelSqVen =  3.3398639821E+12
           DelSqVrep = -3.3373685012E+12
           DelSqG =  1.3404688515E+08
           DelSqK = -2.6295277532E+09
           Stress_EigVals = -3.6257889892E+04 -3.6257800373E+04 -3.6257269947E+04
           Stress_EigVec1 =  3.1918340919E-01 -3.0416725661E-01  8.9755458402E-01
           Stress_EigVec2 = -2.4079289662E-01  8.8998365773E-01  3.8723102911E-01
           Stress_EigVec3 =  9.1659191150E-01  3.3972248818E-01 -2.1082670322E-01
           -DivStress =  1.0162451759E+02  3.1980777165E+01  6.2751125766E+02
           ESP =  -1.4746005978E+01     ESP at Nucleus =  -1.4746005988E+01
           ESPe = -2.5838711375E+01     ESPe at Nucleus = -2.5838712426E+01
           ESPn =  1.1092705397E+01     ESPn at Nucleus =  1.1092706439E+01

CP# 3      Coords =  2.44354920241616E+00 -3.52499639319161E+00 -4.36844366841704E+00
           Type = (3,-3) NACP H3
           Rho =  4.2577010560E-01     Rho at Nucleus =  4.2209397180E-01
           GradRho =  8.8676895688E-16  2.1218107566E-15  2.7843667042E-15
           HessRho_EigVals = -6.4847424210E+00 -6.4784029224E+00 -5.8861150923E+00
           HessRho_EigVec1 = -3.7798109681E-01  6.9991866115E-01 -6.0600673118E-01
           HessRho_EigVec2 =  9.2393054522E-01  3.2689802533E-01 -1.9872098187E-01
           HessRho_EigVec3 = -5.9013880189E-02  6.3502090423E-01  7.7023750437E-01
           DelSqRho = -1.8849260436E+01
           Bond Ellipticity = NA
           V = -4.7216492981E+00
           G =  4.6670945972E-03
           K =  4.7169822035E+00
           L =  4.7123151089E+00
           Vnuc =  3.9709090603E+01
           Ven = -1.6906943700E+01
           Vrep =  1.2185294401E+01
           DelSqV =  7.0984621826E+02
           DelSqVen =  7.4848699045E+02
           DelSqVrep = -3.8640772188E+01
           DelSqG =  6.9879363455E+01
           DelSqK = -7.7972558172E+02
           Stress_EigVals = -1.6245103258E+00 -1.6239969487E+00 -1.4731420236E+00
           Stress_EigVec1 = -4.1138449397E-01  6.8854349357E-01 -5.9721910183E-01
           Stress_EigVec2 =  9.0959225015E-01  3.5208049265E-01 -2.2063831300E-01
           Stress_EigVec3 = -5.8350120748E-02  6.3399304741E-01  7.7113428095E-01
           -DivStress =  4.6857312802E-01 -5.0097427755E+00 -6.0705308468E+00
           ESP =  -1.1083886241E+00     ESP at Nucleus =  -1.1108457941E+00
           ESPe = -1.2149532958E+01     ESPe at Nucleus = -1.2066311768E+01
           ESPn =  1.1041144334E+01     ESPn at Nucleus =  1.0955465974E+01

CP# 4      Coords =  1.55893254079722E+00 -4.18649778844076E-01 -3.20613662297202E+00
           Type = (3,-3) NACP H4
           Rho =  4.2444169397E-01     Rho at Nucleus =  4.2064773499E-01
           GradRho =  2.8070628536E-10 -6.6707758637E-10  1.4274769816E-10
           HessRho_EigVals = -6.4542850267E+00 -6.4475877157E+00 -5.8468725469E+00
           HessRho_EigVec1 =  1.1309887899E-01  2.5329707487E-01  9.6075451361E-01
           HessRho_EigVec2 = -9.1769895516E-01 -3.4400179827E-01  1.9872440840E-01
           HessRho_EigVec3 = -3.8083759173E-01  9.0415892112E-01 -1.9354424320E-01
           DelSqRho = -1.8748745289E+01
           Bond Ellipticity = NA
           V = -4.6967124640E+00
           G =  4.7630708509E-03
           K =  4.6919493932E+00
           L =  4.6871863223E+00
           Vnuc =  4.1254839267E+01
           Ven = -1.7510273863E+01
           Vrep =  1.2813561399E+01
           DelSqV =  7.0536678268E+02
           DelSqVen =  7.7347647452E+02
           DelSqVrep = -6.8109691839E+01
           DelSqG =  6.9363884244E+01
           DelSqK = -7.7473066693E+02
           Stress_EigVals = -1.6169161717E+00 -1.6163854404E+00 -1.4634108519E+00
           Stress_EigVec1 =  2.1752089781E-01  2.9280099636E-01  9.3110269871E-01
           Stress_EigVec2 = -8.9844024323E-01 -3.1272645200E-01  3.0823253490E-01
           Stress_EigVec3 = -3.8143123675E-01  9.0358715282E-01 -1.9503965978E-01
           -DivStress = -3.0408998417E+00  7.2240328036E+00 -1.5483451485E+00
           ESP =  -1.1099300928E+00     ESP at Nucleus =  -1.1124414375E+00
           ESPe = -1.4225462000E+01     ESPe at Nucleus = -1.4170398097E+01
           ESPn =  1.3115531907E+01     ESPn at Nucleus =  1.3057956659E+01

CP# 5      Coords =  3.05922466052733E+00 -1.41590580340685E+00  1.82843108732627E+00
           Type = (3,-3) NACP C5
           Rho =  1.1764608261E+02     Rho at Nucleus =  1.1764608240E+02
           GradRho = -5.8361161823E-11 -1.0083362010E-09 -5.3564230062E-10
           HessRho_EigVals = -1.4496121609E+05 -1.4496066404E+05 -1.4496035635E+05
           HessRho_EigVec1 =  9.9063798062E-01 -1.3427480895E-01  2.4630611889E-02
           HessRho_EigVec2 =  8.0739618123E-03  2.3773627234E-01  9.7129618343E-01
           HessRho_EigVec3 =  1.3627619932E-01  9.6200402312E-01 -2.3659471043E-01
           DelSqRho = -4.3488223648E+05
           Bond Ellipticity = NA
           V = -1.0873081354E+05
           G =  5.1272120562E+00
           K =  1.0872568633E+05
           L =  1.0872055912E+05
           Vnuc =  3.4828254130E+06
           Ven = -4.0974076627E+08
           Vrep =  4.0963203546E+08
           DelSqV =  2.4945087859E+09
           DelSqVen =  1.5146188227E+12
           DelSqVrep = -1.5121242893E+12
           DelSqG =  1.3398658958E+08
           DelSqK = -2.6284953755E+09
           Stress_EigVals = -3.6243838642E+04 -3.6243685627E+04 -3.6243289274E+04
           Stress_EigVec1 =  1.4007566445E-01  9.8167123993E-01 -1.2922996915E-01
           Stress_EigVec2 = -3.7533167560E-02  1.3568736838E-01  9.9004050392E-01
           Stress_EigVec3 =  9.8942916349E-01 -1.3383017133E-01  5.5851729421E-02
           -DivStress =  9.4719122101E+01  1.2206827636E+03  6.7858877372E+02
           ESP =  -1.4743135468E+01     ESP at Nucleus =  -1.4743135488E+01
           ESPe = -2.7029143087E+01     ESPe at Nucleus = -2.7029143413E+01
           ESPn =  1.2286007619E+01     ESPn at Nucleus =  1.2286007926E+01

CP# 6      Coords =  3.39943706793570E+00  1.09260150753270E+00  2.08915679252685E+00
           Type = (3,-3) NACP C6
           Rho =  1.1767642717E+02     Rho at Nucleus =  1.1767642704E+02
           GradRho =  6.3338723155E-11  4.9745463998E-10 -1.7204527213E-10
           HessRho_EigVals = -1.4499920385E+05 -1.4499813326E+05 -1.4499789060E+05
           HessRho_EigVec1 =  9.8265279682E-01 -1.5772881196E-01  9.7545388325E-02
           HessRho_EigVec2 = -1.5079219614E-01 -3.7334862164E-01  9.1535376784E-01
           HessRho_EigVec3 =  1.0795922605E-01  9.1418402338E-01  3.9065634120E-01
           DelSqRho = -4.3499522770E+05
           Bond Ellipticity = NA
           V = -1.0875893767E+05
           G =  5.0653707200E+00
           K =  1.0875387230E+05
           L =  1.0874880693E+05
           Vnuc =  4.4937414540E+06
           Ven = -5.2880743894E+08
           Vrep =  5.2869868000E+08
           DelSqV =  2.4951526402E+09
           DelSqVen =  1.9547558052E+12
           DelSqVrep = -1.9522606853E+12
           DelSqG =  1.3402149392E+08
           DelSqK = -2.6291741341E+09
           Stress_EigVals = -3.6253247072E+04 -3.6253103320E+04 -3.6252587275E+04
           Stress_EigVec1 =  1.1452872800E-01  9.3556714892E-01  3.3406179117E-01
           Stress_EigVec2 = -1.4977846933E-01 -3.1616850649E-01  9.3680514816E-01
           Stress_EigVec3 =  9.8206393916E-01 -1.5732636574E-01  1.0391743864E-01
           -DivStress = -1.5391085052E+02 -1.0233526753E+03  3.3415225137E+02
           ESP =  -1.4737900260E+01     ESP at Nucleus =  -1.4737900273E+01
           ESPe = -2.6773928398E+01     ESPe at Nucleus = -2.6773928894E+01
           ESPn =  1.2036028138E+01     ESPn at Nucleus =  1.2036028621E+01

CP# 7      Coords = -4.09410681496578E+00 -9.23639412809026E-01  1.87338120734673E-01
           Type = (3,-3) NACP C7
           Rho =  1.1760343549E+02     Rho at Nucleus =  1.1760343416E+02
           GradRho = -3.6626419129E-11 -3.4623194069E-12  1.6395053717E-12
           HessRho_EigVals = -1.4490018929E+05 -1.4490015105E+05 -1.4489915498E+05
           HessRho_EigVec1 =  3.5818329138E-01  2.3830714123E-01  9.0272611362E-01
           HessRho_EigVec2 =  1.9632441475E-01  9.2603564208E-01 -3.2235805213E-01
           HessRho_EigVec3 =  9.1277678210E-01 -2.9269044405E-01 -2.8490498419E-01
           DelSqRho = -4.3469949532E+05
           Bond Ellipticity = NA
           V = -1.0868520099E+05
           G =  5.1635798061E+00
           K =  1.0868003741E+05
           L =  1.0867487383E+05
           Vnuc =  1.3986997365E+06
           Ven = -1.6449189424E+08
           Vrep =  1.6438320904E+08
           DelSqV =  2.4934569898E+09
           DelSqVen =  6.0801406566E+11
           DelSqVrep = -6.0552060867E+11
           DelSqG =  1.3392203392E+08
           DelSqK = -2.6273790238E+09
           Stress_EigVals = -3.6228720010E+04 -3.6228376115E+04 -3.6228104865E+04
           Stress_EigVec1 =  9.2474623201E-01 -2.1836417984E-01 -3.1170738096E-01
           Stress_EigVec2 =  1.2601014390E-01  9.4850187662E-01 -2.9062971921E-01
           Stress_EigVec3 =  3.5911815607E-01  2.2948044582E-01  9.0463963818E-01
           -DivStress = -7.9427596404E+02 -3.1908933924E+03  1.1237026836E+03
           ESP =  -1.4686741551E+01     ESP at Nucleus =  -1.4686741635E+01
           ESPe = -2.6510036507E+01     ESPe at Nucleus = -2.6510034082E+01
           ESPn =  1.1823294956E+01     ESPn at Nucleus =  1.1823292447E+01

CP# 8      Coords = -2.63894992917674E+00 -2.30310643713517E+00 -4.34575879489934E-02
           Type = (3,-3) NACP H8
           Rho =  4.1822858570E-01     Rho at Nucleus =  4.1425695911E-01
           GradRho = -2.4185568912E-15  1.9347926581E-15  4.8109777338E-16
           HessRho_EigVals = -6.3703270491E+00 -6.3623854833E+00 -5.7431613878E+00
           HessRho_EigVec1 =  5.9673278673E-01  6.9217178873E-01 -4.0596575733E-01
           HessRho_EigVec2 =  3.5629645090E-01  2.2475911439E-01  9.0693780359E-01
           HessRho_EigVec3 =  7.1900126587E-01 -6.8584368145E-01 -1.1249721907E-01
           DelSqRho = -1.8475873920E+01
           Bond Ellipticity = NA
           V = -4.6278975797E+00
           G =  4.4645498474E-03
           K =  4.6234330299E+00
           L =  4.6189684800E+00
           Vnuc =  4.0510281136E+01
           Ven = -1.6942557586E+01
           Vrep =  1.2314660006E+01
           DelSqV =  6.9428514003E+02
           DelSqVen =  7.4846284673E+02
           DelSqVrep = -5.4177706707E+01
           DelSqG =  6.8371282005E+01
           DelSqK = -7.6265642203E+02
           Stress_EigVals = -1.5955039164E+00 -1.5946928813E+00 -1.4377007820E+00
           Stress_EigVec1 =  5.9694269349E-01  6.9300767662E-01 -4.0422738755E-01
           Stress_EigVec2 =  3.5521150644E-01  2.2347307353E-01  9.0768087514E-01
           Stress_EigVec3 =  7.1936375109E-01 -6.8541968571E-01 -1.1276368235E-01
           -DivStress =  5.8575868811E+00 -5.5510285011E+00 -9.2313988380E-01
           ESP =  -1.0669897504E+00     ESP at Nucleus =  -1.0696627365E+00
           ESPe = -1.4294493048E+01     ESPe at Nucleus = -1.4232084997E+01
           ESPn =  1.3227503298E+01     ESPn at Nucleus =  1.3162422260E+01

CP# 9      Coords = -6.33129051178923E+00 -1.49561837541790E+00  1.21966945546006E+00
           Type = (3,-3) NACP C9
           Rho =  1.1769412108E+02     Rho at Nucleus =  1.1769412108E+02
           GradRho =  3.3940855768E-11  2.5946025656E-12  3.0583285470E-12
           HessRho_EigVals = -1.4502304251E+05 -1.4502153440E+05 -1.4502153077E+05
           HessRho_EigVec1 =  3.5989116178E-01  2.2820661867E-01  9.0465468045E-01
           HessRho_EigVec2 =  2.6727725630E-01  9.0376902149E-01 -3.3431186647E-01
           HessRho_EigVec3 = -8.9389105596E-01  3.6210950692E-01  2.6426404422E-01
           DelSqRho = -4.3506610769E+05
           Bond Ellipticity = NA
           V = -1.0877674340E+05
           G =  5.1082374205E+00
           K =  1.0877163516E+05
           L =  1.0876652692E+05
           Vnuc =  2.6661338858E+07
           Ven = -3.1378828437E+09
           Vrep =  3.1377740670E+09
           DelSqV =  2.4955608969E+09
           DelSqVen =  1.1599419015E+13
           DelSqVrep = -1.1596923454E+13
           DelSqG =  1.3404544883E+08
           DelSqK = -2.6296063458E+09
           Stress_EigVals = -3.6259174951E+04 -3.6259123494E+04 -3.6258444952E+04
           Stress_EigVec1 = -8.7956515402E-01 -2.4066919411E-01  4.1041866288E-01
           Stress_EigVec2 = -3.1138556385E-01  9.4340702861E-01 -1.1411489382E-01
           Stress_EigVec3 =  3.5972791170E-01  2.2816993091E-01  9.0472886114E-01
           -DivStress =  5.8573118909E+01  1.5989543838E+02 -6.9867918471E+01
           ESP =  -1.4702827166E+01     ESP at Nucleus =  -1.4702827168E+01
           ESPe = -2.4421315159E+01     ESPe at Nucleus = -2.4421315391E+01
           ESPn =  9.7184879927E+00     ESPn at Nucleus =  9.7184882229E+00

CP# 10     Coords = -6.72170757980464E+00 -3.37016293029436E+00  1.84785861557894E+00
           Type = (3,-3) NACP H10
           Rho =  4.2374054049E-01     Rho at Nucleus =  4.1987756568E-01
           GradRho =  7.8192614726E-10  3.7534140238E-09 -1.2580641364E-09
           HessRho_EigVals = -6.4481766575E+00 -6.4425173035E+00 -5.8315964665E+00
           HessRho_EigVec1 =  9.1272201539E-01 -2.8768946369E-01 -2.9012634336E-01
           HessRho_EigVec2 =  3.5956536564E-01  2.2834111344E-01  9.0475028806E-01
           HessRho_EigVec3 =  1.9403935287E-01  9.3010489107E-01 -3.1185512846E-01
           DelSqRho = -1.8722290427E+01
           Bond Ellipticity = NA
           V = -4.6893112624E+00
           G =  4.3693277723E-03
           K =  4.6849419346E+00
           L =  4.6805726069E+00
           Vnuc =  3.8112118801E+01
           Ven = -1.6149649820E+01
           Vrep =  1.1460338558E+01
           DelSqV =  7.0409317063E+02
           DelSqVen =  7.1354616325E+02
           DelSqVrep = -9.4529926133E+00
           DelSqG =  6.9269408575E+01
           DelSqK = -7.7336257921E+02
           Stress_EigVals = -1.6153099204E+00 -1.6146182612E+00 -1.4593830808E+00
           Stress_EigVec1 =  9.1212051425E-01 -2.8939580855E-01 -2.9032091465E-01
           Stress_EigVec2 =  3.6027734115E-01  2.2810840792E-01  9.0452572749E-01
           Stress_EigVec3 =  1.9554131264E-01  9.2963251892E-01 -3.1232511078E-01
           -DivStress = -1.5648602267E+00 -7.4957994957E+00  2.5137361923E+00
           ESP =  -1.0724758664E+00     ESP at Nucleus =  -1.0750644389E+00
           ESPe = -1.1326077743E+01     ESPe at Nucleus = -1.1248424874E+01
           ESPn =  1.0253601876E+01     ESPn at Nucleus =  1.0173360435E+01

CP# 11     Coords =  2.80761558415678E+00 -2.48773606490797E+00  3.53050344338016E+00
           Type = (3,-3) NACP H11
           Rho =  4.3016568525E-01     Rho at Nucleus =  4.2663374967E-01
           GradRho =  1.0590486821E-15  3.5871913079E-15 -3.7434248409E-15
           HessRho_EigVals = -6.5801056176E+00 -6.5714227879E+00 -5.9880906163E+00
           HessRho_EigVec1 =  2.7242888644E-02  8.4704939250E-01  5.3081555335E-01
           HessRho_EigVec2 =  9.9190916237E-01 -8.8772182391E-02  9.0750830501E-02
           HessRho_EigVec3 = -1.2399209096E-01 -5.2404849613E-01  8.4261446408E-01
           DelSqRho = -1.9139619022E+01
           Bond Ellipticity = NA
           V = -4.7944757224E+00
           G =  4.7854834977E-03
           K =  4.7896902389E+00
           L =  4.7849047555E+00
           Vnuc =  4.1583344632E+01
           Ven = -1.7887727939E+01
           Vrep =  1.3093252216E+01
           DelSqV =  7.2186403185E+02
           DelSqVen =  7.9588937390E+02
           DelSqVrep = -7.4025342045E+01
           DelSqG =  7.1323919098E+01
           DelSqK = -7.9318795095E+02
           Stress_EigVals = -1.6481513847E+00 -1.6472856789E+00 -1.4990386588E+00
           Stress_EigVec1 =  1.3763111301E-01  8.3131326260E-01  5.3849413753E-01
           Stress_EigVec2 =  9.8269341598E-01 -1.8265752757E-01  3.0820087790E-02
           Stress_EigVec3 = -1.2398115551E-01 -5.2493284051E-01  8.4206542860E-01
           -DivStress = -9.6139366566E-01 -4.0712013442E+00  6.5637418715E+00
           ESP =  -1.1149350208E+00     ESP at Nucleus =  -1.1173022008E+00
           ESPe = -1.3219949319E+01     ESPe at Nucleus = -1.3135448819E+01
           ESPn =  1.2105014298E+01     ESPn at Nucleus =  1.2018146618E+01

CP# 12     Coords =  3.73595259619395E+00 -4.84045054982687E+00 -2.48748834195070E-01
           Type = (3,-3) NACP H12
           Rho =  4.2969073398E-01     Rho at Nucleus =  4.2613022914E-01
           GradRho = -1.4502004198E-10  4.1998509539E-10 -5.1834860189E-11
           HessRho_EigVals = -6.5709592789E+00 -6.5629607569E+00 -5.9759965992E+00
           HessRho_EigVec1 = -1.3903924450E-01 -1.6760402296E-01 -9.7600050204E-01
           HessRho_EigVec2 =  9.3574208248E-01  3.0034299672E-01 -1.8488060850E-01
           HessRho_EigVec3 = -3.2412164934E-01  9.3899040240E-01 -1.1507467412E-01
           DelSqRho = -1.9109916635E+01
           Bond Ellipticity = NA
           V = -4.7865999629E+00
           G =  4.5604020723E-03
           K =  4.7820395608E+00
           L =  4.7774791587E+00
           Vnuc =  4.0934428286E+01
           Ven = -1.7589144535E+01
           Vrep =  1.2802544572E+01
           DelSqV =  7.2054381235E+02
           DelSqVen =  7.8225351281E+02
           DelSqVrep = -6.1709700457E+01
           DelSqG =  7.1170163699E+01
           DelSqK = -7.9171397605E+02
           Stress_EigVals = -1.6458954302E+00 -1.6446856209E+00 -1.4960189117E+00
           Stress_EigVec1 =  2.1782406239E-01  1.9382101067E-01  9.5654905450E-01
           Stress_EigVec2 = -9.2057508703E-01 -2.8474084872E-01  2.6732781039E-01
           Stress_EigVec3 = -3.2418233601E-01  9.3880565875E-01 -1.1640338537E-01
           -DivStress =  2.5318199623E+00 -7.3316715257E+00  9.0865592433E-01
           ESP =  -1.1101619181E+00     ESP at Nucleus =  -1.1125431032E+00
           ESPe = -1.2710742183E+01     ESPe at Nucleus = -1.2624797822E+01
           ESPn =  1.1600580265E+01     ESPn at Nucleus =  1.1512254719E+01

CP# 13     Coords =  3.94714621667995E+00  3.00338624740695E+00  6.74296612469626E-02
           Type = (3,-3) NACP C13
           Rho =  1.1751207821E+02     Rho at Nucleus =  1.1751207809E+02
           GradRho =  1.3870321558E-11 -2.1708993826E-10  3.7649266517E-10
           HessRho_EigVals = -1.4480232986E+05 -1.4480197339E+05 -1.4480189584E+05
           HessRho_EigVec1 =  3.1786404005E-01  6.9161913218E-01 -6.4855641855E-01
           HessRho_EigVec2 =  9.3401182992E-01 -1.1078184519E-01  3.3963110037E-01
           HessRho_EigVec3 =  1.6304709014E-01 -7.1371588099E-01 -6.8119401613E-01
           DelSqRho = -4.3440619909E+05
           Bond Ellipticity = NA
           V = -1.0861207402E+05
           G =  5.2621258678E+00
           K =  1.0860681190E+05
           L =  1.0860154977E+05
           Vnuc =  4.7828601338E+06
           Ven = -5.6204383411E+08
           Vrep =  5.6193522203E+08
           DelSqV =  2.4918018256E+09
           DelSqVen =  2.0777042575E+12
           DelSqVrep = -2.0752124557E+12
           DelSqG =  1.3384657682E+08
           DelSqK = -2.6256484024E+09
           Stress_EigVals = -3.6204078214E+04 -3.6204054639E+04 -3.6203941172E+04
           Stress_EigVec1 =  1.7709087604E-01 -7.2463771924E-01 -6.6598723522E-01
           Stress_EigVec2 =  9.3360858931E-01 -9.0465493486E-02  3.4668573153E-01
           Stress_EigVec3 =  3.1147042168E-01  6.8316628308E-01 -6.6050738533E-01
           -DivStress = -1.5828397438E+01  5.2891176127E+02 -8.6965277362E+02
           ESP =  -1.4750802506E+01     ESP at Nucleus =  -1.4750802510E+01
           ESPe = -2.5613847584E+01     ESPe at Nucleus = -2.5613846544E+01
           ESPn =  1.0863045078E+01     ESPn at Nucleus =  1.0863044034E+01

CP# 14     Coords =  2.24853010000173E+00  3.98992056539098E+00 -4.90917309724934E-01
           Type = (3,-3) NACP H14
           Rho =  4.1629756678E-01     Rho at Nucleus =  4.1280791301E-01
           GradRho =  5.4773893754E-15 -3.5869744675E-15  1.7234477734E-15
           HessRho_EigVals = -6.3262837826E+00 -6.3248608003E+00 -5.7600858705E+00
           HessRho_EigVec1 =  5.4650140023E-01  6.0600869073E-01 -5.7800491893E-01
           HessRho_EigVec2 =  1.1230757552E-01  6.3092134119E-01  7.6767523714E-01
           HessRho_EigVec3 =  8.2989350403E-01 -4.8444992310E-01  2.7674002960E-01
           DelSqRho = -1.8411230453E+01
           Bond Ellipticity = NA
           V = -4.6126779739E+00
           G =  4.9351802770E-03
           K =  4.6077427936E+00
           L =  4.6028076133E+00
           Vnuc =  4.1560869321E+01
           Ven = -1.7301688772E+01
           Vrep =  1.2689010798E+01
           DelSqV =  6.9366742682E+02
           DelSqVen =  7.6518674291E+02
           DelSqVrep = -7.1519316092E+01
           DelSqG =  6.8201969976E+01
           DelSqK = -7.6186939680E+02
           Stress_EigVals = -1.5853448665E+00 -1.5852347011E+00 -1.4420984064E+00
           Stress_EigVec1 =  5.4846808783E-01  6.2042651908E-01 -5.6058334889E-01
           Stress_EigVec2 =  1.0010937234E-01  6.1687252853E-01  7.8067047921E-01
           Stress_EigVec3 =  8.3015713585E-01 -4.8429249216E-01  2.7622438675E-01
           -DivStress = -6.3046984952E+00  3.6641036734E+00 -2.0926627681E+00
           ESP =  -1.1222366517E+00     ESP at Nucleus =  -1.1245216516E+00
           ESPe = -1.3587577034E+01     ESPe at Nucleus = -1.3529299145E+01
           ESPn =  1.2465340382E+01     ESPn at Nucleus =  1.2404777494E+01

CP# 15     Coords =  5.25497887125488E+00  4.40930023989208E+00  7.52407931983639E-01
           Type = (3,-3) NACP H15
           Rho =  4.2399753227E-01     Rho at Nucleus =  4.2059984961E-01
           GradRho = -5.4721897283E-09 -5.9075212970E-09 -2.8084169196E-09
           HessRho_EigVals = -6.4472965144E+00 -6.4451911390E+00 -5.8829926172E+00
           HessRho_EigVec1 = -5.2033686997E-02 -3.8860276019E-01  9.1993499237E-01
           HessRho_EigVec2 =  7.6490556994E-01 -6.0774482354E-01 -2.1346123426E-01
           HessRho_EigVec3 =  6.4203735443E-01  6.9255622460E-01  3.2886761969E-01
           DelSqRho = -1.8775480271E+01
           Bond Ellipticity = NA
           V = -4.7036206695E+00
           G =  4.8753009490E-03
           K =  4.6987453686E+00
           L =  4.6938700676E+00
           Vnuc =  4.0695959747E+01
           Ven = -1.7254986506E+01
           Vrep =  1.2551365837E+01
           DelSqV =  7.0800740619E+02
           DelSqVen =  7.6408620441E+02
           DelSqVrep = -5.6078798218E+01
           DelSqG =  6.9626563170E+01
           DelSqK = -7.7763396936E+02
           Stress_EigVals = -1.6155553655E+00 -1.6153890292E+00 -1.4726762748E+00
           Stress_EigVec1 =  1.6112074543E-01 -5.4103150748E-01  8.2542414146E-01
           Stress_EigVec2 =  7.4984981591E-01 -4.7667494214E-01 -4.5880960442E-01
           Stress_EigVec3 =  6.4168945680E-01  6.9286788600E-01  3.2889015428E-01
           -DivStress =  4.8469570509E+00  5.2348905176E+00  2.4888720577E+00
           ESP =  -1.1252619278E+00     ESP at Nucleus =  -1.1274842904E+00
           ESPe = -1.2039268992E+01     ESPe at Nucleus = -1.1959663203E+01
           ESPn =  1.0914007064E+01     ESPn at Nucleus =  1.0832178912E+01

CP# 16     Coords =  4.73315678824858E+00  2.14129469293605E+00 -1.59875460735761E+00
           Type = (3,-3) NACP H16
           Rho =  4.2256504140E-01     Rho at Nucleus =  4.1904588862E-01
           GradRho = -1.1171619185E-15  2.9175880462E-15  4.2221001001E-15
           HessRho_EigVals = -6.4085219889E+00 -6.4064858103E+00 -5.8346182431E+00
           HessRho_EigVec1 =  1.7660471529E-01  9.0755771934E-01 -3.8098524986E-01
           HessRho_EigVec2 = -9.0488041146E-01 -2.6039551041E-03 -4.2565791472E-01
           HessRho_EigVec3 = -3.8730119479E-01  4.1991928449E-01  8.2077133175E-01
           DelSqRho = -1.8649626042E+01
           Bond Ellipticity = NA
