AIMSum (Version 19.02.13, Professional)
Copyright (c) 1997-2019 by Todd A. Keith
AIMSum is a component of the AIMAll package ( http://aim.tkgristmill.com )

TP:  64-bit Linux

Much of the Quantum Theory of Atoms in Molecules (QTAIM) is described in the book:
  "Atoms in Molecules - A Quantum Theory"
  R.F.W. Bader, Oxford University Press, Oxford, 1990

For additional references see:  http://aim.tkgristmill.com/references.html

Wfn File:  /home/mhennefarth/Documents/ML_Diels/summary-James2013/22-opt/22-opt.wfn
Sum File:  /home/mhennefarth/Documents/ML_Diels/summary-James2013/22-opt/22-opt.sum

SumViz File:  /home/mhennefarth/Documents/ML_Diels/summary-James2013/22-opt/22-opt.sumviz

Wfn Title:   Title Card Required                                                           
 
Total memory allocated for AIMSum =        0.961 Megabytes

Atomic units (a.u.) used throughout, except where stated otherwise

Model:  Restricted SCF
 
Restricted, closed-shell, single-determinant wavefunction.
  Number of electrons (from MO Occs)                   =          66.0000000000
  Number of Alpha electrons (from MO Occs)             =          33.0000000000
  Number of Beta electrons (from MO Occs)              =          33.0000000000
  Number of electron pairs (N*(N-1)/2)                 =        2145.0000000000
  Number of electron pairs (from Muller 2EDM)          =        2145.0000000000
 
Nuclear Charges and Cartesian Coordinates:
-------------------------------------------------------------------------------
Atom      Charge                X                  Y                  Z
-------------------------------------------------------------------------------
C1         6.0          -3.2755962600E+00   1.9784380600E+00   1.4323747100E+00
C2         6.0          -2.1491465900E+00  -2.9805440000E-01   1.6082617200E+00
C3         6.0          -2.3863716400E+00  -2.4882808700E+00  -8.0508610000E-02
C4         6.0          -4.4686740600E+00  -3.2551566400E+00  -1.3039142600E+00
C5         6.0           5.7512853000E+00   1.2769820400E+00  -6.1426002000E-01
H6         1.0           7.7349182200E+00   1.5726517400E+00  -1.0617815400E+00
C7         6.0           4.0685782300E+00   3.1620943300E+00  -7.4735260000E-01
H8         1.0           4.6596980600E+00   5.0441250500E+00  -1.3107277800E+00
H9         1.0           2.0853955600E+00   2.8737904900E+00  -3.0185667000E-01
C10        6.0           5.0666578200E+00  -1.2359841100E+00   1.1516177000E-01
N11        7.0           4.5393878200E+00  -3.2887624500E+00   7.0274277000E-01
H12        1.0          -6.7316058000E-01  -3.6188566800E+00  -2.6088629000E-01
H13        1.0          -8.3387332000E-01  -5.7282843000E-01   3.1708790100E+00
H14        1.0          -4.4375385000E+00  -4.9252282600E+00  -2.4983785000E+00
H15        1.0          -6.2748991500E+00  -2.2994078400E+00  -1.1128355500E+00
C16        6.0          -5.0426350300E+00   2.8885819600E+00  -5.9447044000E-01
H17        1.0          -4.8924670900E+00   1.7494610100E+00  -2.3133069300E+00
H18        1.0          -7.0220690500E+00   2.8136001600E+00   3.3170400000E-02
H19        1.0          -4.6524701600E+00   4.8680282400E+00  -1.0721041200E+00
H20        1.0          -2.8538355200E+00   3.3442794600E+00   2.9168749200E+00
 
Some Atomic Properties:
----------------------
  q(A) = Net Charge of Atom A
  L(A) = Lagrangian of Atom A = -(1/4) Times Atomic Integral of the Laplacian of the Electron Density
  K(A) = Electronic Kinetic Energy of Atom A (Hamiltonian Form)
  K_Scaled(A) = K(A) * E(Mol)/K(Mol) = Approximation to Virial-Based Total Energy of Atom A.
  |Mu_Intra(A)| = Magnitude of Intraatomic Dipole Moment of Atom A
--------------------------------------------------------------------------------------------------
Atom A          q(A)              L(A)              K(A)          K_Scaled(A)      |Mu_Intra(A)|
--------------------------------------------------------------------------------------------------
C1       -5.7461074300E-02  3.4620410678E-05  3.7700206280E+01 -3.8081212859E+01  5.9411747857E-02
C2       -4.6544187100E-02 -5.3808826099E-05  3.7707580218E+01 -3.8088661319E+01  7.1484610919E-02
C3       -3.2814307800E-02  8.8700105179E-05  3.7703403819E+01 -3.8084442712E+01  9.1176189758E-02
C4       -9.4203035000E-02 -8.0038001834E-05  3.7706137940E+01 -3.8087204466E+01  1.0411835216E-01
C5        4.9107752100E-02 -3.4731198952E-06  3.7646270469E+01 -3.8026731961E+01  2.8425143302E-01
H6        8.6172392830E-02  2.9004836246E-05  5.7947642434E-01 -5.8533274057E-01  1.4055145720E-01
C7       -3.4420194300E-02 -2.9538438852E-05  3.7691834053E+01 -3.8072756020E+01  1.8157853478E-01
H8        6.8089411130E-02  1.7915362706E-05  5.8525264640E-01 -5.9116733840E-01  1.4229581710E-01
H9        9.6643213060E-02  2.1301021246E-05  5.7188649851E-01 -5.7766610928E-01  1.3783109951E-01
C10       9.7092592360E-01  3.0139106346E-05  3.7139749696E+01 -3.7515092177E+01  1.0326780535E+00
N11      -1.2458540626E+00 -1.0892299876E-05  5.4958775793E+01 -5.5514201272E+01  6.8345527289E-01
H12       5.9093954590E-02  2.1546829733E-05  5.9329846019E-01 -5.9929446495E-01  1.3834809254E-01
H13       3.6080765240E-02  2.8823676377E-05  6.0213312883E-01 -6.0821841870E-01  1.5019323938E-01
H14       4.0673897330E-02  2.3517514142E-05  5.9566139484E-01 -6.0168127994E-01  1.4836384069E-01
H15       3.7575714270E-02  2.0931395287E-05  5.9858455853E-01 -6.0463398576E-01  1.4535481831E-01
C16      -2.4024039500E-02 -2.2544638819E-04  3.7682535264E+01 -3.8063363255E+01  9.7170846787E-02
H17       3.2351525190E-02  3.6416864136E-05  5.9960296087E-01 -6.0566268031E-01  1.4831336828E-01
H18       2.3008879970E-02  1.6566197527E-05  5.9968569891E-01 -6.0574625452E-01  1.5317077540E-01
H19       1.1826952590E-02  1.9363597087E-05  6.0638903964E-01 -6.1251734068E-01  1.5482021752E-01
H20       2.3774161900E-02  2.4727034147E-05  6.0717297018E-01 -6.1330919380E-01  1.5411125516E-01
--------------------------------------------------------------------------------------------------
Total     3.6432000011E-06  1.0376876091E-05  3.6247563731E+02 -3.6613889585E+02
 
1st Largest |L(A)| = 2.2544638819E-04, atom C16     
2nd Largest |L(A)| = 8.8700105179E-05, atom C3      
 
Molecular charge q(Mol) from the wfn file:   0.0000000000E+00
Molecular energy E(Mol) from the wfn file:  -3.6613891711E+02
Molecular virial ratio (-V(Mol)/T(Mol)) from the wfn file:   2.0101062200E+00
Note.  K_Scaled(A) = (1+V(Mol)/T(Mol))*K(A) = (E(Mol)/T(Mol))*K(A)
       Only use K_Scaled(A) data with caution.
 
N_AIMInt(SumA)     =         65.999996
N_Analytic(Mol)    =         65.999989
 
G_AIMInt(SumA)     =        362.475627
G_Analytic(Mol)    =        362.475633
 
K_AIMInt(SumA)     =        362.475637
K_Analytic(Mol)    =        362.475633
 
L_AIMInt(SumA)     =          0.000010
L_Analytic(Mol)    =          0.000000
 
VenT_AIMInt(SumA)  =      -1580.505414
VenT_Analytic(Mol) =      -1580.505021
 
Some Information About the Atomic Calculations:
----------------------------------------------
  Time(sec) = "Elapsed User Time", in Seconds, for Atom A by AIMInt and, if used, by TWOe
  NProc = Number of Processors Used for AIMInt Job
  BIM = Basin Integration Method
  OAQ = Angular Quadrature Outside of Beta Sphere
  ORQ = Multiple of Default for Radial Quadrature Outside of Beta Sphere
  IAQ = Multiple of Default for Angular Quadrature Inside of Beta Sphere
  IRQ = Multiple of Default for Radial Quadrature Inside of Beta Sphere
  MIR = Maximum Integration Radius
------------------------------------------------------------------------------------------------------
Atom A     Time(sec)   NProc      BIM          OAQ                     ORQ      IAQ      IRQ      MIR
------------------------------------------------------------------------------------------------------
C1             28        8     Proaim(5)    4500(GS4)                  1.00     1.00     1.00    13.00
C2             39        8     Proaim(5)    4500(GS4)                  1.00     1.00     1.00    13.00
C3             28        8     Proaim(5)    4500(GS4)                  1.00     1.00     1.00    13.00
C4             27        8     Proaim(5)    4500(GS4)                  1.00     1.00     1.00    13.00
C5             19        8     Proaim(5)    4500(GS4)                  1.00     1.00     1.00    13.00
H6              5        8     Proaim(5)    1800(GS4)                  1.00     1.00     1.00    13.00
C7             20        8     Proaim(5)    4500(GS4)                  1.00     1.00     1.00    13.00
H8              5        8     Proaim(5)    1800(GS4)                  1.00     1.00     1.00    13.00
H9             14        8     Proaim(5)    4500(GS4)                  1.00     1.00     1.00    13.00
C10            16        8     Proaim(5)    4500(GS4)                  1.00     1.00     1.00    13.00
N11            16        8     Proaim(5)    4500(GS4)                  1.00     1.00     1.00    13.00
H12            16        8     Proaim(5)    4500(GS4)                  1.00     1.00     1.00    13.00
H13             7        8     Proaim(5)    1800(GS4)                  1.00     1.00     1.00    13.00
H14             5        8     Proaim(5)    1800(GS4)                  1.00     1.00     1.00    13.00
H15             8        8     Proaim(5)    1800(GS4)                  1.00     1.00     1.00    13.00
C16            24        8     Proaim(5)    4500(GS4)                  1.00     1.00     1.00    13.00
H17            16        8     Proaim(5)    4500(GS4)                  1.00     1.00     1.00    13.00
H18             5        8     Proaim(5)    1800(GS4)                  1.00     1.00     1.00    13.00
H19             6        8     Proaim(5)    1800(GS4)                  1.00     1.00     1.00    13.00
H20             5        8     Proaim(5)    1800(GS4)                  1.00     1.00     1.00    13.00
------------------------------------------------------------------------------------------------------
Total         309
Note:  Total wall clock time is less than total of atomic times if more than one atom
       was calculated at a time
 
Electron Density Critical Point Analysis of Molecular Structure:               
---------------------------------------------------------------                
  NACP = Nuclear Attractor Critical Point                                      
  NNACP = Non-Nuclear Attractor Critical Point                                 
  BCP = Bond Critical Point                                                    
  RCP = Ring Critical Point                                                    
  CCP = Cage Critical Point                                                    
  Rho = Electron Density                                                       
  GradRho = Gradient of Electron Density                                       
  HessRho_EigVals = Eigenvalues of the Hessian of Rho, Ascending Order         
  HessRho_EigVecs = Eigenvectors of the Hessian of Rho                         
  DelSqRho = Laplacian of Rho = Trace of Hessian of Rho                        
  Bond Ellipticity = (HessRho_EigVal(1) / HessRho_EigVal(2)) - 1               
  V = Virial Field = Potential Energy Density = Trace of Stress Tensor         
  G = Lagrangian Form of Kinetic Energy Density                                
  K = Hamiltonian Form of Kinetic Energy Density                               
  L = K - G = Lagrangian Density = (-1/4)DelSqRho                              
  Vnuc = Electrostatic Potential from Nuclei                                   
  Ven = Electron-nuclear attractive contribution to Virial Field V             
  Vrep = V - Ven = Repulsive contribution to Virial Field V                    
  DelSqV = Laplacian of V                                                      
  DelSqVen = Laplacian of Ven                                                  
  DelSqVrep = Laplacian of Vrep                                                
  DelSqG = Laplacian of G                                                      
  DelSqK = Laplacian of K                                                      
  Stress_EigVals = Eigenvalues of Stress Tensor, Ascending Order               
  Stress_EigVecs = Eigenvectors of Stress Tensor                               
  -DivStress = Ehrenfest Force Density = Minus Divergence of Stress Tensor     
  ESP = Total Electrostatic Potential                                          
  ESPe = Electrostatic Potential from Electrons                                
  ESPn = Electrostatic Potential from Nuclei                                   
  BP = Bond Path                                                               
  BPL = Bond Path Length                                                       
  GBL = Geometric Bond Length                                                  
  GBL_I = Distance Between Nuclear Attractors                                  
  GBL_II = Distance Between Nuclei                                             
  GBL_III = Sum of Distances Between BCP and Nuclear Attractors                
  GBL_IV = Sum of Distances Between BCP and Nuclei                             

CP# 1      Coords = -3.27559708574894E+00  1.97843924067703E+00  1.43237398920084E+00
           Type = (3,-3) NACP C1
           Rho =  1.1767257896E+02     Rho at Nucleus =  1.1767257877E+02
           GradRho = -4.9294807125E-10  6.7446238872E-10 -4.2083592167E-10
           HessRho_EigVals = -1.4499678268E+05 -1.4499594456E+05 -1.4499564775E+05
           HessRho_EigVec1 =  7.8355976433E-01  3.1230652046E-01 -5.3712078064E-01
           HessRho_EigVec2 =  5.6323049306E-01  7.9332394905E-03  8.2626174751E-01
           HessRho_EigVec3 = -2.6230803914E-01  9.4994826227E-01  1.6968438824E-01
           DelSqRho = -4.3498837499E+05
           Bond Ellipticity = NA
           V = -1.0875724650E+05
           G =  5.0763780489E+00
           K =  1.0875217013E+05
           L =  1.0874709375E+05
           Vnuc =  3.7243420600E+06
           Ven = -4.3825293513E+08
           Vrep =  4.3814417788E+08
           DelSqV =  2.4951164742E+09
           DelSqVen =  1.6200454062E+12
           DelSqVrep = -1.6175502897E+12
           DelSqG =  1.3402182251E+08
           DelSqK = -2.6291382967E+09
           Stress_EigVals = -3.6252674573E+04 -3.6252513382E+04 -3.6252058548E+04
           Stress_EigVec1 = -3.0146773568E-01  9.4428463822E-01  1.3207469997E-01
           Stress_EigVec2 =  5.4737008095E-01  5.7978175411E-02  8.3487994685E-01
           Stress_EigVec3 =  7.8070685845E-01  3.2398310635E-01 -5.3435170812E-01
           -DivStress =  6.7358795810E+02 -9.5918175520E+02  5.8834631311E+02
           ESP =  -1.4736817324E+01     ESP at Nucleus =  -1.4736817342E+01
           ESPe = -2.6581343787E+01     ESPe at Nucleus = -2.6581344660E+01
           ESPn =  1.1844526463E+01     ESPn at Nucleus =  1.1844527318E+01

CP# 2      Coords = -2.14914616063244E+00 -2.98055565927965E-01  1.60826117023921E+00
           Type = (3,-3) NACP C2
           Rho =  1.1766434445E+02     Rho at Nucleus =  1.1766434431E+02
           GradRho =  1.9957128138E-10 -4.7882120664E-10 -2.3985266290E-10
           HessRho_EigVals = -1.4498539850E+05 -1.4498458730E+05 -1.4498434062E+05
           HessRho_EigVec1 =  7.2926549100E-01  3.3316079026E-01 -5.9764180867E-01
           HessRho_EigVec2 =  2.9995585753E-01  6.2938145660E-01  7.1687200086E-01
           HessRho_EigVec3 = -6.1497831439E-01  7.0205617291E-01 -3.5905264644E-01
           DelSqRho = -4.3495432641E+05
           Bond Ellipticity = NA
           V = -1.0874882023E+05
           G =  5.1193121980E+00
           K =  1.0874370091E+05
           L =  1.0873858160E+05
           Vnuc =  4.4160991442E+06
           Ven = -5.1961741081E+08
           Vrep =  5.1950866199E+08
           DelSqV =  2.4949219614E+09
           DelSqVen =  1.9208012923E+12
           DelSqVrep = -1.9183063376E+12
           DelSqG =  1.3401021473E+08
           DelSqK = -2.6289321761E+09
           Stress_EigVals = -3.6249851158E+04 -3.6249715674E+04 -3.6249253395E+04
           Stress_EigVec1 = -5.5598506709E-01  7.9067834743E-01 -2.5633641191E-01
           Stress_EigVec2 =  3.7376437902E-01  5.1328253869E-01  7.7255499769E-01
           Stress_EigVec3 =  7.4241551314E-01  3.3371962241E-01 -5.8090482824E-01
           -DivStress = -3.4670065186E+02  9.4848832178E+02  4.4869761608E+02
           ESP =  -1.4743077891E+01     ESP at Nucleus =  -1.4743077905E+01
           ESPe = -2.7261900693E+01     ESPe at Nucleus = -2.7261900640E+01
           ESPn =  1.2518822802E+01     ESPn at Nucleus =  1.2518822736E+01

CP# 3      Coords = -2.38637120216454E+00 -2.48827967488002E+00 -8.05076617335841E-02
           Type = (3,-3) NACP C3
           Rho =  1.1766340732E+02     Rho at Nucleus =  1.1766340714E+02
           GradRho =  2.8266567906E-10  7.0088026355E-10  5.3487565072E-10
           HessRho_EigVals = -1.4498194357E+05 -1.4498093503E+05 -1.4498056639E+05
           HessRho_EigVec1 = -2.8035310586E-01 -5.3100355820E-01  7.9964827094E-01
           HessRho_EigVec2 = -7.4553321144E-02  8.4258532845E-01  5.3337769600E-01
           HessRho_EigVec3 =  9.5699735545E-01 -8.9917659324E-02  2.7580949259E-01
           DelSqRho = -4.3494344499E+05
           Bond Ellipticity = NA
           V = -1.0874607454E+05
           G =  5.1066488182E+00
           K =  1.0874096790E+05
           L =  1.0873586125E+05
           Vnuc =  3.7802412634E+06
           Ven = -4.4479606754E+08
           Vrep =  4.4468732146E+08
           DelSqV =  2.4948567939E+09
           DelSqVen =  1.6441911480E+12
           DelSqVrep = -1.6416962892E+12
           DelSqG =  1.3400443115E+08
           DelSqK = -2.6288612251E+09
           Stress_EigVals = -3.6248971859E+04 -3.6248808571E+04 -3.6248294113E+04
           Stress_EigVec1 =  9.3512119355E-01  4.2623296086E-02  3.5175503977E-01
           Stress_EigVec2 = -2.2360528999E-01  8.4108218341E-01  4.9252556790E-01
           Stress_EigVec3 = -2.7486183377E-01 -5.3922538459E-01  7.9604456970E-01
           -DivStress = -3.5188669072E+02 -9.7159838210E+02 -7.7134439854E+02
           ESP =  -1.4743547318E+01     ESP at Nucleus =  -1.4743547334E+01
           ESPe = -2.6844037039E+01     ESPe at Nucleus = -2.6844036212E+01
           ESPn =  1.2100489720E+01     ESPn at Nucleus =  1.2100488878E+01

CP# 4      Coords = -4.46867479426201E+00 -3.25515694460972E+00 -1.30391482718287E+00
           Type = (3,-3) NACP C4
           Rho =  1.1768020384E+02     Rho at Nucleus =  1.1768020377E+02
           GradRho = -1.5981000204E-10 -8.4689477653E-11 -1.1448716974E-10
           HessRho_EigVals = -1.4500944365E+05 -1.4500852832E+05 -1.4500836863E+05
           HessRho_EigVec1 = -2.3105092262E-01 -5.7681931613E-01  7.8351448468E-01
           HessRho_EigVec2 = -5.7317842063E-01  7.3142164581E-01  3.6944400682E-01
           HessRho_EigVec3 =  7.8618189326E-01  3.6373321623E-01  4.9961603069E-01
           DelSqRho = -4.3502634060E+05
           Bond Ellipticity = NA
           V = -1.0876681594E+05
           G =  5.1153958547E+00
           K =  1.0876170055E+05
           L =  1.0875658515E+05
           Vnuc =  6.1441717804E+06
           Ven = -7.2304738755E+08
           Vrep =  7.2293862074E+08
           DelSqV =  2.4953381996E+09
           DelSqVen =  2.6728761170E+12
           DelSqVrep = -2.6703807808E+12
           DelSqG =  1.3403716033E+08
           DelSqK = -2.6293753599E+09
           Stress_EigVals = -3.6255847683E+04 -3.6255744410E+04 -3.6255223849E+04
           Stress_EigVec1 =  7.9901825488E-01  3.4905043354E-01  4.8962600341E-01
           Stress_EigVec2 = -5.5534996125E-01  7.4058229418E-01  3.7831770522E-01
           Stress_EigVec3 = -2.3055638987E-01 -5.7419653464E-01  7.8558391703E-01
           -DivStress =  5.9743563657E+02  2.4975551286E+02  4.6037073785E+02
           ESP =  -1.4751545453E+01     ESP at Nucleus =  -1.4751545466E+01
           ESPe = -2.5052088849E+01     ESPe at Nucleus = -2.5052090242E+01
           ESPn =  1.0300543396E+01     ESPn at Nucleus =  1.0300544776E+01

CP# 5      Coords =  5.75128471094848E+00  1.27697801078846E+00 -6.14258942104478E-01
           Type = (3,-3) NACP C5
           Rho =  1.1759279668E+02     Rho at Nucleus =  1.1759279539E+02
           GradRho = -6.2152352492E-12  3.4669947035E-12 -7.9012261957E-13
           HessRho_EigVals = -1.4488632538E+05 -1.4488626698E+05 -1.4488540426E+05
           HessRho_EigVec1 =  3.1901976002E-01  9.0429747710E-01 -2.8367669208E-01
           HessRho_EigVec2 =  1.8209814044E-01  2.3525413490E-01  9.5472287040E-01
           HessRho_EigVec3 =  9.3008959781E-01 -3.5623245912E-01 -8.9620171328E-02
           DelSqRho = -4.3465799662E+05
           Bond Ellipticity = NA
           V = -1.0867482715E+05
           G =  5.1639965227E+00
           K =  1.0866966315E+05
           L =  1.0866449916E+05
           Vnuc =  1.4244142948E+06
           Ven = -1.6750086055E+08
           Vrep =  1.6739218572E+08
           DelSqV =  2.4932192285E+09
           DelSqVen =  6.1913307443E+11
           DelSqVrep = -6.1663985623E+11
           DelSqG =  1.3390854663E+08
           DelSqK = -2.6271277751E+09
           Stress_EigVals = -3.6225240608E+04 -3.6224917566E+04 -3.6224668975E+04
           Stress_EigVec1 =  9.0479913179E-01 -4.1995409814E-01 -7.0548469648E-02
           Stress_EigVec2 =  3.8557485342E-01  8.7824741012E-01 -2.8286660995E-01
           Stress_EigVec3 =  1.8075000283E-01  2.2873574725E-01  9.5656123401E-01
           -DivStress =  4.8088097933E+02  3.2624145343E+03 -8.7336901819E+02
           ESP =  -1.4682496368E+01     ESP at Nucleus =  -1.4682496452E+01
           ESPe = -2.5584260718E+01     ESPe at Nucleus = -2.5584258738E+01
           ESPn =  1.0901764350E+01     ESPn at Nucleus =  1.0901762285E+01

CP# 6      Coords =  7.70034490038211E+00  1.56729937279217E+00 -1.05393165422293E+00
           Type = (3,-3) NACP H6
           Rho =  4.2170518589E-01     Rho at Nucleus =  4.1786155843E-01
           GradRho =  1.8936946195E-16  6.2683826229E-17  2.2340938676E-16
           HessRho_EigVals = -6.4326149020E+00 -6.4245276401E+00 -5.8157962912E+00
           HessRho_EigVec1 = -1.9412940800E-01  9.6177026498E-01 -1.9316244548E-01
           HessRho_EigVec2 =  1.8173084594E-01  2.2875942599E-01  9.5636971128E-01
           HessRho_EigVec3 =  9.6399568079E-01  1.5055591126E-01 -2.1919225580E-01
           DelSqRho = -1.8672938833E+01
           Bond Ellipticity = NA
           V = -4.6770657959E+00
           G =  4.4155438120E-03
           K =  4.6726502521E+00
           L =  4.6682347083E+00
           Vnuc =  3.8651284885E+01
           Ven = -1.6299447277E+01
           Vrep =  1.1622381481E+01
           DelSqV =  7.0245879842E+02
           DelSqVen =  7.2173307849E+02
           DelSqVrep = -1.9274280063E+01
           DelSqG =  6.9249965881E+01
           DelSqK = -7.7170876430E+02
           Stress_EigVals = -1.6111075956E+00 -1.6103356176E+00 -1.4556225828E+00
           Stress_EigVec1 = -1.9303852872E-01  9.6215950867E-01 -1.9231538239E-01
           Stress_EigVec2 =  1.8193476214E-01  2.2770244707E-01  9.5658315787E-01
           Stress_EigVec3 =  9.6417626436E-01  1.4966855204E-01 -2.1900560672E-01
           -DivStress =  7.7424246783E+00  1.1973949350E+00 -1.7576119317E+00
           ESP =  -1.0608775993E+00     ESP at Nucleus =  -1.0634633698E+00
           ESPe = -1.1822070636E+01     ESPe at Nucleus = -1.1734709199E+01
           ESPn =  1.0761193037E+01     ESPn at Nucleus =  1.0671245829E+01

CP# 7      Coords =  4.06857871956883E+00  3.16209454510115E+00 -7.47352744990037E-01
           Type = (3,-3) NACP C7
           Rho =  1.1770716724E+02     Rho at Nucleus =  1.1770716722E+02
           GradRho =  8.6130214072E-11  4.4139356233E-11 -2.7404957643E-12
           HessRho_EigVals = -1.4504101409E+05 -1.4503941634E+05 -1.4503928678E+05
           HessRho_EigVec1 =  1.8014601356E-01  2.2872786744E-01  9.5667704919E-01
           HessRho_EigVec2 = -2.2770238696E-01  9.5586769890E-01 -1.8565711719E-01
           HessRho_EigVec3 =  9.5692164610E-01  1.8439225810E-01 -2.2427763683E-01
           DelSqRho = -4.3511971721E+05
           Bond Ellipticity = NA
           V = -1.0879013871E+05
           G =  5.1047029757E+00
           K =  1.0878503401E+05
           L =  1.0877992930E+05
           Vnuc =  1.0829413276E+07
           Ven = -1.2746995596E+09
           Vrep =  1.2745907695E+09
           DelSqV =  2.4958689225E+09
           DelSqVen =  4.7120887316E+12
           DelSqVrep = -4.7095928627E+12
           DelSqG =  1.3406370144E+08
           DelSqK = -2.6299326240E+09
           Stress_EigVals = -3.6263646802E+04 -3.6263606770E+04 -3.6262885137E+04
           Stress_EigVec1 =  8.9185162276E-01 -4.4814682789E-01 -6.1360440302E-02
           Stress_EigVec2 =  4.1458468655E-01  8.6412580564E-01 -2.8531759446E-01
           Stress_EigVec3 =  1.8088731481E-01  2.2902186071E-01  9.5646681420E-01
           -DivStress = -3.9849382525E+02 -1.7576653752E+02  1.1848317747E+02
           ESP =  -1.4702857650E+01     ESP at Nucleus =  -1.4702857650E+01
           ESPe = -2.5017708412E+01     ESPe at Nucleus = -2.5017708612E+01
           ESPn =  1.0314850762E+01     ESPn at Nucleus =  1.0314850962E+01

CP# 8      Coords =  4.64945507195814E+00  5.01122325381734E+00 -1.30089168062821E+00
           Type = (3,-3) NACP H8
           Rho =  4.2396901781E-01     Rho at Nucleus =  4.2011514467E-01
           GradRho = -6.6893552652E-10 -2.1458769683E-09  6.4168628295E-10
           HessRho_EigVals = -6.4537376517E+00 -6.4485403973E+00 -5.8379055422E+00
           HessRho_EigVec1 =  9.4092276234E-01 -3.2356603581E-01 -9.9846761505E-02
           HessRho_EigVec2 =  1.8048329199E-01  2.2972076860E-01  9.5637552760E-01
           HessRho_EigVec3 =  2.8651376341E-01  9.1789617547E-01 -2.7454776347E-01
           DelSqRho = -1.8740183591E+01
           Bond Ellipticity = NA
           V = -4.6937697233E+00
           G =  4.3619127593E-03
           K =  4.6894078106E+00
           L =  4.6850458978E+00
           Vnuc =  3.8422212747E+01
           Ven = -1.6289827800E+01
           Vrep =  1.1596058077E+01
           DelSqV =  7.0484513283E+02
           DelSqVen =  7.2003932449E+02
           DelSqVrep = -1.5194191663E+01
           DelSqG =  6.9363839292E+01
           DelSqK = -7.7420897212E+02
           Stress_EigVals = -1.6167766484E+00 -1.6160162629E+00 -1.4609768120E+00
           Stress_EigVec1 =  9.4129528499E-01 -3.2208877389E-01 -1.0110394739E-01
           Stress_EigVec2 =  1.8123244758E-01  2.2946474077E-01  9.5629531667E-01
           Stress_EigVec3 =  2.8481219495E-01  9.1847958849E-01 -2.7436701539E-01
           -DivStress =  2.3002744195E+00  7.3949342133E+00 -2.2103755718E+00
           ESP =  -1.0714109263E+00     ESP at Nucleus =  -1.0739955305E+00
           ESPe = -1.1588473152E+01     ESPe at Nucleus = -1.1506463826E+01
           ESPn =  1.0517062226E+01     ESPn at Nucleus =  1.0432468295E+01

CP# 9      Coords =  2.12104762797450E+00  2.87900106205398E+00 -3.09866656299589E-01
           Type = (3,-3) NACP H9
           Rho =  4.1860108513E-01     Rho at Nucleus =  4.1458174551E-01
           GradRho =  1.4036081325E-15  7.2340679454E-16 -2.1006417092E-17
           HessRho_EigVals = -6.3575396017E+00 -6.3520097526E+00 -5.7291207715E+00
           HessRho_EigVec1 = -1.8462958130E-01  9.6299846503E-01 -1.9633103184E-01
           HessRho_EigVec2 =  1.8129796045E-01  2.2970904621E-01  9.5622424338E-01
           HessRho_EigVec3 =  9.6594149266E-01  1.4095286604E-01 -2.1700074265E-01
           DelSqRho = -1.8438670126E+01
           Bond Ellipticity = NA
           V = -4.6186341296E+00
           G =  4.4832990716E-03
           K =  4.6141508305E+00
           L =  4.6096675314E+00
           Vnuc =  3.9788639795E+01
           Ven = -1.6655567794E+01
           Vrep =  1.2036933665E+01
           DelSqV =  6.9248553828E+02
           DelSqVen =  7.3364960394E+02
           DelSqVrep = -4.1164065663E+01
           DelSqG =  6.8030748149E+01
           DelSqK = -7.6051628643E+02
           Stress_EigVals = -1.5926173840E+00 -1.5918295396E+00 -1.4341872060E+00
           Stress_EigVec1 = -1.8379126029E-01  9.6256499667E-01 -1.9922198628E-01
           Stress_EigVec2 =  1.8075110190E-01  2.3231327022E-01  9.5569847946E-01
           Stress_EigVec3 =  9.6620381484E-01  1.3963943446E-01 -2.1668183251E-01
           -DivStress = -7.8854925580E+00 -1.1518495965E+00  1.7715763542E+00
           ESP =  -1.0745852111E+00     ESP at Nucleus =  -1.0772848672E+00
           ESPe = -1.3770612383E+01     ESPe at Nucleus = -1.3726544617E+01
           ESPn =  1.2696027172E+01     ESPn at Nucleus =  1.2649259750E+01

CP# 10     Coords =  5.06665897329090E+00 -1.23598050467472E+00  1.15160713315382E-01
           Type = (3,-3) NACP C10
           Rho =  1.1802276816E+02     Rho at Nucleus =  1.1802276704E+02
           GradRho = -2.5503008400E-11 -9.7431765347E-12  6.9647738098E-13
           HessRho_EigVals = -1.4545125600E+05 -1.4545123963E+05 -1.4545034290E+05
           HessRho_EigVec1 =  9.7621349547E-01 -2.1592114705E-01  1.9628283859E-02
           HessRho_EigVec2 =  3.8234966581E-02  2.6056219987E-01  9.6469965654E-01
           HessRho_EigVec3 =  2.1341344522E-01  9.4100233701E-01 -2.6262007376E-01
           DelSqRho = -4.3635283853E+05
           Bond Ellipticity = NA
           V = -1.0909835057E+05
           G =  5.0704692447E+00
           K =  1.0909328010E+05
           L =  1.0908820963E+05
           Vnuc =  1.5267225865E+06
           Ven = -1.8018802587E+08
           Vrep =  1.8007892751E+08
           DelSqV =  2.5029332037E+09
           DelSqVen =  6.6618974413E+11
           DelSqVrep = -6.6368681092E+11
           DelSqG =  1.3446499620E+08
           DelSqK = -2.6373981999E+09
           Stress_EigVals = -3.6366721715E+04 -3.6365816179E+04 -3.6365812677E+04
           Stress_EigVec1 =  2.3589907234E-01  9.3450526047E-01 -2.6655495836E-01
           Stress_EigVec2 = -3.1634872645E-02  2.8153571577E-01  9.5902913177E-01
           Stress_EigVec3 =  9.7126250957E-01 -2.1780165037E-01  9.5976969082E-02
           -DivStress = -9.4444124546E+02 -2.9498924205E+03  8.6467600561E+02
           ESP =  -1.4705727151E+01     ESP at Nucleus =  -1.4705727234E+01
           ESPe = -2.6290578998E+01     ESPe at Nucleus = -2.6290580635E+01
           ESPn =  1.1584851848E+01     ESPn at Nucleus =  1.1584853401E+01

CP# 11     Coords =  4.53939049442188E+00 -3.28875210996403E+00  7.02739806310684E-01
           Type = (3,-3) NACP N11
           Rho =  1.9190915519E+02     Rho at Nucleus =  1.9190913535E+02
           GradRho =  5.7054562707E-11  2.0555358305E-11 -2.6816896414E-12
           HessRho_EigVals = -3.2303279226E+05 -3.2303254729E+05 -3.2302545022E+05
           HessRho_EigVec1 =  9.4422675324E-01 -2.9279880788E-01 -1.5068077708E-01
           HessRho_EigVec2 =  2.1916157913E-01  2.1725381441E-01  9.5119345159E-01
           HessRho_EigVec3 =  2.4577233511E-01  9.3116574155E-01 -2.6930711291E-01
           DelSqRho = -9.6909078977E+05
           Bond Ellipticity = NA
           V = -2.4230399863E+05
           G =  1.5650593260E+01
           K =  2.4228834804E+05
           L =  2.4227269744E+05
           Vnuc =  6.3155760893E+05
           Ven = -1.2120168718E+08
           Vrep =  1.2095938319E+08
           DelSqV =  7.6079622639E+09
           DelSqVen =  6.1203666240E+11
           DelSqVrep = -6.0442870014E+11
           DelSqG =  4.0789860731E+08
           DelSqK = -8.0158608712E+09
           Stress_EigVals = -8.0769290285E+04 -8.0767383471E+04 -8.0767324874E+04
           Stress_EigVec1 =  2.4644941255E-01  9.3112810871E-01 -2.6881802809E-01
           Stress_EigVec2 =  2.2755546721E-01  2.1402403610E-01  9.4995379957E-01
           Stress_EigVec3 =  9.4206220410E-01 -2.9528656783E-01 -1.5913719384E-01
           -DivStress = -6.6139552486E+03 -2.5538774145E+04  7.3207264358E+03
           ESP =  -1.8367077923E+01     ESP at Nucleus =  -1.8367078772E+01
           ESPe = -2.8011177364E+01     ESPe at Nucleus = -2.8011159363E+01
           ESPn =  9.6440994414E+00     ESPn at Nucleus =  9.6440805919E+00

CP# 12     Coords = -7.02386252283022E-01 -3.59955931813727E+00 -2.57795353082071E-01
           Type = (3,-3) NACP H12
           Rho =  4.2608938408E-01     Rho at Nucleus =  4.2234736761E-01
           GradRho = -1.0553190266E-14  5.6432723078E-15  1.0243542126E-15
           HessRho_EigVals = -6.5044827015E+00 -6.4966028253E+00 -5.8953365559E+00
           HessRho_EigVec1 =  4.7350310973E-01  6.1060435202E-01  6.3478904399E-01
           HessRho_EigVec2 = -2.9460829184E-01 -5.6939719400E-01  7.6745865676E-01
           HessRho_EigVec3 =  8.3006069625E-01 -5.5040817650E-01 -8.9722236894E-02
           DelSqRho = -1.8896422083E+01
           Bond Ellipticity = NA
           V = -4.7331912997E+00
           G =  4.5428894978E-03
           K =  4.7286484102E+00
           L =  4.7241055207E+00
           Vnuc =  4.1295179905E+01
           Ven = -1.7595437771E+01
           Vrep =  1.2862246472E+01
           DelSqV =  7.1147591754E+02
           DelSqVen =  7.8033114947E+02
           DelSqVrep = -6.8855231927E+01
           DelSqG =  7.0188195686E+01
           DelSqK = -7.8166411323E+02
           Stress_EigVals = -1.6292400830E+00 -1.6280933523E+00 -1.4758578643E+00
           Stress_EigVec1 =  4.9953878940E-01  6.6505540330E-01  5.5512368751E-01
           Stress_EigVec2 = -2.4592164166E-01 -5.0557529668E-01  8.2699224032E-01
           Stress_EigVec3 =  8.3065248092E-01 -5.4963163113E-01 -8.9002955081E-02
           -DivStress =  6.6214991004E+00 -4.3710329856E+00 -7.0000204972E-01
           ESP =  -1.1210717162E+00     ESP at Nucleus =  -1.1235747035E+00
           ESPe = -1.3973188748E+01     ESPe at Nucleus = -1.3903014743E+01
           ESPn =  1.2852117032E+01     ESPn at Nucleus =  1.2779440040E+01

CP# 13     Coords = -8.55756947922441E-01 -5.68243653698709E-01  3.14482044318409E+00
           Type = (3,-3) NACP H13
           Rho =  4.2887381290E-01     Rho at Nucleus =  4.2527024776E-01
           GradRho = -5.0133508456E-16 -1.1666015376E-16 -2.1705727493E-15
           HessRho_EigVals = -6.5578802813E+00 -6.5495623736E+00 -5.9597925863E+00
           HessRho_EigVec1 = -2.1187750582E-01  9.1723755102E-01  3.3731765077E-01
           HessRho_EigVec2 =  7.4117601693E-01  3.7578181768E-01 -5.5627883065E-01
           HessRho_EigVec3 =  6.3699767225E-01 -1.3214878165E-01  7.5945418891E-01
           DelSqRho = -1.9067235241E+01
           Bond Ellipticity = NA
           V = -4.7761818658E+00
           G =  4.6865277518E-03
           K =  4.7714953381E+00
           L =  4.7668088103E+00
           Vnuc =  4.2015347924E+01
           Ven = -1.8019282464E+01
           Vrep =  1.3243100598E+01
           DelSqV =  7.1874675066E+02
           DelSqVen =  8.0111652260E+02
           DelSqVrep = -8.2369771939E+01
           DelSqG =  7.1001614509E+01
           DelSqK = -7.8974836517E+02
           Stress_EigVals = -1.6426137196E+00 -1.6416112560E+00 -1.4919568901E+00
           Stress_EigVec1 = -1.3283934105E-01  9.5117562526E-01  2.7860121927E-01
           Stress_EigVec2 =  7.5915698622E-01  2.7836121910E-01 -5.8838397494E-01
           Stress_EigVec3 =  6.3720827030E-01 -1.3334152246E-01  7.5906894196E-01
           -DivStress =  5.0019234226E+00 -1.0488098622E+00  5.9562448529E+00
           ESP =  -1.1167523094E+00     ESP at Nucleus =  -1.1191606401E+00
           ESPe = -1.4008165410E+01     ESPe at Nucleus = -1.3930691870E+01
           ESPn =  1.2891413101E+01     ESPn at Nucleus =  1.2811531230E+01

CP# 14     Coords = -4.43816884133360E+00 -4.89681782767851E+00 -2.47807810881481E+00
           Type = (3,-3) NACP H14
           Rho =  4.2573268514E-01     Rho at Nucleus =  4.2204862118E-01
           GradRho =  4.2895103702E-16  5.1400398694E-15  5.1221505336E-15
           HessRho_EigVals = -6.4840346163E+00 -6.4775561049E+00 -5.8844506284E+00
           HessRho_EigVec1 =  9.7126079994E-01 -1.2512122729E-01  2.0247749745E-01
           HessRho_EigVec2 = -2.3745126988E-01 -5.6801423244E-01  7.8802076507E-01
           HessRho_EigVec3 = -1.6411975049E-02  8.1345221754E-01  5.8140015209E-01
           DelSqRho = -1.8846041350E+01
           Bond Ellipticity = NA
           V = -4.7208046718E+00
           G =  4.6471672142E-03
           K =  4.7161575046E+00
           L =  4.7115103374E+00
           Vnuc =  3.9174475117E+01
           Ven = -1.6677854480E+01
           Vrep =  1.1957049809E+01
           DelSqV =  7.0968348882E+02
           DelSqVen =  7.3828377790E+02
           DelSqVrep = -2.8600289082E+01
           DelSqG =  6.9861074228E+01
           DelSqK = -7.7954456305E+02
           Stress_EigVals = -1.6242907521E+00 -1.6237940108E+00 -1.4727199089E+00
           Stress_EigVec1 =  9.7736932477E-01 -1.1085795548E-01  1.8016580339E-01
           Stress_EigVec2 = -2.1100682711E-01 -5.7133605702E-01  7.9312749849E-01
           Stress_EigVec3 = -1.5010726803E-02  8.1319470218E-01  5.8179812171E-01
           -DivStress =  1.4136267532E-01 -6.4203597676E+00 -4.5884820454E+00
           ESP =  -1.1150572194E+00     ESP at Nucleus =  -1.1175183140E+00
           ESPe = -1.1655576976E+01     ESPe at Nucleus = -1.1576586386E+01
           ESPn =  1.0540519756E+01     ESPn at Nucleus =  1.0459068072E+01

CP# 15     Coords = -6.24410817053400E+00 -2.31567953372708E+00 -1.11617102436008E+00
           Type = (3,-3) NACP H15
           Rho =  4.2630520743E-01     Rho at Nucleus =  4.2260607678E-01
           GradRho =  1.4084380933E-11 -7.4441784117E-12 -1.5263017629E-12
           HessRho_EigVals = -6.4877396105E+00 -6.4810990115E+00 -5.8871263479E+00
           HessRho_EigVec1 =  4.1876174667E-01  6.6601129153E-01  6.1730669775E-01
           HessRho_EigVec2 =  2.2357353374E-01  5.8324230902E-01 -7.8092463400E-01
           HessRho_EigVec3 =  8.8014400784E-01 -4.6503480356E-01 -9.5337070098E-02
           DelSqRho = -1.8855964970E+01
           Bond Ellipticity = NA
           V = -4.7235141165E+00
           G =  4.7614370187E-03
           K =  4.7187526795E+00
           L =  4.7139912425E+00
           Vnuc =  4.0019481515E+01
           Ven = -1.7060513368E+01
           Vrep =  1.2336999252E+01
           DelSqV =  7.0992840626E+02
           DelSqVen =  7.5460594158E+02
           DelSqVrep = -4.4677535319E+01
           DelSqG =  6.9845650368E+01
           DelSqK = -7.7977405663E+02
           Stress_EigVals = -1.6252921001E+00 -1.6247392615E+00 -1.4734827549E+00
           Stress_EigVec1 =  4.3553390408E-01  7.1605562423E-01  5.4550395178E-01
           Stress_EigVec2 = -1.8517556210E-01 -5.2176972917E-01  8.3274627644E-01
           Stress_EigVec3 =  8.8092010398E-01 -4.6370323778E-01 -9.4652404467E-02
           -DivStress = -6.9622793994E+00  3.6777895505E+00  7.5392084787E-01
           ESP =  -1.1149896865E+00     ESP at Nucleus =  -1.1174437158E+00
           ESPe = -1.2551114726E+01     ESPe at Nucleus = -1.2482016794E+01
           ESPn =  1.1436125040E+01     ESPn at Nucleus =  1.1364573078E+01

CP# 16     Coords = -5.04263459041967E+00  2.88858200384130E+00 -5.94469523868572E-01
           Type = (3,-3) NACP C16
           Rho =  1.1750825124E+02     Rho at Nucleus =  1.1750825117E+02
           GradRho =  5.5425070783E-11  1.4841048529E-11  2.1090759044E-10
           HessRho_EigVals = -1.4479576909E+05 -1.4479555546E+05 -1.4479535687E+05
           HessRho_EigVec1 =  6.1145218093E-01 -4.0723721410E-01  6.7844239394E-01
           HessRho_EigVec2 = -7.8793081825E-01 -3.9217356944E-01  4.7472614956E-01
           HessRho_EigVec3 = -7.2741020686E-02  8.2483801009E-01  5.6067013567E-01
           DelSqRho = -4.3438668141E+05
           Bond Ellipticity = NA
