AIMSum (Version 19.02.13, Professional)
Copyright (c) 1997-2019 by Todd A. Keith
AIMSum is a component of the AIMAll package ( http://aim.tkgristmill.com )

TP:  64-bit Linux

Much of the Quantum Theory of Atoms in Molecules (QTAIM) is described in the book:
  "Atoms in Molecules - A Quantum Theory"
  R.F.W. Bader, Oxford University Press, Oxford, 1990

For additional references see:  http://aim.tkgristmill.com/references.html

Wfn File:  /home/mhennefarth/Documents/ML_Diels/summary-James2013/23-opt/23-opt.wfn
Sum File:  /home/mhennefarth/Documents/ML_Diels/summary-James2013/23-opt/23-opt.sum

SumViz File:  /home/mhennefarth/Documents/ML_Diels/summary-James2013/23-opt/23-opt.sumviz

Wfn Title:   Title Card Required                                                           
 
Total memory allocated for AIMSum =        0.961 Megabytes

Atomic units (a.u.) used throughout, except where stated otherwise

Model:  Restricted SCF
 
Restricted, closed-shell, single-determinant wavefunction.
  Number of electrons (from MO Occs)                   =          66.0000000000
  Number of Alpha electrons (from MO Occs)             =          33.0000000000
  Number of Beta electrons (from MO Occs)              =          33.0000000000
  Number of electron pairs (N*(N-1)/2)                 =        2145.0000000000
  Number of electron pairs (from Muller 2EDM)          =        2145.0000000000
 
Nuclear Charges and Cartesian Coordinates:
-------------------------------------------------------------------------------
Atom      Charge                X                  Y                  Z
-------------------------------------------------------------------------------
C1         6.0          -4.8040496400E+00   1.4754740100E+00  -9.3953351000E-01
C2         6.0          -5.0026829400E+00  -9.8352653000E-01  -1.5609370200E+00
C3         6.0          -3.0490508400E+00   2.6989673900E+00   8.2436185000E-01
C4         6.0          -1.9903850600E+00   1.7224757400E+00   2.9149115900E+00
C5         6.0           4.3631687800E+00   1.0225307000E+00  -5.8970429000E-01
H6         1.0           2.6022890000E+00   2.0755385000E+00  -4.6980260000E-01
C7         6.0           6.4276571200E+00   1.9909499700E+00  -1.6842581500E+00
H8         1.0           6.3945026500E+00   3.8757697600E+00  -2.4925780500E+00
H9         1.0          -2.6449793100E+00   4.6754018600E+00   3.9071634000E-01
H10        1.0          -6.0756644100E+00   2.7793351600E+00  -1.9028995000E+00
H11        1.0          -7.3774874000E-01   2.8512424700E+00   4.0874805700E+00
H12        1.0          -2.3793306900E+00  -1.8180143000E-01   3.5681853600E+00
C13        6.0          -3.4288781000E+00  -3.1594051200E+00  -6.4808489000E-01
H14        1.0          -1.5787434600E+00  -2.5635912500E+00   5.5345750000E-02
H15        1.0          -4.3746937300E+00  -4.1808137600E+00   8.9519985000E-01
H16        1.0          -3.1355658300E+00  -4.5341903800E+00  -2.1699535700E+00
H17        1.0          -6.4690533100E+00  -1.4697992400E+00  -2.9236683700E+00
H18        1.0           8.1871598900E+00   9.4298917000E-01  -1.8042340000E+00
C19        6.0           4.3014716500E+00  -1.4506690500E+00   5.0362009000E-01
N20        7.0           4.1869031600E+00  -3.4529805000E+00   1.4062791600E+00
 
Some Atomic Properties:
----------------------
  q(A) = Net Charge of Atom A
  L(A) = Lagrangian of Atom A = -(1/4) Times Atomic Integral of the Laplacian of the Electron Density
  K(A) = Electronic Kinetic Energy of Atom A (Hamiltonian Form)
  K_Scaled(A) = K(A) * E(Mol)/K(Mol) = Approximation to Virial-Based Total Energy of Atom A.
  |Mu_Intra(A)| = Magnitude of Intraatomic Dipole Moment of Atom A
--------------------------------------------------------------------------------------------------
Atom A          q(A)              L(A)              K(A)          K_Scaled(A)      |Mu_Intra(A)|
--------------------------------------------------------------------------------------------------
C1       -4.0881882400E-02 -3.9013433310E-05  3.7702943924E+01 -3.8083642237E+01  7.0661551235E-02
C2       -4.1367834700E-02 -2.2154466304E-05  3.7697971482E+01 -3.8078619586E+01  5.1536151503E-02
C3       -4.0724081300E-02 -1.8201614912E-04  3.7700322138E+01 -3.8080993978E+01  6.5858700186E-02
C4       -9.7783133800E-02  1.0791223231E-06  3.7706329969E+01 -3.8087062472E+01  1.1416137224E-01
C5        5.1263500000E-02 -8.1112427693E-05  3.7649590882E+01 -3.8029750472E+01  2.9373141797E-01
H6        1.0132143511E-01  2.9391003098E-05  5.7222663103E-01 -5.7800458072E-01  1.3795415644E-01
C7       -3.4801381100E-02 -2.3727407277E-04  3.7688091806E+01 -3.8068640152E+01  1.5695330492E-01
H8        6.9235691230E-02  1.6785406653E-05  5.8477015797E-01 -5.9067476353E-01  1.4213786633E-01
H9        2.4854592090E-02  2.2072482941E-05  6.0638401293E-01 -6.1250686029E-01  1.5349474457E-01
H10       2.5751763990E-02  2.2180407208E-05  6.0682292159E-01 -6.1295020074E-01  1.5391096770E-01
H11       3.9481737460E-02  2.3689895458E-05  5.9608394294E-01 -6.0210278730E-01  1.4852529866E-01
H12       5.1633435160E-02  2.6020872875E-05  5.9356861299E-01 -5.9956205928E-01  1.4103010843E-01
C13      -2.3929177400E-02 -9.1245193088E-05  3.7685182895E+01 -3.8065701870E+01  1.0012938877E-01
H14       3.8175590430E-02 -2.3540649659E-05  5.9763149443E-01 -6.0366596489E-01  1.4071228345E-01
H15       2.6819435990E-02  2.2634839805E-05  5.9772024166E-01 -6.0375560823E-01  1.5235071360E-01
H16       1.9411340760E-02  2.3087057392E-05  6.0368954670E-01 -6.0978518719E-01  1.5280911900E-01
H17       2.7579352200E-02  2.5118752726E-05  6.0663411712E-01 -6.1275948986E-01  1.5295990207E-01
H18       7.6036717770E-02  2.5807147674E-05  5.8159152509E-01 -5.8746403501E-01  1.4163836960E-01
C19       9.6758010080E-01  5.1163981081E-05  3.7141760829E+01 -3.7516792702E+01  1.0328133540E+00
N20      -1.2398922672E+00  1.5774825967E-05  5.4958496881E+01 -5.5513429861E+01  6.8642918503E-01
--------------------------------------------------------------------------------------------------
Total    -2.3506491000E-04 -3.7155059674E-04  3.6247781401E+02 -3.6613786487E+02
 
1st Largest |L(A)| = 2.3727407277E-04, atom C7      
2nd Largest |L(A)| = 1.8201614912E-04, atom C3      
 
Molecular charge q(Mol) from the wfn file:   0.0000000000E+00
Molecular energy E(Mol) from the wfn file:  -3.6613799850E+02
Molecular virial ratio (-V(Mol)/T(Mol)) from the wfn file:   2.0100973100E+00
Note.  K_Scaled(A) = (1+V(Mol)/T(Mol))*K(A) = (E(Mol)/T(Mol))*K(A)
       Only use K_Scaled(A) data with caution.
 
N_AIMInt(SumA)     =         66.000235
N_Analytic(Mol)    =         65.999990
 
G_AIMInt(SumA)     =        362.478186
G_Analytic(Mol)    =        362.477924
 
K_AIMInt(SumA)     =        362.477814
K_Analytic(Mol)    =        362.477924
 
L_AIMInt(SumA)     =         -0.000372
L_Analytic(Mol)    =          0.000000
 
VenT_AIMInt(SumA)  =      -1576.083007
VenT_Analytic(Mol) =      -1576.080223
 
Some Information About the Atomic Calculations:
----------------------------------------------
  Time(sec) = "Elapsed User Time", in Seconds, for Atom A by AIMInt and, if used, by TWOe
  NProc = Number of Processors Used for AIMInt Job
  BIM = Basin Integration Method
  OAQ = Angular Quadrature Outside of Beta Sphere
  ORQ = Multiple of Default for Radial Quadrature Outside of Beta Sphere
  IAQ = Multiple of Default for Angular Quadrature Inside of Beta Sphere
  IRQ = Multiple of Default for Radial Quadrature Inside of Beta Sphere
  MIR = Maximum Integration Radius
------------------------------------------------------------------------------------------------------
Atom A     Time(sec)   NProc      BIM          OAQ                     ORQ      IAQ      IRQ      MIR
------------------------------------------------------------------------------------------------------
C1             20        8     Proaim(5)    4500(GS4)                  1.00     1.00     1.00    13.00
C2             20        8     Proaim(5)    4500(GS4)                  1.00     1.00     1.00    13.00
C3             23        8     Proaim(5)    4500(GS4)                  1.00     1.00     1.00    13.00
C4             34        8     Proaim(5)    4500(GS4)                  1.00     1.00     1.00    13.00
C5             21        8     Proaim(5)    4500(GS4)                  1.00     1.00     1.00    13.00
H6             16        8     Proaim(5)    4500(GS4)                  1.00     1.00     1.00    13.00
C7             16        8     Proaim(5)    4500(GS4)                  1.00     1.00     1.00    13.00
H8              5        8     Proaim(5)    1800(GS4)                  1.00     1.00     1.00    13.00
H9              6        8     Proaim(5)    1800(GS4)                  1.00     1.00     1.00    13.00
H10             4        8     Proaim(5)    1800(GS4)                  1.00     1.00     1.00    13.00
H11             5        8     Proaim(5)    1800(GS4)                  1.00     1.00     1.00    13.00
H12            16        8     Proaim(5)    4500(GS4)                  1.00     1.00     1.00    13.00
C13            23        8     Proaim(5)    4500(GS4)                  1.00     1.00     1.00    13.00
H14            19        8     Proaim(5)    4500(GS4)                  1.00     1.00     1.00    13.00
H15             5        8     Proaim(5)    1800(GS4)                  1.00     1.00     1.00    13.00
H16             5        8     Proaim(5)    1800(GS4)                  1.00     1.00     1.00    13.00
H17             4        8     Proaim(5)    1800(GS4)                  1.00     1.00     1.00    13.00
H18             5        8     Proaim(5)    1800(GS4)                  1.00     1.00     1.00    13.00
C19            15        8     Proaim(5)    4500(GS4)                  1.00     1.00     1.00    13.00
N20            17        8     Proaim(5)    4500(GS4)                  1.00     1.00     1.00    13.00
------------------------------------------------------------------------------------------------------
Total         279
Note:  Total wall clock time is less than total of atomic times if more than one atom
       was calculated at a time
 
Electron Density Critical Point Analysis of Molecular Structure:               
---------------------------------------------------------------                
  NACP = Nuclear Attractor Critical Point                                      
  NNACP = Non-Nuclear Attractor Critical Point                                 
  BCP = Bond Critical Point                                                    
  RCP = Ring Critical Point                                                    
  CCP = Cage Critical Point                                                    
  Rho = Electron Density                                                       
  GradRho = Gradient of Electron Density                                       
  HessRho_EigVals = Eigenvalues of the Hessian of Rho, Ascending Order         
  HessRho_EigVecs = Eigenvectors of the Hessian of Rho                         
  DelSqRho = Laplacian of Rho = Trace of Hessian of Rho                        
  Bond Ellipticity = (HessRho_EigVal(1) / HessRho_EigVal(2)) - 1               
  V = Virial Field = Potential Energy Density = Trace of Stress Tensor         
  G = Lagrangian Form of Kinetic Energy Density                                
  K = Hamiltonian Form of Kinetic Energy Density                               
  L = K - G = Lagrangian Density = (-1/4)DelSqRho                              
  Vnuc = Electrostatic Potential from Nuclei                                   
  Ven = Electron-nuclear attractive contribution to Virial Field V             
  Vrep = V - Ven = Repulsive contribution to Virial Field V                    
  DelSqV = Laplacian of V                                                      
  DelSqVen = Laplacian of Ven                                                  
  DelSqVrep = Laplacian of Vrep                                                
  DelSqG = Laplacian of G                                                      
  DelSqK = Laplacian of K                                                      
  Stress_EigVals = Eigenvalues of Stress Tensor, Ascending Order               
  Stress_EigVecs = Eigenvectors of Stress Tensor                               
  -DivStress = Ehrenfest Force Density = Minus Divergence of Stress Tensor     
  ESP = Total Electrostatic Potential                                          
  ESPe = Electrostatic Potential from Electrons                                
  ESPn = Electrostatic Potential from Nuclei                                   
  BP = Bond Path                                                               
  BPL = Bond Path Length                                                       
  GBL = Geometric Bond Length                                                  
  GBL_I = Distance Between Nuclear Attractors                                  
  GBL_II = Distance Between Nuclei                                             
  GBL_III = Sum of Distances Between BCP and Nuclear Attractors                
  GBL_IV = Sum of Distances Between BCP and Nuclei                             

CP# 1      Coords = -4.80404893737716E+00  1.47547533807109E+00 -9.39532710212713E-01
           Type = (3,-3) NACP C1
           Rho =  1.1764413348E+02     Rho at Nucleus =  1.1764413327E+02
           GradRho =  4.2939989325E-10  8.6533569801E-10  5.1590234602E-10
           HessRho_EigVals = -1.4495765660E+05 -1.4495707133E+05 -1.4495675298E+05
           HessRho_EigVec1 =  7.0894918701E-01  1.1496752627E-01 -6.9582578146E-01
           HessRho_EigVec2 =  6.8205470575E-01  1.3923682241E-01  7.1792373248E-01
           HessRho_EigVec3 = -1.7942248633E-01  9.8356269510E-01 -2.0297689750E-02
           DelSqRho = -4.3487148091E+05
           Bond Ellipticity = NA
           V = -1.0872812450E+05
           G =  5.1271375404E+00
           K =  1.0872299736E+05
           L =  1.0871787023E+05
           Vnuc =  3.5250890009E+06
           Ven = -4.1470604095E+08
           Vrep =  4.1459731283E+08
           DelSqV =  2.4944460683E+09
           DelSqVen =  1.5329608172E+12
           DelSqVrep = -1.5304663711E+12
           DelSqG =  1.3398209985E+08
           DelSqK = -2.6284281682E+09
           Stress_EigVals = -3.6242946642E+04 -3.6242791808E+04 -3.6242386053E+04
           Stress_EigVec1 = -9.7165313879E-02  9.9251040577E-01  7.4040503908E-02
           Stress_EigVec2 =  7.2158026612E-01  1.9013793299E-02  6.9206964621E-01
           Stress_EigVec3 = -6.8547853454E-01 -1.2067133091E-01  7.1802340392E-01
           -DivStress = -5.7222321856E+02 -1.0777900609E+03 -6.5123878441E+02
           ESP =  -1.4741431979E+01     ESP at Nucleus =  -1.4741431998E+01
           ESPe = -2.6364690896E+01     ESPe at Nucleus = -2.6364690986E+01
           ESPn =  1.1623258917E+01     ESPn at Nucleus =  1.1623258988E+01

CP# 2      Coords = -5.00268257939910E+00 -9.83527940442589E-01 -1.56093697372734E+00
           Type = (3,-3) NACP C2
           Rho =  1.1767145996E+02     Rho at Nucleus =  1.1767145980E+02
           GradRho =  2.2881832540E-10 -6.5821835829E-10  2.9683602798E-11
           HessRho_EigVals = -1.4499313367E+05 -1.4499214621E+05 -1.4499187796E+05
           HessRho_EigVec1 = -6.5550052493E-01 -1.5830674207E-01  7.3841589720E-01
           HessRho_EigVec2 =  6.9450559648E-01 -5.1040711161E-01  5.0709620081E-01
           HessRho_EigVec3 =  2.9661597779E-01  8.4523579895E-01  4.4451704792E-01
           DelSqRho = -4.3497715784E+05
           Bond Ellipticity = NA
           V = -1.0875443188E+05
           G =  5.0712122405E+00
           K =  1.0874936067E+05
           L =  1.0874428946E+05
           Vnuc =  4.1193494269E+06
           Ven = -4.8472986115E+08
           Vrep =  4.8462110672E+08
           DelSqV =  2.4950496832E+09
           DelSqVen =  1.7918228890E+12
           DelSqVrep = -1.7893278393E+12
           DelSqG =  1.3401606640E+08
           DelSqK = -2.6290657496E+09
           Stress_EigVals = -3.6251742978E+04 -3.6251591857E+04 -3.6251097049E+04
           Stress_EigVec1 =  2.5347019242E-01  8.7996455587E-01  4.0176515773E-01
           Stress_EigVec2 =  7.1576902325E-01 -4.4999318243E-01  5.3402325897E-01
           Stress_EigVec3 = -6.5071312182E-01 -1.5221207631E-01  7.4391122919E-01
           -DivStress = -2.9528659055E+02  1.1477802721E+03 -3.8931878483E+01
           ESP =  -1.4736261312E+01     ESP at Nucleus =  -1.4736261327E+01
           ESPe = -2.6119045134E+01     ESPe at Nucleus = -2.6119045546E+01
           ESPn =  1.1382783822E+01     ESPn at Nucleus =  1.1382784219E+01

CP# 3      Coords = -3.04905140868872E+00  2.69896749723203E+00  8.24360657723504E-01
           Type = (3,-3) NACP C3
           Rho =  1.1766550465E+02     Rho at Nucleus =  1.1766550452E+02
           GradRho = -2.3990833625E-10  7.5654045528E-11 -4.8014950349E-10
           HessRho_EigVals = -1.4498445173E+05 -1.4498343972E+05 -1.4498314077E+05
           HessRho_EigVec1 =  8.0231187173E-01 -2.7078057882E-01 -5.3195257177E-01
           HessRho_EigVec2 =  5.1184618110E-01  7.7059699753E-01  3.7972852710E-01
           HessRho_EigVec3 =  3.0709794427E-01 -5.7693859771E-01  7.5685712462E-01
           DelSqRho = -4.3495103222E+05
           Bond Ellipticity = NA
           V = -1.0874794943E+05
           G =  5.0956869068E+00
           K =  1.0874285374E+05
           L =  1.0873775805E+05
           Vnuc =  4.5272773882E+06
           Ven = -5.3270437856E+08
           Vrep =  5.3259563061E+08
           DelSqV =  2.4948997884E+09
           DelSqVen =  1.9691440701E+12
           DelSqVrep = -1.9666491704E+12
           DelSqG =  1.3400664334E+08
           DelSqK = -2.6289064317E+09
           Stress_EigVals = -3.6249587114E+04 -3.6249437113E+04 -3.6248925201E+04
           Stress_EigVec1 =  3.5200377903E-01 -5.0715784597E-01  7.8669197201E-01
           Stress_EigVec2 =  4.9324062366E-01  8.1482296275E-01  3.0459354317E-01
           Stress_EigVec3 =  7.9549168865E-01 -2.8081036064E-01 -5.3697161437E-01
           -DivStress =  4.6405769676E+02 -8.4434350670E+01  9.6622686976E+02
           ESP =  -1.4731433013E+01     ESP at Nucleus =  -1.4731433028E+01
           ESPe = -2.6520171715E+01     ESPe at Nucleus = -2.6520171975E+01
           ESPn =  1.1788738702E+01     ESPn at Nucleus =  1.1788738947E+01

CP# 4      Coords = -1.99038442096489E+00  1.72247563225198E+00  2.91491210309454E+00
           Type = (3,-3) NACP C4
           Rho =  1.1768344643E+02     Rho at Nucleus =  1.1768344638E+02
           GradRho =  9.0098845051E-11 -2.7719729290E-11  5.3445789461E-11
           HessRho_EigVals = -1.4501468020E+05 -1.4501371850E+05 -1.4501358836E+05
           HessRho_EigVec1 =  7.7098081395E-01 -3.2209222848E-01 -5.4940438738E-01
           HessRho_EigVec2 = -5.3662714592E-01 -7.9312232536E-01 -2.8807687043E-01
           HessRho_EigVec3 =  3.4295756411E-01 -5.1692704840E-01  7.8432552926E-01
           DelSqRho = -4.3504198707E+05
           Bond Ellipticity = NA
           V = -1.0877073720E+05
           G =  5.1202178426E+00
           K =  1.0876561698E+05
           L =  1.0876049677E+05
           Vnuc =  7.2587993114E+06
           Ven = -8.5424051991E+08
           Vrep =  8.5413174917E+08
           DelSqV =  2.4954290094E+09
           DelSqVen =  3.1578822738E+12
           DelSqVrep = -3.1553868448E+12
           DelSqG =  1.3404318681E+08
           DelSqK = -2.6294721962E+09
           Stress_EigVals = -3.6257151460E+04 -3.6257059632E+04 -3.6256526109E+04
           Stress_EigVec1 =  3.9025643720E-01 -4.1909429648E-01  8.1979258589E-01
           Stress_EigVec2 =  4.9407359501E-01  8.4666043011E-01  1.9762944822E-01
           Stress_EigVec3 =  7.7691131794E-01 -3.2791170573E-01 -5.3747810868E-01
           -DivStress = -5.1765188290E+02  8.6768523258E+01 -4.1957217030E+02
           ESP =  -1.4743372170E+01     ESP at Nucleus =  -1.4743372179E+01
           ESPe = -2.5767091104E+01     ESPe at Nucleus = -2.5767091901E+01
           ESPn =  1.1023718935E+01     ESPn at Nucleus =  1.1023719722E+01

CP# 5      Coords =  4.36316861873605E+00  1.02252684905699E+00 -5.89702566047383E-01
           Type = (3,-3) NACP C5
           Rho =  1.1760405808E+02     Rho at Nucleus =  1.1760405678E+02
           GradRho = -1.3462697970E-11 -5.0918800426E-12 -5.9396285633E-12
           HessRho_EigVals = -1.4490135866E+05 -1.4490131558E+05 -1.4490033955E+05
           HessRho_EigVec1 =  2.8642240002E-01  3.9557049375E-01  8.7263176268E-01
           HessRho_EigVec2 = -1.8810291230E-02  9.1293688655E-01 -4.0766703830E-01
           HessRho_EigVec3 =  9.5791877616E-01 -1.0035051392E-01 -2.6892637030E-01
           DelSqRho = -4.3470301379E+05
           Bond Ellipticity = NA
           V = -1.0868607798E+05
           G =  5.1622684175E+00
           K =  1.0868091572E+05
           L =  1.0867575345E+05
           Vnuc =  1.4210393890E+06
           Ven = -1.6711999883E+08
           Vrep =  1.6701131275E+08
           DelSqV =  2.4934774853E+09
           DelSqVen =  6.1773009920E+11
           DelSqVrep = -6.1523662171E+11
           DelSqG =  1.3392351606E+08
           DelSqK = -2.6274010014E+09
           Stress_EigVals = -3.6229008893E+04 -3.6228670886E+04 -3.6228398205E+04
           Stress_EigVec1 =  9.5346974315E-01 -2.5795350465E-02 -3.0038316995E-01
           Stress_EigVec2 = -9.1906850605E-02  9.2404129289E-01 -3.7108061099E-01
           Stress_EigVec3 =  2.8713860713E-01  3.8142140597E-01  8.7867464477E-01
           -DivStress =  1.2662413410E+02  3.1201562192E+03 -1.3950206310E+03
           ESP =  -1.4685996161E+01     ESP at Nucleus =  -1.4685996243E+01
           ESPe = -2.6163011422E+01     ESPe at Nucleus = -2.6163009373E+01
           ESPn =  1.1477015261E+01     ESPn at Nucleus =  1.1477013129E+01

CP# 6      Coords =  2.63357272526794E+00  2.05682026146170E+00 -4.71926259909397E-01
           Type = (3,-3) NACP H6
           Rho =  4.1877581763E-01     Rho at Nucleus =  4.1482663281E-01
           GradRho =  1.1576391804E-10 -6.9393506620E-11 -7.8024733484E-12
           HessRho_EigVals = -6.3796258488E+00 -6.3716476619E+00 -5.7543933787E+00
           HessRho_EigVec1 =  4.3044443827E-01  7.6713318521E-01 -4.7563038350E-01
           HessRho_EigVec2 =  2.8844428577E-01  3.8240768290E-01  8.7781789573E-01
           HessRho_EigVec3 =  8.5528795126E-01 -5.1504469729E-01 -5.6669923447E-02
           DelSqRho = -1.8505666889E+01
           Bond Ellipticity = NA
           V = -4.6354108842E+00
           G =  4.4970809430E-03
           K =  4.6309138033E+00
           L =  4.6264167223E+00
           Vnuc =  4.0332892916E+01
           Ven = -1.6890440208E+01
           Vrep =  1.2255029324E+01
           DelSqV =  6.9553224001E+02
           DelSqVen =  7.4638708119E+02
           DelSqVrep = -5.0854841176E+01
           DelSqG =  6.8502920139E+01
           DelSqK = -7.6403516015E+02
           Stress_EigVals = -1.5978458063E+00 -1.5970210000E+00 -1.4405440779E+00
           Stress_EigVec1 =  4.2811987804E-01  7.6510267768E-01 -4.8096908699E-01
           Stress_EigVec2 =  2.9102555327E-01  3.8713773505E-01  8.7488770791E-01
           Stress_EigVec3 =  8.5558021095E-01 -5.1453111345E-01 -5.6923070165E-02
           -DivStress = -6.9446301874E+00  4.1534509006E+00  4.7230939021E-01
           ESP =  -1.0658873830E+00     ESP at Nucleus =  -1.0685430699E+00
           ESPe = -1.4014916825E+01     ESPe at Nucleus = -1.3955482619E+01
           ESPn =  1.2949029442E+01     ESPn at Nucleus =  1.2886939549E+01

CP# 7      Coords =  6.42765713944473E+00  1.99095017922769E+00 -1.68425824359511E+00
           Type = (3,-3) NACP C7
           Rho =  1.1769453979E+02     Rho at Nucleus =  1.1769453978E+02
           GradRho =  2.1434134849E-11 -8.6680749384E-13  8.0840939682E-12
           HessRho_EigVals = -1.4502358499E+05 -1.4502207418E+05 -1.4502206803E+05
           HessRho_EigVec1 =  2.8624305176E-01  3.8126135730E-01  8.7903622948E-01
           HessRho_EigVec2 =  2.2322753430E-01  8.6564295314E-01 -4.4814255055E-01
           HessRho_EigVec3 =  9.3179095470E-01 -3.2450278136E-01 -1.6267624792E-01
           DelSqRho = -4.3506772720E+05
           Bond Ellipticity = NA
           V = -1.0877714766E+05
           G =  5.1079290313E+00
           K =  1.0877203973E+05
           L =  1.0876693180E+05
           Vnuc =  2.6083423734E+07
           Ven = -3.0698765525E+09
           Vrep =  3.0697677754E+09
           DelSqV =  2.4955701567E+09
           DelSqVen =  1.1348108902E+13
           DelSqVrep = -1.1345613332E+13
           DelSqG =  1.3404597138E+08
           DelSqK = -2.6296161280E+09
           Stress_EigVals = -3.6259309804E+04 -3.6259258782E+04 -3.6258579073E+04
           Stress_EigVec1 =  8.1172094532E-01  3.9055611777E-01 -4.3425226055E-01
           Stress_EigVec2 =  5.0886699723E-01 -8.3784673545E-01  1.9765431191E-01
           Stress_EigVec3 =  2.8664173815E-01  3.8141678878E-01  8.7883886304E-01
           -DivStress = -1.5828097072E+01 -1.7104653959E+02  7.6604572177E+01
           ESP =  -1.4702224380E+01     ESP at Nucleus =  -1.4702224381E+01
           ESPe = -2.4202046185E+01     ESPe at Nucleus = -2.4202046399E+01
           ESPn =  9.4998218050E+00     ESPn at Nucleus =  9.4998220179E+00

CP# 8      Coords =  6.39506823269558E+00  3.84279056619136E+00 -2.47842494262105E+00
           Type = (3,-3) NACP H8
           Rho =  4.2375905865E-01     Rho at Nucleus =  4.1989655568E-01
           GradRho =  4.1352867850E-11 -2.3784730734E-09  1.0205399782E-09
           HessRho_EigVals = -6.4485535912E+00 -6.4429149125E+00 -5.8320078992E+00
           HessRho_EigVec1 =  9.5761961378E-01 -9.9562436951E-02 -2.7028132833E-01
           HessRho_EigVec2 =  2.8760441588E-01  3.8185727652E-01  8.7833292113E-01
           HessRho_EigVec3 = -1.5759925849E-02  9.1884293626E-01 -3.9430861418E-01
           DelSqRho = -1.8723476403E+01
           Bond Ellipticity = NA
           V = -4.6896021133E+00
           G =  4.3665063034E-03
           K =  4.6852356070E+00
           L =  4.6808691007E+00
           Vnuc =  3.7982327576E+01
           Ven = -1.6095355379E+01
           Vrep =  1.1405753266E+01
           DelSqV =  7.0414143603E+02
           DelSqVen =  7.1116121811E+02
           DelSqVrep = -7.0197820741E+00
           DelSqG =  6.9275038876E+01
           DelSqK = -7.7341647491E+02
           Stress_EigVals = -1.6154059610E+00 -1.6147097894E+00 -1.4594863630E+00
           Stress_EigVec1 =  9.5794870570E-01 -1.0067379037E-01 -2.6869883733E-01
           Stress_EigVec2 =  2.8658894491E-01  3.8196370884E-01  8.7861851892E-01
           Stress_EigVec3 = -1.4179347881E-02  9.1867758929E-01 -3.9475363587E-01
           -DivStress = -1.2538904778E-01  7.4049291634E+00 -3.1783769330E+00
           ESP =  -1.0717954403E+00     ESP at Nucleus =  -1.0743838265E+00
           ESPe = -1.1192997891E+01     ESPe at Nucleus = -1.1116760256E+01
           ESPn =  1.0121202450E+01     ESPn at Nucleus =  1.0042376429E+01

CP# 9      Coords = -2.65166961381585E+00  4.64283680305534E+00  3.97775372893975E-01
           Type = (3,-3) NACP H9
           Rho =  4.3012651493E-01     Rho at Nucleus =  4.2658243530E-01
           GradRho = -2.0993444353E-10 -1.0201743871E-09  2.2075082387E-10
           HessRho_EigVals = -6.5795820880E+00 -6.5714552776E+00 -5.9858047203E+00
           HessRho_EigVec1 =  6.0723810337E-01  4.5406631505E-02  7.9322135853E-01
           HessRho_EigVec2 =  7.6939425063E-01 -2.8269246341E-01 -5.7281537883E-01
           HessRho_EigVec3 =  1.9822808304E-01  9.5813527696E-01 -2.0659723654E-01
           DelSqRho = -1.9136842086E+01
           Bond Ellipticity = NA
           V = -4.7933744766E+00
           G =  4.5819775805E-03
           K =  4.7887924990E+00
           L =  4.7842105215E+00
           Vnuc =  4.1222351804E+01
           Ven = -1.7730826519E+01
           Vrep =  1.2937452042E+01
           DelSqV =  7.2166826329E+02
           DelSqVen =  7.8886563872E+02
           DelSqVrep = -6.7197375433E+01
           DelSqG =  7.1299363729E+01
           DelSqK = -7.9296762702E+02
           Stress_EigVals = -1.6480532046E+00 -1.6468350034E+00 -1.4984862686E+00
           Stress_EigVec1 =  5.3761867536E-01  7.1265549283E-02  8.4017104294E-01
           Stress_EigVec2 =  8.1975229723E-01 -2.7746658834E-01 -5.0101742838E-01
           Stress_EigVec3 =  1.9741411067E-01  9.5808846869E-01 -2.0759131742E-01
           -DivStress =  1.5347128340E+00  7.4704443637E+00 -1.6198946133E+00
           ESP =  -1.1077881986E+00     ESP at Nucleus =  -1.1101587551E+00
           ESPe = -1.2906576072E+01     ESPe at Nucleus = -1.2824896395E+01
           ESPn =  1.1798787873E+01     ESPn at Nucleus =  1.1714737640E+01

CP# 10     Coords = -6.05455184885247E+00  2.75796295583239E+00 -1.88690890281976E+00
           Type = (3,-3) NACP H10
           Rho =  4.3031583679E-01     Rho at Nucleus =  4.2676057786E-01
           GradRho =  3.0258639084E-10 -3.0627520379E-10  2.2915231344E-10
           HessRho_EigVals = -6.5826625087E+00 -6.5740093569E+00 -5.9880049141E+00
           HessRho_EigVec1 =  4.2933360872E-01  7.7259070822E-01  4.6773523493E-01
           HessRho_EigVec2 = -6.5663085146E-01 -8.8556234881E-02  7.4899513895E-01
           HessRho_EigVec3 = -6.2008755619E-01  6.2869817149E-01 -4.6928672667E-01
           DelSqRho = -1.9144676780E+01
           Bond Ellipticity = NA
           V = -4.7956675066E+00
           G =  4.7491558089E-03
           K =  4.7909183507E+00
           L =  4.7861691949E+00
           Vnuc =  4.0721526854E+01
           Ven = -1.7523117904E+01
           Vrep =  1.2727450397E+01
           DelSqV =  7.2195377489E+02
           DelSqVen =  7.7960047044E+02
           DelSqVrep = -5.7646695549E+01
           DelSqG =  7.1336161893E+01
           DelSqK = -7.9328993679E+02
           Stress_EigVals = -1.6487781585E+00 -1.6478903545E+00 -1.4989989936E+00
           Stress_EigVec1 =  3.6443728564E-01  7.5977259413E-01  5.3845247706E-01
           Stress_EigVec2 =  6.9517658675E-01  1.6275962878E-01 -7.0017056242E-01
           Stress_EigVec3 = -6.1960872982E-01  6.2948781438E-01 -4.6886044136E-01
           -DivStress = -4.8452186048E+00  4.9052178223E+00 -3.6697102987E+00
           ESP =  -1.1143720058E+00     ESP at Nucleus =  -1.1167535745E+00
           ESPe = -1.2452215038E+01     ESPe at Nucleus = -1.2366933868E+01
           ESPn =  1.1337843032E+01     ESPn at Nucleus =  1.1250180293E+01

CP# 11     Coords = -7.59004630756329E-01  2.83208868373457E+00  4.06753573884121E+00
           Type = (3,-3) NACP H11
           Rho =  4.2579995951E-01     Rho at Nucleus =  4.2212423567E-01
           GradRho = -2.5142504609E-10 -2.2661826728E-10 -2.3590591744E-10
           HessRho_EigVals = -6.4854934008E+00 -6.4790202636E+00 -5.8868967073E+00
           HessRho_EigVec1 =  1.0249704019E-01 -7.7007089661E-01  6.2967068452E-01
           HessRho_EigVec2 = -7.8615606741E-01  3.2512944273E-01  5.2559440936E-01
           HessRho_EigVec3 =  6.0946943683E-01  5.4889130040E-01  5.7207110215E-01
           DelSqRho = -1.8851410372E+01
           Bond Ellipticity = NA
           V = -4.7221850326E+00
           G =  4.6662198531E-03
           K =  4.7175188128E+00
           L =  4.7128525929E+00
           Vnuc =  4.0143329187E+01
           Ven = -1.7093027942E+01
           Vrep =  1.2370842910E+01
           DelSqV =  7.0992990119E+02
           DelSqVen =  7.5675837286E+02
           DelSqVrep = -4.6828471671E+01
           DelSqG =  6.9890927444E+01
           DelSqK = -7.7982082864E+02
           Stress_EigVals = -1.6246830891E+00 -1.6241603941E+00 -1.4733415495E+00
           Stress_EigVec1 =  8.8401456864E-02 -7.6534119520E-01  6.3752493077E-01
           Stress_EigVec2 = -7.8775596853E-01  3.3798616318E-01  5.1498144388E-01
           Stress_EigVec3 =  6.0961111905E-01  5.4773917920E-01  5.7302362525E-01
           -DivStress =  4.8054063355E+00  4.3288762938E+00  4.5095240318E+00
           ESP =  -1.1059164962E+00     ESP at Nucleus =  -1.1083725027E+00
           ESPe = -1.2577898432E+01     ESPe at Nucleus = -1.2500979275E+01
           ESPn =  1.1471981936E+01     ESPn at Nucleus =  1.1392606772E+01

CP# 12     Coords = -2.37256694881221E+00 -1.48860120497232E-01  3.55686523415467E+00
           Type = (3,-3) NACP H12
           Rho =  4.2523454266E-01     Rho at Nucleus =  4.2144465621E-01
           GradRho =  4.3650526894E-10  2.1242784048E-09 -7.2970356602E-10
           HessRho_EigVals = -6.4675247468E+00 -6.4610429565E+00 -5.8591150948E+00
           HessRho_EigVec1 =  5.9989139190E-01  1.4699102227E-01  7.8646294083E-01
           HessRho_EigVec2 =  7.7693319731E-01 -3.4176322435E-01 -5.2874635261E-01
           HessRho_EigVec3 =  1.9106314360E-01  9.2821955261E-01 -3.1922302126E-01
           DelSqRho = -1.8787682798E+01
           Bond Ellipticity = NA
           V = -4.7063652070E+00
           G =  4.7222537500E-03
           K =  4.7016429533E+00
           L =  4.6969206995E+00
           Vnuc =  4.0598668621E+01
           Ven = -1.7263956283E+01
           Vrep =  1.2557591076E+01
           DelSqV =  7.0688170514E+02
           DelSqVen =  7.6275491170E+02
           DelSqVrep = -5.5873206558E+01
           DelSqG =  6.9519341542E+01
           DelSqK = -7.7640104668E+02
           Stress_EigVals = -1.6202319947E+00 -1.6196940296E+00 -1.4664391827E+00
           Stress_EigVec1 =  5.1698039935E-01  1.8302030780E-01  8.3620262713E-01
           Stress_EigVec2 =  8.3458017929E-01 -3.2492190022E-01 -4.4486142010E-01
           Stress_EigVec3 =  1.9028187254E-01  9.2786277309E-01 -3.2072337503E-01
           -DivStress = -1.5232772878E+00 -7.4207067534E+00  2.5511731950E+00
           ESP =  -1.1083096407E+00     ESP at Nucleus =  -1.1108195470E+00
           ESPe = -1.3524244783E+01     ESPe at Nucleus = -1.3456984940E+01
           ESPn =  1.2415935143E+01     ESPn at Nucleus =  1.2346165393E+01

CP# 13     Coords = -3.42887907881922E+00 -3.15940453138153E+00 -6.48085288474134E-01
           Type = (3,-3) NACP C13
           Rho =  1.1751248720E+02     Rho at Nucleus =  1.1751248710E+02
           GradRho = -3.3976799672E-10  1.8535210151E-10 -1.3345666586E-10
           HessRho_EigVals = -1.4480265145E+05 -1.4480240982E+05 -1.4480220601E+05
           HessRho_EigVec1 = -4.8958598664E-01  8.2404292475E-01 -2.8505932692E-01
           HessRho_EigVec2 = -6.2742162405E-01 -1.0590396698E-01  7.7144439557E-01
           HessRho_EigVec3 =  6.0551438246E-01  5.5654075139E-01  5.6887144829E-01
           DelSqRho = -4.3440726727E+05
           Bond Ellipticity = NA
           V = -1.0861233217E+05
           G =  5.2576762012E+00
           K =  1.0860707449E+05
           L =  1.0860181682E+05
           Vnuc =  4.9599752175E+06
           Ven = -5.8285902428E+08
           Vrep =  5.8275041194E+08
           DelSqV =  2.4918076484E+09
           DelSqVen =  2.1546495836E+12
           DelSqVrep = -2.1521577104E+12
           DelSqG =  1.3384675519E+08
           DelSqK = -2.6256544036E+09
           Stress_EigVals = -3.6204176841E+04 -3.6204116715E+04 -3.6204038614E+04
           Stress_EigVec1 =  6.0823872843E-01  5.6886961727E-01  5.5356391482E-01
           Stress_EigVec2 = -6.0860683096E-01 -1.1346243907E-01  7.8531777023E-01
           Stress_EigVec3 = -5.0955213134E-01  8.1456346190E-01 -2.7720568533E-01
           -DivStress =  7.9462396028E+02 -4.7641469821E+02  3.2455069767E+02
           ESP =  -1.4745436239E+01     ESP at Nucleus =  -1.4745436243E+01
           ESPe = -2.5475287453E+01     ESPe at Nucleus = -2.5475286812E+01
           ESPn =  1.0729851214E+01     ESPn at Nucleus =  1.0729850569E+01

CP# 14     Coords = -1.60986693481943E+00 -2.57336892574348E+00  4.35462841896814E-02
           Type = (3,-3) NACP H14
           Rho =  4.2187691122E-01     Rho at Nucleus =  4.1828451914E-01
           GradRho = -5.0946112563E-11 -1.5996851521E-11 -1.9307860649E-11
           HessRho_EigVals = -6.3970809669E+00 -6.3949956263E+00 -5.8173133840E+00
           HessRho_EigVec1 = -2.3900647460E-01  9.5713442509E-01 -1.6361417239E-01
           HessRho_EigVec2 = -3.7132297551E-01  6.5600138639E-02  9.2618349676E-01
           HessRho_EigVec3 =  8.9721522109E-01  2.8211755372E-01  3.3972714482E-01
           DelSqRho = -1.8609389977E+01
           Bond Ellipticity = NA
           V = -4.6622654015E+00
           G =  4.9589536282E-03
           K =  4.6573064479E+00
           L =  4.6523474943E+00
           Vnuc =  4.2065024912E+01
           Ven = -1.7746262780E+01
           Vrep =  1.3083997379E+01
           DelSqV =  7.0059983482E+02
           DelSqVen =  7.8280445308E+02
           DelSqVrep = -8.2204618261E+01
           DelSqG =  6.8755139178E+01
           DelSqK = -7.6935497400E+02
           Stress_EigVals = -1.6030372459E+00 -1.6027772575E+00 -1.4564508982E+00
           Stress_EigVec1 = -2.4397398047E-01  9.5804647181E-01 -1.5041161758E-01
           Stress_EigVec2 = -3.6790405160E-01  5.2068303123E-02  9.2840481506E-01
           Stress_EigVec3 =  8.9728663518E-01  2.8184366173E-01  3.3976586743E-01
           -DivStress =  6.9417123753E+00  2.1809940501E+00  2.6316842272E+00
           ESP =  -1.1228107254E+00     ESP at Nucleus =  -1.1251275069E+00
           ESPe = -1.4362340998E+01     ESPe at Nucleus = -1.4319110062E+01
           ESPn =  1.3239530272E+01     ESPn at Nucleus =  1.3193982555E+01

CP# 15     Coords = -4.35963311019129E+00 -4.16431920689159E+00  8.70378205172565E-01
           Type = (3,-3) NACP H15
           Rho =  4.1926269913E-01     Rho at Nucleus =  4.1593521795E-01
           GradRho =  2.6247450394E-15  4.5709963592E-16  4.2500725161E-17
           HessRho_EigVals = -6.3808196115E+00 -6.3790786000E+00 -5.8272700421E+00
           HessRho_EigVec1 =  7.3199291858E-01 -6.8123794757E-01 -1.0061110611E-02
           HessRho_EigVec2 =  5.1123759375E-01  5.3944567250E-01  6.6905492238E-01
           HessRho_EigVec3 = -4.5035817955E-01 -4.9488708330E-01  7.4314486131E-01
           DelSqRho = -1.8587168254E+01
           Bond Ellipticity = NA
           V = -4.6566565775E+00
           G =  4.9322570310E-03
           K =  4.6517243204E+00
           L =  4.6467920634E+00
           Vnuc =  4.1265913272E+01
           Ven = -1.7301258181E+01
           Vrep =  1.2644601603E+01
           DelSqV =  7.0119081034E+02
           DelSqVen =  7.6701647313E+02
           DelSqVrep = -6.5825662795E+01
           DelSqG =  6.9010719451E+01
           DelSqK = -7.7020152979E+02
           Stress_EigVals = -1.5989590614E+00 -1.5988521616E+00 -1.4588453545E+00
           Stress_EigVec1 =  7.4304928393E-01 -6.6921521999E-01  5.3619946377E-03
           Stress_EigVec2 =  4.9460447243E-01  5.5453588900E-01  6.6922071371E-01
           Stress_EigVec3 = -4.5082610561E-01 -4.9461190558E-01  7.4304433606E-01
           -DivStress = -3.3560355418E+00 -3.6752172555E+00  5.5307398173E+00
           ESP =  -1.1153647136E+00     ESP at Nucleus =  -1.1175390549E+00
           ESPe = -1.2433729251E+01     ESPe at Nucleus = -1.2359324758E+01
           ESPn =  1.1318364538E+01     ESPn at Nucleus =  1.1241785703E+01

CP# 16     Coords = -3.14054180491949E+00 -4.51167893231755E+00 -2.14528670280276E+00
           Type = (3,-3) NACP H16
           Rho =  4.2360155020E-01     Rho at Nucleus =  4.2017239965E-01
           GradRho = -7.3530591338E-16 -6.8456525171E-16 -6.9041994344E-16
           HessRho_EigVals = -6.4375109522E+00 -6.4353978224E+00 -5.8705512227E+00
           HessRho_EigVec1 = -5.6225356172E-01  5.5092744315E-01 -6.1672512898E-01
           HessRho_EigVec2 =  8.1367273225E-01  5.0172960511E-01 -2.9360532719E-01
           HessRho_EigVec3 = -1.4767402322E-01  6.6689306169E-01  7.3037389543E-01
           DelSqRho = -1.8743459997E+01
           Bond Ellipticity = NA
