AIMSum (Version 19.02.13, Professional)
Copyright (c) 1997-2019 by Todd A. Keith
AIMSum is a component of the AIMAll package ( http://aim.tkgristmill.com )

TP:  64-bit Linux

Much of the Quantum Theory of Atoms in Molecules (QTAIM) is described in the book:
  "Atoms in Molecules - A Quantum Theory"
  R.F.W. Bader, Oxford University Press, Oxford, 1990

For additional references see:  http://aim.tkgristmill.com/references.html

Wfn File:  /home/mhennefarth/Documents/ML_Diels/summary-James2013/3-opt/3-opt.wfn
Sum File:  /home/mhennefarth/Documents/ML_Diels/summary-James2013/3-opt/3-opt.sum

SumViz File:  /home/mhennefarth/Documents/ML_Diels/summary-James2013/3-opt/3-opt.sumviz

Wfn Title:   Title Card Required                                                           
 
Total memory allocated for AIMSum =        0.820 Megabytes

Atomic units (a.u.) used throughout, except where stated otherwise

Model:  Restricted SCF
 
Restricted, closed-shell, single-determinant wavefunction.
  Number of electrons (from MO Occs)                   =          58.0000000000
  Number of Alpha electrons (from MO Occs)             =          29.0000000000
  Number of Beta electrons (from MO Occs)              =          29.0000000000
  Number of electron pairs (N*(N-1)/2)                 =        1653.0000000000
  Number of electron pairs (from Muller 2EDM)          =        1653.0000000000
 
Nuclear Charges and Cartesian Coordinates:
-------------------------------------------------------------------------------
Atom      Charge                X                  Y                  Z
-------------------------------------------------------------------------------
C1         6.0           3.3534839400E+00   3.1116653300E+00  -1.1275937800E+00
H2         1.0           4.3871493900E+00   3.7706303700E+00   5.2202721000E-01
H3         1.0           2.8218325000E+00   4.5310173200E+00  -2.5127866600E+00
C4         6.0           2.7751991300E+00   6.6522508000E-01  -1.4511527700E+00
C5         6.0           3.4698830400E+00  -1.4155211200E+00   2.5504637000E-01
C6         6.0           5.5554033800E+00  -1.5062650600E+00   1.6857240900E+00
H7         1.0           6.9663356700E+00  -1.2577960000E-02   1.6457062200E+00
H8         1.0           5.9342030100E+00  -3.0988484800E+00   2.9242311900E+00
C9         6.0          -5.2396330000E+00   5.0052775000E-01   6.7642921000E-01
H10        1.0          -7.2435074700E+00   2.7161335000E-01   1.0695603000E+00
C11        6.0          -4.0371971300E+00   2.6762180700E+00   1.1492742000E+00
H12        1.0          -5.0520550100E+00   4.2726592000E+00   1.9430641600E+00
H13        1.0          -2.0359102100E+00   2.9123460000E+00   7.5857477000E-01
C14        6.0          -3.9861481600E+00  -1.6580253900E+00  -3.6543582000E-01
N15        7.0          -2.9924834600E+00  -3.4292543500E+00  -1.2097182600E+00
H16        1.0           2.1638921300E+00  -3.0067618100E+00   2.7943639000E-01
H17        1.0           1.6594971000E+00   1.2175450000E-01  -3.0955348300E+00
 
Some Atomic Properties:
----------------------
  q(A) = Net Charge of Atom A
  L(A) = Lagrangian of Atom A = -(1/4) Times Atomic Integral of the Laplacian of the Electron Density
  K(A) = Electronic Kinetic Energy of Atom A (Hamiltonian Form)
  K_Scaled(A) = K(A) * E(Mol)/K(Mol) = Approximation to Virial-Based Total Energy of Atom A.
  |Mu_Intra(A)| = Magnitude of Intraatomic Dipole Moment of Atom A
--------------------------------------------------------------------------------------------------
Atom A          q(A)              L(A)              K(A)          K_Scaled(A)      |Mu_Intra(A)|
--------------------------------------------------------------------------------------------------
C1       -1.0495012340E-01 -4.8621465306E-05  3.7707520893E+01 -3.8087084798E+01  1.1091868749E-01
H2        3.9965594890E-02  2.4931657829E-05  5.9461514320E-01 -6.0060053923E-01  1.4927827736E-01
H3        3.9964746490E-02  1.9577876169E-05  5.9542004387E-01 -6.0141354203E-01  1.4881054242E-01
C4       -3.3329449700E-02  1.1678204749E-04  3.7704441246E+01 -3.8083974151E+01  7.7224540979E-02
C5       -2.9806148800E-02 -1.8134072869E-04  3.7704181814E+01 -3.8083712108E+01  1.0217744969E-01
C6       -9.0497716100E-02 -1.7641128682E-04  3.7705804808E+01 -3.8085351439E+01  1.0397520967E-01
H7        3.8089264330E-02  1.9503938695E-05  5.9561870520E-01 -6.0161420309E-01  1.4945335915E-01
H8        4.3033464650E-02  2.2642417066E-05  5.9454136196E-01 -6.0052601531E-01  1.4794216853E-01
C9        4.9177339300E-02  4.7201915158E-05  3.7646191309E+01 -3.8025137870E+01  2.8467264061E-01
H10       8.6338188160E-02  1.4218162102E-05  5.7939047941E-01 -5.8522262398E-01  1.4053150818E-01
C11      -3.3447523400E-02 -3.1615828183E-05  3.7691273996E+01 -3.8070674360E+01  1.8136000111E-01
H12       6.8702361870E-02  1.8716144583E-05  5.8502244936E-01 -5.9091128534E-01  1.4216370085E-01
H13       9.7338533230E-02  2.9122944334E-05  5.7158293012E-01 -5.7733648389E-01  1.3792246826E-01
C14       9.7137547170E-01  1.7874168793E-05  3.7139450222E+01 -3.7513295928E+01  1.0335985936E+00
N15      -1.2481348020E+00  2.7579028760E-05  5.4959740090E+01 -5.5512964834E+01  6.8300174165E-01
H16       6.0321269230E-02  3.6727037828E-06  5.9221478739E-01 -5.9817602144E-01  1.3950775040E-01
H17       4.5719368290E-02  2.4283989794E-05  5.9767848219E-01 -6.0369471380E-01  1.4678459043E-01
--------------------------------------------------------------------------------------------------
Total    -1.4016126000E-04 -5.1882314443E-05  3.2356468876E+02 -3.2682169092E+02
 
1st Largest |L(A)| = 1.8134072869E-04, atom C5      
2nd Largest |L(A)| = 1.7641128682E-04, atom C6      
 
Molecular charge q(Mol) from the wfn file:   0.0000000000E+00
Molecular energy E(Mol) from the wfn file:  -3.2682171661E+02
Molecular virial ratio (-V(Mol)/T(Mol)) from the wfn file:   2.0100660000E+00
Note.  K_Scaled(A) = (1+V(Mol)/T(Mol))*K(A) = (E(Mol)/T(Mol))*K(A)
       Only use K_Scaled(A) data with caution.
 
N_AIMInt(SumA)     =         58.000140
N_Analytic(Mol)    =         57.999991
 
G_AIMInt(SumA)     =        323.564741
G_Analytic(Mol)    =        323.564693
 
K_AIMInt(SumA)     =        323.564689
K_Analytic(Mol)    =        323.564693
 
L_AIMInt(SumA)     =         -0.000052
L_Analytic(Mol)    =          0.000000
 
VenT_AIMInt(SumA)  =      -1342.732711
VenT_Analytic(Mol) =      -1342.730976
 
Some Information About the Atomic Calculations:
----------------------------------------------
  Time(sec) = "Elapsed User Time", in Seconds, for Atom A by AIMInt and, if used, by TWOe
  NProc = Number of Processors Used for AIMInt Job
  BIM = Basin Integration Method
  OAQ = Angular Quadrature Outside of Beta Sphere
  ORQ = Multiple of Default for Radial Quadrature Outside of Beta Sphere
  IAQ = Multiple of Default for Angular Quadrature Inside of Beta Sphere
  IRQ = Multiple of Default for Radial Quadrature Inside of Beta Sphere
  MIR = Maximum Integration Radius
------------------------------------------------------------------------------------------------------
Atom A     Time(sec)   NProc      BIM          OAQ                     ORQ      IAQ      IRQ      MIR
------------------------------------------------------------------------------------------------------
C1             29        8     Proaim(5)    4500(GS4)                  1.00     1.00     1.00    13.00
H2              6        8     Proaim(5)    1800(GS4)                  1.00     1.00     1.00    13.00
H3              5        8     Proaim(5)    1800(GS4)                  1.00     1.00     1.00    13.00
C4             38        8     Proaim(5)    4500(GS4)                  1.00     1.00     1.00    13.00
C5             24        8     Proaim(5)    4500(GS4)                  1.00     1.00     1.00    13.00
C6             19        8     Proaim(5)    4500(GS4)                  1.00     1.00     1.00    13.00
H7              6        8     Proaim(5)    1800(GS4)                  1.00     1.00     1.00    13.00
H8              4        8     Proaim(5)    1800(GS4)                  1.00     1.00     1.00    13.00
C9             20        8     Proaim(5)    4500(GS4)                  1.00     1.00     1.00    13.00
H10             4        8     Proaim(5)    1800(GS4)                  1.00     1.00     1.00    13.00
C11            19        8     Proaim(5)    4500(GS4)                  1.00     1.00     1.00    13.00
H12             4        8     Proaim(5)    1800(GS4)                  1.00     1.00     1.00    13.00
H13            13        8     Proaim(5)    4500(GS4)                  1.00     1.00     1.00    13.00
C14            14        8     Proaim(5)    4500(GS4)                  1.00     1.00     1.00    13.00
N15            19        8     Proaim(5)    4500(GS4)                  1.00     1.00     1.00    13.00
H16            11        8     Proaim(5)    4500(GS4)                  1.00     1.00     1.00    13.00
H17             9        8     Proaim(5)    1800(GS4)                  1.00     1.00     1.00    13.00
------------------------------------------------------------------------------------------------------
Total         244
Note:  Total wall clock time is less than total of atomic times if more than one atom
       was calculated at a time
 
Electron Density Critical Point Analysis of Molecular Structure:               
---------------------------------------------------------------                
  NACP = Nuclear Attractor Critical Point                                      
  NNACP = Non-Nuclear Attractor Critical Point                                 
  BCP = Bond Critical Point                                                    
  RCP = Ring Critical Point                                                    
  CCP = Cage Critical Point                                                    
  Rho = Electron Density                                                       
  GradRho = Gradient of Electron Density                                       
  HessRho_EigVals = Eigenvalues of the Hessian of Rho, Ascending Order         
  HessRho_EigVecs = Eigenvectors of the Hessian of Rho                         
  DelSqRho = Laplacian of Rho = Trace of Hessian of Rho                        
  Bond Ellipticity = (HessRho_EigVal(1) / HessRho_EigVal(2)) - 1               
  V = Virial Field = Potential Energy Density = Trace of Stress Tensor         
  G = Lagrangian Form of Kinetic Energy Density                                
  K = Hamiltonian Form of Kinetic Energy Density                               
  L = K - G = Lagrangian Density = (-1/4)DelSqRho                              
  Vnuc = Electrostatic Potential from Nuclei                                   
  Ven = Electron-nuclear attractive contribution to Virial Field V             
  Vrep = V - Ven = Repulsive contribution to Virial Field V                    
  DelSqV = Laplacian of V                                                      
  DelSqVen = Laplacian of Ven                                                  
  DelSqVrep = Laplacian of Vrep                                                
  DelSqG = Laplacian of G                                                      
  DelSqK = Laplacian of K                                                      
  Stress_EigVals = Eigenvalues of Stress Tensor, Ascending Order               
  Stress_EigVecs = Eigenvectors of Stress Tensor                               
  -DivStress = Ehrenfest Force Density = Minus Divergence of Stress Tensor     
  ESP = Total Electrostatic Potential                                          
  ESPe = Electrostatic Potential from Electrons                                
  ESPn = Electrostatic Potential from Nuclei                                   
  BP = Bond Path                                                               
  BPL = Bond Path Length                                                       
  GBL = Geometric Bond Length                                                  
  GBL_I = Distance Between Nuclear Attractors                                  
  GBL_II = Distance Between Nuclei                                             
  GBL_III = Sum of Distances Between BCP and Nuclear Attractors                
  GBL_IV = Sum of Distances Between BCP and Nuclei                             

CP# 1      Coords =  3.35348409767516E+00  3.11166628689533E+00 -1.12759375926947E+00
           Type = (3,-3) NACP C1
           Rho =  1.1768011418E+02     Rho at Nucleus =  1.1768011412E+02
           GradRho =  4.5767112322E-11  2.0409585133E-10  8.5690898821E-12
           HessRho_EigVals = -1.4501055510E+05 -1.4500966993E+05 -1.4500949801E+05
           HessRho_EigVec1 =  8.9436810490E-01 -1.0224001132E-01 -4.3549130074E-01
           HessRho_EigVec2 =  4.0445954048E-01 -2.3106460382E-01  8.8488509365E-01
           HessRho_EigVec3 =  1.9109728687E-01  9.6755161565E-01  1.6530486384E-01
           DelSqRho = -4.3502972304E+05
           Bond Ellipticity = NA
           V = -1.0876767141E+05
           G =  5.1203268296E+00
           K =  1.0876255109E+05
           L =  1.0875743076E+05
           Vnuc =  6.1854455337E+06
           Ven = -7.2790393668E+08
           Vrep =  7.2779516901E+08
           DelSqV =  2.4953590068E+09
           DelSqVen =  2.6908517990E+12
           DelSqVrep = -2.6883567022E+12
           DelSqG =  1.3403941278E+08
           DelSqK = -2.6293984196E+09
           Stress_EigVals = -3.6256131095E+04 -3.6256025761E+04 -3.6255514558E+04
           Stress_EigVec1 =  1.9117384359E-01  9.7606479783E-01  1.0368255386E-01
           Stress_EigVec2 =  4.4010911811E-01 -1.7965616637E-01  8.7978839845E-01
           Stress_EigVec3 =  8.7735769541E-01 -1.2256089233E-01 -4.6392057723E-01
           -DivStress = -1.2849549200E+02 -7.7881942556E+02 -1.6531252453E+01
           ESP =  -1.4744468278E+01     ESP at Nucleus =  -1.4744468291E+01
           ESPe = -2.4353309190E+01     ESPe at Nucleus = -2.4353310501E+01
           ESPn =  9.6088409124E+00     ESPn at Nucleus =  9.6088422103E+00

CP# 2      Coords =  4.36959654338441E+00  3.75952771921129E+00  4.93946653369776E-01
           Type = (3,-3) NACP H2
           Rho =  4.2462764461E-01     Rho at Nucleus =  4.2095358238E-01
           GradRho = -5.7124444064E-15 -2.5118795932E-15 -4.5415060601E-15
           HessRho_EigVals = -6.4647970953E+00 -6.4582667270E+00 -5.8673358875E+00
           HessRho_EigVec1 =  7.1289350376E-03  9.2816325525E-01 -3.7210502535E-01
           HessRho_EigVec2 =  8.6421126398E-01 -1.9292620352E-01 -4.6467017465E-01
           HessRho_EigVec3 =  5.0307859177E-01  3.1826475080E-01  8.0350449837E-01
           DelSqRho = -1.8790399710E+01
           Bond Ellipticity = NA
           V = -4.7070159570E+00
           G =  4.7080147747E-03
           K =  4.7023079422E+00
           L =  4.6975999275E+00
           Vnuc =  3.9190247848E+01
           Ven = -1.6641262635E+01
           Vrep =  1.1934246678E+01
           DelSqV =  7.0758566495E+02
           DelSqVen =  7.3640042179E+02
           DelSqVrep = -2.8814756834E+01
           DelSqG =  6.9632620253E+01
           DelSqK = -7.7721828521E+02
           Stress_EigVals = -1.6195002514E+00 -1.6189708874E+00 -1.4685448183E+00
           Stress_EigVec1 = -8.1304433185E-02  9.4243845807E-01 -3.2434448028E-01
           Stress_EigVec2 =  8.6104992537E-01 -9.7480954573E-02 -4.9908966080E-01
           Stress_EigVec3 =  5.0197869992E-01  3.1985499252E-01  8.0356093023E-01
           -DivStress =  3.9551184013E+00  2.5027079728E+00  6.3275892565E+00
           ESP =  -1.1076441580E+00     ESP at Nucleus =  -1.1100894774E+00
           ESPe = -1.1666672065E+01     ESPe at Nucleus = -1.1594606542E+01
           ESPn =  1.0559027907E+01     ESPn at Nucleus =  1.0484517065E+01

CP# 3      Coords =  2.83086008665979E+00  4.50694098099027E+00 -2.48917496028482E+00
           Type = (3,-3) NACP H3
           Rho =  4.2541409039E-01     Rho at Nucleus =  4.2173617361E-01
           GradRho = -1.2121380288E-15 -4.5536491244E-17  1.3149203948E-15
           HessRho_EigVals = -6.4779426822E+00 -6.4714773292E+00 -5.8794674226E+00
           HessRho_EigVec1 =  4.6266317572E-01  7.0241428814E-01  5.4088534243E-01
           HessRho_EigVec2 = -8.4802685838E-01  1.7279159431E-01  5.0099252729E-01
           HessRho_EigVec3 = -2.5844386876E-01  6.9047609137E-01 -6.7561048981E-01
           DelSqRho = -1.8828887434E+01
           Bond Ellipticity = NA
           V = -4.7165885863E+00
           G =  4.6833638894E-03
           K =  4.7119052224E+00
           L =  4.7072218585E+00
           Vnuc =  3.8760108261E+01
           Ven = -1.6489096199E+01
           Vrep =  1.1772507613E+01
           DelSqV =  7.0904851298E+02
           DelSqVen =  7.2980971538E+02
           DelSqVrep = -2.0761202406E+01
           DelSqG =  6.9787821741E+01
           DelSqK = -7.7883633472E+02
           Stress_EigVals = -1.6228001229E+00 -1.6223201521E+00 -1.4714683113E+00
           Stress_EigVec1 =  3.5960257463E-01  7.1687839020E-01  5.9730340865E-01
           Stress_EigVec2 = -8.9675230821E-01  8.8573986830E-02  4.3357807438E-01
           Stress_EigVec3 = -2.5791720774E-01  6.9154900225E-01 -6.7471378483E-01
           -DivStress = -2.0378560695E+00  5.4372323604E+00 -5.3307031693E+00
           ESP =  -1.1063781409E+00     ESP at Nucleus =  -1.1088384270E+00
           ESPe = -1.1221066258E+01     ESPe at Nucleus = -1.1145266367E+01
           ESPn =  1.0114688117E+01     ESPn at Nucleus =  1.0036427940E+01

CP# 4      Coords =  2.77519894729893E+00  6.65223903628769E-01 -1.45115222484987E+00
           Type = (3,-3) NACP C4
           Rho =  1.1767397163E+02     Rho at Nucleus =  1.1767397150E+02
           GradRho = -9.6538443906E-11 -4.5468229876E-10  2.1551926910E-10
           HessRho_EigVals = -1.4499540496E+05 -1.4499429901E+05 -1.4499400468E+05
           HessRho_EigVec1 =  8.2154787178E-01 -1.3211933667E-01 -5.5462020812E-01
           HessRho_EigVec2 =  4.0444492964E-01 -5.5059128158E-01  7.3025580418E-01
           HessRho_EigVec3 =  4.0184996363E-01  8.2425343283E-01  3.9890209977E-01
           DelSqRho = -4.3498370865E+05
           Bond Ellipticity = NA
           V = -1.0875613132E+05
           G =  5.1020766551E+00
           K =  1.0875102924E+05
           L =  1.0874592716E+05
           Vnuc =  4.5824104924E+06
           Ven = -5.3923044226E+08
           Vrep =  5.3912168613E+08
           DelSqV =  2.4950870681E+09
           DelSqVen =  1.9932741960E+12
           DelSqVrep = -1.9907790434E+12
           DelSqG =  1.3401715818E+08
           DelSqK = -2.6291042263E+09
           Stress_EigVals = -3.6252321476E+04 -3.6252173258E+04 -3.6251636582E+04
           Stress_EigVec1 =  3.4712690624E-01  8.8104706586E-01  3.2133935132E-01
           Stress_EigVec2 =  4.3346562423E-01 -4.5458047753E-01  7.7811576392E-01
           Stress_EigVec3 =  8.3163120647E-01 -1.3081535532E-01 -5.3970073118E-01
           -DivStress =  1.4530403419E+02  9.5504891052E+02 -4.4560287508E+02
           ESP =  -1.4735635047E+01     ESP at Nucleus =  -1.4735635060E+01
           ESPe = -2.5816512783E+01     ESPe at Nucleus = -2.5816512502E+01
           ESPn =  1.1080877736E+01     ESPn at Nucleus =  1.1080877442E+01

CP# 5      Coords =  3.46988238371797E+00 -1.41552012994230E+00  2.55045222631812E-01
           Type = (3,-3) NACP C5
           Rho =  1.1766278366E+02     Rho at Nucleus =  1.1766278347E+02
           GradRho = -3.7964753563E-10  5.9470928182E-10 -6.9993684806E-10
           HessRho_EigVals = -1.4498059069E+05 -1.4497962389E+05 -1.4497923566E+05
           HessRho_EigVec1 = -4.9976342213E-01  3.9067853415E-01  7.7305032492E-01
           HessRho_EigVec2 = -1.4386038410E-01  8.4266544141E-01 -5.1886331894E-01
           HessRho_EigVec3 =  8.5413155415E-01  3.7052022456E-01  3.6493020073E-01
           DelSqRho = -4.3493945023E+05
           Bond Ellipticity = NA
           V = -1.0874508605E+05
           G =  5.1117464210E+00
           K =  1.0873997430E+05
           L =  1.0873486256E+05
           Vnuc =  3.6331237690E+06
           Ven = -4.2748345606E+08
           Vrep =  4.2737471097E+08
           DelSqV =  2.4948335047E+09
           DelSqVen =  1.5801888522E+12
           DelSqVrep = -1.5776940187E+12
           DelSqG =  1.3400265641E+08
           DelSqK = -2.6288361611E+09
           Stress_EigVals = -3.6248644748E+04 -3.6248471714E+04 -3.6247969589E+04
           Stress_EigVec1 =  8.6554530866E-01  2.6094734978E-01  4.2747841968E-01
           Stress_EigVec2 = -2.3749019503E-02  8.7396359373E-01 -4.8541077543E-01
           Stress_EigVec3 = -5.0026723131E-01  4.0999282613E-01  7.6265233220E-01
           -DivStress =  5.2985468440E+02 -8.0698408232E+02  9.3264188716E+02
           ESP =  -1.4741608958E+01     ESP at Nucleus =  -1.4741608975E+01
           ESPe = -2.5620969259E+01     ESPe at Nucleus = -2.5620968561E+01
           ESPn =  1.0879360301E+01     ESPn at Nucleus =  1.0879359587E+01

CP# 6      Coords =  5.55540411733382E+00 -1.50626507604300E+00  1.68572475731110E+00
           Type = (3,-3) NACP C6
           Rho =  1.1767790543E+02     Rho at Nucleus =  1.1767790536E+02
           GradRho =  1.8446300043E-10  3.3458652515E-13  1.6307460937E-10
           HessRho_EigVals = -1.4500577113E+05 -1.4500482147E+05 -1.4500464257E+05
           HessRho_EigVec1 = -4.3660767083E-01  5.0258980122E-01  7.4617506892E-01
           HessRho_EigVec2 =  3.4754255335E-01  8.5924193061E-01 -3.7538976849E-01
           HessRho_EigVec3 =  8.2981197592E-01 -9.5429536220E-02  5.4982296081E-01
           DelSqRho = -4.3501523517E+05
           Bond Ellipticity = NA
           V = -1.0876403935E+05
           G =  5.1152763279E+00
           K =  1.0875892407E+05
           L =  1.0875380879E+05
           Vnuc =  6.0326048884E+06
           Ven = -7.0990430753E+08
           Vrep =  7.0979554349E+08
           DelSqV =  2.4952738199E+09
           DelSqVen =  2.6242752512E+12
           DelSqVrep = -2.6217799774E+12
           DelSqG =  1.3403290041E+08
           DelSqK = -2.6293067203E+09
           Stress_EigVals = -3.6254928167E+04 -3.6254819805E+04 -3.6254291373E+04
           Stress_EigVec1 = -8.1492584318E-01  1.0308167344E-01 -5.7032450299E-01
           Stress_EigVec2 = -3.5159670430E-01 -8.7021990616E-01  3.4510443702E-01
           Stress_EigVec3 = -4.6073379259E-01  4.8175873996E-01  7.4540786744E-01
           -DivStress = -6.0057013600E+02  1.4454077533E+01 -5.4213116485E+02
           ESP =  -1.4748768091E+01     ESP at Nucleus =  -1.4748768104E+01
           ESPe = -2.3872641043E+01     ESPe at Nucleus = -2.3872642402E+01
           ESPn =  9.1238729521E+00     ESPn at Nucleus =  9.1238742984E+00

CP# 7      Coords =  6.94240454763825E+00 -3.79371740293996E-02  1.64647489915875E+00
           Type = (3,-3) NACP H7
           Rho =  4.2511104517E-01     Rho at Nucleus =  4.2144236274E-01
           GradRho = -2.8510180328E-15 -4.5623227418E-16 -6.5052130349E-16
           HessRho_EigVals = -6.4735191987E+00 -6.4671009283E+00 -5.8761064774E+00
           HessRho_EigVec1 =  5.2769933125E-01 -4.7697441553E-01  7.0287183948E-01
           HessRho_EigVec2 =  5.0102314693E-01 -4.9341936317E-01 -7.1099447135E-01
           HessRho_EigVec3 =  6.8593674784E-01  7.2734636796E-01 -2.1401845293E-02
           DelSqRho = -1.8816726604E+01
           Bond Ellipticity = NA
           V = -4.7135741525E+00
           G =  4.6962507247E-03
           K =  4.7088779018E+00
           L =  4.7041816511E+00
           Vnuc =  3.8779974137E+01
           Ven = -1.6485795337E+01
           Vrep =  1.1772221184E+01
           DelSqV =  7.0862721345E+02
           DelSqVen =  7.2971217106E+02
           DelSqVrep = -2.1084957608E+01
           DelSqG =  6.9747247612E+01
           DelSqK = -7.7837446106E+02
           Stress_EigVals = -1.6216993119E+00 -1.6211351782E+00 -1.4707396624E+00
           Stress_EigVec1 =  5.6824411119E-01 -5.1933315065E-01  6.3827244084E-01
           Stress_EigVec2 = -4.5243211578E-01  4.5071538046E-01  7.6951986747E-01
           Stress_EigVec3 =  6.8731638327E-01  7.2605008399E-01 -2.1153364622E-02
           -DivStress =  5.4006958574E+00  5.7219968480E+00 -1.7284261392E-01
           ESP =  -1.1121328832E+00     ESP at Nucleus =  -1.1145755093E+00
           ESPe = -1.1219610835E+01     ESPe at Nucleus = -1.1148699838E+01
           ESPn =  1.0107477952E+01     ESPn at Nucleus =  1.0034124329E+01

CP# 8      Coords =  5.92782841681300E+00 -3.07164119259114E+00  2.90312627615319E+00
           Type = (3,-3) NACP H8
           Rho =  4.2545907772E-01     Rho at Nucleus =  4.2175856957E-01
           GradRho = -6.7524111302E-16  2.9837243787E-15 -3.4373545676E-15
           HessRho_EigVals = -6.4788234734E+00 -6.4724998031E+00 -5.8778774435E+00
           HessRho_EigVec1 =  8.4429868524E-01  4.3847331644E-01  3.0805986573E-01
           HessRho_EigVec2 = -5.0354928059E-01  4.5253097765E-01  7.3597135562E-01
           HessRho_EigVec3 = -1.8329716889E-01  7.7650297169E-01 -6.0286423251E-01
           DelSqRho = -1.8829200720E+01
           Bond Ellipticity = NA
           V = -4.7165767503E+00
           G =  4.6382851468E-03
           K =  4.7119384651E+00
           L =  4.7073001800E+00
           Vnuc =  3.8138016408E+01
           Ven = -1.6226165287E+01
           Vrep =  1.1509588537E+01
           DelSqV =  7.0896091622E+02
           DelSqVen =  7.1810836601E+02
           DelSqVrep = -9.1474497853E+00
           DelSqG =  6.9781541722E+01
           DelSqK = -7.7874245794E+02
           Stress_EigVals = -1.6230102252E+00 -1.6225174290E+00 -1.4710490961E+00
           Stress_EigVec1 =  8.9106706934E-01  3.9109333786E-01  2.3031604159E-01
           Stress_EigVec2 = -4.1463102015E-01  4.9503253442E-01  7.6356002186E-01
           Stress_EigVec3 = -1.8460930382E-01  7.7587936623E-01 -6.0326661933E-01
           -DivStress =  1.4403842522E+00 -6.1428484268E+00  4.7660121679E+00
           ESP =  -1.1120695358E+00     ESP at Nucleus =  -1.1145433105E+00
           ESPe = -1.0693681256E+01     ESPe at Nucleus = -1.0617644172E+01
           ESPn =  9.5816117207E+00     ESPn at Nucleus =  9.5031008620E+00

CP# 9      Coords = -5.23963148088310E+00  5.00524152477065E-01  6.76427603540749E-01
           Type = (3,-3) NACP C9
           Rho =  1.1759255733E+02     Rho at Nucleus =  1.1759255604E+02
           GradRho =  3.7198244485E-11  7.0765615590E-13 -1.7368120830E-12
           HessRho_EigVals = -1.4488603799E+05 -1.4488597310E+05 -1.4488511466E+05
           HessRho_EigVec1 = -5.2191756242E-01  7.5778828117E-01  3.9161074930E-01
           HessRho_EigVec2 = -2.1898754626E-01  3.2467791114E-01 -9.2012428976E-01
           HessRho_EigVec3 =  8.2440676406E-01  5.6598690351E-01  3.5089076797E-03
           DelSqRho = -4.3465712575E+05
           Bond Ellipticity = NA
           V = -1.0867461025E+05
           G =  5.1644066165E+00
           K =  1.0866944584E+05
           L =  1.0866428144E+05
           Vnuc =  1.4209258305E+06
           Ven = -1.6709030218E+08
           Vrep =  1.6698162757E+08
           DelSqV =  2.4932142667E+09
           DelSqVen =  6.1761553408E+11
           DelSqVrep = -6.1512232084E+11
           DelSqG =  1.3390828561E+08
           DelSqK = -2.6271225524E+09
           Stress_EigVals = -3.6225168254E+04 -3.6224844420E+04 -3.6224597576E+04
           Stress_EigVec1 =  7.8502077438E-01  6.1873120358E-01  3.0233780815E-02
           Stress_EigVec2 = -5.8036811594E-01  7.1752813804E-01  3.8513143357E-01
           Stress_EigVec3 =  2.1659924698E-01 -3.1988289863E-01  9.2236635746E-01
           -DivStress = -1.2338347311E+03  2.9119195664E+03  1.3011576073E+03
           ESP =  -1.4682112517E+01     ESP at Nucleus =  -1.4682112601E+01
           ESPe = -2.4897667056E+01     ESPe at Nucleus = -2.4897665020E+01
           ESPn =  1.0215554539E+01     ESPn at Nucleus =  1.0215552418E+01

CP# 10     Coords = -7.20852971571286E+00  2.75417609548482E-01  1.06262949628256E+00
           Type = (3,-3) NACP H10
           Rho =  4.2167325816E-01     Rho at Nucleus =  4.1782890475E-01
           GradRho = -2.2130734745E-15  5.0306980803E-17  1.1319070681E-16
           HessRho_EigVals = -6.4320360730E+00 -6.4239407009E+00 -5.8151792290E+00
           HessRho_EigVec1 = -3.4759264713E-02  9.4169818769E-01  3.3465850776E-01
           HessRho_EigVec2 =  2.1750818740E-01 -3.1970571927E-01  9.2221388055E-01
           HessRho_EigVec3 =  9.7543937891E-01  1.0484644182E-01 -1.9371433015E-01
           DelSqRho = -1.8671156003E+01
           Bond Ellipticity = NA
           V = -4.6766200549E+00
           G =  4.4155270766E-03
           K =  4.6722045278E+00
           L =  4.6677890007E+00
           Vnuc =  3.8057081138E+01
           Ven = -1.6047653399E+01
           Vrep =  1.1371033345E+01
           DelSqV =  7.0238661194E+02
           DelSqVen =  7.1056969894E+02
           DelSqVrep = -8.1830870058E+00
           DelSqG =  6.9241999008E+01
           DelSqK = -7.7162861094E+02
           Stress_EigVals = -1.6109611737E+00 -1.6101922038E+00 -1.4554666774E+00
           Stress_EigVec1 = -3.5876190116E-02  9.4191445003E-01  3.3393123216E-01
           Stress_EigVec2 =  2.1746349463E-01 -3.1878120830E-01  9.2254439987E-01
           Stress_EigVec3 =  9.7540890271E-01  1.0571523099E-01 -1.9339535272E-01
           -DivStress = -7.8319776422E+00 -8.5299091555E-01  1.5514751093E+00
           ESP =  -1.0604773617E+00     ESP at Nucleus =  -1.0630634932E+00
           ESPe = -1.1231465771E+01     ESPe at Nucleus = -1.1145564195E+01
           ESPn =  1.0170988409E+01     ESPn at Nucleus =  1.0082500702E+01

CP# 11     Coords = -4.03719765797399E+00  2.67621813294200E+00  1.14927434628085E+00
           Type = (3,-3) NACP C11
           Rho =  1.1770653734E+02     Rho at Nucleus =  1.1770653732E+02
           GradRho = -9.4051766375E-11 -3.0435653997E-12 -4.0388525857E-12
           HessRho_EigVals = -1.4503998427E+05 -1.4503837889E+05 -1.4503825026E+05
           HessRho_EigVec1 =  2.1635377977E-01 -3.2001659937E-01  9.2237758977E-01
           HessRho_EigVec2 =  6.0649172898E-03  9.4517636683E-01  3.2650398523E-01
           HessRho_EigVec3 =  9.7629619417E-01  6.5046227523E-02 -2.0643335372E-01
           DelSqRho = -4.3511661342E+05
           Bond Ellipticity = NA
           V = -1.0878936242E+05
           G =  5.1045348626E+00
           K =  1.0878425789E+05
           L =  1.0877915335E+05
           Vnuc =  1.0880071892E+07
           Ven = -1.2806555885E+09
           Vrep =  1.2805467991E+09
           DelSqV =  2.4958509089E+09
           DelSqVen =  4.7340983419E+12
           DelSqVrep = -4.7316024910E+12
           DelSqG =  1.3406249136E+08
           DelSqK = -2.6299134003E+09
           Stress_EigVals = -3.6263388412E+04 -3.6263348849E+04 -3.6262625163E+04
           Stress_EigVec1 =  7.6491514703E-01  6.4268876897E-01  4.3080901481E-02
           Stress_EigVec2 = -6.0646150758E-01  6.9603277260E-01  3.8437328119E-01
           Stress_EigVec3 =  2.1704667161E-01 -3.2013985336E-01  9.2217201033E-01
           -DivStress =  4.2990449703E+02 -5.1841366208E+01 -1.1960402667E+02
           ESP =  -1.4702390869E+01     ESP at Nucleus =  -1.4702390869E+01
           ESPe = -2.4166033924E+01     ESPe at Nucleus = -2.4166034061E+01
           ESPn =  9.4636430541E+00     ESPn at Nucleus =  9.4636431919E+00

CP# 12     Coords = -5.03439582046356E+00  4.24470818029724E+00  1.92918730016773E+00
           Type = (3,-3) NACP H12
           Rho =  4.2392246025E-01     Rho at Nucleus =  4.2006482703E-01
           GradRho =  6.1062266354E-15 -4.6178338931E-15 -2.6165051029E-15
           HessRho_EigVals = -6.4528762568E+00 -6.4476866422E+00 -5.8366915045E+00
           HessRho_EigVec1 =  8.4246212323E-01  5.3864626379E-01 -1.0852346533E-02
           HessRho_EigVec2 =  2.1691958063E-01 -3.2069388877E-01  9.2200939542E-01
           HessRho_EigVec3 = -4.9315663481E-01  7.7911207937E-01  3.8701537609E-01
           DelSqRho = -1.8737254403E+01
           Bond Ellipticity = NA
           V = -4.6930264079E+00
           G =  4.3564035148E-03
           K =  4.6886700044E+00
           L =  4.6843136009E+00
           Vnuc =  3.7608610631E+01
           Ven = -1.5943134745E+01
           Vrep =  1.1250108338E+01
           DelSqV =  7.0471461883E+02
           DelSqVen =  7.0468210516E+02
           DelSqVrep =  3.2513670255E-02
           DelSqG =  6.9349797879E+01
           DelSqK = -7.7406441671E+02
           Stress_EigVals = -1.6165601430E+00 -1.6157957498E+00 -1.4606705151E+00
           Stress_EigVec1 =  8.4330070450E-01  5.3731356503E-01 -1.1749665075E-02
           Stress_EigVec2 =  2.1710470399E-01 -3.2057871004E-01  9.2200587752E-01
           Stress_EigVec3 = -4.9163957255E-01  7.8007911362E-01  3.8699755451E-01
           -DivStress = -3.9665523413E+00  6.2817115311E+00  3.1181693498E+00
           ESP =  -1.0711366184E+00     ESP at Nucleus =  -1.0737235926E+00
           ESPe = -1.0790639689E+01     ESPe at Nucleus = -1.0709775368E+01
           ESPn =  9.7195030705E+00     ESPn at Nucleus =  9.6360517755E+00

CP# 13     Coords = -2.07191938076422E+00  2.90811877347276E+00  7.65609818662414E-01
           Type = (3,-3) NACP H13
           Rho =  4.1866922019E-01     Rho at Nucleus =  4.1464452570E-01
           GradRho = -5.1347814889E-16 -7.6327832943E-17  2.1163626407E-16
           HessRho_EigVals = -6.3585214591E+00 -6.3530016917E+00 -5.7296422922E+00
           HessRho_EigVec1 = -4.4647411217E-02  9.4027481722E-01  3.3747574249E-01
           HessRho_EigVec2 =  2.1775740285E-01 -3.2052980466E-01  9.2186894829E-01
           HessRho_EigVec3 =  9.7498119068E-01  1.1464690323E-01 -1.9044097617E-01
           DelSqRho = -1.8441165443E+01
           Bond Ellipticity = NA
           V = -4.6191892135E+00
           G =  4.4489263798E-03
           K =  4.6147402871E+00
           L =  4.6102913607E+00
           Vnuc =  3.8677143133E+01
           Ven = -1.6192929355E+01
           Vrep =  1.1573740141E+01
           DelSqV =  6.9255141888E+02
           DelSqVen =  7.1325159538E+02
           DelSqVrep = -2.0700176499E+01
           DelSqG =  6.8037648618E+01
           DelSqK = -7.6058906750E+02
           Stress_EigVals = -1.5928646976E+00 -1.5920726121E+00 -1.4342519038E+00
           Stress_EigVec1 = -4.5437431441E-02  9.3929527251E-01  3.4008797517E-01
           Stress_EigVec2 =  2.1782288777E-01 -3.2293220545E-01  9.2101464714E-01
           Stress_EigVec3 =  9.7493006385E-01  1.1592748473E-01 -1.8992679878E-01
           -DivStress =  7.9652570763E+00  9.3566472163E-01 -1.5560529482E+00
           ESP =  -1.0743055809E+00     ESP at Nucleus =  -1.0770111136E+00
           ESPe = -1.2675146366E+01     ESPe at Nucleus = -1.2625225002E+01
           ESPn =  1.1600840785E+01     ESPn at Nucleus =  1.1548213888E+01

CP# 14     Coords = -3.98615012048715E+00 -1.65802234637447E+00 -3.65434328720682E-01
           Type = (3,-3) NACP C14
           Rho =  1.1802340034E+02     Rho at Nucleus =  1.1802339922E+02
           GradRho = -3.1365632314E-11  6.8585137569E-12  2.6494639815E-12
           HessRho_EigVals = -1.4545205558E+05 -1.4545204083E+05 -1.4545113746E+05
           HessRho_EigVec1 =  8.9715222514E-01  4.3558964672E-01  7.3345378858E-02
           HessRho_EigVec2 =  1.0630267584E-01 -3.7407187453E-01  9.2128712886E-01
           HessRho_EigVec3 = -4.2873957834E-01  8.1873798761E-01  3.8190375961E-01
           DelSqRho = -4.3635523387E+05
           Bond Ellipticity = NA
           V = -1.0909894703E+05
           G =  5.0692807381E+00
           K =  1.0909387775E+05
           L =  1.0908880847E+05
           Vnuc =  1.5323852782E+06
           Ven = -1.8085732116E+08
           Vrep =  1.8074822221E+08
           DelSqV =  2.5029468806E+09
           DelSqVen =  6.6866432819E+11
           DelSqVrep = -6.6616138131E+11
           DelSqG =  1.3446575011E+08
           DelSqK = -2.6374126307E+09
           Stress_EigVals = -3.6366921410E+04 -3.6366014345E+04 -3.6366011274E+04
           Stress_EigVec1 = -4.4839998120E-01  8.0730507692E-01  3.8366126939E-01
           Stress_EigVec2 =  3.9179794961E-02 -4.1106670821E-01  9.1076292473E-01
           Stress_EigVec3 =  8.9297390809E-01  4.2341784820E-01  1.5269225685E-01
           -DivStress =  1.6049056261E+03 -2.4902161738E+03 -1.2202901896E+03
           ESP =  -1.4704883439E+01     ESP at Nucleus =  -1.4704883523E+01
           ESPe = -2.5640297307E+01     ESPe at Nucleus = -2.5640299014E+01
           ESPn =  1.0935413867E+01     ESPn at Nucleus =  1.0935415491E+01

CP# 15     Coords = -2.99248848280150E+00 -3.42924544423721E+00 -1.20971400973079E+00
           Type = (3,-3) NACP N15
           Rho =  1.9190845193E+02     Rho at Nucleus =  1.9190843213E+02
           GradRho =  2.6746771464E-11 -1.2956385964E-11  2.1371127090E-11
           HessRho_EigVals = -3.2303202200E+05 -3.2303177277E+05 -3.2302469496E+05
           HessRho_EigVec1 =  8.5346166276E-01  5.1720383332E-01 -6.4057669308E-02
           HessRho_EigVec2 =  2.5063427046E-01 -2.9956743744E-01  9.2056602854E-01
           HessRho_EigVec3 = -4.5693068694E-01  8.0172286061E-01  3.8529832871E-01
           DelSqRho = -9.6908848973E+05
           Bond Ellipticity = NA
           V = -2.4230342733E+05
           G =  1.5652447769E+01
           K =  2.4228777488E+05
           L =  2.4227212243E+05
           Vnuc =  6.3219129282E+05
           Ven = -1.2132285233E+08
           Vrep =  1.2108054890E+08
           DelSqV =  7.6079450097E+09
           DelSqVen =  6.1264930458E+11
           DelSqVrep = -6.0504135963E+11
           DelSqG =  4.0789822214E+08
           DelSqK = -8.0158432318E+09
           Stress_EigVals = -8.0769097277E+04 -8.0767194873E+04 -8.0767135178E+04
           Stress_EigVec1 = -4.5759681832E-01  8.0158770736E-01  3.8478864233E-01
           Stress_EigVec2 =  2.5684159670E-01 -2.9514517153E-01  9.2028350084E-01
           Stress_EigVec3 =  8.5125645141E-01  5.1994853123E-01 -7.0823575220E-02
           -DivStress =  1.2414400584E+04 -2.1994182733E+04 -1.0498192880E+04
           ESP =  -1.8366340059E+01     ESP at Nucleus =  -1.8366340906E+01
           ESPe = -2.7413789989E+01     ESPe at Nucleus = -2.7413772270E+01
           ESPn =  9.0474499298E+00     ESPn at Nucleus =  9.0474313647E+00

CP# 16     Coords =  2.18625467964173E+00 -2.97952505078634E+00  2.79003102388923E-01
           Type = (3,-3) NACP H16
           Rho =  4.2602384412E-01     Rho at Nucleus =  4.2226534272E-01
           GradRho =  3.6771800882E-15  3.3254649034E-15  4.3259666682E-17
           HessRho_EigVals = -6.5023879489E+00 -6.4946778144E+00 -5.8917672693E+00
           HessRho_EigVec1 =  5.6419084660E-01 -4.4861149651E-01  6.9313520601E-01
           HessRho_EigVec2 =  5.3010687651E-01 -4.4679596741E-01 -7.2066640201E-01
           HessRho_EigVec3 =  6.3298924800E-01  7.7402912652E-01 -1.4266155929E-02
           DelSqRho = -1.8888833033E+01
           Bond Ellipticity = NA
           V = -4.7312246074E+00
           G =  4.5081746272E-03
           K =  4.7267164328E+00
           L =  4.7222082581E+00
           Vnuc =  4.0165308983E+01
           Ven = -1.7111379333E+01
           Vrep =  1.2380154726E+01
           DelSqV =  7.1111058610E+02
           DelSqVen =  7.5867581509E+02
           DelSqVrep = -4.7565228985E+01
           DelSqG =  7.0143173894E+01
           DelSqK = -7.8125376000E+02
           Stress_EigVals = -1.6286941025E+00 -1.6276396881E+00 -1.4748908168E+00
           Stress_EigVec1 =  6.1358560034E-01 -4.9201915370E-01  6.1760008376E-01
           Stress_EigVec2 = -4.7105532490E-01  3.9964688011E-01  7.8637729628E-01
           Stress_EigVec3 =  6.3373463843E-01  7.7343359354E-01 -1.3449328555E-02
           -DivStress = -5.0648281824E+00 -6.1675524990E+00  9.7645088804E-02
