AIMSum (Version 19.02.13, Professional)
Copyright (c) 1997-2019 by Todd A. Keith
AIMSum is a component of the AIMAll package ( http://aim.tkgristmill.com )

TP:  64-bit Linux

Much of the Quantum Theory of Atoms in Molecules (QTAIM) is described in the book:
  "Atoms in Molecules - A Quantum Theory"
  R.F.W. Bader, Oxford University Press, Oxford, 1990

For additional references see:  http://aim.tkgristmill.com/references.html

Wfn File:  /home/mhennefarth/Documents/ML_Diels/summary-James2013/4-opt/4-opt.wfn
Sum File:  /home/mhennefarth/Documents/ML_Diels/summary-James2013/4-opt/4-opt.sum

SumViz File:  /home/mhennefarth/Documents/ML_Diels/summary-James2013/4-opt/4-opt.sumviz

Wfn Title:   Title Card Required                                                           
 
Total memory allocated for AIMSum =        0.796 Megabytes

Atomic units (a.u.) used throughout, except where stated otherwise

Model:  Restricted SCF
 
Restricted, closed-shell, single-determinant wavefunction.
  Number of electrons (from MO Occs)                   =          58.0000000000
  Number of Alpha electrons (from MO Occs)             =          29.0000000000
  Number of Beta electrons (from MO Occs)              =          29.0000000000
  Number of electron pairs (N*(N-1)/2)                 =        1653.0000000000
  Number of electron pairs (from Muller 2EDM)          =        1653.0000000000
 
Nuclear Charges and Cartesian Coordinates:
-------------------------------------------------------------------------------
Atom      Charge                X                  Y                  Z
-------------------------------------------------------------------------------
C1         6.0          -3.9758438500E+00   1.9524037800E+00  -3.2122716000E-01
C2         6.0          -2.7946575300E+00   1.6808067400E+00  -2.5473555000E+00
H3         1.0          -2.2734008500E+00   3.3102304600E+00  -3.6826133400E+00
H4         1.0          -2.3416571400E+00  -1.6647402000E-01  -3.3227988400E+00
C5         6.0          -4.7687088800E+00  -9.5510500000E-02   1.3831899400E+00
C6         6.0          -3.7311281500E+00  -2.3995752800E+00   1.5398662400E+00
H7         1.0          -2.1107986300E+00  -2.9578829100E+00   4.0701949000E-01
H8         1.0          -4.4712306600E+00  -3.8071564000E+00   2.8379107500E+00
C9         6.0           5.8394636000E+00   1.8541117700E+00   1.4560512500E+00
H10        1.0           5.9818284000E+00   3.7017895400E+00   2.3350339500E+00
H11        1.0           7.5390958600E+00   7.0735580000E-01   1.3880053100E+00
C12        6.0           3.6398520200E+00   1.0477798200E+00   5.0263492000E-01
H13        1.0           1.9382454500E+00   2.1985158800E+00   5.6956386000E-01
C14        6.0           3.3452049200E+00  -1.3687858500E+00  -6.7560140000E-01
N15        7.0           3.0303021900E+00  -3.3192429400E+00  -1.6424150100E+00
H16        1.0          -6.3351465300E+00   3.6430601000E-01   2.6402955800E+00
H17        1.0          -4.4641440600E+00   3.8566333200E+00   2.9913862000E-01
 
Some Atomic Properties:
----------------------
  q(A) = Net Charge of Atom A
  L(A) = Lagrangian of Atom A = -(1/4) Times Atomic Integral of the Laplacian of the Electron Density
  K(A) = Electronic Kinetic Energy of Atom A (Hamiltonian Form)
  K_Scaled(A) = K(A) * E(Mol)/K(Mol) = Approximation to Virial-Based Total Energy of Atom A.
  |Mu_Intra(A)| = Magnitude of Intraatomic Dipole Moment of Atom A
--------------------------------------------------------------------------------------------------
Atom A          q(A)              L(A)              K(A)          K_Scaled(A)      |Mu_Intra(A)|
--------------------------------------------------------------------------------------------------
C1       -3.9080181200E-02 -3.4027649788E-04  3.7702027441E+01 -3.8081215959E+01  7.1496310710E-02
C2       -9.7282941000E-02  4.1484163491E-04  3.7708264827E+01 -3.8087516078E+01  1.1747555523E-01
H3        4.1089382410E-02  1.9808275083E-05  5.9523773748E-01 -6.0122434698E-01  1.4817879469E-01
H4        5.6433596660E-02  2.1387443594E-05  5.8864338087E-01 -5.9456366756E-01  1.4269999855E-01
C5       -3.3741322700E-02 -2.2922468321E-05  3.7700734871E+01 -3.8079910389E+01  7.4678767175E-02
C6       -8.6664745300E-02  1.6078126435E-05  3.7707198499E+01 -3.8086439025E+01  1.1938428776E-01
H7        6.1938812950E-02  6.0226420366E-06  5.8682019924E-01 -5.9272214926E-01  1.3652047223E-01
H8        4.3704725300E-02  2.0600396792E-05  5.9451418787E-01 -6.0049352026E-01  1.4748388871E-01
C9       -3.3853742900E-02 -6.7865976154E-05  3.7687924410E+01 -3.8066971087E+01  1.5791197886E-01
H10       7.0071325530E-02  2.2083740852E-05  5.8444656121E-01 -5.9032463834E-01  1.4197618314E-01
H11       7.6394842800E-02  2.4876946572E-05  5.8145367220E-01 -5.8730164833E-01  1.4156835172E-01
C12       5.2865996500E-02 -1.1762637860E-04  3.7648837982E+01 -3.8027491546E+01  2.9496659825E-01
H13       1.0331039162E-01 -3.4274008434E-05  5.7141698498E-01 -5.7716401702E-01  1.3763298541E-01
C14       9.6910746100E-01 -4.3161428725E-04  3.7141475691E+01 -3.7515026454E+01  1.0340892245E+00
N15      -1.2449916968E+00 -4.1286988895E-05  5.4959852144E+01 -5.5512611407E+01  6.8666384575E-01
H16       3.0741069140E-02  2.3511905240E-05  6.0371957578E-01 -6.0979149145E-01  1.5185503579E-01
H17       2.9387752460E-02  2.3062413217E-05  6.0418726137E-01 -6.1026388080E-01  1.5226387411E-01
--------------------------------------------------------------------------------------------------
Total    -5.6927353000E-04 -4.6359308080E-04  3.2356675543E+02 -3.2682103130E+02
 
1st Largest |L(A)| = 4.3161428725E-04, atom C14     
2nd Largest |L(A)| = 4.1484163491E-04, atom C2      
 
Molecular charge q(Mol) from the wfn file:   0.0000000000E+00
Molecular energy E(Mol) from the wfn file:  -3.2682113379E+02
Molecular virial ratio (-V(Mol)/T(Mol)) from the wfn file:   2.0100575100E+00
Note.  K_Scaled(A) = (1+V(Mol)/T(Mol))*K(A) = (E(Mol)/T(Mol))*K(A)
       Only use K_Scaled(A) data with caution.
 
N_AIMInt(SumA)     =         58.000569
N_Analytic(Mol)    =         57.999991
 
G_AIMInt(SumA)     =        323.567219
G_Analytic(Mol)    =        323.566835
 
K_AIMInt(SumA)     =        323.566755
K_Analytic(Mol)    =        323.566835
 
L_AIMInt(SumA)     =         -0.000464
L_Analytic(Mol)    =          0.000000
 
VenT_AIMInt(SumA)  =      -1343.627416
VenT_Analytic(Mol) =      -1343.619689
 
Some Information About the Atomic Calculations:
----------------------------------------------
  Time(sec) = "Elapsed User Time", in Seconds, for Atom A by AIMInt and, if used, by TWOe
  NProc = Number of Processors Used for AIMInt Job
  BIM = Basin Integration Method
  OAQ = Angular Quadrature Outside of Beta Sphere
  ORQ = Multiple of Default for Radial Quadrature Outside of Beta Sphere
  IAQ = Multiple of Default for Angular Quadrature Inside of Beta Sphere
  IRQ = Multiple of Default for Radial Quadrature Inside of Beta Sphere
  MIR = Maximum Integration Radius
------------------------------------------------------------------------------------------------------
Atom A     Time(sec)   NProc      BIM          OAQ                     ORQ      IAQ      IRQ      MIR
------------------------------------------------------------------------------------------------------
C1             25        8     Proaim(5)    4500(GS4)                  1.00     1.00     1.00    13.00
C2             62        8    Promega(1)    4500(GS4)                  1.00     1.00     1.00    13.00
H3              5        8     Proaim(5)    1800(GS4)                  1.00     1.00     1.00    13.00
H4             20        8     Proaim(5)    1800(GS4)                  1.00     1.00     1.00    13.00
C5             23        8     Proaim(5)    4500(GS4)                  1.00     1.00     1.00    13.00
C6             22        8     Proaim(5)    4500(GS4)                  1.00     1.00     1.00    13.00
H7             14        8     Proaim(5)    4500(GS4)                  1.00     1.00     1.00    13.00
H8              4        8     Proaim(5)    1800(GS4)                  1.00     1.00     1.00    13.00
C9             17        8     Proaim(5)    4500(GS4)                  1.00     1.00     1.00    13.00
H10             4        8     Proaim(5)    1800(GS4)                  1.00     1.00     1.00    13.00
H11             5        8     Proaim(5)    1800(GS4)                  1.00     1.00     1.00    13.00
C12            64        8     Proaim(5)    4500(GS4)                  1.00     1.00     1.00    13.00
H13            43        8     Proaim(5)    4500(GS4)                  1.00     1.00     1.00    13.00
C14            39        8     Proaim(5)    4500(GS4)                  1.00     1.00     1.00    13.00
N15            16        8     Proaim(5)    4500(GS4)                  1.00     1.00     1.00    13.00
H16             5        8     Proaim(5)    1800(GS4)                  1.00     1.00     1.00    13.00
H17             5        8     Proaim(5)    1800(GS4)                  1.00     1.00     1.00    13.00
------------------------------------------------------------------------------------------------------
Total         373
Note:  Total wall clock time is less than total of atomic times if more than one atom
       was calculated at a time
 
Electron Density Critical Point Analysis of Molecular Structure:               
---------------------------------------------------------------                
  NACP = Nuclear Attractor Critical Point                                      
  NNACP = Non-Nuclear Attractor Critical Point                                 
  BCP = Bond Critical Point                                                    
  RCP = Ring Critical Point                                                    
  CCP = Cage Critical Point                                                    
  Rho = Electron Density                                                       
  GradRho = Gradient of Electron Density                                       
  HessRho_EigVals = Eigenvalues of the Hessian of Rho, Ascending Order         
  HessRho_EigVecs = Eigenvectors of the Hessian of Rho                         
  DelSqRho = Laplacian of Rho = Trace of Hessian of Rho                        
  Bond Ellipticity = (HessRho_EigVal(1) / HessRho_EigVal(2)) - 1               
  V = Virial Field = Potential Energy Density = Trace of Stress Tensor         
  G = Lagrangian Form of Kinetic Energy Density                                
  K = Hamiltonian Form of Kinetic Energy Density                               
  L = K - G = Lagrangian Density = (-1/4)DelSqRho                              
  Vnuc = Electrostatic Potential from Nuclei                                   
  Ven = Electron-nuclear attractive contribution to Virial Field V             
  Vrep = V - Ven = Repulsive contribution to Virial Field V                    
  DelSqV = Laplacian of V                                                      
  DelSqVen = Laplacian of Ven                                                  
  DelSqVrep = Laplacian of Vrep                                                
  DelSqG = Laplacian of G                                                      
  DelSqK = Laplacian of K                                                      
  Stress_EigVals = Eigenvalues of Stress Tensor, Ascending Order               
  Stress_EigVecs = Eigenvectors of Stress Tensor                               
  -DivStress = Ehrenfest Force Density = Minus Divergence of Stress Tensor     
  ESP = Total Electrostatic Potential                                          
  ESPe = Electrostatic Potential from Electrons                                
  ESPn = Electrostatic Potential from Nuclei                                   
  BP = Bond Path                                                               
  BPL = Bond Path Length                                                       
  GBL = Geometric Bond Length                                                  
  GBL_I = Distance Between Nuclear Attractors                                  
  GBL_II = Distance Between Nuclei                                             
  GBL_III = Sum of Distances Between BCP and Nuclear Attractors                
  GBL_IV = Sum of Distances Between BCP and Nuclei                             

CP# 1      Coords = -3.97584445139028E+00  1.95240343239271E+00 -3.21225910690465E-01
           Type = (3,-3) NACP C1
           Rho =  1.1766610792E+02     Rho at Nucleus =  1.1766610777E+02
           GradRho = -2.8421434650E-10 -1.4345391541E-10  5.7453916624E-10
           HessRho_EigVals = -1.4498489989E+05 -1.4498390367E+05 -1.4498358976E+05
           HessRho_EigVec1 =  8.9086209589E-01  1.0357286212E-01  4.4230915470E-01
           HessRho_EigVec2 =  7.3391364770E-02  9.2805672054E-01 -3.6513618150E-01
           HessRho_EigVec3 = -4.4830618296E-01  3.5774765645E-01  8.1916920146E-01
           DelSqRho = -4.3495239332E+05
           Bond Ellipticity = NA
           V = -1.0874829488E+05
           G =  5.0982733737E+00
           K =  1.0874319660E+05
           L =  1.0873809833E+05
           Vnuc =  4.1974825142E+06
           Ven = -4.9390143051E+08
           Vrep =  4.9379268221E+08
           DelSqV =  2.4949073215E+09
           DelSqVen =  1.8257050337E+12
           DelSqVrep = -1.8232101264E+12
           DelSqG =  1.3400678690E+08
           DelSqK = -2.6289141084E+09
           Stress_EigVals = -3.6249704270E+04 -3.6249548981E+04 -3.6249041626E+04
           Stress_EigVec1 = -4.5757372290E-01  2.9124564325E-01  8.4012038626E-01
           Stress_EigVec2 =  6.0502038607E-02  9.5284316937E-01 -2.9737080878E-01
           Stress_EigVec3 =  8.8711092398E-01  8.5240072010E-02  4.5361695150E-01
           -DivStress =  4.8930429415E+02  2.8619136633E+02 -1.0126163950E+03
           ESP =  -1.4731223805E+01     ESP at Nucleus =  -1.4731223822E+01
           ESPe = -2.5352674066E+01     ESPe at Nucleus = -2.5352674355E+01
           ESPn =  1.0621450262E+01     ESPn at Nucleus =  1.0621450533E+01

CP# 2      Coords = -2.79465690833073E+00  1.68080694898252E+00 -2.54735604109405E+00
           Type = (3,-3) NACP C2
           Rho =  1.1768289350E+02     Rho at Nucleus =  1.1768289345E+02
           GradRho =  1.3381173947E-10  3.9813596864E-11 -7.3816064372E-11
           HessRho_EigVals = -1.4501419431E+05 -1.4501321617E+05 -1.4501306619E+05
           HessRho_EigVec1 =  8.9085331068E-01 -4.4920101677E-03  4.5426886388E-01
           HessRho_EigVec2 =  1.3946593314E-01  9.5436824980E-01 -2.6406532766E-01
           HessRho_EigVec3 = -4.3235359642E-01  2.9859850238E-01  8.5082859733E-01
           DelSqRho = -4.3504047667E+05
           Bond Ellipticity = NA
           V = -1.0877036413E+05
           G =  5.1224799584E+00
           K =  1.0876524165E+05
           L =  1.0876011917E+05
           Vnuc =  7.0567380287E+06
           Ven = -8.3045734987E+08
           Vrep =  8.3034857950E+08
           DelSqV =  2.4954206508E+09
           DelSqVen =  3.0699665162E+12
           DelSqVrep = -3.0674710956E+12
           DelSqG =  1.3404290275E+08
           DelSqK = -2.6294635536E+09
           Stress_EigVals = -3.6257030734E+04 -3.6256935747E+04 -3.6256397647E+04
           Stress_EigVec1 = -4.5300917372E-01  1.4932099748E-01  8.7891178638E-01
           Stress_EigVec2 =  5.4539137338E-02  9.8866850632E-01 -1.3985730981E-01
           Stress_EigVec3 =  8.8983603603E-01  1.5421553731E-02  4.5601974152E-01
           -DivStress = -5.0324156024E+02 -1.7022126131E+02  4.4190537390E+02
           ESP =  -1.4742996519E+01     ESP at Nucleus =  -1.4742996529E+01
           ESPe = -2.4673722464E+01     ESPe at Nucleus = -2.4673723239E+01
           ESPn =  9.9307259449E+00     ESPn at Nucleus =  9.9307267101E+00

CP# 3      Coords = -2.28225023434571E+00  3.28250626207888E+00 -3.66327518138339E+00
           Type = (3,-3) NACP H3
           Rho =  4.2553840008E-01     Rho at Nucleus =  4.2185251389E-01
           GradRho = -1.5321945102E-15 -3.5822039779E-15  3.7597962937E-15
           HessRho_EigVals = -6.4804535990E+00 -6.4742321140E+00 -5.8811725624E+00
           HessRho_EigVec1 = -3.9761629279E-01  6.0717332814E-01  6.8792574694E-01
           HessRho_EigVec2 =  8.8188040341E-01  4.5868339130E-02  4.6923666689E-01
           HessRho_EigVec3 =  2.5335397726E-01  7.9324437916E-01 -5.5369225852E-01
           DelSqRho = -1.8835858275E+01
           Bond Ellipticity = NA
           V = -4.7182748158E+00
           G =  4.6551234652E-03
           K =  4.7136196923E+00
           L =  4.7089645688E+00
           Vnuc =  3.8973462051E+01
           Ven = -1.6584704687E+01
           Vrep =  1.1866429871E+01
           DelSqV =  7.0928409787E+02
           DelSqVen =  7.3409860769E+02
           DelSqVrep = -2.4814509817E+01
           DelSqG =  6.9818516919E+01
           DelSqK = -7.7910261479E+02
           Stress_EigVals = -1.6234602523E+00 -1.6229324575E+00 -1.4718821060E+00
           Stress_EigVec1 = -3.2255627722E-01  6.1011604577E-01  7.2368215310E-01
           Stress_EigVec2 =  9.1187749485E-01 -4.7412818682E-03  4.1043507968E-01
           Stress_EigVec3 =  2.5384420893E-01  7.9229788018E-01 -5.5482176116E-01
           -DivStress =  1.9996312597E+00  6.2615006730E+00 -4.3689255977E+00
           ESP =  -1.1046991018E+00     ESP at Nucleus =  -1.1071642587E+00
           ESPe = -1.1458882408E+01     ESPe at Nucleus = -1.1381480097E+01
           ESPn =  1.0354183306E+01     ESPn at Nucleus =  1.0274315838E+01

CP# 4      Coords = -2.34943076905991E+00 -1.34553586591114E-01 -3.30944505617637E+00
           Type = (3,-3) NACP H4
           Rho =  4.2325118676E-01     Rho at Nucleus =  4.1948101570E-01
           GradRho = -1.0829724183E-10  4.4475746003E-10  1.8599289470E-10
           HessRho_EigVals = -6.4403036823E+00 -6.4340712881E+00 -5.8350823451E+00
           HessRho_EigVec1 =  4.3438454583E-01  4.3565278611E-01 -7.8836331491E-01
           HessRho_EigVec2 =  8.7358442963E-01  9.4810697142E-03  4.8658026432E-01
           HessRho_EigVec3 = -2.1945457536E-01  9.0006486393E-01  3.7646106051E-01
           DelSqRho = -1.8709457315E+01
           Bond Ellipticity = NA
           V = -4.6866298712E+00
           G =  4.6327711648E-03
           K =  4.6819971000E+00
           L =  4.6773643289E+00
           Vnuc =  3.9662132599E+01
           Ven = -1.6787044692E+01
           Vrep =  1.2100414821E+01
           DelSqV =  7.0403340413E+02
           DelSqVen =  7.4205697768E+02
           DelSqVrep = -3.8023573548E+01
           DelSqG =  6.9263247131E+01
           DelSqK = -7.7329665126E+02
           Stress_EigVals = -1.6133732971E+00 -1.6128367158E+00 -1.4604198583E+00
           Stress_EigVec1 =  3.6274364171E-01  4.3492731917E-01 -8.2416944704E-01
           Stress_EigVec2 =  9.0571437997E-01  4.3596250078E-02  4.2164063951E-01
           Stress_EigVec3 = -2.1931373031E-01  8.9940958079E-01  3.7810566470E-01
           -DivStress =  1.7447178424E+00 -7.1617525945E+00 -2.9968901831E+00
           ESP =  -1.1075678328E+00     ESP at Nucleus =  -1.1100746814E+00
           ESPe = -1.2571773490E+01     ESPe at Nucleus = -1.2507513997E+01
           ESPn =  1.1464205657E+01     ESPn at Nucleus =  1.1397439315E+01

CP# 5      Coords = -4.76870898428387E+00 -9.55088977625960E-02  1.38318938144601E+00
           Type = (3,-3) NACP C5
           Rho =  1.1765428957E+02     Rho at Nucleus =  1.1765428936E+02
           GradRho = -4.1639802717E-11  1.0443028733E-09 -3.5266989329E-10
           HessRho_EigVals = -1.4496889168E+05 -1.4496805096E+05 -1.4496767870E+05
           HessRho_EigVec1 =  6.7282891230E-01  3.5146359950E-01  6.5097971781E-01
           HessRho_EigVec2 = -4.6232586896E-01 -4.8719128459E-01  7.4087748185E-01
           HessRho_EigVec3 = -5.7754311153E-01  7.9944855397E-01  1.6530566805E-01
           DelSqRho = -4.3490462134E+05
           Bond Ellipticity = NA
           V = -1.0873637147E+05
           G =  5.1080662260E+00
           K =  1.0873126340E+05
           L =  1.0872615533E+05
           Vnuc =  3.5294085121E+06
           Ven = -4.1525005111E+08
           Vrep =  4.1514131474E+08
           DelSqV =  2.4946332488E+09
           DelSqVen =  1.5349562081E+12
           DelSqVrep = -1.5324615421E+12
           DelSqG =  1.3399079465E+08
           DelSqK = -2.6286240434E+09
           Stress_EigVals = -3.6245728092E+04 -3.6245556010E+04 -3.6245087365E+04
           Stress_EigVec1 = -5.4155483082E-01  8.3417506062E-01  1.0426089134E-01
           Stress_EigVec2 = -5.2345180988E-01 -4.3164891951E-01  7.3462739741E-01
           Stress_EigVec3 =  6.5781195486E-01  3.4326546365E-01  6.7041200281E-01
           -DivStress =  8.2406031498E+01 -1.2998197237E+03  4.5644177740E+02
           ESP =  -1.4735526884E+01     ESP at Nucleus =  -1.4735526905E+01
           ESPe = -2.5153947837E+01     ESPe at Nucleus = -2.5153947894E+01
           ESPn =  1.0418420953E+01     ESPn at Nucleus =  1.0418420989E+01

CP# 6      Coords = -3.73112814604381E+00 -2.39957599786455E+00  1.53986639740525E+00
           Type = (3,-3) NACP C6
           Rho =  1.1768494762E+02     Rho at Nucleus =  1.1768494758E+02
           GradRho = -6.8047789625E-12 -7.8880235677E-11  3.6039088380E-12
           HessRho_EigVals = -1.4501602190E+05 -1.4501494147E+05 -1.4501479208E+05
           HessRho_EigVec1 =  5.8378101584E-01  3.5529853552E-01  7.3004292765E-01
           HessRho_EigVec2 =  5.7834144264E-01  4.4910846855E-01 -6.8104534298E-01
           HessRho_EigVec3 = -5.6984287420E-01  8.1979542212E-01  5.6697130394E-02
           DelSqRho = -4.3504575545E+05
           Bond Ellipticity = NA
           V = -1.0877167099E+05
           G =  5.1160659477E+00
           K =  1.0876655493E+05
           L =  1.0876143886E+05
           Vnuc =  8.1640565715E+06
           Ven = -9.6078656995E+08
           Vrep =  9.6067779828E+08
           DelSqV =  2.4954497870E+09
           DelSqVen =  3.5517384622E+12
           DelSqVrep = -3.5492430124E+12
           DelSqG =  1.3404377976E+08
           DelSqK = -2.6294935668E+09
           Stress_EigVals = -3.6257474853E+04 -3.6257380789E+04 -3.6256815352E+04
           Stress_EigVec1 = -4.6172916052E-01  8.8623705941E-01 -3.7283466271E-02
           Stress_EigVec2 =  6.5197993380E-01  3.1058150486E-01 -6.9170896681E-01
           Stress_EigVec3 =  6.0143856565E-01  3.4369027244E-01  7.2121331684E-01
           -DivStress = -2.4438163142E+00  5.8443307899E+02 -1.2922901354E+02
           ESP =  -1.4747173021E+01     ESP at Nucleus =  -1.4747173029E+01
           ESPe = -2.4442754437E+01     ESPe at Nucleus = -2.4442755341E+01
           ESPn =  9.6955814167E+00     ESPn at Nucleus =  9.6955823122E+00

CP# 7      Coords = -2.13895397785898E+00 -2.94815830011368E+00  4.26650577012885E-01
           Type = (3,-3) NACP H7
           Rho =  4.2255905850E-01     Rho at Nucleus =  4.1875201460E-01
           GradRho = -6.0246946321E-15  2.6480553861E-15  4.8953896492E-15
           HessRho_EigVals = -6.4286449460E+00 -6.4225486105E+00 -5.8207593162E+00
           HessRho_EigVec1 =  3.8845775053E-02  9.1710955826E-01 -3.9673802931E-01
           HessRho_EigVec2 =  6.1323892198E-01  2.9159605162E-01  7.3410473861E-01
           HessRho_EigVec3 =  7.8894171542E-01 -2.7181206895E-01 -5.5108000222E-01
           DelSqRho = -1.8671952873E+01
           Bond Ellipticity = NA
           V = -4.6773005701E+00
           G =  4.6561759735E-03
           K =  4.6726443942E+00
           L =  4.6679882182E+00
           Vnuc =  3.9794119504E+01
           Ven = -1.6815365671E+01
           Vrep =  1.2138065101E+01
           DelSqV =  7.0243532225E+02
           DelSqVen =  7.4303392398E+02
           DelSqVrep = -4.0598601733E+01
           DelSqG =  6.9100458946E+01
           DelSqK = -7.7153578119E+02
           Stress_EigVals = -1.6104642518E+00 -1.6098918644E+00 -1.4569444540E+00
           Stress_EigVec1 = -7.8141212473E-03  8.9104894512E-01 -4.5383996839E-01
           Stress_EigVec2 =  6.1378383851E-01  3.6257313358E-01  7.0129175269E-01
           Stress_EigVec3 =  7.8943545594E-01 -2.7307965908E-01 -5.4974463227E-01
           -DivStress =  6.3051336836E+00 -2.1786134589E+00 -4.3954906919E+00
           ESP =  -1.1118880217E+00     ESP at Nucleus =  -1.1144177903E+00
           ESPe = -1.2874794808E+01     ESPe at Nucleus = -1.2823771661E+01
           ESPn =  1.1762906786E+01     ESPn at Nucleus =  1.1709353871E+01

CP# 8      Coords = -4.45859050897669E+00 -3.78312757489914E+00  2.81577695989561E+00
           Type = (3,-3) NACP H8
           Rho =  4.2558546082E-01     Rho at Nucleus =  4.2188104690E-01
           GradRho =  2.0712598303E-15  1.3850953804E-15 -5.4817261841E-16
           HessRho_EigVals = -6.4816189409E+00 -6.4756103976E+00 -5.8802768113E+00
           HessRho_EigVec1 =  6.8083761411E-01 -6.5656258238E-01 -3.2463166610E-01
           HessRho_EigVec2 =  6.3763170725E-01  3.1322567066E-01  7.0378653380E-01
           HessRho_EigVec3 =  3.6039693274E-01  6.8615978800E-01 -6.3190093860E-01
           DelSqRho = -1.8837506150E+01
           Bond Ellipticity = NA
           V = -4.7186205931E+00
           G =  4.6220278137E-03
           K =  4.7139985653E+00
           L =  4.7093765375E+00
           Vnuc =  3.8451628983E+01
           Ven = -1.6364454240E+01
           Vrep =  1.1645833647E+01
           DelSqV =  7.0927028307E+02
           DelSqVen =  7.2433279744E+02
           DelSqVrep = -1.5062514367E+01
           DelSqG =  6.9821954649E+01
           DelSqK = -7.7909223772E+02
           Stress_EigVals = -1.6237622413E+00 -1.6232159288E+00 -1.4716424230E+00
           Stress_EigVec1 =  7.3430007231E-01 -6.2575017156E-01 -2.6313518691E-01
           Stress_EigVec2 =  5.7595650265E-01  3.6915484050E-01  7.2938248594E-01
           Stress_EigVec3 =  3.5927358776E-01  6.8714003414E-01 -6.3147530642E-01
           -DivStress = -2.8545727267E+00 -5.4290121120E+00  4.9996236099E+00
           ESP =  -1.1101926592E+00     ESP at Nucleus =  -1.1126679242E+00
           ESPe = -1.1014415428E+01     ESPe at Nucleus = -1.0934779997E+01
           ESPn =  9.9042227692E+00     ESPn at Nucleus =  9.8221120727E+00

CP# 9      Coords =  5.83946363165948E+00  1.85411196440623E+00  1.45605134072924E+00
           Type = (3,-3) NACP C9
           Rho =  1.1769469826E+02     Rho at Nucleus =  1.1769469826E+02
           GradRho = -1.0040523968E-11 -8.8684060096E-12  1.4076351196E-11
           HessRho_EigVals = -1.4502373124E+05 -1.4502221022E+05 -1.4502220551E+05
           HessRho_EigVec1 = -2.3516367604E-01 -4.0211283471E-01  8.8487474460E-01
           HessRho_EigVec2 =  4.7775714635E-01  7.4500837906E-01  4.6552188374E-01
           HessRho_EigVec3 =  8.4643142344E-01 -5.3222907031E-01 -1.6913371324E-02
           DelSqRho = -4.3506814697E+05
           Bond Ellipticity = NA
           V = -1.0877725302E+05
           G =  5.1081389105E+00
           K =  1.0877214488E+05
           L =  1.0876703674E+05
           Vnuc =  2.7667734627E+07
           Ven = -3.2563456785E+09
           Vrep =  3.2562369012E+09
           DelSqV =  2.4955725027E+09
           DelSqVen =  1.2037316936E+13
           DelSqVrep = -1.2034825557E+13
           DelSqG =  1.3404604392E+08
           DelSqK = -2.6296185467E+09
           Stress_EigVals = -3.6259345473E+04 -3.6259295010E+04 -3.6258612536E+04
           Stress_EigVec1 =  8.6349002418E-01  3.3110104022E-01  3.8046955109E-01
           Stress_EigVec2 = -4.4597244368E-01  8.5355705584E-01  2.6934908931E-01
           Stress_EigVec3 = -2.3557070621E-01 -4.0225918709E-01  8.8469994279E-01
           -DivStress = -2.5845740744E+01 -1.5900307059E+02 -7.4315215181E+01
           ESP =  -1.4701204883E+01     ESP at Nucleus =  -1.4701204884E+01
           ESPe = -2.3588606964E+01     ESPe at Nucleus = -2.3588607162E+01
           ESPn =  8.8874020810E+00     ESPn at Nucleus =  8.8874022773E+00

CP# 10     Coords =  5.97932103601722E+00  3.66943668741925E+00  2.31963478557193E+00
           Type = (3,-3) NACP H10
           Rho =  4.2368602808E-01     Rho at Nucleus =  4.1981886715E-01
           GradRho = -7.8589568880E-11 -1.0172175446E-09 -4.8410468169E-10
           HessRho_EigVals = -6.4473014458E+00 -6.4416804204E+00 -5.8303303279E+00
           HessRho_EigVec1 =  9.6911998272E-01 -1.6313844913E-01  1.8491161537E-01
           HessRho_EigVec2 = -2.3649742677E-01 -4.0257402135E-01  8.8430940539E-01
           HessRho_EigVec3 =  6.9824252356E-02  9.0073303689E-01  4.2872435205E-01
           DelSqRho = -1.8719312194E+01
           Bond Ellipticity = NA
           V = -4.6885506182E+00
           G =  4.3612848344E-03
           K =  4.6841893334E+00
           L =  4.6798280485E+00
           Vnuc =  3.7334161119E+01
           Ven = -1.5817962436E+01
           Vrep =  1.1129411818E+01
           DelSqV =  7.0396047376E+02
           DelSqVen =  6.9886981924E+02
           DelSqVrep =  5.0906545234E+00
           DelSqG =  6.9256243714E+01
           DelSqK = -7.7321671748E+02
           Stress_EigVals = -1.6150927527E+00 -1.6143938036E+00 -1.4590640619E+00
           Stress_EigVec1 =  9.6917616044E-01 -1.6432384941E-01  1.8356263932E-01
           Stress_EigVec2 = -2.3579058935E-01 -4.0268908269E-01  8.8444575903E-01
           Stress_EigVec3 =  7.1416860878E-02  9.0046608776E-01  4.2902267630E-01
           -DivStress =  5.6448894910E-01  7.2625861397E+00  3.4572604143E+00
           ESP =  -1.0709276280E+00     ESP at Nucleus =  -1.0735193019E+00
           ESPe = -1.0564169907E+01     ESPe at Nucleus = -1.0487810879E+01
           ESPn =  9.4932422792E+00     ESPn at Nucleus =  9.4142915773E+00

CP# 11     Coords =  7.50914739843165E+00  7.27537379086711E-01  1.38919076341270E+00
           Type = (3,-3) NACP H11
           Rho =  4.2258468514E-01     Rho at Nucleus =  4.1868485658E-01
           GradRho = -2.2810746347E-14  1.4089424072E-14  1.3669620991E-15
           HessRho_EigVals = -6.4271681216E+00 -6.4214903643E+00 -5.8078381605E+00
           HessRho_EigVec1 =  5.0718250799E-01  7.2498577864E-01  4.6600592739E-01
           HessRho_EigVec2 = -2.3649722811E-01 -4.0287891169E-01  8.8417059644E-01
           HessRho_EigVec3 =  8.2875506918E-01 -5.5864497071E-01 -3.2876009779E-02
           DelSqRho = -1.8656496647E+01
           Bond Ellipticity = NA
           V = -4.6728577474E+00
           G =  4.3667929025E-03
           K =  4.6684909545E+00
           L =  4.6641241616E+00
           Vnuc =  3.7395719842E+01
           Ven = -1.5802858495E+01
           Vrep =  1.1130000747E+01
           DelSqV =  7.0139000990E+02
           DelSqVen =  6.9767312182E+02
           DelSqVrep =  3.7168880814E+00
           DelSqG =  6.8976075631E+01
           DelSqK = -7.7036608553E+02
           Stress_EigVals = -1.6100760769E+00 -1.6093079242E+00 -1.4534737464E+00
           Stress_EigVec1 =  5.0641979243E-01  7.2609763111E-01  4.6510345510E-01
           Stress_EigVec2 = -2.3595405081E-01 -4.0210798391E-01  8.8466652202E-01
           Stress_EigVec3 =  8.2937607860E-01 -5.5775568072E-01 -3.2309764406E-02
           -DivStress =  6.7009644153E+00 -4.5147187703E+00 -2.6485113153E-01
           ESP =  -1.0713802618E+00     ESP at Nucleus =  -1.0739941567E+00
           ESPe = -1.0791759831E+01     ESPe at Nucleus = -1.0716117158E+01
           ESPn =  9.7203795691E+00     ESPn at Nucleus =  9.6421230015E+00

CP# 12     Coords =  3.63985150812148E+00  1.04777603548462E+00  5.02633058798343E-01
           Type = (3,-3) NACP C12
           Rho =  1.1760289166E+02     Rho at Nucleus =  1.1760289035E+02
           GradRho = -2.0405455103E-11  5.8990035079E-12  2.3803181648E-13
           HessRho_EigVals = -1.4489956280E+05 -1.4489953166E+05 -1.4489854978E+05
           HessRho_EigVec1 = -2.3315371349E-01 -3.8001186039E-01  8.9511470318E-01
           HessRho_EigVec2 =  7.4765474612E-02  9.1075359119E-01  4.0612562088E-01
           HessRho_EigVec3 =  9.6956148319E-01 -1.6161337227E-01  1.8393381476E-01
           DelSqRho = -4.3469764423E+05
           Bond Ellipticity = NA
           V = -1.0868473831E+05
           G =  5.1636256241E+00
           K =  1.0867957468E+05
           L =  1.0867441106E+05
           Vnuc =  1.4123171461E+06
           Ven = -1.6609258031E+08
           Vrep =  1.6598389557E+08
           DelSqV =  2.4934464759E+09
           DelSqVen =  6.1393094093E+11
           DelSqVrep = -6.1143749496E+11
           DelSqG =  1.3392151279E+08
           DelSqK = -2.6273679886E+09
           Stress_EigVals = -3.6228562758E+04 -3.6228222528E+04 -3.6227953024E+04
           Stress_EigVec1 =  9.7172307358E-01 -8.9329957788E-02  2.1857361898E-01
           Stress_EigVec2 = -8.6723275592E-03  9.1154879204E-01  4.1110046275E-01
           Stress_EigVec3 = -2.3596410533E-01 -4.0137134723E-01  8.8499829526E-01
           -DivStress =  4.1054410380E+02  3.0665760630E+03  1.5065095477E+03
           ESP =  -1.4684929703E+01     ESP at Nucleus =  -1.4684929786E+01
           ESPe = -2.5471960633E+01     ESPe at Nucleus = -2.5471958411E+01
           ESPn =  1.0787030930E+01     ESPn at Nucleus =  1.0787028624E+01

CP# 13     Coords =  1.96848838200975E+00  2.17805181764827E+00  5.68365062949004E-01
           Type = (3,-3) NACP H13
           Rho =  4.1856493210E-01     Rho at Nucleus =  4.1461397578E-01
           GradRho =  1.7535885938E-13 -1.1783456155E-13 -7.0247627160E-15
           HessRho_EigVals = -6.3765487256E+00 -6.3685595257E+00 -5.7512109655E+00
           HessRho_EigVec1 =  5.1089283589E-01  7.2204144099E-01  4.6652402697E-01
           HessRho_EigVec2 = -2.3767593788E-01 -4.0289725403E-01  8.8384611288E-01
           HessRho_EigVec3 =  8.2613477035E-01 -5.6243218275E-01 -3.4225444006E-02
           DelSqRho = -1.8496319217E+01
           Bond Ellipticity = NA
           V = -4.6329964160E+00
           G =  4.4583058975E-03
           K =  4.6285381101E+00
           L =  4.6240798042E+00
           Vnuc =  3.9447704769E+01
           Ven = -1.6511425868E+01
           Vrep =  1.1878429452E+01
           DelSqV =  6.9516536694E+02
           DelSqVen =  7.2963733977E+02
           DelSqVrep = -3.4471972828E+01
           DelSqG =  6.8466402800E+01
           DelSqK = -7.6363176974E+02
           Stress_EigVals = -1.5970685445E+00 -1.5962440222E+00 -1.4396838493E+00
           Stress_EigVec1 =  5.0877759231E-01  7.1973616585E-01  4.7236131629E-01
           Stress_EigVec2 = -2.4098355912E-01 -4.0768432704E-01  8.8074991554E-01
           Stress_EigVec3 =  8.2648187264E-01 -5.6193713264E-01 -3.3976067463E-02
           -DivStress = -6.7102988040E+00  4.5387798949E+00  2.6506113479E-01
           ESP =  -1.0648507363E+00     ESP at Nucleus =  -1.0675086010E+00
           ESPe = -1.3141989177E+01     ESPe at Nucleus = -1.3077891880E+01
           ESPn =  1.2077138441E+01     ESPn at Nucleus =  1.2010383279E+01

CP# 14     Coords =  3.34520528565067E+00 -1.36878235543004E+00 -6.75599716213828E-01
           Type = (3,-3) NACP C14
           Rho =  1.1802566040E+02     Rho at Nucleus =  1.1802565930E+02
           GradRho =  3.9795944318E-12 -5.6794569048E-12 -5.2947091156E-12
           HessRho_EigVals = -1.4545518651E+05 -1.4545516163E+05 -1.4545426229E+05
           HessRho_EigVec1 =  9.7876953372E-01 -2.0441371552E-01  1.5007756711E-02
           HessRho_EigVec2 = -1.0391052258E-01 -4.3176045619E-01  8.9598298632E-01
           HessRho_EigVec3 =  1.7667145539E-01  8.7852031358E-01  4.4383471639E-01
           DelSqRho = -4.3636461044E+05
           Bond Ellipticity = NA
           V = -1.0910129784E+05
           G =  5.0726153900E+00
           K =  1.0909622522E+05
           L =  1.0909115261E+05
           Vnuc =  1.5399487884E+06
           Ven = -1.8175347274E+08
           Vrep =  1.8164437144E+08
           DelSqV =  2.5030008489E+09
           DelSqVen =  6.7197915034E+11
           DelSqVrep = -6.6947615051E+11
           DelSqG =  1.3446899820E+08
           DelSqK = -2.6374698471E+09
           Stress_EigVals = -3.6367705100E+04 -3.6366799160E+04 -3.6366793580E+04
           Stress_EigVec1 =  1.4454135889E-01  8.8627186076E-01  4.4003407185E-01
           Stress_EigVec2 = -9.6446685586E-02 -4.2996779337E-01  8.9767796759E-01
           Stress_EigVec3 =  9.8478720159E-01 -1.7219142105E-01  2.3329854369E-02
           -DivStress = -2.9963423205E+02 -2.8599213312E+03 -1.3779333615E+03
           ESP =  -1.4706951856E+01     ESP at Nucleus =  -1.4706951939E+01
           ESPe = -2.5881117044E+01     ESPe at Nucleus = -2.5881117984E+01
           ESPn =  1.1174165188E+01     ESPn at Nucleus =  1.1174166045E+01

CP# 15     Coords =  3.03030386830915E+00 -3.31923307494684E+00 -1.64241011123462E+00
           Type = (3,-3) NACP N15
           Rho =  1.9191825800E+02     Rho at Nucleus =  1.9191823795E+02
           GradRho = -5.2212567603E-11  6.3575811282E-11 -3.9916958627E-12
           HessRho_EigVals = -3.2305004484E+05 -3.2304986194E+05 -3.2304266607E+05
           HessRho_EigVec1 =  9.7416257198E-01 -1.9291931338E-01  1.1742836917E-01
           HessRho_EigVec2 = -1.8904871165E-01 -4.1207840995E-01  8.9132035132E-01
           HessRho_EigVec3 =  1.2356321452E-01  8.9049060780E-01  4.3790251134E-01
           DelSqRho = -9.6914257284E+05
           Bond Ellipticity = NA
           V = -2.4231692422E+05
           G =  1.5640503601E+01
           K =  2.4230128371E+05
           L =  2.4228564321E+05
           Vnuc =  6.2828838694E+05
           Ven = -1.2058001275E+08
           Vrep =  1.2033769582E+08
           DelSqV =  7.6083694134E+09
           DelSqVen =  6.0890102400E+11
           DelSqVrep = -6.0129265465E+11
           DelSqG =  4.0792300389E+08
           DelSqK = -8.0162924173E+09
           Stress_EigVals = -8.0773607643E+04 -8.0771679923E+04 -8.0771636652E+04
           Stress_EigVec1 =  1.2463297369E-01  8.9035521117E-01  4.3787466223E-01
           Stress_EigVec2 = -2.0241967807E-01 -4.0921776340E-01  8.8970056539E-01
           Stress_EigVec3 =  9.7133562469E-01 -1.9952047532E-01  1.2922338847E-01
           -DivStress = -4.1529306710E+03 -2.4369428935E+04 -1.2099896121E+04
           ESP =  -1.8368056622E+01     ESP at Nucleus =  -1.8368057479E+01
           ESPe = -2.7320448304E+01     ESPe at Nucleus = -2.7320428911E+01
           ESPn =  8.9523916815E+00     ESPn at Nucleus =  8.9523714325E+00

CP# 16     Coords = -6.30909454006328E+00  3.56853077349060E-01  2.61933615693850E+00
           Type = (3,-3) NACP H16
           Rho =  4.2949973508E-01     Rho at Nucleus =  4.2590814079E-01
           GradRho = -7.4593109467E-16 -3.3350058826E-16 -1.3322676296E-15
           HessRho_EigVals = -6.5656495528E+00 -6.5576268849E+00 -5.9681216057E+00
           HessRho_EigVec1 = -3.1030302662E-02  9.2918309264E-01 -3.6831494765E-01
           HessRho_EigVec2 =  6.4847940821E-01  2.9912567997E-01  6.9999877479E-01
           HessRho_EigVec3 =  7.6059948557E-01 -2.1712348544E-01 -6.1183806242E-01
           DelSqRho = -1.9091398043E+01
           Bond Ellipticity = NA
           V = -4.7819743014E+00
           G =  4.5623952495E-03
           K =  4.7774119061E+00
           L =  4.7728495109E+00
           Vnuc =  3.9528991988E+01
           Ven = -1.6977691587E+01
           Vrep =  1.2195717285E+01
           DelSqV =  7.1968630062E+02
           DelSqVen =  7.5466372029E+02
           DelSqVrep = -3.4977419670E+01
           DelSqG =  7.1065887908E+01
           DelSqK = -7.9075218853E+02
           Stress_EigVals = -1.6445211151E+00 -1.6434773798E+00 -1.4939758064E+00
           Stress_EigVec1 = -8.2716141540E-02  9.0152495015E-01 -4.2474793017E-01
           Stress_EigVec2 =  6.4392588379E-01  3.7363911530E-01  6.6764756249E-01
           Stress_EigVec3 =  7.6060337635E-01 -2.1828095605E-01 -6.1142123623E-01
           -DivStress = -5.9625049145E+00  1.7061181587E+00  4.7968968426E+00
