AIMSum (Version 19.02.13, Professional)
Copyright (c) 1997-2019 by Todd A. Keith
AIMSum is a component of the AIMAll package ( http://aim.tkgristmill.com )

TP:  64-bit Linux

Much of the Quantum Theory of Atoms in Molecules (QTAIM) is described in the book:
  "Atoms in Molecules - A Quantum Theory"
  R.F.W. Bader, Oxford University Press, Oxford, 1990

For additional references see:  http://aim.tkgristmill.com/references.html

Wfn File:  /home/mhennefarth/Documents/ML_Diels/summary-James2013/5-opt/5-opt.wfn
Sum File:  /home/mhennefarth/Documents/ML_Diels/summary-James2013/5-opt/5-opt.sum

SumViz File:  /home/mhennefarth/Documents/ML_Diels/summary-James2013/5-opt/5-opt.sumviz

Wfn Title:   Title Card Required                                                           
 
Total memory allocated for AIMSum =        1.035 Megabytes

Atomic units (a.u.) used throughout, except where stated otherwise

Model:  Restricted SCF
 
Restricted, closed-shell, single-determinant wavefunction.
  Number of electrons (from MO Occs)                   =          62.0000000000
  Number of Alpha electrons (from MO Occs)             =          31.0000000000
  Number of Beta electrons (from MO Occs)              =          31.0000000000
  Number of electron pairs (N*(N-1)/2)                 =        1891.0000000000
  Number of electron pairs (from Muller 2EDM)          =        1891.0000000000
 
Nuclear Charges and Cartesian Coordinates:
-------------------------------------------------------------------------------
Atom      Charge                X                  Y                  Z
-------------------------------------------------------------------------------
C1         6.0           1.4974393200E+00   2.5533147900E+00   2.3411340400E+00
H2         1.0           3.3004930000E-01   1.7706444600E+00   3.8363547200E+00
H3         1.0           2.0085766100E+00   4.5367156700E+00   2.5045389000E+00
C4         6.0           2.2635299600E+00   1.1488716500E+00   3.7406706000E-01
C5         6.0           1.6290528100E+00  -1.5922302600E+00   1.8684918000E-01
C6         6.0           1.7892233900E+00  -3.1181663000E+00   2.2050594300E+00
H7         1.0           2.4418254200E+00  -2.4333175400E+00   4.0261298600E+00
H8         1.0           1.2999968500E+00  -5.1099941500E+00   2.0832337700E+00
C9         6.0          -5.8694420900E+00  -5.6493471000E-01   2.6493727000E-01
H10        1.0          -7.6310202800E+00  -1.5848963700E+00  -2.2017660000E-02
C11        6.0          -5.5509949000E+00   1.7956528800E+00  -5.4809916000E-01
H12        1.0          -7.0387201300E+00   2.8135577300E+00  -1.5362209500E+00
H13        1.0          -3.7853034300E+00   2.8033836300E+00  -2.4986952000E-01
C14        6.0           3.7919033400E+00   2.2949615600E+00  -1.7540757200E+00
H15        1.0           5.5608874300E+00   1.2539250200E+00  -2.0563351300E+00
H16        1.0           2.7548680800E+00   2.2464050300E+00  -3.5492461300E+00
H17        1.0           4.2641526700E+00   4.2667245000E+00  -1.3504603000E+00
C18        6.0           8.3273658000E-01  -2.5917724400E+00  -2.3710799000E+00
H19        1.0           2.3324799200E+00  -2.3562182700E+00  -3.7835291800E+00
H20        1.0           3.7240104000E-01  -4.6048124400E+00  -2.2690018100E+00
H21        1.0          -8.3574001000E-01  -1.5833877400E+00  -3.0782352400E+00
H22        1.0          -4.3751438900E+00  -1.5729125000E+00   1.2519055600E+00
 
Some Atomic Properties:
----------------------
  q(A) = Net Charge of Atom A
  L(A) = Lagrangian of Atom A = -(1/4) Times Atomic Integral of the Laplacian of the Electron Density
  K(A) = Electronic Kinetic Energy of Atom A (Hamiltonian Form)
  K_Scaled(A) = K(A) * E(Mol)/K(Mol) = Approximation to Virial-Based Total Energy of Atom A.
  |Mu_Intra(A)| = Magnitude of Intraatomic Dipole Moment of Atom A
--------------------------------------------------------------------------------------------------
Atom A          q(A)              L(A)              K(A)          K_Scaled(A)      |Mu_Intra(A)|
--------------------------------------------------------------------------------------------------
C1       -1.0253080590E-01 -5.5798289904E-05  3.7717076479E+01 -3.8107238514E+01  1.2950079142E-01
H2        4.2495558310E-02  2.6537085881E-05  5.9456307101E-01 -6.0071349302E-01  1.4966214122E-01
H3        3.1990402290E-02  2.6523714961E-05  5.9824909095E-01 -6.0443764278E-01  1.5225020462E-01
C4       -5.4356178000E-03 -4.3530172650E-04  3.7704711202E+01 -3.8094745325E+01  2.6635007159E-02
C5       -5.3333926000E-03 -2.3933567177E-05  3.7705162233E+01 -3.8095201021E+01  2.9633344589E-02
C6       -1.0160030230E-01 -1.6465765904E-04  3.7716408704E+01 -3.8106563831E+01  1.2838419208E-01
H7        4.0960811230E-02  2.4398705321E-05  5.9530805974E-01 -6.0146618824E-01  1.5027745390E-01
H8        3.1962715900E-02  2.6600284611E-05  5.9821550594E-01 -6.0440371035E-01  1.5242787857E-01
C9       -8.5960059300E-02  1.8697966162E-05  3.7696184409E+01 -3.8086130326E+01  9.3206440714E-02
H10       3.5375055960E-02  1.8247263858E-05  5.9739764134E-01 -6.0357738540E-01  1.4819213543E-01
C11      -8.6668056300E-02 -1.4173581802E-04  3.7696749952E+01 -3.8086701720E+01  9.8427050075E-02
H12       3.5117019750E-02  1.8024415779E-05  5.9746604975E-01 -6.0364650146E-01  1.4835799167E-01
H13       4.9909559680E-02  1.9923303718E-05  5.9125551208E-01 -5.9737171925E-01  1.4364603332E-01
C14      -2.5422225400E-02 -5.7246115896E-05  3.7692403892E+01 -3.8082310703E+01  8.2218664793E-02
H15       1.9595065850E-02  3.2106617547E-05  6.0230394150E-01 -6.0853443848E-01  1.5406319125E-01
H16       2.0993543450E-02  2.7742106813E-05  6.0303049243E-01 -6.0926850517E-01  1.5109464667E-01
H17       1.8762791610E-02  2.9803163726E-05  6.0445780380E-01 -6.1071058128E-01  1.5288926303E-01
C18      -2.7636886400E-02  6.3464289510E-05  3.7694451883E+01 -3.8084379879E+01  8.9408053053E-02
H19       1.7209651310E-02  2.7100920182E-05  6.0460309787E-01 -6.1085737834E-01  1.5165073135E-01
H20       1.7482806900E-02  2.6545888278E-05  6.0490208124E-01 -6.1115945452E-01  1.5316037216E-01
H21       2.9910402820E-02  1.0267615330E-05  5.9805046732E-01 -6.0423696449E-01  1.5014569005E-01
H22       4.8477418990E-02  2.9042164645E-05  5.9216921811E-01 -5.9829487706E-01  1.4310564677E-01
--------------------------------------------------------------------------------------------------
Total    -3.4454195000E-04 -4.5364767021E-04  3.1000512079E+02 -3.1321195016E+02
 
1st Largest |L(A)| = 4.3530172650E-04, atom C4      
2nd Largest |L(A)| = 1.6465765904E-04, atom C6      
 
Molecular charge q(Mol) from the wfn file:   0.0000000000E+00
Molecular energy E(Mol) from the wfn file:  -3.1321208242E+02
Molecular virial ratio (-V(Mol)/T(Mol)) from the wfn file:   2.0103444400E+00
Note.  K_Scaled(A) = (1+V(Mol)/T(Mol))*K(A) = (E(Mol)/T(Mol))*K(A)
       Only use K_Scaled(A) data with caution.
 
N_AIMInt(SumA)     =         62.000345
N_Analytic(Mol)    =         61.999989
 
G_AIMInt(SumA)     =        310.005574
G_Analytic(Mol)    =        310.005229
 
K_AIMInt(SumA)     =        310.005121
K_Analytic(Mol)    =        310.005229
 
L_AIMInt(SumA)     =         -0.000454
L_Analytic(Mol)    =          0.000000
 
VenT_AIMInt(SumA)  =      -1413.695228
VenT_Analytic(Mol) =      -1413.689935
 
Some Information About the Atomic Calculations:
----------------------------------------------
  Time(sec) = "Elapsed User Time", in Seconds, for Atom A by AIMInt and, if used, by TWOe
  NProc = Number of Processors Used for AIMInt Job
  BIM = Basin Integration Method
  OAQ = Angular Quadrature Outside of Beta Sphere
  ORQ = Multiple of Default for Radial Quadrature Outside of Beta Sphere
  IAQ = Multiple of Default for Angular Quadrature Inside of Beta Sphere
  IRQ = Multiple of Default for Radial Quadrature Inside of Beta Sphere
  MIR = Maximum Integration Radius
------------------------------------------------------------------------------------------------------
Atom A     Time(sec)   NProc      BIM          OAQ                     ORQ      IAQ      IRQ      MIR
------------------------------------------------------------------------------------------------------
C1             28        8     Proaim(5)    4500(GS4)                  1.00     1.00     1.00    13.00
H2              6        8     Proaim(5)    1800(GS4)                  1.00     1.00     1.00    13.00
H3              6        8     Proaim(5)    1800(GS4)                  1.00     1.00     1.00    13.00
C4             36        8     Proaim(5)    4500(GS4)                  1.00     1.00     1.00    13.00
C5             44        8     Proaim(5)    4500(GS4)                  1.00     1.00     1.00    13.00
C6             25        8     Proaim(5)    4500(GS4)                  1.00     1.00     1.00    13.00
H7              5        8     Proaim(5)    1800(GS4)                  1.00     1.00     1.00    13.00
H8              6        8     Proaim(5)    1800(GS4)                  1.00     1.00     1.00    13.00
C9             29        8     Proaim(5)    4500(GS4)                  1.00     1.00     1.00    13.00
H10             5        8     Proaim(5)    1800(GS4)                  1.00     1.00     1.00    13.00
C11            20        8     Proaim(5)    4500(GS4)                  1.00     1.00     1.00    13.00
H12             5        8     Proaim(5)    1800(GS4)                  1.00     1.00     1.00    13.00
H13            12        8     Proaim(5)    4500(GS4)                  1.00     1.00     1.00    13.00
C14            28        8     Proaim(5)    4500(GS4)                  1.00     1.00     1.00    13.00
H15             5        8     Proaim(5)    1800(GS4)                  1.00     1.00     1.00    13.00
H16             8        8     Proaim(5)    1800(GS4)                  1.00     1.00     1.00    13.00
H17             6        8     Proaim(5)    1800(GS4)                  1.00     1.00     1.00    13.00
C18            33        8     Proaim(5)    4500(GS4)                  1.00     1.00     1.00    13.00
H19             6        8     Proaim(5)    1800(GS4)                  1.00     1.00     1.00    13.00
H20             5        8     Proaim(5)    1800(GS4)                  1.00     1.00     1.00    13.00
H21            15        8     Proaim(5)    4500(GS4)                  1.00     1.00     1.00    13.00
H22            13        8     Proaim(5)    4500(GS4)                  1.00     1.00     1.00    13.00
------------------------------------------------------------------------------------------------------
Total         346
Note:  Total wall clock time is less than total of atomic times if more than one atom
       was calculated at a time
 
Electron Density Critical Point Analysis of Molecular Structure:               
---------------------------------------------------------------                
  NACP = Nuclear Attractor Critical Point                                      
  NNACP = Non-Nuclear Attractor Critical Point                                 
  BCP = Bond Critical Point                                                    
  RCP = Ring Critical Point                                                    
  CCP = Cage Critical Point                                                    
  Rho = Electron Density                                                       
  GradRho = Gradient of Electron Density                                       
  HessRho_EigVals = Eigenvalues of the Hessian of Rho, Ascending Order         
  HessRho_EigVecs = Eigenvectors of the Hessian of Rho                         
  DelSqRho = Laplacian of Rho = Trace of Hessian of Rho                        
  Bond Ellipticity = (HessRho_EigVal(1) / HessRho_EigVal(2)) - 1               
  V = Virial Field = Potential Energy Density = Trace of Stress Tensor         
  G = Lagrangian Form of Kinetic Energy Density                                
  K = Hamiltonian Form of Kinetic Energy Density                               
  L = K - G = Lagrangian Density = (-1/4)DelSqRho                              
  Vnuc = Electrostatic Potential from Nuclei                                   
  Ven = Electron-nuclear attractive contribution to Virial Field V             
  Vrep = V - Ven = Repulsive contribution to Virial Field V                    
  DelSqV = Laplacian of V                                                      
  DelSqVen = Laplacian of Ven                                                  
  DelSqVrep = Laplacian of Vrep                                                
  DelSqG = Laplacian of G                                                      
  DelSqK = Laplacian of K                                                      
  Stress_EigVals = Eigenvalues of Stress Tensor, Ascending Order               
  Stress_EigVecs = Eigenvectors of Stress Tensor                               
  -DivStress = Ehrenfest Force Density = Minus Divergence of Stress Tensor     
  ESP = Total Electrostatic Potential                                          
  ESPe = Electrostatic Potential from Electrons                                
  ESPn = Electrostatic Potential from Nuclei                                   
  BP = Bond Path                                                               
  BPL = Bond Path Length                                                       
  GBL = Geometric Bond Length                                                  
  GBL_I = Distance Between Nuclear Attractors                                  
  GBL_II = Distance Between Nuclei                                             
  GBL_III = Sum of Distances Between BCP and Nuclear Attractors                
  GBL_IV = Sum of Distances Between BCP and Nuclei                             

CP# 1      Coords =  1.49743908199379E+00  2.55331547746841E+00  2.34113478044432E+00
           Type = (3,-3) NACP C1
           Rho =  1.1768956354E+02     Rho at Nucleus =  1.1768956346E+02
           GradRho = -4.6606274395E-11  1.5643782797E-10  1.5207313186E-10
           HessRho_EigVals = -1.4502399713E+05 -1.4502322271E+05 -1.4502310614E+05
           HessRho_EigVec1 =  7.9084093257E-01 -2.5592681626E-01  5.5594251869E-01
           HessRho_EigVec2 =  3.9933712011E-01  9.0414183918E-01 -1.5184663035E-01
           HessRho_EigVec3 = -4.6378926666E-01  3.4209501511E-01  8.1723345304E-01
           DelSqRho = -4.3507032598E+05
           Bond Ellipticity = NA
           V = -1.0877784832E+05
           G =  5.1334152441E+00
           K =  1.0877271491E+05
           L =  1.0876758149E+05
           Vnuc =  5.7801605920E+06
           Ven = -6.8026457724E+08
           Vrep =  6.8015579939E+08
           DelSqV =  2.4955932745E+09
           DelSqVen =  2.5147764244E+12
           DelSqVrep = -2.5122808312E+12
           DelSqG =  1.3405384231E+08
           DelSqK = -2.6296471169E+09
           Stress_EigVals = -3.6259504820E+04 -3.6259414307E+04 -3.6258929198E+04
           Stress_EigVec1 = -3.6508440647E-01  4.8510685850E-01  7.9459720110E-01
           Stress_EigVec2 =  4.5728435290E-01  8.3689550351E-01 -3.0082708787E-01
           Stress_EigVec3 =  8.1092810825E-01 -2.5352958810E-01  5.2736927405E-01
           -DivStress =  1.9458415343E+02 -5.6027821475E+02 -6.0332923723E+02
           ESP =  -1.4754836630E+01     ESP at Nucleus =  -1.4754836643E+01
           ESPe = -2.5820127604E+01     ESPe at Nucleus = -2.5820129236E+01
           ESPn =  1.1065290975E+01     ESPn at Nucleus =  1.1065292593E+01

CP# 2      Coords =  3.50062873621669E-01  1.78413406165430E+00  3.81083654174072E+00
           Type = (3,-3) NACP H2
           Rho =  4.2493888103E-01     Rho at Nucleus =  4.2122319125E-01
           GradRho =  4.4604077376E-16  1.0014233366E-15  5.1065922324E-16
           HessRho_EigVals = -6.4673012125E+00 -6.4602847298E+00 -5.8656263899E+00
           HessRho_EigVec1 =  2.3763532653E-02  8.7699585482E-01  4.7990995524E-01
           HessRho_EigVec2 =  8.2172163697E-01 -2.9054674115E-01  4.9026130026E-01
           HessRho_EigVec3 = -5.6939340165E-01 -3.8270205360E-01  7.2755088641E-01
           DelSqRho = -1.8793212332E+01
           Bond Ellipticity = NA
           V = -4.7079585538E+00
           G =  4.8277353906E-03
           K =  4.7031308184E+00
           L =  4.6983030830E+00
           Vnuc =  4.0500733952E+01
           Ven = -1.7210336566E+01
           Vrep =  1.2502378013E+01
           DelSqV =  7.0750103680E+02
           DelSqVen =  7.6113889276E+02
           DelSqVrep = -5.3637855954E+01
           DelSqG =  6.9613109671E+01
           DelSqK = -7.7711414647E+02
           Stress_EigVals = -1.6201190181E+00 -1.6197162208E+00 -1.4681233149E+00
           Stress_EigVec1 = -7.0986356625E-02  9.0533547887E-01  4.1872259059E-01
           Stress_EigVec2 =  8.1840545757E-01 -1.8711916949E-01  5.4332211756E-01
           Stress_EigVec3 = -5.7023981288E-01 -3.8125331095E-01  7.2764858874E-01
           -DivStress = -4.5104557676E+00 -3.0397776417E+00  5.7510572361E+00
           ESP =  -1.1155961232E+00     ESP at Nucleus =  -1.1180731309E+00
           ESPe = -1.3145705490E+01     ESPe at Nucleus = -1.3073387801E+01
           ESPn =  1.2030109367E+01     ESPn at Nucleus =  1.1955314670E+01

CP# 3      Coords =  1.99996331942745E+00  4.50332324517363E+00  2.50177470176488E+00
           Type = (3,-3) NACP H3
           Rho =  4.2596371214E-01     Rho at Nucleus =  4.2234131102E-01
           GradRho = -7.8460042890E-10 -3.0421286762E-09 -2.5171311997E-10
           HessRho_EigVals = -6.4925437379E+00 -6.4861672086E+00 -5.8990043386E+00
           HessRho_EigVec1 =  4.8899219393E-01 -5.3537644120E-02 -8.7064364406E-01
           HessRho_EigVec2 =  8.3614277286E-01 -2.5557622932E-01  4.8533087106E-01
           HessRho_EigVec3 =  2.4849929108E-01  9.6530539814E-01  8.0209666885E-02
           DelSqRho = -1.8877715285E+01
           Bond Ellipticity = NA
           V = -4.7290321981E+00
           G =  4.8016884327E-03
           K =  4.7242305097E+00
           L =  4.7194288213E+00
           Vnuc =  4.0099930136E+01
           Ven = -1.7081115097E+01
           Vrep =  1.2352082899E+01
           DelSqV =  7.1126093511E+02
           DelSqVen =  7.5699506930E+02
           DelSqVrep = -4.5734134192E+01
           DelSqG =  7.0063404074E+01
           DelSqK = -7.8132433919E+02
           Stress_EigVals = -1.6264364908E+00 -1.6260984057E+00 -1.4764973016E+00
           Stress_EigVec1 = -5.7804317283E-01  7.9951290070E-02  8.1207997239E-01
           Stress_EigVec2 =  7.7746913820E-01 -2.4825914787E-01  5.7784871259E-01
           Stress_EigVec3 =  2.4780603199E-01  9.6538861953E-01  8.1344844931E-02
           -DivStress =  1.9494475144E+00  7.5598708237E+00  6.2666834611E-01
           ESP =  -1.1138045866E+00     ESP at Nucleus =  -1.1162317864E+00
           ESPe = -1.2308663654E+01     ESPe at Nucleus = -1.2227328497E+01
           ESPn =  1.1194859067E+01     ESPn at Nucleus =  1.1111096710E+01

CP# 4      Coords =  2.26353053296068E+00  1.14887075759925E+00  3.74065254804023E-01
           Type = (3,-3) NACP C4
           Rho =  1.1766337242E+02     Rho at Nucleus =  1.1766337211E+02
           GradRho =  5.8038144603E-10 -9.0155153438E-10 -1.7855526242E-09
           HessRho_EigVals = -1.4497978613E+05 -1.4497890011E+05 -1.4497848757E+05
           HessRho_EigVec1 =  8.7299038481E-01 -1.7342326367E-01  4.5586418992E-01
           HessRho_EigVec2 =  3.9466362273E-01  8.0034641071E-01 -4.5131612840E-01
           HessRho_EigVec3 = -2.8658055224E-01  5.7390765327E-01  7.6713857457E-01
           DelSqRho = -4.3493717381E+05
           Bond Ellipticity = NA
           V = -1.0874445979E+05
           G =  5.0831705764E+00
           K =  1.0873937662E+05
           L =  1.0873429345E+05
           Vnuc =  2.8658134587E+06
           Ven = -3.3720127629E+08
           Vrep =  3.3709253183E+08
           DelSqV =  2.4948175815E+09
           DelSqVen =  1.2464488284E+12
           DelSqVrep = -1.2439540108E+12
           DelSqG =  1.3400024097E+08
           DelSqK = -2.6288178225E+09
           Stress_EigVals = -3.6248437631E+04 -3.6248227316E+04 -3.6247794848E+04
           Stress_EigVec1 = -2.8146697681E-01  5.8586749840E-01  7.5995764046E-01
           Stress_EigVec2 =  4.2739191459E-01  7.8562394169E-01 -4.4736022798E-01
           Stress_EigVec3 =  8.5913473467E-01 -1.9888262004E-01  4.7152222761E-01
           -DivStress = -4.6682897271E+02  7.2289865063E+02  1.4648702692E+03
           ESP =  -1.4730856883E+01     ESP at Nucleus =  -1.4730856912E+01
           ESPe = -2.7923919925E+01     ESPe at Nucleus = -2.7923919889E+01
           ESPn =  1.3193063043E+01     ESPn at Nucleus =  1.3193062977E+01

CP# 5      Coords =  1.62905268915778E+00 -1.59222915052111E+00  1.86847451599623E-01
           Type = (3,-3) NACP C5
           Rho =  1.1766433497E+02     Rho at Nucleus =  1.1766433467E+02
           GradRho = -9.5853268031E-11  1.0514046031E-09 -1.6502881893E-09
           HessRho_EigVals = -1.4498147418E+05 -1.4498059565E+05 -1.4498018718E+05
           HessRho_EigVec1 =  9.7193847809E-01 -1.4263978085E-01 -1.8705477198E-01
           HessRho_EigVec2 =  2.2573524510E-01  7.8925178239E-01  5.7107374577E-01
           HessRho_EigVec3 =  6.6175478242E-02 -5.9727340215E-01  7.9930300210E-01
           DelSqRho = -4.3494225700E+05
           Bond Ellipticity = NA
           V = -1.0874573529E+05
           G =  5.0855217503E+00
           K =  1.0874064977E+05
           L =  1.0873556425E+05
           Vnuc =  2.9163087372E+06
           Ven = -3.4314552814E+08
           Vrep =  3.4303678241E+08
           DelSqV =  2.4948472421E+09
           DelSqVen =  1.2684259164E+12
           DelSqVrep = -1.2659310692E+12
           DelSqG =  1.3400230204E+08
           DelSqK = -2.6288495442E+09
           Stress_EigVals = -3.6248861181E+04 -3.6248652588E+04 -3.6248221526E+04
           Stress_EigVec1 =  5.7329153926E-02 -6.1731819007E-01  7.8462196013E-01
           Stress_EigVec2 =  2.6016240306E-01  7.6799821973E-01  5.8523009024E-01
           Stress_EigVec3 =  9.6386144862E-01 -1.7057838872E-01 -2.0463167194E-01
           -DivStress =  9.9865677978E+01 -8.9908058991E+02  1.4031604905E+03
           ESP =  -1.4731852739E+01     ESP at Nucleus =  -1.4731852768E+01
           ESPe = -2.8006106797E+01     ESPe at Nucleus = -2.8006106509E+01
           ESPn =  1.3274254058E+01     ESPn at Nucleus =  1.3274253741E+01

CP# 6      Coords =  1.78922324550454E+00 -3.11816699937217E+00  2.20506022725062E+00
           Type = (3,-3) NACP C6
           Rho =  1.1768743430E+02     Rho at Nucleus =  1.1768743421E+02
           GradRho = -5.3166943070E-11 -1.5962943467E-10  1.8504270338E-10
           HessRho_EigVals = -1.4502053750E+05 -1.4501974893E+05 -1.4501963309E+05
           HessRho_EigVec1 =  9.2964441898E-01 -2.1676914741E-01 -2.9794696002E-01
           HessRho_EigVec2 =  3.1598244455E-01  8.8495032234E-01  3.4207897001E-01
           HessRho_EigVec3 =  1.8951609163E-01 -4.1215781409E-01  8.9118437335E-01
           DelSqRho = -4.3505991952E+05
           Bond Ellipticity = NA
           V = -1.0877523926E+05
           G =  5.1296904166E+00
           K =  1.0877010957E+05
           L =  1.0876497988E+05
           Vnuc =  5.6057522704E+06
           Ven = -6.5972660200E+08
           Vrep =  6.5961782676E+08
           DelSqV =  2.4955328016E+09
           DelSqVen =  2.4388380918E+12
           DelSqVrep = -2.4363426245E+12
           DelSqG =  1.3404982880E+08
           DelSqK = -2.6295826304E+09
           Stress_EigVals = -3.6258636372E+04 -3.6258545589E+04 -3.6258057299E+04
           Stress_EigVec1 =  1.1345338020E-01 -5.4269016403E-01  8.3223537319E-01
           Stress_EigVec2 =  3.2709317496E-01  8.1134993094E-01  4.8448048924E-01
           Stress_EigVec3 =  9.3815690874E-01 -2.1725256138E-01 -2.6956064096E-01
           -DivStress =  1.1608495503E+02  5.7008022447E+02 -6.4951116809E+02
           ESP =  -1.4755107320E+01     ESP at Nucleus =  -1.4755107334E+01
           ESPe = -2.5636937730E+01     ESPe at Nucleus = -2.5636939417E+01
           ESPn =  1.0881830410E+01     ESPn at Nucleus =  1.0881832083E+01

CP# 7      Coords =  2.43062333406009E+00 -2.44512775458570E+00  3.99505670901983E+00
           Type = (3,-3) NACP H7
           Rho =  4.2510297919E-01     Rho at Nucleus =  4.2139534915E-01
           GradRho = -1.6696345695E-11 -1.7601504564E-11 -4.6336213620E-11
           HessRho_EigVals = -6.4696300316E+00 -6.4625936768E+00 -5.8684430716E+00
           HessRho_EigVec1 = -1.4755519631E-01 -9.0644140174E-01  3.9571637475E-01
           HessRho_EigVec2 =  9.3629207419E-01 -2.5694767217E-01 -2.3944737537E-01
           HessRho_EigVec3 =  3.1872341591E-01  3.3517440083E-01  8.8660786438E-01
           DelSqRho = -1.8800666780E+01
           Bond Ellipticity = NA
           V = -4.7098456892E+00
           G =  4.8394970897E-03
           K =  4.7050061921E+00
           L =  4.7001666950E+00
           Vnuc =  4.0044997078E+01
           Ven = -1.7023247560E+01
           Vrep =  1.2313401871E+01
           DelSqV =  7.0782034583E+02
           DelSqVen =  7.5287264636E+02
           DelSqVrep = -4.5052300525E+01
           DelSqG =  6.9641034396E+01
           DelSqK = -7.7746138023E+02
           Stress_EigVals = -1.6207048964E+00 -1.6203073504E+00 -1.4688334424E+00
           Stress_EigVec1 = -3.6686702730E-02 -9.3087580052E-01  3.6348910555E-01
           Stress_EigVec2 =  9.4685455304E-01 -1.4869362126E-01 -2.8523089310E-01
           Stress_EigVec3 =  3.1956304734E-01  3.3370713359E-01  8.8685906872E-01
           -DivStress =  2.5256974157E+00  2.6622930970E+00  7.0056747832E+00
           ESP =  -1.1160485742E+00     ESP at Nucleus =  -1.1185233186E+00
           ESPe = -1.2653641579E+01     ESPe at Nucleus = -1.2576933294E+01
           ESPn =  1.1537593005E+01     ESPn at Nucleus =  1.1458409976E+01

CP# 8      Coords =  1.30824926987660E+00 -5.07645375070422E+00  2.08528782709993E+00
           Type = (3,-3) NACP H8
           Rho =  4.2591990537E-01     Rho at Nucleus =  4.2229690667E-01
           GradRho =  8.7008054754E-10  3.5374174288E-09  2.1669383345E-10
           HessRho_EigVals = -6.4915631889E+00 -6.4851055063E+00 -5.8979718723E+00
           HessRho_EigVec1 =  2.0845775225E-01 -1.1015810971E-01  9.7180788039E-01
           HessRho_EigVec2 =  9.4860552306E-01 -2.1912919898E-01 -2.2831985408E-01
           HessRho_EigVec3 =  2.3810276592E-01  9.6945736627E-01  5.8817411006E-02
           DelSqRho = -1.8874640568E+01
           Bond Ellipticity = NA
           V = -4.7282881513E+00
           G =  4.8140047270E-03
           K =  4.7234741466E+00
           L =  4.7186601419E+00
           Vnuc =  4.0048718028E+01
           Ven = -1.7057546193E+01
           Vrep =  1.2329258041E+01
           DelSqV =  7.1113839024E+02
           DelSqVen =  7.5590516405E+02
           DelSqVrep = -4.4766773806E+01
           DelSqG =  7.0048251124E+01
           DelSqK = -7.8118664136E+02
           Stress_EigVals = -1.6261883308E+00 -1.6258626198E+00 -1.4762372008E+00
           Stress_EigVec1 =  3.3430278537E-01 -1.3730077009E-01  9.3241093206E-01
           Stress_EigVec2 = -9.1198313616E-01  2.0245302011E-01  3.5679060247E-01
           Stress_EigVec3 =  2.3775703365E-01  9.6961913821E-01  5.7535378372E-02
           -DivStress = -1.8680423753E+00 -7.5921353617E+00 -4.6387663354E-01
           ESP =  -1.1144297356E+00     ESP at Nucleus =  -1.1168570634E+00
           ESPe = -1.2262861695E+01     ESPe at Nucleus = -1.2183348606E+01
           ESPn =  1.1148431959E+01     ESPn at Nucleus =  1.1066491543E+01

CP# 9      Coords = -5.86944237395899E+00 -5.64935626686035E-01  2.64937476763755E-01
           Type = (3,-3) NACP C9
           Rho =  1.1768167974E+02     Rho at Nucleus =  1.1768167967E+02
           GradRho = -8.0246054159E-11 -1.9507713085E-10  4.4547272121E-11
           HessRho_EigVals = -1.4501022037E+05 -1.4500915669E+05 -1.4500895655E+05
           HessRho_EigVec1 = -3.4235712006E-01  3.4462752869E-01  8.7408436024E-01
           HessRho_EigVec2 =  9.3947740249E-01  1.1250802039E-01  3.2361111778E-01
           HessRho_EigVec3 =  1.3183798759E-02  9.3197307462E-01 -3.6228769733E-01
           DelSqRho = -4.3502833362E+05
           Bond Ellipticity = NA
           V = -1.0876726898E+05
           G =  5.0927892936E+00
           K =  1.0876217619E+05
           L =  1.0875708340E+05
           Vnuc =  6.1119755103E+06
           Ven = -7.1926754459E+08
           Vrep =  7.1915877733E+08
           DelSqV =  2.4953478084E+09
           DelSqVen =  2.6588820275E+12
           DelSqVrep = -2.6563868108E+12
           DelSqG =  1.3403658307E+08
           DelSqK = -2.6293843915E+09
           Stress_EigVals = -3.6256020094E+04 -3.6255903087E+04 -3.6255345802E+04
           Stress_EigVec1 =  7.0796227758E-02  9.3668206777E-01 -3.4294984773E-01
           Stress_EigVec2 =  9.3681039320E-01  5.5650022593E-02  3.4538292109E-01
           Stress_EigVec3 = -3.4259915547E-01  3.4573078965E-01  8.7355368453E-01
           -DivStress =  2.3097832323E+02  7.4410817231E+02 -1.6806722055E+02
           ESP =  -1.4749948542E+01     ESP at Nucleus =  -1.4749948556E+01
           ESPe = -2.4087423226E+01     ESPe at Nucleus = -2.4087424190E+01
           ESPn =  9.3374746844E+00     ESPn at Nucleus =  9.3374756337E+00

CP# 10     Coords = -7.60119823241861E+00 -1.56766466612936E+00 -1.71498699791419E-02
           Type = (3,-3) NACP H10
           Rho =  4.2599616719E-01     Rho at Nucleus =  4.2233877006E-01
           GradRho =  9.4119726119E-15  7.1682907548E-15  1.9830464311E-15
           HessRho_EigVals = -6.4869672672E+00 -6.4806600252E+00 -5.8898520049E+00
           HessRho_EigVec1 = -3.8292354580E-01  7.9616907351E-01 -4.6849158419E-01
           HessRho_EigVec2 = -3.4350280713E-01  3.4806264919E-01  8.7227186916E-01
           HessRho_EigVec3 =  8.5754030784E-01  4.9494161132E-01  1.4020492791E-01
           DelSqRho = -1.8857479297E+01
           Bond Ellipticity = NA
           V = -4.7234200553E+00
           G =  4.5251154673E-03
           K =  4.7188949398E+00
           L =  4.7143698244E+00
           Vnuc =  3.8472823764E+01
           Ven = -1.6389275465E+01
           Vrep =  1.1665855409E+01
           DelSqV =  7.1019120504E+02
           DelSqVen =  7.2550047765E+02
           DelSqVrep = -1.5309272607E+01
           DelSqG =  6.9896307957E+01
           DelSqK = -7.8008751300E+02
           Stress_EigVals = -1.6250485991E+00 -1.6242974899E+00 -1.4740739663E+00
           Stress_EigVec1 = -3.8563455994E-01  7.9629904818E-01 -4.6604056910E-01
           Stress_EigVec2 = -3.4234477474E-01  3.4556035145E-01  8.7372083569E-01
           Stress_EigVec3 =  8.5678821268E-01  4.9648350363E-01  1.3934880421E-01
           -DivStress = -6.7426993249E+00 -3.8977728513E+00 -1.1000672338E+00
           ESP =  -1.1146518940E+00     ESP at Nucleus =  -1.1170836981E+00
           ESPe = -1.0839277396E+01     ESPe at Nucleus = -1.0762635845E+01
           ESPn =  9.7246255019E+00     ESPn at Nucleus =  9.6455521469E+00

CP# 11     Coords = -5.55099499509474E+00  1.79565374411593E+00 -5.48099569324049E-01
           Type = (3,-3) NACP C11
           Rho =  1.1768265803E+02     Rho at Nucleus =  1.1768265796E+02
           GradRho = -2.2648603479E-11  1.8451034667E-10 -9.1806743739E-11
           HessRho_EigVals = -1.4501159355E+05 -1.4501050985E+05 -1.4501031707E+05
           HessRho_EigVec1 = -3.4423120358E-01  3.4736717139E-01  8.7226195992E-01
           HessRho_EigVec2 =  8.9870381582E-01 -1.4697160913E-01  4.1319583438E-01
           HessRho_EigVec3 =  2.7172841205E-01  9.2614005115E-01 -2.6158798851E-01
           DelSqRho = -4.3503242047E+05
           Bond Ellipticity = NA
           V = -1.0876829006E+05
           G =  5.0924726785E+00
           K =  1.0876319759E+05
           L =  1.0875810512E+05
           Vnuc =  6.2443018138E+06
           Ven = -7.3484603497E+08
           Vrep =  7.3473726668E+08
           DelSqV =  2.4953713075E+09
           DelSqVen =  2.7164744090E+12
           DelSqVrep = -2.7139791032E+12
           DelSqG =  1.3403799297E+08
           DelSqK = -2.6294093004E+09
           Stress_EigVals = -3.6256360064E+04 -3.6256246505E+04 -3.6255683495E+04
           Stress_EigVec1 =  1.9608166577E-01  9.3533073863E-01 -2.9446288342E-01
           Stress_EigVec2 =  9.1828840925E-01 -6.9820537760E-02  3.8970692827E-01
           Stress_EigVec3 = -3.4394531220E-01  3.4681623646E-01  8.7259390345E-01
           -DivStress =  7.7722249095E+01 -7.0177220279E+02  3.3188211765E+02
           ESP =  -1.4750271785E+01     ESP at Nucleus =  -1.4750271798E+01
           ESPe = -2.4069173017E+01     ESPe at Nucleus = -2.4069173995E+01
           ESPn =  9.3189012322E+00     ESPn at Nucleus =  9.3189021966E+00

CP# 12     Coords = -7.01353587831295E+00  2.79635860685255E+00 -1.51951122620423E+00
           Type = (3,-3) NACP H12
           Rho =  4.2598440059E-01     Rho at Nucleus =  4.2232912356E-01
           GradRho = -1.8784886840E-15 -8.6133763967E-16  7.4237525036E-16
           HessRho_EigVals = -6.4868801003E+00 -6.4805929170E+00 -5.8899857554E+00
           HessRho_EigVec1 =  5.9716391508E-01  7.9813904436E-01 -7.9808047225E-02
           HessRho_EigVec2 =  3.4403192654E-01 -3.4473508371E-01 -8.7338408251E-01
           HessRho_EigVec3 =  7.2459457081E-01 -4.9409694184E-01  4.8044866533E-01
           DelSqRho = -1.8857458773E+01
           Bond Ellipticity = NA
           V = -4.7234370938E+00
           G =  4.5362003145E-03
           K =  4.7189008935E+00
           L =  4.7143646932E+00
           Vnuc =  3.8459710691E+01
           Ven = -1.6383236805E+01
           Vrep =  1.1659799712E+01
           DelSqV =  7.1020290803E+02
           DelSqVen =  7.2525240877E+02
           DelSqVrep = -1.5049500740E+01
           DelSqG =  6.9898485862E+01
           DelSqK = -7.8010139389E+02
           Stress_EigVals = -1.6250364378E+00 -1.6242879389E+00 -1.4741127172E+00
           Stress_EigVec1 =  5.9888819975E-01  7.9686213533E-01 -7.9647105822E-02
           Stress_EigVec2 =  3.4354426641E-01 -3.4547883597E-01 -8.7328214852E-01
           Stress_EigVec3 =  7.2340186702E-01 -4.9563606726E-01  4.8066061584E-01
           -DivStress = -5.6936282423E+00  3.8903421757E+00 -3.7786568414E+00
           ESP =  -1.1147568868E+00     ESP at Nucleus =  -1.1171885857E+00
           ESPe = -1.0817827749E+01     ESPe at Nucleus = -1.0741251098E+01
           ESPn =  9.7030708621E+00     ESPn at Nucleus =  9.6240625122E+00

CP# 13     Coords = -3.81576168945979E+00  2.78618682482158E+00 -2.55089872385359E-01
           Type = (3,-3) NACP H13
           Rho =  4.2405686492E-01     Rho at Nucleus =  4.2030068846E-01
           GradRho = -1.7730524080E-12 -1.0024360357E-12 -3.0384811962E-13
           HessRho_EigVals = -6.4518876126E+00 -6.4453039023E+00 -5.8467864576E+00
           HessRho_EigVec1 = -3.7537373564E-01  8.0311999268E-01 -4.6270167058E-01
           HessRho_EigVec2 = -3.4355847319E-01  3.4308673820E-01  8.7421911760E-01
           HessRho_EigVec3 =  8.6084965824E-01  4.8712397543E-01  1.4713292790E-01
           DelSqRho = -1.8743977973E+01
           Bond Ellipticity = NA
           V = -4.6951248047E+00
           G =  4.5651558001E-03
           K =  4.6905596489E+00
           L =  4.6859944931E+00
           Vnuc =  3.9828620921E+01
           Ven = -1.6889600122E+01
           Vrep =  1.2194475317E+01
           DelSqV =  7.0536993345E+02
           DelSqVen =  7.4654679323E+02
           DelSqVrep = -4.1176859785E+01
           DelSqG =  6.9383376192E+01
           DelSqK = -7.7475330964E+02
           Stress_EigVals = -1.6162199380E+00 -1.6154976063E+00 -1.4634072605E+00
           Stress_EigVec1 = -3.7594610933E-01  8.0127520767E-01 -4.6542729235E-01
           Stress_EigVec2 = -3.4461367589E-01  3.4535035882E-01  8.7291153277E-01
           Stress_EigVec3 =  8.6017785211E-01  4.8856030461E-01  1.4629727096E-01
           -DivStress =  6.8460237589E+00  3.8663940275E+00  1.1729745132E+00
           ESP =  -1.1168287780E+00     ESP at Nucleus =  -1.1193200831E+00
           ESPe = -1.2668956321E+01     ESPe at Nucleus = -1.2622142098E+01
           ESPn =  1.1552127543E+01     ESPn at Nucleus =  1.1502822014E+01

CP# 14     Coords =  3.79190299804287E+00  2.29496113967040E+00 -1.75407542176754E+00
           Type = (3,-3) NACP C14
           Rho =  1.1752796564E+02     Rho at Nucleus =  1.1752796561E+02
           GradRho = -4.2191160288E-11 -3.5729545191E-11  3.0075428476E-11
           HessRho_EigVals = -1.4482315216E+05 -1.4482289667E+05 -1.4482278233E+05
           HessRho_EigVec1 =  5.6604619723E-01  4.9425220228E-01 -6.5977758612E-01
           HessRho_EigVec2 =  8.2336376643E-01 -2.9935609040E-01  4.8213902484E-01
           HessRho_EigVec3 = -4.0789836120E-02  8.1614991986E-01  5.7639873142E-01
           DelSqRho = -4.3446883116E+05
           Bond Ellipticity = NA
           V = -1.0862771449E+05
           G =  5.2533489064E+00
           K =  1.0862246114E+05
           L =  1.0861720779E+05
           Vnuc =  9.7007477258E+06
           Ven = -1.1401091454E+09
           Vrep =  1.1400005177E+09
           DelSqV =  2.4921606380E+09
           DelSqVen =  4.2146720645E+12
           DelSqVrep = -4.2121800349E+12
           DelSqG =  1.3386711545E+08
           DelSqK = -2.6260277534E+09
           Stress_EigVals = -3.6209289819E+04 -3.6209254673E+04 -3.6209169997E+04
           Stress_EigVec1 = -2.5527446432E-02  8.2896673368E-01  5.5871504717E-01
           Stress_EigVec2 =  8.2723938182E-01 -2.9627718941E-01  4.7738331790E-01
           Stress_EigVec3 =  5.6126941361E-01  4.7437746731E-01 -6.7819072823E-01
           -DivStress =  2.7569655772E+02  3.3813628716E+02 -2.4123090812E+02
           ESP =  -1.4741026182E+01     ESP at Nucleus =  -1.4741026182E+01
           ESPe = -2.5403106715E+01     ESPe at Nucleus = -2.5403105871E+01
           ESPn =  1.0662080534E+01     ESPn at Nucleus =  1.0662079689E+01

CP# 15     Coords =  5.53212922980296E+00  1.27067482171273E+00 -2.05139475959202E+00
           Type = (3,-3) NACP H15
           Rho =  4.2214990349E-01     Rho at Nucleus =  4.1875531203E-01
           GradRho = -5.0931481255E-15  2.4968633931E-15 -3.8684333514E-16
           HessRho_EigVals = -6.4155240090E+00 -6.4139229961E+00 -5.8533661747E+00
           HessRho_EigVec1 = -2.6044219730E-01 -6.5843593551E-01  7.0613878289E-01
           HessRho_EigVec2 =  4.4852077610E-01  5.6515831733E-01  6.9240536520E-01
           HessRho_EigVec3 =  8.5498478073E-01 -4.9704948967E-01 -1.4813112282E-01
           DelSqRho = -1.8682813180E+01
           Bond Ellipticity = NA
           V = -4.6805591596E+00
           G =  4.9279323333E-03
           K =  4.6756312273E+00
           L =  4.6707032949E+00
           Vnuc =  4.1048991191E+01
           Ven = -1.7328827669E+01
           Vrep =  1.2648268510E+01
           DelSqV =  7.0444819230E+02
           DelSqVen =  7.6691063363E+02
           DelSqVrep = -6.2462441337E+01
           DelSqG =  6.9248310410E+01
           DelSqK = -7.7369650271E+02
           Stress_EigVals = -1.6076694687E+00 -1.6074912082E+00 -1.4653984827E+00
           Stress_EigVec1 = -1.3876944899E-01 -4.9320580359E-01  8.5877300571E-01
           Stress_EigVec2 =  5.0027867802E-01  7.1346848281E-01  4.9059552418E-01
           Stress_EigVec3 =  8.5467203320E-01 -4.9770549459E-01 -1.4773271918E-01
           -DivStress =  6.4391629135E+00 -3.7509019194E+00 -1.1059728615E+00
           ESP =  -1.1156110798E+00     ESP at Nucleus =  -1.1178303261E+00
           ESPe = -1.2442650542E+01     ESPe at Nucleus = -1.2367943218E+01
           ESPn =  1.1327039462E+01     ESPn at Nucleus =  1.1250112892E+01

CP# 16     Coords =  2.77156913706647E+00  2.24703934687445E+00 -3.52007760990522E+00
           Type = (3,-3) NACP H16
