AIMSum (Version 19.02.13, Professional)
Copyright (c) 1997-2019 by Todd A. Keith
AIMSum is a component of the AIMAll package ( http://aim.tkgristmill.com )

TP:  64-bit Linux

Much of the Quantum Theory of Atoms in Molecules (QTAIM) is described in the book:
  "Atoms in Molecules - A Quantum Theory"
  R.F.W. Bader, Oxford University Press, Oxford, 1990

For additional references see:  http://aim.tkgristmill.com/references.html

Wfn File:  /home/mhennefarth/Documents/ML_Diels/summary-James2013/6-opt/6-opt.wfn
Sum File:  /home/mhennefarth/Documents/ML_Diels/summary-James2013/6-opt/6-opt.sum

SumViz File:  /home/mhennefarth/Documents/ML_Diels/summary-James2013/6-opt/6-opt.sumviz

Wfn Title:   Title Card Required                                                           
 
Total memory allocated for AIMSum =        0.733 Megabytes

Atomic units (a.u.) used throughout, except where stated otherwise

Model:  Restricted SCF
 
Restricted, closed-shell, single-determinant wavefunction.
  Number of electrons (from MO Occs)                   =          46.0000000000
  Number of Alpha electrons (from MO Occs)             =          23.0000000000
  Number of Beta electrons (from MO Occs)              =          23.0000000000
  Number of electron pairs (N*(N-1)/2)                 =        1035.0000000000
  Number of electron pairs (from Muller 2EDM)          =        1035.0000000000
 
Nuclear Charges and Cartesian Coordinates:
-------------------------------------------------------------------------------
Atom      Charge                X                  Y                  Z
-------------------------------------------------------------------------------
C1         6.0           6.2267000000E-04  -2.0563772700E+00   2.9223884500E+00
H2         1.0           2.5414600000E-03  -1.2788273000E-01   2.2129840600E+00
H3         1.0           3.9310000000E-04  -2.2801436400E+00   4.9627063900E+00
C4         6.0          -1.3954800000E-03  -4.0729519400E+00   1.3902103000E+00
H5         1.0          -3.2731100000E-03  -5.9418745100E+00   2.2555152600E+00
C6         6.0          -1.3954800000E-03  -4.0729519400E+00  -1.3902103000E+00
H7         1.0          -3.2731100000E-03  -5.9418745100E+00  -2.2555152600E+00
C8         6.0           6.2267000000E-04  -2.0563772700E+00  -2.9223884500E+00
H9         1.0           2.5414600000E-03  -1.2788273000E-01  -2.2129840600E+00
H10        1.0           3.9310000000E-04  -2.2801436400E+00  -4.9627063900E+00
C11        6.0           6.2267000000E-04   5.6389379200E+00   1.2588679900E+00
H12        1.0           1.7465715800E+00   5.6477614200E+00   2.3426349400E+00
H13        1.0          -1.7453321200E+00   5.6444871800E+00   2.3426462000E+00
C14        6.0           6.2267000000E-04   5.6389379200E+00  -1.2588679900E+00
H15        1.0          -1.7453321200E+00   5.6444871800E+00  -2.3426462000E+00
H16        1.0           1.7465715800E+00   5.6477614200E+00  -2.3426349400E+00
 
Some Atomic Properties:
----------------------
  q(A) = Net Charge of Atom A
  L(A) = Lagrangian of Atom A = -(1/4) Times Atomic Integral of the Laplacian of the Electron Density
  K(A) = Electronic Kinetic Energy of Atom A (Hamiltonian Form)
  K_Scaled(A) = K(A) * E(Mol)/K(Mol) = Approximation to Virial-Based Total Energy of Atom A.
  |Mu_Intra(A)| = Magnitude of Intraatomic Dipole Moment of Atom A
--------------------------------------------------------------------------------------------------
Atom A          q(A)              L(A)              K(A)          K_Scaled(A)      |Mu_Intra(A)|
--------------------------------------------------------------------------------------------------
C1       -9.0791929500E-02 -6.0807478670E-05  3.7708298178E+01 -3.8100140187E+01  1.0931235626E-01
H2        4.7246950830E-02  2.4485001485E-05  5.9239680787E-01 -5.9855264006E-01  1.4205018421E-01
H3        3.9567000280E-02  2.2236258156E-05  5.9617872184E-01 -6.0237385341E-01  1.4861835341E-01
C4       -2.6711220400E-02 -2.4853692594E-04  3.7695221288E+01 -3.8086927411E+01  6.3518921804E-02
H5        2.6868168170E-02  2.4076409341E-05  6.0649421487E-01 -6.1279653886E-01  1.5265557425E-01
C6       -2.6598077500E-02 -1.2709324791E-04  3.7695250189E+01 -3.8086956612E+01  6.3591763738E-02
H7        2.6872668810E-02  2.8665783646E-05  6.0649453166E-01 -6.1279685893E-01  1.5265844825E-01
C8       -9.0815125800E-02 -7.9045148071E-05  3.7708295094E+01 -3.8100137072E+01  1.0930378534E-01
H9        4.7241582230E-02  1.9161884456E-05  5.9239527601E-01 -5.9855109228E-01  1.4205883672E-01
H10       3.9566065690E-02  2.1486452624E-05  5.9617863892E-01 -6.0237376963E-01  1.4861791905E-01
C11      -8.3695445000E-02 -7.8275736597E-05  3.7694142308E+01 -3.8085837218E+01  9.5099676352E-02
H12       4.3630387690E-02  2.3749811311E-05  5.9419753339E-01 -6.0037207763E-01  1.4637037481E-01
H13       4.3632717970E-02  1.6781513884E-05  5.9419380304E-01 -6.0036830852E-01  1.4637346943E-01
C14      -8.3697898000E-02 -9.4063028027E-05  3.7694135750E+01 -3.8085830592E+01  9.5093581890E-02
H15       4.3632882650E-02  1.7064749407E-05  5.9419382295E-01 -6.0036832865E-01  1.4637371914E-01
H16       4.3629036810E-02  2.3062544967E-05  5.9419769857E-01 -6.0037224453E-01  1.4636934294E-01
--------------------------------------------------------------------------------------------------
Total    -4.2223507000E-04 -4.6705115594E-04  2.3216226386E+02 -2.3457475480E+02
 
1st Largest |L(A)| = 2.4853692594E-04, atom C4      
2nd Largest |L(A)| = 1.2709324791E-04, atom C6      
 
Molecular charge q(Mol) from the wfn file:   0.0000000000E+00
Molecular energy E(Mol) from the wfn file:  -2.3457488889E+02
Molecular virial ratio (-V(Mol)/T(Mol)) from the wfn file:   2.0103914000E+00
Note.  K_Scaled(A) = (1+V(Mol)/T(Mol))*K(A) = (E(Mol)/T(Mol))*K(A)
       Only use K_Scaled(A) data with caution.
 
N_AIMInt(SumA)     =         46.000422
N_Analytic(Mol)    =         45.999992
 
G_AIMInt(SumA)     =        232.162731
G_Analytic(Mol)    =        232.162375
 
K_AIMInt(SumA)     =        232.162264
K_Analytic(Mol)    =        232.162375
 
L_AIMInt(SumA)     =         -0.000467
L_Analytic(Mol)    =          0.000000
 
VenT_AIMInt(SumA)  =       -923.988661
VenT_Analytic(Mol) =       -923.984844
 
Some Information About the Atomic Calculations:
----------------------------------------------
  Time(sec) = "Elapsed User Time", in Seconds, for Atom A by AIMInt and, if used, by TWOe
  NProc = Number of Processors Used for AIMInt Job
  BIM = Basin Integration Method
  OAQ = Angular Quadrature Outside of Beta Sphere
  ORQ = Multiple of Default for Radial Quadrature Outside of Beta Sphere
  IAQ = Multiple of Default for Angular Quadrature Inside of Beta Sphere
  IRQ = Multiple of Default for Radial Quadrature Inside of Beta Sphere
  MIR = Maximum Integration Radius
------------------------------------------------------------------------------------------------------
Atom A     Time(sec)   NProc      BIM          OAQ                     ORQ      IAQ      IRQ      MIR
------------------------------------------------------------------------------------------------------
C1             21        8     Proaim(5)    4500(GS4)                  1.00     1.00     1.00    13.00
H2             11        8     Proaim(5)    4500(GS4)                  1.00     1.00     1.00    13.00
H3              4        8     Proaim(5)    1800(GS4)                  1.00     1.00     1.00    13.00
C4             20        8     Proaim(5)    4500(GS4)                  1.00     1.00     1.00    13.00
H5              4        8     Proaim(5)    1800(GS4)                  1.00     1.00     1.00    13.00
C6             19        8     Proaim(5)    4500(GS4)                  1.00     1.00     1.00    13.00
H7              4        8     Proaim(5)    1800(GS4)                  1.00     1.00     1.00    13.00
C8             21        8     Proaim(5)    4500(GS4)                  1.00     1.00     1.00    13.00
H9             10        8     Proaim(5)    4500(GS4)                  1.00     1.00     1.00    13.00
H10             4        8     Proaim(5)    1800(GS4)                  1.00     1.00     1.00    13.00
C11            18        8     Proaim(5)    4500(GS4)                  1.00     1.00     1.00    13.00
H12             4        8     Proaim(5)    1800(GS4)                  1.00     1.00     1.00    13.00
H13             4        8     Proaim(5)    1800(GS4)                  1.00     1.00     1.00    13.00
C14            19        8     Proaim(5)    4500(GS4)                  1.00     1.00     1.00    13.00
H15             4        8     Proaim(5)    1800(GS4)                  1.00     1.00     1.00    13.00
H16             4        8     Proaim(5)    1800(GS4)                  1.00     1.00     1.00    13.00
------------------------------------------------------------------------------------------------------
Total         171
Note:  Total wall clock time is less than total of atomic times if more than one atom
       was calculated at a time
 
Electron Density Critical Point Analysis of Molecular Structure:               
---------------------------------------------------------------                
  NACP = Nuclear Attractor Critical Point                                      
  NNACP = Non-Nuclear Attractor Critical Point                                 
  BCP = Bond Critical Point                                                    
  RCP = Ring Critical Point                                                    
  CCP = Cage Critical Point                                                    
  Rho = Electron Density                                                       
  GradRho = Gradient of Electron Density                                       
  HessRho_EigVals = Eigenvalues of the Hessian of Rho, Ascending Order         
  HessRho_EigVecs = Eigenvectors of the Hessian of Rho                         
  DelSqRho = Laplacian of Rho = Trace of Hessian of Rho                        
  Bond Ellipticity = (HessRho_EigVal(1) / HessRho_EigVal(2)) - 1               
  V = Virial Field = Potential Energy Density = Trace of Stress Tensor         
  G = Lagrangian Form of Kinetic Energy Density                                
  K = Hamiltonian Form of Kinetic Energy Density                               
  L = K - G = Lagrangian Density = (-1/4)DelSqRho                              
  Vnuc = Electrostatic Potential from Nuclei                                   
  Ven = Electron-nuclear attractive contribution to Virial Field V             
  Vrep = V - Ven = Repulsive contribution to Virial Field V                    
  DelSqV = Laplacian of V                                                      
  DelSqVen = Laplacian of Ven                                                  
  DelSqVrep = Laplacian of Vrep                                                
  DelSqG = Laplacian of G                                                      
  DelSqK = Laplacian of K                                                      
  Stress_EigVals = Eigenvalues of Stress Tensor, Ascending Order               
  Stress_EigVecs = Eigenvectors of Stress Tensor                               
  -DivStress = Ehrenfest Force Density = Minus Divergence of Stress Tensor     
  ESP = Total Electrostatic Potential                                          
  ESPe = Electrostatic Potential from Electrons                                
  ESPn = Electrostatic Potential from Nuclei                                   
  BP = Bond Path                                                               
  BPL = Bond Path Length                                                       
  GBL = Geometric Bond Length                                                  
  GBL_I = Distance Between Nuclear Attractors                                  
  GBL_II = Distance Between Nuclei                                             
  GBL_III = Sum of Distances Between BCP and Nuclear Attractors                
  GBL_IV = Sum of Distances Between BCP and Nuclei                             

CP# 1      Coords =  6.22670668307951E-04 -2.05637662918221E+00  2.92238910763753E+00
           Type = (3,-3) NACP C1
           Rho =  1.1767487481E+02     Rho at Nucleus =  1.1767487475E+02
           GradRho =  1.1965177333E-13  1.3973901762E-10  1.0566628196E-10
           HessRho_EigVals = -1.4500300609E+05 -1.4500207548E+05 -1.4500188427E+05
           HessRho_EigVec1 =  9.9999949079E-01 -1.0091629946E-03  1.8134044069E-06
           HessRho_EigVec2 = -4.9204396346E-04 -4.8600561129E-01  8.7395555018E-01
           HessRho_EigVec3 =  8.8108227542E-04  8.7395510605E-01  4.8600586036E-01
           DelSqRho = -4.3500696584E+05
           Bond Ellipticity = NA
           V = -1.0876199080E+05
           G =  5.1246689127E+00
           K =  1.0875686613E+05
           L =  1.0875174146E+05
           Vnuc =  6.5343627338E+06
           Ven = -7.6893031666E+08
           Vrep =  7.6882155467E+08
           DelSqV =  2.4952279203E+09
           DelSqVen =  2.8424922071E+12
           DelSqVrep = -2.8399969792E+12
           DelSqG =  1.3403133952E+08
           DelSqK = -2.6292592598E+09
           Stress_EigVals = -3.6254244455E+04 -3.6254136954E+04 -3.6253609389E+04
           Stress_EigVec1 =  8.1360752210E-04  8.1212137706E-01  5.8348796643E-01
           Stress_EigVec2 = -5.8670361417E-04 -5.8348767147E-01  8.1212178460E-01
           Stress_EigVec3 =  9.9999949691E-01 -1.0030828915E-03  1.7445885086E-06
           -DivStress = -5.4385747972E-01 -5.2080681759E+02 -5.3607749464E+02
           ESP =  -1.4750631344E+01     ESP at Nucleus =  -1.4750631356E+01
           ESPe = -2.3008074372E+01     ESPe at Nucleus = -2.3008075356E+01
           ESPn =  8.2574430276E+00     ESPn at Nucleus =  8.2574439998E+00

CP# 2      Coords =  2.50867539425471E-03 -1.60887026276459E-01  2.22516821756342E+00
           Type = (3,-3) NACP H2
           Rho =  4.2431131884E-01     Rho at Nucleus =  4.2058553325E-01
           GradRho = -2.1615537915E-12 -2.1759277989E-09  8.0364844850E-10
           HessRho_EigVals = -6.4632739459E+00 -6.4575448387E+00 -5.8618397191E+00
           HessRho_EigVec1 =  3.4768427386E-04  3.4635560233E-01  9.3810323304E-01
           HessRho_EigVec2 =  9.9999950527E-01 -9.9471090151E-04 -3.3689345694E-06
           HessRho_EigVec3 =  9.3197466329E-04  9.3810277011E-01 -3.4635577682E-01
           DelSqRho = -1.8782658504E+01
           Bond Ellipticity = NA
           V = -4.7051345331E+00
           G =  4.7349535833E-03
           K =  4.7003995795E+00
           L =  4.6956646259E+00
           Vnuc =  3.8572709869E+01
           Ven = -1.6366837396E+01
           Vrep =  1.1661702863E+01
           DelSqV =  7.0712534833E+02
           DelSqVen =  7.2449804078E+02
           DelSqVrep = -1.7372692450E+01
           DelSqG =  6.9630205790E+01
           DelSqK = -7.7675555412E+02
           Stress_EigVals = -1.6191733921E+00 -1.6186820647E+00 -1.4672790763E+00
           Stress_EigVec1 =  3.4497579648E-04  3.4470187822E-01  9.3871214765E-01
           Stress_EigVec2 =  9.9999950537E-01 -9.9460939601E-04 -2.2710891260E-06
           Stress_EigVec3 =  9.3286907351E-04  9.3871168412E-01 -3.4470205084E-01
           -DivStress =  7.3857140358E-03  7.4352657419E+00 -2.7436680057E+00
           ESP =  -1.1137689762E+00     ESP at Nucleus =  -1.1162396462E+00
           ESPe = -1.1262453773E+01     ESPe at Nucleus = -1.1209870423E+01
           ESPn =  1.0148684797E+01     ESPn at Nucleus =  1.0093630777E+01

CP# 3      Coords =  3.97053848819594E-04 -2.27627655445912E+00  4.92803485781034E+00
           Type = (3,-3) NACP H3
           Rho =  4.2590119140E-01     Rho at Nucleus =  4.2222267326E-01
           GradRho =  1.0982742741E-12  1.0739249039E-09 -9.6305518523E-09
           HessRho_EigVals = -6.4873166429E+00 -6.4811336995E+00 -5.8884237737E+00
           HessRho_EigVec1 =  9.9372282930E-04  9.9398145439E-01  1.0954396764E-01
           HessRho_EigVec2 =  9.9999949996E-01 -1.0000328842E-03  2.6638461602E-06
           HessRho_EigVec3 = -1.1219538359E-04 -1.0954391022E-01  9.9398195112E-01
           DelSqRho = -1.8856874116E+01
           Bond Ellipticity = NA
           V = -4.7235955524E+00
           G =  4.6885116895E-03
           K =  4.7189070407E+00
           L =  4.7142185290E+00
           Vnuc =  3.7399560855E+01
           Ven = -1.5928517526E+01
           Vrep =  1.1204921974E+01
           DelSqV =  7.1013950967E+02
           DelSqVen =  7.0523882692E+02
           DelSqVrep =  4.9006827479E+00
           DelSqG =  6.9914779106E+01
           DelSqK = -7.8005428877E+02
           Stress_EigVals = -1.6252042390E+00 -1.6247115176E+00 -1.4736797958E+00
           Stress_EigVec1 =  9.9415847574E-04  9.9414893486E-01  1.0801345734E-01
           Stress_EigVec2 =  9.9999949971E-01 -1.0002909443E-03  2.5941067785E-06
           Stress_EigVec3 = -1.1062381173E-04 -1.0801340072E-01  9.9414943194E-01
           -DivStress = -8.9280168650E-04 -8.7315903465E-01  7.8406692795E+00
           ESP =  -1.1123186663E+00     ESP at Nucleus =  -1.1147793249E+00
           ESPe = -9.8475156257E+00     ESPe at Nucleus = -9.7721345399E+00
           ESPn =  8.7351969594E+00     ESPn at Nucleus =  8.6573552149E+00

CP# 4      Coords = -1.39548071659468E-03 -4.07295266237003E+00  1.39020896712652E+00
           Type = (3,-3) NACP C4
           Rho =  1.1765431802E+02     Rho at Nucleus =  1.1765431786E+02
           GradRho = -3.8286887360E-13 -4.2069575644E-10 -6.9344014123E-10
           HessRho_EigVals = -1.4496834234E+05 -1.4496744212E+05 -1.4496707304E+05
           HessRho_EigVec1 =  9.9999950154E-01 -9.9845354706E-04  2.8269906665E-06
           HessRho_EigVec2 = -3.3078307329E-04 -3.2862112087E-01  9.4446177768E-01
           HessRho_EigVec3 =  9.4207220314E-04  9.4446130784E-01  3.2862128734E-01
           DelSqRho = -4.3490285750E+05
           Bond Ellipticity = NA
           V = -1.0873592197E+05
           G =  5.1037983804E+00
           K =  1.0873081817E+05
           L =  1.0872571437E+05
           Vnuc =  3.9576938512E+06
           Ven = -4.6563977100E+08
           Vrep =  4.6553103508E+08
           DelSqV =  2.4946224210E+09
           DelSqVen =  1.7212124692E+12
           DelSqVrep = -1.7187178796E+12
           DelSqG =  1.3398959680E+08
           DelSqK = -2.6286120178E+09
           Stress_EigVals = -3.6245580357E+04 -3.6245413586E+04 -3.6244928028E+04
           Stress_EigVec1 =  9.1143127387E-04  9.1134877841E-01  4.1163402845E-01
           Stress_EigVec2 = -4.1381642727E-04 -4.1163382045E-01  9.1134923417E-01
           Stress_EigVec3 =  9.9999949902E-01 -1.0009731164E-03  1.9551581401E-06
           -DivStress =  5.7787942931E-01  5.8258495768E+02  1.0835994126E+03
           ESP =  -1.4740141441E+01     ESP at Nucleus =  -1.4740141459E+01
           ESPe = -2.3698917678E+01     ESPe at Nucleus = -2.3698917805E+01
           ESPn =  8.9587762372E+00     ESPn at Nucleus =  8.9587763467E+00

CP# 5      Coords = -3.24198054731926E-03 -5.91090058344697E+00  2.24100003940179E+00
           Type = (3,-3) NACP H5
           Rho =  4.3108350719E-01     Rho at Nucleus =  4.2748791882E-01
           GradRho =  2.8118266878E-14  2.7977046785E-11 -1.3123006358E-11
           HessRho_EigVals = -6.5924497523E+00 -6.5842605261E+00 -5.9929475915E+00
           HessRho_EigVec1 =  4.2535237021E-04  4.2538280395E-01  9.0501341934E-01
           HessRho_EigVec2 =  9.9999949591E-01 -1.0040801792E-03  1.9516685608E-06
           HessRho_EigVec3 =  9.0953624255E-04  9.0501296230E-01 -4.2538301661E-01
           DelSqRho = -1.9169657870E+01
           Bond Ellipticity = NA
           V = -4.8015309309E+00
           G =  4.5582317194E-03
           K =  4.7969726992E+00
           L =  4.7924144675E+00
           Vnuc =  3.8356926309E+01
           Ven = -1.6535038319E+01
           Vrep =  1.1733507388E+01
           DelSqV =  7.2268390368E+02
           DelSqVen =  7.3528915434E+02
           DelSqVrep = -1.2605250663E+01
           DelSqG =  7.1388276043E+01
           DelSqK = -7.9407217972E+02
           Stress_EigVals = -1.6512224326E+00 -1.6501150501E+00 -1.5001934482E+00
           Stress_EigVec1 =  4.1787529142E-04  4.2434698758E-01  9.0549956351E-01
           Stress_EigVec2 =  9.9999949855E-01 -1.0014137841E-03  7.8098775699E-06
           Stress_EigVec3 =  9.1009384242E-04  9.0549910618E-01 -4.2434719326E-01
           -DivStress = -7.1535053279E-03 -7.1175571533E+00  3.3351792607E+00
           ESP =  -1.1163111823E+00     ESP at Nucleus =  -1.1187179929E+00
           ESPe = -1.0238928703E+01     ESPe at Nucleus = -1.0160034577E+01
           ESPn =  9.1226175211E+00     ESPn at Nucleus =  9.0413165841E+00

CP# 6      Coords = -1.39548071659468E-03 -4.07295266237003E+00 -1.39020896712652E+00
           Type = (3,-3) NACP C6
           Rho =  1.1765431802E+02     Rho at Nucleus =  1.1765431786E+02
           GradRho = -3.8286778960E-13 -4.2069509031E-10  6.9344136247E-10
           HessRho_EigVals = -1.4496834234E+05 -1.4496744212E+05 -1.4496707304E+05
           HessRho_EigVec1 =  9.9999950154E-01 -9.9845354703E-04 -2.8269906639E-06
           HessRho_EigVec2 =  3.3078307321E-04  3.2862112080E-01  9.4446177770E-01
           HessRho_EigVec3 =  9.4207220315E-04  9.4446130786E-01 -3.2862128727E-01
           DelSqRho = -4.3490285750E+05
           Bond Ellipticity = NA
           V = -1.0873592197E+05
           G =  5.1037983804E+00
           K =  1.0873081817E+05
           L =  1.0872571437E+05
           Vnuc =  3.9576938512E+06
           Ven = -4.6563977100E+08
           Vrep =  4.6553103508E+08
           DelSqV =  2.4946224210E+09
           DelSqVen =  1.7212124692E+12
           DelSqVrep = -1.7187178468E+12
           DelSqG =  1.3398959680E+08
           DelSqK = -2.6286120178E+09
           Stress_EigVals = -3.6245580357E+04 -3.6245413586E+04 -3.6244928028E+04
           Stress_EigVec1 =  9.1143127385E-04  9.1134877838E-01 -4.1163402852E-01
           Stress_EigVec2 =  4.1381642735E-04  4.1163382052E-01  9.1134923414E-01
           Stress_EigVec3 =  9.9999949902E-01 -1.0009731164E-03 -1.9551581414E-06
           -DivStress =  5.7787942931E-01  5.8258495768E+02 -1.0835994126E+03
           ESP =  -1.4740141441E+01     ESP at Nucleus =  -1.4740141459E+01
           ESPe = -2.3698917678E+01     ESPe at Nucleus = -2.3698917805E+01
           ESPn =  8.9587762372E+00     ESPn at Nucleus =  8.9587763467E+00

CP# 7      Coords = -3.24198054731926E-03 -5.91090058344697E+00 -2.24100003940179E+00
           Type = (3,-3) NACP H7
           Rho =  4.3108350719E-01     Rho at Nucleus =  4.2748791882E-01
           GradRho =  2.8118278644E-14  2.7977041581E-11  1.3122994215E-11
           HessRho_EigVals = -6.5924497523E+00 -6.5842605261E+00 -5.9929475915E+00
           HessRho_EigVec1 = -4.2535237021E-04 -4.2538280395E-01  9.0501341934E-01
           HessRho_EigVec2 =  9.9999949591E-01 -1.0040801792E-03 -1.9516685608E-06
           HessRho_EigVec3 =  9.0953624255E-04  9.0501296230E-01  4.2538301661E-01
           DelSqRho = -1.9169657870E+01
           Bond Ellipticity = NA
           V = -4.8015309309E+00
           G =  4.5582317194E-03
           K =  4.7969726992E+00
           L =  4.7924144675E+00
           Vnuc =  3.8356926309E+01
           Ven = -1.6535038319E+01
           Vrep =  1.1733507388E+01
           DelSqV =  7.2268390368E+02
           DelSqVen =  7.3528915434E+02
           DelSqVrep = -1.2605250663E+01
           DelSqG =  7.1388276043E+01
           DelSqK = -7.9407217972E+02
           Stress_EigVals = -1.6512224326E+00 -1.6501150501E+00 -1.5001934482E+00
           Stress_EigVec1 = -4.1787529142E-04 -4.2434698758E-01  9.0549956351E-01
           Stress_EigVec2 =  9.9999949855E-01 -1.0014137841E-03 -7.8098775699E-06
           Stress_EigVec3 =  9.1009384242E-04  9.0549910618E-01  4.2434719326E-01
           -DivStress = -7.1535053279E-03 -7.1175571533E+00 -3.3351792607E+00
           ESP =  -1.1163111823E+00     ESP at Nucleus =  -1.1187179929E+00
           ESPe = -1.0238928703E+01     ESPe at Nucleus = -1.0160034577E+01
           ESPn =  9.1226175211E+00     ESPn at Nucleus =  9.0413165841E+00

CP# 8      Coords =  6.22670668307951E-04 -2.05637662918221E+00 -2.92238910763753E+00
           Type = (3,-3) NACP C8
           Rho =  1.1767487481E+02     Rho at Nucleus =  1.1767487475E+02
           GradRho =  1.1965111603E-13  1.3973857353E-10 -1.0566594889E-10
           HessRho_EigVals = -1.4500300609E+05 -1.4500207548E+05 -1.4500188427E+05
           HessRho_EigVec1 =  9.9999949079E-01 -1.0091629945E-03 -1.8134044021E-06
           HessRho_EigVec2 =  4.9204396343E-04  4.8600561129E-01  8.7395555018E-01
           HessRho_EigVec3 =  8.8108227538E-04  8.7395510605E-01 -4.8600586036E-01
           DelSqRho = -4.3500696584E+05
           Bond Ellipticity = NA
           V = -1.0876199080E+05
           G =  5.1246689127E+00
           K =  1.0875686613E+05
           L =  1.0875174146E+05
           Vnuc =  6.5343627338E+06
           Ven = -7.6893031666E+08
           Vrep =  7.6882155467E+08
           DelSqV =  2.4952279203E+09
           DelSqVen =  2.8424922071E+12
           DelSqVrep = -2.8399969792E+12
           DelSqG =  1.3403133952E+08
           DelSqK = -2.6292592598E+09
           Stress_EigVals = -3.6254244455E+04 -3.6254136954E+04 -3.6253609389E+04
           Stress_EigVec1 =  8.1360752214E-04  8.1212137707E-01 -5.8348796641E-01
           Stress_EigVec2 =  5.8670361417E-04  5.8348767144E-01  8.1212178462E-01
           Stress_EigVec3 =  9.9999949691E-01 -1.0030828916E-03 -1.7445885109E-06
           -DivStress = -5.4385747972E-01 -5.2080681759E+02  5.3607749464E+02
           ESP =  -1.4750631344E+01     ESP at Nucleus =  -1.4750631356E+01
           ESPe = -2.3008074372E+01     ESPe at Nucleus = -2.3008075356E+01
           ESPn =  8.2574430276E+00     ESPn at Nucleus =  8.2574439998E+00

CP# 9      Coords =  2.50867539425471E-03 -1.60887026276459E-01 -2.22516821756342E+00
           Type = (3,-3) NACP H9
           Rho =  4.2431131884E-01     Rho at Nucleus =  4.2058553325E-01
           GradRho = -2.1615537760E-12 -2.1759278119E-09 -8.0364845110E-10
           HessRho_EigVals = -6.4632739459E+00 -6.4575448387E+00 -5.8618397191E+00
           HessRho_EigVec1 = -3.4768427386E-04 -3.4635560233E-01  9.3810323304E-01
           HessRho_EigVec2 =  9.9999950527E-01 -9.9471090151E-04  3.3689345693E-06
           HessRho_EigVec3 =  9.3197466329E-04  9.3810277011E-01  3.4635577682E-01
           DelSqRho = -1.8782658504E+01
           Bond Ellipticity = NA
           V = -4.7051345331E+00
           G =  4.7349535833E-03
           K =  4.7003995795E+00
           L =  4.6956646259E+00
           Vnuc =  3.8572709869E+01
           Ven = -1.6366837396E+01
           Vrep =  1.1661702863E+01
           DelSqV =  7.0712534833E+02
           DelSqVen =  7.2449804078E+02
           DelSqVrep = -1.7372692450E+01
           DelSqG =  6.9630205790E+01
           DelSqK = -7.7675555412E+02
           Stress_EigVals = -1.6191733921E+00 -1.6186820647E+00 -1.4672790763E+00
           Stress_EigVec1 = -3.4497579648E-04 -3.4470187822E-01  9.3871214765E-01
           Stress_EigVec2 =  9.9999950537E-01 -9.9460939601E-04  2.2710891257E-06
           Stress_EigVec3 =  9.3286907351E-04  9.3871168412E-01  3.4470205084E-01
           -DivStress =  7.3857140358E-03  7.4352657419E+00  2.7436680057E+00
           ESP =  -1.1137689762E+00     ESP at Nucleus =  -1.1162396462E+00
           ESPe = -1.1262453773E+01     ESPe at Nucleus = -1.1209870423E+01
           ESPn =  1.0148684797E+01     ESPn at Nucleus =  1.0093630777E+01

CP# 10     Coords =  3.97053848819594E-04 -2.27627655445912E+00 -4.92803485781034E+00
           Type = (3,-3) NACP H10
           Rho =  4.2590119140E-01     Rho at Nucleus =  4.2222267326E-01
           GradRho =  1.0982742676E-12  1.0739249039E-09  9.6305518419E-09
           HessRho_EigVals = -6.4873166429E+00 -6.4811336995E+00 -5.8884237737E+00
           HessRho_EigVec1 =  9.9372282930E-04  9.9398145439E-01 -1.0954396764E-01
           HessRho_EigVec2 =  9.9999949996E-01 -1.0000328842E-03 -2.6638461602E-06
           HessRho_EigVec3 =  1.1219538359E-04  1.0954391022E-01  9.9398195112E-01
           DelSqRho = -1.8856874116E+01
           Bond Ellipticity = NA
           V = -4.7235955524E+00
           G =  4.6885116895E-03
           K =  4.7189070407E+00
           L =  4.7142185290E+00
           Vnuc =  3.7399560855E+01
           Ven = -1.5928517526E+01
           Vrep =  1.1204921974E+01
           DelSqV =  7.1013950967E+02
           DelSqVen =  7.0523882692E+02
           DelSqVrep =  4.9006827479E+00
           DelSqG =  6.9914779106E+01
           DelSqK = -7.8005428877E+02
           Stress_EigVals = -1.6252042390E+00 -1.6247115176E+00 -1.4736797958E+00
           Stress_EigVec1 =  9.9415847574E-04  9.9414893486E-01 -1.0801345734E-01
           Stress_EigVec2 =  9.9999949971E-01 -1.0002909443E-03 -2.5941067785E-06
           Stress_EigVec3 =  1.1062381173E-04  1.0801340072E-01  9.9414943194E-01
           -DivStress = -8.9280168650E-04 -8.7315903465E-01 -7.8406692795E+00
           ESP =  -1.1123186663E+00     ESP at Nucleus =  -1.1147793249E+00
           ESPe = -9.8475156257E+00     ESPe at Nucleus = -9.7721345399E+00
           ESPn =  8.7351969594E+00     ESPn at Nucleus =  8.6573552149E+00

CP# 11     Coords =  6.22670247900761E-04  5.63893776647032E+00  1.25886892476590E+00
           Type = (3,-3) NACP C11
           Rho =  1.1768436978E+02     Rho at Nucleus =  1.1768436971E+02
           GradRho =  5.7380814944E-14  3.2200097406E-12  2.0393343424E-10
           HessRho_EigVals = -1.4501393391E+05 -1.4501285576E+05 -1.4501266332E+05
           HessRho_EigVec1 = -9.4028042123E-04  9.9998684354E-01  5.0426807169E-03
           HessRho_EigVec2 =  9.9999955597E-01  9.3995241711E-04  6.7415146865E-05
           HessRho_EigVec3 = -6.2674379991E-05 -5.0427418670E-03  9.9998728333E-01
           DelSqRho = -4.3503945299E+05
           Bond Ellipticity = NA
           V = -1.0877005357E+05
           G =  5.0951590204E+00
           K =  1.0876495841E+05
           L =  1.0875986325E+05
           Vnuc =  6.3338635572E+06
           Ven = -7.4539674098E+08
           Vrep =  7.4528797093E+08
           DelSqV =  2.4954118325E+09
           DelSqVen =  2.7554807808E+12
           DelSqVrep = -2.7529851068E+12
           DelSqG =  1.3404032440E+08
           DelSqK = -2.6294521569E+09
           Stress_EigVals = -3.6256949033E+04 -3.6256832742E+04 -3.6256271791E+04
           Stress_EigVec1 = -4.2778726276E-05 -9.8615042961E-04  9.9999951284E-01
           Stress_EigVec2 =  9.9999955826E-01  9.3891961928E-04  4.3704644656E-05
           Stress_EigVec3 = -9.3896226123E-04  9.9999907297E-01  9.8610982820E-04
           -DivStress = -2.0104938940E-01  1.2422720487E+02 -7.5913691179E+02
           ESP =  -1.4738601359E+01     ESP at Nucleus =  -1.4738601372E+01
           ESPe = -2.1957574475E+01     ESPe at Nucleus = -2.1957575226E+01
           ESPn =  7.2189731157E+00     ESPn at Nucleus =  7.2189738537E+00

CP# 12     Coords =  1.71676285666097E+00  5.64761030217354E+00  2.32419599606808E+00
           Type = (3,-3) NACP H12
           Rho =  4.2526317315E-01     Rho at Nucleus =  4.2155896859E-01
           GradRho = -1.3767936634E-14  4.4576055144E-17 -6.8005512419E-15
           HessRho_EigVals = -6.4737341806E+00 -6.4673396565E+00 -5.8725142461E+00
           HessRho_EigVec1 = -5.2592700242E-01  4.0682920572E-03  8.5051998044E-01
           HessRho_EigVec2 = -1.5339676497E-03  9.9998239679E-01 -5.7317588794E-03
           HessRho_EigVec3 =  8.5052832702E-01  4.3191569014E-03  5.2591150379E-01
           DelSqRho = -1.8813588083E+01
           Bond Ellipticity = NA
           V = -4.7123591257E+00
           G =  4.4810524415E-03
           K =  4.7078780732E+00
           L =  4.7033970208E+00
           Vnuc =  3.6923085714E+01
           Ven = -1.5702028593E+01
           Vrep =  1.0989669468E+01
           DelSqV =  7.0828304353E+02
           DelSqVen =  6.9465572539E+02
           DelSqVrep =  1.3627318144E+01
           DelSqG =  6.9692792004E+01
           DelSqK = -7.7797583553E+02
           Stress_EigVals = -1.6216965942E+00 -1.6209508732E+00 -1.4697116583E+00
           Stress_EigVec1 = -5.2743725722E-01  4.9168820391E-03  8.4957975727E-01
           Stress_EigVec2 = -1.1066766850E-03  9.9997842878E-01 -6.4743521067E-03
           Stress_EigVec3 =  8.4959326443E-01  4.3550246268E-03  5.2742043835E-01
           -DivStress =  6.7239581589E+00  3.4135816833E-02  4.1609402649E+00
           ESP =  -1.1046882214E+00     ESP at Nucleus =  -1.1071495983E+00
           ESPe = -9.4979740559E+00     ESPe at Nucleus = -9.4309254617E+00
           ESPn =  8.3932858345E+00     ESPn at Nucleus =  8.3237758634E+00

CP# 13     Coords = -1.71552299794234E+00  5.64439196699228E+00  2.32420692601219E+00
           Type = (3,-3) NACP H13
           Rho =  4.2526187111E-01     Rho at Nucleus =  4.2155761481E-01
           GradRho =  1.3648601445E-14  2.0998172682E-15 -6.9205112772E-15
           HessRho_EigVals = -6.4737111044E+00 -6.4673165084E+00 -5.8724874086E+00
           HessRho_EigVec1 =  5.2592351427E-01  5.0577857152E-03  8.5051682872E-01
           HessRho_EigVec2 = -3.4323763032E-04  9.9998349941E-01 -5.7343786193E-03
           HessRho_EigVec3 =  8.5053179795E-01 -2.7239151748E-03 -5.2591657224E-01
           DelSqRho = -1.8813515021E+01
           Bond Ellipticity = NA
           V = -4.7123408237E+00
           G =  4.4810342099E-03
           K =  4.7078597895E+00
           L =  4.7033787553E+00
           Vnuc =  3.6923933063E+01
           Ven = -1.5702340863E+01
           Vrep =  1.0990000040E+01
           DelSqV =  7.0827999589E+02
           DelSqVen =  6.9466896933E+02
           DelSqVrep =  1.3611026555E+01
           DelSqG =  6.9692468226E+01
           DelSqK = -7.7797246412E+02
           Stress_EigVals = -1.6216907860E+00 -1.6209451295E+00 -1.4697049083E+00
           Stress_EigVec1 =  5.2743217035E-01  5.8918399186E-03  8.4957671337E-01
           Stress_EigVec2 = -7.6123546899E-04  9.9997882941E-01 -6.4622947203E-03
           Stress_EigVec3 =  8.4959680213E-01 -2.7616942020E-03 -5.2742548938E-01
           -DivStress = -6.7240224652E+00  2.1526384218E-02  4.1609987133E+00
           ESP =  -1.1046893650E+00     ESP at Nucleus =  -1.1071507622E+00
           ESPe = -9.4990799771E+00     ESPe at Nucleus = -9.4320466754E+00
           ESPn =  8.3943906121E+00     ESPn at Nucleus =  8.3248959131E+00

CP# 14     Coords =  6.22670247900761E-04  5.63893776647032E+00 -1.25886892476590E+00
           Type = (3,-3) NACP C14
           Rho =  1.1768436978E+02     Rho at Nucleus =  1.1768436971E+02
           GradRho =  5.7382205242E-14  3.2200045364E-12 -2.0393365629E-10
           HessRho_EigVals = -1.4501393391E+05 -1.4501285576E+05 -1.4501266332E+05
           HessRho_EigVec1 = -9.4028042129E-04  9.9998684354E-01 -5.0426807171E-03
           HessRho_EigVec2 =  9.9999955597E-01  9.3995241716E-04 -6.7415146856E-05
           HessRho_EigVec3 =  6.2674379982E-05  5.0427418672E-03  9.9998728333E-01
           DelSqRho = -4.3503945299E+05
           Bond Ellipticity = NA
           V = -1.0877005357E+05
           G =  5.0951590204E+00
           K =  1.0876495841E+05
           L =  1.0875986325E+05
           Vnuc =  6.3338635572E+06
           Ven = -7.4539674098E+08
           Vrep =  7.4528797093E+08
           DelSqV =  2.4954118325E+09
           DelSqVen =  2.7554807808E+12
           DelSqVrep = -2.7529853690E+12
           DelSqG =  1.3404032440E+08
           DelSqK = -2.6294521569E+09
           Stress_EigVals = -3.6256949033E+04 -3.6256832742E+04 -3.6256271791E+04
           Stress_EigVec1 =  4.2778726281E-05  9.8615042961E-04  9.9999951284E-01
           Stress_EigVec2 =  9.9999955826E-01  9.3891961926E-04 -4.3704644661E-05
           Stress_EigVec3 = -9.3896226121E-04  9.9999907297E-01 -9.8610982820E-04
           -DivStress = -2.0104938940E-01  1.2422720487E+02  7.5913691179E+02
           ESP =  -1.4738601359E+01     ESP at Nucleus =  -1.4738601372E+01
           ESPe = -2.1957574475E+01     ESPe at Nucleus = -2.1957575226E+01
           ESPn =  7.2189731157E+00     ESPn at Nucleus =  7.2189738537E+00

CP# 15     Coords = -1.71552299794234E+00  5.64439196699228E+00 -2.32420692601219E+00
           Type = (3,-3) NACP H15
           Rho =  4.2526187111E-01     Rho at Nucleus =  4.2155761481E-01
           GradRho =  1.3652070892E-14  2.0998443997E-15  6.9200772787E-15
           HessRho_EigVals = -6.4737111044E+00 -6.4673165084E+00 -5.8724874086E+00
           HessRho_EigVec1 = -5.2592351427E-01 -5.0577857152E-03  8.5051682872E-01
           HessRho_EigVec2 = -3.4323763032E-04  9.9998349941E-01  5.7343786193E-03
           HessRho_EigVec3 =  8.5053179795E-01 -2.7239151748E-03  5.2591657224E-01
           DelSqRho = -1.8813515021E+01
           Bond Ellipticity = NA
           V = -4.7123408237E+00
           G =  4.4810342099E-03
           K =  4.7078597895E+00
           L =  4.7033787553E+00
           Vnuc =  3.6923933063E+01
           Ven = -1.5702340863E+01
           Vrep =  1.0990000040E+01
           DelSqV =  7.0827999589E+02
           DelSqVen =  6.9466896933E+02
           DelSqVrep =  1.3611026555E+01
           DelSqG =  6.9692468226E+01
           DelSqK = -7.7797246412E+02
           Stress_EigVals = -1.6216907860E+00 -1.6209451295E+00 -1.4697049083E+00
           Stress_EigVec1 = -5.2743217035E-01 -5.8918399186E-03  8.4957671337E-01
           Stress_EigVec2 = -7.6123546898E-04  9.9997882941E-01  6.4622947203E-03
           Stress_EigVec3 =  8.4959680213E-01 -2.7616942020E-03  5.2742548938E-01
           -DivStress = -6.7240224652E+00  2.1526384218E-02 -4.1609987133E+00
           ESP =  -1.1046893650E+00     ESP at Nucleus =  -1.1071507622E+00
           ESPe = -9.4990799771E+00     ESPe at Nucleus = -9.4320466754E+00
           ESPn =  8.3943906121E+00     ESPn at Nucleus =  8.3248959131E+00

CP# 16     Coords =  1.71676285666097E+00  5.64761030217354E+00 -2.32419599606808E+00
           Type = (3,-3) NACP H16
           Rho =  4.2526317315E-01     Rho at Nucleus =  4.2155896859E-01
           GradRho = -1.3757528188E-14  4.4684448891E-17  6.8079235520E-15
           HessRho_EigVals = -6.4737341806E+00 -6.4673396565E+00 -5.8725142461E+00
           HessRho_EigVec1 =  5.2592700242E-01 -4.0682920572E-03  8.5051998044E-01
           HessRho_EigVec2 = -1.5339676497E-03  9.9998239679E-01  5.7317588794E-03
           HessRho_EigVec3 =  8.5052832702E-01  4.3191569014E-03 -5.2591150379E-01
           DelSqRho = -1.8813588083E+01
           Bond Ellipticity = NA
           V = -4.7123591257E+00
           G =  4.4810524415E-03
           K =  4.7078780732E+00
           L =  4.7033970208E+00
           Vnuc =  3.6923085714E+01
           Ven = -1.5702028593E+01
           Vrep =  1.0989669468E+01
           DelSqV =  7.0828304353E+02
           DelSqVen =  6.9465572539E+02
           DelSqVrep =  1.3627318144E+01
           DelSqG =  6.9692792004E+01
           DelSqK = -7.7797583553E+02
           Stress_EigVals = -1.6216965942E+00 -1.6209508732E+00 -1.4697116583E+00
           Stress_EigVec1 =  5.2743725722E-01 -4.9168820391E-03  8.4957975727E-01
           Stress_EigVec2 = -1.1066766850E-03  9.9997842878E-01  6.4743521067E-03
           Stress_EigVec3 =  8.4959326443E-01  4.3550246268E-03 -5.2742043835E-01
           -DivStress =  6.7239581589E+00  3.4135816833E-02 -4.1609402649E+00
           ESP =  -1.1046882214E+00     ESP at Nucleus =  -1.1071495983E+00
           ESPe = -9.4979740559E+00     ESPe at Nucleus = -9.4309254617E+00
           ESPn =  8.3932858345E+00     ESPn at Nucleus =  8.3237758634E+00

