AIMSum (Version 19.02.13, Professional)
Copyright (c) 1997-2019 by Todd A. Keith
AIMSum is a component of the AIMAll package ( http://aim.tkgristmill.com )

TP:  64-bit Linux

Much of the Quantum Theory of Atoms in Molecules (QTAIM) is described in the book:
  "Atoms in Molecules - A Quantum Theory"
  R.F.W. Bader, Oxford University Press, Oxford, 1990

For additional references see:  http://aim.tkgristmill.com/references.html

Wfn File:  /home/mhennefarth/Documents/ML_Diels/summary-liu2013/1an-opt/1an-opt.wfn
Sum File:  /home/mhennefarth/Documents/ML_Diels/summary-liu2013/1an-opt/1an-opt.sum

SumViz File:  /home/mhennefarth/Documents/ML_Diels/summary-liu2013/1an-opt/1an-opt.sumviz

Wfn Title:   Title Card Required                                                           
 
Total memory allocated for AIMSum =        0.936 Megabytes

Atomic units (a.u.) used throughout, except where stated otherwise

Model:  Restricted SCF
 
Restricted, closed-shell, single-determinant wavefunction.
  Number of electrons (from MO Occs)                   =          58.0000000000
  Number of Alpha electrons (from MO Occs)             =          29.0000000000
  Number of Beta electrons (from MO Occs)              =          29.0000000000
  Number of electron pairs (N*(N-1)/2)                 =        1653.0000000000
  Number of electron pairs (from Muller 2EDM)          =        1653.0000000000
 
Nuclear Charges and Cartesian Coordinates:
-------------------------------------------------------------------------------
Atom      Charge                X                  Y                  Z
-------------------------------------------------------------------------------
C1         6.0          -1.5270817100E+00   3.9219534500E+00   1.3890075000E+00
C2         6.0           6.3633010000E-01   2.8675365400E+00   2.2312451400E+00
C3         6.0           6.3633010000E-01  -5.3883187000E+00   1.2243620000E+00
C4         6.0           6.3633010000E-01  -5.3883187000E+00  -1.2243620000E+00
C5         6.0          -1.5270817100E+00   3.9219534500E+00  -1.3890075000E+00
C6         6.0           6.3633010000E-01   2.8675365400E+00  -2.2312451400E+00
C7         6.0           2.2242900800E+00   2.0892343500E+00   0.0000000000E+00
C8         6.0          -1.7913976000E+00  -4.5249824300E+00   0.0000000000E+00
H9         1.0          -3.0494014400E+00   4.6632129800E+00   2.5465180600E+00
H10        1.0           1.1943444500E+00   2.5949401000E+00   4.1834383900E+00
H11        1.0           1.5983417100E+00  -5.7454003000E+00   2.9884136400E+00
H12        1.0           1.5983417100E+00  -5.7454003000E+00  -2.9884136400E+00
H13        1.0          -3.0494014400E+00   4.6632129800E+00  -2.5465180600E+00
H14        1.0           1.1943444500E+00   2.5949401000E+00  -4.1834383900E+00
H15        1.0           4.0832169900E+00   3.0243128300E+00   0.0000000000E+00
H16        1.0           2.6107196700E+00   4.4913900000E-02   0.0000000000E+00
H17        1.0          -3.4394750400E+00  -5.7756010900E+00   0.0000000000E+00
H18        1.0          -2.2853277500E+00  -2.5186983400E+00   0.0000000000E+00
 
Some Atomic Properties:
----------------------
  q(A) = Net Charge of Atom A
  L(A) = Lagrangian of Atom A = -(1/4) Times Atomic Integral of the Laplacian of the Electron Density
  K(A) = Electronic Kinetic Energy of Atom A (Hamiltonian Form)
  K_Scaled(A) = K(A) * E(Mol)/K(Mol) = Approximation to Virial-Based Total Energy of Atom A.
  |Mu_Intra(A)| = Magnitude of Intraatomic Dipole Moment of Atom A
--------------------------------------------------------------------------------------------------
Atom A          q(A)              L(A)              K(A)          K_Scaled(A)      |Mu_Intra(A)|
--------------------------------------------------------------------------------------------------
C1       -5.6331875100E-02 -2.7206809452E-05  3.7726477695E+01 -3.8109572344E+01  1.5207948014E-01
C2       -7.2594261400E-02 -4.0583466194E-05  3.7730245672E+01 -3.8113378584E+01  1.6865226695E-01
C3       -1.4452433680E-01  4.1007263859E-05  3.7755554775E+01 -3.8138944689E+01  2.4141133926E-01
C4       -1.4452301180E-01  2.1974486206E-06  3.7755512899E+01 -3.8138902387E+01  2.4137390008E-01
C5       -5.6290795000E-02  1.6193001872E-05  3.7726482755E+01 -3.8109577456E+01  1.5225924242E-01
C6       -7.2535819700E-02  9.7768243557E-05  3.7730272146E+01 -3.8113405326E+01  1.6876932106E-01
C7       -1.4550563600E-02 -2.6008402427E-04  3.7705889272E+01 -3.8088774856E+01  1.5232529787E-01
C8        5.0524368900E-02 -4.5107751256E-05  3.7571456942E+01 -3.7952977429E+01  3.2358763488E-01
H9        4.2657730690E-02  1.8717976055E-05  5.9390665177E-01 -5.9993749468E-01  1.5030012269E-01
H10       4.6093591840E-02  2.0418640611E-05  5.9204130520E-01 -5.9805320639E-01  1.5074300929E-01
H11       1.0645356794E-01  1.8345924438E-05  5.6255909815E-01 -5.6827162139E-01  1.4639673653E-01
H12       1.0645452494E-01  1.8377564955E-05  5.6255867525E-01 -5.6827119419E-01  1.4639722420E-01
H13       4.2657926370E-02  1.9378038973E-05  5.9390698074E-01 -5.9993782699E-01  1.5029945193E-01
H14       4.6093870960E-02  2.0196539338E-05  5.9204102124E-01 -5.9805291955E-01  1.5074340509E-01
H15       4.0408424100E-02  2.8343446765E-05  5.9088608079E-01 -5.9688625122E-01  1.5246209582E-01
H16       5.0990717370E-02  4.0760935817E-05  5.8695146136E-01 -5.9291167759E-01  1.4686053733E-01
H17       5.7121398900E-03  2.6279205864E-05  6.1339527214E-01 -6.1962401283E-01  1.5727961326E-01
H18       2.2995952540E-02  4.4476156591E-05  6.0746775643E-01 -6.1363630599E-01  1.4807741408E-01
--------------------------------------------------------------------------------------------------
Total    -3.0784786000E-04  3.9478336144E-05  3.0759760646E+02 -3.1072111558E+02
 
1st Largest |L(A)| = 2.6008402427E-04, atom C7      
2nd Largest |L(A)| = 9.7768243557E-05, atom C6      
 
Molecular charge q(Mol) from the wfn file:   0.0000000000E+00
Molecular energy E(Mol) from the wfn file:  -3.1072098129E+02
Molecular virial ratio (-V(Mol)/T(Mol)) from the wfn file:   2.0101545300E+00
Note.  K_Scaled(A) = (1+V(Mol)/T(Mol))*K(A) = (E(Mol)/T(Mol))*K(A)
       Only use K_Scaled(A) data with caution.
 
N_AIMInt(SumA)     =         58.000308
N_Analytic(Mol)    =         57.999990
 
G_AIMInt(SumA)     =        307.597567
G_Analytic(Mol)    =        307.597448
 
K_AIMInt(SumA)     =        307.597606
K_Analytic(Mol)    =        307.597448
 
L_AIMInt(SumA)     =          0.000039
L_Analytic(Mol)    =          0.000000
 
VenT_AIMInt(SumA)  =      -1342.161531
VenT_Analytic(Mol) =      -1342.157675
 
Some Information About the Atomic Calculations:
----------------------------------------------
  Time(sec) = "Elapsed User Time", in Seconds, for Atom A by AIMInt and, if used, by TWOe
  NProc = Number of Processors Used for AIMInt Job
  BIM = Basin Integration Method
  OAQ = Angular Quadrature Outside of Beta Sphere
  ORQ = Multiple of Default for Radial Quadrature Outside of Beta Sphere
  IAQ = Multiple of Default for Angular Quadrature Inside of Beta Sphere
  IRQ = Multiple of Default for Radial Quadrature Inside of Beta Sphere
  MIR = Maximum Integration Radius
------------------------------------------------------------------------------------------------------
Atom A     Time(sec)   NProc      BIM          OAQ                     ORQ      IAQ      IRQ      MIR
------------------------------------------------------------------------------------------------------
C1             70        8     Proaim(5)    4500(GS4)                  1.00     1.00     1.00    13.00
C2             92        8     Proaim(5)    4500(GS4)                  1.00     1.00     1.00    13.00
C3            169        8    Promega(1)    4500(GS4)                  1.00     1.00     1.00    13.00
C4            151        8    Promega(1)    4500(GS4)                  1.00     1.00     1.00    13.00
C5             78        8     Proaim(5)    4500(GS4)                  1.00     1.00     1.00    13.00
C6             90        8     Proaim(5)    4500(GS4)                  1.00     1.00     1.00    13.00
C7             75        8     Proaim(5)    4500(GS4)                  1.00     1.00     1.00    13.00
C8            140        8    Promega(1)    4500(GS4)                  1.00     1.00     1.00    13.00
H9             10        8     Proaim(5)    1800(GS4)                  1.00     1.00     1.00    13.00
H10            14        8     Proaim(5)    1800(GS4)                  1.00     1.00     1.00    13.00
H11            13        8     Proaim(5)    1800(GS4)                  1.00     1.00     1.00    13.00
H12             8        8     Proaim(5)    1800(GS4)                  1.00     1.00     1.00    13.00
H13             9        8     Proaim(5)    1800(GS4)                  1.00     1.00     1.00    13.00
H14             9        8     Proaim(5)    1800(GS4)                  1.00     1.00     1.00    13.00
H15            10        8     Proaim(5)    1800(GS4)                  1.00     1.00     1.00    13.00
H16            64        8     Proaim(5)    4500(GS4)                  1.00     1.00     1.00    13.00
H17            12        8     Proaim(5)    1800(GS4)                  1.00     1.00     1.00    13.00
H18           188        8     Proaim(5)    4500(GS4)                  1.00     1.00     1.00    13.00
------------------------------------------------------------------------------------------------------
Total        1202
Note:  Total wall clock time is less than total of atomic times if more than one atom
       was calculated at a time
 
Electron Density Critical Point Analysis of Molecular Structure:               
---------------------------------------------------------------                
  NACP = Nuclear Attractor Critical Point                                      
  NNACP = Non-Nuclear Attractor Critical Point                                 
  BCP = Bond Critical Point                                                    
  RCP = Ring Critical Point                                                    
  CCP = Cage Critical Point                                                    
  Rho = Electron Density                                                       
  GradRho = Gradient of Electron Density                                       
  HessRho_EigVals = Eigenvalues of the Hessian of Rho, Ascending Order         
  HessRho_EigVecs = Eigenvectors of the Hessian of Rho                         
  DelSqRho = Laplacian of Rho = Trace of Hessian of Rho                        
  Bond Ellipticity = (HessRho_EigVal(1) / HessRho_EigVal(2)) - 1               
  V = Virial Field = Potential Energy Density = Trace of Stress Tensor         
  G = Lagrangian Form of Kinetic Energy Density                                
  K = Hamiltonian Form of Kinetic Energy Density                               
  L = K - G = Lagrangian Density = (-1/4)DelSqRho                              
  Vnuc = Electrostatic Potential from Nuclei                                   
  Ven = Electron-nuclear attractive contribution to Virial Field V             
  Vrep = V - Ven = Repulsive contribution to Virial Field V                    
  DelSqV = Laplacian of V                                                      
  DelSqVen = Laplacian of Ven                                                  
  DelSqVrep = Laplacian of Vrep                                                
  DelSqG = Laplacian of G                                                      
  DelSqK = Laplacian of K                                                      
  Stress_EigVals = Eigenvalues of Stress Tensor, Ascending Order               
  Stress_EigVecs = Eigenvectors of Stress Tensor                               
  -DivStress = Ehrenfest Force Density = Minus Divergence of Stress Tensor     
  ESP = Total Electrostatic Potential                                          
  ESPe = Electrostatic Potential from Electrons                                
  ESPn = Electrostatic Potential from Nuclei                                   
  BP = Bond Path                                                               
  BPL = Bond Path Length                                                       
  GBL = Geometric Bond Length                                                  
  GBL_I = Distance Between Nuclear Attractors                                  
  GBL_II = Distance Between Nuclei                                             
  GBL_III = Sum of Distances Between BCP and Nuclear Attractors                
  GBL_IV = Sum of Distances Between BCP and Nuclei                             

CP# 1      Coords = -1.52708277439841E+00  3.92195393613396E+00  1.38900668487981E+00
           Type = (3,-3) NACP C1
           Rho =  1.1767575075E+02     Rho at Nucleus =  1.1767575061E+02
           GradRho = -4.8627154556E-10  2.3969339323E-10 -3.6606090625E-10
           HessRho_EigVals = -1.4499811659E+05 -1.4499729454E+05 -1.4499698807E+05
           HessRho_EigVec1 =  4.3766393347E-01  8.9913716691E-01  1.6237056246E-03
           HessRho_EigVec2 = -1.1043360114E-01  5.1962302100E-02  9.9252422585E-01
           HessRho_EigVec3 =  8.9233104904E-01 -4.3457136841E-01  1.2203698079E-01
           DelSqRho = -4.3499239919E+05
           Bond Ellipticity = NA
           V = -1.0875834631E+05
           G =  5.1232582922E+00
           K =  1.0875322306E+05
           L =  1.0874809980E+05
           Vnuc =  4.2073621795E+06
           Ven = -4.9510450317E+08
           Vrep =  4.9499574483E+08
           DelSqV =  2.4951380204E+09
           DelSqVen =  1.8301704202E+12
           DelSqVrep = -1.8276752822E+12
           DelSqG =  1.3402058174E+08
           DelSqK = -2.6291586022E+09
           Stress_EigVals = -3.6253047613E+04 -3.6252877052E+04 -3.6252421649E+04
           Stress_EigVec1 =  8.9745903002E-01 -4.3705402250E-01 -5.9590862177E-02
           Stress_EigVec2 =  5.3191410079E-02 -2.6879579179E-02  9.9822250131E-01
           Stress_EigVec3 =  4.3787893684E-01  8.9903351975E-01  8.7580132039E-04
           -DivStress =  8.5941883159E+02 -3.9244126255E+02  6.6589972011E+02
           ESP =  -1.4750738810E+01     ESP at Nucleus =  -1.4750738828E+01
           ESPe = -2.5843373026E+01     ESPe at Nucleus = -2.5843373996E+01
           ESPn =  1.1092634216E+01     ESPn at Nucleus =  1.1092635168E+01

CP# 2      Coords =  6.36331479123054E-01  2.86753583321336E+00  2.23124495536256E+00
           Type = (3,-3) NACP C2
           Rho =  1.1767014211E+02     Rho at Nucleus =  1.1767014193E+02
           GradRho =  7.4796346200E-10 -3.9921762142E-10 -6.0770631480E-11
           HessRho_EigVals = -1.4499332398E+05 -1.4499274831E+05 -1.4499236280E+05
           HessRho_EigVec1 =  4.3440347995E-01  9.0070919746E-01  4.0691782016E-03
           HessRho_EigVec2 = -4.3008627474E-01  2.0345287084E-01  8.7956394061E-01
           HessRho_EigVec3 =  7.9140344508E-01 -3.8383573434E-01  4.7576329846E-01
           DelSqRho = -4.3497843508E+05
           Bond Ellipticity = NA
           V = -1.0875484814E+05
           G =  5.1196867893E+00
           K =  1.0874972846E+05
           L =  1.0874460877E+05
           Vnuc =  3.8445709140E+06
           Ven = -4.5239120580E+08
           Vrep =  4.5228245095E+08
           DelSqV =  2.4950605351E+09
           DelSqVen =  1.6723056067E+12
           DelSqVrep = -1.6698105789E+12
           DelSqG =  1.3401855795E+08
           DelSqK = -2.6290790930E+09
           Stress_EigVals = -3.6251882569E+04 -3.6251673114E+04 -3.6251292461E+04
           Stress_EigVec1 =  6.8073500725E-01 -3.3141819758E-01  6.5327010357E-01
           Stress_EigVec2 = -5.8815345796E-01  2.8432241025E-01  7.5712368667E-01
           Stress_EigVec3 =  4.3666389797E-01  8.9962366873E-01  1.3765409335E-03
           -DivStress = -1.1200469600E+03  5.7406660679E+02  1.5580267719E+02
           ESP =  -1.4751444687E+01     ESP at Nucleus =  -1.4751444705E+01
           ESPe = -2.6071178644E+01     ESPe at Nucleus = -2.6071179030E+01
           ESPn =  1.1319733957E+01     ESPn at Nucleus =  1.1319734324E+01

CP# 3      Coords =  6.36327755494719E-01 -5.38831774942876E+00  1.22436149187203E+00
           Type = (3,-3) NACP C3
           Rho =  1.1763894900E+02     Rho at Nucleus =  1.1763894852E+02
           GradRho = -3.4069781710E-09  1.4165373438E-09 -7.1267362670E-10
           HessRho_EigVals = -1.4495144175E+05 -1.4495115574E+05 -1.4495003371E+05
           HessRho_EigVec1 =  3.5807193741E-01  9.3367084011E-01  6.5764712554E-03
           HessRho_EigVec2 =  6.9640037179E-01 -2.7175486459E-01  6.6421067120E-01
           HessRho_EigVec3 = -6.2194132345E-01  2.3325534486E-01  7.4751651105E-01
           DelSqRho = -4.3485263119E+05
           Bond Ellipticity = NA
           V = -1.0872348643E+05
           G =  5.1643168613E+00
           K =  1.0871832212E+05
           L =  1.0871315780E+05
           Vnuc =  2.3252271254E+06
           Ven = -2.7353727523E+08
           Vrep =  2.7342855175E+08
           DelSqV =  2.4943392631E+09
           DelSqVen =  1.0111311176E+12
           DelSqVrep = -1.0086367783E+12
           DelSqG =  1.3397665067E+08
           DelSqK = -2.6283159137E+09
           Stress_EigVals = -3.6241486460E+04 -3.6241174584E+04 -3.6240825388E+04
           Stress_EigVec1 = -6.0823679505E-02  2.2704146404E-02  9.9789027540E-01
           Stress_EigVec2 =  9.3594845292E-01 -3.4610046915E-01  6.4922713501E-02
           Stress_EigVec3 =  3.4684430727E-01  9.3792269777E-01 -1.9880668932E-04
           -DivStress =  1.9096396746E+03 -7.7411522223E+02  4.1468967413E+02
           ESP =  -1.4728009104E+01     ESP at Nucleus =  -1.4728009127E+01
           ESPe = -2.4549833983E+01     ESPe at Nucleus = -2.4549831364E+01
           ESPn =  9.8218248785E+00     ESPn at Nucleus =  9.8218222367E+00

CP# 4      Coords =  6.36327755494719E-01 -5.38831774942876E+00 -1.22436149187203E+00
           Type = (3,-3) NACP C4
           Rho =  1.1763894900E+02     Rho at Nucleus =  1.1763894852E+02
           GradRho = -3.4069771159E-09  1.4165369274E-09  7.1267407084E-10
           HessRho_EigVals = -1.4495144175E+05 -1.4495115574E+05 -1.4495003371E+05
           HessRho_EigVec1 =  3.5807193742E-01  9.3367084010E-01 -6.5764712630E-03
           HessRho_EigVec2 =  6.9640037179E-01 -2.7175486460E-01 -6.6421067120E-01
           HessRho_EigVec3 =  6.2194132344E-01 -2.3325534486E-01  7.4751651105E-01
           DelSqRho = -4.3485263119E+05
           Bond Ellipticity = NA
           V = -1.0872348643E+05
           G =  5.1643168613E+00
           K =  1.0871832212E+05
           L =  1.0871315780E+05
           Vnuc =  2.3252271254E+06
           Ven = -2.7353727523E+08
           Vrep =  2.7342855175E+08
           DelSqV =  2.4943392631E+09
           DelSqVen =  1.0111311176E+12
           DelSqVrep = -1.0086367783E+12
           DelSqG =  1.3397665067E+08
           DelSqK = -2.6283159137E+09
           Stress_EigVals = -3.6241486460E+04 -3.6241174584E+04 -3.6240825388E+04
           Stress_EigVec1 =  6.0823679509E-02 -2.2704146405E-02  9.9789027540E-01
           Stress_EigVec2 =  9.3594845292E-01 -3.4610046915E-01 -6.4922713506E-02
           Stress_EigVec3 =  3.4684430727E-01  9.3792269777E-01  1.9880668955E-04
           -DivStress =  1.9096396746E+03 -7.7411522223E+02 -4.1468967413E+02
           ESP =  -1.4728009104E+01     ESP at Nucleus =  -1.4728009127E+01
           ESPe = -2.4549833983E+01     ESPe at Nucleus = -2.4549831364E+01
           ESPn =  9.8218248785E+00     ESPn at Nucleus =  9.8218222367E+00

CP# 5      Coords = -1.52708277439841E+00  3.92195393613396E+00 -1.38900668487981E+00
           Type = (3,-3) NACP C5
           Rho =  1.1767575075E+02     Rho at Nucleus =  1.1767575061E+02
           GradRho = -4.8627165826E-10  2.3969334825E-10  3.6606162789E-10
           HessRho_EigVals = -1.4499811659E+05 -1.4499729454E+05 -1.4499698807E+05
           HessRho_EigVec1 =  4.3766393349E-01  8.9913716690E-01 -1.6237056238E-03
           HessRho_EigVec2 =  1.1043360116E-01 -5.1962302111E-02  9.9252422585E-01
           HessRho_EigVec3 =  8.9233104903E-01 -4.3457136842E-01 -1.2203698081E-01
           DelSqRho = -4.3499239919E+05
           Bond Ellipticity = NA
           V = -1.0875834631E+05
           G =  5.1232582922E+00
           K =  1.0875322306E+05
           L =  1.0874809980E+05
           Vnuc =  4.2073621795E+06
           Ven = -4.9510450317E+08
           Vrep =  4.9499574483E+08
           DelSqV =  2.4951380204E+09
           DelSqVen =  1.8301704202E+12
           DelSqVrep = -1.8276752812E+12
           DelSqG =  1.3402058174E+08
           DelSqK = -2.6291586022E+09
           Stress_EigVals = -3.6253047613E+04 -3.6252877052E+04 -3.6252421649E+04
           Stress_EigVec1 =  8.9745903002E-01 -4.3705402249E-01  5.9590862170E-02
           Stress_EigVec2 = -5.3191410073E-02  2.6879579176E-02  9.9822250131E-01
           Stress_EigVec3 =  4.3787893683E-01  8.9903351976E-01 -8.7580132029E-04
           -DivStress =  8.5941883159E+02 -3.9244126255E+02 -6.6589972011E+02
           ESP =  -1.4750738810E+01     ESP at Nucleus =  -1.4750738828E+01
           ESPe = -2.5843373026E+01     ESPe at Nucleus = -2.5843373996E+01
           ESPn =  1.1092634216E+01     ESPn at Nucleus =  1.1092635168E+01

CP# 6      Coords =  6.36331479123054E-01  2.86753583321336E+00 -2.23124495536256E+00
           Type = (3,-3) NACP C6
           Rho =  1.1767014211E+02     Rho at Nucleus =  1.1767014193E+02
           GradRho =  7.4796368437E-10 -3.9921739916E-10  6.0769521256E-11
           HessRho_EigVals = -1.4499332398E+05 -1.4499274831E+05 -1.4499236280E+05
           HessRho_EigVec1 =  4.3440347994E-01  9.0070919747E-01 -4.0691782009E-03
           HessRho_EigVec2 =  4.3008627474E-01 -2.0345287083E-01  8.7956394062E-01
           HessRho_EigVec3 =  7.9140344509E-01 -3.8383573433E-01 -4.7576329846E-01
           DelSqRho = -4.3497843508E+05
           Bond Ellipticity = NA
           V = -1.0875484814E+05
           G =  5.1196867893E+00
           K =  1.0874972846E+05
           L =  1.0874460877E+05
           Vnuc =  3.8445709140E+06
           Ven = -4.5239120580E+08
           Vrep =  4.5228245095E+08
           DelSqV =  2.4950605351E+09
           DelSqVen =  1.6723055739E+12
           DelSqVrep = -1.6698105134E+12
           DelSqG =  1.3401855795E+08
           DelSqK = -2.6290790930E+09
           Stress_EigVals = -3.6251882569E+04 -3.6251673114E+04 -3.6251292461E+04
           Stress_EigVec1 =  6.8073500723E-01 -3.3141819757E-01 -6.5327010359E-01
           Stress_EigVec2 =  5.8815345798E-01 -2.8432241027E-01  7.5712368665E-01
           Stress_EigVec3 =  4.3666389798E-01  8.9962366873E-01 -1.3765409307E-03
           -DivStress = -1.1200469600E+03  5.7406660679E+02 -1.5580267719E+02
           ESP =  -1.4751444687E+01     ESP at Nucleus =  -1.4751444705E+01
           ESPe = -2.6071178644E+01     ESPe at Nucleus = -2.6071179030E+01
           ESPn =  1.1319733957E+01     ESPn at Nucleus =  1.1319734324E+01

CP# 7      Coords =  2.22429014691387E+00  2.08923448649348E+00  4.42267606688434E-24
           Type = (3,-3) NACP C7
           Rho =  1.1754244600E+02     Rho at Nucleus =  1.1754244600E+02
           GradRho =  2.4100776930E-11 -5.4421397944E-12  3.6106576910E-19
           HessRho_EigVals = -1.4483996044E+05 -1.4483980808E+05 -1.4483961549E+05
           HessRho_EigVec1 =  0.0000000000E+00  0.0000000000E+00  1.0000000000E+00
           HessRho_EigVec2 =  5.5971201108E-01  8.2868719349E-01  0.0000000000E+00
           HessRho_EigVec3 =  8.2868719349E-01 -5.5971201108E-01  0.0000000000E+00
           DelSqRho = -4.3451938401E+05
           Bond Ellipticity = NA
           V = -1.0864029959E+05
           G =  5.2267917709E+00
           K =  1.0863507280E+05
           L =  1.0862984600E+05
           Vnuc =  3.9470332596E+07
           Ven = -4.6394394379E+09
           Vrep =  4.6393307976E+09
           DelSqV =  2.4924474493E+09
           DelSqVen =  1.7150609719E+13
           DelSqVrep = -1.7148117272E+13
           DelSqG =  1.3388123726E+08
           DelSqK = -2.6263286866E+09
           Stress_EigVals = -3.6213500134E+04 -3.6213447753E+04 -3.6213351700E+04
           Stress_EigVec1 =  8.3063634284E-01 -5.5681528890E-01  0.0000000000E+00
           Stress_EigVec2 =  5.5681528890E-01  8.3063634284E-01  0.0000000000E+00
           Stress_EigVec3 =  0.0000000000E+00  0.0000000000E+00  1.0000000000E+00
           -DivStress = -5.2566644170E+01 -1.1230402226E+02 -1.0155126884E-14
           ESP =  -1.4738643786E+01     ESP at Nucleus =  -1.4738643786E+01
           ESPe = -2.6237199112E+01     ESPe at Nucleus = -2.6237199166E+01
           ESPn =  1.1498555326E+01     ESPn at Nucleus =  1.1498555379E+01

CP# 8      Coords = -1.79139278379873E+00 -4.52498440236621E+00 -1.40383270543296E-22
           Type = (3,-3) NACP C8
           Rho =  1.1744097194E+02     Rho at Nucleus =  1.1744096998E+02
           GradRho =  6.2128080458E-12  2.7582214290E-11  4.8277711889E-18
           HessRho_EigVals = -1.4469488052E+05 -1.4469389870E+05 -1.4469366716E+05
           HessRho_EigVec1 =  9.5147467138E-01 -3.0772707018E-01  0.0000000000E+00
           HessRho_EigVec2 =  3.0772707018E-01  9.5147467138E-01  0.0000000000E+00
           HessRho_EigVec3 =  0.0000000000E+00  0.0000000000E+00  1.0000000000E+00
           DelSqRho = -4.3408244638E+05
           Bond Ellipticity = NA
           V = -1.0853090787E+05
           G =  5.1481366507E+00
           K =  1.0852575973E+05
           L =  1.0852061160E+05
           Vnuc =  1.1528754167E+06
           Ven = -1.3539480945E+08
           Vrep =  1.3528627855E+08
           DelSqV =  2.4899266577E+09
           DelSqVen =  5.0044298240E+11
           DelSqVrep = -4.9795305574E+11
           DelSqG =  1.3372678453E+08
           DelSqK = -2.6236534422E+09
           Stress_EigVals = -3.6177120234E+04 -3.6176946176E+04 -3.6176841458E+04
           Stress_EigVec1 =  3.0539658702E-01  9.5222524890E-01  0.0000000000E+00
           Stress_EigVec2 =  0.0000000000E+00  0.0000000000E+00  1.0000000000E+00
           Stress_EigVec3 =  9.5222524890E-01 -3.0539658702E-01  0.0000000000E+00
           -DivStress = -3.9064528948E+03  1.5998795921E+03  1.0080424732E-13
           ESP =  -1.4727953312E+01     ESP at Nucleus =  -1.4727953417E+01
           ESPe = -2.4685906303E+01     ESPe at Nucleus = -2.4685900723E+01
           ESPn =  9.9579529908E+00     ESPn at Nucleus =  9.9579473061E+00

CP# 9      Coords = -3.02358504276730E+00  4.65064678626902E+00  2.52676239402713E+00
           Type = (3,-3) NACP H9
           Rho =  4.2677641901E-01     Rho at Nucleus =  4.2308963723E-01
           GradRho =  2.0905611701E-15 -2.9562068193E-15  8.5337657138E-16
           HessRho_EigVals = -6.5162265288E+00 -6.5105990831E+00 -5.9134622988E+00
           HessRho_EigVec1 =  5.1012606814E-01 -2.4893035910E-01  8.2328917819E-01
           HessRho_EigVec2 =  4.3796399297E-01  8.9899240223E-01  4.4899387125E-04
           HessRho_EigVec3 =  7.4024248423E-01 -3.6034197237E-01 -5.6762199348E-01
           DelSqRho = -1.8940287911E+01
           Bond Ellipticity = NA
           V = -4.7440163226E+00
           G =  4.4721724558E-03
           K =  4.7395441501E+00
           L =  4.7350719777E+00
           Vnuc =  3.9332674941E+01
           Ven = -1.6786258162E+01
           Vrep =  1.2042241839E+01
           DelSqV =  7.1350993350E+02
           DelSqVen =  7.4497218769E+02
           DelSqVrep = -3.1462254188E+01
           DelSqG =  7.0389517432E+01
           DelSqK = -7.8389945093E+02
           Stress_EigVals = -1.6322490088E+00 -1.6317272552E+00 -1.4800400586E+00
           Stress_EigVec1 =  5.0893422429E-01 -2.4913208526E-01  8.2396550865E-01
           Stress_EigVec2 =  4.3832731309E-01  8.9881484065E-01  1.0241259231E-03
           Stress_EigVec3 =  7.4084756998E-01 -3.6064537475E-01 -5.6663903124E-01
           -DivStress = -5.8647004111E+00  2.8546396500E+00  4.4870618365E+00
           ESP =  -1.1097351684E+00     ESP at Nucleus =  -1.1122526948E+00
           ESPe = -1.1749888674E+01     ESPe at Nucleus = -1.1663465059E+01
           ESPn =  1.0640153506E+01     ESPn at Nucleus =  1.0551212364E+01

CP# 10     Coords =  1.18495187636674E+00  2.59953586101228E+00  4.15000647913213E+00
           Type = (3,-3) NACP H10
           Rho =  4.2527440367E-01     Rho at Nucleus =  4.2156993092E-01
           GradRho = -9.5784608335E-10  4.6866511651E-10 -3.4130528248E-09
           HessRho_EigVals = -6.4828734673E+00 -6.4766408238E+00 -5.8804343112E+00
           HessRho_EigVec1 =  8.5721928944E-01 -4.1975659040E-01 -2.9829430874E-01
           HessRho_EigVec2 =  4.3974245328E-01  8.9812391060E-01 -1.2644268380E-04
           HessRho_EigVec3 =  2.6795832622E-01 -1.3106428201E-01  9.5447393332E-01
           DelSqRho = -1.8839948602E+01
           Bond Ellipticity = NA
           V = -4.7193688486E+00
           G =  4.6908489841E-03
           K =  4.7146779996E+00
           L =  4.7099871506E+00
           Vnuc =  3.9561549405E+01
           Ven = -1.6824514332E+01
           Vrep =  1.2105145483E+01
           DelSqV =  7.0949746264E+02
           DelSqVen =  7.4533756323E+02
           DelSqVrep = -3.5840100590E+01
           DelSqG =  6.9895997010E+01
           DelSqK = -7.7939345965E+02
           Stress_EigVals = -1.6240070006E+00 -1.6236427002E+00 -1.4717191478E+00
           Stress_EigVec1 =  8.5848571899E-01 -4.1605124848E-01 -2.9983933852E-01
           Stress_EigVec2 =  4.3639942019E-01  8.9975249273E-01  9.9894195448E-04
           Stress_EigVec3 =  2.6936558121E-01 -1.3170729088E-01  9.5398918924E-01
           -DivStress =  2.1233717148E+00 -1.0389316121E+00  7.5543680846E+00
           ESP =  -1.1082922329E+00     ESP at Nucleus =  -1.1108203257E+00
           ESPe = -1.2122105116E+01     ESPe at Nucleus = -1.2036299174E+01
           ESPn =  1.1013812883E+01     ESPn at Nucleus =  1.0925478848E+01

CP# 11     Coords =  1.58135991860692E+00 -5.73909808350671E+00  2.95717504233382E+00
           Type = (3,-3) NACP H11
           Rho =  4.1563319550E-01     Rho at Nucleus =  4.1178439803E-01
           GradRho = -5.1545993228E-11  1.9131149539E-11 -9.4531967280E-11
           HessRho_EigVals = -6.3548344322E+00 -6.3520612558E+00 -5.7388892588E+00
           HessRho_EigVec1 =  8.1545971410E-01 -2.8119447386E-01 -5.0592007525E-01
           HessRho_EigVec2 =  3.3162466215E-01  9.4335627402E-01  1.0199202016E-02
           HessRho_EigVec3 =  4.7439491790E-01 -1.7609261239E-01  8.6252005990E-01
           DelSqRho = -1.8445784947E+01
           Bond Ellipticity = NA
           V = -4.6206730341E+00
           G =  4.6133986890E-03
           K =  4.6160596354E+00
           L =  4.6114462367E+00
           Vnuc =  3.7643663510E+01
           Ven = -1.5645956155E+01
           Vrep =  1.1025283121E+01
           DelSqV =  6.9424763490E+02
           DelSqVen =  6.9436692187E+02
           DelSqVrep = -1.1928697445E-01
           DelSqG =  6.8572676535E+01
           DelSqK = -7.6282031143E+02
           Stress_EigVals = -1.5923938204E+00 -1.5916936845E+00 -1.4365855292E+00
           Stress_EigVec1 =  8.1188729618E-01 -2.9563355744E-01 -5.0342806638E-01
           Stress_EigVec2 =  3.4363960706E-01  9.3909767225E-01  2.7170630609E-03
           Stress_EigVec3 =  4.7196487027E-01 -1.7520377190E-01  8.6403286948E-01
           -DivStress =  3.7587293280E+00 -1.3948287518E+00  6.9183359329E+00
           ESP =  -1.0698576938E+00     ESP at Nucleus =  -1.0725315839E+00
           ESPe = -1.1020542529E+01     ESPe at Nucleus = -1.0940534584E+01
           ESPn =  9.9506848354E+00     ESPn at Nucleus =  9.8680030004E+00

CP# 12     Coords =  1.58135991860692E+00 -5.73909808350671E+00 -2.95717504233382E+00
           Type = (3,-3) NACP H12
           Rho =  4.1563319550E-01     Rho at Nucleus =  4.1178439803E-01
           GradRho = -5.1545998432E-11  1.9131152138E-11  9.4531949932E-11
           HessRho_EigVals = -6.3548344322E+00 -6.3520612558E+00 -5.7388892588E+00
           HessRho_EigVec1 =  8.1545971410E-01 -2.8119447386E-01  5.0592007525E-01
           HessRho_EigVec2 =  3.3162466215E-01  9.4335627402E-01 -1.0199202016E-02
           HessRho_EigVec3 = -4.7439491790E-01  1.7609261239E-01  8.6252005990E-01
           DelSqRho = -1.8445784947E+01
           Bond Ellipticity = NA
           V = -4.6206730341E+00
           G =  4.6133986890E-03
           K =  4.6160596354E+00
           L =  4.6114462367E+00
           Vnuc =  3.7643663510E+01
           Ven = -1.5645956155E+01
           Vrep =  1.1025283121E+01
           DelSqV =  6.9424763490E+02
           DelSqVen =  6.9436692187E+02
           DelSqVrep = -1.1928697444E-01
           DelSqG =  6.8572676535E+01
           DelSqK = -7.6282031143E+02
           Stress_EigVals = -1.5923938204E+00 -1.5916936845E+00 -1.4365855292E+00
           Stress_EigVec1 =  8.1188729618E-01 -2.9563355744E-01  5.0342806638E-01
           Stress_EigVec2 =  3.4363960706E-01  9.3909767225E-01 -2.7170630610E-03
           Stress_EigVec3 = -4.7196487027E-01  1.7520377190E-01  8.6403286948E-01
           -DivStress =  3.7587293280E+00 -1.3948287518E+00 -6.9183359329E+00
           ESP =  -1.0698576938E+00     ESP at Nucleus =  -1.0725315839E+00
           ESPe = -1.1020542529E+01     ESPe at Nucleus = -1.0940534584E+01
           ESPn =  9.9506848354E+00     ESPn at Nucleus =  9.8680030004E+00

CP# 13     Coords = -3.02358504276730E+00  4.65064678626902E+00 -2.52676239402713E+00
           Type = (3,-3) NACP H13
           Rho =  4.2677641901E-01     Rho at Nucleus =  4.2308963723E-01
           GradRho =  2.0809714866E-15 -2.9671530261E-15 -8.4383565100E-16
           HessRho_EigVals = -6.5162265288E+00 -6.5105990831E+00 -5.9134622988E+00
           HessRho_EigVec1 = -5.1012606814E-01  2.4893035910E-01  8.2328917819E-01
           HessRho_EigVec2 =  4.3796399297E-01  8.9899240223E-01 -4.4899387116E-04
           HessRho_EigVec3 =  7.4024248423E-01 -3.6034197237E-01  5.6762199348E-01
           DelSqRho = -1.8940287911E+01
           Bond Ellipticity = NA
           V = -4.7440163226E+00
           G =  4.4721724558E-03
           K =  4.7395441501E+00
           L =  4.7350719777E+00
           Vnuc =  3.9332674941E+01
           Ven = -1.6786258162E+01
           Vrep =  1.2042241839E+01
           DelSqV =  7.1350993350E+02
           DelSqVen =  7.4497218769E+02
           DelSqVrep = -3.1462254188E+01
           DelSqG =  7.0389517432E+01
           DelSqK = -7.8389945093E+02
           Stress_EigVals = -1.6322490088E+00 -1.6317272552E+00 -1.4800400586E+00
           Stress_EigVec1 = -5.0893422429E-01  2.4913208526E-01  8.2396550865E-01
           Stress_EigVec2 =  4.3832731309E-01  8.9881484065E-01 -1.0241259233E-03
           Stress_EigVec3 =  7.4084756998E-01 -3.6064537475E-01  5.6663903124E-01
           -DivStress = -5.8647004111E+00  2.8546396500E+00 -4.4870618365E+00
           ESP =  -1.1097351684E+00     ESP at Nucleus =  -1.1122526948E+00
           ESPe = -1.1749888674E+01     ESPe at Nucleus = -1.1663465059E+01
           ESPn =  1.0640153506E+01     ESPn at Nucleus =  1.0551212364E+01

CP# 14     Coords =  1.18495187636674E+00  2.59953586101228E+00 -4.15000647913213E+00
           Type = (3,-3) NACP H14
           Rho =  4.2527440367E-01     Rho at Nucleus =  4.2156993092E-01
           GradRho = -9.5784607727E-10  4.6866511042E-10  3.4130528344E-09
           HessRho_EigVals = -6.4828734673E+00 -6.4766408238E+00 -5.8804343112E+00
           HessRho_EigVec1 =  8.5721928944E-01 -4.1975659040E-01  2.9829430874E-01
           HessRho_EigVec2 =  4.3974245328E-01  8.9812391060E-01  1.2644268380E-04
           HessRho_EigVec3 = -2.6795832622E-01  1.3106428201E-01  9.5447393332E-01
           DelSqRho = -1.8839948602E+01
           Bond Ellipticity = NA
           V = -4.7193688486E+00
           G =  4.6908489841E-03
           K =  4.7146779996E+00
           L =  4.7099871506E+00
           Vnuc =  3.9561549405E+01
           Ven = -1.6824514332E+01
           Vrep =  1.2105145483E+01
           DelSqV =  7.0949746264E+02
           DelSqVen =  7.4533756323E+02
           DelSqVrep = -3.5840100590E+01
           DelSqG =  6.9895997010E+01
           DelSqK = -7.7939345965E+02
           Stress_EigVals = -1.6240070006E+00 -1.6236427002E+00 -1.4717191478E+00
           Stress_EigVec1 =  8.5848571899E-01 -4.1605124848E-01  2.9983933852E-01
           Stress_EigVec2 =  4.3639942019E-01  8.9975249273E-01 -9.9894195448E-04
           Stress_EigVec3 = -2.6936558121E-01  1.3170729088E-01  9.5398918924E-01
           -DivStress =  2.1233717148E+00 -1.0389316121E+00 -7.5543680846E+00
           ESP =  -1.1082922329E+00     ESP at Nucleus =  -1.1108203257E+00
           ESPe = -1.2122105116E+01     ESPe at Nucleus = -1.2036299174E+01
           ESPn =  1.1013812883E+01     ESPn at Nucleus =  1.0925478848E+01

CP# 15     Coords =  4.05353237618204E+00  3.00930516255896E+00 -5.78615227274896E-21
           Type = (3,-3) NACP H15
           Rho =  4.1644216494E-01     Rho at Nucleus =  4.1315369022E-01
           GradRho = -6.6153679756E-15 -3.2803620931E-15 -7.9694518060E-20
           HessRho_EigVals = -6.3547427675E+00 -6.3535311580E+00 -5.8047344935E+00
           HessRho_EigVec1 =  0.0000000000E+00  0.0000000000E+00  1.0000000000E+00
           HessRho_EigVec2 = -4.5005676510E-01  8.9299994859E-01  0.0000000000E+00
           HessRho_EigVec3 =  8.9299994859E-01  4.5005676510E-01  0.0000000000E+00
           DelSqRho = -1.8513008419E+01
           Bond Ellipticity = NA
           V = -4.6380886573E+00
           G =  4.9182762831E-03
           K =  4.6331703810E+00
           L =  4.6282521047E+00
           Vnuc =  4.1304384764E+01
           Ven = -1.7200887413E+01
           Vrep =  1.2562798755E+01
           DelSqV =  6.9876932577E+02
           DelSqVen =  7.6466842287E+02
           DelSqVrep = -6.5899097095E+01
           DelSqG =  6.8925749882E+01
           DelSqK = -7.6769507566E+02
           Stress_EigVals = -1.5924274456E+00 -1.5923651207E+00 -1.4532960910E+00
           Stress_EigVec1 =  0.0000000000E+00  0.0000000000E+00  1.0000000000E+00
           Stress_EigVec2 = -4.5017014663E-01  8.9294279721E-01  0.0000000000E+00
           Stress_EigVec3 =  8.9294279721E-01  4.5017014663E-01  0.0000000000E+00
           -DivStress =  6.5902734475E+00  3.3315403060E+00  4.0166950786E-19
           ESP =  -1.1035121010E+00     ESP at Nucleus =  -1.1057115697E+00
           ESPe = -1.2344180573E+01     ESPe at Nucleus = -1.2260852271E+01
           ESPn =  1.1240668472E+01     ESPn at Nucleus =  1.1155140702E+01

CP# 16     Coords =  2.60460041515582E+00  7.80551450786532E-02  1.51691636797499E-20
           Type = (3,-3) NACP H16
           Rho =  4.1499305865E-01     Rho at Nucleus =  4.1163330570E-01
           GradRho = -3.5715118536E-10  1.9299713047E-09 -2.7211056823E-19
           HessRho_EigVals = -6.3289717244E+00 -6.3279893919E+00 -5.7734212503E+00
           HessRho_EigVec1 =  0.0000000000E+00  0.0000000000E+00  1.0000000000E+00
           HessRho_EigVec2 =  9.8297889558E-01  1.8371850979E-01  0.0000000000E+00
           HessRho_EigVec3 = -1.8371850979E-01  9.8297889558E-01  0.0000000000E+00
           DelSqRho = -1.8430382367E+01
           Bond Ellipticity = NA
           V = -4.6175232809E+00
           G =  4.9638446110E-03
           K =  4.6125594363E+00
           L =  4.6075955917E+00
           Vnuc =  4.2132211179E+01
           Ven = -1.7484575185E+01
           Vrep =  1.2867051904E+01
           DelSqV =  6.9526567129E+02
           DelSqVen =  7.7651276543E+02
           DelSqVrep = -8.1247094133E+01
           DelSqG =  6.8556057167E+01
           DelSqK = -7.6382172846E+02
           Stress_EigVals = -1.5860007341E+00 -1.5859169383E+00 -1.4456056085E+00
