AIMSum (Version 19.02.13, Professional)
Copyright (c) 1997-2019 by Todd A. Keith
AIMSum is a component of the AIMAll package ( http://aim.tkgristmill.com )

TP:  64-bit Linux

Much of the Quantum Theory of Atoms in Molecules (QTAIM) is described in the book:
  "Atoms in Molecules - A Quantum Theory"
  R.F.W. Bader, Oxford University Press, Oxford, 1990

For additional references see:  http://aim.tkgristmill.com/references.html

Wfn File:  /home/mhennefarth/Documents/ML_Diels/summary-liu2013/1ax-opt/1ax-opt.wfn
Sum File:  /home/mhennefarth/Documents/ML_Diels/summary-liu2013/1ax-opt/1ax-opt.sum

SumViz File:  /home/mhennefarth/Documents/ML_Diels/summary-liu2013/1ax-opt/1ax-opt.sumviz

Wfn Title:   Title Card Required                                                           
 
Total memory allocated for AIMSum =        0.860 Megabytes

Atomic units (a.u.) used throughout, except where stated otherwise

Model:  Restricted SCF
 
Restricted, closed-shell, single-determinant wavefunction.
  Number of electrons (from MO Occs)                   =          58.0000000000
  Number of Alpha electrons (from MO Occs)             =          29.0000000000
  Number of Beta electrons (from MO Occs)              =          29.0000000000
  Number of electron pairs (N*(N-1)/2)                 =        1653.0000000000
  Number of electron pairs (from Muller 2EDM)          =        1653.0000000000
 
Nuclear Charges and Cartesian Coordinates:
-------------------------------------------------------------------------------
Atom      Charge                X                  Y                  Z
-------------------------------------------------------------------------------
C1         6.0          -3.6008796800E+00  -1.3010627100E+00   1.8165547800E+00
C2         6.0          -3.0138463400E+00   1.1711261700E+00   2.0273393100E+00
C3         6.0           6.1679172300E+00  -1.3480436500E+00   2.6284333000E-01
C4         6.0           3.8327419400E+00  -8.5099275000E-01  -2.7387826000E-01
C5         6.0          -3.6486302300E+00  -2.0056391400E+00  -8.7068260000E-01
C6         6.0          -3.0882227900E+00   4.0066350000E-02  -2.2895634600E+00
C7         6.0          -2.6309083900E+00   2.2651899800E+00  -5.7262200000E-01
C8         6.0           5.5472062400E+00   1.4183577300E+00  -4.6774000000E-03
H9         1.0          -3.9813826600E+00  -2.5969745300E+00   3.3596934600E+00
H10        1.0          -2.8266950600E+00   2.2486412900E+00   3.7592617300E+00
H11        1.0           7.6370261300E+00  -2.7097471600E+00   6.5258943000E-01
H12        1.0           1.9283845100E+00  -1.4744153900E+00  -6.6379857000E-01
H13        1.0          -4.0805854500E+00  -3.8859499100E+00  -1.5672833500E+00
H14        1.0          -2.9837128500E+00   1.3014851000E-01  -4.3334974400E+00
H15        1.0          -3.9449002900E+00   3.8305122300E+00  -9.6260765000E-01
H16        1.0          -7.1972004000E-01   3.0522285400E+00  -8.0811387000E-01
H17        1.0           6.1604848300E+00   2.4563661600E+00  -1.6869578100E+00
H18        1.0           5.4188330200E+00   2.6151784100E+00   1.6788318700E+00
 
Some Atomic Properties:
----------------------
  q(A) = Net Charge of Atom A
  L(A) = Lagrangian of Atom A = -(1/4) Times Atomic Integral of the Laplacian of the Electron Density
  K(A) = Electronic Kinetic Energy of Atom A (Hamiltonian Form)
  K_Scaled(A) = K(A) * E(Mol)/K(Mol) = Approximation to Virial-Based Total Energy of Atom A.
  |Mu_Intra(A)| = Magnitude of Intraatomic Dipole Moment of Atom A
--------------------------------------------------------------------------------------------------
Atom A          q(A)              L(A)              K(A)          K_Scaled(A)      |Mu_Intra(A)|
--------------------------------------------------------------------------------------------------
C1       -5.6793378700E-02  1.7128766526E-04  3.7727446322E+01 -3.8110189379E+01  1.5542820018E-01
C2       -7.0453300000E-02 -7.9619118669E-05  3.7730395922E+01 -3.8113168902E+01  1.7140487622E-01
C3       -1.4392466170E-01 -4.7349301124E-05  3.7757921550E+01 -3.8140973776E+01  2.3839222572E-01
C4       -1.4285615970E-01 -5.1830840178E-06  3.7757311870E+01 -3.8140357911E+01  2.6910339143E-01
C5       -6.1863773600E-02 -7.8937130807E-05  3.7729755943E+01 -3.8112522430E+01  1.5388234645E-01
C6       -7.7794454700E-02 -3.6847825619E-05  3.7733138963E+01 -3.8115939771E+01  1.7254573574E-01
C7       -1.4134849500E-02  9.9596807256E-06  3.7705778818E+01 -3.8088302059E+01  1.5092238333E-01
C8        4.0752996600E-02  1.2889135144E-05  3.7571491496E+01 -3.7952652398E+01  3.0893975223E-01
H9        4.5424602050E-02  2.0256583670E-05  5.9282739924E-01 -5.9884160356E-01  1.4965515999E-01
H10       5.0261334570E-02  2.1076336257E-05  5.9047392178E-01 -5.9646425019E-01  1.4972737332E-01
H11       1.0426867648E-01  2.3996633134E-05  5.6340986197E-01 -5.6912562685E-01  1.4660230915E-01
H12       1.2861406249E-01  3.4937018858E-05  5.5402086284E-01 -5.5964137679E-01  1.3584728135E-01
H13       4.5302477460E-02  2.3799094825E-05  5.9284306251E-01 -5.9885742574E-01  1.4957644886E-01
H14       5.0133296080E-02  2.1554402311E-05  5.9040669051E-01 -5.9639633686E-01  1.4970570703E-01
H15       4.4675188100E-02  1.8211262017E-05  5.8916187679E-01 -5.9513889457E-01  1.5118362492E-01
H16       5.2630835880E-02  4.7718650481E-05  5.8649012342E-01 -5.9244003640E-01  1.4659077793E-01
H17       2.7560370600E-03  2.7387503070E-05  6.1434798145E-01 -6.2058051101E-01  1.5877391449E-01
H18       3.1752599800E-03  2.6003055947E-05  6.1417507424E-01 -6.2040584966E-01  1.5875814316E-01
--------------------------------------------------------------------------------------------------
Total     1.7418885000E-04  2.1114056146E-04  3.0760139774E+02 -3.1072199854E+02
 
1st Largest |L(A)| = 1.7128766526E-04, atom C1      
2nd Largest |L(A)| = 7.9619118669E-05, atom C2      
 
Molecular charge q(Mol) from the wfn file:   0.0000000000E+00
Molecular energy E(Mol) from the wfn file:  -3.1072195868E+02
Molecular virial ratio (-V(Mol)/T(Mol)) from the wfn file:   2.0101449500E+00
Note.  K_Scaled(A) = (1+V(Mol)/T(Mol))*K(A) = (E(Mol)/T(Mol))*K(A)
       Only use K_Scaled(A) data with caution.
 
N_AIMInt(SumA)     =         57.999826
N_Analytic(Mol)    =         57.999990
 
G_AIMInt(SumA)     =        307.601187
G_Analytic(Mol)    =        307.601338
 
K_AIMInt(SumA)     =        307.601398
K_Analytic(Mol)    =        307.601338
 
L_AIMInt(SumA)     =          0.000211
L_Analytic(Mol)    =          0.000000
 
VenT_AIMInt(SumA)  =      -1340.738561
VenT_Analytic(Mol) =      -1340.740352
 
Some Information About the Atomic Calculations:
----------------------------------------------
  Time(sec) = "Elapsed User Time", in Seconds, for Atom A by AIMInt and, if used, by TWOe
  NProc = Number of Processors Used for AIMInt Job
  BIM = Basin Integration Method
  OAQ = Angular Quadrature Outside of Beta Sphere
  ORQ = Multiple of Default for Radial Quadrature Outside of Beta Sphere
  IAQ = Multiple of Default for Angular Quadrature Inside of Beta Sphere
  IRQ = Multiple of Default for Radial Quadrature Inside of Beta Sphere
  MIR = Maximum Integration Radius
------------------------------------------------------------------------------------------------------
Atom A     Time(sec)   NProc      BIM          OAQ                     ORQ      IAQ      IRQ      MIR
------------------------------------------------------------------------------------------------------
C1             64        8     Proaim(5)    4500(GS4)                  1.00     1.00     1.00    13.00
C2             51        8     Proaim(5)    4500(GS4)                  1.00     1.00     1.00    13.00
C3             29        8     Proaim(5)    4500(GS4)                  1.00     1.00     1.00    13.00
C4             73        8     Proaim(5)    4500(GS4)                  1.00     1.00     1.00    13.00
C5             51        8     Proaim(5)    4500(GS4)                  1.00     1.00     1.00    13.00
C6            207        8     Proaim(5)    4500(GS4)                  1.00     1.00     1.00    13.00
C7            149        8     Proaim(5)    4500(GS4)                  1.00     1.00     1.00    13.00
C8             57        8     Proaim(5)    4500(GS4)                  1.00     1.00     1.00    13.00
H9             15        8     Proaim(5)    1800(GS4)                  1.00     1.00     1.00    13.00
H10            13        8     Proaim(5)    1800(GS4)                  1.00     1.00     1.00    13.00
H11             8        8     Proaim(5)    1800(GS4)                  1.00     1.00     1.00    13.00
H12            80        8     Proaim(5)    4500(GS4)                  1.00     1.00     1.00    13.00
H13             5        8     Proaim(5)    1800(GS4)                  1.00     1.00     1.00    13.00
H14             5        8     Proaim(5)    1800(GS4)                  1.00     1.00     1.00    13.00
H15             5        8     Proaim(5)    1800(GS4)                  1.00     1.00     1.00    13.00
H16            24        8     Proaim(5)    1800(GS4)                  1.00     1.00     1.00    13.00
H17             5        8     Proaim(5)    1800(GS4)                  1.00     1.00     1.00    13.00
H18             7        8     Proaim(5)    1800(GS4)                  1.00     1.00     1.00    13.00
------------------------------------------------------------------------------------------------------
Total         848
Note:  Total wall clock time is less than total of atomic times if more than one atom
       was calculated at a time
 
Electron Density Critical Point Analysis of Molecular Structure:               
---------------------------------------------------------------                
  NACP = Nuclear Attractor Critical Point                                      
  NNACP = Non-Nuclear Attractor Critical Point                                 
  BCP = Bond Critical Point                                                    
  RCP = Ring Critical Point                                                    
  CCP = Cage Critical Point                                                    
  Rho = Electron Density                                                       
  GradRho = Gradient of Electron Density                                       
  HessRho_EigVals = Eigenvalues of the Hessian of Rho, Ascending Order         
  HessRho_EigVecs = Eigenvectors of the Hessian of Rho                         
  DelSqRho = Laplacian of Rho = Trace of Hessian of Rho                        
  Bond Ellipticity = (HessRho_EigVal(1) / HessRho_EigVal(2)) - 1               
  V = Virial Field = Potential Energy Density = Trace of Stress Tensor         
  G = Lagrangian Form of Kinetic Energy Density                                
  K = Hamiltonian Form of Kinetic Energy Density                               
  L = K - G = Lagrangian Density = (-1/4)DelSqRho                              
  Vnuc = Electrostatic Potential from Nuclei                                   
  Ven = Electron-nuclear attractive contribution to Virial Field V             
  Vrep = V - Ven = Repulsive contribution to Virial Field V                    
  DelSqV = Laplacian of V                                                      
  DelSqVen = Laplacian of Ven                                                  
  DelSqVrep = Laplacian of Vrep                                                
  DelSqG = Laplacian of G                                                      
  DelSqK = Laplacian of K                                                      
  Stress_EigVals = Eigenvalues of Stress Tensor, Ascending Order               
  Stress_EigVecs = Eigenvectors of Stress Tensor                               
  -DivStress = Ehrenfest Force Density = Minus Divergence of Stress Tensor     
  ESP = Total Electrostatic Potential                                          
  ESPe = Electrostatic Potential from Electrons                                
  ESPn = Electrostatic Potential from Nuclei                                   
  BP = Bond Path                                                               
  BPL = Bond Path Length                                                       
  GBL = Geometric Bond Length                                                  
  GBL_I = Distance Between Nuclear Attractors                                  
  GBL_II = Distance Between Nuclei                                             
  GBL_III = Sum of Distances Between BCP and Nuclear Attractors                
  GBL_IV = Sum of Distances Between BCP and Nuclei                             

CP# 1      Coords = -3.60087994513539E+00 -1.30106401538371E+00  1.81655420154061E+00
           Type = (3,-3) NACP C1
           Rho =  1.1767632963E+02     Rho at Nucleus =  1.1767632948E+02
           GradRho = -9.8464601707E-11 -6.2730984475E-10 -2.5847628184E-10
           HessRho_EigVals = -1.4499924414E+05 -1.4499843822E+05 -1.4499811730E+05
           HessRho_EigVec1 =  9.7154528700E-01 -2.3376273787E-01  3.8141023649E-02
           HessRho_EigVec2 = -8.8423938421E-04  1.5745105222E-01  9.8752639675E-01
           HessRho_EigVec3 =  2.3685221853E-01  9.5946034235E-01 -1.5276412549E-01
           DelSqRho = -4.3499579967E+05
           Bond Ellipticity = NA
           V = -1.0875919917E+05
           G =  5.1246246448E+00
           K =  1.0875407454E+05
           L =  1.0874894992E+05
           Vnuc =  4.1316207516E+06
           Ven = -4.8619396547E+08
           Vrep =  4.8608520628E+08
           DelSqV =  2.4951579266E+09
           DelSqVen =  1.7972376863E+12
           DelSqVrep = -1.7947425283E+12
           DelSqG =  1.3402205385E+08
           DelSqK = -2.6291799805E+09
           Stress_EigVals = -3.6253333896E+04 -3.6253157684E+04 -3.6252707587E+04
           Stress_EigVec1 =  2.3505593412E-01  9.1969417999E-01 -3.1450170609E-01
           Stress_EigVec2 =  3.5871735820E-02  3.1513878598E-01  9.4836742043E-01
           Stress_EigVec3 =  9.7131968291E-01 -2.3420111201E-01  4.1084215057E-02
           -DivStress =  2.1470339902E+02  1.0558303222E+03  4.7476130033E+02
           ESP =  -1.4746034604E+01     ESP at Nucleus =  -1.4746034621E+01
           ESPe = -2.5909930599E+01     ESPe at Nucleus = -2.5909931429E+01
           ESPn =  1.1163895996E+01     ESPn at Nucleus =  1.1163896808E+01

CP# 2      Coords = -3.01384596216643E+00  1.17112753683206E+00  2.02733868422261E+00
           Type = (3,-3) NACP C2
           Rho =  1.1767242725E+02     Rho at Nucleus =  1.1767242707E+02
           GradRho =  2.2387491860E-10  7.2504039036E-10 -3.2102299974E-10
           HessRho_EigVals = -1.4499621404E+05 -1.4499560110E+05 -1.4499521208E+05
           HessRho_EigVec1 =  9.7128001867E-01 -2.3526028407E-01  3.5605113106E-02
           HessRho_EigVec2 = -9.4680694069E-02 -2.4485730287E-01  9.6492510974E-01
           HessRho_EigVec3 =  2.1829038346E-01  9.4058359542E-01  2.6009961269E-01
           DelSqRho = -4.3498702722E+05
           Bond Ellipticity = NA
           V = -1.0875699338E+05
           G =  5.1182867689E+00
           K =  1.0875187509E+05
           L =  1.0874675680E+05
           Vnuc =  3.8709102002E+06
           Ven = -4.5549939891E+08
           Vrep =  4.5539064191E+08
           DelSqV =  2.4951096140E+09
           DelSqVen =  1.6837957714E+12
           DelSqVrep = -1.6813006618E+12
           DelSqG =  1.3402124873E+08
           DelSqK = -2.6291308627E+09
           Stress_EigVals = -3.6252602284E+04 -3.6252389990E+04 -3.6252001104E+04
           Stress_EigVec1 =  1.9223529273E-01  8.7215647622E-01  4.4987628658E-01
           Stress_EigVec2 = -1.4073768395E-01 -4.2918629721E-01  8.9218385247E-01
           Stress_EigVec3 =  9.7120466254E-01 -2.3482377068E-01  4.0240529020E-02
           -DivStress = -3.0649731454E+02 -1.1087288311E+03  5.1373692017E+02
           ESP =  -1.4746579060E+01     ESP at Nucleus =  -1.4746579078E+01
           ESPe = -2.6031283156E+01     ESPe at Nucleus = -2.6031283521E+01
           ESPn =  1.1284704096E+01     ESPn at Nucleus =  1.1284704443E+01

CP# 3      Coords =  6.16791742930627E+00 -1.34804093711872E+00  2.62843247980529E-01
           Type = (3,-3) NACP C3
           Rho =  1.1763424232E+02     Rho at Nucleus =  1.1763424179E+02
           GradRho =  3.8403702787E-10  4.3901597575E-09 -1.3292020631E-10
           HessRho_EigVals = -1.4494571413E+05 -1.4494551602E+05 -1.4494437667E+05
           HessRho_EigVec1 = -2.1330323132E-01  4.6004017734E-02  9.7590233213E-01
           HessRho_EigVec2 = -4.6042465664E-01  8.7627699462E-01 -1.4194282038E-01
           HessRho_EigVec3 =  8.6169070267E-01  4.7960635843E-01  1.6573133041E-01
           DelSqRho = -4.3483560681E+05
           Bond Ellipticity = NA
           V = -1.0871923647E+05
           G =  5.1673822578E+00
           K =  1.0871406909E+05
           L =  1.0870890170E+05
           Vnuc =  2.2047335927E+06
           Ven = -2.5935216570E+08
           Vrep =  2.5924344647E+08
           DelSqV =  2.4942422398E+09
           DelSqVen =  9.5869667328E+11
           DelSqVrep = -9.5620243514E+11
           DelSqG =  1.3397158284E+08
           DelSqK = -2.6282138227E+09
           Stress_EigVals = -3.6240070868E+04 -3.6239744425E+04 -3.6239421175E+04
           Stress_EigVec1 =  9.6607833211E-01 -1.3706626177E-01  2.1887324209E-01
           Stress_EigVec2 =  1.4402420519E-01  9.8944352182E-01 -1.6079348609E-02
           Stress_EigVec3 = -2.1435877528E-01  4.7056955015E-02  9.7562080669E-01
           -DivStress = -1.6126826334E+02 -2.2090689682E+03  6.6886287172E+01
           ESP =  -1.4733510576E+01     ESP at Nucleus =  -1.4733510603E+01
           ESPe = -2.4148907705E+01     ESPe at Nucleus = -2.4148905487E+01
           ESPn =  9.4153971293E+00     ESPn at Nucleus =  9.4153948834E+00

CP# 4      Coords =  3.83274333898700E+00 -8.50990047676967E-01 -2.73878085464369E-01
           Type = (3,-3) NACP C4
           Rho =  1.1764822173E+02     Rho at Nucleus =  1.1764822105E+02
           GradRho =  2.8180874700E-09  5.5250198769E-09  3.5302865665E-10
           HessRho_EigVals = -1.4496325608E+05 -1.4496289386E+05 -1.4496184542E+05
           HessRho_EigVec1 = -2.0946329029E-01  5.0653031291E-02  9.7650366125E-01
           HessRho_EigVec2 =  7.5456062909E-01  6.4353129517E-01  1.2847462456E-01
           HessRho_EigVec3 = -6.2190303669E-01  7.6374193453E-01 -1.7301696565E-01
           DelSqRho = -4.3488799535E+05
           Bond Ellipticity = NA
           V = -1.0873231507E+05
           G =  5.1581164532E+00
           K =  1.0872715696E+05
           L =  1.0872199884E+05
           Vnuc =  1.9685279001E+06
           Ven = -2.3159380687E+08
           Vrep =  2.3148507455E+08
           DelSqV =  2.4945413922E+09
           DelSqVen =  8.5608916173E+11
           DelSqVrep = -8.5359462034E+11
           DelSqG =  1.3398793314E+08
           DelSqK = -2.6285293253E+09
           Stress_EigVals = -3.6244450278E+04 -3.6244102017E+04 -3.6243762776E+04
           Stress_EigVec1 =  9.4807558145E-01 -2.3007069683E-01  2.1959090674E-01
           Stress_EigVec2 =  2.3481687240E-01  9.7202871966E-01  4.6048447570E-03
           Stress_EigVec3 = -2.1450810777E-01  4.7197909057E-02  9.7558117504E-01
           -DivStress = -1.1397512089E+03 -2.1995461357E+03 -1.4281828845E+02
           ESP =  -1.4735053741E+01     ESP at Nucleus =  -1.4735053774E+01
           ESPe = -2.5252651077E+01     ESPe at Nucleus = -2.5252648851E+01
           ESPn =  1.0517597336E+01     ESPn at Nucleus =  1.0517595077E+01

CP# 5      Coords = -3.64863031849426E+00 -2.00564000941892E+00 -8.70681555424711E-01
           Type = (3,-3) NACP C5
           Rho =  1.1768645134E+02     Rho at Nucleus =  1.1768645121E+02
           GradRho = -3.8642691477E-11 -3.9691035983E-10  4.3765934399E-10
           HessRho_EigVals = -1.4501418265E+05 -1.4501332760E+05 -1.4501303259E+05
           HessRho_EigVec1 =  9.7288565616E-01 -2.2840013570E-01  3.6426337429E-02
           HessRho_EigVec2 =  4.8812976605E-02  3.5671158863E-01  9.3293844162E-01
           HessRho_EigVec3 =  2.2607696336E-01  9.0586434997E-01 -3.5818847844E-01
           DelSqRho = -4.3504054284E+05
           Bond Ellipticity = NA
           V = -1.0877038136E+05
           G =  5.1228224983E+00
           K =  1.0876525853E+05
           L =  1.0876013571E+05
           Vnuc =  4.4055183545E+06
           Ven = -5.1846982145E+08
           Vrep =  5.1836105107E+08
           DelSqV =  2.4954161152E+09
           DelSqVen =  1.9165791191E+12
           DelSqVrep = -1.9140837358E+12
           DelSqG =  1.3403815347E+08
           DelSqK = -2.6294542686E+09
           Stress_EigVals = -3.6257059940E+04 -3.6256892403E+04 -3.6256429013E+04
           Stress_EigVec1 =  2.3683223343E-01  9.5369360734E-01 -1.8541573970E-01
           Stress_EigVec2 =  5.6614375357E-03  1.8948722998E-01  9.8186686358E-01
           Stress_EigVec3 =  9.7153406597E-01 -2.3358744186E-01  3.9477407097E-02
           -DivStress =  7.1336569730E+01  7.0023028522E+02 -8.5067569285E+02
           ESP =  -1.4744613919E+01     ESP at Nucleus =  -1.4744613935E+01
           ESPe = -2.5921445490E+01     ESPe at Nucleus = -2.5921446314E+01
           ESPn =  1.1176831571E+01     ESPn at Nucleus =  1.1176832379E+01

CP# 6      Coords = -3.08822231027286E+00  4.00677533879932E-02 -2.28956358863413E+00
           Type = (3,-3) NACP C6
           Rho =  1.1767932893E+02     Rho at Nucleus =  1.1767932877E+02
           GradRho =  2.4083411123E-10  6.9437359485E-10 -7.5169969717E-11
           HessRho_EigVals = -1.4500736251E+05 -1.4500676313E+05 -1.4500638843E+05
           HessRho_EigVec1 =  9.6694420577E-01 -2.5105167307E-01  4.4631383385E-02
           HessRho_EigVec2 =  1.4203793354E-01  6.7567217500E-01  7.2338947834E-01
           HessRho_EigVec3 =  2.1176432270E-01  6.9313791512E-01 -6.8899615547E-01
           DelSqRho = -4.3502051406E+05
           Bond Ellipticity = NA
           V = -1.0876537017E+05
           G =  5.1208290482E+00
           K =  1.0876024934E+05
           L =  1.0875512851E+05
           Vnuc =  4.0304142414E+06
           Ven = -4.7429644324E+08
           Vrep =  4.7418767787E+08
           DelSqV =  2.4953038509E+09
           DelSqVen =  1.7533126246E+12
           DelSqVrep = -1.7508172880E+12
           DelSqG =  1.3403413879E+08
           DelSqK = -2.6293379897E+09
           Stress_EigVals = -3.6255390359E+04 -3.6255182637E+04 -3.6254797176E+04
           Stress_EigVec1 = -1.7025299020E-01 -5.3633311302E-01  8.2665634408E-01
           Stress_EigVec2 =  1.7784637910E-01  8.0840354317E-01  5.6111886159E-01
           Stress_EigVec3 =  9.6921854335E-01 -2.4255000159E-01  4.2248218374E-02
           -DivStress = -3.8922217899E+02 -1.1415176579E+03  9.9269127666E+01
           ESP =  -1.4745627907E+01     ESP at Nucleus =  -1.4745627924E+01
           ESPe = -2.6044780196E+01     ESPe at Nucleus = -2.6044780518E+01
           ESPn =  1.1299152289E+01     ESPn at Nucleus =  1.1299152595E+01

CP# 7      Coords = -2.63090849664379E+00  2.26518995541294E+00 -5.72622037445753E-01
           Type = (3,-3) NACP C7
           Rho =  1.1754108374E+02     Rho at Nucleus =  1.1754108374E+02
           GradRho =  1.5260879103E-11  1.5509312148E-11 -5.5935057365E-12
           HessRho_EigVals = -1.4483783263E+05 -1.4483767863E+05 -1.4483748523E+05
           HessRho_EigVec1 = -1.8309806679E-03  2.7818293582E-01  9.6052636701E-01
           HessRho_EigVec2 =  9.4333053216E-01 -3.1827087107E-01  9.3974250337E-02
           HessRho_EigVec3 =  3.3184959637E-01  9.0626591398E-01 -2.6183570907E-01
           DelSqRho = -4.3451299649E+05
           Bond Ellipticity = NA
           V = -1.0863870330E+05
           G =  5.2270871760E+00
           K =  1.0863347621E+05
           L =  1.0862824912E+05
           Vnuc =  5.1871606095E+07
           Ven = -6.0970447956E+09
           Vrep =  6.0969361569E+09
           DelSqV =  2.4924104634E+09
           DelSqVen =  2.2538847519E+13
           DelSqVrep = -2.2536355108E+13
           DelSqG =  1.3387883994E+08
           DelSqK = -2.6262893034E+09
           Stress_EigVals = -3.6212968444E+04 -3.6212915872E+04 -3.6212818980E+04
           Stress_EigVec1 =  3.2743214874E-01  9.0959633090E-01 -2.5577862067E-01
           Stress_EigVec2 =  9.4485504199E-01 -3.1694631850E-01  8.2425607709E-02
           Stress_EigVec3 =  6.0940618275E-03  2.6866251322E-01  9.6321509353E-01
           -DivStress =  8.7699615763E+01  2.1756280937E+01  2.9821420346E+01
           ESP =  -1.4733416979E+01     ESP at Nucleus =  -1.4733416979E+01
           ESPe = -2.6091077002E+01     ESPe at Nucleus = -2.6091076982E+01
           ESPn =  1.1357660023E+01     ESPn at Nucleus =  1.1357660003E+01

CP# 8      Coords =  5.54720521359339E+00  1.41835295675858E+00 -4.67740945764053E-03
           Type = (3,-3) NACP C8
           Rho =  1.1743346931E+02     Rho at Nucleus =  1.1743346759E+02
           GradRho =  5.8172862903E-11  1.6107862928E-12 -1.8264469798E-14
           HessRho_EigVals = -1.4468495805E+05 -1.4468405183E+05 -1.4468367503E+05
           HessRho_EigVec1 =  2.1070578493E-01  9.7754919163E-01 -8.0631396217E-04
           HessRho_EigVec2 = -2.1338704419E-01  4.6799407579E-02  9.7584618912E-01
           HessRho_EigVec3 =  9.5397538835E-01 -2.0544438030E-01  2.1845723846E-01
           DelSqRho = -4.3405268492E+05
           Bond Ellipticity = NA
           V = -1.0852346814E+05
           G =  5.1484539711E+00
           K =  1.0851831968E+05
           L =  1.0851317123E+05
           Vnuc =  1.2289235787E+06
           Ven = -1.4431675937E+08
           Vrep =  1.4420823590E+08
           DelSqV =  2.4897559850E+09
           DelSqVen =  5.3341758157E+11
           DelSqVrep = -5.3092782661E+11
           DelSqG =  1.3371695331E+08
           DelSqK = -2.6234729383E+09
           Stress_EigVals = -3.6174617807E+04 -3.6174485061E+04 -3.6174365269E+04
           Stress_EigVec1 = -2.1559531397E-01  4.6989323845E-02  9.7535155920E-01
           Stress_EigVec2 =  9.5272304756E-01 -2.0887682720E-01  2.2065644271E-01
           Stress_EigVec3 =  2.1409683613E-01  9.7681240497E-01  2.6505332552E-04
           -DivStress =  8.3173139713E+02  3.8712617076E+03  7.4586865990E+00
           ESP =  -1.4729187839E+01     ESP at Nucleus =  -1.4729187931E+01
           ESPe = -2.4279417460E+01     ESPe at Nucleus = -2.4279411331E+01
           ESPn =  9.5502296202E+00     ESPn at Nucleus =  9.5502233995E+00

CP# 9      Coords = -3.97491694826844E+00 -2.57497899803634E+00  3.33331869997586E+00
           Type = (3,-3) NACP H9
           Rho =  4.2647168111E-01     Rho at Nucleus =  4.2276890515E-01
           GradRho =  9.8810797869E-16  1.2986759969E-15 -2.1981330838E-15
           HessRho_EigVals = -6.5104386896E+00 -6.5047676641E+00 -5.9063807204E+00
           HessRho_EigVec1 =  1.4910383577E-01  7.4164782706E-01  6.5400806323E-01
           HessRho_EigVec2 =  9.7138004467E-01 -2.3353724304E-01  4.3372398268E-02
           HessRho_EigVec3 = -1.8490228494E-01 -6.2882339073E-01  7.5524319811E-01
           DelSqRho = -1.8921587074E+01
           Bond Ellipticity = NA
           V = -4.7393298208E+00
           G =  4.4665261615E-03
           K =  4.7348632947E+00
           L =  4.7303967685E+00
           Vnuc =  3.9346938898E+01
           Ven = -1.6780355178E+01
           Vrep =  1.2041025357E+01
           DelSqV =  7.1271292207E+02
           DelSqVen =  7.4450653045E+02
           DelSqVrep = -3.1793608380E+01
           DelSqG =  7.0301272928E+01
           DelSqK = -7.8301419500E+02
           Stress_EigVals = -1.6307926747E+00 -1.6302823638E+00 -1.4782547823E+00
           Stress_EigVec1 =  1.4441120603E-01  7.4198065973E-01  6.5468320901E-01
           Stress_EigVec2 =  9.7205124128E-01 -2.3013647597E-01  4.6406753336E-02
           Stress_EigVec3 = -1.8509940006E-01 -6.2968397074E-01  7.5447750734E-01
           -DivStress = -1.4673900771E+00 -4.9920029156E+00  5.9848984213E+00
           ESP =  -1.1052637638E+00     ESP at Nucleus =  -1.1077919933E+00
           ESPe = -1.1836787248E+01     ESPe at Nucleus = -1.1750237744E+01
           ESPn =  1.0731523484E+01     ESPn at Nucleus =  1.0642445751E+01

CP# 10     Coords = -2.82988047903740E+00  2.23028097155921E+00  3.72943998915037E+00
           Type = (3,-3) NACP H10
           Rho =  4.2492683493E-01     Rho at Nucleus =  4.2119810999E-01
           GradRho = -1.4156292241E-15 -7.7416676856E-15 -1.3402345673E-14
           HessRho_EigVals = -6.4765629738E+00 -6.4703808622E+00 -5.8719715880E+00
           HessRho_EigVec1 =  2.2375373211E-01  8.1926704432E-01 -5.2795433273E-01
           HessRho_EigVec2 =  9.7043789934E-01 -2.3755133223E-01  4.2657333270E-02
           HessRho_EigVec3 =  9.0468507751E-02  5.2189163113E-01  8.4820078665E-01
           DelSqRho = -1.8818915424E+01
           Bond Ellipticity = NA
           V = -4.7140534976E+00
           G =  4.6623207766E-03
           K =  4.7093911768E+00
           L =  4.7047288560E+00
           Vnuc =  3.9385354954E+01
           Ven = -1.6735894223E+01
           Vrep =  1.2021840726E+01
           DelSqV =  7.0857521536E+02
           DelSqVen =  7.4118966383E+02
           DelSqVrep = -3.2614448472E+01
           DelSqG =  6.9797344749E+01
           DelSqK = -7.7837256011E+02
           Stress_EigVals = -1.6224206845E+00 -1.6220441735E+00 -1.4695886395E+00
           Stress_EigVec1 =  2.1962102016E-01  8.1939530185E-01 -5.2948838212E-01
           Stress_EigVec2 =  9.7135386220E-01 -2.3415444176E-01  4.0538522458E-02
           Stress_EigVec3 =  9.0764981686E-02  5.2322369662E-01  8.4734802850E-01
           -DivStress =  7.1919382993E-01  4.1451688820E+00  6.7308489006E+00
           ESP =  -1.1042211315E+00     ESP at Nucleus =  -1.1067654953E+00
           ESPe = -1.2052292059E+01     ESPe at Nucleus = -1.1965791241E+01
           ESPn =  1.0948070928E+01     ESPn at Nucleus =  1.0859025746E+01

CP# 11     Coords =  7.61106825780394E+00 -2.68569246615366E+00  6.45702552031732E-01
           Type = (3,-3) NACP H11
           Rho =  4.1577017630E-01     Rho at Nucleus =  4.1193208715E-01
           GradRho = -3.6089769953E-15  6.2960297783E-16 -4.9644262225E-16
           HessRho_EigVals = -6.3562572960E+00 -6.3533058640E+00 -5.7414235671E+00
           HessRho_EigVec1 =  6.6284702105E-01  7.4038278514E-01  1.1165642910E-01
           HessRho_EigVec2 = -2.1595020388E-01  4.6249719654E-02  9.7530839885E-01
           HessRho_EigVec3 =  7.1693747017E-01 -6.7059249541E-01  1.9054230230E-01
           DelSqRho = -1.8450986727E+01
           Bond Ellipticity = NA
           V = -4.6220072628E+00
           G =  4.6302905260E-03
           K =  4.6173769723E+00
           L =  4.6127466818E+00
           Vnuc =  3.7068059053E+01
           Ven = -1.5411793448E+01
           Vrep =  1.0789786185E+01
           DelSqV =  6.9448299013E+02
           DelSqVen =  6.8394226558E+02
           DelSqVrep =  1.0540724553E+01
           DelSqG =  6.8587920224E+01
           DelSqK = -7.6307091036E+02
           Stress_EigVals = -1.5927234939E+00 -1.5920705762E+00 -1.4372131927E+00
           Stress_EigVec1 =  6.6119497543E-01  7.4224391090E-01  1.0906503199E-01
           Stress_EigVec2 = -2.1455643380E-01  4.7782278876E-02  9.7554210085E-01
           Stress_EigVec3 =  7.1887880841E-01 -6.6842413972E-01  1.9084660924E-01
           -DivStress =  5.7509338964E+00 -5.3265386595E+00  1.5256212940E+00
           ESP =  -1.0747823997E+00     ESP at Nucleus =  -1.0774485566E+00
           ESPe = -1.0406428923E+01     ESPe at Nucleus = -1.0324695914E+01
           ESPn =  9.3316465236E+00     ESPn at Nucleus =  9.2472473571E+00

CP# 12     Coords =  1.96283484466955E+00 -1.46320320661414E+00 -6.56771547705310E-01
           Type = (3,-3) NACP H12
           Rho =  4.1194511473E-01     Rho at Nucleus =  4.0797378834E-01
           GradRho =  4.5390123951E-16  2.0509716972E-16 -2.7657319794E-16
           HessRho_EigVals = -6.2877157624E+00 -6.2848948417E+00 -5.6621758541E+00
           HessRho_EigVec1 = -2.9495855964E-01  9.5052892368E-01 -9.7438254028E-02
           HessRho_EigVec2 = -2.1090800391E-01  3.4693672791E-02  9.7689004650E-01
           HessRho_EigVec3 =  9.3194273535E-01  3.0869258871E-01  1.9024096220E-01
           DelSqRho = -1.8234786458E+01
           Bond Ellipticity = NA
           V = -4.5681090311E+00
           G =  4.7062082748E-03
           K =  4.5634028228E+00
           L =  4.5586966146E+00
           Vnuc =  3.9294868780E+01
           Ven = -1.6187329228E+01
           Vrep =  1.1619220197E+01
           DelSqV =  6.8555404377E+02
           DelSqVen =  7.1653354111E+02
           DelSqVrep = -3.0979497339E+01
           DelSqG =  6.7624249690E+01
           DelSqK = -7.5317829346E+02
           Stress_EigVals = -1.5755519811E+00 -1.5748671571E+00 -1.4176898929E+00
           Stress_EigVec1 = -2.9096714778E-01  9.5105263098E-01 -1.0410097027E-01
           Stress_EigVec2 = -2.1301909020E-01  4.1677517907E-02  9.7615872260E-01
           Stress_EigVec3 =  9.3271699144E-01  3.0620561328E-01  1.9046557768E-01
           -DivStress = -7.5432082779E+00 -2.4530367812E+00 -1.5387777200E+00
           ESP =  -1.0784159938E+00     ESP at Nucleus =  -1.0811847058E+00
           ESPe = -1.3276074922E+01     ESPe at Nucleus = -1.3227734968E+01
           ESPn =  1.2197658928E+01     ESPn at Nucleus =  1.2146550262E+01

CP# 13     Coords = -4.07323418251880E+00 -3.85395950727259E+00 -1.55533084462815E+00
           Type = (3,-3) NACP H13
           Rho =  4.2645406850E-01     Rho at Nucleus =  4.2275407426E-01
           GradRho =  1.0792638566E-10  4.6965465492E-10  1.7567875461E-10
           HessRho_EigVals = -6.5104127173E+00 -6.5048306532E+00 -5.9066480059E+00
           HessRho_EigVec1 = -1.2535468673E-01 -3.2283659769E-01  9.3811658855E-01
           HessRho_EigVec2 =  9.6956240261E-01 -2.4031930696E-01  4.6854862565E-02
           HessRho_EigVec3 =  2.1032106399E-01  9.1543605014E-01  3.4313537875E-01
           DelSqRho = -1.8921891376E+01
           Bond Ellipticity = NA
           V = -4.7393827463E+00
           G =  4.4549511184E-03
           K =  4.7349277952E+00
           L =  4.7304728441E+00
           Vnuc =  3.9370001499E+01
           Ven = -1.6789497316E+01
           Vrep =  1.2050114570E+01
           DelSqV =  7.1273751253E+02
           DelSqVen =  7.4495489268E+02
           DelSqVrep = -3.2217380152E+01
           DelSqG =  7.0306270083E+01
           DelSqK = -7.8304378261E+02
           Stress_EigVals = -1.6307997472E+00 -1.6302491522E+00 -1.4783338469E+00
           Stress_EigVec1 = -1.2103629355E-01 -3.2275517168E-01  9.3871151841E-01
           Stress_EigVec2 =  9.7008688066E-01 -2.3893184687E-01  4.2930368286E-02
           Stress_EigVec3 =  2.1043207839E-01  9.1582786140E-01  3.4201998287E-01
           -DivStress = -1.6681940012E+00 -7.2599924674E+00 -2.7117984304E+00
           ESP =  -1.1037772071E+00     ESP at Nucleus =  -1.1063030805E+00
           ESPe = -1.1847256905E+01     ESPe at Nucleus = -1.1760705682E+01
           ESPn =  1.0743479698E+01     ESPn at Nucleus =  1.0654402602E+01

CP# 14     Coords = -2.98547049715250E+00  1.28749833304629E-01 -4.29841376547846E+00
           Type = (3,-3) NACP H14
           Rho =  4.2477998894E-01     Rho at Nucleus =  4.2105470637E-01
           GradRho =  4.0770067444E-16  2.4326786245E-17 -6.9989485399E-17
           HessRho_EigVals = -6.4738378765E+00 -6.4676413233E+00 -5.8698434004E+00
           HessRho_EigVec1 =  2.2891619978E-01  9.7217153332E-01  4.9798426435E-02
           HessRho_EigVec2 =  9.7216829861E-01 -2.3093669994E-01  3.9459343691E-02
           HessRho_EigVec3 = -4.9861534923E-02 -3.9379568497E-02  9.9797949724E-01
           DelSqRho = -1.8811322600E+01
           Bond Ellipticity = NA
           V = -4.7121719145E+00
           G =  4.6706322351E-03
           K =  4.7075012823E+00
           L =  4.7028306501E+00
           Vnuc =  3.9399844302E+01
           Ven = -1.6736265427E+01
           Vrep =  1.2024093513E+01
           DelSqV =  7.0829496410E+02
           DelSqVen =  7.4116318157E+02
           DelSqVrep = -3.2868217468E+01
           DelSqG =  6.9765532072E+01
           DelSqK = -7.7806049617E+02
           Stress_EigVals = -1.6217472073E+00 -1.6213638487E+00 -1.4690608586E+00
           Stress_EigVec1 =  2.3352747613E-01  9.7098011142E-01  5.1599817064E-02
           Stress_EigVec2 =  9.7104935582E-01 -2.3563052335E-01  3.9260731352E-02
           Stress_EigVec3 = -5.0279881202E-02 -4.0937509616E-02  9.9789581313E-01
           -DivStress =  3.9691372357E-01  3.1657361315E-01 -7.9158529308E+00
           ESP =  -1.1026347398E+00     ESP at Nucleus =  -1.1051764893E+00
           ESPe = -1.2057435339E+01     ESPe at Nucleus = -1.1970767639E+01
           ESPn =  1.0954800599E+01     ESPn at Nucleus =  1.0865591150E+01

CP# 15     Coords = -3.92377047093983E+00  3.80542267243771E+00 -9.56364397904549E-01
           Type = (3,-3) NACP H15
           Rho =  4.1590210221E-01     Rho at Nucleus =  4.1259374907E-01
           GradRho =  1.4244800831E-15  3.8602679538E-16 -2.7426926832E-16
           HessRho_EigVals = -6.3455615934E+00 -6.3443634122E+00 -5.7940767963E+00
           HessRho_EigVec1 =  2.2034387754E-02  2.5895565195E-01  9.6563784934E-01
           HessRho_EigVec2 =  7.7467628381E-01  6.0613205523E-01 -1.8022371355E-01
           HessRho_EigVec3 = -6.3197400347E-01  7.5202785982E-01 -1.8725105339E-01
           DelSqRho = -1.8484001802E+01
           Bond Ellipticity = NA
           V = -4.6307930122E+00
           G =  4.8962808353E-03
           K =  4.6258967313E+00
           L =  4.6210004505E+00
           Vnuc =  4.1038603795E+01
           Ven = -1.7068041590E+01
           Vrep =  1.2437248578E+01
           DelSqV =  6.9756171071E+02
           DelSqVen =  7.5855762649E+02
           DelSqVrep = -6.0995915777E+01
           DelSqG =  6.8799226820E+01
           DelSqK = -7.6636093753E+02
           Stress_EigVals = -1.5901279425E+00 -1.5900590429E+00 -1.4506060268E+00
           Stress_EigVec1 = -3.0740456997E-03  2.3914081748E-01  9.7098003051E-01
           Stress_EigVec2 =  7.7486779494E-01  6.1434730330E-01 -1.4885325421E-01
           Stress_EigVec3 = -6.3211585221E-01  7.5192357347E-01 -1.8719104961E-01
           -DivStress = -4.6835406827E+00  5.5615326967E+00 -1.3838754727E+00
           ESP =  -1.0982983619E+00     ESP at Nucleus =  -1.1005081717E+00
           ESPe = -1.2188369618E+01     ESPe at Nucleus = -1.2104845331E+01
           ESPn =  1.1090071256E+01     ESPn at Nucleus =  1.1004337160E+01

CP# 16     Coords = -7.50706405232240E-01  3.03957513976664E+00 -8.04340968500601E-01
           Type = (3,-3) NACP H16
           Rho =  4.1515174298E-01     Rho at Nucleus =  4.1179396097E-01
           GradRho = -2.5689723152E-11 -1.0501301827E-11  3.1311660181E-12
           HessRho_EigVals = -6.3320386185E+00 -6.3309823491E+00 -5.7767544053E+00
           HessRho_EigVec1 =  1.4202142962E-02  2.5393397547E-01  9.6711728101E-01
           HessRho_EigVec2 = -3.9335341745E-01  8.9064753302E-01 -2.2807906721E-01
           HessRho_EigVec3 =  9.1927764474E-01  3.7717967604E-01 -1.1253490065E-01
           DelSqRho = -1.8439775373E+01
           Bond Ellipticity = NA
           V = -4.6197369580E+00
           G =  4.8965573611E-03
           K =  4.6148404006E+00
           L =  4.6099438432E+00
           Vnuc =  4.1797581227E+01
           Ven = -1.7352338698E+01
           Vrep =  1.2732601740E+01
           DelSqV =  6.9563088272E+02
           DelSqVen =  7.7073800900E+02
           DelSqVrep = -7.5107126276E+01
           DelSqG =  6.8596707155E+01
           DelSqK = -7.6422758988E+02
           Stress_EigVals = -1.5867542241E+00 -1.5866812406E+00 -1.4463014933E+00
