AIMSum (Version 19.02.13, Professional)
Copyright (c) 1997-2019 by Todd A. Keith
AIMSum is a component of the AIMAll package ( http://aim.tkgristmill.com )

TP:  64-bit Linux

Much of the Quantum Theory of Atoms in Molecules (QTAIM) is described in the book:
  "Atoms in Molecules - A Quantum Theory"
  R.F.W. Bader, Oxford University Press, Oxford, 1990

For additional references see:  http://aim.tkgristmill.com/references.html

Wfn File:  /home/mhennefarth/Documents/ML_Diels/summary-liu2013/1bn-opt/1bn-opt.wfn
Sum File:  /home/mhennefarth/Documents/ML_Diels/summary-liu2013/1bn-opt/1bn-opt.sum

SumViz File:  /home/mhennefarth/Documents/ML_Diels/summary-liu2013/1bn-opt/1bn-opt.sumviz

Wfn Title:   Title Card Required                                                           
 
Total memory allocated for AIMSum =        1.057 Megabytes

Atomic units (a.u.) used throughout, except where stated otherwise

Model:  Restricted SCF
 
Restricted, closed-shell, single-determinant wavefunction.
  Number of electrons (from MO Occs)                   =          66.0000000000
  Number of Alpha electrons (from MO Occs)             =          33.0000000000
  Number of Beta electrons (from MO Occs)              =          33.0000000000
  Number of electron pairs (N*(N-1)/2)                 =        2145.0000000000
  Number of electron pairs (from Muller 2EDM)          =        2145.0000000000
 
Nuclear Charges and Cartesian Coordinates:
-------------------------------------------------------------------------------
Atom      Charge                X                  Y                  Z
-------------------------------------------------------------------------------
C1         6.0          -4.4752100700E+00  -1.3824314100E+00  -1.4366928600E+00
C2         6.0          -3.4282191700E+00  -2.2334006300E+00   7.2816381000E-01
C3         6.0           4.9120996300E+00  -1.2838287600E+00   1.1266063500E+00
C4         6.0           4.9142796300E+00   1.2511629700E+00   1.1558054700E+00
C5         6.0          -4.4700002600E+00   1.3947855800E+00  -1.4280163600E+00
C6         6.0          -3.4195409700E+00   2.2282562600E+00   7.4194497000E-01
C7         6.0          -2.6451516500E+00  -9.0394100000E-03   2.3230441700E+00
C8         6.0           3.9293466100E+00  -1.4703594500E+00  -1.5643941600E+00
C9         6.0           3.9319366300E+00   1.5013295800E+00  -1.5302171600E+00
H10        1.0          -5.2182831600E+00  -2.5337837700E+00  -2.9627950600E+00
H11        1.0          -3.1680400300E+00  -4.1879030600E+00   1.2844333800E+00
H12        1.0           5.4294739100E+00  -2.7165678400E+00   2.5061267400E+00
H13        1.0           5.4343523100E+00   2.6507810700E+00   2.5679330100E+00
H14        1.0          -5.2086620100E+00   2.5584367400E+00  -2.9469111300E+00
H15        1.0          -3.1524929500E+00   4.1782139900E+00   1.3107881600E+00
H16        1.0          -3.5785939800E+00  -1.2828710000E-02   4.1826192100E+00
H17        1.0          -5.9996780000E-01  -1.4302500000E-02   2.7078971200E+00
H18        1.0           5.2221076200E+00  -2.3267518500E+00  -2.9404942800E+00
H19        1.0           2.0562556900E+00  -2.3271476300E+00  -1.7874011700E+00
H20        1.0           5.2263222000E+00   2.3869182500E+00  -2.8861685300E+00
H21        1.0           2.0602859200E+00   2.3660870000E+00  -1.7334929000E+00
 
Some Atomic Properties:
----------------------
  q(A) = Net Charge of Atom A
  L(A) = Lagrangian of Atom A = -(1/4) Times Atomic Integral of the Laplacian of the Electron Density
  K(A) = Electronic Kinetic Energy of Atom A (Hamiltonian Form)
  K_Scaled(A) = K(A) * E(Mol)/K(Mol) = Approximation to Virial-Based Total Energy of Atom A.
  |Mu_Intra(A)| = Magnitude of Intraatomic Dipole Moment of Atom A
--------------------------------------------------------------------------------------------------
Atom A          q(A)              L(A)              K(A)          K_Scaled(A)      |Mu_Intra(A)|
--------------------------------------------------------------------------------------------------
C1       -5.6891745800E-02  1.1512740493E-05  3.7726366149E+01 -3.8106744499E+01  1.5341669826E-01
C2       -7.5075987500E-02  3.4656946538E-05  3.7730859629E+01 -3.8111283285E+01  1.7044967582E-01
C3       -8.4223885900E-02 -1.8348494790E-05  3.7739101626E+01 -3.8119608383E+01  1.7713055873E-01
C4       -8.4301439400E-02 -1.8525706293E-05  3.7739114420E+01 -3.8119621306E+01  1.7723114759E-01
C5       -5.6872790300E-02 -5.2649602750E-06  3.7726366892E+01 -3.8106745250E+01  1.5397307931E-01
C6       -7.5166591300E-02  2.5530218800E-05  3.7730905422E+01 -3.8111329540E+01  1.7040275385E-01
C7       -1.5521169000E-02 -9.8404806981E-05  3.7706893794E+01 -3.8087075813E+01  1.5688003583E-01
C8        5.1584412000E-03 -1.0347653601E-04  3.7666919221E+01 -3.8046698194E+01  1.6637706470E-01
C9        5.0327729000E-03 -1.7412943914E-04  3.7666918574E+01 -3.8046697540E+01  1.6664923518E-01
H10       4.3099432440E-02  2.2304773636E-05  5.9371936771E-01 -5.9970557885E-01  1.5022279922E-01
H11       4.7372561100E-02  2.0607620938E-05  5.9148004986E-01 -5.9744368295E-01  1.5038623787E-01
H12       4.3271315350E-02  1.8604543766E-05  5.9107424728E-01 -5.9703378884E-01  1.5158108092E-01
H13       4.3247329240E-02  2.0042669749E-05  5.9108291366E-01 -5.9704254260E-01  1.5158769910E-01
H14       4.3101780100E-02  2.0292522449E-05  5.9371838903E-01 -5.9970459031E-01  1.5022155866E-01
H15       4.7358770520E-02  2.3112356350E-05  5.9148086324E-01 -5.9744450453E-01  1.5039795692E-01
H16       4.1195915250E-02  2.5479832994E-05  5.9054854572E-01 -5.9650278686E-01  1.5226430977E-01
H17       5.7622923510E-02  3.3984850433E-05  5.8415546671E-01 -5.9004524925E-01  1.4473647373E-01
H18       1.1342802040E-02  2.4453493886E-05  6.0768072081E-01 -6.1380769814E-01  1.5602907721E-01
H19       2.4455394700E-02  2.5156510006E-05  6.0286701219E-01 -6.0894545501E-01  1.5064188182E-01
H20       1.1332742180E-02  2.3586713325E-05  6.0768325285E-01 -6.1381025571E-01  1.5602917033E-01
H21       2.4410757990E-02  3.8387496027E-05  6.0290017160E-01 -6.0897894876E-01  1.5063584525E-01
--------------------------------------------------------------------------------------------------
Total    -5.0670680001E-05 -5.0436654099E-05  3.4658183673E+02 -3.5007626889E+02
 
1st Largest |L(A)| = 1.7412943914E-04, atom C9      
2nd Largest |L(A)| = 1.0347653601E-04, atom C8      
 
Molecular charge q(Mol) from the wfn file:   0.0000000000E+00
Molecular energy E(Mol) from the wfn file:  -3.5007631650E+02
Molecular virial ratio (-V(Mol)/T(Mol)) from the wfn file:   2.0100825600E+00
Note.  K_Scaled(A) = (1+V(Mol)/T(Mol))*K(A) = (E(Mol)/T(Mol))*K(A)
       Only use K_Scaled(A) data with caution.
 
N_AIMInt(SumA)     =         66.000051
N_Analytic(Mol)    =         65.999989
 
G_AIMInt(SumA)     =        346.581887
G_Analytic(Mol)    =        346.581859
 
K_AIMInt(SumA)     =        346.581837
K_Analytic(Mol)    =        346.581859
 
L_AIMInt(SumA)     =         -0.000050
L_Analytic(Mol)    =          0.000000
 
VenT_AIMInt(SumA)  =      -1599.187512
VenT_Analytic(Mol) =      -1599.187429
 
Some Information About the Atomic Calculations:
----------------------------------------------
  Time(sec) = "Elapsed User Time", in Seconds, for Atom A by AIMInt and, if used, by TWOe
  NProc = Number of Processors Used for AIMInt Job
  BIM = Basin Integration Method
  OAQ = Angular Quadrature Outside of Beta Sphere
  ORQ = Multiple of Default for Radial Quadrature Outside of Beta Sphere
  IAQ = Multiple of Default for Angular Quadrature Inside of Beta Sphere
  IRQ = Multiple of Default for Radial Quadrature Inside of Beta Sphere
  MIR = Maximum Integration Radius
------------------------------------------------------------------------------------------------------
Atom A     Time(sec)   NProc      BIM          OAQ                     ORQ      IAQ      IRQ      MIR
------------------------------------------------------------------------------------------------------
C1             49        8     Proaim(5)    4500(GS4)                  1.00     1.00     1.00    13.00
C2             62        8     Proaim(5)    4500(GS4)                  1.00     1.00     1.00    13.00
C3             81        8     Proaim(5)    4500(GS4)                  1.00     1.00     1.00    13.00
C4             83        8     Proaim(5)    4500(GS4)                  1.00     1.00     1.00    13.00
C5             49        8     Proaim(5)    4500(GS4)                  1.00     1.00     1.00    13.00
C6             57        8     Proaim(5)    4500(GS4)                  1.00     1.00     1.00    13.00
C7             57        8     Proaim(5)    4500(GS4)                  1.00     1.00     1.00    13.00
C8             54        8     Proaim(5)    4500(GS4)                  1.00     1.00     1.00    13.00
C9             59        8     Proaim(5)    4500(GS4)                  1.00     1.00     1.00    13.00
H10            11        8     Proaim(5)    1800(GS4)                  1.00     1.00     1.00    13.00
H11            10        8     Proaim(5)    1800(GS4)                  1.00     1.00     1.00    13.00
H12            13        8     Proaim(5)    1800(GS4)                  1.00     1.00     1.00    13.00
H13            14        8     Proaim(5)    1800(GS4)                  1.00     1.00     1.00    13.00
H14            15        8     Proaim(5)    1800(GS4)                  1.00     1.00     1.00    13.00
H15            11        8     Proaim(5)    1800(GS4)                  1.00     1.00     1.00    13.00
H16             8        8     Proaim(5)    1800(GS4)                  1.00     1.00     1.00    13.00
H17            33        8     Proaim(5)    4500(GS4)                  1.00     1.00     1.00    13.00
H18            10        8     Proaim(5)    1800(GS4)                  1.00     1.00     1.00    13.00
H19            26        8     Proaim(5)    4500(GS4)                  1.00     1.00     1.00    13.00
H20            16        8     Proaim(5)    1800(GS4)                  1.00     1.00     1.00    13.00
H21            25        8     Proaim(5)    4500(GS4)                  1.00     1.00     1.00    13.00
------------------------------------------------------------------------------------------------------
Total         743
Note:  Total wall clock time is less than total of atomic times if more than one atom
       was calculated at a time
 
Electron Density Critical Point Analysis of Molecular Structure:               
---------------------------------------------------------------                
  NACP = Nuclear Attractor Critical Point                                      
  NNACP = Non-Nuclear Attractor Critical Point                                 
  BCP = Bond Critical Point                                                    
  RCP = Ring Critical Point                                                    
  CCP = Cage Critical Point                                                    
  Rho = Electron Density                                                       
  GradRho = Gradient of Electron Density                                       
  HessRho_EigVals = Eigenvalues of the Hessian of Rho, Ascending Order         
  HessRho_EigVecs = Eigenvectors of the Hessian of Rho                         
  DelSqRho = Laplacian of Rho = Trace of Hessian of Rho                        
  Bond Ellipticity = (HessRho_EigVal(1) / HessRho_EigVal(2)) - 1               
  V = Virial Field = Potential Energy Density = Trace of Stress Tensor         
  G = Lagrangian Form of Kinetic Energy Density                                
  K = Hamiltonian Form of Kinetic Energy Density                               
  L = K - G = Lagrangian Density = (-1/4)DelSqRho                              
  Vnuc = Electrostatic Potential from Nuclei                                   
  Ven = Electron-nuclear attractive contribution to Virial Field V             
  Vrep = V - Ven = Repulsive contribution to Virial Field V                    
  DelSqV = Laplacian of V                                                      
  DelSqVen = Laplacian of Ven                                                  
  DelSqVrep = Laplacian of Vrep                                                
  DelSqG = Laplacian of G                                                      
  DelSqK = Laplacian of K                                                      
  Stress_EigVals = Eigenvalues of Stress Tensor, Ascending Order               
  Stress_EigVecs = Eigenvectors of Stress Tensor                               
  -DivStress = Ehrenfest Force Density = Minus Divergence of Stress Tensor     
  ESP = Total Electrostatic Potential                                          
  ESPe = Electrostatic Potential from Electrons                                
  ESPn = Electrostatic Potential from Nuclei                                   
  BP = Bond Path                                                               
  BPL = Bond Path Length                                                       
  GBL = Geometric Bond Length                                                  
  GBL_I = Distance Between Nuclear Attractors                                  
  GBL_II = Distance Between Nuclei                                             
  GBL_III = Sum of Distances Between BCP and Nuclear Attractors                
  GBL_IV = Sum of Distances Between BCP and Nuclei                             

CP# 1      Coords = -4.47521052855668E+00 -1.38243059848651E+00 -1.43669392130016E+00
           Type = (3,-3) NACP C1
           Rho =  1.1767595191E+02     Rho at Nucleus =  1.1767595177E+02
           GradRho = -1.5035231393E-10  3.4838526508E-10 -4.7349224541E-10
           HessRho_EigVals = -1.4499834700E+05 -1.4499751574E+05 -1.4499721204E+05
           HessRho_EigVec1 =  9.0119551727E-01 -2.4645483674E-03 -4.3340577483E-01
           HessRho_EigVec2 =  5.5356586431E-02  9.9244842015E-01  1.0946132508E-01
           HessRho_EigVec3 =  4.2986310378E-01 -1.2263791971E-01  8.9452649634E-01
           DelSqRho = -4.3499307478E+05
           Bond Ellipticity = NA
           V = -1.0875851366E+05
           G =  5.1224834136E+00
           K =  1.0875339118E+05
           L =  1.0874826869E+05
           Vnuc =  4.2477674919E+06
           Ven = -4.9986008310E+08
           Vrep =  4.9975132459E+08
           DelSqV =  2.4951418381E+09
           DelSqVen =  1.8477493780E+12
           DelSqVrep = -1.8452542362E+12
           DelSqG =  1.3402076768E+08
           DelSqK = -2.6291626057E+09
           Stress_EigVals = -3.6253103564E+04 -3.6252933857E+04 -3.6252476240E+04
           Stress_EigVec1 =  4.3418882286E-01  5.9146296322E-02  8.9887806834E-01
           Stress_EigVec2 = -2.3867309117E-02  9.9824719953E-01 -5.4156072475E-02
           Stress_EigVec3 =  9.0050564554E-01 -2.0601606435E-03 -4.3483943943E-01
           -DivStress =  3.7029728694E+02 -6.6303314427E+02  8.5677480813E+02
           ESP =  -1.4748896604E+01     ESP at Nucleus =  -1.4748896621E+01
           ESPe = -2.6729566470E+01     ESPe at Nucleus = -2.6729567461E+01
           ESPn =  1.1980669867E+01     ESPn at Nucleus =  1.1980670840E+01

CP# 2      Coords = -3.42821840103874E+00 -2.23340046415964E+00  7.28165109343752E-01
           Type = (3,-3) NACP C2
           Rho =  1.1767440612E+02     Rho at Nucleus =  1.1767440595E+02
           GradRho =  4.1732889366E-10  4.8552828424E-11  6.7102678969E-10
           HessRho_EigVals = -1.4499953642E+05 -1.4499894113E+05 -1.4499856444E+05
           HessRho_EigVec1 =  9.0090188261E-01  1.4667881469E-03 -4.3402032953E-01
           HessRho_EigVec2 =  2.0612703004E-01  8.7857685135E-01  4.3082985476E-01
           HessRho_EigVec3 =  3.8195215067E-01 -4.7759874874E-01  7.9120919471E-01
           DelSqRho = -4.3499704198E+05
           Bond Ellipticity = NA
           V = -1.0875950197E+05
           G =  5.1207393589E+00
           K =  1.0875438124E+05
           L =  1.0874926050E+05
           Vnuc =  3.9502039512E+06
           Ven = -4.6483790400E+08
           Vrep =  4.6472914450E+08
           DelSqV =  2.4951678775E+09
           DelSqVen =  1.7183272141E+12
           DelSqVrep = -1.7158320134E+12
           DelSqG =  1.3402518418E+08
           DelSqK = -2.6291930617E+09
           Stress_EigVals = -3.6253433849E+04 -3.6253227036E+04 -3.6252841089E+04
           Stress_EigVec1 =  3.2637348755E-01 -6.5808202903E-01  6.7853400040E-01
           Stress_EigVec2 =  2.8789562756E-01  7.5294300260E-01  5.9177102200E-01
           Stress_EigVec3 =  9.0033130250E-01 -2.2085995827E-03 -4.3519957241E-01
           -DivStress = -6.2485764062E+02 -1.4045687239E+02 -1.0552854686E+03
           ESP =  -1.4749844418E+01     ESP at Nucleus =  -1.4749844436E+01
           ESPe = -2.7027259660E+01     ESPe at Nucleus = -2.7027259966E+01
           ESPn =  1.2277415241E+01     ESPn at Nucleus =  1.2277415530E+01

CP# 3      Coords =  4.91209927375107E+00 -1.28383007332588E+00  1.12660571779078E+00
           Type = (3,-3) NACP C3
           Rho =  1.1771729557E+02     Rho at Nucleus =  1.1771729541E+02
           GradRho = -1.9943136031E-10 -6.7607017207E-10 -3.0776181603E-10
           HessRho_EigVals = -1.4505568288E+05 -1.4505495112E+05 -1.4505453937E+05
           HessRho_EigVec1 =  9.3560419151E-01 -2.6216059018E-03 -3.5304096647E-01
           HessRho_EigVec2 =  3.5253865363E-01 -4.6899770654E-02  9.3462126512E-01
           HessRho_EigVec3 =  1.9007748984E-02  9.9889616012E-01  4.2955404590E-02
           DelSqRho = -4.3516517337E+05
           Bond Ellipticity = NA
           V = -1.0880145073E+05
           G =  5.0786944560E+00
           K =  1.0879637204E+05
           L =  1.0879129334E+05
           Vnuc =  3.9987440215E+06
           Ven = -4.7072133190E+08
           Vrep =  4.7061253045E+08
           DelSqV =  2.4961303610E+09
           DelSqVen =  1.7401139364E+12
           DelSqVrep = -1.7376178224E+12
           DelSqG =  1.3407997310E+08
           DelSqK = -2.6302103341E+09
           Stress_EigVals = -3.6267440665E+04 -3.6267205776E+04 -3.6266804291E+04
           Stress_EigVec1 = -9.5559340596E-02  9.6221255458E-01 -2.5498119975E-01
           Stress_EigVec2 =  3.3577698990E-01  2.7229890888E-01  9.0172452405E-01
           Stress_EigVec3 =  9.3708176030E-01  5.5138118468E-04 -3.4910953940E-01
           -DivStress =  2.9193645416E+02  1.0648038919E+03  5.2069517393E+02
           ESP =  -1.4748389333E+01     ESP at Nucleus =  -1.4748389351E+01
           ESPe = -2.6319690190E+01     ESPe at Nucleus = -2.6319690836E+01
           ESPn =  1.1571300858E+01     ESPn at Nucleus =  1.1571301485E+01

CP# 4      Coords =  4.91427927512754E+00  1.25116429862095E+00  1.15580486857765E+00
           Type = (3,-3) NACP C4
           Rho =  1.1771734028E+02     Rho at Nucleus =  1.1771734011E+02
           GradRho = -1.6804918568E-10  6.7706720785E-10 -2.9374791488E-10
           HessRho_EigVals = -1.4505576755E+05 -1.4505503673E+05 -1.4505462491E+05
           HessRho_EigVec1 =  9.3561993466E-01  9.0018059103E-03 -3.5289418437E-01
           HessRho_EigVec2 =  3.5259156288E-01  2.4769673875E-02  9.3544943906E-01
           HessRho_EigVec3 = -1.7161808149E-02  9.9965265505E-01 -2.0001039838E-02
           DelSqRho = -4.3516542920E+05
           Bond Ellipticity = NA
           V = -1.0880151484E+05
           G =  5.0787688401E+00
           K =  1.0879643607E+05
           L =  1.0879135730E+05
           Vnuc =  3.9974567387E+06
           Ven = -4.7056997515E+08
           Vrep =  4.7046117364E+08
           DelSqV =  2.4961318562E+09
           DelSqVen =  1.7395551764E+12
           DelSqVrep = -1.7370589954E+12
           DelSqG =  1.3408008082E+08
           DelSqK = -2.6302119370E+09
           Stress_EigVals = -3.6267461959E+04 -3.6267227069E+04 -3.6266825809E+04
           Stress_EigVec1 =  9.7293629845E-02  9.5592665514E-01  2.7701656914E-01
           Stress_EigVec2 =  3.3528722259E-01 -2.9354864422E-01  8.9521599173E-01
           Stress_EigVec3 =  9.3707866690E-01  5.7813027462E-03 -3.4907040633E-01
           -DivStress =  2.9082734478E+02 -1.0773993262E+03  4.9572525405E+02
           ESP =  -1.4748396191E+01     ESP at Nucleus =  -1.4748396209E+01
           ESPe = -2.6320054183E+01     ESPe at Nucleus = -2.6320054828E+01
           ESPn =  1.1571657992E+01     ESPn at Nucleus =  1.1571658618E+01

CP# 5      Coords = -4.47000072088490E+00  1.39478477700658E+00 -1.42801742654980E+00
           Type = (3,-3) NACP C5
           Rho =  1.1767594076E+02     Rho at Nucleus =  1.1767594062E+02
           GradRho = -1.9092882830E-10 -3.6208605558E-10 -5.0452139688E-10
           HessRho_EigVals = -1.4499832238E+05 -1.4499749070E+05 -1.4499718703E+05
           HessRho_EigVec1 =  9.0126148727E-01  1.7814528030E-03 -4.3327192153E-01
           HessRho_EigVec2 = -5.1599253068E-02  9.9331624882E-01 -1.0324895596E-01
           HessRho_EigVec3 =  4.3019210668E-01  1.1541081514E-01  8.9532960138E-01
           DelSqRho = -4.3499300011E+05
           Bond Ellipticity = NA
           V = -1.0875849495E+05
           G =  5.1224594320E+00
           K =  1.0875337249E+05
           L =  1.0874825003E+05
           Vnuc =  4.2482408412E+06
           Ven = -4.9991573758E+08
           Vrep =  4.9980697908E+08
           DelSqV =  2.4951413927E+09
           DelSqVen =  1.8479551283E+12
           DelSqVrep = -1.8454599869E+12
           DelSqG =  1.3402073406E+08
           DelSqK = -2.6291621268E+09
           Stress_EigVals = -3.6253097353E+04 -3.6252927655E+04 -3.6252469938E+04
           Stress_EigVec1 =  4.3392380666E-01 -6.6410265038E-02  8.9849864035E-01
           Stress_EigVec2 =  2.7649707708E-02  9.9779146924E-01  6.0396006256E-02
           Stress_EigVec3 =  9.0052519325E-01  1.3640401595E-03 -4.3480169700E-01
           -DivStress =  3.7220939127E+02  6.5615485994E+02  8.6105688321E+02
           ESP =  -1.4748890125E+01     ESP at Nucleus =  -1.4748890143E+01
           ESPe = -2.6731301709E+01     ESPe at Nucleus = -2.6731302701E+01
           ESPn =  1.1982411584E+01     ESPn at Nucleus =  1.1982412559E+01

CP# 6      Coords = -3.41954020014680E+00  2.22825608394851E+00  7.41946268330939E-01
           Type = (3,-3) NACP C6
           Rho =  1.1767449881E+02     Rho at Nucleus =  1.1767449864E+02
           GradRho =  3.7247255280E-10 -1.1357070839E-10  6.7965943984E-10
           HessRho_EigVals = -1.4499968762E+05 -1.4499909340E+05 -1.4499871666E+05
           HessRho_EigVec1 =  9.0080449176E-01 -1.8722191076E-03 -4.3422086825E-01
           HessRho_EigVec2 = -2.0305312623E-01  8.8210409901E-01 -4.2504327595E-01
           HessRho_EigVec3 =  3.8382378190E-01  4.7105079694E-01  7.9422317465E-01
           DelSqRho = -4.3499749767E+05
           Bond Ellipticity = NA
           V = -1.0875961614E+05
           G =  5.1208600720E+00
           K =  1.0875449528E+05
           L =  1.0874937442E+05
           Vnuc =  3.9482939668E+06
           Ven = -4.6461351370E+08
           Vrep =  4.6450475408E+08
           DelSqV =  2.4951705255E+09
           DelSqVen =  1.7174981837E+12
           DelSqVrep = -1.7150030132E+12
           DelSqG =  1.3402536048E+08
           DelSqK = -2.6291958860E+09
           Stress_EigVals = -3.6253471844E+04 -3.6253264983E+04 -3.6252879312E+04
           Stress_EigVec1 =  3.2882181333E-01  6.5251051802E-01  6.8271973675E-01
           Stress_EigVec2 = -2.8520276658E-01  7.5777768448E-01 -5.8688360246E-01
           Stress_EigVec3 =  9.0029750472E-01  1.7334273488E-03 -4.3527163727E-01
           -DivStress = -6.2558158895E+02  1.4874633777E+02 -1.0544176741E+03
           ESP =  -1.4749852472E+01     ESP at Nucleus =  -1.4749852489E+01
           ESPe = -2.7031178078E+01     ESPe at Nucleus = -2.7031178384E+01
           ESPn =  1.2281325606E+01     ESPn at Nucleus =  1.2281325895E+01

CP# 7      Coords = -2.64515187338290E+00 -9.03940927549855E-03  2.32304417654765E+00
           Type = (3,-3) NACP C7
           Rho =  1.1754288742E+02     Rho at Nucleus =  1.1754288741E+02
           GradRho = -2.3645863045E-11  5.7519093655E-14  3.2990277177E-12
           HessRho_EigVals = -1.4484085751E+05 -1.4484068366E+05 -1.4484049172E+05
           HessRho_EigVec1 =  2.2999009809E-03  9.9999348785E-01  2.7811369149E-03
           HessRho_EigVec2 =  7.9478020644E-01 -1.4005204096E-04 -6.0689735857E-01
           HessRho_EigVec3 =  6.0689301686E-01 -3.6061964016E-03  7.9477535281E-01
           DelSqRho = -4.3452203289E+05
           Bond Ellipticity = NA
           V = -1.0864096596E+05
           G =  5.2288680215E+00
           K =  1.0863573709E+05
           L =  1.0863050822E+05
           Vnuc =  2.6848051070E+07
           Ven = -3.1557974443E+09
           Vrep =  3.1556888034E+09
           DelSqV =  2.4924630137E+09
           DelSqVen =  1.1666062311E+13
           DelSqVrep = -1.1663569848E+13
           DelSqG =  1.3388239257E+08
           DelSqK = -2.6263454063E+09
           Stress_EigVals = -3.6213723993E+04 -3.6213672129E+04 -3.6213569837E+04
           Stress_EigVec1 =  6.0126326430E-01 -3.5518637794E-03  7.9904309726E-01
           Stress_EigVec2 =  7.9904801393E-01 -5.7277920135E-05 -6.0126721860E-01
           Stress_EigVec3 =  2.1813867822E-03  9.9999369047E-01  2.8036705895E-03
           -DivStress =  1.8307200721E+02 -5.9555930974E-01 -3.4178190071E+00
           ESP =  -1.4738228244E+01     ESP at Nucleus =  -1.4738228244E+01
           ESPe = -2.7246480354E+01     ESPe at Nucleus = -2.7246480333E+01
           ESPn =  1.2508252111E+01     ESPn at Nucleus =  1.2508252090E+01

CP# 8      Coords =  3.92934703009424E+00 -1.47035879307068E+00 -1.56439356494373E+00
           Type = (3,-3) NACP C8
           Rho =  1.1754771619E+02     Rho at Nucleus =  1.1754771612E+02
           GradRho =  1.0427841923E-10  1.3235301743E-10  1.4031575901E-10
           HessRho_EigVals = -1.4484557809E+05 -1.4484527551E+05 -1.4484513979E+05
           HessRho_EigVec1 = -2.1475293764E-01  7.7712070820E-01 -5.9157804275E-01
           HessRho_EigVec2 =  4.6186653505E-02  6.1311327567E-01  7.8864371185E-01
           HessRho_EigVec3 =  9.7557571147E-01  1.4204054379E-01 -1.6756048194E-01
           DelSqRho = -4.3453599339E+05
           Bond Ellipticity = NA
           V = -1.0864432212E+05
           G =  5.1618881619E+00
           K =  1.0863916024E+05
           L =  1.0863399835E+05
           Vnuc =  6.1169625917E+06
           Ven = -7.1903498269E+08
           Vrep =  7.1892633837E+08
           DelSqV =  2.4925392865E+09
           DelSqVen =  2.6580410040E+12
           DelSqVrep = -2.6555484484E+12
           DelSqG =  1.3388536503E+08
           DelSqK = -2.6264246516E+09
           Stress_EigVals = -3.6214865795E+04 -3.6214822530E+04 -3.6214633799E+04
           Stress_EigVec1 =  9.7296553199E-01  1.2670971941E-01 -1.9308733924E-01
           Stress_EigVec2 =  7.1063353513E-02  6.3123916356E-01  7.7232578500E-01
           Stress_EigVec3 = -2.1974547402E-01  7.6516780212E-01 -6.0516953100E-01
           -DivStress = -3.4008059790E+02 -5.3469719348E+02 -4.8007428257E+02
           ESP =  -1.4743195896E+01     ESP at Nucleus =  -1.4743195899E+01
           ESPe = -2.6517240943E+01     ESPe at Nucleus = -2.6517239815E+01
           ESPn =  1.1774045048E+01     ESPn at Nucleus =  1.1774043916E+01

CP# 9      Coords =  3.93193704976542E+00  1.50132890902187E+00 -1.53021657980724E+00
           Type = (3,-3) NACP C9
           Rho =  1.1754778112E+02     Rho at Nucleus =  1.1754778105E+02
           GradRho =  6.1544103147E-11 -1.4718148922E-10  1.2835765784E-10
           HessRho_EigVals = -1.4484567452E+05 -1.4484537192E+05 -1.4484523609E+05
           HessRho_EigVec1 =  2.1596064080E-01  7.6280463031E-01  6.0949987498E-01
           HessRho_EigVec2 =  4.4554142295E-02 -6.3127892342E-01  7.7427504754E-01
           HessRho_EigVec3 =  9.7538501630E-01 -1.4005719126E-01 -1.7031750687E-01
           DelSqRho = -4.3453628253E+05
           Bond Ellipticity = NA
           V = -1.0864439438E+05
           G =  5.1618743205E+00
           K =  1.0863923251E+05
           L =  1.0863407063E+05
           Vnuc =  6.1140685830E+06
           Ven = -7.1869519553E+08
           Vrep =  7.1858655114E+08
           DelSqV =  2.4925409584E+09
           DelSqVen =  2.6567849288E+12
           DelSqVrep = -2.6542923878E+12
           DelSqG =  1.3388546997E+08
           DelSqK = -2.6264264284E+09
           Stress_EigVals = -3.6214889923E+04 -3.6214846592E+04 -3.6214657865E+04
           Stress_EigVec1 =  9.7280658620E-01 -1.2404699139E-01 -1.9560084295E-01
           Stress_EigVec2 =  6.9571149514E-02 -6.4900538435E-01  7.5759611024E-01
           Stress_EigVec3 =  2.2092351842E-01  7.5060266121E-01  6.2272662059E-01
           -DivStress = -3.3981487137E+02  5.4603276131E+02 -4.6797148797E+02
           ESP =  -1.4743197201E+01     ESP at Nucleus =  -1.4743197204E+01
           ESPe = -2.6517826512E+01     ESPe at Nucleus = -2.6517825384E+01
           ESPn =  1.1774629311E+01     ESPn at Nucleus =  1.1774628180E+01

CP# 10     Coords = -5.20567624206750E+00 -2.51412757415745E+00 -2.93690203225106E+00
           Type = (3,-3) NACP H10
           Rho =  4.2670655281E-01     Rho at Nucleus =  4.2301739702E-01
           GradRho = -1.2073675393E-15  9.1072982489E-16  9.7664931697E-16
           HessRho_EigVals = -6.5148694018E+00 -6.5092243987E+00 -5.9119346604E+00
           HessRho_EigVec1 =  2.4650654203E-01 -8.2539834493E-01  5.0788984723E-01
           HessRho_EigVec2 =  8.9926332056E-01 -5.8206148294E-04 -4.3740729476E-01
           HessRho_EigVec3 =  3.6133088027E-01  5.6455047019E-01  7.4210697448E-01
           DelSqRho = -1.8936028461E+01
           Bond Ellipticity = NA
           V = -4.7429561949E+00
           G =  4.4745398180E-03
           K =  4.7384816550E+00
           L =  4.7340071152E+00
           Vnuc =  4.0115519145E+01
           Ven = -1.7117554889E+01
           Vrep =  1.2374598694E+01
           DelSqV =  7.1333371621E+02
           DelSqVen =  7.5962861226E+02
           DelSqVrep = -4.6294896044E+01
           DelSqG =  7.0369578436E+01
           DelSqK = -7.8370329465E+02
           Stress_EigVals = -1.6319099241E+00 -1.6313883026E+00 -1.4796579681E+00
           Stress_EigVec1 =  2.4924165352E-01 -8.2606063285E-01  5.0547248096E-01
           Stress_EigVec2 =  8.9839242510E-01  2.3238293727E-03 -4.3918748882E-01
           Stress_EigVec3 =  3.6162086316E-01  5.6357646391E-01  7.4270581030E-01
           -DivStress = -2.8631887066E+00 -4.4634690961E+00 -5.8808036725E+00
           ESP =  -1.1080367736E+00     ESP at Nucleus =  -1.1105560210E+00
           ESPe = -1.2543632604E+01     ESPe at Nucleus = -1.2455529409E+01
           ESPn =  1.1435595830E+01     ESPn at Nucleus =  1.1344973388E+01

CP# 11     Coords = -3.17243517056326E+00 -4.15440817100639E+00  1.27504740153443E+00
           Type = (3,-3) NACP H11
           Rho =  4.2515632781E-01     Rho at Nucleus =  4.2144613087E-01
           GradRho = -4.7936879813E-10  3.6578345149E-09 -1.0237788013E-09
           HessRho_EigVals = -6.4811792834E+00 -6.4750085124E+00 -5.8782632985E+00
           HessRho_EigVec1 =  4.1907441278E-01  2.9515182481E-01  8.5863964319E-01
           HessRho_EigVec2 =  8.9928976461E-01 -4.6122751230E-03 -4.3732899079E-01
           HessRho_EigVec3 = -1.2511816741E-01  9.5543923262E-01 -2.6735990154E-01
           DelSqRho = -1.8834451094E+01
           Bond Ellipticity = NA
           V = -4.7179595082E+00
           G =  4.6733672884E-03
           K =  4.7132861409E+00
           L =  4.7086127736E+00
           Vnuc =  4.0438644722E+01
           Ven = -1.7192745692E+01
           Vrep =  1.2474786184E+01
           DelSqV =  7.0926225056E+02
           DelSqVen =  7.6163968254E+02
           DelSqVrep = -5.2377431980E+01
           DelSqG =  6.9874714479E+01
           DelSqK = -7.7913696504E+02
           Stress_EigVals = -1.6235862867E+00 -1.6231970334E+00 -1.4711761881E+00
           Stress_EigVec1 =  4.0904660076E-01  2.9673635841E-01  8.6291854309E-01
           Stress_EigVec2 =  9.0381106249E-01 -1.4584144586E-03 -4.2792924222E-01
           Stress_EigVec3 = -1.2572367212E-01  9.5495832717E-01 -2.6879016285E-01
           -DivStress =  9.9328523690E-01 -7.5663970950E+00  2.1212736893E+00
           ESP =  -1.1067054640E+00     ESP at Nucleus =  -1.1092368607E+00
           ESPe = -1.3024184483E+01     ESPe at Nucleus = -1.2937030520E+01
           ESPn =  1.1917479019E+01     ESPn at Nucleus =  1.1827793659E+01

CP# 12     Coords =  5.42075377088157E+00 -2.69249737274446E+00  2.48288540661706E+00
           Type = (3,-3) NACP H12
           Rho =  4.2472625156E-01     Rho at Nucleus =  4.2110954879E-01
           GradRho = -2.3226863141E-15 -1.2620113288E-15  1.0623012886E-15
           HessRho_EigVals = -6.4916572594E+00 -6.4862547844E+00 -5.8961043675E+00
           HessRho_EigVec1 =  2.3382732997E-01  7.1948681601E-01  6.5395986218E-01
           HessRho_EigVec2 = -9.3885271479E-01 -7.7613319587E-03  3.4423152333E-01
           HessRho_EigVec3 = -2.5274564227E-01  6.9446272996E-01 -6.7367733894E-01
           DelSqRho = -1.8874016411E+01
           Bond Ellipticity = NA
           V = -4.7274440317E+00
           G =  4.4699644651E-03
           K =  4.7229740673E+00
           L =  4.7185041028E+00
           Vnuc =  4.0147673370E+01
           Ven = -1.7051770819E+01
           Vrep =  1.2324326788E+01
           DelSqV =  7.1140124087E+02
           DelSqVen =  7.5774784606E+02
           DelSqVrep = -4.6346605185E+01
           DelSqG =  7.0229590736E+01
           DelSqK = -7.8163083161E+02
           Stress_EigVals = -1.6260043176E+00 -1.6254771917E+00 -1.4759625224E+00
           Stress_EigVec1 =  2.3642239164E-01  7.1795846772E-01  6.5470611068E-01
           Stress_EigVec2 = -9.3834195873E-01 -6.2064058466E-03  3.4565278680E-01
           Stress_EigVec3 = -2.5222771701E-01  6.9605827281E-01 -6.7222322157E-01
           -DivStress =  1.9738348438E+00 -5.4508714427E+00  5.2610316560E+00
           ESP =  -1.1059644134E+00     ESP at Nucleus =  -1.1084476741E+00
           ESPe = -1.2332906978E+01     ESPe at Nucleus = -1.2249422254E+01
           ESPn =  1.1226942565E+01     ESPn at Nucleus =  1.1140974580E+01

CP# 13     Coords =  5.42558662958942E+00  2.62726962462027E+00  2.54414438377170E+00
           Type = (3,-3) NACP H13
           Rho =  4.2472684608E-01     Rho at Nucleus =  4.2111032284E-01
           GradRho = -8.9744834827E-16 -1.0946105133E-15  7.1557343384E-16
           HessRho_EigVals = -6.4916683394E+00 -6.4862654804E+00 -5.8961349480E+00
           HessRho_EigVec1 =  2.3250804816E-01 -7.3480102688E-01  6.3718714554E-01
           HessRho_EigVec2 =  9.3882427330E-01 -1.5766931522E-03 -3.4439294113E-01
           HessRho_EigVec3 =  2.5406493540E-01  6.7828088941E-01  6.8948244623E-01
           DelSqRho = -1.8874068768E+01
           Bond Ellipticity = NA
           V = -4.7274574873E+00
           G =  4.4701476740E-03
           K =  4.7229873396E+00
           L =  4.7185171920E+00
           Vnuc =  4.0148754808E+01
           Ven = -1.7052254004E+01
           Vrep =  1.2324796516E+01
           DelSqV =  7.1140402494E+02
           DelSqVen =  7.5777035920E+02
           DelSqVrep = -4.6366334252E+01
           DelSqG =  7.0229885561E+01
           DelSqK = -7.8163391050E+02
           Stress_EigVals = -1.6260071440E+00 -1.6254800271E+00 -1.4759703163E+00
           Stress_EigVec1 =  2.3515503270E-01 -7.3329553790E-01  6.3794965686E-01
           Stress_EigVec2 =  9.3830394101E-01  4.9716754661E-05 -3.4581167101E-01
           Stress_EigVec3 =  2.5355043852E-01  6.7991003201E-01  6.8806578428E-01
           -DivStress =  1.9841542378E+00  5.3243410944E+00  5.3849837472E+00
           ESP =  -1.1059592544E+00     ESP at Nucleus =  -1.1084424179E+00
           ESPe = -1.2333211062E+01     ESPe at Nucleus = -1.2249725815E+01
           ESPn =  1.1227251807E+01     ESPn at Nucleus =  1.1141283397E+01

CP# 14     Coords = -5.19613045878544E+00  2.53857169909731E+00 -2.92114072925474E+00
           Type = (3,-3) NACP H14
           Rho =  4.2670626422E-01     Rho at Nucleus =  4.2301704373E-01
           GradRho =  1.2225463697E-15  3.8163916471E-17  1.5838025336E-15
           HessRho_EigVals = -6.5148604173E+00 -6.5092151498E+00 -5.9119190747E+00
           HessRho_EigVec1 =  2.4964929063E-01  8.2127598040E-01  5.1301169159E-01
           HessRho_EigVec2 = -8.9926530081E-01  1.3124485430E-04  4.3740359112E-01
           HessRho_EigVec3 =  3.5916173299E-01 -5.7053110940E-01  7.3857775675E-01
           DelSqRho = -1.8935994642E+01
           Bond Ellipticity = NA
           V = -4.7429479661E+00
           G =  4.4746527997E-03
           K =  4.7384733133E+00
           L =  4.7339986605E+00
           Vnuc =  4.0117435351E+01
           Ven = -1.7118360969E+01
           Vrep =  1.2375413003E+01
           DelSqV =  7.1333209945E+02
           DelSqVen =  7.5966354085E+02
           DelSqVrep = -4.6331441398E+01
           DelSqG =  7.0369379369E+01
           DelSqK = -7.8370147882E+02
           Stress_EigVals = -1.6319077380E+00 -1.6313861581E+00 -1.4796540699E+00
           Stress_EigVec1 =  2.5247904516E-01  8.2194257611E-01  5.1055335993E-01
           Stress_EigVec2 = -8.9835725162E-01  3.1066317227E-03  4.3925459280E-01
           Stress_EigVec3 =  3.5945595031E-01 -5.6956189340E-01  7.3918243308E-01
           -DivStress = -2.8460694100E+00  4.5108931146E+00 -5.8529472774E+00
           ESP =  -1.1080348458E+00     ESP at Nucleus =  -1.1105541589E+00
           ESPe = -1.2545828543E+01     ESPe at Nucleus = -1.2457726834E+01
           ESPn =  1.1437793697E+01     ESPn at Nucleus =  1.1347172675E+01

CP# 15     Coords = -3.15700551930833E+00  4.14479685152039E+00  1.30118649440136E+00
           Type = (3,-3) NACP H15
           Rho =  4.2515635164E-01     Rho at Nucleus =  4.2144631758E-01
           GradRho = -4.5576968762E-10 -3.3792902932E-09 -9.6982471359E-10
           HessRho_EigVals = -6.4812037034E+00 -6.4750329969E+00 -5.8783051257E+00
           HessRho_EigVec1 =  4.1782380195E-01 -3.0215641588E-01  8.5681081393E-01
           HessRho_EigVec2 =  8.9939933952E-01  4.2093381225E-03 -4.3710766356E-01
           HessRho_EigVec3 =  1.2846827855E-01  9.5324906599E-01  2.7351804253E-01
           DelSqRho = -1.8834541826E+01
           Bond Ellipticity = NA
           V = -4.7179820689E+00
           G =  4.6733062018E-03
           K =  4.7133087627E+00
           L =  4.7086354565E+00
           Vnuc =  4.0445204273E+01
           Ven = -1.7195535490E+01
           Vrep =  1.2477553421E+01
           DelSqV =  7.0926669539E+02
           DelSqVen =  7.6176689729E+02
           DelSqVrep = -5.2500201908E+01
           DelSqG =  6.9875390188E+01
           DelSqK = -7.7914208557E+02
           Stress_EigVals = -1.6235924567E+00 -1.6232028237E+00 -1.4711867886E+00
           Stress_EigVec1 =  4.0783557422E-01 -3.0373424133E-01  8.6105496633E-01
           Stress_EigVec2 =  9.0388648224E-01  9.9597053821E-04 -4.2777124174E-01
           Stress_EigVec3 =  1.2907118820E-01  9.5275627455E-01  2.7494746715E-01
           -DivStress =  1.0198083690E+00  7.5488621588E+00  2.1700139495E+00
           ESP =  -1.1066940182E+00     ESP at Nucleus =  -1.1092252727E+00
           ESPe = -1.3030024558E+01     ESPe at Nucleus = -1.2942891929E+01
           ESPn =  1.1923330540E+01     ESPn at Nucleus =  1.1833666657E+01

CP# 16     Coords = -3.56362079002562E+00 -1.27684843473310E-02  4.15289506036892E+00
           Type = (3,-3) NACP H16
           Rho =  4.1634944627E-01     Rho at Nucleus =  4.1305784845E-01
           GradRho =  2.8935187579E-15  1.5341460741E-17 -3.9725167600E-15
           HessRho_EigVals = -6.3534326963E+00 -6.3521191912E+00 -5.8031627351E+00
