AIMSum (Version 19.02.13, Professional)
Copyright (c) 1997-2019 by Todd A. Keith
AIMSum is a component of the AIMAll package ( http://aim.tkgristmill.com )

TP:  64-bit Linux

Much of the Quantum Theory of Atoms in Molecules (QTAIM) is described in the book:
  "Atoms in Molecules - A Quantum Theory"
  R.F.W. Bader, Oxford University Press, Oxford, 1990

For additional references see:  http://aim.tkgristmill.com/references.html

Wfn File:  /home/mhennefarth/Documents/ML_Diels/summary-liu2013/1bx-opt/1bx-opt.wfn
Sum File:  /home/mhennefarth/Documents/ML_Diels/summary-liu2013/1bx-opt/1bx-opt.sum

SumViz File:  /home/mhennefarth/Documents/ML_Diels/summary-liu2013/1bx-opt/1bx-opt.sumviz

Wfn Title:   Title Card Required                                                           
 
Total memory allocated for AIMSum =        1.057 Megabytes

Atomic units (a.u.) used throughout, except where stated otherwise

Model:  Restricted SCF
 
Restricted, closed-shell, single-determinant wavefunction.
  Number of electrons (from MO Occs)                   =          66.0000000000
  Number of Alpha electrons (from MO Occs)             =          33.0000000000
  Number of Beta electrons (from MO Occs)              =          33.0000000000
  Number of electron pairs (N*(N-1)/2)                 =        2145.0000000000
  Number of electron pairs (from Muller 2EDM)          =        2145.0000000000
 
Nuclear Charges and Cartesian Coordinates:
-------------------------------------------------------------------------------
Atom      Charge                X                  Y                  Z
-------------------------------------------------------------------------------
C1         6.0           4.7209484500E+00   1.4235824700E+00  -1.5491567100E+00
C2         6.0           3.9070060000E+00   2.2193214300E+00   7.3312184000E-01
C3         6.0          -3.4074119700E+00   1.2405172500E+00  -6.6184028000E-01
C4         6.0          -3.4496594100E+00  -1.2935326700E+00  -6.4281369000E-01
C5         6.0           4.7297890000E+00  -1.3532916500E+00  -1.6028667400E+00
C6         6.0           3.9209514600E+00  -2.2418413000E+00   6.4663079000E-01
C7         6.0           3.3010574900E+00  -4.5334570000E-02   2.3484639300E+00
C8         6.0          -6.1520077500E+00   1.5108007200E+00   1.3488549000E-01
C9         6.0          -6.2015272700E+00  -1.4609534100E+00   1.5685877000E-01
H10        1.0           5.2929613100E+00   2.6131039100E+00  -3.1190671300E+00
H11        1.0           3.6981798100E+00   4.1591043700E+00   1.3584469300E+00
H12        1.0          -1.9484366000E+00   2.6203454800E+00  -1.0926718300E+00
H13        1.0          -2.0376680500E+00  -2.7273477500E+00  -1.0535412600E+00
H14        1.0           5.3083771700E+00  -2.4774736800E+00  -3.2178426400E+00
H15        1.0           3.7242263500E+00  -4.2056977800E+00   1.1961712100E+00
H16        1.0           4.4046331500E+00  -7.5939640000E-02   4.1113894000E+00
H17        1.0           1.2994639600E+00  -6.2492900000E-02   2.9148567500E+00
H18        1.0          -7.4173122000E+00   2.3916479800E+00  -1.2514840300E+00
H19        1.0          -6.4823792400E+00   2.4009925800E+00   1.9781612000E+00
H20        1.0          -7.4955883300E+00  -2.3193907200E+00  -1.2169807200E+00
H21        1.0          -6.5613333500E+00  -2.3124613900E+00   2.0128616700E+00
 
Some Atomic Properties:
----------------------
  q(A) = Net Charge of Atom A
  L(A) = Lagrangian of Atom A = -(1/4) Times Atomic Integral of the Laplacian of the Electron Density
  K(A) = Electronic Kinetic Energy of Atom A (Hamiltonian Form)
  K_Scaled(A) = K(A) * E(Mol)/K(Mol) = Approximation to Virial-Based Total Energy of Atom A.
  |Mu_Intra(A)| = Magnitude of Intraatomic Dipole Moment of Atom A
--------------------------------------------------------------------------------------------------
Atom A          q(A)              L(A)              K(A)          K_Scaled(A)      |Mu_Intra(A)|
--------------------------------------------------------------------------------------------------
C1       -5.5964439100E-02  1.2413255909E-04  3.7726325193E+01 -3.8106646164E+01  1.5376897928E-01
C2       -7.5122947400E-02  6.1796568838E-05  3.7730778357E+01 -3.8111144220E+01  1.7115764356E-01
C3       -8.0579789600E-02  4.5933767950E-05  3.7739413875E+01 -3.8119866793E+01  1.8788982660E-01
C4       -8.0839996000E-02 -4.4522764167E-05  3.7739317973E+01 -3.8119769924E+01  1.8681132008E-01
C5       -5.5787249600E-02 -1.8867460760E-04  3.7726211496E+01 -3.8106531320E+01  1.5347419592E-01
C6       -7.4981980900E-02 -6.7443026740E-06  3.7730641458E+01 -3.8111005941E+01  1.7119193376E-01
C7       -1.3137297400E-02 -3.4778372169E-04  3.7705553012E+01 -3.8085664578E+01  1.5522764131E-01
C8        5.1083141000E-03 -9.4462584233E-05  3.7665470215E+01 -3.8045177703E+01  1.5362921426E-01
C9        5.1721526000E-03 -6.1406250943E-05  3.7665433021E+01 -3.8045140135E+01  1.5362354332E-01
H10       4.3309744440E-02  2.1139912469E-05  5.9364494431E-01 -5.9962950868E-01  1.5016651361E-01
H11       4.6958771560E-02  2.1078819056E-05  5.9159204613E-01 -5.9755591513E-01  1.5052941684E-01
H12       5.3136099070E-02  3.2207488130E-05  5.8718939621E-01 -5.9310888188E-01  1.4775369166E-01
H13       5.1903990950E-02  1.9466635355E-05  5.8765073244E-01 -5.9357486885E-01  1.4824102537E-01
H14       4.3323883260E-02  2.1624648247E-05  5.9364476879E-01 -5.9962933139E-01  1.5016584286E-01
H15       4.6841636120E-02  1.9009099118E-05  5.9162449194E-01 -5.9758868803E-01  1.5056410912E-01
H16       4.0726751850E-02  2.5419905326E-05  5.9085422999E-01 -5.9681066103E-01  1.5235220602E-01
H17       5.3576863120E-02  3.9000315672E-05  5.8563136365E-01 -5.9153514271E-01  1.4854648963E-01
H18       1.2173660570E-02  2.1562727258E-05  6.0745051020E-01 -6.1357424916E-01  1.5614712320E-01
H19       1.0886464510E-02  2.3319983090E-05  6.0798113849E-01 -6.1411022675E-01  1.5633924671E-01
H20       1.2154203520E-02  2.2200837063E-05  6.0746099750E-01 -6.1358484219E-01  1.5615016922E-01
H21       1.0857566490E-02  2.1419991770E-05  6.0798903241E-01 -6.1411820025E-01  1.5633934720E-01
--------------------------------------------------------------------------------------------------
Total    -2.8359784000E-04 -2.2428097288E-04  3.4658185825E+02 -3.5007576729E+02
 
1st Largest |L(A)| = 3.4778372169E-04, atom C7      
2nd Largest |L(A)| = 1.8867460760E-04, atom C5      
 
Molecular charge q(Mol) from the wfn file:   0.0000000000E+00
Molecular energy E(Mol) from the wfn file:  -3.5007586572E+02
Molecular virial ratio (-V(Mol)/T(Mol)) from the wfn file:   2.0100810500E+00
Note.  K_Scaled(A) = (1+V(Mol)/T(Mol))*K(A) = (E(Mol)/T(Mol))*K(A)
       Only use K_Scaled(A) data with caution.
 
N_AIMInt(SumA)     =         66.000284
N_Analytic(Mol)    =         65.999988
 
G_AIMInt(SumA)     =        346.582083
G_Analytic(Mol)    =        346.581927
 
K_AIMInt(SumA)     =        346.581858
K_Analytic(Mol)    =        346.581927
 
L_AIMInt(SumA)     =         -0.000224
L_Analytic(Mol)    =          0.000000
 
VenT_AIMInt(SumA)  =      -1581.975986
VenT_Analytic(Mol) =      -1581.973696
 
Some Information About the Atomic Calculations:
----------------------------------------------
  Time(sec) = "Elapsed User Time", in Seconds, for Atom A by AIMInt and, if used, by TWOe
  NProc = Number of Processors Used for AIMInt Job
  BIM = Basin Integration Method
  OAQ = Angular Quadrature Outside of Beta Sphere
  ORQ = Multiple of Default for Radial Quadrature Outside of Beta Sphere
  IAQ = Multiple of Default for Angular Quadrature Inside of Beta Sphere
  IRQ = Multiple of Default for Radial Quadrature Inside of Beta Sphere
  MIR = Maximum Integration Radius
------------------------------------------------------------------------------------------------------
Atom A     Time(sec)   NProc      BIM          OAQ                     ORQ      IAQ      IRQ      MIR
------------------------------------------------------------------------------------------------------
C1             24        8     Proaim(5)    4500(GS4)                  1.00     1.00     1.00    13.00
C2             53        8     Proaim(5)    4500(GS4)                  1.00     1.00     1.00    13.00
C3             81        8     Proaim(5)    4500(GS4)                  1.00     1.00     1.00    13.00
C4             57        8     Proaim(5)    4500(GS4)                  1.00     1.00     1.00    13.00
C5             42        8     Proaim(5)    4500(GS4)                  1.00     1.00     1.00    13.00
C6             64        8     Proaim(5)    4500(GS4)                  1.00     1.00     1.00    13.00
C7             85        8     Proaim(5)    4500(GS4)                  1.00     1.00     1.00    13.00
C8             40        8     Proaim(5)    4500(GS4)                  1.00     1.00     1.00    13.00
C9             57        8     Proaim(5)    4500(GS4)                  1.00     1.00     1.00    13.00
H10            23        8     Proaim(5)    1800(GS4)                  1.00     1.00     1.00    13.00
H11            17        8     Proaim(5)    1800(GS4)                  1.00     1.00     1.00    13.00
H12            27        8     Proaim(5)    4500(GS4)                  1.00     1.00     1.00    13.00
H13            28        8     Proaim(5)    4500(GS4)                  1.00     1.00     1.00    13.00
H14            10        8     Proaim(5)    1800(GS4)                  1.00     1.00     1.00    13.00
H15            17        8     Proaim(5)    1800(GS4)                  1.00     1.00     1.00    13.00
H16            14        8     Proaim(5)    1800(GS4)                  1.00     1.00     1.00    13.00
H17            33        8     Proaim(5)    4500(GS4)                  1.00     1.00     1.00    13.00
H18            17        8     Proaim(5)    1800(GS4)                  1.00     1.00     1.00    13.00
H19            20        8     Proaim(5)    1800(GS4)                  1.00     1.00     1.00    13.00
H20            15        8     Proaim(5)    1800(GS4)                  1.00     1.00     1.00    13.00
H21            10        8     Proaim(5)    1800(GS4)                  1.00     1.00     1.00    13.00
------------------------------------------------------------------------------------------------------
Total         734
Note:  Total wall clock time is less than total of atomic times if more than one atom
       was calculated at a time
 
Electron Density Critical Point Analysis of Molecular Structure:               
---------------------------------------------------------------                
  NACP = Nuclear Attractor Critical Point                                      
  NNACP = Non-Nuclear Attractor Critical Point                                 
  BCP = Bond Critical Point                                                    
  RCP = Ring Critical Point                                                    
  CCP = Cage Critical Point                                                    
  Rho = Electron Density                                                       
  GradRho = Gradient of Electron Density                                       
  HessRho_EigVals = Eigenvalues of the Hessian of Rho, Ascending Order         
  HessRho_EigVecs = Eigenvectors of the Hessian of Rho                         
  DelSqRho = Laplacian of Rho = Trace of Hessian of Rho                        
  Bond Ellipticity = (HessRho_EigVal(1) / HessRho_EigVal(2)) - 1               
  V = Virial Field = Potential Energy Density = Trace of Stress Tensor         
  G = Lagrangian Form of Kinetic Energy Density                                
  K = Hamiltonian Form of Kinetic Energy Density                               
  L = K - G = Lagrangian Density = (-1/4)DelSqRho                              
  Vnuc = Electrostatic Potential from Nuclei                                   
  Ven = Electron-nuclear attractive contribution to Virial Field V             
  Vrep = V - Ven = Repulsive contribution to Virial Field V                    
  DelSqV = Laplacian of V                                                      
  DelSqVen = Laplacian of Ven                                                  
  DelSqVrep = Laplacian of Vrep                                                
  DelSqG = Laplacian of G                                                      
  DelSqK = Laplacian of K                                                      
  Stress_EigVals = Eigenvalues of Stress Tensor, Ascending Order               
  Stress_EigVecs = Eigenvectors of Stress Tensor                               
  -DivStress = Ehrenfest Force Density = Minus Divergence of Stress Tensor     
  ESP = Total Electrostatic Potential                                          
  ESPe = Electrostatic Potential from Electrons                                
  ESPn = Electrostatic Potential from Nuclei                                   
  BP = Bond Path                                                               
  BPL = Bond Path Length                                                       
  GBL = Geometric Bond Length                                                  
  GBL_I = Distance Between Nuclear Attractors                                  
  GBL_II = Distance Between Nuclei                                             
  GBL_III = Sum of Distances Between BCP and Nuclear Attractors                
  GBL_IV = Sum of Distances Between BCP and Nuclei                             

CP# 1      Coords =  4.72094880615621E+00  1.42358168528049E+00 -1.54915783018990E+00
           Type = (3,-3) NACP C1
           Rho =  1.1767609388E+02     Rho at Nucleus =  1.1767609373E+02
           GradRho =  1.1140051381E-10 -3.6242037149E-10 -5.0191317769E-10
           HessRho_EigVals = -1.4499840232E+05 -1.4499756430E+05 -1.4499725961E+05
           HessRho_EigVec1 =  9.4193842087E-01 -4.7746252653E-03  3.3575171517E-01
           HessRho_EigVec2 =  3.7741677553E-02  9.9506821935E-01 -9.1732244106E-02
           HessRho_EigVec3 = -3.3365787426E-01  9.9077958128E-02  9.3747318957E-01
           DelSqRho = -4.3499322623E+05
           Bond Ellipticity = NA
           V = -1.0875855061E+05
           G =  5.1220273453E+00
           K =  1.0875342859E+05
           L =  1.0874830656E+05
           Vnuc =  4.2453519359E+06
           Ven = -4.9957643295E+08
           Vrep =  4.9946767440E+08
           DelSqV =  2.4951425496E+09
           DelSqVen =  1.8466991636E+12
           DelSqVrep = -1.8442040211E+12
           DelSqG =  1.3402069056E+08
           DelSqK = -2.6291632401E+09
           Stress_EigVals = -3.6253116705E+04 -3.6252946599E+04 -3.6252487309E+04
           Stress_EigVec1 = -3.3628397149E-01 -8.1554209556E-02  9.3822278880E-01
           Stress_EigVec2 = -2.2843131843E-02  9.9665662421E-01  7.8445935195E-02
           Stress_EigVec3 =  9.4148355368E-01 -4.9481637717E-03  3.3702260136E-01
           -DivStress = -2.8767888206E+02  6.4142947739E+02  9.0448556531E+02
           ESP =  -1.4748626163E+01     ESP at Nucleus =  -1.4748626180E+01
           ESPe = -2.6564902844E+01     ESPe at Nucleus = -2.6564903809E+01
           ESPn =  1.1816276681E+01     ESPn at Nucleus =  1.1816277628E+01

CP# 2      Coords =  3.90700537067423E+00  2.21932123653631E+00  7.33123221530699E-01
           Type = (3,-3) NACP C2
           Rho =  1.1767317398E+02     Rho at Nucleus =  1.1767317381E+02
           GradRho = -3.3791675014E-10 -1.2037637553E-10  7.2118777616E-10
           HessRho_EigVals = -1.4499772709E+05 -1.4499713746E+05 -1.4499675855E+05
           HessRho_EigVec1 =  9.4353265035E-01  3.0048973982E-03  3.3126591782E-01
           HessRho_EigVec2 =  1.4811963628E-01  8.9061374245E-01 -4.2996248105E-01
           HessRho_EigVec3 = -2.9632197195E-01  4.5475062655E-01  8.3987806055E-01
           DelSqRho = -4.3499162310E+05
           Bond Ellipticity = NA
           V = -1.0875814709E+05
           G =  5.1206571373E+00
           K =  1.0875302643E+05
           L =  1.0874790577E+05
           Vnuc =  3.9205707176E+06
           Ven = -4.6134600015E+08
           Vrep =  4.6123724200E+08
           DelSqV =  2.4951366138E+09
           DelSqVen =  1.7054152458E+12
           DelSqVrep = -1.7029201092E+12
           DelSqG =  1.3402324290E+08
           DelSqK = -2.6291598567E+09
           Stress_EigVals = -3.6252982137E+04 -3.6252774717E+04 -3.6252390235E+04
           Stress_EigVec1 = -2.5543420144E-01  6.3901548180E-01  7.2554295721E-01
           Stress_EigVec2 =  2.1738359435E-01  7.6918226378E-01 -6.0091847866E-01
           Stress_EigVec3 =  9.4207098546E-01 -4.2260041610E-03  3.3538693959E-01
           -DivStress =  5.1116583345E+02  1.6294803890E+02 -1.1219994426E+03
           ESP =  -1.4749572345E+01     ESP at Nucleus =  -1.4749572363E+01
           ESPe = -2.6781427305E+01     ESPe at Nucleus = -2.6781427694E+01
           ESPn =  1.2031854960E+01     ESPn at Nucleus =  1.2031855331E+01

CP# 3      Coords = -3.40741289423358E+00  1.24051856922124E+00 -6.61839968085198E-01
           Type = (3,-3) NACP C3
           Rho =  1.1771665965E+02     Rho at Nucleus =  1.1771665946E+02
           GradRho = -5.5550519740E-10  7.8282397231E-10  1.7784451689E-10
           HessRho_EigVals = -1.4505448024E+05 -1.4505374506E+05 -1.4505330419E+05
           HessRho_EigVec1 =  2.8413274759E-01 -4.0771198535E-04  9.5878486404E-01
           HessRho_EigVec2 =  9.5674673172E-01 -6.5049601595E-02 -2.8355641534E-01
           HessRho_EigVec3 =  6.2484182771E-02  9.9788194848E-01 -1.8092644921E-02
           DelSqRho = -4.3516152949E+05
           Bond Ellipticity = NA
           V = -1.0880054222E+05
           G =  5.0799262735E+00
           K =  1.0879546230E+05
           L =  1.0879038237E+05
           Vnuc =  3.6570238812E+06
           Ven = -4.3049263556E+08
           Vrep =  4.3038383502E+08
           DelSqV =  2.4961090883E+09
           DelSqVen =  1.5913961554E+12
           DelSqVrep = -1.5889000791E+12
           DelSqG =  1.3407846727E+08
           DelSqK = -2.6301875556E+09
           Stress_EigVals = -3.6267147950E+04 -3.6266895392E+04 -3.6266498882E+04
           Stress_EigVec1 =  3.1331405780E-01  9.4506824684E-01 -9.3168181305E-02
           Stress_EigVec2 =  9.0680545244E-01 -3.2687128272E-01 -2.6619360615E-01
           Stress_EigVec3 =  2.8202512762E-01  1.0832158977E-03  9.5940640713E-01
           -DivStress =  7.5818097746E+02 -1.0695063418E+03 -2.5469797502E+02
           ESP =  -1.4751661523E+01     ESP at Nucleus =  -1.4751661543E+01
           ESPe = -2.6769626374E+01     ESPe at Nucleus = -2.6769627363E+01
           ESPn =  1.2017964851E+01     ESPn at Nucleus =  1.2017965821E+01

CP# 4      Coords = -3.44966036456586E+00 -1.29353397007344E+00 -6.42813363242461E-01
           Type = (3,-3) NACP C4
           Rho =  1.1771633589E+02     Rho at Nucleus =  1.1771633569E+02
           GradRho = -5.6993254560E-10 -7.9229950378E-10  1.9750273639E-10
           HessRho_EigVals = -1.4505405633E+05 -1.4505332815E+05 -1.4505288692E+05
           HessRho_EigVec1 =  2.8463140969E-01  4.8497953270E-03  9.5862476502E-01
           HessRho_EigVec2 =  9.5837393651E-01  2.1987063348E-02 -2.8466816973E-01
           HessRho_EigVec3 = -2.2457925795E-02  9.9974649213E-01  1.6102913968E-03
           DelSqRho = -4.3516027141E+05
           Bond Ellipticity = NA
           V = -1.0880022777E+05
           G =  5.0799595944E+00
           K =  1.0879514781E+05
           L =  1.0879006785E+05
           Vnuc =  3.6459921244E+06
           Ven = -4.2919283356E+08
           Vrep =  4.2908403333E+08
           DelSqV =  2.4961018828E+09
           DelSqVen =  1.5865909248E+12
           DelSqVrep = -1.5840948065E+12
           DelSqG =  1.3407805983E+08
           DelSqK = -2.6301799426E+09
           Stress_EigVals = -3.6267042137E+04 -3.6266790452E+04 -3.6266395182E+04
           Stress_EigVec1 = -2.7868476940E-01  9.5717693094E-01  7.8403585309E-02
           Stress_EigVec2 =  9.1796270312E-01  2.8948112714E-01 -2.7119209558E-01
           Stress_EigVec3 =  2.8227517599E-01  3.6055395154E-03  9.5932670405E-01
           -DivStress =  7.8274585093E+02  1.0536844170E+03 -2.6669249978E+02
           ESP =  -1.4751571947E+01     ESP at Nucleus =  -1.4751571967E+01
           ESPe = -2.6746420067E+01     ESPe at Nucleus = -2.6746421098E+01
           ESPn =  1.1994848119E+01     ESPn at Nucleus =  1.1994849130E+01

CP# 5      Coords =  4.72978935558164E+00 -1.35329081536071E+00 -1.60286782869482E+00
           Type = (3,-3) NACP C5
           Rho =  1.1767581830E+02     Rho at Nucleus =  1.1767581816E+02
           GradRho =  1.7028753407E-10  3.7114659956E-10 -4.9971887739E-10
           HessRho_EigVals = -1.4499800403E+05 -1.4499716794E+05 -1.4499686212E+05
           HessRho_EigVec1 =  9.4192045423E-01 -3.0212998860E-03  3.3582246747E-01
           HessRho_EigVec2 = -4.3008054897E-02  9.9064076199E-01  1.2954222436E-01
           HessRho_EigVec3 = -3.3307081098E-01 -1.3646154193E-01  9.3297485628E-01
           DelSqRho = -4.3499203410E+05
           Bond Ellipticity = NA
           V = -1.0875825272E+05
           G =  5.1220975094E+00
           K =  1.0875313062E+05
           L =  1.0874800852E+05
           Vnuc =  4.2338579348E+06
           Ven = -4.9822269705E+08
           Vrep =  4.9811393880E+08
           DelSqV =  2.4951356745E+09
           DelSqVen =  1.8416945725E+12
           DelSqVrep = -1.8391994369E+12
           DelSqG =  1.3402026778E+08
           DelSqK = -2.6291559423E+09
           Stress_EigVals = -3.6253017489E+04 -3.6252847002E+04 -3.6252388229E+04
           Stress_EigVec1 = -3.3663162806E-01  4.3127897921E-02  9.4064825063E-01
           Stress_EigVec2 =  1.6973801828E-02  9.9906619860E-01 -3.9731862002E-02
           Stress_EigVec3 =  9.4148342367E-01 -2.5913756041E-03  3.3704932537E-01
           -DivStress = -2.8715262574E+02 -6.8174540562E+02  8.7875028875E+02
           ESP =  -1.4748695037E+01     ESP at Nucleus =  -1.4748695055E+01
           ESPe = -2.6562718085E+01     ESPe at Nucleus = -2.6562719047E+01
           ESPn =  1.1814023048E+01     ESPn at Nucleus =  1.1814023993E+01

CP# 6      Coords =  3.92095083734894E+00 -2.24184116476728E+00  6.46632185125609E-01
           Type = (3,-3) NACP C6
           Rho =  1.1767272196E+02     Rho at Nucleus =  1.1767272179E+02
           GradRho = -3.4703256935E-10  6.1009197694E-11  7.3786998733E-10
           HessRho_EigVals = -1.4499705198E+05 -1.4499646275E+05 -1.4499608312E+05
           HessRho_EigVec1 =  9.4382817562E-01 -9.8434089443E-03  3.3028999712E-01
           HessRho_EigVec2 = -1.5324122179E-01  8.7253217105E-01  4.6390164737E-01
           HessRho_EigVec3 = -2.9275502189E-01 -4.8845748821E-01  8.2201203116E-01
           DelSqRho = -4.3498959786E+05
           Bond Ellipticity = NA
           V = -1.0875764035E+05
           G =  5.1204424947E+00
           K =  1.0875251991E+05
           L =  1.0874739946E+05
           Vnuc =  3.9120185509E+06
           Ven = -4.6033787126E+08
           Vrep =  4.6022911362E+08
           DelSqV =  2.4951249059E+09
           DelSqVen =  1.7016871977E+12
           DelSqVrep = -1.6991920400E+12
           DelSqG =  1.3402250582E+08
           DelSqK = -2.6291474117E+09
           Stress_EigVals = -3.6252813275E+04 -3.6252605732E+04 -3.6252221341E+04
           Stress_EigVec1 = -2.5121688850E-01 -6.6795795369E-01  7.0051570078E-01
           Stress_EigVec2 = -2.2179109690E-01  7.4419330303E-01  6.3006748612E-01
           Stress_EigVec3 =  9.4217768190E-01 -2.9154477325E-03  3.3510105326E-01
           -DivStress =  5.0571639267E+02 -1.1566693934E+02 -1.1332733076E+03
           ESP =  -1.4749610201E+01     ESP at Nucleus =  -1.4749610219E+01
           ESPe = -2.6778371554E+01     ESPe at Nucleus = -2.6778371949E+01
           ESPn =  1.2028761353E+01     ESPn at Nucleus =  1.2028761730E+01

CP# 7      Coords =  3.30105766021046E+00 -4.53345681212603E-02  2.34846393637026E+00
           Type = (3,-3) NACP C7
           Rho =  1.1754053990E+02     Rho at Nucleus =  1.1754053990E+02
           GradRho = -1.9603235701E-11 -1.0727529975E-13  9.5798924349E-12
           HessRho_EigVals = -1.4483693404E+05 -1.4483676120E+05 -1.4483657996E+05
           HessRho_EigVec1 = -2.7267264831E-03  9.9982002201E-01  1.8774678429E-02
           HessRho_EigVec2 =  8.7455952038E-01 -6.7198335866E-03  4.8487162131E-01
           HessRho_EigVec3 = -4.8491051781E-01 -1.7741686053E-02  8.7438379576E-01
           DelSqRho = -4.3451027520E+05
           Bond Ellipticity = NA
           V = -1.0863802627E+05
           G =  5.2287329497E+00
           K =  1.0863279753E+05
           L =  1.0862756880E+05
           Vnuc =  3.5223686059E+07
           Ven = -4.1402110767E+09
           Vrep =  4.1401024387E+09
           DelSqV =  2.4923947180E+09
           DelSqVen =  1.5305065628E+13
           DelSqVrep = -1.5302573233E+13
           DelSqG =  1.3387775795E+08
           DelSqK = -2.6262724760E+09
           Stress_EigVals = -3.6212741390E+04 -3.6212693676E+04 -3.6212591200E+04
           Stress_EigVec1 = -4.6054650246E-01 -1.8128365388E-02  8.8745043886E-01
           Stress_EigVec2 =  8.8763078217E-01 -6.1193021455E-03  4.6051509061E-01
           Stress_EigVec3 = -2.9178084546E-03  9.9981694150E-01  1.8909518350E-02
           -DivStress = -1.3909562056E+02 -1.5664457939E+00 -3.2918378803E+00
           ESP =  -1.4737567753E+01     ESP at Nucleus =  -1.4737567753E+01
           ESPe = -2.6901424608E+01     ESPe at Nucleus = -2.6901424605E+01
           ESPn =  1.2163856855E+01     ESPn at Nucleus =  1.2163856852E+01

CP# 8      Coords = -6.15200732547815E+00  1.51080009299209E+00  1.34885381515315E-01
           Type = (3,-3) NACP C8
           Rho =  1.1754656903E+02     Rho at Nucleus =  1.1754656899E+02
           GradRho =  1.8271495428E-11 -9.7942765009E-11 -1.4441114971E-11
           HessRho_EigVals = -1.4484374365E+05 -1.4484344992E+05 -1.4484337222E+05
           HessRho_EigVec1 =  5.6312683360E-01  8.1017442733E-01 -1.6280530269E-01
           HessRho_EigVec2 =  7.7123701896E-01 -5.8601170117E-01 -2.4856336552E-01
           HessRho_EigVec3 =  2.9678549471E-01 -1.4411224656E-02  9.5483542390E-01
           DelSqRho = -4.3453056579E+05
           Bond Ellipticity = NA
           V = -1.0864295885E+05
           G =  5.1587022824E+00
           K =  1.0863780015E+05
           L =  1.0863264145E+05
           Vnuc =  7.8438072156E+06
           Ven = -9.2201262633E+08
           Vrep =  9.2190398337E+08
           DelSqV =  2.4925077718E+09
           DelSqVen =  3.4083742679E+12
           DelSqVrep = -3.4058817601E+12
           DelSqG =  1.3388330458E+08
           DelSqK = -2.6263910764E+09
           Stress_EigVals = -3.6214398803E+04 -3.6214372823E+04 -3.6214187227E+04
           Stress_EigVec1 =  2.8972946948E-01 -8.9996328355E-03  9.5706626788E-01
           Stress_EigVec2 =  7.3523252874E-01 -6.3811178905E-01 -2.2857487475E-01
           Stress_EigVec3 =  6.1277235838E-01  7.6989112950E-01 -1.7826296731E-01
           -DivStress = -3.4133488508E+02  5.0996511493E+02  8.7216979399E+01
           ESP =  -1.4740949026E+01     ESP at Nucleus =  -1.4740949028E+01
           ESPe = -2.5572749504E+01     ESPe at Nucleus = -2.5572748403E+01
           ESPn =  1.0831800478E+01     ESPn at Nucleus =  1.0831799376E+01

CP# 9      Coords = -6.20152682284912E+00 -1.46095280135479E+00  1.56858651973399E-01
           Type = (3,-3) NACP C9
           Rho =  1.1754655567E+02     Rho at Nucleus =  1.1754655562E+02
           GradRho =  1.1144840606E-10  6.5196514853E-11 -1.5505374762E-11
           HessRho_EigVals = -1.4484372024E+05 -1.4484342666E+05 -1.4484334882E+05
           HessRho_EigVec1 = -5.3729269255E-01  8.2979437065E-01  1.5085710114E-01
           HessRho_EigVec2 =  7.8934139156E-01  5.5775248524E-01 -2.5661709370E-01
           HessRho_EigVec3 =  2.9708034284E-01  1.8800735089E-02  9.5466737781E-01
           DelSqRho = -4.3453049571E+05
           Bond Ellipticity = NA
           V = -1.0864294122E+05
           G =  5.1586467306E+00
           K =  1.0863778257E+05
           L =  1.0863262393E+05
           Vnuc =  7.8491981744E+06
           Ven = -9.2264621014E+08
           Vrep =  9.2253756720E+08
           DelSqV =  2.4925073510E+09
           DelSqVen =  3.4107162624E+12
           DelSqVrep = -3.4082240172E+12
           DelSqG =  1.3388327621E+08
           DelSqK = -2.6263906272E+09
           Stress_EigVals = -3.6214392927E+04 -3.6214366956E+04 -3.6214181337E+04
           Stress_EigVec1 =  2.8963785581E-01  1.3282979007E-02  9.5704413427E-01
           Stress_EigVec2 =  7.5573272904E-01  6.1041877681E-01 -2.3718549529E-01
           Stress_EigVec3 = -5.8734823975E-01  7.9196747369E-01  1.6676200369E-01
           -DivStress = -3.5974238217E+02 -4.9518345194E+02  9.4979305884E+01
           ESP =  -1.4740929554E+01     ESP at Nucleus =  -1.4740929556E+01
           ESPe = -2.5560098423E+01     ESPe at Nucleus = -2.5560097318E+01
           ESPn =  1.0819168869E+01     ESPn at Nucleus =  1.0819167762E+01

CP# 10     Coords =  5.28325454186024E+00  2.59279916859394E+00 -3.09242734706865E+00
           Type = (3,-3) NACP H10
           Rho =  4.2669865065E-01     Rho at Nucleus =  4.2300828039E-01
           GradRho = -1.3412665076E-15 -7.6327832943E-17  1.4333152720E-15
           HessRho_EigVals = -6.5147783735E+00 -6.5091458984E+00 -5.9117199430E+00
           HessRho_EigVec1 =  1.9428801792E-01 -8.1240564191E-01 -5.4977198827E-01
           HessRho_EigVec2 =  9.4068204891E-01 -4.6174851913E-03  3.3925795743E-01
           HessRho_EigVec3 = -2.7815364269E-01 -5.8307439647E-01  7.6331828174E-01
           DelSqRho = -1.8935644215E+01
           Bond Ellipticity = NA
           V = -4.7428544258E+00
           G =  4.4716860141E-03
           K =  4.7383827397E+00
           L =  4.7339110537E+00
           Vnuc =  3.9997948236E+01
           Ven = -1.7067070541E+01
           Vrep =  1.2324216115E+01
           DelSqV =  7.1331398321E+02
           DelSqVen =  7.5738691713E+02
           DelSqVrep = -4.4072933923E+01
           DelSqG =  7.0368020350E+01
           DelSqK = -7.8368200356E+02
           Stress_EigVals = -1.6318870842E+00 -1.6313630231E+00 -1.4796043185E+00
           Stress_EigVec1 = -2.0020073816E-01  8.1310840965E-01  5.4660257830E-01
           Stress_EigVec2 =  9.3937488365E-01  7.8521083226E-04  3.4289096141E-01
           Stress_EigVec3 = -2.7837832605E-01 -5.8211175697E-01  7.6397081749E-01
           -DivStress =  2.2044735026E+00  4.6106684266E+00 -6.0502914597E+00
           ESP =  -1.1078345536E+00     ESP at Nucleus =  -1.1103546270E+00
           ESPe = -1.2430960762E+01     ESPe at Nucleus = -1.2343599502E+01
           ESPn =  1.1323126208E+01     ESPn at Nucleus =  1.1233244875E+01

CP# 11     Coords =  3.70170277699968E+00  4.12587096692997E+00  1.34788574440304E+00
           Type = (3,-3) NACP H11
           Rho =  4.2515620646E-01     Rho at Nucleus =  4.2144863107E-01
           GradRho =  2.9376712174E-10 -2.7744448557E-09 -8.8068728005E-10
           HessRho_EigVals = -6.4812331904E+00 -6.4750379308E+00 -5.8785925290E+00
           HessRho_EigVec1 = -3.2606388980E-01 -3.1712555212E-01  8.9056932575E-01
           HessRho_EigVec2 =  9.4000435564E-01 -8.7424168323E-03  3.4105040908E-01
           HessRho_EigVec3 = -1.0037007101E-01  9.4834326820E-01  3.0094998671E-01
           DelSqRho = -1.8834863650E+01
           Bond Ellipticity = NA
           V = -4.7180749768E+00
           G =  4.6795321413E-03
           K =  4.7133954447E+00
           L =  4.7087159126E+00
           Vnuc =  4.0220976796E+01
           Ven = -1.7100197915E+01
           Vrep =  1.2382122938E+01
           DelSqV =  7.0929080038E+02
           DelSqVen =  7.5755661858E+02
           DelSqVrep = -4.8265818202E+01
           DelSqG =  6.9878013439E+01
           DelSqK = -7.7916881382E+02
           Stress_EigVals = -1.6235994308E+00 -1.6232157996E+00 -1.4712597464E+00
           Stress_EigVec1 = -3.1046731534E-01 -3.1877273221E-01  8.9554117231E-01
           Stress_EigVec2 =  9.4522441719E-01 -3.6254416737E-03  3.2640106820E-01
           Stress_EigVec3 = -1.0080102802E-01  9.4782424604E-01  3.0243735116E-01
           -DivStress = -7.9617688089E-01  7.5074675607E+00  2.3868541224E+00
           ESP =  -1.1063167000E+00     ESP at Nucleus =  -1.1088466307E+00
           ESPe = -1.2795537445E+01     ESPe at Nucleus = -1.2708922514E+01
           ESPn =  1.1689220745E+01     ESPn at Nucleus =  1.1600075884E+01

CP# 12     Coords = -1.97342315891666E+00  2.59699044016949E+00 -1.08530895265200E+00
           Type = (3,-3) NACP H12
           Rho =  4.2369887517E-01     Rho at Nucleus =  4.2000977228E-01
           GradRho = -2.9707139526E-16 -1.4909948276E-15  7.7883663060E-16
           HessRho_EigVals = -6.4723526844E+00 -6.4668016085E+00 -5.8708645710E+00
           HessRho_EigVec1 = -6.4226326948E-01  7.4498581665E-01  1.8026099317E-01
           HessRho_EigVec2 = -2.7718245533E-01 -6.4835762692E-03 -9.6079542552E-01
           HessRho_EigVec3 =  7.1461022882E-01  6.6704879598E-01 -2.1066116074E-01
           DelSqRho = -1.8810018864E+01
           Bond Ellipticity = NA
           V = -4.7114362948E+00
           G =  4.4657893799E-03
           K =  4.7069705054E+00
           L =  4.7025047160E+00
           Vnuc =  4.1218099046E+01
           Ven = -1.7464062202E+01
           Vrep =  1.2752625908E+01
           DelSqV =  7.0859951537E+02
           DelSqVen =  7.7531322059E+02
           DelSqVrep = -6.6713705225E+01
           DelSqG =  6.9929287010E+01
           DelSqK = -7.7852880238E+02
           Stress_EigVals = -1.6211447653E+00 -1.6206394864E+00 -1.4696520430E+00
           Stress_EigVec1 = -6.4223083131E-01  7.4360087007E-01  1.8600350894E-01
           Stress_EigVec2 =  2.8079678991E-01  2.4433257202E-03  9.5976413401E-01
           Stress_EigVec3 =  7.1322697796E-01  6.6861930587E-01 -2.1036991640E-01
           -DivStress =  5.6374394561E+00  5.2711241970E+00 -1.6613465609E+00
           ESP =  -1.1104055433E+00     ESP at Nucleus =  -1.1129288230E+00
           ESPe = -1.3745383419E+01     ESPe at Nucleus = -1.3677031011E+01
           ESPn =  1.2634977876E+01     ESPn at Nucleus =  1.2564102188E+01

CP# 13     Coords = -2.06182587331217E+00 -2.70309797244691E+00 -1.04652487279124E+00
           Type = (3,-3) NACP H13
           Rho =  4.2386389557E-01     Rho at Nucleus =  4.2018214884E-01
           GradRho = -1.5996318853E-15 -1.1726730698E-15 -9.9150288674E-17
           HessRho_EigVals = -6.4754289056E+00 -6.4698663107E+00 -5.8745189786E+00
           HessRho_EigVec1 = -6.6656710384E-01 -7.2045313502E-01  1.9140422230E-01
           HessRho_EigVec2 =  2.7755499835E-01 -1.5620335870E-03  9.6070847969E-01
           HessRho_EigVec3 = -6.9184645621E-01  6.9350186754E-01  2.0100656891E-01
           DelSqRho = -1.8819814195E+01
           Bond Ellipticity = NA
           V = -4.7138847332E+00
           G =  4.4655922215E-03
           K =  4.7094191410E+00
           L =  4.7049535487E+00
           Vnuc =  4.1186070556E+01
           Ven = -1.7457288309E+01
           Vrep =  1.2743403576E+01
           DelSqV =  7.0901153193E+02
           DelSqVen =  7.7511419529E+02
           DelSqVrep = -6.6102663359E+01
           DelSqG =  6.9974435579E+01
           DelSqK = -7.7898596751E+02
           Stress_EigVals = -1.6219148887E+00 -1.6214106723E+00 -1.4705591722E+00
           Stress_EigVec1 = -6.6630457421E-01 -7.1899002406E-01  1.9771585591E-01
           Stress_EigVec2 =  2.8170356352E-01  2.7920853003E-03  9.5949742395E-01
           Stress_EigVec3 = -6.9042111547E-01  6.9501478370E-01  2.0068167271E-01
           -DivStress =  5.4532107628E+00 -5.4758114261E+00 -1.5839519719E+00
           ESP =  -1.1102137880E+00     ESP at Nucleus =  -1.1127322206E+00
           ESPe = -1.3676709016E+01     ESPe at Nucleus = -1.3607470386E+01
           ESPn =  1.2566495228E+01     ESPn at Nucleus =  1.2494738165E+01

CP# 14     Coords =  5.29855832326962E+00 -2.45827629570962E+00 -3.19043309109292E+00
           Type = (3,-3) NACP H14
           Rho =  4.2670272787E-01     Rho at Nucleus =  4.2301217562E-01
           GradRho = -1.9638153950E-15  1.4918621893E-15  2.2737887961E-15
           HessRho_EigVals = -6.5148375011E+00 -6.5092036190E+00 -5.9117580811E+00
           HessRho_EigVec1 =  1.8884875641E-01  8.3428809642E-01 -5.1797636952E-01
           HessRho_EigVec2 = -9.4083391243E-01  2.5827709384E-03 -3.3885819824E-01
           HessRho_EigVec3 = -2.8136754685E-01  5.5132268362E-01  7.8541428692E-01
           DelSqRho = -1.8935799201E+01
           Bond Ellipticity = NA
           V = -4.7428931129E+00
           G =  4.4716562901E-03
           K =  4.7384214566E+00
           L =  4.7339498003E+00
           Vnuc =  3.9994388014E+01
           Ven = -1.7065714465E+01
           Vrep =  1.2322821352E+01
           DelSqV =  7.1331909278E+02
           DelSqVen =  7.5732570061E+02
           DelSqVrep = -4.4006607830E+01
           DelSqG =  7.0368481456E+01
           DelSqK = -7.8368757423E+02
           Stress_EigVals = -1.6319012183E+00 -1.6313785546E+00 -1.4796133400E+00
           Stress_EigVec1 =  1.9452038779E-01  8.3490675641E-01 -5.1487136922E-01
           Stress_EigVec2 = -9.3961124074E-01  7.9161282832E-03 -3.4215208781E-01
           Stress_EigVec3 = -2.8158930202E-01  5.5033448286E-01  7.8602762163E-01
           -DivStress =  2.2299553970E+00 -4.3592100334E+00 -6.2251325032E+00
           ESP =  -1.1079093169E+00     ESP at Nucleus =  -1.1104295081E+00
           ESPe = -1.2428073924E+01     ESPe at Nucleus = -1.2340704842E+01
           ESPn =  1.1320164607E+01     ESPn at Nucleus =  1.1230275334E+01

CP# 15     Coords =  3.72754062001135E+00 -4.17206153174793E+00  1.18691046678065E+00
           Type = (3,-3) NACP H15
           Rho =  4.2516258444E-01     Rho at Nucleus =  4.2145569190E-01
           GradRho =  4.1239311445E-10  4.1904470667E-09 -1.1522514644E-09
           HessRho_EigVals = -6.4813966249E+00 -6.4751943091E+00 -5.8788179932E+00
           HessRho_EigVec1 = -3.2806415741E-01  2.8026682630E-01  9.0212217282E-01
           HessRho_EigVec2 =  9.3992370271E-01  1.3815340395E-03  3.4138178694E-01
           HessRho_EigVec3 =  9.4431677491E-02  9.5992114126E-01 -2.6388266492E-01
           DelSqRho = -1.8835408927E+01
           Bond Ellipticity = NA
           V = -4.7182141495E+00
           G =  4.6809588508E-03
           K =  4.7135331907E+00
           L =  4.7088522318E+00
           Vnuc =  4.0219934214E+01
           Ven = -1.7100011177E+01
           Vrep =  1.2381797027E+01
           DelSqV =  7.0931555436E+02
           DelSqVen =  7.5755891504E+02
           DelSqVrep = -4.8243360677E+01
           DelSqG =  6.9881002794E+01
           DelSqK = -7.7919655716E+02
           Stress_EigVals = -1.6236399942E+00 -1.6232580142E+00 -1.4713161411E+00
           Stress_EigVec1 = -3.1183787267E-01  2.8181425665E-01  9.0737967021E-01
           Stress_EigVec2 =  9.4538762241E-01 -3.3205470150E-03  3.2593130772E-01
           Stress_EigVec3 =  9.4865086062E-02  9.5946323469E-01 -2.6538823774E-01
           -DivStress = -7.4905740975E-01 -7.5987427945E+00  2.0931409285E+00
           ESP =  -1.1063553529E+00     ESP at Nucleus =  -1.1088847723E+00
           ESPe = -1.2791443063E+01     ESPe at Nucleus = -1.2704829961E+01
           ESPn =  1.1685087710E+01     ESPn at Nucleus =  1.1595945189E+01

CP# 16     Coords =  4.38691512377469E+00 -7.54499242222337E-02  4.08318265064106E+00
           Type = (3,-3) NACP H16
           Rho =  4.1666447901E-01     Rho at Nucleus =  4.1336470841E-01
           GradRho =  9.8532293435E-16  6.9822619908E-17 -4.5796699766E-16
           HessRho_EigVals = -6.3578545357E+00 -6.3565336781E+00 -5.8064850785E+00
