AIMSum (Version 19.02.13, Professional)
Copyright (c) 1997-2019 by Todd A. Keith
AIMSum is a component of the AIMAll package ( http://aim.tkgristmill.com )

TP:  64-bit Linux

Much of the Quantum Theory of Atoms in Molecules (QTAIM) is described in the book:
  "Atoms in Molecules - A Quantum Theory"
  R.F.W. Bader, Oxford University Press, Oxford, 1990

For additional references see:  http://aim.tkgristmill.com/references.html

Wfn File:  /home/mhennefarth/Documents/ML_Diels/summary-liu2013/1cx-opt/1cx-opt.wfn
Sum File:  /home/mhennefarth/Documents/ML_Diels/summary-liu2013/1cx-opt/1cx-opt.sum

SumViz File:  /home/mhennefarth/Documents/ML_Diels/summary-liu2013/1cx-opt/1cx-opt.sumviz

Wfn Title:   Title Card Required                                                           
 
Total memory allocated for AIMSum =        1.215 Megabytes

Atomic units (a.u.) used throughout, except where stated otherwise

Model:  Restricted SCF
 
Restricted, closed-shell, single-determinant wavefunction.
  Number of electrons (from MO Occs)                   =          74.0000000000
  Number of Alpha electrons (from MO Occs)             =          37.0000000000
  Number of Beta electrons (from MO Occs)              =          37.0000000000
  Number of electron pairs (N*(N-1)/2)                 =        2701.0000000000
  Number of electron pairs (from Muller 2EDM)          =        2701.0000000000
 
Nuclear Charges and Cartesian Coordinates:
-------------------------------------------------------------------------------
Atom      Charge                X                  Y                  Z
-------------------------------------------------------------------------------
C1         6.0           5.6267433500E+00   1.3862705900E+00  -1.4903043900E+00
C2         6.0           4.6912838300E+00   2.2316601300E+00   7.2675995000E-01
C3         6.0          -2.6721006700E+00   1.2649648400E+00  -7.5597686000E-01
C4         6.0          -2.6694917500E+00  -1.2606501700E+00  -7.5692697000E-01
C5         6.0           5.6257077900E+00  -1.3912540400E+00  -1.4866366100E+00
C6         6.0           4.6894726600E+00  -2.2300860400E+00   7.3259713000E-01
C7         6.0           3.9855499100E+00   3.1923000000E-03   2.3518668200E+00
C8         6.0          -5.2675675100E+00   2.3365667400E+00  -2.2118657000E-01
C9         6.0          -5.2627591400E+00  -2.3379741200E+00  -2.2293329000E-01
C10        6.0          -6.7722993000E+00  -2.6002600000E-03   7.1514306000E-01
H11        1.0           6.2895300900E+00   2.5411260100E+00  -3.0503522000E+00
H12        1.0           4.4568434300E+00   4.1847717000E+00   1.2993272100E+00
H13        1.0          -1.0382689000E+00   2.4385824400E+00  -1.1692472700E+00
H14        1.0          -1.0332223500E+00  -2.4305986500E+00  -1.1709637500E+00
H15        1.0           6.2876592600E+00  -2.5507258700E+00  -3.0436134900E+00
H16        1.0           4.4534880200E+00  -4.1815034800E+00   1.3102833900E+00
H17        1.0           4.9882461200E+00   5.1509600000E-03   4.1742353800E+00
H18        1.0           1.9548622900E+00   4.6327200000E-03   2.8040645100E+00
H19        1.0          -6.0921171900E+00   3.1455076200E+00  -1.9519093200E+00
H20        1.0          -5.2426283300E+00   3.8698402900E+00   1.1757124500E+00
H21        1.0          -6.0856380200E+00  -3.1472908300E+00  -1.9542770500E+00
H22        1.0          -5.2346816100E+00  -3.8722495600E+00   1.1728021600E+00
H23        1.0          -6.8159335600E+00  -3.4200300000E-03   2.7858278500E+00
H24        1.0          -8.7353742700E+00  -4.3631300000E-03   6.3696570000E-02
 
Some Atomic Properties:
----------------------
  q(A) = Net Charge of Atom A
  L(A) = Lagrangian of Atom A = -(1/4) Times Atomic Integral of the Laplacian of the Electron Density
  K(A) = Electronic Kinetic Energy of Atom A (Hamiltonian Form)
  K_Scaled(A) = K(A) * E(Mol)/K(Mol) = Approximation to Virial-Based Total Energy of Atom A.
  |Mu_Intra(A)| = Magnitude of Intraatomic Dipole Moment of Atom A
--------------------------------------------------------------------------------------------------
Atom A          q(A)              L(A)              K(A)          K_Scaled(A)      |Mu_Intra(A)|
--------------------------------------------------------------------------------------------------
C1       -5.6317075000E-02 -4.9965521208E-05  3.7726292971E+01 -3.8108831923E+01  1.5384973954E-01
C2       -7.5471894700E-02 -1.8377798544E-04  3.7731058759E+01 -3.8113646035E+01  1.7061688326E-01
C3       -7.5849116100E-02  9.4493811352E-05  3.7740600158E+01 -3.8123284182E+01  1.4300728321E-01
C4       -7.5947819500E-02 -5.9503349051E-06  3.7740584930E+01 -3.8123268800E+01  1.4326167096E-01
C5       -5.6203387600E-02  9.8853343229E-05  3.7726327836E+01 -3.8108867141E+01  1.5362300091E-01
C6       -7.5323378500E-02  3.5815179861E-05  3.7731100686E+01 -3.8113688388E+01  1.7060938937E-01
C7       -1.3624707100E-02  7.1605028164E-05  3.7706261634E+01 -3.8088597471E+01  1.5672622058E-01
C8        1.3365017600E-02  2.4084163709E-04  3.7670154764E+01 -3.8052124483E+01  9.9534682747E-02
C9        1.3171987600E-02 -1.4127512960E-05  3.7670113208E+01 -3.8052082506E+01  9.9299597316E-02
C10       1.3324667600E-02 -6.3919920881E-05  3.7662515670E+01 -3.8044407929E+01  8.9482572644E-02
H11       4.3434481170E-02  2.0446234887E-05  5.9359480708E-01 -5.9961376938E-01  1.5015048736E-01
H12       4.7124210100E-02  2.1233200859E-05  5.9153151254E-01 -5.9752955334E-01  1.5047268074E-01
H13       4.6491548510E-02  2.9862541810E-05  5.9213544050E-01 -5.9813960505E-01  1.4757388829E-01
H14       4.6572949020E-02  2.5017542199E-05  5.9210204850E-01 -5.9810587446E-01  1.4754034739E-01
H15       4.3439238530E-02  2.2597804540E-05  5.9359341415E-01 -5.9961236233E-01  1.5015207073E-01
H16       4.7127911840E-02  1.9166255679E-05  5.9152975763E-01 -5.9752778064E-01  1.5046398359E-01
H17       4.0766498350E-02  2.5248684743E-05  5.9082318467E-01 -5.9681404314E-01  1.5228458650E-01
H18       5.5055732640E-02  2.8544385370E-05  5.8501419546E-01 -5.9094615165E-01  1.4827446165E-01
H19       4.4935676700E-03  2.5495099307E-05  6.1241000410E-01 -6.1861974968E-01  1.5819399706E-01
H20       3.8733019100E-03  2.4201712840E-05  6.1354073041E-01 -6.1976194139E-01  1.5662161796E-01
H21       4.4993404000E-03  2.7540822634E-05  6.1240817571E-01 -6.1861790275E-01  1.5819451602E-01
H22       3.8766744700E-03  2.3595859487E-05  6.1353903352E-01 -6.1976022728E-01  1.5661708717E-01
H23      -1.2541000000E-05  2.6652459864E-05  6.1895237119E-01 -6.2522845539E-01  1.5592309805E-01
H24       2.4240591700E-03  1.9663751484E-05  6.1487832298E-01 -6.2111309695E-01  1.5647931069E-01
--------------------------------------------------------------------------------------------------
Total     2.9126708000E-04  5.6313408000E-04  3.8552106361E+02 -3.8943018937E+02
 
1st Largest |L(A)| = 2.4084163709E-04, atom C8      
2nd Largest |L(A)| = 1.8377798544E-04, atom C2      
 
Molecular charge q(Mol) from the wfn file:   0.0000000000E+00
Molecular energy E(Mol) from the wfn file:  -3.8943001142E+02
Molecular virial ratio (-V(Mol)/T(Mol)) from the wfn file:   2.0101398500E+00
Note.  K_Scaled(A) = (1+V(Mol)/T(Mol))*K(A) = (E(Mol)/T(Mol))*K(A)
       Only use K_Scaled(A) data with caution.
 
N_AIMInt(SumA)     =         73.999709
N_Analytic(Mol)    =         73.999987
 
G_AIMInt(SumA)     =        385.520500
G_Analytic(Mol)    =        385.520858
 
K_AIMInt(SumA)     =        385.521064
K_Analytic(Mol)    =        385.520858
 
L_AIMInt(SumA)     =          0.000563
L_Analytic(Mol)    =          0.000000
 
VenT_AIMInt(SumA)  =      -1836.032773
VenT_Analytic(Mol) =      -1836.036642
 
Some Information About the Atomic Calculations:
----------------------------------------------
  Time(sec) = "Elapsed User Time", in Seconds, for Atom A by AIMInt and, if used, by TWOe
  NProc = Number of Processors Used for AIMInt Job
  BIM = Basin Integration Method
  OAQ = Angular Quadrature Outside of Beta Sphere
  ORQ = Multiple of Default for Radial Quadrature Outside of Beta Sphere
  IAQ = Multiple of Default for Angular Quadrature Inside of Beta Sphere
  IRQ = Multiple of Default for Radial Quadrature Inside of Beta Sphere
  MIR = Maximum Integration Radius
------------------------------------------------------------------------------------------------------
Atom A     Time(sec)   NProc      BIM          OAQ                     ORQ      IAQ      IRQ      MIR
------------------------------------------------------------------------------------------------------
C1             20        8     Proaim(5)    4500(GS4)                  1.00     1.00     1.00    13.00
C2             25        8     Proaim(5)    4500(GS4)                  1.00     1.00     1.00    13.00
C3             84        8    Promega(1)    4500(GS4)                  1.00     1.00     1.00    13.00
C4             76        8    Promega(1)    4500(GS4)                  1.00     1.00     1.00    13.00
C5             20        8     Proaim(5)    4500(GS4)                  1.00     1.00     1.00    13.00
C6             26        8     Proaim(5)    4500(GS4)                  1.00     1.00     1.00    13.00
C7             27        8     Proaim(5)    4500(GS4)                  1.00     1.00     1.00    13.00
C8             24        8     Proaim(5)    4500(GS4)                  1.00     1.00     1.00    13.00
C9             24        8     Proaim(5)    4500(GS4)                  1.00     1.00     1.00    13.00
C10            22        8     Proaim(5)    4500(GS4)                  1.00     1.00     1.00    13.00
H11             5        8     Proaim(5)    1800(GS4)                  1.00     1.00     1.00    13.00
H12             6        8     Proaim(5)    1800(GS4)                  1.00     1.00     1.00    13.00
H13            14        8     Proaim(5)    4500(GS4)                  1.00     1.00     1.00    13.00
H14            13        8     Proaim(5)    4500(GS4)                  1.00     1.00     1.00    13.00
H15             6        8     Proaim(5)    1800(GS4)                  1.00     1.00     1.00    13.00
H16             6        8     Proaim(5)    1800(GS4)                  1.00     1.00     1.00    13.00
H17             5        8     Proaim(5)    1800(GS4)                  1.00     1.00     1.00    13.00
H18            14        8     Proaim(5)    4500(GS4)                  1.00     1.00     1.00    13.00
H19             6        8     Proaim(5)    1800(GS4)                  1.00     1.00     1.00    13.00
H20             6        8     Proaim(5)    1800(GS4)                  1.00     1.00     1.00    13.00
H21             5        8     Proaim(5)    1800(GS4)                  1.00     1.00     1.00    13.00
H22             5        8     Proaim(5)    1800(GS4)                  1.00     1.00     1.00    13.00
H23             6        8     Proaim(5)    1800(GS4)                  1.00     1.00     1.00    13.00
H24             6        8     Proaim(5)    1800(GS4)                  1.00     1.00     1.00    13.00
------------------------------------------------------------------------------------------------------
Total         451
Note:  Total wall clock time is less than total of atomic times if more than one atom
       was calculated at a time
 
Electron Density Critical Point Analysis of Molecular Structure:               
---------------------------------------------------------------                
  NACP = Nuclear Attractor Critical Point                                      
  NNACP = Non-Nuclear Attractor Critical Point                                 
  BCP = Bond Critical Point                                                    
  RCP = Ring Critical Point                                                    
  CCP = Cage Critical Point                                                    
  Rho = Electron Density                                                       
  GradRho = Gradient of Electron Density                                       
  HessRho_EigVals = Eigenvalues of the Hessian of Rho, Ascending Order         
  HessRho_EigVecs = Eigenvectors of the Hessian of Rho                         
  DelSqRho = Laplacian of Rho = Trace of Hessian of Rho                        
  Bond Ellipticity = (HessRho_EigVal(1) / HessRho_EigVal(2)) - 1               
  V = Virial Field = Potential Energy Density = Trace of Stress Tensor         
  G = Lagrangian Form of Kinetic Energy Density                                
  K = Hamiltonian Form of Kinetic Energy Density                               
  L = K - G = Lagrangian Density = (-1/4)DelSqRho                              
  Vnuc = Electrostatic Potential from Nuclei                                   
  Ven = Electron-nuclear attractive contribution to Virial Field V             
  Vrep = V - Ven = Repulsive contribution to Virial Field V                    
  DelSqV = Laplacian of V                                                      
  DelSqVen = Laplacian of Ven                                                  
  DelSqVrep = Laplacian of Vrep                                                
  DelSqG = Laplacian of G                                                      
  DelSqK = Laplacian of K                                                      
  Stress_EigVals = Eigenvalues of Stress Tensor, Ascending Order               
  Stress_EigVecs = Eigenvectors of Stress Tensor                               
  -DivStress = Ehrenfest Force Density = Minus Divergence of Stress Tensor     
  ESP = Total Electrostatic Potential                                          
  ESPe = Electrostatic Potential from Electrons                                
  ESPn = Electrostatic Potential from Nuclei                                   
  BP = Bond Path                                                               
  BPL = Bond Path Length                                                       
  GBL = Geometric Bond Length                                                  
  GBL_I = Distance Between Nuclear Attractors                                  
  GBL_II = Distance Between Nuclei                                             
  GBL_III = Sum of Distances Between BCP and Nuclear Attractors                
  GBL_IV = Sum of Distances Between BCP and Nuclei                             

CP# 1      Coords =  5.62674376168518E+00  1.38626977626561E+00 -1.49030547201922E+00
           Type = (3,-3) NACP C1
           Rho =  1.1767618711E+02     Rho at Nucleus =  1.1767618696E+02
           GradRho =  1.7012648061E-10 -3.6743013239E-10 -5.0158709890E-10
           HessRho_EigVals = -1.4499853656E+05 -1.4499769799E+05 -1.4499739269E+05
           HessRho_EigVec1 =  9.2205173626E-01 -4.9377146059E-04  3.8706634037E-01
           HessRho_EigVec2 =  4.6316996641E-02  9.9295468528E-01 -1.0906754239E-01
           HessRho_EigVec3 = -3.8428548174E-01  1.1849366722E-01  9.1557846160E-01
           DelSqRho = -4.3499362724E+05
           Bond Ellipticity = NA
           V = -1.0875865046E+05
           G =  5.1218275536E+00
           K =  1.0875352864E+05
           L =  1.0874840681E+05
           Vnuc =  4.2400950635E+06
           Ven = -4.9895822005E+08
           Vrep =  4.9884946140E+08
           DelSqV =  2.4951448567E+09
           DelSqVen =  1.8444142838E+12
           DelSqVrep = -1.8419191389E+12
           DelSqG =  1.3402083235E+08
           DelSqK = -2.6291656891E+09
           Stress_EigVals = -3.6253150175E+04 -3.6252979807E+04 -3.6252520483E+04
           Stress_EigVec1 = -3.8776273710E-01 -6.1457643985E-02  9.1970811550E-01
           Stress_EigVec2 = -2.3004415002E-02  9.9810924575E-01  5.6997635308E-02
           Stress_EigVec3 =  9.2147211385E-01 -9.4421190579E-04  3.8844337020E-01
           -DivStress = -3.3252805087E+02  6.6486724914E+02  8.7347726700E+02
           ESP =  -1.4748584539E+01     ESP at Nucleus =  -1.4748584556E+01
           ESPe = -2.7166721234E+01     ESPe at Nucleus = -2.7166722223E+01
           ESPn =  1.2418136696E+01     ESPn at Nucleus =  1.2418137667E+01

CP# 2      Coords =  4.69128311153649E+00  2.23165996827712E+00  7.26761284807513E-01
           Type = (3,-3) NACP C2
           Rho =  1.1767434630E+02     Rho at Nucleus =  1.1767434613E+02
           GradRho = -3.4189569058E-10 -9.1515546389E-11  6.9178569210E-10
           HessRho_EigVals = -1.4499951567E+05 -1.4499892436E+05 -1.4499854728E+05
           HessRho_EigVec1 =  9.2396864460E-01  7.8674294566E-03  3.8238730020E-01
           HessRho_EigVec2 =  1.7443095411E-01  8.8108930514E-01 -4.3960832410E-01
           HessRho_EigVec3 = -3.4037594810E-01  4.7288448899E-01  8.1272656781E-01
           DelSqRho = -4.3499698731E+05
           Bond Ellipticity = NA
           V = -1.0875948915E+05
           G =  5.1211629802E+00
           K =  1.0875436799E+05
           L =  1.0874924683E+05
           Vnuc =  3.9357674718E+06
           Ven = -4.6313886442E+08
           Vrep =  4.6303010494E+08
           DelSqV =  2.4951676400E+09
           DelSqVen =  1.7120470630E+12
           DelSqVrep = -1.7095518954E+12
           DelSqG =  1.3402522226E+08
           DelSqK = -2.6291928622E+09
           Stress_EigVals = -3.6253429268E+04 -3.6253222446E+04 -3.6252837440E+04
           Stress_EigVec1 = -2.9225098594E-01  6.5514830570E-01  6.9668504990E-01
           Stress_EigVec2 =  2.5369610340E-01  7.5550026513E-01 -6.0403446632E-01
           Stress_EigVec3 =  9.2207789711E-01 -2.1661413120E-04  3.8700426967E-01
           -DivStress =  5.8367356590E+02  1.3711981722E+02 -1.0841494865E+03
           ESP =  -1.4749654168E+01     ESP at Nucleus =  -1.4749654185E+01
           ESPe = -2.7453073028E+01     ESPe at Nucleus = -2.7453073355E+01
           ESPn =  1.2703418860E+01     ESPn at Nucleus =  1.2703419170E+01

CP# 3      Coords = -2.67210123680618E+00  1.26496641683178E+00 -7.55976779813624E-01
           Type = (3,-3) NACP C3
           Rho =  1.1770693511E+02     Rho at Nucleus =  1.1770693491E+02
           GradRho = -3.3727131418E-10  9.9013919936E-10  4.9842879823E-11
           HessRho_EigVals = -1.4504307136E+05 -1.4504228120E+05 -1.4504190558E+05
           HessRho_EigVec1 =  2.7665854645E-01 -3.7041467847E-02  9.6025412175E-01
           HessRho_EigVec2 =  9.3483996709E-01 -2.2105660104E-01 -2.7786366275E-01
           HessRho_EigVec3 =  2.2256299022E-01  9.7455728862E-01 -2.6529353345E-02
           DelSqRho = -4.3512725814E+05
           Bond Ellipticity = NA
           V = -1.0879200715E+05
           G =  5.0963079304E+00
           K =  1.0878691084E+05
           L =  1.0878181453E+05
           Vnuc =  3.5767065757E+06
           Ven = -4.2100316882E+08
           Vrep =  4.2089437681E+08
           DelSqV =  2.4959144754E+09
           DelSqVen =  1.5563223532E+12
           DelSqVrep = -1.5538264387E+12
           DelSqG =  1.3406856688E+08
           DelSqK = -2.6299830423E+09
           Stress_EigVals = -3.6264284551E+04 -3.6264076886E+04 -3.6263645714E+04
           Stress_EigVec1 =  3.4196140254E-01  9.3657822247E-01 -7.6704839244E-02
           Stress_EigVec2 =  9.0634072894E-01 -3.5027651909E-01 -2.3633206137E-01
           Stress_EigVec3 =  2.4821136603E-01 -1.1295723256E-02  9.6864003861E-01
           -DivStress =  4.6608575169E+02 -1.2798793271E+03 -6.4531247071E+01
           ESP =  -1.4757446736E+01     ESP at Nucleus =  -1.4757446759E+01
           ESPe = -2.8240842977E+01     ESPe at Nucleus = -2.8240844207E+01
           ESPn =  1.3483396241E+01     ESPn at Nucleus =  1.3483397448E+01

CP# 4      Coords = -2.66949231455377E+00 -1.26065174707495E+00 -7.56926890616515E-01
           Type = (3,-3) NACP C4
           Rho =  1.1770695844E+02     Rho at Nucleus =  1.1770695824E+02
           GradRho = -3.6768671788E-10 -1.0121033889E-09  5.6828456437E-11
           HessRho_EigVals = -1.4504310312E+05 -1.4504231253E+05 -1.4504193688E+05
           HessRho_EigVec1 =  2.7652855251E-01  3.6918513128E-02  9.6029629961E-01
           HessRho_EigVec2 =  9.3427387925E-01  2.2371986679E-01 -2.7763598425E-01
           HessRho_EigVec3 = -2.2508726795E-01  9.7395402591E-01  2.7372928453E-02
           DelSqRho = -4.3512735253E+05
           Bond Ellipticity = NA
           V = -1.0879203074E+05
           G =  5.0963041539E+00
           K =  1.0878693444E+05
           L =  1.0878183813E+05
           Vnuc =  3.5779206599E+06
           Ven = -4.2114615843E+08
           Vrep =  4.2103736639E+08
           DelSqV =  2.4959150259E+09
           DelSqVen =  1.5568511304E+12
           DelSqVrep = -1.5543552153E+12
           DelSqG =  1.3406859863E+08
           DelSqK = -2.6299836245E+09
           Stress_EigVals = -3.6264292472E+04 -3.6264084765E+04 -3.6263653503E+04
           Stress_EigVec1 = -3.4414170112E-01  9.3571899145E-01  7.7436803900E-02
           Stress_EigVec2 =  9.0552987728E-01  3.5257146090E-01 -2.3602755415E-01
           Stress_EigVec3 =  2.4815747200E-01  1.1105584463E-02  9.6865604581E-01
           -DivStress =  4.6425877244E+02  1.2800877606E+03 -6.3880365006E+01
           ESP =  -1.4757452904E+01     ESP at Nucleus =  -1.4757452927E+01
           ESPe = -2.8242347199E+01     ESPe at Nucleus = -2.8242348426E+01
           ESPn =  1.3484894294E+01     ESPn at Nucleus =  1.3484895499E+01

CP# 5      Coords =  5.62570820165796E+00 -1.39125322971680E+00 -1.48663769432913E+00
           Type = (3,-3) NACP C5
           Rho =  1.1767620876E+02     Rho at Nucleus =  1.1767620861E+02
           GradRho =  1.4943451988E-10  3.5946728229E-10 -5.0654403220E-10
           HessRho_EigVals = -1.4499856568E+05 -1.4499772700E+05 -1.4499742177E+05
           HessRho_EigVec1 =  9.2204310503E-01  7.8954966238E-04  3.8708641034E-01
           HessRho_EigVec2 = -4.5564248160E-02  9.9326726161E-01  1.0650843305E-01
           HessRho_EigVec3 = -3.8439616511E-01 -1.1584266758E-01  9.1587120526E-01
           DelSqRho = -4.3499371446E+05
           Bond Ellipticity = NA
           V = -1.0875867227E+05
           G =  5.1218268779E+00
           K =  1.0875355044E+05
           L =  1.0874842861E+05
           Vnuc =  4.2407549458E+06
           Ven = -4.9903596429E+08
           Vrep =  4.9892720562E+08
           DelSqV =  2.4951453508E+09
           DelSqVen =  1.8447018230E+12
           DelSqVrep = -1.8422066776E+12
           DelSqG =  1.3402086159E+08
           DelSqK = -2.6291662123E+09
           Stress_EigVals = -3.6253157437E+04 -3.6252987092E+04 -3.6252527740E+04
           Stress_EigVec1 = -3.8774429671E-01  6.4173572034E-02  9.1953037634E-01
           Stress_EigVec2 =  2.3768997413E-02  9.9793795389E-01 -5.9622772009E-02
           Stress_EigVec3 =  9.2146046856E-01  1.2620746639E-03  3.8847009156E-01
           -DivStress = -3.3251147480E+02 -6.6208013827E+02  8.7536386752E+02
           ESP =  -1.4748581011E+01     ESP at Nucleus =  -1.4748581028E+01
           ESPe = -2.7167008867E+01     ESPe at Nucleus = -2.7167009856E+01
           ESPn =  1.2418427856E+01     ESPn at Nucleus =  1.2418428828E+01

CP# 6      Coords =  4.68947194134372E+00 -2.23008587413881E+00  7.32598463936009E-01
           Type = (3,-3) NACP C6
           Rho =  1.1767437991E+02     Rho at Nucleus =  1.1767437974E+02
           GradRho = -3.7170287334E-10  1.0270431020E-10  6.9552730415E-10
           HessRho_EigVals = -1.4499956715E+05 -1.4499897583E+05 -1.4499859879E+05
           HessRho_EigVec1 =  9.2393958241E-01 -7.5891977063E-03  3.8246313827E-01
           HessRho_EigVec2 = -1.7377521763E-01  8.8236262598E-01  4.3730809507E-01
           HessRho_EigVec3 = -3.4078999662E-01 -4.7050887383E-01  8.1393094170E-01
           DelSqRho = -4.3499714177E+05
           Bond Ellipticity = NA
           V = -1.0875952781E+05
           G =  5.1211838390E+00
           K =  1.0875440663E+05
           L =  1.0874928544E+05
           Vnuc =  3.9363545275E+06
           Ven = -4.6320807814E+08
           Vrep =  4.6309931861E+08
           DelSqV =  2.4951685357E+09
           DelSqVen =  1.7123030139E+12
           DelSqVrep = -1.7098078126E+12
           DelSqG =  1.3402527945E+08
           DelSqK = -2.6291938152E+09
           Stress_EigVals = -3.6253442148E+04 -3.6253235336E+04 -3.6252850326E+04
           Stress_EigVec1 = -2.9279471405E-01 -6.5310445588E-01  6.9837370021E-01
           Stress_EigVec2 = -2.5312843619E-01  7.5726766757E-01  6.0205620539E-01
           Stress_EigVec3 =  9.2206141347E-01  4.9936810563E-04  3.8704327977E-01
           -DivStress =  5.8383274676E+02 -1.4048010160E+02 -1.0834247667E+03
           ESP =  -1.4749652232E+01     ESP at Nucleus =  -1.4749652250E+01
           ESPe = -2.7453630228E+01     ESPe at Nucleus = -2.7453630554E+01
           ESPn =  1.2703977996E+01     ESPn at Nucleus =  1.2703978305E+01

CP# 7      Coords =  3.98555011148828E+00  3.19229986677607E-03  2.35186682118507E+00
           Type = (3,-3) NACP C7
           Rho =  1.1754104568E+02     Rho at Nucleus =  1.1754104568E+02
           GradRho =  3.2368650885E-11 -3.2044013536E-14  1.7590705067E-11
           HessRho_EigVals = -1.4483780436E+05 -1.4483762614E+05 -1.4483744379E+05
           HessRho_EigVec1 =  4.1794183645E-04  9.9999914048E-01 -1.2427270778E-03
           HessRho_EigVec2 =  8.3262559517E-01  3.4027842648E-04  5.5383616935E-01
           HessRho_EigVec3 = -5.5383611619E-01  1.2661976785E-03  8.3262473729E-01
           DelSqRho = -4.3451287430E+05
           Bond Ellipticity = NA
           V = -1.0863867679E+05
           G =  5.2291072511E+00
           K =  1.0863344768E+05
           L =  1.0862821857E+05
           Vnuc =  2.9777898200E+07
           Ven = -3.5001252926E+09
           Vrep =  3.5000166539E+09
           DelSqV =  2.4924098412E+09
           DelSqVen =  1.2938958078E+13
           DelSqVrep = -1.2936448891E+13
           DelSqG =  1.3387880436E+08
           DelSqK = -2.6262886455E+09
           Stress_EigVals = -3.6212958694E+04 -3.6212911210E+04 -3.6212806884E+04
           Stress_EigVec1 = -5.3014477768E-01  1.3052829103E-03  8.4790613333E-01
           Stress_EigVec2 =  8.4790702835E-01  3.0751391584E-04  5.3014486389E-01
           Stress_EigVec3 =  4.3124609549E-04  9.9999910084E-01 -1.2697854501E-03
           -DivStress = -1.6476155970E+02  1.1126128533E-01  8.4515614950E-01
           ESP =  -1.4737889287E+01     ESP at Nucleus =  -1.4737889287E+01
           ESPe = -2.7637199336E+01     ESPe at Nucleus = -2.7637199322E+01
           ESPn =  1.2899310048E+01     ESPn at Nucleus =  1.2899310035E+01

CP# 8      Coords = -5.26756733178724E+00  2.33656637434603E+00 -2.21186604374895E-01
           Type = (3,-3) NACP C8
           Rho =  1.1754160334E+02     Rho at Nucleus =  1.1754160333E+02
           GradRho =  2.1848187755E-11 -1.7496690945E-12 -7.7141591726E-13
           HessRho_EigVals = -1.4483938984E+05 -1.4483910481E+05 -1.4483905266E+05
           HessRho_EigVec1 =  8.6383762237E-01  3.7674134510E-01 -3.3444060917E-01
           HessRho_EigVec2 = -4.8244228325E-01  8.0978883342E-01 -3.3390341209E-01
           HessRho_EigVec3 =  1.4503105015E-01  4.4978662070E-01  8.8128201521E-01
           DelSqRho = -4.3451754731E+05
           Bond Ellipticity = NA
           V = -1.0863972386E+05
           G =  5.1685191744E+00
           K =  1.0863455535E+05
           L =  1.0862938683E+05
           Vnuc =  1.4697939506E+07
           Ven = -1.7276193754E+09
           Vrep =  1.7275107356E+09
           DelSqV =  2.4924358499E+09
           DelSqVen =  6.3865094144E+12
           DelSqVrep = -6.3840169786E+12
           DelSqG =  1.3388102813E+08
           DelSqK = -2.6263168781E+09
           Stress_EigVals = -3.6213302062E+04 -3.6213281406E+04 -3.6213140397E+04
           Stress_EigVec1 =  3.8418594826E-02  6.1005779388E-01  7.9142498046E-01
           Stress_EigVec2 = -4.7797273253E-01  7.0674806787E-01 -5.2158339268E-01
           Stress_EigVec3 =  8.7753408967E-01  3.5824105948E-01 -3.1874325840E-01
           -DivStress = -1.4352657023E+02  2.9796166837E+02  2.6990613591E+01
           ESP =  -1.4745303875E+01     ESP at Nucleus =  -1.4745303875E+01
           ESPe = -2.7046089242E+01     ESPe at Nucleus = -2.7046088651E+01
           ESPn =  1.2300785367E+01     ESPn at Nucleus =  1.2300784776E+01

CP# 9      Coords = -5.26275896267612E+00 -2.33797375383391E+00 -2.22933324131207E-01
           Type = (3,-3) NACP C9
           Rho =  1.1754160175E+02     Rho at Nucleus =  1.1754160174E+02
           GradRho =  1.7205191698E-11  3.6066005651E-11 -3.2909321969E-12
           HessRho_EigVals = -1.4483938696E+05 -1.4483910192E+05 -1.4483904977E+05
           HessRho_EigVec1 =  8.6457697660E-01 -3.7477327207E-01 -3.3474116281E-01
           HessRho_EigVec2 =  4.8082988842E-01  8.1052581335E-01  3.3444061401E-01
           HessRho_EigVec3 =  1.4597695003E-01 -4.5010321087E-01  8.8096414775E-01
           DelSqRho = -4.3451753865E+05
           Bond Ellipticity = NA
           V = -1.0863972170E+05
           G =  5.1685167739E+00
           K =  1.0863455318E+05
           L =  1.0862938466E+05
           Vnuc =  1.4696084862E+07
           Ven = -1.7274013542E+09
           Vrep =  1.7272927145E+09
           DelSqV =  2.4924357958E+09
           DelSqVen =  6.3857041080E+12
           DelSqVrep = -6.3832116722E+12
           DelSqG =  1.3388102462E+08
           DelSqK = -2.6263168204E+09
           Stress_EigVals = -3.6213301343E+04 -3.6213280682E+04 -3.6213139672E+04
           Stress_EigVec1 =  3.9661814915E-02 -6.1056396119E-01  7.9097319154E-01
           Stress_EigVec2 =  4.7655285337E-01  7.0732567598E-01  5.2209938330E-01
           Stress_EigVec3 =  8.7825071499E-01 -3.5623312226E-01 -3.1901981791E-01
           -DivStress = -1.4280294882E+02 -2.9837352569E+02  2.6791513964E+01
           ESP =  -1.4745305432E+01     ESP at Nucleus =  -1.4745305431E+01
           ESPe = -2.7047367972E+01     ESPe at Nucleus = -2.7047367381E+01
           ESPn =  1.2302062540E+01     ESPn at Nucleus =  1.2302061950E+01

CP# 10     Coords = -6.77229878560929E+00 -2.60025927655925E-03  7.15142686266661E-01
           Type = (3,-3) NACP C10
           Rho =  1.1754623240E+02     Rho at Nucleus =  1.1754623237E+02
           GradRho =  8.4382416461E-11  7.9940086209E-14 -3.8704596375E-11
           HessRho_EigVals = -1.4484553073E+05 -1.4484518826E+05 -1.4484499968E+05
           HessRho_EigVec1 = -1.0177846258E-03  9.9999941629E-01  3.6266291736E-04
           HessRho_EigVec2 =  8.0459637596E-01  1.0342633492E-03 -5.9382118697E-01
           HessRho_EigVec3 =  5.9382121544E-01  3.1258480554E-04  8.0459695897E-01
           DelSqRho = -4.3453571867E+05
           Bond Ellipticity = NA
           V = -1.0864422152E+05
           G =  5.1459257950E+00
           K =  1.0863907559E+05
           L =  1.0863392967E+05
           Vnuc =  9.4365532152E+06
           Ven = -1.1092312773E+09
           Vrep =  1.1091226331E+09
           DelSqV =  2.4925393662E+09
           DelSqVen =  4.1005203456E+12
           DelSqVrep = -4.0980278062E+12
           DelSqG =  1.3388692545E+08
           DelSqK = -2.6264262917E+09
           Stress_EigVals = -3.6214833091E+04 -3.6214769844E+04 -3.6214618583E+04
           Stress_EigVec1 =  6.5013643394E-01  3.8122621577E-04  7.5981739381E-01
           Stress_EigVec2 =  7.5981680593E-01  1.0151365393E-03 -6.5013644024E-01
           Stress_EigVec3 = -1.0191674545E-03  9.9999941208E-01  3.7031516403E-04
           -DivStress = -4.1808649972E+02 -5.8854095986E-01  3.0465647828E+02
           ESP =  -1.4746584791E+01     ESP at Nucleus =  -1.4746584792E+01
           ESPe = -2.6740310356E+01     ESPe at Nucleus = -2.6740309446E+01
           ESPn =  1.1993725564E+01     ESPn at Nucleus =  1.1993724654E+01

CP# 11     Coords =  6.27828208183801E+00  2.52140618502228E+00 -3.02387403472260E+00
           Type = (3,-3) NACP H11
           Rho =  4.2668274430E-01     Rho at Nucleus =  4.2299166125E-01
           GradRho = -1.9550469100E-15  5.5201626863E-17  1.1992190823E-15
           HessRho_EigVals = -6.5144823197E+00 -6.5088458045E+00 -5.9113614551E+00
           HessRho_EigVec1 =  2.2065599171E-01 -8.2424569711E-01 -5.2146904426E-01
           HessRho_EigVec2 =  9.2056732079E-01 -6.6538295986E-04  3.9058336519E-01
           HessRho_EigVec3 = -3.2228363473E-01 -5.6623192074E-01  7.5862683232E-01
           DelSqRho = -1.8934689579E+01
           Bond Ellipticity = NA
           V = -4.7426167875E+00
           G =  4.4721963235E-03
           K =  4.7381445912E+00
           L =  4.7336723948E+00
           Vnuc =  4.0543899125E+01
           Ven = -1.7299382143E+01
           Vrep =  1.2556765356E+01
           DelSqV =  7.1327399436E+02
           DelSqVen =  7.6768614426E+02
           DelSqVrep = -5.4412149904E+01
           DelSqG =  7.0363570130E+01
           DelSqK = -7.8363756449E+02
           Stress_EigVals = -1.6318128020E+00 -1.6312897065E+00 -1.4795142791E+00
           Stress_EigVec1 =  2.2660732252E-01 -8.2489990170E-01 -5.1786993885E-01
           Stress_EigVec2 =  9.1903037093E-01  5.0164699517E-03  3.9415480758E-01
           Stress_EigVec3 = -3.2254038304E-01 -5.6525656760E-01  7.5924483146E-01
           -DivStress =  2.5543827272E+00  4.4776040288E+00 -6.0132745934E+00
           ESP =  -1.1078289739E+00     ESP at Nucleus =  -1.1103494420E+00
           ESPe = -1.2980448150E+01     ESPe at Nucleus = -1.2892216464E+01
           ESPn =  1.1872619176E+01     ESPn at Nucleus =  1.1781867022E+01

CP# 12     Coords =  4.46079830908044E+00  4.15130977742896E+00  1.28966483740929E+00
           Type = (3,-3) NACP H12
           Rho =  4.2514641100E-01     Rho at Nucleus =  4.2143807000E-01
           GradRho =  4.1703549014E-10 -3.5326794407E-09 -1.0188483439E-09
           HessRho_EigVals = -6.4810700621E+00 -6.4748888291E+00 -5.8783623407E+00
           HessRho_EigVec1 = -3.7682713444E-01 -2.9739089213E-01  8.7724567142E-01
           HessRho_EigVec2 =  9.1940767406E-01 -4.9049757378E-03  3.9327531081E-01
           HessRho_EigVec3 = -1.1265362680E-01  9.5474321076E-01  2.7527179637E-01
           DelSqRho = -1.8834321232E+01
           Bond Ellipticity = NA
           V = -4.7179324027E+00
           G =  4.6760473664E-03
           K =  4.7132563553E+00
           L =  4.7085803080E+00
           Vnuc =  4.0882040154E+01
           Ven = -1.7380852646E+01
           Vrep =  1.2662920243E+01
           DelSqV =  7.0926612339E+02
           DelSqVen =  7.6998548288E+02
           DelSqVrep = -6.0719359496E+01
           DelSqG =  6.9875510161E+01
           DelSqK = -7.7914163355E+02
           Stress_EigVals = -1.6235591553E+00 -1.6231711997E+00 -1.4712020478E+00
           Stress_EigVec1 = -3.5954412043E-01 -2.9898706719E-01  8.8393142218E-01
           Stress_EigVec2 =  9.2624092299E-01  5.2597550573E-04  3.7693165949E-01
           Stress_EigVec3 = -1.1316261768E-01  9.5425701831E-01  2.7674494568E-01
           -DivStress = -8.9375670925E-01  7.5588925439E+00  2.1837334524E+00
           ESP =  -1.1063772261E+00     ESP at Nucleus =  -1.1089075790E+00
           ESPe = -1.3460072210E+01     ESPe at Nucleus = -1.3373166089E+01
           ESPn =  1.2353694984E+01     ESPn at Nucleus =  1.2264258510E+01

CP# 13     Coords = -1.06627545234867E+00  2.41880736564273E+00 -1.16219027360998E+00
           Type = (3,-3) NACP H13
           Rho =  4.2506590566E-01     Rho at Nucleus =  4.2136632411E-01
           GradRho = -4.9516597420E-15 -2.9140101790E-15  8.8164779568E-16
           HessRho_EigVals = -6.4833986951E+00 -6.4772997611E+00 -5.8816055308E+00
           HessRho_EigVec1 = -5.5941981726E-01  8.2373823755E-01  9.2221386097E-02
           HessRho_EigVec2 =  2.1839923997E-01  3.9155910956E-02  9.7507363138E-01
           HessRho_EigVec3 =  7.9959442221E-01  5.6561659332E-01 -2.0180839756E-01
           DelSqRho = -1.8842303987E+01
           Bond Ellipticity = NA
           V = -4.7197920664E+00
           G =  4.6080348357E-03
           K =  4.7151840316E+00
           L =  4.7105759967E+00
           Vnuc =  4.2560122866E+01
           Ven = -1.8090857171E+01
           Vrep =  1.3371065105E+01
           DelSqV =  7.0962830337E+02
           DelSqVen =  8.0193077277E+02
           DelSqVrep = -9.2302469402E+01
           DelSqG =  6.9948455258E+01
           DelSqK = -7.7957675863E+02
           Stress_EigVals = -1.6240964995E+00 -1.6234815798E+00 -1.4722139871E+00
           Stress_EigVec1 = -5.4163389756E-01  8.2318939809E-01  1.7027018495E-01
           Stress_EigVec2 =  2.6238452407E-01 -2.6876441885E-02  9.6458904120E-01
           Stress_EigVec3 =  7.9861572896E-01  5.6713038337E-01 -2.0143496647E-01
           -DivStress =  6.3286038775E+00  4.4696202831E+00 -1.5947689421E+00
           ESP =  -1.1170810324E+00     ESP at Nucleus =  -1.1195816039E+00
           ESPe = -1.5108360846E+01     ESPe at Nucleus = -1.5037685386E+01
           ESPn =  1.3991279814E+01     ESPn at Nucleus =  1.3918103782E+01

CP# 14     Coords = -1.06127230308528E+00 -2.41088483802826E+00 -1.16389358748111E+00
           Type = (3,-3) NACP H14
           Rho =  4.2505396923E-01     Rho at Nucleus =  4.2135392803E-01
           GradRho = -4.9185915757E-15  4.4937198494E-15  9.3241048021E-16
           HessRho_EigVals = -6.4831800039E+00 -6.4770819185E+00 -5.8813515332E+00
           HessRho_EigVec1 =  5.5772382796E-01  8.2495624121E-01 -9.1604212831E-02
           HessRho_EigVec2 =  2.1842995100E-01 -3.9401206592E-02  9.7505687087E-01
           HessRho_EigVec3 =  8.0076993465E-01 -5.6382155422E-01 -2.0217014311E-01
           DelSqRho = -1.8841613456E+01
           Bond Ellipticity = NA
           V = -4.7196196184E+00
           G =  4.6081272507E-03
           K =  4.7150114911E+00
           L =  4.7104033639E+00
           Vnuc =  4.2562218814E+01
           Ven = -1.8091240046E+01
           Vrep =  1.3371620428E+01
           DelSqV =  7.0959957195E+02
           DelSqVen =  8.0194087470E+02
           DelSqVrep = -9.2341302755E+01
           DelSqG =  6.9945321756E+01
           DelSqK = -7.7954489370E+02
           Stress_EigVals = -1.6240416874E+00 -1.6234267747E+00 -1.4721511563E+00
           Stress_EigVec1 =  5.3995427382E-01  8.2442736886E-01 -1.6961396067E-01
           Stress_EigVec2 =  2.6225736424E-01  2.6694293646E-02  9.6462867964E-01
           Stress_EigVec3 =  7.9979400916E-01 -5.6533788848E-01 -2.0179845082E-01
           -DivStress =  6.3381835854E+00 -4.4556156431E+00 -1.5976871161E+00
           ESP =  -1.1170937768E+00     ESP at Nucleus =  -1.1195946599E+00
           ESPe = -1.5112797604E+01     ESPe at Nucleus = -1.5042184058E+01
           ESPn =  1.3995703827E+01     ESPn at Nucleus =  1.3922589398E+01

CP# 15     Coords =  6.27642548493311E+00 -2.53092777206623E+00 -3.01718778190398E+00
           Type = (3,-3) NACP H15
           Rho =  4.2668244103E-01     Rho at Nucleus =  4.2299136611E-01
           GradRho = -2.5047103063E-15 -3.1689310443E-16  9.5956635649E-16
           HessRho_EigVals = -6.5144782612E+00 -6.5088418696E+00 -5.9113583714E+00
           HessRho_EigVec1 =  2.2129650490E-01  8.2269957732E-01 -5.2363466501E-01
           HessRho_EigVec2 = -9.2055671147E-01 -9.9639183539E-04 -3.9060766527E-01
           HessRho_EigVec3 = -3.2187450642E-01  5.6847551635E-01  7.5712111939E-01
           DelSqRho = -1.8934678502E+01
           Bond Ellipticity = NA
           V = -4.7426139934E+00
           G =  4.4721839340E-03
           K =  4.7381418095E+00
           L =  4.7336696255E+00
           Vnuc =  4.0544321338E+01
           Ven = -1.7299549998E+01
           Vrep =  1.2556936005E+01
           DelSqV =  7.1327361448E+02
           DelSqVen =  7.6769368961E+02
           DelSqVrep = -5.4420075139E+01
           DelSqG =  7.0363538529E+01
           DelSqK = -7.8363715300E+02
           Stress_EigVals = -1.6318118226E+00 -1.6312886388E+00 -1.4795135319E+00
           Stress_EigVec1 =  2.2727350570E-01  8.2335863605E-01 -5.2002625899E-01
