AIMSum (Version 19.02.13, Professional)
Copyright (c) 1997-2019 by Todd A. Keith
AIMSum is a component of the AIMAll package ( http://aim.tkgristmill.com )

TP:  64-bit Linux

Much of the Quantum Theory of Atoms in Molecules (QTAIM) is described in the book:
  "Atoms in Molecules - A Quantum Theory"
  R.F.W. Bader, Oxford University Press, Oxford, 1990

For additional references see:  http://aim.tkgristmill.com/references.html

Wfn File:  /home/mhennefarth/Documents/ML_Diels/summary-liu2013/1cn-opt/1cn-opt.wfn
Sum File:  /home/mhennefarth/Documents/ML_Diels/summary-liu2013/1cn-opt/1cn-opt.sum

SumViz File:  /home/mhennefarth/Documents/ML_Diels/summary-liu2013/1cn-opt/1cn-opt.sumviz

Wfn Title:   Title Card Required                                                           
 
Total memory allocated for AIMSum =        1.243 Megabytes

Atomic units (a.u.) used throughout, except where stated otherwise

Model:  Restricted SCF
 
Restricted, closed-shell, single-determinant wavefunction.
  Number of electrons (from MO Occs)                   =          74.0000000000
  Number of Alpha electrons (from MO Occs)             =          37.0000000000
  Number of Beta electrons (from MO Occs)              =          37.0000000000
  Number of electron pairs (N*(N-1)/2)                 =        2701.0000000000
  Number of electron pairs (from Muller 2EDM)          =        2701.0000000000
 
Nuclear Charges and Cartesian Coordinates:
-------------------------------------------------------------------------------
Atom      Charge                X                  Y                  Z
-------------------------------------------------------------------------------
C1         6.0           4.8566346900E+00   1.3891294000E+00  -1.4602450300E+00
C2         6.0           3.9169205300E+00   2.2305465200E+00   7.5681356000E-01
C3         6.0          -4.3549700100E+00   1.2627393600E+00   1.7357865600E+00
C4         6.0          -4.3549455900E+00  -1.2631022900E+00   1.7355646100E+00
C5         6.0           4.8567681600E+00  -1.3887864400E+00  -1.4604493900E+00
C6         6.0           3.9171906700E+00  -2.2306362800E+00   7.5650512000E-01
C7         6.0           3.2169412600E+00  -2.0201000000E-04   2.3803337900E+00
C8         6.0          -3.9185155300E+00   2.3413548000E+00  -8.7444649000E-01
C9         6.0          -3.9184272800E+00  -2.3412534800E+00  -8.7485953000E-01
C10        6.0          -3.0841611800E+00   2.0069000000E-04  -2.4371029200E+00
H11        1.0           5.5203234700E+00   2.5470350900E+00  -3.0177643200E+00
H12        1.0           3.6789283100E+00   4.1827363600E+00   1.3309225100E+00
H13        1.0          -4.7070402800E+00   2.4423450300E+00   3.3808395900E+00
H14        1.0          -4.7070783100E+00  -2.4430202500E+00   3.3803786700E+00
H15        1.0           5.5205639200E+00  -2.5464002500E+00  -3.0181409000E+00
H16        1.0           3.6792168100E+00  -4.1829451400E+00   1.3302145200E+00
H17        1.0           4.2361136300E+00  -2.3308000000E-04   4.1942893700E+00
H18        1.0           1.1910612600E+00  -3.9195000000E-04   2.8568394600E+00
H19        1.0          -5.6688288400E+00   3.1906118400E+00  -1.6117736900E+00
H20        1.0          -2.4890160900E+00   3.8434444800E+00  -8.9522909000E-01
H21        1.0          -5.6686801700E+00  -3.1904793400E+00  -1.6123635300E+00
H22        1.0          -2.4888464500E+00  -3.8432651700E+00  -8.9587383000E-01
H23        1.0          -1.0234073600E+00   2.7145000000E-04  -2.6210047600E+00
H24        1.0          -3.8739242000E+00   3.4923000000E-04  -4.3487355900E+00
 
Some Atomic Properties:
----------------------
  q(A) = Net Charge of Atom A
  L(A) = Lagrangian of Atom A = -(1/4) Times Atomic Integral of the Laplacian of the Electron Density
  K(A) = Electronic Kinetic Energy of Atom A (Hamiltonian Form)
  K_Scaled(A) = K(A) * E(Mol)/K(Mol) = Approximation to Virial-Based Total Energy of Atom A.
  |Mu_Intra(A)| = Magnitude of Intraatomic Dipole Moment of Atom A
--------------------------------------------------------------------------------------------------
Atom A          q(A)              L(A)              K(A)          K_Scaled(A)      |Mu_Intra(A)|
--------------------------------------------------------------------------------------------------
C1       -5.8772628200E-02  7.1231723099E-05  3.7727113763E+01 -3.8109781010E+01  1.5298592940E-01
C2       -7.3667349000E-02  2.2835930800E-05  3.7730253678E+01 -3.8112952773E+01  1.6921099213E-01
C3       -7.6371178000E-02 -9.0216172415E-04  3.7739226882E+01 -3.8122016993E+01  1.3378189910E-01
C4       -7.5620038500E-02  3.9259212120E-06  3.7739501537E+01 -3.8122294433E+01  1.3135791611E-01
C5       -5.8592613200E-02  2.8935886326E-04  3.7727169265E+01 -3.8109837075E+01  1.5256761342E-01
C6       -7.3818272400E-02 -2.3677068993E-04  3.7730109824E+01 -3.8112807460E+01  1.6937438966E-01
C7       -1.6760450000E-02 -8.7131867150E-06  3.7708249066E+01 -3.8090724967E+01  1.6055474422E-01
C8        1.4807591200E-02  4.5566742779E-05  3.7669410674E+01 -3.8051492637E+01  1.0555438697E-01
C9        1.4841613900E-02  6.1489427760E-05  3.7669421682E+01 -3.8051503756E+01  1.0566135587E-01
C10       1.0809868100E-02 -1.5108591344E-05  3.7664480773E+01 -3.8046512731E+01  9.6928278602E-02
H11       4.2466378070E-02  2.0549333968E-05  5.9395076912E-01 -5.9997522959E-01  1.5034595663E-01
H12       4.6369790340E-02  2.1466422942E-05  5.9182075647E-01 -5.9782361216E-01  1.5073788750E-01
H13       3.5829125950E-02  2.2131020656E-05  5.9641840545E-01 -6.0246789523E-01  1.5183047104E-01
H14       3.5827103210E-02  2.0928353833E-05  5.9641880130E-01 -6.0246829509E-01  1.5182796058E-01
H15       4.2469534790E-02  2.2826690229E-05  5.9395043512E-01 -5.9997489221E-01  1.5034774973E-01
H16       4.6367199700E-02  1.9434855805E-05  5.9182059798E-01 -5.9782345206E-01  1.5073192505E-01
H17       4.0474143150E-02  2.5157399111E-05  5.9075017192E-01 -5.9674216863E-01  1.5242245582E-01
H18       5.9885195250E-02 -7.5958066593E-06  5.8261076094E-01 -5.8852019937E-01  1.4553847461E-01
H19       3.4479406600E-03  1.9668052277E-05  6.1288476925E-01 -6.1910127785E-01  1.5822633131E-01
H20       8.2448352300E-03  3.0746036327E-05  6.1184991424E-01 -6.1805592627E-01  1.5535054390E-01
H21       3.4507182300E-03  2.2970187262E-05  6.1288519774E-01 -6.1910171069E-01  1.5822594157E-01
H22       8.2435498200E-03  2.8134902851E-05  6.1184848346E-01 -6.1805448098E-01  1.5535447535E-01
H23       1.8890672530E-02  1.3395127759E-05  6.1199957511E-01 -6.1820710516E-01  1.4550009377E-01
H24       8.1579059000E-04  2.3700815094E-05  6.1567517162E-01 -6.2191998335E-01  1.5668379578E-01
--------------------------------------------------------------------------------------------------
Total    -3.6147858000E-04 -3.8483219177E-04  3.8551982095E+02 -3.8943016006E+02
 
1st Largest |L(A)| = 9.0216172415E-04, atom C3      
2nd Largest |L(A)| = 2.8935886326E-04, atom C5      
 
Molecular charge q(Mol) from the wfn file:   0.0000000000E+00
Molecular energy E(Mol) from the wfn file:  -3.8943024944E+02
Molecular virial ratio (-V(Mol)/T(Mol)) from the wfn file:   2.0101430300E+00
Note.  K_Scaled(A) = (1+V(Mol)/T(Mol))*K(A) = (E(Mol)/T(Mol))*K(A)
       Only use K_Scaled(A) data with caution.
 
N_AIMInt(SumA)     =         74.000361
N_Analytic(Mol)    =         73.999987
 
G_AIMInt(SumA)     =        385.520206
G_Analytic(Mol)    =        385.519881
 
K_AIMInt(SumA)     =        385.519821
K_Analytic(Mol)    =        385.519881
 
L_AIMInt(SumA)     =         -0.000385
L_Analytic(Mol)    =          0.000000
 
VenT_AIMInt(SumA)  =      -1868.625956
VenT_Analytic(Mol) =      -1868.621574
 
Some Information About the Atomic Calculations:
----------------------------------------------
  Time(sec) = "Elapsed User Time", in Seconds, for Atom A by AIMInt and, if used, by TWOe
  NProc = Number of Processors Used for AIMInt Job
  BIM = Basin Integration Method
  OAQ = Angular Quadrature Outside of Beta Sphere
  ORQ = Multiple of Default for Radial Quadrature Outside of Beta Sphere
  IAQ = Multiple of Default for Angular Quadrature Inside of Beta Sphere
  IRQ = Multiple of Default for Radial Quadrature Inside of Beta Sphere
  MIR = Maximum Integration Radius
------------------------------------------------------------------------------------------------------
Atom A     Time(sec)   NProc      BIM          OAQ                     ORQ      IAQ      IRQ      MIR
------------------------------------------------------------------------------------------------------
C1            100        8    Promega(1)    4500(GS4)                  1.00     1.00     1.00    13.00
C2             87        8    Promega(1)    4500(GS4)                  1.00     1.00     1.00    13.00
C3            110        8     Proaim(5)    9000(GS9)                  1.00     1.00     1.00    13.00
C4             74        8     Proaim(5)    4500(GS4)                  1.00     1.00     1.00    13.00
C5             83        8    Promega(1)    4500(GS4)                  1.00     1.00     1.00    13.00
C6             82        8     Proaim(5)    4500(GS4)                  1.00     1.00     1.00    13.00
C7            515        8    Promega(5)    4500(GS4)                  1.00     1.00     1.00    13.00
C8            226        8     Proaim(5)    4500(GS4)                  1.00     1.00     1.00    13.00
C9             90        8     Proaim(5)    4500(GS4)                  1.00     1.00     1.00    13.00
C10            74        8     Proaim(5)    4500(GS4)                  1.00     1.00     1.00    13.00
H11             5        8     Proaim(5)    1800(GS4)                  1.00     1.00     1.00    13.00
H12             6        8     Proaim(5)    1800(GS4)                  1.00     1.00     1.00    13.00
H13             7        8     Proaim(5)    1800(GS4)                  1.00     1.00     1.00    13.00
H14             6        8     Proaim(5)    1800(GS4)                  1.00     1.00     1.00    13.00
H15             5        8     Proaim(5)    1800(GS4)                  1.00     1.00     1.00    13.00
H16             6        8     Proaim(5)    1800(GS4)                  1.00     1.00     1.00    13.00
H17             6        8     Proaim(5)    1800(GS4)                  1.00     1.00     1.00    13.00
H18            73        8    Promega(1)    4500(GS4)                  1.00     1.00     1.00    13.00
H19             6        8     Proaim(5)    1800(GS4)                  1.00     1.00     1.00    13.00
H20            17        8     Proaim(5)    4500(GS4)                  1.00     1.00     1.00    13.00
H21             5        8     Proaim(5)    1800(GS4)                  1.00     1.00     1.00    13.00
H22            17        8     Proaim(5)    4500(GS4)                  1.00     1.00     1.00    13.00
H23            71        8    Promega(1)    4500(GS4)                  1.00     1.00     1.00    13.00
H24             6        8     Proaim(5)    1800(GS4)                  1.00     1.00     1.00    13.00
------------------------------------------------------------------------------------------------------
Total        1677
Note:  Total wall clock time is less than total of atomic times if more than one atom
       was calculated at a time
 
Electron Density Critical Point Analysis of Molecular Structure:               
---------------------------------------------------------------                
  NACP = Nuclear Attractor Critical Point                                      
  NNACP = Non-Nuclear Attractor Critical Point                                 
  BCP = Bond Critical Point                                                    
  RCP = Ring Critical Point                                                    
  CCP = Cage Critical Point                                                    
  Rho = Electron Density                                                       
  GradRho = Gradient of Electron Density                                       
  HessRho_EigVals = Eigenvalues of the Hessian of Rho, Ascending Order         
  HessRho_EigVecs = Eigenvectors of the Hessian of Rho                         
  DelSqRho = Laplacian of Rho = Trace of Hessian of Rho                        
  Bond Ellipticity = (HessRho_EigVal(1) / HessRho_EigVal(2)) - 1               
  V = Virial Field = Potential Energy Density = Trace of Stress Tensor         
  G = Lagrangian Form of Kinetic Energy Density                                
  K = Hamiltonian Form of Kinetic Energy Density                               
  L = K - G = Lagrangian Density = (-1/4)DelSqRho                              
  Vnuc = Electrostatic Potential from Nuclei                                   
  Ven = Electron-nuclear attractive contribution to Virial Field V             
  Vrep = V - Ven = Repulsive contribution to Virial Field V                    
  DelSqV = Laplacian of V                                                      
  DelSqVen = Laplacian of Ven                                                  
  DelSqVrep = Laplacian of Vrep                                                
  DelSqG = Laplacian of G                                                      
  DelSqK = Laplacian of K                                                      
  Stress_EigVals = Eigenvalues of Stress Tensor, Ascending Order               
  Stress_EigVecs = Eigenvectors of Stress Tensor                               
  -DivStress = Ehrenfest Force Density = Minus Divergence of Stress Tensor     
  ESP = Total Electrostatic Potential                                          
  ESPe = Electrostatic Potential from Electrons                                
  ESPn = Electrostatic Potential from Nuclei                                   
  BP = Bond Path                                                               
  BPL = Bond Path Length                                                       
  GBL = Geometric Bond Length                                                  
  GBL_I = Distance Between Nuclear Attractors                                  
  GBL_II = Distance Between Nuclei                                             
  GBL_III = Sum of Distances Between BCP and Nuclear Attractors                
  GBL_IV = Sum of Distances Between BCP and Nuclei                             

CP# 1      Coords =  4.85663507652419E+00  1.38912858225930E+00 -1.46024614006736E+00
           Type = (3,-3) NACP C1
           Rho =  1.1767766248E+02     Rho at Nucleus =  1.1767766233E+02
           GradRho =  1.7680567860E-10 -3.8726836701E-10 -5.1687360582E-10
           HessRho_EigVals = -1.4500109346E+05 -1.4500027614E+05 -1.4499996949E+05
           HessRho_EigVec1 =  9.2154810830E-01  1.6598611103E-05  3.8826419332E-01
           HessRho_EigVec2 =  4.8111597086E-02  9.9228800505E-01 -1.1423567418E-01
           HessRho_EigVec3 = -3.8527179797E-01  1.2395367987E-01  9.1444033536E-01
           DelSqRho = -4.3500133909E+05
           Bond Ellipticity = NA
           V = -1.0876058115E+05
           G =  5.1231899697E+00
           K =  1.0875545796E+05
           L =  1.0875033477E+05
           Vnuc =  4.1902365762E+06
           Ven = -4.9309724553E+08
           Vrep =  4.9298848495E+08
           DelSqV =  2.4951897679E+09
           DelSqVen =  1.8227585024E+12
           DelSqVrep = -1.8202633126E+12
           DelSqG =  1.3402393467E+08
           DelSqK = -2.6292137026E+09
           Stress_EigVals = -3.6253792003E+04 -3.6253621771E+04 -3.6253167378E+04
           Stress_EigVec1 = -3.8923855029E-01 -5.9045751629E-02  9.1924259594E-01
           Stress_EigVec2 = -2.2901457755E-02  9.9825526888E-01  5.4423720869E-02
           Stress_EigVec3 =  9.2085225427E-01 -1.3181473572E-04  3.8991166746E-01
           -DivStress = -3.1203848286E+02  6.6800200022E+02  8.9638802178E+02
           ESP =  -1.4749941054E+01     ESP at Nucleus =  -1.4749941072E+01
           ESPe = -2.7594383246E+01     ESPe at Nucleus = -2.7594384255E+01
           ESPn =  1.2844442192E+01     ESPn at Nucleus =  1.2844443183E+01

CP# 2      Coords =  3.91691987858688E+00  2.23054636465601E+00  7.56814905095951E-01
           Type = (3,-3) NACP C2
           Rho =  1.1767204061E+02     Rho at Nucleus =  1.1767204044E+02
           GradRho = -3.5713931985E-10 -8.6489513996E-11  6.8175663639E-10
           HessRho_EigVals = -1.4499586412E+05 -1.4499525703E+05 -1.4499488430E+05
           HessRho_EigVec1 =  9.2235837264E-01  3.1006328412E-03  3.8632294585E-01
           HessRho_EigVec2 =  1.7839271809E-01  8.8356016814E-01 -4.3300977750E-01
           HessRho_EigVec3 = -3.4268217133E-01  4.6830739409E-01  8.1440598850E-01
           DelSqRho = -4.3498600545E+05
           Bond Ellipticity = NA
           V = -1.0875673797E+05
           G =  5.1183016156E+00
           K =  1.0875161966E+05
           L =  1.0874650136E+05
           Vnuc =  3.9931385551E+06
           Ven = -4.6988076220E+08
           Vrep =  4.6977200546E+08
           DelSqV =  2.4951039265E+09
           DelSqVen =  1.7369592955E+12
           DelSqVrep = -1.7344641916E+12
           DelSqG =  1.3402105991E+08
           DelSqK = -2.6291249864E+09
           Stress_EigVals = -3.6252512293E+04 -3.6252307330E+04 -3.6251918344E+04
           Stress_EigVec1 = -2.9398452333E-01  6.5360590371E-01  6.9740405984E-01
           Stress_EigVec2 =  2.5452417230E-01  7.5683488825E-01 -6.0201195806E-01
           Stress_EigVec3 =  9.2129829358E-01 -5.2399255855E-04  3.8885624551E-01
           -DivStress =  5.2884559426E+02  1.3203469266E+02 -1.0926074742E+03
           ESP =  -1.4750780140E+01     ESP at Nucleus =  -1.4750780158E+01
           ESPe = -2.7915797026E+01     ESPe at Nucleus = -2.7915797354E+01
           ESPn =  1.3165016886E+01     ESPn at Nucleus =  1.3165017197E+01

CP# 3      Coords = -4.35496989375094E+00  1.26274094338645E+00  1.73578631026870E+00
           Type = (3,-3) NACP C3
           Rho =  1.1770879701E+02     Rho at Nucleus =  1.1770879682E+02
           GradRho =  6.1405891426E-12  9.3485353786E-10 -1.4398770544E-10
           HessRho_EigVals = -1.4504565812E+05 -1.4504486966E+05 -1.4504452197E+05
           HessRho_EigVec1 =  9.7130209549E-01 -3.5440824162E-02  2.3519393546E-01
           HessRho_EigVec2 = -2.3782236582E-01 -1.2986129488E-01  9.6258847199E-01
           HessRho_EigVec3 =  3.5723397695E-03  9.9089857810E-01  1.3456316849E-01
           DelSqRho = -4.3513504975E+05
           Bond Ellipticity = NA
           V = -1.0879395328E+05
           G =  5.0954214598E+00
           K =  1.0878885786E+05
           L =  1.0878376244E+05
           Vnuc =  3.7332856819E+06
           Ven = -4.3944056652E+08
           Vrep =  4.3933177256E+08
           DelSqV =  2.4959593032E+09
           DelSqVen =  1.6244833976E+12
           DelSqVrep = -1.6219875039E+12
           DelSqG =  1.3407120911E+08
           DelSqK = -2.6300305123E+09
           Stress_EigVals = -3.6264925744E+04 -3.6264731023E+04 -3.6264296514E+04
           Stress_EigVec1 = -5.4598942846E-02  9.5109206595E-01  3.0404413746E-01
           Stress_EigVec2 = -2.0275570180E-01 -3.0871490349E-01  9.2929286759E-01
           Stress_EigVec3 =  9.7770602986E-01 -1.0908274305E-02  2.0969484668E-01
           -DivStress = -9.4970087112E+01 -1.2856086271E+03  2.0813984018E+02
           ESP =  -1.4753268997E+01     ESP at Nucleus =  -1.4753269020E+01
           ESPe = -2.7836864868E+01     ESPe at Nucleus = -2.7836866057E+01
           ESPn =  1.3083595871E+01     ESPn at Nucleus =  1.3083597037E+01

CP# 4      Coords = -4.35494547380131E+00 -1.26310387339859E+00  1.73556435991055E+00
           Type = (3,-3) NACP C4
           Rho =  1.1770880206E+02     Rho at Nucleus =  1.1770880187E+02
           GradRho =  1.2193634603E-10 -9.1219239180E-10 -1.4482726230E-10
           HessRho_EigVals = -1.4504566303E+05 -1.4504487459E+05 -1.4504452689E+05
           HessRho_EigVec1 =  9.7129965223E-01  3.5399325437E-02  2.3521027472E-01
           HessRho_EigVec2 = -2.3783241752E-01  1.2970597979E-01  9.6260692912E-01
           HessRho_EigVec3 = -3.5674568138E-03  9.9092040375E-01 -1.3440248021E-01
           DelSqRho = -4.3513506451E+05
           Bond Ellipticity = NA
           V = -1.0879395697E+05
           G =  5.0954188241E+00
           K =  1.0878886155E+05
           L =  1.0878376613E+05
           Vnuc =  3.7331370059E+06
           Ven = -4.3942308487E+08
           Vrep =  4.3931429091E+08
           DelSqV =  2.4959593815E+09
           DelSqVen =  1.6244186153E+12
           DelSqVrep = -1.6219226887E+12
           DelSqG =  1.3407121247E+08
           DelSqK = -2.6300305939E+09
           Stress_EigVals = -3.6264926975E+04 -3.6264732244E+04 -3.6264297747E+04
           Stress_EigVec1 =  5.4603574884E-02  9.5114524822E-01 -3.0387689350E-01
           Stress_EigVec2 = -2.0277703578E-01  3.0855222612E-01  9.2934223918E-01
           Stress_EigVec3 =  9.7770134672E-01  1.0873847155E-02  2.0971846861E-01
           -DivStress = -9.4929966084E+01  1.2856175771E+03  2.0843035660E+02
           ESP =  -1.4753269639E+01     ESP at Nucleus =  -1.4753269662E+01
           ESPe = -2.7836860089E+01     ESPe at Nucleus = -2.7836861279E+01
           ESPn =  1.3083590450E+01     ESPn at Nucleus =  1.3083591616E+01

CP# 5      Coords =  4.85676854674282E+00 -1.38878562205423E+00 -1.46045049986481E+00
           Type = (3,-3) NACP C5
           Rho =  1.1767766128E+02     Rho at Nucleus =  1.1767766113E+02
           GradRho =  1.7983309167E-10  3.6407371384E-10 -5.2779112255E-10
           HessRho_EigVals = -1.4500109185E+05 -1.4500027454E+05 -1.4499996787E+05
           HessRho_EigVec1 =  9.2153416818E-01 -1.0243398319E-05  3.8829727887E-01
           HessRho_EigVec2 = -4.8183861761E-02  9.9226793308E-01  1.1437947568E-01
           HessRho_EigVec3 = -3.8529610995E-01 -1.2411425738E-01  9.1440831075E-01
           DelSqRho = -4.3500133426E+05
           Bond Ellipticity = NA
           V = -1.0876057994E+05
           G =  5.1231864224E+00
           K =  1.0875545675E+05
           L =  1.0875033356E+05
           Vnuc =  4.1901805328E+06
           Ven = -4.9309064545E+08
           Vrep =  4.9298188487E+08
           DelSqV =  2.4951897357E+09
           DelSqVen =  1.8227342541E+12
           DelSqVrep = -1.8202390643E+12
           DelSqG =  1.3402393305E+08
           DelSqK = -2.6292136688E+09
           Stress_EigVals = -3.6253791597E+04 -3.6253621366E+04 -3.6253166973E+04
           Stress_EigVec1 = -3.8925125361E-01  5.8868856971E-02  9.1924856228E-01
           Stress_EigVec2 =  2.2811205311E-02  9.9826571288E-01 -5.4269838707E-02
           Stress_EigVec3 =  9.2084912471E-01  1.5543506360E-04  3.8991904975E-01
           -DivStress = -3.1221459168E+02 -6.6816746725E+02  8.9622334759E+02
           ESP =  -1.4749941288E+01     ESP at Nucleus =  -1.4749941305E+01
           ESPe = -2.7594343193E+01     ESPe at Nucleus = -2.7594344202E+01
           ESPn =  1.2844401905E+01     ESPn at Nucleus =  1.2844402897E+01

CP# 6      Coords =  3.91719001830861E+00 -2.23063612491748E+00  7.56506464957284E-01
           Type = (3,-3) NACP C6
           Rho =  1.1767203982E+02     Rho at Nucleus =  1.1767203966E+02
           GradRho = -3.1135978257E-10  5.7005599324E-11  6.8646520586E-10
           HessRho_EigVals = -1.4499586280E+05 -1.4499525570E+05 -1.4499488297E+05
           HessRho_EigVec1 =  9.2238535376E-01 -3.1501971013E-03  3.8625812020E-01
           HessRho_EigVec2 = -1.7837875219E-01  8.8348233943E-01  4.3317430288E-01
           HessRho_EigVec3 = -3.4261681209E-01 -4.6845387411E-01  8.1434924197E-01
           DelSqRho = -4.3498600147E+05
           Bond Ellipticity = NA
           V = -1.0875673697E+05
           G =  5.1183032190E+00
           K =  1.0875161867E+05
           L =  1.0874650037E+05
           Vnuc =  3.9932195345E+06
           Ven = -4.6989028810E+08
           Vrep =  4.6978153136E+08
           DelSqV =  2.4951039029E+09
           DelSqVen =  1.7369945211E+12
           DelSqVrep = -1.7344994172E+12
           DelSqG =  1.3402105835E+08
           DelSqK = -2.6291249612E+09
           Stress_EigVals = -3.6252511960E+04 -3.6252307003E+04 -3.6251918013E+04
           Stress_EigVec1 = -2.9393890175E-01 -6.5374666091E-01  6.9729134900E-01
           Stress_EigVec2 = -2.5454078440E-01  7.5671332866E-01  6.0215772627E-01
           Stress_EigVec3 =  9.2130826064E-01  4.9150619366E-04  3.8883267263E-01
           -DivStress =  5.2907026602E+02 -1.3182240133E+02 -1.0924965676E+03
           ESP =  -1.4750780904E+01     ESP at Nucleus =  -1.4750780921E+01
           ESPe = -2.7915676059E+01     ESPe at Nucleus = -2.7915676387E+01
           ESPn =  1.3164895155E+01     ESPn at Nucleus =  1.3164895466E+01

CP# 7      Coords =  3.21694154361212E+00 -2.02009997970378E-04  2.38033377981728E+00
           Type = (3,-3) NACP C7
           Rho =  1.1754372807E+02     Rho at Nucleus =  1.1754372806E+02
           GradRho = -7.8535274457E-12 -1.7806180703E-15  7.6815257426E-12
           HessRho_EigVals = -1.4484208444E+05 -1.4484190299E+05 -1.4484170889E+05
           HessRho_EigVec1 = -1.0355386464E-04  9.9999999396E-01  3.6831939527E-05
           HessRho_EigVec2 =  7.9027195456E-01  5.9266713850E-05  6.1275626012E-01
           HessRho_EigVec3 = -6.1275625424E-01 -9.2560527657E-05  7.9027195593E-01
           DelSqRho = -4.3452569632E+05
           Bond Ellipticity = NA
           V = -1.0864188380E+05
           G =  5.2298573444E+00
           K =  1.0863665394E+05
           L =  1.0863142408E+05
           Vnuc =  2.1142045048E+07
           Ven = -2.4851147939E+09
           Vrep =  2.4850061520E+09
           DelSqV =  2.4924841522E+09
           DelSqVen =  9.1867504968E+12
           DelSqVrep = -9.1842580126E+12
           DelSqG =  1.3388370039E+08
           DelSqK = -2.6263678526E+09
           Stress_EigVals = -3.6214030622E+04 -3.6213978837E+04 -3.6213874337E+04
           Stress_EigVec1 = -6.0277873520E-01 -9.9819856353E-05  7.9790838223E-01
           Stress_EigVec2 =  7.9790837885E-01  7.9901659926E-05  6.0277874264E-01
           Stress_EigVec3 = -1.2392349171E-04  9.9999999183E-01  3.1484078250E-05
           -DivStress = -2.3179695097E+02 -1.9082063313E-03  1.0196034236E+01
           ESP =  -1.4739892274E+01     ESP at Nucleus =  -1.4739892274E+01
           ESPe = -2.8149407315E+01     ESPe at Nucleus = -2.8149407303E+01
           ESPn =  1.3409515040E+01     ESPn at Nucleus =  1.3409515029E+01

CP# 8      Coords = -3.91851567698705E+00  2.34135441381283E+00 -8.74446131110580E-01
           Type = (3,-3) NACP C8
           Rho =  1.1754074690E+02     Rho at Nucleus =  1.1754074688E+02
           GradRho = -1.2238733030E-11 -7.8070752987E-12  2.5408302984E-11
           HessRho_EigVals = -1.4483800908E+05 -1.4483772347E+05 -1.4483764552E+05
           HessRho_EigVec1 = -2.6901494658E-01  2.8521293123E-01  9.1993724915E-01
           HessRho_EigVec2 = -4.2937179408E-01  8.1946674255E-01 -3.7962365613E-01
           HessRho_EigVec3 =  8.6213155664E-01  4.9711954469E-01  9.7986413993E-02
           DelSqRho = -4.3451337807E+05
           Bond Ellipticity = NA
           V = -1.0863868394E+05
           G =  5.1697132937E+00
           K =  1.0863351423E+05
           L =  1.0862834452E+05
           Vnuc =  1.0962737968E+07
           Ven = -1.2885684088E+09
           Vrep =  1.2884597701E+09
           DelSqV =  2.4924117195E+09
           DelSqVen =  4.7634579456E+12
           DelSqVrep = -4.7609655339E+12
           DelSqG =  1.3387940026E+08
           DelSqK = -2.6262911198E+09
           Stress_EigVals = -3.6212960094E+04 -3.6212932511E+04 -3.6212791340E+04
           Stress_EigVec1 =  8.1226244531E-01  5.8205072771E-01  3.8035119527E-02
           Stress_EigVec2 = -5.2118296103E-01  7.5350758701E-01 -4.0074260748E-01
           Stress_EigVec3 = -2.6191227744E-01  3.0568491407E-01  9.1540083692E-01
           -DivStress =  1.1817249007E+02  3.1484164410E+02 -2.9026969529E+02
           ESP =  -1.4746097132E+01     ESP at Nucleus =  -1.4746097132E+01
           ESPe = -2.7777223977E+01     ESPe at Nucleus = -2.7777223368E+01
           ESPn =  1.3031126845E+01     ESPn at Nucleus =  1.3031126236E+01

CP# 9      Coords = -3.91842742697592E+00 -2.34125309388702E+00 -8.74859171033649E-01
           Type = (3,-3) NACP C9
           Rho =  1.1754074749E+02     Rho at Nucleus =  1.1754074747E+02
           GradRho = -1.7302288942E-11 -4.6232184747E-12  3.1894286366E-11
           HessRho_EigVals = -1.4483800832E+05 -1.4483772270E+05 -1.4483764476E+05
           HessRho_EigVec1 = -2.6900965277E-01 -2.8536903838E-01  9.1989038404E-01
           HessRho_EigVec2 =  4.2929217613E-01  8.1944947545E-01  3.7975095088E-01
           HessRho_EigVec3 =  8.6217285635E-01 -4.9705841620E-01  9.7933123364E-02
           DelSqRho = -4.3451337578E+05
           Bond Ellipticity = NA
           V = -1.0863868337E+05
           G =  5.1697107643E+00
           K =  1.0863351366E+05
           L =  1.0862834395E+05
           Vnuc =  1.0962835669E+07
           Ven = -1.2885798991E+09
           Vrep =  1.2884712604E+09
           DelSqV =  2.4924116961E+09
           DelSqVen =  4.7634967429E+12
           DelSqVrep = -4.7610043312E+12
           DelSqG =  1.3387939818E+08
           DelSqK = -2.6262910942E+09
           Stress_EigVals = -3.6212959899E+04 -3.6212932320E+04 -3.6212791148E+04
           Stress_EigVec1 =  8.1231861588E-01 -5.8197615504E-01  3.7976588281E-02
           Stress_EigVec2 =  5.2109644269E-01  7.5350146788E-01  4.0086660539E-01
           Stress_EigVec3 = -2.6191022070E-01 -3.0584194099E-01  9.1534897357E-01
           -DivStress =  1.1816368969E+02 -3.1478179640E+02 -2.9033220372E+02
           ESP =  -1.4746097188E+01     ESP at Nucleus =  -1.4746097189E+01
           ESPe = -2.7777233272E+01     ESPe at Nucleus = -2.7777232664E+01
           ESPn =  1.3031136084E+01     ESPn at Nucleus =  1.3031135475E+01

CP# 10     Coords = -3.08416188078455E+00  2.00689970486305E-04 -2.43710229074295E+00
           Type = (3,-3) NACP C10
           Rho =  1.1754652569E+02     Rho at Nucleus =  1.1754652563E+02
           GradRho = -1.1288547248E-10 -6.1931986153E-15  1.4862288751E-10
           HessRho_EigVals = -1.4484704301E+05 -1.4484666036E+05 -1.4484640989E+05
           HessRho_EigVec1 = -2.4475615659E-05  9.9999999445E-01  1.0251328307E-04
           HessRho_EigVec2 = -3.6863944556E-01 -1.0431620214E-04  9.2957245457E-01
           HessRho_EigVec3 =  9.2957246010E-01 -1.5038581709E-05  3.6863944606E-01
           DelSqRho = -4.3454011325E+05
           Bond Ellipticity = NA
           V = -1.0864533094E+05
           G =  5.1513151638E+00
           K =  1.0864017963E+05
           L =  1.0863502831E+05
           Vnuc =  6.3705191533E+06
           Ven = -7.4883239333E+08
           Vrep =  7.4872374800E+08
           DelSqV =  2.4925658481E+09
           DelSqVen =  2.7682458501E+12
           DelSqVrep = -2.7657533170E+12
           DelSqG =  1.3388936410E+08
           DelSqK = -2.6264552122E+09
           Stress_EigVals = -3.6215216836E+04 -3.6215138828E+04 -3.6214975280E+04
           Stress_EigVec1 =  8.9847306887E-01 -1.5800893417E-05  4.3902863719E-01
           Stress_EigVec2 = -4.3902863637E-01 -1.0327289570E-04  8.9847306347E-01
           Stress_EigVec3 = -3.1143081543E-05  9.9999999454E-01  9.9724960220E-05
           -DivStress =  5.7095557776E+02  2.4156679459E-02 -5.1154988103E+02
           ESP =  -1.4750710219E+01     ESP at Nucleus =  -1.4750710220E+01
           ESPe = -2.8139929800E+01     ESPe at Nucleus = -2.8139928964E+01
           ESPn =  1.3389219582E+01     ESPn at Nucleus =  1.3389218744E+01

CP# 11     Coords =  5.50907256949702E+00  2.52727786587608E+00 -2.99135877745554E+00
           Type = (3,-3) NACP H11
           Rho =  4.2675425895E-01     Rho at Nucleus =  4.2306917189E-01
           GradRho = -1.2738155799E-15 -2.1976520419E-15  4.5141435078E-16
           HessRho_EigVals = -6.5157969534E+00 -6.5101563422E+00 -5.9132369428E+00
           HessRho_EigVec1 =  2.2250142588E-01 -8.2318209736E-01 -5.2236419294E-01
           HessRho_EigVec2 =  9.1997917918E-01 -6.4340770121E-05  3.9196722534E-01
           HessRho_EigVec3 = -3.2269401196E-01 -5.6777744799E-01  7.5729607433E-01
           DelSqRho = -1.8939190238E+01
           Bond Ellipticity = NA
           V = -4.7437500963E+00
           G =  4.4762683617E-03
           K =  4.7392738280E+00
           L =  4.7347975596E+00
           Vnuc =  4.0928830656E+01
           Ven = -1.7466552796E+01
           Vrep =  1.2722802700E+01
           DelSqV =  7.1347449970E+02
           DelSqVen =  7.7515891004E+02
           DelSqVrep = -6.1684410338E+01
           DelSqG =  7.0385113416E+01
           DelSqK = -7.8385961311E+02
           Stress_EigVals = -1.6321432919E+00 -1.6316204451E+00 -1.4799863592E+00
           Stress_EigVec1 =  2.2324094888E-01 -8.2385167316E-01 -5.2099126613E-01
           Stress_EigVec2 =  9.1970875848E-01  9.4116799004E-04  3.9260019585E-01
           Stress_EigVec3 = -3.2295398793E-01 -5.6680467080E-01  7.5791370673E-01
           -DivStress =  2.5556399375E+00  4.4871612952E+00 -5.9981990973E+00
           ESP =  -1.1088265336E+00     ESP at Nucleus =  -1.1113430498E+00
           ESPe = -1.3339245300E+01     ESPe at Nucleus = -1.3249857631E+01
           ESPn =  1.2230418766E+01     ESPn at Nucleus =  1.2138514581E+01

CP# 12     Coords =  3.68294716916112E+00  4.14930827651392E+00  1.32123805945259E+00
           Type = (3,-3) NACP H12
           Rho =  4.2524020699E-01     Rho at Nucleus =  4.2153475299E-01
           GradRho =  4.0854926175E-10 -3.4025835874E-09 -9.8457237035E-10
           HessRho_EigVals = -6.4828179109E+00 -6.4766099804E+00 -5.8803063555E+00
           HessRho_EigVec1 = -3.7619478244E-01 -2.9882590091E-01  8.7702939894E-01
           HessRho_EigVec2 =  9.1943851952E-01 -3.4249574260E-03  3.9321886842E-01
           HessRho_EigVec3 = -1.1450019426E-01  9.5430149880E-01  2.7604049505E-01
           DelSqRho = -1.8839734247E+01
           Bond Ellipticity = NA
           V = -4.7193039899E+00
           G =  4.6852141128E-03
           K =  4.7146187758E+00
           L =  4.7099335617E+00
           Vnuc =  4.1306052483E+01
           Ven = -1.7564994308E+01
           Vrep =  1.2845690318E+01
           DelSqV =  7.0949007932E+02
           DelSqVen =  7.7819505737E+02
           DelSqVrep = -6.8704978050E+01
           DelSqG =  6.9900105203E+01
           DelSqK = -7.7939018452E+02
           Stress_EigVals = -1.6239975857E+00 -1.6236176506E+00 -1.4716887536E+00
           Stress_EigVec1 = -3.6469970027E-01 -3.0040278775E-01  8.8133551712E-01
           Stress_EigVec2 =  9.2399236588E-01  1.7492261753E-04  3.8241087484E-01
           Stress_EigVec3 = -1.1503145838E-01  9.5381242103E-01  2.7750608834E-01
           -DivStress = -9.0853404235E-01  7.5534423049E+00  2.1893313954E+00
           ESP =  -1.1077010866E+00     ESP at Nucleus =  -1.1102289296E+00
           ESPe = -1.3869999919E+01     ESPe at Nucleus = -1.3781971758E+01
           ESPn =  1.2762298833E+01     ESPn at Nucleus =  1.2671742828E+01

CP# 13     Coords = -4.70111496073206E+00  2.42260538944206E+00  3.35308467106745E+00
           Type = (3,-3) NACP H13
           Rho =  4.2640826821E-01     Rho at Nucleus =  4.2278325305E-01
           GradRho = -1.9496920735E-15 -2.2698257407E-15 -3.2356366359E-15
           HessRho_EigVals = -6.5082396515E+00 -6.5023271903E+00 -5.9122468251E+00
           HessRho_EigVec1 =  7.4858436359E-02  8.2059237202E-01 -5.6659012830E-01
           HessRho_EigVec2 =  9.8229298312E-01  3.7177406951E-02  1.8362553126E-01
           HessRho_EigVec3 = -1.7174606204E-01  5.7030342748E-01  8.0327908648E-01
           DelSqRho = -1.8922813667E+01
           Bond Ellipticity = NA
           V = -4.7398736194E+00
           G =  4.5851013170E-03
           K =  4.7352885180E+00
           L =  4.7307034167E+00
           Vnuc =  4.1450275723E+01
           Ven = -1.7674740288E+01
           Vrep =  1.2934866669E+01
           DelSqV =  7.1307425082E+02
           DelSqVen =  7.8435584396E+02
           DelSqVrep = -7.1281593138E+01
           DelSqG =  7.0318750826E+01
           DelSqK = -7.8339300164E+02
           Stress_EigVals = -1.6303381732E+00 -1.6296927434E+00 -1.4798427028E+00
           Stress_EigVec1 =  1.3875254027E-01  8.2016548352E-01 -5.5504622529E-01
           Stress_EigVec2 = -9.7539669734E-01  1.6224500107E-02 -2.1985915585E-01
           Stress_EigVec3 = -1.7131554332E-01  5.7189627140E-01  8.0223789450E-01
           -DivStress = -1.3443124698E+00  4.4806148376E+00  6.2980162024E+00
           ESP =  -1.1117924951E+00     ESP at Nucleus =  -1.1142522719E+00
           ESPe = -1.3635415749E+01     ESPe at Nucleus = -1.3546769810E+01
           ESPn =  1.2523623254E+01     ESPn at Nucleus =  1.2432517538E+01

CP# 14     Coords = -4.70115174793803E+00 -2.42327523758844E+00  3.35262777649976E+00
           Type = (3,-3) NACP H14
           Rho =  4.2640861126E-01     Rho at Nucleus =  4.2278358408E-01
           GradRho =  3.2408107366E-15  2.0395697867E-15 -3.2047222626E-15
           HessRho_EigVals = -6.5082433466E+00 -6.5023308938E+00 -5.9122491518E+00
           HessRho_EigVec1 = -7.4871117977E-02  8.2048307860E-01  5.6674671011E-01
           HessRho_EigVec2 =  9.8228588289E-01 -3.7222756263E-02  1.8365432392E-01
           HessRho_EigVec3 = -1.7178113974E-01 -5.7045769707E-01  8.0316203588E-01
           DelSqRho = -1.8922823392E+01
           Bond Ellipticity = NA
           V = -4.7398760871E+00
           G =  4.5851195061E-03
           K =  4.7352909676E+00
           L =  4.7307058481E+00
           Vnuc =  4.1450209716E+01
           Ven = -1.7674726362E+01
           Vrep =  1.2934850274E+01
           DelSqV =  7.1307454727E+02
           DelSqVen =  7.8435499803E+02
           DelSqVrep = -7.1280450762E+01
           DelSqG =  7.0318767628E+01
           DelSqK = -7.8339331490E+02
           Stress_EigVals = -1.6303391148E+00 -1.6296936819E+00 -1.4798432903E+00
           Stress_EigVec1 =  1.3879698300E-01 -8.2005837372E-01 -5.5519335479E-01
           Stress_EigVec2 =  9.7538413429E-01  1.6198902023E-02  2.1991677098E-01
           Stress_EigVec3 = -1.7135106680E-01 -5.7205057405E-01  8.0212028564E-01
           -DivStress = -1.3445960439E+00 -4.4818361769E+00  6.2971049416E+00
           ESP =  -1.1117926482E+00     ESP at Nucleus =  -1.1142524475E+00
           ESPe = -1.3635391046E+01     ESPe at Nucleus = -1.3546744602E+01
           ESPn =  1.2523598398E+01     ESPn at Nucleus =  1.2432492155E+01

CP# 15     Coords =  5.50931114178797E+00 -2.52664798824329E+00 -2.99173251923822E+00
           Type = (3,-3) NACP H15
           Rho =  4.2675431939E-01     Rho at Nucleus =  4.2306924309E-01
           GradRho =  1.9485010393E-15  2.3898425272E-15  1.2186703469E-15
           HessRho_EigVals = -6.5157982009E+00 -6.5101575296E+00 -5.9132392237E+00
           HessRho_EigVec1 =  2.2240557465E-01  8.2327972426E-01 -5.2225114263E-01
           HessRho_EigVec2 = -9.1998333516E-01 -1.1030186656E-04 -3.9195746052E-01
           HessRho_EigVec3 = -3.2274823530E-01  5.6763587224E-01  7.5737909475E-01
           DelSqRho = -1.8939194954E+01
           Bond Ellipticity = NA
           V = -4.7437512893E+00
           G =  4.4762753802E-03
           K =  4.7392750139E+00
           L =  4.7347987386E+00
           Vnuc =  4.0928822161E+01
           Ven = -1.7466551645E+01
           Vrep =  1.2722800356E+01
           DelSqV =  7.1347472932E+02
           DelSqVen =  7.7515894216E+02
           DelSqVrep = -6.1684212834E+01
           DelSqG =  7.0385138232E+01
           DelSqK = -7.8385986755E+02
           Stress_EigVals = -1.6321435976E+00 -1.6316207518E+00 -1.4799869400E+00
           Stress_EigVec1 =  2.2313994750E-01  8.2394913529E-01 -5.2088039538E-01
