AIMSum (Version 19.02.13, Professional)
Copyright (c) 1997-2019 by Todd A. Keith
AIMSum is a component of the AIMAll package ( http://aim.tkgristmill.com )

TP:  64-bit Linux

Much of the Quantum Theory of Atoms in Molecules (QTAIM) is described in the book:
  "Atoms in Molecules - A Quantum Theory"
  R.F.W. Bader, Oxford University Press, Oxford, 1990

For additional references see:  http://aim.tkgristmill.com/references.html

Wfn File:  /home/mhennefarth/Documents/ML_Diels/summary-liu2013/1dn-opt/1dn-opt.wfn
Sum File:  /home/mhennefarth/Documents/ML_Diels/summary-liu2013/1dn-opt/1dn-opt.sum

SumViz File:  /home/mhennefarth/Documents/ML_Diels/summary-liu2013/1dn-opt/1dn-opt.sumviz

Wfn Title:   Title Card Required                                                           
 
Total memory allocated for AIMSum =        1.383 Megabytes

Atomic units (a.u.) used throughout, except where stated otherwise

Model:  Restricted SCF
 
Restricted, closed-shell, single-determinant wavefunction.
  Number of electrons (from MO Occs)                   =          82.0000000000
  Number of Alpha electrons (from MO Occs)             =          41.0000000000
  Number of Beta electrons (from MO Occs)              =          41.0000000000
  Number of electron pairs (N*(N-1)/2)                 =        3321.0000000000
  Number of electron pairs (from Muller 2EDM)          =        3321.0000000000
 
Nuclear Charges and Cartesian Coordinates:
-------------------------------------------------------------------------------
Atom      Charge                X                  Y                  Z
-------------------------------------------------------------------------------
C1         6.0           5.4682800700E+00   1.0059476800E+00  -1.6529588000E+00
C2         6.0           4.7074367700E+00   2.1393709900E+00   5.0228008000E-01
C3         6.0          -3.3923881500E+00   2.2271991200E+00   1.5961809800E+00
C4         6.0          -4.1387276300E+00   1.0699310000E-02   2.5590146900E+00
C5         6.0           5.1980134900E+00  -1.7448526000E+00  -1.3867996900E+00
C6         6.0           4.2739647200E+00  -2.2797806300E+00   9.3033818000E-01
C7         6.0           3.8592767800E+00   1.4994679000E-01   2.3536397200E+00
C8         6.0          -2.8442421700E+00   2.6391164000E+00  -1.1740601100E+00
C9         6.0          -4.4713248000E+00  -2.3530432900E+00   9.9496718000E-01
C10        6.0          -3.8659314000E+00   4.7226260000E-01  -2.8177293200E+00
C11        6.0          -3.2581577400E+00  -2.1049527700E+00  -1.6332250500E+00
H12        1.0           6.1781451500E+00   1.9419807600E+00  -3.3342692100E+00
H13        1.0           4.6890456100E+00   4.1500415600E+00   8.9494767000E-01
H14        1.0          -3.1689472100E+00   3.8492851200E+00   2.8457929300E+00
H15        1.0          -4.5475362000E+00  -1.3420416000E-01   4.5724968200E+00
H16        1.0           5.6823102400E+00  -3.1023491100E+00  -2.8460846700E+00
H17        1.0           3.8734149700E+00  -4.1371249000E+00   1.6964333900E+00
H18        1.0           4.9442363200E+00   2.1554259000E-01   4.1276499900E+00
H19        1.0           1.8631483200E+00   3.9656629000E-01   2.8884591800E+00
H20        1.0          -7.9024251000E-01   2.8323966900E+00  -1.4484993400E+00
H21        1.0          -3.6628095200E+00   4.4476867900E+00  -1.7848205500E+00
H22        1.0          -3.6647360000E+00  -3.9791967500E+00   2.0042783000E+00
H23        1.0          -6.5028127300E+00  -2.7722310500E+00   8.0874889000E-01
H24        1.0          -3.0799730800E+00   5.9813218000E-01  -4.7315189600E+00
H25        1.0          -5.9257445600E+00   6.6795937000E-01  -3.0025503800E+00
H26        1.0          -1.1990564800E+00  -2.3024878300E+00  -1.4580210000E+00
H27        1.0          -3.9056420400E+00  -3.6434791400E+00  -2.8629302500E+00
 
Some Atomic Properties:
----------------------
  q(A) = Net Charge of Atom A
  L(A) = Lagrangian of Atom A = -(1/4) Times Atomic Integral of the Laplacian of the Electron Density
  K(A) = Electronic Kinetic Energy of Atom A (Hamiltonian Form)
  K_Scaled(A) = K(A) * E(Mol)/K(Mol) = Approximation to Virial-Based Total Energy of Atom A.
  |Mu_Intra(A)| = Magnitude of Intraatomic Dipole Moment of Atom A
--------------------------------------------------------------------------------------------------
Atom A          q(A)              L(A)              K(A)          K_Scaled(A)      |Mu_Intra(A)|
--------------------------------------------------------------------------------------------------
C1       -5.7432209100E-02 -2.0027805530E-04  3.7726463238E+01 -3.8110593709E+01  1.5363075077E-01
C2       -7.5445875600E-02  1.3510552687E-04  3.7731082808E+01 -3.8115260316E+01  1.6991009998E-01
C3       -7.0080907000E-02  3.5428145690E-05  3.7722913635E+01 -3.8107007964E+01  7.0326279944E-02
C4       -7.0654774800E-02  1.0850911094E-04  3.7722051132E+01 -3.8106136680E+01  7.2776083094E-02
C5       -5.7496295700E-02  7.7078371546E-06  3.7726392732E+01 -3.8110522486E+01  1.5398941097E-01
C6       -7.4807787500E-02 -7.5130884331E-05  3.7730691749E+01 -3.8114865275E+01  1.7020081789E-01
C7       -1.6466244600E-02 -9.8855593883E-05  3.7707810638E+01 -3.8091751189E+01  1.5985529940E-01
C8        1.4722041300E-02  3.0166658465E-05  3.7675321222E+01 -3.8058930966E+01  8.7099727231E-02
C9        1.7415382500E-02 -7.9334399962E-05  3.7672432329E+01 -3.8056012658E+01  7.6937462672E-02
C10       2.1046483400E-02 -1.9056745177E-04  3.7670225629E+01 -3.8053783489E+01  6.9023883024E-02
C11       1.7498934900E-02  9.2192308565E-05  3.7673621541E+01 -3.8057213979E+01  7.8278605443E-02
H12       4.2965106130E-02  2.0904003183E-05  5.9376266263E-01 -5.9980834812E-01  1.5026679614E-01
H13       4.7243810330E-02  2.3950166707E-05  5.9152459037E-01 -5.9754748784E-01  1.5042110731E-01
H14       2.1988514230E-02  2.4687223983E-05  6.0583772096E-01 -6.1200635457E-01  1.5469264610E-01
H15       2.2193614700E-02  2.4183717867E-05  6.0570433776E-01 -6.1187161327E-01  1.5476538167E-01
H16       4.3225137900E-02  2.1904616625E-05  5.9365287413E-01 -5.9969744176E-01  1.5020321337E-01
H17       4.7451135900E-02  1.8624903006E-05  5.9146518943E-01 -5.9748748207E-01  1.5035920882E-01
H18       4.0722006950E-02  2.5802197944E-05  5.9071846843E-01 -5.9673315797E-01  1.5236285152E-01
H19       6.0187240750E-02  3.0033638002E-05  5.8263463788E-01 -5.8856701794E-01  1.4503565821E-01
H20       1.8079270230E-02  3.0759597837E-05  6.0734498024E-01 -6.1352896075E-01  1.5160587103E-01
H21       3.4796429700E-03  1.9635476686E-05  6.1424648084E-01 -6.2050073237E-01  1.5774556962E-01
H22       4.3710952300E-03  2.6367688494E-05  6.1400140096E-01 -6.2025315709E-01  1.5751039407E-01
H23       4.2114386800E-03  2.1222186077E-05  6.1269821735E-01 -6.1893670447E-01  1.5883325594E-01
H24      -1.7305647000E-03  2.5215295036E-05  6.1729131029E-01 -6.2357656424E-01  1.5788293147E-01
H25      -6.8292765000E-03  2.2951472193E-05  6.1919798521E-01 -6.2550265290E-01  1.6002051653E-01
H26       8.7992170500E-03  3.1874514746E-05  6.1294137557E-01 -6.1918233853E-01  1.5188694853E-01
H27      -4.5369039000E-03  2.5917386929E-05  6.1826892961E-01 -6.2456413767E-01  1.5861491716E-01
--------------------------------------------------------------------------------------------------
Total     1.1923375000E-04  1.5897728775E-04  4.2443029781E+02 -4.2875184286E+02
 
1st Largest |L(A)| = 2.0027805530E-04, atom C1      
2nd Largest |L(A)| = 1.9056745177E-04, atom C10     
 
Molecular charge q(Mol) from the wfn file:   0.0000000000E+00
Molecular energy E(Mol) from the wfn file:  -4.2875180251E+02
Molecular virial ratio (-V(Mol)/T(Mol)) from the wfn file:   2.0101819900E+00
Note.  K_Scaled(A) = (1+V(Mol)/T(Mol))*K(A) = (E(Mol)/T(Mol))*K(A)
       Only use K_Scaled(A) data with caution.
 
N_AIMInt(SumA)     =         81.999881
N_Analytic(Mol)    =         81.999986
 
G_AIMInt(SumA)     =        424.430139
G_Analytic(Mol)    =        424.430224
 
K_AIMInt(SumA)     =        424.430298
K_Analytic(Mol)    =        424.430224
 
L_AIMInt(SumA)     =          0.000159
L_Analytic(Mol)    =          0.000000
 
VenT_AIMInt(SumA)  =      -2141.019155
VenT_Analytic(Mol) =      -2141.018785
 
Some Information About the Atomic Calculations:
----------------------------------------------
  Time(sec) = "Elapsed User Time", in Seconds, for Atom A by AIMInt and, if used, by TWOe
  NProc = Number of Processors Used for AIMInt Job
  BIM = Basin Integration Method
  OAQ = Angular Quadrature Outside of Beta Sphere
  ORQ = Multiple of Default for Radial Quadrature Outside of Beta Sphere
  IAQ = Multiple of Default for Angular Quadrature Inside of Beta Sphere
  IRQ = Multiple of Default for Radial Quadrature Inside of Beta Sphere
  MIR = Maximum Integration Radius
------------------------------------------------------------------------------------------------------
Atom A     Time(sec)   NProc      BIM          OAQ                     ORQ      IAQ      IRQ      MIR
------------------------------------------------------------------------------------------------------
C1             24        8     Proaim(5)    4500(GS4)                  1.00     1.00     1.00    13.00
C2             31        8     Proaim(5)    4500(GS4)                  1.00     1.00     1.00    13.00
C3             37        8     Proaim(5)    4500(GS4)                  1.00     1.00     1.00    13.00
C4             30        8     Proaim(5)    4500(GS4)                  1.00     1.00     1.00    13.00
C5             24        8     Proaim(5)    4500(GS4)                  1.00     1.00     1.00    13.00
C6             33        8     Proaim(5)    4500(GS4)                  1.00     1.00     1.00    13.00
C7             30        8     Proaim(5)    4500(GS4)                  1.00     1.00     1.00    13.00
C8             30        8     Proaim(5)    4500(GS4)                  1.00     1.00     1.00    13.00
C9             32        8     Proaim(5)    4500(GS4)                  1.00     1.00     1.00    13.00
C10            31        8     Proaim(5)    4500(GS4)                  1.00     1.00     1.00    13.00
C11            34        8     Proaim(5)    4500(GS4)                  1.00     1.00     1.00    13.00
H12             6        8     Proaim(5)    1800(GS4)                  1.00     1.00     1.00    13.00
H13             7        8     Proaim(5)    1800(GS4)                  1.00     1.00     1.00    13.00
H14             6        8     Proaim(5)    1800(GS4)                  1.00     1.00     1.00    13.00
H15             6        8     Proaim(5)    1800(GS4)                  1.00     1.00     1.00    13.00
H16             6        8     Proaim(5)    1800(GS4)                  1.00     1.00     1.00    13.00
H17             7        8     Proaim(5)    1800(GS4)                  1.00     1.00     1.00    13.00
H18             7        8     Proaim(5)    1800(GS4)                  1.00     1.00     1.00    13.00
H19            18        8     Proaim(5)    4500(GS4)                  1.00     1.00     1.00    13.00
H20            16        8     Proaim(5)    4500(GS4)                  1.00     1.00     1.00    13.00
H21             6        8     Proaim(5)    1800(GS4)                  1.00     1.00     1.00    13.00
H22             7        8     Proaim(5)    1800(GS4)                  1.00     1.00     1.00    13.00
H23             6        8     Proaim(5)    1800(GS4)                  1.00     1.00     1.00    13.00
H24             6        8     Proaim(5)    1800(GS4)                  1.00     1.00     1.00    13.00
H25             7        8     Proaim(5)    1800(GS4)                  1.00     1.00     1.00    13.00
H26            18        8     Proaim(5)    4500(GS4)                  1.00     1.00     1.00    13.00
H27             6        8     Proaim(5)    1800(GS4)                  1.00     1.00     1.00    13.00
------------------------------------------------------------------------------------------------------
Total         471
Note:  Total wall clock time is less than total of atomic times if more than one atom
       was calculated at a time
 
Electron Density Critical Point Analysis of Molecular Structure:               
---------------------------------------------------------------                
  NACP = Nuclear Attractor Critical Point                                      
  NNACP = Non-Nuclear Attractor Critical Point                                 
  BCP = Bond Critical Point                                                    
  RCP = Ring Critical Point                                                    
  CCP = Cage Critical Point                                                    
  Rho = Electron Density                                                       
  GradRho = Gradient of Electron Density                                       
  HessRho_EigVals = Eigenvalues of the Hessian of Rho, Ascending Order         
  HessRho_EigVecs = Eigenvectors of the Hessian of Rho                         
  DelSqRho = Laplacian of Rho = Trace of Hessian of Rho                        
  Bond Ellipticity = (HessRho_EigVal(1) / HessRho_EigVal(2)) - 1               
  V = Virial Field = Potential Energy Density = Trace of Stress Tensor         
  G = Lagrangian Form of Kinetic Energy Density                                
  K = Hamiltonian Form of Kinetic Energy Density                               
  L = K - G = Lagrangian Density = (-1/4)DelSqRho                              
  Vnuc = Electrostatic Potential from Nuclei                                   
  Ven = Electron-nuclear attractive contribution to Virial Field V             
  Vrep = V - Ven = Repulsive contribution to Virial Field V                    
  DelSqV = Laplacian of V                                                      
  DelSqVen = Laplacian of Ven                                                  
  DelSqVrep = Laplacian of Vrep                                                
  DelSqG = Laplacian of G                                                      
  DelSqK = Laplacian of K                                                      
  Stress_EigVals = Eigenvalues of Stress Tensor, Ascending Order               
  Stress_EigVecs = Eigenvectors of Stress Tensor                               
  -DivStress = Ehrenfest Force Density = Minus Divergence of Stress Tensor     
  ESP = Total Electrostatic Potential                                          
  ESPe = Electrostatic Potential from Electrons                                
  ESPn = Electrostatic Potential from Nuclei                                   
  BP = Bond Path                                                               
  BPL = Bond Path Length                                                       
  GBL = Geometric Bond Length                                                  
  GBL_I = Distance Between Nuclear Attractors                                  
  GBL_II = Distance Between Nuclei                                             
  GBL_III = Sum of Distances Between BCP and Nuclear Attractors                
  GBL_IV = Sum of Distances Between BCP and Nuclei                             

CP# 1      Coords =  5.46828034317763E+00  1.00594674539572E+00 -1.65295981973236E+00
           Type = (3,-3) NACP C1
           Rho =  1.1767607668E+02     Rho at Nucleus =  1.1767607654E+02
           GradRho =  1.3717899039E-10 -4.1109937676E-10 -4.8008508280E-10
           HessRho_EigVals = -1.4499850239E+05 -1.4499766954E+05 -1.4499736733E+05
           HessRho_EigVec1 =  9.3242334308E-01 -5.8800223716E-02  3.5655187978E-01
           HessRho_EigVec2 =  1.3987953305E-01  9.6848484480E-01 -2.0608450119E-01
           HessRho_EigVec3 = -3.3319727717E-01  2.4203231000E-01  9.1126282454E-01
           DelSqRho = -4.3499353925E+05
           Bond Ellipticity = NA
           V = -1.0875862988E+05
           G =  5.1225323166E+00
           K =  1.0875350735E+05
           L =  1.0874838481E+05
           Vnuc =  4.2554768511E+06
           Ven = -5.0076782023E+08
           Vrep =  5.0065906160E+08
           DelSqV =  2.4951444854E+09
           DelSqVen =  1.8511049523E+12
           DelSqVrep = -1.8486098078E+12
           DelSqG =  1.3402091222E+08
           DelSqK = -2.6291653976E+09
           Stress_EigVals = -3.6253142063E+04 -3.6252972950E+04 -3.6252514866E+04
           Stress_EigVec1 = -3.5480457949E-01  6.1685309448E-02  9.3290333528E-01
           Stress_EigVec2 =  7.6766578861E-02  9.9637394037E-01 -3.6686010020E-02
           Stress_EigVec3 =  9.3178356003E-01 -5.8599433099E-02  3.5825340710E-01
           -DivStress = -2.1990105058E+02  7.6233247781E+02  8.2246986016E+02
           ESP =  -1.4748882102E+01     ESP at Nucleus =  -1.4748882119E+01
           ESPe = -2.8248368607E+01     ESPe at Nucleus = -2.8248369616E+01
           ESPn =  1.3499486506E+01     ESPn at Nucleus =  1.3499487497E+01

CP# 2      Coords =  4.70743607808637E+00  2.13937102871425E+00  5.02281418411187E-01
           Type = (3,-3) NACP C2
           Rho =  1.1767596115E+02     Rho at Nucleus =  1.1767596099E+02
           GradRho = -4.1315573185E-10  2.6681823417E-11  6.7453964636E-10
           HessRho_EigVals = -1.4500180230E+05 -1.4500120233E+05 -1.4500083010E+05
           HessRho_EigVec1 =  9.3325083030E-01 -5.3631410598E-02  3.5519932367E-01
           HessRho_EigVec2 =  2.4633242092E-01  8.1524077351E-01 -5.2412099710E-01
           HessRho_EigVec3 = -2.6146362298E-01  5.7663346503E-01  7.7403528399E-01
           DelSqRho = -4.3500383473E+05
           Bond Ellipticity = NA
           V = -1.0876120113E+05
           G =  5.1212222772E+00
           K =  1.0875607990E+05
           L =  1.0875095868E+05
           Vnuc =  3.9809616883E+06
           Ven = -4.6846349298E+08
           Vrep =  4.6835473178E+08
           DelSqV =  2.4952070724E+09
           DelSqVen =  1.7317336187E+12
           DelSqVrep = -1.7292384116E+12
           DelSqG =  1.3402760325E+08
           DelSqK = -2.6292346756E+09
           Stress_EigVals = -3.6253999743E+04 -3.6253794402E+04 -3.6253406981E+04
           Stress_EigVec1 = -1.9864119568E-01  7.4297742851E-01  6.3916055581E-01
           Stress_EigVec2 = -3.0368309648E-01 -6.6671978507E-01  6.8063301794E-01
           Stress_EigVec3 =  9.3183595782E-01 -5.8900500236E-02  3.5806770140E-01
           -DivStress =  5.6301513094E+02 -2.5799187073E+01 -1.0875441539E+03
           ESP =  -1.4749918948E+01     ESP at Nucleus =  -1.4749918966E+01
           ESPe = -2.8584252416E+01     ESPe at Nucleus = -2.8584252670E+01
           ESPn =  1.3834333467E+01     ESPn at Nucleus =  1.3834333704E+01

CP# 3      Coords = -3.39238748583100E+00  2.22720015794841E+00  1.59618009256965E+00
           Type = (3,-3) NACP C3
           Rho =  1.1768229260E+02     Rho at Nucleus =  1.1768229243E+02
           GradRho =  3.3123567778E-10  5.5239446350E-10 -4.3617051637E-10
           HessRho_EigVals = -1.4501180228E+05 -1.4501103203E+05 -1.4501070549E+05
           HessRho_EigVec1 =  9.4922256659E-01 -2.6344827121E-01  1.7196373885E-01
           HessRho_EigVec2 = -8.2649239218E-02  3.1858330687E-01  9.4428479806E-01
           HessRho_EigVec3 =  3.0355497417E-01  9.1054911179E-01 -2.8063266503E-01
           DelSqRho = -4.3503353980E+05
           Bond Ellipticity = NA
           V = -1.0876858385E+05
           G =  5.0994502510E+00
           K =  1.0876348440E+05
           L =  1.0875838495E+05
           Vnuc =  3.9511555493E+06
           Ven = -4.6498104347E+08
           Vrep =  4.6487227488E+08
           DelSqV =  2.4953784297E+09
           DelSqVen =  1.7188850360E+12
           DelSqVrep = -1.7163896576E+12
           DelSqG =  1.3403881937E+08
           DelSqK = -2.6294172490E+09
           Stress_EigVals = -3.6256456277E+04 -3.6256283710E+04 -3.6255843864E+04
           Stress_EigVec1 =  2.8523126595E-01  9.4111780414E-01 -1.8149491360E-01
           Stress_EigVec2 = -1.0504511454E-01  2.1891568588E-01  9.7007290777E-01
           Stress_EigVec3 =  9.5268496831E-01 -2.5762996956E-01  1.6130142575E-01
           -DivStress = -5.4137173613E+02 -8.4204000587E+02  7.2412232425E+02
           ESP =  -1.4753234925E+01     ESP at Nucleus =  -1.4753234943E+01
           ESPe = -2.9184354969E+01     ESPe at Nucleus = -2.9184355438E+01
           ESPn =  1.4431120044E+01     ESPn at Nucleus =  1.4431120494E+01

CP# 4      Coords = -4.13872800610853E+00  1.06978090307632E-02  2.55901483847548E+00
           Type = (3,-3) NACP C4
           Rho =  1.1767813076E+02     Rho at Nucleus =  1.1767813058E+02
           GradRho = -2.5436505680E-10 -8.0761922150E-10  5.8850924134E-11
           HessRho_EigVals = -1.4500582061E+05 -1.4500507068E+05 -1.4500473372E+05
           HessRho_EigVec1 =  9.5236496433E-01 -2.5157290052E-01  1.7237183772E-01
           HessRho_EigVec2 = -1.8117585619E-02  5.1755365090E-01  8.5545892452E-01
           HessRho_EigVec3 =  3.0442195684E-01  8.1783206966E-01 -4.8834207071E-01
           DelSqRho = -4.3501562500E+05
           Bond Ellipticity = NA
           V = -1.0876410160E+05
           G =  5.0976731932E+00
           K =  1.0875900392E+05
           L =  1.0875390625E+05
           Vnuc =  3.8598232917E+06
           Ven = -4.5421679001E+08
           Vrep =  4.5410802591E+08
           DelSqV =  2.4952751288E+09
           DelSqVen =  1.6790832415E+12
           DelSqVrep = -1.6765879663E+12
           DelSqG =  1.3403250358E+08
           DelSqK = -2.6293076324E+09
           Stress_EigVals = -3.6254962744E+04 -3.6254786429E+04 -3.6254352425E+04
           Stress_EigVec1 =  3.0230857448E-01  7.6555619359E-01 -5.6792010024E-01
           Stress_EigVec2 =  7.5841638578E-03  5.9384675077E-01  8.0454242713E-01
           Stress_EigVec3 =  9.5317994432E-01 -2.4752727336E-01  1.7371886107E-01
           -DivStress =  3.0696204247E+02  1.2208912336E+03 -1.1744056963E+02
           ESP =  -1.4752942200E+01     ESP at Nucleus =  -1.4752942220E+01
           ESPe = -2.8935821625E+01     ESPe at Nucleus = -2.8935822426E+01
           ESPn =  1.4182879425E+01     ESPn at Nucleus =  1.4182880206E+01

CP# 5      Coords =  5.19801390778790E+00 -1.74485194130852E+00 -1.38680086644631E+00
           Type = (3,-3) NACP C5
           Rho =  1.1767658831E+02     Rho at Nucleus =  1.1767658817E+02
           GradRho =  2.3699017748E-10  2.9487645659E-10 -5.4772819613E-10
           HessRho_EigVals = -1.4499923984E+05 -1.4499840812E+05 -1.4499810524E+05
           HessRho_EigVec1 =  9.3226271464E-01 -5.6207145082E-02  3.5738912650E-01
           HessRho_EigVec2 =  5.4649535480E-02  9.9840082131E-01  1.4464725225E-02
           HessRho_EigVec3 = -3.5763061834E-01  6.0462257444E-03  9.3384355434E-01
           DelSqRho = -4.3499575320E+05
           Bond Ellipticity = NA
           V = -1.0875918413E+05
           G =  5.1229169350E+00
           K =  1.0875406122E+05
           L =  1.0874893830E+05
           Vnuc =  4.2506880531E+06
           Ven = -5.0020646806E+08
           Vrep =  5.0009770887E+08
           DelSqV =  2.4951572600E+09
           DelSqVen =  1.8490312622E+12
           DelSqVrep = -1.8465361049E+12
           DelSqG =  1.3402169304E+08
           DelSqK = -2.6291789530E+09
           Stress_EigVals = -3.6253326951E+04 -3.6253157523E+04 -3.6252699660E+04
           Stress_EigVec1 = -3.4283771346E-01  1.8700512376E-01  9.2059295344E-01
           Stress_EigVec2 =  1.1804006204E-01  9.8079370322E-01 -1.5527477410E-01
           Stress_EigVec3 =  9.3194895031E-01 -5.5432800829E-02  3.5832716700E-01
           -DivStress = -3.3798174397E+02 -5.3956725424E+02  9.5060208991E+02
           ESP =  -1.4748945364E+01     ESP at Nucleus =  -1.4748945382E+01
           ESPe = -2.8303675243E+01     ESPe at Nucleus = -2.8303676275E+01
           ESPn =  1.3554729879E+01     ESPn at Nucleus =  1.3554730894E+01

CP# 6      Coords =  4.27396405966582E+00 -2.27978027382477E+00  9.30339481250230E-01
           Type = (3,-3) NACP C6
           Rho =  1.1767558844E+02     Rho at Nucleus =  1.1767558827E+02
           GradRho = -3.1366709230E-10  1.5735812653E-10  6.5724869991E-10
           HessRho_EigVals = -1.4500113825E+05 -1.4500053148E+05 -1.4500016064E+05
           HessRho_EigVec1 =  9.3335823891E-01 -6.3529699735E-02  3.5327945753E-01
           HessRho_EigVec2 = -7.1842696981E-02  9.3123417048E-01  3.5726957137E-01
           HessRho_EigVec3 = -3.5168313118E-01 -3.5884104697E-01  8.6461094040E-01
           DelSqRho = -4.3500183036E+05
           Bond Ellipticity = NA
           V = -1.0876069944E+05
           G =  5.1209230677E+00
           K =  1.0875557851E+05
           L =  1.0875045759E+05
           Vnuc =  3.9945547365E+06
           Ven = -4.7006157917E+08
           Vrep =  4.6995281847E+08
           DelSqV =  2.4951953838E+09
           DelSqVen =  1.7376385761E+12
           DelSqVrep = -1.7351434135E+12
           DelSqG =  1.3402678248E+08
           DelSqK = -2.6292221663E+09
           Stress_EigVals = -3.6253832879E+04 -3.6253627838E+04 -3.6253238720E+04
           Stress_EigVec1 = -3.2600391583E-01 -5.5619693763E-01  7.6443862633E-01
           Stress_EigVec2 = -1.5533817063E-01  8.2913950046E-01  5.3702676053E-01
           Stress_EigVec3 =  9.3251890040E-01 -5.6326329062E-02  3.5670133872E-01
           -DivStress =  5.3630968351E+02 -2.9503506606E+02 -1.0562417879E+03
           ESP =  -1.4749946579E+01     ESP at Nucleus =  -1.4749946596E+01
           ESPe = -2.8682548370E+01     ESPe at Nucleus = -2.8682548609E+01
           ESPn =  1.3932601791E+01     ESPn at Nucleus =  1.3932602013E+01

CP# 7      Coords =  3.85927705300410E+00  1.49946762085884E-01  2.35363968929992E+00
           Type = (3,-3) NACP C7
           Rho =  1.1754333014E+02     Rho at Nucleus =  1.1754333013E+02
           GradRho = -1.2027878693E-12  5.5082327588E-13 -1.3849366098E-11
           HessRho_EigVals = -1.4484157496E+05 -1.4484139020E+05 -1.4484119957E+05
           HessRho_EigVec1 =  9.5564263654E-02  9.9049295046E-01 -9.8950424940E-02
           HessRho_EigVec2 =  8.1831662606E-01 -2.1573495213E-02  5.7436267620E-01
           HessRho_EigVec3 = -5.6676747527E-01  1.3586132411E-01  8.1259850455E-01
           DelSqRho = -4.3452416473E+05
           Bond Ellipticity = NA
           V = -1.0864150139E+05
           G =  5.2301031034E+00
           K =  1.0863627129E+05
           L =  1.0863104118E+05
           Vnuc =  2.1728175264E+07
           Ven = -2.5540020784E+09
           Vrep =  2.5538934369E+09
           DelSqV =  2.4924753974E+09
           DelSqVen =  9.4414579958E+12
           DelSqVrep = -9.4389655204E+12
           DelSqG =  1.3388320901E+08
           DelSqK = -2.6263586064E+09
           Stress_EigVals = -3.6213902812E+04 -3.6213852121E+04 -3.6213746456E+04
           Stress_EigVec1 = -5.5561315411E-01  1.3509034816E-01  8.2039296731E-01
           Stress_EigVec2 =  8.2589408708E-01 -2.4113276613E-02  5.6330942369E-01
           Stress_EigVec3 =  9.5880028719E-02  9.9053982642E-01 -9.8172666090E-02
           -DivStress = -2.2311898618E+02  2.3053771149E+01  2.6974811144E+01
           ESP =  -1.4738919924E+01     ESP at Nucleus =  -1.4738919924E+01
           ESPe = -2.8886516077E+01     ESPe at Nucleus = -2.8886516064E+01
           ESPn =  1.4147596153E+01     ESPn at Nucleus =  1.4147596140E+01

CP# 8      Coords = -2.84424264793819E+00  2.63911600327825E+00 -1.17405945567462E+00
           Type = (3,-3) NACP C8
           Rho =  1.1753063594E+02     Rho at Nucleus =  1.1753063588E+02
           GradRho = -7.2012340535E-11 -7.6806783156E-11  1.3276107991E-10
           HessRho_EigVals = -1.4482732023E+05 -1.4482716929E+05 -1.4482703166E+05
           HessRho_EigVec1 =  8.5897929952E-02  8.2437556335E-02  9.9288750367E-01
           HessRho_EigVec2 =  4.5426045870E-01  8.8371505153E-01 -1.1267272676E-01
           HessRho_EigVec3 =  8.8671809573E-01 -4.6070788684E-01 -3.8461171439E-02
           DelSqRho = -4.3448152118E+05
           Bond Ellipticity = NA
           V = -1.0863076248E+05
           G =  5.1910907615E+00
           K =  1.0862557139E+05
           L =  1.0862038030E+05
           Vnuc =  6.6504657581E+06
           Ven = -7.8163346982E+08
           Vrep =  7.8152483906E+08
           DelSqV =  2.4922324520E+09
           DelSqVen =  2.8895050465E+12
           DelSqVrep = -2.8870128141E+12
           DelSqG =  1.3387140504E+08
           DelSqK = -2.6261038570E+09
           Stress_EigVals = -3.6210308408E+04 -3.6210265127E+04 -3.6210188941E+04
           Stress_EigVec1 =  8.7300225960E-01 -4.8716462156E-01  2.3188062158E-02
           Stress_EigVec2 =  4.7184223875E-01  8.3160196352E-01 -2.9292162092E-01
           Stress_EigVec3 =  1.2341781258E-01  2.6666234411E-01  9.5585523892E-01
           -DivStress =  3.8989043132E+02  3.2299261859E+02 -5.2987240240E+02
           ESP =  -1.4747077747E+01     ESP at Nucleus =  -1.4747077748E+01
           ESPe = -2.9199366411E+01     ESPe at Nucleus = -2.9199365524E+01
           ESPn =  1.4452288664E+01     ESPn at Nucleus =  1.4452287776E+01

CP# 9      Coords = -4.47132463420680E+00 -2.35304259470603E+00  9.94967370191767E-01
           Type = (3,-3) NACP C9
           Rho =  1.1752798663E+02     Rho at Nucleus =  1.1752798659E+02
           GradRho = -3.1332159089E-11  5.7812199472E-11  2.5364987888E-11
           HessRho_EigVals = -1.4482264304E+05 -1.4482252426E+05 -1.4482241820E+05
           HessRho_EigVec1 = -1.1318924687E-01  7.2312786331E-01  6.8137675900E-01
           HessRho_EigVec2 =  7.1364263142E-01  5.3632217254E-01 -4.5063590830E-01
           HessRho_EigVec3 =  6.9130484521E-01 -4.3525236421E-01  5.7676077402E-01
           DelSqRho = -4.3446758550E+05
           Bond Ellipticity = NA
           V = -1.0862727075E+05
           G =  5.1871859409E+00
           K =  1.0862208356E+05
           L =  1.0861689637E+05
           Vnuc =  8.1118706936E+06
           Ven = -9.5337183039E+08
           Vrep =  9.5326320312E+08
           DelSqV =  2.4921512215E+09
           DelSqVen =  3.5243452006E+12
           DelSqVrep = -3.5218530494E+12
           DelSqG =  1.3386574712E+08
           DelSqK = -2.6260169686E+09
           Stress_EigVals = -3.6209135697E+04 -3.6209100144E+04 -3.6209034906E+04
           Stress_EigVec1 =  7.0002129966E-01 -5.0509914238E-01  5.0482178676E-01
           Stress_EigVec2 =  6.8687120912E-01  6.6965147553E-01 -2.8244440763E-01
           Stress_EigVec3 = -1.9539222632E-01  5.4446465237E-01  8.1570835487E-01
           -DivStress = -1.3593088058E+02 -5.6401379364E+02 -1.5302636399E+02
           ESP =  -1.4744549820E+01     ESP at Nucleus =  -1.4744549821E+01
           ESPe = -2.8677720469E+01     ESPe at Nucleus = -2.8677719596E+01
           ESPn =  1.3933170649E+01     ESPn at Nucleus =  1.3933169775E+01

CP# 10     Coords = -3.86593096315249E+00  4.72262690419710E-01 -2.81772865055167E+00
           Type = (3,-3) NACP C10
           Rho =  1.1753622668E+02     Rho at Nucleus =  1.1753622664E+02
           GradRho =  8.3084261693E-11  9.7929719889E-12  8.6665452592E-11
           HessRho_EigVals = -1.4483396773E+05 -1.4483387050E+05 -1.4483365971E+05
           HessRho_EigVec1 =  3.2379233947E-01  8.5495318878E-01  4.0523273053E-01
           HessRho_EigVec2 =  5.0017343445E-01 -5.1824112713E-01  6.9372377041E-01
           HessRho_EigVec3 =  8.0310961666E-01 -2.1935795989E-02 -5.9542737969E-01
           DelSqRho = -4.3450149795E+05
           Bond Ellipticity = NA
           V = -1.0863570669E+05
           G =  5.1661003138E+00
           K =  1.0863054059E+05
           L =  1.0862537449E+05
           Vnuc =  7.4583375028E+06
           Ven = -8.7662484740E+08
           Vrep =  8.7651621170E+08
           DelSqV =  2.4923455018E+09
           DelSqVen =  3.2406589932E+12
           DelSqVrep = -3.2381666477E+12
           DelSqG =  1.3387736286E+08
           DelSqK = -2.6262228646E+09
           Stress_EigVals = -3.6211973017E+04 -3.6211898791E+04 -3.6211834880E+04
           Stress_EigVec1 =  7.7623479640E-01  2.6720724030E-03 -6.3043826096E-01
           Stress_EigVec2 =  6.0779258962E-01 -2.6881475790E-01  7.4721268320E-01
           Stress_EigVec3 =  1.6747450210E-01  9.6318818824E-01  2.1028743468E-01
           -DivStress = -3.5684490410E+02 -7.3429326447E+01 -5.4340609652E+02
           ESP =  -1.4750013223E+01     ESP at Nucleus =  -1.4750013223E+01
           ESPe = -2.8869304209E+01     ESPe at Nucleus = -2.8869303011E+01
           ESPn =  1.4119290985E+01     ESPn at Nucleus =  1.4119289787E+01

CP# 11     Coords = -3.25815853433768E+00 -2.10495232581601E+00 -1.63322456126589E+00
           Type = (3,-3) NACP C11
           Rho =  1.1753989889E+02     Rho at Nucleus =  1.1753989881E+02
           GradRho = -2.0964568970E-10  1.1193240779E-10  1.1490149110E-10
           HessRho_EigVals = -1.4484030254E+05 -1.4484017308E+05 -1.4483993265E+05
           HessRho_EigVec1 = -2.9622105289E-01 -3.3324777468E-01  8.9509720617E-01
           HessRho_EigVec2 = -4.3354537640E-01  8.8196220794E-01  1.8488123315E-01
           HessRho_EigVec3 =  8.5105316780E-01  3.3329954162E-01  4.0573380576E-01
           DelSqRho = -4.3452040827E+05
           Bond Ellipticity = NA
           V = -1.0864044086E+05
           G =  5.1693956111E+00
           K =  1.0863527146E+05
           L =  1.0863010207E+05
           Vnuc =  5.8082205021E+06
           Ven = -6.8269765055E+08
           Vrep =  6.8258901011E+08
           DelSqV =  2.4924555632E+09
           DelSqVen =  2.5237903770E+12
           DelSqVrep = -2.5212979214E+12
           DelSqG =  1.3388495347E+08
           DelSqK = -2.6263405167E+09
           Stress_EigVals = -3.6213558682E+04 -3.6213478841E+04 -3.6213403337E+04
           Stress_EigVec1 =  8.2196613594E-01  3.9015111594E-01  4.1491418160E-01
           Stress_EigVec2 = -5.3386373711E-01  7.8158129434E-01  3.2267660365E-01
           Stress_EigVec3 = -1.9839652609E-01 -4.8673687663E-01  8.5072088923E-01
           -DivStress =  6.4790746253E+02 -3.6069280383E+02 -3.9648058861E+02
           ESP =  -1.4751434414E+01     ESP at Nucleus =  -1.4751434415E+01
           ESPe = -2.9187139997E+01     ESPe at Nucleus = -2.9187139142E+01
           ESPn =  1.4435705584E+01     ESPn at Nucleus =  1.4435704727E+01

CP# 12     Coords =  6.16609105422186E+00  1.92598201843590E+00 -3.30573565611519E+00
           Type = (3,-3) NACP H12
           Rho =  4.2670969694E-01     Rho at Nucleus =  4.2302145480E-01
           GradRho = -2.6152040603E-15 -3.0192862099E-15  4.9736690461E-15
           HessRho_EigVals = -6.5149399896E+00 -6.5092883164E+00 -5.9120916748E+00
           HessRho_EigVec1 =  1.1969625315E-01 -8.8621841245E-01 -4.4753740896E-01
           HessRho_EigVec2 =  9.3070126449E-01 -5.6774851844E-02  3.6134716336E-01
           HessRho_EigVec3 = -3.4564137954E-01 -4.5977553397E-01  8.1800886004E-01
           DelSqRho = -1.8936319981E+01
           Bond Ellipticity = NA
           V = -4.7430334858E+00
           G =  4.4767453134E-03
           K =  4.7385567405E+00
           L =  4.7340799952E+00
           Vnuc =  4.1520507598E+01
           Ven = -1.7717203214E+01
           Vrep =  1.2974169728E+01
           DelSqV =  7.1334930048E+02
           DelSqVen =  7.8624561765E+02
           DelSqVrep = -7.2896317170E+01
           DelSqG =  7.0371266281E+01
           DelSqK = -7.8372056676E+02
           Stress_EigVals = -1.6319281971E+00 -1.6314067713E+00 -1.4796985174E+00
           Stress_EigVec1 =  1.2420675424E-01 -8.8704707210E-01 -4.4465736706E-01
           Stress_EigVec2 =  9.3005751595E-01 -5.2087238528E-02  3.6370308854E-01
           Stress_EigVec3 = -3.4578273415E-01 -4.5873130639E-01  8.1853520957E-01
           -DivStress =  2.7375895068E+00  3.6328612104E+00 -6.4805358429E+00
           ESP =  -1.1080089885E+00     ESP at Nucleus =  -1.1105276617E+00
           ESPe = -1.3944763243E+01     ESPe at Nucleus = -1.3854483100E+01
           ESPn =  1.2836754254E+01     ESPn at Nucleus =  1.2743955439E+01

CP# 13     Coords =  4.68931205192253E+00  4.11560937263226E+00  8.88368284502297E-01
           Type = (3,-3) NACP H13
           Rho =  4.2519578298E-01     Rho at Nucleus =  4.2148622512E-01
           GradRho =  6.3251789657E-11 -8.3044056510E-09 -1.5840355191E-09
           HessRho_EigVals = -6.4820390401E+00 -6.4758935003E+00 -5.8791499151E+00
           HessRho_EigVec1 = -3.6695805213E-01 -1.7689207618E-01  9.1326391660E-01
           HessRho_EigVec2 =  9.3020819532E-01 -6.1986461354E-02  3.6176013043E-01
           HessRho_EigVec3 = -7.3825020797E-03  9.8227637251E-01  1.8729289007E-01
           DelSqRho = -1.8837082455E+01
           Bond Ellipticity = NA
           V = -4.7186099799E+00
           G =  4.6696830218E-03
           K =  4.7139402969E+00
           L =  4.7092706139E+00
           Vnuc =  4.1913783830E+01
           Ven = -1.7821564133E+01
           Vrep =  1.3102954153E+01
           DelSqV =  7.0936804561E+02
           DelSqVen =  7.8953341574E+02
           DelSqVrep = -8.0165370134E+01
           DelSqG =  6.9887732244E+01
           DelSqK = -7.7925577785E+02
           Stress_EigVals = -1.6238036538E+00 -1.6234068355E+00 -1.4713994906E+00
           Stress_EigVec1 = -3.5438584304E-01 -1.7930802375E-01  9.1774686427E-01
           Stress_EigVec2 =  9.3506620943E-01 -5.9697324891E-02  3.4941009342E-01
           Stress_EigVec3 = -7.8650006067E-03  9.8198007211E-01  1.8882076090E-01
           -DivStress = -6.0457431695E-02  7.7793351803E+00  1.4875379685E+00
           ESP =  -1.1067218422E+00     ESP at Nucleus =  -1.1092524205E+00
           ESPe = -1.4494854101E+01     ESPe at Nucleus = -1.4405927095E+01
           ESPn =  1.3388132258E+01     ESPn at Nucleus =  1.3296674675E+01

CP# 14     Coords = -3.17259531447271E+00  3.82261469695820E+00  2.82503258861487E+00
           Type = (3,-3) NACP H14
           Rho =  4.2941285843E-01     Rho at Nucleus =  4.2587535071E-01
           GradRho = -4.4625761420E-16 -9.5583263526E-16 -1.1171619185E-15
           HessRho_EigVals = -6.5628116929E+00 -6.5552963526E+00 -5.9718632741E+00
           HessRho_EigVec1 = -2.5423621413E-01 -5.7199036393E-01  7.7986599554E-01
           HessRho_EigVec2 =  9.6117334703E-01 -2.3888156365E-01  1.3813542450E-01
           HessRho_EigVec3 =  1.0728347671E-01  7.8470543653E-01  6.1051423694E-01
           DelSqRho = -1.9089971320E+01
           Bond Ellipticity = NA
           V = -4.7819471446E+00
           G =  4.7271573317E-03
           K =  4.7772199872E+00
           L =  4.7724928299E+00
           Vnuc =  4.3239869326E+01
           Ven = -1.8567755886E+01
           Vrep =  1.3785808741E+01
           DelSqV =  7.1989458325E+02
           DelSqVen =  8.2544786530E+02
           DelSqVrep = -1.0555328206E+02
           DelSqG =  7.1070109329E+01
           DelSqK = -7.9096469257E+02
           Stress_EigVals = -1.6439599255E+00 -1.6430236045E+00 -1.4949636145E+00
           Stress_EigVec1 = -2.1630637968E-01 -5.7945452061E-01  7.8577605503E-01
           Stress_EigVec2 =  9.7035537185E-01 -2.1646292015E-01  1.0749072758E-01
           Stress_EigVec3 =  1.0780539144E-01  7.8573294620E-01  6.0909911741E-01
           -DivStress =  8.3537459943E-01  6.1047104212E+00  4.7508855230E+00
           ESP =  -1.1217048987E+00     ESP at Nucleus =  -1.1240816844E+00
           ESPe = -1.4944871194E+01     ESPe at Nucleus = -1.4855311655E+01
           ESPn =  1.3823166295E+01     ESPn at Nucleus =  1.3731229970E+01

CP# 15     Coords = -4.54081217898382E+00 -1.31997734565618E-01  4.53923415813545E+00
           Type = (3,-3) NACP H15
           Rho =  4.2927463214E-01     Rho at Nucleus =  4.2573603839E-01
           GradRho =  4.8862304133E-10  1.5993879485E-10 -2.4182928524E-09
           HessRho_EigVals = -6.5600051250E+00 -6.5523910968E+00 -5.9690687511E+00
           HessRho_EigVec1 =  2.1767260405E-01  9.6994606468E-01  1.0873485667E-01
