AIMSum (Version 19.02.13, Professional)
Copyright (c) 1997-2019 by Todd A. Keith
AIMSum is a component of the AIMAll package ( http://aim.tkgristmill.com )

TP:  64-bit Linux

Much of the Quantum Theory of Atoms in Molecules (QTAIM) is described in the book:
  "Atoms in Molecules - A Quantum Theory"
  R.F.W. Bader, Oxford University Press, Oxford, 1990

For additional references see:  http://aim.tkgristmill.com/references.html

Wfn File:  /home/mhennefarth/Documents/ML_Diels/summary-liu2013/1dx-opt/1dx-opt.wfn
Sum File:  /home/mhennefarth/Documents/ML_Diels/summary-liu2013/1dx-opt/1dx-opt.sum

SumViz File:  /home/mhennefarth/Documents/ML_Diels/summary-liu2013/1dx-opt/1dx-opt.sumviz

Wfn Title:   Title Card Required                                                           
 
Total memory allocated for AIMSum =        1.383 Megabytes

Atomic units (a.u.) used throughout, except where stated otherwise

Model:  Restricted SCF
 
Restricted, closed-shell, single-determinant wavefunction.
  Number of electrons (from MO Occs)                   =          82.0000000000
  Number of Alpha electrons (from MO Occs)             =          41.0000000000
  Number of Beta electrons (from MO Occs)              =          41.0000000000
  Number of electron pairs (N*(N-1)/2)                 =        3321.0000000000
  Number of electron pairs (from Muller 2EDM)          =        3321.0000000000
 
Nuclear Charges and Cartesian Coordinates:
-------------------------------------------------------------------------------
Atom      Charge                X                  Y                  Z
-------------------------------------------------------------------------------
C1         6.0           6.3387964700E+00   1.5775856800E+00  -1.3002932100E+00
C2         6.0           5.3890551300E+00   2.1456166000E+00   9.9761285000E-01
C3         6.0          -1.9834518100E+00   1.2727596300E+00  -7.2069650000E-01
C4         6.0          -2.0282659300E+00  -1.2487284300E+00  -9.0826100000E-01
C5         6.0           6.3682381400E+00  -1.1810174500E+00  -1.6240278800E+00
C6         6.0           5.4368818600E+00  -2.2855863500E+00   4.7766909000E-01
C7         6.0           4.7061056200E+00  -2.6645475000E-01   2.3470082400E+00
C8         6.0          -4.3515340100E+00  -2.8251842700E+00  -3.9818811000E-01
C9         6.0          -6.4194071100E+00  -1.3093545200E+00   9.6780757000E-01
C10        6.0          -6.7335256900E+00   1.3174023700E+00  -2.2065887000E-01
C11        6.0          -4.2670487400E+00   2.8422495500E+00  -3.7663200000E-02
H12        1.0           6.9923887800E+00   2.9153437600E+00  -2.7109603800E+00
H13        1.0           5.1308306100E+00   4.0149527900E+00   1.7952271200E+00
H14        1.0          -2.2354783000E-01   2.2773259900E+00  -1.0830219700E+00
H15        1.0          -3.1302604000E-01  -2.2465327000E+00  -1.4563728800E+00
H16        1.0           7.0457127100E+00  -2.1416556600E+00  -3.3047477600E+00
H17        1.0           5.2201018200E+00  -4.2938329600E+00   8.2001940000E-01
H18        1.0           5.7080807300E+00  -4.6781976000E-01   4.1587046300E+00
H19        1.0           2.6755562800E+00  -3.4079118000E-01   2.7935492900E+00
H20        1.0          -3.8340506100E+00  -4.4973428600E+00   7.2003418000E-01
H21        1.0          -5.0887159500E+00  -3.5730427700E+00  -2.1966586700E+00
H22        1.0          -5.8959369100E+00  -1.0902186100E+00   2.9659018400E+00
H23        1.0          -8.2126591200E+00  -2.3486562200E+00   9.3130796000E-01
H24        1.0          -7.2518771000E+00   1.0982468700E+00  -2.2198410200E+00
H25        1.0          -8.2840162300E+00   2.3511832100E+00   6.8753977000E-01
H26        1.0          -4.0390173800E+00   3.5975888200E+00   1.8897663500E+00
H27        1.0          -4.3648872700E+00   4.5095229400E+00  -1.2723017700E+00
 
Some Atomic Properties:
----------------------
  q(A) = Net Charge of Atom A
  L(A) = Lagrangian of Atom A = -(1/4) Times Atomic Integral of the Laplacian of the Electron Density
  K(A) = Electronic Kinetic Energy of Atom A (Hamiltonian Form)
  K_Scaled(A) = K(A) * E(Mol)/K(Mol) = Approximation to Virial-Based Total Energy of Atom A.
  |Mu_Intra(A)| = Magnitude of Intraatomic Dipole Moment of Atom A
--------------------------------------------------------------------------------------------------
Atom A          q(A)              L(A)              K(A)          K_Scaled(A)      |Mu_Intra(A)|
--------------------------------------------------------------------------------------------------
C1       -5.6687115000E-02 -5.7197013991E-05  3.7726383058E+01 -3.8110358413E+01  1.5345918651E-01
C2       -7.4903276500E-02 -8.2680456658E-05  3.7731078584E+01 -3.8115101729E+01  1.7033528244E-01
C3       -7.1201398400E-02  1.1956727396E-06  3.7723964514E+01 -3.8107915253E+01  8.3850866080E-02
C4       -7.1430789600E-02  1.9546051192E-05  3.7723884435E+01 -3.8107834359E+01  8.3191179676E-02
C5       -5.6179782000E-02 -1.4047380694E-06  3.7726292846E+01 -3.8110267282E+01  1.5353587258E-01
C6       -7.4818855200E-02  9.5524250718E-06  3.7730894469E+01 -3.8114915739E+01  1.7045463651E-01
C7       -1.3952089300E-02 -3.5882490063E-04  3.7705890898E+01 -3.8089657685E+01  1.5620642992E-01
C8        1.6387677900E-02 -1.5937394279E-04  3.7673111588E+01 -3.8056544750E+01  7.2817717492E-02
C9        2.0821323500E-02  2.3900530976E-04  3.7671233325E+01 -3.8054647371E+01  6.9646505599E-02
C10       2.0592637900E-02  7.1781494417E-06  3.7671153486E+01 -3.8054566719E+01  6.9242372903E-02
C11       1.6489989800E-02 -4.7282763183E-06  3.7672850870E+01 -3.8056281379E+01  7.1374211748E-02
H12       4.3427583970E-02  2.0615746986E-05  5.9359359168E-01 -5.9963512790E-01  1.5015083168E-01
H13       4.7259758900E-02  2.1296323244E-05  5.9152139248E-01 -5.9754183806E-01  1.5041081809E-01
H14       3.4602820940E-02  3.5825648293E-05  6.0084659692E-01 -6.0696195350E-01  1.4909108533E-01
H15       3.2911181800E-02  2.6256321357E-05  6.0140336589E-01 -6.0752438920E-01  1.5002047012E-01
H16       4.3441084950E-02  2.1023621540E-05  5.9359849575E-01 -5.9964008188E-01  1.5015426961E-01
H17       4.7093078540E-02  1.9801752396E-05  5.9156810112E-01 -5.9758902210E-01  1.5046792639E-01
H18       4.0667573200E-02  2.5477516766E-05  5.9086439473E-01 -5.9687815345E-01  1.5230842411E-01
H19       5.4626932400E-02  2.3593720537E-05  5.8516096362E-01 -5.9111667340E-01  1.4844428814E-01
H20       4.1371375700E-03  2.5666037854E-05  6.1407144961E-01 -6.2032140742E-01  1.5754951548E-01
H21       4.5718570800E-03  2.6167755310E-05  6.1251527898E-01 -6.1874939824E-01  1.5875079924E-01
H22      -5.7180049000E-03  2.8453876409E-05  6.1879391735E-01 -6.2509193996E-01  1.5960370062E-01
H23      -3.0066820000E-03  2.5021286207E-05  6.1773626742E-01 -6.2402352537E-01  1.5819524484E-01
H24      -4.3714277000E-03  3.0523350567E-05  6.1832716977E-01 -6.2462044187E-01  1.5915098584E-01
H25      -3.1933384000E-03  2.3401974826E-05  6.1780279539E-01 -6.2409073046E-01  1.5823621870E-01
H26       3.0635592500E-03  2.4994280549E-05  6.1314602297E-01 -6.1938656188E-01  1.5899665764E-01
H27       5.4226883100E-03  2.3435155244E-05  6.1358984021E-01 -6.1983489624E-01  1.5726684397E-01
--------------------------------------------------------------------------------------------------
Total     5.4127010000E-05  1.3822647833E-05  4.2443127772E+02 -4.2875109682E+02
 
1st Largest |L(A)| = 3.5882490063E-04, atom C7      
2nd Largest |L(A)| = 2.3900530976E-04, atom C9      
 
Molecular charge q(Mol) from the wfn file:   0.0000000000E+00
Molecular energy E(Mol) from the wfn file:  -4.2875112652E+02
Molecular virial ratio (-V(Mol)/T(Mol)) from the wfn file:   2.0101779000E+00
Note.  K_Scaled(A) = (1+V(Mol)/T(Mol))*K(A) = (E(Mol)/T(Mol))*K(A)
       Only use K_Scaled(A) data with caution.
 
N_AIMInt(SumA)     =         81.999946
N_Analytic(Mol)    =         81.999986
 
G_AIMInt(SumA)     =        424.431264
G_Analytic(Mol)    =        424.431273
 
K_AIMInt(SumA)     =        424.431278
K_Analytic(Mol)    =        424.431273
 
L_AIMInt(SumA)     =          0.000014
L_Analytic(Mol)    =          0.000000
 
VenT_AIMInt(SumA)  =      -2101.709171
VenT_Analytic(Mol) =      -2101.709806
 
Some Information About the Atomic Calculations:
----------------------------------------------
  Time(sec) = "Elapsed User Time", in Seconds, for Atom A by AIMInt and, if used, by TWOe
  NProc = Number of Processors Used for AIMInt Job
  BIM = Basin Integration Method
  OAQ = Angular Quadrature Outside of Beta Sphere
  ORQ = Multiple of Default for Radial Quadrature Outside of Beta Sphere
  IAQ = Multiple of Default for Angular Quadrature Inside of Beta Sphere
  IRQ = Multiple of Default for Radial Quadrature Inside of Beta Sphere
  MIR = Maximum Integration Radius
------------------------------------------------------------------------------------------------------
Atom A     Time(sec)   NProc      BIM          OAQ                     ORQ      IAQ      IRQ      MIR
------------------------------------------------------------------------------------------------------
C1             23        8     Proaim(5)    4500(GS4)                  1.00     1.00     1.00    13.00
C2             28        8     Proaim(5)    4500(GS4)                  1.00     1.00     1.00    13.00
C3             45        8     Proaim(5)    4500(GS4)                  1.00     1.00     1.00    13.00
C4             38        8     Proaim(5)    4500(GS4)                  1.00     1.00     1.00    13.00
C5             22        8     Proaim(5)    4500(GS4)                  1.00     1.00     1.00    13.00
C6             27        8     Proaim(5)    4500(GS4)                  1.00     1.00     1.00    13.00
C7             27        8     Proaim(5)    4500(GS4)                  1.00     1.00     1.00    13.00
C8             26        8     Proaim(5)    4500(GS4)                  1.00     1.00     1.00    13.00
C9             27        8     Proaim(5)    4500(GS4)                  1.00     1.00     1.00    13.00
C10            27        8     Proaim(5)    4500(GS4)                  1.00     1.00     1.00    13.00
C11            27        8     Proaim(5)    4500(GS4)                  1.00     1.00     1.00    13.00
H12             6        8     Proaim(5)    1800(GS4)                  1.00     1.00     1.00    13.00
H13             6        8     Proaim(5)    1800(GS4)                  1.00     1.00     1.00    13.00
H14            14        8     Proaim(5)    4500(GS4)                  1.00     1.00     1.00    13.00
H15            14        8     Proaim(5)    4500(GS4)                  1.00     1.00     1.00    13.00
H16             6        8     Proaim(5)    1800(GS4)                  1.00     1.00     1.00    13.00
H17             6        8     Proaim(5)    1800(GS4)                  1.00     1.00     1.00    13.00
H18             5        8     Proaim(5)    1800(GS4)                  1.00     1.00     1.00    13.00
H19            16        8     Proaim(5)    4500(GS4)                  1.00     1.00     1.00    13.00
H20             7        8     Proaim(5)    1800(GS4)                  1.00     1.00     1.00    13.00
H21             7        8     Proaim(5)    1800(GS4)                  1.00     1.00     1.00    13.00
H22             7        8     Proaim(5)    1800(GS4)                  1.00     1.00     1.00    13.00
H23             6        8     Proaim(5)    1800(GS4)                  1.00     1.00     1.00    13.00
H24             7        8     Proaim(5)    1800(GS4)                  1.00     1.00     1.00    13.00
H25             6        8     Proaim(5)    1800(GS4)                  1.00     1.00     1.00    13.00
H26             7        8     Proaim(5)    1800(GS4)                  1.00     1.00     1.00    13.00
H27             6        8     Proaim(5)    1800(GS4)                  1.00     1.00     1.00    13.00
------------------------------------------------------------------------------------------------------
Total         443
Note:  Total wall clock time is less than total of atomic times if more than one atom
       was calculated at a time
 
Electron Density Critical Point Analysis of Molecular Structure:               
---------------------------------------------------------------                
  NACP = Nuclear Attractor Critical Point                                      
  NNACP = Non-Nuclear Attractor Critical Point                                 
  BCP = Bond Critical Point                                                    
  RCP = Ring Critical Point                                                    
  CCP = Cage Critical Point                                                    
  Rho = Electron Density                                                       
  GradRho = Gradient of Electron Density                                       
  HessRho_EigVals = Eigenvalues of the Hessian of Rho, Ascending Order         
  HessRho_EigVecs = Eigenvectors of the Hessian of Rho                         
  DelSqRho = Laplacian of Rho = Trace of Hessian of Rho                        
  Bond Ellipticity = (HessRho_EigVal(1) / HessRho_EigVal(2)) - 1               
  V = Virial Field = Potential Energy Density = Trace of Stress Tensor         
  G = Lagrangian Form of Kinetic Energy Density                                
  K = Hamiltonian Form of Kinetic Energy Density                               
  L = K - G = Lagrangian Density = (-1/4)DelSqRho                              
  Vnuc = Electrostatic Potential from Nuclei                                   
  Ven = Electron-nuclear attractive contribution to Virial Field V             
  Vrep = V - Ven = Repulsive contribution to Virial Field V                    
  DelSqV = Laplacian of V                                                      
  DelSqVen = Laplacian of Ven                                                  
  DelSqVrep = Laplacian of Vrep                                                
  DelSqG = Laplacian of G                                                      
  DelSqK = Laplacian of K                                                      
  Stress_EigVals = Eigenvalues of Stress Tensor, Ascending Order               
  Stress_EigVecs = Eigenvectors of Stress Tensor                               
  -DivStress = Ehrenfest Force Density = Minus Divergence of Stress Tensor     
  ESP = Total Electrostatic Potential                                          
  ESPe = Electrostatic Potential from Electrons                                
  ESPn = Electrostatic Potential from Nuclei                                   
  BP = Bond Path                                                               
  BPL = Bond Path Length                                                       
  GBL = Geometric Bond Length                                                  
  GBL_I = Distance Between Nuclear Attractors                                  
  GBL_II = Distance Between Nuclei                                             
  GBL_III = Sum of Distances Between BCP and Nuclear Attractors                
  GBL_IV = Sum of Distances Between BCP and Nuclei                             

CP# 1      Coords =  6.33879688520320E+00  1.57758500573668E+00 -1.30029438153868E+00
           Type = (3,-3) NACP C1
           Rho =  1.1767651264E+02     Rho at Nucleus =  1.1767651249E+02
           GradRho =  1.8111995237E-10 -2.8798963214E-10 -5.4412935269E-10
           HessRho_EigVals = -1.4499902812E+05 -1.4499819046E+05 -1.4499788561E+05
           HessRho_EigVec1 =  9.2098161488E-01 -3.5894812854E-02  3.8794900111E-01
           HessRho_EigVec2 =  3.5453964425E-02  9.9933687362E-01  8.2963498750E-03
           HessRho_EigVec3 = -3.8798953782E-01  6.1135443783E-03  9.2164350110E-01
           DelSqRho = -4.3499510419E+05
           Bond Ellipticity = NA
           V = -1.0875902027E+05
           G =  5.1221113303E+00
           K =  1.0875389816E+05
           L =  1.0874877605E+05
           Vnuc =  4.2431548501E+06
           Ven = -4.9931966535E+08
           Vrep =  4.9921090633E+08
           DelSqV =  2.4951533922E+09
           DelSqVen =  1.8457517425E+12
           DelSqVrep = -1.8432565891E+12
           DelSqG =  1.3402137443E+08
           DelSqK = -2.6291747667E+09
           Stress_EigVals = -3.6253273322E+04 -3.6253103033E+04 -3.6252643916E+04
           Stress_EigVec1 = -3.8926605734E-01 -1.7341760285E-01  9.0465367496E-01
           Stress_EigVec2 = -3.4209560480E-02  9.8416207375E-01  1.7393883568E-01
           Stress_EigVec3 =  9.2048989270E-01 -3.6760680176E-02  3.8903343021E-01
           -DivStress = -3.3540426202E+02  5.5220139752E+02  9.4672112105E+02
           ESP =  -1.4748805509E+01     ESP at Nucleus =  -1.4748805526E+01
           ESPe = -2.7758025211E+01     ESPe at Nucleus = -2.7758026217E+01
           ESPn =  1.3009219702E+01     ESPn at Nucleus =  1.3009220691E+01

CP# 2      Coords =  5.38905440539783E+00  2.14561626708034E+00  9.97614150832357E-01
           Type = (3,-3) NACP C2
           Rho =  1.1767472228E+02     Rho at Nucleus =  1.1767472211E+02
           GradRho = -4.1153258579E-10 -1.8572865468E-10  6.7828720418E-10
           HessRho_EigVals = -1.4500006369E+05 -1.4499947390E+05 -1.4499909629E+05
           HessRho_EigVec1 =  9.2257848417E-01 -2.7794556526E-02  3.8480696871E-01
           HessRho_EigVec2 =  1.6707226586E-01  9.2781294743E-01 -3.3354159047E-01
           HessRho_EigVec3 = -3.4775824724E-01  3.7200886712E-01  8.6062396217E-01
           DelSqRho = -4.3499863387E+05
           Bond Ellipticity = NA
           V = -1.0875990154E+05
           G =  5.1215333912E+00
           K =  1.0875478000E+05
           L =  1.0874965847E+05
           Vnuc =  3.9323910596E+06
           Ven = -4.6274302584E+08
           Vrep =  4.6263426593E+08
           DelSqV =  2.4951771533E+09
           DelSqVen =  1.7105848566E+12
           DelSqVrep = -1.7080896794E+12
           DelSqG =  1.3402580890E+08
           DelSqK = -2.6292029622E+09
           Stress_EigVals = -3.6253566848E+04 -3.6253359663E+04 -3.6252975024E+04
           Stress_EigVec1 = -3.0129053404E-01  5.6569959249E-01  7.6759884390E-01
           Stress_EigVec2 =  2.4692922193E-01  8.2383314002E-01 -5.1022045898E-01
           Stress_EigVec3 =  9.2100487157E-01 -3.5817990716E-02  3.8790088693E-01
           -DivStress =  5.8882649094E+02  2.7609856727E+02 -1.0558057330E+03
           ESP =  -1.4749877363E+01     ESP at Nucleus =  -1.4749877381E+01
           ESPe = -2.8082726016E+01     ESPe at Nucleus = -2.8082726302E+01
           ESPn =  1.3332848652E+01     ESPn at Nucleus =  1.3332848921E+01

CP# 3      Coords = -1.98345248642576E+00  1.27276107873548E+00 -7.20696110460617E-01
           Type = (3,-3) NACP C3
           Rho =  1.1767903902E+02     Rho at Nucleus =  1.1767903883E+02
           GradRho = -3.9710856825E-10  8.8977247792E-10  2.3875148907E-10
           HessRho_EigVals = -1.4500728306E+05 -1.4500650271E+05 -1.4500616201E+05
           HessRho_EigVec1 =  2.5347910887E-01 -8.9056167306E-02  9.6323275507E-01
           HessRho_EigVec2 =  9.3543460023E-01 -2.3106560684E-01 -2.6752718370E-01
           HessRho_EigVec3 =  2.4639490671E-01  9.6885379929E-01  2.4735916150E-02
           DelSqRho = -4.3501994777E+05
           Bond Ellipticity = NA
           V = -1.0876518570E+05
           G =  5.0993789024E+00
           K =  1.0876008632E+05
           L =  1.0875498694E+05
           Vnuc =  3.6460151876E+06
           Ven = -4.2905956354E+08
           Vrep =  4.2895079836E+08
           DelSqV =  2.4953002087E+09
           DelSqVen =  1.5860892467E+12
           DelSqVrep = -1.5835939465E+12
           DelSqG =  1.3403418351E+08
           DelSqK = -2.6293343922E+09
           Stress_EigVals = -3.6255328183E+04 -3.6255148835E+04 -3.6254708684E+04
           Stress_EigVec1 =  2.8793864400E-01  9.5762393882E-01  6.9086242117E-03
           Stress_EigVec2 =  9.2569318198E-01 -2.7647514246E-01 -2.5817364010E-01
           Stress_EigVec3 =  2.4532319527E-01 -8.0733434175E-02  9.6607382869E-01
           -DivStress =  5.5290269942E+02 -1.1771753884E+03 -3.1747339905E+02
           ESP =  -1.4757161571E+01     ESP at Nucleus =  -1.4757161591E+01
           ESPe = -2.9488546806E+01     ESPe at Nucleus = -2.9488547536E+01
           ESPn =  1.4731385234E+01     ESPn at Nucleus =  1.4731385945E+01

CP# 4      Coords = -2.02826666282265E+00 -1.24872990464408E+00 -9.08260942773167E-01
           Type = (3,-3) NACP C4
           Rho =  1.1767866902E+02     Rho at Nucleus =  1.1767866883E+02
           GradRho = -4.1153336294E-10 -8.9494212041E-10  3.0475344470E-11
           HessRho_EigVals = -1.4500679317E+05 -1.4500602375E+05 -1.4500568221E+05
           HessRho_EigVec1 =  2.5802536836E-01 -8.4849620307E-02  9.6240503491E-01
           HessRho_EigVec2 =  9.4627007021E-01  2.2317225323E-01 -2.3402371592E-01
           HessRho_EigVec3 = -1.9492527673E-01  9.7107913546E-01  1.3787475901E-01
           DelSqRho = -4.3501849913E+05
           Bond Ellipticity = NA
           V = -1.0876482378E+05
           G =  5.0994981552E+00
           K =  1.0875972428E+05
           L =  1.0875462478E+05
           Vnuc =  3.6414785503E+06
           Ven = -4.2852434907E+08
           Vrep =  4.2841558425E+08
           DelSqV =  2.4952919112E+09
           DelSqVen =  1.5841106985E+12
           DelSqVrep = -1.5816154066E+12
           DelSqG =  1.3403371195E+08
           DelSqK = -2.6293256232E+09
           Stress_EigVals = -3.6255206625E+04 -3.6255027417E+04 -3.6254589736E+04
           Stress_EigVec1 = -2.4444234135E-01  9.5869342553E-01  1.4544709554E-01
           Stress_EigVec2 =  9.3368106908E-01  2.7319117620E-01 -2.3153021938E-01
           Stress_EigVec3 =  2.6170136223E-01 -7.9205410738E-02  9.6189339322E-01
           -DivStress =  5.9928899124E+02  1.1980899925E+03 -4.5289715058E+01
           ESP =  -1.4757054509E+01     ESP at Nucleus =  -1.4757054529E+01
           ESPe = -2.9459817880E+01     ESPe at Nucleus = -2.9459818691E+01
           ESPn =  1.4702763371E+01     ESPn at Nucleus =  1.4702764162E+01

CP# 5      Coords =  6.36823854774990E+00 -1.18101650948625E+00 -1.62402885972402E+00
           Type = (3,-3) NACP C5
           Rho =  1.1767611829E+02     Rho at Nucleus =  1.1767611814E+02
           GradRho =  1.4011714011E-10  4.3084136259E-10 -4.6419001976E-10
           HessRho_EigVals = -1.4499843536E+05 -1.4499759845E+05 -1.4499729238E+05
           HessRho_EigVec1 =  9.2103240966E-01 -3.5800772778E-02  3.8783708568E-01
           HessRho_EigVec2 = -5.5700352292E-02  9.7342420550E-01  2.2213236348E-01
           HessRho_EigVec3 = -3.8548251726E-01 -2.2619376831E-01  8.9456112595E-01
           DelSqRho = -4.3499332619E+05
           Bond Ellipticity = NA
           V = -1.0875857548E+05
           G =  5.1219643344E+00
           K =  1.0875345351E+05
           L =  1.0874833155E+05
           Vnuc =  4.2313654763E+06
           Ven = -4.9793066432E+08
           Vrep =  4.9782190574E+08
           DelSqV =  2.4951431192E+09
           DelSqVen =  1.8406156698E+12
           DelSqVrep = -1.8381205103E+12
           DelSqG =  1.3402072438E+08
           DelSqK = -2.6291638436E+09
           Stress_EigVals = -3.6253125239E+04 -3.6252954549E+04 -3.6252495688E+04
           Stress_EigVec1 = -3.9042076131E-01 -4.8778865574E-02  9.1934338058E-01
           Stress_EigVec2 =  1.3328496562E-02  9.9819123143E-01  5.8622663531E-02
           Stress_EigVec3 =  9.2054004819E-01 -3.5140970013E-02  3.8906443156E-01
           -DivStress = -3.2924313941E+02 -7.6716672543E+02  7.8998951796E+02
           ESP =  -1.4748862483E+01     ESP at Nucleus =  -1.4748862501E+01
           ESPe = -2.7751457689E+01     ESPe at Nucleus = -2.7751458693E+01
           ESPn =  1.3002595205E+01     ESPn at Nucleus =  1.3002596192E+01

CP# 6      Coords =  5.43688114001390E+00 -2.28558634573408E+00  4.77670439485797E-01
           Type = (3,-3) NACP C6
           Rho =  1.1767400997E+02     Rho at Nucleus =  1.1767400980E+02
           GradRho = -3.4784686243E-10  1.7742474157E-11  7.0495831395E-10
           HessRho_EigVals = -1.4499900729E+05 -1.4499841834E+05 -1.4499804004E+05
           HessRho_EigVec1 =  9.2310218367E-01 -4.2382916238E-02  3.8221204444E-01
           HessRho_EigVec2 = -1.8523539285E-01  8.2199823946E-01  5.3852274192E-01
           HessRho_EigVec3 = -3.3700179189E-01 -5.6791071722E-01  7.5093755368E-01
           DelSqRho = -4.3499546566E+05
           Bond Ellipticity = NA
           V = -1.0875910889E+05
           G =  5.1212387779E+00
           K =  1.0875398765E+05
           L =  1.0874886641E+05
           Vnuc =  3.9227466792E+06
           Ven = -4.6160533185E+08
           Vrep =  4.6149657274E+08
           DelSqV =  2.4951588532E+09
           DelSqVen =  1.7063769539E+12
           DelSqVrep = -1.7038817950E+12
           DelSqG =  1.3402466236E+08
           DelSqK = -2.6291835156E+09
           Stress_EigVals = -3.6253302631E+04 -3.6253095336E+04 -3.6252710924E+04
           Stress_EigVec1 =  2.8710305911E-01  7.3407364707E-01 -6.1539232538E-01
           Stress_EigVec2 = -2.6263057580E-01  6.7814408502E-01  6.8640059776E-01
           Stress_EigVec3 =  9.2119325557E-01 -3.5446870632E-02  3.8748742594E-01
           -DivStress =  5.8507768802E+02 -9.1934111924E+00 -1.0966879622E+03
           ESP =  -1.4749913964E+01     ESP at Nucleus =  -1.4749913982E+01
           ESPe = -2.8073567994E+01     ESPe at Nucleus = -2.8073568288E+01
           ESPn =  1.3323654030E+01     ESPn at Nucleus =  1.3323654307E+01

CP# 7      Coords =  4.70610581154019E+00 -2.66454747128368E-01  2.34700824905527E+00
           Type = (3,-3) NACP C7
           Rho =  1.1754083534E+02     Rho at Nucleus =  1.1754083534E+02
           GradRho =  4.6941894816E-11 -3.7412156706E-12  9.3508534249E-12
           HessRho_EigVals = -1.4483745063E+05 -1.4483727555E+05 -1.4483709346E+05
           HessRho_EigVec1 = -1.0511880126E-02  9.9322731091E-01  1.1571088645E-01
           HessRho_EigVec2 =  8.3624178747E-01 -5.4714773655E-02  5.4562438218E-01
           HessRho_EigVec3 = -5.4826013284E-01 -1.0249781661E-01  8.3000302670E-01
           DelSqRho = -4.3451181964E+05
           Bond Ellipticity = NA
           V = -1.0863841243E+05
           G =  5.2287622596E+00
           K =  1.0863318367E+05
           L =  1.0862795491E+05
           Vnuc =  3.1286575945E+07
           Ven = -3.6774502716E+09
           Vrep =  3.6773416332E+09
           DelSqV =  2.4924037096E+09
           DelSqVen =  1.3594460684E+13
           DelSqVrep = -1.3591968281E+13
           DelSqG =  1.3387838700E+08
           DelSqK = -2.6262820966E+09
           Stress_EigVals = -3.6212870414E+04 -3.6212822658E+04 -3.6212719363E+04
           Stress_EigVec1 = -5.2648164678E-01 -1.0409236905E-01  8.4379017197E-01
           Stress_EigVec2 =  8.5011763857E-01 -5.1823350931E-02  5.2403658354E-01
           Stress_EigVec3 = -1.0820175254E-02  9.9321655192E-01  1.1577480211E-01
           -DivStress = -1.5657765619E+02 -2.5547266131E+00 -5.5512003355E+00
           ESP =  -1.4737960727E+01     ESP at Nucleus =  -1.4737960727E+01
           ESPe = -2.8288541143E+01     ESPe at Nucleus = -2.8288541149E+01
           ESPn =  1.3550580416E+01     ESPn at Nucleus =  1.3550580422E+01

CP# 8      Coords = -4.35153372753095E+00 -2.82518369459884E+00 -3.98188090380110E-01
           Type = (3,-3) NACP C8
           Rho =  1.1752838849E+02     Rho at Nucleus =  1.1752838846E+02
           GradRho =  6.9719889584E-11  7.3846970206E-11  2.9707902804E-12
           HessRho_EigVals = -1.4482336096E+05 -1.4482326416E+05 -1.4482314891E+05
           HessRho_EigVec1 =  8.5719940329E-01  1.3978487334E-01 -4.9565045362E-01
           HessRho_EigVec2 =  1.0100128356E-01  8.9813168560E-01  4.2796987748E-01
           HessRho_EigVec3 =  5.0498309250E-01 -4.1691685562E-01  7.5575949335E-01
           DelSqRho = -4.3446977402E+05
           Bond Ellipticity = NA
           V = -1.0862781821E+05
           G =  5.1873507319E+00
           K =  1.0862263086E+05
           L =  1.0861744351E+05
           Vnuc =  9.3560717320E+06
           Ven = -1.0996040332E+09
           Vrep =  1.0994954054E+09
           DelSqV =  2.4921639787E+09
           DelSqVen =  4.0649285960E+12
           DelSqVrep = -4.0624364320E+12
           DelSqG =  1.3386666039E+08
           DelSqK = -2.6260306391E+09
           Stress_EigVals = -3.6209317908E+04 -3.6209282478E+04 -3.6209217821E+04
           Stress_EigVec1 =  4.1908892180E-01 -4.7536082257E-01  7.7356096333E-01
           Stress_EigVec2 =  2.1754464211E-01  8.7974604213E-01  4.2275433771E-01
           Stress_EigVec3 =  8.8149804556E-01  8.8876166621E-03 -4.7210402027E-01
           -DivStress = -2.2822740156E+02 -4.6748331189E+02 -1.7297222053E+01
           ESP =  -1.4744757752E+01     ESP at Nucleus =  -1.4744757752E+01
           ESPe = -2.8346160418E+01     ESPe at Nucleus = -2.8346159530E+01
           ESPn =  1.3601402666E+01     ESPn at Nucleus =  1.3601401778E+01

CP# 9      Coords = -6.41940666355879E+00 -1.30935441675037E+00  9.67806935418684E-01
           Type = (3,-3) NACP C9
           Rho =  1.1753717912E+02     Rho at Nucleus =  1.1753717908E+02
           GradRho =  7.5391581866E-11  2.0374812948E-12 -7.9102169259E-11
           HessRho_EigVals = -1.4483538788E+05 -1.4483529998E+05 -1.4483509040E+05
           HessRho_EigVec1 = -6.2514663530E-01  6.9859254220E-01  3.4808065783E-01
           HessRho_EigVec2 = -2.4792952396E-01 -6.0060734154E-01  7.6013273343E-01
           HessRho_EigVec3 =  7.4008285720E-01  3.8889494889E-01  5.4866937514E-01
           DelSqRho = -4.3450577826E+05
           Bond Ellipticity = NA
           V = -1.0863677733E+05
           G =  5.1663805083E+00
           K =  1.0863161094E+05
           L =  1.0862644456E+05
           Vnuc =  7.6655077906E+06
           Ven = -9.0098216226E+08
           Vrep =  9.0087352548E+08
           DelSqV =  2.4923702321E+09
           DelSqVen =  3.3307091272E+12
           DelSqVrep = -3.3282164948E+12
           DelSqG =  1.3387893392E+08
           DelSqK = -2.6262491660E+09
           Stress_EigVals = -3.6212328797E+04 -3.6212255648E+04 -3.6212192881E+04
           Stress_EigVec1 =  7.5191345582E-01  4.2018639195E-01  5.0800546353E-01
           Stress_EigVec2 = -3.6168171977E-01 -3.8133321455E-01  8.5074750253E-01
           Stress_EigVec3 = -5.5119187996E-01  8.2342478436E-01  1.3475583831E-01
           -DivStress = -3.6196046316E+02 -8.3412005517E+01  5.1695782448E+02
           ESP =  -1.4747777917E+01     ESP at Nucleus =  -1.4747777917E+01
           ESPe = -2.7983561862E+01     ESPe at Nucleus = -2.7983560821E+01
           ESPn =  1.3235783945E+01     ESPn at Nucleus =  1.3235782904E+01

CP# 10     Coords = -6.73352498394567E+00  1.31740226704502E+00 -2.20658510357885E-01
           Type = (3,-3) NACP C10
           Rho =  1.1753705066E+02     Rho at Nucleus =  1.1753705062E+02
           GradRho =  1.4143808347E-10 -2.9430902160E-11  4.9605763941E-11
           HessRho_EigVals = -1.4483523012E+05 -1.4483514049E+05 -1.4483492753E+05
           HessRho_EigVec1 = -7.0440145836E-01 -7.0965911073E-01  1.4231374452E-02
           HessRho_EigVec2 = -6.0636877980E-01  5.9121224952E-01 -5.3177530865E-01
           HessRho_EigVec3 = -3.6896542974E-01  3.8321276409E-01  8.4676589982E-01
           DelSqRho = -4.3450529814E+05
           Bond Ellipticity = NA
           V = -1.0863665757E+05
           G =  5.1665176318E+00
           K =  1.0863149105E+05
           L =  1.0862632453E+05
           Vnuc =  7.5090829703E+06
           Ven = -8.8259546551E+08
           Vrep =  8.8248682885E+08
           DelSqV =  2.4923674950E+09
           DelSqVen =  3.2627359744E+12
           DelSqVrep = -3.2602434758E+12
           DelSqG =  1.3387878510E+08
           DelSqK = -2.6262462801E+09
           Stress_EigVals = -3.6212289536E+04 -3.6212215845E+04 -3.6212152188E+04
           Stress_EigVec1 = -3.9992076067E-01  4.1487882328E-01  8.1727531908E-01
           Stress_EigVec2 =  7.3909449651E-01 -3.8135556034E-01  5.5525423170E-01
           Stress_EigVec3 =  5.4203570953E-01  8.2610138517E-01 -1.5412264923E-01
           -DivStress = -5.7366978093E+02  8.3174237163E+01 -2.9373792088E+02
           ESP =  -1.4747944684E+01     ESP at Nucleus =  -1.4747944684E+01
           ESPe = -2.7906251138E+01     ESPe at Nucleus = -2.7906250032E+01
           ESPn =  1.3158306454E+01     ESPn at Nucleus =  1.3158305348E+01

CP# 11     Coords = -4.26704849709338E+00  2.84224896637348E+00 -3.76633229268041E-02
           Type = (3,-3) NACP C11
           Rho =  1.1752825590E+02     Rho at Nucleus =  1.1752825587E+02
           GradRho =  4.1495779035E-11 -6.8926864216E-11 -1.1594003535E-11
           HessRho_EigVals = -1.4482315888E+05 -1.4482306359E+05 -1.4482294480E+05
           HessRho_EigVec1 =  9.9125394009E-01 -1.2986024185E-01  2.3493485289E-02
           HessRho_EigVec2 =  1.0537052144E-01  8.8600766389E-01  4.5153900468E-01
           HessRho_EigVec3 = -7.9452372369E-02 -4.4511429669E-01  8.9194202917E-01
           DelSqRho = -4.3446916728E+05
           Bond Ellipticity = NA
           V = -1.0862766563E+05
           G =  5.1869071939E+00
           K =  1.0862247873E+05
           L =  1.0861729182E+05
           Vnuc =  9.3168001652E+06
           Ven = -1.0949872740E+09
           Vrep =  1.0948786463E+09
           DelSqV =  2.4921604569E+09
           DelSqVen =  4.0478632837E+12
           DelSqVrep = -4.0453711233E+12
           DelSqG =  1.3386643290E+08
           DelSqK = -2.6260268898E+09
           Stress_EigVals = -3.6209267618E+04 -3.6209231177E+04 -3.6209166839E+04
           Stress_EigVec1 =  7.0398745208E-03 -4.9420712305E-01  8.6931568472E-01
           Stress_EigVec2 =  9.1630779630E-03  8.6933261023E-01  4.9414254097E-01
           Stress_EigVec3 =  9.9993323686E-01 -4.4869059097E-03 -1.0648450891E-02
           -DivStress = -1.9555526041E+02  4.7411554464E+02  1.0063996364E+02
           ESP =  -1.4744787802E+01     ESP at Nucleus =  -1.4744787802E+01
           ESPe = -2.8370667675E+01     ESPe at Nucleus = -2.8370666792E+01
           ESPn =  1.3625879874E+01     ESPn at Nucleus =  1.3625878991E+01

CP# 12     Coords =  6.98129941121224E+00  2.89252116990167E+00 -2.68703194764832E+00
           Type = (3,-3) NACP H12
           Rho =  4.2668286381E-01     Rho at Nucleus =  4.2299195715E-01
           GradRho = -2.4761009215E-15 -1.1917550280E-15 -1.0148132334E-16
           HessRho_EigVals = -6.5145254054E+00 -6.5088919342E+00 -5.9114173482E+00
           HessRho_EigVec1 =  2.3093017274E-01 -7.5460812901E-01 -6.1419689592E-01
           HessRho_EigVec2 =  9.1962635554E-01 -3.6865075949E-02  3.9106052265E-01
           HessRho_EigVec3 =  3.1773986454E-01  6.5513932702E-01 -6.8544426518E-01
           DelSqRho = -1.8934834688E+01
           Bond Ellipticity = NA
           V = -4.7426519457E+00
           G =  4.4716368496E-03
           K =  4.7381803088E+00
           L =  4.7337086720E+00
           Vnuc =  4.1099518993E+01
           Ven = -1.7536460465E+01
           Vrep =  1.2793808520E+01
           DelSqV =  7.1328078632E+02
           DelSqVen =  7.7821259789E+02
           DelSqVrep = -6.4931811570E+01
           DelSqG =  7.0364623673E+01
           DelSqK = -7.8364540999E+02
           Stress_EigVals = -1.6318238203E+00 -1.6312997409E+00 -1.4795283844E+00
           Stress_EigVec1 =  2.3689200047E-01 -7.5562037718E-01 -6.1067178231E-01
           Stress_EigVec2 =  9.1801465727E-01 -3.1651826029E-02  3.9528123019E-01
           Stress_EigVec3 =  3.1801142926E-01  6.5424460831E-01 -6.8617251720E-01
           -DivStress =  2.5183806801E+00  5.1822967104E+00 -5.4343664989E+00
           ESP =  -1.1080176510E+00     ESP at Nucleus =  -1.1105379465E+00
           ESPe = -1.3535457349E+01     ESPe at Nucleus = -1.3446560374E+01
           ESPn =  1.2427439698E+01     ESPn at Nucleus =  1.2336022428E+01

CP# 13     Coords =  5.13519591593910E+00  3.98290274072980E+00  1.78170772314296E+00
           Type = (3,-3) NACP H13
           Rho =  4.2516256592E-01     Rho at Nucleus =  4.2145313541E-01
           GradRho =  7.2481005572E-11 -5.3275018772E-10 -2.2452430713E-10
           HessRho_EigVals = -6.4812929126E+00 -6.4751275304E+00 -5.8784531189E+00
           HessRho_EigVec1 = -3.7505382278E-01 -4.0280222960E-01  8.3491615977E-01
           HessRho_EigVec2 = -9.1862694692E-01  4.0694372487E-02 -3.9302480894E-01
           HessRho_EigVec3 = -1.2433488013E-01  9.1438193982E-01  3.8528756236E-01
           DelSqRho = -1.8834873562E+01
           Bond Ellipticity = NA
           V = -4.7180637483E+00
           G =  4.6726789355E-03
           K =  4.7133910694E+00
           L =  4.7087183905E+00
           Vnuc =  4.1502607366E+01
           Ven = -1.7645355040E+01
           Vrep =  1.2927291292E+01
           DelSqV =  7.0928193483E+02
           DelSqVen =  7.8169636318E+02
           DelSqVrep = -7.2414428347E+01
           DelSqG =  6.9876890969E+01
           DelSqK = -7.7915882580E+02
           Stress_EigVals = -1.6236142748E+00 -1.6232253823E+00 -1.4712240912E+00
           Stress_EigVec1 = -3.5968940178E-01 -4.0490626434E-01  8.4063931109E-01
           Stress_EigVec2 =  9.2468170637E-01 -3.4134282891E-02  3.7920784887E-01
           Stress_EigVec3 = -1.2484901344E-01  9.1372083692E-01  3.8668715522E-01
           -DivStress = -9.8649888704E-01  7.2400387964E+00  3.0550958806E+00
           ESP =  -1.1066432761E+00     ESP at Nucleus =  -1.1091741935E+00
           ESPe = -1.4084769028E+01     ESPe at Nucleus = -1.3997643141E+01
           ESPn =  1.2978125752E+01     ESPn at Nucleus =  1.2888468948E+01

CP# 14     Coords = -2.53202571378555E-01  2.26075989920802E+00 -1.07691343859368E+00
           Type = (3,-3) NACP H14
           Rho =  4.2781338578E-01     Rho at Nucleus =  4.2418696154E-01
           GradRho = -1.0175887910E-14 -4.9960036108E-15  2.3392746074E-15
           HessRho_EigVals = -6.5325254725E+00 -6.5247892349E+00 -5.9346561024E+00
           HessRho_EigVec1 = -4.5792111365E-01  8.7456822674E-01  1.5949504837E-01
           HessRho_EigVec2 =  2.3149828320E-01 -5.5911014058E-02  9.7122731808E-01
           HessRho_EigVec3 =  8.5832208322E-01  4.8166832498E-01 -1.7685820921E-01
           DelSqRho = -1.8991970810E+01
           Bond Ellipticity = NA
           V = -4.7575249641E+00
           G =  4.7661308063E-03
           K =  4.7527588333E+00
           L =  4.7479927025E+00
           Vnuc =  4.4165484688E+01
           Ven = -1.8894585539E+01
           Vrep =  1.4137060575E+01
           DelSqV =  7.1570216178E+02
           DelSqVen =  8.3878959599E+02
           DelSqVrep = -1.2308743421E+02
           DelSqG =  7.0612607765E+01
           DelSqK = -7.8631476955E+02
           Stress_EigVals = -1.6363561625E+00 -1.6354684938E+00 -1.4857003077E+00
           Stress_EigVec1 = -4.6814063880E-01  8.7527173390E-01  1.2142377917E-01
           Stress_EigVec2 =  2.1320967313E-01 -2.1468829995E-02  9.7677055884E-01
           Stress_EigVec3 =  8.5754648713E-01  4.8315471764E-01 -1.7656596850E-01
           -DivStress =  6.7525844978E+00  3.7729060793E+00 -1.3909141000E+00
           ESP =  -1.1269609700E+00     ESP at Nucleus =  -1.1293883077E+00
           ESPe = -1.6317929801E+01     ESPe at Nucleus = -1.6247232674E+01
           ESPn =  1.5190968831E+01     ESPn at Nucleus =  1.5117844367E+01

CP# 15     Coords = -3.41881044816093E-01 -2.23011530696018E+00 -1.44717257680636E+00
           Type = (3,-3) NACP H15
           Rho =  4.2800441448E-01     Rho at Nucleus =  4.2438882433E-01
           GradRho = -6.3490879221E-15  4.6729113634E-15  1.5699247458E-15
           HessRho_EigVals = -6.5362523300E+00 -6.5285065880E+00 -5.9392651678E+00
           HessRho_EigVec1 =  4.7685589895E-01  8.7581243775E-01 -7.4572283914E-02
