AIMSum (Version 19.02.13, Professional)
Copyright (c) 1997-2019 by Todd A. Keith
AIMSum is a component of the AIMAll package ( http://aim.tkgristmill.com )

TP:  64-bit Linux

Much of the Quantum Theory of Atoms in Molecules (QTAIM) is described in the book:
  "Atoms in Molecules - A Quantum Theory"
  R.F.W. Bader, Oxford University Press, Oxford, 1990

For additional references see:  http://aim.tkgristmill.com/references.html

Wfn File:  /home/mhennefarth/Documents/ML_Diels/summary-liu2013/1en-opt/1en-opt.wfn
Sum File:  /home/mhennefarth/Documents/ML_Diels/summary-liu2013/1en-opt/1en-opt.sum

SumViz File:  /home/mhennefarth/Documents/ML_Diels/summary-liu2013/1en-opt/1en-opt.sumviz

Wfn Title:   Title Card Required                                                           
 
Total memory allocated for AIMSum =        1.123 Megabytes

Atomic units (a.u.) used throughout, except where stated otherwise

Model:  Restricted SCF
 
Restricted, closed-shell, single-determinant wavefunction.
  Number of electrons (from MO Occs)                   =          68.0000000000
  Number of Alpha electrons (from MO Occs)             =          34.0000000000
  Number of Beta electrons (from MO Occs)              =          34.0000000000
  Number of electron pairs (N*(N-1)/2)                 =        2278.0000000000
  Number of electron pairs (from Muller 2EDM)          =        2278.0000000000
 
Nuclear Charges and Cartesian Coordinates:
-------------------------------------------------------------------------------
Atom      Charge                X                  Y                  Z
-------------------------------------------------------------------------------
C1         6.0           5.2239307600E+00   1.5096792000E+00  -5.4473034000E-01
C2         6.0           3.8509577900E+00   1.4408138700E+00   1.6043210200E+00
C3         6.0          -4.0555486200E+00   1.7458481600E+00   8.0889749000E-01
C4         6.0          -5.3383987500E+00  -4.1167289000E-01   1.1372733100E+00
C5         6.0           5.1337377900E+00  -9.8062268000E-01  -1.7707279700E+00
C6         6.0           3.7065466200E+00  -2.5588746300E+00  -3.6607752000E-01
C7         6.0           2.7418188200E+00  -1.1625408300E+00   1.9188923900E+00
C8         6.0          -2.9834785900E+00   2.7967399300E+00  -1.6028976100E+00
C9         6.0          -6.0523014700E+00  -2.3348150200E+00  -8.2873161000E-01
H10        1.0           6.2514656400E+00   3.1256879100E+00  -1.2797449900E+00
H11        1.0           3.5621207800E+00   2.9757288100E+00   2.9302568100E+00
H12        1.0          -3.7326264900E+00   2.9123515200E+00   2.4779792000E+00
H13        1.0          -5.9731010900E+00  -8.5343414000E-01   3.0484856300E+00
H14        1.0           6.0804848900E+00  -1.4385014700E+00  -3.5316314700E+00
H15        1.0           3.2788013500E+00  -4.5209073400E+00  -7.7167511000E-01
H16        1.0           3.3455125800E+00  -2.0593538600E+00   3.6968147600E+00
H17        1.0           6.6182939000E-01  -1.1116768700E+00   1.9794524400E+00
H18        1.0          -3.7802305000E+00   4.6712708100E+00  -2.0047800000E+00
H19        1.0          -9.2892297000E-01   3.0406713500E+00  -1.4450336700E+00
H20        1.0          -3.3520432700E+00   1.5902594200E+00  -3.2392209200E+00
H21        1.0          -5.2874103400E+00  -4.2038430200E+00  -3.4862968000E-01
H22        1.0          -8.1145388200E+00  -2.5517951700E+00  -9.3173870000E-01
H23        1.0          -5.3749272300E+00  -1.8437886100E+00  -2.7178492600E+00
 
Some Atomic Properties:
----------------------
  q(A) = Net Charge of Atom A
  L(A) = Lagrangian of Atom A = -(1/4) Times Atomic Integral of the Laplacian of the Electron Density
  K(A) = Electronic Kinetic Energy of Atom A (Hamiltonian Form)
  K_Scaled(A) = K(A) * E(Mol)/K(Mol) = Approximation to Virial-Based Total Energy of Atom A.
  |Mu_Intra(A)| = Magnitude of Intraatomic Dipole Moment of Atom A
--------------------------------------------------------------------------------------------------
Atom A          q(A)              L(A)              K(A)          K_Scaled(A)      |Mu_Intra(A)|
--------------------------------------------------------------------------------------------------
C1       -5.8406466800E-02  1.0602704524E-04  3.7726840214E+01 -3.8113553531E+01  1.5252795564E-01
C2       -7.6317983500E-02 -2.2728405128E-05  3.7731195749E+01 -3.8117953711E+01  1.6927218908E-01
C3       -5.2298030800E-02 -3.2824474964E-05  3.7699444388E+01 -3.8085876888E+01  5.1164189921E-02
C4       -5.4097972200E-02 -8.4510843467E-05  3.7698152316E+01 -3.8084571571E+01  5.5332103326E-02
C5       -5.6101157900E-02 -6.3473003318E-05  3.7726814654E+01 -3.8113527709E+01  1.5347496156E-01
C6       -7.1295922800E-02  3.4054458463E-05  3.7730544700E+01 -3.8117295989E+01  1.6846587168E-01
C7       -1.6849999300E-02 -3.6783263096E-04  3.7707286039E+01 -3.8093798919E+01  1.5883062291E-01
C8       -2.2442789900E-02 -4.1463913491E-04  3.7680684300E+01 -3.8066924502E+01  8.9658126182E-02
C9       -1.8622480500E-02 -2.3776201161E-04  3.7677315805E+01 -3.8063521479E+01  7.8770724976E-02
H10       4.2161411340E-02  1.9992047229E-05  5.9405793854E-01 -6.0014724033E-01  1.5044182929E-01
H11       4.6127915300E-02  2.1759020256E-05  5.9196702669E-01 -5.9803489590E-01  1.5066589244E-01
H12       1.9410652440E-02  2.6827479985E-05  6.0851155352E-01 -6.1474900993E-01  1.5495940869E-01
H13       1.9311521400E-02  2.6020177130E-05  6.0845320332E-01 -6.1469006161E-01  1.5512812883E-01
H14       4.1821544230E-02  2.1764225312E-05  5.9420157292E-01 -6.0029234702E-01  1.5050383911E-01
H15       4.6007674640E-02  2.3918376258E-05  5.9208859522E-01 -5.9815771055E-01  1.5071473877E-01
H16       4.0334134340E-02  2.4501488489E-05  5.9084435821E-01 -5.9690071968E-01  1.5252126091E-01
H17       5.9308543700E-02  2.1661324777E-05  5.8296628922E-01 -5.8894189772E-01  1.4469232658E-01
H18       1.5779019110E-02  1.7800732439E-05  6.0327022035E-01 -6.0945395125E-01  1.5475098885E-01
H19       3.2931211900E-02  2.8002079174E-05  5.9673262552E-01 -6.0284934378E-01  1.4737692029E-01
H20       1.2621566110E-02  2.6320251273E-05  6.0828396595E-01 -6.1451908950E-01  1.4793175528E-01
H21       1.6816754210E-02  2.4974282502E-05  6.0314547219E-01 -6.0932792438E-01  1.5431379047E-01
H22       1.7765313360E-02  1.9749981720E-05  6.0260434840E-01 -6.0878125388E-01  1.5428523464E-01
H23       1.5173110740E-02  2.2125831816E-05  6.0727244059E-01 -6.1349719565E-01  1.4757115468E-01
--------------------------------------------------------------------------------------------------
Total    -8.6243088000E-04 -7.5827170229E-04  3.4776267778E+02 -3.5132736694E+02
 
1st Largest |L(A)| = 4.1463913491E-04, atom C8      
2nd Largest |L(A)| = 3.6783263096E-04, atom C7      
 
Molecular charge q(Mol) from the wfn file:   0.0000000000E+00
Molecular energy E(Mol) from the wfn file:  -3.5132759309E+02
Molecular virial ratio (-V(Mol)/T(Mol)) from the wfn file:   2.0102503500E+00
Note.  K_Scaled(A) = (1+V(Mol)/T(Mol))*K(A) = (E(Mol)/T(Mol))*K(A)
       Only use K_Scaled(A) data with caution.
 
N_AIMInt(SumA)     =         68.000862
N_Analytic(Mol)    =         67.999988
 
G_AIMInt(SumA)     =        347.763436
G_Analytic(Mol)    =        347.762878
 
K_AIMInt(SumA)     =        347.762678
K_Analytic(Mol)    =        347.762878
 
L_AIMInt(SumA)     =         -0.000758
L_Analytic(Mol)    =          0.000000
 
VenT_AIMInt(SumA)  =      -1608.191709
VenT_Analytic(Mol) =      -1608.181096
 
Some Information About the Atomic Calculations:
----------------------------------------------
  Time(sec) = "Elapsed User Time", in Seconds, for Atom A by AIMInt and, if used, by TWOe
  NProc = Number of Processors Used for AIMInt Job
  BIM = Basin Integration Method
  OAQ = Angular Quadrature Outside of Beta Sphere
  ORQ = Multiple of Default for Radial Quadrature Outside of Beta Sphere
  IAQ = Multiple of Default for Angular Quadrature Inside of Beta Sphere
  IRQ = Multiple of Default for Radial Quadrature Inside of Beta Sphere
  MIR = Maximum Integration Radius
------------------------------------------------------------------------------------------------------
Atom A     Time(sec)   NProc      BIM          OAQ                     ORQ      IAQ      IRQ      MIR
------------------------------------------------------------------------------------------------------
C1             22        8     Proaim(5)    4500(GS4)                  1.00     1.00     1.00    13.00
C2             31        8     Proaim(5)    4500(GS4)                  1.00     1.00     1.00    13.00
C3             36        8     Proaim(5)    4500(GS4)                  1.00     1.00     1.00    13.00
C4             30        8     Proaim(5)    4500(GS4)                  1.00     1.00     1.00    13.00
C5             19        8     Proaim(5)    4500(GS4)                  1.00     1.00     1.00    13.00
C6             22        8     Proaim(5)    4500(GS4)                  1.00     1.00     1.00    13.00
C7             30        8     Proaim(5)    4500(GS4)                  1.00     1.00     1.00    13.00
C8             25        8     Proaim(5)    4500(GS4)                  1.00     1.00     1.00    13.00
C9             25        8     Proaim(5)    4500(GS4)                  1.00     1.00     1.00    13.00
H10             5        8     Proaim(5)    1800(GS4)                  1.00     1.00     1.00    13.00
H11             6        8     Proaim(5)    1800(GS4)                  1.00     1.00     1.00    13.00
H12             6        8     Proaim(5)    1800(GS4)                  1.00     1.00     1.00    13.00
H13             5        8     Proaim(5)    1800(GS4)                  1.00     1.00     1.00    13.00
H14             5        8     Proaim(5)    1800(GS4)                  1.00     1.00     1.00    13.00
H15             6        8     Proaim(5)    1800(GS4)                  1.00     1.00     1.00    13.00
H16             6        8     Proaim(5)    1800(GS4)                  1.00     1.00     1.00    13.00
H17            19        8     Proaim(5)    4500(GS4)                  1.00     1.00     1.00    13.00
H18             5        8     Proaim(5)    1800(GS4)                  1.00     1.00     1.00    13.00
H19            14        8     Proaim(5)    4500(GS4)                  1.00     1.00     1.00    13.00
H20            12        8     Proaim(5)    4500(GS4)                  1.00     1.00     1.00    13.00
H21             6        8     Proaim(5)    1800(GS4)                  1.00     1.00     1.00    13.00
H22             5        8     Proaim(5)    1800(GS4)                  1.00     1.00     1.00    13.00
H23            12        8     Proaim(5)    4500(GS4)                  1.00     1.00     1.00    13.00
------------------------------------------------------------------------------------------------------
Total         352
Note:  Total wall clock time is less than total of atomic times if more than one atom
       was calculated at a time
 
Electron Density Critical Point Analysis of Molecular Structure:               
---------------------------------------------------------------                
  NACP = Nuclear Attractor Critical Point                                      
  NNACP = Non-Nuclear Attractor Critical Point                                 
  BCP = Bond Critical Point                                                    
  RCP = Ring Critical Point                                                    
  CCP = Cage Critical Point                                                    
  Rho = Electron Density                                                       
  GradRho = Gradient of Electron Density                                       
  HessRho_EigVals = Eigenvalues of the Hessian of Rho, Ascending Order         
  HessRho_EigVecs = Eigenvectors of the Hessian of Rho                         
  DelSqRho = Laplacian of Rho = Trace of Hessian of Rho                        
  Bond Ellipticity = (HessRho_EigVal(1) / HessRho_EigVal(2)) - 1               
  V = Virial Field = Potential Energy Density = Trace of Stress Tensor         
  G = Lagrangian Form of Kinetic Energy Density                                
  K = Hamiltonian Form of Kinetic Energy Density                               
  L = K - G = Lagrangian Density = (-1/4)DelSqRho                              
  Vnuc = Electrostatic Potential from Nuclei                                   
  Ven = Electron-nuclear attractive contribution to Virial Field V             
  Vrep = V - Ven = Repulsive contribution to Virial Field V                    
  DelSqV = Laplacian of V                                                      
  DelSqVen = Laplacian of Ven                                                  
  DelSqVrep = Laplacian of Vrep                                                
  DelSqG = Laplacian of G                                                      
  DelSqK = Laplacian of K                                                      
  Stress_EigVals = Eigenvalues of Stress Tensor, Ascending Order               
  Stress_EigVecs = Eigenvectors of Stress Tensor                               
  -DivStress = Ehrenfest Force Density = Minus Divergence of Stress Tensor     
  ESP = Total Electrostatic Potential                                          
  ESPe = Electrostatic Potential from Electrons                                
  ESPn = Electrostatic Potential from Nuclei                                   
  BP = Bond Path                                                               
  BPL = Bond Path Length                                                       
  GBL = Geometric Bond Length                                                  
  GBL_I = Distance Between Nuclear Attractors                                  
  GBL_II = Distance Between Nuclei                                             
  GBL_III = Sum of Distances Between BCP and Nuclear Attractors                
  GBL_IV = Sum of Distances Between BCP and Nuclei                             

CP# 1      Coords =  5.22393136128643E+00  1.50967892464892E+00 -5.44731574221384E-01
           Type = (3,-3) NACP C1
           Rho =  1.1767716127E+02     Rho at Nucleus =  1.1767716113E+02
           GradRho =  2.1620157357E-10 -1.0952736808E-10 -5.5019568610E-10
           HessRho_EigVals = -1.4500005626E+05 -1.4499921443E+05 -1.4499891725E+05
           HessRho_EigVec1 =  8.1485418701E-01 -2.8299370711E-01  5.0589249417E-01
           HessRho_EigVec2 =  1.1061740582E-01  9.3260747911E-01  3.4352158512E-01
           HessRho_EigVec3 = -5.6901357053E-01 -2.2395948663E-01  7.9124313893E-01
           DelSqRho = -4.3499818794E+05
           Bond Ellipticity = NA
           V = -1.0875979012E+05
           G =  5.1215681109E+00
           K =  1.0875466855E+05
           L =  1.0874954698E+05
           Vnuc =  4.2849982634E+06
           Ven = -5.0424643169E+08
           Vrep =  5.0413767190E+08
           DelSqV =  2.4951712438E+09
           DelSqVen =  1.8639663923E+12
           DelSqVrep = -1.8614712211E+12
           DelSqG =  1.3402254734E+08
           DelSqK = -2.6291937911E+09
           Stress_EigVals = -3.6253528328E+04 -3.6253361208E+04 -3.6252900584E+04
           Stress_EigVec1 = -5.8173897631E-01 -3.9504785119E-01  7.1099715802E-01
           Stress_EigVec2 =  3.2460973889E-04  8.7401864549E-01  4.8589227403E-01
           Stress_EigVec3 =  8.1337547177E-01 -2.8289327069E-01  5.0832247572E-01
           -DivStress = -4.8539475691E+02  2.2927497734E+02  9.9981208309E+02
           ESP =  -1.4750061174E+01     ESP at Nucleus =  -1.4750061192E+01
           ESPe = -2.6684002296E+01     ESPe at Nucleus = -2.6684003365E+01
           ESPn =  1.1933941121E+01     ESPn at Nucleus =  1.1933942174E+01

CP# 2      Coords =  3.85095680705438E+00  1.44081326750300E+00  1.60432198520853E+00
           Type = (3,-3) NACP C2
           Rho =  1.1767496097E+02     Rho at Nucleus =  1.1767496080E+02
           GradRho = -4.8841802738E-10 -3.0932033736E-10  5.0419600526E-10
           HessRho_EigVals = -1.4500052731E+05 -1.4499993739E+05 -1.4499956560E+05
           HessRho_EigVec1 =  8.1201439837E-01 -2.8111178069E-01  5.1147706068E-01
           HessRho_EigVec2 =  3.0043815495E-01  9.5266134793E-01  4.6618357107E-02
           HessRho_EigVec3 = -5.0036939544E-01  1.1581244721E-01  8.5803143601E-01
           DelSqRho = -4.3500003030E+05
           Bond Ellipticity = NA
           V = -1.0876024943E+05
           G =  5.1209290014E+00
           K =  1.0875512850E+05
           L =  1.0875000758E+05
           Vnuc =  3.9904359558E+06
           Ven = -4.6957439534E+08
           Vrep =  4.6946563509E+08
           DelSqV =  2.4951852926E+09
           DelSqVen =  1.7358398996E+12
           DelSqVrep = -1.7333447144E+12
           DelSqG =  1.3402641096E+08
           DelSqK = -2.6292117035E+09
           Stress_EigVals = -3.6253681299E+04 -3.6253476502E+04 -3.6253091632E+04
           Stress_EigVec1 = -4.1798360961E-01  3.2621542723E-01  8.4786390248E-01
           Stress_EigVec2 =  4.0693219233E-01  9.0166578336E-01 -1.4630449740E-01
           Stress_EigVec3 =  8.1221665394E-01 -2.8387023471E-01  5.0962907777E-01
           -DivStress =  7.9875516168E+02  4.9452057714E+02 -7.8133698948E+02
           ESP =  -1.4751191902E+01     ESP at Nucleus =  -1.4751191919E+01
           ESPe = -2.7080748603E+01     ESPe at Nucleus = -2.7080748881E+01
           ESPn =  1.2329556702E+01     ESPn at Nucleus =  1.2329556962E+01

CP# 3      Coords = -4.05554758485877E+00  1.74584932893127E+00  8.08896688252144E-01
           Type = (3,-3) NACP C3
           Rho =  1.1766970665E+02     Rho at Nucleus =  1.1766970643E+02
           GradRho =  7.5043679165E-10  8.0773239872E-10 -5.4074408438E-10
           HessRho_EigVals = -1.4499339411E+05 -1.4499268234E+05 -1.4499236455E+05
           HessRho_EigVec1 =  8.5255652731E-01 -4.9204955555E-01  1.7616640607E-01
           HessRho_EigVec2 = -2.3234554179E-01 -5.4904241597E-02  9.7108242362E-01
           HessRho_EigVec3 =  4.6814839203E-01  8.6883413787E-01  1.6113449012E-01
           DelSqRho = -4.3497844100E+05
           Bond Ellipticity = NA
           V = -1.0875477435E+05
           G =  5.0820520770E+00
           K =  1.0874969230E+05
           L =  1.0874461025E+05
           Vnuc =  3.4184311408E+06
           Ven = -4.0224578956E+08
           Vrep =  4.0213703478E+08
           DelSqV =  2.4950602018E+09
           DelSqVen =  1.4869439037E+12
           DelSqVrep = -1.4844488435E+12
           DelSqG =  1.3401899667E+08
           DelSqK = -2.6290791985E+09
           Stress_EigVals = -3.6251848206E+04 -3.6251674651E+04 -3.6251251498E+04
           Stress_EigVec1 =  4.7584064525E-01  8.7317002462E-01  1.0559255861E-01
           Stress_EigVec2 = -2.0281653370E-01 -7.8865496993E-03  9.7918499580E-01
           Stress_EigVec3 =  8.5582774785E-01 -4.8735193694E-01  1.7334057683E-01
           -DivStress = -8.4224317659E+02 -9.4950226957E+02  6.5492626429E+02
           ESP =  -1.4748293995E+01     ESP at Nucleus =  -1.4748294017E+01
           ESPe = -2.6634307384E+01     ESPe at Nucleus = -2.6634307693E+01
           ESPn =  1.1886013389E+01     ESPn at Nucleus =  1.1886013676E+01

CP# 4      Coords = -5.33839949600488E+00 -4.11674544163270E-01  1.13727283688782E+00
           Type = (3,-3) NACP C4
           Rho =  1.1766238508E+02     Rho at Nucleus =  1.1766238482E+02
           GradRho = -5.3076724613E-10 -1.2906651481E-09 -3.7716789053E-10
           HessRho_EigVals = -1.4498303959E+05 -1.4498238012E+05 -1.4498203658E+05
           HessRho_EigVec1 =  8.6147862698E-01 -4.7742967621E-01  1.7296091909E-01
           HessRho_EigVec2 =  7.3737516999E-02  4.5461852840E-01  8.8762873558E-01
           HessRho_EigVec3 =  5.0241153833E-01  7.5191947568E-01 -4.2684862451E-01
           DelSqRho = -4.3494745629E+05
           Bond Ellipticity = NA
           V = -1.0874702488E+05
           G =  5.0804029437E+00
           K =  1.0874194448E+05
           L =  1.0873686407E+05
           Vnuc =  3.1995612111E+06
           Ven = -3.7646800331E+08
           Vrep =  3.7635925628E+08
           DelSqV =  2.4948817510E+09
           DelSqVen =  1.3916409692E+12
           DelSqVrep = -1.3891460875E+12
           DelSqG =  1.3400821812E+08
           DelSqK = -2.6288899691E+09
           Stress_EigVals = -3.6249265278E+04 -3.6249084384E+04 -3.6248675218E+04
           Stress_EigVec1 =  5.0976634452E-01  7.7633418272E-01 -3.7073374642E-01
           Stress_EigVec2 =  4.6280841843E-02  4.0555878889E-01  9.1289657269E-01
           Stress_EigVec3 =  8.5906714387E-01 -4.8252181867E-01  1.7081082177E-01
           -DivStress =  6.0671646344E+02  1.3448813010E+03  3.8787982570E+02
           ESP =  -1.4747733343E+01     ESP at Nucleus =  -1.4747733368E+01
           ESPe = -2.6217465762E+01     ESPe at Nucleus = -2.6217466675E+01
           ESPn =  1.1469732419E+01     ESPn at Nucleus =  1.1469733307E+01

CP# 5      Coords =  5.13373850130595E+00 -9.80621525741398E-01 -1.77072848792149E+00
           Type = (3,-3) NACP C5
           Rho =  1.1767379723E+02     Rho at Nucleus =  1.1767379708E+02
           GradRho =  3.5815244585E-10  5.5240335995E-10 -2.5659303211E-10
           HessRho_EigVals = -1.4499554983E+05 -1.4499475183E+05 -1.4499444018E+05
           HessRho_EigVec1 =  8.1243067275E-01 -2.8413242855E-01  5.0914159625E-01
           HessRho_EigVec2 = -3.6928558335E-02  8.4639810340E-01  5.3126879462E-01
           HessRho_EigVec3 = -5.8188717425E-01 -4.5042092936E-01  6.7714717959E-01
           DelSqRho = -4.3498474184E+05
           Bond Ellipticity = NA
           V = -1.0875643428E+05
           G =  5.1244086669E+00
           K =  1.0875130987E+05
           L =  1.0874618546E+05
           Vnuc =  4.1340007689E+06
           Ven = -4.8646356824E+08
           Vrep =  4.8635481181E+08
           DelSqV =  2.4950941630E+09
           DelSqVen =  1.7982272143E+12
           DelSqVrep = -1.7957321202E+12
           DelSqG =  1.3401809334E+08
           DelSqK = -2.6291122563E+09
           Stress_EigVals = -3.6252409096E+04 -3.6252237261E+04 -3.6251787920E+04
           Stress_EigVec1 = -5.7884743355E-01 -2.9005703965E-01  7.6210403648E-01
           Stress_EigVec2 =  6.7251888544E-02  9.1443186017E-01  3.9911346331E-01
           Stress_EigVec3 =  8.1265788138E-01 -2.8227873965E-01  5.0980965171E-01
           -DivStress = -5.7457848083E+02 -9.3903131855E+02  4.1471025856E+02
           ESP =  -1.4751146999E+01     ESP at Nucleus =  -1.4751147017E+01
           ESPe = -2.6608989191E+01     ESPe at Nucleus = -2.6608990211E+01
           ESPn =  1.1857842192E+01     ESPn at Nucleus =  1.1857843194E+01

CP# 6      Coords =  3.70654570850070E+00 -2.55887499596082E+00 -3.66076338662948E-01
           Type = (3,-3) NACP C6
           Rho =  1.1767042334E+02     Rho at Nucleus =  1.1767042317E+02
           GradRho = -4.9697373126E-10 -1.8639595249E-10  6.2043676186E-10
           HessRho_EigVals = -1.4499358038E+05 -1.4499298503E+05 -1.4499260507E+05
           HessRho_EigVec1 =  8.1686799916E-01 -2.8562440223E-01  5.0114406391E-01
           HessRho_EigVec2 = -2.3663995701E-01  6.2638325812E-01  7.4272844613E-01
           HessRho_EigVec3 =  5.2604961999E-01  7.2530180945E-01 -4.4408229251E-01
           DelSqRho = -4.3497917049E+05
           Bond Ellipticity = NA
           V = -1.0875503047E+05
           G =  5.1189238388E+00
           K =  1.0874991155E+05
           L =  1.0874479262E+05
           Vnuc =  3.9054184427E+06
           Ven = -4.5955224147E+08
           Vrep =  4.5944348644E+08
           DelSqV =  2.4950646024E+09
           DelSqVen =  1.6987758264E+12
           DelSqVrep = -1.6962807618E+12
           DelSqG =  1.3401868481E+08
           DelSqK = -2.6290832872E+09
           Stress_EigVals = -3.6251943642E+04 -3.6251736348E+04 -3.6251350480E+04
           Stress_EigVec1 =  4.6179959926E-01  8.4460639496E-01 -2.7088958585E-01
           Stress_EigVec2 = -3.5178331128E-01  4.5476049417E-01  8.1819398363E-01
           Stress_EigVec3 =  8.1424175281E-01 -2.8254721825E-01  5.0712664831E-01
           -DivStress =  7.4020228637E+02  2.9189743734E+02 -9.6200258037E+02
           ESP =  -1.4751816620E+01     ESP at Nucleus =  -1.4751816638E+01
           ESPe = -2.6931018506E+01     ESPe at Nucleus = -2.6931018819E+01
           ESPn =  1.2179201886E+01     ESPn at Nucleus =  1.2179202181E+01

CP# 7      Coords =  2.74181907523158E+00 -1.16254084685770E+00  1.91889243997306E+00
           Type = (3,-3) NACP C7
           Rho =  1.1754339844E+02     Rho at Nucleus =  1.1754339844E+02
           GradRho =  1.8192673500E-11 -5.2301146100E-12  7.2084094031E-12
           HessRho_EigVals = -1.4484166096E+05 -1.4484148565E+05 -1.4484129045E+05
           HessRho_EigVec1 =  3.4758898983E-02  9.0236871819E-01  4.2956084013E-01
           HessRho_EigVec2 =  6.5781274615E-01 -3.4424099764E-01  6.6991083477E-01
           HessRho_EigVec3 =  7.5237903343E-01  2.5928523285E-01 -6.0555508261E-01
           DelSqRho = -4.3452443706E+05
           Bond Ellipticity = NA
           V = -1.0864156683E+05
           G =  5.2287841445E+00
           K =  1.0863633805E+05
           L =  1.0863110926E+05
           Vnuc =  2.3021721449E+07
           Ven = -2.7060513771E+09
           Vrep =  2.7059427356E+09
           DelSqV =  2.4924769188E+09
           DelSqVen =  1.0003570229E+13
           DelSqVrep = -1.0001077752E+13
           DelSqG =  1.3388330457E+08
           DelSqK = -2.6263602234E+09
           Stress_EigVals = -3.6213925043E+04 -3.6213872165E+04 -3.6213769625E+04
           Stress_EigVec1 =  7.4761354887E-01  2.6227019178E-01 -6.1015434773E-01
           Stress_EigVec2 =  6.6302762641E-01 -3.4775305596E-01  6.6291943605E-01
           Stress_EigVec3 =  3.8319031400E-02  9.0015674112E-01  4.3387727903E-01
           -DivStress = -2.0925291541E+02  1.3150071902E+01 -3.9061308877E+01
           ESP =  -1.4740080071E+01     ESP at Nucleus =  -1.4740080071E+01
           ESPe = -2.7298320541E+01     ESPe at Nucleus = -2.7298320516E+01
           ESPn =  1.2558240471E+01     ESPn at Nucleus =  1.2558240445E+01

CP# 8      Coords = -2.98347908947976E+00  2.79673978832952E+00 -1.60289691077635E+00
           Type = (3,-3) NACP C8
           Rho =  1.1750972009E+02     Rho at Nucleus =  1.1750972003E+02
           GradRho = -9.2408465428E-11 -4.9087219749E-12  1.0980383052E-10
           HessRho_EigVals = -1.4479842027E+05 -1.4479817692E+05 -1.4479808915E+05
           HessRho_EigVec1 = -2.9527039537E-01 -4.1980182011E-01  8.5824345349E-01
           HessRho_EigVec2 = -7.1882501032E-01  6.8935544705E-01  8.9886996586E-02
           HessRho_EigVec3 =  6.2936952433E-01  5.9038589029E-01  5.0531030307E-01
           DelSqRho = -4.3439468635E+05
           Bond Ellipticity = NA
           V = -1.0860916984E+05
           G =  5.2491272233E+00
           K =  1.0860392071E+05
           L =  1.0859867159E+05
           Vnuc =  6.8894472190E+06
           Ven = -8.0957701427E+08
           Vrep =  8.0946840510E+08
           DelSqV =  2.4917347164E+09
           DelSqVen =  2.9927391887E+12
           DelSqVrep = -2.9902474540E+12
           DelSqG =  1.3384207677E+08
           DelSqK = -2.6255767932E+09
           Stress_EigVals = -3.6203101689E+04 -3.6203074292E+04 -3.6202993860E+04
           Stress_EigVec1 =  6.0534131972E-01  6.0783389924E-01  5.1390644828E-01
           Stress_EigVec2 = -7.3232431541E-01  6.7827405812E-01  6.0377140926E-02
           Stress_EigVec3 = -3.1187013917E-01 -4.1289496609E-01  8.5571885761E-01
           -DivStress =  4.0567744967E+02  1.1449929781E+02 -5.6648337049E+02
           ESP =  -1.4749446303E+01     ESP at Nucleus =  -1.4749446305E+01
           ESPe = -2.5719225402E+01     ESPe at Nucleus = -2.5719224740E+01
           ESPn =  1.0969779099E+01     ESPn at Nucleus =  1.0969778436E+01

CP# 9      Coords = -6.05230138862232E+00 -2.33481467446028E+00 -8.28731004717083E-01
           Type = (3,-3) NACP C9
           Rho =  1.1750685098E+02     Rho at Nucleus =  1.1750685095E+02
           GradRho =  1.6663688353E-11  3.1814486911E-11  6.5585237076E-11
           HessRho_EigVals = -1.4479351212E+05 -1.4479332668E+05 -1.4479321544E+05
           HessRho_EigVec1 =  2.7402518034E-01  6.9513868353E-01  6.6459943665E-01
           HessRho_EigVec2 =  8.4592779373E-01 -5.0296620432E-01  1.7728836710E-01
           HessRho_EigVec3 =  4.5751105816E-01  5.1362165839E-01 -7.2586253774E-01
           DelSqRho = -4.3438005424E+05
           Bond Ellipticity = NA
           V = -1.0860550287E+05
           G =  5.2446567992E+00
           K =  1.0860025822E+05
           L =  1.0859501356E+05
           Vnuc =  8.5506332906E+06
           Ven = -1.0047579919E+09
           Vrep =  1.0046493864E+09
           DelSqV =  2.4916495616E+09
           DelSqVen =  3.7142255370E+12
           DelSqVrep = -3.7117338875E+12
           DelSqG =  1.3383623490E+08
           DelSqK = -2.6254857965E+09
           Stress_EigVals = -3.6201878433E+04 -3.6201843634E+04 -3.6201780806E+04
           Stress_EigVec1 =  4.5708151675E-01  5.1878441019E-01 -7.2245361290E-01
           Stress_EigVec2 =  8.4627259184E-01 -5.0360861545E-01  1.7378452968E-01
           Stress_EigVec3 =  2.7367715899E-01  6.9082638788E-01  6.6922321721E-01
           -DivStress = -6.5757616465E+01 -2.7968576747E+02 -4.9062401410E+02
           ESP =  -1.4745183398E+01     ESP at Nucleus =  -1.4745183399E+01
           ESPe = -2.4811557367E+01     ESPe at Nucleus = -2.4811556726E+01
           ESPn =  1.0066373969E+01     ESPn at Nucleus =  1.0066373327E+01

CP# 10     Coords =  6.23404418244210E+00  3.09819320629078E+00 -1.26733867399776E+00
           Type = (3,-3) NACP H10
           Rho =  4.2677494037E-01     Rho at Nucleus =  4.2309195433E-01
           GradRho = -3.4846664399E-15 -2.1162440561E-15  1.4578792275E-15
           HessRho_EigVals = -6.5162537810E+00 -6.5106223438E+00 -5.9138695747E+00
           HessRho_EigVec1 =  3.0536665562E-01 -5.4463632153E-01 -7.8110337530E-01
           HessRho_EigVec2 =  8.1050830728E-01 -2.8190557719E-01  5.1342529094E-01
           HessRho_EigVec3 =  4.9982745969E-01  7.8987373853E-01 -3.5534769974E-01
           DelSqRho = -1.8940745700E+01
           Bond Ellipticity = NA
           V = -4.7441426721E+00
           G =  4.4781236262E-03
           K =  4.7396645485E+00
           L =  4.7351864249E+00
           Vnuc =  4.0117346141E+01
           Ven = -1.7121078007E+01
           Vrep =  1.2376935335E+01
           DelSqV =  7.1354486570E+02
           DelSqVen =  7.5985245139E+02
           DelSqVrep = -4.6307585693E+01
           DelSqG =  7.0393266394E+01
           DelSqK = -7.8393813209E+02
           Stress_EigVals = -1.6322614215E+00 -1.6317328632E+00 -1.4801483874E+00
           Stress_EigVec1 =  3.0724030184E-01 -5.4642991116E-01 -7.7911343790E-01
           Stress_EigVec2 =  8.0958135044E-01 -2.8023442858E-01  5.1579715205E-01
           Stress_EigVec3 =  5.0018140104E-01  7.8922938188E-01 -3.5628015497E-01
           -DivStress =  3.9575981319E+00  6.2453797732E+00 -2.8188054343E+00
           ESP =  -1.1090748321E+00     ESP at Nucleus =  -1.1115898004E+00
           ESPe = -1.2518541120E+01     ESPe at Nucleus = -1.2430896559E+01
           ESPn =  1.1409466288E+01     ESPn at Nucleus =  1.1319306759E+01

CP# 11     Coords =  3.56697742190446E+00  2.94940189032238E+00  2.90767634439604E+00
           Type = (3,-3) NACP H11
           Rho =  4.2527403018E-01     Rho at Nucleus =  4.2157066088E-01
           GradRho =  3.1893246860E-16 -1.8185278040E-15 -5.2346636140E-18
           HessRho_EigVals = -6.4832609599E+00 -6.4770828950E+00 -5.8809634781E+00
           HessRho_EigVec1 =  5.6641147949E-01  5.9390173864E-01 -5.7136569790E-01
           HessRho_EigVec2 =  8.1242459962E-01 -2.8598968431E-01  5.0811039194E-01
           HessRho_EigVec3 = -1.3836294963E-01  7.5199110720E-01  6.4448822244E-01
           DelSqRho = -1.8841307333E+01
           Bond Ellipticity = NA
           V = -4.7196900454E+00
           G =  4.6816060957E-03
           K =  4.7150084393E+00
           L =  4.7103268332E+00
           Vnuc =  4.0614576341E+01
           Ven = -1.7272324565E+01
           Vrep =  1.2552634519E+01
           DelSqV =  7.0955730047E+02
           DelSqVen =  7.6523171504E+02
           DelSqVrep = -5.5674414575E+01
           DelSqG =  6.9906191041E+01
           DelSqK = -7.7946349151E+02
           Stress_EigVals = -1.6241111176E+00 -1.6237225258E+00 -1.4718564020E+00
           Stress_EigVec1 =  5.5887193804E-01  5.9767069605E-01 -5.7484945503E-01
           Stress_EigVec2 =  8.1748277650E-01 -2.8069357199E-01  5.0292447621E-01
           Stress_EigVec3 = -1.3922667487E-01  7.5099990527E-01  6.4545726062E-01
           -DivStress = -1.0981025262E+00  5.9489211625E+00  5.1035380003E+00
           ESP =  -1.1077861750E+00     ESP at Nucleus =  -1.1103126478E+00
           ESPe = -1.3169238173E+01     ESPe at Nucleus = -1.3083448863E+01
           ESPn =  1.2061451998E+01     ESPn at Nucleus =  1.1973136215E+01

CP# 12     Coords = -3.73783068681493E+00  2.89329685945186E+00  2.45038257597349E+00
           Type = (3,-3) NACP H12
           Rho =  4.3038525969E-01     Rho at Nucleus =  4.2685181585E-01
           GradRho = -1.1271501310E-15 -2.4298605459E-15 -3.2446156086E-15
           HessRho_EigVals = -6.5776272326E+00 -6.5692347852E+00 -5.9855904799E+00
           HessRho_EigVec1 =  4.8780973674E-01  6.7151682867E-01 -5.5776949500E-01
           HessRho_EigVec2 =  8.5921274601E-01 -4.8224933302E-01  1.7084799645E-01
           HessRho_EigVec3 =  1.5425666219E-01  5.6258397561E-01  8.1222173854E-01
           DelSqRho = -1.9132452498E+01
           Bond Ellipticity = NA
           V = -4.7925366393E+00
           G =  4.7117574227E-03
           K =  4.7878248819E+00
           L =  4.7831131244E+00
           Vnuc =  4.1600133362E+01
           Ven = -1.7904084200E+01
           Vrep =  1.3111547561E+01
           DelSqV =  7.2149324565E+02
           DelSqVen =  7.9591257545E+02
           DelSqVrep = -7.4419329798E+01
           DelSqG =  7.1226960366E+01
           DelSqK = -7.9272020601E+02
           Stress_EigVals = -1.6475911091E+00 -1.6465385698E+00 -1.4984069604E+00
           Stress_EigVec1 =  4.8781754601E-01  6.7054592737E-01 -5.5892951353E-01
           Stress_EigVec2 =  8.5909608090E-01 -4.8236834476E-01  1.7109852063E-01
           Stress_EigVec3 =  1.5488048810E-01  5.6363901503E-01  8.1137112047E-01
           -DivStress =  1.1937308852E+00  4.3706856426E+00  6.3288136389E+00
           ESP =  -1.1231939425E+00     ESP at Nucleus =  -1.1255466763E+00
           ESPe = -1.3257186277E+01     ESPe at Nucleus = -1.3177988619E+01
           ESPn =  1.2133992335E+01     ESPn at Nucleus =  1.2052441943E+01

CP# 13     Coords = -5.96275316923216E+00 -8.46376037082187E-01  3.01694128861416E+00
           Type = (3,-3) NACP H13
           Rho =  4.3018350087E-01     Rho at Nucleus =  4.2665164723E-01
           GradRho =  5.0627058696E-11  3.4539577830E-11 -1.5428672905E-10
           HessRho_EigVals = -6.5734898920E+00 -6.5649123714E+00 -5.9818082308E+00
           HessRho_EigVec1 =  4.1884240212E-01  8.4634919259E-01  3.2903508382E-01
           HessRho_EigVec2 = -8.5504152042E-01  4.8958692740E-01 -1.7090535065E-01
           HessRho_EigVec3 = -3.0573688122E-01 -2.0975625074E-01  9.2872346516E-01
           DelSqRho = -1.9120210494E+01
           Bond Ellipticity = NA
           V = -4.7895376054E+00
           G =  4.7424909405E-03
           K =  4.7847951145E+00
           L =  4.7800526235E+00
           Vnuc =  4.0976286247E+01
           Ven = -1.7627322270E+01
           Vrep =  1.2837784665E+01
           DelSqV =  7.2102519714E+02
           DelSqVen =  7.8347521860E+02
           DelSqVrep = -6.2450021458E+01
           DelSqG =  7.1169200135E+01
           DelSqK = -7.9219439727E+02
           Stress_EigVals = -1.6465437945E+00 -1.6455404617E+00 -1.4974533493E+00
           Stress_EigVec1 =  4.1855498136E-01  8.4595398031E-01  3.3041427145E-01
           Stress_EigVec2 = -8.5496995499E-01  4.8973853860E-01 -1.7082897847E-01
           Stress_EigVec3 = -3.0633005672E-01 -2.1099295489E-01  9.2824774136E-01
           -DivStress = -2.3719122456E+00 -1.6183596457E+00  7.2299181471E+00
           ESP =  -1.1227314263E+00     ESP at Nucleus =  -1.1250831425E+00
           ESPe = -1.2635490271E+01     ESPe at Nucleus = -1.2554139527E+01
           ESPn =  1.1512758845E+01     ESPn at Nucleus =  1.1429056385E+01

CP# 14     Coords =  6.06444569712144E+00 -1.43062478941871E+00 -3.50173785727806E+00
           Type = (3,-3) NACP H14
           Rho =  4.2680985519E-01     Rho at Nucleus =  4.2312797271E-01
           GradRho = -6.5193788139E-15  3.5673546433E-15  1.1804762761E-14
           HessRho_EigVals = -6.5166378113E+00 -6.5109617806E+00 -5.9143868977E+00
           HessRho_EigVec1 =  3.5629426271E-01  9.3271471842E-01 -5.5656557570E-02
           HessRho_EigVec2 =  8.1318698104E-01 -2.8019565354E-01  5.1011501606E-01
           HessRho_EigVec3 = -4.6019705804E-01  2.2701024157E-01  8.5830356984E-01
           DelSqRho = -1.8941986490E+01
           Bond Ellipticity = NA
           V = -4.7444613001E+00
           G =  4.4823388488E-03
           K =  4.7399789613E+00
           L =  4.7354966224E+00
           Vnuc =  4.0029221893E+01
           Ven = -1.7084866400E+01
           Vrep =  1.2340405099E+01
           DelSqV =  7.1359530048E+02
           DelSqVen =  7.5823298029E+02
           DelSqVrep = -4.4637679811E+01
           DelSqG =  7.0396597511E+01
           DelSqK = -7.8399189799E+02
           Stress_EigVals = -1.6323495775E+00 -1.6318400595E+00 -1.4802716632E+00
           Stress_EigVec1 =  3.5749225537E-01  9.3237962229E-01 -5.3549297742E-02
           Stress_EigVec2 =  8.1241802124E-01 -2.8219210900E-01  5.1023972051E-01
           Stress_EigVec3 = -4.6062592862E-01  2.2591116298E-01  8.5836350128E-01
           -DivStress =  3.6439564666E+00 -1.7887780474E+00 -6.7911641602E+00
           ESP =  -1.1098903856E+00     ESP at Nucleus =  -1.1124049749E+00
           ESPe = -1.2425828216E+01     ESPe at Nucleus = -1.2338142150E+01
           ESPn =  1.1315937830E+01     ESPn at Nucleus =  1.1225737176E+01

CP# 15     Coords =  3.28603050977376E+00 -4.48737130952093E+00 -7.64607646708557E-01
           Type = (3,-3) NACP H15
           Rho =  4.2529407775E-01     Rho at Nucleus =  4.2158987514E-01
           GradRho =  8.1609263751E-10  3.7889863041E-09  7.9964156354E-10
           HessRho_EigVals = -6.4832009166E+00 -6.4769884892E+00 -5.8807884776E+00
           HessRho_EigVec1 = -5.5022958345E-01 -5.7342659407E-02  8.3304215074E-01
           HessRho_EigVec2 =  8.0915523029E-01 -2.8296548327E-01  5.1497412418E-01
           HessRho_EigVec3 =  2.0619218896E-01  9.5741441116E-01  2.0209509277E-01
           DelSqRho = -1.8840977883E+01
           Bond Ellipticity = NA
           V = -4.7196188173E+00
           G =  4.6871732304E-03
           K =  4.7149316441E+00
           L =  4.7102444708E+00
           Vnuc =  4.0400472328E+01
           Ven = -1.7182081619E+01
           Vrep =  1.2462462802E+01
           DelSqV =  7.0953738896E+02
           DelSqVen =  7.6118441204E+02
           DelSqVrep = -5.1647023071E+01
           DelSqG =  6.9900193538E+01
           DelSqK = -7.7943758250E+02
           Stress_EigVals = -1.6240914201E+00 -1.6237182134E+00 -1.4718091838E+00
           Stress_EigVec1 = -5.4138741775E-01 -5.8743168760E-02  8.3871860837E-01
           Stress_EigVec2 =  8.1488354395E-01 -2.8230553193E-01  5.0622958867E-01
           Stress_EigVec3 =  2.0703737271E-01  9.5752432176E-01  2.0070550449E-01
           -DivStress = -1.6342175933E+00 -7.5786703606E+00 -1.5962297282E+00
