AIMSum (Version 19.02.13, Professional)
Copyright (c) 1997-2019 by Todd A. Keith
AIMSum is a component of the AIMAll package ( http://aim.tkgristmill.com )

TP:  64-bit Linux

Much of the Quantum Theory of Atoms in Molecules (QTAIM) is described in the book:
  "Atoms in Molecules - A Quantum Theory"
  R.F.W. Bader, Oxford University Press, Oxford, 1990

For additional references see:  http://aim.tkgristmill.com/references.html

Wfn File:  /home/mhennefarth/Documents/ML_Diels/summary-liu2013/1ex-opt/1ex-opt.wfn
Sum File:  /home/mhennefarth/Documents/ML_Diels/summary-liu2013/1ex-opt/1ex-opt.sum

SumViz File:  /home/mhennefarth/Documents/ML_Diels/summary-liu2013/1ex-opt/1ex-opt.sumviz

Wfn Title:   Title Card Required                                                           
 
Total memory allocated for AIMSum =        1.151 Megabytes

Atomic units (a.u.) used throughout, except where stated otherwise

Model:  Restricted SCF
 
Restricted, closed-shell, single-determinant wavefunction.
  Number of electrons (from MO Occs)                   =          68.0000000000
  Number of Alpha electrons (from MO Occs)             =          34.0000000000
  Number of Beta electrons (from MO Occs)              =          34.0000000000
  Number of electron pairs (N*(N-1)/2)                 =        2278.0000000000
  Number of electron pairs (from Muller 2EDM)          =        2278.0000000000
 
Nuclear Charges and Cartesian Coordinates:
-------------------------------------------------------------------------------
Atom      Charge                X                  Y                  Z
-------------------------------------------------------------------------------
C1         6.0          -4.8692780600E+00  -1.3942630500E+00  -1.5544603300E+00
C2         6.0          -3.9964632700E+00  -2.2292655300E+00   6.9179650000E-01
C3         6.0           3.5052987100E+00  -1.2682071900E+00  -5.7347865000E-01
C4         6.0           3.4997311500E+00   1.2631437700E+00  -5.7221065000E-01
C5         6.0          -4.8639980400E+00   1.3834579700E+00  -1.5652458900E+00
C6         6.0          -3.9879952000E+00   2.2325775800E+00   6.7447941000E-01
C7         6.0          -3.3323655800E+00   6.7727600000E-03   2.3240675200E+00
C8         6.0           5.6536627000E+00  -3.0093549300E+00   7.9850370000E-02
C9         6.0           5.6403524000E+00   3.0130457300E+00   8.3141380000E-02
H10        1.0          -5.4906530500E+00  -2.5564079000E+00  -3.1260866000E+00
H11        1.0          -3.7794604300E+00  -4.1796122500E+00   1.2802456900E+00
H12        1.0           1.7550337300E+00  -2.2099403600E+00  -1.1173737400E+00
H13        1.0           1.7452274900E+00   2.1976146300E+00  -1.1149529700E+00
H14        1.0          -5.4809138100E+00   2.5357123300E+00  -3.1458879300E+00
H15        1.0          -3.7635206700E+00   4.1866004100E+00   1.2477448000E+00
H16        1.0          -4.3848037800E+00   1.5687460000E-02   4.1181839800E+00
H17        1.0          -1.3149679900E+00   4.9505100000E-03   2.8325497300E+00
H18        1.0           6.1366554000E+00  -4.2230863200E+00  -1.5340441800E+00
H19        1.0           5.1290536100E+00  -4.2817161800E+00   1.6341929000E+00
H20        1.0           7.3677134500E+00  -2.0016270200E+00   6.4299811000E-01
H21        1.0           5.1105665200E+00   4.2804977500E+00   1.6397536200E+00
H22        1.0           6.1171618000E+00   4.2315983800E+00  -1.5289517500E+00
H23        1.0           7.3592388300E+00   2.0122858400E+00   6.4399037000E-01
 
Some Atomic Properties:
----------------------
  q(A) = Net Charge of Atom A
  L(A) = Lagrangian of Atom A = -(1/4) Times Atomic Integral of the Laplacian of the Electron Density
  K(A) = Electronic Kinetic Energy of Atom A (Hamiltonian Form)
  K_Scaled(A) = K(A) * E(Mol)/K(Mol) = Approximation to Virial-Based Total Energy of Atom A.
  |Mu_Intra(A)| = Magnitude of Intraatomic Dipole Moment of Atom A
--------------------------------------------------------------------------------------------------
Atom A          q(A)              L(A)              K(A)          K_Scaled(A)      |Mu_Intra(A)|
--------------------------------------------------------------------------------------------------
C1       -5.6552597100E-02 -1.7520303756E-06  3.7726382373E+01 -3.8113231339E+01  1.5345871431E-01
C2       -7.4828443900E-02  5.0902736393E-05  3.7731058973E+01 -3.8117955893E+01  1.7035009483E-01
C3       -5.4523745900E-02 -2.8907802703E-05  3.7700154383E+01 -3.8086734405E+01  6.6313190813E-02
C4       -5.4594369800E-02 -4.7375915396E-05  3.7700205570E+01 -3.8086786117E+01  6.6404598201E-02
C5       -5.6680198600E-02 -1.4261822003E-04  3.7726361954E+01 -3.8113210710E+01  1.5378168565E-01
C6       -7.4927937500E-02 -3.4300742255E-06  3.7731114239E+01 -3.8118011726E+01  1.7038170365E-01
C7       -1.3703317100E-02  6.1439223501E-05  3.7706210510E+01 -3.8092852632E+01  1.5611791705E-01
C8       -2.0103744800E-02 -2.1398970805E-05  3.7677875396E+01 -3.8064226968E+01  7.3108787813E-02
C9       -2.0252836400E-02 -1.9200860744E-04  3.7677824317E+01 -3.8064175365E+01  7.2801490373E-02
H10       4.3430302370E-02  2.2482534597E-05  5.9359765367E-01 -5.9968444556E-01  1.5015663561E-01
H11       4.7167413850E-02  1.9271442722E-05  5.9155649727E-01 -5.9762235900E-01  1.5043237127E-01
H12       3.0471513680E-02  3.2309015260E-05  6.0404368279E-01 -6.1023758900E-01  1.5000621328E-01
H13       3.0569230230E-02  3.4412300481E-05  6.0401771240E-01 -6.1021135231E-01  1.4991253488E-01
H14       4.3436119670E-02  2.1303014169E-05  5.9359526170E-01 -5.9968202907E-01  1.5015346930E-01
H15       4.7156235250E-02  2.1279860140E-05  5.9155943518E-01 -5.9762532704E-01  1.5044029588E-01
H16       4.0713858580E-02  2.5668153227E-05  5.9084036118E-01 -5.9689887960E-01  1.5226855160E-01
H17       5.5002319280E-02  2.0057776196E-05  5.8502101220E-01 -5.9101985861E-01  1.4824387280E-01
H18       1.7291184080E-02  2.5615556858E-05  6.0274549366E-01 -6.0892608815E-01  1.5446737900E-01
H19       1.5413750230E-02  2.1469384370E-05  6.0361535525E-01 -6.0980486935E-01  1.5476977993E-01
H20       1.1413190680E-02  2.2991786465E-05  6.0873224943E-01 -6.1497423253E-01  1.4847844512E-01
H21       1.5398391670E-02  2.2397414939E-05  6.0361945132E-01 -6.0980900743E-01  1.5477634736E-01
H22       1.7280098710E-02  2.3626275487E-05  6.0275088235E-01 -6.0893153209E-01  1.5446830625E-01
H23       1.1416487540E-02  2.6825252206E-05  6.0873165778E-01 -6.1497363481E-01  1.4848124826E-01
--------------------------------------------------------------------------------------------------
Total    -7.0952800001E-06  1.4560106036E-05  3.4776161442E+02 -3.5132758636E+02
 
1st Largest |L(A)| = 1.9200860744E-04, atom C9      
2nd Largest |L(A)| = 1.4261822003E-04, atom C5      
 
Molecular charge q(Mol) from the wfn file:   0.0000000000E+00
Molecular energy E(Mol) from the wfn file:  -3.5132760612E+02
Molecular virial ratio (-V(Mol)/T(Mol)) from the wfn file:   2.0102540700E+00
Note.  K_Scaled(A) = (1+V(Mol)/T(Mol))*K(A) = (E(Mol)/T(Mol))*K(A)
       Only use K_Scaled(A) data with caution.
 
N_AIMInt(SumA)     =         68.000007
N_Analytic(Mol)    =         67.999988
 
G_AIMInt(SumA)     =        347.761600
G_Analytic(Mol)    =        347.761609
 
K_AIMInt(SumA)     =        347.761614
K_Analytic(Mol)    =        347.761609
 
L_AIMInt(SumA)     =          0.000015
L_Analytic(Mol)    =          0.000000
 
VenT_AIMInt(SumA)  =      -1606.231412
VenT_Analytic(Mol) =      -1606.232005
 
Some Information About the Atomic Calculations:
----------------------------------------------
  Time(sec) = "Elapsed User Time", in Seconds, for Atom A by AIMInt and, if used, by TWOe
  NProc = Number of Processors Used for AIMInt Job
  BIM = Basin Integration Method
  OAQ = Angular Quadrature Outside of Beta Sphere
  ORQ = Multiple of Default for Radial Quadrature Outside of Beta Sphere
  IAQ = Multiple of Default for Angular Quadrature Inside of Beta Sphere
  IRQ = Multiple of Default for Radial Quadrature Inside of Beta Sphere
  MIR = Maximum Integration Radius
------------------------------------------------------------------------------------------------------
Atom A     Time(sec)   NProc      BIM          OAQ                     ORQ      IAQ      IRQ      MIR
------------------------------------------------------------------------------------------------------
C1             20        8     Proaim(5)    4500(GS4)                  1.00     1.00     1.00    13.00
C2             27        8     Proaim(5)    4500(GS4)                  1.00     1.00     1.00    13.00
C3             29        8     Proaim(5)    4500(GS4)                  1.00     1.00     1.00    13.00
C4             36        8     Proaim(5)    4500(GS4)                  1.00     1.00     1.00    13.00
C5             20        8     Proaim(5)    4500(GS4)                  1.00     1.00     1.00    13.00
C6             26        8     Proaim(5)    4500(GS4)                  1.00     1.00     1.00    13.00
C7             26        8     Proaim(5)    4500(GS4)                  1.00     1.00     1.00    13.00
C8             21        8     Proaim(5)    4500(GS4)                  1.00     1.00     1.00    13.00
C9             21        8     Proaim(5)    4500(GS4)                  1.00     1.00     1.00    13.00
H10             5        8     Proaim(5)    1800(GS4)                  1.00     1.00     1.00    13.00
H11             6        8     Proaim(5)    1800(GS4)                  1.00     1.00     1.00    13.00
H12            13        8     Proaim(5)    4500(GS4)                  1.00     1.00     1.00    13.00
H13            13        8     Proaim(5)    4500(GS4)                  1.00     1.00     1.00    13.00
H14             6        8     Proaim(5)    1800(GS4)                  1.00     1.00     1.00    13.00
H15             6        8     Proaim(5)    1800(GS4)                  1.00     1.00     1.00    13.00
H16             5        8     Proaim(5)    1800(GS4)                  1.00     1.00     1.00    13.00
H17            15        8     Proaim(5)    4500(GS4)                  1.00     1.00     1.00    13.00
H18             5        8     Proaim(5)    1800(GS4)                  1.00     1.00     1.00    13.00
H19             5        8     Proaim(5)    1800(GS4)                  1.00     1.00     1.00    13.00
H20            10        8     Proaim(5)    4500(GS4)                  1.00     1.00     1.00    13.00
H21             6        8     Proaim(5)    1800(GS4)                  1.00     1.00     1.00    13.00
H22             4        8     Proaim(5)    1800(GS4)                  1.00     1.00     1.00    13.00
H23            11        8     Proaim(5)    4500(GS4)                  1.00     1.00     1.00    13.00
------------------------------------------------------------------------------------------------------
Total         336
Note:  Total wall clock time is less than total of atomic times if more than one atom
       was calculated at a time
 
Electron Density Critical Point Analysis of Molecular Structure:               
---------------------------------------------------------------                
  NACP = Nuclear Attractor Critical Point                                      
  NNACP = Non-Nuclear Attractor Critical Point                                 
  BCP = Bond Critical Point                                                    
  RCP = Ring Critical Point                                                    
  CCP = Cage Critical Point                                                    
  Rho = Electron Density                                                       
  GradRho = Gradient of Electron Density                                       
  HessRho_EigVals = Eigenvalues of the Hessian of Rho, Ascending Order         
  HessRho_EigVecs = Eigenvectors of the Hessian of Rho                         
  DelSqRho = Laplacian of Rho = Trace of Hessian of Rho                        
  Bond Ellipticity = (HessRho_EigVal(1) / HessRho_EigVal(2)) - 1               
  V = Virial Field = Potential Energy Density = Trace of Stress Tensor         
  G = Lagrangian Form of Kinetic Energy Density                                
  K = Hamiltonian Form of Kinetic Energy Density                               
  L = K - G = Lagrangian Density = (-1/4)DelSqRho                              
  Vnuc = Electrostatic Potential from Nuclei                                   
  Ven = Electron-nuclear attractive contribution to Virial Field V             
  Vrep = V - Ven = Repulsive contribution to Virial Field V                    
  DelSqV = Laplacian of V                                                      
  DelSqVen = Laplacian of Ven                                                  
  DelSqVrep = Laplacian of Vrep                                                
  DelSqG = Laplacian of G                                                      
  DelSqK = Laplacian of K                                                      
  Stress_EigVals = Eigenvalues of Stress Tensor, Ascending Order               
  Stress_EigVecs = Eigenvectors of Stress Tensor                               
  -DivStress = Ehrenfest Force Density = Minus Divergence of Stress Tensor     
  ESP = Total Electrostatic Potential                                          
  ESPe = Electrostatic Potential from Electrons                                
  ESPn = Electrostatic Potential from Nuclei                                   
  BP = Bond Path                                                               
  BPL = Bond Path Length                                                       
  GBL = Geometric Bond Length                                                  
  GBL_I = Distance Between Nuclear Attractors                                  
  GBL_II = Distance Between Nuclei                                             
  GBL_III = Sum of Distances Between BCP and Nuclear Attractors                
  GBL_IV = Sum of Distances Between BCP and Nuclei                             

CP# 1      Coords = -4.86927843981033E+00 -1.39426223925071E+00 -1.55446142828277E+00
           Type = (3,-3) NACP C1
           Rho =  1.1767630168E+02     Rho at Nucleus =  1.1767630154E+02
           GradRho = -1.5424392276E-10  3.7755882875E-10 -5.1796013355E-10
           HessRho_EigVals = -1.4499872672E+05 -1.4499788995E+05 -1.4499758419E+05
           HessRho_EigVec1 =  9.3219096569E-01 -2.9659148407E-03 -3.6195470273E-01
           HessRho_EigVec2 =  4.4065448786E-02  9.9345871202E-01  1.0534715817E-01
           HessRho_EigVec3 =  3.5927460209E-01 -1.1415336552E-01  9.2622393050E-01
           DelSqRho = -4.3499420086E+05
           Bond Ellipticity = NA
           V = -1.0875879422E+05
           G =  5.1220018022E+00
           K =  1.0875367222E+05
           L =  1.0874855022E+05
           Vnuc =  4.2344085400E+06
           Ven = -4.9828953681E+08
           Vrep =  4.9818077801E+08
           DelSqV =  2.4951481801E+09
           DelSqVen =  1.8419432161E+12
           DelSqVrep = -1.8394480679E+12
           DelSqG =  1.3402105792E+08
           DelSqK = -2.6291692381E+09
           Stress_EigVals = -3.6253198060E+04 -3.6253027499E+04 -3.6252568660E+04
           Stress_EigVec1 =  3.6259880681E-01  6.5548852080E-02  9.2963726974E-01
           Stress_EigVec2 = -2.0178062117E-02  9.9784174126E-01 -6.2487640439E-02
           Stress_EigVec3 =  9.3172686508E-01 -3.8996652885E-03 -3.6313887357E-01
           -DivStress =  3.0678786028E+02 -6.6245386666E+02  8.8666489013E+02
           ESP =  -1.4748765408E+01     ESP at Nucleus =  -1.4748765426E+01
           ESPe = -2.6722288952E+01     ESPe at Nucleus = -2.6722289923E+01
           ESPn =  1.1973523543E+01     ESPn at Nucleus =  1.1973524497E+01

CP# 2      Coords = -3.99646258769739E+00 -2.22926535558850E+00  6.91797854389235E-01
           Type = (3,-3) NACP C2
           Rho =  1.1767442490E+02     Rho at Nucleus =  1.1767442473E+02
           GradRho =  3.7192459876E-10  7.1682581068E-11  7.0842574602E-10
           HessRho_EigVals = -1.4499962071E+05 -1.4499903007E+05 -1.4499865251E+05
           HessRho_EigVec1 =  9.3407864204E-01  5.1861507011E-03 -3.5702968270E-01
           HessRho_EigVec2 =  1.6358222676E-01  8.8257760359E-01  4.4079204704E-01
           HessRho_EigVec3 =  3.1739241575E-01 -4.7013814724E-01  8.2354852737E-01
           DelSqRho = -4.3499730330E+05
           Bond Ellipticity = NA
           V = -1.0875956841E+05
           G =  5.1212937625E+00
           K =  1.0875444712E+05
           L =  1.0874932582E+05
           Vnuc =  3.9304676067E+06
           Ven = -4.6251551523E+08
           Vrep =  4.6240675566E+08
           DelSqV =  2.4951694548E+09
           DelSqVen =  1.7097428500E+12
           DelSqVrep = -1.7072477134E+12
           DelSqG =  1.3402532696E+08
           DelSqK = -2.6291947817E+09
           Stress_EigVals = -3.6253455817E+04 -3.6253248719E+04 -3.6252863876E+04
           Stress_EigVec1 =  2.7230673496E-01 -6.5208176525E-01  7.0755806371E-01
           Stress_EigVec2 =  2.3797793737E-01  7.5814246319E-01  6.0711325701E-01
           Stress_EigVec3 =  9.3231729761E-01 -3.0621798067E-03 -3.6162837228E-01
           -DivStress = -5.5442781352E+02 -1.4740797405E+02 -1.0999934008E+03
           ESP =  -1.4749835881E+01     ESP at Nucleus =  -1.4749835898E+01
           ESPe = -2.6973695434E+01     ESPe at Nucleus = -2.6973695781E+01
           ESPn =  1.2223859553E+01     ESPn at Nucleus =  1.2223859883E+01

CP# 3      Coords =  3.50529962184384E+00 -1.26820887147704E+00 -5.73478331342834E-01
           Type = (3,-3) NACP C3
           Rho =  1.1766439206E+02     Rho at Nucleus =  1.1766439179E+02
           GradRho =  7.5109069485E-10 -1.3960108254E-09  2.6190440051E-10
           HessRho_EigVals = -1.4498603899E+05 -1.4498534752E+05 -1.4498498945E+05
           HessRho_EigVec1 = -2.9923761191E-01  2.7253474226E-03  9.5417473457E-01
           HessRho_EigVec2 =  8.7784257491E-01 -3.9113478130E-01  2.7641634636E-01
           HessRho_EigVec3 =  3.7396425671E-01  9.2032937329E-01  1.1464981189E-01
           DelSqRho = -4.3495637596E+05
           Bond Ellipticity = NA
           V = -1.0874925776E+05
           G =  5.0818859508E+00
           K =  1.0874417588E+05
           L =  1.0873909399E+05
           Vnuc =  3.0941250060E+06
           Ven = -3.6406833779E+08
           Vrep =  3.6395958853E+08
           DelSqV =  2.4949332742E+09
           DelSqVen =  1.3458093015E+12
           DelSqVrep = -1.3433143682E+12
           DelSqG =  1.3401147965E+08
           DelSqK = -2.6289447538E+09
           Stress_EigVals = -3.6250012859E+04 -3.6249831764E+04 -3.6249413139E+04
           Stress_EigVec1 =  2.8752218113E-01  9.5359571444E-01  8.9365590458E-02
           Stress_EigVec2 =  9.1075839131E-01 -3.0109001126E-01  2.8260211918E-01
           Stress_EigVec3 = -2.9639525638E-01 -1.3608370448E-04  9.5506535560E-01
           -DivStress = -7.4467732688E+02  1.3665206150E+03 -2.5900775879E+02
           ESP =  -1.4752946952E+01     ESP at Nucleus =  -1.4752946976E+01
           ESPe = -2.6864703308E+01     ESPe at Nucleus = -2.6864704338E+01
           ESPn =  1.2111756357E+01     ESPn at Nucleus =  1.2111757362E+01

CP# 4      Coords =  3.49973205591294E+00  1.26314545386173E+00 -5.72210327818618E-01
           Type = (3,-3) NACP C4
           Rho =  1.1766445920E+02     Rho at Nucleus =  1.1766445893E+02
           GradRho =  7.5468825633E-10  1.3951020770E-09  2.6358219340E-10
           HessRho_EigVals = -1.4498614431E+05 -1.4498545272E+05 -1.4498509449E+05
           HessRho_EigVec1 = -2.9922341568E-01 -5.0899852889E-03  9.5416950253E-01
           HessRho_EigVec2 =  8.7565995830E-01  3.9578874562E-01  2.7671448510E-01
           HessRho_EigVec3 = -3.7905802317E-01  9.1832748020E-01 -1.1397216405E-01
           DelSqRho = -4.3495669151E+05
           Bond Ellipticity = NA
           V = -1.0874933687E+05
           G =  5.0819937762E+00
           K =  1.0874425487E+05
           L =  1.0873917288E+05
           Vnuc =  3.0943295849E+06
           Ven = -3.6409261720E+08
           Vrep =  3.6398386786E+08
           DelSqV =  2.4949350983E+09
           DelSqVen =  1.3458993152E+12
           DelSqVrep = -1.3434043637E+12
           DelSqG =  1.3401159900E+08
           DelSqK = -2.6289466973E+09
           Stress_EigVals = -3.6250039226E+04 -3.6249858167E+04 -3.6249439473E+04
           Stress_EigVec1 = -2.9232287033E-01  9.5221492398E-01 -8.8510327263E-02
           Stress_EigVec2 =  9.0923665219E-01  3.0542079636E-01  2.8285481692E-01
           Stress_EigVec3 = -2.9637147263E-01 -2.2080983229E-03  9.5507019350E-01
           -DivStress = -7.3986153343E+02 -1.3684742027E+03 -2.6187296757E+02
           ESP =  -1.4752968208E+01     ESP at Nucleus =  -1.4752968232E+01
           ESPe = -2.6868569850E+01     ESPe at Nucleus = -2.6868570875E+01
           ESPn =  1.2115601642E+01     ESPn at Nucleus =  1.2115602642E+01

CP# 5      Coords = -4.86399842253772E+00  1.38345715274839E+00 -1.56524698181509E+00
           Type = (3,-3) NACP C5
           Rho =  1.1767633982E+02     Rho at Nucleus =  1.1767633968E+02
           GradRho = -1.3064896734E-10 -3.5419472943E-10 -5.0845228624E-10
           HessRho_EigVals = -1.4499877474E+05 -1.4499793738E+05 -1.4499763178E+05
           HessRho_EigVec1 =  9.3219153945E-01 -3.3855872596E-03 -3.6194954287E-01
           HessRho_EigVec2 = -4.0283999663E-02  9.9277386076E-01 -1.1303654612E-01
           HessRho_EigVec3 =  3.5971674016E-01  1.1995248721E-01  9.2531900859E-01
           DelSqRho = -4.3499434390E+05
           Bond Ellipticity = NA
           V = -1.0875882992E+05
           G =  5.1219714374E+00
           K =  1.0875370795E+05
           L =  1.0874858598E+05
           Vnuc =  4.2359910106E+06
           Ven = -4.9847591765E+08
           Vrep =  4.9836715882E+08
           DelSqV =  2.4951490012E+09
           DelSqVen =  1.8426321306E+12
           DelSqVrep = -1.8401369816E+12
           DelSqG =  1.3402110248E+08
           DelSqK = -2.6291701037E+09
           Stress_EigVals = -3.6253209981E+04 -3.6253039462E+04 -3.6252580475E+04
           Stress_EigVec1 =  3.6234129222E-01 -5.9740817608E-02  9.3012892798E-01
           Stress_EigVec2 =  2.3983658964E-02  9.9821088551E-01  5.4770540871E-02
           Stress_EigVec3 =  9.3173685773E-01 -2.4622664463E-03 -3.6312582556E-01
           -DivStress =  3.0902045046E+02  6.6770074566E+02  8.8138044117E+02
           ESP =  -1.4748753061E+01     ESP at Nucleus =  -1.4748753078E+01
           ESPe = -2.6724179638E+01     ESPe at Nucleus = -2.6724180610E+01
           ESPn =  1.1975426577E+01     ESPn at Nucleus =  1.1975427532E+01

CP# 6      Coords = -3.98799451556035E+00  2.23257741411732E+00  6.74480764555230E-01
           Type = (3,-3) NACP C6
           Rho =  1.1767454692E+02     Rho at Nucleus =  1.1767454675E+02
           GradRho =  3.2472778459E-10 -1.0977129977E-10  7.0780165149E-10
           HessRho_EigVals = -1.4499981746E+05 -1.4499922770E+05 -1.4499885025E+05
           HessRho_EigVec1 =  9.3405165187E-01 -1.1538663866E-02 -3.5695149652E-01
           HessRho_EigVec2 = -1.6015089294E-01  8.7981931392E-01 -4.4751499008E-01
           HessRho_EigVec3 =  3.1921654582E-01  4.7516821662E-01  8.1994875620E-01
           DelSqRho = -4.3499789541E+05
           Bond Ellipticity = NA
           V = -1.0875971675E+05
           G =  5.1214469342E+00
           K =  1.0875459530E+05
           L =  1.0874947385E+05
           Vnuc =  3.9300728658E+06
           Ven = -4.6246954384E+08
           Vrep =  4.6236078413E+08
           DelSqV =  2.4951728865E+09
           DelSqVen =  1.7095732756E+12
           DelSqVrep = -1.7070781683E+12
           DelSqG =  1.3402555433E+08
           DelSqK = -2.6291984408E+09
           Stress_EigVals = -3.6253505172E+04 -3.6253298108E+04 -3.6252913467E+04
           Stress_EigVec1 =  2.7481041572E-01  6.5649092873E-01  7.0249476575E-01
           Stress_EigVec2 = -2.3509597330E-01  7.5432672480E-01 -6.1296090870E-01
           Stress_EigVec3 =  9.3231385206E-01 -3.2943514392E-03 -3.6163521468E-01
           -DivStress = -5.5616197977E+02  1.4047727359E+02 -1.1001687145E+03
           ESP =  -1.4749840744E+01     ESP at Nucleus =  -1.4749840761E+01
           ESPe = -2.6977828844E+01     ESPe at Nucleus = -2.6977829191E+01
           ESPn =  1.2227988100E+01     ESPn at Nucleus =  1.2227988430E+01

CP# 7      Coords = -3.33236577598489E+00  6.77276041887030E-03  2.32406751891789E+00
           Type = (3,-3) NACP C7
           Rho =  1.1754095664E+02     Rho at Nucleus =  1.1754095664E+02
           GradRho = -3.0762158624E-11  8.6833998163E-15 -2.3356167432E-11
           HessRho_EigVals = -1.4483764893E+05 -1.4483747271E+05 -1.4483729003E+05
           HessRho_EigVec1 =  1.8161899144E-03  9.9999046011E-01 -3.9725495408E-03
           HessRho_EigVec2 =  8.4998681507E-01 -3.6364771487E-03 -5.2679141055E-01
           HessRho_EigVec3 =  5.2680083111E-01  2.4198614851E-03  8.4998531082E-01
           DelSqRho = -4.3451241167E+05
           Bond Ellipticity = NA
           V = -1.0863856067E+05
           G =  5.2288755381E+00
           K =  1.0863333179E+05
           L =  1.0862810292E+05
           Vnuc =  3.0614080354E+07
           Ven = -3.5984082916E+09
           Vrep =  3.5982996530E+09
           DelSqV =  2.4924071338E+09
           DelSqVen =  1.3302168027E+13
           DelSqVrep = -1.3299675620E+13
           DelSqG =  1.3387861780E+08
           DelSqK = -2.6262857516E+09
           Stress_EigVals = -3.6212919935E+04 -3.6212872214E+04 -3.6212768521E+04
           Stress_EigVec1 =  5.0276993674E-01  2.4788866807E-03  8.6441670844E-01
           Stress_EigVec2 =  8.6441841634E-01 -3.5086832120E-03 -5.0276086825E-01
           Stress_EigVec3 =  1.7866771732E-03  9.9999077209E-01 -3.9068557353E-03
           -DivStress =  1.6020307895E+02 -3.3405750694E-01  2.7187432239E+00
           ESP =  -1.4737965795E+01     ESP at Nucleus =  -1.4737965795E+01
           ESPe = -2.7121036792E+01     ESPe at Nucleus = -2.7121036774E+01
           ESPn =  1.2383070997E+01     ESPn at Nucleus =  1.2383070979E+01

CP# 8      Coords =  5.65366216971141E+00 -3.00935471387159E+00  7.98502219175075E-02
           Type = (3,-3) NACP C8
           Rho =  1.1750760012E+02     Rho at Nucleus =  1.1750760010E+02
           GradRho = -3.9467447106E-11 -6.3356722212E-12 -1.2459749270E-11
           HessRho_EigVals = -1.4479451940E+05 -1.4479435772E+05 -1.4479425650E+05
           HessRho_EigVec1 =  7.3661379479E-01 -6.3618699634E-01  2.2949122643E-01
           HessRho_EigVec2 = -3.0991089587E-01 -1.5911727924E-02  9.5063244923E-01
           HessRho_EigVec3 =  6.0112840055E-01  7.7137080746E-01  2.0888208026E-01
           DelSqRho = -4.3438313362E+05
           Bond Ellipticity = NA
           V = -1.0860626918E+05
           G =  5.2428897063E+00
           K =  1.0860102629E+05
           L =  1.0859578341E+05
           Vnuc =  1.0144094534E+07
           Ven = -1.1920082041E+09
           Vrep =  1.1918995979E+09
           DelSqV =  2.4916672129E+09
           DelSqVen =  4.4064262062E+12
           DelSqVrep = -4.4039340147E+12
           DelSqG =  1.3383728415E+08
           DelSqK = -2.6255044971E+09
           Stress_EigVals = -3.6202129650E+04 -3.6202097782E+04 -3.6202041753E+04
           Stress_EigVec1 =  5.9809377729E-01  7.7436896587E-01  2.0648616966E-01
           Stress_EigVec2 = -3.0621571969E-01 -1.7290048684E-02  9.5180512041E-01
           Stress_EigVec3 =  7.4061850273E-01 -6.3249803075E-01  2.2678287967E-01
           -DivStress =  4.2966687759E+02 -1.7461758648E+02  1.2002520489E+02
           ESP =  -1.4747491045E+01     ESP at Nucleus =  -1.4747491046E+01
           ESPe = -2.4816199254E+01     ESPe at Nucleus = -2.4816198593E+01
           ESPn =  1.0068708208E+01     ESPn at Nucleus =  1.0068707547E+01

CP# 9      Coords =  5.64035187064623E+00  3.01304551205108E+00  8.31412320315942E-02
           Type = (3,-3) NACP C9
           Rho =  1.1750760214E+02     Rho at Nucleus =  1.1750760212E+02
           GradRho = -3.6328402526E-11 -6.1340932334E-12 -1.1546284220E-11
           HessRho_EigVals = -1.4479451985E+05 -1.4479435824E+05 -1.4479425701E+05
           HessRho_EigVec1 =  7.3365507103E-01  6.3924927074E-01  2.3045738567E-01
           HessRho_EigVec2 = -3.1036374022E-01  1.3523976475E-02  9.5052167299E-01
           HessRho_EigVec3 = -6.0450358601E-01  7.6888066169E-01 -2.0832172852E-01
           DelSqRho = -4.3438313509E+05
           Bond Ellipticity = NA
           V = -1.0860626953E+05
           G =  5.2428777462E+00
           K =  1.0860102665E+05
           L =  1.0859578377E+05
           Vnuc =  1.0147490323E+07
           Ven = -1.1924072557E+09
           Vrep =  1.1922986494E+09
           DelSqV =  2.4916672095E+09
           DelSqVen =  4.4078952612E+12
           DelSqVrep = -4.4054046426E+12
           DelSqG =  1.3383728278E+08
           DelSqK = -2.6255044923E+09
           Stress_EigVals = -3.6202129756E+04 -3.6202097885E+04 -3.6202041887E+04
           Stress_EigVec1 = -6.0150048548E-01  7.7192044797E-01 -2.0575710918E-01
           Stress_EigVec2 = -3.0656285357E-01  1.4805401067E-02  9.5173526619E-01
           Stress_EigVec3 =  7.3771022955E-01  6.3554671119E-01  2.2773667933E-01
           -DivStress =  4.2891122000E+02  1.7609227782E+02  1.1993369302E+02
           ESP =  -1.4747486995E+01     ESP at Nucleus =  -1.4747486995E+01
           ESPe = -2.4820502947E+01     ESPe at Nucleus = -2.4820502286E+01
           ESPn =  1.0073015953E+01     ESPn at Nucleus =  1.0073015291E+01

CP# 10     Coords = -5.48010841697666E+00 -2.53656352182579E+00 -3.09941309334204E+00
           Type = (3,-3) NACP H10
           Rho =  4.2668338261E-01     Rho at Nucleus =  4.2299234336E-01
           GradRho =  2.1852094786E-15  4.7207973123E-16  1.0816814024E-15
           HessRho_EigVals = -6.5144984139E+00 -6.5088610656E+00 -5.9113803425E+00
           HessRho_EigVec1 =  2.0496243602E-01 -8.2177652324E-01  5.3167071170E-01
           HessRho_EigVec2 =  9.3096772019E-01 -4.0019397328E-03 -3.6507956455E-01
           HessRho_EigVec3 =  3.0214152940E-01  5.6979586725E-01  7.6422716902E-01
           DelSqRho = -1.8934739822E+01
           Bond Ellipticity = NA
           V = -4.7426296921E+00
           G =  4.4723682788E-03
           K =  4.7381573238E+00
           L =  4.7336849555E+00
           Vnuc =  4.0135445857E+01
           Ven = -1.7125127801E+01
           Vrep =  1.2382498109E+01
           DelSqV =  7.1327619399E+02
           DelSqVen =  7.5995422495E+02
           DelSqVrep = -4.6678030960E+01
           DelSqG =  7.0363844451E+01
           DelSqK = -7.8364003844E+02
           Stress_EigVals = -1.6318168008E+00 -1.6312939488E+00 -1.4795189425E+00
           Stress_EigVec1 =  2.1105568346E-01 -8.2245852207E-01  5.2822105028E-01
           Stress_EigVec2 =  9.2952752632E-01  1.7036609492E-03 -3.6874879710E-01
           Stress_EigVec3 =  3.0238068110E-01  5.6882253561E-01  7.6485740284E-01
           -DivStress = -2.3946508486E+00 -4.5059026313E+00 -6.0576558374E+00
           ESP =  -1.1079913176E+00     ESP at Nucleus =  -1.1105117883E+00
           ESPe = -1.2571947070E+01     ESPe at Nucleus = -1.2484333771E+01
           ESPn =  1.1463955753E+01     ESPn at Nucleus =  1.1373821983E+01

CP# 11     Coords = -3.78312235994493E+00 -4.14619294092418E+00  1.27031375365385E+00
           Type = (3,-3) NACP H11
           Rho =  4.2517002548E-01     Rho at Nucleus =  4.2146092413E-01
           GradRho = -3.7036077634E-10  3.3839743830E-09 -1.0044988051E-09
           HessRho_EigVals = -6.4813930838E+00 -6.4752224533E+00 -5.8785817681E+00
           HessRho_EigVec1 =  3.5324071844E-01  3.0146864095E-01  8.8562839462E-01
           HessRho_EigVec2 =  9.2970025528E-01 -7.5797104322E-03 -3.6823903015E-01
           HessRho_EigVec3 = -1.0429971318E-01  9.5344596413E-01 -2.8295293481E-01
           DelSqRho = -1.8835197305E+01
           Bond Ellipticity = NA
           V = -4.7181478154E+00
           G =  4.6742445332E-03
           K =  4.7134735708E+00
           L =  4.7087993263E+00
           Vnuc =  4.0418393436E+01
           Ven = -1.7184689367E+01
           Vrep =  1.2466541552E+01
           DelSqV =  7.0929564060E+02
           DelSqVen =  7.6128842088E+02
           DelSqVrep = -5.1992780279E+01
           DelSqG =  6.9878065647E+01
           DelSqK = -7.7917370625E+02
           Stress_EigVals = -1.6236395324E+00 -1.6232521263E+00 -1.4712561567E+00
           Stress_EigVec1 =  3.3656891891E-01  3.0310900455E-01  8.9154152690E-01
           Stress_EigVec2 =  9.3581204544E-01 -2.3233753981E-03 -3.5249172691E-01
           Stress_EigVec3 = -1.0477203081E-01  9.5295305933E-01 -2.8443503349E-01
           -DivStress =  8.2759329448E-01 -7.5496082555E+00  2.2447358571E+00
           ESP =  -1.1065992302E+00     ESP at Nucleus =  -1.1091300896E+00
           ESPe = -1.2998975246E+01     ESPe at Nucleus = -1.2912493834E+01
           ESPn =  1.1892376016E+01     ESPn at Nucleus =  1.1803363745E+01

CP# 12     Coords =  1.78441319446671E+00 -2.19454200830446E+00 -1.10825259902606E+00
           Type = (3,-3) NACP H12
           Rho =  4.2890523538E-01     Rho at Nucleus =  4.2529262435E-01
           GradRho =  7.6342469672E-15  3.3960464649E-15  2.3392898539E-15
           HessRho_EigVals = -6.5496131602E+00 -6.5409721604E+00 -5.9515159135E+00
           HessRho_EigVec1 =  4.3201927611E-01 -8.9269456068E-01  1.2828003117E-01
           HessRho_EigVec2 = -2.9412285694E-01 -4.9989332923E-03  9.5575454783E-01
           HessRho_EigVec3 =  8.5255562287E-01  4.5063447715E-01  2.6472151011E-01
           DelSqRho = -1.9042101234E+01
           Bond Ellipticity = NA
           V = -4.7700483092E+00
           G =  4.7615003348E-03
           K =  4.7652868089E+00
           L =  4.7605253085E+00
           Vnuc =  4.2356833460E+01
           Ven = -1.8167067625E+01
           Vrep =  1.3397019316E+01
           DelSqV =  7.1764229652E+02
           DelSqVen =  8.0656311069E+02
           DelSqVrep = -8.8920814171E+01
           DelSqG =  7.0806298116E+01
           DelSqK = -7.8844859464E+02
           Stress_EigVals = -1.6405599744E+00 -1.6395664296E+00 -1.4899219052E+00
           Stress_EigVec1 = -4.3155769583E-01  8.9208796163E-01 -1.3392917490E-01
           Stress_EigVec2 = -2.9660076538E-01 -1.0959942563E-04  9.5500155705E-01
           Stress_EigVec3 =  8.5193071382E-01  4.5186176726E-01  2.6464127068E-01
           -DivStress = -6.7064569817E+00 -3.5154746529E+00 -2.0823899052E+00
           ESP =  -1.1288461730E+00     ESP at Nucleus =  -1.1312447859E+00
           ESPe = -1.4417108208E+01     ESPe at Nucleus = -1.4355134875E+01
           ESPn =  1.3288262035E+01     ESPn at Nucleus =  1.3223890089E+01

CP# 13     Coords =  1.77468086297823E+00  2.18233662699002E+00 -1.10584956380926E+00
           Type = (3,-3) NACP H13
           Rho =  4.2888893553E-01     Rho at Nucleus =  4.2527550952E-01
           GradRho =  8.2473090857E-15 -4.7175262828E-15  2.4447878075E-15
           HessRho_EigVals = -6.5493017084E+00 -6.5406595766E+00 -5.9511392788E+00
           HessRho_EigVec1 =  4.2802626809E-01  8.9448755192E-01  1.2917249434E-01
           HessRho_EigVec2 =  2.9404331032E-01 -2.6794075840E-03 -9.5578834081E-01
           HessRho_EigVec3 =  8.5459466736E-01 -4.4708482444E-01  2.6416493763E-01
           DelSqRho = -1.9041100564E+01
           Bond Ellipticity = NA
           V = -4.7698022891E+00
           G =  4.7635740624E-03
           K =  4.7650387150E+00
           L =  4.7602751409E+00
           Vnuc =  4.2363937144E+01
           Ven = -1.8169423906E+01
           Vrep =  1.3399621617E+01
           DelSqV =  7.1760004889E+02
           DelSqVen =  8.0665598743E+02
           DelSqVrep = -8.9055938542E+01
           DelSqG =  7.0801646202E+01
           DelSqK = -7.8840169509E+02
           Stress_EigVals = -1.6404821004E+00 -1.6394886401E+00 -1.4898315486E+00
           Stress_EigVec1 =  4.2756790861E-01  8.9387288777E-01  1.3482189748E-01
           Stress_EigVec2 = -2.9650328476E-01 -2.2190704837E-03  9.5502925497E-01
           Stress_EigVec3 =  8.5397393734E-01 -4.4831499667E-01  2.6408744406E-01
           -DivStress = -6.7229813088E+00  3.4878202689E+00 -2.0782450034E+00
           ESP =  -1.1288632185E+00     ESP at Nucleus =  -1.1312623205E+00
           ESPe = -1.4428319927E+01     ESPe at Nucleus = -1.4366511981E+01
           ESPn =  1.3299456709E+01     ESPn at Nucleus =  1.3235249661E+01

CP# 14     Coords = -5.47044533380985E+00  2.51603583455225E+00 -3.11906013942516E+00
           Type = (3,-3) NACP H14
           Rho =  4.2668266662E-01     Rho at Nucleus =  4.2299157687E-01
           GradRho = -1.7341678224E-15 -1.4493450662E-15  9.1691316540E-16
           HessRho_EigVals = -6.5144886664E+00 -6.5088517460E+00 -5.9113652190E+00
           HessRho_EigVec1 =  2.0809094711E-01  8.2509925215E-01  5.2527077001E-01
           HessRho_EigVec2 = -9.3098171382E-01  2.3931492172E-03  3.6505796988E-01
           HessRho_EigVec3 =  2.9995200661E-01 -5.6498274038E-01  7.6865030853E-01
           DelSqRho = -1.8934705631E+01
           Bond Ellipticity = NA
           V = -4.7426210205E+00
           G =  4.4723063294E-03
           K =  4.7381487142E+00
           L =  4.7336764079E+00
           Vnuc =  4.0137619190E+01
           Ven = -1.7126026388E+01
           Vrep =  1.2383405367E+01
           DelSqV =  7.1327468392E+02
           DelSqVen =  7.5999400411E+02
           DelSqVrep = -4.6719320183E+01
           DelSqG =  7.0363710175E+01
           DelSqK = -7.8363839410E+02
           Stress_EigVals = -1.6318144399E+00 -1.6312913656E+00 -1.4795152150E+00
           Stress_EigVec1 =  2.1426698355E-01  8.2573054724E-01  5.2178417293E-01
           Stress_EigVec2 = -9.2950129831E-01  8.1928577902E-03  3.6872783122E-01
           Stress_EigVec3 =  3.0019493032E-01 -5.6400526633E-01  7.6927307464E-01
           -DivStress = -2.3773538143E+00  4.4677670482E+00 -6.0926771179E+00
           ESP =  -1.1079842441E+00     ESP at Nucleus =  -1.1105047432E+00
           ESPe = -1.2574339899E+01     ESPe at Nucleus = -1.2486728841E+01
           ESPn =  1.1466355654E+01     ESPn at Nucleus =  1.1376224098E+01

CP# 15     Coords = -3.76731079854236E+00  4.15311975103034E+00  1.23807320310111E+00
           Type = (3,-3) NACP H15
           Rho =  4.2517100635E-01     Rho at Nucleus =  4.2146201521E-01
           GradRho = -4.0728127254E-10 -3.6018673364E-09 -1.0392119915E-09
           HessRho_EigVals = -6.4814227968E+00 -6.4752527363E+00 -5.8786229750E+00
           HessRho_EigVec1 =  3.5212040332E-01 -2.9592320104E-01  8.8794182279E-01
           HessRho_EigVec2 =  9.2970758022E-01  1.1589133723E-03 -3.6829671761E-01
           HessRho_EigVec3 =  1.0795849596E-01  9.5521103218E-01  2.7553012022E-01
           DelSqRho = -1.8835298508E+01
           Bond Ellipticity = NA
           V = -4.7181728067E+00
           G =  4.6740898515E-03
           K =  4.7134987169E+00
           L =  4.7088246270E+00
           Vnuc =  4.0425525500E+01
           Ven = -1.7187761359E+01
           Vrep =  1.2469588552E+01
           DelSqV =  7.0930011849E+02
           DelSqVen =  7.6142684625E+02
           DelSqVrep = -5.2126727766E+01
           DelSqG =  6.9878656051E+01
           DelSqK = -7.7917877454E+02
           Stress_EigVals = -1.6236470187E+00 -1.6232592242E+00 -1.4712665638E+00
           Stress_EigVec1 =  3.3520412831E-01 -2.9745295862E-01  8.9395745412E-01
           Stress_EigVec2 =  9.3588546536E-01 -4.0726941465E-03 -3.5228086648E-01
           Stress_EigVec3 =  1.0842780129E-01  9.5472778873E-01  2.7701671671E-01
           -DivStress =  8.5655365854E-01  7.5635145968E+00  2.1859377092E+00
