AIMSum (Version 19.02.13, Professional)
Copyright (c) 1997-2019 by Todd A. Keith
AIMSum is a component of the AIMAll package ( http://aim.tkgristmill.com )

TP:  64-bit Linux

Much of the Quantum Theory of Atoms in Molecules (QTAIM) is described in the book:
  "Atoms in Molecules - A Quantum Theory"
  R.F.W. Bader, Oxford University Press, Oxford, 1990

For additional references see:  http://aim.tkgristmill.com/references.html

Wfn File:  /home/mhennefarth/Documents/ML_Diels/summary-liu2013/2ax-opt/2ax-opt.wfn
Sum File:  /home/mhennefarth/Documents/ML_Diels/summary-liu2013/2ax-opt/2ax-opt.sum

SumViz File:  /home/mhennefarth/Documents/ML_Diels/summary-liu2013/2ax-opt/2ax-opt.sumviz

Wfn Title:   Title Card Required                                                           
 
Total memory allocated for AIMSum =        1.259 Megabytes

Atomic units (a.u.) used throughout, except where stated otherwise

Model:  Restricted SCF
 
Restricted, closed-shell, single-determinant wavefunction.
  Number of electrons (from MO Occs)                   =          84.0000000000
  Number of Alpha electrons (from MO Occs)             =          42.0000000000
  Number of Beta electrons (from MO Occs)              =          42.0000000000
  Number of electron pairs (N*(N-1)/2)                 =        3486.0000000000
  Number of electron pairs (from Muller 2EDM)          =        3486.0000000000
 
Nuclear Charges and Cartesian Coordinates:
-------------------------------------------------------------------------------
Atom      Charge                X                  Y                  Z
-------------------------------------------------------------------------------
C1         6.0           1.9431956500E+00  -2.5672095600E+00  -2.3352848000E-01
H2         1.0           2.9582810500E+00  -4.0037500600E+00  -1.2928220700E+00
C3         6.0           3.3672752700E+00  -3.0344554000E-01   4.9328539000E-01
C4         6.0           2.9359294100E+00   1.1149296200E+00   2.5685657900E+00
H5         1.0           3.9741787900E+00   2.8257982400E+00   2.9933680500E+00
C6         6.0          -5.1616097000E-01  -2.9011518800E+00   2.7732009000E-01
O7         8.0           5.2350363700E+00   1.4890728000E-01  -1.2394826300E+00
O8         8.0          -1.7281405300E+00  -5.0851029300E+00  -3.0021989000E-01
C9         6.0           6.9018861300E+00   2.1924606800E+00  -7.6930179000E-01
H10        1.0           7.8497847000E+00   1.9826759400E+00   1.0647222600E+00
H11        1.0           8.3007861600E+00   2.1518638600E+00  -2.2851307500E+00
H12        1.0           5.9002718200E+00   4.0097906000E+00  -8.0544730000E-01
C13        6.0          -4.4133582900E+00  -4.9744470200E+00  -1.9228363000E-01
H14        1.0          -5.0913994700E+00  -6.8935235700E+00  -5.2741124000E-01
H15        1.0          -5.0650530300E+00  -4.3333348100E+00   1.6711301000E+00
H16        1.0          -5.1747756800E+00  -3.7103573300E+00  -1.6498186300E+00
C17        6.0          -3.1438271000E+00   4.0873479000E+00  -2.3772460000E-02
C18        6.0          -4.8640213000E+00   5.6622387100E+00  -7.6397437000E-01
C19        6.0          -5.8320029900E+00   3.1208171900E+00   7.7198970000E-02
H20        1.0          -6.4926260300E+00   1.7528788200E+00  -1.3299611800E+00
H21        1.0          -6.7987480800E+00   2.9344967200E+00   1.8978826200E+00
H22        1.0          -1.6570225900E+00  -1.4552304600E+00   1.2003563400E+00
H23        1.0           1.5341755500E+00   5.1295626000E-01   3.9321785500E+00
H24        1.0          -1.1854604200E+00   3.6273709000E+00   3.3536863000E-01
H25        1.0          -5.3810543500E+00   7.4986894800E+00  -1.4878523100E+00
 
Some Atomic Properties:
----------------------
  q(A) = Net Charge of Atom A
  L(A) = Lagrangian of Atom A = -(1/4) Times Atomic Integral of the Laplacian of the Electron Density
  K(A) = Electronic Kinetic Energy of Atom A (Hamiltonian Form)
  K_Scaled(A) = K(A) * E(Mol)/K(Mol) = Approximation to Virial-Based Total Energy of Atom A.
  |Mu_Intra(A)| = Magnitude of Intraatomic Dipole Moment of Atom A
--------------------------------------------------------------------------------------------------
Atom A          q(A)              L(A)              K(A)          K_Scaled(A)      |Mu_Intra(A)|
--------------------------------------------------------------------------------------------------
C1        3.6826820000E-03 -1.6833219605E-05  3.7713943535E+01 -3.8073510913E+01  1.6917921980E-01
H2        6.9914924170E-02  2.7794331414E-05  5.8410020230E-01 -5.8966905452E-01  1.4833114662E-01
C3        5.0677483580E-01 -3.5914395979E-05  3.7383746179E+01 -3.7740165432E+01  7.2599233480E-01
C4       -1.2456828070E-01  6.1575685855E-05  3.7703136036E+01 -3.8062600375E+01  2.3023998788E-01
H5        3.5949595560E-02  6.2850649135E-05  5.9760564919E-01 -6.0330326328E-01  1.4760358092E-01
C6        4.9423954160E-01 -1.7539199503E-04  3.7393108872E+01 -3.7749617389E+01  7.6387723710E-01
O7       -1.1005581953E+00  1.3085971233E-04  7.5244153438E+01 -7.5961536464E+01  1.8495920744E-01
O8       -1.1046805531E+00 -6.8462006717E-05  7.5242854989E+01 -7.5960225635E+01  2.1564989712E-01
C9        4.6406144480E-01 -1.8488572794E-04  3.7405841492E+01 -3.7762471403E+01  6.3373586131E-01
H10       3.0456334040E-02  2.7877598782E-05  6.0416182474E-01 -6.0992194587E-01  1.5750317314E-01
H11       4.2886959460E-02  2.7258848236E-05  6.0257966285E-01 -6.0832469954E-01  1.4620313960E-01
H12       2.5290165280E-02  2.4690421731E-05  6.0682432695E-01 -6.1260983256E-01  1.5750659908E-01
C13       4.5885381450E-01 -2.4131226285E-04  3.7407982715E+01 -3.7764633040E+01  6.2079401705E-01
H14       4.7723943120E-02  2.8598561120E-05  6.0035670189E-01 -6.0608054471E-01  1.4508565417E-01
H15       2.6586349170E-02  2.7963974419E-05  6.0572519620E-01 -6.1150022262E-01  1.5616338104E-01
H16       3.1424477340E-02  3.1361747564E-05  6.0450579569E-01 -6.1026919626E-01  1.5442900619E-01
C17      -1.4602506290E-01 -2.7372535123E-05  3.7758887323E+01 -3.8118883197E+01  2.7990871965E-01
C18      -1.4180078410E-01 -3.9669058542E-05  3.7758070183E+01 -3.8118058267E+01  2.3864302452E-01
C19       3.6669774500E-02  1.4420769298E-04  3.7572642334E+01 -3.7930862536E+01  3.0732800554E-01
H20      -8.7137940000E-04  3.6826163178E-05  6.1508372828E-01 -6.2094797960E-01  1.5958041320E-01
H21       2.9928332600E-03  2.8955067338E-05  6.1416476011E-01 -6.2002024992E-01  1.5887950943E-01
H22       6.0801999900E-02  5.1740804704E-05  5.9342732572E-01 -5.9908510339E-01  1.4741519129E-01
H23       4.1857183150E-02  3.1491435781E-05  5.9419468635E-01 -5.9985978009E-01  1.4997508099E-01
H24       1.3198860884E-01  2.2138153450E-05  5.5049222214E-01 -5.5574065352E-01  1.3983552205E-01
H25       1.0641476575E-01  1.4537054834E-05  5.6257790344E-01 -5.6794156055E-01  1.4600319101E-01
--------------------------------------------------------------------------------------------------
Total     6.5976740000E-05 -9.1132989350E-06  4.9692016708E+02 -5.0165783874E+02
 
1st Largest |L(A)| = 2.4131226285E-04, atom C13     
2nd Largest |L(A)| = 1.8488572794E-04, atom C9      
 
Molecular charge q(Mol) from the wfn file:   0.0000000000E+00
Molecular energy E(Mol) from the wfn file:  -5.0165784955E+02
Molecular virial ratio (-V(Mol)/T(Mol)) from the wfn file:   2.0095340700E+00
Note.  K_Scaled(A) = (1+V(Mol)/T(Mol))*K(A) = (E(Mol)/T(Mol))*K(A)
       Only use K_Scaled(A) data with caution.
 
N_AIMInt(SumA)     =         83.999934
N_Analytic(Mol)    =         83.999985
 
G_AIMInt(SumA)     =        496.920176
G_Analytic(Mol)    =        496.920144
 
K_AIMInt(SumA)     =        496.920167
K_Analytic(Mol)    =        496.920144
 
L_AIMInt(SumA)     =         -0.000009
L_Analytic(Mol)    =          0.000000
 
VenT_AIMInt(SumA)  =      -2296.274825
VenT_Analytic(Mol) =      -2296.275329
 
Some Information About the Atomic Calculations:
----------------------------------------------
  Time(sec) = "Elapsed User Time", in Seconds, for Atom A by AIMInt and, if used, by TWOe
  NProc = Number of Processors Used for AIMInt Job
  BIM = Basin Integration Method
  OAQ = Angular Quadrature Outside of Beta Sphere
  ORQ = Multiple of Default for Radial Quadrature Outside of Beta Sphere
  IAQ = Multiple of Default for Angular Quadrature Inside of Beta Sphere
  IRQ = Multiple of Default for Radial Quadrature Inside of Beta Sphere
  MIR = Maximum Integration Radius
------------------------------------------------------------------------------------------------------
Atom A     Time(sec)   NProc      BIM          OAQ                     ORQ      IAQ      IRQ      MIR
------------------------------------------------------------------------------------------------------
C1             29        8     Proaim(5)    4500(GS4)                  1.00     1.00     1.00    13.00
H2              6        8     Proaim(5)    1800(GS4)                  1.00     1.00     1.00    13.00
C3             39        8     Proaim(5)    4500(GS4)                  1.00     1.00     1.00    13.00
C4             37        8     Proaim(5)    4500(GS4)                  1.00     1.00     1.00    13.00
H5              8        8     Proaim(5)    1800(GS4)                  1.00     1.00     1.00    13.00
C6             31        8     Proaim(5)    4500(GS4)                  1.00     1.00     1.00    13.00
O7             24        8     Proaim(5)    4500(GS4)                  1.00     1.00     1.00    13.00
O8             19        8     Proaim(5)    4500(GS4)                  1.00     1.00     1.00    13.00
C9             25        8     Proaim(5)    4500(GS4)                  1.00     1.00     1.00    13.00
H10             6        8     Proaim(5)    1800(GS4)                  1.00     1.00     1.00    13.00
H11             5        8     Proaim(5)    1800(GS4)                  1.00     1.00     1.00    13.00
H12             8        8     Proaim(5)    1800(GS4)                  1.00     1.00     1.00    13.00
C13            23        8     Proaim(5)    4500(GS4)                  1.00     1.00     1.00    13.00
H14             5        8     Proaim(5)    1800(GS4)                  1.00     1.00     1.00    13.00
H15             7        8     Proaim(5)    1800(GS4)                  1.00     1.00     1.00    13.00
H16            13        8     Proaim(5)    4500(GS4)                  1.00     1.00     1.00    13.00
C17            32        8     Proaim(5)    4500(GS4)                  1.00     1.00     1.00    13.00
C18            17        8     Proaim(5)    4500(GS4)                  1.00     1.00     1.00    13.00
C19            26        8     Proaim(5)    4500(GS4)                  1.00     1.00     1.00    13.00
H20            13        8     Proaim(5)    4500(GS4)                  1.00     1.00     1.00    13.00
H21             6        8     Proaim(5)    1800(GS4)                  1.00     1.00     1.00    13.00
H22            19        8     Proaim(5)    4500(GS4)                  1.00     1.00     1.00    13.00
H23             7        8     Proaim(5)    1800(GS4)                  1.00     1.00     1.00    13.00
H24            13        8     Proaim(5)    4500(GS4)                  1.00     1.00     1.00    13.00
H25             5        8     Proaim(5)    1800(GS4)                  1.00     1.00     1.00    13.00
------------------------------------------------------------------------------------------------------
Total         423
Note:  Total wall clock time is less than total of atomic times if more than one atom
       was calculated at a time
 
Electron Density Critical Point Analysis of Molecular Structure:               
---------------------------------------------------------------                
  NACP = Nuclear Attractor Critical Point                                      
  NNACP = Non-Nuclear Attractor Critical Point                                 
  BCP = Bond Critical Point                                                    
  RCP = Ring Critical Point                                                    
  CCP = Cage Critical Point                                                    
  Rho = Electron Density                                                       
  GradRho = Gradient of Electron Density                                       
  HessRho_EigVals = Eigenvalues of the Hessian of Rho, Ascending Order         
  HessRho_EigVecs = Eigenvectors of the Hessian of Rho                         
  DelSqRho = Laplacian of Rho = Trace of Hessian of Rho                        
  Bond Ellipticity = (HessRho_EigVal(1) / HessRho_EigVal(2)) - 1               
  V = Virial Field = Potential Energy Density = Trace of Stress Tensor         
  G = Lagrangian Form of Kinetic Energy Density                                
  K = Hamiltonian Form of Kinetic Energy Density                               
  L = K - G = Lagrangian Density = (-1/4)DelSqRho                              
  Vnuc = Electrostatic Potential from Nuclei                                   
  Ven = Electron-nuclear attractive contribution to Virial Field V             
  Vrep = V - Ven = Repulsive contribution to Virial Field V                    
  DelSqV = Laplacian of V                                                      
  DelSqVen = Laplacian of Ven                                                  
  DelSqVrep = Laplacian of Vrep                                                
  DelSqG = Laplacian of G                                                      
  DelSqK = Laplacian of K                                                      
  Stress_EigVals = Eigenvalues of Stress Tensor, Ascending Order               
  Stress_EigVecs = Eigenvectors of Stress Tensor                               
  -DivStress = Ehrenfest Force Density = Minus Divergence of Stress Tensor     
  ESP = Total Electrostatic Potential                                          
  ESPe = Electrostatic Potential from Electrons                                
  ESPn = Electrostatic Potential from Nuclei                                   
  BP = Bond Path                                                               
  BPL = Bond Path Length                                                       
  GBL = Geometric Bond Length                                                  
  GBL_I = Distance Between Nuclear Attractors                                  
  GBL_II = Distance Between Nuclei                                             
  GBL_III = Sum of Distances Between BCP and Nuclear Attractors                
  GBL_IV = Sum of Distances Between BCP and Nuclei                             

CP# 1      Coords =  1.94319612896032E+00 -2.56720841245536E+00 -2.33527799328557E-01
           Type = (3,-3) NACP C1
           Rho =  1.1762009061E+02     Rho at Nucleus =  1.1762009046E+02
           GradRho =  2.1854375254E-10  5.0727331363E-10  3.0190488304E-10
           HessRho_EigVals = -1.4493169344E+05 -1.4493161168E+05 -1.4493132926E+05
           HessRho_EigVec1 =  2.6710899528E-01  9.3465311547E-01 -2.3468348553E-01
           HessRho_EigVec2 =  5.2489683419E-01  6.3124819848E-02  8.4882187211E-01
           HessRho_EigVec3 =  8.0816835999E-01 -3.4991257603E-01 -4.7373525417E-01
           DelSqRho = -4.3479463438E+05
           Bond Ellipticity = NA
           V = -1.0870916292E+05
           G =  5.2521645762E+00
           K =  1.0870391076E+05
           L =  1.0869865859E+05
           Vnuc =  4.2325362128E+06
           Ven = -4.9783129285E+08
           Vrep =  4.9772258368E+08
           DelSqV =  2.4940148865E+09
           DelSqVen =  1.8402840412E+12
           DelSqVrep = -1.8377900263E+12
           DelSqG =  1.3396276769E+08
           DelSqK = -2.6279776542E+09
           Stress_EigVals = -3.6236570762E+04 -3.6236435200E+04 -3.6236156962E+04
           Stress_EigVec1 =  9.2728322341E-01 -1.4482216764E-01 -3.4521350400E-01
           Stress_EigVec2 =  2.8580230263E-01  8.6945315483E-01  4.0294944517E-01
           Stress_EigVec3 =  2.4179095804E-01 -4.7231107473E-01  8.4761983300E-01
           -DivStress = -3.8956029973E+02 -9.3457621336E+02 -5.5343712753E+02
           ESP =  -1.4752449672E+01     ESP at Nucleus =  -1.4752449680E+01
           ESPe = -3.0104435361E+01     ESPe at Nucleus = -3.0104434387E+01
           ESPn =  1.5351985689E+01     ESPn at Nucleus =  1.5351984708E+01

CP# 2      Coords =  2.94091279361079E+00 -3.97906920962785E+00 -1.27457748903867E+00
           Type = (3,-3) NACP H2
           Rho =  4.2191934454E-01     Rho at Nucleus =  4.1819273757E-01
           GradRho =  9.5496527353E-16  7.5698995683E-16 -1.6436504935E-16
           HessRho_EigVals = -6.4369309310E+00 -6.4301383423E+00 -5.8342984352E+00
           HessRho_EigVec1 =  8.3123757134E-01  5.5468334443E-01  3.7020094723E-02
           HessRho_EigVec2 =  2.6066195754E-01 -4.4770930219E-01  8.5534304500E-01
           HessRho_EigVec3 = -4.9101878161E-01  7.0134354503E-01  5.1673763939E-01
           DelSqRho = -1.8701367709E+01
           Bond Ellipticity = NA
           V = -4.6849148612E+00
           G =  4.7864670466E-03
           K =  4.6801283942E+00
           L =  4.6753419271E+00
           Vnuc =  4.3313999605E+01
           Ven = -1.8275014323E+01
           Vrep =  1.3590099462E+01
           DelSqV =  7.0416956536E+02
           DelSqVen =  8.1003103354E+02
           DelSqVrep = -1.0586146818E+02
           DelSqG =  6.9428438301E+01
           DelSqK = -7.7359800366E+02
           Stress_EigVals = -1.6123733918E+00 -1.6121829749E+00 -1.4603584945E+00
           Stress_EigVec1 =  7.7463835448E-01  8.1262724200E-02  6.2716169320E-01
           Stress_EigVec2 =  3.9737280338E-01  7.0893382803E-01 -5.8267287787E-01
           Stress_EigVec3 = -4.9196572533E-01  7.0057775952E-01  5.1687573746E-01
           -DivStress =  3.8967342454E+00 -5.5363691701E+00 -4.0926227061E+00
           ESP =  -1.1100071834E+00     ESP at Nucleus =  -1.1125373226E+00
           ESPe = -1.6067794626E+01     ESPe at Nucleus = -1.5971939010E+01
           ESPn =  1.4957787443E+01     ESPn at Nucleus =  1.4859401687E+01

CP# 3      Coords =  3.36727905283480E+00 -3.03445650338377E-01  4.93280559985508E-01
           Type = (3,-3) NACP C3
           Rho =  1.1762619528E+02     Rho at Nucleus =  1.1762619255E+02
           GradRho =  1.6824257265E-11  1.2927159343E-14  1.2862072518E-12
           HessRho_EigVals = -1.4491859228E+05 -1.4491819044E+05 -1.4491681599E+05
           HessRho_EigVec1 =  6.9392364518E-01  3.6532694570E-01 -6.2048867629E-01
           HessRho_EigVec2 =  6.9769804768E-01 -5.5417994924E-01  4.5398460120E-01
           HessRho_EigVec3 =  1.7800957538E-01  7.4794438737E-01  6.3944646724E-01
           DelSqRho = -4.3475359871E+05
           Bond Ellipticity = NA
           V = -1.0869837470E+05
           G =  4.9875100484E+00
           K =  1.0869338719E+05
           L =  1.0868839968E+05
           Vnuc =  9.7784469193E+05
           Ven = -1.1502015069E+08
           Vrep =  1.1491145231E+08
           DelSqV =  2.4937494674E+09
           DelSqVen =  4.2512149862E+11
           DelSqVrep = -4.2262774967E+11
           DelSqG =  1.3392821610E+08
           DelSqK = -2.6276776834E+09
           Stress_EigVals = -3.6233209625E+04 -3.6232636505E+04 -3.6232528568E+04
           Stress_EigVec1 =  1.4348233445E-01  7.3859622501E-01  6.5870208448E-01
           Stress_EigVec2 = -8.3113477707E-01 -2.7138891147E-01  4.8534837084E-01
           Stress_EigVec3 =  5.3724091621E-01 -6.1710912741E-01  5.7493349426E-01
           -DivStress = -3.0646903499E+03  9.3211141455E+01  3.9137169106E+03
           ESP =  -1.4681531554E+01     ESP at Nucleus =  -1.4681531757E+01
           ESPe = -3.0891549074E+01     ESPe at Nucleus = -3.0891548079E+01
           ESPn =  1.6210017519E+01     ESPn at Nucleus =  1.6210016322E+01

CP# 4      Coords =  2.93592908064084E+00  1.11493012190350E+00  2.56856560865225E+00
           Type = (3,-3) NACP C4
           Rho =  1.1761234431E+02     Rho at Nucleus =  1.1761234428E+02
           GradRho = -1.7611731518E-11  2.9213534369E-11 -2.7580923656E-11
           HessRho_EigVals = -1.4493026958E+05 -1.4493023209E+05 -1.4493015022E+05
           HessRho_EigVec1 = -3.7900000228E-01  3.5439801182E-01  8.5484562787E-01
           HessRho_EigVec2 =  8.6689485766E-01  4.5920617387E-01  1.9396648071E-01
           HessRho_EigVec3 = -3.2380905490E-01  8.1457457553E-01 -4.8126495495E-01
           DelSqRho = -4.3479065189E+05
           Bond Ellipticity = NA
           V = -1.0870811323E+05
           G =  5.2251314055E+00
           K =  1.0870288810E+05
           L =  1.0869766297E+05
           Vnuc =  9.5676568741E+06
           Ven = -1.1252745545E+09
           Vrep =  1.1251658464E+09
           DelSqV =  2.4940006931E+09
           DelSqVen =  4.1599243387E+12
           DelSqVrep = -4.1574300759E+12
           DelSqG =  1.3396989998E+08
           DelSqK = -2.6279705930E+09
           Stress_EigVals = -3.6236160071E+04 -3.6236122947E+04 -3.6235830217E+04
           Stress_EigVec1 = -1.2981388276E-01  5.8349777558E-01  8.0167244043E-01
           Stress_EigVec2 =  6.9796166161E-01  6.2804627856E-01 -3.4410375021E-01
           Stress_EigVec3 =  7.0427116565E-01 -5.1486718470E-01  4.8878820296E-01
           -DivStress =  2.6696371915E+02 -4.0886820373E+02  1.4197197548E+02
           ESP =  -1.4765412465E+01     ESP at Nucleus =  -1.4765412467E+01
           ESPe = -2.8575105065E+01     ESPe at Nucleus = -2.8575105179E+01
           ESPn =  1.3809692600E+01     ESPn at Nucleus =  1.3809692712E+01

CP# 5      Coords =  3.95659839044502E+00  2.79658177863593E+00  2.98595462747736E+00
           Type = (3,-3) NACP H5
           Rho =  4.2449936644E-01     Rho at Nucleus =  4.2083288157E-01
           GradRho = -5.8948072118E-15 -9.9399655173E-15 -1.1447006537E-15
           HessRho_EigVals = -6.4589459300E+00 -6.4522306017E+00 -5.8664850306E+00
           HessRho_EigVec1 =  5.3071079300E-01 -1.0642039228E-01 -8.4084526180E-01
           HessRho_EigVec2 =  6.8123330813E-01 -5.3667800979E-01  4.9789345617E-01
           HessRho_EigVec3 =  5.0424917856E-01  8.3704923028E-01  2.1232369628E-01
           DelSqRho = -1.8777661562E+01
           Bond Ellipticity = NA
           V = -4.7051309071E+00
           G =  5.3577582497E-03
           K =  4.6997731488E+00
           L =  4.6944153906E+00
           Vnuc =  4.2693301307E+01
           Ven = -1.8123279356E+01
           Vrep =  1.3418148449E+01
           DelSqV =  7.0719022540E+02
           DelSqVen =  8.0168036293E+02
           DelSqVrep = -9.4490137530E+01
           DelSqG =  6.9578021476E+01
           DelSqK = -7.7676824687E+02
           Stress_EigVals = -1.6186936319E+00 -1.6181981116E+00 -1.4682391636E+00
           Stress_EigVec1 = -6.3550307839E-01  5.2644673861E-01 -5.6479170387E-01
           Stress_EigVec2 = -5.8555089413E-01  1.4817667633E-01  7.9697793130E-01
           Stress_EigVec3 =  5.0325539017E-01  8.3719621595E-01  2.1409462456E-01
           -DivStress =  3.9587103595E+00  6.5809507452E+00  1.6703918084E+00
           ESP =  -1.1120062623E+00     ESP at Nucleus =  -1.1144590990E+00
           ESPe = -1.5147552257E+01     ESPe at Nucleus = -1.5064288188E+01
           ESPn =  1.4035545995E+01     ESPn at Nucleus =  1.3949829089E+01

CP# 6      Coords = -5.16164662738413E-01 -2.90115719698285E+00  2.77319204583975E-01
           Type = (3,-3) NACP C6
           Rho =  1.1764769462E+02     Rho at Nucleus =  1.1764769153E+02
           GradRho = -2.9767889542E-12  2.7000901515E-12  3.7025521538E-12
           HessRho_EigVals = -1.4494873699E+05 -1.4494824831E+05 -1.4494695378E+05
           HessRho_EigVec1 =  3.9106949361E-01  8.6192656905E-01  3.2271851624E-01
           HessRho_EigVec2 =  1.6794159109E-01 -4.1158545829E-01  8.9576393794E-01
           HessRho_EigVec3 =  9.0490898611E-01 -2.9610808851E-01 -3.0571183616E-01
           DelSqRho = -4.3484393909E+05
           Bond Ellipticity = NA
           V = -1.0872105815E+05
           G =  5.0366882980E+00
           K =  1.0871602146E+05
           L =  1.0871098477E+05
           Vnuc =  9.1831688424E+05
           Ven = -1.0803786436E+08
           Vrep =  1.0792914330E+08
           DelSqV =  2.4942707363E+09
           DelSqVen =  3.9932453274E+11
           DelSqVrep = -3.9683026200E+11
           DelSqG =  1.3396007712E+08
           DelSqK = -2.6282308135E+09
           Stress_EigVals = -3.6240771000E+04 -3.6240199699E+04 -3.6240087450E+04
           Stress_EigVec1 =  9.1614091437E-01 -2.4577261766E-01 -3.1667277343E-01
           Stress_EigVec2 =  3.3213576839E-01  9.0771751935E-01  2.5638786325E-01
           Stress_EigVec3 =  2.2443630805E-01 -3.4006576640E-01  9.1322703538E-01
           -DivStress =  2.9930081357E+03  4.3158017222E+03  7.1981396549E+02
           ESP =  -1.4685832303E+01     ESP at Nucleus =  -1.4685832504E+01
           ESPe = -3.0275755175E+01     ESPe at Nucleus = -3.0275755145E+01
           ESPn =  1.5589922872E+01     ESPn at Nucleus =  1.5589922641E+01

CP# 7      Coords =  5.23503558339719E+00  1.48913148793955E-01 -1.23947446552973E+00
           Type = (3,-3) NACP O7
           Rho =  2.8991946679E+02     Rho at Nucleus =  2.8991943427E+02
           GradRho =  2.2967960867E-10  4.5606296517E-12 -2.7505525635E-11
           HessRho_EigVals = -6.3927444088E+05 -6.3925805769E+05 -6.3924914117E+05
           HessRho_EigVec1 =  7.8776779980E-01  5.4542633944E-01 -2.8623766672E-01
           HessRho_EigVec2 =  1.0817761165E-01 -5.7997384762E-01 -8.0742054743E-01
           HessRho_EigVec3 = -6.0639879447E-01  6.0509540101E-01 -5.1588764062E-01
           DelSqRho = -1.9177816397E+06
           Bond Ellipticity = NA
           V = -4.7953935711E+05
           G =  4.6973589855E+01
           K =  4.7949238352E+05
           L =  4.7944540993E+05
           Vnuc =  7.9322064180E+05
           Ven = -2.2997010551E+08
           Vrep =  2.2949056616E+08
           DelSqV =  1.9776396119E+10
           DelSqVen =  1.5212239836E+12
           DelSqVrep = -1.5014475875E+12
           DelSqG =  1.0574614255E+09
           DelSqK = -2.0833857545E+10
           Stress_EigVals = -1.5984925960E+05 -1.5984681877E+05 -1.5984327874E+05
           Stress_EigVec1 = -6.0615413607E-01  6.0670429218E-01 -5.1428305939E-01
           Stress_EigVec2 = -1.1097564598E-01  5.7577213340E-01  8.1004373733E-01
           Stress_EigVec3 =  7.8756686657E-01  5.4808425652E-01 -2.8167725935E-01
           -DivStress =  5.0263302220E+03 -3.7791002370E+04 -5.2540596759E+04
           ESP =  -2.2289695293E+01     ESP at Nucleus =  -2.2289696472E+01
           ESPe = -3.5671911547E+01     ESPe at Nucleus = -3.5671899911E+01
           ESPn =  1.3382216254E+01     ESPn at Nucleus =  1.3382203439E+01

CP# 8      Coords = -1.72814540848676E+00 -5.08509421698822E+00 -3.00217294349561E-01
           Type = (3,-3) NACP O8
           Rho =  2.8986372794E+02     Rho at Nucleus =  2.8986369393E+02
           GradRho = -5.3430725122E-11 -2.6664943864E-10 -1.5990653246E-11
           HessRho_EigVals = -6.3913374940E+05 -6.3911766923E+05 -6.3910809543E+05
           HessRho_EigVec1 =  8.8065743531E-01  4.6081209464E-01  1.0997588401E-01
           HessRho_EigVec2 = -4.7366768748E-01  8.6086611816E-01  1.8587212928E-01
           HessRho_EigVec3 = -9.0223871302E-03 -2.1578169532E-01  9.7639994700E-01
           DelSqRho = -1.9173595141E+06
           Bond Ellipticity = NA
           V = -4.7943393547E+05
           G =  4.7028476976E+01
           K =  4.7938690699E+05
           L =  4.7933987851E+05
           Vnuc =  7.7538431582E+05
           Ven = -2.2475578837E+08
           Vrep =  2.2427635444E+08
           DelSqV =  1.9772032167E+10
           DelSqVen =  1.4866904942E+12
           DelSqVrep = -1.4669184620E+12
           DelSqG =  1.0571967410E+09
           DelSqK = -2.0829228908E+10
           Stress_EigVals = -1.5981420519E+05 -1.5981159036E+05 -1.5980813992E+05
           Stress_EigVec1 = -6.3838179880E-03 -2.2110481736E-01  9.7522915595E-01
           Stress_EigVec2 = -4.6978051252E-01  8.6159165946E-01  1.9226565580E-01
           Stress_EigVec3 =  8.8276016954E-01  4.5691626376E-01  1.0937097876E-01
           -DivStress =  3.1429532434E+04 -5.6087805369E+04 -1.6712117643E+04
           ESP =  -2.2280964264E+01     ESP at Nucleus =  -2.2280965490E+01
           ESPe = -3.5169524462E+01     ESPe at Nucleus = -3.5169511112E+01
           ESPn =  1.2888560198E+01     ESPn at Nucleus =  1.2888545622E+01

CP# 9      Coords =  6.90188247965925E+00  2.19245645566603E+00 -7.69302686514482E-01
           Type = (3,-3) NACP C9
           Rho =  1.1750381237E+02     Rho at Nucleus =  1.1750381005E+02
           GradRho = -6.1418029950E-12  2.5433603899E-11  1.8224718609E-12
           HessRho_EigVals = -1.4477665246E+05 -1.4477466451E+05 -1.4477456367E+05
           HessRho_EigVec1 =  6.4854188719E-01  7.4935106146E-01  1.3366528065E-01
           HessRho_EigVec2 =  6.4362620024E-01 -6.3361256085E-01  4.2927897352E-01
           HessRho_EigVec3 = -4.0637265524E-01  1.9237491893E-01  8.9322626229E-01
           DelSqRho = -4.3432588064E+05
           Bond Ellipticity = NA
           V = -1.0859178236E+05
           G =  5.1561012110E+00
           K =  1.0858662626E+05
           L =  1.0858147016E+05
           Vnuc =  1.0611081901E+06
           Ven = -1.2468425767E+08
           Vrep =  1.2457566589E+08
           DelSqV =  2.4913215553E+09
           DelSqVen =  4.6086674483E+11
           DelSqVrep = -4.5837542328E+11
           DelSqG =  1.3380520061E+08
           DelSqK = -2.6251267559E+09
           Stress_EigVals = -3.6197474428E+04 -3.6197440108E+04 -3.6196867827E+04
           Stress_EigVec1 = -4.2307055053E-01  1.9661984380E-01  8.8450661179E-01
           Stress_EigVec2 =  6.3553180325E-01 -6.3139756586E-01  4.4433820552E-01
           Stress_EigVec3 =  6.4584103023E-01  7.5011849121E-01  1.4216755191E-01
           -DivStress =  2.9562619791E+03  3.4238953146E+03  7.2935794662E+02
           ESP =  -1.4688342223E+01     ESP at Nucleus =  -1.4688342357E+01
           ESPe = -2.6958875324E+01     ESPe at Nucleus = -2.6958865990E+01
           ESPn =  1.2270533101E+01     ESPn at Nucleus =  1.2270523633E+01

CP# 10     Coords =  7.83398527566799E+00  1.98597409035269E+00  1.03459157194284E+00
           Type = (3,-3) NACP H10
           Rho =  4.2795740011E-01     Rho at Nucleus =  4.2440458980E-01
           GradRho = -6.8792898895E-15  9.3767224887E-16 -1.1400711104E-14
           HessRho_EigVals = -6.5237371611E+00 -6.5173331070E+00 -5.9304195921E+00
           HessRho_EigVec1 =  4.4308871732E-01  8.8637385682E-01 -1.3421540348E-01
           HessRho_EigVec2 =  7.6888847890E-01 -4.5272520786E-01 -4.5149794373E-01
           HessRho_EigVec3 =  4.6095867017E-01 -9.6856967329E-02  8.8212007815E-01
           DelSqRho = -1.8971489860E+01
           Bond Ellipticity = NA
           V = -4.7520863585E+00
           G =  4.6069467455E-03
           K =  4.7474794118E+00
           L =  4.7428724651E+00
           Vnuc =  4.2211956707E+01
           Ven = -1.8064919246E+01
           Vrep =  1.3312832887E+01
           DelSqV =  7.1498869305E+02
           DelSqVen =  8.0082370865E+02
           DelSqVrep = -8.5835015596E+01
           DelSqG =  7.0439563731E+01
           DelSqK = -7.8542825678E+02
           Stress_EigVals = -1.6335495972E+00 -1.6332322578E+00 -1.4853045035E+00
           Stress_EigVec1 =  2.3223761238E-01  9.7254044756E-01 -1.5191091650E-02
           Stress_EigVec2 =  8.5634226174E-01 -2.1184641730E-01 -4.7095543976E-01
           Stress_EigVec3 =  4.6124139250E-01 -9.6364793083E-02  8.8202619264E-01
           -DivStress =  3.5912135646E+00 -7.4873022690E-01  6.8487732020E+00
           ESP =  -1.1083762086E+00     ESP at Nucleus =  -1.1107131871E+00
           ESPe = -1.4064528922E+01     ESPe at Nucleus = -1.3987786405E+01
           ESPn =  1.2956152713E+01     ESPn at Nucleus =  1.2877073218E+01

CP# 11     Coords =  8.27685501107336E+00  2.15242317224863E+00 -2.25936234395691E+00
           Type = (3,-3) NACP H11
           Rho =  4.3030998316E-01     Rho at Nucleus =  4.2654109206E-01
           GradRho = -2.0172292927E-15 -1.2402012892E-16  2.1125035586E-15
           HessRho_EigVals = -6.5477601554E+00 -6.5409262342E+00 -5.9330572618E+00
           HessRho_EigVec1 =  4.3961906890E-01  8.0920141701E-01  3.8977960565E-01
           HessRho_EigVec2 =  5.8671535517E-01 -5.8730206843E-01  5.5753149905E-01
           HessRho_EigVec3 = -6.8007364768E-01  1.6411798731E-02  7.3296008526E-01
           DelSqRho = -1.9021743651E+01
           Bond Ellipticity = NA
           V = -4.7638834638E+00
           G =  4.2237755121E-03
           K =  4.7596596883E+00
           L =  4.7554359128E+00
           Vnuc =  4.0589137305E+01
           Ven = -1.7465910990E+01
           Vrep =  1.2702027527E+01
           DelSqV =  7.1573361479E+02
           DelSqVen =  7.7207616485E+02
           DelSqVrep = -5.6342550057E+01
           DelSqG =  7.0417273659E+01
           DelSqK = -7.8615088845E+02
           Stress_EigVals = -1.6395922274E+00 -1.6391853725E+00 -1.4851058640E+00
           Stress_EigVec1 =  4.0821314493E-01  8.3783761113E-01  3.6247781405E-01
           Stress_EigVec2 =  6.0808193064E-01 -5.4571488100E-01  5.7656884609E-01
           Stress_EigVec3 = -6.8088060182E-01  1.4946772950E-02  7.3224189995E-01
           -DivStress =  5.4543246961E+00 -1.2575725669E-01 -5.8711969224E+00
           ESP =  -1.1062916708E+00     ESP at Nucleus =  -1.1087322571E+00
           ESPe = -1.3263191990E+01     ESPe at Nucleus = -1.3176050184E+01
           ESPn =  1.2156900319E+01     ESPn at Nucleus =  1.2067317927E+01

CP# 12     Coords =  5.91642407754463E+00  3.97988901536328E+00 -8.04787311912053E-01
           Type = (3,-3) NACP H12
           Rho =  4.2910854703E-01     Rho at Nucleus =  4.2558194123E-01
           GradRho =  2.6825330152E-15 -8.8866631068E-15  4.6894454465E-16
           HessRho_EigVals = -6.5458668340E+00 -6.5395451733E+00 -5.9542189938E+00
           HessRho_EigVec1 =  8.5090778308E-01  4.6637981474E-01  2.4175568886E-01
           HessRho_EigVec2 = -2.2114784737E-01 -9.9415220016E-02  9.7015990622E-01
           HessRho_EigVec3 = -4.7649719232E-01  8.7898036522E-01 -1.8545707616E-02
           DelSqRho = -1.9039631001E+01
           Bond Ellipticity = NA
           V = -4.7690936080E+00
           G =  4.5929288637E-03
           K =  4.7645006792E+00
           L =  4.7599077503E+00
           Vnuc =  4.2706089470E+01
           Ven = -1.8325548002E+01
           Vrep =  1.3556454394E+01
           DelSqV =  7.1775575448E+02
           DelSqVen =  8.1310818501E+02
           DelSqVrep = -9.5352430534E+01
           DelSqG =  7.0755105792E+01
           DelSqK = -7.8851086027E+02
           Stress_EigVals = -1.6390784450E+00 -1.6388018288E+00 -1.4912133343E+00
           Stress_EigVec1 =  7.5972567009E-01  4.2161256775E-01  4.9503509867E-01
           Stress_EigVec2 = -4.4305052923E-01 -2.2159887129E-01  8.6867725237E-01
           Stress_EigVec3 = -4.7594446603E-01  8.7928197011E-01 -1.8441320286E-02
           -DivStress = -3.6836075401E+00  6.8212555739E+00 -1.5006734837E-01
           ESP =  -1.1088756239E+00     ESP at Nucleus =  -1.1111928287E+00
           ESPe = -1.4396020015E+01     ESPe at Nucleus = -1.4325555002E+01
           ESPn =  1.3287144391E+01     ESPn at Nucleus =  1.3214362173E+01

CP# 13     Coords = -4.41335266674774E+00 -4.97444711451462E+00 -1.92283727607315E-01
           Type = (3,-3) NACP C13
           Rho =  1.1751358307E+02     Rho at Nucleus =  1.1751358078E+02
           GradRho =  1.8420775322E-11  6.2908426298E-11 -4.2778627862E-13
           HessRho_EigVals = -1.4478942792E+05 -1.4478734119E+05 -1.4478723953E+05
           HessRho_EigVec1 =  9.9896237798E-01 -1.7050357473E-02 -4.2230944698E-02
           HessRho_EigVec2 =  4.0796876334E-02 -7.7141706060E-02  9.9618510934E-01
           HessRho_EigVec3 =  2.0243079346E-02  9.9687433636E-01  7.6366060802E-02
           DelSqRho = -4.3436400864E+05
           Bond Ellipticity = NA
           V = -1.0860128932E+05
           G =  5.1435814247E+00
           K =  1.0859614574E+05
           L =  1.0859100216E+05
           Vnuc =  1.0666991179E+06
           Ven = -1.2535163540E+08
           Vrep =  1.2524303411E+08
           DelSqV =  2.4915397297E+09
           DelSqVen =  4.6333570662E+11
           DelSqVrep = -4.6084416689E+11
           DelSqG =  1.3381753766E+08
           DelSqK = -2.6253572673E+09
           Stress_EigVals = -3.6200650836E+04 -3.6200618930E+04 -3.6200019557E+04
           Stress_EigVec1 =  2.7227488629E-02  9.9491897483E-01  9.6927278874E-02
           Stress_EigVec2 =  4.2544439599E-02 -9.8028716175E-02  9.9427377591E-01
           Stress_EigVec3 =  9.9872350254E-01 -2.2947861166E-02 -4.4997345985E-02
           -DivStress = -4.5566951838E+03  8.0138114092E+01  7.9633835390E+01
           ESP =  -1.4680656512E+01     ESP at Nucleus =  -1.4680656647E+01
           ESPe = -2.6923884849E+01     ESPe at Nucleus = -2.6923876568E+01
           ESPn =  1.2243228337E+01     ESPn at Nucleus =  1.2243219922E+01

CP# 14     Coords = -5.07962910031694E+00 -6.86067860016102E+00 -5.21674966727089E-01
           Type = (3,-3) NACP H14
           Rho =  4.2974851380E-01     Rho at Nucleus =  4.2594713655E-01
           GradRho =  6.6866713822E-10  1.8670678088E-09  3.2607833362E-10
           HessRho_EigVals = -6.5366076136E+00 -6.5298293954E+00 -5.9192110366E+00
           HessRho_EigVec1 =  9.4298188882E-01 -3.2403729469E-01 -7.6059115248E-02
           HessRho_EigVec2 =  1.8077183334E-02 -1.7831604434E-01  9.8380719848E-01
           HessRho_EigVec3 =  3.3235278365E-01  9.2908730482E-01  1.6229111871E-01
           DelSqRho = -1.8985648046E+01
           Bond Ellipticity = NA
           V = -4.7547528879E+00
           G =  4.1704382479E-03
           K =  4.7505824496E+00
           L =  4.7464120114E+00
           Vnuc =  4.0376979542E+01
           Ven = -1.7351946950E+01
           Vrep =  1.2597194062E+01
           DelSqV =  7.1418066370E+02
           DelSqVen =  7.6658312593E+02
           DelSqVrep = -5.2402462232E+01
           DelSqG =  7.0241008868E+01
           DelSqK = -7.8442167257E+02
           Stress_EigVals = -1.6367245089E+00 -1.6364169495E+00 -1.4816114295E+00
           Stress_EigVec1 =  9.3870411384E-01 -3.4325211282E-01  3.1820963300E-02
           Stress_EigVec2 = -8.5229601967E-02 -1.4165171086E-01  9.8624069464E-01
           Stress_EigVec3 =  3.3402170829E-01  9.2850028533E-01  1.6222428467E-01
           -DivStress = -2.6790027172E+00 -7.4698842789E+00 -1.3045928813E+00
           ESP =  -1.0994398420E+00     ESP at Nucleus =  -1.1019008016E+00
           ESPe = -1.3194845813E+01     ESPe at Nucleus = -1.3106767776E+01
           ESPn =  1.2095405971E+01     ESPn at Nucleus =  1.2004866974E+01

CP# 15     Coords = -5.05397122844191E+00 -4.34367881972500E+00  1.64066218983160E+00
           Type = (3,-3) NACP H15
           Rho =  4.2901563498E-01     Rho at Nucleus =  4.2548094794E-01
           GradRho =  5.6572238213E-13 -5.2814735007E-13 -1.5538683621E-12
           HessRho_EigVals = -6.5459434995E+00 -6.5390094535E+00 -5.9538050235E+00
           HessRho_EigVec1 =  9.4080361781E-01  1.7125845938E-03  3.3894781276E-01
           HessRho_EigVec2 = -1.0208539415E-01 -9.5212367802E-01  2.8816501186E-01
           HessRho_EigVec3 = -3.2321374510E-01  3.0570830675E-01  8.9558657100E-01
           DelSqRho = -1.9038757977E+01
           Bond Ellipticity = NA
           V = -4.7687340306E+00
           G =  4.5222682378E-03
           K =  4.7642117624E+00
           L =  4.7596894941E+00
           Vnuc =  4.2624000451E+01
           Ven = -1.8286362619E+01
           Vrep =  1.3517628588E+01
           DelSqV =  7.1770060646E+02
           DelSqVen =  8.1150802859E+02
