AIMSum (Version 19.02.13, Professional)
Copyright (c) 1997-2019 by Todd A. Keith
AIMSum is a component of the AIMAll package ( http://aim.tkgristmill.com )

TP:  64-bit Linux

Much of the Quantum Theory of Atoms in Molecules (QTAIM) is described in the book:
  "Atoms in Molecules - A Quantum Theory"
  R.F.W. Bader, Oxford University Press, Oxford, 1990

For additional references see:  http://aim.tkgristmill.com/references.html

Wfn File:  /home/mhennefarth/Documents/ML_Diels/summary-liu2013/2an-opt/2an-opt.wfn
Sum File:  /home/mhennefarth/Documents/ML_Diels/summary-liu2013/2an-opt/2an-opt.sum

SumViz File:  /home/mhennefarth/Documents/ML_Diels/summary-liu2013/2an-opt/2an-opt.sumviz

Wfn Title:   Title Card Required                                                           
 
Total memory allocated for AIMSum =        1.259 Megabytes

Atomic units (a.u.) used throughout, except where stated otherwise

Model:  Restricted SCF
 
Restricted, closed-shell, single-determinant wavefunction.
  Number of electrons (from MO Occs)                   =          84.0000000000
  Number of Alpha electrons (from MO Occs)             =          42.0000000000
  Number of Beta electrons (from MO Occs)              =          42.0000000000
  Number of electron pairs (N*(N-1)/2)                 =        3486.0000000000
  Number of electron pairs (from Muller 2EDM)          =        3486.0000000000
 
Nuclear Charges and Cartesian Coordinates:
-------------------------------------------------------------------------------
Atom      Charge                X                  Y                  Z
-------------------------------------------------------------------------------
C1         6.0          -1.7333300300E+00  -1.7334798700E+00  -1.0782186000E-01
H2         1.0          -2.4696295800E+00  -2.7215161800E+00  -1.7476802800E+00
C3         6.0           8.6225391000E-01  -2.3853652400E+00   6.2929289000E-01
C4         6.0           1.7558074000E+00  -2.4110990200E+00   3.0115106500E+00
H5         1.0           4.8386384000E-01  -2.0467452200E+00   4.5721378900E+00
H6         1.0           3.7123485800E+00  -2.7938622600E+00   3.4709941600E+00
C7         6.0          -3.0873114300E+00   5.1860880000E-02   1.0882019400E+00
H8         1.0          -2.3031615100E+00   1.1511259500E+00   2.6321516900E+00
C9         6.0           3.1077631700E+00   4.5351320600E+00   1.1715828600E+00
H10        1.0           3.9669063100E+00   4.1617326100E+00   2.9836173100E+00
C11        6.0           1.3386144700E+00   5.5791978300E+00  -1.5916520000E-01
H12        1.0          -3.5038838000E-01   6.7191039400E+00  -2.6626073000E-01
C13        6.0           3.2416759900E+00   4.0528042900E+00  -1.6366424700E+00
H14        1.0           4.6711280600E+00   5.0233111500E+00  -2.7763903900E+00
H15        1.0           2.7141619400E+00   2.1995686000E+00  -2.3835137800E+00
O16        8.0           2.2417170800E+00  -2.9941305700E+00  -1.4806720700E+00
O17        8.0          -5.4942716000E+00   7.7771407000E-01   6.1888474000E-01
C18        6.0           4.7751615900E+00  -3.7878724400E+00  -1.1178231200E+00
H19        1.0           4.8719666100E+00  -5.4362538900E+00   1.3922159000E-01
H20        1.0           5.4913501500E+00  -4.2938655900E+00  -2.9854894300E+00
H21        1.0           5.9352330600E+00  -2.2616941700E+00  -3.2531369000E-01
C22        6.0          -6.7991071200E+00  -4.9440883000E-01  -1.3548145700E+00
H23        1.0          -8.6973378800E+00   3.1010800000E-01  -1.4012214600E+00
H24        1.0          -5.8670006300E+00  -1.8838726000E-01  -3.1822429400E+00
H25        1.0          -6.9081721500E+00  -2.5319115900E+00  -9.8163792000E-01
 
Some Atomic Properties:
----------------------
  q(A) = Net Charge of Atom A
  L(A) = Lagrangian of Atom A = -(1/4) Times Atomic Integral of the Laplacian of the Electron Density
  K(A) = Electronic Kinetic Energy of Atom A (Hamiltonian Form)
  K_Scaled(A) = K(A) * E(Mol)/K(Mol) = Approximation to Virial-Based Total Energy of Atom A.
  |Mu_Intra(A)| = Magnitude of Intraatomic Dipole Moment of Atom A
--------------------------------------------------------------------------------------------------
Atom A          q(A)              L(A)              K(A)          K_Scaled(A)      |Mu_Intra(A)|
--------------------------------------------------------------------------------------------------
C1       -2.6630158700E-02 -6.5467201363E-05  3.7717440056E+01 -3.8077757024E+01  1.6256797582E-01
H2        5.0895701440E-02  2.7796864331E-05  5.9463592649E-01 -6.0031651918E-01  1.4684719885E-01
C3        5.0341130160E-01 -8.0058574870E-05  3.7389858598E+01 -3.7747046160E+01  7.2046325225E-01
C4       -1.0824121670E-01 -8.3036294324E-05  3.7696932318E+01 -3.8057053374E+01  2.2844873842E-01
H5        4.1617368470E-02  3.0819417046E-05  5.9441352182E-01 -6.0009198986E-01  1.5023683961E-01
H6        3.4304067430E-02  6.5644600144E-05  5.9841011539E-01 -6.0412676312E-01  1.4808558807E-01
C7        5.1010135140E-01 -1.7902618355E-04  3.7381388471E+01 -3.7738495118E+01  7.5879466763E-01
H8        7.6753816890E-02  2.8000167806E-05  5.8975822886E-01 -5.9539222460E-01  1.4458975727E-01
C9       -1.4098112440E-01  1.4840593137E-05  3.7753749955E+01 -3.8114413794E+01  2.4119114046E-01
H10       1.0560930035E-01  1.7876667781E-05  5.6317175900E-01 -5.6855177260E-01  1.4675134908E-01
C11      -1.4344226180E-01 -3.2358894805E-05  3.7754341882E+01 -3.8115011375E+01  2.4283407980E-01
H12       1.0525348191E-01  1.1285975935E-05  5.6306094345E-01 -5.6843989843E-01  1.4667459050E-01
C13       4.4955867700E-02  1.1353529528E-04  3.7573469241E+01 -3.7932410847E+01  3.2535905398E-01
H14       4.0148849000E-04  2.8898621027E-05  6.1530719702E-01 -6.2118526359E-01  1.5916308502E-01
H15       2.6973059030E-02  3.1711637246E-06  6.0667712770E-01 -6.1247275070E-01  1.4154409194E-01
O16      -1.1048589745E+00  1.9924880258E-05  7.5236836683E+01 -7.5955578698E+01  1.7451675695E-01
O17      -1.1052270919E+00  1.6471316976E-04  7.5242794304E+01 -7.5961593233E+01  2.1693136107E-01
C18       4.6279920930E-01 -2.9074353857E-04  3.7406636918E+01 -3.7763984765E+01  6.3416149877E-01
H19       2.8636422620E-02  2.9520133366E-05  6.0489745298E-01 -6.1067607464E-01  1.5783780320E-01
H20       4.0819039460E-02  2.4865769542E-05  6.0338313849E-01 -6.0914729381E-01  1.4664595342E-01
H21       2.9609477600E-02  4.2095408777E-05  6.0539343090E-01 -6.1117679067E-01  1.5568091626E-01
C22       4.5325789430E-01 -2.7711389828E-04  3.7412482572E+01 -3.7769886263E+01  6.2959468160E-01
H23       4.6390018650E-02  2.1720057937E-05  6.0118213697E-01 -6.0692526600E-01  1.4536109053E-01
H24       3.3777138240E-02  2.8328554765E-05  6.0337197907E-01 -6.0913602778E-01  1.5511172200E-01
H25       3.3560337530E-02  2.6418783426E-05  6.0297793151E-01 -6.0873821587E-01  1.5628545188E-01
--------------------------------------------------------------------------------------------------
Total    -2.5448559000E-04 -3.0834846172E-04  4.9691257189E+02 -5.0165960750E+02
 
1st Largest |L(A)| = 2.9074353857E-04, atom C18     
2nd Largest |L(A)| = 2.7711389828E-04, atom C22     
 
Molecular charge q(Mol) from the wfn file:   0.0000000000E+00
Molecular energy E(Mol) from the wfn file:  -5.0165970511E+02
Molecular virial ratio (-V(Mol)/T(Mol)) from the wfn file:   2.0095530600E+00
Note.  K_Scaled(A) = (1+V(Mol)/T(Mol))*K(A) = (E(Mol)/T(Mol))*K(A)
       Only use K_Scaled(A) data with caution.
 
N_AIMInt(SumA)     =         84.000254
N_Analytic(Mol)    =         83.999984
 
G_AIMInt(SumA)     =        496.912880
G_Analytic(Mol)    =        496.912631
 
K_AIMInt(SumA)     =        496.912572
K_Analytic(Mol)    =        496.912631
 
L_AIMInt(SumA)     =         -0.000308
L_Analytic(Mol)    =          0.000000
 
VenT_AIMInt(SumA)  =      -2340.229114
VenT_Analytic(Mol) =      -2340.223710
 
Some Information About the Atomic Calculations:
----------------------------------------------
  Time(sec) = "Elapsed User Time", in Seconds, for Atom A by AIMInt and, if used, by TWOe
  NProc = Number of Processors Used for AIMInt Job
  BIM = Basin Integration Method
  OAQ = Angular Quadrature Outside of Beta Sphere
  ORQ = Multiple of Default for Radial Quadrature Outside of Beta Sphere
  IAQ = Multiple of Default for Angular Quadrature Inside of Beta Sphere
  IRQ = Multiple of Default for Radial Quadrature Inside of Beta Sphere
  MIR = Maximum Integration Radius
------------------------------------------------------------------------------------------------------
Atom A     Time(sec)   NProc      BIM          OAQ                     ORQ      IAQ      IRQ      MIR
------------------------------------------------------------------------------------------------------
C1             37        8     Proaim(5)    4500(GS4)                  1.00     1.00     1.00    13.00
H2              9        8     Proaim(5)    1800(GS4)                  1.00     1.00     1.00    13.00
C3             45        8     Proaim(5)    4500(GS4)                  1.00     1.00     1.00    13.00
C4             43        8     Proaim(5)    4500(GS4)                  1.00     1.00     1.00    13.00
H5              8        8     Proaim(5)    1800(GS4)                  1.00     1.00     1.00    13.00
H6              8        8     Proaim(5)    1800(GS4)                  1.00     1.00     1.00    13.00
C7             39        8     Proaim(5)    4500(GS4)                  1.00     1.00     1.00    13.00
H8             21        8     Proaim(5)    4500(GS4)                  1.00     1.00     1.00    13.00
C9             33        8     Proaim(5)    4500(GS4)                  1.00     1.00     1.00    13.00
H10             7        8     Proaim(5)    1800(GS4)                  1.00     1.00     1.00    13.00
C11            29        8     Proaim(5)    4500(GS4)                  1.00     1.00     1.00    13.00
H12             6        8     Proaim(5)    1800(GS4)                  1.00     1.00     1.00    13.00
C13            29        8     Proaim(5)    4500(GS4)                  1.00     1.00     1.00    13.00
H14             5        8     Proaim(5)    1800(GS4)                  1.00     1.00     1.00    13.00
H15            17        8     Proaim(5)    4500(GS4)                  1.00     1.00     1.00    13.00
O16            38        8     Proaim(5)    4500(GS4)                  1.00     1.00     1.00    13.00
O17            25        8     Proaim(5)    4500(GS4)                  1.00     1.00     1.00    13.00
C18            34        8     Proaim(5)    4500(GS4)                  1.00     1.00     1.00    13.00
H19             6        8     Proaim(5)    1800(GS4)                  1.00     1.00     1.00    13.00
H20             6        8     Proaim(5)    1800(GS4)                  1.00     1.00     1.00    13.00
H21             9        8     Proaim(5)    1800(GS4)                  1.00     1.00     1.00    13.00
C22            27        8     Proaim(5)    4500(GS4)                  1.00     1.00     1.00    13.00
H23             6        8     Proaim(5)    1800(GS4)                  1.00     1.00     1.00    13.00
H24             7        8     Proaim(5)    1800(GS4)                  1.00     1.00     1.00    13.00
H25             6        8     Proaim(5)    1800(GS4)                  1.00     1.00     1.00    13.00
------------------------------------------------------------------------------------------------------
Total         500
Note:  Total wall clock time is less than total of atomic times if more than one atom
       was calculated at a time
 
Electron Density Critical Point Analysis of Molecular Structure:               
---------------------------------------------------------------                
  NACP = Nuclear Attractor Critical Point                                      
  NNACP = Non-Nuclear Attractor Critical Point                                 
  BCP = Bond Critical Point                                                    
  RCP = Ring Critical Point                                                    
  CCP = Cage Critical Point                                                    
  Rho = Electron Density                                                       
  GradRho = Gradient of Electron Density                                       
  HessRho_EigVals = Eigenvalues of the Hessian of Rho, Ascending Order         
  HessRho_EigVecs = Eigenvectors of the Hessian of Rho                         
  DelSqRho = Laplacian of Rho = Trace of Hessian of Rho                        
  Bond Ellipticity = (HessRho_EigVal(1) / HessRho_EigVal(2)) - 1               
  V = Virial Field = Potential Energy Density = Trace of Stress Tensor         
  G = Lagrangian Form of Kinetic Energy Density                                
  K = Hamiltonian Form of Kinetic Energy Density                               
  L = K - G = Lagrangian Density = (-1/4)DelSqRho                              
  Vnuc = Electrostatic Potential from Nuclei                                   
  Ven = Electron-nuclear attractive contribution to Virial Field V             
  Vrep = V - Ven = Repulsive contribution to Virial Field V                    
  DelSqV = Laplacian of V                                                      
  DelSqVen = Laplacian of Ven                                                  
  DelSqVrep = Laplacian of Vrep                                                
  DelSqG = Laplacian of G                                                      
  DelSqK = Laplacian of K                                                      
  Stress_EigVals = Eigenvalues of Stress Tensor, Ascending Order               
  Stress_EigVecs = Eigenvectors of Stress Tensor                               
  -DivStress = Ehrenfest Force Density = Minus Divergence of Stress Tensor     
  ESP = Total Electrostatic Potential                                          
  ESPe = Electrostatic Potential from Electrons                                
  ESPn = Electrostatic Potential from Nuclei                                   
  BP = Bond Path                                                               
  BPL = Bond Path Length                                                       
  GBL = Geometric Bond Length                                                  
  GBL_I = Distance Between Nuclear Attractors                                  
  GBL_II = Distance Between Nuclei                                             
  GBL_III = Sum of Distances Between BCP and Nuclear Attractors                
  GBL_IV = Sum of Distances Between BCP and Nuclei                             

CP# 1      Coords = -1.73332912300340E+00 -1.73347999775464E+00 -1.07821498767754E-01
           Type = (3,-3) NACP C1
           Rho =  1.1760706345E+02     Rho at Nucleus =  1.1760706338E+02
           GradRho =  1.9104340505E-10 -2.6781177970E-11  7.5347141720E-11
           HessRho_EigVals = -1.4491492680E+05 -1.4491480429E+05 -1.4491461074E+05
           HessRho_EigVec1 =  9.5708027335E-01 -1.3359361199E-01  2.5719661194E-01
           HessRho_EigVec2 =  2.5325549275E-01  8.1700025127E-01 -5.1804656626E-01
           HessRho_EigVec3 = -1.4092198461E-01  5.6094860394E-01  8.1576813985E-01
           DelSqRho = -4.3474434184E+05
           Bond Ellipticity = NA
           V = -1.0869657906E+05
           G =  5.2468008496E+00
           K =  1.0869133226E+05
           L =  1.0868608546E+05
           Vnuc =  6.0938121186E+06
           Ven = -7.1667534846E+08
           Vrep =  7.1656665188E+08
           DelSqV =  2.4937267801E+09
           DelSqVen =  2.6492495462E+12
           DelSqVrep = -2.6467558195E+12
           DelSqG =  1.3394660314E+08
           DelSqK = -2.6276733832E+09
           Stress_EigVals = -3.6232369140E+04 -3.6232229787E+04 -3.6231980134E+04
           Stress_EigVec1 =  3.0840733854E-01 -6.9731748164E-01 -6.4701873492E-01
           Stress_EigVec2 =  8.7415946495E-01 -6.0480485130E-02  4.8185821645E-01
           Stress_EigVec3 =  3.7514016498E-01  7.1420616122E-01 -5.9091405119E-01
           -DivStress = -7.4015653127E+02  1.0313449382E+02 -2.9407360638E+02
           ESP =  -1.4750501756E+01     ESP at Nucleus =  -1.4750501760E+01
           ESPe = -3.0841749959E+01     ESPe at Nucleus = -3.0841749396E+01
           ESPn =  1.6091248203E+01     ESPn at Nucleus =  1.6091247637E+01

CP# 2      Coords = -2.45739685384176E+00 -2.70461022802472E+00 -1.71972117220054E+00
           Type = (3,-3) NACP H2
           Rho =  4.2516782923E-01     Rho at Nucleus =  4.2148665109E-01
           GradRho =  2.0957627994E-15  2.0356979991E-15  4.2728407618E-15
           HessRho_EigVals = -6.4909109337E+00 -6.4840657031E+00 -5.8921666832E+00
           HessRho_EigVec1 =  8.6187029113E-01 -5.0053997323E-01 -8.1482123623E-02
           HessRho_EigVec2 =  3.6134956244E-01  7.1887178624E-01 -5.9384328629E-01
           HessRho_EigVec3 =  3.5581750238E-01  4.8237235632E-01  8.0044413600E-01
           DelSqRho = -1.8867143320E+01
           Bond Ellipticity = NA
           V = -4.7270873997E+00
           G =  5.1507848597E-03
           K =  4.7219366149E+00
           L =  4.7167858300E+00
           Vnuc =  4.4626882700E+01
           Ven = -1.8973914843E+01
           Vrep =  1.4246827443E+01
           DelSqV =  7.1078176538E+02
           DelSqVen =  8.4198179182E+02
           DelSqVrep = -1.3120002644E+02
           DelSqG =  7.0135138084E+01
           DelSqK = -7.8091690346E+02
           Stress_EigVals = -1.6261697434E+00 -1.6259517819E+00 -1.4749658745E+00
           Stress_EigVec1 =  1.1270757549E-01 -8.7176887159E-01  4.7677671604E-01
           Stress_EigVec2 =  9.2857311782E-01 -7.8357502578E-02 -3.6278377396E-01
           Stress_EigVec3 =  3.5362263401E-01  4.8361052131E-01  8.0066965498E-01
           -DivStress = -2.7667487242E+00 -3.8260717261E+00 -6.3271113785E+00
           ESP =  -1.1049146654E+00     ESP at Nucleus =  -1.1073917474E+00
           ESPe = -1.7068528570E+01     ESPe at Nucleus = -1.6976483765E+01
           ESPn =  1.5963613905E+01     ESPn at Nucleus =  1.5869092017E+01

CP# 3      Coords =  8.62255762345225E-01 -2.38536632422194E+00  6.29287031827216E-01
           Type = (3,-3) NACP C3
           Rho =  1.1762508679E+02     Rho at Nucleus =  1.1762508397E+02
           GradRho = -5.5480134376E-12 -3.7623792970E-12  1.0160466218E-12
           HessRho_EigVals = -1.4491771174E+05 -1.4491717752E+05 -1.4491591876E+05
           HessRho_EigVec1 = -6.9428494768E-01  1.5208767262E-01  7.0344704936E-01
           HessRho_EigVec2 =  2.0277643353E-01  9.7915680295E-01 -1.1561714204E-02
           HessRho_EigVec3 =  6.9054335811E-01 -1.3461535971E-01  7.1065362555E-01
           DelSqRho = -4.3475080802E+05
           Bond Ellipticity = NA
           V = -1.0869768911E+05
           G =  4.9935529378E+00
           K =  1.0869269556E+05
           L =  1.0868770200E+05
           Vnuc =  9.6171205352E+05
           Ven = -1.1312146376E+08
           Vrep =  1.1301276607E+08
           DelSqV =  2.4937341513E+09
           DelSqVen =  4.1810509414E+11
           DelSqVrep = -4.1561135999E+11
           DelSqG =  1.3392778032E+08
           DelSqK = -2.6276619316E+09
           Stress_EigVals = -3.6232974875E+04 -3.6232397763E+04 -3.6232316472E+04
           Stress_EigVec1 =  6.6302467313E-01 -1.2282127027E-01  7.3845326080E-01
           Stress_EigVec2 =  6.1726877715E-01 -4.6840012677E-01 -6.3212386286E-01
           Stress_EigVec3 =  4.2352985678E-01  8.7493785883E-01 -2.3474710564E-01
           -DivStress = -1.4973218171E+03  8.7722775714E+02  4.7478534820E+03
           ESP =  -1.4685700257E+01     ESP at Nucleus =  -1.4685700466E+01
           ESPe = -3.1534267540E+01     ESPe at Nucleus = -3.1534265451E+01
           ESPn =  1.6848567283E+01     ESPn at Nucleus =  1.6848564985E+01

CP# 4      Coords =  1.75580770265378E+00 -2.41109870729171E+00  3.01151079222433E+00
           Type = (3,-3) NACP C4
           Rho =  1.1760331699E+02     Rho at Nucleus =  1.1760331698E+02
           GradRho =  8.4721674121E-12  3.6670000370E-11  1.3593395506E-11
           HessRho_EigVals = -1.4491508323E+05 -1.4491504727E+05 -1.4491500096E+05
           HessRho_EigVec1 = -4.0197385849E-02  5.0288438708E-01  8.6341847525E-01
           HessRho_EigVec2 = -5.7925010191E-01  6.9236860545E-01 -4.3022672352E-01
           HessRho_EigVec3 =  8.1415814779E-01  5.1742922939E-01 -2.6346442448E-01
           DelSqRho = -4.3474513146E+05
           Bond Ellipticity = NA
           V = -1.0869671899E+05
           G =  5.2180650095E+00
           K =  1.0869150093E+05
           L =  1.0868628286E+05
           Vnuc =  1.3105151416E+07
           Ven = -1.5412092762E+09
           Vrep =  1.5411005795E+09
           DelSqV =  2.4937360685E+09
           DelSqVen =  5.6974083359E+12
           DelSqVrep = -5.6949135512E+12
           DelSqG =  1.3395198341E+08
           DelSqK = -2.6276880519E+09
           Stress_EigVals = -3.6232368742E+04 -3.6232328531E+04 -3.6232021722E+04
           Stress_EigVec1 =  3.8020706849E-01 -2.7455579222E-02  9.2449379459E-01
           Stress_EigVec2 =  9.0493131214E-01 -1.9554702328E-01 -3.7796915481E-01
           Stress_EigVec3 =  1.9115937165E-01  9.8030992694E-01 -4.9502947143E-02
           -DivStress = -2.4628215670E+02 -2.5187193328E+02 -1.2057706071E+02
           ESP =  -1.4768121811E+01     ESP at Nucleus =  -1.4768121814E+01
           ESPe = -2.8773354621E+01     ESPe at Nucleus = -2.8773354915E+01
           ESPn =  1.4005232810E+01     ESPn at Nucleus =  1.4005233101E+01

CP# 5      Coords =  5.05679057445040E-01 -2.05291409933080E+00  4.54541001617860E+00
           Type = (3,-3) NACP H5
           Rho =  4.2376762381E-01     Rho at Nucleus =  4.2007855911E-01
           GradRho =  1.7058294881E-15 -1.7676832220E-15 -2.6137810449E-15
           HessRho_EigVals = -6.4454357999E+00 -6.4377108200E+00 -5.8497568323E+00
           HessRho_EigVec1 =  7.6577545262E-01 -7.2260703998E-02  6.3903548166E-01
           HessRho_EigVec2 =  1.6794567012E-01  9.8165627138E-01 -9.0250854529E-02
           HessRho_EigVec3 = -6.2079159792E-01  1.7643513117E-01  7.6386414789E-01
           DelSqRho = -1.8732903452E+01
           Bond Ellipticity = NA
           V = -4.6936073818E+00
           G =  5.1907593779E-03
           K =  4.6884166224E+00
           L =  4.6832258631E+00
           Vnuc =  4.2919901074E+01
           Ven = -1.8188064492E+01
           Vrep =  1.3494457111E+01
           DelSqV =  7.0531644570E+02
           DelSqVen =  8.0401436301E+02
           DelSqVrep = -9.8697917302E+01
           DelSqG =  6.9367459209E+01
           DelSqK = -7.7468390491E+02
           Stress_EigVals = -1.6150387093E+00 -1.6146577302E+00 -1.4639109422E+00
           Stress_EigVec1 =  1.4625593204E-01  9.8349033595E-01 -1.0656435351E-01
           Stress_EigVec2 =  7.7073595322E-01 -4.5757485354E-02  6.3550951444E-01
           Stress_EigVec3 = -6.2014134901E-01  1.7508001494E-01  7.6470366523E-01
           -DivStress = -4.9014331331E+00  1.3859378909E+00  6.0060619589E+00
           ESP =  -1.1184588859E+00     ESP at Nucleus =  -1.1209292675E+00
           ESPe = -1.5505779400E+01     ESPe at Nucleus = -1.5424677853E+01
           ESPn =  1.4387320514E+01     ESPn at Nucleus =  1.4303748586E+01

CP# 6      Coords =  3.67906804032940E+00 -2.78739539338068E+00  3.46299356411234E+00
           Type = (3,-3) NACP H6
           Rho =  4.2491243119E-01     Rho at Nucleus =  4.2125344788E-01
           GradRho = -2.8017658305E-09  5.4474495357E-10 -6.7324635057E-10
           HessRho_EigVals = -6.4676638153E+00 -6.4610613617E+00 -5.8753195364E+00
           HessRho_EigVec1 = -2.0862430455E-01  1.2549133698E-01  9.6991124537E-01
           HessRho_EigVec2 =  2.0914771827E-01  9.7451526472E-01 -8.1100128059E-02
           HessRho_EigVec3 =  9.5537067753E-01 -1.8593526608E-01  2.2955379617E-01
           DelSqRho = -1.8804044713E+01
           Bond Ellipticity = NA
           V = -4.7117058884E+00
           G =  5.3473550359E-03
           K =  4.7063585334E+00
           L =  4.7010111784E+00
           Vnuc =  4.2942131821E+01
           Ven = -1.8246645633E+01
           Vrep =  1.3534939744E+01
           DelSqV =  7.0826210575E+02
           DelSqVen =  8.0748577167E+02
           DelSqVrep = -9.9223665923E+01
           DelSqG =  6.9704896657E+01
           DelSqK = -7.7796700241E+02
           Stress_EigVals = -1.6208818790E+00 -1.6203743426E+00 -1.4704496668E+00
           Stress_EigVec1 =  2.2014866653E-01  9.6647295653E-01 -1.3215365645E-01
           Stress_EigVec2 = -1.9921354990E-01  1.7716723345E-01  9.6380793363E-01
           Stress_EigVec3 =  9.5490760085E-01 -1.8585423234E-01  2.3153763874E-01
           -DivStress =  7.5064155161E+00 -1.4579345630E+00  1.8055640096E+00
           ESP =  -1.1154113416E+00     ESP at Nucleus =  -1.1178584602E+00
           ESPe = -1.5350155731E+01     ESPe at Nucleus = -1.5266893868E+01
           ESPn =  1.4234744390E+01     ESPn at Nucleus =  1.4149035408E+01

CP# 7      Coords = -3.08731777221867E+00  5.18626208502732E-02  1.08820093253707E+00
           Type = (3,-3) NACP C7
           Rho =  1.1764833532E+02     Rho at Nucleus =  1.1764833211E+02
           GradRho = -9.0390611662E-12 -1.3838930002E-13  1.1786294163E-11
           HessRho_EigVals = -1.4495201807E+05 -1.4495163353E+05 -1.4495025112E+05
           HessRho_EigVec1 =  8.9186943420E-01 -2.7347683733E-01  3.6024898581E-01
           HessRho_EigVec2 = -4.4801049018E-01 -6.4350511748E-01  6.2063496877E-01
           HessRho_EigVec3 = -6.2092777544E-02  7.1492068317E-01  6.9644303698E-01
           DelSqRho = -4.3485390273E+05
           Bond Ellipticity = NA
           V = -1.0872355244E+05
           G =  5.0383773224E+00
           K =  1.0871851406E+05
           L =  1.0871347568E+05
           Vnuc =  9.0179461664E+05
           Ven = -1.0609463544E+08
           Vrep =  1.0598591189E+08
           DelSqV =  2.4943304554E+09
           DelSqVen =  3.9214890803E+11
           DelSqVrep = -3.8965457732E+11
           DelSqG =  1.3396560741E+08
           DelSqK = -2.6282960629E+09
           Stress_EigVals = -3.6241606218E+04 -3.6241046686E+04 -3.6240899533E+04
           Stress_EigVec1 =  1.0582526397E-01 -7.1729533188E-01 -6.8868601000E-01
           Stress_EigVec2 =  9.5763512251E-01 -1.1302839713E-01  2.6487648741E-01
           Stress_EigVec3 =  2.6783574378E-01  6.8754053575E-01 -6.7494594306E-01
           -DivStress =  5.1432646118E+03 -1.4129139291E+03  8.1815362391E+02
           ESP =  -1.4685953328E+01     ESP at Nucleus =  -1.4685953540E+01
           ESPe = -3.0491966784E+01     ESPe at Nucleus = -3.0491967200E+01
           ESPn =  1.5806013456E+01     ESPn at Nucleus =  1.5806013660E+01

CP# 8      Coords = -2.31723287123448E+00  1.13161970418081E+00  2.60486625952663E+00
           Type = (3,-3) NACP H8
           Rho =  4.3006977048E-01     Rho at Nucleus =  4.2604103157E-01
           GradRho = -2.8351480235E-15 -3.0708942333E-15 -4.5661716595E-15
           HessRho_EigVals = -6.5683397947E+00 -6.5554173264E+00 -5.9184443201E+00
           HessRho_EigVec1 =  8.6683809647E-01 -4.8835039163E-01 -1.0052666062E-01
           HessRho_EigVec2 =  3.1282753894E-01  6.8970478894E-01 -6.5302851010E-01
           HessRho_EigVec3 =  3.8824044790E-01  5.3462248279E-01  7.5063183753E-01
           DelSqRho = -1.9042201441E+01
           Bond Ellipticity = NA
           V = -4.7688465225E+00
           G =  4.1480811009E-03
           K =  4.7646984414E+00
           L =  4.7605503603E+00
           Vnuc =  4.3494129224E+01
           Ven = -1.8705510173E+01
           Vrep =  1.3936663650E+01
           DelSqV =  7.1577631792E+02
           DelSqVen =  8.2822397020E+02
           DelSqVrep = -1.1244765228E+02
           DelSqG =  7.0623469659E+01
           DelSqK = -7.8639978758E+02
           Stress_EigVals = -1.6445133279E+00 -1.6428569060E+00 -1.4814762886E+00
           Stress_EigVec1 =  8.5931169923E-01 -5.0414507264E-01 -8.6146092785E-02
           Stress_EigVec2 =  3.3197587807E-01  6.7792795290E-01 -6.5590068383E-01
           Stress_EigVec3 =  3.8906994223E-01  5.3502470636E-01  7.4991542433E-01
           -DivStress =  3.2134094134E+00  4.4516213571E+00  6.2277882134E+00
           ESP =  -1.0990326810E+00     ESP at Nucleus =  -1.1017018984E+00
           ESPe = -1.7100204135E+01     ESPe at Nucleus = -1.7012670579E+01
           ESPn =  1.6001171454E+01     ESPn at Nucleus =  1.5910968680E+01

CP# 9      Coords =  3.10776380101636E+00  4.53513121006031E+00  1.17158044000094E+00
           Type = (3,-3) NACP C9
           Rho =  1.1763608954E+02     Rho at Nucleus =  1.1763608903E+02
           GradRho =  1.0002308422E-09 -1.2776651195E-09 -3.7001320339E-09
           HessRho_EigVals = -1.4494671931E+05 -1.4494644698E+05 -1.4494532831E+05
           HessRho_EigVec1 =  5.6396366109E-01  8.1915980266E-01 -1.0450936171E-01
           HessRho_EigVec2 =  1.7154215335E-01  7.5853378170E-03  9.8514757893E-01
           HessRho_EigVec3 =  8.0778603516E-01 -5.7351519628E-01 -1.3624258160E-01
           DelSqRho = -4.3483849459E+05
           Bond Ellipticity = NA
           V = -1.0871994815E+05
           G =  5.1622528988E+00
           K =  1.0871478590E+05
           L =  1.0870962365E+05
           Vnuc =  2.2715389004E+06
           Ven = -2.6721495347E+08
           Vrep =  2.6710623352E+08
           DelSqV =  2.4942571876E+09
           DelSqVen =  9.8775256269E+11
           DelSqVrep = -9.8525830550E+11
           DelSqG =  1.3397115502E+08
           DelSqK = -2.6282283427E+09
           Stress_EigVals = -3.6240309802E+04 -3.6239990758E+04 -3.6239647594E+04
           Stress_EigVec1 =  7.4540921970E-01 -4.5070326055E-01  4.9115340386E-01
           Stress_EigVec2 = -3.5507576270E-01  3.5511946281E-01  8.6476087439E-01
           Stress_EigVec3 =  5.6416867862E-01  8.1899739808E-01 -1.0467551768E-01
           -DivStress = -5.1275229660E+02  6.9281770889E+02  1.9712785867E+03
           ESP =  -1.4735619120E+01     ESP at Nucleus =  -1.4735619144E+01
           ESPe = -2.7804721607E+01     ESPe at Nucleus = -2.7804718872E+01
           ESPn =  1.3069102487E+01     ESPn at Nucleus =  1.3069099727E+01

CP# 10     Coords =  3.95168719007660E+00  4.16842665020600E+00  2.95154063605969E+00
           Type = (3,-3) NACP H10
           Rho =  4.1614382574E-01     Rho at Nucleus =  4.1228577011E-01
           GradRho = -3.1341913223E-10  1.3760434034E-10 -6.6248617752E-10
           HessRho_EigVals = -6.3637054872E+00 -6.3609490685E+00 -5.7463683021E+00
           HessRho_EigVec1 =  6.9274365270E-01 -5.7002313375E-01 -4.4179164617E-01
           HessRho_EigVec2 =  5.8789210424E-01  8.0116616334E-01 -1.1187337703E-01
           HessRho_EigVec3 =  4.1771893112E-01 -1.8222624866E-01  8.9011487398E-01
           DelSqRho = -1.8471022858E+01
           Bond Ellipticity = NA
           V = -4.6269959212E+00
           G =  4.6201033644E-03
           K =  4.6223758178E+00
           L =  4.6177557145E+00
           Vnuc =  4.0859559138E+01
           Ven = -1.7003453258E+01
           Vrep =  1.2376457337E+01
           DelSqV =  6.9518606513E+02
           DelSqVen =  7.5471785194E+02
           DelSqVrep = -5.9531786808E+01
           DelSqG =  6.8680369056E+01
           DelSqK = -7.6386643418E+02
           Stress_EigVals = -1.5946151483E+00 -1.5939311804E+00 -1.4384495926E+00
           Stress_EigVec1 =  7.0823499311E-01 -5.4602161855E-01 -4.4750819725E-01
           Stress_EigVec2 =  5.6749639150E-01  8.1738000398E-01 -9.9185557028E-02
           Stress_EigVec3 =  4.1994171044E-01 -1.8371260481E-01  8.8876241970E-01
           -DivStress =  3.3761095993E+00 -1.4854624994E+00  7.1116458139E+00
           ESP =  -1.0779005086E+00     ESP at Nucleus =  -1.0805750308E+00
           ESPe = -1.4259289239E+01     ESPe at Nucleus = -1.4177117166E+01
           ESPn =  1.3181388730E+01     ESPn at Nucleus =  1.3096542135E+01

CP# 11     Coords =  1.33861580259122E+00  5.57919657570076E+00 -1.59167085004115E-01
           Type = (3,-3) NACP C11
           Rho =  1.1763405827E+02     Rho at Nucleus =  1.1763405777E+02
           GradRho =  2.0171499254E-09 -1.9113964569E-09 -2.8509604140E-09
           HessRho_EigVals = -1.4494462553E+05 -1.4494438845E+05 -1.4494326741E+05
           HessRho_EigVec1 =  5.7139952502E-01  8.1372942004E-01 -1.0652236278E-01
           HessRho_EigVec2 =  7.7180470905E-01 -5.7695044541E-01 -2.6729323717E-01
           HessRho_EigVec3 =  2.7896249551E-01 -7.0516767548E-02  9.5770940874E-01
           DelSqRho = -4.3483228140E+05
           Bond Ellipticity = NA
           V = -1.0871840055E+05
           G =  5.1651028291E+00
           K =  1.0871323545E+05
           L =  1.0870807035E+05
           Vnuc =  2.2837921796E+06
           Ven = -2.6865174232E+08
           Vrep =  2.6854302392E+08
           DelSqV =  2.4942222422E+09
           DelSqVen =  9.9306661069E+11
           DelSqVrep = -9.9057238845E+11
           DelSqG =  1.3396966998E+08
           DelSqK = -2.6281919122E+09
           Stress_EigVals = -3.6239790038E+04 -3.6239472751E+04 -3.6239137766E+04
           Stress_EigVec1 =  6.9552789082E-01 -4.0188244294E-01  5.9559336392E-01
           Stress_EigVec2 = -4.4488196832E-01  4.1004074383E-01  7.9620765047E-01
           Stress_EigVec3 =  5.6419942162E-01  8.1875337585E-01 -1.0640452146E-01
           -DivStress = -1.0857204099E+03  1.0226674772E+03  1.5347100667E+03
           ESP =  -1.4735938152E+01     ESP at Nucleus =  -1.4735938177E+01
           ESPe = -2.7617956677E+01     ESPe at Nucleus = -2.7617954072E+01
           ESPn =  1.2882018525E+01     ESPn at Nucleus =  1.2882015896E+01

CP# 12     Coords = -3.20505958146489E-01  6.69896405082584E+00 -2.64325293652188E-01
           Type = (3,-3) NACP H12
           Rho =  4.1578175227E-01     Rho at Nucleus =  4.1193623026E-01
           GradRho =  2.0558503528E-14 -1.3794734533E-14  1.2394178896E-15
           HessRho_EigVals = -6.3570551528E+00 -6.3541891069E+00 -5.7413912641E+00
           HessRho_EigVec1 =  2.9563121481E-02  1.3004317783E-01  9.9106750212E-01
           HessRho_EigVec2 =  5.6002358739E-01  8.1911627029E-01 -1.2418581770E-01
           HessRho_EigVec3 =  8.2794903431E-01 -5.5869249830E-01  4.8611613157E-02
           DelSqRho = -1.8452635524E+01
           Bond Ellipticity = NA
           V = -4.6224275208E+00
           G =  4.6343199300E-03
           K =  4.6177932009E+00
           L =  4.6131588810E+00
           Vnuc =  4.0593599862E+01
           Ven = -1.6878078081E+01
           Vrep =  1.2255650560E+01
           DelSqV =  6.9452481409E+02
           DelSqVen =  7.4905890285E+02
           DelSqVrep = -5.4534088758E+01
           DelSqG =  6.8600082814E+01
           DelSqK = -7.6312489690E+02
           Stress_EigVals = -1.5929450799E+00 -1.5922771584E+00 -1.4372052825E+00
           Stress_EigVec1 =  1.6161184802E-02  1.1571751600E-01  9.9315067970E-01
           Stress_EigVec2 =  5.6059285103E-01  8.2142923414E-01 -1.0483162056E-01
           Stress_EigVec3 =  8.2793385695E-01 -5.5844737423E-01  5.1595142554E-02
           -DivStress = -6.6194273777E+00  4.4611123989E+00 -4.3080042873E-01
           ESP =  -1.0775056492E+00     ESP at Nucleus =  -1.0801758521E+00
           ESPe = -1.3960812762E+01     ESPe at Nucleus = -1.3878227904E+01
           ESPn =  1.2883307113E+01     ESPn at Nucleus =  1.2798052051E+01

CP# 13     Coords =  3.24167415809166E+00  4.05280657370121E+00 -1.63663825306050E+00
           Type = (3,-3) NACP C13
           Rho =  1.1744118351E+02     Rho at Nucleus =  1.1744118160E+02
           GradRho = -4.5028963197E-12 -3.2833323733E-11 -1.1682720763E-12
           HessRho_EigVals = -1.4469556124E+05 -1.4469458288E+05 -1.4469433260E+05
           HessRho_EigVec1 = -4.1954762593E-01  3.5610863837E-01  8.3496492576E-01
           HessRho_EigVec2 =  5.4974072378E-01  8.3164230935E-01 -7.8461493218E-02
           HessRho_EigVec3 = -7.2233297460E-01  4.2609588941E-01 -5.4468097711E-01
           DelSqRho = -4.3408447672E+05
           Bond Ellipticity = NA
           V = -1.0853141776E+05
           G =  5.1492920453E+00
           K =  1.0852626847E+05
           L =  1.0852111918E+05
           Vnuc =  1.1687855080E+06
           Ven = -1.3726355332E+08
           Vrep =  1.3715502190E+08
           DelSqV =  2.4899387442E+09
           DelSqVen =  5.0735164723E+11
           DelSqVrep = -5.0486170849E+11
           DelSqG =  1.3372782957E+08
           DelSqK = -2.6236665738E+09
           Stress_EigVals = -3.6177287546E+04 -3.6177119461E+04 -3.6177010756E+04
           Stress_EigVec1 =  5.4863379464E-01  8.3233145823E-01 -7.8900589416E-02
           Stress_EigVec2 =  7.2349366456E-01 -4.2535110705E-01  5.4372176071E-01
           Stress_EigVec3 = -4.1899627291E-01  3.5538820938E-01  8.3554852877E-01
           -DivStress =  1.4863124927E+03 -1.8526978147E+03 -3.4202523811E+03
           ESP =  -1.4734931409E+01     ESP at Nucleus =  -1.4734931511E+01
           ESPe = -2.7773866727E+01     ESPe at Nucleus = -2.7773861023E+01
           ESPn =  1.3038935318E+01     ESPn at Nucleus =  1.3038929512E+01

CP# 14     Coords =  4.64818007217615E+00  5.00800992527616E+00 -2.75785466923192E+00
           Type = (3,-3) NACP H14
           Rho =  4.3027441814E-01     Rho at Nucleus =  4.2688925130E-01
           GradRho = -4.0400488922E-09 -2.6935493243E-09  3.2633731731E-09
           HessRho_EigVals = -6.5625287980E+00 -6.5545246243E+00 -5.9868110090E+00
           HessRho_EigVec1 = -1.1843547911E-02  7.7798287702E-01  6.2817384014E-01
           HessRho_EigVec2 =  7.2310585057E-01 -4.2723644983E-01  5.4275864323E-01
           HessRho_EigVec3 =  6.9063569213E-01  4.6066436698E-01 -5.5750397465E-01
           DelSqRho = -1.9103864431E+01
           Bond Ellipticity = NA
           V = -4.7859626488E+00
           G =  4.9982704760E-03
           K =  4.7809643783E+00
           L =  4.7759661078E+00
           Vnuc =  4.2728051334E+01
           Ven = -1.8384787426E+01
           Vrep =  1.3598824777E+01
           DelSqV =  7.2090310853E+02
           DelSqVen =  8.1627091066E+02
           DelSqVrep = -9.5367802136E+01
           DelSqG =  7.1041196649E+01
           DelSqK = -7.9194430517E+02
           Stress_EigVals = -1.6436943100E+00 -1.6430027003E+00 -1.4992656385E+00
           Stress_EigVec1 = -1.3957771654E-02  7.7992351416E-01  6.2571918037E-01
           Stress_EigVec2 =  7.2305724288E-01 -4.2436260865E-01  5.4507302254E-01
           Stress_EigVec3 =  6.9064709087E-01  4.6003879016E-01 -5.5800618942E-01
           -DivStress =  5.2538878124E+00  3.5028446279E+00 -4.2438391191E+00
           ESP =  -1.1464907407E+00     ESP at Nucleus =  -1.1487081030E+00
           ESPe = -1.3782311147E+01     ESPe at Nucleus = -1.3698462350E+01
           ESPn =  1.2635820406E+01     ESPn at Nucleus =  1.2549754247E+01

CP# 15     Coords =  2.72273950980685E+00  2.23017852159960E+00 -2.37102228010167E+00
           Type = (3,-3) NACP H15
           Rho =  4.2827624803E-01     Rho at Nucleus =  4.2472676079E-01
           GradRho =  1.2508099889E-12  4.4654800826E-12  1.8249364168E-12
           HessRho_EigVals = -6.5238605471E+00 -6.5154901500E+00 -5.9342252993E+00
           HessRho_EigVec1 = -6.4321052041E-01 -1.2956122261E-01  7.5464833931E-01
           HessRho_EigVec2 = -7.2366530400E-01  4.2488682539E-01 -5.4385633525E-01
           HessRho_EigVec3 =  2.5017744546E-01  8.9592693631E-01  3.6705063763E-01
           DelSqRho = -1.8973575996E+01
           Bond Ellipticity = NA
           V = -4.7533476586E+00
           G =  4.9768297635E-03
           K =  4.7483708288E+00
           L =  4.7433939991E+00
           Vnuc =  4.4525951660E+01
           Ven = -1.9069407517E+01
           Vrep =  1.4316059858E+01
           DelSqV =  7.1511442952E+02
           DelSqVen =  8.4481652763E+02
