AIMSum (Version 19.02.13, Professional)
Copyright (c) 1997-2019 by Todd A. Keith
AIMSum is a component of the AIMAll package ( http://aim.tkgristmill.com )

TP:  64-bit Linux

Much of the Quantum Theory of Atoms in Molecules (QTAIM) is described in the book:
  "Atoms in Molecules - A Quantum Theory"
  R.F.W. Bader, Oxford University Press, Oxford, 1990

For additional references see:  http://aim.tkgristmill.com/references.html

Wfn File:  /home/mhennefarth/Documents/ML_Diels/summary-liu2013/2bn-opt/2bn-opt.wfn
Sum File:  /home/mhennefarth/Documents/ML_Diels/summary-liu2013/2bn-opt/2bn-opt.sum

SumViz File:  /home/mhennefarth/Documents/ML_Diels/summary-liu2013/2bn-opt/2bn-opt.sumviz

Wfn Title:   Title Card Required                                                           
 
Total memory allocated for AIMSum =        1.462 Megabytes

Atomic units (a.u.) used throughout, except where stated otherwise

Model:  Restricted SCF
 
Restricted, closed-shell, single-determinant wavefunction.
  Number of electrons (from MO Occs)                   =          92.0000000000
  Number of Alpha electrons (from MO Occs)             =          46.0000000000
  Number of Beta electrons (from MO Occs)              =          46.0000000000
  Number of electron pairs (N*(N-1)/2)                 =        4186.0000000000
  Number of electron pairs (from Muller 2EDM)          =        4186.0000000000
 
Nuclear Charges and Cartesian Coordinates:
-------------------------------------------------------------------------------
Atom      Charge                X                  Y                  Z
-------------------------------------------------------------------------------
C1         6.0           1.2411409100E+00  -2.5935880100E+00  -1.2383922000E-01
H2         1.0           1.6529284600E+00  -3.7289277000E+00  -1.7821171900E+00
C3         6.0           3.1718520700E+00  -7.2583477000E-01   5.8000002000E-01
C4         6.0           3.7843121700E+00  -7.1222950000E-02   2.9598596600E+00
H5         1.0           5.1364640400E+00   1.3979216600E+00   3.4078359000E+00
H6         1.0           2.9016684600E+00  -1.0391555400E+00   4.5314243000E+00
C7         6.0          -9.5469053000E-01  -2.8168967700E+00   1.1332998900E+00
H8         1.0          -1.4418876800E+00  -1.5713875100E+00   2.6884130900E+00
C9         6.0          -2.2156916900E+00   4.5489608100E+00   1.3229573600E+00
C10        6.0          -4.5510829400E+00   3.5656590500E+00   1.3550797900E+00
O11        8.0           4.2781065100E+00   2.4096025000E-01  -1.5589477600E+00
O12        8.0          -2.8485967800E+00  -4.4820439200E+00   7.0550736000E-01
C13        6.0           6.3131219900E+00   1.9535316100E+00  -1.2324919600E+00
H14        1.0           7.8326620700E+00   1.1047451400E+00  -1.0271852000E-01
H15        1.0           7.0100164700E+00   2.3865053400E+00  -3.1257020800E+00
H16        1.0           5.6876423000E+00   3.7048320000E+00  -3.1234255000E-01
C17        6.0          -2.4944437500E+00  -6.2690049900E+00  -1.2686336100E+00
H18        1.0          -4.1732544400E+00  -7.4666101000E+00  -1.2687100900E+00
H19        1.0          -2.3127995900E+00  -5.3245628500E+00  -3.1064445600E+00
H20        1.0          -8.0569253000E-01  -7.4249319900E+00  -9.3032719000E-01
C21        6.0          -1.8784990000E+00   4.2233073500E+00  -1.5087711800E+00
H22        1.0          -3.8447977000E-01   2.9142508600E+00  -2.0949221900E+00
H23        1.0          -1.6969505700E+00   5.9763882800E+00  -2.6018107700E+00
C24        6.0          -4.6149746600E+00   3.0643096400E+00  -1.4702912500E+00
H25        1.0          -6.0309823900E+00   4.1252486700E+00  -2.5515493400E+00
H26        1.0          -4.7154409100E+00   1.0701920700E+00  -2.0259656100E+00
H27        1.0          -9.7414822000E-01   5.3006423100E+00   2.7767076900E+00
H28        1.0          -5.9280908800E+00   3.2281929100E+00   2.8427353800E+00
 
Some Atomic Properties:
----------------------
  q(A) = Net Charge of Atom A
  L(A) = Lagrangian of Atom A = -(1/4) Times Atomic Integral of the Laplacian of the Electron Density
  K(A) = Electronic Kinetic Energy of Atom A (Hamiltonian Form)
  K_Scaled(A) = K(A) * E(Mol)/K(Mol) = Approximation to Virial-Based Total Energy of Atom A.
  |Mu_Intra(A)| = Magnitude of Intraatomic Dipole Moment of Atom A
--------------------------------------------------------------------------------------------------
Atom A          q(A)              L(A)              K(A)          K_Scaled(A)      |Mu_Intra(A)|
--------------------------------------------------------------------------------------------------
C1       -2.9499071500E-02  1.4116330672E-04  3.7718408555E+01 -3.8078358723E+01  1.6112018216E-01
H2        4.9614272060E-02  3.1362381036E-05  5.9489758122E-01 -6.0057474238E-01  1.4711878559E-01
C3        4.9850040710E-01 -2.6673457147E-04  3.7393144650E+01 -3.7749990794E+01  7.1923270946E-01
C4       -1.0523507260E-01 -1.7054152589E-06  3.7696703245E+01 -3.8056446277E+01  2.2843707049E-01
H5        3.3993921810E-02  1.2458474827E-05  5.9844493190E-01 -6.0415594575E-01  1.4806334874E-01
H6        4.3731667980E-02  2.8152159226E-05  5.9352793532E-01 -5.9919202582E-01  1.5004541384E-01
C7        5.0908212850E-01 -1.1691353614E-04  3.7383401413E+01 -3.7740154577E+01  7.5912510826E-01
H8        8.2423395990E-02  1.5207121956E-05  5.8714742475E-01 -5.9275062546E-01  1.4359343467E-01
C9       -7.7952711100E-02  5.5544397731E-05  3.7737315783E+01 -3.8097446384E+01  1.7676897523E-01
C10      -8.4476168900E-02 -6.4671434983E-05  3.7738636202E+01 -3.8098779404E+01  1.7788478019E-01
O11      -1.1044912424E+00  1.7920274950E-05  7.5235569558E+01 -7.5953549369E+01  1.7365458057E-01
O12      -1.1058226706E+00 -8.4915137514E-05  7.5241855288E+01 -7.5959895085E+01  2.1765007146E-01
C13       4.6370776840E-01 -1.8715008502E-04  3.7406219887E+01 -3.7763190810E+01  6.3277165061E-01
H14       2.9867882800E-02  3.2994955695E-05  6.0437050828E-01 -6.1013807043E-01  1.5780149409E-01
H15       4.0786048690E-02  2.6367073940E-05  6.0336692597E-01 -6.0912491084E-01  1.4667764815E-01
H16       2.6174947510E-02  3.1837859036E-05  6.0680599856E-01 -6.1259680282E-01  1.5679153529E-01
C17       4.5355401590E-01 -2.7773542287E-04  3.7412335129E+01 -3.7769364410E+01  6.2930787242E-01
H18       4.6723814670E-02  2.4467577452E-05  6.0105201950E-01 -6.0678791301E-01  1.4529346382E-01
H19       3.2487552100E-02  2.6583157481E-05  6.0389075812E-01 -6.0965374198E-01  1.5534042188E-01
H20       3.3576326650E-02  3.3629621155E-05  6.0295301939E-01 -6.0870705432E-01  1.5633018624E-01
C21       3.5463227000E-03 -9.0185622334E-05  3.7668103806E+01 -3.8027573911E+01  1.7098659204E-01
H22       3.4872155780E-02  2.7894565571E-05  5.9996038313E-01 -6.0568585906E-01  1.3944305768E-01
H23       7.2207722800E-03  2.0502390578E-05  6.0923735121E-01 -6.1505135809E-01  1.5739159140E-01
C24       6.5428279000E-03 -5.5582364842E-05  3.7665014209E+01 -3.8024454829E+01  1.5868653194E-01
H25       8.7393063500E-03  1.9495988872E-05  6.0870376899E-01 -6.1451268384E-01  1.5704428738E-01
H26       1.6188971420E-02  2.1349368498E-05  6.0615532917E-01 -6.1193992403E-01  1.5256530262E-01
H27       4.3903780720E-02  2.1442144142E-05  5.9103783075E-01 -5.9667815796E-01  1.5147787331E-01
H28       4.1764546110E-02  1.8005811099E-05  5.9158341489E-01 -5.9722894866E-01  1.5204718317E-01
--------------------------------------------------------------------------------------------------
Total    -4.7410368000E-04 -5.3921496047E-04  5.3589984291E+02 -5.4101398334E+02
 
1st Largest |L(A)| = 2.7773542287E-04, atom C17     
2nd Largest |L(A)| = 2.6673457147E-04, atom C3      
 
Molecular charge q(Mol) from the wfn file:   0.0000000000E+00
Molecular energy E(Mol) from the wfn file:  -5.4101412864E+02
Molecular virial ratio (-V(Mol)/T(Mol)) from the wfn file:   2.0095430900E+00
Note.  K_Scaled(A) = (1+V(Mol)/T(Mol))*K(A) = (E(Mol)/T(Mol))*K(A)
       Only use K_Scaled(A) data with caution.
 
N_AIMInt(SumA)     =         92.000474
N_Analytic(Mol)    =         91.999983
 
G_AIMInt(SumA)     =        535.900382
G_Analytic(Mol)    =        535.899949
 
K_AIMInt(SumA)     =        535.899843
K_Analytic(Mol)    =        535.899949
 
L_AIMInt(SumA)     =         -0.000539
L_Analytic(Mol)    =          0.000000
 
VenT_AIMInt(SumA)  =      -2631.502873
VenT_Analytic(Mol) =      -2631.495673
 
Some Information About the Atomic Calculations:
----------------------------------------------
  Time(sec) = "Elapsed User Time", in Seconds, for Atom A by AIMInt and, if used, by TWOe
  NProc = Number of Processors Used for AIMInt Job
  BIM = Basin Integration Method
  OAQ = Angular Quadrature Outside of Beta Sphere
  ORQ = Multiple of Default for Radial Quadrature Outside of Beta Sphere
  IAQ = Multiple of Default for Angular Quadrature Inside of Beta Sphere
  IRQ = Multiple of Default for Radial Quadrature Inside of Beta Sphere
  MIR = Maximum Integration Radius
------------------------------------------------------------------------------------------------------
Atom A     Time(sec)   NProc      BIM          OAQ                     ORQ      IAQ      IRQ      MIR
------------------------------------------------------------------------------------------------------
C1             43        8     Proaim(5)    4500(GS4)                  1.00     1.00     1.00    13.00
H2              9        8     Proaim(5)    1800(GS4)                  1.00     1.00     1.00    13.00
C3            100        8     Proaim(5)    4500(GS4)                  1.00     1.00     1.00    13.00
C4             43        8     Proaim(5)    4500(GS4)                  1.00     1.00     1.00    13.00
H5              8        8     Proaim(5)    1800(GS4)                  1.00     1.00     1.00    13.00
H6              8        8     Proaim(5)    1800(GS4)                  1.00     1.00     1.00    13.00
C7             48        8     Proaim(5)    4500(GS4)                  1.00     1.00     1.00    13.00
H8             16        8     Proaim(5)    4500(GS4)                  1.00     1.00     1.00    13.00
C9             65        8     Proaim(5)    4500(GS4)                  1.00     1.00     1.00    13.00
C10            34        8     Proaim(5)    4500(GS4)                  1.00     1.00     1.00    13.00
O11           126        8     Proaim(5)    4500(GS4)                  1.00     1.00     1.00    13.00
O12            28        8     Proaim(5)    4500(GS4)                  1.00     1.00     1.00    13.00
C13            31        8     Proaim(5)    4500(GS4)                  1.00     1.00     1.00    13.00
H14             6        8     Proaim(5)    1800(GS4)                  1.00     1.00     1.00    13.00
H15             6        8     Proaim(5)    1800(GS4)                  1.00     1.00     1.00    13.00
H16             8        8     Proaim(5)    1800(GS4)                  1.00     1.00     1.00    13.00
C17            29        8     Proaim(5)    4500(GS4)                  1.00     1.00     1.00    13.00
H18             6        8     Proaim(5)    1800(GS4)                  1.00     1.00     1.00    13.00
H19             8        8     Proaim(5)    1800(GS4)                  1.00     1.00     1.00    13.00
H20             6        8     Proaim(5)    1800(GS4)                  1.00     1.00     1.00    13.00
C21            96        8     Proaim(5)    4500(GS4)                  1.00     1.00     1.00    13.00
H22            92        8     Proaim(5)    4500(GS4)                  1.00     1.00     1.00    13.00
H23             6        8     Proaim(5)    1800(GS4)                  1.00     1.00     1.00    13.00
C24            30        8     Proaim(5)    4500(GS4)                  1.00     1.00     1.00    13.00
H25             6        8     Proaim(5)    1800(GS4)                  1.00     1.00     1.00    13.00
H26            17        8     Proaim(5)    4500(GS4)                  1.00     1.00     1.00    13.00
H27             8        8     Proaim(5)    1800(GS4)                  1.00     1.00     1.00    13.00
H28             7        8     Proaim(5)    1800(GS4)                  1.00     1.00     1.00    13.00
------------------------------------------------------------------------------------------------------
Total         890
Note:  Total wall clock time is less than total of atomic times if more than one atom
       was calculated at a time
 
Electron Density Critical Point Analysis of Molecular Structure:               
---------------------------------------------------------------                
  NACP = Nuclear Attractor Critical Point                                      
  NNACP = Non-Nuclear Attractor Critical Point                                 
  BCP = Bond Critical Point                                                    
  RCP = Ring Critical Point                                                    
  CCP = Cage Critical Point                                                    
  Rho = Electron Density                                                       
  GradRho = Gradient of Electron Density                                       
  HessRho_EigVals = Eigenvalues of the Hessian of Rho, Ascending Order         
  HessRho_EigVecs = Eigenvectors of the Hessian of Rho                         
  DelSqRho = Laplacian of Rho = Trace of Hessian of Rho                        
  Bond Ellipticity = (HessRho_EigVal(1) / HessRho_EigVal(2)) - 1               
  V = Virial Field = Potential Energy Density = Trace of Stress Tensor         
  G = Lagrangian Form of Kinetic Energy Density                                
  K = Hamiltonian Form of Kinetic Energy Density                               
  L = K - G = Lagrangian Density = (-1/4)DelSqRho                              
  Vnuc = Electrostatic Potential from Nuclei                                   
  Ven = Electron-nuclear attractive contribution to Virial Field V             
  Vrep = V - Ven = Repulsive contribution to Virial Field V                    
  DelSqV = Laplacian of V                                                      
  DelSqVen = Laplacian of Ven                                                  
  DelSqVrep = Laplacian of Vrep                                                
  DelSqG = Laplacian of G                                                      
  DelSqK = Laplacian of K                                                      
  Stress_EigVals = Eigenvalues of Stress Tensor, Ascending Order               
  Stress_EigVecs = Eigenvectors of Stress Tensor                               
  -DivStress = Ehrenfest Force Density = Minus Divergence of Stress Tensor     
  ESP = Total Electrostatic Potential                                          
  ESPe = Electrostatic Potential from Electrons                                
  ESPn = Electrostatic Potential from Nuclei                                   
  BP = Bond Path                                                               
  BPL = Bond Path Length                                                       
  GBL = Geometric Bond Length                                                  
  GBL_I = Distance Between Nuclear Attractors                                  
  GBL_II = Distance Between Nuclei                                             
  GBL_III = Sum of Distances Between BCP and Nuclear Attractors                
  GBL_IV = Sum of Distances Between BCP and Nuclei                             

CP# 1      Coords =  1.24114154745091E+00 -2.59358730690538E+00 -1.23838891718830E-01
           Type = (3,-3) NACP C1
           Rho =  1.1760813238E+02     Rho at Nucleus =  1.1760813231E+02
           GradRho =  1.5053791547E-10  1.4883194677E-10  7.2451211697E-11
           HessRho_EigVals = -1.4491681602E+05 -1.4491667725E+05 -1.4491650631E+05
           HessRho_EigVec1 =  6.0791563677E-01  7.5601042679E-01  2.4266605277E-01
           HessRho_EigVec2 =  5.8430007480E-01 -6.3289303505E-01  5.0797620887E-01
           HessRho_EigVec3 = -5.3761696510E-01  1.6701688770E-01  8.2648252133E-01
           DelSqRho = -4.3474999958E+05
           Bond Ellipticity = NA
           V = -1.0869799237E+05
           G =  5.2462372485E+00
           K =  1.0869274613E+05
           L =  1.0868749989E+05
           Vnuc =  5.9748139894E+06
           Ven = -7.0268671464E+08
           Vrep =  7.0257801665E+08
           DelSqV =  2.4937596920E+09
           DelSqVen =  2.5975511450E+12
           DelSqVrep = -2.5950573197E+12
           DelSqG =  1.3394889774E+08
           DelSqK = -2.6277085898E+09
           Stress_EigVals = -3.6232838595E+04 -3.6232699587E+04 -3.6232454187E+04
           Stress_EigVec1 =  7.4076092711E-01 -9.8232088011E-02 -6.6454774528E-01
           Stress_EigVec2 =  5.2094992111E-01  7.0857490935E-01  4.7595459608E-01
           Stress_EigVec3 = -4.2412784460E-01  6.9876466333E-01 -5.7605860528E-01
           -DivStress = -5.1924129545E+02 -5.7415898041E+02 -2.6743107258E+02
           ESP =  -1.4750384405E+01     ESP at Nucleus =  -1.4750384409E+01
           ESPe = -3.1754070477E+01     ESPe at Nucleus = -3.1754069972E+01
           ESPn =  1.7003686072E+01     ESPn at Nucleus =  1.7003685563E+01

CP# 2      Coords =  1.64570974420245E+00 -3.70982792890001E+00 -1.75387791459465E+00
           Type = (3,-3) NACP H2
           Rho =  4.2510154779E-01     Rho at Nucleus =  4.2142929405E-01
           GradRho = -1.5230872119E-15  4.2101738762E-15  4.8430768944E-15
           HessRho_EigVals = -6.4894711172E+00 -6.4826027650E+00 -5.8917796419E+00
           HessRho_EigVec1 =  8.7576958770E-01  4.7183527966E-01 -1.0197596840E-01
           HessRho_EigVec2 = -4.3808193630E-01  6.8810325262E-01 -5.7844457886E-01
           HessRho_EigVec3 = -2.0276056409E-01  5.5125800003E-01  8.0932241477E-01
           DelSqRho = -1.8863853524E+01
           Bond Ellipticity = NA
           V = -4.7262828212E+00
           G =  5.1597200679E-03
           K =  4.7211231011E+00
           L =  4.7159633810E+00
           Vnuc =  4.5459201939E+01
           Ven = -1.9324777105E+01
           Vrep =  1.4598494284E+01
           DelSqV =  7.1068921993E+02
           DelSqVen =  8.5753572670E+02
           DelSqVrep = -1.4684650677E+02
           DelSqG =  7.0121330904E+01
           DelSqK = -7.8081055083E+02
           Stress_EigVals = -1.6258247052E+00 -1.6255880386E+00 -1.4748700773E+00
           Stress_EigVec1 =  8.2355159915E-01 -3.5008919278E-01  4.4631863130E-01
           Stress_EigVec2 =  5.2892393539E-01  7.5822334554E-01 -3.8123067670E-01
           Stress_EigVec3 = -2.0494446593E-01  5.5003174034E-01  8.0960660231E-01
           -DivStress =  1.6342726961E+00 -4.3203472691E+00 -6.3894620096E+00
           ESP =  -1.1045304559E+00     ESP at Nucleus =  -1.1070031433E+00
           ESPe = -1.7867500025E+01     ESPe at Nucleus = -1.7773696083E+01
           ESPn =  1.6762969569E+01     ESPn at Nucleus =  1.6666692939E+01

CP# 3      Coords =  3.17185361994689E+00 -7.25833494818009E-01  5.79994078878747E-01
           Type = (3,-3) NACP C3
           Rho =  1.1762613826E+02     Rho at Nucleus =  1.1762613541E+02
           GradRho = -2.2234436514E-11  6.3002936201E-12  4.5358161671E-12
           HessRho_EigVals = -1.4491950556E+05 -1.4491893976E+05 -1.4491770395E+05
           HessRho_EigVec1 =  4.4119283745E-01  5.5216967026E-01 -7.0743023361E-01
           HessRho_EigVec2 =  7.3831011144E-01 -6.7145255654E-01 -6.3636810560E-02
           HessRho_EigVec3 =  5.1014415564E-01  4.9422678960E-01  7.0391250942E-01
           DelSqRho = -4.3475614928E+05
           Bond Ellipticity = NA
           V = -1.0869902508E+05
           G =  4.9938827004E+00
           K =  1.0869403120E+05
           L =  1.0868903732E+05
           Vnuc =  9.5680396074E+05
           Ven = -1.1254515498E+08
           Vrep =  1.1243645595E+08
           DelSqV =  2.4937651768E+09
           DelSqVen =  4.1597640397E+11
           DelSqVrep = -4.1348263879E+11
           DelSqG =  1.3392991544E+08
           DelSqK = -2.6276950922E+09
           Stress_EigVals = -3.6233419469E+04 -3.6232840628E+04 -3.6232764987E+04
           Stress_EigVec1 =  4.8680598436E-01  4.7593781948E-01  7.3246373670E-01
           Stress_EigVec2 =  7.0532536908E-01  2.8049537863E-01 -6.5102877532E-01
           Stress_EigVec3 = -5.1530190890E-01  8.3354995925E-01 -1.9914418928E-01
           -DivStress = -1.2528886089E+03 -1.0307278356E+03  4.8151402948E+03
           ESP =  -1.4685778084E+01     ESP at Nucleus =  -1.4685778296E+01
           ESPe = -3.2291909976E+01     ESPe at Nucleus = -3.2291907881E+01
           ESPn =  1.7606131892E+01     ESPn at Nucleus =  1.7606129586E+01

CP# 4      Coords =  3.78431210270910E+00 -7.12225207395164E-02  2.95985980486026E+00
           Type = (3,-3) NACP C4
           Rho =  1.1760561887E+02     Rho at Nucleus =  1.1760561886E+02
           GradRho =  1.7115836526E-11  1.9743373603E-11  2.6475655002E-11
           HessRho_EigVals = -1.4491791339E+05 -1.4491787639E+05 -1.4491783519E+05
           HessRho_EigVec1 = -5.3046404578E-01  3.2858862504E-01  7.8143292202E-01
           HessRho_EigVec2 =  8.2714466104E-01 -1.1725856605E-03  5.6198784218E-01
           HessRho_EigVec3 =  1.8557910939E-01  9.4447241386E-01 -2.7116831235E-01
           DelSqRho = -4.3475362497E+05
           Bond Ellipticity = NA
           V = -1.0869883826E+05
           G =  5.2160073950E+00
           K =  1.0869362225E+05
           L =  1.0868840624E+05
           Vnuc =  1.3100041591E+07
           Ven = -1.5406384986E+09
           Vrep =  1.5405297998E+09
           DelSqV =  2.4937845138E+09
           DelSqVen =  5.6952839209E+12
           DelSqVrep = -5.6927890878E+12
           DelSqG =  1.3395458763E+08
           DelSqK = -2.6277391014E+09
           Stress_EigVals = -3.6233077002E+04 -3.6233037283E+04 -3.6232723973E+04
           Stress_EigVec1 =  2.5533096465E-01  2.5632831693E-01  9.3225634481E-01
           Stress_EigVec2 =  6.1885973734E-01  6.9749064311E-01 -3.6127472687E-01
           Stress_EigVec3 =  7.4284502017E-01 -6.6918054120E-01 -1.9459683851E-02
           -DivStress =  5.2622096479E+01 -3.4780102514E+02 -1.2262568768E+02
           ESP =  -1.4767932766E+01     ESP at Nucleus =  -1.4767932769E+01
           ESPe = -2.9428018826E+01     ESPe at Nucleus = -2.9428019119E+01
           ESPn =  1.4660086060E+01     ESPn at Nucleus =  1.4660086350E+01

CP# 5      Coords =  5.11351417195623E+00  1.37294029840506E+00  3.40001384224103E+00
           Type = (3,-3) NACP H5
           Rho =  4.2493531841E-01     Rho at Nucleus =  4.2128008710E-01
           GradRho = -3.2352592827E-16 -1.0312931065E-15  8.7690271711E-16
           HessRho_EigVals = -6.4687020141E+00 -6.4621572273E+00 -5.8766269860E+00
           HessRho_EigVec1 = -1.6641471944E-01 -1.5157923063E-01  9.7433560850E-01
           HessRho_EigVec2 =  7.3308757014E-01 -6.7985628319E-01  1.9443474918E-02
           HessRho_EigVec3 =  6.5946095841E-01  7.1750900416E-01  2.2425894250E-01
           DelSqRho = -1.8807486227E+01
           Bond Ellipticity = NA
           V = -4.7125257312E+00
           G =  5.3270871876E-03
           K =  4.7071986440E+00
           L =  4.7018715569E+00
           Vnuc =  4.3522509584E+01
           Ven = -1.8494251468E+01
           Vrep =  1.3781725737E+01
           DelSqV =  7.0841623704E+02
           DelSqVen =  8.1854899958E+02
           DelSqVrep = -1.1013276254E+02
           DelSqG =  6.9725731770E+01
           DelSqK = -7.7814196881E+02
           Stress_EigVals = -1.6211153636E+00 -1.6206284430E+00 -1.4707819246E+00
           Stress_EigVec1 =  7.2189394865E-01 -6.8781700780E-01  7.6005859499E-02
           Stress_EigVec2 = -2.1012154585E-01 -1.1322255978E-01  9.7109710530E-01
           Stress_EigVec3 =  6.5933152729E-01  7.1699959256E-01  2.2625985370E-01
           -DivStress =  5.1768032635E+00  5.6358113398E+00  1.7657015549E+00
           ESP =  -1.1152743763E+00     ESP at Nucleus =  -1.1177174924E+00
           ESPe = -1.5912935540E+01     ESPe at Nucleus = -1.5828390933E+01
           ESPn =  1.4797661164E+01     ESPn at Nucleus =  1.4710673440E+01

CP# 6      Coords =  2.91678725962530E+00 -1.02248402663812E+00  4.50446486648760E+00
           Type = (3,-3) NACP H6
           Rho =  4.2355090854E-01     Rho at Nucleus =  4.1984979751E-01
           GradRho =  1.1882855810E-15  2.0114118704E-15 -2.4331665155E-15
           HessRho_EigVals = -6.4412942324E+00 -6.4335672101E+00 -5.8444600946E+00
           HessRho_EigVec1 =  4.8761528814E-01  5.9518637350E-01  6.3873665275E-01
           HessRho_EigVec2 =  7.5991919781E-01 -6.4953202487E-01  2.5118946413E-02
           HessRho_EigVec3 = -4.2983036604E-01 -4.7313986247E-01  7.6901529696E-01
           DelSqRho = -1.8719321537E+01
           Bond Ellipticity = NA
           V = -4.6901598924E+00
           G =  5.1647540845E-03
           K =  4.6849951384E+00
           L =  4.6798303843E+00
           Vnuc =  4.3534145590E+01
           Ven = -1.8438926917E+01
           Vrep =  1.3748767024E+01
           DelSqV =  7.0473207259E+02
           DelSqVen =  8.1492966913E+02
           DelSqVrep = -1.1019759655E+02
           DelSqG =  6.9302483100E+01
           DelSqK = -7.7403455569E+02
           Stress_EigVals = -1.6139744040E+00 -1.6136095602E+00 -1.4625759283E+00
           Stress_EigVec1 =  7.7975724802E-01 -6.2406910829E-01  5.0163554899E-02
           Stress_EigVec2 =  4.5663319232E-01  6.2170325621E-01  6.3637346652E-01
           Stress_EigVec3 = -4.2832786721E-01 -4.7331047876E-01  7.6974828929E-01
           -DivStress = -3.3943292626E+00 -3.7431343782E+00  6.0536613859E+00
           ESP =  -1.1187646768E+00     ESP at Nucleus =  -1.1212434306E+00
           ESPe = -1.6178114774E+01     ESPe at Nucleus = -1.6096908179E+01
           ESPn =  1.5059350097E+01     ESPn at Nucleus =  1.4975664749E+01

CP# 7      Coords = -9.54695342286197E-01 -2.81690128779424E+00  1.13329887671885E+00
           Type = (3,-3) NACP C7
           Rho =  1.1765321337E+02     Rho at Nucleus =  1.1765321014E+02
           GradRho = -6.0516036626E-12  2.9449109817E-11  1.6045026419E-11
           HessRho_EigVals = -1.4495871853E+05 -1.4495835427E+05 -1.4495693188E+05
           HessRho_EigVec1 =  7.1811382924E-01  6.0418542100E-01  3.4535851707E-01
           HessRho_EigVec2 =  3.2047065798E-01 -7.2760448660E-01  6.0653958523E-01
           HessRho_EigVec3 = -6.1774678116E-01  3.2488719292E-01  7.1612654345E-01
           DelSqRho = -4.3487400468E+05
           Bond Ellipticity = NA
           V = -1.0872857617E+05
           G =  5.0374971557E+00
           K =  1.0872353867E+05
           L =  1.0871850117E+05
           Vnuc =  8.9849337701E+05
           Ven = -1.0571063300E+08
           Vrep =  1.0560190442E+08
           DelSqV =  2.4944459764E+09
           DelSqVen =  3.9073141402E+11
           DelSqVrep = -3.8823696753E+11
           DelSqG =  1.3397246110E+08
           DelSqK = -2.6284184375E+09
           Stress_EigVals = -3.6243285871E+04 -3.6242721231E+04 -3.6242569063E+04
           Stress_EigVec1 =  6.4353350173E-01 -2.8951083523E-01 -7.0855353251E-01
           Stress_EigVec2 =  6.0780877357E-01  7.5593695882E-01  2.4316210450E-01
           Stress_EigVec3 = -4.6522373856E-01  5.8714801420E-01 -6.6243798389E-01
           -DivStress =  3.9037017522E+03  3.6632281706E+03  8.2322220984E+02
           ESP =  -1.4686568417E+01     ESP at Nucleus =  -1.4686568629E+01
           ESPe = -3.1618284134E+01     ESPe at Nucleus = -3.1618284379E+01
           ESPn =  1.6931715716E+01     ESPn at Nucleus =  1.6931715749E+01

CP# 8      Coords = -1.43324862082905E+00 -1.59376493311074E+00  2.66078780953468E+00
           Type = (3,-3) NACP H8
           Rho =  4.2913936354E-01     Rho at Nucleus =  4.2507567408E-01
           GradRho =  1.9133999940E-15 -6.2888062813E-15 -8.3440199194E-15
           HessRho_EigVals = -6.5510158151E+00 -6.5381118320E+00 -5.8983973948E+00
           HessRho_EigVec1 =  8.6879388538E-01  4.8035576682E-01 -1.2023111911E-01
           HessRho_EigVec2 = -4.3650299225E-01  6.2829373550E-01 -6.4398145912E-01
           HessRho_EigVec3 = -2.3379974867E-01  6.1196839724E-01  7.5553448518E-01
           DelSqRho = -1.8987525042E+01
           Bond Ellipticity = NA
           V = -4.7551553940E+00
           G =  4.1370667631E-03
           K =  4.7510183273E+00
           L =  4.7468812605E+00
           Vnuc =  4.4591674499E+01
           Ven = -1.9136042814E+01
           Vrep =  1.4380887420E+01
           DelSqV =  7.1349989177E+02
           DelSqVen =  8.4668553622E+02
           DelSqVrep = -1.3318564445E+02
           DelSqG =  7.0372850098E+01
           DelSqK = -7.8387274186E+02
           Stress_EigVals = -1.6401685611E+00 -1.6385040917E+00 -1.4764827412E+00
           Stress_EigVec1 =  8.7502883256E-01  4.7104439786E-01 -1.1154244677E-01
           Stress_EigVec2 = -4.2394747197E-01  6.3450248793E-01 -6.4627790758E-01
           Stress_EigVec3 = -2.3365162784E-01  6.1279994130E-01  7.5490605293E-01
           -DivStress = -1.9648541670E+00  5.0941706488E+00  6.2873737328E+00
           ESP =  -1.1001730723E+00     ESP at Nucleus =  -1.1028671174E+00
           ESPe = -1.8359019998E+01     ESPe at Nucleus = -1.8272995778E+01
           ESPn =  1.7258846926E+01     ESPn at Nucleus =  1.7170128660E+01

CP# 9      Coords = -2.21569042701135E+00  4.54896115007878E+00  1.32295663226636E+00
           Type = (3,-3) NACP C9
           Rho =  1.1771566133E+02     Rho at Nucleus =  1.1771566116E+02
           GradRho =  6.4554761536E-10  2.3458135434E-10 -3.6532421532E-10
           HessRho_EigVals = -1.4505255024E+05 -1.4505179793E+05 -1.4505138011E+05
           HessRho_EigVec1 = -3.8146939629E-01  9.1243701762E-01 -1.4812085797E-01
           HessRho_EigVec2 = -2.6802109859E-02  1.4925278740E-01  9.8843576036E-01
           HessRho_EigVec3 =  9.2399282822E-01  3.8102794429E-01 -3.2480133519E-02
           DelSqRho = -4.3515572828E+05
           Bond Ellipticity = NA
           V = -1.0879908575E+05
           G =  5.0768396692E+00
           K =  1.0879400891E+05
           L =  1.0878893207E+05
           Vnuc =  4.0085843002E+06
           Ven = -4.7187315188E+08
           Vrep =  4.7176435280E+08
           DelSqV =  2.4960751367E+09
           DelSqVen =  1.7443584819E+12
           DelSqVrep = -1.7418624068E+12
           DelSqG =  1.3407596107E+08
           DelSqK = -2.6301510978E+09
           Stress_EigVals = -3.6266656421E+04 -3.6266417855E+04 -3.6266011473E+04
           Stress_EigVec1 =  8.7065468019E-01  4.1008744513E-01  2.7164078341E-01
           Stress_EigVec2 = -3.0818012633E-01  2.4345076639E-02  9.5101647040E-01
           Stress_EigVec3 = -3.8338679894E-01  9.1172123184E-01 -1.4757695556E-01
           -DivStress = -1.0248397393E+03 -2.7387921412E+02  5.9862731264E+02
           ESP =  -1.4754547620E+01     ESP at Nucleus =  -1.4754547638E+01
           ESPe = -2.9504183963E+01     ESPe at Nucleus = -2.9504184271E+01
           ESPn =  1.4749636343E+01     ESPn at Nucleus =  1.4749636633E+01

CP# 10     Coords = -4.55108414992106E+00  3.56565834099279E+00  1.35507907831441E+00
           Type = (3,-3) NACP C10
           Rho =  1.1771229387E+02     Rho at Nucleus =  1.1771229369E+02
           GradRho = -6.1583138589E-10 -3.6904646006E-10 -3.9560144049E-10
           HessRho_EigVals = -1.4504886259E+05 -1.4504819048E+05 -1.4504775912E+05
           HessRho_EigVec1 = -3.8320291393E-01  9.1171999797E-01 -1.4806137934E-01
           HessRho_EigVec2 = -7.1222922808E-02  1.3065424941E-01  9.8886640269E-01
           HessRho_EigVec3 =  9.2091412304E-01  3.8948185119E-01  1.4868273945E-02
           DelSqRho = -4.3514481219E+05
           Bond Ellipticity = NA
           V = -1.0879636370E+05
           G =  5.0803252349E+00
           K =  1.0879128337E+05
           L =  1.0878620305E+05
           Vnuc =  3.8153320209E+06
           Ven = -4.4911148406E+08
           Vrep =  4.4900268770E+08
           DelSqV =  2.4960134447E+09
           DelSqVen =  1.6602220134E+12
           DelSqVrep = -1.6577260000E+12
           DelSqG =  1.3407312002E+08
           DelSqK = -2.6300865647E+09
           Stress_EigVals = -3.6265743990E+04 -3.6265502945E+04 -3.6265116761E+04
           Stress_EigVec1 =  8.9842237629E-01  3.3194683293E-01 -2.8748658038E-01
           Stress_EigVec2 =  2.1217865183E-01  2.4503750363E-01  9.4601101554E-01
           Stress_EigVec3 = -3.8447035451E-01  9.1091597962E-01 -1.4971514480E-01
           -DivStress =  9.8053157433E+02  5.7629490816E+02  5.8579443491E+02
           ESP =  -1.4754664064E+01     ESP at Nucleus =  -1.4754664083E+01
           ESPe = -2.9016083265E+01     ESPe at Nucleus = -2.9016084175E+01
           ESPn =  1.4261419201E+01     ESPn at Nucleus =  1.4261420092E+01

CP# 11     Coords =  4.27810993090130E+00  2.40962982767762E-01 -1.55893871274160E+00
           Type = (3,-3) NACP O11
           Rho =  2.8993524409E+02     Rho at Nucleus =  2.8993521180E+02
           GradRho =  1.5799628272E-10  5.8366644851E-12  5.9252158735E-11
           HessRho_EigVals = -6.3931794365E+05 -6.3930174995E+05 -6.3929267579E+05
           HessRho_EigVec1 =  6.9686020832E-01  5.9061728242E-01 -4.0688705530E-01
           HessRho_EigVec2 =  3.1834459975E-01  2.5365436789E-01  9.1340909644E-01
           HessRho_EigVec3 = -6.4268387709E-01  7.6604874999E-01  1.1258186728E-02
           DelSqRho = -1.9179123694E+06
           Bond Ellipticity = NA
           V = -4.7957199026E+05
           G =  4.6948958157E+01
           K =  4.7952504130E+05
           L =  4.7947809235E+05
           Vnuc =  7.9595223840E+05
           Ven = -2.3077460653E+08
           Vrep =  2.3029503454E+08
           DelSqV =  1.9777754685E+10
           DelSqVen =  1.5265666432E+12
           DelSqVrep = -1.5067888880E+12
           DelSqG =  1.0575491052E+09
           DelSqK = -2.0835303790E+10
           Stress_EigVals = -1.5986014764E+05 -1.5985767076E+05 -1.5985417187E+05
           Stress_EigVec1 = -6.4216833394E-01  7.6647685372E-01  1.1535319616E-02
           Stress_EigVec2 =  3.1427866318E-01  2.4952353446E-01  9.1595137842E-01
           Stress_EigVec3 =  6.9917719697E-01  5.9182027547E-01 -4.0112343334E-01
           -DivStress = -2.2067352685E+04 -1.7600075003E+04 -5.8232240281E+04
           ESP =  -2.2290917021E+01     ESP at Nucleus =  -2.2290918185E+01
           ESPe = -3.7249786646E+01     ESPe at Nucleus = -3.7249776367E+01
           ESPn =  1.4958869624E+01     ESPn at Nucleus =  1.4958858182E+01

CP# 12     Coords = -2.84858822362177E+00 -4.48204398343541E+00  7.05501838333401E-01
           Type = (3,-3) NACP O12
           Rho =  2.8987058492E+02     Rho at Nucleus =  2.8987055178E+02
           GradRho = -6.9070971165E-11 -1.7102275152E-10  2.3458596177E-11
           HessRho_EigVals = -6.3913671684E+05 -6.3912041100E+05 -6.3911229612E+05
           HessRho_EigVec1 =  3.5283668633E-01  7.7141012325E-01  5.2955896227E-01
           HessRho_EigVec2 = -8.3486109114E-01  3.9873511326E-03  5.5044623673E-01
           HessRho_EigVec3 =  4.2250826180E-01 -6.3632579923E-01  6.4542718098E-01
           DelSqRho = -1.9173694240E+06
           Bond Ellipticity = NA
           V = -4.7943632019E+05
           G =  4.6982099585E+01
           K =  4.7938933809E+05
           L =  4.7934235599E+05
           Vnuc =  7.8559570946E+05
           Ven = -2.2772108781E+08
           Vrep =  2.2724165149E+08
           DelSqV =  1.9772107024E+10
           DelSqVen =  1.5062771941E+12
           DelSqVrep = -1.4865050872E+12
           DelSqG =  1.0571809023E+09
           DelSqK = -2.0829287927E+10
           Stress_EigVals = -1.5981477501E+05 -1.5981253563E+05 -1.5980900955E+05
           Stress_EigVec1 =  4.2177794525E-01 -6.3618490021E-01  6.4604344873E-01
           Stress_EigVec2 = -8.3671213083E-01  1.4040878839E-03  5.4764115867E-01
           Stress_EigVec3 =  3.4930813765E-01  7.7153535323E-01  5.3171141015E-01
           -DivStress = -5.5045914097E+04  4.2610919279E+02  3.5531411812E+04
           ESP =  -2.2276580464E+01     ESP at Nucleus =  -2.2276581673E+01
           ESPe = -3.6349144187E+01     ESPe at Nucleus = -3.6349129665E+01
           ESPn =  1.4072563723E+01     ESPn at Nucleus =  1.4072547992E+01

CP# 13     Coords =  6.31311766211445E+00  1.95352805257936E+00 -1.23249252620403E+00
           Type = (3,-3) NACP C13
           Rho =  1.1750392091E+02     Rho at Nucleus =  1.1750391862E+02
           GradRho =  5.3989535065E-11  1.5617063198E-11 -2.8040347821E-12
           HessRho_EigVals = -1.4477670412E+05 -1.4477471299E+05 -1.4477462453E+05
           HessRho_EigVec1 =  7.6658723704E-01  6.3827736840E-01  7.0327867876E-02
           HessRho_EigVec2 = -6.4213787377E-01  7.6167968892E-01  8.6619873902E-02
           HessRho_EigVec3 =  1.7201966389E-03 -1.1156187735E-01  9.9375600046E-01
           DelSqRho = -4.3432604165E+05
           Bond Ellipticity = NA
           V = -1.0859182111E+05
           G =  5.1553514007E+00
           K =  1.0858666576E+05
           L =  1.0858151041E+05
           Vnuc =  1.0655728320E+06
           Ven = -1.2520898577E+08
           Vrep =  1.2510039395E+08
           DelSqV =  2.4913223679E+09
           DelSqVen =  4.6280603085E+11
           DelSqVrep = -4.6031470848E+11
           DelSqG =  1.3380517244E+08
           DelSqK = -2.6251275403E+09
           Stress_EigVals = -3.6197485331E+04 -3.6197454629E+04 -3.6196881155E+04
           Stress_EigVec1 = -1.6937615094E-02 -1.0298004840E-01  9.9453920326E-01
           Stress_EigVec2 = -6.4051591843E-01  7.6490216156E-01  6.8293788023E-02
           Stress_EigVec3 =  7.6775808393E-01  6.3586145730E-01  7.8915978676E-02
           -DivStress =  3.5067911681E+03  2.8825524937E+03  4.6216582171E+02
           ESP =  -1.4689554564E+01     ESP at Nucleus =  -1.4689554697E+01
           ESPe = -2.8198729517E+01     ESPe at Nucleus = -2.8198719571E+01
           ESPn =  1.3509174953E+01     ESPn at Nucleus =  1.3509164875E+01

CP# 14     Coords =  7.80747665476063E+00  1.11855403250507E+00 -1.21248332131617E-01
           Type = (3,-3) NACP H14
           Rho =  4.2800844714E-01     Rho at Nucleus =  4.2445561462E-01
           GradRho = -2.8103604513E-15  6.4379925002E-16 -1.2945373939E-16
           HessRho_EigVals = -6.5238578236E+00 -6.5174771994E+00 -5.9305290918E+00
           HessRho_EigVec1 =  5.0170742868E-01  8.6428710218E-01 -3.6020286230E-02
           HessRho_EigVec2 = -4.5466038471E-01  2.9889152245E-01  8.3901596670E-01
           HessRho_EigVec3 =  7.3591683673E-01 -4.0456354608E-01  5.4291320356E-01
           DelSqRho = -1.8971864115E+01
           Bond Ellipticity = NA
           V = -4.7521840221E+00
           G =  4.6089967013E-03
           K =  4.7475750254E+00
           L =  4.7429660287E+00
           Vnuc =  4.3170368422E+01
           Ven = -1.8477282351E+01
           Vrep =  1.3725098329E+01
           DelSqV =  7.1499397843E+02
           DelSqVen =  8.1902236349E+02
           DelSqVrep = -1.0402838506E+02
           DelSqG =  7.0433578569E+01
           DelSqK = -7.8542755700E+02
           Stress_EigVals = -1.6335894423E+00 -1.6332620371E+00 -1.4853325426E+00
           Stress_EigVec1 =  3.6705932686E-01  9.1235921020E-01  1.8129567596E-01
           Stress_EigVec2 = -5.6855945767E-01  6.5797995590E-02  8.2000656514E-01
           Stress_EigVec3 =  7.3621165004E-01 -4.0406842902E-01  5.4288222573E-01
           -DivStress =  5.7249006083E+00 -3.1379313759E+00  4.2122697491E+00
           ESP =  -1.1095454893E+00     ESP at Nucleus =  -1.1118821786E+00
           ESPe = -1.5023942434E+01     ESPe at Nucleus = -1.4943302222E+01
           ESPn =  1.3914396944E+01     ESPn at Nucleus =  1.3831420043E+01

CP# 15     Coords =  6.99803331572530E+00  2.37903690135671E+00 -3.09356958371252E+00
           Type = (3,-3) NACP H15
