AIMSum (Version 19.02.13, Professional)
Copyright (c) 1997-2019 by Todd A. Keith
AIMSum is a component of the AIMAll package ( http://aim.tkgristmill.com )

TP:  64-bit Linux

Much of the Quantum Theory of Atoms in Molecules (QTAIM) is described in the book:
  "Atoms in Molecules - A Quantum Theory"
  R.F.W. Bader, Oxford University Press, Oxford, 1990

For additional references see:  http://aim.tkgristmill.com/references.html

Wfn File:  /home/mhennefarth/Documents/ML_Diels/summary-liu2013/2bx-opt/2bx-opt.wfn
Sum File:  /home/mhennefarth/Documents/ML_Diels/summary-liu2013/2bx-opt/2bx-opt.sum

SumViz File:  /home/mhennefarth/Documents/ML_Diels/summary-liu2013/2bx-opt/2bx-opt.sumviz

Wfn Title:   Title Card Required                                                           
 
Total memory allocated for AIMSum =        1.432 Megabytes

Atomic units (a.u.) used throughout, except where stated otherwise

Model:  Restricted SCF
 
Restricted, closed-shell, single-determinant wavefunction.
  Number of electrons (from MO Occs)                   =          92.0000000000
  Number of Alpha electrons (from MO Occs)             =          46.0000000000
  Number of Beta electrons (from MO Occs)              =          46.0000000000
  Number of electron pairs (N*(N-1)/2)                 =        4186.0000000000
  Number of electron pairs (from Muller 2EDM)          =        4186.0000000000
 
Nuclear Charges and Cartesian Coordinates:
-------------------------------------------------------------------------------
Atom      Charge                X                  Y                  Z
-------------------------------------------------------------------------------
C1         6.0          -2.4561470200E+00   2.4269259600E+00  -5.2862583000E-01
H2         1.0          -3.2705230400E+00   3.4586021300E+00  -2.1061759800E+00
C3         6.0          -3.9268776000E+00   3.0147092000E-01   4.7263756000E-01
C4         6.0          -3.8661669100E+00  -5.4375429000E-01   2.8759350300E+00
H5         1.0          -4.9012771600E+00  -2.1893677700E+00   3.5120925100E+00
H6         1.0          -2.7643743500E+00   4.6122933000E-01   4.2771090200E+00
C7         6.0          -1.6796051000E-01   3.0826900500E+00   3.4063536000E-01
H8         1.0           7.8668207000E-01   2.0237824300E+00   1.8241727500E+00
C9         6.0           4.0065078400E+00  -2.1022135900E+00  -1.8891548400E+00
H10        1.0           3.2742880100E+00  -1.1228898400E+00  -3.5394575200E+00
C11        6.0           6.2210841900E+00  -2.0480132300E+00  -6.5596740000E-01
H12        1.0           7.9725183600E+00  -1.0109521400E+00  -9.3878368000E-01
C13        6.0           2.8365112500E+00  -4.0631715600E+00  -1.5162468000E-01
H14        1.0           2.3818504300E+00  -5.8842200400E+00  -1.0324755900E+00
H15        1.0           1.1925482800E+00  -3.4359756100E+00   9.4412054000E-01
C16        6.0           5.4320399300E+00  -4.0016388700E+00   1.2960541300E+00
H17        1.0           6.4849204600E+00  -5.7874005600E+00   1.2671380800E+00
H18        1.0           5.3245542400E+00  -3.3392289300E+00   3.2574138700E+00
O19        8.0          -5.4059567300E+00  -6.9568341000E-01  -1.4039985500E+00
O20        8.0           1.1112314700E+00   5.1028335800E+00  -5.8154465000E-01
C21        6.0          -7.0730918200E+00  -2.6852693200E+00  -7.4782662000E-01
H22        1.0          -8.3670645600E+00  -2.1118238400E+00   7.7037531000E-01
H23        1.0          -8.1502352200E+00  -3.1184163600E+00  -2.4529936900E+00
H24        1.0          -6.0334837800E+00  -4.3765847000E+00  -1.4079403000E-01
C25        6.0           3.6063692300E+00   5.4059814700E+00   3.8522116000E-01
H26        1.0           4.4215061200E+00   7.0236811900E+00  -6.0118883000E-01
H27        1.0           3.5754695400E+00   5.7985555800E+00   2.4236801500E+00
H28        1.0           4.7568111800E+00   3.7157625500E+00   3.6409550000E-02
 
Some Atomic Properties:
----------------------
  q(A) = Net Charge of Atom A
  L(A) = Lagrangian of Atom A = -(1/4) Times Atomic Integral of the Laplacian of the Electron Density
  K(A) = Electronic Kinetic Energy of Atom A (Hamiltonian Form)
  K_Scaled(A) = K(A) * E(Mol)/K(Mol) = Approximation to Virial-Based Total Energy of Atom A.
  |Mu_Intra(A)| = Magnitude of Intraatomic Dipole Moment of Atom A
--------------------------------------------------------------------------------------------------
Atom A          q(A)              L(A)              K(A)          K_Scaled(A)      |Mu_Intra(A)|
--------------------------------------------------------------------------------------------------
C1        2.6636433000E-03 -5.1365095734E-05  3.7712911786E+01 -3.8072354303E+01  1.7171238265E-01
H2        6.8196344330E-02  2.5606925312E-05  5.8475041659E-01 -5.9032368451E-01  1.4888332162E-01
C3        5.0571179170E-01 -2.2368308972E-06  3.7384416086E+01 -3.7740727704E+01  7.2456915239E-01
C4       -1.1773563170E-01 -1.1484918861E-04  3.7698071718E+01 -3.8057372794E+01  2.2568758475E-01
H5        3.4610938940E-02 -2.5321660284E-06  5.9827543576E-01 -6.0397761090E-01  1.4799099208E-01
H6        3.7807812590E-02  3.3614106168E-05  5.9582664265E-01 -6.0150547829E-01  1.5096849614E-01
C7        4.9663329690E-01 -1.2714855806E-05  3.7393272220E+01 -3.7749668246E+01  7.6343342519E-01
H8        5.5781181560E-02  5.8609802744E-05  5.9650981701E-01 -6.0219516401E-01  1.5147547538E-01
C9       -7.8918329300E-02 -2.2654200695E-05  3.7738872264E+01 -3.8098562210E+01  1.8421837708E-01
H10       5.4192593830E-02  2.0066891496E-05  5.8705223298E-01 -5.9264743955E-01  1.4848975497E-01
C11      -9.0385901000E-02 -3.7047125187E-05  3.7739502165E+01 -3.8099198115E+01  1.8059954061E-01
H12       4.0799210890E-02  2.1804742587E-05  5.9176078568E-01 -5.9740086957E-01  1.5247103757E-01
C13       4.9332006000E-03 -7.7284682073E-05  3.7667822010E+01 -3.8026834775E+01  1.6785169639E-01
H14       1.3131558230E-02  2.4006767236E-05  6.0701667028E-01 -6.1280215831E-01  1.5563871127E-01
H15       2.7877184040E-02  3.7776544080E-05  6.0046064507E-01 -6.0618364749E-01  1.4932567871E-01
C16       5.1289277000E-03 -7.5180212223E-05  3.7664806993E+01 -3.8023791022E+01  1.5358093587E-01
H17       1.3017126130E-02  2.4701040747E-05  6.0717214405E-01 -6.1295911389E-01  1.5586043036E-01
H18       1.0157309100E-02  2.5427906485E-05  6.0832393837E-01 -6.1412188600E-01  1.5636781930E-01
O19      -1.1016749872E+00  1.1399025008E-04  7.5244514181E+01 -7.5961671150E+01  1.8212412079E-01
O20      -1.1038904076E+00  7.8380090741E-05  7.5241142130E+01 -7.5958266960E+01  2.1514675479E-01
C21       4.6631012200E-01  2.5429944898E-04  3.7404558491E+01 -3.7761062086E+01  6.3512287183E-01
H22       2.9583412380E-02  2.9088454710E-05  6.0439542778E-01 -6.1015593269E-01  1.5793225303E-01
H23       4.1104926620E-02  2.7415288977E-05  6.0339727231E-01 -6.0914826378E-01  1.4662037855E-01
H24       2.4910363230E-02  3.2880918957E-05  6.0689328129E-01 -6.1267759330E-01  1.5753981238E-01
C25       4.5165192250E-01  5.3792420210E-05  3.7412878423E+01 -3.7769461316E+01  6.2335604993E-01
H26       4.6620589810E-02  2.4900329015E-05  6.0063753149E-01 -6.0636221981E-01  1.4510286275E-01
H27       2.3605530670E-02  2.7004664194E-05  6.0726507424E-01 -6.1305292981E-01  1.5687637122E-01
H28       3.8534573290E-02  2.4774203422E-05  6.0132095464E-01 -6.0705215668E-01  1.5056582197E-01
--------------------------------------------------------------------------------------------------
Total     3.5830354000E-04  5.4227643889E-04  5.3590382674E+02 -5.4101153683E+02
 
1st Largest |L(A)| = 2.5429944898E-04, atom C21     
2nd Largest |L(A)| = 1.1484918861E-04, atom C4      
 
Molecular charge q(Mol) from the wfn file:   0.0000000000E+00
Molecular energy E(Mol) from the wfn file:  -5.4101143934E+02
Molecular virial ratio (-V(Mol)/T(Mol)) from the wfn file:   2.0095310200E+00
Note.  K_Scaled(A) = (1+V(Mol)/T(Mol))*K(A) = (E(Mol)/T(Mol))*K(A)
       Only use K_Scaled(A) data with caution.
 
N_AIMInt(SumA)     =         91.999642
N_Analytic(Mol)    =         91.999983
 
G_AIMInt(SumA)     =        535.903284
G_Analytic(Mol)    =        535.903690
 
K_AIMInt(SumA)     =        535.903827
K_Analytic(Mol)    =        535.903690
 
L_AIMInt(SumA)     =          0.000542
L_Analytic(Mol)    =          0.000000
 
VenT_AIMInt(SumA)  =      -2595.336543
VenT_Analytic(Mol) =      -2595.341750
 
Some Information About the Atomic Calculations:
----------------------------------------------
  Time(sec) = "Elapsed User Time", in Seconds, for Atom A by AIMInt and, if used, by TWOe
  NProc = Number of Processors Used for AIMInt Job
  BIM = Basin Integration Method
  OAQ = Angular Quadrature Outside of Beta Sphere
  ORQ = Multiple of Default for Radial Quadrature Outside of Beta Sphere
  IAQ = Multiple of Default for Angular Quadrature Inside of Beta Sphere
  IRQ = Multiple of Default for Radial Quadrature Inside of Beta Sphere
  MIR = Maximum Integration Radius
------------------------------------------------------------------------------------------------------
Atom A     Time(sec)   NProc      BIM          OAQ                     ORQ      IAQ      IRQ      MIR
------------------------------------------------------------------------------------------------------
C1             34        8     Proaim(5)    4500(GS4)                  1.00     1.00     1.00    13.00
H2              8        8     Proaim(5)    1800(GS4)                  1.00     1.00     1.00    13.00
C3             43        8     Proaim(5)    6300(GS6)                  1.00     1.00     1.00    13.00
C4             42        8     Proaim(5)    4500(GS4)                  1.00     1.00     1.00    13.00
H5              9        8     Proaim(5)    1800(GS4)                  1.00     1.00     1.00    13.00
H6              8        8     Proaim(5)    1800(GS4)                  1.00     1.00     1.00    13.00
C7             64        8     Proaim(5)    4500(GS4)                  1.00     1.00     1.00    13.00
H8             21        8     Proaim(5)    1800(GS4)                  1.00     1.00     1.00    13.00
C9             42        8     Proaim(5)    4500(GS4)                  1.00     1.00     1.00    13.00
H10             8        8     Proaim(5)    1800(GS4)                  1.00     1.00     1.00    13.00
C11            32        8     Proaim(5)    4500(GS4)                  1.00     1.00     1.00    13.00
H12             6        8     Proaim(5)    1800(GS4)                  1.00     1.00     1.00    13.00
C13            31        8     Proaim(5)    4500(GS4)                  1.00     1.00     1.00    13.00
H14             7        8     Proaim(5)    1800(GS4)                  1.00     1.00     1.00    13.00
H15            19        8     Proaim(5)    4500(GS4)                  1.00     1.00     1.00    13.00
C16            23        8     Proaim(5)    4500(GS4)                  1.00     1.00     1.00    13.00
H17             6        8     Proaim(5)    1800(GS4)                  1.00     1.00     1.00    13.00
H18             7        8     Proaim(5)    1800(GS4)                  1.00     1.00     1.00    13.00
O19            30        8     Proaim(5)    4500(GS4)                  1.00     1.00     1.00    13.00
O20            19        8     Proaim(5)    4500(GS4)                  1.00     1.00     1.00    13.00
C21            27        8     Proaim(5)    4500(GS4)                  1.00     1.00     1.00    13.00
H22             7        8     Proaim(5)    1800(GS4)                  1.00     1.00     1.00    13.00
H23             5        8     Proaim(5)    1800(GS4)                  1.00     1.00     1.00    13.00
H24             8        8     Proaim(5)    1800(GS4)                  1.00     1.00     1.00    13.00
C25            24        8     Proaim(5)    4500(GS4)                  1.00     1.00     1.00    13.00
H26             5        8     Proaim(5)    1800(GS4)                  1.00     1.00     1.00    13.00
H27             6        8     Proaim(5)    1800(GS4)                  1.00     1.00     1.00    13.00
H28            16        8     Proaim(5)    4500(GS4)                  1.00     1.00     1.00    13.00
------------------------------------------------------------------------------------------------------
Total         557
Note:  Total wall clock time is less than total of atomic times if more than one atom
       was calculated at a time
 
Electron Density Critical Point Analysis of Molecular Structure:               
---------------------------------------------------------------                
  NACP = Nuclear Attractor Critical Point                                      
  NNACP = Non-Nuclear Attractor Critical Point                                 
  BCP = Bond Critical Point                                                    
  RCP = Ring Critical Point                                                    
  CCP = Cage Critical Point                                                    
  Rho = Electron Density                                                       
  GradRho = Gradient of Electron Density                                       
  HessRho_EigVals = Eigenvalues of the Hessian of Rho, Ascending Order         
  HessRho_EigVecs = Eigenvectors of the Hessian of Rho                         
  DelSqRho = Laplacian of Rho = Trace of Hessian of Rho                        
  Bond Ellipticity = (HessRho_EigVal(1) / HessRho_EigVal(2)) - 1               
  V = Virial Field = Potential Energy Density = Trace of Stress Tensor         
  G = Lagrangian Form of Kinetic Energy Density                                
  K = Hamiltonian Form of Kinetic Energy Density                               
  L = K - G = Lagrangian Density = (-1/4)DelSqRho                              
  Vnuc = Electrostatic Potential from Nuclei                                   
  Ven = Electron-nuclear attractive contribution to Virial Field V             
  Vrep = V - Ven = Repulsive contribution to Virial Field V                    
  DelSqV = Laplacian of V                                                      
  DelSqVen = Laplacian of Ven                                                  
  DelSqVrep = Laplacian of Vrep                                                
  DelSqG = Laplacian of G                                                      
  DelSqK = Laplacian of K                                                      
  Stress_EigVals = Eigenvalues of Stress Tensor, Ascending Order               
  Stress_EigVecs = Eigenvectors of Stress Tensor                               
  -DivStress = Ehrenfest Force Density = Minus Divergence of Stress Tensor     
  ESP = Total Electrostatic Potential                                          
  ESPe = Electrostatic Potential from Electrons                                
  ESPn = Electrostatic Potential from Nuclei                                   
  BP = Bond Path                                                               
  BPL = Bond Path Length                                                       
  GBL = Geometric Bond Length                                                  
  GBL_I = Distance Between Nuclear Attractors                                  
  GBL_II = Distance Between Nuclei                                             
  GBL_III = Sum of Distances Between BCP and Nuclear Attractors                
  GBL_IV = Sum of Distances Between BCP and Nuclei                             

CP# 1      Coords = -2.45614749342114E+00  2.42692498774348E+00 -5.28625066578259E-01
           Type = (3,-3) NACP C1
           Rho =  1.1761790181E+02     Rho at Nucleus =  1.1761790168E+02
           GradRho = -1.7333812163E-10 -3.4993463682E-10  2.9903757248E-10
           HessRho_EigVals = -1.4492902561E+05 -1.4492895558E+05 -1.4492867832E+05
           HessRho_EigVec1 =  2.7703841712E-01  9.5681554087E-01 -8.8055301843E-02
           HessRho_EigVec2 =  6.7956256529E-01 -2.5989774777E-01 -6.8603781277E-01
           HessRho_EigVec3 =  6.7929701552E-01 -1.3021974293E-01  7.2221768412E-01
           DelSqRho = -4.3478665951E+05
           Bond Ellipticity = NA
           V = -1.0870717141E+05
           G =  5.2532674160E+00
           K =  1.0870191815E+05
           L =  1.0869666488E+05
           Vnuc =  4.5327119220E+06
           Ven = -5.3312806576E+08
           Vrep =  5.3301935859E+08
           DelSqV =  2.4939694242E+09
           DelSqVen =  1.9707626577E+12
           DelSqVrep = -1.9682686884E+12
           DelSqG =  1.3396035176E+08
           DelSqK = -2.6279297760E+09
           Stress_EigVals = -3.6235904146E+04 -3.6235771188E+04 -3.6235496079E+04
           Stress_EigVec1 =  8.3667801432E-01  3.2727706065E-02  5.4671637767E-01
           Stress_EigVec2 = -3.3133840464E-01 -7.6458035857E-01  5.5283970271E-01
           Stress_EigVec3 = -4.3610177937E-01  6.4369695707E-01  6.2886363029E-01
           -DivStress =  3.8520063629E+02  7.9202661096E+02 -6.2131065110E+02
           ESP =  -1.4755021963E+01     ESP at Nucleus =  -1.4755021969E+01
           ESPe = -3.1087376271E+01     ESPe at Nucleus = -3.1087375349E+01
           ESPn =  1.6332354308E+01     ESPn at Nucleus =  1.6332353380E+01

CP# 2      Coords = -3.25661839868610E+00  3.44091735858710E+00 -2.07908989866994E+00
           Type = (3,-3) NACP H2
           Rho =  4.2208233219E-01     Rho at Nucleus =  4.1836530568E-01
           GradRho =  5.4426949059E-16 -2.9082639075E-15  3.0873741064E-15
           HessRho_EigVals = -6.4399900709E+00 -6.4332174771E+00 -5.8382022075E+00
           HessRho_EigVec1 =  8.0168616945E-01  5.9745571419E-01 -1.8599873420E-02
           HessRho_EigVec2 = -4.4996471716E-01  6.2367680810E-01  6.3918619537E-01
           HessRho_EigVec3 =  3.9348575454E-01 -5.0405744575E-01  7.6882706271E-01
           DelSqRho = -1.8711409756E+01
           Bond Ellipticity = NA
           V = -4.6874772895E+00
           G =  4.8124253083E-03
           K =  4.6826648642E+00
           L =  4.6778524389E+00
           Vnuc =  4.4273463132E+01
           Ven = -1.8687046573E+01
           Vrep =  1.3999569283E+01
           DelSqV =  7.0460586051E+02
           DelSqVen =  8.2841890996E+02
           DelSqVrep = -1.2381304946E+02
           DelSqG =  6.9476770571E+01
           DelSqK = -7.7408263108E+02
           Stress_EigVals = -1.6131563643E+00 -1.6129737539E+00 -1.4613471713E+00
           Stress_EigVec1 = -8.6971736326E-01  6.5805569424E-02  4.8914347084E-01
           Stress_EigVec2 =  2.9674914815E-01  8.6164502417E-01  4.1171324413E-01
           Stress_EigVec3 =  3.9437501329E-01 -5.0322706541E-01  7.6891538516E-01
           -DivStress = -3.1213351629E+00  3.9689264087E+00 -6.0793590680E+00
           ESP =  -1.1123326796E+00     ESP at Nucleus =  -1.1148585092E+00
           ESPe = -1.6984795044E+01     ESPe at Nucleus = -1.6887542106E+01
           ESPn =  1.5872462365E+01     ESPn at Nucleus =  1.5772683597E+01

CP# 3      Coords = -3.92688038942688E+00  3.01469644074403E-01  4.72632205589050E-01
           Type = (3,-3) NACP C3
           Rho =  1.1762239416E+02     Rho at Nucleus =  1.1762239140E+02
           GradRho = -2.3087975975E-11 -3.2620572910E-12  2.5517365998E-12
           HessRho_EigVals = -1.4491345988E+05 -1.4491300160E+05 -1.4491167650E+05
           HessRho_EigVec1 =  5.3914258611E-01  5.6540362524E-01  6.2421471659E-01
           HessRho_EigVec2 = -7.9853572704E-01  5.7875504121E-01  1.6547898633E-01
           HessRho_EigVec3 = -2.6770499525E-01 -5.8767452117E-01  7.6352648460E-01
           DelSqRho = -4.3473813798E+05
           Bond Ellipticity = NA
           V = -1.0869451677E+05
           G =  4.9911373055E+00
           K =  1.0868952563E+05
           L =  1.0868453449E+05
           Vnuc =  9.7234044781E+05
           Ven = -1.1436901141E+08
           Vrep =  1.1426031690E+08
           DelSqV =  2.4936607511E+09
           DelSqVen =  4.2271347456E+11
           DelSqVrep = -4.2021981381E+11
           DelSqG =  1.3392300289E+08
           DelSqK = -2.6275837540E+09
           Stress_EigVals = -3.6231920964E+04 -3.6231346136E+04 -3.6231249670E+04
           Stress_EigVec1 = -2.4092869265E-01 -5.6932360558E-01  7.8601780972E-01
           Stress_EigVec2 =  7.4095464894E-01  4.1518015307E-01  5.2783676332E-01
           Stress_EigVec3 =  6.2684892380E-01 -7.0957457158E-01 -3.2181416081E-01
           -DivStress =  2.2589963856E+03  1.0306636081E+03  4.3394145364E+03
           ESP =  -1.4685578170E+01     ESP at Nucleus =  -1.4685578376E+01
           ESPe = -3.1738924661E+01     ESPe at Nucleus = -3.1738923411E+01
           ESPn =  1.7053346490E+01     ESPn at Nucleus =  1.7053345035E+01

CP# 4      Coords = -3.86616662204024E+00 -5.43754683115609E-01  2.87593512962325E+00
           Type = (3,-3) NACP C4
           Rho =  1.1760077068E+02     Rho at Nucleus =  1.1760077066E+02
           GradRho = -4.0754621899E-12 -1.3977333180E-11  4.1212033786E-12
           HessRho_EigVals = -1.4491250828E+05 -1.4491246831E+05 -1.4491239413E+05
           HessRho_EigVec1 =  4.7663362667E-01 -2.6821141833E-02  8.7869278606E-01
           HessRho_EigVec2 =  7.5594788637E-01  5.2271423266E-01 -3.9409722667E-01
           HessRho_EigVec3 = -4.4873508780E-01  8.5208594480E-01  2.6941856591E-01
           DelSqRho = -4.3473737072E+05
           Bond Ellipticity = NA
           V = -1.0869478488E+05
           G =  5.2211019463E+00
           K =  1.0868956378E+05
           L =  1.0868434268E+05
           Vnuc =  1.2063258939E+07
           Ven = -1.4186485482E+09
           Vrep =  1.4185398534E+09
           DelSqV =  2.4936924273E+09
           DelSqVen =  5.2443490550E+12
           DelSqVrep = -5.2418553625E+12
           DelSqG =  1.3395012765E+08
           DelSqK = -2.6276425549E+09
           Stress_EigVals = -3.6231720180E+04 -3.6231678609E+04 -3.6231386094E+04
           Stress_EigVec1 = -2.6954689623E-02 -3.8015291846E-01  9.2453080170E-01
           Stress_EigVec2 =  5.9646697484E-01  7.3606749047E-01  3.2004967959E-01
           Stress_EigVec3 =  8.0218488682E-01 -5.6007893021E-01 -2.0690819050E-01
           -DivStress = -2.3241277259E+02  3.1902710230E+02 -8.6385872845E+01
           ESP =  -1.4768705153E+01     ESP at Nucleus =  -1.4768705156E+01
           ESPe = -2.9196092151E+01     ESPe at Nucleus = -2.9196092394E+01
           ESPn =  1.4427386998E+01     ESPn at Nucleus =  1.4427387238E+01

CP# 5      Coords = -4.88372987577796E+00 -2.16133333031962E+00  3.50108148228809E+00
           Type = (3,-3) NACP H5
           Rho =  4.2477359101E-01     Rho at Nucleus =  4.2111168970E-01
           GradRho =  5.5790875392E-15  3.7018998977E-15 -7.3552275381E-16
           HessRho_EigVals = -6.4641244695E+00 -6.4573850715E+00 -5.8717831080E+00
           HessRho_EigVec1 = -3.6819176020E-01 -1.3094513252E-01 -9.2048259081E-01
           HessRho_EigVec2 =  7.8150493905E-01 -5.7991574832E-01 -2.3010379198E-01
           HessRho_EigVec3 =  5.0367137893E-01  8.0408401123E-01 -3.1585446795E-01
           DelSqRho = -1.8793292649E+01
           Bond Ellipticity = NA
           V = -4.7090791522E+00
           G =  5.3779949970E-03
           K =  4.7037011572E+00
           L =  4.6983231622E+00
           Vnuc =  4.3267315878E+01
           Ven = -1.8378813139E+01
           Vrep =  1.3669733987E+01
           DelSqV =  7.0782404760E+02
           DelSqVen =  8.1313532943E+02
           DelSqVrep = -1.0531128182E+02
           DelSqG =  6.9648861440E+01
           DelSqK = -7.7747290904E+02
           Stress_EigVals = -1.6200325729E+00 -1.6194883995E+00 -1.4695581798E+00
           Stress_EigVec1 =  7.5773856759E-01 -5.8701115885E-01 -2.8504414145E-01
           Stress_EigVec2 =  4.1562023754E-01  9.7380017504E-02  9.0431020692E-01
           Stress_EigVec3 =  5.0308257904E-01  8.0370083462E-01 -3.1776231226E-01
           -DivStress = -3.9547090922E+00 -6.3198784137E+00  2.4830395305E+00
           ESP =  -1.1159267800E+00     ESP at Nucleus =  -1.1183752028E+00
           ESPe = -1.5695418300E+01     ESPe at Nucleus = -1.5611176764E+01
           ESPn =  1.4579491520E+01     ESPn at Nucleus =  1.4492801561E+01

CP# 6      Coords = -2.78310130736502E+00  4.44039160370381E-01  4.25316286517282E+00
           Type = (3,-3) NACP H6
           Rho =  4.2407118642E-01     Rho at Nucleus =  4.2040400067E-01
           GradRho = -7.5243630770E-17 -6.6786853825E-17  1.7850304568E-15
           HessRho_EigVals = -6.4513206555E+00 -6.4435793971E+00 -5.8577733415E+00
           HessRho_EigVec1 =  2.5205085109E-01  6.8331965474E-01 -6.8523325803E-01
           HessRho_EigVec2 = -8.0542031739E-01  5.4065299079E-01  2.4288362622E-01
           HessRho_EigVec3 =  5.3644056595E-01  4.9068176346E-01  6.8663157967E-01
           DelSqRho = -1.8752673394E+01
           Bond Ellipticity = NA
           V = -4.6986318678E+00
           G =  5.2317596514E-03
           K =  4.6934001082E+00
           L =  4.6881683485E+00
           Vnuc =  4.3702031051E+01
           Ven = -1.8532772157E+01
           Vrep =  1.3834140289E+01
           DelSqV =  7.0618646955E+02
           DelSqVen =  8.1952991496E+02
           DelSqVrep = -1.1334344541E+02
           DelSqG =  6.9463485744E+01
           DelSqK = -7.7564995529E+02
           Stress_EigVals = -1.6165514328E+00 -1.6161422105E+00 -1.4659382246E+00
           Stress_EigVec1 = -8.0935694164E-01  5.3123624864E-01  2.5045835812E-01
           Stress_EigVec2 =  2.4247217558E-01  6.9064093016E-01 -6.8133864536E-01
           Stress_EigVec3 =  5.3492857943E-01  4.9071697924E-01  6.8778503996E-01
           -DivStress =  4.2120268702E+00  3.8664334413E+00  5.3867886235E+00
           ESP =  -1.1184024629E+00     ESP at Nucleus =  -1.1208531513E+00
           ESPe = -1.6186047549E+01     ESPe at Nucleus = -1.6109425168E+01
           ESPn =  1.5067645087E+01     ESPn at Nucleus =  1.4988572017E+01

CP# 7      Coords = -1.67956751282964E-01  3.08269512456939E+00  3.40633773028597E-01
           Type = (3,-3) NACP C7
           Rho =  1.1764572375E+02     Rho at Nucleus =  1.1764572068E+02
           GradRho = -4.1625036751E-13 -3.1857849692E-12 -1.1278755707E-12
           HessRho_EigVals = -1.4494545035E+05 -1.4494494812E+05 -1.4494367139E+05
           HessRho_EigVec1 =  4.4305839927E-01  7.5065478472E-01 -4.9011901516E-01
           HessRho_EigVec2 = -3.5893441160E-01  6.4950850652E-01  6.7030201263E-01
           HessRho_EigVec3 =  8.2150188253E-01 -1.2106235642E-01  5.5720603268E-01
           DelSqRho = -4.3483406985E+05
           Bond Ellipticity = NA
           V = -1.0871859933E+05
           G =  5.0409338582E+00
           K =  1.0871355840E+05
           L =  1.0870851746E+05
           Vnuc =  9.2148448668E+05
           Ven = -1.0840870936E+08
           Vrep =  1.0829999076E+08
           DelSqV =  2.4942135532E+09
           DelSqVen =  4.0069284992E+11
           DelSqVrep = -3.9819863637E+11
           DelSqG =  1.3395618397E+08
           DelSqK = -2.6281697372E+09
           Stress_EigVals = -3.6239950082E+04 -3.6239381166E+04 -3.6239268084E+04
           Stress_EigVec1 =  8.3195241489E-01 -7.1714604169E-02  5.5019287064E-01
           Stress_EigVec2 =  3.3731055393E-01  8.5269889555E-01 -3.9890623426E-01
           Stress_EigVec3 =  4.4054145045E-01 -5.1745686687E-01 -7.3359499819E-01
           -DivStress = -3.0476602330E+03 -4.1172009868E+03  1.2904864271E+03
           ESP =  -1.4687690254E+01     ESP at Nucleus =  -1.4687690456E+01
           ESPe = -3.1359504903E+01     ESPe at Nucleus = -3.1359504799E+01
           ESPn =  1.6671814649E+01     ESPn at Nucleus =  1.6671814343E+01

CP# 8      Coords =  7.70682330475291E-01  2.04235542085457E+00  1.79873715972477E+00
           Type = (3,-3) NACP H8
           Rho =  4.3040037848E-01     Rho at Nucleus =  4.2658117292E-01
           GradRho = -7.3639011555E-16  1.3357370765E-16 -7.6588041464E-16
           HessRho_EigVals = -6.5863146399E+00 -6.5747494973E+00 -5.9580310841E+00
           HessRho_EigVec1 =  7.7384931400E-01  6.3275456871E-01 -2.7908690298E-02
           HessRho_EigVec2 = -4.4138589970E-01  5.7036202524E-01  6.9272335582E-01
           HessRho_EigVec3 =  4.5424192537E-01 -5.2374499132E-01  7.2066320657E-01
           DelSqRho = -1.9119095221E+01
           Bond Ellipticity = NA
           V = -4.7888589631E+00
           G =  4.5425789020E-03
           K =  4.7843163842E+00
           L =  4.7797738053E+00
           Vnuc =  4.5740268202E+01
           Ven = -1.9686628746E+01
           Vrep =  1.4897769783E+01
           DelSqV =  7.1987619768E+02
           DelSqVen =  8.7451254320E+02
           DelSqVrep = -1.5463634552E+02
           DelSqG =  7.1141411142E+01
           DelSqK = -7.9101760882E+02
           Stress_EigVals = -1.6491549255E+00 -1.6476881186E+00 -1.4920159191E+00
           Stress_EigVec1 =  7.8490529755E-01  6.1784971547E-01 -4.6748293794E-02
           Stress_EigVec2 = -4.2020113731E-01  5.8622438999E-01  6.9265573612E-01
           Stress_EigVec3 =  4.5536213950E-01 -5.2402547044E-01  7.1975178238E-01
           -DivStress =  3.6659059454E+00 -4.2571161414E+00  5.8291917928E+00
           ESP =  -1.0925477967E+00     ESP at Nucleus =  -1.0951138292E+00
           ESPe = -1.8524947745E+01     ESPe at Nucleus = -1.8447510279E+01
           ESPn =  1.7432399948E+01     ESPn at Nucleus =  1.7352396450E+01

CP# 9      Coords =  4.00650652751113E+00 -2.10221409536571E+00 -1.88915484328867E+00
           Type = (3,-3) NACP C9
           Rho =  1.1772204714E+02     Rho at Nucleus =  1.1772204700E+02
           GradRho = -5.2797244354E-10 -2.3656332448E-10 -1.9954593533E-12
           HessRho_EigVals = -1.4506136344E+05 -1.4506053587E+05 -1.4506012304E+05
           HessRho_EigVec1 = -3.2952217864E-01  7.3690830697E-01  5.9023832551E-01
           HessRho_EigVec2 = -3.5980737816E-01 -6.7599255742E-01  6.4309619260E-01
           HessRho_EigVec3 =  8.7289964165E-01 -4.5764593110E-04  4.8789958614E-01
           DelSqRho = -4.3518202234E+05
           Bond Ellipticity = NA
           V = -1.0880565698E+05
           G =  5.0756962724E+00
           K =  1.0880058128E+05
           L =  1.0879550559E+05
           Vnuc =  4.2661493450E+06
           Ven = -5.0221983432E+08
           Vrep =  5.0211102866E+08
           DelSqV =  2.4962262417E+09
           DelSqVen =  1.8565518131E+12
           DelSqVrep = -1.8540555869E+12
           DelSqG =  1.3408493545E+08
           DelSqK = -2.6303111771E+09
           Stress_EigVals = -3.6268854843E+04 -3.6268611839E+04 -3.6268190297E+04
           Stress_EigVec1 =  7.2886134823E-01 -1.9088313681E-01  6.5751407829E-01
           Stress_EigVec2 = -5.9500762141E-01 -6.5169853788E-01  4.7037745076E-01
           Stress_EigVec3 = -3.3871384017E-01  7.3406583070E-01  5.8857479616E-01
           -DivStress =  1.0669008451E+03  4.1650631171E+02 -2.7444654516E+00
           ESP =  -1.4747369615E+01     ESP at Nucleus =  -1.4747369631E+01
           ESPe = -2.9485325752E+01     ESPe at Nucleus = -2.9485325772E+01
           ESPn =  1.4737956136E+01     ESPn at Nucleus =  1.4737956141E+01

CP# 10     Coords =  3.28678396533494E+00 -1.13957377616495E+00 -3.51139216721954E+00
           Type = (3,-3) NACP H10
           Rho =  4.2395528825E-01     Rho at Nucleus =  4.2026862868E-01
           GradRho =  2.1085563850E-15 -2.2464669014E-15  5.3711375625E-15
           HessRho_EigVals = -6.4776854470E+00 -6.4723651613E+00 -5.8759863556E+00
           HessRho_EigVec1 =  8.6869690909E-01  4.8639110278E-01 -9.3751668132E-02
           HessRho_EigVec2 = -3.4584378501E-01  7.3105041095E-01  5.8818141166E-01
           HessRho_EigVec3 =  3.5462340097E-01 -4.7852794253E-01  8.0327657236E-01
           DelSqRho = -1.8826036964E+01
           Bond Ellipticity = NA
           V = -4.7153273531E+00
           G =  4.4090560511E-03
           K =  4.7109182970E+00
           L =  4.7065092410E+00
           Vnuc =  4.3679144730E+01
           Ven = -1.8518004395E+01
           Vrep =  1.3802677042E+01
           DelSqV =  7.0923578176E+02
           DelSqVen =  8.2230519324E+02
           DelSqVrep = -1.1306941148E+02
           DelSqG =  7.0003722339E+01
           DelSqK = -7.7923950410E+02
           Stress_EigVals = -1.6224962869E+00 -1.6219524090E+00 -1.4708786572E+00
           Stress_EigVec1 =  8.6948908999E-01  4.8409604941E-01 -9.8182164017E-02
           Stress_EigVec2 = -3.4189747898E-01  7.3328182935E-01  5.8771070486E-01
           Stress_EigVec3 =  3.5650362726E-01 -4.7743981159E-01  8.0309176939E-01
           -DivStress = -2.8233996882E+00  3.7670630348E+00 -6.3381739792E+00
           ESP =  -1.1066207458E+00     ESP at Nucleus =  -1.1091425937E+00
           ESPe = -1.6181237521E+01     ESPe at Nucleus = -1.6105411005E+01
           ESPn =  1.5074616775E+01     ESPn at Nucleus =  1.4996268412E+01

CP# 11     Coords =  6.22108513296169E+00 -2.04801363491745E+00 -6.55966177054437E-01
           Type = (3,-3) NACP C11
           Rho =  1.1771256693E+02     Rho at Nucleus =  1.1771256675E+02
           GradRho =  5.2349102830E-10 -2.5071100751E-10  6.9252092949E-10
           HessRho_EigVals = -1.4504960825E+05 -1.4504895333E+05 -1.4504851413E+05
           HessRho_EigVec1 = -3.4799351959E-01  7.4012057113E-01  5.7543205552E-01
           HessRho_EigVec2 = -3.7198171950E-01 -6.7241876754E-01  6.3990827578E-01
           HessRho_EigVec3 =  8.6054059212E-01  8.6337276357E-03  5.0930869624E-01
           DelSqRho = -4.3514707571E+05
           Bond Ellipticity = NA
           V = -1.0879693019E+05
           G =  5.0806326359E+00
           K =  1.0879184956E+05
           L =  1.0878676893E+05
           Vnuc =  3.7582950071E+06
           Ven = -4.4239855257E+08
           Vrep =  4.4228975564E+08
           DelSqV =  2.4960268146E+09
           DelSqVen =  1.6354111980E+12
           DelSqVrep = -1.6329151548E+12
           DelSqG =  1.3407424295E+08
           DelSqK = -2.6301010575E+09
           Stress_EigVals = -3.6265931764E+04 -3.6265689980E+04 -3.6265308449E+04
           Stress_EigVec1 =  9.3396747377E-01  2.1015718602E-01  2.8903064734E-01
           Stress_EigVec2 = -9.0305132785E-02 -6.4375086509E-01  7.5988802246E-01
           Stress_EigVec3 = -3.4575965775E-01  7.3581164768E-01  5.8226409662E-01
           -DivStress = -7.6209468265E+02  3.3520670329E+02 -9.9658645886E+02
           ESP =  -1.4746604195E+01     ESP at Nucleus =  -1.4746604215E+01
           ESPe = -2.8557006059E+01     ESPe at Nucleus = -2.8557007356E+01
           ESPn =  1.3810401864E+01     ESPn at Nucleus =  1.3810403141E+01

CP# 12     Coords =  7.94312827636711E+00 -1.02838714124021E+00 -9.33957778233027E-01
           Type = (3,-3) NACP H12
           Rho =  4.2479973210E-01     Rho at Nucleus =  4.2119538169E-01
           GradRho = -9.9785631147E-15 -5.0359022508E-15  1.2455314558E-15
           HessRho_EigVals = -6.4931942784E+00 -6.4875525230E+00 -5.8989785201E+00
           HessRho_EigVec1 =  4.0374294975E-01 -4.5708300988E-01  7.9250662622E-01
           HessRho_EigVec2 = -3.3654193378E-01  7.3130662011E-01  5.9323701351E-01
           HessRho_EigVec3 =  8.5072390194E-01  5.0622697425E-01 -1.4143229193E-01
           DelSqRho = -1.8879725321E+01
           Bond Ellipticity = NA
           V = -4.7289700814E+00
           G =  4.5193755297E-03
           K =  4.7244507059E+00
           L =  4.7199313304E+00
           Vnuc =  4.2304381974E+01
           Ven = -1.7970890129E+01
           Vrep =  1.3241920048E+01
           DelSqV =  7.1167981546E+02
           DelSqVen =  7.9869511156E+02
           DelSqVrep = -8.7015296103E+01
           DelSqG =  7.0261099119E+01
           DelSqK = -7.8194091458E+02
           Stress_EigVals = -1.6263854984E+00 -1.6258946044E+00 -1.4766899787E+00
           Stress_EigVec1 =  3.9393361408E-01 -4.4094372039E-01  8.0646447110E-01
           Stress_EigVec2 = -3.4582016224E-01  7.4183738750E-01  5.7453085722E-01
           Stress_EigVec3 =  8.5160127001E-01  5.0521869122E-01 -1.3974745420E-01
           -DivStress =  6.6567702324E+00  3.9478868480E+00 -1.0918362157E+00
           ESP =  -1.1036032651E+00     ESP at Nucleus =  -1.1060820519E+00
           ESPe = -1.4432160691E+01     ESPe at Nucleus = -1.4346426334E+01
           ESPn =  1.3328557426E+01     ESPn at Nucleus =  1.3240344282E+01

CP# 13     Coords =  2.83651227931159E+00 -4.06317125265997E+00 -1.51624819969143E-01
           Type = (3,-3) NACP C13
           Rho =  1.1755005662E+02     Rho at Nucleus =  1.1755005654E+02
           GradRho =  2.6346019810E-10  7.8661410718E-11 -3.9250269701E-11
           HessRho_EigVals = -1.4484933092E+05 -1.4484900307E+05 -1.4484887052E+05
           HessRho_EigVec1 =  4.8529942707E-01 -3.7879024699E-01  7.8803706440E-01
           HessRho_EigVec2 =  6.8032329387E-01  7.2973200628E-01 -6.8201281725E-02
           HessRho_EigVec3 =  5.4922188768E-01 -5.6921801429E-01 -6.1183835308E-01
           DelSqRho = -4.3454720450E+05
           Bond Ellipticity = NA
           V = -1.0864712728E+05
           G =  5.1630759831E+00
           K =  1.0864196420E+05
           L =  1.0863680113E+05
           Vnuc =  5.5386636232E+06
           Ven = -6.5107022252E+08
           Vrep =  6.5096157540E+08
           DelSqV =  2.4926042913E+09
           DelSqVen =  2.4068103209E+12
           DelSqVrep = -2.4043177821E+12
           DelSqG =  1.3388966976E+08
           DelSqK = -2.6264939611E+09
           Stress_EigVals = -3.6215802344E+04 -3.6215760012E+04 -3.6215564922E+04
           Stress_EigVec1 =  5.3980595909E-01 -5.8170264699E-01 -6.0846656195E-01
           Stress_EigVec2 =  7.1150235952E-01  7.0157270801E-01 -3.9498452726E-02
           Stress_EigVec3 =  4.4985988810E-01 -4.1160389436E-01  7.9259593440E-01
           -DivStress = -8.3629726936E+02 -2.4711175348E+02  1.1188540219E+02
           ESP =  -1.4741870763E+01     ESP at Nucleus =  -1.4741870767E+01
           ESPe = -2.9208401037E+01     ESPe at Nucleus = -2.9208400044E+01
           ESPn =  1.4466530274E+01     ESPn at Nucleus =  1.4466529277E+01

CP# 14     Coords =  2.38925789568930E+00 -5.85493074562120E+00 -1.01834767071184E+00
           Type = (3,-3) NACP H14
           Rho =  4.2540007606E-01     Rho at Nucleus =  4.2202966413E-01
           GradRho =  2.6419838539E-15  4.5752247477E-15  2.0356979991E-15
           HessRho_EigVals = -6.4811287440E+00 -6.4807383900E+00 -5.9168638238E+00
           HessRho_EigVec1 =  9.7462967485E-01 -2.0326817933E-01 -9.3696553728E-02
           HessRho_EigVec2 = -3.6657991513E-03 -4.3305832290E-01  9.0135844750E-01
           HessRho_EigVec3 =  2.2379356296E-01  8.7814721786E-01  4.2281663276E-01
           DelSqRho = -1.8878730958E+01
           Bond Ellipticity = NA
           V = -4.7294995361E+00
           G =  4.9083982998E-03
           K =  4.7245911378E+00
           L =  4.7196827395E+00
           Vnuc =  4.4159968842E+01
           Ven = -1.8785654104E+01
           Vrep =  1.4056154568E+01
           DelSqV =  7.1227731363E+02
           DelSqVen =  8.3368417088E+02
           DelSqVrep = -1.2140685725E+02
           DelSqG =  7.0163296007E+01
           DelSqK = -7.8244060963E+02
           Stress_EigVals = -1.6241612991E+00 -1.6238684805E+00 -1.4814697565E+00
           Stress_EigVec1 =  8.9070736417E-01 -7.3053943864E-03 -4.5451845136E-01
           Stress_EigVec2 =  3.9604407057E-01 -4.7832947740E-01  7.8380482597E-01
           Stress_EigVec3 =  2.2313557668E-01  8.7815006819E-01  4.2315832989E-01
           -DivStress = -1.6760102002E+00 -6.6277314346E+00 -3.1975857103E+00
           ESP =  -1.1268996349E+00     ESP at Nucleus =  -1.1291206545E+00
           ESPe = -1.5303329043E+01     ESPe at Nucleus = -1.5218288031E+01
           ESPn =  1.4176429408E+01     ESPn at Nucleus =  1.4089167376E+01

CP# 15     Coords =  1.21955732668330E+00 -3.44620176681406E+00  9.26252939404884E-01
           Type = (3,-3) NACP H15
