AIMSum (Version 19.02.13, Professional)
Copyright (c) 1997-2019 by Todd A. Keith
AIMSum is a component of the AIMAll package ( http://aim.tkgristmill.com )

TP:  64-bit Linux

Much of the Quantum Theory of Atoms in Molecules (QTAIM) is described in the book:
  "Atoms in Molecules - A Quantum Theory"
  R.F.W. Bader, Oxford University Press, Oxford, 1990

For additional references see:  http://aim.tkgristmill.com/references.html

Wfn File:  /home/mhennefarth/Documents/ML_Diels/summary-liu2013/2cx-opt/2cx-opt.wfn
Sum File:  /home/mhennefarth/Documents/ML_Diels/summary-liu2013/2cx-opt/2cx-opt.sum

SumViz File:  /home/mhennefarth/Documents/ML_Diels/summary-liu2013/2cx-opt/2cx-opt.sumviz

Wfn Title:   Title Card Required                                                           
 
Total memory allocated for AIMSum =        1.680 Megabytes

Atomic units (a.u.) used throughout, except where stated otherwise

Model:  Restricted SCF
 
Restricted, closed-shell, single-determinant wavefunction.
  Number of electrons (from MO Occs)                   =         100.0000000000
  Number of Alpha electrons (from MO Occs)             =          50.0000000000
  Number of Beta electrons (from MO Occs)              =          50.0000000000
  Number of electron pairs (N*(N-1)/2)                 =        4950.0000000000
  Number of electron pairs (from Muller 2EDM)          =        4950.0000000000
 
Nuclear Charges and Cartesian Coordinates:
-------------------------------------------------------------------------------
Atom      Charge                X                  Y                  Z
-------------------------------------------------------------------------------
C1         6.0          -2.4425590900E+00   1.5557887700E+00  -2.0805127000E-01
H2         1.0          -2.2101065400E+00   1.9854212200E+00  -2.1997802100E+00
C3         6.0          -4.3934628000E+00  -3.2602230000E-01   4.0018342000E-01
C4         6.0          -4.3181311500E+00  -1.9466273600E+00   2.3606598200E+00
H5         1.0          -2.6681339200E+00  -1.9998349300E+00   3.5696719900E+00
H6         1.0          -5.8451126700E+00  -3.2300018500E+00   2.8148855300E+00
C7         6.0          -1.0855246700E+00   2.7508613100E+00   1.5755174000E+00
H8         1.0          -1.4064052200E+00   2.4279643100E+00   3.5767158900E+00
C9         6.0           4.9667218700E+00  -2.0739169600E+00  -2.6009221700E+00
C10        6.0           6.4105719500E+00  -3.5864189000E-01  -1.4381031400E+00
H11        1.0           7.6491186600E+00   9.8040369000E-01  -2.3842036100E+00
H12        1.0           4.8517513400E+00  -2.3378570300E+00  -4.6352493900E+00
O13        8.0          -6.2983253100E+00  -2.0627467000E-01  -1.3519446000E+00
O14        8.0           7.8821983000E-01   4.4603472400E+00   1.2505052100E+00
C15        6.0          -8.2870200900E+00  -1.9880945300E+00  -1.1412798700E+00
H16        1.0          -9.3591650400E+00  -1.7210514000E+00   6.1524565000E-01
H17        1.0          -9.5271840000E+00  -1.6591867200E+00  -2.7572051700E+00
H18        1.0          -7.5630875100E+00  -3.9322551000E+00  -1.1979592400E+00
C19        6.0           1.4616796500E+00   5.0835342800E+00  -1.2806532200E+00
H20        1.0           2.9811431900E+00   6.4704918300E+00  -1.1398342900E+00
H21        1.0           2.1325008900E+00   3.4069252400E+00  -2.2970973800E+00
H22        1.0          -1.4748556000E-01   5.9151598700E+00  -2.2903376200E+00
C23        6.0           3.4022555800E+00  -3.5933081100E+00  -7.5216229000E-01
H24        1.0           3.4479803600E+00  -5.6304341600E+00  -1.1397413100E+00
H25        1.0           1.4050964800E+00  -3.0225922100E+00  -8.4017352000E-01
C26        6.0           4.6078579100E+00  -2.9209140600E+00   1.8371612200E+00
H27        1.0           3.2088352600E+00  -2.7770785000E+00   3.3537084500E+00
H28        1.0           5.9465356300E+00  -4.4066914200E+00   2.3762383700E+00
C29        6.0           6.0684224700E+00  -4.1328913000E-01   1.4010141700E+00
H30        1.0           4.9735499600E+00   1.2375788900E+00   2.0323379500E+00
H31        1.0           7.8661427100E+00  -3.5576238000E-01   2.4341085400E+00
 
Some Atomic Properties:
----------------------
  q(A) = Net Charge of Atom A
  L(A) = Lagrangian of Atom A = -(1/4) Times Atomic Integral of the Laplacian of the Electron Density
  K(A) = Electronic Kinetic Energy of Atom A (Hamiltonian Form)
  K_Scaled(A) = K(A) * E(Mol)/K(Mol) = Approximation to Virial-Based Total Energy of Atom A.
  |Mu_Intra(A)| = Magnitude of Intraatomic Dipole Moment of Atom A
--------------------------------------------------------------------------------------------------
Atom A          q(A)              L(A)              K(A)          K_Scaled(A)      |Mu_Intra(A)|
--------------------------------------------------------------------------------------------------
C1       -2.7614108900E-02 -1.9573782342E-04  3.7717346088E+01 -3.8080363851E+01  1.6396493419E-01
H2        5.3889484320E-02  1.3531633415E-05  5.9358202265E-01 -5.9929506561E-01  1.4614915687E-01
C3        5.0329971300E-01  2.4276829858E-04  3.7387160517E+01 -3.7747000347E+01  7.2498090313E-01
C4       -1.0902356690E-01 -1.8119540015E-04  3.7697481089E+01 -3.8060307658E+01  2.2689180013E-01
H5        4.0270042290E-02  3.6694775353E-05  5.9471906498E-01 -6.0044305161E-01  1.4985305098E-01
H6        3.5098614860E-02  5.3923959049E-06  5.9810337233E-01 -6.0385993188E-01  1.4779363240E-01
C7        5.1105862520E-01 -2.7505149797E-05  3.7381346143E+01 -3.7741130012E+01  7.5996878313E-01
H8        7.1652955940E-02  3.2275551717E-05  5.9193751321E-01 -5.9763472828E-01  1.4592580875E-01
C9       -7.5420237400E-02  1.1773426595E-04  3.7738681687E+01 -3.8101904799E+01  1.2718830829E-01
C10      -7.8742575500E-02 -6.7950584843E-05  3.7740323784E+01 -3.8103562701E+01  1.2575266015E-01
H11       3.3299055720E-02  2.0427235067E-05  5.9731410367E-01 -6.0306306675E-01  1.5247057176E-01
H12       3.5066248820E-02  2.1615406029E-05  5.9668997471E-01 -6.0243293075E-01  1.5212656512E-01
O13      -1.1017657175E+00  2.0716166687E-04  7.5241968876E+01 -7.5966149501E+01  1.8047888168E-01
O14      -1.1070970536E+00  3.4407431585E-04  7.5234456101E+01 -7.5958564418E+01  2.1149985024E-01
C15       4.6489643400E-01 -3.0081779227E-04  3.7405160099E+01 -3.7765173170E+01  6.3362978509E-01
H16       2.6168719080E-02  2.9065886049E-05  6.0666306315E-01 -6.1250200706E-01  1.5706791554E-01
H17       4.0782988670E-02  2.4889214014E-05  6.0337433915E-01 -6.0918163011E-01  1.4667384602E-01
H18       2.9519003570E-02  3.4728989463E-05  6.0447327327E-01 -6.1029114114E-01  1.5793352696E-01
C19       4.4131254890E-01 -5.1423044709E-05  3.7421306059E+01 -3.7781474529E+01  6.3084233623E-01
H20       4.5430162800E-02  3.0497966007E-05  6.0163064871E-01 -6.0742115720E-01  1.4548736701E-01
H21       4.8168841080E-02  2.8231868853E-05  5.9734309340E-01 -6.0309233549E-01  1.4969968314E-01
H22       3.1682679110E-02  2.4979544792E-05  6.0429238965E-01 -6.1010851657E-01  1.5516530078E-01
C23       1.2762072300E-02  6.8373565638E-05  3.7671826760E+01 -3.8034406414E+01  1.1333241834E-01
H24       3.6824262000E-03  2.9269459801E-05  6.1350123975E-01 -6.1940599900E-01  1.5670955113E-01
H25       2.0090542570E-02 -1.7149103247E-07  6.0620214532E-01 -6.1203665304E-01  1.4942385173E-01
C26       1.5050422700E-02  6.0194637690E-05  3.7662124732E+01 -3.8024611007E+01  8.9280240925E-02
H27       2.2830464800E-03  2.7226111480E-05  6.1457672107E-01 -6.2049183150E-01  1.5620556933E-01
H28      -6.3107910000E-04  3.0982326963E-05  6.1918984294E-01 -6.2514935323E-01  1.5624024587E-01
C29       1.1498385500E-02  9.5073845656E-05  3.7671761955E+01 -3.8034340985E+01  1.1149971313E-01
H30       2.0648255990E-02  3.3983282648E-05  6.0789242499E-01 -6.1374320113E-01  1.4320307556E-01
H31       3.1960325500E-03  2.8894237965E-05  6.1370867597E-01 -6.1961543173E-01  1.5681424095E-01
--------------------------------------------------------------------------------------------------
Total     5.1296275000E-04  7.6326519553E-04  5.7483613780E+02 -5.8036875742E+02
 
1st Largest |L(A)| = 3.4407431585E-04, atom O14     
2nd Largest |L(A)| = 3.0081779227E-04, atom C15     
 
Molecular charge q(Mol) from the wfn file:   0.0000000000E+00
Molecular energy E(Mol) from the wfn file:  -5.8036864078E+02
Molecular virial ratio (-V(Mol)/T(Mol)) from the wfn file:   2.0096246900E+00
Note.  K_Scaled(A) = (1+V(Mol)/T(Mol))*K(A) = (E(Mol)/T(Mol))*K(A)
       Only use K_Scaled(A) data with caution.
 
N_AIMInt(SumA)     =         99.999487
N_Analytic(Mol)    =         99.999982
 
G_AIMInt(SumA)     =        574.835375
G_Analytic(Mol)    =        574.835976
 
K_AIMInt(SumA)     =        574.836138
K_Analytic(Mol)    =        574.835976
 
L_AIMInt(SumA)     =          0.000763
L_Analytic(Mol)    =          0.000000
 
VenT_AIMInt(SumA)  =      -2908.605271
VenT_Analytic(Mol) =      -2908.613911
 
Some Information About the Atomic Calculations:
----------------------------------------------
  Time(sec) = "Elapsed User Time", in Seconds, for Atom A by AIMInt and, if used, by TWOe
  NProc = Number of Processors Used for AIMInt Job
  BIM = Basin Integration Method
  OAQ = Angular Quadrature Outside of Beta Sphere
  ORQ = Multiple of Default for Radial Quadrature Outside of Beta Sphere
  IAQ = Multiple of Default for Angular Quadrature Inside of Beta Sphere
  IRQ = Multiple of Default for Radial Quadrature Inside of Beta Sphere
  MIR = Maximum Integration Radius
------------------------------------------------------------------------------------------------------
Atom A     Time(sec)   NProc      BIM          OAQ                     ORQ      IAQ      IRQ      MIR
------------------------------------------------------------------------------------------------------
C1             60        8     Proaim(5)    4500(GS4)                  1.00     1.00     1.00    13.00
H2             10        8     Proaim(5)    1800(GS4)                  1.00     1.00     1.00    13.00
C3             51        8     Proaim(5)    4500(GS4)                  1.00     1.00     1.00    13.00
C4             41        8     Proaim(5)    4500(GS4)                  1.00     1.00     1.00    13.00
H5             18        8     Proaim(5)    4500(GS4)                  1.00     1.00     1.00    13.00
H6              9        8     Proaim(5)    1800(GS4)                  1.00     1.00     1.00    13.00
C7             44        8     Proaim(5)    4500(GS4)                  1.00     1.00     1.00    13.00
H8              8        8     Proaim(5)    1800(GS4)                  1.00     1.00     1.00    13.00
C9             33        8     Proaim(5)    4500(GS4)                  1.00     1.00     1.00    13.00
C10            42        8     Proaim(5)    4500(GS4)                  1.00     1.00     1.00    13.00
H11             8        8     Proaim(5)    1800(GS4)                  1.00     1.00     1.00    13.00
H12             7        8     Proaim(5)    1800(GS4)                  1.00     1.00     1.00    13.00
O13            26        8     Proaim(5)    4500(GS4)                  1.00     1.00     1.00    13.00
O14            41        8     Proaim(5)    4500(GS4)                  1.00     1.00     1.00    13.00
C15            27        8     Proaim(5)    4500(GS4)                  1.00     1.00     1.00    13.00
H16             7        8     Proaim(5)    1800(GS4)                  1.00     1.00     1.00    13.00
H17             6        8     Proaim(5)    1800(GS4)                  1.00     1.00     1.00    13.00
H18             7        8     Proaim(5)    1800(GS4)                  1.00     1.00     1.00    13.00
C19            36        8     Proaim(5)    4500(GS4)                  1.00     1.00     1.00    13.00
H20             9        8     Proaim(5)    1800(GS4)                  1.00     1.00     1.00    13.00
H21            23        8     Proaim(5)    4500(GS4)                  1.00     1.00     1.00    13.00
H22             7        8     Proaim(5)    1800(GS4)                  1.00     1.00     1.00    13.00
C23            38        8     Proaim(5)    4500(GS4)                  1.00     1.00     1.00    13.00
H24             7        8     Proaim(5)    1800(GS4)                  1.00     1.00     1.00    13.00
H25            25        8     Proaim(5)    4500(GS4)                  1.00     1.00     1.00    13.00
C26            36        8     Proaim(5)    4500(GS4)                  1.00     1.00     1.00    13.00
H27            14        8     Proaim(5)    4500(GS4)                  1.00     1.00     1.00    13.00
H28             7        8     Proaim(5)    1800(GS4)                  1.00     1.00     1.00    13.00
C29            37        8     Proaim(5)    4500(GS4)                  1.00     1.00     1.00    13.00
H30            18        8     Proaim(5)    4500(GS4)                  1.00     1.00     1.00    13.00
H31             8        8     Proaim(5)    1800(GS4)                  1.00     1.00     1.00    13.00
------------------------------------------------------------------------------------------------------
Total         710
Note:  Total wall clock time is less than total of atomic times if more than one atom
       was calculated at a time
 
Electron Density Critical Point Analysis of Molecular Structure:               
---------------------------------------------------------------                
  NACP = Nuclear Attractor Critical Point                                      
  NNACP = Non-Nuclear Attractor Critical Point                                 
  BCP = Bond Critical Point                                                    
  RCP = Ring Critical Point                                                    
  CCP = Cage Critical Point                                                    
  Rho = Electron Density                                                       
  GradRho = Gradient of Electron Density                                       
  HessRho_EigVals = Eigenvalues of the Hessian of Rho, Ascending Order         
  HessRho_EigVecs = Eigenvectors of the Hessian of Rho                         
  DelSqRho = Laplacian of Rho = Trace of Hessian of Rho                        
  Bond Ellipticity = (HessRho_EigVal(1) / HessRho_EigVal(2)) - 1               
  V = Virial Field = Potential Energy Density = Trace of Stress Tensor         
  G = Lagrangian Form of Kinetic Energy Density                                
  K = Hamiltonian Form of Kinetic Energy Density                               
  L = K - G = Lagrangian Density = (-1/4)DelSqRho                              
  Vnuc = Electrostatic Potential from Nuclei                                   
  Ven = Electron-nuclear attractive contribution to Virial Field V             
  Vrep = V - Ven = Repulsive contribution to Virial Field V                    
  DelSqV = Laplacian of V                                                      
  DelSqVen = Laplacian of Ven                                                  
  DelSqVrep = Laplacian of Vrep                                                
  DelSqG = Laplacian of G                                                      
  DelSqK = Laplacian of K                                                      
  Stress_EigVals = Eigenvalues of Stress Tensor, Ascending Order               
  Stress_EigVecs = Eigenvectors of Stress Tensor                               
  -DivStress = Ehrenfest Force Density = Minus Divergence of Stress Tensor     
  ESP = Total Electrostatic Potential                                          
  ESPe = Electrostatic Potential from Electrons                                
  ESPn = Electrostatic Potential from Nuclei                                   
  BP = Bond Path                                                               
  BPL = Bond Path Length                                                       
  GBL = Geometric Bond Length                                                  
  GBL_I = Distance Between Nuclear Attractors                                  
  GBL_II = Distance Between Nuclei                                             
  GBL_III = Sum of Distances Between BCP and Nuclear Attractors                
  GBL_IV = Sum of Distances Between BCP and Nuclei                             

CP# 1      Coords = -2.44255969426810E+00  1.55578807283953E+00 -2.08050864627985E-01
           Type = (3,-3) NACP C1
           Rho =  1.1761093943E+02     Rho at Nucleus =  1.1761093936E+02
           GradRho = -1.0604097808E-10 -1.4184008829E-10  8.7249269008E-11
           HessRho_EigVals = -1.4492064842E+05 -1.4492053743E+05 -1.4492032155E+05
           HessRho_EigVec1 =  7.2411556020E-01  6.3904663900E-01 -2.5937626850E-01
           HessRho_EigVec2 =  6.0665167362E-01 -7.6907985084E-01 -2.0122109711E-01
           HessRho_EigVec3 =  3.2807072770E-01  1.1643719924E-02  9.4458140010E-01
           DelSqRho = -4.3476150740E+05
           Bond Ellipticity = NA
           V = -1.0870087300E+05
           G =  5.2480773491E+00
           K =  1.0869562493E+05
           L =  1.0869037685E+05
           Vnuc =  5.9540539741E+06
           Ven = -7.0026188134E+08
           Vrep =  7.0015318046E+08
           DelSqV =  2.4938258854E+09
           DelSqVen =  2.5885939466E+12
           DelSqVrep = -2.5861001207E+12
           DelSqG =  1.3395278362E+08
           DelSqK = -2.6277786690E+09
           Stress_EigVals = -3.6233802151E+04 -3.6233661802E+04 -3.6233409052E+04
           Stress_EigVec1 =  3.8974084782E-01  2.7442303903E-01  8.7908706463E-01
           Stress_EigVec2 =  6.0830565983E-01  6.3997097516E-01 -4.6946924837E-01
           Stress_EigVec3 = -6.9142338387E-01  7.1772497978E-01  8.2489742613E-02
           -DivStress =  4.9334215300E+02  5.6775659225E+02 -3.3059348752E+02
           ESP =  -1.4749268745E+01     ESP at Nucleus =  -1.4749268748E+01
           ESPe = -3.2482432286E+01     ESPe at Nucleus = -3.2482431932E+01
           ESPn =  1.7733163541E+01     ESPn at Nucleus =  1.7733163184E+01

CP# 2      Coords = -2.21382395857005E+00  1.97824329460524E+00 -2.16573718946095E+00
           Type = (3,-3) NACP H2
           Rho =  4.2505489590E-01     Rho at Nucleus =  4.2135426593E-01
           GradRho = -6.6114550336E-10 -1.2692323069E-09  5.9993967060E-09
           HessRho_EigVals = -6.4886256170E+00 -6.4818659634E+00 -5.8879887517E+00
           HessRho_EigVec1 =  7.2098566115E-01  6.5619599287E-01  2.2268025362E-01
           HessRho_EigVec2 =  6.8404654308E-01 -7.2532031334E-01 -7.7400064307E-02
           HessRho_EigVec3 = -1.1072489929E-01 -2.0812799424E-01  9.7181414617E-01
           DelSqRho = -1.8858480332E+01
           Bond Ellipticity = NA
           V = -4.7248565559E+00
           G =  5.1182364367E-03
           K =  4.7197383195E+00
           L =  4.7146200830E+00
           Vnuc =  4.6476057103E+01
           Ven = -1.9754875613E+01
           Vrep =  1.5030019058E+01
           DelSqV =  7.1035525073E+02
           DelSqVen =  8.7646781883E+02
           DelSqVrep = -1.6611256809E+02
           DelSqG =  7.0089219323E+01
           DelSqK = -7.8044447006E+02
           Stress_EigVals = -1.6255775298E+00 -1.6253670945E+00 -1.4739119315E+00
           Stress_EigVec1 =  1.7504383355E-01 -9.6687797694E-01 -1.8575961359E-01
           Stress_EigVec2 =  9.7852367792E-01  1.4998454694E-01  1.4140738113E-01
           Stress_EigVec3 = -1.0886261110E-01 -2.0652267038E-01  9.7236686416E-01
           -DivStress =  8.3957080976E-01  1.6228022142E+00 -7.7001975376E+00
           ESP =  -1.1041257202E+00     ESP at Nucleus =  -1.1066167850E+00
           ESPe = -1.9000226367E+01     ESPe at Nucleus = -1.8910716384E+01
           ESPn =  1.7896100647E+01     ESPn at Nucleus =  1.7804099599E+01

CP# 3      Coords = -4.39346635279737E+00 -3.26020778772668E-01  4.00178556905928E-01
           Type = (3,-3) NACP C3
           Rho =  1.1762257867E+02     Rho at Nucleus =  1.1762257588E+02
           GradRho =  1.6414196391E-11 -6.5010496986E-13  2.9672792001E-13
           HessRho_EigVals = -1.4491410743E+05 -1.4491359971E+05 -1.4491233037E+05
           HessRho_EigVec1 =  8.6306104878E-01  7.4678775506E-03  5.0504441080E-01
           HessRho_EigVec2 = -3.7858208060E-01  6.7147387253E-01  6.3702311321E-01
           HessRho_EigVec3 =  3.3436691571E-01  7.4099060002E-01 -5.8235014928E-01
           DelSqRho = -4.3474003752E+05
           Bond Ellipticity = NA
           V = -1.0869499213E+05
           G =  4.9913749095E+00
           K =  1.0869000075E+05
           L =  1.0868500938E+05
           Vnuc =  9.6592482633E+05
           Ven = -1.1361456888E+08
           Vrep =  1.1350587388E+08
           DelSqV =  2.4936720379E+09
           DelSqVen =  4.1992619213E+11
           DelSqVrep = -4.1743252009E+11
           DelSqG =  1.3392398695E+08
           DelSqK = -2.6275960249E+09
           Stress_EigVals = -3.6232074909E+04 -3.6231501935E+04 -3.6231415285E+04
           Stress_EigVec1 =  3.0053670460E-01  7.3693090165E-01 -6.0548372017E-01
           Stress_EigVec2 =  7.0668383537E-01  2.5428391321E-01  6.6025574462E-01
           Stress_EigVec3 =  6.4052763095E-01 -6.2631664330E-01 -4.4435550667E-01
           -DivStress =  2.8759935087E+03 -1.2351431474E+03  3.9415816069E+03
           ESP =  -1.4684476962E+01     ESP at Nucleus =  -1.4684477170E+01
           ESPe = -3.2484683126E+01     ESPe at Nucleus = -3.2484682500E+01
           ESPn =  1.7800206164E+01     ESPn at Nucleus =  1.7800205329E+01

CP# 4      Coords = -4.31813139548743E+00 -1.94662731076891E+00  2.36066015812729E+00
           Type = (3,-3) NACP C4
           Rho =  1.1760270395E+02     Rho at Nucleus =  1.1760270394E+02
           GradRho =  2.7142482706E-11 -1.1852546722E-11  2.0040649695E-11
           HessRho_EigVals = -1.4491457968E+05 -1.4491454166E+05 -1.4491449604E+05
           HessRho_EigVec1 =  3.4416764630E-01 -1.7848076540E-01  9.2178807088E-01
           HessRho_EigVec2 =  3.2152026186E-01  9.4481173500E-01  6.2892818524E-02
           HessRho_EigVec3 =  8.8214134494E-01 -2.7472786861E-01 -3.8255881346E-01
           DelSqRho = -4.3474361739E+05
           Bond Ellipticity = NA
           V = -1.0869634137E+05
           G =  5.2185108673E+00
           K =  1.0869112286E+05
           L =  1.0868590435E+05
           Vnuc =  1.4260777031E+07
           Ven = -1.6771059392E+09
           Vrep =  1.6769972429E+09
           DelSqV =  2.4937276942E+09
           DelSqVen =  6.1997852918E+12
           DelSqVrep = -6.1972915641E+12
           DelSqG =  1.3395177343E+08
           DelSqK = -2.6276794677E+09
           Stress_EigVals = -3.6232242422E+04 -3.6232200432E+04 -3.6231898515E+04
           Stress_EigVec1 =  2.4795500103E-02  6.5876293104E-01 -7.5194187532E-01
           Stress_EigVec2 =  9.1821997764E-01  2.8241312554E-01  2.7769569530E-01
           Stress_EigVec3 = -3.9529388541E-01  6.9733365559E-01  5.9788670912E-01
           -DivStress =  1.9787615138E+02 -3.5637506412E+01 -2.7739822515E+02
           ESP =  -1.4767631963E+01     ESP at Nucleus =  -1.4767631966E+01
           ESPe = -2.9896205638E+01     ESPe at Nucleus = -2.9896206125E+01
           ESPn =  1.5128573674E+01     ESPn at Nucleus =  1.5128574159E+01

CP# 5      Coords = -2.69639115459645E+00 -1.99885199760491E+00  3.54902833524428E+00
           Type = (3,-3) NACP H5
           Rho =  4.2389756359E-01     Rho at Nucleus =  4.2021394994E-01
           GradRho = -4.2862848687E-15  1.0538445117E-16 -5.4890987589E-15
           HessRho_EigVals = -6.4494358600E+00 -6.4416679306E+00 -5.8545430313E+00
           HessRho_EigVec1 =  4.4744700134E-01  6.8318897285E-01 -5.7709965203E-01
           HessRho_EigVec2 = -3.8717953662E-01  7.2967552419E-01  5.6361834234E-01
           HessRho_EigVec3 =  8.0615332748E-01 -2.8748161323E-02  5.9100791518E-01
           DelSqRho = -1.8745646822E+01
           Bond Ellipticity = NA
           V = -4.6968293645E+00
           G =  5.2088295114E-03
           K =  4.6916205350E+00
           L =  4.6864117055E+00
           Vnuc =  4.4780702573E+01
           Ven = -1.8982430716E+01
           Vrep =  1.4285601352E+01
           DelSqV =  7.0585228457E+02
           DelSqVen =  8.3944323487E+02
           DelSqVrep = -1.3359095029E+02
           DelSqG =  6.9440074496E+01
           DelSqK = -7.7529235907E+02
           Stress_EigVals = -1.6160473337E+00 -1.6156611820E+00 -1.4651208487E+00
           Stress_EigVec1 = -3.7825319287E-01  7.4137053468E-01  5.5434127791E-01
           Stress_EigVec2 = -4.5501794664E-01 -6.7040073055E-01  5.8610709662E-01
           Stress_EigVec3 =  8.0615332929E-01 -3.0538349352E-02  5.9091811522E-01
           -DivStress =  6.3536002477E+00 -2.2168766670E-01  4.6419743376E+00
           ESP =  -1.1176048221E+00     ESP at Nucleus =  -1.1200614445E+00
           ESPe = -1.7333849389E+01     ESPe at Nucleus = -1.7265736276E+01
           ESPn =  1.6216244567E+01     ESPn at Nucleus =  1.6145674831E+01

CP# 6      Coords = -5.81918543076066E+00 -3.20807449374051E+00  2.80697032506075E+00
           Type = (3,-3) NACP H6
           Rho =  4.2478898955E-01     Rho at Nucleus =  4.2112484703E-01
           GradRho =  4.4907653984E-16  1.6575282813E-15 -1.5415186488E-15
           HessRho_EigVals = -6.4650440902E+00 -6.4584298823E+00 -5.8723898928E+00
           HessRho_EigVec1 =  5.1988929754E-01 -3.3101074713E-01  7.8749412924E-01
           HessRho_EigVec2 = -4.2028182450E-01  7.0346288337E-01  5.7315195168E-01
           HessRho_EigVec3 =  7.4369234654E-01  6.2894503496E-01 -2.2660502354E-01
           DelSqRho = -1.8795863865E+01
           Bond Ellipticity = NA
           V = -4.7096725545E+00
           G =  5.3532940987E-03
           K =  4.7043192604E+00
           L =  4.6989659663E+00
           Vnuc =  4.3664228284E+01
           Ven = -1.8548083412E+01
           Vrep =  1.3838410857E+01
           DelSqV =  7.0791940315E+02
           DelSqVen =  8.2070689060E+02
           DelSqVrep = -1.1278748745E+02
           DelSqG =  6.9664585706E+01
           DelSqK = -7.7758398885E+02
           Stress_EigVals = -1.6202411118E+00 -1.6197232684E+00 -1.4697081743E+00
           Stress_EigVec1 = -4.4410375752E-01  7.1781720162E-01  5.3619988587E-01
           Stress_EigVec2 = -5.0140949239E-01  2.9685392318E-01 -8.1269075868E-01
           Stress_EigVec3 =  7.4253644591E-01  6.2977473222E-01 -2.2808641598E-01
           -DivStress = -5.8450691196E+00 -4.9436796705E+00  1.7856654218E+00
           ESP =  -1.1149778144E+00     ESP at Nucleus =  -1.1174274682E+00
           ESPe = -1.6098478974E+01     ESPe at Nucleus = -1.6010585988E+01
           ESPn =  1.4983501160E+01     ESPn at Nucleus =  1.4893158520E+01

CP# 7      Coords = -1.08551961651817E+00  2.75086549417830E+00  1.57551671566018E+00
           Type = (3,-3) NACP C7
           Rho =  1.1764653870E+02     Rho at Nucleus =  1.1764653555E+02
           GradRho = -1.6654594370E-12 -5.8280741344E-12 -3.8053527343E-12
           HessRho_EigVals = -1.4495005876E+05 -1.4494965276E+05 -1.4494831199E+05
           HessRho_EigVec1 =  6.3397251216E-01  7.2598110407E-01 -2.6651508467E-01
           HessRho_EigVec2 =  7.4884711080E-01 -6.6234706428E-01 -2.2899150145E-02
           HessRho_EigVec3 =  1.9314983422E-01  1.8506161940E-01  9.6355868455E-01
           DelSqRho = -4.3484802351E+05
           Bond Ellipticity = NA
           V = -1.0872208816E+05
           G =  5.0411405515E+00
           K =  1.0871704702E+05
           L =  1.0871200588E+05
           Vnuc =  9.0959562953E+05
           Ven = -1.0701077743E+08
           Vrep =  1.0690205534E+08
           DelSqV =  2.4942972271E+09
           DelSqVen =  3.9553586125E+11
           DelSqVrep = -3.9304156453E+11
           DelSqG =  1.3396405674E+08
           DelSqK = -2.6282612839E+09
           Stress_EigVals = -3.6241111921E+04 -3.6240559360E+04 -3.6240416877E+04
           Stress_EigVec1 =  2.3148394715E-01  2.0596493028E-01  9.5078579591E-01
           Stress_EigVec2 =  7.4267095355E-01  5.9386325001E-01 -3.0946129813E-01
           Stress_EigVec3 = -6.2837491751E-01  7.7775631646E-01 -1.5494361990E-02
           -DivStress = -4.0980559379E+03 -3.3942021763E+03  5.5533238385E+02
           ESP =  -1.4684254865E+01     ESP at Nucleus =  -1.4684255072E+01
           ESPe = -3.2199267451E+01     ESPe at Nucleus = -3.2199265899E+01
           ESPn =  1.7515012586E+01     ESPn at Nucleus =  1.7515010827E+01

CP# 8      Coords = -1.40064343005727E+00  2.43366359141956E+00  3.54150700377063E+00
           Type = (3,-3) NACP H8
           Rho =  4.3048959680E-01     Rho at Nucleus =  4.2650773513E-01
           GradRho =  5.6394776002E-16  1.1722393889E-15  1.2765125328E-15
           HessRho_EigVals = -6.5766984952E+00 -6.5637340003E+00 -5.9309798986E+00
           HessRho_EigVec1 =  7.3508098189E-01  6.3909328903E-01  2.2630889947E-01
           HessRho_EigVec2 =  6.5861703753E-01 -7.5233488219E-01 -1.4690912867E-02
           HessRho_EigVec3 = -1.6087121540E-01 -1.5984990759E-01  9.7394479263E-01
           DelSqRho = -1.9071412394E+01
           Bond Ellipticity = NA
           V = -4.7761723793E+00
           G =  4.1596403640E-03
           K =  4.7720127389E+00
           L =  4.7678530985E+00
           Vnuc =  4.4754259971E+01
           Ven = -1.9266243330E+01
           Vrep =  1.4490070951E+01
           DelSqV =  7.1711868628E+02
           DelSqVen =  8.5352694830E+02
           DelSqVrep = -1.3640826202E+02
           DelSqG =  7.0766263526E+01
           DelSqK = -7.8788494980E+02
           Stress_EigVals = -1.6466152154E+00 -1.6449326027E+00 -1.4846245611E+00
           Stress_EigVec1 = -7.1656139077E-01 -6.5950222245E-01 -2.2714883193E-01
           Stress_EigVec2 = -6.7844606994E-01  7.3461346283E-01  7.3478170551E-03
           Stress_EigVec3 = -1.6202068833E-01 -1.5937339433E-01  9.7383233554E-01
           -DivStress = -1.3184094661E+00 -1.3038810770E+00  8.0483542325E+00
           ESP =  -1.0965937317E+00     ESP at Nucleus =  -1.0992374043E+00
           ESPe = -1.8172692889E+01     ESPe at Nucleus = -1.8074367736E+01
           ESPn =  1.7076099158E+01     ESPn at Nucleus =  1.6975130331E+01

CP# 9      Coords =  4.96672075084207E+00 -2.07391797651390E+00 -2.60092268414688E+00
           Type = (3,-3) NACP C9
           Rho =  1.1770648512E+02     Rho at Nucleus =  1.1770648493E+02
           GradRho = -6.1678395681E-10 -5.9275809543E-10 -2.9984005791E-10
           HessRho_EigVals = -1.4504217866E+05 -1.4504137470E+05 -1.4504102993E+05
           HessRho_EigVec1 =  7.7328080208E-01 -6.3331566704E-01  3.0790696823E-02
           HessRho_EigVec2 =  3.7746709878E-01  4.2078355728E-01 -8.2489986499E-01
           HessRho_EigVec3 =  5.0946578930E-01  6.4950170424E-01  5.6443967413E-01
           DelSqRho = -4.3512458329E+05
           Bond Ellipticity = NA
           V = -1.0879132977E+05
           G =  5.0919717829E+00
           K =  1.0878623779E+05
           L =  1.0878114582E+05
           Vnuc =  3.7572418029E+06
           Ven = -4.4225172637E+08
           Vrep =  4.4214293504E+08
           DelSqV =  2.4958987313E+09
           DelSqVen =  1.6348681830E+12
           DelSqVrep = -1.6323723007E+12
           DelSqG =  1.3406737861E+08
           DelSqK = -2.6299661099E+09
           Stress_EigVals = -3.6264051934E+04 -3.6263858269E+04 -3.6263419564E+04
           Stress_EigVec1 =  4.3728921203E-01  5.5186907971E-01  7.1008356122E-01
           Stress_EigVec2 =  4.8819704663E-01  5.1744006525E-01 -7.0279401145E-01
           Stress_EigVec3 =  7.5527596857E-01 -6.5398493693E-01  4.3149896436E-02
           -DivStress =  9.1068995847E+02  8.2683175146E+02  4.1254445971E+02
           ESP =  -1.4754871221E+01     ESP at Nucleus =  -1.4754871243E+01
           ESPe = -3.0159338606E+01     ESPe at Nucleus = -3.0159339660E+01
           ESPn =  1.5404467385E+01     ESPn at Nucleus =  1.5404468416E+01

CP# 10     Coords =  6.41057260503225E+00 -3.58640703880126E-01 -1.43810218834652E+00
           Type = (3,-3) NACP C10
           Rho =  1.1770807936E+02     Rho at Nucleus =  1.1770807916E+02
           GradRho =  3.9795456795E-10  7.3338413413E-10  5.6286545535E-10
           HessRho_EigVals = -1.4504518509E+05 -1.4504443310E+05 -1.4504407884E+05
           HessRho_EigVec1 =  7.4331467136E-01 -6.6892935921E-01  4.1002104841E-03
           HessRho_EigVec2 =  2.4003403145E-01  2.6099472146E-01 -9.3502161425E-01
           HessRho_EigVec3 =  6.2439327597E-01  6.9599947397E-01  3.5456701646E-01
           DelSqRho = -4.3513369702E+05
           Bond Ellipticity = NA
           V = -1.0879361603E+05
           G =  5.0958892459E+00
           K =  1.0878852014E+05
           L =  1.0878342425E+05
           Vnuc =  3.6236953497E+06
           Ven = -4.2653821981E+08
           Vrep =  4.2642942619E+08
           DelSqV =  2.4959520560E+09
           DelSqVen =  1.5767919514E+12
           DelSqVrep = -1.5742959832E+12
           DelSqG =  1.3407123081E+08
           DelSqK = -2.6300232868E+09
           Stress_EigVals = -3.6264811391E+04 -3.6264615164E+04 -3.6264189479E+04
           Stress_EigVec1 =  6.5036835896E-01  7.3999553136E-01  1.7154477911E-01
           Stress_EigVec2 =  1.4165717887E-01  1.0371802395E-01 -9.8446727482E-01
           Stress_EigVec3 =  7.4629366964E-01 -6.6456691543E-01  3.7370758321E-02
           -DivStress = -5.2932389504E+02 -9.6184848935E+02 -7.7743211667E+02
           ESP =  -1.4754972759E+01     ESP at Nucleus =  -1.4754972783E+01
           ESPe = -3.0071755970E+01     ESPe at Nucleus = -3.0071757157E+01
           ESPn =  1.5316783211E+01     ESPn at Nucleus =  1.5316784374E+01

CP# 11     Coords =  7.62833785516603E+00  9.58004663484911E-01 -2.36821141636119E+00
           Type = (3,-3) NACP H11
           Rho =  4.2657005081E-01     Rho at Nucleus =  4.2296037074E-01
           GradRho = -2.2786564968E-09 -2.4564879164E-09  1.7556786214E-09
           HessRho_EigVals = -6.5111555852E+00 -6.5051794694E+00 -5.9166593436E+00
           HessRho_EigVec1 =  2.5263508421E-01  3.9694255298E-01  8.8239000666E-01
           HessRho_EigVec2 = -7.5745735704E-01  6.4857466387E-01 -7.4894977495E-02
           HessRho_EigVec3 =  6.0202480554E-01  6.4945170338E-01 -4.6451977190E-01
           DelSqRho = -1.8932994398E+01
           Bond Ellipticity = NA
           V = -4.7424625297E+00
           G =  4.6069650507E-03
           K =  4.7378555646E+00
           L =  4.7332485996E+00
           Vnuc =  4.3575871383E+01
           Ven = -1.8588161670E+01
           Vrep =  1.3845699140E+01
           DelSqV =  7.1353585302E+02
           DelSqVen =  8.2502173514E+02
           DelSqVrep = -1.1148588212E+02
           DelSqG =  7.0367722818E+01
           DelSqK = -7.8390357584E+02
           Stress_EigVals = -1.6310727715E+00 -1.6304351696E+00 -1.4809545885E+00
           Stress_EigVec1 =  3.0552484618E-01  3.4776510295E-01  8.8640510013E-01
           Stress_EigVec2 = -7.3707462901E-01  6.7572096269E-01 -1.1053137562E-02
           Stress_EigVec3 =  6.0280640312E-01  6.4996970218E-01 -4.6277837743E-01
           -DivStress =  4.7189624111E+00  5.0862055528E+00 -3.6301374938E+00
           ESP =  -1.1128193114E+00     ESP at Nucleus =  -1.1152687728E+00
           ESPe = -1.5691712674E+01     ESPe at Nucleus = -1.5600116969E+01
           ESPn =  1.4578893362E+01     ESPn at Nucleus =  1.4484848196E+01

CP# 12     Coords =  4.85359095202297E+00 -2.33348837210521E+00 -4.60102794350322E+00
           Type = (3,-3) NACP H12
           Rho =  4.2643612220E-01     Rho at Nucleus =  4.2281532825E-01
           GradRho =  3.4599231589E-10  8.2336294790E-10  6.4700261202E-09
           HessRho_EigVals = -6.5086825699E+00 -6.5027292018E+00 -5.9130892839E+00
           HessRho_EigVec1 =  6.8477571262E-01  7.1753797980E-01 -1.2736353851E-01
           HessRho_EigVec2 =  7.2683977218E-01 -6.8512437708E-01  4.8047200802E-02
           HessRho_EigVec3 =  5.2784173584E-02  1.2547444148E-01  9.9069167532E-01
           DelSqRho = -1.8924501056E+01
           Bond Ellipticity = NA
           V = -4.7403275894E+00
           G =  4.6011627641E-03
           K =  4.7357264266E+00
           L =  4.7311252639E+00
           Vnuc =  4.3647981769E+01
           Ven = -1.8613076087E+01
           Vrep =  1.3872748498E+01
           DelSqV =  7.1315940133E+02
           DelSqVen =  8.2601628796E+02
           DelSqVrep = -1.1285688663E+02
           DelSqG =  7.0326976710E+01
           DelSqK = -7.8348637804E+02
           Stress_EigVals = -1.6304554128E+00 -1.6298181011E+00 -1.4800540755E+00
           Stress_EigVec1 =  6.2748805024E-01  7.6725385264E-01 -1.3259061966E-01
           Stress_EigVec2 =  7.7675966311E-01 -6.2862489069E-01  3.8407975430E-02
           Stress_EigVec3 =  5.3881096673E-02  1.2709159068E-01  9.9042645108E-01
           -DivStress = -4.1828183247E-01 -9.9237616650E-01 -7.7666932454E+00
           ESP =  -1.1134114402E+00     ESP at Nucleus =  -1.1158690594E+00
           ESPe = -1.5816308442E+01     ESPe at Nucleus = -1.5725099467E+01
           ESPn =  1.4702897002E+01     ESPn at Nucleus =  1.4609230408E+01

CP# 13     Coords = -6.29832560549617E+00 -2.06281654434204E-01 -1.35193737389754E+00
           Type = (3,-3) NACP O13
           Rho =  2.8991828487E+02     Rho at Nucleus =  2.8991825256E+02
           GradRho =  1.5585882585E-10  3.4051095277E-12 -4.3571340980E-11
           HessRho_EigVals = -6.3927242574E+05 -6.3925616466E+05 -6.3924701604E+05
           HessRho_EigVec1 =  8.6253956712E-01  3.6529457112E-01  3.5012193800E-01
           HessRho_EigVec2 = -1.4403251477E-02 -6.7394884293E-01  7.3863759954E-01
           HessRho_EigVec3 = -5.0578458014E-01  6.4214704968E-01  5.7604611367E-01
           DelSqRho = -1.9177756064E+06
           Bond Ellipticity = NA
           V = -4.7953783447E+05
           G =  4.6966430480E+01
           K =  4.7949086804E+05
           L =  4.7944390161E+05
           Vnuc =  7.9570500149E+05
           Ven = -2.3068942929E+08
           Vrep =  2.3020989146E+08
           DelSqV =  1.9776335359E+10
           DelSqVen =  1.5259836426E+12
           DelSqVrep = -1.5062073073E+12
           DelSqG =  1.0574591355E+09
           DelSqK = -2.0833794495E+10
           Stress_EigVals = -1.5984877977E+05 -1.5984628464E+05 -1.5984277005E+05
           Stress_EigVec1 = -5.0630123382E-01  6.4046100962E-01  5.7746753657E-01
           Stress_EigVec2 = -8.5776776029E-03 -6.7334593945E-01  7.3927780251E-01
           Stress_EigVec3 =  8.6231402869E-01  3.6934393319E-01  3.4640954799E-01
           -DivStress =  1.9351291212E+03  4.4972653179E+04 -4.6494244524E+04
           ESP =  -2.2291369255E+01     ESP at Nucleus =  -2.2291370426E+01
           ESPe = -3.6999018096E+01     ESPe at Nucleus = -3.6999007109E+01
           ESPn =  1.4707648841E+01     ESPn at Nucleus =  1.4707636683E+01

CP# 14     Coords =  7.88215044254944E-01  4.46034289178124E+00  1.25049741840530E+00
           Type = (3,-3) NACP O14
           Rho =  2.8987299363E+02     Rho at Nucleus =  2.8987296087E+02
           GradRho =  5.0807830165E-12 -1.4245547797E-10 -3.9927615034E-11
           HessRho_EigVals = -6.3914271916E+05 -6.3912653475E+05 -6.3911850018E+05
           HessRho_EigVec1 = -5.7749495131E-01 -5.2829409058E-01  6.2241861723E-01
           HessRho_EigVec2 =  4.8549456999E-01  3.9070685336E-01  7.8207619657E-01
           HessRho_EigVec3 = -6.5634945244E-01  7.5382591399E-01  3.0852677073E-02
           DelSqRho = -1.9173877541E+06
           Bond Ellipticity = NA
           V = -4.7944089029E+05
           G =  4.6975882934E+01
           K =  4.7939391441E+05
           L =  4.7934693852E+05
           Vnuc =  7.9012450352E+05
           Ven = -2.2903575518E+08
           Vrep =  2.2855631429E+08
           DelSqV =  1.9772296633E+10
           DelSqVen =  1.5149750461E+12
           DelSqVrep = -1.4952027498E+12
