AIMSum (Version 19.02.13, Professional)
Copyright (c) 1997-2019 by Todd A. Keith
AIMSum is a component of the AIMAll package ( http://aim.tkgristmill.com )

TP:  64-bit Linux

Much of the Quantum Theory of Atoms in Molecules (QTAIM) is described in the book:
  "Atoms in Molecules - A Quantum Theory"
  R.F.W. Bader, Oxford University Press, Oxford, 1990

For additional references see:  http://aim.tkgristmill.com/references.html

Wfn File:  /home/mhennefarth/Documents/ML_Diels/summary-liu2013/2cn-opt/2cn-opt.wfn
Sum File:  /home/mhennefarth/Documents/ML_Diels/summary-liu2013/2cn-opt/2cn-opt.sum

SumViz File:  /home/mhennefarth/Documents/ML_Diels/summary-liu2013/2cn-opt/2cn-opt.sumviz

Wfn Title:   Title Card Required                                                           
 
Total memory allocated for AIMSum =        1.713 Megabytes

Atomic units (a.u.) used throughout, except where stated otherwise

Model:  Restricted SCF
 
Restricted, closed-shell, single-determinant wavefunction.
  Number of electrons (from MO Occs)                   =         100.0000000000
  Number of Alpha electrons (from MO Occs)             =          50.0000000000
  Number of Beta electrons (from MO Occs)              =          50.0000000000
  Number of electron pairs (N*(N-1)/2)                 =        4950.0000000000
  Number of electron pairs (from Muller 2EDM)          =        4950.0000000000
 
Nuclear Charges and Cartesian Coordinates:
-------------------------------------------------------------------------------
Atom      Charge                X                  Y                  Z
-------------------------------------------------------------------------------
C1         6.0          -2.2962753900E+00   1.9391511500E+00  -1.1944813300E+00
H2         1.0          -2.0515406300E+00   1.6405366400E+00  -3.2116931000E+00
C3         6.0          -4.4083062700E+00   6.2896366000E-01   3.3319710000E-02
C4         6.0          -5.7699708500E+00   1.5325524100E+00   1.9833687500E+00
H5         1.0          -5.4219925500E+00   3.4303361500E+00   2.6641074400E+00
H6         1.0          -7.2357732100E+00   4.5758839000E-01   2.9225695600E+00
C7         6.0          -6.3781568000E-01   3.3842025000E+00   6.2074110000E-02
H8         1.0          -7.2520222000E-01   3.6238629100E+00   2.1079103300E+00
C9         6.0           5.4599921600E+00  -2.0843674300E+00   2.0272952300E+00
C10        6.0           6.1541533600E+00  -1.4864753800E+00  -3.2655678000E-01
O11        8.0          -4.7962904900E+00  -1.6654306500E+00  -1.1132487300E+00
O12        8.0           1.2168425000E+00   4.6800468400E+00  -1.1438169400E+00
C13        6.0          -6.8559286700E+00  -3.1484506500E+00  -2.5492130000E-01
H14        1.0          -8.6443365000E+00  -2.1078579400E+00  -4.1173848000E-01
H15        1.0          -6.9099739100E+00  -4.8147035200E+00  -1.4702499700E+00
H16        1.0          -6.5919613300E+00  -3.7414241400E+00   1.7160344400E+00
C17        6.0           3.2730401600E+00   5.4582468000E+00   4.1277827000E-01
H18        1.0           4.4632321800E+00   6.6710481000E+00  -7.5698052000E-01
H19        1.0           2.6004683400E+00   6.5403323300E+00   2.0523730900E+00
H20        1.0           4.3712541700E+00   3.8247242700E+00   1.0624980600E+00
H21        1.0           6.5843227400E+00  -1.7436816000E+00   3.7133728700E+00
H22        1.0           7.9285783100E+00  -5.8680414000E-01  -8.4154538000E-01
C23        6.0           2.8494893800E+00  -3.2473904200E+00   2.1143521300E+00
H24        1.0           2.7688969800E+00  -4.9556491100E+00   3.2887422500E+00
H25        1.0           1.4800292100E+00  -1.9129792800E+00   2.9317388700E+00
C26        6.0           4.1317354100E+00  -2.1306425300E+00  -2.2421543400E+00
H27        1.0           3.2226029600E+00  -3.9807506000E-01  -2.9431003000E+00
H28        1.0           4.8846869100E+00  -3.1126517900E+00  -3.9070734200E+00
C29        6.0           2.2636233400E+00  -3.7974826600E+00  -7.0884570000E-01
H30        1.0           2.8813536000E-01  -3.4270146800E+00  -1.1883251800E+00
H31        1.0           2.6417353300E+00  -5.7943617000E+00  -1.1094876200E+00
 
Some Atomic Properties:
----------------------
  q(A) = Net Charge of Atom A
  L(A) = Lagrangian of Atom A = -(1/4) Times Atomic Integral of the Laplacian of the Electron Density
  K(A) = Electronic Kinetic Energy of Atom A (Hamiltonian Form)
  K_Scaled(A) = K(A) * E(Mol)/K(Mol) = Approximation to Virial-Based Total Energy of Atom A.
  |Mu_Intra(A)| = Magnitude of Intraatomic Dipole Moment of Atom A
--------------------------------------------------------------------------------------------------
Atom A          q(A)              L(A)              K(A)          K_Scaled(A)      |Mu_Intra(A)|
--------------------------------------------------------------------------------------------------
C1        1.8949182000E-03 -1.0402742177E-04  3.7715703966E+01 -3.8078526775E+01  1.6760100905E-01
H2        6.8154741670E-02  2.7665429570E-05  5.8457296246E-01 -5.9019651928E-01  1.4845344255E-01
C3        4.9725025360E-01  9.3897484216E-05  3.7392642554E+01 -3.7752357532E+01  7.2165842623E-01
C4       -1.0740185790E-01 -6.4729689054E-05  3.7697481836E+01 -3.8060129350E+01  2.2701361377E-01
H5        4.1163316110E-02  3.1999600828E-05  5.9443380218E-01 -6.0015221969E-01  1.5075578600E-01
H6        3.4904232700E-02  5.4631779309E-06  5.9809853300E-01 -6.0385220500E-01  1.4793718608E-01
C7        4.9616727890E-01  1.6866250635E-04  3.7391320885E+01 -3.7751023149E+01  7.6291087265E-01
H8        5.3293954330E-02  3.5020558670E-05  5.9487983957E-01 -6.0060254794E-01  1.5598455750E-01
C9       -7.9301766600E-02  3.5448739696E-05  3.7739666186E+01 -3.8102719510E+01  1.2641279138E-01
C10      -7.8129866700E-02  1.6673856534E-05  3.7740424422E+01 -3.8103485040E+01  1.2517840046E-01
O11      -1.1039299206E+00  1.3029982374E-04  7.5232807180E+01 -7.5956542271E+01  1.6610798399E-01
O12      -1.1071437267E+00 -2.7797477036E-04  7.5238042421E+01 -7.5961827875E+01  2.1320282084E-01
C13       4.6388752920E-01  8.8179826573E-05  3.7406285305E+01 -3.7766131526E+01  6.3332719488E-01
H14       3.0436817890E-02  2.3437323874E-05  6.0415162186E-01 -6.0996352421E-01  1.5767620962E-01
H15       4.2158353430E-02  2.7226975796E-05  6.0289182272E-01 -6.0869160588E-01  1.4633556426E-01
H16       2.5831429460E-02  2.8085927228E-05  6.0684930946E-01 -6.1268716340E-01  1.5705359979E-01
C17       4.4837963670E-01 -3.0863821934E-04  3.7415288284E+01 -3.7775221112E+01  6.2292482202E-01
H18       4.5591111110E-02  2.6459844185E-05  6.0113715124E-01 -6.0692005456E-01  1.4546148856E-01
H19       2.1338369890E-02  2.6862680337E-05  6.0734478750E-01 -6.1318740792E-01  1.5774752938E-01
H20       4.5267376560E-02  4.1430124961E-05  5.9918908172E-01 -6.0495324473E-01  1.4890155530E-01
H21       3.2746460730E-02  2.0544610591E-05  5.9745248428E-01 -6.0319994133E-01  1.5276655842E-01
H22       3.3083873500E-02  2.5165444557E-05  5.9734000808E-01 -6.0308638312E-01  1.5260124813E-01
C23       1.4753955900E-02  6.1713263257E-05  3.7669606405E+01 -3.8031985758E+01  1.0376702938E-01
H24       2.2275970700E-03  2.3022376733E-05  6.1411330258E-01 -6.2002103570E-01  1.5716271962E-01
H25       7.1165563000E-03  3.0464774228E-05  6.1161755592E-01 -6.1750128011E-01  1.5526276984E-01
C26       1.3776310400E-02  4.2341288597E-04  3.7670966980E+01 -3.8033359422E+01  1.1037457072E-01
H27       1.8353663900E-02  1.9969370011E-05  6.0834155754E-01 -6.1419376682E-01  1.4674902003E-01
H28       2.5685709700E-03  2.3855908481E-05  6.1395830547E-01 -6.1986454753E-01  1.5702213857E-01
C29       1.1155020400E-02  3.4511749588E-04  3.7664801793E+01 -3.8027134926E+01  1.1037755692E-01
H30       2.9688306500E-02  1.4769619459E-05  6.0514108949E-01 -6.1096251046E-01  1.3972601545E-01
H31      -4.2965269000E-03  3.2571649737E-05  6.2051092873E-01 -6.2648020664E-01  1.5713913157E-01
--------------------------------------------------------------------------------------------------
Total     9.8597002000E-04  1.0720511789E-03  5.7483706236E+02 -5.8036696041E+02
 
1st Largest |L(A)| = 4.2341288597E-04, atom C26     
2nd Largest |L(A)| = 3.4511749588E-04, atom C29     
 
Molecular charge q(Mol) from the wfn file:   0.0000000000E+00
Molecular energy E(Mol) from the wfn file:  -5.8036675717E+02
Molecular virial ratio (-V(Mol)/T(Mol)) from the wfn file:   2.0096199400E+00
Note.  K_Scaled(A) = (1+V(Mol)/T(Mol))*K(A) = (E(Mol)/T(Mol))*K(A)
       Only use K_Scaled(A) data with caution.
 
N_AIMInt(SumA)     =         99.999014
N_Analytic(Mol)    =         99.999982
 
G_AIMInt(SumA)     =        574.835990
G_Analytic(Mol)    =        574.836818
 
K_AIMInt(SumA)     =        574.837062
K_Analytic(Mol)    =        574.836818
 
L_AIMInt(SumA)     =          0.001072
L_Analytic(Mol)    =          0.000000
 
VenT_AIMInt(SumA)  =      -2924.880198
VenT_Analytic(Mol) =      -2924.894717
 
Some Information About the Atomic Calculations:
----------------------------------------------
  Time(sec) = "Elapsed User Time", in Seconds, for Atom A by AIMInt and, if used, by TWOe
  NProc = Number of Processors Used for AIMInt Job
  BIM = Basin Integration Method
  OAQ = Angular Quadrature Outside of Beta Sphere
  ORQ = Multiple of Default for Radial Quadrature Outside of Beta Sphere
  IAQ = Multiple of Default for Angular Quadrature Inside of Beta Sphere
  IRQ = Multiple of Default for Radial Quadrature Inside of Beta Sphere
  MIR = Maximum Integration Radius
------------------------------------------------------------------------------------------------------
Atom A     Time(sec)   NProc      BIM          OAQ                     ORQ      IAQ      IRQ      MIR
------------------------------------------------------------------------------------------------------
C1             49        8     Proaim(5)    4500(GS4)                  1.00     1.00     1.00    13.00
H2              9        8     Proaim(5)    1800(GS4)                  1.00     1.00     1.00    13.00
C3             44        8     Proaim(5)    4500(GS4)                  1.00     1.00     1.00    13.00
C4             33        8     Proaim(5)    4500(GS4)                  1.00     1.00     1.00    13.00
H5              8        8     Proaim(5)    1800(GS4)                  1.00     1.00     1.00    13.00
H6              8        8     Proaim(5)    1800(GS4)                  1.00     1.00     1.00    13.00
C7             46        8     Proaim(5)    4500(GS4)                  1.00     1.00     1.00    13.00
H8             10        8     Proaim(5)    1800(GS4)                  1.00     1.00     1.00    13.00
C9             29        8     Proaim(5)    4500(GS4)                  1.00     1.00     1.00    13.00
C10            38        8     Proaim(5)    4500(GS4)                  1.00     1.00     1.00    13.00
O11            33        8     Proaim(5)    4500(GS4)                  1.00     1.00     1.00    13.00
O12            29        8     Proaim(5)    4500(GS4)                  1.00     1.00     1.00    13.00
C13            30        8     Proaim(5)    4500(GS4)                  1.00     1.00     1.00    13.00
H14             7        8     Proaim(5)    1800(GS4)                  1.00     1.00     1.00    13.00
H15             7        8     Proaim(5)    1800(GS4)                  1.00     1.00     1.00    13.00
H16             8        8     Proaim(5)    1800(GS4)                  1.00     1.00     1.00    13.00
C17            27        8     Proaim(5)    4500(GS4)                  1.00     1.00     1.00    13.00
H18             7        8     Proaim(5)    1800(GS4)                  1.00     1.00     1.00    13.00
H19             7        8     Proaim(5)    1800(GS4)                  1.00     1.00     1.00    13.00
H20            17        8     Proaim(5)    4500(GS4)                  1.00     1.00     1.00    13.00
H21             7        8     Proaim(5)    1800(GS4)                  1.00     1.00     1.00    13.00
H22             7        8     Proaim(5)    1800(GS4)                  1.00     1.00     1.00    13.00
C23            34        8     Proaim(5)    4500(GS4)                  1.00     1.00     1.00    13.00
H24             7        8     Proaim(5)    1800(GS4)                  1.00     1.00     1.00    13.00
H25            18        8     Proaim(5)    4500(GS4)                  1.00     1.00     1.00    13.00
C26            34        8     Proaim(5)    4500(GS4)                  1.00     1.00     1.00    13.00
H27            21        8     Proaim(5)    4500(GS4)                  1.00     1.00     1.00    13.00
H28             7        8     Proaim(5)    1800(GS4)                  1.00     1.00     1.00    13.00
C29            36        8     Proaim(5)    4500(GS4)                  1.00     1.00     1.00    13.00
H30            22        8     Proaim(5)    4500(GS4)                  1.00     1.00     1.00    13.00
H31             7        8     Proaim(5)    1800(GS4)                  1.00     1.00     1.00    13.00
------------------------------------------------------------------------------------------------------
Total         646
Note:  Total wall clock time is less than total of atomic times if more than one atom
       was calculated at a time
 
Electron Density Critical Point Analysis of Molecular Structure:               
---------------------------------------------------------------                
  NACP = Nuclear Attractor Critical Point                                      
  NNACP = Non-Nuclear Attractor Critical Point                                 
  BCP = Bond Critical Point                                                    
  RCP = Ring Critical Point                                                    
  CCP = Cage Critical Point                                                    
  Rho = Electron Density                                                       
  GradRho = Gradient of Electron Density                                       
  HessRho_EigVals = Eigenvalues of the Hessian of Rho, Ascending Order         
  HessRho_EigVecs = Eigenvectors of the Hessian of Rho                         
  DelSqRho = Laplacian of Rho = Trace of Hessian of Rho                        
  Bond Ellipticity = (HessRho_EigVal(1) / HessRho_EigVal(2)) - 1               
  V = Virial Field = Potential Energy Density = Trace of Stress Tensor         
  G = Lagrangian Form of Kinetic Energy Density                                
  K = Hamiltonian Form of Kinetic Energy Density                               
  L = K - G = Lagrangian Density = (-1/4)DelSqRho                              
  Vnuc = Electrostatic Potential from Nuclei                                   
  Ven = Electron-nuclear attractive contribution to Virial Field V             
  Vrep = V - Ven = Repulsive contribution to Virial Field V                    
  DelSqV = Laplacian of V                                                      
  DelSqVen = Laplacian of Ven                                                  
  DelSqVrep = Laplacian of Vrep                                                
  DelSqG = Laplacian of G                                                      
  DelSqK = Laplacian of K                                                      
  Stress_EigVals = Eigenvalues of Stress Tensor, Ascending Order               
  Stress_EigVecs = Eigenvectors of Stress Tensor                               
  -DivStress = Ehrenfest Force Density = Minus Divergence of Stress Tensor     
  ESP = Total Electrostatic Potential                                          
  ESPe = Electrostatic Potential from Electrons                                
  ESPn = Electrostatic Potential from Nuclei                                   
  BP = Bond Path                                                               
  BPL = Bond Path Length                                                       
  GBL = Geometric Bond Length                                                  
  GBL_I = Distance Between Nuclear Attractors                                  
  GBL_II = Distance Between Nuclei                                             
  GBL_III = Sum of Distances Between BCP and Nuclear Attractors                
  GBL_IV = Sum of Distances Between BCP and Nuclei                             

CP# 1      Coords = -2.29627643685246E+00  1.93915079981534E+00 -1.19448055516817E+00
           Type = (3,-3) NACP C1
           Rho =  1.1762793114E+02     Rho at Nucleus =  1.1762793101E+02
           GradRho = -3.9557649517E-10 -1.2466298133E-10  3.1804068754E-10
           HessRho_EigVals = -1.4494246792E+05 -1.4494237114E+05 -1.4494210931E+05
           HessRho_EigVec1 =  4.1034505661E-02  8.9691635049E-01 -4.4029220931E-01
           HessRho_EigVec2 =  9.6518077622E-01 -1.4952215990E-01 -2.1463735208E-01
           HessRho_EigVec3 =  2.5834519263E-01  4.1615403870E-01  8.7182198729E-01
           DelSqRho = -4.3482694837E+05
           Bond Ellipticity = NA
           V = -1.0871723433E+05
           G =  5.2486161547E+00
           K =  1.0871198571E+05
           L =  1.0870673709E+05
           Vnuc =  4.4488658595E+06
           Ven = -5.2331088697E+08
           Vrep =  5.2320216973E+08
           DelSqV =  2.4942005545E+09
           DelSqVen =  1.9344867492E+12
           DelSqVrep = -1.9319925809E+12
           DelSqG =  1.3397376824E+08
           DelSqK = -2.6281743227E+09
           Stress_EigVals = -3.6239260319E+04 -3.6239132288E+04 -3.6238841718E+04
           Stress_EigVec1 =  4.7474085691E-01  5.0086773591E-01  7.2370755828E-01
           Stress_EigVec2 =  6.8443057423E-01  3.0686584364E-01 -6.6135326647E-01
           Stress_EigVec3 = -5.5333164364E-01  8.0929899612E-01 -1.9712743853E-01
           -DivStress =  8.5199936216E+02  2.8555528110E+02 -6.3119887105E+02
           ESP =  -1.4752112774E+01     ESP at Nucleus =  -1.4752112780E+01
           ESPe = -3.2414206944E+01     ESPe at Nucleus = -3.2414206441E+01
           ESPn =  1.7662094170E+01     ESPn at Nucleus =  1.7662093660E+01

CP# 2      Coords = -2.05580943405570E+00  1.64565310571544E+00 -3.17712827798019E+00
           Type = (3,-3) NACP H2
           Rho =  4.2210435319E-01     Rho at Nucleus =  4.1838802523E-01
           GradRho = -1.1585562707E-09  1.3808307111E-09  9.3528163786E-09
           HessRho_EigVals = -6.4417952366E+00 -6.4350661183E+00 -5.8400994135E+00
           HessRho_EigVec1 =  8.0463358291E-01  5.9361908309E-01  1.3460365365E-02
           HessRho_EigVec2 = -5.8102341138E-01  7.9182802078E-01 -1.8820249980E-01
           HessRho_EigVec3 = -1.2237888983E-01  1.4361326432E-01  9.8203800213E-01
           DelSqRho = -1.8716960768E+01
           Bond Ellipticity = NA
           V = -4.6888127832E+00
           G =  4.7862955789E-03
           K =  4.6840264877E+00
           L =  4.6792401921E+00
           Vnuc =  4.5949714075E+01
           Ven = -1.9395574339E+01
           Vrep =  1.4706761556E+01
           DelSqV =  7.0483354755E+02
           DelSqVen =  8.6003901098E+02
           DelSqVrep = -1.5520546342E+02
           DelSqG =  6.9514141392E+01
           DelSqK = -7.7434768894E+02
           Stress_EigVals = -1.6135951724E+00 -1.6133879067E+00 -1.4618297041E+00
           Stress_EigVec1 = -9.9134490165E-01  3.2027243435E-02 -1.2731669824E-01
           Stress_EigVec2 =  4.9848704182E-02  9.8898641389E-01 -1.3935917565E-01
           Stress_EigVec3 = -1.2145119458E-01  1.4449958071E-01  9.8202315579E-01
           -DivStress =  9.5764511312E-01 -1.1488151272E+00 -7.7603635019E+00
           ESP =  -1.1094143195E+00     ESP at Nucleus =  -1.1119316821E+00
           ESPe = -1.8651044337E+01     ESPe at Nucleus = -1.8557322267E+01
           ESPn =  1.7541630017E+01     ESPn at Nucleus =  1.7445390585E+01

CP# 3      Coords = -4.40830593612584E+00  6.28958631308775E-01  3.33160238531209E-02
           Type = (3,-3) NACP C3
           Rho =  1.1762175114E+02     Rho at Nucleus =  1.1762174832E+02
           GradRho =  1.5196753578E-11  1.8056493800E-12 -1.8125084766E-13
           HessRho_EigVals = -1.4491300841E+05 -1.4491247406E+05 -1.4491120729E+05
           HessRho_EigVec1 =  2.1319923090E-01  9.4253342511E-01  2.5724857725E-01
           HessRho_EigVec2 =  6.5526833734E-01 -3.3324620150E-01  6.7791620077E-01
           HessRho_EigVec3 =  7.2468578985E-01  2.4035634881E-02 -6.8866014422E-01
           DelSqRho = -4.3473668976E+05
           Bond Ellipticity = NA
           V = -1.0869416276E+05
           G =  4.9951614078E+00
           K =  1.0868916760E+05
           L =  1.0868417244E+05
           Vnuc =  9.6094842591E+05
           Ven = -1.1302843661E+08
           Vrep =  1.1291974245E+08
           DelSqV =  2.4936528951E+09
           DelSqVen =  4.1775953979E+11
           DelSqVrep = -4.1526588690E+11
           DelSqG =  1.3392289180E+08
           DelSqK = -2.6275757869E+09
           Stress_EigVals = -3.6231800745E+04 -3.6231220140E+04 -3.6231141878E+04
           Stress_EigVec1 =  7.1171241205E-01 -1.2189555265E-02 -7.0236518797E-01
           Stress_EigVec2 =  4.3491192548E-01  7.9282632636E-01  4.2694031585E-01
           Stress_EigVec3 = -5.5164939917E-01  6.0932571829E-01 -5.6956572002E-01
           -DivStress = -2.7267699843E+02  4.0726083170E+03  2.9890353805E+03
           ESP =  -1.4684755273E+01     ESP at Nucleus =  -1.4684755483E+01
           ESPe = -3.2617276506E+01     ESPe at Nucleus = -3.2617273675E+01
           ESPn =  1.7932521233E+01     ESPn at Nucleus =  1.7932518192E+01

CP# 4      Coords = -5.76997084004635E+00  1.53255224511142E+00  1.98336913055173E+00
           Type = (3,-3) NACP C4
           Rho =  1.1760423313E+02     Rho at Nucleus =  1.1760423312E+02
           GradRho =  5.1461501727E-11 -6.4027116942E-12  6.5523420023E-12
           HessRho_EigVals = -1.4491620491E+05 -1.4491616293E+05 -1.4491611621E+05
           HessRho_EigVec1 =  2.6738180577E-01  4.6347340076E-01  8.4480730154E-01
           HessRho_EigVec2 =  9.6195201872E-01 -1.7949647076E-01 -2.0598381168E-01
           HessRho_EigVec3 =  5.6171911404E-02  8.6774041267E-01 -4.9383326396E-01
           DelSqRho = -4.3474848405E+05
           Bond Ellipticity = NA
           V = -1.0869755184E+05
           G =  5.2154124042E+00
           K =  1.0869233642E+05
           L =  1.0868712101E+05
           Vnuc =  1.4462803957E+07
           Ven = -1.7008869683E+09
           Vrep =  1.7007782707E+09
           DelSqV =  2.4937551162E+09
           DelSqVen =  6.2876790292E+12
           DelSqVrep = -6.2851831770E+12
           DelSqG =  1.3395300383E+08
           DelSqK = -2.6277081200E+09
           Stress_EigVals = -3.6232647639E+04 -3.6232607146E+04 -3.6232297052E+04
           Stress_EigVec1 = -5.7037358276E-01  3.1150036488E-01  7.6002730133E-01
           Stress_EigVec2 =  4.5791272049E-01  8.8875812551E-01 -2.0613945560E-02
           Stress_EigVec3 =  6.8190169123E-01 -3.3626851921E-01  6.4956413577E-01
           -DivStress = -4.0863248376E+00  1.3049804626E+02 -3.1106198878E+02
           ESP =  -1.4766619402E+01     ESP at Nucleus =  -1.4766619404E+01
           ESPe = -2.9468215664E+01     ESPe at Nucleus = -2.9468216016E+01
           ESPn =  1.4701596262E+01     ESPn at Nucleus =  1.4701596612E+01

CP# 5      Coords = -5.42790293897823E+00  3.39778645037114E+00  2.65250315484429E+00
           Type = (3,-3) NACP H5
           Rho =  4.2370488849E-01     Rho at Nucleus =  4.2001478034E-01
           GradRho = -2.1325425150E-10 -1.1750071900E-09 -4.1927533190E-10
           HessRho_EigVals = -6.4435248464E+00 -6.4356935579E+00 -5.8478102737E+00
           HessRho_EigVec1 =  6.8395497798E-01  1.3354299364E-01 -7.1719722319E-01
           HessRho_EigVec2 =  7.0997690807E-01 -3.4789878017E-01  6.1229015080E-01
           HessRho_EigVec3 =  1.6774497937E-01  9.2797236360E-01  3.3275954425E-01
           DelSqRho = -1.8727028678E+01
           Bond Ellipticity = NA
           V = -4.6921471329E+00
           G =  5.1949817091E-03
           K =  4.6869521512E+00
           L =  4.6817571695E+00
           Vnuc =  4.3642390106E+01
           Ven = -1.8491494033E+01
           Vrep =  1.3799346900E+01
           DelSqV =  7.0507286494E+02
           DelSqVen =  8.1729229314E+02
           DelSqVrep = -1.1221942821E+02
           DelSqG =  6.9333720142E+01
           DelSqK = -7.7440658508E+02
           Stress_EigVals = -1.6145487279E+00 -1.6141755491E+00 -1.4634228560E+00
           Stress_EigVec1 =  7.3783595976E-01 -3.4077081546E-01  5.8264341395E-01
           Stress_EigVec2 = -6.5424876526E-01 -1.4877094184E-01  7.4150236684E-01
           Stress_EigVec3 =  1.6600195676E-01  9.2830084466E-01  3.3271743591E-01
           -DivStress =  1.3271549640E+00  7.3114894760E+00  2.6069129470E+00
           ESP =  -1.1171087148E+00     ESP at Nucleus =  -1.1195786394E+00
           ESPe = -1.6235474783E+01     ESPe at Nucleus = -1.6155333121E+01
           ESPn =  1.5118366068E+01     ESPn at Nucleus =  1.5035754482E+01

CP# 6      Coords = -7.21078278489448E+00  4.75760267875925E-01  2.90643450565824E+00
           Type = (3,-3) NACP H6
           Rho =  4.2478012658E-01     Rho at Nucleus =  4.2111786272E-01
           GradRho =  1.5907414275E-15  1.6154612370E-16 -1.0278236595E-16
           HessRho_EigVals = -6.4649359689E+00 -6.4582900208E+00 -5.8723654225E+00
           HessRho_EigVec1 = -1.5578359367E-01  7.6668210801E-01  6.2284028226E-01
           HessRho_EigVec2 = -6.7941117388E-01  3.7453812805E-01 -6.3096881654E-01
           HessRho_EigVec3 =  7.1702993575E-01  5.2145923704E-01 -4.6254549544E-01
           DelSqRho = -1.8795591412E+01
           Bond Ellipticity = NA
           V = -4.7095812527E+00
           G =  5.3416998263E-03
           K =  4.7042395529E+00
           L =  4.6988978531E+00
           Vnuc =  4.3469585557E+01
           Ven = -1.8465016055E+01
           Vrep =  1.3755434803E+01
           DelSqV =  7.0791458318E+02
           DelSqVen =  8.1703656899E+02
           DelSqVrep = -1.0912198581E+02
           DelSqG =  6.9663410627E+01
           DelSqK = -7.7757799380E+02
           Stress_EigVals = -1.6201875227E+00 -1.6196807296E+00 -1.4697130004E+00
           Stress_EigVec1 = -6.8811614316E-01  4.2557699361E-01 -5.8769073163E-01
           Stress_EigVec2 = -1.0817322747E-01  7.4071809057E-01  6.6304997034E-01
           Stress_EigVec3 =  7.1749196956E-01  5.1982779150E-01 -4.6366403872E-01
           -DivStress = -5.6339511017E+00 -4.0962049595E+00  3.6386496827E+00
           ESP =  -1.1143105019E+00     ESP at Nucleus =  -1.1167603915E+00
           ESPe = -1.5896056922E+01     ESPe at Nucleus = -1.5811082745E+01
           ESPn =  1.4781746421E+01     ESPn at Nucleus =  1.4694322353E+01

CP# 7      Coords = -6.37810922623752E-01  3.38420630263379E+00  6.20718514770095E-02
           Type = (3,-3) NACP C7
           Rho =  1.1764989819E+02     Rho at Nucleus =  1.1764989514E+02
           GradRho = -7.1582462180E-12 -9.0285001697E-12 -4.4505718555E-13
           HessRho_EigVals = -1.4495153042E+05 -1.4495102467E+05 -1.4494978133E+05
           HessRho_EigVec1 =  7.1114324167E-01  4.1903027460E-01 -5.6452539252E-01
           HessRho_EigVec2 =  5.5414290172E-01 -8.2824489649E-01  8.3282866790E-02
           HessRho_EigVec3 =  4.3266723275E-01  3.7205378697E-01  8.2120341287E-01
           DelSqRho = -4.3485233641E+05
           Bond Ellipticity = NA
           V = -1.0872315397E+05
           G =  5.0349325187E+00
           K =  1.0871811904E+05
           L =  1.0871308410E+05
           Vnuc =  9.2371157395E+05
           Ven = -1.0867457264E+08
           Vrep =  1.0856584948E+08
           DelSqV =  2.4943187459E+09
           DelSqVen =  4.0167813478E+11
           DelSqVrep = -3.9918381604E+11
           DelSqG =  1.3396270633E+08
           DelSqK = -2.6282814522E+09
           Stress_EigVals = -3.6241461813E+04 -3.6240900114E+04 -3.6240792042E+04
           Stress_EigVec1 =  4.4710435415E-01  4.1591689253E-01  7.9190329903E-01
           Stress_EigVec2 =  6.6269359444E-01  4.4060268353E-01 -6.0556294071E-01
           Stress_EigVec3 = -6.0077857518E-01  7.9553907118E-01 -7.8630082241E-02
           -DivStress = -3.8589978931E+03 -3.0840792515E+03  1.8352235723E+03
           ESP =  -1.4685673775E+01     ESP at Nucleus =  -1.4685673976E+01
           ESPe = -3.2372282028E+01     ESPe at Nucleus = -3.2372281350E+01
           ESPn =  1.7686608253E+01     ESPn at Nucleus =  1.7686607375E+01

CP# 8      Coords = -7.23253718581203E-01  3.62014539239685E+00  2.07307074689777E+00
           Type = (3,-3) NACP H8
           Rho =  4.2886066085E-01     Rho at Nucleus =  4.2510345137E-01
           GradRho = -1.6881027826E-16 -6.9280518822E-16 -1.2506543110E-15
           HessRho_EigVals = -6.5636999983E+00 -6.5521073791E+00 -5.9420129086E+00
           HessRho_EigVec1 =  7.6782130937E-01  6.4003957104E-01 -2.8280459200E-02
           HessRho_EigVec2 = -6.3839635684E-01  7.6064696148E-01 -1.1775521885E-01
           HessRho_EigVec3 = -5.3856554399E-02  1.0846910844E-01  9.9263987632E-01
           DelSqRho = -1.9057820286E+01
           Bond Ellipticity = NA
           V = -4.7735108067E+00
           G =  4.5278675915E-03
           K =  4.7689829391E+00
           L =  4.7644550715E+00
           Vnuc =  4.6142147673E+01
           Ven = -1.9788551944E+01
           Vrep =  1.5015041138E+01
           DelSqV =  7.1783452939E+02
           DelSqVen =  8.7936875797E+02
           DelSqVrep = -1.6153422858E+02
           DelSqG =  7.0936309011E+01
           DelSqK = -7.8877083840E+02
           Stress_EigVals = -1.6434389021E+00 -1.6420006342E+00 -1.4880712704E+00
           Stress_EigVec1 =  7.7663288184E-01  6.2936693731E-01 -2.7177657332E-02
           Stress_EigVec2 = -6.2777180956E-01  7.6963524741E-01 -1.1646519250E-01
           Stress_EigVec3 = -5.2382458479E-02  1.0751206521E-01  9.9282286128E-01
           -DivStress = -4.4610539377E-01  8.4833671391E-01  7.9598350399E+00
           ESP =  -1.0907450798E+00     ESP at Nucleus =  -1.0932641547E+00
           ESPe = -1.8735960675E+01     ESPe at Nucleus = -1.8644972427E+01
           ESPn =  1.7645215596E+01     ESPn at Nucleus =  1.7551708273E+01

CP# 9      Coords =  5.45999145853595E+00 -2.08436771040358E+00  2.02729667036219E+00
           Type = (3,-3) NACP C9
           Rho =  1.1770695363E+02     Rho at Nucleus =  1.1770695344E+02
           GradRho = -3.8045983931E-10 -1.4468816141E-10  8.7819757296E-10
           HessRho_EigVals = -1.4504305534E+05 -1.4504227262E+05 -1.4504192587E+05
           HessRho_EigVec1 = -4.5496437572E-01  8.8298604083E-01  1.1551220078E-01
           HessRho_EigVec2 =  8.7399558294E-01  4.1788971097E-01  2.4799175485E-01
           HessRho_EigVec3 = -1.7070189757E-01 -2.1378456719E-01  9.6185083095E-01
           DelSqRho = -4.3512725384E+05
           Bond Ellipticity = NA
           V = -1.0879199695E+05
           G =  5.0917466178E+00
           K =  1.0878690521E+05
           L =  1.0878181346E+05
           Vnuc =  3.6890441305E+06
           Ven = -4.3422614642E+08
           Vrep =  4.3411735442E+08
           DelSqV =  2.4959143183E+09
           DelSqVen =  1.6052036567E+12
           DelSqVrep = -1.6027077424E+12
           DelSqG =  1.3406851227E+08
           DelSqK = -2.6299828305E+09
           Stress_EigVals = -3.6264272235E+04 -3.6264079129E+04 -3.6263645588E+04
           Stress_EigVec1 = -2.5318232210E-03 -1.2015858221E-01  9.9275148199E-01
           Stress_EigVec2 =  9.0206452993E-01  4.2819366335E-01  5.4127354528E-02
           Stress_EigVec3 = -4.3159376005E-01  8.9566293983E-01  1.0730668432E-01
           -DivStress =  5.7421711229E+02  2.2982821284E+02 -1.1673985874E+03
           ESP =  -1.4755819770E+01     ESP at Nucleus =  -1.4755819793E+01
           ESPe = -3.0122550960E+01     ESPe at Nucleus = -3.0122552206E+01
           ESPn =  1.5366731190E+01     ESPn at Nucleus =  1.5366732413E+01

CP# 10     Coords =  6.15415353837314E+00 -1.48647483192605E+00 -3.26558268794318E-01
           Type = (3,-3) NACP C10
           Rho =  1.1771105673E+02     Rho at Nucleus =  1.1771105654E+02
           GradRho =  8.6230277801E-11  3.0643119097E-10 -8.5376673773E-10
           HessRho_EigVals = -1.4504888480E+05 -1.4504808238E+05 -1.4504774435E+05
           HessRho_EigVec1 = -4.4211147620E-01  8.9399700334E-01  7.2847790822E-02
           HessRho_EigVec2 =  8.1828974923E-01  3.6874113779E-01  4.4094428174E-01
           HessRho_EigVec3 = -3.6734088924E-01 -2.5455712781E-01  8.9457327244E-01
           DelSqRho = -4.3514471152E+05
           Bond Ellipticity = NA
           V = -1.0879636407E+05
           G =  5.0930961024E+00
           K =  1.0879127098E+05
           L =  1.0878617788E+05
           Vnuc =  3.7583115096E+06
           Ven = -4.4239481932E+08
           Vrep =  4.4228602295E+08
           DelSqV =  2.4960148905E+09
           DelSqVen =  1.6354094285E+12
           DelSqVrep = -1.6329134136E+12
           DelSqG =  1.3407461122E+08
           DelSqK = -2.6300895017E+09
           Stress_EigVals = -3.6265727831E+04 -3.6265537732E+04 -3.6265098509E+04
           Stress_EigVec1 = -5.2053177258E-01 -3.3151142693E-01  7.8685884855E-01
           Stress_EigVec2 =  7.3924612075E-01  2.8617816683E-01  6.0960415827E-01
           Stress_EigVec3 = -4.2727256721E-01  8.9900068445E-01  9.6103707892E-02
           -DivStress = -1.3981349154E+02 -4.4369235172E+02  1.2106031665E+03
           ESP =  -1.4756074490E+01     ESP at Nucleus =  -1.4756074513E+01
           ESPe = -3.0178209977E+01     ESPe at Nucleus = -3.0178211148E+01
           ESPn =  1.5422135487E+01     ESPn at Nucleus =  1.5422136635E+01

CP# 11     Coords = -4.79629657296530E+00 -1.66542770691439E+00 -1.11324135926054E+00
           Type = (3,-3) NACP O11
           Rho =  2.8992005912E+02     Rho at Nucleus =  2.8992002716E+02
           GradRho = -1.6807891190E-10 -6.4149852097E-11 -2.8491292658E-11
           HessRho_EigVals = -6.3927795287E+05 -6.3926181520E+05 -6.3925257452E+05
           HessRho_EigVec1 =  5.3957967810E-01  8.3891077885E-01  7.1291486873E-02
           HessRho_EigVec2 =  5.9757375591E-01 -3.2194902018E-01 -7.3433945465E-01
           HessRho_EigVec3 =  5.9309305950E-01 -4.3883656813E-01  6.7502821367E-01
           DelSqRho = -1.9177923426E+06
           Bond Ellipticity = NA
           V = -4.7954202654E+05
           G =  4.6970443853E+01
           K =  4.7949505609E+05
           L =  4.7944808565E+05
           Vnuc =  8.0004746728E+05
           Ven = -2.3194980901E+08
           Vrep =  2.3147026699E+08
           DelSqV =  1.9776510533E+10
           DelSqVen =  1.5343249057E+12
           DelSqVrep = -1.5145483952E+12
           DelSqG =  1.0574714213E+09
           DelSqK = -2.0833981955E+10
           Stress_EigVals = -1.5985018052E+05 -1.5984766664E+05 -1.5984417937E+05
           Stress_EigVec1 =  5.9317418398E-01 -4.3945117031E-01  6.7455693338E-01
           Stress_EigVec2 =  5.9409251728E-01 -3.2653013652E-01 -7.3514090544E-01
           Stress_EigVec3 =  5.4332169879E-01  8.3681583330E-01  6.7385404711E-02
           -DivStress =  3.9185767660E+04 -1.8916254607E+04 -4.7436118286E+04
           ESP =  -2.2290051076E+01     ESP at Nucleus =  -2.2290052230E+01
           ESPe = -3.7835471663E+01     ESPe at Nucleus = -3.7835463501E+01
           ESPn =  1.5545420587E+01     ESPn at Nucleus =  1.5545411271E+01

CP# 12     Coords =  1.21684260823734E+00  4.68004470225854E+00 -1.14380689245453E+00
           Type = (3,-3) NACP O12
           Rho =  2.8986860141E+02     Rho at Nucleus =  2.8986856768E+02
           GradRho = -1.1912387743E-11  6.2284177815E-11  3.9578342448E-11
           HessRho_EigVals = -6.3914750098E+05 -6.3913165254E+05 -6.3912176288E+05
           HessRho_EigVec1 =  8.8454561275E-01  4.5949566557E-01  8.0267006151E-02
           HessRho_EigVec2 =  5.5665555821E-02 -2.7483462560E-01  9.5987878113E-01
           HessRho_EigVec3 = -4.6312029199E-01  8.4458845711E-01  2.6868184393E-01
           DelSqRho = -1.9174009164E+06
           Bond Ellipticity = NA
           V = -4.7944426806E+05
           G =  4.7019477780E+01
           K =  4.7939724858E+05
           L =  4.7935022910E+05
           Vnuc =  7.7875452747E+05
           Ven = -2.2573648572E+08
           Vrep =  2.2525704145E+08
           DelSqV =  1.9772462996E+10
           DelSqVen =  1.4931846456E+12
           DelSqVrep = -1.4734121826E+12
           DelSqG =  1.0572250501E+09
           DelSqK = -2.0829688046E+10
           Stress_EigVals = -1.5981768145E+05 -1.5981499164E+05 -1.5981159496E+05
           Stress_EigVec1 = -4.6318030144E-01  8.4666521248E-01  2.6195806217E-01
           Stress_EigVec2 =  4.8967225771E-02 -2.7067626410E-01  9.6142424083E-01
           Stress_EigVec3 =  8.8491028876E-01  4.5814012925E-01  8.3913066985E-02
           -DivStress = -7.1114821782E+02  1.3742879564E+04 -6.4701861854E+04
           ESP =  -2.2281732243E+01     ESP at Nucleus =  -2.2281733458E+01
           ESPe = -3.7509362431E+01     ESPe at Nucleus = -3.7509349546E+01
           ESPn =  1.5227630188E+01     ESPn at Nucleus =  1.5227616088E+01

CP# 13     Coords = -6.85592431483775E+00 -3.14844745398943E+00 -2.54922962109612E-01
           Type = (3,-3) NACP C13
           Rho =  1.1750357769E+02     Rho at Nucleus =  1.1750357538E+02
           GradRho =  2.9273462777E-11  1.0391386536E-11  1.6751126040E-12
           HessRho_EigVals = -1.4477622070E+05 -1.4477422713E+05 -1.4477413183E+05
           HessRho_EigVec1 =  7.5837840694E-01  5.8718637964E-01 -2.8297411092E-01
           HessRho_EigVec2 = -5.6699511758E-01  3.8013471365E-01 -7.3076270849E-01
           HessRho_EigVec3 = -3.2152562656E-01  7.1463959801E-01  6.2121776892E-01
           DelSqRho = -4.3432457966E+05
           Bond Ellipticity = NA
           V = -1.0859145774E+05
           G =  5.1564140357E+00
           K =  1.0858630133E+05
           L =  1.0858114491E+05
           Vnuc =  1.0615945358E+06
           Ven = -1.2474115602E+08
           Vrep =  1.2463256456E+08
           DelSqV =  2.4913139664E+09
           DelSqVen =  4.6107660186E+11
           DelSqVrep = -4.5858528789E+11
           DelSqG =  1.3380466061E+08
           DelSqK = -2.6251186271E+09
           Stress_EigVals = -3.6197365815E+04 -3.6197333057E+04 -3.6196758871E+04
           Stress_EigVec1 = -3.0389694796E-01  7.1231338394E-01  6.3265811311E-01
           Stress_EigVec2 = -5.7170670050E-01  3.9485870130E-01 -7.1919264082E-01
           Stress_EigVec3 =  7.6210110460E-01  5.8025533093E-01 -2.8723798025E-01
           -DivStress = -3.5299568865E+03 -2.5875126207E+03  1.3491807195E+03
           ESP =  -1.4689367184E+01     ESP at Nucleus =  -1.4689367318E+01
           ESPe = -2.8564826145E+01     ESPe at Nucleus = -2.8564815876E+01
           ESPn =  1.3875458961E+01     ESPn at Nucleus =  1.3875448558E+01

CP# 14     Coords = -8.61474829287291E+00 -2.12478592350888E+00 -4.09162048574366E-01
           Type = (3,-3) NACP H14
           Rho =  4.2798628680E-01     Rho at Nucleus =  4.2443242090E-01
           GradRho =  5.9518362461E-15 -4.0700949555E-15  6.5099564194E-16
           HessRho_EigVals = -6.5241385668E+00 -6.5177464086E+00 -5.9306234500E+00
           HessRho_EigVec1 =  4.7758929988E-01  7.6792034846E-01 -4.2685688357E-01
           HessRho_EigVec2 =  1.5438948602E-01  4.0493287151E-01  9.0121765194E-01
           HessRho_EigVec3 =  8.6491175691E-01 -4.9631412229E-01  7.4832778703E-02
           DelSqRho = -1.8972508425E+01
           Bond Ellipticity = NA
           V = -4.7523410928E+00
           G =  4.6069932434E-03
           K =  4.7477340996E+00
           L =  4.7431271063E+00
           Vnuc =  4.3463878167E+01
           Ven = -1.8601943827E+01
           Vrep =  1.3849602734E+01
           DelSqV =  7.1502258632E+02
           DelSqVen =  8.2461879472E+02
           DelSqVrep = -1.0959620839E+02
