AIMSum (Version 19.02.13, Professional)
Copyright (c) 1997-2019 by Todd A. Keith
AIMSum is a component of the AIMAll package ( http://aim.tkgristmill.com )

TP:  64-bit Linux

Much of the Quantum Theory of Atoms in Molecules (QTAIM) is described in the book:
  "Atoms in Molecules - A Quantum Theory"
  R.F.W. Bader, Oxford University Press, Oxford, 1990

For additional references see:  http://aim.tkgristmill.com/references.html

Wfn File:  /home/mhennefarth/Documents/ML_Diels/summary-liu2013/2dx-opt/2dx-opt.wfn
Sum File:  /home/mhennefarth/Documents/ML_Diels/summary-liu2013/2dx-opt/2dx-opt.sum

SumViz File:  /home/mhennefarth/Documents/ML_Diels/summary-liu2013/2dx-opt/2dx-opt.sumviz

Wfn Title:   Title Card Required                                                           
 
Total memory allocated for AIMSum =        1.844 Megabytes

Atomic units (a.u.) used throughout, except where stated otherwise

Model:  Restricted SCF
 
Restricted, closed-shell, single-determinant wavefunction.
  Number of electrons (from MO Occs)                   =         108.0000000000
  Number of Alpha electrons (from MO Occs)             =          54.0000000000
  Number of Beta electrons (from MO Occs)              =          54.0000000000
  Number of electron pairs (N*(N-1)/2)                 =        5778.0000000000
  Number of electron pairs (from Muller 2EDM)          =        5778.0000000000
 
Nuclear Charges and Cartesian Coordinates:
-------------------------------------------------------------------------------
Atom      Charge                X                  Y                  Z
-------------------------------------------------------------------------------
C1         6.0           3.0932442300E+00   1.5368914900E+00   2.4171819000E-01
H2         1.0           2.7928345500E+00   1.8283294200E+00   2.2492825200E+00
C3         6.0           4.9812152500E+00  -3.8985690000E-01  -4.2242727000E-01
C4         6.0           4.9495044500E+00  -1.8343032600E+00  -2.5164593100E+00
H5         1.0           6.4381223300E+00  -3.1555632800E+00  -2.9890808100E+00
H6         1.0           3.3768169200E+00  -1.7016914600E+00  -3.8186608100E+00
C7         6.0           1.8735234500E+00   2.9305786900E+00  -1.4966341400E+00
H8         1.0           2.2599876700E+00   2.7401633900E+00  -3.5032358000E+00
C9         6.0          -5.4516111000E+00  -1.2642681100E+00   2.8436458900E+00
H10        1.0          -5.7428847900E+00  -1.1445657000E+00   4.8792216900E+00
C11        6.0          -6.2489519900E+00   6.2179002000E-01   1.3596185700E+00
H12        1.0          -7.1485421900E+00   2.2676801500E+00   2.2112623500E+00
O13        8.0           6.7797095600E+00  -5.1873294000E-01   1.4394725200E+00
O14        8.0           8.0781220000E-02   4.7134370700E+00  -1.1131103600E+00
C15        6.0           8.6882953300E+00  -2.3803936400E+00   1.1890064100E+00
H16        1.0           9.8762862600E+00  -2.0274293700E+00  -4.7543521000E-01
H17        1.0           9.8433854200E+00  -2.2527250700E+00   2.8940579000E+00
H18        1.0           7.8686355700E+00  -4.2811799100E+00   1.0390363400E+00
C19        6.0          -6.3467027000E-01   5.2144930300E+00   1.4341480800E+00
H20        1.0           9.8981974000E-01   5.8778661700E+00   2.5392710500E+00
H21        1.0          -2.0613080100E+00   6.7005649700E+00   1.3412160700E+00
H22        1.0          -1.4412789500E+00   3.5247463800E+00   2.3216253900E+00
C23        6.0          -4.1635036100E+00  -3.6103085600E+00   1.8557817100E+00
H24        1.0          -2.5386247800E+00  -4.0781316300E+00   3.0614310900E+00
H25        1.0          -5.4631184900E+00  -5.2284373100E+00   2.0288436600E+00
C26        6.0          -5.9931996900E+00   6.0929730000E-01  -1.4830571900E+00
H27        1.0          -7.7495852100E+00   1.3074497600E+00  -2.3441648000E+00
H28        1.0          -4.5179950700E+00   1.9635086600E+00  -2.0494918800E+00
C29        6.0          -5.3629045200E+00  -2.0377506200E+00  -2.5025659600E+00
H30        1.0          -7.0772638900E+00  -3.2099565500E+00  -2.4602631600E+00
H31        1.0          -4.7736658800E+00  -1.9156455800E+00  -4.4863070100E+00
C32        6.0          -3.3030478900E+00  -3.3079836300E+00  -9.0265046000E-01
H33        1.0          -1.5839032800E+00  -2.1463993300E+00  -9.5384386000E-01
H34        1.0          -2.7990060300E+00  -5.1553315100E+00  -1.6964090500E+00
 
Some Atomic Properties:
----------------------
  q(A) = Net Charge of Atom A
  L(A) = Lagrangian of Atom A = -(1/4) Times Atomic Integral of the Laplacian of the Electron Density
  K(A) = Electronic Kinetic Energy of Atom A (Hamiltonian Form)
  K_Scaled(A) = K(A) * E(Mol)/K(Mol) = Approximation to Virial-Based Total Energy of Atom A.
  |Mu_Intra(A)| = Magnitude of Intraatomic Dipole Moment of Atom A
--------------------------------------------------------------------------------------------------
Atom A          q(A)              L(A)              K(A)          K_Scaled(A)      |Mu_Intra(A)|
--------------------------------------------------------------------------------------------------
C1       -2.7598245600E-02 -3.3632161753E-04  3.7717123736E+01 -3.8082319787E+01  1.6215347758E-01
H2        5.4176820120E-02 -6.3646408342E-06  5.9359968691E-01 -5.9934721588E-01  1.4608059491E-01
C3        5.0237236080E-01 -3.0701124651E-04  3.7387537615E+01 -3.7749542448E+01  7.2390331895E-01
C4       -1.0775091310E-01 -1.6316253505E-04  3.7697480164E+01 -3.8062486016E+01  2.2739109116E-01
H5        3.4819119160E-02  1.2728563897E-05  5.9822792575E-01 -6.0402026764E-01  1.4780901850E-01
H6        4.0292731930E-02  3.8393570529E-05  5.9478282449E-01 -6.0054180918E-01  1.4969579749E-01
C7        5.0990307840E-01  3.7191384481E-05  3.7381348119E+01 -3.7743293022E+01  7.5966543109E-01
H8        7.1497990780E-02  3.1967946706E-05  5.9205483990E-01 -5.9778741089E-01  1.4576352593E-01
C9       -6.9910218600E-02 -9.9191410593E-05  3.7721948642E+01 -3.8087191410E+01  7.2410780421E-02
H10       2.1603246720E-02  2.4441803324E-05  6.0593987951E-01 -6.1180689239E-01  1.5494330225E-01
C11      -7.1949325200E-02 -9.1340422045E-05  3.7723662334E+01 -3.8088921694E+01  6.8987397266E-02
H12       1.9797213020E-02  2.2642841584E-05  6.0666903578E-01 -6.1254310871E-01  1.5517279914E-01
O13      -1.1020351745E+00 -8.0916297313E-05  7.5241738231E+01 -7.5970266361E+01  1.7991132201E-01
O14      -1.1072203470E+00  5.3878319236E-05  7.5233809002E+01 -7.5962260357E+01  2.1160506756E-01
C15       4.6551005910E-01 -3.9649948951E-04  3.7404723023E+01 -3.7766894254E+01  6.3402816731E-01
H16       2.5978641390E-02  2.8394681731E-05  6.0674232007E-01 -6.1261710259E-01  1.5715016520E-01
H17       4.0485720390E-02  2.5800322281E-05  6.0348534145E-01 -6.0932858827E-01  1.4674238336E-01
H18       2.9280274220E-02  3.2942520688E-05  6.0457355917E-01 -6.1042734265E-01  1.5801088678E-01
C19       4.4051806020E-01  5.6478554629E-05  3.7422070074E+01 -3.7784409267E+01  6.3044257189E-01
H20       3.1647643420E-02  3.2503801574E-05  6.0426742189E-01 -6.1011824120E-01  1.5534469518E-01
H21       4.5145873120E-02  2.4263005840E-05  6.0175651894E-01 -6.0758302644E-01  1.4557542681E-01
H22       4.8917806490E-02  4.8981326156E-05  5.9700304818E-01 -6.0278353019E-01  1.4962355517E-01
C23       1.7744929700E-02  4.3046870035E-05  3.7672698679E+01 -3.8037464584E+01  7.8680562384E-02
H24       7.2620885600E-03  2.7597437263E-05  6.1288061648E-01 -6.1881483305E-01  1.5668410010E-01
H25       4.0529315200E-03  2.3093642150E-05  6.1274571320E-01 -6.1867862356E-01  1.5886155406E-01
C26       1.4263228400E-02 -2.7597893963E-04  3.7674672028E+01 -3.8039457040E+01  8.5985858012E-02
H27       3.9748614100E-03  2.1566149486E-05  6.1411050866E-01 -6.2005663366E-01  1.5763827304E-01
H28       2.0685144850E-02  3.1371137588E-05  6.0772628081E-01 -6.1361059052E-01  1.4397422574E-01
C29       2.0591382900E-02  1.1897602694E-04  3.7670412531E+01 -3.8035156300E+01  6.8375826690E-02
H30      -6.4880774000E-03  2.8902410462E-05  6.1912200369E-01 -6.2511665249E-01  1.5997921404E-01
H31      -2.9026357000E-03  2.5817316764E-05  6.1768450264E-01 -6.2366523284E-01  1.5819032873E-01
C32       1.8002459500E-02 -2.6428023070E-04  3.7673563169E+01 -3.8038337444E+01  7.6931431552E-02
H33       9.1091801200E-03  2.9904474817E-05  6.1305027044E-01 -6.1898612969E-01  1.4957581634E-01
H34      -2.8685154000E-03  2.9671200505E-05  6.1770346988E-01 -6.2368438373E-01  1.5810726974E-01
--------------------------------------------------------------------------------------------------
Total    -1.0906062800E-03 -1.1705115210E-03  6.1374691311E+02 -6.1968951760E+02
 
1st Largest |L(A)| = 3.9649948951E-04, atom C15     
2nd Largest |L(A)| = 3.3632161753E-04, atom C1      
 
Molecular charge q(Mol) from the wfn file:   0.0000000000E+00
Molecular energy E(Mol) from the wfn file:  -6.1968981282E+02
Molecular virial ratio (-V(Mol)/T(Mol)) from the wfn file:   2.0096825000E+00
Note.  K_Scaled(A) = (1+V(Mol)/T(Mol))*K(A) = (E(Mol)/T(Mol))*K(A)
       Only use K_Scaled(A) data with caution.
 
N_AIMInt(SumA)     =        108.001091
N_Analytic(Mol)    =        107.999981
 
G_AIMInt(SumA)     =        613.748084
G_Analytic(Mol)    =        613.747163
 
K_AIMInt(SumA)     =        613.746913
K_Analytic(Mol)    =        613.747163
 
L_AIMInt(SumA)     =         -0.001171
L_Analytic(Mol)    =          0.000000
 
VenT_AIMInt(SumA)  =      -3203.917374
VenT_Analytic(Mol) =      -3203.899804
 
Some Information About the Atomic Calculations:
----------------------------------------------
  Time(sec) = "Elapsed User Time", in Seconds, for Atom A by AIMInt and, if used, by TWOe
  NProc = Number of Processors Used for AIMInt Job
  BIM = Basin Integration Method
  OAQ = Angular Quadrature Outside of Beta Sphere
  ORQ = Multiple of Default for Radial Quadrature Outside of Beta Sphere
  IAQ = Multiple of Default for Angular Quadrature Inside of Beta Sphere
  IRQ = Multiple of Default for Radial Quadrature Inside of Beta Sphere
  MIR = Maximum Integration Radius
------------------------------------------------------------------------------------------------------
Atom A     Time(sec)   NProc      BIM          OAQ                     ORQ      IAQ      IRQ      MIR
------------------------------------------------------------------------------------------------------
C1             69        8     Proaim(5)    4500(GS4)                  1.00     1.00     1.00    13.00
H2             11        8     Proaim(5)    1800(GS4)                  1.00     1.00     1.00    13.00
C3             58        8     Proaim(5)    5400(GS5)                  1.00     1.00     1.00    13.00
C4             47        8     Proaim(5)    4500(GS4)                  1.00     1.00     1.00    13.00
H5              9        8     Proaim(5)    1800(GS4)                  1.00     1.00     1.00    13.00
H6             11        8     Proaim(5)    1800(GS4)                  1.00     1.00     1.00    13.00
C7             44        8     Proaim(5)    4500(GS4)                  1.00     1.00     1.00    13.00
H8             10        8     Proaim(5)    1800(GS4)                  1.00     1.00     1.00    13.00
C9             32        8     Proaim(5)    4500(GS4)                  1.00     1.00     1.00    13.00
H10             7        8     Proaim(5)    1800(GS4)                  1.00     1.00     1.00    13.00
C11            43        8     Proaim(5)    4500(GS4)                  1.00     1.00     1.00    13.00
H12             8        8     Proaim(5)    1800(GS4)                  1.00     1.00     1.00    13.00
O13            28        8     Proaim(5)    4500(GS4)                  1.00     1.00     1.00    13.00
O14            37        8     Proaim(5)    4500(GS4)                  1.00     1.00     1.00    13.00
C15            27        8     Proaim(5)    4500(GS4)                  1.00     1.00     1.00    13.00
H16             7        8     Proaim(5)    1800(GS4)                  1.00     1.00     1.00    13.00
H17             6        8     Proaim(5)    1800(GS4)                  1.00     1.00     1.00    13.00
H18             8        8     Proaim(5)    1800(GS4)                  1.00     1.00     1.00    13.00
C19            38        8     Proaim(5)    4500(GS4)                  1.00     1.00     1.00    13.00
H20             7        8     Proaim(5)    1800(GS4)                  1.00     1.00     1.00    13.00
H21             8        8     Proaim(5)    1800(GS4)                  1.00     1.00     1.00    13.00
H22            24        8     Proaim(5)    4500(GS4)                  1.00     1.00     1.00    13.00
C23            37        8     Proaim(5)    4500(GS4)                  1.00     1.00     1.00    13.00
H24             9        8     Proaim(5)    1800(GS4)                  1.00     1.00     1.00    13.00
H25             7        8     Proaim(5)    1800(GS4)                  1.00     1.00     1.00    13.00
C26            37        8     Proaim(5)    4500(GS4)                  1.00     1.00     1.00    13.00
H27             9        8     Proaim(5)    1800(GS4)                  1.00     1.00     1.00    13.00
H28            19        8     Proaim(5)    4500(GS4)                  1.00     1.00     1.00    13.00
C29            37        8     Proaim(5)    4500(GS4)                  1.00     1.00     1.00    13.00
H30             7        8     Proaim(5)    1800(GS4)                  1.00     1.00     1.00    13.00
H31             9        8     Proaim(5)    1800(GS4)                  1.00     1.00     1.00    13.00
C32            43        8     Proaim(5)    4500(GS4)                  1.00     1.00     1.00    13.00
H33            27        8     Proaim(5)    4500(GS4)                  1.00     1.00     1.00    13.00
H34             8        8     Proaim(5)    1800(GS4)                  1.00     1.00     1.00    13.00
------------------------------------------------------------------------------------------------------
Total         788
Note:  Total wall clock time is less than total of atomic times if more than one atom
       was calculated at a time
 
Electron Density Critical Point Analysis of Molecular Structure:               
---------------------------------------------------------------                
  NACP = Nuclear Attractor Critical Point                                      
  NNACP = Non-Nuclear Attractor Critical Point                                 
  BCP = Bond Critical Point                                                    
  RCP = Ring Critical Point                                                    
  CCP = Cage Critical Point                                                    
  Rho = Electron Density                                                       
  GradRho = Gradient of Electron Density                                       
  HessRho_EigVals = Eigenvalues of the Hessian of Rho, Ascending Order         
  HessRho_EigVecs = Eigenvectors of the Hessian of Rho                         
  DelSqRho = Laplacian of Rho = Trace of Hessian of Rho                        
  Bond Ellipticity = (HessRho_EigVal(1) / HessRho_EigVal(2)) - 1               
  V = Virial Field = Potential Energy Density = Trace of Stress Tensor         
  G = Lagrangian Form of Kinetic Energy Density                                
  K = Hamiltonian Form of Kinetic Energy Density                               
  L = K - G = Lagrangian Density = (-1/4)DelSqRho                              
  Vnuc = Electrostatic Potential from Nuclei                                   
  Ven = Electron-nuclear attractive contribution to Virial Field V             
  Vrep = V - Ven = Repulsive contribution to Virial Field V                    
  DelSqV = Laplacian of V                                                      
  DelSqVen = Laplacian of Ven                                                  
  DelSqVrep = Laplacian of Vrep                                                
  DelSqG = Laplacian of G                                                      
  DelSqK = Laplacian of K                                                      
  Stress_EigVals = Eigenvalues of Stress Tensor, Ascending Order               
  Stress_EigVecs = Eigenvectors of Stress Tensor                               
  -DivStress = Ehrenfest Force Density = Minus Divergence of Stress Tensor     
  ESP = Total Electrostatic Potential                                          
  ESPe = Electrostatic Potential from Electrons                                
  ESPn = Electrostatic Potential from Nuclei                                   
  BP = Bond Path                                                               
  BPL = Bond Path Length                                                       
  GBL = Geometric Bond Length                                                  
  GBL_I = Distance Between Nuclear Attractors                                  
  GBL_II = Distance Between Nuclei                                             
  GBL_III = Sum of Distances Between BCP and Nuclear Attractors                
  GBL_IV = Sum of Distances Between BCP and Nuclei                             

CP# 1      Coords =  3.09324479729875E+00  1.53689081032453E+00  2.41717730362903E-01
           Type = (3,-3) NACP C1
           Rho =  1.1761169972E+02     Rho at Nucleus =  1.1761169965E+02
           GradRho =  1.5190509961E-10 -1.4703821494E-10 -9.8790975400E-11
           HessRho_EigVals = -1.4492155528E+05 -1.4492145778E+05 -1.4492122625E+05
           HessRho_EigVec1 = -7.2370479969E-01  6.3187589354E-01  2.7746029998E-01
           HessRho_EigVec2 =  6.3011890191E-01  7.6899117833E-01 -1.0771600208E-01
           HessRho_EigVec3 =  2.8142766809E-01 -9.6878391841E-02  9.5467955086E-01
           DelSqRho = -4.3476423931E+05
           Bond Ellipticity = NA
           V = -1.0870155440E+05
           G =  5.2472873926E+00
           K =  1.0869630711E+05
           L =  1.0869105983E+05
           Vnuc =  6.0149150384E+06
           Ven = -7.0742438134E+08
           Vrep =  7.0731567979E+08
           DelSqV =  2.4938414388E+09
           DelSqVen =  2.6150701302E+12
           DelSqVrep = -2.6125762887E+12
           DelSqG =  1.3395360178E+08
           DelSqK = -2.6277950405E+09
           Stress_EigVals = -3.6234030429E+04 -3.6233890163E+04 -3.6233633810E+04
           Stress_EigVec1 =  3.3816462847E-01 -3.5960353737E-01  8.6967234058E-01
           Stress_EigVec2 = -5.9469544920E-01  6.3456113797E-01  4.9362889388E-01
           Stress_EigVec3 =  7.2937096649E-01  6.8411801474E-01 -7.3154427229E-04
           -DivStress = -4.6315345311E+02  5.5368052847E+02  3.7467186959E+02
           ESP =  -1.4749441399E+01     ESP at Nucleus =  -1.4749441402E+01
           ESPe = -3.3098798182E+01     ESPe at Nucleus = -3.3098797838E+01
           ESPn =  1.8349356782E+01     ESPn at Nucleus =  1.8349356436E+01

CP# 2      Coords =  2.79772494350275E+00  1.82353559771289E+00  2.21495529684131E+00
           Type = (3,-3) NACP H2
           Rho =  4.2510564304E-01     Rho at Nucleus =  4.2140171503E-01
           GradRho =  1.0886825430E-09 -1.0660629610E-09 -7.5909239537E-09
           HessRho_EigVals = -6.4894273322E+00 -6.4826522780E+00 -5.8883624205E+00
           HessRho_EigVec1 =  6.7809917601E-01 -7.0695151770E-01  2.0100014708E-01
           HessRho_EigVec2 =  7.2071922164E-01  6.9319521378E-01  6.6482444634E-03
           HessRho_EigVec3 = -1.4403232644E-01  1.4035650046E-01  9.7956865084E-01
           DelSqRho = -1.8860442031E+01
           Bond Ellipticity = NA
           V = -4.7253457620E+00
           G =  5.1176271333E-03
           K =  4.7202281348E+00
           L =  4.7151105077E+00
           Vnuc =  4.7142643951E+01
           Ven = -2.0040603971E+01
           Vrep =  1.5315258209E+01
           DelSqV =  7.1041580022E+02
           DelSqVen =  8.8913111600E+02
           DelSqVrep = -1.7871531578E+02
           DelSqG =  7.0095645569E+01
           DelSqK = -7.8051144579E+02
           Stress_EigVals = -1.6257653087E+00 -1.6255690641E+00 -1.4740113892E+00
           Stress_EigVec1 = -2.1677937271E-01 -9.7047574934E-01  1.0575217964E-01
           Stress_EigVec2 =  9.6579303054E-01 -1.9741067599E-01  1.6814531562E-01
           Stress_EigVec3 = -1.4230434191E-01  1.3858515411E-01  9.8007327753E-01
           -DivStress = -1.1051507839E+00  1.0834430547E+00  7.7652264295E+00
           ESP =  -1.1045560320E+00     ESP at Nucleus =  -1.1070490277E+00
           ESPe = -1.9678743898E+01     ESPe at Nucleus = -1.9590102172E+01
           ESPn =  1.8574187866E+01     ESPn at Nucleus =  1.8483053144E+01

CP# 3      Coords =  4.98121857808215E+00 -3.89855955946300E-01 -4.22422088871899E-01
           Type = (3,-3) NACP C3
           Rho =  1.1762109337E+02     Rho at Nucleus =  1.1762109055E+02
           GradRho = -6.1415428299E-11  3.5203819027E-12  3.5442759838E-12
           HessRho_EigVals = -1.4491199073E+05 -1.4491147029E+05 -1.4491021122E+05
           HessRho_EigVec1 =  8.2700821837E-01 -1.0158441412E-01  5.5293581323E-01
           HessRho_EigVec2 = -4.5418823281E-01 -7.0035850359E-01  5.5064599846E-01
           HessRho_EigVec3 = -3.3131624760E-01  7.0652570601E-01  6.2534068381E-01
           DelSqRho = -4.3473367224E+05
           Bond Ellipticity = NA
           V = -1.0869340130E+05
           G =  4.9916213846E+00
           K =  1.0868840968E+05
           L =  1.0868341806E+05
           Vnuc =  9.6311811487E+05
           Ven = -1.1328300571E+08
           Vrep =  1.1317431231E+08
           DelSqV =  2.4936353600E+09
           DelSqVen =  4.1869987430E+11
           DelSqVrep = -4.1620623946E+11
           DelSqG =  1.3392174200E+08
           DelSqK = -2.6275571020E+09
           Stress_EigVals = -3.6231544443E+04 -3.6230969718E+04 -3.6230887143E+04
           Stress_EigVec1 = -2.9987244463E-01  6.9834904504E-01  6.4991163110E-01
           Stress_EigVec2 =  6.4971305956E-01 -3.4933893625E-01  6.7515572119E-01
           Stress_EigVec3 =  6.9853379102E-01  6.2471667090E-01 -3.4896937388E-01
           -DivStress = -2.6938039627E+03 -7.6738158557E+02 -4.1993596442E+03
           ESP =  -1.4685152612E+01     ESP at Nucleus =  -1.4685152821E+01
           ESPe = -3.3029574776E+01     ESPe at Nucleus = -3.3029574109E+01
           ESPn =  1.8344422165E+01     ESPn at Nucleus =  1.8344421288E+01

CP# 4      Coords =  4.94950472147711E+00 -1.83430319670726E+00 -2.51645963154138E+00
           Type = (3,-3) NACP C4
           Rho =  1.1760084693E+02     Rho at Nucleus =  1.1760084691E+02
           GradRho =  2.4101720619E-11  1.1475709272E-11 -2.9287024195E-11
           HessRho_EigVals = -1.4491208250E+05 -1.4491204695E+05 -1.4491199584E+05
           HessRho_EigVec1 =  2.9639836873E-01  1.2399387801E-01  9.4698126973E-01
           HessRho_EigVec2 = -3.6398059088E-01  9.3137194558E-01 -8.0267332222E-03
           HessRho_EigVec3 =  8.8298705340E-01  3.4230369148E-01 -3.2118849034E-01
           DelSqRho = -4.3473612529E+05
           Bond Ellipticity = NA
           V = -1.0869447198E+05
           G =  5.2203274339E+00
           K =  1.0868925165E+05
           L =  1.0868403132E+05
           Vnuc =  1.4099344539E+07
           Ven = -1.6580948589E+09
           Vrep =  1.6579861645E+09
           DelSqV =  2.4936847322E+09
           DelSqVen =  6.1294887567E+12
           DelSqVrep = -6.1269950720E+12
           DelSqG =  1.3394927127E+08
           DelSqK = -2.6276340035E+09
           Stress_EigVals = -3.6231618852E+04 -3.6231576462E+04 -3.6231276664E+04
           Stress_EigVec1 =  2.7652394526E-02 -5.8931271632E-01 -8.0743164879E-01
           Stress_EigVec2 =  8.8530387862E-01 -3.6065066741E-01  2.9354409991E-01
           Stress_EigVec3 =  4.6419003390E-01  7.2293956766E-01 -5.1174797893E-01
           -DivStress = -2.1880710625E+02 -4.7286897391E+01  2.6440024002E+02
           ESP =  -1.4768433014E+01     ESP at Nucleus =  -1.4768433016E+01
           ESPe = -3.0400870663E+01     ESPe at Nucleus = -3.0400871169E+01
           ESPn =  1.5632437649E+01     ESPn at Nucleus =  1.5632438153E+01

CP# 5      Coords =  6.41284856175348E+00 -3.13302173964783E+00 -2.98084958076171E+00
           Type = (3,-3) NACP H5
           Rho =  4.2480832226E-01     Rho at Nucleus =  4.2114689929E-01
           GradRho = -2.5727033351E-15 -2.0643209364E-16  4.1953203064E-16
           HessRho_EigVals = -6.4655814683E+00 -6.4589600862E+00 -5.8732102965E+00
           HessRho_EigVec1 =  4.8540543209E-01  2.3740681343E-01  8.4143898854E-01
           HessRho_EigVec2 =  4.8835394940E-01  7.2466553354E-01 -4.8617927208E-01
           HessRho_EigVec3 =  7.2518410531E-01 -6.4691411287E-01 -2.3581803148E-01
           DelSqRho = -1.8797751851E+01
           Bond Ellipticity = NA
           V = -4.7101546107E+00
           G =  5.3583239586E-03
           K =  4.7047962867E+00
           L =  4.6994379628E+00
           Vnuc =  4.4152043665E+01
           Ven = -1.8756155594E+01
           Vrep =  1.4046000983E+01
           DelSqV =  7.0800716625E+02
           DelSqVen =  8.2995916054E+02
           DelSqVrep = -1.2195199428E+02
           DelSqG =  6.9675453195E+01
           DelSqK = -7.7768261945E+02
           Stress_EigVals = -1.6203844288E+00 -1.6198579891E+00 -1.4699121928E+00
           Stress_EigVec1 = -5.0991818382E-01 -7.3443073143E-01  4.4787827201E-01
           Stress_EigVec2 =  4.6440087004E-01  2.0323294216E-01  8.6199083703E-01
           Stress_EigVec3 =  7.2409617988E-01 -6.4753986129E-01 -2.3743809790E-01
           -DivStress =  5.6984318865E+00 -5.0825600441E+00 -1.8571398199E+00
           ESP =  -1.1155969155E+00     ESP at Nucleus =  -1.1180435833E+00
           ESPe = -1.6574594837E+01     ESPe at Nucleus = -1.6486208590E+01
           ESPn =  1.5458997921E+01     ESPn at Nucleus =  1.5368165007E+01

CP# 6      Coords =  3.40375316326859E+00 -1.70388042669423E+00 -3.79641751974910E+00
           Type = (3,-3) NACP H6
           Rho =  4.2390759120E-01     Rho at Nucleus =  4.2022541422E-01
           GradRho =  2.0404684886E-15  4.1394838945E-16  1.2568071583E-15
           HessRho_EigVals = -6.4494263546E+00 -6.4417197374E+00 -5.8546161340E+00
           HessRho_EigVec1 = -4.4939486032E-01  6.5618063855E-01  6.0619405235E-01
           HessRho_EigVec2 = -4.5546095836E-01 -7.5205260144E-01  4.7641599477E-01
           HessRho_EigVec3 =  7.6850476572E-01 -6.1998824615E-02  6.3683323627E-01
           DelSqRho = -1.8745762226E+01
           Bond Ellipticity = NA
           V = -4.6968588103E+00
           G =  5.2091269202E-03
           K =  4.6916496834E+00
           L =  4.6864405565E+00
           Vnuc =  4.5277488039E+01
           Ven = -1.9193470890E+01
           Vrep =  1.4496612080E+01
           DelSqV =  7.0586291908E+02
           DelSqVen =  8.4876102497E+02
           DelSqVrep = -1.4289810589E+02
           DelSqG =  6.9438606531E+01
           DelSqK = -7.7530152561E+02
           Stress_EigVals = -1.6160615787E+00 -1.6156615724E+00 -1.4651356592E+00
           Stress_EigVec1 =  4.5028956515E-01  7.5810010863E-01 -4.7172400068E-01
           Stress_EigVec2 = -4.5444147923E-01  6.4935334375E-01  6.0977305362E-01
           Stress_EigVec3 =  7.6858457535E-01 -6.0203490497E-02  6.3690916955E-01
           -DivStress = -6.0566187520E+00  4.9149288264E-01 -5.0017482850E+00
           ESP =  -1.1182532304E+00     ESP at Nucleus =  -1.1207129785E+00
           ESPe = -1.7825673974E+01     ESPe at Nucleus = -1.7757182369E+01
           ESPn =  1.6707420744E+01     ESPn at Nucleus =  1.6636469391E+01

CP# 7      Coords =  1.87351857401410E+00  2.93058304325677E+00 -1.49663333858882E+00
           Type = (3,-3) NACP C7
           Rho =  1.1764643391E+02     Rho at Nucleus =  1.1764643077E+02
           GradRho =  8.8631324502E-12 -1.0764389380E-11 -6.2684857305E-12
           HessRho_EigVals = -1.4495012056E+05 -1.4494971083E+05 -1.4494837509E+05
           HessRho_EigVec1 = -6.1393109914E-01  7.3155103047E-01  2.9651592763E-01
           HessRho_EigVec2 = -7.7575434593E-01 -6.2860572431E-01 -5.5317611452E-02
           HessRho_EigVec3 =  1.4592395380E-01 -2.6398472149E-01  9.5342449440E-01
           DelSqRho = -4.3484820649E+05
           Bond Ellipticity = NA
           V = -1.0872213767E+05
           G =  5.0430252041E+00
           K =  1.0871709465E+05
           L =  1.0871205162E+05
           Vnuc =  9.1111559155E+05
           Ven = -1.0718950023E+08
           Vrep =  1.0708077809E+08
           DelSqV =  2.4942985366E+09
           DelSqVen =  3.9619697920E+11
           DelSqVrep = -3.9370268066E+11
           DelSqG =  1.3396429727E+08
           DelSqK = -2.6282628339E+09
           Stress_EigVals = -3.6241127958E+04 -3.6240575490E+04 -3.6240434224E+04
           Stress_EigVec1 =  1.8287217550E-01 -2.8698329369E-01  9.4031822091E-01
           Stress_EigVec2 = -7.1926192653E-01  6.1298972906E-01  3.2696463587E-01
           Stress_EigVec3 =  6.7023879958E-01  7.3612782940E-01  9.4317391390E-02
           -DivStress =  3.9543143420E+03 -3.5312102510E+03 -6.5028513807E+02
           ESP =  -1.4684411533E+01     ESP at Nucleus =  -1.4684411741E+01
           ESPe = -3.2815073159E+01     ESPe at Nucleus = -3.2815071395E+01
           ESPn =  1.8130661626E+01     ESPn at Nucleus =  1.8130659654E+01

CP# 8      Coords =  2.25307817014568E+00  2.74353133019916E+00 -3.46794435446458E+00
           Type = (3,-3) NACP H8
           Rho =  4.3054653663E-01     Rho at Nucleus =  4.2656624132E-01
           GradRho = -1.2004286454E-15 -8.8731105796E-16 -4.3368086899E-16
           HessRho_EigVals = -6.5778629187E+00 -6.5649481114E+00 -5.9322731768E+00
           HessRho_EigVec1 =  6.9014585021E-01 -6.9431940236E-01  2.0400802175E-01
           HessRho_EigVec2 =  6.9756459640E-01  7.1330349354E-01  6.7836273092E-02
           HessRho_EigVec3 = -1.9261967522E-01  9.5491850989E-02  9.7661607969E-01
           DelSqRho = -1.9075084207E+01
           Bond Ellipticity = NA
           V = -4.7770790523E+00
           G =  4.1540002988E-03
           K =  4.7729250520E+00
           L =  4.7687710517E+00
           Vnuc =  4.5321596242E+01
           Ven = -1.9513056297E+01
           Vrep =  1.4735977244E+01
           DelSqV =  7.1726864246E+02
           DelSqVen =  8.6451326471E+02
           DelSqVrep = -1.4724462225E+02
           DelSqG =  7.0783905643E+01
           DelSqK = -7.8805254810E+02
           Stress_EigVals = -1.6469098255E+00 -1.6452212577E+00 -1.4849479690E+00
           Stress_EigVec1 =  6.6721159319E-01 -7.1689114857E-01  2.0222702838E-01
           Stress_EigVec2 =  7.1922722114E-01  6.9066693385E-01  7.5441307379E-02
           Stress_EigVec3 = -1.9375472713E-01  9.5111868771E-02  9.7642861395E-01
           -DivStress =  1.5809389880E+00 -7.7119917613E-01 -8.0687925965E+00
           ESP =  -1.0966614269E+00     ESP at Nucleus =  -1.0993047756E+00
           ESPe = -1.8731872897E+01     ESPe at Nucleus = -1.8632711147E+01
           ESPn =  1.7635211470E+01     ESPn at Nucleus =  1.7533406371E+01

CP# 9      Coords = -5.45161049710493E+00 -1.26426941537527E+00  2.84364640424026E+00
           Type = (3,-3) NACP C9
           Rho =  1.1767772893E+02     Rho at Nucleus =  1.1767772876E+02
           GradRho =  2.6673345477E-10 -6.7329108955E-10  2.6771518336E-10
           HessRho_EigVals = -1.4500499408E+05 -1.4500422389E+05 -1.4500389095E+05
           HessRho_EigVec1 =  8.8885697871E-01  4.4762215545E-01  9.7814504769E-02
           HessRho_EigVec2 = -3.6841292839E-01  5.7130501503E-01  7.3340472728E-01
           HessRho_EigVec3 = -2.7240628773E-01  6.8792803820E-01 -6.7271823869E-01
           DelSqRho = -4.3501310891E+05
           Bond Ellipticity = NA
           V = -1.0876346890E+05
           G =  5.0958367549E+00
           K =  1.0875837307E+05
           L =  1.0875327723E+05
           Vnuc =  3.9291199210E+06
           Ven = -4.6236990901E+08
           Vrep =  4.6226114554E+08
           DelSqV =  2.4952603373E+09
           DelSqVen =  1.7092185948E+12
           DelSqVrep = -1.7067233345E+12
           DelSqG =  1.3403140059E+08
           DelSqK = -2.6292917378E+09
           Stress_EigVals = -3.6254752466E+04 -3.6254577879E+04 -3.6254138557E+04
           Stress_EigVec1 =  2.3542587117E-01 -6.2660374520E-01  7.4292826416E-01
           Stress_EigVec2 = -3.9558806445E-01  6.3644678620E-01  6.6215222691E-01
           Stress_EigVec3 =  8.8774137138E-01  4.4978131891E-01  9.8040923649E-02
           -DivStress = -4.8941359509E+02  1.0634563430E+03 -4.1503220570E+02
           ESP =  -1.4752955438E+01     ESP at Nucleus =  -1.4752955457E+01
           ESPe = -3.1026569674E+01     ESPe at Nucleus = -3.1026570456E+01
           ESPn =  1.6273614236E+01     ESPn at Nucleus =  1.6273614999E+01

CP# 10     Coords = -5.73798432820429E+00 -1.14668577462628E+00  4.84565673941621E+00
           Type = (3,-3) NACP H10
           Rho =  4.2931625826E-01     Rho at Nucleus =  4.2578131376E-01
           GradRho =  4.8087187422E-10 -2.0870583300E-10 -3.2919735562E-09
           HessRho_EigVals = -6.5607859813E+00 -6.5531617263E+00 -5.9701674691E+00
           HessRho_EigVec1 = -4.4954205166E-01  8.8498112138E-01 -1.2132748489E-01
           HessRho_EigVec2 =  8.8158752704E-01  4.6144180118E-01  9.9372512711E-02
           HessRho_EigVec3 = -1.4392837089E-01  6.2288674124E-02  9.8762581230E-01
           DelSqRho = -1.9084115177E+01
           Bond Ellipticity = NA
           V = -4.7805363538E+00
           G =  4.7537798415E-03
           K =  4.7757825740E+00
           L =  4.7710287942E+00
           Vnuc =  4.4830904009E+01
           Ven = -1.9246635963E+01
           Vrep =  1.4466099609E+01
           DelSqV =  7.1967945500E+02
           DelSqVen =  8.5555814132E+02
           DelSqVrep = -1.3587868633E+02
           DelSqG =  7.1042679111E+01
           DelSqK = -7.9072213411E+02
           Stress_EigVals = -1.6434493175E+00 -1.6425475141E+00 -1.4945395222E+00
           Stress_EigVec1 =  4.8427364867E-01 -8.6617614270E-01  1.2336094607E-01
           Stress_EigVec2 =  8.6312081422E-01  4.9604666403E-01  9.4658159494E-02
           Stress_EigVec3 = -1.4318342523E-01  6.0634947939E-02  9.8783698545E-01
           -DivStress = -1.1209142628E+00  4.8428038970E-01  7.6800394239E+00
           ESP =  -1.1216501850E+00     ESP at Nucleus =  -1.1240261943E+00
           ESPe = -1.6529526533E+01     ESPe at Nucleus = -1.6436403810E+01
           ESPn =  1.5407876348E+01     ESPn at Nucleus =  1.5312377616E+01

CP# 11     Coords = -6.24895213586658E+00  6.21791025119144E-01  1.35961740833145E+00
           Type = (3,-3) NACP C11
           Rho =  1.1768142341E+02     Rho at Nucleus =  1.1768142324E+02
           GradRho = -6.6930183618E-11  5.3487947405E-10 -6.0568008942E-10
           HessRho_EigVals = -1.4501083233E+05 -1.4501008910E+05 -1.4500975494E+05
           HessRho_EigVec1 =  8.9527990296E-01  4.3359758358E-01  1.0230850828E-01
           HessRho_EigVec2 = -3.0133880151E-01  4.2023992520E-01  8.5591666182E-01
           HessRho_EigVec3 = -3.2812927644E-01  7.9711450920E-01 -5.0689213563E-01
           DelSqRho = -4.3503067637E+05
           Bond Ellipticity = NA
           V = -1.0876786895E+05
           G =  5.0999300822E+00
           K =  1.0876276902E+05
           L =  1.0875766909E+05
           Vnuc =  3.8884094318E+06
           Ven = -4.5759355674E+08
           Vrep =  4.5748478887E+08
           DelSqV =  2.4953622042E+09
           DelSqVen =  1.6915773194E+12
           DelSqVrep = -1.6890819736E+12
           DelSqG =  1.3403806674E+08
           DelSqK = -2.6294002709E+09
           Stress_EigVals = -3.6256216843E+04 -3.6256042581E+04 -3.6255609530E+04
           Stress_EigVec1 = -3.6784931809E-01  8.3366791593E-01 -4.1192800965E-01
           Stress_EigVec2 = -2.5541071561E-01  3.3536780503E-01  9.0680416943E-01
           Stress_EigVec3 =  8.9412093451E-01  4.3877812309E-01  8.9562900602E-02
           -DivStress =  1.1648935333E+02 -8.1575172129E+02  9.4682817732E+02
           ESP =  -1.4753206175E+01     ESP at Nucleus =  -1.4753206195E+01
           ESPe = -3.1210542366E+01     ESPe at Nucleus = -3.1210542894E+01
           ESPn =  1.6457336190E+01     ESPn at Nucleus =  1.6457336699E+01

CP# 12     Coords = -7.13373748263659E+00  2.24065020760117E+00  2.19707707942092E+00
           Type = (3,-3) NACP H12
           Rho =  4.2955490906E-01     Rho at Nucleus =  4.2602974389E-01
           GradRho =  2.8275992658E-16 -2.0512020901E-15 -1.5395670849E-16
           HessRho_EigVals = -6.5651086370E+00 -6.5575229647E+00 -5.9753845102E+00
           HessRho_EigVec1 = -1.4047319967E-01  3.9842724936E-01 -9.0637906372E-01
           HessRho_EigVec2 =  8.8873854849E-01  4.5421271355E-01  6.1924173624E-02
           HessRho_EigVec3 = -4.3636117220E-01  7.9683532666E-01  4.1790236848E-01
           DelSqRho = -1.9098016112E+01
           Bond Ellipticity = NA
           V = -4.7839955366E+00
           G =  4.7457542945E-03
           K =  4.7792497823E+00
           L =  4.7745040280E+00
           Vnuc =  4.5180532943E+01
           Ven = -1.9407519720E+01
           Vrep =  1.4623524183E+01
           DelSqV =  7.2025642817E+02
           DelSqVen =  8.6285854609E+02
           DelSqVrep = -1.4260211792E+02
           DelSqG =  7.1106425678E+01
           DelSqK = -7.9136285385E+02
           Stress_EigVals = -1.6445357098E+00 -1.6436067453E+00 -1.4958530814E+00
           Stress_EigVec1 =  1.7359285531E-01 -3.7929640730E-01  9.0884528716E-01
           Stress_EigVec2 =  8.8275953407E-01  4.6904062524E-01  2.7138475942E-02
           Stress_EigVec3 = -4.3657888816E-01  7.9758079671E-01  4.1624962117E-01
           -DivStress = -3.3899347130E+00  6.1894772635E+00  3.2472253901E+00
           ESP =  -1.1212807184E+00     ESP at Nucleus =  -1.1236484408E+00
           ESPe = -1.6826479004E+01     ESPe at Nucleus = -1.6734602921E+01
           ESPn =  1.5705198285E+01     ESPn at Nucleus =  1.5610954480E+01

CP# 13     Coords =  6.77970996691048E+00 -5.18739304972556E-01  1.43946475208367E+00
           Type = (3,-3) NACP O13
           Rho =  2.8991794413E+02     Rho at Nucleus =  2.8991791184E+02
           GradRho =  8.7150286987E-11  2.0219381724E-12 -3.7182257273E-11
           HessRho_EigVals = -6.3927172894E+05 -6.3925548344E+05 -6.3924629970E+05
           HessRho_EigVec1 =  8.2054450123E-01 -4.3898737533E-01  3.6605574138E-01
           HessRho_EigVec2 = -2.6968474557E-02  6.0997768905E-01  7.9195954457E-01
           HessRho_EigVec3 =  5.7094607703E-01  6.5971001444E-01 -4.8867501876E-01
           DelSqRho = -1.9177735121E+06
           Bond Ellipticity = NA
           V = -4.7953731037E+05
           G =  4.6966175331E+01
           K =  4.7949034420E+05
           L =  4.7944337802E+05
           Vnuc =  7.9597021788E+05
           Ven = -2.3076604915E+08
           Vrep =  2.3028651184E+08
           DelSqV =  1.9776313810E+10
           DelSqVen =  1.5264905981E+12
           DelSqVrep = -1.5067142843E+12
           DelSqG =  1.0574580669E+09
           DelSqK = -2.0833771877E+10
           Stress_EigVals = -1.5984860950E+05 -1.5984610593E+05 -1.5984259494E+05
           Stress_EigVec1 =  5.7147464803E-01  6.5815100305E-01 -4.9015710119E-01
           Stress_EigVec2 = -2.1264167815E-02  6.0897704534E-01  7.9290276417E-01
           Stress_EigVec3 =  8.2034417279E-01 -4.4270104522E-01  3.6200997602E-01
           -DivStress = -2.6499794557E+03  4.0989194774E+04  4.9980629634E+04
           ESP =  -2.2291949371E+01     ESP at Nucleus =  -2.2291950541E+01
           ESPe = -3.7526293348E+01     ESPe at Nucleus = -3.7526282476E+01
           ESPn =  1.5234343977E+01     ESPn at Nucleus =  1.5234331935E+01

CP# 14     Coords =  8.07855193613259E-02  4.71343196880603E+00 -1.11310274385840E+00
           Type = (3,-3) NACP O14
           Rho =  2.8987282223E+02     Rho at Nucleus =  2.8987278947E+02
