AIMSum (Version 19.02.13, Professional)
Copyright (c) 1997-2019 by Todd A. Keith
AIMSum is a component of the AIMAll package ( http://aim.tkgristmill.com )

TP:  64-bit Linux

Much of the Quantum Theory of Atoms in Molecules (QTAIM) is described in the book:
  "Atoms in Molecules - A Quantum Theory"
  R.F.W. Bader, Oxford University Press, Oxford, 1990

For additional references see:  http://aim.tkgristmill.com/references.html

Wfn File:  /home/mhennefarth/Documents/ML_Diels/summary-liu2013/2dn-opt/2dn-opt.wfn
Sum File:  /home/mhennefarth/Documents/ML_Diels/summary-liu2013/2dn-opt/2dn-opt.sum

SumViz File:  /home/mhennefarth/Documents/ML_Diels/summary-liu2013/2dn-opt/2dn-opt.sumviz

Wfn Title:   Title Card Required                                                           
 
Total memory allocated for AIMSum =        1.983 Megabytes

Atomic units (a.u.) used throughout, except where stated otherwise

Model:  Restricted SCF
 
Restricted, closed-shell, single-determinant wavefunction.
  Number of electrons (from MO Occs)                   =         108.0000000000
  Number of Alpha electrons (from MO Occs)             =          54.0000000000
  Number of Beta electrons (from MO Occs)              =          54.0000000000
  Number of electron pairs (N*(N-1)/2)                 =        5778.0000000000
  Number of electron pairs (from Muller 2EDM)          =        5778.0000000000
 
Nuclear Charges and Cartesian Coordinates:
-------------------------------------------------------------------------------
Atom      Charge                X                  Y                  Z
-------------------------------------------------------------------------------
C1         6.0          -3.1119837000E+00   2.4151255100E+00  -9.7195052000E-01
H2         1.0          -3.6805183500E+00   2.8583739500E+00  -2.8949149700E+00
C3         6.0          -4.3372592000E+00   2.5027225000E-01   2.5231529000E-01
C4         6.0          -4.8696387800E+00   7.2705810000E-02   2.7367964100E+00
H5         1.0          -4.5212852300E+00   1.6748197200E+00   3.9605750900E+00
H6         1.0          -5.6670150700E+00  -1.6033815600E+00   3.5976644000E+00
C7         6.0          -1.2896044600E+00   3.7780321500E+00   1.4285316000E-01
H8         1.0          -5.5725546000E-01   3.2988952200E+00   2.0072288200E+00
C9         6.0           4.5912937300E+00  -8.2733533000E-01   2.2889495900E+00
C10        6.0           5.6017580400E+00  -1.9870251000E-01   5.7252100000E-02
O11        8.0          -4.8727468400E+00  -1.5703555300E+00  -1.5121627200E+00
O12        8.0          -2.6316729000E-01   5.8443606600E+00  -9.7125735000E-01
C13        6.0          -6.1925483100E+00  -3.7499297200E+00  -6.8520932000E-01
H14        1.0          -7.9968304600E+00  -3.2428329200E+00   2.0575134000E-01
H15        1.0          -6.5431594400E+00  -4.8839426000E+00  -2.3727799200E+00
H16        1.0          -5.0634228600E+00  -4.8524174900E+00   6.6267510000E-01
C17        6.0           1.9982683300E+00   6.7494538900E+00   1.7425347000E-01
H18        1.0           2.5843661000E+00   8.4003305400E+00  -9.1479862000E-01
H19        1.0           1.6643988300E+00   7.3149082000E+00   2.1439849300E+00
H20        1.0           3.4893581000E+00   5.3107260800E+00   1.2104694000E-01
H21        1.0           5.1501067200E+00   2.0589844000E-01   3.9813221200E+00
H22        1.0           7.0037745600E+00   1.3088540500E+00  -3.2349360000E-02
C23        6.0           2.7099152600E+00  -2.9472139300E+00   2.6229700500E+00
H24        1.0           3.1848184100E+00  -4.0345972000E+00   4.3279626100E+00
H25        1.0           8.1775118000E-01  -2.1541676300E+00   2.9739179000E+00
C26        6.0           2.6332651500E+00  -4.6982337400E+00   3.0602201000E-01
H27        1.0           9.9026688000E-01  -5.9575466700E+00   4.1934901000E-01
H28        1.0           4.3190728600E+00  -5.9121327300E+00   3.1192548000E-01
C29        6.0           4.9336239800E+00  -1.4900036600E+00  -2.3980289400E+00
H30        1.0           4.6481404700E+00  -6.4937210000E-02  -3.8814809200E+00
C31        6.0           2.5687608800E+00  -3.1614942000E+00  -2.1533451700E+00
H32        1.0           2.4184075800E+00  -4.4194321100E+00  -3.7942325800E+00
H33        1.0           8.7473008000E-01  -1.9648071000E+00  -2.1601038500E+00
H34        1.0           6.5565025700E+00  -2.6307110900E+00  -3.0326516600E+00
 
Some Atomic Properties:
----------------------
  q(A) = Net Charge of Atom A
  L(A) = Lagrangian of Atom A = -(1/4) Times Atomic Integral of the Laplacian of the Electron Density
  K(A) = Electronic Kinetic Energy of Atom A (Hamiltonian Form)
  K_Scaled(A) = K(A) * E(Mol)/K(Mol) = Approximation to Virial-Based Total Energy of Atom A.
  |Mu_Intra(A)| = Magnitude of Intraatomic Dipole Moment of Atom A
--------------------------------------------------------------------------------------------------
Atom A          q(A)              L(A)              K(A)          K_Scaled(A)      |Mu_Intra(A)|
--------------------------------------------------------------------------------------------------
C1       -1.1024580000E-04 -2.2970132950E-04  3.7714416378E+01 -3.8079233962E+01  1.7072535069E-01
H2        6.8125822370E-02  2.6221316088E-05  5.8437106251E-01 -5.9002377730E-01  1.4872626401E-01
C3        5.0183806750E-01  2.6216009610E-04  3.7389101962E+01 -3.7750772728E+01  7.2247504671E-01
C4       -1.1539381400E-01 -7.2089533293E-05  3.7697899843E+01 -3.8062557660E+01  2.2637612520E-01
H5        4.0965205760E-02  3.1297029814E-05  5.9460622077E-01 -6.0035794188E-01  1.5080489083E-01
H6        3.4658842960E-02  1.9965935298E-05  5.9816643970E-01 -6.0395259938E-01  1.4806646859E-01
C7        4.9921902450E-01 -3.7491191959E-04  3.7390535092E+01 -3.7752219720E+01  7.6274361374E-01
H8        5.7830904750E-02  4.1475834116E-05  5.9431287794E-01 -6.0006176150E-01  1.5271306602E-01
C9       -7.0590169100E-02 -4.3966735068E-05  3.7721509360E+01 -3.8086395555E+01  7.1209749357E-02
C10      -7.2124231000E-02  3.2700906560E-05  3.7721945996E+01 -3.8086836415E+01  7.2928496020E-02
O11      -1.1027327998E+00 -9.1900548457E-06  7.5239125696E+01 -7.5966925797E+01  1.7838246905E-01
O12      -1.1049724802E+00  2.5134362615E-04  7.5243277645E+01 -7.5971117909E+01  2.1613040452E-01
C13       4.6466036380E-01  1.1599552461E-04  3.7405759739E+01 -3.7767591637E+01  6.3361218895E-01
H14       3.0207133090E-02  2.3994708449E-05  6.0419183053E-01 -6.1003627478E-01  1.5775925487E-01
H15       4.1822457550E-02  2.5993569903E-05  6.0299600969E-01 -6.0882888657E-01  1.4646078236E-01
H16       2.4671856880E-02  3.0734896621E-05  6.0703880900E-01 -6.1291079252E-01  1.5713128175E-01
C17       4.5348315800E-01 -1.5996377816E-04  3.7412480479E+01 -3.7774377388E+01  6.2319987650E-01
H18       4.6118446500E-02  2.3576126494E-05  6.0087813385E-01 -6.0669052418E-01  1.4529884122E-01
H19       2.3087677070E-02  2.7882789215E-05  6.0706578453E-01 -6.1293802899E-01  1.5709951445E-01
H20       3.8409151510E-02  3.0591822081E-05  6.0204989272E-01 -6.0787361766E-01  1.5011392039E-01
H21       1.9023010470E-02  2.5561775972E-05  6.0686868242E-01 -6.1273902028E-01  1.5560117782E-01
H22       1.6953924390E-02  2.7610149957E-05  6.0710653427E-01 -6.1297917292E-01  1.5622469101E-01
C23       1.3877319200E-02 -4.5890797514E-04  3.7675276368E+01 -3.8039715345E+01  8.8523212188E-02
H24       2.5881358200E-03  2.5081646741E-05  6.1457807765E-01 -6.2052298973E-01  1.5808075397E-01
H25       1.8119707220E-02  2.3401593883E-05  6.0662815301E-01 -6.1249616419E-01  1.5208279750E-01
C26       2.1699859000E-02  2.7093609992E-04  3.7670247626E+01 -3.8034637958E+01  6.8585098277E-02
H27      -4.8588354000E-03  2.8209883360E-05  6.1822457779E-01 -6.2420476304E-01  1.5859388471E-01
H28      -7.6140625000E-03  3.1172576150E-05  6.1951824191E-01 -6.2551094099E-01  1.6031873630E-01
C29       1.7170363100E-02 -3.3161251099E-04  3.7671983512E+01 -3.8036390636E+01  8.0281084173E-02
H30       7.5756896200E-03  2.6789012651E-05  6.1276380180E-01 -6.1869116409E-01  1.5652557128E-01
C31       1.8248879800E-02 -7.8436142556E-05  3.7673863738E+01 -3.8038289050E+01  8.1267089863E-02
H32      -4.2615775000E-03  2.5901860544E-05  6.1823777565E-01 -6.2421808857E-01  1.5848781866E-01
H33       1.8919353250E-02  1.9776588435E-05  6.1004639687E-01 -6.1594747328E-01  1.4447196045E-01
H34       3.0382474300E-03  3.2398806684E-05  6.1321474043E-01 -6.1914646473E-01  1.5922205176E-01
--------------------------------------------------------------------------------------------------
Total    -3.4561376000E-04 -2.7800580335E-04  6.1375028748E+02 -6.1968719221E+02
 
1st Largest |L(A)| = 4.5890797514E-04, atom C23     
2nd Largest |L(A)| = 3.7491191959E-04, atom C7      
 
Molecular charge q(Mol) from the wfn file:   0.0000000000E+00
Molecular energy E(Mol) from the wfn file:  -6.1968731580E+02
Molecular virial ratio (-V(Mol)/T(Mol)) from the wfn file:   2.0096731600E+00
Note.  K_Scaled(A) = (1+V(Mol)/T(Mol))*K(A) = (E(Mol)/T(Mol))*K(A)
       Only use K_Scaled(A) data with caution.
 
N_AIMInt(SumA)     =        108.000346
N_Analytic(Mol)    =        107.999981
 
G_AIMInt(SumA)     =        613.750565
G_Analytic(Mol)    =        613.750365
 
K_AIMInt(SumA)     =        613.750287
K_Analytic(Mol)    =        613.750365
 
L_AIMInt(SumA)     =         -0.000278
L_Analytic(Mol)    =          0.000000
 
VenT_AIMInt(SumA)  =      -3241.089788
VenT_Analytic(Mol) =      -3241.083852
 
Some Information About the Atomic Calculations:
----------------------------------------------
  Time(sec) = "Elapsed User Time", in Seconds, for Atom A by AIMInt and, if used, by TWOe
  NProc = Number of Processors Used for AIMInt Job
  BIM = Basin Integration Method
  OAQ = Angular Quadrature Outside of Beta Sphere
  ORQ = Multiple of Default for Radial Quadrature Outside of Beta Sphere
  IAQ = Multiple of Default for Angular Quadrature Inside of Beta Sphere
  IRQ = Multiple of Default for Radial Quadrature Inside of Beta Sphere
  MIR = Maximum Integration Radius
------------------------------------------------------------------------------------------------------
Atom A     Time(sec)   NProc      BIM          OAQ                     ORQ      IAQ      IRQ      MIR
------------------------------------------------------------------------------------------------------
C1             60        8     Proaim(5)    4500(GS4)                  1.00     1.00     1.00    13.00
H2              8        8     Proaim(5)    1800(GS4)                  1.00     1.00     1.00    13.00
C3             60        8     Proaim(5)    4500(GS4)                  1.00     1.00     1.00    13.00
C4             56        8     Proaim(5)    4500(GS4)                  1.00     1.00     1.00    13.00
H5              8        8     Proaim(5)    1800(GS4)                  1.00     1.00     1.00    13.00
H6             10        8     Proaim(5)    1800(GS4)                  1.00     1.00     1.00    13.00
C7             53        8     Proaim(5)    4500(GS4)                  1.00     1.00     1.00    13.00
H8             26        8     Proaim(5)    4500(GS4)                  1.00     1.00     1.00    13.00
C9             40        8     Proaim(5)    4500(GS4)                  1.00     1.00     1.00    13.00
C10            42        8     Proaim(5)    4500(GS4)                  1.00     1.00     1.00    13.00
O11            42        8     Proaim(5)    4500(GS4)                  1.00     1.00     1.00    13.00
O12            23        8     Proaim(5)    4500(GS4)                  1.00     1.00     1.00    13.00
C13            36        8     Proaim(5)    4500(GS4)                  1.00     1.00     1.00    13.00
H14             7        8     Proaim(5)    1800(GS4)                  1.00     1.00     1.00    13.00
H15             7        8     Proaim(5)    1800(GS4)                  1.00     1.00     1.00    13.00
H16            17        8     Proaim(5)    4500(GS4)                  1.00     1.00     1.00    13.00
C17            28        8     Proaim(5)    4500(GS4)                  1.00     1.00     1.00    13.00
H18             6        8     Proaim(5)    1800(GS4)                  1.00     1.00     1.00    13.00
H19             7        8     Proaim(5)    1800(GS4)                  1.00     1.00     1.00    13.00
H20            19        8     Proaim(5)    4500(GS4)                  1.00     1.00     1.00    13.00
H21             7        8     Proaim(5)    1800(GS4)                  1.00     1.00     1.00    13.00
H22             9        8     Proaim(5)    1800(GS4)                  1.00     1.00     1.00    13.00
C23            39        8     Proaim(5)    4500(GS4)                  1.00     1.00     1.00    13.00
H24             7        8     Proaim(5)    1800(GS4)                  1.00     1.00     1.00    13.00
H25            25        8     Proaim(5)    4500(GS4)                  1.00     1.00     1.00    13.00
C26            39        8     Proaim(5)    4500(GS4)                  1.00     1.00     1.00    13.00
H27            17        8     Proaim(5)    4500(GS4)                  1.00     1.00     1.00    13.00
H28             8        8     Proaim(5)    1800(GS4)                  1.00     1.00     1.00    13.00
C29            35        8     Proaim(5)    4500(GS4)                  1.00     1.00     1.00    13.00
H30             9        8     Proaim(5)    1800(GS4)                  1.00     1.00     1.00    13.00
C31            43        8     Proaim(5)    4500(GS4)                  1.00     1.00     1.00    13.00
H32             8        8     Proaim(5)    1800(GS4)                  1.00     1.00     1.00    13.00
H33            32        8     Proaim(5)    4500(GS4)                  1.00     1.00     1.00    13.00
H34             7        8     Proaim(5)    1800(GS4)                  1.00     1.00     1.00    13.00
------------------------------------------------------------------------------------------------------
Total         840
Note:  Total wall clock time is less than total of atomic times if more than one atom
       was calculated at a time
 
Electron Density Critical Point Analysis of Molecular Structure:               
---------------------------------------------------------------                
  NACP = Nuclear Attractor Critical Point                                      
  NNACP = Non-Nuclear Attractor Critical Point                                 
  BCP = Bond Critical Point                                                    
  RCP = Ring Critical Point                                                    
  CCP = Cage Critical Point                                                    
  Rho = Electron Density                                                       
  GradRho = Gradient of Electron Density                                       
  HessRho_EigVals = Eigenvalues of the Hessian of Rho, Ascending Order         
  HessRho_EigVecs = Eigenvectors of the Hessian of Rho                         
  DelSqRho = Laplacian of Rho = Trace of Hessian of Rho                        
  Bond Ellipticity = (HessRho_EigVal(1) / HessRho_EigVal(2)) - 1               
  V = Virial Field = Potential Energy Density = Trace of Stress Tensor         
  G = Lagrangian Form of Kinetic Energy Density                                
  K = Hamiltonian Form of Kinetic Energy Density                               
  L = K - G = Lagrangian Density = (-1/4)DelSqRho                              
  Vnuc = Electrostatic Potential from Nuclei                                   
  Ven = Electron-nuclear attractive contribution to Virial Field V             
  Vrep = V - Ven = Repulsive contribution to Virial Field V                    
  DelSqV = Laplacian of V                                                      
  DelSqVen = Laplacian of Ven                                                  
  DelSqVrep = Laplacian of Vrep                                                
  DelSqG = Laplacian of G                                                      
  DelSqK = Laplacian of K                                                      
  Stress_EigVals = Eigenvalues of Stress Tensor, Ascending Order               
  Stress_EigVecs = Eigenvectors of Stress Tensor                               
  -DivStress = Ehrenfest Force Density = Minus Divergence of Stress Tensor     
  ESP = Total Electrostatic Potential                                          
  ESPe = Electrostatic Potential from Electrons                                
  ESPn = Electrostatic Potential from Nuclei                                   
  BP = Bond Path                                                               
  BPL = Bond Path Length                                                       
  GBL = Geometric Bond Length                                                  
  GBL_I = Distance Between Nuclear Attractors                                  
  GBL_II = Distance Between Nuclei                                             
  GBL_III = Sum of Distances Between BCP and Nuclear Attractors                
  GBL_IV = Sum of Distances Between BCP and Nuclei                             

CP# 1      Coords = -3.11198422687474E+00  2.41512458841016E+00 -9.71949657756600E-01
           Type = (3,-3) NACP C1
           Rho =  1.1762352837E+02     Rho at Nucleus =  1.1762352823E+02
           GradRho = -2.4997842685E-10 -4.0386896605E-10  3.5807667942E-10
           HessRho_EigVals = -1.4493715044E+05 -1.4493706347E+05 -1.4493681340E+05
           HessRho_EigVec1 =  3.5592081349E-02  9.7206125389E-01 -2.3201319454E-01
           HessRho_EigVec2 =  8.5320986251E-01 -1.5043817334E-01 -4.9940092764E-01
           HessRho_EigVec3 =  5.2035193309E-01  1.8018122737E-01  8.3472665648E-01
           DelSqRho = -4.3481102732E+05
           Bond Ellipticity = NA
           V = -1.0871326381E+05
           G =  5.2534890471E+00
           K =  1.0870801032E+05
           L =  1.0870275683E+05
           Vnuc =  4.3871970300E+06
           Ven = -5.1603759432E+08
           Vrep =  5.1592888106E+08
           DelSqV =  2.4941099168E+09
           DelSqVen =  1.9076019159E+12
           DelSqVrep = -1.9051077896E+12
           DelSqG =  1.3396898068E+08
           DelSqK = -2.6280788974E+09
           Stress_EigVals = -3.6237933676E+04 -3.6237802696E+04 -3.6237527435E+04
           Stress_EigVec1 =  6.5289830830E-01  3.4639331801E-01  6.7359889271E-01
           Stress_EigVec2 =  3.1204339109E-01  6.8732544339E-01 -6.5590598178E-01
           Stress_EigVec3 = -6.9018310693E-01  6.3843198863E-01  3.4066387364E-01
           -DivStress =  4.2830449521E+02  7.5099798796E+02 -7.0171942048E+02
           ESP =  -1.4754169020E+01     ESP at Nucleus =  -1.4754169026E+01
           ESPe = -3.2960480886E+01     ESPe at Nucleus = -3.2960479958E+01
           ESPn =  1.8206311867E+01     ESPn at Nucleus =  1.8206310931E+01

CP# 2      Coords = -3.67086525710323E+00  2.85075693123183E+00 -2.86193850326774E+00
           Type = (3,-3) NACP H2
           Rho =  4.2187565169E-01     Rho at Nucleus =  4.1816342827E-01
           GradRho =  6.1567907890E-10 -4.8722521677E-10  2.1049026220E-09
           HessRho_EigVals = -6.4370835797E+00 -6.4304092845E+00 -5.8359683222E+00
           HessRho_EigVec1 =  6.5303274721E-01  7.5719346121E-01 -1.4362916508E-02
           HessRho_EigVec2 =  7.0614849915E-01 -6.1564419602E-01 -3.4976638068E-01
           HessRho_EigVec3 =  2.7368326259E-01 -2.1826654852E-01  9.3672684683E-01
           DelSqRho = -1.8703461186E+01
           Bond Ellipticity = NA
           V = -4.6854523971E+00
           G =  4.7935502646E-03
           K =  4.6806588469E+00
           L =  4.6758652966E+00
           Vnuc =  4.6026165671E+01
           Ven = -1.9417318638E+01
           Vrep =  1.4731866240E+01
           DelSqV =  7.0432673644E+02
           DelSqVen =  8.6084860681E+02
           DelSqVrep = -1.5652187036E+02
           DelSqG =  6.9450953235E+01
           DelSqK = -7.7377768968E+02
           Stress_EigVals = -1.6124381915E+00 -1.6122346133E+00 -1.4607795923E+00
           Stress_EigVec1 =  9.6149297465E-01  7.8739341595E-02 -2.6330851826E-01
           Stress_EigVec2 =  1.6566757063E-02 -9.7294260113E-01 -2.3045224551E-01
           Stress_EigVec3 =  2.7432973274E-01 -2.1721604679E-01  9.3678193127E-01
           -DivStress = -2.1661271801E+00  1.7085103639E+00 -7.3985192173E+00
           ESP =  -1.1109653897E+00     ESP at Nucleus =  -1.1134864656E+00
           ESPe = -1.8723551279E+01     ESPe at Nucleus = -1.8623690408E+01
           ESPn =  1.7612585890E+01     ESPn at Nucleus =  1.7510203943E+01

CP# 3      Coords = -4.33725975699543E+00  2.50268919693977E-01  2.52310096317300E-01
           Type = (3,-3) NACP C3
           Rho =  1.1762526104E+02     Rho at Nucleus =  1.1762525826E+02
           GradRho = -4.2942621681E-11  2.9701796578E-12  1.9380053118E-12
           HessRho_EigVals = -1.4491770803E+05 -1.4491722142E+05 -1.4491591650E+05
           HessRho_EigVec1 =  1.6991655360E-01  8.3352553083E-01  5.2570291446E-01
           HessRho_EigVec2 =  9.1404313427E-01 -3.3268338417E-01  2.3204937964E-01
           HessRho_EigVec3 = -3.6831170699E-01 -4.4108610878E-01  8.1840670277E-01
           DelSqRho = -4.3475084594E+05
           Bond Ellipticity = NA
           V = -1.0869769788E+05
           G =  4.9931990260E+00
           K =  1.0869270468E+05
           L =  1.0868771149E+05
           Vnuc =  9.6857357851E+05
           Ven = -1.1392872001E+08
           Vrep =  1.1382002231E+08
           DelSqV =  2.4937341351E+09
           DelSqVen =  4.2108818381E+11
           DelSqVrep = -4.1859444967E+11
           DelSqG =  1.3392761819E+08
           DelSqK = -2.6276617533E+09
           Stress_EigVals = -3.6232980346E+04 -3.6232404301E+04 -3.6232313237E+04
           Stress_EigVec1 = -3.5373383074E-01 -4.0985394864E-01  8.4076876593E-01
           Stress_EigVec2 =  4.4168645813E-01  7.1915740544E-01  5.3640068876E-01
           Stress_EigVec3 =  8.2449102463E-01 -5.6109924878E-01  7.3363365002E-02
           -DivStress =  4.5034476715E+02  2.6955032970E+03  4.2100405600E+03
           ESP =  -1.4684888981E+01     ESP at Nucleus =  -1.4684889188E+01
           ESPe = -3.3677485293E+01     ESPe at Nucleus = -3.3677483139E+01
           ESPn =  1.8992596311E+01     ESPn at Nucleus =  1.8992593952E+01

CP# 4      Coords = -4.86963848443936E+00  7.27054976026643E-02  2.73679667179772E+00
           Type = (3,-3) NACP C4
           Rho =  1.1760588230E+02     Rho at Nucleus =  1.1760588228E+02
           GradRho =  1.5787926522E-11 -1.9019230635E-11 -1.6884403597E-11
           HessRho_EigVals = -1.4491888812E+05 -1.4491884931E+05 -1.4491879736E+05
           HessRho_EigVec1 =  3.4282704032E-01  2.2940280556E-01  9.1095772307E-01
           HessRho_EigVec2 =  8.5574012911E-01  3.2377558326E-01 -4.0358171802E-01
           HessRho_EigVec3 = -3.8752864650E-01  9.1790180547E-01 -8.5310161506E-02
           DelSqRho = -4.3475653479E+05
           Bond Ellipticity = NA
           V = -1.0869956810E+05
           G =  5.2172002461E+00
           K =  1.0869435090E+05
           L =  1.0868913370E+05
           Vnuc =  1.1917211387E+07
           Ven = -1.4015341597E+09
           Vrep =  1.4014254601E+09
           DelSqV =  2.4938018706E+09
           DelSqVen =  5.1810876785E+12
           DelSqVrep = -5.1785938766E+12
           DelSqG =  1.3395609683E+08
           DelSqK = -2.6277579674E+09
           Stress_EigVals = -3.6233317155E+04 -3.6233278613E+04 -3.6232972329E+04
           Stress_EigVec1 = -2.3725468705E-01 -1.1604910075E-01  9.6449096402E-01
           Stress_EigVec2 =  2.9061808700E-01  9.3889105605E-01  1.8445788782E-01
           Stress_EigVec3 =  9.2695811177E-01 -3.2406201734E-01  1.8903033602E-01
           -DivStress = -2.3686342860E+02  2.5233365265E+02 -2.1709224946E+02
           ESP =  -1.4767159767E+01     ESP at Nucleus =  -1.4767159769E+01
           ESPe = -3.0795736238E+01     ESPe at Nucleus = -3.0795736419E+01
           ESPn =  1.6028576471E+01     ESPn at Nucleus =  1.6028576650E+01

CP# 5      Coords = -4.52718550985706E+00  1.64733900789794E+00  3.93963082066331E+00
           Type = (3,-3) NACP H5
           Rho =  4.2380511769E-01     Rho at Nucleus =  4.2011518902E-01
           GradRho = -3.5299454332E-15 -3.6533276404E-15 -1.6930901126E-15
           HessRho_EigVals = -6.4453186206E+00 -6.4375084537E+00 -5.8495276512E+00
           HessRho_EigVec1 = -3.0370144099E-01 -5.3711372432E-01  7.8693982101E-01
           HessRho_EigVec2 =  9.3778529611E-01 -3.1441372069E-01  1.4731853463E-01
           HessRho_EigVec3 =  1.6829787029E-01  7.8272144431E-01  5.9918525305E-01
           DelSqRho = -1.8732354725E+01
           Bond Ellipticity = NA
           V = -4.6934852702E+00
           G =  5.1982944377E-03
           K =  4.6882869758E+00
           L =  4.6830886813E+00
           Vnuc =  4.4916334292E+01
           Ven = -1.9035772341E+01
           Vrep =  1.4342287071E+01
           DelSqV =  7.0528132723E+02
           DelSqVen =  8.4138870692E+02
           DelSqVrep = -1.3610737970E+02
           DelSqG =  6.9357899701E+01
           DelSqK = -7.7463922693E+02
           Stress_EigVals = -1.6149981209E+00 -1.6146284141E+00 -1.4638587352E+00
           Stress_EigVec1 =  9.5157856508E-01 -2.8701892112E-01  1.1008348376E-01
           Stress_EigVec2 = -2.5831398551E-01 -5.5245063083E-01  7.9251005381E-01
           Stress_EigVec3 =  1.6664969058E-01  7.8257168325E-01  5.9984117999E-01
           -DivStress =  1.3255901228E+00  6.1743531070E+00  4.7063178334E+00
           ESP =  -1.1176378874E+00     ESP at Nucleus =  -1.1201066562E+00
           ESPe = -1.7505191463E+01     ESPe at Nucleus = -1.7423479397E+01
           ESPn =  1.6387553576E+01     ESPn at Nucleus =  1.6303372740E+01

CP# 6      Coords = -5.65346442038267E+00 -1.57491318112538E+00  3.58281545428163E+00
           Type = (3,-3) NACP H6
           Rho =  4.2479876594E-01     Rho at Nucleus =  4.2113790163E-01
           GradRho =  4.9396250978E-16  5.9969390565E-15 -4.4155234617E-15
           HessRho_EigVals = -6.4651362980E+00 -6.4584738800E+00 -5.8726946704E+00
           HessRho_EigVec1 = -1.6509105291E-02 -4.5588333310E-01 -8.8988641750E-01
           HessRho_EigVec2 =  9.2105203994E-01 -3.5327373495E-01  1.6389267193E-01
           HessRho_EigVec3 =  3.8908943594E-01  8.1692597877E-01 -4.2572450721E-01
           DelSqRho = -1.8796304848E+01
           Bond Ellipticity = NA
           V = -4.7097679271E+00
           G =  5.3458574802E-03
           K =  4.7044220696E+00
           L =  4.6990762121E+00
           Vnuc =  4.4831522690E+01
           Ven = -1.9044375514E+01
           Vrep =  1.4334607587E+01
           DelSqV =  7.0794682070E+02
           DelSqVen =  8.4266696731E+02
           DelSqVrep = -1.3472014660E+02
           DelSqG =  6.9666140894E+01
           DelSqK = -7.7761296160E+02
           Stress_EigVals = -1.6202356434E+00 -1.6197334933E+00 -1.4697987903E+00
           Stress_EigVec1 =  9.1730714170E-01 -3.8557087370E-01  9.9411815854E-02
           Stress_EigVec2 =  8.3717658154E-02  4.3084142655E-01  8.9853604206E-01
           Stress_EigVec3 =  3.8928005535E-01  8.1591100404E-01 -4.2749300812E-01
           -DivStress = -3.0545451435E+00 -6.4181225820E+00  3.3489224258E+00
           ESP =  -1.1147418357E+00     ESP at Nucleus =  -1.1171906774E+00
           ESPe = -1.7252301611E+01     ESPe at Nucleus = -1.7166787223E+01
           ESPn =  1.6137559776E+01     ESPn at Nucleus =  1.6049596545E+01

CP# 7      Coords = -1.28960158337821E+00  3.77803764910892E+00  1.42851137384021E-01
           Type = (3,-3) NACP C7
           Rho =  1.1764917698E+02     Rho at Nucleus =  1.1764917389E+02
           GradRho = -2.2227775176E-12  7.1203043461E-12 -8.4932061384E-13
           HessRho_EigVals = -1.4494968005E+05 -1.4494921963E+05 -1.4494791623E+05
           HessRho_EigVec1 =  3.8829585346E-01  7.3514088713E-01 -5.5569254652E-01
           HessRho_EigVec2 =  6.3032896809E-01 -6.5175750197E-01 -4.2177903056E-01
           HessRho_EigVec3 = -6.7224379668E-01 -1.8649406078E-01 -7.1645533226E-01
           DelSqRho = -4.3484681591E+05
           Bond Ellipticity = NA
           V = -1.0872177401E+05
           G =  5.0350145990E+00
           K =  1.0871673899E+05
           L =  1.0871170398E+05
           Vnuc =  9.1922944207E+05
           Ven = -1.0814658731E+08
           Vrep =  1.0803786554E+08
           DelSqV =  2.4942861754E+09
           DelSqVen =  3.9972399795E+11
           DelSqVrep = -3.9722971178E+11
           DelSqG =  1.3396008976E+08
           DelSqK = -2.6282462651E+09
           Stress_EigVals = -3.6241008045E+04 -3.6240443742E+04 -3.6240322220E+04
           Stress_EigVec1 =  6.6955911889E-01  2.3877644965E-01  7.0333234918E-01
           Stress_EigVec2 = -2.7358653003E-01 -8.0105988715E-01  5.3240348213E-01
           Stress_EigVec3 = -6.9053674551E-01  5.4889786326E-01  4.7103093190E-01
           -DivStress = -2.3324446274E+03 -4.4608352774E+03  1.6440011094E+03
           ESP =  -1.4687223611E+01     ESP at Nucleus =  -1.4687223813E+01
           ESPe = -3.3113698938E+01     ESPe at Nucleus = -3.3113699488E+01
           ESPn =  1.8426475327E+01     ESPn at Nucleus =  1.8426475675E+01

CP# 8      Coords = -5.69489549627549E-01  3.30761479092696E+00  1.97526361879323E+00
           Type = (3,-3) NACP H8
           Rho =  4.2937542565E-01     Rho at Nucleus =  4.2556618631E-01
           GradRho = -1.8559642094E-10  1.3209928550E-10 -4.8500352172E-10
           HessRho_EigVals = -6.5715459702E+00 -6.5599696940E+00 -5.9446114388E+00
           HessRho_EigVec1 =  6.0802789497E-01  7.9368163329E-01 -1.9275474414E-02
           HessRho_EigVec2 =  7.1395261302E-01 -5.5724522642E-01 -4.2396865920E-01
           HessRho_EigVec3 =  3.4723730400E-01 -2.4402299606E-01  9.0547171800E-01
           DelSqRho = -1.9076127103E+01
           Bond Ellipticity = NA
           V = -4.7780593984E+00
           G =  4.5138113488E-03
           K =  4.7735455871E+00
           L =  4.7690317757E+00
           Vnuc =  4.7400087735E+01
           Ven = -2.0352432847E+01
           Vrep =  1.5574373448E+01
           DelSqV =  7.1830044561E+02
           DelSqVen =  9.0421009918E+02
           DelSqVrep = -1.8590965357E+02
           DelSqG =  7.0991841846E+01
           DelSqK = -7.8929228746E+02
           Stress_EigVals = -1.6454211121E+00 -1.6439585627E+00 -1.4886797236E+00
           Stress_EigVec1 =  6.2025606443E-01  7.8392612493E-01 -2.7244177090E-02
           Stress_EigVec2 =  7.0263938309E-01 -5.7070932819E-01 -4.2495736261E-01
           Stress_EigVec3 =  3.4868368454E-01 -2.4443954950E-01  9.0480329065E-01
           -DivStress =  2.7969838427E+00 -1.9951228411E+00  7.3097691553E+00
           ESP =  -1.0929563268E+00     ESP at Nucleus =  -1.0955033007E+00
           ESPe = -2.0180195874E+01     ESPe at Nucleus = -2.0100324194E+01
           ESPn =  1.9087239547E+01     ESPn at Nucleus =  1.9004820893E+01

CP# 9      Coords =  4.59129286349336E+00 -8.27335873025155E-01  2.28895070562304E+00
           Type = (3,-3) NACP C9
           Rho =  1.1767802226E+02     Rho at Nucleus =  1.1767802210E+02
           GradRho = -4.7437245798E-10 -2.7626217980E-10  5.8346877330E-10
           HessRho_EigVals = -1.4500524020E+05 -1.4500446066E+05 -1.4500412994E+05
           HessRho_EigVec1 =  7.2900598028E-01 -6.6507456519E-01  1.6194475432E-01
           HessRho_EigVec2 =  5.7866554149E-01  7.2516543142E-01  3.7320408380E-01
           HessRho_EigVec3 = -3.6564528140E-01 -1.7835616001E-01  9.1350566959E-01
           DelSqRho = -4.3501383080E+05
           Bond Ellipticity = NA
           V = -1.0876364470E+05
           G =  5.0934997464E+00
           K =  1.0875855120E+05
           L =  1.0875345770E+05
           Vnuc =  3.9646474361E+06
           Ven = -4.6655186925E+08
           Vrep =  4.6644310560E+08
           DelSqV =  2.4952642719E+09
           DelSqVen =  1.7246764564E+12
           DelSqVrep = -1.7221811922E+12
           DelSqG =  1.3403150009E+08
           DelSqK = -2.6292957720E+09
           Stress_EigVals = -3.6254810568E+04 -3.6254638129E+04 -3.6254196003E+04
           Stress_EigVec1 = -2.8954475314E-01 -9.9027981819E-02  9.5202799053E-01
           Stress_EigVec2 =  6.0671005603E-01  7.5030757987E-01  2.6256702667E-01
           Stress_EigVec3 =  7.4031530029E-01 -6.5362986040E-01  1.5716635060E-01
           -DivStress =  7.0614368857E+02  4.4398034914E+02 -9.0510646805E+02
           ESP =  -1.4752512009E+01     ESP at Nucleus =  -1.4752512028E+01
           ESPe = -3.1772823385E+01     ESPe at Nucleus = -3.1772824040E+01
           ESPn =  1.7020311377E+01     ESPn at Nucleus =  1.7020312012E+01

CP# 10     Coords =  5.60175841995765E+00 -1.98702335452669E-01  5.72506274978866E-02
           Type = (3,-3) NACP C10
           Rho =  1.1767793785E+02     Rho at Nucleus =  1.1767793768E+02
           GradRho =  2.0062940198E-10  9.7138713739E-11 -7.6806849769E-10
           HessRho_EigVals = -1.4500537566E+05 -1.4500463882E+05 -1.4500429987E+05
           HessRho_EigVec1 = -7.2899546603E-01  6.6803115569E-01 -1.4933179684E-01
           HessRho_EigVec2 =  5.2177842704E-01  6.8350408127E-01  5.1046003169E-01
           HessRho_EigVec3 = -4.4307209751E-01 -2.9420493863E-01  8.4683562189E-01
           DelSqRho = -4.3501431436E+05
           Bond Ellipticity = NA
           V = -1.0876377370E+05
           G =  5.0975575174E+00
           K =  1.0875867615E+05
           L =  1.0875357859E+05
           Vnuc =  3.9197464725E+06
           Ven = -4.6126768179E+08
           Vrep =  4.6115891802E+08
           DelSqV =  2.4952674261E+09
           DelSqVen =  1.7051458601E+12
           DelSqVrep = -1.7026505927E+12
           DelSqG =  1.3403190324E+08
           DelSqK = -2.6292993294E+09
           Stress_EigVals = -3.6254851624E+04 -3.6254676866E+04 -3.6254245215E+04
           Stress_EigVec1 = -4.9908306467E-01 -3.7444879441E-01  7.8147565216E-01
           Stress_EigVec2 =  4.6609120122E-01  6.4426416706E-01  6.0636843188E-01
           Stress_EigVec3 =  7.3053068841E-01 -6.6686714075E-01  1.4701404658E-01
           -DivStress = -3.0820192979E+02 -1.3816491121E+02  1.1980478771E+03
           ESP =  -1.4752635122E+01     ESP at Nucleus =  -1.4752635142E+01
           ESPe = -3.1606697949E+01     ESPe at Nucleus = -3.1606698914E+01
           ESPn =  1.6854062827E+01     ESPn at Nucleus =  1.6854063773E+01

CP# 11     Coords = -4.87274973709310E+00 -1.57035683559239E+00 -1.51215314717912E+00
           Type = (3,-3) NACP O11
           Rho =  2.8993163770E+02     Rho at Nucleus =  2.8993160518E+02
           GradRho = -2.4973689783E-10 -2.1171508990E-11  5.0729198620E-11
           HessRho_EigVals = -6.3930719005E+05 -6.3929089739E+05 -6.3928190503E+05
           HessRho_EigVec1 =  4.1238690322E-01  8.8522603083E-01  2.1520203620E-01
           HessRho_EigVec2 = -2.6998623988E-01 -1.0685586953E-01  9.5691653420E-01
           HessRho_EigVec3 =  8.7008302611E-01 -4.5272143475E-01  1.9493288638E-01
           DelSqRho = -1.9178799925E+06
           Bond Ellipticity = NA
           V = -4.7956391213E+05
           G =  4.6957009070E+01
           K =  4.7951695513E+05
           L =  4.7946999812E+05
           Vnuc =  7.9315909849E+05
           Ven = -2.2996191638E+08
           Vrep =  2.2948235247E+08
           DelSqV =  1.9777416861E+10
           DelSqVen =  1.5211839657E+12
           DelSqVrep = -1.5014065488E+12
           DelSqG =  1.0575261617E+09
           DelSqK = -2.0834943023E+10
           Stress_EigVals = -1.5985745004E+05 -1.5985499057E+05 -1.5985147153E+05
           Stress_EigVec1 =  8.6957819573E-01 -4.5330135603E-01  1.9583575293E-01
           Stress_EigVec2 = -2.6841745255E-01 -1.0103974870E-01  9.5798906066E-01
           Stress_EigVec3 =  4.1447054500E-01  8.8561213282E-01  2.0953595759E-01
           -DivStress =  1.8682153552E+04  8.4325886873E+03 -6.1613721802E+04
           ESP =  -2.2291431829E+01     ESP at Nucleus =  -2.2291433003E+01
           ESPe = -3.8682457897E+01     ESPe at Nucleus = -3.8682447630E+01
           ESPn =  1.6391026069E+01     ESPn at Nucleus =  1.6391014627E+01

CP# 12     Coords = -2.63163270836231E-01  5.84435601455412E+00 -9.71249063514569E-01
           Type = (3,-3) NACP O12
           Rho =  2.8986562762E+02     Rho at Nucleus =  2.8986559362E+02
           GradRho =  1.3766099372E-11  1.2563727836E-11 -2.7104540834E-11
           HessRho_EigVals = -6.3913842994E+05 -6.3912240717E+05 -6.3911282057E+05
           HessRho_EigVec1 =  7.4656313459E-01  6.6527067594E-01  7.6428919143E-03
           HessRho_EigVec2 = -4.2325105174E-01  4.8377065230E-01 -7.6604471356E-01
           HessRho_EigVec3 = -5.1332449120E-01  5.6866588055E-01  6.4274184789E-01
           DelSqRho = -1.9173736577E+06
           Bond Ellipticity = NA
           V = -4.7943746273E+05
           G =  4.7024155932E+01
           K =  4.7939043857E+05
           L =  4.7934341442E+05
           Vnuc =  7.7558335588E+05
           Ven = -2.2481495622E+08
           Vrep =  2.2433551876E+08
           DelSqV =  1.9772178176E+10
           DelSqVen =  1.4870830956E+12
           DelSqVrep = -1.4673109174E+12
           DelSqG =  1.0572055161E+09
           DelSqK = -2.0829383692E+10
           Stress_EigVals = -1.5981537862E+05 -1.5981276129E+05 -1.5980932282E+05
           Stress_EigVec1 = -5.1540569152E-01  5.7149548212E-01  6.3855296340E-01
           Stress_EigVec2 = -4.1724590035E-01  4.8349889122E-01 -7.6950287902E-01
           Stress_EigVec3 =  7.4850706863E-01  6.6303976963E-01  1.0743933395E-02
           -DivStress = -2.5894136505E+04  2.9894148019E+04 -5.3353676308E+04
           ESP =  -2.2282709460E+01     ESP at Nucleus =  -2.2282710686E+01
           ESPe = -3.7758598703E+01     ESPe at Nucleus = -3.7758584119E+01
           ESPn =  1.5475889243E+01     ESPn at Nucleus =  1.5475873433E+01

CP# 13     Coords = -6.19254547075084E+00 -3.74992512621477E+00 -6.85210900757380E-01
           Type = (3,-3) NACP C13
           Rho =  1.1750414753E+02     Rho at Nucleus =  1.1750414523E+02
           GradRho =  5.1460391504E-11  1.9334422952E-11  7.6679773642E-12
           HessRho_EigVals = -1.4477713291E+05 -1.4477515141E+05 -1.4477505263E+05
           HessRho_EigVec1 =  4.9385512536E-01  8.2974905929E-01 -2.6004540712E-01
           HessRho_EigVec2 = -8.5991728913E-01  4.2165854143E-01 -2.8765661873E-01
           HessRho_EigVec3 = -1.2903244172E-01  3.6567823705E-01  9.2175379356E-01
           DelSqRho = -4.3432733695E+05
           Bond Ellipticity = NA
           V = -1.0859214557E+05
           G =  5.1556672255E+00
           K =  1.0858698990E+05
           L =  1.0858183424E+05
           Vnuc =  1.0663047314E+06
           Ven = -1.2529522847E+08
           Vrep =  1.2518663633E+08
           DelSqV =  2.4913299374E+09
           DelSqVen =  4.6312529306E+11
           DelSqVrep = -4.6063396312E+11
           DelSqG =  1.3380571901E+08
           DelSqK = -2.6251356564E+09
           Stress_EigVals = -3.6197594459E+04 -3.6197560772E+04 -3.6196990340E+04
           Stress_EigVec1 = -1.0736013345E-01  3.6440334292E-01  9.2503189427E-01
           Stress_EigVec2 = -8.6149848965E-01  4.3033132565E-01 -2.6950937367E-01
           Stress_EigVec3 =  4.9628031805E-01  8.2584814211E-01 -2.6773250100E-01
           -DivStress = -2.3006854999E+03 -3.7214599053E+03  1.2842153848E+03
           ESP =  -1.4689782969E+01     ESP at Nucleus =  -1.4689783101E+01
           ESPe = -2.9578682164E+01     ESPe at Nucleus = -2.9578671976E+01
           ESPn =  1.4888899195E+01     ESPn at Nucleus =  1.4888888875E+01

CP# 14     Coords = -7.96703490914729E+00 -3.25094834037045E+00  1.91114527022583E-01
           Type = (3,-3) NACP H14
           Rho =  4.2793753128E-01     Rho at Nucleus =  4.2438640809E-01
