AIMSum (Version 19.02.13, Professional)
Copyright (c) 1997-2019 by Todd A. Keith
AIMSum is a component of the AIMAll package ( http://aim.tkgristmill.com )

TP:  64-bit Linux

Much of the Quantum Theory of Atoms in Molecules (QTAIM) is described in the book:
  "Atoms in Molecules - A Quantum Theory"
  R.F.W. Bader, Oxford University Press, Oxford, 1990

For additional references see:  http://aim.tkgristmill.com/references.html

Wfn File:  /home/mhennefarth/Documents/ML_Diels/summary-liu2013/2ex-opt/2ex-opt.wfn
Sum File:  /home/mhennefarth/Documents/ML_Diels/summary-liu2013/2ex-opt/2ex-opt.sum

SumViz File:  /home/mhennefarth/Documents/ML_Diels/summary-liu2013/2ex-opt/2ex-opt.sumviz

Wfn Title:   Title Card Required                                                           
 
Total memory allocated for AIMSum =        1.603 Megabytes

Atomic units (a.u.) used throughout, except where stated otherwise

Model:  Restricted SCF
 
Restricted, closed-shell, single-determinant wavefunction.
  Number of electrons (from MO Occs)                   =          94.0000000000
  Number of Alpha electrons (from MO Occs)             =          47.0000000000
  Number of Beta electrons (from MO Occs)              =          47.0000000000
  Number of electron pairs (N*(N-1)/2)                 =        4371.0000000000
  Number of electron pairs (from Muller 2EDM)          =        4371.0000000000
 
Nuclear Charges and Cartesian Coordinates:
-------------------------------------------------------------------------------
Atom      Charge                X                  Y                  Z
-------------------------------------------------------------------------------
C1         6.0          -2.8729211000E+00   1.3895707500E+00  -3.2475940000E-02
H2         1.0          -3.9986638800E+00   2.4947878700E+00  -1.3431187800E+00
C3         6.0          -3.5774069400E+00  -1.2880586600E+00   1.9696801000E-01
C4         6.0          -1.9827708300E+00  -3.1900928900E+00   7.5631598000E-01
H5         1.0           1.7141750000E-02  -2.8103431700E+00   9.7020173000E-01
H6         1.0          -2.5987221400E+00  -5.1237397600E+00   1.0162574200E+00
C7         6.0          -1.0169398900E+00   2.4415537200E+00   1.3442293100E+00
H8         1.0           3.2066770000E-02   1.3746745600E+00   2.7464814000E+00
C9         6.0           5.1324429600E+00   3.2685551000E-01  -6.5967020000E-01
H10        1.0           4.4112189500E+00   2.2122197800E+00  -2.4724591000E-01
C11        6.0           6.4978853900E+00  -8.1291647000E-01   1.1413987400E+00
H12        1.0           6.8030463900E+00   2.2734309000E-01   2.8948994700E+00
O13        8.0          -6.1112321100E+00  -1.5628939000E+00  -2.7820778000E-01
O14        8.0          -1.4786525000E-01   4.8476822400E+00   1.2411905500E+00
C15        6.0          -7.1076398700E+00  -4.0481275100E+00  -2.7438164000E-01
H16        1.0          -6.9680000200E+00  -4.9175829600E+00   1.6048834900E+00
H17        1.0          -9.0950560400E+00  -3.8722425900E+00  -8.0097265000E-01
H18        1.0          -6.1237301800E+00  -5.2547850900E+00  -1.6468581300E+00
C19        6.0          -1.3000567200E+00   6.4980554100E+00  -5.3861432000E-01
H20        1.0          -3.1680747000E-01   8.3027529600E+00  -3.6947951000E-01
H21        1.0          -1.1002080600E+00   5.7663396100E+00  -2.4691137400E+00
H22        1.0          -3.3137645500E+00   6.7594498300E+00  -1.1686620000E-01
C23        6.0           4.4366307900E+00  -6.7963772000E-01  -3.2241474500E+00
H24        1.0           2.3742183600E+00  -7.6902265000E-01  -3.4352722300E+00
H25        1.0           5.1362660600E+00   5.7565543000E-01  -4.7227107800E+00
H26        1.0           5.1921659300E+00  -2.5694736000E+00  -3.5824956000E+00
C27        6.0           7.7063754200E+00  -3.3829468600E+00   1.0577799600E+00
H28        1.0           7.0054456800E+00  -4.5818236000E+00   2.6008194900E+00
H29        1.0           7.3605126800E+00  -4.3784513600E+00  -7.1971725000E-01
H30        1.0           9.7620534300E+00  -3.2395967600E+00   1.3120309200E+00
 
Some Atomic Properties:
----------------------
  q(A) = Net Charge of Atom A
  L(A) = Lagrangian of Atom A = -(1/4) Times Atomic Integral of the Laplacian of the Electron Density
  K(A) = Electronic Kinetic Energy of Atom A (Hamiltonian Form)
  K_Scaled(A) = K(A) * E(Mol)/K(Mol) = Approximation to Virial-Based Total Energy of Atom A.
  |Mu_Intra(A)| = Magnitude of Intraatomic Dipole Moment of Atom A
--------------------------------------------------------------------------------------------------
Atom A          q(A)              L(A)              K(A)          K_Scaled(A)      |Mu_Intra(A)|
--------------------------------------------------------------------------------------------------
C1       -2.8074899900E-02  1.6294309603E-04  3.7717395290E+01 -3.8081638966E+01  1.6178682280E-01
H2        5.0846389040E-02  2.5823413823E-05  5.9478539332E-01 -6.0052934292E-01  1.4697815730E-01
C3        4.9949097020E-01 -1.5901504835E-05  3.7389240299E+01 -3.7750314922E+01  7.2494621383E-01
C4       -1.1001663910E-01  4.1010674014E-05  3.7698957310E+01 -3.8063022927E+01  2.3497101070E-01
H5        5.1148239690E-02  2.7948734323E-05  5.9031669393E-01 -5.9601748850E-01  1.4447532961E-01
H6        3.3224481720E-02  5.7540551860E-05  5.9886851371E-01 -6.0465189474E-01  1.4803761919E-01
C7        5.0532175490E-01  4.2072271423E-04  3.7387695183E+01 -3.7748754885E+01  7.5758188973E-01
H8        7.8571903710E-02  3.1991898690E-05  5.8967567223E-01 -5.9537027633E-01  1.4371097543E-01
C9       -5.3563391000E-02  2.0118500020E-05  3.7700276609E+01 -3.8064354966E+01  5.9804808267E-02
H10       3.3043034960E-02  2.3545629473E-05  6.0468676159E-01 -6.1052633049E-01  1.4258759265E-01
C11      -5.5199478600E-02 -2.3125373988E-04  3.7698227261E+01 -3.8062285828E+01  5.4096794282E-02
H12       1.9305029250E-02  2.4425095133E-05  6.0845048339E-01 -6.1432639923E-01  1.5517057942E-01
O13      -1.1027014599E+00 -6.0577659327E-06  7.5241695081E+01 -7.5968317674E+01  1.7901825324E-01
O14      -1.1076200642E+00 -1.3516678189E-04  7.5236764278E+01 -7.5963339253E+01  2.1068120999E-01
C15       4.6673393040E-01  2.7217613279E-04  3.7404200138E+01 -3.7765419231E+01  6.3486695899E-01
H16       2.5843280800E-02  2.8921450182E-05  6.0671991376E-01 -6.1257911717E-01  1.5725662941E-01
H17       3.9808123310E-02  1.7690048358E-05  6.0374965229E-01 -6.0958017136E-01  1.4691169957E-01
H18       2.8800743680E-02  3.1361782853E-05  6.0474563569E-01 -6.1058577314E-01  1.5818799029E-01
C19       4.5268123860E-01 -3.0436006204E-04  3.7412898014E+01 -3.7774201104E+01  6.2894445572E-01
H20       4.7055377450E-02  3.0314145991E-05  6.0094584699E-01 -6.0674928920E-01  1.4518973033E-01
H21       3.3402196200E-02  3.1187076814E-05  6.0307901965E-01 -6.0890306230E-01  1.5626458068E-01
H22       3.3802509260E-02  2.0556966017E-05  6.0339046229E-01 -6.0921751259E-01  1.5509760978E-01
C23      -2.1829994600E-02 -1.1005165581E-04  3.7679451996E+01 -3.8043329247E+01  8.3099684491E-02
H24       2.8334623370E-02  3.3695390208E-05  5.9845049160E-01 -6.0422983572E-01  1.4915482606E-01
H25       1.4087445370E-02  2.2374766808E-05  6.0396166951E-01 -6.0979423607E-01  1.5523553971E-01
H26       1.0729104380E-02  2.4056436924E-05  6.0892794199E-01 -6.1480846874E-01  1.4854237039E-01
C27      -1.8886395600E-02  4.0915138415E-05  3.7677363708E+01 -3.8041220792E+01  7.6426302422E-02
H28       1.6554436510E-02  2.1637064544E-05  6.0321037896E-01 -6.0903569017E-01  1.5440638965E-01
H29       1.3136270250E-02  2.4420281770E-05  6.0800785752E-01 -6.1387949884E-01  1.4810985514E-01
H30       1.6652434600E-02  2.9233543357E-05  6.0306418860E-01 -6.0888808802E-01  1.5456837556E-01
--------------------------------------------------------------------------------------------------
Total     6.8119475000E-04  6.6181902224E-04  5.3707920174E+02 -5.4226587227E+02
 
1st Largest |L(A)| = 4.2072271423E-04, atom C7      
2nd Largest |L(A)| = 3.0436006204E-04, atom C19     
 
Molecular charge q(Mol) from the wfn file:   0.0000000000E+00
Molecular energy E(Mol) from the wfn file:  -5.4226578001E+02
Molecular virial ratio (-V(Mol)/T(Mol)) from the wfn file:   2.0096571800E+00
Note.  K_Scaled(A) = (1+V(Mol)/T(Mol))*K(A) = (E(Mol)/T(Mol))*K(A)
       Only use K_Scaled(A) data with caution.
 
N_AIMInt(SumA)     =         93.999319
N_Analytic(Mol)    =         93.999983
 
G_AIMInt(SumA)     =        537.078540
G_Analytic(Mol)    =        537.079075
 
K_AIMInt(SumA)     =        537.079202
K_Analytic(Mol)    =        537.079075
 
L_AIMInt(SumA)     =          0.000662
L_Analytic(Mol)    =          0.000000
 
VenT_AIMInt(SumA)  =      -2618.017028
VenT_Analytic(Mol) =      -2618.028596
 
Some Information About the Atomic Calculations:
----------------------------------------------
  Time(sec) = "Elapsed User Time", in Seconds, for Atom A by AIMInt and, if used, by TWOe
  NProc = Number of Processors Used for AIMInt Job
  BIM = Basin Integration Method
  OAQ = Angular Quadrature Outside of Beta Sphere
  ORQ = Multiple of Default for Radial Quadrature Outside of Beta Sphere
  IAQ = Multiple of Default for Angular Quadrature Inside of Beta Sphere
  IRQ = Multiple of Default for Radial Quadrature Inside of Beta Sphere
  MIR = Maximum Integration Radius
------------------------------------------------------------------------------------------------------
Atom A     Time(sec)   NProc      BIM          OAQ                     ORQ      IAQ      IRQ      MIR
------------------------------------------------------------------------------------------------------
C1             52        8     Proaim(5)    4500(GS4)                  1.00     1.00     1.00    13.00
H2              9        8     Proaim(5)    1800(GS4)                  1.00     1.00     1.00    13.00
C3             43        8     Proaim(5)    4500(GS4)                  1.00     1.00     1.00    13.00
C4             41        8     Proaim(5)    4500(GS4)                  1.00     1.00     1.00    13.00
H5             29        8     Proaim(5)    4500(GS4)                  1.00     1.00     1.00    13.00
H6              9        8     Proaim(5)    1800(GS4)                  1.00     1.00     1.00    13.00
C7            109        8    Promega(1)    4500(GS4)                  1.00     1.00     1.00    13.00
H8             24        8     Proaim(5)    1800(GS4)                  1.00     1.00     1.00    13.00
C9             45        8     Proaim(5)    4500(GS4)                  1.00     1.00     1.00    13.00
H10            84        8    Promega(1)    4500(GS4)                  1.00     1.00     1.00    13.00
C11            30        8     Proaim(5)    4500(GS4)                  1.00     1.00     1.00    13.00
H12             6        8     Proaim(5)    1800(GS4)                  1.00     1.00     1.00    13.00
O13            25        8     Proaim(5)    4500(GS4)                  1.00     1.00     1.00    13.00
O14            81        8    Promega(1)    4500(GS4)                  1.00     1.00     1.00    13.00
C15            28        8     Proaim(5)    4500(GS4)                  1.00     1.00     1.00    13.00
H16             8        8     Proaim(5)    1800(GS4)                  1.00     1.00     1.00    13.00
H17             6        8     Proaim(5)    1800(GS4)                  1.00     1.00     1.00    13.00
H18             6        8     Proaim(5)    1800(GS4)                  1.00     1.00     1.00    13.00
C19            27        8     Proaim(5)    4500(GS4)                  1.00     1.00     1.00    13.00
H20             7        8     Proaim(5)    1800(GS4)                  1.00     1.00     1.00    13.00
H21             7        8     Proaim(5)    1800(GS4)                  1.00     1.00     1.00    13.00
H22             7        8     Proaim(5)    1800(GS4)                  1.00     1.00     1.00    13.00
C23            30        8     Proaim(5)    4500(GS4)                  1.00     1.00     1.00    13.00
H24            28        8     Proaim(5)    4500(GS4)                  1.00     1.00     1.00    13.00
H25             6        8     Proaim(5)    1800(GS4)                  1.00     1.00     1.00    13.00
H26            13        8     Proaim(5)    4500(GS4)                  1.00     1.00     1.00    13.00
C27            25        8     Proaim(5)    4500(GS4)                  1.00     1.00     1.00    13.00
H28             7        8     Proaim(5)    1800(GS4)                  1.00     1.00     1.00    13.00
H29            12        8     Proaim(5)    4500(GS4)                  1.00     1.00     1.00    13.00
H30             6        8     Proaim(5)    1800(GS4)                  1.00     1.00     1.00    13.00
------------------------------------------------------------------------------------------------------
Total         810
Note:  Total wall clock time is less than total of atomic times if more than one atom
       was calculated at a time
 
Electron Density Critical Point Analysis of Molecular Structure:               
---------------------------------------------------------------                
  NACP = Nuclear Attractor Critical Point                                      
  NNACP = Non-Nuclear Attractor Critical Point                                 
  BCP = Bond Critical Point                                                    
  RCP = Ring Critical Point                                                    
  CCP = Cage Critical Point                                                    
  Rho = Electron Density                                                       
  GradRho = Gradient of Electron Density                                       
  HessRho_EigVals = Eigenvalues of the Hessian of Rho, Ascending Order         
  HessRho_EigVecs = Eigenvectors of the Hessian of Rho                         
  DelSqRho = Laplacian of Rho = Trace of Hessian of Rho                        
  Bond Ellipticity = (HessRho_EigVal(1) / HessRho_EigVal(2)) - 1               
  V = Virial Field = Potential Energy Density = Trace of Stress Tensor         
  G = Lagrangian Form of Kinetic Energy Density                                
  K = Hamiltonian Form of Kinetic Energy Density                               
  L = K - G = Lagrangian Density = (-1/4)DelSqRho                              
  Vnuc = Electrostatic Potential from Nuclei                                   
  Ven = Electron-nuclear attractive contribution to Virial Field V             
  Vrep = V - Ven = Repulsive contribution to Virial Field V                    
  DelSqV = Laplacian of V                                                      
  DelSqVen = Laplacian of Ven                                                  
  DelSqVrep = Laplacian of Vrep                                                
  DelSqG = Laplacian of G                                                      
  DelSqK = Laplacian of K                                                      
  Stress_EigVals = Eigenvalues of Stress Tensor, Ascending Order               
  Stress_EigVecs = Eigenvectors of Stress Tensor                               
  -DivStress = Ehrenfest Force Density = Minus Divergence of Stress Tensor     
  ESP = Total Electrostatic Potential                                          
  ESPe = Electrostatic Potential from Electrons                                
  ESPn = Electrostatic Potential from Nuclei                                   
  BP = Bond Path                                                               
  BPL = Bond Path Length                                                       
  GBL = Geometric Bond Length                                                  
  GBL_I = Distance Between Nuclear Attractors                                  
  GBL_II = Distance Between Nuclei                                             
  GBL_III = Sum of Distances Between BCP and Nuclear Attractors                
  GBL_IV = Sum of Distances Between BCP and Nuclei                             

CP# 1      Coords = -2.87292121551494E+00  1.38956984340605E+00 -3.24757483338431E-02
           Type = (3,-3) NACP C1
           Rho =  1.1760937361E+02     Rho at Nucleus =  1.1760937354E+02
           GradRho =  3.9242914474E-14 -1.6030230268E-10  3.4582631897E-11
           HessRho_EigVals = -1.4491805583E+05 -1.4491796730E+05 -1.4491773448E+05
           HessRho_EigVec1 =  2.3165956848E-01  9.5913124907E-01 -1.6248412658E-01
           HessRho_EigVec2 = -4.9360678304E-01  2.5982374642E-01  8.2996624301E-01
           HessRho_EigVec3 =  8.3826379385E-01 -1.1206635469E-01  5.3362434734E-01
           DelSqRho = -4.3475375761E+05
           Bond Ellipticity = NA
           V = -1.0869892801E+05
           G =  5.2443052121E+00
           K =  1.0869368371E+05
           L =  1.0868843940E+05
           Vnuc =  6.4253395319E+06
           Ven = -7.5568015757E+08
           Vrep =  7.5557145864E+08
           DelSqV =  2.4937808046E+09
           DelSqVen =  2.7934402806E+12
           DelSqVrep = -2.7909463687E+12
           DelSqG =  1.3394978091E+08
           DelSqK = -2.6277305855E+09
           Stress_EigVals = -3.6233155469E+04 -3.6233014190E+04 -3.6232758353E+04
           Stress_EigVec1 =  7.7372545182E-01  1.4671604004E-01  6.1629808438E-01
           Stress_EigVec2 = -2.3741007320E-02 -9.6541563891E-01  2.5963244930E-01
           Stress_EigVec3 = -6.3307605371E-01  2.1551577147E-01  7.4348346482E-01
           -DivStress =  9.4895526288E+01  7.3926752359E+02 -1.5759849320E+02
           ESP =  -1.4750325718E+01     ESP at Nucleus =  -1.4750325721E+01
           ESPe = -3.1512920438E+01     ESPe at Nucleus = -3.1512919984E+01
           ESPn =  1.6762594719E+01     ESPn at Nucleus =  1.6762594263E+01

CP# 2      Coords = -3.97927954757624E+00  2.47623457045807E+00 -1.32080105595951E+00
           Type = (3,-3) NACP H2
           Rho =  4.2531625336E-01     Rho at Nucleus =  4.2163133002E-01
           GradRho =  2.0228678140E-09 -1.9425874196E-09  2.3318537023E-09
           HessRho_EigVals = -6.4929781853E+00 -6.4861562924E+00 -5.8937031407E+00
           HessRho_EigVec1 =  5.3797847480E-01  8.1404886478E-01  2.1886892517E-01
           HessRho_EigVec2 =  6.3747919738E-01 -2.2300478637E-01 -7.3748839866E-01
           HessRho_EigVec3 =  5.5154277582E-01 -5.3627727064E-01  6.3891099179E-01
           DelSqRho = -1.8872837618E+01
           Bond Ellipticity = NA
           V = -4.7284920335E+00
           G =  5.1413144476E-03
           K =  4.7233507190E+00
           L =  4.7182094046E+00
           Vnuc =  4.5260970128E+01
           Ven = -1.9250226238E+01
           Vrep =  1.4521734205E+01
           DelSqV =  7.1097826449E+02
           DelSqVen =  8.5420294565E+02
           DelSqVrep = -1.4322468115E+02
           DelSqG =  7.0152635165E+01
           DelSqK = -7.8113089966E+02
           Stress_EigVals = -1.6266658493E+00 -1.6264707474E+00 -1.4753554367E+00
           Stress_EigVec1 = -2.6029379741E-01  6.1820877110E-01  7.4166370706E-01
           Stress_EigVec2 =  7.9148551949E-01  5.7655863573E-01 -2.0280732731E-01
           Stress_EigVec3 =  5.5298988370E-01 -5.3422659510E-01  6.3937792707E-01
           -DivStress = -4.3886015389E+00  4.1983882139E+00 -5.0518133876E+00
           ESP =  -1.1048594563E+00     ESP at Nucleus =  -1.1073417435E+00
           ESPe = -1.7713099899E+01     ESPe at Nucleus = -1.7620357447E+01
           ESPn =  1.6608240442E+01     ESPn at Nucleus =  1.6513015703E+01

CP# 3      Coords = -3.57741294889183E+00 -1.28805755707200E+00  1.96966633769153E-01
           Type = (3,-3) NACP C3
           Rho =  1.1762179448E+02     Rho at Nucleus =  1.1762179164E+02
           GradRho = -2.2893718171E-11  1.7188195311E-12 -1.9405727025E-12
           HessRho_EigVals = -1.4491311613E+05 -1.4491258052E+05 -1.4491133087E+05
           HessRho_EigVec1 =  9.6140895338E-01  2.7236657956E-01  3.8849333260E-02
           HessRho_EigVec2 = -8.4029786025E-02  1.5623744604E-01  9.8413863633E-01
           HessRho_EigVec3 = -2.6197675358E-01  9.4942419750E-01 -1.7309498488E-01
           DelSqRho = -4.3473702752E+05
           Bond Ellipticity = NA
           V = -1.0869423960E+05
           G =  4.9913606356E+00
           K =  1.0868924824E+05
           L =  1.0868425688E+05
           Vnuc =  9.5812135251E+05
           Ven = -1.1269595281E+08
           Vrep =  1.1258725857E+08
           DelSqV =  2.4936547991E+09
           DelSqVen =  4.1653083034E+11
           DelSqVrep = -4.1403717656E+11
           DelSqG =  1.3392302577E+08
           DelSqK = -2.6275778249E+09
           Stress_EigVals = -3.6231823490E+04 -3.6231247587E+04 -3.6231168526E+04
           Stress_EigVec1 = -3.0024761323E-01  9.3713114985E-01 -1.7786674429E-01
           Stress_EigVec2 =  8.6654239729E-01  3.4591843487E-01  3.5978425495E-01
           Stress_EigVec3 = -3.9869241834E-01  4.6104711165E-02  9.1592505761E-01
           -DivStress =  4.8679361879E+03 -8.9748750561E+02  1.1156782406E+03
           ESP =  -1.4687027556E+01     ESP at Nucleus =  -1.4687027767E+01
           ESPe = -3.1884406575E+01     ESPe at Nucleus = -3.1884406467E+01
           ESPn =  1.7197379020E+01     ESPn at Nucleus =  1.7197378700E+01

CP# 4      Coords = -1.98277100531531E+00 -3.19009311389221E+00  7.56316326379542E-01
           Type = (3,-3) NACP C4
           Rho =  1.1760534101E+02     Rho at Nucleus =  1.1760534100E+02
           GradRho = -6.3483593382E-12 -1.1311038911E-11  2.0515811272E-11
           HessRho_EigVals = -1.4491852695E+05 -1.4491851849E+05 -1.4491846095E+05
           HessRho_EigVec1 = -6.2022797929E-01  6.2080552558E-01 -4.7949739636E-01
           HessRho_EigVec2 =  5.5857571506E-02  6.4467678332E-01  7.6241181573E-01
           HessRho_EigVec3 =  7.8243030706E-01  4.4608557975E-01 -4.3452326765E-01
           DelSqRho = -4.3475550638E+05
           Bond Ellipticity = NA
           V = -1.0869931350E+05
           G =  5.2184551961E+00
           K =  1.0869409505E+05
           L =  1.0868887659E+05
           Vnuc =  1.3388271195E+07
           Ven = -1.5745321995E+09
           Vrep =  1.5744235002E+09
           DelSqV =  2.4937963825E+09
           DelSqVen =  5.8206317445E+12
           DelSqVrep = -5.8181379481E+12
           DelSqG =  1.3395615600E+08
           DelSqK = -2.6277525385E+09
           Stress_EigVals = -3.6233233496E+04 -3.6233197521E+04 -3.6232882488E+04
           Stress_EigVec1 =  6.9492152116E-01 -6.8629242973E-01  2.1467831822E-01
           Stress_EigVec2 =  7.0813314680E-01  7.0503585065E-01 -3.8365292958E-02
           Stress_EigVec3 = -1.2502610058E-01  1.7868170078E-01  9.7593100370E-01
           -DivStress =  1.3890130129E+02  1.8557595411E+02 -2.8057216451E+02
           ESP =  -1.4771064740E+01     ESP at Nucleus =  -1.4771064742E+01
           ESPe = -2.9728883731E+01     ESPe at Nucleus = -2.9728884070E+01
           ESPn =  1.4957818991E+01     ESPn at Nucleus =  1.4957819328E+01

CP# 5      Coords = -1.74154182771608E-02 -2.81687781073249E+00  9.66587826462287E-01
           Type = (3,-3) NACP H5
           Rho =  4.2226045367E-01     Rho at Nucleus =  4.1852231425E-01
           GradRho = -9.4872175897E-09 -1.7918618210E-09 -9.9398260261E-10
           HessRho_EigVals = -6.4208677335E+00 -6.4131859258E+00 -5.8222667997E+00
           HessRho_EigVec1 = -1.5387257094E-01  9.5772339513E-01 -2.4308255869E-01
           HessRho_EigVec2 = -1.4344535492E-01  2.2175435484E-01  9.6449387570E-01
           HessRho_EigVec3 =  9.7762296519E-01  1.8327821622E-01  1.0325905963E-01
           DelSqRho = -1.8656320459E+01
           Bond Ellipticity = NA
           V = -4.6744919761E+00
           G =  5.2059306696E-03
           K =  4.6692860454E+00
           L =  4.6640801147E+00
           Vnuc =  4.4781815527E+01
           Ven = -1.8909589740E+01
           Vrep =  1.4235097764E+01
           DelSqV =  7.0217093697E+02
           DelSqVen =  8.3546391670E+02
           DelSqVrep = -1.3329297973E+02
           DelSqG =  6.9049801270E+01
           DelSqK = -7.7122073824E+02
           Stress_EigVals = -1.6088930619E+00 -1.6085038036E+00 -1.4570951106E+00
           Stress_EigVec1 = -1.4370310478E-01  2.3129272397E-01  9.6221260307E-01
           Stress_EigVec2 = -1.5133458990E-01  9.5573229971E-01 -2.5233630971E-01
           Stress_EigVec3 =  9.7798121637E-01  1.8187756084E-01  1.0233910927E-01
           -DivStress =  7.7339246686E+00  1.4617661361E+00  8.0860979920E-01
           ESP =  -1.1216030718E+00     ESP at Nucleus =  -1.1240988124E+00
           ESPe = -1.7618691484E+01     ESPe at Nucleus = -1.7561575663E+01
           ESPn =  1.6497088412E+01     ESPn at Nucleus =  1.6437476850E+01

CP# 6      Coords = -2.58845473262780E+00 -5.09079032688105E+00  1.01176723176937E+00
           Type = (3,-3) NACP H6
           Rho =  4.2496089775E-01     Rho at Nucleus =  4.2130785561E-01
           GradRho =  5.9505877434E-10  1.9084887907E-09 -2.5984921246E-10
           HessRho_EigVals = -6.4681944303E+00 -6.4617258714E+00 -5.8766145161E+00
           HessRho_EigVec1 =  9.4246453194E-01 -2.6691627344E-01  2.0128663396E-01
           HessRho_EigVec2 = -1.5620111980E-01  1.8074829680E-01  9.7104647849E-01
           HessRho_EigVec3 =  2.9557032363E-01  9.4661806246E-01 -1.2865623814E-01
           DelSqRho = -1.8806534818E+01
           Bond Ellipticity = NA
           V = -4.7123602872E+00
           G =  5.3632913759E-03
           K =  4.7069969958E+00
           L =  4.7016337044E+00
           Vnuc =  4.3625205055E+01
           Ven = -1.8539006305E+01
           Vrep =  1.3826646017E+01
           DelSqV =  7.0838197829E+02
           DelSqVen =  8.2043894111E+02
           DelSqVrep = -1.1205696282E+02
           DelSqG =  6.9715114453E+01
           DelSqK = -7.7809709274E+02
           Stress_EigVals = -1.6210400939E+00 -1.6205506924E+00 -1.4707695009E+00
           Stress_EigVec1 = -1.9676109498E-01  1.9179783042E-01  9.6150853545E-01
           Stress_EigVec2 =  9.3546303994E-01 -2.5693172465E-01  2.4268289963E-01
           Stress_EigVec3 =  2.9358809991E-01  9.4720625057E-01 -1.2886561402E-01
           -DivStress = -2.3151950440E+00 -7.4330331437E+00  1.0135774752E+00
           ESP =  -1.1178247996E+00     ESP at Nucleus =  -1.1202676878E+00
           ESPe = -1.6009848315E+01     ESPe at Nucleus = -1.5922956917E+01
           ESPn =  1.4892023516E+01     ESPn at Nucleus =  1.4802689229E+01

CP# 7      Coords = -1.01693740032349E+00  2.44155992399285E+00  1.34422885443533E+00
           Type = (3,-3) NACP C7
           Rho =  1.1765035461E+02     Rho at Nucleus =  1.1765035135E+02
           GradRho =  9.5673469147E-13  6.5328784049E-12 -8.0586648465E-12
           HessRho_EigVals = -1.4495565932E+05 -1.4495522941E+05 -1.4495386446E+05
           HessRho_EigVec1 =  1.8403602330E-01  9.8034201365E-01 -7.1135633842E-02
           HessRho_EigVec2 =  6.9530168575E-01 -1.8099728335E-01 -6.9555413104E-01
           HessRho_EigVec3 =  6.9475629390E-01 -7.8546290140E-02  7.1494347496E-01
           DelSqRho = -4.3486475319E+05
           Bond Ellipticity = NA
           V = -1.0872627580E+05
           G =  5.0437498039E+00
           K =  1.0872123205E+05
           L =  1.0871618830E+05
           Vnuc =  8.9548379961E+05
           Ven = -1.0535398657E+08
           Vrep =  1.0524526029E+08
           DelSqV =  2.4943937806E+09
           DelSqVen =  3.8941434163E+11
           DelSqVrep = -3.8691994836E+11
           DelSqG =  1.3397006157E+08
           DelSqK = -2.6283638422E+09
           Stress_EigVals = -3.6242515508E+04 -3.6241947356E+04 -3.6241812933E+04
           Stress_EigVec1 =  7.0953202274E-01 -3.8396379215E-02  7.0362634030E-01
           Stress_EigVec2 = -2.5270119157E-01 -9.4596578097E-01  2.0320149853E-01
           Stress_EigVec3 = -6.5780423872E-01  3.2198518489E-01  6.8089582480E-01
           -DivStress = -2.0187427176E+03 -5.0319364464E+03  3.6904283755E+02
           ESP =  -1.4686513004E+01     ESP at Nucleus =  -1.4686513218E+01
           ESPe = -3.1508313851E+01     ESPe at Nucleus = -3.1508313073E+01
           ESPn =  1.6821800848E+01     ESPn at Nucleus =  1.6821799855E+01

CP# 8      Coords =  1.34889489264551E-02  1.39372719039443E+00  2.72157735505209E+00
           Type = (3,-3) NACP H8
           Rho =  4.3009295998E-01     Rho at Nucleus =  4.2604956620E-01
           GradRho = -4.5812962798E-16  8.0740535785E-16  4.9342040870E-16
           HessRho_EigVals = -6.5664062192E+00 -6.5536022920E+00 -5.9153094186E+00
           HessRho_EigVec1 = -5.6292365269E-01 -8.0259778784E-01 -1.9736704942E-01
           HessRho_EigVec2 = -6.5145027973E-01  2.8389635176E-01  7.0357330429E-01
           HessRho_EigVec3 =  5.0865459232E-01 -5.2463287394E-01  6.8266452471E-01
           DelSqRho = -1.9035317930E+01
           Bond Ellipticity = NA
           V = -4.7671292810E+00
           G =  4.1498992705E-03
           K =  4.7629793817E+00
           L =  4.7588294824E+00
           Vnuc =  4.4502260262E+01
           Ven = -1.9140108842E+01
           Vrep =  1.4372979561E+01
           DelSqV =  7.1541690627E+02
           DelSqVen =  8.4711467269E+02
           DelSqVrep = -1.3169776642E+02
           DelSqG =  7.0567363816E+01
           DelSqK = -7.8598427008E+02
           Stress_EigVals = -1.6440418814E+00 -1.6424014792E+00 -1.4806859204E+00
           Stress_EigVec1 = -5.4680421039E-01 -8.0912498567E-01 -2.1522526119E-01
           Stress_EigVec2 = -6.6588445641E-01  2.6443811395E-01  6.9761764212E-01
           Stress_EigVec3 =  5.0754610254E-01 -5.2477542001E-01  6.8337962536E-01
           -DivStress =  4.2377423762E+00 -4.3483919659E+00  5.6820451762E+00
           ESP =  -1.0994221822E+00     ESP at Nucleus =  -1.1021021614E+00
           ESPe = -1.8164228866E+01     ESPe at Nucleus = -1.8076923325E+01
           ESPn =  1.7064806684E+01     ESPn at Nucleus =  1.6974821163E+01

CP# 9      Coords =  5.13244213449041E+00  3.26855480079427E-01 -6.59671805650198E-01
           Type = (3,-3) NACP C9
           Rho =  1.1766892881E+02     Rho at Nucleus =  1.1766892857E+02
           GradRho = -6.2066724069E-10 -1.3580897230E-11 -1.1626170307E-09
           HessRho_EigVals = -1.4499240574E+05 -1.4499167228E+05 -1.4499133148E+05
           HessRho_EigVec1 =  8.2864159393E-01  4.0395798645E-01 -3.8751910144E-01
           HessRho_EigVec2 =  1.0252108286E-01  5.7104461912E-01  8.1449215499E-01
           HessRho_EigVec3 = -5.5031130860E-01  7.1465095547E-01 -4.3177711320E-01
           DelSqRho = -4.3497540950E+05
           Bond Ellipticity = NA
           V = -1.0875401552E+05
           G =  5.0815726447E+00
           K =  1.0874893395E+05
           L =  1.0874385238E+05
           Vnuc =  3.3228659235E+06
           Ven = -3.9099807380E+08
           Vrep =  3.9088931978E+08
           DelSqV =  2.4950428041E+09
           DelSqVen =  1.4453649900E+12
           DelSqVrep = -1.4428699471E+12
           DelSqG =  1.3401806446E+08
           DelSqK = -2.6290608686E+09
           Stress_EigVals = -3.6251599958E+04 -3.6251422564E+04 -3.6250992998E+04
           Stress_EigVec1 = -5.5296851077E-01  6.6114165639E-01 -5.0706758552E-01
           Stress_EigVec2 =  4.9662011941E-02  6.3364773901E-01  7.7202605359E-01
           Stress_EigVec3 =  8.3172081293E-01  4.0172410064E-01 -3.8322087143E-01
           -DivStress =  6.7001004247E+02  2.6912925024E+01  1.3075297389E+03
           ESP =  -1.4753291308E+01     ESP at Nucleus =  -1.4753291330E+01
           ESPe = -2.9523571501E+01     ESPe at Nucleus = -2.9523571570E+01
           ESPn =  1.4770280192E+01     ESPn at Nucleus =  1.4770280240E+01

CP# 10     Coords =  4.42319049718957E+00  2.18075535245011E+00 -2.54351125812840E-01
           Type = (3,-3) NACP H10
           Rho =  4.2943954171E-01     Rho at Nucleus =  4.2582061495E-01
           GradRho =  5.2024910770E-11 -1.3672638007E-10 -3.0867627849E-11
           HessRho_EigVals = -6.5589953057E+00 -6.5504975347E+00 -5.9601007855E+00
           HessRho_EigVec1 =  4.3302384650E-01 -3.6721501784E-02  9.0063415418E-01
           HessRho_EigVec2 =  8.3129608297E-01  4.0255271315E-01 -3.8327292569E-01
           HessRho_EigVec3 = -3.4847836490E-01  9.1465996110E-01  2.0484136486E-01
           DelSqRho = -1.9069593626E+01
           Bond Ellipticity = NA
           V = -4.7768865655E+00
           G =  4.7440795019E-03
           K =  4.7721424860E+00
           L =  4.7673984065E+00
           Vnuc =  4.5030339034E+01
           Ven = -1.9337808158E+01
           Vrep =  1.4560921592E+01
           DelSqV =  7.1867491851E+02
           DelSqVen =  8.5871026647E+02
           DelSqVrep = -1.4003534795E+02
           DelSqG =  7.0922769049E+01
           DelSqK = -7.8959768756E+02
           Stress_EigVals = -1.6429237496E+00 -1.6419063153E+00 -1.4920565006E+00
           Stress_EigVec1 =  4.3031750964E-01 -3.6500491621E-02  9.0193933001E-01
           Stress_EigVec2 =  8.3246870957E-01  4.0239257459E-01 -3.8088851847E-01
           Stress_EigVec3 = -3.4903107095E-01  9.1473926888E-01  2.0354208775E-01
           -DivStress = -2.7366255575E+00  7.1930349103E+00  1.6235349894E+00
           ESP =  -1.1289939593E+00     ESP at Nucleus =  -1.1313927689E+00
           ESPe = -1.7095118636E+01     ESPe at Nucleus = -1.7032846984E+01
           ESPn =  1.5966124677E+01     ESPn at Nucleus =  1.5901454215E+01

CP# 11     Coords =  6.49788641127914E+00 -8.12917884514727E-01  1.14139955802834E+00
           Type = (3,-3) NACP C11
           Rho =  1.1766064680E+02     Rho at Nucleus =  1.1766064654E+02
           GradRho =  8.2982876191E-10 -1.1585671815E-09  6.9655814141E-10
           HessRho_EigVals = -1.4498059020E+05 -1.4497993981E+05 -1.4497958372E+05
           HessRho_EigVec1 =  8.3765485285E-01  3.9393378778E-01 -3.7835237326E-01
           HessRho_EigVec2 = -2.7324878083E-01  9.0202029853E-01  3.3420724830E-01
           HessRho_EigVec3 =  4.7293704790E-01 -1.7656599868E-01  8.6322360767E-01
           DelSqRho = -4.3494011374E+05
           Bond Ellipticity = NA
           V = -1.0874518558E+05
           G =  5.0785729511E+00
           K =  1.0874010701E+05
           L =  1.0873502843E+05
           Vnuc =  3.1137859243E+06
           Ven = -3.6637006586E+08
           Vrep =  3.6626132067E+08
           DelSqV =  2.4948394356E+09
           DelSqVen =  1.3543104430E+12
           DelSqVrep = -1.3518156036E+12
           DelSqG =  1.3400567064E+08
           DelSqK = -2.6288451062E+09
           Stress_EigVals = -3.6248653448E+04 -3.6248469433E+04 -3.6248062699E+04
           Stress_EigVec1 =  4.9210214591E-01 -2.3211355328E-01  8.3902251243E-01
           Stress_EigVec2 = -2.4615726876E-01  8.8736333030E-01  3.8986269258E-01
           Stress_EigVec3 =  8.3501022570E-01  3.9838375773E-01 -3.7953696073E-01
           -DivStress = -8.3120166577E+02  1.1519070890E+03 -6.6257340451E+02
           ESP =  -1.4751810874E+01     ESP at Nucleus =  -1.4751810899E+01
           ESPe = -2.8563118181E+01     ESPe at Nucleus = -2.8563119609E+01
           ESPn =  1.3811307307E+01     ESPn at Nucleus =  1.3811308710E+01

CP# 12     Coords =  6.79816405753786E+00  2.09999269619971E-01  2.86612121190147E+00
           Type = (3,-3) NACP H12
           Rho =  4.3015221396E-01     Rho at Nucleus =  4.2661828785E-01
           GradRho = -1.6206450786E-16 -3.0857583910E-15 -6.1060864515E-15
           HessRho_EigVals = -6.5723623305E+00 -6.5636984417E+00 -5.9805737124E+00
           HessRho_EigVec1 =  5.3588919231E-01 -7.6126958477E-01  3.6509093781E-01
           HessRho_EigVec2 =  8.3173759839E-01  4.0172855041E-01 -3.8317977401E-01
           HessRho_EigVec3 =  1.4503565424E-01  5.0900175941E-01  8.4845852457E-01
           DelSqRho = -1.9116634485E+01
           Bond Ellipticity = NA
           V = -4.7886679812E+00
           G =  4.7546800524E-03
           K =  4.7839133012E+00
           L =  4.7791586211E+00
           Vnuc =  4.3420194654E+01
           Ven = -1.8677292861E+01
           Vrep =  1.3888624880E+01
           DelSqV =  7.2087069158E+02
           DelSqVen =  8.3004799045E+02
           DelSqVrep = -1.0917729887E+02
           DelSqG =  7.1148046998E+01
           DelSqK = -7.9201873858E+02
           Stress_EigVals = -1.6462587928E+00 -1.6452669065E+00 -1.4971422820E+00
           Stress_EigVec1 =  5.3671343918E-01 -7.6149474379E-01  3.6340671346E-01
           Stress_EigVec2 =  8.3107409585E-01  4.0267915440E-01 -3.8362135736E-01
           Stress_EigVec3 =  1.4578933916E-01  5.0791264386E-01  8.4898186953E-01
           -DivStress =  1.1190439825E+00  3.9740162750E+00  6.5950700122E+00
           ESP =  -1.1270014727E+00     ESP at Nucleus =  -1.1293559546E+00
           ESPe = -1.5095065229E+01     ESPe at Nucleus = -1.5014446648E+01
           ESPn =  1.3968063756E+01     ESPn at Nucleus =  1.3885090694E+01

CP# 13     Coords = -6.11122647555024E+00 -1.56290202693057E+00 -2.78206021568973E-01
           Type = (3,-3) NACP O13
           Rho =  2.8991717206E+02     Rho at Nucleus =  2.8991713982E+02
           GradRho = -1.0447989696E-10 -1.4894474543E-11  2.4545920851E-12
           HessRho_EigVals = -6.3927039791E+05 -6.3925416970E+05 -6.3924495103E+05
           HessRho_EigVec1 =  7.8706397641E-01  6.0713856871E-01  1.0914694420E-01
           HessRho_EigVec2 = -5.8189519161E-01  7.8945617200E-01 -1.9533801083E-01
           HessRho_EigVec3 = -2.0476396906E-01  9.0231429536E-02  9.7464352771E-01
           DelSqRho = -1.9177695186E+06
           Bond Ellipticity = NA
           V = -4.7953631254E+05
           G =  4.6966440780E+01
           K =  4.7948934610E+05
           L =  4.7944237966E+05
           Vnuc =  7.9649304039E+05
           Ven = -2.3091700984E+08
           Vrep =  2.3043747352E+08
           DelSqV =  1.9776273699E+10
           DelSqVen =  1.5274900744E+12
           DelSqVrep = -1.5077138004E+12
           DelSqG =  1.0574565674E+09
           DelSqK = -2.0833730267E+10
           Stress_EigVals = -1.5984828109E+05 -1.5984576944E+05 -1.5984226201E+05
           Stress_EigVec1 = -2.0393749389E-01  8.8169188536E-02  9.7500548346E-01
           Stress_EigVec2 = -5.8682700189E-01  7.8616880153E-01 -1.9383674923E-01
           Stress_EigVec3 =  7.8360932130E-01  6.1169012555E-01  1.0858923459E-01
           -DivStress = -3.6234911987E+04  5.2334430469E+04 -1.1309566628E+04
           ESP =  -2.2293306431E+01     ESP at Nucleus =  -2.2293307599E+01
           ESPe = -3.6368262920E+01     ESPe at Nucleus = -3.6368251352E+01
           ESPn =  1.4074956489E+01     ESPn at Nucleus =  1.4074943753E+01

CP# 14     Coords = -1.47872756455275E-01  4.84767899132683E+00  1.24118453164987E+00
           Type = (3,-3) NACP O14
           Rho =  2.8987231644E+02     Rho at Nucleus =  2.8987228349E+02
           GradRho =  6.3535010586E-12 -1.7849955541E-10  1.4494572209E-11
           HessRho_EigVals = -6.3914256109E+05 -6.3912633885E+05 -6.3911815456E+05
           HessRho_EigVec1 = -5.3846899655E-02  9.0857476566E-01 -4.1423713812E-01
           HessRho_EigVec2 =  7.5898879323E-01  3.0680971629E-01  5.7428547757E-01
           HessRho_EigVec3 =  6.4887327203E-01 -2.8347785309E-01 -7.0611881695E-01
           DelSqRho = -1.9173870545E+06
           Bond Ellipticity = NA
           V = -4.7944072458E+05
           G =  4.6980478298E+01
           K =  4.7939374410E+05
           L =  4.7934676363E+05
           Vnuc =  7.8781394828E+05
           Ven = -2.2836545411E+08
           Vrep =  2.2788601339E+08
           DelSqV =  1.9772291983E+10
           DelSqVen =  1.5105442670E+12
           DelSqVrep = -1.4907719752E+12
           DelSqG =  1.0571944050E+09
           DelSqK = -2.0829486388E+10
           Stress_EigVals = -1.5981624695E+05 -1.5981399269E+05 -1.5981048495E+05
           Stress_EigVec1 =  6.5120021215E-01 -2.8276683681E-01 -7.0425932702E-01
