AIMSum (Version 19.02.13, Professional)
Copyright (c) 1997-2019 by Todd A. Keith
AIMSum is a component of the AIMAll package ( http://aim.tkgristmill.com )

TP:  64-bit Linux

Much of the Quantum Theory of Atoms in Molecules (QTAIM) is described in the book:
  "Atoms in Molecules - A Quantum Theory"
  R.F.W. Bader, Oxford University Press, Oxford, 1990

For additional references see:  http://aim.tkgristmill.com/references.html

Wfn File:  /home/mhennefarth/Documents/ML_Diels/summary-liu2013/2en-opt/2en-opt.wfn
Sum File:  /home/mhennefarth/Documents/ML_Diels/summary-liu2013/2en-opt/2en-opt.sum

SumViz File:  /home/mhennefarth/Documents/ML_Diels/summary-liu2013/2en-opt/2en-opt.sumviz

Wfn Title:   Title Card Required                                                           
 
Total memory allocated for AIMSum =        1.571 Megabytes

Atomic units (a.u.) used throughout, except where stated otherwise

Model:  Restricted SCF
 
Restricted, closed-shell, single-determinant wavefunction.
  Number of electrons (from MO Occs)                   =          94.0000000000
  Number of Alpha electrons (from MO Occs)             =          47.0000000000
  Number of Beta electrons (from MO Occs)              =          47.0000000000
  Number of electron pairs (N*(N-1)/2)                 =        4371.0000000000
  Number of electron pairs (from Muller 2EDM)          =        4371.0000000000
 
Nuclear Charges and Cartesian Coordinates:
-------------------------------------------------------------------------------
Atom      Charge                X                  Y                  Z
-------------------------------------------------------------------------------
C1         6.0           3.1420497400E+00  -2.4636098400E+00   7.8443010000E-02
H2         1.0           4.3777517600E+00  -4.0014835700E+00  -4.9222085000E-01
C3         6.0           4.3053648700E+00   2.8377630000E-02   4.1983650000E-01
C4         6.0           3.5535690800E+00   1.7872784200E+00   2.1036795000E+00
H5         1.0           2.0635805500E+00   1.3393937100E+00   3.4320910700E+00
H6         1.0           4.3960101700E+00   3.6470508700E+00   2.2364019100E+00
C7         6.0           6.6340202000E-01  -2.8987457900E+00   3.7132706000E-01
H8         1.0          -6.8444212000E-01  -1.3956865700E+00   7.8734910000E-01
C9         6.0          -4.4122445000E+00   3.0815228400E+00   1.3290631500E+00
H10        1.0          -3.8070465400E+00   3.1588403000E+00   3.2983865700E+00
C11        6.0          -6.3767569600E+00   1.5806931600E+00   7.8148950000E-01
H12        1.0          -7.2387846200E+00   5.4368247000E-01   2.3413093600E+00
C13        6.0          -2.9096302000E+00   4.7189424300E+00  -4.4017265000E-01
H14        1.0          -3.0228307700E+00   6.7109595100E+00   1.3412320000E-01
H15        1.0          -9.0165460000E-01   4.1966696700E+00  -3.8677870000E-01
H16        1.0          -3.5527189200E+00   4.5910552600E+00  -2.3997934000E+00
C17        6.0          -7.5972056700E+00   1.1602132500E+00  -1.7500652100E+00
H18        1.0          -7.5625396100E+00  -8.4990017000E-01  -2.2691338300E+00
H19        1.0          -9.5958842800E+00   1.7196835300E+00  -1.7060170400E+00
H20        1.0          -6.6802589500E+00   2.2179088600E+00  -3.2694620400E+00
O21        8.0           6.3013509400E+00   2.9760197000E-01  -1.2076787500E+00
O22        8.0          -3.1308340000E-01  -5.2668900900E+00   2.1444224000E-01
C23        6.0           7.7458257800E+00   2.5461254000E+00  -1.0403943200E+00
H24        1.0           8.5147372600E+00   2.8064847300E+00   8.6971726000E-01
H25        1.0           9.2922029900E+00   2.3375502900E+00  -2.3904251600E+00
H26        1.0           6.6145028700E+00   4.2124336300E+00  -1.5420575000E+00
C27        6.0          -2.9711281600E+00  -5.3926576900E+00  -1.6993800000E-01
H28        1.0          -3.5066391800E+00  -7.3708951000E+00   6.8429120000E-02
H29        1.0          -3.9879444100E+00  -4.2298643800E+00   1.2155967900E+00
H30        1.0          -3.4836579700E+00  -4.7684168900E+00  -2.0812351300E+00
 
Some Atomic Properties:
----------------------
  q(A) = Net Charge of Atom A
  L(A) = Lagrangian of Atom A = -(1/4) Times Atomic Integral of the Laplacian of the Electron Density
  K(A) = Electronic Kinetic Energy of Atom A (Hamiltonian Form)
  K_Scaled(A) = K(A) * E(Mol)/K(Mol) = Approximation to Virial-Based Total Energy of Atom A.
  |Mu_Intra(A)| = Magnitude of Intraatomic Dipole Moment of Atom A
--------------------------------------------------------------------------------------------------
Atom A          q(A)              L(A)              K(A)          K_Scaled(A)      |Mu_Intra(A)|
--------------------------------------------------------------------------------------------------
C1        2.7084032000E-03  8.6001863625E-05  3.7714866463E+01 -3.8078649733E+01  1.6667652443E-01
H2        6.7358096070E-02  3.1135259166E-05  5.8499273255E-01 -5.9063535015E-01  1.4889249272E-01
C3        5.0497887510E-01 -2.0394745872E-04  3.7385795767E+01 -3.7746404946E+01  7.2276610903E-01
C4       -1.1838330180E-01 -2.1045782417E-04  3.7699567725E+01 -3.8063203429E+01  2.2737584810E-01
H5        4.1241624130E-02  2.9703065315E-05  5.9451541810E-01 -6.0024988791E-01  1.5001713667E-01
H6        3.3612487890E-02  3.9782924790E-05  5.9852582176E-01 -6.0429897440E-01  1.4828835270E-01
C7        4.8764243540E-01  4.1306551768E-05  3.7397009094E+01 -3.7757726433E+01  7.6448532780E-01
H8        6.5953545530E-02  4.8326974650E-05  5.8994488317E-01 -5.9563526733E-01  1.4808991287E-01
C9       -5.3322120600E-02  2.9821899544E-05  3.7699309920E+01 -3.8062943138E+01  5.5152547164E-02
H10       2.1499065480E-02  2.5365809877E-05  6.0752746591E-01 -6.1338744498E-01  1.5442017055E-01
C11      -5.8321083100E-02 -1.2682449372E-04  3.7698803258E+01 -3.8062431588E+01  6.0129775604E-02
H12       1.8023530810E-02  2.3210622527E-05  6.0862314437E-01 -6.1449369195E-01  1.5562958355E-01
C13      -2.5191671800E-02 -3.4973722054E-04  3.7682514032E+01 -3.8045985243E+01  9.4756132673E-02
H14       1.7487779450E-02  2.4653393440E-05  6.0248221247E-01 -6.0829352695E-01  1.5430878223E-01
H15       3.6225358500E-02  4.1529637637E-05  5.9455554204E-01 -6.0029039887E-01  1.4815923324E-01
H16       1.1455770090E-02  2.2947376824E-05  6.0859974402E-01 -6.1447006588E-01  1.4823224918E-01
C17      -1.8722962000E-02 -1.4689789854E-04  3.7677428205E+01 -3.8040850360E+01  7.7417006966E-02
H18       1.2029147790E-02  1.2254004855E-05  6.0476914306E-01 -6.1060251640E-01  1.5459107733E-01
H19       1.9892544630E-02  2.0045466826E-05  6.0179348920E-01 -6.0759816052E-01  1.5374619701E-01
H20       1.6488618110E-02  2.2911654054E-05  6.0677919967E-01 -6.1263196125E-01  1.4731616870E-01
O21      -1.1009464578E+00  4.3018706097E-05  7.5243269602E+01 -7.5969037588E+01  1.8324763643E-01
O22      -1.1052394263E+00 -2.0635552521E-04  7.5241735049E+01 -7.5967488233E+01  2.1367308682E-01
C23       4.6597451680E-01 -2.7353068984E-05  3.7404632076E+01 -3.7765422943E+01  6.3393855267E-01
H24       2.9380646080E-02  2.7514874680E-05  6.0449790033E-01 -6.1032865737E-01  1.5795095631E-01
H25       4.1205700340E-02  2.8708620020E-05  6.0323099477E-01 -6.0904953172E-01  1.4658809477E-01
H26       2.4444770180E-02  2.1529759452E-05  6.0717027734E-01 -6.1302681111E-01  1.5776727855E-01
C27       4.6053147550E-01 -8.0231878028E-05  3.7407395193E+01 -3.7768212712E+01  6.2210097284E-01
H28       4.4826515800E-02  2.5790054162E-05  6.0153610053E-01 -6.0733828917E-01  1.4592216022E-01
H29       2.8958538790E-02  2.3651128223E-05  6.0480068233E-01 -6.1063435989E-01  1.5341155297E-01
H30       2.7645576270E-02  2.1710169482E-05  6.0605763184E-01 -6.1190343345E-01  1.5532509779E-01
--------------------------------------------------------------------------------------------------
Total    -5.6200146000E-04 -6.6088555090E-04  5.3708272877E+02 -5.4226322468E+02
 
1st Largest |L(A)| = 3.4973722054E-04, atom C13     
2nd Largest |L(A)| = 2.1045782417E-04, atom C4      
 
Molecular charge q(Mol) from the wfn file:   0.0000000000E+00
Molecular energy E(Mol) from the wfn file:  -5.4226341891E+02
Molecular virial ratio (-V(Mol)/T(Mol)) from the wfn file:   2.0096456200E+00
Note.  K_Scaled(A) = (1+V(Mol)/T(Mol))*K(A) = (E(Mol)/T(Mol))*K(A)
       Only use K_Scaled(A) data with caution.
 
N_AIMInt(SumA)     =         94.000562
N_Analytic(Mol)    =         93.999983
 
G_AIMInt(SumA)     =        537.083390
G_Analytic(Mol)    =        537.082884
 
K_AIMInt(SumA)     =        537.082729
K_Analytic(Mol)    =        537.082884
 
L_AIMInt(SumA)     =         -0.000661
L_Analytic(Mol)    =          0.000000
 
VenT_AIMInt(SumA)  =      -2608.148020
VenT_Analytic(Mol) =      -2608.138101
 
Some Information About the Atomic Calculations:
----------------------------------------------
  Time(sec) = "Elapsed User Time", in Seconds, for Atom A by AIMInt and, if used, by TWOe
  NProc = Number of Processors Used for AIMInt Job
  BIM = Basin Integration Method
  OAQ = Angular Quadrature Outside of Beta Sphere
  ORQ = Multiple of Default for Radial Quadrature Outside of Beta Sphere
  IAQ = Multiple of Default for Angular Quadrature Inside of Beta Sphere
  IRQ = Multiple of Default for Radial Quadrature Inside of Beta Sphere
  MIR = Maximum Integration Radius
------------------------------------------------------------------------------------------------------
Atom A     Time(sec)   NProc      BIM          OAQ                     ORQ      IAQ      IRQ      MIR
------------------------------------------------------------------------------------------------------
C1             28        8     Proaim(5)    4500(GS4)                  1.00     1.00     1.00    13.00
H2              6        8     Proaim(5)    1800(GS4)                  1.00     1.00     1.00    13.00
C3             40        8     Proaim(5)    4500(GS4)                  1.00     1.00     1.00    13.00
C4             45        8     Proaim(5)    4500(GS4)                  1.00     1.00     1.00    13.00
H5             10        8     Proaim(5)    1800(GS4)                  1.00     1.00     1.00    13.00
H6              9        8     Proaim(5)    1800(GS4)                  1.00     1.00     1.00    13.00
C7             33        8     Proaim(5)    4500(GS4)                  1.00     1.00     1.00    13.00
H8             16        8     Proaim(5)    4500(GS4)                  1.00     1.00     1.00    13.00
C9             37        8     Proaim(5)    4500(GS4)                  1.00     1.00     1.00    13.00
H10             8        8     Proaim(5)    1800(GS4)                  1.00     1.00     1.00    13.00
C11            33        8     Proaim(5)    4500(GS4)                  1.00     1.00     1.00    13.00
H12             7        8     Proaim(5)    1800(GS4)                  1.00     1.00     1.00    13.00
C13            32        8     Proaim(5)    4500(GS4)                  1.00     1.00     1.00    13.00
H14            10        8     Proaim(5)    1800(GS4)                  1.00     1.00     1.00    13.00
H15            20        8     Proaim(5)    4500(GS4)                  1.00     1.00     1.00    13.00
H16            14        8     Proaim(5)    4500(GS4)                  1.00     1.00     1.00    13.00
C17            25        8     Proaim(5)    4500(GS4)                  1.00     1.00     1.00    13.00
H18            14        8     Proaim(5)    4500(GS4)                  1.00     1.00     1.00    13.00
H19             5        8     Proaim(5)    1800(GS4)                  1.00     1.00     1.00    13.00
H20            13        8     Proaim(5)    4500(GS4)                  1.00     1.00     1.00    13.00
O21            26        8     Proaim(5)    4500(GS4)                  1.00     1.00     1.00    13.00
O22            20        8     Proaim(5)    4500(GS4)                  1.00     1.00     1.00    13.00
C23            26        8     Proaim(5)    4500(GS4)                  1.00     1.00     1.00    13.00
H24             6        8     Proaim(5)    1800(GS4)                  1.00     1.00     1.00    13.00
H25             6        8     Proaim(5)    1800(GS4)                  1.00     1.00     1.00    13.00
H26             7        8     Proaim(5)    1800(GS4)                  1.00     1.00     1.00    13.00
C27            29        8     Proaim(5)    4500(GS4)                  1.00     1.00     1.00    13.00
H28             6        8     Proaim(5)    1800(GS4)                  1.00     1.00     1.00    13.00
H29            17        8     Proaim(5)    4500(GS4)                  1.00     1.00     1.00    13.00
H30            16        8     Proaim(5)    4500(GS4)                  1.00     1.00     1.00    13.00
------------------------------------------------------------------------------------------------------
Total         564
Note:  Total wall clock time is less than total of atomic times if more than one atom
       was calculated at a time
 
Electron Density Critical Point Analysis of Molecular Structure:               
---------------------------------------------------------------                
  NACP = Nuclear Attractor Critical Point                                      
  NNACP = Non-Nuclear Attractor Critical Point                                 
  BCP = Bond Critical Point                                                    
  RCP = Ring Critical Point                                                    
  CCP = Cage Critical Point                                                    
  Rho = Electron Density                                                       
  GradRho = Gradient of Electron Density                                       
  HessRho_EigVals = Eigenvalues of the Hessian of Rho, Ascending Order         
  HessRho_EigVecs = Eigenvectors of the Hessian of Rho                         
  DelSqRho = Laplacian of Rho = Trace of Hessian of Rho                        
  Bond Ellipticity = (HessRho_EigVal(1) / HessRho_EigVal(2)) - 1               
  V = Virial Field = Potential Energy Density = Trace of Stress Tensor         
  G = Lagrangian Form of Kinetic Energy Density                                
  K = Hamiltonian Form of Kinetic Energy Density                               
  L = K - G = Lagrangian Density = (-1/4)DelSqRho                              
  Vnuc = Electrostatic Potential from Nuclei                                   
  Ven = Electron-nuclear attractive contribution to Virial Field V             
  Vrep = V - Ven = Repulsive contribution to Virial Field V                    
  DelSqV = Laplacian of V                                                      
  DelSqVen = Laplacian of Ven                                                  
  DelSqVrep = Laplacian of Vrep                                                
  DelSqG = Laplacian of G                                                      
  DelSqK = Laplacian of K                                                      
  Stress_EigVals = Eigenvalues of Stress Tensor, Ascending Order               
  Stress_EigVecs = Eigenvectors of Stress Tensor                               
  -DivStress = Ehrenfest Force Density = Minus Divergence of Stress Tensor     
  ESP = Total Electrostatic Potential                                          
  ESPe = Electrostatic Potential from Electrons                                
  ESPn = Electrostatic Potential from Nuclei                                   
  BP = Bond Path                                                               
  BPL = Bond Path Length                                                       
  GBL = Geometric Bond Length                                                  
  GBL_I = Distance Between Nuclear Attractors                                  
  GBL_II = Distance Between Nuclei                                             
  GBL_III = Sum of Distances Between BCP and Nuclear Attractors                
  GBL_IV = Sum of Distances Between BCP and Nuclei                             

CP# 1      Coords =  3.14205012115244E+00 -2.46360857052402E+00  7.84434842294601E-02
           Type = (3,-3) NACP C1
           Rho =  1.1762161672E+02     Rho at Nucleus =  1.1762161657E+02
           GradRho =  1.5741282583E-10  5.7029826001E-10  2.0782660315E-10
           HessRho_EigVals = -1.4493367127E+05 -1.4493358746E+05 -1.4493331429E+05
           HessRho_EigVec1 =  1.8905881588E-01  8.4443740512E-01 -5.0118083860E-01
           HessRho_EigVec2 =  4.0326357199E-01  3.9859437772E-01  8.2371172965E-01
           HessRho_EigVec3 =  8.9534086003E-01 -3.5783793942E-01 -2.6517306324E-01
           DelSqRho = -4.3480057302E+05
           Bond Ellipticity = NA
           V = -1.0871064271E+05
           G =  5.2497282021E+00
           K =  1.0870539298E+05
           L =  1.0870014325E+05
           Vnuc =  4.2621581098E+06
           Ven = -5.0132192757E+08
           Vrep =  5.0121321693E+08
           DelSqV =  2.4940488441E+09
           DelSqVen =  1.8531887677E+12
           DelSqVrep = -1.8506947189E+12
           DelSqG =  1.3396470088E+08
           DelSqK = -2.6280135450E+09
           Stress_EigVals = -3.6237063830E+04 -3.6236929920E+04 -3.6236648960E+04
           Stress_EigVec1 =  9.7497669785E-01 -1.1848160017E-01 -1.8810249620E-01
           Stress_EigVec2 =  1.5981693770E-01  9.6172140574E-01  2.2259938042E-01
           Stress_EigVec3 =  1.5452826628E-01 -2.4709117378E-01  9.5659132693E-01
           -DivStress = -3.0988041498E+02 -1.0338445107E+03 -3.8523877774E+02
           ESP =  -1.4756058859E+01     ESP at Nucleus =  -1.4756058867E+01
           ESPe = -3.0928773314E+01     ESPe at Nucleus = -3.0928772409E+01
           ESPn =  1.6172714455E+01     ESPn at Nucleus =  1.6172713542E+01

CP# 2      Coords =  4.35664439921147E+00 -3.97510888347074E+00 -4.82388058832053E-01
           Type = (3,-3) NACP H2
           Rho =  4.2208736111E-01     Rho at Nucleus =  4.1837600781E-01
           GradRho = -2.0787408253E-15  1.4007892069E-15  4.2804301770E-16
           HessRho_EigVals = -6.4398151075E+00 -6.4330112428E+00 -5.8385757931E+00
           HessRho_EigVec1 = -7.8287734572E-01 -6.2215807824E-01 -4.7315159671E-03
           HessRho_EigVec2 =  1.6982486239E-01 -2.2099860065E-01  9.6037447624E-01
           HessRho_EigVec3 = -5.9855039694E-01  7.5105189181E-01  2.7867270791E-01
           DelSqRho = -1.8711402143E+01
           Bond Ellipticity = NA
           V = -4.6874379214E+00
           G =  4.7936927973E-03
           K =  4.6826442286E+00
           L =  4.6778505359E+00
           Vnuc =  4.4079674706E+01
           Ven = -1.8605473575E+01
           Vrep =  1.3918035654E+01
           DelSqV =  7.0462148926E+02
           DelSqVen =  8.2479251978E+02
           DelSqVrep = -1.2017103052E+02
           DelSqG =  6.9474835662E+01
           DelSqK = -7.7409632492E+02
           Stress_EigVals = -1.6131009270E+00 -1.6128981527E+00 -1.4614388418E+00
           Stress_EigVec1 =  6.9149304112E-01  3.0996374329E-01  6.5250276009E-01
           Stress_EigVec2 = -4.0307762291E-01 -5.8401700265E-01  7.0459390469E-01
           Stress_EigVec3 = -5.9947127037E-01  7.5023104339E-01  2.7890424439E-01
           -DivStress =  4.7380376713E+00 -5.9194533473E+00 -2.2066743466E+00
           ESP =  -1.1133384115E+00     ESP at Nucleus =  -1.1158578980E+00
           ESPe = -1.6770023780E+01     ESPe at Nucleus = -1.6672681829E+01
           ESPn =  1.5656685368E+01     ESPn at Nucleus =  1.5556823931E+01

CP# 3      Coords =  4.30536919713848E+00  2.83768642937564E-02  4.19832161770737E-01
           Type = (3,-3) NACP C3
           Rho =  1.1762373075E+02     Rho at Nucleus =  1.1762372798E+02
           GradRho = -5.5063759108E-11  1.8081022790E-13 -1.1307968451E-12
           HessRho_EigVals = -1.4491512056E+05 -1.4491467959E+05 -1.4491333416E+05
           HessRho_EigVec1 =  7.1771054251E-01  2.9953092481E-01 -6.2862771356E-01
           HessRho_EigVec2 =  6.9473991710E-01 -3.6920669344E-01  6.1727049589E-01
           HessRho_EigVec3 =  4.7201957038E-02  8.7975430809E-01  4.7307962612E-01
           DelSqRho = -4.3474313432E+05
           Bond Ellipticity = NA
           V = -1.0869576135E+05
           G =  4.9888870966E+00
           K =  1.0869077247E+05
           L =  1.0868578358E+05
           Vnuc =  9.7167637762E+05
           Ven = -1.1429220061E+08
           Vrep =  1.1418350485E+08
           DelSqV =  2.4936892428E+09
           DelSqVen =  4.2242963072E+11
           DelSqVrep = -4.1993594173E+11
           DelSqG =  1.3392456413E+08
           DelSqK = -2.6276138069E+09
           Stress_EigVals = -3.6232337479E+04 -3.6231761534E+04 -3.6231662340E+04
           Stress_EigVec1 =  1.3745306760E-02  8.6963434691E-01  4.9350498398E-01
           Stress_EigVec2 = -8.6682580787E-01 -2.3565655647E-01  4.3940756276E-01
           Stress_EigVec3 =  4.9842159399E-01 -4.3382264816E-01  7.5058232365E-01
           -DivStress = -3.5056394149E+03  6.2404680764E+02  3.5143925294E+03
           ESP =  -1.4686085342E+01     ESP at Nucleus =  -1.4686085547E+01
           ESPe = -3.1675469890E+01     ESPe at Nucleus = -3.1675469411E+01
           ESPn =  1.6989384547E+01     ESPn at Nucleus =  1.6989383864E+01

CP# 4      Coords =  3.55356877957241E+00  1.78727887850228E+00  2.10367926186023E+00
           Type = (3,-3) NACP C4
           Rho =  1.1760773792E+02     Rho at Nucleus =  1.1760773789E+02
           GradRho = -3.9849124001E-11  2.6079555182E-11 -7.8779205381E-12
           HessRho_EigVals = -1.4492213150E+05 -1.4492210220E+05 -1.4492203463E+05
           HessRho_EigVec1 =  6.2937940577E-01 -4.4232268791E-01 -6.3893051528E-01
           HessRho_EigVec2 =  7.4870361582E-01  5.6537753123E-01  3.4610857087E-01
           HessRho_EigVec3 =  2.0814528398E-01 -6.9620319372E-01  6.8700557044E-01
           DelSqRho = -4.3476626832E+05
           Bond Ellipticity = NA
           V = -1.0870200904E+05
           G =  5.2209804838E+00
           K =  1.0869678806E+05
           L =  1.0869156708E+05
           Vnuc =  1.0039249648E+07
           Ven = -1.1806934415E+09
           Vrep =  1.1805847394E+09
           DelSqV =  2.4938586147E+09
           DelSqVen =  4.3647301059E+12
           DelSqVrep = -4.3622362472E+12
           DelSqG =  1.3396001768E+08
           DelSqK = -2.6278186324E+09
           Stress_EigVals = -3.6234128398E+04 -3.6234089977E+04 -3.6233790667E+04
           Stress_EigVec1 = -2.6627959895E-01  7.0886052507E-01  6.5315536527E-01
           Stress_EigVec2 = -6.7332016524E-01 -6.2167698618E-01  4.0019705140E-01
           Stress_EigVec3 =  6.8973555097E-01 -3.3321836812E-01  6.4282998443E-01
           -DivStress =  2.4444758093E+02 -3.7451286306E+02  1.8845417917E+02
           ESP =  -1.4768857812E+01     ESP at Nucleus =  -1.4768857815E+01
           ESPe = -2.9525120152E+01     ESPe at Nucleus = -2.9525120363E+01
           ESPn =  1.4756262340E+01     ESPn at Nucleus =  1.4756262549E+01

CP# 5      Coords =  2.08906899374339E+00  1.34712423619652E+00  3.40927904361230E+00
           Type = (3,-3) NACP H5
           Rho =  4.2380613754E-01     Rho at Nucleus =  4.2011266383E-01
           GradRho = -7.8040872376E-16  5.3798111799E-16 -2.0881733842E-16
           HessRho_EigVals = -6.4454503274E+00 -6.4376578409E+00 -5.8495516841E+00
           HessRho_EigVec1 =  5.4815580268E-02  9.2665586387E-01  3.7189267553E-01
           HessRho_EigVec2 =  6.8427598731E-01 -3.0610315161E-01  6.6186647729E-01
           HessRho_EigVec3 =  7.2715997232E-01  2.1819663271E-01 -6.5086757803E-01
           DelSqRho = -1.8732659852E+01
           Bond Ellipticity = NA
           V = -4.6935839643E+00
           G =  5.2095006019E-03
           K =  4.6883744637E+00
           L =  4.6831649631E+00
           Vnuc =  4.4258849018E+01
           Ven = -1.8757171854E+01
           Vrep =  1.4063587890E+01
           DelSqV =  7.0527828436E+02
           DelSqVen =  8.2908596412E+02
           DelSqVrep = -1.2380767975E+02
           DelSqG =  6.9360604317E+01
           DelSqK = -7.7463888868E+02
           Stress_EigVals = -1.6150423819E+00 -1.6146652055E+00 -1.4638763769E+00
           Stress_EigVec1 =  6.8731530043E-01 -2.6113433974E-01  6.7779534847E-01
           Stress_EigVec2 =  2.2780046785E-02  9.4043117731E-01  3.3922009110E-01
           Stress_EigVec3 =  7.2600189206E-01  2.1771094908E-01 -6.5232138964E-01
           -DivStress = -5.7264636404E+00 -1.7368703043E+00  5.1262630035E+00
           ESP =  -1.1190961120E+00     ESP at Nucleus =  -1.1215625242E+00
           ESPe = -1.6862449233E+01     ESPe at Nucleus = -1.6791586989E+01
           ESPn =  1.5743353121E+01     ESPn at Nucleus =  1.5670024465E+01

CP# 6      Coords =  4.38181888229491E+00  3.61534443808532E+00  2.23401322934419E+00
           Type = (3,-3) NACP H6
           Rho =  4.2488148246E-01     Rho at Nucleus =  4.2122609454E-01
           GradRho = -1.1510747629E-10 -2.5705902858E-10 -1.9355811658E-11
           HessRho_EigVals = -6.4665297799E+00 -6.4598809211E+00 -5.8746594460E+00
           HessRho_EigVec1 =  6.2743041881E-01 -2.2498431110E-01 -7.4546168869E-01
           HessRho_EigVec2 =  6.6324867310E-01 -3.4715995751E-01  6.6300917153E-01
           HessRho_EigVec3 =  4.0796110988E-01  9.1041859804E-01  6.8598171732E-02
           DelSqRho = -1.8801070147E+01
           Bond Ellipticity = NA
           V = -4.7109765204E+00
           G =  5.3544918554E-03
           K =  4.7056220286E+00
           L =  4.7002675367E+00
           Vnuc =  4.3635301515E+01
           Ven = -1.8539831595E+01
           Vrep =  1.3828855075E+01
           DelSqV =  7.0815402302E+02
           DelSqVen =  8.2039036514E+02
           DelSqVrep = -1.1223634212E+02
           DelSqG =  6.9688067241E+01
           DelSqK = -7.7784209026E+02
           Stress_EigVals = -1.6205888408E+00 -1.6200947398E+00 -1.4702929398E+00
           Stress_EigVec1 =  6.1078584553E-01 -3.2844807441E-01  7.2045993179E-01
           Stress_EigVec2 =  6.7927161676E-01 -2.5018769011E-01 -6.8992477154E-01
           Stress_EigVec3 =  4.0685466885E-01  9.1078426762E-01  7.0294354682E-02
           -DivStress =  3.1993457076E+00  7.1506822677E+00  5.3921862677E-01
           ESP =  -1.1157772386E+00     ESP at Nucleus =  -1.1182230289E+00
           ESPe = -1.6031523858E+01     ESPe at Nucleus = -1.5947190946E+01
           ESPn =  1.4915746620E+01     ESPn at Nucleus =  1.4828967917E+01

CP# 7      Coords =  6.63398902466184E-01 -2.89875160449818E+00  3.71327065939125E-01
           Type = (3,-3) NACP C7
           Rho =  1.1765312467E+02     Rho at Nucleus =  1.1765312152E+02
           GradRho = -6.1053072320E-13 -1.4387616099E-11  3.0718760868E-12
           HessRho_EigVals = -1.4495670044E+05 -1.4495621025E+05 -1.4495489546E+05
           HessRho_EigVec1 =  2.9453945016E-01  9.4504610482E-01  1.4189563790E-01
           HessRho_EigVec2 =  6.7371588354E-02 -1.6864752456E-01  9.8337128367E-01
           HessRho_EigVec3 =  9.5326154930E-01 -2.8008190269E-01 -1.1334260631E-01
           DelSqRho = -4.3486780615E+05
           Bond Ellipticity = NA
           V = -1.0872701895E+05
           G =  5.0337047514E+00
           K =  1.0872198524E+05
           L =  1.0871695154E+05
           Vnuc =  9.0944749137E+05
           Ven = -1.0699933909E+08
           Vrep =  1.0689061207E+08
           DelSqV =  2.4944083435E+09
           DelSqVen =  3.9548943411E+11
           DelSqVrep = -3.9299502577E+11
           DelSqG =  1.3396867066E+08
           DelSqK = -2.6283770141E+09
           Stress_EigVals = -3.6242762236E+04 -3.6242182567E+04 -3.6242074143E+04
           Stress_EigVec1 =  9.6256862483E-01 -2.3308378446E-01 -1.3832422751E-01
           Stress_EigVec2 =  2.4448578410E-01  9.6698309603E-01  7.1905447347E-02
           Stress_EigVec3 =  1.1699719598E-01 -1.0303223479E-01  9.8777326079E-01
           -DivStress =  2.5258150714E+03  4.7197359980E+03 -4.2636338744E+00
           ESP =  -1.4690612491E+01     ESP at Nucleus =  -1.4690612696E+01
           ESPe = -3.1336290038E+01     ESPe at Nucleus = -3.1336289836E+01
           ESPn =  1.6645677548E+01     ESPn at Nucleus =  1.6645677140E+01

CP# 8      Coords = -6.61572567395821E-01 -1.42201358880954E+00  7.80194914410330E-01
           Type = (3,-3) NACP H8
           Rho =  4.2702938882E-01     Rho at Nucleus =  4.2318623370E-01
           GradRho =  1.1507332224E-15 -1.9050516373E-15 -7.2728281730E-16
           HessRho_EigVals = -6.5289483828E+00 -6.5173754271E+00 -5.9010777353E+00
           HessRho_EigVec1 =  7.4434579916E-01  6.6539653102E-01 -5.6540143032E-02
           HessRho_EigVec2 =  1.7610301218E-01 -1.1391545977E-01  9.7775814859E-01
           HessRho_EigVec3 = -6.4415608386E-01  7.3774705999E-01  2.0197082734E-01
           DelSqRho = -1.8947401545E+01
           Bond Ellipticity = NA
           V = -4.7459972739E+00
           G =  4.5734438200E-03
           K =  4.7414238301E+00
           L =  4.7368503863E+00
           Vnuc =  4.5938768715E+01
           Ven = -1.9617204328E+01
           Vrep =  1.4871207054E+01
           DelSqV =  7.1317295680E+02
           DelSqVen =  8.7042029733E+02
           DelSqVrep = -1.5724734053E+02
           DelSqG =  7.0425071780E+01
           DelSqK = -7.8359802858E+02
           Stress_EigVals = -1.6347395122E+00 -1.6333114201E+00 -1.4779463416E+00
           Stress_EigVec1 =  7.4581795488E-01  6.6453093599E-01 -4.6413503224E-02
           Stress_EigVec2 =  1.6739618308E-01 -1.1952188916E-01  9.7861792131E-01
           Stress_EigVec3 = -6.4477445364E-01  7.3764025996E-01  2.0038151317E-01
           -DivStress = -5.1942444966E+00  5.9811244391E+00  1.6246788733E+00
           ESP =  -1.0959280337E+00     ESP at Nucleus =  -1.0985032788E+00
           ESPe = -1.8944263048E+01     ESPe at Nucleus = -1.8879791394E+01
           ESPn =  1.7848335015E+01     ESPn at Nucleus =  1.7781288115E+01

CP# 9      Coords = -4.41224313017910E+00  3.08152379437103E+00  1.32906285195633E+00
           Type = (3,-3) NACP C9
           Rho =  1.1767298906E+02     Rho at Nucleus =  1.1767298885E+02
           GradRho =  8.8310090460E-10  6.2275407425E-10 -1.6944289258E-10
           HessRho_EigVals = -1.4499790335E+05 -1.4499714042E+05 -1.4499683147E+05
           HessRho_EigVec1 = -6.1629708415E-01  7.7021745050E-01  1.6414317840E-01
           HessRho_EigVec2 = -2.9769648035E-01 -4.2082209927E-01  8.5690464251E-01
           HessRho_EigVec3 = -7.2907798599E-01 -4.7924298609E-01 -4.8864245684E-01
           DelSqRho = -4.3499187524E+05
           Bond Ellipticity = NA
           V = -1.0875812540E+05
           G =  5.0782969120E+00
           K =  1.0875304711E+05
           L =  1.0874796881E+05
           Vnuc =  3.5379670227E+06
           Ven = -4.1632315477E+08
           Vrep =  4.1621439664E+08
           DelSqV =  2.4951373198E+09
           DelSqVen =  1.5389868524E+12
           DelSqVrep = -1.5364917314E+12
           DelSqG =  1.3402352931E+08
           DelSqK = -2.6291608491E+09
           Stress_EigVals = -3.6252967579E+04 -3.6252796962E+04 -3.6252360862E+04
           Stress_EigVec1 = -7.4012486255E-01 -5.0949528710E-01 -4.3889604722E-01
           Stress_EigVec2 =  2.5136267173E-01  3.9574908070E-01 -8.8328900842E-01
           Stress_EigVec3 = -6.2372429414E-01  7.6406623898E-01  1.6483563736E-01
           -DivStress = -1.1135456919E+03 -7.7730440693E+02  2.4546726949E+02
           ESP =  -1.4743997717E+01     ESP at Nucleus =  -1.4743997738E+01
           ESPe = -2.9065246155E+01     ESPe at Nucleus = -2.9065246428E+01
           ESPn =  1.4321248438E+01     ESPn at Nucleus =  1.4321248690E+01

CP# 10     Coords = -3.81688839944442E+00  3.15768201524510E+00  3.26584546491626E+00
           Type = (3,-3) NACP H10
           Rho =  4.3016082598E-01     Rho at Nucleus =  4.2661324370E-01
           GradRho = -2.9942058558E-10 -3.5204388543E-11 -9.8997107555E-10
           HessRho_EigVals = -6.5740145121E+00 -6.5656045257E+00 -5.9808392663E+00
           HessRho_EigVec1 =  7.1930714961E-01  6.5113395648E-01 -2.4211938219E-01
           HessRho_EigVec2 = -6.3110505885E-01  7.5816285712E-01  1.6399843527E-01
           HessRho_EigVec3 =  2.9035087258E-01  3.4837519925E-02  9.5628589763E-01
           DelSqRho = -1.9120458304E+01
           Bond Ellipticity = NA
           V = -4.7895274643E+00
           G =  4.7064441327E-03
           K =  4.7848210201E+00
           L =  4.7801145760E+00
           Vnuc =  4.4055932294E+01
           Ven = -1.8951136225E+01
           Vrep =  1.4161608761E+01
           DelSqV =  7.2097057666E+02
           DelSqVen =  8.4236961826E+02
           DelSqVrep = -1.2139904160E+02
           DelSqG =  7.1175662805E+01
           DelSqK = -7.9214623947E+02
           Stress_EigVals = -1.6466892181E+00 -1.6456224151E+00 -1.4972158311E+00
           Stress_EigVec1 =  7.1801159894E-01  6.5211246193E-01 -2.4332833943E-01
           Stress_EigVec2 = -6.3211725561E-01  7.5727167233E-01  1.6421750654E-01
           Stress_EigVec3 =  2.9135394101E-01  3.5901967690E-02  9.5594138407E-01
           -DivStress =  2.2562172659E+00  2.6603744991E-01  7.4584298741E+00
           ESP =  -1.1192863688E+00     ESP at Nucleus =  -1.1216462536E+00
           ESPe = -1.5777784777E+01     ESPe at Nucleus = -1.5699022467E+01
           ESPn =  1.4658498409E+01     ESPn at Nucleus =  1.4577376213E+01

CP# 11     Coords = -6.37675822664743E+00  1.58069224663563E+00  7.81488420500732E-01
           Type = (3,-3) NACP C11
           Rho =  1.1766209590E+02     Rho at Nucleus =  1.1766209564E+02
           GradRho = -1.0425603880E-09 -7.3436567678E-10 -8.6144146439E-10
           HessRho_EigVals = -1.4498286864E+05 -1.4498222780E+05 -1.4498188070E+05
           HessRho_EigVec1 = -6.3768066430E-01  7.5470954591E-01  1.5419750866E-01
           HessRho_EigVec2 =  1.6019424281E-01 -6.5871780711E-02  9.8488512684E-01
           HessRho_EigVec3 =  7.5345947133E-01  6.5274375509E-01 -7.8894963363E-02
           DelSqRho = -4.3494697714E+05
           Bond Ellipticity = NA
           V = -1.0874690500E+05
           G =  5.0803596036E+00
           K =  1.0874182464E+05
           L =  1.0873674429E+05
           Vnuc =  3.1605586120E+06
           Ven = -3.7187795051E+08
           Vrep =  3.7176920361E+08
           DelSqV =  2.4948792201E+09
           DelSqVen =  1.3746753874E+12
           DelSqVrep = -1.3721805097E+12
           DelSqG =  1.3400827550E+08
           DelSqK = -2.6288874956E+09
           Stress_EigVals = -3.6249224235E+04 -3.6249042442E+04 -3.6248638327E+04
           Stress_EigVec1 =  7.6633970404E-01  6.4187999965E-01 -2.6711871199E-02
           Stress_EigVec2 =  1.2467053800E-01 -1.0779802936E-01  9.8632491696E-01
           Stress_EigVec3 = -6.3022275028E-01  7.5919012830E-01  1.6263343480E-01
           -DivStress =  1.0303258460E+03  7.4019608384E+02  8.8032920105E+02
           ESP =  -1.4743164222E+01     ESP at Nucleus =  -1.4743164247E+01
           ESPe = -2.8629873055E+01     ESPe at Nucleus = -2.8629874053E+01
           ESPn =  1.3886708833E+01     ESPn at Nucleus =  1.3886709806E+01

CP# 12     Coords = -7.22477016473877E+00  5.60607011522604E-01  2.31549474299769E+00
           Type = (3,-3) NACP H12
           Rho =  4.3018482816E-01     Rho at Nucleus =  4.2666034748E-01
           GradRho = -4.2400558221E-16  6.8198857748E-17 -7.1375824223E-16
           HessRho_EigVals = -6.5745568342E+00 -6.5658751372E+00 -5.9837189748E+00
           HessRho_EigVec1 =  6.6798195885E-01  3.9976588722E-01  6.2768410691E-01
           HessRho_EigVec2 =  6.1783541526E-01 -7.6808110434E-01 -1.6831760694E-01
           HessRho_EigVec3 = -4.1482466454E-01 -5.0023859563E-01  7.6005384357E-01
           DelSqRho = -1.9124150946E+01
           Bond Ellipticity = NA
           V = -4.7905615424E+00
           G =  4.7619029409E-03
           K =  4.7857996395E+00
           L =  4.7810377365E+00
           Vnuc =  4.3462051218E+01
           Ven = -1.8696715034E+01
           Vrep =  1.3906153492E+01
           DelSqV =  7.2122181873E+02
           DelSqVen =  8.3117482792E+02
           DelSqVrep = -1.0995300919E+02
           DelSqG =  7.1199072384E+01
           DelSqK = -7.9242089111E+02
           Stress_EigVals = -1.6468131765E+00 -1.6458092510E+00 -1.4979391150E+00
           Stress_EigVec1 =  6.6728294318E-01  3.9917732677E-01  6.2880118920E-01
           Stress_EigVec2 =  6.1794813985E-01 -7.6801325068E-01 -1.6821338600E-01
           Stress_EigVec3 = -4.1578067560E-01 -5.0081244849E-01  7.5915302887E-01
           -DivStress = -3.2132027048E+00 -3.8803173568E+00  5.9177010892E+00
           ESP =  -1.1177186446E+00     ESP at Nucleus =  -1.1200663402E+00
           ESPe = -1.5081623559E+01     ESPe at Nucleus = -1.4999805143E+01
           ESPn =  1.3963904914E+01     ESPn at Nucleus =  1.3879738803E+01

CP# 13     Coords = -2.90963086649193E+00  4.71894212616531E+00 -4.40172062432277E-01
           Type = (3,-3) NACP C13
           Rho =  1.1751170958E+02     Rho at Nucleus =  1.1751170952E+02
           GradRho = -1.5866861297E-10 -3.3004280732E-11  1.1589956425E-10
           HessRho_EigVals = -1.4480153864E+05 -1.4480128277E+05 -1.4480118387E+05
           HessRho_EigVec1 =  4.5448741011E-01  6.4790805470E-01 -6.1127436287E-01
           HessRho_EigVec2 = -3.4829246326E-01  7.6087045584E-01  5.4751119574E-01
           HessRho_EigVec3 =  8.1983751688E-01 -3.5934691791E-02  5.7146753525E-01
           DelSqRho = -4.3440400528E+05
           Bond Ellipticity = NA
           V = -1.0861150143E+05
           G =  5.2500540820E+00
           K =  1.0860625137E+05
           L =  1.0860100132E+05
           Vnuc =  6.3896379879E+06
           Ven = -7.5085728357E+08
           Vrep =  7.5074867206E+08
           DelSqV =  2.4917886864E+09
           DelSqVen =  2.7756846449E+12
           DelSqVrep = -2.7731928562E+12
           DelSqG =  1.3384558892E+08
           DelSqK = -2.6256342753E+09
           Stress_EigVals = -3.6203882131E+04 -3.6203851685E+04 -3.6203767612E+04
           Stress_EigVec1 =  7.9710578835E-01 -1.0758090866E-02  6.0374384110E-01
           Stress_EigVec2 = -3.7736562233E-01  7.7167111965E-01  5.1197545857E-01
           Stress_EigVec3 =  4.7139956435E-01  6.3593077184E-01 -6.1104378252E-01
           -DivStress =  5.4122710719E+02  2.4549225354E+02 -4.7627386748E+02
           ESP =  -1.4746812228E+01     ESP at Nucleus =  -1.4746812230E+01
           ESPe = -2.7997102117E+01     ESPe at Nucleus = -2.7997101390E+01
           ESPn =  1.3250289890E+01     ESPn at Nucleus =  1.3250289160E+01

CP# 14     Coords = -3.02108053939287E+00  6.67887248236907E+00  1.25010005411119E-01
           Type = (3,-3) NACP H14
           Rho =  4.2160409529E-01     Rho at Nucleus =  4.1825930768E-01
           GradRho =  2.2842611212E-11 -4.1957421509E-10 -1.1903972361E-10
           HessRho_EigVals = -6.4109788043E+00 -6.4092484890E+00 -5.8539013332E+00
           HessRho_EigVec1 = -5.0762703564E-01 -2.5985951758E-01  8.2145469979E-01
           HessRho_EigVec2 =  8.6001009964E-01 -9.5352753013E-02  5.0128881996E-01
           HessRho_EigVec3 = -5.1936703820E-02  9.6092709589E-01  2.7188544496E-01
           DelSqRho = -1.8674128626E+01
           Bond Ellipticity = NA
           V = -4.6783701434E+00
           G =  4.9189933970E-03
           K =  4.6734511500E+00
           L =  4.6685321566E+00
           Vnuc =  4.3227418839E+01
           Ven = -1.8224856812E+01
           Vrep =  1.3546486668E+01
           DelSqV =  7.0436766844E+02
           DelSqVen =  8.0723438037E+02
           DelSqVrep = -1.0286671193E+02
           DelSqG =  6.9268779423E+01
           DelSqK = -7.7363644786E+02
           Stress_EigVals = -1.6065343672E+00 -1.6063622319E+00 -1.4654735443E+00
           Stress_EigVec1 =  7.7379681751E-01  2.1102696396E-01 -5.9724878040E-01
