AIMSum (Version 19.02.13, Professional)
Copyright (c) 1997-2019 by Todd A. Keith
AIMSum is a component of the AIMAll package ( http://aim.tkgristmill.com )

TP:  64-bit Linux

Much of the Quantum Theory of Atoms in Molecules (QTAIM) is described in the book:
  "Atoms in Molecules - A Quantum Theory"
  R.F.W. Bader, Oxford University Press, Oxford, 1990

For additional references see:  http://aim.tkgristmill.com/references.html

Wfn File:  /home/mhennefarth/Documents/ML_Diels/summary-N-liu2013/3a-opt/3a-opt.wfn
Sum File:  /home/mhennefarth/Documents/ML_Diels/summary-N-liu2013/3a-opt/3a-opt.sum

SumViz File:  /home/mhennefarth/Documents/ML_Diels/summary-N-liu2013/3a-opt/3a-opt.sumviz

Wfn Title:   Title Card Required                                                           
 
Total memory allocated for AIMSum =        1.068 Megabytes

Atomic units (a.u.) used throughout, except where stated otherwise

Model:  Restricted SCF
 
Restricted, closed-shell, single-determinant wavefunction.
  Number of electrons (from MO Occs)                   =          80.0000000000
  Number of Alpha electrons (from MO Occs)             =          40.0000000000
  Number of Beta electrons (from MO Occs)              =          40.0000000000
  Number of electron pairs (N*(N-1)/2)                 =        3160.0000000000
  Number of electron pairs (from Muller 2EDM)          =        3160.0000000000
 
Nuclear Charges and Cartesian Coordinates:
-------------------------------------------------------------------------------
Atom      Charge                X                  Y                  Z
-------------------------------------------------------------------------------
C1         6.0          -1.1203791100E+00  -2.1075617800E+00  -5.7091180000E-02
N2         7.0          -3.4455849500E+00  -2.8454076800E+00   6.4872307000E-01
N3         7.0          -5.2609872200E+00  -1.1266736000E+00   6.7624945000E-01
C4         6.0          -4.6592399600E+00   1.2457616800E+00  -1.0405900000E-03
N5         7.0          -2.3163515800E+00   2.0021654100E+00  -6.4531017000E-01
N6         7.0          -5.0930940000E-01   2.8631527000E-01  -6.7390891000E-01
C7         6.0           8.2287889000E+00  -5.4264240000E-02  -6.7835618000E-01
C8         6.0           6.1327499700E+00   1.1692663900E+00  -3.4049843000E-01
C9         6.0           8.3714829500E+00   2.1144428200E+00   1.1595803200E+00
C10        6.0          -6.7197930300E+00   3.1893355600E+00  -2.5809700000E-02
C11        6.0           9.1954493000E-01  -4.0689512500E+00  -1.7082494000E-01
H12        1.0           9.2684844400E+00  -1.5527323300E+00  -1.5948662600E+00
H13        1.0           4.1458951800E+00   1.4253833700E+00  -7.4684662000E-01
H14        1.0           9.3079079300E+00   3.8750118400E+00   6.0770426000E-01
H15        1.0           8.4859851300E+00   1.7444805900E+00   3.1923514800E+00
H16        1.0           1.1417852700E+00  -4.7485149100E+00  -2.1170870900E+00
H17        1.0           4.1848687000E-01  -5.6790413100E+00   1.0186386400E+00
H18        1.0           2.7309616500E+00  -3.2714822200E+00   4.2088478000E-01
H19        1.0          -7.0816800600E+00   3.8262678500E+00  -1.9630791300E+00
H20        1.0          -8.4526754500E+00   2.3877223000E+00   7.5444791000E-01
H21        1.0          -6.1584467700E+00   4.8499338800E+00   1.0718221900E+00
 
Some Atomic Properties:
----------------------
  q(A) = Net Charge of Atom A
  L(A) = Lagrangian of Atom A = -(1/4) Times Atomic Integral of the Laplacian of the Electron Density
  K(A) = Electronic Kinetic Energy of Atom A (Hamiltonian Form)
  K_Scaled(A) = K(A) * E(Mol)/K(Mol) = Approximation to Virial-Based Total Energy of Atom A.
  |Mu_Intra(A)| = Magnitude of Intraatomic Dipole Moment of Atom A
--------------------------------------------------------------------------------------------------
Atom A          q(A)              L(A)              K(A)          K_Scaled(A)      |Mu_Intra(A)|
--------------------------------------------------------------------------------------------------
C1        1.0320174924E+00 -3.4215683712E-04  3.7140566896E+01 -3.7494193747E+01  6.2314620493E-01
N2       -5.9312727320E-01  1.9927665925E-05  5.4577626887E+01 -5.5097277392E+01  6.6597059293E-01
N3       -5.9402586480E-01  1.5754089363E-05  5.4576378028E+01 -5.5096016642E+01  6.6807943303E-01
C4        1.0358143237E+00 -2.4092996411E-04  3.7138590445E+01 -3.7492198478E+01  6.1751330262E-01
N5       -5.8589526160E-01  5.5743798698E-05  5.4576988189E+01 -5.5096632613E+01  6.6464682704E-01
N6       -6.0228582260E-01  2.2253992187E-06  5.4572670669E+01 -5.5092273984E+01  6.7067747188E-01
C7       -1.5580241590E-01 -2.4340856569E-05  3.7761425545E+01 -3.8120963784E+01  2.3297478473E-01
C8       -1.5275684530E-01 -4.1880662537E-05  3.7761813455E+01 -3.8121355387E+01  2.9662042541E-01
C9        4.4582690900E-02 -2.2589460647E-04  3.7572046421E+01 -3.7929781522E+01  3.0770716204E-01
C10      -9.1625598000E-03 -1.7310310465E-04  3.7704431344E+01 -3.8063426923E+01  1.8354925494E-01
C11      -1.2863774400E-02 -2.5469189599E-04  3.7706815849E+01 -3.8065834132E+01  1.8977669391E-01
H12       1.0153307838E-01  2.1490861626E-05  5.6443421623E-01 -5.6980836937E-01  1.4742684839E-01
H13       1.5058053975E-01  2.5454188140E-05  5.4504307253E-01 -5.5023259659E-01  1.2714480477E-01
H14       5.3289050200E-03  2.8134820058E-05  6.1342884229E-01 -6.1926948846E-01  1.5821535347E-01
H15       2.9959060700E-03  2.7960049668E-05  6.1434844229E-01 -6.2019784426E-01  1.5844134507E-01
H16       4.9909289950E-02  2.2854142005E-05  5.8898894468E-01 -5.9459689101E-01  1.4505037827E-01
H17       5.6621678130E-02  2.2832276798E-05  5.8886769725E-01 -5.9447448914E-01  1.4520018669E-01
H18       6.2947829940E-02  3.6157511897E-05  5.8553400054E-01 -5.9110905128E-01  1.4121830886E-01
H19       5.1449793100E-02  2.4785516535E-05  5.8894241744E-01 -5.9454992076E-01  1.4500094638E-01
H20       5.7278797590E-02  1.8734715027E-05  5.8893885528E-01 -5.9454632469E-01  1.4509559431E-01
H21       5.4064789320E-02  2.5731005701E-05  5.8859451692E-01 -5.9419870778E-01  1.4493068169E-01
--------------------------------------------------------------------------------------------------
Total    -7.9470335000E-04 -9.5521188679E-04  4.8695647473E+02 -4.9159293829E+02
 
1st Largest |L(A)| = 3.4215683712E-04, atom C1      
2nd Largest |L(A)| = 2.5469189599E-04, atom C11     
 
Molecular charge q(Mol) from the wfn file:   0.0000000000E+00
Molecular energy E(Mol) from the wfn file:  -4.9159321892E+02
Molecular virial ratio (-V(Mol)/T(Mol)) from the wfn file:   2.0095213100E+00
Note.  K_Scaled(A) = (1+V(Mol)/T(Mol))*K(A) = (E(Mol)/T(Mol))*K(A)
       Only use K_Scaled(A) data with caution.
 
N_AIMInt(SumA)     =         80.000795
N_Analytic(Mol)    =         79.999992
 
G_AIMInt(SumA)     =        486.957430
G_Analytic(Mol)    =        486.956734
 
K_AIMInt(SumA)     =        486.956475
K_Analytic(Mol)    =        486.956734
 
L_AIMInt(SumA)     =         -0.000955
L_Analytic(Mol)    =          0.000000
 
VenT_AIMInt(SumA)  =      -2219.349023
VenT_Analytic(Mol) =      -2219.338084
 
Some Information About the Atomic Calculations:
----------------------------------------------
  Time(sec) = "Elapsed User Time", in Seconds, for Atom A by AIMInt and, if used, by TWOe
  NProc = Number of Processors Used for AIMInt Job
  BIM = Basin Integration Method
  OAQ = Angular Quadrature Outside of Beta Sphere
  ORQ = Multiple of Default for Radial Quadrature Outside of Beta Sphere
  IAQ = Multiple of Default for Angular Quadrature Inside of Beta Sphere
  IRQ = Multiple of Default for Radial Quadrature Inside of Beta Sphere
  MIR = Maximum Integration Radius
------------------------------------------------------------------------------------------------------
Atom A     Time(sec)   NProc      BIM          OAQ                     ORQ      IAQ      IRQ      MIR
------------------------------------------------------------------------------------------------------
C1             52        8     Proaim(5)    4500(GS4)                  1.00     1.00     1.00    13.00
N2             32        8     Proaim(5)    4500(GS4)                  1.00     1.00     1.00    13.00
N3             40        8     Proaim(5)    4500(GS4)                  1.00     1.00     1.00    13.00
C4             52        8     Proaim(5)    4500(GS4)                  1.00     1.00     1.00    13.00
N5             35        8     Proaim(5)    4500(GS4)                  1.00     1.00     1.00    13.00
N6             41        8     Proaim(5)    4500(GS4)                  1.00     1.00     1.00    13.00
C7             49        8     Proaim(5)    4500(GS4)                  1.00     1.00     1.00    13.00
C8             60        8     Proaim(5)    4500(GS4)                  1.00     1.00     1.00    13.00
C9             33        8     Proaim(5)    4500(GS4)                  1.00     1.00     1.00    13.00
C10            20        8     Proaim(5)    4500(GS4)                  1.00     1.00     1.00    13.00
C11            23        8     Proaim(5)    4500(GS4)                  1.00     1.00     1.00    13.00
H12             5        8     Proaim(5)    1800(GS4)                  1.00     1.00     1.00    13.00
H13            12        8     Proaim(5)    4500(GS4)                  1.00     1.00     1.00    13.00
H14             5        8     Proaim(5)    1800(GS4)                  1.00     1.00     1.00    13.00
H15             5        8     Proaim(5)    1800(GS4)                  1.00     1.00     1.00    13.00
H16             6        8     Proaim(5)    1800(GS4)                  1.00     1.00     1.00    13.00
H17             6        8     Proaim(5)    1800(GS4)                  1.00     1.00     1.00    13.00
H18            14        8     Proaim(5)    4500(GS4)                  1.00     1.00     1.00    13.00
H19             5        8     Proaim(5)    1800(GS4)                  1.00     1.00     1.00    13.00
H20             5        8     Proaim(5)    1800(GS4)                  1.00     1.00     1.00    13.00
H21             5        8     Proaim(5)    1800(GS4)                  1.00     1.00     1.00    13.00
------------------------------------------------------------------------------------------------------
Total         505
Note:  Total wall clock time is less than total of atomic times if more than one atom
       was calculated at a time
 
Electron Density Critical Point Analysis of Molecular Structure:               
---------------------------------------------------------------                
  NACP = Nuclear Attractor Critical Point                                      
  NNACP = Non-Nuclear Attractor Critical Point                                 
  BCP = Bond Critical Point                                                    
  RCP = Ring Critical Point                                                    
  CCP = Cage Critical Point                                                    
  Rho = Electron Density                                                       
  GradRho = Gradient of Electron Density                                       
  HessRho_EigVals = Eigenvalues of the Hessian of Rho, Ascending Order         
  HessRho_EigVecs = Eigenvectors of the Hessian of Rho                         
  DelSqRho = Laplacian of Rho = Trace of Hessian of Rho                        
  Bond Ellipticity = (HessRho_EigVal(1) / HessRho_EigVal(2)) - 1               
  V = Virial Field = Potential Energy Density = Trace of Stress Tensor         
  G = Lagrangian Form of Kinetic Energy Density                                
  K = Hamiltonian Form of Kinetic Energy Density                               
  L = K - G = Lagrangian Density = (-1/4)DelSqRho                              
  Vnuc = Electrostatic Potential from Nuclei                                   
  Ven = Electron-nuclear attractive contribution to Virial Field V             
  Vrep = V - Ven = Repulsive contribution to Virial Field V                    
  DelSqV = Laplacian of V                                                      
  DelSqVen = Laplacian of Ven                                                  
  DelSqVrep = Laplacian of Vrep                                                
  DelSqG = Laplacian of G                                                      
  DelSqK = Laplacian of K                                                      
  Stress_EigVals = Eigenvalues of Stress Tensor, Ascending Order               
  Stress_EigVecs = Eigenvectors of Stress Tensor                               
  -DivStress = Ehrenfest Force Density = Minus Divergence of Stress Tensor     
  ESP = Total Electrostatic Potential                                          
  ESPe = Electrostatic Potential from Electrons                                
  ESPn = Electrostatic Potential from Nuclei                                   
  BP = Bond Path                                                               
  BPL = Bond Path Length                                                       
  GBL = Geometric Bond Length                                                  
  GBL_I = Distance Between Nuclear Attractors                                  
  GBL_II = Distance Between Nuclei                                             
  GBL_III = Sum of Distances Between BCP and Nuclear Attractors                
  GBL_IV = Sum of Distances Between BCP and Nuclei                             

CP# 1      Coords = -1.12038005902032E+00 -2.10756066663145E+00 -5.70911653324599E-02
           Type = (3,-3) NACP C1
           Rho =  1.1763600876E+02     Rho at Nucleus =  1.1763600860E+02
           GradRho = -4.4101723141E-10  5.4587444114E-10  6.3448213697E-12
           HessRho_EigVals = -1.4491557199E+05 -1.4491442577E+05 -1.4491391713E+05
           HessRho_EigVec1 =  2.2193950589E-01  1.9303454689E-01  9.5576174826E-01
           HessRho_EigVec2 =  6.2287206233E-01  7.2607468334E-01 -2.9128327824E-01
           HessRho_EigVec3 =  7.5018214435E-01 -6.5996455808E-01 -4.0908830132E-02
           DelSqRho = -4.3474391489E+05
           Bond Ellipticity = NA
           V = -1.0869621412E+05
           G =  5.1176966981E+00
           K =  1.0869109642E+05
           L =  1.0868597872E+05
           Vnuc =  4.1011062702E+06
           Ven = -4.8243777311E+08
           Vrep =  4.8232907690E+08
           DelSqV =  2.4936808115E+09
           DelSqVen =  1.7829308989E+12
           DelSqVrep = -1.7804372509E+12
           DelSqG =  1.3391044274E+08
           DelSqK = -2.6275912542E+09
           Stress_EigVals = -3.6232345803E+04 -3.6232213149E+04 -3.6231655165E+04
           Stress_EigVec1 =  7.5961649556E-01 -6.4843635824E-01 -5.0130519580E-02
           Stress_EigVec2 =  6.1000164240E-01  7.3707973626E-01 -2.9088048863E-01
           Stress_EigVec3 =  2.2556767488E-01  1.9037791812E-01  9.5544516972E-01
           -DivStress =  7.7062434505E+02 -9.0370399144E+02 -1.2149937230E+01
           ESP =  -1.4641020103E+01     ESP at Nucleus =  -1.4641020115E+01
           ESPe = -3.0984065676E+01     ESPe at Nucleus = -3.0984064155E+01
           ESPn =  1.6343045573E+01     ESPn at Nucleus =  1.6343044039E+01

CP# 2      Coords = -3.44558329655675E+00 -2.84539402799845E+00  6.48719544782702E-01
           Type = (3,-3) NACP N2
           Rho =  1.9141957425E+02     Rho at Nucleus =  1.9141954179E+02
           GradRho = -4.2126080402E-11 -4.2433612180E-11  6.2717608884E-12
           HessRho_EigVals = -3.2211552757E+05 -3.2211399451E+05 -3.2210427145E+05
           HessRho_EigVec1 =  2.5311546974E-01  2.1114058863E-01  9.4411451149E-01
           HessRho_EigVec2 =  9.1593226213E-01 -3.6647288007E-01 -1.6360232078E-01
           HessRho_EigVec3 =  3.1144927384E-01  9.0615521849E-01 -2.8615043216E-01
           DelSqRho = -9.6633379353E+05
           Bond Ellipticity = NA
           V = -2.4161600018E+05
           G =  1.6275897146E+01
           K =  2.4159972428E+05
           L =  2.4158344838E+05
           Vnuc =  4.9309670870E+05
           Ven = -9.4388362042E+07
           Vrep =  9.4146746042E+07
           DelSqV =  7.5862918455E+09
           DelSqVen =  4.7649601344E+11
           DelSqVrep = -4.6890972159E+11
           DelSqG =  4.0661231753E+08
           DelSqK = -7.9929041631E+09
           Stress_EigVals = -8.0540211018E+04 -8.0538203331E+04 -8.0537585828E+04
           Stress_EigVec1 =  3.4177196838E-01  8.9369200063E-01 -2.9070006818E-01
           Stress_EigVec2 =  9.0860117087E-01 -3.9324616215E-01 -1.4071733458E-01
           Stress_EigVec3 =  2.4007464242E-01  2.1603718190E-01  9.4641011306E-01
           -DivStress = -4.0715109818E+03 -3.3686635650E+04  8.6942833998E+03
           ESP =  -1.8296338791E+01     ESP at Nucleus =  -1.8296340289E+01
           ESPe = -3.2747014796E+01     ESPe at Nucleus = -3.2746986905E+01
           ESPn =  1.4450676005E+01     ESPn at Nucleus =  1.4450646616E+01

CP# 3      Coords = -5.26097372730364E+00 -1.12667114408041E+00  6.76245755789695E-01
           Type = (3,-3) NACP N3
           Rho =  1.9141664610E+02     Rho at Nucleus =  1.9141661361E+02
           GradRho = -1.1872192118E-10  2.7070345965E-11  1.1970535674E-11
           HessRho_EigVals = -3.2210778019E+05 -3.2210618605E+05 -3.2209647741E+05
           HessRho_EigVec1 =  2.1328423157E-01  2.4348760488E-01  9.4616257738E-01
           HessRho_EigVec2 = -4.1668265942E-01  8.9861985506E-01 -1.3732413275E-01
           HessRho_EigVec3 =  8.8367720232E-01  3.6496046686E-01 -2.9311850799E-01
           DelSqRho = -9.6631044365E+05
           Bond Ellipticity = NA
           V = -2.4161014995E+05
           G =  1.6269521133E+01
           K =  2.4159388043E+05
           L =  2.4157761091E+05
           Vnuc =  4.9286009422E+05
           Ven = -9.4341626231E+07
           Vrep =  9.4100016081E+07
           DelSqV =  7.5861048190E+09
           DelSqVen =  4.7625585606E+11
           DelSqVrep = -4.6866975118E+11
           DelSqG =  4.0659857423E+08
           DelSqK = -7.9927033932E+09
           Stress_EigVals = -8.0538263671E+04 -8.0536258972E+04 -8.0535627312E+04
           Stress_EigVec1 =  8.6960689998E-01  3.9455232342E-01 -2.9683716680E-01
           Stress_EigVec2 = -4.4294739845E-01  8.8901402511E-01 -1.1598131473E-01
           Stress_EigVec3 =  2.1813170726E-01  2.3234140236E-01  9.4785865562E-01
           -DivStress = -3.3292349840E+04 -6.0529645928E+03  9.1128421658E+03
           ESP =  -1.8295840590E+01     ESP at Nucleus =  -1.8295842090E+01
           ESPe = -3.2557295594E+01     ESPe at Nucleus = -3.2557266919E+01
           ESPn =  1.4261455004E+01     ESPn at Nucleus =  1.4261424829E+01

CP# 4      Coords = -4.65923890713854E+00  1.24576082782727E+00 -1.04054975320271E-03
           Type = (3,-3) NACP C4
           Rho =  1.1763441727E+02     Rho at Nucleus =  1.1763441713E+02
           GradRho =  4.8251748083E-10 -3.3549066303E-10  1.6313721207E-11
           HessRho_EigVals = -1.4491352192E+05 -1.4491239097E+05 -1.4491189925E+05
           HessRho_EigVec1 =  2.0039446393E-01  2.1321494805E-01  9.5623294482E-01
           HessRho_EigVec2 =  6.6897257503E-01  6.8329327945E-01 -2.9255082996E-01
           HessRho_EigVec3 =  7.1576375480E-01 -6.9831918217E-01  5.7067623902E-03
           DelSqRho = -4.3473781214E+05
           Bond Ellipticity = NA
           V = -1.0869469300E+05
           G =  5.1199826896E+00
           K =  1.0868957302E+05
           L =  1.0868445304E+05
           Vnuc =  4.4276857795E+06
           Ven = -5.2084823652E+08
           Vrep =  5.2073954182E+08
           DelSqV =  2.4936459325E+09
           DelSqVen =  1.9248824320E+12
           DelSqVrep = -1.9223887861E+12
           DelSqG =  1.3390850773E+08
           DelSqK = -2.6275544402E+09
           Stress_EigVals = -3.6231834107E+04 -3.6231707313E+04 -3.6231151581E+04
           Stress_EigVec1 =  7.0860604446E-01 -7.0548731746E-01  1.2849850779E-02
           Stress_EigVec2 =  6.7724839689E-01  6.7490592897E-01 -2.9297883191E-01
           Stress_EigVec3 =  1.9802040972E-01  2.1630911203E-01  9.5603257548E-01
           -DivStress = -8.5435369152E+02  6.9228513985E+02 -3.2805922344E+01
           ESP =  -1.4641511138E+01     ESP at Nucleus =  -1.4641511149E+01
           ESPe = -3.0413156999E+01     ESPe at Nucleus = -3.0413155314E+01
           ESPn =  1.5771645861E+01     ESPn at Nucleus =  1.5771644166E+01

CP# 5      Coords = -2.31635330340442E+00  2.00215161179676E+00 -6.45307034109967E-01
           Type = (3,-3) NACP N5
           Rho =  1.9141889911E+02     Rho at Nucleus =  1.9141886639E+02
           GradRho =  1.4207524046E-11 -6.3926863803E-11  9.3030028125E-12
           HessRho_EigVals = -3.2211795232E+05 -3.2211638580E+05 -3.2210661083E+05
           HessRho_EigVec1 =  1.7127972902E-01  1.9974495948E-01  9.6476173514E-01
           HessRho_EigVec2 =  9.3016677660E-01 -3.5554587070E-01 -9.1525414708E-02
           HessRho_EigVec3 =  3.2473531089E-01  9.1306576159E-01 -2.4669392549E-01
           DelSqRho = -9.6634094896E+05
           Bond Ellipticity = NA
           V = -2.4161782406E+05
           G =  1.6293411234E+01
           K =  2.4160153065E+05
           L =  2.4158523724E+05
           Vnuc =  4.9108348273E+05
           Ven = -9.4002659637E+07
           Vrep =  9.3761041813E+07
           DelSqV =  7.5863536917E+09
           DelSqVen =  4.7455407814E+11
           DelSqVrep = -4.6696772445E+11
           DelSqG =  4.0662028194E+08
           DelSqK = -7.9929739736E+09
           Stress_EigVals = -8.0540829515E+04 -8.0538810815E+04 -8.0538183732E+04
           Stress_EigVec1 =  3.5585280968E-01  9.0037893531E-01 -2.5037282340E-01
           Stress_EigVec2 =  9.1639154202E-01 -3.8873032115E-01 -9.5473971018E-02
           Stress_EigVec3 =  1.8329026042E-01  1.9546485687E-01  9.6343041791E-01
           -DivStress =  4.2459884207E+03  3.4054337986E+04 -7.7385388537E+03
           ESP =  -1.8294464827E+01     ESP at Nucleus =  -1.8294466327E+01
           ESPe = -3.3098440741E+01     ESPe at Nucleus = -3.3098413796E+01
           ESPn =  1.4803975914E+01     ESPn at Nucleus =  1.4803947469E+01

CP# 6      Coords = -5.09322726116215E-01  2.86312847396133E-01 -6.73905666797321E-01
           Type = (3,-3) NACP N6
           Rho =  1.9138984656E+02     Rho at Nucleus =  1.9138981532E+02
           GradRho = -3.3615332740E-12 -6.5647487446E-12  1.5434986622E-11
           HessRho_EigVals = -3.2206835973E+05 -3.2206691246E+05 -3.2205734648E+05
           HessRho_EigVec1 =  2.0941631688E-01  1.6039078655E-01  9.6458260497E-01
           HessRho_EigVec2 = -4.0167062046E-01  9.1349644657E-01 -6.4691226358E-02
           HessRho_EigVec3 =  8.9151865874E-01  3.7389709506E-01 -2.5572532807E-01
           DelSqRho = -9.6619261867E+05
           Bond Ellipticity = NA
           V = -2.4158082884E+05
           G =  1.6337084031E+01
           K =  2.4156449175E+05
           L =  2.4154815467E+05
           Vnuc =  5.0262132939E+05
           Ven = -9.6196619108E+07
           Vrep =  9.5955038279E+07
           DelSqV =  7.5851959256E+09
           DelSqVen =  4.8562901824E+11
           DelSqVrep = -4.7804382231E+11
           DelSqG =  4.0655727726E+08
           DelSqK = -7.9917532029E+09
           Stress_EigVals = -8.0528467855E+04 -8.0526482765E+04 -8.0525878217E+04
           Stress_EigVec1 =  8.7796657282E-01  4.0312707767E-01 -2.5819228544E-01
           Stress_EigVec2 = -4.3352786603E-01  8.9828732281E-01 -7.1648273247E-02
           Stress_EigVec3 =  2.0304749785E-01  1.7483833945E-01  9.6343306393E-01
           -DivStress =  3.2887922082E+04  5.9711743124E+03 -8.0044172692E+03
           ESP =  -1.8291647834E+01     ESP at Nucleus =  -1.8291649243E+01
           ESPe = -3.3605221008E+01     ESPe at Nucleus = -3.3605199269E+01
           ESPn =  1.5313573174E+01     ESPn at Nucleus =  1.5313550026E+01

CP# 7      Coords =  8.22878979466011E+00 -5.42624802763938E-02 -6.78354418713343E-01
           Type = (3,-3) NACP C7
           Rho =  1.1763332148E+02     Rho at Nucleus =  1.1763332098E+02
           GradRho =  1.4736588023E-09  2.6813305955E-09  2.6939362650E-09
           HessRho_EigVals = -1.4494431790E+05 -1.4494409057E+05 -1.4494293798E+05
           HessRho_EigVec1 = -2.4759943018E-01 -6.2194364766E-01  7.4288668134E-01
           HessRho_EigVec2 = -2.1519920967E-01  7.8291177552E-01  5.8372806333E-01
           HessRho_EigVec3 =  9.4466069164E-01  1.5337890832E-02  3.2769029093E-01
           DelSqRho = -4.3483134646E+05
           Bond Ellipticity = NA
           V = -1.0871816760E+05
           G =  5.1654916581E+00
           K =  1.0871300211E+05
           L =  1.0870783661E+05
           Vnuc =  2.2679316064E+06
           Ven = -2.6678432775E+08
           Vrep =  2.6667560959E+08
           DelSqV =  2.4942175363E+09
           DelSqVen =  9.8616777523E+11
           DelSqVrep = -9.8367355770E+11
           DelSqG =  1.3397000646E+08
           DelSqK = -2.6281875428E+09
           Stress_EigVals = -3.6239713499E+04 -3.6239394136E+04 -3.6239059962E+04
           Stress_EigVec1 =  8.8657660627E-01 -4.5414829456E-01 -8.7927514209E-02
           Stress_EigVec2 =  3.9254985513E-01  6.3808108357E-01  6.6238745612E-01
           Stress_EigVec3 = -2.4471724999E-01 -6.2177315585E-01  7.4398360884E-01
           -DivStress = -7.2797537001E+02 -1.4349967060E+03 -1.4334888829E+03
           ESP =  -1.4733112772E+01     ESP at Nucleus =  -1.4733112797E+01
           ESPe = -2.5782762433E+01     ESPe at Nucleus = -2.5782760886E+01
           ESPn =  1.1049649661E+01     ESPn at Nucleus =  1.1049648089E+01

CP# 8      Coords =  6.13275230062139E+00  1.16926758451975E+00 -3.40496624740143E-01
           Type = (3,-3) NACP C8
           Rho =  1.1766024483E+02     Rho at Nucleus =  1.1766024410E+02
           GradRho =  5.2138755084E-09  2.6484065462E-09  4.0174339775E-09
           HessRho_EigVals = -1.4498004733E+05 -1.4497956707E+05 -1.4497858076E+05
           HessRho_EigVec1 =  2.2421894068E-01  6.2229565574E-01 -7.4998265546E-01
           HessRho_EigVec2 =  8.8801278170E-01  1.8655167480E-01  4.2027582868E-01
           HessRho_EigVec3 = -4.0144634284E-01  7.6022798520E-01  5.1077807739E-01
           DelSqRho = -4.3493819516E+05
           Bond Ellipticity = NA
           V = -1.0874485920E+05
           G =  5.1552036426E+00
           K =  1.0873970399E+05
           L =  1.0873454879E+05
           Vnuc =  1.8863161997E+06
           Ven = -2.2194442589E+08
           Vrep =  2.2183568103E+08
           DelSqV =  2.4948300861E+09
           DelSqVen =  8.2043097152E+11
           DelSqVrep = -8.1793614118E+11
           DelSqG =  1.3400526735E+08
           DelSqK = -2.6288353535E+09
           Stress_EigVals = -3.6248635634E+04 -3.6248291930E+04 -3.6247931632E+04
           Stress_EigVec1 =  8.5782173289E-01 -4.9375667462E-01 -1.4264017965E-01
           Stress_EigVec2 =  4.5809638909E-01  6.0874018404E-01  6.4775233434E-01
           Stress_EigVec3 = -2.3300122937E-01 -6.2099898116E-01  7.4837870928E-01
           -DivStress = -1.8981444203E+03 -9.7365679554E+02 -1.4691807326E+03
           ESP =  -1.4736902347E+01     ESP at Nucleus =  -1.4736902382E+01
           ESPe = -2.6826627208E+01     ESPe at Nucleus = -2.6826625778E+01
           ESPn =  1.2089724861E+01     ESPn at Nucleus =  1.2089723395E+01

CP# 9      Coords =  8.37148072868964E+00  2.11443979456200E+00  1.15957714501374E+00
           Type = (3,-3) NACP C9
           Rho =  1.1743329962E+02     Rho at Nucleus =  1.1743329787E+02
           GradRho =  1.0325000403E-10  3.9865571239E-12 -1.5446767563E-11
           HessRho_EigVals = -1.4468472302E+05 -1.4468381220E+05 -1.4468343642E+05
           HessRho_EigVec1 =  4.5423787862E-01  6.0739729390E-01  6.5171809626E-01
           HessRho_EigVec2 = -2.4183971729E-01 -6.2000310142E-01  7.4639781978E-01
           HessRho_EigVec3 =  8.5742725684E-01 -4.9665348241E-01 -1.3473610369E-01
           DelSqRho = -4.3405197164E+05
           Bond Ellipticity = NA
           V = -1.0852329461E+05
           G =  5.1508515364E+00
           K =  1.0851814376E+05
           L =  1.0851299291E+05
           Vnuc =  1.2204904097E+06
           Ven = -1.4332621596E+08
           Vrep =  1.4321769267E+08
           DelSqV =  2.4897519434E+09
           DelSqVen =  5.2975626957E+11
           DelSqVrep = -5.2726651762E+11
           DelSqG =  1.3371670253E+08
           DelSqK = -2.6234686460E+09
           Stress_EigVals = -3.6174560784E+04 -3.6174427029E+04 -3.6174306800E+04
           Stress_EigVec1 = -2.3861035483E-01 -6.2067475325E-01  7.4687880493E-01
           Stress_EigVec2 = -8.6122271060E-01  4.9062903324E-01  1.3258429202E-01
           Stress_EigVec3 =  4.4873214874E-01  6.1159300391E-01  6.5160836110E-01
           -DivStress =  1.8013417007E+03  2.4533890353E+03  2.5749709296E+03
           ESP =  -1.4730478672E+01     ESP at Nucleus =  -1.4730478765E+01
           ESPe = -2.5324222544E+01     ESPe at Nucleus = -2.5324215556E+01
           ESPn =  1.0593743872E+01     ESPn at Nucleus =  1.0593736791E+01

CP# 10     Coords = -6.71979164097902E+00  3.18933465284283E+00 -2.58099261206500E-02
           Type = (3,-3) NACP C10
           Rho =  1.1752246191E+02     Rho at Nucleus =  1.1752246171E+02
           GradRho =  9.0062571745E-10 -5.7054965705E-10 -1.4260727766E-10
           HessRho_EigVals = -1.4481613075E+05 -1.4481562429E+05 -1.4481540919E+05
           HessRho_EigVec1 =  7.3274555196E-01 -6.8049715050E-01  2.7539516702E-03
           HessRho_EigVec2 =  1.9263390972E-01  2.1130230337E-01  9.5825023528E-01
           HessRho_EigVec3 = -6.5266847091E-01 -7.0162309309E-01  2.8591764956E-01
           DelSqRho = -4.3444716424E+05
           Bond Ellipticity = NA
           V = -1.0862241298E+05
           G =  5.3109582018E+00
           K =  1.0861710202E+05
           L =  1.0861179106E+05
           Vnuc =  3.5834944522E+06
           Ven = -4.2114109025E+08
           Vrep =  4.2103246784E+08
           DelSqV =  2.4920379362E+09
           DelSqVen =  1.5568388751E+12
           DelSqVrep = -1.5543468044E+12
           DelSqG =  1.3386008870E+08
           DelSqK = -2.6258980249E+09
           Stress_EigVals = -3.6207563955E+04 -3.6207504295E+04 -3.6207344726E+04
           Stress_EigVec1 = -6.4641486630E-01 -7.0985068452E-01  2.7974957787E-01
           Stress_EigVec2 =  1.8849136156E-01  2.0671445141E-01  9.6007298795E-01
           Stress_EigVec3 =  7.3933674821E-01 -6.7333583097E-01 -1.7742755941E-04
           -DivStress = -1.1251755629E+03  7.3431347415E+02  1.8329036344E+02
           ESP =  -1.4718621537E+01     ESP at Nucleus =  -1.4718621548E+01
           ESPe = -2.6494085685E+01     ESPe at Nucleus = -2.6494083024E+01
           ESPn =  1.1775464147E+01     ESPn at Nucleus =  1.1775461477E+01

CP# 11     Coords =  9.19543590237154E-01 -4.06895009706771E+00 -1.70825271359554E-01
           Type = (3,-3) NACP C11
           Rho =  1.1752529641E+02     Rho at Nucleus =  1.1752529618E+02
           GradRho = -9.7074908642E-10  7.9763975535E-10 -2.4094467589E-10
           HessRho_EigVals = -1.4482087042E+05 -1.4482034879E+05 -1.4482011393E+05
           HessRho_EigVec1 = -7.0181069158E-01  7.1111228195E-01  4.2202791983E-02
           HessRho_EigVec2 =  1.9252276325E-01  1.3229887482E-01  9.7233327278E-01
           HessRho_EigVec3 = -6.8585475052E-01 -6.9051888474E-01  2.2975406634E-01
           DelSqRho = -4.3446133314E+05
           Bond Ellipticity = NA
           V = -1.0862595917E+05
           G =  5.3129410816E+00
           K =  1.0862064623E+05
           L =  1.0861533329E+05
           Vnuc =  3.3364283855E+06
           Ven = -3.9211473497E+08
           Vrep =  3.9200610901E+08
           DelSqV =  2.4921202642E+09
           DelSqVen =  1.4495490048E+12
           DelSqVrep = -1.4470568845E+12
           DelSqG =  1.3386567773E+08
           DelSqK = -2.6259859419E+09
           Stress_EigVals = -3.6208752451E+04 -3.6208684631E+04 -3.6208522086E+04
           Stress_EigVec1 = -6.8889912893E-01 -6.8935879556E-01  2.2405901263E-01
           Stress_EigVec2 =  1.8745492905E-01  1.2916154506E-01  9.7374429131E-01
           Stress_EigVec3 = -7.0019900009E-01  7.1281256040E-01  4.0244428230E-02
           -DivStress =  1.0861279353E+03 -9.3328407046E+02  2.6858947588E+02
           ESP =  -1.4720566671E+01     ESP at Nucleus =  -1.4720566683E+01
           ESPe = -2.7566499437E+01     ESPe at Nucleus = -2.7566496848E+01
           ESPn =  1.2845932766E+01     ESPn at Nucleus =  1.2845930165E+01

CP# 12     Coords =  9.25013866545029E+00 -1.52635344760666E+00 -1.57872856482604E+00
           Type = (3,-3) NACP H12
           Rho =  4.1595250010E-01     Rho at Nucleus =  4.1213238543E-01
           GradRho = -1.5152945088E-15  1.5493249045E-15  6.5317759881E-16
           HessRho_EigVals = -6.3595957412E+00 -6.3566605163E+00 -5.7465099864E+00
           HessRho_EigVec1 =  8.2903514075E-01  2.7048889114E-01  4.8942465730E-01
           HessRho_EigVec2 =  2.3767118247E-01  6.2180220496E-01 -7.4624019386E-01
           HessRho_EigVec3 = -5.0617501363E-01  7.3498148118E-01  4.5120846391E-01
           DelSqRho = -1.8462766244E+01
           Bond Ellipticity = NA
           V = -4.6250315186E+00
           G =  4.6699788018E-03
           K =  4.6203615398E+00
           L =  4.6156915610E+00
           Vnuc =  3.8856939346E+01
           Ven = -1.6162641067E+01
           Vrep =  1.1537609548E+01
           DelSqV =  6.9502144652E+02
           DelSqVen =  7.1740658809E+02
           DelSqVrep = -2.2385141569E+01
           DelSqG =  6.8646212490E+01
           DelSqK = -7.6366765901E+02
           Stress_EigVals = -1.5935923581E+00 -1.5929220228E+00 -1.4385171377E+00
           Stress_EigVec1 =  8.2765114386E-01  2.7292272858E-01  4.9041489404E-01
           Stress_EigVec2 =  2.3732669041E-01  6.2164577793E-01 -7.4648011950E-01
           Stress_EigVec3 = -5.0859573935E-01  7.3421366850E-01  4.4973399127E-01
           -DivStress =  4.0676989003E+00 -5.8459739555E+00 -3.5756374948E+00
           ESP =  -1.0743370472E+00     ESP at Nucleus =  -1.0769911160E+00
           ESPe = -1.2119551086E+01     ESPe at Nucleus = -1.2038003395E+01
           ESPn =  1.1045214039E+01     ESPn at Nucleus =  1.0961012279E+01

CP# 13     Coords =  4.18234125414300E+00  1.42071043346540E+00 -7.39432405587019E-01
           Type = (3,-3) NACP H13
           Rho =  4.0786322412E-01     Rho at Nucleus =  4.0381731854E-01
           GradRho =  2.3391661871E-15  2.8297676702E-16  2.9544509200E-17
           HessRho_EigVals = -6.2149599488E+00 -6.2121771859E+00 -5.5857057318E+00
           HessRho_EigVec1 = -3.2784691368E-02  7.7710596990E-01  6.2851529460E-01
           HessRho_EigVec2 = -2.3232562275E-01 -6.1755329357E-01  7.5143378591E-01
           HessRho_EigVec3 =  9.7208537126E-01 -1.2138468247E-01  2.0078792254E-01
           DelSqRho = -1.8012842866E+01
           Bond Ellipticity = NA
           V = -4.5127976952E+00
           G =  4.7934893162E-03
           K =  4.5080042059E+00
           L =  4.5032107166E+00
           Vnuc =  4.0691270702E+01
           Ven = -1.6596472862E+01
           Vrep =  1.2083675167E+01
           DelSqV =  6.7665103236E+02
           DelSqVen =  7.3296546519E+02
           DelSqVrep = -5.6314432832E+01
           DelSqG =  6.6659032517E+01
           DelSqK = -7.4331006488E+02
           Stress_EigVals = -1.5573263763E+00 -1.5566598095E+00 -1.3988115094E+00
           Stress_EigVec1 = -2.9772514470E-02  7.7707655113E-01  6.2870154371E-01
           Stress_EigVec2 = -2.3282565547E-01 -6.1707081027E-01  7.5167534832E-01
           Stress_EigVec3 =  9.7206265824E-01 -1.2399858382E-01  1.9929510700E-01
           -DivStress = -7.8836133877E+00  1.0125720693E+00 -1.6027569939E+00
           ESP =  -1.0801416846E+00     ESP at Nucleus =  -1.0829877309E+00
           ESPe = -1.5094055863E+01     ESPe at Nucleus = -1.5051164832E+01
           ESPn =  1.4013914178E+01     ESPn at Nucleus =  1.3968177101E+01

CP# 14     Coords =  9.29273786440626E+00  3.84655580238867E+00  6.16327339057027E-01
           Type = (3,-3) NACP H14
           Rho =  4.2979432535E-01     Rho at Nucleus =  4.2638422100E-01
           GradRho = -3.0333808382E-15 -3.8463833897E-15  1.0605123550E-15
           HessRho_EigVals = -6.5539518380E+00 -6.5456628522E+00 -5.9758832290E+00
           HessRho_EigVec1 =  2.4062782293E-01  1.6088748024E-01  9.5719040401E-01
           HessRho_EigVec2 =  8.5747930129E-01 -4.9730513541E-01 -1.3197291448E-01
           HessRho_EigVec3 =  4.5478291381E-01  8.5252731393E-01 -2.5762313621E-01
           DelSqRho = -1.9075497919E+01
           Bond Ellipticity = NA
           V = -4.7788498922E+00
           G =  4.9877061815E-03
           K =  4.7738621860E+00
           L =  4.7688744798E+00
           Vnuc =  4.0823336706E+01
           Ven = -1.7545638458E+01
           Vrep =  1.2766788566E+01
           DelSqV =  7.1969536276E+02
           DelSqVen =  7.7872547440E+02
           DelSqVrep = -5.9030111639E+01
           DelSqG =  7.0911020130E+01
           DelSqK = -7.9060638289E+02
           Stress_EigVals = -1.6414898330E+00 -1.6408319197E+00 -1.4965281395E+00
           Stress_EigVec1 =  2.3922671281E-01  1.6112371733E-01  9.5750181597E-01
           Stress_EigVec2 =  8.5782704531E-01 -4.9704597698E-01 -1.3068304062E-01
           Stress_EigVec3 =  4.5486628829E-01  8.5263382790E-01 -2.5712295755E-01
           -DivStress =  3.4679628938E+00  6.5052304408E+00 -1.9713230013E+00
           ESP =  -1.1431900449E+00     ESP at Nucleus =  -1.1454246846E+00
           ESPe = -1.2008603261E+01     ESPe at Nucleus = -1.1933298506E+01
           ESPn =  1.0865413216E+01     ESPn at Nucleus =  1.0787873821E+01

CP# 15     Coords =  8.48397382476113E+00  1.75015700262557E+00  3.15958348732957E+00
           Type = (3,-3) NACP H15
           Rho =  4.3002111167E-01     Rho at Nucleus =  4.2662165595E-01
           GradRho = -7.3096173374E-11  2.0588388107E-10 -1.1894423826E-09
           HessRho_EigVals = -6.5573861952E+00 -6.5491321327E+00 -5.9804721230E+00
           HessRho_EigVec1 =  5.0709114826E-01  8.5396383215E-01  1.1663764720E-01
           HessRho_EigVec2 = -8.5976926075E-01  4.9169580912E-01  1.3795669453E-01
           HessRho_EigVec3 =  6.0459785213E-02 -1.7023808235E-01  9.8354644511E-01
           DelSqRho = -1.9086990451E+01
           Bond Ellipticity = NA
           V = -4.7817203643E+00
           G =  4.9863757939E-03
           K =  4.7767339885E+00
           L =  4.7717476127E+00
           Vnuc =  4.1228660000E+01
           Ven = -1.7729194206E+01
           Vrep =  1.2947473841E+01
           DelSqV =  7.2017739787E+02
           DelSqVen =  7.8693104190E+02
           DelSqVrep = -6.6753644029E+01
           DelSqG =  7.0957631124E+01
           DelSqK = -7.9113502900E+02
           Stress_EigVals = -1.6423529038E+00 -1.6416928487E+00 -1.4976746118E+00
           Stress_EigVec1 =  5.0473814212E-01  8.5539035746E-01  1.1639048177E-01
           Stress_EigVec2 = -8.6113090483E-01  4.8939794684E-01  1.3763435027E-01
           Stress_EigVec3 =  6.0769833264E-02 -1.6969674712E-01  9.8362088295E-01
           -DivStress =  4.6016402070E-01 -1.2983670512E+00  7.4954795961E+00
           ESP =  -1.1429659686E+00     ESP at Nucleus =  -1.1451906629E+00
           ESPe = -1.2356727640E+01     ESPe at Nucleus = -1.2285705760E+01
           ESPn =  1.1213761671E+01     ESPn at Nucleus =  1.1140515098E+01

CP# 16     Coords =  1.13788421593492E+00 -4.73711770732335E+00 -2.08502451496818E+00
           Type = (3,-3) NACP H16
           Rho =  4.1751707270E-01     Rho at Nucleus =  4.1403908162E-01
           GradRho = -5.6334552071E-11  1.6450092176E-10  4.6246171255E-10
           HessRho_EigVals = -6.3478695502E+00 -6.3462664120E+00 -5.7817437152E+00
