AIMSum (Version 19.02.13, Professional)
Copyright (c) 1997-2019 by Todd A. Keith
AIMSum is a component of the AIMAll package ( http://aim.tkgristmill.com )

TP:  64-bit Linux

Much of the Quantum Theory of Atoms in Molecules (QTAIM) is described in the book:
  "Atoms in Molecules - A Quantum Theory"
  R.F.W. Bader, Oxford University Press, Oxford, 1990

For additional references see:  http://aim.tkgristmill.com/references.html

Wfn File:  /home/mhennefarth/Documents/ML_Diels/summary-N-liu2013/3b-opt/3b-opt.wfn
Sum File:  /home/mhennefarth/Documents/ML_Diels/summary-N-liu2013/3b-opt/3b-opt.sum

SumViz File:  /home/mhennefarth/Documents/ML_Diels/summary-N-liu2013/3b-opt/3b-opt.sumviz

Wfn Title:   Title Card Required                                                           
 
Total memory allocated for AIMSum =        1.256 Megabytes

Atomic units (a.u.) used throughout, except where stated otherwise

Model:  Restricted SCF
 
Restricted, closed-shell, single-determinant wavefunction.
  Number of electrons (from MO Occs)                   =          88.0000000000
  Number of Alpha electrons (from MO Occs)             =          44.0000000000
  Number of Beta electrons (from MO Occs)              =          44.0000000000
  Number of electron pairs (N*(N-1)/2)                 =        3828.0000000000
  Number of electron pairs (from Muller 2EDM)          =        3828.0000000000
 
Nuclear Charges and Cartesian Coordinates:
-------------------------------------------------------------------------------
Atom      Charge                X                  Y                  Z
-------------------------------------------------------------------------------
C1         6.0           2.5571936600E+00  -2.4090230700E+00  -1.8484348000E-01
C2         6.0           2.4796650300E+00   2.4585261800E+00  -1.8866462000E-01
C3         6.0          -4.4371716000E+00   1.2348452500E+00   1.8364013400E+00
H4         1.0          -4.0569075200E+00   2.6622054200E+00   3.2657237400E+00
C5         6.0          -4.4014972500E+00  -1.2993700500E+00   1.8521766600E+00
H6         1.0          -3.9805566200E+00  -2.6975482100E+00   3.2988068800E+00
N7         7.0           1.4395618100E+00   1.2515691600E+00  -2.1755764300E+00
N8         7.0           1.4789500700E+00  -1.2389037200E+00  -2.1734581600E+00
N9         7.0           3.6518978100E+00   1.2953490600E+00   1.7373341400E+00
N10        7.0           3.6919764200E+00  -1.2060895000E+00   1.7391969000E+00
C11        6.0          -5.1951636500E+00  -1.5459053400E+00  -8.9641394000E-01
H12        1.0          -3.7980661400E+00  -2.3916882900E+00  -2.1715125700E+00
H13        1.0          -7.0342908200E+00  -2.4429741600E+00  -1.2284403400E+00
C14        6.0          -5.2348767700E+00   1.4247275500E+00  -9.1549315000E-01
H15        1.0          -7.0962801300E+00   2.2690281700E+00  -1.2614700000E+00
H16        1.0          -3.8580436200E+00   2.2897191100E+00  -2.1997552400E+00
C17        6.0           2.3413878400E+00   5.2873437600E+00  -1.5211635000E-01
C18        6.0           2.5083526000E+00  -5.2407488800E+00  -1.4356763000E-01
H19        1.0           3.8044159000E+00  -5.9487297700E+00   1.2968183100E+00
H20        1.0           3.0221495100E+00  -5.9999765600E+00  -1.9961995600E+00
H21        1.0           5.9762644000E-01  -5.9129077100E+00   2.9363382000E-01
H22        1.0           3.6145081900E+00   6.0382756100E+00   1.2869750800E+00
H23        1.0           2.8309772900E+00   6.0592934400E+00  -2.0060533400E+00
H24        1.0           4.1042570000E-01   5.8994555600E+00   2.8412518000E-01
 
Some Atomic Properties:
----------------------
  q(A) = Net Charge of Atom A
  L(A) = Lagrangian of Atom A = -(1/4) Times Atomic Integral of the Laplacian of the Electron Density
  K(A) = Electronic Kinetic Energy of Atom A (Hamiltonian Form)
  K_Scaled(A) = K(A) * E(Mol)/K(Mol) = Approximation to Virial-Based Total Energy of Atom A.
  |Mu_Intra(A)| = Magnitude of Intraatomic Dipole Moment of Atom A
--------------------------------------------------------------------------------------------------
Atom A          q(A)              L(A)              K(A)          K_Scaled(A)      |Mu_Intra(A)|
--------------------------------------------------------------------------------------------------
C1        1.0381866095E+00  3.2793452027E-04  3.7138062036E+01 -3.7491749340E+01  6.1292412036E-01
C2        1.0379194627E+00 -1.4718407771E-04  3.7137856963E+01 -3.7491542315E+01  6.1371149882E-01
C3       -8.6035017900E-02 -4.3736898421E-05  3.7739907101E+01 -3.8099326125E+01  1.7812085661E-01
H4        4.2298570700E-02  1.8694884169E-05  5.9128988890E-01 -5.9692108546E-01  1.5162621705E-01
C5       -8.5930741800E-02 -7.0099929782E-05  3.7739871138E+01 -3.8099289820E+01  1.7806641257E-01
H6        4.2427691980E-02  1.7738799860E-05  5.9125134360E-01 -5.9688217307E-01  1.5160261554E-01
N7       -5.8916516120E-01  3.6025133460E-05  5.4569883938E+01 -5.5089584593E+01  6.6766347910E-01
N8       -5.8912387330E-01  1.5732650919E-04  5.4569937439E+01 -5.5089638604E+01  6.6763896623E-01
N9       -5.9940408310E-01  3.8145005017E-05  5.4579937458E+01 -5.5099733859E+01  6.7031456080E-01
N10      -5.9939831810E-01  6.8039514970E-05  5.4579889860E+01 -5.5099685808E+01  6.7031726182E-01
C11       4.3162282000E-03 -3.7265331866E-05  3.7667606879E+01 -3.8026337347E+01  1.6939374032E-01
H12       2.8923839070E-02  1.9296645766E-05  6.0187105924E-01 -6.0760302643E-01  1.4639904871E-01
H13       1.2476088560E-02  1.9474505048E-05  6.0720414003E-01 -6.1298689723E-01  1.5594220146E-01
C14       4.4228012000E-03  9.5288715679E-05  3.7667628724E+01 -3.8026359399E+01  1.6981627454E-01
H15       1.2417167020E-02  1.6675376204E-05  6.0720957750E-01 -6.1299238649E-01  1.5595966404E-01
H16       2.9101170960E-02  2.6234110650E-05  6.0181613991E-01 -6.0754758406E-01  1.4638450112E-01
C17      -9.1615683000E-03  1.3801974037E-04  3.7704741884E+01 -3.8063826010E+01  1.8197814794E-01
C18      -9.2551283000E-03  5.9234267963E-05  3.7704702118E+01 -3.8063785865E+01  1.8185733348E-01
H19       5.5738552980E-02  2.4991096360E-05  5.8943806037E-01 -5.9505162089E-01  1.4548992113E-01
H20       5.2617076830E-02  2.4012634222E-05  5.8948611671E-01 -5.9510013490E-01  1.4554522506E-01
H21       4.9500675380E-02  1.6126176205E-05  5.8942391291E-01 -5.9503733870E-01  1.4463136298E-01
H22       5.5718388450E-02  2.5285852120E-05  5.8944856244E-01 -5.9506222298E-01  1.4549703042E-01
H23       5.2585861680E-02  2.4023424543E-05  5.8949648198E-01 -5.9511059888E-01  1.4555259940E-01
H24       4.9535101500E-02  8.3114422776E-06  5.8941438970E-01 -5.9502772480E-01  1.4455488026E-01
--------------------------------------------------------------------------------------------------
Total     7.1139471000E-04  8.6259211656E-04  5.2593737521E+02 -5.3094618188E+02
 
1st Largest |L(A)| = 3.2793452027E-04, atom C1      
2nd Largest |L(A)| = 1.5732650919E-04, atom N8      
 
Molecular charge q(Mol) from the wfn file:   0.0000000000E+00
Molecular energy E(Mol) from the wfn file:  -5.3094597848E+02
Molecular virial ratio (-V(Mol)/T(Mol)) from the wfn file:   2.0095235800E+00
Note.  K_Scaled(A) = (1+V(Mol)/T(Mol))*K(A) = (E(Mol)/T(Mol))*K(A)
       Only use K_Scaled(A) data with caution.
 
N_AIMInt(SumA)     =         87.999289
N_Analytic(Mol)    =         87.999990
 
G_AIMInt(SumA)     =        525.936513
G_Analytic(Mol)    =        525.937151
 
K_AIMInt(SumA)     =        525.937375
K_Analytic(Mol)    =        525.937151
 
L_AIMInt(SumA)     =          0.000863
L_Analytic(Mol)    =          0.000000
 
VenT_AIMInt(SumA)  =      -2581.956494
VenT_Analytic(Mol) =      -2581.967212
 
Some Information About the Atomic Calculations:
----------------------------------------------
  Time(sec) = "Elapsed User Time", in Seconds, for Atom A by AIMInt and, if used, by TWOe
  NProc = Number of Processors Used for AIMInt Job
  BIM = Basin Integration Method
  OAQ = Angular Quadrature Outside of Beta Sphere
  ORQ = Multiple of Default for Radial Quadrature Outside of Beta Sphere
  IAQ = Multiple of Default for Angular Quadrature Inside of Beta Sphere
  IRQ = Multiple of Default for Radial Quadrature Inside of Beta Sphere
  MIR = Maximum Integration Radius
------------------------------------------------------------------------------------------------------
Atom A     Time(sec)   NProc      BIM          OAQ                     ORQ      IAQ      IRQ      MIR
------------------------------------------------------------------------------------------------------
C1             38        8     Proaim(5)    4500(GS4)                  1.00     1.00     1.00    13.00
C2             41        8     Proaim(5)    5400(GS5)                  1.00     1.00     1.00    13.00
C3             44        8     Proaim(5)    4500(GS4)                  1.00     1.00     1.00    13.00
H4              8        8     Proaim(5)    1800(GS4)                  1.00     1.00     1.00    13.00
C5             41        8     Proaim(5)    4500(GS4)                  1.00     1.00     1.00    13.00
H6              8        8     Proaim(5)    1800(GS4)                  1.00     1.00     1.00    13.00
N7             46        8     Proaim(5)    4500(GS4)                  1.00     1.00     1.00    13.00
N8             43        8     Proaim(5)    4500(GS4)                  1.00     1.00     1.00    13.00
N9             18        8     Proaim(5)    4500(GS4)                  1.00     1.00     1.00    13.00
N10            18        8     Proaim(5)    4500(GS4)                  1.00     1.00     1.00    13.00
C11            55        8     Proaim(5)    4500(GS4)                  1.00     1.00     1.00    13.00
H12            40        8     Proaim(5)    4500(GS4)                  1.00     1.00     1.00    13.00
H13             6        8     Proaim(5)    1800(GS4)                  1.00     1.00     1.00    13.00
C14            60        8     Proaim(5)    4500(GS4)                  1.00     1.00     1.00    13.00
H15             6        8     Proaim(5)    1800(GS4)                  1.00     1.00     1.00    13.00
H16            44        8     Proaim(5)    4500(GS4)                  1.00     1.00     1.00    13.00
C17            34        8     Proaim(5)    4500(GS4)                  1.00     1.00     1.00    13.00
C18            35        8     Proaim(5)    4500(GS4)                  1.00     1.00     1.00    13.00
H19             6        8     Proaim(5)    1800(GS4)                  1.00     1.00     1.00    13.00
H20             6        8     Proaim(5)    1800(GS4)                  1.00     1.00     1.00    13.00
H21            10        8     Proaim(5)    1800(GS4)                  1.00     1.00     1.00    13.00
H22             6        8     Proaim(5)    1800(GS4)                  1.00     1.00     1.00    13.00
H23             6        8     Proaim(5)    1800(GS4)                  1.00     1.00     1.00    13.00
H24            10        8     Proaim(5)    1800(GS4)                  1.00     1.00     1.00    13.00
------------------------------------------------------------------------------------------------------
Total         629
Note:  Total wall clock time is less than total of atomic times if more than one atom
       was calculated at a time
 
Electron Density Critical Point Analysis of Molecular Structure:               
---------------------------------------------------------------                
  NACP = Nuclear Attractor Critical Point                                      
  NNACP = Non-Nuclear Attractor Critical Point                                 
  BCP = Bond Critical Point                                                    
  RCP = Ring Critical Point                                                    
  CCP = Cage Critical Point                                                    
  Rho = Electron Density                                                       
  GradRho = Gradient of Electron Density                                       
  HessRho_EigVals = Eigenvalues of the Hessian of Rho, Ascending Order         
  HessRho_EigVecs = Eigenvectors of the Hessian of Rho                         
  DelSqRho = Laplacian of Rho = Trace of Hessian of Rho                        
  Bond Ellipticity = (HessRho_EigVal(1) / HessRho_EigVal(2)) - 1               
  V = Virial Field = Potential Energy Density = Trace of Stress Tensor         
  G = Lagrangian Form of Kinetic Energy Density                                
  K = Hamiltonian Form of Kinetic Energy Density                               
  L = K - G = Lagrangian Density = (-1/4)DelSqRho                              
  Vnuc = Electrostatic Potential from Nuclei                                   
  Ven = Electron-nuclear attractive contribution to Virial Field V             
  Vrep = V - Ven = Repulsive contribution to Virial Field V                    
  DelSqV = Laplacian of V                                                      
  DelSqVen = Laplacian of Ven                                                  
  DelSqVrep = Laplacian of Vrep                                                
  DelSqG = Laplacian of G                                                      
  DelSqK = Laplacian of K                                                      
  Stress_EigVals = Eigenvalues of Stress Tensor, Ascending Order               
  Stress_EigVecs = Eigenvectors of Stress Tensor                               
  -DivStress = Ehrenfest Force Density = Minus Divergence of Stress Tensor     
  ESP = Total Electrostatic Potential                                          
  ESPe = Electrostatic Potential from Electrons                                
  ESPn = Electrostatic Potential from Nuclei                                   
  BP = Bond Path                                                               
  BPL = Bond Path Length                                                       
  GBL = Geometric Bond Length                                                  
  GBL_I = Distance Between Nuclear Attractors                                  
  GBL_II = Distance Between Nuclei                                             
  GBL_III = Sum of Distances Between BCP and Nuclear Attractors                
  GBL_IV = Sum of Distances Between BCP and Nuclei                             

CP# 1      Coords =  2.55719365069279E+00 -2.40902178851695E+00 -1.84843594748160E-01
           Type = (3,-3) NACP C1
           Rho =  1.1763383820E+02     Rho at Nucleus =  1.1763383808E+02
           GradRho =  8.7569188012E-12  4.9070034147E-10 -4.5126131998E-11
           HessRho_EigVals = -1.4491263420E+05 -1.4491150738E+05 -1.4491103017E+05
           HessRho_EigVec1 =  8.6853421420E-01 -8.3013015907E-03 -4.9555969081E-01
           HessRho_EigVec2 =  4.9532979144E-01 -2.0211551252E-02  8.6846985608E-01
           HessRho_EigVec3 =  1.7225460287E-02  9.9976126230E-01  1.3442541799E-02
           DelSqRho = -4.3473517175E+05
           Bond Ellipticity = NA
           V = -1.0869403515E+05
           G =  5.1211047660E+00
           K =  1.0868891404E+05
           L =  1.0868379294E+05
           Vnuc =  4.6633125735E+06
           Ven = -5.4856335674E+08
           Vrep =  5.4845466270E+08
           DelSqV =  2.4936307376E+09
           DelSqVen =  2.0273062216E+12
           DelSqVrep = -2.0248125908E+12
           DelSqG =  1.3390754452E+08
           DelSqK = -2.6275382821E+09
           Stress_EigVals = -3.6231612031E+04 -3.6231489806E+04 -3.6230933309E+04
           Stress_EigVec1 =  3.2486577621E-02  9.9913762500E-01  2.5857853454E-02
           Stress_EigVec2 =  4.9259867776E-01 -3.8516977575E-02  8.6940381015E-01
           Stress_EigVec3 =  8.6965002440E-01 -1.5506409942E-02 -4.9342515775E-01
           -DivStress =  8.5467021565E+00 -1.0405998465E+03  9.2070040375E+01
           ESP =  -1.4646619001E+01     ESP at Nucleus =  -1.4646619010E+01
           ESPe = -3.2342619202E+01     ESPe at Nucleus = -3.2342617597E+01
           ESPn =  1.7696000201E+01     ESPn at Nucleus =  1.7695998587E+01

CP# 2      Coords =  2.47966505969409E+00  2.45852489766450E+00 -1.88664731982755E-01
           Type = (3,-3) NACP C2
           Rho =  1.1763385190E+02     Rho at Nucleus =  1.1763385178E+02
           GradRho = -1.6125087376E-12 -4.7721894145E-10 -4.4219069812E-11
           HessRho_EigVals = -1.4491264030E+05 -1.4491151337E+05 -1.4491103585E+05
           HessRho_EigVec1 =  8.6800393542E-01  3.5045401003E-02 -4.9531907693E-01
           HessRho_EigVec2 =  4.9413800315E-01  3.7384859233E-02  8.6857930331E-01
           HessRho_EigVec3 = -4.8957143954E-02  9.9868623309E-01 -1.5132940468E-02
           DelSqRho = -4.3473518952E+05
           Bond Ellipticity = NA
           V = -1.0869403961E+05
           G =  5.1211136887E+00
           K =  1.0868891849E+05
           L =  1.0868379738E+05
           Vnuc =  4.6600011161E+06
           Ven = -5.4817388115E+08
           Vrep =  5.4806518711E+08
           DelSqV =  2.4936308358E+09
           DelSqVen =  2.0258665267E+12
           DelSqVrep = -2.0233730270E+12
           DelSqG =  1.3390753944E+08
           DelSqK = -2.6275383752E+09
           Stress_EigVals = -3.6231613595E+04 -3.6231491291E+04 -3.6230934722E+04
           Stress_EigVec1 = -6.4148871471E-02  9.9756059142E-01 -2.7527962781E-02
           Stress_EigVec2 =  4.9088660522E-01  5.5559544190E-02  8.6945010085E-01
           Stress_EigVec3 =  8.6885859788E-01  4.2261134572E-02 -4.9325321428E-01
           -DivStress = -2.3073304842E+01  1.0413207382E+03  8.9797792233E+01
           ESP =  -1.4646630338E+01     ESP at Nucleus =  -1.4646630348E+01
           ESPe = -3.2354733966E+01     ESPe at Nucleus = -3.2354732363E+01
           ESPn =  1.7708103627E+01     ESPn at Nucleus =  1.7708102016E+01

CP# 3      Coords = -4.43717177632149E+00  1.23484660144057E+00  1.83640066354404E+00
           Type = (3,-3) NACP C3
           Rho =  1.1771624072E+02     Rho at Nucleus =  1.1771624055E+02
           GradRho = -5.6723334363E-11  7.0996904189E-10 -3.3639235841E-10
           HessRho_EigVals = -1.4505430245E+05 -1.4505356341E+05 -1.4505315394E+05
           HessRho_EigVec1 =  9.6405405440E-01  4.8609380084E-03 -2.6566172377E-01
           HessRho_EigVec2 =  2.6501664343E-01  5.4393934082E-02  9.6270840790E-01
           HessRho_EigVec3 = -1.9130052182E-02  9.9850772216E-01 -5.1150463212E-02
           DelSqRho = -4.3516101980E+05
           Bond Ellipticity = NA
           V = -1.0880040625E+05
           G =  5.0756484321E+00
           K =  1.0879533060E+05
           L =  1.0879025495E+05
           Vnuc =  3.9433967376E+06
           Ven = -4.6420183960E+08
           Vrep =  4.6409303919E+08
           DelSqV =  2.4961064664E+09
           DelSqVen =  1.7160124498E+12
           DelSqVrep = -1.7135163433E+12
           DelSqG =  1.3407863959E+08
           DelSqK = -2.6301851060E+09
           Stress_EigVals = -3.6267091720E+04 -3.6266858974E+04 -3.6266455553E+04
           Stress_EigVec1 =  6.4602526962E-02  9.6241063532E-01  2.6380349226E-01
           Stress_EigVec2 =  2.6211780995E-01 -2.7143855998E-01  9.2607524633E-01
           Stress_EigVec3 =  9.6287110623E-01  9.3207925788E-03 -2.6980058489E-01
           -DivStress =  1.4703173196E+02 -1.0953544652E+03  5.5634032424E+02
           ESP =  -1.4745811540E+01     ESP at Nucleus =  -1.4745811559E+01
           ESPe = -2.9441712125E+01     ESPe at Nucleus = -2.9441712991E+01
           ESPn =  1.4695900585E+01     ESPn at Nucleus =  1.4695901432E+01

CP# 4      Coords = -4.06328374216037E+00  2.63828518222294E+00  3.24164083737243E+00
           Type = (3,-3) NACP H4
           Rho =  4.2467540918E-01     Rho at Nucleus =  4.2106676387E-01
           GradRho = -7.0256300777E-16 -8.8687737709E-16  9.6450625264E-16
           HessRho_EigVals = -6.4914957054E+00 -6.4860057789E+00 -5.8969877855E+00
           HessRho_EigVec1 =  2.0769344312E-01 -7.2229221201E-01  6.5966460732E-01
           HessRho_EigVec2 =  9.6051408764E-01  2.2952911999E-02 -2.7728298050E-01
           HessRho_EigVec3 =  1.8513811366E-01  6.9120700539E-01  6.9853901435E-01
           DelSqRho = -1.8874489270E+01
           Bond Ellipticity = NA
           V = -4.7276116250E+00
           G =  4.4946537778E-03
           K =  4.7231169712E+00
           L =  4.7186223174E+00
           Vnuc =  4.3351657142E+01
           Ven = -1.8410382735E+01
           Vrep =  1.3682771110E+01
           DelSqV =  7.1146334089E+02
           DelSqVen =  8.1824038755E+02
           DelSqVrep = -1.0677704667E+02
           DelSqG =  7.0242450216E+01
           DelSqK = -7.8170579110E+02
           Stress_EigVals = -1.6259659388E+00 -1.6254543939E+00 -1.4761912923E+00
           Stress_EigVec1 =  2.0116552693E-01 -7.2090777548E-01  6.6319258894E-01
           Stress_EigVec2 =  9.6198560192E-01  1.7731071721E-02 -2.7252396370E-01
           Stress_EigVec3 =  1.8470552907E-01  6.9280414862E-01  6.9706978071E-01
           -DivStress =  1.4434879899E+00  5.4170109565E+00  5.4516608277E+00
           ESP =  -1.1030752373E+00     ESP at Nucleus =  -1.1055515117E+00
           ESPe = -1.5500469675E+01     ESPe at Nucleus = -1.5416008080E+01
           ESPn =  1.4397394438E+01     ESPn at Nucleus =  1.4310456569E+01

CP# 5      Coords = -4.40149739219143E+00 -1.29937141223486E+00  1.85217599953108E+00
           Type = (3,-3) NACP C5
           Rho =  1.1771619015E+02     Rho at Nucleus =  1.1771618998E+02
           GradRho = -2.1875862233E-11 -7.0582270584E-10 -3.3147173895E-10
           HessRho_EigVals = -1.4505421387E+05 -1.4505347371E+05 -1.4505306418E+05
           HessRho_EigVec1 =  9.6382523786E-01  1.9441596821E-02 -2.6582500858E-01
           HessRho_EigVec2 =  2.6635620022E-01 -3.3730298437E-02  9.6328429945E-01
           HessRho_EigVec3 = -9.7614281025E-03  9.9924185825E-01  3.7688502769E-02
           DelSqRho = -4.3516075176E+05
           Bond Ellipticity = NA
           V = -1.0880033895E+05
           G =  5.0755023056E+00
           K =  1.0879526344E+05
           L =  1.0879018794E+05
           Vnuc =  3.9459134038E+06
           Ven = -4.6449789256E+08
           Vrep =  4.6438909222E+08
           DelSqV =  2.4961049076E+09
           DelSqVen =  1.7171066552E+12
           DelSqVrep = -1.7146105503E+12
           DelSqG =  1.3407853151E+08
           DelSqK = -2.6301834391E+09
           Stress_EigVals = -3.6267069455E+04 -3.6266836546E+04 -3.6266432944E+04
           Stress_EigVec1 = -9.2051659545E-02  9.5672947944E-01 -2.7603477162E-01
           Stress_EigVec2 =  2.5447008474E-01  2.9060911945E-01  9.2238349707E-01
           Stress_EigVec3 =  9.6268970491E-01  1.4664339915E-02 -2.7021008343E-01
           -DivStress =  1.1939132083E+02  1.1043178521E+03  5.4337566748E+02
           ESP =  -1.4745808081E+01     ESP at Nucleus =  -1.4745808100E+01
           ESPe = -2.9444046095E+01     ESPe at Nucleus = -2.9444046957E+01
           ESPn =  1.4698238014E+01     ESPn at Nucleus =  1.4698238857E+01

CP# 6      Coords = -3.98761779068641E+00 -2.67411508741883E+00  3.27443099488614E+00
           Type = (3,-3) NACP H6
           Rho =  4.2466347051E-01     Rho at Nucleus =  4.2105402166E-01
           GradRho =  3.9898639947E-16 -5.1608023410E-16 -1.2177758801E-15
           HessRho_EigVals = -6.4911841119E+00 -6.4856950317E+00 -5.8966008503E+00
           HessRho_EigVec1 =  1.8753323572E-01  7.3600360261E-01  6.5048442137E-01
           HessRho_EigVec2 =  9.6065251562E-01  7.0537703398E-04 -2.7775213173E-01
           HessRho_EigVec3 =  2.0488540636E-01 -6.7697725175E-01  7.0691143072E-01
           DelSqRho = -1.8873479994E+01
           Bond Ellipticity = NA
           V = -4.7273586075E+00
           G =  4.4943045074E-03
           K =  4.7228643030E+00
           L =  4.7183699985E+00
           Vnuc =  4.3352037832E+01
           Ven = -1.8410026839E+01
           Vrep =  1.3682668232E+01
           DelSqV =  7.1141970314E+02
           DelSqVen =  8.1820381871E+02
           DelSqVrep = -1.0678411558E+02
           DelSqG =  7.0236957127E+01
           DelSqK = -7.8165666027E+02
           Stress_EigVals = -1.6258879650E+00 -1.6253766134E+00 -1.4760940291E+00
           Stress_EigVec1 =  1.8087432521E-01  7.3447871909E-01  6.5408370235E-01
           Stress_EigVec2 = -9.6200852160E-01 -6.1667575180E-03  2.7294976731E-01
           Stress_EigVec3 = -2.0450937106E-01  6.7860370048E-01 -7.0545937859E-01
           -DivStress =  1.5985279470E+00 -5.3064509018E+00  5.5177030839E+00
           ESP =  -1.1031138814E+00     ESP at Nucleus =  -1.1055909382E+00
           ESPe = -1.5504953492E+01     ESPe at Nucleus = -1.5420508318E+01
           ESPn =  1.4401839610E+01     ESPn at Nucleus =  1.4314917380E+01

CP# 7      Coords =  1.43956732631001E+00  1.25156114173898E+00 -2.17556625744048E+00
           Type = (3,-3) NACP N7
           Rho =  1.9140659604E+02     Rho at Nucleus =  1.9140656412E+02
           GradRho = -1.4740209053E-11  2.0626389485E-11 -3.5323188818E-11
           HessRho_EigVals = -3.2209456162E+05 -3.2209301588E+05 -3.2208334695E+05
           HessRho_EigVec1 = -8.9413263957E-01 -5.2756545743E-02  4.4468367379E-01
           HessRho_EigVec2 = -1.2818974612E-01 -9.2132307646E-01 -3.6705745840E-01
           HessRho_EigVec3 =  4.2906201398E-01 -3.8520194140E-01  8.1702218605E-01
           DelSqRho = -9.6627092444E+05
           Bond Ellipticity = NA
           V = -2.4160033104E+05
           G =  1.6299964142E+01
           K =  2.4158403107E+05
           L =  2.4156773111E+05
           Vnuc =  4.9723005821E+05
           Ven = -9.5173112889E+07
           Vrep =  9.4931512558E+07
           DelSqV =  7.5858028847E+09
           DelSqVen =  4.8045894803E+11
           DelSqVrep = -4.7287314515E+11
           DelSqG =  4.0658728622E+08
           DelSqK = -7.9923901709E+09
           Stress_EigVals = -8.0534983938E+04 -8.0532985116E+04 -8.0532361984E+04
           Stress_EigVec1 =  4.3428247148E-01 -3.5489472454E-01  8.2791815384E-01
           Stress_EigVec2 =  1.3208736618E-01  9.3427038831E-01  3.3119747767E-01
           Stress_EigVec3 =  8.9103965269E-01  3.4475730795E-02 -4.5261436271E-01
           -DivStress = -1.3611679350E+04  1.9794081453E+04 -2.5097758185E+04
           ESP =  -1.8299035310E+01     ESP at Nucleus =  -1.8299036775E+01
           ESPe = -3.5030610853E+01     ESPe at Nucleus = -3.5030584316E+01
           ESPn =  1.6731575543E+01     ESPn at Nucleus =  1.6731547541E+01

CP# 8      Coords =  1.47895533123592E+00 -1.23889551487539E+00 -2.17344800161585E+00
           Type = (3,-3) NACP N8
           Rho =  1.9140660160E+02     Rho at Nucleus =  1.9140656968E+02
           GradRho =  2.8842261912E-11  1.7014223364E-11 -7.0691896781E-11
           HessRho_EigVals = -3.2209457547E+05 -3.2209302977E+05 -3.2208336058E+05
           HessRho_EigVec1 =  8.9528562336E-01 -2.5006996394E-02 -4.4479017832E-01
           HessRho_EigVec2 = -1.5749168455E-01  9.1618467803E-01 -3.6851323591E-01
           HessRho_EigVec3 =  4.1672535548E-01  3.9997535659E-01  8.1630857660E-01
           DelSqRho = -9.6627096582E+05
           Bond Ellipticity = NA
           V = -2.4160034134E+05
           G =  1.6299942773E+01
           K =  2.4158404140E+05
           L =  2.4156774145E+05
           Vnuc =  4.9723721416E+05
           Ven = -9.5174485352E+07
           Vrep =  9.4932885010E+07
           DelSqV =  7.5858032284E+09
           DelSqVen =  4.8046588339E+11
           DelSqVrep = -4.7288008020E+11
           DelSqG =  4.0658730966E+08
           DelSqK = -7.9923905381E+09
           Stress_EigVals = -8.0534987369E+04 -8.0532988534E+04 -8.0532365437E+04
           Stress_EigVec1 =  4.2290608526E-01  3.6987637742E-01  8.2724960470E-01
           Stress_EigVec2 = -1.6178260062E-01  9.2905564065E-01 -3.3268905410E-01
           Stress_EigVec3 =  8.9161473361E-01 -6.8616330693E-03 -4.5274284622E-01
           -DivStress = -1.2982001246E+04 -2.0255153898E+04 -2.5062741549E+04
           ESP =  -1.8299035464E+01     ESP at Nucleus =  -1.8299036929E+01
           ESPe = -3.5022560855E+01     ESPe at Nucleus = -3.5022534265E+01
           ESPn =  1.6723525391E+01     ESPn at Nucleus =  1.6723497336E+01

CP# 9      Coords =  3.65189196073456E+00  1.29534082937899E+00  1.73732419616144E+00
           Type = (3,-3) NACP N9
           Rho =  1.9141288277E+02     Rho at Nucleus =  1.9141285043E+02
           GradRho =  3.4208413879E-11 -3.3127944832E-12 -1.8461426832E-11
           HessRho_EigVals = -3.2210182166E+05 -3.2210031063E+05 -3.2209062731E+05
           HessRho_EigVec1 =  8.4057018134E-01  5.8618427952E-02 -5.3852172671E-01
           HessRho_EigVec2 =  2.6213437634E-01 -9.1399592445E-01  3.0967243797E-01
           HessRho_EigVec3 =  4.7405415195E-01  4.0146647431E-01  7.8364362501E-01
           DelSqRho = -9.6629275961E+05
           Bond Ellipticity = NA
           V = -2.4160574128E+05
           G =  1.6275690076E+01
           K =  2.4158946559E+05
           L =  2.4157318990E+05
           Vnuc =  4.9395824275E+05
           Ven = -9.4549971214E+07
           Vrep =  9.4308365472E+07
           DelSqV =  7.5859676100E+09
           DelSqVen =  4.7730827382E+11
           DelSqVrep = -4.6972230621E+11
           DelSqG =  4.0659177873E+08
           DelSqK = -7.9925593887E+09
           Stress_EigVals = -8.0536784482E+04 -8.0534784015E+04 -8.0534172784E+04
           Stress_EigVec1 =  4.8152924388E-01  3.7062004417E-01  7.9421053263E-01
           Stress_EigVec2 = -2.2668326405E-01  9.2801983920E-01 -2.9562455219E-01
           Stress_EigVec3 =  8.4660751537E-01  3.7682368790E-02 -5.3088205281E-01
           -DivStress =  1.4428893947E+04  2.0313245038E+04  2.4531792329E+04
           ESP =  -1.8301540331E+01     ESP at Nucleus =  -1.8301541824E+01
           ESPe = -3.4235762415E+01     ESPe at Nucleus = -3.4235732600E+01
           ESPn =  1.5934222084E+01     ESPn at Nucleus =  1.5934190776E+01

CP# 10     Coords =  3.69197030902134E+00 -1.20608147626363E+00  1.73918694446810E+00
           Type = (3,-3) NACP N10
           Rho =  1.9141291361E+02     Rho at Nucleus =  1.9141288127E+02
           GradRho =  1.7044005096E-11  1.1358247676E-11 -2.0801416145E-11
           HessRho_EigVals = -3.2210187954E+05 -3.2210036737E+05 -3.2209068458E+05
           HessRho_EigVec1 = -8.4195730183E-01  3.2758205487E-02  5.3854879247E-01
           HessRho_EigVec2 =  2.3300161252E-01  9.2235770598E-01  3.0816636869E-01
           HessRho_EigVec3 =  4.8663965155E-01 -3.8494566136E-01  7.8421852015E-01
           DelSqRho = -9.6629293149E+05
           Bond Ellipticity = NA
           V = -2.4160578394E+05
           G =  1.6275535763E+01
           K =  2.4158950841E+05
           L =  2.4157323287E+05
           Vnuc =  4.9395815548E+05
           Ven = -9.4549969742E+07
           Vrep =  9.4308363958E+07
           DelSqV =  7.5859689369E+09
           DelSqVen =  4.7730827427E+11
           DelSqVrep = -4.6972230534E+11
           DelSqG =  4.0659185811E+08
           DelSqK = -7.9925607950E+09
           Stress_EigVals = -8.0536798700E+04 -8.0534798367E+04 -8.0534186878E+04
           Stress_EigVec1 =  4.9311819797E-01 -3.5387794706E-01  7.9473570539E-01
           Stress_EigVec2 = -1.9709462048E-01 -9.3521976231E-01 -2.9413892426E-01
           Stress_EigVec3 = -8.4734181616E-01  1.1592875951E-02  5.3092132357E-01
           -DivStress =  1.5074819704E+04 -1.9802902449E+04  2.4560663546E+04
           ESP =  -1.8301525436E+01     ESP at Nucleus =  -1.8301526929E+01
           ESPe = -3.4230992332E+01     ESPe at Nucleus = -3.4230962497E+01
           ESPn =  1.5929466896E+01     ESPn at Nucleus =  1.5929435568E+01

CP# 11     Coords = -5.19516364793361E+00 -1.54590466648474E+00 -8.96413189967657E-01
           Type = (3,-3) NACP C11
           Rho =  1.1754784862E+02     Rho at Nucleus =  1.1754784855E+02
           GradRho = -1.0302037001E-12  1.3726787762E-10  1.7868503899E-10
           HessRho_EigVals = -1.4484577654E+05 -1.4484546987E+05 -1.4484532714E+05
           HessRho_EigVec1 = -1.9958024094E-01  7.5427025694E-01 -6.2549508945E-01
           HessRho_EigVec2 =  4.1917251672E-01  6.4270158922E-01  6.4127144677E-01
           HessRho_EigVec3 =  8.8569866696E-01 -1.3420524098E-01 -4.4443989992E-01
           DelSqRho = -4.3453657355E+05
           Bond Ellipticity = NA
           V = -1.0864446797E+05
           G =  5.1622931393E+00
           K =  1.0863930568E+05
           L =  1.0863414339E+05
           Vnuc =  5.9520683805E+06
           Ven = -6.9965283298E+08
           Vrep =  6.9954418851E+08
           DelSqV =  2.4925426422E+09
           DelSqVen =  2.5863913472E+12
           DelSqVrep = -2.5838988046E+12
           DelSqG =  1.3388557272E+08
           DelSqK = -2.6264282149E+09
           Stress_EigVals = -3.6214916029E+04 -3.6214870852E+04 -3.6214681093E+04
           Stress_EigVec1 =  9.0177081194E-01 -1.1370723527E-01 -4.1698928928E-01
           Stress_EigVec2 =  3.8379127696E-01  6.5436988710E-01  6.5153995010E-01
           Stress_EigVec3 = -1.9878042776E-01  7.4757656163E-01 -6.3373150943E-01
           -DivStress = -4.9305383129E-01 -5.4832599635E+02 -6.0565934170E+02
           ESP =  -1.4741083738E+01     ESP at Nucleus =  -1.4741083742E+01
           ESPe = -2.9012339480E+01     ESPe at Nucleus = -2.9012338158E+01
           ESPn =  1.4271255742E+01     ESPn at Nucleus =  1.4271254417E+01

CP# 12     Coords = -3.82094717806905E+00 -2.37793002113614E+00 -2.15058664416768E+00
           Type = (3,-3) NACP H12
           Rho =  4.2403804105E-01     Rho at Nucleus =  4.2056847619E-01
           GradRho = -4.1474510380E-09  2.4988324777E-09  3.7974308455E-09
           HessRho_EigVals = -6.4552523281E+00 -6.4546999072E+00 -5.8827331167E+00
           HessRho_EigVec1 =  7.0705322546E-01  6.0110304405E-01  3.7249277415E-01
           HessRho_EigVec2 =  2.1918825914E-01 -6.8708982825E-01  6.9272222065E-01
           HessRho_EigVec3 =  6.7233343173E-01 -4.0814543775E-01 -6.1756380903E-01
           DelSqRho = -1.8792685352E+01
           Bond Ellipticity = NA
           V = -4.7079964171E+00
           G =  4.9125395532E-03
           K =  4.7030838775E+00
           L =  4.6981713380E+00
           Vnuc =  4.5095780117E+01
           Ven = -1.9122326260E+01
           Vrep =  1.4414329843E+01
           DelSqV =  7.0850182667E+02
           DelSqVen =  8.4747081711E+02
           DelSqVrep = -1.3896899044E+02
           DelSqG =  6.9755740522E+01
           DelSqK = -7.7825756719E+02
           Stress_EigVals = -1.6176472781E+00 -1.6173790120E+00 -1.4729701270E+00
           Stress_EigVec1 =  7.1623780207E-01  5.6774548784E-01  4.0579363218E-01
           Stress_EigVec2 =  1.8504854893E-01 -7.1518304032E-01  6.7399573692E-01
           Stress_EigVec3 =  6.7287476206E-01 -4.0764970242E-01 -6.1730160756E-01
           -DivStress =  5.1550778425E+00 -3.0991054374E+00 -4.7134018648E+00
           ESP =  -1.1278603379E+00     ESP at Nucleus =  -1.1301412283E+00
           ESPe = -1.6744555932E+01     ESPe at Nucleus = -1.6683726421E+01
           ESPn =  1.5616695594E+01     ESPn at Nucleus =  1.5553585193E+01

CP# 13     Coords = -7.00473333649822E+00 -2.42850777006348E+00 -1.22301804506893E+00
           Type = (3,-3) NACP H13
           Rho =  4.2544956895E-01     Rho at Nucleus =  4.2207896455E-01
           GradRho =  4.5709963592E-15  2.7256842616E-15  4.9613091413E-16
           HessRho_EigVals = -6.4815150559E+00 -6.4811987271E+00 -5.9172474749E+00
           HessRho_EigVec1 = -4.0710573396E-01  5.5587428507E-01  7.2475423460E-01
           HessRho_EigVec2 = -2.2415681046E-01  7.0841500385E-01 -6.6925473972E-01
           HessRho_EigVec3 =  8.8544827387E-01  4.3491603962E-01  1.6379680334E-01
           DelSqRho = -1.8879961258E+01
           Bond Ellipticity = NA
           V = -4.7298403624E+00
           G =  4.9250239859E-03
           K =  4.7249153384E+00
           L =  4.7199903145E+00
           Vnuc =  4.3490070768E+01
           Ven = -1.8502831862E+01
           Vrep =  1.3772991499E+01
           DelSqV =  7.1232399515E+02
           DelSqVen =  8.2109085119E+02
           DelSqVrep = -1.0876685605E+02
           DelSqG =  7.0164972824E+01
           DelSqK = -7.8248896797E+02
           Stress_EigVals = -1.6242780663E+00 -1.6239946393E+00 -1.4815676568E+00
           Stress_EigVec1 = -4.0884108853E-01  5.6352363783E-01  7.1783708035E-01
           Stress_EigVec2 = -2.1994679035E-01  7.0254947189E-01 -6.7679217561E-01
           Stress_EigVec3 =  8.8570445056E-01  4.3458641161E-01  1.6328587541E-01
           -DivStress = -6.6890542001E+00 -3.2740212101E+00 -1.2265443438E+00
           ESP =  -1.1260089560E+00     ESP at Nucleus =  -1.1282349104E+00
           ESPe = -1.4632420802E+01     ESPe at Nucleus = -1.4542717401E+01
           ESPn =  1.3506411846E+01     ESPn at Nucleus =  1.3414482490E+01

CP# 14     Coords = -5.23487675238276E+00  1.42472688492073E+00 -9.15492390066365E-01
           Type = (3,-3) NACP C14
           Rho =  1.1754787916E+02     Rho at Nucleus =  1.1754787909E+02
           GradRho =  1.0595330169E-11 -1.3578527192E-10  1.7299534028E-10
           HessRho_EigVals = -1.4484582529E+05 -1.4484551802E+05 -1.4484537493E+05
           HessRho_EigVec1 =  1.7902167081E-01  7.6730746508E-01  6.1578445532E-01
           HessRho_EigVec2 =  4.3523581898E-01 -6.2308539668E-01  6.4987258007E-01
           HessRho_EigVec3 =  8.8233838365E-01  1.5167017663E-01 -4.4550548175E-01
           DelSqRho = -4.3453671824E+05
           Bond Ellipticity = NA
           V = -1.0864450417E+05
           G =  5.1623037933E+00
           K =  1.0863934186E+05
           L =  1.0863417956E+05
           Vnuc =  5.9404920726E+06
           Ven = -6.9829224432E+08
           Vrep =  6.9818359981E+08
           DelSqV =  2.4925434931E+09
           DelSqVen =  2.5813620490E+12
           DelSqVrep = -2.5788694400E+12
           DelSqG =  1.3388562722E+08
           DelSqK = -2.6264291204E+09
           Stress_EigVals = -3.6214928218E+04 -3.6214882919E+04 -3.6214693032E+04
           Stress_EigVec1 =  8.9945589396E-01  1.3107066986E-01 -4.1689276118E-01
           Stress_EigVec2 =  3.9894756038E-01 -6.3566523944E-01  6.6088618342E-01
           Stress_EigVec3 =  1.7838144210E-01  7.6075632293E-01  6.2404317018E-01
           -DivStress = -1.3154287407E+01  5.4155601220E+02 -6.1371993056E+02
           ESP =  -1.4741098832E+01     ESP at Nucleus =  -1.4741098836E+01
           ESPe = -2.9009847659E+01     ESPe at Nucleus = -2.9009846336E+01
           ESPn =  1.4268748826E+01     ESPn at Nucleus =  1.4268747500E+01

CP# 15     Coords = -7.06636476934962E+00  2.25541121849012E+00 -1.25582241810684E+00
           Type = (3,-3) NACP H15
           Rho =  4.2545602926E-01     Rho at Nucleus =  4.2208558763E-01
           GradRho =  8.9615814769E-15 -3.2925051574E-15  1.8110513089E-15
           HessRho_EigVals = -6.4816369702E+00 -6.4813314484E+00 -5.9173822363E+00
           HessRho_EigVec1 = -3.9278918089E-01 -5.5398787034E-01  7.3403957583E-01
           HessRho_EigVec2 =  2.0607198375E-01  7.2487192710E-01  6.5733935438E-01
           HessRho_EigVec3 =  8.9624271093E-01 -4.0946077812E-01  1.7056047108E-01
           DelSqRho = -1.8880350655E+01
           Bond Ellipticity = NA
           V = -4.7299361440E+00
           G =  4.9242401355E-03
           K =  4.7250119039E+00
           L =  4.7200876637E+00
           Vnuc =  4.3487470716E+01
           Ven = -1.8502006613E+01
           Vrep =  1.3772070469E+01
           DelSqV =  7.1234020792E+02
           DelSqVen =  8.2105869621E+02
           DelSqVrep = -1.0871848829E+02
           DelSqG =  7.0166738185E+01
           DelSqK = -7.8250694610E+02
           Stress_EigVals = -1.6243088734E+00 -1.6240255065E+00 -1.4816017641E+00
           Stress_EigVec1 = -3.9504597773E-01 -5.6433381523E-01  7.2489035065E-01
