AIMSum (Version 19.02.13, Professional)
Copyright (c) 1997-2019 by Todd A. Keith
AIMSum is a component of the AIMAll package ( http://aim.tkgristmill.com )

TP:  64-bit Linux

Much of the Quantum Theory of Atoms in Molecules (QTAIM) is described in the book:
  "Atoms in Molecules - A Quantum Theory"
  R.F.W. Bader, Oxford University Press, Oxford, 1990

For additional references see:  http://aim.tkgristmill.com/references.html

Wfn File:  /home/mhennefarth/Documents/ML_Diels/summary-N-liu2013/3c-opt/3c-opt.wfn
Sum File:  /home/mhennefarth/Documents/ML_Diels/summary-N-liu2013/3c-opt/3c-opt.sum

SumViz File:  /home/mhennefarth/Documents/ML_Diels/summary-N-liu2013/3c-opt/3c-opt.sumviz

Wfn Title:   Title Card Required                                                           
 
Total memory allocated for AIMSum =        1.399 Megabytes

Atomic units (a.u.) used throughout, except where stated otherwise

Model:  Restricted SCF
 
Restricted, closed-shell, single-determinant wavefunction.
  Number of electrons (from MO Occs)                   =          96.0000000000
  Number of Alpha electrons (from MO Occs)             =          48.0000000000
  Number of Beta electrons (from MO Occs)              =          48.0000000000
  Number of electron pairs (N*(N-1)/2)                 =        4560.0000000000
  Number of electron pairs (from Muller 2EDM)          =        4560.0000000000
 
Nuclear Charges and Cartesian Coordinates:
-------------------------------------------------------------------------------
Atom      Charge                X                  Y                  Z
-------------------------------------------------------------------------------
C1         6.0          -3.0772844100E+00   2.4360880600E+00  -2.6266439000E-01
N2         7.0          -1.8712357500E+00   1.2450316300E+00  -2.1644122800E+00
N3         7.0          -1.8751630400E+00  -1.2446936300E+00  -2.1641717100E+00
C4         6.0          -3.0853239700E+00  -2.4315734000E+00  -2.6243252000E-01
N5         7.0          -4.3525354500E+00  -1.2468428100E+00   1.5879648900E+00
N6         7.0          -4.3482778500E+00   1.2557328700E+00   1.5879188400E+00
C7         6.0           3.7201109900E+00   1.2602863000E+00   2.1947909400E+00
C8         6.0           3.7198746000E+00  -1.2647901200E+00   2.1962911200E+00
C9         6.0           4.8242117400E+00   2.3299500700E+00  -2.1699544000E-01
C10        6.0           6.1081564300E+00  -4.6153300000E-03  -1.4437981800E+00
C11        6.0           4.8239367700E+00  -2.3375265200E+00  -2.1413818000E-01
C12        6.0          -3.0052655200E+00   5.2676537400E+00  -2.3404942000E-01
C13        6.0          -3.0232148700E+00  -5.2633893400E+00  -2.3392748000E-01
H14        1.0           2.9689782300E+00   2.4402960200E+00   3.6999122000E+00
H15        1.0           2.9684688800E+00  -2.4429068000E+00   3.7027504800E+00
H16        1.0           6.1564841100E+00   3.8834952600E+00   1.1914398000E-01
H17        1.0           3.3168422300E+00   3.0902239500E+00  -1.4315609900E+00
H18        1.0           5.9575515800E+00  -5.8508000000E-03  -3.5058087500E+00
H19        1.0           8.1244384000E+00  -4.4614200000E-03  -9.6933810000E-01
H20        1.0           6.1561197700E+00  -3.8907012400E+00   1.2408861000E-01
H21        1.0           3.3166650900E+00  -3.0994630500E+00  -1.4277931400E+00
H22        1.0          -4.3349440500E+00   5.9930064300E+00   1.1663609000E+00
H23        1.0          -3.4659610100E+00   6.0216169100E+00  -2.1032647400E+00
H24        1.0          -1.1012593600E+00   5.9280511000E+00   2.4667195000E-01
H25        1.0          -4.3492719900E+00  -5.9837879800E+00   1.1724468000E+00
H26        1.0          -3.4954197500E+00  -6.0158694500E+00  -2.1009234300E+00
H27        1.0          -1.1194180200E+00  -5.9307461000E+00   2.3775746000E-01
 
Some Atomic Properties:
----------------------
  q(A) = Net Charge of Atom A
  L(A) = Lagrangian of Atom A = -(1/4) Times Atomic Integral of the Laplacian of the Electron Density
  K(A) = Electronic Kinetic Energy of Atom A (Hamiltonian Form)
  K_Scaled(A) = K(A) * E(Mol)/K(Mol) = Approximation to Virial-Based Total Energy of Atom A.
  |Mu_Intra(A)| = Magnitude of Intraatomic Dipole Moment of Atom A
--------------------------------------------------------------------------------------------------
Atom A          q(A)              L(A)              K(A)          K_Scaled(A)      |Mu_Intra(A)|
--------------------------------------------------------------------------------------------------
C1        1.0378481252E+00 -4.4027329440E-04  3.7137807762E+01 -3.7494340372E+01  6.1316452141E-01
N2       -5.8683401870E-01 -9.4919538031E-06  5.4568727071E+01 -5.5092601039E+01  6.6751900550E-01
N3       -5.8674750350E-01  1.1611229994E-04  5.4568806308E+01 -5.5092681036E+01  6.6740616947E-01
C4        1.0381681998E+00  1.3141979349E-04  3.7137942026E+01 -3.7494475925E+01  6.1288879140E-01
N5       -6.0120154340E-01  1.3687943059E-04  5.4580983801E+01 -5.5104975436E+01  6.7112199227E-01
N6       -6.0129871000E-01 -1.8570253895E-05  5.4580991539E+01 -5.5104983248E+01  6.7099804062E-01
C7       -7.6811004300E-02 -6.2235606280E-05  3.7739861531E+01 -3.8102174014E+01  1.2922200080E-01
C8       -7.6702388000E-02  1.0440630798E-04  3.7739871126E+01 -3.8102183702E+01  1.2956020154E-01
C9        1.2057084500E-02  7.5869590895E-05  3.7671895376E+01 -3.8033555366E+01  1.1230647346E-01
C10       1.6832026900E-02 -4.7122913740E-06  3.7662316368E+01 -3.8023884398E+01  9.6133611930E-02
C11       1.1742291200E-02 -3.1566506832E-04  3.7671788363E+01 -3.8033447326E+01  1.1194158426E-01
C12      -9.6215548000E-03 -1.6041507337E-04  3.7704740741E+01 -3.8066716055E+01  1.8105316967E-01
C13      -9.2349745000E-03  2.4713792048E-04  3.7704829512E+01 -3.8066805678E+01  1.8150959613E-01
H14       3.5290021750E-02  2.2431367451E-05  5.9651493720E-01 -6.0224163569E-01  1.5165854829E-01
H15       3.5315534090E-02  2.0790762060E-05  5.9650604958E-01 -6.0223266275E-01  1.5165533293E-01
H16       3.6951089800E-03  3.1778298277E-05  6.1343234656E-01 -6.1932145657E-01  1.5671377792E-01
H17       1.5600876250E-02  8.6776682405E-06  6.0880919840E-01 -6.1465392500E-01  1.4894715753E-01
H18       8.2338579400E-03  2.5357413536E-05  6.1268768022E-01 -6.1856964125E-01  1.5497668679E-01
H19       2.6203640000E-05  3.3149063442E-05  6.1880549832E-01 -6.2474619199E-01  1.5602138153E-01
H20       3.7033120300E-03  2.9116553303E-05  6.1343083482E-01 -6.1931993033E-01  1.5670420009E-01
H21       1.5540471740E-02  2.4397675591E-05  6.0882479459E-01 -6.1466967092E-01  1.4901973393E-01
H22       5.5703761020E-02  2.3214212296E-05  5.8949770655E-01 -5.9515703780E-01  1.4552534156E-01
H23       5.2189535940E-02  2.4663929144E-05  5.8953313451E-01 -5.9519280588E-01  1.4557645410E-01
H24       4.9352057150E-02  3.1067218555E-05  5.8951860102E-01 -5.9517813286E-01  1.4425732252E-01
H25       5.5707872420E-02  2.1953774145E-05  5.8950008239E-01 -5.9515943645E-01  1.4552428316E-01
H26       5.2163206010E-02  2.4456011342E-05  5.8953135745E-01 -5.9519101176E-01  1.4557334059E-01
H27       4.9371635500E-02  4.2196433751E-05  5.8952305174E-01 -5.9518262631E-01  1.4427854825E-01
--------------------------------------------------------------------------------------------------
Total     8.9484860001E-05  1.6371218307E-04  5.6487667680E+02 -5.7029963976E+02
 
1st Largest |L(A)| = 4.4027329440E-04, atom C1      
2nd Largest |L(A)| = 3.1566506832E-04, atom C11     
 
Molecular charge q(Mol) from the wfn file:   0.0000000000E+00
Molecular energy E(Mol) from the wfn file:  -5.7029962945E+02
Molecular virial ratio (-V(Mol)/T(Mol)) from the wfn file:   2.0096002600E+00
Note.  K_Scaled(A) = (1+V(Mol)/T(Mol))*K(A) = (E(Mol)/T(Mol))*K(A)
       Only use K_Scaled(A) data with caution.
 
N_AIMInt(SumA)     =         95.999911
N_Analytic(Mol)    =         95.999989
 
G_AIMInt(SumA)     =        564.876513
G_Analytic(Mol)    =        564.876641
 
K_AIMInt(SumA)     =        564.876677
K_Analytic(Mol)    =        564.876641
 
L_AIMInt(SumA)     =          0.000164
L_Analytic(Mol)    =          0.000000
 
VenT_AIMInt(SumA)  =      -2876.644304
VenT_Analytic(Mol) =      -2876.645833
 
Some Information About the Atomic Calculations:
----------------------------------------------
  Time(sec) = "Elapsed User Time", in Seconds, for Atom A by AIMInt and, if used, by TWOe
  NProc = Number of Processors Used for AIMInt Job
  BIM = Basin Integration Method
  OAQ = Angular Quadrature Outside of Beta Sphere
  ORQ = Multiple of Default for Radial Quadrature Outside of Beta Sphere
  IAQ = Multiple of Default for Angular Quadrature Inside of Beta Sphere
  IRQ = Multiple of Default for Radial Quadrature Inside of Beta Sphere
  MIR = Maximum Integration Radius
------------------------------------------------------------------------------------------------------
Atom A     Time(sec)   NProc      BIM          OAQ                     ORQ      IAQ      IRQ      MIR
------------------------------------------------------------------------------------------------------
C1             49        8     Proaim(5)    4500(GS4)                  1.00     1.00     1.00    13.00
N2             54        8     Proaim(5)    4500(GS4)                  1.00     1.00     1.00    13.00
N3             68        8     Proaim(5)    4500(GS4)                  1.00     1.00     1.00    13.00
C4             50        8     Proaim(5)    4500(GS4)                  1.00     1.00     1.00    13.00
N5             19        8     Proaim(5)    4500(GS4)                  1.00     1.00     1.00    13.00
N6             18        8     Proaim(5)    4500(GS4)                  1.00     1.00     1.00    13.00
C7             47        8     Proaim(5)    4500(GS4)                  1.00     1.00     1.00    13.00
C8             45        8     Proaim(5)    4500(GS4)                  1.00     1.00     1.00    13.00
C9             59        8     Proaim(5)    4500(GS4)                  1.00     1.00     1.00    13.00
C10            27        8     Proaim(5)    4500(GS4)                  1.00     1.00     1.00    13.00
C11            73        8     Proaim(5)    4500(GS4)                  1.00     1.00     1.00    13.00
C12            46        8     Proaim(5)    4500(GS4)                  1.00     1.00     1.00    13.00
C13            45        8     Proaim(5)    4500(GS4)                  1.00     1.00     1.00    13.00
H14             9        8     Proaim(5)    1800(GS4)                  1.00     1.00     1.00    13.00
H15             8        8     Proaim(5)    1800(GS4)                  1.00     1.00     1.00    13.00
H16             7        8     Proaim(5)    1800(GS4)                  1.00     1.00     1.00    13.00
H17            41        8     Proaim(5)    4500(GS4)                  1.00     1.00     1.00    13.00
H18             7        8     Proaim(5)    1800(GS4)                  1.00     1.00     1.00    13.00
H19             6        8     Proaim(5)    1800(GS4)                  1.00     1.00     1.00    13.00
H20             6        8     Proaim(5)    1800(GS4)                  1.00     1.00     1.00    13.00
H21            65        8     Proaim(5)    4500(GS4)                  1.00     1.00     1.00    13.00
H22             6        8     Proaim(5)    1800(GS4)                  1.00     1.00     1.00    13.00
H23             7        8     Proaim(5)    1800(GS4)                  1.00     1.00     1.00    13.00
H24            16        8     Proaim(5)    1800(GS4)                  1.00     1.00     1.00    13.00
H25             6        8     Proaim(5)    1800(GS4)                  1.00     1.00     1.00    13.00
H26             7        8     Proaim(5)    1800(GS4)                  1.00     1.00     1.00    13.00
H27            16        8     Proaim(5)    1800(GS4)                  1.00     1.00     1.00    13.00
------------------------------------------------------------------------------------------------------
Total         807
Note:  Total wall clock time is less than total of atomic times if more than one atom
       was calculated at a time
 
Electron Density Critical Point Analysis of Molecular Structure:               
---------------------------------------------------------------                
  NACP = Nuclear Attractor Critical Point                                      
  NNACP = Non-Nuclear Attractor Critical Point                                 
  BCP = Bond Critical Point                                                    
  RCP = Ring Critical Point                                                    
  CCP = Cage Critical Point                                                    
  Rho = Electron Density                                                       
  GradRho = Gradient of Electron Density                                       
  HessRho_EigVals = Eigenvalues of the Hessian of Rho, Ascending Order         
  HessRho_EigVecs = Eigenvectors of the Hessian of Rho                         
  DelSqRho = Laplacian of Rho = Trace of Hessian of Rho                        
  Bond Ellipticity = (HessRho_EigVal(1) / HessRho_EigVal(2)) - 1               
  V = Virial Field = Potential Energy Density = Trace of Stress Tensor         
  G = Lagrangian Form of Kinetic Energy Density                                
  K = Hamiltonian Form of Kinetic Energy Density                               
  L = K - G = Lagrangian Density = (-1/4)DelSqRho                              
  Vnuc = Electrostatic Potential from Nuclei                                   
  Ven = Electron-nuclear attractive contribution to Virial Field V             
  Vrep = V - Ven = Repulsive contribution to Virial Field V                    
  DelSqV = Laplacian of V                                                      
  DelSqVen = Laplacian of Ven                                                  
  DelSqVrep = Laplacian of Vrep                                                
  DelSqG = Laplacian of G                                                      
  DelSqK = Laplacian of K                                                      
  Stress_EigVals = Eigenvalues of Stress Tensor, Ascending Order               
  Stress_EigVecs = Eigenvectors of Stress Tensor                               
  -DivStress = Ehrenfest Force Density = Minus Divergence of Stress Tensor     
  ESP = Total Electrostatic Potential                                          
  ESPe = Electrostatic Potential from Electrons                                
  ESPn = Electrostatic Potential from Nuclei                                   
  BP = Bond Path                                                               
  BPL = Bond Path Length                                                       
  GBL = Geometric Bond Length                                                  
  GBL_I = Distance Between Nuclear Attractors                                  
  GBL_II = Distance Between Nuclei                                             
  GBL_III = Sum of Distances Between BCP and Nuclear Attractors                
  GBL_IV = Sum of Distances Between BCP and Nuclei                             

CP# 1      Coords = -3.07728438444873E+00  2.43608678555654E+00 -2.62664485701171E-01
           Type = (3,-3) NACP C1
           Rho =  1.1763402813E+02     Rho at Nucleus =  1.1763402801E+02
           GradRho =  5.9444359157E-12 -4.8287447721E-10 -3.4697149667E-11
           HessRho_EigVals = -1.4491294683E+05 -1.4491182158E+05 -1.4491134574E+05
           HessRho_EigVec1 =  8.3215938274E-01 -1.5310488697E-02  5.5432513082E-01
           HessRho_EigVec2 = -5.5372926807E-01  3.0975841446E-02  8.3212042093E-01
           HessRho_EigVec3 =  2.9910857661E-02  9.9940286481E-01 -1.7298971398E-02
           DelSqRho = -4.3473611415E+05
           Bond Ellipticity = NA
           V = -1.0869427091E+05
           G =  5.1211858828E+00
           K =  1.0868914972E+05
           L =  1.0868402854E+05
           Vnuc =  4.6938000034E+06
           Ven = -5.5215060163E+08
           Vrep =  5.5204190736E+08
           DelSqV =  2.4936362081E+09
           DelSqVen =  2.0405640233E+12
           DelSqVrep = -2.0380703871E+12
           DelSqG =  1.3390791311E+08
           DelSqK = -2.6275441212E+09
           Stress_EigVals = -3.6231690139E+04 -3.6231568486E+04 -3.6231012285E+04
           Stress_EigVec1 =  4.5668174544E-02  9.9848861206E-01 -3.0576288633E-02
           Stress_EigVec2 = -5.5062404874E-01  5.0699161322E-02  8.3321230907E-01
           Stress_EigVec3 =  8.3350319422E-01 -2.1215245321E-02  5.5210718034E-01
           -DivStress = -2.1611825939E+01  1.0348972785E+03  7.6549753718E+01
           ESP =  -1.4646787372E+01     ESP at Nucleus =  -1.4646787382E+01
           ESPe = -3.3120409601E+01     ESPe at Nucleus = -3.3120407983E+01
           ESPn =  1.8473622229E+01     ESPn at Nucleus =  1.8473620601E+01

CP# 2      Coords = -1.87124192351588E+00  1.24502351266847E+00 -2.16440253847736E+00
           Type = (3,-3) NACP N2
           Rho =  1.9140770114E+02     Rho at Nucleus =  1.9140766911E+02
           GradRho = -2.0085266783E-11  3.5726976932E-13  5.2040594056E-11
           HessRho_EigVals = -3.2209689551E+05 -3.2209533421E+05 -3.2208565486E+05
           HessRho_EigVec1 =  8.5453102505E-01 -2.5572801264E-02  5.1877043002E-01
           HessRho_EigVec2 =  1.8379111510E-01 -9.1927926367E-01 -3.4806100241E-01
           HessRho_EigVec3 = -4.8579579376E-01 -3.9277432098E-01  7.8085259783E-01
           DelSqRho = -9.6627788458E+05
           Bond Ellipticity = NA
           V = -2.4160206952E+05
           G =  1.6299187652E+01
           K =  2.4158577033E+05
           L =  2.4156947114E+05
           Vnuc =  4.9635837384E+05
           Ven = -9.5006815277E+07
           Vrep =  9.4765213207E+07
           DelSqV =  7.5858579552E+09
           DelSqVen =  4.7962011965E+11
           DelSqVrep = -4.7203426169E+11
           DelSqG =  4.0659083765E+08
           DelSqK = -7.9924487929E+09
           Stress_EigVals = -8.0535565381E+04 -8.0533566161E+04 -8.0532937977E+04
           Stress_EigVec1 = -4.9221717653E-01 -3.6292483550E-01  7.9120655641E-01
           Stress_EigVec2 = -1.7904398014E-01  9.3171510582E-01  3.1599084601E-01
           Stress_EigVec3 =  8.5186002624E-01 -1.3875351059E-02  5.2358568576E-01
           -DivStress =  1.5232974437E+04  2.0039250132E+04 -2.4035519338E+04
           ESP =  -1.8299236997E+01     ESP at Nucleus =  -1.8299238466E+01
           ESPe = -3.5894451397E+01     ESPe at Nucleus = -3.5894425196E+01
           ESPn =  1.7595214400E+01     ESPn at Nucleus =  1.7595186730E+01

CP# 3      Coords = -1.87516918916505E+00 -1.24468549126985E+00 -2.16416196992475E+00
           Type = (3,-3) NACP N3
           Rho =  1.9140777035E+02     Rho at Nucleus =  1.9140773832E+02
           GradRho = -1.3887335726E-11  2.8574143052E-11  9.3938190560E-12
           HessRho_EigVals = -3.2209704518E+05 -3.2209548397E+05 -3.2208580406E+05
           HessRho_EigVec1 = -8.5450900024E-01 -2.2622096101E-02 -5.1894374384E-01
           HessRho_EigVec2 =  1.8702775382E-01  9.1864485691E-01 -3.4801184775E-01
           HessRho_EigVec3 = -4.8459775877E-01  3.9443613886E-01  7.8075933844E-01
           DelSqRho = -9.6627833321E+05
           Bond Ellipticity = NA
           V = -2.4160218169E+05
           G =  1.6299195027E+01
           K =  2.4158588250E+05
           L =  2.4156958330E+05
           Vnuc =  4.9633392858E+05
           Ven = -9.5002170619E+07
           Vrep =  9.4760568438E+07
           DelSqV =  7.5858614889E+09
           DelSqVen =  4.7959672090E+11
           DelSqVrep = -4.7201085944E+11
           DelSqG =  4.0659107176E+08
           DelSqK = -7.9924525606E+09
           Stress_EigVals = -8.0535602832E+04 -8.0533603516E+04 -8.0532975345E+04
           Stress_EigVec1 = -4.9111638570E-01  3.6460579041E-01  7.9111776197E-01
           Stress_EigVec2 =  1.8224584033E-01  9.3109692257E-01 -3.1598255406E-01
           Stress_EigVec3 =  8.5181638243E-01  1.1006288562E-02  5.2372484401E-01
           -DivStress =  1.5172862625E+04 -2.0092082307E+04 -2.4031989393E+04
           ESP =  -1.8299244319E+01     ESP at Nucleus =  -1.8299245787E+01
           ESPe = -3.5892824831E+01     ESPe at Nucleus = -3.5892798618E+01
           ESPn =  1.7593580512E+01     ESPn at Nucleus =  1.7593552830E+01

CP# 4      Coords = -3.08532394125153E+00 -2.43157212588705E+00 -2.62432616463596E-01
           Type = (3,-3) NACP C4
           Rho =  1.1763400797E+02     Rho at Nucleus =  1.1763400786E+02
           GradRho =  3.6827288614E-11  4.8741031238E-10 -3.9338200232E-11
           HessRho_EigVals = -1.4491291725E+05 -1.4491179199E+05 -1.4491131618E+05
           HessRho_EigVec1 =  8.3209288823E-01  1.2495797480E-02  5.5449551883E-01
           HessRho_EigVec2 = -5.5400382428E-01 -2.9005362185E-02  8.3200868484E-01
           HessRho_EigVec3 = -2.6479955381E-02  9.9950114758E-01  1.7212436003E-02
           DelSqRho = -4.3473602542E+05
           Bond Ellipticity = NA
           V = -1.0869424870E+05
           G =  5.1211712181E+00
           K =  1.0868912753E+05
           L =  1.0868400635E+05
           Vnuc =  4.6945501883E+06
           Ven = -5.5223875428E+08
           Vrep =  5.5213006003E+08
           DelSqV =  2.4936356959E+09
           DelSqVen =  2.0408899994E+12
           DelSqVrep = -2.0383964292E+12
           DelSqG =  1.3390788119E+08
           DelSqK = -2.6275435771E+09
           Stress_EigVals = -3.6231682724E+04 -3.6231561083E+04 -3.6231004890E+04
           Stress_EigVec1 = -4.2222818893E-02  9.9864270685E-01  3.0495534480E-02
           Stress_EigVec2 = -5.5093035098E-01 -4.8734634340E-02  8.3312705141E-01
           Stress_EigVec3 =  8.3348244249E-01  1.8376057092E-02  5.5224029063E-01
           -DivStress = -2.4204862404E+01 -1.0346255675E+03  7.7167601691E+01
           ESP =  -1.4646786434E+01     ESP at Nucleus =  -1.4646786443E+01
           ESPe = -3.3117907246E+01     ESPe at Nucleus = -3.3117905627E+01
           ESPn =  1.8471120812E+01     ESPn at Nucleus =  1.8471119184E+01

CP# 5      Coords = -4.35252886097613E+00 -1.24683469461897E+00  1.58795532418432E+00
           Type = (3,-3) NACP N5
           Rho =  1.9141276649E+02     Rho at Nucleus =  1.9141273415E+02
           GradRho = -8.6573415103E-11  2.7486901644E-12  1.2971845820E-12
           HessRho_EigVals = -3.2210154093E+05 -3.2210003317E+05 -3.2209034998E+05
           HessRho_EigVec1 = -8.1221912199E-01 -2.9751999304E-02 -5.8259326842E-01
           HessRho_EigVec2 = -2.5087155682E-01  9.1944416025E-01  3.0279679352E-01
           HessRho_EigVec3 = -5.2665316846E-01 -3.9209342601E-01  7.5425405894E-01
           DelSqRho = -9.6629192409E+05
           Bond Ellipticity = NA
           V = -2.4160553154E+05
           G =  1.6275258709E+01
           K =  2.4158925628E+05
           L =  2.4157298102E+05
           Vnuc =  4.9402962844E+05
           Ven = -9.4563577907E+07
           Vrep =  9.4321972375E+07
           DelSqV =  7.5859609169E+09
           DelSqVen =  4.7737684035E+11
           DelSqVrep = -4.6979087944E+11
           DelSqG =  4.0659131410E+08
           DelSqK = -7.9925522310E+09
           Stress_EigVals = -8.0536714481E+04 -8.0534713791E+04 -8.0534103268E+04
           Stress_EigVec1 = -5.3412621517E-01 -3.6096860219E-01  7.6446769356E-01
           Stress_EigVec2 =  2.2005356172E-01 -9.3245448941E-01 -2.8653979682E-01
           Stress_EigVec3 =  8.1626320280E-01  1.5175421612E-02  5.7748081382E-01
           -DivStress = -1.6254122621E+04 -2.0028696162E+04  2.3599211791E+04
           ESP =  -1.8301683197E+01     ESP at Nucleus =  -1.8301684689E+01
           ESPe = -3.4923371661E+01     ESPe at Nucleus = -3.4923341367E+01
           ESPn =  1.6621688464E+01     ESPn at Nucleus =  1.6621656678E+01

CP# 6      Coords = -4.34827128917189E+00  1.25572473213189E+00  1.58790927390514E+00
           Type = (3,-3) NACP N6
           Rho =  1.9141277298E+02     Rho at Nucleus =  1.9141274064E+02
           GradRho = -8.1112894179E-13  2.1921797710E-11 -1.0174527887E-11
           HessRho_EigVals = -3.2210158108E+05 -3.2210007369E+05 -3.2209039018E+05
           HessRho_EigVec1 =  8.1211299335E-01 -3.2482705300E-02  5.8259536548E-01
           HessRho_EigVec2 = -2.5397924861E-01 -9.1858277397E-01  3.0282045611E-01
           HessRho_EigVec3 = -5.2532563929E-01  3.9389156023E-01  7.5424293930E-01
           DelSqRho = -9.6629204495E+05
           Bond Ellipticity = NA
           V = -2.4160556195E+05
           G =  1.6275356361E+01
           K =  2.4158928659E+05
           L =  2.4157301124E+05
           Vnuc =  4.9402955658E+05
           Ven = -9.4563567358E+07
           Vrep =  9.4321961796E+07
           DelSqV =  7.5859619187E+09
           DelSqVen =  4.7737683072E+11
           DelSqVrep = -4.6979086880E+11
           DelSqG =  4.0659140547E+08
           DelSqK = -7.9925533242E+09
           Stress_EigVals = -8.0536724635E+04 -8.0534723879E+04 -8.0534113436E+04
           Stress_EigVec1 = -5.3290675510E-01  3.6279053433E-01  7.6445628951E-01
           Stress_EigVec2 =  2.2318383491E-01  9.3169886477E-01 -2.8657669345E-01
           Stress_EigVec3 = -8.1621036884E-01  1.7895630516E-02 -5.7747760147E-01
           -DivStress = -1.6184520418E+04  2.0084191515E+04  2.3599936674E+04
           ESP =  -1.8301686610E+01     ESP at Nucleus =  -1.8301688103E+01
           ESPe = -3.4924363890E+01     ESPe at Nucleus = -3.4924333600E+01
           ESPn =  1.6622677280E+01     ESPn at Nucleus =  1.6622645497E+01

CP# 7      Coords =  3.72011098084836E+00  1.26028792053585E+00  2.19479062104386E+00
           Type = (3,-3) NACP C7
           Rho =  1.1770573742E+02     Rho at Nucleus =  1.1770573722E+02
           GradRho = -5.9196411472E-12  1.0047365129E-09 -1.6966099341E-10
           HessRho_EigVals = -1.4504154489E+05 -1.4504076708E+05 -1.4504041546E+05
           HessRho_EigVec1 =  8.7968908213E-01 -2.8741494193E-02  4.7467993984E-01
           HessRho_EigVec2 = -4.7433706903E-01 -1.2425698680E-01  8.7153000303E-01
           HessRho_EigVec3 = -3.3933224497E-02  9.9183371981E-01  1.2294067078E-01
           DelSqRho = -4.3512272743E+05
           Bond Ellipticity = NA
           V = -1.0879086633E+05
           G =  5.0922389414E+00
           K =  1.0878577410E+05
           L =  1.0878068186E+05
           Vnuc =  3.6327434538E+06
           Ven = -4.2759474710E+08
           Vrep =  4.2748595623E+08
           DelSqV =  2.4958884724E+09
           DelSqVen =  1.5806890148E+12
           DelSqVrep = -1.5781931263E+12
           DelSqG =  1.3406712267E+08
           DelSqK = -2.6299555950E+09
           Stress_EigVals = -3.6263896412E+04 -3.6263700796E+04 -3.6263269126E+04
           Stress_EigVec1 = -1.3161011566E-01  9.5158821759E-01  2.7777444375E-01
           Stress_EigVec2 = -4.3235180355E-01 -3.0725752811E-01  8.4774095653E-01
           Stress_EigVec3 =  8.9204859476E-01 -8.5249963927E-03  4.5185908093E-01
           -DivStress =  4.3529761817E+00 -1.3153773536E+03  2.6373491570E+02
           ESP =  -1.4751722528E+01     ESP at Nucleus =  -1.4751722551E+01
           ESPe = -3.0957625645E+01     ESPe at Nucleus = -3.0957626872E+01
           ESPn =  1.6205903117E+01     ESPn at Nucleus =  1.6205904321E+01

CP# 8      Coords =  3.71987459096828E+00 -1.26479174052043E+00  2.19629080256144E+00
           Type = (3,-3) NACP C8
           Rho =  1.1770572197E+02     Rho at Nucleus =  1.1770572178E+02
           GradRho = -3.4300424263E-11 -9.9157790365E-10 -2.0908128306E-10
           HessRho_EigVals = -1.4504151895E+05 -1.4504074088E+05 -1.4504038921E+05
           HessRho_EigVec1 =  8.7966821524E-01  2.9128187580E-02  4.7469503871E-01
           HessRho_EigVec2 = -4.7435153872E-01  1.2566011123E-01  8.7132092489E-01
           HessRho_EigVec3 =  3.4270232024E-02  9.9164564494E-01 -1.2435620637E-01
           DelSqRho = -4.3512264904E+05
           Bond Ellipticity = NA
           V = -1.0879084670E+05
           G =  5.0922198240E+00
           K =  1.0878575448E+05
           L =  1.0878066226E+05
           Vnuc =  3.6334214152E+06
           Ven = -4.2767449091E+08
           Vrep =  4.2756570006E+08
           DelSqV =  2.4958880238E+09
           DelSqVen =  1.5809837793E+12
           DelSqVrep = -1.5784879077E+12
           DelSqG =  1.3406709156E+08
           DelSqK = -2.6299551154E+09
           Stress_EigVals = -3.6263889908E+04 -3.6263694257E+04 -3.6263262534E+04
           Stress_EigVec1 =  1.3185454106E-01  9.5119652258E-01 -2.7899741116E-01
           Stress_EigVec2 = -4.3232502263E-01  3.0845754815E-01  8.4731872150E-01
           Stress_EigVec3 =  8.9202547879E-01  8.8947409362E-03  4.5189758660E-01
           -DivStress =  4.2588075494E+00  1.3153723420E+03  2.6250442461E+02
           ESP =  -1.4751721637E+01     ESP at Nucleus =  -1.4751721661E+01
           ESPe = -3.0955426765E+01     ESPe at Nucleus = -3.0955427994E+01
           ESPn =  1.6203705127E+01     ESPn at Nucleus =  1.6203706333E+01

CP# 9      Coords =  4.82421170827928E+00  2.32994966070943E+00 -2.16995025833956E-01
           Type = (3,-3) NACP C9
           Rho =  1.1754381535E+02     Rho at Nucleus =  1.1754381533E+02
           GradRho =  6.0735609250E-11 -6.0979817766E-11  3.3253031622E-11
           HessRho_EigVals = -1.4484295274E+05 -1.4484265393E+05 -1.4484257124E+05
           HessRho_EigVec1 = -5.4204024538E-01  2.9312648733E-01  7.8757173312E-01
           HessRho_EigVec2 =  8.9735892779E-03 -9.3511967481E-01  3.5421839093E-01
           HessRho_EigVec3 =  8.4030461565E-01  1.9906796879E-01  5.0424210129E-01
           DelSqRho = -4.3452817791E+05
           Bond Ellipticity = NA
           V = -1.0864238615E+05
           G =  5.1708347371E+00
           K =  1.0863721531E+05
           L =  1.0863204448E+05
           Vnuc =  1.0289045749E+07
           Ven = -1.2094136937E+09
           Vrep =  1.2093050513E+09
           DelSqV =  2.4924975338E+09
           DelSqVen =  4.4708800758E+12
           DelSqVrep = -4.4683875782E+12
           DelSqG =  1.3388509416E+08
           DelSqK = -2.6263826280E+09
           Stress_EigVals = -3.6214194684E+04 -3.6214169200E+04 -3.6214022263E+04
           Stress_EigVec1 =  8.3366837951E-01  3.7172550717E-01  4.0843258969E-01
           Stress_EigVec2 =  1.6671802855E-01 -8.7445089905E-01  4.5556637728E-01
           Stress_EigVec3 = -5.2649988790E-01  3.1169820735E-01  7.9097540769E-01
           -DivStress =  2.3819690769E+01  3.3390427202E+02 -3.3549543999E+02
           ESP =  -1.4744683707E+01     ESP at Nucleus =  -1.4744683707E+01
           ESPe = -3.0295851801E+01     ESPe at Nucleus = -3.0295851072E+01
           ESPn =  1.5551168094E+01     ESPn at Nucleus =  1.5551167364E+01

CP# 10     Coords =  6.10815590547957E+00 -4.61532981943792E-03 -1.44379766235729E+00
           Type = (3,-3) NACP C10
           Rho =  1.1754608104E+02     Rho at Nucleus =  1.1754608100E+02
           GradRho = -7.2258460548E-11  6.5648940446E-14  6.6889373997E-11
           HessRho_EigVals = -1.4484495695E+05 -1.4484459818E+05 -1.4484438568E+05
           HessRho_EigVec1 =  1.1544711795E-04  9.9999979303E-01 -6.3294645114E-04
           HessRho_EigVec2 =  8.0673884363E-01 -4.6714886883E-04 -5.9090796233E-01
           HessRho_EigVec3 =  5.9090813571E-01  4.4240386685E-04  8.0673873059E-01
           DelSqRho = -4.3453394081E+05
           Bond Ellipticity = NA
           V = -1.0864378081E+05
           G =  5.1478024126E+00
           K =  1.0863863300E+05
           L =  1.0863348520E+05
           Vnuc =  8.1418268338E+06
           Ven = -9.5703983681E+08
           Vrep =  9.5693119303E+08
           DelSqV =  2.4925288176E+09
           DelSqVen =  3.5378994872E+12
           DelSqVrep = -3.5354069584E+12
           DelSqG =  1.3388596961E+08
           DelSqK = -2.6264147872E+09
           Stress_EigVals = -3.6214692528E+04 -3.6214621810E+04 -3.6214466468E+04
           Stress_EigVec1 =  5.4130012859E-01  4.6948697825E-04  8.4082932297E-01
           Stress_EigVec2 =  8.4082944858E-01 -4.1622901748E-04 -5.4129997705E-01
           Stress_EigVec3 =  9.5844272417E-05  9.9999980317E-01 -6.2006329772E-04
           -DivStress =  4.2763537944E+02 -1.4638386331E-01 -4.2024143220E+02
           ESP =  -1.4746941976E+01     ESP at Nucleus =  -1.4746941977E+01
           ESPe = -2.9654181768E+01     ESPe at Nucleus = -2.9654180524E+01
           ESPn =  1.4907239792E+01     ESPn at Nucleus =  1.4907238547E+01

CP# 11     Coords =  4.82393673735283E+00 -2.33752611072493E+00 -2.14137767162649E-01
           Type = (3,-3) NACP C11
           Rho =  1.1754378853E+02     Rho at Nucleus =  1.1754378851E+02
           GradRho = -5.0535687614E-11  2.7116609739E-11  3.0366214101E-11
           HessRho_EigVals = -1.4484290988E+05 -1.4484261122E+05 -1.4484252875E+05
           HessRho_EigVec1 = -5.4211874105E-01 -2.9218098879E-01  7.8786898682E-01
           HessRho_EigVec2 =  1.1170588248E-02  9.3501361948E-01  3.5443581837E-01
           HessRho_EigVec3 = -8.4022764091E-01  2.0094725969E-01 -5.0362457274E-01
           DelSqRho = -4.3452804985E+05
           Bond Ellipticity = NA
           V = -1.0864235409E+05
           G =  5.1708121237E+00
           K =  1.0863718327E+05
           L =  1.0863201246E+05
           Vnuc =  1.0304996054E+07
           Ven = -1.2112882769E+09
           Vrep =  1.2111796346E+09
           DelSqV =  2.4924967892E+09
           DelSqVen =  4.4778080174E+12
           DelSqVrep = -4.4753155206E+12
           DelSqG =  1.3388504515E+08
           DelSqK = -2.6263818344E+09
           Stress_EigVals = -3.6214183951E+04 -3.6214158512E+04 -3.6214011623E+04
           Stress_EigVec1 = -8.3324423083E-01  3.7322173679E-01 -4.0793331193E-01
           Stress_EigVec2 =  1.6859275323E-01  8.7416900902E-01  4.5541742087E-01
           Stress_EigVec3 = -5.2657433981E-01 -3.1069933837E-01  7.9131876370E-01
           -DivStress =  2.4577778410E+01 -3.3388722227E+02 -3.3441449046E+02
           ESP =  -1.4744673600E+01     ESP at Nucleus =  -1.4744673600E+01
           ESPe = -3.0292592080E+01     ESPe at Nucleus = -3.0292591351E+01
           ESPn =  1.5547918480E+01     ESPn at Nucleus =  1.5547917750E+01

CP# 12     Coords = -3.00526523508585E+00  5.26765218097362E+00 -2.34049594179288E-01
           Type = (3,-3) NACP C12
           Rho =  1.1752368607E+02     Rho at Nucleus =  1.1752368589E+02
           GradRho =  1.7892446281E-10 -8.7384634377E-10 -1.0074700319E-10
           HessRho_EigVals = -1.4481782841E+05 -1.4481734160E+05 -1.4481712805E+05
           HessRho_EigVec1 =  1.8155817580E-02  9.9973042971E-01  1.4471841352E-02
           HessRho_EigVec2 =  8.3619500556E-01 -2.3117805753E-02  5.4794477800E-01
           HessRho_EigVec3 = -5.4813162558E-01 -2.1528960266E-03  8.3638931490E-01
           DelSqRho = -4.3445229807E+05
           Bond Ellipticity = NA
           V = -1.0862369364E+05
           G =  5.3095624546E+00
           K =  1.0861838408E+05
           L =  1.0861307452E+05
           Vnuc =  3.7632102302E+06
           Ven = -4.4226633773E+08
           Vrep =  4.4215771403E+08
           DelSqV =  2.4920674448E+09
           DelSqVen =  1.6349354394E+12
           DelSqVrep = -1.6324433719E+12
           DelSqG =  1.3386186114E+08
           DelSqK = -2.6259293060E+09
           Stress_EigVals = -3.6207988794E+04 -3.6207929444E+04 -3.6207775404E+04
           Stress_EigVec1 = -5.4127990482E-01 -1.1179279597E-02  8.4076815374E-01
           Stress_EigVec2 =  8.4072409016E-01 -2.3973809279E-02  5.4093276911E-01
           Stress_EigVec3 =  1.4109176696E-02  9.9965007887E-01  2.2375230872E-02
           -DivStress = -2.3070939647E+02  1.2625732037E+03  1.4137770083E+02
           ESP =  -1.4722206086E+01     ESP at Nucleus =  -1.4722206095E+01
           ESPe = -2.8984692341E+01     ESPe at Nucleus = -2.8984689524E+01
           ESPn =  1.4262486255E+01     ESPn at Nucleus =  1.4262483429E+01

CP# 13     Coords = -3.02321458109278E+00 -5.26338778214873E+00 -2.33927658596458E-01
           Type = (3,-3) NACP C13
           Rho =  1.1752368220E+02     Rho at Nucleus =  1.1752368201E+02
           GradRho =  1.8494349970E-10  9.0994300807E-10 -1.0295750851E-10
           HessRho_EigVals = -1.4481782588E+05 -1.4481733903E+05 -1.4481712548E+05
           HessRho_EigVec1 = -1.4743315579E-02  9.9978500095E-01 -1.4580347390E-02
           HessRho_EigVec2 =  8.3637586917E-01  2.0322138499E-02  5.4777953244E-01
           HessRho_EigVec3 = -5.4795806420E-01  4.1185642061E-03  8.3649566485E-01
           DelSqRho = -4.3445229039E+05
           Bond Ellipticity = NA
           V = -1.0862369170E+05
           G =  5.3095517114E+00
           K =  1.0861838215E+05
           L =  1.0861307260E+05
           Vnuc =  3.7630718939E+06
           Ven = -4.4225006535E+08
           Vrep =  4.4214144166E+08
           DelSqV =  2.4920674095E+09
           DelSqVen =  1.6348752118E+12
           DelSqVrep = -1.6323831444E+12
           DelSqG =  1.3386186081E+08
           DelSqK = -2.6259292703E+09
           Stress_EigVals = -3.6207988134E+04 -3.6207928809E+04 -3.6207774757E+04
           Stress_EigVec1 = -5.4115004366E-01  1.3237562839E-02  8.4082185817E-01
           Stress_EigVec2 =  8.4085958549E-01  2.1089372799E-02  5.4084230219E-01
           Stress_EigVec3 = -1.0572971663E-02  9.9968995458E-01 -2.2543446613E-02
           -DivStress = -2.3394635215E+02 -1.2616194507E+03  1.4495890558E+02
           ESP =  -1.4722204968E+01     ESP at Nucleus =  -1.4722204978E+01
           ESPe = -2.8980687204E+01     ESPe at Nucleus = -2.8980684389E+01
           ESPn =  1.4258482236E+01     ESPn at Nucleus =  1.4258479411E+01

CP# 14     Coords =  2.98160645495025E+00  2.42059683232261E+00  3.67449285496127E+00
           Type = (3,-3) NACP H14
           Rho =  4.2630453500E-01     Rho at Nucleus =  4.2268436845E-01
           GradRho = -8.7700520809E-17 -5.6988384632E-16 -1.1248116848E-15
           HessRho_EigVals = -6.5067312217E+00 -6.5006961701E+00 -5.9115840150E+00
           HessRho_EigVec1 =  2.2696508833E-01  8.2135668815E-01 -5.2331638566E-01
           HessRho_EigVec2 = -9.0251934190E-01 -2.4543730541E-02 -4.2994934909E-01
           HessRho_EigVec3 = -3.6598590980E-01  5.6988665199E-01  7.3571972769E-01
           DelSqRho = -1.8919011407E+01
           Bond Ellipticity = NA
           V = -4.7389832328E+00
           G =  4.6151905434E-03
           K =  4.7343680423E+00
           L =  4.7297528517E+00
           Vnuc =  4.4771921270E+01
           Ven = -1.9086473078E+01
           Vrep =  1.4347489845E+01
           DelSqV =  7.1295344191E+02
           DelSqVen =  8.4704048921E+02
           DelSqVrep = -1.3408704730E+02
           DelSqG =  7.0308923539E+01
           DelSqK = -7.8326236545E+02
           Stress_EigVals = -1.6299644110E+00 -1.6293409650E+00 -1.4796778567E+00
           Stress_EigVec1 =  2.9556402088E-01  8.1974873457E-01 -4.9056490063E-01
           Stress_EigVec2 = -8.8272848458E-01  3.7998759954E-02 -4.6834444243E-01
           Stress_EigVec3 = -3.6528390612E-01  5.7146137788E-01  7.3484662449E-01
           -DivStress = -2.8649757779E+00  4.4705357533E+00  5.7668953909E+00
           ESP =  -1.1098004148E+00     ESP at Nucleus =  -1.1122562703E+00
           ESPe = -1.6937805952E+01     ESPe at Nucleus = -1.6850097781E+01
           ESPn =  1.5828005537E+01     ESPn at Nucleus =  1.5737841511E+01

CP# 15     Coords =  2.98110222339402E+00 -2.42323866529089E+00  3.67730823357805E+00
           Type = (3,-3) NACP H15
           Rho =  4.2630254396E-01     Rho at Nucleus =  4.2268219842E-01
           GradRho = -8.0121905272E-16  6.3080489111E-16  2.1293984777E-17
           HessRho_EigVals = -6.5066782340E+00 -6.5006436279E+00 -5.9115120598E+00
           HessRho_EigVec1 =  2.2679002935E-01 -8.2200215673E-01 -5.2237796367E-01
