AIMSum (Version 19.02.13, Professional)
Copyright (c) 1997-2019 by Todd A. Keith
AIMSum is a component of the AIMAll package ( http://aim.tkgristmill.com )

TP:  64-bit Linux

Much of the Quantum Theory of Atoms in Molecules (QTAIM) is described in the book:
  "Atoms in Molecules - A Quantum Theory"
  R.F.W. Bader, Oxford University Press, Oxford, 1990

For additional references see:  http://aim.tkgristmill.com/references.html

Wfn File:  /home/mhennefarth/Documents/ML_Diels/summary-N-liu2013/3d-opt/3d-opt.wfn
Sum File:  /home/mhennefarth/Documents/ML_Diels/summary-N-liu2013/3d-opt/3d-opt.sum

SumViz File:  /home/mhennefarth/Documents/ML_Diels/summary-N-liu2013/3d-opt/3d-opt.sumviz

Wfn Title:   Title Card Required                                                           
 
Total memory allocated for AIMSum =        1.645 Megabytes

Atomic units (a.u.) used throughout, except where stated otherwise

Model:  Restricted SCF
 
Restricted, closed-shell, single-determinant wavefunction.
  Number of electrons (from MO Occs)                   =         104.0000000000
  Number of Alpha electrons (from MO Occs)             =          52.0000000000
  Number of Beta electrons (from MO Occs)              =          52.0000000000
  Number of electron pairs (N*(N-1)/2)                 =        5356.0000000000
  Number of electron pairs (from Muller 2EDM)          =        5356.0000000000
 
Nuclear Charges and Cartesian Coordinates:
-------------------------------------------------------------------------------
Atom      Charge                X                  Y                  Z
-------------------------------------------------------------------------------
C1         6.0          -3.0744648800E+00   2.7231107200E+00  -3.9646322000E-01
N2         7.0          -2.0590186900E+00   1.2074577400E+00  -2.1735708800E+00
N3         7.0          -2.5895498000E+00  -1.2231695900E+00  -2.0708771800E+00
C4         6.0          -4.1075802400E+00  -2.0308871300E+00  -1.9210323000E-01
N5         7.0          -5.1867210400E+00  -5.1021080000E-01   1.5278692700E+00
N6         7.0          -4.6589014800E+00   1.9333625500E+00   1.4206044000E+00
C7         6.0           3.6299267000E+00   4.0104314000E-01   2.8674437200E+00
C8         6.0           3.0844198800E+00  -1.9705798600E+00   2.1825387400E+00
C9         6.0           5.0701690800E+00   2.2231170200E+00   1.2088973700E+00
C10        6.0           5.2323761100E+00   1.2997384300E+00  -1.5411457300E+00
C11        6.0           5.9020760900E+00  -1.5209295700E+00  -1.6454367200E+00
C12        6.0           3.8778613800E+00  -3.1186737600E+00  -3.0651695000E-01
C13        6.0          -4.6378476800E+00  -4.8090500200E+00  -3.5990490000E-02
C14        6.0          -2.4003385600E+00   5.4727952900E+00  -4.7457595000E-01
H15        1.0           3.0338981700E+00   1.0856509900E+00   4.7162127800E+00
H16        1.0           2.0207324000E+00  -3.1729983900E+00   3.4740044100E+00
H17        1.0           6.9823119700E+00   2.4973197100E+00   1.9868279200E+00
H18        1.0           4.1782477600E+00   4.0989905900E+00   1.2841234400E+00
H19        1.0           3.3994917200E+00   1.5939285100E+00  -2.4691346400E+00
H20        1.0           6.6277754800E+00   2.4202249200E+00  -2.5877859100E+00
H21        1.0           7.7363815100E+00  -1.8227359300E+00  -7.1833521000E-01
H22        1.0           6.1155736100E+00  -2.1452615800E+00  -3.6101306800E+00
H23        1.0           4.5816942100E+00  -5.0475020600E+00   7.9841400000E-03
H24        1.0           2.2092562700E+00  -3.3188625200E+00  -1.5339135500E+00
H25        1.0          -2.5072412000E+00   6.1887438200E+00  -2.4106370500E+00
H26        1.0          -3.6671789200E+00   6.5459698100E+00   7.4981628000E-01
H27        1.0          -4.5360126000E-01   5.7459772300E+00   1.8109499000E-01
H28        1.0          -6.1393107500E+00  -5.1641527700E+00   1.3331526700E+00
H29        1.0          -5.1832231300E+00  -5.5465576400E+00  -1.8890508300E+00
H30        1.0          -2.9350580600E+00  -5.8289196600E+00   5.5770681000E-01
 
Some Atomic Properties:
----------------------
  q(A) = Net Charge of Atom A
  L(A) = Lagrangian of Atom A = -(1/4) Times Atomic Integral of the Laplacian of the Electron Density
  K(A) = Electronic Kinetic Energy of Atom A (Hamiltonian Form)
  K_Scaled(A) = K(A) * E(Mol)/K(Mol) = Approximation to Virial-Based Total Energy of Atom A.
  |Mu_Intra(A)| = Magnitude of Intraatomic Dipole Moment of Atom A
--------------------------------------------------------------------------------------------------
Atom A          q(A)              L(A)              K(A)          K_Scaled(A)      |Mu_Intra(A)|
--------------------------------------------------------------------------------------------------
C1        1.0386969616E+00 -4.5606545685E-04  3.7137140923E+01 -3.7496095530E+01  6.1485922225E-01
N2       -5.8876119310E-01  2.7898738650E-05  5.4568447408E+01 -5.5095886922E+01  6.6914401967E-01
N3       -5.8984950430E-01 -7.6312621412E-05  5.4569731773E+01 -5.5097183701E+01  6.6785730570E-01
C4        1.0373238368E+00 -3.8972128499E-04  3.7138064982E+01 -3.7497028519E+01  6.1438308900E-01
N5       -5.9981914690E-01  5.3033838921E-05  5.4580028680E+01 -5.5107580134E+01  6.7041939112E-01
N6       -5.9933108180E-01  5.1201416205E-05  5.4580083993E+01 -5.5107635982E+01  6.7009388883E-01
C7       -6.9944123200E-02  4.7169372005E-04  3.7722606454E+01 -3.8087219965E+01  7.2449698290E-02
C8       -6.9380527800E-02  4.6146812178E-04  3.7722960148E+01 -3.8087577077E+01  6.6456381350E-02
C9        1.6984693800E-02 -2.1976277780E-04  3.7672372461E+01 -3.8036500427E+01  7.2289589745E-02
C10       1.6869385200E-02  1.7998400256E-04  3.7674211793E+01 -3.8038357538E+01  8.2279247139E-02
C11       2.1901153000E-02 -3.7092223042E-05  3.7669732562E+01 -3.8033835012E+01  7.1126644662E-02
C12       1.3435107200E-02  2.3647680899E-04  3.7676262979E+01 -3.8040428550E+01  8.9180630550E-02
C13      -9.1833670000E-03  7.5609273458E-05  3.7704579458E+01 -3.8069018727E+01  1.8169378368E-01
C14      -9.1735987000E-03 -6.4461477093E-05  3.7705029135E+01 -3.8069472750E+01  1.8281055084E-01
H15       2.3214072420E-02  2.5296181386E-05  6.0532295917E-01 -6.1117379903E-01  1.5439321380E-01
H16       1.8971863140E-02  1.9532564798E-05  6.0679285854E-01 -6.1265790593E-01  1.5511717890E-01
H17       5.6932128200E-03  3.2368459452E-05  6.1216605060E-01 -6.1808303339E-01  1.5856984157E-01
H18      -4.1703755000E-03  2.5893527079E-05  6.1676146026E-01 -6.2272286067E-01  1.5798079395E-01
H19       1.5675898050E-02  1.6227427444E-05  6.1148682961E-01 -6.1739724728E-01  1.4582342127E-01
H20      -4.3680612000E-03  2.5958431241E-05  6.1815795952E-01 -6.2413285801E-01  1.5852687658E-01
H21      -6.9315525000E-03  3.5347331228E-05  6.1926374458E-01 -6.2524933119E-01  1.5997455151E-01
H22      -3.6701100000E-04  2.6393677188E-05  6.1683993372E-01 -6.2280209263E-01  1.5750679366E-01
H23       2.5923495900E-03  2.8876143771E-05  6.1452037695E-01 -6.2046011583E-01  1.5804266923E-01
H24       2.3877474150E-02  4.4811970491E-05  6.0646585575E-01 -6.1232774245E-01  1.4469652434E-01
H25       5.2629877440E-02  2.5613395342E-05  5.8949234996E-01 -5.9519017670E-01  1.4557217797E-01
H26       5.5857821900E-02  2.2836000901E-05  5.8938437183E-01 -5.9508115488E-01  1.4549541941E-01
H27       5.0068400720E-02  3.1124952789E-05  5.8930281013E-01 -5.9499880484E-01  1.4279938442E-01
H28       5.6149063600E-02  2.2141356219E-05  5.8933841220E-01 -5.9503475103E-01  1.4541169383E-01
H29       5.2427765820E-02  2.3917548748E-05  5.8939964833E-01 -5.9509657904E-01  1.4548261384E-01
H30       4.9538870230E-02  2.5911403087E-05  5.8946755462E-01 -5.9516514169E-01  1.4482257507E-01
--------------------------------------------------------------------------------------------------
Total     6.2826448000E-04  7.4620045059E-04  6.0378541592E+02 -6.0962139443E+02
 
1st Largest |L(A)| = 4.7169372005E-04, atom C7      
2nd Largest |L(A)| = 4.6146812178E-04, atom C8      
 
Molecular charge q(Mol) from the wfn file:   0.0000000000E+00
Molecular energy E(Mol) from the wfn file:  -6.0962112700E+02
Molecular virial ratio (-V(Mol)/T(Mol)) from the wfn file:   2.0096656500E+00
Note.  K_Scaled(A) = (1+V(Mol)/T(Mol))*K(A) = (E(Mol)/T(Mol))*K(A)
       Only use K_Scaled(A) data with caution.
 
N_AIMInt(SumA)     =        103.999372
N_Analytic(Mol)    =        103.999988
 
G_AIMInt(SumA)     =        603.784670
G_Analytic(Mol)    =        603.785121
 
K_AIMInt(SumA)     =        603.785416
K_Analytic(Mol)    =        603.785121
 
L_AIMInt(SumA)     =          0.000746
L_Analytic(Mol)    =          0.000000
 
VenT_AIMInt(SumA)  =      -3177.998600
VenT_Analytic(Mol) =      -3178.003356
 
Some Information About the Atomic Calculations:
----------------------------------------------
  Time(sec) = "Elapsed User Time", in Seconds, for Atom A by AIMInt and, if used, by TWOe
  NProc = Number of Processors Used for AIMInt Job
  BIM = Basin Integration Method
  OAQ = Angular Quadrature Outside of Beta Sphere
  ORQ = Multiple of Default for Radial Quadrature Outside of Beta Sphere
  IAQ = Multiple of Default for Angular Quadrature Inside of Beta Sphere
  IRQ = Multiple of Default for Radial Quadrature Inside of Beta Sphere
  MIR = Maximum Integration Radius
------------------------------------------------------------------------------------------------------
Atom A     Time(sec)   NProc      BIM          OAQ                     ORQ      IAQ      IRQ      MIR
------------------------------------------------------------------------------------------------------
C1             34        8     Proaim(5)    4500(GS4)                  1.00     1.00     1.00    13.00
N2            129        8    Promega(1)    4500(GS4)                  1.00     1.00     1.00    13.00
N3            103        8     Proaim(5)    4500(GS4)                  1.00     1.00     1.00    13.00
C4             40        8     Proaim(5)    4500(GS4)                  1.00     1.00     1.00    13.00
N5             20        8     Proaim(5)    4500(GS4)                  1.00     1.00     1.00    13.00
N6             21        8     Proaim(5)    4500(GS4)                  1.00     1.00     1.00    13.00
C7            104        8    Promega(1)    4500(GS4)                  1.00     1.00     1.00    13.00
C8            104        8    Promega(1)    4500(GS4)                  1.00     1.00     1.00    13.00
C9             39        8     Proaim(5)    4500(GS4)                  1.00     1.00     1.00    13.00
C10            40        8     Proaim(5)    5400(GS5)                  1.00     1.00     1.00    13.00
C11            33        8     Proaim(5)    5400(GS5)                  1.00     1.00     1.00    13.00
C12           387        8    Promega(5)    4500(GS4)                  1.00     1.00     1.00    13.00
C13            35        8     Proaim(5)    4500(GS4)                  1.00     1.00     1.00    13.00
C14            31        8     Proaim(5)    4500(GS4)                  1.00     1.00     1.00    13.00
H15             7        8     Proaim(5)    1800(GS4)                  1.00     1.00     1.00    13.00
H16            10        8     Proaim(5)    1800(GS4)                  1.00     1.00     1.00    13.00
H17             7        8     Proaim(5)    1800(GS4)                  1.00     1.00     1.00    13.00
H18            17        8     Proaim(5)    4500(GS4)                  1.00     1.00     1.00    13.00
H19            97        8    Promega(1)    4500(GS4)                  1.00     1.00     1.00    13.00
H20             6        8     Proaim(5)    1800(GS4)                  1.00     1.00     1.00    13.00
H21             9        8     Proaim(5)    1800(GS4)                  1.00     1.00     1.00    13.00
H22             8        8     Proaim(5)    1800(GS4)                  1.00     1.00     1.00    13.00
H23             7        8     Proaim(5)    1800(GS4)                  1.00     1.00     1.00    13.00
H24            96        8    Promega(1)    4500(GS4)                  1.00     1.00     1.00    13.00
H25             7        8     Proaim(5)    1800(GS4)                  1.00     1.00     1.00    13.00
H26             8        8     Proaim(5)    1800(GS4)                  1.00     1.00     1.00    13.00
H27            17        8     Proaim(5)    4500(GS4)                  1.00     1.00     1.00    13.00
H28             6        8     Proaim(5)    1800(GS4)                  1.00     1.00     1.00    13.00
H29             6        8     Proaim(5)    1800(GS4)                  1.00     1.00     1.00    13.00
H30            11        8     Proaim(5)    1800(GS4)                  1.00     1.00     1.00    13.00
------------------------------------------------------------------------------------------------------
Total        1439
Note:  Total wall clock time is less than total of atomic times if more than one atom
       was calculated at a time
 
Electron Density Critical Point Analysis of Molecular Structure:               
---------------------------------------------------------------                
  NACP = Nuclear Attractor Critical Point                                      
  NNACP = Non-Nuclear Attractor Critical Point                                 
  BCP = Bond Critical Point                                                    
  RCP = Ring Critical Point                                                    
  CCP = Cage Critical Point                                                    
  Rho = Electron Density                                                       
  GradRho = Gradient of Electron Density                                       
  HessRho_EigVals = Eigenvalues of the Hessian of Rho, Ascending Order         
  HessRho_EigVecs = Eigenvectors of the Hessian of Rho                         
  DelSqRho = Laplacian of Rho = Trace of Hessian of Rho                        
  Bond Ellipticity = (HessRho_EigVal(1) / HessRho_EigVal(2)) - 1               
  V = Virial Field = Potential Energy Density = Trace of Stress Tensor         
  G = Lagrangian Form of Kinetic Energy Density                                
  K = Hamiltonian Form of Kinetic Energy Density                               
  L = K - G = Lagrangian Density = (-1/4)DelSqRho                              
  Vnuc = Electrostatic Potential from Nuclei                                   
  Ven = Electron-nuclear attractive contribution to Virial Field V             
  Vrep = V - Ven = Repulsive contribution to Virial Field V                    
  DelSqV = Laplacian of V                                                      
  DelSqVen = Laplacian of Ven                                                  
  DelSqVrep = Laplacian of Vrep                                                
  DelSqG = Laplacian of G                                                      
  DelSqK = Laplacian of K                                                      
  Stress_EigVals = Eigenvalues of Stress Tensor, Ascending Order               
  Stress_EigVecs = Eigenvectors of Stress Tensor                               
  -DivStress = Ehrenfest Force Density = Minus Divergence of Stress Tensor     
  ESP = Total Electrostatic Potential                                          
  ESPe = Electrostatic Potential from Electrons                                
  ESPn = Electrostatic Potential from Nuclei                                   
  BP = Bond Path                                                               
  BPL = Bond Path Length                                                       
  GBL = Geometric Bond Length                                                  
  GBL_I = Distance Between Nuclear Attractors                                  
  GBL_II = Distance Between Nuclei                                             
  GBL_III = Sum of Distances Between BCP and Nuclear Attractors                
  GBL_IV = Sum of Distances Between BCP and Nuclei                             

CP# 1      Coords = -3.07446513487952E+00  2.72310944093311E+00 -3.96463276017287E-01
           Type = (3,-3) NACP C1
           Rho =  1.1763300904E+02     Rho at Nucleus =  1.1763300892E+02
           GradRho = -9.7862988546E-11 -4.6883286142E-10 -2.5934248672E-11
           HessRho_EigVals = -1.4491131778E+05 -1.4491018784E+05 -1.4490970749E+05
           HessRho_EigVec1 =  7.7989991322E-01 -1.6082321499E-01  6.0489008826E-01
           HessRho_EigVec2 = -5.7670644519E-01  1.9093410453E-01  7.9432603117E-01
           HessRho_EigVec3 =  2.4324021343E-01  9.6833881532E-01 -5.6161706930E-02
           DelSqRho = -4.3473121310E+05
           Bond Ellipticity = NA
           V = -1.0869304546E+05
           G =  5.1210906996E+00
           K =  1.0868792437E+05
           L =  1.0868280328E+05
           Vnuc =  4.5962516566E+06
           Ven = -5.4067091268E+08
           Vrep =  5.4056221964E+08
           DelSqV =  2.4936078050E+09
           DelSqVen =  1.9981342474E+12
           DelSqVrep = -1.9956406396E+12
           DelSqG =  1.3390603765E+08
           DelSqK = -2.6275138426E+09
           Stress_EigVals = -3.6231283028E+04 -3.6231159669E+04 -3.6230602761E+04
           Stress_EigVec1 =  2.5915779422E-01  9.6342559666E-01 -6.8178863234E-02
           Stress_EigVec2 = -5.6883602117E-01  2.0930099446E-01  7.9537329270E-01
           Stress_EigVec3 =  7.8055289296E-01 -1.6734459483E-01  6.0227316715E-01
           -DivStress =  2.0604288580E+02  1.0387468594E+03  4.4265242055E+01
           ESP =  -1.4646130496E+01     ESP at Nucleus =  -1.4646130506E+01
           ESPe = -3.3913141521E+01     ESPe at Nucleus = -3.3913139922E+01
           ESPn =  1.9267011025E+01     ESPn at Nucleus =  1.9267009417E+01

CP# 2      Coords = -2.05902688360748E+00  1.20745162374927E+00 -2.17356121227922E+00
           Type = (3,-3) NACP N2
           Rho =  1.9140415468E+02     Rho at Nucleus =  1.9140412280E+02
           GradRho = -6.9664274349E-12  2.3471391497E-11  2.2026824809E-12
           HessRho_EigVals = -3.2209005337E+05 -3.2208850874E+05 -3.2207884017E+05
           HessRho_EigVec1 = -8.0442971966E-01  1.8073804109E-01 -5.6588566569E-01
           HessRho_EigVec2 =  2.8311736899E-03  9.5374838249E-01  3.0059275999E-01
           HessRho_EigVec3 = -5.9404108493E-01 -2.4020362904E-01  7.6773524473E-01
           DelSqRho = -9.6625740229E+05
           Bond Ellipticity = NA
           V = -2.4159696160E+05
           G =  1.6305512744E+01
           K =  2.4158065608E+05
           L =  2.4156435057E+05
           Vnuc =  4.9747608417E+05
           Ven = -9.5218989367E+07
           Vrep =  9.4977392405E+07
           DelSqV =  7.5856968380E+09
           DelSqVen =  4.8068994874E+11
           DelSqVrep = -4.7310425190E+11
           DelSqG =  4.0658107436E+08
           DelSqK = -7.9922779123E+09
           Stress_EigVals = -8.0533861432E+04 -8.0531862448E+04 -8.0531237717E+04
           Stress_EigVec1 = -5.9447082855E-01 -2.0872477543E-01  7.7655547266E-01
           Stress_EigVec2 =  9.8712704036E-03  9.6375724273E-01  2.6659807784E-01
           Stress_EigVec3 = -8.0405658508E-01  1.6615036928E-01 -5.7086518791E-01
           -DivStress =  2.0218655760E+04  1.5100950751E+04 -2.3853089930E+04
           ESP =  -1.8298247846E+01     ESP at Nucleus =  -1.8298249307E+01
           ESPe = -3.6786731464E+01     ESPe at Nucleus = -3.6786706653E+01
           ESPn =  1.8488483618E+01     ESPn at Nucleus =  1.8488457346E+01

CP# 3      Coords = -2.58955451729586E+00 -1.22315988800275E+00 -2.07086817984793E+00
           Type = (3,-3) NACP N3
           Rho =  1.9140277058E+02     Rho at Nucleus =  1.9140273879E+02
           GradRho =  6.7338135068E-11 -2.8425928278E-11  5.7454485614E-11
           HessRho_EigVals = -3.2208784233E+05 -3.2208630787E+05 -3.2207663951E+05
           HessRho_EigVec1 =  8.1750085459E-01 -1.2349181713E-01  5.6253188696E-01
           HessRho_EigVec2 =  3.8684286091E-01  8.4134448787E-01 -3.7748119648E-01
           HessRho_EigVec3 = -4.2666726346E-01  5.2620264522E-01  7.3557176567E-01
           DelSqRho = -9.6625078971E+05
           Bond Ellipticity = NA
           V = -2.4159531326E+05
           G =  1.6307916195E+01
           K =  2.4157900534E+05
           L =  2.4156269743E+05
           Vnuc =  4.9826185939E+05
           Ven = -9.5368700362E+07
           Vrep =  9.5127105049E+07
           DelSqV =  7.5856454565E+09
           DelSqVen =  4.8144591514E+11
           DelSqVrep = -4.7386026970E+11
           DelSqG =  4.0657849069E+08
           DelSqK = -7.9922239472E+09
           Stress_EigVals = -8.0533311026E+04 -8.0531311901E+04 -8.0530690333E+04
           Stress_EigVec1 = -4.4003636085E-01  4.9869673587E-01  7.4677276782E-01
           Stress_EigVec2 =  3.8528578668E-01  8.5602921718E-01 -3.4462855644E-01
           Stress_EigVec3 =  8.1112444404E-01 -1.3607183750E-01  5.6882474570E-01
           -DivStress =  1.1636889370E+04 -2.3947705265E+04 -2.2204373984E+04
           ESP =  -1.8298273068E+01     ESP at Nucleus =  -1.8298274526E+01
           ESPe = -3.6634004046E+01     ESPe at Nucleus = -3.6633978140E+01
           ESPn =  1.8335730978E+01     ESPn at Nucleus =  1.8335703614E+01

CP# 4      Coords = -4.10757996138380E+00 -2.03088588299616E+00 -1.92103401452748E-01
           Type = (3,-3) NACP C4
           Rho =  1.1763340394E+02     Rho at Nucleus =  1.1763340382E+02
           GradRho =  1.2520382647E-10  4.4633652330E-10 -6.5580305075E-11
           HessRho_EigVals = -1.4491208869E+05 -1.4491096509E+05 -1.4491048814E+05
           HessRho_EigVec1 =  7.8960043524E-01 -1.2934097625E-01  5.9983503110E-01
           HessRho_EigVec2 = -5.8605066309E-01  1.3076865487E-01  7.9965253654E-01
           HessRho_EigVec3 =  1.8186745989E-01  9.8293970861E-01 -2.7454621908E-02
           DelSqRho = -4.3473354192E+05
           Bond Ellipticity = NA
           V = -1.0869362882E+05
           G =  5.1216706723E+00
           K =  1.0868850715E+05
           L =  1.0868338548E+05
           Vnuc =  4.6540611013E+06
           Ven = -5.4747304950E+08
           Vrep =  5.4736435587E+08
           DelSqV =  2.4936214247E+09
           DelSqVen =  2.0232760852E+12
           DelSqVrep = -2.0207824638E+12
           DelSqG =  1.3390703256E+08
           DelSqK = -2.6275284572E+09
           Stress_EigVals = -3.6231476234E+04 -3.6231354036E+04 -3.6230798551E+04
           Stress_EigVec1 =  1.6597970386E-01  9.8599855361E-01 -1.6049616166E-02
           Stress_EigVec2 = -5.8728767223E-01  1.1191017809E-01  8.0160420539E-01
           Stress_EigVec3 =  7.9217670248E-01 -1.2362428690E-01  5.9763961359E-01
           -DivStress = -2.2686348898E+02 -1.0125194614E+03  1.3814834121E+02
           ESP =  -1.4646077761E+01     ESP at Nucleus =  -1.4646077770E+01
           ESPe = -3.3688859304E+01     ESPe at Nucleus = -3.3688857630E+01
           ESPn =  1.9042781544E+01     ESPn at Nucleus =  1.9042779860E+01

CP# 5      Coords = -5.18671242970629E+00 -5.10204756572183E-01  1.52785977009462E+00
           Type = (3,-3) NACP N5
           Rho =  1.9141320441E+02     Rho at Nucleus =  1.9141317205E+02
           GradRho =  5.0154325137E-11  1.0475592616E-11 -2.1158186314E-11
           HessRho_EigVals = -3.2210213863E+05 -3.2210061618E+05 -3.2209092905E+05
           HessRho_EigVec1 = -7.7015318193E-01  1.0565684335E-01 -6.2904746070E-01
           HessRho_EigVec2 = -6.8965386021E-02  9.6661167805E-01  2.4679067929E-01
           HessRho_EigVec3 = -6.3411974571E-01 -2.3344912788E-01  7.3715239455E-01
           DelSqRho = -9.6629368386E+05
           Bond Ellipticity = NA
           V = -2.4160596933E+05
           G =  1.6274183938E+01
           K =  2.4158969515E+05
           L =  2.4157342096E+05
           Vnuc =  4.9387166742E+05
           Ven = -9.4533558428E+07
           Vrep =  9.4291952458E+07
           DelSqV =  7.5859744180E+09
           DelSqVen =  4.7722507318E+11
           DelSqVrep = -4.6963909877E+11
           DelSqG =  4.0659184225E+08
           DelSqK = -7.9925662603E+09
           Stress_EigVals = -8.0536861918E+04 -8.0534860848E+04 -8.0534246566E+04
           Stress_EigVec1 = -6.3541137133E-01 -2.0116209987E-01  7.4551069661E-01
           Stress_EigVec2 = -3.4577478404E-02  9.7191409568E-01  2.3278184767E-01
           Stress_EigVec3 = -7.7139923981E-01  1.2213435304E-01 -6.2452094651E-01
           -DivStress = -2.1242368641E+04 -1.4917209513E+04  2.3436775387E+04
           ESP =  -1.8300944222E+01     ESP at Nucleus =  -1.8300945715E+01
           ESPe = -3.5469354988E+01     ESPe at Nucleus = -3.5469324102E+01
           ESPn =  1.7168410767E+01     ESPn at Nucleus =  1.7168378386E+01

CP# 6      Coords = -4.65889628236099E+00  1.93335271294499E+00  1.42059561065302E+00
           Type = (3,-3) NACP N6
           Rho =  1.9141357107E+02     Rho at Nucleus =  1.9141353869E+02
           GradRho = -7.1447514571E-11  2.7647328871E-11  1.0448530929E-11
           HessRho_EigVals = -3.2210310311E+05 -3.2210159628E+05 -3.2209190422E+05
           HessRho_EigVec1 = -7.5259886441E-01  1.7421610752E-01 -6.3501472201E-01
           HessRho_EigVec2 =  4.6189577391E-01  8.2698614954E-01 -3.2054048499E-01
           HessRho_EigVec3 = -4.6930506426E-01  5.3454902147E-01  7.0285852084E-01
           DelSqRho = -9.6629660361E+05
           Bond Ellipticity = NA
           V = -2.4160670126E+05
           G =  1.6275179931E+01
           K =  2.4159042608E+05
           L =  2.4157415090E+05
           Vnuc =  4.9371531565E+05
           Ven = -9.4503811660E+07
           Vrep =  9.4262204959E+07
           DelSqV =  7.5859977565E+09
           DelSqVen =  4.7707543290E+11
           DelSqVrep = -4.6948943516E+11
           DelSqG =  4.0659356059E+08
           DelSqK = -7.9925913171E+09
           Stress_EigVals = -8.0537105451E+04 -8.0535103024E+04 -8.0534492787E+04
           Stress_EigVec1 = -4.8378931468E-01  5.0630727568E-01  7.1386332137E-01
           Stress_EigVec2 =  4.3157058545E-01  8.4761708706E-01 -3.0869419089E-01
           Stress_EigVec3 =  7.6137686383E-01 -1.5873946047E-01  6.2857541705E-01
           -DivStress = -1.2819762128E+04  2.4276001392E+04  2.1683246330E+04
           ESP =  -1.8301142630E+01     ESP at Nucleus =  -1.8301144124E+01
           ESPe = -3.5555190866E+01     ESPe at Nucleus = -3.5555160348E+01
           ESPn =  1.7254048236E+01     ESPn at Nucleus =  1.7254016224E+01

CP# 7      Coords =  3.62992731282591E+00  4.01044618572699E-01  2.86744370822550E+00
           Type = (3,-3) NACP C7
           Rho =  1.1767579411E+02     Rho at Nucleus =  1.1767579392E+02
           GradRho =  3.2094006619E-10  8.4733026845E-10 -1.1659284649E-12
           HessRho_EigVals = -1.4500274026E+05 -1.4500200498E+05 -1.4500166140E+05
           HessRho_EigVec1 =  8.5984600122E-01 -3.1657475510E-01  4.0055621155E-01
           HessRho_EigVec2 = -4.8753384312E-01 -2.7619480138E-01  8.2826757965E-01
           HessRho_EigVec3 =  1.5157706289E-01  9.0746727551E-01  3.9182590251E-01
           DelSqRho = -4.3500640664E+05
           Bond Ellipticity = NA
           V = -1.0876179498E+05
           G =  5.0966579139E+00
           K =  1.0875669832E+05
           L =  1.0875160166E+05
           Vnuc =  3.7486471113E+06
           Ven = -4.4112502565E+08
           Vrep =  4.4101626386E+08
           DelSqV =  2.4952222564E+09
           DelSqVen =  1.6306854625E+12
           DelSqVrep = -1.6281902403E+12
           DelSqG =  1.3402950392E+08
           DelSqK = -2.6292517604E+09
           Stress_EigVals = -3.6254194106E+04 -3.6254015267E+04 -3.6253585603E+04
           Stress_EigVec1 =  1.0844723299E-01  8.8036140482E-01  4.6173909794E-01
           Stress_EigVec2 = -4.9603559744E-01 -3.5460226301E-01  7.9259442411E-01
           Stress_EigVec3 =  8.6150326971E-01 -3.1499370149E-01  3.9823496117E-01
           -DivStress = -5.0161910422E+02 -1.2011799961E+03  1.1595970749E+01
           ESP =  -1.4751992172E+01     ESP at Nucleus =  -1.4751992192E+01
           ESPe = -3.1809290313E+01     ESPe at Nucleus = -3.1809291283E+01
           ESPn =  1.7057298141E+01     ESPn at Nucleus =  1.7057299090E+01

CP# 8      Coords =  3.08441965678068E+00 -1.97058117598147E+00  2.18253798768283E+00
           Type = (3,-3) NACP C8
           Rho =  1.1767822921E+02     Rho at Nucleus =  1.1767822904E+02
           GradRho = -1.0347881579E-10 -6.8932805991E-10 -3.9196726420E-10
           HessRho_EigVals = -1.4500586379E+05 -1.4500509525E+05 -1.4500476400E+05
           HessRho_EigVec1 =  8.5741946137E-01 -3.2897807437E-01  3.9573386744E-01
           HessRho_EigVec2 = -4.4128445966E-01 -7.4379493002E-02  8.9427943993E-01
           HessRho_EigVec3 =  2.6476384368E-01  9.4140380157E-01  2.0894733662E-01
           DelSqRho = -4.3501572304E+05
           Bond Ellipticity = NA
           V = -1.0876411869E+05
           G =  5.0939641266E+00
           K =  1.0875902472E+05
           L =  1.0875393076E+05
           Vnuc =  3.9159732591E+06
           Ven = -4.6082479878E+08
           Vrep =  4.6071603466E+08
           DelSqV =  2.4952755006E+09
           DelSqVen =  1.7035099832E+12
           DelSqVrep = -1.7010146913E+12
           DelSqG =  1.3403246964E+08
           DelSqK = -2.6293079702E+09
           Stress_EigVals = -3.6254967526E+04 -3.6254795364E+04 -3.6254355798E+04
           Stress_EigVec1 =  3.0708743268E-01  9.4637475603E-01  1.0036000120E-01
           Stress_EigVec2 = -4.1791022369E-01  3.9355103755E-02  9.0763551095E-01
           Stress_EigVec3 =  8.5501365698E-01 -3.2066492942E-01  4.0758514376E-01
           -DivStress =  1.7943758415E+02  1.0689972786E+03  6.1433701357E+02
           ESP =  -1.4751917612E+01     ESP at Nucleus =  -1.4751917632E+01
           ESPe = -3.2110121539E+01     ESPe at Nucleus = -3.2110122206E+01
           ESPn =  1.7358203927E+01     ESPn at Nucleus =  1.7358204574E+01

CP# 9      Coords =  5.07016868049973E+00  2.22311654396695E+00  1.20889762138196E+00
           Type = (3,-3) NACP C9
           Rho =  1.1753159138E+02     Rho at Nucleus =  1.1753159135E+02
           GradRho = -5.1440907090E-11 -6.0832117121E-11  4.1302461451E-11
           HessRho_EigVals = -1.4482785294E+05 -1.4482773845E+05 -1.4482767059E+05
           HessRho_EigVec1 = -3.2624809184E-01 -5.9289399999E-01  7.3623290292E-01
           HessRho_EigVec2 =  3.3066662433E-01  6.5806228369E-01  6.7647144385E-01
           HessRho_EigVec3 =  8.8556296564E-01 -4.6414516647E-01  1.8641306801E-02
           DelSqRho = -4.3448326199E+05
           Bond Ellipticity = NA
           V = -1.0863118231E+05
           G =  5.1834066955E+00
           K =  1.0862599890E+05
           L =  1.0862081550E+05
           Vnuc =  8.9502488937E+06
           Ven = -1.0519369957E+09
           Vrep =  1.0518283645E+09
           DelSqV =  2.4922415108E+09
           DelSqVen =  3.8887316521E+12
           DelSqVrep = -3.8862394106E+12
           DelSqG =  1.3387133708E+08
           DelSqK = -2.6261128479E+09
           Stress_EigVals = -3.6210431532E+04 -3.6210406505E+04 -3.6210344273E+04
           Stress_EigVec1 =  8.3954172878E-01 -5.3427563581E-01  9.8586158378E-02
           Stress_EigVec2 =  4.4533902907E-01  7.8068636068E-01  4.3840843450E-01
           Stress_EigVec3 = -3.1119581428E-01 -3.2415791096E-01  8.9335256978E-01
           -DivStress =  3.2407546962E+02  3.8692182910E+02 -2.0232147064E+02
           ESP =  -1.4742187960E+01     ESP at Nucleus =  -1.4742187961E+01
           ESPe = -3.1111974347E+01     ESPe at Nucleus = -3.1111973500E+01
           ESPn =  1.6369786387E+01     ESPn at Nucleus =  1.6369785539E+01

CP# 10     Coords =  5.23237652934737E+00  1.29973813230428E+00 -1.54114476407159E+00
           Type = (3,-3) NACP C10
           Rho =  1.1753934474E+02     Rho at Nucleus =  1.1753934465E+02
           GradRho =  1.3630668816E-10 -8.4845797055E-11  2.5741431209E-10
           HessRho_EigVals = -1.4483967123E+05 -1.4483952924E+05 -1.4483927924E+05
           HessRho_EigVec1 = -1.2031641589E-01  5.4383238818E-01  8.3052410780E-01
           HessRho_EigVec2 = -1.2204985401E-01  8.2215157792E-01 -5.5603112868E-01
           HessRho_EigVec3 =  9.8520444234E-01  1.6826501864E-01  3.2543667589E-02
           DelSqRho = -4.3451847971E+05
           Bond Ellipticity = NA
           V = -1.0863996113E+05
           G =  5.1706003337E+00
           K =  1.0863479053E+05
           L =  1.0862961993E+05
           Vnuc =  5.4829732878E+06
           Ven = -6.4446508746E+08
           Vrep =  6.4435644750E+08
           DelSqV =  2.4924446200E+09
           DelSqVen =  2.3824531456E+12
           DelSqVrep = -2.3799607010E+12
           DelSqG =  1.3388440459E+08
           DelSqK = -2.6263290246E+09
           Stress_EigVals = -3.6213402054E+04 -3.6213318813E+04 -3.6213240261E+04
           Stress_EigVec1 =  9.7493796252E-01  2.2242169433E-01 -4.9557173098E-03
           Stress_EigVec2 = -1.6192236176E-01  6.9412419358E-01 -7.0140769361E-01
           Stress_EigVec3 = -1.5256840435E-01  6.8463142915E-01  7.1274307307E-01
           -DivStress = -3.4332355037E+02  2.4200850869E+02 -7.8543019347E+02
           ESP =  -1.4750617935E+01     ESP at Nucleus =  -1.4750617936E+01
           ESPe = -3.1266123654E+01     ESPe at Nucleus = -3.1266122717E+01
           ESPn =  1.6515505720E+01     ESPn at Nucleus =  1.6515504781E+01

CP# 11     Coords =  5.90207535961472E+00 -1.52092945065153E+00 -1.64543633962102E+00
           Type = (3,-3) NACP C11
           Rho =  1.1753589906E+02     Rho at Nucleus =  1.1753589901E+02
           GradRho = -9.2727991952E-11  2.8738955660E-11  5.8546500981E-11
           HessRho_EigVals = -1.4483344977E+05 -1.4483334721E+05 -1.4483312939E+05
           HessRho_EigVec1 =  5.9952340625E-01  7.1524671192E-01 -3.5915710551E-01
           HessRho_EigVec2 =  6.9498729140E-01 -6.8779294953E-01 -2.0960325227E-01
           HessRho_EigVec3 =  3.9694376194E-01  1.2394756819E-01  9.0943534690E-01
           DelSqRho = -4.3449992637E+05
           Bond Ellipticity = NA
           V = -1.0863531369E+05
           G =  5.1660473005E+00
           K =  1.0863014764E+05
           L =  1.0862498159E+05
           Vnuc =  7.2106644851E+06
           Ven = -8.4751193309E+08
           Vrep =  8.4740329778E+08
           DelSqV =  2.4923363910E+09
           DelSqVen =  3.1330338734E+12
           DelSqVrep = -3.1305414715E+12
           DelSqG =  1.3387675558E+08
           DelSqK = -2.6262131466E+09
           Stress_EigVals = -3.6211843788E+04 -3.6211767870E+04 -3.6211702029E+04
           Stress_EigVec1 =  3.6418268538E-01  1.5520694454E-01  9.1830374933E-01
           Stress_EigVec2 =  8.4009078194E-01 -4.8037073942E-01 -2.5197505988E-01
           Stress_EigVec3 =  4.0201797194E-01  8.6322346879E-01 -3.0533062926E-01
           -DivStress =  5.9493126288E+02 -9.6932673783E+01 -3.0761894971E+02
           ESP =  -1.4749338657E+01     ESP at Nucleus =  -1.4749338657E+01
           ESPe = -3.0734103396E+01     ESPe at Nucleus = -3.0734101991E+01
           ESPn =  1.5984764739E+01     ESPn at Nucleus =  1.5984763333E+01

CP# 12     Coords =  3.87786156215427E+00 -3.11867323550121E+00 -3.06516225881155E-01
           Type = (3,-3) NACP C12
           Rho =  1.1753095163E+02     Rho at Nucleus =  1.1753095157E+02
           GradRho =  2.3674368022E-11  1.1722722792E-10  1.3420042855E-10
           HessRho_EigVals = -1.4482791203E+05 -1.4482776219E+05 -1.4482761492E+05
           HessRho_EigVec1 = -5.6008241324E-01  2.1039543919E-01  8.0127489013E-01
           HessRho_EigVec2 =  4.6349370615E-01  8.8125033905E-01  9.2581986850E-02
           HessRho_EigVec3 =  6.8664494081E-01 -4.2323941108E-01  5.9108977843E-01
           DelSqRho = -4.3448328914E+05
           Bond Ellipticity = NA
           V = -1.0863120488E+05
           G =  5.1912958283E+00
           K =  1.0862601358E+05
           L =  1.0862082229E+05
           Vnuc =  6.5754737454E+06
           Ven = -7.7282168674E+08
           Vrep =  7.7271305554E+08
           DelSqV =  2.4922427768E+09
           DelSqVen =  2.8569335235E+12
           DelSqVrep = -2.8544412807E+12
           DelSqG =  1.3387214664E+08
           DelSqK = -2.6261149234E+09
           Stress_EigVals = -3.6210457545E+04 -3.6210411357E+04 -3.6210335976E+04
           Stress_EigVec1 = -6.9768868759E-01  4.6854106597E-01 -5.4194073911E-01
           Stress_EigVec2 =  3.8160317790E-01  8.8328254011E-01  2.7238019192E-01
           Stress_EigVec3 = -6.0630809810E-01  1.6769729650E-02  7.9505299593E-01
           -DivStress = -1.5056467192E+02 -4.2633290010E+02 -5.8744651605E+02
           ESP =  -1.4746202150E+01     ESP at Nucleus =  -1.4746202151E+01
           ESPe = -3.1571582620E+01     ESPe at Nucleus = -3.1571581665E+01
           ESPn =  1.6825380470E+01     ESPn at Nucleus =  1.6825379514E+01

CP# 13     Coords = -4.63784705474439E+00 -4.80904855671305E+00 -3.59907296699837E-02
           Type = (3,-3) NACP C13
           Rho =  1.1752320171E+02     Rho at Nucleus =  1.1752320152E+02
           GradRho =  3.1511177001E-10  9.1678198366E-10 -1.3978653131E-10
           HessRho_EigVals = -1.4481713719E+05 -1.4481664865E+05 -1.4481643300E+05
           HessRho_EigVec1 =  1.9406830664E-01  9.7920771704E-01 -5.9074014944E-02
           HessRho_EigVec2 =  7.9635304963E-01 -1.2209109980E-01  5.9238128237E-01
           HessRho_EigVec3 = -5.7285191167E-01  1.6200620431E-01  8.0348906468E-01
           DelSqRho = -4.3445021884E+05
           Bond Ellipticity = NA
           V = -1.0862317418E+05
           G =  5.3097376485E+00
           K =  1.0861786445E+05
           L =  1.0861255471E+05
           Vnuc =  3.7285248781E+06
           Ven = -4.3818818132E+08
           Vrep =  4.3807955814E+08
           DelSqV =  2.4920554747E+09
           DelSqVen =  1.6198584238E+12
           DelSqVrep = -1.6173664011E+12
           DelSqG =  1.3386112818E+08
           DelSqK = -2.6259166029E+09
           Stress_EigVals = -3.6207816158E+04 -3.6207756265E+04 -3.6207601762E+04
           Stress_EigVec1 = -5.6459166376E-01  1.7012293695E-01  8.0764747231E-01
           Stress_EigVec2 =  8.0103710994E-01 -1.2291051221E-01  5.8586052477E-01
           Stress_EigVec3 =  1.9893667763E-01  9.7772756549E-01 -6.6880535167E-02
           -DivStress = -5.0643611482E+02 -1.1849633331E+03  1.9444439969E+02
           ESP =  -1.4721622653E+01     ESP at Nucleus =  -1.4721622663E+01
           ESPe = -2.9459880000E+01     ESPe at Nucleus = -2.9459877116E+01
           ESPn =  1.4738257347E+01     ESPn at Nucleus =  1.4738254453E+01

CP# 14     Coords = -2.40033860520310E+00  5.47279368879472E+00 -4.74575999739325E-01
           Type = (3,-3) NACP C14
           Rho =  1.1752615771E+02     Rho at Nucleus =  1.1752615752E+02
           GradRho = -2.5990098962E-11 -9.1681151559E-10 -2.7932170465E-11
           HessRho_EigVals = -1.4482164303E+05 -1.4482115391E+05 -1.4482093869E+05
           HessRho_EigVec1 =  2.3110466890E-01  9.7261377528E-01 -2.4760374677E-02
           HessRho_EigVec2 =  7.8394264562E-01 -1.7108118726E-01  5.9679574039E-01
           HessRho_EigVec3 = -5.7621572384E-01  1.5733299562E-01  8.0201107729E-01
           DelSqRho = -4.3446373564E+05
           Bond Ellipticity = NA
           V = -1.0862655300E+05
           G =  5.3095464578E+00
           K =  1.0862124346E+05
           L =  1.0861593391E+05
           Vnuc =  3.7438956252E+06
           Ven = -4.4000566769E+08
           Vrep =  4.3989704114E+08
           DelSqV =  2.4921336184E+09
           DelSqVen =  1.6265867428E+12
           DelSqVrep = -1.6240945764E+12
           DelSqG =  1.3386611655E+08
           DelSqK = -2.6259997350E+09
           Stress_EigVals = -3.6208942537E+04 -3.6208882664E+04 -3.6208727802E+04
           Stress_EigVec1 = -5.7225160509E-01  1.4850354608E-01  8.0652017785E-01
