AIMSum (Version 19.02.13, Professional)
Copyright (c) 1997-2019 by Todd A. Keith
AIMSum is a component of the AIMAll package ( http://aim.tkgristmill.com )

TP:  64-bit Linux

Much of the Quantum Theory of Atoms in Molecules (QTAIM) is described in the book:
  "Atoms in Molecules - A Quantum Theory"
  R.F.W. Bader, Oxford University Press, Oxford, 1990

For additional references see:  http://aim.tkgristmill.com/references.html

Wfn File:  /home/mhennefarth/Documents/ML_Diels/summary-N-liu2013/3e-opt/3e-opt.wfn
Sum File:  /home/mhennefarth/Documents/ML_Diels/summary-N-liu2013/3e-opt/3e-opt.sum

SumViz File:  /home/mhennefarth/Documents/ML_Diels/summary-N-liu2013/3e-opt/3e-opt.sumviz

Wfn Title:   Title Card Required                                                           
 
Total memory allocated for AIMSum =        1.328 Megabytes

Atomic units (a.u.) used throughout, except where stated otherwise

Model:  Restricted SCF
 
Restricted, closed-shell, single-determinant wavefunction.
  Number of electrons (from MO Occs)                   =          90.0000000000
  Number of Alpha electrons (from MO Occs)             =          45.0000000000
  Number of Beta electrons (from MO Occs)              =          45.0000000000
  Number of electron pairs (N*(N-1)/2)                 =        4005.0000000000
  Number of electron pairs (from Muller 2EDM)          =        4005.0000000000
 
Nuclear Charges and Cartesian Coordinates:
-------------------------------------------------------------------------------
Atom      Charge                X                  Y                  Z
-------------------------------------------------------------------------------
C1         6.0           1.9823904000E+00   2.0430035500E+00  -5.0215623000E-01
N2         7.0           1.5893343300E+00  -3.7802884000E-01  -1.1968794700E+00
N3         7.0           3.4309071100E+00  -2.0130027600E+00  -8.2564692000E-01
C4         6.0           5.5870598700E+00  -1.1558420700E+00   2.2524982000E-01
N5         7.0           5.9642521100E+00   1.2415537000E+00   9.6438058000E-01
N6         7.0           4.1127194500E+00   2.8839153100E+00   5.9159109000E-01
C7         6.0          -5.4929196000E+00  -1.1924604000E+00  -8.1542266000E-01
C8         6.0          -5.7569853700E+00  -7.5332522000E-01   1.6644474300E+00
C9         6.0          -7.5180063800E+00  -1.1726141100E+00  -2.8086178400E+00
C10        6.0          -8.1335243700E+00  -1.2844339000E-01   3.0913399800E+00
C11        6.0          -9.6483490000E-02   3.9044752100E+00  -9.8328832000E-01
C12        6.0           7.6896840800E+00  -3.0166853900E+00   6.0397520000E-01
H13        1.0          -3.5977807200E+00  -1.6261592700E+00  -1.4972448500E+00
H14        1.0          -4.0583767000E+00  -8.7856962000E-01   2.8263601000E+00
H15        1.0          -7.6608036200E+00  -3.0291080400E+00  -3.7268090100E+00
H16        1.0          -7.0655587000E+00   1.8838926000E-01  -4.3093028700E+00
H17        1.0          -9.3854712000E+00  -6.9346396000E-01  -2.0640977800E+00
H18        1.0          -7.9420910900E+00   1.6771064800E+00   4.0977447900E+00
H19        1.0          -8.5268826500E+00  -1.5672235900E+00   4.5355722800E+00
H20        1.0          -9.7943445100E+00   5.0480800000E-03   1.8692488200E+00
H21        1.0           8.3628990700E+00  -3.7221499000E+00  -1.2227514900E+00
H22        1.0           9.2542886200E+00  -2.1165037900E+00   1.6019972100E+00
H23        1.0           7.0215512400E+00  -4.6502117100E+00   1.6834496000E+00
H24        1.0           2.7739433000E-01   5.6560818900E+00   4.0609290000E-02
H25        1.0          -2.1244304000E-01   4.3339284000E+00  -3.0076941400E+00
H26        1.0          -1.9201628200E+00   3.1131248100E+00  -4.1436321000E-01
 
Some Atomic Properties:
----------------------
  q(A) = Net Charge of Atom A
  L(A) = Lagrangian of Atom A = -(1/4) Times Atomic Integral of the Laplacian of the Electron Density
  K(A) = Electronic Kinetic Energy of Atom A (Hamiltonian Form)
  K_Scaled(A) = K(A) * E(Mol)/K(Mol) = Approximation to Virial-Based Total Energy of Atom A.
  |Mu_Intra(A)| = Magnitude of Intraatomic Dipole Moment of Atom A
--------------------------------------------------------------------------------------------------
Atom A          q(A)              L(A)              K(A)          K_Scaled(A)      |Mu_Intra(A)|
--------------------------------------------------------------------------------------------------
C1        1.0305479343E+00  8.4437327172E-05  3.7141743782E+01 -3.7499516458E+01  6.2193507111E-01
N2       -5.9092726760E-01 -2.0187828445E-05  5.4567206371E+01 -5.5092832080E+01  6.6911291070E-01
N3       -5.8330908260E-01  2.2751322860E-05  5.4573664162E+01 -5.5099352077E+01  6.6203342021E-01
C4        1.0349727406E+00 -3.8307711440E-04  3.7139212785E+01 -3.7496961080E+01  6.1440576178E-01
N5       -6.0135747930E-01  2.2461383316E-05  5.4580756137E+01 -5.5106512366E+01  6.7022018830E-01
N6       -5.9949691790E-01  3.4141363394E-05  5.4579958306E+01 -5.5105706850E+01  6.6932038749E-01
C7       -5.6867109600E-02  2.7854179319E-06  3.7703800223E+01 -3.8066986980E+01  8.5448443733E-02
C8       -5.9051226700E-02 -1.3231622308E-04  3.7700049048E+01 -3.8063199671E+01  5.9795815731E-02
C9       -2.0646699300E-02 -1.2391689709E-04  3.7678291601E+01 -3.8041232643E+01  7.3847764162E-02
C10      -1.9488463800E-02  1.2921702789E-04  3.7677881692E+01 -3.8040818785E+01  7.5271414762E-02
C11      -1.5762174600E-02 -2.4360319550E-05  3.7709373221E+01 -3.8072613661E+01  1.9402169160E-01
C12      -9.2775333000E-03 -9.6567633186E-05  3.7704326376E+01 -3.8067518202E+01  1.8114431603E-01
H13       5.1170802130E-02  1.0500121758E-05  5.9650786542E-01 -6.0225380498E-01  1.4005230354E-01
H14       1.8771306200E-02  3.0347490478E-05  6.0836433051E-01 -6.1422447901E-01  1.5499468521E-01
H15       1.9690902230E-02  2.5823137200E-05  6.0180017989E-01 -6.0759709836E-01  1.5386732614E-01
H16       1.5916720240E-02  2.1563790094E-05  6.0343899290E-01 -6.0925169744E-01  1.5464547865E-01
H17       1.0778909610E-02  2.8305649571E-05  6.0893873609E-01 -6.1480441763E-01  1.4865332234E-01
H18       1.5641098060E-02  2.4513340685E-05  6.0359490880E-01 -6.0940911522E-01  1.5463908076E-01
H19       1.8089784550E-02  2.3219050735E-05  6.0245675733E-01 -6.0826000036E-01  1.5425589770E-01
H20       1.2663543700E-02  2.5371419744E-05  6.0827596683E-01 -6.1413526416E-01  1.4818667291E-01
H21       5.0478395320E-02  2.4520337441E-05  5.8946526298E-01 -5.9514336376E-01  1.4534105994E-01
H22       5.6109650910E-02  2.7249734105E-05  5.8942180220E-01 -5.9509948434E-01  1.4542586362E-01
H23       5.2206220410E-02  2.2562709366E-05  5.8921908982E-01 -5.9489481930E-01  1.4529059148E-01
H24       5.3652313980E-02  2.4428360638E-05  5.9023525624E-01 -5.9592077407E-01  1.4594220354E-01
H25       4.7295944730E-02  2.3353657255E-05  5.9015986236E-01 -5.9584465396E-01  1.4587354890E-01
H26       6.8089315170E-02  2.8245515687E-05  5.8241609275E-01 -5.8802629148E-01  1.4108672714E-01
--------------------------------------------------------------------------------------------------
Total    -1.0837256000E-04 -1.4462785843E-04  5.2712055881E+02 -5.3219811612E+02
 
1st Largest |L(A)| = 3.8307711440E-04, atom C4      
2nd Largest |L(A)| = 1.3231622308E-04, atom C8      
 
Molecular charge q(Mol) from the wfn file:   0.0000000000E+00
Molecular energy E(Mol) from the wfn file:  -5.3219815065E+02
Molecular virial ratio (-V(Mol)/T(Mol)) from the wfn file:   2.0096326300E+00
Note.  K_Scaled(A) = (1+V(Mol)/T(Mol))*K(A) = (E(Mol)/T(Mol))*K(A)
       Only use K_Scaled(A) data with caution.
 
N_AIMInt(SumA)     =         90.000108
N_Analytic(Mol)    =         89.999990
 
G_AIMInt(SumA)     =        527.120703
G_Analytic(Mol)    =        527.120571
 
K_AIMInt(SumA)     =        527.120559
K_Analytic(Mol)    =        527.120571
 
L_AIMInt(SumA)     =         -0.000145
L_Analytic(Mol)    =          0.000000
 
VenT_AIMInt(SumA)  =      -2520.434271
VenT_Analytic(Mol) =      -2520.432590
 
Some Information About the Atomic Calculations:
----------------------------------------------
  Time(sec) = "Elapsed User Time", in Seconds, for Atom A by AIMInt and, if used, by TWOe
  NProc = Number of Processors Used for AIMInt Job
  BIM = Basin Integration Method
  OAQ = Angular Quadrature Outside of Beta Sphere
  ORQ = Multiple of Default for Radial Quadrature Outside of Beta Sphere
  IAQ = Multiple of Default for Angular Quadrature Inside of Beta Sphere
  IRQ = Multiple of Default for Radial Quadrature Inside of Beta Sphere
  MIR = Maximum Integration Radius
------------------------------------------------------------------------------------------------------
Atom A     Time(sec)   NProc      BIM          OAQ                     ORQ      IAQ      IRQ      MIR
------------------------------------------------------------------------------------------------------
C1             23        8     Proaim(5)    4500(GS4)                  1.00     1.00     1.00    13.00
N2             21        8     Proaim(5)    4500(GS4)                  1.00     1.00     1.00    13.00
N3             16        8     Proaim(5)    4500(GS4)                  1.00     1.00     1.00    13.00
C4             21        8     Proaim(5)    4500(GS4)                  1.00     1.00     1.00    13.00
N5             16        8     Proaim(5)    4500(GS4)                  1.00     1.00     1.00    13.00
N6             16        8     Proaim(5)    4500(GS4)                  1.00     1.00     1.00    13.00
C7             40        8     Proaim(5)    4500(GS4)                  1.00     1.00     1.00    13.00
C8             29        8     Proaim(5)    4500(GS4)                  1.00     1.00     1.00    13.00
C9             24        8     Proaim(5)    4500(GS4)                  1.00     1.00     1.00    13.00
C10            22        8     Proaim(5)    4500(GS4)                  1.00     1.00     1.00    13.00
C11            26        8     Proaim(5)    4500(GS4)                  1.00     1.00     1.00    13.00
C12            22        8     Proaim(5)    4500(GS4)                  1.00     1.00     1.00    13.00
H13            14        8     Proaim(5)    4500(GS4)                  1.00     1.00     1.00    13.00
H14             7        8     Proaim(5)    1800(GS4)                  1.00     1.00     1.00    13.00
H15             7        8     Proaim(5)    1800(GS4)                  1.00     1.00     1.00    13.00
H16             6        8     Proaim(5)    1800(GS4)                  1.00     1.00     1.00    13.00
H17            12        8     Proaim(5)    4500(GS4)                  1.00     1.00     1.00    13.00
H18             6        8     Proaim(5)    1800(GS4)                  1.00     1.00     1.00    13.00
H19             6        8     Proaim(5)    1800(GS4)                  1.00     1.00     1.00    13.00
H20            11        8     Proaim(5)    4500(GS4)                  1.00     1.00     1.00    13.00
H21             6        8     Proaim(5)    1800(GS4)                  1.00     1.00     1.00    13.00
H22             6        8     Proaim(5)    1800(GS4)                  1.00     1.00     1.00    13.00
H23             7        8     Proaim(5)    1800(GS4)                  1.00     1.00     1.00    13.00
H24             6        8     Proaim(5)    1800(GS4)                  1.00     1.00     1.00    13.00
H25             8        8     Proaim(5)    1800(GS4)                  1.00     1.00     1.00    13.00
H26            19        8     Proaim(5)    4500(GS4)                  1.00     1.00     1.00    13.00
------------------------------------------------------------------------------------------------------
Total         397
Note:  Total wall clock time is less than total of atomic times if more than one atom
       was calculated at a time
 
Electron Density Critical Point Analysis of Molecular Structure:               
---------------------------------------------------------------                
  NACP = Nuclear Attractor Critical Point                                      
  NNACP = Non-Nuclear Attractor Critical Point                                 
  BCP = Bond Critical Point                                                    
  RCP = Ring Critical Point                                                    
  CCP = Cage Critical Point                                                    
  Rho = Electron Density                                                       
  GradRho = Gradient of Electron Density                                       
  HessRho_EigVals = Eigenvalues of the Hessian of Rho, Ascending Order         
  HessRho_EigVecs = Eigenvectors of the Hessian of Rho                         
  DelSqRho = Laplacian of Rho = Trace of Hessian of Rho                        
  Bond Ellipticity = (HessRho_EigVal(1) / HessRho_EigVal(2)) - 1               
  V = Virial Field = Potential Energy Density = Trace of Stress Tensor         
  G = Lagrangian Form of Kinetic Energy Density                                
  K = Hamiltonian Form of Kinetic Energy Density                               
  L = K - G = Lagrangian Density = (-1/4)DelSqRho                              
  Vnuc = Electrostatic Potential from Nuclei                                   
  Ven = Electron-nuclear attractive contribution to Virial Field V             
  Vrep = V - Ven = Repulsive contribution to Virial Field V                    
  DelSqV = Laplacian of V                                                      
  DelSqVen = Laplacian of Ven                                                  
  DelSqVrep = Laplacian of Vrep                                                
  DelSqG = Laplacian of G                                                      
  DelSqK = Laplacian of K                                                      
  Stress_EigVals = Eigenvalues of Stress Tensor, Ascending Order               
  Stress_EigVecs = Eigenvectors of Stress Tensor                               
  -DivStress = Ehrenfest Force Density = Minus Divergence of Stress Tensor     
  ESP = Total Electrostatic Potential                                          
  ESPe = Electrostatic Potential from Electrons                                
  ESPn = Electrostatic Potential from Nuclei                                   
  BP = Bond Path                                                               
  BPL = Bond Path Length                                                       
  GBL = Geometric Bond Length                                                  
  GBL_I = Distance Between Nuclear Attractors                                  
  GBL_II = Distance Between Nuclei                                             
  GBL_III = Sum of Distances Between BCP and Nuclear Attractors                
  GBL_IV = Sum of Distances Between BCP and Nuclei                             

CP# 1      Coords =  1.98239140676550E+00  2.04300248948050E+00 -5.02156021844517E-01
           Type = (3,-3) NACP C1
           Rho =  1.1763741737E+02     Rho at Nucleus =  1.1763741721E+02
           GradRho =  4.9837596726E-10 -5.2597644482E-10  9.6483951366E-11
           HessRho_EigVals = -1.4491741953E+05 -1.4491626524E+05 -1.4491574928E+05
           HessRho_EigVec1 = -3.7894064683E-01 -2.0040207502E-01  9.0346167296E-01
           HessRho_EigVec2 =  5.3674785226E-01  7.4768827367E-01  3.9097824557E-01
           HessRho_EigVec3 = -7.5386055028E-01  6.3308866183E-01 -1.7576409470E-01
           DelSqRho = -4.3474943405E+05
           Bond Ellipticity = NA
           V = -1.0869758871E+05
           G =  5.1150993829E+00
           K =  1.0869247361E+05
           L =  1.0868735851E+05
           Vnuc =  4.0622330789E+06
           Ven = -4.7787060815E+08
           Vrep =  4.7776191056E+08
           DelSqV =  2.4937123694E+09
           DelSqVen =  1.7660536422E+12
           DelSqVrep = -1.7635599299E+12
           DelSqG =  1.3391224511E+08
           DelSqK = -2.6276246145E+09
           Stress_EigVals = -3.6232805918E+04 -3.6232671172E+04 -3.6232111622E+04
           Stress_EigVec1 = -7.6331840400E-01  6.1856967683E-01 -1.8632382840E-01
           Stress_EigVec2 =  5.2131890818E-01  7.6013505338E-01  3.8784184483E-01
           Stress_EigVec3 = -3.8153847786E-01 -1.9891268321E-01  9.0269714432E-01
           -DivStress = -8.1749622215E+02  8.6074594545E+02 -1.6918178821E+02
           ESP =  -1.4646187490E+01     ESP at Nucleus =  -1.4646187502E+01
           ESPe = -3.1991761249E+01     ESPe at Nucleus = -3.1991759789E+01
           ESPn =  1.7345573759E+01     ESPn at Nucleus =  1.7345572287E+01

CP# 2      Coords =  1.58934687528652E+00 -3.78025808856973E-01 -1.19687381652511E+00
           Type = (3,-3) NACP N2
           Rho =  1.9140804677E+02     Rho at Nucleus =  1.9140801479E+02
           GradRho = -2.8199664825E-11 -7.5757178308E-12  1.5401346865E-11
           HessRho_EigVals = -3.2210057906E+05 -3.2209903407E+05 -3.2208938453E+05
           HessRho_EigVec1 = -3.7125289144E-01 -1.7746853711E-01  9.1141440022E-01
           HessRho_EigVec2 = -4.4746193224E-01  8.9426594782E-01 -8.1384127806E-03
           HessRho_EigVec3 =  8.1360255026E-01  4.1084465787E-01  4.1140923337E-01
           DelSqRho = -9.6628899766E+05
           Bond Ellipticity = NA
           V = -2.4160486498E+05
           G =  1.6307781578E+01
           K =  2.4158855720E+05
           L =  2.4157224941E+05
           Vnuc =  4.9681536944E+05
           Ven = -9.5094459468E+07
           Vrep =  9.4852854603E+07
           DelSqV =  7.5859499501E+09
           DelSqVen =  4.8006722486E+11
           DelSqVrep = -4.7248127485E+11
           DelSqG =  4.0659975669E+08
           DelSqK = -7.9925497067E+09
           Stress_EigVals = -8.0536493743E+04 -8.0534498106E+04 -8.0533873129E+04
           Stress_EigVec1 =  7.9870037149E-01  4.3922081847E-01  4.1129404226E-01
           Stress_EigVec2 = -4.7723493550E-01  8.7869904984E-01 -1.1610174479E-02
           Stress_EigVec3 = -3.6650311447E-01 -1.8701083506E-01  9.1142877651E-01
           -DivStress = -3.0964642973E+04 -7.4734422674E+03 -1.3953415241E+04
           ESP =  -1.8297611920E+01     ESP at Nucleus =  -1.8297613373E+01
           ESPe = -3.4578609327E+01     ESPe at Nucleus = -3.4578587699E+01
           ESPn =  1.6280997406E+01     ESPn at Nucleus =  1.6280974326E+01

CP# 3      Coords =  3.43090767855320E+00 -2.01298892340151E+00 -8.25643645850283E-01
           Type = (3,-3) NACP N3
           Rho =  1.9141942825E+02     Rho at Nucleus =  1.9141939563E+02
           GradRho =  5.4489746049E-12  3.7283731658E-11  9.5944363565E-12
           HessRho_EigVals = -3.2211926131E+05 -3.2211765326E+05 -3.2210790022E+05
           HessRho_EigVec1 = -3.4159634314E-01 -2.0413001073E-01  9.1741096411E-01
           HessRho_EigVec2 =  9.1052682440E-01 -3.1379248759E-01  2.6921214084E-01
           HessRho_EigVec3 =  2.3292239137E-01  9.2728917466E-01  2.9305621670E-01
           DelSqRho = -9.6634481479E+05
           Bond Ellipticity = NA
           V = -2.4161878396E+05
           G =  1.6290133903E+01
           K =  2.4160249383E+05
           L =  2.4158620370E+05
           Vnuc =  4.9193185077E+05
           Ven = -9.4165313610E+07
           Vrep =  9.3923694826E+07
           DelSqV =  7.5863843712E+09
           DelSqVen =  4.7537579251E+11
           DelSqVrep = -4.6778940814E+11
           DelSqG =  4.0662243237E+08
           DelSqK = -7.9930068036E+09
           Stress_EigVals = -8.0541148861E+04 -8.0539136491E+04 -8.0538498612E+04
           Stress_EigVec1 =  2.6197890511E-01  9.1658012503E-01  3.0207271918E-01
           Stress_EigVec2 =  8.9924522609E-01 -3.4546367718E-01  2.6835214012E-01
           Stress_EigVec3 = -3.5032139049E-01 -2.0133485080E-01  9.1473449766E-01
           -DivStress = -1.3955747750E+03 -3.4149260957E+04 -8.0783391615E+03
           ESP =  -1.8298921938E+01     ESP at Nucleus =  -1.8298923433E+01
           ESPe = -3.3935052121E+01     ESPe at Nucleus = -3.3935024795E+01
           ESPn =  1.5636130183E+01     ESPn at Nucleus =  1.5636101361E+01

CP# 4      Coords =  5.58705884597598E+00 -1.15584130298527E+00  2.25249649321846E-01
           Type = (3,-3) NACP C4
           Rho =  1.1763387259E+02     Rho at Nucleus =  1.1763387247E+02
           GradRho = -4.1315547272E-10  2.8033469296E-10 -6.4296455096E-11
           HessRho_EigVals = -1.4491299922E+05 -1.4491187321E+05 -1.4491139740E+05
           HessRho_EigVec1 = -3.6161467772E-01 -2.1584096488E-01  9.0699917461E-01
           HessRho_EigVec2 =  5.8010738195E-01  7.0948997671E-01  4.0012422864E-01
           HessRho_EigVec3 = -7.2987002285E-01  6.7084771060E-01 -1.3135105222E-01
           DelSqRho = -4.3473626982E+05
           Bond Ellipticity = NA
           V = -1.0869430890E+05
           G =  5.1207221035E+00
           K =  1.0868918818E+05
           L =  1.0868406746E+05
           Vnuc =  4.6484317103E+06
           Ven = -5.4681302357E+08
           Vrep =  5.4670432926E+08
           DelSqV =  2.4936373198E+09
           DelSqVen =  2.0208419471E+12
           DelSqVrep = -2.0183482443E+12
           DelSqG =  1.3390819245E+08
           DelSqK = -2.6275455123E+09
           Stress_EigVals = -3.6231702615E+04 -3.6231580557E+04 -3.6231025727E+04
           Stress_EigVec1 = -7.1888128869E-01  6.8459972676E-01 -1.2055250679E-01
           Stress_EigVec2 =  5.9476446608E-01  6.9553073662E-01  4.0310324274E-01
           Stress_EigVec3 = -3.5981234368E-01 -2.1808303128E-01  9.0717962323E-01
           -DivStress =  8.3107080141E+02 -6.2322056711E+02  1.3842686819E+02
           ESP =  -1.4645794002E+01     ESP at Nucleus =  -1.4645794012E+01
           ESPe = -3.1171404255E+01     ESPe at Nucleus = -3.1171402589E+01
           ESPn =  1.6525610253E+01     ESPn at Nucleus =  1.6525608577E+01

CP# 5      Coords =  5.96423962643143E+00  1.24155064496882E+00  9.64374614685025E-01
           Type = (3,-3) NACP N5
           Rho =  1.9141440709E+02     Rho at Nucleus =  1.9141437476E+02
           GradRho =  2.6544988430E-11  3.1285418700E-11  1.0237588555E-11
           HessRho_EigVals = -3.2210424022E+05 -3.2210268816E+05 -3.2209300305E+05
           HessRho_EigVec1 = -3.6838369022E-01 -2.4071601261E-01  8.9796951956E-01
           HessRho_EigVec2 = -4.6917107995E-01  8.8201221705E-01  4.3965289830E-02
           HessRho_EigVec3 =  8.0260323605E-01  4.0510523354E-01  4.3785590694E-01
           DelSqRho = -9.6629993144E+05
           Bond Ellipticity = NA
           V = -2.4160752600E+05
           G =  1.6271571480E+01
           K =  2.4159125443E+05
           L =  2.4157498286E+05
           Vnuc =  4.9405483404E+05
           Ven = -9.4569213127E+07
           Vrep =  9.4327605601E+07
           DelSqV =  7.5860232369E+09
           DelSqVen =  4.7740515235E+11
           DelSqVrep = -4.6981912918E+11
           DelSqG =  4.0659453315E+08
           DelSqK = -7.9926177700E+09
           Stress_EigVals = -8.0537382869E+04 -8.0535382027E+04 -8.0534761106E+04
           Stress_EigVec1 =  7.8672347213E-01  4.3444230716E-01  4.3854995172E-01
           Stress_EigVec2 = -4.9194761328E-01  8.7038860952E-01  2.0278416963E-02
           Stress_EigVec3 = -3.7289908044E-01 -2.3169710866E-01  8.9847800510E-01
           -DivStress =  3.0802683791E+04  7.5312961246E+03  1.4716954925E+04
           ESP =  -1.8300393992E+01     ESP at Nucleus =  -1.8300395486E+01
           ESPe = -3.3316446039E+01     ESPe at Nucleus = -3.3316416798E+01
           ESPn =  1.5016052046E+01     ESPn at Nucleus =  1.5016021312E+01

CP# 6      Coords =  4.11271900483801E+00  2.88390158604144E+00  5.91587544621535E-01
           Type = (3,-3) NACP N6
           Rho =  1.9141749811E+02     Rho at Nucleus =  1.9141746572E+02
           GradRho = -5.4951376782E-11 -2.5582425067E-11  1.7462142843E-11
           HessRho_EigVals = -3.2211074455E+05 -3.2210923653E+05 -3.2209953612E+05
           HessRho_EigVec1 = -4.0199815825E-01 -2.1504204326E-01  8.9003056149E-01
           HessRho_EigVec2 = -8.8851434475E-01  3.2646143037E-01 -3.2243634045E-01
           HessRho_EigVec3 =  2.2122328071E-01  9.2042373617E-01  3.2230483391E-01
           DelSqRho = -9.6631951720E+05
           Bond Ellipticity = NA
           V = -2.4161242266E+05
           G =  1.6271679488E+01
           K =  2.4159615098E+05
           L =  2.4157987930E+05
           Vnuc =  4.9361615475E+05
           Ven = -9.4486769370E+07
           Vrep =  9.4245156948E+07
           DelSqV =  7.5861782485E+09
           DelSqVen =  4.7699092435E+11
           DelSqVrep = -4.6940474610E+11
           DelSqG =  4.0660457408E+08
           DelSqK = -7.9927828226E+09
           Stress_EigVals = -8.0539013971E+04 -8.0537009061E+04 -8.0536399628E+04
           Stress_EigVec1 =  2.5148542227E-01  9.0895746077E-01  3.3249273211E-01
           Stress_EigVec2 =  8.8519724576E-01 -3.5492623732E-01  3.0075438841E-01
           Stress_EigVec3 = -3.9138333955E-01 -2.1868630633E-01  8.9386541546E-01
           -DivStress =  1.0917530613E+03  3.3862719153E+04  8.7435097992E+03
           ESP =  -1.8300967798E+01     ESP at Nucleus =  -1.8300969294E+01
           ESPe = -3.3605760841E+01     ESPe at Nucleus = -3.3605732847E+01
           ESPn =  1.5304793043E+01     ESPn at Nucleus =  1.5304763553E+01

CP# 7      Coords = -5.49292057764374E+00 -1.19246037956706E+00 -8.15424274377605E-01
           Type = (3,-3) NACP C7
           Rho =  1.1767271403E+02     Rho at Nucleus =  1.1767271378E+02
           GradRho = -7.0139646521E-10  2.8227524485E-11 -1.2688546464E-09
           HessRho_EigVals = -1.4499820947E+05 -1.4499743143E+05 -1.4499705940E+05
           HessRho_EigVec1 =  1.6705969391E-01  9.7560597261E-01 -1.4242206596E-01
           HessRho_EigVec2 =  8.0256535108E-01 -5.0654937147E-02  5.9440973628E-01
           HessRho_EigVec3 = -5.7269530809E-01  2.1360492397E-01  7.9144994822E-01
           DelSqRho = -4.3499270029E+05
           Bond Ellipticity = NA
           V = -1.0875834583E+05
           G =  5.0853771002E+00
           K =  1.0875326045E+05
           L =  1.0874817507E+05
           Vnuc =  3.1789273146E+06
           Ven = -3.7407300483E+08
           Vrep =  3.7396424648E+08
           DelSqV =  2.4951428374E+09
           DelSqVen =  1.3828102062E+12
           DelSqVrep = -1.3803150634E+12
           DelSqG =  1.3402448248E+08
           DelSqK = -2.6291673199E+09
           Stress_EigVals = -3.6253048953E+04 -3.6252869959E+04 -3.6252426916E+04
           Stress_EigVec1 = -4.5598452273E-01  2.1041383120E-01  8.6475669103E-01
           Stress_EigVec2 =  8.7444516966E-01 -7.4873571714E-02  4.7931158292E-01
           Stress_EigVec3 =  1.6560120862E-01  9.7474097477E-01 -1.4985416846E-01
           -DivStress =  7.9871393331E+02 -1.6083657208E+01  1.3124177963E+03
           ESP =  -1.4752382103E+01     ESP at Nucleus =  -1.4752382125E+01
           ESPe = -2.8641918641E+01     ESPe at Nucleus = -2.8641919482E+01
           ESPn =  1.3889536537E+01     ESPn at Nucleus =  1.3889537357E+01

CP# 8      Coords = -5.75698627691193E+00 -7.53324721217449E-01  1.66444907649758E+00
           Type = (3,-3) NACP C8
           Rho =  1.1766267181E+02     Rho at Nucleus =  1.1766267154E+02
           GradRho = -8.0519074730E-10  4.2343863225E-10  1.3811784864E-09
           HessRho_EigVals = -1.4498371916E+05 -1.4498308353E+05 -1.4498272369E+05
           HessRho_EigVec1 =  1.7946725439E-01  9.7032314635E-01 -1.6206324773E-01
           HessRho_EigVec2 =  9.6157592573E-01 -2.0781324788E-01 -1.7940287919E-01
           HessRho_EigVec3 =  2.0775765607E-01  1.2363917530E-01  9.7033505073E-01
           DelSqRho = -4.3494952638E+05
           Bond Ellipticity = NA
           V = -1.0874754430E+05
           G =  5.0813519080E+00
           K =  1.0874246295E+05
           L =  1.0873738160E+05
           Vnuc =  3.0851717105E+06
           Ven = -3.6300954645E+08
           Vrep =  3.6290079891E+08
           DelSqV =  2.4948939625E+09
           DelSqVen =  1.3418940662E+12
           DelSqVrep = -1.3393991722E+12
           DelSqG =  1.3400919828E+08
           DelSqK = -2.6289031608E+09
           Stress_EigVals = -3.6249438909E+04 -3.6249253921E+04 -3.6248851468E+04
           Stress_EigVec1 =  1.4864729304E-01  1.3050806312E-01  9.8024059686E-01
           Stress_EigVec2 =  9.7357562018E-01 -1.9309035827E-01 -1.2192877160E-01
           Stress_EigVec3 =  1.7336232022E-01  9.7246272885E-01 -1.5576182756E-01
           -DivStress =  7.4065141812E+02 -4.0433835831E+02 -1.3379659891E+03
           ESP =  -1.4749707104E+01     ESP at Nucleus =  -1.4749707130E+01
           ESPe = -2.8373111131E+01     ESPe at Nucleus = -2.8373112495E+01
           ESPn =  1.3623404028E+01     ESPn at Nucleus =  1.3623405365E+01

CP# 9      Coords = -7.51800585008714E+00 -1.17261411554573E+00 -2.80861753266818E+00
           Type = (3,-3) NACP C9
           Rho =  1.1750736157E+02     Rho at Nucleus =  1.1750736154E+02
           GradRho =  3.4498631382E-11  8.0201977871E-12  5.1572341721E-11
           HessRho_EigVals = -1.4479416551E+05 -1.4479399699E+05 -1.4479389927E+05
           HessRho_EigVec1 = -6.9610996644E-01  1.1085872858E-02 -7.1784957899E-01
           HessRho_EigVec2 =  2.0362551537E-01  9.6186913438E-01 -1.8260453942E-01
           HessRho_EigVec3 = -6.8845302245E-01  2.7328533029E-01  6.7182405742E-01
           DelSqRho = -4.3438206177E+05
           Bond Ellipticity = NA
           V = -1.0860600404E+05
           G =  5.2442987342E+00
           K =  1.0860075974E+05
           L =  1.0859551544E+05
           Vnuc =  9.7941681180E+06
           Ven = -1.1508868543E+09
           Vrep =  1.1507782483E+09
           DelSqV =  2.4916610475E+09
           DelSqVen =  4.2544124396E+12
           DelSqVrep = -4.2519205164E+12
           DelSqG =  1.3383689285E+08
           DelSqK = -2.6254979404E+09
           Stress_EigVals = -3.6202041294E+04 -3.6202010446E+04 -3.6201952301E+04
           Stress_EigVec1 = -6.8859539392E-01  2.6889681765E-01  6.7344701717E-01
           Stress_EigVec2 =  1.9644256982E-01  9.6315157498E-01 -1.8370998984E-01
           Stress_EigVec3 = -6.9803058689E-01  5.7918098686E-03 -7.1604452006E-01
           -DivStress = -4.2961717355E+02  4.6330116866E+00 -2.4849858674E+02
           ESP =  -1.4746840561E+01     ESP at Nucleus =  -1.4746840562E+01
           ESPe = -2.6399887008E+01     ESPe at Nucleus = -2.6399886250E+01
           ESPn =  1.1653046446E+01     ESPn at Nucleus =  1.1653045688E+01

CP# 10     Coords = -8.13352376766037E+00 -1.28443496912110E-01  3.09133981532666E+00
           Type = (3,-3) NACP C10
           Rho =  1.1750749394E+02     Rho at Nucleus =  1.1750749391E+02
           GradRho = -1.1373611657E-12 -9.7907407008E-12 -3.6151207208E-11
           HessRho_EigVals = -1.4479442707E+05 -1.4479425513E+05 -1.4479415117E+05
           HessRho_EigVec1 =  8.1852236565E-01 -2.2516374029E-01 -5.2850962810E-01
           HessRho_EigVec2 =  1.8493358640E-01  9.7429145744E-01 -1.2866905058E-01
           HessRho_EigVec3 =  5.4389402052E-01  7.5793146969E-03  8.3911968660E-01
           DelSqRho = -4.3438283336E+05
           Bond Ellipticity = NA
           V = -1.0860619532E+05
           G =  5.2434904603E+00
           K =  1.0860095183E+05
           L =  1.0859570834E+05
           Vnuc =  9.4707513188E+06
           Ven = -1.1128842532E+09
           Vrep =  1.1127756470E+09
           DelSqV =  2.4916655453E+09
           DelSqVen =  4.1139290767E+12
           DelSqVrep = -4.1114374112E+12
           DelSqG =  1.3383722394E+08
           DelSqK = -2.6255027693E+09
           Stress_EigVals = -3.6202106519E+04 -3.6202073934E+04 -3.6202014870E+04
           Stress_EigVec1 =  5.3925663615E-01  1.1908115871E-02  8.4205728852E-01
           Stress_EigVec2 =  1.7930286440E-01  9.7534996391E-01 -1.2861932480E-01
           Stress_EigVec3 =  8.2283215979E-01 -2.2034210826E-01 -5.2382878133E-01
           -DivStress = -4.8800653706E+02  8.6602853972E+01  1.3297407658E+02
           ESP =  -1.4745617221E+01     ESP at Nucleus =  -1.4745617221E+01
           ESPe = -2.6088958760E+01     ESPe at Nucleus = -2.6088958009E+01
           ESPn =  1.1343341539E+01     ESPn at Nucleus =  1.1343340788E+01

CP# 11     Coords = -9.64820614773924E-02  3.90447409823734E+00 -9.83288461209754E-01
           Type = (3,-3) NACP C11
           Rho =  1.1752818626E+02     Rho at Nucleus =  1.1752818603E+02
           GradRho =  1.0619505189E-09 -8.2992971236E-10 -1.1053036806E-10
           HessRho_EigVals = -1.4482528594E+05 -1.4482475824E+05 -1.4482451770E+05
           HessRho_EigVec1 =  6.9797751222E-01 -6.9141248368E-01  1.8648369858E-01
           HessRho_EigVec2 =  2.9261722609E-01  3.7687418078E-02 -9.5548669144E-01
           HessRho_EigVec3 =  6.5360733734E-01  7.2147656644E-01  2.2862417337E-01
           DelSqRho = -4.3447456188E+05
           Bond Ellipticity = NA
           V = -1.0862926746E+05
           G =  5.3134975518E+00
           K =  1.0862395397E+05
           L =  1.0861864047E+05
           Vnuc =  3.3045914023E+06
           Ven = -3.8838263385E+08
           Vrep =  3.8827400459E+08
           DelSqV =  2.4921967713E+09
           DelSqVen =  1.4357608858E+12
           DelSqVrep = -1.4332687054E+12
           DelSqG =  1.3387057907E+08
           DelSqK = -2.6260673504E+09
           Stress_EigVals = -3.6209856687E+04 -3.6209787912E+04 -3.6209622865E+04
           Stress_EigVec1 =  6.5715217207E-01  7.2048839917E-01  2.2146667788E-01
           Stress_EigVec2 =  2.8145160277E-01  3.8016714987E-02 -9.5882205058E-01
           Stress_EigVec3 =  6.9923959988E-01 -6.9242414461E-01  1.7779984790E-01
           -DivStress = -1.1581371405E+03  8.9992941050E+02  1.1491598136E+02
           ESP =  -1.4726539163E+01     ESP at Nucleus =  -1.4726539176E+01
           ESPe = -2.8695051549E+01     ESPe at Nucleus = -2.8695049051E+01
           ESPn =  1.3968512386E+01     ESPn at Nucleus =  1.3968509875E+01

CP# 12     Coords =  7.68968273478882E+00 -3.01668459848179E+00  6.03974758075961E-01
           Type = (3,-3) NACP C12
           Rho =  1.1752274531E+02     Rho at Nucleus =  1.1752274512E+02
           GradRho = -7.9499110886E-10  4.4629915079E-10 -2.6144371108E-10
           HessRho_EigVals = -1.4481647633E+05 -1.4481598266E+05 -1.4481576863E+05
           HessRho_EigVec1 =  7.4656181080E-01 -6.5043332740E-01  1.3993551821E-01
           HessRho_EigVec2 =  3.5680126019E-01  2.1389098392E-01 -9.0936434267E-01
           HessRho_EigVec3 =  5.6154992955E-01  7.2882585959E-01  3.9175827115E-01
           DelSqRho = -4.3444822762E+05
           Bond Ellipticity = NA
           V = -1.0862267619E+05
           G =  5.3096441181E+00
           K =  1.0861736655E+05
           L =  1.0861205691E+05
           Vnuc =  3.6987928694E+06
           Ven = -4.3469229235E+08
           Vrep =  4.3458366967E+08
           DelSqV =  2.4920439749E+09
           DelSqVen =  1.6069338890E+12
           DelSqVrep = -1.6044418450E+12
           DelSqG =  1.3386041745E+08
           DelSqK = -2.6259043924E+09
           Stress_EigVals = -3.6207650171E+04 -3.6207591050E+04 -3.6207434973E+04
           Stress_EigVec1 =  5.5489082784E-01  7.3677151395E-01  3.8634687188E-01
           Stress_EigVec2 =  3.5448083611E-01  2.1073871335E-01 -9.1100632903E-01
           Stress_EigVec3 =  7.5262175494E-01 -6.4246161825E-01  1.4423440318E-01
           -DivStress =  1.0896008178E+03 -6.4055762537E+02  3.5809408060E+02
           ESP =  -1.4721511275E+01     ESP at Nucleus =  -1.4721511284E+01
           ESPe = -2.7137235902E+01     ESPe at Nucleus = -2.7137233270E+01
           ESPn =  1.2415724627E+01     ESPn at Nucleus =  1.2415721986E+01

CP# 13     Coords = -3.63015490825224E+00 -1.61882315110689E+00 -1.48595532785638E+00
           Type = (3,-3) NACP H13
           Rho =  4.2639207615E-01     Rho at Nucleus =  4.2267072145E-01
           GradRho = -9.1702256503E-10  2.0779848805E-10  3.2010180573E-10
           HessRho_EigVals = -6.5020639824E+00 -6.4935674064E+00 -5.8957573921E+00
           HessRho_EigVec1 =  3.4968026548E-01  9.4649880553E-02  9.3207570081E-01
           HessRho_EigVec2 =  1.6464778931E-01  9.7319084779E-01 -1.6059476719E-01
           HessRho_EigVec3 =  9.2228781701E-01 -2.0962102443E-01 -3.2472174043E-01
           DelSqRho = -1.8891388781E+01
           Bond Ellipticity = NA
           V = -4.7323538689E+00
           G =  4.7533368232E-03
           K =  4.7276005320E+00
           L =  4.7228471952E+00
           Vnuc =  4.3978958588E+01
           Ven = -1.8752279459E+01
           Vrep =  1.4019925591E+01
           DelSqV =  7.1130987705E+02
           DelSqVen =  8.3082360647E+02
           DelSqVrep = -1.1951372943E+02
           DelSqG =  7.0107997750E+01
           DelSqK = -7.8141787480E+02
           Stress_EigVals = -1.6286674664E+00 -1.6276527378E+00 -1.4760336646E+00
           Stress_EigVec1 =  3.5060534615E-01  9.1896181984E-02  9.3200374623E-01
           Stress_EigVec2 =  1.6558249595E-01  9.7341329247E-01 -1.5826875587E-01
           Stress_EigVec3 =  9.2176912960E-01 -2.0981337847E-01 -3.2606750517E-01
           -DivStress =  7.3318679479E+00 -1.6620890887E+00 -2.5571009969E+00
           ESP =  -1.1289822645E+00     ESP at Nucleus =  -1.1314662726E+00
           ESPe = -1.6587222618E+01     ESPe at Nucleus = -1.6532558585E+01
           ESPn =  1.5458240354E+01     ESPn at Nucleus =  1.5401092312E+01

CP# 14     Coords = -4.08648698068673E+00 -8.76404821813813E-01  2.80748571719741E+00
           Type = (3,-3) NACP H14
           Rho =  4.3011334119E-01     Rho at Nucleus =  4.2658450870E-01
           GradRho = -5.3277203477E-15  4.5357597886E-16 -1.1866728303E-15
           HessRho_EigVals = -6.5723377252E+00 -6.5635718037E+00 -5.9810901509E+00
           HessRho_EigVec1 = -5.3531454669E-01  2.1440238151E-01  8.1698834441E-01
           HessRho_EigVec2 =  1.7115557251E-01  9.7471576423E-01 -1.4364869981E-01
           HessRho_EigVec3 =  8.2713004183E-01 -6.2934869203E-02  5.5847568984E-01
           DelSqRho = -1.9116999680E+01
           Bond Ellipticity = NA
           V = -4.7887779184E+00
           G =  4.7639991967E-03
           K =  4.7840139192E+00
           L =  4.7792499200E+00
           Vnuc =  4.4170625013E+01
           Ven = -1.8998375107E+01
           Vrep =  1.4209597188E+01
           DelSqV =  7.2091276870E+02
           DelSqVen =  8.4440982423E+02
           DelSqVrep = -1.2349705553E+02
           DelSqG =  7.1157909375E+01
           DelSqK = -7.9207067807E+02
           Stress_EigVals = -1.6462512030E+00 -1.6452425786E+00 -1.4972841367E+00
           Stress_EigVec1 = -5.3485472724E-01  2.2353375815E-01  8.1483929687E-01
           Stress_EigVec2 =  1.7616012390E-01  9.7267933958E-01 -1.5120354861E-01
           Stress_EigVec3 =  8.2637644660E-01 -6.2670258743E-02  5.5961987739E-01
           -DivStress =  6.4416183757E+00 -4.9622341829E-01  4.3258117420E+00
           ESP =  -1.1247473389E+00     ESP at Nucleus =  -1.1270947163E+00
           ESPe = -1.5821286135E+01     ESPe at Nucleus = -1.5756871690E+01
           ESPn =  1.4696538796E+01     ESPn at Nucleus =  1.4629776973E+01

CP# 15     Coords = -7.65839373175856E+00 -2.99918356694219E+00 -3.71196791643635E+00
           Type = (3,-3) NACP H15
           Rho =  4.2149127692E-01     Rho at Nucleus =  4.1813123456E-01
           GradRho =  2.4249265790E-15  6.9520127502E-15  3.5794121573E-15
           HessRho_EigVals = -6.4076942267E+00 -6.4061886013E+00 -5.8491685761E+00
           HessRho_EigVec1 =  7.5924312744E-01 -3.3846630794E-01  5.5586907796E-01
           HessRho_EigVec2 = -6.4670250736E-01 -2.9659418032E-01  7.0271456451E-01
           HessRho_EigVec3 =  7.2977670645E-02  8.9301313013E-01  4.4407410305E-01
           DelSqRho = -1.8663051404E+01
           Bond Ellipticity = NA
           V = -4.6755730705E+00
