AIMSum (Version 19.02.13, Professional)
Copyright (c) 1997-2019 by Todd A. Keith
AIMSum is a component of the AIMAll package ( http://aim.tkgristmill.com )

TP:  64-bit Linux

Much of the Quantum Theory of Atoms in Molecules (QTAIM) is described in the book:
  "Atoms in Molecules - A Quantum Theory"
  R.F.W. Bader, Oxford University Press, Oxford, 1990

For additional references see:  http://aim.tkgristmill.com/references.html

Wfn File:  /home/mhennefarth/Documents/ML_Diels/summary-N-liu2013/4a-opt/4a-opt.wfn
Sum File:  /home/mhennefarth/Documents/ML_Diels/summary-N-liu2013/4a-opt/4a-opt.sum

SumViz File:  /home/mhennefarth/Documents/ML_Diels/summary-N-liu2013/4a-opt/4a-opt.sumviz

Wfn Title:   Title Card Required                                                           
 
Total memory allocated for AIMSum =        1.344 Megabytes

Atomic units (a.u.) used throughout, except where stated otherwise

Model:  Restricted SCF
 
Restricted, closed-shell, single-determinant wavefunction.
  Number of electrons (from MO Occs)                   =         128.0000000000
  Number of Alpha electrons (from MO Occs)             =          64.0000000000
  Number of Beta electrons (from MO Occs)              =          64.0000000000
  Number of electron pairs (N*(N-1)/2)                 =        8128.0000000000
  Number of electron pairs (from Muller 2EDM)          =        8128.0000000000
 
Nuclear Charges and Cartesian Coordinates:
-------------------------------------------------------------------------------
Atom      Charge                X                  Y                  Z
-------------------------------------------------------------------------------
C1         6.0           2.3810832400E+00  -1.1785681200E+00   1.5091086000E-01
N2         7.0           1.2535712400E+00  -8.6105941000E-01   2.3809047900E+00
N3         7.0          -1.2525579200E+00  -8.6148901000E-01   2.3809116500E+00
C4         6.0          -2.3799632800E+00  -1.1793074600E+00   1.5090245000E-01
N5         7.0          -1.2410650300E+00  -1.7633037600E+00  -2.0397748200E+00
N6         7.0           1.2423754700E+00  -1.7629856900E+00  -2.0397573600E+00
C7         6.0           1.2246113500E+00   4.8740955600E+00  -1.1577528300E+00
C8         6.0          -1.2280107700E+00   4.8724909700E+00  -1.1596646600E+00
C9         6.0          -4.2373600000E-03   6.0509575800E+00   1.1318293200E+00
C10        6.0          -5.2565110500E+00  -1.0335613600E+00   5.4593570000E-02
F11        9.0          -6.2084317600E+00  -1.7313866000E-01   2.2250325900E+00
F12        9.0          -6.2286073900E+00  -3.3295528200E+00  -4.1443039000E-01
F13        9.0          -5.9748737500E+00   5.2633218000E-01  -1.8237145700E+00
C14        6.0           5.2575802100E+00  -1.0318684700E+00   5.4567660000E-02
F15        9.0           6.2093016700E+00  -1.7193903000E-01   2.2253016000E+00
F16        9.0           5.9754017500E+00   5.2891484000E-01  -1.8231821200E+00
F17        9.0           6.2303686100E+00  -3.3274036500E+00  -4.1530582000E-01
H18        1.0           2.9883164400E+00   4.4375085000E+00  -2.0863144200E+00
H19        1.0          -2.9896352700E+00   4.4341409700E+00  -2.0913450200E+00
H20        1.0          -5.6623500000E-03   8.1062715600E+00   1.3510088200E+00
H21        1.0          -5.0312300000E-03   5.0395960200E+00   2.9350309400E+00
 
Some Atomic Properties:
----------------------
  q(A) = Net Charge of Atom A
  L(A) = Lagrangian of Atom A = -(1/4) Times Atomic Integral of the Laplacian of the Electron Density
  K(A) = Electronic Kinetic Energy of Atom A (Hamiltonian Form)
  K_Scaled(A) = K(A) * E(Mol)/K(Mol) = Approximation to Virial-Based Total Energy of Atom A.
  |Mu_Intra(A)| = Magnitude of Intraatomic Dipole Moment of Atom A
--------------------------------------------------------------------------------------------------
Atom A          q(A)              L(A)              K(A)          K_Scaled(A)      |Mu_Intra(A)|
--------------------------------------------------------------------------------------------------
C1        1.0994742221E+00 -1.6183412464E-04  3.7155777253E+01 -3.7443146351E+01  4.8363655999E-01
N2       -5.5487192280E-01 -5.6647138052E-05  5.4574560860E+01 -5.4996649791E+01  6.3197252801E-01
N3       -5.5480534740E-01  6.4862518631E-05  5.4574599155E+01 -5.4996688382E+01  6.3216600620E-01
C4        1.0994448539E+00 -1.0980506589E-04  3.7155797249E+01 -3.7443166501E+01  4.8317362732E-01
N5       -5.2638405840E-01 -1.5173142192E-04  5.4555163481E+01 -5.4977102390E+01  6.2802682712E-01
N6       -5.2630537310E-01  1.1731912203E-05  5.4555189106E+01 -5.4977128213E+01  6.2808788271E-01
C7       -1.5490179460E-01 -5.3204791663E-05  3.7765013799E+01 -3.8057094835E+01  2.5353256170E-01
C8       -1.5484266420E-01 -2.2173654547E-07  3.7765010664E+01 -3.8057091676E+01  2.5385915600E-01
C9        5.0177998200E-02 -1.1323352185E-04  3.7573824882E+01 -3.7864427231E+01  3.2012205216E-01
C10       1.8359341650E+00 -2.5507057953E-04  3.6438672697E+01 -3.6720495586E+01  7.1074137627E-01
F11      -6.2330992600E-01  5.1319928427E-05  9.9635218298E+01 -1.0040581401E+02  3.5292165261E-01
F12      -6.1883692070E-01  5.9395891324E-05  9.9631367099E+01 -1.0040193303E+02  3.3986109216E-01
F13      -6.2515404510E-01  6.1546753684E-05  9.9617536013E+01 -1.0038799497E+02  3.2174633717E-01
C14       1.8363803404E+00  3.1555489224E-04  3.6438702124E+01 -3.6720525241E+01  7.0993851041E-01
F15      -6.2330329540E-01  8.1863003297E-05  9.9635225663E+01 -1.0040582144E+02  3.5291209343E-01
F16      -6.2514714900E-01  6.9460442836E-05  9.9617558107E+01 -1.0038801724E+02  3.2177095567E-01
F17      -6.1883071430E-01  6.1663050117E-05  9.9631356158E+01 -1.0040192200E+02  3.3985739131E-01
H18       1.2485156620E-01  6.9238766590E-06  5.5730356000E-01 -5.6161384047E-01  1.3313708795E-01
H19       1.2490043093E-01  2.1862100498E-05  5.5730002611E-01 -5.6161027925E-01  1.3312913470E-01
H20       1.6736948540E-02  3.1320694260E-05  6.0915693201E-01 -6.1386825527E-01  1.5468484971E-01
H21       1.8574371100E-02  2.7727363648E-05  6.0880871501E-01 -6.1351734511E-01  1.5070816423E-01
--------------------------------------------------------------------------------------------------
Total    -2.1831463000E-04 -3.6515952266E-05  1.0786531418E+03 -1.0869956286E+03
 
1st Largest |L(A)| = 3.1555489224E-04, atom C14     
2nd Largest |L(A)| = 2.5507057953E-04, atom C10     
 
Molecular charge q(Mol) from the wfn file:   0.0000000000E+00
Molecular energy E(Mol) from the wfn file:  -1.0869956075E+03
Molecular virial ratio (-V(Mol)/T(Mol)) from the wfn file:   2.0077341700E+00
Note.  K_Scaled(A) = (1+V(Mol)/T(Mol))*K(A) = (E(Mol)/T(Mol))*K(A)
       Only use K_Scaled(A) data with caution.
 
N_AIMInt(SumA)     =        128.000218
N_Analytic(Mol)    =        127.999987
 
G_AIMInt(SumA)     =       1078.653178
G_Analytic(Mol)    =       1078.653083
 
K_AIMInt(SumA)     =       1078.653142
K_Analytic(Mol)    =       1078.653083
 
L_AIMInt(SumA)     =         -0.000037
L_Analytic(Mol)    =          0.000000
 
VenT_AIMInt(SumA)  =      -5175.272951
VenT_Analytic(Mol) =      -5175.267328
 
Some Information About the Atomic Calculations:
----------------------------------------------
  Time(sec) = "Elapsed User Time", in Seconds, for Atom A by AIMInt and, if used, by TWOe
  NProc = Number of Processors Used for AIMInt Job
  BIM = Basin Integration Method
  OAQ = Angular Quadrature Outside of Beta Sphere
  ORQ = Multiple of Default for Radial Quadrature Outside of Beta Sphere
  IAQ = Multiple of Default for Angular Quadrature Inside of Beta Sphere
  IRQ = Multiple of Default for Radial Quadrature Inside of Beta Sphere
  MIR = Maximum Integration Radius
------------------------------------------------------------------------------------------------------
Atom A     Time(sec)   NProc      BIM          OAQ                     ORQ      IAQ      IRQ      MIR
------------------------------------------------------------------------------------------------------
C1             87        8     Proaim(5)    4500(GS4)                  1.00     1.00     1.00    13.00
N2             76        8     Proaim(5)    4500(GS4)                  1.00     1.00     1.00    13.00
N3             41        8     Proaim(5)    4500(GS4)                  1.00     1.00     1.00    13.00
C4             47        8     Proaim(5)    4500(GS4)                  1.00     1.00     1.00    13.00
N5             24        8     Proaim(5)    4500(GS4)                  1.00     1.00     1.00    13.00
N6             25        8     Proaim(5)    4500(GS4)                  1.00     1.00     1.00    13.00
C7             72        8     Proaim(5)    4500(GS4)                  1.00     1.00     1.00    13.00
C8            134        8     Proaim(5)    4500(GS4)                  1.00     1.00     1.00    13.00
C9             38        8     Proaim(5)    4500(GS4)                  1.00     1.00     1.00    13.00
C10            34        8     Proaim(5)    4500(GS4)                  1.00     1.00     1.00    13.00
F11            14        8     Proaim(5)    2700(GS4)                  1.00     1.00     1.00    13.00
F12            11        8     Proaim(5)    2700(GS4)                  1.00     1.00     1.00    13.00
F13            19        8     Proaim(5)    4500(GS4)                  1.00     1.00     1.00    13.00
C14            33        8     Proaim(5)    5400(GS5)                  1.00     1.00     1.00    13.00
F15            14        8     Proaim(5)    2700(GS4)                  1.00     1.00     1.00    13.00
F16            19        8     Proaim(5)    4500(GS4)                  1.00     1.00     1.00    13.00
F17            12        8     Proaim(5)    2700(GS4)                  1.00     1.00     1.00    13.00
H18            14        8     Proaim(5)    4500(GS4)                  1.00     1.00     1.00    13.00
H19            16        8     Proaim(5)    4500(GS4)                  1.00     1.00     1.00    13.00
H20             6        8     Proaim(5)    1800(GS4)                  1.00     1.00     1.00    13.00
H21            15        8     Proaim(5)    4500(GS4)                  1.00     1.00     1.00    13.00
------------------------------------------------------------------------------------------------------
Total         751
Note:  Total wall clock time is less than total of atomic times if more than one atom
       was calculated at a time
 
Electron Density Critical Point Analysis of Molecular Structure:               
---------------------------------------------------------------                
  NACP = Nuclear Attractor Critical Point                                      
  NNACP = Non-Nuclear Attractor Critical Point                                 
  BCP = Bond Critical Point                                                    
  RCP = Ring Critical Point                                                    
  CCP = Cage Critical Point                                                    
  Rho = Electron Density                                                       
  GradRho = Gradient of Electron Density                                       
  HessRho_EigVals = Eigenvalues of the Hessian of Rho, Ascending Order         
  HessRho_EigVecs = Eigenvectors of the Hessian of Rho                         
  DelSqRho = Laplacian of Rho = Trace of Hessian of Rho                        
  Bond Ellipticity = (HessRho_EigVal(1) / HessRho_EigVal(2)) - 1               
  V = Virial Field = Potential Energy Density = Trace of Stress Tensor         
  G = Lagrangian Form of Kinetic Energy Density                                
  K = Hamiltonian Form of Kinetic Energy Density                               
  L = K - G = Lagrangian Density = (-1/4)DelSqRho                              
  Vnuc = Electrostatic Potential from Nuclei                                   
  Ven = Electron-nuclear attractive contribution to Virial Field V             
  Vrep = V - Ven = Repulsive contribution to Virial Field V                    
  DelSqV = Laplacian of V                                                      
  DelSqVen = Laplacian of Ven                                                  
  DelSqVrep = Laplacian of Vrep                                                
  DelSqG = Laplacian of G                                                      
  DelSqK = Laplacian of K                                                      
  Stress_EigVals = Eigenvalues of Stress Tensor, Ascending Order               
  Stress_EigVecs = Eigenvectors of Stress Tensor                               
  -DivStress = Ehrenfest Force Density = Minus Divergence of Stress Tensor     
  ESP = Total Electrostatic Potential                                          
  ESPe = Electrostatic Potential from Electrons                                
  ESPn = Electrostatic Potential from Nuclei                                   
  BP = Bond Path                                                               
  BPL = Bond Path Length                                                       
  GBL = Geometric Bond Length                                                  
  GBL_I = Distance Between Nuclear Attractors                                  
  GBL_II = Distance Between Nuclei                                             
  GBL_III = Sum of Distances Between BCP and Nuclear Attractors                
  GBL_IV = Sum of Distances Between BCP and Nuclei                             

CP# 1      Coords =  2.38108304171753E+00 -1.17856823821132E+00  1.50910777752698E-01
           Type = (3,-3) NACP C1
           Rho =  1.1762435970E+02     Rho at Nucleus =  1.1762435970E+02
           GradRho = -1.3141297905E-11 -1.1122635419E-11 -5.3751875997E-13
           HessRho_EigVals = -1.4489740792E+05 -1.4489649190E+05 -1.4489621887E+05
           HessRho_EigVec1 = -6.1704510944E-02  9.7872149948E-01 -1.9569563046E-01
           HessRho_EigVec2 =  8.9802629697E-02  2.0071805849E-01  9.7552434552E-01
           HessRho_EigVec3 =  9.9404629723E-01  4.2620270418E-02 -1.0027697403E-01
           DelSqRho = -4.3469011868E+05
           Bond Ellipticity = NA
           V = -1.0868299665E+05
           G =  5.2334908696E+00
           K =  1.0867776316E+05
           L =  1.0867252967E+05
           Vnuc =  2.4483811285E+07
           Ven = -2.8798926254E+09
           Vrep =  2.8797839424E+09
           DelSqV =  2.4933728781E+09
           DelSqVen =  1.0642853462E+13
           DelSqVrep = -1.0640360089E+13
           DelSqG =  1.3389059866E+08
           DelSqK = -2.6272634767E+09
           Stress_EigVals = -3.6227872904E+04 -3.6227831111E+04 -3.6227292637E+04
           Stress_EigVec1 =  9.5421127218E-01  6.5981367775E-03 -2.9906071731E-01
           Stress_EigVec2 =  2.9112847126E-01  2.0925381977E-01  9.3351864049E-01
           Stress_EigVec3 = -6.8739081115E-02  9.7783909898E-01 -1.9775144810E-01
           -DivStress =  1.6105458574E+02  9.4676007496E+01  6.7147300200E+01
           ESP =  -1.4596951890E+01     ESP at Nucleus =  -1.4596951890E+01
           ESPe = -3.9756732257E+01     ESPe at Nucleus = -3.9756732176E+01
           ESPn =  2.5159780368E+01     ESPn at Nucleus =  2.5159780286E+01

CP# 2      Coords =  1.25356296522991E+00 -8.61061184516960E-01  2.38089266120668E+00
           Type = (3,-3) NACP N2
           Rho =  1.9145309837E+02     Rho at Nucleus =  1.9145306313E+02
           GradRho =  3.2141469228E-11 -1.0236217256E-11 -6.6740132518E-11
           HessRho_EigVals = -3.2217788787E+05 -3.2217628217E+05 -3.2216618627E+05
           HessRho_EigVec1 = -1.1312110214E-01  9.8979060518E-01 -8.6707405415E-02
           HessRho_EigVec2 =  9.1039296144E-01  6.8299395365E-02 -4.0806843588E-01
           HessRho_EigVec3 =  3.9798024074E-01  1.2509896281E-01  9.0882450313E-01
           DelSqRho = -9.6652035631E+05
           Bond Ellipticity = NA
           V = -2.4166261962E+05
           G =  1.6265269353E+01
           K =  2.4164635435E+05
           L =  2.4163008908E+05
           Vnuc =  4.7333252624E+05
           Ven = -9.0620978706E+07
           Vrep =  9.0379316086E+07
           DelSqV =  7.5877574132E+09
           DelSqVen =  4.5748552198E+11
           DelSqVrep = -4.4989776457E+11
           DelSqG =  4.0669858686E+08
           DelSqK = -7.9944560000E+09
           Stress_EigVals = -8.0555800169E+04 -8.0553732523E+04 -8.0553086924E+04
           Stress_EigVec1 =  3.6781728497E-01  1.2575929166E-01  9.2135500511E-01
           Stress_EigVec2 =  9.2762433918E-01  1.9623975976E-02 -3.7299863931E-01
           Stress_EigVec3 = -6.4988693157E-02  9.9186667457E-01 -1.0943934226E-01
           -DivStress =  2.0427174637E+04  4.3770868301E+03  2.9928260139E+04
           ESP =  -1.8250887504E+01     ESP at Nucleus =  -1.8250889116E+01
           ESPe = -4.0980297584E+01     ESPe at Nucleus = -4.0980265644E+01
           ESPn =  2.2729410080E+01     ESPn at Nucleus =  2.2729376528E+01

CP# 3      Coords = -1.25254964469292E+00 -8.61490781400365E-01  2.38089952124426E+00
           Type = (3,-3) NACP N3
           Rho =  1.9145308544E+02     Rho at Nucleus =  1.9145305021E+02
           GradRho =  7.0358423406E-12  2.5841559795E-12  2.8898390625E-11
           HessRho_EigVals = -3.2217786357E+05 -3.2217625821E+05 -3.2216616242E+05
           HessRho_EigVec1 =  1.1285095724E-01  9.8982651525E-01 -8.6649472919E-02
           HessRho_EigVec2 =  9.1041117051E-01 -6.8074680383E-02  4.0806536057E-01
           HessRho_EigVec3 = -3.9801527868E-01  1.2493721462E-01  9.0883140920E-01
           DelSqRho = -9.6652028420E+05
           Bond Ellipticity = NA
           V = -2.4166260163E+05
           G =  1.6265291849E+01
           K =  2.4164633634E+05
           L =  2.4163007105E+05
           Vnuc =  4.7333585431E+05
           Ven = -9.0621609760E+07
           Vrep =  9.0379947158E+07
           DelSqV =  7.5877568282E+09
           DelSqVen =  4.5748870413E+11
           DelSqVrep = -4.4990094730E+11
           DelSqG =  4.0669855394E+08
           DelSqK = -7.9944553821E+09
           Stress_EigVals = -8.0555794134E+04 -8.0553726502E+04 -8.0553080997E+04
           Stress_EigVec1 = -3.6785142503E-01  1.2560651267E-01  9.2136221600E-01
           Stress_EigVec2 =  9.2763170316E-01 -1.9361747796E-02  3.7299402945E-01
           Stress_EigVec3 =  6.4689662143E-02  9.9189118692E-01 -1.0939433676E-01
           -DivStress = -2.0428496402E+04  4.3693895898E+03  2.9928166389E+04
           ESP =  -1.8250888874E+01     ESP at Nucleus =  -1.8250890486E+01
           ESPe = -4.0980597867E+01     ESPe at Nucleus = -4.0980565928E+01
           ESPn =  2.2729708993E+01     ESPn at Nucleus =  2.2729675442E+01

CP# 4      Coords = -2.37996308162924E+00 -1.17930757801006E+00  1.50902367657874E-01
           Type = (3,-3) NACP C4
           Rho =  1.1762437981E+02     Rho at Nucleus =  1.1762437981E+02
           GradRho = -1.2635400254E-11 -7.9637522705E-12 -1.0438320266E-12
           HessRho_EigVals = -1.4489743958E+05 -1.4489652355E+05 -1.4489625051E+05
           HessRho_EigVec1 =  6.1411727252E-02  9.7875742192E-01 -1.9560804888E-01
           HessRho_EigVec2 = -8.9872273852E-02  2.0060430050E-01  9.7554133127E-01
           HessRho_EigVec3 =  9.9405813419E-01 -4.2329938022E-02  1.0028261165E-01
           DelSqRho = -4.3469021365E+05
           Bond Ellipticity = NA
           V = -1.0868302038E+05
           G =  5.2334830783E+00
           K =  1.0867778690E+05
           L =  1.0867255341E+05
           Vnuc =  2.4483182063E+07
           Ven = -2.8798191060E+09
           Vrep =  2.8797104230E+09
           DelSqV =  2.4933734302E+09
           DelSqVen =  1.0642647941E+13
           DelSqVrep = -1.0640146179E+13
           DelSqG =  1.3389063440E+08
           DelSqK = -2.6272640646E+09
           Stress_EigVals = -3.6227880816E+04 -3.6227839024E+04 -3.6227300538E+04
           Stress_EigVec1 =  9.5423587212E-01 -6.3280816884E-03  2.9898805285E-01
           Stress_EigVec2 = -2.9112084462E-01  2.0911066592E-01  9.3355309609E-01
           Stress_EigVec3 =  6.8429191085E-02  9.7787150730E-01 -1.9769866217E-01
           -DivStress = -1.6112654707E+02  9.4511706276E+01  6.7223337289E+01
           ESP =  -1.4596952094E+01     ESP at Nucleus =  -1.4596952094E+01
           ESPe = -3.9757323289E+01     ESPe at Nucleus = -3.9757323208E+01
           ESPn =  2.5160371195E+01     ESPn at Nucleus =  2.5160371113E+01

CP# 5      Coords = -1.24105671924361E+00 -1.76330066177246E+00 -2.03976309681938E+00
           Type = (3,-3) NACP N5
           Rho =  1.9144008913E+02     Rho at Nucleus =  1.9144005432E+02
           GradRho = -2.7164006179E-11 -3.4877203556E-11 -6.7043348087E-11
           HessRho_EigVals = -3.2215382811E+05 -3.2215213595E+05 -3.2214211976E+05
           HessRho_EigVec1 =  9.9980801469E-02  9.4654966180E-01 -3.0667177417E-01
           HessRho_EigVec2 =  9.0750668730E-01 -2.1312531246E-01 -3.6195194943E-01
           HessRho_EigVec3 =  4.0796501301E-01  2.4211843987E-01  8.8030858750E-01
           DelSqRho = -9.6644808382E+05
           Bond Ellipticity = NA
           V = -2.4164459887E+05
           G =  1.6288959103E+01
           K =  2.4162830991E+05
           L =  2.4161202095E+05
           Vnuc =  4.7620142564E+05
           Ven = -9.1164043368E+07
           Vrep =  9.0922398769E+07
           DelSqV =  7.5871903906E+09
           DelSqVen =  4.6022395584E+11
           DelSqVrep = -4.5263676545E+11
           DelSqG =  4.0666532801E+08
           DelSqK = -7.9938557186E+09
           Stress_EigVals = -8.0549786756E+04 -8.0547744252E+04 -8.0547067865E+04
           Stress_EigVec1 =  3.8310400664E-01  2.4567375976E-01  8.9043569328E-01
           Stress_EigVec2 =  9.2193153393E-01 -1.6140671874E-01 -3.5212230531E-01
           Stress_EigVec3 =  5.7215092862E-02  9.5582021056E-01 -2.8832994683E-01
           -DivStress = -2.0516348624E+04 -7.6462189378E+03 -2.8926359902E+04
           ESP =  -1.8248986613E+01     ESP at Nucleus =  -1.8248988203E+01
           ESPe = -4.0931889039E+01     ESPe at Nucleus = -4.0931856992E+01
           ESPn =  2.2682902426E+01     ESPn at Nucleus =  2.2682868788E+01

CP# 6      Coords =  1.24236715821314E+00 -1.76298259350283E+00 -2.03974563698741E+00
           Type = (3,-3) NACP N6
           Rho =  1.9144008257E+02     Rho at Nucleus =  1.9144004776E+02
           GradRho = -4.3329618864E-12  2.5658074623E-11 -6.7930062833E-11
           HessRho_EigVals = -3.2215381942E+05 -3.2215212737E+05 -3.2214211116E+05
           HessRho_EigVec1 = -1.0031162427E-01  9.4650078039E-01 -3.0671460800E-01
           HessRho_EigVec2 =  9.0743577782E-01  2.1345670597E-01  3.6193444684E-01
           HessRho_EigVec3 = -4.0804152628E-01  2.4201757664E-01  8.8030086075E-01
           DelSqRho = -9.6644805795E+05
           Bond Ellipticity = NA
           V = -2.4164459242E+05
           G =  1.6288968239E+01
           K =  2.4162830346E+05
           L =  2.4161201449E+05
           Vnuc =  4.7619870371E+05
           Ven = -9.1163519158E+07
           Vrep =  9.0921874565E+07
           DelSqV =  7.5871902009E+09
           DelSqVen =  4.6022131232E+11
           DelSqVrep = -4.5263412212E+11
           DelSqG =  4.0666532004E+08
           DelSqK = -7.9938555210E+09
           Stress_EigVals = -8.0549784599E+04 -8.0547742088E+04 -8.0547065736E+04
           Stress_EigVec1 = -3.8318208626E-01  2.4557884360E-01  8.9042827917E-01
           Stress_EigVec2 =  9.2187929638E-01  1.6172504616E-01  3.5211301077E-01
           Stress_EigVec3 = -5.7533048547E-02  9.5579079354E-01 -2.8836419213E-01
           -DivStress =  2.0518889875E+04 -7.6419479614E+03 -2.8925940074E+04
           ESP =  -1.8248988567E+01     ESP at Nucleus =  -1.8248990157E+01
           ESPe = -4.0931578842E+01     ESPe at Nucleus = -4.0931546793E+01
           ESPn =  2.2682590274E+01     ESPn at Nucleus =  2.2682556635E+01

CP# 7      Coords =  1.22461061032937E+00  4.87409668604968E+00 -1.15775047325398E+00
           Type = (3,-3) NACP C7
           Rho =  1.1765649274E+02     Rho at Nucleus =  1.1765649220E+02
           GradRho = -1.1776138854E-09  1.7885768604E-09  3.8092927837E-09
           HessRho_EigVals = -1.4497697760E+05 -1.4497656559E+05 -1.4497547899E+05
           HessRho_EigVec1 =  1.7632604560E-02  9.0473990274E-01 -4.2559934169E-01
           HessRho_EigVec2 = -6.6293425829E-01  3.2922641358E-01  6.7240474254E-01
           HessRho_EigVec3 =  7.4846994626E-01  2.7028813698E-01  6.0558819553E-01
           DelSqRho = -4.3492902218E+05
           Bond Ellipticity = NA
           V = -1.0874257316E+05
           G =  5.1588074979E+00
           K =  1.0873741435E+05
           L =  1.0873225555E+05
           Vnuc =  2.2102448837E+06
           Ven = -2.6004966112E+08
           Vrep =  2.5994091854E+08
           DelSqV =  2.4947796005E+09
           DelSqVen =  9.6129966080E+11
           DelSqVrep = -9.5880488120E+11
           DelSqG =  1.3400395932E+08
           DelSqK = -2.6287835598E+09
           Stress_EigVals = -3.6247855821E+04 -3.6247545215E+04 -3.6247172125E+04
           Stress_EigVec1 =  9.9885928443E-01  1.4001828000E-02  4.5651711117E-02
           Stress_EigVec2 = -4.7230420162E-02  4.3044818199E-01  9.0137874949E-01
           Stress_EigVec3 =  7.0297458416E-03  9.0250668221E-01 -4.3061847526E-01
           -DivStress =  6.0284581222E+02 -9.2205717174E+02 -1.9174418138E+03
           ESP =  -1.4712670894E+01     ESP at Nucleus =  -1.4712670919E+01
           ESPe = -3.4069687291E+01     ESPe at Nucleus = -3.4069685705E+01
           ESPn =  1.9357016397E+01     ESPn at Nucleus =  1.9357014786E+01

CP# 8      Coords = -1.22801003468511E+00  4.87249209808175E+00 -1.15966230252739E+00
           Type = (3,-3) NACP C8
           Rho =  1.1765651350E+02     Rho at Nucleus =  1.1765651296E+02
           GradRho =  1.1649361584E-09  1.7630703594E-09  3.8224140605E-09
           HessRho_EigVals = -1.4497701187E+05 -1.4497659991E+05 -1.4497551346E+05
           HessRho_EigVec1 = -1.7874663648E-02  9.0473213186E-01 -4.2560576357E-01
           HessRho_EigVec2 =  6.6139675098E-01  3.2993045481E-01  6.7357273756E-01
           HessRho_EigVec3 =  7.4982320196E-01 -2.6945438310E-01 -6.0428428843E-01
           DelSqRho = -4.3492912523E+05
           Bond Ellipticity = NA
           V = -1.0874259894E+05
           G =  5.1588152680E+00
           K =  1.0873744012E+05
           L =  1.0873228131E+05
           Vnuc =  2.2100078045E+06
           Ven = -2.6002181308E+08
           Vrep =  2.5991307048E+08
           DelSqV =  2.4947802027E+09
           DelSqVen =  9.6119676109E+11
           DelSqVrep = -9.5870198089E+11
           DelSqG =  1.3400399952E+08
           DelSqK = -2.6287842022E+09
           Stress_EigVals = -3.6247864406E+04 -3.6247553793E+04 -3.6247180740E+04
           Stress_EigVec1 =  9.9895267533E-01 -1.2852924396E-02 -4.3913036716E-02
           Stress_EigVec2 =  4.5166511090E-02  4.3047700177E-01  9.0147076338E-01
           Stress_EigVec3 = -7.3170168168E-03  9.0251002946E-01 -4.3060667434E-01
           -DivStress = -5.9929304299E+02 -9.2370651223E+02 -1.9180363847E+03
           ESP =  -1.4712674720E+01     ESP at Nucleus =  -1.4712674745E+01
           ESPe = -3.4070704656E+01     ESPe at Nucleus = -3.4070703071E+01
           ESPn =  1.9358029936E+01     ESPn at Nucleus =  1.9358028326E+01

CP# 9      Coords = -4.23735503113876E-03  6.05095521277094E+00  1.13182465942437E+00
           Type = (3,-3) NACP C9
           Rho =  1.1744327151E+02     Rho at Nucleus =  1.1744326953E+02
           GradRho =  3.3514441663E-14  2.0519990221E-11  1.3622194085E-11
           HessRho_EigVals = -1.4469812393E+05 -1.4469715443E+05 -1.4469692710E+05
           HessRho_EigVec1 = -9.4565708492E-04  4.5600102454E-01  8.8997874770E-01
           HessRho_EigVec2 = -4.6537074711E-05  8.8997912461E-01 -4.5600126710E-01
           HessRho_EigVec3 =  9.9999955178E-01  4.7263783644E-04  8.2039411087E-04
           DelSqRho = -4.3409220547E+05
           Bond Ellipticity = NA
           V = -1.0853335188E+05
           G =  5.1502547628E+00
           K =  1.0852820162E+05
           L =  1.0852305137E+05
           Vnuc =  1.1478358533E+06
           Ven = -1.3480559777E+08
           Vrep =  1.3469706442E+08
           DelSqV =  2.4899828843E+09
           DelSqVen =  4.9826659635E+11
           DelSqVrep = -4.9577661347E+11
           DelSqG =  1.3373021108E+08
           DelSqK = -2.6237130954E+09
           Stress_EigVals = -3.6177934593E+04 -3.6177758401E+04 -3.6177658883E+04
           Stress_EigVec1 = -2.0931898450E-04  8.8855477212E-01 -4.5877050159E-01
           Stress_EigVec2 =  9.9999960331E-01  5.8318574955E-04  6.7326381766E-04
           Stress_EigVec3 = -8.6578019692E-04  4.5877017867E-01  8.8855454171E-01
           -DivStress = -4.0313924073E+00  1.9191758650E+03  3.7804666015E+03
           ESP =  -1.4712509936E+01     ESP at Nucleus =  -1.4712510042E+01
           ESPe = -3.2527247701E+01     ESPe at Nucleus = -3.2527238365E+01
           ESPn =  1.7814737765E+01     ESPn at Nucleus =  1.7814728323E+01

CP# 10     Coords = -5.25651826534212E+00 -1.03356097239352E+00  5.45930779516291E-02
           Type = (3,-3) NACP C10
           Rho =  1.1734864838E+02     Rho at Nucleus =  1.1734864459E+02
           GradRho = -4.8497414960E-11  2.4919186045E-12  3.1792415041E-13
           HessRho_EigVals = -1.4451437515E+05 -1.4451431214E+05 -1.4451259179E+05
           HessRho_EigVec1 =  5.7957580855E-02  8.3176465585E-01 -5.5209462604E-01
           HessRho_EigVec2 = -3.0098491964E-03  5.5316730561E-01  8.3306474707E-01
           HessRho_EigVec3 =  9.9831450938E-01 -4.6620695870E-02  3.4563725022E-02
           DelSqRho = -4.3354127908E+05
           Bond Ellipticity = NA
           V = -1.0839447538E+05
           G =  4.5778064656E+00
           K =  1.0838989758E+05
           L =  1.0838531977E+05
           Vnuc =  8.2846966716E+05
           Ven = -9.7219795668E+07
           Vrep =  9.7111401192E+07
           DelSqV =  2.4867487865E+09
           DelSqVen =  3.5917579802E+11
           DelSqVrep = -3.5668904923E+11
           DelSqG =  1.3349206905E+08
           DelSqK = -2.6202408556E+09
           Stress_EigVals = -3.6131813479E+04 -3.6131341703E+04 -3.6131320200E+04
           Stress_EigVec1 =  9.9848598537E-01 -4.5540704883E-02  3.0850951593E-02
           Stress_EigVec2 =  1.2981297554E-03  5.8021058423E-01  8.1446546446E-01
           Stress_EigVec3 =  5.4991380003E-02  8.1319230330E-01 -5.7939125466E-01
           -DivStress =  5.8296942504E+03 -3.1299736139E+02  3.9736435822E+02
           ESP =  -1.4439841605E+01     ESP at Nucleus =  -1.4439841824E+01
           ESPe = -3.8568609241E+01     ESPe at Nucleus = -3.8568614081E+01
           ESPn =  2.4128767635E+01     ESPn at Nucleus =  2.4128772257E+01

CP# 11     Coords = -6.20842907264732E+00 -1.73141212307412E-01  2.22502628286393E+00
           Type = (3,-3) NACP F11
           Rho =  4.1875801248E+02     Rho at Nucleus =  4.1875798107E+02
           GradRho = -2.0558146786E-10  1.0892927998E-11  1.4534482613E-11
           HessRho_EigVals = -1.1738251250E+06 -1.1737815251E+06 -1.1737804600E+06
           HessRho_EigVec1 = -3.9723055640E-01  3.4005840045E-01  8.5238968163E-01
           HessRho_EigVec2 = -4.9335979215E-02 -9.3538337926E-01  3.5017694807E-01
           HessRho_EigVec3 =  9.1639175368E-01  9.7047504304E-02  3.8833997436E-01
           DelSqRho = -3.5213871101E+06
           Bond Ellipticity = NA
           V = -8.8057982398E+05
           G =  1.1652322247E+02
           K =  8.8046330075E+05
           L =  8.8034677753E+05
           Vnuc =  1.2302876186E+06
           Ven = -5.1519279793E+08
           Vrep =  5.1431221811E+08
           DelSqV =  4.6340907097E+10
           DelSqVen =  4.3323189535E+12
           DelSqVrep = -4.2859780484E+12
           DelSqG =  2.4685125138E+09
           DelSqK = -4.8809419611E+10
           Stress_EigVals = -2.9353044223E+05 -2.9353018246E+05 -2.9351919929E+05
           Stress_EigVec1 =  9.1681746511E-01  9.9674915050E-02  3.8666606649E-01
           Stress_EigVec2 = -4.6595187312E-02 -9.3502322005E-01  3.5151168754E-01
           Stress_EigVec3 = -3.9657864817E-01  3.4028883213E-01  8.5260124710E-01
           -DivStress = -4.0429170185E+04  3.8537151754E+04  9.5131854368E+04
           ESP =  -2.6493246431E+01     ESP at Nucleus =  -2.6493247368E+01
           ESPe = -4.4578131192E+01     ESPe at Nucleus = -4.4578112708E+01
           ESPn =  1.8084884762E+01     ESPn at Nucleus =  1.8084865340E+01

CP# 12     Coords = -6.22860470191299E+00 -3.32954617777418E+00 -4.14429034823013E-01
           Type = (3,-3) NACP F12
           Rho =  4.1880403981E+02     Rho at Nucleus =  4.1880400859E+02
           GradRho =  5.1855749284E-10  2.1095496172E-10  1.6655465689E-11
           HessRho_EigVals = -1.1739921253E+06 -1.1739485827E+06 -1.1739478276E+06
           HessRho_EigVec1 =  3.9848228428E-01  8.9859044863E-01  1.8370376900E-01
           HessRho_EigVec2 =  5.0861436995E-02 -2.2163441700E-01  9.7380249508E-01
           HessRho_EigVec3 =  9.1576469868E-01 -3.7869960500E-01 -1.3402099025E-01
           DelSqRho = -3.5218885356E+06
           Bond Ellipticity = NA
           V = -8.8070501482E+05
           G =  1.1644045347E+02
           K =  8.8058857436E+05
           L =  8.8047213391E+05
           Vnuc =  1.2341515282E+06
           Ven = -5.1686764573E+08
           Vrep =  5.1598694071E+08
           DelSqV =  4.6347571465E+10
           DelSqVen =  4.3465441219E+12
           DelSqVrep = -4.3001965504E+12
           DelSqG =  2.4689496730E+09
           DelSqK = -4.8816521138E+10
           Stress_EigVals = -2.9357212025E+05 -2.9357193219E+05 -2.9356096238E+05
           Stress_EigVec1 =  9.1613829809E-01 -3.7880527853E-01 -1.3113801788E-01
           Stress_EigVec2 =  4.8193932403E-02 -2.2068411438E-01  9.7415392343E-01
           Stress_EigVec3 =  3.9795472563E-01  8.9877977426E-01  1.8392105298E-01
           -DivStress = -4.0457406131E+04 -1.0032819922E+05 -2.0442872730E+04
           ESP =  -2.6496100101E+01     ESP at Nucleus =  -2.6496101009E+01
           ESPe = -4.4076847721E+01     ESPe at Nucleus = -4.4076828505E+01
           ESPn =  1.7580747620E+01     ESPn at Nucleus =  1.7580727496E+01

CP# 13     Coords = -5.97487176395745E+00  5.26327857800555E-01 -1.82370925551257E+00
           Type = (3,-3) NACP F13
           Rho =  4.1877870735E+02     Rho at Nucleus =  4.1877867749E+02
           GradRho =  2.8607141829E-11 -3.2189769079E-11  3.1702999384E-11
           HessRho_EigVals = -1.1739078152E+06 -1.1738645813E+06 -1.1738636695E+06
           HessRho_EigVec1 =  2.9407830497E-01 -6.1480995121E-01  7.3179688059E-01
           HessRho_EigVec2 =  3.4337476842E-01  7.8249618197E-01  5.1941649340E-01
           HessRho_EigVec3 =  8.9197069400E-01 -9.8531462450E-02 -4.4122537546E-01
           DelSqRho = -3.5216360660E+06
           Bond Ellipticity = NA
           V = -8.8064195918E+05
           G =  1.1647133955E+02
           K =  8.8052548784E+05
           L =  8.8040901650E+05
           Vnuc =  1.2618853932E+06
           Ven = -5.2845073377E+08
           Vrep =  5.2757009181E+08
           DelSqV =  4.6344233004E+10
           DelSqVen =  4.4439011103E+12
           DelSqVrep = -4.3975568773E+12
           DelSqG =  2.4687437148E+09
           DelSqK = -4.8812976719E+10
           Stress_EigVals = -2.9355109529E+05 -2.9355086914E+05 -2.9353999475E+05
           Stress_EigVec1 =  8.9406502537E-01 -9.4172355053E-02 -4.3792613299E-01
           Stress_EigVec2 =  3.3799475579E-01  7.8339667669E-01  5.2158335097E-01
           Stress_EigVec3 =  2.9395114470E-01 -6.1434616829E-01  7.3223733176E-01
           -DivStress = -2.9835529228E+04  6.5285721764E+04 -8.0211321106E+04
           ESP =  -2.6493509948E+01     ESP at Nucleus =  -2.6493510819E+01
           ESPe = -4.4945775844E+01     ESPe at Nucleus = -4.4945758711E+01
           ESPn =  1.8452265896E+01     ESPn at Nucleus =  1.8452247892E+01

CP# 14     Coords =  5.25758742522714E+00 -1.03186808003995E+00  5.45671679788203E-02
           Type = (3,-3) NACP C14
           Rho =  1.1734865284E+02     Rho at Nucleus =  1.1734864905E+02
           GradRho = -4.0568329186E-11  1.5424434164E-11  3.0411119789E-13
           HessRho_EigVals = -1.4451438260E+05 -1.4451431962E+05 -1.4451259926E+05
           HessRho_EigVec1 = -5.8243983148E-02  8.3190123454E-01 -5.5185865437E-01
           HessRho_EigVec2 =  2.8666559087E-03  5.5293418720E-01  8.3321999910E-01
           HessRho_EigVec3 =  9.9829826240E-01  4.6948062714E-02 -3.4589864071E-02
           DelSqRho = -4.3354130147E+05
           Bond Ellipticity = NA
           V = -1.0839448098E+05
           G =  4.5778073655E+00
           K =  1.0838990318E+05
           L =  1.0838532537E+05
           Vnuc =  8.2846852852E+05
           Ven = -9.7219665742E+07
           Vrep =  9.7111271262E+07
           DelSqV =  2.4867489244E+09
           DelSqVen =  3.5917532339E+11
           DelSqVrep = -3.5668857447E+11
           DelSqG =  1.3349207780E+08
           DelSqK = -2.6202410022E+09
           Stress_EigVals = -3.6131815346E+04 -3.6131343560E+04 -3.6131322077E+04
           Stress_EigVec1 =  9.9846968363E-01  4.5872732785E-02 -3.0886619386E-02
           Stress_EigVec2 = -1.4406077779E-03  5.7989578396E-01  8.1468939136E-01
           Stress_EigVec3 = -5.5283049115E-02  8.1339816334E-01 -5.7907444457E-01
           -DivStress = -5.8296022178E+03 -3.1489745050E+02  3.9734166974E+02
           ESP =  -1.4439840898E+01     ESP at Nucleus =  -1.4439841117E+01
           ESPe = -3.8567805694E+01     ESPe at Nucleus = -3.8567810534E+01
           ESPn =  2.4127964796E+01     ESPn at Nucleus =  2.4127969417E+01

CP# 15     Coords =  6.20929898323213E+00 -1.71941580625315E-01  2.22529529203919E+00
           Type = (3,-3) NACP F15
           Rho =  4.1875800373E+02     Rho at Nucleus =  4.1875797232E+02
           GradRho = -3.5006589104E-10  2.0465389366E-13 -1.2501642435E-11
           HessRho_EigVals = -1.1738251038E+06 -1.1737815039E+06 -1.1737804387E+06
           HessRho_EigVec1 =  3.9715240757E-01  3.3986813899E-01  8.5250197258E-01
           HessRho_EigVec2 = -4.9765402214E-02  9.3551022602E-01 -3.4977710295E-01
           HessRho_EigVec3 = -9.1640240610E-01  9.6489714994E-02  3.8845381321E-01
           DelSqRho = -3.5213870464E+06
           Bond Ellipticity = NA
           V = -8.8057980798E+05
           G =  1.1652318680E+02
           K =  8.8046328479E+05
           L =  8.8034676160E+05
           Vnuc =  1.2303028169E+06
           Ven = -5.1519915160E+08
           Vrep =  5.1431857179E+08
           DelSqV =  4.6340906492E+10
           DelSqVen =  4.3323723940E+12
           DelSqVrep = -4.2860314854E+12
           DelSqG =  2.4685124749E+09
           DelSqK = -4.8809418966E+10
           Stress_EigVals = -2.9353043691E+05 -2.9353017711E+05 -2.9351919396E+05
           Stress_EigVec1 = -9.1682904557E-01  9.9112646571E-02  3.8678312332E-01
           Stress_EigVec2 = -4.7029271249E-02  9.3515257146E-01 -3.5110954949E-01
           Stress_EigVec3 =  3.9650062905E-01  3.4009756157E-01  8.5271384401E-01
           -DivStress =  4.0420356838E+04  3.8511657556E+04  9.5144306363E+04
           ESP =  -2.6493245390E+01     ESP at Nucleus =  -2.6493246327E+01
           ESPe = -4.4577091706E+01     ESPe at Nucleus = -4.4577073221E+01
           ESPn =  1.8083846316E+01     ESPn at Nucleus =  1.8083826894E+01

CP# 16     Coords =  5.97539976547722E+00  5.28910515280353E-01 -1.82317680666947E+00
           Type = (3,-3) NACP F16
           Rho =  4.1877876086E+02     Rho at Nucleus =  4.1877873100E+02
           GradRho =  3.4900879322E-10  4.6294734539E-12  8.5327477722E-11
           HessRho_EigVals = -1.1739080101E+06 -1.1738647777E+06 -1.1738638645E+06
