AIMSum (Version 19.02.13, Professional)
Copyright (c) 1997-2019 by Todd A. Keith
AIMSum is a component of the AIMAll package ( http://aim.tkgristmill.com )

TP:  64-bit Linux

Much of the Quantum Theory of Atoms in Molecules (QTAIM) is described in the book:
  "Atoms in Molecules - A Quantum Theory"
  R.F.W. Bader, Oxford University Press, Oxford, 1990

For additional references see:  http://aim.tkgristmill.com/references.html

Wfn File:  /home/mhennefarth/Documents/ML_Diels/summary-N-liu2013/4b-opt/4b-opt.wfn
Sum File:  /home/mhennefarth/Documents/ML_Diels/summary-N-liu2013/4b-opt/4b-opt.sum

SumViz File:  /home/mhennefarth/Documents/ML_Diels/summary-N-liu2013/4b-opt/4b-opt.sumviz

Wfn Title:   Title Card Required                                                           
 
Total memory allocated for AIMSum =        1.584 Megabytes

Atomic units (a.u.) used throughout, except where stated otherwise

Model:  Restricted SCF
 
Restricted, closed-shell, single-determinant wavefunction.
  Number of electrons (from MO Occs)                   =         136.0000000000
  Number of Alpha electrons (from MO Occs)             =          68.0000000000
  Number of Beta electrons (from MO Occs)              =          68.0000000000
  Number of electron pairs (N*(N-1)/2)                 =        9180.0000000000
  Number of electron pairs (from Muller 2EDM)          =        9180.0000000000
 
Nuclear Charges and Cartesian Coordinates:
-------------------------------------------------------------------------------
Atom      Charge                X                  Y                  Z
-------------------------------------------------------------------------------
C1         6.0          -2.3774065400E+00  -1.5413834700E+00  -1.7787266000E-01
C2         6.0           2.3750801500E+00  -1.5427322100E+00  -1.7792484000E-01
C3         6.0           1.2706567900E+00   4.1663003600E+00   1.7345532600E+00
H4         1.0           2.6831279000E+00   3.4712718800E+00   3.0549299800E+00
C5         6.0          -1.2706635900E+00   4.1708168800E+00   1.7297010100E+00
H6         1.0          -2.6908020500E+00   3.4813888700E+00   3.0448145200E+00
N7         7.0           1.2471697000E+00  -1.0095246300E+00  -2.3733320700E+00
N8         7.0          -1.2492090000E+00  -1.0086970500E+00  -2.3732324400E+00
N9         7.0           1.2435837300E+00  -2.4870811600E+00   1.8791830200E+00
N10        7.0          -1.2464167200E+00  -2.4864980700E+00   1.8791952000E+00
C11        6.0          -1.4781758300E+00   5.5739749700E+00  -7.6773698000E-01
H12        1.0          -2.3606717700E+00   4.5296497100E+00  -2.3241575700E+00
H13        1.0          -2.3406650100E+00   7.4550498500E+00  -6.6492830000E-01
C14        6.0           1.4926954900E+00   5.5692495400E+00  -7.6177907000E-01
H15        1.0           2.3602538900E+00   7.4477493600E+00  -6.5424739000E-01
H16        1.0           2.3787191100E+00   4.5233168900E+00  -2.3150829000E+00
C17        6.0           5.2410938300E+00  -1.2813512800E+00  -7.2559100000E-02
C18        6.0          -5.2432663100E+00  -1.2781504800E+00  -7.2497430000E-02
F19        9.0          -5.9697784100E+00  -5.3816018000E-01   2.2418042100E+00
F20        9.0          -6.0424414700E+00   4.3373217000E-01  -1.7556367200E+00
F21        9.0          -6.3575614800E+00  -3.5000604700E+00  -5.8748941000E-01
F22        9.0           6.3536479700E+00  -3.5045648400E+00  -5.8596628000E-01
F23        9.0           6.0416897000E+00   4.2868324000E-01  -1.7569373600E+00
F24        9.0           5.9682281400E+00  -5.4031504000E-01   2.2411889500E+00
 
Some Atomic Properties:
----------------------
  q(A) = Net Charge of Atom A
  L(A) = Lagrangian of Atom A = -(1/4) Times Atomic Integral of the Laplacian of the Electron Density
  K(A) = Electronic Kinetic Energy of Atom A (Hamiltonian Form)
  K_Scaled(A) = K(A) * E(Mol)/K(Mol) = Approximation to Virial-Based Total Energy of Atom A.
  |Mu_Intra(A)| = Magnitude of Intraatomic Dipole Moment of Atom A
--------------------------------------------------------------------------------------------------
Atom A          q(A)              L(A)              K(A)          K_Scaled(A)      |Mu_Intra(A)|
--------------------------------------------------------------------------------------------------
C1        1.1010939508E+00  9.6849481630E-05  3.7156006374E+01 -3.7445614035E+01  4.8554319495E-01
C2        1.1008863880E+00 -2.2044588840E-04  3.7155946905E+01 -3.7445554103E+01  4.8582346705E-01
C3       -9.6667637100E-02  5.1990802621E-05  3.7749744798E+01 -3.8043980277E+01  1.8663859223E-01
H4        5.9569320110E-02  3.0779594493E-05  5.8643312226E-01 -5.9100399899E-01  1.4061572511E-01
C5       -9.6641078900E-02  3.8412909131E-05  3.7749706053E+01 -3.8043941229E+01  1.8654471564E-01
H6        5.9543052090E-02  2.0249191921E-05  5.8642372889E-01 -5.9099453241E-01  1.4061180945E-01
N7       -5.4909282830E-01 -1.3915336101E-05  5.4569388102E+01 -5.4994722104E+01  6.3402561036E-01
N8       -5.4905867790E-01  1.7178304176E-04  5.4569474805E+01 -5.4994809482E+01  6.3417726332E-01
N9       -5.3720863560E-01 -3.1847566951E-05  5.4562180397E+01 -5.4987458219E+01  6.3148177286E-01
N10      -5.3710438480E-01 -2.3089893547E-05  5.4562128612E+01 -5.4987406030E+01  6.3150806662E-01
C11       4.9105894000E-03 -1.3697149960E-04  3.7668833088E+01 -3.7962437911E+01  1.6881082700E-01
H12       2.9422838480E-02  1.7293009315E-05  6.0209960052E-01 -6.0679258758E-01  1.4386389748E-01
H13       2.2166757360E-02  2.2396621911E-05  6.0351613882E-01 -6.0822016691E-01  1.5314938366E-01
C14       5.0584303000E-03  4.3241718885E-05  3.7668910266E+01 -3.7962515690E+01  1.6871896377E-01
H15       2.2167435480E-02  2.5351054898E-05  6.0352317388E-01 -6.0822725680E-01  1.5313554029E-01
H16       2.9458299150E-02  1.7315772227E-05  6.0210637921E-01 -6.0679941911E-01  1.4375357204E-01
C17       1.8345937959E+00 -1.9804180220E-04  3.6439582259E+01 -3.6723605846E+01  7.1299082194E-01
C18       1.8348663490E+00  3.7801555415E-05  3.6439615597E+01 -3.6723639443E+01  7.1099244730E-01
F19      -6.2511973960E-01  6.1915901667E-05  9.9624820128E+01 -1.0040133284E+02  3.3465394778E-01
F20      -6.2522238280E-01  8.0981463987E-05  9.9628166942E+01 -1.0040470574E+02  3.3939649655E-01
F21      -6.1851438980E-01  5.8082930162E-05  9.9629112021E+01 -1.0040565818E+02  3.3895015668E-01
F22      -6.1848578970E-01  6.1907181146E-05  9.9629059710E+01 -1.0040560546E+02  3.3891107441E-01
F23      -6.2525097150E-01  7.8188336718E-05  9.9628058421E+01 -1.0040459637E+02  3.3930301503E-01
F24      -6.2512670680E-01  6.2184952301E-05  9.9624825400E+01 -1.0040133815E+02  3.3467152031E-01
--------------------------------------------------------------------------------------------------
Total     2.4398327000E-04  3.5241353339E-04  1.1176396620E+03 -1.1263509591E+03
 
1st Largest |L(A)| = 2.2044588840E-04, atom C2      
2nd Largest |L(A)| = 1.9804180220E-04, atom C17     
 
Molecular charge q(Mol) from the wfn file:   0.0000000000E+00
Molecular energy E(Mol) from the wfn file:  -1.1263511024E+03
Molecular virial ratio (-V(Mol)/T(Mol)) from the wfn file:   2.0077943700E+00
Note.  K_Scaled(A) = (1+V(Mol)/T(Mol))*K(A) = (E(Mol)/T(Mol))*K(A)
       Only use K_Scaled(A) data with caution.
 
N_AIMInt(SumA)     =        135.999756
N_Analytic(Mol)    =        135.999985
 
G_AIMInt(SumA)     =       1117.639310
G_Analytic(Mol)    =       1117.639758
 
K_AIMInt(SumA)     =       1117.639662
K_Analytic(Mol)    =       1117.639758
 
L_AIMInt(SumA)     =          0.000352
L_Analytic(Mol)    =          0.000000
 
VenT_AIMInt(SumA)  =      -5575.335404
VenT_Analytic(Mol) =      -5575.340708
 
Some Information About the Atomic Calculations:
----------------------------------------------
  Time(sec) = "Elapsed User Time", in Seconds, for Atom A by AIMInt and, if used, by TWOe
  NProc = Number of Processors Used for AIMInt Job
  BIM = Basin Integration Method
  OAQ = Angular Quadrature Outside of Beta Sphere
  ORQ = Multiple of Default for Radial Quadrature Outside of Beta Sphere
  IAQ = Multiple of Default for Angular Quadrature Inside of Beta Sphere
  IRQ = Multiple of Default for Radial Quadrature Inside of Beta Sphere
  MIR = Maximum Integration Radius
------------------------------------------------------------------------------------------------------
Atom A     Time(sec)   NProc      BIM          OAQ                     ORQ      IAQ      IRQ      MIR
------------------------------------------------------------------------------------------------------
C1             45        8     Proaim(5)    4500(GS4)                  1.00     1.00     1.00    13.00
C2             43        8     Proaim(5)    4500(GS4)                  1.00     1.00     1.00    13.00
C3             36        8     Proaim(5)    4500(GS4)                  1.00     1.00     1.00    13.00
H4             17        8     Proaim(5)    4500(GS4)                  1.00     1.00     1.00    13.00
C5             37        8     Proaim(5)    4500(GS4)                  1.00     1.00     1.00    13.00
H6             16        8     Proaim(5)    4500(GS4)                  1.00     1.00     1.00    13.00
N7             34        8     Proaim(5)    4500(GS4)                  1.00     1.00     1.00    13.00
N8             92        8     Proaim(5)    4500(GS4)                  1.00     1.00     1.00    13.00
N9             23        8     Proaim(5)    4500(GS4)                  1.00     1.00     1.00    13.00
N10            23        8     Proaim(5)    4500(GS4)                  1.00     1.00     1.00    13.00
C11            30        8     Proaim(5)    4500(GS4)                  1.00     1.00     1.00    13.00
H12            41        8     Proaim(5)    4500(GS4)                  1.00     1.00     1.00    13.00
H13             7        8     Proaim(5)    1800(GS4)                  1.00     1.00     1.00    13.00
C14            32        8     Proaim(5)    4500(GS4)                  1.00     1.00     1.00    13.00
H15             7        8     Proaim(5)    1800(GS4)                  1.00     1.00     1.00    13.00
H16            21        8     Proaim(5)    4500(GS4)                  1.00     1.00     1.00    13.00
C17            39        8     Proaim(5)    4500(GS4)                  1.00     1.00     1.00    13.00
C18            38        8     Proaim(5)    5400(GS5)                  1.00     1.00     1.00    13.00
F19            22        8     Proaim(5)    4500(GS4)                  1.00     1.00     1.00    13.00
F20            20        8     Proaim(5)    4500(GS4)                  1.00     1.00     1.00    13.00
F21            13        8     Proaim(5)    2700(GS4)                  1.00     1.00     1.00    13.00
F22            12        8     Proaim(5)    2700(GS4)                  1.00     1.00     1.00    13.00
F23            21        8     Proaim(5)    4500(GS4)                  1.00     1.00     1.00    13.00
F24            22        8     Proaim(5)    4500(GS4)                  1.00     1.00     1.00    13.00
------------------------------------------------------------------------------------------------------
Total         691
Note:  Total wall clock time is less than total of atomic times if more than one atom
       was calculated at a time
 
Electron Density Critical Point Analysis of Molecular Structure:               
---------------------------------------------------------------                
  NACP = Nuclear Attractor Critical Point                                      
  NNACP = Non-Nuclear Attractor Critical Point                                 
  BCP = Bond Critical Point                                                    
  RCP = Ring Critical Point                                                    
  CCP = Cage Critical Point                                                    
  Rho = Electron Density                                                       
  GradRho = Gradient of Electron Density                                       
  HessRho_EigVals = Eigenvalues of the Hessian of Rho, Ascending Order         
  HessRho_EigVecs = Eigenvectors of the Hessian of Rho                         
  DelSqRho = Laplacian of Rho = Trace of Hessian of Rho                        
  Bond Ellipticity = (HessRho_EigVal(1) / HessRho_EigVal(2)) - 1               
  V = Virial Field = Potential Energy Density = Trace of Stress Tensor         
  G = Lagrangian Form of Kinetic Energy Density                                
  K = Hamiltonian Form of Kinetic Energy Density                               
  L = K - G = Lagrangian Density = (-1/4)DelSqRho                              
  Vnuc = Electrostatic Potential from Nuclei                                   
  Ven = Electron-nuclear attractive contribution to Virial Field V             
  Vrep = V - Ven = Repulsive contribution to Virial Field V                    
  DelSqV = Laplacian of V                                                      
  DelSqVen = Laplacian of Ven                                                  
  DelSqVrep = Laplacian of Vrep                                                
  DelSqG = Laplacian of G                                                      
  DelSqK = Laplacian of K                                                      
  Stress_EigVals = Eigenvalues of Stress Tensor, Ascending Order               
  Stress_EigVecs = Eigenvectors of Stress Tensor                               
  -DivStress = Ehrenfest Force Density = Minus Divergence of Stress Tensor     
  ESP = Total Electrostatic Potential                                          
  ESPe = Electrostatic Potential from Electrons                                
  ESPn = Electrostatic Potential from Nuclei                                   
  BP = Bond Path                                                               
  BPL = Bond Path Length                                                       
  GBL = Geometric Bond Length                                                  
  GBL_I = Distance Between Nuclear Attractors                                  
  GBL_II = Distance Between Nuclei                                             
  GBL_III = Sum of Distances Between BCP and Nuclear Attractors                
  GBL_IV = Sum of Distances Between BCP and Nuclei                             

CP# 1      Coords = -2.37740636953621E+00 -1.54138369368957E+00 -1.77872725924297E-01
           Type = (3,-3) NACP C1
           Rho =  1.1762715971E+02     Rho at Nucleus =  1.1762715970E+02
           GradRho =  8.0420115012E-12  2.5849322682E-12 -1.7457840729E-12
           HessRho_EigVals = -1.4490174788E+05 -1.4490084079E+05 -1.4490057917E+05
           HessRho_EigVec1 =  1.0818962159E-01  9.3923223556E-01  3.2578798852E-01
           HessRho_EigVec2 =  1.8957602982E-02 -3.2960116939E-01  9.4392991182E-01
           HessRho_EigVec3 =  9.9394950328E-01 -9.5947260624E-02 -5.3465017621E-02
           DelSqRho = -4.3470316783E+05
           Bond Ellipticity = NA
           V = -1.0868625776E+05
           G =  5.2328999901E+00
           K =  1.0868102486E+05
           L =  1.0867579196E+05
           Vnuc =  2.0771229413E+07
           Ven = -2.4432607194E+09
           Vrep =  2.4431520332E+09
           DelSqV =  2.4934484011E+09
           DelSqVen =  9.0292921303E+12
           DelSqVrep = -9.0267986819E+12
           DelSqG =  1.3389547268E+08
           DelSqK = -2.6273438737E+09
           Stress_EigVals = -3.6228956439E+04 -3.6228920490E+04 -3.6228380830E+04
           Stress_EigVec1 =  9.9058279231E-01 -8.5783021356E-02 -1.0670990971E-01
           Stress_EigVec2 =  7.2210799902E-02 -3.3484020062E-01  9.3950393316E-01
           Stress_EigVec3 =  1.1632425354E-01  9.3836203743E-01  3.2549248032E-01
           -DivStress = -1.3860509333E+02  1.8022495058E+02  5.2922331354E+01
           ESP =  -1.4600239014E+01     ESP at Nucleus =  -1.4600239015E+01
           ESPe = -4.0863341580E+01     ESPe at Nucleus = -4.0863341590E+01
           ESPn =  2.6263102566E+01     ESPn at Nucleus =  2.6263102576E+01

CP# 2      Coords =  2.37507997994458E+00 -1.54273243317088E+00 -1.77924905534368E-01
           Type = (3,-3) NACP C2
           Rho =  1.1762719753E+02     Rho at Nucleus =  1.1762719753E+02
           GradRho =  2.2775448194E-11 -7.8927975267E-12  1.8440804439E-13
           HessRho_EigVals = -1.4490181010E+05 -1.4490090315E+05 -1.4490064166E+05
           HessRho_EigVec1 = -1.0762548262E-01  9.3936865159E-01  3.2558146738E-01
           HessRho_EigVec2 = -1.9312598472E-02 -3.2939724519E-01  9.4399389744E-01
           HessRho_EigVec3 =  9.9400391299E-01  9.5309974656E-02  5.3593187074E-02
           DelSqRho = -4.3470335491E+05
           Bond Ellipticity = NA
           V = -1.0868630457E+05
           G =  5.2329206555E+00
           K =  1.0868107165E+05
           L =  1.0867583873E+05
           Vnuc =  2.0823966673E+07
           Ven = -2.4494648413E+09
           Vrep =  2.4493561549E+09
           DelSqV =  2.4934494854E+09
           DelSqVen =  9.0522685276E+12
           DelSqVrep = -9.0497750781E+12
           DelSqG =  1.3389554525E+08
           DelSqK = -2.6273450307E+09
           Stress_EigVals = -3.6228972008E+04 -3.6228936101E+04 -3.6228396460E+04
           Stress_EigVec1 =  9.9062742938E-01  8.5182515358E-02  1.0677656693E-01
           Stress_EigVec2 = -7.2490896801E-02 -3.3468358203E-01  9.3953816836E-01
           Stress_EigVec3 = -1.1576858835E-01  9.3847260961E-01  3.2537177959E-01
           -DivStress =  1.3827310494E+02  1.7980801114E+02  5.2608597133E+01
           ESP =  -1.4600236781E+01     ESP at Nucleus =  -1.4600236782E+01
           ESPe = -4.0864563175E+01     ESPe at Nucleus = -4.0864563185E+01
           ESPn =  2.6264326394E+01     ESPn at Nucleus =  2.6264326404E+01

CP# 3      Coords =  1.27065789345615E+00  4.16630060688915E+00  1.73455256778620E+00
           Type = (3,-3) NACP C3
           Rho =  1.1773975086E+02     Rho at Nucleus =  1.1773975073E+02
           GradRho =  4.5148440542E-10  3.2999214472E-11 -2.5781887736E-10
           HessRho_EigVals = -1.4508919635E+05 -1.4508831898E+05 -1.4508794280E+05
           HessRho_EigVec1 =  2.9214800839E-02  8.8901322251E-01  4.5694855904E-01
           HessRho_EigVec2 =  4.4799236613E-03 -4.5725555000E-01  8.8932406483E-01
           HessRho_EigVec3 =  9.9956311741E-01 -2.3934330774E-02 -1.7341341197E-02
           DelSqRho = -4.3526545813E+05
           Bond Ellipticity = NA
           V = -1.0882650889E+05
           G =  5.0721812369E+00
           K =  1.0882143671E+05
           L =  1.0881636453E+05
           Vnuc =  4.5256114730E+06
           Ven = -5.3284436733E+08
           Vrep =  5.3273554082E+08
           DelSqV =  2.4967092928E+09
           DelSqVen =  1.9698424955E+12
           DelSqVrep = -1.9673458026E+12
           DelSqG =  1.3411644974E+08
           DelSqK = -2.6308257425E+09
           Stress_EigVals = -3.6275801041E+04 -3.6275569889E+04 -3.6275137965E+04
           Stress_EigVec1 =  9.4919212700E-01 -1.5749295006E-01  2.7245233845E-01
           Stress_EigVec2 = -3.1445314639E-01 -4.4057574339E-01  8.4084019472E-01
           Stress_EigVec3 =  1.2390511245E-02  8.8379238796E-01  4.6771518066E-01
           -DivStress = -8.9408071803E+02 -2.0926113069E+02  5.6651567704E+02
           ESP =  -1.4730304579E+01     ESP at Nucleus =  -1.4730304593E+01
           ESPe = -3.6171380600E+01     ESPe at Nucleus = -3.6171381148E+01
           ESPn =  2.1441076021E+01     ESPn at Nucleus =  2.1441076554E+01

CP# 4      Coords =  2.65905361250420E+00  3.48307087081444E+00  3.03235554286961E+00
           Type = (3,-3) NACP H4
           Rho =  4.2346154960E-01     Rho at Nucleus =  4.1976154871E-01
           GradRho = -4.0245584643E-16  4.0722633599E-16  5.9934696095E-16
           HessRho_EigVals = -6.4680606597E+00 -6.4625613453E+00 -5.8665836422E+00
           HessRho_EigVec1 = -7.2779217908E-01 -3.5432931128E-01  5.8717057423E-01
           HessRho_EigVec2 = -3.0412346528E-02  8.7201917724E-01  4.8852599081E-01
           HessRho_EigVec3 =  6.8512307891E-01 -3.3768816041E-01  6.4542472301E-01
           DelSqRho = -1.8797205647E+01
           Bond Ellipticity = NA
           V = -4.7083079299E+00
           G =  4.5032590712E-03
           K =  4.7038046709E+00
           L =  4.6993014118E+00
           Vnuc =  5.0049421663E+01
           Ven = -2.1194005654E+01
           Vrep =  1.6485697724E+01
           DelSqV =  7.0805837344E+02
           DelSqVen =  9.4078927153E+02
           DelSqVrep = -2.3273089809E+02
           DelSqG =  6.9881539970E+01
           DelSqK = -7.7793991341E+02
           Stress_EigVals = -1.6201258034E+00 -1.6195927257E+00 -1.4685894009E+00
           Stress_EigVec1 = -7.2689892311E-01 -3.2633818915E-01  6.0425271359E-01
           Stress_EigVec2 = -6.3901745451E-03  8.8305603929E-01  4.6922403725E-01
           Stress_EigVec3 =  6.8671473062E-01 -3.3721716707E-01  6.4397784200E-01
           -DivStress =  5.4296340040E+00 -2.6603752404E+00  5.0891019317E+00
           ESP =  -1.0883750994E+00     ESP at Nucleus =  -1.0908993553E+00
           ESPe = -2.2605851380E+01     ESPe at Nucleus = -2.2524022422E+01
           ESPn =  2.1517476280E+01     ESPn at Nucleus =  2.1433123066E+01

CP# 5      Coords = -1.27066469049261E+00  4.17081713088433E+00  1.72970031434023E+00
           Type = (3,-3) NACP C5
           Rho =  1.1773971662E+02     Rho at Nucleus =  1.1773971649E+02
           GradRho = -4.3395353977E-10  1.3633816298E-10 -2.6894353411E-10
           HessRho_EigVals = -1.4508913577E+05 -1.4508825810E+05 -1.4508788205E+05
           HessRho_EigVec1 = -2.7501000806E-02  8.8916705385E-01  4.5675556406E-01
           HessRho_EigVec2 = -9.9178785265E-03 -4.5714860036E-01  8.8933502848E-01
           HessRho_EigVec3 =  9.9957257397E-01  1.9927557135E-02  2.1390694857E-02
           DelSqRho = -4.3526527592E+05
           Bond Ellipticity = NA
           V = -1.0882646326E+05
           G =  5.0721387390E+00
           K =  1.0882139112E+05
           L =  1.0881631898E+05
           Vnuc =  4.5253028291E+06
           Ven = -5.3280787272E+08
           Vrep =  5.3269904625E+08
           DelSqV =  2.4967082360E+09
           DelSqVen =  1.9697075323E+12
           DelSqVrep = -1.9672108486E+12
           DelSqG =  1.3411637531E+08
           DelSqK = -2.6308246113E+09
           Stress_EigVals = -3.6275785836E+04 -3.6275554712E+04 -3.6275122711E+04
           Stress_EigVec1 =  9.5083345322E-01  1.5383331718E-01 -2.6879556314E-01
           Stress_EigVec2 =  3.0951305402E-01 -4.4163582626E-01  8.4211606466E-01
           Stress_EigVec3 = -1.0835757051E-02  8.8390786142E-01  4.6753553756E-01
           -DivStress =  8.9162693033E+02 -2.1248239313E+02  5.6931956523E+02
           ESP =  -1.4730298787E+01     ESP at Nucleus =  -1.4730298801E+01
           ESPe = -3.6168369047E+01     ESPe at Nucleus = -3.6168369600E+01
           ESPn =  2.1438070259E+01     ESPn at Nucleus =  2.1438070798E+01

CP# 6      Coords = -2.66659774955003E+00  3.49309068190407E+00  3.02233104525632E+00
           Type = (3,-3) NACP H6
           Rho =  4.2345750103E-01     Rho at Nucleus =  4.1975781782E-01
           GradRho =  4.2760933683E-16 -1.2390262427E-15  5.6118304448E-16
           HessRho_EigVals = -6.4680440409E+00 -6.4625454109E+00 -5.8665975331E+00
           HessRho_EigVec1 =  7.2419016509E-01 -3.5684019064E-01  5.9009633378E-01
           HessRho_EigVec2 =  3.1750841228E-02  8.7205412891E-01  4.8837841918E-01
           HessRho_EigVec3 =  6.8886899253E-01  3.3494279301E-01 -6.4286299982E-01
           DelSqRho = -1.8797186985E+01
           Bond Ellipticity = NA
           V = -4.7083022174E+00
           G =  4.5027356195E-03
           K =  4.7037994818E+00
           L =  4.6992967462E+00
           Vnuc =  5.0046357119E+01
           Ven = -2.1192505321E+01
           Vrep =  1.6484203104E+01
           DelSqV =  7.0805967404E+02
           DelSqVen =  9.4073073267E+02
           DelSqVrep = -2.3267105863E+02
           DelSqG =  6.9882028117E+01
           DelSqK = -7.7794170216E+02
           Stress_EigVals = -1.6201214089E+00 -1.6195880043E+00 -1.4685928043E+00
           Stress_EigVec1 =  7.2333302440E-01 -3.2882864204E-01  6.0717465361E-01
           Stress_EigVec2 =  7.8377943108E-03  8.8318025340E-01  4.6896823879E-01
           Stress_EigVec3 =  6.9045485355E-01  3.3446130446E-01 -6.4141073504E-01
           -DivStress = -5.4589481698E+00 -2.6384530566E+00  5.0685895802E+00
           ESP =  -1.0883678835E+00     ESP at Nucleus =  -1.0908916921E+00
           ESPe = -2.2601554130E+01     ESPe at Nucleus = -2.2519738799E+01
           ESPn =  2.1513186247E+01     ESPn at Nucleus =  2.1428847107E+01

CP# 7      Coords =  1.24716144888584E+00 -1.00952759164021E+00 -2.37332037204243E+00
           Type = (3,-3) NACP N7
           Rho =  1.9143978987E+02     Rho at Nucleus =  1.9143975545E+02
           GradRho = -1.5904583206E-11  2.5795587888E-11 -2.2363111363E-11
           HessRho_EigVals = -3.2215351758E+05 -3.2215196894E+05 -3.2214205692E+05
           HessRho_EigVec1 = -1.8689562322E-01  9.7139249741E-01  1.4651498897E-01
           HessRho_EigVec2 =  8.9673334331E-01  1.0778831274E-01  4.2924467456E-01
           HessRho_EigVec3 = -4.0117245297E-01 -2.1160882688E-01  8.9122520575E-01
           DelSqRho = -9.6644754343E+05
           Bond Ellipticity = NA
           V = -2.4164445381E+05
           G =  1.6283977101E+01
           K =  2.4162816984E+05
           L =  2.4161188586E+05
           Vnuc =  4.7887612617E+05
           Ven = -9.1675944966E+07
           Vrep =  9.1434300512E+07
           DelSqV =  7.5871865090E+09
           DelSqVen =  4.6280865568E+11
           DelSqVrep = -4.5522146917E+11
           DelSqG =  4.0666554415E+08
           DelSqK = -7.9938520531E+09
           Stress_EigVals = -8.0549713947E+04 -8.0547683025E+04 -8.0547056840E+04
           Stress_EigVec1 = -3.7228206970E-01 -2.1285828179E-01  9.0338110034E-01
           Stress_EigVec2 =  9.2201263886E-01  2.6656523609E-02  3.8624101740E-01
           Stress_EigVec3 = -1.0629559895E-01  9.7671939759E-01  1.8633428032E-01
           -DivStress =  2.0368410309E+04  7.3050591866E+03 -2.8864552166E+04
           ESP =  -1.8253065387E+01     ESP at Nucleus =  -1.8253066962E+01
           ESPe = -4.2208615907E+01     ESPe at Nucleus = -4.2208584193E+01
           ESPn =  2.3955550519E+01     ESPn at Nucleus =  2.3955517231E+01

CP# 8      Coords = -1.24920075050579E+00 -1.00870001777067E+00 -2.37322074345761E+00
           Type = (3,-3) NACP N8
           Rho =  1.9143973451E+02     Rho at Nucleus =  1.9143970009E+02
           GradRho = -1.6930290503E-11 -4.4195203053E-12 -1.5130063868E-11
           HessRho_EigVals = -3.2215341833E+05 -3.2215186938E+05 -3.2214195715E+05
           HessRho_EigVec1 =  1.8735601371E-01  9.7128670835E-01  1.4662828621E-01
           HessRho_EigVec2 =  8.9667990514E-01 -1.0816206746E-01 -4.2926229148E-01
           HessRho_EigVec3 =  4.0107713952E-01 -2.1190350954E-01  8.9119808730E-01
           DelSqRho = -9.6644724486E+05
           Bond Ellipticity = NA
           V = -2.4164437935E+05
           G =  1.6284067541E+01
           K =  2.4162809528E+05
           L =  2.4161181122E+05
           Vnuc =  4.7890244332E+05
           Ven = -9.1680956603E+07
           Vrep =  9.1439312224E+07
           DelSqV =  7.5871841796E+09
           DelSqVen =  4.6283394746E+11
           DelSqVrep = -4.5524676328E+11
           DelSqG =  4.0666540994E+08
           DelSqK = -7.9938495895E+09
           Stress_EigVals = -8.0549689201E+04 -8.0547658227E+04 -8.0547031922E+04
           Stress_EigVec1 =  3.7218364966E-01 -2.1313521511E-01  9.0335635881E-01
           Stress_EigVec2 =  9.2199371388E-01 -2.7097326130E-02 -3.8625551968E-01
           Stress_EigVec3 =  1.0680319514E-01  9.7664687323E-01  1.8642414681E-01
           -DivStress = -2.0364403924E+04  7.3201920384E+03 -2.8861040302E+04
           ESP =  -1.8253062519E+01     ESP at Nucleus =  -1.8253064093E+01
           ESPe = -4.2208120623E+01     ESPe at Nucleus = -4.2208088909E+01
           ESPn =  2.3955058104E+01     ESPn at Nucleus =  2.3955024816E+01

CP# 9      Coords =  1.24357546191988E+00 -2.48707621294189E+00  1.87917198803726E+00
           Type = (3,-3) NACP N9
           Rho =  1.9143888054E+02     Rho at Nucleus =  1.9143884598E+02
           GradRho = -1.0791367799E-12  2.0361268227E-11 -7.5153216983E-12
           HessRho_EigVals = -3.2215179477E+05 -3.2215022823E+05 -3.2214031665E+05
           HessRho_EigVec1 = -1.8557413987E-01  8.5241832458E-01  4.8882025176E-01
           HessRho_EigVec2 =  8.9548097655E-01  3.5152035228E-01 -2.7303344588E-01
           HessRho_EigVec3 =  4.0456897959E-01 -3.8706128953E-01  8.2855748075E-01
           DelSqRho = -9.6644233965E+05
           Bond Ellipticity = NA
           V = -2.4164315768E+05
           G =  1.6286384616E+01
           K =  2.4162687130E+05
           L =  2.4161058491E+05
           Vnuc =  4.7793251686E+05
           Ven = -9.1494866001E+07
           Vrep =  9.1253222844E+07
           DelSqV =  7.5871456439E+09
           DelSqVen =  4.6189421997E+11
           DelSqVrep = -4.5430707432E+11
           DelSqG =  4.0666307558E+08
           DelSqK = -7.9938087195E+09
           Stress_EigVals = -8.0549281293E+04 -8.0547254851E+04 -8.0546621540E+04
           Stress_EigVec1 =  3.7766606710E-01 -3.9341288057E-01  8.3820919057E-01
           Stress_EigVec2 =  9.1997091277E-01  2.6206649300E-01 -2.9150415589E-01
           Stress_EigVec3 = -1.0498505330E-01  8.8121930224E-01  4.6090202856E-01
           -DivStress =  2.0410648338E+04 -1.2209239081E+04  2.7220214385E+04
           ESP =  -1.8253121600E+01     ESP at Nucleus =  -1.8253123179E+01
           ESPe = -4.1799333589E+01     ESPe at Nucleus = -4.1799300235E+01
           ESPn =  2.3546211990E+01     ESPn at Nucleus =  2.3546177055E+01

CP# 10     Coords = -1.24640844887325E+00 -2.48649312625707E+00  1.87918416783233E+00
           Type = (3,-3) NACP N10
           Rho =  1.9143892128E+02     Rho at Nucleus =  1.9143888672E+02
           GradRho =  2.2055690607E-11  4.3975267872E-11 -2.4664714715E-12
           HessRho_EigVals = -3.2215185921E+05 -3.2215029295E+05 -3.2214038132E+05
           HessRho_EigVec1 =  1.8618576384E-01  8.5223154443E-01  4.8891334203E-01
           HessRho_EigVec2 =  8.9527175712E-01 -3.5215131704E-01  2.7290645065E-01
           HessRho_EigVec3 = -4.0475096323E-01 -3.8689901083E-01  8.2854439421E-01
           DelSqRho = -9.6644253348E+05
           Bond Ellipticity = NA
           V = -2.4164320595E+05
           G =  1.6286290187E+01
           K =  2.4162691966E+05
           L =  2.4161063337E+05
           Vnuc =  4.7790788007E+05
           Ven = -9.1490169032E+07
           Vrep =  9.1248525826E+07
           DelSqV =  7.5871471522E+09
           DelSqVen =  4.6187050240E+11
           DelSqVrep = -4.5428335525E+11
           DelSqG =  4.0666315093E+08
           DelSqK = -7.9938103031E+09
           Stress_EigVals = -8.0549297359E+04 -8.0547270892E+04 -8.0546637700E+04
           Stress_EigVec1 = -3.7784539161E-01 -3.9326875423E-01  8.3819600749E-01
           Stress_EigVec2 =  9.1983316757E-01 -2.6264746370E-01  2.9141594613E-01
           Stress_EigVec3 =  1.0554526935E-01  8.8111066090E-01  4.6098177769E-01
           -DivStress = -2.0418166888E+04 -1.2201062177E+04  2.7220707820E+04
           ESP =  -1.8253128954E+01     ESP at Nucleus =  -1.8253130534E+01
           ESPe = -4.1798650391E+01     ESPe at Nucleus = -4.1798617032E+01
           ESPn =  2.3545521437E+01     ESPn at Nucleus =  2.3545486498E+01

CP# 11     Coords = -1.47817510553586E+00  5.57397461870828E+00 -7.67736212995134E-01
           Type = (3,-3) NACP C11
           Rho =  1.1754938619E+02     Rho at Nucleus =  1.1754938610E+02
           GradRho =  2.0670321010E-10 -1.4075401955E-10  2.1084067825E-10
           HessRho_EigVals = -1.4484841640E+05 -1.4484808258E+05 -1.4484795505E+05
           HessRho_EigVec1 =  7.3097711068E-01  3.4747125619E-01 -5.8731268485E-01
           HessRho_EigVec2 =  6.7695853628E-01 -4.7772695184E-01  5.5991436813E-01
           HessRho_EigVec3 =  8.6020949860E-02  8.0687092252E-01  5.8443109994E-01
           DelSqRho = -4.3454445403E+05
           Bond Ellipticity = NA
           V = -1.0864644402E+05
           G =  5.1652571869E+00
           K =  1.0864127876E+05
           L =  1.0863611351E+05
           Vnuc =  5.3956888978E+06
           Ven = -6.3425991803E+08
           Vrep =  6.3415127158E+08
           DelSqV =  2.4925885228E+09
           DelSqVen =  2.3446662349E+12
           DelSqVrep = -2.3421736464E+12
           DelSqG =  1.3388874989E+08
           DelSqK = -2.6264772727E+09
           Stress_EigVals = -3.6215574848E+04 -3.6215533206E+04 -3.6215335968E+04
           Stress_EigVec1 =  8.1967259477E-02  8.1811917511E-01  5.6917693531E-01
           Stress_EigVec2 =  6.7090289527E-01 -4.6761585454E-01  5.7552125739E-01
           Stress_EigVec3 =  7.3700113534E-01  3.3468855358E-01 -5.8720771334E-01
           -DivStress = -5.8971391119E+02  2.8264155152E+02 -6.2053328435E+02
           ESP =  -1.4727557829E+01     ESP at Nucleus =  -1.4727557833E+01
           ESPe = -3.4624450091E+01     ESPe at Nucleus = -3.4624448188E+01
           ESPn =  1.9896892262E+01     ESPn at Nucleus =  1.9896890354E+01

CP# 12     Coords = -2.34618280730315E+00  4.54662730569280E+00 -2.29866686125518E+00
           Type = (3,-3) NACP H12
           Rho =  4.2439878157E-01     Rho at Nucleus =  4.2093344865E-01
           GradRho = -5.2735593670E-16 -4.8485521154E-16 -1.1362438768E-16
           HessRho_EigVals = -6.4618189628E+00 -6.4616055920E+00 -5.8901818555E+00
           HessRho_EigVec1 =  6.2470280754E-01 -7.6574733515E-01  1.5289676571E-01
           HessRho_EigVec2 =  6.5273677384E-01  4.0462323122E-01 -6.4048008934E-01
           HessRho_EigVec3 =  4.2858033824E-01  4.9991105157E-01  7.5260071366E-01
           DelSqRho = -1.8813606410E+01
           Bond Ellipticity = NA
           V = -4.7131760243E+00
           G =  4.8872108445E-03
           K =  4.7082888134E+00
           L =  4.7034016026E+00
           Vnuc =  5.0817689605E+01
           Ven = -2.1566965550E+01
           Vrep =  1.6853789526E+01
           DelSqV =  7.0932880381E+02
           DelSqVen =  9.5606401090E+02
           DelSqVrep = -2.4673520709E+02
           DelSqG =  6.9854838352E+01
           DelSqK = -7.7918364216E+02
           Stress_EigVals = -1.6193289994E+00 -1.6190709663E+00 -1.4747760586E+00
           Stress_EigVec1 =  5.2990806071E-01 -8.1350368784E-01  2.3960216414E-01
           Stress_EigVec2 =  7.3200818024E-01  2.9610266199E-01 -6.1358555852E-01
           Stress_EigVec3 =  4.2820727605E-01  5.0053467755E-01  7.5239854154E-01
           -DivStress = -3.2675751699E+00 -3.8294980275E+00 -5.7480722005E+00
           ESP =  -1.1134917789E+00     ESP at Nucleus =  -1.1157653216E+00
           ESPe = -2.2416407910E+01     ESPe at Nucleus = -2.2353791047E+01
           ESPn =  2.1302916131E+01     ESPn at Nucleus =  2.1238025725E+01

CP# 13     Coords = -2.32660489872156E+00  7.42449824647161E+00 -6.66504798860032E-01
           Type = (3,-3) NACP H13
           Rho =  4.2441208160E-01     Rho at Nucleus =  4.2098906186E-01
           GradRho =  1.2598585369E-12 -2.7367756499E-12 -1.3960447381E-13
           HessRho_EigVals = -6.4623265035E+00 -6.4619618868E+00 -5.8938629801E+00
           HessRho_EigVec1 =  6.9625478594E-01  2.8846508814E-01  6.5728012748E-01
           HessRho_EigVec2 = -5.8301727243E-01 -3.0688311931E-01  7.5227229853E-01
           HessRho_EigVec3 = -4.1871247068E-01  9.0697885533E-01  4.5488711669E-02
           DelSqRho = -1.8818151370E+01
           Bond Ellipticity = NA
           V = -4.7142969057E+00
           G =  4.8795315607E-03
           K =  4.7094173742E+00
           L =  4.7045378426E+00
           Vnuc =  4.8024150874E+01
           Ven = -2.0382029839E+01
           Vrep =  1.5667732934E+01
           DelSqV =  7.0968698933E+02
           DelSqVen =  9.0372574058E+02
           DelSqVrep = -1.9403875125E+02
           DelSqG =  6.9877445086E+01
           DelSqK = -7.7956443441E+02
           Stress_EigVals = -1.6194551683E+00 -1.6191790014E+00 -1.4756627360E+00
           Stress_EigVec1 =  5.9581230936E-01  2.3572659736E-01  7.6775039128E-01
           Stress_EigVec2 = -6.8559317476E-01 -3.4860742846E-01  6.3908908577E-01
           Stress_EigVec3 = -4.1829378520E-01  9.0714157226E-01  4.6092050748E-02
           -DivStress = -3.1715404299E+00  6.8914760529E+00  3.5620072362E-01
           ESP =  -1.1127146654E+00     ESP at Nucleus =  -1.1149721578E+00
           ESPe = -1.9435573741E+01     ESPe at Nucleus = -1.9332581392E+01
           ESPn =  1.8322859076E+01     ESPn at Nucleus =  1.8217609234E+01

CP# 14     Coords =  1.49269476143772E+00  5.56924919112657E+00 -7.61778304942816E-01
           Type = (3,-3) NACP C14
           Rho =  1.1754941616E+02     Rho at Nucleus =  1.1754941607E+02
           GradRho = -1.9170953713E-10 -3.8762992816E-11  2.2036583669E-10
           HessRho_EigVals = -1.4484846251E+05 -1.4484812870E+05 -1.4484800105E+05
           HessRho_EigVec1 =  7.2719417462E-01 -3.5004957320E-01  5.9046924451E-01
           HessRho_EigVec2 = -6.8100888071E-01 -4.7581988650E-01  5.5661687003E-01
           HessRho_EigVec3 = -8.6113511114E-02  8.0688334467E-01  5.8440031767E-01
           DelSqRho = -4.3454459226E+05
           Bond Ellipticity = NA
           V = -1.0864647855E+05
           G =  5.1652423425E+00
           K =  1.0864131331E+05
           L =  1.0863614807E+05
           Vnuc =  5.3929037946E+06
           Ven = -6.3393269246E+08
           Vrep =  6.3382404598E+08
           DelSqV =  2.4925893236E+09
           DelSqVen =  2.3434574234E+12
           DelSqVrep = -2.3409648340E+12
           DelSqG =  1.3388880162E+08
           DelSqK = -2.6264781253E+09
           Stress_EigVals = -3.6215586385E+04 -3.6215544695E+04 -3.6215347470E+04
           Stress_EigVec1 = -8.2848773563E-02  8.1749585723E-01  5.6994438688E-01
           Stress_EigVec2 = -6.7473993042E-01 -4.6689586455E-01  5.7160675115E-01
           Stress_EigVec3 =  7.3339082829E-01 -3.3720731765E-01  5.9027884758E-01
           -DivStress =  5.9303187251E+02  2.8066901396E+02 -6.1894395874E+02
           ESP =  -1.4727556186E+01     ESP at Nucleus =  -1.4727556190E+01
           ESPe = -3.4628594089E+01     ESPe at Nucleus = -3.4628592187E+01
           ESPn =  1.9901037903E+01     ESPn at Nucleus =  1.9901035997E+01

CP# 15     Coords =  2.34611163804527E+00  7.41724060141896E+00 -6.55901403964594E-01
           Type = (3,-3) NACP H15
           Rho =  4.2440870213E-01     Rho at Nucleus =  4.2098585122E-01
           GradRho = -9.2365004534E-13 -1.9918702104E-12 -1.0697432523E-13
           HessRho_EigVals = -6.4622792609E+00 -6.4619116256E+00 -5.8938342952E+00
           HessRho_EigVec1 =  6.9683970804E-01 -2.8940893250E-01 -6.5624453605E-01
           HessRho_EigVec2 =  5.8054510818E-01 -3.0969035141E-01  7.5303337483E-01
           HessRho_EigVec3 =  4.2116718612E-01  9.0572311224E-01  4.7789594031E-02
           DelSqRho = -1.8818025182E+01
           Bond Ellipticity = NA
           V = -4.7142661996E+00
           G =  4.8799520863E-03
           K =  4.7093862475E+00
           L =  4.7045062955E+00
           Vnuc =  4.8029166401E+01
           Ven = -2.0383996177E+01
           Vrep =  1.5669729977E+01
           DelSqV =  7.0968286460E+02
           DelSqVen =  9.0381406280E+02
           DelSqVrep = -1.9413119820E+02
           DelSqG =  6.9877089469E+01
           DelSqK = -7.7955995406E+02
           Stress_EigVals = -1.6194433594E+00 -1.6191671699E+00 -1.4756556704E+00
           Stress_EigVec1 =  5.9814130409E-01 -2.3691267316E-01 -7.6557126751E-01
