AIMSum (Version 19.02.13, Professional)
Copyright (c) 1997-2019 by Todd A. Keith
AIMSum is a component of the AIMAll package ( http://aim.tkgristmill.com )

TP:  64-bit Linux

Much of the Quantum Theory of Atoms in Molecules (QTAIM) is described in the book:
  "Atoms in Molecules - A Quantum Theory"
  R.F.W. Bader, Oxford University Press, Oxford, 1990

For additional references see:  http://aim.tkgristmill.com/references.html

Wfn File:  /home/mhennefarth/Documents/ML_Diels/summary-N-liu2013/4c-opt/4c-opt.wfn
Sum File:  /home/mhennefarth/Documents/ML_Diels/summary-N-liu2013/4c-opt/4c-opt.sum

SumViz File:  /home/mhennefarth/Documents/ML_Diels/summary-N-liu2013/4c-opt/4c-opt.sumviz

Wfn Title:   Title Card Required                                                           
 
Total memory allocated for AIMSum =        1.778 Megabytes

Atomic units (a.u.) used throughout, except where stated otherwise

Model:  Restricted SCF
 
Restricted, closed-shell, single-determinant wavefunction.
  Number of electrons (from MO Occs)                   =         144.0000000000
  Number of Alpha electrons (from MO Occs)             =          72.0000000000
  Number of Beta electrons (from MO Occs)              =          72.0000000000
  Number of electron pairs (N*(N-1)/2)                 =       10296.0000000000
  Number of electron pairs (from Muller 2EDM)          =       10296.0000000000
 
Nuclear Charges and Cartesian Coordinates:
-------------------------------------------------------------------------------
Atom      Charge                X                  Y                  Z
-------------------------------------------------------------------------------
C1         6.0          -2.3775729500E+00  -1.8873010300E+00  -2.1669754000E-01
N2         7.0          -1.2496310400E+00  -1.2638917400E+00  -2.3861043800E+00
N3         7.0           1.2491345700E+00  -1.2641009900E+00  -2.3861608500E+00
C4         6.0           2.3770730800E+00  -1.8877102800E+00  -2.1681145000E-01
N5         7.0           1.2440167800E+00  -2.8782718800E+00   1.8186381700E+00
N6         7.0          -1.2445914700E+00  -2.8780487900E+00   1.8187009400E+00
C7         6.0          -1.2651975900E+00   3.8096682900E+00   2.0846603600E+00
C8         6.0           1.2658967700E+00   3.8098261000E+00   2.0852535900E+00
C9         6.0          -2.3356799000E+00   5.4244896800E+00  -2.0383980000E-02
C10        6.0           1.1178400000E-03   5.9359956600E+00  -1.7184880100E+00
C11        6.0           2.3371620100E+00   5.4248281700E+00  -1.9252130000E-02
C12        6.0          -5.2475941800E+00  -1.6739962500E+00  -1.0230558000E-01
F13        9.0          -5.9758562700E+00  -9.1386656000E-01   2.2042033100E+00
F14        9.0          -6.3190932600E+00  -3.9256917600E+00  -5.7734405000E-01
F15        9.0          -6.0939978300E+00  -5.8809400000E-03  -1.8077394600E+00
C16        6.0           5.2471287700E+00  -1.6748463500E+00  -1.0241657000E-01
F17        9.0           5.9753766600E+00  -9.1377300000E-01   2.2037534400E+00
F18        9.0           6.0939262400E+00  -7.7267700000E-03  -1.8086003200E+00
F19        9.0           6.3182604600E+00  -3.9269968900E+00  -5.7635368000E-01
H20        1.0          -2.4484345800E+00   2.8728963700E+00   3.4785061100E+00
H21        1.0           2.4486657600E+00   2.8732014900E+00   3.4795997400E+00
H22        1.0          -3.1283891700E+00   7.1813542100E+00   7.6092075000E-01
H23        1.0          -3.8776169100E+00   4.4976589800E+00  -1.0486722500E+00
H24        1.0           1.5980900000E-03   4.6035377700E+00  -3.3029996200E+00
H25        1.0           1.1481600000E-03   7.8411802200E+00  -2.5212037600E+00
H26        1.0           3.1292269400E+00   7.1817999000E+00   7.6249060000E-01
H27        1.0           3.8797527500E+00   4.4982641400E+00  -1.0467839900E+00
 
Some Atomic Properties:
----------------------
  q(A) = Net Charge of Atom A
  L(A) = Lagrangian of Atom A = -(1/4) Times Atomic Integral of the Laplacian of the Electron Density
  K(A) = Electronic Kinetic Energy of Atom A (Hamiltonian Form)
  K_Scaled(A) = K(A) * E(Mol)/K(Mol) = Approximation to Virial-Based Total Energy of Atom A.
  |Mu_Intra(A)| = Magnitude of Intraatomic Dipole Moment of Atom A
--------------------------------------------------------------------------------------------------
Atom A          q(A)              L(A)              K(A)          K_Scaled(A)      |Mu_Intra(A)|
--------------------------------------------------------------------------------------------------
C1        1.1040431788E+00 -3.3774931726E-04  3.7153467759E+01 -3.7446968636E+01  4.8470013117E-01
N2       -5.5039040400E-01 -2.9837566427E-04  5.4570343370E+01 -5.5001432166E+01  6.3291866447E-01
N3       -5.5006605080E-01  5.4254523986E-06  5.4570428063E+01 -5.5001517528E+01  6.3332476299E-01
C4        1.1042374238E+00 -1.1144969359E-04  3.7153520402E+01 -3.7447021695E+01  4.8461871917E-01
N5       -5.3645193640E-01 -3.1295323987E-05  5.4562166250E+01 -5.4993190449E+01  6.3158891942E-01
N6       -5.3651803450E-01 -1.4185292654E-04  5.4562151397E+01 -5.4993175479E+01  6.3154654648E-01
C7       -9.0255718300E-02 -4.3460326598E-04  3.7748652946E+01 -3.8046855602E+01  1.4092268991E-01
C8       -9.0067477200E-02 -2.9215915950E-04  3.7748688515E+01 -3.8046891452E+01  1.4127533136E-01
C9        1.0733335500E-02 -5.7268230796E-04  3.7673358521E+01 -3.7970966375E+01  1.1175687326E-01
C10       1.2309385200E-02 -3.9087867388E-04  3.7664775731E+01 -3.7962315783E+01  9.6352541520E-02
C11       1.1244465600E-02 -3.8954668275E-05  3.7673513582E+01 -3.7971122661E+01  1.1277189429E-01
C12       1.8337463630E+00 -3.0563339902E-04  3.6440477216E+01 -3.6728345689E+01  7.1075052128E-01
F13      -6.2467920440E-01  6.6187262418E-05  9.9625786229E+01 -1.0041279906E+02  3.3520164289E-01
F14      -6.1838912340E-01  5.8563694594E-05  9.9629167926E+01 -1.0041620747E+02  3.3895582148E-01
F15      -6.2631403160E-01  6.4431429981E-05  9.9622887203E+01 -1.0040987713E+02  3.3511050913E-01
C16       1.8335924756E+00 -4.5658248177E-04  3.6440435383E+01 -3.6728303526E+01  7.1219460580E-01
F17      -6.2469605030E-01  7.5012575870E-05  9.9625833875E+01 -1.0041284708E+02  3.3521443557E-01
F18      -6.2630980880E-01  7.0098451068E-05  9.9622916853E+01 -1.0040990701E+02  3.3514968570E-01
F19      -6.1837268070E-01  6.1236106279E-05  9.9629122025E+01 -1.0041616120E+02  3.3893209954E-01
H20       4.9642749020E-02  1.4008282603E-05  5.9248278483E-01 -5.9716321516E-01  1.4209261837E-01
H21       4.9671168500E-02  3.4064938728E-05  5.9248157963E-01 -5.9716200044E-01  1.4209983593E-01
H22       1.1437125080E-02  2.3428168289E-05  6.0966754610E-01 -6.1448373072E-01  1.5605782506E-01
H23       1.8723543310E-02  2.7864908080E-05  6.0974884323E-01 -6.1456567007E-01  1.4118660113E-01
H24       1.2273778100E-02  2.7124471863E-05  6.1464258829E-01 -6.1949807420E-01  1.4830034615E-01
H25       8.3539267400E-03  1.9765829389E-05  6.1265683975E-01 -6.1749663886E-01  1.5451617582E-01
H26       1.1444753750E-02  2.9340068844E-05  6.0966495594E-01 -6.1448112009E-01  1.5605198139E-01
H27       1.8688362990E-02  1.6817872463E-05  6.0975234406E-01 -6.1456919856E-01  1.4121700404E-01
--------------------------------------------------------------------------------------------------
Total    -2.3684854100E-03 -2.8188473692E-03  1.1565687907E+03 -1.1657053256E+03
 
1st Largest |L(A)| = 5.7268230796E-04, atom C9      
2nd Largest |L(A)| = 4.5658248177E-04, atom C16     
 
Molecular charge q(Mol) from the wfn file:   0.0000000000E+00
Molecular energy E(Mol) from the wfn file:  -1.1657059961E+03
Molecular virial ratio (-V(Mol)/T(Mol)) from the wfn file:   2.0078996900E+00
Note.  K_Scaled(A) = (1+V(Mol)/T(Mol))*K(A) = (E(Mol)/T(Mol))*K(A)
       Only use K_Scaled(A) data with caution.
 
Note.  Potentially significant cumulative integration error.
 
N_AIMInt(SumA)     =        144.002368
N_Analytic(Mol)    =        143.999984
 
G_AIMInt(SumA)     =       1156.571610
G_Analytic(Mol)    =       1156.569409
 
K_AIMInt(SumA)     =       1156.568791
K_Analytic(Mol)    =       1156.569409
 
L_AIMInt(SumA)     =         -0.002819
L_Analytic(Mol)    =          0.000000
 
VenT_AIMInt(SumA)  =      -5948.525004
VenT_Analytic(Mol) =      -5948.471357
 
Some Information About the Atomic Calculations:
----------------------------------------------
  Time(sec) = "Elapsed User Time", in Seconds, for Atom A by AIMInt and, if used, by TWOe
  NProc = Number of Processors Used for AIMInt Job
  BIM = Basin Integration Method
  OAQ = Angular Quadrature Outside of Beta Sphere
  ORQ = Multiple of Default for Radial Quadrature Outside of Beta Sphere
  IAQ = Multiple of Default for Angular Quadrature Inside of Beta Sphere
  IRQ = Multiple of Default for Radial Quadrature Inside of Beta Sphere
  MIR = Maximum Integration Radius
------------------------------------------------------------------------------------------------------
Atom A     Time(sec)   NProc      BIM          OAQ                     ORQ      IAQ      IRQ      MIR
------------------------------------------------------------------------------------------------------
C1            132        8     Proaim(5)    4500(GS4)                  1.00     1.00     1.00    13.00
N2            149        8     Proaim(5)    4500(GS4)                  1.00     1.00     1.00    13.00
N3            348        8     Proaim(5)    4500(GS4)                  1.00     1.00     1.00    13.00
C4             87        8     Proaim(5)    4500(GS4)                  1.00     1.00     1.00    13.00
N5             28        8     Proaim(5)    4500(GS4)                  1.00     1.00     1.00    13.00
N6             29        8     Proaim(5)    4500(GS4)                  1.00     1.00     1.00    13.00
C7            338        8     Proaim(5)    4500(GS4)                  1.00     1.00     1.00    13.00
C8            365        8     Proaim(5)    4500(GS4)                  1.00     1.00     1.00    13.00
C9            270        8     Proaim(5)    9000(GS9)                  1.00     1.00     1.00    13.00
C10           225        8     Proaim(5)    4500(GS4)                  1.00     1.00     1.00    13.00
C11           119        8     Proaim(5)    4500(GS4)                  1.00     1.00     1.00    13.00
C12            38        8     Proaim(5)    4500(GS4)                  1.00     1.00     1.00    13.00
F13            22        8     Proaim(5)    4500(GS4)                  1.00     1.00     1.00    13.00
F14            13        8     Proaim(5)    2700(GS4)                  1.00     1.00     1.00    13.00
F15            23        8     Proaim(5)    4500(GS4)                  1.00     1.00     1.00    13.00
C16            41        8     Proaim(5)    8100(GS8)                  1.00     1.00     1.00    13.00
F17            23        8     Proaim(5)    4500(GS4)                  1.00     1.00     1.00    13.00
F18            22        8     Proaim(5)    4500(GS4)                  1.00     1.00     1.00    13.00
F19            13        8     Proaim(5)    2700(GS4)                  1.00     1.00     1.00    13.00
H20            18        8     Proaim(5)    4500(GS4)                  1.00     1.00     1.00    13.00
H21            17        8     Proaim(5)    4500(GS4)                  1.00     1.00     1.00    13.00
H22             8        8     Proaim(5)    1800(GS4)                  1.00     1.00     1.00    13.00
H23            15        8     Proaim(5)    4500(GS4)                  1.00     1.00     1.00    13.00
H24           127        8     Proaim(5)    4500(GS4)                  1.00     1.00     1.00    13.00
H25             8        8     Proaim(5)    1800(GS4)                  1.00     1.00     1.00    13.00
H26             9        8     Proaim(5)    1800(GS4)                  1.00     1.00     1.00    13.00
H27            15        8     Proaim(5)    4500(GS4)                  1.00     1.00     1.00    13.00
------------------------------------------------------------------------------------------------------
Total        2502
Note:  Total wall clock time is less than total of atomic times if more than one atom
       was calculated at a time
 
Electron Density Critical Point Analysis of Molecular Structure:               
---------------------------------------------------------------                
  NACP = Nuclear Attractor Critical Point                                      
  NNACP = Non-Nuclear Attractor Critical Point                                 
  BCP = Bond Critical Point                                                    
  RCP = Ring Critical Point                                                    
  CCP = Cage Critical Point                                                    
  Rho = Electron Density                                                       
  GradRho = Gradient of Electron Density                                       
  HessRho_EigVals = Eigenvalues of the Hessian of Rho, Ascending Order         
  HessRho_EigVecs = Eigenvectors of the Hessian of Rho                         
  DelSqRho = Laplacian of Rho = Trace of Hessian of Rho                        
  Bond Ellipticity = (HessRho_EigVal(1) / HessRho_EigVal(2)) - 1               
  V = Virial Field = Potential Energy Density = Trace of Stress Tensor         
  G = Lagrangian Form of Kinetic Energy Density                                
  K = Hamiltonian Form of Kinetic Energy Density                               
  L = K - G = Lagrangian Density = (-1/4)DelSqRho                              
  Vnuc = Electrostatic Potential from Nuclei                                   
  Ven = Electron-nuclear attractive contribution to Virial Field V             
  Vrep = V - Ven = Repulsive contribution to Virial Field V                    
  DelSqV = Laplacian of V                                                      
  DelSqVen = Laplacian of Ven                                                  
  DelSqVrep = Laplacian of Vrep                                                
  DelSqG = Laplacian of G                                                      
  DelSqK = Laplacian of K                                                      
  Stress_EigVals = Eigenvalues of Stress Tensor, Ascending Order               
  Stress_EigVecs = Eigenvectors of Stress Tensor                               
  -DivStress = Ehrenfest Force Density = Minus Divergence of Stress Tensor     
  ESP = Total Electrostatic Potential                                          
  ESPe = Electrostatic Potential from Electrons                                
  ESPn = Electrostatic Potential from Nuclei                                   
  BP = Bond Path                                                               
  BPL = Bond Path Length                                                       
  GBL = Geometric Bond Length                                                  
  GBL_I = Distance Between Nuclear Attractors                                  
  GBL_II = Distance Between Nuclei                                             
  GBL_III = Sum of Distances Between BCP and Nuclear Attractors                
  GBL_IV = Sum of Distances Between BCP and Nuclei                             

CP# 1      Coords = -2.37757279720497E+00 -1.88730124434745E+00 -2.16697576482345E-01
           Type = (3,-3) NACP C1
           Rho =  1.1762410706E+02     Rho at Nucleus =  1.1762410705E+02
           GradRho =  2.3161641089E-11 -1.1260123747E-11 -2.5123598677E-12
           HessRho_EigVals = -1.4489697695E+05 -1.4489606494E+05 -1.4489580624E+05
           HessRho_EigVec1 =  9.6454589899E-02  9.2966608916E-01  3.5555235163E-01
           HessRho_EigVec2 =  4.0756703106E-02 -3.6060731714E-01  9.3182683690E-01
           HessRho_EigVec3 =  9.9450259087E-01 -7.5387833776E-02 -7.2672355673E-02
           DelSqRho = -4.3468884813E+05
           Bond Ellipticity = NA
           V = -1.0868267940E+05
           G =  5.2336840347E+00
           K =  1.0867744572E+05
           L =  1.0867221203E+05
           Vnuc =  2.2577789540E+07
           Ven = -2.6556923339E+09
           Vrep =  2.6555836512E+09
           DelSqV =  2.4933655436E+09
           DelSqVen =  9.8143148442E+12
           DelSqVrep = -9.8118214786E+12
           DelSqG =  1.3389010003E+08
           DelSqK = -2.6272556437E+09
           Stress_EigVals = -3.6227763266E+04 -3.6227728322E+04 -3.6227187812E+04
           Stress_EigVec1 =  9.8433694872E-01 -4.3523657972E-02 -1.7084045947E-01
           Stress_EigVec2 =  1.4317384891E-01 -3.6808391956E-01  9.1870314964E-01
           Stress_EigVec3 =  1.0286894760E-01  9.2877334122E-01  3.5608715262E-01
           -DivStress = -1.2424555407E+02  1.7227783212E+02  2.8972627046E+01
           ESP =  -1.4599778974E+01     ESP at Nucleus =  -1.4599778974E+01
           ESPe = -4.1691458508E+01     ESPe at Nucleus = -4.1691458534E+01
           ESPn =  2.7091679534E+01     ESPn at Nucleus =  2.7091679560E+01

CP# 2      Coords = -1.24962278735424E+00 -1.26389518352589E+00 -2.38609275296235E+00
           Type = (3,-3) NACP N2
           Rho =  1.9144260798E+02     Rho at Nucleus =  1.9144257333E+02
           GradRho =  7.1885349778E-12  3.5012791277E-12  4.5829631756E-11
           HessRho_EigVals = -3.2215844850E+05 -3.2215689462E+05 -3.2214693016E+05
           HessRho_EigVec1 =  1.6971309308E-01  9.6598089990E-01  1.9513679067E-01
           HessRho_EigVec2 =  9.0055538494E-01 -7.1595973594E-02 -4.2880533488E-01
           HessRho_EigVec3 =  4.0024675476E-01 -2.4850536735E-01  8.8207007528E-01
           DelSqRho = -9.6646227328E+05
           Bond Ellipticity = NA
           V = -2.4164812699E+05
           G =  1.6279332260E+01
           K =  2.4163184765E+05
           L =  2.4161556832E+05
           Vnuc =  4.7725214848E+05
           Ven = -9.1366395970E+07
           Vrep =  9.1124747843E+07
           DelSqV =  7.5873016569E+09
           DelSqVen =  4.6124619629E+11
           DelSqVrep = -4.5365889463E+11
           DelSqG =  4.0667193138E+08
           DelSqK = -7.9939735883E+09
           Stress_EigVals = -8.0550946220E+04 -8.0548905225E+04 -8.0548275541E+04
           Stress_EigVec1 =  3.7112606035E-01 -2.5034460073E-01  8.9419965792E-01
           Stress_EigVec2 =  9.2360161305E-01 -8.8324499120E-05 -3.8335369121E-01
           Stress_EigVec3 =  9.6049506500E-02  9.6815679158E-01  2.3118589753E-01
           -DivStress = -2.0372300949E+04  8.4938803963E+03 -2.8690054172E+04
           ESP =  -1.8253185933E+01     ESP at Nucleus =  -1.8253187518E+01
           ESPe = -4.3069700840E+01     ESPe at Nucleus = -4.3069669114E+01
           ESPn =  2.4816514907E+01     ESPn at Nucleus =  2.4816481596E+01

CP# 3      Coords =  1.24912631731292E+00 -1.26410443220658E+00 -2.38614922258155E+00
           Type = (3,-3) NACP N3
           Rho =  1.9144260965E+02     Rho at Nucleus =  1.9144257499E+02
           GradRho =  2.7116032618E-11 -8.9577720241E-12  4.0939500921E-11
           HessRho_EigVals = -3.2215845112E+05 -3.2215689716E+05 -3.2214693264E+05
           HessRho_EigVec1 = -1.6954659958E-01  9.6600823083E-01  1.9514622350E-01
           HessRho_EigVec2 =  9.0058474893E-01  7.1447145724E-02  4.2876848690E-01
           HessRho_EigVec3 = -4.0025124680E-01 -2.4844195165E-01  8.8208590063E-01
           DelSqRho = -9.6646228091E+05
           Bond Ellipticity = NA
           V = -2.4164812890E+05
           G =  1.6279336661E+01
           K =  2.4163184957E+05
           L =  2.4161557023E+05
           Vnuc =  4.7725164614E+05
           Ven = -9.1366300595E+07
           Vrep =  9.1124652466E+07
           DelSqV =  7.5873017025E+09
           DelSqVen =  4.6124571430E+11
           DelSqVrep = -4.5365841260E+11
           DelSqG =  4.0667193407E+08
           DelSqK = -7.9939736366E+09
           Stress_EigVals = -8.0550946875E+04 -8.0548905864E+04 -8.0548276164E+04
           Stress_EigVec1 = -3.7113017342E-01 -2.5028634580E-01  8.9421425815E-01
           Stress_EigVec2 =  9.2361758360E-01 -6.5613996376E-05  3.8331521619E-01
           Stress_EigVec3 = -9.5879891780E-02  9.6817185499E-01  2.3119322125E-01
           -DivStress =  2.0372401366E+04  8.4906231540E+03 -2.8690991557E+04
           ESP =  -1.8253187345E+01     ESP at Nucleus =  -1.8253188931E+01
           ESPe = -4.3069660723E+01     ESPe at Nucleus = -4.3069628997E+01
           ESPn =  2.4816473378E+01     ESPn at Nucleus =  2.4816440067E+01

CP# 4      Coords =  2.37707292705932E+00 -1.88771049436691E+00 -2.16811486518576E-01
           Type = (3,-3) NACP C4
           Rho =  1.1762409842E+02     Rho at Nucleus =  1.1762409842E+02
           GradRho =  1.7414051524E-11  5.0468456996E-12 -1.8975600645E-12
           HessRho_EigVals = -1.4489696116E+05 -1.4489604911E+05 -1.4489579038E+05
           HessRho_EigVec1 = -9.6279251164E-02  9.2967412098E-01  3.5557887252E-01
           HessRho_EigVec2 = -4.0805923632E-02 -3.6062478510E-01  9.3181792265E-01
           HessRho_EigVec3 =  9.9451756264E-01  7.5205007496E-02  7.2656895444E-02
           DelSqRho = -4.3468880065E+05
           Bond Ellipticity = NA
           V = -1.0868266753E+05
           G =  5.2336827159E+00
           K =  1.0867743385E+05
           L =  1.0867220016E+05
           Vnuc =  2.2568920226E+07
           Ven = -2.6546488940E+09
           Vrep =  2.6545402113E+09
           DelSqV =  2.4933652668E+09
           DelSqVen =  9.8104602788E+12
           DelSqVrep = -9.8079627192E+12
           DelSqG =  1.3389008053E+08
           DelSqK = -2.6272553473E+09
           Stress_EigVals = -3.6227759319E+04 -3.6227724362E+04 -3.6227183847E+04
           Stress_EigVec1 =  9.8432705583E-01  4.3301499315E-02  1.7095387481E-01
           Stress_EigVec2 = -1.4335953971E-01 -3.6808082040E-01  9.1867543345E-01
           Stress_EigVec3 = -1.0270486614E-01  9.2878495348E-01  3.5610422724E-01
           -DivStress =  1.2436362728E+02  1.7229312355E+02  2.9001398611E+01
           ESP =  -1.4599780416E+01     ESP at Nucleus =  -1.4599780417E+01
           ESPe = -4.1691452480E+01     ESPe at Nucleus = -4.1691452507E+01
           ESPn =  2.7091672064E+01     ESPn at Nucleus =  2.7091672090E+01

CP# 5      Coords =  1.24400849924287E+00 -2.87826666572749E+00  1.81862726489461E+00
           Type = (3,-3) NACP N5
           Rho =  1.9143860214E+02     Rho at Nucleus =  1.9143856756E+02
           GradRho =  5.5140456816E-12  1.7374296446E-13 -1.2319564639E-11
           HessRho_EigVals = -3.2215125820E+05 -3.2214965189E+05 -3.2213971012E+05
           HessRho_EigVec1 = -1.6369004300E-01  8.4937097771E-01  5.0177137428E-01
           HessRho_EigVec2 =  8.9955656389E-01  3.3731073467E-01 -2.7752379473E-01
           HessRho_EigVec3 =  4.0497352777E-01 -4.0594385141E-01  8.1927164684E-01
           DelSqRho = -9.6644062022E+05
           Bond Ellipticity = NA
           V = -2.4164273263E+05
           G =  1.6288785588E+01
           K =  2.4162644384E+05
           L =  2.4161015506E+05
           Vnuc =  4.7777504557E+05
           Ven = -9.1464586859E+07
           Vrep =  9.1222944127E+07
           DelSqV =  7.5871321290E+09
           DelSqVen =  4.6174121088E+11
           DelSqVrep = -4.5415407875E+11
           DelSqG =  4.0666222006E+08
           DelSqK = -7.9937943491E+09
           Stress_EigVals = -8.0549147579E+04 -8.0547115888E+04 -8.0546469160E+04
           Stress_EigVec1 =  3.7835649921E-01 -4.1225393268E-01  8.2879011486E-01
           Stress_EigVec2 =  9.2097798982E-01  2.5759210616E-01 -2.9231121962E-01
           Stress_EigVec3 = -9.2983341399E-02  8.7389530370E-01  4.7713844572E-01
           -DivStress =  2.0441915951E+04 -1.2868260350E+04  2.6907011913E+04
           ESP =  -1.8252540626E+01     ESP at Nucleus =  -1.8252542206E+01
           ESPe = -4.2593299617E+01     ESPe at Nucleus = -4.2593265933E+01
           ESPn =  2.4340758991E+01     ESPn at Nucleus =  2.4340723727E+01

CP# 6      Coords = -1.24458318887283E+00 -2.87804357720417E+00  1.81869003439156E+00
           Type = (3,-3) NACP N6
           Rho =  1.9143860745E+02     Rho at Nucleus =  1.9143857287E+02
           GradRho =  2.2460897346E-11 -3.8754522161E-11  9.4242391668E-12
           HessRho_EigVals = -3.2215126603E+05 -3.2214965969E+05 -3.2213971785E+05
           HessRho_EigVec1 =  1.6382176525E-01  8.4936068562E-01  5.0174580711E-01
           HessRho_EigVec2 =  8.9951675498E-01 -3.3742934421E-01  2.7750863983E-01
           HessRho_EigVec3 = -4.0500868724E-01 -4.0586680498E-01  8.1929243856E-01
           DelSqRho = -9.6644064357E+05
           Bond Ellipticity = NA
           V = -2.4164273844E+05
           G =  1.6288772411E+01
           K =  2.4162644966E+05
           L =  2.4161016089E+05
           Vnuc =  4.7777315061E+05
           Ven = -9.1464226632E+07
           Vrep =  9.1222583894E+07
           DelSqV =  7.5871323214E+09
           DelSqVen =  4.6173939085E+11
           DelSqVrep = -4.5415225859E+11
           DelSqG =  4.0666222842E+08
           DelSqK = -7.9937945498E+09
           Stress_EigVals = -8.0549149527E+04 -8.0547117825E+04 -8.0546471085E+04
           Stress_EigVec1 = -3.7839299475E-01 -4.1218140859E-01  8.2880952452E-01
           Stress_EigVec2 =  9.2094795320E-01 -2.5772772716E-01  2.9228630853E-01
           Stress_EigVec3 =  9.3132212643E-02  8.7388952681E-01  4.7711999110E-01
           -DivStress = -2.0442830714E+04 -1.2864616466E+04  2.6908255543E+04
           ESP =  -1.8252539459E+01     ESP at Nucleus =  -1.8252541039E+01
           ESPe = -4.2593265206E+01     ESPe at Nucleus = -4.2593231522E+01
           ESPn =  2.4340725747E+01     ESPn at Nucleus =  2.4340690482E+01

CP# 7      Coords = -1.26519898055764E+00  3.80966843229726E+00  2.08466008751953E+00
           Type = (3,-3) NACP C7
           Rho =  1.1772614137E+02     Rho at Nucleus =  1.1772614123E+02
           GradRho = -6.5360645542E-10  7.3543636459E-11 -9.4951824181E-11
           HessRho_EigVals = -1.4507186514E+05 -1.4507094827E+05 -1.4507062478E+05
           HessRho_EigVec1 = -5.5237901546E-02  8.4111121948E-01  5.3803409808E-01
           HessRho_EigVec2 =  1.5247820953E-01 -5.2543046583E-01  8.3706225647E-01
           HessRho_EigVec3 =  9.8676196210E-01  1.2827603845E-01 -9.9227456425E-02
           DelSqRho = -4.3521343819E+05
           Bond Ellipticity = NA
           V = -1.0881353335E+05
           G =  5.0869015712E+00
           K =  1.0880844645E+05
           L =  1.0880335955E+05
           Vnuc =  4.2131229072E+06
           Ven = -4.9599470300E+08
           Vrep =  4.9588588946E+08
           DelSqV =  2.4964120012E+09
           DelSqVen =  1.8336076268E+12
           DelSqVrep = -1.8311112148E+12
           DelSqG =  1.3410000611E+08
           DelSqK = -2.6305120073E+09
           Stress_EigVals = -3.6271458743E+04 -3.6271268182E+04 -3.6270806427E+04
           Stress_EigVec1 =  9.4270213624E-01  2.0220872031E-01 -2.6537580101E-01
           Stress_EigVec2 =  3.3307360836E-01 -5.2424167975E-01  7.8372994879E-01
           Stress_EigVec3 = -1.9355974325E-02  8.2721357257E-01  5.6155413952E-01
           -DivStress =  1.1283603598E+03 -1.2387789307E+02  2.2248280406E+02
           ESP =  -1.4738166936E+01     ESP at Nucleus =  -1.4738166954E+01
           ESPe = -3.7475844569E+01     ESPe at Nucleus = -3.7475845623E+01
           ESPn =  2.2737677633E+01     ESPn at Nucleus =  2.2737678669E+01

CP# 8      Coords =  1.26589816065517E+00  3.80982624267473E+00  2.08525331805881E+00
           Type = (3,-3) NACP C8
           Rho =  1.1772614379E+02     Rho at Nucleus =  1.1772614364E+02
           GradRho =  6.3493718052E-10  2.4474602900E-11 -1.4933848949E-10
           HessRho_EigVals = -1.4507186688E+05 -1.4507094990E+05 -1.4507062641E+05
           HessRho_EigVec1 =  5.4882075741E-02  8.4109596121E-01  5.3809436142E-01
           HessRho_EigVec2 = -1.5288556992E-01 -5.2547319698E-01  8.3696112321E-01
           HessRho_EigVec3 =  9.8671878480E-01 -1.2820102688E-01  9.9752375594E-02
           DelSqRho = -4.3521344320E+05
           Bond Ellipticity = NA
           V = -1.0881353459E+05
           G =  5.0868929660E+00
           K =  1.0880844769E+05
           L =  1.0880336080E+05
           Vnuc =  4.2130343858E+06
           Ven = -4.9598429189E+08
           Vrep =  4.9587547835E+08
           DelSqV =  2.4964120385E+09
           DelSqVen =  1.8335689933E+12
           DelSqVrep = -1.8310725812E+12
           DelSqG =  1.3410000623E+08
           DelSqK = -2.6305120447E+09
           Stress_EigVals = -3.6271459176E+04 -3.6271268591E+04 -3.6270806818E+04
           Stress_EigVec1 =  9.4259718727E-01 -2.0210552071E-01  2.6582682531E-01
           Stress_EigVec2 = -3.3339168475E-01 -5.2430092750E-01  7.8355505356E-01
           Stress_EigVec3 =  1.8987551042E-02  8.2720124270E-01  5.6158487959E-01
           -DivStress = -1.1284392445E+03 -1.2418258021E+02  2.2204572804E+02
           ESP =  -1.4738167224E+01     ESP at Nucleus =  -1.4738167242E+01
           ESPe = -3.7475043541E+01     ESPe at Nucleus = -3.7475044596E+01
           ESPn =  2.2736876317E+01     ESPn at Nucleus =  2.2736877354E+01

CP# 9      Coords = -2.33567936224585E+00  5.42448940242490E+00 -2.03835347843017E-02
           Type = (3,-3) NACP C9
           Rho =  1.1754509297E+02     Rho at Nucleus =  1.1754509293E+02
           GradRho =  7.2482812504E-11 -8.8390836317E-11  5.6534762982E-11
           HessRho_EigVals = -1.4484526114E+05 -1.4484494367E+05 -1.4484484929E+05
           HessRho_EigVec1 = -2.3377847236E-01 -5.1281392990E-01  8.2605659561E-01
           HessRho_EigVec2 =  8.1876879853E-01 -5.6203490938E-01 -1.1719392133E-01
           HessRho_EigVec3 =  5.2437131921E-01  6.4895195041E-01  5.5126770779E-01
           DelSqRho = -4.3453505410E+05
           Bond Ellipticity = NA
           V = -1.0864410971E+05
           G =  5.1730921183E+00
           K =  1.0863893662E+05
           L =  1.0863376353E+05
           Vnuc =  7.9862293810E+06
           Ven = -9.3874207509E+08
           Vrep =  9.3863343098E+08
           DelSqV =  2.4925376438E+09
           DelSqVen =  3.4702959247E+12
           DelSqVrep = -3.4678033707E+12
           DelSqG =  1.3388795880E+08
           DelSqK = -2.6264256026E+09
           Stress_EigVals = -3.6214776055E+04 -3.6214741571E+04 -3.6214592083E+04
           Stress_EigVec1 =  5.9139035701E-01  5.8871731751E-01  5.5106203435E-01
           Stress_EigVec2 =  7.5993711030E-01 -6.3546789024E-01 -1.3666070708E-01
           Stress_EigVec3 = -2.6972770348E-01 -4.9959231433E-01  8.2319771953E-01
           -DivStress = -4.3845574808E+02  2.2408969600E+02 -3.6037067976E+02
           ESP =  -1.4734388060E+01     ESP at Nucleus =  -1.4734388061E+01
           ESPe = -3.5772387246E+01     ESPe at Nucleus = -3.5772386035E+01
           ESPn =  2.1037999186E+01     ESPn at Nucleus =  2.1037997974E+01

CP# 10     Coords =  1.11783983285118E-03  5.93599553721178E+00 -1.71848712353129E+00
           Type = (3,-3) NACP C10
           Rho =  1.1754575256E+02     Rho at Nucleus =  1.1754575250E+02
           GradRho = -4.2704633097E-14 -7.1997862533E-11  1.6748783610E-10
           HessRho_EigVals = -1.4484577453E+05 -1.4484539014E+05 -1.4484517556E+05
           HessRho_EigVec1 =  9.9999996348E-01  6.8981105593E-05  2.6131750919E-04
           HessRho_EigVec2 = -2.3207402435E-04 -2.7637835040E-01  9.6104888199E-01
           HessRho_EigVec3 = -1.3851671653E-04  9.6104890753E-01  2.7637832430E-01
           DelSqRho = -4.3453634022E+05
           Bond Ellipticity = NA
           V = -1.0864438998E+05
           G =  5.1524604138E+00
           K =  1.0863923752E+05
           L =  1.0863408506E+05
           Vnuc =  6.7044386010E+06
           Ven = -7.8807828086E+08
           Vrep =  7.8796963647E+08
           DelSqV =  2.4925439620E+09
           DelSqVen =  2.9133226639E+12
           DelSqVrep = -2.9108301200E+12
           DelSqG =  1.3388793598E+08
           DelSqK = -2.6264318980E+09
           Stress_EigVals = -3.6214898080E+04 -3.6214827840E+04 -3.6214664056E+04
           Stress_EigVec1 = -1.2730761437E-04  9.8039052010E-01  1.9706448665E-01
           Stress_EigVec2 = -2.2407982944E-04 -1.9706451127E-01  9.8039049781E-01
           Stress_EigVec3 =  9.9999996679E-01  8.0652998873E-05  2.4477355333E-04
           -DivStress =  1.3591851694E-01  9.8246939094E+01 -7.2136086361E+02
           ESP =  -1.4738017743E+01     ESP at Nucleus =  -1.4738017744E+01
           ESPe = -3.5256452336E+01     ESPe at Nucleus = -3.5256450976E+01
           ESPn =  2.0518434593E+01     ESPn at Nucleus =  2.0518433231E+01

CP# 11     Coords =  2.33716147229962E+00  5.42482789240161E+00 -1.92516851861130E-02
           Type = (3,-3) NACP C11
           Rho =  1.1754509110E+02     Rho at Nucleus =  1.1754509106E+02
           GradRho = -9.7180605793E-11 -7.7891190026E-11  5.6296866474E-11
           HessRho_EigVals = -1.4484525481E+05 -1.4484493741E+05 -1.4484484309E+05
           HessRho_EigVec1 =  2.3350321045E-01 -5.1277550391E-01  8.2615829797E-01
           HessRho_EigVec2 =  8.1862054675E-01  5.6217538617E-01  1.1755524499E-01
           HessRho_EigVec3 = -5.2472531018E-01  6.4886063047E-01  5.5103832088E-01
           DelSqRho = -4.3453503531E+05
           Bond Ellipticity = NA
           V = -1.0864410501E+05
           G =  5.1730916560E+00
           K =  1.0863893192E+05
           L =  1.0863375883E+05
           Vnuc =  7.9890784680E+06
           Ven = -9.3907695633E+08
           Vrep =  9.3896831222E+08
           DelSqV =  2.4925375327E+09
           DelSqVen =  3.4715341128E+12
           DelSqVrep = -3.4690415752E+12
           DelSqG =  1.3388794922E+08
           DelSqK = -2.6264254819E+09
           Stress_EigVals = -3.6214774473E+04 -3.6214740003E+04 -3.6214590533E+04
           Stress_EigVec1 = -5.9182746568E-01  5.8853839342E-01  5.5078381452E-01
           Stress_EigVec2 =  7.5970413972E-01  6.3565392339E-01  1.3709015196E-01
           Stress_EigVec3 =  2.6942507485E-01 -4.9956646119E-01  8.2331250440E-01
           -DivStress =  4.3841075544E+02  2.2411041882E+02 -3.6004330153E+02
           ESP =  -1.4734386665E+01     ESP at Nucleus =  -1.4734386666E+01
           ESPe = -3.5771339148E+01     ESPe at Nucleus = -3.5771337937E+01
           ESPn =  2.1036952483E+01     ESPn at Nucleus =  2.1036951272E+01

CP# 12     Coords = -5.24760143847482E+00 -1.67399571408881E+00 -1.02305223849800E-01
           Type = (3,-3) NACP C12
           Rho =  1.1734891642E+02     Rho at Nucleus =  1.1734891258E+02
           GradRho =  3.9007697571E-11  9.7436246761E-12 -4.0464588060E-13
           HessRho_EigVals = -1.4451455182E+05 -1.4451454283E+05 -1.4451278171E+05
           HessRho_EigVec1 =  8.5341232885E-02  8.5481903630E-01  5.1186061497E-01
           HessRho_EigVec2 =  7.9395325510E-04 -5.1379301326E-01  8.5791381220E-01
           HessRho_EigVec3 =  9.9635146590E-01 -7.2809029041E-02 -4.4526415556E-02
           DelSqRho = -4.3354187636E+05
           Bond Ellipticity = NA
           V = -1.0839462351E+05
           G =  4.5772121958E+00
           K =  1.0839004630E+05
           L =  1.0838546909E+05
           Vnuc =  8.2341675138E+05
           Ven = -9.6627063533E+07
           Vrep =  9.6518668909E+07
           DelSqV =  2.4867519764E+09
           DelSqVen =  3.5698564275E+11
           DelSqVrep = -3.5449889078E+11
           DelSqG =  1.3349215736E+08
           DelSqK = -2.6202441338E+09
           Stress_EigVals = -3.6131865759E+04 -3.6131380205E+04 -3.6131377550E+04
           Stress_EigVec1 =  9.9635690014E-01 -7.3044671533E-02 -4.4015946110E-02
           Stress_EigVec2 =  4.9976252185E-03 -4.6522850558E-01  8.8517651423E-01
           Stress_EigVec3 =  8.5134900561E-02  8.8217170299E-01  4.6316858178E-01
           -DivStress =  5.8642708709E+03 -4.3287824004E+02 -2.8797641960E+02
           ESP =  -1.4441676252E+01     ESP at Nucleus =  -1.4441676474E+01
           ESPe = -4.0350852929E+01     ESPe at Nucleus = -4.0350858388E+01
           ESPn =  2.5909176676E+01     ESPn at Nucleus =  2.5909181914E+01

CP# 13     Coords = -5.97585427709307E+00 -9.13868764710033E-01  2.20419670139616E+00
           Type = (3,-3) NACP F13
           Rho =  4.1878670549E+02     Rho at Nucleus =  4.1878667467E+02
           GradRho = -2.5163590135E-10  4.0233223871E-11  4.5348271606E-11
           HessRho_EigVals = -1.1739331049E+06 -1.1738897641E+06 -1.1738888097E+06
           HessRho_EigVec1 = -3.0140857566E-01  3.0325056951E-01  9.0398670489E-01
           HessRho_EigVec2 =  2.2950079875E-01  9.4327744070E-01 -2.3991051092E-01
           HessRho_EigVec3 = -9.2546326447E-01  1.3515458545E-01 -3.5390815778E-01
           DelSqRho = -3.5217116786E+06
           Bond Ellipticity = NA
           V = -8.8066086974E+05
           G =  1.1647504378E+02
           K =  8.8054439470E+05
           L =  8.8042791965E+05
           Vnuc =  1.2420663057E+06
           Ven = -5.2016085616E+08
           Vrep =  5.1928019529E+08
           DelSqV =  4.6345229965E+10
           DelSqVen =  4.3741994107E+12
           DelSqVrep = -4.3278541807E+12
           DelSqG =  2.4688025051E+09
           DelSqK = -4.8814032470E+10
           Stress_EigVals = -2.9355741779E+05 -2.9355718171E+05 -2.9354627024E+05
           Stress_EigVec1 = -9.2687054353E-01  1.3020659583E-01 -3.5207561395E-01
           Stress_EigVec2 =  2.2447576088E-01  9.4399382828E-01 -2.4183937842E-01
           Stress_EigVec3 = -3.0086812445E-01  3.0318623745E-01  9.0418829737E-01
           -DivStress = -2.9931873108E+04  3.3346950378E+04  9.9745403350E+04
           ESP =  -2.6495604681E+01     ESP at Nucleus =  -2.6495605583E+01
           ESPe = -4.6583925068E+01     ESPe at Nucleus = -4.6583907071E+01
           ESPn =  2.0088320388E+01     ESPn at Nucleus =  2.0088301488E+01

CP# 14     Coords = -6.31909026568440E+00 -3.92568525606759E+00 -5.77342690015404E-01
           Type = (3,-3) NACP F14
           Rho =  4.1879315395E+02     Rho at Nucleus =  4.1879312277E+02
           GradRho =  2.2941598057E-11 -1.0676579434E-10  5.7240631397E-11
           HessRho_EigVals = -1.1739513816E+06 -1.1739078129E+06 -1.1739071180E+06
           HessRho_EigVec1 =  4.3705154028E-01  8.8017435454E-01  1.8514604169E-01
           HessRho_EigVec2 =  6.7770830055E-03 -2.0906344823E-01  9.7787859459E-01
           HessRho_EigVec3 =  8.9941093071E-01 -4.2612859588E-01 -9.7336516727E-02
           DelSqRho = -3.5217663125E+06
           Bond Ellipticity = NA
           V = -8.8067445967E+05
           G =  1.1644076956E+02
           K =  8.8055801890E+05
           L =  8.8044157813E+05
           Vnuc =  1.2349061214E+06
           Ven = -5.1717022943E+08
           Vrep =  5.1628955497E+08
           DelSqV =  4.6345943394E+10
           DelSqVen =  4.3490507745E+12
           DelSqVrep = -4.3027048322E+12
           DelSqG =  2.4688413146E+09
           DelSqK = -4.8814784708E+10
           Stress_EigVals = -2.9356192750E+05 -2.9356175479E+05 -2.9355077739E+05
           Stress_EigVec1 =  8.9957164383E-01 -4.2582659916E-01 -9.7172861777E-02
           Stress_EigVec2 =  6.7385032047E-03 -2.0892180695E-01  9.7790913236E-01
           Stress_EigVec3 =  4.3672124999E-01  8.8035412535E-01  1.8507069941E-01
           -DivStress = -4.5102011232E+04 -9.8239455025E+04 -2.0548396203E+04
           ESP =  -2.6497515638E+01     ESP at Nucleus =  -2.6497516544E+01
           ESPe = -4.5415270570E+01     ESPe at Nucleus = -4.5415250406E+01
           ESPn =  1.8917754932E+01     ESPn at Nucleus =  1.8917733861E+01

CP# 15     Coords = -6.09399547883252E+00 -5.88574167179326E-03 -1.80773458604785E+00
           Type = (3,-3) NACP F15
           Rho =  4.1876469991E+02     Rho at Nucleus =  4.1876466919E+02
           GradRho =  3.2093584474E-10 -4.3224104851E-13  1.1317739286E-10
           HessRho_EigVals = -1.1738532756E+06 -1.1738100292E+06 -1.1738087540E+06
