AIMSum (Version 19.02.13, Professional)
Copyright (c) 1997-2019 by Todd A. Keith
AIMSum is a component of the AIMAll package ( http://aim.tkgristmill.com )

TP:  64-bit Linux

Much of the Quantum Theory of Atoms in Molecules (QTAIM) is described in the book:
  "Atoms in Molecules - A Quantum Theory"
  R.F.W. Bader, Oxford University Press, Oxford, 1990

For additional references see:  http://aim.tkgristmill.com/references.html

Wfn File:  /home/mhennefarth/Documents/ML_Diels/summary-N-liu2013/4d-opt/4d-opt.wfn
Sum File:  /home/mhennefarth/Documents/ML_Diels/summary-N-liu2013/4d-opt/4d-opt.sum

SumViz File:  /home/mhennefarth/Documents/ML_Diels/summary-N-liu2013/4d-opt/4d-opt.sumviz

Wfn Title:   Title Card Required                                                           
 
Total memory allocated for AIMSum =        1.982 Megabytes

Atomic units (a.u.) used throughout, except where stated otherwise

Model:  Restricted SCF
 
Restricted, closed-shell, single-determinant wavefunction.
  Number of electrons (from MO Occs)                   =         152.0000000000
  Number of Alpha electrons (from MO Occs)             =          76.0000000000
  Number of Beta electrons (from MO Occs)              =          76.0000000000
  Number of electron pairs (N*(N-1)/2)                 =       11476.0000000000
  Number of electron pairs (from Muller 2EDM)          =       11476.0000000000
 
Nuclear Charges and Cartesian Coordinates:
-------------------------------------------------------------------------------
Atom      Charge                X                  Y                  Z
-------------------------------------------------------------------------------
C1         6.0          -2.7048692400E+00  -2.0329990200E+00  -2.3569246000E-01
N2         7.0          -1.5286278600E+00  -1.4773438700E+00  -2.3963492000E+00
N3         7.0           9.5577886000E-01  -1.7626836900E+00  -2.4231564800E+00
C4         6.0           2.0212138200E+00  -2.5721605000E+00  -2.8544110000E-01
N5         7.0           8.0003448000E-01  -3.4527914900E+00   1.7503700200E+00
N6         7.0          -1.6721477200E+00  -3.1722041300E+00   1.7758336500E+00
C7         6.0          -8.5133836000E-01   3.5954901900E+00   2.1254961900E+00
C8         6.0           1.6543032300E+00   3.2982490600E+00   2.3490712600E+00
C9         6.0          -2.0651938300E+00   5.3163339200E+00   1.9752699000E-01
C10        6.0          -1.8851449000E-01   6.1415153500E+00  -1.8598401700E+00
C11        6.0           2.3507865400E+00   6.9178639800E+00  -6.9324382000E-01
C12        6.0           3.5574491900E+00   4.7036095400E+00   7.4941349000E-01
C13        6.0           4.8974305100E+00  -2.7045785000E+00  -1.9186941000E-01
F14        9.0           5.9304347800E+00  -1.1762098900E+00  -1.9251479600E+00
F15        9.0           5.6839019200E+00  -5.0766174500E+00  -6.3731358000E-01
F16        9.0           5.7255557900E+00  -2.0043731600E+00   2.0996640500E+00
C17        6.0          -5.5339476900E+00  -1.5115407300E+00  -8.0743640000E-02
F18        9.0          -6.1298092000E+00  -6.3584059000E-01   2.2238194800E+00
F19        9.0          -6.8482663400E+00  -3.6434923600E+00  -4.9074190000E-01
F20        9.0          -6.2317808200E+00   2.0819108000E-01  -1.8016978100E+00
H21        1.0          -2.1130284100E+00   2.5883364700E+00   3.4045131600E+00
H22        1.0           2.4029007000E+00   2.0199802000E+00   3.7798308700E+00
H23        1.0          -2.8418685700E+00   6.9847016800E+00   1.1705853800E+00
H24        1.0          -3.6990955900E+00   4.3687160500E+00  -6.6125620000E-01
H25        1.0           1.1867542000E-01   4.5638807700E+00  -3.1741405400E+00
H26        1.0          -9.8938208000E-01   7.6961132900E+00  -2.9713499700E+00
H27        1.0           2.0405102900E+00   8.4971848300E+00   6.1888826000E-01
H28        1.0           3.6478489900E+00   7.6039521300E+00  -2.1564956300E+00
H29        1.0           5.0967337600E+00   5.3913763700E+00   1.9613152400E+00
H30        1.0           4.4571977900E+00   3.3853022600E+00  -5.8408097000E-01
 
Some Atomic Properties:
----------------------
  q(A) = Net Charge of Atom A
  L(A) = Lagrangian of Atom A = -(1/4) Times Atomic Integral of the Laplacian of the Electron Density
  K(A) = Electronic Kinetic Energy of Atom A (Hamiltonian Form)
  K_Scaled(A) = K(A) * E(Mol)/K(Mol) = Approximation to Virial-Based Total Energy of Atom A.
  |Mu_Intra(A)| = Magnitude of Intraatomic Dipole Moment of Atom A
--------------------------------------------------------------------------------------------------
Atom A          q(A)              L(A)              K(A)          K_Scaled(A)      |Mu_Intra(A)|
--------------------------------------------------------------------------------------------------
C1        1.1059150544E+00  3.3250650826E-04  3.7152814469E+01 -3.7449634991E+01  4.8401659593E-01
N2       -5.5099455020E-01  7.3034752774E-05  5.4570757895E+01 -5.5006733502E+01  6.3319200931E-01
N3       -5.5128365690E-01 -3.5392050953E-05  5.4570985641E+01 -5.5006963068E+01  6.3375308232E-01
C4        1.1064058940E+00 -1.9227976919E-04  3.7151879820E+01 -3.7448692875E+01  4.8511938790E-01
N5       -5.3577210860E-01 -1.5436143901E-04  5.4561474311E+01 -5.4997375750E+01  6.3107731998E-01
N6       -5.3576719100E-01  7.9872441208E-06  5.4561989099E+01 -5.4997894651E+01  6.3123248097E-01
C7       -8.3487441100E-02  1.2096168814E-04  3.7730745757E+01 -3.8032183476E+01  8.1453476473E-02
C8       -8.1915609200E-02 -4.4570282643E-05  3.7729235070E+01 -3.8030660721E+01  7.8428124610E-02
C9        1.4331811400E-02 -9.9069006744E-05  3.7676641688E+01 -3.7977647160E+01  8.5000833861E-02
C10       2.0059176700E-02 -1.5581897838E-04  3.7672396765E+01 -3.7973368324E+01  7.4221579071E-02
C11       2.1482905100E-02  8.5016268050E-05  3.7671246846E+01 -3.7972209218E+01  7.3811791858E-02
C12       1.5063447900E-02 -1.5966493468E-04  3.7675651330E+01 -3.7976648890E+01  8.3430189539E-02
C13       1.8346447032E+00  1.5261708712E-04  3.6440263485E+01 -3.6731391310E+01  7.1234060528E-01
F14      -6.2640348430E-01  7.3742144859E-05  9.9622161843E+01 -1.0041806123E+02  3.3614809678E-01
F15      -6.1845859480E-01  5.8498956521E-05  9.9629209669E+01 -1.0042516536E+02  3.3906782593E-01
F16      -6.2429856170E-01  7.4325452940E-05  9.9626884052E+01 -1.0042282116E+02  3.3578078573E-01
C17       1.8335043194E+00 -3.5054947986E-04  3.6440715679E+01 -3.6731847116E+01  7.1226703042E-01
F18      -6.2418549200E-01  6.0756579175E-05  9.9624547246E+01 -1.0042046569E+02  3.3427740477E-01
F19      -6.1841342730E-01  6.1149296736E-05  9.9629352578E+01 -1.0042530941E+02  3.3964550136E-01
F20      -6.2626316490E-01  4.3556890200E-05  9.9622312059E+01 -1.0041821264E+02  3.3618796712E-01
H21       3.2791742770E-02  4.1587324101E-05  6.0313008190E-01 -6.0794859669E-01  1.4339810765E-01
H22       3.3618431770E-02  4.3391869939E-05  6.0257255829E-01 -6.0738661892E-01  1.4592100176E-01
H23       1.0652906850E-02  2.5813712764E-05  6.1009325705E-01 -6.1496740190E-01  1.5696113211E-01
H24       1.6772388410E-02  2.9032789140E-05  6.1159611689E-01 -6.1648226835E-01  1.4008673172E-01
H25       3.1024966500E-03  3.2242465505E-05  6.1578240589E-01 -6.2070200237E-01  1.5300604583E-01
H26       2.1855002700E-03  2.3219075712E-05  6.1577308303E-01 -6.2069260503E-01  1.5654951560E-01
H27      -2.7099674000E-03  2.9754307724E-05  6.1779811193E-01 -6.2273381225E-01  1.5863856020E-01
H28       2.0686684800E-03  2.6499975129E-05  6.1588141594E-01 -6.2080180344E-01  1.5663345673E-01
H29       1.1607155900E-02  2.8510722914E-05  6.1121998425E-01 -6.1610313072E-01  1.5548480218E-01
H30       1.5884939080E-02  2.4057308990E-05  6.1107787476E-01 -6.1595988589E-01  1.3982112481E-01
--------------------------------------------------------------------------------------------------
Total     1.3829288000E-04  2.5655647935E-04  1.1954761902E+03 -1.2050270647E+03
 
1st Largest |L(A)| = 3.5054947986E-04, atom C17     
2nd Largest |L(A)| = 3.3250650826E-04, atom C1      
 
Molecular charge q(Mol) from the wfn file:   0.0000000000E+00
Molecular energy E(Mol) from the wfn file:  -1.2050270431E+03
Molecular virial ratio (-V(Mol)/T(Mol)) from the wfn file:   2.0079891800E+00
Note.  K_Scaled(A) = (1+V(Mol)/T(Mol))*K(A) = (E(Mol)/T(Mol))*K(A)
       Only use K_Scaled(A) data with caution.
 
N_AIMInt(SumA)     =        151.999862
N_Analytic(Mol)    =        151.999983
 
G_AIMInt(SumA)     =       1195.475934
G_Analytic(Mol)    =       1195.476125
 
K_AIMInt(SumA)     =       1195.476190
K_Analytic(Mol)    =       1195.476125
 
L_AIMInt(SumA)     =          0.000257
L_Analytic(Mol)    =          0.000000
 
VenT_AIMInt(SumA)  =      -6307.243593
VenT_Analytic(Mol) =      -6307.242665
 
Some Information About the Atomic Calculations:
----------------------------------------------
  Time(sec) = "Elapsed User Time", in Seconds, for Atom A by AIMInt and, if used, by TWOe
  NProc = Number of Processors Used for AIMInt Job
  BIM = Basin Integration Method
  OAQ = Angular Quadrature Outside of Beta Sphere
  ORQ = Multiple of Default for Radial Quadrature Outside of Beta Sphere
  IAQ = Multiple of Default for Angular Quadrature Inside of Beta Sphere
  IRQ = Multiple of Default for Radial Quadrature Inside of Beta Sphere
  MIR = Maximum Integration Radius
------------------------------------------------------------------------------------------------------
Atom A     Time(sec)   NProc      BIM          OAQ                     ORQ      IAQ      IRQ      MIR
------------------------------------------------------------------------------------------------------
C1             55        8     Proaim(5)    4500(GS4)                  1.00     1.00     1.00    13.00
N2             43        8     Proaim(5)    4500(GS4)                  1.00     1.00     1.00    13.00
N3             34        8     Proaim(5)    4500(GS4)                  1.00     1.00     1.00    13.00
C4             54        8     Proaim(5)    4500(GS4)                  1.00     1.00     1.00    13.00
N5             31        8     Proaim(5)    4500(GS4)                  1.00     1.00     1.00    13.00
N6             29        8     Proaim(5)    4500(GS4)                  1.00     1.00     1.00    13.00
C7             53        8     Proaim(5)    4500(GS4)                  1.00     1.00     1.00    13.00
C8             52        8     Proaim(5)    4500(GS4)                  1.00     1.00     1.00    13.00
C9             40        8     Proaim(5)    4500(GS4)                  1.00     1.00     1.00    13.00
C10            40        8     Proaim(5)    4500(GS4)                  1.00     1.00     1.00    13.00
C11            36        8     Proaim(5)    5400(GS5)                  1.00     1.00     1.00    13.00
C12            38        8     Proaim(5)    4500(GS4)                  1.00     1.00     1.00    13.00
C13            43        8     Proaim(5)    5400(GS5)                  1.00     1.00     1.00    13.00
F14            26        8     Proaim(5)    4500(GS4)                  1.00     1.00     1.00    13.00
F15            14        8     Proaim(5)    2700(GS4)                  1.00     1.00     1.00    13.00
F16            25        8     Proaim(5)    4500(GS4)                  1.00     1.00     1.00    13.00
C17            44        8     Proaim(5)    7200(GS7)                  1.00     1.00     1.00    13.00
F18            23        8     Proaim(5)    4500(GS4)                  1.00     1.00     1.00    13.00
F19            14        8     Proaim(5)    2700(GS4)                  1.00     1.00     1.00    13.00
F20            24        8     Proaim(5)    4500(GS4)                  1.00     1.00     1.00    13.00
H21            19        8     Proaim(5)    4500(GS4)                  1.00     1.00     1.00    13.00
H22            21        8     Proaim(5)    4500(GS4)                  1.00     1.00     1.00    13.00
H23             9        8     Proaim(5)    1800(GS4)                  1.00     1.00     1.00    13.00
H24            18        8     Proaim(5)    4500(GS4)                  1.00     1.00     1.00    13.00
H25            21        8     Proaim(5)    4500(GS4)                  1.00     1.00     1.00    13.00
H26             8        8     Proaim(5)    1800(GS4)                  1.00     1.00     1.00    13.00
H27             9        8     Proaim(5)    1800(GS4)                  1.00     1.00     1.00    13.00
H28             8        8     Proaim(5)    1800(GS4)                  1.00     1.00     1.00    13.00
H29             9        8     Proaim(5)    1800(GS4)                  1.00     1.00     1.00    13.00
H30            18        8     Proaim(5)    4500(GS4)                  1.00     1.00     1.00    13.00
------------------------------------------------------------------------------------------------------
Total         858
Note:  Total wall clock time is less than total of atomic times if more than one atom
       was calculated at a time
 
Electron Density Critical Point Analysis of Molecular Structure:               
---------------------------------------------------------------                
  NACP = Nuclear Attractor Critical Point                                      
  NNACP = Non-Nuclear Attractor Critical Point                                 
  BCP = Bond Critical Point                                                    
  RCP = Ring Critical Point                                                    
  CCP = Cage Critical Point                                                    
  Rho = Electron Density                                                       
  GradRho = Gradient of Electron Density                                       
  HessRho_EigVals = Eigenvalues of the Hessian of Rho, Ascending Order         
  HessRho_EigVecs = Eigenvectors of the Hessian of Rho                         
  DelSqRho = Laplacian of Rho = Trace of Hessian of Rho                        
  Bond Ellipticity = (HessRho_EigVal(1) / HessRho_EigVal(2)) - 1               
  V = Virial Field = Potential Energy Density = Trace of Stress Tensor         
  G = Lagrangian Form of Kinetic Energy Density                                
  K = Hamiltonian Form of Kinetic Energy Density                               
  L = K - G = Lagrangian Density = (-1/4)DelSqRho                              
  Vnuc = Electrostatic Potential from Nuclei                                   
  Ven = Electron-nuclear attractive contribution to Virial Field V             
  Vrep = V - Ven = Repulsive contribution to Virial Field V                    
  DelSqV = Laplacian of V                                                      
  DelSqVen = Laplacian of Ven                                                  
  DelSqVrep = Laplacian of Vrep                                                
  DelSqG = Laplacian of G                                                      
  DelSqK = Laplacian of K                                                      
  Stress_EigVals = Eigenvalues of Stress Tensor, Ascending Order               
  Stress_EigVecs = Eigenvectors of Stress Tensor                               
  -DivStress = Ehrenfest Force Density = Minus Divergence of Stress Tensor     
  ESP = Total Electrostatic Potential                                          
  ESPe = Electrostatic Potential from Electrons                                
  ESPn = Electrostatic Potential from Nuclei                                   
  BP = Bond Path                                                               
  BPL = Bond Path Length                                                       
  GBL = Geometric Bond Length                                                  
  GBL_I = Distance Between Nuclear Attractors                                  
  GBL_II = Distance Between Nuclei                                             
  GBL_III = Sum of Distances Between BCP and Nuclear Attractors                
  GBL_IV = Sum of Distances Between BCP and Nuclei                             

CP# 1      Coords = -2.70486911375953E+00 -2.03299925030150E+00 -2.35692489824932E-01
           Type = (3,-3) NACP C1
           Rho =  1.1762232613E+02     Rho at Nucleus =  1.1762232612E+02
           GradRho = -3.7932990082E-12  1.1923684262E-11  1.8290924331E-13
           HessRho_EigVals = -1.4489432611E+05 -1.4489341782E+05 -1.4489315769E+05
           HessRho_EigVec1 =  1.9695326831E-01  9.0610273711E-01  3.7441586491E-01
           HessRho_EigVec2 =  1.6917968832E-02 -3.8498026937E-01  9.2276972996E-01
           HessRho_EigVec3 =  9.8026689857E-01 -1.7540815828E-01 -9.1152540153E-02
           DelSqRho = -4.3468090162E+05
           Bond Ellipticity = NA
           V = -1.0868069589E+05
           G =  5.2352410482E+00
           K =  1.0867546065E+05
           L =  1.0867022540E+05
           Vnuc =  2.2699801830E+07
           Ven = -2.6700034939E+09
           Vrep =  2.6698948132E+09
           DelSqV =  2.4933196885E+09
           DelSqVen =  9.8671882404E+12
           DelSqVrep = -9.8646991150E+12
           DelSqG =  1.3388721675E+08
           DelSqK = -2.6272069053E+09
           Stress_EigVals = -3.6227101867E+04 -3.6227066469E+04 -3.6226527550E+04
           Stress_EigVec1 =  9.6776218520E-01 -1.2722958302E-01 -2.1736831901E-01
           Stress_EigVec2 =  1.4899562139E-01 -4.0662873840E-01  9.0136195500E-01
           Stress_EigVec3 =  2.0306811101E-01  9.0469094298E-01  3.7456326566E-01
           -DivStress = -1.0283651628E+02  1.8531306040E+02  2.3520340801E+01
           ESP =  -1.4598974430E+01     ESP at Nucleus =  -1.4598974431E+01
           ESPe = -4.2317845585E+01     ESPe at Nucleus = -4.2317845621E+01
           ESPn =  2.7718871155E+01     ESPn at Nucleus =  2.7718871190E+01

CP# 2      Coords = -1.52861996864308E+00 -1.47734858434462E+00 -2.39633772791083E+00
           Type = (3,-3) NACP N2
           Rho =  1.9144470319E+02     Rho at Nucleus =  1.9144466838E+02
           GradRho = -2.5958575567E-11 -2.1074253453E-12 -2.2486235096E-11
           HessRho_EigVals = -3.2216209891E+05 -3.2216051897E+05 -3.2215051161E+05
           HessRho_EigVec1 =  2.6490205967E-01  9.3661724627E-01  2.2929246122E-01
           HessRho_EigVec2 =  8.8839463264E-01 -1.4459652358E-01 -4.3571415178E-01
           HessRho_EigVec3 =  3.7494249622E-01 -3.1912376809E-01  8.7038965134E-01
           DelSqRho = -9.6647312949E+05
           Bond Ellipticity = NA
           V = -2.4165083275E+05
           G =  1.6275188603E+01
           K =  2.4163455756E+05
           L =  2.4161828237E+05
           Vnuc =  4.7619678801E+05
           Ven = -9.1165352743E+07
           Vrep =  9.0923701910E+07
           DelSqV =  7.5873863943E+09
           DelSqVen =  4.6023139955E+11
           DelSqVrep = -4.5264401316E+11
           DelSqG =  4.0667659330E+08
           DelSqK = -7.9940629876E+09
           Stress_EigVals = -8.0551856580E+04 -8.0549806842E+04 -8.0549169327E+04
           Stress_EigVec1 =  3.4565126134E-01 -3.1803306849E-01  8.8282510889E-01
           Stress_EigVec2 =  9.1695749968E-01 -8.5327720923E-02 -3.8975392726E-01
           Stress_EigVec3 =  1.9928409196E-01  9.4423204107E-01  2.6212917294E-01
           -DivStress = -1.9481066163E+04  1.1631103944E+04 -2.8307488140E+04
           ESP =  -1.8252361300E+01     ESP at Nucleus =  -1.8252362893E+01
           ESPe = -4.3722897685E+01     ESPe at Nucleus = -4.3722866032E+01
           ESPn =  2.5470536385E+01     ESPn at Nucleus =  2.5470503139E+01

CP# 3      Coords =  9.55770346610871E-01 -1.76268650940373E+00 -2.42314482846520E+00
           Type = (3,-3) NACP N3
           Rho =  1.9144455594E+02     Rho at Nucleus =  1.9144452112E+02
           GradRho =  4.4040326941E-12 -3.0882629787E-11  6.7156946670E-11
           HessRho_EigVals = -3.2216181475E+05 -3.2216024321E+05 -3.2215023637E+05
           HessRho_EigVec1 = -4.3915937974E-02  9.7205991419E-01  2.3058819056E-01
           HessRho_EigVec2 =  9.0716125130E-01 -5.7883641050E-02  4.1678285502E-01
           HessRho_EigVec3 = -4.1848519034E-01 -2.2748408149E-01  8.7927307370E-01
           DelSqRho = -9.6647229432E+05
           Bond Ellipticity = NA
           V = -2.4165062442E+05
           G =  1.6275420334E+01
           K =  2.4163434900E+05
           L =  2.4161807358E+05
           Vnuc =  4.7611121192E+05
           Ven = -9.1148899545E+07
           Vrep =  9.0907248921E+07
           DelSqV =  7.5873798571E+09
           DelSqVen =  4.6014829530E+11
           DelSqVrep = -4.5256091544E+11
           DelSqG =  4.0667620091E+08
           DelSqK = -7.9940560580E+09
           Stress_EigVals = -8.0551786504E+04 -8.0549736514E+04 -8.0549101404E+04
           Stress_EigVec1 = -3.8929593065E-01 -2.3307563667E-01  8.9113659221E-01
           Stress_EigVec2 =  9.2081471932E-01 -1.2308248971E-01  3.7006884955E-01
           Stress_EigVec3 =  2.3429277721E-02  9.6463798822E-01  2.6253498934E-01
           -DivStress =  2.1015276581E+04  6.9529179554E+03 -2.8750405987E+04
           ESP =  -1.8252513285E+01     ESP at Nucleus =  -1.8252514879E+01
           ESPe = -4.3732644976E+01     ESPe at Nucleus = -4.3732613330E+01
           ESPn =  2.5480131690E+01     ESPn at Nucleus =  2.5480098451E+01

CP# 4      Coords =  2.02121363061668E+00 -2.57216069768743E+00 -2.85441119006451E-01
           Type = (3,-3) NACP C4
           Rho =  1.1762148251E+02     Rho at Nucleus =  1.1762148250E+02
           GradRho = -1.3712198044E-11 -1.9962587139E-11  2.6694757516E-12
           HessRho_EigVals = -1.4489291598E+05 -1.4489200478E+05 -1.4489174085E+05
           HessRho_EigVec1 =  2.0180816394E-02  9.2754133083E-01  3.7317531303E-01
           HessRho_EigVec2 = -8.6763576541E-02 -3.7021844634E-01  9.2488398395E-01
           HessRho_EigVec3 =  9.9602450594E-01 -5.1042938701E-02  7.3005492761E-02
           DelSqRho = -4.3467666161E+05
           Bond Ellipticity = NA
           V = -1.0867963536E+05
           G =  5.2349802083E+00
           K =  1.0867440038E+05
           L =  1.0866916540E+05
           Vnuc =  2.1864138878E+07
           Ven = -2.5716924286E+09
           Vrep =  2.5715837490E+09
           DelSqV =  2.4932950679E+09
           DelSqVen =  9.5038063247E+12
           DelSqVrep = -9.5013172240E+12
           DelSqG =  1.3388556087E+08
           DelSqK = -2.6271806287E+09
           Stress_EigVals = -3.6226749396E+04 -3.6226712682E+04 -3.6226173283E+04
           Stress_EigVec1 =  9.7582325138E-01 -9.4547872876E-02  1.9705248490E-01
           Stress_EigVec2 = -2.1810366339E-01 -3.6294502384E-01  9.0592588090E-01
           Stress_EigVec3 =  1.4134146191E-02  9.2700140744E-01  3.7479143067E-01
           -DivStress =  1.5366902150E+02  1.5858587502E+02  1.4637480619E+01
           ESP =  -1.4599049721E+01     ESP at Nucleus =  -1.4599049721E+01
           ESPe = -4.2358741028E+01     ESPe at Nucleus = -4.2358741060E+01
           ESPn =  2.7759691307E+01     ESPn at Nucleus =  2.7759691339E+01

CP# 5      Coords =  8.00026737001804E-01 -3.45278523301890E+00  1.75035925724574E+00
           Type = (3,-3) NACP N5
           Rho =  1.9143895977E+02     Rho at Nucleus =  1.9143892515E+02
           GradRho = -1.5856871372E-11  1.0296152819E-11  1.4900525258E-11
           HessRho_EigVals = -3.2215162247E+05 -3.2214997700E+05 -3.2214000676E+05
           HessRho_EigVec1 =  4.6039593491E-02 -8.6031797495E-01 -5.0767444076E-01
           HessRho_EigVec2 =  9.3033897469E-01  2.2201157214E-01 -2.9185656409E-01
           HessRho_EigVec3 =  3.6379904892E-01 -4.5887236113E-01  8.1060866526E-01
           DelSqRho = -9.6644160623E+05
           Bond Ellipticity = NA
           V = -2.4164297782E+05
           G =  1.6288129485E+01
           K =  2.4162668969E+05
           L =  2.4161040156E+05
           Vnuc =  4.7748686034E+05
           Ven = -9.1409587850E+07
           Vrep =  9.1167944872E+07
           DelSqV =  7.5871393795E+09
           DelSqVen =  4.6146316851E+11
           DelSqVrep = -4.5387602913E+11
           DelSqG =  4.0666225625E+08
           DelSqK = -7.9938016358E+09
           Stress_EigVals = -8.0549236881E+04 -8.0547199655E+04 -8.0546541280E+04
           Stress_EigVec1 =  3.3685930731E-01 -4.6217231161E-01  8.2031857316E-01
           Stress_EigVec2 =  9.4136031713E-01  1.4760086616E-01 -3.0340523668E-01
           Stress_EigVec3 =  1.9145767664E-02  8.7442023003E-01  4.8479139936E-01
           -DivStress =  1.9114627134E+04 -1.5441492453E+04  2.6555266034E+04
           ESP =  -1.8251464613E+01     ESP at Nucleus =  -1.8251466196E+01
           ESPe = -4.3238394807E+01     ESPe at Nucleus = -4.3238361093E+01
           ESPn =  2.4986930194E+01     ESPn at Nucleus =  2.4986894896E+01

CP# 6      Coords = -1.67213899207721E+00 -3.17219973399825E+00  1.77582271484525E+00
           Type = (3,-3) NACP N6
           Rho =  1.9143927761E+02     Rho at Nucleus =  1.9143924297E+02
           GradRho = -2.8165136889E-11  2.9751201502E-12  2.2120971721E-11
           HessRho_EigVals = -3.2215245915E+05 -3.2215082190E+05 -3.2214085491E+05
           HessRho_EigVec1 =  2.5027788693E-01  8.2578148142E-01  5.0541658486E-01
           HessRho_EigVec2 =  8.6192078443E-01 -4.2780778264E-01  2.7216366856E-01
           HessRho_EigVec3 = -4.4096886590E-01 -3.6751251142E-01  8.1882905008E-01
           DelSqRho = -9.6644413596E+05
           Bond Ellipticity = NA
           V = -2.4164361191E+05
           G =  1.6288959996E+01
           K =  2.4162732295E+05
           L =  2.4161103399E+05
           Vnuc =  4.7733323044E+05
           Ven = -9.1380328816E+07
           Vrep =  9.1138685204E+07
           DelSqV =  7.5871596600E+09
           DelSqVen =  4.6131590131E+11
           DelSqVrep = -4.5372874165E+11
           DelSqG =  4.0666374061E+08
           DelSqK = -7.9938234007E+09
           Stress_EigVals = -8.0549446884E+04 -8.0547410561E+04 -8.0546754464E+04
           Stress_EigVec1 = -4.1531148652E-01 -3.7678158827E-01  8.2798067846E-01
           Stress_EigVec2 =  8.8984662390E-01 -3.5729051374E-01  2.8375425058E-01
           Stress_EigVec3 =  1.8891626477E-01  8.5462221100E-01  4.8366467865E-01
           -DivStress = -2.1545402406E+04 -1.0847704838E+04  2.6981164892E+04
           ESP =  -1.8251513553E+01     ESP at Nucleus =  -1.8251515137E+01
           ESPe = -4.3213318336E+01     ESPe at Nucleus = -4.3213284443E+01
           ESPn =  2.4961804782E+01     ESPn at Nucleus =  2.4961769306E+01

CP# 7      Coords = -8.51339606233922E-01  3.59549058512502E+00  2.12549571753048E+00
           Type = (3,-3) NACP C7
           Rho =  1.1769374680E+02     Rho at Nucleus =  1.1769374666E+02
           GradRho = -5.4390558724E-10  1.6701245942E-10 -2.3630855606E-10
           HessRho_EigVals = -1.4502935878E+05 -1.4502850105E+05 -1.4502819208E+05
           HessRho_EigVec1 =  1.7947110515E-02  7.6936384239E-01  6.3855867330E-01
           HessRho_EigVec2 = -2.8571295401E-02 -6.3800608914E-01  7.6950107947E-01
           HessRho_EigVec3 =  9.9943062906E-01 -3.2054769401E-02  1.0531355821E-02
           DelSqRho = -4.3508605191E+05
           Bond Ellipticity = NA
           V = -1.0878169331E+05
           G =  5.0901644999E+00
           K =  1.0877660314E+05
           L =  1.0877151298E+05
           Vnuc =  4.3161794386E+06
           Ven = -5.0798733001E+08
           Vrep =  5.0787854832E+08
           DelSqV =  2.4956818254E+09
           DelSqVen =  1.8779093729E+12
           DelSqVrep = -1.8754136911E+12
           DelSqG =  1.3405835049E+08
           DelSqK = -2.6297401759E+09
           Stress_EigVals = -3.6260829493E+04 -3.6260661495E+04 -3.6260202320E+04
           Stress_EigVec1 =  9.9637305512E-01  3.1187624765E-02 -7.9171125352E-02
           Stress_EigVec2 =  8.0644630810E-02 -6.4296926475E-01  7.6163440581E-01
           Stress_EigVec3 =  2.7151032200E-02  7.6525672598E-01  6.4315236515E-01
           -DivStress =  1.0116122939E+03 -3.2866976354E+02  3.8307315256E+02
           ESP =  -1.4739436647E+01     ESP at Nucleus =  -1.4739436663E+01
           ESPe = -3.8572532918E+01     ESPe at Nucleus = -3.8572533610E+01
           ESPn =  2.3833096271E+01     ESPn at Nucleus =  2.3833096947E+01

CP# 8      Coords =  1.65430458258221E+00  3.29824909525040E+00  2.34907092501161E+00
           Type = (3,-3) NACP C8
           Rho =  1.1769314002E+02     Rho at Nucleus =  1.1769313988E+02
           GradRho =  5.8372268130E-10 -1.9759138770E-11 -1.1357115248E-10
           HessRho_EigVals = -1.4502818679E+05 -1.4502731290E+05 -1.4502700178E+05
           HessRho_EigVec1 =  6.9496759690E-02  7.5525008257E-01  6.5174190687E-01
           HessRho_EigVec2 = -2.7242990204E-01 -6.1411920590E-01  7.4070206521E-01
           HessRho_EigVec3 =  9.5966251821E-01 -2.2903037727E-01  1.6307341114E-01
           DelSqRho = -4.3508250147E+05
           Bond Ellipticity = NA
           V = -1.0878080464E+05
           G =  5.0896359005E+00
           K =  1.0877571500E+05
           L =  1.0877062537E+05
           Vnuc =  4.3045139709E+06
           Ven = -5.0661176551E+08
           Vrep =  5.0650298470E+08
           DelSqV =  2.4956610529E+09
           DelSqVen =  1.8728188314E+12
           DelSqVrep = -1.8703231703E+12
           DelSqG =  1.3405679918E+08
           DelSqK = -2.6297178521E+09
           Stress_EigVals = -3.6260535040E+04 -3.6260366076E+04 -3.6259903522E+04
           Stress_EigVec1 =  9.2902785169E-01 -2.7372767959E-01  2.4895864759E-01
           Stress_EigVec2 = -3.6738964704E-01 -6.0248296009E-01  7.0854719677E-01
           Stress_EigVec3 =  4.3955637111E-02  7.4972490970E-01  6.6028816568E-01
           -DivStress = -1.0997196872E+03 -3.4276457457E+01  2.7276445924E+02
           ESP =  -1.4739319054E+01     ESP at Nucleus =  -1.4739319070E+01
           ESPe = -3.8446013018E+01     ESPe at Nucleus = -3.8446013656E+01
           ESPn =  2.3706693963E+01     ESPn at Nucleus =  2.3706694586E+01

CP# 9      Coords = -2.06519312971978E+00  5.31633346441794E+00  1.97527478675962E-01
           Type = (3,-3) NACP C9
           Rho =  1.1753255176E+02     Rho at Nucleus =  1.1753255169E+02
           GradRho =  1.6502357814E-10 -8.8915985685E-11  1.0238423997E-10
           HessRho_EigVals = -1.4483033341E+05 -1.4483017112E+05 -1.4483004842E+05
           HessRho_EigVec1 =  2.1208362145E-01 -5.6937524457E-01  7.9424956303E-01
           HessRho_EigVec2 = -8.2772472833E-01  3.2739592582E-01  4.5572325140E-01
           HessRho_EigVec3 =  5.1951160874E-01  7.5407144133E-01  4.0185065604E-01
           DelSqRho = -4.3449055295E+05
           Bond Ellipticity = NA
           V = -1.0863302046E+05
           G =  5.1911104229E+00
           K =  1.0862782935E+05
           L =  1.0862263824E+05
           Vnuc =  6.1992704660E+06
           Ven = -7.2861607694E+08
           Vrep =  7.2850744392E+08
           DelSqV =  2.4922847340E+09
           DelSqVen =  2.6935245537E+12
           DelSqVrep = -2.6910322690E+12
           DelSqG =  1.3387486158E+08
           DelSqK = -2.6261595956E+09
           Stress_EigVals = -3.6211061279E+04 -3.6211017619E+04 -3.6210941561E+04
           Stress_EigVec1 =  5.2475722448E-01  7.1735190654E-01  4.5829695344E-01
           Stress_EigVec2 = -8.5109818524E-01  4.3190219955E-01  2.9848344863E-01
           Stress_EigVec3 =  1.6178208709E-02 -5.4668705143E-01  8.3718070532E-01
           -DivStress = -5.7010605658E+02  3.6855776058E+02 -3.9545529940E+02
           ESP =  -1.4735315311E+01     ESP at Nucleus =  -1.4735315313E+01
           ESPe = -3.6924943125E+01     ESPe at Nucleus = -3.6924941614E+01
           ESPn =  2.2189627814E+01     ESPn at Nucleus =  2.2189626301E+01

CP# 10     Coords = -1.88514540200576E-01  6.14151534811897E+00 -1.85983918491745E+00
           Type = (3,-3) NACP C10
           Rho =  1.1753746819E+02     Rho at Nucleus =  1.1753746812E+02
           GradRho = -1.2255585435E-11 -1.1433409774E-11  2.0287216351E-10
           HessRho_EigVals = -1.4483654326E+05 -1.4483641190E+05 -1.4483619223E+05
           HessRho_EigVec1 =  8.0942899541E-01  2.9454463147E-01 -5.0800409590E-01
           HessRho_EigVec2 =  4.8376295349E-01  1.5590721423E-01  8.6120052565E-01
           HessRho_EigVec3 = -3.3286349486E-01  9.4283423815E-01  1.6293961066E-02
           DelSqRho = -4.3450914739E+05
           Bond Ellipticity = NA
           V = -1.0863762755E+05
           G =  5.1703515335E+00
           K =  1.0863245720E+05
           L =  1.0862728685E+05
           Vnuc =  6.0829766671E+06
           Ven = -7.1497767649E+08
           Vrep =  7.1486903886E+08
           DelSqV =  2.4923904253E+09
           DelSqVen =  2.6431098716E+12
           DelSqVrep = -2.6406174812E+12
           DelSqG =  1.3388074585E+08
           DelSqK = -2.6262711711E+09
           Stress_EigVals = -3.6212618568E+04 -3.6212541917E+04 -3.6212467067E+04
           Stress_EigVec1 = -3.5682560485E-01  9.3362051121E-01 -3.2066006359E-02
           Stress_EigVec2 =  2.9636763806E-01  1.4568934086E-01  9.4389662520E-01
           Stress_EigVec3 =  8.8591292508E-01  3.2730315764E-01 -3.2868059293E-01
           -DivStress =  4.1363273542E+01 -7.9335753230E-01 -8.0104336938E+02
           ESP =  -1.4741123176E+01     ESP at Nucleus =  -1.4741123177E+01
           ESPe = -3.5970083885E+01     ESPe at Nucleus = -3.5970082572E+01
           ESPn =  2.1228960709E+01     ESPn at Nucleus =  2.1228959396E+01

CP# 11     Coords =  2.35078639571347E+00  6.91786308091005E+00 -6.93243642974898E-01
           Type = (3,-3) NACP C11
           Rho =  1.1753632515E+02     Rho at Nucleus =  1.1753632509E+02
           GradRho = -2.1672802442E-12 -1.4176060326E-10  3.7375824657E-11
           HessRho_EigVals = -1.4483452334E+05 -1.4483439785E+05 -1.4483417516E+05
           HessRho_EigVec1 = -5.7893423518E-01  6.4635968143E-01 -4.9704558498E-01
           HessRho_EigVec2 =  6.3626376742E-01  7.3933514770E-01  2.2034508762E-01
           HessRho_EigVec3 = -5.0990545162E-01  1.8868678171E-01  8.3928167430E-01
           DelSqRho = -4.3450309635E+05
           Bond Ellipticity = NA
           V = -1.0863611277E+05
           G =  5.1693419221E+00
           K =  1.0863094343E+05
           L =  1.0862577409E+05
           Vnuc =  6.4680344402E+06
           Ven = -7.6022899907E+08
           Vrep =  7.6012036296E+08
           DelSqV =  2.4923551649E+09
           DelSqVen =  2.8103821230E+12
           DelSqVrep = -2.8078897678E+12
           DelSqG =  1.3387827485E+08
           DelSqK = -2.6262334397E+09
           Stress_EigVals = -3.6212113173E+04 -3.6212035265E+04 -3.6211964333E+04
           Stress_EigVec1 = -5.3786892101E-01  1.5185386923E-01  8.2923906457E-01
           Stress_EigVec2 = -4.5641502303E-01 -8.7946709877E-01 -1.3499240321E-01
           Stress_EigVec3 =  7.0878935556E-01 -4.5108538501E-01  5.4234640670E-01
           -DivStress =  1.1650490322E+02  7.3126748048E+02 -1.4241583107E+02
           ESP =  -1.4740588638E+01     ESP at Nucleus =  -1.4740588638E+01
           ESPe = -3.5058420297E+01     ESPe at Nucleus = -3.5058418432E+01
           ESPn =  2.0317831660E+01     ESPn at Nucleus =  2.0317829794E+01

CP# 12     Coords =  3.55744832581131E+00  4.70360930865611E+00  7.49413860133917E-01
           Type = (3,-3) NACP C12
           Rho =  1.1753208110E+02     Rho at Nucleus =  1.1753208103E+02
           GradRho = -1.9030915732E-10 -9.2791864470E-11  7.6723349896E-11
           HessRho_EigVals = -1.4482967355E+05 -1.4482949505E+05 -1.4482937838E+05
           HessRho_EigVec1 =  4.6669634868E-01  7.2234210112E-01 -5.1031010873E-01
           HessRho_EigVec2 =  8.2829952115E-01 -5.5924671761E-01 -3.4102963304E-02
           HessRho_EigVec3 =  3.1002325944E-01  4.0677389025E-01  8.5931401759E-01
           DelSqRho = -4.3448854698E+05
           Bond Ellipticity = NA
           V = -1.0863251868E+05
           G =  5.1909695192E+00
           K =  1.0862732771E+05
           L =  1.0862213674E+05
           Vnuc =  6.1973202646E+06
           Ven = -7.2838394794E+08
           Vrep =  7.2827531542E+08
           DelSqV =  2.4922731893E+09
           DelSqVen =  2.6926635418E+12
           DelSqVrep = -2.6901713996E+12
           DelSqG =  1.3387415062E+08
           DelSqK = -2.6261473399E+09
           Stress_EigVals = -3.6210892262E+04 -3.6210853946E+04 -3.6210772476E+04
           Stress_EigVec1 =  3.2002121829E-01  4.7949658347E-01  8.1711042478E-01
           Stress_EigVec2 = -8.9905291708E-01  4.2572336909E-01  1.0229108124E-01
           Stress_EigVec3 =  2.9881477898E-01  7.6736082741E-01 -5.6733331333E-01
           -DivStress =  7.0236042069E+02  1.8459676405E+02 -3.0090125905E+02
           ESP =  -1.4735049219E+01     ESP at Nucleus =  -1.4735049221E+01
           ESPe = -3.6735940352E+01     ESPe at Nucleus = -3.6735938877E+01
           ESPn =  2.2000891133E+01     ESPn at Nucleus =  2.2000889656E+01

CP# 13     Coords =  4.89743776120301E+00 -2.70457884751208E+00 -1.91869097418976E-01
           Type = (3,-3) NACP C13
           Rho =  1.1734994124E+02     Rho at Nucleus =  1.1734993742E+02
           GradRho = -2.1487478463E-11  1.5746612347E-11 -1.6847495621E-12
           HessRho_EigVals = -1.4451629148E+05 -1.4451628431E+05 -1.4451452789E+05
           HessRho_EigVec1 =  3.2162255584E-02  9.4189823839E-01  3.3435504756E-01
           HessRho_EigVec2 = -5.3523618966E-02 -3.3242499659E-01  9.4160970888E-01
           HessRho_EigVec3 =  9.9804850159E-01 -4.8180184283E-02  3.9722264714E-02
           DelSqRho = -4.3354710368E+05
           Bond Ellipticity = NA
           V = -1.0839593066E+05
           G =  4.5773726126E+00
           K =  1.0839135329E+05
           L =  1.0838677592E+05
           Vnuc =  8.2576180735E+05
           Ven = -9.6903099568E+07
           Vrep =  9.6794703637E+07
           DelSqV =  2.4867823642E+09
           DelSqVen =  3.5800664038E+11
           DelSqVrep = -3.5551985802E+11
           DelSqG =  1.3349422536E+08
           DelSqK = -2.6202765895E+09
           Stress_EigVals = -3.6132300453E+04 -3.6131816673E+04 -3.6131813539E+04
           Stress_EigVec1 =  9.9812462796E-01 -4.7280606346E-02  3.8881503713E-02
           Stress_EigVec2 = -4.7835103105E-02 -2.0608963216E-01  9.7736322134E-01
           Stress_EigVec3 =  3.8197250928E-02  9.7739020242E-01  2.0796481010E-01
           -DivStress = -5.8585132718E+03  2.8089747590E+02 -2.5301027412E+02
           ESP =  -1.4441454945E+01     ESP at Nucleus =  -1.4441455165E+01
           ESPe = -4.1044074787E+01     ESPe at Nucleus = -4.1044080231E+01
           ESPn =  2.6602619842E+01     ESPn at Nucleus =  2.6602625066E+01

CP# 14     Coords =  5.93043188356461E+00 -1.17621430937219E+00 -1.92514300918747E+00
           Type = (3,-3) NACP F14
           Rho =  4.1876635780E+02     Rho at Nucleus =  4.1876632703E+02
           GradRho = -2.4954616151E-10  5.3264059829E-11  1.1192824445E-10
           HessRho_EigVals = -1.1738587748E+06 -1.1738156029E+06 -1.1738142276E+06
           HessRho_EigVec1 =  4.2495676906E-01  6.0329142286E-01 -6.7487124960E-01
           HessRho_EigVec2 = -1.6471774844E-01  7.8462718071E-01  5.9768574572E-01
           HessRho_EigVec3 =  8.9010100987E-01 -1.4282733070E-01  4.3280543646E-01
           DelSqRho = -3.5214886053E+06
           Bond Ellipticity = NA
           V = -8.8060517609E+05
           G =  1.1651238116E+02
           K =  8.8048866371E+05
           L =  8.8037215133E+05
           Vnuc =  1.2429591467E+06
           Ven = -5.2050947477E+08
           Vrep =  5.1962886960E+08
           DelSqV =  4.6342263866E+10
           DelSqVen =  4.3770664668E+12
           DelSqVrep = -4.3307242030E+12
           DelSqG =  2.4686075485E+09
           DelSqK = -4.8810871414E+10
           Stress_EigVals = -2.9353890687E+05 -2.9353856773E+05 -2.9352770149E+05
           Stress_EigVec1 =  8.9051710678E-01 -1.4331032798E-01  4.3178864324E-01
