AIMSum (Version 19.02.13, Professional)
Copyright (c) 1997-2019 by Todd A. Keith
AIMSum is a component of the AIMAll package ( http://aim.tkgristmill.com )

TP:  64-bit Linux

Much of the Quantum Theory of Atoms in Molecules (QTAIM) is described in the book:
  "Atoms in Molecules - A Quantum Theory"
  R.F.W. Bader, Oxford University Press, Oxford, 1990

For additional references see:  http://aim.tkgristmill.com/references.html

Wfn File:  /home/mhennefarth/Documents/ML_Diels/summary-N-liu2013/4e-opt/4e-opt.wfn
Sum File:  /home/mhennefarth/Documents/ML_Diels/summary-N-liu2013/4e-opt/4e-opt.sum

SumViz File:  /home/mhennefarth/Documents/ML_Diels/summary-N-liu2013/4e-opt/4e-opt.sumviz

Wfn Title:   Title Card Required                                                           
 
Total memory allocated for AIMSum =        1.661 Megabytes

Atomic units (a.u.) used throughout, except where stated otherwise

Model:  Restricted SCF
 
Restricted, closed-shell, single-determinant wavefunction.
  Number of electrons (from MO Occs)                   =         138.0000000000
  Number of Alpha electrons (from MO Occs)             =          69.0000000000
  Number of Beta electrons (from MO Occs)              =          69.0000000000
  Number of electron pairs (N*(N-1)/2)                 =        9453.0000000000
  Number of electron pairs (from Muller 2EDM)          =        9453.0000000000
 
Nuclear Charges and Cartesian Coordinates:
-------------------------------------------------------------------------------
Atom      Charge                X                  Y                  Z
-------------------------------------------------------------------------------
C1         6.0           2.3788964300E+00  -1.6804780600E+00   1.3583960000E-01
N2         7.0           1.2435669600E+00  -2.2870639700E+00  -2.0445289600E+00
N3         7.0          -1.2446354200E+00  -2.2873651600E+00  -2.0432313400E+00
C4         6.0          -2.3779460000E+00  -1.6812663500E+00   1.3834060000E-01
N5         7.0          -1.2488714200E+00  -1.4039936300E+00   2.3760810500E+00
N6         7.0           1.2520229500E+00  -1.4035473900E+00   2.3747437600E+00
C7         6.0           1.2730573800E+00   4.5063897800E+00  -1.2830812100E+00
C8         6.0          -1.2623251200E+00   4.5036342000E+00  -1.2978584300E+00
C9         6.0           3.0026074700E+00   5.7501526400E+00   5.9945180000E-01
C10        6.0          -3.0163831800E+00   5.7441399500E+00   5.6400253000E-01
C11        6.0           5.2513986100E+00  -1.4809573900E+00   5.0806810000E-02
F12        9.0           6.1298925100E+00  -2.1278415000E-01   2.0574186600E+00
F13        9.0           5.9757196000E+00  -2.6426545000E-01  -2.0528979700E+00
F14        9.0           6.2954080200E+00  -3.7942254200E+00   3.7683910000E-02
C15        6.0          -5.2505530300E+00  -1.4822884500E+00   5.5566810000E-02
F16        9.0          -6.1284695500E+00  -2.1970623000E-01   2.0659125200E+00
F17        9.0          -6.2940188300E+00  -3.7957391400E+00   3.6528780000E-02
F18        9.0          -5.9760562100E+00  -2.5990553000E-01  -2.0444777400E+00
H19        1.0           2.2331397100E+00   3.5397314600E+00  -2.8301769900E+00
H20        1.0          -2.2021855900E+00   3.5347270700E+00  -2.8559279400E+00
H21        1.0           4.1603869900E+00   7.2020834900E+00  -3.2782276000E-01
H22        1.0           4.3238388700E+00   4.3780002400E+00   1.4183248400E+00
H23        1.0           1.9841770700E+00   6.6518086900E+00   2.1536437400E+00
H24        1.0          -4.3418508600E+00   4.3688564200E+00   1.3706026900E+00
H25        1.0          -4.1688954400E+00   7.1908148000E+00  -3.7790227000E-01
H26        1.0          -2.0179876700E+00   6.6514441500E+00   2.1278825700E+00
 
Some Atomic Properties:
----------------------
  q(A) = Net Charge of Atom A
  L(A) = Lagrangian of Atom A = -(1/4) Times Atomic Integral of the Laplacian of the Electron Density
  K(A) = Electronic Kinetic Energy of Atom A (Hamiltonian Form)
  K_Scaled(A) = K(A) * E(Mol)/K(Mol) = Approximation to Virial-Based Total Energy of Atom A.
  |Mu_Intra(A)| = Magnitude of Intraatomic Dipole Moment of Atom A
--------------------------------------------------------------------------------------------------
Atom A          q(A)              L(A)              K(A)          K_Scaled(A)      |Mu_Intra(A)|
--------------------------------------------------------------------------------------------------
C1        1.1061456638E+00 -3.5519835032E-04  3.7152248221E+01 -3.7444242973E+01  4.8383952550E-01
N2       -5.3641706980E-01  1.1662131408E-04  5.4562302426E+01 -5.4991129931E+01  6.3142550968E-01
N3       -5.3663519110E-01 -1.5358898885E-04  5.4562239498E+01 -5.4991066509E+01  6.3125858362E-01
C4        1.1063586543E+00 -4.1810817342E-05  3.7152320197E+01 -3.7444315514E+01  4.8391369181E-01
N5       -5.4882893910E-01  4.3300087669E-05  5.4570907417E+01 -5.4999802553E+01  6.3344113622E-01
N6       -5.4882515760E-01  4.7676965948E-05  5.4570906552E+01 -5.4999801680E+01  6.3349457380E-01
C7       -6.5253430000E-02 -8.7961320293E-05  3.7705762876E+01 -3.8002107926E+01  6.3707198158E-02
C8       -6.5116344700E-02  4.2555500377E-05  3.7705794103E+01 -3.8002139399E+01  6.3388345574E-02
C9       -2.0739739300E-02  9.7855780341E-05  3.7681050394E+01 -3.7977201218E+01  8.7799942588E-02
C10      -2.0983545000E-02 -2.1511376744E-04  3.7680978612E+01 -3.7977128872E+01  8.7363704493E-02
C11       1.8336675494E+00 -2.0866720656E-04  3.6441053863E+01 -3.6727459047E+01  7.1248939792E-01
F12      -6.2620481270E-01  8.6438724049E-05  9.9622802913E+01 -1.0040577937E+02  3.3658620790E-01
F13      -6.2446149790E-01  7.6840749760E-05  9.9626087030E+01 -1.0040908929E+02  3.3489118844E-01
F14      -6.1842983330E-01  6.0470673066E-05  9.9629250573E+01 -1.0041227770E+02  3.3955681475E-01
C15       1.8336248958E+00 -2.8852023406E-04  3.6441123331E+01 -3.6727529061E+01  7.1074494301E-01
F16      -6.2622953600E-01  2.8372192994E-05  9.9622916466E+01 -1.0040589381E+02  3.3682379110E-01
F17      -6.1843862730E-01  5.9537943135E-05  9.9629245441E+01 -1.0041227253E+02  3.3957208689E-01
F18      -6.2446340070E-01  7.6659484725E-05  9.9626220688E+01 -1.0040922400E+02  3.3490344415E-01
H19       2.9841257960E-02  2.3433449962E-05  6.0574956991E-01 -6.1051040413E-01  1.4495520429E-01
H20       2.9815006320E-02  8.8777758351E-06  6.0572066479E-01 -6.1048127184E-01  1.4515784343E-01
H21       2.4597849690E-02  2.3631896223E-05  5.9977748892E-01 -6.0449138611E-01  1.5254043722E-01
H22       2.8386803650E-02  2.1033599669E-05  6.0131752279E-01 -6.0604352375E-01  1.3704525116E-01
H23       1.7679847080E-02  1.7571947228E-05  6.0649408404E-01 -6.1126076970E-01  1.4674134622E-01
H24       2.8252333740E-02  1.9712612661E-05  6.0141853085E-01 -6.0614532567E-01  1.3690311989E-01
H25       2.4618782530E-02  1.9440015829E-05  5.9977207807E-01 -6.0448593274E-01  1.5253857491E-01
H26       1.7688904300E-02  1.7687269689E-05  6.0648893195E-01 -6.1125557712E-01  1.4674296009E-01
--------------------------------------------------------------------------------------------------
Total    -3.4957593000E-04 -4.6314270162E-04  1.1188099495E+03 -1.1276031356E+03
 
1st Largest |L(A)| = 3.5519835032E-04, atom C1      
2nd Largest |L(A)| = 2.8852023406E-04, atom C15     
 
Molecular charge q(Mol) from the wfn file:   0.0000000000E+00
Molecular energy E(Mol) from the wfn file:  -1.1276032463E+03
Molecular virial ratio (-V(Mol)/T(Mol)) from the wfn file:   2.0078594100E+00
Note.  K_Scaled(A) = (1+V(Mol)/T(Mol))*K(A) = (E(Mol)/T(Mol))*K(A)
       Only use K_Scaled(A) data with caution.
 
N_AIMInt(SumA)     =        138.000350
N_Analytic(Mol)    =        137.999985
 
G_AIMInt(SumA)     =       1118.810413
G_Analytic(Mol)    =       1118.810020
 
K_AIMInt(SumA)     =       1118.809949
K_Analytic(Mol)    =       1118.810020
 
L_AIMInt(SumA)     =         -0.000463
L_Analytic(Mol)    =          0.000000
 
VenT_AIMInt(SumA)  =      -5599.938235
VenT_Analytic(Mol) =      -5599.929060
 
Some Information About the Atomic Calculations:
----------------------------------------------
  Time(sec) = "Elapsed User Time", in Seconds, for Atom A by AIMInt and, if used, by TWOe
  NProc = Number of Processors Used for AIMInt Job
  BIM = Basin Integration Method
  OAQ = Angular Quadrature Outside of Beta Sphere
  ORQ = Multiple of Default for Radial Quadrature Outside of Beta Sphere
  IAQ = Multiple of Default for Angular Quadrature Inside of Beta Sphere
  IRQ = Multiple of Default for Radial Quadrature Inside of Beta Sphere
  MIR = Maximum Integration Radius
------------------------------------------------------------------------------------------------------
Atom A     Time(sec)   NProc      BIM          OAQ                     ORQ      IAQ      IRQ      MIR
------------------------------------------------------------------------------------------------------
C1             53        8     Proaim(5)    4500(GS4)                  1.00     1.00     1.00    13.00
N2             28        8     Proaim(5)    4500(GS4)                  1.00     1.00     1.00    13.00
N3             28        8     Proaim(5)    4500(GS4)                  1.00     1.00     1.00    13.00
C4             51        8     Proaim(5)    4500(GS4)                  1.00     1.00     1.00    13.00
N5             28        8     Proaim(5)    4500(GS4)                  1.00     1.00     1.00    13.00
N6             28        8     Proaim(5)    4500(GS4)                  1.00     1.00     1.00    13.00
C7             47        8     Proaim(5)    4500(GS4)                  1.00     1.00     1.00    13.00
C8             50        8     Proaim(5)    5400(GS5)                  1.00     1.00     1.00    13.00
C9             32        8     Proaim(5)    4500(GS4)                  1.00     1.00     1.00    13.00
C10            31        8     Proaim(5)    4500(GS4)                  1.00     1.00     1.00    13.00
C11            38        8     Proaim(5)    5400(GS5)                  1.00     1.00     1.00    13.00
F12            23        8     Proaim(5)    4500(GS4)                  1.00     1.00     1.00    13.00
F13            22        8     Proaim(5)    4500(GS4)                  1.00     1.00     1.00    13.00
F14            12        8     Proaim(5)    2700(GS4)                  1.00     1.00     1.00    13.00
C15            40        8     Proaim(5)    5400(GS5)                  1.00     1.00     1.00    13.00
F16            23        8     Proaim(5)    4500(GS4)                  1.00     1.00     1.00    13.00
F17            12        8     Proaim(5)    2700(GS4)                  1.00     1.00     1.00    13.00
F18            22        8     Proaim(5)    4500(GS4)                  1.00     1.00     1.00    13.00
H19            17        8     Proaim(5)    4500(GS4)                  1.00     1.00     1.00    13.00
H20            17        8     Proaim(5)    4500(GS4)                  1.00     1.00     1.00    13.00
H21             7        8     Proaim(5)    1800(GS4)                  1.00     1.00     1.00    13.00
H22            16        8     Proaim(5)    4500(GS4)                  1.00     1.00     1.00    13.00
H23            16        8     Proaim(5)    4500(GS4)                  1.00     1.00     1.00    13.00
H24            16        8     Proaim(5)    4500(GS4)                  1.00     1.00     1.00    13.00
H25             8        8     Proaim(5)    1800(GS4)                  1.00     1.00     1.00    13.00
H26            16        8     Proaim(5)    4500(GS4)                  1.00     1.00     1.00    13.00
------------------------------------------------------------------------------------------------------
Total         681
Note:  Total wall clock time is less than total of atomic times if more than one atom
       was calculated at a time
 
Electron Density Critical Point Analysis of Molecular Structure:               
---------------------------------------------------------------                
  NACP = Nuclear Attractor Critical Point                                      
  NNACP = Non-Nuclear Attractor Critical Point                                 
  BCP = Bond Critical Point                                                    
  RCP = Ring Critical Point                                                    
  CCP = Cage Critical Point                                                    
  Rho = Electron Density                                                       
  GradRho = Gradient of Electron Density                                       
  HessRho_EigVals = Eigenvalues of the Hessian of Rho, Ascending Order         
  HessRho_EigVecs = Eigenvectors of the Hessian of Rho                         
  DelSqRho = Laplacian of Rho = Trace of Hessian of Rho                        
  Bond Ellipticity = (HessRho_EigVal(1) / HessRho_EigVal(2)) - 1               
  V = Virial Field = Potential Energy Density = Trace of Stress Tensor         
  G = Lagrangian Form of Kinetic Energy Density                                
  K = Hamiltonian Form of Kinetic Energy Density                               
  L = K - G = Lagrangian Density = (-1/4)DelSqRho                              
  Vnuc = Electrostatic Potential from Nuclei                                   
  Ven = Electron-nuclear attractive contribution to Virial Field V             
  Vrep = V - Ven = Repulsive contribution to Virial Field V                    
  DelSqV = Laplacian of V                                                      
  DelSqVen = Laplacian of Ven                                                  
  DelSqVrep = Laplacian of Vrep                                                
  DelSqG = Laplacian of G                                                      
  DelSqK = Laplacian of K                                                      
  Stress_EigVals = Eigenvalues of Stress Tensor, Ascending Order               
  Stress_EigVecs = Eigenvectors of Stress Tensor                               
  -DivStress = Ehrenfest Force Density = Minus Divergence of Stress Tensor     
  ESP = Total Electrostatic Potential                                          
  ESPe = Electrostatic Potential from Electrons                                
  ESPn = Electrostatic Potential from Nuclei                                   
  BP = Bond Path                                                               
  BPL = Bond Path Length                                                       
  GBL = Geometric Bond Length                                                  
  GBL_I = Distance Between Nuclear Attractors                                  
  GBL_II = Distance Between Nuclei                                             
  GBL_III = Sum of Distances Between BCP and Nuclear Attractors                
  GBL_IV = Sum of Distances Between BCP and Nuclei                             

CP# 1      Coords =  2.37889628119880E+00 -1.68047827053586E+00  1.35839570437992E-01
           Type = (3,-3) NACP C1
           Rho =  1.1762139253E+02     Rho at Nucleus =  1.1762139253E+02
           GradRho = -2.6022286065E-12  7.7909124668E-12  1.4073128166E-12
           HessRho_EigVals = -1.4489286469E+05 -1.4489195523E+05 -1.4489169429E+05
           HessRho_EigVec1 = -8.5011286249E-02  9.7742959026E-01 -1.9340237150E-01
           HessRho_EigVec2 =  5.8892898098E-02  1.9869485625E-01  9.7829033556E-01
           HessRho_EigVec3 =  9.9463797824E-01  7.1775693595E-02 -7.4454966557E-02
           DelSqRho = -4.3467651421E+05
           Bond Ellipticity = NA
           V = -1.0867959993E+05
           G =  5.2356886915E+00
           K =  1.0867436424E+05
           L =  1.0866912855E+05
           Vnuc =  2.3121274717E+07
           Ven = -2.7195565293E+09
           Vrep =  2.7194478497E+09
           DelSqV =  2.4932943101E+09
           DelSqVen =  1.0050273804E+13
           DelSqVrep = -1.0047780510E+13
           DelSqG =  1.3388557288E+08
           DelSqK = -2.6271798830E+09
           Stress_EigVals = -3.6226736759E+04 -3.6226701044E+04 -3.6226162127E+04
           Stress_EigVec1 =  9.7495376336E-01  4.6567842097E-02 -2.1747780435E-01
           Stress_EigVec2 =  2.0335286899E-01  2.0935748388E-01  9.5646069162E-01
           Stress_EigVec3 = -9.0070916379E-02  9.7672968626E-01 -1.9464416251E-01
           -DivStress =  1.2094599912E+02  1.6906766979E+02  2.4332275114E+01
           ESP =  -1.4598936355E+01     ESP at Nucleus =  -1.4598936356E+01
           ESPe = -4.0856149874E+01     ESPe at Nucleus = -4.0856149884E+01
           ESPn =  2.6257213519E+01     ESPn at Nucleus =  2.6257213529E+01

CP# 2      Coords =  1.24355867334511E+00 -2.28706080107097E+00 -2.04451728327586E+00
           Type = (3,-3) NACP N2
           Rho =  1.9143914431E+02     Rho at Nucleus =  1.9143910967E+02
           GradRho = -3.2317758333E-11  4.9160720633E-11  1.5943738273E-11
           HessRho_EigVals = -3.2215219240E+05 -3.2215054573E+05 -3.2214056955E+05
           HessRho_EigVec1 = -1.4118553995E-01  9.3320817767E-01 -3.3043780117E-01
           HessRho_EigVec2 =  9.0352725895E-01  2.5788189578E-01  3.4225052250E-01
           HessRho_EigVec3 = -4.0460491302E-01  2.5023873593E-01  8.7958822150E-01
           DelSqRho = -9.6644330768E+05
           Bond Ellipticity = NA
           V = -2.4164340504E+05
           G =  1.6289061536E+01
           K =  2.4162711598E+05
           L =  2.4161082692E+05
           Vnuc =  4.7735684496E+05
           Ven = -9.1384785929E+07
           Vrep =  9.1143142524E+07
           DelSqV =  7.5871530920E+09
           DelSqVen =  4.6133832800E+11
           DelSqVrep = -4.5375117484E+11
           DelSqG =  4.0666332563E+08
           DelSqK = -7.9938164176E+09
           Stress_EigVals = -8.0549380267E+04 -8.0547342054E+04 -8.0546682721E+04
           Stress_EigVec1 = -3.7811779648E-01  2.5453341460E-01  8.9007846443E-01
           Stress_EigVec2 =  9.2220178419E-01  1.8774931445E-01  3.3807405131E-01
           Stress_EigVec3 = -8.1060478834E-02  9.4866376329E-01 -3.0572252615E-01
           -DivStress =  2.0456445370E+04 -7.8209080798E+03 -2.8811023705E+04
           ESP =  -1.8251321774E+01     ESP at Nucleus =  -1.8251323357E+01
           ESPe = -4.1937164283E+01     ESPe at Nucleus = -4.1937131733E+01
           ESPn =  2.3685842509E+01     ESPn at Nucleus =  2.3685808376E+01

CP# 3      Coords = -1.24462712266394E+00 -2.28736198951462E+00 -2.04321967276516E+00
           Type = (3,-3) NACP N3
           Rho =  1.9143909722E+02     Rho at Nucleus =  1.9143906258E+02
           GradRho =  8.8301692889E-12 -3.7778563264E-11  6.1314612811E-11
           HessRho_EigVals = -3.2215210723E+05 -3.2215045975E+05 -3.2214048396E+05
           HessRho_EigVec1 =  1.4052992963E-01  9.3327005025E-01 -3.3054251191E-01
           HessRho_EigVec2 =  9.0325153288E-01 -2.5756797640E-01 -3.4321335329E-01
           HessRho_EigVec3 =  4.0544790938E-01  2.5033128218E-01  8.7917361308E-01
           DelSqRho = -9.6644305094E+05
           Bond Ellipticity = NA
           V = -2.4164334087E+05
           G =  1.6289065914E+01
           K =  2.4162705180E+05
           L =  2.4161076274E+05
           Vnuc =  4.7739515431E+05
           Ven = -9.1392097357E+07
           Vrep =  9.1150454017E+07
           DelSqV =  7.5871510999E+09
           DelSqVen =  4.6137522944E+11
           DelSqVrep = -4.5378807834E+11
           DelSqG =  4.0666320908E+08
           DelSqK = -7.9938143090E+09
           Stress_EigVals = -8.0549358906E+04 -8.0547320757E+04 -8.0546661204E+04
           Stress_EigVec1 =  3.7897667143E-01  2.5461353993E-01  8.8969018641E-01
           Stress_EigVec2 =  9.2190143985E-01 -1.8746947004E-01 -3.3904709557E-01
           Stress_EigVec3 =  8.0463766536E-02  9.4869760361E-01 -3.0577514481E-01
           -DivStress = -2.0482789094E+04 -7.8247226508E+03 -2.8787588421E+04
           ESP =  -1.8251310960E+01     ESP at Nucleus =  -1.8251312544E+01
           ESPe = -4.1937612155E+01     ESPe at Nucleus = -4.1937579613E+01
           ESPn =  2.3686301195E+01     ESPn at Nucleus =  2.3686267069E+01

CP# 4      Coords = -2.37794585061598E+00 -1.68126656081479E+00  1.38340569789246E-01
           Type = (3,-3) NACP C4
           Rho =  1.1762132374E+02     Rho at Nucleus =  1.1762132374E+02
           GradRho =  4.0966706210E-12 -1.0482598689E-11 -1.1204929213E-12
           HessRho_EigVals = -1.4489275953E+05 -1.4489185025E+05 -1.4489158909E+05
           HessRho_EigVec1 =  8.4508250258E-02  9.7747559639E-01 -1.9339031544E-01
           HessRho_EigVec2 = -5.8517440530E-02  1.9861820686E-01  9.7832843006E-01
           HessRho_EigVec3 =  9.9470300331E-01 -7.1360117519E-02  7.3984247212E-02
           DelSqRho = -4.3467619887E+05
           Bond Ellipticity = NA
           V = -1.0867952116E+05
           G =  5.2357220139E+00
           K =  1.0867428544E+05
           L =  1.0866904972E+05
           Vnuc =  2.3064814756E+07
           Ven = -2.7129140434E+09
           Vrep =  2.7128053639E+09
           DelSqV =  2.4932924815E+09
           DelSqVen =  1.0025720349E+13
           DelSqVrep = -1.0023227056E+13
           DelSqG =  1.3388545599E+08
           DelSqK = -2.6271779374E+09
           Stress_EigVals = -3.6226710532E+04 -3.6226674730E+04 -3.6226135900E+04
           Stress_EigVec1 =  9.7492680268E-01 -4.6049652646E-02  2.1770888568E-01
           Stress_EigVec2 = -2.0368505699E-01  2.0931203609E-01  9.5639995248E-01
           Stress_EigVec3 =  8.9610975739E-02  9.7676399455E-01 -1.9468428798E-01
           -DivStress = -1.2141299274E+02  1.6929358428E+02  2.4859637209E+01
           ESP =  -1.4598938546E+01     ESP at Nucleus =  -1.4598938547E+01
           ESPe = -4.0855787724E+01     ESPe at Nucleus = -4.0855787734E+01
           ESPn =  2.6256849178E+01     ESPn at Nucleus =  2.6256849187E+01

CP# 5      Coords = -1.24886315343830E+00 -1.40399520683497E+00  2.37606895310937E+00
           Type = (3,-3) NACP N5
           Rho =  1.9144589691E+02     Rho at Nucleus =  1.9144586193E+02
           GradRho =  1.4480547187E-11  1.5904767087E-11 -1.8456202712E-11
           HessRho_EigVals = -3.2216399553E+05 -3.2216240065E+05 -3.2215236467E+05
           HessRho_EigVec1 =  1.4667757883E-01  9.8774045150E-01 -5.3427411842E-02
           HessRho_EigVec2 =  9.0491905002E-01 -1.1217271198E-01  4.1053476782E-01
           HessRho_EigVec3 = -3.9950869925E-01  1.0856372854E-01  9.1027837285E-01
           DelSqRho = -9.6647876085E+05
           Bond Ellipticity = NA
           V = -2.4165223681E+05
           G =  1.6273298738E+01
           K =  2.4163596351E+05
           L =  2.4161969021E+05
           Vnuc =  4.7504272096E+05
           Ven = -9.0944979783E+07
           Vrep =  9.0703327546E+07
           DelSqV =  7.5874301592E+09
           DelSqVen =  4.5911870029E+11
           DelSqVrep = -4.5153127013E+11
           DelSqG =  4.0667875717E+08
           DelSqK = -7.9941089163E+09
           Stress_EigVals = -8.0552329538E+04 -8.0550274800E+04 -8.0549632472E+04
           Stress_EigVec1 = -3.7026326031E-01  1.0853707610E-01  9.2256426398E-01
           Stress_EigVec2 =  9.2514379006E-01 -4.6454541930E-02  3.7676377645E-01
           Stress_EigVec3 =  8.3750138960E-02  9.9300638399E-01 -8.3211991792E-02
           -DivStress = -2.0406514302E+04  3.8877790838E+03  2.9848531873E+04
           ESP =  -1.8252602603E+01     ESP at Nucleus =  -1.8252604204E+01
           ESPe = -4.2051593305E+01     ESPe at Nucleus = -4.2051561211E+01
           ESPn =  2.3798990702E+01     ESPn at Nucleus =  2.3798957007E+01

CP# 6      Coords =  1.25201467169621E+00 -1.40354896992587E+00  2.37473167270247E+00
           Type = (3,-3) NACP N6
           Rho =  1.9144583252E+02     Rho at Nucleus =  1.9144579754E+02
           GradRho =  2.6012738350E-11 -1.0297290798E-11 -4.6915057342E-11
           HessRho_EigVals = -3.2216388003E+05 -3.2216228554E+05 -3.2215224995E+05
           HessRho_EigVec1 = -1.4702512293E-01  9.8769587667E-01 -5.3296045183E-02
           HessRho_EigVec2 =  9.0445913993E-01  1.1243152347E-01 -4.1147638661E-01
           HessRho_EigVec3 =  4.0042137484E-01  1.0870146151E-01  9.0986082168E-01
           DelSqRho = -9.6647841552E+05
           Bond Ellipticity = NA
           V = -2.4165215073E+05
           G =  1.6273425318E+01
           K =  2.4163587731E+05
           L =  2.4161960388E+05
           Vnuc =  4.7507331931E+05
           Ven = -9.0950807121E+07
           Vrep =  9.0709154970E+07
           DelSqV =  7.5874274394E+09
           DelSqVen =  4.5914810867E+11
           DelSqVrep = -4.5156068130E+11
           DelSqG =  4.0667860430E+08
           DelSqK = -7.9941060437E+09
           Stress_EigVals = -8.0552300772E+04 -8.0550246107E+04 -8.0549603852E+04
           Stress_EigVec1 =  3.7119250702E-01  1.0866428459E-01  9.2217579452E-01
           Stress_EigVec2 =  9.2473738540E-01  4.6714194321E-02 -3.7772814576E-01
           Stress_EigVec3 = -8.4124257990E-02  9.9298029049E-01 -8.3145967510E-02
           -DivStress =  2.0435485371E+04  3.8954121702E+03  2.9824854654E+04
           ESP =  -1.8252600589E+01     ESP at Nucleus =  -1.8252602190E+01
           ESPe = -4.2052590767E+01     ESPe at Nucleus = -4.2052558684E+01
           ESPn =  2.3799990178E+01     ESPn at Nucleus =  2.3799956494E+01

CP# 7      Coords =  1.27305890654308E+00  4.50639007603107E+00 -1.28308056911015E+00
           Type = (3,-3) NACP C7
           Rho =  1.1767776591E+02     Rho at Nucleus =  1.1767776571E+02
           GradRho =  9.6446754356E-10  2.0425513364E-10  3.8943745190E-10
           HessRho_EigVals = -1.4500598753E+05 -1.4500520402E+05 -1.4500488926E+05
           HessRho_EigVec1 =  3.5744494024E-02  8.5165620633E-01 -5.2288051921E-01
           HessRho_EigVec2 =  3.0809211693E-01  4.8833954879E-01  8.1645804092E-01
           HessRho_EigVec3 =  9.5068479457E-01 -1.9027924563E-01 -2.4493311342E-01
           DelSqRho = -4.3501608080E+05
           Bond Ellipticity = NA
           V = -1.0876416642E+05
           G =  5.0731104621E+00
           K =  1.0875909331E+05
           L =  1.0875402020E+05
           Vnuc =  3.5674653531E+06
           Ven = -4.1981135273E+08
           Vrep =  4.1970258856E+08
           DelSqV =  2.4952778112E+09
           DelSqVen =  1.5519048827E+12
           DelSqVrep = -1.5494096049E+12
           DelSqG =  1.3403318801E+08
           DelSqK = -2.6293109992E+09
           Stress_EigVals = -3.6254982965E+04 -3.6254811040E+04 -3.6254372417E+04
           Stress_EigVec1 =  9.6794287106E-01 -1.4470169000E-01 -2.0529982775E-01
           Stress_EigVec2 =  2.5082086545E-01  5.1375475825E-01  8.2045410708E-01
           Stress_EigVec3 =  1.3247332488E-02  8.4564618446E-01 -5.3357945884E-01
           -DivStress = -1.2404712058E+03 -2.4725663287E+02 -5.2191977378E+02
           ESP =  -1.4734783548E+01     ESP at Nucleus =  -1.4734783568E+01
           ESPe = -3.5855585816E+01     ESPe at Nucleus = -3.5855586653E+01
           ESPn =  2.1120802268E+01     ESPn at Nucleus =  2.1120803084E+01

CP# 8      Coords = -1.26232665463584E+00  4.50363449435258E+00 -1.29785780621808E+00
           Type = (3,-3) NACP C8
           Rho =  1.1767774840E+02     Rho at Nucleus =  1.1767774819E+02
           GradRho = -9.6832549837E-10  1.2564599534E-10  3.9606211019E-10
           HessRho_EigVals = -1.4500596039E+05 -1.4500517698E+05 -1.4500486193E+05
           HessRho_EigVec1 = -3.1547694455E-02  8.5143281063E-01 -5.2351400359E-01
           HessRho_EigVec2 = -3.1929378331E-01  4.8774505443E-01  8.1249999496E-01
           HessRho_EigVec3 =  9.4713052053E-01  1.9278726841E-01  2.5646997139E-01
           DelSqRho = -4.3501599931E+05
           Bond Ellipticity = NA
           V = -1.0876414610E+05
           G =  5.0731371678E+00
           K =  1.0875907296E+05
           L =  1.0875399983E+05
           Vnuc =  3.5661125743E+06
           Ven = -4.1965209828E+08
           Vrep =  4.1954333413E+08
           DelSqV =  2.4952773408E+09
           DelSqVen =  1.5513159434E+12
           DelSqVrep = -1.5488206661E+12
           DelSqG =  1.3403315725E+08
           DelSqK = -2.6293104980E+09
           Stress_EigVals = -3.6254976211E+04 -3.6254804250E+04 -3.6254365640E+04
           Stress_EigVec1 =  9.6509409505E-01  1.4698286622E-01  2.1677044247E-01
           Stress_EigVec2 = -2.6175372313E-01  5.1333361534E-01  8.1729651155E-01
           Stress_EigVec3 = -8.8530288878E-03  8.4550850758E-01 -5.3388855343E-01
           -DivStress =  1.2470770104E+03 -2.4588566606E+02 -5.0801020452E+02
           ESP =  -1.4734784339E+01     ESP at Nucleus =  -1.4734784359E+01
           ESPe = -3.5855116490E+01     ESPe at Nucleus = -3.5855117327E+01
           ESPn =  2.1120332151E+01     ESPn at Nucleus =  2.1120332967E+01

CP# 9      Coords =  3.00260701568461E+00  5.75015223501997E+00  5.99451098537231E-01
           Type = (3,-3) NACP C9
           Rho =  1.1751041800E+02     Rho at Nucleus =  1.1751041794E+02
           GradRho = -1.1758924397E-10 -9.2416302692E-11 -1.4223138379E-10
           HessRho_EigVals = -1.4479970963E+05 -1.4479946128E+05 -1.4479935873E+05
           HessRho_EigVec1 =  6.1667406877E-01  4.8079509242E-01  6.2333712549E-01
           HessRho_EigVec2 =  3.3490888772E-02 -8.0712856482E-01  5.8942500815E-01
           HessRho_EigVec3 =  7.8650585076E-01 -3.4260700367E-01 -5.1383751105E-01
           DelSqRho = -4.3439852963E+05
           Bond Ellipticity = NA
           V = -1.0861013303E+05
           G =  5.2503089581E+00
           K =  1.0860488272E+05
           L =  1.0859963241E+05
           Vnuc =  6.4607461950E+06
           Ven = -7.5920498596E+08
           Vrep =  7.5909637583E+08
           DelSqV =  2.4917571708E+09
           DelSqVen =  2.8065380434E+12
           DelSqVrep = -2.8040462862E+12
           DelSqG =  1.3384369703E+08
           DelSqK = -2.6256008678E+09
           Stress_EigVals = -3.6203426271E+04 -3.6203394562E+04 -3.6203312193E+04
           Stress_EigVec1 =  7.8592714931E-01 -3.5539951332E-01 -5.0597401309E-01
           Stress_EigVec2 = -1.9044573864E-02  8.0400362085E-01 -5.9431934334E-01
           Stress_EigVec3 =  6.1802574395E-01  4.7672776675E-01  6.2511984148E-01
           -DivStress =  3.6854771682E+02  3.2707265524E+02  5.6914176483E+02
           ESP =  -1.4737348316E+01     ESP at Nucleus =  -1.4737348318E+01
           ESPe = -3.3216954511E+01     ESPe at Nucleus = -3.3216953115E+01
           ESPn =  1.8479606194E+01     ESPn at Nucleus =  1.8479604797E+01

CP# 10     Coords = -3.01638271792642E+00  5.74413954427110E+00  5.64001835346156E-01
           Type = (3,-3) NACP C10
           Rho =  1.1751048824E+02     Rho at Nucleus =  1.1751048818E+02
           GradRho =  1.0562113637E-10 -5.3949728148E-11 -1.3070484929E-10
           HessRho_EigVals = -1.4479981509E+05 -1.4479956727E+05 -1.4479946431E+05
           HessRho_EigVec1 = -6.2505263930E-01  4.7957946507E-01  6.1588370232E-01
           HessRho_EigVec2 = -4.0061608800E-02 -8.0767449624E-01  5.8826607553E-01
           HessRho_EigVec3 =  7.7955388884E-01  3.4302397117E-01  5.2405180049E-01
           DelSqRho = -4.3439884667E+05
           Bond Ellipticity = NA
           V = -1.0861021229E+05
           G =  5.2503104101E+00
           K =  1.0860496198E+05
           L =  1.0859971167E+05
           Vnuc =  6.4674589516E+06
           Ven = -7.5999425906E+08
           Vrep =  7.5988564884E+08
           DelSqV =  2.4917590036E+09
           DelSqVen =  2.8094566236E+12
           DelSqVrep = -2.8069647335E+12
           DelSqG =  1.3384381355E+08
           DelSqK = -2.6256028171E+09
           Stress_EigVals = -3.6203452687E+04 -3.6203420916E+04 -3.6203338685E+04
           Stress_EigVec1 = -7.7907603897E-01 -3.5600132733E-01 -5.1604610301E-01
           Stress_EigVec2 = -2.5455638279E-02 -8.0449088448E-01  5.9341926769E-01
           Stress_EigVec3 = -6.2641243281E-01  4.7545501545E-01  6.1769733066E-01
           -DivStress = -3.7483969205E+02  3.2766601082E+02  5.6363130799E+02
           ESP =  -1.4737327723E+01     ESP at Nucleus =  -1.4737327725E+01
           ESPe = -3.3223083031E+01     ESPe at Nucleus = -3.3223081637E+01
           ESPn =  1.8485755308E+01     ESPn at Nucleus =  1.8485753912E+01

CP# 11     Coords =  5.25140586626999E+00 -1.48095688002852E+00  5.08065096714231E-02
           Type = (3,-3) NACP C11
           Rho =  1.1735095132E+02     Rho at Nucleus =  1.1735094749E+02
           GradRho = -4.3881065502E-11 -1.0948152974E-11  2.4171333338E-13
           HessRho_EigVals = -1.4451779478E+05 -1.4451778852E+05 -1.4451602746E+05
           HessRho_EigVec1 = -7.7226873354E-02  9.1052171961E-01 -4.0618494329E-01
           HessRho_EigVec2 =  5.7408491270E-03  4.0780097572E-01  9.1305279522E-01
           HessRho_EigVec3 =  9.9699701739E-01  6.8180366105E-02 -3.6720362125E-02
           DelSqRho = -4.3355161076E+05
           Bond Ellipticity = NA
           V = -1.0839705796E+05
           G =  4.5776369391E+00
           K =  1.0839248033E+05
           L =  1.0838790269E+05
           Vnuc =  8.2415965862E+05
           Ven = -9.6715919977E+07
           Vrep =  9.6607522919E+07
           DelSqV =  2.4868083864E+09
           DelSqVen =  3.5731574682E+11
           DelSqVrep = -3.5482893869E+11
           DelSqG =  1.3349586248E+08
           DelSqK = -2.6203042488E+09
           Stress_EigVals = -3.6132676965E+04 -3.6132191671E+04 -3.6132189328E+04
           Stress_EigVec1 =  9.9700169520E-01  6.8661757055E-02 -3.5681688435E-02
           Stress_EigVec2 =  2.0685790363E-02  2.0784352136E-01  9.7794333614E-01
           Stress_EigVec3 = -7.4563515532E-02  9.7574926787E-01 -2.0580002042E-01
           -DivStress = -5.8626850950E+03 -4.1192959979E+02  2.4314179716E+02
           ESP =  -1.4441110059E+01     ESP at Nucleus =  -1.4441110280E+01
           ESPe = -3.9656003222E+01     ESPe at Nucleus = -3.9656008279E+01
           ESPn =  2.5214893163E+01     ESPn at Nucleus =  2.5214897999E+01

CP# 12     Coords =  6.12989006750503E+00 -2.12787817079748E-01  2.05741290838410E+00
           Type = (3,-3) NACP F12
           Rho =  4.1876993666E+02     Rho at Nucleus =  4.1876990585E+02
           GradRho =  3.6905347311E-10 -2.6683481813E-12  2.2489428760E-10
           HessRho_EigVals = -1.1738719773E+06 -1.1738288778E+06 -1.1738273984E+06
           HessRho_EigVec1 =  3.6404493351E-01  5.0471329603E-01  7.8277440888E-01
           HessRho_EigVec2 =  2.3216844280E-01 -8.6308979260E-01  4.4852405072E-01
           HessRho_EigVec3 =  9.0198065420E-01  1.8452607354E-02 -4.3138196616E-01
           DelSqRho = -3.5215282535E+06
           Bond Ellipticity = NA
           V = -8.8061508675E+05
           G =  1.1651168393E+02
           K =  8.8049857507E+05
           L =  8.8038206338E+05
           Vnuc =  1.2422043344E+06
           Ven = -5.2019783042E+08
           Vrep =  5.1931721533E+08
           DelSqV =  4.6342791610E+10
           DelSqVen =  4.3744576502E+12
           DelSqVrep = -4.3281148596E+12
           DelSqG =  2.4686424033E+09
           DelSqK = -4.8811434014E+10
           Stress_EigVals = -2.9354222147E+05 -2.9354185721E+05 -2.9353100807E+05
           Stress_EigVec1 =  9.0251955390E-01  1.7619978376E-02 -4.3028826522E-01
           Stress_EigVec2 =  2.3100909989E-01 -8.6305201714E-01  4.4919484802E-01
           Stress_EigVec3 =  3.6344635174E-01  5.0480763869E-01  7.8299169684E-01
           -DivStress =  3.6719379182E+04  5.5412719283E+04  8.6753260062E+04
           ESP =  -2.6493203677E+01     ESP at Nucleus =  -2.6493204586E+01
           ESPe = -4.5871350127E+01     ESPe at Nucleus = -4.5871332242E+01
           ESPn =  1.9378146450E+01     ESPn at Nucleus =  1.9378127656E+01

CP# 13     Coords =  5.97571761625851E+00 -2.64268973619793E-01 -2.05289194428777E+00
           Type = (3,-3) NACP F13
           Rho =  4.1879380833E+02     Rho at Nucleus =  4.1879377741E+02
           GradRho =  4.1528036337E-10 -3.1516176821E-11  1.0760144731E-10
           HessRho_EigVals = -1.1739580655E+06 -1.1739147408E+06 -1.1739137923E+06
           HessRho_EigVec1 = -2.9969680456E-01 -4.8202467790E-01  8.2330676861E-01
           HessRho_EigVec2 = -2.1543501187E-01  8.7487659598E-01  4.3379568631E-01
           HessRho_EigVec3 =  9.2939204914E-01  4.7361922445E-02  3.6604271240E-01
           DelSqRho = -3.5217865987E+06
           Bond Ellipticity = NA
           V = -8.8067957875E+05
           G =  1.1646454060E+02
           K =  8.8056311421E+05
           L =  8.8044664967E+05
           Vnuc =  1.2402451616E+06
           Ven = -5.1940699448E+08
           Vrep =  5.1852631491E+08
           DelSqV =  4.6346223815E+10
           DelSqVen =  4.3678787891E+12
           DelSqVrep = -4.3215325653E+12
           DelSqG =  2.4688662391E+09
           DelSqK = -4.8815090054E+10
           Stress_EigVals = -2.9356365235E+05 -2.9356341750E+05 -2.9355250889E+05
           Stress_EigVec1 =  9.3066078032E-01  4.3146440598E-02  3.6333028589E-01
           Stress_EigVec2 = -2.1068066683E-01  8.7507018696E-01  4.3573595733E-01
           Stress_EigVec3 = -2.9913904560E-01 -4.8206903297E-01  8.2348362391E-01
           -DivStress =  2.9797169014E+04  5.3260260738E+04 -9.0938070536E+04
           ESP =  -2.6495286732E+01     ESP at Nucleus =  -2.6495287636E+01
           ESPe = -4.6026038317E+01     ESPe at Nucleus = -4.6026020712E+01
           ESPn =  1.9530751585E+01     ESPn at Nucleus =  1.9530733076E+01

CP# 14     Coords =  6.29540509887142E+00 -3.79421873047376E+00  3.76839612698586E-02
           Type = (3,-3) NACP F14
           Rho =  4.1879221810E+02     Rho at Nucleus =  4.1879218683E+02
           GradRho = -1.9322843629E-10  3.0176744458E-11 -1.2968945579E-12
           HessRho_EigVals = -1.1739478529E+06 -1.1739042974E+06 -1.1739035805E+06
           HessRho_EigVec1 = -4.2630371407E-01  9.0456149721E-01  5.8000982533E-03
           HessRho_EigVec2 =  3.2172131578E-03 -4.8957299445E-03  9.9998284054E-01
           HessRho_EigVec3 =  9.0457437113E-01  4.2631505908E-01 -8.2309929243E-04
           DelSqRho = -3.5217557308E+06
           Bond Ellipticity = NA
           V = -8.8067181800E+05
           G =  1.1644265273E+02
           K =  8.8055537535E+05
           L =  8.8043893269E+05
           Vnuc =  1.2329485123E+06
           Ven = -5.1634924229E+08
           Vrep =  5.1546857047E+08
           DelSqV =  4.6345802606E+10
           DelSqVen =  4.3421435003E+12
           DelSqVrep = -4.2957976977E+12
           DelSqG =  2.4688317270E+09
           DelSqK = -4.8814634333E+10
           Stress_EigVals = -2.9356104986E+05 -2.9356087163E+05 -2.9354989650E+05
           Stress_EigVec1 =  9.0473294887E-01  4.2597867610E-01 -6.7730452545E-04
           Stress_EigVec2 =  3.1381030042E-03 -5.0750256715E-03  9.9998219805E-01
           Stress_EigVec3 = -4.2596765552E-01  9.0471896831E-01  5.9283079046E-03
           -DivStress =  4.3996945355E+04 -1.0104446424E+05 -7.6518973718E+02
           ESP =  -2.6496705707E+01     ESP at Nucleus =  -2.6496706615E+01
           ESPe = -4.4875136385E+01     ESPe at Nucleus = -4.4875116542E+01
           ESPn =  1.8378430678E+01     ESPn at Nucleus =  1.8378409927E+01

CP# 15     Coords = -5.25056028559705E+00 -1.48228794084856E+00  5.55665137361923E-02
           Type = (3,-3) NACP C15
           Rho =  1.1735113879E+02     Rho at Nucleus =  1.1735113496E+02
           GradRho = -2.7181669459E-12 -8.5248523735E-13  4.3873135376E-14
           HessRho_EigVals = -1.4451809641E+05 -1.4451809022E+05 -1.4451632944E+05
           HessRho_EigVec1 =  7.6876437794E-02  9.0509838144E-01 -4.1819485078E-01
           HessRho_EigVec2 = -4.1745366299E-03  4.1972463617E-01  9.0764189141E-01
           HessRho_EigVec3 =  9.9703188843E-01 -6.8030505681E-02  3.6045301230E-02
           DelSqRho = -4.3355251607E+05
           Bond Ellipticity = NA
           V = -1.0839728434E+05
