AIMSum (Version 19.02.13, Professional)
Copyright (c) 1997-2019 by Todd A. Keith
AIMSum is a component of the AIMAll package ( http://aim.tkgristmill.com )

TP:  64-bit Linux

Much of the Quantum Theory of Atoms in Molecules (QTAIM) is described in the book:
  "Atoms in Molecules - A Quantum Theory"
  R.F.W. Bader, Oxford University Press, Oxford, 1990

For additional references see:  http://aim.tkgristmill.com/references.html

Wfn File:  /home/mhennefarth/Documents/ML_Diels/summary-liu2014/1_11-opt/1_11-opt.wfn
Sum File:  /home/mhennefarth/Documents/ML_Diels/summary-liu2014/1_11-opt/1_11-opt.sum

SumViz File:  /home/mhennefarth/Documents/ML_Diels/summary-liu2014/1_11-opt/1_11-opt.sumviz

Wfn Title:   Title Card Required                                                           
 
Total memory allocated for AIMSum =        2.204 Megabytes

Atomic units (a.u.) used throughout, except where stated otherwise

Model:  Restricted SCF
 
Restricted, closed-shell, single-determinant wavefunction.
  Number of electrons (from MO Occs)                   =         136.0000000000
  Number of Alpha electrons (from MO Occs)             =          68.0000000000
  Number of Beta electrons (from MO Occs)              =          68.0000000000
  Number of electron pairs (N*(N-1)/2)                 =        9180.0000000000
  Number of electron pairs (from Muller 2EDM)          =        9180.0000000000
 
Nuclear Charges and Cartesian Coordinates:
-------------------------------------------------------------------------------
Atom      Charge                X                  Y                  Z
-------------------------------------------------------------------------------
C1         6.0           4.2654907600E+00  -2.3690780300E+00   1.8151343000E-01
C2         6.0           4.0154209500E+00   2.4086934900E+00  -2.2301594000E-01
C3         6.0          -2.2588539600E+00   1.0268603900E+00   4.3278006000E-01
H4         1.0          -2.4119724600E+00   1.7296929600E+00   2.3680503200E+00
C5         6.0          -2.4134501200E+00  -1.4684064500E+00   4.4767690000E-02
H6         1.0          -2.3506866900E+00  -2.1628605700E+00  -1.8983954500E+00
N7         7.0           3.9376973100E+00   1.0738532000E+00  -2.3783801700E+00
N8         7.0           4.0619054700E+00  -1.4026473500E+00  -2.1561055000E+00
N9         7.0           4.3720386000E+00   1.4496537600E+00   2.0983487300E+00
N10        7.0           4.5107275500E+00  -1.0258928600E+00   2.3197615200E+00
C11        6.0          -3.5897025200E+00  -3.1947889400E+00   1.9497554700E+00
H12        1.0          -2.8739979000E+00  -5.1401466000E+00   1.8841118700E+00
H13        1.0          -3.2780612200E+00  -2.4772049700E+00   3.8707901000E+00
C14        6.0          -2.8297991900E+00   2.8844962800E+00  -1.6218177600E+00
H15        1.0          -1.8403051700E+00   4.6951455300E+00  -1.4219568100E+00
H16        1.0          -2.3161785400E+00   2.0984856300E+00  -3.4706810300E+00
C17        6.0          -6.4794990400E+00  -3.1871478900E+00   1.3636253500E+00
H18        1.0          -7.4562591400E+00  -4.2264763700E+00   2.8729993900E+00
H19        1.0          -6.8115639600E+00  -4.2657178800E+00  -3.8025207000E-01
C20        6.0          -5.7421765700E+00   3.3232941500E+00  -1.5187017100E+00
H21        1.0          -6.2882203600E+00   4.4783204200E+00  -3.1558061300E+00
H22        1.0          -6.1910232900E+00   4.4624223000E+00   1.5952196000E-01
C23        6.0          -7.3938451100E+00   9.0123351000E-01  -1.4810276500E+00
H24        1.0          -9.2849991300E+00   1.4808641800E+00  -2.1069144400E+00
H25        1.0          -6.7166801600E+00  -4.0969491000E-01  -2.9406304700E+00
C26        6.0          -7.7166637100E+00  -5.4365107000E-01   1.0853057600E+00
H27        1.0          -9.7502196200E+00  -8.2398639000E-01   1.3862888400E+00
H28        1.0          -7.0983898600E+00   6.6793958000E-01   2.6529901600E+00
O29        8.0           4.3204610200E+00  -4.8713684800E+00   4.9829533000E-01
O30        8.0           3.7806252200E+00   4.9055093200E+00  -5.1917361000E-01
C31        6.0           4.1217170300E+00  -6.4111113000E+00  -1.7245333200E+00
H32        1.0           5.6899935400E+00  -6.0448941900E+00  -3.0198763600E+00
H33        1.0           4.1924419000E+00  -8.3511092700E+00  -1.0336013500E+00
H34        1.0           2.3397847500E+00  -6.0567856500E+00  -2.7101304600E+00
C35        6.0           3.9423936100E+00   6.4412111000E+00   1.7109342700E+00
H36        1.0           3.6953105600E+00   8.3743364700E+00   1.0417875200E+00
H37        1.0           2.4574356500E+00   5.9440741600E+00   3.0595422600E+00
H38        1.0           5.7821258800E+00   6.2200701900E+00   2.6263024800E+00
 
Some Atomic Properties:
----------------------
  q(A) = Net Charge of Atom A
  L(A) = Lagrangian of Atom A = -(1/4) Times Atomic Integral of the Laplacian of the Electron Density
  K(A) = Electronic Kinetic Energy of Atom A (Hamiltonian Form)
  K_Scaled(A) = K(A) * E(Mol)/K(Mol) = Approximation to Virial-Based Total Energy of Atom A.
  |Mu_Intra(A)| = Magnitude of Intraatomic Dipole Moment of Atom A
--------------------------------------------------------------------------------------------------
Atom A          q(A)              L(A)              K(A)          K_Scaled(A)      |Mu_Intra(A)|
--------------------------------------------------------------------------------------------------
C1        1.6269743158E+00 -1.5080366755E-04  3.6780155465E+01 -3.7125146335E+01  2.0812584076E-01
C2        1.6258003493E+00 -1.9680002961E-04  3.6782040033E+01 -3.7127048580E+01  2.0573587830E-01
C3       -6.7018279800E-02  1.4362740059E-06  3.7760661897E+01 -3.8114849731E+01  2.0297256390E-01
H4        1.4525804250E-02  3.0294584853E-05  6.0835768396E-01 -6.1406396345E-01  1.5727356502E-01
C5       -6.5869289100E-02 -1.0684432328E-04  3.7758525390E+01 -3.8112693184E+01  2.0638845455E-01
H6        1.5983642480E-02  1.7390403194E-05  6.0784386025E-01 -6.1354532017E-01  1.5649058597E-01
N7       -5.4000149270E-01  8.4519917552E-05  5.4543053672E+01 -5.5054657152E+01  6.2599238708E-01
N8       -5.8749656000E-01 -5.6856609399E-05  5.4563468516E+01 -5.5075263483E+01  6.4060002802E-01
N9       -5.8735899820E-01  9.3717942664E-05  5.4565073080E+01 -5.5076883098E+01  6.4008339928E-01
N10      -5.3623377460E-01 -2.9799119946E-05  5.4541796912E+01 -5.5053388604E+01  6.2430373871E-01
C11       2.8406444200E-02  4.2935344844E-05  3.7666516553E+01 -3.8019821322E+01  9.6676834142E-02
H12       3.5504456800E-03  2.8498886395E-05  6.1375888004E-01 -6.1951582172E-01  1.5748451141E-01
H13       8.1115117800E-03  2.9446682090E-05  6.1218736937E-01 -6.1792957058E-01  1.5665884584E-01
C14       2.8051689600E-02 -2.4298297455E-04  3.7668630042E+01 -3.8021954635E+01  9.9876372346E-02
H15       9.8703052100E-03  2.9895541312E-05  6.1217647804E-01 -6.1791857709E-01  1.5114775505E-01
H16       1.3030804390E-02  2.9591874993E-05  6.1054511794E-01 -6.1627191514E-01  1.5430762130E-01
C17       1.7352119800E-02 -1.2277486927E-04  3.7655211127E+01 -3.8008409853E+01  3.9175575150E-02
H18      -1.7471018000E-03  2.5113911721E-05  6.1742589464E-01 -6.2321723222E-01  1.5972618228E-01
H19      -6.9195504000E-03  2.7986445166E-05  6.1901267395E-01 -6.2481889522E-01  1.6155863086E-01
C20       1.7290132700E-02  4.0056611547E-05  3.7655793793E+01 -3.8008997984E+01  3.8732379969E-02
H21      -1.2827642000E-03  2.5412395836E-05  6.1723962550E-01 -6.2302921591E-01  1.5956138640E-01
H22      -7.8752049000E-03  3.0722261061E-05  6.1932952493E-01 -6.2513871820E-01  1.6186372352E-01
C23       1.4048763100E-02  3.0494882732E-04  3.7644947436E+01 -3.7998049891E+01  2.8061558271E-02
H24      -5.6803345000E-03  2.1447986412E-05  6.2287367500E-01 -6.2871611173E-01  1.5946256929E-01
H25      -3.8877857000E-03  3.7100236739E-05  6.1837812940E-01 -6.2417839876E-01  1.6007620394E-01
C26       1.4078474500E-02  3.9099452843E-04  3.7644872843E+01 -3.7997974597E+01  2.9607042383E-02
H27      -5.6314596000E-03  2.0911841745E-05  6.2285078719E-01 -6.2869300923E-01  1.5946678491E-01
H28      -4.2137960000E-03  3.4522565690E-05  6.1848877764E-01 -6.2429008487E-01  1.6018667653E-01
O29      -1.0994060303E+00  7.3976168020E-05  7.5279011620E+01 -7.5985114446E+01  2.4831889879E-01
O30      -1.1014846142E+00  2.9368467473E-04  7.5274724266E+01 -7.5980786878E+01  2.4185984671E-01
C31       4.3149178650E-01 -4.6377058216E-04  3.7425822948E+01 -3.7776870057E+01  6.2383090012E-01
H32       5.5319438430E-02  2.8981263931E-05  5.9674300045E-01 -6.0234033641E-01  1.4844075051E-01
H33       5.2193641410E-02  2.4246265863E-05  5.9950611580E-01 -6.0512936926E-01  1.4471206103E-01
H34       5.3684176870E-02  2.1835498485E-05  5.9723065819E-01 -6.0283256829E-01  1.4846916993E-01
C35       4.3053836530E-01 -8.3937792834E-05  3.7426782005E+01 -3.7777838109E+01  6.2297191935E-01
H36       5.2065842400E-02  1.9210776835E-05  5.9957639131E-01 -6.0520030394E-01  1.4474353639E-01
H37       5.4666426890E-02  2.9578422033E-05  5.9705245651E-01 -6.0265269511E-01  1.4827472773E-01
H38       5.5455205670E-02  3.2210448687E-05  5.9665930369E-01 -6.0225585460E-01  1.4830155369E-01
--------------------------------------------------------------------------------------------------
Total     3.8265026000E-04  4.1609861355E-04  8.3084432400E+02 -8.3863748590E+02
 
1st Largest |L(A)| = 4.6377058216E-04, atom C31     
2nd Largest |L(A)| = 3.9099452843E-04, atom C26     
 
Molecular charge q(Mol) from the wfn file:   0.0000000000E+00
Molecular energy E(Mol) from the wfn file:  -8.3863739297E+02
Molecular virial ratio (-V(Mol)/T(Mol)) from the wfn file:   2.0093798100E+00
Note.  K_Scaled(A) = (1+V(Mol)/T(Mol))*K(A) = (E(Mol)/T(Mol))*K(A)
       Only use K_Scaled(A) data with caution.
 
N_AIMInt(SumA)     =        135.999617
N_Analytic(Mol)    =        135.999981
 
G_AIMInt(SumA)     =        830.843908
G_Analytic(Mol)    =        830.844186
 
K_AIMInt(SumA)     =        830.844324
K_Analytic(Mol)    =        830.844186
 
L_AIMInt(SumA)     =          0.000416
L_Analytic(Mol)    =          0.000000
 
VenT_AIMInt(SumA)  =      -4705.408219
VenT_Analytic(Mol) =      -4705.413442
 
Some Information About the Atomic Calculations:
----------------------------------------------
  Time(sec) = "Elapsed User Time", in Seconds, for Atom A by AIMInt and, if used, by TWOe
  NProc = Number of Processors Used for AIMInt Job
  BIM = Basin Integration Method
  OAQ = Angular Quadrature Outside of Beta Sphere
  ORQ = Multiple of Default for Radial Quadrature Outside of Beta Sphere
  IAQ = Multiple of Default for Angular Quadrature Inside of Beta Sphere
  IRQ = Multiple of Default for Radial Quadrature Inside of Beta Sphere
  MIR = Maximum Integration Radius
------------------------------------------------------------------------------------------------------
Atom A     Time(sec)   NProc      BIM          OAQ                     ORQ      IAQ      IRQ      MIR
------------------------------------------------------------------------------------------------------
C1             80        8     Proaim(5)    4500(GS4)                  1.00     1.00     1.00    13.00
C2             65        8     Proaim(5)    4500(GS4)                  1.00     1.00     1.00    13.00
C3             76        8     Proaim(5)    4500(GS4)                  1.00     1.00     1.00    13.00
H4             14        8     Proaim(5)    1800(GS4)                  1.00     1.00     1.00    13.00
C5             85        8     Proaim(5)    4500(GS4)                  1.00     1.00     1.00    13.00
H6             15        8     Proaim(5)    1800(GS4)                  1.00     1.00     1.00    13.00
N7             33        8     Proaim(5)    4500(GS4)                  1.00     1.00     1.00    13.00
N8             48        8     Proaim(5)    4500(GS4)                  1.00     1.00     1.00    13.00
N9             33        8     Proaim(5)    4500(GS4)                  1.00     1.00     1.00    13.00
N10            26        8     Proaim(5)    4500(GS4)                  1.00     1.00     1.00    13.00
C11            56        8     Proaim(5)    5400(GS5)                  1.00     1.00     1.00    13.00
H12            12        8     Proaim(5)    1800(GS4)                  1.00     1.00     1.00    13.00
H13            11        8     Proaim(5)    1800(GS4)                  1.00     1.00     1.00    13.00
C14            59        8     Proaim(5)    4500(GS4)                  1.00     1.00     1.00    13.00
H15            19        8     Proaim(5)    4500(GS4)                  1.00     1.00     1.00    13.00
H16            13        8     Proaim(5)    1800(GS4)                  1.00     1.00     1.00    13.00
C17            44        8     Proaim(5)    4500(GS4)                  1.00     1.00     1.00    13.00
H18             8        8     Proaim(5)    1800(GS4)                  1.00     1.00     1.00    13.00
H19            10        8     Proaim(5)    1800(GS4)                  1.00     1.00     1.00    13.00
C20            46        8     Proaim(5)    4500(GS4)                  1.00     1.00     1.00    13.00
H21             8        8     Proaim(5)    1800(GS4)                  1.00     1.00     1.00    13.00
H22            10        8     Proaim(5)    1800(GS4)                  1.00     1.00     1.00    13.00
C23            44        8     Proaim(5)    4500(GS4)                  1.00     1.00     1.00    13.00
H24             9        8     Proaim(5)    1800(GS4)                  1.00     1.00     1.00    13.00
H25            11        8     Proaim(5)    1800(GS4)                  1.00     1.00     1.00    13.00
C26            48        8     Proaim(5)    4500(GS4)                  1.00     1.00     1.00    13.00
H27             8        8     Proaim(5)    1800(GS4)                  1.00     1.00     1.00    13.00
H28            11        8     Proaim(5)    1800(GS4)                  1.00     1.00     1.00    13.00
O29            40        8     Proaim(5)    4500(GS4)                  1.00     1.00     1.00    13.00
O30            40        8     Proaim(5)    4500(GS4)                  1.00     1.00     1.00    13.00
C31            40        8     Proaim(5)    4500(GS4)                  1.00     1.00     1.00    13.00
H32             8        8     Proaim(5)    1800(GS4)                  1.00     1.00     1.00    13.00
H33             7        8     Proaim(5)    1800(GS4)                  1.00     1.00     1.00    13.00
H34            13        8     Proaim(5)    1800(GS4)                  1.00     1.00     1.00    13.00
C35            36        8     Proaim(5)    4500(GS4)                  1.00     1.00     1.00    13.00
H36             7        8     Proaim(5)    1800(GS4)                  1.00     1.00     1.00    13.00
H37            12        8     Proaim(5)    1800(GS4)                  1.00     1.00     1.00    13.00
H38             9        8     Proaim(5)    1800(GS4)                  1.00     1.00     1.00    13.00
------------------------------------------------------------------------------------------------------
Total        1114
Note:  Total wall clock time is less than total of atomic times if more than one atom
       was calculated at a time
 
Electron Density Critical Point Analysis of Molecular Structure:               
---------------------------------------------------------------                
  NACP = Nuclear Attractor Critical Point                                      
  NNACP = Non-Nuclear Attractor Critical Point                                 
  BCP = Bond Critical Point                                                    
  RCP = Ring Critical Point                                                    
  CCP = Cage Critical Point                                                    
  Rho = Electron Density                                                       
  GradRho = Gradient of Electron Density                                       
  HessRho_EigVals = Eigenvalues of the Hessian of Rho, Ascending Order         
  HessRho_EigVecs = Eigenvectors of the Hessian of Rho                         
  DelSqRho = Laplacian of Rho = Trace of Hessian of Rho                        
  Bond Ellipticity = (HessRho_EigVal(1) / HessRho_EigVal(2)) - 1               
  V = Virial Field = Potential Energy Density = Trace of Stress Tensor         
  G = Lagrangian Form of Kinetic Energy Density                                
  K = Hamiltonian Form of Kinetic Energy Density                               
  L = K - G = Lagrangian Density = (-1/4)DelSqRho                              
  Vnuc = Electrostatic Potential from Nuclei                                   
  Ven = Electron-nuclear attractive contribution to Virial Field V             
  Vrep = V - Ven = Repulsive contribution to Virial Field V                    
  DelSqV = Laplacian of V                                                      
  DelSqVen = Laplacian of Ven                                                  
  DelSqVrep = Laplacian of Vrep                                                
  DelSqG = Laplacian of G                                                      
  DelSqK = Laplacian of K                                                      
  Stress_EigVals = Eigenvalues of Stress Tensor, Ascending Order               
  Stress_EigVecs = Eigenvectors of Stress Tensor                               
  -DivStress = Ehrenfest Force Density = Minus Divergence of Stress Tensor     
  ESP = Total Electrostatic Potential                                          
  ESPe = Electrostatic Potential from Electrons                                
  ESPn = Electrostatic Potential from Nuclei                                   
  BP = Bond Path                                                               
  BPL = Bond Path Length                                                       
  GBL = Geometric Bond Length                                                  
  GBL_I = Distance Between Nuclear Attractors                                  
  GBL_II = Distance Between Nuclei                                             
  GBL_III = Sum of Distances Between BCP and Nuclear Attractors                
  GBL_IV = Sum of Distances Between BCP and Nuclei                             

CP# 1      Coords =  4.26549085309638E+00 -2.36908233928971E+00  1.81513859175204E-01
           Type = (3,-3) NACP C1
           Rho =  1.1752574907E+02     Rho at Nucleus =  1.1752574771E+02
           GradRho =  1.0577330678E-11 -5.8882898557E-12  9.0771834493E-13
           HessRho_EigVals = -1.4476528113E+05 -1.4476524831E+05 -1.4476444200E+05
           HessRho_EigVec1 =  3.4521581538E-01  9.2596107086E-01 -1.5304292227E-01
           HessRho_EigVec2 =  9.3293501805E-01 -3.5633564020E-01 -5.1547682953E-02
           HessRho_EigVec3 =  1.0226579539E-01  1.2498402605E-01  9.8687420694E-01
           DelSqRho = -4.3429497144E+05
           Bond Ellipticity = NA
           V = -1.0858401193E+05
           G =  5.1345365730E+00
           K =  1.0857887740E+05
           L =  1.0857374286E+05
           Vnuc =  1.3851903094E+06
           Ven = -1.6279552872E+08
           Vrep =  1.6268694470E+08
           DelSqV =  2.4911023110E+09
           DelSqVen =  6.0158117888E+11
           DelSqVrep = -5.9909007657E+11
           DelSqG =  1.3375868399E+08
           DelSqK = -2.6248609950E+09
           Stress_EigVals = -3.6194922759E+04 -3.6194688490E+04 -3.6194400684E+04
           Stress_EigVec1 =  9.9998482616E-02  1.3425143198E-01  9.8588886619E-01
           Stress_EigVec2 = -1.9212000945E-02  9.9093123830E-01 -1.3298939799E-01
           Stress_EigVec3 =  9.9480209212E-01  5.6421598265E-03 -1.0167085885E-01
           -DivStress = -7.2424621419E+01  3.4826090569E+03 -3.4927931143E+02
           ESP =  -1.4604721304E+01     ESP at Nucleus =  -1.4604721387E+01
           ESPe = -3.8322410339E+01     ESPe at Nucleus = -3.8322413619E+01
           ESPn =  2.3717689034E+01     ESPn at Nucleus =  2.3717692232E+01

CP# 2      Coords =  4.01542052906997E+00  2.40869781490496E+00 -2.23016345834976E-01
           Type = (3,-3) NACP C2
           Rho =  1.1752733723E+02     Rho at Nucleus =  1.1752733585E+02
           GradRho = -6.4411809220E-12 -2.7341462427E-11  5.5511151231E-14
           HessRho_EigVals = -1.4476796433E+05 -1.4476790688E+05 -1.4476711572E+05
           HessRho_EigVec1 = -3.0817276153E-01  9.4742225885E-01 -8.6142976970E-02
           HessRho_EigVec2 =  9.4654204726E-01  2.9628830161E-01 -1.2755937875E-01
           HessRho_EigVec3 =  9.5329438409E-02  1.2084827579E-01  9.8808298863E-01
           DelSqRho = -4.3430298693E+05
           Bond Ellipticity = NA
           V = -1.0858601979E+05
           G =  5.1365279465E+00
           K =  1.0858088326E+05
           L =  1.0857574673E+05
           Vnuc =  1.3748302680E+06
           Ven = -1.6158014054E+08
           Vrep =  1.6147155452E+08
           DelSqV =  2.4911489136E+09
           DelSqVen =  5.9709289574E+11
           DelSqVrep = -5.9460174683E+11
           DelSqG =  1.3376182130E+08
           DelSqK = -2.6249107349E+09
           Stress_EigVals = -3.6195592832E+04 -3.6195353840E+04 -3.6195073115E+04
           Stress_EigVec1 =  9.2466528371E-02  1.3067095793E-01  9.8710437234E-01
           Stress_EigVec2 = -9.3524153902E-02  9.8810865847E-01 -1.2204307314E-01
           Stress_EigVec3 =  9.9131386239E-01  8.1033201950E-02 -1.0358786808E-01
           -DivStress =  3.4361032228E+02 -3.4951649076E+03  3.2978297231E+02
           ESP =  -1.4604721977E+01     ESP at Nucleus =  -1.4604722061E+01
           ESPe = -3.8527405978E+01     ESPe at Nucleus = -3.8527408942E+01
           ESPn =  2.3922684001E+01     ESPn at Nucleus =  2.3922686881E+01

CP# 3      Coords = -2.25885359403087E+00  1.02686177053442E+00  4.32779856309050E-01
           Type = (3,-3) NACP C3
           Rho =  1.1773046003E+02     Rho at Nucleus =  1.1773045988E+02
           GradRho =  1.7431563137E-10  6.5211658296E-10 -8.6160800716E-11
           HessRho_EigVals = -1.4508423825E+05 -1.4508345117E+05 -1.4508303390E+05
           HessRho_EigVec1 =  9.6892884998E-01 -2.4422207534E-01  3.9146667735E-02
           HessRho_EigVec2 = -4.7196258858E-02 -2.7193552545E-02  9.9851540992E-01
           HessRho_EigVec3 =  2.4279496870E-01  9.6933796409E-01  3.7874985881E-02
           DelSqRho = -4.3525072332E+05
           Bond Ellipticity = NA
           V = -1.0882292184E+05
           G =  5.1205023931E+00
           K =  1.0881780133E+05
           L =  1.0881268083E+05
           Vnuc =  4.1589760098E+06
           Ven = -4.8963815889E+08
           Vrep =  4.8952933596E+08
           DelSqV =  2.4966336701E+09
           DelSqVen =  1.8101973811E+12
           DelSqVrep = -1.8077008130E+12
           DelSqG =  1.3411835562E+08
           DelSqK = -2.6307520257E+09
           Stress_EigVals = -3.6274563487E+04 -3.6274392577E+04 -3.6273965772E+04
           Stress_EigVec1 =  9.0964414139E-02  9.7875479966E-01  1.8375123811E-01
           Stress_EigVec2 = -1.7572475701E-02 -1.8290992362E-01  9.8297261810E-01
           Stress_EigVec3 =  9.9569909283E-01 -9.2644492487E-02  5.6085089177E-04
           -DivStress = -2.9510181476E+02 -1.1223291986E+03  1.7060635809E+02
           ESP =  -1.4755171546E+01     ESP at Nucleus =  -1.4755171564E+01
           ESPe = -3.7472193304E+01     ESPe at Nucleus = -3.7472194198E+01
           ESPn =  2.2717021758E+01     ESPn at Nucleus =  2.2717022634E+01

CP# 4      Coords = -2.40970999703314E+00  1.71835362129573E+00  2.33636714324210E+00
           Type = (3,-3) NACP H4
           Rho =  4.2884313510E-01     Rho at Nucleus =  4.2536385957E-01
           GradRho =  1.4795448070E-11 -7.3197276419E-11 -2.0462746645E-10
           HessRho_EigVals = -6.5529850743E+00 -6.5450397388E+00 -5.9693777188E+00
           HessRho_EigVec1 = -1.1355313656E-01  9.3263945569E-01 -3.4247529965E-01
           HessRho_EigVec2 =  9.9103107746E-01  1.3076755576E-01  2.7518173605E-02
           HessRho_EigVec3 = -7.0449192296E-02  3.3627889029E-01  9.3912375076E-01
           DelSqRho = -1.9067402532E+01
           Bond Ellipticity = NA
           V = -4.7765712296E+00
           G =  4.8602983291E-03
           K =  4.7717109313E+00
           L =  4.7668506330E+00
           Vnuc =  5.1979882029E+01
           Ven = -2.2291215571E+01
           Vrep =  1.7514644342E+01
           DelSqV =  7.1926038408E+02
           DelSqVen =  9.9112133459E+02
           DelSqVrep = -2.7186095051E+02
           DelSqG =  7.1001058433E+01
           DelSqK = -7.9026144251E+02
           Stress_EigVals = -1.6414902343E+00 -1.6405466709E+00 -1.4945343245E+00
           Stress_EigVec1 = -8.7141183426E-02  9.3523713523E-01 -3.4312958927E-01
           Stress_EigVec2 =  9.9386333219E-01  1.0517461058E-01  3.4263365596E-02
           Stress_EigVec3 = -6.8132892812E-02  3.3803816674E-01  9.3866293564E-01
           -DivStress = -5.1478424575E-01  2.5928289477E+00  7.2423050154E+00
           ESP =  -1.1197229949E+00     ESP at Nucleus =  -1.1220403629E+00
           ESPe = -2.3449932507E+01     ESPe at Nucleus = -2.3353798060E+01
           ESPn =  2.2330209512E+01     ESPn at Nucleus =  2.2231757697E+01

CP# 5      Coords = -2.41345003221287E+00 -1.46840790385796E+00  4.47679739321330E-02
           Type = (3,-3) NACP C5
           Rho =  1.1772699140E+02     Rho at Nucleus =  1.1772699124E+02
           GradRho =  7.5364214869E-11 -7.2197792189E-10  1.3328271820E-10
           HessRho_EigVals = -1.4507886198E+05 -1.4507807898E+05 -1.4507766336E+05
           HessRho_EigVec1 =  9.8795733184E-01  9.6352080023E-02  1.2106439253E-01
           HessRho_EigVec2 = -1.1787720488E-01 -3.8131400878E-02  9.9229580309E-01
           HessRho_EigVec3 = -1.0022611951E-01  9.9461664622E-01  2.6314483193E-02
           DelSqRho = -4.3523460433E+05
           Bond Ellipticity = NA
           V = -1.0881889115E+05
           G =  5.1200330619E+00
           K =  1.0881377111E+05
           L =  1.0880865108E+05
           Vnuc =  4.0433593733E+06
           Ven = -4.7601253415E+08
           Vrep =  4.7590371526E+08
           DelSqV =  2.4965403936E+09
           DelSqVen =  1.7598099292E+12
           DelSqVrep = -1.7573133888E+12
           DelSqG =  1.3411231413E+08
           DelSqK = -2.6306527077E+09
           Stress_EigVals = -3.6273220189E+04 -3.6273048077E+04 -3.6272622881E+04
           Stress_EigVec1 =  2.5391239701E-02  9.8126350148E-01  1.9099011916E-01
           Stress_EigVec2 = -1.7212547521E-01 -1.8390706358E-01  9.6775565757E-01
           Stress_EigVec3 =  9.8474773710E-01 -5.7446780893E-02  1.6423081816E-01
           -DivStress = -6.8702380034E+01  1.1816652820E+03 -2.3571955517E+02
           ESP =  -1.4754749476E+01     ESP at Nucleus =  -1.4754749494E+01
           ESPe = -3.7222602771E+01     ESPe at Nucleus = -3.7222604099E+01
           ESPn =  2.2467853295E+01     ESPn at Nucleus =  2.2467854605E+01

CP# 6      Coords = -2.35198317564877E+00 -2.15161921853652E+00 -1.86657158760089E+00
           Type = (3,-3) NACP H6
           Rho =  4.2877123285E-01     Rho at Nucleus =  4.2528272507E-01
           GradRho = -1.1113636920E-11  9.8334584833E-11  2.7864381072E-10
           HessRho_EigVals = -6.5519690115E+00 -6.5439560960E+00 -5.9675592106E+00
           HessRho_EigVec1 =  3.0736946292E-01  9.0087918821E-01 -3.0649747392E-01
           HessRho_EigVec2 =  9.5094741875E-01 -2.7895584768E-01  1.3372599532E-01
           HessRho_EigVec3 = -3.4971703452E-02  3.3256626904E-01  9.4243124771E-01
           DelSqRho = -1.9063484318E+01
           Bond Ellipticity = NA
           V = -4.7755862288E+00
           G =  4.8575746331E-03
           K =  4.7707286542E+00
           L =  4.7658710795E+00
           Vnuc =  5.2052243749E+01
           Ven = -2.2318504725E+01
           Vrep =  1.7542918496E+01
           DelSqV =  7.1907001304E+02
           DelSqVen =  9.9229713295E+02
           DelSqVrep = -2.7322711992E+02
           DelSqG =  7.0984528025E+01
           DelSqK = -7.9005454106E+02
           Stress_EigVals = -1.6412286791E+00 -1.6402801707E+00 -1.4940773790E+00
           Stress_EigVec1 =  2.7924595637E-01  9.0819502217E-01 -3.1177475453E-01
           Stress_EigVec2 =  9.5951069806E-01 -2.5144717141E-01  1.2693912042E-01
           Stress_EigVec3 = -3.6890597143E-02  3.3459844844E-01  9.4163844555E-01
           -DivStress =  2.9844278937E-01 -2.5701750425E+00 -7.2726454347E+00
           ESP =  -1.1196200135E+00     ESP at Nucleus =  -1.1219400925E+00
           ESPe = -2.3564898312E+01     ESPe at Nucleus = -2.3473809540E+01
           ESPn =  2.2445278298E+01     ESPn at Nucleus =  2.2351869448E+01

CP# 7      Coords =  3.93769842077409E+00  1.07384604515321E+00 -2.37836752878331E+00
           Type = (3,-3) NACP N7
           Rho =  1.9137867797E+02     Rho at Nucleus =  1.9137864379E+02
           GradRho = -5.7284108013E-11  5.5462023862E-12  4.0798031620E-11
           HessRho_EigVals = -3.2204861338E+05 -3.2204833436E+05 -3.2203847547E+05
           HessRho_EigVec1 =  9.2729585041E-01  3.6894951510E-01  6.3234967529E-02
           HessRho_EigVec2 = -3.6870087030E-01  8.7104254153E-01  3.2456826569E-01
           HessRho_EigVec3 =  6.4668957413E-02 -3.2428559351E-01  9.4374614160E-01
           DelSqRho = -9.6613542322E+05
           Bond Ellipticity = NA
           V = -2.4156654620E+05
           G =  1.6345198993E+01
           K =  2.4155020100E+05
           L =  2.4153385580E+05
           Vnuc =  4.8052765865E+05
           Ven = -9.1962748039E+07
           Vrep =  9.1721181493E+07
           DelSqV =  7.5847481530E+09
           DelSqVen =  4.6425479245E+11
           DelSqVrep = -4.5667004429E+11
           DelSqG =  4.0653297995E+08
           DelSqK = -7.9912811330E+09
           Stress_EigVals = -8.0523623819E+04 -8.0521621606E+04 -8.0521300777E+04
           Stress_EigVec1 =  6.3332124153E-02 -2.9671874329E-01  9.5286254488E-01
           Stress_EigVec2 = -9.0938911729E-02  9.4909134911E-01  3.0158866919E-01
           Stress_EigVec3 =  9.9384060914E-01  1.0575253390E-01 -3.3124691549E-02
           -DivStress = -2.7389413724E+03  1.7660257356E+04 -3.1183053831E+04
           ESP =  -1.8303120005E+01     ESP at Nucleus =  -1.8303121574E+01
           ESPe = -4.0050872738E+01     ESPe at Nucleus = -4.0050840749E+01
           ESPn =  2.1747752733E+01     ESPn at Nucleus =  2.1747719175E+01

CP# 8      Coords =  4.06190580598423E+00 -1.40263854120735E+00 -2.15609464193126E+00
           Type = (3,-3) NACP N8
           Rho =  1.9132825176E+02     Rho at Nucleus =  1.9132822027E+02
           GradRho =  6.4346306061E-12  1.4950152227E-11  6.0811744529E-11
           HessRho_EigVals = -3.2196418040E+05 -3.2196403809E+05 -3.2195428407E+05
           HessRho_EigVec1 =  7.2129675352E-01 -6.1452481231E-01  3.1951564661E-01
           HessRho_EigVec2 =  6.9215081120E-01  6.2243535933E-01 -3.6537854071E-01
           HessRho_EigVec3 =  2.5656342844E-02  4.8469936921E-01  8.7430445130E-01
           DelSqRho = -9.6588250256E+05
           Bond Ellipticity = NA
           V = -2.4150346271E+05
           G =  1.6418532205E+01
           K =  2.4148704417E+05
           L =  2.4147062564E+05
           Vnuc =  5.0052599952E+05
           Ven = -9.5764764450E+07
           Vrep =  9.5523260987E+07
           DelSqV =  7.5827761410E+09
           DelSqVen =  4.8344930502E+11
           DelSqVrep = -4.7586652895E+11
           DelSqG =  4.0642767028E+08
           DelSqK = -7.9892038113E+09
           Stress_EigVals = -8.0502579348E+04 -8.0500580955E+04 -8.0500302402E+04
           Stress_EigVec1 =  2.6608901377E-02  4.6630108101E-01  8.8422580160E-01
           Stress_EigVec2 = -1.3572065654E-02  8.8462598902E-01 -4.6610369938E-01
           Stress_EigVec3 =  9.9955378315E-01 -4.0173673660E-04 -2.9867594583E-02
           -DivStress = -8.2675517493E+02 -2.1735767757E+04 -2.6774555229E+04
           ESP =  -1.8301409564E+01     ESP at Nucleus =  -1.8301411009E+01
           ESPe = -4.0185302167E+01     ESPe at Nucleus = -4.0185273401E+01
           ESPn =  2.1883892602E+01     ESPn at Nucleus =  2.1883862392E+01

CP# 9      Coords =  4.37203751840147E+00  1.44964492428166E+00  2.09833792983667E+00
           Type = (3,-3) NACP N9
           Rho =  1.9132971816E+02     Rho at Nucleus =  1.9132968662E+02
           GradRho = -6.6127825438E-11 -2.2923440923E-11 -4.9142023784E-11
           HessRho_EigVals = -3.2196738534E+05 -3.2196721330E+05 -3.2195745379E+05
           HessRho_EigVec1 =  6.4983679260E-01  6.2326481346E-01 -4.3503231523E-01
           HessRho_EigVec2 =  7.5204093718E-01 -6.1023035293E-01  2.4910508861E-01
           HessRho_EigVec3 =  1.1021148668E-01  4.8903976185E-01  8.6527078972E-01
           DelSqRho = -9.6589205242E+05
           Bond Ellipticity = NA
           V = -2.4150585242E+05
           G =  1.6419658280E+01
           K =  2.4148943276E+05
           L =  2.4147301311E+05
           Vnuc =  5.0017063213E+05
           Ven = -9.5697506076E+07
           Vrep =  9.5456000223E+07
           DelSqV =  7.5828518959E+09
           DelSqVen =  4.8311083898E+11
           DelSqVrep = -4.7552798708E+11
           DelSqG =  4.0643264555E+08
           DelSqK = -7.9892845414E+09
           Stress_EigVals = -8.0503378778E+04 -8.0501379943E+04 -8.0501093702E+04
           Stress_EigVec1 =  1.1315796782E-01  4.7105136554E-01  8.7481762976E-01
           Stress_EigVec2 = -1.6872566081E-01  8.7679493804E-01 -4.5029133681E-01
           Stress_EigVec3 =  9.7914601858E-01  9.6650130068E-02 -1.7869478631E-01
           -DivStress =  2.6663976938E+03  2.1802291449E+04  2.6632624608E+04
           ESP =  -1.8301370705E+01     ESP at Nucleus =  -1.8301372150E+01
           ESPe = -4.0017286000E+01     ESPe at Nucleus = -4.0017256690E+01
           ESPn =  2.1715915295E+01     ESPn at Nucleus =  2.1715884540E+01

CP# 10     Coords =  4.51072544897167E+00 -1.02588572450527E+00  2.31974895767088E+00
           Type = (3,-3) NACP N10
           Rho =  1.9138014255E+02     Rho at Nucleus =  1.9138010823E+02
           GradRho =  7.6488634870E-11  3.1713298654E-11 -5.0286594333E-11
           HessRho_EigVals = -3.2205033177E+05 -3.2205003969E+05 -3.2204015491E+05
           HessRho_EigVec1 =  9.2950270554E-01 -2.7272780683E-01 -2.4828262882E-01
           HessRho_EigVec2 =  3.3435791992E-01  9.0724239917E-01  2.5517838963E-01
           HessRho_EigVec3 =  1.5565828528E-01 -3.2020426688E-01  9.3447296681E-01
           DelSqRho = -9.6614052637E+05
           Bond Ellipticity = NA
           V = -2.4156781430E+05
           G =  1.6341353749E+01
           K =  2.4155147295E+05
           L =  2.4153513159E+05
           Vnuc =  4.7949398667E+05
           Ven = -9.1765627519E+07
           Vrep =  9.1524059705E+07
           DelSqV =  7.5847866360E+09
           DelSqVen =  4.6325857248E+11
           DelSqVrep = -4.5567378578E+11
           DelSqG =  4.0653404450E+08
           DelSqK = -7.9913206805E+09
           Stress_EigVals = -8.0524051201E+04 -8.0522043793E+04 -8.0521719306E+04
           Stress_EigVec1 =  1.5650661657E-01 -2.9260836372E-01  9.4333770435E-01
           Stress_EigVec2 =  6.6503463433E-02  9.5606201315E-01  2.8552183167E-01
           Stress_EigVec3 =  9.8543542067E-01 -1.8049168694E-02 -1.6908950053E-01
           -DivStress =  5.1851708755E+03 -1.7612079972E+04  3.0986821788E+04
           ESP =  -1.8303443711E+01     ESP at Nucleus =  -1.8303445287E+01
           ESPe = -3.9673521349E+01     ESPe at Nucleus = -3.9673487654E+01
           ESPn =  2.1370077638E+01     ESPn at Nucleus =  2.1370042367E+01

CP# 11     Coords = -3.58970280103448E+00 -3.19478852766451E+00  1.94975461156955E+00
           Type = (3,-3) NACP C11
           Rho =  1.1754547272E+02     Rho at Nucleus =  1.1754547265E+02
           GradRho = -7.2692296627E-11  1.1479840689E-10 -1.9156926045E-10
           HessRho_EigVals = -1.4484557585E+05 -1.4484536564E+05 -1.4484510895E+05
           HessRho_EigVec1 =  9.7883625302E-01  1.5921742675E-01 -1.2856671732E-01
           HessRho_EigVec2 =  1.9055846907E-01 -4.8007638931E-01  8.5627923617E-01
           HessRho_EigVec3 = -7.4612731126E-02  8.6265663589E-01  5.0025640316E-01
           DelSqRho = -4.3453605044E+05
           Bond Ellipticity = NA
           V = -1.0864435531E+05
           G =  5.1713478404E+00
           K =  1.0863918396E+05
           L =  1.0863401261E+05
           Vnuc =  6.0427610838E+06
           Ven = -7.1029920816E+08
           Vrep =  7.1019056380E+08
           DelSqV =  2.4925431913E+09
           DelSqVen =  2.6257970954E+12
           DelSqVrep = -2.6233045522E+12
           DelSqG =  1.3388803976E+08
           DelSqK = -2.6264312311E+09
           Stress_EigVals = -3.6214873734E+04 -3.6214797052E+04 -3.6214684520E+04
           Stress_EigVec1 = -9.7715389348E-02  8.7537054203E-01  4.7347451551E-01
           Stress_EigVec2 =  2.0974215645E-01 -4.4695211303E-01  8.6962177782E-01
           Stress_EigVec3 =  9.7286172218E-01  1.8428299651E-01 -1.3992800544E-01
           -DivStress =  2.2987890810E+02 -3.3460757073E+02  6.9807801491E+02
           ESP =  -1.4741116335E+01     ESP at Nucleus =  -1.4741116336E+01
           ESPe = -3.4754977475E+01     ESPe at Nucleus = -3.4754976078E+01
           ESPn =  2.0013861140E+01     ESPn at Nucleus =  2.0013859742E+01

CP# 12     Coords = -2.88561034892116E+00 -5.10901265124407E+00  1.88498229155227E+00
           Type = (3,-3) NACP H12
           Rho =  4.2866011694E-01     Rho at Nucleus =  4.2528564823E-01
           GradRho = -1.5586492763E-11  4.1797698115E-11  1.1650160003E-12
           HessRho_EigVals = -6.5321646460E+00 -6.5315850249E+00 -5.9646585854E+00
           HessRho_EigVec1 = -9.3303788363E-01 -3.4976801404E-01  8.4277185894E-02
           HessRho_EigVec2 =  8.8039702785E-02  5.1589362995E-03  9.9610360712E-01
           HessRho_EigVec3 = -3.4883996107E-01  9.3682213986E-01  2.5979988993E-02
           DelSqRho = -1.9028408256E+01
           Bond Ellipticity = NA
           V = -4.7668845316E+00
           G =  4.8912337342E-03
           K =  4.7619932978E+00
           L =  4.7571020641E+00
           Vnuc =  4.9684420004E+01
           Ven = -2.1297729289E+01
           Vrep =  1.6530844758E+01
           DelSqV =  7.1795927090E+02
           DelSqVen =  9.4541542790E+02
           DelSqVrep = -2.2745615700E+02
           DelSqG =  7.0741874772E+01
           DelSqK = -7.8870114567E+02
           Stress_EigVals = -1.6368281914E+00 -1.6365973017E+00 -1.4934590384E+00
           Stress_EigVec1 = -9.3065495569E-01 -3.4226217496E-01 -1.2937525665E-01
           Stress_EigVec2 = -1.1224959998E-01 -6.9471288380E-02  9.9124859011E-01
           Stress_EigVec3 = -3.4825476414E-01  9.3703273352E-01  2.6235006583E-02
           -DivStress =  2.6482534799E+00 -7.0987246810E+00 -1.9806793790E-01
           ESP =  -1.1296252773E+00     ESP at Nucleus =  -1.1318371059E+00
           ESPe = -2.0730241913E+01     ESPe at Nucleus = -2.0642895178E+01
           ESPn =  1.9600616636E+01     ESPn at Nucleus =  1.9511058072E+01

CP# 13     Coords = -3.28321995983746E+00 -2.48861073739597E+00  3.83979234518568E+00
           Type = (3,-3) NACP H13
           Rho =  4.2761943820E-01     Rho at Nucleus =  4.2421889919E-01
           GradRho = -4.3821474227E-12 -9.6947155165E-12 -2.6350270924E-11
           HessRho_EigVals = -6.5094186371E+00 -6.5084043652E+00 -5.9411909567E+00
           HessRho_EigVec1 =  7.7727133421E-01  5.3743463143E-01 -3.2712885833E-01
           HessRho_EigVec2 =  6.1001423934E-01 -7.7104479887E-01  1.8268154242E-01
           HessRho_EigVec3 =  1.5405161736E-01  3.4154638790E-01  9.2715379744E-01
           DelSqRho = -1.8959013959E+01
           Bond Ellipticity = NA
           V = -4.7494796960E+00
           G =  4.8631031453E-03
           K =  4.7446165929E+00
           L =  4.7397534897E+00
