AIMSum (Version 19.02.13, Professional)
Copyright (c) 1997-2019 by Todd A. Keith
AIMSum is a component of the AIMAll package ( http://aim.tkgristmill.com )

TP:  64-bit Linux

Much of the Quantum Theory of Atoms in Molecules (QTAIM) is described in the book:
  "Atoms in Molecules - A Quantum Theory"
  R.F.W. Bader, Oxford University Press, Oxford, 1990

For additional references see:  http://aim.tkgristmill.com/references.html

Wfn File:  /home/mhennefarth/Documents/ML_Diels/summary-liu2014/1_8-opt/1_8-opt.wfn
Sum File:  /home/mhennefarth/Documents/ML_Diels/summary-liu2014/1_8-opt/1_8-opt.sum

SumViz File:  /home/mhennefarth/Documents/ML_Diels/summary-liu2014/1_8-opt/1_8-opt.sumviz

Wfn Title:   Title Card Required                                                           
 
Total memory allocated for AIMSum =        1.436 Megabytes

Atomic units (a.u.) used throughout, except where stated otherwise

Model:  Restricted SCF
 
Restricted, closed-shell, single-determinant wavefunction.
  Number of electrons (from MO Occs)                   =         104.0000000000
  Number of Alpha electrons (from MO Occs)             =          52.0000000000
  Number of Beta electrons (from MO Occs)              =          52.0000000000
  Number of electron pairs (N*(N-1)/2)                 =        5356.0000000000
  Number of electron pairs (from Muller 2EDM)          =        5356.0000000000
 
Nuclear Charges and Cartesian Coordinates:
-------------------------------------------------------------------------------
Atom      Charge                X                  Y                  Z
-------------------------------------------------------------------------------
C1         6.0           2.3831141200E+00  -1.9043105600E+00  -3.9723427000E-01
C2         6.0          -2.3554321700E+00  -1.9273594400E+00   3.9659010000E-01
N3         7.0          -8.5022055000E-01  -2.0164595800E+00   2.4375577800E+00
N4         7.0           1.6035475700E+00  -2.0009621000E+00   2.0146207600E+00
N5         7.0          -1.5749651500E+00  -2.0162771700E+00  -2.0153140000E+00
N6         7.0           8.7881806000E-01  -2.0077871600E+00  -2.4382430500E+00
C7         6.0           3.1439331000E-01   4.5605917400E+00  -1.0891418400E+00
C8         6.0          -3.8120041000E-01   4.5562178000E+00   1.0905762300E+00
C9         6.0          -1.2253907900E+00   4.5646557100E+00   3.7224019000E+00
C10        6.0           1.1587254800E+00   4.5798518200E+00  -3.7208709600E+00
H11        1.0          -1.5792285600E+00   2.6394991400E+00   4.4039692200E+00
H12        1.0          -2.9795798800E+00   5.6467634200E+00   3.9446397500E+00
H13        1.0           1.5383287200E+00   2.6594765800E+00  -4.4020279200E+00
H14        1.0           2.8983510300E+00   5.6852302900E+00  -3.9430818100E+00
H15        1.0          -2.7432481000E-01   5.4156790600E+00  -4.9640388800E+00
H16        1.0           1.9655161000E-01   5.4197739200E+00   4.9651883700E+00
O17        8.0           4.8468686100E+00  -1.7605824400E+00  -9.1203939000E-01
O18        8.0          -4.8204001200E+00  -1.8073125800E+00   9.1143881000E-01
C19        6.0           6.5501150500E+00  -1.6041911600E+00   1.1944446500E+00
H20        1.0           6.4238862300E+00  -3.2970345200E+00   2.3729360900E+00
H21        1.0           8.4231022800E+00  -1.4484677400E+00   3.5015054000E-01
H22        1.0           6.1339057800E+00   5.7585410000E-02   2.3504740200E+00
C23        6.0          -6.5252449100E+00  -1.6676917900E+00  -1.1949259900E+00
H24        1.0          -6.3834810200E+00  -3.3599133600E+00  -2.3725353700E+00
H25        1.0          -8.3994853900E+00  -1.5288949800E+00  -3.5048126000E-01
H26        1.0          -6.1245115100E+00  -2.7195900000E-03  -2.3517774500E+00
 
Some Atomic Properties:
----------------------
  q(A) = Net Charge of Atom A
  L(A) = Lagrangian of Atom A = -(1/4) Times Atomic Integral of the Laplacian of the Electron Density
  K(A) = Electronic Kinetic Energy of Atom A (Hamiltonian Form)
  K_Scaled(A) = K(A) * E(Mol)/K(Mol) = Approximation to Virial-Based Total Energy of Atom A.
  |Mu_Intra(A)| = Magnitude of Intraatomic Dipole Moment of Atom A
--------------------------------------------------------------------------------------------------
Atom A          q(A)              L(A)              K(A)          K_Scaled(A)      |Mu_Intra(A)|
--------------------------------------------------------------------------------------------------
C1        1.6323335656E+00 -1.8453167985E-04  3.6777350879E+01 -3.7115484417E+01  2.0631391754E-01
C2        1.6326178296E+00  8.2100081513E-05  3.6777358903E+01 -3.7115492515E+01  2.0667823349E-01
N3       -5.4718255430E-01  1.1152931205E-04  5.4542661256E+01 -5.5044130302E+01  6.2867701355E-01
N4       -5.8590914990E-01 -2.3864439269E-06  5.4564977744E+01 -5.5066651969E+01  6.4070267744E-01
N5       -5.8581981970E-01  4.7317985157E-05  5.4564939376E+01 -5.5066613248E+01  6.4075516793E-01
N6       -5.4722774100E-01  4.9701998241E-05  5.4542593867E+01 -5.5044062293E+01  6.2871418947E-01
C7       -1.8374326900E-01  1.7479842732E-05  3.7787458222E+01 -3.8134878758E+01  7.6459214195E-02
C8       -1.8376202970E-01  1.0147036860E-05  3.7787488846E+01 -3.8134909664E+01  7.6364002209E-02
C9        4.1942532300E-02 -7.9879432837E-05  3.7637214490E+01 -3.7983253675E+01  2.3210397104E-01
C10       4.1939079700E-02 -9.2225847927E-05  3.7637204210E+01 -3.7983243300E+01  2.3206240467E-01
H11       6.5382145870E-02  1.5910299457E-05  5.8576684828E-01 -5.9115242969E-01  1.3663351282E-01
H12       4.0749283540E-02  1.8638060239E-05  5.9418464689E-01 -5.9964762212E-01  1.5004537633E-01
H13       6.5330722000E-02  1.5809677385E-05  5.8579748634E-01 -5.9118334944E-01  1.3662760007E-01
H14       4.0758665870E-02  2.6034949752E-05  5.9418551674E-01 -5.9964849997E-01  1.5001719468E-01
H15       4.0808249020E-02  2.0684204441E-05  5.9416025689E-01 -5.9962300788E-01  1.4996180764E-01
H16       4.0822736090E-02  2.4986517611E-05  5.9415781414E-01 -5.9962054267E-01  1.4995997137E-01
O17      -1.0997470239E+00  2.5311499078E-04  7.5279248103E+01 -7.5971370780E+01  2.4883860610E-01
O18      -1.0998260245E+00  2.0608679787E-04  7.5279296165E+01 -7.5971419284E+01  2.4889658454E-01
C19       4.2833793990E-01 -1.5317604663E-04  3.7427895686E+01 -3.7772010379E+01  6.2360005869E-01
H20       5.5776661230E-02  2.6774792875E-05  5.9661911061E-01 -6.0210446848E-01  1.4820900669E-01
H21       5.3047681350E-02  2.9069113547E-05  5.9916362598E-01 -6.0467237829E-01  1.4451519873E-01
H22       5.8242999290E-02  2.7700271687E-05  5.9542651734E-01 -6.0090091042E-01  1.4749813020E-01
C23       4.2854559080E-01  8.3193032309E-05  3.7427963181E+01 -3.7772078494E+01  6.2380506908E-01
H24       5.5741158830E-02  2.8580801774E-05  5.9663310469E-01 -6.0211859122E-01  1.4822134368E-01
H25       5.3033550310E-02  2.0739013207E-05  5.9916791210E-01 -6.0467670383E-01  1.4452948721E-01
H26       5.8306173880E-02  2.5533191497E-05  5.9540536830E-01 -6.0087956694E-01  1.4748022989E-01
--------------------------------------------------------------------------------------------------
Total     4.9895318000E-04  6.2893251981E-04  6.7516431914E+02 -6.8137182715E+02
 
1st Largest |L(A)| = 2.5311499078E-04, atom O17     
2nd Largest |L(A)| = 2.0608679787E-04, atom O18     
 
Molecular charge q(Mol) from the wfn file:   0.0000000000E+00
Molecular energy E(Mol) from the wfn file:  -6.8137176395E+02
Molecular virial ratio (-V(Mol)/T(Mol)) from the wfn file:   2.0091940700E+00
Note.  K_Scaled(A) = (1+V(Mol)/T(Mol))*K(A) = (E(Mol)/T(Mol))*K(A)
       Only use K_Scaled(A) data with caution.
 
N_AIMInt(SumA)     =        103.999501
N_Analytic(Mol)    =        103.999987
 
G_AIMInt(SumA)     =        675.163690
G_Analytic(Mol)    =        675.164220
 
K_AIMInt(SumA)     =        675.164319
K_Analytic(Mol)    =        675.164220
 
L_AIMInt(SumA)     =          0.000629
L_Analytic(Mol)    =          0.000000
 
VenT_AIMInt(SumA)  =      -3384.240453
VenT_Analytic(Mol) =      -3384.249611
 
Some Information About the Atomic Calculations:
----------------------------------------------
  Time(sec) = "Elapsed User Time", in Seconds, for Atom A by AIMInt and, if used, by TWOe
  NProc = Number of Processors Used for AIMInt Job
  BIM = Basin Integration Method
  OAQ = Angular Quadrature Outside of Beta Sphere
  ORQ = Multiple of Default for Radial Quadrature Outside of Beta Sphere
  IAQ = Multiple of Default for Angular Quadrature Inside of Beta Sphere
  IRQ = Multiple of Default for Radial Quadrature Inside of Beta Sphere
  MIR = Maximum Integration Radius
------------------------------------------------------------------------------------------------------
Atom A     Time(sec)   NProc      BIM          OAQ                     ORQ      IAQ      IRQ      MIR
------------------------------------------------------------------------------------------------------
C1             96        8     Proaim(5)    4500(GS4)                  1.00     1.00     1.00    13.00
C2            182        8     Proaim(5)    4500(GS4)                  1.00     1.00     1.00    13.00
N3            119        8    Promega(1)    4500(GS4)                  1.00     1.00     1.00    13.00
N4             33        8     Proaim(5)    4500(GS4)                  1.00     1.00     1.00    13.00
N5             34        8     Proaim(5)    4500(GS4)                  1.00     1.00     1.00    13.00
N6             52        8     Proaim(5)    4500(GS4)                  1.00     1.00     1.00    13.00
C7            130        8    Promega(1)    4500(GS4)                  1.00     1.00     1.00    13.00
C8            132        8    Promega(1)    4500(GS4)                  1.00     1.00     1.00    13.00
C9             30        8     Proaim(5)    4500(GS4)                  1.00     1.00     1.00    13.00
C10            66        8     Proaim(5)    4500(GS4)                  1.00     1.00     1.00    13.00
H11            18        8     Proaim(5)    4500(GS4)                  1.00     1.00     1.00    13.00
H12             6        8     Proaim(5)    1800(GS4)                  1.00     1.00     1.00    13.00
H13            37        8     Proaim(5)    4500(GS4)                  1.00     1.00     1.00    13.00
H14             6        8     Proaim(5)    1800(GS4)                  1.00     1.00     1.00    13.00
H15             7        8     Proaim(5)    1800(GS4)                  1.00     1.00     1.00    13.00
H16             7        8     Proaim(5)    1800(GS4)                  1.00     1.00     1.00    13.00
O17            28        8     Proaim(5)    4500(GS4)                  1.00     1.00     1.00    13.00
O18            29        8     Proaim(5)    4500(GS4)                  1.00     1.00     1.00    13.00
C19            29        8     Proaim(5)    4500(GS4)                  1.00     1.00     1.00    13.00
H20             8        8     Proaim(5)    1800(GS4)                  1.00     1.00     1.00    13.00
H21             6        8     Proaim(5)    1800(GS4)                  1.00     1.00     1.00    13.00
H22             8        8     Proaim(5)    1800(GS4)                  1.00     1.00     1.00    13.00
C23            30        8     Proaim(5)    4500(GS4)                  1.00     1.00     1.00    13.00
H24             7        8     Proaim(5)    1800(GS4)                  1.00     1.00     1.00    13.00
H25             6        8     Proaim(5)    1800(GS4)                  1.00     1.00     1.00    13.00
H26             9        8     Proaim(5)    1800(GS4)                  1.00     1.00     1.00    13.00
------------------------------------------------------------------------------------------------------
Total        1115
Note:  Total wall clock time is less than total of atomic times if more than one atom
       was calculated at a time
 
Electron Density Critical Point Analysis of Molecular Structure:               
---------------------------------------------------------------                
  NACP = Nuclear Attractor Critical Point                                      
  NNACP = Non-Nuclear Attractor Critical Point                                 
  BCP = Bond Critical Point                                                    
  RCP = Ring Critical Point                                                    
  CCP = Cage Critical Point                                                    
  Rho = Electron Density                                                       
  GradRho = Gradient of Electron Density                                       
  HessRho_EigVals = Eigenvalues of the Hessian of Rho, Ascending Order         
  HessRho_EigVecs = Eigenvectors of the Hessian of Rho                         
  DelSqRho = Laplacian of Rho = Trace of Hessian of Rho                        
  Bond Ellipticity = (HessRho_EigVal(1) / HessRho_EigVal(2)) - 1               
  V = Virial Field = Potential Energy Density = Trace of Stress Tensor         
  G = Lagrangian Form of Kinetic Energy Density                                
  K = Hamiltonian Form of Kinetic Energy Density                               
  L = K - G = Lagrangian Density = (-1/4)DelSqRho                              
  Vnuc = Electrostatic Potential from Nuclei                                   
  Ven = Electron-nuclear attractive contribution to Virial Field V             
  Vrep = V - Ven = Repulsive contribution to Virial Field V                    
  DelSqV = Laplacian of V                                                      
  DelSqVen = Laplacian of Ven                                                  
  DelSqVrep = Laplacian of Vrep                                                
  DelSqG = Laplacian of G                                                      
  DelSqK = Laplacian of K                                                      
  Stress_EigVals = Eigenvalues of Stress Tensor, Ascending Order               
  Stress_EigVecs = Eigenvectors of Stress Tensor                               
  -DivStress = Ehrenfest Force Density = Minus Divergence of Stress Tensor     
  ESP = Total Electrostatic Potential                                          
  ESPe = Electrostatic Potential from Electrons                                
  ESPn = Electrostatic Potential from Nuclei                                   
  BP = Bond Path                                                               
  BPL = Bond Path Length                                                       
  GBL = Geometric Bond Length                                                  
  GBL_I = Distance Between Nuclear Attractors                                  
  GBL_II = Distance Between Nuclei                                             
  GBL_III = Sum of Distances Between BCP and Nuclear Attractors                
  GBL_IV = Sum of Distances Between BCP and Nuclei                             

CP# 1      Coords =  2.38311832077293E+00 -1.90431041160866E+00 -3.97235062095052E-01
           Type = (3,-3) NACP C1
           Rho =  1.1752379748E+02     Rho at Nucleus =  1.1752379615E+02
           GradRho =  2.0310746141E-11 -1.6494028365E-12  1.3102956220E-12
           HessRho_EigVals = -1.4476247240E+05 -1.4476243984E+05 -1.4476164867E+05
           HessRho_EigVec1 =  9.1119774643E-01  3.6781442880E-01 -1.8555649508E-01
           HessRho_EigVec2 =  3.6308938850E-01 -9.2981374993E-01 -6.0103963283E-02
           HessRho_EigVec3 =  1.9464008544E-01  1.2606998435E-02  9.8079370957E-01
           DelSqRho = -4.3428656091E+05
           Bond Ellipticity = NA
           V = -1.0858191351E+05
           G =  5.1366413348E+00
           K =  1.0857677687E+05
           L =  1.0857164023E+05
           Vnuc =  1.4027509707E+06
           Ven = -1.6485662099E+08
           Vrep =  1.6474803908E+08
           DelSqV =  2.4910538950E+09
           DelSqVen =  6.0919589990E+11
           DelSqVrep = -6.0670484499E+11
           DelSqG =  1.3375569961E+08
           DelSqK = -2.6248095946E+09
           Stress_EigVals = -3.6194219780E+04 -3.6193991354E+04 -3.6193702377E+04
           Stress_EigVec1 =  2.0409875994E-01  8.3617525613E-03  9.7891459142E-01
           Stress_EigVec2 =  9.7707832854E-01  6.0070349584E-02 -2.0422902097E-01
           Stress_EigVec3 = -6.0511454259E-02  9.9815912268E-01  4.0901966430E-03
           -DivStress = -3.3946168646E+03 -1.2282578619E+02  6.4203350636E+02
           ESP =  -1.4601699405E+01     ESP at Nucleus =  -1.4601699486E+01
           ESPe = -3.5746121186E+01     ESPe at Nucleus = -3.5746124271E+01
           ESPn =  2.1144421781E+01     ESPn at Nucleus =  2.1144424785E+01

CP# 2      Coords = -2.35543637190597E+00 -1.92735933075276E+00  3.96590891541923E-01
           Type = (3,-3) NACP C2
           Rho =  1.1752384411E+02     Rho at Nucleus =  1.1752384278E+02
           GradRho =  5.2991257216E-12  1.4817758132E-11 -2.1224758062E-12
           HessRho_EigVals = -1.4476253958E+05 -1.4476250713E+05 -1.4476171585E+05
           HessRho_EigVec1 = -9.1384272010E-01  3.6121553869E-01  1.8551231099E-01
           HessRho_EigVec2 =  3.5627505425E-01  9.3241983281E-01 -6.0509016661E-02
           HessRho_EigVec3 =  1.9483215505E-01 -1.0797684286E-02  9.8077716193E-01
           DelSqRho = -4.3428676255E+05
           Bond Ellipticity = NA
           V = -1.0858196391E+05
           G =  5.1366360573E+00
           K =  1.0857682727E+05
           L =  1.0857169064E+05
           Vnuc =  1.4028061986E+06
           Ven = -1.6486317700E+08
           Vrep =  1.6475459504E+08
           DelSqV =  2.4910550529E+09
           DelSqVen =  6.0922016358E+11
           DelSqVrep = -6.0672910956E+11
           DelSqG =  1.3375577126E+08
           DelSqK = -2.6248108241E+09
           Stress_EigVals = -3.6194236592E+04 -3.6194008196E+04 -3.6193719122E+04
           Stress_EigVec1 =  2.0432078007E-01 -6.4691205999E-03  9.7888261263E-01
           Stress_EigVec2 =  9.7758199302E-01 -5.0603743586E-02 -2.0438372747E-01
           Stress_EigVec3 =  5.0857307712E-02  9.9869785802E-01 -4.0153005550E-03
           -DivStress =  3.3955629159E+03 -9.1226417753E+01 -6.4158343533E+02
           ESP =  -1.4601702657E+01     ESP at Nucleus =  -1.4601702737E+01
           ESPe = -3.5751273240E+01     ESPe at Nucleus = -3.5751276317E+01
           ESPn =  2.1149570583E+01     ESPn at Nucleus =  2.1149573579E+01

CP# 3      Coords = -8.50214462937229E-01 -2.01645909880954E+00  2.43754474372551E+00
           Type = (3,-3) NACP N3
           Rho =  1.9136713160E+02     Rho at Nucleus =  1.9136709824E+02
           GradRho = -1.1473266781E-11 -8.6198825855E-12 -6.8004935017E-11
           HessRho_EigVals = -3.2202809333E+05 -3.2202780636E+05 -3.2201805261E+05
           HessRho_EigVec1 =  4.6747773988E-01  8.6826269945E-01  1.6608566299E-01
           HessRho_EigVec2 =  8.4874255977E-01 -4.9337237673E-01  1.9031491039E-01
           HessRho_EigVec3 = -2.4718541613E-01 -5.1995986570E-02  9.6757210968E-01
           DelSqRho = -9.6607395230E+05
           Bond Ellipticity = NA
           V = -2.4155120411E+05
           G =  1.6358016317E+01
           K =  2.4153484609E+05
           L =  2.4151848807E+05
           Vnuc =  4.8628452195E+05
           Ven = -9.3058874109E+07
           Vrep =  9.2817322905E+07
           DelSqV =  7.5842667518E+09
           DelSqVen =  4.6978680986E+11
           DelSqVrep = -4.6220254323E+11
           DelSqG =  4.0650578547E+08
           DelSqK = -7.9907725372E+09
           Stress_EigVals = -8.0518497855E+04 -8.0516507141E+04 -8.0516199112E+04
           Stress_EigVec1 = -2.1871793495E-01 -5.2971435195E-02  9.7434926591E-01
           Stress_EigVec2 =  9.7156257011E-01 -1.0464741832E-01  2.1240313131E-01
           Stress_EigVec3 =  9.0711836513E-02  9.9309765124E-01  7.4353330953E-02
           -DivStress = -1.5025068739E+04 -1.1859569550E+03  3.2154920586E+04
           ESP =  -1.8299072433E+01     ESP at Nucleus =  -1.8299073966E+01
           ESPe = -3.7300359947E+01     ESPe at Nucleus = -3.7300328669E+01
           ESPn =  1.9001287514E+01     ESPn at Nucleus =  1.9001254702E+01

CP# 4      Coords =  1.60353790155159E+00 -2.00096172453949E+00  2.01461061187962E+00
           Type = (3,-3) NACP N4
           Rho =  1.9132981151E+02     Rho at Nucleus =  1.9132977986E+02
           GradRho =  3.4162339624E-11 -3.6540881432E-11 -4.7196468955E-11
           HessRho_EigVals = -3.2196646246E+05 -3.2196630209E+05 -3.2195653969E+05
           HessRho_EigVec1 =  6.3161554854E-01 -6.3118622105E-01 -4.5018413255E-01
           HessRho_EigVec2 =  5.4427106008E-01  7.7452314424E-01 -3.2230872187E-01
           HessRho_EigVec3 =  5.5211485400E-01 -4.1446994888E-02  8.3273725424E-01
           DelSqRho = -9.6588930423E+05
           Bond Ellipticity = NA
           V = -2.4150516327E+05
           G =  1.6418607713E+01
           K =  2.4148874467E+05
           L =  2.4147232606E+05
           Vnuc =  4.9925029085E+05
           Ven = -9.5521464045E+07
           Vrep =  9.5279958882E+07
           DelSqV =  7.5828286742E+09
           DelSqVen =  4.8222051581E+11
           DelSqVrep = -4.7463768713E+11
           DelSqG =  4.0643002061E+08
           DelSqK = -7.9892586948E+09
           Stress_EigVals = -8.0503148420E+04 -8.0501145692E+04 -8.0500869162E+04
           Stress_EigVec1 =  5.3403653257E-01 -4.2551041025E-02  8.4438995185E-01
           Stress_EigVec2 =  8.4388688962E-01  8.7751308617E-02 -5.2929634928E-01
           Stress_EigVec3 = -5.1574212586E-02  9.9523319717E-01  8.2770670243E-02
           -DivStress =  2.3854971804E+04 -9.2706219524E+02  2.5022297895E+04
           ESP =  -1.8298401207E+01     ESP at Nucleus =  -1.8298402659E+01
           ESPe = -3.7491096896E+01     ESPe at Nucleus = -3.7491068451E+01
           ESPn =  1.9192695689E+01     ESPn at Nucleus =  1.9192665792E+01

CP# 5      Coords = -1.57495548547470E+00 -2.01627670167031E+00 -2.01530385180300E+00
           Type = (3,-3) NACP N5
           Rho =  1.9132987443E+02     Rho at Nucleus =  1.9132984278E+02
           GradRho = -1.3138157229E-11 -4.4902304097E-11  7.0733641166E-11
           HessRho_EigVals = -3.2196657634E+05 -3.2196641471E+05 -3.2195665323E+05
           HessRho_EigVec1 =  6.2550687954E-01  6.3723562181E-01 -4.5019096607E-01
           HessRho_EigVec2 = -5.5171565136E-01  7.6924760106E-01  3.2228553847E-01
           HessRho_EigVec3 =  5.5168014618E-01  4.6785580590E-02  8.3274253269E-01
           DelSqRho = -9.6588964427E+05
           Bond Ellipticity = NA
           V = -2.4150524819E+05
           G =  1.6418563134E+01
           K =  2.4148882963E+05
           L =  2.4147241107E+05
           Vnuc =  4.9924512423E+05
           Ven = -9.5520506929E+07
           Vrep =  9.5279001680E+07
           DelSqV =  7.5828313617E+09
           DelSqVen =  4.8221569552E+11
           DelSqVrep = -4.7463286419E+11
           DelSqG =  4.0643017383E+08
           DelSqK = -7.9892615355E+09
           Stress_EigVals = -8.0503176684E+04 -8.0501174007E+04 -8.0500897504E+04
           Stress_EigVec1 =  5.3359190518E-01  4.7720938109E-02  8.4439468899E-01
           Stress_EigVec2 =  8.4468271024E-01 -8.0026773033E-02 -5.2925120181E-01
           Stress_EigVec3 =  4.2317818280E-02  9.9564975150E-01 -8.3010689625E-02
           -DivStress = -2.3845293295E+04 -1.1561970151E+03 -2.5022513660E+04
           ESP =  -1.8298401319E+01     ESP at Nucleus =  -1.8298402771E+01
           ESPe = -3.7494407325E+01     ESPe at Nucleus = -3.7494378895E+01
           ESPn =  1.9196006007E+01     ESPn at Nucleus =  1.9195976124E+01

CP# 6      Coords =  8.78811969088720E-01 -2.00778673899174E+00 -2.43823001380596E+00
           Type = (3,-3) NACP N6
           Rho =  1.9136714733E+02     Rho at Nucleus =  1.9136711397E+02
           GradRho =  1.7853052370E-11 -3.2499170022E-11  3.2525093729E-11
           HessRho_EigVals = -3.2202810903E+05 -3.2202782206E+05 -3.2201806763E+05
           HessRho_EigVec1 = -4.7407783831E-01  8.6477361904E-01 -1.6558016501E-01
           HessRho_EigVec2 =  8.4492363223E-01  4.9971894087E-01  1.9074861948E-01
           HessRho_EigVec3 = -2.4769791868E-01  4.9472901262E-02  9.6757334250E-01
           DelSqRho = -9.6607399873E+05
           Bond Ellipticity = NA
           V = -2.4155121550E+05
           G =  1.6357909616E+01
           K =  2.4153485759E+05
           L =  2.4151849968E+05
           Vnuc =  4.8629569804E+05
           Ven = -9.3061020492E+07
           Vrep =  9.2819469277E+07
           DelSqV =  7.5842671052E+09
           DelSqVen =  4.6979762970E+11
           DelSqVrep = -4.6221336259E+11
           DelSqG =  4.0650578944E+08
           DelSqK = -7.9907728946E+09
           Stress_EigVals = -8.0518501759E+04 -8.0516510985E+04 -8.0516202756E+04
           Stress_EigVec1 = -2.1925532211E-01  5.0715796106E-02  9.7434850631E-01
           Stress_EigVec2 =  9.7052668423E-01  1.1371823154E-01  2.1247616103E-01
           Stress_EigVec3 = -1.0002529138E-01  9.9221775425E-01 -7.4154360919E-02
           -DivStress =  1.5034539427E+04 -1.0373885960E+03 -3.2154685635E+04
           ESP =  -1.8299058738E+01     ESP at Nucleus =  -1.8299060271E+01
           ESPe = -3.7298511991E+01     ESPe at Nucleus = -3.7298480701E+01
           ESPn =  1.8999453253E+01     ESPn at Nucleus =  1.8999420430E+01

CP# 7      Coords =  3.14394276321384E-01  4.56059162683298E+00 -1.08914481176508E+00
           Type = (3,-3) NACP C7
           Rho =  1.1785303507E+02     Rho at Nucleus =  1.1785303436E+02
           GradRho =  2.0439638870E-09 -3.2021466555E-10 -6.2920573196E-09
           HessRho_EigVals = -1.4524615477E+05 -1.4524611654E+05 -1.4524569643E+05
           HessRho_EigVec1 =  1.4373814129E-01  9.8944005746E-01 -1.8647236594E-02
           HessRho_EigVec2 =  9.4147854078E-01 -1.3091682031E-01  3.1061059771E-01
           HessRho_EigVec3 = -3.0488933073E-01  6.2202563079E-02  9.5035432190E-01
           DelSqRho = -4.3573796774E+05
           Bond Ellipticity = NA
           V = -1.0894464505E+05
           G =  5.0765563017E+00
           K =  1.0893956849E+05
           L =  1.0893449193E+05
           Vnuc =  1.9188042287E+06
           Ven = -2.2613690206E+08
           Vrep =  2.2602795741E+08
           DelSqV =  2.4994263306E+09
           DelSqVen =  8.3609586893E+11
           DelSqVrep = -8.3359644260E+11
           DelSqG =  1.3428083562E+08
           DelSqK = -2.6337071662E+09
           Stress_EigVals = -3.6315331621E+04 -3.6314660668E+04 -3.6314652757E+04
           Stress_EigVec1 = -3.0463250888E-01  6.7760966062E-03  9.5244586148E-01
           Stress_EigVec2 =  9.3554555049E-01 -1.8554235077E-01  3.0054709951E-01
           Stress_EigVec3 =  1.7875558030E-01  9.8261290475E-01  5.0182884789E-02
           -DivStress = -7.9063923010E+02  8.9905574946E+01  2.4320177642E+03
           ESP =  -1.4762839748E+01     ESP at Nucleus =  -1.4762839816E+01
           ESPe = -3.1548062556E+01     ESPe at Nucleus = -3.1548064570E+01
           ESPn =  1.6785222808E+01     ESPn at Nucleus =  1.6785224754E+01

CP# 8      Coords = -3.81201375624473E-01  4.55621767349499E+00  1.09057920096637E+00
           Type = (3,-3) NACP C8
           Rho =  1.1785307595E+02     Rho at Nucleus =  1.1785307524E+02
           GradRho = -2.0425237057E-09 -2.6275478820E-10  6.2716059013E-09
           HessRho_EigVals = -1.4524621045E+05 -1.4524617235E+05 -1.4524575203E+05
           HessRho_EigVec1 = -1.5482004410E-01  9.8775444741E-01  1.9284853470E-02
           HessRho_EigVec2 =  9.3984067974E-01  1.4123716578E-01  3.1104912747E-01
           HessRho_EigVec3 = -3.0451642098E-01 -6.6281329427E-02  9.5019815550E-01
           DelSqRho = -4.3573813482E+05
           Bond Ellipticity = NA
           V = -1.0894468683E+05
           G =  5.0765640033E+00
           K =  1.0893961027E+05
           L =  1.0893453371E+05
           Vnuc =  1.9190884580E+06
           Ven = -2.2617047779E+08
           Vrep =  2.2606153311E+08
           DelSqV =  2.4994272993E+09
           DelSqVen =  8.3622001869E+11
           DelSqVrep = -8.3372059958E+11
           DelSqG =  1.3428089170E+08
           DelSqK = -2.6337081910E+09
           Stress_EigVals = -3.6315345575E+04 -3.6314674565E+04 -3.6314666693E+04
           Stress_EigVec1 = -3.0455462288E-01 -1.0675551271E-02  9.5243504465E-01
           Stress_EigVec2 =  9.3326196677E-01  1.9658428440E-01  3.0062721186E-01
           Stress_EigVec3 = -1.9044312291E-01  9.8042881013E-01 -4.9907566626E-02
           -DivStress =  7.9009481819E+02  1.0082110780E+02 -2.4313722893E+03
           ESP =  -1.4762840114E+01     ESP at Nucleus =  -1.4762840182E+01
           ESPe = -3.1547869912E+01     ESPe at Nucleus = -3.1547871925E+01
           ESPn =  1.6785029798E+01     ESPn at Nucleus =  1.6785031743E+01

CP# 9      Coords = -1.22538997763084E+00  4.56465603368141E+00  3.72239942314807E+00
           Type = (3,-3) NACP C9
           Rho =  1.1747633152E+02     Rho at Nucleus =  1.1747633102E+02
           GradRho =  1.2953476625E-09  4.8671433550E-10 -3.9419727482E-09
           HessRho_EigVals = -1.4475570239E+05 -1.4475503945E+05 -1.4475495340E+05
           HessRho_EigVec1 = -3.0333179868E-01  4.7060187919E-02  9.5172220665E-01
           HessRho_EigVec2 =  9.5149441205E-01 -3.8980448610E-02  3.0518667806E-01
           HessRho_EigVec3 =  5.1460700987E-02  9.9813118544E-01 -3.2953496245E-02
           DelSqRho = -4.3426569524E+05
           Bond Ellipticity = NA
           V = -1.0857698337E+05
           G =  5.2797812257E+00
           K =  1.0857170359E+05
           L =  1.0856642381E+05
           Vnuc =  2.2842568858E+06
           Ven = -2.6834611918E+08
           Vrep =  2.6823754220E+08
           DelSqV =  2.4909969453E+09
           DelSqVen =  9.9197437542E+11
           DelSqVrep = -9.8948337848E+11
           DelSqG =  1.3380053581E+08
           DelSqK = -2.6247974811E+09
           Stress_EigVals = -3.6192404931E+04 -3.6192380161E+04 -3.6192198281E+04
           Stress_EigVec1 =  5.0141609147E-02  9.9831309549E-01 -2.9270845599E-02
           Stress_EigVec2 =  9.5132578267E-01 -3.8817433254E-02  3.0573266443E-01
           Stress_EigVec3 = -3.0408070353E-01  4.3176037863E-02  9.5166735549E-01
           -DivStress = -6.5627860163E+02 -2.6333256618E+02  2.0002487574E+03
           ESP =  -1.4726372946E+01     ESP at Nucleus =  -1.4726372973E+01
           ESPe = -2.9342584175E+01     ESPe at Nucleus = -2.9342580999E+01
           ESPn =  1.4616211229E+01     ESPn at Nucleus =  1.4616208026E+01

CP# 10     Coords =  1.15872466289448E+00  4.57985213267450E+00 -3.72086848372606E+00
           Type = (3,-3) NACP C10
           Rho =  1.1747633712E+02     Rho at Nucleus =  1.1747633662E+02
           GradRho = -1.2820270401E-09  5.0550085645E-10  3.9033737353E-09
           HessRho_EigVals = -1.4475571090E+05 -1.4475504805E+05 -1.4475496207E+05
           HessRho_EigVec1 = -3.0283648075E-01 -5.0925103640E-02  9.5168098633E-01
           HessRho_EigVec2 =  9.5089371369E-01  5.0872850625E-02  3.0530820221E-01
           HessRho_EigVec3 = -6.3962576500E-02  9.9740592884E-01  3.3018205871E-02
           DelSqRho = -4.3426572101E+05
           Bond Ellipticity = NA
           V = -1.0857698977E+05
           G =  5.2797606476E+00
           K =  1.0857171001E+05
           L =  1.0856643025E+05
           Vnuc =  2.2846127760E+06
           Ven = -2.6838794067E+08
           Vrep =  2.6827936369E+08
           DelSqV =  2.4909970899E+09
           DelSqVen =  9.9212902400E+11
           DelSqVrep = -9.8963802691E+11
           DelSqG =  1.3380054549E+08
           DelSqK = -2.6247976354E+09
           Stress_EigVals = -3.6192407045E+04 -3.6192382292E+04 -3.6192200436E+04
           Stress_EigVec1 = -6.2785890997E-02  9.9759734388E-01  2.9282612267E-02
           Stress_EigVec2 =  9.5071788363E-01  5.0857546189E-02  3.0585783585E-01
           Stress_EigVec3 = -3.0363372284E-01 -4.7043059904E-02  9.5162677183E-01
           -DivStress =  6.6013124433E+02 -2.5444040020E+02 -1.9997811144E+03
           ESP =  -1.4726358759E+01     ESP at Nucleus =  -1.4726358786E+01
           ESPe = -2.9343309182E+01     ESPe at Nucleus = -2.9343306008E+01
           ESPn =  1.4616950424E+01     ESPn at Nucleus =  1.4616947222E+01

CP# 11     Coords = -1.57329155608472E+00  2.67177906030132E+00  4.39246756271021E+00
           Type = (3,-3) NACP H11
           Rho =  4.1773643948E-01     Rho at Nucleus =  4.1415306642E-01
           GradRho =  1.3544818305E-10  7.3523629632E-10 -2.6258975029E-10
           HessRho_EigVals = -6.3523608660E+00 -6.3505152725E+00 -5.7728226891E+00
           HessRho_EigVec1 = -2.6087776312E-01  3.6886536372E-01  8.9212170479E-01
           HessRho_EigVec2 = -9.5000189768E-01  6.6153634692E-02 -3.0515584711E-01
           HessRho_EigVec3 =  1.7157851590E-01  9.2712568731E-01 -3.3316478328E-01
           DelSqRho = -1.8475698828E+01
           Bond Ellipticity = NA
           V = -4.6285915794E+00
           G =  4.8334362557E-03
           K =  4.6237581431E+00
           L =  4.6189247069E+00
           Vnuc =  4.5746274873E+01
           Ven = -1.9109885985E+01
           Vrep =  1.4481294405E+01
           DelSqV =  6.9578616415E+02
           DelSqVen =  8.4519439834E+02
           DelSqVrep = -1.4940823419E+02
           DelSqG =  6.8451338262E+01
           DelSqK = -7.6423750241E+02
           Stress_EigVals = -1.5916533500E+00 -1.5915999717E+00 -1.4453382577E+00
           Stress_EigVec1 = -2.1513089697E-01  3.6534446394E-01  9.0567219226E-01
           Stress_EigVec2 =  9.6138904187E-01 -8.3735105884E-02  2.6214412490E-01
           Stress_EigVec3 =  1.7160946170E-01  9.2709862189E-01 -3.3322415570E-01
           -DivStress = -1.3144710638E+00 -7.1499462479E+00  2.5458588138E+00
           ESP =  -1.1095719001E+00     ESP at Nucleus =  -1.1119192721E+00
           ESPe = -1.8102275888E+01     ESPe at Nucleus = -1.8055286991E+01
           ESPn =  1.6992703988E+01     ESPn at Nucleus =  1.6943367719E+01

CP# 12     Coords = -2.95079851500070E+00  5.62906781754418E+00  3.94088480021003E+00
           Type = (3,-3) NACP H12
           Rho =  4.2054455200E-01     Rho at Nucleus =  4.1708952194E-01
           GradRho =  6.1999017031E-15 -2.5413698923E-15 -1.0980799603E-15
           HessRho_EigVals = -6.4023599607E+00 -6.4002558714E+00 -5.8327612722E+00
           HessRho_EigVec1 =  3.7956674945E-02 -1.5227113283E-01  9.8760963591E-01
           HessRho_EigVec2 =  5.3106815724E-01  8.4027035663E-01  1.0914366744E-01
           HessRho_EigVec3 =  8.4647853085E-01 -5.2034529870E-01 -1.1276021870E-01
           DelSqRho = -1.8635377104E+01
           Bond Ellipticity = NA
           V = -4.6684825488E+00
           G =  4.8191363860E-03
           K =  4.6636634125E+00
           L =  4.6588442761E+00
           Vnuc =  4.4064759984E+01
           Ven = -1.8531194746E+01
           Vrep =  1.3862712198E+01
           DelSqV =  7.0251157100E+02
           DelSqVen =  8.2116341931E+02
           DelSqVrep = -1.1865184831E+02
           DelSqG =  6.9165772471E+01
           DelSqK = -7.7167734347E+02
           Stress_EigVals = -1.6041607727E+00 -1.6041140549E+00 -1.4602077213E+00
           Stress_EigVec1 = -6.8155875928E-02 -3.1598462796E-01  9.4631310435E-01
           Stress_EigVec2 =  5.2796660208E-01  7.9339361266E-01  3.0294858058E-01
           Stress_EigVec3 =  8.4652586710E-01 -5.2026944008E-01 -1.1275489371E-01
           -DivStress = -6.4289282636E+00  3.9528761369E+00  8.3724000415E-01
           ESP =  -1.1076900324E+00     ESP at Nucleus =  -1.1099531291E+00
           ESPe = -1.5755607737E+01     ESPe at Nucleus = -1.5672238103E+01
           ESPn =  1.4647917704E+01     ESPn at Nucleus =  1.4562284974E+01

CP# 13     Coords =  1.53195994959773E+00  2.69167561069696E+00 -4.39053329990991E+00
           Type = (3,-3) NACP H13
           Rho =  4.1774963547E-01     Rho at Nucleus =  4.1416633228E-01
           GradRho = -1.2753649005E-10  6.4381085185E-10  2.3037539411E-10
           HessRho_EigVals = -6.3525641035E+00 -6.3507166813E+00 -5.7730253180E+00
           HessRho_EigVec1 = -2.5626663387E-01 -3.7216929657E-01  8.9208599757E-01
           HessRho_EigVec2 = -9.4893414211E-01 -7.8803744760E-02 -3.0547334378E-01
           HessRho_EigVec3 = -1.8398751673E-01  9.2481348633E-01  3.3296938175E-01
           DelSqRho = -1.8476306103E+01
           Bond Ellipticity = NA
           V = -4.6287439302E+00
           G =  4.8337022230E-03
           K =  4.6239102279E+00
           L =  4.6190765257E+00
           Vnuc =  4.5748580493E+01
           Ven = -1.9111452825E+01
           Vrep =  1.4482708894E+01
           DelSqV =  6.9580955625E+02
           DelSqVen =  8.4526477812E+02
           DelSqVrep = -1.4945522186E+02
           DelSqG =  6.8453659767E+01
           DelSqK = -7.6426321602E+02
           Stress_EigVals = -1.5917043533E+00 -1.5916506352E+00 -1.4453889416E+00
           Stress_EigVec1 = -2.1239914806E-01 -3.6822158664E-01  9.0515162544E-01
           Stress_EigVec2 =  9.5970002093E-01  9.5828891559E-02  2.6418306792E-01
           Stress_EigVec3 = -1.8401758539E-01  9.2478629243E-01  3.3302828948E-01
           -DivStress =  1.4101510133E+00 -7.1322639669E+00 -2.5443796271E+00
           ESP =  -1.1095592014E+00     ESP at Nucleus =  -1.1119064840E+00
           ESPe = -1.8103804668E+01     ESPe at Nucleus = -1.8056840251E+01
           ESPn =  1.6994245466E+01     ESPn at Nucleus =  1.6944933767E+01

CP# 14     Coords =  2.86980759274400E+00  5.66715265528272E+00 -3.93932724738196E+00
           Type = (3,-3) NACP H14
           Rho =  4.2054152547E-01     Rho at Nucleus =  4.1708645527E-01
           GradRho = -3.1329105976E-15 -5.4478990763E-15  7.1991024253E-16
           HessRho_EigVals = -6.4023026881E+00 -6.4001982746E+00 -5.8327023655E+00
           HessRho_EigVec1 =  3.5708610173E-02  1.5307349531E-01  9.8756944069E-01
           HessRho_EigVec2 = -5.4222502728E-01  8.3306512589E-01 -1.0951947686E-01
           HessRho_EigVec3 =  8.3947418957E-01  5.3157407862E-01 -1.1274787800E-01
           DelSqRho = -1.8635203328E+01
           Bond Ellipticity = NA
           V = -4.6684390187E+00
           G =  4.8190933139E-03
           K =  4.6636199254E+00
           L =  4.6588008321E+00
           Vnuc =  4.4064379322E+01
           Ven = -1.8530901299E+01
           Vrep =  1.3862462280E+01
           DelSqV =  7.0250461606E+02
           DelSqVen =  8.2114866820E+02
           DelSqVrep = -1.1864405214E+02
           DelSqG =  6.9164981402E+01
           DelSqK = -7.7166959746E+02
           Stress_EigVals = -1.6041464200E+00 -1.6040995973E+00 -1.4601930014E+00
           Stress_EigVec1 = -7.2307317071E-02  3.1495321683E-01  9.4634883796E-01
           Stress_EigVec2 = -5.3849177130E-01  7.8632917766E-01 -3.0284160316E-01
           Stress_EigVec3 =  8.3952264063E-01  5.3149872585E-01 -1.1274236244E-01
           -DivStress =  6.3757204109E+00  4.0381727816E+00 -8.3714607197E-01
           ESP =  -1.1076785266E+00     ESP at Nucleus =  -1.1099416330E+00
           ESPe = -1.5755526920E+01     ESPe at Nucleus = -1.5672150137E+01
           ESPn =  1.4647848394E+01     ESPn at Nucleus =  1.4562208504E+01

CP# 15     Coords = -2.50885683121384E-01  5.40202361742086E+00 -4.94355489888558E+00
           Type = (3,-3) NACP H15
           Rho =  4.2053144075E-01     Rho at Nucleus =  4.1707686891E-01
           GradRho = -1.7217130499E-16  5.2648857496E-16  9.9052710478E-16
           HessRho_EigVals = -6.4022616623E+00 -6.4001852661E+00 -5.8327319122E+00
           HessRho_EigVec1 = -6.2468574163E-01  9.5896323096E-02  7.7496556015E-01
           HessRho_EigVec2 =  3.6924712318E-01  9.1074235638E-01  1.8494572803E-01
           HessRho_EigVec3 =  6.8805834508E-01 -4.0168676293E-01  6.0433720576E-01
           DelSqRho = -1.8635178841E+01
           Bond Ellipticity = NA
           V = -4.6684262401E+00
