AIMSum (Version 19.02.13, Professional)
Copyright (c) 1997-2019 by Todd A. Keith
AIMSum is a component of the AIMAll package ( http://aim.tkgristmill.com )

TP:  64-bit Linux

Much of the Quantum Theory of Atoms in Molecules (QTAIM) is described in the book:
  "Atoms in Molecules - A Quantum Theory"
  R.F.W. Bader, Oxford University Press, Oxford, 1990

For additional references see:  http://aim.tkgristmill.com/references.html

Wfn File:  /home/mhennefarth/Documents/ML_Diels/summary-liu2014/1_10-opt/1_10-opt.wfn
Sum File:  /home/mhennefarth/Documents/ML_Diels/summary-liu2014/1_10-opt/1_10-opt.sum

SumViz File:  /home/mhennefarth/Documents/ML_Diels/summary-liu2014/1_10-opt/1_10-opt.sumviz

Wfn Title:   Title Card Required                                                           
 
Total memory allocated for AIMSum =        2.220 Megabytes

Atomic units (a.u.) used throughout, except where stated otherwise

Model:  Restricted SCF
 
Restricted, closed-shell, single-determinant wavefunction.
  Number of electrons (from MO Occs)                   =         134.0000000000
  Number of Alpha electrons (from MO Occs)             =          67.0000000000
  Number of Beta electrons (from MO Occs)              =          67.0000000000
  Number of electron pairs (N*(N-1)/2)                 =        8911.0000000000
  Number of electron pairs (from Muller 2EDM)          =        8911.0000000000
 
Nuclear Charges and Cartesian Coordinates:
-------------------------------------------------------------------------------
Atom      Charge                X                  Y                  Z
-------------------------------------------------------------------------------
C1         6.0          -3.8627664600E+00   1.6041897900E+00   4.4238646000E-01
C2         6.0          -2.8622908600E+00  -2.9876124800E+00  -5.7396773000E-01
N3         7.0          -3.2056905400E+00  -1.4237701500E+00  -2.5455564200E+00
N4         7.0          -3.7246926700E+00   9.4855133000E-01  -2.0098531400E+00
N5         7.0          -3.1549118200E+00  -2.3701853400E+00   1.8654759200E+00
N6         7.0          -3.6794843900E+00   8.8302400000E-03   2.4050943400E+00
C7         6.0           5.9792965500E+00  -5.1832735000E-01   1.9426203100E+00
C8         6.0           5.3404909800E+00  -1.7837712400E+00  -6.5318141000E-01
C9         6.0           2.2831346600E+00   3.2277596700E+00   5.9344795000E-01
C10        6.0           5.6660036600E+00  -2.0886550000E-01  -3.1047619600E+00
C11        6.0           2.5100098400E+00   2.7750288700E+00  -1.6401576000E+00
C12        6.0           3.3564406800E+00   1.4244257300E+00  -3.8963141300E+00
C13        6.0           3.7736283500E+00   2.3388613000E-01   3.7226497300E+00
C14        6.0           2.6552497800E+00   2.9207007800E+00   3.3132389700E+00
H15        1.0           3.4212005900E+00  -2.5748278500E+00  -5.9652493000E-01
H16        1.0           7.3135930400E+00   1.0338143700E+00  -2.8931816900E+00
H17        1.0           6.6002907700E+00  -3.4193571200E+00  -8.5028838000E-01
H18        1.0           6.0982002300E+00  -1.4934023500E+00  -4.6765996200E+00
H19        1.0           3.8811095700E+00   2.6896402200E+00  -5.4534260100E+00
H20        1.0           1.8287104000E+00   2.1072677000E-01  -4.6061724700E+00
H21        1.0           4.4203369500E+00   1.1294596000E-01   5.6909843900E+00
H22        1.0           2.2383416800E+00  -1.1465788400E+00   3.5290163000E+00
H23        1.0           8.9463938000E-01   3.1259220300E+00   4.3884241000E+00
H24        1.0           3.9701033300E+00   4.3597538200E+00   4.0295561800E+00
H25        1.0           7.1390296300E+00  -1.8738209100E+00   3.0003304800E+00
H26        1.0           7.2041572100E+00   1.1283582100E+00   1.6301646800E+00
O27        8.0          -4.2728005300E+00   4.0054174600E+00   1.0739186400E+00
O28        8.0          -2.2230361800E+00  -5.3479654400E+00  -1.2038684800E+00
C29        6.0          -4.2868936500E+00   5.8375119200E+00  -9.3347052000E-01
H30        1.0          -5.8085994400E+00   5.4489901500E+00  -2.2755580100E+00
H31        1.0          -4.5956168800E+00   7.6446024900E+00   7.1761900000E-03
H32        1.0          -2.4696709000E+00   5.8271481200E+00  -1.9149259000E+00
C33        6.0          -1.9297483000E+00  -7.1371533100E+00   8.1360753000E-01
H34        1.0          -3.6884897600E+00  -7.3404956400E+00   1.8798423100E+00
H35        1.0          -1.4381251900E+00  -8.9086669000E+00  -1.1665546000E-01
H36        1.0          -4.2439242000E-01  -6.5549893600E+00   2.1047260300E+00
 
Some Atomic Properties:
----------------------
  q(A) = Net Charge of Atom A
  L(A) = Lagrangian of Atom A = -(1/4) Times Atomic Integral of the Laplacian of the Electron Density
  K(A) = Electronic Kinetic Energy of Atom A (Hamiltonian Form)
  K_Scaled(A) = K(A) * E(Mol)/K(Mol) = Approximation to Virial-Based Total Energy of Atom A.
  |Mu_Intra(A)| = Magnitude of Intraatomic Dipole Moment of Atom A
--------------------------------------------------------------------------------------------------
Atom A          q(A)              L(A)              K(A)          K_Scaled(A)      |Mu_Intra(A)|
--------------------------------------------------------------------------------------------------
C1        1.6361637271E+00 -9.1775570093E-05  3.6774810980E+01 -3.7119273280E+01  2.1229322598E-01
C2        1.6223419161E+00  3.1914042428E-04  3.6784553459E+01 -3.7129107014E+01  2.0423661185E-01
N3       -5.4030239820E-01  1.1504737131E-04  5.4538631721E+01 -5.5049484177E+01  6.2446228305E-01
N4       -5.7224097700E-01 -1.2459682229E-05  5.4556293610E+01 -5.5067311501E+01  6.3486815043E-01
N5       -6.0196148730E-01 -1.9824746545E-05  5.4569429235E+01 -5.5080570165E+01  6.4305523664E-01
N6       -5.5065186380E-01  7.3082685300E-05  5.4547234321E+01 -5.5058167355E+01  6.3010476041E-01
C7        1.6935483200E-02  2.8591029308E-04  3.7643279281E+01 -3.7995876349E+01  3.4242257186E-02
C8        1.7803479700E-02  3.0777207418E-04  3.7642849681E+01 -3.7995442725E+01  3.5002351141E-02
C9       -1.9232470780E-01  3.3795242018E-05  3.7831714973E+01 -3.8186077080E+01  2.0688617988E-01
C10       3.0282890800E-02 -3.1924718418E-04  3.7651423552E+01 -3.8004096906E+01  6.2746011844E-02
C11      -1.9159189240E-01 -9.9030942235E-05  3.7827923899E+01 -3.8182250497E+01  2.1482306829E-01
C12       8.1898629800E-02  3.5149085345E-04  3.7627762412E+01 -3.7980214137E+01  2.1821103226E-01
C13       2.9122383000E-02 -6.8129334703E-05  3.7652928949E+01 -3.8005616404E+01  6.5774337944E-02
C14       8.1226887400E-02 -8.9949835847E-05  3.7627403126E+01 -3.7979851485E+01  2.1927290095E-01
H15      -2.5217850000E-04  3.8039266873E-05  6.1593809398E-01 -6.2170746292E-01  1.5435459056E-01
H16       2.7806596900E-03  3.2305797521E-05  6.1607189808E-01 -6.2184252033E-01  1.5896616492E-01
H17      -5.6686938000E-03  2.9790062687E-05  6.2388366021E-01 -6.2972745368E-01  1.5929793555E-01
H18       5.8915671000E-04  2.7659918358E-05  6.1744366558E-01 -6.2322713691E-01  1.5913040812E-01
H19       2.8153805690E-02  2.4463728890E-05  6.0407493163E-01 -6.0973318070E-01  1.5337374559E-01
H20       4.5698147630E-02  3.7626106688E-05  5.9779493984E-01 -6.0339436548E-01  1.4403829930E-01
H21       1.9580670000E-05  2.5942336032E-05  6.1765841375E-01 -6.2344389658E-01  1.5917483494E-01
H22       9.3605994100E-03  2.5473950118E-05  6.1416273800E-01 -6.1991547753E-01  1.5045197552E-01
H23       4.6415151430E-02  2.9030508175E-05  5.9718151365E-01 -6.0277519346E-01  1.4534906836E-01
H24       2.6381681550E-02  3.0413584027E-05  6.0484669379E-01 -6.1051217181E-01  1.5433108974E-01
H25      -6.4241664000E-03  2.9607213962E-05  6.2419081295E-01 -6.3003748346E-01  1.5942826491E-01
H26       2.3085040200E-03  3.4021813204E-05  6.1491939254E-01 -6.2067921951E-01  1.5963506950E-01
O27      -1.1015816923E+00  2.5267401188E-04  7.5280014832E+01 -7.5985147675E+01  2.5058899468E-01
O28      -1.1000562529E+00 -2.6116728083E-05  7.5275814841E+01 -7.5980908343E+01  2.4629066916E-01
C29       4.1849262660E-01 -4.2021624671E-04  3.7435377216E+01 -3.7786026907E+01  6.2664069433E-01
H30       5.3706472130E-02  2.7290113100E-05  5.9774491223E-01 -6.0334386928E-01  1.4854726931E-01
H31       5.0578285930E-02  2.6970352359E-05  6.0012870102E-01 -6.0574998654E-01  1.4497122895E-01
H32       7.0130400370E-02  4.0450457039E-05  5.8992747215E-01 -5.9545320480E-01  1.4580340365E-01
C33       4.3012268290E-01 -2.2590227628E-04  3.7426810942E+01 -3.7777380395E+01  6.2276572764E-01
H34       5.6182823600E-02  2.4398590487E-05  5.9630258182E-01 -6.0188802884E-01  1.4823321008E-01
H35       5.3355820320E-02  2.8679803896E-05  5.9902849897E-01 -6.0463947911E-01  1.4448645767E-01
H36       5.3536532480E-02  2.2977299551E-05  5.9718367598E-01 -6.0277737604E-01  1.4871227171E-01
--------------------------------------------------------------------------------------------------
Total     5.3201783000E-04  9.0140131156E-04  8.2962273963E+02 -8.3739364990E+02
 
1st Largest |L(A)| = 4.2021624671E-04, atom C29     
2nd Largest |L(A)| = 3.5149085345E-04, atom C12     
 
Molecular charge q(Mol) from the wfn file:   0.0000000000E+00
Molecular energy E(Mol) from the wfn file:  -8.3739347592E+02
Molecular virial ratio (-V(Mol)/T(Mol)) from the wfn file:   2.0093668000E+00
Note.  K_Scaled(A) = (1+V(Mol)/T(Mol))*K(A) = (E(Mol)/T(Mol))*K(A)
       Only use K_Scaled(A) data with caution.
 
N_AIMInt(SumA)     =        133.999468
N_Analytic(Mol)    =        133.999982
 
G_AIMInt(SumA)     =        829.621838
G_Analytic(Mol)    =        829.622517
 
K_AIMInt(SumA)     =        829.622740
K_Analytic(Mol)    =        829.622517
 
L_AIMInt(SumA)     =          0.000901
L_Analytic(Mol)    =          0.000000
 
VenT_AIMInt(SumA)  =      -4704.328608
VenT_Analytic(Mol) =      -4704.338571
 
Some Information About the Atomic Calculations:
----------------------------------------------
  Time(sec) = "Elapsed User Time", in Seconds, for Atom A by AIMInt and, if used, by TWOe
  NProc = Number of Processors Used for AIMInt Job
  BIM = Basin Integration Method
  OAQ = Angular Quadrature Outside of Beta Sphere
  ORQ = Multiple of Default for Radial Quadrature Outside of Beta Sphere
  IAQ = Multiple of Default for Angular Quadrature Inside of Beta Sphere
  IRQ = Multiple of Default for Radial Quadrature Inside of Beta Sphere
  MIR = Maximum Integration Radius
------------------------------------------------------------------------------------------------------
Atom A     Time(sec)   NProc      BIM          OAQ                     ORQ      IAQ      IRQ      MIR
------------------------------------------------------------------------------------------------------
C1            212        8     Proaim(5)    6300(GS6)                  1.00     1.00     1.00    13.00
C2             72        8     Proaim(5)    4500(GS4)                  1.00     1.00     1.00    13.00
N3             35        8     Proaim(5)    4500(GS4)                  1.00     1.00     1.00    13.00
N4             41        8     Proaim(5)    4500(GS4)                  1.00     1.00     1.00    13.00
N5             47        8     Proaim(5)    4500(GS4)                  1.00     1.00     1.00    13.00
N6             36        8     Proaim(5)    4500(GS4)                  1.00     1.00     1.00    13.00
C7             53        8     Proaim(5)    4500(GS4)                  1.00     1.00     1.00    13.00
C8             53        8     Proaim(5)    4500(GS4)                  1.00     1.00     1.00    13.00
C9            187        8     Proaim(5)    4500(GS4)                  1.00     1.00     1.00    13.00
C10            46        8     Proaim(5)    4500(GS4)                  1.00     1.00     1.00    13.00
C11            50        8     Proaim(5)    4500(GS4)                  1.00     1.00     1.00    13.00
C12            45        8     Proaim(5)    4500(GS4)                  1.00     1.00     1.00    13.00
C13            52        8     Proaim(5)    4500(GS4)                  1.00     1.00     1.00    13.00
C14            48        8     Proaim(5)    4500(GS4)                  1.00     1.00     1.00    13.00
H15            35        8     Proaim(5)    4500(GS4)                  1.00     1.00     1.00    13.00
H16            10        8     Proaim(5)    1800(GS4)                  1.00     1.00     1.00    13.00
H17             9        8     Proaim(5)    1800(GS4)                  1.00     1.00     1.00    13.00
H18             9        8     Proaim(5)    1800(GS4)                  1.00     1.00     1.00    13.00
H19             8        8     Proaim(5)    1800(GS4)                  1.00     1.00     1.00    13.00
H20            22        8     Proaim(5)    4500(GS4)                  1.00     1.00     1.00    13.00
H21             8        8     Proaim(5)    1800(GS4)                  1.00     1.00     1.00    13.00
H22            28        8     Proaim(5)    4500(GS4)                  1.00     1.00     1.00    13.00
H23            22        8     Proaim(5)    4500(GS4)                  1.00     1.00     1.00    13.00
H24             9        8     Proaim(5)    1800(GS4)                  1.00     1.00     1.00    13.00
H25             8        8     Proaim(5)    1800(GS4)                  1.00     1.00     1.00    13.00
H26            11        8     Proaim(5)    1800(GS4)                  1.00     1.00     1.00    13.00
O27            32        8     Proaim(5)    4500(GS4)                  1.00     1.00     1.00    13.00
O28            50        8     Proaim(5)    4500(GS4)                  1.00     1.00     1.00    13.00
C29            32        8     Proaim(5)    4500(GS4)                  1.00     1.00     1.00    13.00
H30             8        8     Proaim(5)    1800(GS4)                  1.00     1.00     1.00    13.00
H31             8        8     Proaim(5)    1800(GS4)                  1.00     1.00     1.00    13.00
H32            17        8     Proaim(5)    4500(GS4)                  1.00     1.00     1.00    13.00
C33            41        8     Proaim(5)    4500(GS4)                  1.00     1.00     1.00    13.00
H34             8        8     Proaim(5)    1800(GS4)                  1.00     1.00     1.00    13.00
H35             8        8     Proaim(5)    1800(GS4)                  1.00     1.00     1.00    13.00
H36            14        8     Proaim(5)    1800(GS4)                  1.00     1.00     1.00    13.00
------------------------------------------------------------------------------------------------------
Total        1374
Note:  Total wall clock time is less than total of atomic times if more than one atom
       was calculated at a time
 
Electron Density Critical Point Analysis of Molecular Structure:               
---------------------------------------------------------------                
  NACP = Nuclear Attractor Critical Point                                      
  NNACP = Non-Nuclear Attractor Critical Point                                 
  BCP = Bond Critical Point                                                    
  RCP = Ring Critical Point                                                    
  CCP = Cage Critical Point                                                    
  Rho = Electron Density                                                       
  GradRho = Gradient of Electron Density                                       
  HessRho_EigVals = Eigenvalues of the Hessian of Rho, Ascending Order         
  HessRho_EigVecs = Eigenvectors of the Hessian of Rho                         
  DelSqRho = Laplacian of Rho = Trace of Hessian of Rho                        
  Bond Ellipticity = (HessRho_EigVal(1) / HessRho_EigVal(2)) - 1               
  V = Virial Field = Potential Energy Density = Trace of Stress Tensor         
  G = Lagrangian Form of Kinetic Energy Density                                
  K = Hamiltonian Form of Kinetic Energy Density                               
  L = K - G = Lagrangian Density = (-1/4)DelSqRho                              
  Vnuc = Electrostatic Potential from Nuclei                                   
  Ven = Electron-nuclear attractive contribution to Virial Field V             
  Vrep = V - Ven = Repulsive contribution to Virial Field V                    
  DelSqV = Laplacian of V                                                      
  DelSqVen = Laplacian of Ven                                                  
  DelSqVrep = Laplacian of Vrep                                                
  DelSqG = Laplacian of G                                                      
  DelSqK = Laplacian of K                                                      
  Stress_EigVals = Eigenvalues of Stress Tensor, Ascending Order               
  Stress_EigVecs = Eigenvectors of Stress Tensor                               
  -DivStress = Ehrenfest Force Density = Minus Divergence of Stress Tensor     
  ESP = Total Electrostatic Potential                                          
  ESPe = Electrostatic Potential from Electrons                                
  ESPn = Electrostatic Potential from Nuclei                                   
  BP = Bond Path                                                               
  BPL = Bond Path Length                                                       
  GBL = Geometric Bond Length                                                  
  GBL_I = Distance Between Nuclear Attractors                                  
  GBL_II = Distance Between Nuclei                                             
  GBL_III = Sum of Distances Between BCP and Nuclear Attractors                
  GBL_IV = Sum of Distances Between BCP and Nuclei                             

CP# 1      Coords = -3.86276719085367E+00  1.60419379990046E+00  4.42387388342123E-01
           Type = (3,-3) NACP C1
           Rho =  1.1752705060E+02     Rho at Nucleus =  1.1752704933E+02
           GradRho =  2.2271261658E-11 -1.5595512728E-11  9.0535565156E-13
           HessRho_EigVals = -1.4476698127E+05 -1.4476696016E+05 -1.4476616557E+05
           HessRho_EigVec1 =  9.9010517904E-01  1.3486926602E-01  3.8755845011E-02
           HessRho_EigVec2 = -1.4029353848E-01  9.5741946561E-01  2.5232060939E-01
           HessRho_EigVec3 = -3.0753050291E-03 -2.5526113677E-01  9.6686725798E-01
           DelSqRho = -4.3430010700E+05
           Bond Ellipticity = NA
           V = -1.0858529331E+05
           G =  5.1332785832E+00
           K =  1.0858016003E+05
           L =  1.0857502675E+05
           Vnuc =  1.4353132313E+06
           Ven = -1.6868813076E+08
           Vrep =  1.6857954546E+08
           DelSqV =  2.4911317730E+09
           DelSqVen =  6.2335667507E+11
           DelSqVrep = -6.2086554535E+11
           DelSqG =  1.3376034855E+08
           DelSqK = -2.6248921215E+09
           Stress_EigVals = -3.6195343949E+04 -3.6195127086E+04 -3.6194822273E+04
           Stress_EigVec1 =  1.1507251088E-02 -2.6764509783E-01  9.6344884907E-01
           Stress_EigVec2 = -1.5250832599E-01  9.5177038407E-01  2.6622236292E-01
           Stress_EigVec3 =  9.8823519148E-01  1.4999745872E-01  2.9865845041E-02
           -DivStress =  5.8685016742E+02 -3.2413574634E+03 -7.5216546990E+02
           ESP =  -1.4603428354E+01     ESP at Nucleus =  -1.4603428430E+01
           ESPe = -3.8923426364E+01     ESPe at Nucleus = -3.8923429322E+01
           ESPn =  2.4319998010E+01     ESPn at Nucleus =  2.4320000892E+01

CP# 2      Coords = -2.86228982802385E+00 -2.98761657221873E+00 -5.73968750401008E-01
           Type = (3,-3) NACP C2
           Rho =  1.1752310072E+02     Rho at Nucleus =  1.1752309936E+02
           GradRho = -9.1623228102E-12  2.3815492980E-11  7.3993033922E-12
           HessRho_EigVals = -1.4476209025E+05 -1.4476201693E+05 -1.4476124778E+05
           HessRho_EigVec1 =  4.2166616298E-01 -8.7743308598E-01 -2.2871122978E-01
           HessRho_EigVec2 =  9.0645360463E-01  4.1435966668E-01  8.1534834819E-02
           HessRho_EigVec3 =  2.3227347210E-02 -2.4169659960E-01  9.7007383435E-01
           DelSqRho = -4.3428535496E+05
           Bond Ellipticity = NA
           V = -1.0858162025E+05
           G =  5.1407552417E+00
           K =  1.0857647950E+05
           L =  1.0857133874E+05
           Vnuc =  1.3818947120E+06
           Ven = -1.6240455142E+08
           Vrep =  1.6229596980E+08
           DelSqV =  2.4910475614E+09
           DelSqVen =  6.0013663334E+11
           DelSqVrep = -5.9764558476E+11
           DelSqG =  1.3375576407E+08
           DelSqK = -2.6248033255E+09
           Stress_EigVals = -3.6194122413E+04 -3.6193886430E+04 -3.6193611409E+04
           Stress_EigVec1 =  2.1458484643E-02 -2.4446585288E-01  9.6942043522E-01
           Stress_EigVec2 = -2.4704937660E-01  9.3827690199E-01  2.4208069049E-01
           Stress_EigVec3 =  9.6876526515E-01  2.4468939897E-01  4.0261136063E-02
           -DivStress = -8.3535238547E+02  3.3066162889E+03  8.2682896300E+02
           ESP =  -1.4602261013E+01     ESP at Nucleus =  -1.4602261096E+01
           ESPe = -3.8690981375E+01     ESPe at Nucleus = -3.8690984796E+01
           ESPn =  2.4088720362E+01     ESPn at Nucleus =  2.4088723699E+01

CP# 3      Coords = -3.20569165065027E+00 -1.42376481304459E+00 -2.54554302217491E+00
           Type = (3,-3) NACP N3
           Rho =  1.9137377036E+02     Rho at Nucleus =  1.9137373668E+02
           GradRho = -7.0953458386E-11 -3.1677604984E-11  6.8242744788E-11
           HessRho_EigVals = -3.2203952066E+05 -3.2203919629E+05 -3.2202936946E+05
           HessRho_EigVec1 =  8.9258189958E-01  4.4659496643E-01 -6.2052304482E-02
           HessRho_EigVec2 = -4.4962321167E-01  8.7132401398E-01 -1.9655388620E-01
           HessRho_EigVec3 = -3.3712313192E-02  2.0334059755E-01  9.7852750668E-01
           DelSqRho = -9.6610808641E+05
           Bond Ellipticity = NA
           V = -2.4155971783E+05
           G =  1.6348113941E+01
           K =  2.4154336972E+05
           L =  2.4152702160E+05
           Vnuc =  4.8396935327E+05
           Ven = -9.2619039875E+07
           Vrep =  9.2377480157E+07
           DelSqV =  7.5845334081E+09
           DelSqVen =  4.6756670618E+11
           DelSqVrep = -4.5998217277E+11
           DelSqG =  4.0652034778E+08
           DelSqK = -7.9910537559E+09
           Stress_EigVals = -8.0521347581E+04 -8.0519353760E+04 -8.0519016488E+04
           Stress_EigVec1 = -2.8055827308E-02  1.7730491743E-01  9.8375598438E-01
           Stress_EigVec2 = -2.6578474111E-01  9.4739453524E-01 -1.7833133768E-01
           Stress_EigVec3 =  9.6362406671E-01  2.6647056283E-01 -2.0545004104E-02
           -DivStress =  2.7419963693E+03 -1.3175014264E+04 -3.3048535759E+04
           ESP =  -1.8299441270E+01     ESP at Nucleus =  -1.8299442818E+01
           ESPe = -4.0265652860E+01     ESPe at Nucleus = -4.0265620130E+01
           ESPn =  2.1966211590E+01     ESPn at Nucleus =  2.1966177312E+01

CP# 4      Coords = -3.72469051403181E+00  9.48541365840241E-01 -2.00984343638376E+00
           Type = (3,-3) NACP N4
           Rho =  1.9133933346E+02     Rho at Nucleus =  1.9133930157E+02
           GradRho =  2.6631113981E-11 -1.5974332968E-11 -9.0145668707E-12
           HessRho_EigVals = -3.2198217534E+05 -3.2198202254E+05 -3.2197219983E+05
           HessRho_EigVec1 =  8.9438392030E-01 -2.8121547530E-01 -3.4784372864E-01
           HessRho_EigVec2 =  4.2723608673E-01  7.6736755906E-01  4.7813842712E-01
           HessRho_EigVec3 =  1.3246406794E-01 -5.7625071431E-01  8.0646660498E-01
           DelSqRho = -9.6593639771E+05
           Bond Ellipticity = NA
           V = -2.4151691487E+05
           G =  1.6407720073E+01
           K =  2.4150050715E+05
           L =  2.4148409943E+05
           Vnuc =  4.9737405966E+05
           Ven = -9.5167221055E+07
           Vrep =  9.4925704140E+07
           DelSqV =  7.5831956873E+09
           DelSqVen =  4.8043170774E+11
           DelSqVrep = -4.7284851206E+11
           DelSqG =  4.0644932751E+08
           DelSqK = -7.9896450148E+09
           Stress_EigVals = -8.0507073890E+04 -8.0505067574E+04 -8.0504773404E+04
           Stress_EigVec1 =  1.2959352243E-01 -5.5906300158E-01  8.1893472219E-01
           Stress_EigVec2 = -1.1982721650E-01  8.1101665024E-01  5.7261979640E-01
           Stress_EigVec3 =  9.8430023729E-01  1.7233848468E-01 -3.8111541123E-02
           -DivStress = -5.3215969871E+03  2.4583270175E+04 -2.3926444158E+04
           ESP =  -1.8299663380E+01     ESP at Nucleus =  -1.8299664845E+01
           ESPe = -4.0617206678E+01     ESPe at Nucleus = -4.0617177878E+01
           ESPn =  2.2317543298E+01     ESPn at Nucleus =  2.2317513033E+01

CP# 5      Coords = -3.15491320619123E+00 -2.37017538810868E+00  1.86546628753212E+00
           Type = (3,-3) NACP N5
           Rho =  1.9132427992E+02     Rho at Nucleus =  1.9132424874E+02
           GradRho = -9.5970731362E-12 -5.5323967629E-11  3.1428193381E-11
           HessRho_EigVals = -3.2195808132E+05 -3.2195791322E+05 -3.2194821836E+05
           HessRho_EigVec1 =  3.8333663222E-01  7.5766384334E-01  5.2820311140E-01
           HessRho_EigVec2 =  9.2186110102E-01 -2.7870344056E-01 -2.6925174586E-01
           HessRho_EigVec3 =  5.6790288132E-02 -5.9014395932E-01  8.0529806311E-01
           DelSqRho = -9.6586421289E+05
           Bond Ellipticity = NA
           V = -2.4149889703E+05
           G =  1.6421900768E+01
           K =  2.4148247512E+05
           L =  2.4146605322E+05
           Vnuc =  5.0292205072E+05
           Ven = -9.6221199213E+07
           Vrep =  9.5979700316E+07
           DelSqV =  7.5826342340E+09
           DelSqVen =  4.8575441104E+11
           DelSqVrep = -4.7817177681E+11
           DelSqG =  4.0642082258E+08
           DelSqK = -7.9890550566E+09
           Stress_EigVals = -8.0501051130E+04 -8.0499055371E+04 -8.0498790524E+04
           Stress_EigVec1 =  5.2198335920E-02 -5.7310814669E-01  8.1781561854E-01
           Stress_EigVec2 = -2.6966470701E-01  7.8042048700E-01  5.6411418105E-01
           Stress_EigVec3 =  9.6153849612E-01  2.4998183068E-01  1.1381038972E-01
           -DivStress =  3.4215799025E+03 -2.4552962105E+04  2.3749506724E+04
           ESP =  -1.8298599486E+01     ESP at Nucleus =  -1.8298600918E+01
           ESPe = -4.0447958430E+01     ESPe at Nucleus = -4.0447929260E+01
           ESPn =  2.2149358944E+01     ESPn at Nucleus =  2.2149328342E+01

CP# 6      Coords = -3.67948248328991E+00  8.82499081060425E-03  2.40508093708266E+00
           Type = (3,-3) NACP N6
           Rho =  1.9137795359E+02     Rho at Nucleus =  1.9137791964E+02
           GradRho =  5.0968784748E-11  5.6787907710E-14  3.5822900202E-11
           HessRho_EigVals = -3.2204849529E+05 -3.2204819734E+05 -3.2203843517E+05
           HessRho_EigVec1 =  8.8827694535E-01 -4.2114122477E-01  1.8331431248E-01
           HessRho_EigVec2 =  4.4384421263E-01  8.8973295940E-01 -1.0666572019E-01
           HessRho_EigVec3 = -1.1817945371E-01  1.7611169679E-01  9.7725037067E-01
           DelSqRho = -9.6613512780E+05
           Bond Ellipticity = NA
           V = -2.4156647386E+05
           G =  1.6345955958E+01
           K =  2.4155012791E+05
           L =  2.4153378195E+05
           Vnuc =  4.8211873535E+05
           Ven = -9.2266896957E+07
           Vrep =  9.2025330483E+07
           DelSqV =  7.5847475276E+09
           DelSqVen =  4.6579184563E+11
           DelSqVrep = -4.5820709810E+11
           DelSqG =  4.0653439117E+08
           DelSqK = -7.9912819188E+09
           Stress_EigVals = -8.0523587861E+04 -8.0521587726E+04 -8.0521298276E+04
           Stress_EigVec1 = -1.1424529603E-01  1.4536103993E-01  9.8276048985E-01
           Stress_EigVec2 = -6.9926242078E-02  9.8560728811E-01 -1.5391099474E-01
           Stress_EigVec3 =  9.9098856351E-01  8.6304355074E-02  1.0243644513E-01
           -DivStress = -4.7050760089E+03  1.2958761344E+04  3.3062986887E+04
           ESP =  -1.8301750192E+01     ESP at Nucleus =  -1.8301751752E+01
           ESPe = -4.0315676396E+01     ESPe at Nucleus = -4.0315644005E+01
           ESPn =  2.2013926204E+01     ESPn at Nucleus =  2.2013892254E+01

CP# 7      Coords =  5.97929564165754E+00 -5.18327600660456E-01  1.94262018099361E+00
           Type = (3,-3) NACP C7
           Rho =  1.1754068324E+02     Rho at Nucleus =  1.1754068317E+02
           GradRho = -1.9675576869E-10 -4.6345713156E-11 -3.1185896286E-11
           HessRho_EigVals = -1.4483889522E+05 -1.4483867741E+05 -1.4483833867E+05
           HessRho_EigVec1 = -1.7222535496E-01  4.3399588275E-01  8.8429972344E-01
           HessRho_EigVec2 =  9.8314778615E-01  1.3160508332E-01  1.2688787429E-01
           HessRho_EigVec3 = -6.1309523767E-02  8.9125062457E-01 -4.4934782351E-01
           DelSqRho = -4.3451591130E+05
           Bond Ellipticity = NA
           V = -1.0863922398E+05
           G =  5.1230771849E+00
           K =  1.0863410090E+05
           L =  1.0862897782E+05
           Vnuc =  6.3086154791E+06
           Ven = -7.4151897370E+08
           Vrep =  7.4141033448E+08
           DelSqV =  2.4924259393E+09
           DelSqVen =  2.7411934085E+12
           DelSqVrep = -2.7387007204E+12
           DelSqG =  1.3388099437E+08
           DelSqK = -2.6263069337E+09
           Stress_EigVals = -3.6213172448E+04 -3.6213061192E+04 -3.6212990339E+04
           Stress_EigVec1 = -1.7105619179E-02  8.9903782392E-01 -4.3753672869E-01
           Stress_EigVec2 =  9.7955028494E-01  1.0280763458E-01  1.7295036730E-01
           Stress_EigVec3 = -2.0047103798E-01  4.2563080413E-01  8.8241134484E-01
           -DivStress =  7.3932969706E+02  2.0521313687E+02  1.0518794262E+02
           ESP =  -1.4742096347E+01     ESP at Nucleus =  -1.4742096348E+01
           ESPe = -3.4192480182E+01     ESPe at Nucleus = -3.4192478690E+01
           ESPn =  1.9450383835E+01     ESPn at Nucleus =  1.9450382343E+01

CP# 8      Coords =  5.34049134149872E+00 -1.78377041722285E+00 -6.53181496316765E-01
           Type = (3,-3) NACP C8
           Rho =  1.1754464060E+02     Rho at Nucleus =  1.1754464054E+02
           GradRho =  2.5771573460E-12  1.5172694145E-10 -9.6954662621E-12
           HessRho_EigVals = -1.4484464937E+05 -1.4484445168E+05 -1.4484411564E+05
           HessRho_EigVec1 =  1.1795514521E-01  3.8533545704E-02  9.9227100611E-01
           HessRho_EigVec2 =  3.7282224089E-01  9.2442883834E-01 -8.0217825538E-02
           HessRho_EigVec3 =  9.2037501075E-01 -3.7940280533E-01 -9.4674975004E-02
           DelSqRho = -4.3453321670E+05
           Bond Ellipticity = NA
           V = -1.0864354413E+05
           G =  5.1199763879E+00
           K =  1.0863842415E+05
           L =  1.0863330417E+05
           Vnuc =  6.6458215256E+06
           Ven = -7.8118070270E+08
           Vrep =  7.8107205915E+08
           DelSqV =  2.4925256975E+09
           DelSqVen =  2.8878300774E+12
           DelSqVrep = -2.8853374207E+12
           DelSqG =  1.3388717554E+08
           DelSqK = -2.6264128731E+09
           Stress_EigVals = -3.6214609944E+04 -3.6214500264E+04 -3.6214433919E+04
           Stress_EigVec1 =  9.4027441416E-01 -3.2767784516E-01 -9.2256467911E-02
           Stress_EigVec2 =  3.2497354803E-01  9.4472769953E-01 -4.3379336352E-02
           Stress_EigVec3 =  1.0137168816E-01  1.0807568369E-02  9.9478991617E-01
           -DivStress = -2.9618145344E+02 -6.7001615397E+02  6.9660734672E+01
           ESP =  -1.4741387291E+01     ESP at Nucleus =  -1.4741387291E+01
           ESPe = -3.4785491574E+01     ESPe at Nucleus = -3.4785490964E+01
           ESPn =  2.0044104283E+01     ESPn at Nucleus =  2.0044103673E+01

CP# 9      Coords =  2.28313359561986E+00  3.22776124521023E+00  5.93450256519729E-01
           Type = (3,-3) NACP C9
           Rho =  1.1789441049E+02     Rho at Nucleus =  1.1789440984E+02
           GradRho = -2.1331664664E-09  3.1360307273E-09  4.5038623778E-09
           HessRho_EigVals = -1.4530477074E+05 -1.4530448627E+05 -1.4530362464E+05
           HessRho_EigVec1 =  3.7514617520E-01 -7.1271078375E-01  5.9271298785E-01
           HessRho_EigVec2 =  8.5522752442E-01  5.1275776465E-01  7.5268560873E-02
           HessRho_EigVec3 = -3.5756290174E-01  4.7866774857E-01  8.0188899342E-01
           DelSqRho = -4.3591288165E+05
           Bond Ellipticity = NA
           V = -1.0898841589E+05
           G =  5.0977395514E+00
           K =  1.0898331815E+05
           L =  1.0897822041E+05
           Vnuc =  2.0073705411E+06
           Ven = -2.3665776657E+08
           Vrep =  2.3654877816E+08
           DelSqV =  2.5004339152E+09
           DelSqVen =  8.7503869133E+11
           DelSqVrep = -8.7253825741E+11
           DelSqG =  1.3434160937E+08
           DelSqK = -2.6347755246E+09
           Stress_EigVals = -3.6329943158E+04 -3.6329249565E+04 -3.6329223169E+04
           Stress_EigVec1 = -1.2381111750E-01  2.2541954087E-01  9.6636268439E-01
           Stress_EigVec2 = -9.6041613352E-01  2.1768113888E-01 -1.7382684561E-01
           Stress_EigVec3 =  2.4954289743E-01  9.4963200892E-01 -1.8954521880E-01
           -DivStress =  8.6187126941E+02 -1.2784533418E+03 -1.8912729644E+03
           ESP =  -1.4767485706E+01     ESP at Nucleus =  -1.4767485777E+01
           ESPe = -3.6738850222E+01     ESPe at Nucleus = -3.6738853500E+01
           ESPn =  2.1971364516E+01     ESPn at Nucleus =  2.1971367724E+01

CP# 10     Coords =  5.66600258564323E+00 -2.08865235420243E-01 -3.10476184952619E+00
           Type = (3,-3) NACP C10
           Rho =  1.1756002246E+02     Rho at Nucleus =  1.1756002237E+02
           GradRho = -2.4799408187E-10  7.2546704755E-11  5.8577998138E-11
           HessRho_EigVals = -1.4486312232E+05 -1.4486282582E+05 -1.4486252093E+05
           HessRho_EigVec1 =  6.4154055878E-01 -6.2467250205E-01  4.4520779038E-01
           HessRho_EigVec2 = -6.8677215814E-01 -2.0918745138E-01  6.9612111948E-01
           HessRho_EigVec3 =  3.4171583843E-01  7.5234624699E-01  5.6320991681E-01
           DelSqRho = -4.3458846907E+05
           Bond Ellipticity = NA
           V = -1.0865736299E+05
           G =  5.1228627756E+00
           K =  1.0865224013E+05
           L =  1.0864711727E+05
           Vnuc =  5.3959090076E+06
           Ven = -6.3434318415E+08
           Vrep =  6.3423452678E+08
           DelSqV =  2.4928405460E+09
           DelSqVen =  2.3449998459E+12
           DelSqVrep = -2.3425070053E+12
           DelSqG =  1.3390370146E+08
           DelSqK = -2.6267442475E+09
           Stress_EigVals = -3.6219224641E+04 -3.6219121226E+04 -3.6219017127E+04
           Stress_EigVec1 =  3.6442984470E-01  7.4318269743E-01  5.6113310946E-01
           Stress_EigVec2 =  7.0559585144E-01  1.7286908985E-01 -6.8720504379E-01
           Stress_EigVec3 =  6.0772146805E-01 -6.4637122152E-01  4.6138797260E-01
           -DivStress =  8.7305361759E+02 -2.1342514812E+02 -9.0838690342E+01
           ESP =  -1.4737356759E+01     ESP at Nucleus =  -1.4737356761E+01
           ESPe = -3.3829318693E+01     ESPe at Nucleus = -3.3829316954E+01
           ESPn =  1.9091961934E+01     ESPn at Nucleus =  1.9091960193E+01

CP# 11     Coords =  2.51000916250608E+00  2.77502926550919E+00 -1.64016046390440E+00
           Type = (3,-3) NACP C11
           Rho =  1.1788962096E+02     Rho at Nucleus =  1.1788962032E+02
           GradRho = -1.3820600228E-09  7.9750940852E-10 -5.5600810909E-09
           HessRho_EigVals = -1.4529708211E+05 -1.4529684834E+05 -1.4529594041E+05
           HessRho_EigVec1 =  7.5778180308E-01 -6.1852025901E-01 -2.0784472118E-01
           HessRho_EigVec2 =  6.3748152851E-01  7.6973431017E-01  3.3561772334E-02
           HessRho_EigVec3 =  1.3922657696E-01 -1.5792967090E-01  9.7758589358E-01
           DelSqRho = -4.3588987087E+05
           Bond Ellipticity = NA
           V = -1.0898265350E+05
           G =  5.0928895121E+00
           K =  1.0897756061E+05
           L =  1.0897246772E+05
           Vnuc =  2.0206277131E+06
           Ven = -2.3821103520E+08
           Vrep =  2.3810205255E+08
           DelSqV =  2.5003004057E+09
           DelSqVen =  8.8077116211E+11
           DelSqVrep = -8.7827086171E+11
           DelSqG =  1.3433281927E+08
           DelSqK = -2.6346332249E+09
           Stress_EigVals = -3.6328023684E+04 -3.6327335003E+04 -3.6327294809E+04
           Stress_EigVec1 = -7.2575993113E-02  1.7015789356E-01  9.8274056418E-01
           Stress_EigVec2 = -1.8897165253E-01  9.6514479922E-01 -1.8106692433E-01
           Stress_EigVec3 =  9.7929691093E-01  1.9885122027E-01  3.7891323964E-02
           -DivStress =  5.4413786835E+02 -3.1362374654E+02  2.3412244878E+03
           ESP =  -1.4766906317E+01     ESP at Nucleus =  -1.4766906387E+01
           ESPe = -3.6562003554E+01     ESPe at Nucleus = -3.6562007065E+01
           ESPn =  2.1795097238E+01     ESPn at Nucleus =  2.1795100679E+01

CP# 12     Coords =  3.35644029439809E+00  1.42442713907708E+00 -3.89631189995929E+00
           Type = (3,-3) NACP C12
           Rho =  1.1751734175E+02     Rho at Nucleus =  1.1751734123E+02
           GradRho = -6.7614926700E-10  2.2696553470E-09  3.5820595336E-09
           HessRho_EigVals = -1.4480947223E+05 -1.4480884824E+05 -1.4480862304E+05
           HessRho_EigVec1 = -4.8796567725E-01  6.2862664784E-01  6.0557248571E-01
           HessRho_EigVec2 = -5.8099190283E-01  2.8384574598E-01 -7.6281059336E-01
           HessRho_EigVec3 =  6.5141224019E-01  7.2405809857E-01 -2.2672001062E-01
           DelSqRho = -4.3442694351E+05
           Bond Ellipticity = NA
           V = -1.0861711188E+05
           G =  5.1880040534E+00
           K =  1.0861192388E+05
           L =  1.0860673588E+05
           Vnuc =  2.2506280854E+06
           Ven = -2.6448782986E+08
           Vrep =  2.6437921275E+08
           DelSqV =  2.4919188463E+09
           DelSqVen =  9.7773351731E+11
           DelSqVrep = -9.7524159847E+11
           DelSqG =  1.3385265792E+08
           DelSqK = -2.6257715042E+09
           Stress_EigVals = -3.6205817834E+04 -3.6205743997E+04 -3.6205550054E+04
           Stress_EigVec1 =  6.3003918588E-01  7.2891320190E-01 -2.6783608488E-01
           Stress_EigVec2 = -5.3773521222E-01  1.6067260234E-01 -8.2766246526E-01
           Stress_EigVec3 = -5.6026017689E-01  6.6548467973E-01  4.9319233088E-01
           -DivStress =  3.0754373105E+02 -1.1395299066E+03 -1.8071050914E+03
           ESP =  -1.4721960794E+01     ESP at Nucleus =  -1.4721960821E+01
           ESPe = -3.4661892337E+01     ESPe at Nucleus = -3.4661888850E+01
           ESPn =  1.9939931543E+01     ESPn at Nucleus =  1.9939928029E+01

CP# 13     Coords =  3.77362850037784E+00  2.33887225130662E-01  3.72264926693071E+00
           Type = (3,-3) NACP C13
           Rho =  1.1756408702E+02     Rho at Nucleus =  1.1756408691E+02
           GradRho =  6.2179663328E-11  3.4763688803E-10 -1.2745819374E-10
           HessRho_EigVals = -1.4486949817E+05 -1.4486917706E+05 -1.4486887592E+05
           HessRho_EigVec1 = -5.2706774710E-01  8.4921779990E-01  3.2073638646E-02
           HessRho_EigVec2 = -5.3852222274E-01 -3.6295463353E-01  7.6043260688E-01
           HessRho_EigVec3 =  6.5741418115E-01  3.8352713375E-01  6.4862433819E-01
           DelSqRho = -4.3460755115E+05
           Bond Ellipticity = NA
           V = -1.0866213309E+05
           G =  5.1226521895E+00
           K =  1.0865701044E+05
           L =  1.0865188779E+05
           Vnuc =  5.0063553435E+06
           Ven = -5.8856759524E+08
           Vrep =  5.8845893311E+08
           DelSqV =  2.4929510234E+09
           DelSqVen =  2.1757998203E+12
           DelSqVrep = -2.1733068365E+12
           DelSqG =  1.3391089883E+08
           DelSqK = -2.6268619222E+09
           Stress_EigVals = -3.6220816729E+04 -3.6220713900E+04 -3.6220602462E+04
           Stress_EigVec1 =  6.5275032853E-01  4.0254477247E-01  6.4177466042E-01
           Stress_EigVec2 = -5.1468134119E-01 -3.8598181070E-01  7.6558550067E-01
