AIMSum (Version 19.02.13, Professional)
Copyright (c) 1997-2019 by Todd A. Keith
AIMSum is a component of the AIMAll package ( http://aim.tkgristmill.com )

TP:  64-bit Linux

Much of the Quantum Theory of Atoms in Molecules (QTAIM) is described in the book:
  "Atoms in Molecules - A Quantum Theory"
  R.F.W. Bader, Oxford University Press, Oxford, 1990

For additional references see:  http://aim.tkgristmill.com/references.html

Wfn File:  /home/mhennefarth/Documents/ML_Diels/summary-liu2014/1_9-opt/1_9-opt.wfn
Sum File:  /home/mhennefarth/Documents/ML_Diels/summary-liu2014/1_9-opt/1_9-opt.sum

SumViz File:  /home/mhennefarth/Documents/ML_Diels/summary-liu2014/1_9-opt/1_9-opt.sumviz

Wfn Title:   Title Card Required                                                           
 
Total memory allocated for AIMSum =        1.543 Megabytes

Atomic units (a.u.) used throughout, except where stated otherwise

Model:  Restricted SCF
 
Restricted, closed-shell, single-determinant wavefunction.
  Number of electrons (from MO Occs)                   =         106.0000000000
  Number of Alpha electrons (from MO Occs)             =          53.0000000000
  Number of Beta electrons (from MO Occs)              =          53.0000000000
  Number of electron pairs (N*(N-1)/2)                 =        5565.0000000000
  Number of electron pairs (from Muller 2EDM)          =        5565.0000000000
 
Nuclear Charges and Cartesian Coordinates:
-------------------------------------------------------------------------------
Atom      Charge                X                  Y                  Z
-------------------------------------------------------------------------------
C1         6.0           2.4084915100E+00  -2.0279222600E+00  -3.1512814000E-01
C2         6.0          -2.3498344800E+00  -2.0789048000E+00   3.1288934000E-01
C3         6.0          -1.3251843700E+00   4.6604438300E+00   1.2047516000E-01
H4         1.0          -2.4721114900E+00   4.6801961100E+00  -1.5960414200E+00
C5         6.0           1.1905149200E+00   4.6698866300E+00  -1.1520911000E-01
H6         1.0           2.3369855600E+00   4.6697720200E+00   1.6017128800E+00
N7         7.0          -9.2025506000E-01  -2.1590521200E+00   2.4066190800E+00
N8         7.0           1.5465599300E+00  -2.1214685800E+00   2.0686252300E+00
N9         7.0          -1.4860992000E+00  -2.1445391900E+00  -2.0713287900E+00
N10        7.0           9.8073172000E-01  -2.1286858800E+00  -2.4093129400E+00
C11        6.0           2.6123445600E+00   4.7049197500E+00  -2.5737976200E+00
H12        1.0           3.8564341600E+00   3.0541425700E+00  -2.7553274400E+00
H13        1.0           1.3242113600E+00   4.7064786500E+00  -4.1936613600E+00
C14        6.0          -2.7465072800E+00   4.6475909200E+00   2.5795797100E+00
H15        1.0          -3.9739215000E+00   2.9819871500E+00   2.7385204300E+00
H16        1.0          -1.4579624600E+00   4.6393479600E+00   4.1990902300E+00
H17        1.0           3.8236128100E+00   6.3854660300E+00  -2.7148155200E+00
H18        1.0          -3.9742651200E+00   6.3139195500E+00   2.7441180200E+00
O19        8.0           4.8922954200E+00  -1.8771718500E+00  -7.4126074000E-01
O20        8.0          -4.8362831400E+00  -1.9816466100E+00   7.3914500000E-01
C21        6.0           6.5266599700E+00  -1.8368674800E+00   1.4249923900E+00
H22        1.0           6.3209761100E+00  -3.5685161700E+00   2.5338364100E+00
H23        1.0           8.4300120500E+00  -1.6955479200E+00   6.4915973000E-01
H24        1.0           6.1112733300E+00  -2.1150697000E-01   2.6317324300E+00
C25        6.0          -6.4707194300E+00  -1.9624097600E+00  -1.4274116100E+00
H26        1.0          -8.3767255400E+00  -1.8644177100E+00  -6.5138296000E-01
H27        1.0          -6.0882438400E+00  -3.2190152000E-01  -2.6244830000E+00
H28        1.0          -6.2295277000E+00  -3.6830727300E+00  -2.5460912600E+00
 
Some Atomic Properties:
----------------------
  q(A) = Net Charge of Atom A
  L(A) = Lagrangian of Atom A = -(1/4) Times Atomic Integral of the Laplacian of the Electron Density
  K(A) = Electronic Kinetic Energy of Atom A (Hamiltonian Form)
  K_Scaled(A) = K(A) * E(Mol)/K(Mol) = Approximation to Virial-Based Total Energy of Atom A.
  |Mu_Intra(A)| = Magnitude of Intraatomic Dipole Moment of Atom A
--------------------------------------------------------------------------------------------------
Atom A          q(A)              L(A)              K(A)          K_Scaled(A)      |Mu_Intra(A)|
--------------------------------------------------------------------------------------------------
C1        1.6257744615E+00  4.5139318827E-04  3.6783353123E+01 -3.7123276182E+01  2.0670147976E-01
C2        1.6256530263E+00  1.3174504842E-04  3.6783130355E+01 -3.7123051355E+01  2.0655753112E-01
C3       -5.6637006500E-02 -2.2001817045E-05  3.7708740479E+01 -3.8057215245E+01  6.1614886586E-02
H4        1.7560558140E-02  2.2193073871E-05  6.0612833753E-01 -6.1172970285E-01  1.5696140916E-01
C5       -5.6599212900E-02  6.5597627188E-05  3.7708872615E+01 -3.8057348603E+01  6.1276171902E-02
H6        1.7593253070E-02  2.3505617677E-05  6.0614413758E-01 -6.1174564890E-01  1.5687281878E-01
N7       -5.3799895610E-01  5.7484294548E-05  5.4542538164E+01 -5.5046577759E+01  6.2511711481E-01
N8       -5.8676903620E-01  5.0169478642E-05  5.4564656043E+01 -5.5068900033E+01  6.3986253451E-01
N9       -5.8625835830E-01 -4.2509455676E-05  5.4564355290E+01 -5.5068596502E+01  6.3973311389E-01
N10      -5.3788863640E-01  2.8008705717E-05  5.4542466731E+01 -5.5046505665E+01  6.2508665381E-01
C11      -1.8093463000E-02  5.6081424857E-05  3.7678474878E+01 -3.8026669954E+01  8.8572868561E-02
H12       3.0830429870E-02  2.4092806243E-05  5.9919235378E-01 -6.0472962215E-01  1.4123534511E-01
H13       1.7465945340E-02  2.6863173647E-05  6.0360886872E-01 -6.0918695107E-01  1.5289475410E-01
C14      -1.8543701200E-02 -3.8593297159E-04  3.7678360260E+01 -3.8026554276E+01  8.7919145932E-02
H15       3.0605315520E-02  1.3023353966E-05  5.9923420331E-01 -6.0477185841E-01  1.4143216224E-01
H16       1.7639897650E-02  2.7612077113E-05  6.0354975461E-01 -6.0912729068E-01  1.5282321581E-01
H17       1.5029301260E-02  2.6375872328E-05  6.0355507953E-01 -6.0913266480E-01  1.5529046271E-01
H18       1.5022505590E-02  2.0168034451E-05  6.0355974736E-01 -6.0913737576E-01  1.5530410633E-01
O19      -1.1017918453E+00 -1.6453944891E-04  7.5274071103E+01 -7.5969695354E+01  2.4253298634E-01
O20      -1.1015353079E+00  1.8226477439E-04  7.5273989244E+01 -7.5969612739E+01  2.4189139515E-01
C21       4.2828327430E-01 -1.7013437480E-04  3.7428166033E+01 -3.7774047949E+01  6.2211930345E-01
H22       5.6664933970E-02  2.6842452337E-05  5.9617408086E-01 -6.0168345670E-01  1.4797038205E-01
H23       5.4093710270E-02  3.0615954331E-05  5.9876668629E-01 -6.0430002097E-01  1.4431262256E-01
H24       5.5514728270E-02  3.0772347584E-05  5.9663612334E-01 -6.0214976902E-01  1.4810368168E-01
C25       4.2810328760E-01 -3.4200458086E-04  3.7428174740E+01 -3.7774056737E+01  6.2194710221E-01
H26       5.4044635420E-02  1.8101966184E-05  5.9877812003E-01 -6.0431156037E-01  1.4433232468E-01
H27       5.5575005130E-02  3.0533711483E-05  5.9661413472E-01 -6.0212757720E-01  1.4807089382E-01
H28       5.6685235980E-02  3.0239028897E-05  5.9618171378E-01 -6.0169116016E-01  1.4796055114E-01
--------------------------------------------------------------------------------------------------
Total     2.3981380001E-05  2.4656136326E-04  6.7636747240E+02 -6.8261793301E+02
 
1st Largest |L(A)| = 4.5139318827E-04, atom C1      
2nd Largest |L(A)| = 3.8593297159E-04, atom C14     
 
Molecular charge q(Mol) from the wfn file:   0.0000000000E+00
Molecular energy E(Mol) from the wfn file:  -6.8261793032E+02
Molecular virial ratio (-V(Mol)/T(Mol)) from the wfn file:   2.0092412200E+00
Note.  K_Scaled(A) = (1+V(Mol)/T(Mol))*K(A) = (E(Mol)/T(Mol))*K(A)
       Only use K_Scaled(A) data with caution.
 
N_AIMInt(SumA)     =        105.999976
N_Analytic(Mol)    =        105.999986
 
G_AIMInt(SumA)     =        676.367226
G_Analytic(Mol)    =        676.367435
 
K_AIMInt(SumA)     =        676.367472
K_Analytic(Mol)    =        676.367435
 
L_AIMInt(SumA)     =          0.000247
L_Analytic(Mol)    =          0.000000
 
VenT_AIMInt(SumA)  =      -3447.432870
VenT_Analytic(Mol) =      -3447.434674
 
Some Information About the Atomic Calculations:
----------------------------------------------
  Time(sec) = "Elapsed User Time", in Seconds, for Atom A by AIMInt and, if used, by TWOe
  NProc = Number of Processors Used for AIMInt Job
  BIM = Basin Integration Method
  OAQ = Angular Quadrature Outside of Beta Sphere
  ORQ = Multiple of Default for Radial Quadrature Outside of Beta Sphere
  IAQ = Multiple of Default for Angular Quadrature Inside of Beta Sphere
  IRQ = Multiple of Default for Radial Quadrature Inside of Beta Sphere
  MIR = Maximum Integration Radius
------------------------------------------------------------------------------------------------------
Atom A     Time(sec)   NProc      BIM          OAQ                     ORQ      IAQ      IRQ      MIR
------------------------------------------------------------------------------------------------------
C1             86        8     Proaim(5)    4500(GS4)                  1.00     1.00     1.00    13.00
C2             84        8     Proaim(5)    5400(GS5)                  1.00     1.00     1.00    13.00
C3             55        8     Proaim(5)    4500(GS4)                  1.00     1.00     1.00    13.00
H4             14        8     Proaim(5)    1800(GS4)                  1.00     1.00     1.00    13.00
C5             55        8     Proaim(5)    4500(GS4)                  1.00     1.00     1.00    13.00
H6             14        8     Proaim(5)    1800(GS4)                  1.00     1.00     1.00    13.00
N7             28        8     Proaim(5)    4500(GS4)                  1.00     1.00     1.00    13.00
N8             41        8     Proaim(5)    4500(GS4)                  1.00     1.00     1.00    13.00
N9             41        8     Proaim(5)    4500(GS4)                  1.00     1.00     1.00    13.00
N10            30        8     Proaim(5)    4500(GS4)                  1.00     1.00     1.00    13.00
C11            30        8     Proaim(5)    4500(GS4)                  1.00     1.00     1.00    13.00
H12            22        8     Proaim(5)    4500(GS4)                  1.00     1.00     1.00    13.00
H13             8        8     Proaim(5)    1800(GS4)                  1.00     1.00     1.00    13.00
C14            31        8     Proaim(5)    4500(GS4)                  1.00     1.00     1.00    13.00
H15            20        8     Proaim(5)    4500(GS4)                  1.00     1.00     1.00    13.00
H16             8        8     Proaim(5)    1800(GS4)                  1.00     1.00     1.00    13.00
H17             6        8     Proaim(5)    1800(GS4)                  1.00     1.00     1.00    13.00
H18             7        8     Proaim(5)    1800(GS4)                  1.00     1.00     1.00    13.00
O19            54        8     Proaim(5)    4500(GS4)                  1.00     1.00     1.00    13.00
O20            53        8     Proaim(5)    4500(GS4)                  1.00     1.00     1.00    13.00
C21            36        8     Proaim(5)    4500(GS4)                  1.00     1.00     1.00    13.00
H22             7        8     Proaim(5)    1800(GS4)                  1.00     1.00     1.00    13.00
H23             8        8     Proaim(5)    1800(GS4)                  1.00     1.00     1.00    13.00
H24            12        8     Proaim(5)    1800(GS4)                  1.00     1.00     1.00    13.00
C25            40        8     Proaim(5)    4500(GS4)                  1.00     1.00     1.00    13.00
H26             6        8     Proaim(5)    1800(GS4)                  1.00     1.00     1.00    13.00
H27            12        8     Proaim(5)    1800(GS4)                  1.00     1.00     1.00    13.00
H28             7        8     Proaim(5)    1800(GS4)                  1.00     1.00     1.00    13.00
------------------------------------------------------------------------------------------------------
Total         815
Note:  Total wall clock time is less than total of atomic times if more than one atom
       was calculated at a time
 
Electron Density Critical Point Analysis of Molecular Structure:               
---------------------------------------------------------------                
  NACP = Nuclear Attractor Critical Point                                      
  NNACP = Non-Nuclear Attractor Critical Point                                 
  BCP = Bond Critical Point                                                    
  RCP = Ring Critical Point                                                    
  CCP = Cage Critical Point                                                    
  Rho = Electron Density                                                       
  GradRho = Gradient of Electron Density                                       
  HessRho_EigVals = Eigenvalues of the Hessian of Rho, Ascending Order         
  HessRho_EigVecs = Eigenvectors of the Hessian of Rho                         
  DelSqRho = Laplacian of Rho = Trace of Hessian of Rho                        
  Bond Ellipticity = (HessRho_EigVal(1) / HessRho_EigVal(2)) - 1               
  V = Virial Field = Potential Energy Density = Trace of Stress Tensor         
  G = Lagrangian Form of Kinetic Energy Density                                
  K = Hamiltonian Form of Kinetic Energy Density                               
  L = K - G = Lagrangian Density = (-1/4)DelSqRho                              
  Vnuc = Electrostatic Potential from Nuclei                                   
  Ven = Electron-nuclear attractive contribution to Virial Field V             
  Vrep = V - Ven = Repulsive contribution to Virial Field V                    
  DelSqV = Laplacian of V                                                      
  DelSqVen = Laplacian of Ven                                                  
  DelSqVrep = Laplacian of Vrep                                                
  DelSqG = Laplacian of G                                                      
  DelSqK = Laplacian of K                                                      
  Stress_EigVals = Eigenvalues of Stress Tensor, Ascending Order               
  Stress_EigVecs = Eigenvectors of Stress Tensor                               
  -DivStress = Ehrenfest Force Density = Minus Divergence of Stress Tensor     
  ESP = Total Electrostatic Potential                                          
  ESPe = Electrostatic Potential from Electrons                                
  ESPn = Electrostatic Potential from Nuclei                                   
  BP = Bond Path                                                               
  BPL = Bond Path Length                                                       
  GBL = Geometric Bond Length                                                  
  GBL_I = Distance Between Nuclear Attractors                                  
  GBL_II = Distance Between Nuclei                                             
  GBL_III = Sum of Distances Between BCP and Nuclear Attractors                
  GBL_IV = Sum of Distances Between BCP and Nuclei                             

CP# 1      Coords =  2.40849581400165E+00 -2.02792204023574E+00 -3.15128764991358E-01
           Type = (3,-3) NACP C1
           Rho =  1.1752616663E+02     Rho at Nucleus =  1.1752616526E+02
           GradRho = -2.3797162158E-12  3.3796754322E-12  1.6822793159E-12
           HessRho_EigVals = -1.4476616340E+05 -1.4476610936E+05 -1.4476531797E+05
           HessRho_EigVec1 =  9.4031578569E-01  3.0217346495E-01 -1.5651651753E-01
           HessRho_EigVec2 = -2.9829521845E-01  9.5325207621E-01  4.8274650209E-02
           HessRho_EigVec3 =  1.6378701362E-01  1.2947131473E-03  9.8649487474E-01
           DelSqRho = -4.3429759072E+05
           Bond Ellipticity = NA
           V = -1.0858467440E+05
           G =  5.1383576706E+00
           K =  1.0857953604E+05
           L =  1.0857439768E+05
           Vnuc =  1.3778456086E+06
           Ven = -1.6193291259E+08
           Vrep =  1.6182432792E+08
           DelSqV =  2.4911177194E+09
           DelSqVen =  5.9839503565E+11
           DelSqVrep = -5.9590391793E+11
           DelSqG =  1.3375981691E+08
           DelSqK = -2.6248775363E+09
           Stress_EigVals = -3.6195143251E+04 -3.6194906491E+04 -3.6194624654E+04
           Stress_EigVec1 =  1.7384081534E-01  4.0157063793E-03  9.8476557872E-01
           Stress_EigVec2 =  9.8325056976E-01  5.4889436308E-02 -1.7379720036E-01
           Stress_EigVec3 = -5.4751146038E-02  9.9848436336E-01  5.5935787762E-03
           -DivStress = -3.4780723508E+03 -1.8014329377E+02  5.0708529681E+02
           ESP =  -1.4600629056E+01     ESP at Nucleus =  -1.4600629139E+01
           ESPe = -3.5954044969E+01     ESPe at Nucleus = -3.5954047971E+01
           ESPn =  2.1353415913E+01     ESPn at Nucleus =  2.1353418832E+01

CP# 2      Coords = -2.34983878763888E+00 -2.07890467503013E+00  3.12889963640629E-01
           Type = (3,-3) NACP C2
           Rho =  1.1752590374E+02     Rho at Nucleus =  1.1752590237E+02
           GradRho =  2.2978122009E-11 -2.9582181663E-11  1.8554741077E-12
           HessRho_EigVals = -1.4476575055E+05 -1.4476569720E+05 -1.4476490514E+05
           HessRho_EigVec1 =  9.4561720311E-01 -2.8443359049E-01 -1.5781520138E-01
           HessRho_EigVec2 =  2.8095811406E-01  9.5869283513E-01 -4.4391283028E-02
           HessRho_EigVec3 =  1.6392267486E-01 -2.3623004517E-03  9.8647036256E-01
           DelSqRho = -4.3429635289E+05
           Bond Ellipticity = NA
           V = -1.0858436461E+05
           G =  5.1381918525E+00
           K =  1.0857922642E+05
           L =  1.0857408822E+05
           Vnuc =  1.3779561721E+06
           Ven = -1.6194554444E+08
           Vrep =  1.6183696007E+08
           DelSqV =  2.4911105584E+09
           DelSqVen =  5.9844134912E+11
           DelSqVrep = -5.9595023856E+11
           DelSqG =  1.3375935093E+08
           DelSqK = -2.6248699094E+09
           Stress_EigVals = -3.6195040012E+04 -3.6194803290E+04 -3.6194521306E+04
           Stress_EigVec1 =  1.7424628920E-01 -4.7046558346E-03  9.8469086363E-01
           Stress_EigVec2 =  9.8411025154E-01 -3.3833580182E-02 -1.7430519688E-01
           Stress_EigVec3 =  3.4135663251E-02  9.9941640724E-01 -1.2654757604E-03
           -DivStress =  3.4810413854E+03 -1.0357003923E+02 -5.0600669849E+02
           ESP =  -1.4600623022E+01     ESP at Nucleus =  -1.4600623106E+01
           ESPe = -3.5958943649E+01     ESPe at Nucleus = -3.5958946643E+01
           ESPn =  2.1358320626E+01     ESPn at Nucleus =  2.1358323537E+01

CP# 3      Coords = -1.32518606590962E+00  4.66044375236484E+00  1.20476081195286E-01
           Type = (3,-3) NACP C3
           Rho =  1.1767794327E+02     Rho at Nucleus =  1.1767794300E+02
           GradRho = -1.4108309447E-09 -5.4803100317E-11  7.5257794026E-10
           HessRho_EigVals = -1.4500468815E+05 -1.4500396525E+05 -1.4500365398E+05
           HessRho_EigVec1 = -1.6178589662E-02  9.9971511378E-01  1.7548347890E-02
           HessRho_EigVec2 = -5.3657115604E-02 -1.8393431572E-02  9.9839000176E-01
           HessRho_EigVec3 =  9.9842834855E-01  1.5210948430E-02  5.3939409213E-02
           DelSqRho = -4.3501230738E+05
           Bond Ellipticity = NA
           V = -1.0876323893E+05
           G =  5.0810443022E+00
           K =  1.0875815789E+05
           L =  1.0875307685E+05
           Vnuc =  3.1063922308E+06
           Ven = -3.6555384872E+08
           Vrep =  3.6544508548E+08
           DelSqV =  2.4952548181E+09
           DelSqVen =  1.3513188188E+12
           DelSqVrep = -1.3488235681E+12
           DelSqG =  1.3403058593E+08
           DelSqK = -2.6292854040E+09
           Stress_EigVals = -3.6254667949E+04 -3.6254498952E+04 -3.6254072033E+04
           Stress_EigVec1 =  9.9896333844E-01  6.4545916114E-03  4.5062031643E-02
           Stress_EigVec2 = -4.4975348106E-02 -1.2998281226E-02  9.9890353025E-01
           Stress_EigVec3 = -7.0332433069E-03  9.9989468592E-01  1.2694508903E-02
           -DivStress =  1.3779995868E+03  6.0878217616E+01 -7.5367343257E+02
           ESP =  -1.4747829736E+01     ESP at Nucleus =  -1.4747829762E+01
           ESPe = -3.1791150910E+01     ESPe at Nucleus = -3.1791151948E+01
           ESPn =  1.7043321174E+01     ESPn at Nucleus =  1.7043322186E+01

CP# 4      Coords = -2.45352507480353E+00  4.67985008780349E+00 -1.56781100560658E+00
           Type = (3,-3) NACP H4
           Rho =  4.2855862902E-01     Rho at Nucleus =  4.2506679274E-01
           GradRho =  1.4543624526E-15  2.5579581855E-15  3.5740403273E-15
           HessRho_EigVals = -6.5497923197E+00 -6.5419020888E+00 -5.9640014904E+00
           HessRho_EigVec1 =  8.3491297184E-01 -1.4422459106E-03 -5.5038009537E-01
           HessRho_EigVec2 =  6.7726258679E-03  9.9994777570E-01  7.6535881942E-03
           HessRho_EigVec3 =  5.5034031379E-01 -1.0117598536E-02  8.3487913689E-01
           DelSqRho = -1.9055695899E+01
           Bond Ellipticity = NA
           V = -4.7733773298E+00
           G =  4.7266775391E-03
           K =  4.7686506523E+00
           L =  4.7639239747E+00
           Vnuc =  4.6930443326E+01
           Ven = -2.0112446451E+01
           Vrep =  1.5339069121E+01
           DelSqV =  7.1876872012E+02
           DelSqVen =  8.9429225642E+02
           DelSqVrep = -1.7552353630E+02
           DelSqG =  7.0955157056E+01
           DelSqK = -7.8972387718E+02
           Stress_EigVals = -1.6406163497E+00 -1.6396743459E+00 -1.4930866342E+00
           Stress_EigVec1 =  8.3415867790E-01  6.2658245149E-04 -5.5152416763E-01
           Stress_EigVec2 =  5.0470974720E-03  9.9994880940E-01  8.7695713346E-03
           Stress_EigVec3 =  5.5150142964E-01 -1.0098810262E-02  8.3411281439E-01
           -DivStress = -4.2468263479E+00  7.8875613262E-02 -6.4494131437E+00
           ESP =  -1.1189706947E+00     ESP at Nucleus =  -1.1212989278E+00
           ESPe = -1.8464791611E+01     ESPe at Nucleus = -1.8383078637E+01
           ESPn =  1.7345820916E+01     ESPn at Nucleus =  1.7261779709E+01

CP# 5      Coords =  1.19051661660552E+00  4.66988657938926E+00 -1.15210030484862E-01
           Type = (3,-3) NACP C5
           Rho =  1.1767794663E+02     Rho at Nucleus =  1.1767794636E+02
           GradRho =  1.4026599113E-09 -4.9776495751E-11 -7.5051654247E-10
           HessRho_EigVals = -1.4500470556E+05 -1.4500398305E+05 -1.4500367195E+05
           HessRho_EigVec1 =  9.6913536129E-03  9.9994921474E-01 -2.7650673804E-03
           HessRho_EigVec2 = -5.3721753147E-02  3.2818627325E-03  9.9855055086E-01
           HessRho_EigVec3 =  9.9850891378E-01 -9.5287622215E-03  5.3750830567E-02
           DelSqRho = -4.3501236057E+05
           Bond Ellipticity = NA
           V = -1.0876325241E+05
           G =  5.0811361471E+00
           K =  1.0875817128E+05
           L =  1.0875309014E+05
           Vnuc =  3.1073974466E+06
           Ven = -3.6567215087E+08
           Vrep =  3.6556338762E+08
           DelSqV =  2.4952551442E+09
           DelSqVen =  1.3517563126E+12
           DelSqVrep = -1.3492610492E+12
           DelSqG =  1.3403061771E+08
           DelSqK = -2.6292857619E+09
           Stress_EigVals = -3.6254672340E+04 -3.6254503444E+04 -3.6254076631E+04
           Stress_EigVec1 =  9.9899124502E-01 -8.8286958580E-04  4.4896691485E-02
           Stress_EigVec2 = -4.4898908645E-02 -2.6763123991E-03  9.9898795056E-01
           Stress_EigVec3 =  7.6181850603E-04  9.9999602894E-01  2.7132525365E-03
           -DivStress = -1.3785388208E+03  3.8802111664E+01  7.5308027358E+02
           ESP =  -1.4747852972E+01     ESP at Nucleus =  -1.4747852997E+01
           ESPe = -3.1813596532E+01     ESPe at Nucleus = -3.1813597554E+01
           ESPn =  1.7065743560E+01     ESPn at Nucleus =  1.7065744557E+01

CP# 6      Coords =  2.31840712314768E+00  4.66975551041268E+00  1.57347401393106E+00
           Type = (3,-3) NACP H6
           Rho =  4.2856699177E-01     Rho at Nucleus =  4.2507490509E-01
           GradRho = -2.5969546295E-15 -2.7749341453E-15 -3.9206290039E-15
           HessRho_EigVals = -6.5499026746E+00 -6.5420063673E+00 -5.9641018566E+00
           HessRho_EigVec1 =  8.3500139132E-01  1.4844232920E-02 -5.5004756634E-01
           HessRho_EigVec2 = -1.2606488062E-02  9.9988974533E-01  7.8468871905E-03
           HessRho_EigVec3 =  5.5010340205E-01  3.8200635682E-04  8.3509646217E-01
           DelSqRho = -1.9056010899E+01
           Bond Ellipticity = NA
           V = -4.7734594883E+00
           G =  4.7283818363E-03
           K =  4.7687311065E+00
           L =  4.7640027246E+00
           Vnuc =  4.6992992997E+01
           Ven = -2.0139645643E+01
           Vrep =  1.5366186155E+01
           DelSqV =  7.1877928955E+02
           DelSqVen =  8.9549898671E+02
           DelSqVrep = -1.7671969715E+02
           DelSqG =  7.0956300289E+01
           DelSqK = -7.8973558984E+02
           Stress_EigVals = -1.6406443608E+00 -1.6397024987E+00 -1.4931126289E+00
           Stress_EigVec1 =  8.3425167186E-01  1.3644755821E-02 -5.5121499312E-01
           Stress_EigVec2 = -1.1591516750E-02  9.9990683529E-01  7.2081536843E-03
           Stress_EigVec3 =  5.5126199283E-01  3.7600356345E-04  8.3433211246E-01
           -DivStress =  4.2450600507E+00  3.5850151456E-03  6.4514382130E+00
           ESP =  -1.1189774023E+00     ESP at Nucleus =  -1.1213056938E+00
           ESPe = -1.8528141441E+01     ESPe at Nucleus = -1.8446984541E+01
           ESPn =  1.7409164039E+01     ESPn at Nucleus =  1.7325678847E+01

CP# 7      Coords = -9.20248452845197E-01 -2.15905150869056E+00  2.40660607522386E+00
           Type = (3,-3) NACP N7
           Rho =  1.9138147423E+02     Rho at Nucleus =  1.9138143990E+02
           GradRho =  1.1530817967E-11  6.4941468869E-11 -5.2027271380E-11
           HessRho_EigVals = -3.2205336072E+05 -3.2205305672E+05 -3.2204318862E+05
           HessRho_EigVec1 =  3.4888516539E-01  9.2463187916E-01  1.5275807477E-01
           HessRho_EigVec2 =  8.9384299142E-01 -3.7729309122E-01  2.4226974637E-01
           HessRho_EigVec3 = -2.8164489709E-01 -5.2017413987E-02  9.5810768736E-01
           DelSqRho = -9.6614960606E+05
           Bond Ellipticity = NA
           V = -2.4157008372E+05
           G =  1.6341103972E+01
           K =  2.4155374262E+05
           L =  2.4153740151E+05
           Vnuc =  4.7947973633E+05
           Ven = -9.1763538800E+07
           Vrep =  9.1521968716E+07
           DelSqV =  7.5848587844E+09
           DelSqVen =  4.6324915840E+11
           DelSqVrep = -4.5566429962E+11
           DelSqG =  4.0653893775E+08
           DelSqK = -7.9913977221E+09
           Stress_EigVals = -8.0524805536E+04 -8.0522800649E+04 -8.0522477538E+04
           Stress_EigVec1 = -2.5346580968E-01 -5.3013623008E-02  9.6589059375E-01
           Stress_EigVec2 =  9.6510452426E-01 -8.1767451636E-02  2.4877166458E-01
           Stress_EigVec3 =  6.5790125169E-02  9.9524049336E-01  7.1888940747E-02
           -DivStress = -1.6309109423E+04 -1.5099971116E+03  3.2079959991E+04
           ESP =  -1.8299010773E+01     ESP at Nucleus =  -1.8299012348E+01
           ESPe = -3.7428865627E+01     ESPe at Nucleus = -3.7428833550E+01
           ESPn =  1.9129854855E+01     ESPn at Nucleus =  1.9129821203E+01

CP# 8      Coords =  1.54655064408273E+00 -2.12146832612299E+00  2.06861473994542E+00
           Type = (3,-3) NACP N8
           Rho =  1.9133099972E+02     Rho at Nucleus =  1.9133096812E+02
           GradRho = -5.9430793620E-12 -7.1416483838E-12 -4.7901238531E-11
           HessRho_EigVals = -3.2196928692E+05 -3.2196910879E+05 -3.2195933539E+05
           HessRho_EigVec1 = -5.8165075479E-01  7.1329387074E-01  3.9101694774E-01
           HessRho_EigVec2 =  6.2219730981E-01  6.9977138779E-01 -3.5098506022E-01
           HessRho_EigVec3 =  5.2397796434E-01 -3.9138967775E-02  8.5083208337E-01
           DelSqRho = -9.6589773110E+05
           Bond Ellipticity = NA
           V = -2.4150726713E+05
           G =  1.6417177408E+01
           K =  2.4149084995E+05
           L =  2.4147443277E+05
           Vnuc =  4.9959392327E+05
           Ven = -9.5587804794E+07
           Vrep =  9.5346297527E+07
           DelSqV =  7.5828957563E+09
           DelSqVen =  4.8255663706E+11
           DelSqVrep = -4.7497374130E+11
           DelSqG =  4.0643464916E+08
           DelSqK = -7.9893304054E+09
           Stress_EigVals = -8.0503852689E+04 -8.0501850427E+04 -8.0501564013E+04
           Stress_EigVec1 =  5.0617940831E-01 -4.0781961805E-02  8.6146342824E-01
           Stress_EigVec2 =  8.6007113429E-01  9.7670526375E-02 -5.0073756824E-01
           Stress_EigVec3 = -6.3718526107E-02  9.9438287388E-01  8.4514197398E-02
           -DivStress =  2.2911971631E+04 -6.2482018681E+02  2.5866690011E+04
           ESP =  -1.8297068718E+01     ESP at Nucleus =  -1.8297070168E+01
           ESPe = -3.7643637572E+01     ESPe at Nucleus = -3.7643609064E+01
           ESPn =  1.9346568854E+01     ESPn at Nucleus =  1.9346538897E+01

CP# 9      Coords = -1.48608991903051E+00 -2.14453878457614E+00 -2.07131829885643E+00
           Type = (3,-3) NACP N9
           Rho =  1.9133104158E+02     Rho at Nucleus =  1.9133100997E+02
           GradRho = -3.2437608155E-11  8.7423124295E-13 -1.8739676477E-11
           HessRho_EigVals = -3.2196928165E+05 -3.2196910272E+05 -3.2195932773E+05
           HessRho_EigVec1 =  5.6273114131E-01  7.3106734632E-01 -3.8584219279E-01
           HessRho_EigVec2 =  6.4003633790E-01 -6.8072328618E-01 -3.5632750920E-01
           HessRho_EigVec3 =  5.2315117199E-01  4.6436438149E-02  8.5097385885E-01
           DelSqRho = -9.6589771210E+05
           Bond Ellipticity = NA
           V = -2.4150726232E+05
           G =  1.6417145724E+01
           K =  2.4149084517E+05
           L =  2.4147442802E+05
           Vnuc =  4.9955462411E+05
           Ven = -9.5580306560E+07
           Vrep =  9.5338799297E+07
           DelSqV =  7.5828954770E+09
           DelSqVen =  4.8251866835E+11
           DelSqVrep = -4.7493577281E+11
           DelSqG =  4.0643453599E+08
           DelSqK = -7.9893300130E+09
           Stress_EigVals = -8.0503851385E+04 -8.0501848999E+04 -8.0501561931E+04
           Stress_EigVec1 =  5.0534626005E-01  4.7661438750E-02  8.6159941081E-01
           Stress_EigVec2 =  8.6184482502E-01 -7.7627390314E-02 -5.0119605532E-01
           Stress_EigVec3 =  4.2995988665E-02  9.9584254555E-01 -8.0305475712E-02
           -DivStress = -2.2899784177E+04 -9.9895142483E+02 -2.5869331125E+04
           ESP =  -1.8297073167E+01     ESP at Nucleus =  -1.8297074618E+01
           ESPe = -3.7650896138E+01     ESPe at Nucleus = -3.7650867657E+01
           ESPn =  1.9353822970E+01     ESPn at Nucleus =  1.9353793039E+01

CP# 10     Coords =  9.80725102532850E-01 -2.12868546327957E+00 -2.40929993404704E+00
           Type = (3,-3) NACP N10
           Rho =  1.9138150154E+02     Rho at Nucleus =  1.9138146722E+02
           GradRho = -7.4846656650E-12  3.1379232546E-11  3.2353231205E-11
           HessRho_EigVals = -3.2205344927E+05 -3.2205314513E+05 -3.2204327696E+05
           HessRho_EigVec1 = -3.6115629955E-01  9.2085689822E-01 -1.4693093716E-01
           HessRho_EigVec2 =  8.8859505148E-01  3.8763262988E-01  2.4523413045E-01
           HessRho_EigVec3 = -2.8278076629E-01  4.1994252594E-02  9.5826484907E-01
           DelSqRho = -9.6614987136E+05
           Bond Ellipticity = NA
           V = -2.4157015037E+05
           G =  1.6341264090E+01
           K =  2.4155380910E+05
           L =  2.4153746784E+05
           Vnuc =  4.7951692214E+05
           Ven = -9.1770668574E+07
           Vrep =  9.1529098424E+07
           DelSqV =  7.5848609868E+09
           DelSqVen =  4.6328521216E+11
           DelSqVrep = -4.5570035130E+11
           DelSqG =  4.0653910811E+08
           DelSqK = -7.9914000949E+09
           Stress_EigVals = -8.0524827756E+04 -8.0522823264E+04 -8.0522499349E+04
           Stress_EigVec1 = -2.5468496212E-01  4.3528893288E-02  9.6604389420E-01
           Stress_EigVec2 =  9.6325703286E-01  9.9510845326E-02  2.4946639113E-01
           Stress_EigVec3 = -8.5272848615E-02  9.9408391352E-01 -6.7273428465E-02
           -DivStress =  1.6334622035E+04 -1.0297530750E+03 -3.2082975687E+04
           ESP =  -1.8298973962E+01     ESP at Nucleus =  -1.8298975536E+01
           ESPe = -3.7431987015E+01     ESPe at Nucleus = -3.7431954946E+01
           ESPn =  1.9133013053E+01     ESPn at Nucleus =  1.9132979410E+01

CP# 11     Coords =  2.61234434901238E+00  4.70491993135999E+00 -2.57379680686582E+00
           Type = (3,-3) NACP C11
           Rho =  1.1751291635E+02     Rho at Nucleus =  1.1751291630E+02
           GradRho = -5.6715923841E-11  2.3087929138E-12  1.3477712541E-10
           HessRho_EigVals = -1.4480194020E+05 -1.4480167625E+05 -1.4480159203E+05
           HessRho_EigVec1 = -4.0366530292E-01 -9.3256353532E-02  9.1014151413E-01
           HessRho_EigVec2 =  1.4107001476E-01  9.7655073383E-01  1.6262815004E-01
           HessRho_EigVec3 =  9.0396547177E-01 -1.9404101828E-01  3.8104397262E-01
           DelSqRho = -4.3440520848E+05
           Bond Ellipticity = NA
           V = -1.0861178940E+05
           G =  5.2436411900E+00
           K =  1.0860654576E+05
           L =  1.0860130212E+05
           Vnuc =  6.9815069870E+06
           Ven = -8.2041724655E+08
           Vrep =  8.2030863476E+08
           DelSqV =  2.4917941830E+09
           DelSqVen =  3.0328042291E+12
           DelSqVrep = -3.0303129592E+12
           DelSqG =  1.3384490122E+08
           DelSqK = -2.6256390842E+09
           Stress_EigVals = -3.6203976567E+04 -3.6203949131E+04 -3.6203863706E+04
           Stress_EigVec1 =  9.0335813932E-01 -1.7881654432E-01  3.8983165033E-01
           Stress_EigVec2 =  1.3062367969E-01  9.8046650322E-01  1.4704723858E-01
           Stress_EigVec3 = -4.0851135410E-01 -8.1915075211E-02  9.0907007102E-01
           -DivStress =  1.7156036902E+02 -1.4811285074E+02 -6.5903141316E+02
           ESP =  -1.4748062944E+01     ESP at Nucleus =  -1.4748062946E+01
           ESPe = -2.9841052637E+01     ESPe at Nucleus = -2.9841051783E+01
           ESPn =  1.5092989693E+01     ESPn at Nucleus =  1.5092988837E+01

CP# 12     Coords =  3.83618680715505E+00  3.08108942704056E+00 -2.75217392370587E+00
           Type = (3,-3) NACP H12
           Rho =  4.2117038900E-01     Rho at Nucleus =  4.1774220455E-01
           GradRho =  2.5966642031E-17  4.9005938196E-17  5.8677021575E-16
           HessRho_EigVals = -6.4015628652E+00 -6.3998975221E+00 -5.8371238344E+00
           HessRho_EigVec1 = -3.0926495008E-01 -3.3780424847E-01  8.8895639959E-01
           HessRho_EigVec2 =  7.3853757400E-01  5.0358035870E-01  4.4829574403E-01
           HessRho_EigVec3 = -5.9909718948E-01  7.9516986364E-01  9.3741375655E-02
           DelSqRho = -1.8638584222E+01
           Bond Ellipticity = NA
           V = -4.6694435328E+00
           G =  4.8987386774E-03
           K =  4.6645447941E+00
           L =  4.6596460554E+00
           Vnuc =  4.6730977026E+01
           Ven = -1.9681703772E+01
           Vrep =  1.5012260240E+01
           DelSqV =  7.0261321604E+02
           DelSqVen =  8.7099925107E+02
           DelSqVrep = -1.6838603503E+02
           DelSqG =  6.9082950885E+01
           DelSqK = -7.7169616693E+02
           Stress_EigVals = -1.6041555391E+00 -1.6039510819E+00 -1.4613369118E+00
           Stress_EigVec1 = -4.9948601277E-01 -4.6237594787E-01  7.3261327170E-01
           Stress_EigVec2 =  6.2567996594E-01  3.9237051552E-01  6.7421803504E-01
           Stress_EigVec3 = -5.9919805012E-01  7.9514392495E-01  9.3315782986E-02
           -DivStress =  4.5235555710E+00 -6.0200754532E+00 -7.0448089659E-01
           ESP =  -1.1241384080E+00     ESP at Nucleus =  -1.1263738681E+00
           ESPe = -1.8315732032E+01     ESPe at Nucleus = -1.8266529044E+01
           ESPn =  1.7191593624E+01     ESPn at Nucleus =  1.7140155176E+01

CP# 13     Coords =  1.34522819784451E+00  4.70650679571732E+00 -4.16693982240635E+00
           Type = (3,-3) NACP H13
           Rho =  4.2388300287E-01     Rho at Nucleus =  4.2040998205E-01
           GradRho =  8.3228541543E-16 -2.5686731523E-15  2.4305965381E-15
           HessRho_EigVals = -6.4323910523E+00 -6.4307104440E+00 -5.8625436132E+00
           HessRho_EigVec1 =  7.8482837481E-01  5.0302003541E-02 -6.1766830139E-01
           HessRho_EigVec2 = -3.9691313133E-02  9.9873401829E-01  3.0902433072E-02
           HessRho_EigVec3 =  6.1844079891E-01  2.6295963673E-04  7.8583134901E-01
           DelSqRho = -1.8725645109E+01
           Bond Ellipticity = NA
           V = -4.6909800216E+00
           G =  4.7843721208E-03
           K =  4.6861956495E+00
           L =  4.6814112774E+00
           Vnuc =  4.5397923632E+01
           Ven = -1.9243408193E+01
           Vrep =  1.4552428172E+01
           DelSqV =  7.0560896741E+02
           DelSqVen =  8.5010540664E+02
           DelSqVrep = -1.4449643924E+02
           DelSqG =  6.9272851264E+01
           DelSqK = -7.7488181867E+02
           Stress_EigVals = -1.6118219298E+00 -1.6116256431E+00 -1.4675324487E+00
           Stress_EigVec1 =  7.8506703880E-01 -3.5116685232E-02 -6.1841455595E-01
           Stress_EigVec2 =  2.7370795374E-02  9.9938315858E-01 -2.2003224861E-02
           Stress_EigVec3 =  6.1880577256E-01  3.4750831867E-04  7.8554394854E-01
           -DivStress = -4.7166190551E+00 -6.3449888393E-03 -5.9969756873E+00
           ESP =  -1.1260389003E+00     ESP at Nucleus =  -1.1282805635E+00
           ESPe = -1.7109002167E+01     ESPe at Nucleus = -1.7034381340E+01
           ESPn =  1.5982963267E+01     ESPn at Nucleus =  1.5906100776E+01

CP# 14     Coords = -2.74650707478600E+00  4.64759111068966E+00  2.57957889792788E+00
           Type = (3,-3) NACP C14
           Rho =  1.1751287289E+02     Rho at Nucleus =  1.1751287284E+02
           GradRho =  2.4721612534E-11  6.7069817582E-11 -1.2587232236E-10
           HessRho_EigVals = -1.4480186911E+05 -1.4480160587E+05 -1.4480152121E+05
           HessRho_EigVec1 = -4.0501022778E-01  7.6066638535E-02  9.1114245972E-01
           HessRho_EigVec2 = -1.4162524091E-01  9.7928624142E-01 -1.4470918595E-01
           HessRho_EigVec3 =  9.0327681612E-01  1.8764947072E-01  3.8584798769E-01
           DelSqRho = -4.3440499619E+05
           Bond Ellipticity = NA
           V = -1.0861173629E+05
           G =  5.2436218928E+00
           K =  1.0860649267E+05
           L =  1.0860124905E+05
           Vnuc =  6.9846187126E+06
           Ven = -8.2078261096E+08
           Vrep =  8.2067399922E+08
           DelSqV =  2.4917929400E+09
           DelSqVen =  3.0341537464E+12
           DelSqVrep = -3.0316616913E+12
           DelSqG =  1.3384481896E+08
           DelSqK = -2.6256377590E+09
           Stress_EigVals = -3.6203958846E+04 -3.6203931353E+04 -3.6203846093E+04
           Stress_EigVec1 =  9.0258190311E-01  1.7323312487E-01  3.9412712748E-01
           Stress_EigVec2 = -1.3220891088E-01  9.8276652923E-01 -1.2919269681E-01
           Stress_EigVec3 = -4.0971540373E-01  6.4499871887E-02  9.0993024704E-01
           -DivStress = -1.6685063116E+02 -1.5567368856E+02  6.5816984119E+02
           ESP =  -1.4748030773E+01     ESP at Nucleus =  -1.4748030774E+01
           ESPe = -2.9829056553E+01     ESPe at Nucleus = -2.9829055703E+01
           ESPn =  1.5081025780E+01     ESPn at Nucleus =  1.5081024929E+01

CP# 15     Coords = -3.95395539919584E+00  3.00917046686132E+00  2.73573616533303E+00
           Type = (3,-3) NACP H15
