AIMSum (Version 19.02.13, Professional)
Copyright (c) 1997-2019 by Todd A. Keith
AIMSum is a component of the AIMAll package ( http://aim.tkgristmill.com )

TP:  64-bit Linux

Much of the Quantum Theory of Atoms in Molecules (QTAIM) is described in the book:
  "Atoms in Molecules - A Quantum Theory"
  R.F.W. Bader, Oxford University Press, Oxford, 1990

For additional references see:  http://aim.tkgristmill.com/references.html

Wfn File:  /home/mhennefarth/Documents/ML_Diels/summary-liu2014/2_11-opt/2_11-opt.wfn
Sum File:  /home/mhennefarth/Documents/ML_Diels/summary-liu2014/2_11-opt/2_11-opt.sum

SumViz File:  /home/mhennefarth/Documents/ML_Diels/summary-liu2014/2_11-opt/2_11-opt.sumviz

Wfn Title:   Title Card Required                                                           
 
Total memory allocated for AIMSum =        2.013 Megabytes

Atomic units (a.u.) used throughout, except where stated otherwise

Model:  Restricted SCF
 
Restricted, closed-shell, single-determinant wavefunction.
  Number of electrons (from MO Occs)                   =         120.0000000000
  Number of Alpha electrons (from MO Occs)             =          60.0000000000
  Number of Beta electrons (from MO Occs)              =          60.0000000000
  Number of electron pairs (N*(N-1)/2)                 =        7140.0000000000
  Number of electron pairs (from Muller 2EDM)          =        7140.0000000000
 
Nuclear Charges and Cartesian Coordinates:
-------------------------------------------------------------------------------
Atom      Charge                X                  Y                  Z
-------------------------------------------------------------------------------
C1         6.0          -7.0321130600E+00  -1.6268886200E+00  -7.3386225000E-01
C2         6.0          -4.4539628600E+00   2.3826015400E+00   2.8987966000E-01
C3         6.0           3.6298145700E+00   1.9312938200E+00  -1.2183454000E-01
H4         1.0           2.1309857400E+00   1.1316092200E+00  -1.2921872700E+00
C5         6.0           3.8904870000E+00   1.0875894700E+00   2.2497193800E+00
H6         1.0           5.4312828400E+00   1.8346194400E+00   3.4041041200E+00
N7         7.0          -6.7953322300E+00   2.1973172900E+00   1.2527256600E+00
N8         7.0          -8.1195348900E+00   1.3976889000E-01   7.2589280000E-01
N9         7.0          -3.3515916600E+00   5.8638411000E-01  -1.1454943300E+00
N10        7.0          -4.6682175800E+00  -1.4626382200E+00  -1.6679597600E+00
C11        6.0           2.8416079500E+00  -1.4153392900E+00   3.0469776700E+00
H12        1.0           2.3909763100E+00  -1.5373186800E+00   5.0684651000E+00
H13        1.0           1.1156180600E+00  -1.8493335700E+00   1.9826748600E+00
C14        6.0           5.7671049400E+00   3.1772598000E+00  -1.4897529900E+00
H15        1.0           5.1675434100E+00   4.5167435400E+00  -2.9557201000E+00
H16        1.0           6.9894168800E+00   4.2008528100E+00  -1.6152708000E-01
C17        6.0           4.9152559700E+00  -3.4038547400E+00   2.3846496300E+00
H18        1.0           4.1305068100E+00  -5.3000235600E+00   2.7037323900E+00
H19        1.0           6.4884708200E+00  -3.2024831700E+00   3.7262428300E+00
C20        6.0           7.3060721500E+00   9.9082066000E-01  -2.7329789300E+00
H21        1.0           9.0413814800E+00   1.7904566500E+00  -3.5470491900E+00
H22        1.0           6.2186084200E+00   2.3421394000E-01  -4.3321986600E+00
C23        6.0           8.0316431700E+00  -1.2230587600E+00  -9.5259825000E-01
H24        1.0           9.6278317000E+00  -2.1930893500E+00  -1.8557903100E+00
H25        1.0           8.7940443600E+00  -4.5147783000E-01   8.1695191000E-01
C26        6.0           5.9784415700E+00  -3.2696225700E+00  -3.4478706000E-01
H27        1.0           6.8200707700E+00  -5.1262550200E+00  -7.3098118000E-01
H28        1.0           4.4014490700E+00  -3.0962525600E+00  -1.6817624300E+00
C29        6.0          -2.9671930800E+00   4.7288374700E+00   8.3756005000E-01
C30        6.0          -8.5307193300E+00  -3.9483048500E+00  -1.3609265000E+00
H31        1.0          -7.5260562700E+00  -5.6464410600E+00  -7.3678952000E-01
H32        1.0          -8.7895766700E+00  -4.1066813200E+00  -3.4087117000E+00
H33        1.0          -1.0375883730E+01  -3.8622813200E+00  -4.4316170000E-01
H34        1.0          -1.0380191900E+00   4.2478485900E+00   1.4069444300E+00
H35        1.0          -3.9021358700E+00   5.8222772800E+00   2.3161836000E+00
H36        1.0          -2.8324143900E+00   5.8991878700E+00  -8.6784583000E-01
 
Some Atomic Properties:
----------------------
  q(A) = Net Charge of Atom A
  L(A) = Lagrangian of Atom A = -(1/4) Times Atomic Integral of the Laplacian of the Electron Density
  K(A) = Electronic Kinetic Energy of Atom A (Hamiltonian Form)
  K_Scaled(A) = K(A) * E(Mol)/K(Mol) = Approximation to Virial-Based Total Energy of Atom A.
  |Mu_Intra(A)| = Magnitude of Intraatomic Dipole Moment of Atom A
--------------------------------------------------------------------------------------------------
Atom A          q(A)              L(A)              K(A)          K_Scaled(A)      |Mu_Intra(A)|
--------------------------------------------------------------------------------------------------
C1        1.0358803329E+00 -1.3869325736E-04  3.7138766155E+01 -3.7499609007E+01  6.1370347096E-01
C2        1.0303134232E+00  3.0602482175E-04  3.7141698324E+01 -3.7502569665E+01  6.2480028391E-01
C3       -6.9051764100E-02 -8.6954370954E-05  3.7761894367E+01 -3.8128791576E+01  2.1668160437E-01
H4        4.1211804320E-02  2.1804400856E-05  5.9878471494E-01 -6.0460254915E-01  1.4393969085E-01
C5       -6.8788429600E-02 -1.4399186753E-04  3.7756527395E+01 -3.8123372458E+01  2.1630441646E-01
H6        1.1388111830E-02  3.2445643026E-05  6.0942379687E-01 -6.1534500114E-01  1.5837145506E-01
N7       -5.9905547990E-01  2.5386487505E-05  5.4579648484E+01 -5.5109948170E+01  6.6929743267E-01
N8       -6.0190344950E-01  9.2416946267E-05  5.4581271448E+01 -5.5111586902E+01  6.7029213679E-01
N9       -5.9286544130E-01  9.4071585943E-06  5.4566259971E+01 -5.5096429573E+01  6.6887721816E-01
N10      -5.8620219450E-01  6.7260421237E-05  5.4574474739E+01 -5.5104724156E+01  6.6232179779E-01
C11       2.5600892700E-02  1.8358365985E-04  3.7667448301E+01 -3.8033427865E+01  1.0019925482E-01
H12      -4.7345210000E-04  2.6493676648E-05  6.1517070774E-01 -6.2114774940E-01  1.5911429095E-01
H13       1.3734913620E-02  3.3861501124E-05  6.1062112334E-01 -6.1655396092E-01  1.4967576773E-01
C14       2.5826868600E-02  1.9805315850E-04  3.7667597608E+01 -3.8033578623E+01  9.2346720623E-02
H15       1.6029850500E-03  2.3739029089E-05  6.1443313107E-01 -6.2040300638E-01  1.5864701529E-01
H16       1.6427573100E-03  3.0999140013E-05  6.1457367077E-01 -6.2054491157E-01  1.5878159700E-01
C17       1.8211399000E-02  1.6072913745E-04  3.7654772106E+01 -3.8020628508E+01  3.9170225419E-02
H18      -2.9828877000E-03  2.2731002069E-05  6.1786432646E-01 -6.2386753950E-01  1.6008317655E-01
H19      -7.8549417000E-03  3.1599775224E-05  6.1935671528E-01 -6.2537442848E-01  1.6188605423E-01
C20       1.7759488600E-02  8.3552074934E-05  3.7655186185E+01 -3.8021046610E+01  4.0269360013E-02
H21      -3.4736837000E-03  2.8959807414E-05  6.1804965361E-01 -6.2405466731E-01  1.6037253220E-01
H22      -4.0330025000E-03  2.8862276588E-05  6.1798326453E-01 -6.2398763319E-01  1.6059948630E-01
C23       1.3802556500E-02 -3.9181741693E-05  3.7644981084E+01 -3.8010742355E+01  2.8804717798E-02
H24      -6.4859885000E-03  3.2222669407E-05  6.2313449541E-01 -6.2918891378E-01  1.5967843777E-01
H25      -5.1927285000E-03  2.8128526425E-05  6.1895883341E-01 -6.2497268076E-01  1.6054328641E-01
C26       1.3473816800E-02 -1.1509498426E-04  3.7645278297E+01 -3.8011042456E+01  3.1863094896E-02
H27      -6.6597766000E-03  3.2715816545E-05  6.2318160186E-01 -6.2923647792E-01  1.5975455756E-01
H28       1.2215209500E-03  2.6690509275E-05  6.1660316062E-01 -6.2259412009E-01  1.5825040405E-01
C29      -1.6914029400E-02 -2.4135663563E-04  3.7710341958E+01 -3.8076738280E+01  1.9725844573E-01
C30      -9.2796804000E-03 -1.2068789579E-04  3.7704263930E+01 -3.8070601197E+01  1.8032702088E-01
H31       5.1071934690E-02  2.5402153179E-05  5.8953593988E-01 -5.9526391234E-01  1.4544197379E-01
H32       5.0423109200E-02  2.5253805937E-05  5.8963638855E-01 -5.9536533697E-01  1.4546073363E-01
H33       5.6109774350E-02  2.1083583541E-05  5.8943469496E-01 -5.9516168372E-01  1.4545477067E-01
H34       7.2731658420E-02  2.8861914457E-06  5.8008923455E-01 -5.8572542216E-01  1.4108040750E-01
H35       5.3084283880E-02  2.3910402702E-05  5.9050081123E-01 -5.9623815845E-01  1.4610289374E-01
H36       4.6807980660E-02  2.1193793196E-05  5.9032856283E-01 -5.9606423647E-01  1.4605965800E-01
--------------------------------------------------------------------------------------------------
Total     6.8268258000E-04  7.6143681657E-04  6.8159807518E+02 -6.8822052979E+02
 
1st Largest |L(A)| = 3.0602482175E-04, atom C2      
2nd Largest |L(A)| = 2.4135663563E-04, atom C29     
 
Molecular charge q(Mol) from the wfn file:   0.0000000000E+00
Molecular energy E(Mol) from the wfn file:  -6.8822041289E+02
Molecular virial ratio (-V(Mol)/T(Mol)) from the wfn file:   2.0097160700E+00
Note.  K_Scaled(A) = (1+V(Mol)/T(Mol))*K(A) = (E(Mol)/T(Mol))*K(A)
       Only use K_Scaled(A) data with caution.
 
N_AIMInt(SumA)     =        119.999317
N_Analytic(Mol)    =        119.999985
 
G_AIMInt(SumA)     =        681.597314
G_Analytic(Mol)    =        681.597922
 
K_AIMInt(SumA)     =        681.598075
K_Analytic(Mol)    =        681.597922
 
L_AIMInt(SumA)     =          0.000761
L_Analytic(Mol)    =          0.000000
 
VenT_AIMInt(SumA)  =      -3708.422884
VenT_Analytic(Mol) =      -3708.435217
 
Some Information About the Atomic Calculations:
----------------------------------------------
  Time(sec) = "Elapsed User Time", in Seconds, for Atom A by AIMInt and, if used, by TWOe
  NProc = Number of Processors Used for AIMInt Job
  BIM = Basin Integration Method
  OAQ = Angular Quadrature Outside of Beta Sphere
  ORQ = Multiple of Default for Radial Quadrature Outside of Beta Sphere
  IAQ = Multiple of Default for Angular Quadrature Inside of Beta Sphere
  IRQ = Multiple of Default for Radial Quadrature Inside of Beta Sphere
  MIR = Maximum Integration Radius
------------------------------------------------------------------------------------------------------
Atom A     Time(sec)   NProc      BIM          OAQ                     ORQ      IAQ      IRQ      MIR
------------------------------------------------------------------------------------------------------
C1             24        8     Proaim(5)    4500(GS4)                  1.00     1.00     1.00    13.00
C2             27        8     Proaim(5)    4500(GS4)                  1.00     1.00     1.00    13.00
C3             63        8     Proaim(5)    4500(GS4)                  1.00     1.00     1.00    13.00
H4             19        8     Proaim(5)    4500(GS4)                  1.00     1.00     1.00    13.00
C5             51        8     Proaim(5)    4500(GS4)                  1.00     1.00     1.00    13.00
H6              9        8     Proaim(5)    1800(GS4)                  1.00     1.00     1.00    13.00
N7             19        8     Proaim(5)    4500(GS4)                  1.00     1.00     1.00    13.00
N8             20        8     Proaim(5)    4500(GS4)                  1.00     1.00     1.00    13.00
N9             34        8     Proaim(5)    4500(GS4)                  1.00     1.00     1.00    13.00
N10            21        8     Proaim(5)    4500(GS4)                  1.00     1.00     1.00    13.00
C11            47        8     Proaim(5)    4500(GS4)                  1.00     1.00     1.00    13.00
H12             8        8     Proaim(5)    1800(GS4)                  1.00     1.00     1.00    13.00
H13            19        8     Proaim(5)    4500(GS4)                  1.00     1.00     1.00    13.00
C14            46        8     Proaim(5)    4500(GS4)                  1.00     1.00     1.00    13.00
H15             8        8     Proaim(5)    1800(GS4)                  1.00     1.00     1.00    13.00
H16             9        8     Proaim(5)    1800(GS4)                  1.00     1.00     1.00    13.00
C17            45        8     Proaim(5)    4500(GS4)                  1.00     1.00     1.00    13.00
H18             8        8     Proaim(5)    1800(GS4)                  1.00     1.00     1.00    13.00
H19             9        8     Proaim(5)    1800(GS4)                  1.00     1.00     1.00    13.00
C20            43        8     Proaim(5)    4500(GS4)                  1.00     1.00     1.00    13.00
H21             7        8     Proaim(5)    1800(GS4)                  1.00     1.00     1.00    13.00
H22             9        8     Proaim(5)    1800(GS4)                  1.00     1.00     1.00    13.00
C23            43        8     Proaim(5)    4500(GS4)                  1.00     1.00     1.00    13.00
H24             8        8     Proaim(5)    1800(GS4)                  1.00     1.00     1.00    13.00
H25            10        8     Proaim(5)    1800(GS4)                  1.00     1.00     1.00    13.00
C26            45        8     Proaim(5)    4500(GS4)                  1.00     1.00     1.00    13.00
H27             8        8     Proaim(5)    1800(GS4)                  1.00     1.00     1.00    13.00
H28            12        8     Proaim(5)    1800(GS4)                  1.00     1.00     1.00    13.00
C29            31        8     Proaim(5)    4500(GS4)                  1.00     1.00     1.00    13.00
C30            24        8     Proaim(5)    4500(GS4)                  1.00     1.00     1.00    13.00
H31             8        8     Proaim(5)    1800(GS4)                  1.00     1.00     1.00    13.00
H32             7        8     Proaim(5)    1800(GS4)                  1.00     1.00     1.00    13.00
H33             7        8     Proaim(5)    1800(GS4)                  1.00     1.00     1.00    13.00
H34            21        8     Proaim(5)    4500(GS4)                  1.00     1.00     1.00    13.00
H35             7        8     Proaim(5)    1800(GS4)                  1.00     1.00     1.00    13.00
H36             8        8     Proaim(5)    1800(GS4)                  1.00     1.00     1.00    13.00
------------------------------------------------------------------------------------------------------
Total         784
Note:  Total wall clock time is less than total of atomic times if more than one atom
       was calculated at a time
 
Electron Density Critical Point Analysis of Molecular Structure:               
---------------------------------------------------------------                
  NACP = Nuclear Attractor Critical Point                                      
  NNACP = Non-Nuclear Attractor Critical Point                                 
  BCP = Bond Critical Point                                                    
  RCP = Ring Critical Point                                                    
  CCP = Cage Critical Point                                                    
  Rho = Electron Density                                                       
  GradRho = Gradient of Electron Density                                       
  HessRho_EigVals = Eigenvalues of the Hessian of Rho, Ascending Order         
  HessRho_EigVecs = Eigenvectors of the Hessian of Rho                         
  DelSqRho = Laplacian of Rho = Trace of Hessian of Rho                        
  Bond Ellipticity = (HessRho_EigVal(1) / HessRho_EigVal(2)) - 1               
  V = Virial Field = Potential Energy Density = Trace of Stress Tensor         
  G = Lagrangian Form of Kinetic Energy Density                                
  K = Hamiltonian Form of Kinetic Energy Density                               
  L = K - G = Lagrangian Density = (-1/4)DelSqRho                              
  Vnuc = Electrostatic Potential from Nuclei                                   
  Ven = Electron-nuclear attractive contribution to Virial Field V             
  Vrep = V - Ven = Repulsive contribution to Virial Field V                    
  DelSqV = Laplacian of V                                                      
  DelSqVen = Laplacian of Ven                                                  
  DelSqVrep = Laplacian of Vrep                                                
  DelSqG = Laplacian of G                                                      
  DelSqK = Laplacian of K                                                      
  Stress_EigVals = Eigenvalues of Stress Tensor, Ascending Order               
  Stress_EigVecs = Eigenvectors of Stress Tensor                               
  -DivStress = Ehrenfest Force Density = Minus Divergence of Stress Tensor     
  ESP = Total Electrostatic Potential                                          
  ESPe = Electrostatic Potential from Electrons                                
  ESPn = Electrostatic Potential from Nuclei                                   
  BP = Bond Path                                                               
  BPL = Bond Path Length                                                       
  GBL = Geometric Bond Length                                                  
  GBL_I = Distance Between Nuclear Attractors                                  
  GBL_II = Distance Between Nuclei                                             
  GBL_III = Sum of Distances Between BCP and Nuclear Attractors                
  GBL_IV = Sum of Distances Between BCP and Nuclei                             

CP# 1      Coords = -7.03211229214760E+00 -1.62688763306402E+00 -7.33861988704848E-01
           Type = (3,-3) NACP C1
           Rho =  1.1763340396E+02     Rho at Nucleus =  1.1763340384E+02
           GradRho =  3.1456368066E-10  3.5176525581E-10  9.9206531878E-11
           HessRho_EigVals = -1.4491245129E+05 -1.4491133147E+05 -1.4491085969E+05
           HessRho_EigVec1 =  3.5858589903E-01 -4.4786903079E-01  8.1904180863E-01
           HessRho_EigVec2 =  7.8142825616E-01 -3.3596442890E-01 -5.2583056491E-01
           HessRho_EigVec3 =  5.1067213894E-01  8.2857783809E-01  2.2950540893E-01
           DelSqRho = -4.3473464246E+05
           Bond Ellipticity = NA
           V = -1.0869390342E+05
           G =  5.1214041457E+00
           K =  1.0868878202E+05
           L =  1.0868366061E+05
           Vnuc =  4.6968232079E+06
           Ven = -5.5250330175E+08
           Vrep =  5.5239460785E+08
           DelSqV =  2.4936280885E+09
           DelSqVen =  2.0418716631E+12
           DelSqVrep = -2.0393781006E+12
           DelSqG =  1.3390772846E+08
           DelSqK = -2.6275358169E+09
           Stress_EigVals = -3.6231566169E+04 -3.6231445356E+04 -3.6230891897E+04
           Stress_EigVec1 = -4.9467531863E-01 -8.3455819684E-01 -2.4250555708E-01
           Stress_EigVec2 =  7.9199146270E-01 -3.1800115124E-01 -5.2117635289E-01
           Stress_EigVec3 =  3.5783495098E-01 -4.4987540930E-01  8.1827028785E-01
           -DivStress = -6.2293321438E+02 -8.0161146791E+02 -2.1242711184E+02
           ESP =  -1.4646457317E+01     ESP at Nucleus =  -1.4646457326E+01
           ESPe = -3.3498244482E+01     ESPe at Nucleus = -3.3498242706E+01
           ESPn =  1.8851787165E+01     ESPn at Nucleus =  1.8851785380E+01

CP# 2      Coords = -4.45396356382530E+00  2.38260021789890E+00  2.89879295917800E-01
           Type = (3,-3) NACP C2
           Rho =  1.1763838541E+02     Rho at Nucleus =  1.1763838523E+02
           GradRho = -3.8167333183E-10 -7.3129691192E-10 -1.9175752652E-10
           HessRho_EigVals = -1.4491856014E+05 -1.4491739972E+05 -1.4491686762E+05
           HessRho_EigVec1 =  3.6849052755E-01 -4.3275418568E-01  8.2276275188E-01
           HessRho_EigVec2 =  7.4761049513E-01 -3.8808140974E-01 -5.3895395628E-01
           HessRho_EigVec3 =  5.5253350910E-01  8.1370549598E-01  1.8052724762E-01
           DelSqRho = -4.3475282748E+05
           Bond Ellipticity = NA
           V = -1.0869843277E+05
           G =  5.1129503515E+00
           K =  1.0869331982E+05
           L =  1.0868820687E+05
           Vnuc =  3.8926152440E+06
           Ven = -4.5792097231E+08
           Vrep =  4.5781227388E+08
           DelSqV =  2.4937316257E+09
           DelSqVen =  1.6923252490E+12
           DelSqVrep = -1.6898315502E+12
           DelSqG =  1.3391322277E+08
           DelSqK = -2.6276448485E+09
           Stress_EigVals = -3.6233090838E+04 -3.6232951198E+04 -3.6232390734E+04
           Stress_EigVec1 =  5.6536796126E-01  8.0744299107E-01  1.6850781752E-01
           Stress_EigVec2 =  7.3692983137E-01 -4.0268854512E-01 -5.4293310754E-01
           Stress_EigVec3 =  3.7053136443E-01 -4.3113542166E-01  8.2269602902E-01
           -DivStress =  5.7149090008E+02  1.0732511909E+03  2.9506197229E+02
           ESP =  -1.4647245938E+01     ESP at Nucleus =  -1.4647245952E+01
           ESPe = -3.4599352664E+01     ESPe at Nucleus = -3.4599351138E+01
           ESPn =  1.9952106725E+01     ESPn at Nucleus =  1.9952105186E+01

CP# 3      Coords =  3.62981494555142E+00  1.93129494870142E+00 -1.21835488858430E-01
           Type = (3,-3) NACP C3
           Rho =  1.1773044985E+02     Rho at Nucleus =  1.1773044968E+02
           GradRho =  1.8607049235E-10  5.7136555209E-10 -4.9091199161E-10
           HessRho_EigVals = -1.4508431900E+05 -1.4508345308E+05 -1.4508310173E+05
           HessRho_EigVec1 = -5.7955636661E-01  6.6032776985E-01  4.7757895084E-01
           HessRho_EigVec2 = -7.8218361277E-01 -6.1519709174E-01 -9.8596826666E-02
           HessRho_EigVec3 =  2.2869895897E-01 -4.3069684778E-01  8.7303895187E-01
           DelSqRho = -4.3525087381E+05
           Bond Ellipticity = NA
           V = -1.0882297839E+05
           G =  5.1299686383E+00
           K =  1.0881784842E+05
           L =  1.0881271845E+05
           Vnuc =  3.9431759891E+06
           Ven = -4.6423188304E+08
           Vrep =  4.6412306006E+08
           DelSqV =  2.4966348231E+09
           DelSqVen =  1.7162707067E+12
           DelSqVrep = -1.7137740842E+12
           DelSqG =  1.3411851393E+08
           DelSqK = -2.6307533371E+09
           Stress_EigVals = -3.6274582695E+04 -3.6274420468E+04 -3.6273975225E+04
           Stress_EigVec1 =  2.4181274117E-01 -2.6854295583E-01  9.3242226436E-01
           Stress_EigVec2 =  8.0029263660E-01  5.9857831408E-01 -3.5152492266E-02
           Stress_EigVec3 = -5.4868779284E-01  7.5471099289E-01  3.5965681309E-01
           -DivStress = -3.1118829208E+02 -9.1924809729E+02  7.7021599671E+02
           ESP =  -1.4760691602E+01     ESP at Nucleus =  -1.4760691619E+01
           ESPe = -3.3986614211E+01     ESPe at Nucleus = -3.3986615461E+01
           ESPn =  1.9225922609E+01     ESPn at Nucleus =  1.9225923843E+01

CP# 4      Coords =  2.15642694546705E+00  1.14492423594895E+00 -1.27275013860153E+00
           Type = (3,-3) NACP H4
           Rho =  4.2593651399E-01     Rho at Nucleus =  4.2229626074E-01
           GradRho =  1.5530111919E-15 -3.6429192996E-17 -1.6132928327E-16
           HessRho_EigVals = -6.4965607651E+00 -6.4886927914E+00 -5.9004092561E+00
           HessRho_EigVec1 = -4.0670041658E-01 -4.1426392943E-01  8.1423594119E-01
           HessRho_EigVec2 = -5.4741830342E-01  8.2405489816E-01  1.4583115548E-01
           HessRho_EigVec3 =  7.3138770310E-01  3.8641806582E-01  5.6191912778E-01
           DelSqRho = -1.8885662813E+01
           Bond Ellipticity = NA
           V = -4.7310491186E+00
           G =  4.8167077497E-03
           K =  4.7262324109E+00
           L =  4.7214157031E+00
           Vnuc =  4.9305139240E+01
           Ven = -2.1000859130E+01
           Vrep =  1.6269810011E+01
           DelSqV =  7.1147373868E+02
           DelSqVen =  9.3116023462E+02
           DelSqVrep = -2.1968649594E+02
           DelSqG =  7.0137350343E+01
           DelSqK = -7.8161108902E+02
           Stress_EigVals = -1.6273566680E+00 -1.6263954061E+00 -1.4772970446E+00
           Stress_EigVec1 = -3.8651129652E-01 -4.4623042073E-01  8.0714771218E-01
           Stress_EigVec2 = -5.6106012455E-01  8.0835964518E-01  1.7823080737E-01
           Stress_EigVec3 =  7.3199764638E-01  3.8397017549E-01  5.6280222995E-01
           -DivStress = -5.7612244791E+00 -3.0133302429E+00 -4.4010217755E+00
           ESP =  -1.1267456230E+00     ESP at Nucleus =  -1.1291705316E+00
           ESPe = -2.1592556034E+01     ESPe at Nucleus = -2.1525920921E+01
           ESPn =  2.0465810411E+01     ESPn at Nucleus =  2.0396750390E+01

CP# 5      Coords =  3.89048666022163E+00  1.08758885137423E+00  2.24972073086573E+00
           Type = (3,-3) NACP C5
           Rho =  1.1772329764E+02     Rho at Nucleus =  1.1772329747E+02
           GradRho = -1.5312939805E-10 -3.2539573813E-10  7.0059219537E-10
           HessRho_EigVals = -1.4507339167E+05 -1.4507264577E+05 -1.4507220946E+05
           HessRho_EigVec1 = -6.3749636277E-01  7.5472909116E-01  1.5486247580E-01
           HessRho_EigVec2 =  7.6558241921E-01  5.9797119028E-01  2.3730574158E-01
           HessRho_EigVec3 = -8.6498247684E-02 -2.6984153599E-01  9.5901178231E-01
           DelSqRho = -4.3521824690E+05
           Bond Ellipticity = NA
           V = -1.0881479832E+05
           G =  5.1182971163E+00
           K =  1.0880968002E+05
           L =  1.0880456172E+05
           Vnuc =  3.9366797666E+06
           Ven = -4.6343892386E+08
           Vrep =  4.6333010906E+08
           DelSqV =  2.4964459218E+09
           DelSqVen =  1.7133149553E+12
           DelSqVrep = -1.7108185093E+12
           DelSqG =  1.3410639946E+08
           DelSqK = -2.6305523213E+09
           Stress_EigVals = -3.6271857174E+04 -3.6271677998E+04 -3.6271263146E+04
           Stress_EigVec1 =  1.1544964479E-01 -2.8590412383E-01  9.5127819879E-01
           Stress_EigVec2 =  7.2216867359E-01  6.8170877215E-01  1.1724144683E-01
           Stress_EigVec3 =  6.8201450600E-01 -6.7344783165E-01 -2.8517403747E-01
           -DivStress =  2.7916098989E+02  5.0667181511E+02 -1.0964955334E+03
           ESP =  -1.4758307953E+01     ESP at Nucleus =  -1.4758307973E+01
           ESPe = -3.3609215217E+01     ESPe at Nucleus = -3.3609216509E+01
           ESPn =  1.8850907264E+01     ESPn at Nucleus =  1.8850908537E+01

CP# 6      Coords =  5.40631570738049E+00  1.82221617659646E+00  3.38528459163821E+00
           Type = (3,-3) NACP H6
           Rho =  4.2898308177E-01     Rho at Nucleus =  4.2552139538E-01
           GradRho = -2.0339632756E-16 -2.0133634343E-16 -4.8637309458E-16
           HessRho_EigVals = -6.5544972364E+00 -6.5464858990E+00 -5.9722893535E+00
           HessRho_EigVec1 =  1.4855006334E-01  7.2355807367E-01 -6.7408945453E-01
           HessRho_EigVec2 = -6.5084390829E-01  5.8474372957E-01  4.8422822901E-01
           HessRho_EigVec3 =  7.4453682630E-01  3.6679488103E-01  5.5778708261E-01
           DelSqRho = -1.9073272489E+01
           Bond Ellipticity = NA
           V = -4.7780381961E+00
           G =  4.8600369162E-03
           K =  4.7731781591E+00
           L =  4.7683181222E+00
           Vnuc =  4.7894161502E+01
           Ven = -2.0545785000E+01
           Vrep =  1.5767746804E+01
           DelSqV =  7.1955331300E+02
           DelSqVen =  9.1349839296E+02
           DelSqVrep = -1.9394507996E+02
           DelSqG =  7.1018009689E+01
           DelSqK = -7.9057132269E+02
           Stress_EigVals = -1.6418581141E+00 -1.6409130277E+00 -1.4952670543E+00
           Stress_EigVec1 =  1.6608396485E-01  7.0922622991E-01 -6.8513814040E-01
           Stress_EigVec2 = -6.4876933937E-01  6.0183122209E-01  4.6572258311E-01
           Stress_EigVec3 =  7.4264019614E-01  3.6714756559E-01  5.6007874818E-01
           -DivStress =  5.7073748549E+00  2.8371605391E+00  4.3048537639E+00
           ESP =  -1.1234161729E+00     ESP at Nucleus =  -1.1257239464E+00
           ESPe = -1.9287432019E+01     ESPe at Nucleus = -1.9191574890E+01
           ESPn =  1.8164015846E+01     ESPn at Nucleus =  1.8065850944E+01

CP# 7      Coords = -6.79532768649591E+00  2.19730649115003E+00  1.25271765390977E+00
           Type = (3,-3) NACP N7
           Rho =  1.9141798988E+02     Rho at Nucleus =  1.9141795745E+02
           GradRho = -1.0669720663E-10  2.9125146739E-11  2.5000224113E-11
           HessRho_EigVals = -3.2211139655E+05 -3.2210988985E+05 -3.2210018403E+05
           HessRho_EigVec1 = -3.9023411395E-01  4.3504258931E-01 -8.1145257520E-01
           HessRho_EigVec2 =  7.7726936789E-01  6.2807516771E-01 -3.7066338511E-02
           HessRho_EigVec3 = -4.9352777637E-01  6.4518177996E-01  5.8324163496E-01
           DelSqRho = -9.6632147043E+05
           Bond Ellipticity = NA
           V = -2.4161290884E+05
           G =  1.6270614615E+01
           K =  2.4159663822E+05
           L =  2.4158036761E+05
           Vnuc =  4.9332268561E+05
           Ven = -9.4430836840E+07
           Vrep =  9.4189223932E+07
           DelSqV =  7.5861931979E+09
           DelSqVen =  4.7670830299E+11
           DelSqVrep = -4.6912210980E+11
           DelSqG =  4.0660515060E+08
           DelSqK = -7.9927983485E+09
           Stress_EigVals = -8.0539176738E+04 -8.0537170492E+04 -8.0536561607E+04
           Stress_EigVec1 = -5.1995781603E-01  6.2362468192E-01  5.8372607073E-01
           Stress_EigVec2 =  7.6365595943E-01  6.4555427520E-01 -9.4474016878E-03
           Stress_EigVec3 = -3.8271849337E-01  4.4085364224E-01 -8.1189569586E-01
           -DivStress = -1.1204209608E+04  2.6648422604E+04  1.9751578767E+04
           ESP =  -1.8301975927E+01     ESP at Nucleus =  -1.8301977424E+01
           ESPe = -3.5807428430E+01     ESPe at Nucleus = -3.5807398915E+01
           ESPn =  1.7505452503E+01     ESPn at Nucleus =  1.7505421490E+01

CP# 8      Coords = -8.11952173367876E+00  1.39771455435687E-01  7.25888228409305E-01
           Type = (3,-3) NACP N8
           Rho =  1.9141402051E+02     Rho at Nucleus =  1.9141398821E+02
           GradRho = -9.3619556552E-11 -3.5328961978E-12  1.0557554830E-11
           HessRho_EigVals = -3.2210352135E+05 -3.2210196173E+05 -3.2209228089E+05
           HessRho_EigVec1 =  3.6907387488E-01 -4.6152398539E-01  8.0670941843E-01
           HessRho_EigVec2 =  1.9212897833E-01  8.8712772316E-01  4.1963181302E-01
           HessRho_EigVec3 =  9.0932443636E-01 -1.1711712282E-04 -4.1608779808E-01
           DelSqRho = -9.6629776397E+05
           Bond Ellipticity = NA
           V = -2.4160698524E+05
           G =  1.6272122757E+01
           K =  2.4159071311E+05
           L =  2.4157444099E+05
           Vnuc =  4.9428841727E+05
           Ven = -9.4613733244E+07
           Vrep =  9.4372126258E+07
           DelSqV =  7.5860061889E+09
           DelSqVen =  4.7762979213E+11
           DelSqVrep = -4.7004378594E+11
           DelSqG =  4.0659352639E+08
           DelSqK = -7.9925997153E+09
           Stress_EigVals = -8.0537202552E+04 -8.0535202910E+04 -8.0534579774E+04
           Stress_EigVec1 =  9.0261737033E-01 -2.9748711540E-02 -4.2941459796E-01
           Stress_EigVec2 =  2.1933158637E-01  8.9017143571E-01  3.9936007596E-01
           Stress_EigVec3 =  3.7037216147E-01 -4.5465352656E-01  8.1000903254E-01
           -DivStress = -3.2460407814E+04 -6.3354340312E+03  1.1275996183E+04
           ESP =  -1.8301156131E+01     ESP at Nucleus =  -1.8301157623E+01
           ESPe = -3.5425037402E+01     ESPe at Nucleus = -3.5425006294E+01
           ESPn =  1.7123881270E+01     ESPn at Nucleus =  1.7123848671E+01

CP# 9      Coords = -3.35160480619868E+00  5.86381568608501E-01 -1.14548999486546E+00
           Type = (3,-3) NACP N9
           Rho =  1.9140899677E+02     Rho at Nucleus =  1.9140896487E+02
           GradRho = -5.9479088321E-11 -1.0864226185E-12 -1.9857893108E-11
           HessRho_EigVals = -3.2210218982E+05 -3.2210065351E+05 -3.2209101260E+05
           HessRho_EigVec1 =  3.5815404354E-01 -4.2165549791E-01  8.3302600330E-01
           HessRho_EigVec2 =  1.7700758853E-01  9.0669720580E-01  3.8284264469E-01
           HessRho_EigVec3 =  9.1673005552E-01 -1.0335282789E-02 -3.9937349340E-01
           DelSqRho = -9.6629385593E+05
           Bond Ellipticity = NA
           V = -2.4160607368E+05
           G =  1.6304848400E+01
           K =  2.4158976883E+05
           L =  2.4157346398E+05
           Vnuc =  4.9739397333E+05
           Ven = -9.5205681436E+07
           Vrep =  9.4964075362E+07
           DelSqV =  7.5859878027E+09
           DelSqVen =  4.8062874022E+11
           DelSqVrep = -4.7304275242E+11
           DelSqG =  4.0660183142E+08
           DelSqK = -7.9925896341E+09
           Stress_EigVals = -8.0536894923E+04 -8.0534900193E+04 -8.0534278564E+04
           Stress_EigVec1 =  9.1042753553E-01 -3.9794789713E-02 -4.1175001792E-01
           Stress_EigVec2 =  2.0955331939E-01  9.0256538002E-01  3.7611586130E-01
           Stress_EigVec3 =  3.5666385979E-01 -4.2870981969E-01  8.3005950487E-01
           -DivStress =  3.2445532840E+04  6.2796672874E+03 -1.0696594063E+04
           ESP =  -1.8298318937E+01     ESP at Nucleus =  -1.8298320389E+01
           ESPe = -3.7624338040E+01     ESPe at Nucleus = -3.7624319667E+01
           ESPn =  1.9326019104E+01     ESPn at Nucleus =  1.9325999279E+01

CP# 10     Coords = -4.66822223405700E+00 -1.46262730648601E+00 -1.66795195195587E+00
           Type = (3,-3) NACP N10
           Rho =  1.9141844404E+02     Rho at Nucleus =  1.9141841155E+02
           GradRho = -4.4953152312E-11  9.1082696940E-13  2.7772728561E-11
           HessRho_EigVals = -3.2211788279E+05 -3.2211627855E+05 -3.2210654348E+05
           HessRho_EigVec1 = -3.4072784970E-01  4.4774943475E-01 -8.2669521356E-01
           HessRho_EigVec2 =  7.9460572383E-01  6.0712435983E-01  1.3249009753E-03
           HessRho_EigVec3 = -5.0250002596E-01  6.5644531790E-01  5.6264844132E-01
           DelSqRho = -9.6634070482E+05
           Bond Ellipticity = NA
           V = -2.4161775653E+05
           G =  1.6290160540E+01
           K =  2.4160146637E+05
           L =  2.4158517621E+05
           Vnuc =  4.9286548625E+05
           Ven = -9.4343544498E+07
           Vrep =  9.4101926741E+07
           DelSqV =  7.5863527505E+09
           DelSqVen =  4.7627598116E+11
           DelSqVrep = -4.6868962841E+11
           DelSqG =  4.0662110118E+08
           DelSqK = -7.9929738517E+09
           Stress_EigVals = -8.0540803940E+04 -8.0538794701E+04 -8.0538157885E+04
           Stress_EigVec1 = -5.2775709433E-01  6.3633989760E-01  5.6262241700E-01
           Stress_EigVec2 = -7.7538271448E-01 -6.3135242426E-01 -1.3257543884E-02
           Stress_EigVec3 = -3.4677672280E-01  4.4324445975E-01 -8.2660767806E-01
           -DivStress =  1.1479205731E+04 -2.6938509177E+04 -1.9269127171E+04
           ESP =  -1.8299381076E+01     ESP at Nucleus =  -1.8299382565E+01
           ESPe = -3.6733080160E+01     ESPe at Nucleus = -3.6733053959E+01
           ESPn =  1.8433699084E+01     ESPn at Nucleus =  1.8433671394E+01

CP# 11     Coords =  2.84160886025780E+00 -1.41533893599672E+00  3.04697752214426E+00
           Type = (3,-3) NACP C11
           Rho =  1.1754598452E+02     Rho at Nucleus =  1.1754598445E+02
           GradRho =  1.6988581375E-10  7.4819817009E-11 -2.0116134019E-11
           HessRho_EigVals = -1.4484654414E+05 -1.4484633254E+05 -1.4484606651E+05
           HessRho_EigVec1 = -4.4660557842E-01  8.7865643400E-01  1.6883817199E-01
           HessRho_EigVec2 =  8.1029527978E-01  4.7721593035E-01 -3.4012720471E-01
           HessRho_EigVec3 =  3.7942722212E-01  1.5093933184E-02  9.2509845762E-01
           DelSqRho = -4.3453894318E+05
           Bond Ellipticity = NA
           V = -1.0864507573E+05
           G =  5.1699674134E+00
           K =  1.0863990576E+05
           L =  1.0863473580E+05
           Vnuc =  6.0741220286E+06
           Ven = -7.1398865397E+08
           Vrep =  7.1388000890E+08
           DelSqV =  2.4925600696E+09
           DelSqVen =  2.6394422149E+12
           DelSqVrep = -2.6369496548E+12
           DelSqG =  1.3388924454E+08
           DelSqK = -2.6264493142E+09
           Stress_EigVals = -3.6215115552E+04 -3.6215036215E+04 -3.6214923963E+04
           Stress_EigVec1 =  3.4767838932E-01  1.4178142271E-02  9.3750664951E-01
           Stress_EigVec2 =  8.3987840738E-01  4.3977470609E-01 -3.1812335454E-01
           Stress_EigVec3 = -4.1680210943E-01  8.9799620721E-01  1.4099224593E-01
           -DivStress = -7.4137714611E+02 -2.8674550097E+02  1.1982749091E+02
           ESP =  -1.4744639080E+01     ESP at Nucleus =  -1.4744639081E+01
           ESPe = -3.2885669636E+01     ESPe at Nucleus = -3.2885668736E+01
           ESPn =  1.8141030556E+01     ESPn at Nucleus =  1.8141029655E+01

CP# 12     Coords =  2.39834669682185E+00 -1.53540541247084E+00  5.03625899538113E+00
           Type = (3,-3) NACP H12
           Rho =  4.2888383854E-01     Rho at Nucleus =  4.2553573523E-01
           GradRho =  1.1388836662E-10  2.9590068189E-11 -4.9742635705E-10
           HessRho_EigVals = -6.5370327840E+00 -6.5364040858E+00 -5.9718113083E+00
           HessRho_EigVec1 = -3.8895461494E-01  9.2062919368E-01 -3.4002871481E-02
           HessRho_EigVec2 =  8.9383969003E-01  3.8605941862E-01  2.2805423437E-01
           HessRho_EigVec3 = -2.2308051470E-01 -5.8309630811E-02  9.7305450562E-01
           DelSqRho = -1.9045248178E+01
           Bond Ellipticity = NA
           V = -4.7711491313E+00
           G =  4.9185433970E-03
           K =  4.7662305879E+00
           L =  4.7613120445E+00
           Vnuc =  4.7577904180E+01
           Ven = -2.0405394174E+01
           Vrep =  1.5634245043E+01
           DelSqV =  7.1874118394E+02
           DelSqVen =  9.0613299383E+02
           DelSqVrep = -1.8739180989E+02
           DelSqG =  7.0830174632E+01
           DelSqK = -7.8957135857E+02
           Stress_EigVals = -1.6380575113E+00 -1.6378249710E+00 -1.4952666490E+00
           Stress_EigVec1 = -6.0103541062E-01  7.9419078494E-01 -8.9540115554E-02
           Stress_EigVec2 =  7.6760322765E-01  6.0482375865E-01  2.1206957791E-01
           Stress_EigVec3 = -2.2257969378E-01 -5.8730044136E-02  9.7314390602E-01
           -DivStress = -1.6827925009E+00 -4.3644771734E-01  7.3497320288E+00
           ESP =  -1.1326129961E+00     ESP at Nucleus =  -1.1348111243E+00
           ESPe = -1.8493608160E+01     ESPe at Nucleus = -1.8401548796E+01
           ESPn =  1.7360995164E+01     ESPn at Nucleus =  1.7266737671E+01

CP# 13     Coords =  1.14367384478435E+00 -1.84233554628284E+00  1.99983099895524E+00
           Type = (3,-3) NACP H13
           Rho =  4.2728035449E-01     Rho at Nucleus =  4.2384528097E-01
           GradRho =  2.4667767828E-15  7.3552275381E-16  1.7182436030E-15
           HessRho_EigVals = -6.5024724381E+00 -6.5014510898E+00 -5.9315457994E+00
           HessRho_EigVec1 = -8.5160003833E-02  9.6342157965E-01 -2.5409965291E-01
           HessRho_EigVec2 = -5.4404007179E-01  1.6869131807E-01  8.2192678475E-01
           HessRho_EigVec3 =  8.3472640669E-01  2.0823568155E-01  5.0977419207E-01
           DelSqRho = -1.8935469327E+01
           Bond Ellipticity = NA
           V = -4.7436256296E+00
           G =  4.8791488771E-03
           K =  4.7387464807E+00
           L =  4.7338673318E+00
           Vnuc =  4.9531211535E+01
           Ven = -2.1163713623E+01
           Vrep =  1.6420087993E+01
           DelSqV =  7.1400644424E+02
           DelSqVen =  9.3789673676E+02
           DelSqVrep = -2.2389029252E+02
           DelSqG =  7.0281921475E+01
           DelSqK = -7.8428836572E+02
           Stress_EigVals = -1.6294059083E+00 -1.6290516121E+00 -1.4851681092E+00
           Stress_EigVec1 = -1.8147378436E-01  9.7803455745E-01 -1.0254594101E-01
           Stress_EigVec2 = -5.2016039304E-01 -6.9702280870E-03  8.5404015212E-01
