AIMSum (Version 19.02.13, Professional)
Copyright (c) 1997-2019 by Todd A. Keith
AIMSum is a component of the AIMAll package ( http://aim.tkgristmill.com )

TP:  64-bit Linux

Much of the Quantum Theory of Atoms in Molecules (QTAIM) is described in the book:
  "Atoms in Molecules - A Quantum Theory"
  R.F.W. Bader, Oxford University Press, Oxford, 1990

For additional references see:  http://aim.tkgristmill.com/references.html

Wfn File:  /home/mhennefarth/Documents/ML_Diels/summary-liu2014/2_9-opt/2_9-opt.wfn
Sum File:  /home/mhennefarth/Documents/ML_Diels/summary-liu2014/2_9-opt/2_9-opt.sum

SumViz File:  /home/mhennefarth/Documents/ML_Diels/summary-liu2014/2_9-opt/2_9-opt.sumviz

Wfn Title:   Title Card Required                                                           
 
Total memory allocated for AIMSum =        1.449 Megabytes

Atomic units (a.u.) used throughout, except where stated otherwise

Model:  Restricted SCF
 
Restricted, closed-shell, single-determinant wavefunction.
  Number of electrons (from MO Occs)                   =          90.0000000000
  Number of Alpha electrons (from MO Occs)             =          45.0000000000
  Number of Beta electrons (from MO Occs)              =          45.0000000000
  Number of electron pairs (N*(N-1)/2)                 =        4005.0000000000
  Number of electron pairs (from Muller 2EDM)          =        4005.0000000000
 
Nuclear Charges and Cartesian Coordinates:
-------------------------------------------------------------------------------
Atom      Charge                X                  Y                  Z
-------------------------------------------------------------------------------
C1         6.0          -2.4449143200E+00  -2.3993222200E+00   3.2188024000E-01
N2         7.0          -2.5167604400E+00  -1.5222813700E+00  -2.0629799600E+00
N3         7.0          -2.5048600600E+00   9.5171184000E-01  -2.3951205600E+00
C4         6.0          -2.4103876100E+00   2.4234399800E+00  -3.2483117000E-01
N5         7.0          -2.5050151100E+00   1.5475446400E+00   2.0596806600E+00
N6         7.0          -2.5284742700E+00  -9.2635725000E-01   2.3917976100E+00
C7         6.0           4.3777609700E+00  -1.0075648700E+00  -7.8691283000E-01
C8         6.0           4.3898689600E+00   9.6428855000E-01   7.9218826000E-01
C9         6.0           4.3736530000E+00  -8.4873422000E-01  -3.6216010900E+00
C10        6.0           4.3784724800E+00   8.0519568000E-01   3.6268590400E+00
C11        6.0          -2.2414709300E+00   5.2258718400E+00  -6.9917004000E-01
C12        6.0          -2.3154827700E+00  -5.2037838500E+00   6.9687516000E-01
H13        1.0           4.3788164500E+00  -2.9096703400E+00   1.6864710000E-02
H14        1.0           4.4188421500E+00   2.8662268700E+00  -1.1482540000E-02
H15        1.0           6.0097061100E+00  -1.8349653400E+00  -4.4336937800E+00
H16        1.0           2.6771178700E+00  -1.7362994000E+00  -4.4212792900E+00
H17        1.0           4.4246080700E+00   1.1165737200E+00  -4.2694247400E+00
H18        1.0           2.6923610100E+00   1.7148571900E+00   4.4238272800E+00
H19        1.0           6.0258918900E+00   1.7696757400E+00   4.4420984800E+00
H20        1.0           4.4025177100E+00  -1.1607079300E+00   4.2744152600E+00
H21        1.0          -3.3896929000E-01  -5.8291067800E+00   6.7628787000E-01
H22        1.0          -3.1291920000E+00  -5.7185464700E+00   2.5225944000E+00
H23        1.0          -3.3022395800E+00  -6.1798218200E+00  -8.3190582000E-01
H24        1.0          -2.5632825000E-01   5.8232641400E+00  -6.7979625000E-01
H25        1.0          -3.0487672400E+00   5.7527327000E+00  -2.5243253700E+00
H26        1.0          -3.2135944400E+00   6.2151173000E+00   8.3045016000E-01
 
Some Atomic Properties:
----------------------
  q(A) = Net Charge of Atom A
  L(A) = Lagrangian of Atom A = -(1/4) Times Atomic Integral of the Laplacian of the Electron Density
  K(A) = Electronic Kinetic Energy of Atom A (Hamiltonian Form)
  K_Scaled(A) = K(A) * E(Mol)/K(Mol) = Approximation to Virial-Based Total Energy of Atom A.
  |Mu_Intra(A)| = Magnitude of Intraatomic Dipole Moment of Atom A
--------------------------------------------------------------------------------------------------
Atom A          q(A)              L(A)              K(A)          K_Scaled(A)      |Mu_Intra(A)|
--------------------------------------------------------------------------------------------------
C1        1.0385030505E+00  3.9042096385E-04  3.7138029089E+01 -3.7495862913E+01  6.1151253624E-01
N2       -5.9676793480E-01  2.6946608454E-07  5.4574774425E+01 -5.5100615474E+01  6.6813516922E-01
N3       -5.9221111590E-01  7.8173049109E-05  5.4574750967E+01 -5.5100591791E+01  6.6792209387E-01
C4        1.0383307286E+00  7.0074396981E-05  3.7137910722E+01 -3.7495743405E+01  6.1191884753E-01
N5       -5.9669990120E-01 -6.9914372637E-06  5.4574690016E+01 -5.5100530252E+01  6.6818115573E-01
N6       -5.9224770900E-01 -2.1367680833E-05  5.4574666623E+01 -5.5100506634E+01  6.6784180066E-01
C7       -5.5017713200E-02 -7.8977915996E-05  3.7707707838E+01 -3.8071030653E+01  5.9020541311E-02
C8       -5.5202523400E-02 -2.0399791545E-04  3.7707674735E+01 -3.8070997231E+01  5.8844393426E-02
C9       -1.6954043000E-02 -7.8145401648E-05  3.7678104423E+01 -3.8041142002E+01  9.0741807483E-02
C10      -1.6856658700E-02  1.3488578283E-05  3.7678100163E+01 -3.8041137701E+01  9.0761448620E-02
C11      -9.1406091000E-03 -5.8253877311E-05  3.7704739401E+01 -3.8068033614E+01  1.8109615630E-01
C12      -9.2571257000E-03 -1.6603883770E-04  3.7704705457E+01 -3.8067999344E+01  1.8096500115E-01
H13       1.4367581700E-02  2.1784508532E-05  6.0718018538E-01 -6.1303051219E-01  1.5729583203E-01
H14       1.4357124510E-02  2.3728552703E-05  6.0717623703E-01 -6.1302652579E-01  1.5728856578E-01
H15       1.6032126430E-02  2.9044154800E-05  6.0326327958E-01 -6.0907586606E-01  1.5494517402E-01
H16       3.2237375700E-02  1.8783139305E-05  5.9776444084E-01 -6.0352404469E-01  1.4606914735E-01
H17       1.4048102390E-02  2.1970163302E-05  6.0485861362E-01 -6.1068657153E-01  1.5374255446E-01
H18       3.2133094670E-02  2.9457805680E-05  5.9779399219E-01 -6.0355388078E-01  1.4612783467E-01
H19       1.6037181710E-02  2.8563656538E-05  6.0326232701E-01 -6.0907490431E-01  1.5494582383E-01
H20       1.4063797470E-02  2.3596752563E-05  6.0485737125E-01 -6.1068531719E-01  1.5373374690E-01
H21       4.6866444600E-02  2.5132408503E-05  5.9022078700E-01 -5.9590770593E-01  1.4535033370E-01
H22       5.4561577730E-02  2.4031330451E-05  5.8954531660E-01 -5.9522572721E-01  1.4562766900E-01
H23       5.3807859320E-02  2.4432997734E-05  5.8961914666E-01 -5.9530026865E-01  1.4565681628E-01
H24       4.6882833810E-02  2.5618656739E-05  5.9021351964E-01 -5.9590036855E-01  1.4532704893E-01
H25       5.4528139310E-02  2.4971275519E-05  5.8954907119E-01 -5.9522951798E-01  1.4563092425E-01
H26       5.3815215440E-02  2.4056126870E-05  5.8962916289E-01 -5.9531038138E-01  1.4566200973E-01
--------------------------------------------------------------------------------------------------
Total     2.1689989000E-04  2.8382491734E-04  5.2712078731E+02 -5.3219972261E+02
 
1st Largest |L(A)| = 3.9042096385E-04, atom C1      
2nd Largest |L(A)| = 2.0399791545E-04, atom C8      
 
Molecular charge q(Mol) from the wfn file:   0.0000000000E+00
Molecular energy E(Mol) from the wfn file:  -5.3219969904E+02
Molecular virial ratio (-V(Mol)/T(Mol)) from the wfn file:   2.0096352400E+00
Note.  K_Scaled(A) = (1+V(Mol)/T(Mol))*K(A) = (E(Mol)/T(Mol))*K(A)
       Only use K_Scaled(A) data with caution.
 
N_AIMInt(SumA)     =         89.999783
N_Analytic(Mol)    =         89.999990
 
G_AIMInt(SumA)     =        527.120503
G_Analytic(Mol)    =        527.120739
 
K_AIMInt(SumA)     =        527.120787
K_Analytic(Mol)    =        527.120739
 
L_AIMInt(SumA)     =          0.000284
L_Analytic(Mol)    =          0.000000
 
VenT_AIMInt(SumA)  =      -2626.101943
VenT_Analytic(Mol) =      -2626.106020
 
Some Information About the Atomic Calculations:
----------------------------------------------
  Time(sec) = "Elapsed User Time", in Seconds, for Atom A by AIMInt and, if used, by TWOe
  NProc = Number of Processors Used for AIMInt Job
  BIM = Basin Integration Method
  OAQ = Angular Quadrature Outside of Beta Sphere
  ORQ = Multiple of Default for Radial Quadrature Outside of Beta Sphere
  IAQ = Multiple of Default for Angular Quadrature Inside of Beta Sphere
  IRQ = Multiple of Default for Radial Quadrature Inside of Beta Sphere
  MIR = Maximum Integration Radius
------------------------------------------------------------------------------------------------------
Atom A     Time(sec)   NProc      BIM          OAQ                     ORQ      IAQ      IRQ      MIR
------------------------------------------------------------------------------------------------------
C1             42        8     Proaim(5)    4500(GS4)                  1.00     1.00     1.00    13.00
N2             32        8     Proaim(5)    4500(GS4)                  1.00     1.00     1.00    13.00
N3             24        8     Proaim(5)    4500(GS4)                  1.00     1.00     1.00    13.00
C4             44        8     Proaim(5)    4500(GS4)                  1.00     1.00     1.00    13.00
N5             31        8     Proaim(5)    4500(GS4)                  1.00     1.00     1.00    13.00
N6             24        8     Proaim(5)    4500(GS4)                  1.00     1.00     1.00    13.00
C7             45        8     Proaim(5)    4500(GS4)                  1.00     1.00     1.00    13.00
C8             44        8     Proaim(5)    4500(GS4)                  1.00     1.00     1.00    13.00
C9             28        8     Proaim(5)    4500(GS4)                  1.00     1.00     1.00    13.00
C10            28        8     Proaim(5)    4500(GS4)                  1.00     1.00     1.00    13.00
C11            28        8     Proaim(5)    4500(GS4)                  1.00     1.00     1.00    13.00
C12            27        8     Proaim(5)    4500(GS4)                  1.00     1.00     1.00    13.00
H13            23        8     Proaim(5)    4500(GS4)                  1.00     1.00     1.00    13.00
H14            22        8     Proaim(5)    4500(GS4)                  1.00     1.00     1.00    13.00
H15             6        8     Proaim(5)    1800(GS4)                  1.00     1.00     1.00    13.00
H16            14        8     Proaim(5)    4500(GS4)                  1.00     1.00     1.00    13.00
H17             8        8     Proaim(5)    1800(GS4)                  1.00     1.00     1.00    13.00
H18            15        8     Proaim(5)    4500(GS4)                  1.00     1.00     1.00    13.00
H19             5        8     Proaim(5)    1800(GS4)                  1.00     1.00     1.00    13.00
H20             9        8     Proaim(5)    1800(GS4)                  1.00     1.00     1.00    13.00
H21            21        8     Proaim(5)    4500(GS4)                  1.00     1.00     1.00    13.00
H22             6        8     Proaim(5)    1800(GS4)                  1.00     1.00     1.00    13.00
H23             7        8     Proaim(5)    1800(GS4)                  1.00     1.00     1.00    13.00
H24            21        8     Proaim(5)    4500(GS4)                  1.00     1.00     1.00    13.00
H25             6        8     Proaim(5)    1800(GS4)                  1.00     1.00     1.00    13.00
H26             6        8     Proaim(5)    1800(GS4)                  1.00     1.00     1.00    13.00
------------------------------------------------------------------------------------------------------
Total         566
Note:  Total wall clock time is less than total of atomic times if more than one atom
       was calculated at a time
 
Electron Density Critical Point Analysis of Molecular Structure:               
---------------------------------------------------------------                
  NACP = Nuclear Attractor Critical Point                                      
  NNACP = Non-Nuclear Attractor Critical Point                                 
  BCP = Bond Critical Point                                                    
  RCP = Ring Critical Point                                                    
  CCP = Cage Critical Point                                                    
  Rho = Electron Density                                                       
  GradRho = Gradient of Electron Density                                       
  HessRho_EigVals = Eigenvalues of the Hessian of Rho, Ascending Order         
  HessRho_EigVecs = Eigenvectors of the Hessian of Rho                         
  DelSqRho = Laplacian of Rho = Trace of Hessian of Rho                        
  Bond Ellipticity = (HessRho_EigVal(1) / HessRho_EigVal(2)) - 1               
  V = Virial Field = Potential Energy Density = Trace of Stress Tensor         
  G = Lagrangian Form of Kinetic Energy Density                                
  K = Hamiltonian Form of Kinetic Energy Density                               
  L = K - G = Lagrangian Density = (-1/4)DelSqRho                              
  Vnuc = Electrostatic Potential from Nuclei                                   
  Ven = Electron-nuclear attractive contribution to Virial Field V             
  Vrep = V - Ven = Repulsive contribution to Virial Field V                    
  DelSqV = Laplacian of V                                                      
  DelSqVen = Laplacian of Ven                                                  
  DelSqVrep = Laplacian of Vrep                                                
  DelSqG = Laplacian of G                                                      
  DelSqK = Laplacian of K                                                      
  Stress_EigVals = Eigenvalues of Stress Tensor, Ascending Order               
  Stress_EigVecs = Eigenvectors of Stress Tensor                               
  -DivStress = Ehrenfest Force Density = Minus Divergence of Stress Tensor     
  ESP = Total Electrostatic Potential                                          
  ESPe = Electrostatic Potential from Electrons                                
  ESPn = Electrostatic Potential from Nuclei                                   
  BP = Bond Path                                                               
  BPL = Bond Path Length                                                       
  GBL = Geometric Bond Length                                                  
  GBL_I = Distance Between Nuclear Attractors                                  
  GBL_II = Distance Between Nuclei                                             
  GBL_III = Sum of Distances Between BCP and Nuclear Attractors                
  GBL_IV = Sum of Distances Between BCP and Nuclei                             

CP# 1      Coords = -2.44491440611854E+00 -2.39932098127219E+00  3.21880063474932E-01
           Type = (3,-3) NACP C1
           Rho =  1.1763424084E+02     Rho at Nucleus =  1.1763424073E+02
           GradRho = -5.8060856356E-11  4.4775157131E-10 -6.0324322333E-11
           HessRho_EigVals = -1.4491318340E+05 -1.4491205572E+05 -1.4491158588E+05
           HessRho_EigVec1 =  9.9964448303E-01  2.6572141140E-02  2.1974683696E-03
           HessRho_EigVec2 = -5.6052526192E-03  1.2886231807E-01  9.9164665286E-01
           HessRho_EigVec3 = -2.6067003953E-02  9.9130642301E-01 -1.2896544889E-01
           DelSqRho = -4.3473682500E+05
           Bond Ellipticity = NA
           V = -1.0869444830E+05
           G =  5.1210275902E+00
           K =  1.0868932728E+05
           L =  1.0868420625E+05
           Vnuc =  4.7839342714E+06
           Ven = -5.6275447624E+08
           Vrep =  5.6264578180E+08
           DelSqV =  2.4936402548E+09
           DelSqVen =  2.0797521265E+12
           DelSqVrep = -2.0772583551E+12
           DelSqG =  1.3390810879E+08
           DelSqK = -2.6275483636E+09
           Stress_EigVals = -3.6231748575E+04 -3.6231628692E+04 -3.6231071038E+04
           Stress_EigVec1 = -3.6645954876E-02  9.9087928867E-01 -1.2967385732E-01
           Stress_EigVec2 = -4.0516354396E-03  1.2961263014E-01  9.9155642823E-01
           Stress_EigVec3 =  9.9932009799E-01  3.6861923321E-02 -7.3509695293E-04
           -DivStress =  6.7983556821E+01 -1.0060544789E+03  1.4324840262E+02
           ESP =  -1.4648179687E+01     ESP at Nucleus =  -1.4648179697E+01
           ESPe = -3.2704935147E+01     ESPe at Nucleus = -3.2704933577E+01
           ESPn =  1.8056755460E+01     ESPn at Nucleus =  1.8056753881E+01

CP# 2      Coords = -2.51675994452594E+00 -1.52227182668528E+00 -2.06296962434817E+00
           Type = (3,-3) NACP N2
           Rho =  1.9140795369E+02     Rho at Nucleus =  1.9140792178E+02
           GradRho =  1.4244494473E-11 -2.6407764864E-12 -3.9166447863E-11
           HessRho_EigVals = -3.2209565556E+05 -3.2209414717E+05 -3.2208450414E+05
           HessRho_EigVec1 =  9.9488144713E-01  4.8575722285E-02 -8.8607592014E-02
           HessRho_EigVec2 = -8.6954190542E-02  8.5824800707E-01 -5.0581550698E-01
           HessRho_EigVec3 =  5.1476935663E-02  5.1093126501E-01  8.5807888188E-01
           DelSqRho = -9.6627430688E+05
           Bond Ellipticity = NA
           V = -2.4160115614E+05
           G =  1.6289709935E+01
           K =  2.4158486643E+05
           L =  2.4156857672E+05
           Vnuc =  4.9730163655E+05
           Ven = -9.5187488620E+07
           Vrep =  9.4945887464E+07
           DelSqV =  7.5858271989E+09
           DelSqVen =  4.8052979411E+11
           DelSqVrep = -4.7294396691E+11
           DelSqG =  4.0658706044E+08
           DelSqK = -7.9924142593E+09
           Stress_EigVals = -8.0535251355E+04 -8.0533257955E+04 -8.0532646829E+04
           Stress_EigVec1 =  5.2230402303E-02  4.8228834380E-01  8.7445408028E-01
           Stress_EigVec2 = -5.1013653078E-02  8.7579458828E-01 -4.7998067289E-01
           Stress_EigVec3 =  9.9733123498E-01  1.9539513441E-02 -7.0346393934E-02
           -DivStress = -1.2199394817E+03 -2.3554627838E+04 -2.5498477290E+04
           ESP =  -1.8301829125E+01     ESP at Nucleus =  -1.8301830594E+01
           ESPe = -3.4970680587E+01     ESPe at Nucleus = -3.4970652006E+01
           ESPn =  1.6668851463E+01     ESPn at Nucleus =  1.6668821412E+01

CP# 3      Coords = -2.50485961732727E+00  9.51705303034185E-01 -2.39510800247409E+00
           Type = (3,-3) NACP N3
           Rho =  1.9141322878E+02     Rho at Nucleus =  1.9141319647E+02
           GradRho = -1.6948387138E-12  8.1046974687E-13 -1.4680257010E-11
           HessRho_EigVals = -3.2210377088E+05 -3.2210223954E+05 -3.2209256577E+05
           HessRho_EigVec1 =  9.9406071902E-01 -8.1591065446E-02 -7.2015171652E-02
           HessRho_EigVec2 =  9.7826802642E-02  9.5986320192E-01  2.6285461816E-01
           HessRho_EigVec3 =  4.7678124895E-02 -2.6833846471E-01  9.6214409771E-01
           DelSqRho = -9.6629857619E+05
           Bond Ellipticity = NA
           V = -2.4160720499E+05
           G =  1.6280468596E+01
           K =  2.4159092452E+05
           L =  2.4157464405E+05
           Vnuc =  4.9422677643E+05
           Ven = -9.4601543026E+07
           Vrep =  9.4359935821E+07
           DelSqV =  7.5860152507E+09
           DelSqVen =  4.7757063066E+11
           DelSqVrep = -4.6998461541E+11
           DelSqG =  4.0659611600E+08
           DelSqK = -7.9926113667E+09
           Stress_EigVals = -8.0537272661E+04 -8.0535274366E+04 -8.0534657959E+04
           Stress_EigVec1 =  4.9071660368E-02 -2.3643025475E-01  9.7040852572E-01
           Stress_EigVec2 =  6.3023711459E-02  9.7037585618E-01  2.3323530938E-01
           Stress_EigVec3 =  9.9680488760E-01 -4.9713503034E-02 -6.2518666599E-02
           -DivStress = -1.0906293492E+03  1.6137079184E+04 -3.0982442911E+04
           ESP =  -1.8302288140E+01     ESP at Nucleus =  -1.8302289628E+01
           ESPe = -3.4948479666E+01     ESPe at Nucleus = -3.4948450702E+01
           ESPn =  1.6646191526E+01     ESPn at Nucleus =  1.6646161074E+01

CP# 4      Coords = -2.41038771264513E+00  2.42343874216741E+00 -3.24830993779942E-01
           Type = (3,-3) NACP C4
           Rho =  1.1763426038E+02     Rho at Nucleus =  1.1763426027E+02
           GradRho = -2.6649687178E-11 -4.0931190644E-10  6.5358232335E-11
           HessRho_EigVals = -1.4491320655E+05 -1.4491207878E+05 -1.4491160881E+05
           HessRho_EigVec1 =  9.9918833846E-01 -4.0215439608E-02  2.3200659148E-03
           HessRho_EigVec2 =  2.8805415985E-03  1.2877991896E-01  9.9166901482E-01
           HessRho_EigVec3 =  4.0179183277E-02  9.9085743217E-01 -1.2879123550E-01
           DelSqRho = -4.3473689413E+05
           Bond Ellipticity = NA
           V = -1.0869446557E+05
           G =  5.1210199323E+00
           K =  1.0868934455E+05
           L =  1.0868422353E+05
           Vnuc =  4.7827258874E+06
           Ven = -5.6261242237E+08
           Vrep =  5.6250372791E+08
           DelSqV =  2.4936406469E+09
           DelSqVen =  2.0792274452E+12
           DelSqVrep = -2.0767338046E+12
           DelSqG =  1.3390812883E+08
           DelSqK = -2.6275487758E+09
           Stress_EigVals = -3.6231754372E+04 -3.6231634452E+04 -3.6231076750E+04
           Stress_EigVec1 =  5.0719772890E-02  9.9030625191E-01 -1.2930982975E-01
           Stress_EigVec2 =  1.3501328453E-03  1.2940836798E-01  9.9159046558E-01
           Stress_EigVec3 =  9.9871201143E-01 -5.0467828662E-02  5.2265180363E-03
           -DivStress =  8.1382551091E+01  1.0053526791E+03 -1.4301244872E+02
           ESP =  -1.4648185526E+01     ESP at Nucleus =  -1.4648185535E+01
           ESPe = -3.2709437741E+01     ESPe at Nucleus = -3.2709436172E+01
           ESPn =  1.8061252215E+01     ESPn at Nucleus =  1.8061250636E+01

CP# 5      Coords = -2.50501469787547E+00  1.54753508992688E+00  2.05967032679581E+00
           Type = (3,-3) NACP N5
           Rho =  1.9140797241E+02     Rho at Nucleus =  1.9140794050E+02
           GradRho = -8.0691009430E-13  6.8560712663E-12 -1.6194601216E-11
           HessRho_EigVals = -3.2209563832E+05 -3.2209412966E+05 -3.2208448728E+05
           HessRho_EigVec1 =  9.9372667193E-01 -6.2064394178E-02  9.3033931778E-02
           HessRho_EigVec2 =  1.0084281958E-01  8.5693697387E-01 -5.0545993763E-01
           HessRho_EigVec3 = -4.8353151155E-02  5.1167082561E-01  8.5781987561E-01
           DelSqRho = -9.6627425525E+05
           Bond Ellipticity = NA
           V = -2.4160114289E+05
           G =  1.6289536409E+01
           K =  2.4158485335E+05
           L =  2.4156856381E+05
           Vnuc =  4.9729811859E+05
           Ven = -9.5186824562E+07
           Vrep =  9.4945223420E+07
           DelSqV =  7.5858267324E+09
           DelSqVen =  4.8052636890E+11
           DelSqVrep = -4.7294054216E+11
           DelSqG =  4.0658697139E+08
           DelSqK = -7.9924137038E+09
           Stress_EigVals = -8.0535246848E+04 -8.0533253613E+04 -8.0532642424E+04
           Stress_EigVec1 = -4.9569433160E-02  4.8304963337E-01  8.7418872276E-01
           Stress_EigVec2 =  6.5106452540E-02  8.7496587727E-01 -4.7978731063E-01
           Stress_EigVec3 =  9.9664638721E-01 -3.3132541564E-02  7.4821210600E-02
           -DivStress = -1.0141671262E+03  2.3571215031E+04  2.5492422896E+04
           ESP =  -1.8301836900E+01     ESP at Nucleus =  -1.8301838369E+01
           ESPe = -3.4969911030E+01     ESPe at Nucleus = -3.4969882449E+01
           ESPn =  1.6668074130E+01     ESPn at Nucleus =  1.6668044080E+01

CP# 6      Coords = -2.52847368204866E+00 -9.26350720095798E-01  2.39178505481136E+00
           Type = (3,-3) NACP N6
           Rho =  1.9141321740E+02     Rho at Nucleus =  1.9141318509E+02
           GradRho =  4.1774639303E-11  1.6022891347E-11  3.4059866039E-11
           HessRho_EigVals = -3.2210371296E+05 -3.2210218094E+05 -3.2209250798E+05
           HessRho_EigVec1 =  9.9475168250E-01  6.8013091157E-02  7.6441543646E-02
           HessRho_EigVec2 = -8.5885981726E-02  9.6109369727E-01  2.6253095666E-01
           HessRho_EigVec3 = -5.5611943922E-02 -2.6771836787E-01  9.6189094351E-01
           DelSqRho = -9.6629840188E+05
           Bond Ellipticity = NA
           V = -2.4160716106E+05
           G =  1.6280296267E+01
           K =  2.4159088077E+05
           L =  2.4157460047E+05
           Vnuc =  4.9422829941E+05
           Ven = -9.4601828921E+07
           Vrep =  9.4360221759E+07
           DelSqV =  7.5860138044E+09
           DelSqVen =  4.7757201562E+11
           DelSqVrep = -4.6998600181E+11
           DelSqG =  4.0659598767E+08
           DelSqK = -7.9926097921E+09
           Stress_EigVals = -8.0537257924E+04 -8.0535259851E+04 -8.0534643288E+04
           Stress_EigVec1 = -5.6605123819E-02 -2.3581719761E-01  9.7014746779E-01
           Stress_EigVec2 = -5.0807649089E-02  9.7112680521E-01  2.3309077843E-01
           Stress_EigVec3 =  9.9710302514E-01  3.6096779734E-02  6.6952070478E-02
           -DivStress = -1.4491879527E+03 -1.6119643732E+04  3.0976637488E+04
           ESP =  -1.8302287651E+01     ESP at Nucleus =  -1.8302289139E+01
           ESPe = -3.4943126739E+01     ESPe at Nucleus = -3.4943097753E+01
           ESPn =  1.6640839088E+01     ESPn at Nucleus =  1.6640808614E+01

CP# 7      Coords =  4.37776089798806E+00 -1.00756582556403E+00 -7.86914473742811E-01
           Type = (3,-3) NACP C7
           Rho =  1.1767594274E+02     Rho at Nucleus =  1.1767594248E+02
           GradRho = -4.5735951105E-11 -7.8171600302E-10 -1.3134919110E-09
           HessRho_EigVals = -1.4500145488E+05 -1.4500074269E+05 -1.4500042637E+05
           HessRho_EigVec1 =  9.9981041263E-01 -2.7126512217E-03 -1.9281605916E-02
           HessRho_EigVec2 =  1.4905908680E-02 -5.3050375793E-01  8.4755151862E-01
           HessRho_EigVec3 =  1.2528076060E-02  8.4767824341E-01  5.3036274658E-01
           DelSqRho = -4.3500262394E+05
           Bond Ellipticity = NA
           V = -1.0876081684E+05
           G =  5.0804277146E+00
           K =  1.0875573641E+05
           L =  1.0875065598E+05
           Vnuc =  3.1534673411E+06
           Ven = -3.7108724228E+08
           Vrep =  3.7097848147E+08
           DelSqV =  2.4951986508E+09
           DelSqVen =  1.3717665382E+12
           DelSqVrep = -1.3692713232E+12
           DelSqG =  1.3402686962E+08
           DelSqK = -2.6292255204E+09
           Stress_EigVals = -3.6253860910E+04 -3.6253690152E+04 -3.6253265779E+04
           Stress_EigVec1 =  7.1845217573E-03  8.5077284879E-01  5.2548448351E-01
           Stress_EigVec2 =  6.6333905545E-03 -5.2552703192E-01  8.5075104281E-01
           Stress_EigVec3 =  9.9995218925E-01 -2.6264955677E-03 -9.4191689741E-03
           -DivStress =  5.6416342494E+01  7.7363528525E+02  1.3401060321E+03
           ESP =  -1.4745501209E+01     ESP at Nucleus =  -1.4745501235E+01
           ESPe = -2.9964399844E+01     ESPe at Nucleus = -2.9964400947E+01
           ESPn =  1.5218898635E+01     ESPn at Nucleus =  1.5218899712E+01

CP# 8      Coords =  4.38986889802068E+00  9.64289506714205E-01  7.92189904555479E-01
           Type = (3,-3) NACP C8
           Rho =  1.1767593258E+02     Rho at Nucleus =  1.1767593231E+02
           GradRho = -1.7334351294E-11  7.8133696964E-10  1.3110343410E-09
           HessRho_EigVals = -1.4500145582E+05 -1.4500074463E+05 -1.4500042808E+05
           HessRho_EigVec1 =  9.9971894567E-01 -1.1004314457E-02  2.0998446167E-02
           HessRho_EigVec2 = -2.3638194504E-02 -5.3021098887E-01  8.4753616031E-01
           HessRho_EigVec3 = -1.8070524854E-03  8.4779432196E-01  5.3032209290E-01
           DelSqRho = -4.3500262853E+05
           Bond Ellipticity = NA
           V = -1.0876081809E+05
           G =  5.0804764407E+00
           K =  1.0875573761E+05
           L =  1.0875065713E+05
           Vnuc =  3.1519321190E+06
           Ven = -3.7090655152E+08
           Vrep =  3.7079779070E+08
           DelSqV =  2.4951986961E+09
           DelSqVen =  1.3710987919E+12
           DelSqVrep = -1.3686035932E+12
           DelSqG =  1.3402688451E+08
           DelSqK = -2.6292255806E+09
           Stress_EigVals = -3.6253861280E+04 -3.6253690469E+04 -3.6253266337E+04
           Stress_EigVec1 =  3.6018843460E-03  8.5083780943E-01  5.2541607176E-01
           Stress_EigVec2 = -1.5415964542E-02 -5.2530979737E-01  8.5077139398E-01
           Stress_EigVec3 =  9.9987467938E-01 -1.1164175698E-02  1.1224380365E-02
           -DivStress =  4.8308127572E+01 -7.7454036671E+02 -1.3407683592E+03
           ESP =  -1.4745500304E+01     ESP at Nucleus =  -1.4745500329E+01
           ESPe = -2.9962381015E+01     ESPe at Nucleus = -2.9962382120E+01
           ESPn =  1.5216880711E+01     ESPn at Nucleus =  1.5216881791E+01

CP# 9      Coords =  4.37365319342834E+00 -8.48734423792350E-01 -3.62160028723132E+00
           Type = (3,-3) NACP C9
           Rho =  1.1751157938E+02     Rho at Nucleus =  1.1751157933E+02
           GradRho =  7.1259735959E-11 -2.9971413860E-11  1.0539874640E-10
           HessRho_EigVals = -1.4479977749E+05 -1.4479950062E+05 -1.4479943200E+05
           HessRho_EigVec1 = -6.6020079932E-02 -1.8365175531E-01  9.8077182964E-01
           HessRho_EigVec2 =  9.4787402112E-01 -3.1861837820E-01  4.1435674298E-03
           HessRho_EigVec3 =  3.1173095631E-01  9.2992169662E-01  1.9511393859E-01
           DelSqRho = -4.3439871011E+05
           Bond Ellipticity = NA
           V = -1.0861016647E+05
           G =  5.2444691525E+00
           K =  1.0860492200E+05
           L =  1.0859967753E+05
           Vnuc =  7.0545253527E+06
           Ven = -8.2898841599E+08
           Vrep =  8.2887980583E+08
           DelSqV =  2.4917565218E+09
           DelSqVen =  3.0644767293E+12
           DelSqVrep = -3.0619849728E+12
           DelSqG =  1.3384237951E+08
           DelSqK = -2.6255989013E+09
           Stress_EigVals = -3.6203433571E+04 -3.6203411134E+04 -3.6203321761E+04
           Stress_EigVec1 =  2.6790635601E-01  9.4570815301E-01  1.8401704744E-01
           Stress_EigVec2 =  9.6191604281E-01 -2.7331296611E-01  4.1891692658E-03
           Stress_EigVec3 = -5.4255976580E-02 -1.7588664501E-01  9.8291412499E-01
           -DivStress = -1.5758964728E+02  1.6494263956E+02 -6.5094071256E+02
           ESP =  -1.4746269129E+01     ESP at Nucleus =  -1.4746269130E+01
           ESPe = -2.8036734059E+01     ESPe at Nucleus = -2.8036733202E+01
           ESPn =  1.3290464929E+01     ESPn at Nucleus =  1.3290464071E+01

CP# 10     Coords =  4.37847267586975E+00  8.05195882352382E-01  3.62685823860744E+00
           Type = (3,-3) NACP C10
           Rho =  1.1751157031E+02     Rho at Nucleus =  1.1751157025E+02
           GradRho =  8.4987463139E-11  3.5651564979E-11 -1.1711952805E-10
           HessRho_EigVals = -1.4479976143E+05 -1.4479948487E+05 -1.4479941623E+05
           HessRho_EigVec1 =  6.1607319272E-02 -1.8460814396E-01  9.8087938677E-01
           HessRho_EigVec2 =  9.5337407363E-01  3.0177535882E-01 -3.0835922292E-03
           HessRho_EigVec3 = -2.9543597267E-01  9.3533494856E-01  1.9459218911E-01
           DelSqRho = -4.3439866253E+05
           Bond Ellipticity = NA
           V = -1.0861015446E+05
           G =  5.2444129710E+00
           K =  1.0860491005E+05
           L =  1.0859966563E+05
           Vnuc =  7.0635238271E+06
           Ven = -8.3004577681E+08
           Vrep =  8.2993716665E+08
           DelSqV =  2.4917562399E+09
           DelSqVen =  3.0683850342E+12
           DelSqVrep = -3.0658932780E+12
           DelSqG =  1.3384236030E+08
           DelSqK = -2.6255986002E+09
           Stress_EigVals = -3.6203429551E+04 -3.6203407084E+04 -3.6203317823E+04
           Stress_EigVec1 = -2.5229313980E-01  9.5005902241E-01  1.8367369312E-01
           Stress_EigVec2 =  9.6635724682E-01  2.5718691554E-01 -2.9260891123E-03
           Stress_EigVec3 =  5.0018427962E-02 -1.7675617219E-01  9.8298291565E-01
           -DivStress = -1.5956607047E+02 -1.6376665290E+02  6.4982410341E+02
           ESP =  -1.4746238266E+01     ESP at Nucleus =  -1.4746238267E+01
           ESPe = -2.8035509719E+01     ESPe at Nucleus = -2.8035508863E+01
           ESPn =  1.3289271453E+01     ESPn at Nucleus =  1.3289270596E+01

CP# 11     Coords = -2.24147067275562E+00  5.22587031552771E+00 -6.99169778512398E-01
           Type = (3,-3) NACP C11
           Rho =  1.1752345079E+02     Rho at Nucleus =  1.1752345061E+02
           GradRho =  1.4238885965E-10 -8.7773728151E-10  1.4141938765E-10
           HessRho_EigVals = -1.4481739132E+05 -1.4481691149E+05 -1.4481669542E+05
           HessRho_EigVec1 =  5.2726281346E-02  9.8966461707E-01 -1.3335623337E-01
           HessRho_EigVec2 =  9.9860705481E-01 -5.1990187899E-02  8.9983579839E-03
           HessRho_EigVec3 = -1.9721408782E-03  1.3364492540E-01  9.9102731777E-01
           DelSqRho = -4.3445099822E+05
           Bond Ellipticity = NA
           V = -1.0862336844E+05
           G =  5.3094404878E+00
           K =  1.0861805900E+05
           L =  1.0861274956E+05
           Vnuc =  3.8265894203E+06
           Ven = -4.4971399344E+08
           Vrep =  4.4960537007E+08
           DelSqV =  2.4920598611E+09
           DelSqVen =  1.6624656384E+12
           DelSqVrep = -1.6599736113E+12
           DelSqG =  1.3386132126E+08
           DelSqK = -2.6259211823E+09
           Stress_EigVals = -3.6207880942E+04 -3.6207819448E+04 -3.6207668047E+04
           Stress_EigVec1 = -4.7754124076E-03  1.3551487985E-01  9.9076380272E-01
           Stress_EigVec2 =  9.9852032022E-01 -5.3024488986E-02  1.2065391921E-02
           Stress_EigVec3 =  5.4169784481E-02  9.8935540677E-01 -1.3506114742E-01
           -DivStress = -2.0818858213E+02  1.2344883455E+03 -2.1179784272E+02
           ESP =  -1.4723062387E+01     ESP at Nucleus =  -1.4723062396E+01
           ESPe = -2.8547460134E+01     ESPe at Nucleus = -2.8547457354E+01
           ESPn =  1.3824397747E+01     ESPn at Nucleus =  1.3824394958E+01

CP# 12     Coords = -2.31548249112546E+00 -5.20378232968352E+00  6.96874893995561E-01
           Type = (3,-3) NACP C12
           Rho =  1.1752342959E+02     Rho at Nucleus =  1.1752342942E+02
           GradRho =  1.3587402013E-10  8.6583259291E-10 -1.5030300764E-10
           HessRho_EigVals = -1.4481736276E+05 -1.4481688316E+05 -1.4481666683E+05
           HessRho_EigVec1 = -3.8999461129E-02  9.9024759802E-01 -1.3374878189E-01
           HessRho_EigVec2 =  9.9923912233E-01  3.8711126580E-02 -4.7565831129E-03
           HessRho_EigVec3 = -4.6737102323E-04  1.3383251960E-01  9.9100385381E-01
           DelSqRho = -4.3445091275E+05
           Bond Ellipticity = NA
           V = -1.0862334704E+05
           G =  5.3094240624E+00
           K =  1.0861803761E+05
           L =  1.0861272819E+05
           Vnuc =  3.8255584070E+06
           Ven = -4.4959274410E+08
           Vrep =  4.4948412075E+08
           DelSqV =  2.4920593764E+09
           DelSqVen =  1.6620173394E+12
           DelSqVrep = -1.6595252800E+12
           DelSqG =  1.3386129258E+08
           DelSqK = -2.6259206690E+09
           Stress_EigVals = -3.6207873837E+04 -3.6207812274E+04 -3.6207660925E+04
           Stress_EigVec1 =  2.7134942599E-03  1.3583551304E-01  9.9072768728E-01
           Stress_EigVec2 =  9.9917573289E-01  3.9759435783E-02 -8.1879219464E-03
           Stress_EigVec3 = -4.0502984439E-02  9.8993328091E-01 -1.3561566129E-01
           -DivStress = -2.2570469070E+02 -1.2311226200E+03  2.1546441866E+02
           ESP =  -1.4723042170E+01     ESP at Nucleus =  -1.4723042179E+01
           ESPe = -2.8541059145E+01     ESPe at Nucleus = -2.8541056364E+01
           ESPn =  1.3818016975E+01     ESPn at Nucleus =  1.3818014185E+01

CP# 13     Coords =  4.37875237685238E+00 -2.87871373790934E+00  3.57386269698419E-03
           Type = (3,-3) NACP H13
           Rho =  4.2886943243E-01     Rho at Nucleus =  4.2539611694E-01
           GradRho = -4.9491918268E-14  2.3679331858E-11 -1.0170992206E-11
           HessRho_EigVals = -6.5571306106E+00 -6.5491761451E+00 -5.9729333338E+00
           HessRho_EigVec1 = -2.9641754855E-03  3.9443610160E-01  9.1891859020E-01
           HessRho_EigVec2 =  9.9999449087E-01  2.5420115574E-03  2.1345721454E-03
           HessRho_EigVec3 = -1.4939493609E-03  9.1891985501E-01 -3.9444146357E-01
           DelSqRho = -1.9079240089E+01
           Bond Ellipticity = NA
           V = -4.7792791585E+00
           G =  4.7345680645E-03
           K =  4.7745445904E+00
           L =  4.7698100224E+00
           Vnuc =  4.5282716160E+01
           Ven = -1.9420372778E+01
           Vrep =  1.4641093620E+01
           DelSqV =  7.1977995798E+02
           DelSqVen =  8.6395981356E+02
           DelSqVrep = -1.4417985558E+02
           DelSqG =  7.1077373413E+01
           DelSqK = -7.9085733139E+02
           Stress_EigVals = -1.6424506483E+00 -1.6414944027E+00 -1.4953341075E+00
           Stress_EigVec1 = -4.3738311326E-03  3.9313526061E-01  9.1947024773E-01
           Stress_EigVec2 =  9.9998916349E-01  3.1856682169E-03  3.3947647991E-03
           Stress_EigVec3 = -1.5945254005E-03  9.1947513201E-01 -3.9314493397E-01
           -DivStress =  1.4661199646E-02 -7.0816154252E+00  3.0398059698E+00
           ESP =  -1.1163523215E+00     ESP at Nucleus =  -1.1186639141E+00
           ESPe = -1.6715961940E+01     ESPe at Nucleus = -1.6636789072E+01
           ESPn =  1.5599609619E+01     ESPn at Nucleus =  1.5518125158E+01

CP# 14     Coords =  4.41832261871064E+00  2.83527458693791E+00  1.80667347997820E-03
           Type = (3,-3) NACP H14
           Rho =  4.2886734131E-01     Rho at Nucleus =  4.2539415154E-01
           GradRho = -3.8915672696E-13 -2.3265680678E-11  9.9941394369E-12
           HessRho_EigVals = -6.5571400024E+00 -6.5491837901E+00 -5.9729600578E+00
           HessRho_EigVec1 =  6.8747188574E-03  3.9433638729E-01  9.1894045068E-01
           HessRho_EigVec2 =  9.9986373963E-01 -1.6502831446E-02 -3.9841011748E-04
           HessRho_EigVec3 =  1.5008011761E-02  9.1881797447E-01 -3.9439610720E-01
           DelSqRho = -1.9079283850E+01
           Bond Ellipticity = NA
           V = -4.7792902334E+00
           G =  4.7346354136E-03
           K =  4.7745555980E+00
           L =  4.7698209626E+00
           Vnuc =  4.5277597297E+01
           Ven = -1.9418082774E+01
           Vrep =  1.4638792540E+01
           DelSqV =  7.1978281117E+02
           DelSqVen =  8.6386413094E+02
           DelSqVrep = -1.4408131977E+02
           DelSqG =  7.1078027314E+01
           DelSqK = -7.9086083849E+02
           Stress_EigVals = -1.6424527908E+00 -1.6414967126E+00 -1.4953407300E+00
           Stress_EigVec1 =  8.1363958179E-03  3.9301906818E-01  9.1949432359E-01
           Stress_EigVec2 =  9.9985265257E-01 -1.7096849105E-02 -1.5397694153E-03
           Stress_EigVec3 =  1.5115296962E-02  9.1937136664E-01 -3.9310026456E-01
           -DivStress =  1.1886026934E-01  7.0806497717E+00 -3.0394432503E+00
           ESP =  -1.1163392109E+00     ESP at Nucleus =  -1.1186505329E+00
           ESPe = -1.6710241420E+01     ESPe at Nucleus = -1.6631018098E+01
           ESPn =  1.5593902209E+01     ESPn at Nucleus =  1.5512367565E+01

CP# 15     Coords =  5.98340187716835E+00 -1.81916405356897E+00 -4.42050082693809E+00
           Type = (3,-3) NACP H15
           Rho =  4.2225552241E-01     Rho at Nucleus =  4.1890552702E-01
           GradRho = -1.3188506277E-15  7.0447391410E-16 -6.8823671602E-16
           HessRho_EigVals = -6.4217822306E+00 -6.4200377780E+00 -5.8632251852E+00
           HessRho_EigVec1 =  2.8541833788E-01 -2.9003409182E-01  9.1346406497E-01
           HessRho_EigVec2 =  5.4670037256E-01  8.3210493928E-01  9.3381329359E-02
           HessRho_EigVec3 =  7.8718172936E-01 -4.7273840082E-01 -3.9605975476E-01
           DelSqRho = -1.8705045194E+01
           Bond Ellipticity = NA
           V = -4.6860615753E+00
