AIMSum (Version 19.02.13, Professional)
Copyright (c) 1997-2019 by Todd A. Keith
AIMSum is a component of the AIMAll package ( http://aim.tkgristmill.com )

TP:  64-bit Linux

Much of the Quantum Theory of Atoms in Molecules (QTAIM) is described in the book:
  "Atoms in Molecules - A Quantum Theory"
  R.F.W. Bader, Oxford University Press, Oxford, 1990

For additional references see:  http://aim.tkgristmill.com/references.html

Wfn File:  /home/mhennefarth/Documents/ML_Diels/summary-liu2014/2_8-opt/2_8-opt.wfn
Sum File:  /home/mhennefarth/Documents/ML_Diels/summary-liu2014/2_8-opt/2_8-opt.sum

SumViz File:  /home/mhennefarth/Documents/ML_Diels/summary-liu2014/2_8-opt/2_8-opt.sumviz

Wfn Title:   Title Card Required                                                           
 
Total memory allocated for AIMSum =        1.256 Megabytes

Atomic units (a.u.) used throughout, except where stated otherwise

Model:  Restricted SCF
 
Restricted, closed-shell, single-determinant wavefunction.
  Number of electrons (from MO Occs)                   =          88.0000000000
  Number of Alpha electrons (from MO Occs)             =          44.0000000000
  Number of Beta electrons (from MO Occs)              =          44.0000000000
  Number of electron pairs (N*(N-1)/2)                 =        3828.0000000000
  Number of electron pairs (from Muller 2EDM)          =        3828.0000000000
 
Nuclear Charges and Cartesian Coordinates:
-------------------------------------------------------------------------------
Atom      Charge                X                  Y                  Z
-------------------------------------------------------------------------------
C1         6.0           3.7367992600E+00  -1.0193436100E+00   3.2907000000E-04
N2         7.0           3.0464859400E+00  -5.1437930000E-02   2.2466789100E+00
N3         7.0           1.4689865700E+00   1.8836058700E+00   2.2452789900E+00
C4         6.0           6.5723635000E-01   2.7543232200E+00  -1.2902000000E-03
N5         7.0           1.4678514100E+00   1.8806011600E+00  -2.2472960400E+00
N6         7.0           3.0453059800E+00  -5.4220560000E-02  -2.2470058200E+00
C7         6.0          -4.2352528300E+00  -1.6569247300E+00  -1.1426778600E+00
C8         6.0          -4.2347566100E+00  -1.6558358500E+00   1.1450680100E+00
C9         6.0          -4.2203696000E+00  -1.6545529500E+00  -3.9063712000E+00
C10        6.0          -4.2186743000E+00  -1.6508843100E+00   3.9087520300E+00
H11        1.0          -3.9445113200E+00  -3.5661356600E+00  -4.6591687200E+00
H12        1.0          -6.0085690600E+00  -9.3586576000E-01  -4.6700671700E+00
H13        1.0          -2.6915470400E+00  -4.6329982000E-01  -4.6412222100E+00
H14        1.0          -2.6897737100E+00  -4.5862959000E-01   4.6418277000E+00
H15        1.0          -3.9420367800E+00  -3.5617252000E+00   4.6631639400E+00
H16        1.0          -6.0066628100E+00  -9.3187379000E-01   4.6725982600E+00
C17        6.0          -1.2492789700E+00   4.8455418000E+00  -2.2933400000E-03
H18        1.0          -1.0425001300E+00   6.0059620300E+00  -1.6973093800E+00
H19        1.0          -3.1541046700E+00   4.0289787700E+00  -2.9595300000E-03
H20        1.0          -1.0437604000E+00   6.0063022200E+00   1.6926264800E+00
C21        6.0           5.4116812100E+00  -3.3038065300E+00   9.7705000000E-04
H22        1.0           4.2592973800E+00  -5.0273692500E+00  -1.8534880000E-02
H23        1.0           6.6033855600E+00  -3.3195568500E+00  -1.6848031900E+00
H24        1.0           6.5760666500E+00  -3.3377292000E+00   1.7052950400E+00
 
Some Atomic Properties:
----------------------
  q(A) = Net Charge of Atom A
  L(A) = Lagrangian of Atom A = -(1/4) Times Atomic Integral of the Laplacian of the Electron Density
  K(A) = Electronic Kinetic Energy of Atom A (Hamiltonian Form)
  K_Scaled(A) = K(A) * E(Mol)/K(Mol) = Approximation to Virial-Based Total Energy of Atom A.
  |Mu_Intra(A)| = Magnitude of Intraatomic Dipole Moment of Atom A
--------------------------------------------------------------------------------------------------
Atom A          q(A)              L(A)              K(A)          K_Scaled(A)      |Mu_Intra(A)|
--------------------------------------------------------------------------------------------------
C1        1.0395475908E+00  1.4845702261E-05  3.7136302135E+01 -3.7491675750E+01  6.1381853688E-01
N2       -5.9494721330E-01 -7.2036561208E-05  5.4577194645E+01 -5.5099467835E+01  6.6813445333E-01
N3       -6.0054422490E-01 -1.0497904488E-06  5.4574434111E+01 -5.5096680884E+01  6.6991684262E-01
C4        1.0416896912E+00 -1.2539047927E-04  3.7136817945E+01 -3.7492196496E+01  6.1937767596E-01
N5       -6.0015224940E-01  7.2360634633E-05  5.4574208805E+01 -5.5096453422E+01  6.6990324631E-01
N6       -5.9464961880E-01  4.5436008672E-05  5.4577250033E+01 -5.5099523753E+01  6.6799044403E-01
C7       -1.8319746550E-01  6.6836486797E-05  3.7788208081E+01 -3.8149820071E+01  7.7086620964E-02
C8       -1.8324704730E-01  2.3406377540E-05  3.7788201929E+01 -3.8149813860E+01  7.7160664234E-02
C9        4.2061557500E-02 -4.4843371566E-05  3.7636780847E+01 -3.7996943763E+01  2.3153076345E-01
C10       4.2081527200E-02 -3.9270267385E-05  3.7636782329E+01 -3.7996945259E+01  2.3160831984E-01
H11       4.2874537640E-02  2.7479385492E-05  5.9334552258E-01 -5.9902350696E-01  1.4937035278E-01
H12       4.1066790820E-02  1.9325838893E-05  5.9406999960E-01 -5.9975491682E-01  1.4985746304E-01
H13       6.2443851840E-02  1.5639954393E-05  5.8642345461E-01 -5.9203519867E-01  1.3904417358E-01
H14       6.2478178910E-02  5.2818574991E-05  5.8643122916E-01 -5.9204304763E-01  1.3903824785E-01
H15       4.2880428370E-02  2.2741400188E-05  5.9333879305E-01 -5.9901671303E-01  1.4936599259E-01
H16       4.1066781410E-02  1.9443246214E-05  5.9407313167E-01 -5.9975807886E-01  1.4985776515E-01
C17      -1.1944260100E-02  1.6612346718E-05  3.7708190963E+01 -3.8069037234E+01  1.9216731630E-01
H18       5.0769585460E-02  2.4465755141E-05  5.9083781554E-01 -5.9649180257E-01  1.4627499540E-01
H19       6.2005662600E-02  2.3524251498E-05  5.8420314780E-01 -5.8979364477E-01  1.4199755710E-01
H20       5.0783845750E-02  2.5235060567E-05  5.9083678002E-01 -5.9649075713E-01  1.4627626239E-01
C21      -9.2954543000E-03 -2.9813693452E-05  3.7704297726E+01 -3.8065106741E+01  1.8092320645E-01
H22       4.9283262090E-02  2.1548047579E-05  5.8937261143E-01 -5.9501257727E-01  1.4508351540E-01
H23       5.3601125340E-02  2.3642937657E-05  5.8980750469E-01 -5.9545163222E-01  1.4574092596E-01
H24       5.3686525310E-02  2.3915717616E-05  5.8981875883E-01 -5.9546299405E-01  1.4574491133E-01
--------------------------------------------------------------------------------------------------
Total     3.4340864000E-04  2.2687356352E-04  5.2592122830E+02 -5.3095399994E+02
 
1st Largest |L(A)| = 1.2539047927E-04, atom C4      
2nd Largest |L(A)| = 7.2360634633E-05, atom N5      
 
Molecular charge q(Mol) from the wfn file:   0.0000000000E+00
Molecular energy E(Mol) from the wfn file:  -5.3095398769E+02
Molecular virial ratio (-V(Mol)/T(Mol)) from the wfn file:   2.0095694400E+00
Note.  K_Scaled(A) = (1+V(Mol)/T(Mol))*K(A) = (E(Mol)/T(Mol))*K(A)
       Only use K_Scaled(A) data with caution.
 
N_AIMInt(SumA)     =         87.999657
N_Analytic(Mol)    =         87.999990
 
G_AIMInt(SumA)     =        525.921001
G_Analytic(Mol)    =        525.921193
 
K_AIMInt(SumA)     =        525.921228
K_Analytic(Mol)    =        525.921193
 
L_AIMInt(SumA)     =          0.000227
L_Analytic(Mol)    =          0.000000
 
VenT_AIMInt(SumA)  =      -2562.366117
VenT_Analytic(Mol) =      -2562.370862
 
Some Information About the Atomic Calculations:
----------------------------------------------
  Time(sec) = "Elapsed User Time", in Seconds, for Atom A by AIMInt and, if used, by TWOe
  NProc = Number of Processors Used for AIMInt Job
  BIM = Basin Integration Method
  OAQ = Angular Quadrature Outside of Beta Sphere
  ORQ = Multiple of Default for Radial Quadrature Outside of Beta Sphere
  IAQ = Multiple of Default for Angular Quadrature Inside of Beta Sphere
  IRQ = Multiple of Default for Radial Quadrature Inside of Beta Sphere
  MIR = Maximum Integration Radius
------------------------------------------------------------------------------------------------------
Atom A     Time(sec)   NProc      BIM          OAQ                     ORQ      IAQ      IRQ      MIR
------------------------------------------------------------------------------------------------------
C1             27        8     Proaim(5)    4500(GS4)                  1.00     1.00     1.00    13.00
N2             19        8     Proaim(5)    4500(GS4)                  1.00     1.00     1.00    13.00
N3             25        8     Proaim(5)    4500(GS4)                  1.00     1.00     1.00    13.00
C4             35        8     Proaim(5)    4500(GS4)                  1.00     1.00     1.00    13.00
N5             23        8     Proaim(5)    4500(GS4)                  1.00     1.00     1.00    13.00
N6             19        8     Proaim(5)    4500(GS4)                  1.00     1.00     1.00    13.00
C7            126        8    Promega(1)    4500(GS4)                  1.00     1.00     1.00    13.00
C8            112        8    Promega(1)    4500(GS4)                  1.00     1.00     1.00    13.00
C9             24        8     Proaim(5)    4500(GS4)                  1.00     1.00     1.00    13.00
C10            25        8     Proaim(5)    4500(GS4)                  1.00     1.00     1.00    13.00
H11             6        8     Proaim(5)    1800(GS4)                  1.00     1.00     1.00    13.00
H12             5        8     Proaim(5)    1800(GS4)                  1.00     1.00     1.00    13.00
H13            13        8     Proaim(5)    4500(GS4)                  1.00     1.00     1.00    13.00
H14            13        8     Proaim(5)    4500(GS4)                  1.00     1.00     1.00    13.00
H15             6        8     Proaim(5)    1800(GS4)                  1.00     1.00     1.00    13.00
H16             6        8     Proaim(5)    1800(GS4)                  1.00     1.00     1.00    13.00
C17            27        8     Proaim(5)    4500(GS4)                  1.00     1.00     1.00    13.00
H18             8        8     Proaim(5)    1800(GS4)                  1.00     1.00     1.00    13.00
H19            13        8     Proaim(5)    4500(GS4)                  1.00     1.00     1.00    13.00
H20             6        8     Proaim(5)    1800(GS4)                  1.00     1.00     1.00    13.00
C21            25        8     Proaim(5)    4500(GS4)                  1.00     1.00     1.00    13.00
H22             7        8     Proaim(5)    1800(GS4)                  1.00     1.00     1.00    13.00
H23             6        8     Proaim(5)    1800(GS4)                  1.00     1.00     1.00    13.00
H24             6        8     Proaim(5)    1800(GS4)                  1.00     1.00     1.00    13.00
------------------------------------------------------------------------------------------------------
Total         582
Note:  Total wall clock time is less than total of atomic times if more than one atom
       was calculated at a time
 
Electron Density Critical Point Analysis of Molecular Structure:               
---------------------------------------------------------------                
  NACP = Nuclear Attractor Critical Point                                      
  NNACP = Non-Nuclear Attractor Critical Point                                 
  BCP = Bond Critical Point                                                    
  RCP = Ring Critical Point                                                    
  CCP = Cage Critical Point                                                    
  Rho = Electron Density                                                       
  GradRho = Gradient of Electron Density                                       
  HessRho_EigVals = Eigenvalues of the Hessian of Rho, Ascending Order         
  HessRho_EigVecs = Eigenvectors of the Hessian of Rho                         
  DelSqRho = Laplacian of Rho = Trace of Hessian of Rho                        
  Bond Ellipticity = (HessRho_EigVal(1) / HessRho_EigVal(2)) - 1               
  V = Virial Field = Potential Energy Density = Trace of Stress Tensor         
  G = Lagrangian Form of Kinetic Energy Density                                
  K = Hamiltonian Form of Kinetic Energy Density                               
  L = K - G = Lagrangian Density = (-1/4)DelSqRho                              
  Vnuc = Electrostatic Potential from Nuclei                                   
  Ven = Electron-nuclear attractive contribution to Virial Field V             
  Vrep = V - Ven = Repulsive contribution to Virial Field V                    
  DelSqV = Laplacian of V                                                      
  DelSqVen = Laplacian of Ven                                                  
  DelSqVrep = Laplacian of Vrep                                                
  DelSqG = Laplacian of G                                                      
  DelSqK = Laplacian of K                                                      
  Stress_EigVals = Eigenvalues of Stress Tensor, Ascending Order               
  Stress_EigVecs = Eigenvectors of Stress Tensor                               
  -DivStress = Ehrenfest Force Density = Minus Divergence of Stress Tensor     
  ESP = Total Electrostatic Potential                                          
  ESPe = Electrostatic Potential from Electrons                                
  ESPn = Electrostatic Potential from Nuclei                                   
  BP = Bond Path                                                               
  BPL = Bond Path Length                                                       
  GBL = Geometric Bond Length                                                  
  GBL_I = Distance Between Nuclear Attractors                                  
  GBL_II = Distance Between Nuclei                                             
  GBL_III = Sum of Distances Between BCP and Nuclear Attractors                
  GBL_IV = Sum of Distances Between BCP and Nuclei                             

CP# 1      Coords =  3.73679855934618E+00 -1.01934255426841E+00  3.29068449906799E-04
           Type = (3,-3) NACP C1
           Rho =  1.1763150615E+02     Rho at Nucleus =  1.1763150604E+02
           GradRho = -2.1999779776E-10  3.6912162216E-10 -5.6857529752E-13
           HessRho_EigVals = -1.4490953137E+05 -1.4490842078E+05 -1.4490794893E+05
           HessRho_EigVec1 =  7.9367279109E-01  6.0834465613E-01 -5.2918954358E-04
           HessRho_EigVec2 =  3.4866312388E-04  4.1500328575E-04  9.9999985310E-01
           HessRho_EigVec3 = -6.0834478638E-01  7.9367285901E-01 -1.1726946792E-04
           DelSqRho = -4.3472590108E+05
           Bond Ellipticity = NA
           V = -1.0869171900E+05
           G =  5.1218640815E+00
           K =  1.0868659713E+05
           L =  1.0868147527E+05
           Vnuc =  4.7353207927E+06
           Ven = -5.5702291698E+08
           Vrep =  5.5691422526E+08
           DelSqV =  2.4935775615E+09
           DelSqVen =  2.0585667625E+12
           DelSqVrep = -2.0560731849E+12
           DelSqG =  1.3390448096E+08
           DelSqK = -2.6274820425E+09
           Stress_EigVals = -3.6230837403E+04 -3.6230716836E+04 -3.6230164758E+04
           Stress_EigVec1 = -6.0023044173E-01  7.9982710026E-01  1.6279920461E-04
           Stress_EigVec2 =  5.3761479458E-04  1.9991019027E-04  9.9999983550E-01
           Stress_EigVec3 =  7.9982693615E-01  6.0023043052E-01 -5.4999106402E-04
           -DivStress =  5.7003590491E+02 -8.5648970644E+02  1.2440960456E+00
           ESP =  -1.4649150629E+01     ESP at Nucleus =  -1.4649150638E+01
           ESPe = -3.2108825191E+01     ESPe at Nucleus = -3.2108823528E+01
           ESPn =  1.7459674563E+01     ESPn at Nucleus =  1.7459672889E+01

CP# 2      Coords =  3.04648048781992E+00 -5.14318914244072E-02  2.24666733576895E+00
           Type = (3,-3) NACP N2
           Rho =  1.9141218310E+02     Rho at Nucleus =  1.9141215086E+02
           GradRho = -6.1356697501E-11  3.9479530756E-13  1.5156431665E-11
           HessRho_EigVals = -3.2210240800E+05 -3.2210085704E+05 -3.2209117657E+05
           HessRho_EigVec1 =  8.0620674577E-01  5.8738736465E-01 -7.0758511308E-02
           HessRho_EigVec2 = -5.2011770876E-01  7.6066647841E-01  3.8841225219E-01
           HessRho_EigVec3 =  2.8197207683E-01 -2.7633782308E-01  9.1876501644E-01
           DelSqRho = -9.6629444161E+05
           Bond Ellipticity = NA
           V = -2.4160617413E+05
           G =  1.6281865418E+01
           K =  2.4158989227E+05
           L =  2.4157361040E+05
           Vnuc =  4.9480112452E+05
           Ven = -9.4710963444E+07
           Vrep =  9.4469357270E+07
           DelSqV =  7.5859836620E+09
           DelSqVen =  4.7812357613E+11
           DelSqVrep = -4.7053759247E+11
           DelSqG =  4.0659490712E+08
           DelSqK = -7.9925785691E+09
           Stress_EigVals = -8.0536932041E+04 -8.0534931839E+04 -8.0534310255E+04
           Stress_EigVec1 =  2.6341959101E-01 -2.5185774834E-01  9.3122381503E-01
           Stress_EigVec2 = -5.5146845522E-01  7.5272004186E-01  3.5957625267E-01
           Stress_EigVec3 =  7.9151289438E-01  6.0825998815E-01 -5.9389602163E-02
           -DivStress =  1.3456133831E+04 -1.4906819205E+04  2.8555228692E+04
           ESP =  -1.8302844834E+01     ESP at Nucleus =  -1.8302846318E+01
           ESPe = -3.4502056136E+01     ESPe at Nucleus = -3.4502026831E+01
           ESPn =  1.6199211302E+01     ESPn at Nucleus =  1.6199180513E+01

CP# 3      Coords =  1.46899135054011E+00  1.88359935689346E+00  2.24526755937848E+00
           Type = (3,-3) NACP N3
           Rho =  1.9140157631E+02     Rho at Nucleus =  1.9140154475E+02
           GradRho =  2.9301672200E-11 -2.8666180540E-11 -1.7677859177E-11
           HessRho_EigVals = -3.2208416236E+05 -3.2208271650E+05 -3.2207311764E+05
           HessRho_EigVec1 =  7.2537926845E-01  6.8348164948E-01 -8.1717511771E-02
           HessRho_EigVec2 = -6.5526448142E-01  6.4926929501E-01 -3.8610599833E-01
           HessRho_EigVec3 = -2.1083969336E-01  3.3361986959E-01  9.1882773485E-01
           DelSqRho = -9.6623999649E+05
           Bond Ellipticity = NA
           V = -2.4159259458E+05
           G =  1.6297730479E+01
           K =  2.4157629685E+05
           L =  2.4155999912E+05
           Vnuc =  5.0010171939E+05
           Ven = -9.5720257406E+07
           Vrep =  9.5478664811E+07
           DelSqV =  7.5855584128E+09
           DelSqVen =  4.8321828339E+11
           DelSqVrep = -4.7563272498E+11
           DelSqG =  4.0657172782E+08
           DelSqK = -7.9921301407E+09
           Stress_EigVals = -8.0532388034E+04 -8.0530400604E+04 -8.0529805946E+04
           Stress_EigVec1 = -1.9054604921E-01  3.0997751024E-01  9.3145378107E-01
           Stress_EigVec2 = -6.3463674303E-01  6.8499976208E-01 -3.5778699019E-01
           Stress_EigVec3 =  7.4895153884E-01  6.5930969134E-01 -6.6199119133E-02
           -DivStress = -1.1802074998E+04  1.6073519196E+04  2.8200182024E+04
           ESP =  -1.8302497353E+01     ESP at Nucleus =  -1.8302498807E+01
           ESPe = -3.4832771128E+01     ESPe at Nucleus = -3.4832743925E+01
           ESPn =  1.6530273776E+01     ESPn at Nucleus =  1.6530245118E+01

CP# 4      Coords =  6.57237270970112E-01  2.75432213794478E+00 -1.29020059951920E-03
           Type = (3,-3) NACP C4
           Rho =  1.1763811109E+02     Rho at Nucleus =  1.1763811095E+02
           GradRho =  4.1732861611E-10 -4.5479153776E-10 -2.9031540626E-13
           HessRho_EigVals = -1.4491786608E+05 -1.4491671863E+05 -1.4491620767E+05
           HessRho_EigVec1 =  7.5491412450E-01  6.5582328766E-01 -6.9282164122E-04
           HessRho_EigVec2 =  1.1679571610E-04  9.2197184463E-04  9.9999956816E-01
           HessRho_EigVec3 = -6.5582364321E-01  7.5491387942E-01 -6.1941221738E-04
           DelSqRho = -4.3475079237E+05
           Bond Ellipticity = NA
           V = -1.0869793102E+05
           G =  5.1164615455E+00
           K =  1.0869281456E+05
           L =  1.0868769809E+05
           Vnuc =  4.2226175124E+06
           Ven = -4.9674074804E+08
           Vrep =  4.9663205011E+08
           DelSqV =  2.4937198072E+09
           DelSqVen =  1.8357862072E+12
           DelSqVrep = -1.8332924874E+12
           DelSqG =  1.3391227602E+08
           DelSqK = -2.6276320832E+09
           Stress_EigVals = -3.6232919425E+04 -3.6232787515E+04 -3.6232224076E+04
           Stress_EigVec1 = -6.6326292785E-01  7.4838589613E-01 -9.1597930692E-04
           Stress_EigVec2 = -1.0925405828E-04  1.1271117714E-03  9.9999935884E-01
           Stress_EigVec3 =  7.4838644870E-01  6.6326260267E-01 -6.6580725719E-04
           -DivStress = -7.4509358742E+02  8.8051150995E+02  4.8327109338E-01
           ESP =  -1.4649446954E+01     ESP at Nucleus =  -1.4649446966E+01
           ESPe = -3.2733682654E+01     ESPe at Nucleus = -3.2733681027E+01
           ESPn =  1.8084235700E+01     ESPn at Nucleus =  1.8084234061E+01

CP# 5      Coords =  1.46785619765203E+00  1.88059466094949E+00 -2.24728460340779E+00
           Type = (3,-3) NACP N5
           Rho =  1.9140159414E+02     Rho at Nucleus =  1.9140156258E+02
           GradRho =  1.3937073717E-11  2.0639823184E-11 -6.2723159999E-12
           HessRho_EigVals = -3.2208419241E+05 -3.2208274378E+05 -3.2207314458E+05
           HessRho_EigVec1 =  7.2554637464E-01  6.8346277136E-01  8.0380958074E-02
           HessRho_EigVec2 = -6.5490926106E-01  6.4987424242E-01  3.8569071654E-01
           HessRho_EigVec3 =  2.1136773178E-01 -3.3247873497E-01  9.1911999910E-01
           DelSqRho = -9.6624008077E+05
           Bond Ellipticity = NA
           V = -2.4159261562E+05
           G =  1.6297715970E+01
           K =  2.4157631791E+05
           L =  2.4156002019E+05
           Vnuc =  5.0007405222E+05
           Ven = -9.5714970781E+07
           Vrep =  9.5473378165E+07
           DelSqV =  7.5855590951E+09
           DelSqVen =  4.8319159232E+11
           DelSqVrep = -4.7560603322E+11
           DelSqG =  4.0657176013E+08
           DelSqK = -7.9921308553E+09
           Stress_EigVals = -8.0532395300E+04 -8.0530407845E+04 -8.0529812480E+04
           Stress_EigVec1 =  1.9109900641E-01 -3.0884325165E-01  9.3171724019E-01
           Stress_EigVec2 = -6.3437147024E-01  6.8548180004E-01  3.5733393284E-01
           Stress_EigVec3 =  7.4903538467E-01  6.5934099503E-01  6.4926456723E-02
           -DivStress = -1.1819640279E+04  1.6038869197E+04 -2.8214931637E+04
           ESP =  -1.8302463381E+01     ESP at Nucleus =  -1.8302464835E+01
           ESPe = -3.4833283366E+01     ESPe at Nucleus = -3.4833256164E+01
           ESPn =  1.6530819986E+01     ESPn at Nucleus =  1.6530791329E+01

CP# 6      Coords =  3.04530053299817E+00 -5.42145069607430E-02 -2.24699424947297E+00
           Type = (3,-3) NACP N6
           Rho =  1.9141229939E+02     Rho at Nucleus =  1.9141226715E+02
           GradRho = -6.4547256429E-11  9.0594198809E-14 -5.7712945534E-11
           HessRho_EigVals = -3.2210279639E+05 -3.2210124468E+05 -3.2209156197E+05
           HessRho_EigVec1 =  8.0624947764E-01  5.8745956550E-01  6.9663754571E-02
           HessRho_EigVec2 = -5.2030111658E-01  7.6021446590E-01 -3.8905104282E-01
           HessRho_EigVec3 = -2.8151115055E-01  2.7742607076E-01  9.1857838390E-01
           DelSqRho = -9.6629560303E+05
           Bond Ellipticity = NA
           V = -2.4160646564E+05
           G =  1.6282438489E+01
           K =  2.4159018320E+05
           L =  2.4157390076E+05
           Vnuc =  4.9476068540E+05
           Ven = -9.4703280442E+07
           Vrep =  9.4461673977E+07
           DelSqV =  7.5859930090E+09
           DelSqVen =  4.7808507488E+11
           DelSqVrep = -4.7049908181E+11
           DelSqG =  4.0659566093E+08
           DelSqK = -7.9925886699E+09
           Stress_EigVals = -8.0537029578E+04 -8.0535028955E+04 -8.0534407103E+04
           Stress_EigVec1 = -2.6296151790E-01  2.5297218605E-01  9.3105118720E-01
           Stress_EigVec2 = -5.5164394054E-01  7.5229050543E-01 -3.6020543903E-01
           Stress_EigVec3 =  7.9154292554E-01  6.0832891476E-01  5.8272879648E-02
           -DivStress =  1.3443489707E+04 -1.4942664939E+04 -2.8546266282E+04
           ESP =  -1.8302836232E+01     ESP at Nucleus =  -1.8302837716E+01
           ESPe = -3.4502533420E+01     ESPe at Nucleus = -3.4502504112E+01
           ESPn =  1.6199697188E+01     ESPn at Nucleus =  1.6199666396E+01

CP# 7      Coords = -4.23525278677171E+00 -1.65692461068741E+00 -1.14268098809939E+00
           Type = (3,-3) NACP C7
           Rho =  1.1785353727E+02     Rho at Nucleus =  1.1785353656E+02
           GradRho =  6.9654679594E-11  2.7482033836E-10 -6.6078704730E-09
           HessRho_EigVals = -1.4524683549E+05 -1.4524682793E+05 -1.4524640407E+05
           HessRho_EigVec1 =  2.9946206415E-01  9.5360079530E-01  3.1112623298E-02
           HessRho_EigVec2 =  9.5395147980E-01 -2.9984467072E-01  8.3515049370E-03
           HessRho_EigVec3 = -1.7292956038E-02 -2.7178974128E-02  9.9948099383E-01
           DelSqRho = -4.3574006749E+05
           Bond Ellipticity = NA
           V = -1.0894517813E+05
           G =  5.0806277937E+00
           K =  1.0894009750E+05
           L =  1.0893501687E+05
           Vnuc =  1.9165358967E+06
           Ven = -2.2587053474E+08
           Vrep =  2.2576158956E+08
           DelSqV =  2.4994385114E+09
           DelSqVen =  8.3511146086E+11
           DelSqVrep = -8.3261201416E+11
           DelSqG =  1.3428155675E+08
           DelSqK = -2.6337200681E+09
           Stress_EigVals = -3.6315508002E+04 -3.6314835602E+04 -3.6314834525E+04
           Stress_EigVec1 = -4.0151775071E-03 -4.5342301370E-03  9.9998165939E-01
           Stress_EigVec2 =  9.9682481862E-01 -7.9542554972E-02  3.6418311338E-03
           Stress_EigVec3 =  7.9524583212E-02  9.9682115884E-01  4.8392106114E-03
           -DivStress = -3.4172674583E+01 -9.6366043277E+01  2.5599274533E+03
           ESP =  -1.4760281856E+01     ESP at Nucleus =  -1.4760281924E+01
           ESPe = -2.9492847191E+01     ESPe at Nucleus = -2.9492849170E+01
           ESPn =  1.4732565335E+01     ESPn at Nucleus =  1.4732567247E+01

CP# 8      Coords = -4.23475656543890E+00 -1.65583572786508E+00  1.14507113783850E+00
           Type = (3,-3) NACP C8
           Rho =  1.1785354614E+02     Rho at Nucleus =  1.1785354543E+02
           GradRho =  5.6091457000E-11  2.6403938758E-10  6.6094918427E-09
           HessRho_EigVals = -1.4524684542E+05 -1.4524683778E+05 -1.4524641390E+05
           HessRho_EigVec1 =  2.9597226768E-01  9.5465761354E-01 -3.2082046075E-02
           HessRho_EigVec2 =  9.5503223703E-01 -2.9637732241E-01 -8.5970333982E-03
           HessRho_EigVec3 =  1.7715614301E-02  2.8094904761E-02  9.9944826446E-01
           DelSqRho = -4.3574009711E+05
           Bond Ellipticity = NA
           V = -1.0894518551E+05
           G =  5.0806177346E+00
           K =  1.0894010489E+05
           L =  1.0893502428E+05
           Vnuc =  1.9166174058E+06
           Ven = -2.2588015787E+08
           Vrep =  2.2577121269E+08
           DelSqV =  2.4994386778E+09
           DelSqVen =  8.3514708787E+11
           DelSqVrep = -8.3264764919E+11
           DelSqG =  1.3428156481E+08
           DelSqK = -2.6337202427E+09
           Stress_EigVals = -3.6315510472E+04 -3.6314838071E+04 -3.6314836970E+04
           Stress_EigVec1 =  4.4456792583E-03  5.4770457319E-03  9.9997511864E-01
           Stress_EigVec2 =  9.9700657678E-01 -7.7212752689E-02 -4.0095734448E-03
           Stress_EigVec3 =  7.7188870914E-02  9.9699959518E-01 -5.8039137491E-03
           -DivStress = -3.5263804969E+01 -9.8675821695E+01 -2.5597166405E+03
           ESP =  -1.4760282009E+01     ESP at Nucleus =  -1.4760282077E+01
           ESPe = -2.9492985228E+01     ESPe at Nucleus = -2.9492987207E+01
           ESPn =  1.4732703218E+01     ESPn at Nucleus =  1.4732705130E+01

CP# 9      Coords = -4.22036985508918E+00 -1.65455310238251E+00 -3.90636859963077E+00
           Type = (3,-3) NACP C9
           Rho =  1.1747546667E+02     Rho at Nucleus =  1.1747546618E+02
           GradRho = -4.0157295544E-10 -2.3214944550E-10  4.0849259392E-09
           HessRho_EigVals = -1.4475445561E+05 -1.4475379127E+05 -1.4475371877E+05
           HessRho_EigVec1 =  2.2023921477E-02  1.6498560248E-02  9.9962130049E-01
           HessRho_EigVec2 = -6.0277385935E-01  7.9791206417E-01  1.1108595105E-04
           HessRho_EigVec3 =  7.9760806250E-01  6.0254803573E-01 -2.7518053481E-02
           DelSqRho = -4.3426196565E+05
           Bond Ellipticity = NA
           V = -1.0857605067E+05
           G =  5.2796274212E+00
           K =  1.0857077104E+05
           L =  1.0856549141E+05
           Vnuc =  2.2924595882E+06
           Ven = -2.6930775996E+08
           Vrep =  2.6919918391E+08
           DelSqV =  2.4909754444E+09
           DelSqVen =  9.9552799949E+11
           DelSqVrep = -9.9303702404E+11
           DelSqG =  1.3379921349E+08
           DelSqK = -2.6247746579E+09
           Stress_EigVals = -3.6192091690E+04 -3.6192070840E+04 -3.6191888137E+04
           Stress_EigVec1 =  7.9847918163E-01  6.0161696307E-01 -2.2091316046E-02
           Stress_EigVec2 = -6.0176984970E-01  7.9866947472E-01 -3.4372038549E-04
           Stress_EigVec3 =  1.7436871768E-02  1.3568341509E-02  9.9975589801E-01
           -DivStress =  2.0736045321E+02  1.2420308929E+02 -2.1000730433E+03
           ESP =  -1.4723367607E+01     ESP at Nucleus =  -1.4723367634E+01
           ESPe = -2.7464260269E+01     ESPe at Nucleus = -2.7464257245E+01
           ESPn =  1.2740892662E+01     ESPn at Nucleus =  1.2740889611E+01

CP# 10     Coords = -4.21867455602614E+00 -1.65088446481116E+00  3.90874942974546E+00
           Type = (3,-3) NACP C10
           Rho =  1.1747547070E+02     Rho at Nucleus =  1.1747547020E+02
           GradRho = -3.8610034289E-10 -2.3021296328E-10 -4.1127014572E-09
           HessRho_EigVals = -1.4475445905E+05 -1.4475379466E+05 -1.4475372220E+05
           HessRho_EigVec1 = -2.1577578534E-02 -1.5567677100E-02  9.9964596510E-01
           HessRho_EigVec2 = -6.0278219192E-01  7.9790556245E-01 -5.8525113178E-04
           HessRho_EigVec3 =  7.9761396503E-01  6.0258141429E-01  2.6600788462E-02
           DelSqRho = -4.3426197591E+05
           Bond Ellipticity = NA
           V = -1.0857605324E+05
           G =  5.2796318572E+00
           K =  1.0857077361E+05
           L =  1.0856549398E+05
           Vnuc =  2.2923544284E+06
           Ven = -2.6929541548E+08
           Vrep =  2.6918683943E+08
           DelSqV =  2.4909754975E+09
           DelSqVen =  9.9548233728E+11
           DelSqVrep = -9.9299137817E+11
           DelSqG =  1.3379921524E+08
           DelSqK = -2.6247747128E+09
           Stress_EigVals = -3.6192092543E+04 -3.6192071709E+04 -3.6191888989E+04
           Stress_EigVec1 =  7.9852535849E-01  6.0158866345E-01  2.1173848268E-02
           Stress_EigVec2 = -6.0172199707E-01  7.9870559637E-01 -9.2509710990E-05
           Stress_EigVec3 = -1.6967323902E-02 -1.2666898915E-02  9.9977580466E-01
           -DivStress =  2.0811704617E+02  1.2616471646E+02  2.0999793364E+03
           ESP =  -1.4723371737E+01     ESP at Nucleus =  -1.4723371764E+01
           ESPe = -2.7464660829E+01     ESPe at Nucleus = -2.7464657805E+01
           ESPn =  1.2741289093E+01     ESPn at Nucleus =  1.2741286042E+01

CP# 11     Coords = -3.94906758268919E+00 -3.53477213375165E+00 -4.64668540199243E+00
           Type = (3,-3) NACP H11
           Rho =  4.2031123294E-01     Rho at Nucleus =  4.1684489403E-01
           GradRho = -1.3907656277E-11  9.5764688714E-11  3.8189820230E-11
           HessRho_EigVals = -6.3981878224E+00 -6.3961632928E+00 -5.8277375635E+00
           HessRho_EigVec1 =  1.0489540709E-01 -3.5667965733E-01  9.2831922075E-01
           HessRho_EigVec2 =  9.8549452919E-01  1.6250387404E-01 -4.8918542998E-02
           HessRho_EigVec3 = -1.3340722057E-01  9.1998484388E-01  3.6855176100E-01
           DelSqRho = -1.8622088679E+01
           Bond Ellipticity = NA
           V = -4.6651343578E+00
           G =  4.8060940717E-03
           K =  4.6603282637E+00
           L =  4.6555221697E+00
           Vnuc =  4.2518599857E+01
           Ven = -1.7871045129E+01
           Vrep =  1.3205910771E+01
           DelSqV =  7.0194788968E+02
           DelSqVen =  7.9178513722E+02
           DelSqVrep = -8.9837247532E+01
           DelSqG =  6.9105866501E+01
           DelSqK = -7.7105375619E+02
           Stress_EigVals = -1.6031174002E+00 -1.6030751525E+00 -1.4589418051E+00
           Stress_EigVec1 = -9.4777698846E-02 -3.8202376179E-01  9.1927962733E-01
           Stress_EigVec2 =  9.8651173821E-01  8.7757117174E-02  1.3817843089E-01
           Stress_EigVec3 = -1.3346077394E-01  9.1997637677E-01  3.6855350765E-01
           -DivStress =  1.0171225912E+00 -7.0012637820E+00 -2.7849693800E+00
           ESP =  -1.1049846671E+00     ESP at Nucleus =  -1.1072530718E+00
           ESPe = -1.4265908200E+01     ESPe at Nucleus = -1.4187736275E+01
           ESPn =  1.3160923533E+01     ESPn at Nucleus =  1.3080483203E+01

CP# 12     Coords = -5.97927958796364E+00 -9.47650758590582E-01 -4.65742493027810E+00
           Type = (3,-3) NACP H12
           Rho =  4.2054994657E-01     Rho at Nucleus =  4.1709197140E-01
           GradRho =  5.4027962659E-15 -2.6263713426E-15  8.2572837456E-16
           HessRho_EigVals = -6.4025032123E+00 -6.4004121672E+00 -5.8326348316E+00
           HessRho_EigVec1 =  3.2918181101E-01 -1.8222490278E-01 -9.2651682128E-01
           HessRho_EigVec2 =  3.8877855232E-01  9.2033285878E-01 -4.2879672415E-02
           HessRho_EigVec3 =  8.6051761897E-01 -3.4609466025E-01  3.7380197109E-01
           DelSqRho = -1.8635550211E+01
           Bond Ellipticity = NA
           V = -4.6685220003E+00
           G =  4.8172237793E-03
           K =  4.6637047766E+00
           L =  4.6588875528E+00
           Vnuc =  4.2256451346E+01
           Ven = -1.7770948356E+01
           Vrep =  1.3102426355E+01
           DelSqV =  7.0250808851E+02
           DelSqVen =  7.8747222080E+02
           DelSqVrep = -8.4964132283E+01
           DelSqG =  6.9166669737E+01
           DelSqK = -7.7167475825E+02
           Stress_EigVals = -1.6041942559E+00 -1.6041501632E+00 -1.4601775812E+00
           Stress_EigVec1 = -3.7725615566E-01  6.0208331687E-02  9.2414974426E-01
           Stress_EigVec2 = -3.4241649557E-01 -9.3623919723E-01 -7.8785208870E-02
           Stress_EigVec3 =  8.6048168869E-01 -3.4616632183E-01  3.7381832627E-01
           -DivStress = -6.5428806282E+00  2.6327460578E+00 -2.8225088346E+00
           ESP =  -1.1048145112E+00     ESP at Nucleus =  -1.1070797426E+00
           ESPe = -1.3956947807E+01     ESPe at Nucleus = -1.3875517057E+01
           ESPn =  1.2852133296E+01     ESPn at Nucleus =  1.2768437315E+01

CP# 13     Coords = -2.71714555404412E+00 -4.83203937859375E-01 -4.62887184577664E+00
           Type = (3,-3) NACP H13
           Rho =  4.1802966697E-01     Rho at Nucleus =  4.1445938666E-01
           GradRho = -1.6106907474E-15 -4.7531423242E-16  1.5274240206E-15
           HessRho_EigVals = -6.3573685677E+00 -6.3554358724E+00 -5.7789136329E+00
           HessRho_EigVec1 =  2.8764611793E-01  2.1438555838E-01  9.3343373798E-01
           HessRho_EigVec2 = -6.1195013766E-01  7.9086592588E-01  6.9365912932E-03
           HessRho_EigVec3 =  7.3673383244E-01  5.7321018801E-01 -3.5868278535E-01
           DelSqRho = -1.8491718073E+01
           Bond Ellipticity = NA
           V = -4.6325413019E+00
           G =  4.8058918347E-03
           K =  4.6277354101E+00
           L =  4.6229295182E+00
           Vnuc =  4.3696327308E+01
           Ven = -1.8266361152E+01
           Vrep =  1.3633819850E+01
           DelSqV =  6.9645349714E+02
           DelSqVen =  8.0802016540E+02
           DelSqVrep = -1.1156666826E+02
           DelSqG =  6.8520966614E+01
           DelSqK = -7.6497446376E+02
           Stress_EigVals = -1.5929034887E+00 -1.5928371141E+00 -1.4468006991E+00
           Stress_EigVec1 =  2.7573703653E-01  2.2952455652E-01  9.3342785722E-01
           Stress_EigVec2 = -6.1737955185E-01  7.8658792575E-01 -1.1041921130E-02
           Stress_EigVec3 =  7.3675747410E-01  5.7323460557E-01 -3.5859519146E-01
           -DivStress =  5.6748770102E+00  4.4125314118E+00 -2.7359657816E+00
           ESP =  -1.1065166574E+00     ESP at Nucleus =  -1.1088564711E+00
           ESPe = -1.5983195324E+01     ESPe at Nucleus = -1.5932306279E+01
           ESPn =  1.4876678667E+01     ESPn at Nucleus =  1.4823449808E+01

CP# 14     Coords = -2.71537329210061E+00 -4.78550283570316E-01  4.62950705646398E+00
           Type = (3,-3) NACP H14
           Rho =  4.1802885314E-01     Rho at Nucleus =  4.1445862821E-01
           GradRho = -4.8225312632E-16 -2.8102520311E-16  4.7444687068E-16
           HessRho_EigVals = -6.3573638932E+00 -6.3554312425E+00 -5.7789148317E+00
           HessRho_EigVec1 = -2.8724380738E-01 -2.1351441939E-01  9.3375724245E-01
           HessRho_EigVec2 = -6.1209354301E-01  7.9074999807E-01 -7.4789814015E-03
           HessRho_EigVec3 =  7.3677166730E-01  5.7369506993E-01  3.5782883758E-01
           DelSqRho = -1.8491709967E+01
           Bond Ellipticity = NA
           V = -4.6325392008E+00
           G =  4.8058544919E-03
           K =  4.6277333464E+00
           L =  4.6229274919E+00
           Vnuc =  4.3697213662E+01
           Ven = -1.8266696113E+01
           Vrep =  1.3634156912E+01
           DelSqV =  6.9645353061E+02
           DelSqVen =  8.0803620143E+02
           DelSqVrep = -1.1158267082E+02
           DelSqG =  6.8521037426E+01
           DelSqK = -7.6497456804E+02
           Stress_EigVals = -1.5929022678E+00 -1.5928359105E+00 -1.4468010225E+00
           Stress_EigVec1 = -2.7544862847E-01 -2.2850309562E-01  9.3376356128E-01
           Stress_EigVec2 = -6.1746331489E-01  7.8653185005E-01  1.0329744834E-02
           Stress_EigVec3 =  7.3679516003E-01  5.7371942982E-01  3.5774139823E-01
           -DivStress =  5.6751112149E+00  4.4162030293E+00  2.7293765001E+00
           ESP =  -1.1065198482E+00     ESP at Nucleus =  -1.1088595799E+00
           ESPe = -1.5983864262E+01     ESPe at Nucleus = -1.5932981813E+01
           ESPn =  1.4877344414E+01     ESPn at Nucleus =  1.4824122233E+01

CP# 15     Coords = -3.94660599940278E+00 -3.53037406861365E+00  4.65065433383068E+00
           Type = (3,-3) NACP H15
           Rho =  4.2030850374E-01     Rho at Nucleus =  4.1684218998E-01
           GradRho = -1.3477195054E-11  9.2501911512E-11 -3.6979070847E-11
           HessRho_EigVals = -6.3981521436E+00 -6.3961276357E+00 -5.8277060202E+00
           HessRho_EigVec1 = -1.0460292850E-01  3.5748864520E-01  9.2804099904E-01
           HessRho_EigVec2 =  9.8547408978E-01  1.6279252460E-01  4.8367471620E-02
           HessRho_EigVec3 = -1.3378731527E-01  9.1961973798E-01 -3.6932437205E-01
           DelSqRho = -1.8621985800E+01
           Bond Ellipticity = NA
           V = -4.6651083723E+00
           G =  4.8059611875E-03
           K =  4.6603024111E+00
           L =  4.6554964499E+00
           Vnuc =  4.2519213388E+01
           Ven = -1.7871186959E+01
           Vrep =  1.3206078587E+01
           DelSqV =  7.0194415912E+02
           DelSqVen =  7.9179218809E+02
           DelSqVrep = -8.9848028973E+01
           DelSqG =  6.9105546659E+01
           DelSqK = -7.7104970578E+02
           Stress_EigVals = -1.6031083924E+00 -1.6030661318E+00 -1.4589338481E+00
           Stress_EigVec1 =  9.5248299911E-02  3.8289043641E-01  9.1887032549E-01
