AIMSum (Version 19.02.13, Professional)
Copyright (c) 1997-2019 by Todd A. Keith
AIMSum is a component of the AIMAll package ( http://aim.tkgristmill.com )

TP:  64-bit Linux

Much of the Quantum Theory of Atoms in Molecules (QTAIM) is described in the book:
  "Atoms in Molecules - A Quantum Theory"
  R.F.W. Bader, Oxford University Press, Oxford, 1990

For additional references see:  http://aim.tkgristmill.com/references.html

Wfn File:  /home/mhennefarth/Documents/ML_Diels/summary-liu2014/2_10-opt/2_10-opt.wfn
Sum File:  /home/mhennefarth/Documents/ML_Diels/summary-liu2014/2_10-opt/2_10-opt.sum

SumViz File:  /home/mhennefarth/Documents/ML_Diels/summary-liu2014/2_10-opt/2_10-opt.sumviz

Wfn Title:   Title Card Required                                                           
 
Total memory allocated for AIMSum =        2.030 Megabytes

Atomic units (a.u.) used throughout, except where stated otherwise

Model:  Restricted SCF
 
Restricted, closed-shell, single-determinant wavefunction.
  Number of electrons (from MO Occs)                   =         118.0000000000
  Number of Alpha electrons (from MO Occs)             =          59.0000000000
  Number of Beta electrons (from MO Occs)              =          59.0000000000
  Number of electron pairs (N*(N-1)/2)                 =        6903.0000000000
  Number of electron pairs (from Muller 2EDM)          =        6903.0000000000
 
Nuclear Charges and Cartesian Coordinates:
-------------------------------------------------------------------------------
Atom      Charge                X                  Y                  Z
-------------------------------------------------------------------------------
C1         6.0          -3.7351289700E+00   2.8177142900E+00  -3.0107100000E-02
C2         6.0          -4.2394038700E+00  -2.0264453900E+00   1.1441842000E-01
N3         7.0          -3.9976157200E+00  -9.2499965000E-01  -2.1630298900E+00
N4         7.0          -3.7331076400E+00   1.5590210500E+00  -2.2363546600E+00
N5         7.0          -4.3529515700E+00  -7.5191651000E-01   2.3144489400E+00
N6         7.0          -4.0942486600E+00   1.7288082100E+00   2.2398787600E+00
C7         6.0           4.6940019500E+00   2.3000301800E+00   9.6118453000E-01
C8         6.0           5.5769489300E+00   1.3919836500E+00  -1.7119177200E+00
C9         6.0           2.5177432700E+00  -2.6566002100E+00   1.4486059700E+00
C10        6.0           3.5453669700E+00   5.2096421000E-01  -3.6381122000E+00
C11        6.0           2.3892754400E+00  -2.9082796900E+00  -8.2361724000E-01
C12        6.0           2.7720417400E+00  -2.3110212300E+00  -3.4933966700E+00
C13        6.0           5.2129433300E+00   5.6988776000E-01   3.2713679900E+00
C14        6.0           3.1487639300E+00  -1.4401471700E+00   3.8475726900E+00
H15        1.0           7.0090014100E+00  -9.6107470000E-02  -1.5014627300E+00
H16        1.0           1.8379221600E+00   1.6742077500E+00  -3.4043063100E+00
H17        1.0           6.5655239300E+00   2.9871381700E+00  -2.5943180700E+00
H18        1.0           4.2354063000E+00   8.8893679000E-01  -5.5604654200E+00
H19        1.0           1.0747414800E+00  -2.6365425200E+00  -4.6374558900E+00
H20        1.0           4.2742758100E+00  -3.5043492400E+00  -4.2883847600E+00
H21        1.0           5.4383724300E+00   1.7491866800E+00   4.9642540800E+00
H22        1.0           7.0226195900E+00  -4.0407204000E-01   2.9905723300E+00
H23        1.0           3.8331844900E+00  -2.7738706900E+00   5.2805029700E+00
H24        1.0           1.4636902600E+00  -5.2787891000E-01   4.6474803500E+00
H25        1.0           5.6688642400E+00   4.0895244800E+00   1.3458161700E+00
H26        1.0           2.6726141500E+00   2.7721013300E+00   9.0468112000E-01
C27        6.0          -3.3339648500E+00   5.6221584800E+00  -9.8997300000E-02
H28        1.0          -1.3564299400E+00   6.0715581600E+00   3.3244875000E-01
H29        1.0          -3.7685715200E+00   6.3566207100E+00  -1.9779092100E+00
H30        1.0          -4.5092976200E+00   6.5520203000E+00   1.3225332500E+00
C31        6.0          -4.3882621000E+00  -4.8495783000E+00   2.1399555000E-01
H32        1.0          -2.4726461700E+00  -5.6140449900E+00   4.1787861000E-01
H33        1.0          -5.5051548000E+00  -5.4552192200E+00   1.8413122500E+00
H34        1.0          -5.2006056300E+00  -5.5896004600E+00  -1.5337610800E+00
 
Some Atomic Properties:
----------------------
  q(A) = Net Charge of Atom A
  L(A) = Lagrangian of Atom A = -(1/4) Times Atomic Integral of the Laplacian of the Electron Density
  K(A) = Electronic Kinetic Energy of Atom A (Hamiltonian Form)
  K_Scaled(A) = K(A) * E(Mol)/K(Mol) = Approximation to Virial-Based Total Energy of Atom A.
  |Mu_Intra(A)| = Magnitude of Intraatomic Dipole Moment of Atom A
--------------------------------------------------------------------------------------------------
Atom A          q(A)              L(A)              K(A)          K_Scaled(A)      |Mu_Intra(A)|
--------------------------------------------------------------------------------------------------
C1        1.0353549120E+00 -3.1879828445E-04  3.7138988400E+01 -3.7499135941E+01  6.1218267452E-01
C2        1.0405349900E+00 -1.8252340670E-04  3.7137076326E+01 -3.7497205325E+01  6.2247915281E-01
N3       -6.0054855950E-01  5.9213479806E-05  5.4576709969E+01 -5.5105956152E+01  6.7106757664E-01
N4       -6.0431057900E-01 -1.2918932772E-05  5.4576730240E+01 -5.5105976620E+01  6.7232946652E-01
N5       -5.8941352350E-01  7.8818734391E-05  5.4571631497E+01 -5.5100828433E+01  6.6496584338E-01
N6       -5.9510061610E-01 -2.3772712929E-05  5.4576219555E+01 -5.5105460983E+01  6.6492988216E-01
C7        1.7725436300E-02 -3.0511494993E-04  3.7642659393E+01 -3.8007691177E+01  3.2231788080E-02
C8        1.7268738900E-02  1.1712611193E-04  3.7643173877E+01 -3.8008210650E+01  3.4757576303E-02
C9       -1.8164618320E-01  3.2164348830E-05  3.7821476367E+01 -3.8188242192E+01  2.2194314579E-01
C10       2.9228991800E-02  5.7175135580E-05  3.7652738308E+01 -3.8017867830E+01  6.6330079338E-02
C11      -2.0244497110E-01  1.7249514611E-06  3.7836087099E+01 -3.8202994608E+01  2.0264426634E-01
C12       8.1971371900E-02 -1.7853397130E-05  3.7626877925E+01 -3.7991756672E+01  2.1838171307E-01
C13       3.0075381100E-02 -3.3377975595E-04  3.7651453902E+01 -3.8016570970E+01  6.4068955000E-02
C14       8.2238054700E-02 -1.4968141025E-04  3.7626069508E+01 -3.7990940416E+01  2.1349446590E-01
H15       2.5426587300E-03  2.9528260708E-05  6.1490293572E-01 -6.2086582781E-01  1.5947644373E-01
H16       1.1584608740E-02  2.6340949619E-05  6.1334332508E-01 -6.1929109317E-01  1.4967330413E-01
H17      -5.5849944000E-03  2.7220962250E-05  6.2378773228E-01 -6.2983678282E-01  1.5915571603E-01
H18       3.3932643000E-04  2.5660828766E-05  6.1752888085E-01 -6.2351723749E-01  1.5910037422E-01
H19       4.3837648430E-02 -1.3883238138E-05  5.9830161500E-01 -6.0410351927E-01  1.4709768400E-01
H20       2.6283261980E-02  3.1418616913E-05  6.0500236562E-01 -6.1086924901E-01  1.5437268886E-01
H21       8.6004830000E-05  2.5630732209E-05  6.1759807601E-01 -6.2358710366E-01  1.5922783017E-01
H22       4.0349837000E-03  3.2298678166E-05  6.1566266837E-01 -6.2163292781E-01  1.5849730789E-01
H23       2.9461040990E-02  2.5664938600E-05  6.0357034425E-01 -6.0942334091E-01  1.5303107723E-01
H24       3.8293844900E-02  2.2853198354E-05  6.0053367481E-01 -6.0635722400E-01  1.4755887702E-01
H25      -5.4638839000E-03  3.0635508765E-05  6.2368579124E-01 -6.2973385322E-01  1.5917376360E-01
H26      -4.7188041000E-03  3.3877537804E-05  6.1777622655E-01 -6.2376698178E-01  1.5666897113E-01
C27      -1.0104139100E-02  4.6808111107E-05  3.7704492431E+01 -3.8070123828E+01  1.7855030944E-01
H28       4.5833873400E-02  2.5754492374E-05  5.9043814892E-01 -5.9616379888E-01  1.4517351010E-01
H29       5.4141817460E-02  2.4507411325E-05  5.8986331985E-01 -5.9558339553E-01  1.4578616534E-01
H30       5.3364827600E-02  2.4350990072E-05  5.8960360687E-01 -5.9532116403E-01  1.4567298285E-01
C31      -1.2963381400E-02 -1.3579742059E-04  3.7709442844E+01 -3.8075122247E+01  1.9702319148E-01
H32       6.7632733940E-02  3.3110284197E-05  5.8141118802E-01 -5.8704930092E-01  1.4224797917E-01
H33       5.0298622950E-02  2.3580711674E-05  5.9096516504E-01 -5.9669592563E-01  1.4646393244E-01
H34       4.9547940490E-02  2.5174175294E-05  5.9128542274E-01 -5.9701928895E-01  1.4660658677E-01
--------------------------------------------------------------------------------------------------
Total    -6.1856403000E-04 -6.3348435864E-04  6.8037708813E+02 -6.8697490206E+02
 
1st Largest |L(A)| = 3.3377975595E-04, atom C13     
2nd Largest |L(A)| = 3.1879828445E-04, atom C1      
 
Molecular charge q(Mol) from the wfn file:   0.0000000000E+00
Molecular energy E(Mol) from the wfn file:  -6.8697506512E+02
Molecular virial ratio (-V(Mol)/T(Mol)) from the wfn file:   2.0096972900E+00
Note.  K_Scaled(A) = (1+V(Mol)/T(Mol))*K(A) = (E(Mol)/T(Mol))*K(A)
       Only use K_Scaled(A) data with caution.
 
N_AIMInt(SumA)     =        118.000619
N_Analytic(Mol)    =        117.999985
 
G_AIMInt(SumA)     =        680.377722
G_Analytic(Mol)    =        680.377214
 
K_AIMInt(SumA)     =        680.377088
K_Analytic(Mol)    =        680.377214
 
L_AIMInt(SumA)     =         -0.000633
L_Analytic(Mol)    =          0.000000
 
VenT_AIMInt(SumA)  =      -3787.466444
VenT_Analytic(Mol) =      -3787.452760
 
Some Information About the Atomic Calculations:
----------------------------------------------
  Time(sec) = "Elapsed User Time", in Seconds, for Atom A by AIMInt and, if used, by TWOe
  NProc = Number of Processors Used for AIMInt Job
  BIM = Basin Integration Method
  OAQ = Angular Quadrature Outside of Beta Sphere
  ORQ = Multiple of Default for Radial Quadrature Outside of Beta Sphere
  IAQ = Multiple of Default for Angular Quadrature Inside of Beta Sphere
  IRQ = Multiple of Default for Radial Quadrature Inside of Beta Sphere
  MIR = Maximum Integration Radius
------------------------------------------------------------------------------------------------------
Atom A     Time(sec)   NProc      BIM          OAQ                     ORQ      IAQ      IRQ      MIR
------------------------------------------------------------------------------------------------------
C1             38        8     Proaim(5)    4500(GS4)                  1.00     1.00     1.00    13.00
C2             49        8     Proaim(5)    5400(GS5)                  1.00     1.00     1.00    13.00
N3             35        8     Proaim(5)    4500(GS4)                  1.00     1.00     1.00    13.00
N4             33        8     Proaim(5)    4500(GS4)                  1.00     1.00     1.00    13.00
N5             38        8     Proaim(5)    4500(GS4)                  1.00     1.00     1.00    13.00
N6             29        8     Proaim(5)    4500(GS4)                  1.00     1.00     1.00    13.00
C7             52        8     Proaim(5)    4500(GS4)                  1.00     1.00     1.00    13.00
C8             48        8     Proaim(5)    4500(GS4)                  1.00     1.00     1.00    13.00
C9             35        8     Proaim(5)    4500(GS4)                  1.00     1.00     1.00    13.00
C10            47        8     Proaim(5)    4500(GS4)                  1.00     1.00     1.00    13.00
C11            48        8     Proaim(5)    4500(GS4)                  1.00     1.00     1.00    13.00
C12            41        8     Proaim(5)    4500(GS4)                  1.00     1.00     1.00    13.00
C13            42        8     Proaim(5)    5400(GS5)                  1.00     1.00     1.00    13.00
C14            42        8     Proaim(5)    4500(GS4)                  1.00     1.00     1.00    13.00
H15            10        8     Proaim(5)    1800(GS4)                  1.00     1.00     1.00    13.00
H16            22        8     Proaim(5)    4500(GS4)                  1.00     1.00     1.00    13.00
H17             8        8     Proaim(5)    1800(GS4)                  1.00     1.00     1.00    13.00
H18             7        8     Proaim(5)    1800(GS4)                  1.00     1.00     1.00    13.00
H19            20        8     Proaim(5)    4500(GS4)                  1.00     1.00     1.00    13.00
H20             9        8     Proaim(5)    1800(GS4)                  1.00     1.00     1.00    13.00
H21             8        8     Proaim(5)    1800(GS4)                  1.00     1.00     1.00    13.00
H22             9        8     Proaim(5)    1800(GS4)                  1.00     1.00     1.00    13.00
H23             8        8     Proaim(5)    1800(GS4)                  1.00     1.00     1.00    13.00
H24            23        8     Proaim(5)    4500(GS4)                  1.00     1.00     1.00    13.00
H25             8        8     Proaim(5)    1800(GS4)                  1.00     1.00     1.00    13.00
H26            27        8     Proaim(5)    4500(GS4)                  1.00     1.00     1.00    13.00
C27            40        8     Proaim(5)    4500(GS4)                  1.00     1.00     1.00    13.00
H28            24        8     Proaim(5)    4500(GS4)                  1.00     1.00     1.00    13.00
H29             9        8     Proaim(5)    1800(GS4)                  1.00     1.00     1.00    13.00
H30             7        8     Proaim(5)    1800(GS4)                  1.00     1.00     1.00    13.00
C31            29        8     Proaim(5)    4500(GS4)                  1.00     1.00     1.00    13.00
H32            15        8     Proaim(5)    4500(GS4)                  1.00     1.00     1.00    13.00
H33             8        8     Proaim(5)    1800(GS4)                  1.00     1.00     1.00    13.00
H34             8        8     Proaim(5)    1800(GS4)                  1.00     1.00     1.00    13.00
------------------------------------------------------------------------------------------------------
Total         876
Note:  Total wall clock time is less than total of atomic times if more than one atom
       was calculated at a time
 
Electron Density Critical Point Analysis of Molecular Structure:               
---------------------------------------------------------------                
  NACP = Nuclear Attractor Critical Point                                      
  NNACP = Non-Nuclear Attractor Critical Point                                 
  BCP = Bond Critical Point                                                    
  RCP = Ring Critical Point                                                    
  CCP = Cage Critical Point                                                    
  Rho = Electron Density                                                       
  GradRho = Gradient of Electron Density                                       
  HessRho_EigVals = Eigenvalues of the Hessian of Rho, Ascending Order         
  HessRho_EigVecs = Eigenvectors of the Hessian of Rho                         
  DelSqRho = Laplacian of Rho = Trace of Hessian of Rho                        
  Bond Ellipticity = (HessRho_EigVal(1) / HessRho_EigVal(2)) - 1               
  V = Virial Field = Potential Energy Density = Trace of Stress Tensor         
  G = Lagrangian Form of Kinetic Energy Density                                
  K = Hamiltonian Form of Kinetic Energy Density                               
  L = K - G = Lagrangian Density = (-1/4)DelSqRho                              
  Vnuc = Electrostatic Potential from Nuclei                                   
  Ven = Electron-nuclear attractive contribution to Virial Field V             
  Vrep = V - Ven = Repulsive contribution to Virial Field V                    
  DelSqV = Laplacian of V                                                      
  DelSqVen = Laplacian of Ven                                                  
  DelSqVrep = Laplacian of Vrep                                                
  DelSqG = Laplacian of G                                                      
  DelSqK = Laplacian of K                                                      
  Stress_EigVals = Eigenvalues of Stress Tensor, Ascending Order               
  Stress_EigVecs = Eigenvectors of Stress Tensor                               
  -DivStress = Ehrenfest Force Density = Minus Divergence of Stress Tensor     
  ESP = Total Electrostatic Potential                                          
  ESPe = Electrostatic Potential from Electrons                                
  ESPn = Electrostatic Potential from Nuclei                                   
  BP = Bond Path                                                               
  BPL = Bond Path Length                                                       
  GBL = Geometric Bond Length                                                  
  GBL_I = Distance Between Nuclear Attractors                                  
  GBL_II = Distance Between Nuclei                                             
  GBL_III = Sum of Distances Between BCP and Nuclear Attractors                
  GBL_IV = Sum of Distances Between BCP and Nuclei                             

CP# 1      Coords = -3.73512916984156E+00  2.81771309535179E+00 -3.01070629023287E-02
           Type = (3,-3) NACP C1
           Rho =  1.1763361231E+02     Rho at Nucleus =  1.1763361221E+02
           GradRho = -7.2867464341E-11 -3.6827832781E-10  1.2351779322E-11
           HessRho_EigVals = -1.4491312641E+05 -1.4491202910E+05 -1.4491157159E+05
           HessRho_EigVec1 =  9.8850152950E-01 -1.2293142852E-01  8.8048793605E-02
           HessRho_EigVec2 = -8.3708691390E-02  4.0044466715E-02  9.9568533969E-01
           HessRho_EigVec3 =  1.2592688815E-01  9.9160693048E-01 -2.9293587583E-02
           DelSqRho = -4.3473672709E+05
           Bond Ellipticity = NA
           V = -1.0869443105E+05
           G =  5.1246372397E+00
           K =  1.0868930641E+05
           L =  1.0868418177E+05
           Vnuc =  4.9512687424E+06
           Ven = -5.8243562770E+08
           Vrep =  5.8232693327E+08
           DelSqV =  2.4936405737E+09
           DelSqVen =  2.1524984627E+12
           DelSqVrep = -2.1500048221E+12
           DelSqG =  1.3390879965E+08
           DelSqK = -2.6275493733E+09
           Stress_EigVals = -3.6231737707E+04 -3.6231621396E+04 -3.6231071945E+04
           Stress_EigVec1 =  1.3320447978E-01  9.9088047148E-01 -2.0309057131E-02
           Stress_EigVec2 = -8.2697064323E-02  3.1532540594E-02  9.9607574734E-01
           Stress_EigVec3 =  9.8763240232E-01 -1.3100225234E-01  8.6143181753E-02
           -DivStress =  1.6154285859E+02  9.7026397932E+02 -3.0055040647E+01
           ESP =  -1.4649354579E+01     ESP at Nucleus =  -1.4649354588E+01
           ESPe = -3.5338608184E+01     ESPe at Nucleus = -3.5338606610E+01
           ESPn =  2.0689253605E+01     ESPn at Nucleus =  2.0689252023E+01

CP# 2      Coords = -4.23940371331573E+00 -2.02644388909654E+00  1.14418380316261E-01
           Type = (3,-3) NACP C2
           Rho =  1.1763920281E+02     Rho at Nucleus =  1.1763920264E+02
           GradRho =  5.1505063723E-11  7.7585317570E-10 -2.1348319813E-11
           HessRho_EigVals = -1.4491902615E+05 -1.4491786042E+05 -1.4491732965E+05
           HessRho_EigVec1 =  9.9375614301E-01 -7.5476465079E-02  8.2170745738E-02
           HessRho_EigVec2 = -7.9427233431E-02  3.8663760936E-02  9.9609057228E-01
           HessRho_EigVec3 =  7.8358425364E-02  9.9639772019E-01 -3.2427463132E-02
           DelSqRho = -4.3475421622E+05
           Bond Ellipticity = NA
           V = -1.0869878212E+05
           G =  5.1140304759E+00
           K =  1.0869366809E+05
           L =  1.0868855406E+05
           Vnuc =  3.9746326726E+06
           Ven = -4.6757261905E+08
           Vrep =  4.6746392027E+08
           DelSqV =  2.4937390602E+09
           DelSqVen =  1.7279883346E+12
           DelSqVrep = -1.7254945955E+12
           DelSqG =  1.3391313498E+08
           DelSqK = -2.6276521951E+09
           Stress_EigVals = -3.6233208098E+04 -3.6233070119E+04 -3.6232503900E+04
           Stress_EigVec1 =  7.0449899799E-02  9.9671662693E-01 -3.9909613135E-02
           Stress_EigVec2 = -7.8410211650E-02  4.5418543959E-02  9.9588603493E-01
           Stress_EigVec3 =  9.9442880606E-01 -6.7030750160E-02  8.1352493543E-02
           -DivStress = -1.3034692961E+02 -1.2178924888E+03  3.1928024695E+01
           ESP =  -1.4650855174E+01     ESP at Nucleus =  -1.4650855187E+01
           ESPe = -3.5526256693E+01     ESPe at Nucleus = -3.5526254751E+01
           ESPn =  2.0875401519E+01     ESPn at Nucleus =  2.0875399564E+01

CP# 3      Coords = -3.99761547610897E+00 -9.24991161875794E-01 -2.16301864303091E+00
           Type = (3,-3) NACP N3
           Rho =  1.9140947126E+02     Rho at Nucleus =  1.9140943928E+02
           GradRho =  2.3993508569E-11 -1.7600865210E-11  3.3919089759E-11
           HessRho_EigVals = -3.2209825102E+05 -3.2209680302E+05 -3.2208715659E+05
           HessRho_EigVec1 =  9.9881799942E-01 -4.6122826697E-02  1.5339129714E-02
           HessRho_EigVec2 =  4.8312716846E-02  9.0739605020E-01 -4.1749046632E-01
           HessRho_EigVec3 =  5.3371747104E-03  4.1773806738E-01  9.0855182661E-01
           DelSqRho = -9.6628221063E+05
           Bond Ellipticity = NA
           V = -2.4160312643E+05
           G =  1.6286883666E+01
           K =  2.4158683954E+05
           L =  2.4157055266E+05
           Vnuc =  4.9673332616E+05
           Ven = -9.5079463319E+07
           Vrep =  9.4837860193E+07
           DelSqV =  7.5858889509E+09
           DelSqVen =  4.7998457645E+11
           DelSqVrep = -4.7239868750E+11
           DelSqG =  4.0659047742E+08
           DelSqK = -7.9924794284E+09
           Stress_EigVals = -8.0535905300E+04 -8.0533907809E+04 -8.0533313317E+04
           Stress_EigVec1 =  1.9720562480E-03  3.8589679179E-01  9.2253985121E-01
           Stress_EigVec2 =  7.9070924853E-02  9.1959297532E-01 -3.8483314382E-01
           Stress_EigVec3 =  9.9686704221E-01 -7.3704991855E-02  2.8699727152E-02
           -DivStress = -6.0031106396E+02 -2.0951304683E+04 -2.7748086548E+04
           ESP =  -1.8303960651E+01     ESP at Nucleus =  -1.8303962123E+01
           ESPe = -3.7885662854E+01     ESPe at Nucleus = -3.7885634633E+01
           ESPn =  1.9581702203E+01     ESPn at Nucleus =  1.9581672510E+01

CP# 4      Coords = -3.73310908139209E+00  1.55901345044415E+00 -2.23634294262545E+00
           Type = (3,-3) NACP N4
           Rho =  1.9140551492E+02     Rho at Nucleus =  1.9140548318E+02
           GradRho =  2.9302241189E-11 -2.6058127878E-11  2.4456436876E-11
           HessRho_EigVals = -3.2209019736E+05 -3.2208866665E+05 -3.2207904527E+05
           HessRho_EigVec1 =  9.8985482561E-01 -1.3848387016E-01  3.1774863137E-02
           HessRho_EigVec2 =  1.1735053574E-01  9.2292630440E-01  3.6665499916E-01
           HessRho_EigVec3 = -8.0101660305E-02 -3.5920642304E-01  9.2981421244E-01
           DelSqRho = -9.6625790928E+05
           Bond Ellipticity = NA
           V = -2.4159704912E+05
           G =  1.6285901062E+01
           K =  2.4158076322E+05
           L =  2.4156447732E+05
           Vnuc =  4.9858723073E+05
           Ven = -9.5432345632E+07
           Vrep =  9.5190748583E+07
           DelSqV =  7.5856968815E+09
           DelSqVen =  4.8176385485E+11
           DelSqVrep = -4.7417815797E+11
           DelSqG =  4.0657829625E+08
           DelSqK = -7.9922751777E+09
           Stress_EigVals = -8.0533881352E+04 -8.0531892111E+04 -8.0531275659E+04
           Stress_EigVec1 = -7.7550934721E-02 -3.2842288339E-01  9.4134173507E-01
           Stress_EigVec2 =  1.0120939847E-01  9.3671423718E-01  3.3514637925E-01
           Stress_EigVec3 =  9.9183794553E-01 -1.2126354574E-01  3.9403582186E-02
           -DivStress =  3.5595873367E+03  1.8757154667E+04 -2.8907214945E+04
           ESP =  -1.8302550936E+01     ESP at Nucleus =  -1.8302552400E+01
           ESPe = -3.7782469979E+01     ESPe at Nucleus = -3.7782441281E+01
           ESPn =  1.9479919043E+01     ESPn at Nucleus =  1.9479888881E+01

CP# 5      Coords = -4.35294949657898E+00 -7.51908850015982E-01  2.31443718926571E+00
           Type = (3,-3) NACP N5
           Rho =  1.9141602073E+02     Rho at Nucleus =  1.9141598835E+02
           GradRho =  1.2096135205E-10 -4.4231007745E-12 -3.2813751716E-11
           HessRho_EigVals = -3.2210968481E+05 -3.2210814291E+05 -3.2209844536E+05
           HessRho_EigVec1 =  9.8847641317E-01 -4.3342051246E-02  1.4503739935E-01
           HessRho_EigVec2 = -1.0814011149E-02  9.3546653131E-01  3.5324980675E-01
           HessRho_EigVec3 = -1.5098820410E-01 -3.5074753798E-01  9.2421790008E-01
           DelSqRho = -9.6631627309E+05
           Bond Ellipticity = NA
           V = -2.4161162673E+05
           G =  1.6279231487E+01
           K =  2.4159534750E+05
           L =  2.4157906827E+05
           Vnuc =  4.9369462671E+05
           Ven = -9.4501060900E+07
           Vrep =  9.4259449273E+07
           DelSqV =  7.5861553371E+09
           DelSqVen =  4.7706515206E+11
           DelSqVrep = -4.6947899673E+11
           DelSqG =  4.0660519827E+08
           DelSqK = -7.9927605353E+09
           Stress_EigVals = -8.0538751417E+04 -8.0536746534E+04 -8.0536128784E+04
           Stress_EigVec1 = -1.5000065095E-01 -3.1910717863E-01  9.3577262904E-01
           Stress_EigVec2 =  2.2620596868E-02  9.4512576754E-01  3.2592267814E-01
           Stress_EigVec3 =  9.8842709054E-01 -7.0056349283E-02  1.3455108552E-01
           -DivStress = -5.1140190145E+03 -1.8908947289E+04  2.8992803446E+04
           ESP =  -1.8304051603E+01     ESP at Nucleus =  -1.8304053094E+01
           ESPe = -3.7538462071E+01     ESPe at Nucleus = -3.7538432174E+01
           ESPn =  1.9234410467E+01     ESPn at Nucleus =  1.9234379080E+01

CP# 6      Coords = -4.09424823650339E+00  1.72879969263817E+00  2.23986748405549E+00
           Type = (3,-3) NACP N6
           Rho =  1.9141390329E+02     Rho at Nucleus =  1.9141387110E+02
           GradRho =  3.8576364325E-12 -3.2782665471E-11 -4.9923620793E-11
           HessRho_EigVals = -3.2210784824E+05 -3.2210626273E+05 -3.2209658383E+05
           HessRho_EigVec1 =  9.8069141223E-01 -1.3714083100E-01  1.3941573246E-01
           HessRho_EigVec2 =  1.8342668038E-01  8.9226735532E-01 -4.1256953301E-01
           HessRho_EigVec3 = -6.7815978286E-02  4.3017596296E-01  9.0019422014E-01
           DelSqRho = -9.6631069481E+05
           Bond Ellipticity = NA
           V = -2.4161024341E+05
           G =  1.6284852858E+01
           K =  2.4159395855E+05
           L =  2.4157767370E+05
           Vnuc =  4.9515270091E+05
           Ven = -9.4779111205E+07
           Vrep =  9.4537500961E+07
           DelSqV =  7.5861145219E+09
           DelSqVen =  4.7847135078E+11
           DelSqVrep = -4.7088523626E+11
           DelSqG =  4.0660522823E+08
           DelSqK = -7.9927197502E+09
           Stress_EigVals = -8.0538290163E+04 -8.0536292169E+04 -8.0535661075E+04
           Stress_EigVec1 = -7.2504971833E-02  4.0131491517E-01  9.1306591653E-01
           Stress_EigVec2 =  1.6131760797E-01  9.0813992969E-01 -3.8633987299E-01
           Stress_EigVec3 =  9.8423557059E-01 -1.1928204796E-01  1.3058382218E-01
           -DivStress = -1.0406634968E+03  2.1025114417E+04  2.7822145649E+04
           ESP =  -1.8303040745E+01     ESP at Nucleus =  -1.8303042224E+01
           ESPe = -3.7450331965E+01     ESPe at Nucleus = -3.7450301699E+01
           ESPn =  1.9147291220E+01     ESPn at Nucleus =  1.9147259475E+01

CP# 7      Coords =  4.69400238769776E+00  2.30002942571182E+00  9.61184589325980E-01
           Type = (3,-3) NACP C7
           Rho =  1.1754637010E+02     Rho at Nucleus =  1.1754637004E+02
           GradRho =  5.8890058381E-11 -1.1543825612E-10  2.9827196146E-12
           HessRho_EigVals = -1.4484706271E+05 -1.4484688383E+05 -1.4484653665E+05
           HessRho_EigVec1 = -1.4389087524E-01 -7.8538990486E-02  9.8647201835E-01
           HessRho_EigVec2 = -5.3457780959E-01  8.4505157217E-01 -1.0696067724E-02
           HessRho_EigVec3 =  8.3277967165E-01  5.2888511734E-01  1.6358041184E-01
           DelSqRho = -4.3454048319E+05
           Bond Ellipticity = NA
           V = -1.0864535783E+05
           G =  5.1185180650E+00
           K =  1.0864023932E+05
           L =  1.0863512080E+05
           Vnuc =  6.8642272402E+06
           Ven = -8.0686499561E+08
           Vrep =  8.0675635025E+08
           DelSqV =  2.4925674772E+09
           DelSqVen =  2.9827847946E+12
           DelSqVrep = -2.9802926204E+12
           DelSqG =  1.3388967305E+08
           DelSqK = -2.6264571502E+09
           Stress_EigVals = -3.6215214790E+04 -3.6215102275E+04 -3.6215040769E+04
           Stress_EigVec1 =  8.6175432735E-01  4.8253621743E-01  1.5664698583E-01
           Stress_EigVec2 = -4.9262374847E-01  8.6968813264E-01  3.1054699856E-02
           Stress_EigVec3 = -1.2124900719E-01 -1.0392954733E-01  9.8716631195E-01
           -DivStress = -3.5840437803E+02  6.1429048932E+02 -4.7605884027E+01
           ESP =  -1.4739534989E+01     ESP at Nucleus =  -1.4739534989E+01
           ESPe = -3.3164981240E+01     ESPe at Nucleus = -3.3164980586E+01
           ESPn =  1.8425446252E+01     ESPn at Nucleus =  1.8425445597E+01

CP# 8      Coords =  5.57694797926615E+00  1.39198376991306E+00 -1.71191756726256E+00
           Type = (3,-3) NACP C8
           Rho =  1.1754063411E+02     Rho at Nucleus =  1.1754063404E+02
           GradRho = -2.0036500253E-10  3.8685922697E-11  3.1834892063E-11
           HessRho_EigVals = -1.4483880145E+05 -1.4483857727E+05 -1.4483823702E+05
           HessRho_EigVec1 =  5.2393970511E-02  3.6879012349E-01  9.2803486824E-01
           HessRho_EigVec2 =  9.9734895608E-01  2.7667632449E-02 -6.7302020128E-02
           HessRho_EigVec3 = -5.0496847948E-02  9.2910082711E-01 -3.6636282756E-01
           DelSqRho = -4.3451561575E+05
           Bond Ellipticity = NA
           V = -1.0863915050E+05
           G =  5.1232814595E+00
           K =  1.0863402722E+05
           L =  1.0862890394E+05
           Vnuc =  6.1832763831E+06
           Ven = -7.2678622695E+08
           Vrep =  7.2667758780E+08
           DelSqV =  2.4924242166E+09
           DelSqVen =  2.6867294536E+12
           DelSqVrep = -2.6842370294E+12
           DelSqG =  1.3388086264E+08
           DelSqK = -2.6263050793E+09
           Stress_EigVals = -3.6213148858E+04 -3.6213037207E+04 -3.6212964434E+04
           Stress_EigVec1 = -9.4229295669E-02  9.2978184937E-01 -3.5584624828E-01
           Stress_EigVec2 =  9.9175894089E-01  5.6503268727E-02 -1.1498514591E-01
           Stress_EigVec3 =  8.6804625427E-02  3.6374866763E-01  9.2744372541E-01
           -DivStress =  7.7402392082E+02 -9.8783795065E+01 -1.2455301506E+02
           ESP =  -1.4741155553E+01     ESP at Nucleus =  -1.4741155553E+01
           ESPe = -3.2672587276E+01     ESPe at Nucleus = -3.2672585857E+01
           ESPn =  1.7931431723E+01     ESPn at Nucleus =  1.7931430303E+01

CP# 9      Coords =  2.51774262442949E+00 -2.65660090131299E+00  1.44860880963146E+00
           Type = (3,-3) NACP C9
           Rho =  1.1788634728E+02     Rho at Nucleus =  1.1788634663E+02
           GradRho = -1.3371256534E-09 -1.4343988555E-09  5.5742589916E-09
           HessRho_EigVals = -1.4529314588E+05 -1.4529289076E+05 -1.4529202070E+05
           HessRho_EigVec1 =  6.5311537560E-01  6.9752685422E-01  2.9478228202E-01
           HessRho_EigVec2 = -7.4465473673E-01  6.6231241580E-01  8.2653414598E-02
           HessRho_EigVec3 = -1.3758498906E-01 -2.7349323853E-01  9.5198309820E-01
           DelSqRho = -4.3587805734E+05
           Bond Ellipticity = NA
           V = -1.0897970538E+05
           G =  5.0955254731E+00
           K =  1.0897460986E+05
           L =  1.0896951433E+05
           Vnuc =  2.0046824509E+06
           Ven = -2.3632469160E+08
           Vrep =  2.3621571190E+08
           DelSqV =  2.5002331147E+09
           DelSqVen =  8.7379712410E+11
           DelSqVrep = -8.7129689098E+11
           DelSqG =  1.3432929266E+08
           DelSqK = -2.6345624074E+09
           Stress_EigVals = -3.6327036273E+04 -3.6326352703E+04 -3.6326316409E+04
           Stress_EigVec1 =  3.2873647763E-02  8.0435168255E-02  9.9621760022E-01
           Stress_EigVec2 =  1.4657982588E-02  9.9661032959E-01 -8.0950568313E-02
           Stress_EigVec3 =  9.9935202348E-01 -1.7263680707E-02 -3.1583199636E-02
           -DivStress =  5.1944620071E+02  5.5465692404E+02 -2.3223646899E+03
           ESP =  -1.4766565119E+01     ESP at Nucleus =  -1.4766565190E+01
           ESPe = -3.4488435575E+01     ESPe at Nucleus = -3.4488439063E+01
           ESPn =  1.9721870456E+01     ESPn at Nucleus =  1.9721873873E+01

CP# 10     Coords =  3.54536727974374E+00  5.20963086390641E-01 -3.63811180756791E+00
           Type = (3,-3) NACP C10
           Rho =  1.1756249382E+02     Rho at Nucleus =  1.1756249371E+02
           GradRho =  1.2796295967E-10 -3.7613775121E-10  1.1108579887E-10
           HessRho_EigVals = -1.4486725849E+05 -1.4486693312E+05 -1.4486662634E+05
           HessRho_EigVec1 =  4.1846692191E-01  8.9925887122E-01  1.2735351506E-01
           HessRho_EigVec2 =  5.4225787679E-01 -3.5986266713E-01  7.5924650534E-01
           HessRho_EigVec3 =  7.2858893096E-01 -2.4866110139E-01 -6.3822082882E-01
           DelSqRho = -4.3460081795E+05
           Bond Ellipticity = NA
           V = -1.0866045199E+05
           G =  5.1237510188E+00
           K =  1.0865532824E+05
           L =  1.0865020449E+05
           Vnuc =  4.8788055058E+06
           Ven = -5.7356454211E+08
           Vrep =  5.7345588166E+08
           DelSqV =  2.4929122836E+09
           DelSqVen =  2.1203326730E+12
           DelSqVrep = -2.1178397607E+12
           DelSqG =  1.3390856241E+08
           DelSqK = -2.6268208461E+09
           Stress_EigVals = -3.6220257690E+04 -3.6220153710E+04 -3.6220040589E+04
           Stress_EigVec1 =  7.2576432913E-01 -2.6656489198E-01 -6.3419972952E-01
           Stress_EigVec2 =  5.2419323489E-01 -3.8273639238E-01  7.6074588822E-01
           Stress_EigVec3 =  4.4551946204E-01  8.8456543699E-01  1.3804490801E-01
           -DivStress = -2.5383891933E+02  9.1276839060E+02 -3.1918819359E+02
           ESP =  -1.4738129998E+01     ESP at Nucleus =  -1.4738130001E+01
           ESPe = -3.3128022484E+01     ESPe at Nucleus = -3.3128021403E+01
           ESPn =  1.8389892486E+01     ESPn at Nucleus =  1.8389891402E+01

CP# 11     Coords =  2.38927464826885E+00 -2.90828118649085E+00 -8.23619732960341E-01
           Type = (3,-3) NACP C11
           Rho =  1.1789075733E+02     Rho at Nucleus =  1.1789075667E+02
           GradRho = -1.6048840699E-09 -3.0379978969E-09 -4.9585474926E-09
           HessRho_EigVals = -1.4529890821E+05 -1.4529864584E+05 -1.4529777292E+05
           HessRho_EigVec1 =  2.9557183016E-01  8.0516751350E-01 -5.1414255652E-01
           HessRho_EigVec2 = -9.1444649963E-01  3.9419754371E-01  9.1629121199E-02
           HessRho_EigVec3 =  2.7645052458E-01  4.4307287407E-01  8.5279630377E-01
           DelSqRho = -4.3589532697E+05
           Bond Ellipticity = NA
           V = -1.0898402462E+05
           G =  5.0964405655E+00
           K =  1.0897892818E+05
           L =  1.0897383174E+05
           Vnuc =  1.9910610272E+06
           Ven = -2.3472769238E+08
           Vrep =  2.3461870835E+08
           DelSqV =  2.5003321094E+09
           DelSqVen =  8.6789421875E+11
           DelSqVrep = -8.6539388255E+11
           DelSqG =  1.3433491083E+08
           DelSqK = -2.6346670203E+09
           Stress_EigVals = -3.6328479784E+04 -3.6327785642E+04 -3.6327759198E+04
           Stress_EigVec1 =  7.6208298176E-02  1.4455311222E-01  9.8655800288E-01
           Stress_EigVec2 = -8.7926799953E-01 -4.5683825893E-01  1.3485766636E-01
           Stress_EigVec3 = -4.7019153574E-01  8.7772615486E-01 -9.2286059551E-02
           -DivStress =  6.4035684384E+02  1.2123967809E+03  2.0423830834E+03
           ESP =  -1.4766696390E+01     ESP at Nucleus =  -1.4766696462E+01
           ESPe = -3.4610128610E+01     ESPe at Nucleus = -3.4610132087E+01
           ESPn =  1.9843432220E+01     ESPn at Nucleus =  1.9843435625E+01

CP# 12     Coords =  2.77204150607262E+00 -2.31102161080276E+00 -3.49339405833038E+00
           Type = (3,-3) NACP C12
           Rho =  1.1751568058E+02     Rho at Nucleus =  1.1751568007E+02
           GradRho = -4.0314456309E-10 -6.5270278020E-10  4.1821521978E-09
           HessRho_EigVals = -1.4480666428E+05 -1.4480605349E+05 -1.4480580517E+05
           HessRho_EigVec1 = -2.5307801517E-01 -4.7376664069E-01  8.4350263094E-01
           HessRho_EigVec2 = -2.0432519528E-02  8.7430914949E-01  4.8493919543E-01
           HessRho_EigVec3 =  9.6723008141E-01 -1.0549256508E-01  2.3094867033E-01
           DelSqRho = -4.3441852294E+05
           Bond Ellipticity = NA
           V = -1.0861500564E+05
           G =  5.1874514569E+00
           K =  1.0860981819E+05
           L =  1.0860463073E+05
           Vnuc =  2.2644835336E+06
           Ven = -2.6611232361E+08
           Vrep =  2.6600370860E+08
           DelSqV =  2.4918699034E+09
           DelSqVen =  9.8373363302E+11
           DelSqVrep = -9.8124176312E+11
           DelSqG =  1.3384930812E+08
           DelSqK = -2.6257192115E+09
           Stress_EigVals = -3.6205119768E+04 -3.6205037398E+04 -3.6204848472E+04
           Stress_EigVec1 =  9.6077478913E-01 -1.1799741645E-01  2.5097492761E-01
           Stress_EigVec2 = -5.7704832780E-02  8.0010486146E-01  5.9707818830E-01
           Stress_EigVec3 = -2.7125994332E-01 -5.8814013668E-01  7.6191155837E-01
           -DivStress =  1.8818494157E+02  3.0385346676E+02 -2.1146101571E+03
           ESP =  -1.4721234445E+01     ESP at Nucleus =  -1.4721234471E+01
           ESPe = -3.3049170557E+01     ESPe at Nucleus = -3.3049167047E+01
           ESPn =  1.8327936113E+01     ESPn at Nucleus =  1.8327932576E+01

CP# 13     Coords =  5.21294228589815E+00  5.69887364906112E-01  3.27136783893346E+00
           Type = (3,-3) NACP C13
           Rho =  1.1756029538E+02     Rho at Nucleus =  1.1756029529E+02
           GradRho = -2.7491547966E-10 -1.0810017599E-10 -1.5362810426E-11
           HessRho_EigVals = -1.4486347668E+05 -1.4486317712E+05 -1.4486287131E+05
           HessRho_EigVec1 =  5.4860696388E-01  7.4960285207E-01 -3.7030522999E-01
           HessRho_EigVec2 =  6.9931938904E-01 -1.6865937054E-01  6.9462681265E-01
           HessRho_EigVec3 = -4.5823879288E-01  6.4003873390E-01  6.1673951373E-01
           DelSqRho = -4.3458952511E+05
           Bond Ellipticity = NA
           V = -1.0865762657E+05
           G =  5.1226490899E+00
           K =  1.0865250393E+05
           L =  1.0864738128E+05
           Vnuc =  5.3261092603E+06
           Ven = -6.2613897789E+08
           Vrep =  6.2603032026E+08
           DelSqV =  2.4928465846E+09
           DelSqVen =  2.3146710303E+12
           DelSqVrep = -2.3121781837E+12
           DelSqG =  1.3390404190E+08
           DelSqK = -2.6267506265E+09
           Stress_EigVals = -3.6219313079E+04 -3.6219209492E+04 -3.6219104004E+04
           Stress_EigVec1 = -4.7848466928E-01  6.2809572368E-01  6.1363521995E-01
           Stress_EigVec2 =  7.1249410203E-01 -1.3073936484E-01  6.8939058091E-01
           Stress_EigVec3 =  5.1322955471E-01  7.6707429912E-01 -3.8495771689E-01
           -DivStress =  8.4865846801E+02  3.1952785833E+02  1.2372636470E+02
           ESP =  -1.4735590123E+01     ESP at Nucleus =  -1.4735590125E+01
           ESPe = -3.2279719619E+01     ESPe at Nucleus = -3.2279718009E+01
           ESPn =  1.7544129496E+01     ESPn at Nucleus =  1.7544127883E+01

CP# 14     Coords =  3.14876366940135E+00 -1.44014831875233E+00  3.84757036359306E+00
           Type = (3,-3) NACP C14
           Rho =  1.1751589013E+02     Rho at Nucleus =  1.1751588964E+02
