AIMSum (Version 19.02.13, Professional)
Copyright (c) 1997-2019 by Todd A. Keith
AIMSum is a component of the AIMAll package ( http://aim.tkgristmill.com )

TP:  64-bit Linux

Much of the Quantum Theory of Atoms in Molecules (QTAIM) is described in the book:
  "Atoms in Molecules - A Quantum Theory"
  R.F.W. Bader, Oxford University Press, Oxford, 1990

For additional references see:  http://aim.tkgristmill.com/references.html

Wfn File:  /home/mhennefarth/Documents/ML_Diels/summary-liu2014/3_11-opt/3_11-opt.wfn
Sum File:  /home/mhennefarth/Documents/ML_Diels/summary-liu2014/3_11-opt/3_11-opt.sum

SumViz File:  /home/mhennefarth/Documents/ML_Diels/summary-liu2014/3_11-opt/3_11-opt.sumviz

Wfn Title:   Title Card Required                                                           
 
Total memory allocated for AIMSum =        3.480 Megabytes

Atomic units (a.u.) used throughout, except where stated otherwise

Model:  Restricted SCF
 
Restricted, closed-shell, single-determinant wavefunction.
  Number of electrons (from MO Occs)                   =         184.0000000000
  Number of Alpha electrons (from MO Occs)             =          92.0000000000
  Number of Beta electrons (from MO Occs)              =          92.0000000000
  Number of electron pairs (N*(N-1)/2)                 =       16836.0000000000
  Number of electron pairs (from Muller 2EDM)          =       16836.0000000000
 
Nuclear Charges and Cartesian Coordinates:
-------------------------------------------------------------------------------
Atom      Charge                X                  Y                  Z
-------------------------------------------------------------------------------
C1         6.0           2.5132940700E+00  -3.1463122700E+00   4.5554580000E-02
C2         6.0          -2.3721761600E+00  -3.2159236000E+00  -1.4593733000E-01
C3         6.0          -1.1890430000E+00   3.2121743500E+00   1.3436614000E-01
H4         1.0          -2.0745805700E+00   3.1039707300E+00  -1.7272291200E+00
C5         6.0           1.3294989200E+00   3.4094077900E+00   2.6387844000E-01
H6         1.0           2.2107656300E+00   3.5979832500E+00   2.1210059000E+00
N7         7.0          -1.2519516700E+00  -3.4319709900E+00   2.1361137900E+00
N8         7.0           1.2241797400E+00  -3.3947052500E+00   2.2330927900E+00
N9         7.0          -1.0800010800E+00  -3.1786251300E+00  -2.3450246400E+00
N10        7.0           1.3967288900E+00  -3.1472411800E+00  -2.2484881100E+00
C11        6.0           2.8606285000E+00   4.3080974800E+00  -1.9362485800E+00
H12        1.0           4.8096519400E+00   3.6008069200E+00  -1.9502668900E+00
H13        1.0           1.9704990900E+00   3.7383722700E+00  -3.7210322300E+00
C14        6.0          -2.8559804400E+00   4.0602355000E+00   2.2543649000E+00
H15        1.0          -4.6708509600E+00   3.0620628200E+00   2.3492951000E+00
H16        1.0          -1.8992942800E+00   3.8069302900E+00   4.0773939500E+00
C17        6.0           2.8775926800E+00   7.2510466400E+00  -1.7538033700E+00
H18        1.0           3.7619186400E+00   8.0095663600E+00  -3.4730152300E+00
H19        1.0           4.1095093100E+00   7.8169249900E+00  -1.7995466000E-01
C20        6.0          -3.3309387700E+00   6.9332928200E+00   1.7976717900E+00
H21        1.0          -4.3333988500E+00   7.7033365500E+00   3.4454311600E+00
H22        1.0          -4.6262594500E+00   7.1491513500E+00   1.8829024000E-01
C23        6.0          -9.3778885000E-01   8.5558403800E+00   1.3074309800E+00
H24        1.0          -1.4723290300E+00   1.0516921970E+01   1.7237188100E+00
H25        1.0           5.1012913000E-01   8.0759931400E+00   2.7151549800E+00
C26        6.0           2.5765875000E-01   8.5199761200E+00  -1.4028216900E+00
H27        1.0           4.8430441000E-01   1.0492231570E+01  -2.0059537500E+00
H28        1.0          -1.0873233800E+00   7.6908461100E+00  -2.7484136800E+00
C29        6.0          -5.1562409000E+00  -3.1038018200E+00  -2.4645265000E-01
C30        6.0          -6.5783559300E+00  -3.1051543500E+00   1.9957934100E+00
C31        6.0          -6.4097909300E+00  -2.9854374100E+00  -2.5838284900E+00
C32        6.0          -9.2055810500E+00  -2.9880913900E+00   1.8945630800E+00
H33        1.0          -5.6027662200E+00  -3.2029579400E+00   3.7947475800E+00
C34        6.0          -9.0372948300E+00  -2.8712024500E+00  -2.6697155100E+00
H35        1.0          -5.3049490600E+00  -2.9883890100E+00  -4.3092935000E+00
C36        6.0          -1.0442851890E+01  -2.8717846800E+00  -4.3477918000E-01
H37        1.0          -1.0290299790E+01  -2.9900455400E+00   3.6379011600E+00
H38        1.0          -9.9912342000E+00  -2.7827023300E+00  -4.4858090700E+00
H39        1.0          -1.2493236620E+01  -2.7821728900E+00  -5.0814363000E-01
C40        6.0           5.2922594600E+00  -2.9582429200E+00   1.6344128000E-01
C41        6.0           6.7145189500E+00  -2.7169166200E+00  -2.0655671400E+00
C42        6.0           6.5405956500E+00  -3.0111404500E+00   2.5058861000E+00
C43        6.0           9.3370103400E+00  -2.5320123900E+00  -1.9464701200E+00
H44        1.0           5.7429294400E+00  -2.6815340900E+00  -3.8689008800E+00
C45        6.0           9.1633123700E+00  -2.8259723200E+00   2.6097351700E+00
H46        1.0           5.4353068100E+00  -3.1993157700E+00   4.2207143400E+00
C47        6.0           1.0569237750E+01  -2.5864312500E+00   3.8786619000E-01
H48        1.0           1.0422020120E+01  -2.3470980300E+00  -3.6797958800E+00
H49        1.0           1.0113382310E+01  -2.8700681100E+00   4.4294746300E+00
H50        1.0           1.2616026240E+01  -2.4428997700E+00   4.7525598000E-01
 
Some Atomic Properties:
----------------------
  q(A) = Net Charge of Atom A
  L(A) = Lagrangian of Atom A = -(1/4) Times Atomic Integral of the Laplacian of the Electron Density
  K(A) = Electronic Kinetic Energy of Atom A (Hamiltonian Form)
  K_Scaled(A) = K(A) * E(Mol)/K(Mol) = Approximation to Virial-Based Total Energy of Atom A.
  |Mu_Intra(A)| = Magnitude of Intraatomic Dipole Moment of Atom A
--------------------------------------------------------------------------------------------------
Atom A          q(A)              L(A)              K(A)          K_Scaled(A)      |Mu_Intra(A)|
--------------------------------------------------------------------------------------------------
C1        9.9937062670E-01 -2.6578103072E-04  3.7166830495E+01 -3.7529030549E+01  5.9408571407E-01
C2        9.9861014640E-01 -3.4491961422E-04  3.7167904562E+01 -3.7530115084E+01  5.9335616216E-01
C3       -6.5015090200E-02  3.8909651601E-05  3.7760319887E+01 -3.8128303644E+01  2.0043672098E-01
H4        1.8093054260E-02  3.1137818883E-05  6.0732576916E-01 -6.1324431062E-01  1.5538224046E-01
C5       -6.4072979000E-02  4.6843858137E-05  3.7758740496E+01 -3.8126708862E+01  2.0018135101E-01
H6        1.6810098390E-02  3.1341566082E-05  6.0754449514E-01 -6.1346516813E-01  1.5666140419E-01
N7       -5.7594776910E-01  1.3901290848E-04  5.4566958754E+01 -5.5098727409E+01  6.5278226962E-01
N8       -5.7635137820E-01  4.7710615308E-05  5.4567491541E+01 -5.5099265388E+01  6.5306163583E-01
N9       -5.7934866670E-01 -4.4203376874E-05  5.4568611283E+01 -5.5100396042E+01  6.5373360686E-01
N10      -5.7709427430E-01  1.6305236884E-05  5.4567068824E+01 -5.5098838552E+01  6.5320689882E-01
C11       2.7710998500E-02  4.0962648007E-04  3.7667665171E+01 -3.8034745985E+01  1.0092657208E-01
H12       7.2907604400E-03  2.9927023162E-05  6.1210392027E-01 -6.1806902600E-01  1.5533645529E-01
H13       7.0200518700E-03  2.9411564827E-05  6.1267374367E-01 -6.1864440247E-01  1.5658970969E-01
C14       2.7707918100E-02  2.3799310105E-04  3.7667870958E+01 -3.8034953777E+01  1.0103784392E-01
H15       7.9807441600E-03  2.9537414349E-05  6.1187620222E-01 -6.1783908878E-01  1.5460764318E-01
H16       5.3282888500E-03  2.7971078098E-05  6.1329634472E-01 -6.1927307093E-01  1.5740831239E-01
C17       1.7300570500E-02 -1.7322206146E-04  3.7655025222E+01 -3.8021982856E+01  3.8584631221E-02
H18      -3.0996505000E-03  2.5440387922E-05  6.1791706221E-01 -6.2393881846E-01  1.6014312730E-01
H19      -6.6106432000E-03  3.1882308962E-05  6.1886694492E-01 -6.2489795802E-01  1.6147227185E-01
C20       1.7695964200E-02  1.1228298431E-04  3.7655290153E+01 -3.8022250370E+01  3.8786776689E-02
H21      -3.1954998000E-03  2.6108566512E-05  6.1795300320E-01 -6.2397510970E-01  1.6016561411E-01
H22      -6.2177038000E-03  2.6786643468E-05  6.1872133359E-01 -6.2475092767E-01  1.6131405145E-01
C23       1.3593802600E-02 -1.7067052219E-04  3.7644634214E+01 -3.8011490586E+01  2.7946051578E-02
H24      -6.7378422000E-03  2.6722861916E-05  6.2323445810E-01 -6.2930803370E-01  1.5977412320E-01
H25      -4.2110883000E-03  3.5501363568E-05  6.1850081095E-01 -6.2452825598E-01  1.6023836851E-01
C26       1.4027507400E-02  1.2974970895E-04  3.7644911114E+01 -3.8011770184E+01  2.8932179733E-02
H27      -6.7566020000E-03  2.2214937149E-05  6.2325476455E-01 -6.2932853804E-01  1.5979417414E-01
H28      -3.9091463000E-03  3.2282870140E-05  6.1847988535E-01 -6.2450712645E-01  1.6008937040E-01
C29       1.2395684800E-02 -1.7972354955E-04  3.7731909619E+01 -3.8099616512E+01  7.0911025430E-02
C30      -3.1484331400E-02  9.1097876174E-05  3.7735719948E+01 -3.8103463973E+01  1.5508826160E-01
C31      -3.0265381500E-02 -8.6062925884E-06  3.7735736933E+01 -3.8103481123E+01  1.5359684428E-01
C32      -3.0509007000E-02 -6.3721409993E-05  3.7722575641E+01 -3.8090191571E+01  1.2027664740E-01
H33       8.1547609330E-02  1.8630810602E-05  5.8564266959E-01 -5.9134990381E-01  1.4040599958E-01
C34      -2.9964114500E-02  6.6918940221E-05  3.7722767069E+01 -3.8090384865E+01  1.1975559936E-01
H35       8.0615949740E-02  2.8349662602E-05  5.8603547624E-01 -5.9174653847E-01  1.4059625436E-01
C36      -3.4240025100E-02  5.7155252926E-05  3.7725140989E+01 -3.8092781919E+01  1.1183325940E-01
H37       4.3989528960E-02  2.4179057948E-05  5.9770383705E-01 -6.0352861037E-01  1.4851326585E-01
H38       4.3755243390E-02  2.3616874649E-05  5.9780022135E-01 -6.0362593396E-01  1.4854476736E-01
H39       4.3870760940E-02  1.9142461621E-05  5.9767778776E-01 -6.0350230722E-01  1.4861509514E-01
C40       1.3813945300E-02  2.5751524146E-04  3.7731633058E+01 -3.8099337255E+01  7.1940507659E-02
C41      -3.1105265000E-02 -2.0423109526E-05  3.7735572142E+01 -3.8103314726E+01  1.5481992289E-01
C42      -2.9567790500E-02 -3.9796993221E-05  3.7735677634E+01 -3.8103421247E+01  1.5379621382E-01
C43      -3.0598235700E-02 -3.6827173519E-05  3.7722587022E+01 -3.8090203063E+01  1.1990115403E-01
H44       8.1078161560E-02 -2.6941639145E-05  5.8586579578E-01 -5.9157520443E-01  1.4046281793E-01
C45      -3.0215542300E-02 -2.1059571665E-04  3.7722726797E+01 -3.8090344200E+01  1.1967556766E-01
H46       8.0907974810E-02  5.8609086089E-05  5.8596805329E-01 -5.9167845846E-01  1.4054177489E-01
C47      -3.4354426600E-02  7.6227717428E-05  3.7725148452E+01 -3.8092789455E+01  1.1158809713E-01
H48       4.3707267440E-02  2.4078244697E-05  5.9781362736E-01 -6.0363947062E-01  1.4857718650E-01
H49       4.3611536210E-02  2.3049649744E-05  5.9785513894E-01 -6.0368138673E-01  1.4858084319E-01
H50       4.3653360540E-02  2.4238639393E-05  5.9776739491E-01 -6.0359278762E-01  1.4863633578E-01
--------------------------------------------------------------------------------------------------
Total     6.1510219000E-04  7.9207797573E-04  1.0613583967E+03 -1.0717015996E+03
 
1st Largest |L(A)| = 4.0962648007E-04, atom C11     
2nd Largest |L(A)| = 3.4491961422E-04, atom C2      
 
Molecular charge q(Mol) from the wfn file:   0.0000000000E+00
Molecular energy E(Mol) from the wfn file:  -1.0717014597E+03
Molecular virial ratio (-V(Mol)/T(Mol)) from the wfn file:   2.0097452500E+00
Note.  K_Scaled(A) = (1+V(Mol)/T(Mol))*K(A) = (E(Mol)/T(Mol))*K(A)
       Only use K_Scaled(A) data with caution.
 
N_AIMInt(SumA)     =        183.999385
N_Analytic(Mol)    =        183.999973
 
G_AIMInt(SumA)     =       1061.357605
G_Analytic(Mol)    =       1061.358194
 
K_AIMInt(SumA)     =       1061.358397
K_Analytic(Mol)    =       1061.358194
 
L_AIMInt(SumA)     =          0.000792
L_Analytic(Mol)    =          0.000000
 
VenT_AIMInt(SumA)  =      -6868.811016
VenT_Analytic(Mol) =      -6868.821909
 
Some Information About the Atomic Calculations:
----------------------------------------------
  Time(sec) = "Elapsed User Time", in Seconds, for Atom A by AIMInt and, if used, by TWOe
  NProc = Number of Processors Used for AIMInt Job
  BIM = Basin Integration Method
  OAQ = Angular Quadrature Outside of Beta Sphere
  ORQ = Multiple of Default for Radial Quadrature Outside of Beta Sphere
  IAQ = Multiple of Default for Angular Quadrature Inside of Beta Sphere
  IRQ = Multiple of Default for Radial Quadrature Inside of Beta Sphere
  MIR = Maximum Integration Radius
------------------------------------------------------------------------------------------------------
Atom A     Time(sec)   NProc      BIM          OAQ                     ORQ      IAQ      IRQ      MIR
------------------------------------------------------------------------------------------------------
C1            153        8     Proaim(5)    4500(GS4)                  1.00     1.00     1.00    13.00
C2            149        8     Proaim(5)    4500(GS4)                  1.00     1.00     1.00    13.00
C3             91        8     Proaim(5)    4500(GS4)                  1.00     1.00     1.00    13.00
H4             18        8     Proaim(5)    1800(GS4)                  1.00     1.00     1.00    13.00
C5             90        8     Proaim(5)    4500(GS4)                  1.00     1.00     1.00    13.00
H6             17        8     Proaim(5)    1800(GS4)                  1.00     1.00     1.00    13.00
N7             58        8     Proaim(5)    4500(GS4)                  1.00     1.00     1.00    13.00
N8             60        8     Proaim(5)    4500(GS4)                  1.00     1.00     1.00    13.00
N9             58        8     Proaim(5)    4500(GS4)                  1.00     1.00     1.00    13.00
N10            62        8     Proaim(5)    4500(GS4)                  1.00     1.00     1.00    13.00
C11            67        8     Proaim(5)    4500(GS4)                  1.00     1.00     1.00    13.00
H12            30        8     Proaim(5)    4500(GS4)                  1.00     1.00     1.00    13.00
H13            15        8     Proaim(5)    1800(GS4)                  1.00     1.00     1.00    13.00
C14            68        8     Proaim(5)    4500(GS4)                  1.00     1.00     1.00    13.00
H15            29        8     Proaim(5)    4500(GS4)                  1.00     1.00     1.00    13.00
H16            14        8     Proaim(5)    1800(GS4)                  1.00     1.00     1.00    13.00
C17            53        8     Proaim(5)    4500(GS4)                  1.00     1.00     1.00    13.00
H18            11        8     Proaim(5)    1800(GS4)                  1.00     1.00     1.00    13.00
H19            13        8     Proaim(5)    1800(GS4)                  1.00     1.00     1.00    13.00
C20            54        8     Proaim(5)    4500(GS4)                  1.00     1.00     1.00    13.00
H21            11        8     Proaim(5)    1800(GS4)                  1.00     1.00     1.00    13.00
H22            13        8     Proaim(5)    1800(GS4)                  1.00     1.00     1.00    13.00
C23            54        8     Proaim(5)    4500(GS4)                  1.00     1.00     1.00    13.00
H24            11        8     Proaim(5)    1800(GS4)                  1.00     1.00     1.00    13.00
H25            14        8     Proaim(5)    1800(GS4)                  1.00     1.00     1.00    13.00
C26            54        8     Proaim(5)    4500(GS4)                  1.00     1.00     1.00    13.00
H27            10        8     Proaim(5)    1800(GS4)                  1.00     1.00     1.00    13.00
H28            14        8     Proaim(5)    1800(GS4)                  1.00     1.00     1.00    13.00
C29           130        8     Proaim(5)    4500(GS4)                  1.00     1.00     1.00    13.00
C30            81        8     Proaim(5)    4500(GS4)                  1.00     1.00     1.00    13.00
C31            70        8     Proaim(5)    4500(GS4)                  1.00     1.00     1.00    13.00
C32            31        8     Proaim(5)    4500(GS4)                  1.00     1.00     1.00    13.00
H33            24        8     Proaim(5)    1800(GS4)                  1.00     1.00     1.00    13.00
C34            29        8     Proaim(5)    4500(GS4)                  1.00     1.00     1.00    13.00
H35            23        8     Proaim(5)    1800(GS4)                  1.00     1.00     1.00    13.00
C36            30        8     Proaim(5)    4500(GS4)                  1.00     1.00     1.00    13.00
H37            10        8     Proaim(5)    1800(GS4)                  1.00     1.00     1.00    13.00
H38            11        8     Proaim(5)    1800(GS4)                  1.00     1.00     1.00    13.00
H39            10        8     Proaim(5)    1800(GS4)                  1.00     1.00     1.00    13.00
C40           122        8     Proaim(5)    4500(GS4)                  1.00     1.00     1.00    13.00
C41            75        8     Proaim(5)    4500(GS4)                  1.00     1.00     1.00    13.00
C42            68        8     Proaim(5)    4500(GS4)                  1.00     1.00     1.00    13.00
C43            31        8     Proaim(5)    4500(GS4)                  1.00     1.00     1.00    13.00
H44            24        8     Proaim(5)    1800(GS4)                  1.00     1.00     1.00    13.00
C45            30        8     Proaim(5)    4500(GS4)                  1.00     1.00     1.00    13.00
H46            24        8     Proaim(5)    1800(GS4)                  1.00     1.00     1.00    13.00
C47            29        8     Proaim(5)    4500(GS4)                  1.00     1.00     1.00    13.00
H48            10        8     Proaim(5)    1800(GS4)                  1.00     1.00     1.00    13.00
H49            10        8     Proaim(5)    1800(GS4)                  1.00     1.00     1.00    13.00
H50            10        8     Proaim(5)    1800(GS4)                  1.00     1.00     1.00    13.00
------------------------------------------------------------------------------------------------------
Total        2173
Note:  Total wall clock time is less than total of atomic times if more than one atom
       was calculated at a time
 
Electron Density Critical Point Analysis of Molecular Structure:               
---------------------------------------------------------------                
  NACP = Nuclear Attractor Critical Point                                      
  NNACP = Non-Nuclear Attractor Critical Point                                 
  BCP = Bond Critical Point                                                    
  RCP = Ring Critical Point                                                    
  CCP = Cage Critical Point                                                    
  Rho = Electron Density                                                       
  GradRho = Gradient of Electron Density                                       
  HessRho_EigVals = Eigenvalues of the Hessian of Rho, Ascending Order         
  HessRho_EigVecs = Eigenvectors of the Hessian of Rho                         
  DelSqRho = Laplacian of Rho = Trace of Hessian of Rho                        
  Bond Ellipticity = (HessRho_EigVal(1) / HessRho_EigVal(2)) - 1               
  V = Virial Field = Potential Energy Density = Trace of Stress Tensor         
  G = Lagrangian Form of Kinetic Energy Density                                
  K = Hamiltonian Form of Kinetic Energy Density                               
  L = K - G = Lagrangian Density = (-1/4)DelSqRho                              
  Vnuc = Electrostatic Potential from Nuclei                                   
  Ven = Electron-nuclear attractive contribution to Virial Field V             
  Vrep = V - Ven = Repulsive contribution to Virial Field V                    
  DelSqV = Laplacian of V                                                      
  DelSqVen = Laplacian of Ven                                                  
  DelSqVrep = Laplacian of Vrep                                                
  DelSqG = Laplacian of G                                                      
  DelSqK = Laplacian of K                                                      
  Stress_EigVals = Eigenvalues of Stress Tensor, Ascending Order               
  Stress_EigVecs = Eigenvectors of Stress Tensor                               
  -DivStress = Ehrenfest Force Density = Minus Divergence of Stress Tensor     
  ESP = Total Electrostatic Potential                                          
  ESPe = Electrostatic Potential from Electrons                                
  ESPn = Electrostatic Potential from Nuclei                                   
  BP = Bond Path                                                               
  BPL = Bond Path Length                                                       
  GBL = Geometric Bond Length                                                  
  GBL_I = Distance Between Nuclear Attractors                                  
  GBL_II = Distance Between Nuclei                                             
  GBL_III = Sum of Distances Between BCP and Nuclear Attractors                
  GBL_IV = Sum of Distances Between BCP and Nuclei                             

CP# 1      Coords =  2.51329269605718E+00 -3.14631238485864E+00  4.55545165330019E-02
           Type = (3,-3) NACP C1
           Rho =  1.1761458268E+02     Rho at Nucleus =  1.1761458254E+02
           GradRho = -5.4126794713E-10 -4.0737496709E-11 -2.6503644765E-11
           HessRho_EigVals = -1.4488875506E+05 -1.4488777285E+05 -1.4488729597E+05
           HessRho_EigVec1 = -5.8793031197E-02  9.9701472061E-01  5.0050238409E-02
           HessRho_EigVec2 = -3.6894029306E-02 -5.2272850896E-02  9.9795109082E-01
           HessRho_EigVec3 =  9.9758819664E-01  5.6826014653E-02  3.9857169674E-02
           DelSqRho = -4.3466382388E+05
           Bond Ellipticity = NA
           V = -1.0867627391E+05
           G =  5.1589678161E+00
           K =  1.0867111494E+05
           L =  1.0866595597E+05
           Vnuc =  4.3472388178E+06
           Ven = -5.1129867936E+08
           Vrep =  5.1119000309E+08
           DelSqV =  2.4932243913E+09
           DelSqVen =  1.8895875277E+12
           DelSqVrep = -1.8870943033E+12
           DelSqG =  1.3388560105E+08
           DelSqK = -2.6271099923E+09
           Stress_EigVals = -3.6225692309E+04 -3.6225549203E+04 -3.6225032395E+04
           Stress_EigVec1 =  9.9696465428E-01  6.6402371087E-02  4.0647302892E-02
           Stress_EigVec2 = -3.7118456502E-02 -5.3539696160E-02  9.9787560403E-01
           Stress_EigVec3 = -6.8437550404E-02  9.9635547173E-01  5.0912431149E-02
           -DivStress =  1.1188515947E+03  9.0623645168E+01  5.1506669454E+01
           ESP =  -1.4653403307E+01     ESP at Nucleus =  -1.4653403317E+01
           ESPe = -4.3027226099E+01     ESPe at Nucleus = -4.3027225014E+01
           ESPn =  2.8373822792E+01     ESPn at Nucleus =  2.8373821697E+01

CP# 2      Coords = -2.37217479788139E+00 -3.21592366620564E+00 -1.45937288890165E-01
           Type = (3,-3) NACP C2
           Rho =  1.1761627789E+02     Rho at Nucleus =  1.1761627776E+02
           GradRho =  5.8150947946E-10 -4.4988027192E-11  1.4785152269E-11
           HessRho_EigVals = -1.4489159937E+05 -1.4489062583E+05 -1.4489015298E+05
           HessRho_EigVec1 =  2.6374793333E-02  9.9790483905E-01  5.9078781991E-02
           HessRho_EigVec2 = -3.9872387905E-02 -5.8002158316E-02  9.9751989570E-01
           HessRho_EigVec3 =  9.9885662783E-01 -2.8664993208E-02  3.8259053897E-02
           DelSqRho = -4.3467237817E+05
           Bond Ellipticity = NA
           V = -1.0867841489E+05
           G =  5.1601739879E+00
           K =  1.0867325472E+05
           L =  1.0866809454E+05
           Vnuc =  4.3977394633E+06
           Ven = -5.1724574682E+08
           Vrep =  5.1713706841E+08
           DelSqV =  2.4932741030E+09
           DelSqVen =  1.9115760681E+12
           DelSqVrep = -1.9090827285E+12
           DelSqG =  1.3388895559E+08
           DelSqK = -2.6271630586E+09
           Stress_EigVals = -3.6226404496E+04 -3.6226262790E+04 -3.6225747605E+04
           Stress_EigVec1 =  9.9859405072E-01 -3.8403742986E-02  3.6538669702E-02
           Stress_EigVec2 = -3.8701876964E-02 -5.7181911874E-02  9.9761334878E-01
           Stress_EigVec3 =  3.6222735655E-02  9.9762487012E-01  5.8587813942E-02
           -DivStress = -1.1091759952E+03  5.1380295861E+01 -3.3690066938E+01
           ESP =  -1.4653385540E+01     ESP at Nucleus =  -1.4653385550E+01
           ESPe = -4.3041924192E+01     ESPe at Nucleus = -4.3041923120E+01
           ESPn =  2.8388538652E+01     ESPn at Nucleus =  2.8388537569E+01

CP# 3      Coords = -1.18904436403842E+00  3.21217404783781E+00  1.34366589637520E-01
           Type = (3,-3) NACP C3
           Rho =  1.1772845599E+02     Rho at Nucleus =  1.1772845583E+02
           GradRho = -6.4506405772E-10 -1.1943135370E-10  2.1163376607E-10
           HessRho_EigVals = -1.4508130726E+05 -1.4508052749E+05 -1.4508011162E+05
           HessRho_EigVec1 = -2.4896408862E-01  9.6615492654E-01 -6.7539177582E-02
           HessRho_EigVec2 =  3.3294028249E-02  7.8231391118E-02  9.9637912319E-01
           HessRho_EigVec3 =  9.6794028238E-01  2.4581396903E-01 -5.1643996408E-02
           DelSqRho = -4.3524194638E+05
           Bond Ellipticity = NA
           V = -1.0882073158E+05
           G =  5.1224938216E+00
           K =  1.0881560909E+05
           L =  1.0881048659E+05
           Vnuc =  4.0881188975E+06
           Ven = -4.8128792571E+08
           Vrep =  4.8117910498E+08
           DelSqV =  2.4965830899E+09
           DelSqVen =  1.7793205535E+12
           DelSqVrep = -1.7768239704E+12
           DelSqG =  1.3411522116E+08
           DelSqK = -2.6306983110E+09
           Stress_EigVals = -3.6273834192E+04 -3.6273660647E+04 -3.6273236743E+04
           Stress_EigVec1 =  9.8831488341E-01  1.1366113114E-01  1.0156199335E-01
           Stress_EigVec2 = -1.1452510379E-01  1.1402223767E-01  9.8685507037E-01
           Stress_EigVec3 = -1.0058673783E-01  9.8695495165E-01 -1.2570692737E-01
           -DivStress =  1.1085910292E+03  2.4298840210E+02 -3.7053314816E+02
           ESP =  -1.4759271553E+01     ESP at Nucleus =  -1.4759271571E+01
           ESPe = -4.1589301543E+01     ESPe at Nucleus = -4.1589302454E+01
           ESPn =  2.6830029991E+01     ESPn at Nucleus =  2.6830030883E+01

CP# 4      Coords = -2.06016631168157E+00  3.10600441843919E+00 -1.69668136587784E+00
           Type = (3,-3) NACP H4
           Rho =  4.2862367405E-01     Rho at Nucleus =  4.2512425238E-01
           GradRho =  1.3119210579E-12  1.8188272069E-13  2.7803896338E-12
           HessRho_EigVals = -6.5486455158E+00 -6.5406740392E+00 -5.9633714172E+00
           HessRho_EigVec1 = -8.9712257430E-01  1.5710104000E-01  4.1290477100E-01
           HessRho_EigVec2 =  1.1850101907E-01  9.8595747084E-01 -1.1766636811E-01
           HessRho_EigVec3 =  4.2559205252E-01  5.6631518923E-02  9.0314133772E-01
           DelSqRho = -1.9052690972E+01
           Bond Ellipticity = NA
           V = -4.7728743779E+00
           G =  4.8508174053E-03
           K =  4.7680235605E+00
           L =  4.7631727430E+00
           Vnuc =  5.6440729835E+01
           Ven = -2.4191832988E+01
           Vrep =  1.9418958610E+01
           DelSqV =  7.1859817366E+02
           DelSqVen =  1.0753477838E+03
           DelSqVrep = -3.5674961014E+02
           DelSqG =  7.0929096651E+01
           DelSqK = -7.8952727031E+02
           Stress_EigVals = -1.6403958931E+00 -1.6394569840E+00 -1.4930215008E+00
           Stress_EigVec1 =  8.9922738051E-01 -1.3142377260E-01 -4.1727438232E-01
           Stress_EigVec2 =  9.3999732357E-02  9.8957576180E-01 -1.0910482101E-01
           Stress_EigVec3 =  4.2726358195E-01  5.8886362138E-02  9.0220741955E-01
           -DivStress = -3.2931479356E+00 -4.6674497526E-01 -6.9770057874E+00
           ESP =  -1.1241168299E+00     ESP at Nucleus =  -1.1264413295E+00
           ESPe = -2.8013069734E+01     ESPe at Nucleus = -2.7922456515E+01
           ESPn =  2.6888952905E+01     ESPn at Nucleus =  2.6796015185E+01

CP# 5      Coords =  1.32950032134956E+00  3.40940764647793E+00  2.63878014959205E-01
           Type = (3,-3) NACP C5
           Rho =  1.1772778345E+02     Rho at Nucleus =  1.1772778329E+02
           GradRho =  6.7966558770E-10 -6.9753758325E-11 -1.9535001394E-10
           HessRho_EigVals = -1.4508007974E+05 -1.4507929285E+05 -1.4507887613E+05
           HessRho_EigVec1 =  9.8851678614E-02  9.9496863460E-01 -1.6302201982E-02
           HessRho_EigVec2 =  4.1322844163E-02  1.2263922111E-02  9.9907057747E-01
           HessRho_EigVec3 =  9.9424381727E-01 -9.9433456989E-02 -3.9902624548E-02
           DelSqRho = -4.3523824873E+05
           Bond Ellipticity = NA
           V = -1.0881980438E+05
           G =  5.1211003722E+00
           K =  1.0881468328E+05
           L =  1.0880956218E+05
           Vnuc =  4.0777560112E+06
           Ven = -4.8006517665E+08
           Vrep =  4.7995635685E+08
           DelSqV =  2.4965615017E+09
           DelSqVen =  1.7747952599E+12
           DelSqVrep = -1.7722986984E+12
           DelSqG =  1.3411366831E+08
           DelSqK = -2.6306751700E+09
           Stress_EigVals = -3.6273526110E+04 -3.6273352222E+04 -3.6272926051E+04
           Stress_EigVec1 =  9.9370093066E-01  4.6018511366E-02  1.0218002255E-01
           Stress_EigVec2 = -1.0018429656E-01 -4.3771265413E-02  9.9400562526E-01
           Stress_EigVec3 = -5.0215208051E-02  9.9798114859E-01  3.8885214987E-02
           -DivStress = -1.1387691109E+03  1.1494704216E+02  3.5057315233E+02
           ESP =  -1.4758950158E+01     ESP at Nucleus =  -1.4758950176E+01
           ESPe = -4.1366100075E+01     ESPe at Nucleus = -4.1366101131E+01
           ESPn =  2.6607149917E+01     ESPn at Nucleus =  2.6607150955E+01

CP# 6      Coords =  2.19639281667478E+00  3.59516546716026E+00  2.09054321550972E+00
           Type = (3,-3) NACP H6
           Rho =  4.2869841533E-01     Rho at Nucleus =  4.2520597226E-01
           GradRho = -6.7087134459E-13 -1.3365697438E-13 -1.4242747606E-12
           HessRho_EigVals = -6.5501579085E+00 -6.5422353881E+00 -5.9652470364E+00
           HessRho_EigVec1 =  8.6550946897E-01  2.5382385139E-01 -4.3181803064E-01
           HessRho_EigVec2 = -2.6624805804E-01  9.6335276163E-01  3.2610247553E-02
           HessRho_EigVec3 =  4.2427035097E-01  8.6746234039E-02  9.0137104467E-01
           DelSqRho = -1.9057640333E+01
           Bond Ellipticity = NA
           V = -4.7740833677E+00
           G =  4.8366422157E-03
           K =  4.7692467255E+00
           L =  4.7644100832E+00
           Vnuc =  5.5767234467E+01
           Ven = -2.3907325043E+01
           Vrep =  1.9133241676E+01
           DelSqV =  7.1882249472E+02
           DelSqVen =  1.0627918968E+03
           DelSqVrep = -3.4396940213E+02
           DelSqG =  7.0951599045E+01
           DelSqK = -7.8977409376E+02
           Stress_EigVals = -1.6407716325E+00 -1.6398295794E+00 -1.4934821557E+00
           Stress_EigVec1 =  8.7238111267E-01  2.2480789150E-01 -4.3406520958E-01
           Stress_EigVec2 = -2.3926085669E-01  9.7070881758E-01  2.1877703979E-02
           Stress_EigVec3 =  4.2626920685E-01  8.4769118165E-02  9.0061576707E-01
           -DivStress =  3.2849199378E+00  6.4172157216E-01  6.9596312790E+00
           ESP =  -1.1239757837E+00     ESP at Nucleus =  -1.1263011668E+00
           ESPe = -2.7306095214E+01     ESPe at Nucleus = -2.7208887304E+01
           ESPn =  2.6182119430E+01     ESPn at Nucleus =  2.6082586137E+01

CP# 7      Coords = -1.25194317034041E+00 -3.43196970633008E+00  2.13610275010898E+00
           Type = (3,-3) NACP N7
           Rho =  1.9139245731E+02     Rho at Nucleus =  1.9139242578E+02
           GradRho =  6.4614980033E-13 -4.1326719824E-11 -4.2279291179E-11
           HessRho_EigVals = -3.2208070913E+05 -3.2207945964E+05 -3.2206968707E+05
           HessRho_EigVec1 =  8.0951428468E-02  9.8350128471E-01  1.6177790084E-01
           HessRho_EigVec2 =  8.9990058204E-01 -1.4190061897E-01  4.1236289452E-01
           HessRho_EigVec3 = -4.2851582079E-01 -1.1220266177E-01  8.9654043636E-01
           DelSqRho = -9.6622985584E+05
           Bond Ellipticity = NA
           V = -2.4159018435E+05
           G =  1.6360195528E+01
           K =  2.4157382415E+05
           L =  2.4155746396E+05
           Vnuc =  5.0031837980E+05
           Ven = -9.5757164147E+07
           Vrep =  9.5515573962E+07
           DelSqV =  7.5854997527E+09
           DelSqVen =  4.8342255571E+11
           DelSqVrep = -4.7583705596E+11
           DelSqG =  4.0658397120E+08
           DelSqK = -7.9920837239E+09
           Stress_EigVals = -8.0531592916E+04 -8.0529582034E+04 -8.0529009400E+04
           Stress_EigVec1 = -4.0380582074E-01 -1.1359007818E-01  9.0776547262E-01
           Stress_EigVec2 =  9.1431712193E-01 -8.3803185689E-02  3.9623380297E-01
           Stress_EigVec3 =  3.1065409805E-02  9.8998703032E-01  1.3769756754E-01
           -DivStress = -2.0979659801E+04 -3.1672990418E+03  2.7229262379E+04
           ESP =  -1.8306092359E+01     ESP at Nucleus =  -1.8306093805E+01
           ESPe = -4.4612952705E+01     ESPe at Nucleus = -4.4612923276E+01
           ESPn =  2.6306860346E+01     ESPn at Nucleus =  2.6306829471E+01

CP# 8      Coords =  1.22417209469096E+00 -3.39470424290189E+00  2.23308112113969E+00
           Type = (3,-3) NACP N8
           Rho =  1.9139212548E+02     Rho at Nucleus =  1.9139209398E+02
           GradRho = -5.5599969073E-12  2.5523028135E-11  4.2519987531E-11
           HessRho_EigVals = -3.2208010730E+05 -3.2207886583E+05 -3.2206909120E+05
           HessRho_EigVec1 = -1.1804407109E-01  9.8138042605E-01  1.5151916264E-01
           HessRho_EigVec2 =  9.2548428575E-01  1.6403471243E-01 -3.4142561409E-01
           HessRho_EigVec3 =  3.5992281689E-01 -9.9925334556E-02  9.2761548790E-01
           DelSqRho = -9.6622806433E+05
           Bond Ellipticity = NA
           V = -2.4158973867E+05
           G =  1.6361294525E+01
           K =  2.4157337738E+05
           L =  2.4155701608E+05
           Vnuc =  5.0050232629E+05
           Ven = -9.5792204037E+07
           Vrep =  9.5550614298E+07
           DelSqV =  7.5854857413E+09
           DelSqVen =  4.8359939411E+11
           DelSqVrep = -4.7601390837E+11
           DelSqG =  4.0658316107E+08
           DelSqK = -7.9920689023E+09
           Stress_EigVals = -8.0531444249E+04 -8.0529432753E+04 -8.0528861669E+04
           Stress_EigVec1 =  3.3438157680E-01 -1.0223365429E-01  9.3687632110E-01
           Stress_EigVec2 =  9.4005397923E-01  1.0684197054E-01 -3.2385692747E-01
           Stress_EigVec3 = -6.6988635135E-02  9.8900610375E-01  1.3183114011E-01
           -DivStress =  1.8872316481E+04 -2.4845132988E+03  2.8781587705E+04
           ESP =  -1.8306196612E+01     ESP at Nucleus =  -1.8306198057E+01
           ESPe = -4.4568038952E+01     ESPe at Nucleus = -4.4568009158E+01
           ESPn =  2.6261842340E+01     ESPn at Nucleus =  2.6261811101E+01

CP# 9      Coords = -1.07999346283462E+00 -3.17862518723812E+00 -2.34501292861308E+00
           Type = (3,-3) NACP N9
           Rho =  1.9139175483E+02     Rho at Nucleus =  1.9139172340E+02
           GradRho = -2.4185542458E-11  5.0228932125E-11 -3.9547032316E-11
           HessRho_EigVals = -3.2207997202E+05 -3.2207873388E+05 -3.2206897149E+05
           HessRho_EigVec1 =  8.7096492551E-02  9.9531857280E-01 -4.1894386609E-02
           HessRho_EigVec2 =  9.2966619111E-01 -9.6318752872E-02 -3.5558890725E-01
           HessRho_EigVec3 =  3.5795945874E-01  7.9772482161E-03  9.3370305205E-01
           DelSqRho = -9.6622767738E+05
           Bond Ellipticity = NA
           V = -2.4158964356E+05
           G =  1.6362105216E+01
           K =  2.4157328145E+05
           L =  2.4155691935E+05
           Vnuc =  5.0107420045E+05
           Ven = -9.5901470526E+07
           Vrep =  9.5659880883E+07
           DelSqV =  7.5854835565E+09
           DelSqVen =  4.8415176064E+11
           DelSqVrep = -4.7656627708E+11
           DelSqG =  4.0658368549E+08
           DelSqK = -7.9920672420E+09
           Stress_EigVals = -8.0531410610E+04 -8.0529401377E+04 -8.0528831569E+04
           Stress_EigVec1 =  3.3235455375E-01  8.4547918822E-03  9.4311662433E-01
           Stress_EigVec2 =  9.4249869396E-01 -4.0261519190E-02 -3.3177586102E-01
           Stress_EigVec3 =  3.5166212213E-02  9.9915340492E-01 -2.1349729550E-02
           -DivStress = -1.8803131756E+04  1.4102963486E+02 -2.8887233646E+04
           ESP =  -1.8305906960E+01     ESP at Nucleus =  -1.8305908401E+01
           ESPe = -4.4665724661E+01     ESPe at Nucleus = -4.4665695288E+01
           ESPn =  2.6359817700E+01     ESPn at Nucleus =  2.6359786886E+01

CP# 10     Coords =  1.39672036807788E+00 -3.14724139807528E+00 -2.24847702207711E+00
           Type = (3,-3) NACP N10
           Rho =  1.9139215674E+02     Rho at Nucleus =  1.9139212524E+02
           GradRho = -9.8029362405E-12  1.9154525188E-11 -3.0042635046E-11
           HessRho_EigVals = -3.2208021911E+05 -3.2207898341E+05 -3.2206921516E+05
           HessRho_EigVec1 = -1.1723855785E-01  9.9160937195E-01 -5.4460756726E-02
           HessRho_EigVec2 =  8.9537998055E-01  1.2926493740E-01  4.2612822763E-01
           HessRho_EigVec3 = -4.2959261048E-01 -1.1955875697E-03  9.0302201501E-01
           DelSqRho = -9.6622841769E+05
           Bond Ellipticity = NA
           V = -2.4158982457E+05
           G =  1.6360073112E+01
           K =  2.4157346450E+05
           L =  2.4155710442E+05
           Vnuc =  5.0052106938E+05
           Ven = -9.5795806965E+07
           Vrep =  9.5554217140E+07
           DelSqV =  7.5854886004E+09
           DelSqVen =  4.8361768070E+11
           DelSqVrep = -4.7603219210E+11
           DelSqG =  4.0658340200E+08
           DelSqK = -7.9920720024E+09
           Stress_EigVals = -8.0531471554E+04 -8.0529460764E+04 -8.0528892250E+04
           Stress_EigVec1 = -4.0457674781E-01 -1.8186482598E-04  9.1450403064E-01
           Stress_EigVec2 =  9.1218292425E-01  7.1122312381E-02  4.0356403382E-01
           Stress_EigVec3 = -6.5115035444E-02  9.9746758524E-01 -2.8608539851E-02
           -DivStress =  2.1034555499E+04  5.3717430323E+02 -2.7347697530E+04
           ESP =  -1.8306074953E+01     ESP at Nucleus =  -1.8306076398E+01
           ESPe = -4.4697628397E+01     ESPe at Nucleus = -4.4697599333E+01
           ESPn =  2.6391553444E+01     ESPn at Nucleus =  2.6391522935E+01

CP# 11     Coords =  2.86062810215327E+00  4.30809794501477E+00 -1.93624775351097E+00
           Type = (3,-3) NACP C11
           Rho =  1.1754642372E+02     Rho at Nucleus =  1.1754642364E+02
           GradRho = -1.0979539500E-10  9.3984375837E-11  2.0327040051E-10
           HessRho_EigVals = -1.4484709350E+05 -1.4484688190E+05 -1.4484660880E+05
           HessRho_EigVec1 =  1.4289524048E-01  9.5525696229E-01 -2.5896927666E-01
           HessRho_EigVec2 = -3.7476020967E-01  2.9439376512E-01  8.7913997538E-01
           HessRho_EigVec3 =  9.1604352271E-01 -2.8573537777E-02  4.0005976733E-01
           DelSqRho = -4.3454058420E+05
           Bond Ellipticity = NA
           V = -1.0864549043E+05
           G =  5.1721908632E+00
           K =  1.0864031824E+05
           L =  1.0863514605E+05
           Vnuc =  5.8343347254E+06
           Ven = -6.8580518173E+08
           Vrep =  6.8569653624E+08
