AIMSum (Version 19.02.13, Professional)
Copyright (c) 1997-2019 by Todd A. Keith
AIMSum is a component of the AIMAll package ( http://aim.tkgristmill.com )

TP:  64-bit Linux

Much of the Quantum Theory of Atoms in Molecules (QTAIM) is described in the book:
  "Atoms in Molecules - A Quantum Theory"
  R.F.W. Bader, Oxford University Press, Oxford, 1990

For additional references see:  http://aim.tkgristmill.com/references.html

Wfn File:  /home/mhennefarth/Documents/ML_Diels/summary-liu2014/3_10-opt/3_10-opt.wfn
Sum File:  /home/mhennefarth/Documents/ML_Diels/summary-liu2014/3_10-opt/3_10-opt.sum

SumViz File:  /home/mhennefarth/Documents/ML_Diels/summary-liu2014/3_10-opt/3_10-opt.sumviz

Wfn Title:   Title Card Required                                                           
 
Total memory allocated for AIMSum =        3.323 Megabytes

Atomic units (a.u.) used throughout, except where stated otherwise

Model:  Restricted SCF
 
Restricted, closed-shell, single-determinant wavefunction.
  Number of electrons (from MO Occs)                   =         182.0000000000
  Number of Alpha electrons (from MO Occs)             =          91.0000000000
  Number of Beta electrons (from MO Occs)              =          91.0000000000
  Number of electron pairs (N*(N-1)/2)                 =       16471.0000000000
  Number of electron pairs (from Muller 2EDM)          =       16471.0000000000
 
Nuclear Charges and Cartesian Coordinates:
-------------------------------------------------------------------------------
Atom      Charge                X                  Y                  Z
-------------------------------------------------------------------------------
C1         6.0           2.4081638100E+00  -3.2180301100E+00   7.6923250000E-02
C2         6.0          -2.4766295500E+00  -3.1878481600E+00   2.1276480000E-02
N3         7.0          -1.2986064800E+00  -3.2092983400E+00   2.2835245600E+00
N4         7.0           1.1793430300E+00  -3.2257510100E+00   2.3118629800E+00
N5         7.0          -1.2495567500E+00  -3.4386195900E+00  -2.2005955900E+00
N6         7.0           1.2284309300E+00  -3.4523763300E+00  -2.1724245100E+00
C7         6.0           1.5326654500E+00   8.5735016300E+00   6.2306656000E-01
C8         6.0          -1.2438177600E+00   8.7376916400E+00  -3.8136454000E-01
C9         6.0           1.1261176800E+00   3.2410139300E+00  -3.6297201000E-01
C10        6.0          -3.3153251700E+00   7.1637435200E+00   9.7063566000E-01
C11        6.0          -1.1576330800E+00   3.2992487000E+00  -2.1634833000E-01
C12        6.0          -3.6745850500E+00   4.4183685600E+00  -1.0193910000E-02
C13        6.0           3.5103443700E+00   7.1062749200E+00  -9.6857915000E-01
C14        6.0           3.7054978400E+00   4.2278913300E+00  -4.1576348000E-01
H15        1.0          -1.2761781100E+00   8.3135740400E+00  -2.4133069500E+00
H16        1.0          -2.8896747600E+00   7.0882184100E+00   2.9993665600E+00
H17        1.0          -1.8265452600E+00   1.0721628340E+01  -2.2244642000E-01
H18        1.0          -5.1361033000E+00   8.1441248500E+00   7.8984478000E-01
H19        1.0          -4.9309041100E+00   3.3623417000E+00   1.2566421000E+00
H20        1.0          -4.6010596100E+00   4.4420367600E+00  -1.8687369100E+00
H21        1.0           5.3853444500E+00   7.9406602400E+00  -6.5709395000E-01
H22        1.0           3.0817835800E+00   7.3629604500E+00  -2.9819580000E+00
H23        1.0           4.8991578000E+00   3.3029158600E+00  -1.8363724400E+00
H24        1.0           4.6298406700E+00   3.9145987800E+00   1.4171977700E+00
H25        1.0           2.2357571900E+00   1.0518721680E+01   7.7379142000E-01
H26        1.0           1.5280485300E+00   7.8348785400E+00   2.5629064100E+00
C27        6.0           5.1913902400E+00  -3.0516275600E+00   9.9192350000E-02
C28        6.0           6.5514997200E+00  -3.0481751000E+00  -2.1811108700E+00
C29        6.0           6.5053139100E+00  -2.8826032200E+00   2.3999496500E+00
C30        6.0           9.1777992900E+00  -2.8789700500E+00  -2.1530289300E+00
H31        1.0           5.5288672700E+00  -3.1841224300E+00  -3.9513917400E+00
C32        6.0           9.1317005100E+00  -2.7158350600E+00   2.4127553300E+00
H33        1.0           5.4469868000E+00  -2.8884973800E+00   4.1543090300E+00
C34        6.0           1.0475738400E+01  -2.7137604900E+00   1.4026284000E-01
H35        1.0           1.0214703120E+01  -2.8795741100E+00  -3.9253096500E+00
H36        1.0           1.0132633010E+01  -2.5888139300E+00   4.2010967800E+00
H37        1.0           1.2525272360E+01  -2.5841364500E+00   1.5629092000E-01
C38        6.0          -5.2573357500E+00  -2.9881010700E+00  -1.8178000000E-02
C39        6.0          -6.5685739500E+00  -2.9921171500E+00  -2.3264835500E+00
C40        6.0          -6.6178392600E+00  -2.7807019800E+00   2.2526708300E+00
C41        6.0          -9.1925278000E+00  -2.7940908200E+00  -2.3558452900E+00
H42        1.0          -5.5101132700E+00  -3.1535938400E+00  -4.0733081600E+00
C43        6.0          -9.2419469200E+00  -2.5825384800E+00   2.2079304400E+00
H44        1.0          -5.5972953000E+00  -2.7842057300E+00   4.0293299100E+00
C45        6.0          -1.0537089170E+01  -2.5896874200E+00  -9.2899610000E-02
H46        1.0          -1.0191465990E+01  -2.8008170700E+00  -4.1497777100E+00
H47        1.0          -1.0279029670E+01  -2.4257788500E+00   3.9731541600E+00
H48        1.0          -1.2584867090E+01  -2.4366885300E+00  -1.2217441000E-01
 
Some Atomic Properties:
----------------------
  q(A) = Net Charge of Atom A
  L(A) = Lagrangian of Atom A = -(1/4) Times Atomic Integral of the Laplacian of the Electron Density
  K(A) = Electronic Kinetic Energy of Atom A (Hamiltonian Form)
  K_Scaled(A) = K(A) * E(Mol)/K(Mol) = Approximation to Virial-Based Total Energy of Atom A.
  |Mu_Intra(A)| = Magnitude of Intraatomic Dipole Moment of Atom A
--------------------------------------------------------------------------------------------------
Atom A          q(A)              L(A)              K(A)          K_Scaled(A)      |Mu_Intra(A)|
--------------------------------------------------------------------------------------------------
C1        1.0002725393E+00 -4.2503364641E-04  3.7167343749E+01 -3.7529028835E+01  5.9212214117E-01
C2        1.0013013641E+00  1.6031730181E-04  3.7167112762E+01 -3.7528795599E+01  5.9185512430E-01
N3       -5.7600256690E-01  1.5781022551E-05  5.4567432712E+01 -5.5098442587E+01  6.5356135690E-01
N4       -5.7582083300E-01  8.2101389448E-05  5.4567541827E+01 -5.5098552764E+01  6.5365274429E-01
N5       -5.7475875660E-01  8.5982123824E-05  5.4566876809E+01 -5.5097881275E+01  6.5342139619E-01
N6       -5.7536589770E-01  1.4691885522E-05  5.4566852162E+01 -5.5097856388E+01  6.5331035953E-01
C7        1.7898956100E-02  4.4918344269E-05  3.7643187949E+01 -3.8009503599E+01  3.6716126399E-02
C8        1.7718188600E-02 -1.2916633213E-04  3.7643087458E+01 -3.8009402129E+01  3.6924153360E-02
C9       -1.8616481770E-01  5.6832480954E-05  3.7826902347E+01 -3.8195005769E+01  2.0506203795E-01
C10       3.0012101700E-02 -1.1376722659E-04  3.7651931271E+01 -3.8018332004E+01  6.3004976619E-02
C11      -1.8859808540E-01  3.0396378447E-05  3.7828205955E+01 -3.8196322063E+01  2.0247497427E-01
C12       8.3996169100E-02  1.2590936266E-04  3.7626017143E+01 -3.7992165698E+01  2.1189842699E-01
C13       3.0101045100E-02  1.0115059348E-04  3.7651996192E+01 -3.8018397557E+01  6.4011022647E-02
C14       8.3582742100E-02 -4.7249959037E-04  3.7625922088E+01 -3.7992069718E+01  2.1192807565E-01
H15       2.1949073700E-03  3.0046208825E-05  6.1500485918E-01 -6.2098963137E-01  1.5955474430E-01
H16       3.6872212800E-03  2.7819967214E-05  6.1577592354E-01 -6.2176819915E-01  1.5860965439E-01
H17      -6.5592421000E-03  2.7071127877E-05  6.2416806542E-01 -6.3024200715E-01  1.5948375018E-01
H18      -2.2589482000E-03  1.9926036774E-05  6.1845472976E-01 -6.2447307353E-01  1.5992772222E-01
H19       3.4133642730E-02  8.4859152812E-06  6.0170632054E-01 -6.0756168119E-01  1.4965344344E-01
H20       2.8069816890E-02  2.5606993719E-05  6.0438446759E-01 -6.1026588998E-01  1.5382940398E-01
H21      -2.1213537000E-03  3.2252128347E-05  6.1840122103E-01 -6.2441904410E-01  1.5983492655E-01
H22       3.3156879600E-03  2.4921577847E-05  6.1589619434E-01 -6.2188964034E-01  1.5874495268E-01
H23       3.2908219660E-02  2.0130322819E-05  6.0221306323E-01 -6.0807335513E-01  1.5072162800E-01
H24       2.9516896850E-02  2.6874634776E-05  6.0377615537E-01 -6.0965165812E-01  1.5306186997E-01
H25      -6.6283223000E-03  2.9602595640E-05  6.2418619717E-01 -6.3026031535E-01  1.5947982929E-01
H26       2.7350663000E-03  3.3792904766E-05  6.1490163808E-01 -6.2088540579E-01  1.5937274845E-01
C27       1.2212808200E-02  2.4289780503E-05  3.7732571895E+01 -3.8099757362E+01  6.9442983014E-02
C28      -3.2417551400E-02 -1.1973907917E-04  3.7735998879E+01 -3.8103217696E+01  1.5543710810E-01
C29      -3.0795516100E-02  8.1769955019E-05  3.7735811517E+01 -3.8103028510E+01  1.5464467315E-01
C30      -3.1211144300E-02  3.5123622594E-05  3.7722762877E+01 -3.8089852891E+01  1.1951507191E-01
H31       8.1816385170E-02 -2.3137478915E-05  5.8544017996E-01 -5.9113725056E-01  1.4040645980E-01
C32      -3.0797797900E-02  1.8681980307E-05  3.7722829745E+01 -3.8089920409E+01  1.1959899981E-01
H33       8.1768132170E-02  4.9289645121E-05  5.8555376126E-01 -5.9125193716E-01  1.4043690714E-01
C34      -3.4948689800E-02 -4.5299288448E-05  3.7725182176E+01 -3.8092295733E+01  1.1193703420E-01
H35       4.3630962320E-02  2.3340250234E-05  5.9782918381E-01 -6.0364681504E-01  1.4859274826E-01
H36       4.3554116770E-02  2.3514633818E-05  5.9786527935E-01 -6.0368326183E-01  1.4860048114E-01
H37       4.3478090620E-02  2.3995152853E-05  5.9782269717E-01 -6.0364026527E-01  1.4867647705E-01
C38       1.1966337500E-02 -2.7748998441E-04  3.7732470787E+01 -3.8099655271E+01  6.9397450888E-02
C39      -2.9729152900E-02 -1.3559923836E-06  3.7735624337E+01 -3.8102839509E+01  1.5494461396E-01
C40      -3.3122674600E-02 -7.0150456810E-05  3.7736244230E+01 -3.8103465434E+01  1.5523326303E-01
C41      -3.0438347500E-02  1.1199040763E-04  3.7722894267E+01 -3.8089985559E+01  1.1958719981E-01
H42       8.2042288620E-02  2.6867809911E-06  5.8541225877E-01 -5.9110905767E-01  1.4035104331E-01
C43      -3.1494057700E-02  1.4725911178E-05  3.7722747416E+01 -3.8089837279E+01  1.1966688065E-01
H44       8.1631141260E-02  2.3241310372E-07  5.8555520738E-01 -5.9125339735E-01  1.4045821372E-01
C45      -3.4942372200E-02 -1.3994440455E-06  3.7725220745E+01 -3.8092334677E+01  1.1172347722E-01
H46       4.3596272610E-02  2.4330555963E-05  5.9785772191E-01 -6.0367563085E-01  1.4858765694E-01
H47       4.3534456050E-02  2.3615241340E-05  5.9786450661E-01 -6.0368248157E-01  1.4862031201E-01
H48       4.3439654510E-02  2.0002363981E-05  5.9783249478E-01 -6.0365015823E-01  1.4871860396E-01
--------------------------------------------------------------------------------------------------
Total    -6.0917060001E-05 -1.7683852820E-04  1.0601386714E+03 -1.0704551565E+03
 
1st Largest |L(A)| = 4.7249959037E-04, atom C14     
2nd Largest |L(A)| = 4.2503364641E-04, atom C1      
 
Molecular charge q(Mol) from the wfn file:   0.0000000000E+00
Molecular energy E(Mol) from the wfn file:  -1.0704552672E+03
Molecular virial ratio (-V(Mol)/T(Mol)) from the wfn file:   2.0097312600E+00
Note.  K_Scaled(A) = (1+V(Mol)/T(Mol))*K(A) = (E(Mol)/T(Mol))*K(A)
       Only use K_Scaled(A) data with caution.
 
N_AIMInt(SumA)     =        182.000061
N_Analytic(Mol)    =        181.999973
 
G_AIMInt(SumA)     =       1060.138848
G_Analytic(Mol)    =       1060.138714
 
K_AIMInt(SumA)     =       1060.138671
K_Analytic(Mol)    =       1060.138714
 
L_AIMInt(SumA)     =         -0.000177
L_Analytic(Mol)    =          0.000000
 
VenT_AIMInt(SumA)  =      -6763.472710
VenT_Analytic(Mol) =      -6763.469735
 
Some Information About the Atomic Calculations:
----------------------------------------------
  Time(sec) = "Elapsed User Time", in Seconds, for Atom A by AIMInt and, if used, by TWOe
  NProc = Number of Processors Used for AIMInt Job
  BIM = Basin Integration Method
  OAQ = Angular Quadrature Outside of Beta Sphere
  ORQ = Multiple of Default for Radial Quadrature Outside of Beta Sphere
  IAQ = Multiple of Default for Angular Quadrature Inside of Beta Sphere
  IRQ = Multiple of Default for Radial Quadrature Inside of Beta Sphere
  MIR = Maximum Integration Radius
------------------------------------------------------------------------------------------------------
Atom A     Time(sec)   NProc      BIM          OAQ                     ORQ      IAQ      IRQ      MIR
------------------------------------------------------------------------------------------------------
C1            148        8     Proaim(5)    4500(GS4)                  1.00     1.00     1.00    13.00
C2            146        8     Proaim(5)    4500(GS4)                  1.00     1.00     1.00    13.00
N3             59        8     Proaim(5)    4500(GS4)                  1.00     1.00     1.00    13.00
N4             59        8     Proaim(5)    4500(GS4)                  1.00     1.00     1.00    13.00
N5             60        8     Proaim(5)    4500(GS4)                  1.00     1.00     1.00    13.00
N6             60        8     Proaim(5)    4500(GS4)                  1.00     1.00     1.00    13.00
C7             51        8     Proaim(5)    4500(GS4)                  1.00     1.00     1.00    13.00
C8             51        8     Proaim(5)    4500(GS4)                  1.00     1.00     1.00    13.00
C9             49        8     Proaim(5)    4500(GS4)                  1.00     1.00     1.00    13.00
C10            46        8     Proaim(5)    4500(GS4)                  1.00     1.00     1.00    13.00
C11            46        8     Proaim(5)    4500(GS4)                  1.00     1.00     1.00    13.00
C12            54        8     Proaim(5)    5400(GS5)                  1.00     1.00     1.00    13.00
C13            46        8     Proaim(5)    4500(GS4)                  1.00     1.00     1.00    13.00
C14            67        8     Proaim(5)    4500(GS4)                  1.00     1.00     1.00    13.00
H15            14        8     Proaim(5)    1800(GS4)                  1.00     1.00     1.00    13.00
H16            13        8     Proaim(5)    1800(GS4)                  1.00     1.00     1.00    13.00
H17            10        8     Proaim(5)    1800(GS4)                  1.00     1.00     1.00    13.00
H18            10        8     Proaim(5)    1800(GS4)                  1.00     1.00     1.00    13.00
H19            48        8     Proaim(5)    4500(GS4)                  1.00     1.00     1.00    13.00
H20            14        8     Proaim(5)    1800(GS4)                  1.00     1.00     1.00    13.00
H21            11        8     Proaim(5)    1800(GS4)                  1.00     1.00     1.00    13.00
H22            13        8     Proaim(5)    1800(GS4)                  1.00     1.00     1.00    13.00
H23            81        8     Proaim(5)    4500(GS4)                  1.00     1.00     1.00    13.00
H24            19        8     Proaim(5)    1800(GS4)                  1.00     1.00     1.00    13.00
H25            11        8     Proaim(5)    1800(GS4)                  1.00     1.00     1.00    13.00
H26            15        8     Proaim(5)    1800(GS4)                  1.00     1.00     1.00    13.00
C27           189        8     Proaim(5)    4500(GS4)                  1.00     1.00     1.00    13.00
C28            79        8     Proaim(5)    4500(GS4)                  1.00     1.00     1.00    13.00
C29            73        8     Proaim(5)    4500(GS4)                  1.00     1.00     1.00    13.00
C30            30        8     Proaim(5)    4500(GS4)                  1.00     1.00     1.00    13.00
H31            23        8     Proaim(5)    1800(GS4)                  1.00     1.00     1.00    13.00
C32            29        8     Proaim(5)    4500(GS4)                  1.00     1.00     1.00    13.00
H33            24        8     Proaim(5)    1800(GS4)                  1.00     1.00     1.00    13.00
C34            29        8     Proaim(5)    4500(GS4)                  1.00     1.00     1.00    13.00
H35            10        8     Proaim(5)    1800(GS4)                  1.00     1.00     1.00    13.00
H36            10        8     Proaim(5)    1800(GS4)                  1.00     1.00     1.00    13.00
H37            10        8     Proaim(5)    1800(GS4)                  1.00     1.00     1.00    13.00
C38           171        8     Proaim(5)    4500(GS4)                  1.00     1.00     1.00    13.00
C39            75        8     Proaim(5)    4500(GS4)                  1.00     1.00     1.00    13.00
C40            83        8     Proaim(5)    4500(GS4)                  1.00     1.00     1.00    13.00
C41            30        8     Proaim(5)    4500(GS4)                  1.00     1.00     1.00    13.00
H42            24        8     Proaim(5)    1800(GS4)                  1.00     1.00     1.00    13.00
C43            31        8     Proaim(5)    4500(GS4)                  1.00     1.00     1.00    13.00
H44            25        8     Proaim(5)    1800(GS4)                  1.00     1.00     1.00    13.00
C45            30        8     Proaim(5)    4500(GS4)                  1.00     1.00     1.00    13.00
H46            10        8     Proaim(5)    1800(GS4)                  1.00     1.00     1.00    13.00
H47             9        8     Proaim(5)    1800(GS4)                  1.00     1.00     1.00    13.00
H48            10        8     Proaim(5)    1800(GS4)                  1.00     1.00     1.00    13.00
------------------------------------------------------------------------------------------------------
Total        2205
Note:  Total wall clock time is less than total of atomic times if more than one atom
       was calculated at a time
 
Electron Density Critical Point Analysis of Molecular Structure:               
---------------------------------------------------------------                
  NACP = Nuclear Attractor Critical Point                                      
  NNACP = Non-Nuclear Attractor Critical Point                                 
  BCP = Bond Critical Point                                                    
  RCP = Ring Critical Point                                                    
  CCP = Cage Critical Point                                                    
  Rho = Electron Density                                                       
  GradRho = Gradient of Electron Density                                       
  HessRho_EigVals = Eigenvalues of the Hessian of Rho, Ascending Order         
  HessRho_EigVecs = Eigenvectors of the Hessian of Rho                         
  DelSqRho = Laplacian of Rho = Trace of Hessian of Rho                        
  Bond Ellipticity = (HessRho_EigVal(1) / HessRho_EigVal(2)) - 1               
  V = Virial Field = Potential Energy Density = Trace of Stress Tensor         
  G = Lagrangian Form of Kinetic Energy Density                                
  K = Hamiltonian Form of Kinetic Energy Density                               
  L = K - G = Lagrangian Density = (-1/4)DelSqRho                              
  Vnuc = Electrostatic Potential from Nuclei                                   
  Ven = Electron-nuclear attractive contribution to Virial Field V             
  Vrep = V - Ven = Repulsive contribution to Virial Field V                    
  DelSqV = Laplacian of V                                                      
  DelSqVen = Laplacian of Ven                                                  
  DelSqVrep = Laplacian of Vrep                                                
  DelSqG = Laplacian of G                                                      
  DelSqK = Laplacian of K                                                      
  Stress_EigVals = Eigenvalues of Stress Tensor, Ascending Order               
  Stress_EigVecs = Eigenvectors of Stress Tensor                               
  -DivStress = Ehrenfest Force Density = Minus Divergence of Stress Tensor     
  ESP = Total Electrostatic Potential                                          
  ESPe = Electrostatic Potential from Electrons                                
  ESPn = Electrostatic Potential from Nuclei                                   
  BP = Bond Path                                                               
  BPL = Bond Path Length                                                       
  GBL = Geometric Bond Length                                                  
  GBL_I = Distance Between Nuclear Attractors                                  
  GBL_II = Distance Between Nuclei                                             
  GBL_III = Sum of Distances Between BCP and Nuclear Attractors                
  GBL_IV = Sum of Distances Between BCP and Nuclei                             

CP# 1      Coords =  2.40816249734253E+00 -3.21803022694317E+00  7.69232413034440E-02
           Type = (3,-3) NACP C1
           Rho =  1.1761553480E+02     Rho at Nucleus =  1.1761553468E+02
           GradRho = -5.2765867538E-10 -5.7675481829E-11 -2.1942779625E-12
           HessRho_EigVals = -1.4489050680E+05 -1.4488953085E+05 -1.4488906741E+05
           HessRho_EigVec1 = -4.5122717622E-02  9.9774911167E-01 -4.9604944458E-02
           HessRho_EigVec2 = -1.0403596708E-02  4.9183490731E-02  9.9873557532E-01
           HessRho_EigVec3 =  9.9892727740E-01  4.5581733181E-02  8.1608866094E-03
           DelSqRho = -4.3466910506E+05
           Bond Ellipticity = NA
           V = -1.0867759902E+05
           G =  5.1613799188E+00
           K =  1.0867243764E+05
           L =  1.0866727626E+05
           Vnuc =  4.5527772423E+06
           Ven = -5.3547733019E+08
           Vrep =  5.3536865259E+08
           DelSqV =  2.4932552624E+09
           DelSqVen =  1.9789513359E+12
           DelSqVrep = -1.9764580807E+12
           DelSqG =  1.3388779006E+08
           DelSqK = -2.6271430525E+09
           Stress_EigVals = -3.6226131135E+04 -3.6225992050E+04 -3.6225475840E+04
           Stress_EigVec1 =  9.9830945354E-01  5.7583379037E-02  7.8986979708E-03
           Stress_EigVec2 = -1.0779409057E-02  4.9889104704E-02  9.9869659135E-01
           Stress_EigVec3 = -5.7114265392E-02  9.9709339166E-01 -5.0425479652E-02
           -DivStress =  1.0692291240E+03  9.2265585540E+01  7.2178893246E+00
           ESP =  -1.4654997990E+01     ESP at Nucleus =  -1.4654998000E+01
           ESPe = -4.2740637448E+01     ESPe at Nucleus = -4.2740636472E+01
           ESPn =  2.8085639458E+01     ESPn at Nucleus =  2.8085638473E+01

CP# 2      Coords = -2.47662823414894E+00 -3.18784829161327E+00  2.12765074859956E-02
           Type = (3,-3) NACP C2
           Rho =  1.1761516109E+02     Rho at Nucleus =  1.1761516096E+02
           GradRho =  5.3229854286E-10 -2.2175384792E-11  1.0785000280E-11
           HessRho_EigVals = -1.4488986611E+05 -1.4488888891E+05 -1.4488842430E+05
           HessRho_EigVec1 =  5.8544367635E-02  9.9702326001E-01 -5.0171466211E-02
           HessRho_EigVec2 = -9.4404277934E-03  5.0808354335E-02  9.9866380201E-01
           HessRho_EigVec3 =  9.9824016917E-01 -5.7992500665E-02  1.2386869070E-02
           DelSqRho = -4.3466717932E+05
           Bond Ellipticity = NA
           V = -1.0867711739E+05
           G =  5.1612804492E+00
           K =  1.0867195611E+05
           L =  1.0866679483E+05
           Vnuc =  4.5361959530E+06
           Ven = -5.3352541772E+08
           Vrep =  5.3341674061E+08
           DelSqV =  2.4932440748E+09
           DelSqVen =  1.9717355602E+12
           DelSqVrep = -1.9692423161E+12
           DelSqG =  1.3388702287E+08
           DelSqK = -2.6271310976E+09
           Stress_EigVals = -3.6225970928E+04 -3.6225831474E+04 -3.6225314990E+04
           Stress_EigVec1 =  9.9748117173E-01 -6.9875302146E-02  1.2196483266E-02
           Stress_EigVec2 = -8.6484861136E-03  5.0855486774E-02  9.9866857523E-01
           Stress_EigVec3 =  7.0402526531E-02  9.9625858170E-01 -5.0123074956E-02
           -DivStress = -1.0718631655E+03  1.0405645109E+02 -2.2167677042E+01
           ESP =  -1.4655027065E+01     ESP at Nucleus =  -1.4655027074E+01
           ESPe = -4.2725698371E+01     ESPe at Nucleus = -4.2725697384E+01
           ESPn =  2.8070671307E+01     ESPn at Nucleus =  2.8070670309E+01

CP# 3      Coords = -1.29859827167040E+00 -3.20929835934695E+00  2.28351324880988E+00
           Type = (3,-3) NACP N3
           Rho =  1.9139071184E+02     Rho at Nucleus =  1.9139068039E+02
           GradRho =  6.6673888632E-12  5.6360360823E-11 -2.3896440382E-11
           HessRho_EigVals = -3.2207728239E+05 -3.2207604597E+05 -3.2206629449E+05
           HessRho_EigVec1 =  1.2800696123E-01  9.8898151968E-01  7.4362434140E-02
           HessRho_EigVec2 =  9.0516636927E-01 -1.4714288950E-01  3.9877664678E-01
           HessRho_EigVec3 = -4.0532463758E-01 -1.6264187756E-02  9.1402812559E-01
           DelSqRho = -9.6621962285E+05
           Bond Ellipticity = NA
           V = -2.4158763038E+05
           G =  1.6362336465E+01
           K =  2.4157126805E+05
           L =  2.4155490571E+05
           Vnuc =  5.0089554071E+05
           Ven = -9.5866754094E+07
           Vrep =  9.5625166464E+07
           DelSqV =  7.5854191950E+09
           DelSqVen =  4.8397510080E+11
           DelSqVrep = -4.7638968161E+11
           DelSqG =  4.0657902697E+08
           DelSqK = -7.9919982219E+09
           Stress_EigVals = -8.0530737698E+04 -8.0528730533E+04 -8.0528162153E+04
           Stress_EigVec1 = -3.8026309679E-01 -1.7493145642E-02  9.2471291063E-01
           Stress_EigVec2 =  9.2249725297E-01 -7.8871370538E-02  3.7785992799E-01
           Stress_EigVec3 =  6.6323415862E-02  9.9673130620E-01  4.6129250409E-02
           -DivStress = -2.0261028769E+04  4.6327357404E+01  2.7898498713E+04
           ESP =  -1.8307815683E+01     ESP at Nucleus =  -1.8307817126E+01
           ESPe = -4.4329244547E+01     ESPe at Nucleus = -4.4329215358E+01
           ESPn =  2.6021428864E+01     ESPn at Nucleus =  2.6021398232E+01

CP# 4      Coords =  1.17933508268099E+00 -3.22575091985406E+00  2.31185148173243E+00
           Type = (3,-3) NACP N4
           Rho =  1.9139077784E+02     Rho at Nucleus =  1.9139074638E+02
           GradRho = -1.3425704992E-11  4.8954090781E-11  5.6348703481E-11
           HessRho_EigVals = -3.2207734422E+05 -3.2207610738E+05 -3.2206635573E+05
           HessRho_EigVec1 = -1.1746650244E-01  9.9045728220E-01  7.2083236220E-02
           HessRho_EigVec2 =  9.1574944832E-01  1.3611545199E-01 -3.7798879829E-01
           HessRho_EigVec3 =  3.8419340014E-01 -2.1609161702E-02  9.2299971583E-01
           DelSqRho = -9.6621980733E+05
           Bond Ellipticity = NA
           V = -2.4158767663E+05
           G =  1.6362398122E+01
           K =  2.4157131423E+05
           L =  2.4155495183E+05
           Vnuc =  5.0082106845E+05
           Ven = -9.5852533851E+07
           Vrep =  9.5610946175E+07
           DelSqV =  7.5854205570E+09
           DelSqVen =  4.8390323603E+11
           DelSqVrep = -4.7631781547E+11
           DelSqG =  4.0657903461E+08
           DelSqK = -7.9919995916E+09
           Stress_EigVals = -8.0530753140E+04 -8.0528745973E+04 -8.0528177515E+04
           Stress_EigVec1 =  3.5890663592E-01 -2.2553270835E-02  9.3310094666E-01
           Stress_EigVec2 =  9.3176978249E-01  6.7235235219E-02 -3.5676952725E-01
           Stress_EigVec3 = -5.4690941858E-02  9.9748221694E-01  4.5145628349E-02
           -DivStress =  1.9617144591E+04 -2.2412819198E+02  2.8360159907E+04
           ESP =  -1.8307813245E+01     ESP at Nucleus =  -1.8307814689E+01
           ESPe = -4.4324277484E+01     ESPe at Nucleus = -4.4324248211E+01
           ESPn =  2.6016464239E+01     ESPn at Nucleus =  2.6016433522E+01

CP# 5      Coords = -1.24954879054801E+00 -3.43861843233276E+00 -2.20058414838184E+00
           Type = (3,-3) NACP N5
           Rho =  1.9139122478E+02     Rho at Nucleus =  1.9139119328E+02
           GradRho = -3.0354940783E-11  1.0645651027E-11  2.1702639685E-11
           HessRho_EigVals = -3.2207794343E+05 -3.2207670622E+05 -3.2206694818E+05
           HessRho_EigVec1 =  1.2909129659E-01  9.7662308576E-01 -1.7188014870E-01
           HessRho_EigVec2 =  9.1377896991E-01 -1.8447788147E-01 -3.6190593447E-01
           HessRho_EigVec3 =  3.8515377618E-01  1.1034155890E-01  9.1623212620E-01
           DelSqRho = -9.6622159783E+05
           Bond Ellipticity = NA
           V = -2.4158812252E+05
           G =  1.6361530874E+01
           K =  2.4157176099E+05
           L =  2.4155539946E+05
           Vnuc =  5.0053220582E+05
           Ven = -9.5797471912E+07
           Vrep =  9.5555883790E+07
           DelSqV =  7.5854342667E+09
           DelSqVen =  4.8362502771E+11
           DelSqVrep = -4.7603959345E+11
           DelSqG =  4.0657956889E+08
           DelSqK = -7.9920138356E+09
           Stress_EigVals = -8.0530902633E+04 -8.0528894343E+04 -8.0528325544E+04
           Stress_EigVec1 =  3.5986352933E-01  1.1260885117E-01  9.2618436982E-01
           Stress_EigVec2 =  9.3057733981E-01 -1.1488446219E-01 -3.4760232304E-01
           Stress_EigVec3 =  6.7261094949E-02  9.8697558581E-01 -1.4613397319E-01
           -DivStress = -1.9647050556E+04 -2.8571164802E+03 -2.8220058836E+04
           ESP =  -1.8307943590E+01     ESP at Nucleus =  -1.8307945036E+01
           ESPe = -4.4255555042E+01     ESPe at Nucleus = -4.4255525449E+01
           ESPn =  2.5947611452E+01     ESPn at Nucleus =  2.5947580413E+01

CP# 6      Coords =  1.22842273213388E+00 -3.45237508692755E+00 -2.17241325400200E+00
           Type = (3,-3) NACP N6
           Rho =  1.9139102305E+02     Rho at Nucleus =  1.9139099158E+02
           GradRho =  3.3382241416E-11  6.3471783385E-11  5.2218229740E-11
           HessRho_EigVals = -3.2207777020E+05 -3.2207653308E+05 -3.2206677913E+05
           HessRho_EigVec1 = -1.1250996944E-01  9.7837691491E-01 -1.7355148844E-01
           HessRho_EigVec2 =  9.0750512256E-01  1.7231176378E-01  3.8307063132E-01
           HessRho_EigVec3 = -4.0469242555E-01  1.1439959977E-01  9.0726885336E-01
           DelSqRho = -9.6622108241E+05
           Bond Ellipticity = NA
           V = -2.4158799377E+05
           G =  1.6361584388E+01
           K =  2.4157163219E+05
           L =  2.4155527060E+05
           Vnuc =  5.0073188582E+05
           Ven = -9.5835587901E+07
           Vrep =  9.5593999907E+07
           DelSqV =  7.5854305144E+09
           DelSqVen =  4.8381770477E+11
           DelSqVrep = -4.7623227425E+11
           DelSqG =  4.0657958615E+08
           DelSqK = -7.9920101006E+09
           Stress_EigVals = -8.0530859045E+04 -8.0528851770E+04 -8.0528282956E+04
           Stress_EigVec1 = -3.7970715716E-01  1.1629911048E-01  9.1776739520E-01
           Stress_EigVec2 =  9.2364609226E-01  1.0338559492E-01  3.6903836523E-01
           Stress_EigVec3 = -5.1965094540E-02  9.8781877673E-01 -1.4667546927E-01
           -DivStress =  2.0235254108E+04 -3.0675343862E+03 -2.7762234946E+04
           ESP =  -1.8307862472E+01     ESP at Nucleus =  -1.8307863916E+01
           ESPe = -4.4274189488E+01     ESPe at Nucleus = -4.4274160050E+01
           ESPn =  2.5966327016E+01     ESPn at Nucleus =  2.5966296134E+01

CP# 7      Coords =  1.53266535038675E+00  8.57350130661445E+00  6.23065649911622E-01
           Type = (3,-3) NACP C7
           Rho =  1.1754065161E+02     Rho at Nucleus =  1.1754065155E+02
           GradRho = -1.2115364927E-11 -1.6158173680E-10 -1.8361243739E-10
           HessRho_EigVals = -1.4483866759E+05 -1.4483845462E+05 -1.4483811081E+05
           HessRho_EigVec1 =  9.5783333712E-01 -2.8714888982E-01 -1.0040586929E-02
           HessRho_EigVec2 =  1.4361766656E-01  4.4820933727E-01  8.8231647147E-01
           HessRho_EigVec3 =  2.4885591044E-01  8.4655413593E-01 -4.7054949876E-01
           DelSqRho = -4.3451523302E+05
           Bond Ellipticity = NA
           V = -1.0863905498E+05
           G =  5.1233624993E+00
           K =  1.0863393162E+05
           L =  1.0862880826E+05
           Vnuc =  6.1794774250E+06
           Ven = -7.2633980316E+08
           Vrep =  7.2623116411E+08
           DelSqV =  2.4924218660E+09
           DelSqVen =  2.6850770289E+12
           DelSqVrep = -2.6825846070E+12
           DelSqG =  1.3388059648E+08
           DelSqK = -2.6263024624E+09
           Stress_EigVals = -3.6213116831E+04 -3.6213004167E+04 -3.6212933981E+04
           Stress_EigVec1 =  2.3694961117E-01  8.2756652094E-01 -5.0890916202E-01
           Stress_EigVec2 =  1.7936492778E-01  4.7755773077E-01  8.6009699248E-01
           Stress_EigVec3 =  9.5482098032E-01 -2.9508010302E-01 -3.5279290645E-02
           -DivStress =  8.1652502021E+01  2.6230390370E+02  7.4156541432E+02
           ESP =  -1.4744436543E+01     ESP at Nucleus =  -1.4744436544E+01
           ESPe = -3.6134278791E+01     ESPe at Nucleus = -3.6134277667E+01
           ESPn =  2.1389842248E+01     ESPn at Nucleus =  2.1389841123E+01

CP# 8      Coords = -1.24381768965739E+00  8.73769117086935E+00 -3.81363705282589E-01
           Type = (3,-3) NACP C8
           Rho =  1.1754081164E+02     Rho at Nucleus =  1.1754081157E+02
           GradRho =  3.1727288263E-12 -1.3718292202E-10  1.6945479705E-10
           HessRho_EigVals = -1.4483887791E+05 -1.4483866678E+05 -1.4483832401E+05
           HessRho_EigVec1 =  9.7326435336E-01  2.2738555155E-01  3.2439319037E-02
           HessRho_EigVec2 =  1.1014609591E-01 -5.8598127020E-01  8.0280370485E-01
           HessRho_EigVec3 = -2.0155479659E-01  7.7776716434E-01  5.9536031280E-01
           DelSqRho = -4.3451586870E+05
           Bond Ellipticity = NA
           V = -1.0863921320E+05
           G =  5.1230103293E+00
           K =  1.0863409019E+05
           L =  1.0862896718E+05
           Vnuc =  6.2493947573E+06
           Ven = -7.3455893204E+08
           Vrep =  7.3445029283E+08
           DelSqV =  2.4924255034E+09
           DelSqVen =  2.7154610913E+12
           DelSqVrep = -2.7129686658E+12
           DelSqG =  1.3388080605E+08
           DelSqK = -2.6263063095E+09
           Stress_EigVals = -3.6213169088E+04 -3.6213056918E+04 -3.6212987190E+04
           Stress_EigVec1 = -1.9029034938E-01  7.5231889086E-01  6.3071853421E-01
           Stress_EigVec2 =  1.4572181383E-01 -6.1369549451E-01  7.7597873231E-01
           Stress_EigVec3 =  9.7085258196E-01  2.3957071291E-01  7.1510567079E-03
           -DivStress = -5.7902628144E+01  3.8108313188E+02 -6.8037630254E+02
           ESP =  -1.4744347850E+01     ESP at Nucleus =  -1.4744347851E+01
           ESPe = -3.6053201270E+01     ESPe at Nucleus = -3.6053200075E+01
           ESPn =  2.1308853420E+01     ESPn at Nucleus =  2.1308852224E+01

CP# 9      Coords =  1.12612041855420E+00  3.24101253526656E+00 -3.62972123248786E-01
           Type = (3,-3) NACP C9
           Rho =  1.1788436675E+02     Rho at Nucleus =  1.1788436607E+02
           GradRho =  5.6863049309E-09 -3.0147921401E-09 -2.3417129757E-10
           HessRho_EigVals = -1.4529028236E+05 -1.4528997356E+05 -1.4528913544E+05
           HessRho_EigVec1 =  4.2108596483E-01  8.9758445488E-01 -1.3049427794E-01
           HessRho_EigVec2 =  1.5869704831E-01  6.8743165078E-02  9.8493127888E-01
           HessRho_EigVec3 =  8.9302959474E-01 -4.3544979459E-01 -1.1349722161E-01
           DelSqRho = -4.3586939136E+05
           Bond Ellipticity = NA
           V = -1.0897754331E+05
           G =  5.0977340294E+00
           K =  1.0897244557E+05
           L =  1.0896734784E+05
           Vnuc =  1.9510228216E+06
           Ven = -2.2999508984E+08
           Vrep =  2.2988611230E+08
           DelSqV =  2.5001831853E+09
           DelSqVen =  8.5039114650E+11
           DelSqVrep = -8.4789096331E+11
           DelSqG =  1.3432620218E+08
           DelSqK = -2.6345093875E+09
           Stress_EigVals = -3.6326315442E+04 -3.6325628890E+04 -3.6325598976E+04
           Stress_EigVec1 =  9.9588854849E-01 -6.4762969926E-02 -6.3338429974E-02
           Stress_EigVec2 =  9.0571758435E-02  7.2467966034E-01  6.8310771220E-01
           Stress_EigVec3 =  1.6599876992E-03 -6.8603582094E-01  7.2756587113E-01
           -DivStress = -2.2412333981E+03  1.1263168891E+03  9.2759609516E+01
           ESP =  -1.4771928039E+01     ESP at Nucleus =  -1.4771928112E+01
           ESPe = -4.0982855505E+01     ESPe at Nucleus = -4.0982857406E+01
           ESPn =  2.6210927466E+01     ESPn at Nucleus =  2.6210929294E+01

CP# 10     Coords = -3.31532502667021E+00  7.16374275895299E+00  9.70634887772130E-01
           Type = (3,-3) NACP C10
           Rho =  1.1756105547E+02     Rho at Nucleus =  1.1756105539E+02
           GradRho =  3.4017677308E-11 -1.7704681651E-10 -1.9643239021E-10
           HessRho_EigVals = -1.4486459153E+05 -1.4486429849E+05 -1.4486400099E+05
           HessRho_EigVec1 =  2.7307312443E-01  9.4743640618E-01  1.6671929989E-01
           HessRho_EigVec2 = -6.7183010769E-01  6.3780046242E-02  7.3795420732E-01
           HessRho_EigVec3 =  6.8853131746E-01 -3.1352250628E-01  6.5393291930E-01
           DelSqRho = -4.3459289100E+05
           Bond Ellipticity = NA
           V = -1.0865846731E+05
           G =  5.1222787847E+00
           K =  1.0865334503E+05
           L =  1.0864822275E+05
           Vnuc =  5.4862341737E+06
           Ven = -6.4496748003E+08
           Vrep =  6.4485882157E+08
           DelSqV =  2.4928660122E+09
           DelSqVen =  2.3842786836E+12
           DelSqVrep = -2.3817858832E+12
           DelSqG =  1.3390526145E+08
           DelSqK = -2.6267712736E+09
           Stress_EigVals = -3.6219591101E+04 -3.6219489763E+04 -3.6219386445E+04
           Stress_EigVec1 =  6.8537173450E-01 -2.9461014672E-01  6.6593576793E-01
           Stress_EigVec2 = -6.6879564121E-01  1.0709210156E-01  7.3569264784E-01
           Stress_EigVec3 =  2.8805897981E-01  9.4959788502E-01  1.2363608258E-01
           -DivStress = -1.1732471686E+02  6.1697780067E+02  6.2840498405E+02
           ESP =  -1.4739689768E+01     ESP at Nucleus =  -1.4739689770E+01
           ESPe = -3.6550373532E+01     ESPe at Nucleus = -3.6550371924E+01
           ESPn =  2.1810683765E+01     ESPn at Nucleus =  2.1810682153E+01

CP# 11     Coords = -1.15763589831593E+00  3.29924746247675E+00 -2.16348375708442E-01
           Type = (3,-3) NACP C11
           Rho =  1.1788430350E+02     Rho at Nucleus =  1.1788430281E+02
           GradRho = -5.8649884067E-09 -2.6442435766E-09 -1.0723670805E-10
           HessRho_EigVals = -1.4529012769E+05 -1.4528982297E+05 -1.4528898298E+05
           HessRho_EigVec1 = -3.7225545538E-01  9.0165124983E-01  2.2011565055E-01
           HessRho_EigVec2 =  1.2843880955E-01 -1.8483377712E-01  9.7434077562E-01
           HessRho_EigVec3 =  9.1920038519E-01  3.9097506125E-01 -4.7001631285E-02
           DelSqRho = -4.3586893363E+05
           Bond Ellipticity = NA
           V = -1.0897742822E+05
           G =  5.0974040996E+00
           K =  1.0897233081E+05
           L =  1.0896723341E+05
           Vnuc =  1.9490997475E+06
           Ven = -2.2976826619E+08
           Vrep =  2.2965928876E+08
           DelSqV =  2.5001804655E+09
           DelSqVen =  8.4955201946E+11
           DelSqVrep = -8.4705183899E+11
           DelSqG =  1.3432598560E+08
           DelSqK = -2.6345064511E+09
           Stress_EigVals = -3.6326277465E+04 -3.6325587344E+04 -3.6325563408E+04
           Stress_EigVec1 =  9.9823777597E-01  1.3672941919E-02 -5.7744205724E-02
           Stress_EigVec2 = -4.4258936633E-02  8.1974859909E-01 -5.7101084124E-01
           Stress_EigVec3 =  3.9528333680E-02  5.7256028936E-01  8.1890916828E-01
