AIMSum (Version 19.02.13, Professional)
Copyright (c) 1997-2019 by Todd A. Keith
AIMSum is a component of the AIMAll package ( http://aim.tkgristmill.com )

TP:  64-bit Linux

Much of the Quantum Theory of Atoms in Molecules (QTAIM) is described in the book:
  "Atoms in Molecules - A Quantum Theory"
  R.F.W. Bader, Oxford University Press, Oxford, 1990

For additional references see:  http://aim.tkgristmill.com/references.html

Wfn File:  /home/mhennefarth/Documents/ML_Diels/summary-liu2014/3_8-opt/3_8-opt.wfn
Sum File:  /home/mhennefarth/Documents/ML_Diels/summary-liu2014/3_8-opt/3_8-opt.sum

SumViz File:  /home/mhennefarth/Documents/ML_Diels/summary-liu2014/3_8-opt/3_8-opt.sumviz

Wfn Title:   Title Card Required                                                           
 
Total memory allocated for AIMSum =        2.348 Megabytes

Atomic units (a.u.) used throughout, except where stated otherwise

Model:  Restricted SCF
 
Restricted, closed-shell, single-determinant wavefunction.
  Number of electrons (from MO Occs)                   =         152.0000000000
  Number of Alpha electrons (from MO Occs)             =          76.0000000000
  Number of Beta electrons (from MO Occs)              =          76.0000000000
  Number of electron pairs (N*(N-1)/2)                 =       11476.0000000000
  Number of electron pairs (from Muller 2EDM)          =       11476.0000000000
 
Nuclear Charges and Cartesian Coordinates:
-------------------------------------------------------------------------------
Atom      Charge                X                  Y                  Z
-------------------------------------------------------------------------------
C1         6.0          -2.4495640100E+00  -1.3437096600E+00   4.1571870000E-02
C2         6.0           2.4492254300E+00  -1.3437981200E+00  -4.1592560000E-02
N3         7.0           1.2022247300E+00  -1.3705255800E+00  -2.2669204300E+00
N4         7.0          -1.2769694400E+00  -1.3631780500E+00  -2.2248347600E+00
N5         7.0           1.2766634700E+00  -1.3633149800E+00   2.2247643200E+00
N6         7.0          -1.2025933300E+00  -1.3705978300E+00   2.2668471900E+00
C7         6.0           3.3641444000E-01   5.3860245000E+00   1.0931150100E+00
C8         6.0          -3.3503298000E-01   5.3861121100E+00  -1.0927589800E+00
C9         6.0          -1.1509960500E+00   5.3914867700E+00  -3.7322401500E+00
C10        6.0           1.1523965000E+00   5.3912280000E+00   3.7325903100E+00
H11        1.0          -2.8683583300E+00   6.5246649400E+00  -3.9865023600E+00
H12        1.0          -1.5585846600E+00   3.4703164900E+00  -4.3942548000E+00
H13        1.0          -3.0836386000E-01   6.1850406200E+00   4.9711123600E+00
H14        1.0           2.8704660000E+00   6.5233672800E+00   3.9867080600E+00
C15        6.0          -5.2361850300E+00  -1.3244088600E+00   8.9012860000E-02
C16        6.0          -6.5346265800E+00  -1.2462549200E+00   2.4033836000E+00
C17        6.0          -6.6172636600E+00  -1.3885059600E+00  -2.1774460100E+00
C18        6.0          -9.1653078200E+00  -1.2298244200E+00   2.4426302400E+00
H19        1.0          -5.4619073300E+00  -1.1978664300E+00   4.1480536800E+00
C20        6.0          -9.2478239600E+00  -1.3715036000E+00  -2.1232477800E+00
H21        1.0          -5.6096375500E+00  -1.4559342100E+00  -3.9599552000E+00
C22        6.0          -1.0529700800E+01  -1.2918107700E+00   1.8331014000E-01
H23        1.0          -1.0153837010E+01  -1.1671741500E+00   4.2410964200E+00
H24        1.0          -1.0300573920E+01  -1.4228932100E+00  -3.8852917400E+00
H25        1.0          -1.2582948600E+01  -1.2787680600E+00   2.2002193000E-01
C26        6.0           5.2358358600E+00  -1.3245859600E+00  -8.9099730000E-02
C27        6.0           6.6169306800E+00  -1.3890612000E+00   2.1773412800E+00
C28        6.0           6.5342708900E+00  -1.2462303900E+00  -2.4034645300E+00
C29        6.0           9.2474893300E+00  -1.3722525400E+00   2.1231319600E+00
H30        1.0           5.6093139500E+00  -1.4566286400E+00   3.9598512900E+00
C31        6.0           9.1649511900E+00  -1.2299937400E+00  -2.4427273100E+00
H32        1.0           5.4615458400E+00  -1.1975261100E+00  -4.1481237800E+00
C33        6.0           1.0529359260E+01  -1.2923761900E+00  -1.8342649000E-01
H34        1.0           1.0300244760E+01  -1.4239424800E+00   3.8851639500E+00
H35        1.0           1.0153469800E+01  -1.1671835800E+00  -4.2411935300E+00
H36        1.0           1.2582607370E+01  -1.2794913700E+00  -2.2015245000E-01
H37        1.0           1.5587874400E+00   3.4698812000E+00   4.3948199600E+00
H38        1.0           3.1026200000E-01   6.1842425100E+00  -4.9708504800E+00
 
Some Atomic Properties:
----------------------
  q(A) = Net Charge of Atom A
  L(A) = Lagrangian of Atom A = -(1/4) Times Atomic Integral of the Laplacian of the Electron Density
  K(A) = Electronic Kinetic Energy of Atom A (Hamiltonian Form)
  K_Scaled(A) = K(A) * E(Mol)/K(Mol) = Approximation to Virial-Based Total Energy of Atom A.
  |Mu_Intra(A)| = Magnitude of Intraatomic Dipole Moment of Atom A
--------------------------------------------------------------------------------------------------
Atom A          q(A)              L(A)              K(A)          K_Scaled(A)      |Mu_Intra(A)|
--------------------------------------------------------------------------------------------------
C1        1.0013956569E+00  2.8636675537E-04  3.7165282009E+01 -3.7524715256E+01  5.9893359075E-01
C2        1.0013712046E+00  2.6230653312E-04  3.7165293079E+01 -3.7524726433E+01  5.9911365616E-01
N3       -5.7749959880E-01  7.2360226711E-05  5.4568287539E+01 -5.5096028907E+01  6.5308152567E-01
N4       -5.8462283160E-01  1.0437987055E-04  5.4567034094E+01 -5.5094763340E+01  6.5551829758E-01
N5       -5.8470913880E-01  1.3027636760E-04  5.4567109708E+01 -5.5094839685E+01  6.5554273995E-01
N6       -5.7761266540E-01  8.1276002271E-05  5.4568371528E+01 -5.5096113708E+01  6.5313382626E-01
C7       -1.7826289650E-01  1.6757230187E-05  3.7786171250E+01 -3.8151609247E+01  7.1083388888E-02
C8       -1.7825911510E-01  1.9953551276E-05  3.7786169909E+01 -3.8151607894E+01  7.1136263606E-02
C9        4.3968682300E-02  3.6544625116E-04  3.7636012576E+01 -3.7999998357E+01  2.2812057111E-01
C10       4.3894995700E-02  2.9233861017E-04  3.7635997523E+01 -3.7999983159E+01  2.2798782195E-01
H11       3.9941261970E-02  1.6404308495E-05  5.9455235724E-01 -6.0030239794E-01  1.5026587516E-01
H12       5.7544535130E-02  6.2313260517E-05  5.8879642841E-01 -5.9449080231E-01  1.3892632093E-01
H13       4.0622974190E-02  2.1248994445E-05  5.9427449567E-01 -6.0002184911E-01  1.5006783176E-01
H14       3.9942220070E-02  2.8427237570E-05  5.9455983109E-01 -6.0030994407E-01  1.5024140245E-01
C15       1.4587504700E-02 -2.8737493485E-04  3.7730876674E+01 -3.8095779905E+01  7.4017994520E-02
C16      -2.7542326700E-02 -1.9785533231E-05  3.7735131316E+01 -3.8100075695E+01  1.5357512552E-01
C17      -2.9599623200E-02  5.7736968558E-06  3.7735474136E+01 -3.8100421831E+01  1.5201812966E-01
C18      -2.8889107300E-02 -5.3984221152E-05  3.7722474254E+01 -3.8087296225E+01  1.2039788025E-01
H19       8.0741254600E-02  2.7957020872E-06  5.8613421942E-01 -5.9180284654E-01  1.4044517872E-01
C20      -2.9293628800E-02 -3.3582733316E-05  3.7722486703E+01 -3.8087308793E+01  1.2070651374E-01
H21       7.8315209220E-02  4.7185647817E-06  5.8702216034E-01 -5.9269937493E-01  1.4086888706E-01
C22      -3.3575461100E-02 -8.7378444832E-05  3.7725052231E+01 -3.8089899133E+01  1.1205980518E-01
H23       4.4283944740E-02  2.3725798641E-05  5.9761361157E-01 -6.0339325831E-01  1.4842182915E-01
H24       4.3918494010E-02  2.3789171774E-05  5.9774525271E-01 -6.0352617257E-01  1.4849833082E-01
H25       4.4339456350E-02  2.0658778284E-05  5.9751748843E-01 -6.0329620554E-01  1.4850320077E-01
C26       1.4774914000E-02 -1.0327410185E-05  3.7730947551E+01 -3.8095851468E+01  7.4275676837E-02
C27      -2.9697420300E-02 -9.1245449283E-05  3.7735447422E+01 -3.8100394858E+01  1.5234530443E-01
C28      -2.7601335700E-02 -9.9916664631E-05  3.7735107308E+01 -3.8100051455E+01  1.5367518876E-01
C29      -2.9353220400E-02 -1.2060830665E-04  3.7722474280E+01 -3.8087296250E+01  1.2060763184E-01
H30       7.8345612860E-02  3.9176735642E-05  5.8703082303E-01 -5.9270812139E-01  1.4088392600E-01
C31      -2.8859384400E-02 -7.7209042276E-06  3.7722487867E+01 -3.8087309969E+01  1.2046538900E-01
H32       8.0756033130E-02  2.3241805663E-05  5.8614104391E-01 -5.9180973704E-01  1.4045649459E-01
C33      -3.3653753800E-02 -1.5289764486E-04  3.7725033078E+01 -3.8089879795E+01  1.1227842871E-01
H34       4.3921838800E-02  2.2854320170E-05  5.9774263363E-01 -6.0352352816E-01  1.4849608421E-01
H35       4.4288428120E-02  2.2857464873E-05  5.9761059941E-01 -6.0339021702E-01  1.4842070938E-01
H36       4.4333580230E-02  2.3874704409E-05  5.9752508039E-01 -6.0330387092E-01  1.4847181690E-01
H37       5.7526825850E-02  4.9038714562E-05  5.8879693290E-01 -5.9449131168E-01  1.3892152095E-01
H38       4.0628669680E-02  2.4286854899E-05  5.9427312347E-01 -6.0002046364E-01  1.5006340845E-01
--------------------------------------------------------------------------------------------------
Total     4.1178925000E-04  1.0818252649E-03  9.0567605812E+02 -9.1443504146E+02
 
1st Largest |L(A)| = 3.6544625116E-04, atom C9      
2nd Largest |L(A)| = 2.9233861017E-04, atom C10     
 
Molecular charge q(Mol) from the wfn file:   0.0000000000E+00
Molecular energy E(Mol) from the wfn file:  -9.1443466734E+02
Molecular virial ratio (-V(Mol)/T(Mol)) from the wfn file:   2.0096712100E+00
Note.  K_Scaled(A) = (1+V(Mol)/T(Mol))*K(A) = (E(Mol)/T(Mol))*K(A)
       Only use K_Scaled(A) data with caution.
 
N_AIMInt(SumA)     =        151.999588
N_Analytic(Mol)    =        151.999978
 
G_AIMInt(SumA)     =        905.674976
G_Analytic(Mol)    =        905.675630
 
K_AIMInt(SumA)     =        905.676058
K_Analytic(Mol)    =        905.675630
 
L_AIMInt(SumA)     =          0.001082
L_Analytic(Mol)    =          0.000000
 
VenT_AIMInt(SumA)  =      -5314.473398
VenT_Analytic(Mol) =      -5314.483172
 
Some Information About the Atomic Calculations:
----------------------------------------------
  Time(sec) = "Elapsed User Time", in Seconds, for Atom A by AIMInt and, if used, by TWOe
  NProc = Number of Processors Used for AIMInt Job
  BIM = Basin Integration Method
  OAQ = Angular Quadrature Outside of Beta Sphere
  ORQ = Multiple of Default for Radial Quadrature Outside of Beta Sphere
  IAQ = Multiple of Default for Angular Quadrature Inside of Beta Sphere
  IRQ = Multiple of Default for Radial Quadrature Inside of Beta Sphere
  MIR = Maximum Integration Radius
------------------------------------------------------------------------------------------------------
Atom A     Time(sec)   NProc      BIM          OAQ                     ORQ      IAQ      IRQ      MIR
------------------------------------------------------------------------------------------------------
C1            200        8    Promega(1)    4500(GS4)                  1.00     1.00     1.00    13.00
C2            161        8    Promega(1)    4500(GS4)                  1.00     1.00     1.00    13.00
N3             64        8     Proaim(5)    4500(GS4)                  1.00     1.00     1.00    13.00
N4            158        8    Promega(1)    4500(GS4)                  1.00     1.00     1.00    13.00
N5            155        8    Promega(1)    4500(GS4)                  1.00     1.00     1.00    13.00
N6             63        8     Proaim(5)    4500(GS4)                  1.00     1.00     1.00    13.00
C7            205        8    Promega(1)    4500(GS4)                  1.00     1.00     1.00    13.00
C8            206        8    Promega(1)    4500(GS4)                  1.00     1.00     1.00    13.00
C9            146        8    Promega(1)    4500(GS4)                  1.00     1.00     1.00    13.00
C10           143        8    Promega(1)    4500(GS4)                  1.00     1.00     1.00    13.00
H11             9        8     Proaim(5)    1800(GS4)                  1.00     1.00     1.00    13.00
H12           135        8    Promega(1)    4500(GS4)                  1.00     1.00     1.00    13.00
H13             9        8     Proaim(5)    1800(GS4)                  1.00     1.00     1.00    13.00
H14             9        8     Proaim(5)    1800(GS4)                  1.00     1.00     1.00    13.00
C15           122        8     Proaim(5)    4500(GS4)                  1.00     1.00     1.00    13.00
C16            67        8     Proaim(5)    4500(GS4)                  1.00     1.00     1.00    13.00
C17            63        8     Proaim(5)    4500(GS4)                  1.00     1.00     1.00    13.00
C18            25        8     Proaim(5)    4500(GS4)                  1.00     1.00     1.00    13.00
H19            23        8     Proaim(5)    1800(GS4)                  1.00     1.00     1.00    13.00
C20            26        8     Proaim(5)    4500(GS4)                  1.00     1.00     1.00    13.00
H21            23        8     Proaim(5)    1800(GS4)                  1.00     1.00     1.00    13.00
C22            26        8     Proaim(5)    4500(GS4)                  1.00     1.00     1.00    13.00
H23             8        8     Proaim(5)    1800(GS4)                  1.00     1.00     1.00    13.00
H24             8        8     Proaim(5)    1800(GS4)                  1.00     1.00     1.00    13.00
H25             8        8     Proaim(5)    1800(GS4)                  1.00     1.00     1.00    13.00
C26           119        8     Proaim(5)    4500(GS4)                  1.00     1.00     1.00    13.00
C27            59        8     Proaim(5)    4500(GS4)                  1.00     1.00     1.00    13.00
C28            63        8     Proaim(5)    4500(GS4)                  1.00     1.00     1.00    13.00
C29            26        8     Proaim(5)    4500(GS4)                  1.00     1.00     1.00    13.00
H30            22        8     Proaim(5)    1800(GS4)                  1.00     1.00     1.00    13.00
C31            25        8     Proaim(5)    4500(GS4)                  1.00     1.00     1.00    13.00
H32            23        8     Proaim(5)    1800(GS4)                  1.00     1.00     1.00    13.00
C33            26        8     Proaim(5)    4500(GS4)                  1.00     1.00     1.00    13.00
H34             8        8     Proaim(5)    1800(GS4)                  1.00     1.00     1.00    13.00
H35             8        8     Proaim(5)    1800(GS4)                  1.00     1.00     1.00    13.00
H36             8        8     Proaim(5)    1800(GS4)                  1.00     1.00     1.00    13.00
H37           137        8    Promega(1)    4500(GS4)                  1.00     1.00     1.00    13.00
H38             9        8     Proaim(5)    1800(GS4)                  1.00     1.00     1.00    13.00
------------------------------------------------------------------------------------------------------
Total        2595
Note:  Total wall clock time is less than total of atomic times if more than one atom
       was calculated at a time
 
Electron Density Critical Point Analysis of Molecular Structure:               
---------------------------------------------------------------                
  NACP = Nuclear Attractor Critical Point                                      
  NNACP = Non-Nuclear Attractor Critical Point                                 
  BCP = Bond Critical Point                                                    
  RCP = Ring Critical Point                                                    
  CCP = Cage Critical Point                                                    
  Rho = Electron Density                                                       
  GradRho = Gradient of Electron Density                                       
  HessRho_EigVals = Eigenvalues of the Hessian of Rho, Ascending Order         
  HessRho_EigVecs = Eigenvectors of the Hessian of Rho                         
  DelSqRho = Laplacian of Rho = Trace of Hessian of Rho                        
  Bond Ellipticity = (HessRho_EigVal(1) / HessRho_EigVal(2)) - 1               
  V = Virial Field = Potential Energy Density = Trace of Stress Tensor         
  G = Lagrangian Form of Kinetic Energy Density                                
  K = Hamiltonian Form of Kinetic Energy Density                               
  L = K - G = Lagrangian Density = (-1/4)DelSqRho                              
  Vnuc = Electrostatic Potential from Nuclei                                   
  Ven = Electron-nuclear attractive contribution to Virial Field V             
  Vrep = V - Ven = Repulsive contribution to Virial Field V                    
  DelSqV = Laplacian of V                                                      
  DelSqVen = Laplacian of Ven                                                  
  DelSqVrep = Laplacian of Vrep                                                
  DelSqG = Laplacian of G                                                      
  DelSqK = Laplacian of K                                                      
  Stress_EigVals = Eigenvalues of Stress Tensor, Ascending Order               
  Stress_EigVecs = Eigenvectors of Stress Tensor                               
  -DivStress = Ehrenfest Force Density = Minus Divergence of Stress Tensor     
  ESP = Total Electrostatic Potential                                          
  ESPe = Electrostatic Potential from Electrons                                
  ESPn = Electrostatic Potential from Nuclei                                   
  BP = Bond Path                                                               
  BPL = Bond Path Length                                                       
  GBL = Geometric Bond Length                                                  
  GBL_I = Distance Between Nuclear Attractors                                  
  GBL_II = Distance Between Nuclei                                             
  GBL_III = Sum of Distances Between BCP and Nuclear Attractors                
  GBL_IV = Sum of Distances Between BCP and Nuclei                             

CP# 1      Coords = -2.44956253985522E+00 -1.34370964077036E+00  4.15718314489819E-02
           Type = (3,-3) NACP C1
           Rho =  1.1761054899E+02     Rho at Nucleus =  1.1761054884E+02
           GradRho =  6.8518002383E-10  1.4881675753E-11 -1.8771066299E-11
           HessRho_EigVals = -1.4488265951E+05 -1.4488169186E+05 -1.4488119476E+05
           HessRho_EigVec1 =  5.1426377489E-03  9.9993484973E-01  1.0190661527E-02
           HessRho_EigVec2 =  1.1667373298E-02 -1.0250101370E-02  9.9987939664E-01
           HessRho_EigVec3 =  9.9991870953E-01 -5.0231192773E-03 -1.1719325724E-02
           DelSqRho = -4.3464554613E+05
           Bond Ellipticity = NA
           V = -1.0867170521E+05
           G =  5.1593386051E+00
           K =  1.0866654587E+05
           L =  1.0866138653E+05
           Vnuc =  4.0795051205E+06
           Ven = -4.7979283684E+08
           Vrep =  4.7968416514E+08
           DelSqV =  2.4931187460E+09
           DelSqVen =  1.7731388047E+12
           DelSqVrep = -1.7706456860E+12
           DelSqG =  1.3387888874E+08
           DelSqK = -2.6269976347E+09
           Stress_EigVals = -3.6224171363E+04 -3.6224022528E+04 -3.6223511318E+04
           Stress_EigVec1 =  9.9989166902E-01 -8.2691479697E-03 -1.2176674837E-02
           Stress_EigVec2 =  1.2128156913E-02 -5.8923598970E-03  9.9990908982E-01
           Stress_EigVec3 =  8.3401455704E-03  9.9994844931E-01  5.7914320478E-03
           -DivStress = -1.1965242319E+03 -1.8151714551E+01  3.1244383920E+01
           ESP =  -1.4650294562E+01     ESP at Nucleus =  -1.4650294574E+01
           ESPe = -4.0258170671E+01     ESPe at Nucleus = -4.0258169474E+01
           ESPn =  2.5607876109E+01     ESPn at Nucleus =  2.5607874900E+01

CP# 2      Coords =  2.44922395980051E+00 -1.34379810058615E+00 -4.15925221062040E-02
           Type = (3,-3) NACP C2
           Rho =  1.1761055093E+02     Rho at Nucleus =  1.1761055077E+02
           GradRho = -6.6389471698E-10  1.0759757668E-11  1.8424475704E-11
           HessRho_EigVals = -1.4488266240E+05 -1.4488169474E+05 -1.4488119763E+05
           HessRho_EigVec1 = -5.1111112269E-03  9.9993556445E-01 -1.0136246052E-02
           HessRho_EigVec2 =  1.1827539021E-02  1.0196118967E-02  9.9987806681E-01
           HessRho_EigVec3 =  9.9991698949E-01  4.9906011671E-03 -1.1878890405E-02
           DelSqRho = -4.3464555477E+05
           Bond Ellipticity = NA
           V = -1.0867170738E+05
           G =  5.1593443313E+00
           K =  1.0866654804E+05
           L =  1.0866138869E+05
           Vnuc =  4.0793941145E+06
           Ven = -4.7977978925E+08
           Vrep =  4.7967111754E+08
           DelSqV =  2.4931187976E+09
           DelSqVen =  1.7730906685E+12
           DelSqVrep = -1.7705975497E+12
           DelSqG =  1.3387889189E+08
           DelSqK = -2.6269976895E+09
           Stress_EigVals = -3.6224172091E+04 -3.6224023252E+04 -3.6223512038E+04
           Stress_EigVec1 =  9.9988787164E-01  8.2355295236E-03 -1.2506806426E-02
           Stress_EigVec2 =  1.2458885331E-02  5.8446442421E-03  9.9990530367E-01
           Stress_EigVec3 = -8.3078474834E-03  9.9994900679E-01 -5.7413833737E-03
           -DivStress =  1.1965683246E+03 -1.8302354688E+01 -3.0711738449E+01
           ESP =  -1.4650294959E+01     ESP at Nucleus =  -1.4650294970E+01
           ESPe = -4.0258403849E+01     ESPe at Nucleus = -4.0258402652E+01
           ESPn =  2.5608108891E+01     ESPn at Nucleus =  2.5608107682E+01

CP# 3      Coords =  1.20221683241191E+00 -1.37052542286671E+00 -2.26690884757746E+00
           Type = (3,-3) NACP N3
           Rho =  1.9139314361E+02     Rho at Nucleus =  1.9139311196E+02
           GradRho = -1.4000745008E-12  2.4539776461E-11 -1.2008616324E-11
           HessRho_EigVals = -3.2208150916E+05 -3.2208025368E+05 -3.2207042031E+05
           HessRho_EigVec1 = -2.0960520966E-02  9.9948423567E-01 -2.4329389635E-02
           HessRho_EigVec2 =  9.2595816280E-01  2.8584362667E-02  3.7654271333E-01
           HessRho_EigVec3 = -3.7704394613E-01  1.4635465491E-02  9.2607972974E-01
           DelSqRho = -9.6623218314E+05
           Bond Ellipticity = NA
           V = -2.4159076398E+05
           G =  1.6359096789E+01
           K =  2.4157440488E+05
           L =  2.4155804579E+05
           Vnuc =  4.9932476543E+05
           Ven = -9.5567336538E+07
           Vrep =  9.5325745774E+07
           DelSqV =  7.5855173115E+09
           DelSqVen =  4.8246365824E+11
           DelSqVrep = -4.7487814093E+11
           DelSqG =  4.0658441694E+08
           DelSqK = -7.9921017284E+09
           Stress_EigVals = -8.0531796308E+04 -8.0529772501E+04 -8.0529195169E+04
           Stress_EigVec1 = -3.5121040227E-01  1.4791668500E-02  9.3617971559E-01
           Stress_EigVec2 =  9.3624078617E-01  1.6461846998E-02  3.5097321538E-01
           Stress_EigVec3 = -1.0219767786E-02  9.9975507707E-01 -1.9630135251E-02
           -DivStress =  1.9494267369E+04 -3.8817125249E+02 -2.8567676051E+04
           ESP =  -1.8302623173E+01     ESP at Nucleus =  -1.8302624625E+01
           ESPe = -4.1983164215E+01     ESPe at Nucleus = -4.1983135722E+01
           ESPn =  2.3680541042E+01     ESPn at Nucleus =  2.3680511097E+01

CP# 4      Coords = -1.27696124431235E+00 -1.36317800350466E+00 -2.22482357349393E+00
           Type = (3,-3) NACP N4
           Rho =  1.9138391461E+02     Rho at Nucleus =  1.9138388364E+02
           GradRho = -1.9504953208E-12 -2.3973914867E-11  1.2201351041E-11
           HessRho_EigVals = -3.2206603079E+05 -3.2206482541E+05 -3.2205507116E+05
           HessRho_EigVec1 =  1.6485377634E-02  9.9965054003E-01 -2.0664707701E-02
           HessRho_EigVec2 =  9.1314505062E-01 -2.3471421465E-02 -4.0695848549E-01
           HessRho_EigVec3 =  4.0730129985E-01  1.2161011245E-02  9.1321287822E-01
           DelSqRho = -9.6618592736E+05
           Bond Ellipticity = NA
           V = -2.4157922295E+05
           G =  1.6370556740E+01
           K =  2.4156285240E+05
           L =  2.4154648184E+05
           Vnuc =  5.0479869744E+05
           Ven = -9.6610350806E+07
           Vrep =  9.6368771583E+07
           DelSqV =  7.5851565224E+09
           DelSqVen =  4.8772939770E+11
           DelSqVrep = -4.8014424117E+11
           DelSqG =  4.0656520952E+08
           DelSqK = -7.9917217320E+09
           Stress_EigVals = -8.0527935786E+04 -8.0525925699E+04 -8.0525361469E+04
           Stress_EigVec1 =  3.8183639009E-01  1.2098972174E-02  9.2415073774E-01
           Stress_EigVec2 =  9.2420522518E-01 -1.2310034346E-02 -3.8169774012E-01
           Stress_EigVec3 =  6.7581769860E-03  9.9985102787E-01 -1.5882352379E-02
           -DivStress = -2.0228888157E+04 -1.1334608837E+02 -2.7589699103E+04
           ESP =  -1.8301808578E+01     ESP at Nucleus =  -1.8301810000E+01
           ESPe = -4.2030271640E+01     ESPe at Nucleus = -4.2030243928E+01
           ESPn =  2.3728463061E+01     ESPn at Nucleus =  2.3728433928E+01

CP# 5      Coords =  1.27665527439375E+00 -1.36331493287887E+00  2.22475313342214E+00
           Type = (3,-3) NACP N5
           Rho =  1.9138390880E+02     Rho at Nucleus =  1.9138387784E+02
           GradRho =  1.7607026948E-11 -1.5838868411E-11 -5.7470639359E-11
           HessRho_EigVals = -3.2206602115E+05 -3.2206481636E+05 -3.2205506199E+05
           HessRho_EigVec1 = -1.6473745329E-02  9.9964954661E-01  2.0721961370E-02
           HessRho_EigVec2 =  9.1316136902E-01  2.3483622391E-02 -4.0692116388E-01
           HessRho_EigVec3 =  4.0726518369E-01 -1.2218978991E-02  9.1322821173E-01
           DelSqRho = -9.6618589951E+05
           Bond Ellipticity = NA
           V = -2.4157921599E+05
           G =  1.6370554933E+01
           K =  2.4156284543E+05
           L =  2.4154647488E+05
           Vnuc =  5.0479826391E+05
           Ven = -9.6610264904E+07
           Vrep =  9.6368685688E+07
           DelSqV =  7.5851563666E+09
           DelSqVen =  4.8772896493E+11
           DelSqVrep = -4.8014380850E+11
           DelSqG =  4.0656519872E+08
           DelSqK = -7.9917215653E+09
           Stress_EigVals = -8.0527933445E+04 -8.0525923308E+04 -8.0525359234E+04
           Stress_EigVec1 =  3.8178453884E-01 -1.2157731713E-02  9.2417138857E-01
           Stress_EigVec2 =  9.2422684706E-01  1.2303510023E-02 -3.8164559321E-01
           Stress_EigVec3 = -6.7306072101E-03  9.9985039541E-01  1.5933791949E-02
           -DivStress =  2.0228684362E+04 -1.1488883011E+02  2.7589873641E+04
           ESP =  -1.8301812739E+01     ESP at Nucleus =  -1.8301814161E+01
           ESPe = -4.2030374524E+01     ESPe at Nucleus = -4.2030346813E+01
           ESPn =  2.3728561785E+01     ESPn at Nucleus =  2.3728532653E+01

CP# 6      Coords = -1.20258543255673E+00 -1.37059767250029E+00  2.26683560756024E+00
           Type = (3,-3) NACP N6
           Rho =  1.9139313007E+02     Rho at Nucleus =  1.9139309842E+02
           GradRho = -1.6331380692E-11  1.7237399008E-11  3.9831138388E-11
           HessRho_EigVals = -3.2208148544E+05 -3.2208023049E+05 -3.2207039693E+05
           HessRho_EigVec1 =  2.1010767749E-02  9.9948202677E-01  2.4376747160E-02
           HessRho_EigVec2 =  9.2597086391E-01 -2.8648204597E-02  3.7650662618E-01
           HessRho_EigVec3 = -3.7700995587E-01 -1.4661464349E-02  9.2609315657E-01
           DelSqRho = -9.6623211286E+05
           Bond Ellipticity = NA
           V = -2.4159074644E+05
           G =  1.6359111666E+01
           K =  2.4157438733E+05
           L =  2.4155802821E+05
           Vnuc =  4.9932701781E+05
           Ven = -9.5567760868E+07
           Vrep =  9.5326170122E+07
           DelSqV =  7.5855167766E+09
           DelSqVen =  4.8246579923E+11
           DelSqVrep = -4.7488028246E+11
           DelSqG =  4.0658438678E+08
           DelSqK = -7.9921011634E+09
           Stress_EigVals = -8.0531790457E+04 -8.0529766586E+04 -8.0529189394E+04
           Stress_EigVec1 = -3.5116173570E-01 -1.4818770076E-02  9.3619754295E-01
           Stress_EigVec2 =  9.3625858759E-01 -1.6515174910E-02  3.5092321976E-01
           Stress_EigVec3 =  1.0261215664E-02  9.9975379622E-01  1.9673698228E-02
           -DivStress = -1.9493906032E+04 -3.8907608464E+02  2.8567713175E+04
           ESP =  -1.8302627540E+01     ESP at Nucleus =  -1.8302628992E+01
           ESPe = -4.1983023454E+01     ESPe at Nucleus = -4.1982994961E+01
           ESPn =  2.3680395913E+01     ESPn at Nucleus =  2.3680365969E+01

CP# 7      Coords =  3.36415399320620E-01  5.38602442792696E+00  1.09311808568672E+00
           Type = (3,-3) NACP C7
           Rho =  1.1784900053E+02     Rho at Nucleus =  1.1784899978E+02
           GradRho =  2.1573495212E-09 -1.4089021616E-10  6.9211520959E-09
           HessRho_EigVals = -1.4524060038E+05 -1.4524056075E+05 -1.4524016889E+05
           HessRho_EigVec1 =  3.9024301126E-02  9.9873230680E-01  3.1794390638E-02
           HessRho_EigVec2 =  9.5452225182E-01 -2.7847135123E-02 -2.9683633175E-01
           HessRho_EigVec3 =  2.9557465166E-01 -4.1932283743E-02  9.5439892544E-01
           DelSqRho = -4.3572133003E+05
           Bond Ellipticity = NA
           V = -1.0894049486E+05
           G =  5.0811749874E+00
           K =  1.0893541368E+05
           L =  1.0893033251E+05
           Vnuc =  1.8618542420E+06
           Ven = -2.1941766157E+08
           Vrep =  2.1930872107E+08
           DelSqV =  2.4993307918E+09
           DelSqVen =  8.1124961075E+11
           DelSqVrep = -8.0875027586E+11
           DelSqG =  1.3427516606E+08
           DelSqK = -2.6336059578E+09
           Stress_EigVals = -3.6313944652E+04 -3.6313279211E+04 -3.6313270994E+04
           Stress_EigVec1 =  2.9457136931E-01 -5.6757230304E-03  9.5561262787E-01
           Stress_EigVec2 =  9.5456583246E-01 -4.5419726215E-02 -2.9451845439E-01
           Stress_EigVec3 =  4.5075269100E-02  9.9895186803E-01 -7.9614996656E-03
           -DivStress = -7.8477224544E+02  5.7249417321E+01 -2.5165480682E+03
           ESP =  -1.4768229659E+01     ESP at Nucleus =  -1.4768229729E+01
           ESPe = -3.5239848860E+01     ESPe at Nucleus = -3.5239851006E+01
           ESPn =  2.0471619202E+01     ESPn at Nucleus =  2.0471621277E+01

CP# 8      Coords = -3.35033939361362E-01  5.38611203802869E+00 -1.09276205571619E+00
           Type = (3,-3) NACP C8
           Rho =  1.1784899936E+02     Rho at Nucleus =  1.1784899860E+02
           GradRho = -2.1526872507E-09 -2.2232392056E-10 -6.9131464997E-09
           HessRho_EigVals = -1.4524060009E+05 -1.4524056048E+05 -1.4524016862E+05
           HessRho_EigVec1 = -3.8820115792E-02  9.9873974407E-01 -3.1810725136E-02
           HessRho_EigVec2 =  9.5451941161E-01  2.7645927292E-02 -2.9686427128E-01
           HessRho_EigVec3 =  2.9561070933E-01  4.1888260026E-02  9.5438969096E-01
           DelSqRho = -4.3572132920E+05
           Bond Ellipticity = NA
           V = -1.0894049465E+05
           G =  5.0811734516E+00
           K =  1.0893541347E+05
           L =  1.0893033230E+05
           Vnuc =  1.8618323012E+06
           Ven = -2.1941507367E+08
           Vrep =  2.1930613317E+08
           DelSqV =  2.4993307940E+09
           DelSqVen =  8.1124007936E+11
           DelSqVrep = -8.0874074857E+11
           DelSqG =  1.3427516689E+08
           DelSqK = -2.6336059609E+09
           Stress_EigVals = -3.6313944580E+04 -3.6313279138E+04 -3.6313270927E+04
           Stress_EigVec1 =  2.9457419411E-01  5.6105998523E-03  9.5561214168E-01
           Stress_EigVec2 =  9.5457437387E-01  4.5230745218E-02 -2.9451985407E-01
           Stress_EigVec3 = -4.4875482358E-02  9.9896081047E-01  7.9680754809E-03
           -DivStress =  7.8480472001E+02  5.7164933021E+01  2.5165720467E+03
           ESP =  -1.4768229002E+01     ESP at Nucleus =  -1.4768229073E+01
           ESPe = -3.5239874055E+01     ESPe at Nucleus = -3.5239876201E+01
           ESPn =  2.0471645053E+01     ESPn at Nucleus =  2.0471647128E+01

CP# 9      Coords = -1.15099530220561E+00  5.39148699959581E+00 -3.73223777471623E+00
           Type = (3,-3) NACP C9
           Rho =  1.1747509292E+02     Rho at Nucleus =  1.1747509247E+02
           GradRho =  1.0662397493E-09  3.0666656194E-10  3.4388041165E-09
           HessRho_EigVals = -1.4475376639E+05 -1.4475311988E+05 -1.4475306219E+05
           HessRho_EigVec1 =  2.9551689659E-01 -3.2650209991E-02  9.5477941307E-01
           HessRho_EigVec2 =  9.5305139927E-01 -5.9023396514E-02 -2.9700045289E-01
           HessRho_EigVec3 =  6.6051451035E-02  9.9772250774E-01  1.3674917354E-02
           DelSqRho = -4.3425994845E+05
           Bond Ellipticity = NA
           V = -1.0857554359E+05
           G =  5.2782397612E+00
           K =  1.0857026535E+05
           L =  1.0856498711E+05
           Vnuc =  2.3992729431E+06
           Ven = -2.8185481194E+08
           Vrep =  2.8174623639E+08
           DelSqV =  2.4909636646E+09
           DelSqVen =  1.0419081216E+12
           DelSqVrep = -1.0394171743E+12
           DelSqG =  1.3379836945E+08
           DelSqK = -2.6247620341E+09
           Stress_EigVals = -3.6191917941E+04 -3.6191901066E+04 -3.6191724585E+04
           Stress_EigVec1 =  6.7308913077E-02  9.9768345871E-01  9.8603466160E-03
           Stress_EigVec2 =  9.5279897575E-01 -6.1342086390E-02 -2.9734031050E-01
           Stress_EigVec3 =  2.9604665516E-01 -2.9408581270E-02  9.5472064674E-01
           -DivStress = -6.0402401556E+02 -1.8683213071E+02 -1.9177683589E+03
           ESP =  -1.4729052889E+01     ESP at Nucleus =  -1.4729052914E+01
           ESPe = -3.2987729507E+01     ESPe at Nucleus = -3.2987726355E+01
           ESPn =  1.8258676618E+01     ESPn at Nucleus =  1.8258673442E+01

CP# 10     Coords =  1.15239575224709E+00  5.39122822980974E+00  3.73258793469595E+00
           Type = (3,-3) NACP C10
           Rho =  1.1747509293E+02     Rho at Nucleus =  1.1747509248E+02
           GradRho = -1.0672398035E-09  3.7151001719E-10 -3.4034889629E-09
           HessRho_EigVals = -1.4475376770E+05 -1.4475312120E+05 -1.4475306348E+05
           HessRho_EigVec1 =  2.9553957940E-01  3.2603250748E-02  9.5477399684E-01
           HessRho_EigVec2 =  9.5307783273E-01  5.8530266940E-02 -2.9701321959E-01
           HessRho_EigVec3 = -6.5566773377E-02  9.9775309365E-01 -1.3775425089E-02
           DelSqRho = -4.3425995238E+05
           Bond Ellipticity = NA
           V = -1.0857554458E+05
           G =  5.2782423567E+00
           K =  1.0857026634E+05
           L =  1.0856498810E+05
           Vnuc =  2.3992475114E+06
           Ven = -2.8185182436E+08
           Vrep =  2.8174324882E+08
           DelSqV =  2.4909636971E+09
           DelSqVen =  1.0418971443E+12
           DelSqVrep = -1.0394061642E+12
           DelSqG =  1.3379837186E+08
           DelSqK = -2.6247620689E+09
           Stress_EigVals = -3.6191918274E+04 -3.6191901393E+04 -3.6191724912E+04
           Stress_EigVec1 = -6.6763440246E-02  9.9771903932E-01 -9.9680303902E-03
           Stress_EigVec2 =  9.5283115118E-01  6.0788940936E-02 -2.9735080630E-01
           Stress_EigVec3 =  2.9606661479E-01  2.9350012660E-02  9.5471625961E-01
           -DivStress =  6.0398985507E+02 -1.8700523668E+02  1.9177849432E+03
           ESP =  -1.4729054122E+01     ESP at Nucleus =  -1.4729054146E+01
           ESPe = -3.2987610855E+01     ESPe at Nucleus = -3.2987607703E+01
           ESPn =  1.8258556733E+01     ESPn at Nucleus =  1.8258553557E+01

CP# 11     Coords = -2.84020353803441E+00  6.50613481855580E+00 -3.98225036962607E+00
           Type = (3,-3) NACP H11
           Rho =  4.2068836898E-01     Rho at Nucleus =  4.1723631847E-01
           GradRho =  3.4050453429E-15 -3.0184188482E-16  1.3977534408E-15
           HessRho_EigVals = -6.4047227058E+00 -6.4027196776E+00 -5.8353068748E+00
           HessRho_EigVec1 = -3.6913586341E-02  1.7432258027E-01  9.8399645586E-01
           HessRho_EigVec2 =  5.5864051255E-01  8.2003988636E-01 -1.2431959830E-01
           HessRho_EigVec3 =  8.2858805500E-01 -5.4511120222E-01  1.2765426874E-01
           DelSqRho = -1.8642749258E+01
           Bond Ellipticity = NA
           V = -4.6703300027E+00
           G =  4.8213440553E-03
           K =  4.6655086586E+00
           L =  4.6606873146E+00
           Vnuc =  4.7573133097E+01
           Ven = -2.0013463770E+01
           Vrep =  1.5343133768E+01
           DelSqV =  7.0280943171E+02
           DelSqVen =  8.8689399176E+02
           DelSqVrep = -1.8408456005E+02
           DelSqG =  6.9197167635E+01
           DelSqK = -7.7200659935E+02
           Stress_EigVals = -1.6047633191E+00 -1.6047109551E+00 -1.4608557285E+00
           Stress_EigVec1 =  3.4356008409E-02  2.7705867470E-01  9.6023859299E-01
           Stress_EigVec2 =  5.5874773141E-01  7.9129390561E-01 -2.4830410305E-01
           Stress_EigVec3 =  8.2862575228E-01 -5.4506187329E-01  1.2762020588E-01
           -DivStress = -6.2913875304E+00  4.1409010034E+00 -9.4857933069E-01
           ESP =  -1.1108111158E+00     ESP at Nucleus =  -1.1130720570E+00
           ESPe = -1.9248452648E+01     ESPe at Nucleus = -1.9162683005E+01
           ESPn =  1.8137641532E+01     ESPn at Nucleus =  1.8049610948E+01

CP# 12     Coords = -1.55180592328512E+00  3.50231947665649E+00 -4.38317583713122E+00
           Type = (3,-3) NACP H12
           Rho =  4.1894986261E-01     Rho at Nucleus =  4.1540243076E-01
           GradRho =  9.3110752615E-11  4.3892887935E-10  1.5233223667E-10
           HessRho_EigVals = -6.3736847806E+00 -6.3718657329E+00 -5.7968010154E+00
           HessRho_EigVec1 =  2.4710415950E-01 -3.6617666252E-01  8.9713665970E-01
           HessRho_EigVec2 =  9.4869952793E-01 -9.7046683745E-02 -3.0091717612E-01
           HessRho_EigVec3 =  1.9725298494E-01  9.2547101143E-01  3.2341098766E-01
           DelSqRho = -1.8542351529E+01
           Bond Ellipticity = NA
           V = -4.6452421382E+00
           G =  4.8271279668E-03
           K =  4.6404150102E+00
           L =  4.6355878822E+00
           Vnuc =  4.9844516755E+01
           Ven = -2.0882353447E+01
           Vrep =  1.6237111309E+01
           DelSqV =  6.9851354035E+02
           DelSqVen =  9.2423455225E+02
           DelSqVrep = -2.2572101190E+02
           DelSqG =  6.8744202715E+01
           DelSqK = -7.6725774307E+02
           Stress_EigVals = -1.5970021962E+00 -1.5969418484E+00 -1.4512980936E+00
           Stress_EigVec1 =  2.3110707459E-01 -3.6444303640E-01  9.0209245274E-01
           Stress_EigVec2 =  9.5273095166E-01 -1.0317133326E-01 -2.8576110607E-01
           Stress_EigVec3 =  1.9721372625E-01  9.2549281424E-01  3.2337253588E-01
           -DivStress = -1.5062671650E+00 -7.1138918982E+00 -2.4608929220E+00
           ESP =  -1.1121316968E+00     ESP at Nucleus =  -1.1144504103E+00
           ESPe = -2.2003182639E+01     ESPe at Nucleus = -2.1960900954E+01
           ESPn =  2.0891050942E+01     ESPn at Nucleus =  2.0846450544E+01

CP# 13     Coords = -2.84455213851738E-01  6.17207002160170E+00  4.95072511501375E+00
           Type = (3,-3) NACP H13
           Rho =  4.2059678377E-01     Rho at Nucleus =  4.1714164829E-01
           GradRho =  2.5196858489E-16  2.4932313158E-15  2.1494308070E-15
           HessRho_EigVals = -6.4031067904E+00 -6.4011393702E+00 -5.8334601798E+00
           HessRho_EigVec1 =  6.1519596926E-01 -1.0136244937E-01  7.8183091092E-01
           HessRho_EigVec2 =  3.5926829560E-01  9.1878653114E-01 -1.6357751057E-01
           HessRho_EigVec3 =  7.0175509345E-01 -3.8151928397E-01 -6.0165008499E-01
           DelSqRho = -1.8637706340E+01
           Bond Ellipticity = NA
           V = -4.6690573839E+00
           G =  4.8153993973E-03
           K =  4.6642419845E+00
           L =  4.6594265851E+00
