AIMSum (Version 19.02.13, Professional)
Copyright (c) 1997-2019 by Todd A. Keith
AIMSum is a component of the AIMAll package ( http://aim.tkgristmill.com )

TP:  64-bit Linux

Much of the Quantum Theory of Atoms in Molecules (QTAIM) is described in the book:
  "Atoms in Molecules - A Quantum Theory"
  R.F.W. Bader, Oxford University Press, Oxford, 1990

For additional references see:  http://aim.tkgristmill.com/references.html

Wfn File:  /home/mhennefarth/Documents/ML_Diels/summary-liu2014/3_9-opt/3_9-opt.wfn
Sum File:  /home/mhennefarth/Documents/ML_Diels/summary-liu2014/3_9-opt/3_9-opt.sum

SumViz File:  /home/mhennefarth/Documents/ML_Diels/summary-liu2014/3_9-opt/3_9-opt.sumviz

Wfn Title:   Title Card Required                                                           
 
Total memory allocated for AIMSum =        2.556 Megabytes

Atomic units (a.u.) used throughout, except where stated otherwise

Model:  Restricted SCF
 
Restricted, closed-shell, single-determinant wavefunction.
  Number of electrons (from MO Occs)                   =         154.0000000000
  Number of Alpha electrons (from MO Occs)             =          77.0000000000
  Number of Beta electrons (from MO Occs)              =          77.0000000000
  Number of electron pairs (N*(N-1)/2)                 =       11781.0000000000
  Number of electron pairs (from Muller 2EDM)          =       11781.0000000000
 
Nuclear Charges and Cartesian Coordinates:
-------------------------------------------------------------------------------
Atom      Charge                X                  Y                  Z
-------------------------------------------------------------------------------
C1         6.0           2.4449038000E+00  -1.4797719700E+00   3.0424210000E-02
C2         6.0          -2.4510165200E+00  -1.4775076000E+00  -2.9462930000E-02
C3         6.0          -9.6770224000E-01   5.3389655100E+00   7.9640684000E-01
H4         1.0          -2.8780348000E+00   5.3388717600E+00   1.4932060000E-02
C5         6.0           9.9075652000E-01   5.3410771500E+00  -7.9914042000E-01
H6         1.0           2.9010969700E+00   5.3472086500E+00  -1.7714770000E-02
N7         7.0          -1.2695523500E+00  -1.5241163600E+00   2.2317782800E+00
N8         7.0           1.2095694400E+00  -1.5296448700E+00   2.2621819300E+00
N9         7.0          -1.2156636500E+00  -1.5306811400E+00  -2.2612652000E+00
N10        7.0           1.2633409800E+00  -1.5275343600E+00  -2.2308660600E+00
C11        6.0           7.9915913000E-01   5.3348487300E+00  -3.6319086700E+00
H12        1.0           1.7009451400E+00   3.6503945600E+00  -4.4419878400E+00
H13        1.0          -1.1739694000E+00   5.3597441800E+00  -4.2571963100E+00
C14        6.0          -7.7614682000E-01   5.3356559600E+00   3.6291946300E+00
H15        1.0          -1.6720892200E+00   3.6486437400E+00   4.4403979900E+00
H16        1.0           1.1969040300E+00   5.3678344700E+00   4.2544427400E+00
C17        6.0          -5.2376938000E+00  -1.4103451300E+00  -6.3727220000E-02
C18        6.0          -6.6076949700E+00  -1.4214028700E+00   2.2106131200E+00
C19        6.0          -6.5465563000E+00  -1.3334242000E+00  -2.3725721600E+00
C20        6.0          -9.2377514600E+00  -1.3540014900E+00   2.1691990400E+00
H21        1.0          -5.5916316800E+00  -1.4873357200E+00   3.9884275600E+00
C22        6.0          -9.1767655300E+00  -1.2664774000E+00  -2.3985742000E+00
H23        1.0          -5.4822152400E+00  -1.3281365100E+00  -4.1231880600E+00
C24        6.0          -1.0530045840E+01  -1.2762149300E+00  -1.3167131000E-01
H25        1.0          -1.0281955930E+01  -1.3641999500E+00   3.9370017000E+00
H26        1.0          -1.0173497600E+01  -1.2066666900E+00  -4.1926088900E+00
H27        1.0          -1.2582816310E+01  -1.2240789700E+00  -1.5806968000E-01
C28        6.0           5.2316387700E+00  -1.4150976700E+00   6.4494200000E-02
C29        6.0           6.6015663500E+00  -1.4301106000E+00  -2.2098608800E+00
C30        6.0           6.5406325300E+00  -1.3364973900E+00   2.3732120700E+00
C31        6.0           9.2316895800E+00  -1.3648663400E+00  -2.1685913700E+00
H32        1.0           5.5854159200E+00  -1.4974012100E+00  -3.9875739900E+00
C33        6.0           9.1708914200E+00  -1.2717372700E+00   2.3990719200E+00
H34        1.0           5.4763300300E+00  -1.3281364100E+00   4.1238383500E+00
C35        6.0           1.0524107570E+01  -1.2853498200E+00   1.3214150000E-01
H36        1.0           1.0275836090E+01  -1.3781176100E+00  -3.9364091600E+00
H37        1.0           1.0167724280E+01  -1.2105549900E+00   4.1930042700E+00
H38        1.0           1.2576921070E+01  -1.2348808900E+00   1.5843030000E-01
H39        1.0           1.7557092100E+00   6.9830279000E+00  -4.4557357900E+00
H40        1.0          -1.7383666600E+00   6.9811647400E+00   4.4517166100E+00
 
Some Atomic Properties:
----------------------
  q(A) = Net Charge of Atom A
  L(A) = Lagrangian of Atom A = -(1/4) Times Atomic Integral of the Laplacian of the Electron Density
  K(A) = Electronic Kinetic Energy of Atom A (Hamiltonian Form)
  K_Scaled(A) = K(A) * E(Mol)/K(Mol) = Approximation to Virial-Based Total Energy of Atom A.
  |Mu_Intra(A)| = Magnitude of Intraatomic Dipole Moment of Atom A
--------------------------------------------------------------------------------------------------
Atom A          q(A)              L(A)              K(A)          K_Scaled(A)      |Mu_Intra(A)|
--------------------------------------------------------------------------------------------------
C1        9.9736881870E-01 -1.1583180020E-04  3.7167649204E+01 -3.7528475344E+01  5.9721334677E-01
C2        9.9727299730E-01 -1.3426698684E-04  3.7167702904E+01 -3.7528529566E+01  5.9729057051E-01
C3       -5.5151104800E-02 -8.2389905425E-06  3.7708541984E+01 -3.8074619149E+01  6.4370268002E-02
H4        2.0572568870E-02  2.7096795322E-05  6.0516320184E-01 -6.1103816857E-01  1.5560343676E-01
C5       -5.5148701000E-02 -5.8568431140E-05  3.7708508031E+01 -3.8074584867E+01  6.3883552595E-02
H6        2.0597397170E-02  2.2848454922E-05  6.0515040658E-01 -6.1102524908E-01  1.5561124606E-01
N7       -5.8112040080E-01 -1.9562712163E-04  5.4566366949E+01 -5.5096101059E+01  6.5410812393E-01
N8       -5.7641949000E-01  2.0199735403E-05  5.4567365429E+01 -5.5097109233E+01  6.5275421098E-01
N9       -5.7620937620E-01  7.5023039724E-05  5.4567234568E+01 -5.5096977101E+01  6.5272766829E-01
N10      -5.8073425630E-01 -5.4904997827E-05  5.4566240170E+01 -5.5095973049E+01  6.5420562437E-01
C11      -1.6928785500E-02 -9.3860138059E-05  3.7677785558E+01 -3.8043564137E+01  8.6925010351E-02
H12       2.7759876350E-02  2.9227064813E-05  5.9946707350E-01 -6.0528674181E-01  1.4708392179E-01
H13       1.3878544350E-02  1.9660536464E-05  6.0495784067E-01 -6.1083081373E-01  1.5382165143E-01
C14      -1.6987949000E-02 -1.3395225989E-04  3.7677799116E+01 -3.8043577828E+01  8.6940999840E-02
H15       2.7880144320E-02  2.1762685154E-05  5.9943761030E-01 -6.0525699258E-01  1.4698689435E-01
H16       1.3835793610E-02  3.0432593717E-05  6.0497514844E-01 -6.1084828953E-01  1.5382360733E-01
C17       1.1947353400E-02 -9.6348503663E-05  3.7731716158E+01 -3.8098018299E+01  7.3555706015E-02
C18      -2.9882285100E-02  4.7698703824E-06  3.7735525178E+01 -3.8101864298E+01  1.5348850719E-01
C19      -2.9460162800E-02 -1.6196592301E-05  3.7735622350E+01 -3.8101962413E+01  1.5444435555E-01
C20      -2.9171588000E-02  9.3845260369E-05  3.7722587086E+01 -3.8088800602E+01  1.2062496664E-01
H21       8.0081377550E-02  2.5620130710E-05  5.8624307925E-01 -5.9193436810E-01  1.4057581970E-01
C22      -2.9318246300E-02 -5.9743595243E-05  3.7722592300E+01 -3.8088805866E+01  1.2054422486E-01
H23       8.1228803030E-02  6.5140837489E-05  5.8588921554E-01 -5.9157706906E-01  1.4035176673E-01
C24      -3.3761858900E-02 -9.3457690068E-05  3.7725129591E+01 -3.8091367790E+01  1.1225707831E-01
H25       4.4576251360E-02  2.3168132088E-05  5.9748999678E-01 -6.0329047149E-01  1.4834384515E-01
H26       4.4606820430E-02  2.3857959601E-05  5.9747831937E-01 -6.0327868072E-01  1.4834066441E-01
H27       4.4703949350E-02  1.9692485003E-05  5.9737313209E-01 -6.0317247227E-01  1.4841432570E-01
C28       1.1997598200E-02 -7.4117552845E-05  3.7731712016E+01 -3.8098014118E+01  7.3541605833E-02
C29      -2.9854766700E-02  6.7037354435E-05  3.7735531019E+01 -3.8101870195E+01  1.5351409108E-01
C30      -2.9351635600E-02  6.9313050899E-05  3.7735635086E+01 -3.8101975273E+01  1.5405950151E-01
C31      -2.9311916800E-02 -8.5155863040E-05  3.7722547660E+01 -3.8088760793E+01  1.2070498779E-01
H32       8.0090339480E-02  4.8637283517E-05  5.8625097167E-01 -5.9194233714E-01  1.4058461227E-01
C33      -2.9352494700E-02 -7.7335814370E-05  3.7722594629E+01 -3.8088808218E+01  1.2064584258E-01
H34       8.1209119910E-02  5.1127047121E-05  5.8589042160E-01 -5.9157828683E-01  1.4034253241E-01
C35      -3.3656794300E-02  1.8298028203E-05  3.7725153253E+01 -3.8091391681E+01  1.1202703845E-01
H36       4.4577588920E-02  2.3406623280E-05  5.9748849171E-01 -6.0328895181E-01  1.4834369430E-01
H37       4.4608970130E-02  2.3708925026E-05  5.9747648411E-01 -6.0327682765E-01  1.4834084050E-01
H38       4.4695112390E-02  2.3443557271E-05  5.9738207596E-01 -6.0318150297E-01  1.4838388334E-01
H39       1.3963197510E-02  2.2825227815E-05  6.0404182755E-01 -6.0990590790E-01  1.5554810894E-01
H40       1.3959071320E-02  2.2707972441E-05  6.0404593485E-01 -6.0991005507E-01  1.5555352570E-01
--------------------------------------------------------------------------------------------------
Total    -4.1011915000E-04 -4.2475568649E-04  9.0687774147E+02 -9.1568177407E+02
 
1st Largest |L(A)| = 1.9562712163E-04, atom N7      
2nd Largest |L(A)| = 1.3426698684E-04, atom C2      
 
Molecular charge q(Mol) from the wfn file:   0.0000000000E+00
Molecular energy E(Mol) from the wfn file:  -9.1568191436E+02
Molecular virial ratio (-V(Mol)/T(Mol)) from the wfn file:   2.0097080700E+00
Note.  K_Scaled(A) = (1+V(Mol)/T(Mol))*K(A) = (E(Mol)/T(Mol))*K(A)
       Only use K_Scaled(A) data with caution.
 
N_AIMInt(SumA)     =        154.000410
N_Analytic(Mol)    =        153.999978
 
G_AIMInt(SumA)     =        906.878166
G_Analytic(Mol)    =        906.877825
 
K_AIMInt(SumA)     =        906.877741
K_Analytic(Mol)    =        906.877825
 
L_AIMInt(SumA)     =         -0.000425
L_Analytic(Mol)    =          0.000000
 
VenT_AIMInt(SumA)  =      -5400.020919
VenT_Analytic(Mol) =      -5400.009188
 
Some Information About the Atomic Calculations:
----------------------------------------------
  Time(sec) = "Elapsed User Time", in Seconds, for Atom A by AIMInt and, if used, by TWOe
  NProc = Number of Processors Used for AIMInt Job
  BIM = Basin Integration Method
  OAQ = Angular Quadrature Outside of Beta Sphere
  ORQ = Multiple of Default for Radial Quadrature Outside of Beta Sphere
  IAQ = Multiple of Default for Angular Quadrature Inside of Beta Sphere
  IRQ = Multiple of Default for Radial Quadrature Inside of Beta Sphere
  MIR = Maximum Integration Radius
------------------------------------------------------------------------------------------------------
Atom A     Time(sec)   NProc      BIM          OAQ                     ORQ      IAQ      IRQ      MIR
------------------------------------------------------------------------------------------------------
C1            167        8     Proaim(5)    4500(GS4)                  1.00     1.00     1.00    13.00
C2            155        8     Proaim(5)    4500(GS4)                  1.00     1.00     1.00    13.00
C3             65        8     Proaim(5)    4500(GS4)                  1.00     1.00     1.00    13.00
H4             16        8     Proaim(5)    1800(GS4)                  1.00     1.00     1.00    13.00
C5             67        8     Proaim(5)    4500(GS4)                  1.00     1.00     1.00    13.00
H6             15        8     Proaim(5)    1800(GS4)                  1.00     1.00     1.00    13.00
N7             70        8     Proaim(5)    4500(GS4)                  1.00     1.00     1.00    13.00
N8             60        8     Proaim(5)    4500(GS4)                  1.00     1.00     1.00    13.00
N9             56        8     Proaim(5)    4500(GS4)                  1.00     1.00     1.00    13.00
N10            73        8     Proaim(5)    4500(GS4)                  1.00     1.00     1.00    13.00
C11            41        8     Proaim(5)    4500(GS4)                  1.00     1.00     1.00    13.00
H12            28        8     Proaim(5)    4500(GS4)                  1.00     1.00     1.00    13.00
H13            13        8     Proaim(5)    1800(GS4)                  1.00     1.00     1.00    13.00
C14            43        8     Proaim(5)    4500(GS4)                  1.00     1.00     1.00    13.00
H15            28        8     Proaim(5)    4500(GS4)                  1.00     1.00     1.00    13.00
H16            13        8     Proaim(5)    1800(GS4)                  1.00     1.00     1.00    13.00
C17           129        8     Proaim(5)    4500(GS4)                  1.00     1.00     1.00    13.00
C18            65        8     Proaim(5)    4500(GS4)                  1.00     1.00     1.00    13.00
C19            66        8     Proaim(5)    4500(GS4)                  1.00     1.00     1.00    13.00
C20            26        8     Proaim(5)    4500(GS4)                  1.00     1.00     1.00    13.00
H21            24        8     Proaim(5)    1800(GS4)                  1.00     1.00     1.00    13.00
C22            27        8     Proaim(5)    4500(GS4)                  1.00     1.00     1.00    13.00
H23            23        8     Proaim(5)    1800(GS4)                  1.00     1.00     1.00    13.00
C24            26        8     Proaim(5)    4500(GS4)                  1.00     1.00     1.00    13.00
H25             9        8     Proaim(5)    1800(GS4)                  1.00     1.00     1.00    13.00
H26             9        8     Proaim(5)    1800(GS4)                  1.00     1.00     1.00    13.00
H27             9        8     Proaim(5)    1800(GS4)                  1.00     1.00     1.00    13.00
C28           125        8     Proaim(5)    4500(GS4)                  1.00     1.00     1.00    13.00
C29            63        8     Proaim(5)    4500(GS4)                  1.00     1.00     1.00    13.00
C30            63        8     Proaim(5)    4500(GS4)                  1.00     1.00     1.00    13.00
C31            25        8     Proaim(5)    4500(GS4)                  1.00     1.00     1.00    13.00
H32            22        8     Proaim(5)    1800(GS4)                  1.00     1.00     1.00    13.00
C33            25        8     Proaim(5)    4500(GS4)                  1.00     1.00     1.00    13.00
H34            22        8     Proaim(5)    1800(GS4)                  1.00     1.00     1.00    13.00
C35            26        8     Proaim(5)    4500(GS4)                  1.00     1.00     1.00    13.00
H36             8        8     Proaim(5)    1800(GS4)                  1.00     1.00     1.00    13.00
H37             8        8     Proaim(5)    1800(GS4)                  1.00     1.00     1.00    13.00
H38             8        8     Proaim(5)    1800(GS4)                  1.00     1.00     1.00    13.00
H39             8        8     Proaim(5)    1800(GS4)                  1.00     1.00     1.00    13.00
H40             8        8     Proaim(5)    1800(GS4)                  1.00     1.00     1.00    13.00
------------------------------------------------------------------------------------------------------
Total        1734
Note:  Total wall clock time is less than total of atomic times if more than one atom
       was calculated at a time
 
Electron Density Critical Point Analysis of Molecular Structure:               
---------------------------------------------------------------                
  NACP = Nuclear Attractor Critical Point                                      
  NNACP = Non-Nuclear Attractor Critical Point                                 
  BCP = Bond Critical Point                                                    
  RCP = Ring Critical Point                                                    
  CCP = Cage Critical Point                                                    
  Rho = Electron Density                                                       
  GradRho = Gradient of Electron Density                                       
  HessRho_EigVals = Eigenvalues of the Hessian of Rho, Ascending Order         
  HessRho_EigVecs = Eigenvectors of the Hessian of Rho                         
  DelSqRho = Laplacian of Rho = Trace of Hessian of Rho                        
  Bond Ellipticity = (HessRho_EigVal(1) / HessRho_EigVal(2)) - 1               
  V = Virial Field = Potential Energy Density = Trace of Stress Tensor         
  G = Lagrangian Form of Kinetic Energy Density                                
  K = Hamiltonian Form of Kinetic Energy Density                               
  L = K - G = Lagrangian Density = (-1/4)DelSqRho                              
  Vnuc = Electrostatic Potential from Nuclei                                   
  Ven = Electron-nuclear attractive contribution to Virial Field V             
  Vrep = V - Ven = Repulsive contribution to Virial Field V                    
  DelSqV = Laplacian of V                                                      
  DelSqVen = Laplacian of Ven                                                  
  DelSqVrep = Laplacian of Vrep                                                
  DelSqG = Laplacian of G                                                      
  DelSqK = Laplacian of K                                                      
  Stress_EigVals = Eigenvalues of Stress Tensor, Ascending Order               
  Stress_EigVecs = Eigenvectors of Stress Tensor                               
  -DivStress = Ehrenfest Force Density = Minus Divergence of Stress Tensor     
  ESP = Total Electrostatic Potential                                          
  ESPe = Electrostatic Potential from Electrons                                
  ESPn = Electrostatic Potential from Nuclei                                   
  BP = Bond Path                                                               
  BPL = Bond Path Length                                                       
  GBL = Geometric Bond Length                                                  
  GBL_I = Distance Between Nuclear Attractors                                  
  GBL_II = Distance Between Nuclei                                             
  GBL_III = Sum of Distances Between BCP and Nuclear Attractors                
  GBL_IV = Sum of Distances Between BCP and Nuclei                             

CP# 1      Coords =  2.44490236684896E+00 -1.47977200371667E+00  3.04241813788023E-02
           Type = (3,-3) NACP C1
           Rho =  1.1761254384E+02     Rho at Nucleus =  1.1761254369E+02
           GradRho = -6.4383080654E-10 -1.1448450267E-11 -1.3189111045E-11
           HessRho_EigVals = -1.4488579784E+05 -1.4488482488E+05 -1.4488433624E+05
           HessRho_EigVec1 = -1.6864645383E-02  9.9984105845E-01  5.7828693987E-03
           HessRho_EigVec2 = -8.5112438481E-03 -5.9270395177E-03  9.9994621302E-01
           HessRho_EigVec3 =  9.9982155531E-01  1.6814518873E-02  8.6098484774E-03
           DelSqRho = -4.3465495896E+05
           Bond Ellipticity = NA
           V = -1.0867405860E+05
           G =  5.1594297691E+00
           K =  1.0866889917E+05
           L =  1.0866373974E+05
           Vnuc =  4.1846127612E+06
           Ven = -4.9216295181E+08
           Vrep =  4.9205427775E+08
           DelSqV =  2.4931732501E+09
           DelSqVen =  1.8188626493E+12
           DelSqVrep = -1.8163694761E+12
           DelSqG =  1.3388244052E+08
           DelSqK = -2.6270556906E+09
           Stress_EigVals = -3.6224954702E+04 -3.6224808274E+04 -3.6224295624E+04
           Stress_EigVec1 =  9.9970661248E-01  2.2352108547E-02  9.3312494695E-03
           Stress_EigVec2 = -9.2671098453E-03 -2.9713793705E-03  9.9995264467E-01
           Stress_EigVec3 = -2.2378776738E-02  9.9974574475E-01  2.7633681597E-03
           -DivStress =  1.1666634528E+03  2.5562240129E+01  2.3237374212E+01
           ESP =  -1.4649796765E+01     ESP at Nucleus =  -1.4649796776E+01
           ESPe = -4.0507859777E+01     ESPe at Nucleus = -4.0507858629E+01
           ESPn =  2.5858063012E+01     ESPn at Nucleus =  2.5858061854E+01

CP# 2      Coords = -2.45101508699155E+00 -1.47750763553103E+00 -2.94629024335278E-02
           Type = (3,-3) NACP C2
           Rho =  1.1761255623E+02     Rho at Nucleus =  1.1761255608E+02
           GradRho =  6.5665341539E-10 -1.6605514039E-11  1.2321157549E-11
           HessRho_EigVals = -1.4488582481E+05 -1.4488485197E+05 -1.4488436337E+05
           HessRho_EigVec1 =  1.7787752998E-02  9.9981874143E-01 -6.7882340364E-03
           HessRho_EigVec2 = -8.7494916866E-03  6.9447030806E-03  9.9993760680E-01
           HessRho_EigVec3 =  9.9980350181E-01 -1.7727249566E-02  8.8714364293E-03
           DelSqRho = -4.3465504014E+05
           Bond Ellipticity = NA
           V = -1.0867407892E+05
           G =  5.1594444213E+00
           K =  1.0866891948E+05
           L =  1.0866376003E+05
           Vnuc =  4.1849611888E+06
           Ven = -4.9220398315E+08
           Vrep =  4.9209530907E+08
           DelSqV =  2.4931737242E+09
           DelSqVen =  1.8190144963E+12
           DelSqVrep = -1.8165213225E+12
           DelSqG =  1.3388247676E+08
           DelSqK = -2.6270562010E+09
           Stress_EigVals = -3.6224961452E+04 -3.6224815040E+04 -3.6224302432E+04
           Stress_EigVec1 =  9.9968018625E-01 -2.3260725234E-02  9.9228970455E-03
           Stress_EigVec2 = -9.8329063948E-03  3.9799722338E-03  9.9994373530E-01
           Stress_EigVec3 =  2.3298909331E-02  9.9972151046E-01 -3.7499788501E-03
           -DivStress = -1.1665499445E+03  2.7060683855E+01 -2.2380097134E+01
           ESP =  -1.4649792824E+01     ESP at Nucleus =  -1.4649792835E+01
           ESPe = -4.0504591709E+01     ESPe at Nucleus = -4.0504590561E+01
           ESPn =  2.5854798885E+01     ESPn at Nucleus =  2.5854797726E+01

CP# 3      Coords = -9.67703091833985E-01  5.33896545850970E+00  7.96408593363235E-01
           Type = (3,-3) NACP C3
           Rho =  1.1767585553E+02     Rho at Nucleus =  1.1767585526E+02
           GradRho = -7.3181737287E-10  9.7144102658E-13  1.4743839581E-09
           HessRho_EigVals = -1.4500160207E+05 -1.4500088328E+05 -1.4500056173E+05
           HessRho_EigVec1 = -4.8465122838E-03  9.9992594480E-01  1.1163164551E-02
           HessRho_EigVec2 =  4.8358707789E-01 -7.4275636826E-03  8.7526474246E-01
           HessRho_EigVec3 =  8.7528283967E-01  9.6403434514E-03 -4.8351526797E-01
           DelSqRho = -4.3500304708E+05
           Bond Ellipticity = NA
           V = -1.0876092635E+05
           G =  5.0822920258E+00
           K =  1.0875584406E+05
           L =  1.0875076177E+05
           Vnuc =  3.0769217537E+06
           Ven = -3.6207939978E+08
           Vrep =  3.6197063885E+08
           DelSqV =  2.4952014044E+09
           DelSqVen =  1.3384703672E+12
           DelSqVrep = -1.3359751658E+12
           DelSqG =  1.3402724852E+08
           DelSqK = -2.6292286529E+09
           Stress_EigVals = -3.6253899006E+04 -3.6253726633E+04 -3.6253300715E+04
           Stress_EigVec1 =  8.6479192080E-01  4.3182407849E-03 -5.0211182671E-01
           Stress_EigVec2 =  5.0212619592E-01 -3.3474728079E-03  8.6478788023E-01
           Stress_EigVec3 = -2.0535566083E-03  9.9998507350E-01  5.0631692577E-03
           -DivStress =  6.8932694164E+02  4.0185656795E+01 -1.4291389832E+03
           ESP =  -1.4752994691E+01     ESP at Nucleus =  -1.4752994717E+01
           ESPe = -3.5691898060E+01     ESPe at Nucleus = -3.5691899134E+01
           ESPn =  2.0938903369E+01     ESPn at Nucleus =  2.0938904417E+01

CP# 4      Coords = -2.84671222816093E+00  5.33887040810565E+00  2.79491853987884E-02
           Type = (3,-3) NACP H4
           Rho =  4.2831881123E-01     Rho at Nucleus =  4.2480620205E-01
           GradRho =  8.5102107365E-11 -2.1123205995E-15  3.5385167453E-11
           HessRho_EigVals = -6.5441628891E+00 -6.5362772502E+00 -5.9566179740E+00
           HessRho_EigVec1 = -3.8376855532E-01  1.5453627723E-03  9.2342801983E-01
           HessRho_EigVec2 =  6.3589035175E-04  9.9999880485E-01 -1.4092340451E-03
           HessRho_EigVec3 =  9.2342909397E-01 -4.6379254754E-05  3.8376907934E-01
           DelSqRho = -1.9037058113E+01
           Bond Ellipticity = NA
           V = -4.7686959339E+00
           G =  4.7157027939E-03
           K =  4.7639802311E+00
           L =  4.7592645283E+00
           Vnuc =  5.0918310217E+01
           Ven = -2.1809270102E+01
           Vrep =  1.7040574168E+01
           DelSqV =  7.1794183647E+02
           DelSqVen =  9.6933483080E+02
           DelSqVrep = -2.5139299433E+02
           DelSqG =  7.0856707382E+01
           DelSqK = -7.8879854385E+02
           Stress_EigVals = -1.6392027369E+00 -1.6382692454E+00 -1.4912239516E+00
           Stress_EigVec1 = -3.8247943747E-01  3.7027276397E-03  9.2395658433E-01
           Stress_EigVec2 =  1.4627633932E-03  9.9999314361E-01 -3.4019188627E-03
           Stress_EigVec3 =  9.2396284570E-01 -5.0365855562E-05  3.8248223125E-01
           -DivStress = -7.1493352523E+00  1.9459847354E-04 -2.9705222072E+00
           ESP =  -1.1243899552E+00     ESP at Nucleus =  -1.1267326244E+00
           ESPe = -2.2561345969E+01     ESPe at Nucleus = -2.2483928279E+01
           ESPn =  2.1436956014E+01     ESPn at Nucleus =  2.1357195655E+01

CP# 5      Coords =  9.90757371524699E-01  5.34107709922563E+00 -7.99142174139571E-01
           Type = (3,-3) NACP C5
           Rho =  1.1767586443E+02     Rho at Nucleus =  1.1767586415E+02
           GradRho =  7.2388556890E-10 -8.3651933037E-11 -1.4761142022E-09
           HessRho_EigVals = -1.4500161474E+05 -1.4500089580E+05 -1.4500057423E+05
           HessRho_EigVec1 =  2.0701468569E-03  9.9992629295E-01 -1.1963408862E-02
           HessRho_EigVec2 =  4.8324621904E-01  9.4734733160E-03  8.7543323280E-01
           HessRho_EigVec3 =  8.7548204224E-01 -7.5935474549E-03 -4.8319098891E-01
           DelSqRho = -4.3500308477E+05
           Bond Ellipticity = NA
           V = -1.0876093578E+05
           G =  5.0822952552E+00
           K =  1.0875585349E+05
           L =  1.0875077119E+05
           Vnuc =  3.0760631932E+06
           Ven = -3.6197839529E+08
           Vrep =  3.6186963436E+08
           DelSqV =  2.4952016227E+09
           DelSqVen =  1.3380970250E+12
           DelSqVrep = -1.3356018070E+12
           DelSqG =  1.3402726087E+08
           DelSqK = -2.6292288835E+09
           Stress_EigVals = -3.6253902172E+04 -3.6253729787E+04 -3.6253303823E+04
           Stress_EigVec1 =  8.6489724627E-01 -2.2725291005E-03 -5.0194381060E-01
           Stress_EigVec2 =  5.0194831219E-01  5.5160748906E-03  8.6488002914E-01
           Stress_EigVec3 = -8.0329461548E-04  9.9998220411E-01 -5.9115301295E-03
           -DivStress = -6.8907595100E+02  3.9627151202E+01  1.4297695062E+03
           ESP =  -1.4752991058E+01     ESP at Nucleus =  -1.4752991083E+01
           ESPe = -3.5686631276E+01     ESPe at Nucleus = -3.5686632353E+01
           ESPn =  2.0933640219E+01     ESPn at Nucleus =  2.0933641270E+01

CP# 6      Coords =  2.86977364827453E+00  5.34710536120044E+00 -3.07313518149596E-02
           Type = (3,-3) NACP H6
           Rho =  4.2831778811E-01     Rho at Nucleus =  4.2480505733E-01
           GradRho = -8.5297474204E-11 -2.8155061765E-13 -3.5463132708E-11
           HessRho_EigVals = -6.5441536797E+00 -6.5362701591E+00 -5.9565931358E+00
           HessRho_EigVec1 = -3.8374155037E-01 -1.8135460546E-03  9.2343875464E-01
           HessRho_EigVec2 = -3.5156674676E-03  9.9999369355E-01  5.0293203595E-04
           HessRho_EigVec3 =  9.2343384311E-01  3.0535076688E-03  3.8374550615E-01
           DelSqRho = -1.9037016975E+01
           Bond Ellipticity = NA
           V = -4.7686845324E+00
           G =  4.7151443513E-03
           K =  4.7639693880E+00
           L =  4.7592542437E+00
           Vnuc =  5.0901918791E+01
           Ven = -2.1802197267E+01
           Vrep =  1.7033512735E+01
           DelSqV =  7.1793983575E+02
           DelSqVen =  9.6902069223E+02
           DelSqVrep = -2.5108085647E+02
           DelSqG =  7.0856555746E+01
           DelSqK = -7.8879639150E+02
           Stress_EigVals = -1.6392003118E+00 -1.6382667926E+00 -1.4912174279E+00
           Stress_EigVec1 = -3.8244591317E-01 -3.9519859903E-03  9.2396942877E-01
           Stress_EigVec2 = -4.3377472935E-03  9.9998751256E-01  2.4816653495E-03
           Stress_EigVec3 =  9.2396769827E-01  3.0588431181E-03  3.8245828012E-01
           -DivStress =  7.1494943816E+00  2.3463099389E-02  2.9703922960E+00
           ESP =  -1.1243961854E+00     ESP at Nucleus =  -1.1267388862E+00
           ESPe = -2.2545517977E+01     ESPe at Nucleus = -2.2467930310E+01
           ESPn =  2.1421121792E+01     ESPn at Nucleus =  2.1341191424E+01

CP# 7      Coords = -1.26954416822815E+00 -1.52411616931120E+00  2.23176699575201E+00
           Type = (3,-3) NACP N7
           Rho =  1.9138898689E+02     Rho at Nucleus =  1.9138895560E+02
           GradRho = -3.2396307859E-13 -2.2832111202E-11 -4.3674397432E-11
           HessRho_EigVals = -3.2207488304E+05 -3.2207364583E+05 -3.2206386510E+05
           HessRho_EigVec1 =  4.1571690189E-02  9.9809674667E-01  4.5548642767E-02
           HessRho_EigVec2 =  9.1375228885E-01 -5.6419429230E-02  4.0233518692E-01
           HessRho_EigVec3 = -4.0413926956E-01 -2.4894422840E-02  9.1435863779E-01
           DelSqRho = -9.6621239397E+05
           Bond Ellipticity = NA
           V = -2.4158582751E+05
           G =  1.6364507738E+01
           K =  2.4156946300E+05
           L =  2.4155309849E+05
           Vnuc =  5.0219100502E+05
           Ven = -9.6113827673E+07
           Vrep =  9.5872241846E+07
           DelSqV =  7.5853635514E+09
           DelSqVen =  4.8522317325E+11
           DelSqVrep = -4.7763780970E+11
           DelSqG =  4.0657668440E+08
           DelSqK = -7.9919402358E+09
           Stress_EigVals = -8.0530142277E+04 -8.0528128615E+04 -8.0527556617E+04
           Stress_EigVec1 = -3.7886899371E-01 -2.5354820364E-02  9.2510292329E-01
           Stress_EigVec2 =  9.2523456825E-01 -3.1961078034E-02  3.7804693253E-01
           Stress_EigVec3 =  1.9981974657E-02  9.9916746473E-01  3.5568217745E-02
           -DivStress = -2.0195206728E+04 -4.6981756232E+02  2.7831732968E+04
           ESP =  -1.8301723477E+01     ESP at Nucleus =  -1.8301724912E+01
           ESPe = -4.2245119676E+01     ESPe at Nucleus = -4.2245091545E+01
           ESPn =  2.3943396199E+01     ESPn at Nucleus =  2.3943366633E+01

CP# 8      Coords =  1.20956148940107E+00 -1.52964460557763E+00  2.26217038023197E+00
           Type = (3,-3) NACP N8
           Rho =  1.9139369826E+02     Rho at Nucleus =  1.9139366659E+02
           GradRho = -7.3701045267E-12 -3.1030414349E-11  4.2303938130E-12
           HessRho_EigVals = -3.2208264344E+05 -3.2208138373E+05 -3.2207155734E+05
           HessRho_EigVec1 = -4.3269954758E-02  9.9798284013E-01  4.6453867734E-02
           HessRho_EigVec2 =  9.2309001579E-01  5.7721540578E-02 -3.8022762458E-01
           HessRho_EigVec3 =  3.8214203349E-01 -2.6428669387E-02  9.2372560410E-01
           DelSqRho = -9.6623558450E+05
           Bond Ellipticity = NA
           V = -2.4159161317E+05
           G =  1.6358520658E+01
           K =  2.4157525465E+05
           L =  2.4155889613E+05
           Vnuc =  4.9915997491E+05
           Ven = -9.5536073623E+07
           Vrep =  9.5294482010E+07
           DelSqV =  7.5855441507E+09
           DelSqVen =  4.8230612992E+11
           DelSqVrep = -4.7472058577E+11
           DelSqG =  4.0658611687E+08
           DelSqK = -7.9921302676E+09
           Stress_EigVals = -8.0532078153E+04 -8.0530056326E+04 -8.0529478689E+04
           Stress_EigVec1 =  3.5668529878E-01 -2.6916389923E-02  9.3383676603E-01
           Stress_EigVec2 =  9.3397675325E-01  3.3297289791E-02 -3.5577902534E-01
           Stress_EigVec3 = -2.1517946444E-02  9.9908297876E-01  3.7015936227E-02
           -DivStress =  1.9625139234E+04 -6.5279399239E+02  2.8487108730E+04
           ESP =  -1.8302241303E+01     ESP at Nucleus =  -1.8302242756E+01
           ESPe = -4.2211448350E+01     ESPe at Nucleus = -4.2211419712E+01
           ESPn =  2.3909207048E+01     ESPn at Nucleus =  2.3909176956E+01

CP# 9      Coords = -1.21565569905416E+00 -1.53068087194779E+00 -2.26125365038436E+00
           Type = (3,-3) NACP N9
           Rho =  1.9139371204E+02     Rho at Nucleus =  1.9139368037E+02
           GradRho = -2.2482238293E-11  2.5926663594E-11  3.1157743052E-11
           HessRho_EigVals = -3.2208266420E+05 -3.2208140316E+05 -3.2207157709E+05
           HessRho_EigVec1 =  4.4030473133E-02  9.9790757538E-01 -4.7347528184E-02
           HessRho_EigVec2 =  9.2300488372E-01 -5.8768340980E-02 -3.8027393644E-01
           HessRho_EigVec3 =  3.8226077757E-01  2.6958358405E-02  9.2366116344E-01
           DelSqRho = -9.6623564445E+05
           Bond Ellipticity = NA
           V = -2.4159162810E+05
           G =  1.6358492999E+01
           K =  2.4157526961E+05
           L =  2.4155891111E+05
           Vnuc =  4.9915498662E+05
           Ven = -9.5535125774E+07
           Vrep =  9.5293534146E+07
           DelSqV =  7.5855446004E+09
           DelSqVen =  4.8230134022E+11
           DelSqVrep = -4.7471579562E+11
           DelSqG =  4.0658613762E+08
           DelSqK = -7.9921307380E+09
           Stress_EigVals = -8.0532083157E+04 -8.0530061467E+04 -8.0529483475E+04
           Stress_EigVec1 =  3.5684336353E-01  2.7478139188E-02  9.3376001509E-01
           Stress_EigVec2 =  9.3389609752E-01 -3.4440979074E-02 -3.5588185962E-01
           Stress_EigVec3 =  2.2380637866E-02  9.9902891391E-01 -3.7951761771E-02
           -DivStress = -1.9626005348E+04 -6.6172176291E+02 -2.8486741592E+04
           ESP =  -1.8302229890E+01     ESP at Nucleus =  -1.8302231343E+01
           ESPe = -4.2208860106E+01     ESPe at Nucleus = -4.2208831455E+01
           ESPn =  2.3906630216E+01     ESPn at Nucleus =  2.3906600112E+01

CP# 10     Coords =  1.26333279738371E+00 -1.52753415027385E+00 -2.23085477531525E+00
           Type = (3,-3) NACP N10
           Rho =  1.9138906093E+02     Rho at Nucleus =  1.9138902963E+02
           GradRho =  3.0613012125E-11  1.3526957332E-11  2.1529000804E-11
           HessRho_EigVals = -3.2207500786E+05 -3.2207376930E+05 -3.2206398837E+05
           HessRho_EigVec1 = -4.0709700540E-02  9.9808377967E-01 -4.6599238671E-02
           HessRho_EigVec2 =  9.1377176681E-01  5.6055611605E-02  4.0234180318E-01
           HessRho_EigVec3 = -4.0418297646E-01  2.6201854331E-02  9.1430278594E-01
           DelSqRho = -9.6621276554E+05
           Bond Ellipticity = NA
           V = -2.4158592024E+05
           G =  1.6364426329E+01
           K =  2.4156955581E+05
           L =  2.4155319138E+05
           Vnuc =  5.0215056738E+05
           Ven = -9.6106125536E+07
           Vrep =  9.5864539616E+07
           DelSqV =  7.5853664304E+09
           DelSqVen =  4.8518428826E+11
           DelSqVrep = -4.7759892183E+11
           DelSqG =  4.0657683880E+08
           DelSqK = -7.9919432692E+09
           Stress_EigVals = -8.0530173290E+04 -8.0528159654E+04 -8.0527587294E+04
           Stress_EigVec1 = -3.7893782591E-01  2.6655699421E-02  9.2503816017E-01
           Stress_EigVec2 =  9.2522540003E-01  3.1522645442E-02  3.7810617817E-01
           Stress_EigVec3 = -1.9080965309E-02  9.9914753491E-01 -3.6607652891E-02
           -DivStress =  2.0197307371E+04 -5.1680725448E+02 -2.7832833679E+04
           ESP =  -1.8301725478E+01     ESP at Nucleus =  -1.8301726913E+01
           ESPe = -4.2245850986E+01     ESPe at Nucleus = -4.2245822859E+01
           ESPn =  2.3944125508E+01     ESPn at Nucleus =  2.3944095946E+01

CP# 11     Coords =  7.99159374019605E-01  5.33484890218018E+00 -3.63190797555176E+00
           Type = (3,-3) NACP C11
           Rho =  1.1751216687E+02     Rho at Nucleus =  1.1751216683E+02
           GradRho =  2.5389681351E-11  6.0624411307E-11  7.8650324887E-11
           HessRho_EigVals = -1.4480039556E+05 -1.4480014712E+05 -1.4480007060E+05
           HessRho_EigVec1 =  1.9191056458E-01 -6.1737859269E-02  9.7946861713E-01
           HessRho_EigVec2 =  2.3219205049E-01  9.7254150986E-01  1.5807064257E-02
           HessRho_EigVec3 =  9.5354978207E-01 -2.2439128398E-01 -2.0097603037E-01
           DelSqRho = -4.3440061328E+05
           Bond Ellipticity = NA
           V = -1.0861063767E+05
           G =  5.2421758522E+00
           K =  1.0860539550E+05
           L =  1.0860015332E+05
           Vnuc =  7.9371242873E+06
           Ven = -9.3270867369E+08
           Vrep =  9.3260006305E+08
           DelSqV =  2.4917672303E+09
           DelSqVen =  3.4478893302E+12
           DelSqVrep = -3.4453975629E+12
           DelSqG =  1.3384286631E+08
           DelSqK = -2.6256100966E+09
           Stress_EigVals = -3.6203589525E+04 -3.6203564646E+04 -3.6203483500E+04
           Stress_EigVec1 =  9.6272199180E-01 -1.9220829000E-01 -1.9032167446E-01
           Stress_EigVec2 =  1.9801931783E-01  9.8012688322E-01  1.1817045399E-02
           Stress_EigVec3 =  1.8426805550E-01 -4.9063897628E-02  9.8165065969E-01
           -DivStress = -1.9764855839E+02 -1.4024589524E+02 -5.6308588484E+02
           ESP =  -1.4751507772E+01     ESP at Nucleus =  -1.4751507773E+01
           ESPe = -3.3525812067E+01     ESPe at Nucleus = -3.3525811290E+01
           ESPn =  1.8774304295E+01     ESPn at Nucleus =  1.8774303517E+01

CP# 12     Coords =  1.68639776007125E+00  3.67784319671839E+00 -4.42872678463047E+00
           Type = (3,-3) NACP H12
           Rho =  4.2117410076E-01     Rho at Nucleus =  4.1776080628E-01
           GradRho = -8.0526405856E-16  1.4927295511E-15  3.2230484557E-15
           HessRho_EigVals = -6.4017986243E+00 -6.4002121490E+00 -5.8385077067E+00
           HessRho_EigVec1 =  2.3442227474E-01 -3.2107658385E-01  9.1758161730E-01
           HessRho_EigVec2 =  8.7133586061E-01  4.8793780507E-01 -5.1870187924E-02
           HessRho_EigVec3 = -4.3106845757E-01  8.1168129564E-01  3.9414903171E-01
           DelSqRho = -1.8640518480E+01
           Bond Ellipticity = NA
           V = -4.6699197467E+00
           G =  4.8950633645E-03
           K =  4.6650246834E+00
           L =  4.6601296200E+00
           Vnuc =  5.0494064442E+01
           Ven = -2.1266792185E+01
           Vrep =  1.6596872439E+01
           DelSqV =  7.0275296733E+02
           DelSqVen =  9.4123554137E+02
           DelSqVrep = -2.3848257404E+02
           DelSqG =  6.9095735612E+01
           DelSqK = -7.7184870294E+02
           Stress_EigVals = -1.6042225198E+00 -1.6040129708E+00 -1.4616842561E+00
           Stress_EigVec1 = -9.4228450096E-03 -4.4046825358E-01  8.9771873523E-01
           Stress_EigVec2 =  9.0212172666E-01  3.8354659042E-01  1.9765728741E-01
           Stress_EigVec3 = -4.3137872025E-01  8.1171406946E-01  3.9374188138E-01
           -DivStress =  3.2502600909E+00 -6.1327316504E+00 -2.9627053443E+00
           ESP =  -1.1277822859E+00     ESP at Nucleus =  -1.1300082233E+00
           ESPe = -2.2016210408E+01     ESPe at Nucleus = -2.1965588724E+01
           ESPn =  2.0888428122E+01     ESPn at Nucleus =  2.0835580501E+01

CP# 13     Coords = -1.14172128389368E+00  5.35937566236991E+00 -4.24680781260867E+00
           Type = (3,-3) NACP H13
           Rho =  4.2422138745E-01     Rho at Nucleus =  4.2076778338E-01
