AIMSum (Version 19.02.13, Professional)
Copyright (c) 1997-2019 by Todd A. Keith
AIMSum is a component of the AIMAll package ( http://aim.tkgristmill.com )

TP:  64-bit Linux

Much of the Quantum Theory of Atoms in Molecules (QTAIM) is described in the book:
  "Atoms in Molecules - A Quantum Theory"
  R.F.W. Bader, Oxford University Press, Oxford, 1990

For additional references see:  http://aim.tkgristmill.com/references.html

Wfn File:  /home/mhennefarth/Documents/ML_Diels/summary-liu2014/4_11-opt/4_11-opt.wfn
Sum File:  /home/mhennefarth/Documents/ML_Diels/summary-liu2014/4_11-opt/4_11-opt.sum

SumViz File:  /home/mhennefarth/Documents/ML_Diels/summary-liu2014/4_11-opt/4_11-opt.sumviz

Wfn Title:   Title Card Required                                                           
 
Total memory allocated for AIMSum =        1.613 Megabytes

Atomic units (a.u.) used throughout, except where stated otherwise

Model:  Restricted SCF
 
Restricted, closed-shell, single-determinant wavefunction.
  Number of electrons (from MO Occs)                   =         104.0000000000
  Number of Alpha electrons (from MO Occs)             =          52.0000000000
  Number of Beta electrons (from MO Occs)              =          52.0000000000
  Number of electron pairs (N*(N-1)/2)                 =        5356.0000000000
  Number of electron pairs (from Muller 2EDM)          =        5356.0000000000
 
Nuclear Charges and Cartesian Coordinates:
-------------------------------------------------------------------------------
Atom      Charge                X                  Y                  Z
-------------------------------------------------------------------------------
C1         6.0          -5.4114391800E+00   2.1014829100E+00  -1.1283409300E+00
C2         6.0          -5.4026477300E+00  -2.1020054400E+00   1.1367988600E+00
C3         6.0           1.0813995800E+00  -1.0234342000E+00   7.3699524000E-01
H4         1.0           1.1186810000E+00  -7.4347486000E-01   2.7820213100E+00
C5         6.0           1.0835030700E+00   1.0173250000E+00  -7.5993969000E-01
H6         1.0           1.1351999200E+00   7.3745302000E-01  -2.8046920300E+00
N7         7.0          -5.4823299500E+00  -2.1747393700E+00  -1.3913865200E+00
N8         7.0          -5.4829927600E+00   2.8896030000E-02  -2.5787490300E+00
N9         7.0          -5.4495897500E+00  -2.9139620000E-02   2.5880220100E+00
N10        7.0          -5.4580477400E+00   2.1743873800E+00   1.4007737300E+00
C11        6.0           1.9601625400E+00   3.5380739000E+00   1.7489915000E-01
H12        1.0           1.1131494900E+00   5.1503227100E+00  -8.1792522000E-01
H13        1.0           1.5386717700E+00   3.7525002900E+00   2.1942104100E+00
C14        6.0           1.9702184800E+00  -3.5420180200E+00  -1.9210945000E-01
H15        1.0           1.1207498900E+00  -5.1563525800E+00   7.9522025000E-01
H16        1.0           1.5623767900E+00  -3.7574577700E+00  -2.2141199500E+00
C17        6.0           4.8810942500E+00   3.5716776200E+00  -2.2213494000E-01
H18        1.0           5.6414425000E+00   5.2858539700E+00   6.6975675000E-01
H19        1.0           5.2777923300E+00   3.7596169700E+00  -2.2522881300E+00
C20        6.0           4.8886219800E+00  -3.5685260200E+00   2.2373440000E-01
H21        1.0           5.6588976500E+00  -5.2808110200E+00  -6.6327404000E-01
H22        1.0           5.2727161700E+00  -3.7555804100E+00   2.2563874400E+00
C23        6.0           6.3438821900E+00  -1.2390567400E+00  -8.0036981000E-01
H24        1.0           8.3195399500E+00  -1.8374166800E+00  -1.0060443200E+00
H25        1.0           5.6990309000E+00  -8.2360693000E-01  -2.7290531200E+00
C26        6.0           6.3355335600E+00   1.2458045500E+00   8.1139659000E-01
H27        1.0           8.3083049200E+00   1.8491195700E+00   1.0298908700E+00
H28        1.0           5.6792122300E+00   8.2871104000E-01   2.7358439400E+00
H29        1.0          -5.3504964300E+00  -3.9075435700E+00   2.1098240600E+00
H30        1.0          -5.3665200100E+00   3.9068939800E+00  -2.1019561300E+00
 
Some Atomic Properties:
----------------------
  q(A) = Net Charge of Atom A
  L(A) = Lagrangian of Atom A = -(1/4) Times Atomic Integral of the Laplacian of the Electron Density
  K(A) = Electronic Kinetic Energy of Atom A (Hamiltonian Form)
  K_Scaled(A) = K(A) * E(Mol)/K(Mol) = Approximation to Virial-Based Total Energy of Atom A.
  |Mu_Intra(A)| = Magnitude of Intraatomic Dipole Moment of Atom A
--------------------------------------------------------------------------------------------------
Atom A          q(A)              L(A)              K(A)          K_Scaled(A)      |Mu_Intra(A)|
--------------------------------------------------------------------------------------------------
C1        1.0747781948E+00 -2.5947947676E-04  3.7110028529E+01 -3.7468761898E+01  6.5277632007E-01
C2        1.0750430651E+00  1.8073591855E-05  3.7110132933E+01 -3.7468867310E+01  6.5255049726E-01
C3       -6.8142646700E-02 -5.2486867496E-05  3.7759179705E+01 -3.8124188255E+01  2.0748195365E-01
H4        1.8881956710E-02  2.6880525310E-05  6.0680107730E-01 -6.1266687161E-01  1.5585694707E-01
C5       -6.7785375100E-02  2.9532756199E-04  3.7759156613E+01 -3.8124164940E+01  2.0807863572E-01
H6        1.8722955210E-02  2.7092470494E-05  6.0684246784E-01 -6.1270866227E-01  1.5595153113E-01
N7       -5.9095240660E-01  3.4771109266E-05  5.4570399542E+01 -5.5097917952E+01  6.7492594215E-01
N8       -5.9171679400E-01 -1.7722880040E-05  5.4570439148E+01 -5.5097957941E+01  6.7489858328E-01
N9       -5.9163439660E-01  8.5733445544E-06  5.4570330924E+01 -5.5097848670E+01  6.7491718631E-01
N10      -5.9091036110E-01 -7.6750908333E-05  5.4570239665E+01 -5.5097756530E+01  6.7485774870E-01
C11       2.7408930200E-02  2.5916457322E-07  3.7666993707E+01 -3.8031111118E+01  9.6331084865E-02
H12       9.9146887000E-04  2.2735068644E-05  6.1472702886E-01 -6.2066944136E-01  1.5854089819E-01
H13       9.6802572900E-03  3.1865521411E-05  6.1164304378E-01 -6.1755564417E-01  1.5603141986E-01
C14       2.7177328600E-02 -2.5474998357E-04  3.7666927573E+01 -3.8031044345E+01  9.6560267805E-02
H15       9.9483746000E-04  2.2776116290E-05  6.1472345743E-01 -6.2066583541E-01  1.5853889392E-01
H16       9.5064803800E-03  2.7490356282E-05  6.1170903003E-01 -6.1762226829E-01  1.5610738095E-01
C17       1.7724371700E-02 -1.4881555823E-04  3.7655507269E+01 -3.8019513644E+01  4.0148867863E-02
H18      -8.1005760000E-04  2.8779430719E-05  6.1710246440E-01 -6.2306783965E-01  1.5941317551E-01
H19      -5.6158144000E-03  2.9052749042E-05  6.1854008438E-01 -6.2451935674E-01  1.6113154757E-01
C20       1.7673992900E-02 -1.8770866123E-04  3.7655501599E+01 -3.8019507919E+01  4.0375067580E-02
H21      -8.2179100000E-04  2.9987101434E-05  6.1710593946E-01 -6.2307134830E-01  1.5941422093E-01
H22      -5.5925920000E-03  2.8870581255E-05  6.1853097912E-01 -6.2451016347E-01  1.6112157761E-01
C23       1.3612115800E-02 -1.5810559139E-04  3.7645217496E+01 -3.8009124402E+01  2.9869180565E-02
H24      -4.5617976000E-03  3.2499108248E-05  6.2246909492E-01 -6.2848634805E-01  1.5906746070E-01
H25      -3.5164433000E-03  3.1868900816E-05  6.1817319754E-01 -6.2414892330E-01  1.5990975054E-01
C26       1.3292852100E-02 -4.9251619547E-04  3.7645127006E+01 -3.8009033037E+01  2.9493776192E-02
H27      -4.5601768000E-03  3.2925950249E-05  6.2246824316E-01 -6.2848548805E-01  1.5907099990E-01
H28      -3.4887900000E-03  3.3437597242E-05  6.1816519118E-01 -6.2414083954E-01  1.5989959909E-01
H29       1.0193358755E-01  2.1498573717E-05  5.7967215025E-01 -5.8527569601E-01  1.3965198046E-01
H30       1.0194248673E-01  1.8369558605E-05  5.7966630928E-01 -5.8526979858E-01  1.3965401403E-01
--------------------------------------------------------------------------------------------------
Total    -7.4456140000E-04 -8.4520174052E-04  6.0373352147E+02 -6.0956966249E+02
 
1st Largest |L(A)| = 4.9251619547E-04, atom C26     
2nd Largest |L(A)| = 2.9532756199E-04, atom C5      
 
Molecular charge q(Mol) from the wfn file:   0.0000000000E+00
Molecular energy E(Mol) from the wfn file:  -6.0956987764E+02
Molecular virial ratio (-V(Mol)/T(Mol)) from the wfn file:   2.0096667500E+00
Note.  K_Scaled(A) = (1+V(Mol)/T(Mol))*K(A) = (E(Mol)/T(Mol))*K(A)
       Only use K_Scaled(A) data with caution.
 
N_AIMInt(SumA)     =        104.000745
N_Analytic(Mol)    =        103.999988
 
G_AIMInt(SumA)     =        603.734367
G_Analytic(Mol)    =        603.733707
 
K_AIMInt(SumA)     =        603.733521
K_Analytic(Mol)    =        603.733707
 
L_AIMInt(SumA)     =         -0.000845
L_Analytic(Mol)    =          0.000000
 
VenT_AIMInt(SumA)  =      -3162.934644
VenT_Analytic(Mol) =      -3162.922317
 
Some Information About the Atomic Calculations:
----------------------------------------------
  Time(sec) = "Elapsed User Time", in Seconds, for Atom A by AIMInt and, if used, by TWOe
  NProc = Number of Processors Used for AIMInt Job
  BIM = Basin Integration Method
  OAQ = Angular Quadrature Outside of Beta Sphere
  ORQ = Multiple of Default for Radial Quadrature Outside of Beta Sphere
  IAQ = Multiple of Default for Angular Quadrature Inside of Beta Sphere
  IRQ = Multiple of Default for Radial Quadrature Inside of Beta Sphere
  MIR = Maximum Integration Radius
------------------------------------------------------------------------------------------------------
Atom A     Time(sec)   NProc      BIM          OAQ                     ORQ      IAQ      IRQ      MIR
------------------------------------------------------------------------------------------------------
C1             44        8     Proaim(5)    4500(GS4)                  1.00     1.00     1.00    13.00
C2             43        8     Proaim(5)    4500(GS4)                  1.00     1.00     1.00    13.00
C3             66        8     Proaim(5)    4500(GS4)                  1.00     1.00     1.00    13.00
H4             10        8     Proaim(5)    1800(GS4)                  1.00     1.00     1.00    13.00
C5             65        8     Proaim(5)    4500(GS4)                  1.00     1.00     1.00    13.00
H6             10        8     Proaim(5)    1800(GS4)                  1.00     1.00     1.00    13.00
N7             24        8     Proaim(5)    4500(GS4)                  1.00     1.00     1.00    13.00
N8             24        8     Proaim(5)    4500(GS4)                  1.00     1.00     1.00    13.00
N9             24        8     Proaim(5)    4500(GS4)                  1.00     1.00     1.00    13.00
N10            25        8     Proaim(5)    4500(GS4)                  1.00     1.00     1.00    13.00
C11            50        8     Proaim(5)    4500(GS4)                  1.00     1.00     1.00    13.00
H12             9        8     Proaim(5)    1800(GS4)                  1.00     1.00     1.00    13.00
H13             9        8     Proaim(5)    1800(GS4)                  1.00     1.00     1.00    13.00
C14            49        8     Proaim(5)    4500(GS4)                  1.00     1.00     1.00    13.00
H15             9        8     Proaim(5)    1800(GS4)                  1.00     1.00     1.00    13.00
H16             9        8     Proaim(5)    1800(GS4)                  1.00     1.00     1.00    13.00
C17            38        8     Proaim(5)    4500(GS4)                  1.00     1.00     1.00    13.00
H18             7        8     Proaim(5)    1800(GS4)                  1.00     1.00     1.00    13.00
H19             8        8     Proaim(5)    1800(GS4)                  1.00     1.00     1.00    13.00
C20            40        8     Proaim(5)    4500(GS4)                  1.00     1.00     1.00    13.00
H21             7        8     Proaim(5)    1800(GS4)                  1.00     1.00     1.00    13.00
H22            10        8     Proaim(5)    1800(GS4)                  1.00     1.00     1.00    13.00
C23            39        8     Proaim(5)    4500(GS4)                  1.00     1.00     1.00    13.00
H24             7        8     Proaim(5)    1800(GS4)                  1.00     1.00     1.00    13.00
H25            10        8     Proaim(5)    1800(GS4)                  1.00     1.00     1.00    13.00
C26            40        8     Proaim(5)    4500(GS4)                  1.00     1.00     1.00    13.00
H27             7        8     Proaim(5)    1800(GS4)                  1.00     1.00     1.00    13.00
H28            10        8     Proaim(5)    1800(GS4)                  1.00     1.00     1.00    13.00
H29             8        8     Proaim(5)    1800(GS4)                  1.00     1.00     1.00    13.00
H30             8        8     Proaim(5)    1800(GS4)                  1.00     1.00     1.00    13.00
------------------------------------------------------------------------------------------------------
Total         709
Note:  Total wall clock time is less than total of atomic times if more than one atom
       was calculated at a time
 
Electron Density Critical Point Analysis of Molecular Structure:               
---------------------------------------------------------------                
  NACP = Nuclear Attractor Critical Point                                      
  NNACP = Non-Nuclear Attractor Critical Point                                 
  BCP = Bond Critical Point                                                    
  RCP = Ring Critical Point                                                    
  CCP = Cage Critical Point                                                    
  Rho = Electron Density                                                       
  GradRho = Gradient of Electron Density                                       
  HessRho_EigVals = Eigenvalues of the Hessian of Rho, Ascending Order         
  HessRho_EigVecs = Eigenvectors of the Hessian of Rho                         
  DelSqRho = Laplacian of Rho = Trace of Hessian of Rho                        
  Bond Ellipticity = (HessRho_EigVal(1) / HessRho_EigVal(2)) - 1               
  V = Virial Field = Potential Energy Density = Trace of Stress Tensor         
  G = Lagrangian Form of Kinetic Energy Density                                
  K = Hamiltonian Form of Kinetic Energy Density                               
  L = K - G = Lagrangian Density = (-1/4)DelSqRho                              
  Vnuc = Electrostatic Potential from Nuclei                                   
  Ven = Electron-nuclear attractive contribution to Virial Field V             
  Vrep = V - Ven = Repulsive contribution to Virial Field V                    
  DelSqV = Laplacian of V                                                      
  DelSqVen = Laplacian of Ven                                                  
  DelSqVrep = Laplacian of Vrep                                                
  DelSqG = Laplacian of G                                                      
  DelSqK = Laplacian of K                                                      
  Stress_EigVals = Eigenvalues of Stress Tensor, Ascending Order               
  Stress_EigVecs = Eigenvectors of Stress Tensor                               
  -DivStress = Ehrenfest Force Density = Minus Divergence of Stress Tensor     
  ESP = Total Electrostatic Potential                                          
  ESPe = Electrostatic Potential from Electrons                                
  ESPn = Electrostatic Potential from Nuclei                                   
  BP = Bond Path                                                               
  BPL = Bond Path Length                                                       
  GBL = Geometric Bond Length                                                  
  GBL_I = Distance Between Nuclear Attractors                                  
  GBL_II = Distance Between Nuclei                                             
  GBL_III = Sum of Distances Between BCP and Nuclear Attractors                
  GBL_IV = Sum of Distances Between BCP and Nuclei                             

CP# 1      Coords = -5.41143916638358E+00  2.10148106527249E+00 -1.12833993990130E+00
           Type = (3,-3) NACP C1
           Rho =  1.1765104311E+02     Rho at Nucleus =  1.1765104280E+02
           GradRho =  1.3249679132E-12 -1.7779362427E-09  9.5689733914E-10
           HessRho_EigVals = -1.4493715548E+05 -1.4493605609E+05 -1.4493549856E+05
           HessRho_EigVec1 =  9.9976923653E-01 -2.0480619450E-02  6.4821230885E-03
           HessRho_EigVec2 =  4.0337225578E-03  4.7535918818E-01  8.7978257047E-01
           HessRho_EigVec3 =  2.1099828793E-02  8.7955340170E-01 -4.7533210578E-01
           DelSqRho = -4.3480871013E+05
           Bond Ellipticity = NA
           V = -1.0871251268E+05
           G =  5.1675727373E+00
           K =  1.0870734511E+05
           L =  1.0870217753E+05
           Vnuc =  2.8657832880E+06
           Ven = -3.3716239317E+08
           Vrep =  3.3705368066E+08
           DelSqV =  2.4940559849E+09
           DelSqVen =  1.2460674785E+12
           DelSqVrep = -1.2435734307E+12
           DelSqG =  1.3393371267E+08
           DelSqK = -2.6279896976E+09
           Stress_EigVals = -3.6237815021E+04 -3.6237632054E+04 -3.6237065603E+04
           Stress_EigVec1 =  2.5099266791E-02  8.7965691140E-01 -4.7494604433E-01
           Stress_EigVec2 =  4.7583370933E-03  4.7498521043E-01  8.7998091348E-01
           Stress_EigVec3 =  9.9967363926E-01 -2.4346829099E-02  7.7360764075E-03
           -DivStress = -1.3625342871E+01  1.5027959159E+03 -8.0664273279E+02
           ESP =  -1.4645003544E+01     ESP at Nucleus =  -1.4645003558E+01
           ESPe = -3.1944247997E+01     ESPe at Nucleus = -3.1944244150E+01
           ESPn =  1.7299244453E+01     ESPn at Nucleus =  1.7299240592E+01

CP# 2      Coords = -5.40264772268227E+00 -2.10200359477502E+00  1.13679787123451E+00
           Type = (3,-3) NACP C2
           Rho =  1.1765115154E+02     Rho at Nucleus =  1.1765115122E+02
           GradRho = -1.7285978204E-11  1.7571506472E-09 -9.5793517563E-10
           HessRho_EigVals = -1.4493732260E+05 -1.4493622334E+05 -1.4493566590E+05
           HessRho_EigVec1 =  9.9965456915E-01  1.7571429014E-02 -1.9544494534E-02
           HessRho_EigVec2 =  8.8324551476E-03  4.7578833649E-01  8.7951546126E-01
           HessRho_EigVec3 = -2.4753386036E-02  8.7938427535E-01 -4.7546878566E-01
           DelSqRho = -4.3480921184E+05
           Bond Ellipticity = NA
           V = -1.0871263809E+05
           G =  5.1675667092E+00
           K =  1.0870747053E+05
           L =  1.0870230296E+05
           Vnuc =  2.8660887876E+06
           Ven = -3.3719864627E+08
           Vrep =  3.3708993363E+08
           DelSqV =  2.4940588861E+09
           DelSqVen =  1.2462018396E+12
           DelSqVrep = -1.2437077889E+12
           DelSqG =  1.3393389927E+08
           DelSqK = -2.6279927854E+09
           Stress_EigVals = -3.6237856810E+04 -3.6237673870E+04 -3.6237107414E+04
           Stress_EigVec1 = -2.8716484982E-02  8.7945176100E-01 -4.7512099888E-01
           Stress_EigVec2 =  8.0127893190E-03  4.7550427764E-01  8.7967691635E-01
           Stress_EigVec3 =  9.9955548055E-01  2.1454184492E-02 -2.0701673125E-02
           -DivStress = -8.5006121006E+00 -1.5031872277E+03  8.0559923276E+02
           ESP =  -1.4645003595E+01     ESP at Nucleus =  -1.4645003609E+01
           ESPe = -3.1947865157E+01     ESPe at Nucleus = -3.1947861312E+01
           ESPn =  1.7302861562E+01     ESPn at Nucleus =  1.7302857703E+01

CP# 3      Coords =  1.08139935362321E+00 -1.02343558766438E+00  7.36995617845022E-01
           Type = (3,-3) NACP C3
           Rho =  1.1772746493E+02     Rho at Nucleus =  1.1772746478E+02
           GradRho = -1.1066947359E-10 -6.4737087913E-10  1.8302468568E-10
           HessRho_EigVals = -1.4507972794E+05 -1.4507892830E+05 -1.4507852019E+05
           HessRho_EigVec1 =  9.8421817944E-01 -1.3043741686E-01  1.1958534835E-01
           HessRho_EigVec2 = -3.5593123388E-02  5.1604872074E-01  8.5581940115E-01
           HessRho_EigVec3 =  1.7334273802E-01  8.4656942899E-01 -5.0326185736E-01
           DelSqRho = -4.3523717643E+05
           Bond Ellipticity = NA
           V = -1.0881953253E+05
           G =  5.1192104473E+00
           K =  1.0881441332E+05
           L =  1.0880929411E+05
           Vnuc =  4.1211996206E+06
           Ven = -4.8517838382E+08
           Vrep =  4.8506956428E+08
           DelSqV =  2.4965553538E+09
           DelSqVen =  1.7936993812E+12
           DelSqVrep = -1.7912028259E+12
           DelSqG =  1.3411338382E+08
           DelSqK = -2.6306687376E+09
           Stress_EigVals = -3.6273434271E+04 -3.6273263419E+04 -3.6272834839E+04
           Stress_EigVec1 =  3.5304872700E-02  7.7285943627E-01 -6.3359439528E-01
           Stress_EigVec2 = -8.1407770513E-02  6.3410675336E-01  7.6894824289E-01
           Stress_EigVec3 =  9.9605539046E-01  2.4431887301E-02  8.5303821832E-02
           -DivStress =  1.8127344044E+02  1.1302724290E+03 -3.0278788653E+02
           ESP =  -1.4751400208E+01     ESP at Nucleus =  -1.4751400226E+01
           ESPe = -3.3679738167E+01     ESPe at Nucleus = -3.3679739324E+01
           ESPn =  1.8928337959E+01     ESPn at Nucleus =  1.8928339098E+01

CP# 4      Coords =  1.11832184617071E+00 -7.48182364222381E-01  2.74848778674054E+00
           Type = (3,-3) NACP H4
           Rho =  4.2837369885E-01     Rho at Nucleus =  4.2487181652E-01
           GradRho = -3.5904334193E-11 -4.3790454422E-10 -3.1129298935E-09
           HessRho_EigVals = -6.5438405139E+00 -6.5358921649E+00 -5.9584090082E+00
           HessRho_EigVec1 =  2.1299384290E-01 -9.6792261281E-01  1.3326454327E-01
           HessRho_EigVec2 =  9.7695341652E-01  2.0902911874E-01 -4.3230191757E-02
           HessRho_EigVec3 =  1.3987310119E-02  1.3940101552E-01  9.9013721879E-01
           DelSqRho = -1.9038141687E+01
           Bond Ellipticity = NA
           V = -4.7692296091E+00
           G =  4.8470936669E-03
           K =  4.7643825154E+00
           L =  4.7595354218E+00
           Vnuc =  4.8340080706E+01
           Ven = -2.0707619175E+01
           Vrep =  1.5938389566E+01
           DelSqV =  7.1802137666E+02
           DelSqVen =  9.2030531112E+02
           DelSqVrep = -2.0228393445E+02
           DelSqG =  7.0861859108E+01
           DelSqK = -7.8888323577E+02
           Stress_EigVals = -1.6391984439E+00 -1.6382566152E+00 -1.4917745500E+00
           Stress_EigVec1 = -1.8116231806E-01  9.7441786313E-01 -1.3300391922E-01
           Stress_EigVec2 =  9.8338194006E-01  1.7785676623E-01 -3.6427059701E-02
           Stress_EigVec3 =  1.1839530706E-02  1.3739286269E-01  9.9044587272E-01
           -DivStress =  7.9700128674E-02  1.0734242050E+00  7.6538025942E+00
           ESP =  -1.1166449931E+00     ESP at Nucleus =  -1.1189761684E+00
           ESPe = -1.9927050982E+01     ESPe at Nucleus = -1.9835612474E+01
           ESPn =  1.8810405989E+01     ESPn at Nucleus =  1.8716636306E+01

CP# 5      Coords =  1.08350284371740E+00  1.01732638505893E+00 -7.59940070947471E-01
           Type = (3,-3) NACP C5
           Rho =  1.1772741797E+02     Rho at Nucleus =  1.1772741782E+02
           GradRho = -1.1924561338E-10  6.6505501106E-10 -1.8609636748E-10
           HessRho_EigVals = -1.4507965614E+05 -1.4507885660E+05 -1.4507844837E+05
           HessRho_EigVec1 =  9.8466773325E-01  1.3293243040E-01 -1.1295319401E-01
           HessRho_EigVec2 =  2.8659820073E-02  5.1543626808E-01  8.5644852050E-01
           HessRho_EigVec3 = -1.7206995613E-01  8.4655444154E-01 -5.0372364219E-01
           DelSqRho = -4.3523696112E+05
           Bond Ellipticity = NA
           V = -1.0881947846E+05
           G =  5.1190928056E+00
           K =  1.0881435937E+05
           L =  1.0880924028E+05
           Vnuc =  4.1259838375E+06
           Ven = -4.8574142377E+08
           Vrep =  4.8563260430E+08
           DelSqV =  2.4965541146E+09
           DelSqVen =  1.7957806408E+12
           DelSqVrep = -1.7932840867E+12
           DelSqG =  1.3411330343E+08
           DelSqK = -2.6306674180E+09
           Stress_EigVals = -3.6273416250E+04 -3.6273245381E+04 -3.6272816833E+04
           Stress_EigVec1 = -3.3032987942E-02  7.7313706627E-01 -6.3337816387E-01
           Stress_EigVec2 =  7.4661817123E-02  6.3386216959E-01  7.6983398407E-01
           Stress_EigVec3 =  9.9666164508E-01 -2.1859247928E-02 -7.8662179658E-02
           -DivStress =  1.8125290640E+02 -1.1281633895E+03  3.0530161364E+02
           ESP =  -1.4751392836E+01     ESP at Nucleus =  -1.4751392854E+01
           ESPe = -3.3675193269E+01     ESPe at Nucleus = -3.3675194426E+01
           ESPn =  1.8923800433E+01     ESPn at Nucleus =  1.8923801573E+01

CP# 6      Coords =  1.13460318190199E+00  7.42157953283581E-01 -2.77116731925320E+00
           Type = (3,-3) NACP H6
           Rho =  4.2837951047E-01     Rho at Nucleus =  4.2487870689E-01
           GradRho = -5.7411208600E-11  4.3353743772E-10  3.0827303557E-09
           HessRho_EigVals = -6.5439849304E+00 -6.5360363119E+00 -5.9586404123E+00
           HessRho_EigVec1 =  2.1142044950E-01  9.6846328613E-01 -1.3183420252E-01
           HessRho_EigVec2 = -9.7716959144E-01  2.0654202547E-01 -4.9799410377E-02
           HessRho_EigVec3 = -2.0999597407E-02  1.3935298754E-01  9.9002008150E-01
           DelSqRho = -1.9038661655E+01
           Bond Ellipticity = NA
           V = -4.7693596925E+00
           G =  4.8471394390E-03
           K =  4.7645125531E+00
           L =  4.7596654137E+00
           Vnuc =  4.8323639716E+01
           Ven = -2.0700857126E+01
           Vrep =  1.5931497433E+01
           DelSqV =  7.1804669641E+02
           DelSqVen =  9.2001743189E+02
           DelSqVrep = -2.0197073548E+02
           DelSqG =  7.0864638215E+01
           DelSqK = -7.8891133462E+02
           Stress_EigVals = -1.6392343723E+00 -1.6382926623E+00 -1.4918326580E+00
           Stress_EigVec1 =  1.7957130514E-01  9.7487780946E-01 -1.3178544302E-01
           Stress_EigVec2 =  9.8356430161E-01 -1.7535278118E-01  4.3042615296E-02
           Stress_EigVec3 = -1.8852346561E-02  1.3734867583E-01  9.9034333959E-01
           -DivStress =  1.3393132397E-01 -1.0728702568E+00 -7.6520228166E+00
           ESP =  -1.1166427996E+00     ESP at Nucleus =  -1.1189733197E+00
           ESPe = -1.9905610459E+01     ESPe at Nucleus = -1.9813982950E+01
           ESPn =  1.8788967659E+01     ESPn at Nucleus =  1.8695009630E+01

CP# 7      Coords = -5.48232957770072E+00 -2.17472652566786E+00 -1.39138006845254E+00
           Type = (3,-3) NACP N7
           Rho =  1.9139928246E+02     Rho at Nucleus =  1.9139924917E+02
           GradRho =  1.2911668262E-10 -3.9565684062E-11  3.0922681082E-11
           HessRho_EigVals = -3.2206572390E+05 -3.2206385335E+05 -3.2205412189E+05
           HessRho_EigVec1 =  9.9720776418E-01  1.0465519336E-02 -7.3940164733E-02
           HessRho_EigVec2 =  6.4437502892E-02 -6.2100853949E-01  7.8115056301E-01
           HessRho_EigVec3 =  3.7742327389E-02  7.8373392601E-01  6.1994890914E-01
           DelSqRho = -9.6618369914E+05
           Bond Ellipticity = NA
           V = -2.4157842670E+05
           G =  1.6250957407E+01
           K =  2.4156217574E+05
           L =  2.4154592478E+05
           Vnuc =  4.8685830758E+05
           Ven = -9.3184330732E+07
           Vrep =  9.2942752305E+07
           DelSqV =  7.5850940521E+09
           DelSqVen =  4.7039456048E+11
           DelSqVrep = -4.6280946640E+11
           DelSqG =  4.0652748500E+08
           DelSqK = -7.9916215371E+09
           Stress_EigVals = -8.0527716965E+04 -8.0525701837E+04 -8.0525007898E+04
           Stress_EigVec1 =  3.8870677385E-02  7.6199066550E-01  6.4642037107E-01
           Stress_EigVec2 =  4.4341401442E-02 -6.4758737274E-01  7.6069996371E-01
           Stress_EigVec3 =  9.9825994138E-01 -9.0573770228E-04 -5.8959893838E-02
           -DivStress = -9.1947128753E+02 -3.1690940884E+04 -1.5912360781E+04
           ESP =  -1.8289316113E+01     ESP at Nucleus =  -1.8289317650E+01
           ESPe = -3.4697396198E+01     ESPe at Nucleus = -3.4697366958E+01
           ESPn =  1.6408080085E+01     ESPn at Nucleus =  1.6408049307E+01

CP# 8      Coords = -5.48299240829784E+00  2.88943596459865E-02 -2.57873476152825E+00
           Type = (3,-3) NACP N8
           Rho =  1.9139963657E+02     Rho at Nucleus =  1.9139960331E+02
           GradRho = -1.2930621851E-10 -1.6475709685E-13  6.0344618191E-11
           HessRho_EigVals = -3.2206655676E+05 -3.2206467423E+05 -3.2205494454E+05
           HessRho_EigVec1 =  9.9757921933E-01 -6.1942639767E-02 -3.1603964143E-02
           HessRho_EigVec2 =  5.8927397729E-02  9.9430799988E-01 -8.8764650481E-02
           HessRho_EigVec3 =  3.6922391144E-02  8.6687431366E-02  9.9555111686E-01
           DelSqRho = -9.6618617553E+05
           Bond Ellipticity = NA
           V = -2.4157904462E+05
           G =  1.6250369140E+01
           K =  2.4156279425E+05
           L =  2.4154654388E+05
           Vnuc =  4.8713506130E+05
           Ven = -9.3237473692E+07
           Vrep =  9.2995894647E+07
           DelSqV =  7.5851137773E+09
           DelSqVen =  4.7066316224E+11
           DelSqVrep = -4.6307804846E+11
           DelSqG =  4.0652884069E+08
           DelSqK = -7.9916426180E+09
           Stress_EigVals = -8.0527923742E+04 -8.0525909014E+04 -8.0525211866E+04
           Stress_EigVec1 =  3.7966069028E-02  1.2061652871E-01  9.9197289812E-01
           Stress_EigVec2 =  3.9650864887E-02  9.9172497883E-01 -1.2210395272E-01
           Stress_EigVec3 =  9.9849205631E-01 -4.3968390453E-02 -3.2869349321E-02
           -DivStress = -8.6794225487E+02  4.1260006548E+03 -3.5202093528E+04
           ESP =  -1.8289186605E+01     ESP at Nucleus =  -1.8289188140E+01
           ESPe = -3.4662578470E+01     ESPe at Nucleus = -3.4662548911E+01
           ESPn =  1.6373391865E+01     ESPn at Nucleus =  1.6373360771E+01

CP# 9      Coords = -5.44958957848782E+00 -2.91379500719314E-02  2.58800773960528E+00
           Type = (3,-3) NACP N9
           Rho =  1.9139954098E+02     Rho at Nucleus =  1.9139950773E+02
           GradRho = -1.2412994244E-11 -4.9693582582E-13 -2.8335112034E-11
           HessRho_EigVals = -3.2206639335E+05 -3.2206451170E+05 -3.2205478340E+05
           HessRho_EigVec1 =  9.9807762022E-01  5.9088472369E-02  1.8698033400E-02
           HessRho_EigVec2 = -5.7227968887E-02  9.9448024842E-01 -8.7943135462E-02
           HessRho_EigVec3 = -2.3791250431E-02  8.6704024882E-02  9.9594999296E-01
           DelSqRho = -9.6618568846E+05
           Bond Ellipticity = NA
           V = -2.4157892325E+05
           G =  1.6250565529E+01
           K =  2.4156267268E+05
           L =  2.4154642211E+05
           Vnuc =  4.8718323198E+05
           Ven = -9.3246646974E+07
           Vrep =  9.3005068050E+07
           DelSqV =  7.5851099496E+09
           DelSqVen =  4.7070946637E+11
           DelSqVrep = -4.6312435642E+11
           DelSqG =  4.0652863603E+08
           DelSqK = -7.9916385856E+09
           Stress_EigVals = -8.0527883002E+04 -8.0525868609E+04 -8.0525171635E+04
           Stress_EigVec1 = -2.4780537938E-02  1.2060868697E-01  9.9239078470E-01
           Stress_EigVec2 = -3.8395840599E-02  9.9184834439E-01 -1.2150152736E-01
           Stress_EigVec3 =  9.9895529648E-01  4.1114551589E-02  1.9947663607E-02
           -DivStress = -4.2341453674E+02 -4.1249510152E+03  3.5206863304E+04
           ESP =  -1.8289176423E+01     ESP at Nucleus =  -1.8289177958E+01
           ESPe = -3.4679806521E+01     ESPe at Nucleus = -3.4679777032E+01
           ESPn =  1.6390630098E+01     ESPn at Nucleus =  1.6390599075E+01

CP# 10     Coords = -5.45804748823826E+00  2.17437453547839E+00  1.40076727550714E+00
           Type = (3,-3) NACP N10
           Rho =  1.9139916725E+02     Rho at Nucleus =  1.9139913396E+02
           GradRho = -9.4410611273E-11 -2.8192115309E-11 -3.0730307188E-11
           HessRho_EigVals = -3.2206551084E+05 -3.2206364038E+05 -3.2205391001E+05
           HessRho_EigVec1 =  9.9804770968E-01 -1.3268041067E-02  6.1030552119E-02
           HessRho_EigVec2 = -5.6070288646E-02 -6.2078598535E-01  7.8197243118E-01
           HessRho_EigVec3 = -2.7511669104E-02  7.8386779464E-01  6.2031797377E-01
           DelSqRho = -9.6618306123E+05
           Bond Ellipticity = NA
           V = -2.4157826747E+05
           G =  1.6251082317E+01
           K =  2.4156201639E+05
           L =  2.4154576531E+05
           Vnuc =  4.8689640688E+05
           Ven = -9.3191566813E+07
           Vrep =  9.2949988546E+07
           DelSqV =  7.5850890985E+09
           DelSqVen =  4.7043106070E+11
           DelSqVrep = -4.6284597167E+11
           DelSqG =  4.0652719261E+08
           DelSqK = -7.9916162911E+09
           Stress_EigVals = -8.0527663715E+04 -8.0525648854E+04 -8.0524954904E+04
           Stress_EigVec1 = -2.8356521191E-02  7.6214322234E-01  6.4678714919E-01
           Stress_EigVec2 = -3.6292934095E-02 -6.4740570717E-01  7.6128094240E-01
           Stress_EigVec3 =  9.9893880225E-01 -1.8865242034E-03  4.6018587394E-02
           -DivStress = -6.2214727249E+02  3.1691412839E+04  1.5919631075E+04
           ESP =  -1.8289303573E+01     ESP at Nucleus =  -1.8289305110E+01
           ESPe = -3.4711465275E+01     ESPe at Nucleus = -3.4711436091E+01
           ESPn =  1.6422161701E+01     ESPn at Nucleus =  1.6422130981E+01

CP# 11     Coords =  1.96016286812825E+00  3.53807318057349E+00  1.74898551612552E-01
           Type = (3,-3) NACP C11
           Rho =  1.1754576013E+02     Rho at Nucleus =  1.1754576006E+02
           GradRho =  7.1769146182E-11 -1.3594045334E-10 -1.3026899004E-10
           HessRho_EigVals = -1.4484590189E+05 -1.4484569655E+05 -1.4484543910E+05
           HessRho_EigVec1 =  9.4372128338E-01  3.1673753924E-01  9.5223266782E-02
           HessRho_EigVec2 = -3.2059935236E-01  8.0529539597E-01  4.9871372600E-01
           HessRho_EigVec3 =  8.1278500031E-02 -5.0117527520E-01  8.6152025453E-01
           DelSqRho = -4.3453703753E+05
           Bond Ellipticity = NA
           V = -1.0864460125E+05
           G =  5.1709357252E+00
           K =  1.0863943032E+05
           L =  1.0863425938E+05
           Vnuc =  6.0507221167E+06
           Ven = -7.1123673056E+08
           Vrep =  7.1112808596E+08
           DelSqV =  2.4925487871E+09
           DelSqVen =  2.6292630241E+12
           DelSqVrep = -2.6267705081E+12
           DelSqG =  1.3388831533E+08
           DelSqK = -2.6264371024E+09
           Stress_EigVals = -3.6214955135E+04 -3.6214878679E+04 -3.6214767441E+04
           Stress_EigVec1 =  1.0764136568E-01 -5.2221884711E-01  8.4599102366E-01
           Stress_EigVec2 = -3.3093549690E-01  7.8358803274E-01  5.2580556468E-01
           Stress_EigVec3 =  9.3749401773E-01  3.3656688885E-01  8.8474267683E-02
           -DivStress = -2.6833824555E+02  5.8430747544E+02  4.8701197761E+02
           ESP =  -1.4738076480E+01     ESP at Nucleus =  -1.4738076480E+01
           ESPe = -3.1826200294E+01     ESPe at Nucleus = -3.1826198986E+01
           ESPn =  1.7088123815E+01     ESPn at Nucleus =  1.7088122505E+01

CP# 12     Coords =  1.12679255854464E+00  5.12451098421091E+00 -8.02218135050103E-01
           Type = (3,-3) NACP H12
           Rho =  4.2891140076E-01     Rho at Nucleus =  4.2555171545E-01
           GradRho =  4.5449755071E-16 -4.9374566935E-16  4.6176170526E-16
           HessRho_EigVals = -6.5371216713E+00 -6.5365801288E+00 -5.9708401648E+00
           HessRho_EigVec1 =  8.8446093630E-01  4.6661203462E-01 -1.4357261182E-03
           HessRho_EigVec2 = -2.1982135790E-01  4.1938048929E-01  8.8079428689E-01
           HessRho_EigVec3 = -4.1159132981E-01  7.7871253640E-01 -4.7349695128E-01
           DelSqRho = -1.9044541965E+01
           Bond Ellipticity = NA
           V = -4.7709406791E+00
           G =  4.9025939556E-03
           K =  4.7660380852E+00
           L =  4.7611354912E+00
           Vnuc =  4.6787228893E+01
           Ven = -2.0067575882E+01
           Vrep =  1.5296635203E+01
           DelSqV =  7.1865445775E+02
           DelSqVen =  8.9104134409E+02
           DelSqVrep = -1.7238688633E+02
           DelSqG =  7.0820174511E+01
           DelSqK = -7.8947463226E+02
           Stress_EigVals = -1.6380807383E+00 -1.6378441234E+00 -1.4950158174E+00
           Stress_EigVec1 =  9.1131781506E-01  3.3665238983E-01 -2.3699157871E-01
           Stress_EigVec2 =  2.5083552474E-02  5.2916543281E-01  8.4814784095E-01
           Stress_EigVec3 = -4.1093874891E-01  7.7887682797E-01 -4.7379344815E-01
           -DivStress = -3.1138556820E+00  5.8903796908E+00 -3.5840107989E+00
           ESP =  -1.1263519265E+00     ESP at Nucleus =  -1.1285547621E+00
           ESPe = -1.7749981080E+01     ESPe at Nucleus = -1.7661946232E+01
           ESPn =  1.6623629154E+01     ESPn at Nucleus =  1.6533391470E+01

CP# 13     Coords =  1.54561727561395E+00  3.74889541063372E+00  2.16164382668733E+00
           Type = (3,-3) NACP H13
           Rho =  4.2750436933E-01     Rho at Nucleus =  4.2409258750E-01
           GradRho =  1.9703705117E-10 -1.0235746365E-10 -9.2408309954E-10
           HessRho_EigVals = -6.5068381241E+00 -6.5058123132E+00 -5.9376825914E+00
           HessRho_EigVec1 =  6.8017000382E-01  7.3022671639E-01  6.4325022942E-02
           HessRho_EigVec2 =  7.0317206391E-01 -6.7472525711E-01  2.2426519114E-01
           HessRho_EigVec3 = -2.0716615177E-01  1.0730689677E-01  9.7240290799E-01
           DelSqRho = -1.8950333029E+01
           Bond Ellipticity = NA
           V = -4.7473152334E+00
           G =  4.8659881083E-03
           K =  4.7424492453E+00
           L =  4.7375832572E+00
           Vnuc =  4.7379172599E+01
           Ven = -2.0254803302E+01
           Vrep =  1.5507488068E+01
           DelSqV =  7.1468683503E+02
           DelSqVen =  8.9785110107E+02
           DelSqVrep = -1.8316426604E+02
           DelSqG =  7.0352551045E+01
           DelSqK = -7.8503938608E+02
           Stress_EigVals = -1.6304850869E+00 -1.6301446881E+00 -1.4866854584E+00
           Stress_EigVec1 =  7.9831612028E-01  5.9309407956E-01  1.0455039400E-01
           Stress_EigVec2 =  5.6554798259E-01 -7.9796523195E-01  2.0834338961E-01
           Stress_EigVec3 = -2.0699481030E-01  1.0719562207E-01  9.7245166827E-01
           -DivStress = -1.5779440433E+00  8.1887044256E-01  7.3947538234E+00
           ESP =  -1.1253664890E+00     ESP at Nucleus =  -1.1275832231E+00
           ESPe = -1.8648039813E+01     ESPe at Nucleus = -1.8565937225E+01
           ESPn =  1.7522673324E+01     ESPn at Nucleus =  1.7438354002E+01

CP# 14     Coords =  1.97021880186396E+00 -3.54201730107305E+00 -1.92108852076243E-01
           Type = (3,-3) NACP C14
           Rho =  1.1754574738E+02     Rho at Nucleus =  1.1754574731E+02
           GradRho =  6.1570304410E-11  1.2469764110E-10  1.2633735724E-10
           HessRho_EigVals = -1.4484588002E+05 -1.4484567518E+05 -1.4484541795E+05
           HessRho_EigVec1 =  9.4537935598E-01 -3.1368257316E-01 -8.8662937995E-02
           HessRho_EigVec2 =  3.1442013061E-01  8.0572867773E-01  5.0193752534E-01
           HessRho_EigVec3 = -8.6010782722E-02 -5.0239878700E-01  8.6034737408E-01
           DelSqRho = -4.3453697315E+05
           Bond Ellipticity = NA
           V = -1.0864458512E+05
           G =  5.1709167870E+00
           K =  1.0863941420E+05
           L =  1.0863424329E+05
           Vnuc =  6.0672344174E+06
           Ven = -7.1317760413E+08
           Vrep =  7.1306895955E+08
           DelSqV =  2.4925484092E+09
           DelSqVen =  2.6364372255E+12
           DelSqVrep = -2.6339446771E+12
           DelSqG =  1.3388828947E+08
           DelSqK = -2.6264366987E+09
           Stress_EigVals = -3.6214949674E+04 -3.6214873277E+04 -3.6214762170E+04
           Stress_EigVec1 = -1.1225265058E-01 -5.2347271777E-01  8.4461568550E-01
