AIMSum (Version 19.02.13, Professional)
Copyright (c) 1997-2019 by Todd A. Keith
AIMSum is a component of the AIMAll package ( http://aim.tkgristmill.com )

TP:  64-bit Linux

Much of the Quantum Theory of Atoms in Molecules (QTAIM) is described in the book:
  "Atoms in Molecules - A Quantum Theory"
  R.F.W. Bader, Oxford University Press, Oxford, 1990

For additional references see:  http://aim.tkgristmill.com/references.html

Wfn File:  /home/mhennefarth/Documents/ML_Diels/summary-liu2014/4_8-opt/4_8-opt.wfn
Sum File:  /home/mhennefarth/Documents/ML_Diels/summary-liu2014/4_8-opt/4_8-opt.sum

SumViz File:  /home/mhennefarth/Documents/ML_Diels/summary-liu2014/4_8-opt/4_8-opt.sumviz

Wfn Title:   Title Card Required                                                           
 
Total memory allocated for AIMSum =        0.996 Megabytes

Atomic units (a.u.) used throughout, except where stated otherwise

Model:  Restricted SCF
 
Restricted, closed-shell, single-determinant wavefunction.
  Number of electrons (from MO Occs)                   =          72.0000000000
  Number of Alpha electrons (from MO Occs)             =          36.0000000000
  Number of Beta electrons (from MO Occs)              =          36.0000000000
  Number of electron pairs (N*(N-1)/2)                 =        2556.0000000000
  Number of electron pairs (from Muller 2EDM)          =        2556.0000000000
 
Nuclear Charges and Cartesian Coordinates:
-------------------------------------------------------------------------------
Atom      Charge                X                  Y                  Z
-------------------------------------------------------------------------------
C1         6.0           2.7403363700E+00  -5.1041187000E-01   2.3347923000E+00
N2         7.0           2.7847492700E+00   1.9396253500E+00   1.7069783800E+00
N3         7.0           2.7813970500E+00   2.4752355700E+00  -7.3952350000E-01
C4         6.0           2.7380725900E+00   5.1182095000E-01  -2.3351966000E+00
N5         7.0           2.7843324400E+00  -1.9383778600E+00  -1.7073535600E+00
N6         7.0           2.7832970000E+00  -2.4739407400E+00   7.3894069000E-01
C7         6.0          -3.8583593300E+00   1.1428042900E+00   8.1353500000E-03
C8         6.0          -3.8572425400E+00  -1.1446209200E+00  -7.5409800000E-03
C9         6.0          -3.8829401700E+00   3.9062074200E+00   2.2065050000E-02
C10        6.0          -3.8793956100E+00  -3.9080470100E+00  -2.1390110000E-02
H11        1.0          -1.9985850400E+00   4.6795312400E+00  -3.6032737000E-01
H12        1.0          -5.1760449200E+00   4.6519559300E+00  -1.4164455400E+00
H13        1.0          -4.4990632900E+00   4.6439819300E+00   1.8585439600E+00
H14        1.0          -4.4842340000E+00  -4.6464626600E+00  -1.8613735600E+00
H15        1.0          -5.1801789100E+00  -4.6547779400E+00   1.4096741200E+00
H16        1.0          -1.9966455700E+00  -4.6798627900E+00   3.7183273000E-01
H17        1.0           2.6997914900E+00  -9.4895891000E-01   4.3384154600E+00
H18        1.0           2.6957021300E+00   9.5027979000E-01  -4.3388038500E+00
 
Some Atomic Properties:
----------------------
  q(A) = Net Charge of Atom A
  L(A) = Lagrangian of Atom A = -(1/4) Times Atomic Integral of the Laplacian of the Electron Density
  K(A) = Electronic Kinetic Energy of Atom A (Hamiltonian Form)
  K_Scaled(A) = K(A) * E(Mol)/K(Mol) = Approximation to Virial-Based Total Energy of Atom A.
  |Mu_Intra(A)| = Magnitude of Intraatomic Dipole Moment of Atom A
--------------------------------------------------------------------------------------------------
Atom A          q(A)              L(A)              K(A)          K_Scaled(A)      |Mu_Intra(A)|
--------------------------------------------------------------------------------------------------
C1        1.0795575842E+00  1.9045178917E-04  3.7107296225E+01 -3.7459425541E+01  6.5687284181E-01
N2       -5.9179683240E-01  5.8325379425E-05  5.4571843033E+01 -5.5089701991E+01  6.7509758282E-01
N3       -5.9827780030E-01  1.8471454955E-04  5.4570150657E+01 -5.5087993556E+01  6.7671108338E-01
C4        1.0795921817E+00  1.9389725881E-04  3.7107296082E+01 -3.7459425397E+01  6.5665023167E-01
N5       -5.9151096130E-01 -3.2662338844E-05  5.4571559946E+01 -5.5089416218E+01  6.7492557912E-01
N6       -5.9814093560E-01  3.2642241879E-05  5.4569885510E+01 -5.5087725893E+01  6.7652716938E-01
C7       -1.8257796540E-01  2.0870662270E-05  3.7787389990E+01 -3.8145973049E+01  7.5006955203E-02
C8       -1.8259270520E-01  1.6464356307E-05  3.7787396809E+01 -3.8145979933E+01  7.5074235400E-02
C9        4.3445539000E-02  3.9463246029E-04  3.7636536471E+01 -3.7993688008E+01  2.2970214391E-01
C10       4.3312871900E-02 -5.3766332198E-05  3.7636295292E+01 -3.7993444540E+01  2.2897329179E-01
H11       5.8143071670E-02  3.5111503998E-05  5.8865022476E-01 -5.9423621518E-01  1.3890385562E-01
H12       4.1898169290E-02  2.2186400707E-05  5.9374118247E-01 -5.9937548348E-01  1.4975020753E-01
H13       4.3965030880E-02  2.4803796319E-05  5.9296405562E-01 -5.9859098209E-01  1.4913690332E-01
H14       4.3987403660E-02  2.4485828340E-05  5.9295245101E-01 -5.9857926736E-01  1.4913103377E-01
H15       4.1907186700E-02  2.2592042989E-05  5.9373630249E-01 -5.9937055720E-01  1.4974910111E-01
H16       5.8036114610E-02  2.1236675510E-05  5.8868627964E-01 -5.9427261220E-01  1.3890283505E-01
H17       1.0581710149E-01  2.2007470071E-05  5.7802222799E-01 -5.8350736414E-01  1.3894347229E-01
H18       1.0582233755E-01  2.3579595329E-05  5.7802072921E-01 -5.8350585114E-01  1.3894270802E-01
--------------------------------------------------------------------------------------------------
Total     5.8739245000E-04  1.2015733399E-03  4.4805242347E+02 -4.5230421246E+02
 
1st Largest |L(A)| = 3.9463246029E-04, atom C9      
2nd Largest |L(A)| = 1.9389725881E-04, atom C4      
 
Molecular charge q(Mol) from the wfn file:   0.0000000000E+00
Molecular energy E(Mol) from the wfn file:  -4.5230372704E+02
Molecular virial ratio (-V(Mol)/T(Mol)) from the wfn file:   2.0094894900E+00
Note.  K_Scaled(A) = (1+V(Mol)/T(Mol))*K(A) = (E(Mol)/T(Mol))*K(A)
       Only use K_Scaled(A) data with caution.
 
N_AIMInt(SumA)     =         71.999413
N_Analytic(Mol)    =         71.999993
 
G_AIMInt(SumA)     =        448.051222
G_Analytic(Mol)    =        448.051926
 
K_AIMInt(SumA)     =        448.052423
K_Analytic(Mol)    =        448.051926
 
L_AIMInt(SumA)     =          0.001202
L_Analytic(Mol)    =          0.000000
 
VenT_AIMInt(SumA)  =      -2001.008129
VenT_Analytic(Mol) =      -2001.013542
 
Some Information About the Atomic Calculations:
----------------------------------------------
  Time(sec) = "Elapsed User Time", in Seconds, for Atom A by AIMInt and, if used, by TWOe
  NProc = Number of Processors Used for AIMInt Job
  BIM = Basin Integration Method
  OAQ = Angular Quadrature Outside of Beta Sphere
  ORQ = Multiple of Default for Radial Quadrature Outside of Beta Sphere
  IAQ = Multiple of Default for Angular Quadrature Inside of Beta Sphere
  IRQ = Multiple of Default for Radial Quadrature Inside of Beta Sphere
  MIR = Maximum Integration Radius
------------------------------------------------------------------------------------------------------
Atom A     Time(sec)   NProc      BIM          OAQ                     ORQ      IAQ      IRQ      MIR
------------------------------------------------------------------------------------------------------
C1             80        8    Promega(1)    4500(GS4)                  1.00     1.00     1.00    13.00
N2             24        8     Proaim(5)    4500(GS4)                  1.00     1.00     1.00    13.00
N3             74        8    Promega(1)    4500(GS4)                  1.00     1.00     1.00    13.00
C4             73        8    Promega(1)    4500(GS4)                  1.00     1.00     1.00    13.00
N5             24        8     Proaim(5)    4500(GS4)                  1.00     1.00     1.00    13.00
N6             62        8     Proaim(5)    4500(GS4)                  1.00     1.00     1.00    13.00
C7            101        8    Promega(1)    4500(GS4)                  1.00     1.00     1.00    13.00
C8             78        8     Proaim(5)    4500(GS4)                  1.00     1.00     1.00    13.00
C9             68        8    Promega(1)    4500(GS4)                  1.00     1.00     1.00    13.00
C10            22        8     Proaim(5)    4500(GS4)                  1.00     1.00     1.00    13.00
H11            61        8    Promega(1)    4500(GS4)                  1.00     1.00     1.00    13.00
H12             5        8     Proaim(5)    1800(GS4)                  1.00     1.00     1.00    13.00
H13             6        8     Proaim(5)    1800(GS4)                  1.00     1.00     1.00    13.00
H14             5        8     Proaim(5)    1800(GS4)                  1.00     1.00     1.00    13.00
H15             5        8     Proaim(5)    1800(GS4)                  1.00     1.00     1.00    13.00
H16            12        8     Proaim(5)    4500(GS4)                  1.00     1.00     1.00    13.00
H17             5        8     Proaim(5)    1800(GS4)                  1.00     1.00     1.00    13.00
H18             5        8     Proaim(5)    1800(GS4)                  1.00     1.00     1.00    13.00
------------------------------------------------------------------------------------------------------
Total         710
Note:  Total wall clock time is less than total of atomic times if more than one atom
       was calculated at a time
 
Electron Density Critical Point Analysis of Molecular Structure:               
---------------------------------------------------------------                
  NACP = Nuclear Attractor Critical Point                                      
  NNACP = Non-Nuclear Attractor Critical Point                                 
  BCP = Bond Critical Point                                                    
  RCP = Ring Critical Point                                                    
  CCP = Cage Critical Point                                                    
  Rho = Electron Density                                                       
  GradRho = Gradient of Electron Density                                       
  HessRho_EigVals = Eigenvalues of the Hessian of Rho, Ascending Order         
  HessRho_EigVecs = Eigenvectors of the Hessian of Rho                         
  DelSqRho = Laplacian of Rho = Trace of Hessian of Rho                        
  Bond Ellipticity = (HessRho_EigVal(1) / HessRho_EigVal(2)) - 1               
  V = Virial Field = Potential Energy Density = Trace of Stress Tensor         
  G = Lagrangian Form of Kinetic Energy Density                                
  K = Hamiltonian Form of Kinetic Energy Density                               
  L = K - G = Lagrangian Density = (-1/4)DelSqRho                              
  Vnuc = Electrostatic Potential from Nuclei                                   
  Ven = Electron-nuclear attractive contribution to Virial Field V             
  Vrep = V - Ven = Repulsive contribution to Virial Field V                    
  DelSqV = Laplacian of V                                                      
  DelSqVen = Laplacian of Ven                                                  
  DelSqVrep = Laplacian of Vrep                                                
  DelSqG = Laplacian of G                                                      
  DelSqK = Laplacian of K                                                      
  Stress_EigVals = Eigenvalues of Stress Tensor, Ascending Order               
  Stress_EigVecs = Eigenvectors of Stress Tensor                               
  -DivStress = Ehrenfest Force Density = Minus Divergence of Stress Tensor     
  ESP = Total Electrostatic Potential                                          
  ESPe = Electrostatic Potential from Electrons                                
  ESPn = Electrostatic Potential from Nuclei                                   
  BP = Bond Path                                                               
  BPL = Bond Path Length                                                       
  GBL = Geometric Bond Length                                                  
  GBL_I = Distance Between Nuclear Attractors                                  
  GBL_II = Distance Between Nuclei                                             
  GBL_III = Sum of Distances Between BCP and Nuclear Attractors                
  GBL_IV = Sum of Distances Between BCP and Nuclei                             

CP# 1      Coords =  2.74033639627040E+00 -5.10411414133889E-01  2.33479017306013E+00
           Type = (3,-3) NACP C1
           Rho =  1.1764656190E+02     Rho at Nucleus =  1.1764656156E+02
           GradRho =  4.6679382582E-11  4.7147877963E-10 -2.2024062574E-09
           HessRho_EigVals = -1.4493022640E+05 -1.4492913205E+05 -1.4492855394E+05
           HessRho_EigVec1 =  9.9984775161E-01 -6.4747800439E-03  1.6203419977E-02
           HessRho_EigVec2 =  2.7766569736E-03  9.7581241399E-01  2.1859190946E-01
           HessRho_EigVec3 = -1.7226832896E-02 -2.1851363785E-01  9.7568182637E-01
           DelSqRho = -4.3478791239E+05
           Bond Ellipticity = NA
           V = -1.0870731637E+05
           G =  5.1691373383E+00
           K =  1.0870214724E+05
           L =  1.0869697810E+05
           Vnuc =  2.7581245126E+06
           Ven = -3.2448386620E+08
           Vrep =  3.2437515888E+08
           DelSqV =  2.4939356816E+09
           DelSqVen =  1.1991991419E+12
           DelSqVrep = -1.1967052062E+12
           DelSqG =  1.3392595371E+08
           DelSqK = -2.6278616354E+09
           Stress_EigVals = -3.6236086196E+04 -3.6235896937E+04 -3.6235333241E+04
           Stress_EigVec1 = -2.0841656686E-02 -2.1818898070E-01  9.7568396218E-01
           Stress_EigVec2 =  1.4997462674E-03  9.7588801650E-01  2.1826664889E-01
           Stress_EigVec3 =  9.9978166422E-01 -6.0123169426E-03  2.0011894895E-02
           -DivStress = -1.8576815400E+01 -3.7137319491E+02  1.7322935186E+03
           ESP =  -1.4640417419E+01     ESP at Nucleus =  -1.4640417434E+01
           ESPe = -2.9222826710E+01     ESPe at Nucleus = -2.9222822746E+01
           ESPn =  1.4582409291E+01     ESPn at Nucleus =  1.4582405312E+01

CP# 2      Coords =  2.78474907034558E+00  1.93961559831486E+00  1.70696779682153E+00
           Type = (3,-3) NACP N2
           Rho =  1.9140122379E+02     Rho at Nucleus =  1.9140119044E+02
           GradRho =  4.9517390188E-11  8.9601659425E-12  2.7351454435E-12
           HessRho_EigVals = -3.2206888444E+05 -3.2206699822E+05 -3.2205723304E+05
           HessRho_EigVec1 =  9.9891476359E-01 -4.1767957691E-02  2.0609046448E-02
           HessRho_EigVec2 = -4.1048086473E-02 -5.8040574408E-01  8.1329221491E-01
           HessRho_EigVec3 =  2.2007945885E-02  8.1325556250E-01  5.8149036138E-01
           DelSqRho = -9.6619311569E+05
           Bond Ellipticity = NA
           V = -2.4158077705E+05
           G =  1.6249063626E+01
           K =  2.4156452799E+05
           L =  2.4154827892E+05
           Vnuc =  4.8638427210E+05
           Ven = -9.3094544913E+07
           Vrep =  9.2852964136E+07
           DelSqV =  7.5851673819E+09
           DelSqVen =  4.6994113523E+11
           DelSqVrep = -4.6235596785E+11
           DelSqG =  4.0653125594E+08
           DelSqK = -7.9916986379E+09
           Stress_EigVals = -8.0528507231E+04 -8.0526483858E+04 -8.0525785962E+04
           Stress_EigVec1 =  2.2708958297E-02  8.3300707685E-01  5.5279608639E-01
           Stress_EigVec2 = -2.7205345438E-02 -5.5221901064E-01  8.3325508308E-01
           Stress_EigVec3 =  9.9937188893E-01 -3.3961363419E-02  1.0121926795E-02
           -DivStress =  4.9348486199E+02  2.4054534692E+04  2.6113114456E+04
           ESP =  -1.8284335108E+01     ESP at Nucleus =  -1.8284336648E+01
           ESPe = -3.2067210356E+01     ESPe at Nucleus = -3.2067181802E+01
           ESPn =  1.3782875248E+01     ESPn at Nucleus =  1.3782845154E+01

CP# 3      Coords =  2.78139687641342E+00  2.47522244223442E+00 -7.39518025023175E-01
           Type = (3,-3) NACP N3
           Rho =  1.9138983648E+02     Rho at Nucleus =  1.9138980390E+02
           GradRho =  4.6715353808E-11  4.1764799952E-11 -8.7703178053E-12
           HessRho_EigVals = -3.2204884803E+05 -3.2204700976E+05 -3.2203732608E+05
           HessRho_EigVec1 =  9.9871237603E-01 -2.9661284119E-02 -4.1155779488E-02
           HessRho_EigVec2 =  4.5978723553E-02  1.8642192650E-01  9.8139330663E-01
           HessRho_EigVec3 =  2.1437046002E-02  9.8202193130E-01 -1.8754567314E-01
           DelSqRho = -9.6613318386E+05
           Bond Ellipticity = NA
           V = -2.4156582008E+05
           G =  1.6262056901E+01
           K =  2.4154955802E+05
           L =  2.4153329597E+05
           Vnuc =  4.9211359222E+05
           Ven = -9.4185539944E+07
           Vrep =  9.3943974124E+07
           DelSqV =  7.5846983506E+09
           DelSqVen =  4.7544727171E+11
           DelSqVrep = -4.6786257336E+11
           DelSqG =  4.0650505060E+08
           DelSqK = -7.9912034012E+09
           Stress_EigVals = -8.0523508515E+04 -8.0521498358E+04 -8.0520813206E+04
           Stress_EigVec1 =  2.1616650785E-02  9.8793013315E-01 -1.5338439435E-01
           Stress_EigVec2 =  3.0957133332E-02  1.5268525534E-01  9.8778989097E-01
           Stress_EigVec3 =  9.9928693392E-01 -2.6101050269E-02 -2.7282941010E-02
           -DivStress =  4.2762864348E+02  3.2382635122E+04 -1.3510774370E+04
           ESP =  -1.8283485324E+01     ESP at Nucleus =  -1.8283486831E+01
           ESPe = -3.2106306525E+01     ESPe at Nucleus = -3.2106278681E+01
           ESPn =  1.3822821201E+01     ESPn at Nucleus =  1.3822791850E+01

CP# 4      Coords =  2.73807261822812E+00  5.11820492280934E-01 -2.33519447338670E+00
           Type = (3,-3) NACP C4
           Rho =  1.1764656558E+02     Rho at Nucleus =  1.1764656524E+02
           GradRho =  4.5737802434E-11 -4.7429033964E-10  2.1744382475E-09
           HessRho_EigVals = -1.4493022750E+05 -1.4492913309E+05 -1.4492855494E+05
           HessRho_EigVec1 =  9.9983039640E-01  6.9735299482E-03 -1.7045477658E-02
           HessRho_EigVec2 = -3.0881553625E-03  9.7591712197E-01  2.1811977061E-01
           HessRho_EigVec3 =  1.8156038251E-02 -2.1803013763E-01  9.7577313826E-01
           DelSqRho = -4.3478791552E+05
           Bond Ellipticity = NA
           V = -1.0870731714E+05
           G =  5.1691283698E+00
           K =  1.0870214801E+05
           L =  1.0869697888E+05
           Vnuc =  2.7580049154E+06
           Ven = -3.2446980615E+08
           Vrep =  3.2436109883E+08
           DelSqV =  2.4939356919E+09
           DelSqVen =  1.1991471391E+12
           DelSqVrep = -1.1966532034E+12
           DelSqG =  1.3392595140E+08
           DelSqK = -2.6278616433E+09
           Stress_EigVals = -3.6236086461E+04 -3.6235897196E+04 -3.6235333481E+04
           Stress_EigVec1 =  2.1759980302E-02 -2.1737723749E-01  9.7584509010E-01
           Stress_EigVec2 = -1.8308036786E-03  9.7606590128E-01  2.1746724929E-01
           Stress_EigVec3 =  9.9976154728E-01  6.5186638417E-03 -2.0841199739E-02
           -DivStress = -2.0167078253E+01  3.7287455221E+02 -1.7320308156E+03
           ESP =  -1.4640418327E+01     ESP at Nucleus =  -1.4640418342E+01
           ESPe = -2.9223474990E+01     ESPe at Nucleus = -2.9223471026E+01
           ESPn =  1.4583056663E+01     ESPn at Nucleus =  1.4583052684E+01

CP# 5      Coords =  2.78433224391414E+00 -1.93836810848725E+00 -1.70734297598667E+00
           Type = (3,-3) NACP N5
           Rho =  1.9140122224E+02     Rho at Nucleus =  1.9140118888E+02
           GradRho = -6.7801098069E-11  2.0219825814E-11 -2.5909732693E-11
           HessRho_EigVals = -3.2206887383E+05 -3.2206698649E+05 -3.2205722157E+05
           HessRho_EigVec1 =  9.9887706896E-01  4.2268417246E-02 -2.1400514445E-02
           HessRho_EigVec2 =  4.1986284789E-02 -5.8049680780E-01  8.1317932095E-01
           HessRho_EigVec3 = -2.1948872513E-02  8.1316470474E-01  5.8161964372E-01
           DelSqRho = -9.6619308189E+05
           Bond Ellipticity = NA
           V = -2.4158076860E+05
           G =  1.6249063314E+01
           K =  2.4156451954E+05
           L =  2.4154827047E+05
           Vnuc =  4.8636913204E+05
           Ven = -9.3091646332E+07
           Vrep =  9.2850065563E+07
           DelSqV =  7.5851670362E+09
           DelSqVen =  4.6992649085E+11
           DelSqVrep = -4.6234132381E+11
           DelSqG =  4.0653122982E+08
           DelSqK = -7.9916982660E+09
           Stress_EigVals = -8.0528504412E+04 -8.0526481206E+04 -8.0525782981E+04
           Stress_EigVec1 = -2.2683872024E-02  8.3289126755E-01  5.5297158914E-01
           Stress_EigVec2 =  2.8171579018E-02 -5.5236174412E-01  8.3312836092E-01
           Stress_EigVec3 =  9.9934568798E-01  3.4476659936E-02 -1.0934159042E-02
           -DivStress =  4.8468189508E+02 -2.4054108782E+04 -2.6115186720E+04
           ESP =  -1.8284325549E+01     ESP at Nucleus =  -1.8284327090E+01
           ESPe = -3.2067832257E+01     ESPe at Nucleus = -3.2067803705E+01
           ESPn =  1.3783506708E+01     ESPn at Nucleus =  1.3783476616E+01

CP# 6      Coords =  2.78329681513571E+00 -2.47392761255596E+00  7.38935214886860E-01
           Type = (3,-3) NACP N6
           Rho =  1.9138979055E+02     Rho at Nucleus =  1.9138975797E+02
           GradRho =  6.3206384571E-11  3.3565150659E-11 -1.3681944466E-11
           HessRho_EigVals = -3.2204875385E+05 -3.2204691435E+05 -3.2203723123E+05
           HessRho_EigVec1 =  9.9873305423E-01  3.0181976885E-02  4.0265800195E-02
           HessRho_EigVec2 = -4.5204524720E-02  1.8653891113E-01  9.8140704378E-01
           HessRho_EigVec3 = -2.2109666186E-02  9.8198385063E-01 -1.8766693837E-01
           DelSqRho = -9.6613289943E+05
           Bond Ellipticity = NA
           V = -2.4156574906E+05
           G =  1.6262100211E+01
           K =  2.4154948696E+05
           L =  2.4153322486E+05
           Vnuc =  4.9211712680E+05
           Ven = -9.4186193825E+07
           Vrep =  9.3944628076E+07
           DelSqV =  7.5846961367E+09
           DelSqVen =  4.7545054685E+11
           DelSqVrep = -4.6786585071E+11
           DelSqG =  4.0650490769E+08
           DelSqK = -7.9912010444E+09
           Stress_EigVals = -8.0523484809E+04 -8.0521474879E+04 -8.0520789370E+04
           Stress_EigVec1 = -2.2262399886E-02  9.8788816102E-01 -1.5356225728E-01
           Stress_EigVec2 = -3.0183415991E-02  1.5286616088E-01  9.8778585648E-01
           Stress_EigVec3 =  9.9929642597E-01  2.6625517231E-02  2.6414671714E-02
           -DivStress =  4.5545237836E+02 -3.2381836840E+04  1.3511121687E+04
           ESP =  -1.8283471347E+01     ESP at Nucleus =  -1.8283472854E+01
           ESPe = -3.2106275013E+01     ESPe at Nucleus = -3.2106247168E+01
           ESPn =  1.3822803666E+01     ESPn at Nucleus =  1.3822774314E+01

CP# 7      Coords = -3.85835922093364E+00  1.14280744764821E+00  8.13536098036911E-03
           Type = (3,-3) NACP C7
           Rho =  1.1785115475E+02     Rho at Nucleus =  1.1785115402E+02
           GradRho =  2.7968016531E-10  6.8031824618E-09  2.2371625386E-11
           HessRho_EigVals = -1.4524355294E+05 -1.4524350304E+05 -1.4524309672E+05
           HessRho_EigVec1 =  9.9699644669E-01 -7.3151880248E-02  2.5433987248E-02
           HessRho_EigVec2 = -2.5845360743E-02 -4.6823216228E-03  9.9965498708E-01
           HessRho_EigVec3 =  7.3007551796E-02  9.9730982061E-01  6.5588947542E-03
           DelSqRho = -4.3573015270E+05
           Bond Ellipticity = NA
           V = -1.0894269433E+05
           G =  5.0780760640E+00
           K =  1.0893761625E+05
           L =  1.0893253817E+05
           Vnuc =  1.8990174629E+06
           Ven = -2.2380140089E+08
           Vrep =  2.2369245820E+08
           DelSqV =  2.4993814173E+09
           DelSqVen =  8.2745919898E+11
           DelSqVrep = -8.2495981346E+11
           DelSqG =  1.3427816421E+08
           DelSqK = -2.6336595815E+09
           Stress_EigVals = -3.6314680049E+04 -3.6314012245E+04 -3.6314002033E+04
           Stress_EigVec1 =  8.9436471962E-03  9.9994136633E-01  6.1053326571E-03
           Stress_EigVec2 = -4.2070645478E-02 -5.7238977291E-03  9.9909824231E-01
           Stress_EigVec3 =  9.9907460781E-01 -9.1924374793E-03  4.2016986200E-02
           -DivStress = -8.6288716021E+01 -2.5838841254E+03 -9.1904950474E+00
           ESP =  -1.4760296599E+01     ESP at Nucleus =  -1.4760296668E+01
           ESPe = -2.7812430233E+01     ESPe at Nucleus = -2.7812432156E+01
           ESPn =  1.3052133633E+01     ESPn at Nucleus =  1.3052135487E+01

CP# 8      Coords = -3.85724242851797E+00 -1.14462407763084E+00 -7.54099115344407E-03
           Type = (3,-3) NACP C8
           Rho =  1.1785115121E+02     Rho at Nucleus =  1.1785115048E+02
           GradRho =  2.5674113877E-10 -6.8136851716E-09 -2.2798018681E-11
           HessRho_EigVals = -1.4524354946E+05 -1.4524349975E+05 -1.4524309339E+05
           HessRho_EigVec1 =  9.9692436418E-01  7.3970545505E-02 -2.5887651497E-02
           HessRho_EigVec2 =  2.6310940744E-02 -4.7535281949E-03  9.9964250528E-01
           HessRho_EigVec3 = -7.3821043744E-02  9.9724909745E-01  6.6851427129E-03
           DelSqRho = -4.3573014260E+05
           Bond Ellipticity = NA
           V = -1.0894269181E+05
           G =  5.0780826768E+00
           K =  1.0893761373E+05
           L =  1.0893253565E+05
           Vnuc =  1.8989768572E+06
           Ven = -2.2379660874E+08
           Vrep =  2.2368766604E+08
           DelSqV =  2.4993813596E+09
           DelSqVen =  8.2744147968E+11
           DelSqVrep = -8.2494209832E+11
           DelSqG =  1.3427816211E+08
           DelSqK = -2.6336595217E+09
           Stress_EigVals = -3.6314679204E+04 -3.6314011386E+04 -3.6314001224E+04
           Stress_EigVec1 = -9.8588696522E-03  9.9993271931E-01  6.1122458997E-03
           Stress_EigVec2 =  4.2466426726E-02 -5.6883447807E-03  9.9908170103E-01
           Stress_EigVec3 =  9.9904925068E-01  1.0109381505E-02 -4.2407488905E-02
           -DivStress = -8.8269159145E+01  2.5838723328E+03  9.3304060452E+00
           ESP =  -1.4760296940E+01     ESP at Nucleus =  -1.4760297009E+01
           ESPe = -2.7812852634E+01     ESPe at Nucleus = -2.7812854556E+01
           ESPn =  1.3052555694E+01     ESPn at Nucleus =  1.3052557547E+01

CP# 9      Coords = -3.88294035213331E+00  3.90620484267229E+00  2.20650433042423E-02
           Type = (3,-3) NACP C9
           Rho =  1.1747530338E+02     Rho at Nucleus =  1.1747530289E+02
           GradRho = -2.9610631796E-10 -3.9502934257E-09 -1.1746438024E-11
           HessRho_EigVals = -1.4475414324E+05 -1.4475347512E+05 -1.4475342332E+05
           HessRho_EigVec1 = -4.1874829280E-02  9.9911586204E-01  3.7407084544E-03
           HessRho_EigVec2 =  1.6121235667E-01  3.0616856101E-03  9.8691499236E-01
           HessRho_EigVec3 =  9.8603097047E-01  4.1929945245E-02 -1.6119803026E-01
           DelSqRho = -4.3426104168E+05
           Bond Ellipticity = NA
           V = -1.0857581893E+05
           G =  5.2792540175E+00
           K =  1.0857053967E+05
           L =  1.0856526042E+05
           Vnuc =  2.3222048362E+06
           Ven = -2.7280171764E+08
           Vrep =  2.7269314182E+08
           DelSqV =  2.4909700465E+09
           DelSqVen =  1.0084431135E+12
           DelSqVrep = -1.0059521434E+12
           DelSqG =  1.3379882099E+08
           DelSqK = -2.6247688675E+09
           Stress_EigVals = -3.6192010748E+04 -3.6191995587E+04 -3.6191812592E+04
           Stress_EigVec1 =  9.8611286916E-01  3.9504501273E-02 -1.6130965147E-01
           Stress_EigVec2 =  1.6129895242E-01  3.4789757733E-03  9.8689946027E-01
           Stress_EigVec3 = -3.9548163354E-02  9.9921333613E-01  2.9413718898E-03
           -DivStress =  1.4853519452E+02  2.0813779444E+03  5.0471979853E+00
           ESP =  -1.4722863548E+01     ESP at Nucleus =  -1.4722863574E+01
           ESPe = -2.5888399290E+01     ESPe at Nucleus = -2.5888396367E+01
           ESPn =  1.1165535741E+01     ESPn at Nucleus =  1.1165532793E+01

CP# 10     Coords = -3.87939579392030E+00 -3.90804443282628E+00 -2.13901040589392E-02
           Type = (3,-3) NACP C10
           Rho =  1.1747529465E+02     Rho at Nucleus =  1.1747529417E+02
           GradRho = -2.6822165669E-10  3.9616788183E-09  1.0605504322E-11
           HessRho_EigVals = -1.4475412955E+05 -1.4475346133E+05 -1.4475340973E+05
           HessRho_EigVec1 =  4.0986428234E-02  9.9915264595E-01  3.7553675141E-03
           HessRho_EigVec2 = -1.6535096136E-01  3.0760957800E-03  9.8622999205E-01
           HessRho_EigVec3 =  9.8538275420E-01 -4.1042998420E-02  1.6533692874E-01
           DelSqRho = -4.3426100061E+05
           Bond Ellipticity = NA
           V = -1.0857580863E+05
           G =  5.2792409316E+00
           K =  1.0857052939E+05
           L =  1.0856525015E+05
           Vnuc =  2.3222307760E+06
           Ven = -2.7280474466E+08
           Vrep =  2.7269616885E+08
           DelSqV =  2.4909698077E+09
           DelSqVen =  1.0084542546E+12
           DelSqVrep = -1.0059632930E+12
           DelSqG =  1.3379880546E+08
           DelSqK = -2.6247686132E+09
           Stress_EigVals = -3.6192007283E+04 -3.6191992183E+04 -3.6191809168E+04
           Stress_EigVec1 =  9.8553619036E-01 -3.8676548857E-02  1.6499255153E-01
           Stress_EigVec2 = -1.6498324145E-01  3.4543254336E-03  9.8629032119E-01
           Stress_EigVec3 =  3.8716243761E-02  9.9924581170E-01  2.9766196704E-03
           -DivStress =  1.4997349705E+02 -2.0812521992E+03 -4.4329250094E+00
           ESP =  -1.4722861932E+01     ESP at Nucleus =  -1.4722861958E+01
           ESPe = -2.5889339769E+01     ESPe at Nucleus = -2.5889336847E+01
           ESPn =  1.1166477838E+01     ESPn at Nucleus =  1.1166474889E+01

CP# 11     Coords = -2.02997863822656E+00  4.66655311778779E+00 -3.53998627559946E-01
           Type = (3,-3) NACP H11
           Rho =  4.1887567394E-01     Rho at Nucleus =  4.1532571610E-01
           GradRho = -1.1294790884E-10 -4.6788179017E-11  2.2776641684E-11
           HessRho_EigVals = -6.3722379298E+00 -6.3703374817E+00 -5.7951619501E+00
           HessRho_EigVec1 = -3.7224158344E-01  9.2577615885E-01  6.6141569923E-02
           HessRho_EigVec2 =  1.9473727862E-01  8.2269091662E-03  9.8082093691E-01
           HessRho_EigVec3 =  9.0747649880E-01  3.7798256796E-01 -1.8334552748E-01
           DelSqRho = -1.8537737362E+01
           Bond Ellipticity = NA
           V = -4.6440825447E+00
           G =  4.8241021679E-03
           K =  4.6392584426E+00
           L =  4.6344343404E+00
           Vnuc =  4.2080079205E+01
           Ven = -1.7626321536E+01
           Vrep =  1.2982238992E+01
           DelSqV =  6.9832269261E+02
           DelSqVen =  7.8006945666E+02
           DelSqVrep = -8.1746764044E+01
           DelSqG =  6.8722120628E+01
           DelSqK = -7.6704481324E+02
           Stress_EigVals = -1.5966285173E+00 -1.5965767763E+00 -1.4508772511E+00
           Stress_EigVec1 = -3.6455007893E-01  9.2540456675E-01  1.0358391670E-01
           Stress_EigVec2 =  2.0881372896E-01 -2.7164665275E-02  9.7757808259E-01
           Stress_EigVec3 =  9.0746904440E-01  3.7800591107E-01 -1.8333429751E-01
           -DivStress =  6.9766854345E+00  2.8823484670E+00 -1.4064986507E+00
           ESP =  -1.1057062962E+00     ESP at Nucleus =  -1.1080296675E+00
           ESPe = -1.4246348309E+01     ESPe at Nucleus = -1.4193331030E+01
           ESPn =  1.3140642013E+01     ESPn at Nucleus =  1.3085301363E+01

CP# 12     Coords = -5.15484949008350E+00  4.63961111781625E+00 -1.39285679832938E+00
           Type = (3,-3) NACP H12
           Rho =  4.2041383195E-01     Rho at Nucleus =  4.1695292272E-01
           GradRho = -1.0408340856E-16  2.2143745171E-15  5.0653925499E-16
           HessRho_EigVals = -6.4000003552E+00 -6.3979012067E+00 -5.8299128227E+00
           HessRho_EigVec1 =  2.0975025017E-01  9.3005289080E-01  3.0167275793E-01
           HessRho_EigVec2 = -7.5409499750E-01 -4.2514833165E-02  6.5538784220E-01
           HessRho_EigVec3 =  6.2237092420E-01 -3.6495768149E-01  6.9243073547E-01
           DelSqRho = -1.8627814385E+01
           Bond Ellipticity = NA
           V = -4.6665813373E+00
           G =  4.8138705914E-03
           K =  4.6617674667E+00
           L =  4.6569535962E+00
           Vnuc =  4.0832216742E+01
           Ven = -1.7166428707E+01
           Vrep =  1.2499847370E+01
           DelSqV =  7.0219252735E+02
           DelSqVen =  7.6061495438E+02
           DelSqVrep = -5.8422427027E+01
           DelSqG =  6.9131470684E+01
           DelSqK = -7.7132399804E+02
           Stress_EigVals = -1.6035691572E+00 -1.6035168807E+00 -1.4594952994E+00
           Stress_EigVec1 =  2.6455452231E-01  9.3066983590E-01  2.5271438674E-01
           Stress_EigVec2 = -7.3669504583E-01  2.5927397689E-02  6.7572788865E-01
           Stress_EigVec3 =  6.2232733684E-01 -3.6494030552E-01  6.9247906772E-01
           -DivStress = -4.7327373940E+00  2.7549115552E+00 -5.2673381447E+00
           ESP =  -1.1044807222E+00     ESP at Nucleus =  -1.1067481836E+00
           ESPe = -1.2551222660E+01     ESPe at Nucleus = -1.2472497268E+01
           ESPn =  1.1446741938E+01     ESPn at Nucleus =  1.1365749084E+01

CP# 13     Coords = -4.48896912951623E+00  4.63173929282786E+00  1.82835825091414E+00
           Type = (3,-3) NACP H13
           Rho =  4.2020816357E-01     Rho at Nucleus =  4.1673523185E-01
           GradRho =  1.2408477024E-14 -1.5827616995E-14 -3.9196076940E-14
           HessRho_EigVals = -6.3960148574E+00 -6.3940080914E+00 -5.8249801664E+00
           HessRho_EigVec1 =  6.8632370160E-02  9.3140080557E-01 -3.5746627414E-01
           HessRho_EigVec2 = -9.5269856943E-01 -4.5145701885E-02 -3.0054500730E-01
           HessRho_EigVec3 = -2.9606592776E-01  3.6118472418E-01  8.8424575851E-01
           DelSqRho = -1.8615003115E+01
           Bond Ellipticity = NA
           V = -4.6633531775E+00
           G =  4.8011993313E-03
           K =  4.6585519781E+00
           L =  4.6537507788E+00
           Vnuc =  4.1012571565E+01
           Ven = -1.7233817381E+01
           Vrep =  1.2570464204E+01
           DelSqV =  7.0164005769E+02
           DelSqVen =  7.6344914746E+02
           DelSqVrep = -6.1809089764E+01
           DelSqG =  6.9070490900E+01
           DelSqK = -7.7071054859E+02
           Stress_EigVals = -1.6025745239E+00 -1.6025279685E+00 -1.4582506850E+00
           Stress_EigVec1 =  2.4104999525E-01  9.2404298237E-01 -2.9671445285E-01
           Stress_EigVec2 = -9.2426771700E-01  1.2532223544E-01 -3.6058774884E-01
           Stress_EigVec3 = -2.9601366033E-01  3.6116326508E-01  8.8427202198E-01
           -DivStress = -2.2524251529E+00  2.7301635143E+00  6.7357587249E+00
           ESP =  -1.1048466376E+00     ESP at Nucleus =  -1.1071190132E+00
           ESPe = -1.2793686273E+01     ESPe at Nucleus = -1.2717009643E+01
           ESPn =  1.1688839636E+01     ESPn at Nucleus =  1.1609890630E+01

CP# 14     Coords = -4.47432570047014E+00 -4.63420963514819E+00 -1.83113042919319E+00
           Type = (3,-3) NACP H14
           Rho =  4.2020332431E-01     Rho at Nucleus =  4.1673040910E-01
           GradRho =  3.8636194938E-14  4.7257336933E-14  1.1622994234E-13
           HessRho_EigVals = -6.3959472860E+00 -6.3939416045E+00 -5.8249180218E+00
           HessRho_EigVec1 =  6.7576754788E-02 -9.3133132147E-01  3.5784822462E-01
           HessRho_EigVec2 =  9.5444917093E-01 -4.4129939648E-02 -2.9509206788E-01
           HessRho_EigVec3 =  2.9062030609E-01  3.6148930562E-01  8.8592624953E-01
           DelSqRho = -1.8614806912E+01
           Bond Ellipticity = NA
           V = -4.6633035959E+00
           G =  4.8009339046E-03
           K =  4.6585026620E+00
           L =  4.6537017281E+00
           Vnuc =  4.1017609650E+01
           Ven = -1.7235735930E+01
           Vrep =  1.2572432334E+01
           DelSqV =  7.0163273047E+02
           DelSqVen =  7.6353488365E+02
           DelSqVrep = -6.1902153184E+01
           DelSqG =  6.9069830659E+01
           DelSqK = -7.7070256112E+02
           Stress_EigVals = -1.6025575481E+00 -1.6025110322E+00 -1.4582350156E+00
           Stress_EigVec1 =  2.4271003320E-01 -9.2346213396E-01  2.9716918907E-01
           Stress_EigVec2 =  9.2556054051E-01  1.2868182027E-01 -3.5605993172E-01
           Stress_EigVec3 =  2.9056759219E-01  3.6146739311E-01  8.8595248072E-01
           -DivStress = -2.2109314746E+00 -2.7324527813E+00 -6.7485047395E+00
           ESP =  -1.1048515707E+00     ESP at Nucleus =  -1.1071237687E+00
           ESPe = -1.2798813821E+01     ESPe at Nucleus = -1.2722178644E+01
           ESPn =  1.1693962250E+01     ESPn at Nucleus =  1.1615054875E+01

CP# 15     Coords = -5.15885773785041E+00 -4.64241706507171E+00  1.38620747047187E+00
           Type = (3,-3) NACP H15
           Rho =  4.2041219673E-01     Rho at Nucleus =  4.1695130196E-01
           GradRho = -2.2117724319E-16  4.9786563761E-16 -3.0704605525E-16
           HessRho_EigVals = -6.3999863105E+00 -6.3978865707E+00 -5.8298993299E+00
           HessRho_EigVec1 = -2.1240641758E-01  9.2990554884E-01  3.0026518946E-01
           HessRho_EigVec2 =  7.5028764983E-01 -4.1668934367E-02  6.5979704639E-01
           HessRho_EigVec3 =  6.2606066502E-01  3.6543039028E-01 -6.8884589973E-01
           DelSqRho = -1.8627772211E+01
           Bond Ellipticity = NA
           V = -4.6665706431E+00
           G =  4.8137951730E-03
           K =  4.6617568479E+00
           L =  4.6569430528E+00
           Vnuc =  4.0830039590E+01
           Ven = -1.7165446637E+01
           Vrep =  1.2498875994E+01
           DelSqV =  7.0219115073E+02
           DelSqVen =  7.6057267686E+02
           DelSqVrep = -5.8381526126E+01
           DelSqG =  6.9131426114E+01
           DelSqK = -7.7132257684E+02
           Stress_EigVals = -1.6035655122E+00 -1.6035131940E+00 -1.4594919370E+00
           Stress_EigVec1 = -2.6664198092E-01  9.3047090136E-01  2.5124879250E-01
           Stress_EigVec2 =  7.3280603640E-01  2.6402196067E-02  6.7992517019E-01
           Stress_EigVec3 =  6.2601706609E-01  3.6541322604E-01 -6.8889462707E-01
           -DivStress = -4.7608064205E+00 -2.7584941178E+00  5.2400657925E+00
           ESP =  -1.1044803248E+00     ESP at Nucleus =  -1.1067477385E+00
           ESPe = -1.2549018216E+01     ESPe at Nucleus = -1.2470265807E+01
           ESPn =  1.1444537891E+01     ESPn at Nucleus =  1.1363518069E+01

CP# 16     Coords = -2.02801124199746E+00 -4.66690989171702E+00  3.65324679244305E-01
           Type = (3,-3) NACP H16
           Rho =  4.1887926038E-01     Rho at Nucleus =  4.1532956651E-01
           GradRho = -1.0457566930E-10  4.3277481859E-11 -2.1704859047E-11
           HessRho_EigVals = -6.3723097890E+00 -6.3704095649E+00 -5.7952538802E+00
           HessRho_EigVec1 =  3.7115653168E-01  9.2606854486E-01  6.8116658815E-02
           HessRho_EigVec2 = -2.0030327774E-01  8.2175501497E-03  9.7969947882E-01
           HessRho_EigVec3 =  9.0670911869E-01 -3.7726585068E-01  1.8854456236E-01
           DelSqRho = -1.8537973234E+01
           Bond Ellipticity = NA
           V = -4.6441416803E+00
           G =  4.8241859198E-03
           K =  4.6393174944E+00
           L =  4.6344933085E+00
           Vnuc =  4.2080876519E+01
           Ven = -1.7626806432E+01
           Vrep =  1.2982664752E+01
           DelSqV =  6.9833308738E+02
           DelSqVen =  7.8009416277E+02
           DelSqVrep = -8.1761075383E+01
           DelSqG =  6.8723268016E+01
           DelSqK = -7.6705635540E+02
           Stress_EigVals = -1.5966463959E+00 -1.5965948216E+00 -1.4509004628E+00
