AIMSum (Version 19.02.13, Professional)
Copyright (c) 1997-2019 by Todd A. Keith
AIMSum is a component of the AIMAll package ( http://aim.tkgristmill.com )

TP:  64-bit Linux

Much of the Quantum Theory of Atoms in Molecules (QTAIM) is described in the book:
  "Atoms in Molecules - A Quantum Theory"
  R.F.W. Bader, Oxford University Press, Oxford, 1990

For additional references see:  http://aim.tkgristmill.com/references.html

Wfn File:  /home/mhennefarth/Documents/ML_Diels/summary-liu2014/4_10-opt/4_10-opt.wfn
Sum File:  /home/mhennefarth/Documents/ML_Diels/summary-liu2014/4_10-opt/4_10-opt.sum

SumViz File:  /home/mhennefarth/Documents/ML_Diels/summary-liu2014/4_10-opt/4_10-opt.sumviz

Wfn Title:   Title Card Required                                                           
 
Total memory allocated for AIMSum =        1.503 Megabytes

Atomic units (a.u.) used throughout, except where stated otherwise

Model:  Restricted SCF
 
Restricted, closed-shell, single-determinant wavefunction.
  Number of electrons (from MO Occs)                   =         102.0000000000
  Number of Alpha electrons (from MO Occs)             =          51.0000000000
  Number of Beta electrons (from MO Occs)              =          51.0000000000
  Number of electron pairs (N*(N-1)/2)                 =        5151.0000000000
  Number of electron pairs (from Muller 2EDM)          =        5151.0000000000
 
Nuclear Charges and Cartesian Coordinates:
-------------------------------------------------------------------------------
Atom      Charge                X                  Y                  Z
-------------------------------------------------------------------------------
C1         6.0           5.4020482300E+00  -6.7530230000E-02   2.3994337300E+00
C2         6.0           5.4500747300E+00   7.2351590000E-02  -2.3749294200E+00
N3         7.0           5.4797570100E+00  -2.2197269600E+00  -1.3049209500E+00
N4         7.0           5.4552663900E+00  -2.2931330300E+00   1.1982693600E+00
N5         7.0           5.5066854600E+00   2.2973165500E+00  -1.1726310500E+00
N6         7.0           5.4808936500E+00   2.2239260900E+00   1.3304484800E+00
C7         6.0          -6.4267347800E+00   1.2939941700E+00   6.9769551000E-01
C8         6.0          -6.4228458600E+00  -1.3404561200E+00  -6.4635048000E-01
C9         6.0          -1.0360384400E+00   1.1644214500E+00   2.0905450000E-02
C10        6.0          -4.8660352700E+00  -3.5204239700E+00   5.4643054000E-01
C11        6.0          -1.0204149400E+00  -1.1207633000E+00  -1.1149669000E-01
C12        6.0          -2.0515092100E+00  -3.6769828300E+00  -2.8256694000E-01
C13        6.0          -4.9380409800E+00   3.4988319200E+00  -5.3565090000E-01
C14        6.0          -2.1054674400E+00   3.7030472100E+00   2.1847218000E-01
H15        1.0          -5.8675220600E+00  -1.1087174000E+00  -2.6332372900E+00
H16        1.0          -4.9366579400E+00  -3.3502605500E+00   2.6124637700E+00
H17        1.0          -8.3902256000E+00  -1.9939897000E+00  -6.9644054000E-01
H18        1.0          -5.7661691000E+00  -5.3307964000E+00   7.7356070000E-02
H19        1.0          -1.0286190500E+00  -5.0431340500E+00   8.9449476000E-01
H20        1.0          -1.9228928600E+00  -4.3715823400E+00  -2.2353949700E+00
H21        1.0          -5.8554229400E+00   5.2942757700E+00  -4.3138000000E-02
H22        1.0          -5.0604531900E+00   3.3264986000E+00  -2.5990897700E+00
H23        1.0          -1.1381274700E+00   5.0856947900E+00  -9.8604522000E-01
H24        1.0          -1.9364485400E+00   4.4015319500E+00   2.1668290600E+00
H25        1.0          -8.4025463500E+00   1.9152014100E+00   7.9964447000E-01
H26        1.0          -5.8154802800E+00   1.0721549500E+00   2.6692021700E+00
H27        1.0           5.3315753600E+00  -1.2696901000E-01   4.4489997800E+00
H28        1.0           5.4205562600E+00   1.3247410000E-01  -4.4254630900E+00
 
Some Atomic Properties:
----------------------
  q(A) = Net Charge of Atom A
  L(A) = Lagrangian of Atom A = -(1/4) Times Atomic Integral of the Laplacian of the Electron Density
  K(A) = Electronic Kinetic Energy of Atom A (Hamiltonian Form)
  K_Scaled(A) = K(A) * E(Mol)/K(Mol) = Approximation to Virial-Based Total Energy of Atom A.
  |Mu_Intra(A)| = Magnitude of Intraatomic Dipole Moment of Atom A
--------------------------------------------------------------------------------------------------
Atom A          q(A)              L(A)              K(A)          K_Scaled(A)      |Mu_Intra(A)|
--------------------------------------------------------------------------------------------------
C1        1.0814777871E+00  9.0579729146E-05  3.7106164588E+01 -3.7464051690E+01  6.5391413856E-01
C2        1.0816329176E+00  1.7881889364E-04  3.7106134372E+01 -3.7464021183E+01  6.5373570538E-01
N3       -5.9414751720E-01  2.7869811773E-05  5.4571750494E+01 -5.5098092299E+01  6.7595838163E-01
N4       -5.9462698780E-01  5.2307384867E-05  5.4571733289E+01 -5.5098074928E+01  6.7612504258E-01
N5       -5.9410061610E-01 -1.0696043767E-05  5.4571606556E+01 -5.5097946973E+01  6.7594174463E-01
N6       -5.9388351550E-01  1.2542948641E-05  5.4571580564E+01 -5.5097920730E+01  6.7586486883E-01
C7        1.8063196300E-02  2.5661165777E-04  3.7642872982E+01 -3.8005936610E+01  3.6931506062E-02
C8        1.7752305900E-02 -7.7501487264E-05  3.7642817160E+01 -3.8005880249E+01  3.6364572949E-02
C9       -1.8951937510E-01  1.4020986975E-04  3.7828627903E+01 -3.8193483127E+01  2.0523922512E-01
C10       3.0253406000E-02  1.9944650208E-04  3.7651666884E+01 -3.8014815329E+01  6.4557519607E-02
C11      -1.9311607180E-01  5.0065226712E-05  3.7831026926E+01 -3.8195905289E+01  2.0154198736E-01
C12       8.4251562200E-02 -4.7447133055E-04  3.7625394045E+01 -3.7988289089E+01  2.1442715431E-01
C13       3.0022261100E-02 -8.4840325459E-05  3.7651572283E+01 -3.8014719815E+01  6.3955529025E-02
C14       8.4842420800E-02  5.5701523034E-05  3.7625300818E+01 -3.7988194964E+01  2.1383390081E-01
H15       2.0489278700E-03  3.1014032898E-05  6.1505974221E-01 -6.2099196268E-01  1.5960107413E-01
H16       3.5243028800E-03  2.7493425004E-05  6.1581906519E-01 -6.2175860928E-01  1.5863506160E-01
H17      -5.0973359000E-03  2.3657802429E-05  6.2363005607E-01 -6.2964493678E-01  1.5903363710E-01
H18      -2.3677150000E-04  2.8982563495E-05  6.1772081222E-01 -6.2367869857E-01  1.5925031205E-01
H19       3.5095408920E-02  2.5511127346E-05  6.0142720273E-01 -6.0722793803E-01  1.5106374577E-01
H20       2.8932364070E-02  2.6093447500E-05  6.0407604679E-01 -6.0990233006E-01  1.5359448031E-01
H21      -2.8203650000E-04  2.4904264600E-05  6.1773799712E-01 -6.2369604921E-01  1.5927170174E-01
H22       3.5671769800E-03  2.7276797179E-05  6.1580681129E-01 -6.2174623719E-01  1.5862532770E-01
H23       3.4450269870E-02  2.4364712351E-05  6.0168334154E-01 -6.0748654729E-01  1.5136103790E-01
H24       2.8961935700E-02  2.6517041231E-05  6.0406695637E-01 -6.0989315196E-01  1.5358139195E-01
H25      -5.0855122000E-03  2.1211216210E-05  6.2363018626E-01 -6.2964506823E-01  1.5903308319E-01
H26       2.0181009900E-03  3.0990119588E-05  6.1507052294E-01 -6.2100284738E-01  1.5961564484E-01
H27       1.0179123386E-01  2.2334001735E-05  5.7974962319E-01 -5.8534127932E-01  1.3970774247E-01
H28       1.0188193912E-01  2.2380177802E-05  5.7971253787E-01 -5.8530383632E-01  1.3969189640E-01
--------------------------------------------------------------------------------------------------
Total     4.7177766000E-04  7.7937508974E-04  6.0251343977E+02 -6.0832465177E+02
 
1st Largest |L(A)| = 4.7447133055E-04, atom C12     
2nd Largest |L(A)| = 2.5661165777E-04, atom C7      
 
Molecular charge q(Mol) from the wfn file:   0.0000000000E+00
Molecular energy E(Mol) from the wfn file:  -6.0832443616E+02
Molecular virial ratio (-V(Mol)/T(Mol)) from the wfn file:   2.0096449500E+00
Note.  K_Scaled(A) = (1+V(Mol)/T(Mol))*K(A) = (E(Mol)/T(Mol))*K(A)
       Only use K_Scaled(A) data with caution.
 
N_AIMInt(SumA)     =        101.999528
N_Analytic(Mol)    =        101.999988
 
G_AIMInt(SumA)     =        602.512660
G_Analytic(Mol)    =        602.513200
 
K_AIMInt(SumA)     =        602.513440
K_Analytic(Mol)    =        602.513200
 
L_AIMInt(SumA)     =          0.000779
L_Analytic(Mol)    =          0.000000
 
VenT_AIMInt(SumA)  =      -3082.684934
VenT_Analytic(Mol) =      -3082.691628
 
Some Information About the Atomic Calculations:
----------------------------------------------
  Time(sec) = "Elapsed User Time", in Seconds, for Atom A by AIMInt and, if used, by TWOe
  NProc = Number of Processors Used for AIMInt Job
  BIM = Basin Integration Method
  OAQ = Angular Quadrature Outside of Beta Sphere
  ORQ = Multiple of Default for Radial Quadrature Outside of Beta Sphere
  IAQ = Multiple of Default for Angular Quadrature Inside of Beta Sphere
  IRQ = Multiple of Default for Radial Quadrature Inside of Beta Sphere
  MIR = Maximum Integration Radius
------------------------------------------------------------------------------------------------------
Atom A     Time(sec)   NProc      BIM          OAQ                     ORQ      IAQ      IRQ      MIR
------------------------------------------------------------------------------------------------------
C1            121        8    Promega(1)    4500(GS4)                  1.00     1.00     1.00    13.00
C2            104        8    Promega(1)    4500(GS4)                  1.00     1.00     1.00    13.00
N3             96        8    Promega(1)    4500(GS4)                  1.00     1.00     1.00    13.00
N4             98        8    Promega(1)    4500(GS4)                  1.00     1.00     1.00    13.00
N5             96        8    Promega(1)    4500(GS4)                  1.00     1.00     1.00    13.00
N6            100        8    Promega(1)    4500(GS4)                  1.00     1.00     1.00    13.00
C7             41        8     Proaim(5)    4500(GS4)                  1.00     1.00     1.00    13.00
C8             38        8     Proaim(5)    4500(GS4)                  1.00     1.00     1.00    13.00
C9            126        8    Promega(1)    4500(GS4)                  1.00     1.00     1.00    13.00
C10            34        8     Proaim(5)    4500(GS4)                  1.00     1.00     1.00    13.00
C11           123        8    Promega(1)    4500(GS4)                  1.00     1.00     1.00    13.00
C12            35        8     Proaim(5)    4500(GS4)                  1.00     1.00     1.00    13.00
C13            34        8     Proaim(5)    4500(GS4)                  1.00     1.00     1.00    13.00
C14            35        8     Proaim(5)    4500(GS4)                  1.00     1.00     1.00    13.00
H15            10        8     Proaim(5)    1800(GS4)                  1.00     1.00     1.00    13.00
H16            11        8     Proaim(5)    1800(GS4)                  1.00     1.00     1.00    13.00
H17             7        8     Proaim(5)    1800(GS4)                  1.00     1.00     1.00    13.00
H18             7        8     Proaim(5)    1800(GS4)                  1.00     1.00     1.00    13.00
H19             9        8     Proaim(5)    1800(GS4)                  1.00     1.00     1.00    13.00
H20             8        8     Proaim(5)    1800(GS4)                  1.00     1.00     1.00    13.00
H21             7        8     Proaim(5)    1800(GS4)                  1.00     1.00     1.00    13.00
H22             9        8     Proaim(5)    1800(GS4)                  1.00     1.00     1.00    13.00
H23             8        8     Proaim(5)    1800(GS4)                  1.00     1.00     1.00    13.00
H24             7        8     Proaim(5)    1800(GS4)                  1.00     1.00     1.00    13.00
H25             7        8     Proaim(5)    1800(GS4)                  1.00     1.00     1.00    13.00
H26             9        8     Proaim(5)    1800(GS4)                  1.00     1.00     1.00    13.00
H27             7        8     Proaim(5)    1800(GS4)                  1.00     1.00     1.00    13.00
H28             7        8     Proaim(5)    1800(GS4)                  1.00     1.00     1.00    13.00
------------------------------------------------------------------------------------------------------
Total        1194
Note:  Total wall clock time is less than total of atomic times if more than one atom
       was calculated at a time
 
Electron Density Critical Point Analysis of Molecular Structure:               
---------------------------------------------------------------                
  NACP = Nuclear Attractor Critical Point                                      
  NNACP = Non-Nuclear Attractor Critical Point                                 
  BCP = Bond Critical Point                                                    
  RCP = Ring Critical Point                                                    
  CCP = Cage Critical Point                                                    
  Rho = Electron Density                                                       
  GradRho = Gradient of Electron Density                                       
  HessRho_EigVals = Eigenvalues of the Hessian of Rho, Ascending Order         
  HessRho_EigVecs = Eigenvectors of the Hessian of Rho                         
  DelSqRho = Laplacian of Rho = Trace of Hessian of Rho                        
  Bond Ellipticity = (HessRho_EigVal(1) / HessRho_EigVal(2)) - 1               
  V = Virial Field = Potential Energy Density = Trace of Stress Tensor         
  G = Lagrangian Form of Kinetic Energy Density                                
  K = Hamiltonian Form of Kinetic Energy Density                               
  L = K - G = Lagrangian Density = (-1/4)DelSqRho                              
  Vnuc = Electrostatic Potential from Nuclei                                   
  Ven = Electron-nuclear attractive contribution to Virial Field V             
  Vrep = V - Ven = Repulsive contribution to Virial Field V                    
  DelSqV = Laplacian of V                                                      
  DelSqVen = Laplacian of Ven                                                  
  DelSqVrep = Laplacian of Vrep                                                
  DelSqG = Laplacian of G                                                      
  DelSqK = Laplacian of K                                                      
  Stress_EigVals = Eigenvalues of Stress Tensor, Ascending Order               
  Stress_EigVecs = Eigenvectors of Stress Tensor                               
  -DivStress = Ehrenfest Force Density = Minus Divergence of Stress Tensor     
  ESP = Total Electrostatic Potential                                          
  ESPe = Electrostatic Potential from Electrons                                
  ESPn = Electrostatic Potential from Nuclei                                   
  BP = Bond Path                                                               
  BPL = Bond Path Length                                                       
  GBL = Geometric Bond Length                                                  
  GBL_I = Distance Between Nuclear Attractors                                  
  GBL_II = Distance Between Nuclei                                             
  GBL_III = Sum of Distances Between BCP and Nuclear Attractors                
  GBL_IV = Sum of Distances Between BCP and Nuclei                             

CP# 1      Coords =  5.40204826553769E+00 -6.75301679878834E-02  2.39943163185302E+00
           Type = (3,-3) NACP C1
           Rho =  1.1764624817E+02     Rho at Nucleus =  1.1764624785E+02
           GradRho = -4.5198949877E-12  5.9965694845E-11 -2.0333297192E-09
           HessRho_EigVals = -1.4492987646E+05 -1.4492878706E+05 -1.4492822750E+05
           HessRho_EigVec1 =  9.9947720388E-01 -6.8551955180E-03  3.1596284845E-02
           HessRho_EigVec2 =  5.9309475254E-03  9.9955443614E-01  2.9253257026E-02
           HessRho_EigVec3 = -3.1782743479E-02 -2.9050567629E-02  9.9907253077E-01
           DelSqRho = -4.3478689102E+05
           Bond Ellipticity = NA
           V = -1.0870706147E+05
           G =  5.1693596996E+00
           K =  1.0870189212E+05
           L =  1.0869672276E+05
           Vnuc =  2.8580253916E+06
           Ven = -3.3623596450E+08
           Vrep =  3.3612725744E+08
           DelSqV =  2.4939299308E+09
           DelSqVen =  1.2426319626E+12
           DelSqVrep = -1.2401380327E+12
           DelSqG =  1.3392570521E+08
           DelSqK = -2.6278556360E+09
           Stress_EigVals = -3.6235997162E+04 -3.6235813958E+04 -3.6235250355E+04
           Stress_EigVec1 = -3.6019309112E-02 -2.8793691322E-02  9.9893620052E-01
           Stress_EigVec2 =  5.7488652135E-03  9.9956232745E-01  2.9019029696E-02
           Stress_EigVec3 =  9.9933455855E-01 -6.7879949744E-03  3.5838013399E-02
           -DivStress = -2.5376183364E+01 -5.0521494078E+01  1.7092326711E+03
           ESP =  -1.4647443139E+01     ESP at Nucleus =  -1.4647443153E+01
           ESPe = -3.1599108528E+01     ESPe at Nucleus = -3.1599104645E+01
           ESPn =  1.6951665389E+01     ESPn at Nucleus =  1.6951661492E+01

CP# 2      Coords =  5.45007472320929E+00  7.23515260450083E-02 -2.37492731964623E+00
           Type = (3,-3) NACP C2
           Rho =  1.1764623492E+02     Rho at Nucleus =  1.1764623460E+02
           GradRho = -2.7794776416E-11 -6.1472206882E-11  2.0339644760E-09
           HessRho_EigVals = -1.4492985522E+05 -1.4492876587E+05 -1.4492820572E+05
           HessRho_EigVec1 =  9.9991359568E-01 -5.4975305673E-03 -1.1940616824E-02
           HessRho_EigVec2 =  5.8386964530E-03  9.9957022780E-01  2.8727501096E-02
           HessRho_EigVec3 =  1.1777554763E-02 -2.8794736553E-02  9.9951595903E-01
           DelSqRho = -4.3478682682E+05
           Bond Ellipticity = NA
           V = -1.0870704548E+05
           G =  5.1693862322E+00
           K =  1.0870187609E+05
           L =  1.0869670670E+05
           Vnuc =  2.8553402508E+06
           Ven = -3.3592002993E+08
           Vrep =  3.3581132289E+08
           DelSqV =  2.4939295519E+09
           DelSqVen =  1.2414642422E+12
           DelSqVrep = -1.2389703454E+12
           DelSqG =  1.3392568075E+08
           DelSqK = -2.6278552326E+09
           Stress_EigVals = -3.6235991932E+04 -3.6235808556E+04 -3.6235244989E+04
           Stress_EigVec1 =  1.6008805317E-02 -2.8840597615E-02  9.9945582098E-01
           Stress_EigVec2 =  5.9096136291E-03  9.9956918685E-01  2.8749211570E-02
           Stress_EigVec3 =  9.9985438671E-01 -5.4461572103E-03 -1.6172345302E-02
           -DivStress =  9.1148652270E+00  5.2044873060E+01 -1.7109504817E+03
           ESP =  -1.4647469063E+01     ESP at Nucleus =  -1.4647469077E+01
           ESPe = -3.1583394657E+01     ESPe at Nucleus = -3.1583390759E+01
           ESPn =  1.6935925594E+01     ESPn at Nucleus =  1.6935921682E+01

CP# 3      Coords =  5.47975674632131E+00 -2.21971545616316E+00 -1.30491237971658E+00
           Type = (3,-3) NACP N3
           Rho =  1.9139816153E+02     Rho at Nucleus =  1.9139812839E+02
           GradRho =  1.3915257835E-11  1.8502088750E-11  4.9871773378E-12
           HessRho_EigVals = -3.2206359511E+05 -3.2206172005E+05 -3.2205199280E+05
           HessRho_EigVec1 =  9.9856228144E-01  4.4521943279E-02 -2.9852414551E-02
           HessRho_EigVec2 =  4.5808366063E-02 -4.1954522559E-01  9.0657784954E-01
           HessRho_EigVec3 = -2.7838169598E-02  9.0664193607E-01  4.2098151511E-01
           DelSqRho = -9.6617730796E+05
           Bond Ellipticity = NA
           V = -2.4157682834E+05
           G =  1.6250672668E+01
           K =  2.4156057766E+05
           L =  2.4154432699E+05
           Vnuc =  4.8789795935E+05
           Ven = -9.3382772436E+07
           Vrep =  9.3141195607E+07
           DelSqV =  7.5850437876E+09
           DelSqVen =  4.7139593694E+11
           DelSqVrep = -4.6381089317E+11
           DelSqG =  4.0652447167E+08
           DelSqK = -7.9915682593E+09
           Stress_EigVals = -8.0527185106E+04 -8.0525169198E+04 -8.0524474033E+04
           Stress_EigVec1 = -2.8441688444E-02  9.2067057144E-01  3.8930292734E-01
           Stress_EigVec2 =  2.6740185665E-02 -3.8862033516E-01  9.2100987919E-01
           Stress_EigVec3 =  9.9923772588E-01  3.6605108594E-02 -1.3565883521E-02
           -DivStress =  6.5149321150E+02 -2.8378059831E+04 -2.1147783957E+04
           ESP =  -1.8291412971E+01     ESP at Nucleus =  -1.8291414502E+01
           ESPe = -3.4421003636E+01     ESPe at Nucleus = -3.4420974726E+01
           ESPn =  1.6129590665E+01     ESPn at Nucleus =  1.6129560224E+01

CP# 4      Coords =  5.45526628200236E+00 -2.29312105175459E+00  1.19826147887471E+00
           Type = (3,-3) NACP N4
           Rho =  1.9139734895E+02     Rho at Nucleus =  1.9139731585E+02
           GradRho =  4.1368283799E-11 -9.2916785377E-12  2.6115914986E-11
           HessRho_EigVals = -3.2206221260E+05 -3.2206034531E+05 -3.2205062549E+05
           HessRho_EigVec1 =  9.9765827418E-01  4.3046666775E-02  5.3150281611E-02
           HessRho_EigVec2 = -6.5238625926E-02  3.6554864713E-01  9.2850315469E-01
           HessRho_EigVec3 = -2.0539952362E-02  9.2979630622E-01 -3.6750093782E-01
           DelSqRho = -9.6617318340E+05
           Bond Ellipticity = NA
           V = -2.4157579922E+05
           G =  1.6251685239E+01
           K =  2.4155954754E+05
           L =  2.4154329585E+05
           Vnuc =  4.8820087810E+05
           Ven = -9.3440353824E+07
           Vrep =  9.3198778024E+07
           DelSqV =  7.5850115557E+09
           DelSqVen =  4.7168659621E+11
           DelSqVrep = -4.6410158465E+11
           DelSqG =  4.0652273440E+08
           DelSqK = -7.9915342901E+09
           Stress_EigVals = -8.0526840506E+04 -8.0524825894E+04 -8.0524132821E+04
           Stress_EigVec1 = -2.1755099088E-02  9.4195724651E-01 -3.3502725472E-01
           Stress_EigVec2 = -4.6026717679E-02  3.3380761000E-01  9.4151687227E-01
           Stress_EigVec3 =  9.9870328773E-01  3.5902997717E-02  3.6093182619E-02
           -DivStress =  2.6738632552E+02 -2.9548738243E+04  1.9447692310E+04
           ESP =  -1.8291381141E+01     ESP at Nucleus =  -1.8291382670E+01
           ESPe = -3.4428308553E+01     ESPe at Nucleus = -3.4428279700E+01
           ESPn =  1.6136927412E+01     ESPn at Nucleus =  1.6136897030E+01

CP# 5      Coords =  5.50668505087939E+00  2.29730456963519E+00 -1.17262317048127E+00
           Type = (3,-3) NACP N5
           Rho =  1.9139766947E+02     Rho at Nucleus =  1.9139763634E+02
           GradRho = -1.2537532124E-10  1.4912071578E-11  7.0745909131E-12
           HessRho_EigVals = -3.2206272313E+05 -3.2206085216E+05 -3.2205112810E+05
           HessRho_EigVec1 =  9.9791162256E-01 -5.5219938048E-02 -3.3513460047E-02
           HessRho_EigVec2 =  5.1413471999E-02  3.6493231817E-01  9.2961339171E-01
           HessRho_EigVec3 =  3.9103049234E-02  9.2939505141E-01 -3.6700925049E-01
           DelSqRho = -9.6617470338E+05
           Bond Ellipticity = NA
           V = -2.4157617853E+05
           G =  1.6251343361E+01
           K =  2.4155992719E+05
           L =  2.4154367585E+05
           Vnuc =  4.8798590057E+05
           Ven = -9.3399364104E+07
           Vrep =  9.3157787925E+07
           DelSqV =  7.5850234023E+09
           DelSqVen =  4.7147963310E+11
           DelSqVrep = -4.6389460970E+11
           DelSqG =  4.0652332401E+08
           DelSqK = -7.9915467264E+09
           Stress_EigVals = -8.0526967753E+04 -8.0524952412E+04 -8.0524258368E+04
           Stress_EigVec1 =  3.9851601548E-02  9.4153831634E-01 -3.3454065332E-01
           Stress_EigVec2 =  3.1556928350E-02  3.3345365031E-01  9.4223819885E-01
           Stress_EigVec3 =  9.9870716936E-01 -4.8106776691E-02 -1.6423395180E-02
           -DivStress =  1.0103996462E+03  2.9553938505E+04 -1.9443710396E+04
           ESP =  -1.8291433527E+01     ESP at Nucleus =  -1.8291435057E+01
           ESPe = -3.4399388559E+01     ESPe at Nucleus = -3.4399359563E+01
           ESPn =  1.6107955032E+01     ESPn at Nucleus =  1.6107924506E+01

CP# 6      Coords =  5.48089341383754E+00  2.22391458694662E+00  1.33043990485768E+00
           Type = (3,-3) NACP N6
           Rho =  1.9139818188E+02     Rho at Nucleus =  1.9139814872E+02
           GradRho =  5.7244153862E-11 -1.6235457423E-11 -1.5523915486E-11
           HessRho_EigVals = -3.2206361452E+05 -3.2206173767E+05 -3.2205200988E+05
           HessRho_EigVec1 =  9.9715917275E-01 -5.6720872506E-02  4.9561344081E-02
           HessRho_EigVec2 = -6.8832642351E-02 -4.1898610325E-01  9.0537987200E-01
           HessRho_EigVec3 =  3.0588421861E-02  9.0621928246E-01  4.2170008364E-01
           DelSqRho = -9.6617736207E+05
           Bond Ellipticity = NA
           V = -2.4157684169E+05
           G =  1.6250586920E+01
           K =  2.4156059110E+05
           L =  2.4154434052E+05
           Vnuc =  4.8783689651E+05
           Ven = -9.3371095044E+07
           Vrep =  9.3129518202E+07
           DelSqV =  7.5850441650E+09
           DelSqVen =  4.7133696584E+11
           DelSqVrep = -4.6375192168E+11
           DelSqG =  4.0652447069E+08
           DelSqK = -7.9915686357E+09
           Stress_EigVals = -8.0527189695E+04 -8.0525173835E+04 -8.0524478162E+04
           Stress_EigVec1 =  3.1986258378E-02  9.2021510001E-01  3.9010389512E-01
           Stress_EigVec2 = -4.9706947686E-02 -3.8835605554E-01  9.2016780724E-01
           Stress_EigVec3 =  9.9825152072E-01 -4.8823599140E-02  3.3319026701E-02
           -DivStress =  5.8351043681E+02  2.8376113803E+04  2.1159785007E+04
           ESP =  -1.8291425795E+01     ESP at Nucleus =  -1.8291427326E+01
           ESPe = -3.4408667406E+01     ESPe at Nucleus = -3.4408638457E+01
           ESPn =  1.6117241611E+01     ESPn at Nucleus =  1.6117211132E+01

CP# 7      Coords = -6.42673436154969E+00  1.29399419553278E+00  6.97694625690544E-01
           Type = (3,-3) NACP C7
           Rho =  1.1754042568E+02     Rho at Nucleus =  1.1754042561E+02
           GradRho =  1.2422265095E-10  1.0050702038E-11 -1.7872299478E-10
           HessRho_EigVals = -1.4483838659E+05 -1.4483817061E+05 -1.4483782476E+05
           HessRho_EigVec1 =  2.5574835505E-01  9.5912261856E-01  1.2114694158E-01
           HessRho_EigVec2 = -4.9718937797E-01  2.3021239426E-02  8.6733658113E-01
           HessRho_EigVec3 =  8.2909318012E-01 -2.8205287643E-01  4.8275322224E-01
           DelSqRho = -4.3451438195E+05
           Bond Ellipticity = NA
           V = -1.0863884184E+05
           G =  5.1231765692E+00
           K =  1.0863371867E+05
           L =  1.0862859549E+05
           Vnuc =  6.1309104137E+06
           Ven = -7.2062981986E+08
           Vrep =  7.2052118102E+08
           DelSqV =  2.4924169951E+09
           DelSqVen =  2.6639688008E+12
           DelSqVrep = -2.6614762527E+12
           DelSqG =  1.3388032934E+08
           DelSqK = -2.6262973244E+09
           Stress_EigVals = -3.6213046263E+04 -3.6212933237E+04 -3.6212862341E+04
           Stress_EigVec1 =  8.0708291253E-01 -2.7501100292E-01  5.2248073704E-01
           Stress_EigVec2 = -5.2774970225E-01  6.0794480169E-02  8.4722150761E-01
           Stress_EigVec3 =  2.6475918131E-01  9.5951705532E-01  9.6070788785E-02
           -DivStress = -3.3962761064E+02 -2.0288982946E+01  7.2072672367E+02
           ESP =  -1.4740590294E+01     ESP at Nucleus =  -1.4740590295E+01
           ESPe = -3.0489667108E+01     ESPe at Nucleus = -3.0489666050E+01
           ESPn =  1.5749076814E+01     ESPn at Nucleus =  1.5749075755E+01

CP# 8      Coords = -6.42284541921795E+00 -1.34045613717584E+00 -6.46349606528775E-01
           Type = (3,-3) NACP C8
           Rho =  1.1754045987E+02     Rho at Nucleus =  1.1754045980E+02
           GradRho =  7.6817637941E-11  2.5598259474E-12  1.8193837868E-10
           HessRho_EigVals = -1.4483843649E+05 -1.4483822047E+05 -1.4483787458E+05
           HessRho_EigVec1 = -2.6747978163E-01  9.5488988556E-01  1.2899563121E-01
           HessRho_EigVec2 =  5.1957742532E-01  3.0190285601E-02  8.5388983233E-01
           HessRho_EigVec3 =  8.1147634933E-01  2.9542148383E-01 -5.0421451921E-01
           DelSqRho = -4.3451453154E+05
           Bond Ellipticity = NA
           V = -1.0863887923E+05
           G =  5.1231702367E+00
           K =  1.0863375606E+05
           L =  1.0862863289E+05
           Vnuc =  6.1316146660E+06
           Ven = -7.2071280756E+08
           Vrep =  7.2060416868E+08
           DelSqV =  2.4924178580E+09
           DelSqVen =  2.6642760335E+12
           DelSqVrep = -2.6617836157E+12
           DelSqG =  1.3388038307E+08
           DelSqK = -2.6262982410E+09
           Stress_EigVals = -3.6213058725E+04 -3.6212945694E+04 -3.6212874807E+04
           Stress_EigVec1 =  7.8852522409E-01  2.8811551102E-01 -5.4333914205E-01
           Stress_EigVec2 =  5.4899347352E-01  6.8435442603E-02  8.3302026160E-01
           Stress_EigVec3 = -2.7718971303E-01  9.5514713134E-01  1.0421046245E-01
           -DivStress = -3.5782255361E+02  1.3504579504E+01 -7.1193358556E+02
           ESP =  -1.4740607010E+01     ESP at Nucleus =  -1.4740607010E+01
           ESPe = -3.0489759112E+01     ESPe at Nucleus = -3.0489758049E+01
           ESPn =  1.5749152102E+01     ESPn at Nucleus =  1.5749151039E+01

CP# 9      Coords = -1.03603715503457E+00  1.16442414951440E+00  2.09057431680932E-02
           Type = (3,-3) NACP C9
           Rho =  1.1788625513E+02     Rho at Nucleus =  1.1788625448E+02
           GradRho =  2.6286305670E-09  5.3459092889E-09  5.8561330369E-10
           HessRho_EigVals = -1.4529295820E+05 -1.4529266480E+05 -1.4529179749E+05
           HessRho_EigVec1 =  9.0303055810E-01 -4.0821705687E-01  1.3377086986E-01
           HessRho_EigVec2 = -1.3266957325E-01  3.1155438454E-02  9.9067054210E-01
           HessRho_EigVec3 =  4.0857630313E-01  9.1235309674E-01  2.6023669752E-02
           DelSqRho = -4.3587742048E+05
           Bond Ellipticity = NA
           V = -1.0897954462E+05
           G =  5.0947517298E+00
           K =  1.0897444987E+05
           L =  1.0896935512E+05
           Vnuc =  1.9973059579E+06
           Ven = -2.3545491973E+08
           Vrep =  2.3534594019E+08
           DelSqV =  2.5002293446E+09
           DelSqVen =  8.7058058445E+11
           DelSqVrep = -8.6808035920E+11
           DelSqG =  1.3432903281E+08
           DelSqK = -2.6345583774E+09
           Stress_EigVals = -3.6326985732E+04 -3.6326294196E+04 -3.6326264696E+04
           Stress_EigVec1 =  3.4511992656E-02  9.9751169529E-01  6.1476337883E-02
           Stress_EigVec2 =  7.9877951855E-01  9.4370913138E-03 -6.0154985002E-01
           Stress_EigVec3 =  6.0063316851E-01 -6.9866723582E-02  7.9646621888E-01
           -DivStress = -1.0360052879E+03 -2.2091761246E+03 -2.3905379838E+02
           ESP =  -1.4766129281E+01     ESP at Nucleus =  -1.4766129353E+01
           ESPe = -3.3160335793E+01     ESPe at Nucleus = -3.3160338523E+01
           ESPn =  1.8394206512E+01     ESPn at Nucleus =  1.8394209170E+01

CP# 10     Coords = -4.86603441435816E+00 -3.52042369270211E+00  5.46429848667643E-01
           Type = (3,-3) NACP C10
           Rho =  1.1756071933E+02     Rho at Nucleus =  1.1756071923E+02
           GradRho =  2.4153668302E-10  8.2343200401E-11 -1.9603926224E-10
           HessRho_EigVals = -1.4486416480E+05 -1.4486385890E+05 -1.4486356123E+05
           HessRho_EigVec1 =  9.6559752183E-01 -2.1900499011E-01 -1.4020784624E-01
           HessRho_EigVec2 =  7.6556251045E-02  7.5469272209E-01 -6.5159652827E-01
           HessRho_EigVec3 =  2.4851673237E-01  6.1844620585E-01  7.4549562319E-01
           DelSqRho = -4.3459158494E+05
           Bond Ellipticity = NA
           V = -1.0865814089E+05
           G =  5.1223289741E+00
           K =  1.0865301856E+05
           L =  1.0864789623E+05
           Vnuc =  5.2889618749E+06
           Ven = -6.2177416251E+08
           Vrep =  6.2166550437E+08
           DelSqV =  2.4928585105E+09
           DelSqVen =  2.2985384509E+12
           DelSqVrep = -2.2960456088E+12
           DelSqG =  1.3390484240E+08
           DelSqK = -2.6267633529E+09
           Stress_EigVals = -3.6219483554E+04 -3.6219382215E+04 -3.6219275123E+04
           Stress_EigVec1 =  2.2933392962E-01  6.1240781916E-01  7.5654650336E-01
           Stress_EigVec2 =  1.2092258864E-01  7.5331491286E-01 -6.4644749951E-01
           Stress_EigVec3 =  9.6580726663E-01 -2.3973590697E-01 -9.8706730411E-02
           -DivStress = -6.9379904459E+02 -2.2619459454E+02  5.6265130198E+02
           ESP =  -1.4735632724E+01     ESP at Nucleus =  -1.4735632727E+01
           ESPe = -3.0432458944E+01     ESPe at Nucleus = -3.0432457575E+01
           ESPn =  1.5696826220E+01     ESPn at Nucleus =  1.5696824848E+01

CP# 11     Coords = -1.02041360816162E+00 -1.12076597977851E+00 -1.11497011142687E-01
           Type = (3,-3) NACP C11
           Rho =  1.1788671115E+02     Rho at Nucleus =  1.1788671050E+02
           GradRho =  2.7423586850E-09 -5.3228401899E-09 -6.4517205056E-10
           HessRho_EigVals = -1.4529355476E+05 -1.4529326113E+05 -1.4529239248E+05
           HessRho_EigVec1 =  8.9423633810E-01  4.2185280562E-01 -1.4960475263E-01
           HessRho_EigVec2 =  1.5102095520E-01  3.0273772814E-02  9.8806688527E-01
           HessRho_EigVec3 = -4.2134788798E-01  9.0615876593E-01  3.6636705917E-02
           DelSqRho = -4.3587920838E+05
           Bond Ellipticity = NA
           V = -1.0897999193E+05
           G =  5.0949163700E+00
           K =  1.0897489701E+05
           L =  1.0896980209E+05
           Vnuc =  1.9935896600E+06
           Ven = -2.3501772841E+08
           Vrep =  2.3490874842E+08
           DelSqV =  2.5002395982E+09
           DelSqVen =  8.6896425779E+11
           DelSqVrep = -8.6646401410E+11
           DelSqG =  1.3432961714E+08
           DelSqK = -2.6345692153E+09
           Stress_EigVals = -3.6327135278E+04 -3.6326442631E+04 -3.6326414018E+04
           Stress_EigVec1 = -4.8708002399E-02  9.9686855829E-01  6.2294526223E-02
           Stress_EigVec2 =  8.1056302184E-01  3.0079281143E-03  5.8564369714E-01
           Stress_EigVec3 = -5.8362241058E-01 -7.9019174024E-02  8.0817130115E-01
           -DivStress = -1.0742925655E+03  2.1932344789E+03  2.6166022591E+02
           ESP =  -1.4766150315E+01     ESP at Nucleus =  -1.4766150388E+01
           ESPe = -3.3179587914E+01     ESPe at Nucleus = -3.3179590602E+01
           ESPn =  1.8413437598E+01     ESPn at Nucleus =  1.8413440215E+01

CP# 12     Coords = -2.05150843401054E+00 -3.67698038454834E+00 -2.82566651154326E-01
           Type = (3,-3) NACP C12
           Rho =  1.1751539268E+02     Rho at Nucleus =  1.1751539220E+02
           GradRho =  1.1803483234E-09  3.7015517362E-09  4.2767002897E-10
           HessRho_EigVals = -1.4480619977E+05 -1.4480559369E+05 -1.4480538029E+05
           HessRho_EigVec1 =  6.3658315890E-01  7.7112413877E-01  1.1377363738E-02
           HessRho_EigVec2 =  6.8703004572E-01 -5.6033572837E-01 -4.6261602631E-01
           HessRho_EigVec3 =  3.5035924147E-01 -3.0231016212E-01  8.8648574032E-01
           DelSqRho = -4.3441717374E+05
           Bond Ellipticity = NA
           V = -1.0861466642E+05
           G =  5.1864900045E+00
           K =  1.0860947993E+05
           L =  1.0860429344E+05
           Vnuc =  2.3239531453E+06
           Ven = -2.7310026644E+08
           Vrep =  2.7299165177E+08
           DelSqV =  2.4918620669E+09
           DelSqVen =  1.0095651635E+12
           DelSqVrep = -1.0070733015E+12
           DelSqG =  1.3384880005E+08
           DelSqK = -2.6257108670E+09
           Stress_EigVals = -3.6204998937E+04 -3.6204927802E+04 -3.6204739677E+04
           Stress_EigVec1 =  3.5004926773E-01 -3.3265594430E-01  8.7567433038E-01
           Stress_EigVec2 = -5.8045157118E-01  6.5668437197E-01  4.8149933450E-01
           Stress_EigVec3 =  7.3521526349E-01  6.7683503036E-01 -3.6781218004E-02
           -DivStress = -6.2403993601E+02 -1.9804014678E+03 -2.3533380640E+02
           ESP =  -1.4719133260E+01     ESP at Nucleus =  -1.4719133285E+01
           ESPe = -3.1203892802E+01     ESPe at Nucleus = -3.1203889308E+01
           ESPn =  1.6484759543E+01     ESPn at Nucleus =  1.6484756024E+01

CP# 13     Coords = -4.93804010053941E+00  3.49883165922704E+00 -5.35650231078653E-01
           Type = (3,-3) NACP C13
           Rho =  1.1756070832E+02     Rho at Nucleus =  1.1756070822E+02
           GradRho =  2.7877101127E-10 -8.3974562384E-11  1.8870461817E-10
           HessRho_EigVals = -1.4486414043E+05 -1.4486383384E+05 -1.4486353618E+05
           HessRho_EigVec1 =  9.6524322186E-01  2.3474180493E-01  1.1489911954E-01
           HessRho_EigVec2 = -1.0595295454E-01  7.5335112464E-01 -6.4902700593E-01
           HessRho_EigVec3 = -2.3891315175E-01  6.1429501709E-01  7.5203865453E-01
           DelSqRho = -4.3459151045E+05
           Bond Ellipticity = NA
           V = -1.0865812210E+05
           G =  5.1222435317E+00
           K =  1.0865299986E+05
           L =  1.0864787761E+05
           Vnuc =  5.2849559308E+06
           Ven = -6.2130316265E+08
           Vrep =  6.2119450453E+08
           DelSqV =  2.4928580885E+09
           DelSqVen =  2.2967971308E+12
           DelSqVrep = -2.2943042727E+12
           DelSqG =  1.3390480787E+08
           DelSqK = -2.6267628963E+09
           Stress_EigVals = -3.6219477338E+04 -3.6219375992E+04 -3.6219268769E+04
           Stress_EigVec1 = -2.1926101017E-01  6.0862481796E-01  7.6256176168E-01
           Stress_EigVec2 = -1.4995196806E-01  7.5127310588E-01 -6.4273099167E-01
           Stress_EigVec3 =  9.6407417593E-01  2.5527348344E-01  7.3460410845E-02
           -DivStress = -7.1320227438E+02  2.1279715561E+02 -5.4448057004E+02
           ESP =  -1.4735599243E+01     ESP at Nucleus =  -1.4735599246E+01
           ESPe = -3.0411367267E+01     ESPe at Nucleus = -3.0411365897E+01
           ESPn =  1.5675768024E+01     ESPn at Nucleus =  1.5675766652E+01

CP# 14     Coords = -2.10546662385658E+00  3.70304478428004E+00  2.18471867144694E-01
           Type = (3,-3) NACP C14
           Rho =  1.1751525909E+02     Rho at Nucleus =  1.1751525861E+02
           GradRho =  1.2588002179E-09 -3.6689865287E-09 -4.6526622010E-10
           HessRho_EigVals = -1.4480597731E+05 -1.4480537130E+05 -1.4480515928E+05
           HessRho_EigVec1 = -6.4912530063E-01  7.6018407966E-01  2.7504710770E-02
           HessRho_EigVec2 =  6.9087106933E-01  5.7403590195E-01  4.3952240994E-01
           HessRho_EigVec3 = -3.1832924723E-01 -3.0430732542E-01  8.9781041543E-01
           DelSqRho = -4.3441650790E+05
           Bond Ellipticity = NA
           V = -1.0861449923E+05
           G =  5.1861292244E+00
           K =  1.0860931310E+05
           L =  1.0860412697E+05
           Vnuc =  2.3270515891E+06
           Ven = -2.7346407042E+08
           Vrep =  2.7335545592E+08
           DelSqV =  2.4918581843E+09
           DelSqVen =  1.0109096346E+12
           DelSqVrep = -1.0084177764E+12
           DelSqG =  1.3384853793E+08
           DelSqK = -2.6257067223E+09
           Stress_EigVals = -3.6204942891E+04 -3.6204872227E+04 -3.6204684115E+04
           Stress_EigVec1 = -3.1821709873E-01 -3.3490004972E-01  8.8689336155E-01
           Stress_EigVec2 =  5.8297829953E-01  6.6859784672E-01  4.6164187597E-01
           Stress_EigVec3 =  7.4757887902E-01 -6.6394192221E-01  1.7519805501E-02
           -DivStress = -6.5656026118E+02  1.9644927551E+03  2.5468622444E+02
           ESP =  -1.4719014228E+01     ESP at Nucleus =  -1.4719014253E+01
           ESPe = -3.1170805780E+01     ESPe at Nucleus = -3.1170802296E+01
           ESPn =  1.6451791552E+01     ESPn at Nucleus =  1.6451788043E+01

CP# 15     Coords = -5.87631593398665E+00 -1.11242673903452E+00 -2.60136169130157E+00
           Type = (3,-3) NACP H15
