AIMSum (Version 19.02.13, Professional)
Copyright (c) 1997-2019 by Todd A. Keith
AIMSum is a component of the AIMAll package ( http://aim.tkgristmill.com )

TP:  64-bit Linux

Much of the Quantum Theory of Atoms in Molecules (QTAIM) is described in the book:
  "Atoms in Molecules - A Quantum Theory"
  R.F.W. Bader, Oxford University Press, Oxford, 1990

For additional references see:  http://aim.tkgristmill.com/references.html

Wfn File:  /home/mhennefarth/Documents/ML_Diels/summary-liu2014/4_9-opt/4_9-opt.wfn
Sum File:  /home/mhennefarth/Documents/ML_Diels/summary-liu2014/4_9-opt/4_9-opt.sum

SumViz File:  /home/mhennefarth/Documents/ML_Diels/summary-liu2014/4_9-opt/4_9-opt.sumviz

Wfn Title:   Title Card Required                                                           
 
Total memory allocated for AIMSum =        1.059 Megabytes

Atomic units (a.u.) used throughout, except where stated otherwise

Model:  Restricted SCF
 
Restricted, closed-shell, single-determinant wavefunction.
  Number of electrons (from MO Occs)                   =          74.0000000000
  Number of Alpha electrons (from MO Occs)             =          37.0000000000
  Number of Beta electrons (from MO Occs)              =          37.0000000000
  Number of electron pairs (N*(N-1)/2)                 =        2701.0000000000
  Number of electron pairs (from Muller 2EDM)          =        2701.0000000000
 
Nuclear Charges and Cartesian Coordinates:
-------------------------------------------------------------------------------
Atom      Charge                X                  Y                  Z
-------------------------------------------------------------------------------
C1         6.0          -2.9128757000E+00   6.0478266000E-01  -2.3104325900E+00
N2         7.0          -2.9482513900E+00   2.5036579400E+00  -6.3753374000E-01
N3         7.0          -2.9431367000E+00   1.8699403600E+00   1.7848453800E+00
C4         6.0          -2.9032092700E+00  -6.0455175000E-01   2.3123677200E+00
N5         7.0          -2.9416705200E+00  -2.5034878100E+00   6.3959473000E-01
N6         7.0          -2.9467078000E+00  -1.8697655500E+00  -1.7827734600E+00
C7         6.0           3.8481460400E+00   1.0252497300E+00  -7.3947621000E-01
C8         6.0           3.8471810100E+00  -1.0254684000E+00   7.3665307000E-01
C9         6.0           3.8482609300E+00   3.7123535600E+00   1.7750904000E-01
C10        6.0           3.8443595800E+00  -3.7126735300E+00  -1.8004549000E-01
H11        1.0           3.8612854500E+00   7.6326465000E-01  -2.7872759800E+00
H12        1.0           3.8604695800E+00  -7.6337366000E-01   2.7844429900E+00
H13        1.0           2.1633841400E+00   4.7326005800E+00  -4.7652902000E-01
H14        1.0           3.8817274400E+00   3.8081087800E+00   2.2449573000E+00
H15        1.0           5.4953745500E+00   4.7516474000E+00  -5.4048059000E-01
H16        1.0           3.8804772000E+00  -3.8087044500E+00  -2.2474446300E+00
H17        1.0           2.1567589000E+00  -4.7298624900E+00   4.7177731000E-01
H18        1.0           5.4887831500E+00  -4.7545154000E+00   5.4034632000E-01
H19        1.0          -2.8714915100E+00  -1.1239548100E+00   4.2970149100E+00
H20        1.0          -2.8895795700E+00   1.1242211500E+00  -4.2951921800E+00
 
Some Atomic Properties:
----------------------
  q(A) = Net Charge of Atom A
  L(A) = Lagrangian of Atom A = -(1/4) Times Atomic Integral of the Laplacian of the Electron Density
  K(A) = Electronic Kinetic Energy of Atom A (Hamiltonian Form)
  K_Scaled(A) = K(A) * E(Mol)/K(Mol) = Approximation to Virial-Based Total Energy of Atom A.
  |Mu_Intra(A)| = Magnitude of Intraatomic Dipole Moment of Atom A
--------------------------------------------------------------------------------------------------
Atom A          q(A)              L(A)              K(A)          K_Scaled(A)      |Mu_Intra(A)|
--------------------------------------------------------------------------------------------------
C1        1.0737363633E+00 -6.8745367059E-05  3.7110471989E+01 -3.7465432540E+01  6.5517579001E-01
N2       -5.9385390620E-01  5.2181123915E-05  5.4568320244E+01 -5.5090264590E+01  6.7555206472E-01
N3       -5.8940468370E-01  5.3432433010E-05  5.4569890630E+01 -5.5091849997E+01  6.7443717804E-01
C4        1.0737245441E+00 -1.4568377076E-04  3.7110464411E+01 -3.7465424890E+01  6.5527916364E-01
N5       -5.9388823440E-01  3.3530119710E-05  5.4568302644E+01 -5.5090246822E+01  6.7558049400E-01
N6       -5.8944135090E-01  8.1049263987E-06  5.4569904116E+01 -5.5091863612E+01  6.7443554029E-01
C7       -5.7367550100E-02 -2.1704622867E-04  3.7708867479E+01 -3.8069551665E+01  6.2520712054E-02
C8       -5.7135137400E-02  2.2633380827E-05  3.7708961837E+01 -3.8069646926E+01  6.2443955508E-02
C9       -1.7667868400E-02 -1.1278424729E-04  3.7678406727E+01 -3.8038799557E+01  8.9367851000E-02
C10      -1.7570889100E-02  3.9222827194E-05  3.7678479639E+01 -3.8038873167E+01  8.9658108396E-02
H11       1.7627618350E-02  2.5232074420E-05  6.0615753073E-01 -6.1195540933E-01  1.5706490055E-01
H12       1.7581697140E-02  2.6425317070E-05  6.0618003866E-01 -6.1197813254E-01  1.5707292004E-01
H13       2.9491705610E-02  1.0530054795E-05  5.9882985468E-01 -6.0455764427E-01  1.4649220524E-01
H14       1.5615566470E-02  2.4922752281E-05  6.0423432817E-01 -6.1001381140E-01  1.5333511121E-01
H15       1.7045524760E-02  2.5600839487E-05  6.0285738521E-01 -6.0862369802E-01  1.5464476783E-01
H16       1.5603307170E-02  2.4728775848E-05  6.0423469345E-01 -6.1001418016E-01  1.5333878976E-01
H17       2.9664625670E-02  4.2631801976E-05  5.9879784273E-01 -6.0452532613E-01  1.4639244042E-01
H18       1.7030103510E-02  2.8426945553E-05  6.0286784264E-01 -6.0863425547E-01  1.5464351017E-01
H19       1.0456815400E-01  2.1003648694E-05  5.7847675479E-01 -5.8400986759E-01  1.3915788867E-01
H20       1.0457281197E-01  2.2220607440E-05  5.7847307122E-01 -5.8400614879E-01  1.3915822081E-01
--------------------------------------------------------------------------------------------------
Total    -6.7598149999E-05 -8.3431985160E-05  4.4925317906E+02 -4.5355027224E+02
 
1st Largest |L(A)| = 2.1704622867E-04, atom C7      
2nd Largest |L(A)| = 1.4568377076E-04, atom C4      
 
Molecular charge q(Mol) from the wfn file:   0.0000000000E+00
Molecular energy E(Mol) from the wfn file:  -4.5355032201E+02
Molecular virial ratio (-V(Mol)/T(Mol)) from the wfn file:   2.0095649700E+00
Note.  K_Scaled(A) = (1+V(Mol)/T(Mol))*K(A) = (E(Mol)/T(Mol))*K(A)
       Only use K_Scaled(A) data with caution.
 
N_AIMInt(SumA)     =         74.000068
N_Analytic(Mol)    =         73.999993
 
G_AIMInt(SumA)     =        449.253262
G_Analytic(Mol)    =        449.253210
 
K_AIMInt(SumA)     =        449.253179
K_Analytic(Mol)    =        449.253210
 
L_AIMInt(SumA)     =         -0.000083
L_Analytic(Mol)    =          0.000000
 
VenT_AIMInt(SumA)  =      -2052.873452
VenT_Analytic(Mol) =      -2052.872414
 
Some Information About the Atomic Calculations:
----------------------------------------------
  Time(sec) = "Elapsed User Time", in Seconds, for Atom A by AIMInt and, if used, by TWOe
  NProc = Number of Processors Used for AIMInt Job
  BIM = Basin Integration Method
  OAQ = Angular Quadrature Outside of Beta Sphere
  ORQ = Multiple of Default for Radial Quadrature Outside of Beta Sphere
  IAQ = Multiple of Default for Angular Quadrature Inside of Beta Sphere
  IRQ = Multiple of Default for Radial Quadrature Inside of Beta Sphere
  MIR = Maximum Integration Radius
------------------------------------------------------------------------------------------------------
Atom A     Time(sec)   NProc      BIM          OAQ                     ORQ      IAQ      IRQ      MIR
------------------------------------------------------------------------------------------------------
C1             35        8     Proaim(5)    4500(GS4)                  1.00     1.00     1.00    13.00
N2             27        8     Proaim(5)    4500(GS4)                  1.00     1.00     1.00    13.00
N3             20        8     Proaim(5)    4500(GS4)                  1.00     1.00     1.00    13.00
C4             35        8     Proaim(5)    4500(GS4)                  1.00     1.00     1.00    13.00
N5             28        8     Proaim(5)    4500(GS4)                  1.00     1.00     1.00    13.00
N6             20        8     Proaim(5)    4500(GS4)                  1.00     1.00     1.00    13.00
C7             38        8     Proaim(5)    4500(GS4)                  1.00     1.00     1.00    13.00
C8             38        8     Proaim(5)    4500(GS4)                  1.00     1.00     1.00    13.00
C9             25        8     Proaim(5)    4500(GS4)                  1.00     1.00     1.00    13.00
C10            26        8     Proaim(5)    4500(GS4)                  1.00     1.00     1.00    13.00
H11             8        8     Proaim(5)    1800(GS4)                  1.00     1.00     1.00    13.00
H12             7        8     Proaim(5)    1800(GS4)                  1.00     1.00     1.00    13.00
H13            13        8     Proaim(5)    4500(GS4)                  1.00     1.00     1.00    13.00
H14             7        8     Proaim(5)    1800(GS4)                  1.00     1.00     1.00    13.00
H15             5        8     Proaim(5)    1800(GS4)                  1.00     1.00     1.00    13.00
H16             7        8     Proaim(5)    1800(GS4)                  1.00     1.00     1.00    13.00
H17            14        8     Proaim(5)    4500(GS4)                  1.00     1.00     1.00    13.00
H18             5        8     Proaim(5)    1800(GS4)                  1.00     1.00     1.00    13.00
H19             5        8     Proaim(5)    1800(GS4)                  1.00     1.00     1.00    13.00
H20             6        8     Proaim(5)    1800(GS4)                  1.00     1.00     1.00    13.00
------------------------------------------------------------------------------------------------------
Total         369
Note:  Total wall clock time is less than total of atomic times if more than one atom
       was calculated at a time
 
Electron Density Critical Point Analysis of Molecular Structure:               
---------------------------------------------------------------                
  NACP = Nuclear Attractor Critical Point                                      
  NNACP = Non-Nuclear Attractor Critical Point                                 
  BCP = Bond Critical Point                                                    
  RCP = Ring Critical Point                                                    
  CCP = Cage Critical Point                                                    
  Rho = Electron Density                                                       
  GradRho = Gradient of Electron Density                                       
  HessRho_EigVals = Eigenvalues of the Hessian of Rho, Ascending Order         
  HessRho_EigVecs = Eigenvectors of the Hessian of Rho                         
  DelSqRho = Laplacian of Rho = Trace of Hessian of Rho                        
  Bond Ellipticity = (HessRho_EigVal(1) / HessRho_EigVal(2)) - 1               
  V = Virial Field = Potential Energy Density = Trace of Stress Tensor         
  G = Lagrangian Form of Kinetic Energy Density                                
  K = Hamiltonian Form of Kinetic Energy Density                               
  L = K - G = Lagrangian Density = (-1/4)DelSqRho                              
  Vnuc = Electrostatic Potential from Nuclei                                   
  Ven = Electron-nuclear attractive contribution to Virial Field V             
  Vrep = V - Ven = Repulsive contribution to Virial Field V                    
  DelSqV = Laplacian of V                                                      
  DelSqVen = Laplacian of Ven                                                  
  DelSqVrep = Laplacian of Vrep                                                
  DelSqG = Laplacian of G                                                      
  DelSqK = Laplacian of K                                                      
  Stress_EigVals = Eigenvalues of Stress Tensor, Ascending Order               
  Stress_EigVecs = Eigenvectors of Stress Tensor                               
  -DivStress = Ehrenfest Force Density = Minus Divergence of Stress Tensor     
  ESP = Total Electrostatic Potential                                          
  ESPe = Electrostatic Potential from Electrons                                
  ESPn = Electrostatic Potential from Nuclei                                   
  BP = Bond Path                                                               
  BPL = Bond Path Length                                                       
  GBL = Geometric Bond Length                                                  
  GBL_I = Distance Between Nuclear Attractors                                  
  GBL_II = Distance Between Nuclei                                             
  GBL_III = Sum of Distances Between BCP and Nuclear Attractors                
  GBL_IV = Sum of Distances Between BCP and Nuclei                             

CP# 1      Coords = -2.91287569452676E+00  6.04782124116531E-01 -2.31043052020071E+00
           Type = (3,-3) NACP C1
           Rho =  1.1764845782E+02     Rho at Nucleus =  1.1764845749E+02
           GradRho = -6.5706683695E-12 -5.2613086067E-10  2.0668663922E-09
           HessRho_EigVals = -1.4493328814E+05 -1.4493219242E+05 -1.4493162392E+05
           HessRho_EigVec1 =  9.9994559912E-01 -3.3432950675E-03  9.8803429111E-03
           HessRho_EigVec2 =  6.9699667143E-04  9.6653966605E-01  2.5651625319E-01
           HessRho_EigVec3 = -1.0407352862E-02 -2.5649541192E-01  9.6648941571E-01
           DelSqRho = -4.3479710448E+05
           Bond Ellipticity = NA
           V = -1.0870961382E+05
           G =  5.1688501004E+00
           K =  1.0870444497E+05
           L =  1.0869927612E+05
           Vnuc =  2.8063064689E+06
           Ven = -3.3015762823E+08
           Vrep =  3.3004891862E+08
           DelSqV =  2.4939889622E+09
           DelSqVen =  1.2201739878E+12
           DelSqVrep = -1.2176800153E+12
           DelSqG =  1.3392948034E+08
           DelSqK = -2.6279184426E+09
           Stress_EigVals = -3.6236850296E+04 -3.6236663659E+04 -3.6236099866E+04
           Stress_EigVec1 = -1.3435203580E-02 -2.5580345848E-01  9.6663544624E-01
           Stress_EigVec2 = -3.5333380529E-05  9.6672282003E-01  2.5582608935E-01
           Stress_EigVec3 =  9.9990974295E-01 -3.4029210935E-03  1.2997156294E-02
           -DivStress = -6.3125875459E+00  4.3654787733E+02 -1.6859666198E+03
           ESP =  -1.4639503859E+01     ESP at Nucleus =  -1.4639503873E+01
           ESPe = -2.9445163921E+01     ESPe at Nucleus = -2.9445160020E+01
           ESPn =  1.4805660062E+01     ESPn at Nucleus =  1.4805656146E+01

CP# 2      Coords = -2.94825118616396E+00  2.50364452305911E+00 -6.37528773822246E-01
           Type = (3,-3) NACP N2
           Rho =  1.9139500160E+02     Rho at Nucleus =  1.9139496863E+02
           GradRho =  3.2549608842E-11 -4.9800455426E-11  2.7028553007E-12
           HessRho_EigVals = -3.2205772956E+05 -3.2205585335E+05 -3.2204613670E+05
           HessRho_EigVec1 =  9.9927389774E-01  2.5282595583E-02  2.8503818268E-02
           HessRho_EigVec2 = -3.1954068627E-02  1.4865910285E-01  9.8837210029E-01
           HessRho_EigVec3 = -2.0751260046E-02  9.8856525404E-01 -1.4935904293E-01
           DelSqRho = -9.6615971960E+05
           Bond Ellipticity = NA
           V = -2.4157243990E+05
           G =  1.6255000601E+01
           K =  2.4155618490E+05
           L =  2.4153992990E+05
           Vnuc =  4.8925092578E+05
           Ven = -9.3640181720E+07
           Vrep =  9.3398609280E+07
           DelSqV =  7.5849056513E+09
           DelSqVen =  4.7269453715E+11
           DelSqVrep = -4.6510963150E+11
           DelSqG =  4.0651636612E+08
           DelSqK = -7.9914220174E+09
           Stress_EigVals = -8.0525721156E+04 -8.0523706987E+04 -8.0523011759E+04
           Stress_EigVec1 = -2.0915942510E-02  9.9310410868E-01 -1.1535489875E-01
           Stress_EigVec2 = -2.1195023965E-02  1.1491375972E-01  9.9314933358E-01
           Stress_EigVec3 =  9.9955654883E-01  2.3217604209E-02  1.8645335791E-02
           -DivStress = -5.0293936033E+02  3.3097610840E+04 -1.2256387286E+04
           ESP =  -1.8282928350E+01     ESP at Nucleus =  -1.8282929873E+01
           ESPe = -3.2309808149E+01     ESPe at Nucleus = -3.2309779992E+01
           ESPn =  1.4026879800E+01     ESPn at Nucleus =  1.4026850119E+01

CP# 3      Coords = -2.94313654151647E+00  1.86993102616719E+00  1.78483440138670E+00
           Type = (3,-3) NACP N3
           Rho =  1.9140223814E+02     Rho at Nucleus =  1.9140220470E+02
           GradRho = -6.1954674030E-11 -1.2536020833E-11 -4.8866084790E-12
           HessRho_EigVals = -3.2207065978E+05 -3.2206875722E+05 -3.2205898873E+05
           HessRho_EigVec1 =  9.9930596745E-01  3.4327691086E-02 -1.4463507218E-02
           HessRho_EigVec2 =  3.2511522512E-02 -6.1423028773E-01  7.8845681844E-01
           HessRho_EigVec3 = -1.8181977898E-02  7.8837983438E-01  6.1492003742E-01
           DelSqRho = -9.6619840573E+05
           Bond Ellipticity = NA
           V = -2.4158209584E+05
           G =  1.6247205328E+01
           K =  2.4156584864E+05
           L =  2.4154960143E+05
           Vnuc =  4.8575571112E+05
           Ven = -9.2974730297E+07
           Vrep =  9.2733148202E+07
           DelSqV =  7.5852087152E+09
           DelSqVen =  4.6933639373E+11
           DelSqVrep = -4.6175118501E+11
           DelSqG =  4.0653354456E+08
           DelSqK = -7.9917422598E+09
           Stress_EigVals = -8.0528947749E+04 -8.0526925121E+04 -8.0526222973E+04
           Stress_EigVec1 = -1.8830366968E-02  8.0902632562E-01  5.8747069862E-01
           Stress_EigVec2 =  2.2774965863E-02 -5.8707533582E-01  8.0921187028E-01
           Stress_EigVec3 =  9.9956326374E-01  2.8617381578E-02 -7.3707029367E-03
           -DivStress = -3.9164622183E+02  2.3023500025E+04  2.7088834426E+04
           ESP =  -1.8283516484E+01     ESP at Nucleus =  -1.8283518028E+01
           ESPe = -3.2275559144E+01     ESPe at Nucleus = -3.2275530450E+01
           ESPn =  1.3992042660E+01     ESPn at Nucleus =  1.3992012422E+01

CP# 4      Coords = -2.90320927220288E+00 -6.04551214368779E-01  2.31236565011029E+00
           Type = (3,-3) NACP C4
           Rho =  1.1764850773E+02     Rho at Nucleus =  1.1764850740E+02
           GradRho =  5.8601914079E-12  5.3979399423E-10 -2.0539291168E-09
           HessRho_EigVals = -1.4493335812E+05 -1.4493226246E+05 -1.4493169394E+05
           HessRho_EigVec1 =  9.9989384140E-01  5.0509680102E-03 -1.3667247512E-02
           HessRho_EigVec2 = -1.3746873343E-03  9.6651161724E-01  2.5661918083E-01
           HessRho_EigVec3 =  1.4505728770E-02 -2.5657315030E-01  9.6641595722E-01
           DelSqRho = -4.3479731452E+05
           Bond Ellipticity = NA
           V = -1.0870966633E+05
           G =  5.1688495648E+00
           K =  1.0870449748E+05
           L =  1.0869932863E+05
           Vnuc =  2.8062822464E+06
           Ven = -3.3015491856E+08
           Vrep =  3.3004620890E+08
           DelSqV =  2.4939901672E+09
           DelSqVen =  1.2201639936E+12
           DelSqVrep = -1.2176700034E+12
           DelSqG =  1.3392955322E+08
           DelSqK = -2.6279197204E+09
           Stress_EigVals = -3.6236867805E+04 -3.6236681166E+04 -3.6236117358E+04
           Stress_EigVec1 =  1.7527165686E-02 -2.5585149508E-01  9.6655719486E-01
           Stress_EigVec2 = -6.2524795536E-04  9.6670269929E-01  2.5590134867E-01
           Stress_EigVec3 =  9.9984619194E-01  5.0895632472E-03 -1.6783587755E-02
           -DivStress = -6.8455036795E-02 -4.3634867572E+02  1.6860444777E+03
           ESP =  -1.4639504683E+01     ESP at Nucleus =  -1.4639504697E+01
           ESPe = -2.9449103375E+01     ESPe at Nucleus = -2.9449099476E+01
           ESPn =  1.4809598692E+01     ESPn at Nucleus =  1.4809594778E+01

CP# 5      Coords = -2.94167035774489E+00 -2.50347439425724E+00  6.39589763554688E-01
           Type = (3,-3) NACP N5
           Rho =  1.9139489387E+02     Rho at Nucleus =  1.9139486091E+02
           GradRho =  3.8249736711E-11 -1.1469464267E-11  1.4410919506E-11
           HessRho_EigVals = -3.2205753333E+05 -3.2205565795E+05 -3.2204594201E+05
           HessRho_EigVec1 =  9.9919629780E-01 -2.3633533660E-02 -3.2376141664E-02
           HessRho_EigVec2 =  3.5538389619E-02  1.4870039453E-01  9.8824350012E-01
           HessRho_EigVec3 =  1.8541340985E-02  9.8859984258E-01 -1.4942078142E-01
           DelSqRho = -9.6615913329E+05
           Bond Ellipticity = NA
           V = -2.4157229368E+05
           G =  1.6255181545E+01
           K =  2.4155603850E+05
           L =  2.4153978332E+05
           Vnuc =  4.8930436663E+05
           Ven = -9.3650357322E+07
           Vrep =  9.3408785028E+07
           DelSqV =  7.5849010348E+09
           DelSqVen =  4.7274588224E+11
           DelSqVrep = -4.6516098114E+11
           DelSqG =  4.0651610152E+08
           DelSqK = -7.9914171363E+09
           Stress_EigVals = -8.0525672282E+04 -8.0523658219E+04 -8.0522963183E+04
           Stress_EigVec1 =  1.8825465783E-02  9.9313879811E-01 -1.1541633131E-01
           Stress_EigVec2 =  2.4807185439E-02  1.1493728363E-01  9.9306295087E-01
           Stress_EigVec3 =  9.9951498507E-01 -2.1558026935E-02 -2.2473230431E-02
           -DivStress = -4.0034679790E+02 -3.3094619406E+04  1.2257031712E+04
           ESP =  -1.8282921094E+01     ESP at Nucleus =  -1.8282922617E+01
           ESPe = -3.2313395926E+01     ESPe at Nucleus = -3.2313367790E+01
           ESPn =  1.4030474832E+01     ESPn at Nucleus =  1.4030445173E+01

CP# 6      Coords = -2.94670761581430E+00 -1.86975621607843E+00 -1.78276248194906E+00
           Type = (3,-3) NACP N6
           Rho =  1.9140221701E+02     Rho at Nucleus =  1.9140218357E+02
           GradRho =  5.9951637404E-11  4.9006632086E-12 -6.5517764825E-12
           HessRho_EigVals = -3.2207062112E+05 -3.2206871848E+05 -3.2205894986E+05
           HessRho_EigVec1 =  9.9941259947E-01 -3.2573356021E-02  1.0650469641E-02
           HessRho_EigVec2 = -2.8424637960E-02 -6.1428310316E-01  7.8857359145E-01
           HessRho_EigVec3 =  1.9144084802E-02  7.8841311864E-01  6.1484815879E-01
           DelSqRho = -9.6619828946E+05
           Bond Ellipticity = NA
           V = -2.4158206684E+05
           G =  1.6247238554E+01
           K =  2.4156581960E+05
           L =  2.4154957236E+05
           Vnuc =  4.8575791316E+05
           Ven = -9.2975141510E+07
           Vrep =  9.2733559443E+07
           DelSqV =  7.5852078200E+09
           DelSqVen =  4.6933846470E+11
           DelSqVrep = -4.6175325688E+11
           DelSqG =  4.0653349142E+08
           DelSqK = -7.9917413115E+09
           Stress_EigVals = -8.0528938112E+04 -8.0526915450E+04 -8.0526213280E+04
           Stress_EigVec1 =  1.9651771209E-02  8.0906240984E-01  5.8739409673E-01
           Stress_EigVec2 = -1.8694954627E-02 -5.8710748166E-01  8.0929308884E-01
           Stress_EigVec3 =  9.9963208560E-01 -2.6885348610E-02  3.5876831380E-03
           -DivStress = -4.5507559483E+02 -2.3023712553E+04 -2.7087441229E+04
           ESP =  -1.8283514031E+01     ESP at Nucleus =  -1.8283515575E+01
           ESPe = -3.2274853095E+01     ESPe at Nucleus = -3.2274824396E+01
           ESPn =  1.3991339064E+01     ESPn at Nucleus =  1.3991308820E+01

CP# 7      Coords =  3.84814597757765E+00  1.02525158446441E+00 -7.39476638711373E-01
           Type = (3,-3) NACP C7
           Rho =  1.1767669201E+02     Rho at Nucleus =  1.1767669175E+02
           GradRho = -2.6057772259E-11  1.4865277447E-09 -3.5245516043E-10
           HessRho_EigVals = -1.4500267057E+05 -1.4500193910E+05 -1.4500162701E+05
           HessRho_EigVec1 =  9.9981069586E-01  1.9163620713E-02  3.3657225004E-03
           HessRho_EigVec2 = -1.5732954441E-02  6.9448792162E-01  7.1933232992E-01
           HessRho_EigVec3 = -1.1447558313E-02  7.1924911009E-01 -6.9465795256E-01
           DelSqRho = -4.3500623668E+05
           Bond Ellipticity = NA
           V = -1.0876172046E+05
           G =  5.0806466457E+00
           K =  1.0875663982E+05
           L =  1.0875155917E+05
           Vnuc =  3.1506168935E+06
           Ven = -3.7075417382E+08
           Vrep =  3.7064541210E+08
           DelSqV =  2.4952195929E+09
           DelSqVen =  1.3705380168E+12
           DelSqVrep = -1.3680427972E+12
           DelSqG =  1.3402826450E+08
           DelSqK = -2.6292478574E+09
           Stress_EigVals = -3.6254162767E+04 -3.6253993256E+04 -3.6253564440E+04
           Stress_EigVec1 = -3.3786058308E-03  7.2404010819E-01 -6.8974959714E-01
           Stress_EigVec2 = -8.5882525428E-03  6.8970708649E-01  7.2403755204E-01
           Stress_EigVec3 =  9.9995741256E-01  8.3699812266E-03  3.8879909163E-03
           -DivStress =  4.8228040566E+01 -1.5103629328E+03  3.4456304482E+02
           ESP =  -1.4744875220E+01     ESP at Nucleus =  -1.4744875245E+01
           ESPe = -2.8191743834E+01     ESPe at Nucleus = -2.8191744890E+01
           ESPn =  1.3446868615E+01     ESPn at Nucleus =  1.3446869645E+01

CP# 8      Coords =  3.84718094480763E+00 -1.02547025370575E+00  7.36653499710930E-01
           Type = (3,-3) NACP C8
           Rho =  1.1767676240E+02     Rho at Nucleus =  1.1767676214E+02
           GradRho = -8.9434393918E-11 -1.4717922381E-09  3.5336594456E-10
           HessRho_EigVals = -1.4500277414E+05 -1.4500204269E+05 -1.4500173069E+05
           HessRho_EigVec1 =  9.9979177935E-01 -2.0152921409E-02 -3.2027657485E-03
           HessRho_EigVec2 =  1.6296948154E-02  6.9412346620E-01  7.1967146890E-01
           HessRho_EigVec3 =  1.2280367690E-02  7.1957381375E-01 -6.9430736647E-01
           DelSqRho = -4.3500654751E+05
           Bond Ellipticity = NA
           V = -1.0876179818E+05
           G =  5.0806497161E+00
           K =  1.0875671753E+05
           L =  1.0875163688E+05
           Vnuc =  3.1513128378E+06
           Ven = -3.7083629206E+08
           Vrep =  3.7072753026E+08
           DelSqV =  2.4952213997E+09
           DelSqVen =  1.3708416942E+12
           DelSqVrep = -1.3683464564E+12
           DelSqG =  1.3402837633E+08
           DelSqK = -2.6292497760E+09
           Stress_EigVals = -3.6254188659E+04 -3.6254019166E+04 -3.6253590353E+04
           Stress_EigVec1 =  4.1574990404E-03  7.2424951123E-01 -6.8952546050E-01
           Stress_EigVec2 =  9.2265528361E-03  6.8947428670E-01  7.2425139192E-01
           Stress_EigVec3 =  9.9994879165E-01 -9.3730175601E-03 -3.8158376966E-03
           -DivStress =  5.0483934372E+01  1.5097497374E+03 -3.4537674645E+02
           ESP =  -1.4744879405E+01     ESP at Nucleus =  -1.4744879430E+01
           ESPe = -2.8193360220E+01     ESPe at Nucleus = -2.8193361273E+01
           ESPn =  1.3448480815E+01     ESPn at Nucleus =  1.3448481843E+01

CP# 9      Coords =  3.84826107881421E+00  3.71235286116686E+00  1.77508601994464E-01
           Type = (3,-3) NACP C9
           Rho =  1.1751186844E+02     Rho at Nucleus =  1.1751186839E+02
           GradRho =  3.4837054248E-11 -8.5066055738E-11 -6.9488610843E-11
           HessRho_EigVals = -1.4480020513E+05 -1.4479993661E+05 -1.4479986281E+05
           HessRho_EigVec1 =  6.3697609094E-02  8.9843635375E-01  4.3445912680E-01
           HessRho_EigVec2 =  9.7759406570E-01  3.1346790717E-02 -2.0815191908E-01
           HessRho_EigVec3 = -2.0063015052E-01  4.3798344372E-01 -8.7630933221E-01
           DelSqRho = -4.3440000455E+05
           Bond Ellipticity = NA
           V = -1.0861048927E+05
           G =  5.2440643727E+00
           K =  1.0860524520E+05
           L =  1.0860000114E+05
           Vnuc =  7.1593132877E+06
           Ven = -8.4130428116E+08
           Vrep =  8.4119567067E+08
           DelSqV =  2.4917639847E+09
           DelSqVen =  3.1100054077E+12
           DelSqVrep = -3.1075136438E+12
           DelSqG =  1.3384285355E+08
           DelSqK = -2.6256068382E+09
           Stress_EigVals = -3.6203541374E+04 -3.6203517353E+04 -3.6203430540E+04
           Stress_EigVec1 = -1.6821731241E-01  4.3051077464E-01 -8.8677133959E-01
           Stress_EigVec2 =  9.8435825295E-01  2.5577356650E-02 -1.7431187188E-01
           Stress_EigVec3 =  5.2361872172E-02  9.0222296122E-01  4.2807938820E-01
           -DivStress = -1.2148084835E+02  5.6672091451E+02  3.5493241324E+02
           ESP =  -1.4745312831E+01     ESP at Nucleus =  -1.4745312832E+01
           ESPe = -2.6388060181E+01     ESPe at Nucleus = -2.6388059345E+01
           ESPn =  1.1642747350E+01     ESPn at Nucleus =  1.1642746513E+01

CP# 10     Coords =  3.84435973085541E+00 -3.71267282984819E+00 -1.80045052622304E-01
           Type = (3,-3) NACP C10
           Rho =  1.1751190001E+02     Rho at Nucleus =  1.1751189996E+02
           GradRho =  3.5639753301E-11  1.3368336560E-10  7.0602568225E-11
           HessRho_EigVals = -1.4480025485E+05 -1.4479998593E+05 -1.4479991231E+05
           HessRho_EigVec1 = -6.3206183918E-02  8.9850495463E-01  4.3438902475E-01
           HessRho_EigVec2 = -9.7670878987E-01  3.3737295065E-02 -2.1190029428E-01
           HessRho_EigVec3 = -2.0504857500E-01 -4.3766498767E-01  8.7544528125E-01
           DelSqRho = -4.3440015309E+05
           Bond Ellipticity = NA
           V = -1.0861052645E+05
           G =  5.2440913554E+00
           K =  1.0860528236E+05
           L =  1.0860003827E+05
           Vnuc =  7.1496144079E+06
           Ven = -8.4016477344E+08
           Vrep =  8.4005616291E+08
           DelSqV =  2.4917648360E+09
           DelSqVen =  3.1057936384E+12
           DelSqVrep = -3.1033019063E+12
           DelSqG =  1.3384290995E+08
           DelSqK = -2.6256077460E+09
           Stress_EigVals = -3.6203553761E+04 -3.6203529834E+04 -3.6203442858E+04
           Stress_EigVec1 = -1.7196279986E-01 -4.3011987056E-01  8.8624245690E-01
           Stress_EigVec2 = -9.8375505876E-01  2.7925611635E-02 -1.7733060811E-01
           Stress_EigVec3 = -5.1524555543E-02  9.0233976814E-01  4.2793476490E-01
           -DivStress = -1.2314578715E+02 -5.6778991115E+02 -3.5442167705E+02
           ESP =  -1.4745337433E+01     ESP at Nucleus =  -1.4745337434E+01
           ESPe = -2.6390546948E+01     ESPe at Nucleus = -2.6390546111E+01
           ESPn =  1.1645209515E+01     ESPn at Nucleus =  1.1645208677E+01

CP# 11     Coords =  3.86103321764502E+00  7.67748179532515E-01 -2.75377145539224E+00
           Type = (3,-3) NACP H11
           Rho =  4.2848937480E-01     Rho at Nucleus =  4.2499808755E-01
           GradRho = -2.2542888617E-11  4.0119427582E-10  2.9944670605E-09
           HessRho_EigVals = -6.5478289075E+00 -6.5399292405E+00 -5.9620536442E+00
           HessRho_EigVec1 =  7.0393999411E-03  9.9116249676E-01 -1.3246641784E-01
           HessRho_EigVec2 =  9.9994880968E-01 -6.0143546759E-03  8.1366795638E-03
           HessRho_EigVec3 = -7.2680716123E-03  1.3251691418E-01  9.9115409629E-01
           DelSqRho = -1.9049811792E+01
           Bond Ellipticity = NA
           V = -4.7719077536E+00
           G =  4.7274027974E-03
           K =  4.7671803508E+00
           L =  4.7624529480E+00
           Vnuc =  4.3374685563E+01
           Ven = -1.8585591899E+01
           Vrep =  1.3813684145E+01
           DelSqV =  7.1853526018E+02
           DelSqVen =  8.2627960179E+02
           DelSqVrep = -1.0774434161E+02
           DelSqG =  7.0922522635E+01
           DelSqK = -7.8945778281E+02
           Stress_EigVals = -1.6401267010E+00 -1.6391822954E+00 -1.4925987572E+00
           Stress_EigVec1 =  5.8813576342E-03  9.9135463802E-01 -1.3107780633E-01
           Stress_EigVec2 =  9.9995594886E-01 -4.8715819189E-03  8.0229693591E-03
           Stress_EigVec3 = -7.3150516135E-03  1.3111921816E-01  9.9133961923E-01
           -DivStress =  5.7394785171E-02 -1.0234402848E+00 -7.6523190785E+00
           ESP =  -1.1160505479E+00     ESP at Nucleus =  -1.1183822069E+00
           ESPe = -1.4908547034E+01     ESPe at Nucleus = -1.4828518618E+01
           ESPn =  1.3792496486E+01     ESPn at Nucleus =  1.3710136412E+01

CP# 12     Coords =  3.86021442955374E+00 -7.67858680920369E-01  2.75094021108068E+00
           Type = (3,-3) NACP H12
           Rho =  4.2849595683E-01     Rho at Nucleus =  4.2500490911E-01
           GradRho = -2.2759387711E-11 -4.0054727715E-10 -2.9884871652E-09
           HessRho_EigVals = -6.5479475943E+00 -6.5400468227E+00 -5.9621908636E+00
           HessRho_EigVec1 = -6.1536290238E-03  9.9116074564E-01 -1.3252361734E-01
           HessRho_EigVec2 =  9.9995402830E-01  5.1246352336E-03 -8.1042826424E-03
           HessRho_EigVec3 =  7.3535116280E-03  1.3256739575E-01  9.9114671540E-01
           DelSqRho = -1.9050185281E+01
           Bond Ellipticity = NA
           V = -4.7720017197E+00
           G =  4.7276997652E-03
           K =  4.7672740199E+00
           L =  4.7625463201E+00
           Vnuc =  4.3378933361E+01
           Ven = -1.8587697557E+01
           Vrep =  1.3815695837E+01
           DelSqV =  7.1855072535E+02
           DelSqVen =  8.2637672307E+02
           DelSqVrep = -1.0782599772E+02
           DelSqG =  7.0924218304E+01
           DelSqK = -7.8947494366E+02
           Stress_EigVals = -1.6401565601E+00 -1.6392116547E+00 -1.4926335049E+00
           Stress_EigVec1 = -4.8621845262E-03  9.9135250062E-01 -1.3113572616E-01
           Stress_EigVec2 =  9.9996080299E-01  3.8497104715E-03 -7.9732188253E-03
           Stress_EigVec3 =  7.3994358423E-03  1.3116935329E-01  9.9133236057E-01
           -DivStress =  5.8064851715E-02  1.0238008622E+00  7.6520670587E+00
           ESP =  -1.1160494279E+00     ESP at Nucleus =  -1.1183809320E+00
           ESPe = -1.4911471836E+01     ESPe at Nucleus = -1.4831458991E+01
           ESPn =  1.3795422408E+01     ESPn at Nucleus =  1.3713078059E+01

CP# 13     Coords =  2.19085441315823E+00  4.71590238344120E+00 -4.66032379791818E-01
           Type = (3,-3) NACP H13
           Rho =  4.2088585494E-01     Rho at Nucleus =  4.1746727383E-01
           GradRho =  2.8466812241E-15 -2.4724146341E-15  7.8062556419E-16
           HessRho_EigVals = -6.3969007890E+00 -6.3952302300E+00 -5.8333160871E+00
           HessRho_EigVec1 =  3.2226921115E-01  8.2235068271E-01  4.6891567493E-01
           HessRho_EigVec2 =  4.8744943562E-01  2.8047213456E-01 -8.2687872717E-01
           HessRho_EigVec3 =  8.1150206608E-01 -4.9505023622E-01  3.1046684262E-01
           DelSqRho = -1.8625447106E+01
           Bond Ellipticity = NA
           V = -4.6661438475E+00
           G =  4.8910354920E-03
           K =  4.6612528120E+00
           L =  4.6563617765E+00
           Vnuc =  4.2815639072E+01
           Ven = -1.8020496856E+01
           Vrep =  1.3354353008E+01
           DelSqV =  7.0214919591E+02
           DelSqVen =  7.9746042086E+02
           DelSqVrep = -9.5311224942E+01
           DelSqG =  6.9031341201E+01
           DelSqK = -7.7118053712E+02
           Stress_EigVals = -1.6029832861E+00 -1.6027804054E+00 -1.4603801560E+00
           Stress_EigVec1 =  4.4830662695E-01  8.6840133715E-01  2.1189687555E-01
           Stress_EigVec2 = -3.7477938860E-01 -3.2605834392E-02  9.2654048452E-01
           Stress_EigVec3 =  8.1151807011E-01 -4.9478882081E-01  3.1084151056E-01
           -DivStress = -6.1326563658E+00  3.7277064532E+00 -2.3433558736E+00
           ESP =  -1.1213619189E+00     ESP at Nucleus =  -1.1235949333E+00
           ESPe = -1.4366535935E+01     ESPe at Nucleus = -1.4307796486E+01
           ESPn =  1.3245174016E+01     ESPn at Nucleus =  1.3184201553E+01

CP# 14     Coords =  3.88121005404523E+00  3.80634855899387E+00  2.21107849259543E+00
           Type = (3,-3) NACP H14
           Rho =  4.2400433372E-01     Rho at Nucleus =  4.2054340501E-01
           GradRho = -6.5426950045E-11 -2.2227068511E-10 -4.2697477435E-09
           HessRho_EigVals = -6.4348570494E+00 -6.4331609574E+00 -5.8661227682E+00
           HessRho_EigVec1 =  1.1443970525E-02  9.9859938564E-01 -5.1655614821E-02
           HessRho_EigVec2 = -9.9981335981E-01  1.2231450239E-02  1.4954503517E-02
           HessRho_EigVec3 =  1.5565381107E-02  5.1474834910E-02  9.9855298321E-01
           DelSqRho = -1.8734140775E+01
           Bond Ellipticity = NA
           V = -4.6931109745E+00
           G =  4.7878903865E-03
           K =  4.6883230841E+00
           L =  4.6835351938E+00
           Vnuc =  4.2199475348E+01
           Ven = -1.7892760429E+01
           Vrep =  1.3199649454E+01
           DelSqV =  7.0599257689E+02
           DelSqVen =  7.9057091922E+02
           DelSqVrep = -8.4578342331E+01
           DelSqG =  6.9315037395E+01
           DelSqK = -7.7530761428E+02
           Stress_EigVals = -1.6124387211E+00 -1.6122382459E+00 -1.4684340075E+00
           Stress_EigVec1 =  7.3960615062E-02 -9.9601940945E-01  4.9751014149E-02
           Stress_EigVec2 =  9.9714061935E-01  7.3083948504E-02 -1.9217744542E-02
           Stress_EigVec3 =  1.5505246014E-02  5.1030113268E-02  9.9857674461E-01
           -DivStress =  1.1614116925E-01  3.9531931158E-01  7.6066624667E+00
           ESP =  -1.1229439536E+00     ESP at Nucleus =  -1.1251791509E+00
           ESPe = -1.3848628812E+01     ESPe at Nucleus = -1.3777641782E+01
           ESPn =  1.2725684859E+01     ESPn at Nucleus =  1.2652462632E+01

CP# 15     Coords =  5.46886392284901E+00  4.73480998303095E+00 -5.29017624155098E-01
           Type = (3,-3) NACP H15
           Rho =  4.2210387673E-01     Rho at Nucleus =  4.1874929426E-01
           GradRho = -7.8062556419E-16 -5.8893862009E-16  5.1331551856E-16
           HessRho_EigVals = -6.4190012061E+00 -6.4172651119E+00 -5.8601450647E+00
           HessRho_EigVec1 = -2.9065656285E-01  8.0612141771E-01  5.1544837024E-01
           HessRho_EigVec2 = -5.3601527827E-01  3.0906070409E-01 -7.8560110912E-01
           HessRho_EigVec3 =  7.9259471606E-01  5.0462831975E-01 -3.4226287407E-01
           DelSqRho = -1.8696411383E+01
           Bond Ellipticity = NA
           V = -4.6838979774E+00
           G =  4.8975658859E-03
           K =  4.6790004115E+00
           L =  4.6741028457E+00
           Vnuc =  4.1529836256E+01
           Ven = -1.7529904884E+01
           Vrep =  1.2846006906E+01
           DelSqV =  7.0518349639E+02
           DelSqVen =  7.7645890330E+02
           DelSqVrep = -7.1275406909E+01
           DelSqG =  6.9353302987E+01
           DelSqK = -7.7453679938E+02
           Stress_EigVals = -1.6085060625E+00 -1.6083211104E+00 -1.4670708045E+00
           Stress_EigVec1 = -4.6954285114E-01  8.6333037831E-01  1.8490583773E-01
           Stress_EigVec2 =  3.8918311618E-01  1.4398917109E-02  9.2104786698E-01
           Stress_EigVec3 =  7.9250615962E-01  5.0443367162E-01 -3.4275451552E-01
           -DivStress =  5.9405494329E+00  3.7732506471E+00 -2.5688296981E+00
           ESP =  -1.1204135199E+00     ESP at Nucleus =  -1.1226117448E+00
           ESPe = -1.2738960637E+01     ESPe at Nucleus = -1.2658635799E+01
           ESPn =  1.1618547117E+01     ESPn at Nucleus =  1.1536024054E+01

CP# 16     Coords =  3.87991648526074E+00 -3.80693974970451E+00 -2.21356751945733E+00
           Type = (3,-3) NACP H16
           Rho =  4.2400174855E-01     Rho at Nucleus =  4.2054098957E-01
           GradRho = -7.0771499799E-11  2.2247697128E-10  4.2626774636E-09
           HessRho_EigVals = -6.4348242358E+00 -6.4331282799E+00 -5.8661092577E+00
           HessRho_EigVec1 =  9.7291382007E-03 -9.9861130561E-01  5.1776482773E-02
           HessRho_EigVec2 =  9.9981082853E-01  1.0586808123E-02  1.6316453167E-02
           HessRho_EigVec3 = -1.6841942288E-02  5.1607943112E-02  9.9852539737E-01
           DelSqRho = -1.8734061773E+01
           Bond Ellipticity = NA
