AIMSum (Version 19.02.13, Professional)
Copyright (c) 1997-2019 by Todd A. Keith
AIMSum is a component of the AIMAll package ( http://aim.tkgristmill.com )

TP:  64-bit Linux

Much of the Quantum Theory of Atoms in Molecules (QTAIM) is described in the book:
  "Atoms in Molecules - A Quantum Theory"
  R.F.W. Bader, Oxford University Press, Oxford, 1990

For additional references see:  http://aim.tkgristmill.com/references.html

Wfn File:  /home/mhennefarth/Documents/ML_Diels/summary-liu2014/5_9-opt/5_9-opt.wfn
Sum File:  /home/mhennefarth/Documents/ML_Diels/summary-liu2014/5_9-opt/5_9-opt.sum

SumViz File:  /home/mhennefarth/Documents/ML_Diels/summary-liu2014/5_9-opt/5_9-opt.sumviz

Wfn Title:   Title Card Required                                                           
 
Total memory allocated for AIMSum =        2.391 Megabytes

Atomic units (a.u.) used throughout, except where stated otherwise

Model:  Restricted SCF
 
Restricted, closed-shell, single-determinant wavefunction.
  Number of electrons (from MO Occs)                   =         154.0000000000
  Number of Alpha electrons (from MO Occs)             =          77.0000000000
  Number of Beta electrons (from MO Occs)              =          77.0000000000
  Number of electron pairs (N*(N-1)/2)                 =       11781.0000000000
  Number of electron pairs (from Muller 2EDM)          =       11781.0000000000
 
Nuclear Charges and Cartesian Coordinates:
-------------------------------------------------------------------------------
Atom      Charge                X                  Y                  Z
-------------------------------------------------------------------------------
C1         6.0          -2.3530528100E+00  -1.6238797600E+00  -3.0037161000E-01
C2         6.0           2.5002368500E+00  -1.6079477600E+00  -1.2603735000E-01
C3         6.0           8.3054234000E-01   5.1053534600E+00   9.9441400000E-03
H4         1.0           2.5477130400E+00   5.2474982400E+00   1.1463464300E+00
C5         6.0          -1.3684601300E+00   4.7049784000E+00   1.1892306600E+00
H6         1.0          -3.0844909400E+00   4.5672062100E+00   5.1370940000E-02
N7         7.0           1.3794606300E+00  -1.4070549100E+00  -2.4031485200E+00
N8         7.0          -1.1025924000E+00  -1.4200600900E+00  -2.5101656700E+00
N9         7.0           1.2525285500E+00  -2.1958353000E+00   2.0153046700E+00
N10        7.0          -1.2306768200E+00  -2.1931877100E+00   1.9114017800E+00
C11        6.0          -1.6944831600E+00   4.4307617800E+00   3.9966461900E+00
H12        1.0          -2.5177133000E+00   2.5893042200E+00   4.4858423300E+00
H13        1.0           1.1340416000E-01   4.5969343200E+00   4.9905640400E+00
C14        6.0           1.1539180600E+00   5.3962691500E+00  -2.7957488200E+00
H15        1.0           2.4267990500E+00   3.9475513700E+00  -3.5625495800E+00
H16        1.0          -6.5407367000E-01   5.2317144000E+00  -3.7886548800E+00
C17        6.0           5.2900004700E+00  -1.3122253500E+00  -3.3097670000E-02
C18        6.0           6.6977101000E+00  -1.2570575200E+00  -2.2785897600E+00
C19        6.0           9.3083360800E+00  -9.6926526000E-01  -2.1126090000E+00
H20        1.0           5.7446415800E+00  -1.4402257600E+00  -4.0814360200E+00
C21        6.0           8.8402027700E+00  -8.1236262000E-01   2.3878396100E+00
C22        6.0           1.0414027480E+01  -7.4402999000E-01   2.6682823000E-01
H23        1.0           1.0455849900E+01  -9.2542750000E-01  -3.8145137000E+00
H24        1.0           9.6332445000E+00  -6.3010849000E-01   4.2776658100E+00
H25        1.0           1.2441526610E+01  -5.1627882000E-01   4.8654719000E-01
C26        6.0          -5.1472366600E+00  -1.3663710400E+00  -2.9766997000E-01
C27        6.0          -6.5667318500E+00  -2.2770404200E+00   1.7468293600E+00
C28        6.0          -9.1825157500E+00  -1.9969499900E+00   1.6771774100E+00
H29        1.0          -5.6183184600E+00  -3.1719276800E+00   3.3256130400E+00
C30        6.0          -8.6946852100E+00   3.6537520000E-02  -2.3388508600E+00
C31        6.0          -1.0280415250E+01  -8.2047859000E-01  -4.0757975000E-01
H32        1.0          -1.0340204590E+01  -2.6891814400E+00   3.2249733700E+00
H33        1.0          -9.4810655100E+00   9.8116656000E-01  -3.9887880400E+00
H34        1.0          -1.2311535900E+01  -5.6124036000E-01  -5.4193203000E-01
H35        1.0          -2.9788543500E+00   5.8785057000E+00   4.7489506400E+00
H36        1.0           1.9884616900E+00   7.2379886400E+00  -3.2683887900E+00
N37        7.0          -6.1869133000E+00  -2.1858337000E-01  -2.3081400800E+00
N38        7.0           6.3382299300E+00  -1.0883117100E+00   2.2668541500E+00
 
Some Atomic Properties:
----------------------
  q(A) = Net Charge of Atom A
  L(A) = Lagrangian of Atom A = -(1/4) Times Atomic Integral of the Laplacian of the Electron Density
  K(A) = Electronic Kinetic Energy of Atom A (Hamiltonian Form)
  K_Scaled(A) = K(A) * E(Mol)/K(Mol) = Approximation to Virial-Based Total Energy of Atom A.
  |Mu_Intra(A)| = Magnitude of Intraatomic Dipole Moment of Atom A
--------------------------------------------------------------------------------------------------
Atom A          q(A)              L(A)              K(A)          K_Scaled(A)      |Mu_Intra(A)|
--------------------------------------------------------------------------------------------------
C1        1.0125115656E+00  1.1401129686E-04  3.7173420834E+01 -3.7529042967E+01  5.7501197904E-01
C2        1.0108186109E+00 -3.5401089224E-05  3.7171417792E+01 -3.7527020763E+01  5.7774592600E-01
C3       -5.6539363500E-02  2.0407700195E-04  3.7709309976E+01 -3.8070058730E+01  6.5520967469E-02
H4        2.0885993760E-02  2.7142310935E-05  6.0507318372E-01 -6.1086165869E-01  1.5559294080E-01
C5       -5.7742833100E-02  4.2382340117E-05  3.7711115143E+01 -3.8071881165E+01  6.9629278766E-02
H6        2.7535312580E-02  2.5936830153E-05  6.0294674956E-01 -6.0871488184E-01  1.5051055893E-01
N7       -5.9156950280E-01  1.0020757391E-04  5.4575789430E+01 -5.5097892540E+01  6.5567976274E-01
N8       -5.3410430480E-01  7.0655069942E-05  5.4549887347E+01 -5.5071742663E+01  6.2867730721E-01
N9       -5.3317010380E-01  3.3573225726E-05  5.4550394715E+01 -5.5072254884E+01  6.2637541992E-01
N10      -5.9294680740E-01 -2.4267673712E-05  5.4576379223E+01 -5.5098487976E+01  6.5677384586E-01
C11      -1.7748427700E-02 -1.4082022129E-04  3.7678040764E+01 -3.8038490378E+01  8.5241973955E-02
H12       2.4777434020E-02  1.4819834099E-05  6.0065850518E-01 -6.0640474681E-01  1.4704837281E-01
H13       1.7598045240E-02  3.0116121656E-05  6.0349813313E-01 -6.0927154027E-01  1.5291119107E-01
C14      -1.6877732600E-02  3.4239288315E-05  3.7678398476E+01 -3.8038851512E+01  8.8254565050E-02
H15       2.3021190110E-02  3.2469154534E-06  6.0137062773E-01 -6.0712368194E-01  1.4815600256E-01
H16       2.3112982320E-02  2.2662253060E-05  6.0152221760E-01 -6.0727672200E-01  1.5093795951E-01
C17       5.6794419720E-01  1.7663517087E-04  3.7401004554E+01 -3.7758803882E+01  5.7895041472E-01
C18      -3.3599337200E-02 -4.9013636549E-05  3.7748532843E+01 -3.8109656825E+01  1.7140970840E-01
C19      -2.4207415900E-02  8.0083130357E-05  3.7727709524E+01 -3.8088634298E+01  1.1802498533E-01
H20       9.3261701680E-02  8.7522687727E-06  5.7974002719E-01 -5.8528615074E-01  1.3935032480E-01
C21       5.7456319630E-01 -8.5347081955E-05  3.7363304502E+01 -3.7720743170E+01  6.8470649028E-01
C22      -4.3236490800E-02  3.8137985815E-06  3.7744902150E+01 -3.8105991398E+01  1.2994675365E-01
H23       5.7044775490E-02  2.2842255197E-05  5.9245793638E-01 -5.9812572670E-01  1.4542524508E-01
H24       5.5866490890E-02  2.3010544527E-05  5.9699022518E-01 -6.0270137396E-01  1.4820587387E-01
H25       5.6218313980E-02  2.7675646581E-05  5.9143676470E-01 -5.9709478591E-01  1.4701365477E-01
C26       5.6731731110E-01 -4.2159824208E-04  3.7402677913E+01 -3.7760493249E+01  5.7919831989E-01
C27      -3.2595075200E-02  1.7622852733E-05  3.7747719298E+01 -3.8108835497E+01  1.7055084879E-01
C28      -2.4012803400E-02 -9.4552877395E-05  3.7727503348E+01 -3.8088426150E+01  1.1826051769E-01
H29       9.2552930480E-02  5.2958183430E-05  5.7989205941E-01 -5.8543963739E-01  1.3950519601E-01
C30       5.7298460440E-01 -6.7839204526E-05  3.7364144676E+01 -3.7721591382E+01  6.8448347709E-01
C31      -4.2854271300E-02 -2.0348132485E-04  3.7744407305E+01 -3.8105491819E+01  1.3006417119E-01
H32       5.7441907030E-02  2.1984443719E-05  5.9229555843E-01 -5.9796179535E-01  1.4535285840E-01
H33       5.6202885790E-02  2.3003154691E-05  5.9686414917E-01 -6.0257409184E-01  1.4810608949E-01
H34       5.6556140540E-02  1.6976867359E-05  5.9130415832E-01 -5.9696091095E-01  1.4695519754E-01
H35       1.2971456310E-02  2.1439621835E-05  6.0437338599E-01 -6.1015516630E-01  1.5589068573E-01
H36       1.2409698030E-02  2.2071980328E-05  6.0454909526E-01 -6.1033255650E-01  1.5606246579E-01
N37      -1.1976776727E+00  3.7895684659E-05  5.4934985811E+01 -5.5460525198E+01  8.7831536420E-02
N38      -1.1943571052E+00  7.4447866281E-05  5.4937138564E+01 -5.5462698546E+01  9.1553213173E-02
--------------------------------------------------------------------------------------------------
Total     3.5749635000E-04  2.3196218052E-04  9.3876315696E+02 -9.4774390042E+02
 
1st Largest |L(A)| = 4.2159824208E-04, atom C26     
2nd Largest |L(A)| = 2.0407700195E-04, atom C3      
 
Molecular charge q(Mol) from the wfn file:   0.0000000000E+00
Molecular energy E(Mol) from the wfn file:  -9.4774389159E+02
Molecular virial ratio (-V(Mol)/T(Mol)) from the wfn file:   2.0095665700E+00
Note.  K_Scaled(A) = (1+V(Mol)/T(Mol))*K(A) = (E(Mol)/T(Mol))*K(A)
       Only use K_Scaled(A) data with caution.
 
N_AIMInt(SumA)     =        153.999643
N_Analytic(Mol)    =        153.999981
 
G_AIMInt(SumA)     =        938.762925
G_Analytic(Mol)    =        938.763099
 
K_AIMInt(SumA)     =        938.763157
K_Analytic(Mol)    =        938.763099
 
L_AIMInt(SumA)     =          0.000232
L_Analytic(Mol)    =          0.000000
 
VenT_AIMInt(SumA)  =      -5530.305364
VenT_Analytic(Mol) =      -5530.311835
 
Some Information About the Atomic Calculations:
----------------------------------------------
  Time(sec) = "Elapsed User Time", in Seconds, for Atom A by AIMInt and, if used, by TWOe
  NProc = Number of Processors Used for AIMInt Job
  BIM = Basin Integration Method
  OAQ = Angular Quadrature Outside of Beta Sphere
  ORQ = Multiple of Default for Radial Quadrature Outside of Beta Sphere
  IAQ = Multiple of Default for Angular Quadrature Inside of Beta Sphere
  IRQ = Multiple of Default for Radial Quadrature Inside of Beta Sphere
  MIR = Maximum Integration Radius
------------------------------------------------------------------------------------------------------
Atom A     Time(sec)   NProc      BIM          OAQ                     ORQ      IAQ      IRQ      MIR
------------------------------------------------------------------------------------------------------
C1            120        8     Proaim(5)    4500(GS4)                  1.00     1.00     1.00    13.00
C2             97        8     Proaim(5)    4500(GS4)                  1.00     1.00     1.00    13.00
C3             62        8     Proaim(5)    4500(GS4)                  1.00     1.00     1.00    13.00
H4             14        8     Proaim(5)    1800(GS4)                  1.00     1.00     1.00    13.00
C5             93        8     Proaim(5)    4500(GS4)                  1.00     1.00     1.00    13.00
H6             34        8     Proaim(5)    1800(GS4)                  1.00     1.00     1.00    13.00
N7             61        8     Proaim(5)    4500(GS4)                  1.00     1.00     1.00    13.00
N8             35        8     Proaim(5)    4500(GS4)                  1.00     1.00     1.00    13.00
N9             31        8     Proaim(5)    4500(GS4)                  1.00     1.00     1.00    13.00
N10            50        8     Proaim(5)    4500(GS4)                  1.00     1.00     1.00    13.00
C11            40        8     Proaim(5)    4500(GS4)                  1.00     1.00     1.00    13.00
H12            22        8     Proaim(5)    4500(GS4)                  1.00     1.00     1.00    13.00
H13            12        8     Proaim(5)    1800(GS4)                  1.00     1.00     1.00    13.00
C14            42        8     Proaim(5)    4500(GS4)                  1.00     1.00     1.00    13.00
H15            26        8     Proaim(5)    4500(GS4)                  1.00     1.00     1.00    13.00
H16            12        8     Proaim(5)    1800(GS4)                  1.00     1.00     1.00    13.00
C17            74        8     Proaim(5)    4500(GS4)                  1.00     1.00     1.00    13.00
C18            51        8     Proaim(5)    4500(GS4)                  1.00     1.00     1.00    13.00
C19            25        8     Proaim(5)    4500(GS4)                  1.00     1.00     1.00    13.00
H20            17        8     Proaim(5)    1800(GS4)                  1.00     1.00     1.00    13.00
C21            28        8     Proaim(5)    4500(GS4)                  1.00     1.00     1.00    13.00
C22            27        8     Proaim(5)    4500(GS4)                  1.00     1.00     1.00    13.00
H23             8        8     Proaim(5)    1800(GS4)                  1.00     1.00     1.00    13.00
H24            10        8     Proaim(5)    1800(GS4)                  1.00     1.00     1.00    13.00
H25             8        8     Proaim(5)    1800(GS4)                  1.00     1.00     1.00    13.00
C26            96        8     Proaim(5)    4500(GS4)                  1.00     1.00     1.00    13.00
C27            45        8     Proaim(5)    4500(GS4)                  1.00     1.00     1.00    13.00
C28            25        8     Proaim(5)    4500(GS4)                  1.00     1.00     1.00    13.00
H29            15        8     Proaim(5)    1800(GS4)                  1.00     1.00     1.00    13.00
C30            27        8     Proaim(5)    4500(GS4)                  1.00     1.00     1.00    13.00
C31            25        8     Proaim(5)    4500(GS4)                  1.00     1.00     1.00    13.00
H32             8        8     Proaim(5)    1800(GS4)                  1.00     1.00     1.00    13.00
H33             9        8     Proaim(5)    1800(GS4)                  1.00     1.00     1.00    13.00
H34             8        8     Proaim(5)    1800(GS4)                  1.00     1.00     1.00    13.00
H35             9        8     Proaim(5)    1800(GS4)                  1.00     1.00     1.00    13.00
H36             8        8     Proaim(5)    1800(GS4)                  1.00     1.00     1.00    13.00
N37            41        8     Proaim(5)    4500(GS4)                  1.00     1.00     1.00    13.00
N38            31        8     Proaim(5)    4500(GS4)                  1.00     1.00     1.00    13.00
------------------------------------------------------------------------------------------------------
Total        1346
Note:  Total wall clock time is less than total of atomic times if more than one atom
       was calculated at a time
 
Electron Density Critical Point Analysis of Molecular Structure:               
---------------------------------------------------------------                
  NACP = Nuclear Attractor Critical Point                                      
  NNACP = Non-Nuclear Attractor Critical Point                                 
  BCP = Bond Critical Point                                                    
  RCP = Ring Critical Point                                                    
  CCP = Cage Critical Point                                                    
  Rho = Electron Density                                                       
  GradRho = Gradient of Electron Density                                       
  HessRho_EigVals = Eigenvalues of the Hessian of Rho, Ascending Order         
  HessRho_EigVecs = Eigenvectors of the Hessian of Rho                         
  DelSqRho = Laplacian of Rho = Trace of Hessian of Rho                        
  Bond Ellipticity = (HessRho_EigVal(1) / HessRho_EigVal(2)) - 1               
  V = Virial Field = Potential Energy Density = Trace of Stress Tensor         
  G = Lagrangian Form of Kinetic Energy Density                                
  K = Hamiltonian Form of Kinetic Energy Density                               
  L = K - G = Lagrangian Density = (-1/4)DelSqRho                              
  Vnuc = Electrostatic Potential from Nuclei                                   
  Ven = Electron-nuclear attractive contribution to Virial Field V             
  Vrep = V - Ven = Repulsive contribution to Virial Field V                    
  DelSqV = Laplacian of V                                                      
  DelSqVen = Laplacian of Ven                                                  
  DelSqVrep = Laplacian of Vrep                                                
  DelSqG = Laplacian of G                                                      
  DelSqK = Laplacian of K                                                      
  Stress_EigVals = Eigenvalues of Stress Tensor, Ascending Order               
  Stress_EigVecs = Eigenvectors of Stress Tensor                               
  -DivStress = Ehrenfest Force Density = Minus Divergence of Stress Tensor     
  ESP = Total Electrostatic Potential                                          
  ESPe = Electrostatic Potential from Electrons                                
  ESPn = Electrostatic Potential from Nuclei                                   
  BP = Bond Path                                                               
  BPL = Bond Path Length                                                       
  GBL = Geometric Bond Length                                                  
  GBL_I = Distance Between Nuclear Attractors                                  
  GBL_II = Distance Between Nuclei                                             
  GBL_III = Sum of Distances Between BCP and Nuclear Attractors                
  GBL_IV = Sum of Distances Between BCP and Nuclei                             

CP# 1      Coords = -2.35305161981273E+00 -1.62388006406595E+00 -3.00371469923962E-01
           Type = (3,-3) NACP C1
           Rho =  1.1762794962E+02     Rho at Nucleus =  1.1762794951E+02
           GradRho =  3.7070112995E-10 -1.1720987028E-10  4.9759495135E-11
           HessRho_EigVals = -1.4490665231E+05 -1.4490564252E+05 -1.4490521425E+05
           HessRho_EigVec1 =  8.4872728427E-02  9.8156072168E-01  1.7127512843E-01
           HessRho_EigVec2 = -3.8394255649E-02 -1.6854595143E-01  9.8494575657E-01
           HessRho_EigVec3 =  9.9565179712E-01 -9.0171014781E-02  2.3381338520E-02
           DelSqRho = -4.3471750908E+05
           Bond Ellipticity = NA
           V = -1.0868972163E+05
           G =  5.1721821606E+00
           K =  1.0868454945E+05
           L =  1.0867937727E+05
           Vnuc =  4.8529228158E+06
           Ven = -5.7083936049E+08
           Vrep =  5.7073067077E+08
           DelSqV =  2.4935328549E+09
           DelSqVen =  2.1096506327E+12
           DelSqVrep = -2.1071569688E+12
           DelSqG =  1.3390352345E+08
           DelSqK = -2.6274363784E+09
           Stress_EigVals = -3.6230165803E+04 -3.6230042147E+04 -3.6229513684E+04
           Stress_EigVec1 =  9.9524552469E-01 -9.7314138140E-02  4.0378344545E-03
           Stress_EigVec2 = -2.0361764647E-02 -1.6734370930E-01  9.8568832878E-01
           Stress_EigVec3 =  9.5245703995E-02  9.8108411539E-01  1.6852956535E-01
           -DivStress = -9.6996649419E+02  2.4316343132E+02 -1.1314965273E+02
           ESP =  -1.4650648195E+01     ESP at Nucleus =  -1.4650648204E+01
           ESPe = -4.0869340162E+01     ESPe at Nucleus = -4.0869339380E+01
           ESPn =  2.6218691966E+01     ESPn at Nucleus =  2.6218691176E+01

CP# 2      Coords =  2.50023563321716E+00 -1.60794805226688E+00 -1.26037609688362E-01
           Type = (3,-3) NACP C2
           Rho =  1.1762366030E+02     Rho at Nucleus =  1.1762366018E+02
           GradRho = -4.2841105446E-10 -9.6071305425E-11 -9.6742364120E-11
           HessRho_EigVals = -1.4490012554E+05 -1.4489910312E+05 -1.4489867164E+05
           HessRho_EigVec1 = -1.0162892234E-01  9.7828452266E-01  1.8064040212E-01
           HessRho_EigVec2 = -3.1665228389E-02 -1.8466962613E-01  9.8229040640E-01
           HessRho_EigVec3 =  9.9431829685E-01  9.4109095834E-02  4.9745377931E-02
           DelSqRho = -4.3469790030E+05
           Bond Ellipticity = NA
           V = -1.0868481451E+05
           G =  5.1697165610E+00
           K =  1.0867964479E+05
           L =  1.0867447507E+05
           Vnuc =  4.6946685362E+06
           Ven = -5.5220409711E+08
           Vrep =  5.5209541230E+08
           DelSqV =  2.4934194191E+09
           DelSqVen =  2.0407624663E+12
           DelSqVrep = -2.0382689813E+12
           DelSqG =  1.3389628460E+08
           DelSqK = -2.6273157037E+09
           Stress_EigVals = -3.6228531283E+04 -3.6228406273E+04 -3.6227876950E+04
           Stress_EigVec1 =  9.9352960743E-01  1.0874701914E-01  3.2756754945E-02
           Stress_EigVec2 = -1.2538689690E-02 -1.8163009379E-01  9.8328698267E-01
           Stress_EigVec3 = -1.1287914080E-01  9.7733545667E-01  1.7909133065E-01
           -DivStress =  9.9174854036E+02  2.3457146584E+02  2.0914921102E+02
           ESP =  -1.4650429571E+01     ESP at Nucleus =  -1.4650429580E+01
           ESPe = -4.0750979778E+01     ESPe at Nucleus = -4.0750978923E+01
           ESPn =  2.6100550207E+01     ESPn at Nucleus =  2.6100549344E+01

CP# 3      Coords =  8.30543489632932E-01  5.10535369351591E+00  9.94260224849907E-03
           Type = (3,-3) NACP C3
           Rho =  1.1767837480E+02     Rho at Nucleus =  1.1767837453E+02
           GradRho =  9.5785503788E-10  2.0975106981E-10 -1.2672310950E-09
           HessRho_EigVals = -1.4500504946E+05 -1.4500430082E+05 -1.4500398749E+05
           HessRho_EigVec1 = -1.2715825942E-01  9.8922603163E-01  7.2544023860E-02
           HessRho_EigVec2 =  3.1521447226E-01 -2.9044312596E-02  9.4857591387E-01
           HessRho_EigVec3 =  9.4046297829E-01  1.4348618833E-01 -3.0812513727E-01
           DelSqRho = -4.3501333777E+05
           Bond Ellipticity = NA
           V = -1.0876349531E+05
           G =  5.0804351324E+00
           K =  1.0875841488E+05
           L =  1.0875333444E+05
           Vnuc =  3.1021886575E+06
           Ven = -3.6506051954E+08
           Vrep =  3.6495175605E+08
           DelSqV =  2.4952604745E+09
           DelSqVen =  1.3494934569E+12
           DelSqVrep = -1.3469981800E+12
           DelSqG =  1.3403071975E+08
           DelSqK = -2.6292911942E+09
           Stress_EigVals = -3.6254755856E+04 -3.6254586305E+04 -3.6254153152E+04
           Stress_EigVec1 =  9.3328131270E-01  1.5133823594E-01 -3.2570343827E-01
           Stress_EigVec2 =  3.3378645944E-01 -3.0767663731E-02  9.4214645908E-01
           Stress_EigVec3 = -1.3256164925E-01  9.8800308158E-01  7.9229539547E-02
           -DivStress = -9.3186560922E+02 -1.9165295935E+02  1.2542101596E+03
           ESP =  -1.4754828887E+01     ESP at Nucleus =  -1.4754828912E+01
           ESPe = -3.6089370426E+01     ESPe at Nucleus = -3.6089371536E+01
           ESPn =  2.1334541539E+01     ESPn at Nucleus =  2.1334542624E+01

CP# 4      Coords =  2.51959620483330E+00  5.24519818371740E+00  1.12748910769758E+00
           Type = (3,-3) NACP H4
           Rho =  4.2827469236E-01     Rho at Nucleus =  4.2476017247E-01
           GradRho = -2.4661789893E-15 -1.1816871944E-16 -2.8589849070E-15
           HessRho_EigVals = -6.5428304798E+00 -6.5349234542E+00 -5.9551000007E+00
           HessRho_EigVec1 = -5.4199191821E-01 -1.4984035165E-01  8.2691754704E-01
           HessRho_EigVec2 = -1.3936391066E-01  9.8637748251E-01  8.7390859985E-02
           HessRho_EigVec3 =  8.2874752548E-01  6.7877323311E-02  5.5549096121E-01
           DelSqRho = -1.9032853935E+01
           Bond Ellipticity = NA
           V = -4.7676425324E+00
           G =  4.7145243808E-03
           K =  4.7629280081E+00
           L =  4.7582134837E+00
           Vnuc =  5.1020747080E+01
           Ven = -2.1850894760E+01
           Vrep =  1.7083252228E+01
           DelSqV =  7.1776351666E+02
           DelSqVen =  9.7107042682E+02
           DelSqVrep = -2.5330691017E+02
           DelSqG =  7.0832563349E+01
           DelSqK = -7.8859608001E+02
           Stress_EigVals = -1.6388741432E+00 -1.6379224703E+00 -1.4908459190E+00
           Stress_EigVec1 = -5.4094359277E-01 -1.4897907775E-01  8.2775918227E-01
           Stress_EigVec2 = -1.3889917505E-01  9.8649718461E-01  8.6777439046E-02
           Stress_EigVec3 =  8.2951012568E-01  6.8033367913E-02  5.5433240230E-01
           -DivStress =  6.4163028018E+00  5.2475955783E-01  4.3025471578E+00
           ESP =  -1.1264956274E+00     ESP at Nucleus =  -1.1288416432E+00
           ESPe = -2.2677364061E+01     ESPe at Nucleus = -2.2595346343E+01
           ESPn =  2.1550868434E+01     ESPn at Nucleus =  2.1466504700E+01

CP# 5      Coords = -1.36846119029818E+00  4.70497804633261E+00  1.18923225677064E+00
           Type = (3,-3) NACP C5
           Rho =  1.1768093512E+02     Rho at Nucleus =  1.1768093485E+02
           GradRho = -9.0949190681E-10 -2.8070226222E-10  1.3443460171E-09
           HessRho_EigVals = -1.4500934442E+05 -1.4500859590E+05 -1.4500828257E+05
           HessRho_EigVec1 = -1.4384354902E-01  9.8508520024E-01  9.4425535065E-02
           HessRho_EigVec2 =  2.7442700603E-01 -5.1968189475E-02  9.6020264822E-01
           HessRho_EigVec3 =  9.5078854209E-01  1.6403187358E-01 -2.6285869338E-01
           DelSqRho = -4.3502622289E+05
           Bond Ellipticity = NA
           V = -1.0876672239E+05
           G =  5.0833319854E+00
           K =  1.0876163905E+05
           L =  1.0875655572E+05
           Vnuc =  3.0783660424E+06
           Ven = -3.6226499452E+08
           Vrep =  3.6215622780E+08
           DelSqV =  2.4953354040E+09
           DelSqVen =  1.3391699968E+12
           DelSqVrep = -1.3366746614E+12
           DelSqG =  1.3403580320E+08
           DelSqK = -2.6293712072E+09
           Stress_EigVals = -3.6255831203E+04 -3.6255662471E+04 -3.6255228712E+04
           Stress_EigVec1 =  9.4043316417E-01  1.5863339069E-01 -3.0070070019E-01
           Stress_EigVec2 =  3.1052890131E-01 -4.0714977664E-02  9.4969157733E-01
           Stress_EigVec3 = -1.3840977272E-01  9.8649771310E-01  8.7549967795E-02
           -DivStress =  8.5951658674E+02  2.8540895137E+02 -1.3026311881E+03
           ESP =  -1.4755468035E+01     ESP at Nucleus =  -1.4755468060E+01
           ESPe = -3.6347554221E+01     ESPe at Nucleus = -3.6347555130E+01
           ESPn =  2.1592086186E+01     ESPn at Nucleus =  2.1592087070E+01

CP# 6      Coords = -3.05621884071551E+00  4.56946804355316E+00  7.04065253912514E-02
           Type = (3,-3) NACP H6
           Rho =  4.2768453067E-01     Rho at Nucleus =  4.2413034315E-01
           GradRho =  3.7209731739E-15 -2.3214056003E-15  2.6975676382E-15
           HessRho_EigVals = -6.5318228971E+00 -6.5238936632E+00 -5.9411611689E+00
           HessRho_EigVec1 = -5.4489688430E-01 -1.3879305168E-01  8.2693643909E-01
           HessRho_EigVec2 = -1.3195921919E-01  9.8811072468E-01  7.8892079726E-02
           HessRho_EigVec3 =  8.2805443659E-01  6.6133838382E-02  5.5673347795E-01
           DelSqRho = -1.8996877729E+01
           Bond Ellipticity = NA
           V = -4.7586584443E+00
           G =  4.7195059899E-03
           K =  4.7539389383E+00
           L =  4.7492194323E+00
           Vnuc =  5.1753788885E+01
           Ven = -2.2134294909E+01
           Vrep =  1.7375636465E+01
           DelSqV =  7.1619336666E+02
           DelSqVen =  9.8316039947E+02
           DelSqVrep = -2.6696703281E+02
           DelSqG =  7.0666389455E+01
           DelSqK = -7.8685975611E+02
           Stress_EigVals = -1.6361158806E+00 -1.6351760958E+00 -1.4873664678E+00
           Stress_EigVec1 = -5.4376543305E-01 -1.3898997463E-01  8.2764783620E-01
           Stress_EigVec2 = -1.3218616908E-01  9.8806512696E-01  7.9083004380E-02
           Stress_EigVec3 =  8.2876170913E-01  6.6400992695E-02  5.5564821394E-01
           -DivStress = -6.4394987071E+00 -5.1530793337E-01 -4.3351532818E+00
           ESP =  -1.1270933873E+00     ESP at Nucleus =  -1.1294584423E+00
           ESPe = -2.3605314553E+01     ESPe at Nucleus = -2.3533879406E+01
           ESPn =  2.2478221166E+01     ESPn at Nucleus =  2.2404420964E+01

CP# 7      Coords =  1.37945233426438E+00 -1.40705605384122E+00 -2.40313759257242E+00
           Type = (3,-3) NACP N7
           Rho =  1.9138420695E+02     Rho at Nucleus =  1.9138417643E+02
           GradRho =  2.5562607586E-11 -5.9723545554E-12  6.9845906836E-11
           HessRho_EigVals = -3.2206301221E+05 -3.2206163965E+05 -3.2205203827E+05
           HessRho_EigVec1 = -1.7261552389E-01  9.8495815013E-01 -7.8309260129E-03
           HessRho_EigVec2 =  8.8551156260E-01  1.5865924319E-01  4.3668812333E-01
           HessRho_EigVec3 = -4.3136197493E-01 -6.8444773655E-02  8.9957887900E-01
           DelSqRho = -9.6617669013E+05
           Bond Ellipticity = NA
           V = -2.4157690392E+05
           G =  1.6365694457E+01
           K =  2.4156053823E+05
           L =  2.4154417253E+05
           Vnuc =  5.0847838364E+05
           Ven = -9.7314732205E+07
           Vrep =  9.7073155301E+07
           DelSqV =  7.5850788956E+09
           DelSqVen =  4.9127996160E+11
           DelSqVrep = -4.8369488270E+11
           DelSqG =  4.0655638617E+08
           DelSqK = -7.9916352817E+09
           Stress_EigVals = -8.0527151980E+04 -8.0525173712E+04 -8.0524578230E+04
           Stress_EigVec1 = -4.0813459215E-01 -6.7810721800E-02  9.1039983562E-01
           Stress_EigVec2 =  9.0853320693E-01  6.7494178167E-02  4.1232505117E-01
           Stress_EigVec3 = -8.9406748045E-02  9.9541259884E-01  3.4061583662E-02
           -DivStress =  2.0474576928E+04  2.8213541439E+03 -2.6951070125E+04
           ESP =  -1.8301151652E+01     ESP at Nucleus =  -1.8301153053E+01
           ESPe = -4.2450204952E+01     ESPe at Nucleus = -4.2450176797E+01
           ESPn =  2.4149053300E+01     ESPn at Nucleus =  2.4149023744E+01

CP# 8      Coords = -1.10258444030122E+00 -1.42006098776875E+00 -2.51015335841994E+00
           Type = (3,-3) NACP N8
           Rho =  1.9145891582E+02     Rho at Nucleus =  1.9145888107E+02
           GradRho =  1.3871348514E-11  1.9865664669E-11  5.9481308767E-12
           HessRho_EigVals = -3.2219556127E+05 -3.2219406412E+05 -3.2218413233E+05
           HessRho_EigVec1 =  1.7359347944E-01  9.8480601199E-01 -4.7352547365E-03
           HessRho_EigVec2 =  9.1566998804E-01 -1.6317293472E-01 -3.6731875310E-01
           HessRho_EigVec3 =  3.6251038178E-01 -5.9428209768E-02  9.3008306671E-01
           DelSqRho = -9.6657375772E+05
           Bond Ellipticity = NA
           V = -2.4167596971E+05
           G =  1.6265140182E+01
           K =  2.4165970457E+05
           L =  2.4164343943E+05
           Vnuc =  4.7660310461E+05
           Ven = -9.1249913687E+07
           Vrep =  9.1008237717E+07
           DelSqV =  7.5881868954E+09
           DelSqVen =  4.6067205344E+11
           DelSqVrep = -4.5308386654E+11
           DelSqG =  4.0673194210E+08
           DelSqK = -7.9949188375E+09
           Stress_EigVals = -8.0560217331E+04 -8.0558180137E+04 -8.0557572242E+04
           Stress_EigVec1 =  3.3165552714E-01 -5.8597363908E-02  9.4157897187E-01
           Stress_EigVec2 =  9.3869321156E-01 -7.9082935577E-02 -3.3556064112E-01
           Stress_EigVec3 =  9.4125798173E-02  9.9514433036E-01  2.8776655029E-02
           -DivStress = -1.9653493050E+04  2.2122796757E+03 -3.0380711841E+04
           ESP =  -1.8304912648E+01     ESP at Nucleus =  -1.8304914239E+01
           ESPe = -4.2389251295E+01     ESPe at Nucleus = -4.2389220186E+01
           ESPn =  2.4084338647E+01     ESPn at Nucleus =  2.4084305947E+01

CP# 9      Coords =  1.25252056011388E+00 -2.19583208770578E+00  2.01529274991287E+00
           Type = (3,-3) NACP N9
           Rho =  1.9146103366E+02     Rho at Nucleus =  1.9146099882E+02
           GradRho = -2.4465152126E-11  3.5196068282E-11 -3.0114133409E-11
           HessRho_EigVals = -3.2219988682E+05 -3.2219838007E+05 -3.2218841701E+05
           HessRho_EigVec1 = -1.9651685013E-01  9.1965969466E-01  3.4001054928E-01
           HessRho_EigVec2 =  9.1037129443E-01  2.9992787678E-01 -2.8507433241E-01
           HessRho_EigVec3 =  3.6415001563E-01 -2.5351393401E-01  8.9617266828E-01
           DelSqRho = -9.6658668390E+05
           Bond Ellipticity = NA
           V = -2.4167920095E+05
           G =  1.6264985325E+01
           K =  2.4166293596E+05
           L =  2.4164667098E+05
           Vnuc =  4.7604306014E+05
           Ven = -9.1143696358E+07
           Vrep =  9.0902017157E+07
           DelSqV =  7.5882889899E+09
           DelSqVen =  4.6013688256E+11
           DelSqVrep = -4.5254859357E+11
           DelSqG =  4.0673837153E+08
           DelSqK = -7.9950273614E+09
           Stress_EigVals = -8.0561299316E+04 -8.0559255658E+04 -8.0558645972E+04
           Stress_EigVec1 =  3.3318295350E-01 -2.5869852524E-01  9.0667755709E-01
           Stress_EigVec2 =  9.3563978560E-01  2.0951346767E-01 -2.8404629635E-01
           Stress_EigVec3 = -1.1647880108E-01  9.4296297907E-01  3.1185494865E-01
           -DivStress =  1.9728010384E+04 -7.9292181736E+03  2.9412335577E+04
           ESP =  -1.8305288243E+01     ESP at Nucleus =  -1.8305289839E+01
           ESPe = -4.2232761660E+01     ESPe at Nucleus = -4.2232729974E+01
           ESPn =  2.3927473417E+01     ESPn at Nucleus =  2.3927440136E+01

CP# 10     Coords = -1.23066854221167E+00 -2.19318490757046E+00  1.91139112109289E+00
           Type = (3,-3) NACP N10
           Rho =  1.9138651841E+02     Rho at Nucleus =  1.9138648781E+02
           GradRho = -3.0317970356E-12 -4.7652437551E-11  2.2030377522E-11
           HessRho_EigVals = -3.2206710263E+05 -3.2206571919E+05 -3.2205612982E+05
           HessRho_EigVec1 =  1.5713003608E-01  9.2543388695E-01  3.4479308673E-01
           HessRho_EigVec2 =  8.8945379667E-01 -2.8433158117E-01  3.5780930051E-01
           HessRho_EigVec3 = -4.2916441528E-01 -2.5045493176E-01  8.6780771592E-01
           DelSqRho = -9.6618895164E+05
           Bond Ellipticity = NA
           V = -2.4157995862E+05
           G =  1.6360354779E+01
           K =  2.4156359826E+05
           L =  2.4154723791E+05
           Vnuc =  5.0787391864E+05
           Ven = -9.7200221077E+07
           Vrep =  9.6958641119E+07
           DelSqV =  7.5851748555E+09
           DelSqVen =  4.9070216922E+11
           DelSqVrep = -4.8311699436E+11
           DelSqG =  4.0656179443E+08
           DelSqK = -7.9917366499E+09
           Stress_EigVals = -8.0528168880E+04 -8.0526192908E+04 -8.0525596831E+04
           Stress_EigVec1 = -4.0569318995E-01 -2.5456181271E-01  8.7784470104E-01
           Stress_EigVec2 =  9.1115815448E-01 -1.8843932932E-01  3.6644431595E-01
           Stress_EigVec3 =  7.2137737388E-02  9.4851932119E-01  3.0839462410E-01
           -DivStress = -2.0430718933E+04 -6.9121779260E+03  2.6290686356E+04
           ESP =  -1.8301070455E+01     ESP at Nucleus =  -1.8301071859E+01
           ESPe = -4.2394846389E+01     ESPe at Nucleus = -4.2394818025E+01
           ESPn =  2.4093775933E+01     ESPn at Nucleus =  2.4093746166E+01

CP# 11     Coords = -1.69448336559901E+00  4.43076197224423E+00  3.99664547163531E+00
           Type = (3,-3) NACP C11
           Rho =  1.1751260096E+02     Rho at Nucleus =  1.1751260092E+02
           GradRho = -4.0726741261E-11  2.3733005144E-11 -8.5299814311E-11
           HessRho_EigVals = -1.4480109906E+05 -1.4480086264E+05 -1.4480077219E+05
           HessRho_EigVec1 = -2.5302460575E-02 -8.4832781211E-03  9.9964384632E-01
           HessRho_EigVec2 = -2.6522289596E-01  9.6418600744E-01  1.4691894502E-03
           HessRho_EigVec3 =  9.6385507258E-01  2.6509126174E-01  2.6646238031E-02
           DelSqRho = -4.3440273390E+05
           Bond Ellipticity = NA
           V = -1.0861116709E+05
           G =  5.2418072502E+00
           K =  1.0860592528E+05
           L =  1.0860068347E+05
           Vnuc =  7.7766564130E+06
           Ven = -9.1385512190E+08
           Vrep =  9.1374651073E+08
           DelSqV =  2.4917795248E+09
           DelSqVen =  3.3782004449E+12
           DelSqVrep = -3.3757081411E+12
           DelSqG =  1.3384368703E+08
           DelSqK = -2.6256232118E+09
           Stress_EigVals = -3.6203767525E+04 -3.6203738394E+04 -3.6203661170E+04
           Stress_EigVec1 =  9.6828597621E-01  2.4763701222E-01  3.3138775596E-02
           Stress_EigVec2 = -2.4822601955E-01  9.6858655696E-01  1.4964120126E-02
           Stress_EigVec3 = -2.8392102558E-02 -2.2715454024E-02  9.9933872969E-01
           -DivStress =  1.6652680432E+02 -1.5655358936E+02  5.8234196934E+02
           ESP =  -1.4753463834E+01     ESP at Nucleus =  -1.4753463835E+01
           ESPe = -3.3981225925E+01     ESPe at Nucleus = -3.3981225062E+01
           ESPn =  1.9227762091E+01     ESPn at Nucleus =  1.9227761227E+01

CP# 12     Coords = -2.50448258687571E+00  2.61920914184524E+00  4.47777902595293E+00
           Type = (3,-3) NACP H12
           Rho =  4.2149557418E-01     Rho at Nucleus =  4.1809797590E-01
           GradRho =  4.3835106985E-15  6.5112710146E-15 -9.2341499031E-16
           HessRho_EigVals = -6.4079669440E+00 -6.4063502486E+00 -5.8459950647E+00
           HessRho_EigVec1 =  1.9442225953E-02  2.5368692103E-01  9.6709097088E-01
           HessRho_EigVec2 =  9.1904763927E-01 -3.8539010885E-01  8.2619009639E-02
           HessRho_EigVec3 =  3.9366665671E-01  8.8719637629E-01 -2.4064320746E-01
           DelSqRho = -1.8660312257E+01
           Bond Ellipticity = NA
           V = -4.6748978597E+00
           G =  4.9098976629E-03
           K =  4.6699879620E+00
           L =  4.6650780643E+00
           Vnuc =  5.1147744143E+01
           Ven = -2.1558547786E+01
           Vrep =  1.6883649926E+01
           DelSqV =  7.0359297192E+02
           DelSqVen =  9.5443287697E+02
           DelSqVrep = -2.5083990505E+02
           DelSqG =  6.9189225268E+01
           DelSqK = -7.7278219718E+02
           Stress_EigVals = -1.6057639076E+00 -1.6055574840E+00 -1.4635764681E+00
           Stress_EigVec1 =  2.0283389526E-01 -3.3885661738E-01 -9.1871355916E-01
           Stress_EigVec2 =  8.9649188728E-01 -3.1315157374E-01  3.1343003671E-01
           Stress_EigVec3 =  3.9390443889E-01  8.8719348776E-01 -2.4026445493E-01
           -DivStress = -2.9592848007E+00 -6.6886416959E+00  1.8033979889E+00
           ESP =  -1.1294179650E+00     ESP at Nucleus =  -1.1316305269E+00
           ESPe = -2.2586351075E+01     ESPe at Nucleus = -2.2537783636E+01
           ESPn =  2.1456933110E+01     ESPn at Nucleus =  2.1406153109E+01

CP# 13     Coords =  8.37658594218832E-02  4.59428248386595E+00  4.97409817027874E+00
           Type = (3,-3) NACP H13
           Rho =  4.2377365031E-01     Rho at Nucleus =  4.2029955396E-01
           GradRho = -7.7675949406E-15 -2.5687222802E-15 -3.2398218257E-15
           HessRho_EigVals = -6.4298152618E+00 -6.4281821397E+00 -5.8600071690E+00
           HessRho_EigVec1 = -4.7665022104E-01 -9.6956185230E-02  8.7372997255E-01
           HessRho_EigVec2 = -1.1555834532E-01  9.9218528544E-01  4.7059836297E-02
           HessRho_EigVec3 =  8.7146476441E-01  7.8535708512E-02  4.8412943195E-01
           DelSqRho = -1.8718004571E+01
           Bond Ellipticity = NA
           V = -4.6890680845E+00
           G =  4.7834709352E-03
           K =  4.6842846136E+00
           L =  4.6795011426E+00
