AIMSum (Version 19.02.13, Professional)
Copyright (c) 1997-2019 by Todd A. Keith
AIMSum is a component of the AIMAll package ( http://aim.tkgristmill.com )

TP:  64-bit Linux

Much of the Quantum Theory of Atoms in Molecules (QTAIM) is described in the book:
  "Atoms in Molecules - A Quantum Theory"
  R.F.W. Bader, Oxford University Press, Oxford, 1990

For additional references see:  http://aim.tkgristmill.com/references.html

Wfn File:  /home/mhennefarth/Documents/ML_Diels/summary-liu2014/5_8-opt/5_8-opt.wfn
Sum File:  /home/mhennefarth/Documents/ML_Diels/summary-liu2014/5_8-opt/5_8-opt.sum

SumViz File:  /home/mhennefarth/Documents/ML_Diels/summary-liu2014/5_8-opt/5_8-opt.sumviz

Wfn Title:   Title Card Required                                                           
 
Total memory allocated for AIMSum =        2.370 Megabytes

Atomic units (a.u.) used throughout, except where stated otherwise

Model:  Restricted SCF
 
Restricted, closed-shell, single-determinant wavefunction.
  Number of electrons (from MO Occs)                   =         152.0000000000
  Number of Alpha electrons (from MO Occs)             =          76.0000000000
  Number of Beta electrons (from MO Occs)              =          76.0000000000
  Number of electron pairs (N*(N-1)/2)                 =       11476.0000000000
  Number of electron pairs (from Muller 2EDM)          =       11476.0000000000
 
Nuclear Charges and Cartesian Coordinates:
-------------------------------------------------------------------------------
Atom      Charge                X                  Y                  Z
-------------------------------------------------------------------------------
C1         6.0           2.4226483500E+00  -1.5922880000E+00   2.4890740000E-02
C2         6.0          -2.4243636700E+00  -1.5919340100E+00  -3.0976380000E-02
N3         7.0          -1.2810600400E+00  -1.8408747200E+00   2.2317690900E+00
N4         7.0           1.2041104100E+00  -1.8273648500E+00   2.2444113100E+00
N5         7.0          -1.2058030600E+00  -1.8179216600E+00  -2.2514961400E+00
N6         7.0           1.2792986100E+00  -1.8318079500E+00  -2.2389105300E+00
C7         6.0           4.8996743000E-01   4.7359844200E+00  -1.0266146500E+00
C8         6.0          -4.8319037000E-01   4.7306022500E+00   1.0447039700E+00
C9         6.0          -1.6639091100E+00   4.7364579700E+00   3.5449209000E+00
C10        6.0           1.6702165400E+00   4.7553822500E+00  -3.5269684700E+00
H11        1.0          -3.0202911500E+00   3.1812453600E+00   3.7412364100E+00
H12        1.0          -2.6763641500E+00   6.5133422700E+00   3.8880972100E+00
H13        1.0           3.0182320600E+00   3.1945897200E+00  -3.7362571600E+00
H14        1.0           2.6923138100E+00   6.5294222400E+00  -3.8560652200E+00
C15        6.0           5.2019574600E+00  -1.2331518500E+00   1.0311231000E-01
C16        6.0           6.5534219400E+00  -1.7485543300E+00   2.3226958900E+00
C17        6.0           8.7956774800E+00  -4.1025240000E-02  -1.9945216000E+00
C18        6.0           9.1597060300E+00  -1.3878759900E+00   2.3130072000E+00
H19        1.0           5.5596215700E+00  -2.4096799100E+00   3.9864783300E+00
C20        6.0           1.0316074950E+01  -5.2170337000E-01   1.1063349000E-01
H21        1.0           9.6263258900E+00   6.5945140000E-01  -3.7412666000E+00
H22        1.0           1.0266237550E+01  -1.7782448900E+00   3.9976759500E+00
H23        1.0           1.2342534550E+01  -2.1329943000E-01   1.7355110000E-02
C24        6.0          -5.2035797100E+00  -1.2316415800E+00  -1.0775718000E-01
C25        6.0          -6.5550566100E+00  -1.7368731500E+00  -2.3296879600E+00
C26        6.0          -9.1612263900E+00  -1.3754967800E+00  -2.3185768400E+00
H27        1.0          -5.5613160800E+00  -2.3909586000E+00  -3.9962846600E+00
C28        6.0          -8.7971358500E+00  -4.7706680000E-02   1.9948581700E+00
C29        6.0          -1.0317511800E+01  -5.1868224000E-01  -1.1248323000E-01
H30        1.0          -1.0267778220E+01  -1.7581345100E+00  -4.0050043500E+00
H31        1.0          -9.6276795400E+00   6.4527575000E-01   3.7446361000E+00
H32        1.0          -1.2343888610E+01  -2.1009761000E-01  -1.8016840000E-02
H33        1.0           2.5272082000E-01   4.5626900600E+00  -5.0273732700E+00
H34        1.0          -2.4790631000E-01   4.5237218500E+00   5.0440098500E+00
N35        7.0           6.2978340300E+00  -3.8285013000E-01  -2.0223534100E+00
N36        7.0          -6.2993716900E+00  -3.9036436000E-01   2.0213455400E+00
 
Some Atomic Properties:
----------------------
  q(A) = Net Charge of Atom A
  L(A) = Lagrangian of Atom A = -(1/4) Times Atomic Integral of the Laplacian of the Electron Density
  K(A) = Electronic Kinetic Energy of Atom A (Hamiltonian Form)
  K_Scaled(A) = K(A) * E(Mol)/K(Mol) = Approximation to Virial-Based Total Energy of Atom A.
  |Mu_Intra(A)| = Magnitude of Intraatomic Dipole Moment of Atom A
--------------------------------------------------------------------------------------------------
Atom A          q(A)              L(A)              K(A)          K_Scaled(A)      |Mu_Intra(A)|
--------------------------------------------------------------------------------------------------
C1        1.0177226904E+00 -1.7565897031E-04  3.7171187991E+01 -3.7525786256E+01  5.7496067574E-01
C2        1.0180732063E+00  3.0192613185E-04  3.7171299091E+01 -3.7525898415E+01  5.7442962723E-01
N3       -5.4028408470E-01 -6.0538022866E-05  5.4550607406E+01 -5.5070998381E+01  6.3087006104E-01
N4       -5.8941237130E-01 -3.9994563550E-06  5.4577690120E+01 -5.5098339453E+01  6.5643702311E-01
N5       -5.8926166420E-01  6.8182314263E-05  5.4577626605E+01 -5.5098275331E+01  6.5645209474E-01
N6       -5.4019521270E-01 -9.6213355510E-05  5.4550501407E+01 -5.5070891370E+01  6.3075489401E-01
C7       -1.8628727690E-01  9.8230356557E-07  3.7788452573E+01 -3.8148939295E+01  7.7979698173E-02
C8       -1.8631522130E-01  9.7570703204E-06  3.7788467663E+01 -3.8148954529E+01  7.8019729314E-02
C9        3.7287773300E-02 -1.0575027358E-04  3.7640324376E+01 -3.7999398014E+01  2.3761724497E-01
C10       3.7180012900E-02 -2.1796712348E-04  3.7640263762E+01 -3.7999336823E+01  2.3744735979E-01
H11       7.7877174500E-02  2.3705381789E-05  5.8070559627E-01 -5.8624529538E-01  1.3157261662E-01
H12       3.4727630920E-02  2.1907505105E-05  5.9642235533E-01 -6.0211198603E-01  1.5169273170E-01
H13       7.7923409150E-02  2.3133903478E-05  5.8067192586E-01 -5.8621130376E-01  1.3157682512E-01
H14       3.4727985490E-02  2.5487590936E-05  5.9642419445E-01 -6.0211384270E-01  1.5167939227E-01
C15       5.7090874630E-01 -2.2359630503E-04  3.7401891806E+01 -3.7758690893E+01  5.8231468340E-01
C16      -2.8842340900E-02 -5.8954590304E-05  3.7746792432E+01 -3.8106881733E+01  1.7081742347E-01
C17       5.7198576230E-01 -9.3704313548E-05  3.7365093475E+01 -3.7721541520E+01  6.8518518507E-01
C18      -2.3128793800E-02 -1.1020075909E-04  3.7727094795E+01 -3.8086996189E+01  1.1841435734E-01
H19       9.2763190780E-02  2.6307711687E-05  5.7973983863E-01 -5.8527032479E-01  1.3936166346E-01
C20      -4.1525710800E-02  5.0889855868E-05  3.7743826823E+01 -3.8103887833E+01  1.3084601433E-01
H21       5.6170076990E-02  2.3876985129E-05  5.9695548892E-01 -6.0265020550E-01  1.4801022544E-01
H22       5.7616445900E-02  2.1969954355E-05  5.9224161585E-01 -5.9789136396E-01  1.4531514816E-01
H23       5.6749589330E-02  2.4336239845E-05  5.9125705016E-01 -5.9689740592E-01  1.4677614423E-01
C24       5.7122606680E-01  3.3738758855E-04  3.7402004671E+01 -3.7758804835E+01  5.8287282631E-01
C25      -2.8878387600E-02 -1.0777746930E-04  3.7746788211E+01 -3.8106877472E+01  1.7077423615E-01
C26      -2.3067697600E-02 -1.9415657582E-05  3.7727112443E+01 -3.8087014005E+01  1.1839525519E-01
H27       9.2770337870E-02  1.1010880411E-05  5.7972812926E-01 -5.8525850372E-01  1.3935498843E-01
C28       5.7202451830E-01 -2.5009899740E-05  3.7365134977E+01 -3.7721583419E+01  6.8512129742E-01
C29      -4.1549084600E-02  2.0498450146E-05  3.7743823611E+01 -3.8103884590E+01  1.3086032651E-01
H30       5.7618479800E-02  2.3538537338E-05  5.9224270463E-01 -5.9789246314E-01  1.4531720164E-01
H31       5.6178209160E-02  2.4278418893E-05  5.9695342077E-01 -6.0264811762E-01  1.4801064577E-01
H32       5.6760504560E-02  1.7885982558E-05  5.9124575914E-01 -5.9688600719E-01  1.4680604602E-01
H33       3.9603495130E-02  2.3612505255E-05  5.9471672802E-01 -6.0039008772E-01  1.5021795073E-01
H34       3.9694241800E-02  2.4713762739E-05  5.9468372351E-01 -6.0035676836E-01  1.5018450161E-01
N35      -1.2045688138E+00 -4.3926843307E-05  5.4932796267E+01 -5.5456833171E+01  8.2440388772E-02
N36      -1.2045839283E+00 -8.7287846619E-05  5.4932748101E+01 -5.5456784545E+01  8.2428155692E-02
--------------------------------------------------------------------------------------------------
Total    -3.1104052000E-04 -3.2461181254E-04  9.3755551714E+02 -9.4649942175E+02
 
1st Largest |L(A)| = 3.3738758855E-04, atom C24     
2nd Largest |L(A)| = 3.0192613185E-04, atom C2      
 
Molecular charge q(Mol) from the wfn file:   0.0000000000E+00
Molecular energy E(Mol) from the wfn file:  -9.4649951681E+02
Molecular virial ratio (-V(Mol)/T(Mol)) from the wfn file:   2.0095396000E+00
Note.  K_Scaled(A) = (1+V(Mol)/T(Mol))*K(A) = (E(Mol)/T(Mol))*K(A)
       Only use K_Scaled(A) data with caution.
 
N_AIMInt(SumA)     =        152.000311
N_Analytic(Mol)    =        151.999981
 
G_AIMInt(SumA)     =        937.555842
G_Analytic(Mol)    =        937.555558
 
K_AIMInt(SumA)     =        937.555517
K_Analytic(Mol)    =        937.555558
 
L_AIMInt(SumA)     =         -0.000325
L_Analytic(Mol)    =          0.000000
 
VenT_AIMInt(SumA)  =      -5462.532351
VenT_Analytic(Mol) =      -5462.524894
 
Some Information About the Atomic Calculations:
----------------------------------------------
  Time(sec) = "Elapsed User Time", in Seconds, for Atom A by AIMInt and, if used, by TWOe
  NProc = Number of Processors Used for AIMInt Job
  BIM = Basin Integration Method
  OAQ = Angular Quadrature Outside of Beta Sphere
  ORQ = Multiple of Default for Radial Quadrature Outside of Beta Sphere
  IAQ = Multiple of Default for Angular Quadrature Inside of Beta Sphere
  IRQ = Multiple of Default for Radial Quadrature Inside of Beta Sphere
  MIR = Maximum Integration Radius
------------------------------------------------------------------------------------------------------
Atom A     Time(sec)   NProc      BIM          OAQ                     ORQ      IAQ      IRQ      MIR
------------------------------------------------------------------------------------------------------
C1             89        8     Proaim(5)    4500(GS4)                  1.00     1.00     1.00    13.00
C2             87        8     Proaim(5)    4500(GS4)                  1.00     1.00     1.00    13.00
N3             46        8     Proaim(5)    4500(GS4)                  1.00     1.00     1.00    13.00
N4             46        8     Proaim(5)    4500(GS4)                  1.00     1.00     1.00    13.00
N5             44        8     Proaim(5)    4500(GS4)                  1.00     1.00     1.00    13.00
N6             46        8     Proaim(5)    4500(GS4)                  1.00     1.00     1.00    13.00
C7             48        8     Proaim(5)    4500(GS4)                  1.00     1.00     1.00    13.00
C8             49        8     Proaim(5)    4500(GS4)                  1.00     1.00     1.00    13.00
C9             35        8     Proaim(5)    4500(GS4)                  1.00     1.00     1.00    13.00
C10            37        8     Proaim(5)    4500(GS4)                  1.00     1.00     1.00    13.00
H11            25        8     Proaim(5)    4500(GS4)                  1.00     1.00     1.00    13.00
H12             9        8     Proaim(5)    1800(GS4)                  1.00     1.00     1.00    13.00
H13            25        8     Proaim(5)    4500(GS4)                  1.00     1.00     1.00    13.00
H14             9        8     Proaim(5)    1800(GS4)                  1.00     1.00     1.00    13.00
C15            58        8     Proaim(5)    4500(GS4)                  1.00     1.00     1.00    13.00
C16            45        8     Proaim(5)    4500(GS4)                  1.00     1.00     1.00    13.00
C17            25        8     Proaim(5)    4500(GS4)                  1.00     1.00     1.00    13.00
C18            24        8     Proaim(5)    4500(GS4)                  1.00     1.00     1.00    13.00
H19            15        8     Proaim(5)    1800(GS4)                  1.00     1.00     1.00    13.00
C20            24        8     Proaim(5)    4500(GS4)                  1.00     1.00     1.00    13.00
H21             9        8     Proaim(5)    1800(GS4)                  1.00     1.00     1.00    13.00
H22             9        8     Proaim(5)    1800(GS4)                  1.00     1.00     1.00    13.00
H23            10        8     Proaim(5)    1800(GS4)                  1.00     1.00     1.00    13.00
C24            58        8     Proaim(5)    4500(GS4)                  1.00     1.00     1.00    13.00
C25            43        8     Proaim(5)    4500(GS4)                  1.00     1.00     1.00    13.00
C26            24        8     Proaim(5)    4500(GS4)                  1.00     1.00     1.00    13.00
H27            15        8     Proaim(5)    1800(GS4)                  1.00     1.00     1.00    13.00
C28            25        8     Proaim(5)    4500(GS4)                  1.00     1.00     1.00    13.00
C29            25        8     Proaim(5)    4500(GS4)                  1.00     1.00     1.00    13.00
H30             8        8     Proaim(5)    1800(GS4)                  1.00     1.00     1.00    13.00
H31             9        8     Proaim(5)    1800(GS4)                  1.00     1.00     1.00    13.00
H32             8        8     Proaim(5)    1800(GS4)                  1.00     1.00     1.00    13.00
H33            10        8     Proaim(5)    1800(GS4)                  1.00     1.00     1.00    13.00
H34            10        8     Proaim(5)    1800(GS4)                  1.00     1.00     1.00    13.00
N35            33        8     Proaim(5)    4500(GS4)                  1.00     1.00     1.00    13.00
N36            32        8     Proaim(5)    4500(GS4)                  1.00     1.00     1.00    13.00
------------------------------------------------------------------------------------------------------
Total        1114
Note:  Total wall clock time is less than total of atomic times if more than one atom
       was calculated at a time
 
Electron Density Critical Point Analysis of Molecular Structure:               
---------------------------------------------------------------                
  NACP = Nuclear Attractor Critical Point                                      
  NNACP = Non-Nuclear Attractor Critical Point                                 
  BCP = Bond Critical Point                                                    
  RCP = Ring Critical Point                                                    
  CCP = Cage Critical Point                                                    
  Rho = Electron Density                                                       
  GradRho = Gradient of Electron Density                                       
  HessRho_EigVals = Eigenvalues of the Hessian of Rho, Ascending Order         
  HessRho_EigVecs = Eigenvectors of the Hessian of Rho                         
  DelSqRho = Laplacian of Rho = Trace of Hessian of Rho                        
  Bond Ellipticity = (HessRho_EigVal(1) / HessRho_EigVal(2)) - 1               
  V = Virial Field = Potential Energy Density = Trace of Stress Tensor         
  G = Lagrangian Form of Kinetic Energy Density                                
  K = Hamiltonian Form of Kinetic Energy Density                               
  L = K - G = Lagrangian Density = (-1/4)DelSqRho                              
  Vnuc = Electrostatic Potential from Nuclei                                   
  Ven = Electron-nuclear attractive contribution to Virial Field V             
  Vrep = V - Ven = Repulsive contribution to Virial Field V                    
  DelSqV = Laplacian of V                                                      
  DelSqVen = Laplacian of Ven                                                  
  DelSqVrep = Laplacian of Vrep                                                
  DelSqG = Laplacian of G                                                      
  DelSqK = Laplacian of K                                                      
  Stress_EigVals = Eigenvalues of Stress Tensor, Ascending Order               
  Stress_EigVecs = Eigenvectors of Stress Tensor                               
  -DivStress = Ehrenfest Force Density = Minus Divergence of Stress Tensor     
  ESP = Total Electrostatic Potential                                          
  ESPe = Electrostatic Potential from Electrons                                
  ESPn = Electrostatic Potential from Nuclei                                   
  BP = Bond Path                                                               
  BPL = Bond Path Length                                                       
  GBL = Geometric Bond Length                                                  
  GBL_I = Distance Between Nuclear Attractors                                  
  GBL_II = Distance Between Nuclei                                             
  GBL_III = Sum of Distances Between BCP and Nuclear Attractors                
  GBL_IV = Sum of Distances Between BCP and Nuclei                             

CP# 1      Coords =  2.42264718357568E+00 -1.59228838837646E+00  2.48908620486706E-02
           Type = (3,-3) NACP C1
           Rho =  1.1762507602E+02     Rho at Nucleus =  1.1762507591E+02
           GradRho = -3.8065417485E-10 -1.4891049505E-10  4.2029574265E-11
           HessRho_EigVals = -1.4490204407E+05 -1.4490103445E+05 -1.4490060839E+05
           HessRho_EigVec1 = -1.1625600210E-01  9.9315248942E-01 -1.1518451628E-02
           HessRho_EigVec2 =  1.3911734966E-03  1.1759902304E-02  9.9992988221E-01
           HessRho_EigVec3 =  9.9321830763E-01  1.1623182632E-01 -2.7488066483E-03
           DelSqRho = -4.3470368690E+05
           Bond Ellipticity = NA
           V = -1.0868626849E+05
           G =  5.1733804101E+00
           K =  1.0868109511E+05
           L =  1.0867592173E+05
           Vnuc =  4.8566496473E+06
           Ven = -5.7126378394E+08
           Vrep =  5.7115509767E+08
           DelSqV =  2.4934527862E+09
           DelSqVen =  2.1112034427E+12
           DelSqVrep = -2.1087099244E+12
           DelSqG =  1.3389825799E+08
           DelSqK = -2.6273510442E+09
           Stress_EigVals = -3.6229015327E+04 -3.6228890986E+04 -3.6228362175E+04
           Stress_EigVec1 =  9.9127981815E-01  1.3093691318E-01  1.4827234608E-02
           Stress_EigVec2 = -1.6329804397E-02  1.0409222012E-02  9.9981247521E-01
           Stress_EigVec3 = -1.3075801929E-01  9.9133605446E-01 -1.2456625884E-02
           -DivStress =  9.5098635730E+02  3.1088908909E+02 -9.8183789470E+01
           ESP =  -1.4651434577E+01     ESP at Nucleus =  -1.4651434586E+01
           ESPe = -4.0653258376E+01     ESPe at Nucleus = -4.0653257632E+01
           ESPn =  2.6001823799E+01     ESPn at Nucleus =  2.6001823046E+01

CP# 2      Coords = -2.42436250405554E+00 -1.59193439828804E+00 -3.09765042085761E-02
           Type = (3,-3) NACP C2
           Rho =  1.1762505719E+02     Rho at Nucleus =  1.1762505708E+02
           GradRho =  3.7978264977E-10 -1.2994194609E-10 -4.2726766569E-11
           HessRho_EigVals = -1.4490202392E+05 -1.4490101454E+05 -1.4490058861E+05
           HessRho_EigVec1 =  1.1639184757E-01  9.9307957337E-01  1.5681160001E-02
           HessRho_EigVec2 =  1.2204041670E-03 -1.5931455734E-02  9.9987234152E-01
           HessRho_EigVec3 =  9.9320262204E-01 -1.1635785181E-01 -3.0662500168E-03
           DelSqRho = -4.3470362707E+05
           Bond Ellipticity = NA
           V = -1.0868625356E+05
           G =  5.1733977507E+00
           K =  1.0868108017E+05
           L =  1.0867590677E+05
           Vnuc =  4.8576936778E+06
           Ven = -5.7138649667E+08
           Vrep =  5.7127781041E+08
           DelSqV =  2.4934524392E+09
           DelSqVen =  2.1116571484E+12
           DelSqVrep = -2.1091636960E+12
           DelSqG =  1.3389824281E+08
           DelSqK = -2.6273506820E+09
           Stress_EigVals = -3.6229010307E+04 -3.6228885996E+04 -3.6228357260E+04
           Stress_EigVec1 =  9.9125034692E-01 -1.3118202577E-01  1.4629622047E-02
           Stress_EigVec2 = -1.6676745060E-02 -1.4520162156E-02  9.9975549564E-01
           Stress_EigVec3 =  1.3093752671E-01  9.9125195637E-01  1.6580804975E-02
           -DivStress = -9.5060045071E+02  3.1083405043E+02  9.9918773538E+01
           ESP =  -1.4651432034E+01     ESP at Nucleus =  -1.4651432043E+01
           ESPe = -4.0652238722E+01     ESPe at Nucleus = -4.0652237978E+01
           ESPn =  2.6000806688E+01     ESPn at Nucleus =  2.6000805935E+01

CP# 3      Coords = -1.28105155386325E+00 -1.84087326924008E+00  2.23175733346724E+00
           Type = (3,-3) NACP N3
           Rho =  1.9145171450E+02     Rho at Nucleus =  1.9145168029E+02
           GradRho =  7.9038997569E-12  2.0817791935E-11 -1.1401102284E-11
           HessRho_EigVals = -3.2218262026E+05 -3.2218118445E+05 -3.2217138943E+05
           HessRho_EigVec1 =  2.3495200293E-01  9.4324581263E-01  2.3470171129E-01
           HessRho_EigVec2 =  8.8342064736E-01 -3.0793292739E-01  3.5319296716E-01
           HessRho_EigVec3 = -4.0542017235E-01 -1.2435694267E-01  9.0563228446E-01
           DelSqRho = -9.6653519414E+05
           Bond Ellipticity = NA
           V = -2.4166634007E+05
           G =  1.6270767415E+01
           K =  2.4165006930E+05
           L =  2.4163379854E+05
           Vnuc =  4.8040614080E+05
           Ven = -9.1974579312E+07
           Vrep =  9.1732912972E+07
           DelSqV =  7.5878846810E+09
           DelSqVen =  4.6432944262E+11
           DelSqVrep = -4.5674155794E+11
           DelSqG =  4.0671478759E+08
           DelSqK = -7.9945994686E+09
           Stress_EigVals = -8.0556983247E+04 -8.0554969240E+04 -8.0554387583E+04
           Stress_EigVec1 = -3.7469383004E-01 -1.2797302547E-01  9.1827416303E-01
           Stress_EigVec2 =  9.1787274625E-01 -1.9095090407E-01  3.4791863120E-01
           Stress_EigVec3 =  1.3082108176E-01  9.7322179229E-01  1.8901107793E-01
           -DivStress = -2.0952163198E+04 -3.5821486158E+03  2.9008911639E+04
           ESP =  -1.8305735118E+01     ESP at Nucleus =  -1.8305736685E+01
           ESPe = -4.2191439888E+01     ESPe at Nucleus = -4.2191409130E+01
           ESPn =  2.3885704769E+01     ESPn at Nucleus =  2.3885672444E+01

CP# 4      Coords =  1.20410261669727E+00 -1.82736383479278E+00  2.24439997759333E+00
           Type = (3,-3) NACP N4
           Rho =  1.9138716853E+02     Rho at Nucleus =  1.9138713790E+02
           GradRho = -2.5121682512E-11  3.1815661217E-11  8.7820861694E-12
           HessRho_EigVals = -3.2206656509E+05 -3.2206518130E+05 -3.2205563506E+05
           HessRho_EigVec1 = -2.1327933762E-01  9.5430184874E-01  2.0933204636E-01
           HessRho_EigVec2 =  8.9628230269E-01  2.7639026709E-01 -3.4682337600E-01
           HessRho_EigVec3 =  3.8883152911E-01 -1.1365034863E-01  9.1427219154E-01
           DelSqRho = -9.6618738146E+05
           Bond Ellipticity = NA
           V = -2.4157955922E+05
           G =  1.6356927071E+01
           K =  2.4156320229E+05
           L =  2.4154684536E+05
           Vnuc =  5.0760399285E+05
           Ven = -9.7148890925E+07
           Vrep =  9.6907311366E+07
           DelSqV =  7.5851599864E+09
           DelSqVen =  4.9044057254E+11
           DelSqVrep = -4.8285541256E+11
           DelSqG =  4.0655889214E+08
           DelSqK = -7.9917188785E+09
           Stress_EigVals = -8.0528028846E+04 -8.0526060935E+04 -8.0525469437E+04
           Stress_EigVec1 =  3.6440650282E-01 -1.1712568620E-01  9.2384494063E-01
           Stress_EigVec2 =  9.2500061813E-01  1.6017284853E-01 -3.4455553261E-01
           Stress_EigVec3 = -1.0761857255E-01  9.8011541781E-01  1.6670935971E-01
           -DivStress =  1.9235324057E+04 -2.5048061832E+03  2.7951642432E+04
           ESP =  -1.8302234815E+01     ESP at Nucleus =  -1.8302236222E+01
           ESPe = -4.2184714724E+01     ESPe at Nucleus = -4.2184685739E+01
           ESPn =  2.3882479909E+01     ESPn at Nucleus =  2.3882449517E+01

CP# 5      Coords = -1.20579526665382E+00 -1.81792069310009E+00 -2.25148480342503E+00
           Type = (3,-3) NACP N5
           Rho =  1.9138715619E+02     Rho at Nucleus =  1.9138712556E+02
           GradRho = -8.8407059451E-12  2.8062663304E-11 -6.5710548114E-11
           HessRho_EigVals = -3.2206653500E+05 -3.2206515029E+05 -3.2205560397E+05
           HessRho_EigVec1 =  2.1337125353E-01  9.5513696997E-01 -2.0539249440E-01
           HessRho_EigVec2 =  8.9623635108E-01 -2.7504855852E-01 -3.4800674340E-01
           HessRho_EigVec3 =  3.8888701594E-01  1.0982558465E-01  9.1471592847E-01
           DelSqRho = -9.6618728927E+05
           Bond Ellipticity = NA
           V = -2.4157953618E+05
           G =  1.6356930379E+01
           K =  2.4156317925E+05
           L =  2.4154682232E+05
           Vnuc =  5.0760476838E+05
           Ven = -9.7149033090E+07
           Vrep =  9.6907453554E+07
           DelSqV =  7.5851592612E+09
           DelSqVen =  4.9044127546E+11
           DelSqVrep = -4.8285611619E+11
           DelSqG =  4.0655883967E+08
           DelSqK = -7.9917181009E+09
           Stress_EigVals = -8.0528021242E+04 -8.0526053344E+04 -8.0525461591E+04
           Stress_EigVec1 =  3.6448407766E-01  1.1326640631E-01  9.2429544970E-01
           Stress_EigVec2 =  9.2495470410E-01 -1.5888675730E-01 -3.4527350567E-01
           Stress_EigVec3 =  1.0775041761E-01  9.8077811943E-01 -1.6267798852E-01
           -DivStress = -1.9235429283E+04 -2.3856552259E+03 -2.7961917215E+04
           ESP =  -1.8302229174E+01     ESP at Nucleus =  -1.8302230581E+01
           ESPe = -4.2183879493E+01     ESPe at Nucleus = -4.2183850506E+01
           ESPn =  2.3881650319E+01     ESPn at Nucleus =  2.3881619925E+01

CP# 6      Coords =  1.27929012380131E+00 -1.83180654587194E+00 -2.23889876793411E+00
           Type = (3,-3) NACP N6
           Rho =  1.9145168084E+02     Rho at Nucleus =  1.9145164664E+02
           GradRho =  7.8810291626E-12 -2.5998092568E-12 -5.9678484376E-11
           HessRho_EigVals = -3.2218255147E+05 -3.2218111581E+05 -3.2217132107E+05
           HessRho_EigVec1 = -2.3468260525E-01  9.4427833789E-01 -2.3078668804E-01
           HessRho_EigVec2 =  8.8348341513E-01  3.0622035314E-01  3.5452242597E-01
           HessRho_EigVec3 = -4.0543942825E-01  1.2069596477E-01  9.0611884105E-01
           DelSqRho = -9.6653498834E+05
           Bond Ellipticity = NA
           V = -2.4166628865E+05
           G =  1.6270781506E+01
           K =  2.4165001787E+05
           L =  2.4163374709E+05
           Vnuc =  4.8040834206E+05
           Ven = -9.1974984579E+07
           Vrep =  9.1733318290E+07
           DelSqV =  7.5878830644E+09
           DelSqVen =  4.6433147091E+11
           DelSqVrep = -4.5674358791E+11
           DelSqG =  4.0671468470E+08
           DelSqK = -7.9945977491E+09
           Stress_EigVals = -8.0556966046E+04 -8.0554952133E+04 -8.0554370469E+04
           Stress_EigVec1 = -3.7472525951E-01  1.2425001411E-01  9.1877250388E-01
           Stress_EigVec2 =  9.1789091908E-01  1.8931484229E-01  3.4876374692E-01
           Stress_EigVec3 = -1.3060337119E-01  9.7402352358E-01 -1.8498901305E-01
           -DivStress =  2.0952316232E+04 -3.4670983459E+03 -2.9022578818E+04
           ESP =  -1.8305731488E+01     ESP at Nucleus =  -1.8305733055E+01
           ESPe = -4.2191528881E+01     ESPe at Nucleus = -4.2191498125E+01
           ESPn =  2.3885797393E+01     ESPn at Nucleus =  2.3885765070E+01

CP# 7      Coords =  4.89968755489986E-01  4.73598429037251E+00 -1.02661744542780E+00
           Type = (3,-3) NACP C7
           Rho =  1.1785451786E+02     Rho at Nucleus =  1.1785451716E+02
           GradRho =  2.7485316245E-09 -2.4100917095E-10 -5.7922189267E-09
           HessRho_EigVals = -1.4524837603E+05 -1.4524831436E+05 -1.4524790044E+05
           HessRho_EigVec1 = -1.2385170917E-01  9.8469356123E-01 -1.2263500564E-01
           HessRho_EigVec2 =  8.9758124309E-01  1.6386512244E-01  4.0926291512E-01
           HessRho_EigVec3 = -4.2309415759E-01  5.9386969271E-02  9.0413744624E-01
           DelSqRho = -4.3574459084E+05
           Bond Ellipticity = NA
           V = -1.0894629822E+05
           G =  5.0752545764E+00
           K =  1.0894122296E+05
           L =  1.0893614771E+05
           Vnuc =  1.9377098969E+06
           Ven = -2.2836786564E+08
           Vrep =  2.2825891934E+08
           DelSqV =  2.4994645433E+09
           DelSqVen =  8.4434660147E+11
           DelSqVrep = -8.4184713283E+11
           DelSqG =  1.3428324157E+08
           DelSqK = -2.6337477849E+09
           Stress_EigVals = -3.6315883203E+04 -3.6315213903E+04 -3.6315201112E+04
           Stress_EigVec1 = -4.2550897057E-01  6.2436848840E-03  9.0493266731E-01
           Stress_EigVec2 =  8.8835129030E-01  1.9355192499E-01  4.1637679732E-01
           Stress_EigVec3 = -1.7255173423E-01  9.8107016504E-01 -8.7904665875E-02
           -DivStress = -1.0846516569E+03  1.0352073798E+02  2.2878958446E+03
           ESP =  -1.4773594139E+01     ESP at Nucleus =  -1.4773594205E+01
           ESPe = -3.6059684047E+01     ESPe at Nucleus = -3.6059686027E+01
           ESPn =  2.1286089908E+01     ESPn at Nucleus =  2.1286091822E+01

CP# 8      Coords = -4.83191694838683E-01  4.73060210461591E+00  1.04470676478829E+00
           Type = (3,-3) NACP C8
           Rho =  1.1785454324E+02     Rho at Nucleus =  1.1785454254E+02
           GradRho = -2.7403318503E-09 -3.1509591464E-10  5.7772502338E-09
           HessRho_EigVals = -1.4524841659E+05 -1.4524835553E+05 -1.4524794127E+05
           HessRho_EigVec1 =  1.2414746552E-01  9.8395508757E-01  1.2813973798E-01
           HessRho_EigVec2 =  8.9775007956E-01 -1.6638773939E-01  4.0787242470E-01
           HessRho_EigVec3 = -4.2264902869E-01 -6.4401132188E-02  9.0400237429E-01
           DelSqRho = -4.3574471338E+05
           Bond Ellipticity = NA
           V = -1.0894632886E+05
           G =  5.0752559527E+00
           K =  1.0894125360E+05
           L =  1.0893617835E+05
           Vnuc =  1.9378077096E+06
           Ven = -2.2837944250E+08
           Vrep =  2.2827049617E+08
           DelSqV =  2.4994652535E+09
           DelSqVen =  8.4438947840E+11
           DelSqVrep = -8.4189001315E+11
           DelSqG =  1.3428328878E+08
           DelSqK = -2.6337485423E+09
           Stress_EigVals = -3.6315893415E+04 -3.6315224039E+04 -3.6315211405E+04
           Stress_EigVec1 = -4.2549335057E-01 -1.1056965191E-02  9.0489400050E-01
           Stress_EigVec2 =  8.8816163998E-01 -1.9687900824E-01  4.1521989039E-01
           Stress_EigVec3 =  1.7356356151E-01  9.8036544188E-01  9.3591081210E-02
           -DivStress =  1.0841234850E+03  1.1640288969E+02 -2.2873848480E+03
           ESP =  -1.4773597381E+01     ESP at Nucleus =  -1.4773597447E+01
           ESPe = -3.6061602694E+01     ESPe at Nucleus = -3.6061604668E+01
           ESPn =  2.1288005313E+01     ESPn at Nucleus =  2.1288007220E+01

CP# 9      Coords = -1.66390772560136E+00  4.73645845916476E+00  3.54491860255108E+00
           Type = (3,-3) NACP C9
           Rho =  1.1748027458E+02     Rho at Nucleus =  1.1748027404E+02
           GradRho =  2.3559449946E-09  8.2628658082E-10 -3.9273000407E-09
           HessRho_EigVals = -1.4476185031E+05 -1.4476119168E+05 -1.4476105137E+05
           HessRho_EigVec1 = -3.9976954849E-01  7.0070078912E-02  9.1393352720E-01
           HessRho_EigVec2 =  7.1853505296E-01 -5.9511418572E-01  3.5992566403E-01
           HessRho_EigVec3 =  5.6911482653E-01  8.0058059556E-01  1.8756072147E-01
           DelSqRho = -4.3428409335E+05
           Bond Ellipticity = NA
           V = -1.0858158454E+05
           G =  5.2806006981E+00
           K =  1.0857630394E+05
           L =  1.0857102334E+05
           Vnuc =  2.2005965020E+06
           Ven = -2.5852668131E+08
           Vrep =  2.5841809972E+08
           DelSqV =  2.4911034327E+09
           DelSqVen =  9.5568407757E+11
           DelSqVrep = -9.5319298233E+11
           DelSqG =  1.3380745116E+08
           DelSqK = -2.6249108838E+09
           Stress_EigVals = -3.6193948735E+04 -3.6193908302E+04 -3.6193727502E+04
           Stress_EigVec1 =  5.6509196502E-01  8.0294209488E-01  1.8961820411E-01
           Stress_EigVec2 =  7.2063234599E-01 -5.9227711982E-01  3.6041203538E-01
           Stress_EigVec3 = -4.0169651850E-01  6.7020934023E-02  9.1331708701E-01
           -DivStress = -1.1200084765E+03 -3.9781533573E+02  1.8550005765E+03
           ESP =  -1.4738442343E+01     ESP at Nucleus =  -1.4738442372E+01
           ESPe = -3.3768278287E+01     ESPe at Nucleus = -3.3768275159E+01
           ESPn =  1.9029835944E+01     ESPn at Nucleus =  1.9029832787E+01

CP# 10     Coords =  1.67021515770842E+00  4.75538272794341E+00 -3.52696617012186E+00
           Type = (3,-3) NACP C10
           Rho =  1.1748021648E+02     Rho at Nucleus =  1.1748021594E+02
           GradRho = -2.3621991724E-09  8.5234919817E-10  3.9339835833E-09
           HessRho_EigVals = -1.4476175972E+05 -1.4476110134E+05 -1.4476096065E+05
           HessRho_EigVec1 = -3.9969649668E-01 -7.5080621989E-02  9.1356751844E-01
           HessRho_EigVec2 =  7.2172324573E-01  5.8865711835E-01  3.6414056844E-01
           HessRho_EigVec3 = -5.6511792319E-01  8.0488862411E-01 -1.8109675776E-01
           DelSqRho = -4.3428382171E+05
           Bond Ellipticity = NA
           V = -1.0858151661E+05
           G =  5.2805890903E+00
           K =  1.0857623602E+05
           L =  1.0857095543E+05
           Vnuc =  2.2014130407E+06
           Ven = -2.5862248058E+08
           Vrep =  2.5851389906E+08
           DelSqV =  2.4911018588E+09
           DelSqVen =  9.5603808666E+11
           DelSqVrep = -9.5354698480E+11
           DelSqG =  1.3380734913E+08
           DelSqK = -2.6249092080E+09
           Stress_EigVals = -3.6193926129E+04 -3.6193885583E+04 -3.6193704893E+04
           Stress_EigVec1 = -5.6140905947E-01  8.0701064750E-01 -1.8317664358E-01
           Stress_EigVec2 =  7.2357420665E-01  5.8611531625E-01  3.6456714545E-01
           Stress_EigVec3 = -4.0157220449E-01 -7.2129403685E-02  9.1298253746E-01
           -DivStress =  1.1182920370E+03 -3.8875821563E+02 -1.8569776579E+03
           ESP =  -1.4738432329E+01     ESP at Nucleus =  -1.4738432359E+01
           ESPe = -3.3762129844E+01     ESPe at Nucleus = -3.3762126715E+01
           ESPn =  1.9023697514E+01     ESPn at Nucleus =  1.9023694356E+01

CP# 11     Coords = -2.99727671251198E+00  3.20768467823557E+00  3.73782466434769E+00
           Type = (3,-3) NACP H11
           Rho =  4.1576413787E-01     Rho at Nucleus =  4.1211221630E-01
           GradRho =  4.5796699766E-16  1.8700319071E-15 -1.4224732503E-15
           HessRho_EigVals = -6.3176447940E+00 -6.3158992358E+00 -5.7332045799E+00
           HessRho_EigVec1 = -2.1133443468E-01  3.0762023161E-01  9.2774325642E-01
           HessRho_EigVec2 =  7.2593891216E-01 -5.8618022206E-01  3.5972968057E-01
           HessRho_EigVec3 =  6.5448487571E-01  7.4950819900E-01 -9.9433430442E-02
           DelSqRho = -1.8366748610E+01
           Bond Ellipticity = NA
           V = -4.6014152292E+00
           G =  4.8640383759E-03
           K =  4.5965511908E+00
           L =  4.5916871524E+00
           Vnuc =  5.0057760208E+01
           Ven = -2.0812221517E+01
           Vrep =  1.6210806288E+01
           DelSqV =  6.9128618891E+02
           DelSqVen =  9.1939829770E+02
           DelSqVrep = -2.2811210879E+02
           DelSqG =  6.7974074751E+01
           DelSqK = -7.5926026366E+02
           Stress_EigVals = -1.5829620435E+00 -1.5829217613E+00 -1.4355314244E+00
           Stress_EigVec1 = -1.0850269180E-01  2.2334945768E-01  9.6868064171E-01
           Stress_EigVec2 =  7.4831120109E-01 -6.2311934075E-01  2.2749205152E-01
           Stress_EigVec3 =  6.5441386920E-01  7.4955807443E-01 -9.9524775151E-02
           -DivStress = -5.0674242412E+00 -5.8224800266E+00  7.4956460667E-01
           ESP =  -1.1218846588E+00     ESP at Nucleus =  -1.1242863384E+00
           ESPe = -2.2785467274E+01     ESPe at Nucleus = -2.2744346407E+01
           ESPn =  2.1663582616E+01     ESPn at Nucleus =  2.1620060068E+01

CP# 12     Coords = -2.65980520638079E+00  6.48445424150775E+00  3.88241915703650E+00
           Type = (3,-3) NACP H12
           Rho =  4.2108659420E-01     Rho at Nucleus =  4.1766832392E-01
           GradRho =  2.2377932840E-15 -4.3055836674E-15 -7.2056076383E-16
           HessRho_EigVals = -6.4131378329E+00 -6.4109282935E+00 -5.8466576847E+00
           HessRho_EigVec1 = -1.9025621788E-01 -2.9582265485E-01  9.3610444312E-01
           HessRho_EigVec2 = -8.5040325487E-01 -4.2677013669E-01 -3.0770367976E-01
           HessRho_EigVec3 = -4.9052714060E-01  8.5460880367E-01  1.7037287644E-01
           DelSqRho = -1.8670723811E+01
           Bond Ellipticity = NA
           V = -4.6773892184E+00
           G =  4.8541328027E-03
           K =  4.6725350856E+00
           L =  4.6676809528E+00
           Vnuc =  4.7930428204E+01
           Ven = -2.0182860771E+01
           Vrep =  1.5505471553E+01
           DelSqV =  7.0405499945E+02
           DelSqVen =  8.9489578713E+02
           DelSqVrep = -1.9084078768E+02
           DelSqG =  6.9338660557E+01
           DelSqK = -7.7339366001E+02
           Stress_EigVals = -1.6068632384E+00 -1.6068172906E+00 -1.4637086893E+00
           Stress_EigVec1 = -4.8992295762E-01 -4.3226242488E-01  7.5704999282E-01
           Stress_EigVec2 =  7.2057476216E-01  2.8797564472E-01  6.3074720783E-01
           Stress_EigVec3 = -4.9066027731E-01  8.5452865609E-01  1.7039151442E-01
           -DivStress = -3.7055366821E+00  6.4653091290E+00  1.2693785314E+00
           ESP =  -1.1183669842E+00     ESP at Nucleus =  -1.1206085517E+00
           ESPe = -1.9443776171E+01     ESPe at Nucleus = -1.9351090500E+01
           ESPn =  1.8325409187E+01     ESPn at Nucleus =  1.8230481948E+01

CP# 13     Coords =  2.99535769098676E+00  3.22112281653964E+00 -3.73262552553998E+00
           Type = (3,-3) NACP H13
           Rho =  4.1575477836E-01     Rho at Nucleus =  4.1210268735E-01
           GradRho = -3.3306690739E-16  2.1614654511E-15  7.9797279895E-16
           HessRho_EigVals = -6.3174957302E+00 -6.3157521804E+00 -5.7330485691E+00
           HessRho_EigVec1 = -2.1223715886E-01 -3.1358721971E-01  9.2553684099E-01
           HessRho_EigVec2 =  7.2926908187E-01  5.7961368500E-01  3.6361323186E-01
           HessRho_EigVec3 = -6.5047828144E-01  7.5213764152E-01  1.0567390206E-01
           DelSqRho = -1.8366296480E+01
           Bond Ellipticity = NA
           V = -4.6012999107E+00
           G =  4.8628953539E-03
           K =  4.5964370153E+00
           L =  4.5915741199E+00
           Vnuc =  5.0051446644E+01
           Ven = -2.0809128106E+01
           Vrep =  1.6207828196E+01
           DelSqV =  6.9126814342E+02
           DelSqVen =  9.1925970831E+02
           DelSqVrep = -2.2799156489E+02
           DelSqG =  6.7972234090E+01
           DelSqK = -7.5924037751E+02
           Stress_EigVals = -1.5829245563E+00 -1.5828848339E+00 -1.4354905205E+00
           Stress_EigVec1 = -1.0684676094E-01 -2.2845832309E-01  9.6767275682E-01
           Stress_EigVec2 =  7.5203329545E-01  6.1808044409E-01  2.2895957540E-01
