AIMSum (Version 19.02.13, Professional)
Copyright (c) 1997-2019 by Todd A. Keith
AIMSum is a component of the AIMAll package ( http://aim.tkgristmill.com )

TP:  64-bit Linux

Much of the Quantum Theory of Atoms in Molecules (QTAIM) is described in the book:
  "Atoms in Molecules - A Quantum Theory"
  R.F.W. Bader, Oxford University Press, Oxford, 1990

For additional references see:  http://aim.tkgristmill.com/references.html

Wfn File:  /home/mhennefarth/Documents/ML_Diels/summary-liu2014/5_11-opt/5_11-opt.wfn
Sum File:  /home/mhennefarth/Documents/ML_Diels/summary-liu2014/5_11-opt/5_11-opt.sum

SumViz File:  /home/mhennefarth/Documents/ML_Diels/summary-liu2014/5_11-opt/5_11-opt.sumviz

Wfn Title:   Title Card Required                                                           
 
Total memory allocated for AIMSum =        3.246 Megabytes

Atomic units (a.u.) used throughout, except where stated otherwise

Model:  Restricted SCF
 
Restricted, closed-shell, single-determinant wavefunction.
  Number of electrons (from MO Occs)                   =         184.0000000000
  Number of Alpha electrons (from MO Occs)             =          92.0000000000
  Number of Beta electrons (from MO Occs)              =          92.0000000000
  Number of electron pairs (N*(N-1)/2)                 =       16836.0000000000
  Number of electron pairs (from Muller 2EDM)          =       16836.0000000000
 
Nuclear Charges and Cartesian Coordinates:
-------------------------------------------------------------------------------
Atom      Charge                X                  Y                  Z
-------------------------------------------------------------------------------
C1         6.0          -2.3891359100E+00  -3.2383839200E+00  -1.5494167000E-01
C2         6.0           2.4496340400E+00  -3.2130039700E+00   1.2869081000E-01
C3         6.0           1.2269490300E+00   2.9584692700E+00  -1.9606253000E-01
H4         1.0           2.5140155500E+00   3.0153453100E+00   1.4164457100E+00
C5         6.0          -1.2660323300E+00   2.9238402400E+00   2.4385043000E-01
H6         1.0          -2.5545541900E+00   2.9326628700E+00  -1.3683513300E+00
N7         7.0           1.3873419300E+00  -3.4289938300E+00  -2.1740044100E+00
N8         7.0          -1.0905940800E+00  -3.4560391100E+00  -2.3362513300E+00
N9         7.0           1.1539364700E+00  -3.4996232900E+00   2.3037089900E+00
N10        7.0          -1.3242848400E+00  -3.4980964300E+00   2.1418310900E+00
C11        6.0          -2.3412820700E+00   3.7933073600E+00   2.7100095300E+00
H12        1.0          -4.1580090300E+00   2.9163594400E+00   3.1912354800E+00
H13        1.0          -1.0209450900E+00   3.3964995200E+00   4.2591905200E+00
C14        6.0           2.2785480000E+00   3.8423003900E+00  -2.6671532000E+00
H15        1.0           4.1185905100E+00   3.0123676400E+00  -3.1431671200E+00
H16        1.0           9.6945865000E-01   3.4010650400E+00  -4.2137717800E+00
C17        6.0          -2.6925166600E+00   6.7089221100E+00   2.4500875400E+00
H18        1.0          -3.2344318000E+00   7.4718350400E+00   4.3041200800E+00
H19        1.0          -4.2986323300E+00   7.0800695600E+00   1.1861877400E+00
C20        6.0           2.5500349200E+00   6.7678128900E+00  -2.4229807200E+00
H21        1.0           3.0708571700E+00   7.5355165700E+00  -4.2810438300E+00
H22        1.0           4.1453960100E+00   7.1891213700E+00  -1.1612065000E+00
C23        6.0           1.7645019000E-01   8.1860624800E+00  -1.4468316600E+00
H24        1.0           3.9514323000E-01   1.0162371300E+01  -2.0394089700E+00
H25        1.0          -1.4956616200E+00   7.4935848700E+00  -2.4625528000E+00
C26        6.0          -3.5802043000E-01   8.1858372600E+00   1.4668838400E+00
H27        1.0          -6.2943965000E-01   1.0158338830E+01   2.0501476400E+00
H28        1.0           1.3318878100E+00   7.5427402900E+00   2.4854807900E+00
C29        6.0           5.2291076800E+00  -2.8483545900E+00   2.4259859000E-01
C30        6.0           6.7070655700E+00  -3.1848895200E+00  -1.9321467300E+00
C31        6.0           9.3071011500E+00  -2.8237210200E+00  -1.7468391600E+00
H32        1.0           5.8122578700E+00  -3.7165764500E+00  -3.6954429800E+00
C33        6.0           8.6934714100E+00  -1.8330718900E+00   2.6278013600E+00
C34        6.0           1.0333751000E+01  -2.1382508500E+00   5.7982733000E-01
H35        1.0           1.0508188150E+01  -3.0778481500E+00  -3.3925338200E+00
H36        1.0           9.4226361100E+00  -1.2815850400E+00   4.4711853800E+00
H37        1.0           1.2350421640E+01  -1.8380109000E+00   8.1202923000E-01
C38        6.0          -5.1726551500E+00  -2.9040779900E+00  -2.6077689000E-01
C39        6.0          -6.6495928900E+00  -3.3338814600E+00   1.8980453400E+00
C40        6.0          -9.2535346600E+00  -2.9978282800E+00   1.7203810400E+00
H41        1.0          -5.7511994900E+00  -3.9157447700E+00   3.6436185200E+00
C42        6.0          -8.6454544800E+00  -1.8472875100E+00  -2.6157660100E+00
C43        6.0          -1.0284916270E+01  -2.2438365600E+00  -5.8290598000E-01
H44        1.0          -1.0453985670E+01  -3.3236956300E+00   3.3538505800E+00
H45        1.0          -9.3783516200E+00  -1.2399961700E+00  -4.4400266200E+00
H46        1.0          -1.2304725200E+01  -1.9599448700E+00  -8.0827117000E-01
N47        7.0          -6.1478236400E+00  -2.1613128900E+00  -2.4828900900E+00
N48        7.0           6.1996027700E+00  -2.1722576300E+00   2.4878425400E+00
 
Some Atomic Properties:
----------------------
  q(A) = Net Charge of Atom A
  L(A) = Lagrangian of Atom A = -(1/4) Times Atomic Integral of the Laplacian of the Electron Density
  K(A) = Electronic Kinetic Energy of Atom A (Hamiltonian Form)
  K_Scaled(A) = K(A) * E(Mol)/K(Mol) = Approximation to Virial-Based Total Energy of Atom A.
  |Mu_Intra(A)| = Magnitude of Intraatomic Dipole Moment of Atom A
--------------------------------------------------------------------------------------------------
Atom A          q(A)              L(A)              K(A)          K_Scaled(A)      |Mu_Intra(A)|
--------------------------------------------------------------------------------------------------
C1        1.0104151196E+00 -1.6641388601E-04  3.7174217023E+01 -3.7531927414E+01  5.7330738226E-01
C2        1.0103683931E+00  9.0962560029E-05  3.7174045817E+01 -3.7531754559E+01  5.7360844276E-01
C3       -6.7224794300E-02  6.9992842231E-05  3.7761992127E+01 -3.8125358407E+01  1.9943667798E-01
H4        2.4193912280E-02  3.6935078156E-05  6.0498571269E-01 -6.1080721191E-01  1.5283327807E-01
C5       -6.7566589000E-02 -3.0685281446E-04  3.7761965129E+01 -3.8125331149E+01  1.9853240903E-01
H6        2.5311796260E-02  2.7447403861E-05  6.0458794679E-01 -6.1040561849E-01  1.5223109819E-01
N7       -5.8869710450E-01  5.9674550120E-05  5.4576402397E+01 -5.5101566012E+01  6.5463447073E-01
N8       -5.3329397100E-01  8.2432009138E-05  5.4549317926E+01 -5.5074220919E+01  6.2822697753E-01
N9       -5.3307032180E-01 -3.3845594504E-05  5.4549208394E+01 -5.5074110334E+01  6.2786350979E-01
N10      -5.8879295300E-01 -1.6798741706E-06  5.4576517325E+01 -5.5101682046E+01  6.5478168022E-01
C11       2.7912128600E-02  2.9058904463E-04  3.7667784987E+01 -3.8030244754E+01  9.8682540226E-02
H12       3.6029407900E-03  2.5327796233E-05  6.1355900622E-01 -6.1946300230E-01  1.5669230833E-01
H13       1.0417453370E-02  3.2240017408E-05  6.1140559034E-01 -6.1728886509E-01  1.5574881926E-01
C14       2.7729036500E-02  9.3796029944E-05  3.7667794278E+01 -3.8030254135E+01  9.8439137705E-02
H15       3.5309325100E-03  4.0419927620E-05  6.1358190081E-01 -6.1948611719E-01  1.5670102612E-01
H16       1.0916475190E-02  2.9689533642E-05  6.1122116190E-01 -6.1710266198E-01  1.5554948514E-01
C17       1.7771237000E-02  3.7469053285E-04  3.7655300463E+01 -3.8017640097E+01  3.8905072196E-02
H18      -3.2400079000E-03  2.7258585097E-05  6.1795956469E-01 -6.2390590532E-01  1.6019876677E-01
H19      -6.9945141000E-03  2.4430942240E-05  6.1904659305E-01 -6.2500339366E-01  1.6159424134E-01
C20       1.7326928700E-02 -1.1171317603E-04  3.7655166653E+01 -3.8017505000E+01  3.9234344885E-02
H21      -3.1920337000E-03  2.6920271768E-05  6.1794072041E-01 -6.2388687970E-01  1.6017616283E-01
H22      -7.0894574000E-03  3.2808530457E-05  6.1910419566E-01 -6.2506155055E-01  1.6161691334E-01
C23       1.3443588200E-02 -2.3934894913E-04  3.7645123400E+01 -3.8007365106E+01  2.9052543797E-02
H24      -6.9952852000E-03  2.3540115012E-05  6.2326283946E-01 -6.2926021106E-01  1.5983118557E-01
H25      -3.1266980000E-03  3.3575923866E-05  6.1823640124E-01 -6.2418540574E-01  1.5979780645E-01
C26       1.3567234900E-02 -1.4766128009E-04  3.7645207942E+01 -3.8007450461E+01  2.9434513115E-02
H27      -6.9831838000E-03  2.7230530495E-05  6.2326493531E-01 -6.2926232708E-01  1.5982531941E-01
H28      -3.2726160000E-03  4.0452433458E-05  6.1834236658E-01 -6.2429239073E-01  1.5982005135E-01
C29       5.6912284900E-01  2.3765336742E-04  3.7401438351E+01 -3.7761335187E+01  5.8000098853E-01
C30      -3.3573410600E-02  1.4599443202E-05  3.7748223801E+01 -3.8111457594E+01  1.7145881919E-01
C31      -2.5113326500E-02  5.1650218201E-05  3.7727799681E+01 -3.8090836943E+01  1.1753537806E-01
H32       9.3848488530E-02  4.4238276790E-05  5.7945276591E-01 -5.8502857332E-01  1.3936671494E-01
C33       5.7274959320E-01 -1.6441312985E-05  3.7364305448E+01 -3.7723844972E+01  6.8362325627E-01
C34      -4.3902269600E-02 -1.1167687175E-05  3.7744802128E+01 -3.8108002996E+01  1.2979480601E-01
H35       5.6291859540E-02  2.3754041291E-05  5.9274718750E-01 -5.9845092102E-01  1.4561473788E-01
H36       5.4727494070E-02  2.3316714952E-05  5.9743079933E-01 -6.0317960109E-01  1.4844860321E-01
H37       5.5266121150E-02  2.8335017974E-05  5.9179492450E-01 -5.9748949483E-01  1.4724178381E-01
C38       5.6894283480E-01  1.1416078789E-04  3.7401630019E+01 -3.7761528700E+01  5.8039786953E-01
C39      -3.3346314700E-02  3.7906656125E-05  3.7748102426E+01 -3.8111335051E+01  1.7100437659E-01
C40      -2.5011610400E-02  1.2985619881E-04  3.7727785001E+01 -3.8090822121E+01  1.1756121764E-01
H41       9.3735379110E-02  4.1259762509E-05  5.7946579308E-01 -5.8504172585E-01  1.3939001085E-01
C42       5.7273564490E-01  1.5738315799E-04  3.7364435957E+01 -3.7723976736E+01  6.8384262627E-01
C43      -4.3895576100E-02 -4.2390663936E-05  3.7744739819E+01 -3.8107940087E+01  1.3003165519E-01
H44       5.6350262360E-02  2.3103297339E-05  5.9272430750E-01 -5.9842782085E-01  1.4560392213E-01
H45       5.4745759150E-02  2.3894916225E-05  5.9742178711E-01 -6.0317050215E-01  1.4843922643E-01
H46       5.5310088770E-02  1.6432327987E-05  5.9176790670E-01 -5.9746221705E-01  1.4725728808E-01
N47      -1.1975298687E+00  9.9368702442E-05  5.4935689632E+01 -5.5464310503E+01  8.7576643100E-02
N48      -1.1970716541E+00  6.8585599075E-05  5.4935934661E+01 -5.5464557889E+01  8.8038937294E-02
--------------------------------------------------------------------------------------------------
Total     1.3499911800E-03  1.5483979060E-03  1.0932442352E+03 -1.1037640216E+03
 
1st Largest |L(A)| = 3.7469053285E-04, atom C17     
2nd Largest |L(A)| = 3.0685281446E-04, atom C5      
 
Molecular charge q(Mol) from the wfn file:   0.0000000000E+00
Molecular energy E(Mol) from the wfn file:  -1.1037637521E+03
Molecular virial ratio (-V(Mol)/T(Mol)) from the wfn file:   2.0096225400E+00
Note.  K_Scaled(A) = (1+V(Mol)/T(Mol))*K(A) = (E(Mol)/T(Mol))*K(A)
       Only use K_Scaled(A) data with caution.
 
N_AIMInt(SumA)     =        183.998650
N_Analytic(Mol)    =        183.999976
 
G_AIMInt(SumA)     =       1093.242687
G_Analytic(Mol)    =       1093.243912
 
K_AIMInt(SumA)     =       1093.244235
K_Analytic(Mol)    =       1093.243912
 
L_AIMInt(SumA)     =          0.001548
L_Analytic(Mol)    =          0.000000
 
VenT_AIMInt(SumA)  =      -7019.119707
VenT_Analytic(Mol) =      -7019.151288
 
Some Information About the Atomic Calculations:
----------------------------------------------
  Time(sec) = "Elapsed User Time", in Seconds, for Atom A by AIMInt and, if used, by TWOe
  NProc = Number of Processors Used for AIMInt Job
  BIM = Basin Integration Method
  OAQ = Angular Quadrature Outside of Beta Sphere
  ORQ = Multiple of Default for Radial Quadrature Outside of Beta Sphere
  IAQ = Multiple of Default for Angular Quadrature Inside of Beta Sphere
  IRQ = Multiple of Default for Radial Quadrature Inside of Beta Sphere
  MIR = Maximum Integration Radius
------------------------------------------------------------------------------------------------------
Atom A     Time(sec)   NProc      BIM          OAQ                     ORQ      IAQ      IRQ      MIR
------------------------------------------------------------------------------------------------------
C1            179        8     Proaim(5)    4500(GS4)                  1.00     1.00     1.00    13.00
C2            198        8     Proaim(5)    4500(GS4)                  1.00     1.00     1.00    13.00
C3            181        8     Proaim(5)    4500(GS4)                  1.00     1.00     1.00    13.00
H4             23        8     Proaim(5)    1800(GS4)                  1.00     1.00     1.00    13.00
C5            165        8     Proaim(5)    4500(GS4)                  1.00     1.00     1.00    13.00
H6             23        8     Proaim(5)    1800(GS4)                  1.00     1.00     1.00    13.00
N7             57        8     Proaim(5)    4500(GS4)                  1.00     1.00     1.00    13.00
N8             38        8     Proaim(5)    4500(GS4)                  1.00     1.00     1.00    13.00
N9             38        8     Proaim(5)    4500(GS4)                  1.00     1.00     1.00    13.00
N10            54        8     Proaim(5)    4500(GS4)                  1.00     1.00     1.00    13.00
C11           127        8     Proaim(5)    4500(GS4)                  1.00     1.00     1.00    13.00
H12            39        8     Proaim(5)    1800(GS4)                  1.00     1.00     1.00    13.00
H13            14        8     Proaim(5)    1800(GS4)                  1.00     1.00     1.00    13.00
C14           150        8     Proaim(5)    4500(GS4)                  1.00     1.00     1.00    13.00
H15            50        8     Proaim(5)    1800(GS4)                  1.00     1.00     1.00    13.00
H16            14        8     Proaim(5)    1800(GS4)                  1.00     1.00     1.00    13.00
C17            55        8     Proaim(5)    4500(GS4)                  1.00     1.00     1.00    13.00
H18            11        8     Proaim(5)    1800(GS4)                  1.00     1.00     1.00    13.00
H19            13        8     Proaim(5)    1800(GS4)                  1.00     1.00     1.00    13.00
C20            56        8     Proaim(5)    4500(GS4)                  1.00     1.00     1.00    13.00
H21            12        8     Proaim(5)    1800(GS4)                  1.00     1.00     1.00    13.00
H22            13        8     Proaim(5)    1800(GS4)                  1.00     1.00     1.00    13.00
C23            55        8     Proaim(5)    4500(GS4)                  1.00     1.00     1.00    13.00
H24            11        8     Proaim(5)    1800(GS4)                  1.00     1.00     1.00    13.00
H25            14        8     Proaim(5)    1800(GS4)                  1.00     1.00     1.00    13.00
C26            54        8     Proaim(5)    4500(GS4)                  1.00     1.00     1.00    13.00
H27            10        8     Proaim(5)    1800(GS4)                  1.00     1.00     1.00    13.00
H28            14        8     Proaim(5)    1800(GS4)                  1.00     1.00     1.00    13.00
C29           147        8     Proaim(5)    4500(GS4)                  1.00     1.00     1.00    13.00
C30            69        8     Proaim(5)    4500(GS4)                  1.00     1.00     1.00    13.00
C31            29        8     Proaim(5)    4500(GS4)                  1.00     1.00     1.00    13.00
H32            19        8     Proaim(5)    1800(GS4)                  1.00     1.00     1.00    13.00
C33            29        8     Proaim(5)    4500(GS4)                  1.00     1.00     1.00    13.00
C34            29        8     Proaim(5)    4500(GS4)                  1.00     1.00     1.00    13.00
H35            10        8     Proaim(5)    1800(GS4)                  1.00     1.00     1.00    13.00
H36            11        8     Proaim(5)    1800(GS4)                  1.00     1.00     1.00    13.00
H37             9        8     Proaim(5)    1800(GS4)                  1.00     1.00     1.00    13.00
C38           135        8     Proaim(5)    4500(GS4)                  1.00     1.00     1.00    13.00
C39            64        8     Proaim(5)    4500(GS4)                  1.00     1.00     1.00    13.00
C40            29        8     Proaim(5)    4500(GS4)                  1.00     1.00     1.00    13.00
H41            18        8     Proaim(5)    1800(GS4)                  1.00     1.00     1.00    13.00
C42            29        8     Proaim(5)    4500(GS4)                  1.00     1.00     1.00    13.00
C43            29        8     Proaim(5)    4500(GS4)                  1.00     1.00     1.00    13.00
H44            10        8     Proaim(5)    1800(GS4)                  1.00     1.00     1.00    13.00
H45            10        8     Proaim(5)    1800(GS4)                  1.00     1.00     1.00    13.00
H46            10        8     Proaim(5)    1800(GS4)                  1.00     1.00     1.00    13.00
N47            39        8     Proaim(5)    4500(GS4)                  1.00     1.00     1.00    13.00
N48            38        8     Proaim(5)    4500(GS4)                  1.00     1.00     1.00    13.00
------------------------------------------------------------------------------------------------------
Total        2431
Note:  Total wall clock time is less than total of atomic times if more than one atom
       was calculated at a time
 
Electron Density Critical Point Analysis of Molecular Structure:               
---------------------------------------------------------------                
  NACP = Nuclear Attractor Critical Point                                      
  NNACP = Non-Nuclear Attractor Critical Point                                 
  BCP = Bond Critical Point                                                    
  RCP = Ring Critical Point                                                    
  CCP = Cage Critical Point                                                    
  Rho = Electron Density                                                       
  GradRho = Gradient of Electron Density                                       
  HessRho_EigVals = Eigenvalues of the Hessian of Rho, Ascending Order         
  HessRho_EigVecs = Eigenvectors of the Hessian of Rho                         
  DelSqRho = Laplacian of Rho = Trace of Hessian of Rho                        
  Bond Ellipticity = (HessRho_EigVal(1) / HessRho_EigVal(2)) - 1               
  V = Virial Field = Potential Energy Density = Trace of Stress Tensor         
  G = Lagrangian Form of Kinetic Energy Density                                
  K = Hamiltonian Form of Kinetic Energy Density                               
  L = K - G = Lagrangian Density = (-1/4)DelSqRho                              
  Vnuc = Electrostatic Potential from Nuclei                                   
  Ven = Electron-nuclear attractive contribution to Virial Field V             
  Vrep = V - Ven = Repulsive contribution to Virial Field V                    
  DelSqV = Laplacian of V                                                      
  DelSqVen = Laplacian of Ven                                                  
  DelSqVrep = Laplacian of Vrep                                                
  DelSqG = Laplacian of G                                                      
  DelSqK = Laplacian of K                                                      
  Stress_EigVals = Eigenvalues of Stress Tensor, Ascending Order               
  Stress_EigVecs = Eigenvectors of Stress Tensor                               
  -DivStress = Ehrenfest Force Density = Minus Divergence of Stress Tensor     
  ESP = Total Electrostatic Potential                                          
  ESPe = Electrostatic Potential from Electrons                                
  ESPn = Electrostatic Potential from Nuclei                                   
  BP = Bond Path                                                               
  BPL = Bond Path Length                                                       
  GBL = Geometric Bond Length                                                  
  GBL_I = Distance Between Nuclear Attractors                                  
  GBL_II = Distance Between Nuclei                                             
  GBL_III = Sum of Distances Between BCP and Nuclear Attractors                
  GBL_IV = Sum of Distances Between BCP and Nuclei                             

CP# 1      Coords = -2.38913477748404E+00 -3.23838422864819E+00 -1.54941445673338E-01
           Type = (3,-3) NACP C1
           Rho =  1.1763103929E+02     Rho at Nucleus =  1.1763103919E+02
           GradRho =  3.6213676502E-10 -9.7902699836E-11  7.1280030489E-11
           HessRho_EigVals = -1.4491128029E+05 -1.4491025763E+05 -1.4490984332E+05
           HessRho_EigVec1 =  1.1034691130E-01  9.9385442085E-01  8.7720762857E-03
           HessRho_EigVec2 = -6.3810126457E-02 -1.7235279546E-03  9.9796056897E-01
           HessRho_EigVec3 =  9.9184264222E-01 -1.1068161368E-01  6.3227790288E-02
           DelSqRho = -4.3473138124E+05
           Bond Ellipticity = NA
           V = -1.0869318422E+05
           G =  5.1694545234E+00
           K =  1.0868801476E+05
           L =  1.0868284531E+05
           Vnuc =  5.0206793461E+06
           Ven = -5.9058772943E+08
           Vrep =  5.9047903625E+08
           DelSqV =  2.4936129485E+09
           DelSqVen =  2.1826465956E+12
           DelSqVrep = -2.1801529171E+12
           DelSqG =  1.3390857016E+08
           DelSqK = -2.6275215186E+09
           Stress_EigVals = -3.6231319896E+04 -3.6231198487E+04 -3.6230665836E+04
           Stress_EigVec1 =  9.9125758314E-01 -1.2466577575E-01  4.3207039020E-02
           Stress_EigVec2 = -4.3923588393E-02 -3.0035952779E-03  9.9903037832E-01
           Stress_EigVec3 =  1.2441512065E-01  9.9219424649E-01  8.4531048166E-03
           -DivStress = -9.2362239503E+02  2.4682778338E+02 -1.8122584313E+02
           ESP =  -1.4654606022E+01     ESP at Nucleus =  -1.4654606030E+01
           ESPe = -4.3444304292E+01     ESPe at Nucleus = -4.3444303559E+01
           ESPn =  2.8789698270E+01     ESPn at Nucleus =  2.8789697529E+01

CP# 2      Coords =  2.44963290631986E+00 -3.21300429036127E+00  1.28690574597168E-01
           Type = (3,-3) NACP C2
           Rho =  1.1763045023E+02     Rho at Nucleus =  1.1763045012E+02
           GradRho = -3.8157777415E-10 -9.7228463778E-11 -7.6365545831E-11
           HessRho_EigVals = -1.4491036305E+05 -1.4490933867E+05 -1.4490892374E+05
           HessRho_EigVec1 = -1.2198590481E-01  9.9239455609E-01  1.6507091676E-02
           HessRho_EigVec2 = -6.2300369888E-02 -2.4254392631E-02  9.9776269140E-01
           HessRho_EigVec3 =  9.9057463270E-01  1.2068458678E-01  6.4785241949E-02
           DelSqRho = -4.3472862547E+05
           Bond Ellipticity = NA
           V = -1.0869249459E+05
           G =  5.1691127790E+00
           K =  1.0868732548E+05
           L =  1.0868215637E+05
           Vnuc =  4.9943501127E+06
           Ven = -5.8748765234E+08
           Vrep =  5.8737895985E+08
           DelSqV =  2.4935969943E+09
           DelSqVen =  2.1711866429E+12
           DelSqVrep = -2.1686930459E+12
           DelSqG =  1.3390753680E+08
           DelSqK = -2.6275045311E+09
           Stress_EigVals = -3.6231090238E+04 -3.6230968566E+04 -3.6230435789E+04
           Stress_EigVec1 =  9.8978090382E-01  1.3524870213E-01  4.5183525807E-02
           Stress_EigVec2 = -4.2571413884E-02 -2.2145133269E-02  9.9884797031E-01
           Stress_EigVec3 = -1.3609348681E-01  9.9056417341E-01  1.6161101547E-02
           -DivStress =  9.2462228836E+02  2.5644464450E+02  1.9011875845E+02
           ESP =  -1.4654576285E+01     ESP at Nucleus =  -1.4654576293E+01
           ESPe = -4.3431276957E+01     ESPe at Nucleus = -4.3431276214E+01
           ESPn =  2.8776700672E+01     ESPn at Nucleus =  2.8776699921E+01

CP# 3      Coords =  1.22695021721874E+00  2.95846903194784E+00 -1.96063340626155E-01
           Type = (3,-3) NACP C3
           Rho =  1.1773269214E+02     Rho at Nucleus =  1.1773269198E+02
           GradRho =  5.6004711979E-10 -9.7896690754E-11 -3.7800867991E-10
           HessRho_EigVals = -1.4508743610E+05 -1.4508661003E+05 -1.4508621697E+05
           HessRho_EigVec1 =  1.5641077469E-01  9.8758542967E-01 -1.4515118783E-02
           HessRho_EigVec2 =  2.4525863173E-01 -2.4599218654E-02  9.6914554222E-01
           HessRho_EigVec3 =  9.5675695614E-01 -1.5514476321E-01 -2.4606143405E-01
           DelSqRho = -4.3526026310E+05
           Bond Ellipticity = NA
           V = -1.0882530985E+05
           G =  5.1220380720E+00
           K =  1.0882018781E+05
           L =  1.0881506578E+05
           Vnuc =  4.1176679862E+06
           Ven = -4.8478413734E+08
           Vrep =  4.8467531203E+08
           DelSqV =  2.4966886670E+09
           DelSqVen =  1.7922571837E+12
           DelSqVrep = -1.7897604930E+12
           DelSqG =  1.3412171465E+08
           DelSqK = -2.6308103816E+09
           Stress_EigVals = -3.6275360806E+04 -3.6275192360E+04 -3.6274756686E+04
           Stress_EigVec1 =  9.9444308400E-01 -2.0772956815E-02 -1.0320579905E-01
           Stress_EigVec2 =  1.0138778897E-01 -7.4980219697E-02  9.9201738034E-01
           Stress_EigVec3 =  2.8345527688E-02  9.9696863086E-01  7.2457436752E-02
           -DivStress = -9.6329370734E+02  1.9105408102E+02  6.6404716370E+02
           ESP =  -1.4760445029E+01     ESP at Nucleus =  -1.4760445046E+01
           ESPe = -4.2106579240E+01     ESPe at Nucleus = -4.2106580145E+01
           ESPn =  2.7346134212E+01     ESPn at Nucleus =  2.7346135098E+01

CP# 4      Coords =  2.49284973125542E+00  3.01470337304748E+00  1.38977014734238E+00
           Type = (3,-3) NACP H4
           Rho =  4.2796720587E-01     Rho at Nucleus =  4.2443035270E-01
           GradRho =  3.4564365259E-16 -5.7766291750E-16 -1.9446250166E-15
           HessRho_EigVals = -6.5358629721E+00 -6.5279097777E+00 -5.9476953780E+00
           HessRho_EigVec1 =  7.6216747490E-01  2.1623871216E-01 -6.1019796752E-01
           HessRho_EigVec2 =  1.8312518073E-01 -9.7608256405E-01 -1.1716653254E-01
           HessRho_EigVec3 =  6.2093953682E-01  2.2442092836E-02  7.8353713638E-01
           DelSqRho = -1.9011468128E+01
           Bond Ellipticity = NA
           V = -4.7625283340E+00
           G =  4.8306510084E-03
           K =  4.7576976829E+00
           L =  4.7528670319E+00
           Vnuc =  5.6626781677E+01
           Ven = -2.4234405531E+01
           Vrep =  1.9471877197E+01
           DelSqV =  7.1682690665E+02
           DelSqVen =  1.0765582550E+03
           DelSqVrep = -3.5973134837E+02
           DelSqG =  7.0732977957E+01
           DelSqK = -7.8755988461E+02
           Stress_EigVals = -1.6371963092E+00 -1.6362462575E+00 -1.4890857673E+00
           Stress_EigVec1 =  7.6618894168E-01  1.8775191595E-01 -6.1457605201E-01
           Stress_EigVec2 = -1.5934221289E-01  9.8200721329E-01  1.0135034405E-01
           Stress_EigVec3 =  6.2254683747E-01  2.0274395271E-02  7.8231987323E-01
           -DivStress =  4.8249605500E+00  1.4414009968E-01  6.0793052118E+00
           ESP =  -1.1259067870E+00     ESP at Nucleus =  -1.1282556516E+00
           ESPe = -2.8391545986E+01     ESPe at Nucleus = -2.8299317166E+01
           ESPn =  2.7265639199E+01     ESPn at Nucleus =  2.7171061514E+01

CP# 5      Coords = -1.26603349822275E+00  2.92383997577881E+00  2.43851254364766E-01
           Type = (3,-3) NACP C5
           Rho =  1.1773270374E+02     Rho at Nucleus =  1.1773270359E+02
           GradRho = -5.7003390896E-10 -1.5486978366E-10  3.8212000231E-10
           HessRho_EigVals = -1.4508749366E+05 -1.4508666480E+05 -1.4508627435E+05
           HessRho_EigVec1 = -1.8472601765E-01  9.8275625709E-01  8.1509238069E-03
           HessRho_EigVec2 =  2.3982586466E-01  3.7033383950E-02  9.7010931503E-01
           HessRho_EigVec3 =  9.5307914312E-01  1.8115923280E-01 -2.4253139865E-01
           DelSqRho = -4.3526043281E+05
           Bond Ellipticity = NA
           V = -1.0882535282E+05
           G =  5.1223081595E+00
           K =  1.0882023051E+05
           L =  1.0881510820E+05
           Vnuc =  4.1265567640E+06
           Ven = -4.8583068497E+08
           Vrep =  4.8572185962E+08
           DelSqV =  2.4966896875E+09
           DelSqVen =  1.7961267579E+12
           DelSqVrep = -1.7936300416E+12
           DelSqG =  1.3412181186E+08
           DelSqK = -2.6308114994E+09
           Stress_EigVals = -3.6275375005E+04 -3.6275207054E+04 -3.6274770759E+04
           Stress_EigVec1 =  9.9386724114E-01  4.9148116330E-02 -9.9057405865E-02
           Stress_EigVec2 =  9.4699049256E-02  8.4240366755E-02  9.9193530569E-01
           Stress_EigVec3 = -5.7096383996E-02  9.9523264781E-01 -7.9069461010E-02
           -DivStress =  9.4786904175E+02  2.1217901825E+02 -6.7523810280E+02
           ESP =  -1.4760532179E+01     ESP at Nucleus =  -1.4760532196E+01
           ESPe = -4.2127972511E+01     ESPe at Nucleus = -4.2127973398E+01
           ESPn =  2.7367440332E+01     ESPn at Nucleus =  2.7367441202E+01

CP# 6      Coords = -2.53334662585105E+00  2.93281387231450E+00 -1.34165112128367E+00
           Type = (3,-3) NACP H6
           Rho =  4.2784536648E-01     Rho at Nucleus =  4.2430177905E-01
           GradRho =  7.4376269033E-16  1.6046192153E-16  6.2796989830E-16
           HessRho_EigVals = -6.5335189763E+00 -6.5255739418E+00 -5.9448549908E+00
           HessRho_EigVec1 = -7.6797952002E-01  1.9795436633E-01  6.0911536320E-01
           HessRho_EigVec2 =  1.5458450220E-01  9.8021090743E-01 -1.2365358322E-01
           HessRho_EigVec3 =  6.2153928960E-01  8.0362429151E-04  7.8338257938E-01
           DelSqRho = -1.9003947909E+01
           Bond Ellipticity = NA
           V = -4.7606466959E+00
           G =  4.8298593182E-03
           K =  4.7558168365E+00
           L =  4.7509869772E+00
           Vnuc =  5.6684515667E+01
           Ven = -2.4252207379E+01
           Vrep =  1.9491560683E+01
           DelSqV =  7.1650473567E+02
           DelSqVen =  1.0772295830E+03
           DelSqVrep = -3.6072484730E+02
           DelSqG =  7.0697697830E+01
           DelSqK = -7.8720243350E+02
           Stress_EigVals = -1.6366099084E+00 -1.6356622619E+00 -1.4883745255E+00
           Stress_EigVec1 =  7.7116800960E-01 -1.6942149484E-01 -6.1367439091E-01
           Stress_EigVec2 =  1.3066485319E-01  9.8553908143E-01 -1.0788612108E-01
           Stress_EigVec3 =  6.2307832341E-01  3.0126510654E-03  7.8215364656E-01
           -DivStress = -4.8325093783E+00 -3.6583142109E-02 -6.0825172840E+00
           ESP =  -1.1260017375E+00     ESP at Nucleus =  -1.1283549717E+00
           ESPe = -2.8483424384E+01     ESPe at Nucleus = -2.8392202603E+01
           ESPn =  2.7357422647E+01     ESPn at Nucleus =  2.7263847632E+01

CP# 7      Coords =  1.38733337566252E+00 -3.42899295433108E+00 -2.17399367157060E+00
           Type = (3,-3) NACP N7
           Rho =  1.9138554228E+02     Rho at Nucleus =  1.9138551180E+02
           GradRho = -3.2167601915E-11  4.5285442063E-11 -3.6407321602E-11
           HessRho_EigVals = -3.2206493754E+05 -3.2206357113E+05 -3.2205404726E+05
           HessRho_EigVec1 = -2.1172288583E-01  9.5252041776E-01 -2.1881104490E-01
           HessRho_EigVec2 =  8.6554290637E-01  2.8672150540E-01  4.1064127359E-01
           HessRho_EigVec3 = -4.5388202966E-01  1.0244819226E-01  8.8515279531E-01
           DelSqRho = -9.6618255593E+05
           Bond Ellipticity = NA
           V = -2.4157836363E+05
           G =  1.6362326215E+01
           K =  2.4156200131E+05
           L =  2.4154563898E+05
           Vnuc =  5.0885540364E+05
           Ven = -9.7387567367E+07
           Vrep =  9.7145989004E+07
           DelSqV =  7.5851242518E+09
           DelSqVen =  4.9164721485E+11
           DelSqVrep = -4.8406209060E+11
           DelSqG =  4.0655843396E+08
           DelSqK = -7.9916826858E+09
           Stress_EigVals = -8.0527625465E+04 -8.0525662792E+04 -8.0525075377E+04
           Stress_EigVec1 = -4.3111991284E-01  1.0556508125E-01  8.9609800489E-01
           Stress_EigVec2 =  8.9600534961E-01  1.6714303026E-01  4.1138500325E-01
           Stress_EigVec3 = -1.0634864465E-01  9.8026487291E-01 -1.6664556616E-01
           -DivStress =  2.1112790375E+04 -2.1605761973E+03 -2.6485969135E+04
           ESP =  -1.8305739445E+01     ESP at Nucleus =  -1.8305740844E+01
           ESPe = -4.4937454392E+01     ESPe at Nucleus = -4.4937425031E+01
           ESPn =  2.6631714946E+01     ESPn at Nucleus =  2.6631684187E+01

CP# 8      Coords = -1.09058641531849E+00 -3.45603774846304E+00 -2.33623893812656E+00
           Type = (3,-3) NACP N8
           Rho =  1.9145770658E+02     Rho at Nucleus =  1.9145767209E+02
           GradRho = -3.5261238374E-11 -1.4302448115E-11 -4.8268056219E-11
           HessRho_EigVals = -3.2219427920E+05 -3.2219284696E+05 -3.2218302502E+05
           HessRho_EigVec1 =  2.4008373072E-01  9.4832363904E-01 -2.0746584751E-01
           HessRho_EigVec2 =  9.0866126685E-01 -2.9474185127E-01 -2.9573965450E-01
           HessRho_EigVec3 =  3.4160577333E-01  1.1751390025E-01  9.3246768248E-01
           DelSqRho = -9.6657015118E+05
           Bond Ellipticity = NA
           V = -2.4167507467E+05
           G =  1.6268438056E+01
           K =  2.4165880623E+05
           L =  2.4164253780E+05
           Vnuc =  4.7835826534E+05
           Ven = -9.1585376407E+07
           Vrep =  9.1343701332E+07
           DelSqV =  7.5881601416E+09
           DelSqVen =  4.6236682080E+11
           DelSqVrep = -4.5477866072E+11
           DelSqG =  4.0673158447E+08
           DelSqK = -7.9948917261E+09
           Stress_EigVals = -8.0559897058E+04 -8.0557880181E+04 -8.0557297433E+04
           Stress_EigVec1 =  3.1041673603E-01  1.2112210936E-01  9.4285252538E-01
           Stress_EigVec2 =  9.4133530924E-01 -1.7730995025E-01 -2.8713936881E-01
           Stress_EigVec3 =  1.3239820834E-01  9.7667323920E-01 -1.6905649429E-01
           -DivStress = -1.8925843341E+04 -3.3635696244E+03 -3.0578925762E+04
           ESP =  -1.8309723428E+01     ESP at Nucleus =  -1.8309725007E+01
           ESPe = -4.4820647062E+01     ESPe at Nucleus = -4.4820614469E+01
           ESPn =  2.6510923633E+01     ESPn at Nucleus =  2.6510889462E+01

CP# 9      Coords =  1.15392878702002E+00 -3.49962171622076E+00  2.30369663150920E+00
           Type = (3,-3) NACP N9
           Rho =  1.9145796970E+02     Rho at Nucleus =  1.9145793519E+02
           GradRho =  1.2099210522E-11 -3.7847669443E-11 -7.1432193494E-11
           HessRho_EigVals = -3.2219479210E+05 -3.2219335774E+05 -3.2218353105E+05
           HessRho_EigVec1 = -2.5184119200E-01  9.3991024803E-01  2.3053142879E-01
           HessRho_EigVec2 =  9.0491392290E-01  3.1315362566E-01 -2.8821103186E-01
           HessRho_EigVec3 =  3.4308425519E-01 -1.3602768977E-01  9.2940285208E-01
           DelSqRho = -9.6657168089E+05
           Bond Ellipticity = NA
           V = -2.4167545686E+05
           G =  1.6268319387E+01
           K =  2.4165918854E+05
           L =  2.4164292022E+05
           Vnuc =  4.7827159332E+05
           Ven = -9.1568908223E+07
           Vrep =  9.1327232766E+07
           DelSqV =  7.5881721553E+09
           DelSqVen =  4.6228377747E+11
           DelSqVrep = -4.5469560532E+11
           DelSqG =  4.0673231573E+08
           DelSqK = -7.9949044711E+09
           Stress_EigVals = -8.0560025270E+04 -8.0558007408E+04 -8.0557424185E+04
           Stress_EigVec1 =  3.1193186683E-01 -1.4024437937E-01  9.3969677264E-01
           Stress_EigVec2 =  9.3905734796E-01  1.9589361834E-01 -2.8248360579E-01
           Stress_EigVec3 = -1.4446386296E-01  9.7054479770E-01  1.9280297702E-01
           -DivStress =  1.8971014381E+04 -3.8871652078E+03  3.0496264834E+04
           ESP =  -1.8309765052E+01     ESP at Nucleus =  -1.8309766632E+01
           ESPe = -4.4790946649E+01     ESPe at Nucleus = -4.4790913947E+01
           ESPn =  2.6481181597E+01     ESPn at Nucleus =  2.6481147315E+01

CP# 10     Coords = -1.32427629813142E+00 -3.49809519160135E+00  2.14182037305161E+00
           Type = (3,-3) NACP N10
           Rho =  1.9138588708E+02     Rho at Nucleus =  1.9138585659E+02
           GradRho =  3.9869219037E-12  6.2804095258E-11  4.2524206378E-11
           HessRho_EigVals = -3.2206552392E+05 -3.2206415496E+05 -3.2205463083E+05
           HessRho_EigVec1 =  2.0043236356E-01  9.4937332536E-01  2.4190319703E-01
           HessRho_EigVec2 =  8.6897782200E-01 -2.8630257723E-01  4.0361910156E-01
           HessRho_EigVec3 = -4.5244271737E-01 -1.2931018279E-01  8.8236866678E-01
           DelSqRho = -9.6618430971E+05
           Bond Ellipticity = NA
           V = -2.4157880060E+05
           G =  1.6361584036E+01
           K =  2.4156243901E+05
           L =  2.4154607743E+05
           Vnuc =  5.0873070637E+05
           Ven = -9.7363877525E+07
           Vrep =  9.7122298725E+07
           DelSqV =  7.5851379170E+09
           DelSqVen =  4.9152762662E+11
           DelSqVrep = -4.8394248871E+11
           DelSqG =  4.0655917368E+08
           DelSqK = -7.9916970907E+09
           Stress_EigVals = -8.0527771308E+04 -8.0525808585E+04 -8.0525220703E+04
           Stress_EigVec1 = -4.2962619355E-01 -1.3245943830E-01  8.9323895516E-01
           Stress_EigVec2 =  8.9802167885E-01 -1.6646975209E-01  4.0724057504E-01
           Stress_EigVec3 =  9.4754409595E-02  9.7710916424E-01  1.9047121309E-01
           -DivStress = -2.1082051314E+04 -3.0554373505E+03  2.6433154247E+04
           ESP =  -1.8305734587E+01     ESP at Nucleus =  -1.8305735986E+01
           ESPe = -4.4917972457E+01     ESPe at Nucleus = -4.4917943020E+01
           ESPn =  2.6612237870E+01     ESPn at Nucleus =  2.6612207034E+01

CP# 11     Coords = -2.34128200559361E+00  3.79330780581126E+00  2.71000860186598E+00
           Type = (3,-3) NACP C11
           Rho =  1.1754643403E+02     Rho at Nucleus =  1.1754643395E+02
           GradRho =  1.9400051010E-11  7.2374661819E-11 -2.2644882497E-10
           HessRho_EigVals = -1.4484705614E+05 -1.4484683787E+05 -1.4484657514E+05
           HessRho_EigVec1 = -1.6266289868E-01  9.5331079501E-01  2.5443920594E-01
           HessRho_EigVec2 = -1.8111846686E-01 -2.8234088676E-01  9.4206142296E-01
           HessRho_EigVec3 =  9.6991591510E-01  1.0715480291E-01  2.1858857669E-01
           DelSqRho = -4.3454046915E+05
           Bond Ellipticity = NA
           V = -1.0864546242E+05
           G =  5.1725664516E+00
           K =  1.0864028985E+05
           L =  1.0863511729E+05
           Vnuc =  5.8158772040E+06
           Ven = -6.8363562609E+08
           Vrep =  6.8352698062E+08
           DelSqV =  2.4925687804E+09
           DelSqVen =  2.5272330486E+12
           DelSqVrep = -2.5247406109E+12
           DelSqG =  1.3388967872E+08
           DelSqK = -2.6264584591E+09
           Stress_EigVals = -3.6215244491E+04 -3.6215166023E+04 -3.6215051907E+04
           Stress_EigVec1 =  9.7178722129E-01  1.3204250802E-01  1.9543380620E-01
           Stress_EigVec2 = -1.4684400455E-01 -3.0970543085E-01  9.3942502864E-01
           Stress_EigVec3 = -1.8457094803E-01  9.4161952092E-01  2.8157812942E-01
