AIMSum (Version 19.02.13, Professional)
Copyright (c) 1997-2019 by Todd A. Keith
AIMSum is a component of the AIMAll package ( http://aim.tkgristmill.com )

TP:  64-bit Linux

Much of the Quantum Theory of Atoms in Molecules (QTAIM) is described in the book:
  "Atoms in Molecules - A Quantum Theory"
  R.F.W. Bader, Oxford University Press, Oxford, 1990

For additional references see:  http://aim.tkgristmill.com/references.html

Wfn File:  /home/mhennefarth/Documents/ML_Diels/summary-liu2014/5_10-opt/5_10-opt.wfn
Sum File:  /home/mhennefarth/Documents/ML_Diels/summary-liu2014/5_10-opt/5_10-opt.sum

SumViz File:  /home/mhennefarth/Documents/ML_Diels/summary-liu2014/5_10-opt/5_10-opt.sumviz

Wfn Title:   Title Card Required                                                           
 
Total memory allocated for AIMSum =        3.306 Megabytes

Atomic units (a.u.) used throughout, except where stated otherwise

Model:  Restricted SCF
 
Restricted, closed-shell, single-determinant wavefunction.
  Number of electrons (from MO Occs)                   =         182.0000000000
  Number of Alpha electrons (from MO Occs)             =          91.0000000000
  Number of Beta electrons (from MO Occs)              =          91.0000000000
  Number of electron pairs (N*(N-1)/2)                 =       16471.0000000000
  Number of electron pairs (from Muller 2EDM)          =       16471.0000000000
 
Nuclear Charges and Cartesian Coordinates:
-------------------------------------------------------------------------------
Atom      Charge                X                  Y                  Z
-------------------------------------------------------------------------------
C1         6.0           1.5520962100E+00  -2.9834577700E+00   4.1092252000E-01
C2         6.0          -3.2516860000E+00  -2.3145538600E+00   2.9665928000E-01
N3         7.0          -2.0728854900E+00  -1.9611462600E+00   2.5260306200E+00
N4         7.0           3.9095620000E-01  -2.2952223500E+00   2.5648889200E+00
N5         7.0          -2.1441844000E+00  -3.3913639800E+00  -1.7262283700E+00
N6         7.0           3.1299763000E-01  -3.7460065100E+00  -1.6809895200E+00
C7         6.0           4.5755915800E+00   5.1479315500E+00  -1.3552689000E-01
C8         6.0           2.6662472300E+00   6.7198958100E+00   1.4861160800E+00
C9         6.0           1.5605656000E-01   3.1628875200E+00  -2.6168899800E+00
C10        6.0           6.3044865000E-01   5.2894353200E+00   3.0397572800E+00
C11        6.0          -1.1861611900E+00   3.6588990000E+00  -8.2887550000E-01
C12        6.0          -1.8802479200E+00   4.7158775200E+00   1.6290118100E+00
C13        6.0           4.2664985000E+00   5.1309631000E+00  -3.0522673200E+00
C14        6.0           2.4599298900E+00   3.0833575000E+00  -4.1392437700E+00
H15        1.0           1.7427239800E+00   8.1410065800E+00   2.8710620000E-01
H16        1.0           1.4224927600E+00   3.4955185700E+00   3.7145790100E+00
H17        1.0           3.7895804000E+00   7.7998583200E+00   2.8553192000E+00
H18        1.0           1.6843464000E-01   6.3991683100E+00   4.7324551000E+00
H19        1.0          -3.0640128700E+00   3.4334402500E+00   2.7466715900E+00
H20        1.0          -2.9678858400E+00   6.4672706300E+00   1.3713104200E+00
H21        1.0           6.1303064300E+00   4.8586214900E+00  -3.9255357500E+00
H22        1.0           3.5977371800E+00   6.9957288200E+00  -3.6686235200E+00
H23        1.0           2.1111295400E+00   3.4424911300E+00  -6.1523218500E+00
H24        1.0           3.3396065500E+00   1.2067653600E+00  -4.0165911300E+00
H25        1.0           6.4630402500E+00   5.9231692200E+00   2.3911419000E-01
H26        1.0           4.6351912800E+00   3.1936098400E+00   5.5959604000E-01
C27        6.0           4.3558897600E+00  -3.0709433000E+00   4.2587853000E-01
C28        6.0           5.6768371000E+00  -3.1230435500E+00   2.7226842100E+00
C29        6.0           8.0271129300E+00  -3.1729294900E+00  -1.8657231600E+00
C30        6.0           8.3054725000E+00  -3.2247535000E+00   2.6531375500E+00
H31        1.0           4.6430907100E+00  -3.0871961400E+00   4.4899523500E+00
C32        6.0           9.5157479800E+00  -3.2595725200E+00   3.1397512000E-01
H33        1.0           8.9041335800E+00  -3.1708296600E+00  -3.7265722400E+00
H34        1.0           9.3868656900E+00  -3.2796159000E+00   4.3974205000E+00
H35        1.0           1.1560960710E+01  -3.3410689000E+00   1.6961492000E-01
C36        6.0          -5.9691448600E+00  -1.6534077200E+00   8.4291820000E-02
C37        6.0          -7.3962333100E+00  -2.5311033700E+00  -1.9683314000E+00
C38        6.0          -9.9405311300E+00  -1.8734205900E+00  -2.0964225100E+00
H39        1.0          -6.5053459900E+00  -3.6888262300E+00  -3.4027898200E+00
C40        6.0          -9.3737793800E+00   4.2629502000E-01   1.7617111200E+00
C41        6.0          -1.0962781350E+01  -3.6711975000E-01  -1.9320451000E-01
H42        1.0          -1.1101989950E+01  -2.5274569500E+00  -3.6578740200E+00
H43        1.0          -1.0098217920E+01   1.6208361000E+00   3.2720078500E+00
H44        1.0          -1.2936781910E+01   1.9273824000E-01  -2.1654895000E-01
N45        7.0           5.5071954400E+00  -3.0794499000E+00  -1.8364839500E+00
N46        7.0          -6.9348282000E+00  -1.9004679000E-01   1.9193177700E+00
 
Some Atomic Properties:
----------------------
  q(A) = Net Charge of Atom A
  L(A) = Lagrangian of Atom A = -(1/4) Times Atomic Integral of the Laplacian of the Electron Density
  K(A) = Electronic Kinetic Energy of Atom A (Hamiltonian Form)
  K_Scaled(A) = K(A) * E(Mol)/K(Mol) = Approximation to Virial-Based Total Energy of Atom A.
  |Mu_Intra(A)| = Magnitude of Intraatomic Dipole Moment of Atom A
--------------------------------------------------------------------------------------------------
Atom A          q(A)              L(A)              K(A)          K_Scaled(A)      |Mu_Intra(A)|
--------------------------------------------------------------------------------------------------
C1        1.0158868893E+00  2.7586951757E-05  3.7172144558E+01 -3.7529823854E+01  5.7148731731E-01
C2        1.0177172818E+00 -4.1642839790E-04  3.7169270045E+01 -3.7526921682E+01  5.7776938348E-01
N3       -5.4324047180E-01 -1.9846250455E-05  5.4553599220E+01 -5.5078527044E+01  6.3049712522E-01
N4       -5.9724834270E-01  6.9810719632E-05  5.4578961077E+01 -5.5104132939E+01  6.5992607257E-01
N5       -5.8183550440E-01  1.5811997286E-04  5.4574411379E+01 -5.5099539463E+01  6.5282828132E-01
N6       -5.3361039640E-01 -5.2650616009E-05  5.4547283749E+01 -5.5072150804E+01  6.2934194467E-01
C7        1.7901319500E-02 -1.9216142051E-05  3.7642703432E+01 -3.8004910558E+01  3.5827123528E-02
C8        1.6953042700E-02 -2.7430448072E-04  3.7642599032E+01 -3.8004805154E+01  3.1763595576E-02
C9       -2.0308465500E-01 -1.2123513921E-05  3.7835909816E+01 -3.8199976021E+01  1.9118135378E-01
C10       2.9074427100E-02 -3.0978780783E-04  3.7652595902E+01 -3.8014898216E+01  6.3186364990E-02
C11      -1.8560415610E-01 -3.1145417020E-04  3.7824809542E+01 -3.8188768937E+01  2.1826988976E-01
C12       7.7500561500E-02  1.7429605337E-04  3.7631512046E+01 -3.7993611486E+01  2.2842666615E-01
C13       3.0106965900E-02 -7.4011341169E-05  3.7650597581E+01 -3.8012880667E+01  5.8695827196E-02
C14       7.7486723300E-02 -1.2655409648E-04  3.7629781002E+01 -3.7991863786E+01  2.1988010900E-01
H15      -6.9345500000E-05  2.8031394302E-05  6.1586224191E-01 -6.2178821621E-01  1.6047530251E-01
H16       1.1252027120E-02  3.0340000214E-05  6.1304415912E-01 -6.1894301715E-01  1.5229702154E-01
H17      -9.4860859000E-03  2.6752426448E-05  6.2527757033E-01 -6.3129414118E-01  1.6039484048E-01
H18      -4.1324472000E-03  2.6986947449E-05  6.1907510435E-01 -6.2503199358E-01  1.6043836168E-01
H19       6.2925641570E-02 -8.9789242275E-05  5.9129762959E-01 -5.9698723729E-01  1.3594166372E-01
H20       2.0552983080E-02  2.0386708989E-05  6.0696194751E-01 -6.1280228104E-01  1.5603666201E-01
H21      -4.8633543000E-03  3.0616578779E-05  6.1942234661E-01 -6.2538257709E-01  1.6079193638E-01
H22       3.0059491000E-04  2.8547117577E-05  6.1710147470E-01 -6.2303937319E-01  1.5984466326E-01
H23       2.5200077810E-02  2.6198656370E-05  6.0513735162E-01 -6.1096012845E-01  1.5427561850E-01
H24       5.3894747510E-02  2.8670835320E-05  5.9495823567E-01 -6.0068306660E-01  1.3736583470E-01
H25      -1.0098789100E-02  3.4087427723E-05  6.2549936761E-01 -6.3151807264E-01  1.6063077176E-01
H26       2.8191467100E-03  3.7436027131E-05  6.1527283933E-01 -6.2119314226E-01  1.5417829026E-01
C27       5.6607819410E-01 -4.1113326695E-05  3.7404015114E+01 -3.7763925524E+01  5.8167368847E-01
C28      -3.1474244200E-02  5.8939778478E-06  3.7746889462E+01 -3.8110099091E+01  1.7017498087E-01
C29       5.7102997010E-01  1.4066253134E-04  3.7365812937E+01 -3.7725355757E+01  6.8473678883E-01
C30      -2.3357792500E-02  1.3669914621E-04  3.7727201778E+01 -3.8090221968E+01  1.1848083570E-01
H31       9.2512004240E-02  6.3866671211E-06  5.7977139805E-01 -5.8535009758E-01  1.3948940942E-01
C32      -4.1763114200E-02  1.2826215546E-04  3.7743945185E+01 -3.8107126485E+01  1.3085451317E-01
H33       5.6633022870E-02  2.2169900926E-05  5.9675784697E-01 -6.0249999419E-01  1.4792844317E-01
H34       5.7961979270E-02  2.2768264864E-05  5.9209447998E-01 -5.9779175516E-01  1.4524661962E-01
H35       5.6953258740E-02  2.4650086125E-05  5.9116511510E-01 -5.9685344772E-01  1.4675734234E-01
C36       5.7152408830E-01 -1.9375938094E-04  3.7400362986E+01 -3.7760238255E+01  5.8092230658E-01
C37      -2.8201323400E-02 -1.0818272896E-04  3.7747417657E+01 -3.8110632369E+01  1.7235806800E-01
C38      -2.3008371800E-02 -9.6302595179E-05  3.7727341730E+01 -3.8090363266E+01  1.1790945948E-01
H39       9.4800145640E-02  4.7269998321E-05  5.7921342643E-01 -5.8478675703E-01  1.3895492350E-01
C40       5.7350332380E-01  5.9617835887E-05  3.7364177191E+01 -3.7723704272E+01  6.8492692374E-01
C41      -4.2126572500E-02  8.2500684225E-05  3.7744395478E+01 -3.8107581110E+01  1.2991140203E-01
H42       5.7131310730E-02  2.1975082406E-05  5.9245464392E-01 -5.9815538470E-01  1.4541928907E-01
H43       5.4960775590E-02  2.4243518509E-05  5.9741880603E-01 -6.0316731316E-01  1.4831076779E-01
H44       5.6002120540E-02  1.7300254043E-05  5.9153385911E-01 -5.9722573987E-01  1.4700920689E-01
N45      -1.2027674403E+00  5.1887911654E-05  5.4931032932E+01 -5.5459592515E+01  8.4943553553E-02
N46      -1.2030688531E+00  1.2261671431E-04  5.4934388189E+01 -5.5462980057E+01  8.4543148455E-02
--------------------------------------------------------------------------------------------------
Total    -3.7863667000E-04 -4.8275154361E-04  1.0920124789E+03 -1.1025200850E+03
 
1st Largest |L(A)| = 4.1642839790E-04, atom C2      
2nd Largest |L(A)| = 3.1145417020E-04, atom C11     
 
Molecular charge q(Mol) from the wfn file:   0.0000000000E+00
Molecular energy E(Mol) from the wfn file:  -1.1025202321E+03
Molecular virial ratio (-V(Mol)/T(Mol)) from the wfn file:   2.0096222400E+00
Note.  K_Scaled(A) = (1+V(Mol)/T(Mol))*K(A) = (E(Mol)/T(Mol))*K(A)
       Only use K_Scaled(A) data with caution.
 
N_AIMInt(SumA)     =        182.000379
N_Analytic(Mol)    =        181.999976
 
G_AIMInt(SumA)     =       1092.012962
G_Analytic(Mol)    =       1092.012569
 
K_AIMInt(SumA)     =       1092.012479
K_Analytic(Mol)    =       1092.012569
 
L_AIMInt(SumA)     =         -0.000483
L_Analytic(Mol)    =          0.000000
 
VenT_AIMInt(SumA)  =      -6993.981207
VenT_Analytic(Mol) =      -6993.962954
 
Some Information About the Atomic Calculations:
----------------------------------------------
  Time(sec) = "Elapsed User Time", in Seconds, for Atom A by AIMInt and, if used, by TWOe
  NProc = Number of Processors Used for AIMInt Job
  BIM = Basin Integration Method
  OAQ = Angular Quadrature Outside of Beta Sphere
  ORQ = Multiple of Default for Radial Quadrature Outside of Beta Sphere
  IAQ = Multiple of Default for Angular Quadrature Inside of Beta Sphere
  IRQ = Multiple of Default for Radial Quadrature Inside of Beta Sphere
  MIR = Maximum Integration Radius
------------------------------------------------------------------------------------------------------
Atom A     Time(sec)   NProc      BIM          OAQ                     ORQ      IAQ      IRQ      MIR
------------------------------------------------------------------------------------------------------
C1            131        8     Proaim(5)    4500(GS4)                  1.00     1.00     1.00    13.00
C2            119        8     Proaim(5)    5400(GS5)                  1.00     1.00     1.00    13.00
N3             54        8     Proaim(5)    4500(GS4)                  1.00     1.00     1.00    13.00
N4             56        8     Proaim(5)    4500(GS4)                  1.00     1.00     1.00    13.00
N5             59        8     Proaim(5)    4500(GS4)                  1.00     1.00     1.00    13.00
N6            266        8    Promega(1)    4500(GS4)                  1.00     1.00     1.00    13.00
C7             60        8     Proaim(5)    4500(GS4)                  1.00     1.00     1.00    13.00
C8             54        8     Proaim(5)    4500(GS4)                  1.00     1.00     1.00    13.00
C9             60        8     Proaim(5)    4500(GS4)                  1.00     1.00     1.00    13.00
C10            54        8     Proaim(5)    4500(GS4)                  1.00     1.00     1.00    13.00
C11            63        8     Proaim(5)    4500(GS4)                  1.00     1.00     1.00    13.00
C12            57        8     Proaim(5)    4500(GS4)                  1.00     1.00     1.00    13.00
C13            58        8     Proaim(5)    4500(GS4)                  1.00     1.00     1.00    13.00
C14            59        8     Proaim(5)    5400(GS5)                  1.00     1.00     1.00    13.00
H15            14        8     Proaim(5)    1800(GS4)                  1.00     1.00     1.00    13.00
H16            25        8     Proaim(5)    4500(GS4)                  1.00     1.00     1.00    13.00
H17            11        8     Proaim(5)    1800(GS4)                  1.00     1.00     1.00    13.00
H18            11        8     Proaim(5)    1800(GS4)                  1.00     1.00     1.00    13.00
H19            32        8     Proaim(5)    4500(GS4)                  1.00     1.00     1.00    13.00
H20            12        8     Proaim(5)    1800(GS4)                  1.00     1.00     1.00    13.00
H21            12        8     Proaim(5)    1800(GS4)                  1.00     1.00     1.00    13.00
H22            13        8     Proaim(5)    1800(GS4)                  1.00     1.00     1.00    13.00
H23            11        8     Proaim(5)    1800(GS4)                  1.00     1.00     1.00    13.00
H24            29        8     Proaim(5)    4500(GS4)                  1.00     1.00     1.00    13.00
H25            12        8     Proaim(5)    1800(GS4)                  1.00     1.00     1.00    13.00
H26            31        8     Proaim(5)    4500(GS4)                  1.00     1.00     1.00    13.00
C27            85        8     Proaim(5)    4500(GS4)                  1.00     1.00     1.00    13.00
C28            55        8     Proaim(5)    4500(GS4)                  1.00     1.00     1.00    13.00
C29            32        8     Proaim(5)    4500(GS4)                  1.00     1.00     1.00    13.00
C30            31        8     Proaim(5)    4500(GS4)                  1.00     1.00     1.00    13.00
H31            17        8     Proaim(5)    1800(GS4)                  1.00     1.00     1.00    13.00
C32            29        8     Proaim(5)    4500(GS4)                  1.00     1.00     1.00    13.00
H33            11        8     Proaim(5)    1800(GS4)                  1.00     1.00     1.00    13.00
H34            10        8     Proaim(5)    1800(GS4)                  1.00     1.00     1.00    13.00
H35            10        8     Proaim(5)    1800(GS4)                  1.00     1.00     1.00    13.00
C36            77        8     Proaim(5)    4500(GS4)                  1.00     1.00     1.00    13.00
C37            55        8     Proaim(5)    4500(GS4)                  1.00     1.00     1.00    13.00
C38            28        8     Proaim(5)    4500(GS4)                  1.00     1.00     1.00    13.00
H39            20        8     Proaim(5)    1800(GS4)                  1.00     1.00     1.00    13.00
C40            30        8     Proaim(5)    4500(GS4)                  1.00     1.00     1.00    13.00
C41            27        8     Proaim(5)    4500(GS4)                  1.00     1.00     1.00    13.00
H42            10        8     Proaim(5)    1800(GS4)                  1.00     1.00     1.00    13.00
H43            11        8     Proaim(5)    1800(GS4)                  1.00     1.00     1.00    13.00
H44             9        8     Proaim(5)    1800(GS4)                  1.00     1.00     1.00    13.00
N45            47        8     Proaim(5)    4500(GS4)                  1.00     1.00     1.00    13.00
N46            39        8     Proaim(5)    4500(GS4)                  1.00     1.00     1.00    13.00
------------------------------------------------------------------------------------------------------
Total        1996
Note:  Total wall clock time is less than total of atomic times if more than one atom
       was calculated at a time
 
Electron Density Critical Point Analysis of Molecular Structure:               
---------------------------------------------------------------                
  NACP = Nuclear Attractor Critical Point                                      
  NNACP = Non-Nuclear Attractor Critical Point                                 
  BCP = Bond Critical Point                                                    
  RCP = Ring Critical Point                                                    
  CCP = Cage Critical Point                                                    
  Rho = Electron Density                                                       
  GradRho = Gradient of Electron Density                                       
  HessRho_EigVals = Eigenvalues of the Hessian of Rho, Ascending Order         
  HessRho_EigVecs = Eigenvectors of the Hessian of Rho                         
  DelSqRho = Laplacian of Rho = Trace of Hessian of Rho                        
  Bond Ellipticity = (HessRho_EigVal(1) / HessRho_EigVal(2)) - 1               
  V = Virial Field = Potential Energy Density = Trace of Stress Tensor         
  G = Lagrangian Form of Kinetic Energy Density                                
  K = Hamiltonian Form of Kinetic Energy Density                               
  L = K - G = Lagrangian Density = (-1/4)DelSqRho                              
  Vnuc = Electrostatic Potential from Nuclei                                   
  Ven = Electron-nuclear attractive contribution to Virial Field V             
  Vrep = V - Ven = Repulsive contribution to Virial Field V                    
  DelSqV = Laplacian of V                                                      
  DelSqVen = Laplacian of Ven                                                  
  DelSqVrep = Laplacian of Vrep                                                
  DelSqG = Laplacian of G                                                      
  DelSqK = Laplacian of K                                                      
  Stress_EigVals = Eigenvalues of Stress Tensor, Ascending Order               
  Stress_EigVecs = Eigenvectors of Stress Tensor                               
  -DivStress = Ehrenfest Force Density = Minus Divergence of Stress Tensor     
  ESP = Total Electrostatic Potential                                          
  ESPe = Electrostatic Potential from Electrons                                
  ESPn = Electrostatic Potential from Nuclei                                   
  BP = Bond Path                                                               
  BPL = Bond Path Length                                                       
  GBL = Geometric Bond Length                                                  
  GBL_I = Distance Between Nuclear Attractors                                  
  GBL_II = Distance Between Nuclei                                             
  GBL_III = Sum of Distances Between BCP and Nuclear Attractors                
  GBL_IV = Sum of Distances Between BCP and Nuclei                             

CP# 1      Coords =  1.55209507038350E+00 -2.98345790090117E+00  4.10922749584040E-01
           Type = (3,-3) NACP C1
           Rho =  1.1762286087E+02     Rho at Nucleus =  1.1762286077E+02
           GradRho = -3.5498139649E-10 -4.2970467462E-11  7.4439072961E-11
           HessRho_EigVals = -1.4489922446E+05 -1.4489823387E+05 -1.4489782260E+05
           HessRho_EigVec1 =  3.6264018349E-02  9.4405218874E-01 -3.2779625670E-01
           HessRho_EigVec2 =  3.1688214733E-02  3.2676078614E-01  9.4457569611E-01
           HessRho_EigVec3 =  9.9883971588E-01 -4.4641388547E-02 -1.8065669331E-02
           DelSqRho = -4.3469528094E+05
           Bond Ellipticity = NA
           V = -1.0868417262E+05
           G =  5.1761933037E+00
           K =  1.0867899643E+05
           L =  1.0867382024E+05
           Vnuc =  5.1288529980E+06
           Ven = -6.0327036259E+08
           Vrep =  6.0316167842E+08
           DelSqV =  2.4934047484E+09
           DelSqVen =  2.2294882550E+12
           DelSqVrep = -2.2269948502E+12
           DelSqG =  1.3389561431E+08
           DelSqK = -2.6273003627E+09
           Stress_EigVals = -3.6228311417E+04 -3.6228192553E+04 -3.6227668652E+04
           Stress_EigVec1 =  9.9957335101E-01 -2.8203552187E-02 -7.5944450264E-03
           Stress_EigVec2 =  1.6480487591E-02  3.2993601704E-01  9.4385942713E-01
           Stress_EigVec3 =  2.4114507667E-02  9.4358189062E-01 -3.3026005847E-01
           -DivStress =  9.2852946393E+02  1.0241440647E+02 -1.8399530440E+02
           ESP =  -1.4651530706E+01     ESP at Nucleus =  -1.4651530714E+01
           ESPe = -4.3755544104E+01     ESPe at Nucleus = -4.3755543502E+01
           ESPn =  2.9104013398E+01     ESPn at Nucleus =  2.9104012788E+01

CP# 2      Coords = -3.25168481773690E+00 -2.31455433638905E+00  2.96659288196382E-01
           Type = (3,-3) NACP C2
           Rho =  1.1762753549E+02     Rho at Nucleus =  1.1762753537E+02
           GradRho =  4.2846538297E-10 -1.9352325298E-10  1.9069537616E-12
           HessRho_EigVals = -1.4490552088E+05 -1.4490448806E+05 -1.4490405234E+05
           HessRho_EigVec1 =  2.4009416051E-01  9.2284584296E-01 -3.0118158014E-01
           HessRho_EigVec2 =  3.0697595675E-02  3.0288381592E-01  9.5253296619E-01
           HessRho_EigVec3 =  9.7026411441E-01 -2.3794315324E-01  4.4391486957E-02
           DelSqRho = -4.3471406127E+05
           Bond Ellipticity = NA
           V = -1.0868885432E+05
           G =  5.1695019369E+00
           K =  1.0868368482E+05
           L =  1.0867851532E+05
           Vnuc =  4.7071639864E+06
           Ven = -5.5369209884E+08
           Vrep =  5.5358340999E+08
           DelSqV =  2.4935124332E+09
           DelSqVen =  2.0462701117E+12
           DelSqVrep = -2.0437765993E+12
           DelSqG =  1.3390184716E+08
           DelSqK = -2.6274142804E+09
           Stress_EigVals = -3.6229880802E+04 -3.6229754290E+04 -3.6229219229E+04
           Stress_EigVec1 =  9.6772624312E-01 -2.4223702119E-01  6.9477650650E-02
           Stress_EigVec2 =  9.3287183755E-03  3.0994688923E-01  9.5070810498E-01
           Stress_EigVec3 =  2.5183108106E-01  9.1937704530E-01 -3.0220349963E-01
           -DivStress = -9.6449790340E+02  3.8264095565E+02 -5.9476434978E+00
           ESP =  -1.4651923691E+01     ESP at Nucleus =  -1.4651923700E+01
           ESPe = -4.3418294794E+01     ESPe at Nucleus = -4.3418293893E+01
           ESPn =  2.8766371103E+01     ESPn at Nucleus =  2.8766370193E+01

CP# 3      Coords = -2.07287729437431E+00 -1.96115001432909E+00  2.52601915427511E+00
           Type = (3,-3) NACP N3
           Rho =  1.9145294461E+02     Rho at Nucleus =  1.9145291034E+02
           GradRho = -5.5547344502E-11 -1.0417999796E-11 -2.8385738204E-11
           HessRho_EigVals = -3.2218623372E+05 -3.2218481417E+05 -3.2217495594E+05
           HessRho_EigVec1 =  3.5371442914E-01  9.2990503653E-01 -1.0081034498E-01
           HessRho_EigVec2 =  8.5285680483E-01 -2.7638182164E-01  4.4299927666E-01
           HessRho_EigVec3 = -3.8408511176E-01  2.4267202497E-01  8.9083607651E-01
           DelSqRho = -9.6654600383E+05
           Bond Ellipticity = NA
           V = -2.4166905374E+05
           G =  1.6276390353E+01
           K =  2.4165277735E+05
           L =  2.4163650096E+05
           Vnuc =  4.7996770973E+05
           Ven = -9.1891231345E+07
           Vrep =  9.1649562292E+07
           DelSqV =  7.5879716868E+09
           DelSqVen =  4.6391087200E+11
           DelSqVrep = -4.5632290025E+11
           DelSqG =  4.0672144407E+08
           DelSqK = -7.9946931309E+09
           Stress_EigVals = -8.0557896711E+04 -8.0555868940E+04 -8.0555288087E+04
           Stress_EigVec1 = -3.5287406744E-01  2.3932419792E-01  9.0454619607E-01
           Stress_EigVec2 =  8.9896712488E-01 -1.8139408357E-01  3.9869072578E-01
           Stress_EigVec3 =  2.5949566645E-01  9.5384491126E-01 -1.5113531804E-01
           -DivStress = -2.0235724756E+04  9.2631565517E+03  2.8291633044E+04
           ESP =  -1.8306346598E+01     ESP at Nucleus =  -1.8306348167E+01
           ESPe = -4.5254932916E+01     ESPe at Nucleus = -4.5254901883E+01
           ESPn =  2.6948586318E+01     ESPn at Nucleus =  2.6948553716E+01

CP# 4      Coords =  3.90948268630649E-01 -2.29522402421116E+00  2.56487781310558E+00
           Type = (3,-3) NACP N4
           Rho =  1.9138480886E+02     Rho at Nucleus =  1.9138477841E+02
           GradRho =  1.4726830866E-12 -2.6103064155E-11 -3.2110758497E-11
           HessRho_EigVals = -3.2206333533E+05 -3.2206196378E+05 -3.2205241724E+05
           HessRho_EigVec1 = -4.4042824952E-02  9.8951744147E-01 -1.3753349629E-01
           HessRho_EigVec2 =  9.1524637878E-01 -1.5221468227E-02 -4.0260697093E-01
           HessRho_EigVec3 =  4.0048008153E-01  1.4360898279E-01  9.0498185858E-01
           DelSqRho = -9.6617771636E+05
           Bond Ellipticity = NA
           V = -2.4157714793E+05
           G =  1.6359419951E+01
           K =  2.4156078851E+05
           L =  2.4154442909E+05
           Vnuc =  5.0910430954E+05
           Ven = -9.7434830969E+07
           Vrep =  9.7193253821E+07
           DelSqV =  7.5850856741E+09
           DelSqVen =  4.9188523917E+11
           DelSqVrep = -4.8430015349E+11
           DelSqG =  4.0655589248E+08
           DelSqK = -7.9916415666E+09
           Stress_EigVals = -8.0527225319E+04 -8.0525257200E+04 -8.0524665410E+04
           Stress_EigVec1 =  3.7607471441E-01  1.4757856423E-01  9.1476137684E-01
           Stress_EigVec2 =  9.2528372896E-01 -1.1220302038E-01 -3.6229891408E-01
           Stress_EigVec3 =  4.9171435846E-02  9.8266527851E-01 -1.7874876308E-01
           -DivStress =  1.9576126372E+04  4.1275979698E+03  2.7396352995E+04
           ESP =  -1.8301783623E+01     ESP at Nucleus =  -1.8301785020E+01
           ESPe = -4.5443309776E+01     ESPe at Nucleus = -4.5443281874E+01
           ESPn =  2.7141526152E+01     ESPn at Nucleus =  2.7141496853E+01

CP# 5      Coords = -2.14417614184799E+00 -3.39136057552905E+00 -1.72621779605743E+00
           Type = (3,-3) NACP N5
           Rho =  1.9138849864E+02     Rho at Nucleus =  1.9138846779E+02
           GradRho = -4.6065873338E-11  1.1340262063E-11 -1.2899459279E-11
           HessRho_EigVals = -3.2206915477E+05 -3.2206775686E+05 -3.2205813772E+05
           HessRho_EigVec1 =  3.1697671241E-01  8.1356289050E-01 -4.8748455052E-01
           HessRho_EigVec2 =  8.4490394721E-01 -4.7573368226E-01 -2.4457061056E-01
           HessRho_EigVec3 =  4.3088639313E-01  3.3435443285E-01  8.3817899607E-01
           DelSqRho = -9.6619504935E+05
           Bond Ellipticity = NA
           V = -2.4158148522E+05
           G =  1.6361442872E+01
           K =  2.4156512378E+05
           L =  2.4154876234E+05
           Vnuc =  5.0574056102E+05
           Ven = -9.6792926678E+07
           Vrep =  9.6551345193E+07
           DelSqV =  7.5852204600E+09
           DelSqVen =  4.8864402611E+11
           DelSqVrep = -4.8105880565E+11
           DelSqG =  4.0656254913E+08
           DelSqK = -7.9917830092E+09
           Stress_EigVals = -8.0528682579E+04 -8.0526701416E+04 -8.0526101228E+04
           Stress_EigVec1 =  4.0807689539E-01  3.4367851654E-01  8.4578858157E-01
           Stress_EigVec2 =  8.8454126912E-01 -3.7814381246E-01 -2.7311902227E-01
           Stress_EigVec3 =  2.2596457836E-01  8.5958846803E-01 -4.5830958419E-01
           -DivStress = -2.0381697113E+04 -8.3965867112E+03 -2.6079280215E+04
           ESP =  -1.8303292397E+01     ESP at Nucleus =  -1.8303293814E+01
           ESPe = -4.4726736506E+01     ESPe at Nucleus = -4.4726705305E+01
           ESPn =  2.6423444109E+01     ESPn at Nucleus =  2.6423411490E+01

CP# 6      Coords =  3.12989797349382E-01 -3.74600028970580E+00 -1.68097882492926E+00
           Type = (3,-3) NACP N6
           Rho =  1.9145428824E+02     Rho at Nucleus =  1.9145425369E+02
           GradRho = -4.4370895846E-12  4.4374504071E-11 -3.5758507266E-11
           HessRho_EigVals = -3.2218651473E+05 -3.2218502059E+05 -3.2217514968E+05
           HessRho_EigVec1 =  6.4371430853E-02 -8.6182666300E-01  5.0310150252E-01
           HessRho_EigVec2 =  9.3152664592E-01  2.3271812949E-01  2.7946445237E-01
           HessRho_EigVec3 = -3.5793075702E-01  4.5066292853E-01  8.1779489973E-01
           DelSqRho = -9.6654668500E+05
           Bond Ellipticity = NA
           V = -2.4166920258E+05
           G =  1.6265663774E+01
           K =  2.4165293691E+05
           L =  2.4163667125E+05
           Vnuc =  4.7806000019E+05
           Ven = -9.1526637071E+07
           Vrep =  9.1284967868E+07
           DelSqV =  7.5879735601E+09
           DelSqVen =  4.6206730845E+11
           DelSqVrep = -4.5447933492E+11
           DelSqG =  4.0671888826E+08
           DelSqK = -7.9946924484E+09
           Stress_EigVals = -8.0557952033E+04 -8.0555927763E+04 -8.0555322781E+04
           Stress_EigVec1 = -3.2798432179E-01  4.5337805636E-01  8.2877899507E-01
           Stress_EigVec2 =  9.4438100058E-01  1.3517016830E-01  2.9978917816E-01
           Stress_EigVec3 =  2.3891638666E-02  8.8100928690E-01 -4.7249531848E-01
           -DivStress =  1.9339559373E+04 -1.5353123827E+04 -2.6389607302E+04
           ESP =  -1.8305944228E+01     ESP at Nucleus =  -1.8305945809E+01
           ESPe = -4.4851576653E+01     ESPe at Nucleus = -4.4851543977E+01
           ESPn =  2.6545632425E+01     ESPn at Nucleus =  2.6545598168E+01

CP# 7      Coords =  4.57559107038197E+00  5.14793212695575E+00 -1.35527420587886E-01
           Type = (3,-3) NACP C7
           Rho =  1.1754350826E+02     Rho at Nucleus =  1.1754350820E+02
           GradRho = -5.2438225501E-11  1.6903561428E-10 -1.0287046665E-10
           HessRho_EigVals = -1.4484288304E+05 -1.4484267619E+05 -1.4484234384E+05
           HessRho_EigVec1 = -3.7571301298E-01  3.7740304526E-01  8.4640810092E-01
           HessRho_EigVec2 =  6.9994338974E-01 -4.8303383603E-01  5.2607752699E-01
           HessRho_EigVec3 =  6.0738701257E-01  7.9009192799E-01 -8.2678668893E-02
           DelSqRho = -4.3452790307E+05
           Bond Ellipticity = NA
           V = -1.0864221652E+05
           G =  5.1203770843E+00
           K =  1.0863709614E+05
           L =  1.0863197577E+05
           Vnuc =  6.4175508384E+06
           Ven = -7.5434143998E+08
           Vrep =  7.5423279776E+08
           DelSqV =  2.4924949377E+09
           DelSqVen =  2.7886049116E+12
           DelSqVrep = -2.7861124249E+12
           DelSqG =  1.3388517084E+08
           DelSqK = -2.6263801086E+09
           Stress_EigVals = -3.6214168164E+04 -3.6214058133E+04 -3.6213990224E+04
           Stress_EigVec1 =  5.7273389594E-01  8.1338877775E-01 -1.0185568558E-01
           Stress_EigVec2 =  7.3652864926E-01 -4.5606055073E-01  4.9953410584E-01
           Stress_EigVec3 = -3.5986307573E-01  3.6111974511E-01  8.6028547379E-01
           -DivStress =  4.1495012040E+02 -4.7132319982E+02  4.3159365171E+02
           ESP =  -1.4750235844E+01     ESP at Nucleus =  -1.4750235844E+01
           ESPe = -3.8466956276E+01     ESPe at Nucleus = -3.8466955848E+01
           ESPn =  2.3716720432E+01     ESPn at Nucleus =  2.3716720004E+01

CP# 8      Coords =  2.66624727302725E+00  6.71989494049936E+00  1.48611619760100E+00
           Type = (3,-3) NACP C8
           Rho =  1.1754182432E+02     Rho at Nucleus =  1.1754182426E+02
           GradRho = -1.3990062642E-11 -1.8590148767E-10  8.3743912277E-12
           HessRho_EigVals = -1.4484024523E+05 -1.4484003882E+05 -1.4483970955E+05
           HessRho_EigVec1 = -7.6637274435E-01  2.1017886647E-01  6.0704008172E-01
           HessRho_EigVec2 =  1.7585450526E-01  9.7750599605E-01 -1.1643547855E-01
           HessRho_EigVec3 =  6.1785759662E-01 -1.7517756012E-02  7.8609485339E-01
           DelSqRho = -4.3451999361E+05
           Bond Ellipticity = NA
           V = -1.0864023929E+05
           G =  5.1204433561E+00
           K =  1.0863511885E+05
           L =  1.0862999840E+05
           Vnuc =  6.8300656341E+06
           Ven = -8.0281837485E+08
           Vrep =  8.0270973461E+08
           DelSqV =  2.4924491399E+09
           DelSqVen =  2.9678006436E+12
           DelSqVrep = -2.9653080634E+12
           DelSqG =  1.3388219725E+08
           DelSqK = -2.6263313371E+09
           Stress_EigVals = -3.6213508099E+04 -3.6213399333E+04 -3.6213331857E+04
           Stress_EigVec1 =  6.1461059833E-01 -6.3836957822E-02  7.8624338168E-01
           Stress_EigVec2 =  1.7604177217E-01  9.8268275474E-01 -5.7826447145E-02
           Stress_EigVec3 = -7.6893634774E-01  1.7395242554E-01  6.1520520704E-01
           -DivStress = -3.6044626919E+01  7.0819692977E+02 -9.6080670513E+01
           ESP =  -1.4750836516E+01     ESP at Nucleus =  -1.4750836516E+01
           ESPe = -3.7578600733E+01     ESPe at Nucleus = -3.7578599270E+01
           ESPn =  2.2827764217E+01     ESPn at Nucleus =  2.2827762754E+01

CP# 9      Coords =  1.56057238758524E-01  3.16288616596938E+00 -2.61689256670313E+00
           Type = (3,-3) NACP C9
           Rho =  1.1788937961E+02     Rho at Nucleus =  1.1788937896E+02
           GradRho =  1.2800936050E-09 -2.7224716028E-09 -5.1001566472E-09
           HessRho_EigVals = -1.4529739046E+05 -1.4529714165E+05 -1.4529623980E+05
           HessRho_EigVec1 =  8.1697647473E-01  5.7395531903E-01 -5.5899297885E-02
           HessRho_EigVec2 = -5.4047278532E-01  7.2828576151E-01 -4.2129445513E-01
           HessRho_EigVec3 = -2.0109353067E-01  3.7439970800E-01  9.0519956395E-01
           DelSqRho = -4.3589077191E+05
           Bond Ellipticity = NA
           V = -1.0898287476E+05
           G =  5.0908907729E+00
           K =  1.0897778387E+05
           L =  1.0897269298E+05
           Vnuc =  2.0016788230E+06
           Ven = -2.3597667463E+08
           Vrep =  2.3586769175E+08
           DelSqV =  2.5003061640E+09
           DelSqVen =  8.7251334758E+11
           DelSqVrep = -8.7001304142E+11
           DelSqG =  1.3433369222E+08
           DelSqK = -2.6346398562E+09
           Stress_EigVals = -3.6328096973E+04 -3.6327411018E+04 -3.6327366768E+04
           Stress_EigVec1 = -5.5517363169E-01  2.3913664968E-01  7.9661527819E-01
           Stress_EigVec2 =  8.2056461111E-01  1.0375449481E-03  5.7155283439E-01
           Stress_EigVec3 =  1.3585270577E-01  9.7098536873E-01 -1.9680308955E-01
           -DivStress = -5.6566592116E+02  1.0993355145E+03  2.1120301999E+03
           ESP =  -1.4778646314E+01     ESP at Nucleus =  -1.4778646385E+01
           ESPe = -4.1015820800E+01     ESPe at Nucleus = -4.1015824168E+01
           ESPn =  2.6237174486E+01     ESPn at Nucleus =  2.6237177783E+01

CP# 10     Coords =  6.30448024791058E-01  5.28943567056592E+00  3.03975641469804E+00
           Type = (3,-3) NACP C10
           Rho =  1.1756264867E+02     Rho at Nucleus =  1.1756264858E+02
           GradRho = -1.7519497894E-10  1.3878021855E-10 -2.3639197121E-10
           HessRho_EigVals = -1.4486729760E+05 -1.4486701321E+05 -1.4486670195E+05
           HessRho_EigVec1 =  9.1557705056E-01  3.2523659695E-01  2.3651600474E-01
           HessRho_EigVec2 = -1.2179241105E-01 -3.3625661049E-01  9.3386192797E-01
           HessRho_EigVec3 = -3.8325614555E-01  8.8382840411E-01  2.6825748636E-01
           DelSqRho = -4.3460101276E+05
           Bond Ellipticity = NA
           V = -1.0866049821E+05
           G =  5.1225079473E+00
           K =  1.0865537570E+05
           L =  1.0865025319E+05
           Vnuc =  5.3398898843E+06
           Ven = -6.2777159843E+08
           Vrep =  6.2766293793E+08
           DelSqV =  2.4929132301E+09
           DelSqVen =  2.3207222968E+12
           DelSqVrep = -2.3182293836E+12
           DelSqG =  1.3390849879E+08
           DelSqK = -2.6268217289E+09
           Stress_EigVals = -3.6220270252E+04 -3.6220164755E+04 -3.6220063200E+04
           Stress_EigVec1 = -3.9757529532E-01  8.8031079738E-01  2.5881805302E-01
           Stress_EigVec2 = -1.0072260169E-01 -3.2223470027E-01  9.4128622398E-01
           Stress_EigVec3 =  9.1202458413E-01  3.4816332082E-01  2.1677974993E-01
           -DivStress =  5.0715832081E+02 -2.8669281520E+02  7.0364211482E+02
           ESP =  -1.4748924201E+01     ESP at Nucleus =  -1.4748924203E+01
           ESPe = -3.8499770171E+01     ESPe at Nucleus = -3.8499769094E+01
           ESPn =  2.3750845971E+01     ESPn at Nucleus =  2.3750844891E+01

CP# 11     Coords = -1.18616367786949E+00  3.65889896268449E+00 -8.28874007146814E-01
           Type = (3,-3) NACP C11
           Rho =  1.1789387444E+02     Rho at Nucleus =  1.1789387382E+02
           GradRho = -4.6594074565E-09 -1.3642335341E-10  2.7289837158E-09
           HessRho_EigVals = -1.4530414237E+05 -1.4530393645E+05 -1.4530301559E+05
           HessRho_EigVec1 =  4.7818758293E-01  4.2403815001E-01  7.6910875880E-01
           HessRho_EigVec2 = -2.4823615971E-01  9.0526942344E-01 -3.4476960422E-01
           HessRho_EigVec3 =  8.4244610780E-01  2.6056060974E-02 -5.3815019943E-01
           DelSqRho = -4.3591109441E+05
           Bond Ellipticity = NA
           V = -1.0898795690E+05
           G =  5.0916483356E+00
           K =  1.0898286525E+05
           L =  1.0897777360E+05
           Vnuc =  2.0678248180E+06
           Ven = -2.4378387945E+08
           Vrep =  2.4367489149E+08
           DelSqV =  2.5004235916E+09
           DelSqVen =  9.0138777293E+11
           DelSqVrep = -8.9888734626E+11
           DelSqG =  1.3434117025E+08
           DelSqK = -2.6347647618E+09
           Stress_EigVals = -3.6329791016E+04 -3.6329098004E+04 -3.6329067880E+04
           Stress_EigVec1 = -6.1354168678E-01  1.9386317857E-01  7.6549569991E-01
           Stress_EigVec2 =  6.1946580460E-01  7.1934920468E-01  3.1432282554E-01
           Stress_EigVec3 = -4.8972310086E-01  6.6704856624E-01 -5.6144233431E-01
           -DivStress =  2.0255636181E+03  2.2210604900E+01 -1.2280619847E+03
           ESP =  -1.4779363426E+01     ESP at Nucleus =  -1.4779363494E+01
           ESPe = -4.1365802527E+01     ESPe at Nucleus = -4.1365805016E+01
           ESPn =  2.6586439101E+01     ESPn at Nucleus =  2.6586441522E+01

CP# 12     Coords = -1.88024683333596E+00  4.71587685554041E+00  1.62900936086853E+00
           Type = (3,-3) NACP C12
           Rho =  1.1752134553E+02     Rho at Nucleus =  1.1752134498E+02
           GradRho =  1.8577114835E-09 -1.1948746015E-09 -4.2498235261E-09
