AIMSum (Version 19.02.13, Professional)
Copyright (c) 1997-2019 by Todd A. Keith
AIMSum is a component of the AIMAll package ( http://aim.tkgristmill.com )

TP:  64-bit Linux

Much of the Quantum Theory of Atoms in Molecules (QTAIM) is described in the book:
  "Atoms in Molecules - A Quantum Theory"
  R.F.W. Bader, Oxford University Press, Oxford, 1990

For additional references see:  http://aim.tkgristmill.com/references.html

Wfn File:  /home/mhennefarth/Documents/ML_Diels/summary-liu2014/6_8-opt/6_8-opt.wfn
Sum File:  /home/mhennefarth/Documents/ML_Diels/summary-liu2014/6_8-opt/6_8-opt.sum

SumViz File:  /home/mhennefarth/Documents/ML_Diels/summary-liu2014/6_8-opt/6_8-opt.sumviz

Wfn Title:   Title Card Required                                                           
 
Total memory allocated for AIMSum =        1.828 Megabytes

Atomic units (a.u.) used throughout, except where stated otherwise

Model:  Restricted SCF
 
Restricted, closed-shell, single-determinant wavefunction.
  Number of electrons (from MO Occs)                   =         132.0000000000
  Number of Alpha electrons (from MO Occs)             =          66.0000000000
  Number of Beta electrons (from MO Occs)              =          66.0000000000
  Number of electron pairs (N*(N-1)/2)                 =        8646.0000000000
  Number of electron pairs (from Muller 2EDM)          =        8646.0000000000
 
Nuclear Charges and Cartesian Coordinates:
-------------------------------------------------------------------------------
Atom      Charge                X                  Y                  Z
-------------------------------------------------------------------------------
C1         6.0           2.3816292800E+00  -1.5395714000E+00  -2.1458198000E-01
C2         6.0          -2.3878189500E+00  -1.5358499800E+00   2.1389353000E-01
N3         7.0          -1.0417365700E+00  -1.7184218400E+00   2.3555525100E+00
N4         7.0           1.4413286800E+00  -1.7645065100E+00   2.1276918500E+00
N5         7.0          -1.4478736900E+00  -1.7614713700E+00  -2.1285355700E+00
N6         7.0           1.0351832200E+00  -1.7193570600E+00  -2.3563405800E+00
C7         6.0           4.1062420000E-01   4.7065341400E+00  -1.0723839400E+00
C8         6.0          -3.8974004000E-01   4.7055368700E+00   1.0726164600E+00
C9         6.0          -1.3590567600E+00   4.7464687400E+00   3.6627714900E+00
C10        6.0           1.3794130000E+00   4.7502032900E+00  -3.6626764900E+00
H11        1.0          -2.9241144500E+00   3.4110579500E+00   3.9060497800E+00
H12        1.0          -2.0493595900E+00   6.6352833100E+00   4.1659756400E+00
H13        1.0           2.9342865200E+00   3.4040492900E+00  -3.9118114500E+00
H14        1.0           2.0838261800E+00   6.6356974000E+00  -4.1587519500E+00
H15        1.0          -1.0005195000E-01   4.2542731400E+00  -5.0269676200E+00
H16        1.0           1.1603627000E-01   4.2339089600E+00   5.0256277600E+00
C17        6.0           5.1872548600E+00  -1.1294672700E+00  -5.4600480000E-01
C18        6.0          -5.1926648500E+00  -1.1208526300E+00   5.4529054000E-01
O19        8.0           6.0740086300E+00  -1.3479089000E-01  -2.4047444200E+00
O20        8.0          -6.0771090200E+00  -1.1871445000E-01   2.4011286500E+00
O21        8.0           6.4972299200E+00  -1.9681932200E+00   1.4404921600E+00
O22        8.0          -6.5047201800E+00  -1.9645949200E+00  -1.4377293900E+00
C23        6.0           9.1892996300E+00  -1.5784302800E+00   1.3021027000E+00
H24        1.0           9.9383870300E+00  -2.3418213100E+00   3.0609615900E+00
H25        1.0           9.9736870100E+00  -2.5765987300E+00  -3.2679314000E-01
H26        1.0           9.6106216100E+00   4.3608341000E-01   1.1348802800E+00
C27        6.0          -9.1962317500E+00  -1.5709216600E+00  -1.2993799900E+00
H28        1.0          -9.9472062400E+00  -2.3397874500E+00  -3.0550614000E+00
H29        1.0          -9.9810270200E+00  -2.5621342000E+00   3.3357542000E-01
H30        1.0          -9.6149232400E+00   4.4473473000E-01  -1.1393235200E+00
 
Some Atomic Properties:
----------------------
  q(A) = Net Charge of Atom A
  L(A) = Lagrangian of Atom A = -(1/4) Times Atomic Integral of the Laplacian of the Electron Density
  K(A) = Electronic Kinetic Energy of Atom A (Hamiltonian Form)
  K_Scaled(A) = K(A) * E(Mol)/K(Mol) = Approximation to Virial-Based Total Energy of Atom A.
  |Mu_Intra(A)| = Magnitude of Intraatomic Dipole Moment of Atom A
--------------------------------------------------------------------------------------------------
Atom A          q(A)              L(A)              K(A)          K_Scaled(A)      |Mu_Intra(A)|
--------------------------------------------------------------------------------------------------
C1        1.0574014765E+00 -2.1970365606E-04  3.7152854954E+01 -3.7490506416E+01  5.3983854540E-01
C2        1.0577421006E+00  2.8658102078E-04  3.7153081100E+01 -3.7490734617E+01  5.3942479329E-01
N3       -5.4139475020E-01  1.5894324258E-04  5.4559930723E+01 -5.5055780649E+01  6.3015789674E-01
N4       -5.4507368500E-01  6.8195778233E-05  5.4565958213E+01 -5.5061862918E+01  6.2904667063E-01
N5       -5.4490406790E-01  1.1962713891E-04  5.4565796443E+01 -5.5061699677E+01  6.2908417089E-01
N6       -5.4125594930E-01 -5.3776364843E-06  5.4559791737E+01 -5.5055640399E+01  6.2993946786E-01
C7       -1.9153488640E-01 -5.6378878837E-06  3.7790389528E+01 -3.8133835012E+01  8.3975759984E-02
C8       -1.9154529210E-01  1.9645250734E-05  3.7790409180E+01 -3.8133854843E+01  8.3964582918E-02
C9        3.8554478100E-02  1.6429058949E-06  3.7640385005E+01 -3.7982467222E+01  2.3886844688E-01
C10       3.8512746000E-02 -4.9555936720E-05  3.7640356153E+01 -3.7982438109E+01  2.3886496790E-01
H11       7.6647040250E-02  4.1145311558E-05  5.8212268977E-01 -5.8741311974E-01  1.2924538475E-01
H12       4.1016931980E-02  2.3607684128E-05  5.9397130974E-01 -5.9936942198E-01  1.5004612078E-01
H13       7.6686316380E-02  4.6881402591E-05  5.8211342288E-01 -5.8740376862E-01  1.2922229142E-01
H14       4.1009495720E-02  2.2313943775E-05  5.9397285949E-01 -5.9937098581E-01  1.5004034385E-01
H15       4.4058157740E-02  2.4523227773E-05  5.9305437492E-01 -5.9844415389E-01  1.4871345352E-01
H16       4.4134399620E-02  2.5833785889E-05  5.9303000053E-01 -5.9841955799E-01  1.4867460457E-01
C17       1.6831074697E+00  2.8801051980E-04  3.6616571333E+01 -3.6949348958E+01  7.1537878286E-01
C18       1.6830150111E+00  2.3315530048E-04  3.6616623036E+01 -3.6949401131E+01  7.1746397965E-01
O19      -1.1732923725E+00  5.3106676892E-05  7.5328882526E+01 -7.6013484217E+01  5.7277051961E-01
O20      -1.1732866302E+00  1.7475324008E-05  7.5328807382E+01 -7.6013408389E+01  5.7277619518E-01
O21      -1.0880630248E+00  2.3343265045E-04  7.5286383567E+01 -7.5970599019E+01  2.6998473315E-01
O22      -1.0881506750E+00  9.5629535912E-05  7.5286317992E+01 -7.5970532849E+01  2.7016247221E-01
C23       4.1247584100E-01 -2.2558888230E-04  3.7438197355E+01 -3.7778442057E+01  6.1798325276E-01
H24       6.0106397990E-02  2.5321426445E-05  5.9588590390E-01 -6.0130141629E-01  1.4327547201E-01
H25       6.2243010060E-02  2.8371763025E-05  5.9337351959E-01 -5.9876619901E-01  1.4660308890E-01
H26       6.3913859170E-02  2.5661269377E-05  5.9272383110E-01 -5.9811060604E-01  1.4617573441E-01
C27       4.1262380950E-01  1.0533972580E-05  3.7438245391E+01 -3.7778490530E+01  6.1823539093E-01
H28       6.0117916530E-02  2.5275848554E-05  5.9587754947E-01 -6.0129298594E-01  1.4327520667E-01
H29       6.2258173420E-02  2.7964094625E-05  5.9336503752E-01 -5.9875763986E-01  1.4659835199E-01
H30       6.3915801200E-02  2.8641946292E-05  5.9272059143E-01 -5.9810733693E-01  1.4618215168E-01
--------------------------------------------------------------------------------------------------
Total     1.0390991600E-03  1.4256570218E-03  8.9986119271E+02 -9.0803928420E+02
 
1st Largest |L(A)| = 2.8801051980E-04, atom C17     
2nd Largest |L(A)| = 2.8658102078E-04, atom C2      
 
Molecular charge q(Mol) from the wfn file:   0.0000000000E+00
Molecular energy E(Mol) from the wfn file:  -9.0803912315E+02
Molecular virial ratio (-V(Mol)/T(Mol)) from the wfn file:   2.0090881700E+00
Note.  K_Scaled(A) = (1+V(Mol)/T(Mol))*K(A) = (E(Mol)/T(Mol))*K(A)
       Only use K_Scaled(A) data with caution.
 
N_AIMInt(SumA)     =        131.998961
N_Analytic(Mol)    =        131.999981
 
G_AIMInt(SumA)     =        899.859767
G_Analytic(Mol)    =        899.860981
 
K_AIMInt(SumA)     =        899.861193
K_Analytic(Mol)    =        899.860981
 
L_AIMInt(SumA)     =          0.001426
L_Analytic(Mol)    =          0.000000
 
VenT_AIMInt(SumA)  =      -4743.126356
VenT_Analytic(Mol) =      -4743.149464
 
Some Information About the Atomic Calculations:
----------------------------------------------
  Time(sec) = "Elapsed User Time", in Seconds, for Atom A by AIMInt and, if used, by TWOe
  NProc = Number of Processors Used for AIMInt Job
  BIM = Basin Integration Method
  OAQ = Angular Quadrature Outside of Beta Sphere
  ORQ = Multiple of Default for Radial Quadrature Outside of Beta Sphere
  IAQ = Multiple of Default for Angular Quadrature Inside of Beta Sphere
  IRQ = Multiple of Default for Radial Quadrature Inside of Beta Sphere
  MIR = Maximum Integration Radius
------------------------------------------------------------------------------------------------------
Atom A     Time(sec)   NProc      BIM          OAQ                     ORQ      IAQ      IRQ      MIR
------------------------------------------------------------------------------------------------------
C1             60        8     Proaim(5)    4500(GS4)                  1.00     1.00     1.00    13.00
C2             57        8     Proaim(5)    4500(GS4)                  1.00     1.00     1.00    13.00
N3             39        8     Proaim(5)    4500(GS4)                  1.00     1.00     1.00    13.00
N4             32        8     Proaim(5)    4500(GS4)                  1.00     1.00     1.00    13.00
N5             31        8     Proaim(5)    4500(GS4)                  1.00     1.00     1.00    13.00
N6             38        8     Proaim(5)    4500(GS4)                  1.00     1.00     1.00    13.00
C7             42        8     Proaim(5)    4500(GS4)                  1.00     1.00     1.00    13.00
C8             40        8     Proaim(5)    4500(GS4)                  1.00     1.00     1.00    13.00
C9             32        8     Proaim(5)    4500(GS4)                  1.00     1.00     1.00    13.00
C10            32        8     Proaim(5)    4500(GS4)                  1.00     1.00     1.00    13.00
H11            22        8     Proaim(5)    4500(GS4)                  1.00     1.00     1.00    13.00
H12             7        8     Proaim(5)    1800(GS4)                  1.00     1.00     1.00    13.00
H13            23        8     Proaim(5)    4500(GS4)                  1.00     1.00     1.00    13.00
H14             7        8     Proaim(5)    1800(GS4)                  1.00     1.00     1.00    13.00
H15             9        8     Proaim(5)    1800(GS4)                  1.00     1.00     1.00    13.00
H16             9        8     Proaim(5)    1800(GS4)                  1.00     1.00     1.00    13.00
C17            40        8     Proaim(5)    5400(GS5)                  1.00     1.00     1.00    13.00
C18            38        8     Proaim(5)    4500(GS4)                  1.00     1.00     1.00    13.00
O19            25        8     Proaim(5)    4500(GS4)                  1.00     1.00     1.00    13.00
O20            24        8     Proaim(5)    4500(GS4)                  1.00     1.00     1.00    13.00
O21            27        8     Proaim(5)    4500(GS4)                  1.00     1.00     1.00    13.00
O22            28        8     Proaim(5)    4500(GS4)                  1.00     1.00     1.00    13.00
C23            27        8     Proaim(5)    5400(GS5)                  1.00     1.00     1.00    13.00
H24             7        8     Proaim(5)    1800(GS4)                  1.00     1.00     1.00    13.00
H25             8        8     Proaim(5)    1800(GS4)                  1.00     1.00     1.00    13.00
H26             9        8     Proaim(5)    1800(GS4)                  1.00     1.00     1.00    13.00
C27            27        8     Proaim(5)    5400(GS5)                  1.00     1.00     1.00    13.00
H28             7        8     Proaim(5)    1800(GS4)                  1.00     1.00     1.00    13.00
H29             7        8     Proaim(5)    1800(GS4)                  1.00     1.00     1.00    13.00
H30             8        8     Proaim(5)    1800(GS4)                  1.00     1.00     1.00    13.00
------------------------------------------------------------------------------------------------------
Total         762
Note:  Total wall clock time is less than total of atomic times if more than one atom
       was calculated at a time
 
Electron Density Critical Point Analysis of Molecular Structure:               
---------------------------------------------------------------                
  NACP = Nuclear Attractor Critical Point                                      
  NNACP = Non-Nuclear Attractor Critical Point                                 
  BCP = Bond Critical Point                                                    
  RCP = Ring Critical Point                                                    
  CCP = Cage Critical Point                                                    
  Rho = Electron Density                                                       
  GradRho = Gradient of Electron Density                                       
  HessRho_EigVals = Eigenvalues of the Hessian of Rho, Ascending Order         
  HessRho_EigVecs = Eigenvectors of the Hessian of Rho                         
  DelSqRho = Laplacian of Rho = Trace of Hessian of Rho                        
  Bond Ellipticity = (HessRho_EigVal(1) / HessRho_EigVal(2)) - 1               
  V = Virial Field = Potential Energy Density = Trace of Stress Tensor         
  G = Lagrangian Form of Kinetic Energy Density                                
  K = Hamiltonian Form of Kinetic Energy Density                               
  L = K - G = Lagrangian Density = (-1/4)DelSqRho                              
  Vnuc = Electrostatic Potential from Nuclei                                   
  Ven = Electron-nuclear attractive contribution to Virial Field V             
  Vrep = V - Ven = Repulsive contribution to Virial Field V                    
  DelSqV = Laplacian of V                                                      
  DelSqVen = Laplacian of Ven                                                  
  DelSqVrep = Laplacian of Vrep                                                
  DelSqG = Laplacian of G                                                      
  DelSqK = Laplacian of K                                                      
  Stress_EigVals = Eigenvalues of Stress Tensor, Ascending Order               
  Stress_EigVecs = Eigenvectors of Stress Tensor                               
  -DivStress = Ehrenfest Force Density = Minus Divergence of Stress Tensor     
  ESP = Total Electrostatic Potential                                          
  ESPe = Electrostatic Potential from Electrons                                
  ESPn = Electrostatic Potential from Nuclei                                   
  BP = Bond Path                                                               
  BPL = Bond Path Length                                                       
  GBL = Geometric Bond Length                                                  
  GBL_I = Distance Between Nuclear Attractors                                  
  GBL_II = Distance Between Nuclei                                             
  GBL_III = Sum of Distances Between BCP and Nuclear Attractors                
  GBL_IV = Sum of Distances Between BCP and Nuclei                             

CP# 1      Coords =  2.38162874254746E+00 -1.53957154514652E+00 -2.14581982084357E-01
           Type = (3,-3) NACP C1
           Rho =  1.1762614732E+02     Rho at Nucleus =  1.1762614729E+02
           GradRho = -6.2698513048E-11 -7.9946049780E-12  1.4156176231E-12
           HessRho_EigVals = -1.4490194034E+05 -1.4490092623E+05 -1.4490064038E+05
           HessRho_EigVec1 = -7.9431004101E-02  9.9623343535E-01  3.4780136188E-02
           HessRho_EigVec2 =  1.0326809444E-01 -2.6478972024E-02  9.9430104330E-01
           HessRho_EigVec3 =  9.9147688640E-01  8.2570008637E-02 -1.0077587715E-01
           DelSqRho = -4.3470350694E+05
           Bond Ellipticity = NA
           V = -1.0868625913E+05
           G =  5.1911987011E+00
           K =  1.0868106793E+05
           L =  1.0867587674E+05
           Vnuc =  1.0777609905E+07
           Ven = -1.2677287304E+09
           Vrep =  1.2676200441E+09
           DelSqV =  2.4934506806E+09
           DelSqVen =  4.6850627338E+12
           DelSqVrep = -4.6825692831E+12
           DelSqG =  1.3389689485E+08
           DelSqK = -2.6273475754E+09
           Stress_EigVals = -3.6228972576E+04 -3.6228916054E+04 -3.6228370503E+04
           Stress_EigVec1 =  9.8887783649E-01  1.1044694461E-01 -9.9609723037E-02
           Stress_EigVec2 =  1.0110310840E-01 -7.9902723746E-03  9.9484386565E-01
           Stress_EigVec3 = -1.0908155651E-01  9.9384990213E-01  1.9067932672E-02
           -DivStress =  4.4102102775E+02  1.1480784303E+02  1.3755970684E+00
           ESP =  -1.4623284634E+01     ESP at Nucleus =  -1.4623284635E+01
           ESPe = -3.8965924799E+01     ESPe at Nucleus = -3.8965924424E+01
           ESPn =  2.4342640165E+01     ESPn at Nucleus =  2.4342639789E+01

CP# 2      Coords = -2.38781841400818E+00 -1.53585012564885E+00  2.13893531418466E-01
           Type = (3,-3) NACP C2
           Rho =  1.1762613690E+02     Rho at Nucleus =  1.1762613688E+02
           GradRho =  5.4029503094E-11 -1.5906054252E-11  1.5931700403E-13
           HessRho_EigVals = -1.4490191650E+05 -1.4490090254E+05 -1.4490061662E+05
           HessRho_EigVec1 =  8.0802935332E-02  9.9613280135E-01 -3.4501126394E-02
           HessRho_EigVec2 =  1.0333000092E-01  2.6056066134E-02  9.9430578412E-01
           HessRho_EigVec3 =  9.9135956976E-01 -8.3907827396E-02 -1.0082499666E-01
           DelSqRho = -4.3470343566E+05
           Bond Ellipticity = NA
           V = -1.0868624148E+05
           G =  5.1912835759E+00
           K =  1.0868105020E+05
           L =  1.0867585892E+05
           Vnuc =  1.0802459708E+07
           Ven = -1.2706516045E+09
           Vrep =  1.2705429182E+09
           DelSqV =  2.4934502672E+09
           DelSqVen =  4.6958651638E+12
           DelSqVrep = -4.6933717135E+12
           DelSqG =  1.3389686240E+08
           DelSqK = -2.6273471296E+09
           Stress_EigVals = -3.6228966689E+04 -3.6228910166E+04 -3.6228364627E+04
           Stress_EigVec1 =  9.8874623225E-01 -1.1190935159E-01 -9.9283358341E-02
           Stress_EigVec2 =  1.0075049529E-01  7.5178299374E-03  9.9488331976E-01
           Stress_EigVec3 =  1.1059035182E-01  9.9368998146E-01 -1.8708148626E-02
           -DivStress = -4.3981810190E+02  1.1523879098E+02 -8.3588656881E-01
           ESP =  -1.4623279441E+01     ESP at Nucleus =  -1.4623279442E+01
           ESPe = -3.8963492389E+01     ESPe at Nucleus = -3.8963492015E+01
           ESPn =  2.4340212949E+01     ESPn at Nucleus =  2.4340212572E+01

CP# 3      Coords = -1.04172936949193E+00 -1.71842117481531E+00  2.35553979248518E+00
           Type = (3,-3) NACP N3
           Rho =  1.9146026652E+02     Rho at Nucleus =  1.9146023204E+02
           GradRho = -1.9883872326E-11 -2.7210567133E-11 -6.6075367400E-11
           HessRho_EigVals = -3.2219030004E+05 -3.2218847023E+05 -3.2217864634E+05
           HessRho_EigVec1 =  2.4116936864E-01  9.5640890009E-01  1.6467954173E-01
           HessRho_EigVec2 =  9.1666013074E-01 -2.8021557811E-01  2.8497970890E-01
           HessRho_EigVec3 = -3.1870290293E-01 -8.2226793782E-02  9.4428132146E-01
           DelSqRho = -9.6655741661E+05
           Bond Ellipticity = NA
           V = -2.4167185976E+05
           G =  1.6252804891E+01
           K =  2.4165560696E+05
           L =  2.4163935415E+05
           Vnuc =  4.7850445948E+05
           Ven = -9.1614591341E+07
           Vrep =  9.1372919482E+07
           DelSqV =  7.5880471063E+09
           DelSqVen =  4.6250203373E+11
           DelSqVrep = -4.5491398662E+11
           DelSqG =  4.0671445943E+08
           DelSqK = -7.9947615657E+09
           Stress_EigVals = -8.0558858526E+04 -8.0556841559E+04 -8.0556159677E+04
           Stress_EigVec1 = -2.8814164641E-01 -8.7183231954E-02  9.5361075690E-01
           Stress_EigVec2 =  9.4475766388E-01 -1.8835265450E-01  2.6824659192E-01
           Stress_EigVec3 =  1.5622851258E-01  9.7822408558E-01  1.3663927052E-01
           -DivStress = -1.7777634551E+04 -1.6412813346E+03  3.1382961872E+04
           ESP =  -1.8277935884E+01     ESP at Nucleus =  -1.8277937462E+01
           ESPe = -4.0503244111E+01     ESPe at Nucleus = -4.0503213059E+01
           ESPn =  2.2225308226E+01     ESPn at Nucleus =  2.2225275597E+01

CP# 4      Coords =  1.44131938615901E+00 -1.76450521727873E+00  2.12768066266477E+00
           Type = (3,-3) NACP N4
           Rho =  1.9145983649E+02     Rho at Nucleus =  1.9145980214E+02
           GradRho =  3.7509995110E-12  4.0953906932E-12  5.8802518410E-11
           HessRho_EigVals = -3.2219216721E+05 -3.2219048042E+05 -3.2218054657E+05
           HessRho_EigVec1 = -9.0095305353E-02  9.8203710049E-01  1.6578892970E-01
           HessRho_EigVec2 =  8.7197784594E-01  1.5820901570E-01 -4.6327588275E-01
           HessRho_EigVec3 =  4.8118340801E-01 -1.0282529168E-01  8.7056848510E-01
           DelSqRho = -9.6656319421E+05
           Bond Ellipticity = NA
           V = -2.4167332393E+05
           G =  1.6262689382E+01
           K =  2.4165706124E+05
           L =  2.4164079855E+05
           Vnuc =  4.7942583891E+05
           Ven = -9.1790792726E+07
           Vrep =  9.1549119403E+07
           DelSqV =  7.5880966292E+09
           DelSqVen =  4.6339536973E+11
           DelSqVrep = -4.5580727310E+11
           DelSqG =  4.0672053112E+08
           DelSqK = -7.9948171603E+09
           Stress_EigVals = -8.0559353163E+04 -8.0557317466E+04 -8.0556653302E+04
           Stress_EigVec1 =  4.5363746219E-01 -1.0412405794E-01  8.8508261391E-01
           Stress_EigVec2 =  8.9015889878E-01  1.0061623179E-01 -4.4440241765E-01
           Stress_EigVec3 = -4.2780694348E-02  9.8946174987E-01  1.3833024880E-01
           -DivStress =  2.2944828117E+04 -3.1918514252E+03  2.7605064570E+04
           ESP =  -1.8277899259E+01     ESP at Nucleus =  -1.8277900831E+01
           ESPe = -4.0501644255E+01     ESPe at Nucleus = -4.0501613363E+01
           ESPn =  2.2223744996E+01     ESPn at Nucleus =  2.2223712532E+01

CP# 5      Coords = -1.44786439428064E+00 -1.76147009546472E+00 -2.12852438146369E+00
           Type = (3,-3) NACP N5
           Rho =  1.9145972660E+02     Rho at Nucleus =  1.9145969225E+02
           GradRho = -3.3670003417E-11 -7.1613825980E-12  3.5124569919E-11
           HessRho_EigVals = -3.2219191299E+05 -3.2219022625E+05 -3.2218029270E+05
           HessRho_EigVec1 =  9.1501622807E-02  9.8198750660E-01 -1.6531179604E-01
           HessRho_EigVec2 =  8.7169721920E-01 -1.5924374704E-01 -4.6344944391E-01
           HessRho_EigVec3 =  4.8142643369E-01  1.0169545670E-01  8.7056684007E-01
           DelSqRho = -9.6656243193E+05
           Bond Ellipticity = NA
           V = -2.4167313315E+05
           G =  1.6262583686E+01
           K =  2.4165687057E+05
           L =  2.4164060798E+05
           Vnuc =  4.7940885483E+05
           Ven = -9.1787488275E+07
           Vrep =  9.1545815142E+07
           DelSqV =  7.5880905609E+09
           DelSqVen =  4.6337858886E+11
           DelSqVrep = -4.5579049830E+11
           DelSqG =  4.0672011635E+08
           DelSqK = -7.9948106773E+09
           Stress_EigVals = -8.0559289491E+04 -8.0557253916E+04 -8.0556589744E+04
           Stress_EigVec1 =  4.5392553731E-01  1.0301895749E-01  8.8506423551E-01
           Stress_EigVec2 =  8.8993834205E-01 -1.0178595765E-01 -4.4457773918E-01
           Stress_EigVec3 =  4.4287175585E-02  9.8945778749E-01 -1.3788376574E-01
           -DivStress = -2.2949449323E+04 -3.1469622942E+03 -2.7608034033E+04
           ESP =  -1.8277889745E+01     ESP at Nucleus =  -1.8277891317E+01
           ESPe = -4.0499081388E+01     ESPe at Nucleus = -4.0499050482E+01
           ESPn =  2.2221191643E+01     ESPn at Nucleus =  2.2221159165E+01

CP# 6      Coords =  1.03517601949606E+00 -1.71935638634853E+00 -2.35632786193073E+00
           Type = (3,-3) NACP N6
           Rho =  1.9146034988E+02     Rho at Nucleus =  1.9146031540E+02
           GradRho = -8.2236439880E-12 -5.0669468621E-12  6.4648453257E-11
           HessRho_EigVals = -3.2219047814E+05 -3.2218864754E+05 -3.2217882282E+05
           HessRho_EigVec1 = -2.3939569950E-01  9.5691435220E-01 -1.6433082980E-01
           HessRho_EigVec2 =  9.1715622986E-01  2.7841732709E-01  2.8514600121E-01
           HessRho_EigVec3 = -3.1861285142E-01  8.2454317887E-02  9.4429187033E-01
           DelSqRho = -9.6655794850E+05
           Bond Ellipticity = NA
           V = -2.4167199285E+05
           G =  1.6252861376E+01
           K =  2.4165573999E+05
           L =  2.4163948713E+05
           Vnuc =  4.7847609322E+05
           Ven = -9.1609200218E+07
           Vrep =  9.1367528225E+07
           DelSqV =  7.5880513065E+09
           DelSqVen =  4.6247487130E+11
           DelSqVrep = -4.5488681999E+11
           DelSqG =  4.0671473292E+08
           DelSqK = -7.9947660394E+09
           Stress_EigVals = -8.0558903037E+04 -8.0556885988E+04 -8.0556203824E+04
           Stress_EigVec1 = -2.8805004666E-01  8.7350730022E-02  9.5362310196E-01
           Stress_EigVec2 =  9.4506775098E-01  1.8660942442E-01  2.6837263043E-01
           Stress_EigVec3 = -1.5451251299E-01  9.7854318897E-01 -1.3630521138E-01
           -DivStress =  1.7777644074E+04 -1.6622068766E+03 -3.1384337915E+04
           ESP =  -1.8277947656E+01     ESP at Nucleus =  -1.8277949234E+01
           ESPe = -4.0503475172E+01     ESPe at Nucleus = -4.0503444125E+01
           ESPn =  2.2225527517E+01     ESPn at Nucleus =  2.2225494891E+01

CP# 7      Coords =  4.10625252517730E-01  4.70653393792564E+00 -1.07238675723747E+00
           Type = (3,-3) NACP C7
           Rho =  1.1785813181E+02     Rho at Nucleus =  1.1785813115E+02
           GradRho =  2.0680633872E-09 -4.1554224558E-10 -5.5404938415E-09
           HessRho_EigVals = -1.4525334228E+05 -1.4525325716E+05 -1.4525282442E+05
           HessRho_EigVec1 = -6.8807736602E-03  9.9344387219E-01 -1.1411366158E-01
           HessRho_EigVec2 =  9.3878310102E-01  4.5724683872E-02  3.4146089458E-01
           HessRho_EigVec3 = -3.4444004442E-01  1.0477846195E-01  9.3294294022E-01
           DelSqRho = -4.3575942386E+05
           Bond Ellipticity = NA
           V = -1.0894999857E+05
           G =  5.0713027597E+00
           K =  1.0894492727E+05
           L =  1.0893985596E+05
           Vnuc =  1.9905918593E+06
           Ven = -2.3460743774E+08
           Vrep =  2.3449848774E+08
           DelSqV =  2.4995496880E+09
           DelSqVen =  8.6741916058E+11
           DelSqVrep = -8.6491961089E+11
           DelSqG =  1.3428828654E+08
           DelSqK = -2.6338379746E+09
           Stress_EigVals = -3.6317120128E+04 -3.6316447564E+04 -3.6316430878E+04
           Stress_EigVec1 = -3.4913168104E-01  1.4108777920E-02  9.3696745497E-01
           Stress_EigVec2 =  9.3611545997E-01  5.0457524701E-02  3.4805442649E-01
           Stress_EigVec3 = -4.2366435896E-02  9.9862654711E-01 -3.0823765552E-02
           -DivStress = -8.6140553498E+02  1.6066390628E+02  2.3061506788E+03
           ESP =  -1.4763540955E+01     ESP at Nucleus =  -1.4763541018E+01
           ESPe = -3.4488726056E+01     ESPe at Nucleus = -3.4488727907E+01
           ESPn =  1.9725185102E+01     ESPn at Nucleus =  1.9725186888E+01

CP# 8      Coords = -3.89741091916967E-01  4.70553666457606E+00  1.07261927727590E+00
           Type = (3,-3) NACP C8
           Rho =  1.1785813651E+02     Rho at Nucleus =  1.1785813585E+02
           GradRho = -2.0601591544E-09 -3.9064454969E-10  5.5406919053E-09
           HessRho_EigVals = -1.4525335588E+05 -1.4525327132E+05 -1.4525283828E+05
           HessRho_EigVec1 =  6.9992668919E-03  9.9331134325E-01  1.1525443872E-01
           HessRho_EigVec2 =  9.3896422273E-01 -4.6171391211E-02  3.4090231894E-01
           HessRho_EigVec3 = -3.4394359812E-01 -1.0583372815E-01  9.3300697923E-01
           DelSqRho = -4.3575946547E+05
           Bond Ellipticity = NA
           V = -1.0895000897E+05
           G =  5.0713020943E+00
           K =  1.0894493767E+05
           L =  1.0893986637E+05
           Vnuc =  1.9905571077E+06
           Ven = -2.3460335132E+08
           Vrep =  2.3449440131E+08
           DelSqV =  2.4995499398E+09
           DelSqVen =  8.6740412826E+11
           DelSqVrep = -8.6490457832E+11
           DelSqG =  1.3428830721E+08
           DelSqK = -2.6338382471E+09
           Stress_EigVals = -3.6317123592E+04 -3.6316450959E+04 -3.6316434422E+04
           Stress_EigVec1 = -3.4911220903E-01 -1.5047888993E-02  9.3696009869E-01
           Stress_EigVec2 =  9.3610777642E-01 -5.1156555164E-02  3.4797304176E-01
           Stress_EigVec3 =  4.2695391271E-02  9.9857727187E-01  3.1945823884E-02
           -DivStress =  8.6091945775E+02  1.6339553971E+02 -2.3061842766E+03
           ESP =  -1.4763542100E+01     ESP at Nucleus =  -1.4763542164E+01
           ESPe = -3.4490904545E+01     ESPe at Nucleus = -3.4490906389E+01
           ESPn =  1.9727362444E+01     ESPn at Nucleus =  1.9727364224E+01

CP# 9      Coords = -1.35905552565413E+00  4.74646904356497E+00  3.66276898095254E+00
           Type = (3,-3) NACP C9
           Rho =  1.1747945997E+02     Rho at Nucleus =  1.1747945940E+02
           GradRho =  2.2433954139E-09  5.3432792219E-10 -4.5420900374E-09
           HessRho_EigVals = -1.4476062370E+05 -1.4475992712E+05 -1.4475981783E+05
           HessRho_EigVec1 = -3.1934942062E-01  7.3867829134E-02  9.4475366703E-01
           HessRho_EigVec2 =  6.5058782867E-01 -7.0779254975E-01  2.7525476148E-01
           HessRho_EigVec3 =  6.8902207856E-01  7.0254768546E-01  1.7797563011E-01
           DelSqRho = -4.3428036866E+05
           Bond Ellipticity = NA
           V = -1.0858065751E+05
           G =  5.2826735751E+00
           K =  1.0857537484E+05
           L =  1.0857009216E+05
           Vnuc =  2.1332261316E+06
           Ven = -2.5061025394E+08
           Vrep =  2.5050167328E+08
           DelSqV =  2.4910819461E+09
           DelSqVen =  9.2641826406E+11
           DelSqVrep = -9.2392718212E+11
           DelSqG =  1.3380608480E+08
           DelSqK = -2.6248880309E+09
           Stress_EigVals = -3.6193637872E+04 -3.6193606025E+04 -3.6193413614E+04
           Stress_EigVec1 =  6.8148847202E-01  7.0988471156E-01  1.7786837491E-01
           Stress_EigVec2 =  6.5749733679E-01 -7.0063640508E-01  2.7713873779E-01
           Stress_EigVec3 = -3.2135761172E-01  7.1918872153E-02  9.4422294042E-01
           -DivStress = -9.9894277419E+02 -2.4753705844E+02  2.0264781918E+03
           ESP =  -1.4730579337E+01     ESP at Nucleus =  -1.4730579368E+01
           ESPe = -3.2157876342E+01     ESPe at Nucleus = -3.2157872850E+01
           ESPn =  1.7427297005E+01     ESPn at Nucleus =  1.7427293482E+01

CP# 10     Coords =  1.37941176796900E+00  4.75020359281900E+00 -3.66267398050368E+00
           Type = (3,-3) NACP C10
           Rho =  1.1747942364E+02     Rho at Nucleus =  1.1747942306E+02
           GradRho = -2.2119935657E-09  5.3492393327E-10  4.5435474107E-09
           HessRho_EigVals = -1.4476056770E+05 -1.4475987137E+05 -1.4475976167E+05
           HessRho_EigVec1 = -3.1928377878E-01 -7.5059723446E-02  9.4468190759E-01
           HessRho_EigVec2 =  6.5591268618E-01  7.0199231566E-01  2.7746231612E-01
           HessRho_EigVec3 = -6.8398568458E-01  7.0821806435E-01 -1.7490213439E-01
           DelSqRho = -4.3428020073E+05
           Bond Ellipticity = NA
           V = -1.0858061556E+05
           G =  5.2826879273E+00
           K =  1.0857533287E+05
           L =  1.0857005018E+05
           Vnuc =  2.1337533507E+06
           Ven = -2.5067211383E+08
           Vrep =  2.5056353321E+08
           DelSqV =  2.4910809678E+09
           DelSqVen =  9.2664682906E+11
           DelSqVrep = -9.2415574809E+11
           DelSqG =  1.3380602208E+08
           DelSqK = -2.6248869899E+09
           Stress_EigVals = -3.6193623940E+04 -3.6193591973E+04 -3.6193399646E+04
           Stress_EigVec1 = -6.7658834211E-01  7.1531092810E-01 -1.7480987232E-01
           Stress_EigVec2 =  6.6258533930E-01  6.9496895415E-01  2.7928268998E-01
           Stress_EigVec3 = -3.2126139431E-01 -7.3132953629E-02  9.4416242650E-01
           -DivStress =  9.9706133314E+02 -2.4693952436E+02 -2.0268430025E+03
           ESP =  -1.4730574678E+01     ESP at Nucleus =  -1.4730574709E+01
           ESPe = -3.2151261542E+01     ESPe at Nucleus = -3.2151258050E+01
           ESPn =  1.7420686865E+01     ESPn at Nucleus =  1.7420683341E+01

CP# 11     Coords = -2.89758563505660E+00  3.43371562682727E+00  3.90180551101160E+00
           Type = (3,-3) NACP H11
           Rho =  4.1675770249E-01     Rho at Nucleus =  4.1311102475E-01
           GradRho =  1.9626227726E-15  5.9067334357E-16  4.6143644461E-16
           HessRho_EigVals = -6.3340592064E+00 -6.3321944302E+00 -5.7496552824E+00
           HessRho_EigVec1 = -7.6137609152E-02  2.7279236489E-01  9.5905546770E-01
           HessRho_EigVec2 = -6.5089785709E-01  7.1503678396E-01 -2.5505759590E-01
           HessRho_EigVec3 =  7.5533770203E-01  6.4366662430E-01 -1.2311877455E-01
           DelSqRho = -1.8415908919E+01
           Bond Ellipticity = NA
           V = -4.6136246343E+00
           G =  4.8237022620E-03
           K =  4.6088009320E+00
           L =  4.6039772297E+00
           Vnuc =  4.8160603579E+01
           Ven = -2.0071302498E+01
           Vrep =  1.5457677864E+01
           DelSqV =  6.9318839500E+02
           DelSqVen =  8.8692128899E+02
           DelSqVrep = -1.9373289399E+02
           DelSqG =  6.8174406350E+01
           DelSqK = -7.6136280135E+02
           Stress_EigVals = -1.5870649255E+00 -1.5870329150E+00 -1.4395267937E+00
           Stress_EigVec1 =  1.3470214670E-02  1.7266137532E-01  9.8488913223E-01
           Stress_EigVec2 = -6.5523111197E-01  7.4555421680E-01 -1.2174193906E-01
           Stress_EigVec3 =  7.5530837624E-01  6.4369011123E-01 -1.2317588030E-01
           -DivStress = -5.8567089194E+00 -5.0027823875E+00  9.3536300300E-01
           ESP =  -1.1136567719E+00     ESP at Nucleus =  -1.1160525488E+00
           ESPe = -2.0820608671E+01     ESPe at Nucleus = -2.0772511578E+01
           ESPn =  1.9706951899E+01     ESPn at Nucleus =  1.9656459029E+01

CP# 12     Coords = -2.03797552515325E+00  6.60437794974907E+00  4.15762310359770E+00
           Type = (3,-3) NACP H12
           Rho =  4.2039624893E-01     Rho at Nucleus =  4.1694515758E-01
           GradRho =  7.2481890281E-12 -1.9668389313E-11 -5.3295631797E-12
           HessRho_EigVals = -6.4009811279E+00 -6.3987162608E+00 -5.8317947997E+00
           HessRho_EigVec1 = -1.8061891897E-01 -3.2035777118E-01  9.2991811712E-01
           HessRho_EigVec2 =  9.2465926282E-01  2.6694584205E-01  2.7156061034E-01
           HessRho_EigVec3 = -3.3523432668E-01  9.0890638454E-01  2.4800631112E-01
           DelSqRho = -1.8631492188E+01
           Bond Ellipticity = NA
           V = -4.6675256904E+00
           G =  4.8263216306E-03
           K =  4.6626993687E+00
           L =  4.6578730471E+00
           Vnuc =  4.6130589042E+01
           Ven = -1.9393126594E+01
           Vrep =  1.4725600904E+01
           DelSqV =  7.0239143274E+02
           DelSqVen =  8.5948170942E+02
           DelSqVrep = -1.5709027668E+02
           DelSqG =  6.9161404003E+01
           DelSqK = -7.7155283674E+02
           Stress_EigVals = -1.6038056082E+00 -1.6037597407E+00 -1.4599603415E+00
           Stress_EigVec1 =  4.2224903241E-01  3.8033179128E-01 -8.2283259729E-01
           Stress_EigVec2 =  8.4216929492E-01  1.7121127876E-01  5.1130966813E-01
           Stress_EigVec3 = -3.3534554317E-01  9.0886436093E-01  2.4800995970E-01
           -DivStress = -2.5421754023E+00  6.9024116947E+00  1.8640572977E+00
           ESP =  -1.1107214672E+00     ESP at Nucleus =  -1.1129844610E+00
           ESPe = -1.7810484559E+01     ESPe at Nucleus = -1.7717743680E+01
           ESPn =  1.6699763091E+01     ESPn at Nucleus =  1.6604759219E+01

CP# 13     Coords =  2.90792842453040E+00  3.42688948239455E+00 -3.90746799436223E+00
           Type = (3,-3) NACP H13
           Rho =  4.1675673751E-01     Rho at Nucleus =  4.1310972092E-01
           GradRho = -1.0850695342E-15  1.9914625504E-15  1.0304257447E-15
           HessRho_EigVals = -6.3340180247E+00 -6.3321544909E+00 -5.7495819218E+00
           HessRho_EigVec1 = -7.7630116917E-02 -2.7575268017E-01  9.5808873510E-01
           HessRho_EigVec2 =  6.5636017086E-01  7.0921463123E-01  2.5730513589E-01
           HessRho_EigVec3 =  7.5044312979E-01 -6.4882591365E-01 -1.2593666153E-01
           DelSqRho = -1.8415754437E+01
           Bond Ellipticity = NA
           V = -4.6135864491E+00
           G =  4.8239198598E-03
           K =  4.6087625292E+00
           L =  4.6039386093E+00
           Vnuc =  4.8156006901E+01
           Ven = -2.0069340328E+01
           Vrep =  1.5455753879E+01
           DelSqV =  6.9318074034E+02
           DelSqVen =  8.8682919777E+02
           DelSqVrep = -1.9364845743E+02
           DelSqG =  6.8173417379E+01
           DelSqK = -7.6135415772E+02
           Stress_EigVals = -1.5870548191E+00 -1.5870229627E+00 -1.4395086672E+00
           Stress_EigVec1 =  1.4841943767E-02 -1.7403341605E-01  9.8462789256E-01
           Stress_EigVec2 =  6.6080125056E-01  7.4074874142E-01  1.2096697626E-01
           Stress_EigVec3 =  7.5041416829E-01 -6.4884795767E-01 -1.2599565013E-01
           -DivStress =  5.8189657181E+00 -5.0430349773E+00 -9.5725542702E-01
           ESP =  -1.1136541008E+00     ESP at Nucleus =  -1.1160503747E+00
           ESPe = -2.0817472382E+01     ESPe at Nucleus = -2.0769427910E+01
           ESPn =  1.9703818281E+01     ESPn at Nucleus =  1.9653377536E+01

CP# 14     Coords =  2.07221136599444E+00  6.60484692399559E+00 -4.15051611770294E+00
           Type = (3,-3) NACP H14
           Rho =  4.2039501565E-01     Rho at Nucleus =  4.1694399103E-01
           GradRho = -5.8172442557E-12 -1.5442937727E-11  4.1358340364E-12
           HessRho_EigVals = -6.4009541957E+00 -6.3986904479E+00 -5.8317773501E+00
           HessRho_EigVec1 = -1.7759967859E-01  3.1799521788E-01  9.3130950579E-01
           HessRho_EigVec2 =  9.2275646992E-01 -2.7509145408E-01  2.6989847928E-01
           HessRho_EigVec3 =  3.4202171187E-01  9.0730575513E-01 -2.4457599087E-01
           DelSqRho = -1.8631421994E+01
           Bond Ellipticity = NA
           V = -4.6675081994E+00
           G =  4.8263504898E-03
           K =  4.6626818489E+00
           L =  4.6578554984E+00
           Vnuc =  4.6128532575E+01
           Ven = -1.9392205174E+01
           Vrep =  1.4724696974E+01
           DelSqV =  7.0238890098E+02
           DelSqVen =  8.5944015638E+02
           DelSqVrep = -1.5705125540E+02
           DelSqG =  6.9161075228E+01
           DelSqK = -7.7154997621E+02
           Stress_EigVals = -1.6037990570E+00 -1.6037532135E+00 -1.4599559290E+00
           Stress_EigVec1 =  4.1987011154E-01 -3.8046516379E-01 -8.2398746870E-01
