AIMSum (Version 19.02.13, Professional)
Copyright (c) 1997-2019 by Todd A. Keith
AIMSum is a component of the AIMAll package ( http://aim.tkgristmill.com )

TP:  64-bit Linux

Much of the Quantum Theory of Atoms in Molecules (QTAIM) is described in the book:
  "Atoms in Molecules - A Quantum Theory"
  R.F.W. Bader, Oxford University Press, Oxford, 1990

For additional references see:  http://aim.tkgristmill.com/references.html

Wfn File:  /home/mhennefarth/Documents/ML_Diels/summary-liu2014/6_11-opt/6_11-opt.wfn
Sum File:  /home/mhennefarth/Documents/ML_Diels/summary-liu2014/6_11-opt/6_11-opt.sum

SumViz File:  /home/mhennefarth/Documents/ML_Diels/summary-liu2014/6_11-opt/6_11-opt.sumviz

Wfn Title:   Title Card Required                                                           
 
Total memory allocated for AIMSum =        2.684 Megabytes

Atomic units (a.u.) used throughout, except where stated otherwise

Model:  Restricted SCF
 
Restricted, closed-shell, single-determinant wavefunction.
  Number of electrons (from MO Occs)                   =         164.0000000000
  Number of Alpha electrons (from MO Occs)             =          82.0000000000
  Number of Beta electrons (from MO Occs)              =          82.0000000000
  Number of electron pairs (N*(N-1)/2)                 =       13366.0000000000
  Number of electron pairs (from Muller 2EDM)          =       13366.0000000000
 
Nuclear Charges and Cartesian Coordinates:
-------------------------------------------------------------------------------
Atom      Charge                X                  Y                  Z
-------------------------------------------------------------------------------
C1         6.0           2.5299813700E+00  -3.2564882100E+00  -1.3049195000E-01
C2         6.0          -2.2440676500E+00  -3.4381618400E+00   1.3221076000E-01
C3         6.0          -1.3833345000E+00   2.6235320200E+00   2.4346792000E-01
H4         1.0          -2.6902872100E+00   2.6333008500E+00  -1.3559718100E+00
C5         6.0           1.1027399500E+00   2.7113417900E+00  -2.4354299000E-01
H6         1.0           2.4042989300E+00   2.8151015400E+00   1.3570654100E+00
N7         7.0          -9.6768531000E-01  -3.6022435600E+00   2.3196922500E+00
N8         7.0           1.5188336500E+00  -3.5520744600E+00   2.1770259200E+00
N9         7.0          -1.2130872900E+00  -3.6577514500E+00  -2.1751540000E+00
N10        7.0           1.2698055200E+00  -3.5176774000E+00  -2.3180248600E+00
C11        6.0           2.1079290200E+00   3.6225359900E+00  -2.7237075400E+00
H12        1.0           3.9467379800E+00   2.8124728600E+00  -3.2253369400E+00
H13        1.0           7.8240795000E-01   3.1697258800E+00  -4.2531905300E+00
C14        6.0          -2.4456653500E+00   3.4666041900E+00   2.7241618200E+00
H15        1.0          -4.2260165500E+00   2.5356355200E+00   3.2270948000E+00
H16        1.0          -1.0927509800E+00   3.1019442900E+00   4.2531994700E+00
C17        6.0           2.3279315200E+00   6.5508113100E+00  -2.4626693200E+00
H18        1.0           2.8167414800E+00   7.3349242500E+00  -4.3219310400E+00
H19        1.0           3.9292459800E+00   6.9945114800E+00  -1.2162057400E+00
C20        6.0          -2.8608780800E+00   6.3737519900E+00   2.4657849400E+00
H21        1.0          -3.4015451400E+00   7.1209765700E+00   4.3259519600E+00
H22        1.0          -4.4879580800E+00   6.7116694900E+00   1.2194338400E+00
C23        6.0          -5.6869066000E-01   7.9030241800E+00   1.4626140400E+00
H24        1.0          -8.7726531000E-01   9.8675183200E+00   2.0532069400E+00
H25        1.0           1.1448712200E+00   7.2963058400E+00   2.4645692900E+00
C26        6.0          -5.9929860000E-02   7.9236419600E+00  -1.4559514400E+00
H27        1.0           1.1987690000E-01   9.9058107800E+00  -2.0409637000E+00
H28        1.0          -1.7306358900E+00   7.2101428500E+00  -2.4603409100E+00
C29        6.0          -5.0756172800E+00  -3.1500062100E+00   3.6430170000E-01
C30        6.0           5.3302575800E+00  -2.7494157600E+00  -3.6200194000E-01
O31        8.0           6.2696055300E+00  -1.8087448400E+00  -2.2217569900E+00
O32        8.0          -6.0882765900E+00  -2.3252070800E+00   2.2403438300E+00
O33        8.0          -6.2633267700E+00  -3.8894007500E+00  -1.7401947900E+00
O34        8.0           6.5788416300E+00  -3.4427812600E+00   1.7225815300E+00
C35        6.0           9.2595150700E+00  -2.9741266900E+00   1.6734411400E+00
H36        1.0           9.9582927800E+00  -3.6273234400E+00   3.4964576000E+00
H37        1.0           1.0142496410E+01  -4.0227199900E+00   1.2869926000E-01
H38        1.0           9.6296481600E+00  -9.5776803000E-01   1.4233048500E+00
C39        6.0          -8.9720118100E+00  -3.6300691200E+00  -1.6895303200E+00
H40        1.0          -9.6150949400E+00  -4.2902287500E+00  -3.5304679000E+00
H41        1.0          -9.7742426700E+00  -4.7814295000E+00  -1.7415599000E-01
H42        1.0          -9.4975933400E+00  -1.6551248700E+00  -1.3915037500E+00
 
Some Atomic Properties:
----------------------
  q(A) = Net Charge of Atom A
  L(A) = Lagrangian of Atom A = -(1/4) Times Atomic Integral of the Laplacian of the Electron Density
  K(A) = Electronic Kinetic Energy of Atom A (Hamiltonian Form)
  K_Scaled(A) = K(A) * E(Mol)/K(Mol) = Approximation to Virial-Based Total Energy of Atom A.
  |Mu_Intra(A)| = Magnitude of Intraatomic Dipole Moment of Atom A
--------------------------------------------------------------------------------------------------
Atom A          q(A)              L(A)              K(A)          K_Scaled(A)      |Mu_Intra(A)|
--------------------------------------------------------------------------------------------------
C1        1.0443968132E+00 -7.1801707313E-05  3.7159402425E+01 -3.7502781687E+01  5.3584935770E-01
C2        1.0447435825E+00  4.2704526895E-05  3.7158660208E+01 -3.7502032611E+01  5.3647005834E-01
C3       -7.3976239900E-02 -6.2251792011E-05  3.7764131240E+01 -3.8113098625E+01  2.1121751621E-01
H4        1.5138094580E-02  2.9757295670E-05  6.0827656390E-01 -6.1389747122E-01  1.5649335948E-01
C5       -7.3899951100E-02  2.5547801888E-05  3.7764652573E+01 -3.8113624775E+01  2.1069036859E-01
H6        1.5008576020E-02  3.6381049579E-05  6.0842326818E-01 -6.1404553115E-01  1.5644829731E-01
N7       -5.3344293780E-01 -6.4282377717E-05  5.4556142451E+01 -5.5060279942E+01  6.2634241984E-01
N8       -5.4277819830E-01  3.8886038184E-05  5.4564671826E+01 -5.5068888135E+01  6.2647524556E-01
N9       -5.4231342380E-01  8.1294507106E-05  5.4564866465E+01 -5.5069084572E+01  6.2618574140E-01
N10      -5.3349465240E-01  4.5662371135E-05  5.4555825575E+01 -5.5059960138E+01  6.2676793662E-01
C11       2.6526969700E-02  1.2132078844E-04  3.7671045052E+01 -3.8019152255E+01  1.1590785392E-01
H12       3.0420957640E-02  1.9343732743E-06  6.0463589473E-01 -6.1022315969E-01  1.4275883710E-01
H13       8.2312969700E-03  3.2030461674E-05  6.1222740773E-01 -6.1788482366E-01  1.5604949514E-01
C14       2.7046727500E-02  1.7729714151E-04  3.7670819830E+01 -3.8018924952E+01  1.1499616667E-01
H15       2.9313700560E-02  3.8268467291E-05  6.0502989745E-01 -6.1062080327E-01  1.4346564789E-01
H16       8.4462627600E-03  3.0346412446E-05  6.1216348816E-01 -6.1782031343E-01  1.5598070243E-01
C17       1.7167238100E-02  1.2273056409E-04  3.7655389703E+01 -3.8003352239E+01  3.9859681799E-02
H18       2.3526326000E-04  2.6393026671E-05  6.1672848771E-01 -6.2242749681E-01  1.5906446316E-01
H19      -6.7551700000E-03  3.4113451890E-05  6.1889968077E-01 -6.2461875324E-01  1.6145862862E-01
C20       1.6870420900E-02 -1.6420542492E-04  3.7655403185E+01 -3.8003365845E+01  3.9133406736E-02
H21       1.7350152000E-04  2.6186309615E-05  6.1675227982E-01 -6.2245150878E-01  1.5909088154E-01
H22      -6.7937961000E-03  2.5169825984E-05  6.1886891716E-01 -6.2458770535E-01  1.6148792637E-01
C23       1.2817925900E-02  7.5591235319E-05  3.7645720055E+01 -3.7993593237E+01  2.7433116195E-02
H24      -5.1348771000E-03  2.6780474133E-05  6.2262818356E-01 -6.2838171004E-01  1.5920628827E-01
H25      -4.8970544000E-03  4.1666087723E-05  6.1889518041E-01 -6.2461421129E-01  1.6019254354E-01
C26       1.2525868400E-02 -1.3272637494E-04  3.7645501994E+01 -3.7993373161E+01  2.7657558266E-02
H27      -5.1502796000E-03  2.3207973569E-05  6.2262217269E-01 -6.2837564363E-01  1.5921796990E-01
H28      -4.8924315000E-03  2.9037949868E-05  6.1876745683E-01 -6.2448530745E-01  1.6026208763E-01
C29       1.6775321131E+00 -3.2636192071E-04  3.6618239859E+01 -3.6956618394E+01  7.1878028122E-01
C30       1.6778033997E+00  4.4597170653E-05  3.6618717202E+01 -3.6957100148E+01  7.1782044185E-01
O31      -1.1738930306E+00  6.3532460529E-05  7.5332633439E+01 -7.6028760458E+01  5.7731640604E-01
O32      -1.1738032178E+00  4.6785892468E-05  7.5333026690E+01 -7.6029157343E+01  5.7782315126E-01
O33      -1.0881440340E+00 -2.7076369942E-04  7.5284950398E+01 -7.5980636792E+01  2.6713568811E-01
O34      -1.0877545385E+00  1.8327172507E-04  7.5284963541E+01 -7.5980650056E+01  2.6655736778E-01
C35       4.1525414080E-01 -3.2512418274E-04  3.7436420924E+01 -3.7782360034E+01  6.1861040152E-01
H36       5.8948067780E-02  2.4395270473E-05  5.9633819942E-01 -6.0184878778E-01  1.4351149222E-01
H37       6.1817696100E-02  2.9351320287E-05  5.9353575022E-01 -5.9902044196E-01  1.4678120489E-01
H38       6.0381151870E-02  2.5372960860E-05  5.9413995807E-01 -5.9963023312E-01  1.4710406518E-01
C39       4.1578384880E-01 -1.3888048208E-05  3.7436323976E+01 -3.7782262189E+01  6.1895027165E-01
H40       5.8830473460E-02  2.5530611895E-05  5.9639034208E-01 -6.0190141228E-01  1.4353447405E-01
H41       6.1664856320E-02  2.7743511868E-05  5.9359282170E-01 -5.9907804082E-01  1.4681438368E-01
H42       6.0321074690E-02  2.8362549008E-05  5.9415152597E-01 -5.9964190792E-01  1.4715149376E-01
--------------------------------------------------------------------------------------------------
Total     2.7618923000E-04  1.9984607909E-04  1.0555505761E+03 -1.0653046129E+03
 
1st Largest |L(A)| = 3.2636192071E-04, atom C29     
2nd Largest |L(A)| = 3.2512418274E-04, atom C35     
 
Molecular charge q(Mol) from the wfn file:   0.0000000000E+00
Molecular energy E(Mol) from the wfn file:  -1.0653046188E+03
Molecular virial ratio (-V(Mol)/T(Mol)) from the wfn file:   2.0092407100E+00
Note.  K_Scaled(A) = (1+V(Mol)/T(Mol))*K(A) = (E(Mol)/T(Mol))*K(A)
       Only use K_Scaled(A) data with caution.
 
N_AIMInt(SumA)     =        163.999724
N_Analytic(Mol)    =        163.999976
 
G_AIMInt(SumA)     =       1055.550376
G_Analytic(Mol)    =       1055.550524
 
K_AIMInt(SumA)     =       1055.550576
K_Analytic(Mol)    =       1055.550524
 
L_AIMInt(SumA)     =          0.000200
L_Analytic(Mol)    =          0.000000
 
VenT_AIMInt(SumA)  =      -6224.530600
VenT_Analytic(Mol) =      -6224.537345
 
Some Information About the Atomic Calculations:
----------------------------------------------
  Time(sec) = "Elapsed User Time", in Seconds, for Atom A by AIMInt and, if used, by TWOe
  NProc = Number of Processors Used for AIMInt Job
  BIM = Basin Integration Method
  OAQ = Angular Quadrature Outside of Beta Sphere
  ORQ = Multiple of Default for Radial Quadrature Outside of Beta Sphere
  IAQ = Multiple of Default for Angular Quadrature Inside of Beta Sphere
  IRQ = Multiple of Default for Radial Quadrature Inside of Beta Sphere
  MIR = Maximum Integration Radius
------------------------------------------------------------------------------------------------------
Atom A     Time(sec)   NProc      BIM          OAQ                     ORQ      IAQ      IRQ      MIR
------------------------------------------------------------------------------------------------------
C1             59        8     Proaim(5)    4500(GS4)                  1.00     1.00     1.00    13.00
C2             61        8     Proaim(5)    4500(GS4)                  1.00     1.00     1.00    13.00
C3             81        8     Proaim(5)    4500(GS4)                  1.00     1.00     1.00    13.00
H4             16        8     Proaim(5)    1800(GS4)                  1.00     1.00     1.00    13.00
C5             78        8     Proaim(5)    4500(GS4)                  1.00     1.00     1.00    13.00
H6             16        8     Proaim(5)    1800(GS4)                  1.00     1.00     1.00    13.00
N7             34        8     Proaim(5)    4500(GS4)                  1.00     1.00     1.00    13.00
N8             34        8     Proaim(5)    4500(GS4)                  1.00     1.00     1.00    13.00
N9             33        8     Proaim(5)    4500(GS4)                  1.00     1.00     1.00    13.00
N10            33        8     Proaim(5)    4500(GS4)                  1.00     1.00     1.00    13.00
C11            61        8     Proaim(5)    6300(GS6)                  1.00     1.00     1.00    13.00
H12            21        8     Proaim(5)    4500(GS4)                  1.00     1.00     1.00    13.00
H13            12        8     Proaim(5)    1800(GS4)                  1.00     1.00     1.00    13.00
C14            57        8     Proaim(5)    4500(GS4)                  1.00     1.00     1.00    13.00
H15            21        8     Proaim(5)    4500(GS4)                  1.00     1.00     1.00    13.00
H16            12        8     Proaim(5)    1800(GS4)                  1.00     1.00     1.00    13.00
C17            51        8     Proaim(5)    4500(GS4)                  1.00     1.00     1.00    13.00
H18            10        8     Proaim(5)    1800(GS4)                  1.00     1.00     1.00    13.00
H19            11        8     Proaim(5)    1800(GS4)                  1.00     1.00     1.00    13.00
C20            50        8     Proaim(5)    4500(GS4)                  1.00     1.00     1.00    13.00
H21             9        8     Proaim(5)    1800(GS4)                  1.00     1.00     1.00    13.00
H22            12        8     Proaim(5)    1800(GS4)                  1.00     1.00     1.00    13.00
C23            49        8     Proaim(5)    4500(GS4)                  1.00     1.00     1.00    13.00
H24             9        8     Proaim(5)    1800(GS4)                  1.00     1.00     1.00    13.00
H25            13        8     Proaim(5)    1800(GS4)                  1.00     1.00     1.00    13.00
C26            49        8     Proaim(5)    4500(GS4)                  1.00     1.00     1.00    13.00
H27             9        8     Proaim(5)    1800(GS4)                  1.00     1.00     1.00    13.00
H28            13        8     Proaim(5)    1800(GS4)                  1.00     1.00     1.00    13.00
C29            48        8     Proaim(5)    4500(GS4)                  1.00     1.00     1.00    13.00
C30            46        8     Proaim(5)    4500(GS4)                  1.00     1.00     1.00    13.00
O31            31        8     Proaim(5)    4500(GS4)                  1.00     1.00     1.00    13.00
O32            31        8     Proaim(5)    4500(GS4)                  1.00     1.00     1.00    13.00
O33            34        8     Proaim(5)    4500(GS4)                  1.00     1.00     1.00    13.00
O34            33        8     Proaim(5)    4500(GS4)                  1.00     1.00     1.00    13.00
C35            33        8     Proaim(5)    4500(GS4)                  1.00     1.00     1.00    13.00
H36             9        8     Proaim(5)    1800(GS4)                  1.00     1.00     1.00    13.00
H37             9        8     Proaim(5)    1800(GS4)                  1.00     1.00     1.00    13.00
H38            10        8     Proaim(5)    1800(GS4)                  1.00     1.00     1.00    13.00
C39            32        8     Proaim(5)    4500(GS4)                  1.00     1.00     1.00    13.00
H40             8        8     Proaim(5)    1800(GS4)                  1.00     1.00     1.00    13.00
H41             9        8     Proaim(5)    1800(GS4)                  1.00     1.00     1.00    13.00
H42            10        8     Proaim(5)    1800(GS4)                  1.00     1.00     1.00    13.00
------------------------------------------------------------------------------------------------------
Total        1257
Note:  Total wall clock time is less than total of atomic times if more than one atom
       was calculated at a time
 
Electron Density Critical Point Analysis of Molecular Structure:               
---------------------------------------------------------------                
  NACP = Nuclear Attractor Critical Point                                      
  NNACP = Non-Nuclear Attractor Critical Point                                 
  BCP = Bond Critical Point                                                    
  RCP = Ring Critical Point                                                    
  CCP = Cage Critical Point                                                    
  Rho = Electron Density                                                       
  GradRho = Gradient of Electron Density                                       
  HessRho_EigVals = Eigenvalues of the Hessian of Rho, Ascending Order         
  HessRho_EigVecs = Eigenvectors of the Hessian of Rho                         
  DelSqRho = Laplacian of Rho = Trace of Hessian of Rho                        
  Bond Ellipticity = (HessRho_EigVal(1) / HessRho_EigVal(2)) - 1               
  V = Virial Field = Potential Energy Density = Trace of Stress Tensor         
  G = Lagrangian Form of Kinetic Energy Density                                
  K = Hamiltonian Form of Kinetic Energy Density                               
  L = K - G = Lagrangian Density = (-1/4)DelSqRho                              
  Vnuc = Electrostatic Potential from Nuclei                                   
  Ven = Electron-nuclear attractive contribution to Virial Field V             
  Vrep = V - Ven = Repulsive contribution to Virial Field V                    
  DelSqV = Laplacian of V                                                      
  DelSqVen = Laplacian of Ven                                                  
  DelSqVrep = Laplacian of Vrep                                                
  DelSqG = Laplacian of G                                                      
  DelSqK = Laplacian of K                                                      
  Stress_EigVals = Eigenvalues of Stress Tensor, Ascending Order               
  Stress_EigVecs = Eigenvectors of Stress Tensor                               
  -DivStress = Ehrenfest Force Density = Minus Divergence of Stress Tensor     
  ESP = Total Electrostatic Potential                                          
  ESPe = Electrostatic Potential from Electrons                                
  ESPn = Electrostatic Potential from Nuclei                                   
  BP = Bond Path                                                               
  BPL = Bond Path Length                                                       
  GBL = Geometric Bond Length                                                  
  GBL_I = Distance Between Nuclear Attractors                                  
  GBL_II = Distance Between Nuclei                                             
  GBL_III = Sum of Distances Between BCP and Nuclear Attractors                
  GBL_IV = Sum of Distances Between BCP and Nuclei                             

CP# 1      Coords =  2.52998088610398E+00 -3.25648831377928E+00 -1.30491967786720E-01
           Type = (3,-3) NACP C1
           Rho =  1.1763509654E+02     Rho at Nucleus =  1.1763509652E+02
           GradRho = -2.9078545127E-11  2.5872054499E-11 -1.6190104812E-12
           HessRho_EigVals = -1.4491591686E+05 -1.4491488889E+05 -1.4491462250E+05
           HessRho_EigVec1 = -1.3080798274E-01  9.9083629587E-01  3.3655704349E-02
           HessRho_EigVec2 =  6.9185649349E-02 -2.4741419144E-02  9.9729695081E-01
           HessRho_EigVec3 =  9.8899070652E-01  1.3278289408E-01 -6.5315277400E-02
           DelSqRho = -4.3474542825E+05
           Bond Ellipticity = NA
           V = -1.0869672628E+05
           G =  5.1846105059E+00
           K =  1.0869154167E+05
           L =  1.0868635706E+05
           Vnuc =  1.2115878822E+07
           Ven = -1.4252525749E+09
           Vrep =  1.4251438782E+09
           DelSqV =  2.4936931997E+09
           DelSqVen =  5.2673212580E+12
           DelSqVrep = -5.2648275648E+12
           DelSqG =  1.3391260099E+08
           DelSqK = -2.6276058007E+09
           Stress_EigVals = -3.6232460639E+04 -3.6232407610E+04 -3.6231858035E+04
           Stress_EigVec1 =  9.8562864739E-01  1.5780697731E-01 -6.0275429189E-02
           Stress_EigVec2 =  6.2202875432E-02 -7.2990265963E-03  9.9803683624E-01
           Stress_EigVec3 = -1.5705722441E-01  9.8744300196E-01  1.7010177463E-02
           -DivStress =  3.9788226120E+02  8.2112415927E+01  1.4570865863E+01
           ESP =  -1.4627607694E+01     ESP at Nucleus =  -1.4627607695E+01
           ESPe = -4.1828208592E+01     ESPe at Nucleus = -4.1828208231E+01
           ESPn =  2.7200600898E+01     ESPn at Nucleus =  2.7200600536E+01

CP# 2      Coords = -2.24406715363768E+00 -3.43816190864574E+00  1.32210778441210E-01
           Type = (3,-3) NACP C2
           Rho =  1.1763519891E+02     Rho at Nucleus =  1.1763519889E+02
           GradRho =  3.2626568114E-11  1.1231932051E-11  1.9802215423E-12
           HessRho_EigVals = -1.4491607684E+05 -1.4491504576E+05 -1.4491477932E+05
           HessRho_EigVec1 =  5.6124904617E-02  9.9786691255E-01 -3.3340964706E-02
           HessRho_EigVec2 =  6.5138443285E-02  2.9662838335E-02  9.9743526067E-01
           HessRho_EigVec3 =  9.9629663168E-01 -5.8152737405E-02 -6.3334673316E-02
           DelSqRho = -4.3474590193E+05
           Bond Ellipticity = NA
           V = -1.0869684318E+05
           G =  5.1838495452E+00
           K =  1.0869165933E+05
           L =  1.0868647548E+05
           Vnuc =  1.1965904375E+07
           Ven = -1.4076115413E+09
           Vrep =  1.4075028444E+09
           DelSqV =  2.4936959216E+09
           DelSqVen =  5.2021312881E+12
           DelSqVrep = -5.1996375921E+12
           DelSqG =  1.3391277868E+08
           DelSqK = -2.6276087003E+09
           Stress_EigVals = -3.6232499893E+04 -3.6232446740E+04 -3.6231896547E+04
           Stress_EigVec1 =  9.9498700820E-01 -8.2546086319E-02 -5.6453495442E-02
           Stress_EigVec2 =  5.7697620962E-02  1.2763043595E-02  9.9825251778E-01
           Stress_EigVec3 =  8.1681320077E-02  9.9650551848E-01 -1.7461775363E-02
           -DivStress = -4.0795307258E+02  5.3087297506E+01 -1.5101113923E+01
           ESP =  -1.4627642765E+01     ESP at Nucleus =  -1.4627642766E+01
           ESPe = -4.1844747885E+01     ESPe at Nucleus = -4.1844747524E+01
           ESPn =  2.7217105121E+01     ESPn at Nucleus =  2.7217104758E+01

CP# 3      Coords = -1.38333562663946E+00  2.62353160921765E+00  2.43468441153328E-01
           Type = (3,-3) NACP C3
           Rho =  1.1774007796E+02     Rho at Nucleus =  1.1774007784E+02
           GradRho = -4.3588166236E-10 -1.6077791876E-10  1.9522750083E-10
           HessRho_EigVals = -1.4509755268E+05 -1.4509668297E+05 -1.4509627035E+05
           HessRho_EigVec1 = -1.9942821296E-01  9.7985614175E-01  1.0503778125E-02
           HessRho_EigVec2 =  3.5925280767E-01  6.3136875642E-02  9.3110211852E-01
           HessRho_EigVec3 =  9.1168295369E-01  1.8946154336E-01 -3.6460734432E-01
           DelSqRho = -4.3529050600E+05
           Bond Ellipticity = NA
           V = -1.0883285346E+05
           G =  5.1134814126E+00
           K =  1.0882773998E+05
           L =  1.0882262650E+05
           Vnuc =  4.5887975417E+06
           Ven = -5.4028538030E+08
           Vrep =  5.4017654745E+08
           DelSqV =  2.4968622296E+09
           DelSqVen =  1.9974599148E+12
           DelSqVrep = -1.9949630853E+12
           DelSqG =  1.3413194449E+08
           DelSqK = -2.6309941741E+09
           Stress_EigVals = -3.6277877106E+04 -3.6277712446E+04 -3.6277263910E+04
           Stress_EigVec1 =  9.7815244476E-01  6.2154899527E-02 -1.9837984595E-01
           Stress_EigVec2 =  1.9297510942E-01  8.3448344650E-02  9.7764870016E-01
           Stress_EigVec3 = -7.7320126488E-02  9.9457183865E-01 -6.9630853793E-02
           -DivStress =  9.1423170083E+02  3.2979280759E+02 -4.2829162567E+02
           ESP =  -1.4750865721E+01     ESP at Nucleus =  -1.4750865738E+01
           ESPe = -4.0608144991E+01     ESPe at Nucleus = -4.0608145917E+01
           ESPn =  2.5857279269E+01     ESPn at Nucleus =  2.5857280180E+01

CP# 4      Coords = -2.66901934065727E+00  2.63331692812932E+00 -1.32978895982880E+00
           Type = (3,-3) NACP H4
           Rho =  4.2860668896E-01     Rho at Nucleus =  4.2512897112E-01
           GradRho = -1.0473392986E-16 -6.4705185654E-16  1.0824674490E-15
           HessRho_EigVals = -6.5480228706E+00 -6.5400490190E+00 -5.9648712509E+00
           HessRho_EigVec1 =  7.6286448215E-01 -1.8510064251E-01 -6.1949619371E-01
           HessRho_EigVec2 =  1.4516028609E-01  9.8271689409E-01 -1.1487383257E-01
           HessRho_EigVec3 =  6.3005259560E-01 -2.2930779147E-03  7.7654907673E-01
           DelSqRho = -1.9052943140E+01
           Bond Ellipticity = NA
           V = -4.7729791437E+00
           G =  4.8716792770E-03
           K =  4.7681074644E+00
           L =  4.7632357851E+00
           Vnuc =  5.5316418772E+01
           Ven = -2.3708987095E+01
           Vrep =  1.8936007951E+01
           DelSqV =  7.1869433453E+02
           DelSqVen =  1.0539405816E+03
           DelSqVrep = -3.3524624707E+02
           DelSqG =  7.0933513151E+01
           DelSqK = -7.8962784768E+02
           Stress_EigVals = -1.6402678390E+00 -1.6392754523E+00 -1.4934358524E+00
           Stress_EigVec1 =  7.6662524306E-01 -1.4908935214E-01 -6.2454631677E-01
           Stress_EigVec2 =  1.1567205408E-01  9.8882371915E-01 -9.4061832599E-02
           Stress_EigVec3 =  6.3158982941E-01 -1.3238004924E-04  7.7530269564E-01
           -DivStress = -4.8584931682E+00 -5.9013460781E-03 -5.9797832754E+00
           ESP =  -1.1157769072E+00     ESP at Nucleus =  -1.1180876981E+00
           ESPe = -2.6786968058E+01     ESPe at Nucleus = -2.6692915985E+01
           ESPn =  2.5671191151E+01     ESPn at Nucleus =  2.5574828286E+01

CP# 5      Coords =  1.10274110592961E+00  2.71134145732581E+00 -2.43543508101255E-01
           Type = (3,-3) NACP C5
           Rho =  1.1774058634E+02     Rho at Nucleus =  1.1774058621E+02
           GradRho =  4.6420576064E-10 -1.2887718670E-10 -1.9696366760E-10
           HessRho_EigVals = -1.4509825153E+05 -1.4509737845E+05 -1.4509696613E+05
           HessRho_EigVec1 =  1.2908753221E-01  9.9156898160E-01 -1.1285555218E-02
           HessRho_EigVec2 =  3.6299280016E-01 -3.6659271942E-02  9.3107052623E-01
           HessRho_EigVec3 =  9.2280693325E-01 -1.2428617183E-01 -3.6466465613E-01
           DelSqRho = -4.3529259611E+05
           Bond Ellipticity = NA
           V = -1.0883337558E+05
           G =  5.1132779634E+00
           K =  1.0882826231E+05
           L =  1.0882314903E+05
           Vnuc =  4.5812808277E+06
           Ven = -5.3940269081E+08
           Vrep =  5.3929385744E+08
           DelSqV =  2.4968742419E+09
           DelSqVen =  1.9941974344E+12
           DelSqVrep = -1.9917005601E+12
           DelSqG =  1.3413265948E+08
           DelSqK = -2.6310069014E+09
           Stress_EigVals = -3.6278051498E+04 -3.6277886742E+04 -3.6277437344E+04
           Stress_EigVec1 =  9.7976685121E-01  7.0566781600E-03 -2.0001780063E-01
           Stress_EigVec2 =  2.0002841833E-01 -6.8225381174E-02  9.7741185241E-01
           Stress_EigVec3 =  6.7490098172E-03  9.9764497726E-01  6.8256503056E-02
           -DivStress = -9.3775738446E+02  2.6639044195E+02  4.2579890921E+02
           ESP =  -1.4750883446E+01     ESP at Nucleus =  -1.4750883462E+01
           ESPe = -4.0629879711E+01     ESPe at Nucleus = -4.0629880620E+01
           ESPn =  2.5878996266E+01     ESPn at Nucleus =  2.5878997158E+01

CP# 6      Coords =  2.38311140501053E+00  2.81358862430168E+00  1.33086738622904E+00
           Type = (3,-3) NACP H6
           Rho =  4.2865277592E-01     Rho at Nucleus =  4.2517561736E-01
           GradRho = -1.0283657606E-15 -4.9266146718E-16 -4.4929338028E-16
           HessRho_EigVals = -6.5488112533E+00 -6.5408235841E+00 -5.9656723731E+00
           HessRho_EigVec1 =  7.4863730146E-01  2.3710265910E-01 -6.1913206985E-01
           HessRho_EigVec2 = -2.1371948837E-01  9.7031786292E-01  1.1316901165E-01
           HessRho_EigVec3 =  6.2758758047E-01  4.7598045706E-02  7.7708960544E-01
           DelSqRho = -1.9055307211E+01
           Bond Ellipticity = NA
           V = -4.7735768961E+00
           G =  4.8750467485E-03
           K =  4.7687018494E+00
           L =  4.7638268026E+00
           Vnuc =  5.5362127938E+01
           Ven = -2.3731129821E+01
           Vrep =  1.8957552925E+01
           DelSqV =  7.1878780309E+02
           DelSqVen =  1.0549423557E+03
           DelSqVrep = -3.3615455260E+02
           DelSqG =  7.0943758327E+01
           DelSqK = -7.8973156141E+02
           Stress_EigVals = -1.6404653994E+00 -1.6394713315E+00 -1.4936401653E+00
           Stress_EigVec1 =  7.5486862375E-01  2.0168789767E-01 -6.2409562793E-01
           Stress_EigVec2 = -1.8490511329E-01  9.7839023809E-01  9.2534539971E-02
           Stress_EigVec3 =  6.2927216683E-01  4.5547051950E-02  7.7584921609E-01
           -DivStress =  4.8408749851E+00  3.4341524423E-01  5.9839729361E+00
           ESP =  -1.1158716120E+00     ESP at Nucleus =  -1.1181806563E+00
           ESPe = -2.6828503599E+01     ESPe at Nucleus = -2.6734683212E+01
           ESPn =  2.5712631987E+01     ESPn at Nucleus =  2.5616502556E+01

CP# 7      Coords = -9.67677684592728E-01 -3.60224238290089E+00  2.31967978298499E+00
           Type = (3,-3) NACP N7
           Rho =  1.9146448451E+02     Rho at Nucleus =  1.9146444988E+02
           GradRho = -5.1318949090E-12 -3.9910796890E-11 -6.1461946643E-11
           HessRho_EigVals = -3.2219837500E+05 -3.2219656095E+05 -3.2218676183E+05
           HessRho_EigVec1 =  2.0469527726E-01  9.5987848874E-01  1.9165889052E-01
           HessRho_EigVec2 =  9.1424393877E-01 -2.5743381983E-01  3.1286714247E-01
           HessRho_EigVec3 = -3.4965392018E-01 -1.1118055249E-01  9.3025857741E-01
           DelSqRho = -9.6658169778E+05
           Bond Ellipticity = NA
           V = -2.4167792343E+05
           G =  1.6249492475E+01
           K =  2.4166167394E+05
           L =  2.4164542444E+05
           Vnuc =  4.7746667256E+05
           Ven = -9.1417910333E+07
           Vrep =  9.1176232410E+07
           DelSqV =  7.5882382478E+09
           DelSqVen =  4.6151054688E+11
           DelSqVrep = -4.5392230863E+11
           DelSqG =  4.0672599816E+08
           DelSqK = -7.9949642460E+09
           Stress_EigVals = -8.0560873020E+04 -8.0558864142E+04 -8.0558186267E+04
           Stress_EigVec1 = -3.1978331493E-01 -1.1513234115E-01  9.4046965688E-01
           Stress_EigVec2 =  9.4043817687E-01 -1.5945011653E-01  3.0025271991E-01
           Stress_EigVec3 =  1.1538919781E-01  9.8046937961E-01  1.5926433584E-01
           -DivStress = -1.8826730613E+04 -2.9070921706E+03  3.0766422873E+04
           ESP =  -1.8283098887E+01     ESP at Nucleus =  -1.8283100470E+01
           ESPe = -4.3238830979E+01     ESPe at Nucleus = -4.3238798482E+01
           ESPn =  2.4955732092E+01     ESPn at Nucleus =  2.4955698012E+01

CP# 8      Coords =  1.51882471169161E+00 -3.55207333476208E+00  2.17701446407174E+00
           Type = (3,-3) NACP N8
           Rho =  1.9146055472E+02     Rho at Nucleus =  1.9146052050E+02
           GradRho =  1.2361250912E-11 -4.2905040631E-11  3.5802472098E-11
           HessRho_EigVals = -3.2219567478E+05 -3.2219406395E+05 -3.2218419035E+05
           HessRho_EigVec1 = -1.5634428536E-01  9.6919651789E-01  1.9030127203E-01
           HessRho_EigVec2 =  8.7549528639E-01  2.2517904855E-01 -4.2755397273E-01
           HessRho_EigVec3 =  4.5723568096E-01 -9.9762246334E-02  8.8373244043E-01
           DelSqRho = -9.6657392909E+05
           Bond Ellipticity = NA
           V = -2.4167601884E+05
           G =  1.6268283919E+01
           K =  2.4165975056E+05
           L =  2.4164348227E+05
           Vnuc =  4.8033650203E+05
           Ven = -9.1965493131E+07
           Vrep =  9.1723817112E+07
           DelSqV =  7.5881843816E+09
           DelSqVen =  4.6428073984E+11
           DelSqVrep = -4.5669255546E+11
           DelSqG =  4.0672831002E+08
           DelSqK = -7.9949126916E+09
           Stress_EigVals = -8.0560235075E+04 -8.0558213747E+04 -8.0557570018E+04
           Stress_EigVec1 =  4.3019236865E-01 -1.0231490017E-01  8.9692039065E-01
           Stress_EigVec2 =  8.9747668622E-01  1.5557805667E-01 -4.1271184375E-01
           Stress_EigVec3 = -9.7314560273E-02  9.8251062563E-01  1.5875373027E-01
           -DivStress =  2.2068813645E+04 -2.7783644520E+03  2.8270098933E+04
           ESP =  -1.8283178131E+01     ESP at Nucleus =  -1.8283179695E+01
           ESPe = -4.3242955657E+01     ESPe at Nucleus = -4.3242923541E+01
           ESPn =  2.4959777525E+01     ESPn at Nucleus =  2.4959743846E+01

CP# 9      Coords = -1.21307845961673E+00 -3.65774963882826E+00 -2.17514254798815E+00
           Type = (3,-3) NACP N9
           Rho =  1.9146124858E+02     Rho at Nucleus =  1.9146121436E+02
           GradRho =  1.6603607378E-11  3.7223640836E-11  4.5546059979E-11
           HessRho_EigVals = -3.2219715484E+05 -3.2219554301E+05 -3.2218566687E+05
           HessRho_EigVec1 =  8.3130161682E-02  9.7784790612E-01 -1.9210114190E-01
           HessRho_EigVec2 =  8.9009044728E-01 -1.5954478143E-01 -4.2694784034E-01
           HessRho_EigVec3 =  4.4813878640E-01  1.3549514832E-01  8.8363606361E-01
           DelSqRho = -9.6657836472E+05
           Bond Ellipticity = NA
           V = -2.4167712897E+05
           G =  1.6268894406E+01
           K =  2.4166086007E+05
           L =  2.4164459118E+05
           Vnuc =  4.8032885180E+05
           Ven = -9.1964361695E+07
           Vrep =  9.1722684566E+07
           DelSqV =  7.5882194797E+09
           DelSqVen =  4.6427547603E+11
           DelSqVrep = -4.5668725649E+11
           DelSqG =  4.0673059702E+08
           DelSqK = -7.9949500767E+09
           Stress_EigVals = -8.0560605588E+04 -8.0558583699E+04 -8.0557939681E+04
           Stress_EigVec1 =  4.2086834720E-01  1.3608659890E-01  8.9685576986E-01
           Stress_EigVec2 =  9.0683949847E-01 -8.7780008174E-02 -4.1223390712E-01
           Stress_EigVec3 =  2.2626496439E-02  9.8680043969E-01 -1.6035253005E-01
           -DivStress = -2.1802373876E+04 -4.4720994626E+03 -2.8260312145E+04
           ESP =  -1.8283279404E+01     ESP at Nucleus =  -1.8283280969E+01
           ESPe = -4.3256003411E+01     ESPe at Nucleus = -4.3255971362E+01
           ESPn =  2.4972724007E+01     ESPn at Nucleus =  2.4972690393E+01

CP# 10     Coords =  1.26979783435177E+00 -3.51767680551250E+00 -2.31801239524096E+00
           Type = (3,-3) NACP N10
           Rho =  1.9146381123E+02     Rho at Nucleus =  1.9146377663E+02
           GradRho =  9.4000363049E-12 -2.2809421019E-11 -5.9270366393E-11
           HessRho_EigVals = -3.2219696828E+05 -3.2219515394E+05 -3.2218536058E+05
           HessRho_EigVec1 = -2.7758219368E-01  9.4125797610E-01 -1.9230587141E-01
           HessRho_EigVec2 =  8.9176914937E-01  3.2690672229E-01  3.1285744222E-01
           HessRho_EigVec3 = -3.5734564497E-01  8.4648788241E-02  9.3012830979E-01
           DelSqRho = -9.6657748280E+05
           Bond Ellipticity = NA
           V = -2.4167686902E+05
           G =  1.6249158198E+01
           K =  2.4166061986E+05
           L =  2.4164437070E+05
           Vnuc =  4.7765116965E+05
           Ven = -9.1452913380E+07
           Vrep =  9.1211236511E+07
           DelSqV =  7.5882049115E+09
           DelSqVen =  4.6168686522E+11
           DelSqVrep = -4.5409866037E+11
           DelSqG =  4.0672385922E+08
           DelSqK = -7.9949287707E+09
           Stress_EigVals = -8.0560520814E+04 -8.0558513027E+04 -8.0557835174E+04
           Stress_EigVec1 = -3.2804172839E-01  9.0884387402E-02  9.4028115612E-01
           Stress_EigVec2 =  9.2535800592E-01  2.3111551588E-01  3.0049655438E-01
           Stress_EigVec3 = -1.9000311921E-01  9.6867210471E-01 -1.5991612878E-01
           -DivStress =  1.8975480774E+04 -1.4685179603E+03 -3.0760862046E+04
           ESP =  -1.8282981062E+01     ESP at Nucleus =  -1.8282982645E+01
           ESPe = -4.3234805177E+01     ESPe at Nucleus = -4.3234772647E+01
           ESPn =  2.4951824114E+01     ESPn at Nucleus =  2.4951790003E+01

CP# 11     Coords =  2.10792854914810E+00  3.62253650614965E+00 -2.72370636682276E+00
           Type = (3,-3) NACP C11
           Rho =  1.1754838124E+02     Rho at Nucleus =  1.1754838110E+02
           GradRho = -1.9285301134E-10  2.3741253408E-10  4.4984248618E-10
           HessRho_EigVals = -1.4485058164E+05 -1.4485033784E+05 -1.4485000135E+05
           HessRho_EigVec1 =  1.7955765183E-01  8.9881051445E-01 -3.9987336593E-01
           HessRho_EigVec2 = -1.7519859663E-02  4.0933692847E-01  9.1221506976E-01
           HessRho_EigVec3 =  9.8359143153E-01 -1.5678947064E-01  8.9246611763E-02
           DelSqRho = -4.3455092083E+05
           Bond Ellipticity = NA
           V = -1.0864808926E+05
           G =  5.1795269512E+00
           K =  1.0864290973E+05
           L =  1.0863773021E+05
           Vnuc =  4.3941754636E+06
           Ven = -5.1652821262E+08
           Vrep =  5.1641956453E+08
           DelSqV =  2.4926298411E+09
           DelSqVen =  1.9094928753E+12
           DelSqVrep = -1.9070002454E+12
           DelSqG =  1.3389399924E+08
           DelSqK = -2.6265238404E+09
           Stress_EigVals = -3.6216137670E+04 -3.6216036010E+04 -3.6215915581E+04
           Stress_EigVec1 =  9.8285717370E-01 -1.6826279688E-01  7.5361842461E-02
           Stress_EigVec2 = -7.5253928621E-03  3.7180289382E-01  9.2828119479E-01
           Stress_EigVec3 =  1.8421494124E-01  9.1293495898E-01 -3.6416289774E-01
           -DivStress =  3.8227188309E+02 -4.2154700304E+02 -9.5354786140E+02
           ESP =  -1.4744433015E+01     ESP at Nucleus =  -1.4744433018E+01
           ESPe = -3.8103088821E+01     ESPe at Nucleus = -3.8103086883E+01
           ESPn =  2.3358655806E+01     ESPn at Nucleus =  2.3358653865E+01

CP# 12     Coords =  3.91657675913402E+00  2.82608446423954E+00 -3.21692682282753E+00
           Type = (3,-3) NACP H12
           Rho =  4.2632452623E-01     Rho at Nucleus =  4.2279420699E-01
           GradRho = -2.2024049251E-14  1.1043249648E-14  7.4623467128E-15
           HessRho_EigVals = -6.4870429553E+00 -6.4864155773E+00 -5.9069055177E+00
           HessRho_EigVec1 =  3.1584505997E-01  8.9635342054E-01 -3.1111483986E-01
           HessRho_EigVec2 =  3.4470141508E-01  1.9709333496E-01  9.1778818458E-01
           HessRho_EigVec3 =  8.8398123992E-01 -3.9712058975E-01 -2.4672333628E-01
           DelSqRho = -1.8880364050E+01
           Bond Ellipticity = NA
           V = -4.7298052057E+00
           G =  4.8570965793E-03
           K =  4.7249481092E+00
           L =  4.7200910126E+00
           Vnuc =  5.2666592306E+01
           Ven = -2.2453060013E+01
           Vrep =  1.7723254808E+01
           DelSqV =  7.1151239225E+02
           DelSqVen =  9.9436443603E+02
           DelSqVrep = -2.8285204378E+02
           DelSqG =  7.0036044618E+01
           DelSqK = -7.8154843687E+02
           Stress_EigVals = -1.6255278278E+00 -1.6252950661E+00 -1.4789823118E+00
           Stress_EigVec1 =  3.8738522140E-01  9.1779716164E-01 -8.7069284580E-02
           Stress_EigVec2 =  2.6086613652E-01 -1.8540785800E-02  9.6519692192E-01
           Stress_EigVec3 =  8.8424066241E-01 -3.9661645117E-01 -2.4660462608E-01
