AIMSum (Version 19.02.13, Professional)
Copyright (c) 1997-2019 by Todd A. Keith
AIMSum is a component of the AIMAll package ( http://aim.tkgristmill.com )

TP:  64-bit Linux

Much of the Quantum Theory of Atoms in Molecules (QTAIM) is described in the book:
  "Atoms in Molecules - A Quantum Theory"
  R.F.W. Bader, Oxford University Press, Oxford, 1990

For additional references see:  http://aim.tkgristmill.com/references.html

Wfn File:  /home/mhennefarth/Documents/ML_Diels/summary-liu2014/6_9-opt/6_9-opt.wfn
Sum File:  /home/mhennefarth/Documents/ML_Diels/summary-liu2014/6_9-opt/6_9-opt.sum

SumViz File:  /home/mhennefarth/Documents/ML_Diels/summary-liu2014/6_9-opt/6_9-opt.sumviz

Wfn Title:   Title Card Required                                                           
 
Total memory allocated for AIMSum =        1.947 Megabytes

Atomic units (a.u.) used throughout, except where stated otherwise

Model:  Restricted SCF
 
Restricted, closed-shell, single-determinant wavefunction.
  Number of electrons (from MO Occs)                   =         134.0000000000
  Number of Alpha electrons (from MO Occs)             =          67.0000000000
  Number of Beta electrons (from MO Occs)              =          67.0000000000
  Number of electron pairs (N*(N-1)/2)                 =        8911.0000000000
  Number of electron pairs (from Muller 2EDM)          =        8911.0000000000
 
Nuclear Charges and Cartesian Coordinates:
-------------------------------------------------------------------------------
Atom      Charge                X                  Y                  Z
-------------------------------------------------------------------------------
C1         6.0           2.3857667600E+00  -1.5961138400E+00  -2.0689117000E-01
C2         6.0          -2.3889350500E+00  -1.5932346700E+00   2.0846922000E-01
C3         6.0          -1.1308296700E+00   4.8977277000E+00   5.5294462000E-01
H4         1.0          -2.8107421900E+00   4.9145407400E+00  -6.4800343000E-01
C5         6.0           1.1406950500E+00   4.8992511700E+00  -5.6002327000E-01
H6         1.0           2.8203929100E+00   4.9254335000E+00   6.4105535000E-01
N7         7.0          -1.0485248000E+00  -1.7321080400E+00   2.3577563700E+00
N8         7.0           1.4349949700E+00  -1.7685533500E+00   2.1369891700E+00
N9         7.0          -1.4384241700E+00  -1.7726127500E+00  -2.1348364900E+00
N10        7.0           1.0452629200E+00  -1.7392678500E+00  -2.3556927200E+00
C11        6.0           1.6107817500E+00   4.9246612200E+00  -3.3604718500E+00
H12        1.0           2.7864039400E+00   3.3192328700E+00  -3.9445526500E+00
H13        1.0          -1.6158384000E-01   4.8549183200E+00  -4.4279669200E+00
C14        6.0          -1.6006659700E+00   4.9311618800E+00   3.3533452700E+00
H15        1.0          -2.7670535500E+00   3.3212734500E+00   3.9436414100E+00
H16        1.0           1.7230194000E-01   4.8753537000E+00   4.4206856700E+00
H17        1.0           2.6296546400E+00   6.6438806400E+00  -3.9245953900E+00
H18        1.0          -2.6291136300E+00   6.6466926300E+00   3.9111597600E+00
C19        6.0          -5.2089312800E+00  -1.2721917800E+00   5.2797140000E-01
C20        6.0           5.2062254700E+00  -1.2794587000E+00  -5.2727320000E-01
O21        8.0           6.1350671500E+00  -2.9473041000E-01  -2.3694651700E+00
O22        8.0          -6.1359885100E+00  -2.7512991000E-01   2.3644083900E+00
O23        8.0           6.4772186000E+00  -2.1948990000E+00   1.4525144100E+00
O24        8.0          -6.4815365600E+00  -2.1987731100E+00  -1.4455887600E+00
C25        6.0          -9.1874821800E+00  -1.9180676000E+00  -1.3143234400E+00
H26        1.0          -9.9041786800E+00  -2.7546364500E+00  -3.0532773100E+00
H27        1.0          -9.9297562300E+00  -2.9072177800E+00   3.3957572000E-01
H28        1.0          -9.6934412700E+00   8.0503440000E-02  -1.1960513100E+00
C29        6.0           9.1834440000E+00  -1.9174644300E+00   1.3205504700E+00
H30        1.0           9.8986110700E+00  -2.7423457100E+00   3.0657087600E+00
H31        1.0           9.9256259400E+00  -2.9189684700E+00  -3.2594815000E-01
H32        1.0           9.6912178200E+00   7.9766740000E-02   1.1883150400E+00
 
Some Atomic Properties:
----------------------
  q(A) = Net Charge of Atom A
  L(A) = Lagrangian of Atom A = -(1/4) Times Atomic Integral of the Laplacian of the Electron Density
  K(A) = Electronic Kinetic Energy of Atom A (Hamiltonian Form)
  K_Scaled(A) = K(A) * E(Mol)/K(Mol) = Approximation to Virial-Based Total Energy of Atom A.
  |Mu_Intra(A)| = Magnitude of Intraatomic Dipole Moment of Atom A
--------------------------------------------------------------------------------------------------
Atom A          q(A)              L(A)              K(A)          K_Scaled(A)      |Mu_Intra(A)|
--------------------------------------------------------------------------------------------------
C1        1.0517314989E+00 -1.5963423712E-04  3.7155992813E+01 -3.7494929408E+01  5.3799004956E-01
C2        1.0515355392E+00 -3.9293833189E-04  3.7156083299E+01 -3.7495020720E+01  5.3810255325E-01
C3       -6.3185367100E-02 -1.2584473507E-04  3.7711478215E+01 -3.8055481942E+01  6.2416349790E-02
H4        1.7173032520E-02  2.5450372441E-05  6.0628259185E-01 -6.1181309559E-01  1.5662502410E-01
C5       -6.2793818900E-02  3.1715763177E-04  3.7711580848E+01 -3.8055585511E+01  6.2710778216E-02
H6        1.7181088730E-02  3.0457942183E-05  6.0628321328E-01 -6.1181372269E-01  1.5664695889E-01
N7       -5.3814770910E-01  1.5431732761E-04  5.4557588969E+01 -5.5055262750E+01  6.2911219264E-01
N8       -5.4345023470E-01  1.0277160489E-04  5.4564337875E+01 -5.5062073220E+01  6.2845328288E-01
N9       -5.4380751530E-01  5.0547143267E-05  5.4564505050E+01 -5.5062241920E+01  6.2858540054E-01
N10      -5.3829445020E-01  6.5017855005E-05  5.4557761548E+01 -5.5055436903E+01  6.2905526434E-01
C11      -2.2655537900E-02 -1.2600002744E-04  3.7682199302E+01 -3.8025935947E+01  1.0042378036E-01
H12       4.9083713850E-02 -1.1541280729E-05  5.9251169430E-01 -5.9791658005E-01  1.3439087818E-01
H13       1.2898708610E-02  2.3693401159E-05  6.0517723263E-01 -6.1069765330E-01  1.5402145099E-01
C14      -2.2604454400E-02 -1.2011863496E-04  3.7682199846E+01 -3.8025936496E+01  1.0050313015E-01
H15       4.9227849700E-02  3.8685901231E-05  5.9249871527E-01 -5.9790348262E-01  1.3435981574E-01
H16       1.2826731930E-02  2.9010584124E-05  6.0520509789E-01 -6.1072577274E-01  1.5405119034E-01
H17       1.6897678950E-02  2.3332854648E-05  6.0266453881E-01 -6.0816203871E-01  1.5478981663E-01
H18       1.6910018690E-02  2.2339982941E-05  6.0266465523E-01 -6.0816215619E-01  1.5479153481E-01
C19       1.6811182909E+00 -3.7011353593E-04  3.6617759790E+01 -3.6951786629E+01  7.1505741889E-01
C20       1.6810912760E+00 -3.5286895778E-04  3.6617727093E+01 -3.6951753633E+01  7.1477165886E-01
O21      -1.1720384037E+00  7.1927631817E-05  7.5330614889E+01 -7.6017780005E+01  5.7768956188E-01
O22      -1.1720387387E+00  5.2867037517E-05  7.5330609434E+01 -7.6017774500E+01  5.7771234155E-01
O23      -1.0880282805E+00  8.4512451094E-05  7.5285528082E+01 -7.5972281916E+01  2.6868195971E-01
O24      -1.0879503678E+00  1.6667091063E-04  7.5285503273E+01 -7.5972256881E+01  2.6852296565E-01
C25       4.1268476260E-01 -1.3020290125E-04  3.7438054343E+01 -3.7779563900E+01  6.1788410435E-01
H26       6.0344663730E-02  2.5926858398E-05  5.9577870245E-01 -6.0121338982E-01  1.4324023329E-01
H27       6.2823429300E-02  2.8381369101E-05  5.9313806924E-01 -5.9854866877E-01  1.4649129007E-01
H28       6.2627598960E-02  2.7701499462E-05  5.9321499904E-01 -5.9862630033E-01  1.4648251130E-01
C29       4.1282800370E-01 -2.7672026450E-05  3.7438060875E+01 -3.7779570492E+01  6.1785211644E-01
H30       6.0335541880E-02  2.3985646606E-05  5.9578083858E-01 -6.0121554543E-01  1.4323753413E-01
H31       6.2792512360E-02  2.7251985626E-05  5.9314674987E-01 -5.9855742859E-01  1.4649731406E-01
H32       6.2635584780E-02  2.7240901166E-05  5.9321500674E-01 -5.9862630810E-01  1.4647389175E-01
--------------------------------------------------------------------------------------------------
Total    -2.4735301000E-04 -3.9768577593E-04  9.0106514765E+02 -9.0928465492E+02
 
1st Largest |L(A)| = 3.9293833189E-04, atom C2      
2nd Largest |L(A)| = 3.7011353593E-04, atom C19     
 
Molecular charge q(Mol) from the wfn file:   0.0000000000E+00
Molecular energy E(Mol) from the wfn file:  -9.0928479520E+02
Molecular virial ratio (-V(Mol)/T(Mol)) from the wfn file:   2.0091219900E+00
Note.  K_Scaled(A) = (1+V(Mol)/T(Mol))*K(A) = (E(Mol)/T(Mol))*K(A)
       Only use K_Scaled(A) data with caution.
 
N_AIMInt(SumA)     =        134.000247
N_Analytic(Mol)    =        133.999980
 
G_AIMInt(SumA)     =        901.065545
G_Analytic(Mol)    =        901.065230
 
K_AIMInt(SumA)     =        901.065148
K_Analytic(Mol)    =        901.065230
 
L_AIMInt(SumA)     =         -0.000398
L_Analytic(Mol)    =          0.000000
 
VenT_AIMInt(SumA)  =      -4810.925502
VenT_Analytic(Mol) =      -4810.918687
 
Some Information About the Atomic Calculations:
----------------------------------------------
  Time(sec) = "Elapsed User Time", in Seconds, for Atom A by AIMInt and, if used, by TWOe
  NProc = Number of Processors Used for AIMInt Job
  BIM = Basin Integration Method
  OAQ = Angular Quadrature Outside of Beta Sphere
  ORQ = Multiple of Default for Radial Quadrature Outside of Beta Sphere
  IAQ = Multiple of Default for Angular Quadrature Inside of Beta Sphere
  IRQ = Multiple of Default for Radial Quadrature Inside of Beta Sphere
  MIR = Maximum Integration Radius
------------------------------------------------------------------------------------------------------
Atom A     Time(sec)   NProc      BIM          OAQ                     ORQ      IAQ      IRQ      MIR
------------------------------------------------------------------------------------------------------
C1             53        8     Proaim(5)    5400(GS5)                  1.00     1.00     1.00    13.00
C2             53        8     Proaim(5)    4500(GS4)                  1.00     1.00     1.00    13.00
C3             51        8     Proaim(5)    4500(GS4)                  1.00     1.00     1.00    13.00
H4             13        8     Proaim(5)    1800(GS4)                  1.00     1.00     1.00    13.00
C5             51        8     Proaim(5)    4500(GS4)                  1.00     1.00     1.00    13.00
H6             12        8     Proaim(5)    1800(GS4)                  1.00     1.00     1.00    13.00
N7             36        8     Proaim(5)    4500(GS4)                  1.00     1.00     1.00    13.00
N8             30        8     Proaim(5)    4500(GS4)                  1.00     1.00     1.00    13.00
N9             31        8     Proaim(5)    4500(GS4)                  1.00     1.00     1.00    13.00
N10            36        8     Proaim(5)    4500(GS4)                  1.00     1.00     1.00    13.00
C11            36        8     Proaim(5)    4500(GS4)                  1.00     1.00     1.00    13.00
H12            25        8     Proaim(5)    4500(GS4)                  1.00     1.00     1.00    13.00
H13            10        8     Proaim(5)    1800(GS4)                  1.00     1.00     1.00    13.00
C14            36        8     Proaim(5)    4500(GS4)                  1.00     1.00     1.00    13.00
H15            22        8     Proaim(5)    4500(GS4)                  1.00     1.00     1.00    13.00
H16            11        8     Proaim(5)    1800(GS4)                  1.00     1.00     1.00    13.00
H17             8        8     Proaim(5)    1800(GS4)                  1.00     1.00     1.00    13.00
H18             7        8     Proaim(5)    1800(GS4)                  1.00     1.00     1.00    13.00
C19            42        8     Proaim(5)    5400(GS5)                  1.00     1.00     1.00    13.00
C20            43        8     Proaim(5)    5400(GS5)                  1.00     1.00     1.00    13.00
O21            26        8     Proaim(5)    4500(GS4)                  1.00     1.00     1.00    13.00
O22            26        8     Proaim(5)    4500(GS4)                  1.00     1.00     1.00    13.00
O23            28        8     Proaim(5)    4500(GS4)                  1.00     1.00     1.00    13.00
O24            28        8     Proaim(5)    4500(GS4)                  1.00     1.00     1.00    13.00
C25            29        8     Proaim(5)    4500(GS4)                  1.00     1.00     1.00    13.00
H26             7        8     Proaim(5)    1800(GS4)                  1.00     1.00     1.00    13.00
H27             8        8     Proaim(5)    1800(GS4)                  1.00     1.00     1.00    13.00
H28             8        8     Proaim(5)    1800(GS4)                  1.00     1.00     1.00    13.00
C29            28        8     Proaim(5)    4500(GS4)                  1.00     1.00     1.00    13.00
H30             7        8     Proaim(5)    1800(GS4)                  1.00     1.00     1.00    13.00
H31             7        8     Proaim(5)    1800(GS4)                  1.00     1.00     1.00    13.00
H32             8        8     Proaim(5)    1800(GS4)                  1.00     1.00     1.00    13.00
------------------------------------------------------------------------------------------------------
Total         816
Note:  Total wall clock time is less than total of atomic times if more than one atom
       was calculated at a time
 
Electron Density Critical Point Analysis of Molecular Structure:               
---------------------------------------------------------------                
  NACP = Nuclear Attractor Critical Point                                      
  NNACP = Non-Nuclear Attractor Critical Point                                 
  BCP = Bond Critical Point                                                    
  RCP = Ring Critical Point                                                    
  CCP = Cage Critical Point                                                    
  Rho = Electron Density                                                       
  GradRho = Gradient of Electron Density                                       
  HessRho_EigVals = Eigenvalues of the Hessian of Rho, Ascending Order         
  HessRho_EigVecs = Eigenvectors of the Hessian of Rho                         
  DelSqRho = Laplacian of Rho = Trace of Hessian of Rho                        
  Bond Ellipticity = (HessRho_EigVal(1) / HessRho_EigVal(2)) - 1               
  V = Virial Field = Potential Energy Density = Trace of Stress Tensor         
  G = Lagrangian Form of Kinetic Energy Density                                
  K = Hamiltonian Form of Kinetic Energy Density                               
  L = K - G = Lagrangian Density = (-1/4)DelSqRho                              
  Vnuc = Electrostatic Potential from Nuclei                                   
  Ven = Electron-nuclear attractive contribution to Virial Field V             
  Vrep = V - Ven = Repulsive contribution to Virial Field V                    
  DelSqV = Laplacian of V                                                      
  DelSqVen = Laplacian of Ven                                                  
  DelSqVrep = Laplacian of Vrep                                                
  DelSqG = Laplacian of G                                                      
  DelSqK = Laplacian of K                                                      
  Stress_EigVals = Eigenvalues of Stress Tensor, Ascending Order               
  Stress_EigVecs = Eigenvectors of Stress Tensor                               
  -DivStress = Ehrenfest Force Density = Minus Divergence of Stress Tensor     
  ESP = Total Electrostatic Potential                                          
  ESPe = Electrostatic Potential from Electrons                                
  ESPn = Electrostatic Potential from Nuclei                                   
  BP = Bond Path                                                               
  BPL = Bond Path Length                                                       
  GBL = Geometric Bond Length                                                  
  GBL_I = Distance Between Nuclear Attractors                                  
  GBL_II = Distance Between Nuclei                                             
  GBL_III = Sum of Distances Between BCP and Nuclear Attractors                
  GBL_IV = Sum of Distances Between BCP and Nuclei                             

CP# 1      Coords =  2.38576620656710E+00 -1.59611388851058E+00 -2.06891156568170E-01
           Type = (3,-3) NACP C1
           Rho =  1.1762846994E+02     Rho at Nucleus =  1.1762846992E+02
           GradRho = -8.8409175814E-12  8.5899202248E-12  1.3404164931E-13
           HessRho_EigVals = -1.4490566561E+05 -1.4490465231E+05 -1.4490435968E+05
           HessRho_EigVec1 = -5.4756295510E-02  9.9819913577E-01  2.4499662327E-02
           HessRho_EigVec2 =  8.7147189231E-02 -1.9665253416E-02  9.9600132792E-01
           HessRho_EigVec3 =  9.9468945682E-01  5.6672419749E-02 -8.5913452548E-02
           DelSqRho = -4.3471467760E+05
           Bond Ellipticity = NA
           V = -1.0868905042E+05
           G =  5.1905117095E+00
           K =  1.0868385991E+05
           L =  1.0867866940E+05
           Vnuc =  1.0796882036E+07
           Ven = -1.2700207140E+09
           Vrep =  1.2699120250E+09
           DelSqV =  2.4935153961E+09
           DelSqVen =  4.6935630152E+12
           DelSqVrep = -4.6910705483E+12
           DelSqG =  1.3390114953E+08
           DelSqK = -2.6274165456E+09
           Stress_EigVals = -3.6229903367E+04 -3.6229846331E+04 -3.6229300726E+04
           Stress_EigVec1 =  9.9378586982E-01  8.0511579957E-02 -7.6860460777E-02
           Stress_EigVec2 =  7.7407719283E-02 -3.6936418206E-03  9.9699267901E-01
           Stress_EigVec3 = -7.9985560781E-02  9.9674682969E-01  9.9029068299E-03
           -DivStress =  4.5372018904E+02  3.7221619303E+01 -1.1024218704E+01
           ESP =  -1.4621983147E+01     ESP at Nucleus =  -1.4621983149E+01
           ESPe = -3.9146037872E+01     ESPe at Nucleus = -3.9146037446E+01
           ESPn =  2.4524054725E+01     ESPn at Nucleus =  2.4524054297E+01

CP# 2      Coords = -2.38893449718143E+00 -1.59323471777048E+00  2.08469208099614E-01
           Type = (3,-3) NACP C2
           Rho =  1.1762857256E+02     Rho at Nucleus =  1.1762857254E+02
           GradRho =  5.8761077384E-11 -1.0201438110E-11 -1.7896543622E-12
           HessRho_EigVals = -1.4490580741E+05 -1.4490479404E+05 -1.4490450124E+05
           HessRho_EigVec1 =  5.5528009753E-02  9.9808638257E-01 -2.7206856735E-02
           HessRho_EigVec2 =  8.7963528018E-02  2.2252775059E-02  9.9587510851E-01
           HessRho_EigVec3 =  9.9457481261E-01 -5.7692173843E-02 -8.6559547168E-02
           DelSqRho = -4.3471510268E+05
           Bond Ellipticity = NA
           V = -1.0868915683E+05
           G =  5.1905786715E+00
           K =  1.0868396625E+05
           L =  1.0867877567E+05
           Vnuc =  1.0810712253E+07
           Ven = -1.2716486508E+09
           Vrep =  1.2715399616E+09
           DelSqV =  2.4935178391E+09
           DelSqVen =  4.6995823657E+12
           DelSqVrep = -4.6970888479E+12
           DelSqG =  1.3390129496E+08
           DelSqK = -2.6274191340E+09
           Stress_EigVals = -3.6229938877E+04 -3.6229881821E+04 -3.6229336130E+04
           Stress_EigVec1 =  9.9354694233E-01 -8.1649191390E-02 -7.8726634188E-02
           Stress_EigVec2 =  7.9481985277E-02  6.0374868266E-03  9.9681801888E-01
           Stress_EigVec3 =  8.0914074188E-02  9.9664284390E-01 -1.2488166404E-02
           -DivStress = -4.5319986908E+02  3.6638860070E+01  9.7919353077E+00
           ESP =  -1.4621978597E+01     ESP at Nucleus =  -1.4621978599E+01
           ESPe = -3.9145540026E+01     ESPe at Nucleus = -3.9145539599E+01
           ESPn =  2.4523561429E+01     ESPn at Nucleus =  2.4523561000E+01

CP# 3      Coords = -1.13083088160390E+00  4.89772759544129E+00  5.52945933980484E-01
           Type = (3,-3) NACP C3
           Rho =  1.1768506831E+02     Rho at Nucleus =  1.1768506808E+02
           GradRho = -8.5207792311E-10 -1.0839951679E-10  9.2078336675E-10
           HessRho_EigVals = -1.4501508171E+05 -1.4501429614E+05 -1.4501399755E+05
           HessRho_EigVec1 = -2.0940689801E-02  9.9947512710E-01  2.4717560886E-02
           HessRho_EigVec2 =  3.4381236727E-01 -1.6016100041E-02  9.3890177370E-01
           HessRho_EigVec3 =  9.3880484853E-01  2.8159453918E-02 -3.4329652129E-01
           DelSqRho = -4.3504337539E+05
           Bond Ellipticity = NA
           V = -1.0877099568E+05
           G =  5.0759181333E+00
           K =  1.0876591977E+05
           L =  1.0876084385E+05
           Vnuc =  3.3512634333E+06
           Ven = -3.9439366608E+08
           Vrep =  3.9428489508E+08
           DelSqV =  2.4954338424E+09
           DelSqVen =  1.4579449856E+12
           DelSqVrep = -1.4554495681E+12
           DelSqG =  1.3404169082E+08
           DelSqK = -2.6294755332E+09
           Stress_EigVals = -3.6257255518E+04 -3.6257090862E+04 -3.6256649304E+04
           Stress_EigVec1 =  9.4276637695E-01  8.8618596851E-03 -3.3333620555E-01
           Stress_EigVec2 =  3.3339688535E-01 -6.5523031105E-03  9.4276380083E-01
           Stress_EigVec3 = -6.1705206627E-03  9.9993926554E-01  9.1318074817E-03
           -DivStress =  9.8267512838E+02  8.1034610591E+01 -1.0728076266E+03
           ESP =  -1.4748412403E+01     ESP at Nucleus =  -1.4748412426E+01
           ESPe = -3.4673064654E+01     ESPe at Nucleus = -3.4673065566E+01
           ESPn =  1.9924652251E+01     ESPn at Nucleus =  1.9924653140E+01

CP# 4      Coords = -2.78335772663255E+00  4.91421164110703E+00 -6.28229752319761E-01
           Type = (3,-3) NACP H4
           Rho =  4.2841339944E-01     Rho at Nucleus =  4.2492780844E-01
           GradRho =  2.8292196399E-15  4.8409627001E-17  1.4171250843E-15
           HessRho_EigVals = -6.5464038952E+00 -6.5384318111E+00 -5.9614412941E+00
           HessRho_EigVec1 = -5.8549783860E-01  1.3927856111E-02  8.1055431392E-01
           HessRho_EigVec2 =  1.5818967808E-02  9.9985831596E-01 -5.7539775135E-03
           HessRho_EigVec3 =  8.1051961189E-01 -9.4531912012E-03  5.8563520721E-01
           DelSqRho = -1.9046277000E+01
           Bond Ellipticity = NA
           V = -4.7710493266E+00
           G =  4.7400382725E-03
           K =  4.7663092884E+00
           L =  4.7615692501E+00
           Vnuc =  4.9924520131E+01
           Ven = -2.1388333385E+01
           Vrep =  1.6617284058E+01
           DelSqV =  7.1841852763E+02
           DelSqVen =  9.5087623952E+02
           DelSqVrep = -2.3245771189E+02
           DelSqG =  7.0909709263E+01
           DelSqK = -7.8932823690E+02
           Stress_EigVals = -1.6397814948E+00 -1.6388032649E+00 -1.4924645670E+00
           Stress_EigVec1 = -5.8446712444E-01  3.8709677687E-03  8.1140815627E-01
           Stress_EigVec2 =  9.8922645382E-03  9.9994829700E-01  2.3550857432E-03
           Stress_EigVec3 =  8.1135708757E-01 -9.4031343224E-03  5.8447519837E-01
           -DivStress = -6.2535550487E+00  7.4854944448E-02 -4.5147943948E+00
           ESP =  -1.1196543213E+00     ESP at Nucleus =  -1.1219773418E+00
           ESPe = -2.1439912809E+01     ESPe at Nucleus = -2.1359619976E+01
           ESPn =  2.0320258488E+01     ESPn at Nucleus =  2.0237642634E+01

CP# 5      Coords =  1.14069626218902E+00  4.89925106514436E+00 -5.60024585187489E-01
           Type = (3,-3) NACP C5
           Rho =  1.1768504174E+02     Rho at Nucleus =  1.1768504150E+02
           GradRho =  8.7044404554E-10 -6.4033443478E-11 -9.3528005704E-10
           HessRho_EigVals = -1.4501504402E+05 -1.4501425857E+05 -1.4501396006E+05
           HessRho_EigVec1 =  1.7749031446E-02  9.9944629819E-01 -2.8143719036E-02
           HessRho_EigVec2 =  3.4325010426E-01  2.0346526331E-02  9.3902363378E-01
           HessRho_EigVec3 =  9.3907632161E-01 -2.6327094498E-02 -3.4269891492E-01
           DelSqRho = -4.3504326265E+05
           Bond Ellipticity = NA
           V = -1.0877096752E+05
           G =  5.0759261652E+00
           K =  1.0876589159E+05
           L =  1.0876081566E+05
           Vnuc =  3.3488333424E+06
           Ven = -3.9410759167E+08
           Vrep =  3.9399882070E+08
           DelSqV =  2.4954331945E+09
           DelSqVen =  1.4568872509E+12
           DelSqVrep = -1.4543918341E+12
           DelSqG =  1.3404165118E+08
           DelSqK = -2.6294748457E+09
           Stress_EigVals = -3.6257246111E+04 -3.6257081468E+04 -3.6256639936E+04
           Stress_EigVec1 =  9.4285174822E-01 -7.0432474321E-03 -3.3313806978E-01
           Stress_EigVec2 =  3.3319877001E-01  1.0847438845E-02  9.4279420487E-01
           Stress_EigVec3 =  3.0266380237E-03  9.9991635937E-01 -1.2574328060E-02
           -DivStress = -9.8314544710E+02  8.1302164166E+01  1.0737924943E+03
           ESP =  -1.4748407493E+01     ESP at Nucleus =  -1.4748407516E+01
           ESPe = -3.4668085175E+01     ESPe at Nucleus = -3.4668086091E+01
           ESPn =  1.9919677681E+01     ESPn at Nucleus =  1.9919678575E+01

CP# 6      Coords =  2.79301284859373E+00  4.92495166216424E+00  6.21278591899144E-01
           Type = (3,-3) NACP H6
           Rho =  4.2841392100E-01     Rho at Nucleus =  4.2492831935E-01
           GradRho = -1.4576107181E-15  9.6331363025E-16 -1.3587793373E-15
           HessRho_EigVals = -6.5464051129E+00 -6.5384330556E+00 -5.9614345119E+00
           HessRho_EigVec1 = -5.8557824613E-01 -1.2708964000E-02  8.1051625517E-01
           HessRho_EigVec2 = -1.8772917046E-02  9.9982153771E-01  2.1143118099E-03
           HessRho_EigVec3 =  8.1039847929E-01  1.3977659421E-02  5.8571232682E-01
           DelSqRho = -1.9046272680E+01
           Bond Ellipticity = NA
           V = -4.7710481449E+00
           G =  4.7399873968E-03
           K =  4.7663081575E+00
           L =  4.7615681701E+00
           Vnuc =  4.9908362762E+01
           Ven = -2.1381437382E+01
           Vrep =  1.6610389237E+01
           DelSqV =  7.1841824042E+02
           DelSqVen =  9.5056828621E+02
           DelSqVrep = -2.3215004579E+02
           DelSqG =  7.0909571068E+01
           DelSqK = -7.8932781149E+02
           Stress_EigVals = -1.6397817806E+00 -1.6388035376E+00 -1.4924628267E+00
           Stress_EigVec1 = -5.8457708637E-01 -2.7586779721E-03  8.1133348248E-01
           Stress_EigVec2 = -1.2911076016E-02  9.9989922560E-01 -5.9027752888E-03
           Stress_EigVec3 =  8.1123543698E-01  1.3925815446E-02  5.8455379346E-01
           -DivStress =  6.2525472767E+00  1.0972878731E-01  4.5154992942E+00
           ESP =  -1.1196622148E+00     ESP at Nucleus =  -1.1219853689E+00
           ESPe = -2.1423823298E+01     ESPe at Nucleus = -2.1343364184E+01
           ESPn =  2.0304161083E+01     ESPn at Nucleus =  2.0221378816E+01

CP# 7      Coords = -1.04851754103022E+00 -1.73210751071599E+00  2.35774359575730E+00
           Type = (3,-3) NACP N7
           Rho =  1.9146231182E+02     Rho at Nucleus =  1.9146227700E+02
           GradRho =  1.9255626607E-11 -3.1900319192E-11  4.4520397785E-11
           HessRho_EigVals = -3.2219378433E+05 -3.2219193694E+05 -3.2218203429E+05
           HessRho_EigVec1 =  1.9813493066E-01  9.7097841702E-01  1.3395321177E-01
           HessRho_EigVec2 =  9.2579406172E-01 -2.3027404882E-01  2.9979862861E-01
           HessRho_EigVec3 = -3.2194394626E-01 -6.4612507513E-02  9.4455138523E-01
           DelSqRho = -9.6656775556E+05
           Bond Ellipticity = NA
           V = -2.4167444022E+05
           G =  1.6250667363E+01
           K =  2.4165818956E+05
           L =  2.4164193889E+05
           Vnuc =  4.7614230518E+05
           Ven = -9.1163306504E+07
           Vrep =  9.0921632063E+07
           DelSqV =  7.5881277480E+09
           DelSqVen =  4.6022379917E+11
           DelSqVrep = -4.5263567142E+11
           DelSqG =  4.0671880102E+08
           DelSqK = -7.9948465490E+09
           Stress_EigVals = -8.0559731032E+04 -8.0557700863E+04 -8.0557008329E+04
           Stress_EigVec1 = -2.9177056933E-01 -6.8753172222E-02  9.5401411739E-01
           Stress_EigVec2 =  9.4782232465E-01 -1.5474232380E-01  2.7872505113E-01
           Stress_EigVec3 =  1.2846313002E-01  9.8555964535E-01  1.1031504744E-01
           -DivStress = -1.7921894834E+04 -1.3068574005E+03  3.1523009146E+04
           ESP =  -1.8276652441E+01     ESP at Nucleus =  -1.8276654034E+01
           ESPe = -4.0673689739E+01     ESPe at Nucleus = -4.0673658494E+01
           ESPn =  2.2397037298E+01     ESPn at Nucleus =  2.2397004460E+01

CP# 8      Coords =  1.43498568767650E+00 -1.76855231902211E+00  2.13697788263655E+00
           Type = (3,-3) NACP N8
           Rho =  1.9146191068E+02     Rho at Nucleus =  1.9146187610E+02
           GradRho = -3.4658801220E-11  1.9766769818E-11  8.1342380748E-12
           HessRho_EigVals = -3.2219604536E+05 -3.2219429720E+05 -3.2218429918E+05
           HessRho_EigVec1 = -4.8049776321E-02  9.9202505850E-01  1.1652253990E-01
           HessRho_EigVec2 =  8.7563894633E-01  9.7962141648E-02 -4.7292690183E-01
           HessRho_EigVec3 =  4.8057013501E-01 -7.9307642216E-02  8.7336283595E-01
           DelSqRho = -9.6657464175E+05
           Bond Ellipticity = NA
           V = -2.4167617944E+05
           G =  1.6259503048E+01
           K =  2.4165991994E+05
           L =  2.4164366044E+05
           Vnuc =  4.7783085251E+05
           Ven = -9.1486408002E+07
           Vrep =  9.1244731822E+07
           DelSqV =  7.5881864375E+09
           DelSqVen =  4.6185918534E+11
           DelSqVrep = -4.5427099891E+11
           DelSqG =  4.0672577012E+08
           DelSqK = -7.9949122076E+09
           Stress_EigVals = -8.0560318710E+04 -8.0558271942E+04 -8.0557588791E+04
           Stress_EigVec1 =  4.5378079028E-01 -7.9789767828E-02  8.8753399221E-01
           Stress_EigVec2 =  8.9089261916E-01  6.2787883156E-02 -4.4985333482E-01
           Stress_EigVec3 = -1.9832687458E-02  9.9483228470E-01  9.9576050481E-02
           -DivStress =  2.2916728774E+04 -2.5451367849E+03  2.7852493479E+04
           ESP =  -1.8276348186E+01     ESP at Nucleus =  -1.8276349768E+01
           ESPe = -4.0685306736E+01     ESPe at Nucleus = -4.0685275837E+01
           ESPn =  2.2408958550E+01     ESPn at Nucleus =  2.2408926069E+01

CP# 9      Coords = -1.43841488771323E+00 -1.77261169934741E+00 -2.13482520498374E+00
           Type = (3,-3) NACP N9
           Rho =  1.9146175383E+02     Rho at Nucleus =  1.9146171925E+02
           GradRho = -5.7463325548E-12 -1.8451344619E-11  8.1910450644E-12
           HessRho_EigVals = -3.2219573882E+05 -3.2219399245E+05 -3.2218399481E+05
           HessRho_EigVec1 =  4.9060752033E-02  9.9168053801E-01 -1.1900736592E-01
           HessRho_EigVec2 =  8.7556888552E-01 -1.0003389513E-01 -4.7262283750E-01
           HessRho_EigVec3 =  4.8059564013E-01  8.1011914910E-02  8.7319236158E-01
           DelSqRho = -9.6657372609E+05
           Bond Ellipticity = NA
           V = -2.4167595061E+05
           G =  1.6259546174E+01
           K =  2.4165969107E+05
           L =  2.4164343152E+05
           Vnuc =  4.7784499633E+05
           Ven = -9.1489041056E+07
           Vrep =  9.1247365105E+07
           DelSqV =  7.5881792169E+09
           DelSqVen =  4.6187241856E+11
           DelSqVrep = -4.5428423941E+11
           DelSqG =  4.0672532971E+08
           DelSqK = -7.9949045466E+09
           Stress_EigVals = -8.0560242258E+04 -8.0558195504E+04 -8.0557512852E+04
           Stress_EigVec1 =  4.5379316016E-01  8.1546972380E-02  8.8736793896E-01
           Stress_EigVec2 =  8.9086303165E-01 -6.4818614680E-02 -4.4962384948E-01
           Stress_EigVec3 =  2.0852496880E-02  9.9455951983E-01 -1.0206142703E-01
           -DivStress = -2.2916617523E+04 -2.5936495370E+03 -2.7846710435E+04
           ESP =  -1.8276347037E+01     ESP at Nucleus =  -1.8276348618E+01
           ESPe = -4.0683122354E+01     ESPe at Nucleus = -4.0683091445E+01
           ESPn =  2.2406775318E+01     ESPn at Nucleus =  2.2406742826E+01

CP# 10     Coords =  1.04525566054762E+00 -1.73926727951365E+00 -2.35567994564318E+00
           Type = (3,-3) NACP N10
           Rho =  1.9146249949E+02     Rho at Nucleus =  1.9146246466E+02
           GradRho = -2.7158479458E-11 -3.0000880252E-11  4.1522937866E-11
           HessRho_EigVals = -3.2219414473E+05 -3.2219229671E+05 -3.2218239218E+05
           HessRho_EigVec1 = -1.9696434386E-01  9.7088428293E-01 -1.3634058976E-01
           HessRho_EigVec2 =  9.2610132155E-01  2.2988793109E-01  2.9914525129E-01
           HessRho_EigVec3 = -3.2177847889E-01  6.7344252223E-02  9.4441694299E-01
           DelSqRho = -9.6656883362E+05
           Bond Ellipticity = NA
           V = -2.4167470957E+05
           G =  1.6250584256E+01
           K =  2.4165845899E+05
           L =  2.4164220840E+05
           Vnuc =  4.7608148201E+05
           Ven = -9.1151750507E+07
           Vrep =  9.0910075797E+07
           DelSqV =  7.5881362506E+09
           DelSqVen =  4.6016552314E+11
           DelSqVrep = -4.5257738682E+11
           DelSqG =  4.0671931263E+08
           DelSqK = -7.9948555632E+09
           Stress_EigVals = -8.0559821127E+04 -8.0557790575E+04 -8.0557097871E+04
           Stress_EigVec1 = -2.9154839808E-01  7.1477066131E-02  9.5388183786E-01
           Stress_EigVec2 =  9.4803818810E-01  1.5437401615E-01  2.7819463875E-01
           Stress_EigVec3 = -1.2737003365E-01  9.8542361051E-01 -1.1277048538E-01
           -DivStress =  1.7923101665E+04 -1.4085533061E+03 -3.1523297240E+04
           ESP =  -1.8276675563E+01     ESP at Nucleus =  -1.8276677157E+01
           ESPe = -4.0672277409E+01     ESPe at Nucleus = -4.0672246157E+01
           ESPn =  2.2395601845E+01     ESPn at Nucleus =  2.2395569000E+01

CP# 11     Coords =  1.61078159067952E+00  4.92466158433395E+00 -3.36047088736863E+00
           Type = (3,-3) NACP C11
           Rho =  1.1751466471E+02     Rho at Nucleus =  1.1751466464E+02
           GradRho = -3.2617775831E-11  5.0937497276E-11  2.5400906573E-10
           HessRho_EigVals = -1.4480503897E+05 -1.4480473601E+05 -1.4480461966E+05
           HessRho_EigVec1 = -2.0779277267E-02 -1.1798410246E-01  9.9279805258E-01
           HessRho_EigVec2 =  5.2210316272E-01  8.4557368354E-01  1.1141558771E-01
           HessRho_EigVec3 =  8.5262917444E-01 -5.2065813859E-01 -4.4029463028E-02
           DelSqRho = -4.3441439464E+05
           Bond Ellipticity = NA
           V = -1.0861409452E+05
           G =  5.2479288358E+00
           K =  1.0860884659E+05
           L =  1.0860359866E+05
           Vnuc =  5.7607824779E+06
           Ven = -6.7697642138E+08
           Vrep =  6.7686780728E+08
           DelSqV =  2.4918477471E+09
           DelSqVen =  2.5025667400E+12
           DelSqVrep = -2.5000748922E+12
           DelSqG =  1.3384863547E+08
           DelSqK = -2.6256963826E+09
           Stress_EigVals = -3.6204754407E+04 -3.6204718688E+04 -3.6204621423E+04
           Stress_EigVec1 =  8.7713361696E-01 -4.7975838525E-01 -2.1645086624E-02
           Stress_EigVec2 =  4.7918225379E-01  8.7130188309E-01  1.0591220973E-01
           Stress_EigVec3 = -3.1952865982E-02 -1.0327110099E-01  9.9413987650E-01
           -DivStress =  1.2988468644E+02 -2.9719974011E+02 -7.8068038760E+02
           ESP =  -1.4752620226E+01     ESP at Nucleus =  -1.4752620228E+01
           ESPe = -3.2516348930E+01     ESPe at Nucleus = -3.2516347936E+01
           ESPn =  1.7763728704E+01     ESPn at Nucleus =  1.7763727708E+01

CP# 12     Coords =  2.76688349432512E+00  3.34590104624852E+00 -3.93472258909588E+00
           Type = (3,-3) NACP H12
           Rho =  4.1913499060E-01     Rho at Nucleus =  4.1560321415E-01
           GradRho = -6.3447511134E-16  1.8422763315E-15  1.5092094241E-16
           HessRho_EigVals = -6.3639579956E+00 -6.3622838627E+00 -5.7913625063E+00
           HessRho_EigVec1 =  8.2661000571E-02 -2.9252382470E-01  9.5267883936E-01
           HessRho_EigVec2 =  8.2027928942E-01  5.6285722907E-01  1.0165444911E-01
           HessRho_EigVec3 = -5.6595851997E-01  7.7305986292E-01  2.8647757680E-01
           DelSqRho = -1.8517604365E+01
           Bond Ellipticity = NA
           V = -4.6391809453E+00
           G =  4.8899270935E-03
           K =  4.6342910182E+00
           L =  4.6294010911E+00
           Vnuc =  4.8993541984E+01
           Ven = -2.0534907759E+01
           Vrep =  1.5895726813E+01
           DelSqV =  6.9747175759E+02
           DelSqVen =  9.0724302687E+02
           DelSqVrep = -2.0977126928E+02
           DelSqG =  6.8526968304E+01
           DelSqK = -7.6599872589E+02
           Stress_EigVals = -1.5947356984E+00 -1.5945410929E+00 -1.4499041540E+00
           Stress_EigVec1 = -1.9800739484E-01 -4.6456771532E-01  8.6311639393E-01
           Stress_EigVec2 =  8.0008571952E-01  4.3209547708E-01  4.1612058361E-01
           Stress_EigVec3 = -5.6626487884E-01  7.7296205377E-01  2.8613589504E-01
           -DivStress =  4.3330521344E+00 -5.9194582995E+00 -2.1817324371E+00
           ESP =  -1.1292651341E+00     ESP at Nucleus =  -1.1315772881E+00
           ESPe = -2.1120476212E+01     ESPe at Nucleus = -2.1072164097E+01
           ESPn =  1.9991211078E+01     ESPn at Nucleus =  1.9940586809E+01

CP# 13     Coords = -1.32744695484089E-01  4.85609945171030E+00 -4.41034037904862E+00
           Type = (3,-3) NACP H13
           Rho =  4.2423208191E-01     Rho at Nucleus =  4.2078965232E-01
           GradRho =  4.7792953135E-15 -3.5431726997E-16  6.0258686197E-16
           HessRho_EigVals = -6.4404291705E+00 -6.4385667726E+00 -5.8732284834E+00
           HessRho_EigVec1 = -5.1527281517E-01 -1.0117361436E-01  8.5103338695E-01
           HessRho_EigVec2 = -8.1969075340E-02  9.9427302040E-01  6.8572819618E-02
           HessRho_EigVec3 =  8.5309729611E-01  3.4424710004E-02  5.2061496589E-01
           DelSqRho = -1.8752224426E+01
           Bond Ellipticity = NA
           V = -4.6976849461E+00
           G =  4.8144197610E-03
           K =  4.6928705264E+00
           L =  4.6880561066E+00
           Vnuc =  4.8184144473E+01
           Ven = -2.0441259925E+01
           Vrep =  1.5743574979E+01
           DelSqV =  7.0679597022E+02
           DelSqVen =  9.0355989096E+02
           DelSqVrep = -1.9676392073E+02
           DelSqG =  6.9412267682E+01
           DelSqK = -7.7620823790E+02
           Stress_EigVals = -1.6138226054E+00 -1.6136418024E+00 -1.4702205383E+00
           Stress_EigVec1 = -5.2078422313E-01  5.7258765437E-03  8.5366914392E-01
           Stress_EigVec2 = -2.6551898983E-02  9.9938507362E-01 -2.2901338036E-02
           Stress_EigVec3 =  8.5327533048E-01  3.4593192412E-02  5.2031194628E-01
           -DivStress = -6.4813180165E+00 -2.6563013894E-01 -3.9617499286E+00
           ESP =  -1.1290335402E+00     ESP at Nucleus =  -1.1312605024E+00
           ESPe = -1.9744796057E+01     ESPe at Nucleus = -1.9670219662E+01
           ESPn =  1.8615762517E+01     ESPn at Nucleus =  1.8538959160E+01

CP# 14     Coords = -1.60066581062124E+00  4.93116224156116E+00  3.35334430584276E+00
           Type = (3,-3) NACP C14
           Rho =  1.1751465076E+02     Rho at Nucleus =  1.1751465068E+02
           GradRho =  2.9120373213E-11  8.2313262109E-11 -2.3790100345E-10
           HessRho_EigVals = -1.4480501311E+05 -1.4480470981E+05 -1.4480459323E+05
           HessRho_EigVec1 = -2.0558222909E-02  1.2126602152E-01  9.9240712991E-01
           HessRho_EigVec2 = -5.2634682772E-01  8.4261122728E-01 -1.1386543207E-01
           HessRho_EigVec3 =  8.5002139763E-01  5.2469121557E-01 -4.6505396301E-02
           DelSqRho = -4.3441431615E+05
           Bond Ellipticity = NA
           V = -1.0861407497E+05
           G =  5.2479669220E+00
           K =  1.0860882700E+05
