AIMSum (Version 19.02.13, Professional)
Copyright (c) 1997-2019 by Todd A. Keith
AIMSum is a component of the AIMAll package ( http://aim.tkgristmill.com )

TP:  64-bit Linux

Much of the Quantum Theory of Atoms in Molecules (QTAIM) is described in the book:
  "Atoms in Molecules - A Quantum Theory"
  R.F.W. Bader, Oxford University Press, Oxford, 1990

For additional references see:  http://aim.tkgristmill.com/references.html

Wfn File:  /home/mhennefarth/Documents/ML_Diels/summary-liu2014/6_10-opt/6_10-opt.wfn
Sum File:  /home/mhennefarth/Documents/ML_Diels/summary-liu2014/6_10-opt/6_10-opt.sum

SumViz File:  /home/mhennefarth/Documents/ML_Diels/summary-liu2014/6_10-opt/6_10-opt.sumviz

Wfn Title:   Title Card Required                                                           
 
Total memory allocated for AIMSum =        2.546 Megabytes

Atomic units (a.u.) used throughout, except where stated otherwise

Model:  Restricted SCF
 
Restricted, closed-shell, single-determinant wavefunction.
  Number of electrons (from MO Occs)                   =         162.0000000000
  Number of Alpha electrons (from MO Occs)             =          81.0000000000
  Number of Beta electrons (from MO Occs)              =          81.0000000000
  Number of electron pairs (N*(N-1)/2)                 =       13041.0000000000
  Number of electron pairs (from Muller 2EDM)          =       13041.0000000000
 
Nuclear Charges and Cartesian Coordinates:
-------------------------------------------------------------------------------
Atom      Charge                X                  Y                  Z
-------------------------------------------------------------------------------
C1         6.0           2.3523476900E+00  -3.3663941300E+00  -1.1347466000E-01
C2         6.0          -2.4210378100E+00  -3.3210216400E+00   1.1776268000E-01
N3         7.0          -1.1666318100E+00  -3.5325189400E+00   2.3121337300E+00
N4         7.0           1.3209946900E+00  -3.6344556400E+00   2.1859084300E+00
N5         7.0          -1.3950270300E+00  -3.6200598600E+00  -2.1801248600E+00
N6         7.0           1.0941513200E+00  -3.5652363900E+00  -2.3068028900E+00
C7         6.0           1.3968664200E+00   7.9699986700E+00  -6.8910855000E-01
C8         6.0          -1.2104660700E+00   8.0022715300E+00   7.0711150000E-01
C9         6.0           7.2591625000E-01   2.5929234800E+00  -9.1332901000E-01
C10        6.0          -1.4799289700E+00   6.4777941800E+00   3.1981499500E+00
C11        6.0          -6.9373965000E-01   2.6060579500E+00   8.8502825000E-01
C12        6.0          -2.2668339400E+00   3.6635439800E+00   2.8954368100E+00
C13        6.0           1.6206982700E+00   6.4602389600E+00  -3.1934920600E+00
C14        6.0           2.3273415300E+00   3.6220698200E+00  -2.9160030000E+00
H15        1.0          -2.7122098300E+00   7.4372756700E+00  -6.1012217000E-01
H16        1.0           3.1736731000E-01   6.5536975000E+00   4.2313055400E+00
H17        1.0          -1.6139988900E+00   9.9785202700E+00   1.1888169000E+00
H18        1.0          -2.8901139100E+00   7.4013094900E+00   4.4089118300E+00
H19        1.0          -2.0552890200E+00   2.6544534400E+00   4.6929991800E+00
H20        1.0          -4.2725370300E+00   3.5169862300E+00   2.3861162600E+00
H21        1.0           3.0555234200E+00   7.3535877300E+00  -4.3979322800E+00
H22        1.0          -1.7467052000E-01   6.5961180000E+00  -4.2237318400E+00
H23        1.0           2.0852044400E+00   2.6350747300E+00  -4.7220305500E+00
H24        1.0           4.3285159600E+00   3.4131496700E+00  -2.4105493300E+00
H25        1.0           1.8584979800E+00   9.9376550100E+00  -1.1534235300E+00
H26        1.0           2.8812605300E+00   7.3489657200E+00   6.2250251000E-01
C27        6.0          -5.2212104400E+00  -2.8158063700E+00   3.2836814000E-01
C28        6.0           5.1615059500E+00  -2.9153542800E+00  -3.2614056000E-01
O29        8.0          -6.1405645600E+00  -1.6927654000E+00   2.0949464900E+00
O30        8.0           6.1015684800E+00  -1.8134791000E+00  -2.0951530600E+00
O31        8.0          -6.4883841200E+00  -3.7265460900E+00  -1.6576018200E+00
O32        8.0           6.4116161700E+00  -3.8473622500E+00   1.6607384300E+00
C33        6.0          -9.1689941100E+00  -3.2547101700E+00  -1.6348608700E+00
H34        1.0          -9.8845077900E+00  -4.1033464600E+00  -3.3686792200E+00
H35        1.0          -1.0036721810E+01  -4.1272907100E+00   2.3797420000E-02
H36        1.0          -9.5368879300E+00  -1.2227654400E+00  -1.6051986900E+00
C37        6.0           9.1011491900E+00  -3.4296879200E+00   1.6355021200E+00
H38        1.0           9.8007283800E+00  -4.2909450700E+00   3.3696012600E+00
H39        1.0           9.9497183600E+00  -4.3212384100E+00  -2.2972740000E-02
H40        1.0           9.5101364400E+00  -1.4056330700E+00   1.6036438700E+00
 
Some Atomic Properties:
----------------------
  q(A) = Net Charge of Atom A
  L(A) = Lagrangian of Atom A = -(1/4) Times Atomic Integral of the Laplacian of the Electron Density
  K(A) = Electronic Kinetic Energy of Atom A (Hamiltonian Form)
  K_Scaled(A) = K(A) * E(Mol)/K(Mol) = Approximation to Virial-Based Total Energy of Atom A.
  |Mu_Intra(A)| = Magnitude of Intraatomic Dipole Moment of Atom A
--------------------------------------------------------------------------------------------------
Atom A          q(A)              L(A)              K(A)          K_Scaled(A)      |Mu_Intra(A)|
--------------------------------------------------------------------------------------------------
C1        1.0561229355E+00 -4.8301025239E-04  3.7154710060E+01 -3.7497475264E+01  5.3662353962E-01
C2        1.0564929434E+00 -2.4128133129E-05  3.7154692591E+01 -3.7497457634E+01  5.3644956095E-01
N3       -5.4065083970E-01  8.1863627495E-05  5.4557864150E+01 -5.5061179542E+01  6.3131143074E-01
N4       -5.4457047990E-01 -1.1910563095E-05  5.4565910223E+01 -5.5069299843E+01  6.2999709257E-01
N5       -5.4462611620E-01 -6.5162705615E-05  5.4565973206E+01 -5.5069363407E+01  6.2990549652E-01
N6       -5.4075535860E-01 -1.2238001160E-04  5.4557764734E+01 -5.5061079209E+01  6.3117789144E-01
C7        1.7225430000E-02 -8.6138524542E-05  3.7643334390E+01 -3.7990607325E+01  3.5347387552E-02
C8        1.7422977700E-02  2.4678076278E-04  3.7643392804E+01 -3.7990666278E+01  3.6243449664E-02
C9       -1.9814715330E-01  4.7799876189E-05  3.7835058852E+01 -3.8184100512E+01  2.0741369622E-01
C10       2.8699428400E-02 -3.2998700875E-04  3.7652112715E+01 -3.7999466633E+01  6.1479409409E-02
C11      -1.9853445040E-01  7.4286384596E-05  3.7835312291E+01 -3.8184356289E+01  2.0721024793E-01
C12       8.7044614700E-02  8.9393795453E-05  3.7627594747E+01 -3.7974722478E+01  2.2326609719E-01
C13       2.8831688200E-02 -2.3840895228E-04  3.7652161894E+01 -3.7999516265E+01  6.1454000408E-02
C14       8.6324643500E-02 -4.6563970684E-04  3.7627514467E+01 -3.7974641458E+01  2.2250116914E-01
H15       1.3974150600E-03  3.2732665445E-05  6.1540744795E-01 -6.2108479705E-01  1.5976689300E-01
H16       2.6668377300E-03  3.2063260875E-05  6.1619256316E-01 -6.2187715522E-01  1.5893199433E-01
H17      -6.0323742000E-03  2.6952774363E-05  6.2394643175E-01 -6.2970255596E-01  1.5928092093E-01
H18      -1.5124800000E-04  2.3498176978E-05  6.1767425913E-01 -6.2337252035E-01  1.5917901455E-01
H19       4.1968574310E-02  2.5934908654E-05  5.9887511412E-01 -6.0439994665E-01  1.4901483771E-01
H20       4.0325461330E-02  2.1078677534E-05  6.0052929570E-01 -6.0606938864E-01  1.4700507714E-01
H21      -1.6661580000E-04  2.6965538496E-05  6.1768006808E-01 -6.2337838290E-01  1.5917838368E-01
H22       2.6431577600E-03  2.4569885702E-05  6.1622765151E-01 -6.2191256728E-01  1.5894462072E-01
H23       4.1587290260E-02  2.5555914058E-05  5.9900573283E-01 -6.0453177037E-01  1.4917854935E-01
H24       4.0681401410E-02  2.8977702676E-05  6.0038770495E-01 -6.0592649167E-01  1.4676418738E-01
H25      -6.0328053000E-03  2.2030865129E-05  6.2394821465E-01 -6.2970435532E-01  1.5926805279E-01
H26       1.4438241800E-03  3.3499165845E-05  6.1539491444E-01 -6.2107214791E-01  1.5974722802E-01
C27       1.6811026158E+00  5.8430852788E-05  3.6618207797E+01 -3.6956023580E+01  7.1670660705E-01
C28       1.6807824724E+00 -4.1895349742E-04  3.6618184627E+01 -3.6956000197E+01  7.1765080238E-01
O29      -1.1753947266E+00  5.5133433828E-05  7.5332705620E+01 -7.6027676196E+01  5.7716548864E-01
O30      -1.1753967882E+00  7.2792152932E-05  7.5332679859E+01 -7.6027650197E+01  5.7714952114E-01
O31      -1.0879667593E+00  1.1764611364E-04  7.5285425607E+01 -7.5979960008E+01  2.6732494906E-01
O32      -1.0883977821E+00 -3.5651366721E-04  7.5285454412E+01 -7.5979989079E+01  2.6811492651E-01
C33       4.1566425060E-01  2.7187795376E-04  3.7436555845E+01 -3.7781921176E+01  6.1918371709E-01
H34       5.8752474770E-02  2.5120812663E-05  5.9642311753E-01 -6.0192532954E-01  1.4355995170E-01
H35       6.1357065910E-02  2.7803749141E-05  5.9373660098E-01 -5.9921402893E-01  1.4689187103E-01
H36       6.0889743180E-02  2.7436445611E-05  5.9391086659E-01 -5.9938990220E-01  1.4698660983E-01
C37       4.1535986430E-01 -7.8027127112E-05  3.7436467256E+01 -3.7781831770E+01  6.1893813602E-01
H38       5.8763792170E-02  2.5262146865E-05  5.9641903568E-01 -6.0192121003E-01  1.4355459317E-01
H39       6.1396154260E-02  2.7674370089E-05  5.9372224544E-01 -5.9919954095E-01  1.4688466029E-01
H40       6.0866490710E-02  2.8968953376E-05  5.9391248437E-01 -5.9939153490E-01  1.4698062054E-01
--------------------------------------------------------------------------------------------------
Total    -1.0099500600E-03 -1.0781291830E-03  1.0543324719E+03 -1.0640590580E+03
 
1st Largest |L(A)| = 4.8301025239E-04, atom C1      
2nd Largest |L(A)| = 4.6563970684E-04, atom C14     
 
Molecular charge q(Mol) from the wfn file:   0.0000000000E+00
Molecular energy E(Mol) from the wfn file:  -1.0640592408E+03
Molecular virial ratio (-V(Mol)/T(Mol)) from the wfn file:   2.0092253500E+00
Note.  K_Scaled(A) = (1+V(Mol)/T(Mol))*K(A) = (E(Mol)/T(Mol))*K(A)
       Only use K_Scaled(A) data with caution.
 
N_AIMInt(SumA)     =        162.001010
N_Analytic(Mol)    =        161.999976
 
G_AIMInt(SumA)     =       1054.333550
G_Analytic(Mol)    =       1054.332585
 
K_AIMInt(SumA)     =       1054.332472
K_Analytic(Mol)    =       1054.332585
 
L_AIMInt(SumA)     =         -0.001078
L_Analytic(Mol)    =          0.000000
 
VenT_AIMInt(SumA)  =      -6119.618261
VenT_Analytic(Mol) =      -6119.586681
 
Some Information About the Atomic Calculations:
----------------------------------------------
  Time(sec) = "Elapsed User Time", in Seconds, for Atom A by AIMInt and, if used, by TWOe
  NProc = Number of Processors Used for AIMInt Job
  BIM = Basin Integration Method
  OAQ = Angular Quadrature Outside of Beta Sphere
  ORQ = Multiple of Default for Radial Quadrature Outside of Beta Sphere
  IAQ = Multiple of Default for Angular Quadrature Inside of Beta Sphere
  IRQ = Multiple of Default for Radial Quadrature Inside of Beta Sphere
  MIR = Maximum Integration Radius
------------------------------------------------------------------------------------------------------
Atom A     Time(sec)   NProc      BIM          OAQ                     ORQ      IAQ      IRQ      MIR
------------------------------------------------------------------------------------------------------
C1             64        8     Proaim(5)    4500(GS4)                  1.00     1.00     1.00    13.00
C2             64        8     Proaim(5)    4500(GS4)                  1.00     1.00     1.00    13.00
N3             37        8     Proaim(5)    4500(GS4)                  1.00     1.00     1.00    13.00
N4             33        8     Proaim(5)    4500(GS4)                  1.00     1.00     1.00    13.00
N5             33        8     Proaim(5)    4500(GS4)                  1.00     1.00     1.00    13.00
N6             37        8     Proaim(5)    4500(GS4)                  1.00     1.00     1.00    13.00
C7             49        8     Proaim(5)    4500(GS4)                  1.00     1.00     1.00    13.00
C8             49        8     Proaim(5)    4500(GS4)                  1.00     1.00     1.00    13.00
C9             55        8     Proaim(5)    4500(GS4)                  1.00     1.00     1.00    13.00
C10            44        8     Proaim(5)    4500(GS4)                  1.00     1.00     1.00    13.00
C11            54        8     Proaim(5)    4500(GS4)                  1.00     1.00     1.00    13.00
C12            48        8     Proaim(5)    4500(GS4)                  1.00     1.00     1.00    13.00
C13            44        8     Proaim(5)    4500(GS4)                  1.00     1.00     1.00    13.00
C14            49        8     Proaim(5)    6300(GS6)                  1.00     1.00     1.00    13.00
H15            13        8     Proaim(5)    1800(GS4)                  1.00     1.00     1.00    13.00
H16            12        8     Proaim(5)    1800(GS4)                  1.00     1.00     1.00    13.00
H17            11        8     Proaim(5)    1800(GS4)                  1.00     1.00     1.00    13.00
H18             9        8     Proaim(5)    1800(GS4)                  1.00     1.00     1.00    13.00
H19            12        8     Proaim(5)    1800(GS4)                  1.00     1.00     1.00    13.00
H20            24        8     Proaim(5)    4500(GS4)                  1.00     1.00     1.00    13.00
H21            10        8     Proaim(5)    1800(GS4)                  1.00     1.00     1.00    13.00
H22            12        8     Proaim(5)    1800(GS4)                  1.00     1.00     1.00    13.00
H23            12        8     Proaim(5)    1800(GS4)                  1.00     1.00     1.00    13.00
H24            26        8     Proaim(5)    4500(GS4)                  1.00     1.00     1.00    13.00
H25             9        8     Proaim(5)    1800(GS4)                  1.00     1.00     1.00    13.00
H26            13        8     Proaim(5)    1800(GS4)                  1.00     1.00     1.00    13.00
C27            44        8     Proaim(5)    4500(GS4)                  1.00     1.00     1.00    13.00
C28            45        8     Proaim(5)    5400(GS5)                  1.00     1.00     1.00    13.00
O29            35        8     Proaim(5)    4500(GS4)                  1.00     1.00     1.00    13.00
O30            34        8     Proaim(5)    4500(GS4)                  1.00     1.00     1.00    13.00
O31            34        8     Proaim(5)    4500(GS4)                  1.00     1.00     1.00    13.00
O32            34        8     Proaim(5)    4500(GS4)                  1.00     1.00     1.00    13.00
C33            31        8     Proaim(5)    4500(GS4)                  1.00     1.00     1.00    13.00
H34             9        8     Proaim(5)    1800(GS4)                  1.00     1.00     1.00    13.00
H35             9        8     Proaim(5)    1800(GS4)                  1.00     1.00     1.00    13.00
H36            11        8     Proaim(5)    1800(GS4)                  1.00     1.00     1.00    13.00
C37            32        8     Proaim(5)    4500(GS4)                  1.00     1.00     1.00    13.00
H38             9        8     Proaim(5)    1800(GS4)                  1.00     1.00     1.00    13.00
H39             9        8     Proaim(5)    1800(GS4)                  1.00     1.00     1.00    13.00
H40            13        8     Proaim(5)    1800(GS4)                  1.00     1.00     1.00    13.00
------------------------------------------------------------------------------------------------------
Total        1172
Note:  Total wall clock time is less than total of atomic times if more than one atom
       was calculated at a time
 
Electron Density Critical Point Analysis of Molecular Structure:               
---------------------------------------------------------------                
  NACP = Nuclear Attractor Critical Point                                      
  NNACP = Non-Nuclear Attractor Critical Point                                 
  BCP = Bond Critical Point                                                    
  RCP = Ring Critical Point                                                    
  CCP = Cage Critical Point                                                    
  Rho = Electron Density                                                       
  GradRho = Gradient of Electron Density                                       
  HessRho_EigVals = Eigenvalues of the Hessian of Rho, Ascending Order         
  HessRho_EigVecs = Eigenvectors of the Hessian of Rho                         
  DelSqRho = Laplacian of Rho = Trace of Hessian of Rho                        
  Bond Ellipticity = (HessRho_EigVal(1) / HessRho_EigVal(2)) - 1               
  V = Virial Field = Potential Energy Density = Trace of Stress Tensor         
  G = Lagrangian Form of Kinetic Energy Density                                
  K = Hamiltonian Form of Kinetic Energy Density                               
  L = K - G = Lagrangian Density = (-1/4)DelSqRho                              
  Vnuc = Electrostatic Potential from Nuclei                                   
  Ven = Electron-nuclear attractive contribution to Virial Field V             
  Vrep = V - Ven = Repulsive contribution to Virial Field V                    
  DelSqV = Laplacian of V                                                      
  DelSqVen = Laplacian of Ven                                                  
  DelSqVrep = Laplacian of Vrep                                                
  DelSqG = Laplacian of G                                                      
  DelSqK = Laplacian of K                                                      
  Stress_EigVals = Eigenvalues of Stress Tensor, Ascending Order               
  Stress_EigVecs = Eigenvectors of Stress Tensor                               
  -DivStress = Ehrenfest Force Density = Minus Divergence of Stress Tensor     
  ESP = Total Electrostatic Potential                                          
  ESPe = Electrostatic Potential from Electrons                                
  ESPn = Electrostatic Potential from Nuclei                                   
  BP = Bond Path                                                               
  BPL = Bond Path Length                                                       
  GBL = Geometric Bond Length                                                  
  GBL_I = Distance Between Nuclear Attractors                                  
  GBL_II = Distance Between Nuclei                                             
  GBL_III = Sum of Distances Between BCP and Nuclear Attractors                
  GBL_IV = Sum of Distances Between BCP and Nuclei                             

CP# 1      Coords =  2.35234721556389E+00 -3.36639424058504E+00 -1.13474717161816E-01
           Type = (3,-3) NACP C1
           Rho =  1.1763081879E+02     Rho at Nucleus =  1.1763081878E+02
           GradRho = -4.3141550445E-11 -3.2950862470E-11 -2.6405080379E-12
           HessRho_EigVals = -1.4490890221E+05 -1.4490788733E+05 -1.4490761449E+05
           HessRho_EigVec1 = -8.7467850077E-02  9.9456573873E-01  5.6465622622E-02
           HessRho_EigVec2 =  8.8634133463E-02 -4.8688103435E-02  9.9487358944E-01
           HessRho_EigVec3 =  9.9221639051E-01  9.2024235498E-02 -8.3893828693E-02
           DelSqRho = -4.3472440403E+05
           Bond Ellipticity = NA
           V = -1.0869147891E+05
           G =  5.1889490446E+00
           K =  1.0868628996E+05
           L =  1.0868110101E+05
           Vnuc =  1.2232547122E+07
           Ven = -1.4389245339E+09
           Vrep =  1.4388158425E+09
           DelSqV =  2.4935713620E+09
           DelSqVen =  5.3177755894E+12
           DelSqVrep = -5.3152820180E+12
           DelSqG =  1.3390449568E+08
           DelSqK = -2.6274758577E+09
           Stress_EigVals = -3.6230711508E+04 -3.6230657614E+04 -3.6230109784E+04
           Stress_EigVec1 =  9.8864400773E-01  1.2366748924E-01 -8.5377854797E-02
           Stress_EigVec2 =  8.8350181835E-02 -1.8743427940E-02  9.9591311332E-01
           Stress_EigVec3 = -1.2156180056E-01  9.9214668069E-01  2.9456622879E-02
           -DivStress =  3.8966050777E+02  8.6282303680E+01  4.6178209501E+01
           ESP =  -1.4629540615E+01     ESP at Nucleus =  -1.4629540617E+01
           ESPe = -4.1540858655E+01     ESPe at Nucleus = -4.1540858327E+01
           ESPn =  2.6911318039E+01     ESPn at Nucleus =  2.6911317710E+01

CP# 2      Coords = -2.42103733687497E+00 -3.32102175943425E+00  1.17762739495401E-01
           Type = (3,-3) NACP C2
           Rho =  1.1763095174E+02     Rho at Nucleus =  1.1763095172E+02
           GradRho =  4.8328732292E-11 -1.7241862018E-11  4.0678693053E-12
           HessRho_EigVals = -1.4490912109E+05 -1.4490810608E+05 -1.4490783338E+05
           HessRho_EigVec1 =  1.0641141100E-01  9.9242579754E-01 -6.1381169661E-02
           HessRho_EigVec2 =  9.0099657846E-02  5.1853721908E-02  9.9458194392E-01
           HessRho_EigVec3 =  9.9023162102E-01 -1.1136529039E-01 -8.3899397082E-02
           DelSqRho = -4.3472506055E+05
           Bond Ellipticity = NA
           V = -1.0869164281E+05
           G =  5.1888369692E+00
           K =  1.0868645397E+05
           L =  1.0868126514E+05
           Vnuc =  1.2205552185E+07
           Ven = -1.4357507201E+09
           Vrep =  1.4356420284E+09
           DelSqV =  2.4935751707E+09
           DelSqVen =  5.3060629955E+12
           DelSqVrep = -5.3035694203E+12
           DelSqG =  1.3390475046E+08
           DelSqK = -2.6274799212E+09
           Stress_EigVals = -3.6230766136E+04 -3.6230712271E+04 -3.6230164404E+04
           Stress_EigVec1 =  9.8601672999E-01 -1.4286084228E-01 -8.5800862021E-02
           Stress_EigVec2 =  8.9820078782E-02  2.1914568646E-02  9.9571688001E-01
           Stress_EigVec3 =  1.4036866327E-01  9.8950014221E-01 -3.4439903423E-02
           -DivStress = -3.8868259039E+02  9.3549999451E+01 -4.8046975061E+01
           ESP =  -1.4629549091E+01     ESP at Nucleus =  -1.4629549092E+01
           ESPe = -4.1541155176E+01     ESPe at Nucleus = -4.1541154847E+01
           ESPn =  2.6911606085E+01     ESPn at Nucleus =  2.6911605755E+01

CP# 3      Coords = -1.16662412193941E+00 -3.53251838738983E+00  2.31212139598402E+00
           Type = (3,-3) NACP N3
           Rho =  1.9145741143E+02     Rho at Nucleus =  1.9145737736E+02
           GradRho = -2.2453882286E-11  6.0161976095E-11 -6.6074406363E-11
           HessRho_EigVals = -3.2218428980E+05 -3.2218248106E+05 -3.2217276773E+05
           HessRho_EigVec1 =  2.7707890454E-01  9.4079436812E-01  1.9527733503E-01
           HessRho_EigVec2 =  8.9085739319E-01 -3.2768046914E-01  3.1464045376E-01
           HessRho_EigVec3 = -3.6000053563E-01 -8.6784025383E-02  9.2890696374E-01
           DelSqRho = -9.6653953859E+05
           Bond Ellipticity = NA
           V = -2.4166738403E+05
           G =  1.6249692808E+01
           K =  2.4165113434E+05
           L =  2.4163488465E+05
           Vnuc =  4.8130954573E+05
           Ven = -9.2150279722E+07
           Vrep =  9.1908612338E+07
           DelSqV =  7.5879056841E+09
           DelSqVen =  4.6520470656E+11
           DelSqVrep = -4.5761680094E+11
           DelSqG =  4.0670537378E+08
           DelSqK = -7.9946110579E+09
           Stress_EigVals = -8.0557349033E+04 -8.0555353864E+04 -8.0554681136E+04
           Stress_EigVec1 = -3.3026569834E-01 -9.2998573442E-02  9.3929539221E-01
           Stress_EigVec2 =  9.2646798617E-01 -2.2224349688E-01  3.0375137645E-01
           Stress_EigVec3 =  1.8050384787E-01  9.7054577091E-01  1.5955960475E-01
           -DivStress = -1.8980828297E+04 -1.3638215112E+03  3.0437107486E+04
           ESP =  -1.8284047497E+01     ESP at Nucleus =  -1.8284049057E+01
           ESPe = -4.2973566342E+01     ESPe at Nucleus = -4.2973534423E+01
           ESPn =  2.4689518845E+01     ESPn at Nucleus =  2.4689485366E+01

CP# 4      Coords =  1.32098589408930E+00 -3.63445391377038E+00  2.18589694449608E+00
           Type = (3,-3) NACP N4
           Rho =  1.9145644421E+02     Rho at Nucleus =  1.9145641002E+02
           GradRho =  5.8796145036E-12  6.1517221872E-11 -5.4966316221E-11
           HessRho_EigVals = -3.2218597810E+05 -3.2218442430E+05 -3.2217459320E+05
           HessRho_EigVec1 = -1.3011809379E-01  9.6913484235E-01  2.0939660695E-01
           HessRho_EigVec2 =  8.8692770938E-01  2.0817297153E-01 -4.1233875910E-01
           HessRho_EigVec3 =  4.4320257219E-01 -1.3206691963E-01  8.8663961605E-01
           DelSqRho = -9.6654499561E+05
           Bond Ellipticity = NA
           V = -2.4166878501E+05
           G =  1.6268055921E+01
           K =  2.4165251696E+05
           L =  2.4163624890E+05
           Vnuc =  4.8048675788E+05
           Ven = -9.1992286156E+07
           Vrep =  9.1750617371E+07
           DelSqV =  7.5879541114E+09
           DelSqVen =  4.6441207110E+11
           DelSqVrep = -4.5682411699E+11
           DelSqG =  4.0671242393E+08
           DelSqK = -7.9946665354E+09
           Stress_EigVals = -8.0557814126E+04 -8.0555798080E+04 -8.0555172807E+04
           Stress_EigVec1 =  4.1484185069E-01 -1.3355512370E-01  9.0003848132E-01
           Stress_EigVec2 =  9.0792956382E-01  1.2571603457E-01 -3.9982419360E-01
           Stress_EigVec3 = -5.9750699201E-02  9.8303535419E-01  1.7341091765E-01
           -DivStress =  2.1715836089E+04 -4.2639184864E+03  2.8341603091E+04
           ESP =  -1.8285188265E+01     ESP at Nucleus =  -1.8285189830E+01
           ESPe = -4.2940328930E+01     ESPe at Nucleus = -4.2940296721E+01
           ESPn =  2.4655140666E+01     ESPn at Nucleus =  2.4655106891E+01

CP# 5      Coords = -1.39501820247973E+00 -3.62005824112447E+00 -2.18011338262611E+00
           Type = (3,-3) NACP N5
           Rho =  1.9145658279E+02     Rho at Nucleus =  1.9145654859E+02
           GradRho = -1.2007813147E-11  5.9132816699E-11  2.9909470733E-11
           HessRho_EigVals = -3.2218626538E+05 -3.2218471126E+05 -3.2217487982E+05
           HessRho_EigVec1 =  1.4869875737E-01  9.6532992992E-01 -2.1453858852E-01
           HessRho_EigVec2 =  8.8280140554E-01 -2.2734337096E-01 -4.1106771955E-01
           HessRho_EigVec3 =  4.4558989882E-01  1.2826970840E-01  8.8600029570E-01
           DelSqRho = -9.6654585646E+05
           Bond Ellipticity = NA
           V = -2.4166900020E+05
           G =  1.6268041318E+01
           K =  2.4165273216E+05
           L =  2.4163646411E+05
           Vnuc =  4.8047400015E+05
           Ven = -9.1989910188E+07
           Vrep =  9.1748241188E+07
           DelSqV =  7.5879609381E+09
           DelSqVen =  4.6440015379E+11
           DelSqVrep = -4.5681219285E+11
           DelSqG =  4.0671285808E+08
           DelSqK = -7.9946737962E+09
           Stress_EigVals = -8.0557885932E+04 -8.0555869785E+04 -8.0555244480E+04
           Stress_EigVec1 =  4.1723220965E-01  1.3037760729E-01  8.9939922323E-01
           Stress_EigVec2 =  9.0541165246E-01 -1.4501197804E-01 -3.9900033311E-01
           Stress_EigVec3 =  7.8402951668E-02  9.8080232756E-01 -1.7854907289E-01
           -DivStress = -2.1793915298E+04 -3.9988362178E+03 -2.8321518753E+04
           ESP =  -1.8285211453E+01     ESP at Nucleus =  -1.8285213018E+01
           ESPe = -4.2936309918E+01     ESPe at Nucleus = -4.2936277694E+01
           ESPn =  2.4651098465E+01     ESPn at Nucleus =  2.4651064675E+01

CP# 6      Coords =  1.09414364498716E+00 -3.56523563158008E+00 -2.30679055795575E+00
           Type = (3,-3) NACP N6
           Rho =  1.9145742012E+02     Rho at Nucleus =  1.9145738604E+02
           GradRho =  3.0546773227E-11  2.9484664710E-11  2.9091399428E-11
           HessRho_EigVals = -3.2218425050E+05 -3.2218244259E+05 -3.2217272894E+05
           HessRho_EigVec1 = -2.5947931210E-01  9.4480143730E-01 -2.0005181996E-01
           HessRho_EigVec2 =  8.9684357347E-01  3.1258119947E-01  3.1299296872E-01
           HessRho_EigVec3 = -3.5824864455E-01  9.8199988879E-02  9.2844745186E-01
           DelSqRho = -9.6653942203E+05
           Bond Ellipticity = NA
           V = -2.4166735429E+05
           G =  1.6249389720E+01
           K =  2.4165110490E+05
           L =  2.4163485551E+05
           Vnuc =  4.8128595576E+05
           Ven = -9.2145767427E+07
           Vrep =  9.1904100073E+07
           DelSqV =  7.5879046832E+09
           DelSqVen =  4.6518184922E+11
           DelSqVrep = -4.5759394453E+11
           DelSqG =  4.0670525086E+08
           DelSqK = -7.9946099341E+09
           Stress_EigVals = -8.0557339109E+04 -8.0555343839E+04 -8.0554671339E+04
           Stress_EigVec1 = -3.2840999300E-01  1.0391467065E-01  9.3880169244E-01
           Stress_EigVec2 =  9.3048529791E-01  2.0638936690E-01  3.0265581046E-01
           Stress_EigVec3 = -1.6230830808E-01  9.7293636506E-01 -1.6447140381E-01
           -DivStress =  1.8948601710E+04 -1.8718816297E+03 -3.0432223218E+04
           ESP =  -1.8284051779E+01     ESP at Nucleus =  -1.8284053339E+01
           ESPe = -4.2968736950E+01     ESPe at Nucleus = -4.2968705007E+01
           ESPn =  2.4684685171E+01     ESPn at Nucleus =  2.4684651668E+01

CP# 7      Coords =  1.39686570776422E+00  7.96999828251063E+00 -6.89109056972345E-01
           Type = (3,-3) NACP C7
           Rho =  1.1754124979E+02     Rho at Nucleus =  1.1754124972E+02
           GradRho = -1.2852060735E-10 -1.1371318969E-10 -9.9481672032E-11
           HessRho_EigVals = -1.4483958549E+05 -1.4483937359E+05 -1.4483903100E+05
           HessRho_EigVec1 =  6.5600765694E-01 -2.6030442264E-01 -7.0844587767E-01
           HessRho_EigVec2 =  7.1971984704E-01  4.9840410650E-01  4.8331841305E-01
           HessRho_EigVec3 = -2.2728241420E-01  8.2694313842E-01 -5.1430316936E-01
           DelSqRho = -4.3451799008E+05
           Bond Ellipticity = NA
           V = -1.0863974342E+05
           G =  5.1229509019E+00
           K =  1.0863462047E+05
           L =  1.0862949752E+05
           Vnuc =  6.2744111626E+06
           Ven = -7.3750212972E+08
           Vrep =  7.3739348998E+08
           DelSqV =  2.4924378016E+09
           DelSqVen =  2.7263444091E+12
           DelSqVrep = -2.7238520204E+12
           DelSqG =  1.3388162344E+08
           DelSqK = -2.6263194251E+09
           Stress_EigVals = -3.6213345961E+04 -3.6213233824E+04 -3.6213163637E+04
           Stress_EigVec1 = -2.6286493628E-01  8.0586951827E-01 -5.3054344290E-01
           Stress_EigVec2 =  7.2761062964E-01  5.2669410609E-01  4.3951802039E-01
           Stress_EigVec3 =  6.3362827976E-01 -2.7049517212E-01 -7.2480864023E-01
           -DivStress =  5.8075603176E+02  3.1438501939E+02  4.1280912135E+02
           ESP =  -1.4743942258E+01     ESP at Nucleus =  -1.4743942259E+01
           ESPe = -3.5200850854E+01     ESPe at Nucleus = -3.5200849711E+01
           ESPn =  2.0456908596E+01     ESPn at Nucleus =  2.0456907452E+01

CP# 8      Coords = -1.21046537061694E+00  8.00227111743228E+00  7.07112003461520E-01
           Type = (3,-3) NACP C8
           Rho =  1.1754127716E+02     Rho at Nucleus =  1.1754127709E+02
           GradRho =  1.4226289591E-10 -9.9129161043E-11  9.2317107084E-11
           HessRho_EigVals = -1.4483962001E+05 -1.4483940818E+05 -1.4483906559E+05
           HessRho_EigVec1 =  6.6385938618E-01  2.4717434630E-01 -7.0582969469E-01
           HessRho_EigVec2 =  7.0447129972E-01 -5.2347226066E-01  4.7926712821E-01
           HessRho_EigVec3 =  2.5101972681E-01  8.1540274395E-01  5.2163920664E-01
           DelSqRho = -4.3451809378E+05
           Bond Ellipticity = NA
           V = -1.0863976914E+05
           G =  5.1228476855E+00
           K =  1.0863464629E+05
           L =  1.0862952344E+05
           Vnuc =  6.2799985759E+06
           Ven = -7.3815905316E+08
           Vrep =  7.3805041339E+08
           DelSqV =  2.4924383822E+09
           DelSqVen =  2.7287734190E+12
           DelSqVrep = -2.7262809970E+12
           DelSqG =  1.3388165633E+08
           DelSqK = -2.6263200385E+09
           Stress_EigVals = -3.6213354493E+04 -3.6213242397E+04 -3.6213172249E+04
           Stress_EigVec1 =  2.8599605859E-01  7.9308766656E-01  5.3779011484E-01
           Stress_EigVec2 =  7.1153382179E-01 -5.5167514292E-01  4.3517141121E-01
           Stress_EigVec3 =  6.4181451754E-01  2.5819854731E-01 -7.2208561490E-01
           -DivStress = -5.7033048368E+02  3.3482624089E+02 -4.0996310074E+02
           ESP =  -1.4743939022E+01     ESP at Nucleus =  -1.4743939022E+01
           ESPe = -3.5197241277E+01     ESPe at Nucleus = -3.5197240130E+01
           ESPn =  2.0453302256E+01     ESPn at Nucleus =  2.0453301108E+01

CP# 9      Coords =  7.25917830772403E-01  2.59292200246603E+00 -9.13330978899571E-01
           Type = (3,-3) NACP C9
           Rho =  1.1789601301E+02     Rho at Nucleus =  1.1789601239E+02
           GradRho =  2.9734623409E-09 -2.8496637550E-09 -3.7113369739E-09
           HessRho_EigVals = -1.4530624776E+05 -1.4530593239E+05 -1.4530504769E+05
           HessRho_EigVec1 =  2.1308040176E-01  9.1815081613E-01 -3.3405960730E-01
           HessRho_EigVec2 =  8.0270206048E-01  3.0416776330E-02  5.9560408144E-01
           HessRho_EigVec3 = -5.5701538982E-01  3.9506189206E-01  7.3052033302E-01
           DelSqRho = -4.3591722785E+05
           Bond Ellipticity = NA
           V = -1.0898949086E+05
           G =  5.0919495065E+00
           K =  1.0898439891E+05
           L =  1.0897930696E+05
           Vnuc =  2.0509612832E+06
           Ven = -2.4180015813E+08
           Vrep =  2.4169116864E+08
           DelSqV =  2.5004579746E+09
           DelSqVen =  8.9404939059E+11
           DelSqVrep = -8.9154893262E+11
           DelSqG =  1.3434249224E+08
           DelSqK = -2.6348004668E+09
           Stress_EigVals = -3.6330309139E+04 -3.6329595310E+04 -3.6329586412E+04
           Stress_EigVec1 = -6.1741694535E-01  4.6010569538E-02  7.8528933718E-01
           Stress_EigVec2 =  6.5715467503E-01  5.7887225330E-01  4.8275733806E-01
           Stress_EigVec3 = -4.3237026803E-01  8.1411912019E-01 -3.8764159925E-01
           -DivStress = -1.2936539839E+03  1.1922400166E+03  1.6124682603E+03
           ESP =  -1.4767250511E+01     ESP at Nucleus =  -1.4767250579E+01
           ESPe = -4.0187301943E+01     ESPe at Nucleus = -4.0187303851E+01
           ESPn =  2.5420051432E+01     ESPn at Nucleus =  2.5420053272E+01

CP# 10     Coords = -1.47992936020644E+00  6.47779338246279E+00  3.19814932629196E+00
           Type = (3,-3) NACP C10
           Rho =  1.1756100812E+02     Rho at Nucleus =  1.1756100804E+02
           GradRho = -9.5719990961E-11 -1.7887819004E-10 -1.4122340797E-10
           HessRho_EigVals = -1.4486489420E+05 -1.4486460372E+05 -1.4486430278E+05
           HessRho_EigVec1 =  2.4151520640E-01  9.6165306889E-01 -1.2997607538E-01
           HessRho_EigVec2 =  1.1683896411E-01  1.0414952382E-01  9.8767481144E-01
           HessRho_EigVec3 =  9.6333745985E-01 -2.5372475595E-01 -8.7204854659E-02
           DelSqRho = -4.3459380070E+05
           Bond Ellipticity = NA
           V = -1.0865869697E+05
           G =  5.1233954701E+00
           K =  1.0865357357E+05
           L =  1.0864845017E+05
           Vnuc =  5.5297083626E+06
           Ven = -6.5007808973E+08
           Vrep =  6.4996943103E+08
           DelSqV =  2.4928716352E+09
           DelSqVen =  2.4031768904E+12
           DelSqVrep = -2.4006840157E+12
           DelSqG =  1.3390591377E+08
           DelSqK = -2.6267775490E+09
           Stress_EigVals = -3.6219667951E+04 -3.6219565787E+04 -3.6219463227E+04
           Stress_EigVec1 =  9.6903663835E-01 -2.3446774291E-01 -7.7413636184E-02
           Stress_EigVec2 =  1.1455388050E-01  1.4916672934E-01  9.8215410976E-01
           Stress_EigVec3 =  2.1873591838E-01  9.6061134930E-01 -1.7140721576E-01
           -DivStress =  3.1719940098E+02  6.4624063520E+02  5.0795283365E+02
           ESP =  -1.4739585547E+01     ESP at Nucleus =  -1.4739585550E+01
           ESPe = -3.5479082314E+01     ESPe at Nucleus = -3.5479080629E+01
           ESPn =  2.0739496767E+01     ESPn at Nucleus =  2.0739495080E+01

CP# 11     Coords = -6.93741268344648E-01  2.60605650059547E+00  8.85030211082848E-01
           Type = (3,-3) NACP C11
           Rho =  1.1789601481E+02     Rho at Nucleus =  1.1789601419E+02
           GradRho = -3.0637266370E-09 -2.8357061421E-09  3.6892222229E-09
           HessRho_EigVals = -1.4530625637E+05 -1.4530594230E+05 -1.4530505654E+05
           HessRho_EigVec1 = -1.9194496657E-01  9.2130391928E-01  3.3816596241E-01
           HessRho_EigVec2 =  8.0033273238E-01 -5.2481466944E-02  5.9725473051E-01
           HessRho_EigVec3 = -5.6800056980E-01 -3.8528532798E-01  7.2727612965E-01
           DelSqRho = -4.3591725521E+05
           Bond Ellipticity = NA
           V = -1.0898949801E+05
           G =  5.0921020127E+00
           K =  1.0898440591E+05
           L =  1.0897931380E+05
           Vnuc =  2.0501056891E+06
           Ven = -2.4169929069E+08
           Vrep =  2.4159030119E+08
           DelSqV =  2.5004581380E+09
           DelSqVen =  8.9367644160E+11
           DelSqVrep = -8.9117598346E+11
           DelSqG =  1.3434250852E+08
           DelSqK = -2.6348006465E+09
           Stress_EigVals = -3.6330311518E+04 -3.6329597305E+04 -3.6329589185E+04
           Stress_EigVec1 = -6.1848412901E-01 -3.4868071771E-02  7.8502331159E-01
           Stress_EigVec2 =  6.3799692065E-01 -6.0548918494E-01  4.7575495390E-01
           Stress_EigVec3 =  4.5873446722E-01  7.9508934371E-01  3.9673117359E-01
           -DivStress =  1.3239710011E+03  1.1692029985E+03 -1.6061444562E+03
           ESP =  -1.4767269124E+01     ESP at Nucleus =  -1.4767269193E+01
           ESPe = -4.0194091729E+01     ESPe at Nucleus = -4.0194093619E+01
           ESPn =  2.5426822605E+01     ESPn at Nucleus =  2.5426824427E+01

CP# 12     Coords = -2.26683207867708E+00  3.66354329433643E+00  2.89543483425351E+00
           Type = (3,-3) NACP C12
           Rho =  1.1751803351E+02     Rho at Nucleus =  1.1751803294E+02
           GradRho =  3.3050386612E-09 -1.2231294588E-09 -3.5298684566E-09
           HessRho_EigVals = -1.4481011907E+05 -1.4480943730E+05 -1.4480922580E+05
           HessRho_EigVec1 = -4.2740103480E-01  6.5077879624E-01  6.2754706104E-01
           HessRho_EigVec2 = -6.6839053388E-01 -6.9486248364E-01  2.6536808976E-01
           HessRho_EigVec3 =  6.0875483544E-01 -3.0602791899E-01  7.3195933161E-01
           DelSqRho = -4.3442878217E+05
           Bond Ellipticity = NA
           V = -1.0861758307E+05
           G =  5.1937630388E+00
           K =  1.0861238931E+05
           L =  1.0860719554E+05
           Vnuc =  2.1431215725E+06
           Ven = -2.5185543276E+08
           Vrep =  2.5174681518E+08
           DelSqV =  2.4919292095E+09
           DelSqVen =  9.3103373107E+11
           DelSqVrep = -9.2854180186E+11
           DelSqG =  1.3385300152E+08
           DelSqK = -2.6257822110E+09
           Stress_EigVals = -3.6205977493E+04 -3.6205908301E+04 -3.6205697275E+04
           Stress_EigVec1 =  5.8583761854E-01 -3.1105320602E-01  7.4835832843E-01
           Stress_EigVec2 = -7.3090698437E-01 -6.0169555230E-01  3.2208297463E-01
           Stress_EigVec3 = -3.5009893588E-01  7.3566865189E-01  5.7984685024E-01
           -DivStress = -1.5091824624E+03  5.5054808355E+02  1.5992511258E+03
           ESP =  -1.4725276728E+01     ESP at Nucleus =  -1.4725276757E+01
           ESPe = -3.7458422254E+01     ESPe at Nucleus = -3.7458417703E+01
           ESPn =  2.2733145526E+01     ESPn at Nucleus =  2.2733140946E+01

CP# 13     Coords =  1.62069863989081E+00  6.46023814383116E+00 -3.19349144517875E+00
           Type = (3,-3) NACP C13
           Rho =  1.1756103056E+02     Rho at Nucleus =  1.1756103047E+02
