AIMSum (Version 19.02.13, Professional)
Copyright (c) 1997-2019 by Todd A. Keith
AIMSum is a component of the AIMAll package ( http://aim.tkgristmill.com )

TP:  64-bit Linux

Much of the Quantum Theory of Atoms in Molecules (QTAIM) is described in the book:
  "Atoms in Molecules - A Quantum Theory"
  R.F.W. Bader, Oxford University Press, Oxford, 1990

For additional references see:  http://aim.tkgristmill.com/references.html

Wfn File:  /home/mhennefarth/Documents/ML_Diels/summary-liu2014/7_8-opt/7_8-opt.wfn
Sum File:  /home/mhennefarth/Documents/ML_Diels/summary-liu2014/7_8-opt/7_8-opt.sum

SumViz File:  /home/mhennefarth/Documents/ML_Diels/summary-liu2014/7_8-opt/7_8-opt.sumviz

Wfn Title:   Title Card Required                                                           
 
Total memory allocated for AIMSum =        1.523 Megabytes

Atomic units (a.u.) used throughout, except where stated otherwise

Model:  Restricted SCF
 
Restricted, closed-shell, single-determinant wavefunction.
  Number of electrons (from MO Occs)                   =         136.0000000000
  Number of Alpha electrons (from MO Occs)             =          68.0000000000
  Number of Beta electrons (from MO Occs)              =          68.0000000000
  Number of electron pairs (N*(N-1)/2)                 =        9180.0000000000
  Number of electron pairs (from Muller 2EDM)          =        9180.0000000000
 
Nuclear Charges and Cartesian Coordinates:
-------------------------------------------------------------------------------
Atom      Charge                X                  Y                  Z
-------------------------------------------------------------------------------
C1         6.0          -2.3814904300E+00  -1.4971722700E+00   1.5562680000E-02
N2         7.0          -1.2327208800E+00  -1.5668833300E+00   2.2646690000E+00
N3         7.0           1.2628489500E+00  -1.5659133000E+00   2.2489224600E+00
C4         6.0           2.3827845700E+00  -1.4962626900E+00  -1.4721820000E-02
N5         7.0           1.2339280600E+00  -1.5679409600E+00  -2.2639417500E+00
N6         7.0          -1.2614190900E+00  -1.5679499200E+00  -2.2481994200E+00
C7         6.0          -1.1445177200E+00   5.3365578000E+00  -5.6081960000E-02
C8         6.0           1.1399357800E+00   5.3365583100E+00   5.5807520000E-02
C9         6.0          -3.9043827700E+00   5.4165316500E+00  -1.9015785000E-01
C10        6.0           3.8997941700E+00   5.4170918100E+00   1.8960779000E-01
H11        1.0          -4.7738229100E+00   4.4872755300E+00   1.4447490100E+00
H12        1.0          -4.5864504900E+00   7.3730536400E+00  -2.3223843000E-01
H13        1.0          -4.6124240600E+00   4.4714196500E+00  -1.8925455800E+00
H14        1.0           4.6091925300E+00   4.4593373600E+00   1.8843818700E+00
H15        1.0           4.5808105900E+00   7.3736093600E+00   2.4646753000E-01
H16        1.0           4.7690027700E+00   4.5008717400E+00  -1.4527412100E+00
C17        6.0           5.2657132300E+00  -1.4995696200E+00  -3.6023150000E-02
C18        6.0          -5.2644214800E+00  -1.5016074100E+00   3.6115660000E-02
F19        9.0           6.1480269800E+00  -2.9093070000E-01  -2.0796527200E+00
F20        9.0           6.1810115800E+00  -3.6369831000E-01   2.0334328500E+00
F21        9.0           6.1247216700E+00  -3.8894130600E+00  -8.6020650000E-02
F22        9.0          -6.1479515900E+00  -2.9950216000E-01   2.0830348600E+00
F23        9.0          -6.1225387900E+00  -3.8919219100E+00   7.8461640000E-02
F24        9.0          -6.1794098300E+00  -3.5981387000E-01  -2.0302424800E+00
 
Some Atomic Properties:
----------------------
  q(A) = Net Charge of Atom A
  L(A) = Lagrangian of Atom A = -(1/4) Times Atomic Integral of the Laplacian of the Electron Density
  K(A) = Electronic Kinetic Energy of Atom A (Hamiltonian Form)
  K_Scaled(A) = K(A) * E(Mol)/K(Mol) = Approximation to Virial-Based Total Energy of Atom A.
  |Mu_Intra(A)| = Magnitude of Intraatomic Dipole Moment of Atom A
--------------------------------------------------------------------------------------------------
Atom A          q(A)              L(A)              K(A)          K_Scaled(A)      |Mu_Intra(A)|
--------------------------------------------------------------------------------------------------
C1        1.1093090971E+00  2.9082259471E-04  3.7149444039E+01 -3.7440283693E+01  4.8244621423E-01
N2       -5.4069347180E-01  3.9978688762E-05  5.4565823384E+01 -5.4993014304E+01  6.3166936766E-01
N3       -5.4097111800E-01  1.1897903046E-05  5.4565711268E+01 -5.4992901310E+01  6.3145309080E-01
C4        1.1092701979E+00  2.6302523026E-04  3.7149440852E+01 -3.7440280481E+01  4.8244278319E-01
N5       -5.4035757290E-01  3.2427628052E-05  5.4565565802E+01 -5.4992754706E+01  6.3158477707E-01
N6       -5.4065742630E-01 -1.0871335101E-05  5.4565460254E+01 -5.4992648331E+01  6.3135984055E-01
C7       -1.8285744180E-01  6.0349281508E-06  3.7787103027E+01 -3.8082934856E+01  8.0490092150E-02
C8       -1.8279012310E-01  6.5202514170E-06  3.7787062733E+01 -3.8082894246E+01  8.0601357865E-02
C9        4.1163238800E-02  3.4808527847E-05  3.7639769874E+01 -3.7934448245E+01  2.2416198299E-01
C10       4.1085438500E-02 -3.7527254947E-06  3.7639777020E+01 -3.7934455447E+01  2.2421649383E-01
H11       5.1359991960E-02  3.2907431784E-05  5.9246339490E-01 -5.9710173750E-01  1.3792054997E-01
H12       4.8824713510E-02  2.1507098333E-05  5.9108029022E-01 -5.9570780461E-01  1.4806500691E-01
H13       5.1564920790E-02  8.6783669348E-06  5.9211456431E-01 -5.9675017594E-01  1.3935301324E-01
H14       5.1536991920E-02  1.6507353919E-05  5.9214563502E-01 -5.9678148990E-01  1.3920065163E-01
H15       4.8835078560E-02  2.6256137221E-05  5.9107867980E-01 -5.9570618158E-01  1.4805010435E-01
H16      -1.8828173000E-02 -4.9182219861E-02  6.1514736474E-01 -6.1996329810E-01  5.8542311161E-01
C17       1.8337764862E+00  1.7468999800E-04  3.6440642189E+01 -3.6725932697E+01  7.1401512981E-01
C18       1.8337568728E+00  1.9352721940E-04  3.6440721008E+01 -3.6726012133E+01  7.1414480431E-01
F19      -6.2642021420E-01  3.0001320835E-06  9.9625375286E+01 -1.0040533338E+02  3.3592306760E-01
F20      -6.2685719640E-01  4.9067174197E-05  9.9626410739E+01 -1.0040637694E+02  3.3661659323E-01
F21      -6.1795417850E-01  5.9262620039E-05  9.9627973564E+01 -1.0040795200E+02  3.3779464591E-01
F22      -6.2634947260E-01  7.1823519722E-05  9.9625334950E+01 -1.0040529273E+02  3.3584561784E-01
F23      -6.1795498040E-01  5.8351682397E-05  9.9627971146E+01 -1.0040794957E+02  3.3778861942E-01
F24      -6.2686900580E-01  4.2528243106E-05  9.9626486130E+01 -1.0040645292E+02  3.3658871711E-01
--------------------------------------------------------------------------------------------------
Total    -6.9077346760E-02 -4.7753221192E-02  1.1176301032E+03 -1.1263799287E+03
 
1st Largest |L(A)| = 4.9182219861E-02, atom H16     
2nd Largest |L(A)| = 2.9082259471E-04, atom C1      
 
Warning!  Significant integration error for the following atom:  H16     
 
Molecular charge q(Mol) from the wfn file:   0.0000000000E+00
Molecular energy E(Mol) from the wfn file:  -1.1263568469E+03
Molecular virial ratio (-V(Mol)/T(Mol)) from the wfn file:   2.0078289100E+00
Note.  K_Scaled(A) = (1+V(Mol)/T(Mol))*K(A) = (E(Mol)/T(Mol))*K(A)
       Only use K_Scaled(A) data with caution.
 
Warning!  Significant cumulative integration error.
 
N_AIMInt(SumA)     =        136.069077
N_Analytic(Mol)    =        135.999985
 
G_AIMInt(SumA)     =       1117.677856
G_Analytic(Mol)    =       1117.607160
 
K_AIMInt(SumA)     =       1117.630103
K_Analytic(Mol)    =       1117.607160
 
L_AIMInt(SumA)     =         -0.047753
L_Analytic(Mol)    =          0.000000
 
VenT_AIMInt(SumA)  =      -5501.253541
VenT_Analytic(Mol) =      -5499.249891
 
Some Information About the Atomic Calculations:
----------------------------------------------
  Time(sec) = "Elapsed User Time", in Seconds, for Atom A by AIMInt and, if used, by TWOe
  NProc = Number of Processors Used for AIMInt Job
  BIM = Basin Integration Method
  OAQ = Angular Quadrature Outside of Beta Sphere
  ORQ = Multiple of Default for Radial Quadrature Outside of Beta Sphere
  IAQ = Multiple of Default for Angular Quadrature Inside of Beta Sphere
  IRQ = Multiple of Default for Radial Quadrature Inside of Beta Sphere
  MIR = Maximum Integration Radius
------------------------------------------------------------------------------------------------------
Atom A     Time(sec)   NProc      BIM          OAQ                     ORQ      IAQ      IRQ      MIR
------------------------------------------------------------------------------------------------------
C1             45        8     Proaim(5)    4500(GS4)                  1.00     1.00     1.00    13.00
N2             27        8     Proaim(5)    4500(GS4)                  1.00     1.00     1.00    13.00
N3             28        8     Proaim(5)    4500(GS4)                  1.00     1.00     1.00    13.00
C4             45        8     Proaim(5)    4500(GS4)                  1.00     1.00     1.00    13.00
N5             27        8     Proaim(5)    4500(GS4)                  1.00     1.00     1.00    13.00
N6             27        8     Proaim(5)    4500(GS4)                  1.00     1.00     1.00    13.00
C7             31        8     Proaim(5)    4500(GS4)                  1.00     1.00     1.00    13.00
C8             30        8     Proaim(5)    4500(GS4)                  1.00     1.00     1.00    13.00
C9             30        8     Proaim(5)    4500(GS4)                  1.00     1.00     1.00    13.00
C10            71        8     Proaim(5)    4500(GS4)                  1.00     1.00     1.00    13.00
H11            17        8     Proaim(5)    4500(GS4)                  1.00     1.00     1.00    13.00
H12             7        8     Proaim(5)    1800(GS4)                  1.00     1.00     1.00    13.00
H13            15        8     Proaim(5)    4500(GS4)                  1.00     1.00     1.00    13.00
H14            17        8     Proaim(5)    4500(GS4)                  1.00     1.00     1.00    13.00
H15             7        8     Proaim(5)    1800(GS4)                  1.00     1.00     1.00    13.00
H16            58        8     Proaim(5)    9000(GS9)                  1.00     1.00     1.00    13.00
C17            82        8     Proaim(5)    6300(GS6)                  1.00     1.00     1.00    13.00
C18            39        8     Proaim(5)    4500(GS4)                  1.00     1.00     1.00    13.00
F19            64        8     Proaim(5)    4500(GS4)                  1.00     1.00     1.00    13.00
F20            24        8     Proaim(5)    4500(GS4)                  1.00     1.00     1.00    13.00
F21            12        8     Proaim(5)    2700(GS4)                  1.00     1.00     1.00    13.00
F22            23        8     Proaim(5)    4500(GS4)                  1.00     1.00     1.00    13.00
F23            13        8     Proaim(5)    2700(GS4)                  1.00     1.00     1.00    13.00
F24            21        8     Proaim(5)    4500(GS4)                  1.00     1.00     1.00    13.00
------------------------------------------------------------------------------------------------------
Total         760
Note:  Total wall clock time is less than total of atomic times if more than one atom
       was calculated at a time
 
Electron Density Critical Point Analysis of Molecular Structure:               
---------------------------------------------------------------                
  NACP = Nuclear Attractor Critical Point                                      
  NNACP = Non-Nuclear Attractor Critical Point                                 
  BCP = Bond Critical Point                                                    
  RCP = Ring Critical Point                                                    
  CCP = Cage Critical Point                                                    
  Rho = Electron Density                                                       
  GradRho = Gradient of Electron Density                                       
  HessRho_EigVals = Eigenvalues of the Hessian of Rho, Ascending Order         
  HessRho_EigVecs = Eigenvectors of the Hessian of Rho                         
  DelSqRho = Laplacian of Rho = Trace of Hessian of Rho                        
  Bond Ellipticity = (HessRho_EigVal(1) / HessRho_EigVal(2)) - 1               
  V = Virial Field = Potential Energy Density = Trace of Stress Tensor         
  G = Lagrangian Form of Kinetic Energy Density                                
  K = Hamiltonian Form of Kinetic Energy Density                               
  L = K - G = Lagrangian Density = (-1/4)DelSqRho                              
  Vnuc = Electrostatic Potential from Nuclei                                   
  Ven = Electron-nuclear attractive contribution to Virial Field V             
  Vrep = V - Ven = Repulsive contribution to Virial Field V                    
  DelSqV = Laplacian of V                                                      
  DelSqVen = Laplacian of Ven                                                  
  DelSqVrep = Laplacian of Vrep                                                
  DelSqG = Laplacian of G                                                      
  DelSqK = Laplacian of K                                                      
  Stress_EigVals = Eigenvalues of Stress Tensor, Ascending Order               
  Stress_EigVecs = Eigenvectors of Stress Tensor                               
  -DivStress = Ehrenfest Force Density = Minus Divergence of Stress Tensor     
  ESP = Total Electrostatic Potential                                          
  ESPe = Electrostatic Potential from Electrons                                
  ESPn = Electrostatic Potential from Nuclei                                   
  BP = Bond Path                                                               
  BPL = Bond Path Length                                                       
  GBL = Geometric Bond Length                                                  
  GBL_I = Distance Between Nuclear Attractors                                  
  GBL_II = Distance Between Nuclei                                             
  GBL_III = Sum of Distances Between BCP and Nuclear Attractors                
  GBL_IV = Sum of Distances Between BCP and Nuclei                             

CP# 1      Coords = -2.38149028989178E+00 -1.49717237791554E+00  1.55626762868807E-02
           Type = (3,-3) NACP C1
           Rho =  1.1761469959E+02     Rho at Nucleus =  1.1761469958E+02
           GradRho =  7.2837291754E-12  1.3918421971E-11  5.0279225228E-14
           HessRho_EigVals = -1.4488276528E+05 -1.4488185381E+05 -1.4488159678E+05
           HessRho_EigVec1 =  3.9190021736E-02  9.9923177455E-01 -5.4021732574E-05
           HessRho_EigVec2 =  7.2099136163E-03 -2.2871204671E-04  9.9997398208E-01
           HessRho_EigVec3 =  9.9920576427E-01 -3.9189391585E-02 -7.2133380073E-03
           DelSqRho = -4.3464621587E+05
           Bond Ellipticity = NA
           V = -1.0867202890E+05
           G =  5.2374641509E+00
           K =  1.0866679143E+05
           L =  1.0866155397E+05
           Vnuc =  3.3919524399E+07
           Ven = -3.9894346722E+09
           Vrep =  3.9893260002E+09
           DelSqV =  2.4931192661E+09
           DelSqVen =  1.4743012114E+13
           DelSqVrep = -1.4740502218E+13
           DelSqG =  1.3387446318E+08
           DelSqK = -2.6269937293E+09
           Stress_EigVals = -3.6224209525E+04 -3.6224179320E+04 -3.6223640051E+04
           Stress_EigVec1 =  9.9951952226E-01 -2.9704293145E-02 -8.8532249744E-03
           Stress_EigVec2 =  8.8560484921E-03 -3.6507395347E-05  9.9996078377E-01
           Stress_EigVec3 =  2.9703451462E-02  9.9955872946E-01 -2.2657280616E-04
           -DivStress = -1.1361062919E+02  8.5867187786E+01  2.9864315602E+00
           ESP =  -1.4597709272E+01     ESP at Nucleus =  -1.4597709272E+01
           ESPe = -4.0494490615E+01     ESPe at Nucleus = -4.0494490578E+01
           ESPn =  2.5896781343E+01     ESPn at Nucleus =  2.5896781305E+01

CP# 2      Coords = -1.23271265319802E+00 -1.56688289341577E+00  2.26465672901466E+00
           Type = (3,-3) NACP N2
           Rho =  1.9144413290E+02     Rho at Nucleus =  1.9144409771E+02
           GradRho = -9.7100105734E-12  1.2014611528E-11 -6.6146699229E-11
           HessRho_EigVals = -3.2216033165E+05 -3.2215863492E+05 -3.2214850100E+05
           HessRho_EigVec1 =  5.5443351019E-02  9.9673133998E-01  5.8759431040E-02
           HessRho_EigVec2 =  9.1638831419E-01 -7.4163673383E-02  3.9336014943E-01
           HessRho_EigVec3 = -3.9643220409E-01 -3.2037251111E-02  9.1750483492E-01
           DelSqRho = -9.6646746757E+05
           Bond Ellipticity = NA
           V = -2.4164942160E+05
           G =  1.6277354934E+01
           K =  2.4163314425E+05
           L =  2.4161686689E+05
           Vnuc =  4.7363688321E+05
           Ven = -9.0675002415E+07
           Vrep =  9.0433352994E+07
           DelSqV =  7.5873408393E+09
           DelSqVen =  4.5775463891E+11
           DelSqVrep = -4.5016729807E+11
           DelSqG =  4.0667294974E+08
           DelSqK = -7.9940137890E+09
           Stress_EigVals = -8.0551413502E+04 -8.0549342560E+04 -8.0548665541E+04
           Stress_EigVec1 = -3.6882240381E-01 -3.2805148329E-02  9.2892080216E-01
           Stress_EigVec2 =  9.2898837777E-01 -4.6159951406E-02  3.6721908020E-01
           Stress_EigVec3 =  3.0832262693E-02  9.9839525296E-01  4.7500425766E-02
           -DivStress = -2.0308436245E+04 -1.0803423319E+03  3.0276683733E+04
           ESP =  -1.8250879571E+01     ESP at Nucleus =  -1.8250881181E+01
           ESPe = -4.1664338054E+01     ESPe at Nucleus = -4.1664306112E+01
           ESPn =  2.3413458483E+01     ESPn at Nucleus =  2.3413424932E+01

CP# 3      Coords =  1.26284056646317E+00 -1.56591287287680E+00  2.24891029244732E+00
           Type = (3,-3) NACP N3
           Rho =  1.9144452290E+02     Rho at Nucleus =  1.9144448770E+02
           GradRho =  3.0702995701E-11 -2.5019764038E-11  2.1634360969E-11
           HessRho_EigVals = -3.2216114841E+05 -3.2215945057E+05 -3.2214931787E+05
           HessRho_EigVec1 = -5.5102280697E-02  9.9672357588E-01  5.9210235075E-02
           HessRho_EigVec2 =  9.1123992131E-01  7.4440950688E-02 -4.0509301484E-01
           HessRho_EigVec3 =  4.0817342450E-01 -3.1633180939E-02  9.1235617902E-01
           DelSqRho = -9.6646991686E+05
           Bond Ellipticity = NA
           V = -2.4165003237E+05
           G =  1.6276579140E+01
           K =  2.4163375579E+05
           L =  2.4161747921E+05
           Vnuc =  4.7356372807E+05
           Ven = -9.0661181981E+07
           Vrep =  9.0419531949E+07
           DelSqV =  7.5873601539E+09
           DelSqVen =  4.5768509651E+11
           DelSqVrep = -4.5009773636E+11
           DelSqG =  4.0667419244E+08
           DelSqK = -7.9940343463E+09
           Stress_EigVals = -8.0551616879E+04 -8.0549546259E+04 -8.0548869235E+04
           Stress_EigVec1 =  3.8068940868E-01 -3.2395367164E-02  9.2413533333E-01
           Stress_EigVec2 =  9.2419144626E-01  4.6566128512E-02 -3.7908015820E-01
           Stress_EigVec3 = -3.0752963785E-02  9.9838977151E-01  4.7666753160E-02
           -DivStress =  2.0695301961E+04 -1.0567909059E+03  3.0021561758E+04
           ESP =  -1.8250855921E+01     ESP at Nucleus =  -1.8250857531E+01
           ESPe = -4.1669671201E+01     ESPe at Nucleus = -4.1669639317E+01
           ESPn =  2.3418815280E+01     ESPn at Nucleus =  2.3418781786E+01

CP# 4      Coords =  2.38278442994337E+00 -1.49626279790843E+00 -1.47218183126466E-02
           Type = (3,-3) NACP C4
           Rho =  1.1761470797E+02     Rho at Nucleus =  1.1761470797E+02
           GradRho =  2.3174351327E-11  1.4352519173E-11 -4.3534620353E-14
           HessRho_EigVals = -1.4488278102E+05 -1.4488186957E+05 -1.4488161256E+05
           HessRho_EigVec1 = -3.9575771970E-02  9.9921638476E-01 -6.1213552436E-04
           HessRho_EigVec2 =  8.7667874407E-03  9.5981622591E-04  9.9996111034E-01
           HessRho_EigVec3 =  9.9917811311E-01  3.9568866420E-02 -8.7979031205E-03
           DelSqRho = -4.3464626315E+05
           Bond Ellipticity = NA
           V = -1.0867204072E+05
           G =  5.2374636423E+00
           K =  1.0866680325E+05
           L =  1.0866156579E+05
           Vnuc =  3.3934128152E+07
           Ven = -3.9911525730E+09
           Vrep =  3.9910439009E+09
           DelSqV =  2.4931195435E+09
           DelSqVen =  1.4749253239E+13
           DelSqVrep = -1.4746760119E+13
           DelSqG =  1.3387448281E+08
           DelSqK = -2.6269940263E+09
           Stress_EigVals = -3.6224213464E+04 -3.6224183256E+04 -3.6223643996E+04
           Stress_EigVec1 =  9.9942686860E-01  3.0077459419E-02 -1.5533214903E-02
           Stress_EigVec2 =  1.5512785248E-02  9.1247508829E-04  9.9987925315E-01
           Stress_EigVec3 = -3.0088001332E-02  9.9954715438E-01 -4.4536695139E-04
           -DivStress =  1.1357049591E+02  8.5865235526E+01 -1.3389856240E+00
           ESP =  -1.4597708713E+01     ESP at Nucleus =  -1.4597708713E+01
           ESPe = -4.0494303054E+01     ESPe at Nucleus = -4.0494303016E+01
           ESPn =  2.5896594341E+01     ESPn at Nucleus =  2.5896594303E+01

CP# 5      Coords =  1.23391983285069E+00 -1.56794051810812E+00 -2.26392948011868E+00
           Type = (3,-3) NACP N5
           Rho =  1.9144405123E+02     Rho at Nucleus =  1.9144401605E+02
           GradRho = -9.5168317671E-12 -3.4846681096E-11  1.9169554832E-11
           HessRho_EigVals = -3.2216016857E+05 -3.2215847081E+05 -3.2214833751E+05
           HessRho_EigVec1 = -5.5796640353E-02  9.9667075084E-01 -5.9448711831E-02
           HessRho_EigVec2 =  9.1631299580E-01  7.4764519209E-02  3.9342186060E-01
           HessRho_EigVec3 = -3.9655671556E-01  3.2522009171E-02  9.1743397052E-01
           DelSqRho = -9.6646697688E+05
           Bond Ellipticity = NA
           V = -2.4164929917E+05
           G =  1.6277477295E+01
           K =  2.4163302170E+05
           L =  2.4161674422E+05
           Vnuc =  4.7365500509E+05
           Ven = -9.0678433061E+07
           Vrep =  9.0436783762E+07
           DelSqV =  7.5873369426E+09
           DelSqVen =  4.5777192070E+11
           DelSqVrep = -4.5018458376E+11
           DelSqG =  4.0667270918E+08
           DelSqK = -7.9940096518E+09
           Stress_EigVals = -8.0551372655E+04 -8.0549301930E+04 -8.0548624590E+04
           Stress_EigVec1 = -3.6900468872E-01  3.3306233932E-02  9.2883057362E-01
           Stress_EigVec2 =  9.2890368546E-01  4.6764136507E-02  3.6735685466E-01
           Stress_EigVec3 = -3.1200686398E-02  9.9835054481E-01 -4.8194469083E-02
           -DivStress =  2.0309292694E+04 -1.0934306502E+03 -3.0273947718E+04
           ESP =  -1.8250862076E+01     ESP at Nucleus =  -1.8250863686E+01
           ESPe = -4.1664249926E+01     ESPe at Nucleus = -4.1664217984E+01
           ESPn =  2.3413387850E+01     ESPn at Nucleus =  2.3413354298E+01

CP# 6      Coords = -1.26141070628673E+00 -1.56794948108359E+00 -2.24818725347706E+00
           Type = (3,-3) NACP N6
           Rho =  1.9144444697E+02     Rho at Nucleus =  1.9144441177E+02
           GradRho =  3.3551494916E-11 -1.9440005161E-12  3.4886760147E-11
           HessRho_EigVals = -3.2216099331E+05 -3.2215929441E+05 -3.2214916224E+05
           HessRho_EigVec1 =  5.4712865326E-02  9.9670280283E-01 -5.9916818920E-02
           HessRho_EigVec2 =  9.1122034872E-01 -7.4375946355E-02 -4.0514897838E-01
           HessRho_EigVec3 =  4.0826949242E-01  3.2430563140E-02  9.1228519671E-01
           DelSqRho = -9.6646944995E+05
           Bond Ellipticity = NA
           V = -2.4164991585E+05
           G =  1.6276678492E+01
           K =  2.4163363917E+05
           L =  2.4161736249E+05
           Vnuc =  4.7357660744E+05
           Ven = -9.0663611708E+07
           Vrep =  9.0421961792E+07
           DelSqV =  7.5873564621E+09
           DelSqVen =  4.5769732320E+11
           DelSqVrep = -4.5010996680E+11
           DelSqG =  4.0667395898E+08
           DelSqK = -7.9940304211E+09
           Stress_EigVals = -8.0551578015E+04 -8.0549507592E+04 -8.0548830238E+04
           Stress_EigVec1 =  3.8084030537E-01  3.3189733864E-02  9.2404496826E-01
           Stress_EigVec2 =  9.2414230181E-01 -4.6474901935E-02 -3.7921114106E-01
           Stress_EigVec3 =  3.0358982433E-02  9.9836793070E-01 -4.8371552895E-02
           -DivStress = -2.0695732775E+04 -1.0858967212E+03 -3.0019003904E+04
           ESP =  -1.8250840219E+01     ESP at Nucleus =  -1.8250841829E+01
           ESPe = -4.1669739578E+01     ESPe at Nucleus = -4.1669707694E+01
           ESPn =  2.3418899359E+01     ESPn at Nucleus =  2.3418865865E+01

CP# 7      Coords = -1.14452092584771E+00  5.33655759819590E+00 -5.60821136813297E-02
           Type = (3,-3) NACP C7
           Rho =  1.1785045011E+02     Rho at Nucleus =  1.1785044936E+02
           GradRho = -7.1797714440E-09 -5.4334583013E-10 -3.4360785051E-10
           HessRho_EigVals = -1.4524272001E+05 -1.4524262552E+05 -1.4524223709E+05
           HessRho_EigVec1 = -1.2997384524E-01  9.9151542607E-01 -1.9898279329E-03
           HessRho_EigVec2 = -4.7483968601E-02 -4.2199124754E-03  9.9886308625E-01
           HessRho_EigVec3 =  9.9037976165E-01  1.2992056111E-01  4.7629565610E-02
           DelSqRho = -4.3572758262E+05
           Bond Ellipticity = NA
           V = -1.0894205273E+05
           G =  5.0785383136E+00
           K =  1.0893697419E+05
           L =  1.0893189566E+05
           Vnuc =  1.8657684693E+06
           Ven = -2.1988165391E+08
           Vrep =  2.1977271186E+08
           DelSqV =  2.4993667718E+09
           DelSqVen =  8.1296678502E+11
           DelSqVrep = -8.1046741416E+11
           DelSqG =  1.3427737996E+08
           DelSqK = -2.6336441518E+09
           Stress_EigVals = -3.6314465423E+04 -3.6313802443E+04 -3.6313784866E+04
           Stress_EigVec1 =  9.9871573468E-01  1.4152900354E-02  4.8647473861E-02
           Stress_EigVec2 = -4.8533872775E-02 -8.2625917891E-03  9.9878736114E-01
           Stress_EigVec3 = -1.4537692215E-02  9.9986570348E-01  7.5650853639E-03
           -DivStress =  2.6229658974E+03  1.6000623005E+02  1.2578429748E+02
           ESP =  -1.4752973220E+01     ESP at Nucleus =  -1.4752973291E+01
           ESPe = -3.4585933946E+01     ESPe at Nucleus = -3.4585935608E+01
           ESPn =  1.9832960726E+01     ESPn at Nucleus =  1.9832962317E+01

CP# 8      Coords =  1.13993898600189E+00  5.33655810997284E+00  5.58076737845665E-02
           Type = (3,-3) NACP C8
           Rho =  1.1785043987E+02     Rho at Nucleus =  1.1785043912E+02
           GradRho =  7.1914918465E-09 -4.8123816043E-10  3.4381923697E-10
           HessRho_EigVals = -1.4524270377E+05 -1.4524260943E+05 -1.4524222109E+05
           HessRho_EigVec1 =  1.2963136961E-01  9.9155992817E-01  2.1486904923E-03
           HessRho_EigVec2 = -4.7745733974E-02  4.0775375222E-03  9.9885119942E-01
           HessRho_EigVec3 =  9.9041206217E-01 -1.2958503982E-01  4.7871333323E-02
           DelSqRho = -4.3572753429E+05
           Bond Ellipticity = NA
           V = -1.0894204069E+05
           G =  5.0785573713E+00
           K =  1.0893696213E+05
           L =  1.0893188357E+05
           Vnuc =  1.8657408410E+06
           Ven = -2.1987837879E+08
           Vrep =  2.1976943675E+08
           DelSqV =  2.4993664798E+09
           DelSqVen =  8.1295466086E+11
           DelSqVrep = -8.1045529438E+11
           DelSqG =  1.3427736208E+08
           DelSqK = -2.6336438418E+09
           Stress_EigVals = -3.6314461388E+04 -3.6313798421E+04 -3.6313780880E+04
           Stress_EigVec1 =  9.9871737680E-01 -1.4011152289E-02  4.8654793028E-02
           Stress_EigVec2 = -4.8548427889E-02  7.8342804283E-03  9.9879010518E-01
           Stress_EigVec3 =  1.4375375561E-02  9.9987114753E-01 -7.1440125819E-03
           -DivStress = -2.6230915057E+03  1.5856197729E+02 -1.2586864708E+02
           ESP =  -1.4752974991E+01     ESP at Nucleus =  -1.4752975061E+01
           ESPe = -3.4586706189E+01     ESPe at Nucleus = -3.4586707851E+01
           ESPn =  1.9833731198E+01     ESPn at Nucleus =  1.9833732790E+01

CP# 9      Coords = -3.90438013842432E+00  5.41653161610977E+00 -1.90157720707325E-01
           Type = (3,-3) NACP C9
           Rho =  1.1747936714E+02     Rho at Nucleus =  1.1747936664E+02
           GradRho =  4.1700544129E-09 -5.6546496652E-11  2.0577067480E-10
           HessRho_EigVals = -1.4476074775E+05 -1.4476005507E+05 -1.4476005275E+05
           HessRho_EigVec1 =  9.9703680730E-01 -6.0268366648E-02  4.7805113470E-02
           HessRho_EigVec2 =  7.5594271057E-02  8.8274691255E-01 -4.6372771599E-01
           HessRho_EigVec3 = -1.4251704308E-02  4.6596739411E-01  8.8468710658E-01
           DelSqRho = -4.3428085557E+05
           Bond Ellipticity = NA
           V = -1.0858077805E+05
           G =  5.2820778728E+00
           K =  1.0857549597E+05
           L =  1.0857021389E+05
           Vnuc =  2.2770856360E+06
           Ven = -2.6751057945E+08
           Vrep =  2.6740199867E+08
           DelSqV =  2.4910850095E+09
           DelSqVen =  9.8889476506E+11
           DelSqVrep = -9.8640368005E+11
           DelSqG =  1.3380652953E+08
           DelSqK = -2.6248915391E+09
           Stress_EigVals = -3.6193656959E+04 -3.6193655648E+04 -3.6193465442E+04
           Stress_EigVec1 =  5.5746818991E-02  9.8772707453E-01  1.4590242769E-01
           Stress_EigVec2 = -5.6502817994E-02 -1.4277459595E-01  9.8814110648E-01
           Stress_EigVec3 =  9.9684488449E-01 -6.3329621717E-02  4.7850133563E-02
           -DivStress = -2.1261015041E+03  2.4589426431E+01 -1.0436375541E+02
           ESP =  -1.4715552248E+01     ESP at Nucleus =  -1.4715552274E+01
           ESPe = -3.2738792249E+01     ESPe at Nucleus = -3.2738789223E+01
           ESPn =  1.8023240002E+01     ESPn at Nucleus =  1.8023236949E+01

CP# 10     Coords =  3.89979153851441E+00  5.41709177520903E+00  1.89607662727810E-01
           Type = (3,-3) NACP C10
           Rho =  1.1747937238E+02     Rho at Nucleus =  1.1747937188E+02
           GradRho = -4.1893457063E-09 -3.4479730703E-11 -2.0253337766E-10
           HessRho_EigVals = -1.4476076077E+05 -1.4476006781E+05 -1.4476006609E+05
           HessRho_EigVec1 =  9.9701779372E-01  6.0498662702E-02  4.7910654496E-02
           HessRho_EigVec2 = -7.2478087994E-02  9.4728271935E-01  3.1209353787E-01
           HessRho_EigVec3 = -2.6503693398E-02 -3.1463528319E-01  9.4884255428E-01
           DelSqRho = -4.3428089467E+05
           Bond Ellipticity = NA
           V = -1.0858078781E+05
           G =  5.2820699599E+00
           K =  1.0857550574E+05
           L =  1.0857022367E+05
           Vnuc =  2.2772382666E+06
           Ven = -2.6752852234E+08
           Vrep =  2.6741994155E+08
           DelSqV =  2.4910852457E+09
           DelSqVen =  9.8896112845E+11
           DelSqVrep = -9.8647003501E+11
           DelSqG =  1.3380654784E+08
           DelSqK = -2.6248917936E+09
           Stress_EigVals = -3.6193660181E+04 -3.6193658920E+04 -3.6193468707E+04
           Stress_EigVec1 = -6.0655604257E-02  9.9636729512E-01 -5.9775504119E-02
           Stress_EigVec2 = -5.1513708199E-02  5.6681223072E-02  9.9706247388E-01
           Stress_EigVec3 =  9.9682858885E-01  6.3556684712E-02  4.7888540264E-02
           -DivStress =  2.1260318162E+03  2.5312571374E+01  1.0273529084E+02
           ESP =  -1.4715548397E+01     ESP at Nucleus =  -1.4715548424E+01
           ESPe = -3.2740725919E+01     ESPe at Nucleus = -3.2740722894E+01
           ESPn =  1.8025177522E+01     ESPn at Nucleus =  1.8025174470E+01

CP# 11     Coords = -4.75929720333283E+00  4.50259358526575E+00  1.41771724083278E+00
           Type = (3,-3) NACP H11
           Rho =  4.2062813665E-01     Rho at Nucleus =  4.1711204071E-01
           GradRho =  2.3574892039E-15  3.2404634531E-15 -2.0643209364E-15
           HessRho_EigVals = -6.4031309758E+00 -6.4009334778E+00 -5.8284987888E+00
           HessRho_EigVec1 =  9.0446406527E-01 -1.7827800862E-01  3.8750704028E-01
           HessRho_EigVec2 = -3.2609781348E-02  8.7690971446E-01  4.7954765649E-01
           HessRho_EigVec3 = -4.2530148929E-01 -4.4637014274E-01  7.8731971834E-01
           DelSqRho = -1.8632563242E+01
           Bond Ellipticity = NA
           V = -4.6678353371E+00
           G =  4.8472632335E-03
           K =  4.6629880738E+00
           L =  4.6581408106E+00
           Vnuc =  4.9073591315E+01
           Ven = -2.0641733273E+01
           Vrep =  1.5973897936E+01
           DelSqV =  7.0213397157E+02
           DelSqVen =  9.1436679371E+02
           DelSqVrep = -2.1223282214E+02
           DelSqG =  6.9146412397E+01
           DelSqK = -7.7128038396E+02
           Stress_EigVals = -1.6043617652E+00 -1.6043019732E+00 -1.4591715987E+00
           Stress_EigVec1 =  8.9578902674E-01 -8.3559394804E-02  4.3655451791E-01
           Stress_EigVec2 = -1.2915273303E-01  8.9086009542E-01  4.3553170028E-01
           Stress_EigVec3 = -4.2530176478E-01 -4.4652672701E-01  7.8723077363E-01
           -DivStress = -3.2425971303E+00 -3.4217052636E+00  6.0375640198E+00
           ESP =  -1.0971933042E+00     ESP at Nucleus =  -1.0994824574E+00
           ESPe = -2.1014599202E+01     ESPe at Nucleus = -2.0956846342E+01
           ESPn =  1.9917405897E+01     ESPn at Nucleus =  1.9857363885E+01

CP# 12     Coords = -4.57509822856078E+00  7.34076990023246E+00 -2.31539724917932E-01
           Type = (3,-3) NACP H12
           Rho =  4.1961388472E-01     Rho at Nucleus =  4.1612102358E-01
           GradRho =  2.3819765561E-10 -6.7589116075E-10  1.4655798439E-11
           HessRho_EigVals = -6.3867661825E+00 -6.3846757043E+00 -5.8140236852E+00
           HessRho_EigVec1 =  9.4125425915E-01  3.3471015770E-01  4.4827781212E-02
           HessRho_EigVec2 = -4.9117656785E-02  4.3588637273E-03  9.9878348810E-01
           HessRho_EigVec3 = -3.3410758062E-01  9.4231104771E-01 -2.0542977697E-02
           DelSqRho = -1.8585465572E+01
           Bond Ellipticity = NA
           V = -4.6559543580E+00
           G =  4.7939824807E-03
           K =  4.6511603755E+00
           L =  4.6463663930E+00
           Vnuc =  4.6245508454E+01
           Ven = -1.9405257453E+01
           Vrep =  1.4749303095E+01
           DelSqV =  7.0042497549E+02
           DelSqVen =  8.5949430645E+02
           DelSqVrep = -1.5906933097E+02
           DelSqG =  6.8952438994E+01
           DelSqK = -7.6937741448E+02
           Stress_EigVals = -1.6002553140E+00 -1.6001848248E+00 -1.4555142192E+00
           Stress_EigVec1 =  9.4121388059E-01  3.3462692732E-01  4.6273648064E-02
           Stress_EigVec2 = -5.0478220959E-02  3.8744441290E-03  9.9871764673E-01
           Stress_EigVec3 = -3.3401853272E-01  9.4234272332E-01 -2.0538052570E-02
           -DivStress = -2.5275480906E+00  7.1923801598E+00 -1.5558166445E-01
           ESP =  -1.0971389650E+00     ESP at Nucleus =  -1.0994265858E+00
           ESPe = -1.8127373020E+01     ESPe at Nucleus = -1.8030812893E+01
           ESPn =  1.7030234055E+01     ESPn at Nucleus =  1.6931386307E+01

CP# 13     Coords = -4.60056545342614E+00  4.48700850495822E+00 -1.86437974153417E+00
           Type = (3,-3) NACP H13
           Rho =  4.2046043590E-01     Rho at Nucleus =  4.1694435130E-01
           GradRho = -4.2153780466E-16  1.6618650900E-15  3.6047553831E-15
           HessRho_EigVals = -6.4000260655E+00 -6.3978511045E+00 -5.8254361507E+00
           HessRho_EigVec1 =  9.3757379056E-01 -1.8089978059E-01 -2.9703645676E-01
           HessRho_EigVec2 = -1.3531412651E-02 -8.7240466332E-01  4.8859697533E-01
           HessRho_EigVec3 =  3.4752307568E-01  4.5407639534E-01  8.2039157666E-01
           DelSqRho = -1.8623313321E+01
           Bond Ellipticity = NA
           V = -4.6655060739E+00
           G =  4.8388718668E-03
           K =  4.6606672020E+00
           L =  4.6558283302E+00
           Vnuc =  4.8980032482E+01
           Ven = -2.0594165808E+01
           Vrep =  1.5928659734E+01
           DelSqV =  7.0177428248E+02
           DelSqVen =  9.1217049137E+02
           DelSqVrep = -2.1039620890E+02
           DelSqG =  6.9105309747E+01
           DelSqK = -7.7087959222E+02
           Stress_EigVals = -1.6035842259E+00 -1.6035300732E+00 -1.4583917747E+00
           Stress_EigVec1 =  9.3033729629E-01 -5.7878037292E-02 -3.6210861344E-01
           Stress_EigVec2 =  1.1701273814E-01 -8.8898996029E-01  4.4272437206E-01
           Stress_EigVec3 =  3.4753493960E-01  4.5425431566E-01  8.2028804847E-01
           -DivStress = -2.6456138210E+00 -3.4804885308E+00 -6.2875020597E+00
           ESP =  -1.0972979383E+00     ESP at Nucleus =  -1.0995896192E+00
           ESPe = -2.0928551582E+01     ESPe at Nucleus = -2.0868696023E+01
           ESPn =  1.9831253643E+01     ESPn at Nucleus =  1.9769106404E+01

CP# 14     Coords =  4.59731152738763E+00  4.47513289298059E+00  1.85634391837002E+00
           Type = (3,-3) NACP H14
           Rho =  4.2046906539E-01     Rho at Nucleus =  4.1695335048E-01
           GradRho = -1.5074747006E-15  3.6776137691E-16 -3.5561831258E-15
           HessRho_EigVals = -6.4002333138E+00 -6.3980558633E+00 -5.8256857067E+00
           HessRho_EigVec1 = -9.3732060703E-01 -1.8383029529E-01  2.9603463001E-01
           HessRho_EigVec2 = -1.3920223295E-02  8.6860583525E-01  4.9530811659E-01
           HessRho_EigVec3 =  3.4819004439E-01 -4.6014163635E-01  8.1672110753E-01
           DelSqRho = -1.8623974884E+01
           Bond Ellipticity = NA
           V = -4.6656723351E+00
           G =  4.8393070971E-03
           K =  4.6608330280E+00
           L =  4.6559937209E+00
           Vnuc =  4.9003177879E+01
           Ven = -2.0604320404E+01
           Vrep =  1.5938648069E+01
           DelSqV =  7.0180210960E+02
           DelSqVen =  9.1263395405E+02
           DelSqVrep = -2.1083184445E+02
           DelSqG =  6.9108749464E+01
           DelSqK = -7.7091085906E+02
           Stress_EigVals = -1.6036358384E+00 -1.6035810522E+00 -1.4584554446E+00
           Stress_EigVec1 = -9.3044551936E-01 -6.3653851061E-02  3.6085914530E-01
           Stress_EigVec2 = -1.1412856467E-01 -8.8546994900E-01 -4.5046380560E-01
           Stress_EigVec3 =  3.4820368497E-01 -4.6031636585E-01  8.1661682392E-01
           -DivStress =  2.6507126341E+00 -3.5267542187E+00  6.2591849065E+00
           ESP =  -1.0972731666E+00     ESP at Nucleus =  -1.0995641255E+00
           ESPe = -2.0949571941E+01     ESPe at Nucleus = -2.0890097917E+01
           ESPn =  1.9852298775E+01     ESPn at Nucleus =  1.9790533791E+01

CP# 15     Coords =  4.56947553969930E+00  7.34132561612778E+00  2.45525008255551E-01
           Type = (3,-3) NACP H15
           Rho =  4.1961130951E-01     Rho at Nucleus =  4.1611844125E-01
           GradRho = -2.3784203383E-10 -6.7591108752E-10 -1.9760176351E-11
           HessRho_EigVals = -6.3867258605E+00 -6.3846354509E+00 -5.8139848626E+00
           HessRho_EigVec1 =  9.4144666057E-01 -3.3453255429E-01  4.2025652060E-02
           HessRho_EigVec2 = -4.8852474269E-02 -1.2015459932E-02  9.9873373052E-01
           HessRho_EigVec3 =  3.3360398839E-01  9.4230759248E-01  2.7654657629E-02
           DelSqRho = -1.8585346174E+01
           Bond Ellipticity = NA
           V = -4.6559243630E+00
           G =  4.7939097587E-03
           K =  4.6511304532E+00
           L =  4.6463365435E+00
           Vnuc =  4.6246876501E+01
           Ven = -1.9405712409E+01
           Vrep =  1.4749788046E+01
           DelSqV =  7.0042040385E+02
           DelSqVen =  8.5951421045E+02
           DelSqVrep = -1.5909380660E+02
           DelSqG =  6.8951975387E+01
           DelSqK = -7.6937237924E+02
