AIMSum (Version 19.02.13, Professional)
Copyright (c) 1997-2019 by Todd A. Keith
AIMSum is a component of the AIMAll package ( http://aim.tkgristmill.com )

TP:  64-bit Linux

Much of the Quantum Theory of Atoms in Molecules (QTAIM) is described in the book:
  "Atoms in Molecules - A Quantum Theory"
  R.F.W. Bader, Oxford University Press, Oxford, 1990

For additional references see:  http://aim.tkgristmill.com/references.html

Wfn File:  /home/mhennefarth/Documents/ML_Diels/summary-liu2014/7_11-opt/7_11-opt.wfn
Sum File:  /home/mhennefarth/Documents/ML_Diels/summary-liu2014/7_11-opt/7_11-opt.sum

SumViz File:  /home/mhennefarth/Documents/ML_Diels/summary-liu2014/7_11-opt/7_11-opt.sumviz

Wfn Title:   Title Card Required                                                           
 
Total memory allocated for AIMSum =        2.387 Megabytes

Atomic units (a.u.) used throughout, except where stated otherwise

Model:  Restricted SCF
 
Restricted, closed-shell, single-determinant wavefunction.
  Number of electrons (from MO Occs)                   =         168.0000000000
  Number of Alpha electrons (from MO Occs)             =          84.0000000000
  Number of Beta electrons (from MO Occs)              =          84.0000000000
  Number of electron pairs (N*(N-1)/2)                 =       14028.0000000000
  Number of electron pairs (from Muller 2EDM)          =       14028.0000000000
 
Nuclear Charges and Cartesian Coordinates:
-------------------------------------------------------------------------------
Atom      Charge                X                  Y                  Z
-------------------------------------------------------------------------------
C1         6.0           3.2257009400E+00   2.3648808100E+00   2.0391063000E-01
C2         6.0           3.2269531500E+00  -2.3631013200E+00  -2.0417261000E-01
C3         6.0          -2.6422747000E+00  -1.2687862200E+00  -3.9104930000E-02
H4         1.0          -2.6874204700E+00  -2.1947866100E+00  -1.8831026800E+00
C5         6.0          -2.6435189400E+00   1.2672294300E+00   3.9914240000E-02
H6         1.0          -2.6904495300E+00   2.1931123600E+00   1.8839059800E+00
N7         7.0           3.4730333000E+00  -1.4359451500E+00   2.1353981500E+00
N8         7.0           3.4781760900E+00   1.0461428100E+00   2.3476215200E+00
N9         7.0           3.4784498800E+00  -1.0442002600E+00  -2.3479499600E+00
N10        7.0           3.4719739300E+00   1.4378511200E+00  -2.1357273500E+00
C11        6.0          -3.5267503800E+00   2.8198327600E+00  -2.1536697400E+00
H12        1.0          -2.6710344600E+00   4.7039304500E+00  -2.2424861000E+00
H13        1.0          -3.1125606700E+00   1.8551533000E+00  -3.9421286300E+00
C14        6.0          -3.5255586200E+00  -2.8220047700E+00   2.1541239800E+00
H15        1.0          -2.6690385200E+00  -4.7057020900E+00   2.2427859600E+00
H16        1.0          -3.1123656300E+00  -1.8574497700E+00   3.9428436000E+00
C17        6.0          -6.4469157300E+00   3.0696096700E+00  -1.8345145100E+00
H18        1.0          -7.2079326000E+00   3.9765123400E+00  -3.5395990500E+00
H19        1.0          -6.8394247500E+00   4.3744762600E+00  -2.6751908000E-01
C20        6.0          -6.4455417600E+00  -3.0729528200E+00   1.8338760100E+00
H21        1.0          -7.2068635500E+00  -3.9808895200E+00   3.5382642700E+00
H22        1.0          -6.8367660300E+00  -4.3773386300E+00   2.6618663000E-01
C23        6.0          -7.8971986500E+00  -5.6990891000E-01   1.3675660900E+00
H24        1.0          -9.8709343800E+00  -9.4205567000E-01   1.8848907500E+00
H25        1.0          -7.2433078400E+00   8.6185589000E-01   2.7208617800E+00
C26        6.0          -7.8978036200E+00   5.6617546000E-01  -1.3677028200E+00
H27        1.0          -9.8718571900E+00   9.3797239000E-01  -1.8839743100E+00
H28        1.0          -7.2442972400E+00  -8.6545695000E-01  -2.7213958300E+00
C29        6.0           2.9415132600E+00  -5.2131955800E+00  -4.9028079000E-01
C30        6.0           2.9383601600E+00   5.2147453300E+00   4.9025704000E-01
F31        9.0           5.1721907400E+00  -6.2715722500E+00  -1.0834907000E+00
F32        9.0           1.2926196100E+00  -5.7438223900E+00  -2.3447954500E+00
F33        9.0           2.1024043200E+00  -6.2608267100E+00   1.6556780400E+00
F34        9.0           1.2888031100E+00   5.7440718300E+00   2.3445553000E+00
F35        9.0           2.0992135700E+00   6.2621688400E+00  -1.6558102000E+00
F36        9.0           5.1682164100E+00   6.2742677600E+00   1.0842913000E+00
 
Some Atomic Properties:
----------------------
  q(A) = Net Charge of Atom A
  L(A) = Lagrangian of Atom A = -(1/4) Times Atomic Integral of the Laplacian of the Electron Density
  K(A) = Electronic Kinetic Energy of Atom A (Hamiltonian Form)
  K_Scaled(A) = K(A) * E(Mol)/K(Mol) = Approximation to Virial-Based Total Energy of Atom A.
  |Mu_Intra(A)| = Magnitude of Intraatomic Dipole Moment of Atom A
--------------------------------------------------------------------------------------------------
Atom A          q(A)              L(A)              K(A)          K_Scaled(A)      |Mu_Intra(A)|
--------------------------------------------------------------------------------------------------
C1        1.0970737050E+00  6.3334581807E-05  3.7157242329E+01 -3.7458616918E+01  4.8070198276E-01
C2        1.0968943980E+00 -1.8261457951E-04  3.7157184772E+01 -3.7458558895E+01  4.8099547974E-01
C3       -8.0031950000E-02 -2.4512573733E-05  3.7768327776E+01 -3.8074658752E+01  2.1516166981E-01
H4        2.8412641610E-02  2.6383503195E-05  6.0446836057E-01 -6.0937107651E-01  1.4962184625E-01
C5       -8.0386966000E-02 -4.1272536617E-04  3.7768282163E+01 -3.8074612768E+01  2.1461855810E-01
H6        2.8398727650E-02  2.1383303842E-05  6.0448070840E-01 -6.0938352448E-01  1.4962531962E-01
N7       -5.3916726890E-01  4.6800896494E-05  5.4562594542E+01 -5.5005140289E+01  6.3012813525E-01
N8       -5.4244648160E-01  1.3731519930E-05  5.4565396740E+01 -5.5007965214E+01  6.3463500542E-01
N9       -5.4243598860E-01 -3.4992625089E-05  5.4565319727E+01 -5.5007887576E+01  6.3457561575E-01
N10      -5.3919097630E-01 -8.0504963104E-05  5.4562510472E+01 -5.5005055536E+01  6.3000442950E-01
C11       2.5214464700E-02 -5.1087810608E-05  3.7670885301E+01 -3.7976425941E+01  1.0622498025E-01
H12       1.7899239710E-02  3.6459851609E-05  6.1071212467E-01 -6.1566548247E-01  1.4365598039E-01
H13       1.0543472520E-02  3.0469940613E-05  6.1137923102E-01 -6.1633799958E-01  1.5550994354E-01
C14       2.5289541000E-02 -4.2043848721E-05  3.7670871447E+01 -3.7976411974E+01  1.0594723751E-01
H15       1.7888083470E-02  3.2132747327E-05  6.1072311902E-01 -6.1567656599E-01  1.4366945973E-01
H16       1.0545991380E-02  2.9993041292E-05  6.1138230292E-01 -6.1634109639E-01  1.5551126101E-01
C17       1.7680263900E-02 -2.5674856089E-04  3.7655687836E+01 -3.7961105212E+01  4.3227683066E-02
H18       2.8343245700E-03  2.6759923592E-05  6.1586085637E-01 -6.2085597444E-01  1.5823820354E-01
H19      -2.8240869000E-03  2.5680330893E-05  6.1750579015E-01 -6.2251424994E-01  1.6021587613E-01
C20       1.7877209000E-02 -1.2073970108E-05  3.7655770689E+01 -3.7961188737E+01  4.3367623267E-02
H21       2.8254160700E-03  2.6228389417E-05  6.1586618430E-01 -6.2086134559E-01  1.5823782817E-01
H22      -2.8192702000E-03  3.1211890618E-05  6.1751402166E-01 -6.2252254822E-01  1.6021016272E-01
C23       1.2317301100E-02 -1.8898945561E-04  3.7646412584E+01 -3.7951754730E+01  2.9860144214E-02
H24      -1.8675116000E-03  2.0881619998E-05  6.2143796078E-01 -6.2647831358E-01  1.5818293763E-01
H25      -3.2148488000E-03  3.4691349413E-05  6.1805733369E-01 -6.2307026694E-01  1.5959155783E-01
C26       1.2438531200E-02 -5.9294961810E-05  3.7646405793E+01 -3.7951747884E+01  3.0457332494E-02
H27      -1.8673351000E-03  2.1795141906E-05  6.2144583454E-01 -6.2648625120E-01  1.5818753482E-01
H28      -3.2019576000E-03  3.4800902205E-05  6.1802778709E-01 -6.2304048069E-01  1.5959422529E-01
C29       1.8300786625E+00  2.6038997867E-04  3.6443167945E+01 -3.6738750827E+01  7.1743981353E-01
C30       1.8297198789E+00 -4.3074140545E-04  3.6443154615E+01 -3.6738737389E+01  7.1577891239E-01
F31      -6.1894916250E-01  5.8191899025E-05  9.9629128092E+01 -1.0043719903E+02  3.3777699454E-01
F32      -6.2610104960E-01  7.9117528561E-05  9.9626384851E+01 -1.0043443354E+02  3.3223168708E-01
F33      -6.2746983620E-01  7.5803283490E-05  9.9624886105E+01 -1.0043292264E+02  3.3567620269E-01
F34      -6.2610128680E-01  7.5379627398E-05  9.9626385267E+01 -1.0043443396E+02  3.3223128685E-01
F35      -6.2746557770E-01  7.4535835101E-05  9.9624838302E+01 -1.0043287444E+02  3.3569540642E-01
F36      -6.1897243400E-01  5.8621582576E-05  9.9629214938E+01 -1.0043728658E+02  3.3778206128E-01
--------------------------------------------------------------------------------------------------
Total    -5.8213612000E-04 -5.7155145183E-04  1.2732989139E+03 -1.2836263740E+03
 
1st Largest |L(A)| = 4.3074140545E-04, atom C30     
2nd Largest |L(A)| = 4.1272536617E-04, atom C5      
 
Molecular charge q(Mol) from the wfn file:   0.0000000000E+00
Molecular energy E(Mol) from the wfn file:  -1.2836266043E+03
Molecular virial ratio (-V(Mol)/T(Mol)) from the wfn file:   2.0081107900E+00
Note.  K_Scaled(A) = (1+V(Mol)/T(Mol))*K(A) = (E(Mol)/T(Mol))*K(A)
       Only use K_Scaled(A) data with caution.
 
N_AIMInt(SumA)     =        168.000582
N_Analytic(Mol)    =        167.999980
 
G_AIMInt(SumA)     =       1273.299485
G_Analytic(Mol)    =       1273.299089
 
K_AIMInt(SumA)     =       1273.298914
K_Analytic(Mol)    =       1273.299089
 
L_AIMInt(SumA)     =         -0.000572
L_Analytic(Mol)    =          0.000000
 
VenT_AIMInt(SumA)  =      -7071.372732
VenT_Analytic(Mol) =      -7071.356245
 
Some Information About the Atomic Calculations:
----------------------------------------------
  Time(sec) = "Elapsed User Time", in Seconds, for Atom A by AIMInt and, if used, by TWOe
  NProc = Number of Processors Used for AIMInt Job
  BIM = Basin Integration Method
  OAQ = Angular Quadrature Outside of Beta Sphere
  ORQ = Multiple of Default for Radial Quadrature Outside of Beta Sphere
  IAQ = Multiple of Default for Angular Quadrature Inside of Beta Sphere
  IRQ = Multiple of Default for Radial Quadrature Inside of Beta Sphere
  MIR = Maximum Integration Radius
------------------------------------------------------------------------------------------------------
Atom A     Time(sec)   NProc      BIM          OAQ                     ORQ      IAQ      IRQ      MIR
------------------------------------------------------------------------------------------------------
C1             56        8     Proaim(5)    4500(GS4)                  1.00     1.00     1.00    13.00
C2             55        8     Proaim(5)    4500(GS4)                  1.00     1.00     1.00    13.00
C3             79        8     Proaim(5)    4500(GS4)                  1.00     1.00     1.00    13.00
H4             25        8     Proaim(5)    4500(GS4)                  1.00     1.00     1.00    13.00
C5             76        8     Proaim(5)    4500(GS4)                  1.00     1.00     1.00    13.00
H6             26        8     Proaim(5)    4500(GS4)                  1.00     1.00     1.00    13.00
N7             33        8     Proaim(5)    4500(GS4)                  1.00     1.00     1.00    13.00
N8             30        8     Proaim(5)    4500(GS4)                  1.00     1.00     1.00    13.00
N9             31        8     Proaim(5)    4500(GS4)                  1.00     1.00     1.00    13.00
N10            34        8     Proaim(5)    4500(GS4)                  1.00     1.00     1.00    13.00
C11            58        8     Proaim(5)    4500(GS4)                  1.00     1.00     1.00    13.00
H12            19        8     Proaim(5)    4500(GS4)                  1.00     1.00     1.00    13.00
H13            13        8     Proaim(5)    1800(GS4)                  1.00     1.00     1.00    13.00
C14            59        8     Proaim(5)    5400(GS5)                  1.00     1.00     1.00    13.00
H15            19        8     Proaim(5)    4500(GS4)                  1.00     1.00     1.00    13.00
H16            12        8     Proaim(5)    1800(GS4)                  1.00     1.00     1.00    13.00
C17            48        8     Proaim(5)    4500(GS4)                  1.00     1.00     1.00    13.00
H18             9        8     Proaim(5)    1800(GS4)                  1.00     1.00     1.00    13.00
H19            11        8     Proaim(5)    1800(GS4)                  1.00     1.00     1.00    13.00
C20            49        8     Proaim(5)    4500(GS4)                  1.00     1.00     1.00    13.00
H21             9        8     Proaim(5)    1800(GS4)                  1.00     1.00     1.00    13.00
H22            11        8     Proaim(5)    1800(GS4)                  1.00     1.00     1.00    13.00
C23            49        8     Proaim(5)    4500(GS4)                  1.00     1.00     1.00    13.00
H24             9        8     Proaim(5)    1800(GS4)                  1.00     1.00     1.00    13.00
H25            12        8     Proaim(5)    1800(GS4)                  1.00     1.00     1.00    13.00
C26            48        8     Proaim(5)    4500(GS4)                  1.00     1.00     1.00    13.00
H27             9        8     Proaim(5)    1800(GS4)                  1.00     1.00     1.00    13.00
H28            13        8     Proaim(5)    1800(GS4)                  1.00     1.00     1.00    13.00
C29            41        8     Proaim(5)    4500(GS4)                  1.00     1.00     1.00    13.00
C30            44        8     Proaim(5)    6300(GS6)                  1.00     1.00     1.00    13.00
F31            15        8     Proaim(5)    2700(GS4)                  1.00     1.00     1.00    13.00
F32            29        8     Proaim(5)    4500(GS4)                  1.00     1.00     1.00    13.00
F33            25        8     Proaim(5)    4500(GS4)                  1.00     1.00     1.00    13.00
F34            28        8     Proaim(5)    4500(GS4)                  1.00     1.00     1.00    13.00
F35            24        8     Proaim(5)    4500(GS4)                  1.00     1.00     1.00    13.00
F36            16        8     Proaim(5)    2700(GS4)                  1.00     1.00     1.00    13.00
------------------------------------------------------------------------------------------------------
Total        1124
Note:  Total wall clock time is less than total of atomic times if more than one atom
       was calculated at a time
 
Electron Density Critical Point Analysis of Molecular Structure:               
---------------------------------------------------------------                
  NACP = Nuclear Attractor Critical Point                                      
  NNACP = Non-Nuclear Attractor Critical Point                                 
  BCP = Bond Critical Point                                                    
  RCP = Ring Critical Point                                                    
  CCP = Cage Critical Point                                                    
  Rho = Electron Density                                                       
  GradRho = Gradient of Electron Density                                       
  HessRho_EigVals = Eigenvalues of the Hessian of Rho, Ascending Order         
  HessRho_EigVecs = Eigenvectors of the Hessian of Rho                         
  DelSqRho = Laplacian of Rho = Trace of Hessian of Rho                        
  Bond Ellipticity = (HessRho_EigVal(1) / HessRho_EigVal(2)) - 1               
  V = Virial Field = Potential Energy Density = Trace of Stress Tensor         
  G = Lagrangian Form of Kinetic Energy Density                                
  K = Hamiltonian Form of Kinetic Energy Density                               
  L = K - G = Lagrangian Density = (-1/4)DelSqRho                              
  Vnuc = Electrostatic Potential from Nuclei                                   
  Ven = Electron-nuclear attractive contribution to Virial Field V             
  Vrep = V - Ven = Repulsive contribution to Virial Field V                    
  DelSqV = Laplacian of V                                                      
  DelSqVen = Laplacian of Ven                                                  
  DelSqVrep = Laplacian of Vrep                                                
  DelSqG = Laplacian of G                                                      
  DelSqK = Laplacian of K                                                      
  Stress_EigVals = Eigenvalues of Stress Tensor, Ascending Order               
  Stress_EigVecs = Eigenvectors of Stress Tensor                               
  -DivStress = Ehrenfest Force Density = Minus Divergence of Stress Tensor     
  ESP = Total Electrostatic Potential                                          
  ESPe = Electrostatic Potential from Electrons                                
  ESPn = Electrostatic Potential from Nuclei                                   
  BP = Bond Path                                                               
  BPL = Bond Path Length                                                       
  GBL = Geometric Bond Length                                                  
  GBL_I = Distance Between Nuclear Attractors                                  
  GBL_II = Distance Between Nuclei                                             
  GBL_III = Sum of Distances Between BCP and Nuclear Attractors                
  GBL_IV = Sum of Distances Between BCP and Nuclei                             

CP# 1      Coords =  3.22570111710354E+00  2.36488073042663E+00  2.03910617287709E-01
           Type = (3,-3) NACP C1
           Rho =  1.1762919800E+02     Rho at Nucleus =  1.1762919799E+02
           GradRho = -6.8203220849E-12 -1.6319834373E-11 -3.7272962494E-13
           HessRho_EigVals = -1.4490508696E+05 -1.4490417573E+05 -1.4490393926E+05
           HessRho_EigVec1 =  9.9352291300E-01  1.1361822682E-01  1.7663169555E-03
           HessRho_EigVec2 =  1.1128644996E-02 -1.1275924696E-01  9.9356001605E-01
           HessRho_EigVec3 = -1.1308569583E-01  9.8710498467E-01  1.1329331241E-01
           DelSqRho = -4.3471320195E+05
           Bond Ellipticity = NA
           V = -1.0868875707E+05
           G =  5.2282929713E+00
           K =  1.0868352878E+05
           L =  1.0867830049E+05
           Vnuc =  3.0836566248E+07
           Ven = -3.6272805567E+09
           Vrep =  3.6271718680E+09
           DelSqV =  2.4935065468E+09
           DelSqVen =  1.3405113025E+13
           DelSqVrep = -1.3402619518E+13
           DelSqG =  1.3389936524E+08
           DelSqK = -2.6274059120E+09
           Stress_EigVals = -3.6229786393E+04 -3.6229756151E+04 -3.6229214530E+04
           Stress_EigVec1 = -1.2300605143E-01  9.7587043840E-01  1.8040620493E-01
           Stress_EigVec2 =  1.6212477311E-02 -1.7978643729E-01  9.8357205763E-01
           Stress_EigVec3 =  9.9227348392E-01  1.2391014661E-01  6.2935424112E-03
           -DivStress = -1.4179814354E+02  6.5222013758E+01  1.0308096724E+01
           ESP =  -1.4605989385E+01     ESP at Nucleus =  -1.4605989386E+01
           ESPe = -4.3735217428E+01     ESPe at Nucleus = -4.3735217502E+01
           ESPn =  2.9129228042E+01     ESPn at Nucleus =  2.9129228116E+01

CP# 2      Coords =  3.22695332714513E+00 -2.36310124055252E+00 -2.04172597829597E-01
           Type = (3,-3) NACP C2
           Rho =  1.1762920142E+02     Rho at Nucleus =  1.1762920142E+02
           GradRho =  5.0737192225E-13  2.6421087540E-12 -5.3171356207E-13
           HessRho_EigVals = -1.4490509500E+05 -1.4490418386E+05 -1.4490394746E+05
           HessRho_EigVec1 =  9.9358313291E-01 -1.1308812541E-01 -1.9062749500E-03
           HessRho_EigVec2 = -1.0954073988E-02 -1.1298918941E-01  9.9353583294E-01
           HessRho_EigVec3 =  1.1257249333E-01  9.8713956408E-01  1.1350292849E-01
           DelSqRho = -4.3471322633E+05
           Bond Ellipticity = NA
           V = -1.0868876313E+05
           G =  5.2282750666E+00
           K =  1.0868353486E+05
           L =  1.0867830658E+05
           Vnuc =  3.0844212818E+07
           Ven = -3.6281801222E+09
           Vrep =  3.6280714335E+09
           DelSqV =  2.4935066870E+09
           DelSqVen =  1.3408351027E+13
           DelSqVrep = -1.3405874298E+13
           DelSqG =  1.3389937639E+08
           DelSqK = -2.6274060634E+09
           Stress_EigVals = -3.6229788395E+04 -3.6229758167E+04 -3.6229216570E+04
           Stress_EigVec1 =  1.2244263355E-01  9.7581593035E-01  1.8108305158E-01
           Stress_EigVec2 = -1.6062751410E-02 -1.8048361443E-01  9.8344682263E-01
           Stress_EigVec3 =  9.9234559983E-01 -1.2332451096E-01 -6.4246003506E-03
           -DivStress = -1.4183023140E+02 -6.5118851899E+01 -9.8703123922E+00
           ESP =  -1.4605987151E+01     ESP at Nucleus =  -1.4605987152E+01
           ESPe = -4.3735193512E+01     ESPe at Nucleus = -4.3735193587E+01
           ESPn =  2.9129206361E+01     ESPn at Nucleus =  2.9129206435E+01

CP# 3      Coords = -2.64227431852539E+00 -1.26878735507583E+00 -3.91044791923553E-02
           Type = (3,-3) NACP C3
           Rho =  1.1774578641E+02     Rho at Nucleus =  1.1774578629E+02
           GradRho =  1.3847896441E-10 -4.3210675316E-10  1.6179091400E-10
           HessRho_EigVals = -1.4510631511E+05 -1.4510536893E+05 -1.4510499521E+05
           HessRho_EigVec1 =  9.8649819343E-01  1.6043464462E-01  3.2894363759E-02
           HessRho_EigVec2 = -4.5182639183E-02  7.3556571597E-02  9.9626701235E-01
           HessRho_EigVec3 = -1.5741614745E-01  9.8430186202E-01 -7.9812285656E-02
           DelSqRho = -4.3531667925E+05
           Bond Ellipticity = NA
           V = -1.0883939724E+05
           G =  5.1137133794E+00
           K =  1.0883428353E+05
           L =  1.0882916981E+05
           Vnuc =  4.6893198260E+06
           Ven = -5.5214765066E+08
           Vrep =  5.5203881126E+08
           DelSqV =  2.4970135897E+09
           DelSqVen =  2.0413392486E+12
           DelSqVrep = -2.0388422351E+12
           DelSqG =  1.3414167976E+08
           DelSqK = -2.6311552695E+09
           Stress_EigVals = -3.6280060530E+04 -3.6279900880E+04 -3.6279435830E+04
           Stress_EigVec1 = -3.4749199018E-02  9.9589209529E-01  8.3614757740E-02
           Stress_EigVec2 = -7.9192705726E-02 -8.6146094503E-02  9.9313008501E-01
           Stress_EigVec3 =  9.9625348608E-01  2.7888796071E-02  8.1860897420E-02
           -DivStress = -3.0474954089E+02  9.2158190396E+02 -3.7121383838E+02
           ESP =  -1.4739831650E+01     ESP at Nucleus =  -1.4739831664E+01
           ESPe = -4.1900718292E+01     ESPe at Nucleus = -4.1900718947E+01
           ESPn =  2.7160886642E+01     ESPn at Nucleus =  2.7160887282E+01

CP# 4      Coords = -2.68686722241535E+00 -2.17948496521228E+00 -1.85256199736575E+00
           Type = (3,-3) NACP H4
           Rho =  4.2786399519E-01     Rho at Nucleus =  4.2430784933E-01
           GradRho =  5.3816326395E-14  1.3959315474E-12  2.7915793592E-12
           HessRho_EigVals = -6.5321464969E+00 -6.5242088421E+00 -5.9423559161E+00
           HessRho_EigVec1 =  2.1146284568E-01  8.7266486007E-01 -4.4015850201E-01
           HessRho_EigVec2 = -9.7719940163E-01  1.9757015903E-01 -7.7764784576E-02
           HessRho_EigVec3 =  1.9099590389E-02  4.4656698743E-01  8.9454632713E-01
           DelSqRho = -1.8998711255E+01
           Bond Ellipticity = NA
           V = -4.7594083517E+00
           G =  4.8652689644E-03
           K =  4.7545430827E+00
           L =  4.7496778138E+00
           Vnuc =  5.6236875177E+01
           Ven = -2.4061734090E+01
           Vrep =  1.9302325738E+01
           DelSqV =  7.1623128616E+02
           DelSqVen =  1.0684281534E+03
           DelSqVrep = -3.5219686721E+02
           DelSqG =  7.0664014937E+01
           DelSqK = -7.8689530110E+02
           Stress_EigVals = -1.6363151905E+00 -1.6353145391E+00 -1.4877786220E+00
           Stress_EigVec1 =  1.6755610227E-01  8.7986491923E-01 -4.4470515682E-01
           Stress_EigVec2 =  9.8571850770E-01 -1.5722947778E-01  6.0315129947E-02
           Stress_EigVec3 =  1.6851592631E-02  4.4846027163E-01  8.9364389362E-01
           -DivStress = -1.2362046704E-01 -3.4862263522E+00 -6.9552674419E+00
           ESP =  -1.1060642480E+00     ESP at Nucleus =  -1.1084193969E+00
           ESPe = -2.8072372439E+01     ESPe at Nucleus = -2.7975864809E+01
           ESPn =  2.6966308191E+01     ESPn at Nucleus =  2.6867445412E+01

CP# 5      Coords = -2.64351855869677E+00  1.26723056565814E+00  3.99137892285254E-02
           Type = (3,-3) NACP C5
           Rho =  1.1774583906E+02     Rho at Nucleus =  1.1774583894E+02
           GradRho =  1.4483000910E-10  4.2044623338E-10 -1.6192192032E-10
           HessRho_EigVals = -1.4510638710E+05 -1.4510544055E+05 -1.4510506691E+05
           HessRho_EigVec1 =  9.8665950254E-01 -1.5952561374E-01 -3.2474676582E-02
           HessRho_EigVec2 =  4.4662455982E-02  7.3418270141E-02  9.9630066879E-01
           HessRho_EigVec3 =  1.5655124108E-01  9.8445992106E-01 -7.9563639596E-02
           DelSqRho = -4.3531689456E+05
           Bond Ellipticity = NA
           V = -1.0883945115E+05
           G =  5.1137531778E+00
           K =  1.0883433739E+05
           L =  1.0882922364E+05
           Vnuc =  4.6876609505E+06
           Ven = -5.5195257184E+08
           Vrep =  5.5184373239E+08
           DelSqV =  2.4970148297E+09
           DelSqVen =  2.0406179594E+12
           DelSqVrep = -2.0381209446E+12
           DelSqG =  1.3414175255E+08
           DelSqK = -2.6311565823E+09
           Stress_EigVals = -3.6280078530E+04 -3.6279918890E+04 -3.6279453726E+04
           Stress_EigVec1 =  3.3800398043E-02  9.9592501554E-01  8.3611581199E-02
           Stress_EigVec2 =  7.8763404108E-02 -8.6053603116E-02  9.9317224265E-01
           Stress_EigVec3 =  9.9632015902E-01 -2.6984084369E-02 -8.1351090499E-02
           -DivStress = -3.0461313418E+02 -9.2205045264E+02  3.7118518865E+02
           ESP =  -1.4739832777E+01     ESP at Nucleus =  -1.4739832791E+01
           ESPe = -4.1900546284E+01     ESPe at Nucleus = -4.1900546939E+01
           ESPn =  2.7160713508E+01     ESPn at Nucleus =  2.7160714148E+01

CP# 6      Coords = -2.68986676591658E+00  2.17781214969033E+00  1.85336443840201E+00
           Type = (3,-3) NACP H6
           Rho =  4.2787290658E-01     Rho at Nucleus =  4.2431656738E-01
           GradRho =  5.6519892933E-14 -1.4060796798E-12 -2.8102740404E-12
           HessRho_EigVals = -6.5322763586E+00 -6.5243388912E+00 -5.9424591082E+00
           HessRho_EigVec1 =  2.1200372446E-01 -8.7249430732E-01  4.4023641887E-01
           HessRho_EigVec2 =  9.7706496078E-01  1.9843656710E-01 -7.7246302459E-02
           HessRho_EigVec3 = -1.9962044517E-02  4.4651608317E-01  8.9455290746E-01
           DelSqRho = -1.8999074358E+01
           Bond Ellipticity = NA
           V = -4.7594993848E+00
           G =  4.8653976551E-03
           K =  4.7546339871E+00
           L =  4.7497685895E+00
           Vnuc =  5.6234756307E+01
           Ven = -2.4061328632E+01
           Vrep =  1.9301829247E+01
           DelSqV =  7.1624413071E+02
           DelSqVen =  1.0684083166E+03
           DelSqVrep = -3.5216418589E+02
           DelSqG =  7.0665264773E+01
           DelSqK = -7.8690939548E+02
           Stress_EigVals = -1.6363478113E+00 -1.6353470229E+00 -1.4878045506E+00
           Stress_EigVec1 = -1.6809603482E-01  8.7973430082E-01 -4.4475980376E-01
           Stress_EigVec2 =  9.8561141999E-01  1.5809865046E-01 -5.9790848056E-02
           Stress_EigVec3 = -1.7715864844E-02  4.4841094622E-01  8.9365192969E-01
           -DivStress = -1.3034635989E-01  3.4859645667E+00  6.9555900078E+00
           ESP =  -1.1060700254E+00     ESP at Nucleus =  -1.1084254521E+00
           ESPe = -2.8070787236E+01     ESPe at Nucleus = -2.7974251369E+01
           ESPn =  2.6964717210E+01     ESPn at Nucleus =  2.6865825917E+01

CP# 7      Coords =  3.47303210168028E+00 -1.43593586930372E+00  2.13538688937081E+00
           Type = (3,-3) NACP N7
           Rho =  1.9144007469E+02     Rho at Nucleus =  1.9144004016E+02
           GradRho =  3.0594971001E-11 -2.7478241904E-11 -1.4773071655E-11
           HessRho_EigVals = -3.2215354575E+05 -3.2215202591E+05 -3.2214216878E+05
           HessRho_EigVec1 =  9.5756407739E-01 -1.8473695077E-01 -2.2123131948E-01
           HessRho_EigVec2 =  2.6726423912E-01  8.5646747301E-01  4.4162573993E-01
           HessRho_EigVec3 =  1.0789283657E-01 -4.8201216447E-01  8.6949606619E-01
           DelSqRho = -9.6644774044E+05
           Bond Ellipticity = NA
           V = -2.4164449492E+05
           G =  1.6279904628E+01
           K =  2.4162821501E+05
           L =  2.4161193511E+05
           Vnuc =  4.7812458048E+05
           Ven = -9.1532205398E+07
           Vrep =  9.1290560903E+07
           DelSqV =  7.5871873314E+09
           DelSqVen =  4.6208242029E+11
           DelSqVrep = -4.5449523296E+11
           DelSqG =  4.0666502295E+08
           DelSqK = -7.9938523544E+09
           Stress_EigVals = -8.0549714778E+04 -8.0547699157E+04 -8.0547080985E+04
           Stress_EigVec1 =  1.1112370800E-01 -4.5540071796E-01  8.8332423696E-01
           Stress_EigVec2 =  1.6584174299E-01  8.8486346581E-01  4.3533109600E-01
           Stress_EigVec3 =  9.7987143943E-01 -9.8116425493E-02 -1.7385375822E-01
           -DivStress =  2.9608198999E+03 -2.2909662654E+04  2.7784923105E+04
           ESP =  -1.8259620675E+01     ESP at Nucleus =  -1.8259622254E+01
           ESPe = -4.4776350077E+01     ESPe at Nucleus = -4.4776316562E+01
           ESPn =  2.6516729401E+01     ESPn at Nucleus =  2.6516694309E+01

CP# 8      Coords =  3.47817483148713E+00  1.04613563562185E+00  2.34760890975141E+00
           Type = (3,-3) NACP N8
           Rho =  1.9143331218E+02     Rho at Nucleus =  1.9143327802E+02
           GradRho =  6.5673577687E-11 -7.1924688427E-12  3.8551384307E-11
           HessRho_EigVals = -3.2214231635E+05 -3.2214085072E+05 -3.2213102747E+05
           HessRho_EigVec1 =  9.5352798240E-01  2.3110113030E-01 -1.9333042792E-01
           HessRho_EigVec2 = -2.7977598787E-01  9.1728639473E-01 -2.8339207232E-01
           HessRho_EigVec3 =  1.1184714299E-01  3.2431148240E-01  9.3931479227E-01
           DelSqRho = -9.6641419455E+05
           Bond Ellipticity = NA
           V = -2.4163613833E+05
           G =  1.6294844664E+01
           K =  2.4161984348E+05
           L =  2.4160354864E+05
           Vnuc =  4.8070465861E+05
           Ven = -9.2022884979E+07
           Vrep =  9.1781248840E+07
           DelSqV =  7.5869261503E+09
           DelSqVen =  4.6455980544E+11
           DelSqVrep = -4.5697287929E+11
           DelSqG =  4.0665130632E+08
           DelSqK = -7.9935774566E+09
           Stress_EigVals = -8.0546921464E+04 -8.0544910785E+04 -8.0544306077E+04
           Stress_EigVec1 =  1.1485433765E-01  2.9626460922E-01  9.4817496405E-01
           Stress_EigVec2 = -1.7209562149E-01  9.4599308211E-01 -2.7473657505E-01
           Stress_EigVec3 =  9.7836168066E-01  1.3162207236E-01 -1.5963725092E-01
           -DivStress =  3.1086864343E+03  1.7711626181E+04  3.1116198565E+04
           ESP =  -1.8259894350E+01     ESP at Nucleus =  -1.8259895912E+01
           ESPe = -4.4745357312E+01     ESPe at Nucleus = -4.4745323568E+01
           ESPn =  2.6485462962E+01     ESPn at Nucleus =  2.6485427656E+01

CP# 9      Coords =  3.47844861874341E+00 -1.04419308634043E+00 -2.34793734952568E+00
           Type = (3,-3) NACP N9
           Rho =  1.9143331548E+02     Rho at Nucleus =  1.9143328132E+02
           GradRho =  1.9905754128E-11  9.1615603992E-13  6.6491034900E-11
           HessRho_EigVals = -3.2214232260E+05 -3.2214085699E+05 -3.2213103365E+05
           HessRho_EigVec1 =  9.5372753125E-01 -2.3041324033E-01  1.9316711629E-01
           HessRho_EigVec2 =  2.7907075715E-01  9.1747331111E-01 -2.8348233790E-01
           HessRho_EigVec3 = -1.1190758973E-01  3.2427220368E-01  9.3932115343E-01
           DelSqRho = -9.6641421324E+05
           Bond Ellipticity = NA
           V = -2.4163614291E+05
           G =  1.6294797536E+01
           K =  2.4161984811E+05
           L =  2.4160355331E+05
           Vnuc =  4.8070205593E+05
           Ven = -9.2022388323E+07
           Vrep =  9.1780752180E+07
           DelSqV =  7.5869263033E+09
           DelSqVen =  4.6455729882E+11
           DelSqVrep = -4.5697037251E+11
           DelSqG =  4.0665131491E+08
           DelSqK = -7.9935776182E+09
           Stress_EigVals = -8.0546922995E+04 -8.0544912321E+04 -8.0544307589E+04
           Stress_EigVec1 = -1.1489444237E-01  2.9623477766E-01  9.4817942586E-01
           Stress_EigVec2 =  1.7144734686E-01  9.4609028651E-01 -2.7480716334E-01
           Stress_EigVec3 =  9.7847078360E-01 -1.3098903112E-01  1.5948918258E-01
           -DivStress =  3.1154585855E+03 -1.7709854884E+04 -3.1116759005E+04
           ESP =  -1.8259888763E+01     ESP at Nucleus =  -1.8259890325E+01
           ESPe = -4.4745200340E+01     ESPe at Nucleus = -4.4745166594E+01
           ESPn =  2.6485311577E+01     ESPn at Nucleus =  2.6485276270E+01

CP# 10     Coords =  3.47197273849268E+00  1.43784183868968E+00 -2.13571608917164E+00
           Type = (3,-3) NACP N10
           Rho =  1.9144007749E+02     Rho at Nucleus =  1.9144004296E+02
           GradRho =  1.5841966627E-11 -1.7282952847E-11  3.0245583815E-11
           HessRho_EigVals = -3.2215355632E+05 -3.2215203625E+05 -3.2214217924E+05
           HessRho_EigVec1 =  9.5746002887E-01  1.8535695201E-01  2.2116304724E-01
           HessRho_EigVec2 = -2.6778815802E-01  8.5629025282E-01  4.4165201840E-01
           HessRho_EigVec3 = -1.0751648966E-01 -4.8208899932E-01  8.6950008694E-01
           DelSqRho = -9.6644777182E+05
           Bond Ellipticity = NA
           V = -2.4164450275E+05
           G =  1.6279899589E+01
           K =  2.4162822285E+05
           L =  2.4161194295E+05
           Vnuc =  4.7812502304E+05
           Ven = -9.1532291459E+07
           Vrep =  9.1290646956E+07
           DelSqV =  7.5871875355E+09
           DelSqVen =  4.6208286342E+11
           DelSqVrep = -4.5449567589E+11
           DelSqG =  4.0666504345E+08
           DelSqK = -7.9938525789E+09
           Stress_EigVals = -8.0549717382E+04 -8.0547701791E+04 -8.0547083581E+04
           Stress_EigVec1 = -1.1076183865E-01 -4.5548773868E-01  8.8332481852E-01
           Stress_EigVec2 = -1.6634681985E-01  8.8475193404E-01  4.3536507754E-01
           Stress_EigVec3 =  9.7982679624E-01  9.8716437980E-02  1.7376568777E-01
           -DivStress =  2.9439994342E+03  2.2911180981E+04 -2.7785412863E+04
           ESP =  -1.8259617875E+01     ESP at Nucleus =  -1.8259619453E+01
           ESPe = -4.4776220445E+01     ESPe at Nucleus = -4.4776186931E+01
           ESPn =  2.6516602571E+01     ESPn at Nucleus =  2.6516567478E+01

CP# 11     Coords = -3.52675069795157E+00  2.81983222619461E+00 -2.15366868681326E+00
           Type = (3,-3) NACP C11
           Rho =  1.1754883006E+02     Rho at Nucleus =  1.1754882995E+02
           GradRho = -9.1544327674E-11 -1.5849921375E-10  3.1776442588E-10
           HessRho_EigVals = -1.4485094308E+05 -1.4485071565E+05 -1.4485041560E+05
           HessRho_EigVec1 =  8.7857983551E-01 -2.8884164434E-01  3.8035243805E-01
           HessRho_EigVec2 = -4.5625139690E-01 -2.7218407851E-01  8.4720156411E-01
           HessRho_EigVec3 =  1.4118121501E-01  9.1787054202E-01  3.7091984664E-01
           DelSqRho = -4.3455207434E+05
           Bond Ellipticity = NA
           V = -1.0864837162E+05
           G =  5.1765202001E+00
           K =  1.0864319510E+05
           L =  1.0863801858E+05
           Vnuc =  4.9067894436E+06
           Ven = -5.7678735844E+08
           Vrep =  5.7667871007E+08
           DelSqV =  2.4926361630E+09
           DelSqVen =  2.1322555064E+12
           DelSqVrep = -2.1297628703E+12
           DelSqG =  1.3389418689E+08
           DelSqK = -2.6265303499E+09
           Stress_EigVals = -3.6216222820E+04 -3.6216132232E+04 -3.6216016572E+04
           Stress_EigVec1 =  1.6085380558E-01  9.2241588207E-01  3.5110538837E-01
           Stress_EigVec2 = -4.0278314070E-01 -2.6341668640E-01  8.7657138380E-01
           Stress_EigVec3 =  9.0105038416E-01 -2.8241917399E-01  3.2916198955E-01
           -DivStress =  2.6096098806E+02  4.3335256604E+02 -8.5625422204E+02
           ESP =  -1.4732159070E+01     ESP at Nucleus =  -1.4732159073E+01
           ESPe = -3.9172193265E+01     ESPe at Nucleus = -3.9172191443E+01
           ESPn =  2.4440034195E+01     ESPn at Nucleus =  2.4440032370E+01

CP# 12     Coords = -2.68508735678004E+00  4.67335167517201E+00 -2.24086256342832E+00
           Type = (3,-3) NACP H12
           Rho =  4.2856981383E-01     Rho at Nucleus =  4.2510747162E-01
           GradRho = -1.5370669147E-12 -3.3468609828E-12  1.7816360908E-13
           HessRho_EigVals = -6.5280905934E+00 -6.5275597303E+00 -5.9529655826E+00
           HessRho_EigVec1 =  8.6323052509E-01 -3.7856022209E-01  3.3395391718E-01
           HessRho_EigVec2 = -2.8484181810E-01  1.8090432160E-01  9.4134943835E-01
           HessRho_EigVec3 =  4.1677115928E-01  9.0772561090E-01 -4.8332350609E-02
           DelSqRho = -1.9008615906E+01
           Bond Ellipticity = NA
           V = -4.7619710831E+00
           G =  4.9085532478E-03
           K =  4.7570625298E+00
           L =  4.7521539766E+00
           Vnuc =  5.4245223411E+01
           Ven = -2.3247865298E+01
           Vrep =  1.8485894215E+01
           DelSqV =  7.1678683455E+02
           DelSqVen =  1.0311266166E+03
           DelSqVrep = -3.1433978202E+02
           DelSqG =  7.0619738608E+01
           DelSqK = -7.8740657316E+02
           Stress_EigVals = -1.6358443419E+00 -1.6355978627E+00 -1.4905288785E+00
           Stress_EigVec1 =  9.0814125924E-01 -4.1773360645E-01 -2.7894216337E-02
           Stress_EigVec2 =  4.5468696362E-02  3.2176224514E-02  9.9844743889E-01
           Stress_EigVec3 =  4.1618751894E-01  9.0799962809E-01 -4.8214359560E-02
           -DivStress =  3.2015388215E+00  6.9647962948E+00 -3.7013811076E-01
           ESP =  -1.1208263065E+00     ESP at Nucleus =  -1.1230802993E+00
           ESPe = -2.5685810591E+01     ESPe at Nucleus = -2.5606090596E+01
           ESPn =  2.4564984285E+01     ESPn at Nucleus =  2.4483010297E+01

CP# 13     Coords = -3.11937042490344E+00  1.87054980887523E+00 -3.91314558558511E+00
           Type = (3,-3) NACP H13
           Rho =  4.2741300459E-01     Rho at Nucleus =  4.2399716517E-01
           GradRho =  3.0184188482E-16  2.7332736768E-15  3.4573038876E-15
           HessRho_EigVals = -6.5053301592E+00 -6.5041760312E+00 -5.9359436180E+00
           HessRho_EigVec1 = -6.7967396501E-01  5.6905558396E-01 -4.6283803176E-01
           HessRho_EigVec2 =  7.0479548889E-01  6.8147431231E-01 -1.9711945744E-01
           HessRho_EigVec3 = -2.0324030144E-01  4.6018312010E-01  8.6424815640E-01
           DelSqRho = -1.8945449808E+01
           Bond Ellipticity = NA
           V = -4.7461059399E+00
           G =  4.8717439066E-03
           K =  4.7412341960E+00
           L =  4.7363624521E+00
           Vnuc =  5.4422459742E+01
           Ven = -2.3260867035E+01
           Vrep =  1.8514761095E+01
           DelSqV =  7.1448094973E+02
           DelSqVen =  1.0310579795E+03
           DelSqVrep = -3.1657702976E+02
           DelSqG =  7.0331299684E+01
           DelSqK = -7.8481224941E+02
           Stress_EigVals = -1.6300912090E+00 -1.6297787198E+00 -1.4862360110E+00
           Stress_EigVec1 = -8.1012308255E-01  4.1684703493E-01 -4.1223675308E-01
           Stress_EigVec2 =  5.4999215036E-01  7.8386601260E-01 -2.8820601804E-01
