AIMSum (Version 19.02.13, Professional)
Copyright (c) 1997-2019 by Todd A. Keith
AIMSum is a component of the AIMAll package ( http://aim.tkgristmill.com )

TP:  64-bit Linux

Much of the Quantum Theory of Atoms in Molecules (QTAIM) is described in the book:
  "Atoms in Molecules - A Quantum Theory"
  R.F.W. Bader, Oxford University Press, Oxford, 1990

For additional references see:  http://aim.tkgristmill.com/references.html

Wfn File:  /home/mhennefarth/Documents/ML_Diels/summary-liu2014/7_10-opt/7_10-opt.wfn
Sum File:  /home/mhennefarth/Documents/ML_Diels/summary-liu2014/7_10-opt/7_10-opt.sum

SumViz File:  /home/mhennefarth/Documents/ML_Diels/summary-liu2014/7_10-opt/7_10-opt.sumviz

Wfn Title:   Title Card Required                                                           
 
Total memory allocated for AIMSum =        2.258 Megabytes

Atomic units (a.u.) used throughout, except where stated otherwise

Model:  Restricted SCF
 
Restricted, closed-shell, single-determinant wavefunction.
  Number of electrons (from MO Occs)                   =         166.0000000000
  Number of Alpha electrons (from MO Occs)             =          83.0000000000
  Number of Beta electrons (from MO Occs)              =          83.0000000000
  Number of electron pairs (N*(N-1)/2)                 =       13695.0000000000
  Number of electron pairs (from Muller 2EDM)          =       13695.0000000000
 
Nuclear Charges and Cartesian Coordinates:
-------------------------------------------------------------------------------
Atom      Charge                X                  Y                  Z
-------------------------------------------------------------------------------
C1         6.0           3.2461480300E+00   2.3851946200E+00   4.6285050000E-02
C2         6.0           3.2653712000E+00  -2.3616329300E+00  -4.8761460000E-02
N3         7.0           3.4732664400E+00  -1.2790709400E+00   2.2255118800E+00
N4         7.0           3.4660757700E+00   1.2122794300E+00   2.2744637800E+00
N5         7.0           3.4702074500E+00  -1.1869903000E+00  -2.2775275300E+00
N6         7.0           3.4572046200E+00   1.3043267300E+00  -2.2285709600E+00
C7         6.0          -8.1681829900E+00   1.3521834000E+00   5.1521268000E-01
C8         6.0          -8.1537343800E+00  -1.4151953800E+00  -5.2306791000E-01
C9         6.0          -2.7503963500E+00   1.1372154800E+00  -5.3605130000E-02
C10        6.0          -6.6197519300E+00  -3.4407827000E+00   9.3740871000E-01
C11        6.0          -2.7409642400E+00  -1.1522666100E+00   6.6416250000E-02
C12        6.0          -3.7983312100E+00  -3.7065984900E+00   1.6809326000E-01
C13        6.0          -6.6461614200E+00   3.3914179000E+00  -9.3870197000E-01
C14        6.0          -3.8303023300E+00   3.6820945500E+00  -1.5831353000E-01
H15        1.0          -7.5674768800E+00  -1.4100511400E+00  -2.5142669700E+00
H16        1.0          -6.7126233200E+00  -3.0281463300E+00   2.9678127400E+00
H17        1.0          -1.0120967470E+01  -2.0696433700E+00  -5.2913572000E-01
H18        1.0          -7.5163917400E+00  -5.2935019800E+00   6.7351669000E-01
H19        1.0          -2.8034953000E+00  -4.9353849200E+00   1.5062725800E+00
H20        1.0          -3.6431001900E+00  -4.6144763800E+00  -1.6919501200E+00
H21        1.0          -7.5601610200E+00   5.2360443100E+00  -6.7785837000E-01
H22        1.0          -6.7275788700E+00   2.9785997900E+00  -2.9695313000E+00
H23        1.0          -2.8413517500E+00   4.9205159700E+00  -1.4919977100E+00
H24        1.0          -3.6903916500E+00   4.5902235100E+00   1.7028181700E+00
H25        1.0          -1.0141093230E+01   1.9891790200E+00   5.1265429000E-01
H26        1.0          -7.5906102000E+00   1.3523291700E+00   2.5089206500E+00
C27        6.0           3.0150224200E+00   5.2539293800E+00   1.2370778000E-01
C28        6.0           3.0583208200E+00  -5.2322519000E+00  -1.2489893000E-01
F29        9.0           1.5794628400E+00   5.9710903600E+00   2.0858679800E+00
F30        9.0           1.9593002100E+00   6.1300579400E+00  -2.0070696500E+00
F31        9.0           5.3063082600E+00   6.3190556100E+00   3.7846834000E-01
F32        9.0           1.6338499800E+00  -5.9630660400E+00  -2.0899864300E+00
F33        9.0           5.3591706100E+00  -6.2782152700E+00  -3.7280589000E-01
F34        9.0           2.0047676400E+00  -6.1155166100E+00   2.0040763400E+00
 
Some Atomic Properties:
----------------------
  q(A) = Net Charge of Atom A
  L(A) = Lagrangian of Atom A = -(1/4) Times Atomic Integral of the Laplacian of the Electron Density
  K(A) = Electronic Kinetic Energy of Atom A (Hamiltonian Form)
  K_Scaled(A) = K(A) * E(Mol)/K(Mol) = Approximation to Virial-Based Total Energy of Atom A.
  |Mu_Intra(A)| = Magnitude of Intraatomic Dipole Moment of Atom A
--------------------------------------------------------------------------------------------------
Atom A          q(A)              L(A)              K(A)          K_Scaled(A)      |Mu_Intra(A)|
--------------------------------------------------------------------------------------------------
C1        1.1042278038E+00  1.7961996128E-04  3.7153778864E+01 -3.7454617099E+01  4.7913328304E-01
C2        1.1037400485E+00 -3.6620575936E-04  3.7153684482E+01 -3.7454521952E+01  4.7957053967E-01
N3       -5.3964250020E-01  2.5809786267E-06  5.4564354449E+01 -5.5006168029E+01  6.3230859615E-01
N4       -5.4038004610E-01 -4.8536050827E-05  5.4565383803E+01 -5.5007205718E+01  6.3424060457E-01
N5       -5.4024684460E-01  2.6120066240E-05  5.4565289231E+01 -5.5007110380E+01  6.3421778921E-01
N6       -5.3954001150E-01 -6.4469501493E-05  5.4564207802E+01 -5.5006020195E+01  6.3211517625E-01
C7        1.7072952700E-02 -1.8023896018E-05  3.7644993111E+01 -3.7949808761E+01  3.9336450398E-02
C8        1.6877462100E-02 -2.0140686935E-04  3.7644915055E+01 -3.7949730073E+01  3.9241209681E-02
C9       -1.9823749340E-01  1.6140812854E-05  3.7831090486E+01 -3.8137412988E+01  2.2241362820E-01
C10       3.0325672500E-02  1.2233641886E-04  3.7653014845E+01 -3.7957895448E+01  6.9949569205E-02
C11      -1.9935024840E-01  5.0528715402E-05  3.7831891579E+01 -3.8138220566E+01  2.2138130006E-01
C12       8.2009435700E-02 -4.6071961321E-04  3.7630315874E+01 -3.7935012681E+01  2.2044185187E-01
C13       3.0449347300E-02  2.5170535699E-04  3.7653084412E+01 -3.7957965578E+01  7.0208780644E-02
C14       8.2470383400E-02  2.6545561116E-05  3.7630347216E+01 -3.7935044277E+01  2.2063075690E-01
H15       3.4506510300E-03  3.2286419142E-05  6.1463601536E-01 -6.1961279079E-01  1.5892271449E-01
H16       6.6156579800E-03  2.5659092319E-05  6.1470581735E-01 -6.1968315797E-01  1.5771313379E-01
H17      -2.3977862000E-03  2.3096168590E-05  6.2256248008E-01 -6.2760343696E-01  1.5808297687E-01
H18       2.9900794800E-03  2.9772107771E-05  6.1658052213E-01 -6.2157304244E-01  1.5817659339E-01
H19       4.2078856740E-02  2.9936704667E-05  6.0151773842E-01 -6.0638829372E-01  1.3938168100E-01
H20       3.6848461300E-02  2.4757005802E-05  6.0184859132E-01 -6.0672182556E-01  1.4889876944E-01
H21       2.9606095100E-03  2.5913097557E-05  6.1660041264E-01 -6.2159309401E-01  1.5819378413E-01
H22       6.6104780700E-03  2.7717799367E-05  6.1471501327E-01 -6.1969242835E-01  1.5771300731E-01
H23       4.2052409760E-02  3.9823705432E-05  6.0153432327E-01 -6.0640501285E-01  1.3935215854E-01
H24       3.6837820370E-02  3.6338026454E-06  6.0183849521E-01 -6.0671164770E-01  1.4895171700E-01
H25      -2.4093896000E-03  2.1180510721E-05  6.2258378922E-01 -6.2762491865E-01  1.5809048800E-01
H26       3.4214684800E-03  2.8771410566E-05  6.1464927407E-01 -6.1962615685E-01  1.5893624821E-01
C27       1.8283840320E+00 -1.6979882513E-04  3.6444980537E+01 -3.6740079553E+01  7.1753346924E-01
C28       1.8281998038E+00 -3.9967598185E-04  3.6444928221E+01 -3.6740026814E+01  7.1678621842E-01
F29      -6.2666531440E-01  7.9260154902E-05  9.9627672250E+01 -1.0043436847E+02  3.3393077127E-01
F30      -6.2730475300E-01  6.8665717086E-05  9.9623902489E+01 -1.0043056819E+02  3.3330502924E-01
F31      -6.1883989560E-01  5.9729490683E-05  9.9628624378E+01 -1.0043532831E+02  3.3768035513E-01
F32      -6.2662733580E-01  8.5838149354E-05  9.9627689537E+01 -1.0043438590E+02  3.3407895542E-01
F33      -6.1884335070E-01  5.7274884484E-05  9.9628644652E+01 -1.0043534875E+02  3.3767381720E-01
F34      -6.2731332070E-01  7.2105424890E-05  9.9623893631E+01 -1.0043055926E+02  3.3316875804E-01
--------------------------------------------------------------------------------------------------
Total    -1.7485568000E-04 -3.1783697989E-04  1.2720804594E+03 -1.2823806348E+03
 
1st Largest |L(A)| = 4.6071961321E-04, atom C12     
2nd Largest |L(A)| = 3.9967598185E-04, atom C28     
 
Molecular charge q(Mol) from the wfn file:   0.0000000000E+00
Molecular energy E(Mol) from the wfn file:  -1.2823806873E+03
Molecular virial ratio (-V(Mol)/T(Mol)) from the wfn file:   2.0080971100E+00
Note.  K_Scaled(A) = (1+V(Mol)/T(Mol))*K(A) = (E(Mol)/T(Mol))*K(A)
       Only use K_Scaled(A) data with caution.
 
N_AIMInt(SumA)     =        166.000175
N_Analytic(Mol)    =        165.999980
 
G_AIMInt(SumA)     =       1272.080777
G_Analytic(Mol)    =       1272.080472
 
K_AIMInt(SumA)     =       1272.080459
K_Analytic(Mol)    =       1272.080472
 
L_AIMInt(SumA)     =         -0.000318
L_Analytic(Mol)    =          0.000000
 
VenT_AIMInt(SumA)  =      -6941.673232
VenT_Analytic(Mol) =      -6941.666699
 
Some Information About the Atomic Calculations:
----------------------------------------------
  Time(sec) = "Elapsed User Time", in Seconds, for Atom A by AIMInt and, if used, by TWOe
  NProc = Number of Processors Used for AIMInt Job
  BIM = Basin Integration Method
  OAQ = Angular Quadrature Outside of Beta Sphere
  ORQ = Multiple of Default for Radial Quadrature Outside of Beta Sphere
  IAQ = Multiple of Default for Angular Quadrature Inside of Beta Sphere
  IRQ = Multiple of Default for Radial Quadrature Inside of Beta Sphere
  MIR = Maximum Integration Radius
------------------------------------------------------------------------------------------------------
Atom A     Time(sec)   NProc      BIM          OAQ                     ORQ      IAQ      IRQ      MIR
------------------------------------------------------------------------------------------------------
C1             51        8     Proaim(5)    4500(GS4)                  1.00     1.00     1.00    13.00
C2             51        8     Proaim(5)    4500(GS4)                  1.00     1.00     1.00    13.00
N3             31        8     Proaim(5)    4500(GS4)                  1.00     1.00     1.00    13.00
N4             32        8     Proaim(5)    4500(GS4)                  1.00     1.00     1.00    13.00
N5             31        8     Proaim(5)    4500(GS4)                  1.00     1.00     1.00    13.00
N6             32        8     Proaim(5)    4500(GS4)                  1.00     1.00     1.00    13.00
C7             47        8     Proaim(5)    4500(GS4)                  1.00     1.00     1.00    13.00
C8             48        8     Proaim(5)    4500(GS4)                  1.00     1.00     1.00    13.00
C9             40        8     Proaim(5)    4500(GS4)                  1.00     1.00     1.00    13.00
C10            42        8     Proaim(5)    4500(GS4)                  1.00     1.00     1.00    13.00
C11            40        8     Proaim(5)    4500(GS4)                  1.00     1.00     1.00    13.00
C12            60        8     Proaim(5)    4500(GS4)                  1.00     1.00     1.00    13.00
C13            44        8     Proaim(5)    4500(GS4)                  1.00     1.00     1.00    13.00
C14            59        8     Proaim(5)    5400(GS5)                  1.00     1.00     1.00    13.00
H15            13        8     Proaim(5)    1800(GS4)                  1.00     1.00     1.00    13.00
H16            11        8     Proaim(5)    1800(GS4)                  1.00     1.00     1.00    13.00
H17             9        8     Proaim(5)    1800(GS4)                  1.00     1.00     1.00    13.00
H18             9        8     Proaim(5)    1800(GS4)                  1.00     1.00     1.00    13.00
H19            20        8     Proaim(5)    4500(GS4)                  1.00     1.00     1.00    13.00
H20            17        8     Proaim(5)    1800(GS4)                  1.00     1.00     1.00    13.00
H21             9        8     Proaim(5)    1800(GS4)                  1.00     1.00     1.00    13.00
H22            12        8     Proaim(5)    1800(GS4)                  1.00     1.00     1.00    13.00
H23            19        8     Proaim(5)    4500(GS4)                  1.00     1.00     1.00    13.00
H24            16        8     Proaim(5)    1800(GS4)                  1.00     1.00     1.00    13.00
H25             9        8     Proaim(5)    1800(GS4)                  1.00     1.00     1.00    13.00
H26            13        8     Proaim(5)    1800(GS4)                  1.00     1.00     1.00    13.00
C27            43        8     Proaim(5)    5400(GS5)                  1.00     1.00     1.00    13.00
C28            44        8     Proaim(5)    4500(GS4)                  1.00     1.00     1.00    13.00
F29            31        8     Proaim(5)    4500(GS4)                  1.00     1.00     1.00    13.00
F30            27        8     Proaim(5)    4500(GS4)                  1.00     1.00     1.00    13.00
F31            16        8     Proaim(5)    2700(GS4)                  1.00     1.00     1.00    13.00
F32            31        8     Proaim(5)    4500(GS4)                  1.00     1.00     1.00    13.00
F33            15        8     Proaim(5)    2700(GS4)                  1.00     1.00     1.00    13.00
F34            26        8     Proaim(5)    4500(GS4)                  1.00     1.00     1.00    13.00
------------------------------------------------------------------------------------------------------
Total         998
Note:  Total wall clock time is less than total of atomic times if more than one atom
       was calculated at a time
 
Electron Density Critical Point Analysis of Molecular Structure:               
---------------------------------------------------------------                
  NACP = Nuclear Attractor Critical Point                                      
  NNACP = Non-Nuclear Attractor Critical Point                                 
  BCP = Bond Critical Point                                                    
  RCP = Ring Critical Point                                                    
  CCP = Cage Critical Point                                                    
  Rho = Electron Density                                                       
  GradRho = Gradient of Electron Density                                       
  HessRho_EigVals = Eigenvalues of the Hessian of Rho, Ascending Order         
  HessRho_EigVecs = Eigenvectors of the Hessian of Rho                         
  DelSqRho = Laplacian of Rho = Trace of Hessian of Rho                        
  Bond Ellipticity = (HessRho_EigVal(1) / HessRho_EigVal(2)) - 1               
  V = Virial Field = Potential Energy Density = Trace of Stress Tensor         
  G = Lagrangian Form of Kinetic Energy Density                                
  K = Hamiltonian Form of Kinetic Energy Density                               
  L = K - G = Lagrangian Density = (-1/4)DelSqRho                              
  Vnuc = Electrostatic Potential from Nuclei                                   
  Ven = Electron-nuclear attractive contribution to Virial Field V             
  Vrep = V - Ven = Repulsive contribution to Virial Field V                    
  DelSqV = Laplacian of V                                                      
  DelSqVen = Laplacian of Ven                                                  
  DelSqVrep = Laplacian of Vrep                                                
  DelSqG = Laplacian of G                                                      
  DelSqK = Laplacian of K                                                      
  Stress_EigVals = Eigenvalues of Stress Tensor, Ascending Order               
  Stress_EigVecs = Eigenvectors of Stress Tensor                               
  -DivStress = Ehrenfest Force Density = Minus Divergence of Stress Tensor     
  ESP = Total Electrostatic Potential                                          
  ESPe = Electrostatic Potential from Electrons                                
  ESPn = Electrostatic Potential from Nuclei                                   
  BP = Bond Path                                                               
  BPL = Bond Path Length                                                       
  GBL = Geometric Bond Length                                                  
  GBL_I = Distance Between Nuclear Attractors                                  
  GBL_II = Distance Between Nuclei                                             
  GBL_III = Sum of Distances Between BCP and Nuclear Attractors                
  GBL_IV = Sum of Distances Between BCP and Nuclei                             

CP# 1      Coords =  3.24614818530957E+00  2.38519458150491E+00  4.62850437113766E-02
           Type = (3,-3) NACP C1
           Rho =  1.1762633792E+02     Rho at Nucleus =  1.1762633791E+02
           GradRho = -1.3135794812E-11 -3.2076815143E-12  1.8257052076E-13
           HessRho_EigVals = -1.4490076519E+05 -1.4489985460E+05 -1.4489962563E+05
           HessRho_EigVec1 =  9.9464540444E-01  1.0330565026E-01 -2.9089620689E-03
           HessRho_EigVec2 =  6.3990949318E-03 -3.3469201632E-02  9.9941926344E-01
           HessRho_EigVec3 = -1.0314829625E-01  9.9408639220E-01  3.3951050257E-02
           DelSqRho = -4.3470024542E+05
           Bond Ellipticity = NA
           V = -1.0868552633E+05
           G =  5.2324887405E+00
           K =  1.0868029384E+05
           L =  1.0867506136E+05
           Vnuc =  3.7468952883E+07
           Ven = -4.4073357131E+09
           Vrep =  4.4072270276E+09
           DelSqV =  2.4934318123E+09
           DelSqVen =  1.6287757500E+13
           DelSqVrep = -1.6285297623E+13
           DelSqG =  1.3389464661E+08
           DelSqK = -2.6273264590E+09
           Stress_EigVals = -3.6228706797E+04 -3.6228681018E+04 -3.6228138518E+04
           Stress_EigVec1 = -1.0860412136E-01  9.9140089151E-01  7.3002857020E-02
           Stress_EigVec2 =  9.1203774346E-03 -7.2440427827E-02  9.9733103989E-01
           Stress_EigVec3 =  9.9404324028E-01  1.0898007490E-01 -1.1746213043E-03
           -DivStress = -1.2359622415E+02  3.1718590358E+01  4.9860905865E+00
           ESP =  -1.4606381946E+01     ESP at Nucleus =  -1.4606381946E+01
           ESPe = -4.3294931204E+01     ESPe at Nucleus = -4.3294931281E+01
           ESPn =  2.8688549258E+01     ESPn at Nucleus =  2.8688549335E+01

CP# 2      Coords =  3.26537135684415E+00 -2.36163289042243E+00 -4.87614546266362E-02
           Type = (3,-3) NACP C2
           Rho =  1.1762628130E+02     Rho at Nucleus =  1.1762628129E+02
           GradRho = -3.7725855061E-12 -9.1702977870E-12  1.4364412826E-13
           HessRho_EigVals = -1.4490068323E+05 -1.4489977294E+05 -1.4489954395E+05
           HessRho_EigVec1 =  9.9545765996E-01 -9.5204103971E-02  4.7519364788E-04
           HessRho_EigVec2 = -3.6172039970E-03 -3.2833028818E-02  9.9945430514E-01
           HessRho_EigVec3 =  9.5136549534E-02  9.9491616270E-01  3.3028262702E-02
           DelSqRho = -4.3470000012E+05
           Bond Ellipticity = NA
           V = -1.0868546512E+05
           G =  5.2325470233E+00
           K =  1.0868023258E+05
           L =  1.0867500003E+05
           Vnuc =  3.7071447152E+07
           Ven = -4.3605764707E+09
           Vrep =  4.3604677853E+09
           DelSqV =  2.4934303934E+09
           DelSqVen =  1.6114952176E+13
           DelSqVrep = -1.6112425191E+13
           DelSqG =  1.3389455948E+08
           DelSqK = -2.6273249529E+09
           Stress_EigVals = -3.6228686351E+04 -3.6228660588E+04 -3.6228118184E+04
           Stress_EigVec1 =  1.0063603378E-01  9.9233750584E-01  7.1684469778E-02
           Stress_EigVec2 = -5.9458619148E-03 -7.1449101945E-02  9.9742652489E-01
           Stress_EigVec3 =  9.9490554096E-01 -1.0080327541E-01 -1.2900524542E-03
           -DivStress = -1.2485325807E+02 -3.2567801197E+01 -4.2551784103E+00
           ESP =  -1.4606382347E+01     ESP at Nucleus =  -1.4606382347E+01
           ESPe = -4.3293617664E+01     ESPe at Nucleus = -4.3293617743E+01
           ESPn =  2.8687235318E+01     ESPn at Nucleus =  2.8687235395E+01

CP# 3      Coords =  3.47326532417755E+00 -1.27906242070512E+00  2.22549999114072E+00
           Type = (3,-3) NACP N3
           Rho =  1.9143831537E+02     Rho at Nucleus =  1.9143828072E+02
           GradRho = -6.8514431108E-11  6.2137974345E-12 -4.4570186192E-11
           HessRho_EigVals = -3.2215011585E+05 -3.2214856149E+05 -3.2213863383E+05
           HessRho_EigVec1 =  9.6968013093E-01 -1.6498321084E-01 -1.8028029236E-01
           HessRho_EigVec2 =  2.2487609762E-01  8.9118278386E-01  3.9398475411E-01
           HessRho_EigVec3 =  9.5661823062E-02 -4.2257991658E-01  9.0126301916E-01
           DelSqRho = -9.6643731117E+05
           Bond Ellipticity = NA
           V = -2.4164189568E+05
           G =  1.6283944421E+01
           K =  2.4162561174E+05
           L =  2.4160932779E+05
           Vnuc =  4.7723523388E+05
           Ven = -9.1361109212E+07
           Vrep =  9.1119467317E+07
           DelSqV =  7.5871051767E+09
           DelSqVen =  4.6121793626E+11
           DelSqVrep = -4.5363083108E+11
           DelSqG =  4.0665995282E+08
           DelSqK = -7.9937651295E+09
           Stress_EigVals = -8.0548862310E+04 -8.0546832988E+04 -8.0546200382E+04
           Stress_EigVec1 =  9.8283922973E-02 -3.9530942254E-01  9.1327472917E-01
           Stress_EigVec2 =  1.3870318336E-01  9.1420186227E-01  3.8078390452E-01
           Stress_EigVec3 =  9.8544492358E-01 -8.9249176281E-02 -1.4468202073E-01
           -DivStress =  2.7579173963E+03 -2.1030698375E+04  2.9334593412E+04
           ESP =  -1.8260090003E+01     ESP at Nucleus =  -1.8260091588E+01
           ESPe = -4.4330249701E+01     ESPe at Nucleus = -4.4330216386E+01
           ESPn =  2.6070159698E+01     ESPn at Nucleus =  2.6070124798E+01

CP# 4      Coords =  3.46607468669380E+00  1.21227140201822E+00  2.27445159197321E+00
           Type = (3,-3) NACP N4
           Rho =  1.9143497012E+02     Rho at Nucleus =  1.9143493563E+02
           GradRho =  4.7978980598E-11 -3.2148429365E-11 -4.0982946962E-11
           HessRho_EigVals = -3.2214415833E+05 -3.2214262485E+05 -3.2213270728E+05
           HessRho_EigVec1 =  9.6659488336E-01  1.8488563700E-01 -1.7751516188E-01
           HessRho_EigVec2 = -2.3819537198E-01  9.0370574426E-01 -3.5577927506E-01
           HessRho_EigVec3 =  9.4642993588E-02  3.8617771689E-01  9.1755625154E-01
           DelSqRho = -9.6641949046E+05
           Bond Ellipticity = NA
           V = -2.4163745468E+05
           G =  1.6291034086E+01
           K =  2.4162116365E+05
           L =  2.4160487262E+05
           Vnuc =  4.7834622421E+05
           Ven = -9.1572195140E+07
           Vrep =  9.1330557685E+07
           DelSqV =  7.5869657423E+09
           DelSqVen =  4.6228311450E+11
           DelSqVrep = -4.5469614875E+11
           DelSqG =  4.0665209673E+08
           DelSqK = -7.9936178390E+09
           Stress_EigVals = -8.0547379649E+04 -8.0545351368E+04 -8.0544723667E+04
           Stress_EigVec1 =  9.7442768998E-02  3.5866605605E-01  9.2836607381E-01
           Stress_EigVec2 = -1.4921734930E-01  9.2752624641E-01 -3.4267950754E-01
           Stress_EigVec3 =  9.8399140720E-01  1.0513668462E-01 -1.4389992394E-01
           -DivStress =  2.6779066973E+03  1.9817884739E+04  3.0072443348E+04
           ESP =  -1.8260229405E+01     ESP at Nucleus =  -1.8260230982E+01
           ESPe = -4.4330427177E+01     ESPe at Nucleus = -4.4330393881E+01
           ESPn =  2.6070197772E+01     ESPn at Nucleus =  2.6070162899E+01

CP# 5      Coords =  3.47020633083461E+00 -1.18698228088495E+00 -2.27751533837711E+00
           Type = (3,-3) NACP N5
           Rho =  1.9143508756E+02     Rho at Nucleus =  1.9143505306E+02
           GradRho = -5.6274161980E-11 -2.7905796401E-11 -3.6068973275E-11
           HessRho_EigVals = -3.2214436924E+05 -3.2214283543E+05 -3.2213291794E+05
           HessRho_EigVec1 =  9.6860635488E-01 -1.7663402851E-01  1.7493470000E-01
           HessRho_EigVec2 =  2.2954033345E-01  9.0566041618E-01 -3.5649746968E-01
           HessRho_EigVec3 = -9.5461848983E-02  3.8546028400E-01  9.1777306827E-01
           DelSqRho = -9.6642012261E+05
           Bond Ellipticity = NA
           V = -2.4163761214E+05
           G =  1.6290742220E+01
           K =  2.4162132140E+05
           L =  2.4160503065E+05
           Vnuc =  4.7831901880E+05
           Ven = -9.1567043247E+07
           Vrep =  9.1325405634E+07
           DelSqV =  7.5869706935E+09
           DelSqVen =  4.6225712467E+11
           DelSqVrep = -4.5467015404E+11
           DelSqG =  4.0665237872E+08
           DelSqK = -7.9936230722E+09
           Stress_EigVals = -8.0547432114E+04 -8.0545403905E+04 -8.0544776119E+04
           Stress_EigVec1 = -9.8002730663E-02  3.5794055214E-01  9.2858711272E-01
           Stress_EigVec2 =  1.4057912113E-01  9.2870173560E-01 -3.4314806861E-01
           Stress_EigVec3 =  9.8520707239E-01 -9.6910512458E-02  1.4133427430E-01
           -DivStress =  2.7664596475E+03 -1.9795982430E+04 -3.0081345593E+04
           ESP =  -1.8260227858E+01     ESP at Nucleus =  -1.8260229436E+01
           ESPe = -4.4330720772E+01     ESPe at Nucleus = -4.4330687477E+01
           ESPn =  2.6070492913E+01     ESPn at Nucleus =  2.6070458040E+01

CP# 6      Coords =  3.45720360387835E+00  1.30431820158575E+00 -2.22855906752664E+00
           Type = (3,-3) NACP N6
           Rho =  1.9143845735E+02     Rho at Nucleus =  1.9143842269E+02
           GradRho = -4.7516234437E-11 -1.8695564438E-11  9.6962610467E-12
           HessRho_EigVals = -3.2215036690E+05 -3.2214881217E+05 -3.2213888454E+05
           HessRho_EigVec1 =  9.6866195917E-01  1.7319431380E-01  1.7803858715E-01
           HessRho_EigVec2 = -2.3150739851E-01  8.8924463708E-01  3.9452287621E-01
           HessRho_EigVec3 = -8.9990739992E-02 -4.2337655236E-01  9.0147321737E-01
           DelSqRho = -9.6643806361E+05
           Bond Ellipticity = NA
           V = -2.4164208332E+05
           G =  1.6283709192E+01
           K =  2.4162579961E+05
           L =  2.4160951590E+05
           Vnuc =  4.7720324017E+05
           Ven = -9.1355052139E+07
           Vrep =  9.1113410056E+07
           DelSqV =  7.5871110502E+09
           DelSqVen =  4.6118737485E+11
           DelSqVrep = -4.5360026386E+11
           DelSqG =  4.0666028383E+08
           DelSqK = -7.9937713341E+09
           Stress_EigVals = -8.0548924854E+04 -8.0546895541E+04 -8.0546262928E+04
           Stress_EigVec1 = -9.2814009178E-02 -3.9613282547E-01  9.1349019934E-01
           Stress_EigVec2 = -1.4543340638E-01  9.1300446214E-01  3.8114561053E-01
           Stress_EigVec3 =  9.8500491573E-01  9.7476339188E-02  1.4235055071E-01
           -DivStress =  2.5118445762E+03  2.1053247341E+04 -2.9343542029E+04
           ESP =  -1.8260102069E+01     ESP at Nucleus =  -1.8260103654E+01
           ESPe = -4.4331765798E+01     ESPe at Nucleus = -4.4331732490E+01
           ESPn =  2.6071663729E+01     ESPn at Nucleus =  2.6071628836E+01

CP# 7      Coords = -8.16818251963372E+00  1.35218333431962E+00  5.15211772082052E-01
           Type = (3,-3) NACP C7
           Rho =  1.1754032011E+02     Rho at Nucleus =  1.1754032003E+02
           GradRho =  8.9068305682E-12  1.3985509799E-12 -2.0520845613E-10
           HessRho_EigVals = -1.4483852921E+05 -1.4483831231E+05 -1.4483796120E+05
           HessRho_EigVec1 =  2.7158186099E-01  9.6241522229E-01  4.8236763745E-04
           HessRho_EigVec2 = -5.0248582084E-01  1.4136787936E-01  8.5294966003E-01
           HessRho_EigVec3 =  8.2082354537E-01 -2.3188803890E-01  5.2199295472E-01
           DelSqRho = -4.3451480272E+05
           Bond Ellipticity = NA
           V = -1.0863895493E+05
           G =  5.1271267039E+00
           K =  1.0863382781E+05
           L =  1.0862870068E+05
           Vnuc =  5.8557744900E+06
           Ven = -6.8828960804E+08
           Vrep =  6.8818096909E+08
           DelSqV =  2.4924197950E+09
           DelSqVen =  2.5444202578E+12
           DelSqVrep = -2.5419278380E+12
           DelSqG =  1.3388073678E+08
           DelSqK = -2.6263005318E+09
           Stress_EigVals = -3.6213085293E+04 -3.6212970974E+04 -3.6212898666E+04
           Stress_EigVec1 =  7.9968928015E-01 -2.2083321394E-01  5.5832763394E-01
           Stress_EigVec2 = -5.3138765363E-01  1.7257994867E-01  8.2936320324E-01
           Stress_EigVec3 =  2.7950709610E-01  9.5992127434E-01 -2.0662291518E-02
           -DivStress = -3.8160350208E+02  5.4069660739E+01  7.3992282585E+02
           ESP =  -1.4736064927E+01     ESP at Nucleus =  -1.4736064928E+01
           ESPe = -3.5623155362E+01     ESPe at Nucleus = -3.5623154050E+01
           ESPn =  2.0887090435E+01     ESPn at Nucleus =  2.0887089122E+01

CP# 8      Coords = -8.15373391412047E+00 -1.41519531064941E+00 -5.23066999821040E-01
           Type = (3,-3) NACP C8
           Rho =  1.1754030993E+02     Rho at Nucleus =  1.1754030985E+02
           GradRho =  1.3256708882E-10  2.3400295590E-11  2.0934394062E-10
           HessRho_EigVals = -1.4483851735E+05 -1.4483830046E+05 -1.4483794935E+05
           HessRho_EigVec1 = -2.8026941885E-01  9.5992060388E-01 -1.2194683816E-03
           HessRho_EigVec2 =  4.9760006292E-01  1.4637115391E-01  8.5496763838E-01
           HessRho_EigVec3 =  8.2087954673E-01  2.3901447560E-01 -5.1867991114E-01
           DelSqRho = -4.3451476716E+05
           Bond Ellipticity = NA
           V = -1.0863894594E+05
           G =  5.1270764971E+00
           K =  1.0863381887E+05
           L =  1.0862869179E+05
           Vnuc =  5.8546436191E+06
           Ven = -6.8815662550E+08
           Vrep =  6.8804798656E+08
           DelSqV =  2.4924195993E+09
           DelSqVen =  2.5439287378E+12
           DelSqVrep = -2.5414363182E+12
           DelSqG =  1.3388072639E+08
           DelSqK = -2.6263003257E+09
           Stress_EigVals = -3.6213082296E+04 -3.6212967979E+04 -3.6212895668E+04
           Stress_EigVec1 =  8.0006828730E-01  2.2782837158E-01 -5.5496393465E-01
           Stress_EigVec2 =  5.2624155424E-01  1.7761829129E-01  8.3157775896E-01
           Stress_EigVec3 = -2.8802875247E-01  9.5736407688E-01 -2.2214005739E-02
           -DivStress = -3.7794282833E+02 -5.7046412839E+01 -7.4175874578E+02
           ESP =  -1.4736058743E+01     ESP at Nucleus =  -1.4736058743E+01
           ESPe = -3.5625290554E+01     ESPe at Nucleus = -3.5625289244E+01
           ESPn =  2.0889231811E+01     ESPn at Nucleus =  2.0889230501E+01

CP# 9      Coords = -2.75039485250060E+00  1.13721808287926E+00 -5.36051276380911E-02
           Type = (3,-3) NACP C9
           Rho =  1.1789248436E+02     Rho at Nucleus =  1.1789248370E+02
           GradRho =  3.0694647563E-09  5.1783427247E-09  9.4471652723E-12
           HessRho_EigVals = -1.4530080316E+05 -1.4530041191E+05 -1.4529957451E+05
           HessRho_EigVec1 =  9.2126061007E-01 -3.6579991378E-01  1.3217152270E-01
           HessRho_EigVec2 = -9.7610294313E-02  1.1150265924E-01  9.8895873899E-01
           HessRho_EigVec3 =  3.7649849771E-01  9.2399003245E-01 -6.7017170632E-02
           DelSqRho = -4.3590078958E+05
           Bond Ellipticity = NA
           V = -1.0898537450E+05
           G =  5.0885506944E+00
           K =  1.0898028595E+05
           L =  1.0897519739E+05
           Vnuc =  1.9980857783E+06
           Ven = -2.3555929637E+08
           Vrep =  2.3545031099E+08
           DelSqV =  2.5003627742E+09
           DelSqVen =  8.7096717312E+11
           DelSqVrep = -8.6846680625E+11
           DelSqG =  1.3433628664E+08
           DelSqK = -2.6346990609E+09
           Stress_EigVals = -3.6328934966E+04 -3.6328234912E+04 -3.6328204618E+04
           Stress_EigVec1 =  3.5399989671E-02  9.9815735456E-01 -4.9282210549E-02
           Stress_EigVec2 = -4.6474541555E-01  6.0098747756E-02  8.8340242203E-01
           Stress_EigVec3 =  8.8473642372E-01 -8.3687551944E-03  4.6601654958E-01
           -DivStress = -1.2075188245E+03 -2.1300508379E+03 -1.0002682292E+00
           ESP =  -1.4753525035E+01     ESP at Nucleus =  -1.4753525106E+01
           ESPe = -4.1089893704E+01     ESPe at Nucleus = -4.1089895221E+01
           ESPn =  2.6336368669E+01     ESPn at Nucleus =  2.6336370115E+01

CP# 10     Coords = -6.61975094167261E+00 -3.44078251027885E+00  9.37407945928083E-01
           Type = (3,-3) NACP C10
           Rho =  1.1756064982E+02     Rho at Nucleus =  1.1756064971E+02
           GradRho =  3.0413713561E-10  8.0585309096E-11 -2.6869044663E-10
           HessRho_EigVals = -1.4486440951E+05 -1.4486406918E+05 -1.4486376863E+05
           HessRho_EigVec1 =  9.6987401904E-01 -2.1156355197E-01 -1.2076941113E-01
           HessRho_EigVec2 = -5.7299911088E-02 -6.7996684669E-01  7.3100055239E-01
           HessRho_EigVec3 =  2.3677226902E-01  7.0205836715E-01  6.7160475113E-01
           DelSqRho = -4.3459224732E+05
           Bond Ellipticity = NA
           V = -1.0865831397E+05
           G =  5.1260726141E+00
           K =  1.0865318790E+05
           L =  1.0864806183E+05
           Vnuc =  4.7484991064E+06
           Ven = -5.5823664063E+08
           Vrep =  5.5812798232E+08
           DelSqV =  2.4928627708E+09
           DelSqVen =  2.0636607119E+12
           DelSqVrep = -2.0611678492E+12
           DelSqG =  1.3390536060E+08
           DelSqK = -2.6267681314E+09
           Stress_EigVals = -3.6219544941E+04 -3.6219442462E+04 -3.6219326572E+04
           Stress_EigVec1 =  2.1948382715E-01  6.9879810136E-01  6.8081426480E-01
           Stress_EigVec2 = -1.0319393209E-01 -6.7728703424E-01  7.2844580144E-01
           Stress_EigVec3 =  9.7014321726E-01 -2.3013797338E-01 -7.6541826541E-02
           -DivStress = -8.0130109324E+02 -1.5496430441E+02  6.2193008705E+02
           ESP =  -1.4730175692E+01     ESP at Nucleus =  -1.4730175696E+01
           ESPe = -3.6105779290E+01     ESPe at Nucleus = -3.6105777304E+01
           ESPn =  2.1375603597E+01     ESPn at Nucleus =  2.1375601608E+01

CP# 11     Coords = -2.74096271688661E+00 -1.15226920265502E+00  6.64162505869193E-02
           Type = (3,-3) NACP C11
           Rho =  1.1789255376E+02     Rho at Nucleus =  1.1789255310E+02
           GradRho =  3.1434685792E-09 -5.1768675696E-09 -3.3885533268E-12
           HessRho_EigVals = -1.4530088729E+05 -1.4530049438E+05 -1.4529965768E+05
           HessRho_EigVec1 =  9.1839202648E-01  3.7323431163E-01 -1.3134776100E-01
           HessRho_EigVec2 =  9.5376135304E-02  1.1334941481E-01  9.8896678558E-01
           HessRho_EigVec3 = -3.8400452929E-01  9.2078665215E-01 -6.8501552557E-02
           DelSqRho = -4.3590103935E+05
           Bond Ellipticity = NA
           V = -1.0898543704E+05
           G =  5.0885997641E+00
           K =  1.0898034844E+05
           L =  1.0897525984E+05
           Vnuc =  1.9954052044E+06
           Ven = -2.3524341533E+08
           Vrep =  2.3513442990E+08
           DelSqV =  2.5003641929E+09
           DelSqVen =  8.6979919053E+11
           DelSqVrep = -8.6729882634E+11
           DelSqG =  1.3433636170E+08
           DelSqK = -2.6347005546E+09
           Stress_EigVals = -3.6328955913E+04 -3.6328255988E+04 -3.6328225134E+04
           Stress_EigVec1 = -4.3819183427E-02  9.9781853060E-01 -4.9376706653E-02
           Stress_EigVec2 =  4.6025381771E-01  6.4029482906E-02  8.8547538001E-01
           Stress_EigVec3 =  8.8670530756E-01  1.6074990353E-02 -4.6205550774E-01
           -DivStress = -1.2284523260E+03  2.1218214089E+03 -1.3901895564E+00
           ESP =  -1.4753521902E+01     ESP at Nucleus =  -1.4753521973E+01
           ESPe = -4.1090454754E+01     ESPe at Nucleus = -4.1090456270E+01
           ESPn =  2.6336932853E+01     ESPn at Nucleus =  2.6336934297E+01

CP# 12     Coords = -3.79833032661848E+00 -3.70659580397146E+00  1.68093312221787E-01
           Type = (3,-3) NACP C12
           Rho =  1.1752179766E+02     Rho at Nucleus =  1.1752179708E+02
           GradRho =  1.6248295604E-09  4.8659130393E-09  8.5649348724E-11
           HessRho_EigVals = -1.4481553008E+05 -1.4481483433E+05 -1.4481463393E+05
           HessRho_EigVec1 =  6.2914213441E-01  7.7496474008E-01 -6.0081830363E-02
           HessRho_EigVec2 =  7.0575032376E-01 -6.0191956426E-01 -3.7364330408E-01
           HessRho_EigVec3 =  3.2572481518E-01 -1.9267197461E-01  9.2562457561E-01
           DelSqRho = -4.3444499833E+05
           Bond Ellipticity = NA
           V = -1.0862162952E+05
           G =  5.1899705531E+00
           K =  1.0861643955E+05
           L =  1.0861124958E+05
           Vnuc =  2.1216306525E+06
           Ven = -2.4933784825E+08
           Vrep =  2.4922922662E+08
           DelSqV =  2.4920225721E+09
           DelSqVen =  9.2173180109E+11
           DelSqVrep = -9.1923977852E+11
           DelSqG =  1.3385875993E+08
           DelSqK = -2.6258813320E+09
           Stress_EigVals = -3.6207326292E+04 -3.6207257450E+04 -3.6207045782E+04
           Stress_EigVec1 =  3.3018985673E-01 -2.2265238632E-01  9.1727889618E-01
           Stress_EigVec2 = -6.1519768410E-01  6.8626875137E-01  3.8802965141E-01
           Stress_EigVec3 =  7.1589557058E-01  6.9243130761E-01 -8.9623748267E-02
           -DivStress = -7.0995486284E+02 -2.1765836277E+03 -4.3714090273E+01
           ESP =  -1.4711971727E+01     ESP at Nucleus =  -1.4711971757E+01
           ESPe = -3.8495345472E+01     ESPe at Nucleus = -3.8495341034E+01
           ESPn =  2.3783373746E+01     ESPn at Nucleus =  2.3783369277E+01

CP# 13     Coords = -6.64616043430362E+00  3.39141771859655E+00 -9.38701202191247E-01
           Type = (3,-3) NACP C13
           Rho =  1.1756064645E+02     Rho at Nucleus =  1.1756064634E+02
           GradRho =  3.1426526659E-10 -6.5803243253E-11  2.7113752389E-10
           HessRho_EigVals = -1.4486440492E+05 -1.4486406491E+05 -1.4486376430E+05
           HessRho_EigVec1 =  9.6745326556E-01  2.2037076803E-01  1.2438208698E-01
           HessRho_EigVec2 =  6.0814852564E-02 -6.7960606846E-01  7.3105208120E-01
           HessRho_EigVec3 = -2.4563332972E-01  6.9969444497E-01  6.7088892599E-01
           DelSqRho = -4.3459223413E+05
           Bond Ellipticity = NA
           V = -1.0865831084E+05
           G =  5.1261526055E+00
           K =  1.0865318469E+05
           L =  1.0864805853E+05
           Vnuc =  4.7523049224E+06
           Ven = -5.5868403883E+08
           Vrep =  5.5857538052E+08
           DelSqV =  2.4928626947E+09
           DelSqVen =  2.0653149307E+12
           DelSqVrep = -2.0628220680E+12
           DelSqG =  1.3390535660E+08
           DelSqK = -2.6267680513E+09
           Stress_EigVals = -3.6219543863E+04 -3.6219441376E+04 -3.6219325600E+04
           Stress_EigVec1 = -2.2827847402E-01  6.9653287882E-01  6.8024325577E-01
           Stress_EigVec2 =  1.0667459273E-01 -6.7659089907E-01  7.2859130283E-01
           Stress_EigVec3 =  9.6773419365E-01  2.3888638306E-01  8.0148776807E-02
           -DivStress = -7.9916772606E+02  1.4822313426E+02 -6.2495692525E+02
           ESP =  -1.4730196799E+01     ESP at Nucleus =  -1.4730196803E+01
           ESPe = -3.6106173687E+01     ESPe at Nucleus = -3.6106171705E+01
           ESPn =  2.1375976888E+01     ESPn at Nucleus =  2.1375974902E+01

CP# 14     Coords = -3.83030142222611E+00  3.68209187118264E+00 -1.58313581250990E-01
           Type = (3,-3) NACP C14
           Rho =  1.1752178688E+02     Rho at Nucleus =  1.1752178630E+02
