AIMSum (Version 19.02.13, Professional)
Copyright (c) 1997-2019 by Todd A. Keith
AIMSum is a component of the AIMAll package ( http://aim.tkgristmill.com )

TP:  64-bit Linux

Much of the Quantum Theory of Atoms in Molecules (QTAIM) is described in the book:
  "Atoms in Molecules - A Quantum Theory"
  R.F.W. Bader, Oxford University Press, Oxford, 1990

For additional references see:  http://aim.tkgristmill.com/references.html

Wfn File:  /home/mhennefarth/Documents/ML_Diels/summary-liu2014/7_9-opt/7_9-opt.wfn
Sum File:  /home/mhennefarth/Documents/ML_Diels/summary-liu2014/7_9-opt/7_9-opt.sum

SumViz File:  /home/mhennefarth/Documents/ML_Diels/summary-liu2014/7_9-opt/7_9-opt.sumviz

Wfn Title:   Title Card Required                                                           
 
Total memory allocated for AIMSum =        1.693 Megabytes

Atomic units (a.u.) used throughout, except where stated otherwise

Model:  Restricted SCF
 
Restricted, closed-shell, single-determinant wavefunction.
  Number of electrons (from MO Occs)                   =         138.0000000000
  Number of Alpha electrons (from MO Occs)             =          69.0000000000
  Number of Beta electrons (from MO Occs)              =          69.0000000000
  Number of electron pairs (N*(N-1)/2)                 =        9453.0000000000
  Number of electron pairs (from Muller 2EDM)          =        9453.0000000000
 
Nuclear Charges and Cartesian Coordinates:
-------------------------------------------------------------------------------
Atom      Charge                X                  Y                  Z
-------------------------------------------------------------------------------
C1         6.0          -2.3751329700E+00  -1.5778837200E+00  -1.1147929000E-01
N2         7.0          -1.3550014600E+00  -1.7763033000E+00   2.1925723900E+00
N3         7.0           1.1363855800E+00  -1.7576948500E+00   2.3066904600E+00
C4         6.0           2.3749601400E+00  -1.5780092600E+00   1.1133808000E-01
N5         7.0           1.3550323700E+00  -1.7771525400E+00  -2.1922361900E+00
N6         7.0          -1.1368407900E+00  -1.7582831800E+00  -2.3063650100E+00
C7         6.0          -1.1929872100E+00   4.6861343300E+00   4.2074889000E-01
C8         6.0           1.1936009600E+00   4.6863452500E+00  -4.2207482000E-01
C9         6.0          -1.9698569000E+00   4.7516382100E+00   3.1524184500E+00
C10        6.0           1.9706679900E+00   4.7482807700E+00  -3.1537601800E+00
C11        6.0           5.2385278200E+00  -1.3205605800E+00   2.8881572000E-01
F12        9.0           6.2195455200E+00  -5.8150365000E-01  -1.9235690400E+00
F13        9.0           6.2875263100E+00  -3.5384143100E+00   9.3719792000E-01
F14        9.0           5.8448398700E+00   3.9620940000E-01   2.0554596600E+00
C15        6.0          -5.2387431000E+00  -1.3204662600E+00  -2.8844420000E-01
F16        9.0          -5.8455034100E+00   3.9417954000E-01  -2.0569730900E+00
F17        9.0          -6.2190257400E+00  -5.7868711000E-01   1.9233424900E+00
F18        9.0          -6.2881012800E+00  -3.5390604500E+00  -9.3376856000E-01
H19        1.0          -2.7261495300E+00   4.6967712300E+00  -9.6113371000E-01
H20        1.0           2.7266899600E+00   4.7001673000E+00   9.5984529000E-01
H21        1.0          -3.0024135600E+00   6.5007528300E+00   3.5816737300E+00
H22        1.0          -3.2435798100E+00   3.1852073700E+00   3.6258847300E+00
H23        1.0          -3.3223327000E-01   4.6513634400E+00   4.4137184400E+00
H24        1.0           3.2464599000E+00   3.1826700200E+00  -3.6242435100E+00
H25        1.0           3.0010553100E+00   6.4979874100E+00  -3.5858081000E+00
H26        1.0           3.3338941000E-01   4.6437342400E+00  -4.4151487300E+00
 
Some Atomic Properties:
----------------------
  q(A) = Net Charge of Atom A
  L(A) = Lagrangian of Atom A = -(1/4) Times Atomic Integral of the Laplacian of the Electron Density
  K(A) = Electronic Kinetic Energy of Atom A (Hamiltonian Form)
  K_Scaled(A) = K(A) * E(Mol)/K(Mol) = Approximation to Virial-Based Total Energy of Atom A.
  |Mu_Intra(A)| = Magnitude of Intraatomic Dipole Moment of Atom A
--------------------------------------------------------------------------------------------------
Atom A          q(A)              L(A)              K(A)          K_Scaled(A)      |Mu_Intra(A)|
--------------------------------------------------------------------------------------------------
C1        1.1049235211E+00 -1.0668564664E-04  3.7152794635E+01 -3.7444751698E+01  4.8433630160E-01
N2       -5.4197798910E-01 -3.2920074533E-05  5.4563798919E+01 -5.4992576529E+01  6.3000727960E-01
N3       -5.4433472790E-01 -8.4761388315E-05  5.4567549526E+01 -5.4996356609E+01  6.3535836084E-01
C4        1.1047644562E+00 -2.9395881699E-04  3.7152778242E+01 -3.7444735177E+01  4.8447592465E-01
N5       -5.4271091130E-01  4.8224183820E-05  5.4564435208E+01 -5.4993217818E+01  6.3035354041E-01
N6       -5.4521145440E-01 -3.6350314930E-05  5.4568266859E+01 -5.4997079579E+01  6.3571109450E-01
C7       -6.6854498500E-02  1.8581711534E-04  3.7714888035E+01 -3.8011262185E+01  7.4513729325E-02
C8       -6.6976781800E-02  4.0812003935E-05  3.7714860395E+01 -3.8011234328E+01  7.4028207154E-02
C9       -2.0169955400E-02 -4.3225256620E-05  3.7681301011E+01 -3.7977411225E+01  9.1792670985E-02
C10      -2.0099943800E-02  4.4313754802E-05  3.7681350493E+01 -3.7977461096E+01  9.1930525960E-02
C11       1.8336961640E+00 -4.6671535674E-04  3.6440132810E+01 -3.6726489576E+01  7.1142938900E-01
F12      -6.2628418330E-01  7.8593927581E-05  9.9623647054E+01 -1.0040651757E+02  3.3721275844E-01
F13      -6.1878720700E-01  5.9717143859E-05  9.9630012152E+01 -1.0041293268E+02  3.3960360477E-01
F14      -6.2410703340E-01  7.4517386396E-05  9.9626246903E+01 -1.0040913785E+02  3.3412052049E-01
C15       1.8339100374E+00 -1.1530528185E-04  3.6440165174E+01 -3.6726522195E+01  7.1222856498E-01
F16      -6.2411160960E-01  7.4219062228E-05  9.9626248603E+01 -1.0040913956E+02  3.3413925082E-01
F17      -6.2629033940E-01  6.4003875392E-05  9.9623671545E+01 -1.0040654225E+02  3.3721494337E-01
F18      -6.1878125450E-01  5.8938911903E-05  9.9629993855E+01 -1.0041291424E+02  3.3958784835E-01
H19       2.9652979610E-02  2.1257771992E-05  6.0255926935E-01 -6.0729434881E-01  1.4825047752E-01
H20       2.9661717870E-02  1.7974575278E-05  6.0255891557E-01 -6.0729399224E-01  1.4826110273E-01
H21       2.4165210420E-02  2.1629435966E-05  5.9992085224E-01 -6.0463519828E-01  1.5285200670E-01
H22       3.0469383630E-02  2.6389765805E-05  6.0055093724E-01 -6.0527023466E-01  1.3736637190E-01
H23       2.0394705920E-02  2.7102476362E-05  6.0241149042E-01 -6.0714540859E-01  1.5185118312E-01
H24       3.0440701040E-02  7.3252718406E-06  6.0056799876E-01 -6.0528743026E-01  1.3733544739E-01
H25       2.4172910370E-02  2.3167376382E-05  5.9991793820E-01 -6.0463226134E-01  1.5283746154E-01
H26       2.0404165370E-02  2.3766906114E-05  6.0240831368E-01 -6.0714220688E-01  1.5184459198E-01
--------------------------------------------------------------------------------------------------
Total    -4.1936470001E-05 -2.8215119162E-04  1.1188130371E+03 -1.1276049832E+03
 
1st Largest |L(A)| = 4.6671535674E-04, atom C11     
2nd Largest |L(A)| = 2.9395881699E-04, atom C4      
 
Molecular charge q(Mol) from the wfn file:   0.0000000000E+00
Molecular energy E(Mol) from the wfn file:  -1.1276051173E+03
Molecular virial ratio (-V(Mol)/T(Mol)) from the wfn file:   2.0078582800E+00
Note.  K_Scaled(A) = (1+V(Mol)/T(Mol))*K(A) = (E(Mol)/T(Mol))*K(A)
       Only use K_Scaled(A) data with caution.
 
N_AIMInt(SumA)     =        138.000042
N_Analytic(Mol)    =        137.999985
 
G_AIMInt(SumA)     =       1118.813319
G_Analytic(Mol)    =       1118.813127
 
K_AIMInt(SumA)     =       1118.813037
K_Analytic(Mol)    =       1118.813127
 
L_AIMInt(SumA)     =         -0.000282
L_Analytic(Mol)    =          0.000000
 
VenT_AIMInt(SumA)  =      -5621.194168
VenT_Analytic(Mol) =      -5621.193308
 
Some Information About the Atomic Calculations:
----------------------------------------------
  Time(sec) = "Elapsed User Time", in Seconds, for Atom A by AIMInt and, if used, by TWOe
  NProc = Number of Processors Used for AIMInt Job
  BIM = Basin Integration Method
  OAQ = Angular Quadrature Outside of Beta Sphere
  ORQ = Multiple of Default for Radial Quadrature Outside of Beta Sphere
  IAQ = Multiple of Default for Angular Quadrature Inside of Beta Sphere
  IRQ = Multiple of Default for Radial Quadrature Inside of Beta Sphere
  MIR = Maximum Integration Radius
------------------------------------------------------------------------------------------------------
Atom A     Time(sec)   NProc      BIM          OAQ                     ORQ      IAQ      IRQ      MIR
------------------------------------------------------------------------------------------------------
C1             48        8     Proaim(5)    4500(GS4)                  1.00     1.00     1.00    13.00
N2             37        8     Proaim(5)    4500(GS4)                  1.00     1.00     1.00    13.00
N3             28        8     Proaim(5)    4500(GS4)                  1.00     1.00     1.00    13.00
C4             49        8     Proaim(5)    6300(GS6)                  1.00     1.00     1.00    13.00
N5             37        8     Proaim(5)    4500(GS4)                  1.00     1.00     1.00    13.00
N6             28        8     Proaim(5)    4500(GS4)                  1.00     1.00     1.00    13.00
C7             45        8     Proaim(5)    4500(GS4)                  1.00     1.00     1.00    13.00
C8             45        8     Proaim(5)    4500(GS4)                  1.00     1.00     1.00    13.00
C9             34        8     Proaim(5)    4500(GS4)                  1.00     1.00     1.00    13.00
C10            34        8     Proaim(5)    4500(GS4)                  1.00     1.00     1.00    13.00
C11            39        8     Proaim(5)    6300(GS6)                  1.00     1.00     1.00    13.00
F12            21        8     Proaim(5)    4500(GS4)                  1.00     1.00     1.00    13.00
F13            13        8     Proaim(5)    2700(GS4)                  1.00     1.00     1.00    13.00
F14            22        8     Proaim(5)    4500(GS4)                  1.00     1.00     1.00    13.00
C15            38        8     Proaim(5)    5400(GS5)                  1.00     1.00     1.00    13.00
F16            22        8     Proaim(5)    4500(GS4)                  1.00     1.00     1.00    13.00
F17            21        8     Proaim(5)    4500(GS4)                  1.00     1.00     1.00    13.00
F18            12        8     Proaim(5)    2700(GS4)                  1.00     1.00     1.00    13.00
H19            18        8     Proaim(5)    4500(GS4)                  1.00     1.00     1.00    13.00
H20            17        8     Proaim(5)    4500(GS4)                  1.00     1.00     1.00    13.00
H21             7        8     Proaim(5)    1800(GS4)                  1.00     1.00     1.00    13.00
H22            22        8     Proaim(5)    4500(GS4)                  1.00     1.00     1.00    13.00
H23            10        8     Proaim(5)    1800(GS4)                  1.00     1.00     1.00    13.00
H24            21        8     Proaim(5)    4500(GS4)                  1.00     1.00     1.00    13.00
H25             7        8     Proaim(5)    1800(GS4)                  1.00     1.00     1.00    13.00
H26             9        8     Proaim(5)    1800(GS4)                  1.00     1.00     1.00    13.00
------------------------------------------------------------------------------------------------------
Total         684
Note:  Total wall clock time is less than total of atomic times if more than one atom
       was calculated at a time
 
Electron Density Critical Point Analysis of Molecular Structure:               
---------------------------------------------------------------                
  NACP = Nuclear Attractor Critical Point                                      
  NNACP = Non-Nuclear Attractor Critical Point                                 
  BCP = Bond Critical Point                                                    
  RCP = Ring Critical Point                                                    
  CCP = Cage Critical Point                                                    
  Rho = Electron Density                                                       
  GradRho = Gradient of Electron Density                                       
  HessRho_EigVals = Eigenvalues of the Hessian of Rho, Ascending Order         
  HessRho_EigVecs = Eigenvectors of the Hessian of Rho                         
  DelSqRho = Laplacian of Rho = Trace of Hessian of Rho                        
  Bond Ellipticity = (HessRho_EigVal(1) / HessRho_EigVal(2)) - 1               
  V = Virial Field = Potential Energy Density = Trace of Stress Tensor         
  G = Lagrangian Form of Kinetic Energy Density                                
  K = Hamiltonian Form of Kinetic Energy Density                               
  L = K - G = Lagrangian Density = (-1/4)DelSqRho                              
  Vnuc = Electrostatic Potential from Nuclei                                   
  Ven = Electron-nuclear attractive contribution to Virial Field V             
  Vrep = V - Ven = Repulsive contribution to Virial Field V                    
  DelSqV = Laplacian of V                                                      
  DelSqVen = Laplacian of Ven                                                  
  DelSqVrep = Laplacian of Vrep                                                
  DelSqG = Laplacian of G                                                      
  DelSqK = Laplacian of K                                                      
  Stress_EigVals = Eigenvalues of Stress Tensor, Ascending Order               
  Stress_EigVecs = Eigenvectors of Stress Tensor                               
  -DivStress = Ehrenfest Force Density = Minus Divergence of Stress Tensor     
  ESP = Total Electrostatic Potential                                          
  ESPe = Electrostatic Potential from Electrons                                
  ESPn = Electrostatic Potential from Nuclei                                   
  BP = Bond Path                                                               
  BPL = Bond Path Length                                                       
  GBL = Geometric Bond Length                                                  
  GBL_I = Distance Between Nuclear Attractors                                  
  GBL_II = Distance Between Nuclei                                             
  GBL_III = Sum of Distances Between BCP and Nuclear Attractors                
  GBL_IV = Sum of Distances Between BCP and Nuclei                             

CP# 1      Coords = -2.37513282367414E+00 -1.57788394243030E+00 -1.11479280533660E-01
           Type = (3,-3) NACP C1
           Rho =  1.1762105252E+02     Rho at Nucleus =  1.1762105251E+02
           GradRho = -2.7502249481E-11 -1.2933026232E-11  5.6663452142E-13
           HessRho_EigVals = -1.4489247742E+05 -1.4489157417E+05 -1.4489131454E+05
           HessRho_EigVec1 =  9.2600395000E-02  9.9556349996E-01  1.6687851617E-02
           HessRho_EigVec2 = -8.2286879642E-02 -9.0509288619E-03  9.9656758432E-01
           HessRho_EigVec3 =  9.9229735276E-01 -9.3655743190E-02  8.1083694310E-02
           DelSqRho = -4.3467536613E+05
           Bond Ellipticity = NA
           V = -1.0867931243E+05
           G =  5.2354465513E+00
           K =  1.0867407698E+05
           L =  1.0866884153E+05
           Vnuc =  2.2521415092E+07
           Ven = -2.6489925474E+09
           Vrep =  2.6488838681E+09
           DelSqV =  2.4932877849E+09
           DelSqVen =  9.7895265075E+12
           DelSqVrep = -9.7870332197E+12
           DelSqG =  1.3388525102E+08
           DelSqK = -2.6271730359E+09
           Stress_EigVals = -3.6226639698E+04 -3.6226605403E+04 -3.6226067325E+04
           Stress_EigVec1 =  9.8389147115E-01 -1.0264110029E-01  1.4636385324E-01
           Stress_EigVec2 = -1.4694488947E-01  1.9186374439E-03  9.8914281997E-01
           Stress_EigVec3 =  1.0180752655E-01  9.9471660455E-01  1.3194854120E-02
           -DivStress = -1.1906342145E+02  1.7856031089E+02 -7.4582793917E+00
           ESP =  -1.4599828389E+01     ESP at Nucleus =  -1.4599828390E+01
           ESPe = -4.1031572394E+01     ESPe at Nucleus = -4.1031572417E+01
           ESPn =  2.6431744005E+01     ESPn at Nucleus =  2.6431744027E+01

CP# 2      Coords = -1.35499260859898E+00 -1.77630226678351E+00  2.19256069062277E+00
           Type = (3,-3) NACP N2
           Rho =  1.9144317774E+02     Rho at Nucleus =  1.9144314290E+02
           GradRho = -5.8605715766E-12 -3.4125181847E-11 -4.5338995579E-11
           HessRho_EigVals = -3.2215925926E+05 -3.2215768583E+05 -3.2214772411E+05
           HessRho_EigVec1 =  1.5922792351E-01  9.7174868532E-01  1.7421527185E-01
           HessRho_EigVec2 =  8.8137470711E-01 -2.1942453189E-01  4.1836766184E-01
           HessRho_EigVec3 = -4.4477532985E-01 -8.6933120144E-02  8.9141322549E-01
           DelSqRho = -9.6646466920E+05
           Bond Ellipticity = NA
           V = -2.4164872311E+05
           G =  1.6277902990E+01
           K =  2.4163244520E+05
           L =  2.4161616730E+05
           Vnuc =  4.7599393231E+05
           Ven = -9.1125790986E+07
           Vrep =  9.0884142263E+07
           DelSqV =  7.5873199897E+09
           DelSqVen =  4.6003131827E+11
           DelSqVrep = -4.5244399828E+11
           DelSqG =  4.0667269297E+08
           DelSqK = -7.9939926826E+09
           Stress_EigVals = -8.0551144658E+04 -8.0549106344E+04 -8.0548472104E+04
           Stress_EigVec1 = -4.1700440006E-01 -8.9354951711E-02  9.0450153286E-01
           Stress_EigVec2 =  9.0459110741E-01 -1.3763786658E-01  4.0344856682E-01
           Stress_EigVec3 =  8.8443534098E-02  9.8644387082E-01  1.3822529070E-01
           -DivStress = -2.1849844627E+04 -2.5523218046E+03  2.8866803104E+04
           ESP =  -1.8252962788E+01     ESP at Nucleus =  -1.8252964382E+01
           ESPe = -4.2213327937E+01     ESPe at Nucleus = -4.2213295669E+01
           ESPn =  2.3960365149E+01     ESPn at Nucleus =  2.3960331287E+01

CP# 3      Coords =  1.13637791654044E+00 -1.75769403918792E+00  2.30667804120066E+00
           Type = (3,-3) NACP N3
           Rho =  1.9143733129E+02     Rho at Nucleus =  1.9143729689E+02
           GradRho =  3.1913310644E-11  1.4838201848E-11 -2.8233701835E-11
           HessRho_EigVals = -3.2214870377E+05 -3.2214710338E+05 -3.2213713874E+05
           HessRho_EigVec1 = -1.6403334129E-01  9.7574950380E-01  1.4493436024E-01
           HessRho_EigVec2 =  9.1868333211E-01  2.0462454181E-01 -3.3786052180E-01
           HessRho_EigVec3 =  3.5932436356E-01 -7.7728390720E-02  9.2997005276E-01
           DelSqRho = -9.6643294589E+05
           Bond Ellipticity = NA
           V = -2.4164081340E+05
           G =  1.6288461697E+01
           K =  2.4162452493E+05
           L =  2.4160823647E+05
           Vnuc =  4.7896778586E+05
           Ven = -9.1692314701E+07
           Vrep =  9.1450673887E+07
           DelSqV =  7.5870715272E+09
           DelSqVen =  4.6289024826E+11
           DelSqVrep = -4.5530317673E+11
           DelSqG =  4.0665844203E+08
           DelSqK = -7.9937299692E+09
           Stress_EigVals = -8.0548512603E+04 -8.0546473934E+04 -8.0545826859E+04
           Stress_EigVec1 =  3.3138046769E-01 -8.0327106658E-02  9.4007156194E-01
           Stress_EigVec2 =  9.3861480322E-01  1.2929931600E-01 -3.1981860179E-01
           Stress_EigVec3 = -9.5860507011E-02  9.8834672196E-01  1.1824347922E-01
           -DivStress =  1.8917890068E+04 -2.0022950409E+03  3.0642069362E+04
           ESP =  -1.8252547211E+01     ESP at Nucleus =  -1.8252548786E+01
           ESPe = -4.2188044250E+01     ESPe at Nucleus = -4.2188011819E+01
           ESPn =  2.3935497039E+01     ESPn at Nucleus =  2.3935463033E+01

CP# 4      Coords =  2.37495999334954E+00 -1.57800948235260E+00  1.11338075521707E-01
           Type = (3,-3) NACP C4
           Rho =  1.1762104389E+02     Rho at Nucleus =  1.1762104389E+02
           GradRho = -1.5841708821E-11  5.2556651522E-13  7.1021324672E-13
           HessRho_EigVals = -1.4489246176E+05 -1.4489155848E+05 -1.4489129879E+05
           HessRho_EigVec1 = -9.2497720754E-02  9.9556466422E-01 -1.7180541671E-02
           HessRho_EigVec2 = -8.4393220040E-02  9.3538030385E-03  9.9638862437E-01
           HessRho_EigVec3 =  9.9213000966E-01  9.3613597973E-02  8.3153702310E-02
           DelSqRho = -4.3467531902E+05
           Bond Ellipticity = NA
           V = -1.0867930060E+05
           G =  5.2354245015E+00
           K =  1.0867406518E+05
           L =  1.0866882976E+05
           Vnuc =  2.2522845442E+07
           Ven = -2.6491605923E+09
           Vrep =  2.6490519130E+09
           DelSqV =  2.4932875042E+09
           DelSqVen =  9.7901346816E+12
           DelSqVrep = -9.7876413941E+12
           DelSqG =  1.3388523164E+08
           DelSqK = -2.6271727359E+09
           Stress_EigVals = -3.6226635837E+04 -3.6226601388E+04 -3.6226063379E+04
           Stress_EigVec1 =  9.8233783529E-01  1.0262064987E-01  1.5646526638E-01
           Stress_EigVec2 = -1.5703572192E-01 -2.5467086916E-03  9.8758963964E-01
           Stress_EigVec3 = -1.0174556208E-01  9.9471730481E-01 -1.3613379533E-02
           -DivStress =  1.1932730496E+02  1.7849502030E+02  3.4147910043E+00
           ESP =  -1.4599826648E+01     ESP at Nucleus =  -1.4599826649E+01
           ESPe = -4.1031715811E+01     ESPe at Nucleus = -4.1031715833E+01
           ESPn =  2.6431889163E+01     ESPn at Nucleus =  2.6431889184E+01

CP# 5      Coords =  1.35502351967911E+00 -1.77715150272763E+00 -2.19222449043120E+00
           Type = (3,-3) NACP N5
           Rho =  1.9144318139E+02     Rho at Nucleus =  1.9144314656E+02
           GradRho =  3.5415991320E-11  2.3584842412E-11 -5.2840815924E-11
           HessRho_EigVals = -3.2215928475E+05 -3.2215771370E+05 -3.2214775103E+05
           HessRho_EigVec1 = -1.5962337058E-01  9.7161412999E-01 -1.7460344204E-01
           HessRho_EigVec2 =  8.8145501162E-01  2.1991705823E-01  4.1793964875E-01
           HessRho_EigVec3 = -4.4447434354E-01  8.7192143598E-02  8.9153804632E-01
           DelSqRho = -9.6646474948E+05
           Bond Ellipticity = NA
           V = -2.4164874316E+05
           G =  1.6277895541E+01
           K =  2.4163246526E+05
           L =  2.4161618737E+05
           Vnuc =  4.7600079819E+05
           Ven = -9.1127107151E+07
           Vrep =  9.0885458407E+07
           DelSqV =  7.5873206485E+09
           DelSqVen =  4.6003799258E+11
           DelSqVrep = -4.5245067193E+11
           DelSqG =  4.0667275523E+08
           DelSqK = -7.9939934037E+09
           Stress_EigVals = -8.0551151393E+04 -8.0549112637E+04 -8.0548479130E+04
           Stress_EigVec1 = -4.1657726450E-01  8.9623992065E-02  9.0467172098E-01
           Stress_EigVec2 =  9.0476849237E-01  1.3790265355E-01  4.0296008903E-01
           Stress_EigVec3 = -8.8641739089E-02  9.8638248068E-01 -1.3853607436E-01
           -DivStress =  2.1847155476E+04 -2.5623303813E+03 -2.8867258900E+04
           ESP =  -1.8252983704E+01     ESP at Nucleus =  -1.8252985297E+01
           ESPe = -4.2213252505E+01     ESPe at Nucleus = -4.2213220238E+01
           ESPn =  2.3960268801E+01     ESPn at Nucleus =  2.3960234941E+01

CP# 6      Coords = -1.13683312754288E+00 -1.75828236732085E+00 -2.30635259143286E+00
           Type = (3,-3) NACP N6
           Rho =  1.9143727972E+02     Rho at Nucleus =  1.9143724531E+02
           GradRho =  1.7730527224E-11 -1.0856022678E-11 -6.9968192698E-11
           HessRho_EigVals = -3.2214863899E+05 -3.2214704145E+05 -3.2213707561E+05
           HessRho_EigVec1 =  1.6436974095E-01  9.7565266733E-01 -1.4520489311E-01
           HessRho_EigVec2 =  9.1874219374E-01 -2.0500685985E-01 -3.3746847092E-01
           HessRho_EigVec3 =  3.5902001296E-01  7.7936256890E-02  9.3007019636E-01
           DelSqRho = -9.6643275606E+05
           Bond Ellipticity = NA
           V = -2.4164076619E+05
           G =  1.6288589100E+01
           K =  2.4162447760E+05
           L =  2.4160818901E+05
           Vnuc =  4.7898807726E+05
           Ven = -9.1696174528E+07
           Vrep =  9.1454533762E+07
           DelSqV =  7.5870701433E+09
           DelSqVen =  4.6290976774E+11
           DelSqVrep = -4.5532269754E+11
           DelSqG =  4.0665839500E+08
           DelSqK = -7.9937285383E+09
           Stress_EigVals = -8.0548496927E+04 -8.0546457764E+04 -8.0545811502E+04
           Stress_EigVec1 =  3.3094171758E-01  8.0551736353E-02  9.4020689071E-01
           Stress_EigVec2 =  9.3875034351E-01 -1.2951576531E-01 -3.1933283434E-01
           Stress_EigVec3 =  9.6048800721E-02  9.8830009830E-01 -1.1848014000E-01
           -DivStress = -1.8915392130E+04 -2.0068958806E+03 -3.0641472105E+04
           ESP =  -1.8252569323E+01     ESP at Nucleus =  -1.8252570897E+01
           ESPe = -4.2187935815E+01     ESPe at Nucleus = -4.2187903386E+01
           ESPn =  2.3935366493E+01     ESPn at Nucleus =  2.3935332489E+01

CP# 7      Coords = -1.19298845537639E+00  4.68613423126422E+00  4.20750188257752E-01
           Type = (3,-3) NACP C7
           Rho =  1.1769020143E+02     Rho at Nucleus =  1.1769020120E+02
           GradRho = -8.9414493229E-10 -9.7812413551E-11  9.2436848670E-10
           HessRho_EigVals = -1.4502298214E+05 -1.4502215032E+05 -1.4502185854E+05
           HessRho_EigVec1 = -3.2447590569E-02  9.9922370048E-01  2.2341670892E-02
           HessRho_EigVec2 =  1.5567263197E-01 -1.7028034707E-02  9.8766192480E-01
           HessRho_EigVec3 =  9.8727563807E-01  3.5525236467E-02 -1.5499926468E-01
           DelSqRho = -4.3506699099E+05
           Bond Ellipticity = NA
           V = -1.0877690161E+05
           G =  5.0769311580E+00
           K =  1.0877182468E+05
           L =  1.0876674775E+05
           Vnuc =  3.3301779401E+06
           Ven = -3.9192931258E+08
           Vrep =  3.9182053568E+08
           DelSqV =  2.4955704513E+09
           DelSqVen =  1.4488504074E+12
           DelSqVrep = -1.4463548370E+12
           DelSqG =  1.3405047642E+08
           DelSqK = -2.6296209277E+09
           Stress_EigVals = -3.6259226407E+04 -3.6259063858E+04 -3.6258611344E+04
           Stress_EigVec1 =  9.8416515528E-01  1.2527378722E-02 -1.7681066686E-01
           Stress_EigVec2 =  1.7685573457E-01 -2.5772153864E-03  9.8423341089E-01
           Stress_EigVec3 = -1.1874185518E-02  9.9991820803E-01  4.7519443470E-03
           -DivStress =  1.0103485565E+03  7.4822400162E+01 -1.0602112239E+03
           ESP =  -1.4734534928E+01     ESP at Nucleus =  -1.4734534950E+01
           ESPe = -3.6012334237E+01     ESPe at Nucleus = -3.6012335072E+01
           ESPn =  2.1277799309E+01     ESPn at Nucleus =  2.1277800122E+01

CP# 8      Coords =  1.19360220502993E+00  4.68634515050225E+00 -4.22076118497486E-01
           Type = (3,-3) NACP C8
           Rho =  1.1769022527E+02     Rho at Nucleus =  1.1769022503E+02
           GradRho =  8.9795172529E-10 -1.4153252962E-10 -9.2877737304E-10
           HessRho_EigVals = -1.4502301548E+05 -1.4502218337E+05 -1.4502189167E+05
           HessRho_EigVec1 =  3.1710177231E-02  9.9921414196E-01 -2.3781572101E-02
           HessRho_EigVec2 =  1.5537538027E-01  1.8576220218E-02  9.8768082661E-01
           HessRho_EigVec3 =  9.8734642141E-01 -3.5014604868E-02 -1.5466422204E-01
           DelSqRho = -4.3506709053E+05
           Bond Ellipticity = NA
           V = -1.0877692651E+05
           G =  5.0769387238E+00
           K =  1.0877184957E+05
           L =  1.0876677263E+05
           Vnuc =  3.3302237085E+06
           Ven = -3.9193477845E+08
           Vrep =  3.9182600152E+08
           DelSqV =  2.4955710252E+09
           DelSqVen =  1.4488707564E+12
           DelSqVrep = -1.4463751689E+12
           DelSqG =  1.3405051061E+08
           DelSqK = -2.6296215358E+09
           Stress_EigVals = -3.6259234717E+04 -3.6259072189E+04 -3.6258619603E+04
           Stress_EigVec1 =  9.8418937651E-01 -1.2067709708E-02 -1.7670778574E-01
           Stress_EigVec2 =  1.7676867776E-01  4.1723747497E-03  9.8424358055E-01
           Stress_EigVec3 =  1.1140274708E-02  9.9991847751E-01 -6.2395999922E-03
           -DivStress = -1.0100665258E+03  7.5451382916E+01  1.0604095337E+03
           ESP =  -1.4734537507E+01     ESP at Nucleus =  -1.4734537529E+01
           ESPe = -3.6011863339E+01     ESPe at Nucleus = -3.6011864173E+01
           ESPn =  2.1277325832E+01     ESPn at Nucleus =  2.1277326645E+01

CP# 9      Coords = -1.96985682961353E+00  4.75163829256721E+00  3.15241749259803E+00
           Type = (3,-3) NACP C9
           Rho =  1.1751445077E+02     Rho at Nucleus =  1.1751445071E+02
           GradRho =  5.2152204742E-12 -1.8253080254E-11 -1.9615632359E-10
           HessRho_EigVals = -1.4480447959E+05 -1.4480419005E+05 -1.4480410440E+05
           HessRho_EigVec1 = -1.6816193541E-01  9.3096806852E-02  9.8135342667E-01
           HessRho_EigVec2 = -5.5390122196E-02  9.9306514436E-01 -1.0369934146E-01
           HessRho_EigVec3 =  9.8420195988E-01  7.1795568182E-02  1.6183911316E-01
           DelSqRho = -4.3441277404E+05
           Bond Ellipticity = NA
           V = -1.0861368751E+05
           G =  5.2469983448E+00
           K =  1.0860844051E+05
           L =  1.0860319351E+05
           Vnuc =  6.2271211035E+06
           Ven = -7.3177671638E+08
           Vrep =  7.3166810269E+08
           DelSqV =  2.4918381715E+09
           DelSqVen =  2.7051404820E+12
           DelSqVrep = -2.7026486439E+12
           DelSqG =  1.3384787304E+08
           DelSqK = -2.6256860445E+09
           Stress_EigVals = -3.6204612478E+04 -3.6204583911E+04 -3.6204491118E+04
           Stress_EigVec1 =  9.8280945547E-01  7.3468788336E-02  1.6937506127E-01
           Stress_EigVec2 = -5.7704100251E-02  9.9368850667E-01 -9.6194534778E-02
           Stress_EigVec3 = -1.7537334762E-01  8.4767262829E-02  9.8084591048E-01
           -DivStress = -5.7525191504E+01 -6.8521160029E+01  7.7642721415E+02
           ESP =  -1.4737355530E+01     ESP at Nucleus =  -1.4737355531E+01
           ESPe = -3.3622193056E+01     ESPe at Nucleus = -3.3622191780E+01
           ESPn =  1.8884837527E+01     ESPn at Nucleus =  1.8884836249E+01

CP# 10     Coords =  1.97066791931089E+00  4.74828085428246E+00 -3.15375922245816E+00
           Type = (3,-3) NACP C10
           Rho =  1.1751447303E+02     Rho at Nucleus =  1.1751447296E+02
           GradRho = -2.1357651501E-11 -2.5836913121E-11  2.0231138593E-10
           HessRho_EigVals = -1.4480451370E+05 -1.4480422421E+05 -1.4480413859E+05
           HessRho_EigVec1 = -1.6826590762E-01 -9.1833064921E-02  9.8145467166E-01
           HessRho_EigVec2 =  5.4640565107E-02  9.9325130293E-01  1.0230473048E-01
           HessRho_EigVec3 =  9.8422608834E-01 -7.0841636215E-02  1.6211252142E-01
           DelSqRho = -4.3441287650E+05
           Bond Ellipticity = NA
           V = -1.0861371318E+05
           G =  5.2470292147E+00
           K =  1.0860846615E+05
           L =  1.0860321913E+05
           Vnuc =  6.2251208124E+06
           Ven = -7.3154179181E+08
           Vrep =  7.3143317809E+08
           DelSqV =  2.4918387572E+09
           DelSqVen =  2.7042725233E+12
           DelSqVrep = -2.7017806845E+12
           DelSqG =  1.3384791136E+08
           DelSqK = -2.6256866686E+09
           Stress_EigVals = -3.6204621032E+04 -3.6204592474E+04 -3.6204499678E+04
           Stress_EigVec1 =  9.8282315265E-01 -7.2403848579E-02  1.6975374319E-01
           Stress_EigVec2 =  5.6868134449E-02  9.9388360444E-01  9.4664650772E-02
           Stress_EigVec3 = -1.7556954719E-01 -8.3385031826E-02  9.8092928928E-01
           -DivStress =  5.7771155106E+01 -6.9915306260E+01 -7.7653826634E+02
           ESP =  -1.4737356961E+01     ESP at Nucleus =  -1.4737356963E+01
           ESPe = -3.3624698888E+01     ESPe at Nucleus = -3.3624697613E+01
           ESPn =  1.8887341927E+01     ESPn at Nucleus =  1.8887340650E+01

CP# 11     Coords =  5.23853505254619E+00 -1.32055989053447E+00  2.88816248928896E-01
           Type = (3,-3) NACP C11
           Rho =  1.1734886148E+02     Rho at Nucleus =  1.1734885765E+02
           GradRho = -3.9478525700E-11 -5.7674003377E-12  3.5534784750E-12
           HessRho_EigVals = -1.4451450755E+05 -1.4451449761E+05 -1.4451273910E+05
           HessRho_EigVec1 = -1.0703937034E-01  9.5497971672E-01  2.7668811658E-01
           HessRho_EigVec2 = -4.0591402538E-02 -2.8225228164E-01  9.5848108356E-01
           HessRho_EigVec3 =  9.9342584587E-01  9.1364052952E-02  6.8976072601E-02
           DelSqRho = -4.3354174426E+05
           Bond Ellipticity = NA
           V = -1.0839459027E+05
           G =  4.5771009735E+00
           K =  1.0839001317E+05
           L =  1.0838543607E+05
           Vnuc =  8.2368491034E+05
           Ven = -9.6658486449E+07
           Vrep =  9.6550091859E+07
           DelSqV =  2.4867512574E+09
           DelSqVen =  3.5710179149E+11
           DelSqVrep = -3.5461504023E+11
           DelSqG =  1.3349213328E+08
           DelSqK = -2.6202433906E+09
           Stress_EigVals = -3.6131854225E+04 -3.6131369160E+04 -3.6131366882E+04
           Stress_EigVec1 =  9.9352165870E-01  9.0683502510E-02  6.8492452669E-02
           Stress_EigVec2 = -3.3212425078E-02 -3.4468815022E-01  9.3812952939E-01
           Stress_EigVec3 = -1.0868140835E-01  9.3432680657E-01  3.3944332371E-01
           -DivStress = -5.8434398989E+03 -5.5698812785E+02 -4.2742905820E+02
           ESP =  -1.4441727622E+01     ESP at Nucleus =  -1.4441727844E+01
           ESPe = -3.9745150833E+01     ESPe at Nucleus = -3.9745156103E+01
           ESPn =  2.5303423211E+01     ESPn at Nucleus =  2.5303428260E+01

CP# 12     Coords =  6.21954275366052E+00 -5.81505787172252E-01 -1.92356271289663E+00
           Type = (3,-3) NACP F12
           Rho =  4.1875965022E+02     Rho at Nucleus =  4.1875961955E+02
           GradRho =  4.4361561256E-10 -3.7533649799E-11 -6.6556507267E-11
           HessRho_EigVals = -1.1738343248E+06 -1.1737910499E+06 -1.1737898770E+06
           HessRho_EigVec1 = -4.0341136655E-01 -2.9664346050E-01  8.6559917207E-01
           HessRho_EigVec2 = -3.2478564156E-01  9.3081441591E-01  1.6762699712E-01
           HessRho_EigVec3 = -8.5543764026E-01 -2.1351154646E-01 -4.7184665216E-01
           DelSqRho = -3.5214152517E+06
           Bond Ellipticity = NA
           V = -8.8058683576E+05
           G =  1.1651142109E+02
           K =  8.8047032434E+05
           L =  8.8035381292E+05
           Vnuc =  1.2450771205E+06
           Ven = -5.2138805950E+08
           Vrep =  5.2050747266E+08
           DelSqV =  4.6341288338E+10
           DelSqVen =  4.3844335534E+12
           DelSqVrep = -4.3380922671E+12
           DelSqG =  2.4685433452E+09
           DelSqK = -4.8809831683E+10
           Stress_EigVals = -2.9353276775E+05 -2.9353248021E+05 -2.9352158781E+05
           Stress_EigVec1 = -8.5574101666E-01 -2.1328618874E-01 -4.7139825423E-01
           Stress_EigVec2 = -3.2449762762E-01  9.3086675561E-01  1.6789393369E-01
           Stress_EigVec3 = -4.0299950629E-01 -2.9664134067E-01  8.6579172607E-01
           -DivStress =  4.1608948644E+04  3.2305478906E+04 -9.5452628910E+04
           ESP =  -2.6493759302E+01     ESP at Nucleus =  -2.6493760211E+01
           ESPe = -4.5892367653E+01     ESPe at Nucleus = -4.5892349618E+01
           ESPn =  1.9398608351E+01     ESPn at Nucleus =  1.9398589407E+01

CP# 13     Coords =  6.28752338641237E+00 -3.53840789742497E+00  9.37196038335136E-01
           Type = (3,-3) NACP F13
           Rho =  4.1879493910E+02     Rho at Nucleus =  4.1879490787E+02
           GradRho =  2.4555879660E-10  4.5650104953E-11 -4.5281889132E-11
           HessRho_EigVals = -1.1739585557E+06 -1.1739150033E+06 -1.1739142619E+06
           HessRho_EigVec1 = -4.2820988408E-01  8.6691629178E-01 -2.5513219753E-01
           HessRho_EigVec2 = -4.5672712890E-02  2.6120356646E-01  9.6420262402E-01
           HessRho_EigVec3 =  9.0252440326E-01  4.2453367347E-01 -7.2255530022E-02
           DelSqRho = -3.5217878209E+06
           Bond Ellipticity = NA
           V = -8.8067984197E+05
           G =  1.1644337568E+02
           K =  8.8056339859E+05
           L =  8.8044695522E+05
           Vnuc =  1.2338315176E+06
           Ven = -5.1672239528E+08
           Vrep =  5.1584171544E+08
           DelSqV =  4.6346231268E+10
           DelSqVen =  4.3452928123E+12
           DelSqVrep = -4.2989465820E+12
           DelSqG =  2.4688611614E+09
           DelSqK = -4.8815092430E+10
           Stress_EigVals = -2.9356372798E+05 -2.9356354367E+05 -2.9355257032E+05
           Stress_EigVec1 =  9.0268287710E-01  4.2431965808E-01 -7.1529372660E-02
           Stress_EigVec2 = -4.6308763738E-02  2.6105697544E-01  9.6421198602E-01
           Stress_EigVec3 = -4.2780734190E-01  8.6706521286E-01 -2.5530138047E-01
           -DivStress =  4.4030235166E+04 -9.6865285321E+04  2.8402410435E+04
           ESP =  -2.6497553174E+01     ESP at Nucleus =  -2.6497554081E+01
           ESPe = -4.4947225356E+01     ESPe at Nucleus = -4.4947205479E+01
           ESPn =  1.8449672182E+01     ESPn at Nucleus =  1.8449651397E+01

CP# 14     Coords =  5.84483824715262E+00  3.96204470126975E-01  2.05545460098578E+00
           Type = (3,-3) NACP F14
           Rho =  4.1879391437E+02     Rho at Nucleus =  4.1879388354E+02
           GradRho =  2.7989645844E-10 -2.0548353383E-11 -3.4189079953E-11
           HessRho_EigVals = -1.1739590083E+06 -1.1739156953E+06 -1.1739146643E+06
           HessRho_EigVec1 =  2.5373235530E-01  6.7741640738E-01  6.9045412801E-01
           HessRho_EigVec2 =  1.5449163094E-01 -7.3303217141E-01  6.6241691679E-01
           HessRho_EigVec3 =  9.5485717667E-01 -6.1407220163E-02 -2.9064914496E-01
           DelSqRho = -3.5217893680E+06
           Bond Ellipticity = NA
           V = -8.8068027421E+05
           G =  1.1646611060E+02
           K =  8.8056380810E+05
           L =  8.8044734199E+05
           Vnuc =  1.2417721871E+06
           Ven = -5.2004663498E+08
           Vrep =  5.1916595470E+08
           DelSqV =  4.6346262044E+10
           DelSqVen =  4.3732600868E+12
           DelSqVrep = -4.3269138253E+12
           DelSqG =  2.4688698145E+09
           DelSqK = -4.8815131858E+10
           Stress_EigVals = -2.9356389676E+05 -2.9356364128E+05 -2.9355273617E+05
           Stress_EigVec1 =  9.5563823862E-01 -6.3874845219E-02 -2.8753358245E-01
           Stress_EigVec2 =  1.5065390204E-01 -7.3284387023E-01  6.6350829962E-01
           Stress_EigVec3 =  2.5309871332E-01  6.7739195892E-01  6.9071063066E-01
           -DivStress =  2.4350100793E+04  7.4472094674E+04  7.6334538264E+04
           ESP =  -2.6496269289E+01     ESP at Nucleus =  -2.6496270190E+01
           ESPe = -4.6129937207E+01     ESPe at Nucleus = -4.6129919703E+01
           ESPn =  1.9633667917E+01     ESPn at Nucleus =  1.9633649513E+01

CP# 15     Coords = -5.23875033268523E+00 -1.32046557087127E+00 -2.88444727352992E-01
           Type = (3,-3) NACP C15
           Rho =  1.1734884573E+02     Rho at Nucleus =  1.1734884190E+02
           GradRho =  2.7670471925E-11 -1.5176418797E-11  2.4910592794E-12
           HessRho_EigVals = -1.4451448196E+05 -1.4451447201E+05 -1.4451271351E+05
           HessRho_EigVec1 =  1.0686714827E-01  9.5570438958E-01 -2.7424174072E-01
           HessRho_EigVec2 = -4.0674439680E-02  2.7979260146E-01  9.5919846233E-01
           HessRho_EigVec3 =  9.9344099099E-01 -9.1352175155E-02  6.8773377971E-02
           DelSqRho = -4.3354166747E+05
           Bond Ellipticity = NA
           V = -1.0839457108E+05
