AIMSum (Version 19.02.13, Professional)
Copyright (c) 1997-2019 by Todd A. Keith
AIMSum is a component of the AIMAll package ( http://aim.tkgristmill.com )

TP:  64-bit Linux

Much of the Quantum Theory of Atoms in Molecules (QTAIM) is described in the book:
  "Atoms in Molecules - A Quantum Theory"
  R.F.W. Bader, Oxford University Press, Oxford, 1990

For additional references see:  http://aim.tkgristmill.com/references.html

Wfn File:  /home/mhennefarth/Documents/ML_Diels/summary-gordillo2006/10atx-opt/10atx-opt.wfn
Sum File:  /home/mhennefarth/Documents/ML_Diels/summary-gordillo2006/10atx-opt/10atx-opt.sum

SumViz File:  /home/mhennefarth/Documents/ML_Diels/summary-gordillo2006/10atx-opt/10atx-opt.sumviz

Wfn Title:   Title Card Required                                                           
 
Total memory allocated for AIMSum =        1.990 Megabytes

Atomic units (a.u.) used throughout, except where stated otherwise

Model:  Restricted SCF
 
Restricted, closed-shell, single-determinant wavefunction.
  Number of electrons (from MO Occs)                   =         106.0000000000
  Number of Alpha electrons (from MO Occs)             =          53.0000000000
  Number of Beta electrons (from MO Occs)              =          53.0000000000
  Number of electron pairs (N*(N-1)/2)                 =        5565.0000000000
  Number of electron pairs (from Muller 2EDM)          =        5565.0000000000
 
Nuclear Charges and Cartesian Coordinates:
-------------------------------------------------------------------------------
Atom      Charge                X                  Y                  Z
-------------------------------------------------------------------------------
C1         6.0          -1.3691273700E+00   4.1198350900E+00  -5.4605880000E-02
C2         6.0          -1.3011920900E+00   1.5686292000E+00  -2.5844207000E-01
C3         6.0           5.8508324900E+00  -2.6828946400E+00   1.2916259600E+00
C4         6.0           6.4729806200E+00  -1.8598824000E-01   2.5092860300E+00
C5         6.0           6.8374153800E+00   1.5533114400E+00   2.8594315000E-01
C6         6.0           5.9117765400E+00  -2.4083529000E+00  -1.2487110200E+00
C7         6.0           6.5187129600E+00   2.3050280000E-01  -1.8757258100E+00
C8         6.0          -3.3996519000E+00  -7.9648310000E-02   3.5840833000E-01
C9         6.0          -5.7634670000E+00   9.7321483000E-01   1.5729717700E+00
C10        6.0          -7.8520841300E+00   1.6097586200E+00  -3.6610316000E-01
C11        6.0           7.6657424000E-01   5.8155683600E+00  -7.4094475000E-01
N12        7.0          -3.2456308800E+00  -2.5065238100E+00  -2.0053448000E-01
C13        6.0          -1.0016340600E+00  -3.6106289600E+00  -1.4604907700E+00
C14        6.0          -5.2584936800E+00  -4.3712069200E+00   2.7955199000E-01
H15        1.0           4.2716229000E-01   7.2461857000E-01  -9.6513048000E-01
H16        1.0          -3.0705415300E+00   5.0602652200E+00   6.1617740000E-01
H17        1.0           8.2109574900E+00  -3.2431615000E-01   3.6450583200E+00
H18        1.0           5.0030476800E+00   4.7119737000E-01   3.8258181100E+00
H19        1.0           5.5380742800E+00  -4.4178853000E+00   2.3361206900E+00
H20        1.0           7.3658762900E+00   3.5254811000E+00   4.5378536000E-01
H21        1.0           1.2295826200E+00   7.0540104800E+00   8.5887550000E-01
H22        1.0           2.4568347900E+00   4.7687588600E+00  -1.2980340200E+00
H23        1.0           1.9874808000E-01   7.0789230400E+00  -2.2885263200E+00
H24        1.0          -7.7151753000E-01  -2.7924131700E+00  -3.3433883000E+00
H25        1.0           7.1269067000E-01  -3.2874480400E+00  -3.5425300000E-01
H26        1.0          -1.3031704500E+00  -5.6381027900E+00  -1.6469854900E+00
H27        1.0          -4.5313643200E+00  -5.8252310700E+00   1.5571695100E+00
H28        1.0          -6.9287296500E+00  -3.5121858600E+00   1.1009825600E+00
H29        1.0          -5.7744790100E+00  -5.2572002000E+00  -1.5152551700E+00
H30        1.0           5.6419175500E+00  -3.8934874300E+00  -2.6386096600E+00
H31        1.0           6.7365451500E+00   9.4652795000E-01  -3.7849969700E+00
H32        1.0          -6.4776046700E+00  -3.4727804000E-01   2.9920099400E+00
H33        1.0          -5.2554143100E+00   2.6726441300E+00   2.6225809700E+00
H34        1.0          -8.4915531800E+00  -6.1541790000E-02  -1.4027239700E+00
H35        1.0          -9.4811344000E+00   2.4078864500E+00   6.2330025000E-01
H36        1.0          -7.1923636500E+00   2.9998412500E+00  -1.7468164800E+00
 
Some Atomic Properties:
----------------------
  q(A) = Net Charge of Atom A
  L(A) = Lagrangian of Atom A = -(1/4) Times Atomic Integral of the Laplacian of the Electron Density
  K(A) = Electronic Kinetic Energy of Atom A (Hamiltonian Form)
  K_Scaled(A) = K(A) * E(Mol)/K(Mol) = Approximation to Virial-Based Total Energy of Atom A.
  |Mu_Intra(A)| = Magnitude of Intraatomic Dipole Moment of Atom A
--------------------------------------------------------------------------------------------------
Atom A          q(A)              L(A)              K(A)          K_Scaled(A)      |Mu_Intra(A)|
--------------------------------------------------------------------------------------------------
C1       -7.3393145000E-03  4.0602333922E-05  3.7712573667E+01 -3.8096679247E+01  7.7229806279E-02
C2       -2.7750701900E-02  3.8191294906E-04  3.7724781627E+01 -3.8109011546E+01  1.6783407566E-01
C3       -8.5088545400E-02 -2.2501099173E-05  3.7733967258E+01 -3.8118290733E+01  1.9642049871E-01
C4       -1.3973361500E-02  1.7909216550E-04  3.7706793958E+01 -3.8090840671E+01  1.5071617138E-01
C5       -7.7608377300E-02 -6.2594069422E-05  3.7732397740E+01 -3.8116705230E+01  1.8900548637E-01
C6       -7.1343078500E-02 -1.5344622668E-04  3.7732853060E+01 -3.8117165187E+01  1.6943752561E-01
C7       -6.7075273000E-02 -1.1355377205E-04  3.7728608722E+01 -3.8112877620E+01  1.7757027661E-01
C8        6.2080784500E-01 -9.2118348744E-05  3.7317227457E+01 -3.7697306404E+01  7.9508850005E-01
C9        1.9834230400E-02 -6.3959823947E-05  3.7689727167E+01 -3.8073600054E+01  1.6913118661E-01
C10      -2.0819204200E-02  2.3445046872E-05  3.7674068079E+01 -3.8057781476E+01  1.1115276782E-01
C11      -2.5267298400E-02  1.4426746028E-05  3.7700202887E+01 -3.8084182470E+01  1.7734621639E-01
N12      -1.2102095645E+00 -1.1573838795E-03  5.4951171825E+01 -5.5510853906E+01  3.4223262973E-01
C13       2.5515407900E-01  7.0974975245E-05  3.7555281564E+01 -3.7937785111E+01  5.2459756165E-01
C14       2.8425985960E-01 -9.6080144817E-05  3.7535499232E+01 -3.7917801295E+01  5.2858862946E-01
H15       8.8283591110E-02  9.6360259220E-05  5.8538255160E-01 -5.9134471972E-01  1.3059655079E-01
H16       7.1629342390E-02  1.5072206136E-05  5.9229607054E-01 -5.9832865340E-01  1.3554840423E-01
H17       7.1959725270E-02  2.9201872665E-05  5.7812885779E-01 -5.8401714646E-01  1.4452473410E-01
H18       4.0695204870E-02  2.3689434582E-05  5.9074871012E-01 -5.9676553299E-01  1.5176163412E-01
H19       6.0231323860E-02  1.8570367009E-05  5.8599874371E-01 -5.9196718780E-01  1.4726810829E-01
H20       6.2998465660E-02  2.3348541485E-05  5.8514489588E-01 -5.9110464346E-01  1.4634999465E-01
H21       6.9841314060E-02  2.4070235733E-05  5.7979219525E-01 -5.8569742514E-01  1.4176553354E-01
H22       6.0433230930E-02  2.4018805507E-05  5.8658567763E-01 -5.9256009969E-01  1.4092544781E-01
H23       7.2525694640E-02  2.3321840688E-05  5.7796814362E-01 -5.8385479540E-01  1.4149644666E-01
H24       7.7718422720E-02  3.2315508224E-05  5.8465693954E-01 -5.9061171724E-01  1.4005907883E-01
H25       9.8004932780E-02  6.9680359946E-06  5.7523862236E-01 -5.8109747375E-01  1.3817531996E-01
H26       7.4875786990E-02  2.6391970769E-05  5.8909761550E-01 -5.9509762184E-01  1.3729710281E-01
H27       8.1909048470E-02  3.1007337459E-05  5.8243970094E-01 -5.8837189589E-01  1.3955676510E-01
H28       7.5969988170E-02  9.0870371239E-05  5.9366888376E-01 -5.9971544884E-01  1.2728576346E-01
H29       8.1216304060E-02  2.8734967895E-05  5.8325775852E-01 -5.8919828545E-01  1.3958235516E-01
H30       5.2201711340E-02  2.1359718998E-05  5.8982136353E-01 -5.9582874130E-01  1.4740837829E-01
H31       5.9485121040E-02  2.0579457813E-05  5.8695323736E-01 -5.9293140304E-01  1.4620133089E-01
H32       5.0502703670E-02 -6.1930742815E-06  6.0148842549E-01 -6.0761463322E-01  1.3975980819E-01
H33       5.0978362690E-02  5.1220964169E-05  6.0374897865E-01 -6.0989821030E-01  1.3873681933E-01
H34       2.8951503990E-02  2.7988254481E-05  6.0112428506E-01 -6.0724678399E-01  1.4503081592E-01
H35       5.9050572680E-02  2.1070012873E-05  5.8803178673E-01 -5.9402093752E-01  1.4253285912E-01
H36       3.6489984060E-02  2.6986007703E-05  5.9739166394E-01 -6.0347614583E-01  1.4691554835E-01
--------------------------------------------------------------------------------------------------
Total     9.9953363025E-01 -3.9423005134E-04  5.5743411935E+02 -5.6311163045E+02
 
1st Largest |L(A)| = 1.1573838795E-03, atom N12     
2nd Largest |L(A)| = 3.8191294906E-04, atom C2      
 
Molecular charge q(Mol) from the wfn file:   1.0000000000E+00
Molecular energy E(Mol) from the wfn file:  -5.6311173546E+02
Molecular virial ratio (-V(Mol)/T(Mol)) from the wfn file:   2.0101850800E+00
Note.  K_Scaled(A) = (1+V(Mol)/T(Mol))*K(A) = (E(Mol)/T(Mol))*K(A)
       Only use K_Scaled(A) data with caution.
 
N_AIMInt(SumA)     =        106.000466
N_Analytic(Mol)    =        105.999983
 
G_AIMInt(SumA)     =        557.434514
G_Analytic(Mol)    =        557.434187
 
K_AIMInt(SumA)     =        557.434119
K_Analytic(Mol)    =        557.434187
 
L_AIMInt(SumA)     =         -0.000394
L_Analytic(Mol)    =          0.000000
 
VenT_AIMInt(SumA)  =      -3029.889037
VenT_Analytic(Mol) =      -3029.878726
 
Some Information About the Atomic Calculations:
----------------------------------------------
  Time(sec) = "Elapsed User Time", in Seconds, for Atom A by AIMInt and, if used, by TWOe
  NProc = Number of Processors Used for AIMInt Job
  BIM = Basin Integration Method
  OAQ = Angular Quadrature Outside of Beta Sphere
  ORQ = Multiple of Default for Radial Quadrature Outside of Beta Sphere
  IAQ = Multiple of Default for Angular Quadrature Inside of Beta Sphere
  IRQ = Multiple of Default for Radial Quadrature Inside of Beta Sphere
  MIR = Maximum Integration Radius
------------------------------------------------------------------------------------------------------
Atom A     Time(sec)   NProc      BIM          OAQ                     ORQ      IAQ      IRQ      MIR
------------------------------------------------------------------------------------------------------
C1             74        8     Proaim(5)    4500(GS4)                  1.00     1.00     1.00    13.00
C2            343        8    Promega(1)    4500(GS4)                  1.00     1.00     1.00    13.00
C3             85        8     Proaim(5)    4500(GS4)                  1.00     1.00     1.00    13.00
C4             67        8     Proaim(5)    4500(GS4)                  1.00     1.00     1.00    13.00
C5            103        8     Proaim(5)    4500(GS4)                  1.00     1.00     1.00    13.00
C6            126        8     Proaim(5)    4500(GS4)                  1.00     1.00     1.00    13.00
C7            133        8     Proaim(5)    4500(GS4)                  1.00     1.00     1.00    13.00
C8            249        8     Proaim(5)    4500(GS4)                  1.00     1.00     1.00    13.00
C9             98        8     Proaim(5)    4500(GS4)                  1.00     1.00     1.00    13.00
C10            76        8     Proaim(5)    4500(GS4)                  1.00     1.00     1.00    13.00
C11            58        8     Proaim(5)    4500(GS4)                  1.00     1.00     1.00    13.00
N12           104        8     Proaim(5)    9000(GS9)                  1.00     1.00     1.00    13.00
C13            49        8     Proaim(5)    4500(GS4)                  1.00     1.00     1.00    13.00
C14            28        8     Proaim(5)    4500(GS4)                  1.00     1.00     1.00    13.00
H15            95        8    Promega(1)    4500(GS4)                  1.00     1.00     1.00    13.00
H16            15        8     Proaim(5)    4500(GS4)                  1.00     1.00     1.00    13.00
H17             6        8     Proaim(5)    1800(GS4)                  1.00     1.00     1.00    13.00
H18             9        8     Proaim(5)    1800(GS4)                  1.00     1.00     1.00    13.00
H19             8        8     Proaim(5)    1800(GS4)                  1.00     1.00     1.00    13.00
H20             8        8     Proaim(5)    1800(GS4)                  1.00     1.00     1.00    13.00
H21             7        8     Proaim(5)    1800(GS4)                  1.00     1.00     1.00    13.00
H22            20        8     Proaim(5)    4500(GS4)                  1.00     1.00     1.00    13.00
H23             7        8     Proaim(5)    1800(GS4)                  1.00     1.00     1.00    13.00
H24             8        8     Proaim(5)    1800(GS4)                  1.00     1.00     1.00    13.00
H25            25        8     Proaim(5)    4500(GS4)                  1.00     1.00     1.00    13.00
H26             8        8     Proaim(5)    1800(GS4)                  1.00     1.00     1.00    13.00
H27             6        8     Proaim(5)    1800(GS4)                  1.00     1.00     1.00    13.00
H28            19        8     Proaim(5)    4500(GS4)                  1.00     1.00     1.00    13.00
H29             7        8     Proaim(5)    1800(GS4)                  1.00     1.00     1.00    13.00
H30             8        8     Proaim(5)    1800(GS4)                  1.00     1.00     1.00    13.00
H31             8        8     Proaim(5)    1800(GS4)                  1.00     1.00     1.00    13.00
H32            25        8     Proaim(5)    4500(GS4)                  1.00     1.00     1.00    13.00
H33            16        8     Proaim(5)    4500(GS4)                  1.00     1.00     1.00    13.00
H34            11        8     Proaim(5)    1800(GS4)                  1.00     1.00     1.00    13.00
H35             6        8     Proaim(5)    1800(GS4)                  1.00     1.00     1.00    13.00
H36             9        8     Proaim(5)    1800(GS4)                  1.00     1.00     1.00    13.00
------------------------------------------------------------------------------------------------------
Total        1924
Note:  Total wall clock time is less than total of atomic times if more than one atom
       was calculated at a time
 
Electron Density Critical Point Analysis of Molecular Structure:               
---------------------------------------------------------------                
  NACP = Nuclear Attractor Critical Point                                      
  NNACP = Non-Nuclear Attractor Critical Point                                 
  BCP = Bond Critical Point                                                    
  RCP = Ring Critical Point                                                    
  CCP = Cage Critical Point                                                    
  Rho = Electron Density                                                       
  GradRho = Gradient of Electron Density                                       
  HessRho_EigVals = Eigenvalues of the Hessian of Rho, Ascending Order         
  HessRho_EigVecs = Eigenvectors of the Hessian of Rho                         
  DelSqRho = Laplacian of Rho = Trace of Hessian of Rho                        
  Bond Ellipticity = (HessRho_EigVal(1) / HessRho_EigVal(2)) - 1               
  V = Virial Field = Potential Energy Density = Trace of Stress Tensor         
  G = Lagrangian Form of Kinetic Energy Density                                
  K = Hamiltonian Form of Kinetic Energy Density                               
  L = K - G = Lagrangian Density = (-1/4)DelSqRho                              
  Vnuc = Electrostatic Potential from Nuclei                                   
  Ven = Electron-nuclear attractive contribution to Virial Field V             
  Vrep = V - Ven = Repulsive contribution to Virial Field V                    
  DelSqV = Laplacian of V                                                      
  DelSqVen = Laplacian of Ven                                                  
  DelSqVrep = Laplacian of Vrep                                                
  DelSqG = Laplacian of G                                                      
  DelSqK = Laplacian of K                                                      
  Stress_EigVals = Eigenvalues of Stress Tensor, Ascending Order               
  Stress_EigVecs = Eigenvectors of Stress Tensor                               
  -DivStress = Ehrenfest Force Density = Minus Divergence of Stress Tensor     
  ESP = Total Electrostatic Potential                                          
  ESPe = Electrostatic Potential from Electrons                                
  ESPn = Electrostatic Potential from Nuclei                                   
  BP = Bond Path                                                               
  BPL = Bond Path Length                                                       
  GBL = Geometric Bond Length                                                  
  GBL_I = Distance Between Nuclear Attractors                                  
  GBL_II = Distance Between Nuclei                                             
  GBL_III = Sum of Distances Between BCP and Nuclear Attractors                
  GBL_IV = Sum of Distances Between BCP and Nuclei                             

CP# 1      Coords = -1.36912714016875E+00  4.11983536913786E+00 -5.46061295418701E-02
           Type = (3,-3) NACP C1
           Rho =  1.1775017326E+02     Rho at Nucleus =  1.1775017324E+02
           GradRho = -1.8888467450E-12 -3.4475826485E-11 -9.9989077348E-12
           HessRho_EigVals = -1.4508910819E+05 -1.4508660818E+05 -1.4508658861E+05
           HessRho_EigVec1 =  3.5365994852E-01 -4.8407926373E-02  9.3412060971E-01
           HessRho_EigVec2 =  9.0572393708E-01  2.6717291186E-01 -3.2906349686E-01
           HessRho_EigVec3 = -2.3364244179E-01  9.6243197569E-01  1.3833257591E-01
           DelSqRho = -4.3526230498E+05
           Bond Ellipticity = NA
           V = -1.0882561393E+05
           G =  5.0188401685E+00
           K =  1.0882059509E+05
           L =  1.0881557624E+05
           Vnuc =  1.3657153768E+07
           Ven = -1.6081322224E+09
           Vrep =  1.6080233968E+09
           DelSqV =  2.4966746943E+09
           DelSqVen =  5.9444442235E+12
           DelSqVrep = -5.9419475488E+12
           DelSqG =  1.3410158409E+08
           DelSqK = -2.6307762784E+09
           Stress_EigVals = -3.6275548891E+04 -3.6275473079E+04 -3.6274591955E+04
           Stress_EigVec1 = -1.7726321804E-01  9.7687228274E-01  1.1957547720E-01
           Stress_EigVec2 =  9.1971045335E-01  2.0767321111E-01 -3.3317340738E-01
           Stress_EigVec3 =  3.5030049034E-01 -5.0915425992E-02  9.3525247172E-01
           -DivStress = -1.9382193137E+02 -2.2928865174E+02  2.0487573643E+02
           ESP =  -1.4558112138E+01     ESP at Nucleus =  -1.4558112139E+01
           ESPe = -3.1368220553E+01     ESPe at Nucleus = -3.1368220798E+01
           ESPn =  1.6810108415E+01     ESPn at Nucleus =  1.6810108660E+01

CP# 2      Coords = -1.30119432934373E+00  1.56862794562559E+00 -2.58441390124830E-01
           Type = (3,-3) NACP C2
           Rho =  1.1763852568E+02     Rho at Nucleus =  1.1763852517E+02
           GradRho = -3.5474532536E-09 -2.0065383996E-09  1.0641134071E-09
           HessRho_EigVals = -1.4495327422E+05 -1.4495309614E+05 -1.4495245002E+05
           HessRho_EigVec1 =  4.4796137933E-01 -1.0390605987E-02  8.9399252678E-01
           HessRho_EigVec2 =  6.9221341871E-01  6.3687760829E-01 -3.3945175654E-01
           HessRho_EigVec3 = -5.6583671283E-01  7.7089490033E-01  2.9248908877E-01
           DelSqRho = -4.3485882038E+05
           Bond Ellipticity = NA
           V = -1.0872515020E+05
           G =  5.2225521971E+00
           K =  1.0871992765E+05
           L =  1.0871470509E+05
           Vnuc =  2.2596939926E+06
           Ven = -2.6582706978E+08
           Vrep =  2.6571834463E+08
           DelSqV =  2.4943792348E+09
           DelSqVen =  9.8264785306E+11
           DelSqVrep = -9.8015347382E+11
           DelSqG =  1.3398103146E+08
           DelSqK = -2.6283602663E+09
           Stress_EigVals = -3.6241960613E+04 -3.6241758845E+04 -3.6241430741E+04
           Stress_EigVec1 = -4.6119245027E-01  8.5324547567E-01  2.4346186984E-01
           Stress_EigVec2 =  8.1095837084E-01  5.1668012199E-01 -2.7456906655E-01
           Stress_EigVec3 =  3.6006672240E-01 -7.0808260760E-02  9.3023553234E-01
           -DivStress =  1.8192096177E+03  1.0146594373E+03 -5.5455777903E+02
           ESP =  -1.4578166940E+01     ESP at Nucleus =  -1.4578166968E+01
           ESPe = -3.3248374628E+01     ESPe at Nucleus = -3.3248373083E+01
           ESPn =  1.8670207688E+01     ESPn at Nucleus =  1.8670206115E+01

CP# 3      Coords =  5.85083241401539E+00 -2.68289406190403E+00  1.29162715370646E+00
           Type = (3,-3) NACP C3
           Rho =  1.1768459956E+02     Rho at Nucleus =  1.1768459943E+02
           GradRho = -5.4616013968E-11  2.4285119900E-10  4.8920511831E-10
           HessRho_EigVals = -1.4501416835E+05 -1.4501344823E+05 -1.4501309403E+05
           HessRho_EigVec1 =  9.8329452192E-01 -1.7243324230E-01  5.8298028363E-02
           HessRho_EigVec2 =  1.4806153015E-01  9.4400224050E-01  2.9485174788E-01
           HessRho_EigVec3 = -1.0587571228E-01 -2.8129441318E-01  9.5376296147E-01
           DelSqRho = -4.3504071062E+05
           Bond Ellipticity = NA
           V = -1.0877041033E+05
           G =  5.1163399079E+00
           K =  1.0876529399E+05
           L =  1.0876017765E+05
           Vnuc =  4.5163985654E+06
           Ven = -5.3151055661E+08
           Vrep =  5.3140178620E+08
           DelSqV =  2.4954193287E+09
           DelSqVen =  1.9648173179E+12
           DelSqVrep = -1.9623218986E+12
           DelSqG =  1.3404058986E+08
           DelSqK = -2.6294599186E+09
           Stress_EigVals = -3.6257076761E+04 -3.6256872611E+04 -3.6256460963E+04
           Stress_EigVec1 = -1.1100556662E-01 -4.8101336075E-01  8.6965735262E-01
           Stress_EigVec2 =  1.5844875097E-01  8.5530616389E-01  4.9330047570E-01
           Stress_EigVec3 =  9.8110741384E-01 -1.9255522011E-01  1.8727779146E-02
           -DivStress =  5.5663887164E+01 -4.7380069494E+02 -9.6832915541E+02
           ESP =  -1.4644706008E+01     ESP at Nucleus =  -1.4644706022E+01
           ESPe = -3.0444936165E+01     ESPe at Nucleus = -3.0444936487E+01
           ESPn =  1.5800230157E+01     ESPn at Nucleus =  1.5800230465E+01

CP# 4      Coords =  6.47298030732634E+00 -1.85988277635934E-01  2.50928583026888E+00
           Type = (3,-3) NACP C4
           Rho =  1.1754052923E+02     Rho at Nucleus =  1.1754052922E+02
           GradRho = -4.8704263777E-11 -7.7625205483E-13 -2.8428930298E-11
           HessRho_EigVals = -1.4483723711E+05 -1.4483705011E+05 -1.4483685092E+05
           HessRho_EigVec1 =  2.3843568394E-01  9.4910601379E-01 -2.0578192148E-01
           HessRho_EigVec2 =  9.4797534414E-01 -2.7348077375E-01 -1.6294481673E-01
           HessRho_EigVec3 =  2.1092930459E-01  1.5622432901E-01  9.6493667538E-01
           DelSqRho = -4.3451113814E+05
           Bond Ellipticity = NA
           V = -1.0863824971E+05
           G =  5.2325898217E+00
           K =  1.0863301712E+05
           L =  1.0862778453E+05
           Vnuc =  1.6088998305E+07
           Ven = -1.8911093756E+09
           Vrep =  1.8910007374E+09
           DelSqV =  2.4924000580E+09
           DelSqVen =  6.9908606484E+12
           DelSqVrep = -6.9883690348E+12
           DelSqG =  1.3387835362E+08
           DelSqK = -2.6262784116E+09
           Stress_EigVals = -3.6212821816E+04 -3.6212766932E+04 -3.6212660966E+04
           Stress_EigVec1 =  1.7555543244E-01  1.7242151785E-01  9.6925286191E-01
           Stress_EigVec2 =  9.5660582894E-01 -2.6245728433E-01 -1.2657591374E-01
           Stress_EigVec3 =  2.3256306279E-01  9.4941402670E-01 -2.1101523106E-01
           -DivStress =  2.5292119158E+02  3.1402714448E+01  1.6456405941E+02
           ESP =  -1.4635440500E+01     ESP at Nucleus =  -1.4635440500E+01
           ESPe = -3.0126814003E+01     ESPe at Nucleus = -3.0126813497E+01
           ESPn =  1.5491373503E+01     ESPn at Nucleus =  1.5491372997E+01

CP# 5      Coords =  6.83741522757969E+00  1.55331142779481E+00  2.85944562124846E-01
           Type = (3,-3) NACP C5
           Rho =  1.1768359252E+02     Rho at Nucleus =  1.1768359237E+02
           GradRho = -9.6847809286E-11 -9.9928750170E-12  6.3416577111E-10
           HessRho_EigVals = -1.4501173603E+05 -1.4501100469E+05 -1.4501063004E+05
           HessRho_EigVec1 =  9.6903423676E-01 -2.4057097988E-01  5.5661940503E-02
           HessRho_EigVec2 =  2.0884662996E-01  6.7823320363E-01 -7.0454439651E-01
           HessRho_EigVec3 =  1.3174115961E-01  6.9435245023E-01  7.0747363324E-01
           DelSqRho = -4.3503337076E+05
           Bond Ellipticity = NA
           V = -1.0876857538E+05
           G =  5.1163470343E+00
           K =  1.0876345904E+05
           L =  1.0875834269E+05
           Vnuc =  4.2242392899E+06
           Ven = -4.9712365530E+08
           Vrep =  4.9701488672E+08
           DelSqV =  2.4953760616E+09
           DelSqVen =  1.8376850801E+12
           DelSqVrep = -1.8351897040E+12
           DelSqG =  1.3403716195E+08
           DelSqK = -2.6294132235E+09
           Stress_EigVals = -3.6256471017E+04 -3.6256259569E+04 -3.6255844797E+04
           Stress_EigVec1 =  1.8874653864E-01  8.0538597179E-01  5.6189694837E-01
           Stress_EigVec2 = -1.5376454482E-01 -5.4088601724E-01  8.2692126657E-01
           Stress_EigVec3 =  9.6991299038E-01 -2.4247835530E-01  2.1749443802E-02
           -DivStress =  1.2069298748E+02  1.6168415530E+01 -1.1480802393E+03
           ESP =  -1.4646497798E+01     ESP at Nucleus =  -1.4646497813E+01
           ESPe = -3.0316163340E+01     ESPe at Nucleus = -3.0316163537E+01
           ESPn =  1.5669665541E+01     ESPn at Nucleus =  1.5669665724E+01

CP# 6      Coords =  5.91177634678538E+00 -2.40835233436068E+00 -1.24871218810663E+00
           Type = (3,-3) NACP C6
           Rho =  1.1769082746E+02     Rho at Nucleus =  1.1769082733E+02
           GradRho = -3.4873558902E-11  2.1737289356E-10 -4.7258295649E-10
           HessRho_EigVals = -1.4502046700E+05 -1.4501957101E+05 -1.4501927773E+05
           HessRho_EigVec1 =  9.7933173831E-01 -1.9944992751E-01 -3.3601677990E-02
           HessRho_EigVec2 =  1.9329317813E-01  9.7182516957E-01 -1.3488360567E-01
           HessRho_EigVec3 =  5.9557481783E-02  1.2560082088E-01  9.9029154301E-01
           DelSqRho = -4.3505931575E+05
           Bond Ellipticity = NA
           V = -1.0877507269E+05
           G =  5.1218788421E+00
           K =  1.0876995082E+05
           L =  1.0876482894E+05
           Vnuc =  4.5726436860E+06
           Ven = -5.3815821908E+08
           Vrep =  5.3804944401E+08
           DelSqV =  2.4955242137E+09
           DelSqVen =  1.9893709701E+12
           DelSqVrep = -1.9868754459E+12
           DelSqG =  1.3404483788E+08
           DelSqK = -2.6295690516E+09
           Stress_EigVals = -3.6258626496E+04 -3.6258458257E+04 -3.6257987941E+04
           Stress_EigVec1 =  7.2227283754E-02  2.9550582500E-01  9.5260670104E-01
           Stress_EigVec2 =  1.9074535639E-01  9.3337978283E-01 -3.0400393093E-01
           Stress_EigVec3 =  9.7897876815E-01 -2.0366268288E-01 -1.1049122518E-02
           -DivStress =  1.5028990193E+02 -4.6310785307E+02  9.4439992339E+02
           ESP =  -1.4643643662E+01     ESP at Nucleus =  -1.4643643677E+01
           ESPe = -3.0567118496E+01     ESPe at Nucleus = -3.0567119051E+01
           ESPn =  1.5923474834E+01     ESPn at Nucleus =  1.5923475374E+01

CP# 7      Coords =  6.51871248244891E+00  2.30501668382594E-01 -1.87572651113291E+00
           Type = (3,-3) NACP C7
           Rho =  1.1768465358E+02     Rho at Nucleus =  1.1768465344E+02
           GradRho = -1.9923086965E-10 -5.0784406997E-10 -3.1852228472E-10
           HessRho_EigVals = -1.4501157004E+05 -1.4501070890E+05 -1.4501037391E+05
           HessRho_EigVec1 =  9.6659325951E-01 -2.5590260446E-01 -1.4537114377E-02
           HessRho_EigVec2 =  2.4454388390E-01  9.3770821671E-01 -2.4678247338E-01
           HessRho_EigVec3 =  7.6783849270E-02  2.3498331292E-01  9.6896185845E-01
           DelSqRho = -4.3503265285E+05
           Bond Ellipticity = NA
           V = -1.0876840918E+05
           G =  5.1229853029E+00
           K =  1.0876328620E+05
           L =  1.0875816321E+05
           Vnuc =  4.2424439585E+06
           Ven = -4.9927054760E+08
           Vrep =  4.9916177919E+08
           DelSqV =  2.4953705895E+09
           DelSqVen =  1.8456015503E+12
           DelSqVrep = -1.8431061961E+12
           DelSqG =  1.3403537205E+08
           DelSqK = -2.6294059616E+09
           Stress_EigVals = -3.6256412699E+04 -3.6256228193E+04 -3.6255768290E+04
           Stress_EigVec1 =  3.0689157876E-02  1.1479601467E-01  9.9291492617E-01
           Stress_EigVec2 =  2.4304853862E-01  9.6270980071E-01 -1.1881602368E-01
           Stress_EigVec3 =  9.6952853669E-01 -2.4497288549E-01 -1.6437494585E-03
           -DivStress =  3.8277181817E+02  9.2292629165E+02  5.6338927688E+02
           ESP =  -1.4646053872E+01     ESP at Nucleus =  -1.4646053888E+01
           ESPe = -3.0412006957E+01     ESPe at Nucleus = -3.0412007225E+01
           ESPn =  1.5765953085E+01     ESPn at Nucleus =  1.5765953338E+01

CP# 8      Coords = -3.39965150554936E+00 -7.96519228366690E-02  3.58407464079459E-01
           Type = (3,-3) NACP C8
           Rho =  1.1769759621E+02     Rho at Nucleus =  1.1769759520E+02
           GradRho = -3.6088763271E-12  3.0227282808E-13  2.1818358210E-12
           HessRho_EigVals = -1.4500746981E+05 -1.4500577408E+05 -1.4500474252E+05
           HessRho_EigVec1 =  3.9572249417E-01 -1.8019056724E-01  9.0051933188E-01
           HessRho_EigVec2 = -1.5713961763E-02  9.7909042808E-01  2.0281766453E-01
           HessRho_EigVec3 =  9.1823568816E-01  9.4410238418E-02 -3.8461659854E-01
           DelSqRho = -4.3501798641E+05
           Bond Ellipticity = NA
           V = -1.0876447803E+05
           G =  4.9907153737E+00
           K =  1.0875948732E+05
           L =  1.0875449660E+05
           Vnuc =  1.6059977979E+06
           Ven = -1.8902208033E+08
           Vrep =  1.8891331585E+08
           DelSqV =  2.4952599214E+09
           DelSqVen =  6.9863793254E+11
           DelSqVrep = -6.9614267262E+11
           DelSqG =  1.3400951276E+08
           DelSqK = -2.6292694341E+09
           Stress_EigVals = -3.6255212739E+04 -3.6254986357E+04 -3.6254278937E+04
           Stress_EigVec1 =  9.1624876900E-01  1.4488295858E-01 -3.7349313464E-01
           Stress_EigVec2 = -6.3968152673E-02  9.7326105584E-01  2.2061503266E-01
           Stress_EigVec3 =  3.9546968121E-01 -1.7824658624E-01  9.0101713954E-01
           -DivStress = -3.1982573405E+02  2.9314947892E+03  7.0177845200E+02
           ESP =  -1.4493228543E+01     ESP at Nucleus =  -1.4493228603E+01
           ESPe = -3.3975971744E+01     ESPe at Nucleus = -3.3975969959E+01
           ESPn =  1.9482743201E+01     ESPn at Nucleus =  1.9482741356E+01

CP# 9      Coords = -5.76346534723221E+00  9.73213859219597E-01  1.57296989823878E+00
           Type = (3,-3) NACP C9
           Rho =  1.1753884733E+02     Rho at Nucleus =  1.1753884681E+02
           GradRho =  2.7355772720E-09 -1.5892554465E-09 -3.0098176712E-09
           HessRho_EigVals = -1.4484236012E+05 -1.4484174678E+05 -1.4484134609E+05
           HessRho_EigVec1 =  8.5092799601E-01 -3.8363870654E-01 -3.5880759253E-01
           HessRho_EigVec2 =  3.2721139586E-01 -1.4722654062E-01  9.3341151062E-01
           HessRho_EigVec3 =  4.1091878520E-01  9.1167191938E-01 -2.5177150442E-04
           DelSqRho = -4.3452545299E+05
           Bond Ellipticity = NA
           V = -1.0864185199E+05
           G =  5.2443701295E+00
           K =  1.0863660762E+05
           L =  1.0863136325E+05
           Vnuc =  2.2395795470E+06
           Ven = -2.6323759846E+08
           Vrep =  2.6312895661E+08
           DelSqV =  2.4924895961E+09
           DelSqVen =  9.7315432243E+11
           DelSqVrep = -9.7066183284E+11
           DelSqG =  1.3388956227E+08
           DelSqK = -2.6263791584E+09
           Stress_EigVals = -3.6214094748E+04 -3.6213969431E+04 -3.6213787808E+04
           Stress_EigVec1 =  3.9519132432E-01  9.1835906981E-01 -2.0986568979E-02
           Stress_EigVec2 =  2.4735996209E-01 -8.4386813341E-02  9.6524189449E-01
           Stress_EigVec3 =  8.8466765869E-01 -3.8664645948E-01 -2.6051420122E-01
           -DivStress = -1.3368409989E+03  7.8416905959E+02  1.5197596946E+03
           ESP =  -1.4572234595E+01     ESP at Nucleus =  -1.4572234623E+01
           ESPe = -3.1254173574E+01     ESPe at Nucleus = -3.1254169525E+01
           ESPn =  1.6681938979E+01     ESPn at Nucleus =  1.6681934902E+01

CP# 10     Coords = -7.85208225670754E+00  1.60975788298745E+00 -3.66101733654240E-01
           Type = (3,-3) NACP C10
           Rho =  1.1752446197E+02     Rho at Nucleus =  1.1752446153E+02
           GradRho =  2.5779020480E-09 -1.0067172477E-09  1.9366214789E-09
           HessRho_EigVals = -1.4481882700E+05 -1.4481804794E+05 -1.4481795858E+05
           HessRho_EigVec1 =  7.1959061283E-01 -2.2306796449E-01  6.5759412493E-01
           HessRho_EigVec2 =  2.5670304031E-01  9.6536788505E-01  4.6566034953E-02
           HessRho_EigVec3 = -6.4520764024E-01  1.3529792953E-01  7.5193189269E-01
           DelSqRho = -4.3445483353E+05
           Bond Ellipticity = NA
           V = -1.0862415764E+05
           G =  5.2246310428E+00
           K =  1.0861893301E+05
           L =  1.0861370838E+05
           Vnuc =  2.4319610350E+06
           Ven = -2.8581491216E+08
           Vrep =  2.8570628800E+08
           DelSqV =  2.4920794700E+09
           DelSqVen =  1.0565771849E+12
           DelSqVrep = -1.0540851054E+12
           DelSqG =  1.3386246664E+08
           DelSqK = -2.6259419366E+09
           Stress_EigVals = -3.6208153130E+04 -3.6208127547E+04 -3.6207876967E+04
           Stress_EigVec1 = -6.4422401399E-01  1.3586226503E-01  7.5267314602E-01
           Stress_EigVec2 =  2.5968496322E-01  9.6449117897E-01  4.8171418615E-02
           Stress_EigVec3 =  7.1940193194E-01 -2.2649108290E-01  6.5662976607E-01
           -DivStress = -1.5180654762E+03  5.9640802554E+02 -1.1592282119E+03
           ESP =  -1.4601105638E+01     ESP at Nucleus =  -1.4601105660E+01
           ESPe = -2.8775872746E+01     ESPe at Nucleus = -2.8775869015E+01
           ESPn =  1.4174767108E+01     ESPn at Nucleus =  1.4174763355E+01

CP# 11     Coords =  7.66572249295772E-01  5.81556743466204E+00 -7.40944168202358E-01
           Type = (3,-3) NACP C11
           Rho =  1.1751934213E+02     Rho at Nucleus =  1.1751934176E+02
           GradRho = -2.2912322421E-09 -1.0948662445E-09  6.6969870914E-10
           HessRho_EigVals = -1.4481231945E+05 -1.4481183505E+05 -1.4481158873E+05
           HessRho_EigVec1 =  7.6194405944E-01  6.0160145314E-01 -2.3982689979E-01
           HessRho_EigVec2 =  3.2673129568E-01 -3.7339318075E-02  9.4437939185E-01
           HessRho_EigVec3 = -5.5918504155E-01  7.9792322119E-01  2.2501249386E-01
           DelSqRho = -4.3443574324E+05
           Bond Ellipticity = NA
           V = -1.0861953673E+05
           G =  5.3004582895E+00
           K =  1.0861423627E+05
           L =  1.0860893581E+05
           Vnuc =  2.6419708813E+06
           Ven = -3.1048267990E+08
           Vrep =  3.1037406036E+08
           DelSqV =  2.4919724885E+09
           DelSqVen =  1.1477665219E+12
           DelSqVrep = -1.1452745412E+12
           DelSqG =  1.3385662968E+08
           DelSqK = -2.6258291182E+09
           Stress_EigVals = -3.6206613762E+04 -3.6206534478E+04 -3.6206388487E+04
           Stress_EigVec1 = -5.6628236343E-01  7.9472630808E-01  2.1848199038E-01
           Stress_EigVec2 =  3.2559406588E-01 -2.7819911009E-02  9.4510028929E-01
           Stress_EigVec3 =  7.5717421320E-01  6.0633006506E-01 -2.4300424495E-01
           -DivStress =  1.6157220186E+03  7.5076347161E+02 -4.7211186339E+02
           ESP =  -1.4606547938E+01     ESP at Nucleus =  -1.4606547956E+01
           ESPe = -2.9084485356E+01     ESPe at Nucleus = -2.9084482853E+01
           ESPn =  1.4477937418E+01     ESPn at Nucleus =  1.4477934897E+01

CP# 12     Coords = -3.24563098289664E+00 -2.50652375420269E+00 -2.00534488106192E-01
           Type = (3,-3) NACP N12
           Rho =  1.9058701785E+02     Rho at Nucleus =  1.9058701785E+02
           GradRho = -2.6529346428E-11  3.2570127259E-11  1.6448488621E-12
           HessRho_EigVals = -3.2063304968E+05 -3.2063262054E+05 -3.2062850488E+05
           HessRho_EigVec1 =  2.9790307585E-02  9.7923630676E-01  2.0052130334E-01
           HessRho_EigVec2 =  9.1834573534E-01  5.2393753636E-02 -3.9229581308E-01
           HessRho_EigVec3 =  3.9465636692E-01 -1.9583449670E-01  8.9771666017E-01
           DelSqRho = -9.6189417510E+05
           Bond Ellipticity = NA
           V = -2.4050824915E+05
           G =  1.7352684993E+01
           K =  2.4049089646E+05
           L =  2.4047354378E+05
           Vnuc =  5.9659853108E+07
           Ven = -1.1370393489E+10
           Vrep =  1.1370152981E+10
           DelSqV =  7.5515278738E+09
           DelSqVen =  5.7387742396E+13
           DelSqVrep = -5.7380190869E+13
           DelSqG =  4.0464359465E+08
           DelSqK = -7.9561714684E+09
           Stress_EigVals = -8.0169907706E+04 -8.0169192554E+04 -8.0169148885E+04
           Stress_EigVec1 =  3.9314699179E-01 -1.9860738453E-01  8.9776976428E-01
           Stress_EigVec2 =  1.1448210351E-01 -9.5822227553E-01 -2.6211432364E-01
           Stress_EigVec3 =  9.1232082670E-01  2.0582802892E-01 -3.5398521394E-01
           -DivStress =  2.4835876647E+02 -1.1708353745E+02  1.9763118331E+01
           ESP =  -1.8104652937E+01     ESP at Nucleus =  -1.8104652938E+01
           ESPe = -3.6434143611E+01     ESPe at Nucleus = -3.6434143586E+01
           ESPn =  1.8329490673E+01     ESPn at Nucleus =  1.8329490648E+01

CP# 13     Coords = -1.00163890067342E+00 -3.61062667891641E+00 -1.46048846217156E+00
           Type = (3,-3) NACP C13
           Rho =  1.1753841167E+02     Rho at Nucleus =  1.1753840921E+02
           GradRho =  5.6182211661E-12  2.1723655860E-12  1.1132074429E-11
           HessRho_EigVals = -1.4483211936E+05 -1.4483011512E+05 -1.4482993824E+05
           HessRho_EigVec1 =  7.6062592562E-01 -4.4947747960E-01 -4.6842096090E-01
           HessRho_EigVec2 =  1.8409634141E-01 -5.4258484876E-01  8.1957929389E-01
           HessRho_EigVec3 =  6.2254055157E-01  7.0962784418E-01  3.2995694328E-01
           DelSqRho = -4.3449217272E+05
           Bond Ellipticity = NA
           V = -1.0863355146E+05
           G =  5.2541373996E+00
           K =  1.0862829732E+05
           L =  1.0862304318E+05
           Vnuc =  1.0295907225E+06
           Ven = -1.2101645819E+08
           Vrep =  1.2090782464E+08
           DelSqV =  2.4922878706E+09
           DelSqVen =  4.4734911334E+11
           DelSqVrep = -4.4485682496E+11
           DelSqG =  1.3386926496E+08
           DelSqK = -2.6261571355E+09
           Stress_EigVals = -3.6211412839E+04 -3.6211365332E+04 -3.6210773285E+04
           Stress_EigVec1 =  6.1916017210E-01  7.0879169375E-01  3.3801629568E-01
           Stress_EigVec2 =  1.8161062868E-01 -5.4802894235E-01  8.1650588357E-01
