AIMSum (Version 19.02.13, Professional)
Copyright (c) 1997-2019 by Todd A. Keith
AIMSum is a component of the AIMAll package ( http://aim.tkgristmill.com )

TP:  64-bit Linux

Much of the Quantum Theory of Atoms in Molecules (QTAIM) is described in the book:
  "Atoms in Molecules - A Quantum Theory"
  R.F.W. Bader, Oxford University Press, Oxford, 1990

For additional references see:  http://aim.tkgristmill.com/references.html

Wfn File:  /home/mhennefarth/Documents/ML_Diels/summary-gordillo2006/10atn-opt/10atn-opt.wfn
Sum File:  /home/mhennefarth/Documents/ML_Diels/summary-gordillo2006/10atn-opt/10atn-opt.sum

SumViz File:  /home/mhennefarth/Documents/ML_Diels/summary-gordillo2006/10atn-opt/10atn-opt.sumviz

Wfn Title:   Title Card Required                                                           
 
Total memory allocated for AIMSum =        2.098 Megabytes

Atomic units (a.u.) used throughout, except where stated otherwise

Model:  Restricted SCF
 
Restricted, closed-shell, single-determinant wavefunction.
  Number of electrons (from MO Occs)                   =         106.0000000000
  Number of Alpha electrons (from MO Occs)             =          53.0000000000
  Number of Beta electrons (from MO Occs)              =          53.0000000000
  Number of electron pairs (N*(N-1)/2)                 =        5565.0000000000
  Number of electron pairs (from Muller 2EDM)          =        5565.0000000000
 
Nuclear Charges and Cartesian Coordinates:
-------------------------------------------------------------------------------
Atom      Charge                X                  Y                  Z
-------------------------------------------------------------------------------
C1         6.0          -8.0685677000E-01   3.7940213500E+00  -7.1533532000E-01
C2         6.0           7.5208704000E-01   1.9858123900E+00  -1.6404207400E+00
C3         6.0          -3.5760688100E+00  -3.5708339200E+00  -4.9958309000E-01
C4         6.0          -5.4768868500E+00  -1.5784561100E+00  -1.2154319600E+00
C5         6.0          -5.7499330100E+00  -5.1155540000E-02   1.1693930400E+00
C6         6.0          -2.9335838100E+00  -3.2664938600E+00   1.9566875300E+00
C7         6.0          -4.2870780500E+00  -1.0797166500E+00   2.9958167400E+00
C8         6.0           2.3464181600E+00   3.7377545000E-01  -1.1011165000E-01
C9         6.0           2.6530410100E+00   8.7791420000E-01   2.6802198100E+00
C10        6.0           4.6679736700E+00   2.9112698000E+00   3.2536268800E+00
C11        6.0          -2.3224079500E+00   5.5421628900E+00  -2.3192226000E+00
N12        7.0           3.6382079900E+00  -1.4631230700E+00  -1.2018038600E+00
C13        6.0           5.5370969600E+00  -3.0215795300E+00   1.1386125000E-01
C14        6.0           3.2071907900E+00  -2.2012001300E+00  -3.8605601700E+00
H15        1.0          -4.8979007100E+00  -4.4185723000E-01  -2.8574731000E+00
H16        1.0          -7.2911076600E+00  -2.4451115700E+00  -1.7523223000E+00
H17        1.0          -9.9723156000E-01   4.0579639500E+00   1.3118337800E+00
H18        1.0           8.6204467000E-01   1.7820593400E+00  -3.6768392800E+00
H19        1.0          -7.0280797500E+00   1.5371443400E+00   1.3718035900E+00
H20        1.0          -2.9668458400E+00  -5.0735741200E+00  -1.7527305600E+00
H21        1.0           4.7089883000E+00  -4.8429903800E+00   6.4352421000E-01
H22        1.0           7.1063577600E+00  -3.3527366500E+00  -1.1849921700E+00
H23        1.0           6.2668970400E+00  -2.0734834600E+00   1.7823510700E+00
H24        1.0           4.0871981100E+00  -8.4683734000E-01  -5.1520789400E+00
H25        1.0           4.0568439300E+00  -4.0525484400E+00  -4.1631712500E+00
H26        1.0           1.1839409600E+00  -2.3342710000E+00  -4.2354673800E+00
H27        1.0          -2.0855487300E+00   5.1803744100E+00  -4.3391967000E+00
H28        1.0          -4.3335694400E+00   5.3960680400E+00  -1.8362640400E+00
H29        1.0          -1.7806978500E+00   7.5076522200E+00  -1.9269963800E+00
H30        1.0          -1.6862637700E+00  -4.4791475100E+00   3.0443761000E+00
H31        1.0          -4.1653217400E+00  -4.5835189000E-01   4.9467635200E+00
H32        1.0           8.2308724000E-01   1.4878481300E+00   3.4148083200E+00
H33        1.0           3.0911573700E+00  -8.7427997000E-01   3.6781800200E+00
H34        1.0           4.1986553500E+00   4.7067806900E+00   2.3442936200E+00
H35        1.0           4.7651377800E+00   3.2242096200E+00   5.2937059900E+00
H36        1.0           6.5488482900E+00   2.3438282500E+00   2.6048805700E+00
 
Some Atomic Properties:
----------------------
  q(A) = Net Charge of Atom A
  L(A) = Lagrangian of Atom A = -(1/4) Times Atomic Integral of the Laplacian of the Electron Density
  K(A) = Electronic Kinetic Energy of Atom A (Hamiltonian Form)
  K_Scaled(A) = K(A) * E(Mol)/K(Mol) = Approximation to Virial-Based Total Energy of Atom A.
  |Mu_Intra(A)| = Magnitude of Intraatomic Dipole Moment of Atom A
--------------------------------------------------------------------------------------------------
Atom A          q(A)              L(A)              K(A)          K_Scaled(A)      |Mu_Intra(A)|
--------------------------------------------------------------------------------------------------
C1       -2.7815155000E-03 -7.7551676811E-06  3.7708845766E+01 -3.8092960890E+01  8.2305851257E-02
C2       -2.1028312600E-02 -8.4226227818E-05  3.7721403447E+01 -3.8105646488E+01  1.5527594387E-01
C3       -8.1595731700E-02  2.3401696930E-04  3.7731461720E+01 -3.8115807218E+01  1.8940459534E-01
C4       -1.2109655900E-02  1.3535603970E-04  3.7706820405E+01 -3.8090914898E+01  1.5510769600E-01
C5       -7.5369110200E-02 -5.5299270599E-05  3.7731689578E+01 -3.8116037397E+01  1.8934104829E-01
C6       -6.5412618200E-02  3.0405208509E-04  3.7730537945E+01 -3.8114874033E+01  1.6476670743E-01
C7       -6.3249692500E-02  7.7265268791E-05  3.7730053611E+01 -3.8114384766E+01  1.7623054113E-01
C8        6.2640680900E-01  2.6486601657E-04  3.7317346016E+01 -3.7697473191E+01  7.8895118604E-01
C9        2.1709998700E-02  2.5618169584E-04  3.7691961692E+01 -3.8075904829E+01  1.7573059493E-01
C10      -2.0530120200E-02  1.2882938287E-04  3.7674108518E+01 -3.8057869796E+01  1.1048331451E-01
C11      -2.0544777500E-02 -1.7875197665E-05  3.7695234455E+01 -3.8079210930E+01  1.6185661087E-01
N12      -1.2089748369E+00  6.9869364998E-05  5.4954456724E+01 -5.5514241505E+01  3.3968897911E-01
C13       2.8367596720E-01 -2.8561181412E-05  3.7534099397E+01 -3.7916434495E+01  5.2673495750E-01
C14       2.7219355740E-01 -8.7940233033E-05  3.7541733467E+01 -3.7924146328E+01  5.2395332673E-01
H15       3.8388266300E-02  3.3098296092E-05  5.9196500166E-01 -5.9799495843E-01  1.4994128132E-01
H16       7.5779656250E-02  2.2836909997E-05  5.7648678656E-01 -5.8235907698E-01  1.4378070656E-01
H17       7.8224615520E-02  4.0877456298E-05  5.8983215364E-01 -5.9584038450E-01  1.3564212628E-01
H18       6.5244222950E-02  9.3879401729E-05  5.9511906465E-01 -6.0118114979E-01  1.3823525652E-01
H19       6.5649372490E-02  1.6622480444E-05  5.8411456056E-01 -5.9006455007E-01  1.4573308044E-01
H20       5.6885187230E-02  2.2983862965E-05  5.8723834404E-01 -5.9322015348E-01  1.4774991831E-01
H21       7.9174860030E-02  2.5060561549E-05  5.8230171815E-01 -5.8823324143E-01  1.4072172724E-01
H22       7.9308290600E-02  3.5169816822E-05  5.8550859101E-01 -5.9147278059E-01  1.3894497553E-01
H23       7.5659040610E-02  1.2199525076E-05  5.9249931001E-01 -5.9853470944E-01  1.2997352700E-01
H24       7.7657653210E-02  2.8782790506E-05  5.8368539293E-01 -5.8963101080E-01  1.3990957457E-01
H25       7.8263882820E-02  3.7488166851E-05  5.8722556020E-01 -5.9320723942E-01  1.3712230906E-01
H26       7.8397077710E-02  5.2870904562E-05  5.8597917253E-01 -5.9194815562E-01  1.4007432658E-01
H27       4.6538551180E-02  2.3010491127E-05  5.9245130788E-01 -5.9848621833E-01  1.4482760831E-01
H28       6.9492994220E-02  2.3274965711E-05  5.8065222220E-01 -5.8656694316E-01  1.4104450431E-01
H29       7.2655793880E-02  2.5855913795E-05  5.7846124767E-01 -5.8435365061E-01  1.4130700013E-01
H30       5.0036394670E-02  2.3709076850E-05  5.9069447083E-01 -5.9671148554E-01  1.4791454227E-01
H31       5.9366079530E-02  2.1884138902E-05  5.8686273840E-01 -5.9284072179E-01  1.4610721053E-01
H32       5.6787592040E-02  5.2859219262E-05  5.9954306905E-01 -6.0565021859E-01  1.3572285707E-01
H33       4.4884841920E-02  1.7058698093E-05  6.0499381592E-01 -6.1115648863E-01  1.4055343253E-01
H34       3.6892471020E-02  2.4386606718E-05  5.9748788314E-01 -6.0357409786E-01  1.4696122825E-01
H35       5.6547071490E-02  2.4334913392E-05  5.8908871341E-01 -5.9508937133E-01  1.4300982504E-01
H36       2.7392734120E-02  3.6479297094E-05  6.0101827918E-01 -6.0714045572E-01  1.4657055483E-01
--------------------------------------------------------------------------------------------------
Total     1.0016166109E+00  1.8835030388E-03  5.5743296214E+02 -5.6311116383E+02
 
1st Largest |L(A)| = 3.0405208509E-04, atom C6      
2nd Largest |L(A)| = 2.6486601657E-04, atom C8      
 
Molecular charge q(Mol) from the wfn file:   1.0000000000E+00
Molecular energy E(Mol) from the wfn file:  -5.6311067233E+02
Molecular virial ratio (-V(Mol)/T(Mol)) from the wfn file:   2.0101863400E+00
Note.  K_Scaled(A) = (1+V(Mol)/T(Mol))*K(A) = (E(Mol)/T(Mol))*K(A)
       Only use K_Scaled(A) data with caution.
 
N_AIMInt(SumA)     =        105.998383
N_Analytic(Mol)    =        105.999983
 
G_AIMInt(SumA)     =        557.431079
G_Analytic(Mol)    =        557.432439
 
K_AIMInt(SumA)     =        557.432962
K_Analytic(Mol)    =        557.432439
 
L_AIMInt(SumA)     =          0.001884
L_Analytic(Mol)    =          0.000000
 
VenT_AIMInt(SumA)  =      -3117.449851
VenT_Analytic(Mol) =      -3117.476819
 
Some Information About the Atomic Calculations:
----------------------------------------------
  Time(sec) = "Elapsed User Time", in Seconds, for Atom A by AIMInt and, if used, by TWOe
  NProc = Number of Processors Used for AIMInt Job
  BIM = Basin Integration Method
  OAQ = Angular Quadrature Outside of Beta Sphere
  ORQ = Multiple of Default for Radial Quadrature Outside of Beta Sphere
  IAQ = Multiple of Default for Angular Quadrature Inside of Beta Sphere
  IRQ = Multiple of Default for Radial Quadrature Inside of Beta Sphere
  MIR = Maximum Integration Radius
------------------------------------------------------------------------------------------------------
Atom A     Time(sec)   NProc      BIM          OAQ                     ORQ      IAQ      IRQ      MIR
------------------------------------------------------------------------------------------------------
C1             89        8     Proaim(5)    4500(GS4)                  1.00     1.00     1.00    13.00
C2            183        8     Proaim(5)    4500(GS4)                  1.00     1.00     1.00    13.00
C3            316        8    Promega(1)    4500(GS4)                  1.00     1.00     1.00    13.00
C4            136        8     Proaim(5)    4500(GS4)                  1.00     1.00     1.00    13.00
C5            147        8     Proaim(5)    4500(GS4)                  1.00     1.00     1.00    13.00
C6            255        8    Promega(1)    4500(GS4)                  1.00     1.00     1.00    13.00
C7            123        8     Proaim(5)    4500(GS4)                  1.00     1.00     1.00    13.00
C8            241        8     Proaim(5)    4500(GS4)                  1.00     1.00     1.00    13.00
C9            142        8     Proaim(5)    4500(GS4)                  1.00     1.00     1.00    13.00
C10            76        8     Proaim(5)    4500(GS4)                  1.00     1.00     1.00    13.00
C11            73        8     Proaim(5)    4500(GS4)                  1.00     1.00     1.00    13.00
N12           179        8     Proaim(5)    4500(GS4)                  1.00     1.00     1.00    13.00
C13            89        8     Proaim(5)    4500(GS4)                  1.00     1.00     1.00    13.00
C14           112        8     Proaim(5)    4500(GS4)                  1.00     1.00     1.00    13.00
H15            85        8     Proaim(5)    1800(GS4)                  1.00     1.00     1.00    13.00
H16            27        8     Proaim(5)    1800(GS4)                  1.00     1.00     1.00    13.00
H17            47        8     Proaim(5)    4500(GS4)                  1.00     1.00     1.00    13.00
H18            34        8     Proaim(5)    1800(GS4)                  1.00     1.00     1.00    13.00
H19            26        8     Proaim(5)    1800(GS4)                  1.00     1.00     1.00    13.00
H20            26        8     Proaim(5)    1800(GS4)                  1.00     1.00     1.00    13.00
H21            20        8     Proaim(5)    1800(GS4)                  1.00     1.00     1.00    13.00
H22            23        8     Proaim(5)    1800(GS4)                  1.00     1.00     1.00    13.00
H23            50        8     Proaim(5)    4500(GS4)                  1.00     1.00     1.00    13.00
H24            19        8     Proaim(5)    1800(GS4)                  1.00     1.00     1.00    13.00
H25            17        8     Proaim(5)    1800(GS4)                  1.00     1.00     1.00    13.00
H26            35        8     Proaim(5)    4500(GS4)                  1.00     1.00     1.00    13.00
H27            19        8     Proaim(5)    1800(GS4)                  1.00     1.00     1.00    13.00
H28            31        8     Proaim(5)    1800(GS4)                  1.00     1.00     1.00    13.00
H29            18        8     Proaim(5)    1800(GS4)                  1.00     1.00     1.00    13.00
H30            23        8     Proaim(5)    1800(GS4)                  1.00     1.00     1.00    13.00
H31            12        8     Proaim(5)    1800(GS4)                  1.00     1.00     1.00    13.00
H32            67        8     Proaim(5)    4500(GS4)                  1.00     1.00     1.00    13.00
H33            55        8     Proaim(5)    4500(GS4)                  1.00     1.00     1.00    13.00
H34            15        8     Proaim(5)    1800(GS4)                  1.00     1.00     1.00    13.00
H35            19        8     Proaim(5)    1800(GS4)                  1.00     1.00     1.00    13.00
H36            26        8     Proaim(5)    1800(GS4)                  1.00     1.00     1.00    13.00
------------------------------------------------------------------------------------------------------
Total        2855
Note:  Total wall clock time is less than total of atomic times if more than one atom
       was calculated at a time
 
Electron Density Critical Point Analysis of Molecular Structure:               
---------------------------------------------------------------                
  NACP = Nuclear Attractor Critical Point                                      
  NNACP = Non-Nuclear Attractor Critical Point                                 
  BCP = Bond Critical Point                                                    
  RCP = Ring Critical Point                                                    
  CCP = Cage Critical Point                                                    
  Rho = Electron Density                                                       
  GradRho = Gradient of Electron Density                                       
  HessRho_EigVals = Eigenvalues of the Hessian of Rho, Ascending Order         
  HessRho_EigVecs = Eigenvectors of the Hessian of Rho                         
  DelSqRho = Laplacian of Rho = Trace of Hessian of Rho                        
  Bond Ellipticity = (HessRho_EigVal(1) / HessRho_EigVal(2)) - 1               
  V = Virial Field = Potential Energy Density = Trace of Stress Tensor         
  G = Lagrangian Form of Kinetic Energy Density                                
  K = Hamiltonian Form of Kinetic Energy Density                               
  L = K - G = Lagrangian Density = (-1/4)DelSqRho                              
  Vnuc = Electrostatic Potential from Nuclei                                   
  Ven = Electron-nuclear attractive contribution to Virial Field V             
  Vrep = V - Ven = Repulsive contribution to Virial Field V                    
  DelSqV = Laplacian of V                                                      
  DelSqVen = Laplacian of Ven                                                  
  DelSqVrep = Laplacian of Vrep                                                
  DelSqG = Laplacian of G                                                      
  DelSqK = Laplacian of K                                                      
  Stress_EigVals = Eigenvalues of Stress Tensor, Ascending Order               
  Stress_EigVecs = Eigenvectors of Stress Tensor                               
  -DivStress = Ehrenfest Force Density = Minus Divergence of Stress Tensor     
  ESP = Total Electrostatic Potential                                          
  ESPe = Electrostatic Potential from Electrons                                
  ESPn = Electrostatic Potential from Nuclei                                   
  BP = Bond Path                                                               
  BPL = Bond Path Length                                                       
  GBL = Geometric Bond Length                                                  
  GBL_I = Distance Between Nuclear Attractors                                  
  GBL_II = Distance Between Nuclei                                             
  GBL_III = Sum of Distances Between BCP and Nuclear Attractors                
  GBL_IV = Sum of Distances Between BCP and Nuclei                             

CP# 1      Coords = -8.06857195789806E-01  3.79402154944483E+00 -7.15335775267685E-01
           Type = (3,-3) NACP C1
           Rho =  1.1774970223E+02     Rho at Nucleus =  1.1774970220E+02
           GradRho = -4.4958373829E-11 -8.8022818201E-13 -3.9652067220E-11
           HessRho_EigVals = -1.4508892542E+05 -1.4508648511E+05 -1.4508640489E+05
           HessRho_EigVec1 =  7.5182388698E-01  6.5924182882E-01 -1.2690709184E-02
           HessRho_EigVec2 = -6.0431975803E-01  6.8123483321E-01 -4.1317881369E-01
           HessRho_EigVec3 = -2.6373940361E-01  3.1830694803E-01  9.1056148272E-01
           DelSqRho = -4.3526181542E+05
           Bond Ellipticity = NA
           V = -1.0882550271E+05
           G =  5.0244297819E+00
           K =  1.0882047828E+05
           L =  1.0881545385E+05
           Vnuc =  9.1676035222E+06
           Ven = -1.0794825849E+09
           Vrep =  1.0793737594E+09
           DelSqV =  2.4966725544E+09
           DelSqVen =  3.9903093064E+12
           DelSqVrep = -3.9878126338E+12
           DelSqG =  1.3410180594E+08
           DelSqK = -2.6307743603E+09
           Stress_EigVals = -3.6275513217E+04 -3.6275432114E+04 -3.6274557384E+04
           Stress_EigVec1 = -5.1044016072E-01  5.9870874843E-01  6.1725090270E-01
           Stress_EigVec2 = -4.1464627165E-01  4.5747607640E-01 -7.8662831688E-01
           Stress_EigVec3 =  7.5333877621E-01  6.5746746997E-01 -1.4738188377E-02
           -DivStress =  3.4977653330E+02 -1.6494058363E+02  3.7495439463E+02
           ESP =  -1.4560737399E+01     ESP at Nucleus =  -1.4560737400E+01
           ESPe = -3.2454053119E+01     ESPe at Nucleus = -3.2454053405E+01
           ESPn =  1.7893315720E+01     ESPn at Nucleus =  1.7893316005E+01

CP# 2      Coords =  7.52088251770461E-01  1.98581088234692E+00 -1.64041930859848E+00
           Type = (3,-3) NACP C2
           Rho =  1.1763187850E+02     Rho at Nucleus =  1.1763187808E+02
           GradRho =  1.6002462025E-09 -1.9691525049E-09  1.8324977823E-09
           HessRho_EigVals = -1.4494393375E+05 -1.4494384395E+05 -1.4494328338E+05
           HessRho_EigVec1 =  5.7368030903E-01  7.9182131092E-01 -2.0954692698E-01
           HessRho_EigVec2 = -7.3462634392E-01  3.8426549866E-01 -5.5916380548E-01
           HessRho_EigVec3 = -3.6223616308E-01  4.7471995757E-01  8.0213834470E-01
           DelSqRho = -4.3483106108E+05
           Bond Ellipticity = NA
           V = -1.0871822043E+05
           G =  5.2275801935E+00
           K =  1.0871299285E+05
           L =  1.0870776527E+05
           Vnuc =  2.4934661942E+06
           Ven = -2.9331111240E+08
           Vrep =  2.9320239418E+08
           DelSqV =  2.4942197013E+09
           DelSqVen =  1.0842365865E+12
           DelSqVrep = -1.0817423668E+12
           DelSqG =  1.3397142583E+08
           DelSqK = -2.6281911271E+09
           Stress_EigVals = -3.6239632482E+04 -3.6239446078E+04 -3.6239141870E+04
           Stress_EigVec1 = -4.5396295872E-01  5.4893395675E-01  7.0184695143E-01
           Stress_EigVec2 = -5.0458957521E-01  4.9082859925E-01 -7.1026519466E-01
           Stress_EigVec3 =  7.3437523971E-01  6.7657874433E-01 -5.4168348914E-02
           -DivStress = -9.7960211089E+02  1.2236523846E+03 -1.1650133694E+03
           ESP =  -1.4579191056E+01     ESP at Nucleus =  -1.4579191080E+01
           ESPe = -3.3861743754E+01     ESPe at Nucleus = -3.3861741478E+01
           ESPn =  1.9282552698E+01     ESPn at Nucleus =  1.9282550398E+01

CP# 3      Coords = -3.57606941779779E+00 -3.57083350229843E+00 -4.99584202505827E-01
           Type = (3,-3) NACP C3
           Rho =  1.1768283281E+02     Rho at Nucleus =  1.1768283269E+02
           GradRho = -2.5283909341E-10  1.7934105069E-10 -4.4700614824E-10
           HessRho_EigVals = -1.4501055572E+05 -1.4500978501E+05 -1.4500943787E+05
           HessRho_EigVec1 =  8.0854039738E-01  5.4053067794E-01 -2.3257044525E-01
           HessRho_EigVec2 = -5.7539998901E-01  8.0899651014E-01 -1.2016446740E-01
           HessRho_EigVec3 =  1.2319609754E-01  2.3097885787E-01  9.6512770594E-01
           DelSqRho = -4.3502977860E+05
           Bond Ellipticity = NA
           V = -1.0876766040E+05
           G =  5.1078736342E+00
           K =  1.0876255252E+05
           L =  1.0875744465E+05
           Vnuc =  4.4952354352E+06
           Ven = -5.2901204019E+08
           Vrep =  5.2890327253E+08
           DelSqV =  2.4953550593E+09
           DelSqVen =  1.9555613409E+12
           DelSqVrep = -1.9530659859E+12
           DelSqG =  1.3403579218E+08
           DelSqK = -2.6293908515E+09
           Stress_EigVals = -3.6256161398E+04 -3.6255962755E+04 -3.6255536244E+04
           Stress_EigVec1 =  1.1212856946E-03  4.2092303401E-01  9.0709566318E-01
           Stress_EigVec2 = -6.2194644257E-01  7.1060384086E-01 -3.2897538499E-01
           Stress_EigVec3 =  7.8305897945E-01  5.6379604539E-01 -2.6258837352E-01
           -DivStress =  5.0094241160E+02 -3.4041257457E+02  8.9958886246E+02
           ESP =  -1.4632616125E+01     ESP at Nucleus =  -1.4632616139E+01
           ESPe = -3.1802628628E+01     ESPe at Nucleus = -3.1802629185E+01
           ESPn =  1.7170012503E+01     ESPn at Nucleus =  1.7170013046E+01

CP# 4      Coords = -5.47688646149338E+00 -1.57845601207290E+00 -1.21543185303807E+00
           Type = (3,-3) NACP C4
           Rho =  1.1754186596E+02     Rho at Nucleus =  1.1754186595E+02
           GradRho = -2.4188309545E-11  1.7463166018E-11  1.3221007527E-11
           HessRho_EigVals = -1.4483904997E+05 -1.4483885376E+05 -1.4483866010E+05
           HessRho_EigVec1 = -5.0317685068E-01  7.8674319761E-01  3.5755866365E-01
           HessRho_EigVec2 =  6.4394591704E-01  6.1727403833E-01 -4.5200267426E-01
           HessRho_EigVec3 =  5.7632170952E-01 -2.8111594300E-03  8.1721807647E-01
           DelSqRho = -4.3451656382E+05
           Bond Ellipticity = NA
           V = -1.0863960721E+05
           G =  5.2331248000E+00
           K =  1.0863437408E+05
           L =  1.0862914096E+05
           Vnuc =  1.4468648758E+07
           Ven = -1.7006719730E+09
           Vrep =  1.7005633334E+09
           DelSqV =  2.4924312525E+09
           DelSqVen =  6.2868684800E+12
           DelSqVrep = -6.2843760487E+12
           DelSqG =  1.3388016753E+08
           DelSqK = -2.6263114201E+09
           Stress_EigVals = -3.6213274024E+04 -3.6213220537E+04 -3.6213112644E+04
           Stress_EigVec1 =  5.4574999395E-01 -3.9674895646E-02  8.3700827162E-01
           Stress_EigVec2 =  6.7337479962E-01  6.1526768409E-01 -4.0989273738E-01
           Stress_EigVec3 = -4.9872168926E-01  7.8731923613E-01  3.6249840978E-01
           -DivStress = -3.1581830450E+02 -7.8360812684E+01 -8.9513725160E+01
           ESP =  -1.4624935608E+01     ESP at Nucleus =  -1.4624935608E+01
           ESPe = -3.1251869135E+01     ESPe at Nucleus = -3.1251868485E+01
           ESPn =  1.6626933527E+01     ESPn at Nucleus =  1.6626932877E+01

CP# 5      Coords = -5.74993331957092E+00 -5.11555953130087E-02  1.16939166033060E+00
           Type = (3,-3) NACP C5
           Rho =  1.1768808964E+02     Rho at Nucleus =  1.1768808949E+02
           GradRho = -1.0779755907E-10 -1.5506035692E-11 -6.2081806189E-10
           HessRho_EigVals = -1.4501776003E+05 -1.4501696772E+05 -1.4501659804E+05
           HessRho_EigVec1 =  7.6145269988E-01  6.1383401702E-01 -2.0832087123E-01
           HessRho_EigVec2 = -2.2159086164E-01  5.4850331152E-01  8.0625157816E-01
           HessRho_EigVec3 =  6.0916933268E-01 -5.6776043962E-01  5.5367933619E-01
           DelSqRho = -4.3505132579E+05
           Bond Ellipticity = NA
           V = -1.0877305064E+05
           G =  5.1095966271E+00
           K =  1.0876794104E+05
           L =  1.0876283145E+05
           Vnuc =  4.2401338646E+06
           Ven = -4.9901325434E+08
           Vrep =  4.9890448129E+08
           DelSqV =  2.4954789629E+09
           DelSqVen =  1.8446759363E+12
           DelSqVrep = -1.8421804573E+12
           DelSqG =  1.3404306605E+08
           DelSqK = -2.6295220289E+09
           Stress_EigVals = -3.6257966780E+04 -3.6257757353E+04 -3.6257326508E+04
           Stress_EigVec1 =  6.5340505139E-01 -6.4990697517E-01  3.8817877639E-01
           Stress_EigVec2 = -7.8954953980E-02  4.5147576277E-01  8.8878329804E-01
           Stress_EigVec3 =  7.5287977398E-01  6.1138413395E-01 -2.4368316866E-01
           -DivStress =  2.5220898806E+02  5.2370799842E+01  1.1211540496E+03
           ESP =  -1.4635072168E+01     ESP at Nucleus =  -1.4635072182E+01
           ESPe = -3.1350311960E+01     ESPe at Nucleus = -3.1350312073E+01
           ESPn =  1.6715239792E+01     ESPn at Nucleus =  1.6715239891E+01

CP# 6      Coords = -2.93358357799334E+00 -3.26649333106505E+00  1.95668866640073E+00
           Type = (3,-3) NACP C6
           Rho =  1.1768735245E+02     Rho at Nucleus =  1.1768735233E+02
           GradRho =  9.5781499919E-11  1.6811862492E-10  4.2563612747E-10
           HessRho_EigVals = -1.4501499194E+05 -1.4501407223E+05 -1.4501378759E+05
           HessRho_EigVec1 =  7.6565564194E-01  5.6779697618E-01 -3.0228799481E-01
           HessRho_EigVec2 = -5.0238243908E-01  8.2132539282E-01  2.7025263000E-01
           HessRho_EigVec3 =  4.0172543220E-01 -5.5056270770E-02  9.1410365067E-01
           DelSqRho = -4.3504285175E+05
           Bond Ellipticity = NA
           V = -1.0877094772E+05
           G =  5.1173922671E+00
           K =  1.0876583033E+05
           L =  1.0876071294E+05
           Vnuc =  4.7067960839E+06
           Ven = -5.5393036962E+08
           Vrep =  5.5382159867E+08
           DelSqV =  2.4954287878E+09
           DelSqVen =  2.0476579021E+12
           DelSqVrep = -2.0451624733E+12
           DelSqG =  1.3403857177E+08
           DelSqK = -2.6294673596E+09
           Stress_EigVals = -3.6257250757E+04 -3.6257087966E+04 -3.6256609000E+04
           Stress_EigVec1 =  4.7487571259E-01 -2.1527736198E-01  8.5331630420E-01
           Stress_EigVec2 = -4.3039305730E-01  7.8894392428E-01  4.3855364617E-01
           Stress_EigVec3 =  7.6762938572E-01  5.7551988824E-01 -2.8199642625E-01
           -DivStress = -1.7874316861E+02 -4.2953577499E+02 -9.2120677366E+02
           ESP =  -1.4632507879E+01     ESP at Nucleus =  -1.4632507893E+01
           ESPe = -3.2014682653E+01     ESPe at Nucleus = -3.2014683280E+01
           ESPn =  1.7382174774E+01     ESPn at Nucleus =  1.7382175387E+01

CP# 7      Coords = -4.28707701012582E+00 -1.07971745498645E+00  2.99581719570349E+00
           Type = (3,-3) NACP C7
           Rho =  1.1768471650E+02     Rho at Nucleus =  1.1768471635E+02
           GradRho =  4.6533292324E-10 -3.6154437430E-10  2.1970079228E-10
           HessRho_EigVals = -1.4501136654E+05 -1.4501049181E+05 -1.4501016810E+05
           HessRho_EigVec1 =  7.3121351689E-01  6.2565432998E-01 -2.7181510647E-01
           HessRho_EigVec2 = -4.9875450003E-01  7.6219270541E-01  4.1268175210E-01
           HessRho_EigVec3 =  4.6537161647E-01 -1.6618946778E-01  8.6937352121E-01
           DelSqRho = -4.3503202645E+05
           Bond Ellipticity = NA
           V = -1.0876825469E+05
           G =  5.1240405216E+00
           K =  1.0876313065E+05
           L =  1.0875800661E+05
           Vnuc =  4.3110925753E+06
           Ven = -5.0734970751E+08
           Vrep =  5.0724093925E+08
           DelSqV =  2.4953667358E+09
           DelSqVen =  1.8754636349E+12
           DelSqVrep = -1.8729682682E+12
           DelSqG =  1.3403490214E+08
           DelSqK = -2.6294016380E+09
           Stress_EigVals = -3.6256358761E+04 -3.6256180596E+04 -3.6255715336E+04
           Stress_EigVec1 =  3.7965804511E-01 -6.5068933412E-02  9.2283573982E-01
           Stress_EigVec2 = -5.5045259689E-01  7.8584500754E-01  2.8186798810E-01
           Stress_EigVec3 =  7.4354670826E-01  6.1499077882E-01 -2.6253501595E-01
           -DivStress = -8.3949147985E+02  6.5956225612E+02 -3.6537579117E+02
           ESP =  -1.4635138625E+01     ESP at Nucleus =  -1.4635138640E+01
           ESPe = -3.1621018341E+01     ESPe at Nucleus = -3.1621018510E+01
           ESPn =  1.6985879716E+01     ESPn at Nucleus =  1.6985879870E+01

CP# 8      Coords =  2.34641998637433E+00  3.73772814692048E-01 -1.10113511589825E-01
           Type = (3,-3) NACP C8
           Rho =  1.1769971979E+02     Rho at Nucleus =  1.1769971879E+02
           GradRho =  2.9832739577E-11 -1.1687885902E-12 -2.4445376279E-13
           HessRho_EigVals = -1.4500934858E+05 -1.4500763019E+05 -1.4500659775E+05
           HessRho_EigVec1 =  7.5752987179E-01  6.1925352099E-01 -2.0657582166E-01
           HessRho_EigVec2 = -5.2192685752E-01  7.6460541148E-01  3.7811495625E-01
           HessRho_EigVec3 =  3.9209800912E-01 -1.7861590489E-01  9.0241648354E-01
           DelSqRho = -4.3502357652E+05
           Bond Ellipticity = NA
           V = -1.0876587275E+05
           G =  4.9893077381E+00
           K =  1.0876088344E+05
           L =  1.0875589413E+05
           Vnuc =  1.6183352702E+06
           Ven = -1.9047760783E+08
           Vrep =  1.9036884195E+08
           DelSqV =  2.4952910512E+09
           DelSqVen =  7.0401399450E+11
           DelSqVrep = -7.0151870344E+11
           DelSqG =  1.3401052162E+08
           DelSqK = -2.6293015728E+09
           Stress_EigVals = -3.6255681260E+04 -3.6255453990E+04 -3.6254737497E+04
           Stress_EigVec1 =  4.1482600063E-01 -2.2216919473E-01  8.8236060549E-01
           Stress_EigVec2 = -5.0231514314E-01  7.5265450548E-01  4.2566500015E-01
           Stress_EigVec3 =  7.5868233549E-01  6.1980000347E-01 -2.0062170751E-01
           -DivStress = -1.4804619259E+03  2.1392363315E+03  1.5098671800E+03
           ESP =  -1.4496532275E+01     ESP at Nucleus =  -1.4496532336E+01
           ESPe = -3.5152849577E+01     ESPe at Nucleus = -3.5152848712E+01
           ESPn =  2.0656317302E+01     ESPn at Nucleus =  2.0656316376E+01

CP# 9      Coords =  2.65304146776877E+00  8.77914391783871E-01  2.68021720514241E+00
           Type = (3,-3) NACP C9
           Rho =  1.1754333665E+02     Rho at Nucleus =  1.1754333614E+02
           GradRho =  7.3684289491E-10  2.8336742599E-10 -4.1078976771E-09
           HessRho_EigVals = -1.4484866403E+05 -1.4484806319E+05 -1.4484767007E+05
           HessRho_EigVec1 =  1.6174058797E-01  2.1614862542E-01  9.6287058005E-01
           HessRho_EigVec2 =  6.9660338145E-01  6.6610673346E-01 -2.6654370860E-01
           HessRho_EigVec3 =  6.9898763305E-01 -7.1384983811E-01  4.2833368644E-02
           DelSqRho = -4.3454439729E+05
           Bond Ellipticity = NA
           V = -1.0864659291E+05
           G =  5.2467918227E+00
           K =  1.0864134612E+05
           L =  1.0863609932E+05
           Vnuc =  2.2627010225E+06
           Ven = -2.6596542802E+08
           Vrep =  2.6585678142E+08
           DelSqV =  2.4925987266E+09
           DelSqVen =  9.8324404634E+11
           DelSqVrep = -9.8075144761E+11
           DelSqG =  1.3389614618E+08
           DelSqK = -2.6264948728E+09
           Stress_EigVals = -3.6215673825E+04 -3.6215547788E+04 -3.6215371294E+04
           Stress_EigVec1 =  6.9801256974E-01 -7.1456274657E-01  4.6674765069E-02
           Stress_EigVec2 =  6.7862163857E-01  6.3928100755E-01 -3.6165240915E-01
           Stress_EigVec3 =  2.2858504795E-01  2.8411243302E-01  9.3114392081E-01
           -DivStress = -3.7346116528E+02 -1.5935674984E+02  2.1104755120E+03
           ESP =  -1.4576658697E+01     ESP at Nucleus =  -1.4576658723E+01
           ESPe = -3.2847404222E+01     ESPe at Nucleus = -3.2847400643E+01
           ESPn =  1.8270745525E+01     ESPn at Nucleus =  1.8270741920E+01

CP# 10     Coords =  4.66797218278395E+00  2.91126802485627E+00  3.25362617032518E+00
           Type = (3,-3) NACP C10
           Rho =  1.1752524904E+02     Rho at Nucleus =  1.1752524861E+02
           GradRho = -1.9382005695E-09 -2.3546802769E-09 -9.6979196337E-10
           HessRho_EigVals = -1.4481994915E+05 -1.4481918127E+05 -1.4481908756E+05
           HessRho_EigVec1 = -6.8752406734E-01 -6.9646664151E-01 -2.0553557862E-01
           HessRho_EigVec2 =  7.2604276332E-01 -6.5418093630E-01 -2.1191792850E-01
           HessRho_EigVec3 =  1.3136310674E-02 -2.9492629561E-01  9.5542970307E-01
           DelSqRho = -4.3445821797E+05
           Bond Ellipticity = NA
           V = -1.0862500290E+05
           G =  5.2242009682E+00
           K =  1.0861977869E+05
           L =  1.0861455449E+05
           Vnuc =  2.4772007109E+06
           Ven = -2.9113363047E+08
           Vrep =  2.9102500547E+08
           DelSqV =  2.4920989615E+09
           DelSqVen =  1.0762402243E+12
           DelSqVrep = -1.0737481253E+12
           DelSqG =  1.3386365947E+08
           DelSqK = -2.6259626210E+09
           Stress_EigVals = -3.6208434724E+04 -3.6208407627E+04 -3.6208160545E+04
           Stress_EigVec1 =  9.6241904503E-03 -2.9129147374E-01  9.5658593565E-01
           Stress_EigVec2 =  7.2719845769E-01 -6.5458410387E-01 -2.0664475338E-01
           Stress_EigVec3 = -6.8635980222E-01 -6.9761660551E-01 -2.0552686836E-01
           -DivStress =  1.2072014421E+03  1.4395688829E+03  5.7287928307E+02
           ESP =  -1.4604123400E+01     ESP at Nucleus =  -1.4604123421E+01
           ESPe = -2.9638834377E+01     ESPe at Nucleus = -2.9638830379E+01
           ESPn =  1.5034710977E+01     ESPn at Nucleus =  1.5034706958E+01

CP# 11     Coords = -2.32240690109857E+00  5.54216173064674E+00 -2.31922128407334E+00
           Type = (3,-3) NACP C11
           Rho =  1.1751450461E+02     Rho at Nucleus =  1.1751450431E+02
           GradRho =  9.7306169502E-10 -1.0976416462E-09  1.2377235485E-09
           HessRho_EigVals = -1.4480485213E+05 -1.4480435130E+05 -1.4480420473E+05
           HessRho_EigVec1 = -5.1222065582E-01  5.9775543443E-01 -6.1669963545E-01
           HessRho_EigVec2 = -7.4606343189E-01 -6.6539458397E-01 -2.5286423636E-02
           HessRho_EigVec3 = -4.2546369451E-01  4.4714481797E-01  7.8679232102E-01
           DelSqRho = -4.3441340816E+05
           Bond Ellipticity = NA
           V = -1.0861394497E+05
           G =  5.2964641383E+00
           K =  1.0860864851E+05
           L =  1.0860335204E+05
           Vnuc =  2.9361307656E+06
           Ven = -3.4503795239E+08
           Vrep =  3.4492933845E+08
           DelSqV =  2.4918432039E+09
           DelSqVen =  1.2754945884E+12
           DelSqVrep = -1.2730027452E+12
           DelSqG =  1.3384828262E+08
           DelSqK = -2.6256914865E+09
           Stress_EigVals = -3.6204731486E+04 -3.6204681536E+04 -3.6204531947E+04
           Stress_EigVec1 = -4.1496666546E-01  4.3867832790E-01  7.9709722819E-01
           Stress_EigVec2 = -7.4922655015E-01 -6.6181026604E-01 -2.5821470164E-02
           Stress_EigVec3 = -5.1619980929E-01  6.0792145578E-01 -6.0329864950E-01
           -DivStress = -8.5120266327E+02  9.4060699139E+02 -1.0675481306E+03
           ESP =  -1.4603889119E+01     ESP at Nucleus =  -1.4603889132E+01
           ESPe = -2.9215066520E+01     ESPe at Nucleus = -2.9215063328E+01
           ESPn =  1.4611177400E+01     ESPn at Nucleus =  1.4611174196E+01

CP# 12     Coords =  3.63820788698453E+00 -1.46312317144073E+00 -1.20180384924809E+00
           Type = (3,-3) NACP N12
           Rho =  1.9056963159E+02     Rho at Nucleus =  1.9056963159E+02
           GradRho = -4.1181985773E-11 -1.0933029655E-11  2.2463929154E-11
           HessRho_EigVals = -3.2060232063E+05 -3.2060202357E+05 -3.2059734313E+05
           HessRho_EigVec1 = -5.0653101752E-01  7.5331075714E-01  4.1946302754E-01
           HessRho_EigVec2 = -5.0823222283E-01  1.3213332882E-01 -8.5102337870E-01
           HessRho_EigVec3 =  6.9651011190E-01  6.4425436483E-01 -3.1592717108E-01
           DelSqRho = -9.6180168734E+05
           Bond Ellipticity = NA
           V = -2.4048519905E+05
           G =  1.7388607515E+01
           K =  2.4046781044E+05
           L =  2.4045042183E+05
           Vnuc =  4.8283906282E+07
           Ven = -9.2014462321E+09
           Vrep =  9.2012057469E+09
           DelSqV =  7.5508040479E+09
           DelSqVen =  4.6439870759E+13
           DelSqVrep = -4.6432319955E+13
           DelSqG =  4.0460270461E+08
           DelSqK = -7.9554067525E+09
           Stress_EigVals = -8.0162306176E+04 -8.0161481121E+04 -8.0161411753E+04
           Stress_EigVec1 =  6.9255976572E-01  6.4319759695E-01 -3.2658509178E-01
           Stress_EigVec2 = -5.3498267975E-01  7.6166830364E-01  3.6558846754E-01
           Stress_EigVec3 =  4.8389513665E-01 -7.8474495861E-02  8.7160039596E-01
           -DivStress =  2.4643547683E+02  2.6574899819E+02 -1.8558942175E+01
           ESP =  -1.8109191122E+01     ESP at Nucleus =  -1.8109191122E+01
           ESPe = -3.7019467934E+01     ESPe at Nucleus = -3.7019467903E+01
           ESPn =  1.8910276812E+01     ESPn at Nucleus =  1.8910276781E+01

CP# 13     Coords =  5.53709305429020E+00 -3.02157637607802E+00  1.13858797359761E-01
           Type = (3,-3) NACP C13
           Rho =  1.1752238754E+02     Rho at Nucleus =  1.1752238528E+02
           GradRho = -5.5002159999E-11  2.3022432376E-11 -4.9899082262E-13
           HessRho_EigVals = -1.4480785225E+05 -1.4480594341E+05 -1.4480577942E+05
           HessRho_EigVec1 =  7.0108509192E-01 -5.6749381480E-01  4.3177594195E-01
           HessRho_EigVec2 =  7.0591632653E-01  6.3794576505E-01 -3.0774557803E-01
           HessRho_EigVec3 = -1.0080592155E-01  5.2055352369E-01  8.4785741440E-01
           DelSqRho = -4.3441957508E+05
           Bond Ellipticity = NA
           V = -1.0861538695E+05
           G =  5.2465907635E+00
           K =  1.0861014036E+05
           L =  1.0860489377E+05
           Vnuc =  1.0738915246E+06
           Ven = -1.2620629593E+08
           Vrep =  1.2609768055E+08
           DelSqV =  2.4918682052E+09
           DelSqVen =  4.6651949798E+11
           DelSqVrep = -4.6402762952E+11
           DelSqG =  1.3384250077E+08
           DelSqK = -2.6257107059E+09
           Stress_EigVals = -3.6205346608E+04 -3.6205301397E+04 -3.6204738946E+04
           Stress_EigVec1 = -6.0453459413E-02  5.5511057682E-01  8.2957677568E-01
           Stress_EigVec2 =  7.1350997646E-01  6.0522736382E-01 -3.5299199931E-01
