AIMSum (Version 19.02.13, Professional)
Copyright (c) 1997-2019 by Todd A. Keith
AIMSum is a component of the AIMAll package ( http://aim.tkgristmill.com )

TP:  64-bit Linux

Much of the Quantum Theory of Atoms in Molecules (QTAIM) is described in the book:
  "Atoms in Molecules - A Quantum Theory"
  R.F.W. Bader, Oxford University Press, Oxford, 1990

For additional references see:  http://aim.tkgristmill.com/references.html

Wfn File:  /home/mhennefarth/Documents/ML_Diels/summary-gordillo2006/10btx-opt/10btx-opt.wfn
Sum File:  /home/mhennefarth/Documents/ML_Diels/summary-gordillo2006/10btx-opt/10btx-opt.sum

SumViz File:  /home/mhennefarth/Documents/ML_Diels/summary-gordillo2006/10btx-opt/10btx-opt.sumviz

Wfn Title:   Title Card Required                                                           
 
Total memory allocated for AIMSum =        1.990 Megabytes

Atomic units (a.u.) used throughout, except where stated otherwise

Model:  Restricted SCF
 
Restricted, closed-shell, single-determinant wavefunction.
  Number of electrons (from MO Occs)                   =         106.0000000000
  Number of Alpha electrons (from MO Occs)             =          53.0000000000
  Number of Beta electrons (from MO Occs)              =          53.0000000000
  Number of electron pairs (N*(N-1)/2)                 =        5565.0000000000
  Number of electron pairs (from Muller 2EDM)          =        5565.0000000000
 
Nuclear Charges and Cartesian Coordinates:
-------------------------------------------------------------------------------
Atom      Charge                X                  Y                  Z
-------------------------------------------------------------------------------
C1         6.0           6.3545952900E+00   2.6976084000E-01  -1.3305026200E+00
C2         6.0           6.1129765100E+00   1.5608881700E+00   8.6065815000E-01
C3         6.0           5.5823514800E+00  -2.7341402000E-01   2.9718144000E+00
C4         6.0           5.5047675900E+00  -2.7918515200E+00   1.6464956100E+00
C5         6.0           5.9812529200E+00  -2.4406975900E+00  -8.3951495000E-01
C6         6.0          -1.7038280800E+00   4.3123640700E+00  -1.0462798700E+00
C7         6.0           4.1718565000E-01   6.1177772700E+00  -1.4415281600E+00
C8         6.0          -1.4304833900E+00   1.7693501100E+00  -9.8482634000E-01
C9         6.0          -3.4738321500E+00  -6.8236300000E-03  -5.4840788000E-01
N10        7.0          -3.1103378100E+00  -2.4202898300E+00  -1.0539242600E+00
C11        6.0          -4.9204231900E+00  -4.4404015900E+00  -4.1192091000E-01
C12        6.0          -5.9388469400E+00   8.6716023000E-01   5.9021969000E-01
C13        6.0          -5.8666229100E+00   9.2407353000E-01   3.5099901600E+00
C14        6.0          -8.1627253000E-01  -3.3400373300E+00  -2.3627833000E+00
H15        1.0           4.5905794000E-01   1.0113153700E+00  -1.2451931600E+00
H16        1.0          -3.5650126000E+00   5.1619742300E+00  -8.3673302000E-01
H17        1.0           7.0962162300E+00  -2.2884347000E-01   4.3986026700E+00
H18        1.0           3.8323136300E+00   1.6015389000E-01   4.0091482200E+00
H19        1.0           5.2237292800E+00  -4.5807928900E+00   2.6050409000E+00
H20        1.0           6.3617037900E+00   3.5759111300E+00   1.1355368900E+00
H21        1.0           4.7965162000E-01   7.4895963900E+00   1.1476173000E-01
H22        1.0           2.2439128500E+00   5.1656307900E+00  -1.5781906700E+00
H23        1.0           9.2831320000E-02   7.2291778700E+00  -3.1649729000E+00
H24        1.0          -3.6533339000E-01  -2.1120122000E+00  -3.9551946700E+00
H25        1.0           7.9566500000E-01  -3.4128531700E+00  -1.0652912000E+00
H26        1.0          -1.2035033600E+00  -5.2337173900E+00  -3.0747634500E+00
H27        1.0          -3.8509105000E+00  -6.0408743600E+00   3.3437915000E-01
H28        1.0          -6.2639928700E+00  -3.8314393700E+00   1.0150898900E+00
H29        1.0          -5.9260084100E+00  -5.0443609600E+00  -2.1162629300E+00
H30        1.0           6.1449659300E+00  -3.9071743200E+00  -2.2647746600E+00
H31        1.0           6.8213734000E+00   1.0599373100E+00  -3.1646020300E+00
H32        1.0          -6.3325384100E+00   2.7703471200E+00  -1.0341264000E-01
H33        1.0          -7.5005704300E+00  -3.0628357000E-01  -7.7158360000E-02
H34        1.0          -4.3695738100E+00   2.1759401700E+00   4.1903716000E+00
H35        1.0          -7.6735302100E+00   1.6254709000E+00   4.2252962200E+00
H36        1.0          -5.5450037900E+00  -9.5396586000E-01   4.3153083700E+00
 
Some Atomic Properties:
----------------------
  q(A) = Net Charge of Atom A
  L(A) = Lagrangian of Atom A = -(1/4) Times Atomic Integral of the Laplacian of the Electron Density
  K(A) = Electronic Kinetic Energy of Atom A (Hamiltonian Form)
  K_Scaled(A) = K(A) * E(Mol)/K(Mol) = Approximation to Virial-Based Total Energy of Atom A.
  |Mu_Intra(A)| = Magnitude of Intraatomic Dipole Moment of Atom A
--------------------------------------------------------------------------------------------------
Atom A          q(A)              L(A)              K(A)          K_Scaled(A)      |Mu_Intra(A)|
--------------------------------------------------------------------------------------------------
C1       -6.7490832700E-02  7.4251179698E-05  3.7729189982E+01 -3.8113461027E+01  1.7689208015E-01
C2       -8.1173454600E-02 -2.7143468383E-05  3.7732767442E+01 -3.8117074923E+01  1.8994028005E-01
C3       -1.4426474300E-02 -4.1429487314E-05  3.7706655663E+01 -3.8090697197E+01  1.4932554654E-01
C4       -8.3746568400E-02 -2.2632579893E-04  3.7733931739E+01 -3.8118251079E+01  1.9637798049E-01
C5       -6.8647267700E-02 -3.4970045435E-05  3.7732647633E+01 -3.8116953894E+01  1.7195838556E-01
C6       -7.2496060000E-03 -5.2505417059E-05  3.7711120795E+01 -3.8095207806E+01  7.8622481181E-02
C7       -2.3248864200E-02 -2.3125113519E-04  3.7698103213E+01 -3.8082057640E+01  1.7334574094E-01
C8       -3.3702747300E-02 -1.0427849485E-04  3.7727129606E+01 -3.8111379666E+01  1.7342373362E-01
C9        6.2441746860E-01 -2.6752239669E-04  3.7318606547E+01 -3.7698695808E+01  7.9711679124E-01
N10      -1.2120022118E+00 -4.6151475355E-05  5.4958237166E+01 -5.5517985713E+01  3.4363958095E-01
C11       2.8121517330E-01 -3.3199758084E-04  3.7535774645E+01 -3.7918075759E+01  5.2676082228E-01
C12       2.0682747300E-02  1.1310940224E-04  3.7689757058E+01 -3.8073626480E+01  1.6971811309E-01
C13      -1.9296321500E-02 -1.3010759982E-05  3.7673175459E+01 -3.8056875997E+01  1.1483128142E-01
C14       2.5701032670E-01 -2.6099316131E-04  3.7553197502E+01 -3.7935676068E+01  5.2944838068E-01
H15       9.0991416380E-02  5.8008904237E-05  5.8246777629E-01 -5.8840019894E-01  1.3240451879E-01
H16       7.0627609760E-02  9.5884190503E-07  5.9213407731E-01 -5.9816495105E-01  1.3660839538E-01
H17       7.2336791750E-02  2.7485883062E-05  5.7801543540E-01 -5.8390251105E-01  1.4437756832E-01
H18       3.7633236110E-02  2.3296433036E-05  5.9195635030E-01 -5.9798541389E-01  1.5263131510E-01
H19       6.2584092840E-02  1.7909820430E-05  5.8516563510E-01 -5.9112553539E-01  1.4668079867E-01
H20       6.0184539620E-02  2.5789777384E-05  5.8615580412E-01 -5.9212578926E-01  1.4652767862E-01
H21       6.9943760210E-02  2.3348998995E-05  5.7966502473E-01 -5.8556890142E-01  1.4173507871E-01
H22       5.5767043950E-02  3.4813922385E-05  5.8889453425E-01 -5.9489241330E-01  1.4099890649E-01
H23       7.2870759870E-02  2.3428984780E-05  5.7813088790E-01 -5.8401913943E-01  1.4132809981E-01
H24       7.7851813030E-02  3.3853875173E-05  5.8711414408E-01 -5.9309388989E-01  1.3867072463E-01
H25       9.9571778520E-02  4.8036638406E-05  5.7212458164E-01 -5.7795165906E-01  1.3834825456E-01
H26       7.5318040190E-02  3.5848071279E-05  5.8817855380E-01 -5.9416914060E-01  1.3785704047E-01
H27       8.1199604520E-02  3.4133538181E-05  5.8434392388E-01 -5.9029545506E-01  1.3887273880E-01
H28       7.5903953290E-02  7.0850677282E-05  5.9263092880E-01 -5.9866686296E-01  1.2917724883E-01
H29       8.3030189370E-02  2.8728001618E-05  5.8095643966E-01 -5.8687346938E-01  1.3939867935E-01
H30       5.6384097180E-02  2.0169888360E-05  5.8816527779E-01 -5.9415572938E-01  1.4661946240E-01
H31       5.9384438880E-02  2.0297466669E-05  5.8698981835E-01 -5.9296829791E-01  1.4617880060E-01
H32       5.1302343200E-02  3.3950235311E-05  6.0246932004E-01 -6.0860545801E-01  1.3659265554E-01
H33       4.8563549220E-02  6.8399518695E-06  6.0273171192E-01 -6.0887052235E-01  1.4061541382E-01
H34       3.9440069870E-02  2.9329899060E-05  5.9623719257E-01 -6.0230985646E-01  1.4705081134E-01
H35       5.8908512300E-02  2.0213515168E-05  5.8817331690E-01 -5.9416385036E-01  1.4242433568E-01
H36       2.7165549310E-02  3.1788520707E-05  6.0141301697E-01 -6.0753839652E-01  1.4603930469E-01
--------------------------------------------------------------------------------------------------
Total     9.9930455677E-01 -8.0113679410E-04  5.5743440820E+02 -5.6311186650E+02
 
1st Largest |L(A)| = 3.3199758084E-04, atom C11     
2nd Largest |L(A)| = 2.6752239669E-04, atom C9      
 
Molecular charge q(Mol) from the wfn file:   1.0000000000E+00
Molecular energy E(Mol) from the wfn file:  -5.6311208303E+02
Molecular virial ratio (-V(Mol)/T(Mol)) from the wfn file:   2.0101849800E+00
Note.  K_Scaled(A) = (1+V(Mol)/T(Mol))*K(A) = (E(Mol)/T(Mol))*K(A)
       Only use K_Scaled(A) data with caution.
 
N_AIMInt(SumA)     =        106.000695
N_Analytic(Mol)    =        105.999983
 
G_AIMInt(SumA)     =        557.435209
G_Analytic(Mol)    =        557.434582
 
K_AIMInt(SumA)     =        557.434408
K_Analytic(Mol)    =        557.434582
 
L_AIMInt(SumA)     =         -0.000801
L_Analytic(Mol)    =          0.000000
 
VenT_AIMInt(SumA)  =      -3041.907897
VenT_Analytic(Mol) =      -3041.896489
 
Some Information About the Atomic Calculations:
----------------------------------------------
  Time(sec) = "Elapsed User Time", in Seconds, for Atom A by AIMInt and, if used, by TWOe
  NProc = Number of Processors Used for AIMInt Job
  BIM = Basin Integration Method
  OAQ = Angular Quadrature Outside of Beta Sphere
  ORQ = Multiple of Default for Radial Quadrature Outside of Beta Sphere
  IAQ = Multiple of Default for Angular Quadrature Inside of Beta Sphere
  IRQ = Multiple of Default for Radial Quadrature Inside of Beta Sphere
  MIR = Maximum Integration Radius
------------------------------------------------------------------------------------------------------
Atom A     Time(sec)   NProc      BIM          OAQ                     ORQ      IAQ      IRQ      MIR
------------------------------------------------------------------------------------------------------
C1            144        8     Proaim(5)    4500(GS4)                  1.00     1.00     1.00    13.00
C2            144        8     Proaim(5)    4500(GS4)                  1.00     1.00     1.00    13.00
C3             88        8     Proaim(5)    4500(GS4)                  1.00     1.00     1.00    13.00
C4             74        8     Proaim(5)    4500(GS4)                  1.00     1.00     1.00    13.00
C5            107        8     Proaim(5)    4500(GS4)                  1.00     1.00     1.00    13.00
C6             69        8     Proaim(5)    4500(GS4)                  1.00     1.00     1.00    13.00
C7             67        8     Proaim(5)    4500(GS4)                  1.00     1.00     1.00    13.00
C8            116        8     Proaim(5)    5400(GS5)                  1.00     1.00     1.00    13.00
C9            113        8     Proaim(5)    4500(GS4)                  1.00     1.00     1.00    13.00
N10            94        8     Proaim(5)    4500(GS4)                  1.00     1.00     1.00    13.00
C11            73        8     Proaim(5)    4500(GS4)                  1.00     1.00     1.00    13.00
C12           126        8     Proaim(5)    4500(GS4)                  1.00     1.00     1.00    13.00
C13           102        8     Proaim(5)    4500(GS4)                  1.00     1.00     1.00    13.00
C14            93        8     Proaim(5)    4500(GS4)                  1.00     1.00     1.00    13.00
H15            75        8     Proaim(5)    4500(GS4)                  1.00     1.00     1.00    13.00
H16            34        8     Proaim(5)    4500(GS4)                  1.00     1.00     1.00    13.00
H17            17        8     Proaim(5)    1800(GS4)                  1.00     1.00     1.00    13.00
H18            28        8     Proaim(5)    1800(GS4)                  1.00     1.00     1.00    13.00
H19            18        8     Proaim(5)    1800(GS4)                  1.00     1.00     1.00    13.00
H20            22        8     Proaim(5)    1800(GS4)                  1.00     1.00     1.00    13.00
H21            17        8     Proaim(5)    1800(GS4)                  1.00     1.00     1.00    13.00
H22            45        8     Proaim(5)    4500(GS4)                  1.00     1.00     1.00    13.00
H23            14        8     Proaim(5)    1800(GS4)                  1.00     1.00     1.00    13.00
H24            20        8     Proaim(5)    1800(GS4)                  1.00     1.00     1.00    13.00
H25            52        8     Proaim(5)    4500(GS4)                  1.00     1.00     1.00    13.00
H26            18        8     Proaim(5)    1800(GS4)                  1.00     1.00     1.00    13.00
H27            18        8     Proaim(5)    1800(GS4)                  1.00     1.00     1.00    13.00
H28            42        8     Proaim(5)    4500(GS4)                  1.00     1.00     1.00    13.00
H29            15        8     Proaim(5)    1800(GS4)                  1.00     1.00     1.00    13.00
H30            18        8     Proaim(5)    1800(GS4)                  1.00     1.00     1.00    13.00
H31            17        8     Proaim(5)    1800(GS4)                  1.00     1.00     1.00    13.00
H32            31        8     Proaim(5)    4500(GS4)                  1.00     1.00     1.00    13.00
H33            52        8     Proaim(5)    4500(GS4)                  1.00     1.00     1.00    13.00
H34            23        8     Proaim(5)    1800(GS4)                  1.00     1.00     1.00    13.00
H35            15        8     Proaim(5)    1800(GS4)                  1.00     1.00     1.00    13.00
H36            24        8     Proaim(5)    1800(GS4)                  1.00     1.00     1.00    13.00
------------------------------------------------------------------------------------------------------
Total        2025
Note:  Total wall clock time is less than total of atomic times if more than one atom
       was calculated at a time
 
Electron Density Critical Point Analysis of Molecular Structure:               
---------------------------------------------------------------                
  NACP = Nuclear Attractor Critical Point                                      
  NNACP = Non-Nuclear Attractor Critical Point                                 
  BCP = Bond Critical Point                                                    
  RCP = Ring Critical Point                                                    
  CCP = Cage Critical Point                                                    
  Rho = Electron Density                                                       
  GradRho = Gradient of Electron Density                                       
  HessRho_EigVals = Eigenvalues of the Hessian of Rho, Ascending Order         
  HessRho_EigVecs = Eigenvectors of the Hessian of Rho                         
  DelSqRho = Laplacian of Rho = Trace of Hessian of Rho                        
  Bond Ellipticity = (HessRho_EigVal(1) / HessRho_EigVal(2)) - 1               
  V = Virial Field = Potential Energy Density = Trace of Stress Tensor         
  G = Lagrangian Form of Kinetic Energy Density                                
  K = Hamiltonian Form of Kinetic Energy Density                               
  L = K - G = Lagrangian Density = (-1/4)DelSqRho                              
  Vnuc = Electrostatic Potential from Nuclei                                   
  Ven = Electron-nuclear attractive contribution to Virial Field V             
  Vrep = V - Ven = Repulsive contribution to Virial Field V                    
  DelSqV = Laplacian of V                                                      
  DelSqVen = Laplacian of Ven                                                  
  DelSqVrep = Laplacian of Vrep                                                
  DelSqG = Laplacian of G                                                      
  DelSqK = Laplacian of K                                                      
  Stress_EigVals = Eigenvalues of Stress Tensor, Ascending Order               
  Stress_EigVecs = Eigenvectors of Stress Tensor                               
  -DivStress = Ehrenfest Force Density = Minus Divergence of Stress Tensor     
  ESP = Total Electrostatic Potential                                          
  ESPe = Electrostatic Potential from Electrons                                
  ESPn = Electrostatic Potential from Nuclei                                   
  BP = Bond Path                                                               
  BPL = Bond Path Length                                                       
  GBL = Geometric Bond Length                                                  
  GBL_I = Distance Between Nuclear Attractors                                  
  GBL_II = Distance Between Nuclei                                             
  GBL_III = Sum of Distances Between BCP and Nuclear Attractors                
  GBL_IV = Sum of Distances Between BCP and Nuclei                             

CP# 1      Coords =  6.35459506161621E+00  2.69759746404236E-01 -1.33050339016204E+00
           Type = (3,-3) NACP C1
           Rho =  1.1768807960E+02     Rho at Nucleus =  1.1768807947E+02
           GradRho = -4.9032264360E-11 -4.4882199639E-10 -3.1794099254E-10
           HessRho_EigVals = -1.4501651275E+05 -1.4501562272E+05 -1.4501529828E+05
           HessRho_EigVec1 =  9.7748872302E-01 -1.4062873760E-01  1.5728749008E-01
           HessRho_EigVec2 =  1.7034991271E-01  9.6587878114E-01 -1.9508738399E-01
           HessRho_EigVec3 = -1.2448575668E-01  2.1748962805E-01  9.6809170954E-01
           DelSqRho = -4.3504743374E+05
           Bond Ellipticity = NA
           V = -1.0877210025E+05
           G =  5.1209087632E+00
           K =  1.0876697934E+05
           L =  1.0876185843E+05
           Vnuc =  4.4217604313E+06
           Ven = -5.2038849362E+08
           Vrep =  5.2027972152E+08
           DelSqV =  2.4954557420E+09
           DelSqVen =  1.9236755395E+12
           DelSqVrep = -1.9211801165E+12
           DelSqG =  1.3404058886E+08
           DelSqK = -2.6294963309E+09
           Stress_EigVals = -3.6257643213E+04 -3.6257462307E+04 -3.6256994732E+04
           Stress_EigVec1 = -1.6127936364E-01  8.9386128512E-02  9.8285252551E-01
           Stress_EigVec2 =  1.4052635815E-01  9.8782232622E-01 -6.6778697799E-02
           Stress_EigVec3 =  9.7685275734E-01 -1.2734666012E-01  1.7187646328E-01
           -DivStress =  1.8103612638E+02  8.9167216340E+02  6.1865264762E+02
           ESP =  -1.4643703670E+01     ESP at Nucleus =  -1.4643703684E+01
           ESPe = -3.0598883768E+01     ESPe at Nucleus = -3.0598884123E+01
           ESPn =  1.5955180099E+01     ESPn at Nucleus =  1.5955180439E+01

CP# 2      Coords =  6.11297612179930E+00  1.56088813171481E+00  8.60659512191380E-01
           Type = (3,-3) NACP C2
           Rho =  1.1768327287E+02     Rho at Nucleus =  1.1768327272E+02
           GradRho = -1.6001417162E-10 -1.8082559809E-11  6.0820061249E-10
           HessRho_EigVals = -1.4501161446E+05 -1.4501089821E+05 -1.4501052673E+05
           HessRho_EigVec1 =  9.6285654327E-01 -1.3080679432E-01  2.3621358903E-01
           HessRho_EigVec2 =  2.5484834145E-01  7.2930792774E-01 -6.3495060390E-01
           HessRho_EigVec3 = -8.9216590070E-02  6.7156498501E-01  7.3555480487E-01
           DelSqRho = -4.3503303940E+05
           Bond Ellipticity = NA
           V = -1.0876849161E+05
           G =  5.1158782535E+00
           K =  1.0876337573E+05
           L =  1.0875825985E+05
           Vnuc =  4.2344805415E+06
           Ven = -4.9832752902E+08
           Vrep =  4.9821876053E+08
           DelSqV =  2.4953744599E+09
           DelSqVen =  1.8421388411E+12
           DelSqVrep = -1.8396434011E+12
           DelSqG =  1.3403735041E+08
           DelSqK = -2.6294118103E+09
           Stress_EigVals = -3.6256440413E+04 -3.6256231282E+04 -3.6255819912E+04
           Stress_EigVec1 = -1.6799620435E-02  8.0134560396E-01  5.9796571454E-01
           Stress_EigVec2 = -2.3528440733E-01 -5.8442434823E-01  7.7658832650E-01
           Stress_EigVec3 =  9.7178136452E-01 -1.2764561963E-01  1.9836223272E-01
           -DivStress =  3.1109700864E+02  3.7058540050E+01 -1.1082052350E+03
           ESP =  -1.4643999698E+01     ESP at Nucleus =  -1.4643999713E+01
           ESPe = -3.0655398177E+01     ESPe at Nucleus = -3.0655398390E+01
           ESPn =  1.6011398479E+01     ESPn at Nucleus =  1.6011398678E+01

CP# 3      Coords =  5.58235118613437E+00 -2.73414040213211E-01  2.97181416270325E+00
           Type = (3,-3) NACP C3
           Rho =  1.1754097864E+02     Rho at Nucleus =  1.1754097863E+02
           GradRho =  3.3587820056E-11  7.2947500633E-14  1.4737155859E-12
           HessRho_EigVals = -1.4483788545E+05 -1.4483770888E+05 -1.4483750335E+05
           HessRho_EigVec1 =  1.4406922369E-01  9.7488150487E-01 -1.6985320205E-01
           HessRho_EigVec2 =  9.8882013106E-01 -1.4849408828E-01 -1.3574024898E-02
           HessRho_EigVec3 =  3.8455262199E-02  1.6599866628E-01  9.8537588544E-01
           DelSqRho = -4.3451309768E+05
           Bond Ellipticity = NA
           V = -1.0863873713E+05
           G =  5.2313563828E+00
           K =  1.0863350578E+05
           L =  1.0862827442E+05
           Vnuc =  1.5862414721E+07
           Ven = -1.8644837500E+09
           Vrep =  1.8643751112E+09
           DelSqV =  2.4924113252E+09
           DelSqVen =  6.8924297708E+12
           DelSqVrep = -6.8899373594E+12
           DelSqG =  1.3387905366E+08
           DelSqK = -2.6262903789E+09
           Stress_EigVals = -3.6212984375E+04 -3.6212928007E+04 -3.6212824751E+04
           Stress_EigVec1 =  2.6676785072E-03  1.7288325211E-01  9.8493871110E-01
           Stress_EigVec2 =  9.9007953589E-01 -1.3882448399E-01  2.1685830931E-02
           Stress_EigVec3 =  1.4048272531E-01  9.7510981114E-01 -1.7153850911E-01
           -DivStress =  2.3701423398E+02  1.7084388705E+01  1.9479645469E+02
           ESP =  -1.4633211798E+01     ESP at Nucleus =  -1.4633211798E+01
           ESPe = -3.0407981940E+01     ESPe at Nucleus = -3.0407981453E+01
           ESPn =  1.5774770141E+01     ESPn at Nucleus =  1.5774769654E+01

CP# 4      Coords =  5.50476724402384E+00 -2.79185091366539E+00  1.64649679644969E+00
           Type = (3,-3) NACP C4
           Rho =  1.1768540169E+02     Rho at Nucleus =  1.1768540156E+02
           GradRho = -1.8636737943E-10  2.7341695711E-10  5.0515218375E-10
           HessRho_EigVals = -1.4501519830E+05 -1.4501447373E+05 -1.4501410859E+05
           HessRho_EigVec1 =  9.7148488142E-01 -5.5603022327E-02  2.3048954223E-01
           HessRho_EigVec2 = -2.7040340261E-02  9.3978851393E-01  3.4068514656E-01
           HessRho_EigVec3 = -2.3555454818E-01 -3.3720298485E-01  9.1148680837E-01
           DelSqRho = -4.3504378062E+05
           Bond Ellipticity = NA
           V = -1.0877117682E+05
           G =  5.1158337287E+00
           K =  1.0876606099E+05
           L =  1.0876094516E+05
           Vnuc =  4.3586074938E+06
           Ven = -5.1294447373E+08
           Vrep =  5.1283570256E+08
           DelSqV =  2.4954368770E+09
           DelSqVen =  1.8961850040E+12
           DelSqVrep = -1.8936895672E+12
           DelSqG =  1.3404157018E+08
           DelSqK = -2.6294784472E+09
           Stress_EigVals = -3.6257335322E+04 -3.6257126863E+04 -3.6256714637E+04
           Stress_EigVec1 = -2.0329800118E-01 -5.1960107148E-01  8.2987026048E-01
           Stress_EigVec2 = -3.9205877658E-02  8.5121040303E-01  5.2335814595E-01
           Stress_EigVec3 =  9.7833165229E-01 -7.3861873069E-02  1.9342078956E-01
           -DivStress =  2.7561337348E+02 -4.9736588917E+02 -9.6351604556E+02
           ESP =  -1.4643604000E+01     ESP at Nucleus =  -1.4643604014E+01
           ESPe = -3.0507655248E+01     ESPe at Nucleus = -3.0507655400E+01
           ESPn =  1.5864051248E+01     ESPn at Nucleus =  1.5864051386E+01

CP# 5      Coords =  5.98125286171346E+00 -2.44069693197569E+00 -8.39516095555937E-01
           Type = (3,-3) NACP C5
           Rho =  1.1769157435E+02     Rho at Nucleus =  1.1769157423E+02
           GradRho = -8.8320684100E-11  2.6163454693E-10 -4.6067925863E-10
           HessRho_EigVals = -1.4502166356E+05 -1.4502077549E+05 -1.4502046880E+05
           HessRho_EigVec1 =  9.8630118951E-01 -8.0875894845E-02  1.4376735794E-01
           HessRho_EigVec2 =  9.9369132239E-02  9.8697823363E-01 -1.2649008615E-01
           HessRho_EigVec3 = -1.3166525409E-01  1.3904336003E-01  9.8149437334E-01
           DelSqRho = -4.3506290785E+05
           Bond Ellipticity = NA
           V = -1.0877597464E+05
           G =  5.1238382982E+00
           K =  1.0877085080E+05
           L =  1.0876572696E+05
           Vnuc =  4.5372859247E+06
           Ven = -5.3400032378E+08
           Vrep =  5.3389154780E+08
           DelSqV =  2.4955450829E+09
           DelSqVen =  1.9740050063E+12
           DelSqVrep = -1.9715094613E+12
           DelSqG =  1.3404620412E+08
           DelSqK = -2.6295912871E+09
           Stress_EigVals = -3.6258930162E+04 -3.6258755899E+04 -3.6258288578E+04
           Stress_EigVec1 = -1.3377757891E-01  2.8802645648E-01  9.4823220772E-01
           Stress_EigVec2 =  1.2710846240E-01  9.5391668353E-01 -2.7182052843E-01
           Stress_EigVec3 =  9.8282602640E-01 -8.4164845729E-02  1.6422326442E-01
           -DivStress =  4.2717482979E+01 -5.3866816297E+02  9.2508590457E+02
           ESP =  -1.4642990815E+01     ESP at Nucleus =  -1.4642990830E+01
           ESPe = -3.0563776966E+01     ESPe at Nucleus = -3.0563777377E+01
           ESPn =  1.5920786150E+01     ESPn at Nucleus =  1.5920786547E+01

CP# 6      Coords = -1.70382779823663E+00  4.31236438224615E+00 -1.04628004903525E+00
           Type = (3,-3) NACP C6
           Rho =  1.1774868069E+02     Rho at Nucleus =  1.1774868067E+02
           GradRho =  1.1987329505E-11  3.0202237599E-11  4.0191053339E-12
           HessRho_EigVals = -1.4508760382E+05 -1.4508514826E+05 -1.4508511591E+05
           HessRho_EigVec1 =  1.3903143647E-01  6.6329186617E-02  9.8806411668E-01
           HessRho_EigVec2 =  9.3429509432E-01  3.2196195054E-01 -1.5307899639E-01
           HessRho_EigVec3 = -3.2827265558E-01  9.4442624985E-01 -1.7208201195E-02
           DelSqRho = -4.3525786799E+05
           Bond Ellipticity = NA
           V = -1.0882450629E+05
           G =  5.0196451628E+00
           K =  1.0881948664E+05
           L =  1.0881446700E+05
           Vnuc =  1.3126201162E+07
           Ven = -1.5455928693E+09
           Vrep =  1.5454840448E+09
           DelSqV =  2.4966497710E+09
           DelSqVen =  5.7132827279E+12
           DelSqVrep = -5.7107866025E+12
           DelSqG =  1.3410058349E+08
           DelSqK = -2.6307503545E+09
           Stress_EigVals = -3.6275178663E+04 -3.6275098595E+04 -3.6274229030E+04
           Stress_EigVec1 = -2.6758653679E-01  9.6330581354E-01 -2.0960794901E-02
           Stress_EigVec2 =  9.5340515819E-01  2.6156503962E-01 -1.5034072762E-01
           Stress_EigVec3 =  1.3934148578E-01  6.0213284620E-02  9.8841201465E-01
           -DivStress = -2.3625295536E+02 -2.5669618912E+02  1.4653996869E+02
           ESP =  -1.4558727144E+01     ESP at Nucleus =  -1.4558727145E+01
           ESPe = -3.1285717407E+01     ESPe at Nucleus = -3.1285717708E+01
           ESPn =  1.6726990262E+01     ESPn at Nucleus =  1.6726990562E+01

CP# 7      Coords =  4.17183749982306E-01  6.11777619289841E+00 -1.44152786329839E+00
           Type = (3,-3) NACP C7
           Rho =  1.1751750602E+02     Rho at Nucleus =  1.1751750567E+02
           GradRho = -2.0533359284E-09 -1.1635267836E-09  3.2795451814E-10
           HessRho_EigVals = -1.4480954067E+05 -1.4480905147E+05 -1.4480883282E+05
           HessRho_EigVec1 =  7.6666284510E-01  6.2798329641E-01 -1.3366024605E-01
           HessRho_EigVec2 =  1.1580760627E-01  6.9508339663E-02  9.9083661067E-01
           HessRho_EigVec3 = -6.3151934275E-01  7.7511648812E-01  1.9435780894E-02
           DelSqRho = -4.3442742496E+05
           Bond Ellipticity = NA
           V = -1.0861745381E+05
           G =  5.2987862505E+00
           K =  1.0861215503E+05
           L =  1.0860685624E+05
           Vnuc =  2.7221606078E+06
           Ven = -3.1990152561E+08
           Vrep =  3.1979290816E+08
           DelSqV =  2.4919243853E+09
           DelSqVen =  1.1825812685E+12
           DelSqVrep = -1.1800893523E+12
           DelSqG =  1.3385356102E+08
           DelSqK = -2.6257779463E+09
           Stress_EigVals = -3.6205914744E+04 -3.6205843365E+04 -3.6205695703E+04
           Stress_EigVec1 = -6.3790898411E-01  7.6992121843E-01  1.7130247899E-02
           Stress_EigVec2 =  1.1618062359E-01  7.4223170842E-02  9.9045089914E-01
           Stress_EigVec3 =  7.6129770175E-01  6.3380772977E-01 -1.3679755478E-01
           -DivStress =  1.5420209068E+03  8.7399632851E+02 -2.4056594272E+02
           ESP =  -1.4605762805E+01     ESP at Nucleus =  -1.4605762821E+01
           ESPe = -2.8937514872E+01     ESPe at Nucleus = -2.8937512296E+01
           ESPn =  1.4331752067E+01     ESPn at Nucleus =  1.4331749476E+01

CP# 8      Coords = -1.43048566410734E+00  1.76934869454433E+00 -9.84825985121229E-01
           Type = (3,-3) NACP C8
           Rho =  1.1764206353E+02     Rho at Nucleus =  1.1764206300E+02
           GradRho = -3.7163698577E-09 -2.3507487901E-09  5.7713720933E-10
           HessRho_EigVals = -1.4495881662E+05 -1.4495863785E+05 -1.4495800097E+05
           HessRho_EigVec1 =  3.5666107155E-01  1.6681342286E-01  9.1922040991E-01
           HessRho_EigVec2 =  6.6848280384E-01  6.4177567973E-01 -3.7583868597E-01
           HessRho_EigVec3 = -6.5262824105E-01  7.4853006543E-01  1.1738449699E-01
           DelSqRho = -4.3487545545E+05
           Bond Ellipticity = NA
           V = -1.0872930645E+05
           G =  5.2212940565E+00
           K =  1.0872408516E+05
           L =  1.0871886386E+05
           Vnuc =  2.2205635597E+06
           Ven = -2.6123167937E+08
           Vrep =  2.6112295006E+08
           DelSqV =  2.4944754705E+09
           DelSqVen =  9.6566858547E+11
           DelSqVrep = -9.6317411410E+11
           DelSqG =  1.3398733851E+08
           DelSqK = -2.6284628090E+09
           Stress_EigVals = -3.6243345956E+04 -3.6243141538E+04 -3.6242818956E+04
           Stress_EigVec1 = -5.4359899009E-01  8.3676225384E-01  6.5795657367E-02
           Stress_EigVec2 =  8.1692990846E-01  5.4544887086E-01 -1.8737943841E-01
           Stress_EigVec3 =  1.9268020823E-01  4.8108833135E-02  9.8008156677E-01
           -DivStress =  1.8483215200E+03  1.1454846903E+03 -2.8801138295E+02
           ESP =  -1.4578514436E+01     ESP at Nucleus =  -1.4578514465E+01
           ESPe = -3.3316425557E+01     ESPe at Nucleus = -3.3316423960E+01
           ESPn =  1.8737911121E+01     ESPn at Nucleus =  1.8737909495E+01

CP# 9      Coords = -3.47383134568189E+00 -6.82716876015723E-03 -5.48408534848499E-01
           Type = (3,-3) NACP C9
           Rho =  1.1770071358E+02     Rho at Nucleus =  1.1770071259E+02
           GradRho =  2.3697206795E-11 -6.3424742888E-14  2.3602604246E-13
           HessRho_EigVals = -1.4501169144E+05 -1.4500998785E+05 -1.4500897203E+05
           HessRho_EigVec1 =  3.7273753761E-01 -1.4408859509E-01  9.1668162675E-01
           HessRho_EigVec2 = -9.4708685346E-02  9.7680468946E-01  1.9204911761E-01
           HessRho_EigVec3 =  9.2309099929E-01  1.5840162695E-01 -3.5044533326E-01
           DelSqRho = -4.3503065133E+05
           Bond Ellipticity = NA
           V = -1.0876764916E+05
           G =  4.9931651935E+00
           K =  1.0876265600E+05
           L =  1.0875766283E+05
           Vnuc =  1.6270831018E+06
           Ven = -1.9150884213E+08
           Vrep =  1.9140007448E+08
           DelSqV =  2.4953327208E+09
           DelSqVen =  7.0783101338E+11
           DelSqVrep = -7.0533568066E+11
           DelSqG =  1.3401381223E+08
           DelSqK = -2.6293465330E+09
           Stress_EigVals = -3.6256267492E+04 -3.6256046154E+04 -3.6255335516E+04
           Stress_EigVec1 =  9.1894389519E-01  2.0466492178E-01 -3.3712666356E-01
           Stress_EigVec2 = -1.3838726138E-01  9.6778972853E-01  2.1031406809E-01
           Stress_EigVec3 =  3.6931163450E-01 -1.4661279323E-01  9.1766748089E-01
           -DivStress = -6.5258652977E+02  2.8715543163E+03  5.3130911128E+02
           ESP =  -1.4493894417E+01     ESP at Nucleus =  -1.4493894475E+01
           ESPe = -3.4076066601E+01     ESPe at Nucleus = -3.4076064716E+01
           ESPn =  1.9582172185E+01     ESPn at Nucleus =  1.9582170241E+01

CP# 10     Coords = -3.11033790010203E+00 -2.42028979513680E+00 -1.05392416297036E+00
           Type = (3,-3) NACP N10
           Rho =  1.9058813765E+02     Rho at Nucleus =  1.9058813765E+02
           GradRho = -5.1188353686E-12 -4.6003594651E-11  3.6103895806E-11
           HessRho_EigVals = -3.2063372688E+05 -3.2063333366E+05 -3.2062923358E+05
           HessRho_EigVec1 = -2.2685508571E-02  9.8743495556E-01  1.5638918201E-01
           HessRho_EigVec2 =  8.7183709440E-01  9.6095594997E-02 -4.8027670926E-01
           HessRho_EigVec3 =  4.8927032256E-01 -1.2545056863E-01  8.6306240000E-01
           DelSqRho = -9.6189629413E+05
           Bond Ellipticity = NA
           V = -2.4050878408E+05
           G =  1.7355273274E+01
           K =  2.4049142881E+05
           L =  2.4047407353E+05
           Vnuc =  5.1122741103E+07
           Ven = -9.7433880185E+09
           Vrep =  9.7431475097E+09
           DelSqV =  7.5515427320E+09
           DelSqVen =  4.9174959620E+13
           DelSqVrep = -4.9167408077E+13
           DelSqG =  4.0464287364E+08
           DelSqK = -7.9561856056E+09
           Stress_EigVals = -8.0170081148E+04 -8.0169378186E+04 -8.0169324745E+04
           Stress_EigVec1 =  5.0197787807E-01 -1.2701458853E-01  8.5550307085E-01
           Stress_EigVec2 =  2.4791127481E-01 -9.2651914765E-01 -2.8302344226E-01
           Stress_EigVec3 =  8.2858808207E-01  3.5416036389E-01 -4.3360376717E-01
           -DivStress =  2.2000191449E+02 -6.8177031069E+01 -2.2921361909E+02
           ESP =  -1.8105225730E+01     ESP at Nucleus =  -1.8105225730E+01
           ESPe = -3.6555596009E+01     ESPe at Nucleus = -3.6555595973E+01
           ESPn =  1.8450370279E+01     ESPn at Nucleus =  1.8450370243E+01

CP# 11     Coords = -4.92041969582690E+00 -4.44039737436136E+00 -4.11922189077174E-01
           Type = (3,-3) NACP C11
           Rho =  1.1752316938E+02     Rho at Nucleus =  1.1752316709E+02
           GradRho = -4.3171546579E-11 -6.3474109622E-11 -2.7442444747E-12
           HessRho_EigVals = -1.4480887925E+05 -1.4480695169E+05 -1.4480679474E+05
           HessRho_EigVec1 =  6.1439254243E-01  7.5429082084E-01 -2.3144580663E-01
           HessRho_EigVec2 =  4.8417707524E-01 -1.2882793029E-01  8.6543395137E-01
           HessRho_EigVec3 = -6.2297220132E-01  6.4377691942E-01  4.4436124314E-01
           DelSqRho = -4.3442262568E+05
           Bond Ellipticity = NA
           V = -1.0861615492E+05
           G =  5.2492523482E+00
           K =  1.0861090567E+05
           L =  1.0860565642E+05
           Vnuc =  1.0670822642E+06
           Ven = -1.2540688967E+08
           Vrep =  1.2529827351E+08
           DelSqV =  2.4918857376E+09
           DelSqVen =  4.6356467610E+11
           DelSqVrep = -4.6107279087E+11
           DelSqG =  1.3384349770E+08
           DelSqK = -2.6257292353E+09
           Stress_EigVals = -3.6205603781E+04 -3.6205559729E+04 -3.6204991414E+04
           Stress_EigVec1 = -5.9359712709E-01  6.3392590733E-01  4.9576243779E-01
           Stress_EigVec2 =  5.1862408193E-01 -1.6971917061E-01  8.3798834406E-01
           Stress_EigVec3 =  6.1536291110E-01  7.5454181272E-01 -2.2802442962E-01
           -DivStress = -2.8331460053E+03 -3.4183513761E+03  1.0358422300E+03
           ESP =  -1.4544701085E+01     ESP at Nucleus =  -1.4544701220E+01
           ESPe = -2.9894975393E+01     ESPe at Nucleus = -2.9894964996E+01
           ESPn =  1.5350274308E+01     ESPn at Nucleus =  1.5350263776E+01

CP# 12     Coords = -5.93884445306732E+00  8.67159426389312E-01  5.90219455117725E-01
           Type = (3,-3) NACP C12
           Rho =  1.1753989089E+02     Rho at Nucleus =  1.1753989039E+02
           GradRho =  3.8891884387E-09 -1.2511607147E-09 -3.8587832484E-10
           HessRho_EigVals = -1.4484325175E+05 -1.4484266645E+05 -1.4484227647E+05
           HessRho_EigVec1 =  8.3012814568E-01 -2.9661664633E-01 -4.7212903625E-01
           HessRho_EigVec2 =  4.3914136475E-01 -1.7395660617E-01  8.8141588421E-01
           HessRho_EigVec3 =  3.4357258842E-01  9.3901952285E-01  1.4149636034E-02
           DelSqRho = -4.3452819467E+05
           Bond Ellipticity = NA
           V = -1.0864253510E+05
           G =  5.2432139496E+00
           K =  1.0863729188E+05
           L =  1.0863204867E+05
           Vnuc =  2.2865327189E+06
           Ven = -2.6875880629E+08
           Vrep =  2.6865016375E+08
           DelSqV =  2.4925048239E+09
           DelSqVen =  9.9356295168E+11
           DelSqVrep = -9.9107043866E+11
           DelSqG =  1.3389002099E+08
           DelSqK = -2.6263948448E+09
           Stress_EigVals = -3.6214319648E+04 -3.6214193975E+04 -3.6214021473E+04
           Stress_EigVec1 =  3.4535837807E-01  9.3832978881E-01  1.6272618864E-02
           Stress_EigVec2 =  5.2347549928E-01 -2.0700203804E-01  8.2651289034E-01
           Stress_EigVec3 =  7.7891013111E-01 -2.7692483397E-01 -5.6268254280E-01
           -DivStress = -2.0163346338E+03  6.5003336473E+02  1.8618023063E+02
           ESP =  -1.4572166720E+01     ESP at Nucleus =  -1.4572166746E+01
           ESPe = -3.1326476672E+01     ESPe at Nucleus = -3.1326472534E+01
           ESPn =  1.6754309951E+01     ESPn at Nucleus =  1.6754305788E+01

CP# 13     Coords = -5.86662277302106E+00  9.24073211390683E-01  3.50998766656650E+00
           Type = (3,-3) NACP C13
           Rho =  1.1752516316E+02     Rho at Nucleus =  1.1752516270E+02
           GradRho =  2.2951911986E-10 -4.6561372813E-10 -3.5192424163E-09
           HessRho_EigVals = -1.4481958593E+05 -1.4481878839E+05 -1.4481869456E+05
           HessRho_EigVec1 =  1.4645354834E-02  1.7519083124E-02  9.9973926366E-01
           HessRho_EigVec2 =  3.9826428968E-02  9.9904284016E-01 -1.8090303544E-02
           HessRho_EigVec3 =  9.9909927892E-01 -4.0080983685E-02 -1.3933614369E-02
           DelSqRho = -4.3445706888E+05
           Bond Ellipticity = NA
           V = -1.0862471383E+05
           G =  5.2233067603E+00
           K =  1.0861949053E+05
           L =  1.0861426722E+05
           Vnuc =  2.3833916042E+06
           Ven = -2.8010848717E+08
           Vrep =  2.7999986245E+08
           DelSqV =  2.4920920585E+09
           DelSqVen =  1.0354813501E+12
           DelSqVrep = -1.0329892581E+12
           DelSqG =  1.3386302521E+08
           DelSqK = -2.6259550837E+09
           Stress_EigVals = -3.6208341471E+04 -3.6208314423E+04 -3.6208057940E+04
           Stress_EigVec1 =  9.9855168864E-01 -5.1654435972E-02 -1.5044745472E-02
           Stress_EigVec2 =  5.1323640857E-02  9.9844843526E-01 -2.1601065072E-02
