AIMSum (Version 19.02.13, Professional)
Copyright (c) 1997-2019 by Todd A. Keith
AIMSum is a component of the AIMAll package ( http://aim.tkgristmill.com )

TP:  64-bit Linux

Much of the Quantum Theory of Atoms in Molecules (QTAIM) is described in the book:
  "Atoms in Molecules - A Quantum Theory"
  R.F.W. Bader, Oxford University Press, Oxford, 1990

For additional references see:  http://aim.tkgristmill.com/references.html

Wfn File:  /home/mhennefarth/Documents/ML_Diels/summary-gordillo2006/10btn-opt/10btn-opt.wfn
Sum File:  /home/mhennefarth/Documents/ML_Diels/summary-gordillo2006/10btn-opt/10btn-opt.sum

SumViz File:  /home/mhennefarth/Documents/ML_Diels/summary-gordillo2006/10btn-opt/10btn-opt.sumviz

Wfn Title:   Title Card Required                                                           
 
Total memory allocated for AIMSum =        1.990 Megabytes

Atomic units (a.u.) used throughout, except where stated otherwise

Model:  Restricted SCF
 
Restricted, closed-shell, single-determinant wavefunction.
  Number of electrons (from MO Occs)                   =         106.0000000000
  Number of Alpha electrons (from MO Occs)             =          53.0000000000
  Number of Beta electrons (from MO Occs)              =          53.0000000000
  Number of electron pairs (N*(N-1)/2)                 =        5565.0000000000
  Number of electron pairs (from Muller 2EDM)          =        5565.0000000000
 
Nuclear Charges and Cartesian Coordinates:
-------------------------------------------------------------------------------
Atom      Charge                X                  Y                  Z
-------------------------------------------------------------------------------
C1         6.0          -7.1913031800E+00  -7.9289694000E-01  -1.1767832400E+00
C2         6.0          -6.2419489400E+00   1.6836792500E+00  -1.4327298000E-01
C3         6.0          -5.0532762600E+00   1.2606798800E+00   2.0784616000E+00
C4         6.0          -5.0941168200E+00  -1.4620044500E+00   2.6366918100E+00
C5         6.0          -6.3107185100E+00  -2.6898305000E+00   7.5453998000E-01
C6         6.0           1.6636534400E+00   1.8374178200E+00  -8.2228314000E-01
C7         6.0           3.4613378600E+00  -2.2317113000E-01  -6.0972133000E-01
N8         7.0           2.7022074000E+00  -2.5454751100E+00  -1.1014569600E+00
C9         6.0           1.8783519000E-01  -3.0991634700E+00  -2.1943463600E+00
C10        6.0           2.2905409000E+00   4.3147096600E+00  -9.2000184000E-01
C11        6.0           4.1703411000E-01   6.4085314200E+00  -1.0771962600E+00
C12        6.0           4.2453824400E+00  -4.8223292300E+00  -6.5248256000E-01
H13        1.0          -6.5046765400E+00  -1.1963498800E+00  -3.0983099900E+00
H14        1.0          -9.2669138300E+00  -7.9051744000E-01  -1.3254164200E+00
H15        1.0           4.2654265300E+00   4.8901157400E+00  -9.2517188000E-01
H16        1.0          -3.3259953000E-01   1.3595370800E+00  -8.5165859000E-01
H17        1.0          -6.5904078900E+00   3.4972173500E+00  -1.0309694600E+00
H18        1.0          -6.7100336400E+00  -4.6966672000E+00   6.5122653000E-01
H19        1.0           3.0282640000E+00  -6.2598129900E+00   1.9357384000E-01
H20        1.0           4.9732398900E+00  -5.5374171800E+00  -2.4522788000E+00
H21        1.0           5.8020184400E+00  -4.4455212600E+00   6.3129577000E-01
H22        1.0          -2.6552039000E-01  -1.7274453700E+00  -3.6626775700E+00
H23        1.0           2.6418730000E-01  -4.9755121500E+00  -3.0422031100E+00
H24        1.0          -1.2771510500E+00  -3.0725539200E+00  -7.2936612000E-01
H25        1.0          -1.5311722300E+00   5.7254897500E+00  -1.0450085600E+00
H26        1.0           6.9806984000E-01   7.7333219200E+00   4.9580528000E-01
H27        1.0           7.2295340000E-01   7.5102867900E+00  -2.8097052100E+00
H28        1.0          -4.3214501100E+00  -2.3071858600E+00   4.3385416900E+00
H29        1.0          -4.2491265600E+00   2.6827330900E+00   3.3189407300E+00
C30        6.0           6.1236374900E+00   2.6025522000E-01   2.9026224000E-01
H31        1.0           7.4279582900E+00  -1.1105258400E+00  -5.3519806000E-01
H32        1.0           6.7213217800E+00   2.1033048500E+00  -4.2112331000E-01
C33        6.0           6.3371036700E+00   2.6156207000E-01   3.2038758900E+00
H34        1.0           5.8239966000E+00  -1.5685494500E+00   4.0201985800E+00
H35        1.0           8.2862760500E+00   6.7995315000E-01   3.7462962000E+00
H36        1.0           5.1089195400E+00   1.6997869500E+00   4.0369444500E+00
 
Some Atomic Properties:
----------------------
  q(A) = Net Charge of Atom A
  L(A) = Lagrangian of Atom A = -(1/4) Times Atomic Integral of the Laplacian of the Electron Density
  K(A) = Electronic Kinetic Energy of Atom A (Hamiltonian Form)
  K_Scaled(A) = K(A) * E(Mol)/K(Mol) = Approximation to Virial-Based Total Energy of Atom A.
  |Mu_Intra(A)| = Magnitude of Intraatomic Dipole Moment of Atom A
--------------------------------------------------------------------------------------------------
Atom A          q(A)              L(A)              K(A)          K_Scaled(A)      |Mu_Intra(A)|
--------------------------------------------------------------------------------------------------
C1       -1.5046214800E-02 -1.7713376895E-04  3.7707025288E+01 -3.8090929562E+01  1.5090898882E-01
C2       -8.1092001500E-02 -4.2474852358E-05  3.7731961847E+01 -3.8116120006E+01  1.9268807907E-01
C3       -7.0571173900E-02 -8.9233274844E-05  3.7732031956E+01 -3.8116190829E+01  1.7177186489E-01
C4       -6.9567107300E-02  1.1296786803E-05  3.7732439618E+01 -3.8116602642E+01  1.7362119756E-01
C5       -8.0031447200E-02 -7.8048405792E-05  3.7735277746E+01 -3.8119469665E+01  1.9225970744E-01
C6       -3.4350680100E-02 -4.1464557652E-05  3.7729799308E+01 -3.8113935450E+01  1.7739696824E-01
C7        6.2519334750E-01  6.8876877423E-05  3.7318739149E+01 -3.7698690188E+01  7.9764592827E-01
N8       -1.2121125536E+00 -2.5727013489E-04  5.4958220230E+01 -5.5517763060E+01  3.4415983575E-01
C9        2.5580903640E-01  1.6445325309E-04  3.7553403882E+01 -3.7935744100E+01  5.3169247004E-01
C10      -8.2488907000E-03 -1.1665179316E-04  3.7710988261E+01 -3.8094932883E+01  7.7766103676E-02
C11      -2.1543558300E-02  2.8163366041E-05  3.7696372173E+01 -3.8080167985E+01  1.6927341758E-01
C12       2.8136110460E-01 -2.5528295420E-04  3.7535684250E+01 -3.7917844060E+01  5.2708565059E-01
H13       4.1714033910E-02  2.7060325117E-05  5.9022528992E-01 -5.9623451525E-01  1.5134619249E-01
H14       7.4394071770E-02  1.9046495415E-05  5.7705198733E-01 -5.8292709210E-01  1.4387411564E-01
H15       7.0566788110E-02  1.8831697415E-05  5.9180909995E-01 -5.9783445043E-01  1.3692008937E-01
H16       9.1295431240E-02  1.2995033954E-05  5.8181007747E-01 -5.8773362550E-01  1.3471034974E-01
H17       6.1157706230E-02  1.6560691521E-05  5.8550414157E-01 -5.9146529975E-01  1.4682302047E-01
H18       6.5716571220E-02  2.5079783082E-05  5.8406248295E-01 -5.9000896327E-01  1.4575753651E-01
H19       8.1485048520E-02  2.8430692887E-05  5.8407086227E-01 -5.9001742789E-01  1.3890083575E-01
H20       8.2408486750E-02  2.7916253350E-05  5.8125574470E-01 -5.8717364894E-01  1.3956218754E-01
H21       7.6086787040E-02  7.6598611901E-05  5.9244576009E-01 -5.9847759256E-01  1.2910048028E-01
H22       7.5993719090E-02  3.4442063783E-05  5.8832181068E-01 -5.9431165624E-01  1.3853058712E-01
H23       7.4441472980E-02  3.5080566666E-05  5.8842705594E-01 -5.9441797302E-01  1.3827809684E-01
H24       1.0362431789E-01  1.8777298627E-05  5.7027671054E-01 -5.7608283460E-01  1.3633706858E-01
H25       5.2052251400E-02  3.2210027800E-05  5.9052738068E-01 -5.9653968167E-01  1.4165806146E-01
H26       7.1211714920E-02  2.2680746489E-05  5.7908212498E-01 -5.8497789907E-01  1.4146373758E-01
H27       7.2465736160E-02  2.3104413991E-05  5.7849589751E-01 -5.8438570308E-01  1.4133392732E-01
H28       5.5947501610E-02  2.0208113982E-05  5.8835741613E-01 -5.9434762419E-01  1.4687388202E-01
H29       5.2414399030E-02  2.2916697803E-05  5.8981155669E-01 -5.9581656970E-01  1.4729739543E-01
C30       2.0631351400E-02  9.8954012266E-05  3.7689681805E+01 -3.8073409501E+01  1.6974866741E-01
H31       4.8127914870E-02 -5.6304406067E-06  6.0286757781E-01 -6.0900551731E-01  1.4073596156E-01
H32       5.1403370850E-02  5.3599468521E-05  6.0215931658E-01 -6.0829004510E-01  1.3672706948E-01
C33      -1.9172493000E-02  2.1664703369E-05  3.7673144415E+01 -3.8056703740E+01  1.1542727942E-01
H34       2.7302655580E-02  2.8477246534E-05  6.0135316257E-01 -6.0747568345E-01  1.4603909154E-01
H35       5.8678479930E-02  3.0762962693E-05  5.8828000800E-01 -5.9426942795E-01  1.4246782385E-01
H36       4.0299108720E-02  2.4280475597E-05  5.9589269810E-01 -6.0195962467E-01  1.4685774471E-01
--------------------------------------------------------------------------------------------------
Total     1.0000462873E+00 -7.0721516333E-05  5.5743685809E+02 -5.6311225653E+02
 
1st Largest |L(A)| = 2.5727013489E-04, atom N8      
2nd Largest |L(A)| = 2.5528295420E-04, atom C12     
 
Molecular charge q(Mol) from the wfn file:   1.0000000000E+00
Molecular energy E(Mol) from the wfn file:  -5.6311228285E+02
Molecular virial ratio (-V(Mol)/T(Mol)) from the wfn file:   2.0101812400E+00
Note.  K_Scaled(A) = (1+V(Mol)/T(Mol))*K(A) = (E(Mol)/T(Mol))*K(A)
       Only use K_Scaled(A) data with caution.
 
N_AIMInt(SumA)     =        105.999954
N_Analytic(Mol)    =        105.999983
 
G_AIMInt(SumA)     =        557.436929
G_Analytic(Mol)    =        557.436848
 
K_AIMInt(SumA)     =        557.436858
K_Analytic(Mol)    =        557.436848
 
L_AIMInt(SumA)     =         -0.000071
L_Analytic(Mol)    =          0.000000
 
VenT_AIMInt(SumA)  =      -3039.959818
VenT_Analytic(Mol) =      -3039.959186
 
Some Information About the Atomic Calculations:
----------------------------------------------
  Time(sec) = "Elapsed User Time", in Seconds, for Atom A by AIMInt and, if used, by TWOe
  NProc = Number of Processors Used for AIMInt Job
  BIM = Basin Integration Method
  OAQ = Angular Quadrature Outside of Beta Sphere
  ORQ = Multiple of Default for Radial Quadrature Outside of Beta Sphere
  IAQ = Multiple of Default for Angular Quadrature Inside of Beta Sphere
  IRQ = Multiple of Default for Radial Quadrature Inside of Beta Sphere
  MIR = Maximum Integration Radius
------------------------------------------------------------------------------------------------------
Atom A     Time(sec)   NProc      BIM          OAQ                     ORQ      IAQ      IRQ      MIR
------------------------------------------------------------------------------------------------------
C1             32        8     Proaim(5)    4500(GS4)                  1.00     1.00     1.00    13.00
C2             52        8     Proaim(5)    4500(GS4)                  1.00     1.00     1.00    13.00
C3             43        8     Proaim(5)    4500(GS4)                  1.00     1.00     1.00    13.00
C4             35        8     Proaim(5)    4500(GS4)                  1.00     1.00     1.00    13.00
C5             49        8     Proaim(5)    4500(GS4)                  1.00     1.00     1.00    13.00
C6             49        8     Proaim(5)    4500(GS4)                  1.00     1.00     1.00    13.00
C7             56        8     Proaim(5)    4500(GS4)                  1.00     1.00     1.00    13.00
N8             55        8     Proaim(5)    4500(GS4)                  1.00     1.00     1.00    13.00
C9             49        8     Proaim(5)    4500(GS4)                  1.00     1.00     1.00    13.00
C10            31        8     Proaim(5)    4500(GS4)                  1.00     1.00     1.00    13.00
C11            59        8     Proaim(5)    4500(GS4)                  1.00     1.00     1.00    13.00
C12            67        8     Proaim(5)    4500(GS4)                  1.00     1.00     1.00    13.00
H13            25        8     Proaim(5)    1800(GS4)                  1.00     1.00     1.00    13.00
H14            16        8     Proaim(5)    1800(GS4)                  1.00     1.00     1.00    13.00
H15            36        8     Proaim(5)    4500(GS4)                  1.00     1.00     1.00    13.00
H16            53        8     Proaim(5)    4500(GS4)                  1.00     1.00     1.00    13.00
H17            22        8     Proaim(5)    1800(GS4)                  1.00     1.00     1.00    13.00
H18            15        8     Proaim(5)    1800(GS4)                  1.00     1.00     1.00    13.00
H19            17        8     Proaim(5)    1800(GS4)                  1.00     1.00     1.00    13.00
H20            15        8     Proaim(5)    1800(GS4)                  1.00     1.00     1.00    13.00
H21            43        8     Proaim(5)    4500(GS4)                  1.00     1.00     1.00    13.00
H22            23        8     Proaim(5)    1800(GS4)                  1.00     1.00     1.00    13.00
H23            16        8     Proaim(5)    1800(GS4)                  1.00     1.00     1.00    13.00
H24            71        8     Proaim(5)    4500(GS4)                  1.00     1.00     1.00    13.00
H25            67        8     Proaim(5)    4500(GS4)                  1.00     1.00     1.00    13.00
H26            16        8     Proaim(5)    1800(GS4)                  1.00     1.00     1.00    13.00
H27            15        8     Proaim(5)    1800(GS4)                  1.00     1.00     1.00    13.00
H28            17        8     Proaim(5)    1800(GS4)                  1.00     1.00     1.00    13.00
H29            25        8     Proaim(5)    1800(GS4)                  1.00     1.00     1.00    13.00
C30           117        8     Proaim(5)    4500(GS4)                  1.00     1.00     1.00    13.00
H31            61        8     Proaim(5)    4500(GS4)                  1.00     1.00     1.00    13.00
H32            35        8     Proaim(5)    4500(GS4)                  1.00     1.00     1.00    13.00
C33            95        8     Proaim(5)    4500(GS4)                  1.00     1.00     1.00    13.00
H34            28        8     Proaim(5)    1800(GS4)                  1.00     1.00     1.00    13.00
H35            19        8     Proaim(5)    1800(GS4)                  1.00     1.00     1.00    13.00
H36            22        8     Proaim(5)    1800(GS4)                  1.00     1.00     1.00    13.00
------------------------------------------------------------------------------------------------------
Total        1446
Note:  Total wall clock time is less than total of atomic times if more than one atom
       was calculated at a time
 
Electron Density Critical Point Analysis of Molecular Structure:               
---------------------------------------------------------------                
  NACP = Nuclear Attractor Critical Point                                      
  NNACP = Non-Nuclear Attractor Critical Point                                 
  BCP = Bond Critical Point                                                    
  RCP = Ring Critical Point                                                    
  CCP = Cage Critical Point                                                    
  Rho = Electron Density                                                       
  GradRho = Gradient of Electron Density                                       
  HessRho_EigVals = Eigenvalues of the Hessian of Rho, Ascending Order         
  HessRho_EigVecs = Eigenvectors of the Hessian of Rho                         
  DelSqRho = Laplacian of Rho = Trace of Hessian of Rho                        
  Bond Ellipticity = (HessRho_EigVal(1) / HessRho_EigVal(2)) - 1               
  V = Virial Field = Potential Energy Density = Trace of Stress Tensor         
  G = Lagrangian Form of Kinetic Energy Density                                
  K = Hamiltonian Form of Kinetic Energy Density                               
  L = K - G = Lagrangian Density = (-1/4)DelSqRho                              
  Vnuc = Electrostatic Potential from Nuclei                                   
  Ven = Electron-nuclear attractive contribution to Virial Field V             
  Vrep = V - Ven = Repulsive contribution to Virial Field V                    
  DelSqV = Laplacian of V                                                      
  DelSqVen = Laplacian of Ven                                                  
  DelSqVrep = Laplacian of Vrep                                                
  DelSqG = Laplacian of G                                                      
  DelSqK = Laplacian of K                                                      
  Stress_EigVals = Eigenvalues of Stress Tensor, Ascending Order               
  Stress_EigVecs = Eigenvectors of Stress Tensor                               
  -DivStress = Ehrenfest Force Density = Minus Divergence of Stress Tensor     
  ESP = Total Electrostatic Potential                                          
  ESPe = Electrostatic Potential from Electrons                                
  ESPn = Electrostatic Potential from Nuclei                                   
  BP = Bond Path                                                               
  BPL = Bond Path Length                                                       
  GBL = Geometric Bond Length                                                  
  GBL_I = Distance Between Nuclear Attractors                                  
  GBL_II = Distance Between Nuclei                                             
  GBL_III = Sum of Distances Between BCP and Nuclear Attractors                
  GBL_IV = Sum of Distances Between BCP and Nuclei                             

CP# 1      Coords = -7.19130279057590E+00 -7.92896923441816E-01 -1.17678317020291E+00
           Type = (3,-3) NACP C1
           Rho =  1.1754137687E+02     Rho at Nucleus =  1.1754137686E+02
           GradRho = -3.8553996973E-11 -1.5971030210E-12 -5.6517681215E-12
           HessRho_EigVals = -1.4483856946E+05 -1.4483837869E+05 -1.4483817687E+05
           HessRho_EigVec1 =  1.2008672556E-02  9.8089316071E-01 -1.9417620621E-01
           HessRho_EigVec2 =  7.7050949662E-01 -1.3284664688E-01 -6.2343153917E-01
           HessRho_EigVec3 =  6.3731539084E-01  1.4212802568E-01  7.5738280738E-01
           DelSqRho = -4.3451512502E+05
           Bond Ellipticity = NA
           V = -1.0863924577E+05
           G =  5.2322578057E+00
           K =  1.0863401351E+05
           L =  1.0862878125E+05
           Vnuc =  1.5152451398E+07
           Ven = -1.7810400002E+09
           Vrep =  1.7809313610E+09
           DelSqV =  2.4924231213E+09
           DelSqVen =  6.5839667610E+12
           DelSqVrep = -6.5814743378E+12
           DelSqG =  1.3387986371E+08
           DelSqK = -2.6263029850E+09
           Stress_EigVals = -3.6213154840E+04 -3.6213098951E+04 -3.6212991979E+04
           Stress_EigVec1 =  6.0540918570E-01  1.4821891668E-01  7.8199160520E-01
           Stress_EigVec2 =  7.9578622086E-01 -1.3035566219E-01 -5.9138117321E-01
           Stress_EigVec3 =  1.4283156680E-02  9.8032573876E-01 -1.9686908686E-01
           -DivStress = -3.1630749775E+02 -1.4044967717E+01 -5.9568959380E+01
           ESP =  -1.4633420320E+01     ESP at Nucleus =  -1.4633420319E+01
           ESPe = -2.9968642231E+01     ESPe at Nucleus = -2.9968641661E+01
           ESPn =  1.5335221912E+01     ESPn at Nucleus =  1.5335221341E+01

CP# 2      Coords = -6.24194947713996E+00  1.68367870319620E+00 -1.43274085796302E-01
           Type = (3,-3) NACP C2
           Rho =  1.1768450844E+02     Rho at Nucleus =  1.1768450831E+02
           GradRho = -2.7247223661E-10 -2.1421233797E-10 -4.5249491914E-10
           HessRho_EigVals = -1.4501337296E+05 -1.4501262245E+05 -1.4501226003E+05
           HessRho_EigVec1 =  8.9745001948E-01 -5.9453608590E-02 -4.3709121583E-01
           HessRho_EigVec2 =  2.0510316390E-01  9.3349265473E-01  2.9414988648E-01
           HessRho_EigVec3 =  3.9053316721E-01 -3.5363361263E-01  8.4995712440E-01
           DelSqRho = -4.3503825543E+05
           Bond Ellipticity = NA
           V = -1.0876978776E+05
           G =  5.1119531558E+00
           K =  1.0876467581E+05
           L =  1.0875956386E+05
           Vnuc =  4.4594122703E+06
           Ven = -5.2480374096E+08
           Vrep =  5.2469497117E+08
           DelSqV =  2.4954044097E+09
           DelSqVen =  1.9400147599E+12
           DelSqVrep = -1.9375193555E+12
           DelSqG =  1.3403915183E+08
           DelSqK = -2.6294435615E+09
           Stress_EigVals = -3.6256873704E+04 -3.6256666933E+04 -3.6256247128E+04
           Stress_EigVec1 =  3.5742742928E-01 -5.3899318940E-01  7.6271355998E-01
           Stress_EigVec2 =  3.1387356208E-01  8.3848529160E-01  4.4545011259E-01
           Stress_EigVec3 =  8.7961867865E-01 -8.0179533300E-02 -4.6887335456E-01
           -DivStress =  4.4110447812E+02  4.4919539694E+02  8.9440036071E+02
           ESP =  -1.4642746370E+01     ESP at Nucleus =  -1.4642746384E+01
           ESPe = -3.0581842875E+01     ESPe at Nucleus = -3.0581843376E+01
           ESPn =  1.5939096505E+01     ESPn at Nucleus =  1.5939096992E+01

CP# 3      Coords = -5.05327550383002E+00  1.26067917398837E+00  2.07846249180865E+00
           Type = (3,-3) NACP C3
           Rho =  1.1769080811E+02     Rho at Nucleus =  1.1769080797E+02
           GradRho =  2.6543071734E-10 -2.9825876534E-10  3.7900315091E-10
           HessRho_EigVals = -1.4502117369E+05 -1.4502032217E+05 -1.4502001041E+05
           HessRho_EigVec1 =  8.5551156628E-01 -8.3937394209E-02 -5.1093490175E-01
           HessRho_EigVec2 =  2.4980753285E-02  9.9231475391E-01 -1.2119154729E-01
           HessRho_EigVec3 =  5.1718074397E-01  9.0917231719E-02  8.5103356869E-01
           DelSqRho = -4.3506150627E+05
           Bond Ellipticity = NA
           V = -1.0877562516E+05
           G =  5.1242939167E+00
           K =  1.0877050086E+05
           L =  1.0876537657E+05
           Vnuc =  4.3928595419E+06
           Ven = -5.1699918939E+08
           Vrep =  5.1689041377E+08
           DelSqV =  2.4955376476E+09
           DelSqVen =  1.9111639122E+12
           DelSqVrep = -1.9086683745E+12
           DelSqG =  1.3404621280E+08
           DelSqK = -2.6295838604E+09
           Stress_EigVals = -3.6258811276E+04 -3.6258636770E+04 -3.6258177110E+04
           Stress_EigVec1 =  4.9889018548E-01  2.4969207353E-01  8.2991713517E-01
           Stress_EigVec2 = -4.7946732157E-02  9.6408355111E-01 -2.6123555912E-01
           Stress_EigVec3 =  8.6533790724E-01 -9.0536041951E-02 -4.9294374060E-01
           -DivStress = -6.0695526090E+02  5.7774102203E+02 -7.2307386685E+02
           ESP =  -1.4642277877E+01     ESP at Nucleus =  -1.4642277893E+01
           ESPe = -3.1052019361E+01     ESPe at Nucleus = -3.1052019688E+01
           ESPn =  1.6409741484E+01     ESPn at Nucleus =  1.6409741796E+01

CP# 4      Coords = -5.09411604789340E+00 -1.46200343650217E+00  2.63669231777402E+00
           Type = (3,-3) NACP C4
           Rho =  1.1769068566E+02     Rho at Nucleus =  1.1769068552E+02
           GradRho =  2.8379344534E-10  4.2258644804E-10  2.5220947206E-10
           HessRho_EigVals = -1.4502079254E+05 -1.4501992851E+05 -1.4501961296E+05
           HessRho_EigVec1 =  8.5536214034E-01 -1.4415415717E-01 -4.9756927944E-01
           HessRho_EigVec2 =  1.3710809983E-02  9.6646524322E-01 -2.5643117466E-01
           HessRho_EigVec3 =  5.1784903453E-01  2.1251944056E-01  8.2865424926E-01
           DelSqRho = -4.3506033401E+05
           Bond Ellipticity = NA
           V = -1.0877533184E+05
           G =  5.1241664076E+00
           K =  1.0877020767E+05
           L =  1.0876508350E+05
           Vnuc =  4.3746154138E+06
           Ven = -5.1485148755E+08
           Vrep =  5.1474271222E+08
           DelSqV =  2.4955306816E+09
           DelSqVen =  1.9032215716E+12
           DelSqVrep = -1.9007260737E+12
           DelSqG =  1.3404562832E+08
           DelSqK = -2.6295763099E+09
           Stress_EigVals = -3.6258715720E+04 -3.6258538747E+04 -3.6258077369E+04
           Stress_EigVec1 =  4.9627856347E-01  7.1354253031E-02  8.6522607335E-01
           Stress_EigVec2 =  8.1227648304E-02  9.8842859022E-01 -1.2810539090E-01
           Stress_EigVec3 =  8.6435505239E-01 -1.3385623856E-01 -4.8473998268E-01
           -DivStress = -6.2037597009E+02 -8.2647248892E+02 -4.0964683271E+02
           ESP =  -1.4642619701E+01     ESP at Nucleus =  -1.4642619717E+01
           ESPe = -3.0779382505E+01     ESPe at Nucleus = -3.0779382628E+01
           ESPn =  1.6136762804E+01     ESPn at Nucleus =  1.6136762911E+01

CP# 5      Coords = -6.31071893495952E+00 -2.68983035255546E+00  7.54538684690994E-01
           Type = (3,-3) NACP C5
           Rho =  1.1769064936E+02     Rho at Nucleus =  1.1769064923E+02
           GradRho = -1.9672437897E-10  8.2221061665E-11 -5.4646488072E-10
           HessRho_EigVals = -1.4502296280E+05 -1.4502222557E+05 -1.4502186173E+05
           HessRho_EigVec1 =  8.9661162235E-01 -1.3663527727E-01 -4.2121063576E-01
           HessRho_EigVec2 =  1.9590176083E-01 -7.3066609824E-01  6.5402565163E-01
           HessRho_EigVec3 =  3.9712730802E-01  6.6892290579E-01  6.2835662433E-01
           DelSqRho = -4.3506705011E+05
           Bond Ellipticity = NA
           V = -1.0877699927E+05
           G =  5.1183727695E+00
           K =  1.0877188090E+05
           L =  1.0876676253E+05
           Vnuc =  4.3757839361E+06
           Ven = -5.1498885291E+08
           Vrep =  5.1488007591E+08
           DelSqV =  2.4955712612E+09
           DelSqVen =  1.9037593272E+12
           DelSqVrep = -1.9012637560E+12
           DelSqG =  1.3404997283E+08
           DelSqK = -2.6296212341E+09
           Stress_EigVals = -3.6259277692E+04 -3.6259068450E+04 -3.6258653130E+04
           Stress_EigVec1 =  3.7156117043E-01  7.9301680816E-01  4.8276975734E-01
           Stress_EigVec2 =  2.9868597153E-01 -5.9445727672E-01  7.4659710458E-01
           Stress_EigVec3 =  8.7905004809E-01 -1.3320994003E-01 -4.5774023729E-01
           -DivStress =  3.4804213156E+02 -1.2531928355E+02  1.0514903452E+03
           ESP =  -1.4643784967E+01     ESP at Nucleus =  -1.4643784980E+01
           ESPe = -3.0272610855E+01     ESPe at Nucleus = -3.0272611056E+01
           ESPn =  1.5628825888E+01     ESPn at Nucleus =  1.5628826075E+01

CP# 6      Coords =  1.66365557233510E+00  1.83741609395767E+00 -8.22283051380925E-01
           Type = (3,-3) NACP C6
           Rho =  1.1764466364E+02     Rho at Nucleus =  1.1764466310E+02
           GradRho =  3.6005351634E-09 -2.9398722636E-09  1.4584970493E-10
           HessRho_EigVals = -1.4496246458E+05 -1.4496227914E+05 -1.4496162700E+05
           HessRho_EigVec1 = -2.2016079032E-01  2.0378955979E-01  9.5393869915E-01
           HessRho_EigVec2 = -5.9839890710E-01  7.4409076569E-01 -2.9706511137E-01
           HessRho_EigVec3 =  7.7035574534E-01  6.3623796471E-01  4.1872161182E-02
           DelSqRho = -4.3488637071E+05
           Bond Ellipticity = NA
           V = -1.0873203821E+05
           G =  5.2227645668E+00
           K =  1.0872681544E+05
           L =  1.0872159268E+05
           Vnuc =  2.1859700899E+06
           Ven = -2.5716771596E+08
           Vrep =  2.5705898392E+08
           DelSqV =  2.4945383055E+09
           DelSqVen =  9.5064861901E+11
           DelSqVrep = -9.4815407661E+11
           DelSqG =  1.3399113156E+08
           DelSqK = -2.6285294371E+09
           Stress_EigVals = -3.6244259498E+04 -3.6244051456E+04 -3.6243727252E+04
           Stress_EigVec1 =  6.6902585989E-01  7.4323893325E-01  5.3562273517E-04
           Stress_EigVec2 =  7.3987549827E-01 -6.6606640567E-01  9.4550464324E-02
           Stress_EigVec3 = -7.0630346553E-02  6.2860411560E-02  9.9551992587E-01
           -DivStress = -1.7336176854E+03  1.3981050857E+03 -7.1761523989E+01
           ESP =  -1.4579926745E+01     ESP at Nucleus =  -1.4579926775E+01
           ESPe = -3.3254587615E+01     ESPe at Nucleus = -3.3254585934E+01
           ESPn =  1.8674660870E+01     ESPn at Nucleus =  1.8674659159E+01

CP# 7      Coords =  3.46133648297212E+00 -2.23174514423972E-01 -6.09721934597224E-01
           Type = (3,-3) NACP C7
           Rho =  1.1770128608E+02     Rho at Nucleus =  1.1770128509E+02
           GradRho =  6.7970566377E-12 -1.2618186660E-12 -6.7156076707E-12
           HessRho_EigVals = -1.4501238661E+05 -1.4501068031E+05 -1.4500965957E+05
           HessRho_EigVec1 = -2.9998989783E-01 -1.1104324737E-01  9.4745736496E-01
           HessRho_EigVec2 =  2.5575041467E-01  9.4748023968E-01  1.9202322989E-01
           HessRho_EigVec3 =  9.1902001425E-01 -2.9991764309E-01  2.5583514374E-01
           DelSqRho = -4.3503272649E+05
           Bond Ellipticity = NA
           V = -1.0876816729E+05
           G =  4.9928319151E+00
           K =  1.0876317446E+05
           L =  1.0875818162E+05
           Vnuc =  1.6200994056E+06
           Ven = -1.9068778362E+08
           Vrep =  1.9057901545E+08
           DelSqV =  2.4953445516E+09
           DelSqVen =  7.0479625421E+11
           DelSqVrep = -7.0230090966E+11
           DelSqG =  1.3401443555E+08
           DelSqK = -2.6293589872E+09
           Stress_EigVals = -3.6256441291E+04 -3.6256218670E+04 -3.6255507327E+04
           Stress_EigVec1 =  9.0720686617E-01 -3.4353438158E-01  2.4281645463E-01
           Stress_EigVec2 =  2.9796809715E-01  9.3217757539E-01  2.0557232552E-01
           Stress_EigVec3 = -2.9696921566E-01 -1.1414506827E-01  9.4804018287E-01
           -DivStress =  1.1174050060E+03  2.7463160620E+03  4.9041381720E+02
           ESP =  -1.4494527583E+01     ESP at Nucleus =  -1.4494527642E+01
           ESPe = -3.4064728990E+01     ESPe at Nucleus = -3.4064726986E+01
           ESPn =  1.9570201407E+01     ESPn at Nucleus =  1.9570199345E+01

CP# 8      Coords =  2.70220749832155E+00 -2.54547510526146E+00 -1.10145685706874E+00
           Type = (3,-3) NACP N8
           Rho =  1.9058837227E+02     Rho at Nucleus =  1.9058837227E+02
           GradRho = -1.0257470220E-11  5.8690615139E-11  2.3886401429E-11
           HessRho_EigVals = -3.2063391191E+05 -3.2063351540E+05 -3.2062943258E+05
           HessRho_EigVec1 =  1.8676401663E-01  9.6861345632E-01  1.6403406455E-01
           HessRho_EigVec2 =  8.8759616089E-01 -2.3793575995E-01  3.9441048327E-01
           HessRho_EigVec3 = -4.2106087121E-01 -7.1934319895E-02  9.0417542344E-01
           DelSqRho = -9.6189685989E+05
           Bond Ellipticity = NA
           V = -2.4050892369E+05
           G =  1.7354356773E+01
           K =  2.4049156933E+05
           L =  2.4047421497E+05
           Vnuc =  4.9149243327E+07
           Ven = -9.3672742840E+09
           Vrep =  9.3670337751E+09
           DelSqV =  7.5515468694E+09
           DelSqVen =  4.7276248531E+13
           DelSqVrep = -4.7268730539E+13
           DelSqG =  4.0464283019E+08
           DelSqK = -7.9561896995E+09
           Stress_EigVals = -8.0170125031E+04 -8.0169426175E+04 -8.0169372480E+04
           Stress_EigVec1 = -4.3473830080E-01 -7.1028292112E-02  8.9775140854E-01
           Stress_EigVec2 =  4.0464951561E-01  8.7517461582E-01  2.6519457261E-01
           Stress_EigVec3 = -8.0452556164E-01  4.7856491048E-01 -3.5173036139E-01
           -DivStress = -2.3673124233E+02  5.1917142104E+00 -2.4404227862E+02
           ESP =  -1.8105679309E+01     ESP at Nucleus =  -1.8105679309E+01
           ESPe = -3.6624645324E+01     ESPe at Nucleus = -3.6624645299E+01
           ESPn =  1.8518966015E+01     ESPn at Nucleus =  1.8518965990E+01

CP# 9      Coords =  1.87840526913535E-01 -3.09916227188591E+00 -2.19434439556519E+00
           Type = (3,-3) NACP C9
           Rho =  1.1753943802E+02     Rho at Nucleus =  1.1753943557E+02
           GradRho = -1.4880804922E-13 -1.3602919897E-11 -1.9301487492E-11
           HessRho_EigVals = -1.4483386196E+05 -1.4483177796E+05 -1.4483174734E+05
           HessRho_EigVec1 =  8.6603911873E-01  2.4435705632E-01  4.3619476597E-01
           HessRho_EigVec2 = -2.5059343333E-01 -5.4279132736E-01  8.0161119386E-01
           HessRho_EigVec3 = -4.3264208765E-01  8.0353419589E-01  4.0884424910E-01
           DelSqRho = -4.3449738726E+05
           Bond Ellipticity = NA
           V = -1.0863485386E+05
           G =  5.2535207350E+00
           K =  1.0862960034E+05
           L =  1.0862434682E+05
           Vnuc =  1.0323976409E+06
           Ven = -1.2134743852E+08
           Vrep =  1.2123880367E+08
           DelSqV =  2.4923181707E+09
           DelSqVen =  4.4857407846E+11
           DelSqVrep = -4.4608176029E+11
           DelSqG =  1.3387130562E+08
           DelSqK = -2.6261894763E+09
           Stress_EigVals = -3.6211827273E+04 -3.6211820516E+04 -3.6211206068E+04
           Stress_EigVec1 = -4.3302968550E-01  7.9163223854E-01  4.3104952195E-01
           Stress_EigVec2 = -2.3742004041E-01 -5.6149535476E-01  7.9268826849E-01
           Stress_EigVec3 =  8.6954989270E-01  2.4091775668E-01  4.3109351494E-01
           -DivStress = -4.3295126559E+03 -9.7058528263E+02 -1.5904752211E+03
           ESP =  -1.4553518831E+01     ESP at Nucleus =  -1.4553518979E+01
           ESPe = -3.1455717088E+01     ESPe at Nucleus = -3.1455709537E+01
           ESPn =  1.6902198257E+01     ESPn at Nucleus =  1.6902190559E+01

CP# 10     Coords =  2.29054063213541E+00  4.31471005263921E+00 -9.20002015480266E-01
           Type = (3,-3) NACP C10
           Rho =  1.1774680250E+02     Rho at Nucleus =  1.1774680248E+02
           GradRho =  6.4508822004E-12 -3.0930532522E-12 -1.1332091081E-11
           HessRho_EigVals = -1.4508530516E+05 -1.4508288553E+05 -1.4508284130E+05
           HessRho_EigVec1 = -1.6650884544E-02  7.4602880090E-02  9.9707429930E-01
           HessRho_EigVec2 =  8.7513343708E-01 -4.8122656671E-01  5.0620734793E-02
           HessRho_EigVec3 =  4.8359509442E-01  8.7341593859E-01 -5.7274626868E-02
           DelSqRho = -4.3525103200E+05
           Bond Ellipticity = NA
           V = -1.0882280048E+05
           G =  5.0212392206E+00
           K =  1.0881777924E+05
           L =  1.0881275800E+05
           Vnuc =  1.1842140283E+07
           Ven = -1.3943741532E+09
           Vrep =  1.3942653304E+09
           DelSqV =  2.4966108146E+09
           DelSqVen =  5.1543041638E+12
           DelSqVrep = -5.1518070287E+12
           DelSqG =  1.3409852213E+08
           DelSqK = -2.6307093367E+09
           Stress_EigVals = -3.6274609574E+04 -3.6274525604E+04 -3.6273665300E+04
           Stress_EigVec1 =  4.0624427221E-01  9.1212536756E-01 -5.4707450608E-02
           Stress_EigVec2 =  9.1359379279E-01 -4.0428249500E-01  4.3612452614E-02
           Stress_EigVec3 = -1.7662759744E-02  6.7697696366E-02  9.9754952199E-01
           -DivStress =  2.2451684394E+02 -3.2304652173E+02  1.4272520721E+02
           ESP =  -1.4559669704E+01     ESP at Nucleus =  -1.4559669705E+01
           ESPe = -3.1164804799E+01     ESPe at Nucleus = -3.1164805151E+01
           ESPn =  1.6605135095E+01     ESPn at Nucleus =  1.6605135446E+01

CP# 11     Coords =  4.17035752596315E-01  6.40853005642933E+00 -1.07719615451515E+00
           Type = (3,-3) NACP C11
           Rho =  1.1751590716E+02     Rho at Nucleus =  1.1751590683E+02
           GradRho =  1.6750488436E-09 -1.4210950188E-09  9.9157381308E-11
           HessRho_EigVals = -1.4480707790E+05 -1.4480658639E+05 -1.4480639584E+05
           HessRho_EigVec1 = -6.9258629751E-01  7.1973588857E-01 -4.8004908153E-02
           HessRho_EigVec2 = -4.4132195892E-03  6.2320903194E-02  9.9804640599E-01
           HessRho_EigVec3 =  7.2132152609E-01  6.9144512127E-01 -3.9986251078E-02
           DelSqRho = -4.3442006013E+05
           Bond Ellipticity = NA
           V = -1.0861560890E+05
           G =  5.2969336512E+00
           K =  1.0861031197E+05
           L =  1.0860501503E+05
           Vnuc =  2.8071335590E+06
           Ven = -3.2988284670E+08
           Vrep =  3.2977423109E+08
           DelSqV =  2.4918817477E+09
           DelSqVen =  1.2194750956E+12
           DelSqVrep = -1.2169832138E+12
           DelSqG =  1.3385080910E+08
           DelSqK = -2.6257325568E+09
           Stress_EigVals = -3.6205294484E+04 -3.6205231185E+04 -3.6205083230E+04
           Stress_EigVec1 =  7.2885336016E-01  6.8355044431E-01 -3.9135271390E-02
           Stress_EigVec2 = -5.5725419012E-03  6.3079894282E-02  9.9799292268E-01
           Stress_EigVec3 = -6.8464715450E-01  7.2717241217E-01 -4.9785106399E-02
           -DivStress = -1.3330332600E+03  1.1064831665E+03 -8.5459214092E+01
           ESP =  -1.4605260829E+01     ESP at Nucleus =  -1.4605260843E+01
           ESPe = -2.8759218237E+01     ESPe at Nucleus = -2.8759215621E+01
           ESPn =  1.4153957409E+01     ESPn at Nucleus =  1.4153954778E+01

CP# 12     Coords =  4.24537950712188E+00 -4.82232453127338E+00 -6.52483463446088E-01
           Type = (3,-3) NACP C12
           Rho =  1.1752307939E+02     Rho at Nucleus =  1.1752307711E+02
           GradRho =  1.7733503454E-11  8.6928711300E-12  1.2645835984E-13
           HessRho_EigVals = -1.4480879085E+05 -1.4480686716E+05 -1.4480671133E+05
           HessRho_EigVec1 = -5.1550981077E-01  8.4095674958E-01 -1.6444263542E-01
           HessRho_EigVec2 = -4.1489860826E-01 -7.7056038310E-02  9.0659887041E-01
           HessRho_EigVec3 =  7.4973914121E-01  5.3558763270E-01  3.8863492873E-01
           DelSqRho = -4.3442236935E+05
           Bond Ellipticity = NA
           V = -1.0861609132E+05
           G =  5.2494925886E+00
           K =  1.0861084183E+05
           L =  1.0860559234E+05
           Vnuc =  1.0691279130E+06
           Ven = -1.2564720459E+08
           Vrep =  1.2553858850E+08
           DelSqV =  2.4918843129E+09
           DelSqVen =  4.6445308262E+11
           DelSqVrep = -4.6196119831E+11
           DelSqG =  1.3384344387E+08
           DelSqK = -2.6257277568E+09
           Stress_EigVals = -3.6205582156E+04 -3.6205538106E+04 -3.6204971061E+04
           Stress_EigVec1 = -7.2561823855E-01 -5.2911131027E-01 -4.3990839186E-01
           Stress_EigVec2 = -4.5538291676E-01 -1.1001927604E-01  8.8347165095E-01
           Stress_EigVec3 = -5.1585324562E-01  8.4138990976E-01 -1.6111625848E-01
           -DivStress =  2.3778294985E+03 -3.8100428443E+03  7.3126843706E+02
           ESP =  -1.4545211030E+01     ESP at Nucleus =  -1.4545211165E+01
           ESPe = -2.9960228266E+01     ESPe at Nucleus = -2.9960217870E+01
           ESPn =  1.5415017236E+01     ESPn at Nucleus =  1.5415006705E+01

CP# 13     Coords = -6.51551041966664E+00 -1.18988299800842E+00 -3.06745002639003E+00
           Type = (3,-3) NACP H13
           Rho =  4.1661620350E-01     Rho at Nucleus =  4.1331111363E-01
           GradRho = -5.0210168807E-12  2.9945504582E-12  1.4288411061E-11
           HessRho_EigVals = -6.3581619533E+00 -6.3564572192E+00 -5.8065201102E+00
           HessRho_EigVec1 =  2.5313207496E-02  9.8016427926E-01 -1.9656354490E-01
           HessRho_EigVec2 =  9.4479084990E-01  4.0801129455E-02  3.2512384991E-01
           HessRho_EigVec3 = -3.2669479866E-01  1.9394136612E-01  9.2501743499E-01
           DelSqRho = -1.8521139283E+01
           Bond Ellipticity = NA
           V = -4.6400474430E+00
           G =  4.8813111550E-03
           K =  4.6351661318E+00
           L =  4.6302848207E+00
           Vnuc =  4.5753889377E+01
           Ven = -1.9061811688E+01
           Vrep =  1.4421764245E+01
           DelSqV =  6.9901441270E+02
           DelSqVen =  8.4741415791E+02
           DelSqVrep = -1.4839974521E+02
           DelSqG =  6.8956702450E+01
           DelSqK = -7.6797111515E+02
           Stress_EigVals = -1.5931780527E+00 -1.5931367818E+00 -1.4537326085E+00
           Stress_EigVec1 =  8.6308067217E-02  9.8075081663E-01 -1.7515351326E-01
           Stress_EigVec2 =  9.4123638923E-01 -2.2647546855E-02  3.3698835026E-01
