AIMSum (Version 19.02.13, Professional)
Copyright (c) 1997-2019 by Todd A. Keith
AIMSum is a component of the AIMAll package ( http://aim.tkgristmill.com )

TP:  64-bit Linux

Much of the Quantum Theory of Atoms in Molecules (QTAIM) is described in the book:
  "Atoms in Molecules - A Quantum Theory"
  R.F.W. Bader, Oxford University Press, Oxford, 1990

For additional references see:  http://aim.tkgristmill.com/references.html

Wfn File:  /home/mhennefarth/Documents/ML_Diels/summary-gordillo2006/11cn-opt/11cn-opt.wfn
Sum File:  /home/mhennefarth/Documents/ML_Diels/summary-gordillo2006/11cn-opt/11cn-opt.sum

SumViz File:  /home/mhennefarth/Documents/ML_Diels/summary-gordillo2006/11cn-opt/11cn-opt.sumviz

Wfn Title:   Title Card Required                                                           
 
Total memory allocated for AIMSum =        1.479 Megabytes

Atomic units (a.u.) used throughout, except where stated otherwise

Model:  Restricted SCF
 
Restricted, closed-shell, single-determinant wavefunction.
  Number of electrons (from MO Occs)                   =          90.0000000000
  Number of Alpha electrons (from MO Occs)             =          45.0000000000
  Number of Beta electrons (from MO Occs)              =          45.0000000000
  Number of electron pairs (N*(N-1)/2)                 =        4005.0000000000
  Number of electron pairs (from Muller 2EDM)          =        4005.0000000000
 
Nuclear Charges and Cartesian Coordinates:
-------------------------------------------------------------------------------
Atom      Charge                X                  Y                  Z
-------------------------------------------------------------------------------
C1         6.0          -2.8112659100E+00  -2.5507290600E+00   2.2434152400E+00
C2         6.0          -6.0943350000E-01  -3.7876873400E+00   1.1423083900E+00
C3         6.0          -8.0181195000E-01  -3.7499683400E+00  -1.4162686300E+00
C4         6.0          -3.2761085800E+00  -2.5557601100E+00  -2.1454741400E+00
C5         6.0          -4.3659948100E+00  -1.7592535800E+00   3.5695590000E-01
C6         6.0          -1.8412393600E+00   3.3344880900E+00   5.3430010000E-01
C7         6.0           1.9467042000E-01   2.6376950600E+00  -9.0873399000E-01
C8         6.0           2.3932966700E+00   1.5352458400E+00   1.1778507000E-01
O9         8.0           2.5205586700E+00   1.2740141600E+00   2.5818556500E+00
C10        6.0          -4.0588164200E+00   4.7505808300E+00  -4.4663294000E-01
C11        6.0           4.6472151100E+00   8.9363567000E-01  -1.4809915900E+00
C12        6.0           6.5386712300E+00  -9.5879702000E-01  -3.0385659000E-01
H13        1.0          -3.0969074300E+00  -1.0122903900E+00  -3.5213679900E+00
H14        1.0          -4.5112227200E+00  -3.9647358000E+00  -3.0536562100E+00
H15        1.0          -1.7482368400E+00   3.0278946600E+00   2.5628413700E+00
H16        1.0           1.8001350000E-01   2.9349214200E+00  -2.9392770400E+00
H17        1.0          -6.2065078500E+00  -8.8938933000E-01   5.7962001000E-01
H18        1.0           4.9671293000E-01  -4.5976702300E+00  -2.7555425500E+00
H19        1.0          -4.1624196400E+00   4.7561625300E+00  -2.5093376400E+00
H20        1.0          -5.8293506200E+00   4.0289560900E+00   3.4255177000E-01
H21        1.0          -3.9109348600E+00   6.7235863500E+00   2.0027446000E-01
H22        1.0           8.9652538000E-01  -4.6527270500E+00   2.2328238700E+00
H23        1.0          -3.1540206400E+00  -2.3602812700E+00   4.2554541500E+00
H24        1.0           5.5933555000E+00   2.7023816600E+00  -1.8976385300E+00
H25        1.0           3.9609486600E+00   1.9761479000E-01  -3.3036036000E+00
H26        1.0           7.4650316400E+00  -1.9533785000E-01   1.3894177900E+00
H27        1.0           5.6485211400E+00  -2.7678200500E+00   1.6264554000E-01
H28        1.0           8.0549504800E+00  -1.3391894000E+00  -1.6531099900E+00
H29        1.0           4.1039746200E+00   4.7911036000E-01   3.0962184800E+00
 
Some Atomic Properties:
----------------------
  q(A) = Net Charge of Atom A
  L(A) = Lagrangian of Atom A = -(1/4) Times Atomic Integral of the Laplacian of the Electron Density
  K(A) = Electronic Kinetic Energy of Atom A (Hamiltonian Form)
  K_Scaled(A) = K(A) * E(Mol)/K(Mol) = Approximation to Virial-Based Total Energy of Atom A.
  |Mu_Intra(A)| = Magnitude of Intraatomic Dipole Moment of Atom A
--------------------------------------------------------------------------------------------------
Atom A          q(A)              L(A)              K(A)          K_Scaled(A)      |Mu_Intra(A)|
--------------------------------------------------------------------------------------------------
C1       -4.3648762200E-02  1.2008701313E-04  3.7729262662E+01 -3.8104023656E+01  1.7851997206E-01
C2       -5.0531797900E-02 -1.2345964333E-05  3.7733907549E+01 -3.8108714679E+01  1.6626581086E-01
C3       -7.9239997800E-02 -5.8140092026E-05  3.7732329545E+01 -3.8107121001E+01  1.9749151971E-01
C4       -1.0001356800E-02 -1.1637941999E-04  3.7710360543E+01 -3.8084933783E+01  1.6588207956E-01
C5       -7.3000464400E-02 -1.5072612062E-04  3.7734314110E+01 -3.8109125279E+01  1.9253379738E-01
C6        3.3503972000E-03  6.1205212242E-05  3.7701615543E+01 -3.8076101920E+01  1.0530245788E-01
C7        2.1917167200E-02 -2.8507340319E-05  3.7716339812E+01 -3.8090972444E+01  2.1638622774E-01
C8        6.5989913820E-01 -3.9067727989E-04  3.7282385404E+01 -3.7652707610E+01  8.5288028885E-01
O9       -1.1201474830E+00 -7.0139047662E-06  7.5280280187E+01 -7.6028031682E+01  3.4470220516E-01
C10      -2.0444796200E-02 -9.1181239293E-05  3.7698236390E+01 -3.8072689203E+01  1.7710651649E-01
C11       7.2190056000E-03 -1.1796901205E-04  3.7699498554E+01 -3.8073963903E+01  1.8318711954E-01
C12      -4.4936175400E-02 -1.8792894922E-04  3.7691305203E+01 -3.8065689169E+01  1.1085738747E-01
H13       4.7287879550E-02  2.8100713830E-05  5.9003898917E-01 -5.9589978745E-01  1.4707528105E-01
H14       8.7618433140E-02  2.5986758275E-05  5.7142728428E-01 -5.7710321436E-01  1.4093498878E-01
H15       1.1523380105E-01  2.1064289914E-05  5.7457018454E-01 -5.8027733273E-01  1.3200897455E-01
H16       8.2712766530E-02  2.3967749816E-05  5.8098286793E-01 -5.8675371266E-01  1.4093286114E-01
H17       7.6747625530E-02  1.4223516526E-05  5.8098638409E-01 -5.8675726375E-01  1.4181882354E-01
H18       7.4687872770E-02  2.3708271498E-05  5.8072797186E-01 -5.8649628474E-01  1.4382744885E-01
H19       5.5029981510E-02  2.4553261677E-05  5.8888264307E-01 -5.9473195548E-01  1.4314543358E-01
H20       7.2892796170E-02  6.2674247646E-06  5.8109203583E-01 -5.8686396491E-01  1.3934520594E-01
H21       8.7209155310E-02  2.4740049270E-05  5.7076070151E-01 -5.7643001048E-01  1.3870970700E-01
H22       6.2203097590E-02  2.6862164167E-05  5.8625502514E-01 -5.9207823768E-01  1.4448364146E-01
H23       7.7438413140E-02  2.1333455492E-05  5.8027538678E-01 -5.8603920417E-01  1.4220474076E-01
H24       8.6819501240E-02  2.7971704758E-05  5.7649943279E-01 -5.8222574401E-01  1.3875684701E-01
H25       7.4067841540E-02  2.7776930085E-05  5.8652763512E-01 -5.9235355547E-01  1.4003509804E-01
H26       2.2370878810E-02  2.7685928476E-05  6.0165676244E-01 -6.0763295890E-01  1.4690754244E-01
H27       4.0554095250E-02  2.9521978998E-05  5.9434361113E-01 -6.0024716679E-01  1.4588953216E-01
H28       7.8278742330E-02  2.5036148276E-05  5.7957384901E-01 -5.8533069810E-01  1.3906971714E-01
H29       6.0805221532E-01  1.7028881147E-04  3.3788043721E-01 -3.4123656981E-01  1.4789325199E-01
--------------------------------------------------------------------------------------------------
Total     9.9963997128E-01 -4.3048793984E-04  4.9937231670E+02 -5.0433253199E+02
 
1st Largest |L(A)| = 3.9067727989E-04, atom C8      
2nd Largest |L(A)| = 1.8792894922E-04, atom C12     
 
Molecular charge q(Mol) from the wfn file:   1.0000000000E+00
Molecular energy E(Mol) from the wfn file:  -5.0433269404E+02
Molecular virial ratio (-V(Mol)/T(Mol)) from the wfn file:   2.0099329000E+00
Note.  K_Scaled(A) = (1+V(Mol)/T(Mol))*K(A) = (E(Mol)/T(Mol))*K(A)
       Only use K_Scaled(A) data with caution.
 
N_AIMInt(SumA)     =         90.000360
N_Analytic(Mol)    =         89.999984
 
G_AIMInt(SumA)     =        499.372747
G_Analytic(Mol)    =        499.372437
 
K_AIMInt(SumA)     =        499.372317
K_Analytic(Mol)    =        499.372437
 
L_AIMInt(SumA)     =         -0.000430
L_Analytic(Mol)    =          0.000000
 
VenT_AIMInt(SumA)  =      -2573.350957
VenT_Analytic(Mol) =      -2573.344855
 
Some Information About the Atomic Calculations:
----------------------------------------------
  Time(sec) = "Elapsed User Time", in Seconds, for Atom A by AIMInt and, if used, by TWOe
  NProc = Number of Processors Used for AIMInt Job
  BIM = Basin Integration Method
  OAQ = Angular Quadrature Outside of Beta Sphere
  ORQ = Multiple of Default for Radial Quadrature Outside of Beta Sphere
  IAQ = Multiple of Default for Angular Quadrature Inside of Beta Sphere
  IRQ = Multiple of Default for Radial Quadrature Inside of Beta Sphere
  MIR = Maximum Integration Radius
------------------------------------------------------------------------------------------------------
Atom A     Time(sec)   NProc      BIM          OAQ                     ORQ      IAQ      IRQ      MIR
------------------------------------------------------------------------------------------------------
C1             67        8     Proaim(5)    4500(GS4)                  1.00     1.00     1.00    13.00
C2            193        8     Proaim(5)    4500(GS4)                  1.00     1.00     1.00    13.00
C3            307        8     Proaim(5)    4500(GS4)                  1.00     1.00     1.00    13.00
C4            119        8     Proaim(5)    4500(GS4)                  1.00     1.00     1.00    13.00
C5            145        8     Proaim(5)    4500(GS4)                  1.00     1.00     1.00    13.00
C6            185        8     Proaim(5)    4500(GS4)                  1.00     1.00     1.00    13.00
C7            109        8     Proaim(5)    4500(GS4)                  1.00     1.00     1.00    13.00
C8            299        8     Proaim(5)    4500(GS4)                  1.00     1.00     1.00    13.00
O9            145        8     Proaim(5)    4500(GS4)                  1.00     1.00     1.00    13.00
C10            34        8     Proaim(5)    4500(GS4)                  1.00     1.00     1.00    13.00
C11            82        8     Proaim(5)    4500(GS4)                  1.00     1.00     1.00    13.00
C12            62        8     Proaim(5)    4500(GS4)                  1.00     1.00     1.00    13.00
H13            10        8     Proaim(5)    1800(GS4)                  1.00     1.00     1.00    13.00
H14             6        8     Proaim(5)    1800(GS4)                  1.00     1.00     1.00    13.00
H15            12        8     Proaim(5)    1800(GS4)                  1.00     1.00     1.00    13.00
H16            10        8     Proaim(5)    1800(GS4)                  1.00     1.00     1.00    13.00
H17            10        8     Proaim(5)    1800(GS4)                  1.00     1.00     1.00    13.00
H18             8        8     Proaim(5)    1800(GS4)                  1.00     1.00     1.00    13.00
H19             7        8     Proaim(5)    1800(GS4)                  1.00     1.00     1.00    13.00
H20             9        8     Proaim(5)    1800(GS4)                  1.00     1.00     1.00    13.00
H21             7        8     Proaim(5)    1800(GS4)                  1.00     1.00     1.00    13.00
H22             9        8     Proaim(5)    1800(GS4)                  1.00     1.00     1.00    13.00
H23             6        8     Proaim(5)    1800(GS4)                  1.00     1.00     1.00    13.00
H24             7        8     Proaim(5)    1800(GS4)                  1.00     1.00     1.00    13.00
H25             9        8     Proaim(5)    1800(GS4)                  1.00     1.00     1.00    13.00
H26             8        8     Proaim(5)    1800(GS4)                  1.00     1.00     1.00    13.00
H27            18        8     Proaim(5)    1800(GS4)                  1.00     1.00     1.00    13.00
H28             6        8     Proaim(5)    1800(GS4)                  1.00     1.00     1.00    13.00
H29            13        8     Proaim(5)    1800(GS4)                  1.00     1.00     1.00    13.00
------------------------------------------------------------------------------------------------------
Total        1902
Note:  Total wall clock time is less than total of atomic times if more than one atom
       was calculated at a time
 
Electron Density Critical Point Analysis of Molecular Structure:               
---------------------------------------------------------------                
  NACP = Nuclear Attractor Critical Point                                      
  NNACP = Non-Nuclear Attractor Critical Point                                 
  BCP = Bond Critical Point                                                    
  RCP = Ring Critical Point                                                    
  CCP = Cage Critical Point                                                    
  Rho = Electron Density                                                       
  GradRho = Gradient of Electron Density                                       
  HessRho_EigVals = Eigenvalues of the Hessian of Rho, Ascending Order         
  HessRho_EigVecs = Eigenvectors of the Hessian of Rho                         
  DelSqRho = Laplacian of Rho = Trace of Hessian of Rho                        
  Bond Ellipticity = (HessRho_EigVal(1) / HessRho_EigVal(2)) - 1               
  V = Virial Field = Potential Energy Density = Trace of Stress Tensor         
  G = Lagrangian Form of Kinetic Energy Density                                
  K = Hamiltonian Form of Kinetic Energy Density                               
  L = K - G = Lagrangian Density = (-1/4)DelSqRho                              
  Vnuc = Electrostatic Potential from Nuclei                                   
  Ven = Electron-nuclear attractive contribution to Virial Field V             
  Vrep = V - Ven = Repulsive contribution to Virial Field V                    
  DelSqV = Laplacian of V                                                      
  DelSqVen = Laplacian of Ven                                                  
  DelSqVrep = Laplacian of Vrep                                                
  DelSqG = Laplacian of G                                                      
  DelSqK = Laplacian of K                                                      
  Stress_EigVals = Eigenvalues of Stress Tensor, Ascending Order               
  Stress_EigVecs = Eigenvectors of Stress Tensor                               
  -DivStress = Ehrenfest Force Density = Minus Divergence of Stress Tensor     
  ESP = Total Electrostatic Potential                                          
  ESPe = Electrostatic Potential from Electrons                                
  ESPn = Electrostatic Potential from Nuclei                                   
  BP = Bond Path                                                               
  BPL = Bond Path Length                                                       
  GBL = Geometric Bond Length                                                  
  GBL_I = Distance Between Nuclear Attractors                                  
  GBL_II = Distance Between Nuclei                                             
  GBL_III = Sum of Distances Between BCP and Nuclear Attractors                
  GBL_IV = Sum of Distances Between BCP and Nuclei                             

CP# 1      Coords = -2.81126485550568E+00 -2.55072930912020E+00  2.24341536208654E+00
           Type = (3,-3) NACP C1
           Rho =  1.1769711154E+02     Rho at Nucleus =  1.1769711145E+02
           GradRho =  2.8073920966E-10 -8.6043838721E-11  2.1789015037E-11
           HessRho_EigVals = -1.4502632089E+05 -1.4502519022E+05 -1.4502489841E+05
           HessRho_EigVec1 =  4.2912235947E-01  9.0229817382E-01 -4.1376395736E-02
           HessRho_EigVec2 =  8.5347895007E-01 -4.2004838314E-01 -3.0843644015E-01
           HessRho_EigVec3 =  2.9568172482E-01 -9.7043090153E-02  9.5034465130E-01
           DelSqRho = -4.3507640952E+05
           Bond Ellipticity = NA
           V = -1.0877933983E+05
           G =  5.1187233933E+00
           K =  1.0877422110E+05
           L =  1.0876910238E+05
           Vnuc =  5.5026946326E+06
           Ven = -6.4765126395E+08
           Vrep =  6.4754248461E+08
           DelSqV =  2.4956195650E+09
           DelSqVen =  2.3940926669E+12
           DelSqVrep = -2.3915970473E+12
           DelSqG =  1.3404802106E+08
           DelSqK = -2.6296675861E+09
           Stress_EigVals = -3.6260069265E+04 -3.6259900322E+04 -3.6259370241E+04
           Stress_EigVec1 =  2.0426690392E-01 -7.2748803678E-02  9.7620829925E-01
           Stress_EigVec2 =  8.6921910158E-01 -4.4520605476E-01 -2.1505748593E-01
           Stress_EigVec3 =  4.5025902036E-01  8.9246802764E-01 -2.7706212638E-02
           -DivStress = -8.5518612188E+02  2.0798909736E+02 -9.2900003865E+01
           ESP =  -1.4609429191E+01     ESP at Nucleus =  -1.4609429199E+01
           ESPe = -3.0577946119E+01     ESPe at Nucleus = -3.0577945770E+01
           ESPn =  1.5968516929E+01     ESPn at Nucleus =  1.5968516571E+01

CP# 2      Coords = -6.09433655874889E-01 -3.78768685751776E+00  1.14230932894475E+00
           Type = (3,-3) NACP C2
           Rho =  1.1770044325E+02     Rho at Nucleus =  1.1770044317E+02
           GradRho = -3.3315572523E-11  1.4428047646E-10  2.3742030564E-10
           HessRho_EigVals = -1.4503353063E+05 -1.4503250896E+05 -1.4503225169E+05
           HessRho_EigVec1 =  5.0873840029E-01  8.5707408567E-01 -8.1297304630E-02
           HessRho_EigVec2 =  7.8120843753E-01 -4.9925559098E-01 -3.7477624259E-01
           HessRho_EigVec3 =  3.6179913932E-01 -1.2715292579E-01  9.2354399801E-01
           DelSqRho = -4.3509829129E+05
           Bond Ellipticity = NA
           V = -1.0878482758E+05
           G =  5.1273802410E+00
           K =  1.0877970020E+05
           L =  1.0877457282E+05
           Vnuc =  5.6227297402E+06
           Ven = -6.6179778272E+08
           Vrep =  6.6168899789E+08
           DelSqV =  2.4957483251E+09
           DelSqVen =  2.4464405299E+12
           DelSqVrep = -2.4439447816E+12
           DelSqG =  1.3405785004E+08
           DelSqK = -2.6298061752E+09
           Stress_EigVals = -3.6261881106E+04 -3.6261726508E+04 -3.6261219967E+04
           Stress_EigVec1 =  4.7296025502E-01 -2.2670729481E-01  8.5141787605E-01
           Stress_EigVec2 =  7.2376611175E-01 -4.5111317244E-01 -5.2216809662E-01
           Stress_EigVec3 =  5.0246513576E-01  8.6319216176E-01 -4.9275543808E-02
           -DivStress =  1.3469992568E+02 -3.8980877035E+02 -7.5964652936E+02
           ESP =  -1.4609353883E+01     ESP at Nucleus =  -1.4609353892E+01
           ESPe = -3.0854734390E+01     ESPe at Nucleus = -3.0854734519E+01
           ESPn =  1.6245380507E+01     ESPn at Nucleus =  1.6245380627E+01

CP# 3      Coords = -8.01812599664112E-01 -3.74996784993301E+00 -1.41626947452136E+00
           Type = (3,-3) NACP C3
           Rho =  1.1770478815E+02     Rho at Nucleus =  1.1770478805E+02
           GradRho = -1.8815660141E-10  1.6216533671E-10 -2.5036336893E-10
           HessRho_EigVals = -1.4503907407E+05 -1.4503799116E+05 -1.4503766664E+05
           HessRho_EigVec1 =  5.3292682887E-01  8.4587309432E-01  2.2084007320E-02
           HessRho_EigVec2 =  8.2992504870E-01 -5.2761107703E-01  1.8124835152E-01
           HessRho_EigVec3 = -1.6496487083E-01  7.8264038364E-02  9.8318936716E-01
           DelSqRho = -4.3511473186E+05
           Bond Ellipticity = NA
           V = -1.0878886243E+05
           G =  5.0897302243E+00
           K =  1.0878377270E+05
           L =  1.0877868296E+05
           Vnuc =  5.1160046638E+06
           Ven = -6.0217824514E+08
           Vrep =  6.0206945627E+08
           DelSqV =  2.4958411430E+09
           DelSqVen =  2.2260493189E+12
           DelSqVrep = -2.2235534778E+12
           DelSqG =  1.3406308952E+08
           DelSqK = -2.6299042325E+09
           Stress_EigVals = -3.6263252418E+04 -3.6263055608E+04 -3.6262554400E+04
           Stress_EigVec1 = -3.1141808027E-01  1.9545925024E-01  9.2995401003E-01
           Stress_EigVec2 =  8.0271185513E-01 -4.6966080893E-01  3.6752197510E-01
           Stress_EigVec3 =  5.0859852232E-01  8.6093809653E-01 -1.0636589862E-02
           -DivStress =  5.3581036848E+02 -3.9401252311E+02  6.8344686546E+02
           ESP =  -1.4606150082E+01     ESP at Nucleus =  -1.4606150092E+01
           ESPe = -3.0680814653E+01     ESPe at Nucleus = -3.0680814708E+01
           ESPn =  1.6074664571E+01     ESPn at Nucleus =  1.6074664616E+01

CP# 4      Coords = -3.27610820518393E+00 -2.55575994596843E+00 -2.14547363741445E+00
           Type = (3,-3) NACP C4
           Rho =  1.1754374224E+02     Rho at Nucleus =  1.1754374221E+02
           GradRho =  3.2299551922E-11  1.4462736564E-11  7.4583283993E-11
           HessRho_EigVals = -1.4484217222E+05 -1.4484188304E+05 -1.4484174980E+05
           HessRho_EigVec1 =  8.0325378137E-01 -4.4658988522E-01 -3.9413301959E-01
           HessRho_EigVec2 =  4.0732680148E-01  8.9464307310E-01 -1.8357191657E-01
           HessRho_EigVec3 =  4.3458973701E-01 -1.3086106086E-02  9.0053346096E-01
           DelSqRho = -4.3452580505E+05
           Bond Ellipticity = NA
           V = -1.0864193847E+05
           G =  5.2436049934E+00
           K =  1.0863669487E+05
           L =  1.0863145126E+05
           Vnuc =  9.2583745728E+06
           Ven = -1.0882639943E+09
           Vrep =  1.0881553524E+09
           DelSqV =  2.4924851498E+09
           DelSqVen =  4.0230018089E+12
           DelSqVrep = -4.0205093237E+12
           DelSqG =  1.3388377511E+08
           DelSqK = -2.6263689249E+09
           Stress_EigVals = -3.6214050745E+04 -3.6214010269E+04 -3.6213877459E+04
           Stress_EigVec1 =  3.7514063947E-01 -1.3497049993E-01  9.1708912586E-01
           Stress_EigVec2 =  4.6312871864E-01  8.8430498625E-01 -5.9299926304E-02
           Stress_EigVec3 =  8.0298274614E-01 -4.4697612401E-01 -3.9424745272E-01
           -DivStress = -3.0515691930E+02 -1.3229155002E+02 -4.1058186503E+02
           ESP =  -1.4603916306E+01     ESP at Nucleus =  -1.4603916306E+01
           ESPe = -3.0250784265E+01     ESPe at Nucleus = -3.0250783118E+01
           ESPn =  1.5646867959E+01     ESPn at Nucleus =  1.5646866812E+01

CP# 5      Coords = -4.36599469338705E+00 -1.75925338878252E+00  3.56954693058894E-01
           Type = (3,-3) NACP C5
           Rho =  1.1771731736E+02     Rho at Nucleus =  1.1771731725E+02
           GradRho =  1.7925494422E-11  8.0873058250E-11 -4.0490644171E-10
           HessRho_EigVals = -1.4505810978E+05 -1.4505705865E+05 -1.4505672421E+05
           HessRho_EigVec1 =  4.6230540503E-01  8.8576120487E-01  4.1240761622E-02
           HessRho_EigVec2 = -4.7318024231E-01  2.0709900488E-01  8.5627709327E-01
           HessRho_EigVec3 =  7.4991610915E-01 -4.1537584200E-01  5.1486769088E-01
           DelSqRho = -4.3517189264E+05
           Bond Ellipticity = NA
           V = -1.0880316457E+05
           G =  5.0957052330E+00
           K =  1.0879806887E+05
           L =  1.0879297316E+05
           Vnuc =  4.8878158615E+06
           Ven = -5.7538057094E+08
           Vrep =  5.7527176778E+08
           DelSqV =  2.4961717687E+09
           DelSqVen =  2.1270402171E+12
           DelSqVrep = -2.1245440453E+12
           DelSqG =  1.3408410074E+08
           DelSqK = -2.6302558695E+09
           Stress_EigVals = -3.6268019833E+04 -3.6267819382E+04 -3.6267325357E+04
           Stress_EigVec1 =  8.3114428602E-01 -4.2824726474E-01  3.5468782901E-01
           Stress_EigVec2 = -3.1708969730E-01  1.5896863292E-01  9.3497759204E-01
           Stress_EigVec3 =  4.5678583568E-01  8.8956913952E-01  3.6669246332E-03
           -DivStress = -9.7115868907E+01 -1.4870816692E+02  9.8212708524E+02
           ESP =  -1.4607634697E+01     ESP at Nucleus =  -1.4607634707E+01
           ESPe = -3.0504757517E+01     ESPe at Nucleus = -3.0504757207E+01
           ESPn =  1.5897122820E+01     ESPn at Nucleus =  1.5897122501E+01

CP# 6      Coords = -1.84123983188744E+00  3.33448764599403E+00  5.34299127792873E-01
           Type = (3,-3) NACP C6
           Rho =  1.1778497565E+02     Rho at Nucleus =  1.1778497555E+02
           GradRho = -1.2639667091E-10 -1.3685014233E-10 -2.8461075163E-10
           HessRho_EigVals = -1.4513445962E+05 -1.4513149859E+05 -1.4513131474E+05
           HessRho_EigVec1 =  4.3224675028E-01  8.9222786319E-01  1.3073709124E-01
           HessRho_EigVec2 =  8.9957449528E-01 -4.1656846113E-01 -1.3128764081E-01
           HessRho_EigVec3 =  6.2677542311E-02 -1.7435640895E-01  9.8268579330E-01
           DelSqRho = -4.3539727295E+05
           Bond Ellipticity = NA
           V = -1.0885927611E+05
           G =  4.9789350786E+00
           K =  1.0885429717E+05
           L =  1.0884931824E+05
           Vnuc =  5.1355313805E+06
           Ven = -6.0488843859E+08
           Vrep =  6.0477957932E+08
           DelSqV =  2.4974468059E+09
           DelSqVen =  2.2359962419E+12
           DelSqVrep = -2.2334986640E+12
           DelSqG =  1.3414488945E+08
           DelSqK = -2.6315916954E+09
           Stress_EigVals = -3.6286809062E+04 -3.6286745885E+04 -3.6285721160E+04
           Stress_EigVec1 = -3.2418816674E-01  2.0317114054E-02  9.4577441677E-01
           Stress_EigVec2 =  8.3936832625E-01 -4.5493070126E-01  2.9748759626E-01
           Stress_EigVec3 =  4.3630590808E-01  8.9029504768E-01  1.3042960802E-01
           -DivStress =  3.8672276667E+02  3.5750129279E+02  7.9409568190E+02
           ESP =  -1.4538614147E+01     ESP at Nucleus =  -1.4538614146E+01
           ESPe = -3.0833927163E+01     ESPe at Nucleus = -3.0833926440E+01
           ESPn =  1.6295313016E+01     ESPn at Nucleus =  1.6295312294E+01

CP# 7      Coords =  1.94671630670987E-01  2.63769402053631E+00 -9.08732932545790E-01
           Type = (3,-3) NACP C7
           Rho =  1.1763719075E+02     Rho at Nucleus =  1.1763719049E+02
           GradRho =  1.0119467278E-09 -8.6054439963E-10  8.5797891014E-10
           HessRho_EigVals = -1.4495421888E+05 -1.4495416162E+05 -1.4495371706E+05
           HessRho_EigVec1 =  4.5066334519E-01  8.9066303115E-01  6.0182341588E-02
           HessRho_EigVec2 =  8.1821428640E-01 -4.3908214703E-01  3.7112295764E-01
           HessRho_EigVec3 = -3.5697049014E-01  1.1800946189E-01  9.2663144565E-01
           DelSqRho = -4.3486209756E+05
           Bond Ellipticity = NA
           V = -1.0872605099E+05
           G =  5.2632993078E+00
           K =  1.0872078769E+05
           L =  1.0871552439E+05
           Vnuc =  3.1343761482E+06
           Ven = -3.6871920483E+08
           Vrep =  3.6861047878E+08
           DelSqV =  2.4944021247E+09
           DelSqVen =  1.3630214257E+12
           DelSqVrep = -1.3605270205E+12
           DelSqG =  1.3398472982E+08
           DelSqK = -2.6283868545E+09
           Stress_EigVals = -3.6242212715E+04 -3.6242075811E+04 -3.6241762462E+04
           Stress_EigVec1 = -4.6254877554E-01  1.0238260259E-01  8.8066249661E-01
           Stress_EigVec2 =  7.9023605957E-01 -4.0273850114E-01  4.6187516695E-01
           Stress_EigVec3 =  4.0196467556E-01  9.0957105406E-01  1.0537977612E-01
           -DivStress = -9.7771559772E+02  8.4492317276E+02 -8.6140246230E+02
           ESP =  -1.4569330705E+01     ESP at Nucleus =  -1.4569330716E+01
           ESPe = -3.1829044308E+01     ESPe at Nucleus = -3.1829042270E+01
           ESPn =  1.7259713602E+01     ESPn at Nucleus =  1.7259711554E+01

CP# 8      Coords =  2.39329718344941E+00  1.53524480766986E+00  1.17791074598322E-01
           Type = (3,-3) NACP C8
           Rho =  1.1775800476E+02     Rho at Nucleus =  1.1775800205E+02
           GradRho = -1.9445334232E-11  1.5129786313E-11  2.5512925106E-13
           HessRho_EigVals = -1.4508116090E+05 -1.4507947920E+05 -1.4507763433E+05
           HessRho_EigVec1 =  3.8829191295E-01  9.1573601409E-01  1.0323246987E-01
           HessRho_EigVec2 =  6.4886654296E-02 -1.3891217491E-01  9.8817666930E-01
           HessRho_EigVec3 =  9.1924921128E-01 -3.7700259967E-01 -1.1335752030E-01
           DelSqRho = -4.3523827443E+05
           Bond Ellipticity = NA
           V = -1.0881927023E+05
           G =  4.8508139495E+00
           K =  1.0881441942E+05
           L =  1.0880956861E+05
           Vnuc =  9.8132602887E+05
           Ven = -1.1555899518E+08
           Vrep =  1.1545017591E+08
           DelSqV =  2.4965128336E+09
           DelSqVen =  4.2711064781E+11
           DelSqVrep = -4.2461413497E+11
           DelSqG =  1.3407601496E+08
           DelSqK = -2.6305888485E+09
           Stress_EigVals = -3.6273653635E+04 -3.6273134908E+04 -3.6272481691E+04
           Stress_EigVec1 =  9.2235125670E-01 -3.8203838839E-01 -5.7574552293E-02
           Stress_EigVec2 =  1.2134314554E-02 -1.2030214302E-01  9.9266316180E-01
           Stress_EigVec3 =  3.8616177657E-01  9.1628274249E-01  1.0632505883E-01
           -DivStress = -4.1488625945E+02  8.3641008363E+02 -4.8684673104E+03
           ESP =  -1.4454590226E+01     ESP at Nucleus =  -1.4454590408E+01
           ESPe = -3.2689426044E+01     ESPe at Nucleus = -3.2689423199E+01
           ESPn =  1.8234835818E+01     ESPn at Nucleus =  1.8234832792E+01

CP# 9      Coords =  2.52056534018256E+00  1.27401166189332E+00  2.58184890753690E+00
           Type = (3,-3) NACP O9
           Rho =  2.8984204914E+02     Rho at Nucleus =  2.8984201840E+02
           GradRho = -8.5838003372E-11  3.0371261062E-11  1.3277645650E-10
           HessRho_EigVals = -6.3903833820E+05 -6.3902268710E+05 -6.3902034256E+05
           HessRho_EigVec1 =  5.1280891186E-01 -2.9931881750E-01  8.0463362185E-01
           HessRho_EigVec2 =  7.1336514928E-01 -3.7288462641E-01 -5.9335252522E-01
           HessRho_EigVec3 =  4.7763708369E-01  8.7827404657E-01  2.2305053412E-02
           DelSqRho = -1.9170813678E+06
           Bond Ellipticity = NA
           V = -4.7936464392E+05
           G =  4.7150981035E+01
           K =  4.7931749294E+05
           L =  4.7927034196E+05
           Vnuc =  8.1569354452E+05
           Ven = -2.3642228841E+08
           Vrep =  2.3594292377E+08
           DelSqV =  1.9769094202E+10
           DelSqVen =  1.5637508992E+12
           DelSqVrep = -1.5439818049E+12
           DelSqG =  1.0569640596E+09
           DelSqK = -2.0826058262E+10
           Stress_EigVals = -1.5978981581E+05 -1.5978908180E+05 -1.5978574631E+05
           Stress_EigVec1 =  4.6301428613E-01  8.8567163155E-01  3.4691957285E-02
           Stress_EigVec2 =  7.3609210341E-01 -3.6242380248E-01 -5.7167945800E-01
           Stress_EigVec3 =  4.9374708721E-01 -2.9023223195E-01  8.1974329238E-01
           -DivStress = -4.2876528270E+04  1.6041625998E+04  4.3316775931E+04
           ESP =  -2.2069457377E+01     ESP at Nucleus =  -2.2069458575E+01
           ESPe = -3.7194565046E+01     ESPe at Nucleus = -3.7194554888E+01
           ESPn =  1.5125107669E+01     ESPn at Nucleus =  1.5125096313E+01

CP# 10     Coords = -4.05881463795004E+00  4.75057983976175E+00 -4.46631983401157E-01
           Type = (3,-3) NACP C10
           Rho =  1.1751540545E+02     Rho at Nucleus =  1.1751540508E+02
           GradRho =  2.0186857186E-09 -1.1743916395E-09  1.0836083697E-09
           HessRho_EigVals = -1.4480612981E+05 -1.4480560241E+05 -1.4480542252E+05
           HessRho_EigVec1 =  7.4869946796E-01 -5.4833331474E-01  3.7253145185E-01
           HessRho_EigVec2 =  4.7801610748E-01  8.3591972764E-01  2.6970133468E-01
           HessRho_EigVec3 = -4.5929261661E-01 -2.3849211256E-02  8.8796481206E-01
           DelSqRho = -4.3441715474E+05
           Bond Ellipticity = NA
           V = -1.0861490000E+05
           G =  5.3056594214E+00
           K =  1.0860959434E+05
           L =  1.0860428868E+05
           Vnuc =  2.6643507404E+06
           Ven = -3.1310225752E+08
           Vrep =  3.1299364262E+08
           DelSqV =  2.4918649570E+09
           DelSqVen =  1.1574396887E+12
           DelSqVrep = -1.1549478237E+12
           DelSqG =  1.3384959688E+08
           DelSqK = -2.6257145538E+09
           Stress_EigVals = -3.6205059885E+04 -3.6204997773E+04 -3.6204842346E+04
           Stress_EigVec1 = -4.4810503550E-01 -1.7426162864E-02  8.9381105722E-01
           Stress_EigVec2 =  5.0887888559E-01  8.1705146727E-01  2.7105198696E-01
           Stress_EigVec3 =  7.3501303183E-01 -5.7630133496E-01  3.5725707041E-01
           -DivStress = -1.4454017459E+03  8.0404750658E+02 -7.7609364955E+02
           ESP =  -1.4591189945E+01     ESP at Nucleus =  -1.4591189962E+01
           ESPe = -2.7847809797E+01     ESPe at Nucleus = -2.7847806465E+01
           ESPn =  1.3256619851E+01     ESPn at Nucleus =  1.3256616503E+01

CP# 11     Coords =  4.64721384205779E+00  8.93635822823636E-01 -1.48098965754384E+00
           Type = (3,-3) NACP C11
           Rho =  1.1754171428E+02     Rho at Nucleus =  1.1754171389E+02
           GradRho = -1.5477389925E-09  2.0764546679E-10  2.3453979314E-09
           HessRho_EigVals = -1.4484418951E+05 -1.4484357828E+05 -1.4484337733E+05
           HessRho_EigVec1 =  8.1279804966E-01 -2.8470477926E-01 -5.0823470870E-01
           HessRho_EigVec2 = -4.0322955388E-02  8.4284914626E-01 -5.3663709889E-01
           HessRho_EigVec3 =  5.8114833712E-01  4.5667111284E-01  6.7358600413E-01
           DelSqRho = -4.3453114512E+05
           Bond Ellipticity = NA
           V = -1.0864330004E+05
           G =  5.2568788909E+00
           K =  1.0863804316E+05
           L =  1.0863278628E+05
           Vnuc =  2.5903115755E+06
           Ven = -3.0446966309E+08
           Vrep =  3.0436101979E+08
           DelSqV =  2.4925205869E+09
           DelSqVen =  1.1255710515E+12
           DelSqVrep = -1.1230785309E+12
           DelSqG =  1.3388975302E+08
           DelSqK = -2.6264103399E+09
           Stress_EigVals = -3.6214541581E+04 -3.6214470179E+04 -3.6214288278E+04
           Stress_EigVec1 =  5.5123096462E-01  4.9482429731E-01  6.7178369914E-01
           Stress_EigVec2 = -2.9276937212E-02  8.1613096447E-01 -5.7712486498E-01
           Stress_EigVec3 =  8.3383888407E-01 -2.9846132685E-01 -4.6436359868E-01
           -DivStress =  1.0248249967E+03 -1.1883671437E+02 -1.5680536138E+03
           ESP =  -1.4558147339E+01     ESP at Nucleus =  -1.4558147359E+01
           ESPe = -3.0002217156E+01     ESPe at Nucleus = -3.0002213846E+01
           ESPn =  1.5444069817E+01     ESPn at Nucleus =  1.5444066487E+01

CP# 12     Coords =  6.53866969512134E+00 -9.58795377434100E-01 -3.03856767083174E-01
           Type = (3,-3) NACP C12
           Rho =  1.1751948585E+02     Rho at Nucleus =  1.1751948548E+02
           GradRho = -1.7391846019E-09  1.8755020176E-09 -1.8776780131E-10
           HessRho_EigVals = -1.4481470930E+05 -1.4481415574E+05 -1.4481398402E+05
           HessRho_EigVec1 = -6.2730711204E-01  6.1957849707E-01 -4.7181381197E-01
           HessRho_EigVec2 =  1.8041542465E-01  7.0498062341E-01  6.8589546956E-01
           HessRho_EigVec3 = -7.5758567947E-01 -3.4514461693E-01  5.5402087657E-01
           DelSqRho = -4.3444284906E+05
           Bond Ellipticity = NA
           V = -1.0862121158E+05
           G =  5.2496592079E+00
           K =  1.0861596192E+05
           L =  1.0861071227E+05
           Vnuc =  2.6607125454E+06
           Ven = -3.1268557033E+08
           Vrep =  3.1257694912E+08
           DelSqV =  2.4920140482E+09
           DelSqVen =  1.1559275561E+12
           DelSqVrep = -1.1534355420E+12
           DelSqG =  1.3386104398E+08
           DelSqK = -2.6258750922E+09
           Stress_EigVals = -3.6207165424E+04 -3.6207114529E+04 -3.6206931631E+04
           Stress_EigVec1 = -7.6005714900E-01 -3.3701664886E-01  5.5563738953E-01
           Stress_EigVec2 =  1.9189197021E-01  7.0049925474E-01  6.8737054481E-01
           Stress_EigVec3 = -6.2087889481E-01  6.2906325000E-01 -4.6774867769E-01
           -DivStress =  1.2418270846E+03 -1.3324938916E+03  1.4923089624E+02
           ESP =  -1.4585492108E+01     ESP at Nucleus =  -1.4585492126E+01
           ESPe = -2.7846412373E+01     ESPe at Nucleus = -2.7846409153E+01
           ESPn =  1.3260920264E+01     ESPn at Nucleus =  1.3260917027E+01

CP# 13     Coords = -3.09969704858210E+00 -1.03728585808117E+00 -3.49885315812855E+00
           Type = (3,-3) NACP H13
           Rho =  4.1757597601E-01     Rho at Nucleus =  4.1418482031E-01
           GradRho = -1.4064270581E-15  1.4918621893E-16 -4.9439619065E-17
           HessRho_EigVals = -6.3686987303E+00 -6.3668850782E+00 -5.8080627865E+00
           HessRho_EigVec1 =  7.9302593712E-01 -4.5420550921E-01 -4.0596455320E-01
           HessRho_EigVec2 =  6.0337038308E-01  4.9375070237E-01  6.2622234448E-01
           HessRho_EigVec3 =  8.3988355571E-02  7.4155754956E-01 -6.6561126554E-01
           DelSqRho = -1.8543646595E+01
           Bond Ellipticity = NA
           V = -4.6456733933E+00
           G =  4.8808722845E-03
           K =  4.6407925210E+00
           L =  4.6359116487E+00
           Vnuc =  4.5891770199E+01
           Ven = -1.9163300732E+01
           Vrep =  1.4517627339E+01
           DelSqV =  6.9944454519E+02
           DelSqVen =  8.5100076819E+02
           DelSqVrep = -1.5155622301E+02
           DelSqG =  6.8965942249E+01
           DelSqK = -7.6841048743E+02
           Stress_EigVals = -1.5957818238E+00 -1.5957633788E+00 -1.4541281907E+00
           Stress_EigVec1 =  2.6514744040E-01  6.2771634571E-01  7.3189413454E-01
           Stress_EigVec2 =  9.6057967065E-01 -2.3775379111E-01 -1.4408272325E-01
           Stress_EigVec3 =  8.3567524662E-02  7.4124579199E-01 -6.6601136978E-01
           -DivStress =  6.2000435557E-01  5.5578130655E+00 -5.0067333427E+00
           ESP =  -9.7008391314E-01     ESP at Nucleus =  -9.7234700256E-01
           ESPe = -1.7237562722E+01     ESPe at Nucleus = -1.7163429387E+01
           ESPn =  1.6267478809E+01     ESPn at Nucleus =  1.6191082385E+01

CP# 14     Coords = -4.49080647993413E+00 -3.94144134791943E+00 -3.03864638717534E+00
           Type = (3,-3) NACP H14
           Rho =  4.0929464423E-01     Rho at Nucleus =  4.0584366825E-01
           GradRho =  1.9619722513E-15  5.3776427755E-16 -7.6934986160E-16
           HessRho_EigVals = -6.2395336748E+00 -6.2386386221E+00 -5.6789327967E+00
           HessRho_EigVec1 =  8.0165721173E-01 -4.4687759220E-01 -3.9704676357E-01
           HessRho_EigVec2 = -7.3129275658E-02  5.8589608500E-01 -8.0707985145E-01
           HessRho_EigVec3 =  5.9329404507E-01  6.7603712559E-01  4.3700798724E-01
           DelSqRho = -1.8157105094E+01
           Bond Ellipticity = NA
           V = -4.5488155476E+00
           G =  4.7696371087E-03
           K =  4.5440459105E+00
           L =  4.5392762734E+00
           Vnuc =  4.3670125319E+01
           Ven = -1.7873948406E+01
           Vrep =  1.3325132858E+01
           DelSqV =  6.8437930512E+02
           DelSqVen =  7.9292305487E+02
           DelSqVrep = -1.0854374975E+02
           DelSqG =  6.7466178069E+01
           DelSqK = -7.5184548319E+02
           Stress_EigVals = -1.5635880904E+00 -1.5635331383E+00 -1.4216943189E+00
           Stress_EigVec1 =  7.9703511607E-01 -4.1730204527E-01 -4.3657075803E-01
           Stress_EigVec2 =  1.1309858862E-01 -6.0695526401E-01  7.8664732679E-01
           Stress_EigVec3 =  5.9324845807E-01  6.7636107998E-01  4.3656838695E-01
           -DivStress = -4.4463527138E+00 -5.0733776958E+00 -3.2686257473E+00
           ESP =  -9.6728104696E-01     ESP at Nucleus =  -9.6959696042E-01
