AIMSum (Version 19.02.13, Professional)
Copyright (c) 1997-2019 by Todd A. Keith
AIMSum is a component of the AIMAll package ( http://aim.tkgristmill.com )

TP:  64-bit Linux

Much of the Quantum Theory of Atoms in Molecules (QTAIM) is described in the book:
  "Atoms in Molecules - A Quantum Theory"
  R.F.W. Bader, Oxford University Press, Oxford, 1990

For additional references see:  http://aim.tkgristmill.com/references.html

Wfn File:  /home/mhennefarth/Documents/ML_Diels/summary-gordillo2006/11tx-opt/11tx-opt.wfn
Sum File:  /home/mhennefarth/Documents/ML_Diels/summary-gordillo2006/11tx-opt/11tx-opt.sum

SumViz File:  /home/mhennefarth/Documents/ML_Diels/summary-gordillo2006/11tx-opt/11tx-opt.sumviz

Wfn Title:   Title Card Required                                                           
 
Total memory allocated for AIMSum =        1.479 Megabytes

Atomic units (a.u.) used throughout, except where stated otherwise

Model:  Restricted SCF
 
Restricted, closed-shell, single-determinant wavefunction.
  Number of electrons (from MO Occs)                   =          90.0000000000
  Number of Alpha electrons (from MO Occs)             =          45.0000000000
  Number of Beta electrons (from MO Occs)              =          45.0000000000
  Number of electron pairs (N*(N-1)/2)                 =        4005.0000000000
  Number of electron pairs (from Muller 2EDM)          =        4005.0000000000
 
Nuclear Charges and Cartesian Coordinates:
-------------------------------------------------------------------------------
Atom      Charge                X                  Y                  Z
-------------------------------------------------------------------------------
C1         6.0          -3.8375634600E+00   2.8654870400E+00  -1.7939043900E+00
C2         6.0          -5.5130855400E+00   9.6959885000E-01  -4.8882976000E-01
C3         6.0          -4.3142859500E+00   6.9669546000E-01   2.0773140100E+00
C4         6.0          -2.3223564300E+00   2.2942910700E+00   2.2464624800E+00
C5         6.0          -2.0311709400E+00   3.6476765100E+00  -1.5698986000E-01
C6         6.0           4.4532690800E+00   1.3843382800E+00  -8.7678954000E-01
C7         6.0           3.7987042800E+00  -3.3459004000E-01   9.1882435000E-01
C8         6.0           1.9231100500E+00  -2.2252964700E+00   5.3593384000E-01
C9         6.0           4.5601761000E-01  -2.6324415900E+00  -1.8478848000E+00
C10        6.0          -1.2932491500E+00  -4.9408875800E+00  -1.8401101800E+00
C11        6.0           6.4068312400E+00   3.3648780900E+00  -5.4098375000E-01
O12        8.0           1.5816137500E+00  -3.7116280700E+00   2.4695990900E+00
H13        1.0           4.7061097200E+00  -3.2703352000E-01   2.7614489600E+00
H14        1.0           3.5123183200E+00   1.3376661300E+00  -2.7067471600E+00
H15        1.0          -7.4487541000E+00   1.7149882600E+00  -3.1010304000E-01
H16        1.0          -5.7172879900E+00  -8.2138421000E-01  -1.5238848400E+00
H17        1.0          -5.0564598700E+00  -4.9807154000E-01   3.5673446700E+00
H18        1.0          -4.1568933700E+00   3.5576656800E+00  -3.6952182900E+00
H19        1.0           5.5847997700E+00   5.2394659200E+00  -8.9239518000E-01
H20        1.0           7.2654559400E+00   3.3360556900E+00   1.3355266700E+00
H21        1.0           7.8914472500E+00   3.1318115600E+00  -1.9759537600E+00
H22        1.0          -1.1619410200E+00   2.6090784000E+00   3.9074747400E+00
H23        1.0          -6.2977535000E-01   5.1034298700E+00  -5.0901809000E-01
H24        1.0           1.8180832600E+00  -2.7689386900E+00  -3.4057418600E+00
H25        1.0          -6.2152093000E-01  -8.8225764000E-01  -2.1967278000E+00
H26        1.0          -2.2598546300E+00  -5.0713080800E+00  -3.6603120600E+00
H27        1.0          -2.5414286000E-01  -6.7171226400E+00  -1.5936153200E+00
H28        1.0          -2.7737481700E+00  -4.7945416600E+00  -3.9643451000E-01
H29        1.0           2.9192926000E-01  -4.9949768200E+00   2.1393098500E+00
 
Some Atomic Properties:
----------------------
  q(A) = Net Charge of Atom A
  L(A) = Lagrangian of Atom A = -(1/4) Times Atomic Integral of the Laplacian of the Electron Density
  K(A) = Electronic Kinetic Energy of Atom A (Hamiltonian Form)
  K_Scaled(A) = K(A) * E(Mol)/K(Mol) = Approximation to Virial-Based Total Energy of Atom A.
  |Mu_Intra(A)| = Magnitude of Intraatomic Dipole Moment of Atom A
--------------------------------------------------------------------------------------------------
Atom A          q(A)              L(A)              K(A)          K_Scaled(A)      |Mu_Intra(A)|
--------------------------------------------------------------------------------------------------
C1       -7.7640036400E-02 -6.7777549126E-05  3.7735491258E+01 -3.8110066952E+01  2.0052775868E-01
C2       -1.7397750200E-02  2.0124140643E-04  3.7709798035E+01 -3.8084118688E+01  1.5441242615E-01
C3       -8.1179135200E-02  1.6287011530E-04  3.7734565613E+01 -3.8109132118E+01  1.9667072863E-01
C4       -6.8596006600E-02 -1.0546802110E-04  3.7733264667E+01 -3.8107818259E+01  1.7795444820E-01
C5       -6.8842927100E-02  5.1007630300E-05  3.7733844251E+01 -3.8108403596E+01  1.7205955892E-01
C6       -7.7765460000E-04 -1.2650332362E-04  3.7711435173E+01 -3.8085772078E+01  8.1687412321E-02
C7        2.1614297300E-02 -5.5341910633E-05  3.7717462659E+01 -3.8091859395E+01  2.2143631646E-01
C8        6.8976905910E-01  1.8605898206E-04  3.7263493901E+01 -3.7633384383E+01  8.7850302412E-01
C9       -8.8447665000E-03 -1.9569432129E-04  3.7711329095E+01 -3.8085664947E+01  2.1616523317E-01
C10      -5.3117858500E-02 -1.1535479652E-04  3.7697820602E+01 -3.8072022364E+01  1.1769527668E-01
C11      -2.3412569800E-02 -1.4994358794E-04  3.7700128065E+01 -3.8074352731E+01  1.8737820338E-01
O12      -1.1005201381E+00  1.1457848839E-05  7.5290288812E+01 -7.6037646570E+01  3.7609674250E-01
H13       1.1200013115E-01  2.2554516159E-05  5.6854414118E-01 -5.7418770931E-01  1.3721330404E-01
H14       8.8652180730E-02  3.5602511165E-05  5.8359547709E-01 -5.8938845005E-01  1.3541513446E-01
H15       8.5832552560E-02  1.8721604473E-05  5.7210229722E-01 -5.7778118486E-01  1.4099545017E-01
H16       4.2518066900E-02  1.7229965410E-05  5.9099226833E-01 -5.9685866444E-01  1.4693574929E-01
H17       7.1316939450E-02  2.1147627794E-05  5.8176201214E-01 -5.8753678549E-01  1.4469908450E-01
H18       7.8137116830E-02  2.2060012504E-05  5.7927692720E-01 -5.8502703273E-01  1.4304871378E-01
H19       8.4298985260E-02  1.5958370689E-05  5.7267809142E-01 -5.7836269459E-01  1.3890877640E-01
H20       6.5401846050E-02  2.2885020645E-05  5.8499367529E-01 -5.9080052726E-01  1.4062412711E-01
H21       8.9162687620E-02  2.6471206056E-05  5.7048893006E-01 -5.7615180285E-01  1.3784150237E-01
H22       6.2965041360E-02  2.2695949168E-05  5.8595814153E-01 -5.9177456712E-01  1.4476014350E-01
H23       5.5393842230E-02  2.3489350839E-05  5.8865419148E-01 -5.9449737901E-01  1.4589480813E-01
H24       7.8886216080E-02  2.9579520887E-05  5.8323317069E-01 -5.8902254727E-01  1.3881585010E-01
H25       1.0994464473E-01  6.3866178305E-05  5.6637997642E-01 -5.7200206230E-01  1.3342213782E-01
H26       7.8985921940E-02  2.4862712425E-05  5.7908904622E-01 -5.8483728677E-01  1.3885520592E-01
H27       4.0398758230E-02  3.2250655515E-05  5.9430528022E-01 -6.0020456244E-01  1.4568067844E-01
H28       3.2153437790E-02  2.1350729778E-05  5.9775412623E-01 -6.0368764290E-01  1.4550870318E-01
H29       6.1295826285E-01  1.0744601187E-05  3.3438459141E-01 -3.3770380990E-01  1.4516567673E-01
--------------------------------------------------------------------------------------------------
Total     1.0000611452E+00  2.2802300570E-04  4.9937311448E+02 -5.0433006679E+02
 
1st Largest |L(A)| = 2.0124140643E-04, atom C2      
2nd Largest |L(A)| = 1.9569432129E-04, atom C9      
 
Molecular charge q(Mol) from the wfn file:   1.0000000000E+00
Molecular energy E(Mol) from the wfn file:  -5.0433010327E+02
Molecular virial ratio (-V(Mol)/T(Mol)) from the wfn file:   2.0099263500E+00
Note.  K_Scaled(A) = (1+V(Mol)/T(Mol))*K(A) = (E(Mol)/T(Mol))*K(A)
       Only use K_Scaled(A) data with caution.
 
N_AIMInt(SumA)     =         89.999939
N_Analytic(Mol)    =         89.999984
 
G_AIMInt(SumA)     =        499.372886
G_Analytic(Mol)    =        499.373108
 
K_AIMInt(SumA)     =        499.373114
K_Analytic(Mol)    =        499.373108
 
L_AIMInt(SumA)     =          0.000228
L_Analytic(Mol)    =          0.000000
 
VenT_AIMInt(SumA)  =      -2540.097799
VenT_Analytic(Mol) =      -2540.099241
 
Some Information About the Atomic Calculations:
----------------------------------------------
  Time(sec) = "Elapsed User Time", in Seconds, for Atom A by AIMInt and, if used, by TWOe
  NProc = Number of Processors Used for AIMInt Job
  BIM = Basin Integration Method
  OAQ = Angular Quadrature Outside of Beta Sphere
  ORQ = Multiple of Default for Radial Quadrature Outside of Beta Sphere
  IAQ = Multiple of Default for Angular Quadrature Inside of Beta Sphere
  IRQ = Multiple of Default for Radial Quadrature Inside of Beta Sphere
  MIR = Maximum Integration Radius
------------------------------------------------------------------------------------------------------
Atom A     Time(sec)   NProc      BIM          OAQ                     ORQ      IAQ      IRQ      MIR
------------------------------------------------------------------------------------------------------
C1             93        8     Proaim(5)    4500(GS4)                  1.00     1.00     1.00    13.00
C2             98        8     Proaim(5)    4500(GS4)                  1.00     1.00     1.00    13.00
C3             77        8     Proaim(5)    4500(GS4)                  1.00     1.00     1.00    13.00
C4            324        8     Proaim(5)    4500(GS4)                  1.00     1.00     1.00    13.00
C5            196        8     Proaim(5)    4500(GS4)                  1.00     1.00     1.00    13.00
C6            102        8     Proaim(5)    4500(GS4)                  1.00     1.00     1.00    13.00
C7             99        8     Proaim(5)    4500(GS4)                  1.00     1.00     1.00    13.00
C8            186        8     Proaim(5)    5400(GS5)                  1.00     1.00     1.00    13.00
C9             83        8     Proaim(5)    4500(GS4)                  1.00     1.00     1.00    13.00
C10            48        8     Proaim(5)    4500(GS4)                  1.00     1.00     1.00    13.00
C11            28        8     Proaim(5)    4500(GS4)                  1.00     1.00     1.00    13.00
O12            51        8     Proaim(5)    4500(GS4)                  1.00     1.00     1.00    13.00
H13             7        8     Proaim(5)    1800(GS4)                  1.00     1.00     1.00    13.00
H14            10        8     Proaim(5)    1800(GS4)                  1.00     1.00     1.00    13.00
H15             6        8     Proaim(5)    1800(GS4)                  1.00     1.00     1.00    13.00
H16            19        8     Proaim(5)    4500(GS4)                  1.00     1.00     1.00    13.00
H17             7        8     Proaim(5)    1800(GS4)                  1.00     1.00     1.00    13.00
H18             6        8     Proaim(5)    1800(GS4)                  1.00     1.00     1.00    13.00
H19             9        8     Proaim(5)    1800(GS4)                  1.00     1.00     1.00    13.00
H20             7        8     Proaim(5)    1800(GS4)                  1.00     1.00     1.00    13.00
H21             6        8     Proaim(5)    1800(GS4)                  1.00     1.00     1.00    13.00
H22             9        8     Proaim(5)    1800(GS4)                  1.00     1.00     1.00    13.00
H23            11        8     Proaim(5)    1800(GS4)                  1.00     1.00     1.00    13.00
H24             8        8     Proaim(5)    1800(GS4)                  1.00     1.00     1.00    13.00
H25            20        8     Proaim(5)    4500(GS4)                  1.00     1.00     1.00    13.00
H26             7        8     Proaim(5)    1800(GS4)                  1.00     1.00     1.00    13.00
H27             6        8     Proaim(5)    1800(GS4)                  1.00     1.00     1.00    13.00
H28            18        8     Proaim(5)    4500(GS4)                  1.00     1.00     1.00    13.00
H29            13        8     Proaim(5)    1800(GS4)                  1.00     1.00     1.00    13.00
------------------------------------------------------------------------------------------------------
Total        1554
Note:  Total wall clock time is less than total of atomic times if more than one atom
       was calculated at a time
 
Electron Density Critical Point Analysis of Molecular Structure:               
---------------------------------------------------------------                
  NACP = Nuclear Attractor Critical Point                                      
  NNACP = Non-Nuclear Attractor Critical Point                                 
  BCP = Bond Critical Point                                                    
  RCP = Ring Critical Point                                                    
  CCP = Cage Critical Point                                                    
  Rho = Electron Density                                                       
  GradRho = Gradient of Electron Density                                       
  HessRho_EigVals = Eigenvalues of the Hessian of Rho, Ascending Order         
  HessRho_EigVecs = Eigenvectors of the Hessian of Rho                         
  DelSqRho = Laplacian of Rho = Trace of Hessian of Rho                        
  Bond Ellipticity = (HessRho_EigVal(1) / HessRho_EigVal(2)) - 1               
  V = Virial Field = Potential Energy Density = Trace of Stress Tensor         
  G = Lagrangian Form of Kinetic Energy Density                                
  K = Hamiltonian Form of Kinetic Energy Density                               
  L = K - G = Lagrangian Density = (-1/4)DelSqRho                              
  Vnuc = Electrostatic Potential from Nuclei                                   
  Ven = Electron-nuclear attractive contribution to Virial Field V             
  Vrep = V - Ven = Repulsive contribution to Virial Field V                    
  DelSqV = Laplacian of V                                                      
  DelSqVen = Laplacian of Ven                                                  
  DelSqVrep = Laplacian of Vrep                                                
  DelSqG = Laplacian of G                                                      
  DelSqK = Laplacian of K                                                      
  Stress_EigVals = Eigenvalues of Stress Tensor, Ascending Order               
  Stress_EigVecs = Eigenvectors of Stress Tensor                               
  -DivStress = Ehrenfest Force Density = Minus Divergence of Stress Tensor     
  ESP = Total Electrostatic Potential                                          
  ESPe = Electrostatic Potential from Electrons                                
  ESPn = Electrostatic Potential from Nuclei                                   
  BP = Bond Path                                                               
  BPL = Bond Path Length                                                       
  GBL = Geometric Bond Length                                                  
  GBL_I = Distance Between Nuclear Attractors                                  
  GBL_II = Distance Between Nuclei                                             
  GBL_III = Sum of Distances Between BCP and Nuclear Attractors                
  GBL_IV = Sum of Distances Between BCP and Nuclei                             

CP# 1      Coords = -3.83756427417452E+00  2.86548599148466E+00 -1.79390439566412E+00
           Type = (3,-3) NACP C1
           Rho =  1.1770592828E+02     Rho at Nucleus =  1.1770592815E+02
           GradRho = -3.3829983259E-10 -4.0291958658E-10  3.6105562984E-12
           HessRho_EigVals = -1.4504385122E+05 -1.4504295392E+05 -1.4504259341E+05
           HessRho_EigVec1 = -6.6454755373E-01  6.6957020833E-01  3.3174129220E-01
           HessRho_EigVec2 =  5.0648195769E-01  7.3002205532E-01 -4.5885054787E-01
           HessRho_EigVec3 =  5.4941111689E-01  1.3690703000E-01  8.2425960096E-01
           DelSqRho = -4.3512939855E+05
           Bond Ellipticity = NA
           V = -1.0879256612E+05
           G =  5.1082414484E+00
           K =  1.0878745788E+05
           L =  1.0878234964E+05
           Vnuc =  4.5197373449E+06
           Ven = -5.3199987975E+08
           Vrep =  5.3189108718E+08
           DelSqV =  2.4959292531E+09
           DelSqVen =  1.9666703483E+12
           DelSqVrep = -1.9641743535E+12
           DelSqG =  1.3407099258E+08
           DelSqK = -2.6300002457E+09
           Stress_EigVals = -3.6264480676E+04 -3.6264268944E+04 -3.6263816500E+04
           Stress_EigVec1 =  4.7573451704E-01  4.5977678323E-03  8.7957690387E-01
           Stress_EigVec2 =  6.1093072115E-01  7.1769397158E-01 -3.3418410662E-01
           Stress_EigVec3 = -6.3280354238E-01  6.9634346676E-01  3.3862287733E-01
           -DivStress =  6.6420177268E+02  8.5104211867E+02 -8.4204265950E-01
           ESP =  -1.4620395589E+01     ESP at Nucleus =  -1.4620395599E+01
           ESPe = -2.9758543406E+01     ESPe at Nucleus = -2.9758543191E+01
           ESPn =  1.5138147818E+01     ESPn at Nucleus =  1.5138147592E+01

CP# 2      Coords = -5.51308499639090E+00  9.69598781403371E-01 -4.88829736625871E-01
           Type = (3,-3) NACP C2
           Rho =  1.1754410193E+02     Rho at Nucleus =  1.1754410190E+02
           GradRho = -2.6333935033E-12 -1.0118489380E-11 -2.4384938513E-12
           HessRho_EigVals = -1.4484304774E+05 -1.4484282855E+05 -1.4484264364E+05
           HessRho_EigVec1 = -1.0985353447E-01 -4.9260649358E-01  8.6329082206E-01
           HessRho_EigVec2 = -4.4532604563E-01  8.0088717290E-01  4.0033042523E-01
           HessRho_EigVec3 =  8.8860391291E-01  3.4046817585E-01  3.0735078850E-01
           DelSqRho = -4.3452851993E+05
           Bond Ellipticity = NA
           V = -1.0864259947E+05
           G =  5.2347441151E+00
           K =  1.0863736473E+05
           L =  1.0863212998E+05
           Vnuc =  1.0940567581E+07
           Ven = -1.2859991909E+09
           Vrep =  1.2858905483E+09
           DelSqV =  2.4925008854E+09
           DelSqVen =  4.7539887800E+12
           DelSqVrep = -4.7514962791E+12
           DelSqG =  1.3388510591E+08
           DelSqK = -2.6263859913E+09
           Stress_EigVals = -3.6214272700E+04 -3.6214221193E+04 -3.6214105578E+04
           Stress_EigVec1 =  8.5278354917E-01  3.9957101689E-01  3.3630822281E-01
           Stress_EigVec2 = -5.1021532708E-01  7.7491325083E-01  3.7308145720E-01
           Stress_EigVec3 = -1.1153716098E-01 -4.8974733910E-01  8.6470052941E-01
           -DivStress = -4.4222120996E+02  5.2606874242E+01 -2.0702405774E+01
           ESP =  -1.4612424009E+01     ESP at Nucleus =  -1.4612424009E+01
           ESPe = -2.9534202013E+01     ESPe at Nucleus = -2.9534201135E+01
           ESPn =  1.4921778003E+01     ESPn at Nucleus =  1.4921777126E+01

CP# 3      Coords = -4.31428688296802E+00  6.96695063715599E-01  2.07731316438151E+00
           Type = (3,-3) NACP C3
           Rho =  1.1769298974E+02     Rho at Nucleus =  1.1769298961E+02
           GradRho = -3.2080338386E-10 -1.5907286599E-10 -3.0459135214E-10
           HessRho_EigVals = -1.4502449318E+05 -1.4502359062E+05 -1.4502323532E+05
           HessRho_EigVec1 = -6.6407974756E-01  6.9981328226E-01  2.6317191880E-01
           HessRho_EigVec2 =  2.8896314011E-01 -8.4407247974E-02  9.5361193373E-01
           HessRho_EigVec3 = -6.8956391476E-01 -7.0932135627E-01  1.4616709961E-01
           DelSqRho = -4.3507131912E+05
           Bond Ellipticity = NA
           V = -1.0877803395E+05
           G =  5.1020833347E+00
           K =  1.0877293186E+05
           L =  1.0876782978E+05
           Vnuc =  4.5452857488E+06
           Ven = -5.3494826900E+08
           Vrep =  5.3483949097E+08
           DelSqV =  2.4955935832E+09
           DelSqVen =  1.9775233720E+12
           DelSqVrep = -1.9750277784E+12
           DelSqG =  1.3404990393E+08
           DelSqK = -2.6296434871E+09
           Stress_EigVals = -3.6259633295E+04 -3.6259427542E+04 -3.6258973110E+04
           Stress_EigVec1 = -6.3746888690E-01 -6.9495576473E-01  3.3267086332E-01
           Stress_EigVec2 =  4.4291941371E-01  2.2758868343E-02  8.9627251820E-01
           Stress_EigVec3 = -6.3044096567E-01  7.1869222827E-01  2.9330132940E-01
           -DivStress =  7.6157989198E+02  3.1341405321E+02  6.8874147458E+02
           ESP =  -1.4619728139E+01     ESP at Nucleus =  -1.4619728151E+01
           ESPe = -3.0095509744E+01     ESPe at Nucleus = -3.0095510043E+01
           ESPn =  1.5475781606E+01     ESPn at Nucleus =  1.5475781892E+01

CP# 4      Coords = -2.32235554816014E+00  2.29429181516166E+00  2.24646191921602E+00
           Type = (3,-3) NACP C4
           Rho =  1.1769437470E+02     Rho at Nucleus =  1.1769437458E+02
           GradRho =  3.1069780082E-10  2.9400893525E-10 -2.3819624051E-10
           HessRho_EigVals = -1.4502589949E+05 -1.4502496424E+05 -1.4502464943E+05
           HessRho_EigVec1 = -5.7770182881E-01  7.5353439078E-01  3.1376188250E-01
           HessRho_EigVec2 = -1.2116341502E-01 -4.5930199486E-01  8.7997789994E-01
           HessRho_EigVec3 =  8.0720506927E-01  4.7034838092E-01  3.5664040253E-01
           DelSqRho = -4.3507551316E+05
           Bond Ellipticity = NA
           V = -1.0877911754E+05
           G =  5.1196267691E+00
           K =  1.0877399792E+05
           L =  1.0876887829E+05
           Vnuc =  4.6747138952E+06
           Ven = -5.5018752880E+08
           Vrep =  5.5007874968E+08
           DelSqV =  2.4956178288E+09
           DelSqVen =  2.0338532516E+12
           DelSqVrep = -2.0313576501E+12
           DelSqG =  1.3405082869E+08
           DelSqK = -2.6296686575E+09
           Stress_EigVals = -3.6259982797E+04 -3.6259806994E+04 -3.6259327754E+04
           Stress_EigVec1 =  7.6985233809E-01  4.2328441153E-01  4.7765854383E-01
           Stress_EigVec2 = -2.1933682291E-01 -5.2736316400E-01  8.2084069793E-01
           Stress_EigVec3 = -5.9934859277E-01  7.3669423794E-01  3.1314990681E-01
           -DivStress = -7.0709605878E+02 -6.1053751739E+02  4.5781938437E+02
           ESP =  -1.4620497397E+01     ESP at Nucleus =  -1.4620497410E+01
           ESPe = -3.0612557111E+01     ESPe at Nucleus = -3.0612557156E+01
           ESPn =  1.5992059714E+01     ESPn at Nucleus =  1.5992059746E+01

CP# 5      Coords = -2.03117009756514E+00  3.64767633288461E+00 -1.56988881048563E-01
           Type = (3,-3) NACP C5
           Rho =  1.1769351031E+02     Rho at Nucleus =  1.1769351019E+02
           GradRho =  3.1137969980E-10 -9.7120089748E-11  3.7462971614E-10
           HessRho_EigVals = -1.4502448583E+05 -1.4502357283E+05 -1.4502328247E+05
           HessRho_EigVec1 = -6.0075997268E-01  7.0415214401E-01  3.7849334646E-01
           HessRho_EigVec2 =  1.3308014684E-01  5.5493684816E-01 -8.2117888981E-01
           HessRho_EigVec3 =  7.8827478061E-01  4.4296145728E-01  4.2709251646E-01
           DelSqRho = -4.3507134113E+05
           Bond Ellipticity = NA
           V = -1.0877807880E+05
           G =  5.1217588266E+00
           K =  1.0877295704E+05
           L =  1.0876783528E+05
           Vnuc =  4.6026014004E+06
           Ven = -5.4169631536E+08
           Vrep =  5.4158753728E+08
           DelSqV =  2.4955936554E+09
           DelSqVen =  2.0024599839E+12
           DelSqVrep = -1.9999644230E+12
           DelSqG =  1.3404923697E+08
           DelSqK = -2.6296428923E+09
           Stress_EigVals = -3.6259628402E+04 -3.6259462941E+04 -3.6258987456E+04
           Stress_EigVec1 = -7.9033662872E-01 -5.4130664618E-01 -2.8697583191E-01
           Stress_EigVec2 =  7.4699930704E-03  4.5985127319E-01 -8.8796452955E-01
           Stress_EigVec3 = -6.1262730310E-01  7.0393460019E-01  3.5939374807E-01
           -DivStress = -6.7577264644E+02  1.4331630774E+02 -7.9846192406E+02
           ESP =  -1.4619571811E+01     ESP at Nucleus =  -1.4619571826E+01
           ESPe = -3.0416372485E+01     ESPe at Nucleus = -3.0416372485E+01
           ESPn =  1.5796800674E+01     ESPn at Nucleus =  1.5796800660E+01

CP# 6      Coords =  4.45326920107269E+00  1.38433843185465E+00 -8.76789320861174E-01
           Type = (3,-3) NACP C6
           Rho =  1.1776645106E+02     Rho at Nucleus =  1.1776645105E+02
           GradRho = -1.9489743153E-11  1.5115131369E-11  6.3370142467E-12
           HessRho_EigVals = -1.4510791318E+05 -1.4510502771E+05 -1.4510501234E+05
           HessRho_EigVec1 =  7.0155458780E-01 -6.2684982384E-01 -3.3894019928E-01
           HessRho_EigVec2 = -3.7591079480E-01 -7.2960589200E-01  5.7128479475E-01
           HessRho_EigVec3 =  6.0540253938E-01  2.7337618899E-01  7.4749797632E-01
           DelSqRho = -4.3531795323E+05
           Bond Ellipticity = NA
           V = -1.0883948547E+05
           G =  4.9985830619E+00
           K =  1.0883448689E+05
           L =  1.0882948831E+05
           Vnuc =  2.0490812928E+07
           Ven = -2.4131303179E+09
           Vrep =  2.4130214784E+09
           DelSqV =  2.4969903203E+09
           DelSqVen =  8.9200179282E+12
           DelSqVrep = -8.9175251322E+12
           DelSqG =  1.3411713344E+08
           DelSqK = -2.6311074537E+09
           Stress_EigVals = -3.6280195411E+04 -3.6280138382E+04 -3.6279151680E+04
           Stress_EigVec1 = -1.2697364267E-01 -5.7918915279E-01  8.0524382603E-01
           Stress_EigVec2 =  7.0145801489E-01  5.2154684512E-01  4.8574225849E-01
           Stress_EigVec3 =  7.0130902419E-01 -6.2652119967E-01 -3.4005417061E-01
           -DivStress = -1.0368193316E+02 -1.2755096461E+02 -1.8151388278E+02
           ESP =  -1.4528548206E+01     ESP at Nucleus =  -1.4528548205E+01
           ESPe = -2.9794795003E+01     ESPe at Nucleus = -2.9794794988E+01
           ESPn =  1.5266246797E+01     ESPn at Nucleus =  1.5266246783E+01

CP# 7      Coords =  3.79870244999169E+00 -3.34591313930383E-01  9.18823213056617E-01
           Type = (3,-3) NACP C7
           Rho =  1.1764758964E+02     Rho at Nucleus =  1.1764758919E+02
           GradRho = -2.5815103388E-09 -1.7970567256E-09 -1.5828311439E-09
           HessRho_EigVals = -1.4496454505E+05 -1.4496437445E+05 -1.4496377511E+05
           HessRho_EigVec1 =  7.2530079272E-01 -5.9629102641E-01 -3.4405780313E-01
           HessRho_EigVec2 =  6.6592089117E-01  7.3444041051E-01  1.3094521799E-01
           HessRho_EigVec3 =  1.7460849573E-01 -3.2408994928E-01  9.2977286366E-01
           DelSqRho = -4.3489269461E+05
           Bond Ellipticity = NA
           V = -1.0873368323E+05
           G =  5.2547912074E+00
           K =  1.0872842844E+05
           L =  1.0872317365E+05
           Vnuc =  2.3972430417E+06
           Ven = -2.8202986564E+08
           Vrep =  2.8192113196E+08
           DelSqV =  2.4945737073E+09
           DelSqVen =  1.0425434399E+12
           DelSqVrep = -1.0400488662E+12
           DelSqG =  1.3399159836E+08
           DelSqK = -2.6285653056E+09
           Stress_EigVals = -3.6244800577E+04 -3.6244606236E+04 -3.6244276420E+04
           Stress_EigVec1 =  6.9241576318E-02 -4.2159477806E-01  9.0413685204E-01
           Stress_EigVec2 =  7.0583047717E-01  6.6118066887E-01  2.5425078292E-01
           Stress_EigVec3 =  7.0498861098E-01 -6.2056262071E-01 -3.4335563512E-01
           -DivStress =  1.4867898863E+03  1.0324029879E+03  9.2558033147E+02
           ESP =  -1.4558364378E+01     ESP at Nucleus =  -1.4558364398E+01
           ESPe = -3.0887625186E+01     ESPe at Nucleus = -3.0887622211E+01
           ESPn =  1.6329260807E+01     ESPn at Nucleus =  1.6329257813E+01

CP# 8      Coords =  1.92310892926223E+00 -2.22530002516416E+00  5.35938791077171E-01
           Type = (3,-3) NACP C8
           Rho =  1.1777441821E+02     Rho at Nucleus =  1.1777441543E+02
           GradRho = -7.2892802905E-12  3.9676734120E-12 -4.0831504844E-12
           HessRho_EigVals = -1.4509979667E+05 -1.4509776113E+05 -1.4509600266E+05
           HessRho_EigVec1 = -7.1176834198E-01  6.1972574733E-01  3.3064456060E-01
           HessRho_EigVec2 =  1.8374099034E-01  6.1860514049E-01 -7.6391552454E-01
           HessRho_EigVec3 =  6.7795654421E-01  4.8297792730E-01  5.5417257773E-01
           DelSqRho = -4.3529356046E+05
           Bond Ellipticity = NA
           V = -1.0883306204E+05
           G =  4.8359625284E+00
           K =  1.0882822608E+05
           L =  1.0882339012E+05
           Vnuc =  9.6815774190E+05
           Ven = -1.1402421479E+08
           Vrep =  1.1391538173E+08
           DelSqV =  2.4968262198E+09
           DelSqVen =  4.2143282995E+11
           DelSqVrep = -4.1893600373E+11
           DelSqG =  1.3409119232E+08
           DelSqK = -2.6309174121E+09
           Stress_EigVals = -3.6278264556E+04 -3.6277768522E+04 -3.6277028962E+04
           Stress_EigVec1 =  6.8628040173E-01  5.0953142379E-01  5.1903462155E-01
           Stress_EigVec2 =  1.5291239828E-01  5.9658576630E-01 -7.8784720720E-01
           Stress_EigVec3 = -7.1108157665E-01  6.2005092663E-01  3.3151144736E-01
           -DivStress =  9.0790018081E+02  2.8816464241E+03 -4.0172023503E+03
           ESP =  -1.4439060942E+01     ESP at Nucleus =  -1.4439061125E+01
           ESPe = -3.2361240964E+01     ESPe at Nucleus = -3.2361240354E+01
           ESPn =  1.7922180022E+01     ESPn at Nucleus =  1.7922179229E+01

CP# 9      Coords =  4.56018766080907E-01 -2.63244215330504E+00 -1.84788244411777E+00
           Type = (3,-3) NACP C9
           Rho =  1.1755144557E+02     Rho at Nucleus =  1.1755144505E+02
           GradRho =  1.9001932805E-09 -8.8748602911E-10  3.8194776231E-09
           HessRho_EigVals = -1.4486126578E+05 -1.4486051177E+05 -1.4486033644E+05
           HessRho_EigVec1 =  5.4652016269E-01  2.7305135377E-01  7.9168091424E-01
           HessRho_EigVec2 =  5.9568929400E-01  5.3770830638E-01 -5.9667750272E-01
           HessRho_EigVec3 = -5.8861700347E-01  7.9769213075E-01  1.3121466293E-01
           DelSqRho = -4.3458211399E+05
           Bond Ellipticity = NA
           V = -1.0865607210E+05
           G =  5.2717987415E+00
           K =  1.0865080030E+05
           L =  1.0864552850E+05
           Vnuc =  2.2354610330E+06
           Ven = -2.6278167594E+08
           Vrep =  2.6267301987E+08
           DelSqV =  2.4928176198E+09
           DelSqVen =  9.7149141811E+11
           DelSqVrep = -9.6899860049E+11
           DelSqG =  1.3391031832E+08
           DelSqK = -2.6267279381E+09
           Stress_EigVals = -3.6218803492E+04 -3.6218747071E+04 -3.6218521533E+04
           Stress_EigVec1 = -6.3310310756E-01  7.5011738228E-01  1.9106116295E-01
           Stress_EigVec2 =  5.1996802589E-01  5.9496683366E-01 -6.1290106778E-01
           Stress_EigVec3 =  5.7342279972E-01  2.8868387492E-01  7.6671240574E-01
           -DivStress = -9.3243809540E+02  4.6282442481E+02 -1.9100789419E+03
           ESP =  -1.4552419801E+01     ESP at Nucleus =  -1.4552419831E+01
           ESPe = -3.1070762167E+01     ESPe at Nucleus = -3.1070759485E+01
           ESPn =  1.6518342366E+01     ESPn at Nucleus =  1.6518339654E+01

CP# 10     Coords = -1.29324772581620E+00 -4.94088594907097E+00 -1.84010959533811E+00
           Type = (3,-3) NACP C10
           Rho =  1.1752067566E+02     Rho at Nucleus =  1.1752067529E+02
           GradRho =  1.6215233600E-09  1.8417483094E-09  6.8554255328E-10
           HessRho_EigVals = -1.4481738154E+05 -1.4481676355E+05 -1.4481670094E+05
           HessRho_EigVec1 =  5.9938451228E-01  7.9765535830E-01 -6.6963690301E-02
           HessRho_EigVec2 =  6.5141102843E-01 -5.3468317625E-01 -5.3830992288E-01
           HessRho_EigVec3 =  4.6519015304E-01 -2.7903374421E-01  8.4008231210E-01
           DelSqRho = -4.3445084604E+05
           Bond Ellipticity = NA
           V = -1.0862322410E+05
           G =  5.2562960483E+00
           K =  1.0861796781E+05
           L =  1.0861271151E+05
           Vnuc =  2.6752661706E+06
           Ven = -3.1439908793E+08
           Vrep =  3.1429046470E+08
           DelSqV =  2.4920612160E+09
           DelSqVen =  1.1622717276E+12
           DelSqVrep = -1.1597796664E+12
           DelSqG =  1.3386471604E+08
           DelSqK = -2.6259259320E+09
           Stress_EigVals = -3.6207822259E+04 -3.6207801558E+04 -3.6207600284E+04
           Stress_EigVec1 =  4.4812683409E-01 -2.5862231490E-01  8.5574344216E-01
           Stress_EigVec2 =  6.6605310256E-01 -5.4189662646E-01 -5.1256347002E-01
           Stress_EigVec3 =  5.9628483557E-01  7.9966401974E-01 -7.0582224391E-02
           -DivStress = -1.1536846126E+03 -1.3246255237E+03 -4.6727973442E+02
           ESP =  -1.4579421404E+01     ESP at Nucleus =  -1.4579421422E+01
           ESPe = -2.8536205517E+01     ESPe at Nucleus = -2.8536202065E+01
           ESPn =  1.3956784112E+01     ESPn at Nucleus =  1.3956780643E+01

CP# 11     Coords =  6.40682948758547E+00  3.36487652952464E+00 -5.40984375703332E-01
           Type = (3,-3) NACP C11
           Rho =  1.1751532931E+02     Rho at Nucleus =  1.1751532888E+02
           GradRho = -2.2454277882E-09 -2.0266359146E-09 -8.2836451587E-10
           HessRho_EigVals = -1.4480583083E+05 -1.4480531768E+05 -1.4480508148E+05
           HessRho_EigVec1 =  7.0056503877E-01  7.0000667434E-01  1.3856147491E-01
           HessRho_EigVec2 = -6.9999789469E-01  6.3642614377E-01  3.2398257816E-01
           HessRho_EigVec3 =  1.3860582193E-01 -3.2396360815E-01  9.3586110440E-01
           DelSqRho = -4.3441622999E+05
           Bond Ellipticity = NA
           V = -1.0861467750E+05
           G =  5.3100023414E+00
           K =  1.0860936750E+05
           L =  1.0860405750E+05
           Vnuc =  2.4706873790E+06
           Ven = -2.9034364095E+08
           Vrep =  2.9023502628E+08
           DelSqV =  2.4918595643E+09
           DelSqVen =  1.0733067223E+12
           DelSqVrep = -1.0708148709E+12
           DelSqG =  1.3384910992E+08
           DelSqK = -2.6257086742E+09
           Stress_EigVals = -3.6204994957E+04 -3.6204917277E+04 -3.6204765269E+04
           Stress_EigVec1 =  1.5050245151E-01 -3.1685893179E-01  9.3645578082E-01
           Stress_EigVec2 = -6.9732217021E-01  6.3743282734E-01  3.2775170719E-01
           Stress_EigVec3 =  7.0077871188E-01  7.0233881281E-01  1.2501755478E-01
           -DivStress =  1.4218644476E+03  1.2667296536E+03  5.0715401477E+02
           ESP =  -1.4584919204E+01     ESP at Nucleus =  -1.4584919224E+01
           ESPe = -2.6916277404E+01     ESPe at Nucleus = -2.6916273967E+01
           ESPn =  1.2331358200E+01     ESPn at Nucleus =  1.2331354744E+01

CP# 12     Coords =  1.58160919960211E+00 -3.71162836238566E+00  2.46959027403099E+00
           Type = (3,-3) NACP O12
           Rho =  2.8988799894E+02     Rho at Nucleus =  2.8988796746E+02
           GradRho =  3.0711877486E-11 -1.2374679059E-10  1.1564216251E-10
           HessRho_EigVals = -6.3913212820E+05 -6.3911647830E+05 -6.3911607989E+05
           HessRho_EigVec1 =  4.6562242149E-01  7.7821532073E-01 -4.2139847555E-01
           HessRho_EigVec2 =  8.7532357318E-01 -4.7514071173E-01  8.9721492957E-02
           HessRho_EigVec3 = -1.3040093118E-01 -4.1063635816E-01 -9.0242638398E-01
           DelSqRho = -1.9173646864E+06
           Bond Ellipticity = NA
           V = -4.7943533865E+05
           G =  4.7083525388E+01
           K =  4.7938825512E+05
           L =  4.7934117160E+05
           Vnuc =  8.0602966567E+05
           Ven = -2.3365832687E+08
           Vrep =  2.3317889153E+08
           DelSqV =  1.9771985311E+10
           DelSqVen =  1.5454528169E+12
           DelSqVrep = -1.5256808311E+12
           DelSqG =  1.0571067526E+09
           DelSqK = -2.0829092063E+10
           Stress_EigVals = -1.5981300153E+05 -1.5981286021E+05 -1.5980947691E+05
           Stress_EigVec1 =  5.1743508087E-01 -6.3105672594E-01 -5.7795185416E-01
           Stress_EigVec2 =  7.2718284245E-01 -3.1751392614E-02  6.8570909481E-01
           Stress_EigVec3 =  4.5107211256E-01  7.7508661304E-01 -4.4246433932E-01
           -DivStress =  2.9239049208E+04  1.8870278748E+03  5.6653915108E+04
           ESP =  -2.2055071979E+01     ESP at Nucleus =  -2.2055073210E+01
           ESPe = -3.6225013202E+01     ESPe at Nucleus = -3.6224998323E+01
           ESPn =  1.4169941223E+01     ESPn at Nucleus =  1.4169925113E+01

CP# 13     Coords =  4.68980862248210E+00 -3.27276071233642E-01  2.72855887231313E+00
           Type = (3,-3) NACP H13
           Rho =  4.1857357268E-01     Rho at Nucleus =  4.1458501504E-01
           GradRho = -1.2005942438E-09 -1.8531840992E-11 -2.4210937422E-09
           HessRho_EigVals = -6.3767010698E+00 -6.3693161588E+00 -5.7496528022E+00
           HessRho_EigVec1 =  5.6002126211E-01  7.7809998033E-01 -2.8449359677E-01
           HessRho_EigVec2 =  6.9905283975E-01 -6.2809607087E-01 -3.4179007154E-01
           HessRho_EigVec3 =  4.4463615826E-01  7.4663494710E-03  8.9568015519E-01
           DelSqRho = -1.8495670031E+01
           Bond Ellipticity = NA
           V = -4.6326873849E+00
           G =  4.3849385973E-03
           K =  4.6283024463E+00
           L =  4.6239175077E+00
           Vnuc =  4.3066932294E+01
           Ven = -1.8026679715E+01
           Vrep =  1.3393992330E+01
           DelSqV =  6.9503346777E+02
           DelSqVen =  7.9655177294E+02
           DelSqVrep = -1.0151830517E+02
           DelSqG =  6.8454772600E+01
           DelSqK = -7.6348824037E+02
           Stress_EigVals = -1.5969774765E+00 -1.5965955882E+00 -1.4391143202E+00
           Stress_EigVec1 =  5.6250357280E-01  7.7627011065E-01 -2.8459523168E-01
           Stress_EigVec2 =  6.9742868116E-01 -6.3036472551E-01 -3.4093041448E-01
           Stress_EigVec3 =  4.4405288567E-01  6.7103008700E-03  8.9597544977E-01
           -DivStress =  3.6161870811E+00  5.3595532424E-02  7.2969797695E+00
           ESP =  -9.2763366732E-01     ESP at Nucleus =  -9.3034918679E-01
           ESPe = -1.6753207081E+01     ESPe at Nucleus = -1.6651800177E+01
           ESPn =  1.5825573413E+01     ESPn at Nucleus =  1.5721450990E+01

CP# 14     Coords =  3.52876916257629E+00  1.33819309933744E+00 -2.67440593484776E+00
           Type = (3,-3) NACP H14
           Rho =  4.2616886952E-01     Rho at Nucleus =  4.2219012131E-01
           GradRho =  5.4782526519E-10  1.8390346808E-11  1.0756690417E-09
           HessRho_EigVals = -6.5072323310E+00 -6.5026085313E+00 -5.8730695929E+00
           HessRho_EigVec1 =  5.5708846320E-01  7.7408282600E-01 -3.0074610997E-01
           HessRho_EigVec2 =  6.9441827023E-01 -6.3282738516E-01 -3.4250951310E-01
           HessRho_EigVec3 =  4.5545110620E-01  1.8035495177E-02  8.9007809251E-01
           DelSqRho = -1.8882910455E+01
           Bond Ellipticity = NA
           V = -4.7292635059E+00
           G =  4.2679460451E-03
           K =  4.7249955598E+00
           L =  4.7207276138E+00
           Vnuc =  4.3819142766E+01
           Ven = -1.8674354536E+01
           Vrep =  1.3945091030E+01
           DelSqV =  7.0997163642E+02
           DelSqVen =  8.2743295090E+02
           DelSqVrep = -1.1746131448E+02
           DelSqG =  7.0078038397E+01
           DelSqK = -7.8004967482E+02
           Stress_EigVals = -1.6303234102E+00 -1.6286163524E+00 -1.4703237432E+00
           Stress_EigVec1 =  5.5558368324E-01  7.7634627841E-01 -2.9767973884E-01
           Stress_EigVec2 =  6.9645710159E-01 -6.3008997328E-01 -3.4341539164E-01
           Stress_EigVec3 =  4.5417427994E-01  1.6525179942E-02  8.9075958702E-01
           -DivStress = -3.7234650911E+00 -1.1800637890E-01 -7.3214082093E+00
           ESP =  -9.1977740552E-01     ESP at Nucleus =  -9.2242876045E-01
