AIMSum (Version 19.02.13, Professional)
Copyright (c) 1997-2019 by Todd A. Keith
AIMSum is a component of the AIMAll package ( http://aim.tkgristmill.com )

TP:  64-bit Linux

Much of the Quantum Theory of Atoms in Molecules (QTAIM) is described in the book:
  "Atoms in Molecules - A Quantum Theory"
  R.F.W. Bader, Oxford University Press, Oxford, 1990

For additional references see:  http://aim.tkgristmill.com/references.html

Wfn File:  /home/mhennefarth/Documents/ML_Diels/summary-gordillo2006/11cx-opt/11cx-opt.wfn
Sum File:  /home/mhennefarth/Documents/ML_Diels/summary-gordillo2006/11cx-opt/11cx-opt.sum

SumViz File:  /home/mhennefarth/Documents/ML_Diels/summary-gordillo2006/11cx-opt/11cx-opt.sumviz

Wfn Title:   Title Card Required                                                           
 
Total memory allocated for AIMSum =        1.479 Megabytes

Atomic units (a.u.) used throughout, except where stated otherwise

Model:  Restricted SCF
 
Restricted, closed-shell, single-determinant wavefunction.
  Number of electrons (from MO Occs)                   =          90.0000000000
  Number of Alpha electrons (from MO Occs)             =          45.0000000000
  Number of Beta electrons (from MO Occs)              =          45.0000000000
  Number of electron pairs (N*(N-1)/2)                 =        4005.0000000000
  Number of electron pairs (from Muller 2EDM)          =        4005.0000000000
 
Nuclear Charges and Cartesian Coordinates:
-------------------------------------------------------------------------------
Atom      Charge                X                  Y                  Z
-------------------------------------------------------------------------------
C1         6.0           4.6516500000E+00  -5.2484257000E-01  -1.7237850200E+00
C2         6.0           4.8829819500E+00  -3.4818611000E-01   8.2818434000E-01
C3         6.0           3.3820543800E+00  -2.4350563600E+00   2.0463029300E+00
C4         6.0           2.1328410200E+00  -3.7015054700E+00  -1.6890352000E-01
C5         6.0           2.9476006700E+00  -2.5962013700E+00  -2.3402219600E+00
C6         6.0           4.3220042000E-01   3.4848472900E+00   6.4910115000E-01
C7         6.0           1.8183754000E+00   5.6487271300E+00  -4.7615937000E-01
C8         6.0          -1.1526751800E+00   1.9180378800E+00  -6.7144133000E-01
C9         6.0          -2.6452827300E+00   2.6032950000E-02   4.6003866000E-01
O10        8.0          -2.6200278900E+00  -1.5409875000E-01   2.9479771400E+00
C11        6.0          -4.4614313200E+00  -1.5711865100E+00  -1.0010917400E+00
C12        6.0          -7.1622851200E+00  -4.3235633000E-01  -9.3497840000E-01
H13        1.0          -3.8071437800E+00  -1.7302038600E+00  -2.9529747000E+00
H14        1.0          -1.2890886700E+00   2.0805011800E+00  -2.7116293400E+00
H15        1.0           5.5371385000E-01   3.2591378700E+00   2.6897861900E+00
H16        1.0           4.6513445300E+00  -3.7674884000E+00   3.0203990400E+00
H17        1.0           2.0585261000E+00  -1.7729602700E+00   3.5020436400E+00
H18        1.0           9.3911278000E-01  -5.3609026400E+00  -2.2314690000E-02
H19        1.0           6.0872439400E+00   9.4743842000E-01   1.8615604500E+00
H20        1.0           3.7727831700E+00   5.7194956800E+00   2.0005006000E-01
H21        1.0           1.7951049400E+00   5.6295970000E+00  -2.5405330600E+00
H22        1.0           9.2711241000E-01   7.4133493300E+00   1.7524468000E-01
H23        1.0           2.4663580700E+00  -3.1753177000E+00  -4.2472414500E+00
H24        1.0           5.5962255200E+00   6.5350030000E-01  -3.1096998700E+00
H25        1.0          -4.4884095200E+00  -3.4847808000E+00  -2.0072083000E-01
H26        1.0          -8.4342873900E+00  -1.6670917100E+00  -1.9951423600E+00
H27        1.0          -7.8837416700E+00  -2.7384013000E-01   9.9726849000E-01
H28        1.0          -7.2032248900E+00   1.4427067200E+00  -1.8022544000E+00
H29        1.0          -3.7375832800E+00  -1.4902141300E+00   3.5500665600E+00
 
Some Atomic Properties:
----------------------
  q(A) = Net Charge of Atom A
  L(A) = Lagrangian of Atom A = -(1/4) Times Atomic Integral of the Laplacian of the Electron Density
  K(A) = Electronic Kinetic Energy of Atom A (Hamiltonian Form)
  K_Scaled(A) = K(A) * E(Mol)/K(Mol) = Approximation to Virial-Based Total Energy of Atom A.
  |Mu_Intra(A)| = Magnitude of Intraatomic Dipole Moment of Atom A
--------------------------------------------------------------------------------------------------
Atom A          q(A)              L(A)              K(A)          K_Scaled(A)      |Mu_Intra(A)|
--------------------------------------------------------------------------------------------------
C1       -4.1158011900E-02 -1.2064830895E-05  3.7729570016E+01 -3.8104398957E+01  1.7830539332E-01
C2       -7.5442342500E-02 -6.1727202817E-06  3.7734013770E+01 -3.8108886858E+01  1.9511172462E-01
C3       -1.5319203200E-02 -1.4191804728E-04  3.7713318377E+01 -3.8087985864E+01  1.6604658427E-01
C4       -8.5521459800E-02 -1.2012687338E-04  3.7735804863E+01 -3.8110695744E+01  1.9690818311E-01
C5       -4.4813708500E-02 -5.3196897960E-05  3.7729440320E+01 -3.8104267973E+01  1.7675265668E-01
C6        3.0047406000E-03 -2.1840802685E-04  3.7700328344E+01 -3.8074866780E+01  9.9881637714E-02
C7       -1.7843538100E-02 -1.1247318179E-04  3.7697779026E+01 -3.8072292135E+01  1.8258648016E-01
C8        3.2624673700E-02  4.4294862749E-05  3.7713027780E+01 -3.8087692380E+01  2.1728392366E-01
C9        6.3781621110E-01  8.9399669927E-05  3.7300949707E+01 -3.7671520468E+01  8.4900627852E-01
O10      -1.1186219337E+00 -1.7712609002E-05  7.5265380270E+01 -7.6013113222E+01  3.2882361771E-01
C11       1.6150786900E-02 -2.6282905739E-04  3.7695607488E+01 -3.8070099024E+01  1.8940848748E-01
C12      -2.3468977300E-02  1.5926758440E-05  3.7674100080E+01 -3.8048377949E+01  1.2116259672E-01
H13       6.9981445560E-02  3.0958430042E-05  5.8945102380E-01 -5.9530699573E-01  1.4056892763E-01
H14       8.6819719960E-02  2.8667665780E-05  5.8038244529E-01 -5.8614832434E-01  1.4004073693E-01
H15       1.0903151976E-01  2.4956570305E-05  5.7600614978E-01 -5.8172855200E-01  1.3272670933E-01
H16       8.6982540860E-02  2.8821791038E-05  5.7161631461E-01 -5.7729510548E-01  1.4105618612E-01
H17       5.3146822240E-02  2.5336926529E-05  5.8984573299E-01 -5.9570562621E-01  1.3676780397E-01
H18       6.8631421740E-02  2.0298642952E-05  5.8312606077E-01 -5.8891919660E-01  1.4473242512E-01
H19       7.8592529700E-02  2.4704157450E-05  5.7942920534E-01 -5.8518561431E-01  1.4284792480E-01
H20       7.6247492740E-02  3.2444349033E-05  5.7936535933E-01 -5.8512113402E-01  1.3914162719E-01
H21       5.6829162280E-02  2.2904645689E-05  5.8846287614E-01 -5.9430903120E-01  1.4257975838E-01
H22       8.5835921210E-02  2.4057744318E-05  5.7132919330E-01 -5.7700513173E-01  1.3930553246E-01
H23       7.4612862960E-02  2.0597971676E-05  5.8137078361E-01 -5.8714648143E-01  1.4265051756E-01
H24       7.6010684000E-02  1.9888603471E-05  5.8101358973E-01 -5.8678573896E-01  1.4210861821E-01
H25       5.0692597540E-02  2.3394048356E-05  5.9465076220E-01 -6.0055839155E-01  1.4475091823E-01
H26       6.8641221910E-02  2.3015549496E-05  5.8417979882E-01 -5.8998340314E-01  1.4054901128E-01
H27       3.2759463130E-02  2.7654345684E-05  5.9857853430E-01 -6.0452518458E-01  1.4731697493E-01
H28       4.8362045980E-02  2.2874471683E-05  5.9248430241E-01 -5.9837040881E-01  1.4505756335E-01
H29       6.0907164177E-01  3.7170884020E-05  3.3887754971E-01 -3.4224416939E-01  1.4794842153E-01
--------------------------------------------------------------------------------------------------
Total     9.9965633064E-01 -3.5753415619E-04  4.9936948972E+02 -5.0433053584E+02
 
1st Largest |L(A)| = 2.6282905739E-04, atom C11     
2nd Largest |L(A)| = 2.1840802685E-04, atom C6      
 
Molecular charge q(Mol) from the wfn file:   1.0000000000E+00
Molecular energy E(Mol) from the wfn file:  -5.0433066555E+02
Molecular virial ratio (-V(Mol)/T(Mol)) from the wfn file:   2.0099346200E+00
Note.  K_Scaled(A) = (1+V(Mol)/T(Mol))*K(A) = (E(Mol)/T(Mol))*K(A)
       Only use K_Scaled(A) data with caution.
 
N_AIMInt(SumA)     =         90.000344
N_Analytic(Mol)    =         89.999984
 
G_AIMInt(SumA)     =        499.369847
G_Analytic(Mol)    =        499.369581
 
K_AIMInt(SumA)     =        499.369490
K_Analytic(Mol)    =        499.369581
 
L_AIMInt(SumA)     =         -0.000358
L_Analytic(Mol)    =          0.000000
 
VenT_AIMInt(SumA)  =      -2560.543620
VenT_Analytic(Mol) =      -2560.537466
 
Some Information About the Atomic Calculations:
----------------------------------------------
  Time(sec) = "Elapsed User Time", in Seconds, for Atom A by AIMInt and, if used, by TWOe
  NProc = Number of Processors Used for AIMInt Job
  BIM = Basin Integration Method
  OAQ = Angular Quadrature Outside of Beta Sphere
  ORQ = Multiple of Default for Radial Quadrature Outside of Beta Sphere
  IAQ = Multiple of Default for Angular Quadrature Inside of Beta Sphere
  IRQ = Multiple of Default for Radial Quadrature Inside of Beta Sphere
  MIR = Maximum Integration Radius
------------------------------------------------------------------------------------------------------
Atom A     Time(sec)   NProc      BIM          OAQ                     ORQ      IAQ      IRQ      MIR
------------------------------------------------------------------------------------------------------
C1             33        8     Proaim(5)    4500(GS4)                  1.00     1.00     1.00    13.00
C2             43        8     Proaim(5)    4500(GS4)                  1.00     1.00     1.00    13.00
C3             29        8     Proaim(5)    4500(GS4)                  1.00     1.00     1.00    13.00
C4             55        8     Proaim(5)    4500(GS4)                  1.00     1.00     1.00    13.00
C5             31        8     Proaim(5)    4500(GS4)                  1.00     1.00     1.00    13.00
C6             49        8     Proaim(5)    4500(GS4)                  1.00     1.00     1.00    13.00
C7             31        8     Proaim(5)    4500(GS4)                  1.00     1.00     1.00    13.00
C8             39        8     Proaim(5)    4500(GS4)                  1.00     1.00     1.00    13.00
C9             70        8     Proaim(5)    4500(GS4)                  1.00     1.00     1.00    13.00
O10            27        8     Proaim(5)    4500(GS4)                  1.00     1.00     1.00    13.00
C11            39        8     Proaim(5)    4500(GS4)                  1.00     1.00     1.00    13.00
C12            24        8     Proaim(5)    4500(GS4)                  1.00     1.00     1.00    13.00
H13             9        8     Proaim(5)    1800(GS4)                  1.00     1.00     1.00    13.00
H14             9        8     Proaim(5)    1800(GS4)                  1.00     1.00     1.00    13.00
H15            10        8     Proaim(5)    1800(GS4)                  1.00     1.00     1.00    13.00
H16             6        8     Proaim(5)    1800(GS4)                  1.00     1.00     1.00    13.00
H17            14        8     Proaim(5)    4500(GS4)                  1.00     1.00     1.00    13.00
H18             8        8     Proaim(5)    1800(GS4)                  1.00     1.00     1.00    13.00
H19             8        8     Proaim(5)    1800(GS4)                  1.00     1.00     1.00    13.00
H20             8        8     Proaim(5)    1800(GS4)                  1.00     1.00     1.00    13.00
H21             8        8     Proaim(5)    1800(GS4)                  1.00     1.00     1.00    13.00
H22             6        8     Proaim(5)    1800(GS4)                  1.00     1.00     1.00    13.00
H23             7        8     Proaim(5)    1800(GS4)                  1.00     1.00     1.00    13.00
H24             8        8     Proaim(5)    1800(GS4)                  1.00     1.00     1.00    13.00
H25             9        8     Proaim(5)    1800(GS4)                  1.00     1.00     1.00    13.00
H26             6        8     Proaim(5)    1800(GS4)                  1.00     1.00     1.00    13.00
H27             7        8     Proaim(5)    1800(GS4)                  1.00     1.00     1.00    13.00
H28             8        8     Proaim(5)    1800(GS4)                  1.00     1.00     1.00    13.00
H29             6        8     Proaim(5)    1800(GS4)                  1.00     1.00     1.00    13.00
------------------------------------------------------------------------------------------------------
Total         607
Note:  Total wall clock time is less than total of atomic times if more than one atom
       was calculated at a time
 
Electron Density Critical Point Analysis of Molecular Structure:               
---------------------------------------------------------------                
  NACP = Nuclear Attractor Critical Point                                      
  NNACP = Non-Nuclear Attractor Critical Point                                 
  BCP = Bond Critical Point                                                    
  RCP = Ring Critical Point                                                    
  CCP = Cage Critical Point                                                    
  Rho = Electron Density                                                       
  GradRho = Gradient of Electron Density                                       
  HessRho_EigVals = Eigenvalues of the Hessian of Rho, Ascending Order         
  HessRho_EigVecs = Eigenvectors of the Hessian of Rho                         
  DelSqRho = Laplacian of Rho = Trace of Hessian of Rho                        
  Bond Ellipticity = (HessRho_EigVal(1) / HessRho_EigVal(2)) - 1               
  V = Virial Field = Potential Energy Density = Trace of Stress Tensor         
  G = Lagrangian Form of Kinetic Energy Density                                
  K = Hamiltonian Form of Kinetic Energy Density                               
  L = K - G = Lagrangian Density = (-1/4)DelSqRho                              
  Vnuc = Electrostatic Potential from Nuclei                                   
  Ven = Electron-nuclear attractive contribution to Virial Field V             
  Vrep = V - Ven = Repulsive contribution to Virial Field V                    
  DelSqV = Laplacian of V                                                      
  DelSqVen = Laplacian of Ven                                                  
  DelSqVrep = Laplacian of Vrep                                                
  DelSqG = Laplacian of G                                                      
  DelSqK = Laplacian of K                                                      
  Stress_EigVals = Eigenvalues of Stress Tensor, Ascending Order               
  Stress_EigVecs = Eigenvectors of Stress Tensor                               
  -DivStress = Ehrenfest Force Density = Minus Divergence of Stress Tensor     
  ESP = Total Electrostatic Potential                                          
  ESPe = Electrostatic Potential from Electrons                                
  ESPn = Electrostatic Potential from Nuclei                                   
  BP = Bond Path                                                               
  BPL = Bond Path Length                                                       
  GBL = Geometric Bond Length                                                  
  GBL_I = Distance Between Nuclear Attractors                                  
  GBL_II = Distance Between Nuclei                                             
  GBL_III = Sum of Distances Between BCP and Nuclear Attractors                
  GBL_IV = Sum of Distances Between BCP and Nuclei                             

CP# 1      Coords =  4.65164933953855E+00 -5.24842998103110E-01 -1.72378571641521E+00
           Type = (3,-3) NACP C1
           Rho =  1.1769481734E+02     Rho at Nucleus =  1.1769481726E+02
           GradRho = -1.2713952113E-10 -1.0724199306E-10 -1.6886569920E-10
           HessRho_EigVals = -1.4502349072E+05 -1.4502239630E+05 -1.4502211513E+05
           HessRho_EigVec1 =  7.5495625142E-01 -6.5130276572E-01 -7.6457607932E-02
           HessRho_EigVec2 =  6.3649819947E-01  6.9970507569E-01  3.2447318708E-01
           HessRho_EigVec3 = -1.5783250780E-01 -2.9362819079E-01  9.4279975873E-01
           DelSqRho = -4.3506800215E+05
           Bond Ellipticity = NA
           V = -1.0877724984E+05
           G =  5.1246518563E+00
           K =  1.0877212519E+05
           L =  1.0876700054E+05
           Vnuc =  5.7091880466E+06
           Ven = -6.7194184432E+08
           Vrep =  6.7183306707E+08
           DelSqV =  2.4955717275E+09
           DelSqVen =  2.4838849495E+12
           DelSqVrep = -2.4813893778E+12
           DelSqG =  1.3404546762E+08
           DelSqK = -2.6296171951E+09
           Stress_EigVals = -3.6259367742E+04 -3.6259202392E+04 -3.6258679706E+04
           Stress_EigVec1 = -2.2924318996E-01 -3.4408696872E-01  9.1052277172E-01
           Stress_EigVec2 =  6.0452485413E-01  6.8282588628E-01  4.1024201365E-01
           Stress_EigVec3 =  7.6288744949E-01 -6.4447883362E-01 -5.1475940218E-02
           -DivStress =  5.3570738793E+02  3.5493978377E+02  5.6158715900E+02
           ESP =  -1.4611746731E+01     ESP at Nucleus =  -1.4611746739E+01
           ESPe = -3.0224445714E+01     ESPe at Nucleus = -3.0224445523E+01
           ESPn =  1.5612698983E+01     ESPn at Nucleus =  1.5612698784E+01

CP# 2      Coords =  4.88298134942888E+00 -3.48186618323429E-01  8.28185381218798E-01
           Type = (3,-3) NACP C2
           Rho =  1.1771390639E+02     Rho at Nucleus =  1.1771390627E+02
           GradRho = -1.7177664846E-10 -1.8768947507E-10  4.0439544768E-10
           HessRho_EigVals = -1.4505245823E+05 -1.4505140058E+05 -1.4505105166E+05
           HessRho_EigVec1 =  7.4487272248E-01 -6.6712488798E-01  1.0440840398E-02
           HessRho_EigVec2 =  6.1808029747E-01  6.8404992090E-01 -3.8736604343E-01
           HessRho_EigVec3 =  2.5127947228E-01  2.9499167710E-01  9.2186687610E-01
           DelSqRho = -4.3515491047E+05
           Bond Ellipticity = NA
           V = -1.0879891284E+05
           G =  5.0926132859E+00
           K =  1.0879382023E+05
           L =  1.0878872762E+05
           Vnuc =  4.5974604539E+06
           Ven = -5.4118502952E+08
           Vrep =  5.4107623061E+08
           DelSqV =  2.4960730978E+09
           DelSqVen =  2.0006075761E+12
           DelSqVrep = -1.9981115030E+12
           DelSqG =  1.3407746631E+08
           DelSqK = -2.6301505641E+09
           Stress_EigVals = -3.6266606464E+04 -3.6266400505E+04 -3.6265905874E+04
           Stress_EigVec1 =  3.6296269417E-01  3.9755895225E-01  8.4273659119E-01
           Stress_EigVec2 =  5.4233526074E-01  6.4530912527E-01 -5.3800427303E-01
           Stress_EigVec3 =  7.5771402759E-01 -6.5232124933E-01 -1.8612900653E-02
           -DivStress =  4.8732493206E+02  4.2029212508E+02 -8.4424001625E+02
           ESP =  -1.4608110791E+01     ESP at Nucleus =  -1.4608110802E+01
           ESPe = -3.0313414462E+01     ESPe at Nucleus = -3.0313414161E+01
           ESPn =  1.5705303672E+01     ESPn at Nucleus =  1.5705303360E+01

CP# 3      Coords =  3.38205419005976E+00 -2.43505610767013E+00  2.04630243049304E+00
           Type = (3,-3) NACP C3
           Rho =  1.1754412726E+02     Rho at Nucleus =  1.1754412723E+02
           GradRho =  1.1574907699E-11  2.3216206735E-11 -2.2883653306E-11
           HessRho_EigVals = -1.4484330994E+05 -1.4484303647E+05 -1.4484289519E+05
           HessRho_EigVec1 =  6.2036347613E-01  7.4846294820E-01  2.3441922416E-01
           HessRho_EigVec2 =  7.8372800955E-01 -6.0311952815E-01 -1.4838208048E-01
           HessRho_EigVec3 = -3.0324322453E-02 -2.7577173520E-01  9.6074470362E-01
           DelSqRho = -4.3452924160E+05
           Bond Ellipticity = NA
           V = -1.0864279968E+05
           G =  5.2446384098E+00
           K =  1.0863755504E+05
           L =  1.0863231040E+05
           Vnuc =  1.0152679863E+07
           Ven = -1.1933878938E+09
           Vrep =  1.1932792510E+09
           DelSqV =  2.4925055220E+09
           DelSqVen =  4.4116355318E+12
           DelSqVrep = -4.4091425020E+12
           DelSqG =  1.3388553061E+08
           DelSqK = -2.6263910526E+09
           Stress_EigVals = -3.6214337627E+04 -3.6214295705E+04 -3.6214166345E+04
           Stress_EigVec1 = -1.1057737919E-01 -2.0518257542E-01  9.7245707049E-01
           Stress_EigVec2 =  7.7781574843E-01 -6.2696147850E-01 -4.3840232324E-02
           Stress_EigVec3 =  6.1868837447E-01  7.5154468611E-01  2.2892199561E-01
           -DivStress =  1.5267370908E+02 -2.0464286026E+02  4.0831971405E+02
           ESP =  -1.4603750155E+01     ESP at Nucleus =  -1.4603750155E+01
           ESPe = -3.0343242011E+01     ESPe at Nucleus = -3.0343240997E+01
           ESPn =  1.5739491856E+01     ESPn at Nucleus =  1.5739490842E+01

CP# 4      Coords =  2.13284097335171E+00 -3.70150536413036E+00 -1.68902250375246E-01
           Type = (3,-3) NACP C4
           Rho =  1.1770849333E+02     Rho at Nucleus =  1.1770849322E+02
           GradRho = -4.7419151938E-11  1.8005680280E-11  4.6418685562E-10
           HessRho_EigVals = -1.4504629092E+05 -1.4504529779E+05 -1.4504497553E+05
           HessRho_EigVec1 =  7.9682439485E-01 -6.0322176159E-01  3.4559949632E-02
           HessRho_EigVec2 =  4.0968691852E-01  5.8144608656E-01  7.0290616530E-01
           HessRho_EigVec3 = -4.4410304273E-01 -5.4593402053E-01  7.1044249075E-01
           DelSqRho = -4.3513656423E+05
           Bond Ellipticity = NA
           V = -1.0879433316E+05
           G =  5.0960498453E+00
           K =  1.0878923711E+05
           L =  1.0878414106E+05
           Vnuc =  4.7063232844E+06
           Ven = -5.5397422295E+08
           Vrep =  5.5386542862E+08
           DelSqV =  2.4959690197E+09
           DelSqVen =  2.0478931763E+12
           DelSqVrep = -2.0453972073E+12
           DelSqG =  1.3407241934E+08
           DelSqK = -2.6300414391E+09
           Stress_EigVals = -3.6265065695E+04 -3.6264874387E+04 -3.6264393076E+04
           Stress_EigVec1 = -5.0962381582E-01 -6.6969942069E-01  5.4017242828E-01
           Stress_EigVec2 =  3.3056745981E-01  4.2722916971E-01  8.4154642835E-01
           Stress_EigVec3 =  7.9436057359E-01 -6.0743552948E-01 -3.6546766351E-03
           -DivStress =  2.8684798333E+01 -8.5805776504E+01 -1.0318762455E+03
           ESP =  -1.4607202245E+01     ESP at Nucleus =  -1.4607202256E+01
           ESPe = -3.0608943961E+01     ESPe at Nucleus = -3.0608943942E+01
           ESPn =  1.6001741716E+01     ESPn at Nucleus =  1.6001741685E+01

CP# 5      Coords =  2.94760106424595E+00 -2.59620055437351E+00 -2.34022228760505E+00
           Type = (3,-3) NACP C5
           Rho =  1.1769829723E+02     Rho at Nucleus =  1.1769829716E+02
           GradRho =  8.5124574056E-11  1.9128143514E-10 -6.4618935203E-11
           HessRho_EigVals = -1.4502798704E+05 -1.4502682487E+05 -1.4502656452E+05
           HessRho_EigVec1 =  8.1144397418E-01 -5.8223694477E-01 -5.0584749773E-02
           HessRho_EigVec2 =  5.8325675373E-01  8.0129343260E-01  1.3319307077E-01
           HessRho_EigVec3 = -3.7016698806E-02 -1.3758261162E-01  9.8979835774E-01
           DelSqRho = -4.3508137643E+05
           Bond Ellipticity = NA
           V = -1.0878057951E+05
           G =  5.1177024593E+00
           K =  1.0877546181E+05
           L =  1.0877034411E+05
           Vnuc =  6.2284216380E+06
           Ven = -7.3307462120E+08
           Vrep =  7.3296584062E+08
           DelSqV =  2.4956481438E+09
           DelSqVen =  2.7098704118E+12
           DelSqVrep = -2.7073748292E+12
           DelSqG =  1.3404971731E+08
           DelSqK = -2.6296978611E+09
           Stress_EigVals = -3.6260478653E+04 -3.6260320371E+04 -3.6259780487E+04
           Stress_EigVec1 =  9.7703444805E-03 -4.5003579814E-02  9.9893904627E-01
           Stress_EigVec2 =  6.0321669341E-01  7.9701268701E-01  3.0006624822E-02
           Stress_EigVec3 =  7.9751749897E-01 -6.0228353335E-01 -3.4933999114E-02
           -DivStress = -3.2627031128E+02 -6.6099097171E+02  2.6000388406E+02
           ESP =  -1.4610084566E+01     ESP at Nucleus =  -1.4610084573E+01
           ESPe = -3.0320578190E+01     ESPe at Nucleus = -3.0320578184E+01
           ESPn =  1.5710493624E+01     ESPn at Nucleus =  1.5710493611E+01

CP# 6      Coords =  4.32200882868143E-01  3.48484703934964E+00  6.49100424162195E-01
           Type = (3,-3) NACP C6
           Rho =  1.1777803691E+02     Rho at Nucleus =  1.1777803685E+02
           GradRho =  7.7766681983E-11 -4.4079073724E-11 -1.2146456063E-10
           HessRho_EigVals = -1.4512383355E+05 -1.4512087057E+05 -1.4512073920E+05
           HessRho_EigVec1 =  7.6736160446E-01 -6.2773323687E-01 -1.3079430924E-01
           HessRho_EigVec2 =  6.3986406642E-01  7.6287771197E-01  9.2690738936E-02
           HessRho_EigVec3 =  4.1595005792E-02 -1.5481789272E-01  9.8706700663E-01
           DelSqRho = -4.3536544332E+05
           Bond Ellipticity = NA
           V = -1.0885131953E+05
           G =  4.9793484918E+00
           K =  1.0884634018E+05
           L =  1.0884136083E+05
           Vnuc =  6.6918742356E+06
           Ven = -7.8815581073E+08
           Vrep =  7.8804695941E+08
           DelSqV =  2.4972627897E+09
           DelSqVen =  2.9134110065E+12
           DelSqVrep = -2.9109137437E+12
           DelSqG =  1.3413311108E+08
           DelSqK = -2.6313959007E+09
           Stress_EigVals = -3.6284149125E+04 -3.6284096978E+04 -3.6283073423E+04
           Stress_EigVec1 =  3.7896783710E-01  2.8076304467E-01  8.8179107003E-01
           Stress_EigVec2 =  5.1380727934E-01  7.2866344054E-01 -4.5282631341E-01
           Stress_EigVec3 =  7.6966580939E-01 -6.2467727922E-01 -1.3188191192E-01
           -DivStress = -3.7823426802E+02  1.9963123455E+02  5.9507644588E+02
           ESP =  -1.4536424689E+01     ESP at Nucleus =  -1.4536424688E+01
           ESPe = -3.0822051649E+01     ESPe at Nucleus = -3.0822051025E+01
           ESPn =  1.6285626960E+01     ESPn at Nucleus =  1.6285626337E+01

CP# 7      Coords =  1.81837420163183E+00  5.64872553656652E+00 -4.76158244460836E-01
           Type = (3,-3) NACP C7
           Rho =  1.1751545788E+02     Rho at Nucleus =  1.1751545750E+02
           GradRho = -1.4112609553E-09 -1.8386848988E-09  1.3214897232E-09
           HessRho_EigVals = -1.4480583990E+05 -1.4480530565E+05 -1.4480512163E+05
           HessRho_EigVec1 =  4.4797552718E-01  7.8798914610E-01 -4.2236362614E-01
           HessRho_EigVec2 =  7.8126282726E-01 -5.7471311956E-01 -2.4358412293E-01
           HessRho_EigVec3 =  4.3467956220E-01  2.2085727481E-01  8.7308404084E-01
           DelSqRho = -4.3441626717E+05
           Bond Ellipticity = NA
           V = -1.0861468147E+05
           G =  5.3073368026E+00
           K =  1.0860937413E+05
           L =  1.0860406679E+05
           Vnuc =  2.6206366879E+06
           Ven = -3.0796532033E+08
           Vrep =  3.0785670565E+08
           DelSqV =  2.4918595461E+09
           DelSqVen =  1.1384472535E+12
           DelSqVrep = -1.1359553940E+12
           DelSqG =  1.3384896455E+08
           DelSqK = -2.6257085107E+09
           Stress_EigVals = -3.6204988792E+04 -3.6204924646E+04 -3.6204768029E+04
           Stress_EigVec1 =  4.2723880505E-01  2.1652301287E-01  8.7782958959E-01
           Stress_EigVec2 =  7.9731538831E-01 -5.4803461486E-01 -2.5287592309E-01
           Stress_EigVec3 =  4.2632754429E-01  8.0794544730E-01 -4.0677878406E-01
           -DivStress =  9.7143321655E+02  1.2936321975E+03 -9.1288047377E+02
           ESP =  -1.4591359234E+01     ESP at Nucleus =  -1.4591359251E+01
           ESPe = -2.7915067885E+01     ESPe at Nucleus = -2.7915064561E+01
           ESPn =  1.3323708651E+01     ESPn at Nucleus =  1.3323705310E+01

CP# 8      Coords = -1.15267578530530E+00  1.91803646665511E+00 -6.71440071281583E-01
           Type = (3,-3) NACP C8
           Rho =  1.1764002684E+02     Rho at Nucleus =  1.1764002655E+02
           GradRho = -5.6549467886E-10 -1.2441489922E-09  1.1130859012E-09
           HessRho_EigVals = -1.4495617900E+05 -1.4495603409E+05 -1.4495557352E+05
           HessRho_EigVec1 = -6.0966567412E-01  7.8966246148E-01 -6.8854649290E-02
           HessRho_EigVec2 =  7.4442198874E-01  5.4056070217E-01 -3.9195666847E-01
           HessRho_EigVec3 =  2.7229335005E-01  2.9021944147E-01  9.1740340490E-01
           DelSqRho = -4.3486778661E+05
           Bond Ellipticity = NA
           V = -1.0872746205E+05
           G =  5.2576962877E+00
           K =  1.0872220435E+05
           L =  1.0871694665E+05
           Vnuc =  3.0195909354E+06
           Ven = -3.5522475868E+08
           Vrep =  3.5511603122E+08
           DelSqV =  2.4944327336E+09
           DelSqVen =  1.3131228549E+12
           DelSqVrep = -1.3106284222E+12
           DelSqG =  1.3398490396E+08
           DelSqK = -2.6284176376E+09
           Stress_EigVals = -3.6242691101E+04 -3.6242552708E+04 -3.6242218237E+04
           Stress_EigVec1 =  3.8148727792E-01  3.2534325538E-01  8.6522784454E-01
           Stress_EigVec2 =  5.5928809785E-01  6.6400819170E-01 -4.9627607736E-01
           Stress_EigVec3 =  7.3597845104E-01 -6.7323464523E-01 -7.1350067116E-02
           -DivStress =  4.8522767969E+02  1.1472354022E+03 -1.0234640877E+03
           ESP =  -1.4567797321E+01     ESP at Nucleus =  -1.4567797332E+01
           ESPe = -3.1976609568E+01     ESPe at Nucleus = -3.1976607508E+01
           ESPn =  1.7408812247E+01     ESPn at Nucleus =  1.7408810176E+01

CP# 9      Coords = -2.64528263316137E+00  2.60320759527150E-02  4.60044887057381E-01
           Type = (3,-3) NACP C9
           Rho =  1.1776522017E+02     Rho at Nucleus =  1.1776521730E+02
           GradRho =  1.8871459950E-11 -1.4266365866E-13 -1.1979306436E-13
           HessRho_EigVals = -1.4509191452E+05 -1.4509033645E+05 -1.4508841407E+05
           HessRho_EigVec1 =  7.3296942393E-01 -6.7478447158E-01 -8.6149524051E-02
           HessRho_EigVec2 =  4.7592099519E-03 -1.2155198617E-01  9.9257365700E-01
           HessRho_EigVec3 =  6.8024493640E-01  7.2793614526E-01  8.5882448310E-02
           DelSqRho = -4.3527066504E+05
           Bond Ellipticity = NA
           V = -1.0882736604E+05
           G =  4.8498916255E+00
           K =  1.0882251615E+05
           L =  1.0881766626E+05
           Vnuc =  9.5408839141E+05
           Ven = -1.1235842947E+08
           Vrep =  1.1224960211E+08
           DelSqV =  2.4966998837E+09
           DelSqVen =  4.1528668877E+11
           DelSqVrep = -4.1278998888E+11
           DelSqG =  1.3408773425E+08
           DelSqK = -2.6307876180E+09
           Stress_EigVals = -3.6276360015E+04 -3.6275814873E+04 -3.6275191156E+04
           Stress_EigVec1 =  6.8069382264E-01  7.3174286704E-01  3.4760557372E-02
           Stress_EigVec2 =  4.4051807553E-02 -8.8250739190E-02  9.9512373366E-01
           Stress_EigVec3 =  7.3124233881E-01 -6.7584331288E-01 -9.2306328968E-02
           -DivStress = -7.8319681622E+01  7.0824645987E+02 -5.0498727648E+03
           ESP =  -1.4455067754E+01     ESP at Nucleus =  -1.4455067951E+01
           ESPe = -3.2687303064E+01     ESPe at Nucleus = -3.2687301191E+01
           ESPn =  1.8232235311E+01     ESPn at Nucleus =  1.8232233240E+01

CP# 10     Coords = -2.62003299802009E+00 -1.54104272988749E-01  2.94797078545178E+00
           Type = (3,-3) NACP O10
           Rho =  2.8983440659E+02     Rho at Nucleus =  2.8983437561E+02
           GradRho = -8.6026741286E-11  4.2692516189E-12  9.2105434391E-11
           HessRho_EigVals = -6.3902164979E+05 -6.3900570094E+05 -6.3900263181E+05
           HessRho_EigVec1 = -3.4426803946E-01 -4.5292797171E-01  8.2239635787E-01
           HessRho_EigVec2 =  5.6960408662E-01  5.9555977295E-01  5.6644482640E-01
           HessRho_EigVec3 =  7.4634489448E-01 -6.6344917611E-01 -5.2957428214E-02
           DelSqRho = -1.9170299825E+06
           Bond Ellipticity = NA
           V = -4.7935179930E+05
           G =  4.7151831148E+01
           K =  4.7930464747E+05
           L =  4.7925749564E+05
           Vnuc =  8.1239413057E+05
           Ven = -2.3545977075E+08
           Vrep =  2.3498041895E+08
           DelSqV =  1.9768566805E+10
           DelSqVen =  1.5573839045E+12
           DelSqVrep = -1.5376153377E+12
           DelSqG =  1.0569348955E+09
           DelSqK = -2.0825501701E+10
           Stress_EigVals = -1.5978568292E+05 -1.5978475730E+05 -1.5978135908E+05
           Stress_EigVec1 =  7.4987670313E-01 -6.5981776449E-01 -4.8222896637E-02
           Stress_EigVec2 =  5.7200410072E-01  6.0999942330E-01  5.4837214766E-01
           Stress_EigVec3 = -3.3240974544E-01 -4.3879519280E-01  8.3484282348E-01
           -DivStress =  3.2832616607E+04  3.5515449649E+04  4.0834593597E+04
           ESP =  -2.2067848188E+01     ESP at Nucleus =  -2.2067849384E+01
           ESPe = -3.6904316041E+01     ESPe at Nucleus = -3.6904306422E+01
           ESPn =  1.4836467854E+01     ESPn at Nucleus =  1.4836457038E+01

CP# 11     Coords = -4.46143057590130E+00 -1.57118485827034E+00 -1.00109009051722E+00
           Type = (3,-3) NACP C11
           Rho =  1.1755295053E+02     Rho at Nucleus =  1.1755295010E+02
           GradRho =  9.8888658373E-10  2.2257075072E-09  2.2425193924E-09
           HessRho_EigVals = -1.4485999558E+05 -1.4485946626E+05 -1.4485911971E+05
           HessRho_EigVec1 =  7.0917983467E-01  5.2485577981E-01  4.7073386589E-01
           HessRho_EigVec2 = -6.2353192999E-01  7.7853725141E-01  7.1327977973E-02
           HessRho_EigVec3 = -3.2904694859E-01 -3.4410195954E-01  8.7938725660E-01
           DelSqRho = -4.3457858155E+05
           Bond Ellipticity = NA
           V = -1.0865514615E+05
           G =  5.2503802925E+00
           K =  1.0864989577E+05
           L =  1.0864464539E+05
           Vnuc =  2.4489568629E+06
           Ven = -2.8788210496E+08
           Vrep =  2.8777344981E+08
           DelSqV =  2.4927934563E+09
           DelSqVen =  1.0642641879E+12
           DelSqVrep = -1.0617713904E+12
           DelSqG =  1.3390629968E+08
           DelSqK = -2.6266997560E+09
           Stress_EigVals = -3.6218517567E+04 -3.6218392304E+04 -3.6218236277E+04
           Stress_EigVec1 = -2.9032480243E-01 -3.6484670956E-01  8.8464591087E-01
           Stress_EigVec2 = -5.3299824530E-01  8.2944015756E-01  1.6715829484E-01
           Stress_EigVec3 =  7.9474799755E-01  4.2298451928E-01  4.3526970587E-01
           -DivStress = -6.0064246741E+02 -1.3428059318E+03 -1.3353232004E+03
           ESP =  -1.4560659770E+01     ESP at Nucleus =  -1.4560659792E+01
           ESPe = -3.0018230584E+01     ESPe at Nucleus = -3.0018227236E+01
           ESPn =  1.5457570814E+01     ESPn at Nucleus =  1.5457567444E+01

CP# 12     Coords = -7.16228244172129E+00 -4.32357250089716E-01 -9.34978076715236E-01
           Type = (3,-3) NACP C12
           Rho =  1.1752908250E+02     Rho at Nucleus =  1.1752908191E+02
           GradRho =  4.8959630239E-09 -1.6645564510E-09  6.0850632866E-10
           HessRho_EigVals = -1.4482482197E+05 -1.4482391497E+05 -1.4482381838E+05
           HessRho_EigVec1 =  9.3349314461E-01 -3.5838575154E-01 -1.2255694527E-02
           HessRho_EigVec2 = -5.6182607998E-02 -1.7992369478E-01  9.8207483351E-01
           HessRho_EigVec3 =  3.5416671712E-01  9.1607156770E-01  1.8809258182E-01
           DelSqRho = -4.3447255532E+05
           Bond Ellipticity = NA
           V = -1.0862858401E+05
           G =  5.2225904655E+00
           K =  1.0862336142E+05
           L =  1.0861813883E+05
           Vnuc =  2.1050484518E+06
           Ven = -2.4740441316E+08
           Vrep =  2.4729578457E+08
           DelSqV =  2.4921808202E+09
           DelSqVen =  9.1458577203E+11
           DelSqVrep = -9.1209359940E+11
           DelSqG =  1.3386813564E+08
           DelSqK = -2.6260489559E+09
           Stress_EigVals = -3.6209643108E+04 -3.6209615853E+04 -3.6209325050E+04
           Stress_EigVec1 =  3.5822004849E-01  9.0944020503E-01  2.1117980571E-01
           Stress_EigVec2 = -6.4290800687E-02 -2.0162558687E-01  9.7735040577E-01
           Stress_EigVec3 =  9.3142100567E-01 -3.6368342855E-01 -1.3757688548E-02
           -DivStress = -2.1708600750E+03  7.4833004201E+02 -2.5961166148E+02
           ESP =  -1.4591743158E+01     ESP at Nucleus =  -1.4591743189E+01
           ESPe = -2.7284169410E+01     ESPe at Nucleus = -2.7284165194E+01
           ESPn =  1.2692426252E+01     ESPn at Nucleus =  1.2692422005E+01

CP# 13     Coords = -3.81813213537484E+00 -1.72709809431414E+00 -2.91936983725889E+00
           Type = (3,-3) NACP H13
           Rho =  4.2248696315E-01     Rho at Nucleus =  4.1872123741E-01
           GradRho = -1.4206187685E-09  4.0141543214E-10  4.3407945808E-09
           HessRho_EigVals = -6.4192513581E+00 -6.4176484843E+00 -5.8186256477E+00
           HessRho_EigVec1 =  9.2661154196E-01  2.4828856622E-01  2.8238951503E-01
           HessRho_EigVec2 =  2.1039416964E-01 -9.6478020804E-01  1.5790327276E-01
           HessRho_EigVec3 = -3.1164939225E-01  8.6901887527E-02  9.4621494295E-01
           DelSqRho = -1.8655525490E+01
           Bond Ellipticity = NA
           V = -4.6733177026E+00
           G =  4.7181650200E-03
           K =  4.6685995375E+00
           L =  4.6638813725E+00
           Vnuc =  4.4133491778E+01
           Ven = -1.8645824914E+01
           Vrep =  1.3972507212E+01
           DelSqV =  7.0176017641E+02
           DelSqVen =  8.2333348809E+02
           DelSqVrep = -1.2157331168E+02
           DelSqG =  6.9008642933E+01
           DelSqK = -7.7076881934E+02
           Stress_EigVals = -1.6086088623E+00 -1.6080758798E+00 -1.4566329605E+00
           Stress_EigVec1 =  8.4061608290E-01 -4.3937911915E-01  3.1671847251E-01
           Stress_EigVec2 =  4.4327476675E-01  8.9410755137E-01  6.3868362667E-02
           Stress_EigVec3 = -3.1124280286E-01  8.6704534181E-02  9.4636686408E-01
           -DivStress =  2.4567638466E+00 -6.9471296822E-01 -7.5123740921E+00
           ESP =  -9.4663467316E-01     ESP at Nucleus =  -9.4910748079E-01
           ESPe = -1.6904701146E+01     ESPe at Nucleus = -1.6820530943E+01
           ESPn =  1.5958066473E+01     ESPn at Nucleus =  1.5871423463E+01

CP# 14     Coords = -1.28694460734867E+00  2.07738576279915E+00 -2.67559898280358E+00
           Type = (3,-3) NACP H14
           Rho =  4.2294148166E-01     Rho at Nucleus =  4.1901162168E-01
           GradRho =  3.2959746044E-16  9.0639301620E-16 -5.0220244630E-16
           HessRho_EigVals = -6.4445726948E+00 -6.4363825680E+00 -5.8210010493E+00
           HessRho_EigVec1 =  6.4210745202E-01  7.6618045293E-01  2.5797938018E-02
           HessRho_EigVec2 = -7.6418240386E-01  6.3702919843E-01  1.0108933666E-01
           HessRho_EigVec3 =  6.1018633975E-02 -8.4624546682E-02  9.9454281577E-01
           DelSqRho = -1.8701956312E+01
           Bond Ellipticity = NA
           V = -4.6843586788E+00
           G =  4.4348004069E-03
           K =  4.6799238784E+00
           L =  4.6754890780E+00
           Vnuc =  4.4706922214E+01
           Ven = -1.8908411922E+01
           Vrep =  1.4224053243E+01
           DelSqV =  7.0313246902E+02
           DelSqVen =  8.3610690609E+02
           DelSqVrep = -1.3297443707E+02
           DelSqG =  6.9265521984E+01
           DelSqK = -7.7239799100E+02
           Stress_EigVals = -1.6139418326E+00 -1.6135559442E+00 -1.4568609020E+00
           Stress_EigVec1 =  6.7212902585E-01  7.4010207988E-01  2.2169437721E-02
           Stress_EigVec2 = -7.3794394168E-01  6.6711482560E-01  1.0196346600E-01
           Stress_EigVec3 =  6.0673812682E-02 -8.4892407333E-02  9.9454108393E-01
           -DivStress = -4.8054456564E-01  7.0006119558E-01 -8.0812420540E+00
           ESP =  -9.3465972162E-01     ESP at Nucleus =  -9.3731326609E-01
