AIMSum (Version 19.02.13, Professional)
Copyright (c) 1997-2019 by Todd A. Keith
AIMSum is a component of the AIMAll package ( http://aim.tkgristmill.com )

TP:  64-bit Linux

Much of the Quantum Theory of Atoms in Molecules (QTAIM) is described in the book:
  "Atoms in Molecules - A Quantum Theory"
  R.F.W. Bader, Oxford University Press, Oxford, 1990

For additional references see:  http://aim.tkgristmill.com/references.html

Wfn File:  /home/mhennefarth/Documents/ML_Diels/summary-gordillo2006/11tn-opt/11tn-opt.wfn
Sum File:  /home/mhennefarth/Documents/ML_Diels/summary-gordillo2006/11tn-opt/11tn-opt.sum

SumViz File:  /home/mhennefarth/Documents/ML_Diels/summary-gordillo2006/11tn-opt/11tn-opt.sumviz

Wfn Title:   Title Card Required                                                           
 
Total memory allocated for AIMSum =        1.510 Megabytes

Atomic units (a.u.) used throughout, except where stated otherwise

Model:  Restricted SCF
 
Restricted, closed-shell, single-determinant wavefunction.
  Number of electrons (from MO Occs)                   =          90.0000000000
  Number of Alpha electrons (from MO Occs)             =          45.0000000000
  Number of Beta electrons (from MO Occs)              =          45.0000000000
  Number of electron pairs (N*(N-1)/2)                 =        4005.0000000000
  Number of electron pairs (from Muller 2EDM)          =        4005.0000000000
 
Nuclear Charges and Cartesian Coordinates:
-------------------------------------------------------------------------------
Atom      Charge                X                  Y                  Z
-------------------------------------------------------------------------------
C1         6.0           2.8878842800E+00  -2.5146412400E+00  -2.2557171300E+00
C2         6.0           9.5464562000E-01  -3.8847480000E+00  -8.3861104000E-01
C3         6.0           1.3738093300E+00  -3.5870812700E+00   1.6743567700E+00
C4         6.0           3.7400006200E+00  -2.0578448900E+00   2.0476153200E+00
C5         6.0           4.4992902500E+00  -1.3839558200E+00  -6.0687912000E-01
C6         6.0           1.1600787500E+00   3.4268186800E+00  -8.8214762000E-01
C7         6.0          -3.7608168000E-01   2.7447679200E+00   1.0794429100E+00
C8         6.0          -2.6133378500E+00   1.3108350100E+00   7.9220313000E-01
O9         8.0          -3.8230665000E+00   8.5383600000E-01   2.9032064800E+00
C10        6.0           3.3495418500E+00   5.1691813500E+00  -6.3081374000E-01
C11        6.0          -3.7896531200E+00   5.4245381000E-01  -1.6777633200E+00
C12        6.0          -5.8728246500E+00  -1.4635631300E+00  -1.4812003300E+00
H13        1.0           3.4987091600E+00  -4.2324032000E-01   3.3035522900E+00
H14        1.0           5.2139849000E+00  -3.2254058500E+00   2.9424001200E+00
H15        1.0           6.8855274000E-01   2.8294501300E+00  -2.7902139500E+00
H16        1.0           7.1524410000E-02   3.3282496800E+00   2.9976030500E+00
H17        1.0           6.1904395900E+00  -3.3099396000E-01  -1.0820162600E+00
H18        1.0           3.0732708000E-01  -4.4324367700E+00   3.2055656700E+00
H19        1.0           3.8958976500E+00   5.4873537900E+00   1.3348295200E+00
H20        1.0           4.9781918400E+00   4.4909693800E+00  -1.7106189000E+00
H21        1.0           2.8322668600E+00   7.0033131400E+00  -1.4671326200E+00
H22        1.0          -5.2416795000E-01  -5.0189230300E+00  -1.6947265500E+00
H23        1.0           3.0341619700E+00  -2.4882020300E+00  -4.3011236900E+00
H24        1.0          -2.2871871200E+00  -9.5030270000E-02  -2.9451069400E+00
H25        1.0          -4.5594288200E+00   2.2775399900E+00  -2.5280470300E+00
H26        1.0          -7.5461450000E+00  -7.8363919000E-01  -4.5982016000E-01
H27        1.0          -6.5302846200E+00  -1.9538646200E+00  -3.3765013300E+00
H28        1.0          -5.1860405300E+00  -3.2021043800E+00  -5.9271948000E-01
H29        1.0          -5.3733904300E+00  -1.0705826000E-01   2.6155095100E+00
 
Some Atomic Properties:
----------------------
  q(A) = Net Charge of Atom A
  L(A) = Lagrangian of Atom A = -(1/4) Times Atomic Integral of the Laplacian of the Electron Density
  K(A) = Electronic Kinetic Energy of Atom A (Hamiltonian Form)
  K_Scaled(A) = K(A) * E(Mol)/K(Mol) = Approximation to Virial-Based Total Energy of Atom A.
  |Mu_Intra(A)| = Magnitude of Intraatomic Dipole Moment of Atom A
--------------------------------------------------------------------------------------------------
Atom A          q(A)              L(A)              K(A)          K_Scaled(A)      |Mu_Intra(A)|
--------------------------------------------------------------------------------------------------
C1       -5.8928815000E-02  6.4818538808E-06  3.7731668640E+01 -3.8106247516E+01  1.8374487565E-01
C2       -6.2659404200E-02  1.6828374120E-05  3.7734778845E+01 -3.8109388598E+01  1.7480751933E-01
C3       -7.4680652200E-02 -7.6524988325E-06  3.7732595506E+01 -3.8107183584E+01  1.9466534256E-01
C4       -1.1469126700E-02 -1.4674262641E-04  3.7711912109E+01 -3.8086294854E+01  1.6594353119E-01
C5       -7.2350310000E-02 -4.3118971167E-05  3.7733821124E+01 -3.8108421369E+01  1.9309710507E-01
C6       -1.8342594000E-03  2.6906257961E-04  3.7701369909E+01 -3.8075647996E+01  8.5593501096E-02
C7        2.6749891300E-02 -2.5760981796E-04  3.7717806864E+01 -3.8092248128E+01  2.1958005950E-01
C8        6.6718980190E-01 -7.0581663528E-06  3.7271376948E+01 -3.7641386306E+01  8.6807813815E-01
O9       -1.1031959871E+00 -3.8289659531E-06  7.5282351247E+01 -7.6029712272E+01  3.6014137212E-01
C10      -1.8247700800E-02  2.1758829734E-05  3.7697306988E+01 -3.8071544742E+01  1.8228048956E-01
C11       7.1178067000E-03 -4.2814937497E-04  3.7699475511E+01 -3.8073734792E+01  1.8910483388E-01
C12      -4.7114913600E-02  5.8835018597E-05  3.7694160803E+01 -3.8068367322E+01  1.1401772776E-01
H13       4.9638056030E-02 -1.2764534311E-04  5.8888517231E-01 -5.9473129452E-01  1.4603603625E-01
H14       8.8416230600E-02  2.9292663885E-05  5.7090123084E-01 -5.7656881855E-01  1.4084864480E-01
H15       8.7574375050E-02  2.5990718777E-05  5.8502782521E-01 -5.9083565385E-01  1.3668621476E-01
H16       1.0255895678E-01  2.3259651140E-05  5.7272021268E-01 -5.7840585822E-01  1.3901678548E-01
H17       7.6153253890E-02  2.8515630418E-05  5.8100450489E-01 -5.8677239225E-01  1.4210187123E-01
H18       7.7606025350E-02  2.0843284789E-05  5.7974801306E-01 -5.8550342667E-01  1.4317511011E-01
H19       5.9500083590E-02  2.4179102472E-05  5.8720968488E-01 -5.9303917379E-01  1.4196144522E-01
H20       7.3611907220E-02  2.7954813430E-05  5.8078578341E-01 -5.8655149943E-01  1.3923339681E-01
H21       8.6043723070E-02  2.1303766831E-05  5.7136683638E-01 -5.7703904637E-01  1.3884315552E-01
H22       6.3461138070E-02  9.7712568960E-06  5.8587781305E-01 -5.9169407988E-01  1.4300769607E-01
H23       7.2847032940E-02  2.0763989416E-05  5.8168031513E-01 -5.8745491156E-01  1.4314019244E-01
H24       7.3555553160E-02  4.2920020935E-05  5.8890767964E-01 -5.9475402529E-01  1.3532925292E-01
H25       8.3598561890E-02  2.5712485174E-05  5.7935308975E-01 -5.8510458278E-01  1.3914196086E-01
H26       2.7106724740E-02  2.4185328595E-05  6.0002743464E-01 -6.0598417100E-01  1.4604087035E-01
H27       7.7831572210E-02  2.4909168386E-05  5.7972020902E-01 -5.8547534661E-01  1.3915428778E-01
H28       4.1037527610E-02  3.4134545031E-05  5.9420017882E-01 -6.0009906544E-01  1.4539468411E-01
H29       6.0869156167E-01  1.5823648123E-05  3.3738827110E-01 -3.4073767292E-01  1.4706297375E-01
--------------------------------------------------------------------------------------------------
Total     9.9980861477E-01 -2.4927903452E-04  4.9937342875E+02 -5.0433092850E+02
 
1st Largest |L(A)| = 4.2814937497E-04, atom C11     
2nd Largest |L(A)| = 2.6906257961E-04, atom C6      
 
Molecular charge q(Mol) from the wfn file:   1.0000000000E+00
Molecular energy E(Mol) from the wfn file:  -5.0433103892E+02
Molecular virial ratio (-V(Mol)/T(Mol)) from the wfn file:   2.0099274400E+00
Note.  K_Scaled(A) = (1+V(Mol)/T(Mol))*K(A) = (E(Mol)/T(Mol))*K(A)
       Only use K_Scaled(A) data with caution.
 
N_AIMInt(SumA)     =         90.000191
N_Analytic(Mol)    =         89.999984
 
G_AIMInt(SumA)     =        499.373678
G_Analytic(Mol)    =        499.373497
 
K_AIMInt(SumA)     =        499.373429
K_Analytic(Mol)    =        499.373497
 
L_AIMInt(SumA)     =         -0.000249
L_Analytic(Mol)    =          0.000000
 
VenT_AIMInt(SumA)  =      -2567.661742
VenT_Analytic(Mol) =      -2567.657688
 
Some Information About the Atomic Calculations:
----------------------------------------------
  Time(sec) = "Elapsed User Time", in Seconds, for Atom A by AIMInt and, if used, by TWOe
  NProc = Number of Processors Used for AIMInt Job
  BIM = Basin Integration Method
  OAQ = Angular Quadrature Outside of Beta Sphere
  ORQ = Multiple of Default for Radial Quadrature Outside of Beta Sphere
  IAQ = Multiple of Default for Angular Quadrature Inside of Beta Sphere
  IRQ = Multiple of Default for Radial Quadrature Inside of Beta Sphere
  MIR = Maximum Integration Radius
------------------------------------------------------------------------------------------------------
Atom A     Time(sec)   NProc      BIM          OAQ                     ORQ      IAQ      IRQ      MIR
------------------------------------------------------------------------------------------------------
C1             30        8     Proaim(5)    4500(GS4)                  1.00     1.00     1.00    13.00
C2             69        8     Proaim(5)    4500(GS4)                  1.00     1.00     1.00    13.00
C3             36        8     Proaim(5)    4500(GS4)                  1.00     1.00     1.00    13.00
C4             32        8     Proaim(5)    4500(GS4)                  1.00     1.00     1.00    13.00
C5             45        8     Proaim(5)    4500(GS4)                  1.00     1.00     1.00    13.00
C6             62        8     Proaim(5)    4500(GS4)                  1.00     1.00     1.00    13.00
C7             55        8     Proaim(5)    4500(GS4)                  1.00     1.00     1.00    13.00
C8            265        8     Proaim(5)    4500(GS4)                  1.00     1.00     1.00    13.00
O9            130        8     Proaim(5)    4500(GS4)                  1.00     1.00     1.00    13.00
C10            89        8     Proaim(5)    4500(GS4)                  1.00     1.00     1.00    13.00
C11           311        8     Proaim(5)    4500(GS4)                  1.00     1.00     1.00    13.00
C12           201        8     Proaim(5)    4500(GS4)                  1.00     1.00     1.00    13.00
H13            47        8     Proaim(5)    4500(GS4)                  1.00     1.00     1.00    13.00
H14            14        8     Proaim(5)    1800(GS4)                  1.00     1.00     1.00    13.00
H15            34        8     Proaim(5)    1800(GS4)                  1.00     1.00     1.00    13.00
H16            18        8     Proaim(5)    1800(GS4)                  1.00     1.00     1.00    13.00
H17            23        8     Proaim(5)    1800(GS4)                  1.00     1.00     1.00    13.00
H18            17        8     Proaim(5)    1800(GS4)                  1.00     1.00     1.00    13.00
H19            19        8     Proaim(5)    1800(GS4)                  1.00     1.00     1.00    13.00
H20            23        8     Proaim(5)    1800(GS4)                  1.00     1.00     1.00    13.00
H21            13        8     Proaim(5)    1800(GS4)                  1.00     1.00     1.00    13.00
H22            38        8     Proaim(5)    1800(GS4)                  1.00     1.00     1.00    13.00
H23            18        8     Proaim(5)    1800(GS4)                  1.00     1.00     1.00    13.00
H24           165        8     Proaim(5)    4500(GS4)                  1.00     1.00     1.00    13.00
H25            17        8     Proaim(5)    1800(GS4)                  1.00     1.00     1.00    13.00
H26            18        8     Proaim(5)    1800(GS4)                  1.00     1.00     1.00    13.00
H27            12        8     Proaim(5)    1800(GS4)                  1.00     1.00     1.00    13.00
H28            54        8     Proaim(5)    1800(GS4)                  1.00     1.00     1.00    13.00
H29            39        8     Proaim(5)    1800(GS4)                  1.00     1.00     1.00    13.00
------------------------------------------------------------------------------------------------------
Total        1894
Note:  Total wall clock time is less than total of atomic times if more than one atom
       was calculated at a time
 
Electron Density Critical Point Analysis of Molecular Structure:               
---------------------------------------------------------------                
  NACP = Nuclear Attractor Critical Point                                      
  NNACP = Non-Nuclear Attractor Critical Point                                 
  BCP = Bond Critical Point                                                    
  RCP = Ring Critical Point                                                    
  CCP = Cage Critical Point                                                    
  Rho = Electron Density                                                       
  GradRho = Gradient of Electron Density                                       
  HessRho_EigVals = Eigenvalues of the Hessian of Rho, Ascending Order         
  HessRho_EigVecs = Eigenvectors of the Hessian of Rho                         
  DelSqRho = Laplacian of Rho = Trace of Hessian of Rho                        
  Bond Ellipticity = (HessRho_EigVal(1) / HessRho_EigVal(2)) - 1               
  V = Virial Field = Potential Energy Density = Trace of Stress Tensor         
  G = Lagrangian Form of Kinetic Energy Density                                
  K = Hamiltonian Form of Kinetic Energy Density                               
  L = K - G = Lagrangian Density = (-1/4)DelSqRho                              
  Vnuc = Electrostatic Potential from Nuclei                                   
  Ven = Electron-nuclear attractive contribution to Virial Field V             
  Vrep = V - Ven = Repulsive contribution to Virial Field V                    
  DelSqV = Laplacian of V                                                      
  DelSqVen = Laplacian of Ven                                                  
  DelSqVrep = Laplacian of Vrep                                                
  DelSqG = Laplacian of G                                                      
  DelSqK = Laplacian of K                                                      
  Stress_EigVals = Eigenvalues of Stress Tensor, Ascending Order               
  Stress_EigVecs = Eigenvectors of Stress Tensor                               
  -DivStress = Ehrenfest Force Density = Minus Divergence of Stress Tensor     
  ESP = Total Electrostatic Potential                                          
  ESPe = Electrostatic Potential from Electrons                                
  ESPn = Electrostatic Potential from Nuclei                                   
  BP = Bond Path                                                               
  BPL = Bond Path Length                                                       
  GBL = Geometric Bond Length                                                  
  GBL_I = Distance Between Nuclear Attractors                                  
  GBL_II = Distance Between Nuclei                                             
  GBL_III = Sum of Distances Between BCP and Nuclear Attractors                
  GBL_IV = Sum of Distances Between BCP and Nuclei                             

CP# 1      Coords =  2.88788320011609E+00 -2.51464163842105E+00 -2.25571724265305E+00
           Type = (3,-3) NACP C1
           Rho =  1.1769597998E+02     Rho at Nucleus =  1.1769597989E+02
           GradRho = -3.1970315284E-10 -8.6884499595E-11 -5.4587223630E-11
           HessRho_EigVals = -1.4502599725E+05 -1.4502492940E+05 -1.4502464094E+05
           HessRho_EigVec1 = -5.3267770991E-01  8.4630074059E-01  5.4326648794E-03
           HessRho_EigVec2 =  7.4892365987E-01  4.7435699729E-01 -4.6270810542E-01
           HessRho_EigVec3 =  3.9416723489E-01  2.4240564268E-01  8.8649404698E-01
           DelSqRho = -4.3507556759E+05
           Bond Ellipticity = NA
           V = -1.0877912961E+05
           G =  5.1188551750E+00
           K =  1.0877401075E+05
           L =  1.0876889190E+05
           Vnuc =  5.1879144542E+06
           Ven = -6.1059667576E+08
           Vrep =  6.1048789663E+08
           DelSqV =  2.4956159609E+09
           DelSqVen =  2.2571344855E+12
           DelSqVrep = -2.2546390006E+12
           DelSqG =  1.3404889467E+08
           DelSqK = -2.6296648556E+09
           Stress_EigVals = -3.6259992702E+04 -3.6259825162E+04 -3.6259311744E+04
           Stress_EigVec1 =  2.9525243125E-01  2.0062985746E-01  9.3411651422E-01
           Stress_EigVec2 =  7.8031043122E-01  5.1353054623E-01 -3.5693418023E-01
           Stress_EigVec3 = -5.5130901749E-01  8.3428654453E-01 -4.9324282938E-03
           -DivStress =  8.7330566037E+02  3.2967398358E+02  8.4755817011E+01
           ESP =  -1.4609752897E+01     ESP at Nucleus =  -1.4609752907E+01
           ESPe = -3.0425291030E+01     ESPe at Nucleus = -3.0425290886E+01
           ESPn =  1.5815538133E+01     ESPn at Nucleus =  1.5815537980E+01

CP# 2      Coords =  9.54645703987172E-01 -3.88474762059227E+00 -8.38612145802577E-01
           Type = (3,-3) NACP C2
           Rho =  1.1769549537E+02     Rho at Nucleus =  1.1769549527E+02
           GradRho =  1.9508838989E-11  9.2265639573E-11 -3.4895164536E-10
           HessRho_EigVals = -1.4502678090E+05 -1.4502579727E+05 -1.4502551720E+05
           HessRho_EigVec1 = -5.9410166474E-01  8.0260173685E-01  5.3606566384E-02
           HessRho_EigVec2 =  6.8014535634E-01  5.3680211538E-01 -4.9924521346E-01
           HessRho_EigVec3 =  4.2947119367E-01  2.6014215524E-01  8.6480087470E-01
           DelSqRho = -4.3507809538E+05
           Bond Ellipticity = NA
           V = -1.0877977344E+05
           G =  5.1247974963E+00
           K =  1.0877464864E+05
           L =  1.0876952385E+05
           Vnuc =  5.1190612173E+06
           Ven = -6.0249044579E+08
           Vrep =  6.0238166602E+08
           DelSqV =  2.4956321405E+09
           DelSqVen =  2.2271914148E+12
           DelSqVrep = -2.2246959137E+12
           DelSqG =  1.3405110354E+08
           DelSqK = -2.6296832440E+09
           Stress_EigVals = -3.6260197370E+04 -3.6260035174E+04 -3.6259540896E+04
           Stress_EigVec1 =  5.1432163524E-01  3.5662826745E-01  7.7992918549E-01
           Stress_EigVec2 =  6.1816508202E-01  4.7619304724E-01 -6.2538956910E-01
           Stress_EigVec3 = -5.9442845398E-01  8.0377637475E-01  2.4461244552E-02
           -DivStress = -7.8051493996E+01 -3.0518404412E+02  8.9558803533E+02
           ESP =  -1.4610219060E+01     ESP at Nucleus =  -1.4610219071E+01
           ESPe = -3.0728254632E+01     ESPe at Nucleus = -3.0728254878E+01
           ESPn =  1.6118035572E+01     ESPn at Nucleus =  1.6118035808E+01

CP# 3      Coords =  1.37381000402115E+00 -3.58708059317866E+00  1.67435744827159E+00
           Type = (3,-3) NACP C3
           Rho =  1.1770686254E+02     Rho at Nucleus =  1.1770686244E+02
           GradRho =  2.0343937646E-10  2.3710206021E-10  2.2476143169E-10
           HessRho_EigVals = -1.4504243653E+05 -1.4504136949E+05 -1.4504103711E+05
           HessRho_EigVec1 = -6.2405177024E-01  7.8014139803E-01 -4.4031660682E-02
           HessRho_EigVec2 =  7.7670414526E-01  6.2548681319E-01  7.4141198131E-02
           HessRho_EigVec3 = -8.5381841081E-02 -1.2068372567E-02  9.9627521077E-01
           DelSqRho = -4.3512484312E+05
           Bond Ellipticity = NA
           V = -1.0879139998E+05
           G =  5.0946004532E+00
           K =  1.0878630538E+05
           L =  1.0878121078E+05
           Vnuc =  5.1215957362E+06
           Ven = -6.0284696529E+08
           Vrep =  6.0273817389E+08
           DelSqV =  2.4958999491E+09
           DelSqVen =  2.2285337257E+12
           DelSqVrep = -2.2260378257E+12
           DelSqG =  1.3406696034E+08
           DelSqK = -2.6299669094E+09
           Stress_EigVals = -3.6264099548E+04 -3.6263898688E+04 -3.6263401746E+04
           Stress_EigVec1 = -2.0875751109E-01 -1.4168614004E-01  9.6764938861E-01
           Stress_EigVec2 =  7.7145320038E-01  5.8426510582E-01  2.5198064557E-01
           Stress_EigVec3 = -6.0106593748E-01  7.9909907010E-01 -1.2665503124E-02
           -DivStress = -5.5496381025E+02 -5.4733642107E+02 -5.4804121681E+02
           ESP =  -1.4608301101E+01     ESP at Nucleus =  -1.4608301110E+01
           ESPe = -3.0620268318E+01     ESPe at Nucleus = -3.0620268218E+01
           ESPn =  1.6011967217E+01     ESPn at Nucleus =  1.6011967108E+01

CP# 4      Coords =  3.74000022362053E+00 -2.05784482845024E+00  2.04761483342120E+00
           Type = (3,-3) NACP C4
           Rho =  1.1754411857E+02     Rho at Nucleus =  1.1754411854E+02
           GradRho = -1.3869128068E-11 -1.3165912804E-11 -5.1638249232E-11
           HessRho_EigVals = -1.4484260636E+05 -1.4484231824E+05 -1.4484218309E+05
           HessRho_EigVec1 =  6.9916134967E-01  4.9774315143E-01 -5.1324961017E-01
           HessRho_EigVec2 = -5.1458377981E-01  8.4870429756E-01  1.2208418759E-01
           HessRho_EigVec3 =  4.9636371814E-01  1.7875337902E-01  8.4951179439E-01
           DelSqRho = -4.3452710769E+05
           Bond Ellipticity = NA
           V = -1.0864226772E+05
           G =  5.2453998310E+00
           K =  1.0863702232E+05
           L =  1.0863177692E+05
           Vnuc =  9.5146721983E+06
           Ven = -1.1183937570E+09
           Vrep =  1.1182851148E+09
           DelSqV =  2.4924926056E+09
           DelSqVen =  4.1343802409E+12
           DelSqVrep = -4.1318877483E+12
           DelSqG =  1.3388415201E+08
           DelSqK = -2.6263767576E+09
           Stress_EigVals = -3.6214161068E+04 -3.6214119232E+04 -3.6213987423E+04
           Stress_EigVec1 =  4.2656092504E-01  2.8244017687E-01  8.5922833038E-01
           Stress_EigVec2 = -5.7258499874E-01  8.1971163334E-01  1.4807342331E-02
           Stress_EigVec3 =  7.0013726971E-01  4.9829748611E-01 -5.1137796090E-01
           -DivStress =  3.2289262820E+02 -4.8828749634E+01  3.9739795616E+02
           ESP =  -1.4605385029E+01     ESP at Nucleus =  -1.4605385029E+01
           ESPe = -3.0218308812E+01     ESPe at Nucleus = -3.0218307707E+01
           ESPn =  1.5612923782E+01     ESPn at Nucleus =  1.5612922678E+01

CP# 5      Coords =  4.49929025683031E+00 -1.38395557603799E+00 -6.06877961429905E-01
           Type = (3,-3) NACP C5
           Rho =  1.1771264544E+02     Rho at Nucleus =  1.1771264534E+02
           GradRho =  4.2674086487E-11  8.4454443439E-11  3.6600367181E-10
           HessRho_EigVals = -1.4505120716E+05 -1.4505015696E+05 -1.4504983039E+05
           HessRho_EigVec1 = -5.7086873165E-01  8.1804317616E-01 -7.0101734369E-02
           HessRho_EigVec2 = -3.7096349642E-01 -1.8081887305E-01  9.1087354747E-01
           HessRho_EigVec3 =  7.3245817324E-01  5.4599441122E-01  4.0668799757E-01
           DelSqRho = -4.3515119451E+05
           Bond Ellipticity = NA
           V = -1.0879799197E+05
           G =  5.0966738219E+00
           K =  1.0879289530E+05
           L =  1.0878779863E+05
           Vnuc =  5.0675963981E+06
           Ven = -5.9652017805E+08
           Vrep =  5.9641138006E+08
           DelSqV =  2.4960523107E+09
           DelSqVen =  2.2051704013E+12
           DelSqVrep = -2.2026743490E+12
           DelSqG =  1.3407664441E+08
           DelSqK = -2.6301289551E+09
           Stress_EigVals = -3.6266293948E+04 -3.6266095993E+04 -3.6265602034E+04
           Stress_EigVec1 =  7.9994772665E-01  5.5257524840E-01  2.3397484798E-01
           Stress_EigVec2 = -2.1130703805E-01 -1.0554200297E-01  9.7170480151E-01
           Stress_EigVec3 = -5.6163419617E-01  8.2675357905E-01 -3.2334953698E-02
           -DivStress = -4.3512536274E+00 -1.9123771914E+02 -9.4354107892E+02
           ESP =  -1.4608510160E+01     ESP at Nucleus =  -1.4608510169E+01
           ESPe = -3.0389325922E+01     ESPe at Nucleus = -3.0389325656E+01
           ESPn =  1.5780815762E+01     ESPn at Nucleus =  1.5780815487E+01

CP# 6      Coords =  1.16007927830312E+00  3.42681841546958E+00 -8.82147171016716E-01
           Type = (3,-3) NACP C6
           Rho =  1.1777736635E+02     Rho at Nucleus =  1.1777736631E+02
           GradRho =  5.8876681308E-11 -4.0564163140E-11  5.1575521631E-11
           HessRho_EigVals = -1.4512409899E+05 -1.4512122179E+05 -1.4512116462E+05
           HessRho_EigVec1 = -5.6601919225E-01  8.1360915543E-01 -1.3290002334E-01
           HessRho_EigVec2 =  7.7767955447E-01  4.7346770125E-01 -4.1357326611E-01
           HessRho_EigVec3 =  2.7356312720E-01  3.3744403696E-01  9.0071901132E-01
           DelSqRho = -4.3536648540E+05
           Bond Ellipticity = NA
           V = -1.0885157921E+05
           G =  4.9789298728E+00
           K =  1.0884660028E+05
           L =  1.0884162135E+05
           Vnuc =  8.0855168252E+06
           Ven = -9.5229087724E+08
           Vrep =  9.5218202566E+08
           DelSqV =  2.4972700344E+09
           DelSqVen =  3.5201619067E+12
           DelSqVrep = -3.5176645711E+12
           DelSqG =  1.3413459081E+08
           DelSqK = -2.6314046252E+09
           Stress_EigVals = -3.6284227884E+04 -3.6284172413E+04 -3.6283178914E+04
           Stress_EigVec1 = -3.5953036756E-01 -1.0356143873E-01  9.2736882804E-01
           Stress_EigVec2 =  7.3963716785E-01  5.7429832419E-01  3.5088216650E-01
           Stress_EigVec3 = -5.6892422583E-01  8.1206924781E-01 -1.2987979834E-01
           -DivStress = -4.3425790587E+02  2.1096332754E+02 -3.6761976655E+02
           ESP =  -1.4533483664E+01     ESP at Nucleus =  -1.4533483663E+01
           ESPe = -3.0761560476E+01     ESPe at Nucleus = -3.0761560054E+01
           ESPn =  1.6228076812E+01     ESPn at Nucleus =  1.6228076392E+01

CP# 7      Coords = -3.76083031480356E-01  2.74476644611830E+00  1.07944185767726E+00
           Type = (3,-3) NACP C7
           Rho =  1.1764650473E+02     Rho at Nucleus =  1.1764650436E+02
           GradRho = -1.5498473616E-09 -1.6451454088E-09 -1.1966924118E-09
           HessRho_EigVals = -1.4496500164E+05 -1.4496487506E+05 -1.4496434375E+05
           HessRho_EigVec1 = -4.7343696278E-01  8.7680772065E-01 -8.4057499913E-02
           HessRho_EigVec2 =  8.7403213328E-01  4.7947156785E-01  7.8580185934E-02
           HessRho_EigVec3 = -1.0920289499E-01  3.6266191404E-02  9.9335768537E-01
           DelSqRho = -4.3489422045E+05
           Bond Ellipticity = NA
           V = -1.0873407557E+05
           G =  5.2602293800E+00
           K =  1.0872881534E+05
           L =  1.0872355511E+05
           Vnuc =  2.6552458394E+06
           Ven = -3.1238039221E+08
           Vrep =  3.1227165813E+08
           DelSqV =  2.4945846367E+09
           DelSqVen =  1.1547510907E+12
           DelSqVrep = -1.1522565101E+12
           DelSqG =  1.3399383682E+08
           DelSqK = -2.6285784735E+09
           Stress_EigVals = -3.6244910774E+04 -3.6244745731E+04 -3.6244419067E+04
           Stress_EigVec1 = -2.6495703601E-01 -3.4116854873E-02  9.6365647888E-01
           Stress_EigVec2 =  8.1220962238E-01  5.3075377232E-01  2.4210733669E-01
           Stress_EigVec3 = -5.1972425225E-01  8.4683910714E-01 -1.1291690855E-01
           -DivStress =  1.0947754621E+03  1.1990612999E+03  8.5735739559E+02
           ESP =  -1.4565700924E+01     ESP at Nucleus =  -1.4565700938E+01
           ESPe = -3.1706902576E+01     ESPe at Nucleus = -3.1706900018E+01
           ESPn =  1.7141201652E+01     ESPn at Nucleus =  1.7141199080E+01

CP# 8      Coords = -2.61334093845236E+00  1.31083352966109E+00  7.92208226618167E-01
           Type = (3,-3) NACP C8
           Rho =  1.1776057223E+02     Rho at Nucleus =  1.1776056949E+02
           GradRho =  4.8935300256E-12  8.2510664967E-12  3.0819791164E-12
           HessRho_EigVals = -1.4508273640E+05 -1.4508092902E+05 -1.4507918488E+05
           HessRho_EigVec1 = -5.0893298580E-01  8.5717282265E-01 -7.9006126865E-02
           HessRho_EigVec2 = -4.9772935437E-01 -2.1814635812E-01  8.3945080632E-01
           HessRho_EigVec3 =  7.0231951828E-01  4.6654787381E-01  5.3766195298E-01
           DelSqRho = -4.3524285030E+05
           Bond Ellipticity = NA
           V = -1.0882039579E+05
           G =  4.8416063127E+00
           K =  1.0881555418E+05
           L =  1.0881071258E+05
           Vnuc =  9.7714088533E+05
           Ven = -1.1506866980E+08
           Vrep =  1.1495984941E+08
           DelSqV =  2.4965369486E+09
           DelSqVen =  4.2529358336E+11
           DelSqVrep = -4.2279704641E+11
           DelSqG =  1.3407578875E+08
           DelSqK = -2.6306127373E+09
           Stress_EigVals = -3.6274025210E+04 -3.6273524695E+04 -3.6272845883E+04
           Stress_EigVec1 =  7.2909262090E-01  4.7492836619E-01  4.9281537836E-01
           Stress_EigVec2 = -4.5781804250E-01 -1.9681458116E-01  8.6698711675E-01
           Stress_EigVec3 = -5.0875002714E-01  8.5773368106E-01 -7.3934716123E-02
           -DivStress =  2.5032094627E+03  1.1989399698E+03 -4.1345380233E+03
           ESP =  -1.4448910833E+01     ESP at Nucleus =  -1.4448911015E+01
           ESPe = -3.2549644004E+01     ESPe at Nucleus = -3.2549643966E+01
           ESPn =  1.8100733170E+01     ESPn at Nucleus =  1.8100732951E+01

CP# 9      Coords = -3.82306914202288E+00  8.53833400038541E-01  2.90319728164249E+00
           Type = (3,-3) NACP O9
           Rho =  2.8988110598E+02     Rho at Nucleus =  2.8988107455E+02
           GradRho = -6.2962302039E-11 -7.5880413064E-12  1.2869971755E-10
           HessRho_EigVals = -6.3912180362E+05 -6.3910602270E+05 -6.3910502792E+05
           HessRho_EigVec1 =  7.8163389938E-01  3.9997032466E-01 -4.7861486263E-01
           HessRho_EigVec2 =  2.9667693775E-01  4.3657317151E-01  8.4934484194E-01
           HessRho_EigVec3 = -5.4866314069E-01  8.0587071253E-01 -2.2257841931E-01
           DelSqRho = -1.9173328542E+06
           Bond Ellipticity = NA
           V = -4.7942737205E+05
           G =  4.7079244649E+01
           K =  4.7938029280E+05
           L =  4.7933321356E+05
           Vnuc =  8.0669756406E+05
           Ven = -2.3384638206E+08
           Vrep =  2.3336695469E+08
           DelSqV =  1.9771667627E+10
           DelSqVen =  1.5467077448E+12
           DelSqVrep = -1.5269360771E+12
           DelSqG =  1.0570973941E+09
           DelSqK = -2.0828765021E+10
           Stress_EigVals = -1.5981051901E+05 -1.5981010492E+05 -1.5980674812E+05
           Stress_EigVec1 = -5.3026654044E-01  8.3059507081E-01 -1.7008593251E-01
           Stress_EigVec2 =  3.4974192666E-01  3.9704402699E-01  8.4854971885E-01
           Stress_EigVec3 =  7.7233281739E-01  3.9047134208E-01 -5.0103308293E-01
           -DivStress =  1.6985255114E+04  1.6706574049E+04  5.9110555012E+04
           ESP =  -2.2066111378E+01     ESP at Nucleus =  -2.2066112607E+01
           ESPe = -3.6263330945E+01     ESPe at Nucleus = -3.6263317361E+01
           ESPn =  1.4197219567E+01     ESPn at Nucleus =  1.4197204753E+01

CP# 10     Coords =  3.34953994799285E+00  5.16918001613558E+00 -6.30814194345668E-01
           Type = (3,-3) NACP C10
           Rho =  1.1751509106E+02     Rho at Nucleus =  1.1751509065E+02
           GradRho = -2.3986418407E-09 -1.6173393735E-09 -5.7115231988E-10
           HessRho_EigVals = -1.4480545417E+05 -1.4480490247E+05 -1.4480470907E+05
           HessRho_EigVec1 =  7.4512622452E-01  6.5666546389E-01  1.1652200680E-01
           HessRho_EigVec2 = -6.2171442537E-01  7.4716365765E-01 -2.3498434411E-01
           HessRho_EigVec3 = -2.4136711213E-01  1.0264958464E-01  9.6498962686E-01
           DelSqRho = -4.3441506571E+05
           Bond Ellipticity = NA
           V = -1.0861437693E+05
           G =  5.3052514316E+00
           K =  1.0860907168E+05
           L =  1.0860376643E+05
           Vnuc =  2.5347393483E+06
           Ven = -2.9787012532E+08
           Vrep =  2.9776151095E+08
           DelSqV =  2.4918526899E+09
           DelSqVen =  1.1011289006E+12
           DelSqVrep = -1.0986370479E+12
           DelSqG =  1.3384864488E+08
           DelSqK = -2.6257013348E+09
           Stress_EigVals = -3.6204890554E+04 -3.6204824763E+04 -3.6204661613E+04
           Stress_EigVec1 = -2.2837026525E-01  9.9420037087E-02  9.6848473306E-01
           Stress_EigVec2 = -6.4558260694E-01  7.2914855443E-01 -2.2708034521E-01
           Stress_EigVec3 =  7.2874557944E-01  6.7709529743E-01  1.0233200206E-01
           -DivStress =  1.5429525003E+03  1.0831058067E+03  3.6849769649E+02
           ESP =  -1.4588873407E+01     ESP at Nucleus =  -1.4588873425E+01
           ESPe = -2.7824620641E+01     ESPe at Nucleus = -2.7824617180E+01
           ESPn =  1.3235747234E+01     ESPn at Nucleus =  1.3235743755E+01

CP# 11     Coords = -3.78965273772523E+00  5.42454039990071E-01 -1.67776089645614E+00
           Type = (3,-3) NACP C11
           Rho =  1.1754156936E+02     Rho at Nucleus =  1.1754156892E+02
           GradRho =  5.0957812969E-10  3.3395994303E-10  3.3388825038E-09
           HessRho_EigVals = -1.4484507892E+05 -1.4484439071E+05 -1.4484420606E+05
           HessRho_EigVec1 =  4.9839113770E-01  3.2648825880E-01  8.0312619851E-01
           HessRho_EigVec2 =  2.7260469046E-01  8.2037281092E-01 -5.0266801553E-01
           HessRho_EigVec3 = -8.2297810214E-01  4.6946125289E-01  3.1986430785E-01
           DelSqRho = -4.3453367569E+05
           Bond Ellipticity = NA
           V = -1.0864393868E+05
           G =  5.2598765764E+00
           K =  1.0863867880E+05
           L =  1.0863341892E+05
           Vnuc =  2.4348207062E+06
           Ven = -2.8619264692E+08
           Vrep =  2.8608400298E+08
           DelSqV =  2.4925362824E+09
           DelSqVen =  1.0580116111E+12
           DelSqVrep = -1.0555190749E+12
           DelSqG =  1.3389149873E+08
           DelSqK = -2.6264277811E+09
           Stress_EigVals = -3.6214759643E+04 -3.6214691525E+04 -3.6214487507E+04
           Stress_EigVec1 = -8.0342493225E-01  5.0154213006E-01  3.2087983733E-01
           Stress_EigVec2 =  2.7878378815E-01  7.9307936214E-01 -5.4157614868E-01
           Stress_EigVec3 =  5.2610643191E-01  3.4565968397E-01  7.7700154773E-01
           -DivStress = -3.0627645520E+02 -1.8048513783E+02 -1.9642941164E+03
           ESP =  -1.4553545391E+01     ESP at Nucleus =  -1.4553545415E+01
           ESPe = -3.0637143890E+01     ESPe at Nucleus = -3.0637140827E+01
           ESPn =  1.6083598499E+01     ESPn at Nucleus =  1.6083595411E+01

CP# 12     Coords = -5.87282327261769E+00 -1.46356139618278E+00 -1.48119985684749E+00
           Type = (3,-3) NACP C12
           Rho =  1.1752047139E+02     Rho at Nucleus =  1.1752047101E+02
           GradRho =  1.5958994126E-09  1.9971629905E-09  5.6725960040E-10
           HessRho_EigVals = -1.4481635775E+05 -1.4481577792E+05 -1.4481563097E+05
           HessRho_EigVec1 =  7.2819136800E-01  6.7288968394E-01 -1.3021829679E-01
           HessRho_EigVec2 = -5.3592807739E-01  6.7746969328E-01  5.0380145945E-01
           HessRho_EigVec3 =  4.2722175440E-01 -2.9707623252E-01  8.5394805734E-01
           DelSqRho = -4.3444776664E+05
           Bond Ellipticity = NA
           V = -1.0862244617E+05
           G =  5.2522579218E+00
           K =  1.0861719392E+05
           L =  1.0861194166E+05
           Vnuc =  2.6498072989E+06
           Ven = -3.1140660284E+08
           Vrep =  3.1129798040E+08
           DelSqV =  2.4920426618E+09
           DelSqVen =  1.1512028611E+12
           DelSqVrep = -1.1487108102E+12
           DelSqG =  1.3386299551E+08
           DelSqK = -2.6259056573E+09
           Stress_EigVals = -3.6207574828E+04 -3.6207531009E+04 -3.6207340338E+04
           Stress_EigVec1 =  4.2640303890E-01 -2.8513484837E-01  8.5841631314E-01
           Stress_EigVec2 = -5.4758836297E-01  6.7398261302E-01  4.9587742648E-01
           Stress_EigVec3 =  7.1994960460E-01  6.8150242522E-01 -1.3125170951E-01
           -DivStress = -1.1170888240E+03 -1.4064894850E+03 -3.7717890703E+02
           ESP =  -1.4582198174E+01     ESP at Nucleus =  -1.4582198192E+01
           ESPe = -2.8108417439E+01     ESPe at Nucleus = -2.8108414112E+01
           ESPn =  1.3526219265E+01     ESPn at Nucleus =  1.3526215920E+01

CP# 13     Coords =  3.50250803704475E+00 -4.49775127645568E-01  3.28295194995723E+00
           Type = (3,-3) NACP H13
           Rho =  4.1716292010E-01     Rho at Nucleus =  4.1376500450E-01
           GradRho = -8.5782075887E-16 -8.8514265362E-16  2.4633073359E-16
           HessRho_EigVals = -6.3628379400E+00 -6.3609072860E+00 -5.8017409957E+00
           HessRho_EigVec1 =  6.8697830382E-01  5.0426232471E-01 -5.2324021057E-01
           HessRho_EigVec2 =  7.1771491946E-01 -3.5809148516E-01  5.9720664987E-01
           HessRho_EigVec3 = -1.1378094950E-01  7.8580531694E-01  6.0791767485E-01
           DelSqRho = -1.8525486222E+01
           Bond Ellipticity = NA
           V = -4.6411397774E+00
           G =  4.8841109907E-03
           K =  4.6362556664E+00
           L =  4.6313715554E+00
           Vnuc =  4.5878520165E+01
           Ven = -1.9138817442E+01
           Vrep =  1.4497677664E+01
           DelSqV =  6.9872996552E+02
           DelSqVen =  8.4992189319E+02
           DelSqVrep = -1.5119192767E+02
           DelSqG =  6.8900031075E+01
           DelSqK = -7.6762999659E+02
           Stress_EigVals = -1.5942982789E+00 -1.5942884017E+00 -1.4525530968E+00
           Stress_EigVec1 = -2.4764266476E-01 -6.1529577843E-01  7.4838774418E-01
           Stress_EigVec2 =  9.6220471005E-01 -6.5867141660E-02  2.6424158571E-01
           Stress_EigVec3 = -1.1329257061E-01  7.8553970282E-01  6.0835201055E-01
           -DivStress = -8.4356677221E-01  5.8944981543E+00  4.5766890083E+00
           ESP =  -9.7107496917E-01     ESP at Nucleus =  -9.7334363554E-01
           ESPe = -1.7269770162E+01     ESPe at Nucleus = -1.7196851668E+01
           ESPn =  1.6298695193E+01     ESPn at Nucleus =  1.6223508033E+01

CP# 14     Coords =  5.18963352153582E+00 -3.20611601332050E+00  2.92760794817257E+00
           Type = (3,-3) NACP H14
           Rho =  4.0900172219E-01     Rho at Nucleus =  4.0555522480E-01
           GradRho = -1.2802259253E-15 -1.1917550280E-15 -4.6490589156E-16
           HessRho_EigVals = -6.2357389500E+00 -6.2348019289E+00 -5.6757584534E+00
           HessRho_EigVec1 =  7.0218552620E-01  4.9165454728E-01 -5.1498669199E-01
           HessRho_EigVec2 =  7.6640946612E-02  6.6690540650E-01  7.4119049109E-01
           HessRho_EigVec3 =  7.0785708451E-01 -5.5992230257E-01  4.3061045388E-01
           DelSqRho = -1.8146299332E+01
           Bond Ellipticity = NA
           V = -4.5461130188E+00
           G =  4.7690928477E-03
           K =  4.5413439259E+00
           L =  4.5365748331E+00
           Vnuc =  4.3654595010E+01
           Ven = -1.7854804541E+01
           Vrep =  1.3308691522E+01
           DelSqV =  6.8399431129E+02
           DelSqVen =  7.9216934828E+02
           DelSqVrep = -1.0817503700E+02
           DelSqG =  6.7434221797E+01
           DelSqK = -7.5142853308E+02
           Stress_EigVals = -1.5626340210E+00 -1.5625801974E+00 -1.4208988004E+00
           Stress_EigVec1 =  7.0439877049E-01  5.1406267558E-01 -4.8945064890E-01
           Stress_EigVec2 =  5.3052678914E-02  6.4949842897E-01  7.5850985756E-01
           Stress_EigVec3 =  7.0781903436E-01 -5.6026007919E-01  4.3023349273E-01
           -DivStress =  5.3003096260E+00 -4.1988163496E+00  3.2194493782E+00
           ESP =  -9.6793496043E-01     ESP at Nucleus =  -9.7024950118E-01
