AIMSum (Version 19.02.13, Professional)
Copyright (c) 1997-2019 by Todd A. Keith
AIMSum is a component of the AIMAll package ( http://aim.tkgristmill.com )

TP:  64-bit Linux

Much of the Quantum Theory of Atoms in Molecules (QTAIM) is described in the book:
  "Atoms in Molecules - A Quantum Theory"
  R.F.W. Bader, Oxford University Press, Oxford, 1990

For additional references see:  http://aim.tkgristmill.com/references.html

Wfn File:  /home/mhennefarth/Documents/ML_Diels/summary-gordillo2006/7cx-opt/7cx-opt.wfn
Sum File:  /home/mhennefarth/Documents/ML_Diels/summary-gordillo2006/7cx-opt/7cx-opt.sum

SumViz File:  /home/mhennefarth/Documents/ML_Diels/summary-gordillo2006/7cx-opt/7cx-opt.sumviz

Wfn Title:   Title Card Required                                                           
 
Total memory allocated for AIMSum =        1.122 Megabytes

Atomic units (a.u.) used throughout, except where stated otherwise

Model:  Restricted SCF
 
Restricted, closed-shell, single-determinant wavefunction.
  Number of electrons (from MO Occs)                   =          74.0000000000
  Number of Alpha electrons (from MO Occs)             =          37.0000000000
  Number of Beta electrons (from MO Occs)              =          37.0000000000
  Number of electron pairs (N*(N-1)/2)                 =        2701.0000000000
  Number of electron pairs (from Muller 2EDM)          =        2701.0000000000
 
Nuclear Charges and Cartesian Coordinates:
-------------------------------------------------------------------------------
Atom      Charge                X                  Y                  Z
-------------------------------------------------------------------------------
C1         6.0          -3.0621103300E+00  -2.5707919500E+00   3.5664033000E-01
C2         6.0          -3.4676565500E+00  -6.0728928000E-01   2.3752688600E+00
C3         6.0          -4.4457977200E+00   1.4982730200E+00   1.3146650200E+00
C4         6.0          -4.7506578200E+00   1.0893795000E+00  -1.4153953200E+00
C5         6.0          -3.9626574900E+00  -1.2656512300E+00  -2.0055342200E+00
C6         6.0           2.8072339200E+00   1.8366953100E+00  -3.9009213000E-01
C7         6.0           2.4308502200E+00   4.6307752600E+00  -2.6921184000E-01
C8         6.0           4.9034574500E+00   5.9845017000E-01   3.3377014000E-01
C9         6.0           5.1231811700E+00  -2.1726368200E+00   1.7237744000E-01
O10        8.0           3.4401809000E+00  -3.6172359800E+00  -4.6416572000E-01
H11        1.0           7.0098354500E+00  -2.9385618800E+00   6.8911649000E-01
H12        1.0           6.5381505600E+00   1.6159440200E+00   1.0620102100E+00
H13        1.0           1.2387740700E+00   7.3105834000E-01  -1.1336681900E+00
H14        1.0          -4.1353264900E+00  -4.3119966100E+00   7.4048840000E-01
H15        1.0          -1.0686641900E+00  -3.1504277900E+00   2.0768824000E-01
H16        1.0          -3.0294175900E+00  -8.9592328000E-01   4.3557126000E+00
H17        1.0          -3.9535831700E+00  -2.1308271900E+00  -3.8625579100E+00
H18        1.0           7.6431174000E-01   5.0699643200E+00   8.8618570000E-01
H19        1.0           4.0701201600E+00   5.6139184400E+00   5.2055872000E-01
H20        1.0           2.0452214100E+00   5.3981469100E+00  -2.1589955800E+00
H21        1.0          -4.9513976100E+00   3.2307103300E+00   2.2908886200E+00
H22        1.0          -5.5045287600E+00   2.4826583300E+00  -2.7190312900E+00
 
Some Atomic Properties:
----------------------
  q(A) = Net Charge of Atom A
  L(A) = Lagrangian of Atom A = -(1/4) Times Atomic Integral of the Laplacian of the Electron Density
  K(A) = Electronic Kinetic Energy of Atom A (Hamiltonian Form)
  K_Scaled(A) = K(A) * E(Mol)/K(Mol) = Approximation to Virial-Based Total Energy of Atom A.
  |Mu_Intra(A)| = Magnitude of Intraatomic Dipole Moment of Atom A
--------------------------------------------------------------------------------------------------
Atom A          q(A)              L(A)              K(A)          K_Scaled(A)      |Mu_Intra(A)|
--------------------------------------------------------------------------------------------------
C1       -2.5721838900E-02 -6.5877041911E-05  3.7715542177E+01 -3.8085468661E+01  1.7843631735E-01
C2       -7.4087456800E-02 -5.4732207735E-05  3.7730861443E+01 -3.8100938183E+01  1.6730844216E-01
C3       -6.7299317700E-02  1.1771624513E-04  3.7729047291E+01 -3.8099106238E+01  1.5396679157E-01
C4       -6.5614282900E-02 -4.5435797198E-05  3.7729170024E+01 -3.8099230174E+01  1.5152595483E-01
C5       -7.5775982800E-02 -1.2949131916E-04  3.7732529040E+01 -3.8102622137E+01  1.6811797995E-01
C6       -2.3618670000E-02  1.8265622023E-04  3.7721899489E+01 -3.8091888327E+01  7.6952439938E-02
C7       -2.0392576300E-02  4.7375565420E-05  3.7688234321E+01 -3.8057892960E+01  1.1710910226E-01
C8       -6.6159148100E-02 -5.7088380313E-05  3.7748456291E+01 -3.8118705608E+01  1.0747478526E-01
C9        1.0116201430E+00 -9.7760979699E-05  3.7027429024E+01 -3.7390606267E+01  8.9218949616E-01
O10      -1.1530128486E+00  2.6437480987E-05  7.5276435369E+01 -7.6014771489E+01  5.4149078311E-01
H11       2.0635303050E-02  2.9022824782E-05  6.0661569393E-01 -6.1256558084E-01  1.6744269331E-01
H12       3.5554659830E-02  2.8058134777E-05  5.9768613676E-01 -6.0354843963E-01  1.5430254355E-01
H13       8.9745221570E-02  4.4289715026E-05  5.8192288958E-01 -5.8763058132E-01  1.3209433685E-01
H14       4.3263703380E-02  2.1837733744E-05  5.8924162949E-01 -5.9502110584E-01  1.5158006334E-01
H15       9.4867052160E-02  3.3735339373E-06  5.7133250559E-01 -5.7693632334E-01  1.2269493932E-01
H16       4.7068005540E-02  2.1196361873E-05  5.9170789498E-01 -5.9751156128E-01  1.5051473729E-01
H17       4.9254340070E-02  2.1389168200E-05  5.9083709285E-01 -5.9663221803E-01  1.4989758348E-01
H18       4.3714951070E-02  1.8794562569E-05  5.9110844645E-01 -5.9690623316E-01  1.4783117092E-01
H19       2.1956589410E-02  2.8967514084E-05  6.0197221306E-01 -6.0787655518E-01  1.5181253656E-01
H20       3.6780272570E-02  2.3547118906E-05  5.9392847322E-01 -5.9975391968E-01  1.4983528752E-01
H21       3.7972931990E-02  1.9854702060E-05  5.9529462026E-01 -6.0113346635E-01  1.5158821768E-01
H22       3.9530192770E-02  1.8321153565E-05  5.9494511808E-01 -6.0078053613E-01  1.5108220490E-01
--------------------------------------------------------------------------------------------------
Total     2.8124431000E-04  2.0245230927E-04  4.2120619718E+02 -4.2533752656E+02
 
1st Largest |L(A)| = 1.8265622023E-04, atom C6      
2nd Largest |L(A)| = 1.2949131916E-04, atom C5      
 
Molecular charge q(Mol) from the wfn file:   0.0000000000E+00
Molecular energy E(Mol) from the wfn file:  -4.2533750246E+02
Molecular virial ratio (-V(Mol)/T(Mol)) from the wfn file:   2.0098083300E+00
Note.  K_Scaled(A) = (1+V(Mol)/T(Mol))*K(A) = (E(Mol)/T(Mol))*K(A)
       Only use K_Scaled(A) data with caution.
 
N_AIMInt(SumA)     =         73.999719
N_Analytic(Mol)    =         73.999986
 
G_AIMInt(SumA)     =        421.205995
G_Analytic(Mol)    =        421.206138
 
K_AIMInt(SumA)     =        421.206197
K_Analytic(Mol)    =        421.206138
 
L_AIMInt(SumA)     =          0.000202
L_Analytic(Mol)    =          0.000000
 
VenT_AIMInt(SumA)  =      -1930.945169
VenT_Analytic(Mol) =      -1930.946914
 
Some Information About the Atomic Calculations:
----------------------------------------------
  Time(sec) = "Elapsed User Time", in Seconds, for Atom A by AIMInt and, if used, by TWOe
  NProc = Number of Processors Used for AIMInt Job
  BIM = Basin Integration Method
  OAQ = Angular Quadrature Outside of Beta Sphere
  ORQ = Multiple of Default for Radial Quadrature Outside of Beta Sphere
  IAQ = Multiple of Default for Angular Quadrature Inside of Beta Sphere
  IRQ = Multiple of Default for Radial Quadrature Inside of Beta Sphere
  MIR = Maximum Integration Radius
------------------------------------------------------------------------------------------------------
Atom A     Time(sec)   NProc      BIM          OAQ                     ORQ      IAQ      IRQ      MIR
------------------------------------------------------------------------------------------------------
C1             34        8     Proaim(5)    4500(GS4)                  1.00     1.00     1.00    13.00
C2             27        8     Proaim(5)    4500(GS4)                  1.00     1.00     1.00    13.00
C3             28        8     Proaim(5)    4500(GS4)                  1.00     1.00     1.00    13.00
C4             23        8     Proaim(5)    4500(GS4)                  1.00     1.00     1.00    13.00
C5             29        8     Proaim(5)    4500(GS4)                  1.00     1.00     1.00    13.00
C6             29        8     Proaim(5)    4500(GS4)                  1.00     1.00     1.00    13.00
C7             26        8     Proaim(5)    4500(GS4)                  1.00     1.00     1.00    13.00
C8             26        8     Proaim(5)    4500(GS4)                  1.00     1.00     1.00    13.00
C9             21        8     Proaim(5)    4500(GS4)                  1.00     1.00     1.00    13.00
O10            16        8     Proaim(5)    4500(GS4)                  1.00     1.00     1.00    13.00
H11             5        8     Proaim(5)    1800(GS4)                  1.00     1.00     1.00    13.00
H12             6        8     Proaim(5)    1800(GS4)                  1.00     1.00     1.00    13.00
H13            24        8     Proaim(5)    4500(GS4)                  1.00     1.00     1.00    13.00
H14             5        8     Proaim(5)    1800(GS4)                  1.00     1.00     1.00    13.00
H15            24        8     Proaim(5)    4500(GS4)                  1.00     1.00     1.00    13.00
H16             6        8     Proaim(5)    1800(GS4)                  1.00     1.00     1.00    13.00
H17             6        8     Proaim(5)    1800(GS4)                  1.00     1.00     1.00    13.00
H18            13        8     Proaim(5)    4500(GS4)                  1.00     1.00     1.00    13.00
H19             6        8     Proaim(5)    1800(GS4)                  1.00     1.00     1.00    13.00
H20             5        8     Proaim(5)    1800(GS4)                  1.00     1.00     1.00    13.00
H21             7        8     Proaim(5)    1800(GS4)                  1.00     1.00     1.00    13.00
H22             6        8     Proaim(5)    1800(GS4)                  1.00     1.00     1.00    13.00
------------------------------------------------------------------------------------------------------
Total         372
Note:  Total wall clock time is less than total of atomic times if more than one atom
       was calculated at a time
 
Electron Density Critical Point Analysis of Molecular Structure:               
---------------------------------------------------------------                
  NACP = Nuclear Attractor Critical Point                                      
  NNACP = Non-Nuclear Attractor Critical Point                                 
  BCP = Bond Critical Point                                                    
  RCP = Ring Critical Point                                                    
  CCP = Cage Critical Point                                                    
  Rho = Electron Density                                                       
  GradRho = Gradient of Electron Density                                       
  HessRho_EigVals = Eigenvalues of the Hessian of Rho, Ascending Order         
  HessRho_EigVecs = Eigenvectors of the Hessian of Rho                         
  DelSqRho = Laplacian of Rho = Trace of Hessian of Rho                        
  Bond Ellipticity = (HessRho_EigVal(1) / HessRho_EigVal(2)) - 1               
  V = Virial Field = Potential Energy Density = Trace of Stress Tensor         
  G = Lagrangian Form of Kinetic Energy Density                                
  K = Hamiltonian Form of Kinetic Energy Density                               
  L = K - G = Lagrangian Density = (-1/4)DelSqRho                              
  Vnuc = Electrostatic Potential from Nuclei                                   
  Ven = Electron-nuclear attractive contribution to Virial Field V             
  Vrep = V - Ven = Repulsive contribution to Virial Field V                    
  DelSqV = Laplacian of V                                                      
  DelSqVen = Laplacian of Ven                                                  
  DelSqVrep = Laplacian of Vrep                                                
  DelSqG = Laplacian of G                                                      
  DelSqK = Laplacian of K                                                      
  Stress_EigVals = Eigenvalues of Stress Tensor, Ascending Order               
  Stress_EigVecs = Eigenvectors of Stress Tensor                               
  -DivStress = Ehrenfest Force Density = Minus Divergence of Stress Tensor     
  ESP = Total Electrostatic Potential                                          
  ESPe = Electrostatic Potential from Electrons                                
  ESPn = Electrostatic Potential from Nuclei                                   
  BP = Bond Path                                                               
  BPL = Bond Path Length                                                       
  GBL = Geometric Bond Length                                                  
  GBL_I = Distance Between Nuclear Attractors                                  
  GBL_II = Distance Between Nuclei                                             
  GBL_III = Sum of Distances Between BCP and Nuclear Attractors                
  GBL_IV = Sum of Distances Between BCP and Nuclei                             

CP# 1      Coords = -3.06211098102147E+00 -2.57079168883131E+00  3.56640384021800E-01
           Type = (3,-3) NACP C1
           Rho =  1.1754999976E+02     Rho at Nucleus =  1.1754999973E+02
           GradRho = -3.9476640098E-11 -2.3103119471E-12  8.3633368522E-12
           HessRho_EigVals = -1.4485281785E+05 -1.4485258840E+05 -1.4485233423E+05
           HessRho_EigVec1 =  1.1925286945E-01  1.5452905793E-01  9.8076476455E-01
           HessRho_EigVec2 =  6.5333559989E-01  7.3160111105E-01 -1.9471108911E-01
           HessRho_EigVec3 =  7.4761711259E-01 -6.6398839189E-01  1.3713802981E-02
           DelSqRho = -4.3455774047E+05
           Bond Ellipticity = NA
           V = -1.0864991129E+05
           G =  5.2380879004E+00
           K =  1.0864467321E+05
           L =  1.0863943512E+05
           Vnuc =  8.5284177923E+06
           Ven = -1.0025155095E+09
           Vrep =  1.0024068596E+09
           DelSqV =  2.4926706276E+09
           DelSqVen =  3.7060888494E+12
           DelSqVrep = -3.7035961788E+12
           DelSqG =  1.3389651336E+08
           DelSqK = -2.6265671409E+09
           Stress_EigVals = -3.6216722353E+04 -3.6216653567E+04 -3.6216535374E+04
           Stress_EigVec1 =  7.4927082164E-01 -6.6219239541E-01  9.7194296127E-03
           Stress_EigVec2 =  6.5133419014E-01  7.3417074023E-01 -1.9172140452E-01
           Stress_EigVec3 =  1.1982073528E-01  1.4998185110E-01  9.8140126133E-01
           -DivStress =  5.3160934545E+02 -2.1421670714E+02 -4.3909294522E+01
           ESP =  -1.4746106474E+01     ESP at Nucleus =  -1.4746106475E+01
           ESPe = -2.8218564479E+01     ESPe at Nucleus = -2.8218564163E+01
           ESPn =  1.3472458005E+01     ESPn at Nucleus =  1.3472457688E+01

CP# 2      Coords = -3.46765602334251E+00 -6.07290526233131E-01  2.37526888648654E+00
           Type = (3,-3) NACP C2
           Rho =  1.1767667771E+02     Rho at Nucleus =  1.1767667758E+02
           GradRho =  1.9380382802E-10 -5.0982992285E-10  1.6508610885E-12
           HessRho_EigVals = -1.4500213569E+05 -1.4500143604E+05 -1.4500109491E+05
           HessRho_EigVec1 =  9.2008307600E-01  3.5748684698E-01 -1.6015707134E-01
           HessRho_EigVec2 = -6.9894925900E-02  5.5211304331E-01  8.3083445207E-01
           HessRho_EigVec3 = -3.8543719670E-01  7.5324255167E-01 -5.3297638386E-01
           DelSqRho = -4.3500466664E+05
           Bond Ellipticity = NA
           V = -1.0876139130E+05
           G =  5.1123190502E+00
           K =  1.0875627898E+05
           L =  1.0875116666E+05
           Vnuc =  4.4339278007E+06
           Ven = -5.2176989279E+08
           Vrep =  5.2166113140E+08
           DelSqV =  2.4952109027E+09
           DelSqVen =  1.9287791043E+12
           DelSqVrep = -1.9262838934E+12
           DelSqG =  1.3402729543E+08
           DelSqK = -2.6292381981E+09
           Stress_EigVals = -3.6254064301E+04 -3.6253869872E+04 -3.6253457125E+04
           Stress_EigVec1 =  3.5129376779E-01 -5.9980383271E-01  7.1890753994E-01
           Stress_EigVec2 = -1.5997613741E-01  7.1810061500E-01  6.7730284378E-01
           Stress_EigVec3 =  9.2249678816E-01  3.5294031933E-01 -1.5630997034E-01
           -DivStress = -4.2608018616E+02  1.0134678202E+03 -1.6008655048E+01
           ESP =  -1.4751938667E+01     ESP at Nucleus =  -1.4751938682E+01
           ESPe = -2.8065330151E+01     ESPe at Nucleus = -2.8065330559E+01
           ESPn =  1.3313391484E+01     ESPn at Nucleus =  1.3313391877E+01

CP# 3      Coords = -4.44579818100479E+00  1.49827409859812E+00  1.31466412939347E+00
           Type = (3,-3) NACP C3
           Rho =  1.1767642545E+02     Rho at Nucleus =  1.1767642530E+02
           GradRho = -2.0912509354E-10  5.5550004483E-10 -4.4847541219E-10
           HessRho_EigVals = -1.4500009771E+05 -1.4499932118E+05 -1.4499901626E+05
           HessRho_EigVec1 =  9.2591302488E-01  3.4580789591E-01 -1.5199332053E-01
           HessRho_EigVec2 =  4.7706453485E-02  2.9210275464E-01  9.5519635417E-01
           HessRho_EigVec3 = -3.7471210903E-01  8.9167980792E-01 -2.5396447682E-01
           DelSqRho = -4.3499843515E+05
           Bond Ellipticity = NA
           V = -1.0875985422E+05
           G =  5.1227176369E+00
           K =  1.0875473150E+05
           L =  1.0874960879E+05
           Vnuc =  4.0739428097E+06
           Ven = -4.7940702735E+08
           Vrep =  4.7929826750E+08
           DelSqV =  2.4951737662E+09
           DelSqVen =  1.7721588654E+12
           DelSqVrep = -1.7696636548E+12
           DelSqG =  1.3402361072E+08
           DelSqK = -2.6291973770E+09
           Stress_EigVals = -3.6253544249E+04 -3.6253377230E+04 -3.6252932743E+04
           Stress_EigVec1 = -3.6143148189E-01  9.3083177409E-01 -5.4032325945E-02
           Stress_EigVec2 =  1.2333609951E-01  1.0516977634E-01  9.8677632962E-01
           Stress_EigVec3 =  9.2420532917E-01  3.4998789478E-01 -1.5281682843E-01
           -DivStress =  3.7432046372E+02 -8.6967860325E+02  7.2634316713E+02
           ESP =  -1.4750689685E+01     ESP at Nucleus =  -1.4750689704E+01
           ESPe = -2.7818581396E+01     ESPe at Nucleus = -2.7818582524E+01
           ESPn =  1.3067891712E+01     ESPn at Nucleus =  1.3067892820E+01

CP# 4      Coords = -4.75065810954712E+00  1.08938078125043E+00 -1.41539466052413E+00
           Type = (3,-3) NACP C4
           Rho =  1.1767727892E+02     Rho at Nucleus =  1.1767727876E+02
           GradRho = -1.2493695336E-10  6.2415988697E-10  3.3043820818E-10
           HessRho_EigVals = -1.4500111682E+05 -1.4500032294E+05 -1.4500001596E+05
           HessRho_EigVec1 =  9.2712058808E-01  3.3989717762E-01 -1.5785222142E-01
           HessRho_EigVec2 =  1.6351409298E-01  1.2117366765E-02  9.8646657866E-01
           HessRho_EigVec3 = -3.3720995917E-01  9.4038453734E-01  4.4343718503E-02
           DelSqRho = -4.3500145572E+05
           Bond Ellipticity = NA
           V = -1.0876060752E+05
           G =  5.1217940162E+00
           K =  1.0875548572E+05
           L =  1.0875036393E+05
           Vnuc =  4.0821664432E+06
           Ven = -4.8037823913E+08
           Vrep =  4.8026947852E+08
           DelSqV =  2.4951909283E+09
           DelSqVen =  1.7757483663E+12
           DelSqVrep = -1.7732531918E+12
           DelSqG =  1.3402450107E+08
           DelSqK = -2.6292154294E+09
           Stress_EigVals = -3.6253797624E+04 -3.6253629095E+04 -3.6253180798E+04
           Stress_EigVec1 = -3.6765556577E-01  9.1833664430E-01 -1.4658510389E-01
           Stress_EigVec2 =  9.4615758260E-02  1.9374512118E-01  9.7647871780E-01
           Stress_EigVec3 =  9.2513633765E-01  3.4513857470E-01 -1.5812059008E-01
           -DivStress =  2.3423524351E+02 -1.0355105298E+03 -5.4027572842E+02
           ESP =  -1.4750764993E+01     ESP at Nucleus =  -1.4750765012E+01
           ESPe = -2.7710573722E+01     ESPe at Nucleus = -2.7710574728E+01
           ESPn =  1.2959808729E+01     ESPn at Nucleus =  1.2959809717E+01

CP# 5      Coords = -3.96265684604717E+00 -1.26565239692897E+00 -2.00553395890635E+00
           Type = (3,-3) NACP C5
           Rho =  1.1768179600E+02     Rho at Nucleus =  1.1768179587E+02
           GradRho =  2.8514492850E-10 -4.7543421717E-10  1.2401382178E-10
           HessRho_EigVals = -1.4501020851E+05 -1.4500952761E+05 -1.4500918553E+05
           HessRho_EigVec1 =  9.2266648575E-01  3.5517659339E-01 -1.5012043029E-01
           HessRho_EigVec2 =  2.6494301872E-01 -3.0107661430E-01  9.1605571291E-01
           HessRho_EigVec3 = -2.8016379658E-01  8.8498726535E-01  3.7189486049E-01
           DelSqRho = -4.3502892166E+05
           Bond Ellipticity = NA
           V = -1.0876746484E+05
           G =  5.1172112535E+00
           K =  1.0876234763E+05
           L =  1.0875723041E+05
           Vnuc =  4.4177909976E+06
           Ven = -5.1989357896E+08
           Vrep =  5.1978481150E+08
           DelSqV =  2.4953515195E+09
           DelSqVen =  1.9218666291E+12
           DelSqVrep = -1.9193712776E+12
           DelSqG =  1.3403647180E+08
           DelSqK = -2.6293879913E+09
           Stress_EigVals = -3.6256088296E+04 -3.6255892056E+04 -3.6255484485E+04
           Stress_EigVec1 = -2.0368856487E-01  7.9198337027E-01  5.7556347152E-01
           Stress_EigVec2 =  3.2493595038E-01 -4.9987778687E-01  8.0283175469E-01
           Stress_EigVec3 =  9.2354079319E-01  3.5054891157E-01 -1.5552448009E-01
           -DivStress = -5.2294595994E+02  9.4754712182E+02 -2.1770215750E+02
           ESP =  -1.4752802081E+01     ESP at Nucleus =  -1.4752802095E+01
           ESPe = -2.7901261356E+01     ESPe at Nucleus = -2.7901261620E+01
           ESPn =  1.3148459275E+01     ESPn at Nucleus =  1.3148459525E+01

CP# 6      Coords =  2.80723367475171E+00  1.83669694651951E+00 -3.90092114545987E-01
           Type = (3,-3) NACP C6
           Rho =  1.1772350410E+02     Rho at Nucleus =  1.1772350390E+02
           GradRho = -1.7572449908E-10  9.9442083929E-10  8.7217028304E-12
           HessRho_EigVals = -1.4505864842E+05 -1.4505677606E+05 -1.4505640184E+05
           HessRho_EigVec1 = -3.8135175601E-01 -8.2448347588E-02  9.2074595202E-01
           HessRho_EigVec2 = -1.0034788581E-01  9.9382125500E-01  4.7430105679E-02
           HessRho_EigVec3 =  9.1896743141E-01  7.4307355561E-02  3.8726899812E-01
           DelSqRho = -4.3517182633E+05
           Bond Ellipticity = NA
           V = -1.0880308453E+05
           G =  5.0639732366E+00
           K =  1.0879802056E+05
           L =  1.0879295658E+05
           Vnuc =  3.6256847108E+06
           Ven = -4.2682830892E+08
           Vrep =  4.2671950583E+08
           DelSqV =  2.4961620679E+09
           DelSqVen =  1.5777958789E+12
           DelSqVrep = -1.5752996841E+12
           DelSqG =  1.3407662993E+08
           DelSqK = -2.6302386979E+09
           Stress_EigVals = -3.6268042225E+04 -3.6267884942E+04 -3.6267157361E+04
           Stress_EigVec1 =  9.2298515228E-01 -1.0391185076E-01  3.7054113933E-01
           Stress_EigVec2 =  6.4125530791E-02  9.9092233530E-01  1.1815600581E-01
           Stress_EigVec3 = -3.7945530035E-01 -8.5295091781E-02  9.2127000513E-01
           -DivStress =  1.9806564672E+02 -1.3351688239E+03 -1.4176928125E+01
           ESP =  -1.4714647684E+01     ESP at Nucleus =  -1.4714647697E+01
           ESPe = -2.8330582277E+01     ESPe at Nucleus = -2.8330582965E+01
           ESPn =  1.3615934593E+01     ESPn at Nucleus =  1.3615935269E+01

CP# 7      Coords =  2.43085024995138E+00  4.63077424775636E+00 -2.69212050296460E-01
           Type = (3,-3) NACP C7
           Rho =  1.1751314364E+02     Rho at Nucleus =  1.1751314357E+02
           GradRho =  2.3093521236E-11 -2.7162797250E-10 -4.7515446655E-11
           HessRho_EigVals = -1.4480202785E+05 -1.4480174310E+05 -1.4480162838E+05
           HessRho_EigVec1 = -4.8360989414E-02  9.9644684461E-01  6.8955787043E-02
           HessRho_EigVec2 = -2.4187369805E-01 -7.8664847804E-02  9.6711372439E-01
           HessRho_EigVec3 =  9.6910181555E-01  3.0091985374E-02  2.4481859309E-01
           DelSqRho = -4.3440539933E+05
           Bond Ellipticity = NA
           V = -1.0861188732E+05
           G =  5.2687446111E+00
           K =  1.0860661858E+05
           L =  1.0860134983E+05
           Vnuc =  5.8010839822E+06
           Ven = -6.8170361529E+08
           Vrep =  6.8159500340E+08
           DelSqV =  2.4917956847E+09
           DelSqVen =  2.5200224502E+12
           DelSqVrep = -2.5175306545E+12
           DelSqG =  1.3384477222E+08
           DelSqK = -2.6256404569E+09
           Stress_EigVals = -3.6204017663E+04 -3.6203979566E+04 -3.6203890094E+04
           Stress_EigVec1 =  9.6155849983E-01  5.1052746663E-02  2.6981265438E-01
           Stress_EigVec2 = -2.6487179070E-01 -8.6781705695E-02  9.6037069408E-01
           Stress_EigVec3 = -7.2444364112E-02  9.9491836480E-01  6.9923254312E-02
           -DivStress = -2.4424113055E+01  8.2060298196E+02  1.7061249326E+02
           ESP =  -1.4727653855E+01     ESP at Nucleus =  -1.4727653858E+01
           ESPe = -2.6120258783E+01     ESPe at Nucleus = -2.6120257471E+01
           ESPn =  1.1392604927E+01     ESPn at Nucleus =  1.1392603613E+01

CP# 8      Coords =  4.90345795159518E+00  5.98449536275739E-01  3.33770265063412E-01
           Type = (3,-3) NACP C8
           Rho =  1.1769143852E+02     Rho at Nucleus =  1.1769143847E+02
           GradRho =  9.0745712377E-11 -9.1369353327E-11  1.9710882882E-11
           HessRho_EigVals = -1.4502476526E+05 -1.4502422964E+05 -1.4502396129E+05
           HessRho_EigVec1 = -3.5749233797E-01 -6.1133650202E-02  9.3191303516E-01
           HessRho_EigVec2 =  3.9446388751E-01  8.9459244119E-01  2.1000620378E-01
           HessRho_EigVec3 =  8.4652080290E-01 -4.4268164744E-01  2.9569492602E-01
           DelSqRho = -4.3507295619E+05
           Bond Ellipticity = NA
           V = -1.0877859676E+05
           G =  5.1788576504E+00
           K =  1.0877341790E+05
           L =  1.0876823905E+05
           Vnuc =  7.3365058666E+06
           Ven = -8.6344392917E+08
           Vrep =  8.6333515057E+08
           DelSqV =  2.4956075460E+09
           DelSqVen =  3.1919159378E+12
           DelSqVrep = -3.1894205924E+12
           DelSqG =  1.3405305562E+08
           DelSqK = -2.6296606016E+09
           Stress_EigVals = -3.6259756275E+04 -3.6259615813E+04 -3.6259224674E+04
           Stress_EigVec1 =  8.7557773547E-01 -3.6611694906E-01  3.1515394453E-01
           Stress_EigVec2 =  3.1685229962E-01  9.2770105641E-01  1.9742180772E-01
           Stress_EigVec3 = -3.6464811720E-01 -7.3000887274E-02  9.2827938741E-01
           -DivStress = -4.0386786236E+02  5.1500920875E+02 -1.0082392001E+02
           ESP =  -1.4736043544E+01     ESP at Nucleus =  -1.4736043552E+01
           ESPe = -2.7692668122E+01     ESPe at Nucleus = -2.7692668569E+01
           ESPn =  1.2956624578E+01     ESPn at Nucleus =  1.2956625017E+01

CP# 9      Coords =  5.12317952010130E+00 -2.17263754490638E+00  1.72376867297650E-01
           Type = (3,-3) NACP C9
           Rho =  1.1772910234E+02     Rho at Nucleus =  1.1772910208E+02
           GradRho = -1.3307610977E-09 -5.8124323140E-10 -4.4195478741E-10
           HessRho_EigVals = -1.4504905621E+05 -1.4504691357E+05 -1.4504655136E+05
           HessRho_EigVec1 = -2.9315767518E-01 -7.4890384427E-02  9.5312643852E-01
           HessRho_EigVec2 =  7.3069407628E-01  6.2536071241E-01  2.7387980259E-01
           HessRho_EigVec3 = -6.1655879231E-01  7.7673380877E-01 -1.2860733233E-01
           DelSqRho = -4.3514252114E+05
           Bond Ellipticity = NA
           V = -1.0879545550E+05
           G =  4.9126079651E+00
           K =  1.0879054289E+05
           L =  1.0878563028E+05
           Vnuc =  3.1730428356E+06
           Ven = -3.7355948471E+08
           Vrep =  3.7345068926E+08
           DelSqV =  2.4959728072E+09
           DelSqVen =  1.3807259484E+12
           DelSqVrep = -1.3782299756E+12
           DelSqG =  1.3405071984E+08
           DelSqK = -2.6300235270E+09
           Stress_EigVals = -3.6265476976E+04 -3.6265421936E+04 -3.6264556588E+04
           Stress_EigVec1 =  8.4841841310E-01  4.3894329525E-01  2.9582930867E-01
           Stress_EigVec2 = -4.4075221183E-01  8.9531585465E-01 -6.4397268433E-02
           Stress_EigVec3 = -2.9312741953E-01 -7.5751593829E-02  9.5306768487E-01
           -DivStress =  1.3468167117E+03  5.8749382704E+02  4.6751502865E+02
           ESP =  -1.4657871083E+01     ESP at Nucleus =  -1.4657871090E+01
           ESPe = -2.7496446975E+01     ESPe at Nucleus = -2.7496444406E+01
           ESPn =  1.2838575893E+01     ESPn at Nucleus =  1.2838573316E+01

CP# 10     Coords =  3.44018783984914E+00 -3.61722968087083E+00 -4.64163058444848E-01
           Type = (3,-3) NACP O10
           Rho =  2.9031768570E+02     Rho at Nucleus =  2.9031765531E+02
           GradRho = -1.2703381513E-10 -5.7990645977E-11  5.0627246536E-12
           HessRho_EigVals = -6.4021022011E+05 -6.4020460554E+05 -6.4018543846E+05
           HessRho_EigVec1 = -2.9751578355E-01 -8.9204261850E-02  9.5054035065E-01
           HessRho_EigVec2 =  7.2714091995E-01  6.2400531008E-01  2.8615285342E-01
           HessRho_EigVec3 = -6.1866828032E-01  7.7631177542E-01 -1.2078735974E-01
           DelSqRho = -1.9206002641E+06
           Bond Ellipticity = NA
           V = -4.8024220167E+05
           G =  4.6067821763E+01
           K =  4.8019613385E+05
           L =  4.8015006603E+05
           Vnuc =  8.2112053745E+05
           Ven = -2.3838581411E+08
           Vrep =  2.3790557191E+08
           DelSqV =  1.9805409661E+10
           DelSqVen =  1.5770443233E+12
           DelSqVrep = -1.5572389139E+12
           DelSqG =  1.0591186717E+09
           DelSqK = -2.0864528333E+10
           Stress_EigVals = -1.6008437264E+05 -1.6007958981E+05 -1.6007823923E+05
           Stress_EigVec1 = -6.1972042258E-01  7.7540787065E-01 -1.2119914182E-01
           Stress_EigVec2 =  7.2672989263E-01  6.2527277445E-01  2.8442507044E-01
           Stress_EigVec3 = -2.9632796189E-01 -8.8184985522E-02  9.5100638659E-01
           -DivStress = -4.4792713671E+04 -4.0565168084E+04 -1.7170183806E+04
           ESP =  -2.2326139458E+01     ESP at Nucleus =  -2.2326140588E+01
           ESPe = -3.3445892698E+01     ESPe at Nucleus = -3.3445880043E+01
           ESPn =  1.1119753239E+01     ESPn at Nucleus =  1.1119739455E+01

CP# 11     Coords =  6.98108392713095E+00 -2.92631943908977E+00  6.81301686359950E-01
           Type = (3,-3) NACP H11
           Rho =  4.3108007947E-01     Rho at Nucleus =  4.2785013512E-01
           GradRho = -4.3607805694E-15  1.6554463273E-15 -7.6742794384E-16
           HessRho_EigVals = -6.6693203743E+00 -6.6578984366E+00 -6.0877317478E+00
           HessRho_EigVec1 =  3.3716570171E-01  9.2419072571E-01  1.7941792583E-01
           HessRho_EigVec2 = -2.9260642353E-01 -7.8266146959E-02  9.5302460154E-01
           HessRho_EigVec3 =  8.9481884787E-01 -3.7382604612E-01  2.4403548255E-01
           DelSqRho = -1.9414950559E+01
           Bond Ellipticity = NA
           V = -4.8626314040E+00
           G =  4.4468821847E-03
           K =  4.8581845219E+00
           L =  4.8537376397E+00
           Vnuc =  4.2977352797E+01
           Ven = -1.8526680659E+01
           Vrep =  1.3664049255E+01
           DelSqV =  7.3470366240E+02
           DelSqVen =  8.3440317970E+02
           DelSqVrep = -9.9699517296E+01
           DelSqG =  7.3238726959E+01
           DelSqK = -8.0794238936E+02
           Stress_EigVals = -1.6697603420E+00 -1.6667478592E+00 -1.5261232029E+00
           Stress_EigVec1 =  3.3943373606E-01  9.2428492298E-01  1.7459129409E-01
           Stress_EigVec2 = -2.9078343627E-01 -7.3411212127E-02  9.5396844137E-01
           Stress_EigVec3 =  8.9455560588E-01 -3.7457732858E-01  2.4384850399E-01
           -DivStress =  6.6898711286E+00 -2.8496071691E+00  1.8182558047E+00
           ESP =  -1.1036429348E+00     ESP at Nucleus =  -1.1058541358E+00
           ESPe = -1.3036449586E+01     ESPe at Nucleus = -1.2953262992E+01
           ESPn =  1.1932806651E+01     ESPn at Nucleus =  1.1847408856E+01

CP# 12     Coords =  6.51085762642306E+00  1.59880929577474E+00  1.04983937163734E+00
           Type = (3,-3) NACP H12
           Rho =  4.2640110389E-01     Rho at Nucleus =  4.2279935819E-01
           GradRho = -3.0373110711E-15 -1.2423694818E-15 -1.0133766656E-15
           HessRho_EigVals = -6.5113634752E+00 -6.5042909298E+00 -5.9173011594E+00
           HessRho_EigVec1 = -4.9727616363E-01  8.6159062991E-01 -1.0187248663E-01
           HessRho_EigVec2 = -3.5514926239E-01 -9.5020920779E-02  9.2996775537E-01
           HessRho_EigVec3 =  7.9157148667E-01  4.9863073618E-01  3.5324491565E-01
           DelSqRho = -1.8932955564E+01
           Bond Ellipticity = NA
           V = -4.7427706393E+00
           G =  4.7658740796E-03
           K =  4.7380047652E+00
           L =  4.7332388911E+00
           Vnuc =  4.1578011410E+01
           Ven = -1.7728909963E+01
           Vrep =  1.2986139324E+01
           DelSqV =  7.1361227444E+02
           DelSqVen =  7.8719464248E+02
           DelSqVrep = -7.3582368042E+01
           DelSqG =  7.0403255743E+01
           DelSqK = -7.8401553018E+02
           Stress_EigVals = -1.6309348373E+00 -1.6305186973E+00 -1.4813171046E+00
           Stress_EigVec1 = -4.7938542772E-01  8.6593834327E-01 -1.4261976493E-01
           Stress_EigVec2 = -3.7700482758E-01 -5.6447587465E-02  9.2448960505E-01
           Stress_EigVec3 =  7.9250045531E-01  4.9695518463E-01  3.5352308666E-01
           -DivStress =  6.1969133603E+00  3.8900101399E+00  2.7635117267E+00
           ESP =  -1.0952185797E+00     ESP at Nucleus =  -1.0976568929E+00
           ESPe = -1.3643572187E+01     ESPe at Nucleus = -1.3554992107E+01
           ESPn =  1.2548353607E+01     ESPn at Nucleus =  1.2457335214E+01

CP# 13     Coords =  1.26633702050869E+00  7.50828792838662E-01 -1.12061627409995E+00
           Type = (3,-3) NACP H13
           Rho =  4.2309209275E-01     Rho at Nucleus =  4.1913996850E-01
           GradRho =  5.9768203299E-15  4.7094591410E-15  2.6789568421E-15
           HessRho_EigVals = -6.4443263681E+00 -6.4379470311E+00 -5.8152941989E+00
           HessRho_EigVec1 = -5.4144923836E-01  8.3286429482E-01 -1.1475969977E-01
           HessRho_EigVec2 = -3.6186356428E-01 -1.0765736139E-01  9.2599387330E-01
           HessRho_EigVec3 =  7.5887250782E-01  5.4290603142E-01  3.5967423861E-01
           DelSqRho = -1.8697567598E+01
           Bond Ellipticity = NA
           V = -4.6833592036E+00
           G =  4.4836520151E-03
           K =  4.6788755516E+00
           L =  4.6743918995E+00
           Vnuc =  4.3159929972E+01
           Ven = -1.8260625095E+01
           Vrep =  1.3577265891E+01
           DelSqV =  7.0281846716E+02
           DelSqVen =  8.0698570819E+02
           DelSqVrep = -1.0416724103E+02
           DelSqG =  6.9214641365E+01
           DelSqK = -7.7203310852E+02
           Stress_EigVals = -1.6144030628E+00 -1.6129195414E+00 -1.4560365995E+00
           Stress_EigVec1 = -5.3339201996E-01  8.3558915869E-01 -1.3146752798E-01
           Stress_EigVec2 = -3.7215157922E-01 -9.2249139939E-02  9.2357636298E-01
           Stress_EigVec3 =  7.5960262975E-01  5.4155411000E-01  3.6017078008E-01
           -DivStress = -6.1790410361E+00 -4.4320146462E+00 -2.9261963685E+00
           ESP =  -1.0997219453E+00     ESP at Nucleus =  -1.1023606503E+00
           ESPe = -1.6745348168E+01     ESPe at Nucleus = -1.6693533504E+01
           ESPn =  1.5645626222E+01     ESPn at Nucleus =  1.5591172853E+01

CP# 14     Coords = -4.11819802188125E+00 -4.28414608753265E+00  7.34358014331314E-01
           Type = (3,-3) NACP H14
           Rho =  4.1554562261E-01     Rho at Nucleus =  4.1226280606E-01
           GradRho =  2.8944693407E-15  4.3280605337E-15 -7.1316955434E-16
           HessRho_EigVals = -6.3423045148E+00 -6.3406514971E+00 -5.7936290118E+00
           HessRho_EigVec1 =  1.0033606617E-01  1.5463614551E-01  9.8286333553E-01
           HessRho_EigVec2 = -8.5142185697E-01  5.2446299824E-01  4.4028331443E-03
           HessRho_EigVec3 =  5.1479461467E-01  8.3727308925E-01 -1.8428314826E-01
           DelSqRho = -1.8476585024E+01
           Bond Ellipticity = NA
           V = -4.6289965083E+00
           G =  4.9251261678E-03
           K =  4.6240713821E+00
           L =  4.6191462559E+00
           Vnuc =  4.2953028282E+01
           Ven = -1.7848942881E+01
           Vrep =  1.3219946372E+01
           DelSqV =  6.9741728886E+02
           DelSqVen =  7.9362527907E+02
           DelSqVrep = -9.6207990210E+01
           DelSqG =  6.8802760941E+01
           DelSqK = -7.6622004981E+02
           Stress_EigVals = -1.5892607237E+00 -1.5892488789E+00 -1.4504869057E+00
           Stress_EigVec1 =  4.6703386129E-01 -9.3515459690E-02  8.7928051906E-01
           Stress_EigVec2 = -7.1901642049E-01  5.3863104391E-01  4.3919470123E-01
           Stress_EigVec3 =  5.1467927826E-01  8.3733592860E-01 -1.8431978516E-01
           -DivStress = -3.7949458204E+00 -6.1715620865E+00  1.3584212053E+00
           ESP =  -1.1076802217E+00     ESP at Nucleus =  -1.1098752861E+00
           ESPe = -1.3999862167E+01     ESPe at Nucleus = -1.3911836844E+01
           ESPn =  1.2892181946E+01     ESPn at Nucleus =  1.2801961558E+01

CP# 15     Coords = -1.10209966224158E+00 -3.14075879760123E+00  2.10252841062458E-01
           Type = (3,-3) NACP H15
           Rho =  4.0897245599E-01     Rho at Nucleus =  4.0543650141E-01
           GradRho = -3.2144175993E-09  9.3037245650E-10  2.4614791917E-10
           HessRho_EigVals = -6.2236493536E+00 -6.2224095656E+00 -5.6558036390E+00
           HessRho_EigVec1 =  1.2700181209E-01  1.8249470432E-01  9.7496985729E-01
           HessRho_EigVec2 =  2.5773636567E-01  9.4309553981E-01 -2.1010180533E-01
           HessRho_EigVec3 =  9.5783219070E-01 -2.7796849765E-01 -7.2739320689E-02
           DelSqRho = -1.8101862558E+01
           Bond Ellipticity = NA
           V = -4.5355194490E+00
           G =  5.0269047062E-03
           K =  4.5304925443E+00
           L =  4.5254656395E+00
           Vnuc =  4.3490365828E+01
           Ven = -1.7786361725E+01
           Vrep =  1.3250842276E+01
           DelSqV =  6.8181742330E+02
           DelSqVen =  7.8725663032E+02
           DelSqVrep = -1.0543920702E+02
           DelSqG =  6.7119077521E+01
           DelSqK = -7.4893650082E+02
           Stress_EigVals = -1.5595871544E+00 -1.5594996285E+00 -1.4164326661E+00
           Stress_EigVec1 =  1.1202618005E-01  1.2794760431E-01  9.8543368399E-01
           Stress_EigVec2 =  2.6467092878E-01  9.5201191311E-01 -1.5369650859E-01
           Stress_EigVec3 =  9.5780970680E-01 -2.7803368114E-01 -7.2786246715E-02
           -DivStress =  7.2603229777E+00 -2.0993160990E+00 -5.5692645429E-01
           ESP =  -1.1108941548E+00     ESP at Nucleus =  -1.1132802853E+00
           ESPe = -1.5947816607E+01     ESPe at Nucleus = -1.5891645705E+01
           ESPn =  1.4836922453E+01     ESPn at Nucleus =  1.4778365420E+01

CP# 16     Coords = -3.03688734554517E+00 -8.91077853608654E-01  4.32180245073418E+00
