AIMSum (Version 19.02.13, Professional)
Copyright (c) 1997-2019 by Todd A. Keith
AIMSum is a component of the AIMAll package ( http://aim.tkgristmill.com )

TP:  64-bit Linux

Much of the Quantum Theory of Atoms in Molecules (QTAIM) is described in the book:
  "Atoms in Molecules - A Quantum Theory"
  R.F.W. Bader, Oxford University Press, Oxford, 1990

For additional references see:  http://aim.tkgristmill.com/references.html

Wfn File:  /home/mhennefarth/Documents/ML_Diels/summary-gordillo2006/7cn-opt/7cn-opt.wfn
Sum File:  /home/mhennefarth/Documents/ML_Diels/summary-gordillo2006/7cn-opt/7cn-opt.sum

SumViz File:  /home/mhennefarth/Documents/ML_Diels/summary-gordillo2006/7cn-opt/7cn-opt.sumviz

Wfn Title:   Title Card Required                                                           
 
Total memory allocated for AIMSum =        1.068 Megabytes

Atomic units (a.u.) used throughout, except where stated otherwise

Model:  Restricted SCF
 
Restricted, closed-shell, single-determinant wavefunction.
  Number of electrons (from MO Occs)                   =          74.0000000000
  Number of Alpha electrons (from MO Occs)             =          37.0000000000
  Number of Beta electrons (from MO Occs)              =          37.0000000000
  Number of electron pairs (N*(N-1)/2)                 =        2701.0000000000
  Number of electron pairs (from Muller 2EDM)          =        2701.0000000000
 
Nuclear Charges and Cartesian Coordinates:
-------------------------------------------------------------------------------
Atom      Charge                X                  Y                  Z
-------------------------------------------------------------------------------
C1         6.0          -2.8597712200E+00  -1.4099548700E+00   2.2883595000E-01
C2         6.0          -4.6531565500E+00  -1.4031664900E+00  -1.8952218700E+00
C3         6.0          -6.5788898800E+00   1.8550398000E-01  -1.3797537200E+00
C4         6.0          -6.1601877800E+00   1.3522663000E+00   1.1843491400E+00
C5         6.0          -3.7038541000E+00   1.8632706000E-01   2.0326510600E+00
C6         6.0           3.9577509800E+00   1.7389846300E+00  -1.8286867000E-01
C7         6.0           5.8647049900E+00   6.2618720000E-02  -1.4714557000E-01
C8         6.0           5.4424427200E+00  -2.6746554600E+00   1.6591146000E-01
O9         8.0           3.3897518400E+00  -3.6967875800E+00   4.0564371000E-01
C10        6.0           4.2454148700E+00   4.5308746200E+00  -4.9476782000E-01
H11        1.0           7.1918268000E+00  -3.8376399200E+00   1.7398600000E-01
H12        1.0          -6.0566422900E+00   3.4287524100E+00   1.0924259900E+00
H13        1.0          -7.7171804900E+00   9.2273904000E-01   2.4967239400E+00
H14        1.0           2.0385053300E+00   1.0223240000E+00   3.0868310000E-02
H15        1.0           7.8187756300E+00   6.7803589000E-01  -3.5036645000E-01
H16        1.0          -2.8141819900E+00   5.8233416000E-01   3.8356504200E+00
H17        1.0          -8.1941430800E+00   5.9391980000E-01  -2.5722699800E+00
H18        1.0           6.2242573100E+00   5.0985527500E+00  -6.9303618000E-01
H19        1.0           3.1992423500E+00   5.1871599900E+00  -2.1631089400E+00
H20        1.0           3.4305109600E+00   5.5334040900E+00   1.1298909700E+00
H21        1.0          -4.4272322100E+00  -2.5247969400E+00  -3.5976263300E+00
H22        1.0          -1.1384771700E+00  -2.5232755200E+00   2.9977283000E-01
 
Some Atomic Properties:
----------------------
  q(A) = Net Charge of Atom A
  L(A) = Lagrangian of Atom A = -(1/4) Times Atomic Integral of the Laplacian of the Electron Density
  K(A) = Electronic Kinetic Energy of Atom A (Hamiltonian Form)
  K_Scaled(A) = K(A) * E(Mol)/K(Mol) = Approximation to Virial-Based Total Energy of Atom A.
  |Mu_Intra(A)| = Magnitude of Intraatomic Dipole Moment of Atom A
--------------------------------------------------------------------------------------------------
Atom A          q(A)              L(A)              K(A)          K_Scaled(A)      |Mu_Intra(A)|
--------------------------------------------------------------------------------------------------
C1       -6.6564994500E-02  5.1115457531E-05  3.7734567165E+01 -3.8104776852E+01  2.0688014247E-01
C2       -5.6165279100E-02 -4.5376550705E-05  3.7728127382E+01 -3.8098273889E+01  1.4951641655E-01
C3       -7.6828104300E-02 -1.1604635006E-05  3.7732436784E+01 -3.8102625570E+01  1.6833760256E-01
C4       -1.2837800800E-02 -3.5904115390E-04  3.7703240062E+01 -3.8073142403E+01  1.3978017506E-01
C5       -8.5292429900E-02 -6.1653434837E-05  3.7734205253E+01 -3.8104411390E+01  1.7145484932E-01
C6       -2.9620620400E-02 -1.6028824022E-05  3.7723352227E+01 -3.8093451886E+01  8.2665846766E-02
C7       -6.5144954300E-02  3.6093537815E-05  3.7748336976E+01 -3.8118681758E+01  1.0636000827E-01
C8        1.0149213003E+00 -4.0304535731E-04  3.7025511944E+01 -3.7388765169E+01  8.9119347456E-01
O9       -1.1502403743E+00  3.0626761994E-05  7.5276744628E+01 -7.6015276489E+01  5.3984660201E-01
C10      -2.0494863100E-02  6.9826241918E-06  3.7686912805E+01 -3.8056654961E+01  1.1109592137E-01
H11       2.0941046180E-02  1.9867509605E-05  6.0653813229E-01 -6.1248881119E-01  1.6776054334E-01
H12       3.6625843930E-02  2.4937748404E-05  5.9254397587E-01 -5.9835735964E-01  1.5356333529E-01
H13       4.0873125650E-02  2.3858236829E-05  5.9087071099E-01 -5.9666767854E-01  1.5257922758E-01
H14       8.8388369800E-02  3.2700742432E-05  5.8044641148E-01 -5.8614110738E-01  1.3751785141E-01
H15       3.5915682840E-02  2.8449331679E-05  5.9764277031E-01 -6.0350617779E-01  1.5417387473E-01
H16       4.3884819130E-02  2.0266346319E-05  5.9261845202E-01 -5.9843256647E-01  1.5142795610E-01
H17       4.4249847290E-02  1.9246127523E-05  5.9264305009E-01 -5.9845740586E-01  1.5118068635E-01
H18       2.3743885550E-02  2.9191215663E-05  6.0135798766E-01 -6.0725784473E-01  1.5130803980E-01
H19       3.9260480190E-02  2.3716685986E-05  5.9301540087E-01 -5.9883340973E-01  1.4924161492E-01
H20       3.7442753300E-02  2.2811865250E-05  5.9374789989E-01 -5.9957309522E-01  1.4969870872E-01
H21       4.3033367420E-02  2.1564175091E-05  5.9382220336E-01 -5.9964812768E-01  1.5019607229E-01
H22       9.3414062490E-02  2.5067078801E-05  5.7556064813E-01 -5.8120741033E-01  1.2410862623E-01
--------------------------------------------------------------------------------------------------
Total    -4.9483663000E-04 -4.8025451067E-04  4.2120424287E+02 -4.2533663136E+02
 
1st Largest |L(A)| = 4.0304535731E-04, atom C8      
2nd Largest |L(A)| = 3.5904115390E-04, atom C4      
 
Molecular charge q(Mol) from the wfn file:   0.0000000000E+00
Molecular energy E(Mol) from the wfn file:  -4.2533673868E+02
Molecular virial ratio (-V(Mol)/T(Mol)) from the wfn file:   2.0098108900E+00
Note.  K_Scaled(A) = (1+V(Mol)/T(Mol))*K(A) = (E(Mol)/T(Mol))*K(A)
       Only use K_Scaled(A) data with caution.
 
N_AIMInt(SumA)     =         74.000495
N_Analytic(Mol)    =         73.999987
 
G_AIMInt(SumA)     =        421.204723
G_Analytic(Mol)    =        421.204315
 
K_AIMInt(SumA)     =        421.204243
K_Analytic(Mol)    =        421.204315
 
L_AIMInt(SumA)     =         -0.000480
L_Analytic(Mol)    =          0.000000
 
VenT_AIMInt(SumA)  =      -1887.868097
VenT_Analytic(Mol) =      -1887.861705
 
Some Information About the Atomic Calculations:
----------------------------------------------
  Time(sec) = "Elapsed User Time", in Seconds, for Atom A by AIMInt and, if used, by TWOe
  NProc = Number of Processors Used for AIMInt Job
  BIM = Basin Integration Method
  OAQ = Angular Quadrature Outside of Beta Sphere
  ORQ = Multiple of Default for Radial Quadrature Outside of Beta Sphere
  IAQ = Multiple of Default for Angular Quadrature Inside of Beta Sphere
  IRQ = Multiple of Default for Radial Quadrature Inside of Beta Sphere
  MIR = Maximum Integration Radius
------------------------------------------------------------------------------------------------------
Atom A     Time(sec)   NProc      BIM          OAQ                     ORQ      IAQ      IRQ      MIR
------------------------------------------------------------------------------------------------------
C1             36        8     Proaim(5)    4500(GS4)                  1.00     1.00     1.00    13.00
C2             21        8     Proaim(5)    4500(GS4)                  1.00     1.00     1.00    13.00
C3             19        8     Proaim(5)    4500(GS4)                  1.00     1.00     1.00    13.00
C4             22        8     Proaim(5)    4500(GS4)                  1.00     1.00     1.00    13.00
C5             27        8     Proaim(5)    4500(GS4)                  1.00     1.00     1.00    13.00
C6             28        8     Proaim(5)    4500(GS4)                  1.00     1.00     1.00    13.00
C7             25        8     Proaim(5)    4500(GS4)                  1.00     1.00     1.00    13.00
C8             19        8     Proaim(5)    4500(GS4)                  1.00     1.00     1.00    13.00
O9             15        8     Proaim(5)    4500(GS4)                  1.00     1.00     1.00    13.00
C10            25        8     Proaim(5)    4500(GS4)                  1.00     1.00     1.00    13.00
H11             5        8     Proaim(5)    1800(GS4)                  1.00     1.00     1.00    13.00
H12             6        8     Proaim(5)    1800(GS4)                  1.00     1.00     1.00    13.00
H13             5        8     Proaim(5)    1800(GS4)                  1.00     1.00     1.00    13.00
H14            19        8     Proaim(5)    4500(GS4)                  1.00     1.00     1.00    13.00
H15             6        8     Proaim(5)    1800(GS4)                  1.00     1.00     1.00    13.00
H16             6        8     Proaim(5)    1800(GS4)                  1.00     1.00     1.00    13.00
H17             6        8     Proaim(5)    1800(GS4)                  1.00     1.00     1.00    13.00
H18             6        8     Proaim(5)    1800(GS4)                  1.00     1.00     1.00    13.00
H19             6        8     Proaim(5)    1800(GS4)                  1.00     1.00     1.00    13.00
H20             6        8     Proaim(5)    1800(GS4)                  1.00     1.00     1.00    13.00
H21             7        8     Proaim(5)    1800(GS4)                  1.00     1.00     1.00    13.00
H22            12        8     Proaim(5)    4500(GS4)                  1.00     1.00     1.00    13.00
------------------------------------------------------------------------------------------------------
Total         327
Note:  Total wall clock time is less than total of atomic times if more than one atom
       was calculated at a time
 
Electron Density Critical Point Analysis of Molecular Structure:               
---------------------------------------------------------------                
  NACP = Nuclear Attractor Critical Point                                      
  NNACP = Non-Nuclear Attractor Critical Point                                 
  BCP = Bond Critical Point                                                    
  RCP = Ring Critical Point                                                    
  CCP = Cage Critical Point                                                    
  Rho = Electron Density                                                       
  GradRho = Gradient of Electron Density                                       
  HessRho_EigVals = Eigenvalues of the Hessian of Rho, Ascending Order         
  HessRho_EigVecs = Eigenvectors of the Hessian of Rho                         
  DelSqRho = Laplacian of Rho = Trace of Hessian of Rho                        
  Bond Ellipticity = (HessRho_EigVal(1) / HessRho_EigVal(2)) - 1               
  V = Virial Field = Potential Energy Density = Trace of Stress Tensor         
  G = Lagrangian Form of Kinetic Energy Density                                
  K = Hamiltonian Form of Kinetic Energy Density                               
  L = K - G = Lagrangian Density = (-1/4)DelSqRho                              
  Vnuc = Electrostatic Potential from Nuclei                                   
  Ven = Electron-nuclear attractive contribution to Virial Field V             
  Vrep = V - Ven = Repulsive contribution to Virial Field V                    
  DelSqV = Laplacian of V                                                      
  DelSqVen = Laplacian of Ven                                                  
  DelSqVrep = Laplacian of Vrep                                                
  DelSqG = Laplacian of G                                                      
  DelSqK = Laplacian of K                                                      
  Stress_EigVals = Eigenvalues of Stress Tensor, Ascending Order               
  Stress_EigVecs = Eigenvectors of Stress Tensor                               
  -DivStress = Ehrenfest Force Density = Minus Divergence of Stress Tensor     
  ESP = Total Electrostatic Potential                                          
  ESPe = Electrostatic Potential from Electrons                                
  ESPn = Electrostatic Potential from Nuclei                                   
  BP = Bond Path                                                               
  BPL = Bond Path Length                                                       
  GBL = Geometric Bond Length                                                  
  GBL_I = Distance Between Nuclear Attractors                                  
  GBL_II = Distance Between Nuclei                                             
  GBL_III = Sum of Distances Between BCP and Nuclear Attractors                
  GBL_IV = Sum of Distances Between BCP and Nuclei                             

CP# 1      Coords = -2.85977160728722E+00 -1.40995512884456E+00  2.28834726662026E-01
           Type = (3,-3) NACP C1
           Rho =  1.1769346537E+02     Rho at Nucleus =  1.1769346525E+02
           GradRho = -1.5450360869E-10 -9.1255915151E-11 -4.7022783323E-10
           HessRho_EigVals = -1.4502371565E+05 -1.4502275160E+05 -1.4502235693E+05
           HessRho_EigVec1 =  5.0320220558E-01  7.5571039379E-01 -4.1915312360E-01
           HessRho_EigVec2 =  5.4239714695E-01  1.0140127938E-01  8.3398028485E-01
           HessRho_EigVec3 =  6.7275023247E-01 -6.4700817712E-01 -3.5886981408E-01
           DelSqRho = -4.3506882418E+05
           Bond Ellipticity = NA
           V = -1.0877746044E+05
           G =  5.1271993930E+00
           K =  1.0877233324E+05
           L =  1.0876720605E+05
           Vnuc =  4.5835758589E+06
           Ven = -5.3945692664E+08
           Vrep =  5.3934814918E+08
           DelSqV =  2.4955785719E+09
           DelSqVen =  1.9941708268E+12
           DelSqVrep = -1.9916753793E+12
           DelSqG =  1.3404770850E+08
           DelSqK = -2.6296262804E+09
           Stress_EigVals = -3.6259452023E+04 -3.6259244664E+04 -3.6258763757E+04
           Stress_EigVec1 =  6.9157492596E-01 -6.4475491566E-01 -3.2559978580E-01
           Stress_EigVec2 =  5.1794527864E-01  1.2847467127E-01  8.4571091230E-01
           Stress_EigVec3 =  5.0344494248E-01  7.5351533334E-01 -4.2279762572E-01
           -DivStress =  3.2166360232E+02  2.0720465645E+02  9.9349852022E+02
           ESP =  -1.4759650742E+01     ESP at Nucleus =  -1.4759650753E+01
           ESPe = -2.8182148093E+01     ESPe at Nucleus = -2.8182148095E+01
           ESPn =  1.3422497352E+01     ESPn at Nucleus =  1.3422497342E+01

CP# 2      Coords = -4.65315546940569E+00 -1.40316722282610E+00 -1.89522187311515E+00
           Type = (3,-3) NACP C2
           Rho =  1.1767925508E+02     Rho at Nucleus =  1.1767925495E+02
           GradRho =  4.6730553216E-10 -2.8875379496E-10  2.0879037973E-12
           HessRho_EigVals = -1.4500287259E+05 -1.4500199041E+05 -1.4500170720E+05
           HessRho_EigVec1 =  5.0391264708E-01  7.5145324265E-01 -4.2589912918E-01
           HessRho_EigVec2 =  5.6448250142E-01  8.6713631918E-02  8.2087773245E-01
           HessRho_EigVec3 =  6.5378249418E-01 -6.5406327688E-01 -3.8048611032E-01
           DelSqRho = -4.3500657020E+05
           Bond Ellipticity = NA
           V = -1.0876188491E+05
           G =  5.1211797305E+00
           K =  1.0875676373E+05
           L =  1.0875164255E+05
           Vnuc =  4.5954167870E+06
           Ven = -5.4078522426E+08
           Vrep =  5.4067646238E+08
           DelSqV =  2.4952193303E+09
           DelSqVen =  1.9990368092E+12
           DelSqVrep = -1.9965415899E+12
           DelSqG =  1.3402535114E+08
           DelSqK = -2.6292446814E+09
           Stress_EigVals = -3.6254227379E+04 -3.6254063835E+04 -3.6253593695E+04
           Stress_EigVec1 =  5.3372482493E-01 -6.5927889402E-01 -5.2961226492E-01
           Stress_EigVec2 =  6.7847354927E-01 -3.9999734859E-02  7.3353504630E-01
           Stress_EigVec3 =  5.0478852423E-01  7.5083377728E-01 -4.2595443970E-01
           -DivStress = -8.7666439597E+02  5.9191377806E+02 -3.3295223820E+00
           ESP =  -1.4755129229E+01     ESP at Nucleus =  -1.4755129245E+01
           ESPe = -2.7295502435E+01     ESPe at Nucleus = -2.7295502943E+01
           ESPn =  1.2540373206E+01     ESPn at Nucleus =  1.2540373698E+01

CP# 3      Coords = -6.57889071875511E+00  1.85505077599580E-01 -1.37975278020930E+00
           Type = (3,-3) NACP C3
           Rho =  1.1766974014E+02     Rho at Nucleus =  1.1766973994E+02
           GradRho = -5.6202988444E-10  6.8531871150E-10  5.6349160906E-10
           HessRho_EigVals = -1.4499316267E+05 -1.4499262754E+05 -1.4499221896E+05
           HessRho_EigVec1 =  5.0729259846E-01  7.4809139063E-01 -4.2780076064E-01
           HessRho_EigVec2 =  2.9764436992E-01  3.1377135848E-01  9.0164037379E-01
           HessRho_EigVec3 =  8.0874102691E-01 -5.8472797595E-01 -6.3491302843E-02
           DelSqRho = -4.3497800916E+05
           Bond Ellipticity = NA
           V = -1.0875474116E+05
           G =  5.1194334689E+00
           K =  1.0874962172E+05
           L =  1.0874450229E+05
           Vnuc =  3.5911904134E+06
           Ven = -4.2257444273E+08
           Vrep =  4.2246568799E+08
           DelSqV =  2.4950584725E+09
           DelSqVen =  1.5620889252E+12
           DelSqVrep = -1.5595938667E+12
           DelSqG =  1.3401879221E+08
           DelSqK = -2.6290772647E+09
           Stress_EigVals = -3.6251847388E+04 -3.6251631781E+04 -3.6251261989E+04
           Stress_EigVec1 =  8.5414120313E-01 -5.0446817568E-01  1.2631177633E-01
           Stress_EigVec2 =  1.2044228152E-01  4.2818056759E-01  8.9563109502E-01
           Stress_EigVec3 =  5.0590163267E-01  7.4978214253E-01 -4.2648596319E-01
           -DivStress =  6.7764168702E+02 -8.9121665133E+02 -7.6795251859E+02
           ESP =  -1.4754621556E+01     ESP at Nucleus =  -1.4754621576E+01
           ESPe = -2.6743569696E+01     ESPe at Nucleus = -2.6743570507E+01
           ESPn =  1.1988948140E+01     ESPn at Nucleus =  1.1988948931E+01

CP# 4      Coords = -6.16018789877066E+00  1.35226645977195E+00  1.18434919138359E+00
           Type = (3,-3) NACP C4
           Rho =  1.1754068335E+02     Rho at Nucleus =  1.1754068334E+02
           GradRho =  3.9846165958E-11  2.5581070872E-12 -1.5336653705E-11
           HessRho_EigVals = -1.4483669039E+05 -1.4483660044E+05 -1.4483638618E+05
           HessRho_EigVec1 =  6.4467717279E-01  3.0369338198E-02  7.6385145558E-01
           HessRho_EigVec2 =  4.7530592722E-01  7.6666736520E-01 -4.3163112339E-01
           HessRho_EigVec3 = -5.9872833442E-01  6.4132585667E-01  4.7981822302E-01
           DelSqRho = -4.3450967700E+05
           Bond Ellipticity = NA
           V = -1.0863786145E+05
           G =  5.2211015630E+00
           K =  1.0863264035E+05
           L =  1.0862741925E+05
           Vnuc =  2.9182042465E+07
           Ven = -3.4300772128E+09
           Vrep =  3.4299685750E+09
           DelSqV =  2.4923906787E+09
           DelSqVen =  1.2679817200E+13
           DelSqVrep = -1.2677324809E+13
           DelSqG =  1.3387719534E+08
           DelSqK = -2.6262678741E+09
           Stress_EigVals = -3.6212686524E+04 -3.6212626605E+04 -3.6212548325E+04
           Stress_EigVec1 = -5.9137660266E-01  6.4611588874E-01  4.8250178460E-01
           Stress_EigVec2 =  4.8728096152E-01  7.6307201699E-01 -4.2459199408E-01
           Stress_EigVec3 =  6.4251924358E-01  1.5979837439E-02  7.6610290851E-01
           -DivStress =  9.5564514143E+01 -1.2839894810E+02 -4.0855908150E+01
           ESP =  -1.4739351525E+01     ESP at Nucleus =  -1.4739351526E+01
           ESPe = -2.6790391574E+01     ESPe at Nucleus = -2.6790391873E+01
           ESPn =  1.2051040049E+01     ESPn at Nucleus =  1.2051040348E+01

CP# 5      Coords = -3.70385521363772E+00  1.86328218799339E-01  2.03265173934114E+00
           Type = (3,-3) NACP C5
           Rho =  1.1767200788E+02     Rho at Nucleus =  1.1767200765E+02
           GradRho = -7.4306341375E-10  7.9577905116E-10  4.8953035115E-10
           HessRho_EigVals = -1.4499644595E+05 -1.4499590786E+05 -1.4499548501E+05
           HessRho_EigVec1 = -5.2864652963E-01 -7.3748537616E-01  4.2029533268E-01
           HessRho_EigVec2 =  8.2455492049E-01 -3.2855890867E-01  4.6060636842E-01
           HessRho_EigVec3 = -2.0159868505E-01  5.9005454281E-01  7.8178872255E-01
           DelSqRho = -4.3498783882E+05
           Bond Ellipticity = NA
           V = -1.0875719438E+05
           G =  5.1173372016E+00
           K =  1.0875207704E+05
           L =  1.0874695971E+05
           Vnuc =  3.4386995486E+06
           Ven = -4.0463868036E+08
           Vrep =  4.0452992317E+08
           DelSqV =  2.4951150640E+09
           DelSqVen =  1.4957923451E+12
           DelSqVrep = -1.4932972300E+12
           DelSqG =  1.3402229822E+08
           DelSqK = -2.6291373622E+09
           Stress_EigVals = -3.6252667031E+04 -3.6252448447E+04 -3.6252078901E+04
           Stress_EigVec1 = -2.7256413908E-02  5.0668413676E-01  8.6170080275E-01
           Stress_EigVec2 =  8.5623185503E-01 -4.3302426607E-01  2.8170373697E-01
           Stress_EigVec3 =  5.1587217247E-01  7.4549391048E-01 -4.2203640970E-01
           -DivStress =  9.0937264698E+02 -9.3954441653E+02 -5.4805183219E+02
           ESP =  -1.4755498701E+01     ESP at Nucleus =  -1.4755498722E+01
           ESPe = -2.7680411208E+01     ESPe at Nucleus = -2.7680412396E+01
           ESPn =  1.2924912508E+01     ESPn at Nucleus =  1.2924913674E+01

CP# 6      Coords =  3.95775106443864E+00  1.73898633838289E+00 -1.82868851482473E-01
           Type = (3,-3) NACP C6
           Rho =  1.1772153917E+02     Rho at Nucleus =  1.1772153895E+02
           GradRho =  5.5650723613E-11  1.1105452218E-09 -1.1500342714E-10
           HessRho_EigVals = -1.4505675167E+05 -1.4505492968E+05 -1.4505454967E+05
           HessRho_EigVec1 =  7.2941548523E-02  1.0220315782E-01  9.9208570448E-01
           HessRho_EigVec2 =  1.3420953620E-01  9.8468184522E-01 -1.1130796959E-01
           HessRho_EigVec3 =  9.8826480808E-01 -1.4126633794E-01 -5.8107580183E-02
           DelSqRho = -4.3516623102E+05
           Bond Ellipticity = NA
           V = -1.0880168871E+05
           G =  5.0654798409E+00
           K =  1.0879662323E+05
           L =  1.0879155775E+05
           Vnuc =  3.4882446730E+06
           Ven = -4.1064153191E+08
           Vrep =  4.1053273022E+08
           DelSqV =  2.4961307427E+09
           DelSqVen =  1.5179661312E+12
           DelSqVrep = -1.5154700005E+12
           DelSqG =  1.3407546480E+08
           DelSqK = -2.6302062075E+09
           Stress_EigVals = -3.6267573707E+04 -3.6267414659E+04 -3.6266700348E+04
           Stress_EigVec1 =  9.4978626998E-01 -3.1064152227E-01 -3.7521806897E-02
           Stress_EigVec2 =  3.0432717594E-01  9.4497672614E-01 -1.2001648650E-01
           Stress_EigVec3 =  7.2739338304E-02  1.0257110552E-01  9.9206257715E-01
           -DivStress = -7.1798089297E+01 -1.3931161015E+03  1.4834258154E+02
           ESP =  -1.4712961023E+01     ESP at Nucleus =  -1.4712961037E+01
           ESPe = -2.7533244193E+01     ESPe at Nucleus = -2.7533244985E+01
           ESPn =  1.2820283170E+01     ESPn at Nucleus =  1.2820283948E+01

CP# 7      Coords =  5.86470534738539E+00  6.26180239306708E-02 -1.47145522482133E-01
           Type = (3,-3) NACP C7
           Rho =  1.1769436135E+02     Rho at Nucleus =  1.1769436130E+02
           GradRho =  6.0027053640E-11 -9.7769461906E-11  8.5225654811E-12
           HessRho_EigVals = -1.4502850874E+05 -1.4502794134E+05 -1.4502767513E+05
           HessRho_EigVec1 =  6.9388565162E-02  1.0114610912E-01  9.9244883578E-01
           HessRho_EigVec2 =  6.2023196012E-01  7.7482093043E-01 -1.2233086864E-01
           HessRho_EigVec3 =  7.8134342173E-01 -6.2403685018E-01  8.9703368972E-03
           DelSqRho = -4.3508412521E+05
           Bond Ellipticity = NA
           V = -1.0878138244E+05
           G =  5.1755695527E+00
           K =  1.0877620687E+05
           L =  1.0877103130E+05
           Vnuc =  7.6540775159E+06
           Ven = -9.0084176494E+08
           Vrep =  9.0073298356E+08
           DelSqV =  2.4956713694E+09
           DelSqVen =  3.3301672755E+12
           DelSqVrep = -3.3276716042E+12
           DelSqG =  1.3405661178E+08
           DelSqK = -2.6297279812E+09
           Stress_EigVals = -3.6260687107E+04 -3.6260546932E+04 -3.6260148403E+04
           Stress_EigVec1 =  8.3095799221E-01 -5.5633121562E-01 -2.0961160566E-03
           Stress_EigVec2 =  5.5182866487E-01  8.2469969666E-01 -1.2391745215E-01
           Stress_EigVec3 =  7.0667813066E-02  1.0181350031E-01  9.9229031606E-01
           -DivStress = -2.8665740541E+02  5.6471033859E+02 -3.8681251232E+01
           ESP =  -1.4734201425E+01     ESP at Nucleus =  -1.4734201433E+01
           ESPe = -2.7147318513E+01     ESPe at Nucleus = -2.7147318886E+01
           ESPn =  1.2413117088E+01     ESPn at Nucleus =  1.2413117453E+01

CP# 8      Coords =  5.44244085392202E+00 -2.67465573769347E+00  1.65911611275572E-01
           Type = (3,-3) NACP C8
           Rho =  1.1772857429E+02     Rho at Nucleus =  1.1772857403E+02
           GradRho = -1.4704619163E-09 -2.0339565660E-10  1.1642669357E-10
           HessRho_EigVals = -1.4504844321E+05 -1.4504629733E+05 -1.4504595601E+05
           HessRho_EigVec1 =  6.4040387531E-02  1.0312091718E-01  9.9260511041E-01
           HessRho_EigVec2 =  8.7737258439E-01  4.6812613497E-01 -1.0523910830E-01
           HessRho_EigVec3 = -4.7551674726E-01  8.7762406427E-01 -6.0496486516E-02
           DelSqRho = -4.3514069655E+05
           Bond Ellipticity = NA
           V = -1.0879500746E+05
           G =  4.9166601706E+00
           K =  1.0879009080E+05
           L =  1.0878517414E+05
           Vnuc =  3.1701171630E+06
           Ven = -3.7321337394E+08
           Vrep =  3.7310457893E+08
           DelSqV =  2.4959625728E+09
           DelSqVen =  1.3794470134E+12
           DelSqVrep = -1.3769510508E+12
           DelSqG =  1.3405019315E+08
           DelSqK = -2.6300127659E+09
           Stress_EigVals = -3.6265331832E+04 -3.6265267377E+04 -3.6264408248E+04
           Stress_EigVec1 =  9.7350781799E-01  2.1227988409E-01 -8.4969283407E-02
           Stress_EigVec2 = -2.1947795249E-01  9.7174106646E-01 -8.6883416880E-02
           Stress_EigVec3 =  6.4124540410E-02  1.0323056993E-01  9.9258827957E-01
           -DivStress =  1.5228325446E+03  2.2301060038E+02 -1.2309237362E+02
           ESP =  -1.4657271790E+01     ESP at Nucleus =  -1.4657271797E+01
           ESPe = -2.7106620939E+01     ESPe at Nucleus = -2.7106618351E+01
           ESPn =  1.2449349149E+01     ESPn at Nucleus =  1.2449346554E+01

CP# 9      Coords =  3.38976040322079E+00 -3.69678304790231E+00  4.05642679196122E-01
           Type = (3,-3) NACP O9
           Rho =  2.9031480874E+02     Rho at Nucleus =  2.9031477835E+02
           GradRho = -1.3555889104E-10 -7.8363692271E-11  7.9445517005E-12
           HessRho_EigVals = -6.4020198711E+05 -6.4019619620E+05 -6.4017699927E+05
           HessRho_EigVec1 =  6.5224176563E-02  1.0462594714E-01  9.9237050439E-01
           HessRho_EigVec2 =  8.9005441370E-01  4.4353486402E-01 -1.0526141295E-01
           HessRho_EigVec3 = -4.5116399175E-01  8.9012933643E-01 -6.4193589755E-02
           DelSqRho = -1.9205751826E+06
           Bond Ellipticity = NA
           V = -4.8023594873E+05
           G =  4.6076544300E+01
           K =  4.8018987219E+05
           L =  4.8014379564E+05
           Vnuc =  8.2109078855E+05
           Ven = -2.3837481524E+08
           Vrep =  2.3789457929E+08
           DelSqV =  1.9805148434E+10
           DelSqVen =  1.5769665905E+12
           DelSqVrep = -1.5571614425E+12
           DelSqG =  1.0591013005E+09
           DelSqK = -2.0864249735E+10
           Stress_EigVals = -1.6008230684E+05 -1.6007751986E+05 -1.6007612203E+05
           Stress_EigVec1 = -4.5235929389E-01  8.8953310994E-01 -6.4046198654E-02
           Stress_EigVec2 =  8.8947040302E-01  4.4476775364E-01 -1.0499546406E-01
           Stress_EigVec3 =  6.4911257773E-02  1.0446287211E-01  9.9240820077E-01
           -DivStress = -5.5245495527E+04 -2.9161622582E+04  6.6420343190E+03
           ESP =  -2.2325450861E+01     ESP at Nucleus =  -2.2325451991E+01
           ESPe = -3.3131911229E+01     ESPe at Nucleus = -3.3131899261E+01
           ESPn =  1.0806460368E+01     ESPn at Nucleus =  1.0806447270E+01

CP# 10     Coords =  4.24541453391002E+00  4.53087366015024E+00 -4.94767678454534E-01
           Type = (3,-3) NACP C10
           Rho =  1.1751173852E+02     Rho at Nucleus =  1.1751173844E+02
           GradRho = -1.4136119207E-10 -2.7402342298E-10  3.4775850937E-11
           HessRho_EigVals = -1.4479994150E+05 -1.4479966990E+05 -1.4479954920E+05
           HessRho_EigVec1 =  1.8157493896E-01  9.7705067159E-01 -1.1136663185E-01
           HessRho_EigVec2 =  4.9849006895E-02  1.0395844354E-01  9.9333162566E-01
           HessRho_EigVec3 =  9.8211283367E-01 -1.8591564529E-01 -2.9828757625E-02
           DelSqRho = -4.3439916060E+05
           Bond Ellipticity = NA
           V = -1.0861032320E+05
           G =  5.2665263146E+00
           K =  1.0860505668E+05
           L =  1.0859979015E+05
           Vnuc =  5.8434493476E+06
           Ven = -6.8667389177E+08
           Vrep =  6.8656528144E+08
           DelSqV =  2.4917596153E+09
           DelSqVen =  2.5383892419E+12
           DelSqVrep = -2.5358974822E+12
           DelSqG =  1.3384251463E+08
           DelSqK = -2.6256021299E+09
           Stress_EigVals = -3.6203496021E+04 -3.6203456174E+04 -3.6203371007E+04
           Stress_EigVec1 =  9.8492025018E-01 -1.6954241940E-01 -3.4459669423E-02
           Stress_EigVec2 =  5.2725508743E-02  1.0444235554E-01  9.9313232507E-01
           Stress_EigVec3 =  1.6477900813E-01  9.7997304167E-01 -1.1180660127E-01
           -DivStress =  2.7242053224E+02  7.7811250274E+02 -1.1475030373E+02
           ESP =  -1.4724425661E+01     ESP at Nucleus =  -1.4724425664E+01
           ESPe = -2.5331079300E+01     ESPe at Nucleus = -2.5331078038E+01
           ESPn =  1.0606653639E+01     ESPn at Nucleus =  1.0606652374E+01

CP# 11     Coords =  7.16531882573568E+00 -3.81935445573345E+00  1.73792770579410E-01
           Type = (3,-3) NACP H11
           Rho =  4.3114144790E-01     Rho at Nucleus =  4.2791216339E-01
           GradRho =  1.3102041153E-15  3.5284173857E-16 -5.9365151141E-17
           HessRho_EigVals = -6.6714574287E+00 -6.6600294021E+00 -6.0896588381E+00
           HessRho_EigVec1 =  5.5840329263E-01  8.2059437170E-01 -1.2169897257E-01
           HessRho_EigVec2 =  6.4208224975E-02  1.0350875938E-01  9.9255389807E-01
           HessRho_EigVec3 =  8.2708105203E-01 -5.6205943980E-01  5.1107240240E-03
           DelSqRho = -1.9421145669E+01
           Bond Ellipticity = NA
           V = -4.8641982632E+00
           G =  4.4559229917E-03
           K =  4.8597423402E+00
           L =  4.8552864172E+00
           Vnuc =  4.2704536847E+01
           Ven = -1.8411695848E+01
           Vrep =  1.3547497585E+01
           DelSqV =  7.3496201564E+02
           DelSqVen =  8.2937103083E+02
           DelSqVrep = -9.4409015191E+01
           DelSqG =  7.3276074123E+01
           DelSqK = -8.0823808976E+02
           Stress_EigVals = -1.6702919382E+00 -1.6672808505E+00 -1.5266254745E+00
           Stress_EigVec1 =  5.5915124135E-01  8.2015559958E-01 -1.2122162257E-01
           Stress_EigVec2 =  6.3934582654E-02  1.0312299458E-01  9.9261171519E-01
           Stress_EigVec3 =  8.2659679315E-01 -5.6277032657E-01  5.2250444585E-03
           -DivStress =  6.1694918193E+00 -4.2570817482E+00  4.5116089995E-02
           ESP =  -1.1032278470E+00     ESP at Nucleus =  -1.1054429076E+00
           ESPe = -1.2755281692E+01     ESPe at Nucleus = -1.2673476271E+01
           ESPn =  1.1652053845E+01     ESPn at Nucleus =  1.1568033364E+01

CP# 12     Coords = -6.05835250858575E+00  3.39566527001149E+00  1.09394486011315E+00
           Type = (3,-3) NACP H12
           Rho =  4.1700286557E-01     Rho at Nucleus =  4.1372864867E-01
           GradRho = -8.5332081784E-11 -1.6571944595E-09  7.5791310646E-11
           HessRho_EigVals = -6.3630958586E+00 -6.3620972058E+00 -5.8140942850E+00
           HessRho_EigVec1 =  6.4771067098E-01  1.4573474800E-03  7.6188500631E-01
           HessRho_EigVec2 = -7.6021216918E-01  6.7494187293E-02  6.4615941726E-01
           HessRho_EigVec3 =  5.0481130513E-02  9.9771860302E-01 -4.4824598628E-02
           DelSqRho = -1.8539287349E+01
           Bond Ellipticity = NA
           V = -4.6446685852E+00
           G =  4.9233739118E-03
           K =  4.6397452113E+00
           L =  4.6348218373E+00
           Vnuc =  4.2343727336E+01
           Ven = -1.7657455638E+01
           Vrep =  1.3012787053E+01
           DelSqV =  6.9982936613E+02
           DelSqVen =  7.8502253155E+02
           DelSqVrep = -8.5193165422E+01
           DelSqG =  6.9027807385E+01
           DelSqK = -7.6885717351E+02
           Stress_EigVals = -1.5945391996E+00 -1.5944650288E+00 -1.4556643567E+00
           Stress_EigVec1 =  6.9448318069E-01 -2.8310676107E-03  7.1950336816E-01
           Stress_EigVec2 = -7.1772321753E-01  6.7683582431E-02  6.9303125159E-01
           Stress_EigVec3 =  5.0660583858E-02  9.9770282035E-01 -4.4973186652E-02
           -DivStress =  3.8014835356E-01  7.3556845326E+00 -3.3758629380E-01
           ESP =  -1.1051630090E+00     ESP at Nucleus =  -1.1073523411E+00
           ESPe = -1.3297627699E+01     ESPe at Nucleus = -1.3219548635E+01
           ESPn =  1.2192464690E+01     ESPn at Nucleus =  1.2112196293E+01

CP# 13     Coords = -7.69230693689131E+00  9.29722258911609E-01  2.47575230075073E+00
           Type = (3,-3) NACP H13
           Rho =  4.1641466338E-01     Rho at Nucleus =  4.1312440351E-01
           GradRho = -8.6442083960E-16 -2.4228719682E-16  8.3846436196E-16
           HessRho_EigVals = -6.3534114906E+00 -6.3525058711E+00 -5.8032447912E+00
           HessRho_EigVec1 =  6.4353696935E-01  6.0682357789E-03  7.6539097564E-01
           HessRho_EigVec2 = -1.6296991039E-01  9.7812587117E-01  1.2926944133E-01
           HessRho_EigVec3 =  7.4786427738E-01  2.0792536321E-01 -6.3044909862E-01
           DelSqRho = -1.8509162153E+01
           Bond Ellipticity = NA
           V = -4.6371213498E+00
           G =  4.9154057850E-03
           K =  4.6322059440E+00
           L =  4.6272905382E+00
           Vnuc =  4.1891144207E+01
           Ven = -1.7444086713E+01
           Vrep =  1.2806965364E+01
           DelSqV =  6.9860040911E+02
           DelSqVen =  7.7536998090E+02
           DelSqVrep = -7.6769571789E+01
           DelSqG =  6.8901917636E+01
           DelSqK = -7.6750232675E+02
           Stress_EigVals = -1.5921309840E+00 -1.5920479703E+00 -1.4529423954E+00
           Stress_EigVec1 =  6.5059332110E-01 -4.0414782277E-02  7.5835016708E-01
           Stress_EigVec2 = -1.3245086257E-01  9.7723938152E-01  1.6571047104E-01
           Stress_EigVec3 =  7.4778680086E-01  2.0825425945E-01 -6.3043244196E-01
           -DivStress = -5.5207701311E+00 -1.5499588005E+00  4.6547538702E+00
           ESP =  -1.1053247847E+00     ESP at Nucleus =  -1.1075241162E+00
           ESPe = -1.2944460747E+01     ESPe at Nucleus = -1.2861574530E+01
           ESPn =  1.1839135962E+01     ESPn at Nucleus =  1.1754050414E+01

CP# 14     Coords =  2.07221263395002E+00  1.03532243907425E+00  2.70777347832594E-02
           Type = (3,-3) NACP H14
           Rho =  4.2207407180E-01     Rho at Nucleus =  4.1813613795E-01
           GradRho =  5.5231348158E-09  2.1282728174E-09 -6.2094213088E-10
           HessRho_EigVals = -6.4275126242E+00 -6.4210862261E+00 -5.8008945245E+00
           HessRho_EigVec1 = -3.6361309816E-01  9.2883907949E-01 -7.1017457482E-02
           HessRho_EigVec2 =  7.1549932793E-02  1.0385748699E-01  9.9201523653E-01
           HessRho_EigVec3 =  9.2879821380E-01  3.5562843927E-01 -1.0422231633E-01
           DelSqRho = -1.8649493375E+01
           Bond Ellipticity = NA
           V = -4.6714308978E+00
           G =  4.5287770406E-03
           K =  4.6669021207E+00
           L =  4.6623733437E+00
           Vnuc =  4.2266558998E+01
           Ven = -1.7839618657E+01
           Vrep =  1.3168187760E+01
           DelSqV =  7.0104242579E+02
           DelSqVen =  7.8824992101E+02
           DelSqVrep = -8.7207495224E+01
           DelSqG =  6.9028341059E+01
           DelSqK = -7.7007076684E+02
           Stress_EigVals = -1.6101793678E+00 -1.6087097303E+00 -1.4525417997E+00
           Stress_EigVec1 = -3.6196468495E-01  9.2962976712E-01 -6.9065642215E-02
           Stress_EigVec2 =  7.2377860910E-02  1.0189252455E-01  9.9215893822E-01
           Stress_EigVec3 =  9.2937775533E-01  3.5412767404E-01 -1.0416610953E-01
           -DivStress = -7.5379095310E+00 -2.9068962386E+00  8.4773628397E-01
           ESP =  -1.0969265057E+00     ESP at Nucleus =  -1.0995587107E+00
           ESPe = -1.5834283593E+01     ESPe at Nucleus = -1.5782660956E+01
           ESPn =  1.4737357087E+01     ESPn at Nucleus =  1.4683102245E+01

CP# 15     Coords =  7.78610327938602E+00  6.67629226237307E-01 -3.46956007520814E-01
           Type = (3,-3) NACP H15
           Rho =  4.2645356191E-01     Rho at Nucleus =  4.2284900789E-01
           GradRho = -1.2726862924E-09 -4.0601412642E-10  1.3291401305E-10
           HessRho_EigVals = -6.5123737617E+00 -6.5053280015E+00 -5.9179219724E+00
           HessRho_EigVec1 = -3.1145465836E-01  9.4714165357E-01 -7.6932982954E-02
           HessRho_EigVec2 =  7.0510918416E-02  1.0377123898E-01  9.9209865454E-01
           HessRho_EigVec3 =  9.4764139112E-01  3.0356913223E-01 -9.9103863648E-02
           DelSqRho = -1.8935623736E+01
           Bond Ellipticity = NA
           V = -4.7434124493E+00
           G =  4.7532577114E-03
           K =  4.7386591916E+00
           L =  4.7339059339E+00
           Vnuc =  4.1124651109E+01
           Ven = -1.7537753948E+01
           Vrep =  1.2794341499E+01
           DelSqV =  7.1370222286E+02
           DelSqVen =  7.7872092191E+02
           DelSqVrep = -6.5018699052E+01
           DelSqG =  7.0414253247E+01
           DelSqK = -7.8411647611E+02
           Stress_EigVals = -1.6311876928E+00 -1.6307474018E+00 -1.4814773548E+00
           Stress_EigVec1 = -3.0941875577E-01  9.4798247482E-01 -7.4761360422E-02
           Stress_EigVec2 =  7.1253656274E-02  1.0151176127E-01  9.9227933506E-01
           Stress_EigVec3 =  9.4825257714E-01  3.0170281695E-01 -9.8956860284E-02
           -DivStress =  7.4192759357E+00  2.3627280170E+00 -7.7441309722E-01
           ESP =  -1.0937839324E+00     ESP at Nucleus =  -1.0962235889E+00
           ESPe = -1.3198312962E+01     ESPe at Nucleus = -1.3111280820E+01
           ESPn =  1.2104529029E+01     ESPn at Nucleus =  1.2015057231E+01

CP# 16     Coords = -2.82951170767412E+00  5.75743318168298E-01  3.80492695377399E+00
