AIMSum (Version 19.02.13, Professional)
Copyright (c) 1997-2019 by Todd A. Keith
AIMSum is a component of the AIMAll package ( http://aim.tkgristmill.com )

TP:  64-bit Linux

Much of the Quantum Theory of Atoms in Molecules (QTAIM) is described in the book:
  "Atoms in Molecules - A Quantum Theory"
  R.F.W. Bader, Oxford University Press, Oxford, 1990

For additional references see:  http://aim.tkgristmill.com/references.html

Wfn File:  /home/mhennefarth/Documents/ML_Diels/summary-gordillo2006/7tx-opt/7tx-opt.wfn
Sum File:  /home/mhennefarth/Documents/ML_Diels/summary-gordillo2006/7tx-opt/7tx-opt.sum

SumViz File:  /home/mhennefarth/Documents/ML_Diels/summary-gordillo2006/7tx-opt/7tx-opt.sumviz

Wfn Title:   Title Card Required                                                           
 
Total memory allocated for AIMSum =        1.068 Megabytes

Atomic units (a.u.) used throughout, except where stated otherwise

Model:  Restricted SCF
 
Restricted, closed-shell, single-determinant wavefunction.
  Number of electrons (from MO Occs)                   =          74.0000000000
  Number of Alpha electrons (from MO Occs)             =          37.0000000000
  Number of Beta electrons (from MO Occs)              =          37.0000000000
  Number of electron pairs (N*(N-1)/2)                 =        2701.0000000000
  Number of electron pairs (from Muller 2EDM)          =        2701.0000000000
 
Nuclear Charges and Cartesian Coordinates:
-------------------------------------------------------------------------------
Atom      Charge                X                  Y                  Z
-------------------------------------------------------------------------------
C1         6.0           4.0978380000E+00  -1.7639315000E+00  -4.7298339000E-01
C2         6.0           3.8016945300E+00   3.9421329000E-01  -2.3034097300E+00
C3         6.0           3.9355247100E+00   2.6009758400E+00  -1.0259769300E+00
C4         6.0           4.3381395000E+00   2.0744990300E+00   1.6712753400E+00
C5         6.0           4.4490916800E+00  -4.4934416000E-01   2.0247550500E+00
C6         6.0          -5.2833536500E+00   1.1083428700E+00   2.0045719000E-01
C7         6.0          -5.2592240600E+00   3.9277264400E+00   6.6782600000E-03
C8         6.0          -3.2725931100E+00  -4.1123798000E-01  -9.9825280000E-02
C9         6.0          -3.5319656900E+00  -3.1599301000E+00   1.3865910000E-01
O10        8.0          -1.8129501500E+00  -4.6780241500E+00  -9.2653110000E-02
H11        1.0          -5.4825226700E+00  -3.8268866000E+00   5.6296976000E-01
H12        1.0          -1.4030744700E+00   3.3184350000E-01  -5.2792286000E-01
H13        1.0          -7.1072396000E+00   2.3968288000E-01   6.2566693000E-01
H14        1.0           5.7133862800E+00  -2.9833472500E+00  -9.5488198000E-01
H15        1.0           2.4240029600E+00  -3.0028733700E+00  -4.6017346000E-01
H16        1.0           3.5286511900E+00   1.5524695000E-01  -4.3200671100E+00
H17        1.0           4.7197961700E+00  -1.4307741900E+00   3.8025931800E+00
H18        1.0          -5.9073134300E+00   4.7895839500E+00   1.7801553600E+00
H19        1.0          -3.3714822100E+00   4.6513673200E+00  -4.2315507000E-01
H20        1.0          -6.5667980500E+00   4.5730766900E+00  -1.4704827800E+00
H21        1.0           3.7917272900E+00   4.4829913600E+00  -1.8310325100E+00
H22        1.0           4.5135561600E+00   3.5163995800E+00   3.1197776500E+00
 
Some Atomic Properties:
----------------------
  q(A) = Net Charge of Atom A
  L(A) = Lagrangian of Atom A = -(1/4) Times Atomic Integral of the Laplacian of the Electron Density
  K(A) = Electronic Kinetic Energy of Atom A (Hamiltonian Form)
  K_Scaled(A) = K(A) * E(Mol)/K(Mol) = Approximation to Virial-Based Total Energy of Atom A.
  |Mu_Intra(A)| = Magnitude of Intraatomic Dipole Moment of Atom A
--------------------------------------------------------------------------------------------------
Atom A          q(A)              L(A)              K(A)          K_Scaled(A)      |Mu_Intra(A)|
--------------------------------------------------------------------------------------------------
C1       -2.6916551400E-02 -9.3407824522E-06  3.7716132222E+01 -3.8085521004E+01  1.8140201119E-01
C2       -7.9025773400E-02 -1.9489113801E-05  3.7733898986E+01 -3.8103461774E+01  1.6738007469E-01
C3       -6.8799768200E-02 -3.6997554104E-05  3.7729900587E+01 -3.8099424215E+01  1.5062653318E-01
C4       -6.3110093300E-02  4.0478847490E-06  3.7728322397E+01 -3.8097830568E+01  1.5263049975E-01
C5       -7.0292190300E-02  5.1607434708E-05  3.7731004668E+01 -3.8100539109E+01  1.6671648821E-01
C6       -4.9167323800E-02  6.6067277604E-05  3.7722849762E+01 -3.8092304335E+01  4.6367383349E-02
C7       -1.8107276100E-02 -2.2330257399E-04  3.7684848301E+01 -3.8053930691E+01  1.1886782288E-01
C8       -4.7412038600E-02 -1.2577770531E-04  3.7755310842E+01 -3.8125083336E+01  1.3807449919E-01
C9        1.0126589664E+00  4.0711014157E-06  3.7033242854E+01 -3.7395943472E+01  8.9394036661E-01
O10      -1.1465988383E+00  9.8745695000E-06  7.5277190724E+01 -7.6014449508E+01  5.5006634064E-01
H11       1.8238294810E-02  1.5021278639E-05  6.0522569219E-01 -6.1115322420E-01  1.6928605173E-01
H12       8.3860030530E-02  4.5171788768E-05  5.7817297713E-01 -5.8383555701E-01  1.3667542467E-01
H13       4.0528749450E-02  1.7118012427E-05  5.9780683263E-01 -6.0366170492E-01  1.5292295641E-01
H14       4.1405231670E-02  3.1998599249E-05  5.8999710765E-01 -5.9577549213E-01  1.5193566692E-01
H15       9.7372452480E-02  2.5895271862E-05  5.6983041670E-01 -5.7541129022E-01  1.2412855739E-01
H16       4.6221711770E-02  2.1027481395E-05  5.9194231640E-01 -5.9773975209E-01  1.5058779975E-01
H17       4.7498659280E-02  2.0903593424E-05  5.9157655248E-01 -5.9737040591E-01  1.5035195427E-01
H18       3.5855119410E-02  2.4418281033E-05  5.9447453054E-01 -6.0029676653E-01  1.4980778361E-01
H19       3.4718941150E-02  3.0897357071E-05  5.9730737479E-01 -6.0315735544E-01  1.4781222476E-01
H20       3.5103596240E-02  2.2588192062E-05  5.9476898273E-01 -6.0059410257E-01  1.5001115932E-01
H21       3.7346821050E-02  1.6154816436E-05  5.9568472084E-01 -6.0151880934E-01  1.5163021593E-01
H22       3.8625258210E-02  2.1267341946E-05  5.9530468600E-01 -6.0113505247E-01  1.5135654497E-01
--------------------------------------------------------------------------------------------------
Total     3.9790500009E-06  1.3222552631E-05  4.2121479353E+02 -4.2534013752E+02
 
1st Largest |L(A)| = 2.2330257399E-04, atom C7      
2nd Largest |L(A)| = 1.2577770531E-04, atom C8      
 
Molecular charge q(Mol) from the wfn file:   0.0000000000E+00
Molecular energy E(Mol) from the wfn file:  -4.2534018516E+02
Molecular virial ratio (-V(Mol)/T(Mol)) from the wfn file:   2.0097939200E+00
Note.  K_Scaled(A) = (1+V(Mol)/T(Mol))*K(A) = (E(Mol)/T(Mol))*K(A)
       Only use K_Scaled(A) data with caution.
 
N_AIMInt(SumA)     =         73.999996
N_Analytic(Mol)    =         73.999986
 
G_AIMInt(SumA)     =        421.214780
G_Analytic(Mol)    =        421.214807
 
K_AIMInt(SumA)     =        421.214794
K_Analytic(Mol)    =        421.214807
 
L_AIMInt(SumA)     =          0.000013
L_Analytic(Mol)    =          0.000000
 
VenT_AIMInt(SumA)  =      -1913.437264
VenT_Analytic(Mol) =      -1913.437507
 
Some Information About the Atomic Calculations:
----------------------------------------------
  Time(sec) = "Elapsed User Time", in Seconds, for Atom A by AIMInt and, if used, by TWOe
  NProc = Number of Processors Used for AIMInt Job
  BIM = Basin Integration Method
  OAQ = Angular Quadrature Outside of Beta Sphere
  ORQ = Multiple of Default for Radial Quadrature Outside of Beta Sphere
  IAQ = Multiple of Default for Angular Quadrature Inside of Beta Sphere
  IRQ = Multiple of Default for Radial Quadrature Inside of Beta Sphere
  MIR = Maximum Integration Radius
------------------------------------------------------------------------------------------------------
Atom A     Time(sec)   NProc      BIM          OAQ                     ORQ      IAQ      IRQ      MIR
------------------------------------------------------------------------------------------------------
C1             26        8     Proaim(5)    4500(GS4)                  1.00     1.00     1.00    13.00
C2             41        8     Proaim(5)    4500(GS4)                  1.00     1.00     1.00    13.00
C3             31        8     Proaim(5)    4500(GS4)                  1.00     1.00     1.00    13.00
C4             21        8     Proaim(5)    4500(GS4)                  1.00     1.00     1.00    13.00
C5             21        8     Proaim(5)    4500(GS4)                  1.00     1.00     1.00    13.00
C6             30        8     Proaim(5)    4500(GS4)                  1.00     1.00     1.00    13.00
C7             29        8     Proaim(5)    4500(GS4)                  1.00     1.00     1.00    13.00
C8             34        8     Proaim(5)    4500(GS4)                  1.00     1.00     1.00    13.00
C9             22        8     Proaim(5)    4500(GS4)                  1.00     1.00     1.00    13.00
O10            15        8     Proaim(5)    4500(GS4)                  1.00     1.00     1.00    13.00
H11             7        8     Proaim(5)    1800(GS4)                  1.00     1.00     1.00    13.00
H12            24        8     Proaim(5)    4500(GS4)                  1.00     1.00     1.00    13.00
H13             7        8     Proaim(5)    1800(GS4)                  1.00     1.00     1.00    13.00
H14             6        8     Proaim(5)    1800(GS4)                  1.00     1.00     1.00    13.00
H15            13        8     Proaim(5)    4500(GS4)                  1.00     1.00     1.00    13.00
H16             6        8     Proaim(5)    1800(GS4)                  1.00     1.00     1.00    13.00
H17             5        8     Proaim(5)    1800(GS4)                  1.00     1.00     1.00    13.00
H18             5        8     Proaim(5)    1800(GS4)                  1.00     1.00     1.00    13.00
H19            10        8     Proaim(5)    1800(GS4)                  1.00     1.00     1.00    13.00
H20             5        8     Proaim(5)    1800(GS4)                  1.00     1.00     1.00    13.00
H21             6        8     Proaim(5)    1800(GS4)                  1.00     1.00     1.00    13.00
H22             6        8     Proaim(5)    1800(GS4)                  1.00     1.00     1.00    13.00
------------------------------------------------------------------------------------------------------
Total         370
Note:  Total wall clock time is less than total of atomic times if more than one atom
       was calculated at a time
 
Electron Density Critical Point Analysis of Molecular Structure:               
---------------------------------------------------------------                
  NACP = Nuclear Attractor Critical Point                                      
  NNACP = Non-Nuclear Attractor Critical Point                                 
  BCP = Bond Critical Point                                                    
  RCP = Ring Critical Point                                                    
  CCP = Cage Critical Point                                                    
  Rho = Electron Density                                                       
  GradRho = Gradient of Electron Density                                       
  HessRho_EigVals = Eigenvalues of the Hessian of Rho, Ascending Order         
  HessRho_EigVecs = Eigenvectors of the Hessian of Rho                         
  DelSqRho = Laplacian of Rho = Trace of Hessian of Rho                        
  Bond Ellipticity = (HessRho_EigVal(1) / HessRho_EigVal(2)) - 1               
  V = Virial Field = Potential Energy Density = Trace of Stress Tensor         
  G = Lagrangian Form of Kinetic Energy Density                                
  K = Hamiltonian Form of Kinetic Energy Density                               
  L = K - G = Lagrangian Density = (-1/4)DelSqRho                              
  Vnuc = Electrostatic Potential from Nuclei                                   
  Ven = Electron-nuclear attractive contribution to Virial Field V             
  Vrep = V - Ven = Repulsive contribution to Virial Field V                    
  DelSqV = Laplacian of V                                                      
  DelSqVen = Laplacian of Ven                                                  
  DelSqVrep = Laplacian of Vrep                                                
  DelSqG = Laplacian of G                                                      
  DelSqK = Laplacian of K                                                      
  Stress_EigVals = Eigenvalues of Stress Tensor, Ascending Order               
  Stress_EigVecs = Eigenvectors of Stress Tensor                               
  -DivStress = Ehrenfest Force Density = Minus Divergence of Stress Tensor     
  ESP = Total Electrostatic Potential                                          
  ESPe = Electrostatic Potential from Electrons                                
  ESPn = Electrostatic Potential from Nuclei                                   
  BP = Bond Path                                                               
  BPL = Bond Path Length                                                       
  GBL = Geometric Bond Length                                                  
  GBL_I = Distance Between Nuclear Attractors                                  
  GBL_II = Distance Between Nuclei                                             
  GBL_III = Sum of Distances Between BCP and Nuclear Attractors                
  GBL_IV = Sum of Distances Between BCP and Nuclei                             

CP# 1      Coords =  4.09783855816076E+00 -1.76393100401899E+00 -4.72983433187584E-01
           Type = (3,-3) NACP C1
           Rho =  1.1754913451E+02     Rho at Nucleus =  1.1754913447E+02
           GradRho =  1.4938672539E-11  6.3155052622E-11 -6.0444715571E-12
           HessRho_EigVals = -1.4485150593E+05 -1.4485127318E+05 -1.4485101121E+05
           HessRho_EigVec1 =  1.6745330206E-01 -2.1290071439E-01  9.6261761746E-01
           HessRho_EigVec2 =  8.5487996068E-01 -4.5498348369E-01 -2.4933969278E-01
           HessRho_EigVec3 =  4.9105971577E-01  8.6467526585E-01  1.0581606762E-01
           DelSqRho = -4.3455379032E+05
           Bond Ellipticity = NA
           V = -1.0864892445E+05
           G =  5.2384343625E+00
           K =  1.0864368602E+05
           L =  1.0863844758E+05
           Vnuc =  8.0221079645E+06
           Ven = -9.4299184822E+08
           Vrep =  9.4288319929E+08
           DelSqV =  2.4926477955E+09
           DelSqVen =  3.4860375736E+12
           DelSqVrep = -3.4835449258E+12
           DelSqG =  1.3389505915E+08
           DelSqK = -2.6265428546E+09
           Stress_EigVals = -3.6216393751E+04 -3.6216325418E+04 -3.6216205280E+04
           Stress_EigVec1 =  4.8930553849E-01  8.6602674137E-01  1.0284830202E-01
           Stress_EigVec2 =  8.5758471403E-01 -4.5636149249E-01 -2.3723963923E-01
           Stress_EigVec3 =  1.5851986708E-01 -2.0428380110E-01  9.6599150118E-01
           -DivStress = -4.5517004547E+02 -4.0572500147E+02  3.4653438508E+01
           ESP =  -1.4748645587E+01     ESP at Nucleus =  -1.4748645588E+01
           ESPe = -2.7989954718E+01     ESPe at Nucleus = -2.7989954390E+01
           ESPn =  1.3241309130E+01     ESPn at Nucleus =  1.3241308802E+01

CP# 2      Coords =  3.80169433551430E+00  3.94211983040757E-01 -2.30340987147831E+00
           Type = (3,-3) NACP C2
           Rho =  1.1768349335E+02     Rho at Nucleus =  1.1768349322E+02
           GradRho = -1.0666383575E-10 -5.1644668435E-10 -6.0614190750E-11
           HessRho_EigVals = -1.4501327625E+05 -1.4501261162E+05 -1.4501228050E+05
           HessRho_EigVec1 =  9.8840487718E-01  1.5852666431E-02 -1.5101156161E-01
           HessRho_EigVec2 =  1.2973014837E-01 -6.0497505067E-01  7.8560503860E-01
           HessRho_EigVec3 =  7.8904292516E-02  7.9608660398E-01  6.0001685942E-01
           DelSqRho = -4.3503816837E+05
           Bond Ellipticity = NA
           V = -1.0876977840E+05
           G =  5.1181524260E+00
           K =  1.0876466025E+05
           L =  1.0875954209E+05
           Vnuc =  4.5150152623E+06
           Ven = -5.3134276857E+08
           Vrep =  5.3123399879E+08
           DelSqV =  2.4954054511E+09
           DelSqVen =  1.9642038026E+12
           DelSqVrep = -1.9617084299E+12
           DelSqG =  1.3404028132E+08
           DelSqK = -2.6294457324E+09
           Stress_EigVals = -3.6256854958E+04 -3.6256663971E+04 -3.6256259469E+04
           Stress_EigVec1 =  1.0034608348E-01  6.1761376960E-01  7.8005377708E-01
           Stress_EigVec2 = -1.0191195557E-01  7.8626760495E-01 -6.0942366767E-01
           Stress_EigVec3 =  9.8971946371E-01  1.8343527637E-02 -1.4184110177E-01
           -DivStress =  1.5638481357E+02  1.0628667564E+03  1.0962783442E+02
           ESP =  -1.4754156202E+01     ESP at Nucleus =  -1.4754156216E+01
           ESPe = -2.7889736128E+01     ESPe at Nucleus = -2.7889736494E+01
           ESPn =  1.3135579926E+01     ESPn at Nucleus =  1.3135580278E+01

CP# 3      Coords =  3.93552467531311E+00  2.60097690971000E+00 -1.02597598018859E+00
           Type = (3,-3) NACP C3
           Rho =  1.1768142767E+02     Rho at Nucleus =  1.1768142752E+02
           GradRho = -3.0057819948E-11  4.7658070325E-10  4.3945858129E-10
           HessRho_EigVals = -1.4500717348E+05 -1.4500635905E+05 -1.4500606731E+05
           HessRho_EigVec1 =  9.9039064382E-01  3.0387134726E-02 -1.3491847421E-01
           HessRho_EigVec2 =  1.3686688926E-01 -3.5534680933E-01  9.2465999141E-01
           HessRho_EigVec3 =  1.9845081597E-02  9.3424047608E-01  3.5609114788E-01
           DelSqRho = -4.3501959984E+05
           Bond Ellipticity = NA
           V = -1.0876513998E+05
           G =  5.1200117078E+00
           K =  1.0876001997E+05
           L =  1.0875489996E+05
           Vnuc =  4.1930248990E+06
           Ven = -4.9344115638E+08
           Vrep =  4.9333239124E+08
           DelSqV =  2.4952955532E+09
           DelSqVen =  1.8240478904E+12
           DelSqVrep = -1.8215525949E+12
           DelSqG =  1.3403097471E+08
           DelSqK = -2.6293265279E+09
           Stress_EigVals = -3.6255306385E+04 -3.6255144101E+04 -3.6254689497E+04
           Stress_EigVec1 = -2.9600298542E-03  9.8844842057E-01  1.5152873687E-01
           Stress_EigVec2 =  1.3961822851E-01 -1.4963671526E-01  9.7883379780E-01
           Stress_EigVec3 =  9.9020098389E-01  2.4053551073E-02 -1.3756248831E-01
           -DivStress =  2.6031445420E+01 -8.6276281776E+02 -7.7403539259E+02
           ESP =  -1.4751902087E+01     ESP at Nucleus =  -1.4751902105E+01
           ESPe = -2.7666698955E+01     ESPe at Nucleus = -2.7666700060E+01
           ESPn =  1.2914796868E+01     ESPn at Nucleus =  1.2914797954E+01

CP# 4      Coords =  4.33813935177286E+00  2.07450042784636E+00  1.67127475549364E+00
           Type = (3,-3) NACP C4
           Rho =  1.1767286721E+02     Rho at Nucleus =  1.1767286704E+02
           GradRho = -7.2679079985E-11  7.2974736957E-10 -3.0729692131E-10
           HessRho_EigVals = -1.4499498278E+05 -1.4499423480E+05 -1.4499391367E+05
           HessRho_EigVec1 =  9.9079499601E-01  2.4323307785E-02 -1.3316776102E-01
           HessRho_EigVec2 =  1.3423293262E-01 -4.9244749371E-02  9.8972545408E-01
           HessRho_EigVec3 = -1.7515583827E-02  9.9849052642E-01  5.2056440192E-02
           DelSqRho = -4.3498313125E+05
           Bond Ellipticity = NA
           V = -1.0875603182E+05
           G =  5.1245038725E+00
           K =  1.0875090732E+05
           L =  1.0874578281E+05
           Vnuc =  3.9412504599E+06
           Ven = -4.6377824202E+08
           Vrep =  4.6366948598E+08
           DelSqV =  2.4950856228E+09
           DelSqVen =  1.7143774904E+12
           DelSqVrep = -1.7118823884E+12
           DelSqG =  1.3401821372E+08
           DelSqK = -2.6291038365E+09
           Stress_EigVals = -3.6252271643E+04 -3.6252098385E+04 -3.6251661791E+04
           Stress_EigVec1 =  1.0055405686E-02  9.7149178410E-01  2.3685987890E-01
           Stress_EigVec2 =  1.4062262465E-01 -2.3589172873E-01  9.6155102296E-01
           Stress_EigVec3 =  9.9001220510E-01  2.3639072221E-02 -1.3898571153E-01
           -DivStress =  1.1995427592E+02 -1.1304638123E+03  4.7969674592E+02
           ESP =  -1.4753936156E+01     ESP at Nucleus =  -1.4753936176E+01
           ESPe = -2.7537615870E+01     ESPe at Nucleus = -2.7537616877E+01
           ESPn =  1.2783679714E+01     ESPn at Nucleus =  1.2783680702E+01

CP# 5      Coords =  4.44909159532960E+00 -4.49345485942398E-01  2.02475468548707E+00
           Type = (3,-3) NACP C5
           Rho =  1.1767540761E+02     Rho at Nucleus =  1.1767540747E+02
           GradRho =  1.0037019826E-11 -5.6929040941E-10 -1.7170895088E-10
           HessRho_EigVals = -1.4500017304E+05 -1.4499948392E+05 -1.4499913603E+05
           HessRho_EigVec1 =  9.9204612798E-01  2.9154488933E-02 -1.2245201402E-01
           HessRho_EigVec2 =  1.0931682769E-01  2.8273694044E-01  9.5294787564E-01
           HessRho_EigVec3 = -6.2404416091E-02  9.5875431591E-01 -2.7730101076E-01
           DelSqRho = -4.3499879298E+05
           Bond Ellipticity = NA
           V = -1.0875992774E+05
           G =  5.1147477782E+00
           K =  1.0875481299E+05
           L =  1.0874969825E+05
           Vnuc =  4.3549773819E+06
           Ven = -5.1247373855E+08
           Vrep =  5.1236497862E+08
           DelSqV =  2.4951769959E+09
           DelSqVen =  1.8944099287E+12
           DelSqVrep = -1.8919147517E+12
           DelSqG =  1.3402510815E+08
           DelSqK = -2.6292021040E+09
           Stress_EigVals = -3.6253577223E+04 -3.6253380230E+04 -3.6252970289E+04
           Stress_EigVec1 = -8.9457590105E-02  8.6527074355E-01 -4.9325843118E-01
           Stress_EigVec2 =  1.0416786806E-01  5.0065615437E-01  8.5935584617E-01
           Stress_EigVec3 =  9.9052834126E-01  2.5494223862E-02 -1.3492090169E-01
           -DivStress =  6.9125160923E+01  1.0758673174E+03  3.0179230228E+02
           ESP =  -1.4755321045E+01     ESP at Nucleus =  -1.4755321060E+01
           ESPe = -2.7696930744E+01     ESPe at Nucleus = -2.7696931143E+01
           ESPn =  1.2941609699E+01     ESPn at Nucleus =  1.2941610083E+01

CP# 6      Coords = -5.28335454553512E+00  1.10834435702042E+00  2.00457276694442E-01
           Type = (3,-3) NACP C6
           Rho =  1.1771299274E+02     Rho at Nucleus =  1.1771299252E+02
           GradRho = -5.4264690744E-10  9.9582930700E-10  5.9738427855E-11
           HessRho_EigVals = -1.4504522226E+05 -1.4504362126E+05 -1.4504328702E+05
           HessRho_EigVec1 =  1.9606515920E-01  6.5581741423E-02  9.7839536412E-01
           HessRho_EigVec2 =  4.4482048325E-01  8.8324904640E-01 -1.4834372152E-01
           HessRho_EigVec3 =  8.7389541195E-01 -4.6429533406E-01 -1.4400226298E-01
           DelSqRho = -4.3513213055E+05
           Bond Ellipticity = NA
           V = -1.0879313886E+05
           G =  5.0531136592E+00
           K =  1.0878808575E+05
           L =  1.0878303264E+05
           Vnuc =  3.4522078307E+06
           Ven = -4.0636971532E+08
           Vrep =  4.0626092218E+08
           DelSqV =  2.4959347990E+09
           DelSqVen =  1.5021665485E+12
           DelSqVrep = -1.4996706137E+12
           DelSqG =  1.3406414147E+08
           DelSqK = -2.6299989404E+09
           Stress_EigVals = -3.6264707325E+04 -3.6264541307E+04 -3.6263890232E+04
           Stress_EigVec1 =  8.6565397089E-01 -4.8026710188E-01 -1.4137437369E-01
           Stress_EigVec2 =  4.6057175056E-01  8.7465443893E-01 -1.5117299708E-01
           Stress_EigVec3 =  1.9625714069E-01  6.5750462442E-02  9.7834554806E-01
           -DivStress =  7.2547912762E+02 -1.2139438242E+03 -6.9696352415E+01
           ESP =  -1.4705814428E+01     ESP at Nucleus =  -1.4705814447E+01
           ESPe = -2.7032475101E+01     ESPe at Nucleus = -2.7032476513E+01
           ESPn =  1.2326660673E+01     ESPn at Nucleus =  1.2326662065E+01

CP# 7      Coords = -5.25922445810158E+00  3.92772529803347E+00  6.67840824304236E-03
           Type = (3,-3) NACP C7
           Rho =  1.1751038999E+02     Rho at Nucleus =  1.1751038988E+02
           GradRho = -1.4378415358E-10 -3.8318389346E-10  4.9178366247E-11
           HessRho_EigVals = -1.4479827271E+05 -1.4479797991E+05 -1.4479782368E+05
           HessRho_EigVec1 =  4.7466383843E-02  9.9580341677E-01 -7.8246390041E-02
           HessRho_EigVec2 =  1.9718057333E-01  6.7452030747E-02  9.7804398932E-01
           HessRho_EigVec3 =  9.7921742423E-01 -6.1852879461E-02 -1.9315138466E-01
           DelSqRho = -4.3439407630E+05
           Bond Ellipticity = NA
           V = -1.0860904995E+05
           G =  5.2654383950E+00
           K =  1.0860378451E+05
           L =  1.0859851908E+05
           Vnuc =  4.9244190194E+06
           Ven = -5.7867039943E+08
           Vrep =  5.7856179038E+08
           DelSqV =  2.4917305181E+09
           DelSqVen =  2.1391386870E+12
           DelSqVrep = -2.1366469565E+12
           DelSqG =  1.3384090418E+08
           DelSqK = -2.6255714223E+09
           Stress_EigVals = -3.6203080714E+04 -3.6203030636E+04 -3.6202938601E+04
           Stress_EigVec1 =  9.7960151949E-01 -5.2916720383E-02 -1.9385737982E-01
           Stress_EigVec2 =  1.9718394948E-01  6.7235776480E-02  9.7805819890E-01
           Stress_EigVec3 =  3.8721480771E-02  9.9633286158E-01 -7.6298596723E-02
           -DivStress =  3.2263946720E+02  9.2598745478E+02 -1.2022436330E+02
           ESP =  -1.4721786236E+01     ESP at Nucleus =  -1.4721786239E+01
           ESPe = -2.5297534450E+01     ESPe at Nucleus = -2.5297533347E+01
           ESPn =  1.0575748214E+01     ESPn at Nucleus =  1.0575747108E+01

CP# 8      Coords = -3.27259361350039E+00 -4.11238622682706E-01 -9.98251307148827E-02
           Type = (3,-3) NACP C8
           Rho =  1.1771762038E+02     Rho at Nucleus =  1.1771762033E+02
           GradRho = -4.2276900730E-11 -9.4373855519E-11  2.2790264901E-11
           HessRho_EigVals = -1.4505984518E+05 -1.4505893292E+05 -1.4505868546E+05
           HessRho_EigVec1 =  1.9395084232E-01  6.3277130566E-02  9.7896837309E-01
           HessRho_EigVec2 =  3.2784608320E-01  9.3636152692E-01 -1.2547524308E-01
           HessRho_EigVec3 =  9.2460803398E-01 -3.4528697578E-01 -1.6086294745E-01
           DelSqRho = -4.3517746356E+05
           Bond Ellipticity = NA
           V = -1.0880473444E+05
           G =  5.1842771899E+00
           K =  1.0879955017E+05
           L =  1.0879436589E+05
           Vnuc =  7.2292454518E+06
           Ven = -8.5100957174E+08
           Vrep =  8.5090076701E+08
           DelSqV =  2.4962072921E+09
           DelSqVen =  3.1460057416E+12
           DelSqVrep = -3.1435096653E+12
           DelSqG =  1.3408780079E+08
           DelSqK = -2.6302950928E+09
           Stress_EigVals = -3.6268499119E+04 -3.6268360070E+04 -3.6267875253E+04
           Stress_EigVec1 =  9.1570406663E-01 -3.6908072417E-01 -1.5895119191E-01
           Stress_EigVec2 =  3.5070334504E-01  9.2709234835E-01 -1.3231379904E-01
           Stress_EigVec3 =  1.9619690654E-01  6.5415569149E-02  9.7838007808E-01
           -DivStress =  4.1249883367E+02  5.2251398664E+02 -1.2249750505E+02
           ESP =  -1.4734468524E+01     ESP at Nucleus =  -1.4734468524E+01
           ESPe = -2.8371832372E+01     ESPe at Nucleus = -2.8371832168E+01
           ESPn =  1.3637363848E+01     ESPn at Nucleus =  1.3637363644E+01

CP# 9      Coords = -3.53196388835476E+00 -3.15993100813147E+00  1.38658810102563E-01
           Type = (3,-3) NACP C9
           Rho =  1.1773929446E+02     Rho at Nucleus =  1.1773929416E+02
           GradRho =  1.6430406258E-09 -8.3137473652E-10 -2.6027145060E-10
           HessRho_EigVals = -1.4506223547E+05 -1.4506008185E+05 -1.4505985560E+05
           HessRho_EigVec1 =  1.9020689661E-01  6.5994563214E-02  9.7952338109E-01
           HessRho_EigVec2 =  7.8646158278E-01 -6.0743784902E-01 -1.1179194244E-01
           HessRho_EigVec3 =  5.8762191526E-01  7.9162110710E-01 -1.6744105678E-01
           DelSqRho = -4.3518217292E+05
           Bond Ellipticity = NA
           V = -1.0880537371E+05
           G =  4.9152417768E+00
           K =  1.0880045847E+05
           L =  1.0879554323E+05
           Vnuc =  2.9436419423E+06
           Ven = -3.4658232543E+08
           Vrep =  3.4647352005E+08
           DelSqV =  2.4962000694E+09
           DelSqVen =  1.2810204611E+12
           DelSqVrep = -1.2785242774E+12
           DelSqG =  1.3406356713E+08
           DelSqK = -2.6302636366E+09
           Stress_EigVals = -3.6268795541E+04 -3.6268706775E+04 -3.6267871399E+04
           Stress_EigVec1 = -7.7612338095E-01  6.2113283520E-01  1.0874970611E-01
           Stress_EigVec2 =  6.0118929720E-01  7.8089926675E-01 -1.6961062502E-01
           Stress_EigVec3 =  1.9027329416E-01  6.6259612346E-02  9.7949259175E-01
           -DivStress = -1.4710842248E+03  7.3655682357E+02  2.3698994951E+02
           ESP =  -1.4657902036E+01     ESP at Nucleus =  -1.4657902045E+01
           ESPe = -2.7807114824E+01     ESPe at Nucleus = -2.7807112836E+01
           ESPn =  1.3149212788E+01     ESPn at Nucleus =  1.3149210791E+01

CP# 10     Coords = -1.81295738396681E+00 -4.67801765798128E+00 -9.26521415857105E-02
           Type = (3,-3) NACP O10
           Rho =  2.9033892157E+02     Rho at Nucleus =  2.9033889102E+02
           GradRho = -4.0157979372E-11  2.5192220272E-11  2.0421304892E-12
           HessRho_EigVals = -6.4026167477E+05 -6.4025535028E+05 -6.4023604912E+05
           HessRho_EigVec1 =  1.9248641364E-01  6.5935627775E-02  9.7908195446E-01
           HessRho_EigVec2 =  7.5500887350E-01 -6.4727851208E-01 -1.0484335333E-01
           HessRho_EigVec3 =  6.2682579836E-01  7.5939648458E-01 -1.7437430347E-01
           DelSqRho = -1.9207530742E+06
           Bond Ellipticity = NA
           V = -4.8028033841E+05
           G =  4.6034934314E+01
           K =  4.8023430347E+05
           L =  4.8018826854E+05
           Vnuc =  8.1900916636E+05
           Ven = -2.3779023812E+08
           Vrep =  2.3730995778E+08
           DelSqV =  1.9806984255E+10
           DelSqVen =  1.5731143762E+12
           DelSqVrep = -1.5533073914E+12
           DelSqG =  1.0592101280E+09
           DelSqK = -2.0866194383E+10
           Stress_EigVals = -1.6009716573E+05 -1.6009234865E+05 -1.6009082403E+05
           Stress_EigVec1 =  6.2720181103E-01  7.5906997989E-01 -1.7444384158E-01
           Stress_EigVec2 =  7.5474114113E-01 -6.4764379267E-01 -1.0451472485E-01
           Stress_EigVec3 =  1.9231146126E-01  6.6108119353E-02  9.7910470248E-01
           -DivStress =  4.6693442243E+04 -4.1807665572E+04 -6.2568587065E+03
           ESP =  -2.2324891223E+01     ESP at Nucleus =  -2.2324892361E+01
           ESPe = -3.3183545733E+01     ESPe at Nucleus = -3.3183531381E+01
           ESPn =  1.0858654510E+01     ESPn at Nucleus =  1.0858639020E+01

CP# 11     Coords = -5.45310672319365E+00 -3.81620954273850E+00  5.56527655595084E-01
           Type = (3,-3) NACP H11
           Rho =  4.2942172127E-01     Rho at Nucleus =  4.2625414686E-01
           GradRho =  2.1499186979E-15 -2.5438771098E-16 -3.9549492967E-16
           HessRho_EigVals = -6.6439771535E+00 -6.6327912938E+00 -6.0706834752E+00
           HessRho_EigVec1 = -3.3326200720E-01  9.4283397972E-01 -7.2197088350E-04
           HessRho_EigVec2 =  1.8992053035E-01  6.7880913224E-02  9.7945003638E-01
           HessRho_EigVec3 =  9.2350778378E-01  3.2627636799E-01 -2.0168565885E-01
           DelSqRho = -1.9347451923E+01
           Bond Ellipticity = NA
           V = -4.8458586680E+00
           G =  4.4978436586E-03
           K =  4.8413608243E+00
           L =  4.8368629806E+00
           Vnuc =  4.3840972622E+01
           Ven = -1.8826265926E+01
           Vrep =  1.3980407258E+01
           DelSqV =  7.3240206586E+02
           DelSqVen =  8.4821111004E+02
           DelSqVrep = -1.1580904419E+02
           DelSqG =  7.3006793839E+01
           DelSqK = -8.0540885970E+02
           Stress_EigVals = -1.6633714913E+00 -1.6604710653E+00 -1.5220161114E+00
           Stress_EigVec1 = -3.3391704239E-01  9.4260231942E-01 -5.2557665241E-04
           Stress_EigVec2 =  1.8993973455E-01  6.7832307389E-02  9.7944967983E-01
           Stress_EigVec3 =  9.2326719104E-01  3.2695511237E-01 -2.0168799780E-01
           -DivStress = -6.8219936236E+00 -2.4770881905E+00  1.4940936267E+00
           ESP =  -1.1002604956E+00     ESP at Nucleus =  -1.1024292677E+00
           ESPe = -1.3642262465E+01     ESPe at Nucleus = -1.3561566025E+01
           ESPn =  1.2542001970E+01     ESPn at Nucleus =  1.2459136757E+01

CP# 12     Coords = -1.43580665610996E+00  3.19022606379299E-01 -5.20450723510569E-01
           Type = (3,-3) NACP H12
           Rho =  4.2015142417E-01     Rho at Nucleus =  4.1630534760E-01
           GradRho = -1.7472405212E-09 -6.8617249183E-10  3.9900988001E-10
           HessRho_EigVals = -6.4051569962E+00 -6.3989652627E+00 -5.7916457454E+00
           HessRho_EigVec1 = -3.6688845472E-01  9.3022214120E-01  8.9235539520E-03
           HessRho_EigVec2 =  1.9678536869E-01  6.8231469551E-02  9.7806951963E-01
           HessRho_EigVec3 =  9.0921305559E-01  3.6059843952E-01 -2.0808744545E-01
           DelSqRho = -1.8595768004E+01
           Bond Ellipticity = NA
           V = -4.6581112234E+00
           G =  4.5846111618E-03
           K =  4.6535266122E+00
           L =  4.6489420011E+00
           Vnuc =  4.3207871271E+01
           Ven = -1.8153848650E+01
           Vrep =  1.3495737426E+01
           DelSqV =  6.9955516003E+02
           DelSqVen =  8.0348355308E+02
           DelSqVrep = -1.0392839305E+02
           DelSqG =  6.8935733162E+01
           DelSqK = -7.6849089320E+02
           Stress_EigVals = -1.6042943726E+00 -1.6037730966E+00 -1.4500437543E+00
           Stress_EigVec1 = -3.6445986723E-01  9.3113160526E-01  1.2764751026E-02
           Stress_EigVec2 = -1.9830468972E-01 -6.4211900612E-02 -9.7803480605E-01
           Stress_EigVec3 =  9.0985947004E-01  3.5898574555E-01 -2.0805042484E-01
           -DivStress =  7.3021226075E+00  2.8598950532E+00 -1.6670407422E+00
           ESP =  -1.0961955828E+00     ESP at Nucleus =  -1.0988032424E+00
           ESPe = -1.6479059675E+01     ESPe at Nucleus = -1.6425978665E+01
           ESPn =  1.5382864093E+01     ESPn at Nucleus =  1.5327175422E+01

CP# 13     Coords = -7.07671365495835E+00  2.54313552976570E-01  6.18542889206989E-01
           Type = (3,-3) NACP H13
           Rho =  4.2717188692E-01     Rho at Nucleus =  4.2353421261E-01
           GradRho =  2.7027207173E-12  1.2965730276E-12 -6.3084711337E-13
           HessRho_EigVals = -6.5252972476E+00 -6.5186769844E+00 -5.9249665104E+00
           HessRho_EigVec1 = -4.2843574929E-01  9.0321893979E-01  2.5265698815E-02
           HessRho_EigVec2 = -1.9670579896E-01 -6.5941724322E-02 -9.7824256585E-01
           HessRho_EigVec3 =  8.8190114944E-01  4.2408399616E-01 -2.0592019526E-01
           DelSqRho = -1.8968940742E+01
           Bond Ellipticity = NA
           V = -4.7514549930E+00
           G =  4.6099037309E-03
           K =  4.7468450893E+00
           L =  4.7422351856E+00
           Vnuc =  4.1267505764E+01
           Ven = -1.7628318306E+01
           Vrep =  1.2876863313E+01
           DelSqV =  7.1479296801E+02
           DelSqVen =  7.8280087143E+02
           DelSqVrep = -6.8007903427E+01
           DelSqG =  7.0541766065E+01
           DelSqK = -7.8533473407E+02
           Stress_EigVals = -1.6346616235E+00 -1.6333875853E+00 -1.4834057842E+00
           Stress_EigVec1 = -4.2702579278E-01  9.0391512650E-01  2.4216035903E-02
           Stress_EigVec2 =  1.9639079135E-01  6.6570713872E-02  9.7826325553E-01
           Stress_EigVec3 =  8.8265487558E-01  4.2249944869E-01 -2.0594801887E-01
           -DivStress = -6.9426914074E+00 -3.3268462983E+00  1.6202093002E+00
           ESP =  -1.0847483937E+00     ESP at Nucleus =  -1.0871795015E+00
           ESPe = -1.3444263694E+01     ESPe at Nucleus = -1.3359970894E+01
           ESPn =  1.2359515300E+01     ESPn at Nucleus =  1.2272791392E+01

CP# 14     Coords =  5.68759003584039E+00 -2.96383083026156E+00 -9.47187202720184E-01
           Type = (3,-3) NACP H14
           Rho =  4.1588690222E-01     Rho at Nucleus =  4.1260464846E-01
           GradRho = -1.5734407795E-15  9.2882414271E-16  3.0335976786E-16
           HessRho_EigVals = -6.3472324649E+00 -6.3454831946E+00 -5.7983857413E+00
           HessRho_EigVec1 =  1.4052434237E-01 -1.9699780688E-01  9.7028077034E-01
           HessRho_EigVec2 =  6.1510206375E-01  7.8530207811E-01  7.0356927823E-02
           HessRho_EigVec3 =  7.7582366577E-01 -5.8693484324E-01 -2.3152781565E-01
           DelSqRho = -1.8491101401E+01
           Bond Ellipticity = NA
           V = -4.6326352338E+00
           G =  4.9299417946E-03
           K =  4.6277052920E+00
           L =  4.6227753502E+00
           Vnuc =  4.2765185038E+01
           Ven = -1.7785480328E+01
           Vrep =  1.3152845094E+01
           DelSqV =  6.9797374040E+02
           DelSqVen =  7.9077537296E+02
           DelSqVrep = -9.2801632561E+01
           DelSqG =  6.8854420832E+01
           DelSqK = -7.6682816123E+02
           Stress_EigVals = -1.5904823393E+00 -1.5904762132E+00 -1.4516766813E+00
           Stress_EigVec1 =  2.1712011413E-01 -9.6171336565E-02  9.7139586681E-01
           Stress_EigVec2 =  5.9258282888E-01  8.0377229871E-01 -5.2874216300E-02
           Stress_EigVec3 =  7.7569610477E-01 -5.8711256659E-01 -2.3150461591E-01
           -DivStress =  5.7201121579E+00 -4.3284251992E+00 -1.7063441707E+00
           ESP =  -1.1102768379E+00     ESP at Nucleus =  -1.1124713133E+00
           ESPe = -1.3800055589E+01     ESPe at Nucleus = -1.3712618980E+01
           ESPn =  1.2689778751E+01     ESPn at Nucleus =  1.2600147667E+01

CP# 15     Coords =  2.45214346781756E+00 -2.98216963482121E+00 -4.60434294614569E-01
           Type = (3,-3) NACP H15
           Rho =  4.0801791496E-01     Rho at Nucleus =  4.0448366022E-01
           GradRho =  5.6526887731E-15  4.2542839640E-15 -9.9150288674E-17
           HessRho_EigVals = -6.2080427929E+00 -6.2069329491E+00 -5.6406905390E+00
           HessRho_EigVec1 =  1.5577360395E-01 -1.9979540231E-01  9.6737602902E-01
           HessRho_EigVec2 = -5.7303821629E-01  7.7941741183E-01  2.5325027307E-01
           HessRho_EigVec3 =  8.0458796100E-01  5.9379314189E-01 -6.9222582613E-03
           DelSqRho = -1.8055666281E+01
           Bond Ellipticity = NA
           V = -4.5240729007E+00
           G =  5.0781652204E-03
           K =  4.5189947355E+00
           L =  4.5139165703E+00
           Vnuc =  4.3168836396E+01
           Ven = -1.7613658617E+01
           Vrep =  1.3089585717E+01
           DelSqV =  6.8005963604E+02
           DelSqVen =  7.7944210370E+02
           DelSqVrep = -9.9382467660E+01
           DelSqG =  6.6936782164E+01
           DelSqK = -7.4699641820E+02
           Stress_EigVals = -1.5556883713E+00 -1.5556039151E+00 -1.4127806143E+00
           Stress_EigVec1 =  1.4423158152E-01 -1.8401679518E-01  9.7228343089E-01
           Stress_EigVec2 = -5.7611749170E-01  7.8324456860E-01  2.3370190740E-01
           Stress_EigVec3 =  8.0454079241E-01  5.9385668713E-01 -6.9533083742E-03
           -DivStress = -6.0956489605E+00 -4.4842518929E+00  5.6680672162E-02
           ESP =  -1.1131048934E+00     ESP at Nucleus =  -1.1154944513E+00
           ESPe = -1.5659072266E+01     ESPe at Nucleus = -1.5601536785E+01
           ESPn =  1.4545967373E+01     ESPn at Nucleus =  1.4486042334E+01

CP# 16     Coords =  3.53331346367249E+00  1.59245555140301E-01 -4.28558472868698E+00
