AIMSum (Version 19.02.13, Professional)
Copyright (c) 1997-2019 by Todd A. Keith
AIMSum is a component of the AIMAll package ( http://aim.tkgristmill.com )

TP:  64-bit Linux

Much of the Quantum Theory of Atoms in Molecules (QTAIM) is described in the book:
  "Atoms in Molecules - A Quantum Theory"
  R.F.W. Bader, Oxford University Press, Oxford, 1990

For additional references see:  http://aim.tkgristmill.com/references.html

Wfn File:  /home/mhennefarth/Documents/ML_Diels/summary-gordillo2006/7tn-opt/7tn-opt.wfn
Sum File:  /home/mhennefarth/Documents/ML_Diels/summary-gordillo2006/7tn-opt/7tn-opt.sum

SumViz File:  /home/mhennefarth/Documents/ML_Diels/summary-gordillo2006/7tn-opt/7tn-opt.sumviz

Wfn Title:   Title Card Required                                                           
 
Total memory allocated for AIMSum =        1.068 Megabytes

Atomic units (a.u.) used throughout, except where stated otherwise

Model:  Restricted SCF
 
Restricted, closed-shell, single-determinant wavefunction.
  Number of electrons (from MO Occs)                   =          74.0000000000
  Number of Alpha electrons (from MO Occs)             =          37.0000000000
  Number of Beta electrons (from MO Occs)              =          37.0000000000
  Number of electron pairs (N*(N-1)/2)                 =        2701.0000000000
  Number of electron pairs (from Muller 2EDM)          =        2701.0000000000
 
Nuclear Charges and Cartesian Coordinates:
-------------------------------------------------------------------------------
Atom      Charge                X                  Y                  Z
-------------------------------------------------------------------------------
C1         6.0          -4.4438476700E+00  -1.5480165100E+00  -1.6492350600E+00
C2         6.0          -4.3518180100E+00   1.2074742200E+00  -1.9936942200E+00
C3         6.0          -4.2204876200E+00   2.3376078900E+00   2.8972113000E-01
C4         6.0          -4.2219009900E+00   3.4072117000E-01   2.3192210500E+00
C5         6.0          -4.3657507800E+00  -2.0900177100E+00   8.4311483000E-01
C6         6.0           3.2980193400E+00  -2.0062354200E+00  -1.8590303000E-01
C7         6.0           4.6887956800E+00   9.9255720000E-02   8.2824500000E-02
C8         6.0           3.5525164500E+00   2.6210272300E+00  -1.6538536000E-01
O9         8.0           4.7130955300E+00   4.5959755600E+00   6.9428020000E-02
C10        6.0           4.2660744400E+00  -4.6543314700E+00   2.7555790000E-02
H11        1.0           1.4928579200E+00   2.6209657900E+00  -5.9355481000E-01
H12        1.0          -2.5192032300E+00   4.3648695000E-01   3.5108640400E+00
H13        1.0          -5.8330734800E+00   5.5440670000E-01   3.6180499200E+00
H14        1.0           1.2846032600E+00  -1.8057601300E+00  -5.9291182000E-01
H15        1.0           6.7037900600E+00   3.0134520000E-02   4.9305584000E-01
H16        1.0          -4.4234985700E+00  -3.9493173300E+00   1.7016076100E+00
H17        1.0          -4.1354464900E+00   4.3493792800E+00   6.6494541000E-01
H18        1.0           6.2897968100E+00  -4.7083237900E+00   4.4819489000E-01
H19        1.0           3.2567357800E+00  -5.6868842500E+00   1.5185621400E+00
H20        1.0           3.9337439300E+00  -5.7002995800E+00  -1.7343061500E+00
H21        1.0          -4.3927005800E+00   2.1489355200E+00  -3.8149196900E+00
H22        1.0          -4.5719747600E+00  -2.9024388400E+00  -3.1843292800E+00
 
Some Atomic Properties:
----------------------
  q(A) = Net Charge of Atom A
  L(A) = Lagrangian of Atom A = -(1/4) Times Atomic Integral of the Laplacian of the Electron Density
  K(A) = Electronic Kinetic Energy of Atom A (Hamiltonian Form)
  K_Scaled(A) = K(A) * E(Mol)/K(Mol) = Approximation to Virial-Based Total Energy of Atom A.
  |Mu_Intra(A)| = Magnitude of Intraatomic Dipole Moment of Atom A
--------------------------------------------------------------------------------------------------
Atom A          q(A)              L(A)              K(A)          K_Scaled(A)      |Mu_Intra(A)|
--------------------------------------------------------------------------------------------------
C1       -6.1153263600E-02  1.6014540175E-04  3.7728995947E+01 -3.8097763304E+01  1.5510174726E-01
C2       -5.8189664500E-02 -1.1142474278E-04  3.7727160957E+01 -3.8095910378E+01  1.5937194663E-01
C3       -7.4371223000E-02 -1.4307389771E-04  3.7731536423E+01 -3.8100328611E+01  1.7810216361E-01
C4       -1.2683543100E-02  8.6877155022E-05  3.7704679789E+01 -3.8073209477E+01  1.4718088745E-01
C5       -7.8451022400E-02  6.0208652156E-05  3.7732353987E+01 -3.8101154165E+01  1.7254321504E-01
C6       -5.3769522500E-02 -2.5299345051E-05  3.7725333579E+01 -3.8094065139E+01  6.8724182523E-02
C7       -5.2416167200E-02 -7.2952288140E-05  3.7756165188E+01 -3.8125198100E+01  1.0488112525E-01
C8        1.0161692072E+00 -3.0686683081E-04  3.7030295839E+01 -3.7392234024E+01  8.9648040438E-01
O9       -1.1413245911E+00  3.0461314330E-05  7.5290279795E+01 -7.6026175272E+01  5.7077929244E-01
C10      -1.8623116800E-02 -1.1566499439E-04  3.7684409276E+01 -3.8052740837E+01  1.0937852924E-01
H11       2.8767228320E-02  1.3597793793E-05  6.0098796775E-01 -6.0686209026E-01  1.5903660129E-01
H12       4.5740141090E-02  2.9592587830E-05  5.8882082321E-01 -5.9457602270E-01  1.5091349044E-01
H13       4.7758142040E-02  2.2919948000E-05  5.8804797573E-01 -5.9379562133E-01  1.5046563977E-01
H14       5.9888815610E-02  3.2338729048E-05  5.8991585191E-01 -5.9568175434E-01  1.4264706842E-01
H15       5.6815386210E-02  3.0372241347E-05  5.8834523213E-01 -5.9409578315E-01  1.5098799487E-01
H16       4.9052832160E-02  1.9403336659E-05  5.9078045519E-01 -5.9655480835E-01  1.4993540334E-01
H17       5.6910672820E-02  2.2506560293E-05  5.8775196009E-01 -5.9349671240E-01  1.4809307095E-01
H18       2.7180169570E-02  3.0960543839E-05  6.0014750062E-01 -6.0601340830E-01  1.5021355451E-01
H19       3.3018615960E-02  2.2134649193E-05  5.9569226461E-01 -6.0151462633E-01  1.5058402243E-01
H20       3.4133309120E-02  2.3056543940E-05  5.9521193059E-01 -6.0102959748E-01  1.5029827445E-01
H21       4.9436623860E-02  2.0909319385E-05  5.9124903874E-01 -5.9702797188E-01  1.4869954479E-01
H22       4.5900707670E-02  1.9879468135E-05  5.9258538337E-01 -5.9837737809E-01  1.4939205144E-01
--------------------------------------------------------------------------------------------------
Total    -2.1026257000E-04 -1.4991785416E-04  4.2122074716E+02 -4.2533780508E+02
 
1st Largest |L(A)| = 3.0686683081E-04, atom C8      
2nd Largest |L(A)| = 1.6014540175E-04, atom C1      
 
Molecular charge q(Mol) from the wfn file:   0.0000000000E+00
Molecular energy E(Mol) from the wfn file:  -4.2533787080E+02
Molecular virial ratio (-V(Mol)/T(Mol)) from the wfn file:   2.0097741100E+00
Note.  K_Scaled(A) = (1+V(Mol)/T(Mol))*K(A) = (E(Mol)/T(Mol))*K(A)
       Only use K_Scaled(A) data with caution.
 
N_AIMInt(SumA)     =         74.000210
N_Analytic(Mol)    =         73.999986
 
G_AIMInt(SumA)     =        421.220897
G_Analytic(Mol)    =        421.220781
 
K_AIMInt(SumA)     =        421.220747
K_Analytic(Mol)    =        421.220781
 
L_AIMInt(SumA)     =         -0.000150
L_Analytic(Mol)    =          0.000000
 
VenT_AIMInt(SumA)  =      -1900.710366
VenT_Analytic(Mol) =      -1900.707844
 
Some Information About the Atomic Calculations:
----------------------------------------------
  Time(sec) = "Elapsed User Time", in Seconds, for Atom A by AIMInt and, if used, by TWOe
  NProc = Number of Processors Used for AIMInt Job
  BIM = Basin Integration Method
  OAQ = Angular Quadrature Outside of Beta Sphere
  ORQ = Multiple of Default for Radial Quadrature Outside of Beta Sphere
  IAQ = Multiple of Default for Angular Quadrature Inside of Beta Sphere
  IRQ = Multiple of Default for Radial Quadrature Inside of Beta Sphere
  MIR = Maximum Integration Radius
------------------------------------------------------------------------------------------------------
Atom A     Time(sec)   NProc      BIM          OAQ                     ORQ      IAQ      IRQ      MIR
------------------------------------------------------------------------------------------------------
C1             34        8     Proaim(5)    4500(GS4)                  1.00     1.00     1.00    13.00
C2             24        8     Proaim(5)    4500(GS4)                  1.00     1.00     1.00    13.00
C3             33        8     Proaim(5)    4500(GS4)                  1.00     1.00     1.00    13.00
C4             27        8     Proaim(5)    4500(GS4)                  1.00     1.00     1.00    13.00
C5             47        8     Proaim(5)    4500(GS4)                  1.00     1.00     1.00    13.00
C6             29        8     Proaim(5)    4500(GS4)                  1.00     1.00     1.00    13.00
C7             24        8     Proaim(5)    4500(GS4)                  1.00     1.00     1.00    13.00
C8             20        8     Proaim(5)    4500(GS4)                  1.00     1.00     1.00    13.00
O9              8        8     Proaim(5)    2700(GS4)                  1.00     1.00     1.00    13.00
C10            26        8     Proaim(5)    4500(GS4)                  1.00     1.00     1.00    13.00
H11            16        8     Proaim(5)    4500(GS4)                  1.00     1.00     1.00    13.00
H12             7        8     Proaim(5)    1800(GS4)                  1.00     1.00     1.00    13.00
H13             5        8     Proaim(5)    1800(GS4)                  1.00     1.00     1.00    13.00
H14            21        8     Proaim(5)    4500(GS4)                  1.00     1.00     1.00    13.00
H15             6        8     Proaim(5)    1800(GS4)                  1.00     1.00     1.00    13.00
H16             7        8     Proaim(5)    1800(GS4)                  1.00     1.00     1.00    13.00
H17             5        8     Proaim(5)    1800(GS4)                  1.00     1.00     1.00    13.00
H18             6        8     Proaim(5)    1800(GS4)                  1.00     1.00     1.00    13.00
H19             7        8     Proaim(5)    1800(GS4)                  1.00     1.00     1.00    13.00
H20             5        8     Proaim(5)    1800(GS4)                  1.00     1.00     1.00    13.00
H21             5        8     Proaim(5)    1800(GS4)                  1.00     1.00     1.00    13.00
H22             5        8     Proaim(5)    1800(GS4)                  1.00     1.00     1.00    13.00
------------------------------------------------------------------------------------------------------
Total         367
Note:  Total wall clock time is less than total of atomic times if more than one atom
       was calculated at a time
 
Electron Density Critical Point Analysis of Molecular Structure:               
---------------------------------------------------------------                
  NACP = Nuclear Attractor Critical Point                                      
  NNACP = Non-Nuclear Attractor Critical Point                                 
  BCP = Bond Critical Point                                                    
  RCP = Ring Critical Point                                                    
  CCP = Cage Critical Point                                                    
  Rho = Electron Density                                                       
  GradRho = Gradient of Electron Density                                       
  HessRho_EigVals = Eigenvalues of the Hessian of Rho, Ascending Order         
  HessRho_EigVecs = Eigenvectors of the Hessian of Rho                         
  DelSqRho = Laplacian of Rho = Trace of Hessian of Rho                        
  Bond Ellipticity = (HessRho_EigVal(1) / HessRho_EigVal(2)) - 1               
  V = Virial Field = Potential Energy Density = Trace of Stress Tensor         
  G = Lagrangian Form of Kinetic Energy Density                                
  K = Hamiltonian Form of Kinetic Energy Density                               
  L = K - G = Lagrangian Density = (-1/4)DelSqRho                              
  Vnuc = Electrostatic Potential from Nuclei                                   
  Ven = Electron-nuclear attractive contribution to Virial Field V             
  Vrep = V - Ven = Repulsive contribution to Virial Field V                    
  DelSqV = Laplacian of V                                                      
  DelSqVen = Laplacian of Ven                                                  
  DelSqVrep = Laplacian of Vrep                                                
  DelSqG = Laplacian of G                                                      
  DelSqK = Laplacian of K                                                      
  Stress_EigVals = Eigenvalues of Stress Tensor, Ascending Order               
  Stress_EigVecs = Eigenvectors of Stress Tensor                               
  -DivStress = Ehrenfest Force Density = Minus Divergence of Stress Tensor     
  ESP = Total Electrostatic Potential                                          
  ESPe = Electrostatic Potential from Electrons                                
  ESPn = Electrostatic Potential from Nuclei                                   
  BP = Bond Path                                                               
  BPL = Bond Path Length                                                       
  GBL = Geometric Bond Length                                                  
  GBL_I = Distance Between Nuclear Attractors                                  
  GBL_II = Distance Between Nuclei                                             
  GBL_III = Sum of Distances Between BCP and Nuclear Attractors                
  GBL_IV = Sum of Distances Between BCP and Nuclei                             

CP# 1      Coords = -4.44384752613184E+00 -1.54801588156959E+00 -1.64923624739227E+00
           Type = (3,-3) NACP C1
           Rho =  1.1768505270E+02     Rho at Nucleus =  1.1768505257E+02
           GradRho =  4.0490764387E-11  2.4221388030E-10 -4.9069532720E-10
           HessRho_EigVals = -1.4501191229E+05 -1.4501105069E+05 -1.4501075675E+05
           HessRho_EigVec1 =  9.9842802624E-01 -4.6782614859E-02 -3.0868485034E-02
           HessRho_EigVec2 =  4.6378362459E-02  9.9883020147E-01 -1.3684887145E-02
           HessRho_EigVec3 =  3.1472589930E-02  1.2231745074E-02  9.9942976767E-01
           DelSqRho = -4.3503371973E+05
           Bond Ellipticity = NA
           V = -1.0876867601E+05
           G =  5.1230404035E+00
           K =  1.0876355297E+05
           L =  1.0875842993E+05
           Vnuc =  4.4407755530E+06
           Ven = -5.2261290498E+08
           Vrep =  5.2250413630E+08
           DelSqV =  2.4953765594E+09
           DelSqVen =  1.9318873129E+12
           DelSqVrep = -1.9293920019E+12
           DelSqG =  1.3403551902E+08
           DelSqK = -2.6294120785E+09
           Stress_EigVals = -3.6256492059E+04 -3.6256324490E+04 -3.6255859464E+04
           Stress_EigVec1 =  4.4889956525E-02  1.9067907407E-01  9.8062550574E-01
           Stress_EigVec2 =  3.6696280086E-02  9.8063780812E-01 -1.9236130670E-01
           Stress_EigVec3 =  9.9831772239E-01 -4.4620398913E-02 -3.7023575865E-02
           -DivStress = -1.1637863739E+02 -5.1489455945E+02  9.5965386568E+02
           ESP =  -1.4738361091E+01     ESP at Nucleus =  -1.4738361107E+01
           ESPe = -2.7560725454E+01     ESPe at Nucleus = -2.7560726241E+01
           ESPn =  1.2822364364E+01     ESPn at Nucleus =  1.2822365134E+01

CP# 2      Coords = -4.35181800272253E+00  1.20747317242754E+00 -1.99369518472944E+00
           Type = (3,-3) NACP C2
           Rho =  1.1767915578E+02     Rho at Nucleus =  1.1767915563E+02
           GradRho = -2.0087835909E-11 -4.8025650310E-10 -4.5379214699E-10
           HessRho_EigVals = -1.4500304158E+05 -1.4500220651E+05 -1.4500188683E+05
           HessRho_EigVec1 =  9.9867719808E-01 -3.7225798995E-02 -3.5469619638E-02
           HessRho_EigVec2 =  2.9525567084E-02  9.7993200076E-01 -1.9713324116E-01
           HessRho_EigVec3 =  4.2096257748E-02  1.9582521229E-01  9.7973485766E-01
           DelSqRho = -4.3500713492E+05
           Bond Ellipticity = NA
           V = -1.0876203273E+05
           G =  5.1244997536E+00
           K =  1.0875690823E+05
           L =  1.0875178373E+05
           Vnuc =  4.2130930232E+06
           Ven = -4.9579323020E+08
           Vrep =  4.9568446817E+08
           DelSqV =  2.4952229977E+09
           DelSqVen =  1.8327254958E+12
           DelSqVrep = -1.8302302892E+12
           DelSqG =  1.3402581915E+08
           DelSqK = -2.6292488168E+09
           Stress_EigVals = -3.6254281338E+04 -3.6254104036E+04 -3.6253647355E+04
           Stress_EigVec1 =  3.9327939229E-02  4.2018439001E-02  9.9834250835E-01
           Stress_EigVec2 =  3.4746618996E-02  9.9845371219E-01 -4.3391901035E-02
           Stress_EigVec3 =  9.9862204345E-01 -3.6395540812E-02 -3.7807128226E-02
           -DivStress = -5.1570048355E+00  8.5386314759E+02  7.7766406362E+02
           ESP =  -1.4739877427E+01     ESP at Nucleus =  -1.4739877444E+01
           ESPe = -2.7576212675E+01     ESPe at Nucleus = -2.7576213384E+01
           ESPn =  1.2836335247E+01     ESPn at Nucleus =  1.2836335940E+01

CP# 3      Coords = -4.22048740770514E+00  2.33760771820028E+00  2.89722649448520E-01
           Type = (3,-3) NACP C3
           Rho =  1.1767977285E+02     Rho at Nucleus =  1.1767977268E+02
           GradRho =  1.5183443894E-10 -7.4645367278E-11  8.0729994911E-10
           HessRho_EigVals = -1.4500714948E+05 -1.4500652813E+05 -1.4500613555E+05
           HessRho_EigVec1 =  9.9815832241E-01 -4.1007475892E-02 -4.4702911710E-02
           HessRho_EigVec2 =  4.2326222206E-03  7.8219254891E-01 -6.2302239233E-01
           HessRho_EigVec3 =  6.0514860188E-02  6.2168577541E-01  7.8092557158E-01
           DelSqRho = -4.3501981316E+05
           Bond Ellipticity = NA
           V = -1.0876519715E+05
           G =  5.1219321297E+00
           K =  1.0876007522E+05
           L =  1.0875495329E+05
           Vnuc =  3.8865351673E+06
           Ven = -4.5736657567E+08
           Vrep =  4.5725781047E+08
           DelSqV =  2.4952990381E+09
           DelSqVen =  1.6907199447E+12
           DelSqVrep = -1.6882246457E+12
           DelSqG =  1.3403313002E+08
           DelSqK = -2.6293321682E+09
           Stress_EigVals = -3.6255340002E+04 -3.6255123446E+04 -3.6254733707E+04
           Stress_EigVec1 =  5.5311714307E-02  7.5672363221E-01  6.5139078802E-01
           Stress_EigVec2 =  7.2759002557E-03 -6.5267765882E-01  7.5760077545E-01
           Stress_EigVec3 =  9.9844262506E-01 -3.7164743249E-02 -4.1606565868E-02
           -DivStress = -1.7245057856E+02  1.4501365592E+02 -1.2348466054E+03
           ESP =  -1.4740851389E+01     ESP at Nucleus =  -1.4740851406E+01
           ESPe = -2.7644480870E+01     ESPe at Nucleus = -2.7644481094E+01
           ESPn =  1.2903629480E+01     ESPn at Nucleus =  1.2903629688E+01

CP# 4      Coords = -4.22190098395456E+00  3.40721109637681E-01  2.31922104749801E+00
           Type = (3,-3) NACP C4
           Rho =  1.1754022695E+02     Rho at Nucleus =  1.1754022695E+02
           GradRho =  1.9459069930E-11  3.3540805224E-13 -8.4509518634E-12
           HessRho_EigVals = -1.4483640950E+05 -1.4483626644E+05 -1.4483606801E+05
           HessRho_EigVec1 =  1.3885653741E-02  9.9467097452E-01 -1.0216085881E-01
           HessRho_EigVec2 =  9.9853135079E-01 -1.9144948072E-02 -5.0681480459E-02
           HessRho_EigVec3 =  5.2367261895E-02  1.0130707486E-01  9.9347599189E-01
           DelSqRho = -4.3450874394E+05
           Bond Ellipticity = NA
           V = -1.0863763966E+05
           G =  5.2268356441E+00
           K =  1.0863241282E+05
           L =  1.0862718599E+05
           Vnuc =  9.8820963400E+07
           Ven = -1.1615438465E+10
           Vrep =  1.1615329827E+10
           DelSqV =  2.4923857747E+09
           DelSqVen =  4.2940009284E+13
           DelSqVrep = -4.2938590640E+13
           DelSqG =  1.3387717075E+08
           DelSqK = -2.6262629454E+09
           Stress_EigVals = -3.6212614258E+04 -3.6212559361E+04 -3.6212466038E+04
           Stress_EigVec1 =  5.2018906758E-02  1.0842040957E-01  9.9274319344E-01
           Stress_EigVec2 =  9.9839239457E-01 -2.8052514183E-02 -4.9251222398E-02
           Stress_EigVec3 =  2.2509104810E-02  9.9370924884E-01 -1.0970537345E-01
           -DivStress = -4.4827838525E+00  4.9204378003E+01  4.1293335407E+00
           ESP =  -1.4726704114E+01     ESP at Nucleus =  -1.4726704114E+01
           ESPe = -2.7540073633E+01     ESPe at Nucleus = -2.7540073617E+01
           ESPn =  1.2813369519E+01     ESPn at Nucleus =  1.2813369502E+01

CP# 5      Coords = -4.36575059384027E+00 -2.09001732668137E+00  8.43116268799175E-01
           Type = (3,-3) NACP C5
           Rho =  1.1767673911E+02     Rho at Nucleus =  1.1767673894E+02
           GradRho =  1.4625254095E-10  1.8250176012E-10  7.2472786616E-10
           HessRho_EigVals = -1.4500326254E+05 -1.4500266163E+05 -1.4500228545E+05
           HessRho_EigVec1 =  9.9701854469E-01 -5.2167890687E-02 -5.6855366648E-02
           HessRho_EigVec2 =  6.9449064790E-02  9.2780100797E-01  3.6655438480E-01
           HessRho_EigVec3 =  3.3628097407E-02 -3.6941007133E-01  9.2865782195E-01
           DelSqRho = -4.3500820962E+05
           Bond Ellipticity = NA
           V = -1.0876229214E+05
           G =  5.1198680077E+00
           K =  1.0875717227E+05
           L =  1.0875205241E+05
           Vnuc =  3.9984744706E+06
           Ven = -4.7052743710E+08
           Vrep =  4.7041867481E+08
           DelSqV =  2.4952325455E+09
           DelSqVen =  1.7393691525E+12
           DelSqVrep = -1.7368739855E+12
           DelSqG =  1.3402946704E+08
           DelSqK = -2.6292620125E+09
           Stress_EigVals = -3.6254364421E+04 -3.6254156963E+04 -3.6253770758E+04
           Stress_EigVec1 =  1.1803385342E-02 -5.6019848004E-01  8.2827431631E-01
           Stress_EigVec2 =  6.4578649975E-02  8.2702980429E-01  5.5843647873E-01
           Stress_EigVec3 =  9.9784281230E-01 -4.6897396209E-02 -4.5938613028E-02
           -DivStress = -1.5051164367E+02 -3.1699879377E+02 -1.1680355166E+03
           ESP =  -1.4738998175E+01     ESP at Nucleus =  -1.4738998192E+01
           ESPe = -2.7595578527E+01     ESPe at Nucleus = -2.7595578975E+01
           ESPn =  1.2856580352E+01     ESPn at Nucleus =  1.2856580783E+01

CP# 6      Coords =  3.29801934320867E+00 -2.00623719281183E+00 -1.85903016412609E-01
           Type = (3,-3) NACP C6
           Rho =  1.1771520203E+02     Rho at Nucleus =  1.1771520180E+02
           GradRho = -2.5564747368E-11 -1.1927730678E-09  8.3775532084E-12
           HessRho_EigVals = -1.4504981522E+05 -1.4504819063E+05 -1.4504785066E+05
           HessRho_EigVec1 = -2.0019485046E-01  8.3908577262E-03  9.7972017197E-01
           HessRho_EigVec2 = -5.8884012069E-01  7.9818413179E-01 -1.2715897147E-01
           HessRho_EigVec3 = -7.8306406770E-01 -6.0235511558E-01 -1.5485147923E-01
           DelSqRho = -4.3514585651E+05
           Bond Ellipticity = NA
           V = -1.0879658059E+05
           G =  5.0582325206E+00
           K =  1.0879152236E+05
           L =  1.0878646413E+05
           Vnuc =  3.3843619754E+06
           Ven = -3.9839085368E+08
           Vrep =  3.9828205710E+08
           DelSqV =  2.4960153481E+09
           DelSqVen =  1.4726910935E+12
           DelSqVrep = -1.4701950782E+12
           DelSqG =  1.3407024309E+08
           DelSqK = -2.6300855912E+09
           Stress_EigVals = -3.6265856457E+04 -3.6265691103E+04 -3.6265033033E+04
           Stress_EigVec1 =  7.2931434837E-01  6.6901008008E-01  1.4326930591E-01
           Stress_EigVec2 =  6.5448155277E-01 -7.4321536125E-01  1.3886980910E-01
           Stress_EigVec3 = -1.9938525106E-01  7.5126265357E-03  9.7989238292E-01
           -DivStress = -7.0874519017E+00  1.4452940695E+03 -1.1587474272E+01
           ESP =  -1.4713185400E+01     ESP at Nucleus =  -1.4713185418E+01
           ESPe = -2.7690815784E+01     ESPe at Nucleus = -2.7690816823E+01
           ESPn =  1.2977630385E+01     ESPn at Nucleus =  1.2977631405E+01

CP# 7      Coords =  4.68879547074978E+00  9.92559569737485E-02  8.28244470501232E-02
           Type = (3,-3) NACP C7
           Rho =  1.1771904584E+02     Rho at Nucleus =  1.1771904583E+02
           GradRho = -5.7847263438E-11  4.6607162574E-12 -1.2399541029E-12
           HessRho_EigVals = -1.4506120820E+05 -1.4506035281E+05 -1.4506009379E+05
           HessRho_EigVec1 = -1.9943225586E-01  4.2536788964E-03  9.7990238368E-01
           HessRho_EigVec2 =  8.2869008105E-01 -5.3295570537E-01  1.7097065738E-01
           HessRho_EigVec3 =  5.2297182036E-01  8.4613244964E-01  1.0276357708E-01
           DelSqRho = -4.3518165479E+05
           Bond Ellipticity = NA
           V = -1.0880576520E+05
           G =  5.1757501062E+00
           K =  1.0880058945E+05
           L =  1.0879541370E+05
           Vnuc =  1.8718424687E+07
           Ven = -2.2035150938E+09
           Vrep =  2.2034062880E+09
           DelSqV =  2.4962305826E+09
           DelSqVen =  8.1459255706E+12
           DelSqVrep = -8.1434293400E+12
           DelSqG =  1.3408874287E+08
           DelSqK = -2.6303193255E+09
           Stress_EigVals = -3.6268839064E+04 -3.6268697724E+04 -3.6268228410E+04
           Stress_EigVec1 =  6.2537969224E-01  7.7060573272E-01  1.2274789295E-01
           Stress_EigVec2 =  7.5447586576E-01 -6.3728812336E-01  1.5693952915E-01
           Stress_EigVec3 = -1.9916427520E-01  5.5364716352E-03  9.7995047781E-01
           -DivStress =  1.7288086380E+02 -1.9170986415E+02  4.3812637047E+01
           ESP =  -1.4738342158E+01     ESP at Nucleus =  -1.4738342158E+01
           ESPe = -2.7641881197E+01     ESPe at Nucleus = -2.7641880963E+01
           ESPn =  1.2903539039E+01     ESPn at Nucleus =  1.2903538805E+01

CP# 8      Coords =  3.55251804444062E+00  2.62102837732513E+00 -1.65385044520303E-01
           Type = (3,-3) NACP C8
           Rho =  1.1774320419E+02     Rho at Nucleus =  1.1774320390E+02
           GradRho =  1.3831682154E-09  1.0053323235E-09  2.6940859352E-10
           HessRho_EigVals = -1.4506919439E+05 -1.4506705849E+05 -1.4506682859E+05
           HessRho_EigVec1 = -2.0485810401E-01  3.7217037030E-03  9.7878460661E-01
           HessRho_EigVec2 =  3.7085507179E-01  9.2572986947E-01  7.4099422996E-02
           HessRho_EigVec3 =  9.0581437003E-01 -3.7816710286E-01  1.9102347858E-01
           DelSqRho = -4.3520308147E+05
           Bond Ellipticity = NA
           V = -1.0881060105E+05
           G =  4.9153393555E+00
           K =  1.0880568571E+05
           L =  1.0880077037E+05
           Vnuc =  3.0158413651E+06
           Ven = -3.5509482565E+08
           Vrep =  3.5498601505E+08
           DelSqV =  2.4963218179E+09
           DelSqVen =  1.3125034476E+12
           DelSqVrep = -1.3100071094E+12
           DelSqG =  1.3407214946E+08
           DelSqK = -2.6303939674E+09
           Stress_EigVals = -3.6270543247E+04 -3.6270440966E+04 -3.6269616834E+04
           Stress_EigVec1 =  6.7084536616E-01  7.2878516336E-01  1.3725407233E-01
           Stress_EigVec2 =  7.1285581915E-01 -6.8473159708E-01  1.5158898728E-01
           Stress_EigVec3 = -2.0445800501E-01  3.8504055172E-03  9.7886776357E-01
           -DivStress = -1.3031957680E+03 -9.3295606836E+02 -2.5764983141E+02
           ESP =  -1.4668509643E+01     ESP at Nucleus =  -1.4668509651E+01
           ESPe = -2.7874275987E+01     ESPe at Nucleus = -2.7874275283E+01
           ESPn =  1.3205766344E+01     ESPn at Nucleus =  1.3205765632E+01

CP# 9      Coords =  4.71309035812971E+00  4.59596715615102E+00  6.94269728751186E-02
           Type = (3,-3) NACP O9
           Rho =  2.9036394332E+02     Rho at Nucleus =  2.9036391179E+02
           GradRho = -2.0716861386E-10 -8.4595393841E-11 -2.6719480578E-12
           HessRho_EigVals = -6.4032704848E+05 -6.4031999686E+05 -6.4030043072E+05
           HessRho_EigVec1 = -2.0418429050E-01  3.8123965929E-03  9.7892504368E-01
           HessRho_EigVec2 =  5.0732021529E-01  8.5564192251E-01  1.0248463099E-01
           HessRho_EigVec3 =  8.3721859431E-01 -5.1755421558E-01  1.7664274473E-01
           DelSqRho = -1.9209474761E+06
           Bond Ellipticity = NA
           V = -4.8032880613E+05
           G =  4.5968559643E+01
           K =  4.8028283757E+05
           L =  4.8023686901E+05
           Vnuc =  8.0620348351E+05
           Ven = -2.3409242259E+08
           Vrep =  2.3361209378E+08
           DelSqV =  1.9808996254E+10
           DelSqVen =  1.5486745477E+12
           DelSqVrep = -1.5288655512E+12
           DelSqG =  1.0593337210E+09
           DelSqK = -2.0868329975E+10
           Stress_EigVals = -1.6011343043E+05 -1.6010853155E+05 -1.6010684415E+05
           Stress_EigVec1 =  8.3622958431E-01 -5.1922195318E-01  1.7643311949E-01
           Stress_EigVec2 =  5.0893617229E-01  8.5463124638E-01  1.0290483586E-01
           Stress_EigVec3 = -2.0421570668E-01  3.7411283793E-03  9.7891876532E-01
           -DivStress =  3.3414655708E+04  5.4164764416E+04  6.7660548312E+03
           ESP =  -2.2336864592E+01     ESP at Nucleus =  -2.2336865758E+01
           ESPe = -3.2190351678E+01     ESPe at Nucleus = -3.2190333339E+01
           ESPn =  9.8534870867E+00     ESPn at Nucleus =  9.8534675819E+00

CP# 10     Coords =  4.26607380362619E+00 -4.65433064258141E+00  2.75556619170662E-02
           Type = (3,-3) NACP C10
           Rho =  1.1751125227E+02     Rho at Nucleus =  1.1751125219E+02
           GradRho = -1.7594713848E-10  2.0798833207E-10 -3.1848497906E-11
           HessRho_EigVals = -1.4479927981E+05 -1.4479901165E+05 -1.4479887802E+05
           HessRho_EigVec1 = -4.0059718266E-01  9.1192602655E-01 -8.8954029421E-02
           HessRho_EigVec2 = -2.0765401685E-01  4.1983929170E-03  9.7819332587E-01
           HessRho_EigVec3 =  8.9241341683E-01  4.1033315196E-01  1.8768323811E-01
           DelSqRho = -4.3439716948E+05
           Bond Ellipticity = NA
           V = -1.0860981569E+05
           G =  5.2616614594E+00
           K =  1.0860455403E+05
           L =  1.0859929237E+05
           Vnuc =  5.7052517606E+06
           Ven = -6.7043127888E+08
           Vrep =  6.7032266906E+08
           DelSqV =  2.4917480504E+09
           DelSqVen =  2.4783452897E+12
           DelSqVrep = -2.4758535417E+12
           DelSqG =  1.3384181734E+08
           DelSqK = -2.6255898678E+09
           Stress_EigVals = -3.6203329058E+04 -3.6203285725E+04 -3.6203200910E+04
           Stress_EigVec1 =  8.9802643482E-01  3.9802082124E-01  1.8742451339E-01
           Stress_EigVec2 = -2.0617086952E-01  4.3989105205E-03  9.7850611758E-01
           Stress_EigVec3 = -3.8864134484E-01  9.1736583512E-01 -8.6010636733E-02
           -DivStress =  5.1587907698E+02 -6.7082974897E+02  1.0385065068E+02
           ESP =  -1.4724574652E+01     ESP at Nucleus =  -1.4724574654E+01
           ESPe = -2.5374706274E+01     ESPe at Nucleus = -2.5374704981E+01
           ESPn =  1.0650131622E+01     ESPn at Nucleus =  1.0650130327E+01

CP# 11     Coords =  1.52456383775968E+00  2.62047155819215E+00 -5.86957975027462E-01
           Type = (3,-3) NACP H11
           Rho =  4.2798569467E-01     Rho at Nucleus =  4.2474495546E-01
           GradRho =  1.7283300838E-10 -2.5250893227E-12  3.5958877301E-11
           HessRho_EigVals = -6.6189356718E+00 -6.6077054078E+00 -6.0400419470E+00
           HessRho_EigVec1 =  9.7707991200E-03  9.9995140168E-01 -1.3136812765E-03
           HessRho_EigVec2 = -2.0353343556E-01  3.2750195724E-03  9.7906251836E-01
           HessRho_EigVec3 =  9.7901923990E-01 -9.2988451294E-03  2.0355554373E-01
           DelSqRho = -1.9266683027E+01
           Bond Ellipticity = NA
           V = -4.8257929738E+00
           G =  4.5611085823E-03
           K =  4.8212318652E+00
           L =  4.8166707566E+00
           Vnuc =  4.5338873534E+01
           Ven = -1.9404389285E+01
           Vrep =  1.4578596311E+01
           DelSqV =  7.2898175926E+02
           DelSqVen =  8.7352970550E+02
           DelSqVrep = -1.4454794624E+02
           DelSqG =  7.2653783569E+01
           DelSqK = -8.0163554283E+02
           Stress_EigVals = -1.6570609001E+00 -1.6542100125E+00 -1.5145220612E+00
           Stress_EigVec1 =  1.0129336458E-02  9.9994853680E-01 -5.6595305501E-04
           Stress_EigVec2 = -2.0363797203E-01  2.6169444523E-03  9.7904276104E-01
           Stress_EigVec3 =  9.7899385743E-01 -9.8018040013E-03  2.0365400007E-01
           -DivStress = -7.3233145965E+00  1.1498166247E-01 -1.5236961699E+00
           ESP =  -1.1102037094E+00     ESP at Nucleus =  -1.1124211744E+00
           ESPe = -1.5574109091E+01     ESPe at Nucleus = -1.5523431630E+01
           ESPn =  1.4463905381E+01     ESPn at Nucleus =  1.4411010456E+01

CP# 12     Coords = -2.54661567873539E+00  4.34931955708945E-01  3.49174801117308E+00
           Type = (3,-3) NACP H12
           Rho =  4.1591763965E-01     Rho at Nucleus =  4.1259701903E-01
           GradRho = -1.7504794535E-15 -2.4534139911E-16 -1.4339742637E-15
           HessRho_EigVals = -6.3450377695E+00 -6.3439211258E+00 -5.7924068756E+00
           HessRho_EigVec1 =  1.6737625275E-02  9.9438383836E-01 -1.0450183686E-01
           HessRho_EigVec2 = -5.7395722727E-01  9.5136519158E-02  8.1334011581E-01
           HessRho_EigVec3 =  8.1871420726E-01  4.6366202450E-02  5.7232615012E-01
           DelSqRho = -1.8481365771E+01
           Bond Ellipticity = NA
           V = -4.6301332051E+00
           G =  4.8958812005E-03
           K =  4.6252373239E+00
           L =  4.6203414427E+00
           Vnuc =  4.3424504541E+01
           Ven = -1.8061017431E+01
           Vrep =  1.3430884226E+01
           DelSqV =  6.9739675748E+02
           DelSqVen =  8.0254415184E+02
           DelSqVrep = -1.0514739436E+02
           DelSqG =  6.8778287482E+01
           DelSqK = -7.6617504497E+02
           Stress_EigVals = -1.5899936631E+00 -1.5899245224E+00 -1.4502150197E+00
           Stress_EigVec1 =  4.6681189662E-02  9.8804743569E-01 -1.4691198504E-01
           Stress_EigVec2 = -5.7209353867E-01  1.4700733243E-01  8.0690633113E-01
           Stress_EigVec3 =  8.1885887034E-01  4.6380049914E-02  5.7211803103E-01
           -DivStress =  6.0753884425E+00  3.4465749958E-01  4.2365878997E+00
           ESP =  -1.0923853997E+00     ESP at Nucleus =  -1.0946061739E+00
           ESPe = -1.4626604428E+01     ESPe at Nucleus = -1.4557044941E+01
           ESPn =  1.3534219028E+01     ESPn at Nucleus =  1.3462438767E+01

CP# 13     Coords = -5.80710088242268E+00  5.50961892749300E-01  3.59720315048141E+00
           Type = (3,-3) NACP H13
           Rho =  4.1557644264E-01     Rho at Nucleus =  4.1225363001E-01
           GradRho = -1.9100834365E-15  1.8795322286E-16 -1.7453283285E-15
           HessRho_EigVals = -6.3396120558E+00 -6.3385339208E+00 -5.7869695025E+00
           HessRho_EigVec1 =  4.9467018506E-02  9.9351048344E-01 -1.0242037582E-01
           HessRho_EigVec2 =  6.3019081908E-01  4.8509093675E-02  7.7492347969E-01
           HessRho_EigVec3 =  7.7486292054E-01 -1.0287753464E-01 -6.2370158508E-01
           DelSqRho = -1.8465115479E+01
           Bond Ellipticity = NA
           V = -4.6260446272E+00
           G =  4.8828787071E-03
           K =  4.6211617485E+00
           L =  4.6162788698E+00
           Vnuc =  4.2207244311E+01
           Ven = -1.7540336445E+01
           Vrep =  1.2914291817E+01
           DelSqV =  6.9676255283E+02
           DelSqVen =  7.7936164027E+02
           DelSqVrep = -8.2599087438E+01
           DelSqG =  6.8713182553E+01
           DelSqK = -7.6547573538E+02
           Stress_EigVals = -1.5886451678E+00 -1.5885720492E+00 -1.4488274102E+00
           Stress_EigVec1 =  1.7293080977E-02  9.8974178840E-01 -1.4181728261E-01
           Stress_EigVec2 =  6.3167277195E-01  9.9132516515E-02  7.6887076505E-01
           Stress_EigVec3 =  7.7504223015E-01 -1.0287826042E-01 -6.2347863236E-01
           -DivStress = -5.7512059795E+00  7.6285353752E-01  4.6161835615E+00
           ESP =  -1.0921276084E+00     ESP at Nucleus =  -1.0943481937E+00
           ESPe = -1.3432391290E+01     ESPe at Nucleus = -1.3345677120E+01
           ESPn =  1.2340263681E+01     ESPn at Nucleus =  1.2251328927E+01

CP# 14     Coords =  1.31906431514423E+00 -1.80927460524409E+00 -5.85962474664386E-01
           Type = (3,-3) NACP H14
           Rho =  4.2420358418E-01     Rho at Nucleus =  4.2044533915E-01
           GradRho =  8.8879915612E-09 -9.0937849062E-10  1.7925448676E-09
           HessRho_EigVals = -6.4709917200E+00 -6.4643837285E+00 -5.8617647122E+00
           HessRho_EigVec1 =  1.0000004892E-01  9.9490786724E-01  1.2582762701E-02
           HessRho_EigVec2 = -1.9701575753E-01  7.4034920926E-03  9.8037236782E-01
           HessRho_EigVec3 =  9.7528702519E-01 -1.0051628727E-01  1.9675287670E-01
           DelSqRho = -1.8797140161E+01
           Bond Ellipticity = NA
           V = -4.7086270956E+00
           G =  4.6710276894E-03
           K =  4.7039560679E+00
           L =  4.6992850402E+00
           Vnuc =  4.3088579143E+01
           Ven = -1.8278329710E+01
           Vrep =  1.3569702614E+01
           DelSqV =  7.0761695263E+02
           DelSqVen =  8.0994207604E+02
           DelSqVrep = -1.0232512341E+02
           DelSqG =  6.9765297580E+01
           DelSqK = -7.7738225021E+02
           Stress_EigVals = -1.6210526357E+00 -1.6198059296E+00 -1.4677685303E+00
           Stress_EigVec1 =  9.8610670416E-02  9.9505860310E-01  1.1589309030E-02
           Stress_EigVec2 = -1.9703350556E-01  8.1079382058E-03  9.8036322811E-01
           Stress_EigVec3 =  9.7542489889E-01 -9.8957757360E-02  1.9685941403E-01
           -DivStress = -7.7673564500E+00  7.9137340814E-01 -1.5662727755E+00
           ESP =  -1.0926769335E+00     ESP at Nucleus =  -1.0951886774E+00
           ESPe = -1.5876703107E+01     ESPe at Nucleus = -1.5825595009E+01
           ESPn =  1.4784026173E+01     ESPn at Nucleus =  1.4730406332E+01

CP# 15     Coords =  6.66949882280185E+00  3.10313224145800E-02  4.86077049851517E-01
           Type = (3,-3) NACP H15
           Rho =  4.2380438600E-01     Rho at Nucleus =  4.2011273872E-01
           GradRho = -7.3624591429E-09  2.0061207541E-10 -1.4983919610E-09
           HessRho_EigVals = -6.4697542575E+00 -6.4633116315E+00 -5.8680900951E+00
           HessRho_EigVec1 =  3.1766633992E-02  9.9949517700E-01 -5.2164109030E-04
           HessRho_EigVec2 = -1.9924867596E-01  6.8440839906E-03  9.7992506022E-01
           HessRho_EigVec3 =  9.7943394167E-01 -3.1024984431E-02  1.9936550416E-01
           DelSqRho = -1.8801155984E+01
           Bond Ellipticity = NA
           V = -4.7093395284E+00
           G =  4.5252661803E-03
           K =  4.7048142622E+00
           L =  4.7002889960E+00
           Vnuc =  4.1271974542E+01
           Ven = -1.7491243830E+01
           Vrep =  1.2781904301E+01
           DelSqV =  7.0814730470E+02
           DelSqVen =  7.7596084336E+02
           DelSqVrep = -6.7813538663E+01
           DelSqG =  6.9848821189E+01
           DelSqK = -7.7799612589E+02
           Stress_EigVals = -1.6204862148E+00 -1.6199138979E+00 -1.4689394157E+00
           Stress_EigVec1 =  2.9456371511E-02  9.9956594727E-01 -4.8911947670E-04
           Stress_EigVec2 = -1.9927465857E-01  6.3519649324E-03  9.7992309035E-01
           Stress_EigVec3 =  9.7950085892E-01 -2.8767509485E-02  1.9937526870E-01
           -DivStress =  7.7334664021E+00 -2.0180766063E-01  1.5739165951E+00
           ESP =  -1.0985985383E+00     ESP at Nucleus =  -1.1011029027E+00
           ESPe = -1.3803769800E+01     ESPe at Nucleus = -1.3714678310E+01
           ESPn =  1.2705171262E+01     ESPn at Nucleus =  1.2613575407E+01

CP# 16     Coords = -4.42248054033002E+00 -3.91738096510171E+00  1.68702698216919E+00
