AIMSum (Version 19.02.13, Professional)
Copyright (c) 1997-2019 by Todd A. Keith
AIMSum is a component of the AIMAll package ( http://aim.tkgristmill.com )

TP:  64-bit Linux

Much of the Quantum Theory of Atoms in Molecules (QTAIM) is described in the book:
  "Atoms in Molecules - A Quantum Theory"
  R.F.W. Bader, Oxford University Press, Oxford, 1990

For additional references see:  http://aim.tkgristmill.com/references.html

Wfn File:  /home/mhennefarth/Documents/ML_Diels/summary-gordillo2006/8cx-opt/8cx-opt.wfn
Sum File:  /home/mhennefarth/Documents/ML_Diels/summary-gordillo2006/8cx-opt/8cx-opt.sum

SumViz File:  /home/mhennefarth/Documents/ML_Diels/summary-gordillo2006/8cx-opt/8cx-opt.sumviz

Wfn Title:   Title Card Required                                                           
 
Total memory allocated for AIMSum =        1.458 Megabytes

Atomic units (a.u.) used throughout, except where stated otherwise

Model:  Restricted SCF
 
Restricted, closed-shell, single-determinant wavefunction.
  Number of electrons (from MO Occs)                   =          90.0000000000
  Number of Alpha electrons (from MO Occs)             =          45.0000000000
  Number of Beta electrons (from MO Occs)              =          45.0000000000
  Number of electron pairs (N*(N-1)/2)                 =        4005.0000000000
  Number of electron pairs (from Muller 2EDM)          =        4005.0000000000
 
Nuclear Charges and Cartesian Coordinates:
-------------------------------------------------------------------------------
Atom      Charge                X                  Y                  Z
-------------------------------------------------------------------------------
C1         6.0           6.2739031700E+00   4.9669520000E-02  -1.5192334300E+00
C2         6.0           6.5927003800E+00  -3.2887044000E-01   1.2134732300E+00
C3         6.0           5.0415645100E+00  -2.2016289000E+00   1.9889166400E+00
C4         6.0           3.5681537400E+00  -3.1799210400E+00  -2.3960970000E-01
C5         6.0           4.5259574600E+00  -1.5906142400E+00  -2.3959359900E+00
C6         6.0          -3.3950298000E-01   3.0527762000E+00   4.8273875000E-01
C7         6.0           1.0228770200E+00   5.5128176100E+00   2.1918466000E-01
C8         6.0          -2.7563826700E+00   2.6321909000E+00  -1.5755815000E-01
C9         6.0          -3.9676995000E+00   1.1891377000E-01   1.5054064000E-01
O10        8.0          -2.8031652500E+00  -1.7580828000E+00   8.4594194000E-01
H11        1.0          -3.9166086500E+00   4.1536527500E+00  -9.1874857000E-01
H12        1.0           7.3832138000E-01   1.4822367400E+00   1.2616229600E+00
H13        1.0           3.9011936000E+00  -5.2088516500E+00  -5.6193054000E-01
H14        1.0           1.5156739500E+00  -2.9740720100E+00   3.8717410000E-02
H15        1.0           3.8785539500E+00  -1.7786177100E+00  -4.3306464500E+00
H16        1.0           4.8424210100E+00  -2.9236366200E+00   3.8958496000E+00
H17        1.0           2.6992054400E+00   5.2707035000E+00  -9.7927547000E-01
H18        1.0          -1.7200486000E-01   6.9906859500E+00  -5.9796194000E-01
H19        1.0           1.7154867300E+00   6.1690724400E+00   2.0626387600E+00
H20        1.0           7.3076570100E+00   1.4337490500E+00  -2.6262784000E+00
H21        1.0           7.8880117500E+00   7.4334594000E-01   2.3888534500E+00
C22        6.0          -6.7827077400E+00  -1.0547380000E-02  -4.5167346000E-01
H23        1.0          -7.0409861000E+00   6.5243272000E-01  -2.4065941100E+00
H24        1.0          -7.7498581600E+00   1.4058667900E+00   7.2505334000E-01
C25        6.0          -7.9328736600E+00  -2.6297021300E+00  -8.3637900000E-02
H26        1.0          -6.9944822800E+00  -4.0238611500E+00  -1.2880068400E+00
H27        1.0          -7.7133226300E+00  -3.2639443700E+00   1.8719290700E+00
H28        1.0          -9.9498785700E+00  -2.6146032800E+00  -5.4598947000E-01
 
Some Atomic Properties:
----------------------
  q(A) = Net Charge of Atom A
  L(A) = Lagrangian of Atom A = -(1/4) Times Atomic Integral of the Laplacian of the Electron Density
  K(A) = Electronic Kinetic Energy of Atom A (Hamiltonian Form)
  K_Scaled(A) = K(A) * E(Mol)/K(Mol) = Approximation to Virial-Based Total Energy of Atom A.
  |Mu_Intra(A)| = Magnitude of Intraatomic Dipole Moment of Atom A
--------------------------------------------------------------------------------------------------
Atom A          q(A)              L(A)              K(A)          K_Scaled(A)      |Mu_Intra(A)|
--------------------------------------------------------------------------------------------------
C1       -6.6957011000E-02 -7.0415295687E-05  3.7728672516E+01 -3.8101490279E+01  1.5362712165E-01
C2       -6.5018205700E-02 -2.9126810444E-06  3.7728760632E+01 -3.8101579267E+01  1.5126877962E-01
C3       -7.5506570800E-02 -2.2971998519E-05  3.7732166617E+01 -3.8105018908E+01  1.6730240619E-01
C4       -2.5829820800E-02  2.0945482473E-04  3.7715911538E+01 -3.8088603204E+01  1.8036235034E-01
C5       -7.3524440400E-02  3.1246541269E-05  3.7730711517E+01 -3.8103549429E+01  1.6617914405E-01
C6       -2.5676066300E-02 -4.8897879069E-05  3.7722909633E+01 -3.8095670450E+01  7.7813862124E-02
C7       -2.0420019000E-02  8.5483386202E-06  3.7687057701E+01 -3.8059464247E+01  1.1079570595E-01
C8       -7.2815412200E-02  2.1325396786E-04  3.7751688895E+01 -3.8124734097E+01  9.9996949223E-02
C9        1.0122808685E+00 -3.6434533041E-04  3.7041167688E+01 -3.7407191839E+01  8.6035443341E-01
O10      -1.1758383940E+00  4.9263272019E-05  7.5287968908E+01 -7.6031930737E+01  5.1584779364E-01
H11       2.8276217100E-02  2.1559069113E-05  6.0142904767E-01 -6.0737209887E-01  1.5502603917E-01
H12       8.7311422460E-02  6.3907285016E-05  5.8299849614E-01 -5.8875942493E-01  1.3334726035E-01
H13       4.1470864080E-02  3.0004492455E-05  5.8994820766E-01 -5.9577781037E-01  1.5210933296E-01
H14       9.7557866760E-02  7.7499937212E-06  5.7023541052E-01 -5.7587022024E-01  1.2187328559E-01
H15       4.5865633110E-02  2.2062711417E-05  5.9219710140E-01 -5.9804892666E-01  1.5081108657E-01
H16       4.8078432820E-02  2.2149803535E-05  5.9129486032E-01 -5.9713777005E-01  1.5019427770E-01
H17       4.0593954410E-02  1.6687485397E-05  5.9250877380E-01 -5.9836367887E-01  1.4854908607E-01
H18       1.8701645180E-02  1.8294662889E-05  6.0317487063E-01 -6.0913517328E-01  1.5269280477E-01
H19       3.3088837330E-02  2.3165618918E-05  5.9556199777E-01 -6.0144707343E-01  1.5075863897E-01
H20       3.7335545410E-02  1.8935289823E-05  5.9557064505E-01 -6.0145580616E-01  1.5174767553E-01
H21       3.8758193550E-02  2.3165399805E-05  5.9525652031E-01 -6.0113857737E-01  1.5129537290E-01
C22      -1.5977714100E-02 -1.6270333212E-04  3.7714345565E+01 -3.8087021756E+01  7.0211230786E-02
H23       2.0271636140E-02  2.9193433623E-05  6.0418445914E-01 -6.1015473808E-01  1.5463501713E-01
H24       2.0707977440E-02  2.8216336592E-05  6.0412389770E-01 -6.1009357821E-01  1.5447299126E-01
C25      -7.2422698000E-03  1.1429689489E-04  3.7672664397E+01 -3.8044928714E+01  1.0489364449E-01
H26       2.4395994320E-02  2.7464904122E-05  6.0258427284E-01 -6.0853873946E-01  1.5060587517E-01
H27       2.4610968230E-02  2.5231785275E-05  6.0248234515E-01 -6.0843580457E-01  1.5051382264E-01
H28       6.0538106900E-03  2.0235691667E-05  6.0859344920E-01 -6.1460729580E-01  1.5621651445E-01
--------------------------------------------------------------------------------------------------
Total     5.5394343000E-04  3.5184128591E-04  4.9904616996E+02 -5.0397751964E+02
 
1st Largest |L(A)| = 3.6434533041E-04, atom C9      
2nd Largest |L(A)| = 2.1325396786E-04, atom C8      
 
Molecular charge q(Mol) from the wfn file:   0.0000000000E+00
Molecular energy E(Mol) from the wfn file:  -5.0397752416E+02
Molecular virial ratio (-V(Mol)/T(Mol)) from the wfn file:   2.0098815500E+00
Note.  K_Scaled(A) = (1+V(Mol)/T(Mol))*K(A) = (E(Mol)/T(Mol))*K(A)
       Only use K_Scaled(A) data with caution.
 
N_AIMInt(SumA)     =         89.999446
N_Analytic(Mol)    =         89.999984
 
G_AIMInt(SumA)     =        499.045818
G_Analytic(Mol)    =        499.046137
 
K_AIMInt(SumA)     =        499.046170
K_Analytic(Mol)    =        499.046137
 
L_AIMInt(SumA)     =          0.000352
L_Analytic(Mol)    =          0.000000
 
VenT_AIMInt(SumA)  =      -2456.472881
VenT_Analytic(Mol) =      -2456.480531
 
Some Information About the Atomic Calculations:
----------------------------------------------
  Time(sec) = "Elapsed User Time", in Seconds, for Atom A by AIMInt and, if used, by TWOe
  NProc = Number of Processors Used for AIMInt Job
  BIM = Basin Integration Method
  OAQ = Angular Quadrature Outside of Beta Sphere
  ORQ = Multiple of Default for Radial Quadrature Outside of Beta Sphere
  IAQ = Multiple of Default for Angular Quadrature Inside of Beta Sphere
  IRQ = Multiple of Default for Radial Quadrature Inside of Beta Sphere
  MIR = Maximum Integration Radius
------------------------------------------------------------------------------------------------------
Atom A     Time(sec)   NProc      BIM          OAQ                     ORQ      IAQ      IRQ      MIR
------------------------------------------------------------------------------------------------------
C1             31        8     Proaim(5)    4500(GS4)                  1.00     1.00     1.00    13.00
C2             25        8     Proaim(5)    4500(GS4)                  1.00     1.00     1.00    13.00
C3             31        8     Proaim(5)    4500(GS4)                  1.00     1.00     1.00    13.00
C4             36        8     Proaim(5)    4500(GS4)                  1.00     1.00     1.00    13.00
C5             27        8     Proaim(5)    4500(GS4)                  1.00     1.00     1.00    13.00
C6             32        8     Proaim(5)    4500(GS4)                  1.00     1.00     1.00    13.00
C7             27        8     Proaim(5)    4500(GS4)                  1.00     1.00     1.00    13.00
C8             31        8     Proaim(5)    4500(GS4)                  1.00     1.00     1.00    13.00
C9             34        8     Proaim(5)    4500(GS4)                  1.00     1.00     1.00    13.00
O10            22        8     Proaim(5)    4500(GS4)                  1.00     1.00     1.00    13.00
H11             8        8     Proaim(5)    1800(GS4)                  1.00     1.00     1.00    13.00
H12            98        8    Promega(1)    4500(GS4)                  1.00     1.00     1.00    13.00
H13             6        8     Proaim(5)    1800(GS4)                  1.00     1.00     1.00    13.00
H14            23        8     Proaim(5)    4500(GS4)                  1.00     1.00     1.00    13.00
H15             7        8     Proaim(5)    1800(GS4)                  1.00     1.00     1.00    13.00
H16             6        8     Proaim(5)    1800(GS4)                  1.00     1.00     1.00    13.00
H17            16        8     Proaim(5)    4500(GS4)                  1.00     1.00     1.00    13.00
H18             7        8     Proaim(5)    1800(GS4)                  1.00     1.00     1.00    13.00
H19             6        8     Proaim(5)    1800(GS4)                  1.00     1.00     1.00    13.00
H20             7        8     Proaim(5)    1800(GS4)                  1.00     1.00     1.00    13.00
H21             6        8     Proaim(5)    1800(GS4)                  1.00     1.00     1.00    13.00
C22            31        8     Proaim(5)    4500(GS4)                  1.00     1.00     1.00    13.00
H23             8        8     Proaim(5)    1800(GS4)                  1.00     1.00     1.00    13.00
H24             6        8     Proaim(5)    1800(GS4)                  1.00     1.00     1.00    13.00
C25            25        8     Proaim(5)    4500(GS4)                  1.00     1.00     1.00    13.00
H26             6        8     Proaim(5)    1800(GS4)                  1.00     1.00     1.00    13.00
H27             7        8     Proaim(5)    1800(GS4)                  1.00     1.00     1.00    13.00
H28             5        8     Proaim(5)    1800(GS4)                  1.00     1.00     1.00    13.00
------------------------------------------------------------------------------------------------------
Total         574
Note:  Total wall clock time is less than total of atomic times if more than one atom
       was calculated at a time
 
Electron Density Critical Point Analysis of Molecular Structure:               
---------------------------------------------------------------                
  NACP = Nuclear Attractor Critical Point                                      
  NNACP = Non-Nuclear Attractor Critical Point                                 
  BCP = Bond Critical Point                                                    
  RCP = Ring Critical Point                                                    
  CCP = Cage Critical Point                                                    
  Rho = Electron Density                                                       
  GradRho = Gradient of Electron Density                                       
  HessRho_EigVals = Eigenvalues of the Hessian of Rho, Ascending Order         
  HessRho_EigVecs = Eigenvectors of the Hessian of Rho                         
  DelSqRho = Laplacian of Rho = Trace of Hessian of Rho                        
  Bond Ellipticity = (HessRho_EigVal(1) / HessRho_EigVal(2)) - 1               
  V = Virial Field = Potential Energy Density = Trace of Stress Tensor         
  G = Lagrangian Form of Kinetic Energy Density                                
  K = Hamiltonian Form of Kinetic Energy Density                               
  L = K - G = Lagrangian Density = (-1/4)DelSqRho                              
  Vnuc = Electrostatic Potential from Nuclei                                   
  Ven = Electron-nuclear attractive contribution to Virial Field V             
  Vrep = V - Ven = Repulsive contribution to Virial Field V                    
  DelSqV = Laplacian of V                                                      
  DelSqVen = Laplacian of Ven                                                  
  DelSqVrep = Laplacian of Vrep                                                
  DelSqG = Laplacian of G                                                      
  DelSqK = Laplacian of K                                                      
  Stress_EigVals = Eigenvalues of Stress Tensor, Ascending Order               
  Stress_EigVecs = Eigenvectors of Stress Tensor                               
  -DivStress = Ehrenfest Force Density = Minus Divergence of Stress Tensor     
  ESP = Total Electrostatic Potential                                          
  ESPe = Electrostatic Potential from Electrons                                
  ESPn = Electrostatic Potential from Nuclei                                   
  BP = Bond Path                                                               
  BPL = Bond Path Length                                                       
  GBL = Geometric Bond Length                                                  
  GBL_I = Distance Between Nuclear Attractors                                  
  GBL_II = Distance Between Nuclei                                             
  GBL_III = Sum of Distances Between BCP and Nuclear Attractors                
  GBL_IV = Sum of Distances Between BCP and Nuclei                             

CP# 1      Coords =  6.27390405856714E+00  4.96703946377311E-02 -1.51923263854321E+00
           Type = (3,-3) NACP C1
           Rho =  1.1767580971E+02     Rho at Nucleus =  1.1767580955E+02
           GradRho =  4.0775106642E-10  4.4170317967E-10  3.7670255977E-10
           HessRho_EigVals = -1.4499916918E+05 -1.4499839616E+05 -1.4499809144E+05
           HessRho_EigVec1 =  7.2263350052E-01 -6.6883488143E-01 -1.7453001262E-01
           HessRho_EigVec2 =  4.9619436389E-04 -2.5198945434E-01  9.6772985316E-01
           HessRho_EigVec3 =  6.9123120424E-01  6.9940061215E-01  1.8176414938E-01
           DelSqRho = -4.3499565678E+05
           Bond Ellipticity = NA
           V = -1.0875915998E+05
           G =  5.1228921876E+00
           K =  1.0875403709E+05
           L =  1.0874891419E+05
           Vnuc =  4.0628449821E+06
           Ven = -4.7809857301E+08
           Vrep =  4.7798981385E+08
           DelSqV =  2.4951577156E+09
           DelSqVen =  1.7673200599E+12
           DelSqVrep = -1.7648249022E+12
           DelSqG =  1.3402258908E+08
           DelSqK = -2.6291803047E+09
           Stress_EigVals = -3.6253312398E+04 -3.6253145740E+04 -3.6252701841E+04
           Stress_EigVec1 = -6.7914666254E-01 -7.3370245308E-01  2.0988594738E-02
           Stress_EigVec2 =  1.4233827916E-01 -1.0359481830E-01  9.8438200304E-01
           Stress_EigVec3 =  7.2006918074E-01 -6.7152723248E-01 -1.7479001970E-01
           -DivStress = -7.1924303904E+02 -7.0481743607E+02 -6.4629202804E+02
           ESP =  -1.4753266221E+01     ESP at Nucleus =  -1.4753266240E+01
           ESPe = -2.8932314839E+01     ESPe at Nucleus = -2.8932316064E+01
           ESPn =  1.4179048618E+01     ESPn at Nucleus =  1.4179049824E+01

CP# 2      Coords =  6.59270108770329E+00 -3.28869382870254E-01  1.21347248299464E+00
           Type = (3,-3) NACP C2
           Rho =  1.1767632670E+02     Rho at Nucleus =  1.1767632654E+02
           GradRho =  3.5876924565E-10  5.2568722368E-10 -3.7873604825E-10
           HessRho_EigVals = -1.4499967885E+05 -1.4499888815E+05 -1.4499858115E+05
           HessRho_EigVec1 =  7.2560517576E-01 -6.6441040125E-01 -1.7904174825E-01
           HessRho_EigVec2 =  2.1653485733E-01 -2.6505779562E-02  9.7591500614E-01
           HessRho_EigVec3 = -6.5315372193E-01 -7.4689775897E-01  1.2463528061E-01
           DelSqRho = -4.3499714815E+05
           Bond Ellipticity = NA
           V = -1.0875953035E+05
           G =  5.1216553668E+00
           K =  1.0875440869E+05
           L =  1.0874928704E+05
           Vnuc =  4.0671010454E+06
           Ven = -4.7860151134E+08
           Vrep =  4.7849275180E+08
           DelSqV =  2.4951660366E+09
           DelSqVen =  1.7691774648E+12
           DelSqVrep = -1.7666822824E+12
           DelSqG =  1.3402291819E+08
           DelSqK = -2.6291889548E+09
           Stress_EigVals = -3.6253438166E+04 -3.6253269976E+04 -3.6252822205E+04
           Stress_EigVec1 =  6.8641904965E-01  7.2401011498E-01  6.8104637744E-02
           Stress_EigVec2 = -8.4163268280E-02  1.7211671467E-01 -9.8147459509E-01
           Stress_EigVec3 =  7.2231948094E-01 -6.6797094992E-01 -1.7907924926E-01
           -DivStress = -5.7154237447E+02 -8.5410155531E+02  6.1097130354E+02
           ESP =  -1.4753325300E+01     ESP at Nucleus =  -1.4753325319E+01
           ESPe = -2.8794078289E+01     ESPe at Nucleus = -2.8794079378E+01
           ESPn =  1.4040752988E+01     ESPn at Nucleus =  1.4040754059E+01

CP# 3      Coords =  5.04156347257033E+00 -2.20162977248332E+00  1.98891650440375E+00
           Type = (3,-3) NACP C3
           Rho =  1.1768052138E+02     Rho at Nucleus =  1.1768052124E+02
           GradRho = -4.8781840720E-10 -3.6973984638E-10 -3.5168449750E-11
           HessRho_EigVals = -1.4500831658E+05 -1.4500764076E+05 -1.4500729920E+05
           HessRho_EigVec1 =  7.1874968429E-01 -6.7393429906E-01 -1.7091358013E-01
           HessRho_EigVec2 =  4.1296423733E-01  2.1604775985E-01  8.8475075821E-01
           HessRho_EigVec3 = -5.5933838597E-01 -7.0649552441E-01  4.3359502301E-01
           DelSqRho = -4.3502325654E+05
           Bond Ellipticity = NA
           V = -1.0876604844E+05
           G =  5.1171515009E+00
           K =  1.0876093129E+05
           L =  1.0875581414E+05
           Vnuc =  4.4043157263E+06
           Ven = -5.1830217098E+08
           Vrep =  5.1819340493E+08
           DelSqV =  2.4953188185E+09
           DelSqVen =  1.9159796285E+12
           DelSqVrep = -1.9134842770E+12
           DelSqG =  1.3403441945E+08
           DelSqK = -2.6293532379E+09
           Stress_EigVals = -3.6255615343E+04 -3.6255419903E+04 -3.6255013192E+04
           Stress_EigVec1 = -4.4029244728E-01 -6.3819864137E-01  6.3154180782E-01
           Stress_EigVec2 =  5.3659709839E-01  3.7691158943E-01  7.5498424338E-01
           Stress_EigVec3 =  7.1986534496E-01 -6.7129736176E-01 -1.7650421304E-01
           -DivStress =  8.4297140762E+02  7.0852160352E+02  1.1580081906E+02
           ESP =  -1.4755343727E+01     ESP at Nucleus =  -1.4755343742E+01
           ESPe = -2.9114160755E+01     ESPe at Nucleus = -2.9114160962E+01
           ESPn =  1.4358817028E+01     ESPn at Nucleus =  1.4358817220E+01

CP# 4      Coords =  3.56815447366352E+00 -3.17992106572957E+00 -2.39609806062472E-01
           Type = (3,-3) NACP C4
           Rho =  1.1755025960E+02     Rho at Nucleus =  1.1755025956E+02
           GradRho =  8.4439085926E-11  1.1674699494E-11 -1.1103351840E-11
           HessRho_EigVals = -1.4485324097E+05 -1.4485301191E+05 -1.4485274904E+05
           HessRho_EigVec1 =  1.1914985007E-01 -1.4445982498E-01  9.8231088368E-01
           HessRho_EigVec2 = -3.0581522092E-01  9.3591984349E-01  1.7473150034E-01
           HessRho_EigVec3 =  9.4460593047E-01  3.2122485198E-01 -6.7336695734E-02
           DelSqRho = -4.3455900191E+05
           Bond Ellipticity = NA
           V = -1.0865022754E+05
           G =  5.2385336293E+00
           K =  1.0864498901E+05
           L =  1.0863975048E+05
           Vnuc =  8.0891380026E+06
           Ven = -9.5088027211E+08
           Vrep =  9.5077162188E+08
           DelSqV =  2.4926779623E+09
           DelSqVen =  3.5152073851E+12
           DelSqVrep = -3.5127141828E+12
           DelSqG =  1.3389699656E+08
           DelSqK = -2.6265749588E+09
           Stress_EigVals = -3.6216829303E+04 -3.6216758086E+04 -3.6216640156E+04
           Stress_EigVec1 =  9.4545118879E-01  3.1799677056E-01 -7.0711410213E-02
           Stress_EigVec2 = -3.0249339967E-01  9.3754927632E-01  1.7175301342E-01
           Stress_EigVec3 =  1.2091233507E-01 -1.4099435584E-01  9.8259900206E-01
           -DivStress = -5.9922735391E+02  1.9885497368E+01  8.6417038723E+01
           ESP =  -1.4748885838E+01     ESP at Nucleus =  -1.4748885840E+01
           ESPe = -2.9618478351E+01     ESPe at Nucleus = -2.9618478144E+01
           ESPn =  1.4869592513E+01     ESPn at Nucleus =  1.4869592304E+01

CP# 5      Coords =  4.52595650670392E+00 -1.59061520154411E+00 -2.39593593257396E+00
           Type = (3,-3) NACP C5
           Rho =  1.1767605777E+02     Rho at Nucleus =  1.1767605763E+02
           GradRho = -3.6328064949E-10 -3.8937189323E-10  2.6011338157E-11
           HessRho_EigVals = -1.4500121434E+05 -1.4500051958E+05 -1.4500017968E+05
           HessRho_EigVec1 =  7.1535622844E-01 -6.7466776021E-01 -1.8190349025E-01
           HessRho_EigVec2 = -2.0293839834E-01 -4.4969785823E-01  8.6982058080E-01
           HessRho_EigVec3 =  6.6864151300E-01  5.8531636714E-01  4.5861015847E-01
           DelSqRho = -4.3500191360E+05
           Bond Ellipticity = NA
           V = -1.0876070395E+05
           G =  5.1127751785E+00
           K =  1.0875559118E+05
           L =  1.0875047840E+05
           Vnuc =  4.4273195707E+06
           Ven = -5.2098951355E+08
           Vrep =  5.2088075284E+08
           DelSqV =  2.4951950317E+09
           DelSqVen =  1.9258924073E+12
           DelSqVrep = -1.9233971795E+12
           DelSqG =  1.3402629459E+08
           DelSqK = -2.6292213263E+09
           Stress_EigVals = -3.6253834240E+04 -3.6253640901E+04 -3.6253228809E+04
           Stress_EigVec1 =  5.9428198103E-01  4.5998795306E-01  6.5972722398E-01
           Stress_EigVec2 =  3.6184516169E-01  5.7965955105E-01 -7.3011155575E-01
           Stress_EigVec3 = -7.1825970650E-01  6.7261124576E-01  1.7803681107E-01
           -DivStress =  7.7306960963E+02  7.8231517889E+02 -5.2225288188E+01
           ESP =  -1.4754513024E+01     ESP at Nucleus =  -1.4754513039E+01
           ESPe = -2.9351064463E+01     ESPe at Nucleus = -2.9351064796E+01
           ESPn =  1.4596551440E+01     ESPn at Nucleus =  1.4596551758E+01

CP# 6      Coords = -3.39502046377985E-01  3.05277771614223E+00  4.82738660159917E-01
           Type = (3,-3) NACP C6
           Rho =  1.1772040786E+02     Rho at Nucleus =  1.1772040763E+02
           GradRho =  6.5735591341E-10  1.0831656780E-09 -5.9109480331E-11
           HessRho_EigVals = -1.4505569494E+05 -1.4505392834E+05 -1.4505355039E+05
           HessRho_EigVec1 = -2.9956115525E-01  2.5341985262E-01  9.1980513837E-01
           HessRho_EigVec2 =  4.4204650205E-01  8.9122190909E-01 -1.0157951954E-01
           HessRho_EigVec3 =  8.4549275827E-01 -3.7616736576E-01  3.7899882407E-01
           DelSqRho = -4.3516317367E+05
           Bond Ellipticity = NA
           V = -1.0880093832E+05
           G =  5.0724500976E+00
           K =  1.0879586587E+05
           L =  1.0879079342E+05
           Vnuc =  3.3654906236E+06
           Ven = -3.9618692886E+08
           Vrep =  3.9607812792E+08
           DelSqV =  2.4961138960E+09
           DelSqVen =  1.4645376614E+12
           DelSqVrep = -1.4620415475E+12
           DelSqG =  1.3407491106E+08
           DelSqK = -2.6301888071E+09
           Stress_EigVals = -3.6267320196E+04 -3.6267159372E+04 -3.6266458751E+04
           Stress_EigVec1 =  9.1193333573E-01 -2.1008145575E-01  3.5248173447E-01
           Stress_EigVec2 =  2.8342021771E-01  9.4365731860E-01 -1.7083279909E-01
           Stress_EigVec3 = -2.9673316528E-01  2.5568857424E-01  9.2009389826E-01
           -DivStress = -7.5987651845E+02 -1.2370405040E+03  7.4709751663E+01
           ESP =  -1.4723389602E+01     ESP at Nucleus =  -1.4723389617E+01
           ESPe = -3.0192633743E+01     ESPe at Nucleus = -3.0192634838E+01
           ESPn =  1.5469244141E+01     ESPn at Nucleus =  1.5469245221E+01

CP# 7      Coords =  1.02287666325920E+00  5.51281678472706E+00  2.19184908737874E-01
           Type = (3,-3) NACP C7
           Rho =  1.1751370853E+02     Rho at Nucleus =  1.1751370846E+02
           GradRho = -5.8154719755E-11 -1.7545633761E-10  5.0109137326E-11
           HessRho_EigVals = -1.4480294177E+05 -1.4480267186E+05 -1.4480256544E+05
           HessRho_EigVec1 =  3.9271180689E-01  9.1139756761E-01 -1.2301183069E-01
           HessRho_EigVec2 = -1.5156434572E-01  1.9606783191E-01  9.6880630386E-01
           HessRho_EigVec3 =  9.0708637176E-01 -3.6181746648E-01  2.1513352857E-01
           DelSqRho = -4.3440817906E+05
           Bond Ellipticity = NA
           V = -1.0861257520E+05
           G =  5.2652178717E+00
           K =  1.0860730998E+05
           L =  1.0860204477E+05
           Vnuc =  6.4319120232E+06
           Ven = -7.5583783477E+08
           Vrep =  7.5572922220E+08
           DelSqV =  2.4918117217E+09
           DelSqVen =  2.7940746691E+12
           DelSqVrep = -2.7915828573E+12
           DelSqG =  1.3384584468E+08
           DelSqK = -2.6256575664E+09
           Stress_EigVals = -3.6204243635E+04 -3.6204208389E+04 -3.6204123178E+04
           Stress_EigVec1 =  8.9288219385E-01 -3.7836960001E-01  2.4412667551E-01
           Stress_EigVec2 = -1.7290105192E-01  2.1250747564E-01  9.6174102493E-01
           Stress_EigVec3 =  4.1577231046E-01  9.0093119526E-01 -1.2432363920E-01
           -DivStress =  2.8906313464E+02  6.6862796035E+02 -2.0177753511E+02
           ESP =  -1.4732720921E+01     ESP at Nucleus =  -1.4732720923E+01
           ESPe = -2.7565326831E+01     ESPe at Nucleus = -2.7565325559E+01
           ESPn =  1.2832605910E+01     ESPn at Nucleus =  1.2832604636E+01

CP# 8      Coords = -2.75638350198568E+00  2.63219053061239E+00 -1.57558278047023E-01
           Type = (3,-3) NACP C8
           Rho =  1.1769086265E+02     Rho at Nucleus =  1.1769086259E+02
           GradRho = -1.8524142420E-10 -8.8593434130E-11 -2.3933903904E-11
           HessRho_EigVals = -1.4502490840E+05 -1.4502440388E+05 -1.4502410736E+05
           HessRho_EigVec1 = -2.8494672241E-01  2.2629563065E-01  9.3144814828E-01
           HessRho_EigVec2 = -5.8371143686E-02  9.6583301606E-01 -2.5250622699E-01
           HessRho_EigVec3 =  9.5676443024E-01  1.2632051547E-01  2.6200181755E-01
           DelSqRho = -4.3507341964E+05
           Bond Ellipticity = NA
           V = -1.0877871424E+05
           G =  5.1796639271E+00
           K =  1.0877353457E+05
           L =  1.0876835491E+05
           Vnuc =  6.5269873476E+06
           Ven = -7.6816677144E+08
           Vrep =  7.6805799273E+08
           DelSqV =  2.4956111667E+09
           DelSqVen =  2.8397187891E+12
           DelSqVrep = -2.8372231780E+12
           DelSqG =  1.3405403059E+08
           DelSqK = -2.6296651973E+09
           Stress_EigVals = -3.6259799399E+04 -3.6259647300E+04 -3.6259267539E+04
           Stress_EigVec1 =  9.5758751795E-01  5.2971451227E-02  2.8323165576E-01
           Stress_EigVec2 =  1.9198451349E-02  9.6904307270E-01 -2.4614415027E-01
           Stress_EigVec3 = -2.8750228684E-01  2.4114217508E-01  9.2692658094E-01
           -DivStress =  6.7070279759E+02  3.0132268256E+02  1.0297796789E+02
           ESP =  -1.4742567538E+01     ESP at Nucleus =  -1.4742567549E+01
           ESPe = -3.0242725613E+01     ESPe at Nucleus = -3.0242725893E+01
           ESPn =  1.5500158075E+01     ESPn at Nucleus =  1.5500158344E+01

CP# 9      Coords = -3.96769858983813E+00  1.18912755720646E-01  1.50541082123386E-01
           Type = (3,-3) NACP C9
           Rho =  1.1775270309E+02     Rho at Nucleus =  1.1775270294E+02
           GradRho =  4.3346967586E-10 -4.6805228160E-10  2.0270227977E-10
           HessRho_EigVals = -1.4508454996E+05 -1.4508232108E+05 -1.4508196864E+05
           HessRho_EigVec1 = -2.1496804432E-01  2.1678732088E-01  9.5225626668E-01
           HessRho_EigVec2 = -3.9574526919E-01  8.7207548329E-01 -2.8787155705E-01
           HessRho_EigVec3 =  8.9284624759E-01  4.3873409822E-01  1.0167580448E-01
           DelSqRho = -4.3524883968E+05
           Bond Ellipticity = NA
           V = -1.0882196573E+05
           G =  4.8779067339E+00
           K =  1.0881708783E+05
           L =  1.0881220992E+05
           Vnuc =  4.1879125687E+06
           Ven = -4.9313802527E+08
           Vrep =  4.9302920331E+08
           DelSqV =  2.4965855859E+09
           DelSqVen =  1.8227840942E+12
           DelSqVrep = -1.8202875086E+12
           DelSqG =  1.3408927464E+08
           DelSqK = -2.6306748605E+09
           Stress_EigVals = -3.6274312551E+04 -3.6274250968E+04 -3.6273402215E+04
           Stress_EigVec1 =  5.2631288254E-01 -7.9546033983E-01  3.0039573472E-01
           Stress_EigVec2 =  8.2274971584E-01  5.6561310472E-01  5.6255851815E-02
           Stress_EigVec3 = -2.1465706316E-01  2.1754232585E-01  9.5215423210E-01
           -DivStress = -7.3950572920E+02  8.2336363114E+02 -3.5949105815E+02
           ESP =  -1.4661829665E+01     ESP at Nucleus =  -1.4661829673E+01
           ESPe = -3.1308540022E+01     ESPe at Nucleus = -3.1308538808E+01
           ESPn =  1.6646710357E+01     ESPn at Nucleus =  1.6646709135E+01

CP# 10     Coords = -2.80316973712890E+00 -1.75807496087935E+00  8.45939107282378E-01
           Type = (3,-3) NACP O10
           Rho =  2.9032539041E+02     Rho at Nucleus =  2.9032536172E+02
           GradRho = -1.5760520466E-11  6.2578374401E-11  3.0017351560E-11
           HessRho_EigVals = -6.4024664322E+05 -6.4024230472E+05 -6.4022312702E+05
           HessRho_EigVec1 = -2.1717836717E-01  2.3591482647E-01  9.4719467454E-01
           HessRho_EigVec2 = -4.9892359301E-01  8.0719953095E-01 -3.1544280872E-01
           HessRho_EigVec3 =  8.3899273249E-01  5.4108512444E-01  5.7602803250E-02
           DelSqRho = -1.9207120750E+06
           Bond Ellipticity = NA
           V = -4.8027021296E+05
           G =  4.6097111419E+01
           K =  4.8022411585E+05
           L =  4.8017801874E+05
           Vnuc =  8.4511928804E+05
           Ven = -2.4535958724E+08
           Vrep =  2.4487931703E+08
           DelSqV =  1.9806597242E+10
           DelSqVen =  1.6232308211E+12
           DelSqVrep = -1.6034242234E+12
           DelSqG =  1.0592180715E+09
           DelSqK = -2.0865815314E+10
           Stress_EigVals = -1.6009360099E+05 -1.6008883094E+05 -1.6008778104E+05
           Stress_EigVec1 =  8.4019740655E-01  5.3913093577E-01  5.8362249085E-02
           Stress_EigVec2 = -4.9740224066E-01  8.0905750215E-01 -3.1307661875E-01
           Stress_EigVec3 = -2.1600770590E-01  2.3401664966E-01  9.4793295052E-01
           -DivStress =  2.8933114972E+04 -5.0520765154E+04  1.8258054068E+04
           ESP =  -2.2337462213E+01     ESP at Nucleus =  -2.2337463295E+01
           ESPe = -3.6545569154E+01     ESPe at Nucleus = -3.6545554006E+01
           ESPn =  1.4208106941E+01     ESPn at Nucleus =  1.4208090711E+01

CP# 11     Coords = -3.89749510495935E+00  4.12823825477583E+00 -9.06114047270268E-01
           Type = (3,-3) NACP H11
           Rho =  4.2742377971E-01     Rho at Nucleus =  4.2385803286E-01
           GradRho =  1.2260801912E-15 -1.4019953818E-15  1.5829351718E-17
           HessRho_EigVals = -6.5300420086E+00 -6.5228946727E+00 -5.9391928098E+00
           HessRho_EigVec1 = -7.8342192907E-01 -6.1855682049E-01 -6.0312029351E-02
           HessRho_EigVec2 =  2.7323326164E-01 -2.5563710215E-01 -9.2735821382E-01
           HessRho_EigVec3 = -5.5820575579E-01  7.4299201330E-01 -3.6928200928E-01
           DelSqRho = -1.8992129491E+01
           Bond Ellipticity = NA
           V = -4.7577142905E+00
           G =  4.8409588387E-03
           K =  4.7528733316E+00
           L =  4.7480323728E+00
           Vnuc =  4.4232293692E+01
           Ven = -1.8905934155E+01
           Vrep =  1.4148219864E+01
           DelSqV =  7.1606218519E+02
           DelSqVen =  8.4006544948E+02
           DelSqVrep = -1.2400326429E+02
           DelSqG =  7.0675924270E+01
           DelSqK = -7.8673810946E+02
           Stress_EigVals = -1.6356875766E+00 -1.6351960145E+00 -1.4868306994E+00
           Stress_EigVec1 =  7.7132108193E-01  6.2923005368E-01  9.5568447316E-02
           Stress_EigVec2 = -3.0339712669E-01  2.3152396852E-01  9.2430884206E-01
           Stress_EigVec3 = -5.5947651612E-01  7.4193408841E-01 -3.6948590821E-01
           -DivStress = -4.3531267111E+00  5.7879296777E+00 -2.8775936148E+00
           ESP =  -1.1008097218E+00     ESP at Nucleus =  -1.1032193005E+00
           ESPe = -1.6108516564E+01     ESPe at Nucleus = -1.6016869915E+01
           ESPn =  1.5007706842E+01     ESPn at Nucleus =  1.4913650614E+01

CP# 12     Coords =  7.19647396394346E-01  1.51011243562961E+00  1.24799323896077E+00
           Type = (3,-3) NACP H12
           Rho =  4.2334571514E-01     Rho at Nucleus =  4.1941708206E-01
           GradRho = -4.9184052284E-15  6.7902057403E-15 -3.2418898566E-15
           HessRho_EigVals = -6.4503026485E+00 -6.4438842862E+00 -5.8233638924E+00
           HessRho_EigVec1 =  8.1106054034E-01  5.8070267723E-01  7.0464179284E-02
           HessRho_EigVec2 = -2.7302487322E-01  2.6926366465E-01  9.2355535703E-01
           HessRho_EigVec3 = -5.1733762526E-01  7.6829778052E-01 -3.7693540817E-01
           DelSqRho = -1.8717550827E+01
           Bond Ellipticity = NA
           V = -4.6884444871E+00
           G =  4.5283901667E-03
           K =  4.6839160970E+00
           L =  4.6793877068E+00
           Vnuc =  4.4985441937E+01
           Ven = -1.9044394088E+01
           Vrep =  1.4355949601E+01
           DelSqV =  7.0371735562E+02
           DelSqVen =  8.4201729594E+02
           DelSqVrep = -1.3829994031E+02
           DelSqG =  6.9319880308E+01
           DelSqK = -7.7303723593E+02
           Stress_EigVals = -1.6158903058E+00 -1.6144746883E+00 -1.4580794930E+00
           Stress_EigVec1 =  8.0513129354E-01  5.8674884609E-01  8.6541272124E-02
           Stress_EigVec2 = -2.8782343750E-01  2.5895910068E-01  9.2200751244E-01
           Stress_EigVec3 = -5.1857619401E-01  7.6724570757E-01 -3.7737614553E-01
           -DivStress =  4.1908357091E+00 -6.2557924617E+00  3.0590547805E+00
           ESP =  -1.1071268400E+00     ESP at Nucleus =  -1.1097484715E+00
           ESPe = -1.8479860570E+01     ESPe at Nucleus = -1.8424991373E+01
           ESPn =  1.7372733730E+01     ESPn at Nucleus =  1.7315242901E+01

CP# 13     Coords =  3.89591033011757E+00 -5.17647092857806E+00 -5.56796923572036E-01
           Type = (3,-3) NACP H13
           Rho =  4.1575848706E-01     Rho at Nucleus =  4.1248478471E-01
           GradRho = -1.0635860312E-10  6.5183634028E-10  1.0334199993E-10
           HessRho_EigVals = -6.3461147460E+00 -6.3444326803E+00 -5.7981494081E+00
           HessRho_EigVec1 =  1.0486128408E-01 -1.3903237118E-01  9.8472032114E-01
           HessRho_EigVec2 =  9.8169672253E-01  1.7276596497E-01 -8.0146530378E-02
           HessRho_EigVec3 = -1.5898319435E-01  9.7510097996E-01  1.5460408405E-01
           DelSqRho = -1.8488696835E+01
           Bond Ellipticity = NA
           V = -4.6320428611E+00
           G =  4.9343262570E-03
           K =  4.6271085349E+00
           L =  4.6221742086E+00
           Vnuc =  4.4320037475E+01
           Ven = -1.8426431727E+01
           Vrep =  1.3794388866E+01
           DelSqV =  6.9792685962E+02
           DelSqVen =  8.1941973777E+02
           DelSqVrep = -1.2149287816E+02
           DelSqG =  6.8857553774E+01
           DelSqK = -7.6678441339E+02
           Stress_EigVals = -1.5902130278E+00 -1.5902037906E+00 -1.4516260427E+00
           Stress_EigVec1 = -6.5277828527E-01  1.3772675666E-02 -7.5742380718E-01
           Stress_EigVec2 =  7.4071097370E-01  2.2123574655E-01 -6.3435163584E-01
           Stress_EigVec3 = -1.5883250210E-01  9.7512309882E-01  1.5461946328E-01
           -DivStress =  1.1708842453E+00 -7.1798641240E+00 -1.1382413670E+00
           ESP =  -1.1102932949E+00     ESP at Nucleus =  -1.1124835633E+00
           ESPe = -1.5317198076E+01     ESPe at Nucleus = -1.5227802134E+01
           ESPn =  1.4206904781E+01     ESPn at Nucleus =  1.4115318571E+01

CP# 14     Coords =  1.55015291893993E+00 -2.97760387277956E+00  3.39851725640750E-02
           Type = (3,-3) NACP H14
           Rho =  4.0851993945E-01     Rho at Nucleus =  4.0497254702E-01
           GradRho =  8.1428991773E-09 -8.3184077474E-10 -1.1167689124E-09
           HessRho_EigVals = -6.2157642797E+00 -6.2145562638E+00 -5.6470916793E+00
           HessRho_EigVec1 =  1.1582391848E-01 -1.7514724042E-01  9.7770561218E-01
           HessRho_EigVec2 =  1.2115557378E-01  9.7947159431E-01  1.6111090246E-01
           HessRho_EigVec3 =  9.8585300469E-01 -9.9793988401E-02 -1.3466630250E-01
           DelSqRho = -1.8077412223E+01
           Bond Ellipticity = NA
           V = -4.5294191730E+00
           G =  5.0330586733E-03
           K =  4.5243861144E+00
           L =  4.5193530557E+00
           Vnuc =  4.5133949367E+01
           Ven = -1.8438118262E+01
           Vrep =  1.3908699089E+01
           DelSqV =  6.8082540949E+02
           DelSqVen =  8.1590502142E+02
           DelSqVrep = -1.3507961193E+02
           DelSqG =  6.7012762955E+01
           DelSqK = -7.4783817244E+02
           Stress_EigVals = -1.5576158086E+00 -1.5575262494E+00 -1.4142771150E+00
           Stress_EigVec1 =  1.2139509895E-01 -1.2932514826E-01  9.8414340214E-01
           Stress_EigVec2 =  1.1556184428E-01  9.8657518728E-01  1.1539003421E-01
           Stress_EigVec3 =  9.8585429456E-01 -9.9721641967E-02 -1.3471044513E-01
           -DivStress = -7.4768125674E+00  7.6611930869E-01  1.0261812742E+00
           ESP =  -1.1137382449E+00     ESP at Nucleus =  -1.1161350032E+00
           ESPe = -1.7660706117E+01     ESPe at Nucleus = -1.7610979485E+01
           ESPn =  1.6546967872E+01     ESPn at Nucleus =  1.6494844481E+01

CP# 15     Coords =  3.88956300764782E+00 -1.77548285451087E+00 -4.29754884156254E+00
           Type = (3,-3) NACP H15
