AIMSum (Version 19.02.13, Professional)
Copyright (c) 1997-2019 by Todd A. Keith
AIMSum is a component of the AIMAll package ( http://aim.tkgristmill.com )

TP:  64-bit Linux

Much of the Quantum Theory of Atoms in Molecules (QTAIM) is described in the book:
  "Atoms in Molecules - A Quantum Theory"
  R.F.W. Bader, Oxford University Press, Oxford, 1990

For additional references see:  http://aim.tkgristmill.com/references.html

Wfn File:  /home/mhennefarth/Documents/ML_Diels/summary-gordillo2006/8cn-opt/8cn-opt.wfn
Sum File:  /home/mhennefarth/Documents/ML_Diels/summary-gordillo2006/8cn-opt/8cn-opt.sum

SumViz File:  /home/mhennefarth/Documents/ML_Diels/summary-gordillo2006/8cn-opt/8cn-opt.sumviz

Wfn Title:   Title Card Required                                                           
 
Total memory allocated for AIMSum =        1.428 Megabytes

Atomic units (a.u.) used throughout, except where stated otherwise

Model:  Restricted SCF
 
Restricted, closed-shell, single-determinant wavefunction.
  Number of electrons (from MO Occs)                   =          90.0000000000
  Number of Alpha electrons (from MO Occs)             =          45.0000000000
  Number of Beta electrons (from MO Occs)              =          45.0000000000
  Number of electron pairs (N*(N-1)/2)                 =        4005.0000000000
  Number of electron pairs (from Muller 2EDM)          =        4005.0000000000
 
Nuclear Charges and Cartesian Coordinates:
-------------------------------------------------------------------------------
Atom      Charge                X                  Y                  Z
-------------------------------------------------------------------------------
C1         6.0          -6.3285245300E+00  -1.1584946300E+00  -2.2573972000E+00
C2         6.0          -8.0663586100E+00  -5.3532461000E-01  -8.7208330000E-02
C3         6.0          -6.3702049600E+00  -7.6772944000E-01   2.1903361000E+00
C4         6.0          -4.0303502100E+00  -1.4322984100E+00   1.4244296400E+00
C5         6.0          -4.0047460400E+00  -1.6733351800E+00  -1.3433466700E+00
C6         6.0           1.5567558500E+00   3.6374173000E+00   5.8434030000E-02
C7         6.0           3.8216728700E+00   2.5113867500E+00  -1.0372995000E-01
C8         6.0           4.1178571200E+00  -2.7826437000E-01   5.8847850000E-02
O9         8.0           2.3236466300E+00  -1.7100230400E+00   3.5447744000E-01
C10        6.0           1.0983876400E+00   6.4220566300E+00  -8.8387170000E-02
H11        1.0          -8.8897945800E+00   1.3680486400E+00  -2.6265475000E-01
H12        1.0          -9.6832813100E+00  -1.8418641800E+00   1.3941570000E-02
H13        1.0          -9.1905630000E-02   2.4308911900E+00   3.1678816000E-01
H14        1.0           5.5306968900E+00   3.6303517300E+00  -3.6395277000E-01
H15        1.0          -6.9954264400E+00  -4.5104519000E-01   4.1158673800E+00
H16        1.0          -6.9160792300E+00  -1.1789982400E+00  -4.2203320900E+00
H17        1.0           2.8508846200E+00   7.4906978000E+00  -3.4511922000E-01
H18        1.0          -1.8167685000E-01   6.8696783600E+00  -1.6598019400E+00
H19        1.0           1.6066219000E-01   7.1009392900E+00   1.6344907900E+00
H20        1.0          -2.3379655800E+00  -2.1870506400E+00  -2.4189599000E+00
H21        1.0          -2.3834903800E+00  -1.7533839600E+00   2.6000683300E+00
C22        6.0           6.8111584100E+00  -1.2776599100E+00  -1.6456092000E-01
H23        1.0           7.9530729200E+00  -3.5502218000E-01   1.3093439400E+00
H24        1.0           7.5971472400E+00  -5.8405105000E-01  -1.9614848800E+00
C25        6.0           7.0044939000E+00  -4.1494759800E+00   1.5639470000E-02
H26        1.0           6.2591259600E+00  -4.8273163100E+00   1.8210688500E+00
H27        1.0           5.9042813300E+00  -5.0588903100E+00  -1.4801143900E+00
H28        1.0           8.9737271800E+00  -4.7624694800E+00  -1.5330971000E-01
 
Some Atomic Properties:
----------------------
  q(A) = Net Charge of Atom A
  L(A) = Lagrangian of Atom A = -(1/4) Times Atomic Integral of the Laplacian of the Electron Density
  K(A) = Electronic Kinetic Energy of Atom A (Hamiltonian Form)
  K_Scaled(A) = K(A) * E(Mol)/K(Mol) = Approximation to Virial-Based Total Energy of Atom A.
  |Mu_Intra(A)| = Magnitude of Intraatomic Dipole Moment of Atom A
--------------------------------------------------------------------------------------------------
Atom A          q(A)              L(A)              K(A)          K_Scaled(A)      |Mu_Intra(A)|
--------------------------------------------------------------------------------------------------
C1       -8.1687609500E-02 -1.6266016895E-04  3.7733476377E+01 -3.8106103890E+01  1.6651348091E-01
C2       -1.2391977600E-02 -1.4987345602E-04  3.7702369393E+01 -3.8074689716E+01  1.3836101786E-01
C3       -8.2829209600E-02  6.3429846149E-05  3.7733970604E+01 -3.8106602997E+01  1.6682815462E-01
C4       -5.3994054800E-02 -1.7387692899E-04  3.7731118956E+01 -3.8103723188E+01  1.7220385560E-01
C5       -5.2092344600E-02 -2.0480189868E-04  3.7729215492E+01 -3.8101800927E+01  1.6464605510E-01
C6       -3.0722899200E-02 -9.3928475820E-05  3.7724156950E+01 -3.8096692431E+01  8.1140638553E-02
C7       -7.2034356600E-02  4.3370823041E-05  3.7751683154E+01 -3.8124490463E+01  1.0019128380E-01
C8        1.0165546002E+00  3.6178571981E-04  3.7038320080E+01 -3.7404082750E+01  8.6180136951E-01
O9       -1.1771732101E+00  5.9977755758E-05  7.5289289279E+01 -7.6032789833E+01  5.1363862016E-01
C10      -2.0420902400E-02 -2.0799052941E-05  3.7685768929E+01 -3.8057925319E+01  1.0539603139E-01
H11       3.5468933880E-02  2.1460117962E-05  5.9301964582E-01 -5.9887586308E-01  1.5387789202E-01
H12       3.9070127760E-02  2.2248580666E-05  5.9158088155E-01 -5.9742289065E-01  1.5307411343E-01
H13       8.6770378190E-02  3.2007087950E-05  5.8177306393E-01 -5.8751821838E-01  1.3629364245E-01
H14       2.8785351970E-02  3.0222517662E-05  6.0125989062E-01 -6.0719748235E-01  1.5487346401E-01
H15       4.1855762500E-02  2.2735783889E-05  5.9350315316E-01 -5.9936414517E-01  1.5191164146E-01
H16       4.1745343020E-02  2.2828793782E-05  5.9355080022E-01 -5.9941226276E-01  1.5188830751E-01
H17       2.0615802380E-02  2.8698355379E-05  6.0253448846E-01 -6.0848466716E-01  1.5215975348E-01
H18       3.5586825240E-02  2.1096019865E-05  5.9465227635E-01 -6.0052461624E-01  1.5014717592E-01
H19       3.4656907160E-02  2.3022390132E-05  5.9501745526E-01 -6.0089340139E-01  1.5037974687E-01
H20       6.1304148600E-02  1.5692944739E-05  5.8756762275E-01 -5.9336999991E-01  1.4321182523E-01
H21       6.7648083340E-02  1.4992716270E-05  5.8543116497E-01 -5.9121244408E-01  1.4058521404E-01
C22      -1.6298518800E-02 -1.6732602342E-04  3.7714539308E+01 -3.8086979812E+01  7.0050447729E-02
H23       2.0339224140E-02  3.0181775417E-05  6.0415943188E-01 -6.1012565731E-01  1.5461498929E-01
H24       2.0360071860E-02  2.8100411472E-05  6.0413195957E-01 -6.1009791371E-01  1.5459810158E-01
C25      -7.1728353000E-03  1.2457959580E-04  3.7672689262E+01 -3.8044716487E+01  1.0547909907E-01
H26       2.5095522690E-02  2.5201452725E-05  6.0229404636E-01 -6.0824185064E-01  1.5041200387E-01
H27       2.4860348220E-02  2.5070450551E-05  6.0236923372E-01 -6.0831778049E-01  1.5046558957E-01
H28       6.1568717200E-03  2.8511588126E-05  6.0856287865E-01 -6.1457258922E-01  1.5615632478E-01
--------------------------------------------------------------------------------------------------
Total     5.6384370001E-05  7.1948722324E-05  4.9904800578E+02 -5.0397622960E+02
 
1st Largest |L(A)| = 3.6178571981E-04, atom C8      
2nd Largest |L(A)| = 2.0480189868E-04, atom C5      
 
Molecular charge q(Mol) from the wfn file:   0.0000000000E+00
Molecular energy E(Mol) from the wfn file:  -5.0397624116E+02
Molecular virial ratio (-V(Mol)/T(Mol)) from the wfn file:   2.0098752500E+00
Note.  K_Scaled(A) = (1+V(Mol)/T(Mol))*K(A) = (E(Mol)/T(Mol))*K(A)
       Only use K_Scaled(A) data with caution.
 
N_AIMInt(SumA)     =         89.999944
N_Analytic(Mol)    =         89.999984
 
G_AIMInt(SumA)     =        499.047934
G_Analytic(Mol)    =        499.047979
 
K_AIMInt(SumA)     =        499.048006
K_Analytic(Mol)    =        499.047979
 
L_AIMInt(SumA)     =          0.000072
L_Analytic(Mol)    =          0.000000
 
VenT_AIMInt(SumA)  =      -2424.849102
VenT_Analytic(Mol) =      -2424.849867
 
Some Information About the Atomic Calculations:
----------------------------------------------
  Time(sec) = "Elapsed User Time", in Seconds, for Atom A by AIMInt and, if used, by TWOe
  NProc = Number of Processors Used for AIMInt Job
  BIM = Basin Integration Method
  OAQ = Angular Quadrature Outside of Beta Sphere
  ORQ = Multiple of Default for Radial Quadrature Outside of Beta Sphere
  IAQ = Multiple of Default for Angular Quadrature Inside of Beta Sphere
  IRQ = Multiple of Default for Radial Quadrature Inside of Beta Sphere
  MIR = Maximum Integration Radius
------------------------------------------------------------------------------------------------------
Atom A     Time(sec)   NProc      BIM          OAQ                     ORQ      IAQ      IRQ      MIR
------------------------------------------------------------------------------------------------------
C1             23        8     Proaim(5)    4500(GS4)                  1.00     1.00     1.00    13.00
C2             24        8     Proaim(5)    4500(GS4)                  1.00     1.00     1.00    13.00
C3             22        8     Proaim(5)    4500(GS4)                  1.00     1.00     1.00    13.00
C4             37        8     Proaim(5)    4500(GS4)                  1.00     1.00     1.00    13.00
C5             28        8     Proaim(5)    4500(GS4)                  1.00     1.00     1.00    13.00
C6             31        8     Proaim(5)    4500(GS4)                  1.00     1.00     1.00    13.00
C7             28        8     Proaim(5)    4500(GS4)                  1.00     1.00     1.00    13.00
C8             35        8     Proaim(5)    4500(GS4)                  1.00     1.00     1.00    13.00
O9             28        8     Proaim(5)    4500(GS4)                  1.00     1.00     1.00    13.00
C10            27        8     Proaim(5)    4500(GS4)                  1.00     1.00     1.00    13.00
H11             6        8     Proaim(5)    1800(GS4)                  1.00     1.00     1.00    13.00
H12             7        8     Proaim(5)    1800(GS4)                  1.00     1.00     1.00    13.00
H13            20        8     Proaim(5)    4500(GS4)                  1.00     1.00     1.00    13.00
H14             7        8     Proaim(5)    1800(GS4)                  1.00     1.00     1.00    13.00
H15             5        8     Proaim(5)    1800(GS4)                  1.00     1.00     1.00    13.00
H16             6        8     Proaim(5)    1800(GS4)                  1.00     1.00     1.00    13.00
H17             7        8     Proaim(5)    1800(GS4)                  1.00     1.00     1.00    13.00
H18             6        8     Proaim(5)    1800(GS4)                  1.00     1.00     1.00    13.00
H19             7        8     Proaim(5)    1800(GS4)                  1.00     1.00     1.00    13.00
H20            15        8     Proaim(5)    4500(GS4)                  1.00     1.00     1.00    13.00
H21            15        8     Proaim(5)    4500(GS4)                  1.00     1.00     1.00    13.00
C22            31        8     Proaim(5)    4500(GS4)                  1.00     1.00     1.00    13.00
H23             6        8     Proaim(5)    1800(GS4)                  1.00     1.00     1.00    13.00
H24             6        8     Proaim(5)    1800(GS4)                  1.00     1.00     1.00    13.00
C25            26        8     Proaim(5)    4500(GS4)                  1.00     1.00     1.00    13.00
H26             6        8     Proaim(5)    1800(GS4)                  1.00     1.00     1.00    13.00
H27             7        8     Proaim(5)    1800(GS4)                  1.00     1.00     1.00    13.00
H28             6        8     Proaim(5)    1800(GS4)                  1.00     1.00     1.00    13.00
------------------------------------------------------------------------------------------------------
Total         472
Note:  Total wall clock time is less than total of atomic times if more than one atom
       was calculated at a time
 
Electron Density Critical Point Analysis of Molecular Structure:               
---------------------------------------------------------------                
  NACP = Nuclear Attractor Critical Point                                      
  NNACP = Non-Nuclear Attractor Critical Point                                 
  BCP = Bond Critical Point                                                    
  RCP = Ring Critical Point                                                    
  CCP = Cage Critical Point                                                    
  Rho = Electron Density                                                       
  GradRho = Gradient of Electron Density                                       
  HessRho_EigVals = Eigenvalues of the Hessian of Rho, Ascending Order         
  HessRho_EigVecs = Eigenvectors of the Hessian of Rho                         
  DelSqRho = Laplacian of Rho = Trace of Hessian of Rho                        
  Bond Ellipticity = (HessRho_EigVal(1) / HessRho_EigVal(2)) - 1               
  V = Virial Field = Potential Energy Density = Trace of Stress Tensor         
  G = Lagrangian Form of Kinetic Energy Density                                
  K = Hamiltonian Form of Kinetic Energy Density                               
  L = K - G = Lagrangian Density = (-1/4)DelSqRho                              
  Vnuc = Electrostatic Potential from Nuclei                                   
  Ven = Electron-nuclear attractive contribution to Virial Field V             
  Vrep = V - Ven = Repulsive contribution to Virial Field V                    
  DelSqV = Laplacian of V                                                      
  DelSqVen = Laplacian of Ven                                                  
  DelSqVrep = Laplacian of Vrep                                                
  DelSqG = Laplacian of G                                                      
  DelSqK = Laplacian of K                                                      
  Stress_EigVals = Eigenvalues of Stress Tensor, Ascending Order               
  Stress_EigVecs = Eigenvectors of Stress Tensor                               
  -DivStress = Ehrenfest Force Density = Minus Divergence of Stress Tensor     
  ESP = Total Electrostatic Potential                                          
  ESPe = Electrostatic Potential from Electrons                                
  ESPn = Electrostatic Potential from Nuclei                                   
  BP = Bond Path                                                               
  BPL = Bond Path Length                                                       
  GBL = Geometric Bond Length                                                  
  GBL_I = Distance Between Nuclear Attractors                                  
  GBL_II = Distance Between Nuclei                                             
  GBL_III = Sum of Distances Between BCP and Nuclear Attractors                
  GBL_IV = Sum of Distances Between BCP and Nuclei                             

CP# 1      Coords = -6.32852622127863E+00 -1.15849419596570E+00 -2.25739708088743E+00
           Type = (3,-3) NACP C1
           Rho =  1.1766860545E+02     Rho at Nucleus =  1.1766860523E+02
           GradRho = -1.1732868019E-09  2.8374917650E-10  8.0079715970E-11
           HessRho_EigVals = -1.4499222521E+05 -1.4499172727E+05 -1.4499130414E+05
           HessRho_EigVec1 =  2.5409253787E-01  9.6330519757E-01 -8.6487447255E-02
           HessRho_EigVec2 = -4.5515346391E-01  1.9799806928E-01  8.6811985857E-01
           HessRho_EigVec3 =  8.5338871945E-01 -1.8121771684E-01  4.8876152940E-01
           DelSqRho = -4.3497525662E+05
           Bond Ellipticity = NA
           V = -1.0875405410E+05
           G =  5.1199730692E+00
           K =  1.0874893413E+05
           L =  1.0874381416E+05
           Vnuc =  3.4283068717E+06
           Ven = -4.0340408864E+08
           Vrep =  4.0329533458E+08
           DelSqV =  2.4950432923E+09
           DelSqVen =  1.4912287703E+12
           DelSqVrep = -1.4887337270E+12
           DelSqG =  1.3401843900E+08
           DelSqK = -2.6290617313E+09
           Stress_EigVals = -3.6251617598E+04 -3.6251398455E+04 -3.6251038049E+04
           Stress_EigVec1 =  7.3966836571E-01 -1.3375414765E-01  6.5954570483E-01
           Stress_EigVec2 = -6.2515649483E-01  2.2625607121E-01  7.4698564056E-01
           Stress_EigVec3 =  2.4913864762E-01  9.6484092897E-01 -8.3737184308E-02
           -DivStress =  1.3741882248E+03 -3.5276070892E+02 -1.0266316828E+02
           ESP =  -1.4759413371E+01     ESP at Nucleus =  -1.4759413392E+01
           ESPe = -2.8357037713E+01     ESPe at Nucleus = -2.8357039001E+01
           ESPn =  1.3597624343E+01     ESPn at Nucleus =  1.3597625609E+01

CP# 2      Coords = -8.06635883254815E+00 -5.35324524430914E-01 -8.72083379944719E-02
           Type = (3,-3) NACP C2
           Rho =  1.1754141872E+02     Rho at Nucleus =  1.1754141872E+02
           GradRho =  5.0799439635E-11  6.8536508671E-12 -4.0327508123E-13
           HessRho_EigVals = -1.4483768483E+05 -1.4483759927E+05 -1.4483738174E+05
           HessRho_EigVec1 = -7.7123866202E-03  9.3121508607E-02  9.9562488103E-01
           HessRho_EigVec2 =  2.2855070580E-01  9.6946408321E-01 -8.8904253249E-02
           HessRho_EigVec3 =  9.7350146069E-01 -2.2686510529E-01  2.8759868341E-02
           DelSqRho = -4.3451266584E+05
           Bond Ellipticity = NA
           V = -1.0863860322E+05
           G =  5.2183797308E+00
           K =  1.0863338484E+05
           L =  1.0862816646E+05
           Vnuc =  2.5150302583E+07
           Ven = -2.9562022468E+09
           Vrep =  2.9560936082E+09
           DelSqV =  2.4924077634E+09
           DelSqVen =  1.0928124854E+13
           DelSqVrep = -1.0925632447E+13
           DelSqG =  1.3387820119E+08
           DelSqK = -2.6262859646E+09
           Stress_EigVals = -3.6212933869E+04 -3.6212873084E+04 -3.6212796267E+04
           Stress_EigVec1 =  9.7252557497E-01 -2.3101757568E-01  2.8720824573E-02
           Stress_EigVec2 =  2.3266247911E-01  9.6872089379E-01 -8.6301800408E-02
           Stress_EigVec3 = -7.8852301434E-03  9.0612966309E-02  9.9585496609E-01
           -DivStress =  1.7914842380E+02 -6.8950216585E+01  6.4529406963E+00
           ESP =  -1.4743007695E+01     ESP at Nucleus =  -1.4743007696E+01
           ESPe = -2.7801951413E+01     ESPe at Nucleus = -2.7801951793E+01
           ESPn =  1.3058943719E+01     ESPn at Nucleus =  1.3058944097E+01

CP# 3      Coords = -6.37020665129434E+00 -7.67729031366363E-01  2.19033587652327E+00
           Type = (3,-3) NACP C3
           Rho =  1.1766957683E+02     Rho at Nucleus =  1.1766957660E+02
           GradRho = -1.1646250199E-09  2.7859356228E-10 -1.4288196071E-10
           HessRho_EigVals = -1.4499353540E+05 -1.4499302373E+05 -1.4499259975E+05
           HessRho_EigVec1 =  2.5983902402E-01  9.6273612877E-01 -7.4985518254E-02
           HessRho_EigVec2 =  4.3583198684E-01 -4.7626388844E-02  8.9876704787E-01
           HessRho_EigVec3 =  8.6170421888E-01 -2.6621583994E-01 -4.3196639420E-01
           DelSqRho = -4.3497915888E+05
           Bond Ellipticity = NA
           V = -1.0875502677E+05
           G =  5.1185238882E+00
           K =  1.0874990825E+05
           L =  1.0874478972E+05
           Vnuc =  3.4202749378E+06
           Ven = -4.0246230456E+08
           Vrep =  4.0235354954E+08
           DelSqV =  2.4950656501E+09
           DelSqVen =  1.4877483500E+12
           DelSqVrep = -1.4852532843E+12
           DelSqG =  1.3401974058E+08
           DelSqK = -2.6290853907E+09
           Stress_EigVals = -3.6251942917E+04 -3.6251723821E+04 -3.6251360031E+04
           Stress_EigVec1 =  7.5199188752E-01 -2.4653493490E-01 -6.1133356442E-01
           Stress_EigVec2 =  6.0917431207E-01 -9.4386448310E-02  7.8739942589E-01
           Stress_EigVec3 =  2.5182307008E-01  9.6452668405E-01 -7.9204905949E-02
           -DivStress =  1.3741638728E+03 -3.3100279417E+02  1.8739360819E+02
           ESP =  -1.4759225808E+01     ESP at Nucleus =  -1.4759225830E+01
           ESPe = -2.8398729112E+01     ESPe at Nucleus = -2.8398730424E+01
           ESPn =  1.3639503304E+01     ESPn at Nucleus =  1.3639504594E+01

CP# 4      Coords = -4.03034948765484E+00 -1.43229857934561E+00  1.42442873577269E+00
           Type = (3,-3) NACP C4
           Rho =  1.1769296057E+02     Rho at Nucleus =  1.1769296047E+02
           GradRho =  1.7886570979E-10 -6.6337391743E-11 -2.6706994298E-10
           HessRho_EigVals = -1.4502275993E+05 -1.4502181800E+05 -1.4502146891E+05
           HessRho_EigVec1 =  2.3842767484E-01  9.6794749211E-01 -7.8929692655E-02
           HessRho_EigVec2 = -2.5090459432E-02  8.7386005992E-02  9.9585850140E-01
           HessRho_EigVec3 =  9.7083608952E-01 -2.3545984470E-01  4.5121489505E-02
           DelSqRho = -4.3506604684E+05
           Bond Ellipticity = NA
           V = -1.0877676385E+05
           G =  5.1260688790E+00
           K =  1.0877163778E+05
           L =  1.0876651171E+05
           Vnuc =  5.1297425491E+06
           Ven = -6.0373458758E+08
           Vrep =  6.0362581081E+08
           DelSqV =  2.4955623606E+09
           DelSqVen =  2.2317765755E+12
           DelSqVrep = -2.2292810131E+12
           DelSqG =  1.3404652714E+08
           DelSqK = -2.6296088877E+09
           Stress_EigVals = -3.6259209368E+04 -3.6259016286E+04 -3.6258538194E+04
           Stress_EigVec1 =  9.6194999512E-01 -2.2962019822E-01  1.4807691061E-01
           Stress_EigVec2 = -1.2459967015E-01  1.1365395706E-01  9.8567626544E-01
           Stress_EigVec3 =  2.4316070629E-01  9.6662161295E-01 -8.0718822476E-02
           -DivStress = -5.8106641087E+02  1.3770002011E+02  7.3878918197E+02
           ESP =  -1.4762526922E+01     ESP at Nucleus =  -1.4762526933E+01
           ESPe = -2.9588215641E+01     ESPe at Nucleus = -2.9588215316E+01
           ESPn =  1.4825688719E+01     ESPn at Nucleus =  1.4825688383E+01

CP# 5      Coords = -4.00474527291604E+00 -1.67333527680145E+00 -1.34334578948963E+00
           Type = (3,-3) NACP C5
           Rho =  1.1768811299E+02     Rho at Nucleus =  1.1768811289E+02
           GradRho =  2.8176620656E-10 -3.3883924529E-11  2.6266851423E-10
           HessRho_EigVals = -1.4501540482E+05 -1.4501446448E+05 -1.4501413478E+05
           HessRho_EigVec1 =  2.4078628626E-01  9.6702948214E-01 -8.2921318230E-02
           HessRho_EigVec2 = -2.7375011877E-02  9.2167493580E-02  9.9536714927E-01
           HessRho_EigVec3 =  9.7019202897E-01 -2.3740078727E-01  4.8665112052E-02
           DelSqRho = -4.3504400408E+05
           Bond Ellipticity = NA
           V = -1.0877124687E+05
           G =  5.1229259688E+00
           K =  1.0876612395E+05
           L =  1.0876100102E+05
           Vnuc =  5.1203954563E+06
           Ven = -6.0260967902E+08
           Vrep =  6.0250090777E+08
           DelSqV =  2.4954348707E+09
           DelSqVen =  2.2275971482E+12
           DelSqVrep = -2.2251016478E+12
           DelSqG =  1.3403841661E+08
           DelSqK = -2.6294732873E+09
           Stress_EigVals = -3.6257365808E+04 -3.6257179969E+04 -3.6256701095E+04
           Stress_EigVec1 =  9.6557525812E-01 -2.4956436116E-01 -7.3362460002E-02
           Stress_EigVec2 =  9.1267983958E-02  6.0933082000E-02  9.9396041904E-01
           Stress_EigVec3 =  2.4358689621E-01  9.6643923200E-01 -8.1612712492E-02
           -DivStress = -6.1726871354E+02  7.8030315780E+01 -7.1933218104E+02
           ESP =  -1.4761839054E+01     ESP at Nucleus =  -1.4761839066E+01
           ESPe = -2.9538344660E+01     ESPe at Nucleus = -2.9538344450E+01
           ESPn =  1.4776505606E+01     ESPn at Nucleus =  1.4776505384E+01

CP# 6      Coords =  1.55675537832583E+00  3.63741908079565E+00  5.84339557862716E-02
           Type = (3,-3) NACP C6
           Rho =  1.1771744692E+02     Rho at Nucleus =  1.1771744668E+02
           GradRho = -3.6252148896E-10  1.3427954062E-09 -5.4205364671E-11
           HessRho_EigVals = -1.4505222570E+05 -1.4505050996E+05 -1.4505013024E+05
           HessRho_EigVec1 =  1.0478855296E-01  6.8821875285E-02  9.9211033089E-01
           HessRho_EigVec2 = -1.0961209076E-01  9.9232382204E-01 -5.7259250484E-02
           HessRho_EigVec3 =  9.8843540443E-01  1.0274717364E-01 -1.1152788702E-01
           DelSqRho = -4.3515286590E+05
           Bond Ellipticity = NA
           V = -1.0879836521E+05
           G =  5.0743678272E+00
           K =  1.0879329084E+05
           L =  1.0878821647E+05
           Vnuc =  3.2543462324E+06
           Ven = -3.8309332988E+08
           Vrep =  3.8298453151E+08
           DelSqV =  2.4960553052E+09
           DelSqVen =  1.4161381130E+12
           DelSqVrep = -1.4136420577E+12
           DelSqG =  1.3407194681E+08
           DelSqK = -2.6301272520E+09
           Stress_EigVals = -3.6266458080E+04 -3.6266297452E+04 -3.6265609678E+04
           Stress_EigVec1 =  9.9232810494E-01 -7.2672357502E-02 -1.0001830130E-01
           Stress_EigVec2 =  6.5192343424E-02  9.9496454146E-01 -7.6128310050E-02
           Stress_EigVec3 =  1.0504708706E-01  6.9023834197E-02  9.9206895920E-01
           -DivStress =  3.8219381482E+02 -1.4523518375E+03  6.0898129187E+01
           ESP =  -1.4721607715E+01     ESP at Nucleus =  -1.4721607731E+01
           ESPe = -2.9501915580E+01     ESPe at Nucleus = -2.9501916912E+01
           ESPn =  1.4780307866E+01     ESPn at Nucleus =  1.4780309181E+01

CP# 7      Coords =  3.82167353557516E+00  2.51138618416954E+00 -1.03729981386698E-01
           Type = (3,-3) NACP C7
           Rho =  1.1769399999E+02     Rho at Nucleus =  1.1769399994E+02
           GradRho =  1.5052114398E-10 -7.3235747240E-11 -5.8046703837E-12
           HessRho_EigVals = -1.4502893746E+05 -1.4502839622E+05 -1.4502810281E+05
           HessRho_EigVec1 =  1.0503285126E-01  6.9931501569E-02  9.9200689778E-01
           HessRho_EigVec2 =  4.1036059144E-01  9.0559010075E-01 -1.0728818394E-01
           HessRho_EigVec3 =  9.0585445031E-01 -4.1834932115E-01 -6.6419578009E-02
           DelSqRho = -4.3508543649E+05
           Bond Ellipticity = NA
           V = -1.0878171200E+05
           G =  5.1764402635E+00
           K =  1.0877653556E+05
           L =  1.0877135912E+05
           Vnuc =  6.8638198202E+06
           Ven = -8.0783040986E+08
           Vrep =  8.0772162815E+08
           DelSqV =  2.4956798665E+09
           DelSqVen =  2.9863478559E+12
           DelSqVrep = -2.9838521760E+12
           DelSqG =  1.3405786237E+08
           DelSqK = -2.6297377289E+09
           Stress_EigVals = -3.6260801077E+04 -3.6260649668E+04 -3.6260261258E+04
           Stress_EigVec1 =  9.3717953581E-01 -3.4054431768E-01 -7.5657685398E-02
           Stress_EigVec2 =  3.3256595389E-01  9.3765796715E-01 -1.0098229033E-01
           Stress_EigVec3 =  1.0532997665E-01  6.9477365666E-02  9.9200730425E-01
           -DivStress = -5.3521696055E+02  4.5908268779E+02  2.4964509675E+01
           ESP =  -1.4740880621E+01     ESP at Nucleus =  -1.4740880631E+01
           ESPe = -2.9832196980E+01     ESPe at Nucleus = -2.9832197188E+01
           ESPn =  1.5091316359E+01     ESPn at Nucleus =  1.5091316558E+01

CP# 8      Coords =  4.11785590262053E+00 -2.78264975240593E-01  5.88480277177408E-02
           Type = (3,-3) NACP C8
           Rho =  1.1775323339E+02     Rho at Nucleus =  1.1775323326E+02
           GradRho = -5.6314656663E-10 -2.5607909765E-10  7.5336118495E-11
           HessRho_EigVals = -1.4508535213E+05 -1.4508313027E+05 -1.4508278603E+05
           HessRho_EigVec1 =  1.0761665067E-01  6.9254292199E-02  9.9177744455E-01
           HessRho_EigVec2 =  6.7315479815E-01  7.2903962298E-01 -1.2395098166E-01
           HessRho_EigVec3 =  7.3162919175E-01 -6.8095893499E-01 -3.1837943346E-02
           DelSqRho = -4.3525126843E+05
           Bond Ellipticity = NA
           V = -1.0882257031E+05
           G =  4.8765995962E+00
           K =  1.0881769371E+05
           L =  1.0881281711E+05
           Vnuc =  4.3760680176E+06
           Ven = -5.1529615863E+08
           Vrep =  5.1518733606E+08
           DelSqV =  2.4965995802E+09
           DelSqVen =  1.9046892175E+12
           DelSqVrep = -1.9021926180E+12
           DelSqG =  1.3409017512E+08
           DelSqK = -2.6306897553E+09
           Stress_EigVals = -3.6274515963E+04 -3.6274448801E+04 -3.6273605542E+04
           Stress_EigVec1 =  8.1449955735E-01  5.6586063004E-01 -1.2803209931E-01
           Stress_EigVec2 = -5.7006793731E-01  8.2158496065E-01  4.5496471140E-03
           Stress_EigVec3 =  1.0776371346E-01  6.9281309202E-02  9.9175958894E-01
           -DivStress =  9.8865414090E+02  4.9110183228E+02 -1.4433725235E+02
           ESP =  -1.4661444942E+01     ESP at Nucleus =  -1.4661444949E+01
           ESPe = -3.1144047625E+01     ESPe at Nucleus = -3.1144046398E+01
           ESPn =  1.6482602682E+01     ESPn at Nucleus =  1.6482601450E+01

CP# 9      Coords =  2.32365385359663E+00 -1.71001695613579E+00  3.54476223014768E-01
           Type = (3,-3) NACP O9
           Rho =  2.9033875656E+02     Rho at Nucleus =  2.9033872753E+02
           GradRho = -9.5762655211E-12  1.3947690862E-11 -6.8934952690E-12
           HessRho_EigVals = -6.4028106784E+05 -6.4027650756E+05 -6.4025727228E+05
           HessRho_EigVec1 =  1.1015544511E-01  7.0366675878E-02  9.9142034922E-01
           HessRho_EigVec2 =  7.7354295853E-01  6.2027305749E-01 -1.2997163333E-01
           HessRho_EigVec3 = -6.2409700306E-01  7.8122331319E-01  1.3894808097E-02
           DelSqRho = -1.9208148477E+06
           Bond Ellipticity = NA
           V = -4.8029584936E+05
           G =  4.6068718977E+01
           K =  4.8024978064E+05
           L =  4.8020371192E+05
           Vnuc =  8.4014461205E+05
           Ven = -2.4392654199E+08
           Vrep =  2.4344624614E+08
           DelSqV =  1.9807660505E+10
           DelSqVen =  1.6137622456E+12
           DelSqVrep = -1.5939545851E+12
           DelSqG =  1.0592830222E+09
           DelSqK = -2.0866943528E+10
           Stress_EigVals = -1.6010217589E+05 -1.6009738628E+05 -1.6009628719E+05
           Stress_EigVec1 = -6.2552482114E-01  7.8007592976E-01  1.4150687396E-02
           Stress_EigVec2 =  7.7240270407E-01  6.2172657540E-01 -1.2980804362E-01
           Stress_EigVec3 =  1.1005798873E-01  7.0268124058E-02  9.9143816240E-01
           -DivStress = -4.6575169609E+04 -3.9206896165E+04  7.8437767117E+03
           ESP =  -2.2337620211E+01     ESP at Nucleus =  -2.2337621305E+01
           ESPe = -3.6604155408E+01     ESPe at Nucleus = -3.6604141639E+01
           ESPn =  1.4266535197E+01     ESPn at Nucleus =  1.4266520333E+01

CP# 10     Coords =  1.09838757467241E+00  6.42205570662609E+00 -8.83870888415679E-02
           Type = (3,-3) NACP C10
           Rho =  1.1751216643E+02     Rho at Nucleus =  1.1751216636E+02
           GradRho = -1.1119896950E-11 -1.7060856464E-10  1.5312082306E-11
           HessRho_EigVals = -1.4480069374E+05 -1.4480043549E+05 -1.4480032470E+05
           HessRho_EigVec1 = -7.0846722676E-02  9.9565790182E-01 -6.0382815645E-02
           HessRho_EigVec2 =  9.1560193788E-02  6.6770521594E-02  9.9355846751E-01
           HessRho_EigVec3 =  9.9327613119E-01  6.4861698908E-02 -9.5893103064E-02
           DelSqRho = -4.3440145394E+05
           Bond Ellipticity = NA
           V = -1.0861089024E+05
           G =  5.2633783741E+00
           K =  1.0860562686E+05
           L =  1.0860036348E+05
           Vnuc =  6.4569509598E+06
           Ven = -7.5877029579E+08
           Vrep =  7.5866168490E+08
           DelSqV =  2.4917728865E+09
           DelSqVen =  2.8049089495E+12
           DelSqVrep = -2.8024171766E+12
           DelSqG =  1.3384344359E+08
           DelSqK = -2.6256163300E+09
           Stress_EigVals = -3.6203681643E+04 -3.6203644920E+04 -3.6203563678E+04
           Stress_EigVec1 =  9.9178517023E-01  8.1743387088E-02 -9.8387980875E-02
           Stress_EigVec2 =  9.2990594522E-02  6.7408604813E-02  9.9338251914E-01
           Stress_EigVec3 = -8.7834648309E-02  9.9437120768E-01 -5.9253488436E-02
           -DivStress =  5.3065319002E+01  7.4809276102E+02 -6.5774723420E+01
           ESP =  -1.4729493870E+01     ESP at Nucleus =  -1.4729493872E+01
           ESPe = -2.6776748809E+01     ESPe at Nucleus = -2.6776747558E+01
           ESPn =  1.2047254939E+01     ESPn at Nucleus =  1.2047253686E+01

CP# 11     Coords = -8.87677129291183E+00  1.33770469744389E+00 -2.59858459246351E-01
           Type = (3,-3) NACP H11
           Rho =  4.1711534076E-01     Rho at Nucleus =  4.1384566907E-01
           GradRho =  1.5898166173E-13 -3.8185006222E-13  3.5259675851E-14
           HessRho_EigVals = -6.3644963697E+00 -6.3634481298E+00 -5.8158274478E+00
           HessRho_EigVec1 =  7.5283676594E-03 -8.8549935320E-02 -9.9604328853E-01
           HessRho_EigVec2 =  9.1883530371E-01  3.9364303820E-01 -2.8050724209E-02
           HessRho_EigVec3 = -3.9456939609E-01  9.1498856137E-01 -8.4326296231E-02
           DelSqRho = -1.8543771947E+01
           Bond Ellipticity = NA
           V = -4.6457987514E+00
           G =  4.9278822977E-03
           K =  4.6408708691E+00
           L =  4.6359429868E+00
           Vnuc =  4.3241887105E+01
           Ven = -1.8036854475E+01
           Vrep =  1.3391055724E+01
           DelSqV =  7.0001525756E+02
           DelSqVen =  8.0186769305E+02
           DelSqVrep = -1.0185243549E+02
           DelSqG =  6.9042025153E+01
           DelSqK = -7.6905728271E+02
           Stress_EigVals = -1.5948886042E+00 -1.5948072414E+00 -1.4561029059E+00
           Stress_EigVec1 =  1.8491998516E-03  9.2562434401E-02  9.9570516530E-01
           Stress_EigVec2 = -9.1897293966E-01 -3.9246678628E-01  3.8191070116E-02
           Stress_EigVec3 = -3.9431626473E-01  9.1509672571E-01 -8.4336622921E-02
           -DivStress = -2.8959926732E+00  6.7474045456E+00 -6.2179585156E-01
           ESP =  -1.1091159047E+00     ESP at Nucleus =  -1.1113011813E+00
           ESPe = -1.4174895698E+01     ESPe at Nucleus = -1.4094870983E+01
           ESPn =  1.3065779793E+01     ESPn at Nucleus =  1.2983569802E+01

CP# 12     Coords = -9.65754260999192E+00 -1.82091266467421E+00  1.23152249795653E-02
           Type = (3,-3) NACP H12
           Rho =  4.1658591581E-01     Rho at Nucleus =  4.1330359499E-01
           GradRho =  1.2590915400E-15  4.4803754805E-16 -1.6961834769E-17
           HessRho_EigVals = -6.3558090824E+00 -6.3548938754E+00 -5.8063087032E+00
           HessRho_EigVec1 = -9.9624907651E-03  8.9507565860E-02  9.9593631545E-01
           HessRho_EigVec2 = -6.3081088503E-01  7.7223389240E-01 -7.5712896929E-02
           HessRho_EigVec3 =  7.7587265457E-01  6.2900175762E-01 -4.8768973815E-02
           DelSqRho = -1.8517011661E+01
           Bond Ellipticity = NA
           V = -4.6390981264E+00
           G =  4.9226055688E-03
           K =  4.6341755208E+00
           L =  4.6292529152E+00
           Vnuc =  4.2817333694E+01
           Ven = -1.7837098170E+01
           Vrep =  1.3198000043E+01
           DelSqV =  6.9893078840E+02
           DelSqVen =  7.9284906731E+02
           DelSqVrep = -9.3918278917E+01
           DelSqG =  6.8931267741E+01
           DelSqK = -7.6786205614E+02
           Stress_EigVals = -1.5927307864E+00 -1.5926538624E+00 -1.4537134776E+00
           Stress_EigVec1 = -6.7593998963E-03  8.5602807394E-02  9.9630641365E-01
           Stress_EigVec2 = -6.3111835402E-01  7.7246225499E-01 -7.0651877782E-02
           Stress_EigVec3 =  7.7565709804E-01  6.2926482817E-01 -4.8804121616E-02
           -DivStress = -5.7151945318E+00 -4.6522191264E+00  3.6113201176E-01
           ESP =  -1.1091198179E+00     ESP at Nucleus =  -1.1113128771E+00
           ESPe = -1.3831239694E+01     ESPe at Nucleus = -1.3746805106E+01
           ESPn =  1.2722119876E+01     ESPn at Nucleus =  1.2635492229E+01

CP# 13     Coords = -6.32580607529721E-02  2.45250197188413E+00  3.12265341934535E-01
           Type = (3,-3) NACP H13
           Rho =  4.2267834888E-01     Rho at Nucleus =  4.1876538041E-01
           GradRho =  1.1045606094E-14  8.1471389693E-15 -1.7720530650E-15
           HessRho_EigVals = -6.4400544345E+00 -6.4335817804E+00 -5.8155669050E+00
           HessRho_EigVec1 = -5.9847946853E-01  8.0110681714E-01  7.0847212122E-03
           HessRho_EigVec2 =  1.0448085521E-01  6.9280171478E-02  9.9211088530E-01
           HessRho_EigVec3 =  7.9429596287E-01  5.9449821309E-01 -1.2516308557E-01
           DelSqRho = -1.8689203120E+01
           Bond Ellipticity = NA
           V = -4.6813433333E+00
           G =  4.5212766562E-03
           K =  4.6768220566E+00
           L =  4.6723007800E+00
           Vnuc =  4.4297444787E+01
           Ven = -1.8723570822E+01
           Vrep =  1.4042227489E+01
           DelSqV =  7.0270537410E+02
           DelSqVen =  8.2788394331E+02
           DelSqVrep = -1.2517856921E+02
           DelSqG =  6.9219311448E+01
           DelSqK = -7.7192468555E+02
           Stress_EigVals = -1.6133138265E+00 -1.6119185084E+00 -1.4561109984E+00
           Stress_EigVec1 = -5.9713544525E-01  8.0211015708E-01  6.9682090352E-03
           Stress_EigVec2 =  1.0454082816E-01  6.9207210489E-02  9.9210965990E-01
           Stress_EigVec3 =  7.9529898483E-01  5.9315230584E-01 -1.2517933855E-01
           -DivStress = -6.4195890502E+00 -4.8430902523E+00  1.0135538153E+00
           ESP =  -1.1044105288E+00     ESP at Nucleus =  -1.1070277780E+00
           ESPe = -1.7753535960E+01     ESPe at Nucleus = -1.7700646586E+01
           ESPn =  1.6649125432E+01     ESPn at Nucleus =  1.6593618808E+01

CP# 14     Coords =  5.50238969290359E+00  3.61159021928857E+00 -3.59627462601001E-01
           Type = (3,-3) NACP H14
           Rho =  4.2743454169E-01     Rho at Nucleus =  4.2386526744E-01
           GradRho = -4.0851399547E-15 -2.4546735291E-15  5.4146665857E-16
           HessRho_EigVals = -6.5303610288E+00 -6.5232791984E+00 -5.9391098904E+00
           HessRho_EigVec1 = -5.5302530416E-01  8.3316371790E-01  1.1100113852E-03
           HessRho_EigVec2 =  1.0588336366E-01  6.8960114425E-02  9.9198448371E-01
           HessRho_EigVec3 =  8.2640893404E-01  5.4871005257E-01 -1.2635486518E-01
           DelSqRho = -1.8992750117E+01
           Bond Ellipticity = NA
           V = -4.7578421052E+00
           G =  4.8272879370E-03
           K =  4.7530148173E+00
           L =  4.7481875294E+00
           Vnuc =  4.3857646560E+01
           Ven = -1.8746273057E+01
           Vrep =  1.3988430952E+01
           DelSqV =  7.1607136956E+02
           DelSqVen =  8.3297732186E+02
           DelSqVrep = -1.1690595230E+02
           DelSqG =  7.0678618077E+01
           DelSqK = -7.8674998764E+02
           Stress_EigVals = -1.6357702949E+00 -1.6352596271E+00 -1.4868121833E+00
           Stress_EigVec1 = -5.5181544909E-01  8.3396545549E-01 -1.1529106328E-03
           Stress_EigVec2 =  1.0473894902E-01  7.0674678676E-02  9.9198530350E-01
           Stress_EigVec3 =  8.2736295705E-01  5.4727206109E-01 -1.2634804488E-01
           -DivStress =  6.4471509226E+00  4.2728435262E+00 -9.8509407809E-01
           ESP =  -1.0993332732E+00     ESP at Nucleus =  -1.1017452719E+00
           ESPe = -1.5746667639E+01     ESPe at Nucleus = -1.5655940158E+01
           ESPn =  1.4647334366E+01     ESPn at Nucleus =  1.4554194886E+01

CP# 15     Coords = -6.98495735781513E+00 -4.56383852916540E-01  4.08300945289111E+00
           Type = (3,-3) NACP H15
