AIMSum (Version 19.02.13, Professional)
Copyright (c) 1997-2019 by Todd A. Keith
AIMSum is a component of the AIMAll package ( http://aim.tkgristmill.com )

TP:  64-bit Linux

Much of the Quantum Theory of Atoms in Molecules (QTAIM) is described in the book:
  "Atoms in Molecules - A Quantum Theory"
  R.F.W. Bader, Oxford University Press, Oxford, 1990

For additional references see:  http://aim.tkgristmill.com/references.html

Wfn File:  /home/mhennefarth/Documents/ML_Diels/summary-gordillo2006/8tn-opt/8tn-opt.wfn
Sum File:  /home/mhennefarth/Documents/ML_Diels/summary-gordillo2006/8tn-opt/8tn-opt.sum

SumViz File:  /home/mhennefarth/Documents/ML_Diels/summary-gordillo2006/8tn-opt/8tn-opt.sumviz

Wfn Title:   Title Card Required                                                           
 
Total memory allocated for AIMSum =        1.458 Megabytes

Atomic units (a.u.) used throughout, except where stated otherwise

Model:  Restricted SCF
 
Restricted, closed-shell, single-determinant wavefunction.
  Number of electrons (from MO Occs)                   =          90.0000000000
  Number of Alpha electrons (from MO Occs)             =          45.0000000000
  Number of Beta electrons (from MO Occs)              =          45.0000000000
  Number of electron pairs (N*(N-1)/2)                 =        4005.0000000000
  Number of electron pairs (from Muller 2EDM)          =        4005.0000000000
 
Nuclear Charges and Cartesian Coordinates:
-------------------------------------------------------------------------------
Atom      Charge                X                  Y                  Z
-------------------------------------------------------------------------------
C1         6.0           3.4238062600E+00  -3.2173303700E+00   7.0721029000E-01
C2         6.0           4.1063348300E+00  -1.1738707200E+00   2.5681076300E+00
C3         6.0           5.8694736400E+00   4.9601179000E-01   1.0824233500E+00
C4         6.0           6.1314312000E+00  -4.5040655000E-01  -1.2724006100E+00
C5         6.0           4.6087847100E+00  -2.7614967100E+00  -1.5063674200E+00
C6         6.0          -8.6390772000E-01   3.2795483100E+00  -1.0462773100E+00
C7         6.0          -2.7856704400E+00   2.8071904200E+00   5.3992695000E-01
C8         6.0          -4.3481149600E+00   4.7685821000E-01   5.8177567000E-01
O9         8.0          -6.0137067500E+00   2.5372226000E-01   2.1717793200E+00
C10        6.0           6.9770446000E-01   5.6401968100E+00  -1.0481860500E+00
H11        1.0           2.4275165000E+00  -1.3606037000E-01   3.2260763600E+00
H12        1.0           5.0095780300E+00  -1.9419002800E+00   4.2771560100E+00
H13        1.0          -3.4196352000E-01   1.8671986100E+00  -2.4498787000E+00
H14        1.0          -3.3272043300E+00   4.1887403500E+00   1.9664834300E+00
H15        1.0           6.7696014100E+00   2.1721232600E+00   1.8427741300E+00
H16        1.0           2.1860688700E+00  -4.7911867900E+00   1.1406036400E+00
H17        1.0           9.9124650000E-02   6.9622102300E+00   4.2533554000E-01
H18        1.0           2.6987478900E+00   5.1768678300E+00  -7.5655951000E-01
H19        1.0           5.7427090000E-01   6.6045090600E+00  -2.8824154400E+00
H20        1.0           4.4953770400E+00  -3.9064895300E+00  -3.2042148000E+00
H21        1.0           7.2862800200E+00   3.3187812000E-01  -2.7761055000E+00
C22        6.0          -3.8520193600E+00  -1.5993040100E+00  -1.3615570800E+00
H23        1.0          -1.8613543000E+00  -2.1747872000E+00  -1.2172973000E+00
H24        1.0          -4.0537726600E+00  -7.7669181000E-01  -3.2585521100E+00
C25        6.0          -5.6035289800E+00  -3.8730992300E+00  -1.0478564400E+00
H26        1.0          -7.5851221300E+00  -3.3144491900E+00  -1.2334590800E+00
H27        1.0          -5.1898958500E+00  -5.3114333700E+00  -2.4776077400E+00
H28        1.0          -5.3833602000E+00  -4.7260947500E+00   8.2263254000E-01
 
Some Atomic Properties:
----------------------
  q(A) = Net Charge of Atom A
  L(A) = Lagrangian of Atom A = -(1/4) Times Atomic Integral of the Laplacian of the Electron Density
  K(A) = Electronic Kinetic Energy of Atom A (Hamiltonian Form)
  K_Scaled(A) = K(A) * E(Mol)/K(Mol) = Approximation to Virial-Based Total Energy of Atom A.
  |Mu_Intra(A)| = Magnitude of Intraatomic Dipole Moment of Atom A
--------------------------------------------------------------------------------------------------
Atom A          q(A)              L(A)              K(A)          K_Scaled(A)      |Mu_Intra(A)|
--------------------------------------------------------------------------------------------------
C1       -7.5546019400E-02  4.3471571147E-04  3.7731363563E+01 -3.8103618177E+01  1.7580465722E-01
C2       -1.2675366400E-02 -1.0095452183E-04  3.7705419891E+01 -3.8077418547E+01  1.5330038820E-01
C3       -7.5922781200E-02 -7.3419331199E-05  3.7731046624E+01 -3.8103298112E+01  1.7357952504E-01
C4       -5.8655647400E-02  7.7800909421E-05  3.7726971709E+01 -3.8099182993E+01  1.5560565654E-01
C5       -5.9433814500E-02  1.6104252398E-04  3.7726906263E+01 -3.8099116902E+01  1.5679404456E-01
C6       -4.9414896200E-02  1.9440017213E-04  3.7722796178E+01 -3.8094966268E+01  5.1803959511E-02
C7       -5.6923178400E-02  3.3032860101E-05  3.7750854893E+01 -3.8123301807E+01  8.6485612293E-02
C8        1.0124063531E+00  3.6704300570E-04  3.7036856660E+01 -3.7402259325E+01  8.7787408852E-01
O9       -1.1546626738E+00  3.6357295234E-05  7.5297333696E+01 -7.6040211167E+01  5.4130020809E-01
C10      -1.9832290500E-02 -2.0159939830E-04  3.7686017539E+01 -3.8057824773E+01  1.1340172935E-01
H11       5.3105299330E-02  2.0557256081E-05  5.8561684093E-01 -5.9139448984E-01  1.4796670154E-01
H12       4.6615872630E-02  2.4510837916E-05  5.8853062056E-01 -5.9433701658E-01  1.5085946717E-01
H13       4.6464981430E-02  9.7208665800E-05  5.9968589892E-01 -6.0560235202E-01  1.4297590157E-01
H14       5.3867139290E-02  2.5408843098E-05  5.9148493463E-01 -5.9732047767E-01  1.5350156405E-01
H15       4.8914487320E-02  2.4021990565E-05  5.9063119047E-01 -5.9645831054E-01  1.5013838000E-01
H16       5.2171222560E-02  1.7186301715E-05  5.8939734250E-01 -5.9521228953E-01  1.4903699075E-01
H17       2.3973344130E-02  2.3851835606E-05  6.0119395757E-01 -6.0712528906E-01  1.5112196978E-01
H18       3.7387541220E-02  2.4754614823E-05  5.9402574486E-01 -5.9988635534E-01  1.4848970686E-01
H19       2.9270175420E-02  2.3388301046E-05  5.9718387753E-01 -6.0307564589E-01  1.5152544561E-01
H20       4.5907075190E-02  2.1033801881E-05  5.9256375713E-01 -5.9840994375E-01  1.4956533118E-01
H21       4.4972383960E-02  2.0381846508E-05  5.9294116050E-01 -5.9879107055E-01  1.4973996267E-01
C22      -1.8210884400E-02  2.7289429702E-05  3.7714106966E+01 -3.8086191328E+01  7.8649211958E-02
H23       2.6453776180E-02  2.8577767020E-05  6.0320061473E-01 -6.0915174374E-01  1.4914193120E-01
H24       1.6948682070E-02  3.0989110064E-05  6.0728288580E-01 -6.1327429017E-01  1.5450565039E-01
C25      -6.1865444000E-03 -1.8807708861E-04  3.7671754984E+01 -3.8043421505E+01  1.0266512986E-01
H26       2.4689503400E-02  1.8126835376E-05  6.0272063577E-01 -6.0866702934E-01  1.5071135326E-01
H27       3.0872124000E-03  2.5266440306E-05  6.0978951920E-01 -6.1580565382E-01  1.5713805677E-01
H28       2.2235756390E-02  2.3561279228E-05  6.0354025498E-01 -6.0949473485E-01  1.5123975176E-01
--------------------------------------------------------------------------------------------------
Total     1.0067094200E-03  1.2164572948E-03  4.9905121820E+02 -5.0397481760E+02
 
1st Largest |L(A)| = 4.3471571147E-04, atom C1      
2nd Largest |L(A)| = 3.6704300570E-04, atom C8      
 
Molecular charge q(Mol) from the wfn file:   0.0000000000E+00
Molecular energy E(Mol) from the wfn file:  -5.0397452464E+02
Molecular virial ratio (-V(Mol)/T(Mol)) from the wfn file:   2.0098659200E+00
Note.  K_Scaled(A) = (1+V(Mol)/T(Mol))*K(A) = (E(Mol)/T(Mol))*K(A)
       Only use K_Scaled(A) data with caution.
 
N_AIMInt(SumA)     =         89.998993
N_Analytic(Mol)    =         89.999984
 
G_AIMInt(SumA)     =        499.050002
G_Analytic(Mol)    =        499.050893
 
K_AIMInt(SumA)     =        499.051218
K_Analytic(Mol)    =        499.050893
 
L_AIMInt(SumA)     =          0.001216
L_Analytic(Mol)    =          0.000000
 
VenT_AIMInt(SumA)  =      -2463.344072
VenT_Analytic(Mol) =      -2463.357941
 
Some Information About the Atomic Calculations:
----------------------------------------------
  Time(sec) = "Elapsed User Time", in Seconds, for Atom A by AIMInt and, if used, by TWOe
  NProc = Number of Processors Used for AIMInt Job
  BIM = Basin Integration Method
  OAQ = Angular Quadrature Outside of Beta Sphere
  ORQ = Multiple of Default for Radial Quadrature Outside of Beta Sphere
  IAQ = Multiple of Default for Angular Quadrature Inside of Beta Sphere
  IRQ = Multiple of Default for Radial Quadrature Inside of Beta Sphere
  MIR = Maximum Integration Radius
------------------------------------------------------------------------------------------------------
Atom A     Time(sec)   NProc      BIM          OAQ                     ORQ      IAQ      IRQ      MIR
------------------------------------------------------------------------------------------------------
C1            103        8    Promega(1)    4500(GS4)                  1.00     1.00     1.00    13.00
C2             32        8     Proaim(5)    4500(GS4)                  1.00     1.00     1.00    13.00
C3             39        8     Proaim(5)    4500(GS4)                  1.00     1.00     1.00    13.00
C4             29        8     Proaim(5)    4500(GS4)                  1.00     1.00     1.00    13.00
C5             89        8    Promega(1)    4500(GS4)                  1.00     1.00     1.00    13.00
C6            110        8     Proaim(5)    4500(GS4)                  1.00     1.00     1.00    13.00
C7             58        8     Proaim(5)    4500(GS4)                  1.00     1.00     1.00    13.00
C8             56        8     Proaim(5)    4500(GS4)                  1.00     1.00     1.00    13.00
O9             13        8     Proaim(5)    2700(GS4)                  1.00     1.00     1.00    13.00
C10            35        8     Proaim(5)    4500(GS4)                  1.00     1.00     1.00    13.00
H11            20        8     Proaim(5)    4500(GS4)                  1.00     1.00     1.00    13.00
H12             6        8     Proaim(5)    1800(GS4)                  1.00     1.00     1.00    13.00
H13            58        8     Proaim(5)    1800(GS4)                  1.00     1.00     1.00    13.00
H14             7        8     Proaim(5)    1800(GS4)                  1.00     1.00     1.00    13.00
H15             7        8     Proaim(5)    1800(GS4)                  1.00     1.00     1.00    13.00
H16            10        8     Proaim(5)    1800(GS4)                  1.00     1.00     1.00    13.00
H17             7        8     Proaim(5)    1800(GS4)                  1.00     1.00     1.00    13.00
H18            20        8     Proaim(5)    4500(GS4)                  1.00     1.00     1.00    13.00
H19             6        8     Proaim(5)    1800(GS4)                  1.00     1.00     1.00    13.00
H20             6        8     Proaim(5)    1800(GS4)                  1.00     1.00     1.00    13.00
H21             7        8     Proaim(5)    1800(GS4)                  1.00     1.00     1.00    13.00
C22            58        8     Proaim(5)    4500(GS4)                  1.00     1.00     1.00    13.00
H23            35        8     Proaim(5)    4500(GS4)                  1.00     1.00     1.00    13.00
H24             7        8     Proaim(5)    1800(GS4)                  1.00     1.00     1.00    13.00
C25            27        8     Proaim(5)    4500(GS4)                  1.00     1.00     1.00    13.00
H26             7        8     Proaim(5)    1800(GS4)                  1.00     1.00     1.00    13.00
H27             6        8     Proaim(5)    1800(GS4)                  1.00     1.00     1.00    13.00
H28             8        8     Proaim(5)    1800(GS4)                  1.00     1.00     1.00    13.00
------------------------------------------------------------------------------------------------------
Total         866
Note:  Total wall clock time is less than total of atomic times if more than one atom
       was calculated at a time
 
Electron Density Critical Point Analysis of Molecular Structure:               
---------------------------------------------------------------                
  NACP = Nuclear Attractor Critical Point                                      
  NNACP = Non-Nuclear Attractor Critical Point                                 
  BCP = Bond Critical Point                                                    
  RCP = Ring Critical Point                                                    
  CCP = Cage Critical Point                                                    
  Rho = Electron Density                                                       
  GradRho = Gradient of Electron Density                                       
  HessRho_EigVals = Eigenvalues of the Hessian of Rho, Ascending Order         
  HessRho_EigVecs = Eigenvectors of the Hessian of Rho                         
  DelSqRho = Laplacian of Rho = Trace of Hessian of Rho                        
  Bond Ellipticity = (HessRho_EigVal(1) / HessRho_EigVal(2)) - 1               
  V = Virial Field = Potential Energy Density = Trace of Stress Tensor         
  G = Lagrangian Form of Kinetic Energy Density                                
  K = Hamiltonian Form of Kinetic Energy Density                               
  L = K - G = Lagrangian Density = (-1/4)DelSqRho                              
  Vnuc = Electrostatic Potential from Nuclei                                   
  Ven = Electron-nuclear attractive contribution to Virial Field V             
  Vrep = V - Ven = Repulsive contribution to Virial Field V                    
  DelSqV = Laplacian of V                                                      
  DelSqVen = Laplacian of Ven                                                  
  DelSqVrep = Laplacian of Vrep                                                
  DelSqG = Laplacian of G                                                      
  DelSqK = Laplacian of K                                                      
  Stress_EigVals = Eigenvalues of Stress Tensor, Ascending Order               
  Stress_EigVecs = Eigenvectors of Stress Tensor                               
  -DivStress = Ehrenfest Force Density = Minus Divergence of Stress Tensor     
  ESP = Total Electrostatic Potential                                          
  ESPe = Electrostatic Potential from Electrons                                
  ESPn = Electrostatic Potential from Nuclei                                   
  BP = Bond Path                                                               
  BPL = Bond Path Length                                                       
  GBL = Geometric Bond Length                                                  
  GBL_I = Distance Between Nuclear Attractors                                  
  GBL_II = Distance Between Nuclei                                             
  GBL_III = Sum of Distances Between BCP and Nuclear Attractors                
  GBL_IV = Sum of Distances Between BCP and Nuclei                             

CP# 1      Coords =  3.42380579147219E+00 -3.21732993303316E+00  7.07211631901215E-01
           Type = (3,-3) NACP C1
           Rho =  1.1767747431E+02     Rho at Nucleus =  1.1767747415E+02
           GradRho = -2.6638440585E-10  2.1247461342E-10  6.6208539129E-10
           HessRho_EigVals = -1.4500372698E+05 -1.4500310619E+05 -1.4500273099E+05
           HessRho_EigVec1 =  7.7940819254E-01 -5.4365094683E-01  3.1139447236E-01
           HessRho_EigVec2 =  3.2605610383E-01  7.7638841891E-01  5.3935928669E-01
           HessRho_EigVec3 = -5.3498624894E-01 -3.1884897836E-01  7.8238420386E-01
           DelSqRho = -4.3500956416E+05
           Bond Ellipticity = NA
           V = -1.0876263501E+05
           G =  5.1219870504E+00
           K =  1.0875751303E+05
           L =  1.0875239104E+05
           Vnuc =  4.0349953525E+06
           Ven = -4.7482806193E+08
           Vrep =  4.7471929929E+08
           DelSqV =  2.4952398506E+09
           DelSqVen =  1.7552615670E+12
           DelSqVrep = -1.7527663271E+12
           DelSqG =  1.3402941709E+08
           DelSqK = -2.6292692677E+09
           Stress_EigVals = -3.6254481164E+04 -3.6254272295E+04 -3.6253881556E+04
           Stress_EigVec1 = -5.8661155553E-01 -4.7745980573E-01  6.5415519323E-01
           Stress_EigVec2 =  2.0533093000E-01  6.9365586413E-01  6.9042070605E-01
           Stress_EigVec3 =  7.8340672202E-01 -5.3932705853E-01  3.0886927951E-01
           -DivStress =  3.7709277154E+02 -3.5945667343E+02 -1.0905943533E+03
           ESP =  -1.4740942397E+01     ESP at Nucleus =  -1.4740942414E+01
           ESPe = -2.9587799269E+01     ESPe at Nucleus = -2.9587799463E+01
           ESPn =  1.4846856872E+01     ESPn at Nucleus =  1.4846857050E+01

CP# 2      Coords =  4.10633492380968E+00 -1.17387075989807E+00  2.56810755806532E+00
           Type = (3,-3) NACP C2
           Rho =  1.1754041261E+02     Rho at Nucleus =  1.1754041261E+02
           GradRho = -1.6536045378E-11 -9.0808378696E-12 -3.7037611855E-12
           HessRho_EigVals = -1.4483682552E+05 -1.4483665079E+05 -1.4483646598E+05
           HessRho_EigVec1 =  5.4971426237E-01  8.3131950988E-01  8.1988427505E-02
           HessRho_EigVec2 =  7.5283417822E-01 -5.3555425196E-01  3.8265172586E-01
           HessRho_EigVec3 = -3.6201509616E-01  1.4862542078E-01  9.2024755063E-01
           DelSqRho = -4.3450994229E+05
           Bond Ellipticity = NA
           V = -1.0863794501E+05
           G =  5.2297171824E+00
           K =  1.0863271529E+05
           L =  1.0862748557E+05
           Vnuc =  4.8089798627E+07
           Ven = -5.6524947731E+09
           Vrep =  5.6523861352E+09
           DelSqV =  2.4923928947E+09
           DelSqVen =  2.0895112888E+13
           DelSqVrep = -2.0892621020E+13
           DelSqG =  1.3387770534E+08
           DelSqK = -2.6262706000E+09
           Stress_EigVals = -3.6212716043E+04 -3.6212665743E+04 -3.6212563222E+04
           Stress_EigVec1 = -3.5246817161E-01  1.4045821615E-01  9.2522304204E-01
           Stress_EigVec2 =  7.5824024198E-01 -5.3659815098E-01  3.7031629698E-01
           Stress_EigVec3 =  5.4848694009E-01  8.3206605139E-01  8.2632697362E-02
           -DivStress = -7.7161978318E+01  3.2872758131E+01  6.0413758959E+01
           ESP =  -1.4729083118E+01     ESP at Nucleus =  -1.4729083118E+01
           ESPe = -2.9427428735E+01     ESPe at Nucleus = -2.9427428644E+01
           ESPn =  1.4698345617E+01     ESPn at Nucleus =  1.4698345526E+01

CP# 3      Coords =  5.86947298947441E+00  4.96011876855517E-01  1.08242469062996E+00
           Type = (3,-3) NACP C3
           Rho =  1.1767485360E+02     Rho at Nucleus =  1.1767485344E+02
           GradRho = -2.9379636571E-10  4.9296699535E-11  6.8287668098E-10
           HessRho_EigVals = -1.4499993855E+05 -1.4499932491E+05 -1.4499895058E+05
           HessRho_EigVec1 =  7.7744985662E-01 -5.4695156139E-01  3.1050879205E-01
           HessRho_EigVec2 =  6.2892385863E-01  6.8011464902E-01 -3.7669462994E-01
           HessRho_EigVec3 = -5.1478621133E-03  4.8814757367E-01  8.7274592284E-01
           DelSqRho = -4.3499821404E+05
           Bond Ellipticity = NA
           V = -1.0875979387E+05
           G =  5.1201797626E+00
           K =  1.0875467369E+05
           L =  1.0874955351E+05
           Vnuc =  4.0196999604E+06
           Ven = -4.7301760435E+08
           Vrep =  4.7290884456E+08
           DelSqV =  2.4951743644E+09
           DelSqVen =  1.7485624115E+12
           DelSqVrep = -1.7460672372E+12
           DelSqG =  1.3402539813E+08
           DelSqK = -2.6291997625E+09
           Stress_EigVals = -3.6253532306E+04 -3.6253325751E+04 -3.6252935813E+04
           Stress_EigVec1 =  1.3564572668E-01  6.2240197101E-01  7.7085408692E-01
           Stress_EigVec2 =  6.1549366087E-01  5.5675705925E-01 -5.5784328480E-01
           Stress_EigVec3 =  7.7638121452E-01 -5.5012486169E-01  3.0756275178E-01
           -DivStress =  5.3099886983E+02 -6.5397082287E+01 -1.0886275741E+03
           ESP =  -1.4740550664E+01     ESP at Nucleus =  -1.4740550682E+01
           ESPe = -2.9099225073E+01     ESPe at Nucleus = -2.9099225395E+01
           ESPn =  1.4358674408E+01     ESPn at Nucleus =  1.4358674714E+01

CP# 4      Coords =  6.13143104574416E+00 -4.50407312472299E-01 -1.27240177271918E+00
           Type = (3,-3) NACP C4
           Rho =  1.1767742867E+02     Rho at Nucleus =  1.1767742852E+02
           GradRho = -1.2443416610E-10 -3.3412656149E-10 -5.3841471429E-10
           HessRho_EigVals = -1.4500045701E+05 -1.4499960976E+05 -1.4499930510E+05
           HessRho_EigVec1 =  7.7857025267E-01 -5.5028554818E-01  3.0168556000E-01
           HessRho_EigVec2 =  5.8167226826E-01  8.1322885143E-01 -1.7782225192E-02
           HessRho_EigVec3 = -2.3555409991E-01  1.8932683555E-01  9.5324163535E-01
           DelSqRho = -4.3499937187E+05
           Bond Ellipticity = NA
           V = -1.0876008559E+05
           G =  5.1213136252E+00
           K =  1.0875496428E+05
           L =  1.0874984297E+05
           Vnuc =  4.2889301882E+06
           Ven = -5.0471027628E+08
           Vrep =  5.0460151619E+08
           DelSqV =  2.4951780660E+09
           DelSqVen =  1.8656817644E+12
           DelSqVrep = -1.8631865863E+12
           DelSqG =  1.3402298501E+08
           DelSqK = -2.6292010510E+09
           Stress_EigVals = -3.6253629237E+04 -3.6253458637E+04 -3.6252997720E+04
           Stress_EigVec1 = -3.3723825235E-01  4.5099525167E-02  9.4033844651E-01
           Stress_EigVec2 =  5.3004581711E-01  8.3458479578E-01  1.5006548711E-01
           Stress_EigVec3 =  7.7802428813E-01 -5.4903028285E-01  3.0535873264E-01
           -DivStress =  1.2801558683E+02  6.2275884791E+02  9.3891438325E+02
           ESP =  -1.4739626920E+01     ESP at Nucleus =  -1.4739626937E+01
           ESPe = -2.8901309539E+01     ESPe at Nucleus = -2.8901310434E+01
           ESPn =  1.4161682618E+01     ESPn at Nucleus =  1.4161683497E+01

CP# 5      Coords =  4.60878544894768E+00 -2.76149609084354E+00 -1.50636843893463E+00
           Type = (3,-3) NACP C5
           Rho =  1.1767816254E+02     Rho at Nucleus =  1.1767816240E+02
           GradRho =  3.0555965353E-10  2.6661824441E-10 -4.6393542025E-10
           HessRho_EigVals = -1.4500145810E+05 -1.4500060437E+05 -1.4500029829E+05
           HessRho_EigVec1 =  7.8602741011E-01 -5.3943611547E-01  3.0194302092E-01
           HessRho_EigVec2 =  5.0925047138E-01  8.4191810263E-01  1.7843168403E-01
           HessRho_EigVec3 = -3.5046378978E-01  1.3512431251E-02  9.3647880182E-01
           DelSqRho = -4.3500236076E+05
           Bond Ellipticity = NA
           V = -1.0876083217E+05
           G =  5.1209889541E+00
           K =  1.0875571118E+05
           L =  1.0875059019E+05
           Vnuc =  4.2774153029E+06
           Ven = -5.0335837327E+08
           Vrep =  5.0324961243E+08
           DelSqV =  2.4951952337E+09
           DelSqVen =  1.8606859551E+12
           DelSqVrep = -1.8581907598E+12
           DelSqG =  1.3402398986E+08
           DelSqK = -2.6292192236E+09
           Stress_EigVals = -3.6253879034E+04 -3.6253707710E+04 -3.6253245423E+04
           Stress_EigVec1 = -2.6055075695E-01  1.6091455175E-01  9.5195578158E-01
           Stress_EigVec2 =  5.6363899208E-01  8.2589108154E-01  1.4663152551E-02
           Stress_EigVec3 =  7.8385227541E-01 -5.4037989273E-01  3.0588426221E-01
           -DivStress = -6.0189364256E+02 -5.0587081750E+02  8.2144429576E+02
           ESP =  -1.4739682943E+01     ESP at Nucleus =  -1.4739682960E+01
           ESPe = -2.9148109573E+01     ESPe at Nucleus = -2.9148110609E+01
           ESPn =  1.4408426630E+01     ESPn at Nucleus =  1.4408427649E+01

CP# 6      Coords = -8.63906398366384E-01  3.27954929610497E+00 -1.04627787563516E+00
           Type = (3,-3) NACP C6
           Rho =  1.1770811658E+02     Rho at Nucleus =  1.1770811636E+02
           GradRho =  8.7226522218E-10  6.3132089305E-10 -3.9213166233E-10
           HessRho_EigVals = -1.4504070052E+05 -1.4503922841E+05 -1.4503889933E+05
           HessRho_EigVec1 =  6.3334983626E-01 -4.1493409579E-01  6.5322100477E-01
           HessRho_EigVec2 =  3.3536340505E-01  9.0788720584E-01  2.5153967486E-01
           HessRho_EigVec3 = -6.9742338035E-01  5.9753808523E-02  7.1416392439E-01
           DelSqRho = -4.3511882827E+05
           Bond Ellipticity = NA
           V = -1.0878984437E+05
           G =  5.0686523421E+00
           K =  1.0878477572E+05
           L =  1.0877970707E+05
           Vnuc =  3.4417826428E+06
           Ven = -4.0512575255E+08
           Vrep =  4.0501696271E+08
           DelSqV =  2.4958609652E+09
           DelSqVen =  1.4975843041E+12
           DelSqVrep = -1.4950884432E+12
           DelSqG =  1.3406164731E+08
           DelSqK = -2.6299226125E+09
           Stress_EigVals = -3.6263600601E+04 -3.6263430983E+04 -3.6262812788E+04
           Stress_EigVec1 = -7.1405489271E-01  6.7574689143E-03  7.0005710254E-01
           Stress_EigVec2 =  2.9543752110E-01  9.0946235511E-01  2.9256605368E-01
           Stress_EigVec3 =  6.3469857517E-01 -4.1573135707E-01  6.5140245426E-01
           -DivStress = -1.0771246851E+03 -8.0711760021E+02  4.5826074802E+02
           ESP =  -1.4718276743E+01     ESP at Nucleus =  -1.4718276762E+01
           ESPe = -3.0080362756E+01     ESPe at Nucleus = -3.0080363991E+01
           ESPn =  1.5362086013E+01     ESPn at Nucleus =  1.5362087229E+01

CP# 7      Coords = -2.78567059663316E+00  2.80718989863825E+00  5.39926821034099E-01
           Type = (3,-3) NACP C7
           Rho =  1.1771820465E+02     Rho at Nucleus =  1.1771820463E+02
           GradRho =  3.7277421276E-12 -6.6230874517E-11 -4.8419920417E-12
           HessRho_EigVals = -1.4506006920E+05 -1.4505930527E+05 -1.4505898302E+05
           HessRho_EigVec1 =  6.3619084306E-01 -4.1959530448E-01  6.4745732807E-01
           HessRho_EigVec2 =  2.6450886289E-01  9.0694379738E-01  3.2785364089E-01
           HessRho_EigVec3 = -7.2477325603E-01 -3.7319282575E-02  6.8797601592E-01
           DelSqRho = -4.3517835749E+05
           Bond Ellipticity = NA
           V = -1.0880492136E+05
           G =  5.1659925144E+00
           K =  1.0879975537E+05
           L =  1.0879458937E+05
           Vnuc =  1.0724835949E+07
           Ven = -1.2625084331E+09
           Vrep =  1.2623996282E+09
           DelSqV =  2.4962114561E+09
           DelSqVen =  4.6672164946E+12
           DelSqVrep = -4.6647202831E+12
           DelSqG =  1.3408755852E+08
           DelSqK = -2.6302990146E+09
           Stress_EigVals = -3.6268563602E+04 -3.6268398706E+04 -3.6267959049E+04
           Stress_EigVec1 = -7.2699563663E-01 -4.6227560524E-02  6.8508419699E-01
           Stress_EigVec2 =  2.5663966425E-01  9.0712740060E-01  3.3355053862E-01
           Stress_EigVec3 =  6.3687787452E-01 -4.1830956448E-01  6.4761383649E-01
           -DivStress =  1.2623908079E+02  4.2445718430E+02  1.0676667736E+02
           ESP =  -1.4742003079E+01     ESP at Nucleus =  -1.4742003080E+01
           ESPe = -3.0337762563E+01     ESPe at Nucleus = -3.0337762064E+01
           ESPn =  1.5595759484E+01     ESPn at Nucleus =  1.5595758984E+01

CP# 8      Coords = -4.34811579409344E+00  4.76858447967318E-01  5.81776694139366E-01
           Type = (3,-3) NACP C8
           Rho =  1.1775031026E+02     Rho at Nucleus =  1.1775031013E+02
           GradRho = -3.0540797295E-10  9.3279657653E-11  4.2043190110E-10
           HessRho_EigVals = -1.4508132714E+05 -1.4507915801E+05 -1.4507887939E+05
           HessRho_EigVec1 =  6.5343393387E-01 -4.2723759198E-01  6.2489369822E-01
           HessRho_EigVec2 = -7.5547838902E-01 -3.1602986291E-01  5.7391421787E-01
           HessRho_EigVec3 =  4.7712658667E-02  8.4710870952E-01  5.2927340425E-01
           DelSqRho = -4.3523936454E+05
           Bond Ellipticity = NA
           V = -1.0881960382E+05
           G =  4.8813425343E+00
           K =  1.0881472248E+05
           L =  1.0880984113E+05
           Vnuc =  4.4706603789E+06
           Ven = -5.2642164669E+08
           Vrep =  5.2631282709E+08
           DelSqV =  2.4965313507E+09
           DelSqVen =  1.9458071265E+12
           DelSqVrep = -1.9433106279E+12
           DelSqG =  1.3408616017E+08
           DelSqK = -2.6306175108E+09
           Stress_EigVals = -3.6273527361E+04 -3.6273445087E+04 -3.6272631370E+04
           Stress_EigVec1 = -6.9815553240E-01 -2.1521995207E-02  7.1562256553E-01
           Stress_EigVec2 =  2.9246387552E-01  9.0377262279E-01  3.1250588445E-01
           Stress_EigVec3 =  6.5348583313E-01 -4.2747146106E-01  6.2467945050E-01
           -DivStress =  6.7729170864E+02 -1.9390192662E+02 -8.3179929549E+02
           ESP =  -1.4666165248E+01     ESP at Nucleus =  -1.4666165255E+01
           ESPe = -3.1235074065E+01     ESPe at Nucleus = -3.1235073993E+01
           ESPn =  1.6568908817E+01     ESPn at Nucleus =  1.6568908737E+01

CP# 9      Coords = -6.01369986210547E+00  2.53723093728210E-01  2.17177268853450E+00
           Type = (3,-3) NACP O9
           Rho =  2.9037320071E+02     Rho at Nucleus =  2.9037317121E+02
           GradRho =  2.2038560928E-10 -1.4542758274E-12  1.3458160823E-10
           HessRho_EigVals = -6.4035822420E+05 -6.4035191099E+05 -6.4033212505E+05
           HessRho_EigVec1 =  6.5426069748E-01 -4.2671517923E-01  6.2438537423E-01
           HessRho_EigVec2 = -7.1800740840E-01 -9.1200039426E-02  6.9003471962E-01
           HessRho_EigVec3 =  2.3750431831E-01  8.9977592134E-01  3.6605326137E-01
           DelSqRho = -1.9210422602E+06
           Bond Ellipticity = NA
           V = -4.8035252664E+05
           G =  4.5980789818E+01
           K =  4.8030654585E+05
           L =  4.8026056506E+05
           Vnuc =  8.3355165490E+05
           Ven = -2.4204106199E+08
           Vrep =  2.4156070946E+08
           DelSqV =  1.9809990389E+10
           DelSqVen =  1.6012879539E+12
           DelSqVrep = -1.5814779635E+12
           DelSqG =  1.0594069773E+09
           DelSqK = -2.0869397366E+10
           Stress_EigVals = -1.6012130723E+05 -1.6011636926E+05 -1.6011485016E+05
           Stress_EigVec1 =  2.3805409336E-01  8.9984661098E-01  3.6552199023E-01
           Stress_EigVec2 = -7.1768104912E-01 -9.0602948866E-02  6.9045276261E-01
           Stress_EigVec3 =  6.5441894866E-01 -4.2669331184E-01  6.2423445697E-01
           -DivStress = -4.4402790016E+04 -5.3695400130E+03  4.2753249169E+04
           ESP =  -2.2342672298E+01     ESP at Nucleus =  -2.2342673408E+01
           ESPe = -3.5005444636E+01     ESPe at Nucleus = -3.5005424241E+01
           ESPn =  1.2662772338E+01     ESPn at Nucleus =  1.2662750833E+01

CP# 10     Coords =  6.97703922055984E-01  5.64019595935661E+00 -1.04818633273964E+00
           Type = (3,-3) NACP C10
           Rho =  1.1751571694E+02     Rho at Nucleus =  1.1751571686E+02
           GradRho = -1.3953086776E-10 -1.5183568942E-10 -6.8425544961E-11
           HessRho_EigVals = -1.4480578651E+05 -1.4480549185E+05 -1.4480537106E+05
           HessRho_EigVec1 =  4.8623778403E-01  8.7214982168E-01  5.4106431445E-02
           HessRho_EigVec2 =  5.0921870764E-01 -3.3312802670E-01  7.9355026659E-01
           HessRho_EigVec3 =  7.1011909224E-01 -3.5830211605E-01 -6.0609443857E-01
           DelSqRho = -4.3441664943E+05
           Bond Ellipticity = NA
           V = -1.0861468324E+05
           G =  5.2604404109E+00
           K =  1.0860942280E+05
           L =  1.0860416236E+05
           Vnuc =  5.7392891629E+06
           Ven = -6.7445668072E+08
           Vrep =  6.7434806604E+08
           DelSqV =  2.4918603566E+09
           DelSqVen =  2.4932431299E+12
           DelSqVrep = -2.4907513350E+12
           DelSqG =  1.3384877627E+08
           DelSqK = -2.6257091329E+09
           Stress_EigVals = -3.6204951773E+04 -3.6204912877E+04 -3.6204818588E+04
           Stress_EigVec1 =  6.8490271609E-01 -3.6677382497E-01 -6.2959132047E-01
           Stress_EigVec2 =  5.2582202281E-01 -3.4935814967E-01  7.7553857647E-01
           Stress_EigVec3 =  5.0440010887E-01  8.6222145912E-01  4.6418591033E-02
           -DivStress =  4.3672200527E+02  6.8947837423E+02  2.2933989315E+02
           ESP =  -1.4730402625E+01     ESP at Nucleus =  -1.4730402628E+01
           ESPe = -2.7571540890E+01     ESPe at Nucleus = -2.7571539580E+01
           ESPn =  1.2841138265E+01     ESPn at Nucleus =  1.2841136952E+01

CP# 11     Coords =  2.45473377540524E+00 -1.52883887000369E-01  3.21552092239500E+00
           Type = (3,-3) NACP H11
           Rho =  4.1481796931E-01     Rho at Nucleus =  4.1146074034E-01
           GradRho =  1.9676194200E-15 -1.0103248059E-15 -4.3520955171E-16
           HessRho_EigVals = -6.3272313173E+00 -6.3261845295E+00 -5.7719891593E+00
           HessRho_EigVec1 =  5.4367428694E-01  8.3650957394E-01  6.8337416090E-02
           HessRho_EigVec2 =  2.2932680253E-01 -2.2638258910E-01  9.4665735142E-01
           HessRho_EigVec3 =  8.0735833888E-01 -4.9900165938E-01 -3.1491245858E-01
           DelSqRho = -1.8425405006E+01
           Bond Ellipticity = NA
           V = -4.6161413589E+00
           G =  4.8950536983E-03
           K =  4.6112463052E+00
           L =  4.6063512515E+00
           Vnuc =  4.5575402071E+01
           Ven = -1.8905495738E+01
           Vrep =  1.4289354379E+01
           DelSqV =  6.9509001114E+02
           DelSqVen =  8.3974524148E+02
           DelSqVrep = -1.4465523034E+02
           DelSqG =  6.8547949430E+01
           DelSqK = -7.6363796057E+02
           Stress_EigVals = -1.5855427117E+00 -1.5854737240E+00 -1.4451249233E+00
           Stress_EigVec1 =  5.4625921118E-01  8.3386413548E-01  7.9192662243E-02
           Stress_EigVec2 =  2.2284341462E-01 -2.3581635586E-01  9.4590245738E-01
           Stress_EigVec3 =  8.0742905989E-01 -4.9906036696E-01 -3.1463798781E-01
           -DivStress = -6.0142644811E+00  3.7175222398E+00  2.3322137936E+00
           ESP =  -1.0946604622E+00     ESP at Nucleus =  -1.0969017413E+00
           ESPe = -1.6990435447E+01     ESPe at Nucleus = -1.6929305478E+01
           ESPn =  1.5895774985E+01     ESPn at Nucleus =  1.5832403737E+01

CP# 12     Coords =  4.99501707194738E+00 -1.92952151091718E+00  4.24968399280364E+00
           Type = (3,-3) NACP H12
           Rho =  4.1588087127E-01     Rho at Nucleus =  4.1255844546E-01
           GradRho = -1.6784474540E-15  7.9011741540E-16 -3.4396384861E-15
           HessRho_EigVals = -6.3449225046E+00 -6.3436611665E+00 -5.7919191723E+00
           HessRho_EigVec1 =  5.5749514901E-01  8.2660822170E-01  7.6928581456E-02
           HessRho_EigVec2 =  7.0744047613E-01 -4.2453616264E-01 -5.6506373034E-01
           HessRho_EigVec3 =  4.3442736052E-01 -3.6944268084E-01  8.2145296518E-01
           DelSqRho = -1.8480502843E+01
           Bond Ellipticity = NA
           V = -4.6299030253E+00
           G =  4.8886572442E-03
           K =  4.6250143681E+00
           L =  4.6201257108E+00
           Vnuc =  4.3880797686E+01
           Ven = -1.8249184374E+01
           Vrep =  1.3619281349E+01
           DelSqV =  6.9736374106E+02
           DelSqVen =  8.1093920641E+02
           DelSqVrep = -1.1357546535E+02
           DelSqG =  6.8777913225E+01
           DelSqK = -7.6614165429E+02
           Stress_EigVals = -1.5899511336E+00 -1.5898811555E+00 -1.4500707362E+00
           Stress_EigVec1 =  5.5015494344E-01  8.3095107022E-01  8.2763863526E-02
           Stress_EigVec2 =  7.1309937824E-01 -4.1591680426E-01 -5.6436024726E-01
           Stress_EigVec3 =  4.3453286982E-01 -3.6950443953E-01  8.2136937745E-01
           -DivStress =  3.2268368857E+00 -2.7432839364E+00  6.0883726759E+00
           ESP =  -1.0943890986E+00     ESP at Nucleus =  -1.0966140769E+00
           ESPe = -1.5094033366E+01     ESPe at Nucleus = -1.5003772781E+01
           ESPn =  1.3999644267E+01     ESPn at Nucleus =  1.3907158704E+01

CP# 13     Coords = -3.50811093596561E-01  1.89125001762144E+00 -2.42613722320132E+00
           Type = (3,-3) NACP H13
           Rho =  4.2908836456E-01     Rho at Nucleus =  4.2536259552E-01
           GradRho =  9.7640293627E-17  1.1185588876E-16  1.1011065149E-15
           HessRho_EigVals = -6.5564346429E+00 -6.5501203917E+00 -5.9472050827E+00
           HessRho_EigVec1 =  7.3260385802E-01  5.9505549701E-01 -3.3045505397E-01
           HessRho_EigVec2 =  6.3205294852E-01 -4.1457298822E-01  6.5470474850E-01
           HessRho_EigVec3 = -2.5258792032E-01  6.8850431582E-01  6.7982435202E-01
           DelSqRho = -1.9053760117E+01
           Bond Ellipticity = NA
           V = -4.7727613462E+00
           G =  4.6606584190E-03
           K =  4.7681006878E+00
           L =  4.7634400293E+00
           Vnuc =  4.5251558556E+01
           Ven = -1.9416917255E+01
           Vrep =  1.4644155909E+01
           DelSqV =  7.1766393883E+02
           DelSqVen =  8.6221234166E+02
           DelSqVrep = -1.4454840283E+02
           DelSqG =  7.0862052882E+01
           DelSqK = -7.8852599171E+02
           Stress_EigVals = -1.6425302962E+00 -1.6413145288E+00 -1.4889165212E+00
           Stress_EigVec1 =  7.2912784010E-01  5.9836072880E-01 -3.3217018381E-01
           Stress_EigVec2 =  6.3549597486E-01 -4.1181516143E-01  6.5311035725E-01
           Stress_EigVec3 = -2.5400287149E-01  6.8729375891E-01  6.8052173384E-01
           -DivStress =  2.0216408603E+00 -5.4934260755E+00 -5.4234213027E+00
           ESP =  -1.0959800087E+00     ESP at Nucleus =  -1.0984510494E+00
           ESPe = -1.7722401938E+01     ESPe at Nucleus = -1.7654167200E+01
           ESPn =  1.6626421929E+01     ESPn at Nucleus =  1.6555716151E+01

CP# 14     Coords = -3.31777656985464E+00  4.16554587978642E+00  1.94220393505164E+00
           Type = (3,-3) NACP H14
           Rho =  4.2509748235E-01     Rho at Nucleus =  4.2141901087E-01
           GradRho =  9.4443241883E-16 -2.7689100470E-15 -1.9688179716E-16
           HessRho_EigVals = -6.4941624154E+00 -6.4870541416E+00 -5.8916979072E+00
           HessRho_EigVec1 =  7.2068169027E-01  6.1583681234E-01 -3.1837544169E-01
           HessRho_EigVec2 =  6.4048842411E-01 -4.1570032196E-01  6.4573045530E-01
           HessRho_EigVec3 = -2.6531581161E-01  6.6928190091E-01  6.9402396012E-01
           DelSqRho = -1.8872914464E+01
           Bond Ellipticity = NA
           V = -4.7275451136E+00
           G =  4.6582487796E-03
           K =  4.7228868649E+00
           L =  4.7182286161E+00
           Vnuc =  4.3838191938E+01
           Ven = -1.8635505024E+01
           Vrep =  1.3907959910E+01
           DelSqV =  7.1100943548E+02
           DelSqVen =  8.2735444672E+02
           DelSqVrep = -1.1634501124E+02
           DelSqG =  7.0176256202E+01
           DelSqK = -7.8118569168E+02
           Stress_EigVals = -1.6265712069E+00 -1.6259602428E+00 -1.4750136640E+00
           Stress_EigVec1 =  7.2802484315E-01  6.1221256074E-01 -3.0850544278E-01
           Stress_EigVec2 =  6.3136754980E-01 -4.2341240916E-01  6.4968988666E-01
           Stress_EigVec3 = -2.6712327643E-01  6.6777070334E-01  6.9478589720E-01
           -DivStress = -2.1345849681E+00  5.2492940545E+00  5.4958911389E+00
           ESP =  -1.1067859010E+00     ESP at Nucleus =  -1.1092705838E+00
           ESPe = -1.6272254930E+01     ESPe at Nucleus = -1.6178071352E+01
           ESPn =  1.5165469029E+01     ESPn at Nucleus =  1.5068800769E+01

CP# 15     Coords =  6.75409539228158E+00  2.14338682815324E+00  1.82986393321049E+00
           Type = (3,-3) NACP H15
