AIMSum (Version 19.02.13, Professional)
Copyright (c) 1997-2019 by Todd A. Keith
AIMSum is a component of the AIMAll package ( http://aim.tkgristmill.com )

TP:  64-bit Linux

Much of the Quantum Theory of Atoms in Molecules (QTAIM) is described in the book:
  "Atoms in Molecules - A Quantum Theory"
  R.F.W. Bader, Oxford University Press, Oxford, 1990

For additional references see:  http://aim.tkgristmill.com/references.html

Wfn File:  /home/mhennefarth/Documents/ML_Diels/summary-gordillo2006/8tx-opt/8tx-opt.wfn
Sum File:  /home/mhennefarth/Documents/ML_Diels/summary-gordillo2006/8tx-opt/8tx-opt.sum

SumViz File:  /home/mhennefarth/Documents/ML_Diels/summary-gordillo2006/8tx-opt/8tx-opt.sumviz

Wfn Title:   Title Card Required                                                           
 
Total memory allocated for AIMSum =        1.398 Megabytes

Atomic units (a.u.) used throughout, except where stated otherwise

Model:  Restricted SCF
 
Restricted, closed-shell, single-determinant wavefunction.
  Number of electrons (from MO Occs)                   =          90.0000000000
  Number of Alpha electrons (from MO Occs)             =          45.0000000000
  Number of Beta electrons (from MO Occs)              =          45.0000000000
  Number of electron pairs (N*(N-1)/2)                 =        4005.0000000000
  Number of electron pairs (from Muller 2EDM)          =        4005.0000000000
 
Nuclear Charges and Cartesian Coordinates:
-------------------------------------------------------------------------------
Atom      Charge                X                  Y                  Z
-------------------------------------------------------------------------------
C1         6.0          -5.3112401800E+00   8.4053600000E-03   2.0457748300E+00
C2         6.0          -7.8805219600E+00   6.7427009000E-01   1.2262390800E+00
C3         6.0          -8.3582459500E+00  -4.2435013000E-01  -1.0243426100E+00
C4         6.0          -6.0707014900E+00  -1.9157242700E+00  -1.8306304700E+00
C5         6.0          -4.2214656200E+00  -1.4966535500E+00   2.9598238000E-01
C6         6.0           3.8111696100E+00   3.8134760200E+00  -2.7260801000E-01
C7         6.0           2.6151111700E+00   6.3751457100E+00  -4.1942040000E-01
C8         6.0           2.5342381700E+00   1.6302733000E+00  -9.0923690000E-02
C9         6.0           3.6784228800E+00  -9.2404007000E-01   5.5688400000E-02
O10        8.0           2.3099478100E+00  -2.7861881400E+00   2.1889768000E-01
H11        1.0           4.7680104000E-01   1.6284996800E+00  -3.9814600000E-02
H12        1.0           5.8701952900E+00   3.7826820100E+00  -3.2140328000E-01
H13        1.0          -6.5075813800E+00  -3.9341114900E+00  -2.0864673400E+00
H14        1.0          -5.3162561000E+00  -1.2687660400E+00  -3.6588201000E+00
H15        1.0          -2.3352632000E+00  -2.2970949300E+00   3.5278539000E-01
H16        1.0          -1.0087441170E+01  -2.9565822000E-01  -2.1158332900E+00
H17        1.0           3.1702608900E+00   7.3491384000E+00  -2.1663299800E+00
H18        1.0           5.5165398000E-01   6.2609548200E+00  -3.6182189000E-01
H19        1.0           3.2503112600E+00   7.5767798800E+00   1.1494184600E+00
H20        1.0          -4.4585439400E+00   6.3697213000E-01   3.8027039000E+00
H21        1.0          -9.1662489700E+00   1.8645975300E+00   2.2934930800E+00
C22        6.0           6.5508203300E+00  -1.2121040600E+00   8.4632000000E-04
H23        1.0           7.2635376100E+00  -3.2539941000E-01  -1.7368980400E+00
H24        1.0           7.3495809900E+00  -9.6317260000E-02   1.5599713100E+00
C25        6.0           7.4143169400E+00  -3.9622059600E+00   1.6982942000E-01
H26        1.0           9.4801093900E+00  -4.0765666700E+00   1.2320941000E-01
H27        1.0           6.7477779800E+00  -4.8418320900E+00   1.9175379200E+00
H28        1.0           6.6601003400E+00  -5.0733278600E+00  -1.4015238500E+00
 
Some Atomic Properties:
----------------------
  q(A) = Net Charge of Atom A
  L(A) = Lagrangian of Atom A = -(1/4) Times Atomic Integral of the Laplacian of the Electron Density
  K(A) = Electronic Kinetic Energy of Atom A (Hamiltonian Form)
  K_Scaled(A) = K(A) * E(Mol)/K(Mol) = Approximation to Virial-Based Total Energy of Atom A.
  |Mu_Intra(A)| = Magnitude of Intraatomic Dipole Moment of Atom A
--------------------------------------------------------------------------------------------------
Atom A          q(A)              L(A)              K(A)          K_Scaled(A)      |Mu_Intra(A)|
--------------------------------------------------------------------------------------------------
C1       -6.6845153000E-02  5.2729056557E-05  3.7729813636E+01 -3.8102598532E+01  1.5237465222E-01
C2       -5.8784627000E-02  1.1112494990E-05  3.7728348878E+01 -3.8101119302E+01  1.4856628104E-01
C3       -7.5987108100E-02  1.8356820035E-05  3.7731697577E+01 -3.8104501087E+01  1.6841983188E-01
C4       -1.2982674800E-02  1.0272392670E-04  3.7704783196E+01 -3.8077320781E+01  1.3860464665E-01
C5       -8.5552488300E-02  1.0155330689E-04  3.7738851094E+01 -3.8111725284E+01  2.2867585600E-01
C6       -5.1889275700E-02  3.2300045443E-05  3.7723018299E+01 -3.8095736054E+01  4.8383997888E-02
C7       -1.7913098700E-02 -1.1141522161E-04  3.7684004763E+01 -3.8056337050E+01  1.1063983063E-01
C8       -5.2355222900E-02 -2.0155404733E-04  3.7750793345E+01 -3.8123785528E+01  1.0403235868E-01
C9        1.0026161825E+00  1.9666126524E-04  3.7043299257E+01 -3.7409301130E+01  8.7932165069E-01
O10      -1.1587793167E+00  4.9392793170E-05  7.5284634731E+01 -7.6028475531E+01  5.1766470475E-01
H11       6.8455651860E-02  3.3207091106E-05  5.8563918692E-01 -5.9142552463E-01  1.4685462759E-01
H12       3.7144674880E-02 -6.1684194259E-06  6.0299113273E-01 -6.0894891426E-01  1.4605780532E-01
H13       4.2599495090E-02  2.8877875519E-05  5.9010431660E-01 -5.9593477149E-01  1.5207120050E-01
H14       3.9323355120E-02  2.4086830557E-05  5.9140709142E-01 -5.9725041822E-01  1.5279701144E-01
H15       9.9447505780E-02  1.3059249701E-05  5.7197522218E-01 -5.7762655472E-01  1.2568428566E-01
H16       4.3232088580E-02  1.8957438054E-05  5.9302358044E-01 -5.9888287877E-01  1.5142588064E-01
H17       3.1383937100E-02  2.2866894127E-05  5.9645514069E-01 -6.0234834413E-01  1.5090675144E-01
H18       3.2214166490E-02  1.7911786075E-05  5.9819076581E-01 -6.0410111789E-01  1.4885838099E-01
H19       3.1357329060E-02  2.4868186014E-05  5.9645750634E-01 -6.0235073315E-01  1.5091877827E-01
H20       3.8453415450E-02  2.0804350133E-05  5.9530653529E-01 -6.0118839008E-01  1.5147285177E-01
H21       3.8489148970E-02  2.0037829422E-05  5.9544886453E-01 -6.0133212559E-01  1.5125197366E-01
C22      -1.2970373100E-02  2.0267522894E-04  3.7710153818E+01 -3.8082744468E+01  7.4213740501E-02
H23       1.9117061020E-02  3.0426897080E-05  6.0668184428E-01 -6.1267609144E-01  1.5362150552E-01
H24       1.9230980890E-02  3.0613223163E-05  6.0664899353E-01 -6.1264291612E-01  1.5357388222E-01
C25      -5.4760783000E-03 -2.1709566374E-04  3.7672013119E+01 -3.8044226924E+01  1.0737159394E-01
H26       5.6280504700E-03  2.7216966738E-05  6.0886772916E-01 -6.1488357370E-01  1.5639895246E-01
H27       2.5885457970E-02  2.5616552752E-05  6.0227165285E-01 -6.0822232565E-01  1.5019944566E-01
H28       2.5504890540E-02  2.5794670807E-05  6.0242565825E-01 -6.0837785268E-01  1.5031021636E-01
--------------------------------------------------------------------------------------------------
Total     5.4797517000E-04  5.9561742711E-04  4.9904530693E+02 -5.0397606420E+02
 
1st Largest |L(A)| = 2.1709566374E-04, atom C25     
2nd Largest |L(A)| = 2.0267522894E-04, atom C22     
 
Molecular charge q(Mol) from the wfn file:   0.0000000000E+00
Molecular energy E(Mol) from the wfn file:  -5.0397595687E+02
Molecular virial ratio (-V(Mol)/T(Mol)) from the wfn file:   2.0098803800E+00
Note.  K_Scaled(A) = (1+V(Mol)/T(Mol))*K(A) = (E(Mol)/T(Mol))*K(A)
       Only use K_Scaled(A) data with caution.
 
N_AIMInt(SumA)     =         89.999452
N_Analytic(Mol)    =         89.999984
 
G_AIMInt(SumA)     =        499.044711
G_Analytic(Mol)    =        499.045164
 
K_AIMInt(SumA)     =        499.045307
K_Analytic(Mol)    =        499.045164
 
L_AIMInt(SumA)     =          0.000596
L_Analytic(Mol)    =          0.000000
 
VenT_AIMInt(SumA)  =      -2405.495725
VenT_Analytic(Mol) =      -2405.502857
 
Some Information About the Atomic Calculations:
----------------------------------------------
  Time(sec) = "Elapsed User Time", in Seconds, for Atom A by AIMInt and, if used, by TWOe
  NProc = Number of Processors Used for AIMInt Job
  BIM = Basin Integration Method
  OAQ = Angular Quadrature Outside of Beta Sphere
  ORQ = Multiple of Default for Radial Quadrature Outside of Beta Sphere
  IAQ = Multiple of Default for Angular Quadrature Inside of Beta Sphere
  IRQ = Multiple of Default for Radial Quadrature Inside of Beta Sphere
  MIR = Maximum Integration Radius
------------------------------------------------------------------------------------------------------
Atom A     Time(sec)   NProc      BIM          OAQ                     ORQ      IAQ      IRQ      MIR
------------------------------------------------------------------------------------------------------
C1             28        8     Proaim(5)    4500(GS4)                  1.00     1.00     1.00    13.00
C2             22        8     Proaim(5)    4500(GS4)                  1.00     1.00     1.00    13.00
C3             20        8     Proaim(5)    4500(GS4)                  1.00     1.00     1.00    13.00
C4             24        8     Proaim(5)    4500(GS4)                  1.00     1.00     1.00    13.00
C5             39        8     Proaim(5)    4500(GS4)                  1.00     1.00     1.00    13.00
C6             35        8     Proaim(5)    4500(GS4)                  1.00     1.00     1.00    13.00
C7             28        8     Proaim(5)    4500(GS4)                  1.00     1.00     1.00    13.00
C8             37        8     Proaim(5)    4500(GS4)                  1.00     1.00     1.00    13.00
C9             37        8     Proaim(5)    4500(GS4)                  1.00     1.00     1.00    13.00
O10            19        8     Proaim(5)    4500(GS4)                  1.00     1.00     1.00    13.00
H11            23        8     Proaim(5)    4500(GS4)                  1.00     1.00     1.00    13.00
H12             9        8     Proaim(5)    1800(GS4)                  1.00     1.00     1.00    13.00
H13             6        8     Proaim(5)    1800(GS4)                  1.00     1.00     1.00    13.00
H14             6        8     Proaim(5)    1800(GS4)                  1.00     1.00     1.00    13.00
H15            12        8     Proaim(5)    4500(GS4)                  1.00     1.00     1.00    13.00
H16             6        8     Proaim(5)    1800(GS4)                  1.00     1.00     1.00    13.00
H17             6        8     Proaim(5)    1800(GS4)                  1.00     1.00     1.00    13.00
H18             8        8     Proaim(5)    1800(GS4)                  1.00     1.00     1.00    13.00
H19             6        8     Proaim(5)    1800(GS4)                  1.00     1.00     1.00    13.00
H20             8        8     Proaim(5)    1800(GS4)                  1.00     1.00     1.00    13.00
H21             5        8     Proaim(5)    1800(GS4)                  1.00     1.00     1.00    13.00
C22            34        8     Proaim(5)    4500(GS4)                  1.00     1.00     1.00    13.00
H23             7        8     Proaim(5)    1800(GS4)                  1.00     1.00     1.00    13.00
H24             7        8     Proaim(5)    1800(GS4)                  1.00     1.00     1.00    13.00
C25            24        8     Proaim(5)    4500(GS4)                  1.00     1.00     1.00    13.00
H26             8        8     Proaim(5)    1800(GS4)                  1.00     1.00     1.00    13.00
H27             6        8     Proaim(5)    1800(GS4)                  1.00     1.00     1.00    13.00
H28             8        8     Proaim(5)    1800(GS4)                  1.00     1.00     1.00    13.00
------------------------------------------------------------------------------------------------------
Total         478
Note:  Total wall clock time is less than total of atomic times if more than one atom
       was calculated at a time
 
Electron Density Critical Point Analysis of Molecular Structure:               
---------------------------------------------------------------                
  NACP = Nuclear Attractor Critical Point                                      
  NNACP = Non-Nuclear Attractor Critical Point                                 
  BCP = Bond Critical Point                                                    
  RCP = Ring Critical Point                                                    
  CCP = Cage Critical Point                                                    
  Rho = Electron Density                                                       
  GradRho = Gradient of Electron Density                                       
  HessRho_EigVals = Eigenvalues of the Hessian of Rho, Ascending Order         
  HessRho_EigVecs = Eigenvectors of the Hessian of Rho                         
  DelSqRho = Laplacian of Rho = Trace of Hessian of Rho                        
  Bond Ellipticity = (HessRho_EigVal(1) / HessRho_EigVal(2)) - 1               
  V = Virial Field = Potential Energy Density = Trace of Stress Tensor         
  G = Lagrangian Form of Kinetic Energy Density                                
  K = Hamiltonian Form of Kinetic Energy Density                               
  L = K - G = Lagrangian Density = (-1/4)DelSqRho                              
  Vnuc = Electrostatic Potential from Nuclei                                   
  Ven = Electron-nuclear attractive contribution to Virial Field V             
  Vrep = V - Ven = Repulsive contribution to Virial Field V                    
  DelSqV = Laplacian of V                                                      
  DelSqVen = Laplacian of Ven                                                  
  DelSqVrep = Laplacian of Vrep                                                
  DelSqG = Laplacian of G                                                      
  DelSqK = Laplacian of K                                                      
  Stress_EigVals = Eigenvalues of Stress Tensor, Ascending Order               
  Stress_EigVecs = Eigenvectors of Stress Tensor                               
  -DivStress = Ehrenfest Force Density = Minus Divergence of Stress Tensor     
  ESP = Total Electrostatic Potential                                          
  ESPe = Electrostatic Potential from Electrons                                
  ESPn = Electrostatic Potential from Nuclei                                   
  BP = Bond Path                                                               
  BPL = Bond Path Length                                                       
  GBL = Geometric Bond Length                                                  
  GBL_I = Distance Between Nuclear Attractors                                  
  GBL_II = Distance Between Nuclei                                             
  GBL_III = Sum of Distances Between BCP and Nuclear Attractors                
  GBL_IV = Sum of Distances Between BCP and Nuclei                             

CP# 1      Coords = -5.31124115590413E+00  8.40629578530967E-03  2.04577564151062E+00
           Type = (3,-3) NACP C1
           Rho =  1.1767626612E+02     Rho at Nucleus =  1.1767626593E+02
           GradRho = -5.8814493260E-10  5.3327603119E-10  4.4728414115E-10
           HessRho_EigVals = -1.4499942175E+05 -1.4499863828E+05 -1.4499830818E+05
           HessRho_EigVec1 =  3.6989068267E-01  8.0237414331E-01 -4.6837657609E-01
           HessRho_EigVec2 =  8.9119830581E-01 -1.6394555049E-01  4.2295086736E-01
           HessRho_EigVec3 =  2.6257658425E-01 -5.7386199615E-01 -7.7571640873E-01
           DelSqRho = -4.3499636821E+05
           Bond Ellipticity = NA
           V = -1.0875933521E+05
           G =  5.1215782331E+00
           K =  1.0875421363E+05
           L =  1.0874909205E+05
           Vnuc =  3.8049333191E+06
           Ven = -4.4775034581E+08
           Vrep =  4.4764158647E+08
           DelSqV =  2.4951613733E+09
           DelSqVen =  1.6551321600E+12
           DelSqVrep = -1.6526369986E+12
           DelSqG =  1.3402250447E+08
           DelSqK = -2.6291838777E+09
           Stress_EigVals = -3.6253376564E+04 -3.6253201989E+04 -3.6252756655E+04
           Stress_EigVec1 = -9.1026403700E-02  5.3103112150E-01  8.4244889568E-01
           Stress_EigVec2 = -9.2665205628E-01  2.6466954148E-01 -2.6695692612E-01
           Stress_EigVec3 =  3.6473299881E-01  8.0495713042E-01 -4.6798916416E-01
           -DivStress =  7.9631480308E+02 -7.5639379793E+02 -6.5410743562E+02
           ESP =  -1.4758346429E+01     ESP at Nucleus =  -1.4758346449E+01
           ESPe = -2.8811880150E+01     ESPe at Nucleus = -2.8811881664E+01
           ESPn =  1.4053533722E+01     ESPn at Nucleus =  1.4053535215E+01

CP# 2      Coords = -7.88052146360663E+00  6.74270585203434E-01  1.22624030017138E+00
           Type = (3,-3) NACP C2
           Rho =  1.1767726298E+02     Rho at Nucleus =  1.1767726284E+02
           GradRho =  1.7210882182E-10  2.3518609022E-10  5.4130805594E-10
           HessRho_EigVals = -1.4500026610E+05 -1.4499942460E+05 -1.4499913365E+05
           HessRho_EigVec1 =  3.5925068017E-01  8.0604743985E-01 -4.7034718402E-01
           HessRho_EigVec2 = -9.3288530042E-01  3.2408489780E-01 -1.5714323173E-01
           HessRho_EigVec3 =  2.5767519443E-02  4.9523378695E-01  8.6837752804E-01
           DelSqRho = -4.3499882435E+05
           Bond Ellipticity = NA
           V = -1.0875994611E+05
           G =  5.1200097454E+00
           K =  1.0875482610E+05
           L =  1.0874970609E+05
           Vnuc =  4.2635418376E+06
           Ven = -5.0172193406E+08
           Vrep =  5.0161317412E+08
           DelSqV =  2.4951749214E+09
           DelSqVen =  1.8546355077E+12
           DelSqVrep = -1.8521403328E+12
           DelSqG =  1.3402283984E+08
           DelSqK = -2.6291977612E+09
           Stress_EigVals = -3.6253578009E+04 -3.6253414725E+04 -3.6252953372E+04
           Stress_EigVec1 =  1.6717005606E-01 -5.5080545992E-01 -8.1772092897E-01
           Stress_EigVec2 =  9.1835906199E-01 -2.1476323381E-01  3.3240545523E-01
           Stress_EigVec3 =  3.5870713071E-01  8.0652966388E-01 -4.6993520367E-01
           -DivStress = -4.0724560244E+02 -3.9782808090E+02 -9.8760086253E+02
           ESP =  -1.4756346818E+01     ESP at Nucleus =  -1.4756346836E+01
           ESPe = -2.7820842212E+01     ESPe at Nucleus = -2.7820843087E+01
           ESPn =  1.3064495394E+01     ESPn at Nucleus =  1.3064496251E+01

CP# 3      Coords = -8.35824564830417E+00 -4.24350994240190E-01 -1.02434385225423E+00
           Type = (3,-3) NACP C3
           Rho =  1.1766904652E+02     Rho at Nucleus =  1.1766904635E+02
           GradRho =  1.8462931032E-10 -4.5995597153E-10 -6.8153141518E-10
           HessRho_EigVals = -1.4499223016E+05 -1.4499167385E+05 -1.4499129247E+05
           HessRho_EigVec1 =  3.5433636562E-01  8.1030939921E-01 -4.6673806097E-01
           HessRho_EigVec2 =  8.8201983658E-01 -4.5540507566E-01 -1.2102572017E-01
           HessRho_EigVec3 =  3.1062316057E-01  3.6878841443E-01  8.7607554326E-01
           DelSqRho = -4.3497519648E+05
           Bond Ellipticity = NA
           V = -1.0875403814E+05
           G =  5.1195095718E+00
           K =  1.0874891863E+05
           L =  1.0874379912E+05
           Vnuc =  3.8883146917E+06
           Ven = -4.5753428234E+08
           Vrep =  4.5742552830E+08
           DelSqV =  2.4950423213E+09
           DelSqVen =  1.6913202217E+12
           DelSqVrep = -1.6888251794E+12
           DelSqG =  1.3401784302E+08
           DelSqK = -2.6290601643E+09
           Stress_EigVals = -3.6251609154E+04 -3.6251402584E+04 -3.6251026401E+04
           Stress_EigVec1 =  5.0306403275E-01  2.5684710360E-01  8.2520066912E-01
           Stress_EigVec2 =  7.8718542859E-01 -5.3030292000E-01 -3.1482997642E-01
           Stress_EigVec3 =  3.5674315685E-01  8.0796557997E-01 -4.6896262284E-01
           -DivStress = -2.5036497888E+02  7.0335611929E+02  1.0069441158E+03
           ESP =  -1.4757336603E+01     ESP at Nucleus =  -1.4757336621E+01
           ESPe = -2.7650360364E+01     ESPe at Nucleus = -2.7650360959E+01
           ESPn =  1.2893023761E+01     ESPn at Nucleus =  1.2893024338E+01

CP# 4      Coords = -6.07070159830069E+00 -1.91572430537651E+00 -1.83063067396401E+00
           Type = (3,-3) NACP C4
           Rho =  1.1754122805E+02     Rho at Nucleus =  1.1754122804E+02
           GradRho =  8.8610573330E-12 -1.1382347319E-11 -1.6997722238E-11
           HessRho_EigVals = -1.4483744820E+05 -1.4483735344E+05 -1.4483713656E+05
           HessRho_EigVec1 =  9.3317476678E-01 -2.7030858402E-01  2.3689264245E-01
           HessRho_EigVec2 =  3.5489631482E-01  7.9724070498E-01 -4.8831942830E-01
           HessRho_EigVec3 = -5.6863524054E-02  5.3975969443E-01  8.3989642927E-01
           DelSqRho = -4.3451193820E+05
           Bond Ellipticity = NA
           V = -1.0863843141E+05
           G =  5.2234322237E+00
           K =  1.0863320798E+05
           L =  1.0862798455E+05
           Vnuc =  2.5681910596E+07
           Ven = -3.0186833100E+09
           Vrep =  3.0185746716E+09
           DelSqV =  2.4924037401E+09
           DelSqVen =  1.1159054844E+13
           DelSqVrep = -1.1156570829E+13
           DelSqG =  1.3387797842E+08
           DelSqK = -2.6262817185E+09
           Stress_EigVals = -3.6212876977E+04 -3.6212816889E+04 -3.6212737548E+04
           Stress_EigVec1 = -8.4351020517E-02  5.4350183090E-01  8.3515906577E-01
           Stress_EigVec2 =  3.5789873940E-01  7.9874102629E-01 -4.8365407603E-01
           Stress_EigVec3 =  9.2994268516E-01 -2.5810566194E-01  2.6189324084E-01
           -DivStress =  8.8100551374E+01  2.7892649728E+01  1.6406653774E+02
           ESP =  -1.4744291549E+01     ESP at Nucleus =  -1.4744291550E+01
           ESPe = -2.8309763616E+01     ESPe at Nucleus = -2.8309763909E+01
           ESPn =  1.3565472067E+01     ESPn at Nucleus =  1.3565472360E+01

CP# 5      Coords = -4.22146633439590E+00 -1.49665395668474E+00  2.95980981108920E-01
           Type = (3,-3) NACP C5
           Rho =  1.1769013514E+02     Rho at Nucleus =  1.1769013494E+02
           GradRho = -4.0492516440E-10 -2.3337993804E-10 -8.1389917677E-10
           HessRho_EigVals = -1.4502176815E+05 -1.4502103438E+05 -1.4502056436E+05
           HessRho_EigVec1 =  3.5799904078E-01  8.1212876976E-01 -4.6074238803E-01
           HessRho_EigVec2 =  5.8994723609E-01  1.8574058131E-01  7.8578794536E-01
           HessRho_EigVec3 =  7.2373955635E-01 -5.5312502906E-01 -4.1261817313E-01
           DelSqRho = -4.3506336689E+05
           Bond Ellipticity = NA
           V = -1.0877608065E+05
           G =  5.1194630713E+00
           K =  1.0877096119E+05
           L =  1.0876584172E+05
           Vnuc =  3.6979104759E+06
           Ven = -4.3520758363E+08
           Vrep =  4.3509880755E+08
           DelSqV =  2.4955495763E+09
           DelSqVen =  1.6088252744E+12
           DelSqVrep = -1.6063297248E+12
           DelSqG =  1.3404834420E+08
           DelSqK = -2.6295979205E+09
           Stress_EigVals = -3.6258996700E+04 -3.6258745706E+04 -3.6258338244E+04
           Stress_EigVec1 =  7.6765749471E-01 -5.3880174715E-01 -3.4697931939E-01
           Stress_EigVec2 =  5.3198194701E-01  2.3385243114E-01  8.1382322927E-01
           Stress_EigVec3 =  3.5734742041E-01  8.0932423522E-01 -4.6615137392E-01
           -DivStress =  5.8709117973E+02  3.2968260220E+02  1.1375014760E+03
           ESP =  -1.4763353864E+01     ESP at Nucleus =  -1.4763353878E+01
           ESPe = -2.9450300619E+01     ESPe at Nucleus = -2.9450300452E+01
           ESPn =  1.4686946755E+01     ESPn at Nucleus =  1.4686946574E+01

CP# 6      Coords =  3.81116985273081E+00  3.81347779018524E+00 -2.72608136870453E-01
           Type = (3,-3) NACP C6
           Rho =  1.1770516151E+02     Rho at Nucleus =  1.1770516127E+02
           GradRho =  1.7095083097E-10  1.2567093704E-09 -8.6365777899E-11
           HessRho_EigVals = -1.4503657620E+05 -1.4503514974E+05 -1.4503481248E+05
           HessRho_EigVec1 =  2.4589244025E-02  6.8444674465E-02  9.9735184144E-01
           HessRho_EigVec2 =  7.5111394729E-01 -6.5963042045E-01  2.6749702709E-02
           HessRho_EigVec3 =  6.5971448920E-01  7.4846712349E-01 -6.7629562983E-02
           DelSqRho = -4.3510653842E+05
           Bond Ellipticity = NA
           V = -1.0878676655E+05
           G =  5.0659713195E+00
           K =  1.0878170058E+05
           L =  1.0877663460E+05
           Vnuc =  3.3496335907E+06
           Ven = -3.9426916278E+08
           Vrep =  3.9416037601E+08
           DelSqV =  2.4957901972E+09
           DelSqVen =  1.4574475510E+12
           DelSqVrep = -1.4549517280E+12
           DelSqG =  1.3405741853E+08
           DelSqK = -2.6298476157E+09
           Stress_EigVals = -3.6262572611E+04 -3.6262399754E+04 -3.6261794181E+04
           Stress_EigVec1 =  6.4263784633E-01  7.6312090518E-01 -6.8286767039E-02
           Stress_EigVec2 =  7.6577441349E-01 -6.4261375377E-01  2.5241060258E-02
           Stress_EigVec3 =  2.4620034948E-02  6.8513119582E-02  9.9734638232E-01
           -DivStress = -1.9278811188E+02 -1.4436257286E+03  1.0334928744E+02
           ESP =  -1.4713097557E+01     ESP at Nucleus =  -1.4713097578E+01
           ESPe = -2.8752995065E+01     ESPe at Nucleus = -2.8752996860E+01
           ESPn =  1.4039897508E+01     ESPn at Nucleus =  1.4039899282E+01

CP# 7      Coords =  2.61511197797738E+00  6.37514492542283E+00 -4.19420364704872E-01
           Type = (3,-3) NACP C7
           Rho =  1.1751224349E+02     Rho at Nucleus =  1.1751224340E+02
           GradRho =  2.1357005953E-10 -2.7699279003E-10  1.0779959221E-11
           HessRho_EigVals = -1.4480054601E+05 -1.4480026828E+05 -1.4480011755E+05
           HessRho_EigVec1 = -4.7135786835E-01  8.8059156445E-01 -4.8787873082E-02
           HessRho_EigVec2 =  2.4466240686E-02  6.8353462957E-02  9.9736112174E-01
           HessRho_EigVec3 =  8.8160261060E-01  4.6892035648E-01 -5.3763707756E-02
           DelSqRho = -4.3440093184E+05
           Bond Ellipticity = NA
           V = -1.0861075336E+05
           G =  5.2601984646E+00
           K =  1.0860549316E+05
           L =  1.0860023296E+05
           Vnuc =  5.3249170319E+06
           Ven = -6.2574294682E+08
           Vrep =  6.2563433606E+08
           DelSqV =  2.4917695196E+09
           DelSqVen =  2.3131486945E+12
           DelSqVrep = -2.3106569250E+12
           DelSqG =  1.3384300046E+08
           DelSqK = -2.6256125201E+09
           Stress_EigVals = -3.6203645975E+04 -3.6203597909E+04 -3.6203509472E+04
           Stress_EigVec1 =  8.8600020447E-01  4.6060590070E-01 -5.3346433096E-02
           Stress_EigVec2 =  2.4456656052E-02  6.8467751685E-02  9.9735351754E-01
           Stress_EigVec3 = -4.6303942560E-01  8.8496009583E-01 -4.9397561903E-02
           -DivStress = -6.5501231633E+02  6.3637163031E+02 -2.8631365875E+01
           ESP =  -1.4725916560E+01     ESP at Nucleus =  -1.4725916563E+01
           ESPe = -2.6492419116E+01     ESPe at Nucleus = -2.6492417983E+01
           ESPn =  1.1766502556E+01     ESPn at Nucleus =  1.1766501420E+01

CP# 8      Coords =  2.53423888002796E+00  1.63027277604227E+00 -9.09236717908014E-02
           Type = (3,-3) NACP C8
           Rho =  1.1771562184E+02     Rho at Nucleus =  1.1771562178E+02
           GradRho =  1.0941112513E-10 -8.8445846784E-11  3.1976722702E-12
           HessRho_EigVals = -1.4505671092E+05 -1.4505591708E+05 -1.4505558287E+05
           HessRho_EigVec1 =  2.4610279815E-02  6.8654588039E-02  9.9733689477E-01
           HessRho_EigVec2 = -6.6547229358E-01  7.4560598421E-01 -3.4904767400E-02
           HessRho_EigVec3 =  7.4601672944E-01  6.6284105474E-01 -6.4037298070E-02
           DelSqRho = -4.3516821087E+05
           Bond Ellipticity = NA
           V = -1.0880239235E+05
           G =  5.1698143846E+00
           K =  1.0879722253E+05
           L =  1.0879205272E+05
           Vnuc =  6.7980238236E+06
           Ven = -8.0023360168E+08
           Vrep =  8.0012479929E+08
           DelSqV =  2.4961534178E+09
           DelSqVen =  2.9582844232E+12
           DelSqVrep = -2.9557882698E+12
           DelSqG =  1.3408425087E+08
           DelSqK = -2.6302376686E+09
           Stress_EigVals = -3.6267723603E+04 -3.6267559308E+04 -3.6267109434E+04
           Stress_EigVec1 =  6.9387234530E-01  7.1702829022E-01 -6.6419872352E-02
           Stress_EigVec2 =  7.1967532161E-01 -6.9366878669E-01  2.9850390911E-02
           Stress_EigVec3 =  2.4669817509E-02  6.8513103746E-02  9.9734515325E-01
           -DivStress = -5.7963342947E+02  4.2489957998E+02 -1.4691844071E+01
           ESP =  -1.4738558603E+01     ESP at Nucleus =  -1.4738558605E+01
           ESPe = -3.0252820092E+01     ESPe at Nucleus = -3.0252819549E+01
           ESPn =  1.5514261489E+01     ESPn at Nucleus =  1.5514260944E+01

CP# 9      Coords =  3.67842173906340E+00 -9.24041082768189E-01  5.56884985871540E-02
           Type = (3,-3) NACP C9
           Rho =  1.1774967223E+02     Rho at Nucleus =  1.1774967206E+02
           GradRho = -6.0803759992E-10 -5.2384576787E-10  5.1393303743E-11
           HessRho_EigVals = -1.4507972322E+05 -1.4507751882E+05 -1.4507722212E+05
           HessRho_EigVec1 =  2.5683188126E-02  6.8296133564E-02  9.9733445342E-01
           HessRho_EigVec2 =  4.3837629385E-01  8.9585170470E-01 -7.2635722404E-02
           HessRho_EigVec3 =  8.9842450926E-01 -4.3907329835E-01  6.9310780515E-03
           DelSqRho = -4.3523446417E+05
           Bond Ellipticity = NA
           V = -1.0881838184E+05
           G =  4.8828989832E+00
           K =  1.0881349894E+05
           L =  1.0880861604E+05
           Vnuc =  3.9247255835E+06
           Ven = -4.6213515105E+08
           Vrep =  4.6202633267E+08
           DelSqV =  2.4965025098E+09
           DelSqVen =  1.7081758843E+12
           DelSqVrep = -1.7056793818E+12
           DelSqG =  1.3408378639E+08
           DelSqK = -2.6305862962E+09
           Stress_EigVals = -3.6273116157E+04 -3.6273048645E+04 -3.6272217037E+04
           Stress_EigVec1 =  6.1602030114E-01  7.8463938003E-01 -6.9713929015E-02
           Stress_EigVec2 =  7.8730956919E-01 -6.1616746342E-01  2.1938534173E-02
           Stress_EigVec3 =  2.5741616954E-02  6.8401025847E-02  9.9732575863E-01
           -DivStress =  9.2812850767E+02  8.2289049591E+02 -8.0093115541E+01
           ESP =  -1.4658844894E+01     ESP at Nucleus =  -1.4658844902E+01
           ESPe = -3.1097366102E+01     ESPe at Nucleus = -3.1097365208E+01
           ESPn =  1.6438521209E+01     ESPn at Nucleus =  1.6438520305E+01

CP# 10     Coords =  2.30995332070392E+00 -2.78618047126740E+00  2.18897010886530E-01
           Type = (3,-3) NACP O10
           Rho =  2.9035340874E+02     Rho at Nucleus =  2.9035338005E+02
           GradRho = -9.4852544222E-11 -1.0162730293E-10  2.8643574600E-12
           HessRho_EigVals = -6.4030942706E+05 -6.4030359333E+05 -6.4028390911E+05
           HessRho_EigVec1 =  2.5491910289E-02  6.8544811034E-02  9.9732230066E-01
           HessRho_EigVec2 =  6.0220595541E-01  7.9526158191E-01 -7.0050007906E-02
           HessRho_EigVec3 =  7.9793367505E-01 -6.0237913744E-01  2.1005356515E-02
           DelSqRho = -1.9208969295E+06
           Bond Ellipticity = NA
           V = -4.8031632024E+05
           G =  4.6043933392E+01
           K =  4.8027027631E+05
           L =  4.8022423238E+05
           Vnuc =  8.4504981696E+05
           Ven = -2.4536309491E+08
           Vrep =  2.4488277859E+08
           DelSqV =  1.9808491714E+10
           DelSqVen =  1.6232535977E+12
           DelSqVrep = -1.6034451060E+12
           DelSqG =  1.0593189891E+09
           DelSqK = -2.0867810703E+10
           Stress_EigVals = -1.6010917702E+05 -1.6010427971E+05 -1.6010286351E+05
           Stress_EigVec1 =  7.9859579700E-01 -6.0150360456E-01  2.0932432153E-02
           Stress_EigVec2 =  6.0133057952E-01  7.9593135504E-01 -6.9962934500E-02
           Stress_EigVec3 =  2.5422178199E-02  6.8459416995E-02  9.9732994595E-01
           -DivStress = -3.5537191368E+04 -4.9424633578E+04  4.3128798955E+03
           ESP =  -2.2333375919E+01     ESP at Nucleus =  -2.2333377002E+01
           ESPe = -3.5920306229E+01     ESPe at Nucleus = -3.5920290061E+01
           ESPn =  1.3586930310E+01     ESPn at Nucleus =  1.3586913059E+01

CP# 11     Coords =  5.12258241951877E-01  1.62882523249473E+00 -4.07166717227279E-02
           Type = (3,-3) NACP H11
           Rho =  4.2299303725E-01     Rho at Nucleus =  4.1921438374E-01
           GradRho =  7.7845715984E-17 -3.0520291155E-17  1.5280474368E-17
           HessRho_EigVals = -6.4558357523E+00 -6.4487980002E+00 -5.8458082889E+00
           HessRho_EigVec1 = -4.7436366826E-03  9.9764704480E-01 -6.8394969999E-02
           HessRho_EigVec2 =  2.4735335415E-02  6.8491874332E-02  9.9734498862E-01
           HessRho_EigVec3 =  9.9968278023E-01  3.0392697496E-03 -2.5002034846E-02
           DelSqRho = -1.8750442041E+01
           Bond Ellipticity = NA
           V = -4.6970059570E+00
           G =  4.6977233228E-03
           K =  4.6923082337E+00
           L =  4.6876105103E+00
           Vnuc =  4.4757242145E+01
           Ven = -1.8932001794E+01
           Vrep =  1.4234995837E+01
           DelSqV =  7.0583370025E+02
           DelSqVen =  8.3921807476E+02
           DelSqVrep = -1.3338437451E+02
           DelSqG =  6.9621294570E+01
           DelSqK = -7.7545499482E+02
           Stress_EigVals = -1.6169711375E+00 -1.6163561536E+00 -1.4636786659E+00
           Stress_EigVec1 = -6.6119963376E-03  9.9772072726E-01 -6.7153792931E-02
           Stress_EigVec2 =  2.4739825121E-02  6.7297919303E-02  9.9742615321E-01
           Stress_EigVec3 =  9.9967205751E-01  4.9336049787E-03 -2.5128409908E-02
           -DivStress = -7.9741267054E+00 -7.4174250071E-02  2.0293935129E-01
           ESP =  -1.1044231858E+00     ESP at Nucleus =  -1.1069659871E+00
           ESPe = -1.7668960629E+01     ESPe at Nucleus = -1.7603077395E+01
           ESPn =  1.6564537443E+01     ESPn at Nucleus =  1.6496111407E+01

CP# 12     Coords =  5.83559359455580E+00  3.78330025691478E+00 -3.20590286453658E-01
           Type = (3,-3) NACP H12
           Rho =  4.2960160495E-01     Rho at Nucleus =  4.2593647913E-01
           GradRho = -8.8551469511E-09  1.6008626041E-10  2.0793469051E-10
           HessRho_EigVals = -6.5648386601E+00 -6.5583318011E+00 -5.9611522609E+00
           HessRho_EigVec1 =  1.6482041275E-02  9.9746804309E-01 -6.9179804333E-02
           HessRho_EigVec2 =  2.4662275729E-02  6.8762586921E-02  9.9732817006E-01
           HessRho_EigVec3 =  9.9955996042E-01 -1.8144135473E-02 -2.3466484114E-02
           DelSqRho = -1.9084322722E+01
           Bond Ellipticity = NA
           V = -4.7804816170E+00
           G =  4.7004682068E-03
           K =  4.7757811487E+00
           L =  4.7710806805E+00
           Vnuc =  4.3291457804E+01
           Ven = -1.8598079753E+01
           Vrep =  1.3817598136E+01
           DelSqV =  7.1910055033E+02
           DelSqVen =  8.2618816659E+02
           DelSqVrep = -1.0708761626E+02
           DelSqG =  7.1000167965E+01
           DelSqK = -7.9010071829E+02
           Stress_EigVals = -1.6446411248E+00 -1.6434086612E+00 -1.4924318309E+00
           Stress_EigVec1 =  1.4465396675E-02  9.9749387254E-01 -6.9258404198E-02
           Stress_EigVec2 =  2.4663257221E-02  6.8888633292E-02  9.9731944729E-01
           Stress_EigVec3 =  9.9959115444E-01 -1.6134759254E-02 -2.3604946548E-02
           -DivStress =  7.9163777089E+00 -1.4064314879E-01 -1.8605294382E-01
           ESP =  -1.0897099633E+00     ESP at Nucleus =  -1.0921471244E+00
           ESPe = -1.5493432018E+01     ESPe at Nucleus = -1.5413274869E+01
           ESPn =  1.4403722055E+01     ESPn at Nucleus =  1.4321127745E+01

CP# 13     Coords = -6.50059310177812E+00 -3.90178193831100E+00 -2.08247393564219E+00
           Type = (3,-3) NACP H13
           Rho =  4.1618343310E-01     Rho at Nucleus =  4.1288702268E-01
           GradRho =  1.3281480353E-10  6.1447772780E-10  7.6109295175E-11
           HessRho_EigVals = -6.3501602067E+00 -6.3491022143E+00 -5.7995292100E+00
           HessRho_EigVec1 =  9.5410459354E-01 -2.3015198324E-01  1.9161025338E-01
           HessRho_EigVec2 = -2.1388624395E-01 -7.5858361496E-02  9.7390871422E-01
           HessRho_EigVec3 =  2.0961178221E-01  9.7019357532E-01  1.2160315440E-01
           DelSqRho = -1.8498791631E+01
           Bond Ellipticity = NA
           V = -4.6345141170E+00
           G =  4.9081046432E-03
           K =  4.6296060124E+00
           L =  4.6246979077E+00
           Vnuc =  4.3394189106E+01
           Ven = -1.8059942599E+01
           Vrep =  1.3425428482E+01
           DelSqV =  6.9818022857E+02
           DelSqVen =  8.0274006341E+02
           DelSqVrep = -1.0455983484E+02
           DelSqG =  6.8863524517E+01
           DelSqK = -7.6704375308E+02
           Stress_EigVals = -1.5913024592E+00 -1.5912102680E+00 -1.4520013899E+00
           Stress_EigVec1 =  9.3673760346E-01 -2.3483816839E-01  2.5956443695E-01
           Stress_EigVec2 = -2.8030975506E-01 -5.9155034471E-02  9.5808513354E-01
           Stress_EigVec3 =  2.0964041471E-01  9.7023281565E-01  1.2124017468E-01
           -DivStress = -1.5501195882E+00 -7.1717662000E+00 -8.8576567986E-01
           ESP =  -1.1096954143E+00     ESP at Nucleus =  -1.1118985871E+00
           ESPe = -1.4488646433E+01     ESPe at Nucleus = -1.4405162502E+01
           ESPn =  1.3378951019E+01     ESPn at Nucleus =  1.3293263915E+01

CP# 14     Coords = -5.32834829255568E+00 -1.27915367423118E+00 -3.62965898547706E+00
           Type = (3,-3) NACP H14
           Rho =  4.1664841705E-01     Rho at Nucleus =  4.1336396322E-01
           GradRho = -2.1994040568E-15 -1.4987337441E-15  3.6257236837E-15
           HessRho_EigVals = -6.3576869543E+00 -6.3565490142E+00 -5.8079142071E+00
           HessRho_EigVec1 = -9.0817566162E-01  3.2864960261E-01 -2.5924198416E-01
           HessRho_EigVec2 =  2.0784333605E-01  8.9163214029E-01  4.0223534661E-01
           HessRho_EigVec3 = -3.6334297201E-01 -3.1141863320E-01  8.7806623872E-01
           DelSqRho = -1.8522150176E+01
           Bond Ellipticity = NA
           V = -4.6403644355E+00
           G =  4.9134458061E-03
           K =  4.6354509897E+00
           L =  4.6305375439E+00
           Vnuc =  4.4001167438E+01
           Ven = -1.8333016762E+01
           Vrep =  1.3692652326E+01
           DelSqV =  6.9912919814E+02
           DelSqVen =  8.1499623119E+02
           DelSqVrep = -1.1586703306E+02
           DelSqG =  6.8959557102E+01
           DelSqK = -7.6808875524E+02
           Stress_EigVals = -1.5931739010E+00 -1.5930851547E+00 -1.4541053798E+00
           Stress_EigVec1 = -9.2190021631E-01  2.5611539611E-01 -2.9069725669E-01
           Stress_EigVec2 =  1.3425697125E-01  9.1502587526E-01  3.8039809841E-01
           Stress_EigVec3 = -3.6342132140E-01 -3.1166095598E-01  8.7794782970E-01
           -DivStress =  2.6858725126E+00  2.3071408393E+00 -6.4769580175E+00
           ESP =  -1.1096100530E+00     ESP at Nucleus =  -1.1118048232E+00
           ESPe = -1.5021054571E+01     ESPe at Nucleus = -1.4945254567E+01
           ESPn =  1.3911444518E+01     ESPn at Nucleus =  1.3833449743E+01

CP# 15     Coords = -2.36910998316855E+00 -2.28285865277896E+00  3.51620273023388E-01
           Type = (3,-3) NACP H15
