AIMSum (Version 19.02.13, Professional)
Copyright (c) 1997-2019 by Todd A. Keith
AIMSum is a component of the AIMAll package ( http://aim.tkgristmill.com )

TP:  64-bit Linux

Much of the Quantum Theory of Atoms in Molecules (QTAIM) is described in the book:
  "Atoms in Molecules - A Quantum Theory"
  R.F.W. Bader, Oxford University Press, Oxford, 1990

For additional references see:  http://aim.tkgristmill.com/references.html

Wfn File:  /home/mhennefarth/Documents/ML_Diels/summary-gordillo2006/9tx-opt/9tx-opt.wfn
Sum File:  /home/mhennefarth/Documents/ML_Diels/summary-gordillo2006/9tx-opt/9tx-opt.sum

SumViz File:  /home/mhennefarth/Documents/ML_Diels/summary-gordillo2006/9tx-opt/9tx-opt.sumviz

Wfn Title:   Title Card Required                                                           
 
Total memory allocated for AIMSum =        1.563 Megabytes

Atomic units (a.u.) used throughout, except where stated otherwise

Model:  Restricted SCF
 
Restricted, closed-shell, single-determinant wavefunction.
  Number of electrons (from MO Occs)                   =          90.0000000000
  Number of Alpha electrons (from MO Occs)             =          45.0000000000
  Number of Beta electrons (from MO Occs)              =          45.0000000000
  Number of electron pairs (N*(N-1)/2)                 =        4005.0000000000
  Number of electron pairs (from Muller 2EDM)          =        4005.0000000000
 
Nuclear Charges and Cartesian Coordinates:
-------------------------------------------------------------------------------
Atom      Charge                X                  Y                  Z
-------------------------------------------------------------------------------
C1         6.0          -4.5639015300E+00  -1.6466143400E+00   1.9012142100E+00
C2         6.0          -4.6447047900E+00   1.1330488400E+00   1.8710713500E+00
C3         6.0          -5.1310113700E+00   1.9343185800E+00  -5.0744140000E-01
C4         6.0          -5.4461435600E+00  -3.2608037000E-01  -2.2079893000E+00
C5         6.0          -4.9991798900E+00  -2.5278483300E+00  -4.5995710000E-01
C6         6.0           1.9879041400E+00   4.0883587100E+00   2.2878520000E-02
C7         6.0           2.8967933600E+00   6.7422028000E+00  -3.3097470000E-02
C8         6.0           3.4938276600E+00   2.0110925900E+00  -4.6562060000E-02
C9         6.0           2.3523602800E+00  -4.3225677000E-01   2.7105110000E-02
N10        7.0           3.4936464100E+00  -2.6231495600E+00  -5.5635090000E-02
C11        6.0           6.2483985900E+00  -2.9527487100E+00  -2.4677326000E-01
C12        6.0           2.0422827400E+00  -4.9930535500E+00   1.1956811000E-01
H13        1.0           5.5315713500E+00   2.2221973300E+00  -1.3543356000E-01
H14        1.0          -5.2657350000E-02   3.8060473700E+00   1.2972706000E-01
H15        1.0          -7.3697879000E+00  -3.9321865000E-01  -2.9993206100E+00
H16        1.0          -4.1779071900E+00  -3.0449061000E-01  -3.8562934200E+00
H17        1.0          -5.1530891100E+00  -4.4895465300E+00  -1.0321028800E+00
H18        1.0          -5.3893366700E+00   3.8711110400E+00  -1.1243896300E+00
H19        1.0           2.2284356500E+00   7.7538157900E+00   1.6524108300E+00
H20        1.0           4.9541681900E+00   6.8866395200E+00  -1.3484895000E-01
H21        1.0           2.0668630500E+00   7.7391977200E+00  -1.6544462600E+00
H22        1.0           3.0154066000E-01  -5.1947805000E-01   1.8706186000E-01
H23        1.0           7.1533389100E+00  -1.2414513900E+00  -9.3809536000E-01
H24        1.0           7.0117008400E+00  -3.4492509600E+00   1.6106085100E+00
H25        1.0           6.6321150800E+00  -4.4941029300E+00  -1.5649428500E+00
H26        1.0           2.7023946300E+00  -6.0701425300E+00   1.7566050400E+00
H27        1.0           3.5798290000E-02  -4.5670732000E+00   3.2085250000E-01
H28        1.0           2.3585354300E+00  -6.1081002300E+00  -1.5919795000E+00
H29        1.0          -4.2849477500E+00  -2.7766388600E+00   3.5904989700E+00
H30        1.0          -4.4240147000E+00   2.3140153500E+00   3.5334336800E+00
 
Some Atomic Properties:
----------------------
  q(A) = Net Charge of Atom A
  L(A) = Lagrangian of Atom A = -(1/4) Times Atomic Integral of the Laplacian of the Electron Density
  K(A) = Electronic Kinetic Energy of Atom A (Hamiltonian Form)
  K_Scaled(A) = K(A) * E(Mol)/K(Mol) = Approximation to Virial-Based Total Energy of Atom A.
  |Mu_Intra(A)| = Magnitude of Intraatomic Dipole Moment of Atom A
--------------------------------------------------------------------------------------------------
Atom A          q(A)              L(A)              K(A)          K_Scaled(A)      |Mu_Intra(A)|
--------------------------------------------------------------------------------------------------
C1       -7.6738696000E-02 -1.9431308353E-05  3.7735432613E+01 -3.8119247245E+01  1.8359049452E-01
C2       -7.3816007800E-02 -2.4917952815E-04  3.7733463208E+01 -3.8117257809E+01  1.8341172661E-01
C3       -8.3575534200E-02 -1.2014009942E-05  3.7734901571E+01 -3.8118710802E+01  1.9961711243E-01
C4       -1.7210751100E-02  9.6385031938E-05  3.7708646539E+01 -3.8092188725E+01  1.5351167726E-01
C5       -8.7071623200E-02  4.8332349627E-05  3.7735594795E+01 -3.8119411077E+01  2.0138056702E-01
C6       -4.1209990000E-03 -4.5578526912E-05  3.7714251815E+01 -3.8097851013E+01  1.1028815285E-01
C7       -2.4094394700E-02  7.3331790610E-06  3.7698667400E+01 -3.8082108085E+01  1.7261977050E-01
C8       -8.9194220000E-03  4.2127948766E-05  3.7712550888E+01 -3.8096132785E+01  1.8326698839E-01
C9        6.3300073950E-01 -4.7783370191E-05  3.7327712532E+01 -3.7707380162E+01  8.2132356887E-01
N10      -1.2332076590E+00 -3.3991011577E-05  5.4983725994E+01 -5.5542976468E+01  3.6172473531E-01
C11       2.8276780790E-01 -1.6030672803E-04  3.7530515183E+01 -3.7912245559E+01  5.3153402591E-01
C12       2.7734381800E-01 -1.2641398223E-04  3.7535751256E+01 -3.7917534889E+01  5.3903426661E-01
H13       7.7621724810E-02  2.2734121294E-05  5.8469541790E-01 -5.9064247193E-01  1.3787494506E-01
H14       9.7095658960E-02  2.3961931254E-05  5.7596876176E-01 -5.8182705523E-01  1.3906247091E-01
H15       7.9835076210E-02  2.2196996791E-05  5.7472495663E-01 -5.8057059911E-01  1.4242560469E-01
H16       4.5134423190E-02  2.4056839656E-05  5.8881535847E-01 -5.9480431724E-01  1.5064308010E-01
H17       6.6420741670E-02  2.5526300249E-05  5.8347849777E-01 -5.8941317426E-01  1.4575528579E-01
H18       6.7338265280E-02  1.5628570378E-05  5.8317685988E-01 -5.8910846835E-01  1.4560692630E-01
H19       7.9852556800E-02  2.3710745146E-05  5.7498435366E-01 -5.8083263451E-01  1.3975079784E-01
H20       5.4394588590E-02  2.7843834572E-05  5.8925546280E-01 -5.9524889796E-01  1.4318204603E-01
H21       7.9520596810E-02  2.3023031866E-05  5.7505458830E-01 -5.8090358353E-01  1.3984586651E-01
H22       1.4213399824E-01  5.5531079645E-05  5.6143804968E-01 -5.6714854837E-01  1.2839831745E-01
H23       7.6545450770E-02  2.2134032549E-05  5.8894604765E-01 -5.9493633569E-01  1.3217180300E-01
H24       8.8492371940E-02  2.7657294381E-05  5.7816405116E-01 -5.8404467336E-01  1.3858762788E-01
H25       8.6069643680E-02  3.1645022250E-05  5.8120364027E-01 -5.8711517873E-01  1.3863950082E-01
H26       8.1649836300E-02  2.8656490478E-05  5.8170668174E-01 -5.8762333674E-01  1.4014755978E-01
H27       9.0507742690E-02  2.5495152172E-05  5.7898338367E-01 -5.8487233946E-01  1.3620142645E-01
H28       8.0019836010E-02  2.8528198179E-05  5.8280600082E-01 -5.8873383721E-01  1.4030810687E-01
H29       6.0994515470E-02  1.9914846473E-05  5.8618279863E-01 -5.9214498111E-01  1.4562201679E-01
H30       6.2134438760E-02  2.0075602959E-05  5.8580903120E-01 -5.9176741202E-01  1.4548389789E-01
--------------------------------------------------------------------------------------------------
Total     1.0001187446E+00 -3.2199865701E-05  4.7960660774E+02 -4.8448478246E+02
 
1st Largest |L(A)| = 2.4917952815E-04, atom C2      
2nd Largest |L(A)| = 1.6030672803E-04, atom C11     
 
Molecular charge q(Mol) from the wfn file:   1.0000000000E+00
Molecular energy E(Mol) from the wfn file:  -4.8448479941E+02
Molecular virial ratio (-V(Mol)/T(Mol)) from the wfn file:   2.0101712000E+00
Note.  K_Scaled(A) = (1+V(Mol)/T(Mol))*K(A) = (E(Mol)/T(Mol))*K(A)
       Only use K_Scaled(A) data with caution.
 
N_AIMInt(SumA)     =         89.999881
N_Analytic(Mol)    =         89.999986
 
G_AIMInt(SumA)     =        479.606640
G_Analytic(Mol)    =        479.606590
 
K_AIMInt(SumA)     =        479.606608
K_Analytic(Mol)    =        479.606590
 
L_AIMInt(SumA)     =         -0.000032
L_Analytic(Mol)    =          0.000000
 
VenT_AIMInt(SumA)  =      -2433.968056
VenT_Analytic(Mol) =      -2433.967793
 
Some Information About the Atomic Calculations:
----------------------------------------------
  Time(sec) = "Elapsed User Time", in Seconds, for Atom A by AIMInt and, if used, by TWOe
  NProc = Number of Processors Used for AIMInt Job
  BIM = Basin Integration Method
  OAQ = Angular Quadrature Outside of Beta Sphere
  ORQ = Multiple of Default for Radial Quadrature Outside of Beta Sphere
  IAQ = Multiple of Default for Angular Quadrature Inside of Beta Sphere
  IRQ = Multiple of Default for Radial Quadrature Inside of Beta Sphere
  MIR = Maximum Integration Radius
------------------------------------------------------------------------------------------------------
Atom A     Time(sec)   NProc      BIM          OAQ                     ORQ      IAQ      IRQ      MIR
------------------------------------------------------------------------------------------------------
C1             40        8     Proaim(5)    4500(GS4)                  1.00     1.00     1.00    13.00
C2             31        8     Proaim(5)    4500(GS4)                  1.00     1.00     1.00    13.00
C3             39        8     Proaim(5)    4500(GS4)                  1.00     1.00     1.00    13.00
C4             26        8     Proaim(5)    4500(GS4)                  1.00     1.00     1.00    13.00
C5             38        8     Proaim(5)    4500(GS4)                  1.00     1.00     1.00    13.00
C6             26        8     Proaim(5)    4500(GS4)                  1.00     1.00     1.00    13.00
C7             25        8     Proaim(5)    4500(GS4)                  1.00     1.00     1.00    13.00
C8             26        8     Proaim(5)    4500(GS4)                  1.00     1.00     1.00    13.00
C9             28        8     Proaim(5)    4500(GS4)                  1.00     1.00     1.00    13.00
N10            31        8     Proaim(5)    4500(GS4)                  1.00     1.00     1.00    13.00
C11            26        8     Proaim(5)    4500(GS4)                  1.00     1.00     1.00    13.00
C12            30        8     Proaim(5)    4500(GS4)                  1.00     1.00     1.00    13.00
H13            17        8     Proaim(5)    4500(GS4)                  1.00     1.00     1.00    13.00
H14            17        8     Proaim(5)    4500(GS4)                  1.00     1.00     1.00    13.00
H15             6        8     Proaim(5)    1800(GS4)                  1.00     1.00     1.00    13.00
H16             8        8     Proaim(5)    1800(GS4)                  1.00     1.00     1.00    13.00
H17             8        8     Proaim(5)    1800(GS4)                  1.00     1.00     1.00    13.00
H18             9        8     Proaim(5)    1800(GS4)                  1.00     1.00     1.00    13.00
H19             6        8     Proaim(5)    1800(GS4)                  1.00     1.00     1.00    13.00
H20             7        8     Proaim(5)    1800(GS4)                  1.00     1.00     1.00    13.00
H21             7        8     Proaim(5)    1800(GS4)                  1.00     1.00     1.00    13.00
H22            19        8     Proaim(5)    4500(GS4)                  1.00     1.00     1.00    13.00
H23            13        8     Proaim(5)    4500(GS4)                  1.00     1.00     1.00    13.00
H24             6        8     Proaim(5)    1800(GS4)                  1.00     1.00     1.00    13.00
H25             6        8     Proaim(5)    1800(GS4)                  1.00     1.00     1.00    13.00
H26             6        8     Proaim(5)    1800(GS4)                  1.00     1.00     1.00    13.00
H27            17        8     Proaim(5)    4500(GS4)                  1.00     1.00     1.00    13.00
H28             7        8     Proaim(5)    1800(GS4)                  1.00     1.00     1.00    13.00
H29             7        8     Proaim(5)    1800(GS4)                  1.00     1.00     1.00    13.00
H30             7        8     Proaim(5)    1800(GS4)                  1.00     1.00     1.00    13.00
------------------------------------------------------------------------------------------------------
Total         539
Note:  Total wall clock time is less than total of atomic times if more than one atom
       was calculated at a time
 
Electron Density Critical Point Analysis of Molecular Structure:               
---------------------------------------------------------------                
  NACP = Nuclear Attractor Critical Point                                      
  NNACP = Non-Nuclear Attractor Critical Point                                 
  BCP = Bond Critical Point                                                    
  RCP = Ring Critical Point                                                    
  CCP = Cage Critical Point                                                    
  Rho = Electron Density                                                       
  GradRho = Gradient of Electron Density                                       
  HessRho_EigVals = Eigenvalues of the Hessian of Rho, Ascending Order         
  HessRho_EigVecs = Eigenvectors of the Hessian of Rho                         
  DelSqRho = Laplacian of Rho = Trace of Hessian of Rho                        
  Bond Ellipticity = (HessRho_EigVal(1) / HessRho_EigVal(2)) - 1               
  V = Virial Field = Potential Energy Density = Trace of Stress Tensor         
  G = Lagrangian Form of Kinetic Energy Density                                
  K = Hamiltonian Form of Kinetic Energy Density                               
  L = K - G = Lagrangian Density = (-1/4)DelSqRho                              
  Vnuc = Electrostatic Potential from Nuclei                                   
  Ven = Electron-nuclear attractive contribution to Virial Field V             
  Vrep = V - Ven = Repulsive contribution to Virial Field V                    
  DelSqV = Laplacian of V                                                      
  DelSqVen = Laplacian of Ven                                                  
  DelSqVrep = Laplacian of Vrep                                                
  DelSqG = Laplacian of G                                                      
  DelSqK = Laplacian of K                                                      
  Stress_EigVals = Eigenvalues of Stress Tensor, Ascending Order               
  Stress_EigVecs = Eigenvectors of Stress Tensor                               
  -DivStress = Ehrenfest Force Density = Minus Divergence of Stress Tensor     
  ESP = Total Electrostatic Potential                                          
  ESPe = Electrostatic Potential from Electrons                                
  ESPn = Electrostatic Potential from Nuclei                                   
  BP = Bond Path                                                               
  BPL = Bond Path Length                                                       
  GBL = Geometric Bond Length                                                  
  GBL_I = Distance Between Nuclear Attractors                                  
  GBL_II = Distance Between Nuclei                                             
  GBL_III = Sum of Distances Between BCP and Nuclear Attractors                
  GBL_IV = Sum of Distances Between BCP and Nuclei                             

CP# 1      Coords = -4.56390099882228E+00 -1.64661338954254E+00  1.90121498932562E+00
           Type = (3,-3) NACP C1
           Rho =  1.1769942218E+02     Rho at Nucleus =  1.1769942205E+02
           GradRho =  2.6888965707E-10  3.8069459607E-10  3.3347831744E-10
           HessRho_EigVals = -1.4503403247E+05 -1.4503313006E+05 -1.4503281656E+05
           HessRho_EigVec1 =  9.7509217646E-01 -1.6505260906E-02 -2.2118504420E-01
           HessRho_EigVec2 =  6.4918937213E-03  9.9892392418E-01 -4.5922206237E-02
           HessRho_EigVec3 =  2.2170499031E-01  4.3342474227E-02  9.7415005374E-01
           DelSqRho = -4.3509997908E+05
           Bond Ellipticity = NA
           V = -1.0878524091E+05
           G =  5.1230677967E+00
           K =  1.0878011784E+05
           L =  1.0877499477E+05
           Vnuc =  4.4810375925E+06
           Ven = -5.2741553540E+08
           Vrep =  5.2730675016E+08
           DelSqV =  2.4957597459E+09
           DelSqVen =  1.9496992123E+12
           DelSqVrep = -1.9472034208E+12
           DelSqG =  1.3406024143E+08
           DelSqK = -2.6298199873E+09
           Stress_EigVals = -3.6262021479E+04 -3.6261844125E+04 -3.6261375303E+04
           Stress_EigVec1 =  1.9552855125E-01 -9.3163449762E-02  9.7626285255E-01
           Stress_EigVec2 =  2.1013189361E-02  9.9564700414E-01  9.0804675141E-02
           Stress_EigVec3 =  9.8047286119E-01 -2.7594896104E-03 -1.9663507748E-01
           -DivStress = -4.2322751492E+02 -7.7565030340E+02 -6.2936158770E+02
           ESP =  -1.4630347447E+01     ESP at Nucleus =  -1.4630347461E+01
           ESPe = -2.9511879482E+01     ESPe at Nucleus = -2.9511879617E+01
           ESPn =  1.4881532035E+01     ESPn at Nucleus =  1.4881532155E+01

CP# 2      Coords = -4.64470426531707E+00  1.13304787096686E+00  1.87107217394941E+00
           Type = (3,-3) NACP C2
           Rho =  1.1769356509E+02     Rho at Nucleus =  1.1769356495E+02
           GradRho =  2.7235119715E-10 -4.0598764070E-10  3.6182838019E-10
           HessRho_EigVals = -1.4502514086E+05 -1.4502426362E+05 -1.4502393224E+05
           HessRho_EigVec1 =  9.7364562678E-01  5.8529445434E-02 -2.2042798704E-01
           HessRho_EigVec2 = -5.7787221795E-02  9.9828062717E-01  9.8196954949E-03
           HessRho_EigVec3 =  2.2062373048E-01  3.1770174018E-03  9.7535382099E-01
           DelSqRho = -4.3507333672E+05
           Bond Ellipticity = NA
           V = -1.0877858208E+05
           G =  5.1239481995E+00
           K =  1.0877345813E+05
           L =  1.0876833418E+05
           Vnuc =  4.3606711226E+06
           Ven = -5.1322293059E+08
           Vrep =  5.1311415201E+08
           DelSqV =  2.4956057589E+09
           DelSqVen =  1.8972118835E+12
           DelSqVrep = -1.8947162532E+12
           DelSqG =  1.3405044720E+08
           DelSqK = -2.6296562061E+09
           Stress_EigVals = -3.6259803788E+04 -3.6259620157E+04 -3.6259158133E+04
           Stress_EigVec1 =  1.9017714249E-01  1.2798684970E-01  9.7337147111E-01
           Stress_EigVec2 = -7.3583832854E-02  9.9053535059E-01 -1.1586690109E-01
           Stress_EigVec3 =  9.7898829105E-01  4.9589167476E-02 -1.9779494547E-01
           -DivStress = -4.1820917584E+02  7.9102092501E+02 -6.6569250749E+02
           ESP =  -1.4631226554E+01     ESP at Nucleus =  -1.4631226569E+01
           ESPe = -2.9519277845E+01     ESPe at Nucleus = -2.9519277990E+01
           ESPn =  1.4888051291E+01     ESPn at Nucleus =  1.4888051421E+01

CP# 3      Coords = -5.13101137776827E+00  1.93431819561355E+00 -5.07442666284453E-01
           Type = (3,-3) NACP C3
           Rho =  1.1769024963E+02     Rho at Nucleus =  1.1769024950E+02
           GradRho =  5.1766820865E-11 -1.5813251069E-10 -5.0217400030E-10
           HessRho_EigVals = -1.4502169489E+05 -1.4502090992E+05 -1.4502055053E+05
           HessRho_EigVec1 =  9.9086555815E-01  6.1837925870E-02 -1.1983954523E-01
           HessRho_EigVec2 =  1.0211238121E-02  8.5170868758E-01  5.2391606400E-01
           HessRho_EigVec3 =  1.3446626451E-01 -5.2035409331E-01  8.4329736231E-01
           DelSqRho = -4.3506315535E+05
           Bond Ellipticity = NA
           V = -1.0877601790E+05
           G =  5.1145342166E+00
           K =  1.0877090337E+05
           L =  1.0876578884E+05
           Vnuc =  4.5339181157E+06
           Ven = -5.3359795484E+08
           Vrep =  5.3348917882E+08
           DelSqV =  2.4955480099E+09
           DelSqVen =  1.9725409321E+12
           DelSqVrep = -1.9700453186E+12
           DelSqG =  1.3404801212E+08
           DelSqK = -2.6295960220E+09
           Stress_EigVals = -3.6258953200E+04 -3.6258745456E+04 -3.6258319249E+04
           Stress_EigVec1 =  1.5610559541E-01 -6.7362701317E-01  7.2239718314E-01
           Stress_EigVec2 =  7.0592151817E-02  7.3710190531E-01  6.7208446589E-01
           Stress_EigVec3 =  9.8521459144E-01  5.3920574091E-02 -1.6261851219E-01
           -DivStress =  1.1716762838E+01  3.1758834023E+02  1.0274152794E+03
           ESP =  -1.4631675230E+01     ESP at Nucleus =  -1.4631675243E+01
           ESPe = -2.9313899921E+01     ESPe at Nucleus = -2.9313900103E+01
           ESPn =  1.4682224691E+01     ESPn at Nucleus =  1.4682224860E+01

CP# 4      Coords = -5.44614316428958E+00 -3.26080385071295E-01 -2.20798901587122E+00
           Type = (3,-3) NACP C4
           Rho =  1.1754133098E+02     Rho at Nucleus =  1.1754133096E+02
           GradRho =  5.3105987838E-11 -4.4806555418E-12 -5.6192241839E-12
           HessRho_EigVals = -1.4483873594E+05 -1.4483852087E+05 -1.4483832924E+05
           HessRho_EigVec1 = -4.0708192196E-02  9.9899438925E-01 -1.8789713303E-02
           HessRho_EigVec2 =  9.3909352450E-01  3.1831263892E-02 -3.4218434049E-01
           HessRho_EigVec3 =  3.4124213592E-01  3.1575003989E-02  9.3944495517E-01
           DelSqRho = -4.3451558605E+05
           Bond Ellipticity = NA
           V = -1.0863936624E+05
           G =  5.2348650525E+00
           K =  1.0863413138E+05
           L =  1.0862889651E+05
           Vnuc =  1.2310639035E+07
           Ven = -1.4470088974E+09
           Vrep =  1.4469002580E+09
           DelSqV =  2.4924260451E+09
           DelSqVen =  5.3491687588E+12
           DelSqVrep = -5.3466773485E+12
           DelSqG =  1.3388023286E+08
           DelSqK = -2.6263062779E+09
           Stress_EigVals = -3.6213195454E+04 -3.6213142444E+04 -3.6213028345E+04
           Stress_EigVec1 =  2.9336735531E-01  2.6856257658E-02  9.5562248627E-01
           Stress_EigVec2 =  9.5523743881E-01  3.1677345388E-02 -2.9413939092E-01
           Stress_EigVec3 = -3.8171066828E-02  9.9913727146E-01 -1.6361003741E-02
           -DivStress = -3.2016796792E+02  1.2169321985E+01 -2.3361790779E+02
           ESP =  -1.4622577865E+01     ESP at Nucleus =  -1.4622577865E+01
           ESPe = -2.8972725350E+01     ESPe at Nucleus = -2.8972724637E+01
           ESPn =  1.4350147485E+01     ESPn at Nucleus =  1.4350146772E+01

CP# 5      Coords = -4.99917991076907E+00 -2.52784799481478E+00 -4.59958343587254E-01
           Type = (3,-3) NACP C5
           Rho =  1.1769081781E+02     Rho at Nucleus =  1.1769081769E+02
           GradRho =  4.1634011343E-11  1.0494034294E-10 -4.6511139417E-10
           HessRho_EigVals = -1.4502274739E+05 -1.4502195571E+05 -1.4502160540E+05
           HessRho_EigVec1 =  9.9391057883E-01 -1.2342220778E-02 -1.0949625969E-01
           HessRho_EigVec2 = -4.8495376836E-02  8.4329830382E-01 -5.3525336917E-01
           HessRho_EigVec3 =  9.8944225322E-02  5.3730404834E-01  8.3756456462E-01
           DelSqRho = -4.3506630850E+05
           Bond Ellipticity = NA
           V = -1.0877680417E+05
           G =  5.1135242479E+00
           K =  1.0877169065E+05
           L =  1.0876657712E+05
           Vnuc =  4.6579144039E+06
           Ven = -5.4819375550E+08
           Vrep =  5.4808497869E+08
           DelSqV =  2.4955663659E+09
           DelSqVen =  2.0265017016E+12
           DelSqVrep = -2.0240060042E+12
           DelSqG =  1.3404934819E+08
           DelSqK = -2.6296157141E+09
           Stress_EigVals = -3.6259213386E+04 -3.6259009156E+04 -3.6258581631E+04
           Stress_EigVec1 =  1.1559512744E-01  6.9636264592E-01  7.0831972434E-01
           Stress_EigVec2 = -1.0681959818E-01  7.1767958960E-01 -6.8813194964E-01
           Stress_EigVec3 =  9.8753599426E-01 -3.8822720772E-03 -1.5734544164E-01
           -DivStress =  2.3423757809E+01 -2.7736134719E+02  1.0089914929E+03
           ESP =  -1.4630734237E+01     ESP at Nucleus =  -1.4630734250E+01
           ESPe = -2.9299155474E+01     ESPe at Nucleus = -2.9299155660E+01
           ESPn =  1.4668421237E+01     ESPn at Nucleus =  1.4668421411E+01

CP# 6      Coords =  1.98790477167945E+00  4.08835914450244E+00  2.28784730039313E-02
           Type = (3,-3) NACP C6
           Rho =  1.1776788476E+02     Rho at Nucleus =  1.1776788471E+02
           GradRho =  6.8422691124E-11 -3.2286846807E-12 -5.7316380375E-12
           HessRho_EigVals = -1.4511180839E+05 -1.4510907401E+05 -1.4510897762E+05
           HessRho_EigVec1 =  5.4972726554E-02  3.8505584546E-03  9.9848043172E-01
           HessRho_EigVec2 = -3.1365411485E-01  9.4943980307E-01  1.3607225536E-02
           HessRho_EigVec3 =  9.4794466905E-01  3.1392552230E-01 -5.3401038177E-02
           DelSqRho = -4.3532986002E+05
           Bond Ellipticity = NA
           V = -1.0884247901E+05
           G =  5.0070021237E+00
           K =  1.0883747201E+05
           L =  1.0883246501E+05
           Vnuc =  7.8112174936E+06
           Ven = -9.1991056159E+08
           Vrep =  9.1980171911E+08
           DelSqV =  2.4970609108E+09
           DelSqVen =  3.4004559462E+12
           DelSqVrep = -3.3979588853E+12
           DelSqG =  1.3412302772E+08
           DelSqK = -2.6311839386E+09
           Stress_EigVals = -3.6281178132E+04 -3.6281131639E+04 -3.6280169238E+04
           Stress_EigVec1 =  8.5292265200E-01 -5.2018092675E-01 -4.3985828937E-02
           Stress_EigVec2 =  5.1924839837E-01  8.5404706940E-01 -3.1379994244E-02
           Stress_EigVec3 =  5.3889242786E-02  3.9251366844E-03  9.9853920445E-01
           -DivStress = -5.1880350230E+02 -3.5789258916E+02  3.8401622040E+01
           ESP =  -1.4550247485E+01     ESP at Nucleus =  -1.4550247484E+01
           ESPe = -2.9327001689E+01     ESPe at Nucleus = -2.9327001839E+01
           ESPn =  1.4776754204E+01     ESPn at Nucleus =  1.4776754355E+01

CP# 7      Coords =  2.89679242270636E+00  6.74220084094705E+00 -3.30974262404138E-02
           Type = (3,-3) NACP C7
           Rho =  1.1751337235E+02     Rho at Nucleus =  1.1751337201E+02
           GradRho = -1.0033748268E-09 -2.0275371885E-09  4.6201288414E-11
           HessRho_EigVals = -1.4480348653E+05 -1.4480299955E+05 -1.4480281678E+05
           HessRho_EigVec1 =  3.5668436938E-01  9.3398885357E-01 -2.1001953385E-02
           HessRho_EigVec2 =  5.7210472252E-02  6.0115289180E-04  9.9836195865E-01
           HessRho_EigVec3 =  9.3247156659E-01 -3.5730163731E-01 -5.3219521550E-02
           DelSqRho = -4.3440930285E+05
           Bond Ellipticity = NA
           V = -1.0861293598E+05
           G =  5.3051325542E+00
           K =  1.0860763085E+05
           L =  1.0860232571E+05
           Vnuc =  2.7622266482E+06
           Ven = -3.2459856862E+08
           Vrep =  3.2448995568E+08
           DelSqV =  2.4918200045E+09
           DelSqVen =  1.1999369789E+12
           DelSqVrep = -1.1974451589E+12
           DelSqG =  1.3384706796E+08
           DelSqK = -2.6256670724E+09
           Stress_EigVals = -3.6204401092E+04 -3.6204339558E+04 -3.6204195329E+04
           Stress_EigVec1 =  9.3774005006E-01 -3.4334764183E-01 -5.2497574823E-02
           Stress_EigVec2 =  5.6368430295E-02  1.2956932236E-03  9.9840919529E-01
           Stress_EigVec3 =  3.4273342204E-01  9.3920749466E-01 -2.0568991044E-02
           -DivStress =  7.6006384820E+02  1.5892810083E+03 -3.5517281871E+01
           ESP =  -1.4597889333E+01     ESP at Nucleus =  -1.4597889348E+01
           ESPe = -2.6569406931E+01     ESPe at Nucleus = -2.6569403906E+01
           ESPn =  1.1971517599E+01     ESPn at Nucleus =  1.1971514558E+01

CP# 8      Coords =  3.49382668289764E+00  2.01109025372745E+00 -4.65620482713474E-02
           Type = (3,-3) NACP C8
           Rho =  1.1762626460E+02     Rho at Nucleus =  1.1762626413E+02
           GradRho = -1.4062719950E-09 -3.3358491018E-09  1.3836322004E-11
           HessRho_EigVals = -1.4493521582E+05 -1.4493503066E+05 -1.4493451632E+05
           HessRho_EigVec1 =  4.9649422990E-02  2.8555085525E-02  9.9835842356E-01
           HessRho_EigVec2 =  3.9201024927E-01  9.1882130538E-01 -4.5775247207E-02
           HessRho_EigVec3 =  9.1862010606E-01 -3.9363944909E-01 -3.4425061448E-02
           DelSqRho = -4.3480476279E+05
           Bond Ellipticity = NA
           V = -1.0871164551E+05
           G =  5.2274051217E+00
           K =  1.0870641810E+05
           L =  1.0870119070E+05
           Vnuc =  2.3693120234E+06
           Ven = -2.7869332298E+08
           Vrep =  2.7858461133E+08
           DelSqV =  2.4940675161E+09
           DelSqVen =  1.0301881876E+12
           DelSqVrep = -1.0276941201E+12
           DelSqG =  1.3396148822E+08
           DelSqK = -2.6280290043E+09
           Stress_EigVals = -3.6237441880E+04 -3.6237267737E+04 -3.6236935891E+04
           Stress_EigVec1 =  8.7453046983E-01 -4.8355804154E-01 -3.6987535839E-02
           Stress_EigVec2 =  4.8286041468E-01  8.7529613609E-01 -2.6504604851E-02
           Stress_EigVec3 =  4.5191562017E-02  5.3192676401E-03  9.9896417759E-01
           -DivStress =  7.9775889020E+02  1.8949627982E+03 -1.0177171148E+01
           ESP =  -1.4566938486E+01     ESP at Nucleus =  -1.4566938511E+01
           ESPe = -3.0102629473E+01     ESPe at Nucleus = -3.0102627386E+01
           ESPn =  1.5535690987E+01     ESPn at Nucleus =  1.5535688874E+01

CP# 9      Coords =  2.35236313865959E+00 -4.32260032456681E-01  2.71048568028474E-02
           Type = (3,-3) NACP C9
           Rho =  1.1771445349E+02     Rho at Nucleus =  1.1771445212E+02
           GradRho = -1.9331348805E-11 -2.9185812838E-12  1.5924040515E-13
           HessRho_EigVals = -1.4503124375E+05 -1.4502952702E+05 -1.4502847110E+05
           HessRho_EigVec1 =  7.0923346446E-02  6.8950204195E-03  9.9745793777E-01
           HessRho_EigVec2 = -4.5492435018E-01  8.9014477567E-01  2.6193777101E-02
           HessRho_EigVec3 =  8.8770136563E-01  4.5562565450E-01 -6.6268758995E-02
           DelSqRho = -4.3508924187E+05
           Bond Ellipticity = NA
           V = -1.0878243921E+05
           G =  5.0643699092E+00
           K =  1.0877737484E+05
           L =  1.0877231047E+05
           Vnuc =  1.3808909369E+06
           Ven = -1.6255082197E+08
           Vrep =  1.6244203953E+08
           DelSqV =  2.4956724180E+09
           DelSqVen =  6.0081079603E+11
           DelSqVrep = -5.9831512361E+11
           DelSqG =  1.3403486869E+08
           DelSqK = -2.6297072867E+09
           Stress_EigVals = -3.6261226019E+04 -3.6260979081E+04 -3.6260234106E+04
           Stress_EigVec1 =  8.7345792455E-01  4.8248291143E-01 -6.5433127773E-02
           Stress_EigVec2 = -4.8147053292E-01  8.7589626918E-01  3.1493674928E-02
           Stress_EigVec3 =  7.2507792469E-02  3.9957229603E-03  9.9735984190E-01
           -DivStress = -2.3261910701E+03  2.6479892195E+03  2.0564682289E+02
           ESP =  -1.4496742993E+01     ESP at Nucleus =  -1.4496743059E+01
           ESPe = -3.1330413227E+01     ESPe at Nucleus = -3.1330411184E+01
           ESPn =  1.6833670234E+01     ESPn at Nucleus =  1.6833668125E+01

CP# 10     Coords =  3.49364642502116E+00 -2.62314923138110E+00 -5.56349145335815E-02
           Type = (3,-3) NACP N10
           Rho =  1.9056802805E+02     Rho at Nucleus =  1.9056802803E+02
           GradRho =  4.1871245024E-11  4.1549935422E-12  1.6765623090E-11
           HessRho_EigVals = -3.2058945422E+05 -3.2058908391E+05 -3.2058543427E+05
           HessRho_EigVec1 = -5.3754562716E-01  8.4280508110E-01  2.6912710804E-02
           HessRho_EigVec2 =  8.3923550260E-01  5.3782838109E-01 -8.0152377778E-02
           HessRho_EigVec3 =  8.2027250936E-02  2.0499457803E-02  9.9641924025E-01
           DelSqRho = -9.6176397241E+05
           Bond Ellipticity = NA
           V = -2.4047574825E+05
           G =  1.7377571026E+01
           K =  2.4045837067E+05
           L =  2.4044099310E+05
           Vnuc =  1.8775175520E+07
           Ven = -3.5779481751E+09
           Vrep =  3.5777076994E+09
           DelSqV =  7.5504940740E+09
           DelSqVen =  1.8057270395E+13
           DelSqVrep = -1.8049719901E+13
           DelSqG =  4.0457339079E+08
           DelSqK = -7.9550674648E+09
           Stress_EigVals = -8.0158988827E+04 -8.0158410764E+04 -8.0158348653E+04
           Stress_EigVec1 =  8.2728844699E-02  2.3977233546E-02  9.9628360948E-01
           Stress_EigVec2 = -2.7322216347E-01  9.6195084841E-01 -4.6328798072E-04
           Stress_EigVec3 =  9.5838697176E-01  2.7216843594E-01 -8.6132193969E-02
           -DivStress = -4.1108359681E+01 -7.9218126410E+02 -4.2983978433E+02
           ESP =  -1.8094046050E+01     ESP at Nucleus =  -1.8094046050E+01
           ESPe = -3.3973547363E+01     ESPe at Nucleus = -3.3973547153E+01
           ESPn =  1.5879501313E+01     ESPn at Nucleus =  1.5879501102E+01

CP# 11     Coords =  6.24839301565335E+00 -2.95274781788081E+00 -2.46772872017610E-01
           Type = (3,-3) NACP C11
           Rho =  1.1751684760E+02     Rho at Nucleus =  1.1751684528E+02
           GradRho = -3.6653129967E-11  2.3432824203E-11 -2.4264223714E-13
           HessRho_EigVals = -1.4480062888E+05 -1.4479867792E+05 -1.4479857876E+05
           HessRho_EigVec1 =  9.8647162161E-01 -1.4452282830E-01 -7.7375007947E-02
           HessRho_EigVec2 =  6.2853534355E-02 -1.0247938356E-01  9.9274740451E-01
           HessRho_EigVec3 =  1.5140400580E-01  9.8418043470E-01  9.2009233129E-02
           DelSqRho = -4.3439788556E+05
           Bond Ellipticity = NA
           V = -1.0860998441E+05
           G =  5.2565094127E+00
           K =  1.0860472790E+05
           L =  1.0859947139E+05
           Vnuc =  1.0603462815E+06
           Ven = -1.2460855237E+08
           Vrep =  1.2449994238E+08
           DelSqV =  2.4917441151E+09
           DelSqVen =  4.6061218355E+11
           DelSqVrep = -4.5812043944E+11
           DelSqG =  1.3383544494E+08
           DelSqK = -2.6255795600E+09
           Stress_EigVals = -3.6203540231E+04 -3.6203510565E+04 -3.6202933612E+04
           Stress_EigVec1 =  1.4763024750E-01  9.8875206210E-01  2.3972269799E-02
           Stress_EigVec2 =  7.1137326834E-02 -3.4790328525E-02  9.9685962591E-01
           Stress_EigVec3 =  9.8648101388E-01 -1.4546131010E-01 -7.5473283410E-02
           -DivStress =  4.5188672472E+03 -7.2369436978E+02 -3.1313104016E+02
           ESP =  -1.4538770002E+01     ESP at Nucleus =  -1.4538770140E+01
           ESPe = -2.7769648444E+01     ESPe at Nucleus = -2.7769638859E+01
           ESPn =  1.3230878443E+01     ESPn at Nucleus =  1.3230868719E+01

CP# 12     Coords =  2.04228595360741E+00 -4.99304886521551E+00  1.19567760862845E-01
           Type = (3,-3) NACP C12
           Rho =  1.1753561526E+02     Rho at Nucleus =  1.1753561291E+02
           GradRho = -3.6069168485E-12  5.2106619366E-11  1.7874959325E-13
           HessRho_EigVals = -1.4482650250E+05 -1.4482449606E+05 -1.4482431041E+05
           HessRho_EigVec1 =  5.2123971374E-01  8.5122564003E-01 -6.1025163409E-02
           HessRho_EigVec2 =  1.0671165466E-01  5.9364711690E-03  9.9427228719E-01
           HessRho_EigVec3 =  8.4671233815E-01 -5.2476629852E-01 -8.7741372005E-02
           DelSqRho = -4.3447530897E+05
           Bond Ellipticity = NA
           V = -1.0862931908E+05
           G =  5.2459200269E+00
           K =  1.0862407316E+05
           L =  1.0861882724E+05
           Vnuc =  1.0541654717E+06
           Ven = -1.2390198730E+08
           Vrep =  1.2379335798E+08
           DelSqV =  2.4921889676E+09
           DelSqVen =  4.5800886989E+11
           DelSqVrep = -4.5551668092E+11
           DelSqG =  1.3386187112E+08
           DelSqK = -2.6260508387E+09
           Stress_EigVals = -3.6210008435E+04 -3.6209951179E+04 -3.6209359469E+04
           Stress_EigVec1 =  8.4612741394E-01 -5.2624572196E-01 -8.4462059532E-02
           Stress_EigVec2 =  1.0424263353E-01  7.9874428264E-03  9.9451982087E-01
           Stress_EigVec3 =  5.2268716527E-01  8.5029503167E-01 -6.1615634285E-02
           -DivStress = -2.6051153825E+03 -3.7996428134E+03  2.8303397420E+02
           ESP =  -1.4544107787E+01     ESP at Nucleus =  -1.4544107928E+01
           ESPe = -2.8491291676E+01     ESPe at Nucleus = -2.8491283495E+01
           ESPn =  1.3947183889E+01     ESPn at Nucleus =  1.3947175567E+01

CP# 13     Coords =  5.49595365697452E+00  2.21791387097882E+00 -1.33926823972825E-01
           Type = (3,-3) NACP H13
           Rho =  4.2409340848E-01     Rho at Nucleus =  4.2021588820E-01
           GradRho =  1.7848542739E-15 -8.1660752379E-17  9.8154177928E-18
           HessRho_EigVals = -6.4684123517E+00 -6.4612806837E+00 -5.8500860661E+00
           HessRho_EigVec1 = -1.1557173949E-01  9.9319805579E-01 -1.4170215462E-02
           HessRho_EigVec2 =  4.0387225145E-02  1.8952643418E-02  9.9900433901E-01
           HessRho_EigVec3 =  9.9247773027E-01  1.1488437354E-01 -4.2302903461E-02
           DelSqRho = -1.8779779102E+01
           Bond Ellipticity = NA
           V = -4.7042354480E+00
           G =  4.6453363172E-03
           K =  4.6995901117E+00
           L =  4.6949447754E+00
           Vnuc =  4.3186934935E+01
           Ven = -1.8315294438E+01
           Vrep =  1.3611058990E+01
           DelSqV =  7.0644444450E+02
           DelSqVen =  8.1104109815E+02
           DelSqVrep = -1.0459665365E+02
           DelSqG =  6.9654481569E+01
           DelSqK = -7.7609892607E+02
           Stress_EigVals = -1.6202171827E+00 -1.6196901991E+00 -1.4643280662E+00
           Stress_EigVec1 = -1.1481904235E-01  9.9321636149E-01  1.8380608772E-02
           Stress_EigVec2 =  4.3848351345E-02 -1.3417668947E-02  9.9894809087E-01
           Stress_EigVec3 =  9.9241821305E-01  1.1550422254E-01 -4.2010296081E-02
           -DivStress =  8.0222759393E+00  9.6519418754E-01 -3.3918197799E-01
           ESP =  -9.3294426641E-01     ESP at Nucleus =  -9.3555864939E-01
           ESPe = -1.6269353622E+01     ESPe at Nucleus = -1.6176283583E+01
           ESPn =  1.5336409355E+01     ESPn at Nucleus =  1.5240724933E+01

CP# 14     Coords = -1.63738213902287E-02  3.81085614496230E+00  1.27822147099294E-01
           Type = (3,-3) NACP H14
           Rho =  4.2153592397E-01     Rho at Nucleus =  4.1753153253E-01
           GradRho =  3.1073234263E-16 -1.0626265493E-15  4.0711791577E-17
           HessRho_EigVals = -6.4253790816E+00 -6.4200414080E+00 -5.7913807726E+00
           HessRho_EigVec1 = -1.3485229104E-01  9.9086457140E-01  1.5035767160E-03
           HessRho_EigVec2 =  5.1580460984E-02  5.5044766814E-03  9.9865367209E-01
           HessRho_EigVec3 =  9.8952226637E-01  1.3474829081E-01 -5.1851542657E-02
           DelSqRho = -1.8636801262E+01
           Bond Ellipticity = NA
           V = -4.6682033610E+00
           G =  4.5015227457E-03
           K =  4.6637018383E+00
           L =  4.6592003156E+00
           Vnuc =  4.3706799059E+01
           Ven = -1.8423985925E+01
           Vrep =  1.3755782564E+01
           DelSqV =  7.0038048069E+02
           DelSqVen =  8.1455492787E+02
           DelSqVrep = -1.1417444717E+02
           DelSqG =  6.9024427249E+01
           DelSqK = -7.6940490794E+02
           Stress_EigVals = -1.6096579196E+00 -1.6080630563E+00 -1.4504823852E+00
           Stress_EigVec1 = -1.3269681030E-01  9.9114491056E-01  4.8293702109E-03
