AIMSum (Version 19.02.13, Professional)
Copyright (c) 1997-2019 by Todd A. Keith
AIMSum is a component of the AIMAll package ( http://aim.tkgristmill.com )

TP:  64-bit Linux

Much of the Quantum Theory of Atoms in Molecules (QTAIM) is described in the book:
  "Atoms in Molecules - A Quantum Theory"
  R.F.W. Bader, Oxford University Press, Oxford, 1990

For additional references see:  http://aim.tkgristmill.com/references.html

Wfn File:  /home/mhennefarth/Documents/ML_Diels/summary-gordillo2006/9tn-opt/9tn-opt.wfn
Sum File:  /home/mhennefarth/Documents/ML_Diels/summary-gordillo2006/9tn-opt/9tn-opt.sum

SumViz File:  /home/mhennefarth/Documents/ML_Diels/summary-gordillo2006/9tn-opt/9tn-opt.sumviz

Wfn Title:   Title Card Required                                                           
 
Total memory allocated for AIMSum =        1.563 Megabytes

Atomic units (a.u.) used throughout, except where stated otherwise

Model:  Restricted SCF
 
Restricted, closed-shell, single-determinant wavefunction.
  Number of electrons (from MO Occs)                   =          90.0000000000
  Number of Alpha electrons (from MO Occs)             =          45.0000000000
  Number of Beta electrons (from MO Occs)              =          45.0000000000
  Number of electron pairs (N*(N-1)/2)                 =        4005.0000000000
  Number of electron pairs (from Muller 2EDM)          =        4005.0000000000
 
Nuclear Charges and Cartesian Coordinates:
-------------------------------------------------------------------------------
Atom      Charge                X                  Y                  Z
-------------------------------------------------------------------------------
C1         6.0           4.9383998200E+00  -2.5791753200E+00   5.4221813000E-01
C2         6.0           5.4187461800E+00  -3.2990751000E-01   2.2194945800E+00
C3         6.0           5.1672121100E+00   1.8781085300E+00   4.4144701000E-01
C4         6.0           4.6820178700E+00   1.0083102600E+00  -1.9130199100E+00
C5         6.0           4.5411807200E+00  -1.7684110200E+00  -1.8508233300E+00
C6         6.0          -1.9047297800E+00   4.1094752500E+00  -6.1651690000E-02
C7         6.0          -2.7502341600E+00   6.7822649800E+00   5.6553310000E-02
C8         6.0          -3.4531408500E+00   2.0662562900E+00   6.1077950000E-02
C9         6.0          -2.3702849800E+00  -4.0110831000E-01  -7.1749450000E-02
N10        7.0          -3.5524604400E+00  -2.5705722500E+00   6.6191800000E-03
C11        6.0          -2.1370726900E+00  -4.9665690600E+00  -9.7033730000E-02
C12        6.0          -6.3061570400E+00  -2.8623205600E+00   2.4918896000E-01
H13        1.0           4.1367274200E+00  -2.2472920000E-01   3.8538282200E+00
H14        1.0           7.3334584100E+00  -4.1174247000E-01   3.0308100800E+00
H15        1.0           1.2261212000E-01   3.7830703700E+00  -2.5801552000E-01
H16        1.0          -5.4763982200E+00   2.3242445700E+00   2.7178350000E-01
H17        1.0           5.4620895300E+00   3.8286497300E+00   9.9549987000E-01
H18        1.0           5.0465498300E+00  -4.5234506100E+00   1.1806182500E+00
H19        1.0          -3.2425529000E-01  -5.2959258000E-01  -2.6382276000E-01
H20        1.0          -2.5829346000E+00  -6.0847976500E+00   1.5838481300E+00
H21        1.0          -2.7110851600E+00  -6.0223440100E+00  -1.7792896700E+00
H22        1.0          -1.1411528000E-01  -4.5779215300E+00  -1.6369297000E-01
H23        1.0          -7.2767557700E+00  -1.0823179600E+00  -8.3556250000E-02
H24        1.0          -6.9431699700E+00  -4.2492687300E+00  -1.1420641600E+00
H25        1.0          -6.7524810100E+00  -3.5579059500E+00   2.1451704100E+00
H26        1.0          -4.7970851100E+00   6.9711663800E+00   2.5360950000E-01
H27        1.0          -1.8247391200E+00   7.7474432900E+00   1.6449930800E+00
H28        1.0          -2.1378307500E+00   7.7927566700E+00  -1.6508037700E+00
H29        1.0           4.2512935700E+00  -2.9481740400E+00  -3.5038756000E+00
H30        1.0           4.4997192000E+00   2.1373783700E+00  -3.6155856800E+00
 
Some Atomic Properties:
----------------------
  q(A) = Net Charge of Atom A
  L(A) = Lagrangian of Atom A = -(1/4) Times Atomic Integral of the Laplacian of the Electron Density
  K(A) = Electronic Kinetic Energy of Atom A (Hamiltonian Form)
  K_Scaled(A) = K(A) * E(Mol)/K(Mol) = Approximation to Virial-Based Total Energy of Atom A.
  |Mu_Intra(A)| = Magnitude of Intraatomic Dipole Moment of Atom A
--------------------------------------------------------------------------------------------------
Atom A          q(A)              L(A)              K(A)          K_Scaled(A)      |Mu_Intra(A)|
--------------------------------------------------------------------------------------------------
C1       -8.7526183800E-02 -1.1834781092E-05  3.7735502331E+01 -3.8119298050E+01  2.0216242365E-01
C2       -1.7248886000E-02 -3.8936393121E-05  3.7708611116E+01 -3.8092133333E+01  1.5364414434E-01
C3       -8.3145967400E-02  3.2635230076E-05  3.7735057571E+01 -3.8118848767E+01  1.9868095326E-01
C4       -7.3567048700E-02 -9.4431527858E-05  3.7733412693E+01 -3.8117187159E+01  1.8400374998E-01
C5       -7.6613410000E-02  1.5529901910E-05  3.7735581836E+01 -3.8119378364E+01  1.8322504951E-01
C6       -4.1611823000E-03 -2.7363796150E-05  3.7714270408E+01 -3.8097850184E+01  1.1062973691E-01
C7       -2.4281051900E-02 -1.8824095034E-04  3.7698590792E+01 -3.8082011096E+01  1.7218187078E-01
C8       -8.5657760000E-03 -5.2726497327E-05  3.7712329708E+01 -3.8095889745E+01  1.8282763523E-01
C9        6.3261305970E-01 -1.6580909408E-04  3.7327500560E+01 -3.7707146623E+01  8.2112948564E-01
N10      -1.2333876909E+00  1.5563671105E-04  5.4983854396E+01 -5.5543077584E+01  3.6168249411E-01
C11       2.7686164020E-01 -1.4202303384E-04  3.7536144691E+01 -3.7917912807E+01  5.3864821122E-01
C12       2.8468267630E-01 -1.7451727669E-04  3.7529804720E+01 -3.7911508354E+01  5.3219032062E-01
H13       4.5085609040E-02  2.4664344010E-05  5.8884838646E-01 -5.9483737497E-01  1.5065847131E-01
H14       7.9768788210E-02  3.1407177705E-05  5.7475676084E-01 -5.8060242793E-01  1.4243717671E-01
H15       9.7322380510E-02  3.3487475405E-05  5.7585260014E-01 -5.8170941266E-01  1.3899690185E-01
H16       7.7108357680E-02  4.5999749631E-06  5.8500608893E-01 -5.9095599866E-01  1.3777426295E-01
H17       6.7360102200E-02  2.3451553256E-05  5.8318863091E-01 -5.8912005585E-01  1.4558405478E-01
H18       6.6200952660E-02  1.9161522937E-05  5.8352502545E-01 -5.8945987175E-01  1.4581348946E-01
H19       1.4201164343E-01  6.5929321035E-05  5.6154810176E-01 -5.6725942781E-01  1.2864978180E-01
H20       8.0691847910E-02  2.7576330236E-05  5.8222528438E-01 -5.8814691144E-01  1.4038784198E-01
H21       8.0911180640E-02  2.7226155940E-05  5.8220898147E-01 -5.8813044271E-01  1.4022416490E-01
H22       9.0458060650E-02  3.3794554678E-05  5.7902170573E-01 -5.8491075021E-01  1.3621501180E-01
H23       7.6026238720E-02  1.8644873643E-05  5.8949797349E-01 -5.9549356873E-01  1.3136788424E-01
H24       8.6592329730E-02  2.9616559371E-05  5.8056029089E-01 -5.8646498383E-01  1.3883647636E-01
H25       8.7726656770E-02  2.9293715605E-05  5.7866203230E-01 -5.8454741865E-01  1.3884452357E-01
H26       5.4288627100E-02  1.6198425768E-05  5.8928970775E-01 -5.9528318479E-01  1.4323204523E-01
H27       7.9213685570E-02  2.2278587817E-05  5.7521537961E-01 -5.8106571117E-01  1.3990816686E-01
H28       7.9962352660E-02  2.2946864745E-05  5.7491492222E-01 -5.8076219792E-01  1.3972715929E-01
H29       6.0941148090E-02  2.1273071050E-05  5.8622959084E-01 -5.9219194442E-01  1.4561102891E-01
H30       6.2579698530E-02  1.9719219732E-05  5.8562142180E-01 -5.9157758988E-01  1.4539367514E-01
--------------------------------------------------------------------------------------------------
Total     9.9990983930E-01 -2.2081177957E-04  4.7960683371E+02 -4.8448476134E+02
 
1st Largest |L(A)| = 1.8824095034E-04, atom C7      
2nd Largest |L(A)| = 1.7451727669E-04, atom C12     
 
Molecular charge q(Mol) from the wfn file:   1.0000000000E+00
Molecular energy E(Mol) from the wfn file:  -4.8448482457E+02
Molecular virial ratio (-V(Mol)/T(Mol)) from the wfn file:   2.0101706800E+00
Note.  K_Scaled(A) = (1+V(Mol)/T(Mol))*K(A) = (E(Mol)/T(Mol))*K(A)
       Only use K_Scaled(A) data with caution.
 
N_AIMInt(SumA)     =         90.000090
N_Analytic(Mol)    =         89.999986
 
G_AIMInt(SumA)     =        479.607055
G_Analytic(Mol)    =        479.606865
 
K_AIMInt(SumA)     =        479.606834
K_Analytic(Mol)    =        479.606865
 
L_AIMInt(SumA)     =         -0.000221
L_Analytic(Mol)    =          0.000000
 
VenT_AIMInt(SumA)  =      -2433.944486
VenT_Analytic(Mol) =      -2433.943064
 
Some Information About the Atomic Calculations:
----------------------------------------------
  Time(sec) = "Elapsed User Time", in Seconds, for Atom A by AIMInt and, if used, by TWOe
  NProc = Number of Processors Used for AIMInt Job
  BIM = Basin Integration Method
  OAQ = Angular Quadrature Outside of Beta Sphere
  ORQ = Multiple of Default for Radial Quadrature Outside of Beta Sphere
  IAQ = Multiple of Default for Angular Quadrature Inside of Beta Sphere
  IRQ = Multiple of Default for Radial Quadrature Inside of Beta Sphere
  MIR = Maximum Integration Radius
------------------------------------------------------------------------------------------------------
Atom A     Time(sec)   NProc      BIM          OAQ                     ORQ      IAQ      IRQ      MIR
------------------------------------------------------------------------------------------------------
C1             37        8     Proaim(5)    4500(GS4)                  1.00     1.00     1.00    13.00
C2             26        8     Proaim(5)    4500(GS4)                  1.00     1.00     1.00    13.00
C3             40        8     Proaim(5)    4500(GS4)                  1.00     1.00     1.00    13.00
C4             30        8     Proaim(5)    4500(GS4)                  1.00     1.00     1.00    13.00
C5             39        8     Proaim(5)    4500(GS4)                  1.00     1.00     1.00    13.00
C6             29        8     Proaim(5)    4500(GS4)                  1.00     1.00     1.00    13.00
C7             24        8     Proaim(5)    4500(GS4)                  1.00     1.00     1.00    13.00
C8             28        8     Proaim(5)    4500(GS4)                  1.00     1.00     1.00    13.00
C9             26        8     Proaim(5)    4500(GS4)                  1.00     1.00     1.00    13.00
N10            31        8     Proaim(5)    4500(GS4)                  1.00     1.00     1.00    13.00
C11            33        8     Proaim(5)    4500(GS4)                  1.00     1.00     1.00    13.00
C12            25        8     Proaim(5)    4500(GS4)                  1.00     1.00     1.00    13.00
H13             8        8     Proaim(5)    1800(GS4)                  1.00     1.00     1.00    13.00
H14             6        8     Proaim(5)    1800(GS4)                  1.00     1.00     1.00    13.00
H15            19        8     Proaim(5)    4500(GS4)                  1.00     1.00     1.00    13.00
H16            15        8     Proaim(5)    4500(GS4)                  1.00     1.00     1.00    13.00
H17             7        8     Proaim(5)    1800(GS4)                  1.00     1.00     1.00    13.00
H18             7        8     Proaim(5)    1800(GS4)                  1.00     1.00     1.00    13.00
H19            18        8     Proaim(5)    4500(GS4)                  1.00     1.00     1.00    13.00
H20             7        8     Proaim(5)    1800(GS4)                  1.00     1.00     1.00    13.00
H21             7        8     Proaim(5)    1800(GS4)                  1.00     1.00     1.00    13.00
H22            17        8     Proaim(5)    4500(GS4)                  1.00     1.00     1.00    13.00
H23            13        8     Proaim(5)    4500(GS4)                  1.00     1.00     1.00    13.00
H24             6        8     Proaim(5)    1800(GS4)                  1.00     1.00     1.00    13.00
H25             6        8     Proaim(5)    1800(GS4)                  1.00     1.00     1.00    13.00
H26             8        8     Proaim(5)    1800(GS4)                  1.00     1.00     1.00    13.00
H27             6        8     Proaim(5)    1800(GS4)                  1.00     1.00     1.00    13.00
H28             6        8     Proaim(5)    1800(GS4)                  1.00     1.00     1.00    13.00
H29             7        8     Proaim(5)    1800(GS4)                  1.00     1.00     1.00    13.00
H30             8        8     Proaim(5)    1800(GS4)                  1.00     1.00     1.00    13.00
------------------------------------------------------------------------------------------------------
Total         539
Note:  Total wall clock time is less than total of atomic times if more than one atom
       was calculated at a time
 
Electron Density Critical Point Analysis of Molecular Structure:               
---------------------------------------------------------------                
  NACP = Nuclear Attractor Critical Point                                      
  NNACP = Non-Nuclear Attractor Critical Point                                 
  BCP = Bond Critical Point                                                    
  RCP = Ring Critical Point                                                    
  CCP = Cage Critical Point                                                    
  Rho = Electron Density                                                       
  GradRho = Gradient of Electron Density                                       
  HessRho_EigVals = Eigenvalues of the Hessian of Rho, Ascending Order         
  HessRho_EigVecs = Eigenvectors of the Hessian of Rho                         
  DelSqRho = Laplacian of Rho = Trace of Hessian of Rho                        
  Bond Ellipticity = (HessRho_EigVal(1) / HessRho_EigVal(2)) - 1               
  V = Virial Field = Potential Energy Density = Trace of Stress Tensor         
  G = Lagrangian Form of Kinetic Energy Density                                
  K = Hamiltonian Form of Kinetic Energy Density                               
  L = K - G = Lagrangian Density = (-1/4)DelSqRho                              
  Vnuc = Electrostatic Potential from Nuclei                                   
  Ven = Electron-nuclear attractive contribution to Virial Field V             
  Vrep = V - Ven = Repulsive contribution to Virial Field V                    
  DelSqV = Laplacian of V                                                      
  DelSqVen = Laplacian of Ven                                                  
  DelSqVrep = Laplacian of Vrep                                                
  DelSqG = Laplacian of G                                                      
  DelSqK = Laplacian of K                                                      
  Stress_EigVals = Eigenvalues of Stress Tensor, Ascending Order               
  Stress_EigVecs = Eigenvectors of Stress Tensor                               
  -DivStress = Ehrenfest Force Density = Minus Divergence of Stress Tensor     
  ESP = Total Electrostatic Potential                                          
  ESPe = Electrostatic Potential from Electrons                                
  ESPn = Electrostatic Potential from Nuclei                                   
  BP = Bond Path                                                               
  BPL = Bond Path Length                                                       
  GBL = Geometric Bond Length                                                  
  GBL_I = Distance Between Nuclear Attractors                                  
  GBL_II = Distance Between Nuclei                                             
  GBL_III = Sum of Distances Between BCP and Nuclear Attractors                
  GBL_IV = Sum of Distances Between BCP and Nuclei                             

CP# 1      Coords =  4.93839983284576E+00 -2.57917495066387E+00  5.42219362488906E-01
           Type = (3,-3) NACP C1
           Rho =  1.1769059970E+02     Rho at Nucleus =  1.1769059958E+02
           GradRho = -1.8531429863E-11  1.5190744821E-10  4.5220735511E-10
           HessRho_EigVals = -1.4502247180E+05 -1.4502168301E+05 -1.4502133347E+05
           HessRho_EigVec1 =  9.9478092592E-01 -1.2085011843E-02 -1.0131565486E-01
           HessRho_EigVec2 =  6.1977717431E-02  8.6035539594E-01  5.0591239876E-01
           HessRho_EigVec3 =  8.1053513024E-02 -5.0955131750E-01  8.5661413884E-01
           DelSqRho = -4.3506548827E+05
           Bond Ellipticity = NA
           V = -1.0877659946E+05
           G =  5.1136948843E+00
           K =  1.0877148576E+05
           L =  1.0876637207E+05
           Vnuc =  4.6630975645E+06
           Ven = -5.4880274883E+08
           Vrep =  5.4869397224E+08
           DelSqV =  2.4955616805E+09
           DelSqVen =  2.0287527977E+12
           DelSqVrep = -2.0262572360E+12
           DelSqG =  1.3404909031E+08
           DelSqK = -2.6296107708E+09
           Stress_EigVals = -3.6259144710E+04 -3.6258940794E+04 -3.6258513954E+04
           Stress_EigVec1 =  9.5247852962E-02 -6.7427062467E-01  7.3231616888E-01
           Stress_EigVec2 =  1.1660763919E-01  7.3815348060E-01  6.6447881649E-01
           Stress_EigVec3 =  9.8860027564E-01 -2.2103478981E-02 -1.4893263990E-01
           -DivStress = -1.7122642506E+01 -3.0492095830E+02 -9.9986983790E+02
           ESP =  -1.4630650147E+01     ESP at Nucleus =  -1.4630650159E+01
           ESPe = -2.9307890964E+01     ESPe at Nucleus = -2.9307891156E+01
           ESPn =  1.4677240817E+01     ESPn at Nucleus =  1.4677240997E+01

CP# 2      Coords =  5.41874578660364E+00 -3.29907528369484E-01  2.21949429491715E+00
           Type = (3,-3) NACP C2
           Rho =  1.1754129703E+02     Rho at Nucleus =  1.1754129701E+02
           GradRho = -1.6357109530E-13 -1.3474414862E-12 -7.6175795592E-12
           HessRho_EigVals = -1.4483867797E+05 -1.4483846311E+05 -1.4483827108E+05
           HessRho_EigVec1 =  6.2855611558E-02  9.9793729526E-01 -1.3050932068E-02
           HessRho_EigVec2 =  9.4059644309E-01 -6.3605653716E-02 -3.3351559493E-01
           HessRho_EigVec3 =  3.3365776380E-01 -8.6876664009E-03  9.4265424261E-01
           DelSqRho = -4.3451541217E+05
           Bond Ellipticity = NA
           V = -1.0863932290E+05
           G =  5.2349291528E+00
           K =  1.0863408797E+05
           L =  1.0862885304E+05
           Vnuc =  1.2341138869E+07
           Ven = -1.4505934695E+09
           Vrep =  1.4504848302E+09
           DelSqV =  2.4924250362E+09
           DelSqVen =  5.3624189092E+12
           DelSqVrep = -5.3599264841E+12
           DelSqG =  1.3388016272E+08
           DelSqK = -2.6263051989E+09
           Stress_EigVals = -3.6213181033E+04 -3.6213127959E+04 -3.6213013908E+04
           Stress_EigVec1 =  2.8669315690E-01 -1.7656337384E-03  9.5802083293E-01
           Stress_EigVec2 =  9.5609938016E-01 -6.2802324785E-02 -2.8623389606E-01
           Stress_EigVec3 =  6.0671319724E-02  9.9802442382E-01 -1.6316875430E-02
           -DivStress =  3.1829716220E+02  1.4975320820E+01  2.3437924668E+02
           ESP =  -1.4622535050E+01     ESP at Nucleus =  -1.4622535050E+01
           ESPe = -2.8981907196E+01     ESPe at Nucleus = -2.8981906487E+01
           ESPn =  1.4359372147E+01     ESPn at Nucleus =  1.4359371437E+01

CP# 3      Coords =  5.16721209647524E+00  1.87810818887644E+00  4.41448292107378E-01
           Type = (3,-3) NACP C3
           Rho =  1.1769042368E+02     Rho at Nucleus =  1.1769042355E+02
           GradRho =  2.5568999175E-11 -1.2030222250E-10  5.0438794504E-10
           HessRho_EigVals = -1.4502190916E+05 -1.4502112357E+05 -1.4502076377E+05
           HessRho_EigVec1 =  9.9014241955E-01 -8.6545628150E-02 -1.1012648755E-01
           HessRho_EigVec2 =  1.1461801285E-02  8.3368581048E-01 -5.5212009248E-01
           HessRho_EigVec3 =  1.3959447025E-01  5.4541527633E-01  8.2645965432E-01
           DelSqRho = -4.3506379650E+05
           Bond Ellipticity = NA
           V = -1.0877617856E+05
           G =  5.1147181404E+00
           K =  1.0877106384E+05
           L =  1.0876594913E+05
           Vnuc =  4.5222383907E+06
           Ven = -5.3222415219E+08
           Vrep =  5.3211537601E+08
           DelSqV =  2.4955516862E+09
           DelSqVen =  1.9674620887E+12
           DelSqVrep = -1.9649666026E+12
           DelSqG =  1.3404820715E+08
           DelSqK = -2.6295998933E+09
           Stress_EigVals = -3.6259006885E+04 -3.6258799062E+04 -3.6258372615E+04
           Stress_EigVec1 =  1.6508598428E-01  6.9391994315E-01  7.0087212121E-01
           Stress_EigVec2 =  4.9645323761E-02 -7.1556814840E-01  6.9677655444E-01
           Stress_EigVec3 =  9.8502891309E-01 -8.0233019941E-02 -1.5258015234E-01
           -DivStress =  5.8191496179E+00  2.8260592183E+02 -1.0405048911E+03
           ESP =  -1.4631682328E+01     ESP at Nucleus =  -1.4631682341E+01
           ESPe = -2.9312637719E+01     ESPe at Nucleus = -2.9312637892E+01
           ESPn =  1.4680955391E+01     ESPn at Nucleus =  1.4680955551E+01

CP# 4      Coords =  4.68201733025615E+00  1.00830926807712E+00 -1.91302070148276E+00
           Type = (3,-3) NACP C4
           Rho =  1.1769353910E+02     Rho at Nucleus =  1.1769353896E+02
           GradRho = -2.9716236936E-10 -4.0976765308E-10 -3.6167140593E-10
           HessRho_EigVals = -1.4502510371E+05 -1.4502422683E+05 -1.4502389423E+05
           HessRho_EigVec1 =  9.7401568562E-01 -8.6143346755E-02 -2.0945827263E-01
           HessRho_EigVec2 =  7.9480532381E-02  9.9603203750E-01 -4.0037797696E-02
           HessRho_EigVec3 =  2.1207613995E-01  2.2349587953E-02  9.7699754697E-01
           DelSqRho = -4.3507322476E+05
           Bond Ellipticity = NA
           V = -1.0877855445E+05
           G =  5.1241291176E+00
           K =  1.0877343032E+05
           L =  1.0876830619E+05
           Vnuc =  4.3509499139E+06
           Ven = -5.1207869379E+08
           Vrep =  5.1196991524E+08
           DelSqV =  2.4956051279E+09
           DelSqVen =  1.8929818435E+12
           DelSqVrep = -1.8904862557E+12
           DelSqG =  1.3405040592E+08
           DelSqK = -2.6296555339E+09
           Stress_EigVals = -3.6259794887E+04 -3.6259610712E+04 -3.6259148851E+04
           Stress_EigVec1 =  1.7944643137E-01 -1.0049016498E-01  9.7862183964E-01
           Stress_EigVec2 =  9.4025415957E-02  9.9196712372E-01  8.4619422144E-02
           Stress_EigVec3 =  9.7926411117E-01 -7.6830672208E-02 -1.8745358995E-01
           -DivStress =  4.3057923406E+02  8.0963828111E+02  6.3912176467E+02
           ESP =  -1.4631283975E+01     ESP at Nucleus =  -1.4631283989E+01
           ESPe = -2.9505574515E+01     ESPe at Nucleus = -2.9505574650E+01
           ESPn =  1.4874290541E+01     ESPn at Nucleus =  1.4874290660E+01

CP# 5      Coords =  4.54118020933634E+00 -1.76841008651437E+00 -1.85082414267540E+00
           Type = (3,-3) NACP C5
           Rho =  1.1770021091E+02     Rho at Nucleus =  1.1770021078E+02
           GradRho = -2.2588711457E-10  3.7060238797E-10 -3.3138146307E-10
           HessRho_EigVals = -1.4503520690E+05 -1.4503430170E+05 -1.4503398916E+05
           HessRho_EigVec1 =  9.7685672242E-01 -1.1532581395E-02 -2.1358357479E-01
           HessRho_EigVec2 =  1.4552825350E-02  9.9981503914E-01  1.2573892709E-02
           HessRho_EigVec3 =  2.1339906075E-01 -1.5391136081E-02  9.7684387381E-01
           DelSqRho = -4.3510349776E+05
           Bond Ellipticity = NA
           V = -1.0878612018E+05
           G =  5.1228707903E+00
           K =  1.0878099731E+05
           L =  1.0877587444E+05
           Vnuc =  4.4813543910E+06
           Ven = -5.2745635697E+08
           Vrep =  5.2734757085E+08
           DelSqV =  2.4957800606E+09
           DelSqVen =  1.9498529260E+12
           DelSqVrep = -1.9473571459E+12
           DelSqG =  1.3406151334E+08
           DelSqK = -2.6298415739E+09
           Stress_EigVals = -3.6262314588E+04 -3.6262137593E+04 -3.6261668002E+04
           Stress_EigVec1 =  1.8990028812E-01  1.2184629644E-01  9.7421320080E-01
           Stress_EigVec2 =  1.0751243485E-03  9.9224274100E-01 -1.2431084847E-01
           Stress_EigVec3 =  9.8180279317E-01 -2.4654066273E-02 -1.8829618248E-01
           -DivStress =  4.0656528752E+02 -7.6183872937E+02  6.5649676288E+02
           ESP =  -1.4630266937E+01     ESP at Nucleus =  -1.4630266951E+01
           ESPe = -2.9512973250E+01     ESPe at Nucleus = -2.9512973386E+01
           ESPn =  1.4882706313E+01     ESPn at Nucleus =  1.4882706435E+01

CP# 6      Coords = -1.90473040574005E+00  4.10947569810046E+00 -6.16516126204839E-02
           Type = (3,-3) NACP C6
           Rho =  1.1776782978E+02     Rho at Nucleus =  1.1776782974E+02
           GradRho = -8.8929124481E-11  5.5643892272E-11  9.5996457311E-12
           HessRho_EigVals = -1.4511176415E+05 -1.4510903329E+05 -1.4510893522E+05
           HessRho_EigVec1 =  9.5510256051E-02 -1.5074614743E-02  9.9531429558E-01
           HessRho_EigVec2 =  3.3506702827E-01  9.4202451981E-01 -1.7885487055E-02
           HessRho_EigVec3 =  9.3734085452E-01 -3.3520525066E-01 -9.5024009457E-02
           DelSqRho = -4.3532973267E+05
           Bond Ellipticity = NA
           V = -1.0884244753E+05
           G =  5.0071824276E+00
           K =  1.0883744035E+05
           L =  1.0883243317E+05
           Vnuc =  7.7567694850E+06
           Ven = -9.1349790838E+08
           Vrep =  9.1338906593E+08
           DelSqV =  2.4970602145E+09
           DelSqVen =  3.3767513129E+12
           DelSqVrep = -3.3742542527E+12
           DelSqG =  1.3412301445E+08
           DelSqK = -2.6311832289E+09
           Stress_EigVals = -3.6281167431E+04 -3.6281120912E+04 -3.6280159188E+04
           Stress_EigVec1 =  8.6495944509E-01  4.9612152696E-01 -7.5555203839E-02
           Stress_EigVec2 = -4.9270979362E-01  8.6813085256E-01  5.9882235274E-02
           Stress_EigVec3 =  9.5300669526E-02 -1.4568916103E-02  9.9534191566E-01
           -DivStress =  5.1385066779E+02 -3.6906251787E+02 -6.3333288053E+01
           ESP =  -1.4550404082E+01     ESP at Nucleus =  -1.4550404081E+01
           ESPe = -2.9335868593E+01     ESPe at Nucleus = -2.9335868741E+01
           ESPn =  1.4785464512E+01     ESPn at Nucleus =  1.4785464660E+01

CP# 7      Coords = -2.75023327153545E+00  6.78226300309580E+00  5.65532055919321E-02
           Type = (3,-3) NACP C7
           Rho =  1.1751337990E+02     Rho at Nucleus =  1.1751337956E+02
           GradRho =  9.0764790562E-10 -2.0627678155E-09 -1.1033501464E-10
           HessRho_EigVals = -1.4480350176E+05 -1.4480301474E+05 -1.4480283247E+05
           HessRho_EigVec1 = -3.3452213945E-01  9.4127975912E-01  4.5687561726E-02
           HessRho_EigVec2 =  1.0065727030E-01 -1.2514706938E-02  9.9484244785E-01
           HessRho_EigVec3 =  9.3699682612E-01  3.3739560932E-01 -9.0560204602E-02
           DelSqRho = -4.3440934898E+05
           Bond Ellipticity = NA
           V = -1.0861294730E+05
           G =  5.3050292614E+00
           K =  1.0860764227E+05
           L =  1.0860233724E+05
           Vnuc =  2.7651297250E+06
           Ven = -3.2493973984E+08
           Vrep =  3.2483112689E+08
           DelSqV =  2.4918202672E+09
           DelSqVen =  1.2011982029E+12
           DelSqVrep = -1.1987063826E+12
           DelSqG =  1.3384708778E+08
           DelSqK = -2.6256673549E+09
           Stress_EigVals = -3.6204404748E+04 -3.6204343395E+04 -3.6204199160E+04
           Stress_EigVec1 =  9.4199136313E-01  3.2330789337E-01 -9.0134776138E-02
           Stress_EigVec2 =  9.9567613246E-02 -1.2719396488E-02  9.9494949990E-01
           Stress_EigVec3 = -3.2052856687E-01  9.4620834019E-01  4.4172556922E-02
           -DivStress = -7.2045737466E+02  1.6037518431E+03  8.4681721296E+01
           ESP =  -1.4597966679E+01     ESP at Nucleus =  -1.4597966695E+01
           ESPe = -2.6578712612E+01     ESPe at Nucleus = -2.6578709589E+01
           ESPn =  1.1980745933E+01     ESPn at Nucleus =  1.1980742894E+01

CP# 8      Coords = -3.45313994618916E+00  2.06625392512476E+00  6.10777965616884E-02
           Type = (3,-3) NACP C8
           Rho =  1.1762619562E+02     Rho at Nucleus =  1.1762619515E+02
           GradRho =  1.2656872847E-09 -3.4001783909E-09 -2.1912307527E-10
           HessRho_EigVals = -1.4493514126E+05 -1.4493496008E+05 -1.4493444572E+05
           HessRho_EigVec1 =  1.0227719900E-01 -1.6878329441E-03  9.9475450529E-01
           HessRho_EigVec2 = -3.7115747534E-01  9.2771937639E-01  3.9735213141E-02
           HessRho_EigVec3 =  9.2292009571E-01  3.7327457707E-01 -9.4258087458E-02
           DelSqRho = -4.3480454706E+05
           Bond Ellipticity = NA
           V = -1.0871159163E+05
           G =  5.2274303516E+00
           K =  1.0870636420E+05
           L =  1.0870113677E+05
           Vnuc =  2.3656231574E+06
           Ven = -2.7825925228E+08
           Vrep =  2.7815054068E+08
           DelSqV =  2.4940663027E+09
           DelSqVen =  1.0285837025E+12
           DelSqVrep = -1.0260896362E+12
           DelSqG =  1.3396143214E+08
           DelSqK = -2.6280277349E+09
           Stress_EigVals = -3.6237423471E+04 -3.6237249635E+04 -3.6236918520E+04
           Stress_EigVec1 =  8.8186863691E-01  4.6395637582E-01 -8.3977309860E-02
           Stress_EigVec2 = -4.6046349768E-01  8.8576738842E-01  5.8219420371E-02
           Stress_EigVec3 =  1.0139563372E-01 -1.2673395060E-02  9.9476545503E-01
           -DivStress = -7.3833045637E+02  1.9182401209E+03  1.2486232356E+02
           ESP =  -1.4566900871E+01     ESP at Nucleus =  -1.4566900897E+01
           ESPe = -3.0100843634E+01     ESPe at Nucleus = -3.0100841563E+01
           ESPn =  1.5533942763E+01     ESPn at Nucleus =  1.5533940666E+01

CP# 9      Coords = -2.37028791640218E+00 -4.01111528534035E-01 -7.17492442835733E-02
           Type = (3,-3) NACP C9
           Rho =  1.1771466637E+02     Rho at Nucleus =  1.1771466499E+02
           GradRho =  2.4293299360E-11 -4.6989202893E-13 -4.2524577609E-13
           HessRho_EigVals = -1.4503158181E+05 -1.4502986445E+05 -1.4502880362E+05
           HessRho_EigVec1 =  9.1206750386E-02 -7.3056444954E-03  9.9580517986E-01
           HessRho_EigVec2 =  4.7160607637E-01  8.8104400105E-01 -3.6731143974E-02
           HessRho_EigVec3 =  8.7707983526E-01 -4.7297790199E-01 -8.3802546619E-02
           DelSqRho = -4.3509024989E+05
           Bond Ellipticity = NA
           V = -1.0878268954E+05
           G =  5.0635319723E+00
           K =  1.0877762600E+05
           L =  1.0877256247E+05
           Vnuc =  1.3756521499E+06
           Ven = -1.6193443387E+08
           Vrep =  1.6182565118E+08
           DelSqV =  2.4956782263E+09
           DelSqVen =  5.9853283942E+11
           DelSqVrep = -5.9603716325E+11
           DelSqG =  1.3403524783E+08
           DelSqK = -2.6297134741E+09
           Stress_EigVals = -3.6261310181E+04 -3.6261062309E+04 -3.6260317046E+04
           Stress_EigVec1 =  8.6128194642E-01 -5.0121557938E-01 -8.3524557825E-02
           Stress_EigVec2 =  4.9987940275E-01  8.6527292056E-01 -3.7727385983E-02
           Stress_EigVec3 =  9.1181091712E-02 -9.2582896478E-03  9.9579128967E-01
           -DivStress =  2.3892419606E+03  2.6122301090E+03 -1.6758456678E+02
           ESP =  -1.4496526288E+01     ESP at Nucleus =  -1.4496526355E+01
           ESPe = -3.1324109039E+01     ESPe at Nucleus = -3.1324107009E+01
           ESPn =  1.6827582750E+01     ESPn at Nucleus =  1.6827580654E+01

CP# 10     Coords = -3.55246041923214E+00 -2.57057193126385E+00  6.61930009586027E-03
           Type = (3,-3) NACP N10
           Rho =  1.9056752335E+02     Rho at Nucleus =  1.9056752333E+02
           GradRho = -3.1048450865E-11 -2.2601285034E-11  1.0225972657E-11
           HessRho_EigVals = -3.2058848897E+05 -3.2058810230E+05 -3.2058446219E+05
           HessRho_EigVec1 =  5.4586896112E-01  8.3665451376E-01 -4.5125401933E-02
           HessRho_EigVec2 =  8.3414868755E-01 -5.4772615540E-01 -6.4745855067E-02
           HessRho_EigVec3 =  7.8886274800E-02  2.2985421552E-03  9.9688097201E-01
           DelSqRho = -9.6176105345E+05
           Bond Ellipticity = NA
           V = -2.4047501963E+05
           G =  1.7378134472E+01
           K =  2.4045764150E+05
           L =  2.4044026336E+05
           Vnuc =  2.0513233345E+07
           Ven = -3.9091560743E+09
           Vrep =  3.9089155993E+09
           DelSqV =  7.5504711006E+09
           DelSqVen =  1.9728831611E+13
           DelSqVrep = -1.9721276945E+13
           DelSqG =  4.0457199867E+08
           DelSqK = -7.9550430992E+09
           Stress_EigVals = -8.0158745555E+04 -8.0158166479E+04 -8.0158107597E+04
           Stress_EigVec1 =  7.7576344309E-02  4.2824337183E-03  9.9697721717E-01
           Stress_EigVec2 =  2.9182582341E-01  9.5609554166E-01 -2.6814249995E-02
           Stress_EigVec3 =  9.5332030273E-01 -2.9302384881E-01 -7.2920672186E-02
           -DivStress = -4.6494521241E+01 -7.6796310505E+02 -2.9434192317E+02
           ESP =  -1.8093849902E+01     ESP at Nucleus =  -1.8093849902E+01
           ESPe = -3.3966653452E+01     ESPe at Nucleus = -3.3966653242E+01
           ESPn =  1.5872803550E+01     ESPn at Nucleus =  1.5872803339E+01

CP# 11     Coords = -2.13707582826259E+00 -4.96656432669563E+00 -9.70334904036434E-02
           Type = (3,-3) NACP C11
           Rho =  1.1753577573E+02     Rho at Nucleus =  1.1753577339E+02
           GradRho = -3.7589861779E-12  4.6558587714E-11  5.8254724829E-14
           HessRho_EigVals = -1.4482684073E+05 -1.4482483454E+05 -1.4482465153E+05
           HessRho_EigVec1 = -5.0836691360E-01  8.6038661145E-01  3.6027211800E-02
           HessRho_EigVec2 =  4.7304709658E-02 -1.3871973008E-02  9.9878417729E-01
           HessRho_EigVec3 =  8.5984030238E-01  5.0945308636E-01 -3.3648286745E-02
           DelSqRho = -4.3447632680E+05
           Bond Ellipticity = NA
           V = -1.0862957461E+05
           G =  5.2464537803E+00
           K =  1.0862432815E+05
           L =  1.0861908170E+05
           Vnuc =  1.0555691810E+06
           Ven = -1.2406714253E+08
           Vrep =  1.2395851295E+08
           DelSqV =  2.4921949564E+09
           DelSqVen =  4.5861981901E+11
           DelSqVrep = -4.5612762405E+11
           DelSqG =  1.3386232104E+08
           DelSqK = -2.6260572774E+09
           Stress_EigVals = -3.6210093186E+04 -3.6210036452E+04 -3.6209444969E+04
           Stress_EigVec1 =  8.5920916526E-01  5.1077935498E-01 -2.9394912128E-02
           Stress_EigVec2 =  4.3583256024E-02 -1.5826475805E-02  9.9892443281E-01
           Stress_EigVec3 = -5.0976475960E-01  8.5956615405E-01  3.5859680465E-02
           -DivStress =  2.5439620902E+03 -3.8389576254E+03 -1.9426003150E+02
           ESP =  -1.4544079299E+01     ESP at Nucleus =  -1.4544079439E+01
           ESPe = -2.8487161169E+01     ESPe at Nucleus = -2.8487152998E+01
           ESPn =  1.3943081870E+01     ESPn at Nucleus =  1.3943073559E+01

CP# 12     Coords = -6.30615146237155E+00 -2.86231974699777E+00  2.49188473665313E-01
           Type = (3,-3) NACP C12
           Rho =  1.1751741425E+02     Rho at Nucleus =  1.1751741193E+02
           GradRho = -2.4185692728E-11 -2.4643730761E-11  1.3604292389E-13
           HessRho_EigVals = -1.4480147324E+05 -1.4479952287E+05 -1.4479943124E+05
           HessRho_EigVec1 =  9.8816711356E-01  1.3054262892E-01 -8.0525633940E-02
           HessRho_EigVec2 =  9.4615763278E-02 -1.0559002289E-01  9.8989827983E-01
           HessRho_EigVec3 = -1.2072122029E-01  9.8580392021E-01  1.1669197862E-01
           DelSqRho = -4.3440042735E+05
           Bond Ellipticity = NA
           V = -1.0861062013E+05
           G =  5.2566467211E+00
           K =  1.0860536348E+05
           L =  1.0860010684E+05
           Vnuc =  1.0605502268E+06
           Ven = -1.2463312033E+08
           Vrep =  1.2452450971E+08
           DelSqV =  2.4917587976E+09
           DelSqVen =  4.6070347213E+11
           DelSqVrep = -4.5821171333E+11
           DelSqG =  1.3383636679E+08
           DelSqK = -2.6255951644E+09
           Stress_EigVals = -3.6203751464E+04 -3.6203722359E+04 -3.6203146307E+04
           Stress_EigVec1 = -1.2823439769E-01  9.9039880444E-01  5.1634750074E-02
           Stress_EigVec2 =  8.7900364973E-02 -4.0509425653E-02  9.9530523573E-01
           Stress_EigVec3 =  9.8784080959E-01  1.3217108080E-01 -8.1861714580E-02
           -DivStress = -4.5212894993E+03 -6.5984676003E+02  3.9527832929E+02
           ESP =  -1.4538672042E+01     ESP at Nucleus =  -1.4538672180E+01
           ESPe = -2.7761580559E+01     ESPe at Nucleus = -2.7761570973E+01
           ESPn =  1.3222908517E+01     ESPn at Nucleus =  1.3222898793E+01

CP# 13     Coords =  4.15717104269526E+00 -2.26426876545256E-01  3.82740686800511E+00
           Type = (3,-3) NACP H13
           Rho =  4.1616089193E-01     Rho at Nucleus =  4.1283895800E-01
           GradRho =  1.3893741673E-15  3.1313113994E-17 -1.2634448262E-15
           HessRho_EigVals = -6.3496253773E+00 -6.3478012294E+00 -5.7966713679E+00
           HessRho_EigVec1 =  5.4845695409E-02  9.9826256236E-01 -2.1536162156E-02
           HessRho_EigVec2 =  7.8818489120E-01 -3.0042362202E-02  6.1470483467E-01
           HessRho_EigVec3 = -6.1298982617E-01  5.0688391754E-02  7.8846316335E-01
           DelSqRho = -1.8494097975E+01
           Bond Ellipticity = NA
           V = -4.6332572483E+00
           G =  4.8663773390E-03
           K =  4.6283908710E+00
           L =  4.6235244936E+00
           Vnuc =  4.4736183564E+01
           Ven = -1.8617450054E+01
           Vrep =  1.3984192805E+01
           DelSqV =  6.9789025699E+02
           DelSqVen =  8.2735536185E+02
           DelSqVrep = -1.2946510485E+02
           DelSqG =  6.8830954708E+01
           DelSqK = -7.6672121170E+02
           Stress_EigVals = -1.5910188347E+00 -1.5909863540E+00 -1.4512520596E+00
           Stress_EigVec1 = -1.1496160802E-02  9.9726008898E-01 -7.3076351916E-02
           Stress_EigVec2 =  7.9014088518E-01  5.3848278343E-02  6.1055527553E-01
           Stress_EigVec3 = -6.1281744415E-01  5.0721571762E-02  7.8859501793E-01
           -DivStress = -4.5338343384E+00  3.7654769539E-01  5.8599592010E+00
           ESP =  -9.8710775650E-01     ESP at Nucleus =  -9.8934101925E-01
           ESPe = -1.5828047416E+01     ESPe at Nucleus = -1.5753706646E+01
           ESPn =  1.4840939660E+01     ESPn at Nucleus =  1.4764365626E+01

CP# 14     Coords =  7.30188228892594E+00 -4.10395227765109E-01  3.01749321605655E+00
           Type = (3,-3) NACP H14
           Rho =  4.1071392199E-01     Rho at Nucleus =  4.0727568051E-01
           GradRho = -1.6893633968E-10  7.2072713533E-12 -7.1311330313E-11
           HessRho_EigVals = -6.2603921842E+00 -6.2594709022E+00 -5.7001584362E+00
           HessRho_EigVec1 =  4.8895066242E-02  9.9869326388E-01 -1.4867319292E-02
           HessRho_EigVec2 = -3.8854330503E-01  3.2731176858E-02  9.2084893994E-01
           HessRho_EigVec3 =  9.2013225822E-01 -3.9248372542E-02  3.8963597452E-01
           DelSqRho = -1.8220021523E+01
           Bond Ellipticity = NA
           V = -4.5645620952E+00
           G =  4.7783572500E-03
           K =  4.5597837379E+00
           L =  4.5550053807E+00
           Vnuc =  4.2842185540E+01
           Ven = -1.7595882050E+01
           Vrep =  1.3031319955E+01
           DelSqV =  6.8683108059E+02
           DelSqVen =  7.8058554293E+02
           DelSqVrep = -9.3754462336E+01
           DelSqG =  6.7698075807E+01
           DelSqK = -7.5452915640E+02
           Stress_EigVals = -1.5688168485E+00 -1.5687350905E+00 -1.4270101562E+00
           Stress_EigVec1 =  5.8592462699E-02  9.9756125458E-01 -3.7927123200E-02
