AIMSum (Version 19.02.13, Professional)
Copyright (c) 1997-2019 by Todd A. Keith
AIMSum is a component of the AIMAll package ( http://aim.tkgristmill.com )

TP:  64-bit Linux

Much of the Quantum Theory of Atoms in Molecules (QTAIM) is described in the book:
  "Atoms in Molecules - A Quantum Theory"
  R.F.W. Bader, Oxford University Press, Oxford, 1990

For additional references see:  http://aim.tkgristmill.com/references.html

Wfn File:  /home/mhennefarth/Documents/ML_Diels/summary-paton2011/n3-opt/n3-opt.wfn
Sum File:  /home/mhennefarth/Documents/ML_Diels/summary-paton2011/n3-opt/n3-opt.sum

SumViz File:  /home/mhennefarth/Documents/ML_Diels/summary-paton2011/n3-opt/n3-opt.sumviz

Wfn Title:   Title Card Required                                                           
 
Total memory allocated for AIMSum =        0.835 Megabytes

Atomic units (a.u.) used throughout, except where stated otherwise

Model:  Restricted SCF
 
Restricted, closed-shell, single-determinant wavefunction.
  Number of electrons (from MO Occs)                   =          64.0000000000
  Number of Alpha electrons (from MO Occs)             =          32.0000000000
  Number of Beta electrons (from MO Occs)              =          32.0000000000
  Number of electron pairs (N*(N-1)/2)                 =        2016.0000000000
  Number of electron pairs (from Muller 2EDM)          =        2016.0000000000
 
Nuclear Charges and Cartesian Coordinates:
-------------------------------------------------------------------------------
Atom      Charge                X                  Y                  Z
-------------------------------------------------------------------------------
C1         6.0          -4.1026857000E+00  -1.8895762200E+00   8.9362981000E-01
C2         6.0          -6.6078918800E+00  -1.4492840900E+00   8.2819177000E-01
H3         1.0          -2.6432021300E+00  -3.2267185500E+00   1.4261466400E+00
H4         1.0          -8.4502629500E+00  -2.2284090100E+00   1.2845382000E+00
C5         6.0          -4.9477376300E+00   4.6363246000E-01  -1.3842008000E-01
O6         8.0          -4.5522131800E+00   2.5032371800E+00  -1.0951098100E+00
C7         6.0           2.8621355400E+00  -9.2717705000E-01  -1.8595352000E+00
C8         6.0           5.6436686100E+00   2.6680684000E-01   1.4192763000E+00
H9         1.0           7.2393048200E+00   3.2137973000E-01   2.7033793900E+00
C10        6.0           3.6523301300E+00   1.8579687600E+00   1.3765044000E+00
C11        6.0           1.9170428600E+00   1.1213989300E+00  -6.6662548000E-01
H12        1.0           2.0374219700E+00  -1.9065635500E+00  -3.4596929000E+00
H13        1.0           1.6347324000E-01   2.0911706400E+00  -1.1089741700E+00
H14        1.0           3.3435253300E+00   3.4503764200E+00   2.6320070400E+00
C15        6.0           5.3349410100E+00  -1.6634269100E+00  -6.5178587000E-01
H16        1.0           6.9098247100E+00  -1.6001461300E+00  -2.0107765000E+00
H17        1.0           5.3068028200E+00  -3.6090433700E+00   8.6836870000E-02
 
Some Atomic Properties:
----------------------
  q(A) = Net Charge of Atom A
  L(A) = Lagrangian of Atom A = -(1/4) Times Atomic Integral of the Laplacian of the Electron Density
  K(A) = Electronic Kinetic Energy of Atom A (Hamiltonian Form)
  K_Scaled(A) = K(A) * E(Mol)/K(Mol) = Approximation to Virial-Based Total Energy of Atom A.
  |Mu_Intra(A)| = Magnitude of Intraatomic Dipole Moment of Atom A
--------------------------------------------------------------------------------------------------
Atom A          q(A)              L(A)              K(A)          K_Scaled(A)      |Mu_Intra(A)|
--------------------------------------------------------------------------------------------------
C1       -1.2062746920E-01 -8.2002396461E-05  3.7777444364E+01 -3.8142866338E+01  2.6420784576E-01
C2       -1.3030902340E-01  2.6642594205E-06  3.7776188695E+01 -3.8141598523E+01  2.6293159725E-01
H3        1.3803111025E-01  2.0584762679E-05  5.4862081858E-01 -5.5392763873E-01  1.4211331376E-01
H4        1.2849452708E-01  1.1057543425E-05  5.5224487015E-01 -5.5758674582E-01  1.4414836564E-01
C5        1.1686092910E+00  2.1303870938E-05  3.6963877701E+01 -3.7321430030E+01  6.2423325123E-01
O6       -1.1850533620E+00 -4.8574507627E-06  7.5271809276E+01 -7.5999914993E+01  5.8032621171E-01
C7       -8.7258374300E-02  1.7013060457E-05  3.7734352268E+01 -3.8099357412E+01  1.6938830029E-01
C8       -7.7279701100E-02  4.1807209278E-05  3.7732607958E+01 -3.8097596230E+01  1.6885500087E-01
H9        4.4510851400E-02  2.3816106447E-05  5.9253339489E-01 -5.9826498227E-01  1.5112164722E-01
C10      -5.6699048000E-02 -5.4312635969E-05  3.7728259635E+01 -3.8093205845E+01  1.5056719410E-01
C11      -6.4449346000E-02 -4.4281220009E-05  3.7732971163E+01 -3.8097962948E+01  2.0176512152E-01
H12       4.2417170690E-02  2.1506819301E-05  5.9319873067E-01 -5.9893675386E-01  1.5163846687E-01
H13       9.2363535100E-02  4.4053935602E-05  5.7583338735E-01 -5.8140343522E-01  1.2655141069E-01
H14       4.3567229230E-02  2.2006454605E-05  5.9360119994E-01 -5.9934311622E-01  1.5006007544E-01
C15      -1.2662480100E-02 -1.0335325655E-04  3.7703119303E+01 -3.8067822330E+01  1.3849802926E-01
H16       4.1657420010E-02  2.6996083075E-05  5.9056956139E-01 -5.9628215257E-01  1.5233628219E-01
H17       3.4713328500E-02  2.3040930457E-05  5.9326928392E-01 -5.9900798957E-01  1.5399970181E-01
--------------------------------------------------------------------------------------------------
Total     2.5659160001E-05 -1.2955924067E-05  3.8106050161E+02 -3.8474650746E+02
 
1st Largest |L(A)| = 1.0335325655E-04, atom C15     
2nd Largest |L(A)| = 8.2002396461E-05, atom C1      
 
Molecular charge q(Mol) from the wfn file:   0.0000000000E+00
Molecular energy E(Mol) from the wfn file:  -3.8474657301E+02
Molecular virial ratio (-V(Mol)/T(Mol)) from the wfn file:   2.0096730200E+00
Note.  K_Scaled(A) = (1+V(Mol)/T(Mol))*K(A) = (E(Mol)/T(Mol))*K(A)
       Only use K_Scaled(A) data with caution.
 
N_AIMInt(SumA)     =         63.999974
N_Analytic(Mol)    =         63.999988
 
G_AIMInt(SumA)     =        381.060515
G_Analytic(Mol)    =        381.060539
 
K_AIMInt(SumA)     =        381.060502
K_Analytic(Mol)    =        381.060539
 
L_AIMInt(SumA)     =         -0.000013
L_Analytic(Mol)    =          0.000000
 
VenT_AIMInt(SumA)  =      -1618.952349
VenT_Analytic(Mol) =      -1618.952690
 
Some Information About the Atomic Calculations:
----------------------------------------------
  Time(sec) = "Elapsed User Time", in Seconds, for Atom A by AIMInt and, if used, by TWOe
  NProc = Number of Processors Used for AIMInt Job
  BIM = Basin Integration Method
  OAQ = Angular Quadrature Outside of Beta Sphere
  ORQ = Multiple of Default for Radial Quadrature Outside of Beta Sphere
  IAQ = Multiple of Default for Angular Quadrature Inside of Beta Sphere
  IRQ = Multiple of Default for Radial Quadrature Inside of Beta Sphere
  MIR = Maximum Integration Radius
------------------------------------------------------------------------------------------------------
Atom A     Time(sec)   NProc      BIM          OAQ                     ORQ      IAQ      IRQ      MIR
------------------------------------------------------------------------------------------------------
C1             39        8     Proaim(5)    4500(GS4)                  1.00     1.00     1.00    13.00
C2             13        8     Proaim(5)    4500(GS4)                  1.00     1.00     1.00    13.00
H3              7        8     Proaim(5)    1800(GS4)                  1.00     1.00     1.00    13.00
H4              4        8     Proaim(5)    1800(GS4)                  1.00     1.00     1.00    13.00
C5             63        8     Proaim(5)    4500(GS4)                  1.00     1.00     1.00    13.00
O6            189        8     Proaim(5)    4500(GS4)                  1.00     1.00     1.00    13.00
C7             70        8     Proaim(5)    4500(GS4)                  1.00     1.00     1.00    13.00
C8             41        8     Proaim(5)    4500(GS4)                  1.00     1.00     1.00    13.00
H9             13        8     Proaim(5)    1800(GS4)                  1.00     1.00     1.00    13.00
C10            53        8     Proaim(5)    4500(GS4)                  1.00     1.00     1.00    13.00
C11           109        8     Proaim(5)    4500(GS4)                  1.00     1.00     1.00    13.00
H12            15        8     Proaim(5)    1800(GS4)                  1.00     1.00     1.00    13.00
H13           145        8     Proaim(5)    4500(GS4)                  1.00     1.00     1.00    13.00
H14            13        8     Proaim(5)    1800(GS4)                  1.00     1.00     1.00    13.00
C15            58        8     Proaim(5)    4500(GS4)                  1.00     1.00     1.00    13.00
H16            14        8     Proaim(5)    1800(GS4)                  1.00     1.00     1.00    13.00
H17            15        8     Proaim(5)    1800(GS4)                  1.00     1.00     1.00    13.00
------------------------------------------------------------------------------------------------------
Total         861
Note:  Total wall clock time is less than total of atomic times if more than one atom
       was calculated at a time
 
Electron Density Critical Point Analysis of Molecular Structure:               
---------------------------------------------------------------                
  NACP = Nuclear Attractor Critical Point                                      
  NNACP = Non-Nuclear Attractor Critical Point                                 
  BCP = Bond Critical Point                                                    
  RCP = Ring Critical Point                                                    
  CCP = Cage Critical Point                                                    
  Rho = Electron Density                                                       
  GradRho = Gradient of Electron Density                                       
  HessRho_EigVals = Eigenvalues of the Hessian of Rho, Ascending Order         
  HessRho_EigVecs = Eigenvectors of the Hessian of Rho                         
  DelSqRho = Laplacian of Rho = Trace of Hessian of Rho                        
  Bond Ellipticity = (HessRho_EigVal(1) / HessRho_EigVal(2)) - 1               
  V = Virial Field = Potential Energy Density = Trace of Stress Tensor         
  G = Lagrangian Form of Kinetic Energy Density                                
  K = Hamiltonian Form of Kinetic Energy Density                               
  L = K - G = Lagrangian Density = (-1/4)DelSqRho                              
  Vnuc = Electrostatic Potential from Nuclei                                   
  Ven = Electron-nuclear attractive contribution to Virial Field V             
  Vrep = V - Ven = Repulsive contribution to Virial Field V                    
  DelSqV = Laplacian of V                                                      
  DelSqVen = Laplacian of Ven                                                  
  DelSqVrep = Laplacian of Vrep                                                
  DelSqG = Laplacian of G                                                      
  DelSqK = Laplacian of K                                                      
  Stress_EigVals = Eigenvalues of Stress Tensor, Ascending Order               
  Stress_EigVecs = Eigenvectors of Stress Tensor                               
  -DivStress = Ehrenfest Force Density = Minus Divergence of Stress Tensor     
  ESP = Total Electrostatic Potential                                          
  ESPe = Electrostatic Potential from Electrons                                
  ESPn = Electrostatic Potential from Nuclei                                   
  BP = Bond Path                                                               
  BPL = Bond Path Length                                                       
  GBL = Geometric Bond Length                                                  
  GBL_I = Distance Between Nuclear Attractors                                  
  GBL_II = Distance Between Nuclei                                             
  GBL_III = Sum of Distances Between BCP and Nuclear Attractors                
  GBL_IV = Sum of Distances Between BCP and Nuclei                             

CP# 1      Coords = -4.10268791468714E+00 -1.88957552221721E+00  8.93629613821133E-01
           Type = (3,-3) NACP C1
           Rho =  1.1773652112E+02     Rho at Nucleus =  1.1773652073E+02
           GradRho = -2.5925274393E-09  8.4095449777E-10 -2.2884188815E-10
           HessRho_EigVals = -1.4507664349E+05 -1.4507510623E+05 -1.4507389670E+05
           HessRho_EigVec1 =  4.9283844119E-02  4.1592447465E-01  9.0806273687E-01
           HessRho_EigVec2 = -6.9872202491E-01  6.6401409007E-01 -2.6621949607E-01
           HessRho_EigVec3 =  7.1369365600E-01  6.2136311411E-01 -3.2334075805E-01
           DelSqRho = -4.3522564641E+05
           Bond Ellipticity = NA
           V = -1.0881669019E+05
           G =  5.1392917115E+00
           K =  1.0881155090E+05
           L =  1.0880641160E+05
           Vnuc =  2.5748040524E+06
           Ven = -3.0314847171E+08
           Vrep =  3.0303965502E+08
           DelSqV =  2.4964729156E+09
           DelSqVen =  1.1206207734E+12
           DelSqVrep = -1.1181242841E+12
           DelSqG =  1.3409535803E+08
           DelSqK = -2.6305682736E+09
           Stress_EigVals = -3.6272525204E+04 -3.6272474783E+04 -3.6271690199E+04
           Stress_EigVec1 =  9.9678035886E-01  3.6977361768E-02 -7.1144858550E-02
           Stress_EigVec2 = -6.3163121204E-02  9.0869197647E-01 -4.1266125577E-01
           Stress_EigVec3 =  4.9389637589E-02  4.1582636594E-01  9.0810191999E-01
           -DivStress =  1.8052194257E+03 -5.6769723829E+02  1.5929688444E+02
           ESP =  -1.4682378091E+01     ESP at Nucleus =  -1.4682378098E+01
           ESPe = -2.5892395027E+01     ESPe at Nucleus = -2.5892392765E+01
           ESPn =  1.1210016936E+01     ESPn at Nucleus =  1.1210014667E+01

CP# 2      Coords = -6.60788980472241E+00 -1.44928416743021E+00  8.28191689969692E-01
           Type = (3,-3) NACP C2
           Rho =  1.1773279828E+02     Rho at Nucleus =  1.1773279797E+02
           GradRho =  2.0052132082E-09 -8.0259135438E-11 -8.2541649514E-11
           HessRho_EigVals = -1.4507247534E+05 -1.4507102585E+05 -1.4506979335E+05
           HessRho_EigVec1 =  4.8699072042E-02  4.1572411034E-01  9.0818602966E-01
           HessRho_EigVec2 =  8.9186064942E-01  3.9126585207E-01 -2.2692645289E-01
           HessRho_EigVec3 = -4.4968097848E-01  8.2102648988E-01 -3.5171369111E-01
           DelSqRho = -4.3521329454E+05
           Bond Ellipticity = NA
           V = -1.0881359270E+05
           G =  5.1345303002E+00
           K =  1.0880845816E+05
           L =  1.0880332363E+05
           Vnuc =  2.8870365379E+06
           Ven = -3.3989889034E+08
           Vrep =  3.3979007675E+08
           DelSqV =  2.4964027956E+09
           DelSqVen =  1.2564767048E+12
           DelSqVrep = -1.2539803020E+12
           DelSqG =  1.3409201536E+08
           DelSqK = -2.6304948110E+09
           Stress_EigVals = -3.6271489178E+04 -3.6271432979E+04 -3.6270670538E+04
           Stress_EigVec1 =  8.8366244152E-01 -4.4183789908E-01  1.5466079135E-01
           Stress_EigVec2 =  4.6555729009E-01  7.9491353335E-01 -3.8906154288E-01
           Stress_EigVec3 =  4.8960178595E-02  4.1580253179E-01  9.0813608863E-01
           -DivStress = -1.6912955351E+03  6.3794595740E+01  6.4835305144E+01
           ESP =  -1.4680953665E+01     ESP at Nucleus =  -1.4680953671E+01
           ESPe = -2.4973405327E+01     ESPe at Nucleus = -2.4973401834E+01
           ESPn =  1.0292451662E+01     ESPn at Nucleus =  1.0292448164E+01

CP# 3      Coords = -2.66954123638348E+00 -3.20309725488544E+00  1.41676842575173E+00
           Type = (3,-3) NACP H3
           Rho =  4.1078442000E-01     Rho at Nucleus =  4.0687539953E-01
           GradRho = -2.2819880751E-15  2.3419376789E-15 -9.1002932864E-16
           HessRho_EigVals = -6.2888995812E+00 -6.2882964304E+00 -5.6686110470E+00
           HessRho_EigVec1 =  6.9697030463E-01  6.3759553862E-01 -3.2818336887E-01
           HessRho_EigVec2 =  4.8429423247E-02  4.1475735473E-01  9.0864235410E-01
           HessRho_EigVec3 =  7.1546277711E-01 -6.4919046961E-01  2.5819517568E-01
           DelSqRho = -1.8245807059E+01
           Bond Ellipticity = NA
           V = -4.5702129090E+00
           G =  4.3805721834E-03
           K =  4.5658323368E+00
           L =  4.5614517647E+00
           Vnuc =  3.9014956681E+01
           Ven = -1.6026736351E+01
           Vrep =  1.1456523442E+01
           DelSqV =  6.8644171571E+02
           DelSqVen =  7.1185937200E+02
           DelSqVrep = -2.5417656290E+01
           DelSqG =  6.7886242053E+01
           DelSqK = -7.5432795776E+02
           Stress_EigVals = -1.5759650131E+00 -1.5748740691E+00 -1.4193738268E+00
           Stress_EigVec1 =  6.9469641418E-01  6.3840670547E-01 -3.3141178395E-01
           Stress_EigVec2 =  5.0312629942E-02  4.1648501445E-01  9.0774934426E-01
           Stress_EigVec3 =  7.1754130989E-01 -6.4728441288E-01  2.5721072577E-01
           -DivStress =  5.7716187761E+00 -5.1746241792E+00  2.0543051996E+00
           ESP =  -1.0337233904E+00     ESP at Nucleus =  -1.0364720252E+00
           ESPe = -1.2727346562E+01     ESPe at Nucleus = -1.2654105281E+01
           ESPn =  1.1693623172E+01     ESPn at Nucleus =  1.1617633256E+01

CP# 4      Coords = -8.41767052127447E+00 -2.21486699353492E+00  1.27657403397561E+00
           Type = (3,-3) NACP H4
           Rho =  4.1146524848E-01     Rho at Nucleus =  4.0763426820E-01
           GradRho =  1.4937592085E-09  6.2230832288E-10 -3.6576442773E-10
           HessRho_EigVals = -6.3024226281E+00 -6.3018044753E+00 -5.6891070549E+00
           HessRho_EigVec1 = -4.3527774244E-01  8.2774816732E-01 -3.5407097938E-01
           HessRho_EigVec2 =  4.9672974845E-02  4.1476444851E-01  9.0857198274E-01
           HessRho_EigVec3 =  8.9892484809E-01  3.7789340264E-01 -2.2165444668E-01
           DelSqRho = -1.8293334158E+01
           Bond Ellipticity = NA
           V = -4.5822490934E+00
           G =  4.4577769054E-03
           K =  4.5777913165E+00
           L =  4.5733335396E+00
           Vnuc =  3.7531519196E+01
           Ven = -1.5442915872E+01
           Vrep =  1.0860666778E+01
           DelSqV =  6.8863786680E+02
           DelSqVen =  6.8657662464E+02
           DelSqVrep =  2.0612421626E+00
           DelSqG =  6.8120212848E+01
           DelSqK = -7.5675807965E+02
           Stress_EigVals = -1.5793503572E+00 -1.5782952168E+00 -1.4246035194E+00
           Stress_EigVec1 = -4.3263993966E-01  8.2832787981E-01 -3.5594326254E-01
           Stress_EigVec2 = -4.9098341583E-02 -4.1586642763E-01 -9.0809937079E-01
           Stress_EigVec3 =  9.0022887949E-01  3.7540383310E-01 -2.2058995135E-01
           -DivStress = -7.1594402241E+00 -2.9735700025E+00  1.7489330160E+00
           ESP =  -1.0313981424E+00     ESP at Nucleus =  -1.0340982935E+00
           ESPe = -1.0924268175E+01     ESPe at Nucleus = -1.0839254631E+01
           ESPn =  9.8928700330E+00     ESPn at Nucleus =  9.8051563372E+00

CP# 5      Coords = -4.94773830828795E+00  4.63629731132062E-01 -1.38418789691339E-01
           Type = (3,-3) NACP C5
           Rho =  1.1765871944E+02     Rho at Nucleus =  1.1765871874E+02
           GradRho = -1.4510622153E-09 -5.7229302144E-09  2.7047399540E-09
           HessRho_EigVals = -1.4496778319E+05 -1.4496654727E+05 -1.4496562395E+05
           HessRho_EigVec1 =  4.9404050258E-02  4.1631698090E-01  9.0787631935E-01
           HessRho_EigVec2 =  2.0245048875E-01  8.8594279081E-01 -4.1727589317E-01
           HessRho_EigVec3 =  9.7804552012E-01 -2.0441512377E-01  4.0514414093E-02
           DelSqRho = -4.3489995442E+05
           Bond Ellipticity = NA
           V = -1.0873488185E+05
           G =  4.9466238667E+00
           K =  1.0872993523E+05
           L =  1.0872498861E+05
           Vnuc =  1.9393656436E+06
           Ven = -2.2818327815E+08
           Vrep =  2.2807454327E+08
           DelSqV =  2.4945946518E+09
           DelSqVen =  8.4343005798E+11
           DelSqVrep = -8.4093546128E+11
           DelSqG =  1.3398139652E+08
           DelSqK = -2.6285760483E+09
           Stress_EigVals = -3.6245317765E+04 -3.6245094024E+04 -3.6244470064E+04
           Stress_EigVec1 =  1.3740469696E-01  8.9756462839E-01 -4.1892444083E-01
           Stress_EigVec2 =  9.8928184949E-01 -1.4545304742E-01  1.2838740743E-02
           Stress_EigVec3 =  4.9410236992E-02  4.1619844890E-01  9.0793032751E-01
           -DivStress =  5.5219409934E+02  2.2226816367E+03 -1.0510414052E+03
           ESP =  -1.4629378721E+01     ESP at Nucleus =  -1.4629378759E+01
           ESPe = -2.7074228362E+01     ESPe at Nucleus = -2.7074228786E+01
           ESPn =  1.2444849641E+01     ESPn at Nucleus =  1.2444850027E+01

CP# 6      Coords = -4.55221494096510E+00  2.50322802127267E+00 -1.09510551298256E+00
           Type = (3,-3) NACP O6
           Rho =  2.9032422133E+02     Rho at Nucleus =  2.9032418758E+02
           GradRho =  1.9207810502E-10 -1.3903672419E-10 -4.2494903646E-11
           HessRho_EigVals = -6.4023224588E+05 -6.4022988235E+05 -6.4021399310E+05
           HessRho_EigVec1 =  1.8409573177E-01  8.8962246528E-01 -4.1794811976E-01
           HessRho_EigVec2 =  4.9222398250E-02  4.1633802273E-01  9.0787653695E-01
           HessRho_EigVec3 =  9.8167505675E-01 -1.8770860422E-01  3.2856701679E-02
           DelSqRho = -1.9206761213E+06
           Bond Ellipticity = NA
           V = -4.8026104449E+05
           G =  4.6007080223E+01
           K =  4.8021503741E+05
           L =  4.8016903033E+05
           Vnuc =  7.7907069984E+05
           Ven = -2.2618309429E+08
           Vrep =  2.2570283325E+08
           DelSqV =  1.9806202526E+10
           DelSqVen =  1.4963424911E+12
           DelSqVrep = -1.4765362885E+12
           DelSqG =  1.0591810694E+09
           DelSqK = -2.0865383596E+10
           Stress_EigVals = -1.6008985380E+05 -1.6008592636E+05 -1.6008526434E+05
           Stress_EigVec1 =  9.8178204585E-01 -1.8718934898E-01  3.2621496984E-02
           Stress_EigVec2 =  4.9257508919E-02  4.1654738843E-01  9.0777859140E-01
           Stress_EigVec3 =  1.8351488292E-01  8.8963386897E-01 -4.1817922823E-01
           -DivStress =  1.1378333925E+04  5.8966655083E+04 -2.7668134027E+04
           ESP =  -2.2334778488E+01     ESP at Nucleus =  -2.2334779764E+01
           ESPe = -3.1883536073E+01     ESPe at Nucleus = -3.1883519642E+01
           ESPn =  9.5487575851E+00     ESPn at Nucleus =  9.5487398777E+00

CP# 7      Coords =  2.86213673352660E+00 -9.27178309760805E-01 -1.85953549985521E+00
           Type = (3,-3) NACP C7
           Rho =  1.1767079494E+02     Rho at Nucleus =  1.1767079471E+02
           GradRho =  8.0294579579E-10 -8.8221652813E-10 -2.2552708832E-10
           HessRho_EigVals = -1.4499524677E+05 -1.4499473319E+05 -1.4499430755E+05
           HessRho_EigVec1 =  5.1989679179E-01  5.8531155738E-01 -6.2218783874E-01
           HessRho_EigVec2 =  8.1831366370E-01 -1.3227346287E-01  5.5934468695E-01
           HessRho_EigVec3 = -2.4509196985E-01  7.9994631808E-01  5.4773699391E-01
           DelSqRho = -4.3498428751E+05
           Bond Ellipticity = NA
           V = -1.0875630463E+05
           G =  5.1163771552E+00
           K =  1.0875118825E+05
           L =  1.0874607188E+05
           Vnuc =  3.4070049449E+06
           Ven = -4.0090498022E+08
           Vrep =  4.0079622391E+08
           DelSqV =  2.4950951068E+09
           DelSqVen =  1.4819935846E+12
           DelSqVrep = -1.4794984731E+12
           DelSqG =  1.3402151939E+08
           DelSqK = -2.6291166261E+09
           Stress_EigVals = -3.6252368574E+04 -3.6252149753E+04 -3.6251786304E+04
           Stress_EigVec1 = -7.0937526502E-02  7.5236709512E-01  6.5491344582E-01
           Stress_EigVec2 =  8.6124540050E-01 -2.8503027771E-01  4.2073043735E-01
           Stress_EigVec3 =  5.0321389831E-01  5.9388676949E-01 -6.2775335728E-01
           -DivStress = -9.7426406862E+02  1.0199710398E+03  2.4073169061E+02
           ESP =  -1.4754416896E+01     ESP at Nucleus =  -1.4754416918E+01
           ESPe = -2.6818263708E+01     ESPe at Nucleus = -2.6818264889E+01
           ESPn =  1.2063846813E+01     ESPn at Nucleus =  1.2063847971E+01

CP# 8      Coords =  5.64366950815592E+00  2.66805536748619E-01  1.41927576165422E+00
           Type = (3,-3) NACP C8
           Rho =  1.1766987916E+02     Rho at Nucleus =  1.1766987896E+02
           GradRho =  5.1766142664E-10 -8.1486867189E-10 -3.3437321618E-10
           HessRho_EigVals = -1.4499339940E+05 -1.4499286429E+05 -1.4499245519E+05
           HessRho_EigVec1 =  4.9521300040E-01  5.9161497916E-01 -6.3620421302E-01
           HessRho_EigVec2 = -2.6273261252E-01 -5.9602882423E-01 -7.5876295047E-01
           HessRho_EigVec3 =  8.2809157619E-01 -5.4290087228E-01  1.3972467329E-01
           DelSqRho = -4.3497871888E+05
           Bond Ellipticity = NA
           V = -1.0875491811E+05
           G =  5.1191944928E+00
           K =  1.0874979891E+05
           L =  1.0874467972E+05
           Vnuc =  3.5889257642E+06
           Ven = -4.2230846101E+08
           Vrep =  4.2219970609E+08
           DelSqV =  2.4950625833E+09
           DelSqVen =  1.5611062518E+12
           DelSqVrep = -1.5586111892E+12
           DelSqG =  1.3401907657E+08
           DelSqK = -2.6290816599E+09
           Stress_EigVals = -3.6251906455E+04 -3.6251690618E+04 -3.6251321036E+04
           Stress_EigVec1 =  8.6643268674E-01 -4.0411987423E-01  2.9322606740E-01
           Stress_EigVec2 =  8.1825591833E-02  6.9426825107E-01  7.1504976616E-01
           Stress_EigVec3 =  4.9254337055E-01  5.9554909354E-01 -6.3460405397E-01
           -DivStress = -7.2613620175E+02  1.0597005558E+03  4.4197936361E+02
           ESP =  -1.4753293998E+01     ESP at Nucleus =  -1.4753294018E+01
           ESPe = -2.6038969375E+01     ESPe at Nucleus = -2.6038970162E+01
           ESPn =  1.1285675377E+01     ESPn at Nucleus =  1.1285676144E+01

CP# 9      Coords =  7.21212938960912E+00  3.20292878008203E-01  2.68137925028757E+00
           Type = (3,-3) NACP H9
           Rho =  4.2523157542E-01     Rho at Nucleus =  4.2153751445E-01
           GradRho = -4.7271282483E-15 -2.6996634095E-17 -1.2117958275E-15
           HessRho_EigVals = -6.4816084468E+00 -6.4752753964E+00 -5.8803655807E+00
           HessRho_EigVec1 = -3.9706441015E-01  7.9944596425E-01  4.5080594986E-01
           HessRho_EigVec2 = -4.8880649377E-01 -5.9993090117E-01  6.3336492283E-01
           HessRho_EigVec3 =  7.7679345121E-01  3.1129793768E-02  6.2898558815E-01
           DelSqRho = -1.8837249424E+01
           Bond Ellipticity = NA
           V = -4.7187408522E+00
           G =  4.7142481269E-03
           K =  4.7140266041E+00
           L =  4.7093123560E+00
           Vnuc =  3.9364469519E+01
           Ven = -1.6739015389E+01
           Vrep =  1.2020274537E+01
           DelSqV =  7.0943342053E+02
           DelSqVen =  7.4151833076E+02
           DelSqVrep = -3.2084910234E+01
           DelSqG =  6.9883048428E+01
           DelSqK = -7.7931646896E+02
           Stress_EigVals = -1.6236915583E+00 -1.6233405037E+00 -1.4717087902E+00
           Stress_EigVec1 = -3.9538296847E-01  8.0002331375E-01  4.5125935525E-01
           Stress_EigVec2 = -4.8918348035E-01 -5.9922732532E-01  6.3373980082E-01
           Stress_EigVec3 =  7.7741355198E-01  2.9821301745E-02  6.2828246765E-01
           -DivStress =  6.1403574766E+00  2.4468410115E-01  4.9702769366E+00
           ESP =  -1.1096937512E+00     ESP at Nucleus =  -1.1122144867E+00
           ESPe = -1.1887461954E+01     ESPe at Nucleus = -1.1799853758E+01
           ESPn =  1.0777768203E+01     ESPn at Nucleus =  1.0687639271E+01

CP# 10     Coords =  3.65232903657951E+00  1.85796940675789E+00  1.37650415289721E+00
           Type = (3,-3) NACP C10
           Rho =  1.1768001698E+02     Rho at Nucleus =  1.1768001686E+02
           GradRho = -3.8791798712E-10  2.3978106805E-10 -7.9327106732E-11
           HessRho_EigVals = -1.4500397237E+05 -1.4500308208E+05 -1.4500280029E+05
           HessRho_EigVec1 = -4.8922824632E-01 -5.9902238039E-01  6.3389897522E-01
           HessRho_EigVec2 =  5.4068426318E-01  3.6198755525E-01  7.5935863556E-01
           HessRho_EigVec3 =  6.8433635776E-01 -7.1423889395E-01 -1.4678743752E-01
           DelSqRho = -4.3500985474E+05
           Bond Ellipticity = NA
           V = -1.0876270387E+05
           G =  5.1200944710E+00
           K =  1.0875758378E+05
           L =  1.0875246368E+05
           Vnuc =  4.6361215186E+06
           Ven = -5.4557885902E+08
           Vrep =  5.4547009632E+08
           DelSqV =  2.4952382387E+09
           DelSqVen =  2.0167584317E+12
           DelSqVrep = -2.0142632590E+12
           DelSqG =  1.3402651668E+08
           DelSqK = -2.6292647554E+09
           Stress_EigVals = -3.6254500832E+04 -3.6254337456E+04 -3.6253865585E+04
           Stress_EigVec1 =  5.6861638518E-01 -7.7086657651E-01 -2.8712388916E-01
           Stress_EigVec2 =  6.6056888385E-01  2.1988246235E-01  7.1784430933E-01
           Stress_EigVec3 = -4.9022867745E-01 -5.9784314329E-01  6.3423924495E-01
           -DivStress =  8.8666767792E+02 -5.2063223403E+02  2.0550298345E+02
           ESP =  -1.4753854867E+01     ESP at Nucleus =  -1.4753854883E+01
           ESPe = -2.6537631600E+01     ESPe at Nucleus = -2.6537632134E+01
           ESPn =  1.1783776733E+01     ESPn at Nucleus =  1.1783777251E+01

CP# 11     Coords =  1.91704328595571E+00  1.12139963506066E+00 -6.66624438060227E-01
           Type = (3,-3) NACP C11
           Rho =  1.1769132347E+02     Rho at Nucleus =  1.1769132335E+02
           GradRho =  1.4554530064E-10  2.6644667115E-10  4.1363386414E-10
           HessRho_EigVals = -1.4502038161E+05 -1.4501939841E+05 -1.4501900274E+05
           HessRho_EigVec1 = -4.8819587795E-01 -6.0808844896E-01  6.2601375624E-01
           HessRho_EigVec2 =  5.1805603165E-01  3.7533794871E-01  7.6859571449E-01
           HessRho_EigVec3 =  7.0234089503E-01 -6.9953546193E-01 -1.3178544936E-01
           DelSqRho = -4.3505878276E+05
           Bond Ellipticity = NA
           V = -1.0877493736E+05
           G =  5.1208333192E+00
           K =  1.0876981652E+05
           L =  1.0876469569E+05
           Vnuc =  4.5173122790E+06
           Ven = -5.3164846066E+08
           Vrep =  5.3153968573E+08
           DelSqV =  2.4955202792E+09
           DelSqVen =  1.9652964844E+12
           DelSqVrep = -1.9628009641E+12
           DelSqG =  1.3404395065E+08
           DelSqK = -2.6295642299E+09
           Stress_EigVals = -3.6258612746E+04 -3.6258405078E+04 -3.6257919534E+04
           Stress_EigVec1 =  7.1891089957E-01 -6.8799310646E-01 -9.9159487453E-02
           Stress_EigVec2 =  4.9327551879E-01  4.0444479130E-01  7.7013224407E-01
           Stress_EigVec3 = -4.8974113677E-01 -6.0256941199E-01  6.3012992525E-01
           -DivStress = -3.5365828131E+02 -5.7061416608E+02 -8.4659589781E+02
           ESP =  -1.4758089697E+01     ESP at Nucleus =  -1.4758089709E+01
           ESPe = -2.7316710272E+01     ESPe at Nucleus = -2.7316710231E+01
           ESPn =  1.2558620575E+01     ESPn at Nucleus =  1.2558620522E+01

CP# 12     Coords =  2.05161983597187E+00 -1.89004846791651E+00 -3.43240752841891E+00
           Type = (3,-3) NACP H12
           Rho =  4.2521683489E-01     Rho at Nucleus =  4.2153723063E-01
           GradRho =  1.6412381437E-15  2.0300601478E-15  4.2006600021E-15
           HessRho_EigVals = -6.4810925430E+00 -6.4745560713E+00 -5.8814085358E+00
           HessRho_EigVec1 =  7.7048364929E-01 -6.3728945757E-01 -1.4734091713E-02
           HessRho_EigVec2 =  4.9101866584E-01  6.0806489904E-01 -6.2382509436E-01
           HessRho_EigVec3 =  4.0651643999E-01  4.7341232116E-01  7.8142508162E-01
           DelSqRho = -1.8837057150E+01
           Bond Ellipticity = NA
           V = -4.7187622807E+00
           G =  4.7489965921E-03
           K =  4.7140132841E+00
           L =  4.7092642875E+00
           Vnuc =  4.0566016411E+01
           Ven = -1.7249353103E+01
           Vrep =  1.2530590822E+01
           DelSqV =  7.0948559580E+02
           DelSqVen =  7.6414436948E+02
           DelSqVrep = -5.4658773676E+01
           DelSqG =  6.9884932995E+01
           DelSqK = -7.7937052880E+02
           Stress_EigVals = -1.6235605348E+00 -1.6232192095E+00 -1.4719825364E+00
           Stress_EigVec1 =  7.7018559060E-01 -6.3770089826E-01 -1.2317483431E-02
           Stress_EigVec2 =  4.9243158324E-01  6.0678801341E-01 -6.2395467993E-01
           Stress_EigVec3 =  4.0537056117E-01  4.7449538580E-01  7.8136344744E-01
           -DivStress = -3.2072235043E+00 -3.7321470498E+00 -6.1645075305E+00
           ESP =  -1.1108217552E+00     ESP at Nucleus =  -1.1133311926E+00
           ESPe = -1.3033052114E+01     ESPe at Nucleus = -1.2949519437E+01
           ESPn =  1.1922230358E+01     ESPn at Nucleus =  1.1836188245E+01

CP# 13     Coords =  1.94600721841825E-01  2.07405666279826E+00 -1.10105707730664E+00
           Type = (3,-3) NACP H13
           Rho =  4.1995749828E-01     Rho at Nucleus =  4.1602497875E-01
           GradRho =  6.9209845305E-11 -3.8031352710E-11  1.7621414365E-11
           HessRho_EigVals = -6.3912353958E+00 -6.3856702882E+00 -5.7705636517E+00
           HessRho_EigVec1 =  1.6788637102E-01  6.5002644025E-01  7.4113412646E-01
           HessRho_EigVec2 =  4.9005293644E-01  5.9730150473E-01 -6.3488505411E-01
           HessRho_EigVec3 =  8.5537260063E-01 -4.6978350271E-01  2.1826858377E-01
           DelSqRho = -1.8547469336E+01
           Bond Ellipticity = NA
           V = -4.6459904725E+00
           G =  4.5615693149E-03
           K =  4.6414289032E+00
           L =  4.6368673339E+00
           Vnuc =  4.0767892004E+01
           Ven = -1.7120781936E+01
           Vrep =  1.2474791464E+01
           DelSqV =  6.9722787569E+02
           DelSqVen =  7.5614122694E+02
           DelSqVrep = -5.8913351247E+01
           DelSqG =  6.8614964901E+01
           DelSqK = -7.6584284060E+02
           Stress_EigVals = -1.6009302077E+00 -1.6003947704E+00 -1.4446654944E+00
           Stress_EigVec1 =  1.6477251697E-01  6.4439006131E-01  7.4673386593E-01
           Stress_EigVec2 =  4.9160211531E-01  6.0268979304E-01 -6.2856373869E-01
           Stress_EigVec3 =  8.5508910522E-01 -4.7066597737E-01  2.1747680307E-01
           -DivStress = -6.9251346459E+00  3.8083383043E+00 -1.7612243127E+00
           ESP =  -1.1201212104E+00     ESP at Nucleus =  -1.1228173355E+00
           ESPe = -1.4410598308E+01     ESPe at Nucleus = -1.4344386436E+01
           ESPn =  1.3290477098E+01     ESPn at Nucleus =  1.3221569100E+01

CP# 14     Coords =  3.34873278521122E+00  3.42329153966447E+00  2.61064904381553E+00
           Type = (3,-3) NACP H14
           Rho =  4.2669611641E-01     Rho at Nucleus =  4.2300382180E-01
           GradRho =  1.8455831481E-15 -2.4486672184E-15 -6.2342810764E-16
           HessRho_EigVals = -6.5145851393E+00 -6.5089666159E+00 -5.9113550678E+00
           HessRho_EigVec1 =  8.5737398876E-01 -2.0846590449E-01  4.7058666584E-01
           HessRho_EigVec2 = -4.9300146440E-01 -5.9526528983E-01  6.3451461041E-01
           HessRho_EigVec3 = -1.4784924587E-01  7.7601623784E-01  6.1313897210E-01
           DelSqRho = -1.8934906823E+01
           Bond Ellipticity = NA
           V = -4.7426583860E+00
           G =  4.4658401337E-03
           K =  4.7381925459E+00
           L =  4.7337267057E+00
           Vnuc =  4.0132817318E+01
           Ven = -1.7124517290E+01
           Vrep =  1.2381858904E+01
           DelSqV =  7.1327364857E+02
           DelSqVen =  7.5991115646E+02
           DelSqVrep = -4.6637507888E+01
           DelSqG =  7.0363007924E+01
           DelSqK = -7.8363665650E+02
           Stress_EigVals = -1.6318471887E+00 -1.6312958198E+00 -1.4795153775E+00
           Stress_EigVec1 =  8.5979232436E-01 -2.0431667573E-01  4.6798702439E-01
           Stress_EigVec2 = -4.8843833502E-01 -5.9637515837E-01  6.3699659604E-01
           Stress_EigVec3 = -1.4894680883E-01  7.7626758692E-01  6.1255488051E-01
           -DivStress = -1.1832540450E+00  6.1508059575E+00  4.8498378965E+00
           ESP =  -1.1133259985E+00     ESP at Nucleus =  -1.1158457938E+00
           ESPe = -1.2579457187E+01     ESPe at Nucleus = -1.2494200381E+01
           ESPn =  1.1466131189E+01     ESPn at Nucleus =  1.1378354587E+01

CP# 15     Coords =  5.33494112881858E+00 -1.66342709664033E+00 -6.51785853230302E-01
           Type = (3,-3) NACP C15
           Rho =  1.1754103240E+02     Rho at Nucleus =  1.1754103240E+02
           GradRho = -3.1809386597E-11  2.6897694091E-12 -7.6160157381E-12
           HessRho_EigVals = -1.4483720670E+05 -1.4483712247E+05 -1.4483690407E+05
           HessRho_EigVec1 =  6.2947514860E-01  3.0468961247E-01  7.1479037301E-01
           HessRho_EigVec2 =  4.4241958421E-01  6.1569447521E-01 -6.5206228591E-01
           HessRho_EigVec3 = -6.3876908879E-01  7.2669426395E-01  2.5276371961E-01
           DelSqRho = -4.3451123324E+05
           Bond Ellipticity = NA
           V = -1.0863824809E+05
           G =  5.2198894183E+00
           K =  1.0863302820E+05
           L =  1.0862780831E+05
           Vnuc =  2.7040843990E+07
           Ven = -3.1784087196E+09
           Vrep =  3.1783000813E+09
           DelSqV =  2.4923996204E+09
           DelSqVen =  1.1749512184E+13
           DelSqVrep = -1.1747019784E+13
           DelSqG =  1.3387776132E+08
           DelSqK = -2.6262773817E+09
           Stress_EigVals = -3.6212815654E+04 -3.6212754577E+04 -3.6212677858E+04
           Stress_EigVec1 = -6.3178419364E-01  7.3249627931E-01  2.5357037182E-01
           Stress_EigVec2 =  4.6119646653E-01  6.1814263119E-01 -6.3655126012E-01
           Stress_EigVec3 =  6.2301408646E-01  2.8521726508E-01  7.2835743957E-01
           -DivStress = -9.5604418467E+01  1.4995281499E+02 -1.3906725923E+01
           ESP =  -1.4737871000E+01     ESP at Nucleus =  -1.4737871000E+01
           ESPe = -2.6042768709E+01     ESPe at Nucleus = -2.6042769017E+01
           ESPn =  1.1304897710E+01     ESPn at Nucleus =  1.1304898016E+01

CP# 16     Coords =  6.88465236065095E+00 -1.60127628915733E+00 -1.98900551211831E+00
           Type = (3,-3) NACP H16
           Rho =  4.1628542133E-01     Rho at Nucleus =  4.1299172036E-01
           GradRho = -1.8311056610E-15  2.0328621328E-16  3.0913653256E-16
           HessRho_EigVals = -6.3509177217E+00 -6.3500537309E+00 -5.8005586560E+00
           HessRho_EigVec1 =  6.2563258264E-01  2.5628147846E-01  7.3681997485E-01
           HessRho_EigVec2 = -1.9101910546E-01  9.6607251607E-01 -1.7382633589E-01
           HessRho_EigVec3 =  7.5636999735E-01  3.1995273028E-02 -6.5336110201E-01
           DelSqRho = -1.8501530109E+01
           Bond Ellipticity = NA
           V = -4.6352074727E+00
           G =  4.9124727711E-03
           K =  4.6302949999E+00
           L =  4.6253825272E+00
           Vnuc =  4.1196968700E+01
           Ven = -1.7149697473E+01
           Vrep =  1.2514490000E+01
           DelSqV =  6.9828653306E+02
           DelSqVen =  7.6220695678E+02
           DelSqVrep = -6.3920423724E+01
           DelSqG =  6.8866446066E+01
           DelSqK = -7.6715297913E+02
           Stress_EigVals = -1.5915126669E+00 -1.5914276785E+00 -1.4522671274E+00
           Stress_EigVec1 =  6.3509699541E-01  2.0362085374E-01  7.4511096781E-01
           Stress_EigVec2 = -1.5714370595E-01  9.7851595710E-01 -1.3346301878E-01
           Stress_EigVec3 =  7.5627882563E-01  3.2327536598E-02 -6.5345027988E-01
           -DivStress =  5.5847956025E+00  2.5076935992E-01 -4.8301792766E+00
