AIMSum (Version 19.02.13, Professional)
Copyright (c) 1997-2019 by Todd A. Keith
AIMSum is a component of the AIMAll package ( http://aim.tkgristmill.com )

TP:  64-bit Linux

Much of the Quantum Theory of Atoms in Molecules (QTAIM) is described in the book:
  "Atoms in Molecules - A Quantum Theory"
  R.F.W. Bader, Oxford University Press, Oxford, 1990

For additional references see:  http://aim.tkgristmill.com/references.html

Wfn File:  /home/mhennefarth/Documents/ML_Diels/summary-paton2011/n4-opt/n4-opt.wfn
Sum File:  /home/mhennefarth/Documents/ML_Diels/summary-paton2011/n4-opt/n4-opt.sum

SumViz File:  /home/mhennefarth/Documents/ML_Diels/summary-paton2011/n4-opt/n4-opt.sumviz

Wfn Title:   Title Card Required                                                           
 
Total memory allocated for AIMSum =        1.003 Megabytes

Atomic units (a.u.) used throughout, except where stated otherwise

Model:  Restricted SCF
 
Restricted, closed-shell, single-determinant wavefunction.
  Number of electrons (from MO Occs)                   =          72.0000000000
  Number of Alpha electrons (from MO Occs)             =          36.0000000000
  Number of Beta electrons (from MO Occs)              =          36.0000000000
  Number of electron pairs (N*(N-1)/2)                 =        2556.0000000000
  Number of electron pairs (from Muller 2EDM)          =        2556.0000000000
 
Nuclear Charges and Cartesian Coordinates:
-------------------------------------------------------------------------------
Atom      Charge                X                  Y                  Z
-------------------------------------------------------------------------------
C1         6.0           3.5128598300E+00  -1.4095197200E+00   1.2005294700E+00
C2         6.0           6.1855756200E+00  -2.3220687100E+00   6.1975341000E-01
C3         6.0           6.9829112100E+00  -1.9007692000E-01  -5.3279368000E-01
H4         1.0           1.9549258900E+00  -2.3817762900E+00   2.4398553000E-01
H5         1.0           3.0320458800E+00  -1.1745117700E+00   3.2021634100E+00
H6         1.0           7.1133351500E+00  -4.1080393600E+00   1.0151719900E+00
H7         1.0           8.7446953200E+00   3.9753664000E-01  -1.4016014500E+00
C8         6.0           4.4734247800E+00   1.0430154500E+00  -1.5272821000E-01
O9         8.0           3.5268425300E+00   3.0535487100E+00  -6.6205874000E-01
C10        6.0          -6.6969169700E+00  -2.8115459000E-01   1.2584131400E+00
C11        6.0          -3.6577380200E+00  -4.6082703000E-01  -2.0039047000E+00
H12        1.0          -2.6763564500E+00  -9.5950778000E-01  -3.7323081300E+00
C13        6.0          -2.9217558700E+00   1.2595861700E+00  -2.6885937000E-01
C14        6.0          -4.8168295900E+00   1.3653894200E+00   1.7613797000E+00
H15        1.0          -8.3638859900E+00  -6.3510880000E-01   2.3958622500E+00
H16        1.0          -4.6884658100E+00   2.5981505600E+00   3.3958792100E+00
H17        1.0          -1.2115328800E+00   2.3906994300E+00  -3.2918819000E-01
C18        6.0          -6.1394700300E+00  -1.6047508800E+00  -1.2008205400E+00
H19        1.0          -7.6355971000E+00  -1.2842509700E+00  -2.6114068800E+00
H20        1.0          -6.0162700400E+00  -3.6691404200E+00  -9.6790315000E-01
 
Some Atomic Properties:
----------------------
  q(A) = Net Charge of Atom A
  L(A) = Lagrangian of Atom A = -(1/4) Times Atomic Integral of the Laplacian of the Electron Density
  K(A) = Electronic Kinetic Energy of Atom A (Hamiltonian Form)
  K_Scaled(A) = K(A) * E(Mol)/K(Mol) = Approximation to Virial-Based Total Energy of Atom A.
  |Mu_Intra(A)| = Magnitude of Intraatomic Dipole Moment of Atom A
--------------------------------------------------------------------------------------------------
Atom A          q(A)              L(A)              K(A)          K_Scaled(A)      |Mu_Intra(A)|
--------------------------------------------------------------------------------------------------
C1       -2.4136052600E-02  2.5937581264E-04  3.7713636645E+01 -3.8077836857E+01  1.6102639493E-01
C2       -6.5490965600E-02 -3.4077596399E-05  3.7742170870E+01 -3.8106646637E+01  1.7121365331E-01
C3       -8.4674477800E-02 -2.3066036629E-05  3.7769275274E+01 -3.8134012787E+01  1.9444815801E-01
H4        4.9720962560E-02  2.4660359699E-05  5.9027307344E-01 -5.9597333460E-01  1.4735144023E-01
H5        4.0016647340E-02  2.2630947900E-05  5.9436187645E-01 -6.0010162315E-01  1.5013191150E-01
H6        7.7109890500E-02  2.1511045455E-05  5.7906183969E-01 -5.8465383409E-01  1.4414951083E-01
H7        8.0047407880E-02  2.1251100422E-05  5.7505385298E-01 -5.8060714229E-01  1.4700540465E-01
C8        1.0986612546E+00  7.8458604273E-05  3.6997539425E+01 -3.7354824293E+01  7.9408726700E-01
O9       -1.1731300176E+00  2.0869228786E-05  7.5308353774E+01 -7.6035605793E+01  6.0953449714E-01
C10      -7.6255201800E-02 -3.1864621314E-05  3.7732141474E+01 -3.8096520387E+01  1.6842289433E-01
C11      -8.4280742400E-02 -5.2281332167E-05  3.7733232069E+01 -3.8097621514E+01  1.7052641902E-01
H12       4.3469022380E-02  2.1493025401E-05  5.9275074886E-01 -5.9847493691E-01  1.5150605669E-01
C13      -6.3440257000E-02 -1.1224372952E-04  3.7732276734E+01 -3.8096656954E+01  1.9664872002E-01
C14      -5.6498573100E-02 -9.7077091444E-05  3.7727998087E+01 -3.8092336987E+01  1.4982975420E-01
H15       4.4336349570E-02  1.9409937017E-05  5.9261822878E-01 -5.9834113709E-01  1.5115446027E-01
H16       4.1934999380E-02  2.0694872256E-05  5.9423016956E-01 -5.9996864436E-01  1.5043894571E-01
H17       8.6995386960E-02  1.1236733331E-05  5.7795873588E-01 -5.8354007761E-01  1.2760542123E-01
C18      -1.2256388700E-02 -5.9434641769E-05  3.7703096651E+01 -3.8067195079E+01  1.4006258700E-01
H19       4.0887721160E-02  2.4239653898E-05  5.9087042157E-01 -5.9657645132E-01  1.5252303483E-01
H20       3.7086959030E-02  2.6412680555E-05  5.9234652166E-01 -5.9806680610E-01  1.5340810345E-01
--------------------------------------------------------------------------------------------------
Total     1.0392476000E-04  1.6219895239E-04  4.2003924647E+02 -4.2409556128E+02
 
1st Largest |L(A)| = 2.5937581264E-04, atom C1      
2nd Largest |L(A)| = 1.1224372952E-04, atom C13     
 
Molecular charge q(Mol) from the wfn file:   0.0000000000E+00
Molecular energy E(Mol) from the wfn file:  -4.2409555839E+02
Molecular virial ratio (-V(Mol)/T(Mol)) from the wfn file:   2.0096569900E+00
Note.  K_Scaled(A) = (1+V(Mol)/T(Mol))*K(A) = (E(Mol)/T(Mol))*K(A)
       Only use K_Scaled(A) data with caution.
 
N_AIMInt(SumA)     =         71.999896
N_Analytic(Mol)    =         71.999987
 
G_AIMInt(SumA)     =        420.039084
G_Analytic(Mol)    =        420.039211
 
K_AIMInt(SumA)     =        420.039246
K_Analytic(Mol)    =        420.039211
 
L_AIMInt(SumA)     =          0.000162
L_Analytic(Mol)    =          0.000000
 
VenT_AIMInt(SumA)  =      -1866.062609
VenT_Analytic(Mol) =      -1866.063515
 
Some Information About the Atomic Calculations:
----------------------------------------------
  Time(sec) = "Elapsed User Time", in Seconds, for Atom A by AIMInt and, if used, by TWOe
  NProc = Number of Processors Used for AIMInt Job
  BIM = Basin Integration Method
  OAQ = Angular Quadrature Outside of Beta Sphere
  ORQ = Multiple of Default for Radial Quadrature Outside of Beta Sphere
  IAQ = Multiple of Default for Angular Quadrature Inside of Beta Sphere
  IRQ = Multiple of Default for Radial Quadrature Inside of Beta Sphere
  MIR = Maximum Integration Radius
------------------------------------------------------------------------------------------------------
Atom A     Time(sec)   NProc      BIM          OAQ                     ORQ      IAQ      IRQ      MIR
------------------------------------------------------------------------------------------------------
C1             60        8     Proaim(5)    4500(GS4)                  1.00     1.00     1.00    13.00
C2             42        8     Proaim(5)    4500(GS4)                  1.00     1.00     1.00    13.00
C3             46        8     Proaim(5)    4500(GS4)                  1.00     1.00     1.00    13.00
H4             67        8     Proaim(5)    4500(GS4)                  1.00     1.00     1.00    13.00
H5             15        8     Proaim(5)    1800(GS4)                  1.00     1.00     1.00    13.00
H6             16        8     Proaim(5)    1800(GS4)                  1.00     1.00     1.00    13.00
H7             14        8     Proaim(5)    1800(GS4)                  1.00     1.00     1.00    13.00
C8             52        8     Proaim(5)    4500(GS4)                  1.00     1.00     1.00    13.00
O9             40        8     Proaim(5)    4500(GS4)                  1.00     1.00     1.00    13.00
C10            52        8     Proaim(5)    4500(GS4)                  1.00     1.00     1.00    13.00
C11            69        8     Proaim(5)    4500(GS4)                  1.00     1.00     1.00    13.00
H12            16        8     Proaim(5)    1800(GS4)                  1.00     1.00     1.00    13.00
C13           123        8     Proaim(5)    4500(GS4)                  1.00     1.00     1.00    13.00
C14            58        8     Proaim(5)    4500(GS4)                  1.00     1.00     1.00    13.00
H15            13        8     Proaim(5)    1800(GS4)                  1.00     1.00     1.00    13.00
H16            16        8     Proaim(5)    1800(GS4)                  1.00     1.00     1.00    13.00
H17            34        8     Proaim(5)    4500(GS4)                  1.00     1.00     1.00    13.00
C18            60        8     Proaim(5)    4500(GS4)                  1.00     1.00     1.00    13.00
H19            17        8     Proaim(5)    1800(GS4)                  1.00     1.00     1.00    13.00
H20            16        8     Proaim(5)    1800(GS4)                  1.00     1.00     1.00    13.00
------------------------------------------------------------------------------------------------------
Total         826
Note:  Total wall clock time is less than total of atomic times if more than one atom
       was calculated at a time
 
Electron Density Critical Point Analysis of Molecular Structure:               
---------------------------------------------------------------                
  NACP = Nuclear Attractor Critical Point                                      
  NNACP = Non-Nuclear Attractor Critical Point                                 
  BCP = Bond Critical Point                                                    
  RCP = Ring Critical Point                                                    
  CCP = Cage Critical Point                                                    
  Rho = Electron Density                                                       
  GradRho = Gradient of Electron Density                                       
  HessRho_EigVals = Eigenvalues of the Hessian of Rho, Ascending Order         
  HessRho_EigVecs = Eigenvectors of the Hessian of Rho                         
  DelSqRho = Laplacian of Rho = Trace of Hessian of Rho                        
  Bond Ellipticity = (HessRho_EigVal(1) / HessRho_EigVal(2)) - 1               
  V = Virial Field = Potential Energy Density = Trace of Stress Tensor         
  G = Lagrangian Form of Kinetic Energy Density                                
  K = Hamiltonian Form of Kinetic Energy Density                               
  L = K - G = Lagrangian Density = (-1/4)DelSqRho                              
  Vnuc = Electrostatic Potential from Nuclei                                   
  Ven = Electron-nuclear attractive contribution to Virial Field V             
  Vrep = V - Ven = Repulsive contribution to Virial Field V                    
  DelSqV = Laplacian of V                                                      
  DelSqVen = Laplacian of Ven                                                  
  DelSqVrep = Laplacian of Vrep                                                
  DelSqG = Laplacian of G                                                      
  DelSqK = Laplacian of K                                                      
  Stress_EigVals = Eigenvalues of Stress Tensor, Ascending Order               
  Stress_EigVecs = Eigenvectors of Stress Tensor                               
  -DivStress = Ehrenfest Force Density = Minus Divergence of Stress Tensor     
  ESP = Total Electrostatic Potential                                          
  ESPe = Electrostatic Potential from Electrons                                
  ESPn = Electrostatic Potential from Nuclei                                   
  BP = Bond Path                                                               
  BPL = Bond Path Length                                                       
  GBL = Geometric Bond Length                                                  
  GBL_I = Distance Between Nuclear Attractors                                  
  GBL_II = Distance Between Nuclei                                             
  GBL_III = Sum of Distances Between BCP and Nuclear Attractors                
  GBL_IV = Sum of Distances Between BCP and Nuclei                             

CP# 1      Coords =  3.51286107302015E+00 -1.40952057110036E+00  1.20052955192052E+00
           Type = (3,-3) NACP C1
           Rho =  1.1760787629E+02     Rho at Nucleus =  1.1760787612E+02
           GradRho =  6.2012345259E-10 -4.2185691052E-10  3.1984935533E-11
           HessRho_EigVals = -1.4492955892E+05 -1.4492900043E+05 -1.4492893689E+05
           HessRho_EigVec1 = -6.6997339525E-01  7.4132578560E-01 -3.9645040742E-02
           HessRho_EigVec2 =  2.3925296012E-03  5.5558063199E-02  9.9845259147E-01
           HessRho_EigVec3 =  7.4238125344E-01  6.6884182077E-01 -3.8996068121E-02
           DelSqRho = -4.3478749624E+05
           Bond Ellipticity = NA
           V = -1.0870728985E+05
           G =  5.2078938375E+00
           K =  1.0870208195E+05
           L =  1.0869687406E+05
           Vnuc =  3.9769410785E+06
           Ven = -4.6771959437E+08
           Vrep =  4.6761088708E+08
           DelSqV =  2.4939871430E+09
           DelSqVen =  1.7291242701E+12
           DelSqVrep = -1.7266302829E+12
           DelSqG =  1.3397258389E+08
           DelSqK = -2.6279597269E+09
           Stress_EigVals = -3.6235863813E+04 -3.6235841652E+04 -3.6235584381E+04
           Stress_EigVec1 =  5.8158274358E-01  4.9169517006E-01  6.4807204238E-01
           Stress_EigVec2 =  5.9561165449E-01  2.8524463034E-01 -7.5092093984E-01
           Stress_EigVec3 = -5.5408326938E-01  8.2272192179E-01 -1.2696601904E-01
           -DivStress = -1.0085411538E+03  6.9517971074E+02 -6.8766625662E+01
           ESP =  -1.4722392589E+01     ESP at Nucleus =  -1.4722392597E+01
           ESPe = -2.7441645636E+01     ESPe at Nucleus = -2.7441645624E+01
           ESPn =  1.2719253047E+01     ESPn at Nucleus =  1.2719253027E+01

CP# 2      Coords =  6.18557467501486E+00 -2.32206936704551E+00  6.19754010451128E-01
           Type = (3,-3) NACP C2
           Rho =  1.1775443912E+02     Rho at Nucleus =  1.1775443900E+02
           GradRho = -3.8937703062E-10 -2.3505131175E-10  2.2056456661E-10
           HessRho_EigVals = -1.4509980789E+05 -1.4509816548E+05 -1.4509779406E+05
           HessRho_EigVec1 =  3.1424644772E-01  3.5673255035E-01  8.7976761569E-01
           HessRho_EigVec2 = -9.1029276442E-01  3.7627785798E-01  1.7257478563E-01
           HessRho_EigVec3 =  2.6947403055E-01  8.5507710828E-01 -4.4297503965E-01
           DelSqRho = -4.3529576743E+05
           Bond Ellipticity = NA
           V = -1.0883403733E+05
           G =  5.0477337919E+00
           K =  1.0882898959E+05
           L =  1.0882394186E+05
           Vnuc =  4.6218998163E+06
           Ven = -5.4424922052E+08
           Vrep =  5.4414038649E+08
           DelSqV =  2.4968728577E+09
           DelSqVen =  2.0118933832E+12
           DelSqVrep = -2.0093965103E+12
           DelSqG =  1.3411783446E+08
           DelSqK = -2.6309906922E+09
           Stress_EigVals = -3.6278373517E+04 -3.6278145527E+04 -3.6277518281E+04
           Stress_EigVec1 = -1.2753518852E-02  9.2801878706E-01 -3.7231502604E-01
           Stress_EigVec2 =  9.4935114994E-01 -1.0567248728E-01 -2.9591505461E-01
           Stress_EigVec3 =  3.1395818491E-01  3.5723165634E-01  8.7966800660E-01
           -DivStress =  7.7239931035E+02  5.2968183431E+02 -4.8806428532E+02
           ESP =  -1.4700191331E+01     ESP at Nucleus =  -1.4700191345E+01
           ESPe = -2.6347783163E+01     ESPe at Nucleus = -2.6347783523E+01
           ESPn =  1.1647591831E+01     ESPn at Nucleus =  1.1647592178E+01

CP# 3      Coords =  6.98291143274151E+00 -1.90076818809820E-01 -5.32793798159564E-01
           Type = (3,-3) NACP C3
           Rho =  1.1776517117E+02     Rho at Nucleus =  1.1776517116E+02
           GradRho = -5.5904281204E-11  4.0056846728E-13 -4.0417669211E-12
           HessRho_EigVals = -1.4511880542E+05 -1.4511784353E+05 -1.4511761779E+05
           HessRho_EigVec1 =  3.1195260745E-01  3.6072434548E-01  8.7895592454E-01
           HessRho_EigVec2 = -8.4129401056E-01  5.3475618827E-01  7.9121469324E-02
           HessRho_EigVec3 =  4.4148607963E-01  7.6414250352E-01 -4.7029381860E-01
           DelSqRho = -4.3535426673E+05
           Bond Ellipticity = NA
           V = -1.0884882018E+05
           G =  5.1267487135E+00
           K =  1.0884369343E+05
           L =  1.0883856668E+05
           Vnuc =  2.2084085356E+07
           Ven = -2.6007360920E+09
           Vrep =  2.6006272431E+09
           DelSqV =  2.4972156857E+09
           DelSqVen =  9.6144080241E+12
           DelSqVrep = -9.6119108084E+12
           DelSqG =  1.3414229799E+08
           DelSqK = -2.6313579837E+09
           Stress_EigVals = -3.6283229940E+04 -3.6283016080E+04 -3.6282574160E+04
           Stress_EigVec1 =  6.7024528064E-01  5.7241797906E-01 -4.7234407061E-01
           Stress_EigVec2 = -6.7342641017E-01  7.3656891103E-01 -6.2953231839E-02
           Stress_EigVec3 =  3.1187839597E-01  3.6028307837E-01  8.7916322123E-01
           -DivStress = -1.7652261787E+02 -7.7222994054E+01  9.2262580785E+01
           ESP =  -1.4722855451E+01     ESP at Nucleus =  -1.4722855453E+01
           ESPe = -2.6491010711E+01     ESPe at Nucleus = -2.6491011179E+01
           ESPn =  1.1768155260E+01     ESPn at Nucleus =  1.1768155726E+01

CP# 4      Coords =  1.98110866943954E+00 -2.36578335628020E+00  2.59757594589402E-01
           Type = (3,-3) NACP H4
           Rho =  4.2002400328E-01     Rho at Nucleus =  4.1647376614E-01
           GradRho =  7.0559877385E-16  3.8727701601E-16  5.7657871533E-16
           HessRho_EigVals = -6.3938274243E+00 -6.3915273269E+00 -5.8154149370E+00
           HessRho_EigVec1 = -6.5031663876E-01  4.9123854438E-01  5.7945919776E-01
           HessRho_EigVec2 =  4.5766655338E-02 -7.3606354141E-01  6.7536351417E-01
           HessRho_EigVec3 =  7.5828337883E-01  4.6572003986E-01  4.5619202301E-01
           DelSqRho = -1.8600769688E+01
           Bond Ellipticity = NA
           V = -4.6600187333E+00
           G =  4.9131556033E-03
           K =  4.6551055777E+00
           L =  4.6501924221E+00
           Vnuc =  4.2709193688E+01
           Ven = -1.7938886509E+01
           Vrep =  1.3278867776E+01
           DelSqV =  7.0084975249E+02
           DelSqVen =  7.9442387536E+02
           DelSqVrep = -9.3574122862E+01
           DelSqG =  6.9001854258E+01
           DelSqK = -7.6985160675E+02
           Stress_EigVals = -1.6021703613E+00 -1.6017167965E+00 -1.4561315754E+00
           Stress_EigVec1 = -5.0025165499E-01 -3.6022090046E-02  8.6513044722E-01
           Stress_EigVec2 =  4.1853354642E-01 -8.8472208316E-01  2.0517433098E-01
           Stress_EigVec3 =  7.5800920324E-01  4.6472491283E-01  4.5766013941E-01
           -DivStress = -5.8391907902E+00 -3.5658564781E+00 -3.5184317552E+00
           ESP =  -1.0993703532E+00     ESP at Nucleus =  -1.1017251600E+00
           ESPe = -1.4820863480E+01     ESPe at Nucleus = -1.4754341166E+01
           ESPn =  1.3721493127E+01     ESPn at Nucleus =  1.3652616006E+01

CP# 5      Coords =  3.04021384959866E+00 -1.17840284758396E+00  3.16933916264945E+00
           Type = (3,-3) NACP H5
           Rho =  4.2112715167E-01     Rho at Nucleus =  4.1765473963E-01
           GradRho =  3.5461857062E-10 -1.6807272848E-10 -1.4238815976E-09
           HessRho_EigVals = -6.4147937841E+00 -6.4125120979E+00 -5.8429269280E+00
           HessRho_EigVec1 =  9.5590520696E-01 -1.4591069183E-01  2.5486330710E-01
           HessRho_EigVec2 =  1.6936265638E-01  9.8288237341E-01 -7.2515727051E-02
           HessRho_EigVec3 = -2.3991983228E-01  1.1248248778E-01  9.6425420094E-01
           DelSqRho = -1.8670232810E+01
           Bond Ellipticity = NA
           V = -4.6773775986E+00
           G =  4.9096980487E-03
           K =  4.6724679006E+00
           L =  4.6675582025E+00
           Vnuc =  4.2340648629E+01
           Ven = -1.7830796757E+01
           Vrep =  1.3153419158E+01
           DelSqV =  7.0388498997E+02
           DelSqVen =  7.9050976977E+02
           DelSqVrep = -8.6624779807E+01
           DelSqG =  6.9327739880E+01
           DelSqK = -7.7321272985E+02
           Stress_EigVals = -1.6074482884E+00 -1.6069529559E+00 -1.4629763543E+00
           Stress_EigVec1 =  8.6346929173E-01  4.7921900859E-01  1.5738463724E-01
           Stress_EigVec2 =  4.4413619971E-01 -8.7024549967E-01  2.1310984586E-01
           Stress_EigVec3 = -2.3908956133E-01  1.1411359300E-01  9.6426877454E-01
           -DivStress = -1.8276411620E+00  8.7196986468E-01  7.3473500710E+00
           ESP =  -1.0980186270E+00     ESP at Nucleus =  -1.1003294470E+00
           ESPe = -1.4068634069E+01     ESPe at Nucleus = -1.3988482456E+01
           ESPn =  1.2970615442E+01     ESPn at Nucleus =  1.2888153009E+01

CP# 6      Coords =  7.09713673650368E+00 -4.07691203916325E+00  1.00829110377502E+00
           Type = (3,-3) NACP H6
           Rho =  4.2276640846E-01     Rho at Nucleus =  4.1892986526E-01
           GradRho = -3.2792386861E-11  6.2916028290E-11 -1.3889923933E-11
           HessRho_EigVals = -6.4536148719E+00 -6.4500887593E+00 -5.8373916205E+00
           HessRho_EigVec1 = -8.3343287963E-01 -3.3987442761E-01  4.3574649580E-01
           HessRho_EigVec2 =  3.1391548600E-01  3.5776842379E-01  8.7946507752E-01
           HessRho_EigVec3 = -4.5480402680E-01  8.6976268510E-01 -1.9148412156E-01
           DelSqRho = -1.8741095252E+01
           Bond Ellipticity = NA
           V = -4.6937650920E+00
           G =  4.2456395383E-03
           K =  4.6895194525E+00
           L =  4.6852738129E+00
           Vnuc =  3.9087807536E+01
           Ven = -1.6525012007E+01
           Vrep =  1.1831246915E+01
           DelSqV =  7.0526004702E+02
           DelSqVen =  7.3254832433E+02
           DelSqVrep = -2.7288277309E+01
           DelSqG =  6.9567106101E+01
           DelSqK = -7.7482715312E+02
           Stress_EigVals = -1.6167836336E+00 -1.6158782060E+00 -1.4611032523E+00
           Stress_EigVec1 = -8.3492727241E-01 -3.3878282287E-01  4.3373107880E-01
           Stress_EigVec2 =  3.1236998060E-01  3.5714296541E-01  8.8026921875E-01
           Stress_EigVec3 = -4.5312409449E-01  8.7044534646E-01 -1.9236281816E-01
           -DivStress =  3.6405851991E+00 -6.9987046648E+00  1.5476591032E+00
           ESP =  -1.0664067574E+00     ESP at Nucleus =  -1.0690579360E+00
           ESPe = -1.2188561775E+01     ESPe at Nucleus = -1.2100283847E+01
           ESPn =  1.1122155017E+01     ESPn at Nucleus =  1.1031225911E+01

CP# 7      Coords =  8.71413122827206E+00  3.87166079078413E-01 -1.38645740454777E+00
           Type = (3,-3) NACP H7
           Rho =  4.2031592268E-01     Rho at Nucleus =  4.1652071170E-01
           GradRho = -4.2042975004E-12 -1.4214176711E-12  2.0813244249E-12
           HessRho_EigVals = -6.4206467591E+00 -6.4165378405E+00 -5.8099647531E+00
           HessRho_EigVec1 = -4.0502056832E-01  8.8753796984E-01 -2.1962397712E-01
           HessRho_EigVec2 =  3.1315159828E-01  3.6033813774E-01  8.7868794403E-01
           HessRho_EigVec3 =  8.5900780889E-01  2.8711109101E-01 -4.2387829113E-01
           DelSqRho = -1.8647149353E+01
           Bond Ellipticity = NA
           V = -4.6705085324E+00
           G =  4.3605971001E-03
           K =  4.6661479353E+00
           L =  4.6617873382E+00
           Vnuc =  3.9243227711E+01
           Ven = -1.6494553464E+01
           Vrep =  1.1824044932E+01
           DelSqV =  7.0196523154E+02
           DelSqVen =  7.3177432822E+02
           DelSqVrep = -2.9809096684E+01
           DelSqG =  6.9275052297E+01
           DelSqK = -7.7124028384E+02
           Stress_EigVals = -1.6082781506E+00 -1.6079469239E+00 -1.4542834579E+00
           Stress_EigVec1 = -4.0687922132E-01  8.8726045149E-01 -2.1729747004E-01
           Stress_EigVec2 =  3.1368058885E-01  3.5912118942E-01  8.7899741723E-01
           Stress_EigVec3 =  8.5793577116E-01  2.8948378631E-01 -4.2443533079E-01
           -DivStress =  6.8387878862E+00  2.3214804252E+00 -3.3889060400E+00
           ESP =  -1.0730916093E+00     ESP at Nucleus =  -1.0757294101E+00
           ESPe = -1.2267283348E+01     ESPe at Nucleus = -1.2178225042E+01
           ESPn =  1.1194191739E+01     ESPn at Nucleus =  1.1102495632E+01

CP# 8      Coords =  4.47342429662752E+00  1.04301629981246E+00 -1.52728379212192E-01
           Type = (3,-3) NACP C8
           Rho =  1.1782673976E+02     Rho at Nucleus =  1.1782673969E+02
           GradRho = -7.0832728571E-11  1.9657463157E-10 -3.8498482180E-11
           HessRho_EigVals = -1.4518675784E+05 -1.4518462660E+05 -1.4518457579E+05
           HessRho_EigVec1 =  3.0802553888E-01  3.6730768297E-01  8.7761343052E-01
           HessRho_EigVec2 =  9.3639183206E-01  4.6037429958E-02 -3.4792368688E-01
           HessRho_EigVec3 =  1.6819811012E-01 -9.2895942919E-01  3.2976321002E-01
           DelSqRho = -4.3555596022E+05
           Bond Ellipticity = NA
           V = -1.0889864209E+05
           G =  4.8260167784E+00
           K =  1.0889381607E+05
           L =  1.0888899006E+05
           Vnuc =  6.0471754227E+06
           Ven = -7.1251896481E+08
           Vrep =  7.1241006617E+08
           DelSqV =  2.4983504462E+09
           DelSqVen =  2.6338842378E+12
           DelSqVrep = -2.6313858874E+12
           DelSqG =  1.3419441964E+08
           DelSqK = -2.6325448658E+09
           Stress_EigVals = -3.6299963479E+04 -3.6299680103E+04 -3.6298998507E+04
           Stress_EigVec1 = -4.5520881688E-01  8.6700327667E-01 -2.0270730444E-01
           Stress_EigVec2 =  8.3519986882E-01  3.3687998646E-01 -4.3468730583E-01
           Stress_EigVec3 =  3.0858728451E-01  3.6717460828E-01  8.7747176301E-01
           -DivStress =  3.9217250408E+02 -6.8492328976E+02  1.3487495338E+02
           ESP =  -1.4648640767E+01     ESP at Nucleus =  -1.4648640769E+01
           ESPe = -2.8588505800E+01     ESPe at Nucleus = -2.8588505615E+01
           ESPn =  1.3939865033E+01     ESPn at Nucleus =  1.3939864845E+01

CP# 9      Coords =  3.52684640310979E+00  3.05354019117587E+00 -6.62056521592888E-01
           Type = (3,-3) NACP O9
           Rho =  2.9034701942E+02     Rho at Nucleus =  2.9034698981E+02
           GradRho =  6.6512129138E-11 -1.4193091147E-11  3.1000091383E-11
           HessRho_EigVals = -6.4027956140E+05 -6.4027414644E+05 -6.4025684885E+05
           HessRho_EigVec1 =  3.1225580974E-01  3.6439101724E-01  8.7733431247E-01
           HessRho_EigVec2 = -4.2045423048E-01  8.8114700370E-01 -2.1632891148E-01
           HessRho_EigVec3 =  8.5188881279E-01  3.0132896380E-01 -4.2835301589E-01
           DelSqRho = -1.9208105567E+06
           Bond Ellipticity = NA
           V = -4.8029473562E+05
           G =  4.6048225948E+01
           K =  4.8024868740E+05
           L =  4.8020263917E+05
           Vnuc =  8.3184419803E+05
           Ven = -2.4152348352E+08
           Vrep =  2.4104318879E+08
           DelSqV =  1.9807573987E+10
           DelSqVen =  1.5978151181E+12
           DelSqVrep = -1.5780075436E+12
           DelSqG =  1.0592457516E+09
           DelSqK = -2.0866819738E+10
           Stress_EigVals = -1.6010154986E+05 -1.6009725396E+05 -1.6009593181E+05
           Stress_EigVec1 =  8.5260131367E-01  2.9982345537E-01 -4.2799170031E-01
           Stress_EigVec2 = -4.1904120535E-01  8.8161321306E-01 -2.1716954384E-01
           Stress_EigVec3 =  3.1221061504E-01  3.6450519635E-01  8.7730296574E-01
           -DivStress = -2.4959081746E+04  5.4871592653E+04 -1.4291471407E+04
           ESP =  -2.2319731817E+01     ESP at Nucleus =  -2.2319732950E+01
           ESPe = -3.3184905527E+01     ESPe at Nucleus = -3.3184889120E+01
           ESPn =  1.0865173710E+01     ESPn at Nucleus =  1.0865156170E+01

CP# 10     Coords = -6.69691774195759E+00 -2.81155748481822E-01  1.25841224414852E+00
           Type = (3,-3) NACP C10
           Rho =  1.1766963174E+02     Rho at Nucleus =  1.1766963154E+02
           GradRho = -4.8147053011E-10 -7.0822187004E-10 -5.5088378303E-10
           HessRho_EigVals = -1.4499295543E+05 -1.4499241698E+05 -1.4499201142E+05
           HessRho_EigVec1 = -4.9438858876E-01  7.1126577851E-01 -4.9968081374E-01
           HessRho_EigVec2 = -3.4513125578E-01  3.6697163134E-01  8.6383808557E-01
           HessRho_EigVec3 =  7.9778715181E-01  5.9952715878E-01  6.4053464393E-02
           DelSqRho = -4.3497738382E+05
           Bond Ellipticity = NA
           V = -1.0875458455E+05
           G =  5.1192978719E+00
           K =  1.0874946525E+05
           L =  1.0874434596E+05
           Vnuc =  3.6243815857E+06
           Ven = -4.2647964648E+08
           Vrep =  4.2637089189E+08
           DelSqV =  2.4950548096E+09
           DelSqVen =  1.5765239972E+12
           DelSqVrep = -1.5740289424E+12
           DelSqG =  1.3401852449E+08
           DelSqK = -2.6290733341E+09
           Stress_EigVals = -3.6251794892E+04 -3.6251580178E+04 -3.6251209481E+04
           Stress_EigVec1 =  8.5362805237E-01  5.0722112760E-01 -1.1851529825E-01
           Stress_EigVec2 = -1.6827175463E-01  4.8386044290E-01  8.5881528188E-01
           Stress_EigVec3 = -4.9295412038E-01  7.1316603923E-01 -4.9838783662E-01
           -DivStress =  6.2315283795E+02  9.4089184533E+02  7.3210373968E+02
           ESP =  -1.4754359227E+01     ESP at Nucleus =  -1.4754359248E+01
           ESPe = -2.6554906079E+01     ESPe at Nucleus = -2.6554906880E+01
           ESPn =  1.1800546851E+01     ESPn at Nucleus =  1.1800547632E+01

CP# 11     Coords = -3.65773907897879E+00 -4.60828237507458E-01 -2.00390535719731E+00
           Type = (3,-3) NACP C11
           Rho =  1.1767079820E+02     Rho at Nucleus =  1.1767079798E+02
           GradRho = -7.0222994086E-10 -8.1818329889E-10 -4.5019854511E-10
           HessRho_EigVals = -1.4499488842E+05 -1.4499436470E+05 -1.4499394389E+05
           HessRho_EigVec1 =  5.1309804730E-01 -7.0420496628E-01  4.9074001194E-01
           HessRho_EigVec2 =  8.4359377832E-01  3.0824814481E-01 -4.3969605229E-01
           HessRho_EigVec3 =  1.5836644541E-01  6.3959240668E-01  7.5222444941E-01
           DelSqRho = -4.3498319701E+05
           Bond Ellipticity = NA
           V = -1.0875603533E+05
           G =  5.1180411012E+00
           K =  1.0875091729E+05
           L =  1.0874579925E+05
           Vnuc =  3.4575405677E+06
           Ven = -4.0685155842E+08
           Vrep =  4.0674280238E+08
           DelSqV =  2.4950885246E+09
           DelSqVen =  1.5039720653E+12
           DelSqVrep = -1.5014769768E+12
           DelSqG =  1.3402080584E+08
           DelSqK = -2.6291093305E+09
           Stress_EigVals = -3.6252279236E+04 -3.6252061243E+04 -3.6251694856E+04
           Stress_EigVec1 = -1.9962520440E-02  5.6037009996E-01  8.2800172031E-01
           Stress_EigVec2 = -8.6489395675E-01 -4.2513495229E-01  2.6686834943E-01
           Stress_EigVec3 = -5.0155751551E-01  7.1080631920E-01 -4.9314747818E-01
           -DivStress =  8.6489531425E+02  9.7918368922E+02  5.3020462688E+02
           ESP =  -1.4755577645E+01     ESP at Nucleus =  -1.4755577667E+01
           ESPe = -2.7502728042E+01     ESPe at Nucleus = -2.7502729246E+01
           ESPn =  1.2747150397E+01     ESPn at Nucleus =  1.2747151579E+01

CP# 12     Coords = -2.69323702745423E+00 -9.51171679129627E-01 -3.70287271135161E+00
           Type = (3,-3) NACP H12
           Rho =  4.2522743034E-01     Rho at Nucleus =  4.2154131952E-01
           GradRho = -5.0740661672E-15  3.1960111641E-15  1.1898902003E-14
           HessRho_EigVals = -6.4819996882E+00 -6.4755266047E+00 -5.8815492601E+00
           HessRho_EigVec1 =  7.2312461722E-01  6.5137416379E-01  2.2978791682E-01
           HessRho_EigVec2 =  4.9384905806E-01 -7.2016150242E-01  4.8731972902E-01
           HessRho_EigVec3 = -4.8291189240E-01  2.3891234623E-01  8.4244702801E-01
           DelSqRho = -1.8839075553E+01
           Bond Ellipticity = NA
           V = -4.7192282533E+00
           G =  4.7296825037E-03
           K =  4.7144985708E+00
           L =  4.7097688883E+00
           Vnuc =  4.1301706301E+01
           Ven = -1.7562618439E+01
           Vrep =  1.2843390186E+01
           DelSqV =  7.0954251879E+02
           DelSqVen =  7.7808596547E+02
           DelSqVrep = -6.8543446679E+01
           DelSqG =  6.9897853869E+01
           DelSqK = -7.7944037266E+02
           Stress_EigVals = -1.6237836286E+00 -1.6234312236E+00 -1.4720134010E+00
           Stress_EigVec1 =  7.2013225306E-01  6.5641925053E-01  2.2477389891E-01
           Stress_EigVec2 =  4.9927779603E-01 -7.1521018495E-01  4.8907675649E-01
           Stress_EigVec3 = -4.8179997976E-01  2.3997532972E-01  8.4278147857E-01
           -DivStress =  3.8137420434E+00 -1.8844016105E+00 -6.6513880685E+00
           ESP =  -1.1121187475E+00     ESP at Nucleus =  -1.1146326068E+00
           ESPe = -1.3794326091E+01     ESPe at Nucleus = -1.3711904137E+01
           ESPn =  1.2682207344E+01     ESPn at Nucleus =  1.2597271530E+01

CP# 13     Coords = -2.92175632722377E+00  1.25958661575010E+00 -2.68858190083233E-01
           Type = (3,-3) NACP C13
           Rho =  1.1768926921E+02     Rho at Nucleus =  1.1768926908E+02
           GradRho = -1.5176526702E-10  1.7240087136E-10  4.7236159428E-10
           HessRho_EigVals = -1.4501735599E+05 -1.4501639030E+05 -1.4501601103E+05
           HessRho_EigVec1 = -4.9116295740E-01  7.2057096838E-01 -4.8942458950E-01
           HessRho_EigVec2 = -5.9992271506E-01  1.2753899118E-01  7.8982690615E-01
           HessRho_EigVec3 =  6.3154705702E-01  6.8155064761E-01  3.6964446365E-01
           DelSqRho = -4.3504975732E+05
           Bond Ellipticity = NA
           V = -1.0877268254E+05
           G =  5.1216073713E+00
           K =  1.0876756094E+05
           L =  1.0876243933E+05
           Vnuc =  4.4722109372E+06
           Ven = -5.2633123695E+08
           Vrep =  5.2622246426E+08
           DelSqV =  2.4954682237E+09
           DelSqVen =  1.9456342753E+12
           DelSqVrep = -1.9431388071E+12
           DelSqG =  1.3404069006E+08
           DelSqK = -2.6295089138E+09
           Stress_EigVals = -3.6257856184E+04 -3.6257654601E+04 -3.6257171760E+04
           Stress_EigVec1 =  6.5970014771E-01  6.7658548781E-01  3.2715102446E-01
           Stress_EigVec2 = -5.6877058686E-01  1.6495239396E-01  8.0578578248E-01
           Stress_EigVec3 = -4.9121862204E-01  7.1765087989E-01 -4.9364104362E-01
           -DivStress =  3.7843738396E+02 -3.5906821805E+02 -9.5792292134E+02
           ESP =  -1.4758731291E+01     ESP at Nucleus =  -1.4758731304E+01
           ESPe = -2.8000433773E+01     ESPe at Nucleus = -2.8000433895E+01
           ESPn =  1.3241702482E+01     ESPn at Nucleus =  1.3241702591E+01

CP# 14     Coords = -4.81682851261130E+00  1.36539018280133E+00  1.76137972242992E+00
           Type = (3,-3) NACP C14
           Rho =  1.1767883255E+02     Rho at Nucleus =  1.1767883242E+02
           GradRho =  4.6174614132E-10  3.1213465146E-10  2.0066837081E-11
           HessRho_EigVals = -1.4500232196E+05 -1.4500144555E+05 -1.4500116368E+05
           HessRho_EigVec1 = -4.9143777919E-01  7.1452585364E-01 -4.9793745960E-01
           HessRho_EigVec2 = -5.9976908590E-01  1.3689220997E-01  7.8837653850E-01
           HessRho_EigVec3 =  6.3147917843E-01  6.8608551022E-01  3.6127651443E-01
           DelSqRho = -4.3500493120E+05
           Bond Ellipticity = NA
           V = -1.0876147438E+05
           G =  5.1207891354E+00
           K =  1.0875635359E+05
           L =  1.0875123280E+05
           Vnuc =  4.5445079846E+06
           Ven = -5.3479239414E+08
           Vrep =  5.3468363267E+08
           DelSqV =  2.4952099335E+09
           DelSqVen =  1.9768834785E+12
           DelSqVrep = -1.9743882686E+12
           DelSqG =  1.3402482146E+08
           DelSqK = -2.6292347550E+09
           Stress_EigVals = -3.6254089505E+04 -3.6253927012E+04 -3.6253457861E+04
           Stress_EigVec1 =  5.0187515111E-01  7.0004624717E-01  5.0799270124E-01
           Stress_EigVec2 = -7.1149061325E-01  1.6460695835E-04  7.0269558143E-01
           Stress_EigVec3 = -4.9183578555E-01  7.1409748965E-01 -4.9815894585E-01
           -DivStress = -8.7435332205E+02 -6.1589870584E+02 -1.2483736773E+01
           ESP =  -1.4754685208E+01     ESP at Nucleus =  -1.4754685224E+01
           ESPe = -2.7097665494E+01     ESPe at Nucleus = -2.7097666039E+01
           ESPn =  1.2342980286E+01     ESPn at Nucleus =  1.2342980815E+01

CP# 15     Coords = -8.33548138418479E+00 -6.29194228700697E-01  2.37632797431012E+00
           Type = (3,-3) NACP H15
           Rho =  4.2527513668E-01     Rho at Nucleus =  4.2158151590E-01
           GradRho =  1.0338518236E-14  1.3244613739E-15 -4.2049697058E-15
           HessRho_EigVals = -6.4823929779E+00 -6.4760707850E+00 -5.8811443160E+00
           HessRho_EigVec1 =  3.1550465463E-01  6.7810421933E-01  6.6380078384E-01
           HessRho_EigVec2 = -4.9098421509E-01  7.1526940806E-01 -4.9731697580E-01
           HessRho_EigVec3 =  8.1202913337E-01  1.6900988614E-01 -5.5860929543E-01
           DelSqRho = -1.8839608079E+01
           Bond Ellipticity = NA
           V = -4.7193268774E+00
           G =  4.7124288258E-03
           K =  4.7146144485E+00
           L =  4.7099020197E+00
           Vnuc =  3.9829217521E+01
           Ven = -1.6938375925E+01
           Vrep =  1.2219049048E+01
           DelSqV =  7.0952654574E+02
           DelSqVen =  7.5036684819E+02
           DelSqVrep = -4.0840302451E+01
           DelSqG =  6.9893280109E+01
           DelSqK = -7.7941982585E+02
           Stress_EigVals = -1.6238880227E+00 -1.6235355970E+00 -1.4719032576E+00
           Stress_EigVec1 =  3.1480577784E-01  6.7693340544E-01  6.6532585012E-01
           Stress_EigVec2 =  4.9060896432E-01 -7.1611407619E-01  4.9647102032E-01
           Stress_EigVec3 =  8.1252702501E-01  1.7012288054E-01 -5.5754644573E-01
           -DivStress = -6.4188101160E+00 -1.3372500412E+00  4.4134418663E+00
           ESP =  -1.1107646615E+00     ESP at Nucleus =  -1.1132850706E+00
           ESPe = -1.2349779577E+01     ESPe at Nucleus = -1.2261345503E+01
           ESPn =  1.1239014915E+01     ESPn at Nucleus =  1.1148060433E+01

CP# 16     Coords = -4.69058922723169E+00  2.57722752064656E+00  3.36811441415754E+00
           Type = (3,-3) NACP H16
           Rho =  4.2686130707E-01     Rho at Nucleus =  4.2317818673E-01
           GradRho = -2.5931947562E-15 -3.0843383403E-15 -4.7167131312E-15
           HessRho_EigVals = -6.5176219513E+00 -6.5120069649E+00 -5.9151674649E+00
           HessRho_EigVec1 =  8.6756369566E-01  3.6407598864E-01 -3.3879478813E-01
           HessRho_EigVec2 = -4.9373272817E-01  7.1226943990E-01 -4.9889902598E-01
           HessRho_EigVec3 =  5.9676017864E-02  6.0010075778E-01  7.9769533871E-01
           DelSqRho = -1.8944796381E+01
           Bond Ellipticity = NA
