AIMSum (Version 19.02.13, Professional)
Copyright (c) 1997-2019 by Todd A. Keith
AIMSum is a component of the AIMAll package ( http://aim.tkgristmill.com )

TP:  64-bit Linux

Much of the Quantum Theory of Atoms in Molecules (QTAIM) is described in the book:
  "Atoms in Molecules - A Quantum Theory"
  R.F.W. Bader, Oxford University Press, Oxford, 1990

For additional references see:  http://aim.tkgristmill.com/references.html

Wfn File:  /home/mhennefarth/Documents/ML_Diels/summary-paton2011/n5-opt/n5-opt.wfn
Sum File:  /home/mhennefarth/Documents/ML_Diels/summary-paton2011/n5-opt/n5-opt.sum

SumViz File:  /home/mhennefarth/Documents/ML_Diels/summary-paton2011/n5-opt/n5-opt.sumviz

Wfn Title:   Title Card Required                                                           
 
Total memory allocated for AIMSum =        1.214 Megabytes

Atomic units (a.u.) used throughout, except where stated otherwise

Model:  Restricted SCF
 
Restricted, closed-shell, single-determinant wavefunction.
  Number of electrons (from MO Occs)                   =          80.0000000000
  Number of Alpha electrons (from MO Occs)             =          40.0000000000
  Number of Beta electrons (from MO Occs)              =          40.0000000000
  Number of electron pairs (N*(N-1)/2)                 =        3160.0000000000
  Number of electron pairs (from Muller 2EDM)          =        3160.0000000000
 
Nuclear Charges and Cartesian Coordinates:
-------------------------------------------------------------------------------
Atom      Charge                X                  Y                  Z
-------------------------------------------------------------------------------
C1         6.0           4.8689187900E+00   1.6186714100E+00  -1.5822820600E+00
C2         6.0           5.5079572800E+00  -1.0649068800E+00  -1.2497628300E+00
H3         1.0           6.4148544800E+00  -2.2241808300E+00  -2.6783252400E+00
H4         1.0           5.2405121200E+00   2.6946490700E+00  -3.2882750700E+00
C5         6.0          -2.8163226900E+00   2.4881911000E-01  -2.3036341400E+00
C6         6.0          -2.3533568900E+00  -2.5721609500E+00  -1.7303042400E+00
C7         6.0          -3.4871863700E+00  -2.9469555600E+00   8.6345325000E-01
C8         6.0          -4.5153418700E+00  -8.3583708000E-01   1.8218474500E+00
H9         1.0          -3.9517611100E+00   5.6312653000E-01  -4.0050736700E+00
H10        1.0          -3.3702158000E-01  -3.0582177100E+00  -1.7286948800E+00
H11        1.0          -3.2565854200E+00  -3.8301241500E+00  -3.1122993200E+00
H12        1.0          -3.4479370400E+00  -4.7711407200E+00   1.8081539800E+00
H13        1.0          -5.4456736000E+00  -6.2347020000E-01   3.6354122800E+00
H14        1.0          -1.0532015600E+00   1.3057689500E+00  -2.5402983800E+00
C15        6.0          -4.2357836000E+00   1.2866010600E+00   1.1178510000E-02
O16        8.0          -4.9748942900E+00   3.4461398900E+00   2.8793226000E-01
C17        6.0           3.7800284400E+00   2.4962459700E+00   5.5158866000E-01
H18        1.0           3.1013058300E+00   4.3976210000E+00   8.9754393000E-01
C19        6.0           4.8067339200E+00  -1.8157289500E+00   1.0855392200E+00
H20        1.0           5.0415872100E+00  -3.6803507700E+00   1.9013924300E+00
C21        6.0           3.6361718900E+00   3.8714489000E-01   2.4588741800E+00
H22        1.0           4.6647796900E+00   8.4980849000E-01   4.2071939300E+00
H23        1.0           1.6773818700E+00  -3.9669300000E-03   3.0408238700E+00
 
Some Atomic Properties:
----------------------
  q(A) = Net Charge of Atom A
  L(A) = Lagrangian of Atom A = -(1/4) Times Atomic Integral of the Laplacian of the Electron Density
  K(A) = Electronic Kinetic Energy of Atom A (Hamiltonian Form)
  K_Scaled(A) = K(A) * E(Mol)/K(Mol) = Approximation to Virial-Based Total Energy of Atom A.
  |Mu_Intra(A)| = Magnitude of Intraatomic Dipole Moment of Atom A
--------------------------------------------------------------------------------------------------
Atom A          q(A)              L(A)              K(A)          K_Scaled(A)      |Mu_Intra(A)|
--------------------------------------------------------------------------------------------------
C1       -5.9737384100E-02  1.0767535481E-04  3.7727619355E+01 -3.8094320120E+01  1.5796922508E-01
C2       -5.9439109100E-02  6.0532867118E-05  3.7727410371E+01 -3.8094109104E+01  1.5442333565E-01
H3        4.4821453610E-02  2.1984949663E-05  5.9302521405E-01 -5.9878923529E-01  1.4972182414E-01
H4        4.6734696420E-02  1.9497596015E-05  5.9222719327E-01 -5.9798345800E-01  1.4931273177E-01
C5       -3.4202650300E-02  2.2281099560E-04  3.7728771881E+01 -3.8095483848E+01  1.0627183659E-01
C6        5.4154211000E-03  1.2959055185E-04  3.7681490061E+01 -3.8047742463E+01  1.3923842488E-01
C7       -6.8613420300E-02 -1.0507479308E-04  3.7748318659E+01 -3.8115220614E+01  1.0145383275E-01
C8       -7.3962981400E-02 -3.5050756852E-05  3.7770303633E+01 -3.8137419275E+01  1.5468160308E-01
H9        3.8458989240E-02  2.9225760225E-05  5.9740112739E-01 -6.0320768115E-01  1.4846593018E-01
H10       3.9523351620E-02  3.1167972766E-05  5.9834889779E-01 -6.0416466358E-01  1.4668274088E-01
H11       2.3532893650E-02  2.5343141085E-05  6.0449607644E-01 -6.1037159091E-01  1.5264797328E-01
H12       5.6433324820E-02  1.8816139885E-05  5.8975327330E-01 -5.9548549229E-01  1.4722460138E-01
H13       6.9871372470E-02  2.1875367137E-05  5.8171490126E-01 -5.8736898977E-01  1.4730602051E-01
H14       5.3739715570E-02  5.1235141263E-05  5.9136273098E-01 -5.9711059340E-01  1.4296350069E-01
C15       1.0527570102E+00 -1.1919271849E-04  3.7029133727E+01 -3.7389045428E+01  8.3721569326E-01
O16      -1.1707830858E+00  3.6931847093E-05  7.5307092197E+01 -7.6039053788E+01  5.7819230083E-01
C17      -7.3408837700E-02 -2.4675130630E-04  3.7731179405E+01 -3.8097914772E+01  1.7807652266E-01
H18       5.7794443300E-02  1.9821512882E-05  5.8738275255E-01 -5.9309193082E-01  1.4779588116E-01
C19      -7.8006413900E-02  3.9175758665E-05  3.7731740420E+01 -3.8098481240E+01  1.7169679188E-01
H20       4.7781618800E-02  2.0318693503E-05  5.9126637000E-01 -5.9701329582E-01  1.5024649477E-01
C21      -1.3620136700E-02 -9.3908305864E-05  3.7705527754E+01 -3.8072013795E+01  1.4953807767E-01
H22       4.6320731720E-02  2.4749548502E-05  5.8857092281E-01 -5.9429164972E-01  1.5091940066E-01
H23       4.8771339170E-02  3.3510767763E-05  5.8766382729E-01 -5.9337573751E-01  1.4760890196E-01
--------------------------------------------------------------------------------------------------
Total     1.8234239000E-04  3.1428608524E-04  4.5899180075E+02 -4.6345305877E+02
 
1st Largest |L(A)| = 2.4675130630E-04, atom C17     
2nd Largest |L(A)| = 2.2281099560E-04, atom C5      
 
Molecular charge q(Mol) from the wfn file:   0.0000000000E+00
Molecular energy E(Mol) from the wfn file:  -4.6345299601E+02
Molecular virial ratio (-V(Mol)/T(Mol)) from the wfn file:   2.0097196900E+00
Note.  K_Scaled(A) = (1+V(Mol)/T(Mol))*K(A) = (E(Mol)/T(Mol))*K(A)
       Only use K_Scaled(A) data with caution.
 
N_AIMInt(SumA)     =         79.999818
N_Analytic(Mol)    =         79.999985
 
G_AIMInt(SumA)     =        458.991486
G_Analytic(Mol)    =        458.991704
 
K_AIMInt(SumA)     =        458.991801
K_Analytic(Mol)    =        458.991704
 
L_AIMInt(SumA)     =          0.000314
L_Analytic(Mol)    =          0.000000
 
VenT_AIMInt(SumA)  =      -2177.261160
VenT_Analytic(Mol) =      -2177.263750
 
Some Information About the Atomic Calculations:
----------------------------------------------
  Time(sec) = "Elapsed User Time", in Seconds, for Atom A by AIMInt and, if used, by TWOe
  NProc = Number of Processors Used for AIMInt Job
  BIM = Basin Integration Method
  OAQ = Angular Quadrature Outside of Beta Sphere
  ORQ = Multiple of Default for Radial Quadrature Outside of Beta Sphere
  IAQ = Multiple of Default for Angular Quadrature Inside of Beta Sphere
  IRQ = Multiple of Default for Radial Quadrature Inside of Beta Sphere
  MIR = Maximum Integration Radius
------------------------------------------------------------------------------------------------------
Atom A     Time(sec)   NProc      BIM          OAQ                     ORQ      IAQ      IRQ      MIR
------------------------------------------------------------------------------------------------------
C1             74        8     Proaim(5)    4500(GS4)                  1.00     1.00     1.00    13.00
C2             73        8     Proaim(5)    4500(GS4)                  1.00     1.00     1.00    13.00
H3             17        8     Proaim(5)    1800(GS4)                  1.00     1.00     1.00    13.00
H4             13        8     Proaim(5)    1800(GS4)                  1.00     1.00     1.00    13.00
C5             81        8     Proaim(5)    4500(GS4)                  1.00     1.00     1.00    13.00
C6             84        8     Proaim(5)    4500(GS4)                  1.00     1.00     1.00    13.00
C7            247        8     Proaim(5)    4500(GS4)                  1.00     1.00     1.00    13.00
C8            289        8     Proaim(5)    4500(GS4)                  1.00     1.00     1.00    13.00
H9             12        8     Proaim(5)    1800(GS4)                  1.00     1.00     1.00    13.00
H10            46        8     Proaim(5)    4500(GS4)                  1.00     1.00     1.00    13.00
H11            13        8     Proaim(5)    1800(GS4)                  1.00     1.00     1.00    13.00
H12            13        8     Proaim(5)    1800(GS4)                  1.00     1.00     1.00    13.00
H13            18        8     Proaim(5)    1800(GS4)                  1.00     1.00     1.00    13.00
H14            49        8     Proaim(5)    4500(GS4)                  1.00     1.00     1.00    13.00
C15            57        8     Proaim(5)    7200(GS7)                  1.00     1.00     1.00    13.00
O16            21        8     Proaim(5)    2700(GS4)                  1.00     1.00     1.00    13.00
C17           115        8     Proaim(5)    4500(GS4)                  1.00     1.00     1.00    13.00
H18            18        8     Proaim(5)    1800(GS4)                  1.00     1.00     1.00    13.00
C19            92        8     Proaim(5)    4500(GS4)                  1.00     1.00     1.00    13.00
H20            14        8     Proaim(5)    1800(GS4)                  1.00     1.00     1.00    13.00
C21            83        8     Proaim(5)    4500(GS4)                  1.00     1.00     1.00    13.00
H22            18        8     Proaim(5)    1800(GS4)                  1.00     1.00     1.00    13.00
H23            44        8     Proaim(5)    4500(GS4)                  1.00     1.00     1.00    13.00
------------------------------------------------------------------------------------------------------
Total        1491
Note:  Total wall clock time is less than total of atomic times if more than one atom
       was calculated at a time
 
Electron Density Critical Point Analysis of Molecular Structure:               
---------------------------------------------------------------                
  NACP = Nuclear Attractor Critical Point                                      
  NNACP = Non-Nuclear Attractor Critical Point                                 
  BCP = Bond Critical Point                                                    
  RCP = Ring Critical Point                                                    
  CCP = Cage Critical Point                                                    
  Rho = Electron Density                                                       
  GradRho = Gradient of Electron Density                                       
  HessRho_EigVals = Eigenvalues of the Hessian of Rho, Ascending Order         
  HessRho_EigVecs = Eigenvectors of the Hessian of Rho                         
  DelSqRho = Laplacian of Rho = Trace of Hessian of Rho                        
  Bond Ellipticity = (HessRho_EigVal(1) / HessRho_EigVal(2)) - 1               
  V = Virial Field = Potential Energy Density = Trace of Stress Tensor         
  G = Lagrangian Form of Kinetic Energy Density                                
  K = Hamiltonian Form of Kinetic Energy Density                               
  L = K - G = Lagrangian Density = (-1/4)DelSqRho                              
  Vnuc = Electrostatic Potential from Nuclei                                   
  Ven = Electron-nuclear attractive contribution to Virial Field V             
  Vrep = V - Ven = Repulsive contribution to Virial Field V                    
  DelSqV = Laplacian of V                                                      
  DelSqVen = Laplacian of Ven                                                  
  DelSqVrep = Laplacian of Vrep                                                
  DelSqG = Laplacian of G                                                      
  DelSqK = Laplacian of K                                                      
  Stress_EigVals = Eigenvalues of Stress Tensor, Ascending Order               
  Stress_EigVecs = Eigenvectors of Stress Tensor                               
  -DivStress = Ehrenfest Force Density = Minus Divergence of Stress Tensor     
  ESP = Total Electrostatic Potential                                          
  ESPe = Electrostatic Potential from Electrons                                
  ESPn = Electrostatic Potential from Nuclei                                   
  BP = Bond Path                                                               
  BPL = Bond Path Length                                                       
  GBL = Geometric Bond Length                                                  
  GBL_I = Distance Between Nuclear Attractors                                  
  GBL_II = Distance Between Nuclei                                             
  GBL_III = Sum of Distances Between BCP and Nuclear Attractors                
  GBL_IV = Sum of Distances Between BCP and Nuclei                             

CP# 1      Coords =  4.86891931889417E+00  1.61867050796228E+00 -1.58228303512206E+00
           Type = (3,-3) NACP C1
           Rho =  1.1767905920E+02     Rho at Nucleus =  1.1767905905E+02
           GradRho =  2.3920504813E-10 -4.0967361285E-10 -4.4540279256E-10
           HessRho_EigVals = -1.4500322596E+05 -1.4500240478E+05 -1.4500209076E+05
           HessRho_EigVec1 =  9.0064430058E-01  2.5573180148E-01  3.5134184142E-01
           HessRho_EigVec2 = -1.9171997264E-01  9.5940233825E-01 -2.0685890228E-01
           HessRho_EigVec3 = -3.8997858392E-01  1.1894704314E-01  9.1310914189E-01
           DelSqRho = -4.3500772151E+05
           Bond Ellipticity = NA
           V = -1.0876218028E+05
           G =  5.1249534905E+00
           K =  1.0875705533E+05
           L =  1.0875193038E+05
           Vnuc =  4.1964702350E+06
           Ven = -4.9383666923E+08
           Vrep =  4.9372790705E+08
           DelSqV =  2.4952267050E+09
           DelSqVen =  1.8254970061E+12
           DelSqVrep = -1.8230017794E+12
           DelSqG =  1.3402629968E+08
           DelSqK = -2.6292530046E+09
           Stress_EigVals = -3.6254327732E+04 -3.6254153164E+04 -3.6253699387E+04
           Stress_EigVec1 = -3.5444725326E-01 -4.2941517259E-02  9.3408948755E-01
           Stress_EigVec2 = -2.5365992737E-01  9.6590284634E-01 -5.1849133748E-02
           Stress_EigVec3 =  9.0001321429E-01  2.5531885461E-01  3.5325415295E-01
           -DivStress = -4.2901020413E+02  7.3604826416E+02  7.8631516586E+02
           ESP =  -1.4742832111E+01     ESP at Nucleus =  -1.4742832129E+01
           ESPe = -2.8266640066E+01     ESPe at Nucleus = -2.8266641013E+01
           ESPn =  1.3523807954E+01     ESPn at Nucleus =  1.3523808884E+01

CP# 2      Coords =  5.50795743257905E+00 -1.06490617437540E+00 -1.24976400171838E+00
           Type = (3,-3) NACP C2
           Rho =  1.1767989741E+02     Rho at Nucleus =  1.1767989727E+02
           GradRho =  9.0698298264E-11  2.8744883058E-10 -5.1697059003E-10
           HessRho_EigVals = -1.4500402948E+05 -1.4500317234E+05 -1.4500287363E+05
           HessRho_EigVec1 =  8.9975814791E-01  2.6468676712E-01  3.4695272095E-01
           HessRho_EigVec2 = -2.7649460642E-01  9.6088211127E-01 -1.6009399264E-02
           HessRho_EigVec3 = -3.3761813915E-01 -8.1525968596E-02  9.3774597230E-01
           DelSqRho = -4.3501007545E+05
           Bond Ellipticity = NA
           V = -1.0876276161E+05
           G =  5.1213707423E+00
           K =  1.0875764023E+05
           L =  1.0875251886E+05
           Vnuc =  4.3596330643E+06
           Ven = -5.1304117174E+08
           Vrep =  5.1293240898E+08
           DelSqV =  2.4952397729E+09
           DelSqVen =  1.8964845036E+12
           DelSqVrep = -1.8939892638E+12
           DelSqG =  1.3402677795E+08
           DelSqK = -2.6292665509E+09
           Stress_EigVals = -3.6254520939E+04 -3.6254352118E+04 -3.6253888548E+04
           Stress_EigVec1 = -3.8544198147E-01  9.0912125971E-02  9.1824259555E-01
           Stress_EigVec2 = -2.0932914663E-01  9.6057420060E-01 -1.8297134614E-01
           Stress_EigVec3 =  8.9867446124E-01  2.6273977713E-01  3.5121506548E-01
           -DivStress = -1.2181156768E+02 -5.7723346784E+02  9.4674453801E+02
           ESP =  -1.4741592989E+01     ESP at Nucleus =  -1.4741593006E+01
           ESPe = -2.8101771041E+01     ESPe at Nucleus = -2.8101771950E+01
           ESPn =  1.3360178051E+01     ESPn at Nucleus =  1.3360178944E+01

CP# 3      Coords =  6.39940431761473E+00 -2.20437714002975E+00 -2.65406496443201E+00
           Type = (3,-3) NACP H3
           Rho =  4.2650246928E-01     Rho at Nucleus =  4.2280452070E-01
           GradRho = -2.7184539884E-15  1.2761500027E-15 -7.3394388440E-16
           HessRho_EigVals = -6.5111326447E+00 -6.5055285336E+00 -5.9075331260E+00
           HessRho_EigVec1 =  2.4178672720E-02  7.8116664778E-01 -6.2385419786E-01
           HessRho_EigVec2 = -8.9650207454E-01 -2.5919894889E-01 -3.5930479435E-01
           HessRho_EigVec3 = -4.4237927408E-01  5.6797409562E-01  6.9405043374E-01
           DelSqRho = -1.8924194304E+01
           Bond Ellipticity = NA
           V = -4.7399712032E+00
           G =  4.4613135834E-03
           K =  4.7355098896E+00
           L =  4.7310485761E+00
           Vnuc =  4.1318312971E+01
           Ven = -1.7622362508E+01
           Vrep =  1.2882391305E+01
           DelSqV =  7.1283447146E+02
           DelSqVen =  7.8191578298E+02
           DelSqVrep = -6.9081311516E+01
           DelSqG =  7.0315371131E+01
           DelSqK = -7.8314984260E+02
           Stress_EigVals = -1.6309787826E+00 -1.6304371630E+00 -1.4785552576E+00
           Stress_EigVec1 =  2.2015215037E-02  7.8136950159E-01 -6.2368023240E-01
           Stress_EigVec2 = -8.9655529844E-01 -2.6061013391E-01 -3.5814934726E-01
           Stress_EigVec3 = -4.4238436585E-01  5.6704855178E-01  6.9480357855E-01
           -DivStress =  3.5064749423E+00 -4.4942090923E+00 -5.5066585575E+00
           ESP =  -1.1009562887E+00     ESP at Nucleus =  -1.1034811238E+00
           ESPe = -1.3782951198E+01     ESPe at Nucleus = -1.3692322174E+01
           ESPn =  1.2681994909E+01     ESPn at Nucleus =  1.2588841050E+01

CP# 4      Coords =  5.23421564600618E+00  2.67619446984359E+00 -3.25923294389961E+00
           Type = (3,-3) NACP H4
           Rho =  4.2627264956E-01     Rho at Nucleus =  4.2256465477E-01
           GradRho = -3.9908634936E-16 -4.3422009017E-15  8.9413517890E-15
           HessRho_EigVals = -6.5070483267E+00 -6.5013876364E+00 -5.9026597289E+00
           HessRho_EigVec1 =  4.0305435038E-01 -8.0911830203E-01 -4.2763859035E-01
           HessRho_EigVec2 =  8.9736184662E-01  2.5766138404E-01  3.5826293054E-01
           HessRho_EigVec3 = -1.7969114298E-01 -5.2814598786E-01  8.2992343541E-01
           DelSqRho = -1.8911095692E+01
           Bond Ellipticity = NA
           V = -4.7366912300E+00
           G =  4.4586535020E-03
           K =  4.7322325765E+00
           L =  4.7277739230E+00
           Vnuc =  4.1494957602E+01
           Ven = -1.7688165520E+01
           Vrep =  1.2951474290E+01
           DelSqV =  7.1228432537E+02
           DelSqVen =  7.8471511395E+02
           DelSqVrep = -7.2430788574E+01
           DelSqG =  7.0256546399E+01
           DelSqK = -7.8254087177E+02
           Stress_EigVals = -1.6299465518E+00 -1.6294185523E+00 -1.4773261259E+00
           Stress_EigVec1 =  3.9963770635E-01 -8.1064260162E-01 -4.2795826444E-01
           Stress_EigVec2 =  8.9879450814E-01  2.5476322271E-01  3.5674098796E-01
           Stress_EigVec3 = -1.8016141595E-01 -5.2721368798E-01  8.3041410839E-01
           -DivStress =  1.4282409491E+00  4.1851008696E+00 -6.5872774208E+00
           ESP =  -1.1022028024E+00     ESP at Nucleus =  -1.1047341458E+00
           ESPe = -1.4010126522E+01     ESPe at Nucleus = -1.3919883992E+01
           ESPn =  1.2907923720E+01     ESPn at Nucleus =  1.2815149847E+01

CP# 5      Coords = -2.81632264548555E+00  2.48817884006429E-01 -2.30363408777285E+00
           Type = (3,-3) NACP C5
           Rho =  1.1757596860E+02     Rho at Nucleus =  1.1757596849E+02
           GradRho =  6.9966601957E-14 -3.9855432930E-10  2.6869232967E-11
           HessRho_EigVals = -1.4489147060E+05 -1.4489119367E+05 -1.4489110511E+05
           HessRho_EigVec1 = -2.8714254834E-01  9.5719232122E-01  3.6496809905E-02
           HessRho_EigVec2 =  6.2031253404E-02 -1.9439982707E-02  9.9788486845E-01
           HessRho_EigVec3 =  9.5587723089E-01  2.8879914694E-01 -5.3793793260E-02
           DelSqRho = -4.3467376938E+05
           Bond Ellipticity = NA
           V = -1.0867892913E+05
           G =  5.2433919166E+00
           K =  1.0867368574E+05
           L =  1.0866844235E+05
           Vnuc =  4.8863557362E+06
           Ven = -5.7451800860E+08
           Vrep =  5.7440932967E+08
           DelSqV =  2.4933404668E+09
           DelSqVen =  2.1239712317E+12
           DelSqVrep = -2.1214778913E+12
           DelSqG =  1.3393890260E+08
           DelSqK = -2.6272793694E+09
           Stress_EigVals = -3.6226381718E+04 -3.6226335742E+04 -3.6226211670E+04
           Stress_EigVec1 =  9.2285852944E-01  2.9521944204E-01  2.4734109177E-01
           Stress_EigVec2 = -1.4735404349E-01 -3.2269986477E-01  9.3496073882E-01
           Stress_EigVec3 = -3.5583552451E-01  8.9928320251E-01  2.5430454415E-01
           -DivStress = -3.8795981754E+01  1.0000237755E+03 -3.8458500007E+01
           ESP =  -1.4737794828E+01     ESP at Nucleus =  -1.4737794831E+01
           ESPe = -2.9368199789E+01     ESPe at Nucleus = -2.9368199242E+01
           ESPn =  1.4630404961E+01     ESPn at Nucleus =  1.4630404411E+01

CP# 6      Coords = -2.35335763359994E+00 -2.57216067967405E+00 -1.73030339136961E+00
           Type = (3,-3) NACP C6
           Rho =  1.1753228287E+02     Rho at Nucleus =  1.1753228277E+02
           GradRho = -2.1233685990E-10  8.3703489669E-11  2.7147808155E-10
           HessRho_EigVals = -1.4482906264E+05 -1.4482875053E+05 -1.4482861731E+05
           HessRho_EigVec1 = -1.9800012522E-01 -5.8607973879E-01  7.8568854529E-01
           HessRho_EigVec2 = -1.3163096466E-01  8.1019562119E-01  5.7118853678E-01
           HessRho_EigVec3 =  9.7132344744E-01 -9.6744606651E-03  2.3756507584E-01
           DelSqRho = -4.3448643048E+05
           Bond Ellipticity = NA
           V = -1.0863202143E+05
           G =  5.2069058188E+00
           K =  1.0862681453E+05
           L =  1.0862160762E+05
           Vnuc =  5.1712933782E+06
           Ven = -6.0779391611E+08
           Vrep =  6.0768528409E+08
           DelSqV =  2.4922604375E+09
           DelSqVen =  2.2468570644E+12
           DelSqVrep = -2.2443648040E+12
           DelSqG =  1.3387259315E+08
           DelSqK = -2.6261330307E+09
           Stress_EigVals = -3.6210748909E+04 -3.6210712000E+04 -3.6210560524E+04
           Stress_EigVec1 =  9.7317161260E-01 -7.9559468329E-03  2.2994285233E-01
           Stress_EigVec2 = -1.3886747256E-01  7.7652979041E-01  6.1458710503E-01
           Stress_EigVec3 = -1.8344709726E-01 -6.3003030682E-01  7.5459192614E-01
           -DivStress =  6.0382541113E+02 -2.2045821766E+02 -6.8818969925E+02
           ESP =  -1.4723510313E+01     ESP at Nucleus =  -1.4723510317E+01
           ESPe = -2.8929709513E+01     ESPe at Nucleus = -2.8929708290E+01
           ESPn =  1.4206199200E+01     ESPn at Nucleus =  1.4206197973E+01

CP# 7      Coords = -3.48718567109889E+00 -2.94695658131843E+00  8.63452511607386E-01
           Type = (3,-3) NACP C7
           Rho =  1.1774257767E+02     Rho at Nucleus =  1.1774257752E+02
           GradRho =  3.1875611127E-10 -4.8411037626E-10 -3.3864960396E-10
           HessRho_EigVals = -1.4508615475E+05 -1.4508453438E+05 -1.4508418831E+05
           HessRho_EigVec1 =  8.7589813829E-01  2.3775507587E-01  4.1985113461E-01
           HessRho_EigVec2 = -2.9405486576E-01 -4.2684985262E-01  8.5517889312E-01
           HessRho_EigVec3 = -3.8253651755E-01  8.7250886942E-01  3.0396395432E-01
           DelSqRho = -4.3525487744E+05
           Bond Ellipticity = NA
           V = -1.0882384775E+05
           G =  5.0641965817E+00
           K =  1.0881878356E+05
           L =  1.0881371936E+05
           Vnuc =  4.1634916231E+06
           Ven = -4.9022023580E+08
           Vrep =  4.9011141196E+08
           DelSqV =  2.4966409652E+09
           DelSqVen =  1.8121801892E+12
           DelSqVrep = -1.8096835400E+12
           DelSqG =  1.3410630471E+08
           DelSqK = -2.6307472699E+09
           Stress_EigVals = -3.6274957148E+04 -3.6274767616E+04 -3.6274122988E+04
           Stress_EigVec1 = -3.1233423274E-01  9.4237711593E-01  1.1988618947E-01
           Stress_EigVec2 = -3.6659949195E-01 -2.3599185536E-01  8.9995147464E-01
           Stress_EigVec3 =  8.7638583944E-01  2.3713543719E-01  4.1918330700E-01
           -DivStress = -5.6918141783E+02  8.2737017171E+02  6.0456843875E+02
           ESP =  -1.4714243659E+01     ESP at Nucleus =  -1.4714243676E+01
           ESPe = -2.8671917815E+01     ESPe at Nucleus = -2.8671918785E+01
           ESPn =  1.3957674156E+01     ESPn at Nucleus =  1.3957675109E+01

CP# 8      Coords = -4.51534186781303E+00 -8.35837064643271E-01  1.82184757173368E+00
           Type = (3,-3) NACP C8
           Rho =  1.1772536520E+02     Rho at Nucleus =  1.1772536519E+02
           GradRho = -1.4604301926E-11  2.5762638550E-13  2.2178239063E-12
           HessRho_EigVals = -1.4507008430E+05 -1.4506910099E+05 -1.4506881808E+05
           HessRho_EigVec1 =  8.7741745084E-01  2.3234915007E-01  4.1970524113E-01
           HessRho_EigVec2 = -3.1463665039E-01 -3.8171009788E-01  8.6908065184E-01
           HessRho_EigVec3 = -3.6213587947E-01  8.9460118133E-01  2.6181354274E-01
           DelSqRho = -4.3520800336E+05
           Bond Ellipticity = NA
           V = -1.0881236332E+05
           G =  5.1812370563E+00
           K =  1.0880718208E+05
           L =  1.0880200084E+05
           Vnuc =  4.8892609084E+07
           Ven = -5.7559002598E+09
           Vrep =  5.7557914475E+09
           DelSqV =  2.4963823355E+09
           DelSqVen =  2.1278744379E+13
           DelSqVrep = -2.1276247997E+13
           DelSqG =  1.3409775917E+08
           DelSqK = -2.6304800947E+09
           Stress_EigVals = -3.6271055963E+04 -3.6270901166E+04 -3.6270406186E+04
           Stress_EigVec1 = -4.5840351877E-01  6.7188430136E-01  5.8175398544E-01
           Stress_EigVec2 = -1.4495247167E-01 -7.0233649371E-01  6.9693057800E-01
           Stress_EigVec3 =  8.7684376883E-01  2.3514875120E-01  4.1934481024E-01
           -DivStress = -3.4551393960E+00 -8.7991045615E+00 -9.5838484272E+01
           ESP =  -1.4737499266E+01     ESP at Nucleus =  -1.4737499267E+01
           ESPe = -2.8860136761E+01     ESPe at Nucleus = -2.8860136926E+01
           ESPn =  1.4122637495E+01     ESPn at Nucleus =  1.4122637659E+01

CP# 9      Coords = -3.93319310878798E+00  5.57647185577686E-01 -3.97691672708255E+00
           Type = (3,-3) NACP H9
           Rho =  4.2136253541E-01     Rho at Nucleus =  4.1786970060E-01
           GradRho =  2.2663891163E-15 -6.4033657933E-16  3.6749574737E-15
           HessRho_EigVals = -6.4059616158E+00 -6.4028979970E+00 -5.8345138771E+00
           HessRho_EigVec1 =  1.3869534014E-02  9.8366015302E-01  1.7950024901E-01
           HessRho_EigVec2 =  8.3924861028E-01  8.6137903876E-02 -5.3688176693E-01
           HessRho_EigVec3 =  5.4357097621E-01 -1.5809163445E-01  8.2434072382E-01
           DelSqRho = -1.8643373490E+01
           Bond Ellipticity = NA
           V = -4.6708136855E+00
           G =  4.9851565360E-03
           K =  4.6658285290E+00
           L =  4.6608433725E+00
           Vnuc =  4.3292722920E+01
           Ven = -1.8241931494E+01
           Vrep =  1.3571117809E+01
           DelSqV =  7.0254185940E+02
           DelSqVen =  8.0712240279E+02
           DelSqVrep = -1.0458054340E+02
           DelSqG =  6.9089849584E+01
           DelSqK = -7.7163170898E+02
           Stress_EigVals = -1.6051893382E+00 -1.6050002559E+00 -1.4606240915E+00
           Stress_EigVec1 =  8.7976259145E-02  9.8733908949E-01  1.3199128829E-01
           Stress_EigVec2 =  8.3400457742E-01 -5.5244746101E-04 -5.5175724703E-01
           Stress_EigVec3 =  5.4469857965E-01 -1.5862287716E-01  8.2349392236E-01
           -DivStress = -4.1496201788E+00  1.2251414893E+00 -6.2920750413E+00
           ESP =  -1.1061371213E+00     ESP at Nucleus =  -1.1084263893E+00
           ESPe = -1.5133653352E+01     ESPe at Nucleus = -1.5039946232E+01
           ESPn =  1.4027516231E+01     ESPn at Nucleus =  1.3931519843E+01

CP# 10     Coords = -3.70254798731830E-01 -3.05024953887632E+00 -1.72859870523651E+00
           Type = (3,-3) NACP H10
           Rho =  4.2182438643E-01     Rho at Nucleus =  4.1832555915E-01
           GradRho = -2.3559566210E-09  5.6579510484E-10  7.2366274079E-12
           HessRho_EigVals = -6.4164915085E+00 -6.4150972769E+00 -5.8427000498E+00
           HessRho_EigVec1 =  2.1518701416E-01  8.9521261957E-01 -3.9024212317E-01
           HessRho_EigVec2 =  9.4715485982E-02  3.7858808152E-01  9.2070627306E-01
           HessRho_EigVec3 =  9.7196889130E-01 -2.3508600616E-01 -3.3232594624E-03
           DelSqRho = -1.8674288835E+01
           Bond Ellipticity = NA
           V = -4.6784989139E+00
           G =  4.9633525493E-03
           K =  4.6735355614E+00
           L =  4.6685722088E+00
           Vnuc =  4.4491120177E+01
           Ven = -1.8767439470E+01
           Vrep =  1.4088940557E+01
           DelSqV =  7.0372618324E+02
           DelSqVen =  8.3084003293E+02
           DelSqVrep = -1.2711384969E+02
           DelSqG =  6.9248311821E+01
           DelSqK = -7.7297449506E+02
           Stress_EigVals = -1.6078965540E+00 -1.6076499226E+00 -1.4629524374E+00
           Stress_EigVec1 =  2.3294675163E-01  9.6477180535E-01 -1.2227499543E-01
           Stress_EigVec2 =  3.1892587074E-02  1.1808755748E-01  9.9249090256E-01
           Stress_EigVec3 =  9.7196639540E-01 -2.3509719771E-01 -3.2609558857E-03
           -DivStress =  7.4383375417E+00 -1.7832558310E+00 -2.1541828514E-02
           ESP =  -1.1064571504E+00     ESP at Nucleus =  -1.1087561260E+00
           ESPe = -1.6336637009E+01     ESPe at Nucleus = -1.6272001635E+01
           ESPn =  1.5230179859E+01     ESPn at Nucleus =  1.5163245509E+01

CP# 11     Coords = -3.24218660289111E+00 -3.80980045000396E+00 -3.08991522570369E+00
           Type = (3,-3) NACP H11
           Rho =  4.2360044381E-01     Rho at Nucleus =  4.2021883056E-01
           GradRho =  1.2822938140E-09  1.8104752868E-09  1.9937470949E-09
           HessRho_EigVals = -6.4512551616E+00 -6.4497128676E+00 -5.8872456000E+00
           HessRho_EigVec1 =  1.2123686698E-01 -7.7203179184E-01  6.2391388386E-01
           HessRho_EigVec2 =  8.9476059090E-01 -1.8714380993E-01 -4.0543887256E-01
           HessRho_EigVec3 =  4.2977332055E-01  6.0740769406E-01  6.6809489307E-01
           DelSqRho = -1.8788213629E+01
           Bond Ellipticity = NA
           V = -4.7069696883E+00
           G =  4.9581404867E-03
           K =  4.7020115478E+00
           L =  4.6970534073E+00
           Vnuc =  4.3435618594E+01
           Ven = -1.8399347314E+01
           Vrep =  1.3692377625E+01
           DelSqV =  7.0867683463E+02
           DelSqVen =  8.1607768657E+02
           DelSqVrep = -1.0740085194E+02
           DelSqG =  6.9794346746E+01
           DelSqK = -7.7847118138E+02
           Stress_EigVals = -1.6165918792E+00 -1.6163688738E+00 -1.4740089353E+00
           Stress_EigVec1 =  4.6823019275E-01 -7.8248401141E-01  4.1046224977E-01
           Stress_EigVec2 =  7.7210052502E-01  1.3642922203E-01 -6.2068337068E-01
           Stress_EigVec3 =  4.2967576830E-01  6.0754081284E-01  6.6803659696E-01
           -DivStress = -3.2418270283E+00 -4.5765019495E+00 -5.0403562695E+00
           ESP =  -1.1041513774E+00     ESP at Nucleus =  -1.1063811330E+00
           ESPe = -1.4678064104E+01     ESPe at Nucleus = -1.4587753172E+01
           ESPn =  1.3573912726E+01     ESPn at Nucleus =  1.3481372039E+01

CP# 12     Coords = -3.44851926060454E+00 -4.73992640194352E+00  1.79180283437371E+00
           Type = (3,-3) NACP H12
           Rho =  4.2567670422E-01     Rho at Nucleus =  4.2192219618E-01
           GradRho = -1.4243297229E-12  7.6967311445E-11 -4.0336837805E-11
           HessRho_EigVals = -6.4953276522E+00 -6.4904851434E+00 -5.8858406907E+00
           HessRho_EigVec1 = -4.8043400709E-01  3.9974667110E-01  7.8063164410E-01
           HessRho_EigVec2 =  8.7687384421E-01  2.3578339985E-01  4.1892535098E-01
           HessRho_EigVec3 = -1.6595968580E-02  8.8578145572E-01 -4.6380576379E-01
           DelSqRho = -1.8871653486E+01
           Bond Ellipticity = NA
           V = -4.7267546895E+00
           G =  4.4206589664E-03
           K =  4.7223340305E+00
           L =  4.7179133716E+00
           Vnuc =  4.1608387415E+01
           Ven = -1.7711721222E+01
           Vrep =  1.2984966533E+01
           DelSqV =  7.1052536813E+02
           DelSqVen =  7.8521906956E+02
           DelSqVrep = -7.4693701431E+01
           DelSqG =  7.0059879432E+01
           DelSqK = -7.8058524756E+02
           Stress_EigVals = -1.6272563415E+00 -1.6262119297E+00 -1.4732864183E+00
           Stress_EigVec1 = -4.8003815591E-01  3.9847342072E-01  7.8152562456E-01
           Stress_EigVec2 =  8.7707636726E-01  2.3560774501E-01  4.1860009135E-01
           Stress_EigVec3 = -1.7332479757E-02  8.8640167163E-01 -4.6259232773E-01
           -DivStress =  1.3223838524E-01 -7.0645357120E+00  3.6998023213E+00
           ESP =  -1.0828479472E+00     ESP at Nucleus =  -1.0853977422E+00
           ESPe = -1.4316390012E+01     ESPe at Nucleus = -1.4223674480E+01
           ESPn =  1.3233542064E+01     ESPn at Nucleus =  1.3138276738E+01

CP# 13     Coords = -5.42947640036918E+00 -6.27377387386295E-01  3.60397711878225E+00
           Type = (3,-3) NACP H13
           Rho =  4.2270176052E-01     Rho at Nucleus =  4.1890398949E-01
           GradRho =  7.8614063991E-11 -1.8796285676E-11 -1.5266111889E-10
           HessRho_EigVals = -6.4493321802E+00 -6.4445428154E+00 -5.8388957419E+00
           HessRho_EigVec1 = -1.7044628037E-01  9.6440820555E-01 -2.0215063338E-01
           HessRho_EigVec2 =  8.7432401279E-01  2.4263324527E-01  4.2034108643E-01
           HessRho_EigVec3 = -4.5442885709E-01  1.0509957829E-01  8.8456118640E-01
           DelSqRho = -1.8732770737E+01
           Bond Ellipticity = NA
           V = -4.6921395952E+00
           G =  4.4734554160E-03
           K =  4.6876661398E+00
           L =  4.6831926844E+00
           Vnuc =  4.1449091597E+01
           Ven = -1.7520603990E+01
           Vrep =  1.2828464395E+01
           DelSqV =  7.0509428259E+02
           DelSqVen =  7.7645633043E+02
           DelSqVrep = -7.1362047841E+01
           DelSqG =  6.9525821507E+01
           DelSqK = -7.7462010409E+02
           Stress_EigVals = -1.6155886955E+00 -1.6151663969E+00 -1.4613845028E+00
           Stress_EigVec1 = -1.6188375168E-01  9.6616515258E-01 -2.0079479297E-01
           Stress_EigVec2 =  8.7574722015E-01  2.3444168193E-01  4.2202358247E-01
           Stress_EigVec3 = -4.5481914794E-01  1.0752672094E-01  8.8406874560E-01
           -DivStress = -3.6401275718E+00  8.7851532316E-01  7.0646801377E+00
           ESP =  -1.0900607874E+00     ESP at Nucleus =  -1.0926623393E+00
           ESPe = -1.4431791457E+01     ESPe at Nucleus = -1.4336221276E+01
           ESPn =  1.3341730670E+01     ESPn at Nucleus =  1.3243558937E+01

CP# 14     Coords = -1.08275710052924E+00  1.28788480941495E+00 -2.53618713482659E+00
           Type = (3,-3) NACP H14
           Rho =  4.1921951184E-01     Rho at Nucleus =  4.1562504451E-01
           GradRho = -1.0710616422E-14 -6.1019982470E-15  1.0694299179E-15
           HessRho_EigVals = -6.3666129690E+00 -6.3635941230E+00 -5.7871662491E+00
           HessRho_EigVec1 = -5.2596124209E-01  8.3955254018E-01 -1.3607462694E-01
           HessRho_EigVec2 =  3.0076097613E-02  1.7825171702E-01  9.8352516680E-01
           HessRho_EigVec3 =  8.4997658802E-01  5.1320352459E-01 -1.1900395864E-01
           DelSqRho = -1.8517373341E+01
           Bond Ellipticity = NA
           V = -4.6393945011E+00
           G =  5.0255828966E-03
           K =  4.6343689182E+00
           L =  4.6293433353E+00
           Vnuc =  4.4450172844E+01
           Ven = -1.8634379761E+01
           Vrep =  1.3994985260E+01
           DelSqV =  6.9720588660E+02
           DelSqVen =  8.2310044562E+02
           DelSqVrep = -1.2589455902E+02
           DelSqG =  6.8515720116E+01
           DelSqK = -7.6572160672E+02
           Stress_EigVals = -1.5953471866E+00 -1.5951163613E+00 -1.4489309531E+00
           Stress_EigVec1 = -5.2342451466E-01  8.4900908974E-01 -7.2182705609E-02
           Stress_EigVec2 =  6.2808438831E-02  1.2292814093E-01  9.9042605589E-01
           Stress_EigVec3 =  8.4975400997E-01  5.1387959456E-01 -1.1766853798E-01
           -DivStress =  6.5604735049E+00  3.9702348017E+00 -9.1184256171E-01
           ESP =  -1.1077766751E+00     ESP at Nucleus =  -1.1101222855E+00
           ESPe = -1.6813234642E+01     ESPe at Nucleus = -1.6745956900E+01
           ESPn =  1.5705457967E+01     ESPn at Nucleus =  1.5635834615E+01

CP# 15     Coords = -4.23578399883546E+00  1.28660214974227E+00  1.11787463520368E-02
           Type = (3,-3) NACP C15
           Rho =  1.1779044671E+02     Rho at Nucleus =  1.1779044661E+02
           GradRho = -1.8265644616E-10  3.6637860724E-10  7.6737747884E-11
           HessRho_EigVals = -1.4513665547E+05 -1.4513447256E+05 -1.4513443529E+05
           HessRho_EigVec1 =  8.7360641254E-01  2.4440747114E-01  4.2080497148E-01
           HessRho_EigVec2 = -4.2416672576E-02 -8.2319212495E-01  5.6617625463E-01
           HessRho_EigVec3 = -4.8478104527E-01  5.1246435337E-01  7.0877896743E-01
           DelSqRho = -4.3540556332E+05
           Bond Ellipticity = NA
           V = -1.0886111540E+05
           G =  4.8622868716E+00
           K =  1.0885625312E+05
           L =  1.0885139083E+05
           Vnuc =  5.0664732738E+06
           Ven = -5.9678215015E+08
           Vrep =  5.9667328904E+08
           DelSqV =  2.4974865929E+09
           DelSqVen =  2.2059710546E+12
           DelSqVrep = -2.2034735680E+12
           DelSqG =  1.3414301774E+08
           DelSqK = -2.6316296106E+09
           Stress_EigVals = -3.6287424253E+04 -3.6287208692E+04 -3.6286482458E+04
           Stress_EigVec1 = -3.0971002263E-01  9.4629364727E-01  9.2779496702E-02
           Stress_EigVec2 = -3.7591772765E-01 -2.1148911840E-01  9.0219632832E-01
           Stress_EigVec3 =  8.7336450805E-01  2.4454178769E-01  4.2122885722E-01
           -DivStress =  3.2243720322E+02 -8.8134934225E+02 -1.9083111576E+02
