AIMSum (Version 19.02.13, Professional)
Copyright (c) 1997-2019 by Todd A. Keith
AIMSum is a component of the AIMAll package ( http://aim.tkgristmill.com )

TP:  64-bit Linux

Much of the Quantum Theory of Atoms in Molecules (QTAIM) is described in the book:
  "Atoms in Molecules - A Quantum Theory"
  R.F.W. Bader, Oxford University Press, Oxford, 1990

For additional references see:  http://aim.tkgristmill.com/references.html

Wfn File:  /home/mhennefarth/Documents/ML_Diels/summary-paton2011/n6-opt/n6-opt.wfn
Sum File:  /home/mhennefarth/Documents/ML_Diels/summary-paton2011/n6-opt/n6-opt.sum

SumViz File:  /home/mhennefarth/Documents/ML_Diels/summary-paton2011/n6-opt/n6-opt.sumviz

Wfn Title:   Title Card Required                                                           
 
Total memory allocated for AIMSum =        1.353 Megabytes

Atomic units (a.u.) used throughout, except where stated otherwise

Model:  Restricted SCF
 
Restricted, closed-shell, single-determinant wavefunction.
  Number of electrons (from MO Occs)                   =          88.0000000000
  Number of Alpha electrons (from MO Occs)             =          44.0000000000
  Number of Beta electrons (from MO Occs)              =          44.0000000000
  Number of electron pairs (N*(N-1)/2)                 =        3828.0000000000
  Number of electron pairs (from Muller 2EDM)          =        3828.0000000000
 
Nuclear Charges and Cartesian Coordinates:
-------------------------------------------------------------------------------
Atom      Charge                X                  Y                  Z
-------------------------------------------------------------------------------
C1         6.0           6.0714259700E+00  -1.2430245900E+00   1.7692832300E+00
C2         6.0          -4.3745407700E+00  -1.5559186000E+00   2.4459304100E+00
C3         6.0          -3.7749393300E+00   9.0756863000E-01   2.2799315000E+00
C4         6.0           3.7134673400E+00   1.6968544700E+00  -6.3119270000E-01
H5         1.0           2.4772854100E+00   3.2476306300E+00  -1.1411872100E+00
H6         1.0          -4.8863641300E+00  -2.3486265700E+00   4.2764558000E+00
C7         6.0          -4.3941900700E+00  -3.3198394900E+00   2.1446026000E-01
H8         1.0          -3.6861036400E+00  -5.1818299200E+00   7.9262630000E-01
H9         1.0          -6.3709834300E+00  -3.6337460800E+00  -3.6560138000E-01
C10        6.0          -2.8434039100E+00  -2.2826626900E+00  -2.0089543600E+00
C11        6.0          -3.4646000600E+00   5.0571119000E-01  -2.5155508000E+00
H12        1.0          -3.1799121300E+00  -3.4165774500E+00  -3.7093125600E+00
H13        1.0          -8.2474718000E-01  -2.4454083600E+00  -1.5641833200E+00
H14        1.0          -5.4456823000E+00   6.9136947000E-01  -3.1271384300E+00
H15        1.0          -2.2906029000E+00   1.3058792600E+00  -4.0171086400E+00
C16        6.0           4.9295696300E+00   9.8780500000E-02  -2.2056337500E+00
C17        6.0           6.3964288700E+00  -1.7286324100E+00  -7.1260735000E-01
H18        1.0           6.9067886100E+00  -2.2564914800E+00   3.3417546000E+00
H19        1.0           7.5528255700E+00  -3.2192663200E+00  -1.5180535600E+00
H20        1.0           4.8697524500E+00   1.3376049000E-01  -4.2558585200E+00
H21        1.0          -3.7448071200E+00   2.1292571400E+00   3.9314496200E+00
C22        6.0          -3.1498185400E+00   2.1303662800E+00  -1.5706852000E-01
O23        8.0          -2.4809754300E+00   4.3414238500E+00  -2.6140795000E-01
C24        6.0           4.3279928700E+00   9.8891336000E-01   2.0581141600E+00
H25        1.0           5.2297655900E+00   2.5578560800E+00   3.0847457700E+00
H26        1.0           2.6162365800E+00   5.1610238000E-01   3.1424025300E+00
 
Some Atomic Properties:
----------------------
  q(A) = Net Charge of Atom A
  L(A) = Lagrangian of Atom A = -(1/4) Times Atomic Integral of the Laplacian of the Electron Density
  K(A) = Electronic Kinetic Energy of Atom A (Hamiltonian Form)
  K_Scaled(A) = K(A) * E(Mol)/K(Mol) = Approximation to Virial-Based Total Energy of Atom A.
  |Mu_Intra(A)| = Magnitude of Intraatomic Dipole Moment of Atom A
--------------------------------------------------------------------------------------------------
Atom A          q(A)              L(A)              K(A)          K_Scaled(A)      |Mu_Intra(A)|
--------------------------------------------------------------------------------------------------
C1       -7.4889287100E-02  3.7135958287E-05  3.7731444711E+01 -3.8100163935E+01  1.6894148263E-01
C2       -6.1070173600E-02  7.6526351661E-06  3.7735443825E+01 -3.8104202129E+01  5.3337305167E-02
C3       -6.2393628900E-02 -1.1982386250E-04  3.7757183286E+01 -3.8126154033E+01  1.0583643685E-01
C4       -7.7075525400E-02 -4.7674958293E-05  3.7734234643E+01 -3.8102981131E+01  1.9491890121E-01
H5        7.6824679180E-02  2.2256818394E-05  5.8114102118E-01 -5.8682004746E-01  1.3564951336E-01
H6        4.6075727980E-02  2.3221243734E-05  5.9715996767E-01 -6.0299553430E-01  1.4939922826E-01
C7        1.3925272600E-02  2.3999142398E-04  3.7681146422E+01 -3.8049374121E+01  1.0471739276E-01
H8        2.0811626220E-02  2.7903938167E-05  6.0765519234E-01 -6.1359332041E-01  1.5283693731E-01
H9        2.1797806420E-02  1.9736349644E-05  6.0381266689E-01 -6.0971324503E-01  1.5516160643E-01
C10       1.9192264100E-02  3.0169577305E-04  3.7673804136E+01 -3.8041960084E+01  8.8722743151E-02
C11      -1.6033208900E-02  1.6537275799E-05  3.7729891712E+01 -3.8098595759E+01  8.0759862293E-02
H12       9.0326093100E-03  2.5626048245E-05  6.1308973225E-01 -6.1908096773E-01  1.5573474886E-01
H13       2.2527269170E-02  2.7089266733E-05  6.0799626735E-01 -6.1393772847E-01  1.4954349568E-01
H14       2.3439861640E-02  2.3479902652E-05  6.0219376006E-01 -6.0807851792E-01  1.5387386239E-01
H15       3.9156768690E-02  3.0169783310E-05  5.9980666419E-01 -6.0566809488E-01  1.5059474160E-01
C16      -6.4740791700E-02 -4.6657627424E-05  3.7728590193E+01 -3.8097281522E+01  1.5228218003E-01
C17      -5.8433996000E-02 -5.7875040904E-05  3.7727666581E+01 -3.8096348884E+01  1.5081555992E-01
H18       4.4801455370E-02  2.2046370852E-05  5.9244983514E-01 -5.9823937341E-01  1.5102088972E-01
H19       4.0666644920E-02  2.6717569793E-05  5.9462950657E-01 -6.0044034504E-01  1.5070450537E-01
H20       4.0784520180E-02  2.0818604107E-05  5.9450954777E-01 -6.0031921397E-01  1.5077741663E-01
H21       6.1461980490E-02  2.2003669069E-05  5.8837589986E-01 -5.9412562683E-01  1.4996432292E-01
C22       1.0195741200E+00 -1.4928332295E-04  3.7045752190E+01 -3.7407770689E+01  8.5987755813E-01
O23      -1.1609684904E+00  3.9874471564E-05  7.5292869010E+01 -7.6028645984E+01  5.4554081069E-01
C24      -1.2363702000E-02 -5.5982829110E-05  3.7704958470E+01 -3.8073418865E+01  1.4354535585E-01
H25       4.4909842770E-02  2.7872691052E-05  5.8916461928E-01 -5.9492205377E-01  1.5136373970E-01
H26       4.3529097800E-02  2.7469439159E-05  5.8949722423E-01 -5.9525790901E-01  1.5022601630E-01
--------------------------------------------------------------------------------------------------
Total     5.4274284000E-04  5.1200159158E-04  4.9790446708E+02 -5.0277008911E+02
 
1st Largest |L(A)| = 3.0169577305E-04, atom C10     
2nd Largest |L(A)| = 2.3999142398E-04, atom C7      
 
Molecular charge q(Mol) from the wfn file:   0.0000000000E+00
Molecular energy E(Mol) from the wfn file:  -5.0276998907E+02
Molecular virial ratio (-V(Mol)/T(Mol)) from the wfn file:   2.0097722000E+00
Note.  K_Scaled(A) = (1+V(Mol)/T(Mol))*K(A) = (E(Mol)/T(Mol))*K(A)
       Only use K_Scaled(A) data with caution.
 
N_AIMInt(SumA)     =         87.999457
N_Analytic(Mol)    =         87.999984
 
G_AIMInt(SumA)     =        497.903955
G_Analytic(Mol)    =        497.904330
 
K_AIMInt(SumA)     =        497.904467
K_Analytic(Mol)    =        497.904330
 
L_AIMInt(SumA)     =          0.000512
L_Analytic(Mol)    =          0.000000
 
VenT_AIMInt(SumA)  =      -2460.164820
VenT_Analytic(Mol) =      -2460.172060
 
Some Information About the Atomic Calculations:
----------------------------------------------
  Time(sec) = "Elapsed User Time", in Seconds, for Atom A by AIMInt and, if used, by TWOe
  NProc = Number of Processors Used for AIMInt Job
  BIM = Basin Integration Method
  OAQ = Angular Quadrature Outside of Beta Sphere
  ORQ = Multiple of Default for Radial Quadrature Outside of Beta Sphere
  IAQ = Multiple of Default for Angular Quadrature Inside of Beta Sphere
  IRQ = Multiple of Default for Radial Quadrature Inside of Beta Sphere
  MIR = Maximum Integration Radius
------------------------------------------------------------------------------------------------------
Atom A     Time(sec)   NProc      BIM          OAQ                     ORQ      IAQ      IRQ      MIR
------------------------------------------------------------------------------------------------------
C1             55        8     Proaim(5)    4500(GS4)                  1.00     1.00     1.00    13.00
C2             62        8     Proaim(5)    4500(GS4)                  1.00     1.00     1.00    13.00
C3             76        8     Proaim(5)    4500(GS4)                  1.00     1.00     1.00    13.00
C4            107        8     Proaim(5)    4500(GS4)                  1.00     1.00     1.00    13.00
H5             51        8     Proaim(5)    4500(GS4)                  1.00     1.00     1.00    13.00
H6             13        8     Proaim(5)    1800(GS4)                  1.00     1.00     1.00    13.00
C7             80        8     Proaim(5)    4500(GS4)                  1.00     1.00     1.00    13.00
H8             19        8     Proaim(5)    1800(GS4)                  1.00     1.00     1.00    13.00
H9             18        8     Proaim(5)    1800(GS4)                  1.00     1.00     1.00    13.00
C10            30        8     Proaim(5)    5400(GS5)                  1.00     1.00     1.00    13.00
C11            31        8     Proaim(5)    4500(GS4)                  1.00     1.00     1.00    13.00
H12             7        8     Proaim(5)    1800(GS4)                  1.00     1.00     1.00    13.00
H13            16        8     Proaim(5)    4500(GS4)                  1.00     1.00     1.00    13.00
H14             7        8     Proaim(5)    1800(GS4)                  1.00     1.00     1.00    13.00
H15             8        8     Proaim(5)    1800(GS4)                  1.00     1.00     1.00    13.00
C16            29        8     Proaim(5)    4500(GS4)                  1.00     1.00     1.00    13.00
C17            23        8     Proaim(5)    4500(GS4)                  1.00     1.00     1.00    13.00
H18             5        8     Proaim(5)    1800(GS4)                  1.00     1.00     1.00    13.00
H19             6        8     Proaim(5)    1800(GS4)                  1.00     1.00     1.00    13.00
H20             7        8     Proaim(5)    1800(GS4)                  1.00     1.00     1.00    13.00
H21             7        8     Proaim(5)    1800(GS4)                  1.00     1.00     1.00    13.00
C22            29        8     Proaim(5)    5400(GS5)                  1.00     1.00     1.00    13.00
O23            26        8     Proaim(5)    4500(GS4)                  1.00     1.00     1.00    13.00
C24            29        8     Proaim(5)    4500(GS4)                  1.00     1.00     1.00    13.00
H25             6        8     Proaim(5)    1800(GS4)                  1.00     1.00     1.00    13.00
H26            14        8     Proaim(5)    4500(GS4)                  1.00     1.00     1.00    13.00
------------------------------------------------------------------------------------------------------
Total         761
Note:  Total wall clock time is less than total of atomic times if more than one atom
       was calculated at a time
 
Electron Density Critical Point Analysis of Molecular Structure:               
---------------------------------------------------------------                
  NACP = Nuclear Attractor Critical Point                                      
  NNACP = Non-Nuclear Attractor Critical Point                                 
  BCP = Bond Critical Point                                                    
  RCP = Ring Critical Point                                                    
  CCP = Cage Critical Point                                                    
  Rho = Electron Density                                                       
  GradRho = Gradient of Electron Density                                       
  HessRho_EigVals = Eigenvalues of the Hessian of Rho, Ascending Order         
  HessRho_EigVecs = Eigenvectors of the Hessian of Rho                         
  DelSqRho = Laplacian of Rho = Trace of Hessian of Rho                        
  Bond Ellipticity = (HessRho_EigVal(1) / HessRho_EigVal(2)) - 1               
  V = Virial Field = Potential Energy Density = Trace of Stress Tensor         
  G = Lagrangian Form of Kinetic Energy Density                                
  K = Hamiltonian Form of Kinetic Energy Density                               
  L = K - G = Lagrangian Density = (-1/4)DelSqRho                              
  Vnuc = Electrostatic Potential from Nuclei                                   
  Ven = Electron-nuclear attractive contribution to Virial Field V             
  Vrep = V - Ven = Repulsive contribution to Virial Field V                    
  DelSqV = Laplacian of V                                                      
  DelSqVen = Laplacian of Ven                                                  
  DelSqVrep = Laplacian of Vrep                                                
  DelSqG = Laplacian of G                                                      
  DelSqK = Laplacian of K                                                      
  Stress_EigVals = Eigenvalues of Stress Tensor, Ascending Order               
  Stress_EigVecs = Eigenvectors of Stress Tensor                               
  -DivStress = Ehrenfest Force Density = Minus Divergence of Stress Tensor     
  ESP = Total Electrostatic Potential                                          
  ESPe = Electrostatic Potential from Electrons                                
  ESPn = Electrostatic Potential from Nuclei                                   
  BP = Bond Path                                                               
  BPL = Bond Path Length                                                       
  GBL = Geometric Bond Length                                                  
  GBL_I = Distance Between Nuclear Attractors                                  
  GBL_II = Distance Between Nuclei                                             
  GBL_III = Sum of Distances Between BCP and Nuclear Attractors                
  GBL_IV = Sum of Distances Between BCP and Nuclei                             

CP# 1      Coords =  6.07142540657603E+00 -1.24302383570623E+00  1.76928443857955E+00
           Type = (3,-3) NACP C1
           Rho =  1.1766948127E+02     Rho at Nucleus =  1.1766948110E+02
           GradRho = -2.5655499947E-10  3.8289937887E-10  6.2578631166E-10
           HessRho_EigVals = -1.4499276261E+05 -1.4499219116E+05 -1.4499181198E+05
           HessRho_EigVec1 =  7.8410058956E-01  6.2046596773E-01 -1.4430812237E-02
           HessRho_EigVec2 = -6.1925755456E-01  7.8060280845E-01 -8.4730965760E-02
           HessRho_EigVec3 = -4.1307948107E-02  7.5373989702E-02  9.9629936018E-01
           DelSqRho = -4.3497676576E+05
           Bond Ellipticity = NA
           V = -1.0875443072E+05
           G =  5.1196414352E+00
           K =  1.0874931108E+05
           L =  1.0874419144E+05
           Vnuc =  3.9164242773E+06
           Ven = -4.6084361314E+08
           Vrep =  4.6073485871E+08
           DelSqV =  2.4950512734E+09
           DelSqVen =  1.7035538596E+12
           DelSqVrep = -1.7010588411E+12
           DelSqG =  1.3401831338E+08
           DelSqK = -2.6290695868E+09
           Stress_EigVals = -3.6251741146E+04 -3.6251534714E+04 -3.6251154861E+04
           Stress_EigVec1 =  1.0000226345E-01 -1.0005619139E-01  9.8994358722E-01
           Stress_EigVec2 = -6.1100220883E-01  7.7906737319E-01  1.4046468895E-01
           Stress_EigVec3 =  7.8528711190E-01  6.1890450523E-01 -1.6773946755E-02
           -DivStress =  4.6018515931E+02 -6.1670828544E+02 -9.7826897407E+02
           ESP =  -1.4752157340E+01     ESP at Nucleus =  -1.4752157358E+01
           ESPe = -2.8491214471E+01     ESPe at Nucleus = -2.8491214873E+01
           ESPn =  1.3739057131E+01     ESPn at Nucleus =  1.3739057515E+01

CP# 2      Coords = -4.37454107801141E+00 -1.55591993654049E+00  2.44593008966015E+00
           Type = (3,-3) NACP C2
           Rho =  1.1772548839E+02     Rho at Nucleus =  1.1772548825E+02
           GradRho = -7.2612874047E-11 -5.8493891675E-10 -1.0528616867E-10
           HessRho_EigVals = -1.4506437131E+05 -1.4506282777E+05 -1.4506251074E+05
           HessRho_EigVec1 =  9.6170816031E-01 -2.0006559128E-01  1.8732638248E-01
           HessRho_EigVec2 = -1.2962595197E-01  2.7018611087E-01  9.5404223076E-01
           HessRho_EigVec3 =  2.4148400975E-01  9.4179255926E-01 -2.3390649490E-01
           DelSqRho = -4.3518970982E+05
           Bond Ellipticity = NA
           V = -1.0880755427E+05
           G =  5.0634052658E+00
           K =  1.0880249086E+05
           L =  1.0879742745E+05
           Vnuc =  4.2599119485E+06
           Ven = -5.0150021464E+08
           Vrep =  5.0139140708E+08
           DelSqV =  2.4962680136E+09
           DelSqVen =  1.8538698834E+12
           DelSqVrep = -1.8513736154E+12
           DelSqG =  1.3408563518E+08
           DelSqK = -2.6303536488E+09
           Stress_EigVals = -3.6269506214E+04 -3.6269341620E+04 -3.6268706431E+04
           Stress_EigVec1 =  2.5648306472E-01  9.1889851330E-01 -2.9973648387E-01
           Stress_EigVec2 = -1.0366316199E-01  3.3447324069E-01  9.3668650044E-01
           Stress_EigVec3 =  9.6097366580E-01 -2.0917259263E-01  1.8104264728E-01
           -DivStress =  2.5133291245E+02  1.0879225611E+03  2.6380459664E+02
           ESP =  -1.4713133042E+01     ESP at Nucleus =  -1.4713133058E+01
           ESPe = -2.9459665558E+01     ESPe at Nucleus = -2.9459666457E+01
           ESPn =  1.4746532515E+01     ESPn at Nucleus =  1.4746533399E+01

CP# 3      Coords = -3.77493911294899E+00  9.07568514111250E-01  2.27993120258964E+00
           Type = (3,-3) NACP C3
           Rho =  1.1771271480E+02     Rho at Nucleus =  1.1771271479E+02
           GradRho = -1.8577445138E-11  3.0617175462E-12 -1.8119283851E-11
           HessRho_EigVals = -1.4505343206E+05 -1.4505259107E+05 -1.4505228566E+05
           HessRho_EigVec1 =  9.6412036756E-01 -2.2514322002E-01  1.4065008830E-01
           HessRho_EigVec2 = -1.4398887517E-01  1.6062053185E-03  9.8957800295E-01
           HessRho_EigVec3 =  2.2302269097E-01  9.7432435594E-01  3.0869543741E-02
           DelSqRho = -4.3515830879E+05
           Bond Ellipticity = NA
           V = -1.0879993732E+05
           G =  5.1800617502E+00
           K =  1.0879475726E+05
           L =  1.0878957720E+05
           Vnuc =  1.5544147507E+07
           Ven = -1.8297438024E+09
           Vrep =  1.8296350024E+09
           DelSqV =  2.4960974488E+09
           DelSqVen =  6.7641624494E+12
           DelSqVrep = -6.7616642548E+12
           DelSqG =  1.3408150132E+08
           DelSqK = -2.6301789501E+09
           Stress_EigVals = -3.6266904488E+04 -3.6266747266E+04 -3.6266285568E+04
           Stress_EigVec1 =  2.0065957775E-01  9.6881833157E-01  1.4535052207E-01
           Stress_EigVec2 = -1.6985979303E-01 -1.1171442478E-01  9.7911569184E-01
           Stress_EigVec3 =  9.6482298095E-01 -2.2115815089E-01  1.4214671198E-01
           -DivStress = -1.7687368733E+02  9.7091257110E+01  2.4171132975E+02
           ESP =  -1.4736476359E+01     ESP at Nucleus =  -1.4736476359E+01
           ESPe = -3.0248342690E+01     ESPe at Nucleus = -3.0248342112E+01
           ESPn =  1.5511866330E+01     ESPn at Nucleus =  1.5511865753E+01

CP# 4      Coords =  3.71346720929293E+00  1.69685459404384E+00 -6.31191220774251E-01
           Type = (3,-3) NACP C4
           Rho =  1.1768377934E+02     Rho at Nucleus =  1.1768377918E+02
           GradRho = -7.0450034695E-11  6.2701732695E-11  7.2463235412E-10
           HessRho_EigVals = -1.4501258384E+05 -1.4501189243E+05 -1.4501146918E+05
           HessRho_EigVec1 =  7.8136316846E-01  6.2401060873E-01 -9.0751952529E-03
           HessRho_EigVec2 =  2.2916692427E-01 -2.7336784508E-01  9.3421225752E-01
           HessRho_EigVec3 = -5.8047749292E-01  7.3203878413E-01  3.5660215750E-01
           DelSqRho = -4.3503594545E+05
           Bond Ellipticity = NA
           V = -1.0876922153E+05
           G =  5.1175852285E+00
           K =  1.0876410395E+05
           L =  1.0875898636E+05
           Vnuc =  4.0264256349E+06
           Ven = -4.7384498595E+08
           Vrep =  4.7373621673E+08
           DelSqV =  2.4953915060E+09
           DelSqVen =  1.7516397199E+12
           DelSqVrep = -1.7491443284E+12
           DelSqG =  1.3403859540E+08
           DelSqK = -2.6294301014E+09
           Stress_EigVals = -3.6256696544E+04 -3.6256463072E+04 -3.6256061917E+04
           Stress_EigVec1 = -6.0210645817E-01  7.6559926588E-01  2.2655148890E-01
           Stress_EigVec2 =  1.5134245506E-01 -1.6916665168E-01  9.7389840602E-01
           Stress_EigVec3 =  7.8394086150E-01  6.2067737839E-01 -1.4011339008E-02
           -DivStress =  1.0164449771E+02 -9.7555329136E+01 -1.2047515534E+03
           ESP =  -1.4755077242E+01     ESP at Nucleus =  -1.4755077256E+01
           ESPe = -3.0024401883E+01     ESPe at Nucleus = -3.0024401581E+01
           ESPn =  1.5269324641E+01     ESPn at Nucleus =  1.5269324325E+01

CP# 5      Coords =  2.49907360502659E+00  3.22037493637617E+00 -1.13217937960924E+00
           Type = (3,-3) NACP H5
           Rho =  4.2198569881E-01     Rho at Nucleus =  4.1810819402E-01
           GradRho =  2.5127469550E-15 -4.1919592797E-15  1.6792123247E-15
           HessRho_EigVals = -6.4217983639E+00 -6.4156167505E+00 -5.8060325529E+00
           HessRho_EigVec1 = -1.4599249828E-01  2.0555148568E-01  9.6769560151E-01
           HessRho_EigVec2 =  7.8350694948E-01  6.2123080525E-01 -1.3753062400E-02
           HessRho_EigVec3 = -6.0398928017E-01  7.5618838483E-01 -2.5174605477E-01
           DelSqRho = -1.8643447667E+01
           Bond Ellipticity = NA
           V = -4.6701721609E+00
           G =  4.6551220357E-03
           K =  4.6655170389E+00
           L =  4.6608619168E+00
           Vnuc =  4.3590534094E+01
           Ven = -1.8394581991E+01
           Vrep =  1.3724409830E+01
           DelSqV =  7.0111611003E+02
           DelSqVen =  8.1267784117E+02
           DelSqVrep = -1.1156173114E+02
           DelSqG =  6.8991592882E+01
           DelSqK = -7.7010770292E+02
           Stress_EigVals = -1.6087051780E+00 -1.6083138304E+00 -1.4531531524E+00
           Stress_EigVec1 = -1.5004076496E-01  2.0038524451E-01  9.6815986419E-01
           Stress_EigVec2 =  7.8255125114E-01  6.2254009295E-01 -7.5744313221E-03
           Stress_EigVec3 = -6.0423613612E-01  7.5649823956E-01 -2.5021811556E-01
           -DivStress = -4.8725941784E+00  6.0955002106E+00 -2.0132153313E+00
           ESP =  -1.1142704525E+00     ESP at Nucleus =  -1.1169097006E+00
           ESPe = -1.6956336515E+01     ESPe at Nucleus = -1.6883207278E+01
           ESPn =  1.5842066062E+01     ESPn at Nucleus =  1.5766297577E+01

CP# 6      Coords = -4.87774287131597E+00 -2.33545660904919E+00  4.24545672161403E+00
           Type = (3,-3) NACP H6
           Rho =  4.2793273928E-01     Rho at Nucleus =  4.2425257718E-01
           GradRho =  9.3954297467E-12  1.4358811340E-11 -3.3798219648E-11
           HessRho_EigVals = -6.5377799565E+00 -6.5313309860E+00 -5.9326749075E+00
           HessRho_EigVec1 = -1.2649703466E-01 -8.9922396361E-01 -4.1880158010E-01
           HessRho_EigVec2 =  9.6046632169E-01 -2.1657974389E-01  1.7492186667E-01
           HessRho_EigVec3 = -2.4799787323E-01 -3.8011771572E-01  8.9107102807E-01
           DelSqRho = -1.9001785850E+01
           Bond Ellipticity = NA
           V = -4.7595729065E+00
           G =  4.5632219799E-03
           K =  4.7550096845E+00
           L =  4.7504464625E+00
           Vnuc =  4.2617267535E+01
           Ven = -1.8237324037E+01
           Vrep =  1.3477751130E+01
           DelSqV =  7.1587513117E+02
           DelSqVen =  8.0980419127E+02
           DelSqVrep = -9.3929060101E+01
           DelSqG =  7.0659384988E+01
           DelSqK = -7.8653451616E+02
           Stress_EigVals = -1.6378009430E+00 -1.6365670836E+00 -1.4852048799E+00
           Stress_EigVec1 = -7.8895005719E-02 -9.0820351544E-01 -4.1102548901E-01
           Stress_EigVec2 =  9.6548348516E-01 -1.7227996213E-01  1.9534905818E-01
           Stress_EigVec3 = -2.4822815706E-01 -3.8142625656E-01  8.9044752392E-01
           -DivStress = -1.9643059509E+00 -3.0011182926E+00  7.0617590543E+00
           ESP =  -1.0897424547E+00     ESP at Nucleus =  -1.0922176677E+00
           ESPe = -1.4943775968E+01     ESPe at Nucleus = -1.4849032371E+01
           ESPn =  1.3854033513E+01     ESPn at Nucleus =  1.3756814704E+01

CP# 7      Coords = -4.39419002383762E+00 -3.31983854825488E+00  2.14460922721504E-01
           Type = (3,-3) NACP C7
           Rho =  1.1752996525E+02     Rho at Nucleus =  1.1752996515E+02
           GradRho = -2.5105112433E-11  3.0039948307E-10  1.9996336531E-10
           HessRho_EigVals = -1.4482614596E+05 -1.4482594697E+05 -1.4482581310E+05
           HessRho_EigVec1 = -1.0451045202E-01  5.5358845949E-01  8.2620662242E-01
           HessRho_EigVec2 =  8.8383933370E-01  4.3258274736E-01 -1.7804549667E-01
           HessRho_EigVec3 =  4.5596666283E-01 -7.1162629533E-01  5.3449267365E-01
           DelSqRho = -4.3447790603E+05
           Bond Ellipticity = NA
           V = -1.0862988828E+05
           G =  5.2058866501E+00
           K =  1.0862468239E+05
           L =  1.0861947651E+05
           Vnuc =  5.2061697646E+06
           Ven = -6.1188095150E+08
           Vrep =  6.1177232161E+08
           DelSqV =  2.4922117227E+09
           DelSqVen =  2.2619655547E+12
           DelSqVrep = -2.2594733440E+12
           DelSqG =  1.3386996761E+08
           DelSqK = -2.6260816903E+09
           Stress_EigVals = -3.6210021148E+04 -3.6209973039E+04 -3.6209894094E+04
           Stress_EigVec1 = -5.1683743739E-01  7.3442190283E-01 -4.3989036356E-01
           Stress_EigVec2 =  8.2921243404E-01  5.5720031573E-01 -4.3983489826E-02
           Stress_EigVec3 = -2.1280461117E-01  3.8749487325E-01  8.9697375696E-01
           -DivStress = -3.9438401333E+01 -7.6404566031E+02 -5.3659412852E+02
           ESP =  -1.4719528888E+01     ESP at Nucleus =  -1.4719528891E+01
           ESPe = -2.9164822653E+01     ESPe at Nucleus = -2.9164821320E+01
           ESPn =  1.4445293765E+01     ESPn at Nucleus =  1.4445292429E+01

CP# 8      Coords = -3.69748366563790E+00 -5.15158452878572E+00  7.83371554049002E-01
           Type = (3,-3) NACP H8
           Rho =  4.2583643730E-01     Rho at Nucleus =  4.2241313320E-01
           GradRho = -4.2505061970E-14  1.1354285567E-13 -3.4322371334E-14
           HessRho_EigVals = -6.4838476904E+00 -6.4822653636E+00 -5.9138380431E+00
           HessRho_EigVec1 = -4.1032818219E-01  1.2191756114E-01  9.0375156497E-01
           HessRho_EigVec2 =  8.4669936201E-01  4.1902674203E-01  3.2789751423E-01
           HessRho_EigVec3 = -3.3871960864E-01  8.9975146443E-01 -2.7516600258E-01
           DelSqRho = -1.8879951097E+01
           Bond Ellipticity = NA
           V = -4.7297676925E+00
           G =  4.8899591430E-03
           K =  4.7248777334E+00
           L =  4.7199877743E+00
           Vnuc =  4.3929109370E+01
           Ven = -1.8706615428E+01
           Vrep =  1.3976847735E+01
           DelSqV =  7.1196603118E+02
           DelSqVen =  8.2937943664E+02
           DelSqVrep = -1.1741340546E+02
           DelSqG =  7.0105220931E+01
           DelSqK = -7.8207125211E+02
           Stress_EigVals = -1.6246937093E+00 -1.6244607637E+00 -1.4806132196E+00
           Stress_EigVec1 = -6.6510092395E-01 -2.2384917441E-02  7.4641789665E-01
           Stress_EigVec2 =  6.6552781087E-01  4.3558255478E-01  6.0608627350E-01
           Stress_EigVec3 = -3.3869380555E-01  8.9987040925E-01 -2.7480857454E-01
           -DivStress =  2.5740269607E+00 -6.8430185967E+00  2.0935289414E+00
           ESP =  -1.1044426551E+00     ESP at Nucleus =  -1.1066855282E+00
           ESPe = -1.5284543134E+01     ESPe at Nucleus = -1.5198500241E+01
           ESPn =  1.4180100479E+01     ESPn at Nucleus =  1.4091814713E+01

CP# 9      Coords = -6.33968744753169E+00 -3.62865684818958E+00 -3.56411884152853E-01
           Type = (3,-3) NACP H9
           Rho =  4.2185769109E-01     Rho at Nucleus =  4.1857757723E-01
           GradRho =  6.5759144657E-11  1.0713483919E-11  1.9322495210E-11
           HessRho_EigVals = -6.4338741883E+00 -6.4322265397E+00 -5.8804102844E+00
           HessRho_EigVec1 = -3.0350774832E-01  1.7023876909E-01  9.3749763104E-01
           HessRho_EigVec2 = -9.8111546453E-02  9.7309613411E-01 -2.0846591624E-01
           HessRho_EigVec3 =  9.4776430148E-01  1.5525036322E-01  2.7863982766E-01
           DelSqRho = -1.8746511012E+01
           Bond Ellipticity = NA
           V = -4.6965917401E+00
           G =  4.9819934935E-03
           K =  4.6916097466E+00
           L =  4.6866277531E+00
           Vnuc =  4.4420920592E+01
           Ven = -1.8739306997E+01
           Vrep =  1.4042715257E+01
           DelSqV =  7.0763273659E+02
           DelSqVen =  8.3273727718E+02
           DelSqVrep = -1.2510454059E+02
           DelSqG =  6.9772532766E+01
           DelSqK = -7.7740526936E+02
           Stress_EigVals = -1.6121888668E+00 -1.6119352553E+00 -1.4724676179E+00
           Stress_EigVec1 = -2.9875375848E-01  1.2787422620E-01  9.4572425900E-01
           Stress_EigVec2 = -1.1085315250E-01  9.7962403287E-01 -1.6747636493E-01
           Stress_EigVec3 =  9.4787012316E-01  1.5487070898E-01  2.7849110062E-01
           -DivStress = -7.0319312732E+00 -1.1435946803E+00 -2.0638846787E+00
           ESP =  -1.0994286299E+00     ESP at Nucleus =  -1.1015891884E+00
           ESPe = -1.5228243706E+01     ESPe at Nucleus = -1.5141336593E+01
           ESPn =  1.4128815076E+01     ESPn at Nucleus =  1.4039747405E+01

CP# 10     Coords = -2.84340508388133E+00 -2.28266215163704E+00 -2.00895378025907E+00
           Type = (3,-3) NACP C10
           Rho =  1.1753830300E+02     Rho at Nucleus =  1.1753830286E+02
           GradRho = -5.2723059252E-10  2.3898122370E-10  2.6428231131E-10
           HessRho_EigVals = -1.4483840250E+05 -1.4483816278E+05 -1.4483784881E+05
           HessRho_EigVec1 =  2.5148633694E-01  7.6237022346E-01 -5.9627700334E-01
           HessRho_EigVec2 = -5.9976759795E-01  6.0628372018E-01  5.2220578233E-01
           HessRho_EigVec3 =  7.5962717881E-01  2.2630000668E-01  6.0971702960E-01
           DelSqRho = -4.3451441409E+05
           Bond Ellipticity = NA
           V = -1.0863896194E+05
           G =  5.1792097561E+00
           K =  1.0863378273E+05
           L =  1.0862860352E+05
           Vnuc =  4.2384919801E+06
           Ven = -4.9818515464E+08
           Vrep =  4.9807651567E+08
           DelSqV =  2.4924215096E+09
           DelSqVen =  1.8416857743E+12
           DelSqVrep = -1.8391933528E+12
           DelSqG =  1.3388318816E+08
           DelSqK = -2.6263046978E+09
           Stress_EigVals = -3.6213088725E+04 -3.6212990247E+04 -3.6212882971E+04
           Stress_EigVec1 =  7.2380537288E-01  2.6710484282E-01  6.3620813036E-01
           Stress_EigVec2 = -6.5142157748E-01  5.6852319394E-01  5.0242542366E-01
           Stress_EigVec3 =  2.2749881447E-01  7.7809792500E-01 -5.8549800044E-01
           -DivStress =  9.5546709658E+02 -4.3521902997E+02 -4.6991773807E+02
           ESP =  -1.4729143692E+01     ESP at Nucleus =  -1.4729143697E+01
           ESPe = -2.9961704028E+01     ESPe at Nucleus = -2.9961702718E+01
           ESPn =  1.5232560335E+01     ESPn at Nucleus =  1.5232559021E+01

CP# 11     Coords = -3.46460042967347E+00  5.05710309671273E-01 -2.51555030144882E+00
           Type = (3,-3) NACP C11
           Rho =  1.1758302940E+02     Rho at Nucleus =  1.1758302932E+02
           GradRho = -1.0819728447E-10 -2.1814827722E-10  1.2794676429E-10
           HessRho_EigVals = -1.4490072236E+05 -1.4490064048E+05 -1.4490039434E+05
           HessRho_EigVec1 = -6.1478560975E-01  7.8657027297E-01 -5.7843406974E-02
           HessRho_EigVec2 =  2.4248579833E-01  2.5829651685E-01  9.3513825020E-01
           HessRho_EigVec3 =  7.5049269927E-01  5.6088333463E-01 -3.4952910220E-01
           DelSqRho = -4.3470175718E+05
           Bond Ellipticity = NA
           V = -1.0868592180E+05
           G =  5.2412509225E+00
           K =  1.0868068055E+05
           L =  1.0867543930E+05
           Vnuc =  5.5704185111E+06
           Ven = -6.5498668356E+08
           Vrep =  6.5487799763E+08
           DelSqV =  2.4935009333E+09
           DelSqVen =  2.4214707241E+12
           DelSqVrep = -2.4189772232E+12
           DelSqG =  1.3394814030E+08
           DelSqK = -2.6274490736E+09
           Stress_EigVals = -3.6228714823E+04 -3.6228623779E+04 -3.6228583195E+04
           Stress_EigVec1 =  7.8967507126E-01  4.3978111183E-01 -4.2779183666E-01
           Stress_EigVec2 =  5.2990174363E-01 -1.3746702437E-01  8.3684344970E-01
           Stress_EigVec3 = -3.0922067190E-01  8.8752205093E-01  3.4159506023E-01
           -DivStress =  2.9688412030E+02  7.1810847948E+02 -4.0073220166E+02
           ESP =  -1.4735584220E+01     ESP at Nucleus =  -1.4735584222E+01
           ESPe = -3.0284642879E+01     ESPe at Nucleus = -3.0284642154E+01
           ESPn =  1.5549058659E+01     ESPn at Nucleus =  1.5549057931E+01

CP# 12     Coords = -3.17466254368553E+00 -3.39818776179792E+00 -3.68175203730118E+00
           Type = (3,-3) NACP H12
           Rho =  4.2851907334E-01     Rho at Nucleus =  4.2508918631E-01
           GradRho = -8.7191538711E-16  1.7607443281E-15  1.3652273756E-15
           HessRho_EigVals = -6.5224113353E+00 -6.5213052474E+00 -5.9501295771E+00
           HessRho_EigVec1 =  3.3289216528E-01  7.5362180092E-01 -5.6677772316E-01
           HessRho_EigVec2 =  9.2995055830E-01 -3.6189281830E-01  6.5004208856E-02
           HessRho_EigVec3 =  1.5612419864E-01  5.4871465192E-01  8.2130229840E-01
           DelSqRho = -1.8993846160E+01
           Bond Ellipticity = NA
           V = -4.7583273611E+00
           G =  4.9329105581E-03
           K =  4.7533944505E+00
           L =  4.7484615400E+00
           Vnuc =  4.4283991642E+01
           Ven = -1.8976535062E+01
           Vrep =  1.4218207701E+01
           DelSqV =  7.1628657085E+02
           DelSqVen =  8.4112332459E+02
           DelSqVrep = -1.2483675374E+02
           DelSqG =  7.0507331386E+01
           DelSqK = -7.8679390223E+02
           Stress_EigVals = -1.6343369499E+00 -1.6342915429E+00 -1.4896988683E+00
           Stress_EigVec1 =  6.0354321602E-01 -7.1132742087E-01  3.6020672776E-01
           Stress_EigVec2 =  7.8184928345E-01  4.3939727041E-01 -4.4231407024E-01
           Stress_EigVec3 =  1.5635627384E-01  5.4858302843E-01  8.2134607599E-01
           -DivStress = -1.1940343881E+00 -4.1854471738E+00 -6.2725644501E+00
           ESP =  -1.1169262545E+00     ESP at Nucleus =  -1.1191719271E+00
           ESPe = -1.5590933435E+01     ESPe at Nucleus = -1.5498544222E+01
           ESPn =  1.4474007180E+01     ESPn at Nucleus =  1.4379372295E+01

CP# 13     Coords = -8.58122402035269E-01 -2.44270444764078E+00 -1.57131573767734E+00
           Type = (3,-3) NACP H13
           Rho =  4.2599532717E-01     Rho at Nucleus =  4.2245867786E-01
           GradRho = -2.7878028250E-09  2.2657227570E-10 -5.9581306729E-10
           HessRho_EigVals = -6.4641882395E+00 -6.4620428336E+00 -5.8845312771E+00
           HessRho_EigVec1 =  1.9159913687E-01  7.7932405740E-01 -5.9661024488E-01
           HessRho_EigVec2 = -1.1485675807E-01  6.2149917307E-01  7.7494948416E-01
           HessRho_EigVec3 =  9.7472955012E-01 -7.9954933727E-02  2.0858933985E-01
           DelSqRho = -1.8810762350E+01
           Bond Ellipticity = NA
           V = -4.7125652196E+00
           G =  4.9373160508E-03
           K =  4.7076279036E+00
           L =  4.7026905875E+00
           Vnuc =  4.5964412629E+01
           Ven = -1.9580624996E+01
           Vrep =  1.4868059776E+01
           DelSqV =  7.0853721881E+02
           DelSqVen =  8.6462564739E+02
           DelSqVrep = -1.5608842858E+02
           DelSqG =  6.9575728073E+01
           DelSqK = -7.7811294688E+02
           Stress_EigVals = -1.6197987479E+00 -1.6193911359E+00 -1.4733753358E+00
           Stress_EigVec1 =  1.7353992496E-01  8.5874412112E-01 -4.8212283589E-01
           Stress_EigVec2 = -1.4086934544E-01  5.0616191278E-01  8.5085600754E-01
           Stress_EigVec3 =  9.7469981120E-01 -7.9741159381E-02  2.0881002260E-01
           -DivStress =  7.5215151193E+00 -6.0901681638E-01  1.6067214618E+00
           ESP =  -1.1213070376E+00     ESP at Nucleus =  -1.1235998896E+00
           ESPe = -1.7876503970E+01     ESPe at Nucleus = -1.7815766409E+01
           ESPn =  1.6755196933E+01     ESPn at Nucleus =  1.6692166520E+01

CP# 14     Coords = -5.41419320508044E+00  6.88236062381588E-01 -3.11712278473913E+00
           Type = (3,-3) NACP H14
           Rho =  4.2108724607E-01     Rho at Nucleus =  4.1778063211E-01
           GradRho =  1.1460530290E-10 -1.1352906462E-11  3.6472424907E-11
           HessRho_EigVals = -6.4159970215E+00 -6.4143461602E+00 -5.8623726707E+00
           HessRho_EigVec1 =  7.9233012377E-02  9.9527335561E-01  5.6152269505E-02
           HessRho_EigVec2 = -3.0515538396E-01 -2.9409071480E-02  9.5184835880E-01
           HessRho_EigVec3 =  9.4900069620E-01 -9.2552980155E-02  3.0138285365E-01
           DelSqRho = -1.8692715852E+01
           Bond Ellipticity = NA
           V = -4.6832088992E+00
           G =  5.0149680472E-03
           K =  4.6781939311E+00
           L =  4.6731789631E+00
           Vnuc =  4.5192467402E+01
           Ven = -1.9029971642E+01
           Vrep =  1.4346762743E+01
           DelSqV =  7.0540055934E+02
           DelSqVen =  8.4476995204E+02
           DelSqVrep = -1.3936939270E+02
           DelSqG =  6.9499313536E+01
           DelSqK = -7.7489987287E+02
           Stress_EigVals = -1.6078053386E+00 -1.6075348664E+00 -1.4678686942E+00
           Stress_EigVec1 =  5.1562490729E-02  9.8840037611E-01  1.4284959243E-01
           Stress_EigVec2 = -3.0998914709E-01 -1.2013394532E-01  9.4311959150E-01
           Stress_EigVec3 =  9.4934084408E-01 -9.2911418514E-02  3.0019898413E-01
           -DivStress = -7.0552602464E+00  7.0322738287E-01 -2.2436326428E+00
           ESP =  -1.1027286430E+00     ESP at Nucleus =  -1.1049092910E+00
           ESPe = -1.6167257910E+01     ESPe at Nucleus = -1.6075824434E+01
           ESPn =  1.5064529267E+01     ESPn at Nucleus =  1.4970915143E+01

CP# 15     Coords = -2.31010728094662E+00  1.29233854230026E+00 -3.99206776931973E+00
           Type = (3,-3) NACP H15
           Rho =  4.2441288329E-01     Rho at Nucleus =  4.2082954602E-01
           GradRho = -9.8532293435E-16 -5.7419347055E-16 -4.6230380635E-16
           HessRho_EigVals = -6.4498749487E+00 -6.4480697094E+00 -5.8659568716E+00
           HessRho_EigVec1 = -3.1724627514E-01  9.1607379641E-01  2.4528269495E-01
           HessRho_EigVec2 =  7.6187247799E-01  9.2178157725E-02  6.4113455258E-01
           HessRho_EigVec3 = -5.6471685665E-01 -3.9027168328E-01  7.2717459048E-01
           DelSqRho = -1.8763901530E+01
           Bond Ellipticity = NA
           V = -4.7007194842E+00
