AIMSum (Version 19.02.13, Professional)
Copyright (c) 1997-2019 by Todd A. Keith
AIMSum is a component of the AIMAll package ( http://aim.tkgristmill.com )

TP:  64-bit Linux

Much of the Quantum Theory of Atoms in Molecules (QTAIM) is described in the book:
  "Atoms in Molecules - A Quantum Theory"
  R.F.W. Bader, Oxford University Press, Oxford, 1990

For additional references see:  http://aim.tkgristmill.com/references.html

Wfn File:  /home/mhennefarth/Documents/ML_Diels/summary-paton2011/na-opt/na-opt.wfn
Sum File:  /home/mhennefarth/Documents/ML_Diels/summary-paton2011/na-opt/na-opt.sum

SumViz File:  /home/mhennefarth/Documents/ML_Diels/summary-paton2011/na-opt/na-opt.sumviz

Wfn Title:   Title Card Required                                                           
 
Total memory allocated for AIMSum =        1.256 Megabytes

Atomic units (a.u.) used throughout, except where stated otherwise

Model:  Restricted SCF
 
Restricted, closed-shell, single-determinant wavefunction.
  Number of electrons (from MO Occs)                   =          82.0000000000
  Number of Alpha electrons (from MO Occs)             =          41.0000000000
  Number of Beta electrons (from MO Occs)              =          41.0000000000
  Number of electron pairs (N*(N-1)/2)                 =        3321.0000000000
  Number of electron pairs (from Muller 2EDM)          =        3321.0000000000
 
Nuclear Charges and Cartesian Coordinates:
-------------------------------------------------------------------------------
Atom      Charge                X                  Y                  Z
-------------------------------------------------------------------------------
C1         6.0           4.8748454800E+00   1.1575267900E+00  -1.2756902200E+00
C2         6.0          -2.1324779200E+00   2.7694993900E+00   8.6708715000E-01
C3         6.0          -3.5884211000E+00   1.3993458200E+00  -6.9281567000E-01
C4         6.0           3.4495280400E+00  -2.9542659600E+00  -2.9069363000E-01
H5         1.0           2.6239651900E+00  -4.8226330000E+00  -4.4616746000E-01
C6         6.0           4.5621196200E+00  -1.9333507600E+00   1.7660328100E+00
C7         6.0           5.4498471000E+00   6.2629159000E-01   1.1525040300E+00
H8         1.0           5.2976714400E+00   2.8860375000E+00  -2.2911079500E+00
H9         1.0           6.4256290800E+00   1.8599538500E+00   2.4692564300E+00
H10        1.0           4.8007081400E+00  -2.8390150200E+00   3.5911185700E+00
H11        1.0          -4.2196442400E+00   2.1769762900E+00  -2.4909543200E+00
C12        6.0          -4.4573234000E+00  -1.2251287400E+00  -2.2603716000E-01
O13        8.0          -5.6826333500E+00  -2.3293923800E+00  -1.8469325900E+00
C14        6.0           3.5311385400E+00  -1.0730930300E+00  -2.4256154100E+00
H15        1.0           4.5272788800E+00  -1.8201115700E+00  -4.0913804100E+00
H16        1.0           1.6209958200E+00  -5.6909353000E-01  -3.0779335200E+00
H17        1.0          -1.5076709800E+00   1.9403098300E+00   2.6450089900E+00
C18        6.0          -1.2283591000E+00   5.4021304200E+00   3.5888078000E-01
H19        1.0           8.4562686000E-01   5.4525526400E+00   3.3140431000E-01
H20        1.0          -1.9293354800E+00   6.1233249300E+00  -1.4482900200E+00
H21        1.0          -1.8367075100E+00   6.6974283800E+00   1.8622388800E+00
C22        6.0          -3.8227006400E+00  -2.5011244200E+00   2.2717287400E+00
H23        1.0          -1.7759807200E+00  -2.5812903700E+00   2.5848757100E+00
H24        1.0          -4.6530210600E+00  -1.4595748900E+00   3.8599249200E+00
H25        1.0          -4.5876283100E+00  -4.4167124900E+00   2.2451781500E+00
 
Some Atomic Properties:
----------------------
  q(A) = Net Charge of Atom A
  L(A) = Lagrangian of Atom A = -(1/4) Times Atomic Integral of the Laplacian of the Electron Density
  K(A) = Electronic Kinetic Energy of Atom A (Hamiltonian Form)
  K_Scaled(A) = K(A) * E(Mol)/K(Mol) = Approximation to Virial-Based Total Energy of Atom A.
  |Mu_Intra(A)| = Magnitude of Intraatomic Dipole Moment of Atom A
--------------------------------------------------------------------------------------------------
Atom A          q(A)              L(A)              K(A)          K_Scaled(A)      |Mu_Intra(A)|
--------------------------------------------------------------------------------------------------
C1       -7.5277739400E-02  9.0432770000E-07  3.7730599404E+01 -3.8101007490E+01  1.7173862561E-01
C2       -4.7219109900E-02  3.3640378803E-05  3.7722356846E+01 -3.8092684013E+01  4.9980990055E-02
C3       -5.6060575400E-02 -2.5647806190E-04  3.7752101835E+01 -3.8122721014E+01  8.9182504635E-02
C4       -7.4493247400E-02 -1.1138755459E-07  3.7730881228E+01 -3.8101292081E+01  1.7601412887E-01
H5        5.3293997860E-02  2.5176494808E-05  5.8909701604E-01 -5.9488028749E-01  1.4883949114E-01
C6       -6.1033871200E-02 -1.9162266430E-05  3.7726851702E+01 -3.8097222996E+01  1.5741427299E-01
C7       -5.9517888800E-02 -3.3995876442E-06  3.7726745520E+01 -3.8097115772E+01  1.5503206220E-01
H8        4.7570127340E-02  1.8483312725E-05  5.9119985700E-01 -5.9700377241E-01  1.5041517098E-01
H9        4.3447483510E-02  2.1950000423E-05  5.9346642711E-01 -5.9929259385E-01  1.5011454833E-01
H10       4.4422531770E-02  1.9586179451E-05  5.9299998428E-01 -5.9882157187E-01  1.4993268469E-01
H11       5.4290422830E-02  2.4474433832E-05  5.9120188684E-01 -5.9700582218E-01  1.5301179401E-01
C12       1.0255411222E+00 -4.8419892187E-04  3.7020296517E+01 -3.7383731432E+01  8.6911276935E-01
O13      -1.1517124590E+00  5.4747722045E-05  7.5298145928E+01 -7.6037361380E+01  5.4835270066E-01
C14      -1.2243486300E-02  6.7894635216E-06  3.7705857853E+01 -3.8076023046E+01  1.5460699438E-01
H15       4.5964189710E-02  2.4993923807E-05  5.8880903064E-01 -5.9458947488E-01  1.5104752686E-01
H16       5.4779217530E-02 -3.6573509293E-05  5.8501785951E-01 -5.9076108514E-01  1.4663853512E-01
H17       4.4027036230E-02  3.7590100799E-05  6.0048078767E-01 -6.0637581565E-01  1.4450086792E-01
C18      -1.8912113300E-02 -6.0812951911E-05  3.7685664261E+01 -3.8055631211E+01  1.1405944566E-01
H19       3.7830585760E-02  1.2385088058E-05  5.9374778022E-01 -5.9957670906E-01  1.4877865493E-01
H20       2.4559786860E-02  2.4713811360E-05  6.0097006305E-01 -6.0686989434E-01  1.5089091439E-01
H21       2.9358921420E-02  2.3293398983E-05  5.9722714509E-01 -6.0309023147E-01  1.5151133678E-01
C22      -6.4846184700E-02  2.5467567405E-05  3.7737998454E+01 -3.8108479178E+01  9.8475890663E-02
H23       3.9115383710E-02  3.6417531921E-05  5.9208318335E-01 -5.9789577054E-01  1.4767452240E-01
H24       2.9460881580E-02  2.5453024393E-05  5.9623775302E-01 -6.0209112636E-01  1.5162512589E-01
H25       4.7531772710E-02  2.6222005145E-05  5.9249556642E-01 -5.9831220205E-01  1.4945369023E-01
--------------------------------------------------------------------------------------------------
Total    -1.2321438000E-04 -4.1844792142E-04  4.6014253389E+02 -4.6465983597E+02
 
1st Largest |L(A)| = 4.8419892187E-04, atom C12     
2nd Largest |L(A)| = 2.5647806190E-04, atom C3      
 
Molecular charge q(Mol) from the wfn file:   0.0000000000E+00
Molecular energy E(Mol) from the wfn file:  -4.6465994317E+02
Molecular virial ratio (-V(Mol)/T(Mol)) from the wfn file:   2.0098171800E+00
Note.  K_Scaled(A) = (1+V(Mol)/T(Mol))*K(A) = (E(Mol)/T(Mol))*K(A)
       Only use K_Scaled(A) data with caution.
 
N_AIMInt(SumA)     =         82.000123
N_Analytic(Mol)    =         81.999985
 
G_AIMInt(SumA)     =        460.142952
G_Analytic(Mol)    =        460.142604
 
K_AIMInt(SumA)     =        460.142534
K_Analytic(Mol)    =        460.142604
 
L_AIMInt(SumA)     =         -0.000418
L_Analytic(Mol)    =          0.000000
 
VenT_AIMInt(SumA)  =      -2195.532490
VenT_Analytic(Mol) =      -2195.528492
 
Some Information About the Atomic Calculations:
----------------------------------------------
  Time(sec) = "Elapsed User Time", in Seconds, for Atom A by AIMInt and, if used, by TWOe
  NProc = Number of Processors Used for AIMInt Job
  BIM = Basin Integration Method
  OAQ = Angular Quadrature Outside of Beta Sphere
  ORQ = Multiple of Default for Radial Quadrature Outside of Beta Sphere
  IAQ = Multiple of Default for Angular Quadrature Inside of Beta Sphere
  IRQ = Multiple of Default for Radial Quadrature Inside of Beta Sphere
  MIR = Maximum Integration Radius
------------------------------------------------------------------------------------------------------
Atom A     Time(sec)   NProc      BIM          OAQ                     ORQ      IAQ      IRQ      MIR
------------------------------------------------------------------------------------------------------
C1             34        8     Proaim(5)    4500(GS4)                  1.00     1.00     1.00    13.00
C2             38        8     Proaim(5)    4500(GS4)                  1.00     1.00     1.00    13.00
C3             43        8     Proaim(5)    4500(GS4)                  1.00     1.00     1.00    13.00
C4             34        8     Proaim(5)    4500(GS4)                  1.00     1.00     1.00    13.00
H5              7        8     Proaim(5)    1800(GS4)                  1.00     1.00     1.00    13.00
C6             24        8     Proaim(5)    4500(GS4)                  1.00     1.00     1.00    13.00
C7             25        8     Proaim(5)    4500(GS4)                  1.00     1.00     1.00    13.00
H8              7        8     Proaim(5)    1800(GS4)                  1.00     1.00     1.00    13.00
H9              6        8     Proaim(5)    1800(GS4)                  1.00     1.00     1.00    13.00
H10             6        8     Proaim(5)    1800(GS4)                  1.00     1.00     1.00    13.00
H11             7        8     Proaim(5)    1800(GS4)                  1.00     1.00     1.00    13.00
C12            29        8     Proaim(5)    4500(GS4)                  1.00     1.00     1.00    13.00
O13            10        8     Proaim(5)    2700(GS4)                  1.00     1.00     1.00    13.00
C14            30        8     Proaim(5)    4500(GS4)                  1.00     1.00     1.00    13.00
H15             7        8     Proaim(5)    1800(GS4)                  1.00     1.00     1.00    13.00
H16            17        8     Proaim(5)    4500(GS4)                  1.00     1.00     1.00    13.00
H17            12        8     Proaim(5)    1800(GS4)                  1.00     1.00     1.00    13.00
C18            30        8     Proaim(5)    4500(GS4)                  1.00     1.00     1.00    13.00
H19            18        8     Proaim(5)    4500(GS4)                  1.00     1.00     1.00    13.00
H20             7        8     Proaim(5)    1800(GS4)                  1.00     1.00     1.00    13.00
H21             6        8     Proaim(5)    1800(GS4)                  1.00     1.00     1.00    13.00
C22            30        8     Proaim(5)    4500(GS4)                  1.00     1.00     1.00    13.00
H23            16        8     Proaim(5)    4500(GS4)                  1.00     1.00     1.00    13.00
H24             6        8     Proaim(5)    1800(GS4)                  1.00     1.00     1.00    13.00
H25             6        8     Proaim(5)    1800(GS4)                  1.00     1.00     1.00    13.00
------------------------------------------------------------------------------------------------------
Total         455
Note:  Total wall clock time is less than total of atomic times if more than one atom
       was calculated at a time
 
Electron Density Critical Point Analysis of Molecular Structure:               
---------------------------------------------------------------                
  NACP = Nuclear Attractor Critical Point                                      
  NNACP = Non-Nuclear Attractor Critical Point                                 
  BCP = Bond Critical Point                                                    
  RCP = Ring Critical Point                                                    
  CCP = Cage Critical Point                                                    
  Rho = Electron Density                                                       
  GradRho = Gradient of Electron Density                                       
  HessRho_EigVals = Eigenvalues of the Hessian of Rho, Ascending Order         
  HessRho_EigVecs = Eigenvectors of the Hessian of Rho                         
  DelSqRho = Laplacian of Rho = Trace of Hessian of Rho                        
  Bond Ellipticity = (HessRho_EigVal(1) / HessRho_EigVal(2)) - 1               
  V = Virial Field = Potential Energy Density = Trace of Stress Tensor         
  G = Lagrangian Form of Kinetic Energy Density                                
  K = Hamiltonian Form of Kinetic Energy Density                               
  L = K - G = Lagrangian Density = (-1/4)DelSqRho                              
  Vnuc = Electrostatic Potential from Nuclei                                   
  Ven = Electron-nuclear attractive contribution to Virial Field V             
  Vrep = V - Ven = Repulsive contribution to Virial Field V                    
  DelSqV = Laplacian of V                                                      
  DelSqVen = Laplacian of Ven                                                  
  DelSqVrep = Laplacian of Vrep                                                
  DelSqG = Laplacian of G                                                      
  DelSqK = Laplacian of K                                                      
  Stress_EigVals = Eigenvalues of Stress Tensor, Ascending Order               
  Stress_EigVecs = Eigenvectors of Stress Tensor                               
  -DivStress = Ehrenfest Force Density = Minus Divergence of Stress Tensor     
  ESP = Total Electrostatic Potential                                          
  ESPe = Electrostatic Potential from Electrons                                
  ESPn = Electrostatic Potential from Nuclei                                   
  BP = Bond Path                                                               
  BPL = Bond Path Length                                                       
  GBL = Geometric Bond Length                                                  
  GBL_I = Distance Between Nuclear Attractors                                  
  GBL_II = Distance Between Nuclei                                             
  GBL_III = Sum of Distances Between BCP and Nuclear Attractors                
  GBL_IV = Sum of Distances Between BCP and Nuclei                             

CP# 1      Coords =  4.87484480639731E+00  1.15752655198607E+00 -1.27569151203997E+00
           Type = (3,-3) NACP C1
           Rho =  1.1767386438E+02     Rho at Nucleus =  1.1767386422E+02
           GradRho = -3.0467828260E-10 -1.2114670378E-10 -6.2197469397E-10
           HessRho_EigVals = -1.4499848485E+05 -1.4499786876E+05 -1.4499749872E+05
           HessRho_EigVec1 =  8.7865379135E-01 -3.7687548404E-01 -2.9314225980E-01
           HessRho_EigVec2 =  4.4940910723E-01  8.6014687221E-01  2.4120284525E-01
           HessRho_EigVec3 =  1.6124195882E-01 -3.4367459573E-01  9.2514258521E-01
           DelSqRho = -4.3499385232E+05
           Bond Ellipticity = NA
           V = -1.0875870160E+05
           G =  5.1192620837E+00
           K =  1.0875358234E+05
           L =  1.0874846308E+05
           Vnuc =  4.0639517484E+06
           Ven = -4.7822090687E+08
           Vrep =  4.7811214817E+08
           DelSqV =  2.4951491702E+09
           DelSqVen =  1.7677940490E+12
           DelSqVrep = -1.7652988671E+12
           DelSqG =  1.3402383020E+08
           DelSqK = -2.6291730004E+09
           Stress_EigVals = -3.6253167287E+04 -3.6252962698E+04 -3.6252571619E+04
           Stress_EigVec1 =  5.3296495990E-02 -5.2608450729E-01  8.4876061095E-01
           Stress_EigVec2 =  4.7530920575E-01  7.6087238832E-01  4.4176279566E-01
           Stress_EigVec3 =  8.7820307586E-01 -3.7987932280E-01 -2.9060464151E-01
           -DivStress =  5.4830073821E+02  1.9896950558E+02  1.0483503345E+03
           ESP =  -1.4742615218E+01     ESP at Nucleus =  -1.4742615235E+01
           ESPe = -2.8612164334E+01     ESPe at Nucleus = -2.8612164688E+01
           ESPn =  1.3869549116E+01     ESPn at Nucleus =  1.3869549453E+01

CP# 2      Coords = -2.13247697332078E+00  2.76950080706843E+00  8.67087582331640E-01
           Type = (3,-3) NACP C2
           Rho =  1.1770834096E+02     Rho at Nucleus =  1.1770834074E+02
           GradRho =  6.3503780012E-10  9.3452079408E-10  3.0769031767E-10
           HessRho_EigVals = -1.4504042811E+05 -1.4503894875E+05 -1.4503862321E+05
           HessRho_EigVec1 =  8.1510321314E-01 -3.6121207705E-01 -4.5291565143E-01
           HessRho_EigVec2 =  1.1929525239E-01  8.6971228876E-01 -4.7892502288E-01
           HessRho_EigVec3 =  5.6689981009E-01  3.3634263805E-01  7.5199616698E-01
           DelSqRho = -4.3511800007E+05
           Bond Ellipticity = NA
           V = -1.0878963267E+05
           G =  5.0663275517E+00
           K =  1.0878456635E+05
           L =  1.0877950002E+05
           Vnuc =  3.4126353282E+06
           Ven = -4.0169564279E+08
           Vrep =  4.0158685316E+08
           DelSqV =  2.4958555735E+09
           DelSqVen =  1.4848989757E+12
           DelSqVrep = -1.4824031366E+12
           DelSqG =  1.3406084045E+08
           DelSqK = -2.6299164140E+09
           Stress_EigVals = -3.6263530167E+04 -3.6263361464E+04 -3.6262741042E+04
           Stress_EigVec1 =  5.7094274112E-01  3.7906286164E-01  7.2824153499E-01
           Stress_EigVec2 =  9.2230189867E-02  8.5179928060E-01 -5.1568554143E-01
           Stress_EigVec3 =  8.1579285265E-01 -3.6159277162E-01 -4.5136757645E-01
           -DivStress = -7.7133440740E+02 -1.1571954665E+03 -3.4867370303E+02
           ESP =  -1.4716494815E+01     ESP at Nucleus =  -1.4716494835E+01
           ESPe = -2.9192155602E+01     ESPe at Nucleus = -2.9192156831E+01
           ESPn =  1.4475660787E+01     ESPn at Nucleus =  1.4475661996E+01

CP# 3      Coords = -3.58842108081341E+00  1.39934533305077E+00 -6.92815460267798E-01
           Type = (3,-3) NACP C3
           Rho =  1.1772229429E+02     Rho at Nucleus =  1.1772229427E+02
           GradRho =  1.8362367182E-11 -2.6282309662E-11  1.0827616581E-11
           HessRho_EigVals = -1.4506652604E+05 -1.4506577199E+05 -1.4506545321E+05
           HessRho_EigVec1 =  8.1458121048E-01 -3.6641104533E-01 -4.4966698499E-01
           HessRho_EigVec2 =  7.1719618723E-02  8.3289566489E-01 -5.4876325287E-01
           HessRho_EigVec3 =  5.7559859957E-01  4.1476229007E-01  7.0474001938E-01
           DelSqRho = -4.3519775123E+05
           Bond Ellipticity = NA
           V = -1.0880977602E+05
           G =  5.1691079522E+00
           K =  1.0880460692E+05
           L =  1.0879943781E+05
           Vnuc =  1.1309195004E+07
           Ven = -1.3313443824E+09
           Vrep =  1.3312355726E+09
           DelSqV =  2.4963238406E+09
           DelSqVen =  4.9217399685E+12
           DelSqVrep = -4.9192436447E+12
           DelSqG =  1.3409498244E+08
           DelSqK = -2.6304188230E+09
           Stress_EigVals = -3.6270180253E+04 -3.6270017049E+04 -3.6269578722E+04
           Stress_EigVec1 =  5.7173311361E-01  4.1808438997E-01  7.0592258051E-01
           Stress_EigVec2 =  6.7463121903E-02  8.3354919214E-01 -5.4831056115E-01
           Stress_EigVec3 =  8.1766128317E-01 -3.6111104545E-01 -4.4836239680E-01
           -DivStress = -1.7154345392E+01  3.9564601870E+02 -1.7231764965E+02
           ESP =  -1.4741052982E+01     ESP at Nucleus =  -1.4741052983E+01
           ESPe = -2.9513418007E+01     ESPe at Nucleus = -2.9513417575E+01
           ESPn =  1.4772365025E+01     ESPn at Nucleus =  1.4772364592E+01

CP# 4      Coords =  3.44952747695934E+00 -2.95426582699517E+00 -2.90694979836718E-01
           Type = (3,-3) NACP C4
           Rho =  1.1767690600E+02     Rho at Nucleus =  1.1767690584E+02
           GradRho = -2.6478347293E-10  5.8099729888E-11 -6.4637806219E-10
           HessRho_EigVals = -1.4500260527E+05 -1.4500196055E+05 -1.4500158520E+05
           HessRho_EigVec1 =  8.7772000059E-01 -3.7675563014E-01 -2.9607903627E-01
           HessRho_EigVec2 =  1.0158365255E-01  7.5015319261E-01 -6.5341483696E-01
           HessRho_EigVec3 =  4.6828235296E-01  5.4343848113E-01  6.9669667369E-01
           DelSqRho = -4.3500615102E+05
           Bond Ellipticity = NA
           V = -1.0876177627E+05
           G =  5.1192567686E+00
           K =  1.0875665701E+05
           L =  1.0875153776E+05
           Vnuc =  4.0855583171E+06
           Ven = -4.8077586202E+08
           Vrep =  4.8066710025E+08
           DelSqV =  2.4952197928E+09
           DelSqVen =  1.7772428657E+12
           DelSqVrep = -1.7747476459E+12
           DelSqG =  1.3402795591E+08
           DelSqK = -2.6292477487E+09
           Stress_EigVals = -3.6254197125E+04 -3.6253987739E+04 -3.6253591405E+04
           Stress_EigVec1 =  4.7355706335E-01  6.8896343453E-01  5.4870127905E-01
           Stress_EigVec2 = -9.3235220247E-04 -6.2259144746E-01  7.8254649719E-01
           Stress_EigVec3 =  8.8076264593E-01 -3.7109200399E-01 -2.9419022095E-01
           -DivStress =  4.5489652760E+02 -1.1319608946E+02  1.0978759154E+03
           ESP =  -1.4743203537E+01     ESP at Nucleus =  -1.4743203554E+01
           ESPe = -2.8858549622E+01     ESPe at Nucleus = -2.8858549791E+01
           ESPn =  1.4115346085E+01     ESPn at Nucleus =  1.4115346237E+01

CP# 5      Coords =  2.63813621426068E+00 -4.79045236527369E+00 -4.43605749439717E-01
           Type = (3,-3) NACP H5
           Rho =  4.2451911087E-01     Rho at Nucleus =  4.2077550190E-01
           GradRho =  3.0418558818E-10  6.9093664297E-10  5.4701392721E-11
           HessRho_EigVals = -6.4698537391E+00 -6.4636979096E+00 -5.8642774902E+00
           HessRho_EigVec1 =  2.3868698223E-01 -1.8020172589E-01  9.5423050805E-01
           HessRho_EigVec2 =  8.8408912408E-01 -3.6621368193E-01 -2.9029977583E-01
           HessRho_EigVec3 =  4.0176478840E-01  9.1291559147E-01  7.1903947412E-02
           DelSqRho = -1.8797829139E+01
           Bond Ellipticity = NA
           V = -4.7087509551E+00
           G =  4.6468351971E-03
           K =  4.7041041199E+00
           L =  4.6994572847E+00
           Vnuc =  4.2193656531E+01
           Ven = -1.7912013555E+01
           Vrep =  1.3203262600E+01
           DelSqV =  7.0769820326E+02
           DelSqVen =  7.9314914743E+02
           DelSqVrep = -8.5450944167E+01
           DelSqG =  6.9708989310E+01
           DelSqK = -7.7740719257E+02
           Stress_EigVals = -1.6207463759E+00 -1.6203417243E+00 -1.4676628549E+00
           Stress_EigVec1 =  2.3842719591E-01 -1.8185362693E-01  9.5398203894E-01
           Stress_EigVec2 =  8.8402414318E-01 -3.6603792991E-01 -2.9071901923E-01
           Stress_EigVec3 =  4.0206191877E-01  9.1265847514E-01  7.3489599503E-02
           -DivStress = -3.1951557651E+00 -7.2556222629E+00 -5.7868364301E-01
           ESP =  -1.1008797772E+00     ESP at Nucleus =  -1.1034322985E+00
           ESPe = -1.4930433032E+01     ESPe at Nucleus = -1.4843407105E+01
           ESPn =  1.3829553254E+01     ESPn at Nucleus =  1.3739974807E+01

CP# 6      Coords =  4.56212022332539E+00 -1.93334985336708E+00  1.76603372657726E+00
           Type = (3,-3) NACP C6
           Rho =  1.1767705193E+02     Rho at Nucleus =  1.1767705179E+02
           GradRho =  2.4307202084E-10  4.0416744951E-10  4.2693066443E-10
           HessRho_EigVals = -1.4500012003E+05 -1.4499928856E+05 -1.4499897823E+05
           HessRho_EigVec1 =  8.8379503923E-01 -3.6787499061E-01 -2.8909223427E-01
           HessRho_EigVec2 =  2.7171406669E-01  9.0656996339E-01 -3.2295877050E-01
           HessRho_EigVec3 =  3.8089079090E-01  2.0687893262E-01  9.0117884609E-01
           DelSqRho = -4.3499838682E+05
           Bond Ellipticity = NA
           V = -1.0875984018E+05
           G =  5.1217364494E+00
           K =  1.0875471844E+05
           L =  1.0874959671E+05
           Vnuc =  4.2152406492E+06
           Ven = -4.9603709278E+08
           Vrep =  4.9592833294E+08
           DelSqV =  2.4951726056E+09
           DelSqVen =  1.8336227901E+12
           DelSqVrep = -1.8311276175E+12
           DelSqG =  1.3402281650E+08
           DelSqK = -2.6291954221E+09
           Stress_EigVals = -3.6253546542E+04 -3.6253375478E+04 -3.6252918159E+04
           Stress_EigVec1 =  3.2969515229E-01  4.0659191136E-02  9.4321150159E-01
           Stress_EigVec2 =  3.3666829687E-01  9.2832414390E-01 -1.5769826169E-01
           Stress_EigVec3 =  8.8201789349E-01 -3.6954176223E-01 -2.9237530936E-01
           -DivStress = -4.9069784346E+02 -7.3893344835E+02 -7.3788181742E+02
           ESP =  -1.4741921620E+01     ESP at Nucleus =  -1.4741921637E+01
           ESPe = -2.8479904094E+01     ESPe at Nucleus = -2.8479905128E+01
           ESPn =  1.3737982474E+01     ESPn at Nucleus =  1.3737983491E+01

CP# 7      Coords =  5.44984719900085E+00  6.26290989541093E-01  1.15250530595146E+00
           Type = (3,-3) NACP C7
           Rho =  1.1767674151E+02     Rho at Nucleus =  1.1767674137E+02
           GradRho =  9.3578686466E-12 -2.7309340900E-10  5.9723358203E-10
           HessRho_EigVals = -1.4499955480E+05 -1.4499871652E+05 -1.4499841152E+05
           HessRho_EigVec1 =  8.7993549812E-01 -3.7925942060E-01 -2.8613949577E-01
           HessRho_EigVec2 =  3.6282924605E-01  9.2526762612E-01 -1.1061084157E-01
           HessRho_EigVec3 =  3.0670581567E-01 -6.4893715416E-03  9.5178223911E-01
           DelSqRho = -4.3499668284E+05
           Bond Ellipticity = NA
           V = -1.0875941196E+05
           G =  5.1206251689E+00
           K =  1.0875429133E+05
           L =  1.0874917071E+05
           Vnuc =  4.2443479257E+06
           Ven = -4.9946103376E+08
           Vrep =  4.9935227434E+08
           DelSqV =  2.4951626464E+09
           DelSqVen =  1.8462771773E+12
           DelSqVrep = -1.8437819492E+12
           DelSqG =  1.3402210958E+08
           DelSqK = -2.6291847560E+09
           Stress_EigVals = -3.6253403655E+04 -3.6253233632E+04 -3.6252774673E+04
           Stress_EigVec1 =  3.7005759357E-01  1.5926551221E-01  9.1525508688E-01
           Stress_EigVec2 =  3.0052374345E-01  9.1170086436E-01 -2.8015533825E-01
           Stress_EigVec3 =  8.7905793726E-01 -3.7872949522E-01 -2.8951875998E-01
           -DivStress = -7.8441721278E+01  4.9247178794E+02 -1.0314758138E+03
           ESP =  -1.4741541227E+01     ESP at Nucleus =  -1.4741541244E+01
           ESPe = -2.8366617810E+01     ESPe at Nucleus = -2.8366618794E+01
           ESPn =  1.3625076584E+01     ESPn at Nucleus =  1.3625077550E+01

CP# 8      Coords =  5.29035730727570E+00  2.85640246294966E+00 -2.27383010830033E+00
           Type = (3,-3) NACP H8
           Rho =  4.2507323519E-01     Rho at Nucleus =  4.2136073844E-01
           GradRho = -1.4268100590E-15 -1.2825678020E-14  8.2191198292E-15
           HessRho_EigVals = -6.4803041761E+00 -6.4740841486E+00 -5.8773216719E+00
           HessRho_EigVec1 =  4.3186885989E-01  3.7176830571E-01  8.2175276983E-01
           HessRho_EigVec2 =  8.7745179540E-01 -3.8402807559E-01 -2.8740352105E-01
           HessRho_EigVec3 =  2.0872861473E-01  8.4516907423E-01 -4.9205853449E-01
           DelSqRho = -1.8831709997E+01
           Bond Ellipticity = NA
           V = -4.7172888023E+00
           G =  4.6806515479E-03
           K =  4.7126081507E+00
           L =  4.7079274992E+00
           Vnuc =  4.1901781740E+01
           Ven = -1.7811325925E+01
           Vrep =  1.3094037122E+01
           DelSqV =  7.0915312794E+02
           DelSqVen =  7.8908220207E+02
           DelSqVrep = -7.9929074137E+01
           DelSqG =  6.9868463635E+01
           DelSqK = -7.7902159157E+02
           Stress_EigVals = -1.6233711254E+00 -1.6229755975E+00 -1.4709420794E+00
           Stress_EigVec1 =  4.2919013272E-01  3.7447287187E-01  8.2192815879E-01
           Stress_EigVec2 =  8.7891010165E-01 -3.8283605691E-01 -2.8452343796E-01
           Stress_EigVec3 =  2.0811742644E-01  8.4451561369E-01 -4.9343744795E-01
           -DivStress =  1.6517753796E+00  6.6933415053E+00 -3.9035658784E+00
           ESP =  -1.0995501261E+00     ESP at Nucleus =  -1.1020818055E+00
           ESPe = -1.4490998576E+01     ESPe at Nucleus = -1.4401654342E+01
           ESPn =  1.3391448450E+01     ESPn at Nucleus =  1.3299572536E+01

CP# 9      Coords =  6.40901521356608E+00  1.83892121725949E+00  2.44694520106796E+00
           Type = (3,-3) NACP H9
           Rho =  4.2653239843E-01     Rho at Nucleus =  4.2284368826E-01
           GradRho = -1.7180584420E-09 -2.1757884053E-09 -2.3061028937E-09
           HessRho_EigVals = -6.5117229920E+00 -6.5060453309E+00 -5.9090565630E+00
           HessRho_EigVec1 = -6.2378576704E-02 -7.0179221484E-01  7.0964540466E-01
           HessRho_EigVec2 =  8.7702414260E-01 -3.7792447316E-01 -2.9665088216E-01
           HessRho_EigVec3 =  4.7637964531E-01  6.0387149276E-01  6.3906310624E-01
           DelSqRho = -1.8926824886E+01
           Bond Ellipticity = NA
           V = -4.7406646407E+00
           G =  4.4792096277E-03
           K =  4.7361854311E+00
           L =  4.7317062215E+00
           Vnuc =  4.1640087062E+01
           Ven = -1.7760846205E+01
           Vrep =  1.3020181565E+01
           DelSqV =  7.1297856006E+02
           DelSqVen =  7.8811464196E+02
           DelSqVrep = -7.5136081902E+01
           DelSqG =  7.0330115077E+01
           DelSqK = -7.8330867514E+02
           Stress_EigVals = -1.6311243774E+00 -1.6306009522E+00 -1.4789393112E+00
           Stress_EigVec1 = -5.9351929314E-02 -7.0404057841E-01  7.0767521677E-01
           Stress_EigVec2 =  8.7728840592E-01 -3.7503099916E-01 -2.9952763229E-01
           Stress_EigVec3 =  4.7627975112E-01  6.0305771997E-01  6.3990545009E-01
           -DivStress =  3.7710535819E+00  4.7739224485E+00  5.0650647751E+00
           ESP =  -1.1007250088E+00     ESP at Nucleus =  -1.1032424975E+00
           ESPe = -1.4066004525E+01     ESPe at Nucleus = -1.3975574140E+01
           ESPn =  1.2965279516E+01     ESPn at Nucleus =  1.2872331642E+01

CP# 10     Coords =  4.79668617226393E+00 -2.82349757405606E+00  3.56011979132847E+00
           Type = (3,-3) NACP H10
           Rho =  4.2637058740E-01     Rho at Nucleus =  4.2267834527E-01
           GradRho = -4.4499187321E-12  1.7207631153E-11 -3.4350447833E-11
           HessRho_EigVals = -6.5090833807E+00 -6.5033799053E+00 -5.9061934176E+00
           HessRho_EigVec1 =  4.6575341432E-01  8.1370287199E-01  3.4779504477E-01
           HessRho_EigVec2 = -8.7743555377E-01  3.7366285322E-01  3.0080379170E-01
           HessRho_EigVec3 =  1.1480682045E-01 -4.4526813073E-01  8.8800657978E-01
           DelSqRho = -1.8918656704E+01
           Bond Ellipticity = NA
           V = -4.7386182688E+00
           G =  4.4770464524E-03
           K =  4.7341412224E+00
           L =  4.7296641759E+00
           Vnuc =  4.1774718812E+01
           Ven = -1.7811511398E+01
           Vrep =  1.3072893129E+01
           DelSqV =  7.1264968212E+02
           DelSqVen =  7.9032156415E+02
           DelSqVrep = -7.7671882031E+01
           DelSqG =  7.0296388009E+01
           DelSqK = -7.8294607013E+02
           Stress_EigVals = -1.6304599972E+00 -1.6299388304E+00 -1.4782194412E+00
           Stress_EigVec1 =  4.6686933446E-01  8.1366689797E-01  3.4638014334E-01
           Stress_EigVec2 = -8.7677672119E-01  3.7482641436E-01  3.0127684987E-01
           Stress_EigVec3 =  1.1530657273E-01 -4.4435496875E-01  8.8839915355E-01
           -DivStress =  9.1266765646E-01 -3.5203666507E+00  7.0338401940E+00
           ESP =  -1.1011336250E+00     ESP at Nucleus =  -1.1036523737E+00
           ESPe = -1.4221164924E+01     ESPe at Nucleus = -1.4131101762E+01
           ESPn =  1.3120031299E+01     ESPn at Nucleus =  1.3027449388E+01

CP# 11     Coords = -4.20878851091485E+00  2.16408986391516E+00 -2.46040775809198E+00
           Type = (3,-3) NACP H11
           Rho =  4.2509724204E-01     Rho at Nucleus =  4.2141635308E-01
           GradRho =  1.1657376453E-12 -1.3937392906E-12  3.2914213889E-12
           HessRho_EigVals = -6.4950128617E+00 -6.4879725237E+00 -5.8923993171E+00
           HessRho_EigVec1 =  4.7335362303E-01  8.5757826068E-01  2.0123586751E-01
           HessRho_EigVec2 = -8.2528766559E-01  3.5188935290E-01  4.4167199634E-01
           HessRho_EigVec3 =  3.0795554321E-01 -3.7514451898E-01  8.7431686092E-01
           DelSqRho = -1.8875384702E+01
           Bond Ellipticity = NA
           V = -4.7281154037E+00
           G =  4.6346140682E-03
           K =  4.7234807897E+00
           L =  4.7188461756E+00
           Vnuc =  4.3202944137E+01
           Ven = -1.8365452400E+01
           Vrep =  1.3637336997E+01
           DelSqV =  7.1110493005E+02
           DelSqVen =  8.1547219086E+02
           DelSqVrep = -1.0436726082E+02
           DelSqG =  7.0196094948E+01
           DelSqK = -7.8130102499E+02
           Stress_EigVals = -1.6267797512E+00 -1.6261738948E+00 -1.4751617578E+00
           Stress_EigVec1 =  4.9686790890E-01  8.4767711031E-01  1.8591879346E-01
           Stress_EigVec2 = -8.1087373385E-01  3.7715012164E-01  4.4748360137E-01
           Stress_EigVec3 =  3.0920231055E-01 -3.7309690752E-01  8.7475289582E-01
           -DivStress = -2.4578812654E+00  2.9163549771E+00 -6.9153148483E+00
           ESP =  -1.1050834570E+00     ESP at Nucleus =  -1.1075682598E+00
           ESPe = -1.5642836577E+01     ESPe at Nucleus = -1.5551256979E+01
           ESPn =  1.4537753120E+01     ESPn at Nucleus =  1.4443688719E+01

CP# 12     Coords = -4.45732394523385E+00 -1.22512924296479E+00 -2.26037863530697E-01
           Type = (3,-3) NACP C12
           Rho =  1.1773295274E+02     Rho at Nucleus =  1.1773295266E+02
           GradRho = -1.1626921648E-10 -1.1125389499E-10 -1.6562629046E-10
           HessRho_EigVals = -1.4505641802E+05 -1.4505427749E+05 -1.4505408083E+05
           HessRho_EigVec1 =  8.4565829248E-01 -3.5258551482E-01 -4.0068130365E-01
           HessRho_EigVec2 =  5.3368120409E-01  5.4902356835E-01  6.4323984158E-01
           HessRho_EigVec3 =  6.8135715934E-03  7.5779718667E-01 -6.5245459544E-01
           DelSqRho = -4.3516477634E+05
           Bond Ellipticity = NA
           V = -1.0880094591E+05
           G =  4.8759135301E+00
           K =  1.0879607000E+05
           L =  1.0879119408E+05
           Vnuc =  5.8688203639E+06
           Ven = -6.9095355053E+08
           Vrep =  6.9084474958E+08
           DelSqV =  2.4961014976E+09
           DelSqVen =  2.5539040379E+12
           DelSqVrep = -2.5514079364E+12
           DelSqG =  1.3405978862E+08
           DelSqK = -2.6301612862E+09
           Stress_EigVals = -3.6267312402E+04 -3.6267211338E+04 -3.6266422170E+04
           Stress_EigVec1 =  5.3125623758E-01  4.9784917105E-01  6.8550201526E-01
           Stress_EigVec2 =  4.2819217154E-02  7.9231538260E-01 -6.0860730290E-01
           Stress_EigVec3 =  8.4612843273E-01 -3.5267908555E-01 -3.9960497737E-01
           -DivStress =  4.4273935211E+02  4.0894463176E+02  5.7083349964E+02
           ESP =  -1.4662211166E+01     ESP at Nucleus =  -1.4662211170E+01
           ESPe = -2.9930123338E+01     ESPe at Nucleus = -2.9930123260E+01
           ESPn =  1.5267912172E+01     ESPn at Nucleus =  1.5267912090E+01

CP# 13     Coords = -5.68262827243956E+00 -2.32938792779384E+00 -1.84692577932326E+00
           Type = (3,-3) NACP O13
           Rho =  2.9036309787E+02     Rho at Nucleus =  2.9036306842E+02
           GradRho = -2.2545432188E-10  1.1449063919E-10  6.9595884611E-11
           HessRho_EigVals = -6.4032920789E+05 -6.4032282487E+05 -6.4030261049E+05
           HessRho_EigVec1 =  8.4668850242E-01 -3.4983980969E-01 -4.0091231887E-01
           HessRho_EigVec2 =  5.2932512257E-01  4.7709627582E-01  7.0156543402E-01
           HessRho_EigVec3 =  5.4161743659E-02  8.0622034901E-01 -5.8913093143E-01
           DelSqRho = -1.9209546433E+06
           Bond Ellipticity = NA
           V = -4.8033061087E+05
           G =  4.5975029119E+01
           K =  4.8028463584E+05
           L =  4.8023866081E+05
           Vnuc =  8.3411864641E+05
           Ven = -2.4219727417E+08
           Vrep =  2.4171694356E+08
           DelSqV =  1.9809077501E+10
           DelSqVen =  1.6023040855E+12
           DelSqVrep = -1.5824950080E+12
           DelSqG =  1.0593460648E+09
           DelSqK = -2.0868423566E+10
           Stress_EigVals = -1.6011407852E+05 -1.6010903448E+05 -1.6010749787E+05
           Stress_EigVec1 =  5.4815871086E-02  8.0680900361E-01 -5.8826393054E-01
           Stress_EigVec2 =  5.2895239265E-01  4.7622609747E-01  7.0243723592E-01
           Stress_EigVec3 =  8.4687932233E-01 -3.4966832254E-01 -4.0065880450E-01
           -DivStress = -3.2730435504E+04 -2.8665837151E+04 -4.3930013495E+04
           ESP =  -2.2342742961E+01     ESP at Nucleus =  -2.2342744069E+01
           ESPe = -3.3816927481E+01     ESPe at Nucleus = -3.3816907935E+01
           ESPn =  1.1474184520E+01     ESPn at Nucleus =  1.1474163866E+01

CP# 14     Coords =  3.53113867804063E+00 -1.07309303317975E+00 -2.42561533392340E+00
           Type = (3,-3) NACP C14
           Rho =  1.1754098003E+02     Rho at Nucleus =  1.1754098002E+02
           GradRho =  2.8393454254E-11 -2.4868440640E-12 -3.0648705795E-11
           HessRho_EigVals = -1.4483765030E+05 -1.4483746747E+05 -1.4483728600E+05
           HessRho_EigVec1 =  3.2262943037E-01  9.2175248418E-01 -2.1513393171E-01
           HessRho_EigVec2 =  8.3387218163E-01 -3.8433297304E-01 -3.9616328773E-01
           HessRho_EigVec3 =  4.4784755818E-01  5.1580265126E-02  8.9262088306E-01
           DelSqRho = -4.3451240377E+05
           Bond Ellipticity = NA
           V = -1.0863856226E+05
           G =  5.2306560357E+00
           K =  1.0863333160E+05
           L =  1.0862810094E+05
           Vnuc =  3.8059424818E+07
           Ven = -4.4735420923E+09
           Vrep =  4.4734334538E+09
           DelSqV =  2.4924071101E+09
           DelSqVen =  1.6537301811E+13
           DelSqVrep = -1.6534792627E+13
           DelSqG =  1.3387858025E+08
           DelSqK = -2.6262856903E+09
           Stress_EigVals = -3.6212921658E+04 -3.6212872777E+04 -3.6212767820E+04
           Stress_EigVec1 =  4.2951297872E-01  6.3268106505E-02  9.0084168854E-01
           Stress_EigVec2 =  8.4381590068E-01 -3.8347921801E-01 -3.7539101629E-01
           Stress_EigVec3 =  3.2170378748E-01  9.2137985438E-01 -2.1809593548E-01
           -DivStress = -1.1319539522E+02  2.5248065052E+00 -6.3726231193E+01
           ESP =  -1.4731776135E+01     ESP at Nucleus =  -1.4731776135E+01
           ESPe = -2.8859385740E+01     ESPe at Nucleus = -2.8859385642E+01
           ESPn =  1.4127609605E+01     ESPn at Nucleus =  1.4127609507E+01

CP# 15     Coords =  4.51123165685599E+00 -1.80807574245101E+00 -4.06460109461813E+00
           Type = (3,-3) NACP H15
           Rho =  4.1603883999E-01     Rho at Nucleus =  4.1271641933E-01
           GradRho = -1.3253287356E-15  4.7661527502E-16  4.6555641287E-16
           HessRho_EigVals = -6.3475087518E+00 -6.3462051045E+00 -5.7943531389E+00
           HessRho_EigVec1 =  3.4203866250E-01  9.1663279203E-01 -2.0686681205E-01
           HessRho_EigVec2 =  8.0845005168E-01 -1.7483856736E-01  5.6199643175E-01
           HessRho_EigVec3 = -4.7897606129E-01  3.5946599274E-01  8.0085337783E-01
           DelSqRho = -1.8488066995E+01
           Bond Ellipticity = NA
           V = -4.6317995111E+00
           G =  4.8913811608E-03
           K =  4.6269081300E+00
           L =  4.6220167488E+00
           Vnuc =  4.3355203602E+01
           Ven = -1.8037448614E+01
           Vrep =  1.3405649103E+01
           DelSqV =  6.9765584533E+02
           DelSqVen =  8.0155390878E+02
