AIMSum (Version 19.02.13, Professional)
Copyright (c) 1997-2019 by Todd A. Keith
AIMSum is a component of the AIMAll package ( http://aim.tkgristmill.com )

TP:  64-bit Linux

Much of the Quantum Theory of Atoms in Molecules (QTAIM) is described in the book:
  "Atoms in Molecules - A Quantum Theory"
  R.F.W. Bader, Oxford University Press, Oxford, 1990

For additional references see:  http://aim.tkgristmill.com/references.html

Wfn File:  /home/mhennefarth/Documents/ML_Diels/summary-paton2011/x3-opt/x3-opt.wfn
Sum File:  /home/mhennefarth/Documents/ML_Diels/summary-paton2011/x3-opt/x3-opt.sum

SumViz File:  /home/mhennefarth/Documents/ML_Diels/summary-paton2011/x3-opt/x3-opt.sumviz

Wfn Title:   Title Card Required                                                           
 
Total memory allocated for AIMSum =        0.884 Megabytes

Atomic units (a.u.) used throughout, except where stated otherwise

Model:  Restricted SCF
 
Restricted, closed-shell, single-determinant wavefunction.
  Number of electrons (from MO Occs)                   =          64.0000000000
  Number of Alpha electrons (from MO Occs)             =          32.0000000000
  Number of Beta electrons (from MO Occs)              =          32.0000000000
  Number of electron pairs (N*(N-1)/2)                 =        2016.0000000000
  Number of electron pairs (from Muller 2EDM)          =        2016.0000000000
 
Nuclear Charges and Cartesian Coordinates:
-------------------------------------------------------------------------------
Atom      Charge                X                  Y                  Z
-------------------------------------------------------------------------------
C1         6.0           5.4838162800E+00  -1.9526375000E+00   2.4941000000E-04
C2         6.0           2.9382702700E+00  -1.9772563800E+00  -7.3025000000E-04
H3         1.0           7.1640099700E+00  -3.1300822700E+00   9.1375000000E-04
H4         1.0           1.2497717700E+00  -3.1380666800E+00  -1.5779800000E-03
C5         6.0          -3.0515604500E+00   6.5069055000E-01  -2.2278740100E+00
C6         6.0          -3.0506900300E+00   6.5097249000E-01   2.2279845800E+00
H7         1.0          -2.8261132400E+00   1.2311139100E+00   4.1800363700E+00
C8         6.0          -3.9521464200E+00  -1.5861547800E+00   1.3892255900E+00
C9         6.0          -3.9527073500E+00  -1.5863250600E+00  -1.3884733500E+00
H10        1.0          -2.8278967900E+00   1.2306135100E+00  -4.1800949800E+00
H11        1.0          -4.5976803700E+00  -3.1508793700E+00  -2.5486779400E+00
H12        1.0          -4.5966108900E+00  -3.1505876400E+00   2.5498755300E+00
C13        6.0          -2.3966503600E+00   2.2930081500E+00  -1.8001000000E-04
H14        1.0          -3.4989565900E+00   4.0589526200E+00  -1.0274000000E-04
H15        1.0          -3.9758353000E-01   2.8783214100E+00  -5.4050000000E-04
C16        6.0           4.1842833300E+00   4.2121252000E-01  -1.4519000000E-04
O17        8.0           4.1394210100E+00   2.7111943300E+00  -2.1520000000E-05
 
Some Atomic Properties:
----------------------
  q(A) = Net Charge of Atom A
  L(A) = Lagrangian of Atom A = -(1/4) Times Atomic Integral of the Laplacian of the Electron Density
  K(A) = Electronic Kinetic Energy of Atom A (Hamiltonian Form)
  K_Scaled(A) = K(A) * E(Mol)/K(Mol) = Approximation to Virial-Based Total Energy of Atom A.
  |Mu_Intra(A)| = Magnitude of Intraatomic Dipole Moment of Atom A
--------------------------------------------------------------------------------------------------
Atom A          q(A)              L(A)              K(A)          K_Scaled(A)      |Mu_Intra(A)|
--------------------------------------------------------------------------------------------------
C1       -1.3213988720E-01 -2.5645710741E-05  3.7776137017E+01 -3.8140999725E+01  2.6156903213E-01
C2       -1.1917653370E-01 -1.4714896105E-05  3.7780514497E+01 -3.8145419485E+01  2.7041646277E-01
H3        1.2690791458E-01  2.1536764744E-05  5.5287752471E-01 -5.5821751993E-01  1.4458300505E-01
H4        1.5039280688E-01  4.9693755767E-05  5.4356442399E-01 -5.4881446816E-01  1.3896861249E-01
C5       -7.3845707500E-02 -1.1161979518E-04  3.7731441683E+01 -3.8095872699E+01  1.6805762409E-01
C6       -7.3833742600E-02 -7.3205546034E-05  3.7731447574E+01 -3.8095878647E+01  1.6823950412E-01
H7        4.9398075280E-02  2.1853985174E-05  5.9080554391E-01 -5.9651186879E-01  1.4990161410E-01
C8       -7.2223137600E-02  6.8232845841E-05  3.7731811350E+01 -3.8096245937E+01  1.5569373077E-01
C9       -7.2479890400E-02 -1.8000307904E-04  3.7731788298E+01 -3.8096222662E+01  1.5539996208E-01
H10       4.9392915570E-02  2.1931027996E-05  5.9080796371E-01 -5.9651431196E-01  1.4990122272E-01
H11       3.9591966470E-02  2.1805490616E-05  5.9476643768E-01 -6.0051101906E-01  1.5103981204E-01
H12       3.9588754000E-02  1.9131069957E-05  5.9476665921E-01 -6.0051124273E-01  1.5103693322E-01
C13      -2.6878035500E-02  3.9414904047E-05  3.7716097898E+01 -3.8080380715E+01  1.8356361259E-01
H14       4.5851009100E-02  2.4354734908E-05  5.8804429892E-01 -5.9372395418E-01  1.5135417023E-01
H15       9.9473903870E-02  8.8461110829E-06  5.6913717775E-01 -5.7463421763E-01  1.2261721331E-01
C16       1.1568203499E+00  8.5999854975E-06  3.6973710161E+01 -3.7330822589E+01  6.2623916986E-01
O17      -1.1869017085E+00 -3.8093084493E-06  7.5270204751E+01 -7.5997205787E+01  5.7374301614E-01
--------------------------------------------------------------------------------------------------
Total    -6.0947350002E-05 -1.0359765992E-04  3.8106792326E+02 -3.8474848685E+02
 
1st Largest |L(A)| = 1.8000307904E-04, atom C9      
2nd Largest |L(A)| = 1.1161979518E-04, atom C5      
 
Molecular charge q(Mol) from the wfn file:   0.0000000000E+00
Molecular energy E(Mol) from the wfn file:  -3.8474848344E+02
Molecular virial ratio (-V(Mol)/T(Mol)) from the wfn file:   2.0096585500E+00
Note.  K_Scaled(A) = (1+V(Mol)/T(Mol))*K(A) = (E(Mol)/T(Mol))*K(A)
       Only use K_Scaled(A) data with caution.
 
N_AIMInt(SumA)     =         64.000061
N_Analytic(Mol)    =         63.999988
 
G_AIMInt(SumA)     =        381.068027
G_Analytic(Mol)    =        381.067892
 
K_AIMInt(SumA)     =        381.067923
K_Analytic(Mol)    =        381.067892
 
L_AIMInt(SumA)     =         -0.000104
L_Analytic(Mol)    =          0.000000
 
VenT_AIMInt(SumA)  =      -1650.862876
VenT_Analytic(Mol) =      -1650.861445
 
Some Information About the Atomic Calculations:
----------------------------------------------
  Time(sec) = "Elapsed User Time", in Seconds, for Atom A by AIMInt and, if used, by TWOe
  NProc = Number of Processors Used for AIMInt Job
  BIM = Basin Integration Method
  OAQ = Angular Quadrature Outside of Beta Sphere
  ORQ = Multiple of Default for Radial Quadrature Outside of Beta Sphere
  IAQ = Multiple of Default for Angular Quadrature Inside of Beta Sphere
  IRQ = Multiple of Default for Radial Quadrature Inside of Beta Sphere
  MIR = Maximum Integration Radius
------------------------------------------------------------------------------------------------------
Atom A     Time(sec)   NProc      BIM          OAQ                     ORQ      IAQ      IRQ      MIR
------------------------------------------------------------------------------------------------------
C1             13        8     Proaim(5)    4500(GS4)                  1.00     1.00     1.00    13.00
C2             22        8     Proaim(5)    4500(GS4)                  1.00     1.00     1.00    13.00
H3              5        8     Proaim(5)    1800(GS4)                  1.00     1.00     1.00    13.00
H4             64        8    Promega(1)    4500(GS4)                  1.00     1.00     1.00    13.00
C5             25        8     Proaim(5)    4500(GS4)                  1.00     1.00     1.00    13.00
C6             25        8     Proaim(5)    4500(GS4)                  1.00     1.00     1.00    13.00
H7              6        8     Proaim(5)    1800(GS4)                  1.00     1.00     1.00    13.00
C8             59        8    Promega(1)    4500(GS4)                  1.00     1.00     1.00    13.00
C9             59        8    Promega(1)    4500(GS4)                  1.00     1.00     1.00    13.00
H10             5        8     Proaim(5)    1800(GS4)                  1.00     1.00     1.00    13.00
H11             5        8     Proaim(5)    1800(GS4)                  1.00     1.00     1.00    13.00
H12             4        8     Proaim(5)    1800(GS4)                  1.00     1.00     1.00    13.00
C13            25        8     Proaim(5)    4500(GS4)                  1.00     1.00     1.00    13.00
H14             5        8     Proaim(5)    1800(GS4)                  1.00     1.00     1.00    13.00
H15            14        8     Proaim(5)    4500(GS4)                  1.00     1.00     1.00    13.00
C16            20        8     Proaim(5)    4500(GS4)                  1.00     1.00     1.00    13.00
O17            18        8     Proaim(5)    4500(GS4)                  1.00     1.00     1.00    13.00
------------------------------------------------------------------------------------------------------
Total         374
Note:  Total wall clock time is less than total of atomic times if more than one atom
       was calculated at a time
 
Electron Density Critical Point Analysis of Molecular Structure:               
---------------------------------------------------------------                
  NACP = Nuclear Attractor Critical Point                                      
  NNACP = Non-Nuclear Attractor Critical Point                                 
  BCP = Bond Critical Point                                                    
  RCP = Ring Critical Point                                                    
  CCP = Cage Critical Point                                                    
  Rho = Electron Density                                                       
  GradRho = Gradient of Electron Density                                       
  HessRho_EigVals = Eigenvalues of the Hessian of Rho, Ascending Order         
  HessRho_EigVecs = Eigenvectors of the Hessian of Rho                         
  DelSqRho = Laplacian of Rho = Trace of Hessian of Rho                        
  Bond Ellipticity = (HessRho_EigVal(1) / HessRho_EigVal(2)) - 1               
  V = Virial Field = Potential Energy Density = Trace of Stress Tensor         
  G = Lagrangian Form of Kinetic Energy Density                                
  K = Hamiltonian Form of Kinetic Energy Density                               
  L = K - G = Lagrangian Density = (-1/4)DelSqRho                              
  Vnuc = Electrostatic Potential from Nuclei                                   
  Ven = Electron-nuclear attractive contribution to Virial Field V             
  Vrep = V - Ven = Repulsive contribution to Virial Field V                    
  DelSqV = Laplacian of V                                                      
  DelSqVen = Laplacian of Ven                                                  
  DelSqVrep = Laplacian of Vrep                                                
  DelSqG = Laplacian of G                                                      
  DelSqK = Laplacian of K                                                      
  Stress_EigVals = Eigenvalues of Stress Tensor, Ascending Order               
  Stress_EigVecs = Eigenvectors of Stress Tensor                               
  -DivStress = Ehrenfest Force Density = Minus Divergence of Stress Tensor     
  ESP = Total Electrostatic Potential                                          
  ESPe = Electrostatic Potential from Electrons                                
  ESPn = Electrostatic Potential from Nuclei                                   
  BP = Bond Path                                                               
  BPL = Bond Path Length                                                       
  GBL = Geometric Bond Length                                                  
  GBL_I = Distance Between Nuclear Attractors                                  
  GBL_II = Distance Between Nuclei                                             
  GBL_III = Sum of Distances Between BCP and Nuclear Attractors                
  GBL_IV = Sum of Distances Between BCP and Nuclei                             

CP# 1      Coords =  5.48381426014441E+00 -1.95263715291317E+00  2.49409244195481E-04
           Type = (3,-3) NACP C1
           Rho =  1.1772999340E+02     Rho at Nucleus =  1.1772999310E+02
           GradRho = -1.8371586071E-09  3.3019502516E-10 -6.9258003691E-13
           HessRho_EigVals = -1.4506909155E+05 -1.4506768864E+05 -1.4506646569E+05
           HessRho_EigVec1 = -4.2293347149E-04 -6.6270685898E-05  9.9999990837E-01
           HessRho_EigVec2 =  8.0767026296E-01 -5.8963433993E-01  3.0251534371E-04
           HessRho_EigVec3 =  5.8963426585E-01  8.0767031689E-01  3.0290096060E-04
           DelSqRho = -4.3520324587E+05
           Bond Ellipticity = NA
           V = -1.0881108464E+05
           G =  5.1365865809E+00
           K =  1.0880594805E+05
           L =  1.0880081147E+05
           Vnuc =  2.9276111681E+06
           Ven = -3.4466764350E+08
           Vrep =  3.4455883241E+08
           DelSqV =  2.4963456037E+09
           DelSqVen =  1.2741058888E+12
           DelSqVrep = -1.2716095432E+12
           DelSqG =  1.3408900895E+08
           DelSqK = -2.6304346126E+09
           Stress_EigVals = -3.6270649888E+04 -3.6270592140E+04 -3.6269842612E+04
           Stress_EigVec1 =  9.5595124396E-01  2.9352520149E-01  4.1863606788E-04
           Stress_EigVec2 = -2.9352520030E-01  9.5595133374E-01 -6.5660570098E-05
           Stress_EigVec3 = -4.1946873951E-04 -6.0111932014E-05  9.9999991022E-01
           -DivStress =  1.6461622621E+03 -2.8212862829E+02  6.1672120409E-01
           ESP =  -1.4683801600E+01     ESP at Nucleus =  -1.4683801605E+01
           ESPe = -2.5471515310E+01     ESPe at Nucleus = -2.5471511636E+01
           ESPn =  1.0787713710E+01     ESPn at Nucleus =  1.0787710031E+01

CP# 2      Coords =  2.93827282173674E+00 -1.97725583943679E+00 -7.30248927537877E-04
           Type = (3,-3) NACP C2
           Rho =  1.1774438443E+02     Rho at Nucleus =  1.1774438393E+02
           GradRho =  3.7908084296E-09  7.9956097711E-10  1.5888240088E-12
           HessRho_EigVals = -1.4508665998E+05 -1.4508500881E+05 -1.4508387352E+05
           HessRho_EigVec1 = -4.1998039822E-04 -6.0047233392E-05  9.9999991001E-01
           HessRho_EigVec2 =  8.0443533268E-01  5.9404011315E-01  3.7351757029E-04
           HessRho_EigVec3 = -5.9404008212E-01  8.0443541715E-01 -2.0118108711E-04
           DelSqRho = -4.3525554231E+05
           Bond Ellipticity = NA
           V = -1.0882416002E+05
           G =  5.1372231929E+00
           K =  1.0881902280E+05
           L =  1.0881388558E+05
           Vnuc =  2.3003032562E+06
           Ven = -2.7084779090E+08
           Vrep =  2.7073896674E+08
           DelSqV =  2.4966438906E+09
           DelSqVen =  1.0012197437E+12
           DelSqVrep = -9.9872309985E+11
           DelSqG =  1.3410481311E+08
           DelSqK = -2.6307487037E+09
           Stress_EigVals = -3.6275024738E+04 -3.6274967725E+04 -3.6274167562E+04
           Stress_EigVec1 =  9.9925338359E-01 -3.8632852133E-02  4.2204041984E-04
           Stress_EigVec2 =  3.8632822061E-02  9.9925347074E-01  7.9177371560E-05
           Stress_EigVec3 = -4.2478420200E-04 -6.2813643993E-05  9.9999990781E-01
           -DivStress = -2.0789945069E+03 -4.3904168150E+02 -8.7532779167E-01
           ESP =  -1.4686684064E+01     ESP at Nucleus =  -1.4686684077E+01
           ESPe = -2.6739918703E+01     ESPe at Nucleus = -2.6739916539E+01
           ESPn =  1.2053234639E+01     ESPn at Nucleus =  1.2053232462E+01

CP# 3      Coords =  7.13428820194488E+00 -3.10952729169140E+00  9.01859163099646E-04
           Type = (3,-3) NACP H3
           Rho =  4.1164121209E-01     Rho at Nucleus =  4.0781741813E-01
           GradRho = -1.8252236649E-14  1.2739427500E-14 -7.4773553955E-18
           HessRho_EigVals = -6.3055045490E+00 -6.3047702634E+00 -5.6927112372E+00
           HessRho_EigVec1 =  5.7221559290E-01  8.2010323260E-01  5.5939170036E-05
           HessRho_EigVec2 = -3.0078926070E-04  1.4166160257E-04  9.9999994473E-01
           HessRho_EigVec3 =  8.2010317935E-01 -5.7221557809E-01  3.2773922294E-04
           DelSqRho = -1.8302986050E+01
           Bond Ellipticity = NA
           V = -4.5846992320E+00
           G =  4.4763598009E-03
           K =  4.5802228722E+00
           L =  4.5757465124E+00
           Vnuc =  3.7940691394E+01
           Ven = -1.5617952193E+01
           Vrep =  1.1033252961E+01
           DelSqV =  6.8904504434E+02
           DelSqVen =  6.9442794530E+02
           DelSqVrep = -5.3829009678E+00
           DelSqG =  6.8163446755E+01
           DelSqK = -7.5720849109E+02
           Stress_EigVals = -1.5801113350E+00 -1.5790777130E+00 -1.4255101840E+00
           Stress_EigVec1 =  5.6980494182E-01  8.2177992344E-01  2.9275839570E-04
           Stress_EigVec2 = -4.3703347794E-04 -5.3219275148E-05  9.9999990308E-01
           Stress_EigVec3 =  8.2177985938E-01 -5.6980501454E-01  3.2882073206E-04
           -DivStress =  6.5324323119E+00 -4.5163051493E+00  2.6140733027E-03
           ESP =  -1.0341586298E+00     ESP at Nucleus =  -1.0368527291E+00
           ESPe = -1.1302466146E+01     ESPe at Nucleus = -1.1215771657E+01
           ESPn =  1.0268307517E+01     ESPn at Nucleus =  1.0178918928E+01

CP# 4      Coords =  1.28064470281304E+00 -3.11746405221281E+00 -1.56240636925223E-03
           Type = (3,-3) NACP H4
           Rho =  4.0855974179E-01     Rho at Nucleus =  4.0457165301E-01
           GradRho =  2.8703421110E-11  1.9215582590E-11  1.4486335360E-14
           HessRho_EigVals = -6.2462141904E+00 -6.2456203710E+00 -5.6191670267E+00
           HessRho_EigVec1 = -5.6066540557E-01  8.2804241159E-01  2.5999301400E-04
           HessRho_EigVec2 = -2.0123581617E-04 -4.5024136161E-04  9.9999987839E-01
           HessRho_EigVec3 =  8.2804242796E-01  5.6066528507E-01  4.1906654614E-04
           DelSqRho = -1.8111001588E+01
           Bond Ellipticity = NA
           V = -4.5366626316E+00
           G =  4.4561173031E-03
           K =  4.5322065143E+00
           L =  4.5277503970E+00
           Vnuc =  3.9874596650E+01
           Ven = -1.6291154911E+01
           Vrep =  1.1754492280E+01
           DelSqV =  6.8086086647E+02
           DelSqVen =  7.2216888330E+02
           DelSqVrep = -4.1308016829E+01
           DelSqG =  6.7256302327E+01
           DelSqK = -7.4811716880E+02
           Stress_EigVals = -1.5653081211E+00 -1.5641858793E+00 -1.4071686312E+00
           Stress_EigVec1 = -5.5844435337E-01  8.2954196834E-01 -1.6419036019E-04
           Stress_EigVec2 = -4.4014646441E-04 -9.8375931938E-05  9.9999989830E-01
           Stress_EigVec3 =  8.2954186782E-01  5.5844436884E-01  4.2005744815E-04
           -DivStress = -6.7156674273E+00 -4.4798626703E+00 -3.3886361301E-03
           ESP =  -1.0389837995E+00     ESP at Nucleus =  -1.0417974661E+00
           ESPe = -1.3971110372E+01     ESPe at Nucleus = -1.3904751544E+01
           ESPn =  1.2932126573E+01     ESPn at Nucleus =  1.2862954078E+01

CP# 5      Coords = -3.05155992423249E+00  6.50691726919535E-01 -2.22787388885718E+00
           Type = (3,-3) NACP C5
           Rho =  1.1767946983E+02     Rho at Nucleus =  1.1767946971E+02
           GradRho =  2.0426411018E-10  4.4739311962E-10  4.2478341231E-11
           HessRho_EigVals = -1.4500610233E+05 -1.4500537181E+05 -1.4500504013E+05
           HessRho_EigVec1 =  9.2070679992E-01 -3.9025365426E-01 -1.0362988575E-03
           HessRho_EigVec2 =  1.8122004584E-01  4.2518900358E-01  8.8677708936E-01
           HessRho_EigVec3 =  3.4562737676E-01  8.1664949432E-01 -4.6219619196E-01
           DelSqRho = -4.3501651427E+05
           Bond Ellipticity = NA
           V = -1.0876435186E+05
           G =  5.1116471189E+00
           K =  1.0875924021E+05
           L =  1.0875412857E+05
           Vnuc =  4.6342925059E+06
           Ven = -5.4536108515E+08
           Vrep =  5.4525232080E+08
           DelSqV =  2.4952791071E+09
           DelSqVen =  2.0159939215E+12
           DelSqVrep = -2.0134986424E+12
           DelSqG =  1.3403143575E+08
           DelSqK = -2.6293105428E+09
           Stress_EigVals = -3.6255052113E+04 -3.6254859886E+04 -3.6254439863E+04
           Stress_EigVec1 =  2.8321353684E-01  6.9353296640E-01 -6.6242140445E-01
           Stress_EigVec2 =  2.5303781336E-01  6.1219149829E-01  7.4912844989E-01
           Stress_EigVec3 =  9.2507402815E-01 -3.7978098154E-01 -2.1091458571E-03
           -DivStress = -4.2566623009E+02 -9.5652134256E+02 -1.0417670037E+02
           ESP =  -1.4749100927E+01     ESP at Nucleus =  -1.4749100941E+01
           ESPe = -2.7057507928E+01     ESPe at Nucleus = -2.7057508249E+01
           ESPn =  1.2308407000E+01     ESPn at Nucleus =  1.2308407308E+01

CP# 6      Coords = -3.05068950415560E+00  6.50973666904685E-01  2.22798445842314E+00
           Type = (3,-3) NACP C6
           Rho =  1.1767947055E+02     Rho at Nucleus =  1.1767947043E+02
           GradRho =  1.9092438806E-10  4.4967461775E-10 -4.9280096612E-11
           HessRho_EigVals = -1.4500610206E+05 -1.4500537155E+05 -1.4500503985E+05
           HessRho_EigVec1 =  9.2073288264E-01 -3.9019294719E-01  6.5021718818E-04
           HessRho_EigVec2 = -1.8079192905E-01 -4.2513429217E-01  8.8689069902E-01
           HessRho_EigVec3 =  3.4578206607E-01  8.1670698392E-01  4.6197885796E-01
           DelSqRho = -4.3501651346E+05
           Bond Ellipticity = NA
           V = -1.0876435166E+05
           G =  5.1116446571E+00
           K =  1.0875924001E+05
           L =  1.0875412837E+05
           Vnuc =  4.6340834442E+06
           Ven = -5.4533648620E+08
           Vrep =  5.4522772184E+08
           DelSqV =  2.4952790996E+09
           DelSqVen =  2.0159026299E+12
           DelSqVrep = -2.0134073508E+12
           DelSqG =  1.3403143441E+08
           DelSqK = -2.6293105340E+09
           Stress_EigVals = -3.6255052052E+04 -3.6254859811E+04 -3.6254439793E+04
           Stress_EigVec1 =  2.8349003392E-01  6.9361284015E-01  6.6221947166E-01
           Stress_EigVec2 = -2.5268359917E-01 -6.1211815709E-01  7.4930792100E-01
           Stress_EigVec3 =  9.2508615782E-01 -3.7975332747E-01  1.7351917619E-03
           -DivStress = -4.2572585795E+02 -9.5650857820E+02  1.0452868360E+02
           ESP =  -1.4749102792E+01     ESP at Nucleus =  -1.4749102805E+01
           ESPe = -2.7057760146E+01     ESPe at Nucleus = -2.7057760467E+01
           ESPn =  1.2308657354E+01     ESPn at Nucleus =  1.2308657661E+01

CP# 7      Coords = -2.82993304913294E+00  1.22123744285548E+00  4.14653771197278E+00
           Type = (3,-3) NACP H7
           Rho =  4.2500392856E-01     Rho at Nucleus =  4.2128096463E-01
           GradRho = -4.2285995082E-10 -1.0935993264E-09 -3.7151253425E-09
           HessRho_EigVals = -6.4781469734E+00 -6.4720588313E+00 -5.8740675853E+00
           HessRho_EigVec1 =  3.5518321734E-01  8.8526218449E-01 -3.0025946587E-01
           HessRho_EigVec2 =  9.2850576634E-01 -3.7130017974E-01  3.6357128173E-03
           HessRho_EigVec3 =  1.0826783457E-01  2.8008398963E-01  9.5385063545E-01
           DelSqRho = -1.8824273390E+01
           Bond Ellipticity = NA
           V = -4.7153875947E+00
           G =  4.6596235754E-03
           K =  4.7107279711E+00
           L =  4.7060683475E+00
           Vnuc =  4.0336286568E+01
           Ven = -1.7143080255E+01
           Vrep =  1.2427692660E+01
           DelSqV =  7.0880884255E+02
           DelSqVen =  7.5930129218E+02
           DelSqVrep = -5.0492449639E+01
           DelSqG =  6.9824267748E+01
           DelSqK = -7.7863311029E+02
           Stress_EigVals = -1.6228408692E+00 -1.6224212050E+00 -1.4701255205E+00
           Stress_EigVec1 =  3.5686349592E-01  8.8405278961E-01 -3.0182629187E-01
           Stress_EigVec2 =  9.2779137911E-01 -3.7307542138E-01  4.2292804384E-03
           Stress_EigVec3 =  1.0886506385E-01  2.8154110739E-01  9.5335355599E-01
           -DivStress =  8.6293205092E-01  2.2308568640E+00  7.5630993206E+00
           ESP =  -1.1069428967E+00     ESP at Nucleus =  -1.1094822379E+00
           ESPe = -1.2979591723E+01     ESPe at Nucleus = -1.2891013501E+01
           ESPn =  1.1872648826E+01     ESPn at Nucleus =  1.1781531263E+01

CP# 8      Coords = -3.95214678284510E+00 -1.58615596530349E+00  1.38922477571748E+00
           Type = (3,-3) NACP C8
           Rho =  1.1768069256E+02     Rho at Nucleus =  1.1768069240E+02
           GradRho = -1.8126027800E-10 -6.1691418274E-10 -4.0809353429E-10
           HessRho_EigVals = -1.4500712522E+05 -1.4500635790E+05 -1.4500604945E+05
           HessRho_EigVec1 =  9.3153824977E-01 -3.6362648756E-01  3.5023942669E-03
           HessRho_EigVec2 = -5.6894010015E-02 -1.3622475251E-01  9.8904291536E-01
           HessRho_EigVec3 =  3.5916508857E-01  9.2153057157E-01  1.4758673655E-01
           DelSqRho = -4.3501953256E+05
           Bond Ellipticity = NA
           V = -1.0876512871E+05
           G =  5.1227866105E+00
           K =  1.0876000593E+05
           L =  1.0875488314E+05
           Vnuc =  4.0455266386E+06
           Ven = -4.7608037662E+08
           Vrep =  4.7597161149E+08
           DelSqV =  2.4952962026E+09
           DelSqVen =  1.7598832108E+12
           DelSqVrep = -1.7573879186E+12
           DelSqG =  1.3403184745E+08
           DelSqK = -2.6293280501E+09
           Stress_EigVals = -3.6255302328E+04 -3.6255133795E+04 -3.6254692592E+04
           Stress_EigVec1 =  3.7066327684E-01  9.2741428263E-01 -5.0114704190E-02
           Stress_EigVec2 =  1.5815358036E-02  4.7647892646E-02  9.9873898130E-01
           Stress_EigVec3 =  9.2863265593E-01 -3.7098844551E-01  2.9939350958E-03
           -DivStress =  2.9522734992E+02  9.5657668314E+02  6.6508790945E+02
           ESP =  -1.4747826236E+01     ESP at Nucleus =  -1.4747826255E+01
           ESPe = -2.6780108639E+01     ESPe at Nucleus = -2.6780109702E+01
           ESPn =  1.2032282403E+01     ESPn at Nucleus =  1.2032283447E+01

CP# 9      Coords = -3.95270771222107E+00 -1.58632624531756E+00 -1.38847253556931E+00
           Type = (3,-3) NACP C9
           Rho =  1.1768070610E+02     Rho at Nucleus =  1.1768070594E+02
           GradRho = -1.9420193584E-10 -5.9606052844E-10  4.0285854034E-10
           HessRho_EigVals = -1.4500714566E+05 -1.4500637831E+05 -1.4500606989E+05
           HessRho_EigVec1 =  9.3154238816E-01 -3.6361219539E-01 -3.8665789177E-03
           HessRho_EigVec2 =  5.7334080291E-02  1.3636805597E-01  9.8899775356E-01
           HessRho_EigVec3 =  3.5908436656E-01  9.2151501598E-01 -1.4787999534E-01
           DelSqRho = -4.3501959385E+05
           Bond Ellipticity = NA
           V = -1.0876514404E+05
           G =  5.1227873217E+00
           K =  1.0876002125E+05
           L =  1.0875489846E+05
           Vnuc =  4.0456901286E+06
           Ven = -4.7609967100E+08
           Vrep =  4.7599090586E+08
           DelSqV =  2.4952965587E+09
           DelSqVen =  1.7599543091E+12
           DelSqVrep = -1.7574590576E+12
           DelSqG =  1.3403186988E+08
           DelSqK = -2.6293284286E+09
           Stress_EigVals = -3.6255307430E+04 -3.6255138910E+04 -3.6254697698E+04
           Stress_EigVec1 =  3.7068761488E-01  9.2741883538E-01  4.9849733791E-02
           Stress_EigVec2 = -1.5394914705E-02 -4.7530600557E-02  9.9875113948E-01
           Stress_EigVec3 =  9.2863000639E-01 -3.7099211015E-01 -3.3414710881E-03
           -DivStress =  2.9471922725E+02  9.5658809116E+02 -6.6520773457E+02
           ESP =  -1.4747824985E+01     ESP at Nucleus =  -1.4747825003E+01
           ESPe = -2.6779995084E+01     ESPe at Nucleus = -2.6779996147E+01
           ESPn =  1.2032170099E+01     ESPn at Nucleus =  1.2032171143E+01

CP# 10     Coords = -2.83170078480231E+00  1.22074083823058E+00 -4.14659348357068E+00
           Type = (3,-3) NACP H10
           Rho =  4.2500437377E-01     Rho at Nucleus =  4.2128142199E-01
           GradRho = -4.2226552242E-10 -1.0961873909E-09  3.7256613653E-09
           HessRho_EigVals = -6.4781528606E+00 -6.4720646209E+00 -5.8740745532E+00
           HessRho_EigVec1 =  3.5527939156E-01  8.8531395869E-01  2.9999291405E-01
           HessRho_EigVec2 =  9.2852130871E-01 -3.7125737835E-01 -4.0172491592E-03
           HessRho_EigVec3 = -1.0781805604E-01 -2.7997705899E-01  9.5393297104E-01
           DelSqRho = -1.8824292035E+01
           Bond Ellipticity = NA
           V = -4.7153923613E+00
           G =  4.6596763255E-03
           K =  4.7107326850E+00
           L =  4.7060730087E+00
           Vnuc =  4.0335911502E+01
           Ven = -1.7142938808E+01
           Vrep =  1.2427546447E+01
           DelSqV =  7.0880959445E+02
           DelSqVen =  7.5929498391E+02
           DelSqVrep = -5.0485389470E+01
           DelSqG =  6.9824333903E+01
           DelSqK = -7.7863392835E+02
           Stress_EigVals = -1.6228423699E+00 -1.6224227087E+00 -1.4701272827E+00
           Stress_EigVec1 =  3.5703122152E-01  8.8407645093E-01  3.0155851135E-01
           Stress_EigVec2 =  9.2777948750E-01 -3.7310019716E-01 -4.6330829064E-03
           Stress_EigVec3 = -1.0841554054E-01 -2.8143395636E-01  9.5343641570E-01
           -DivStress =  8.5936191650E-01  2.2300018830E+00 -7.5637476548E+00
           ESP =  -1.1069405654E+00     ESP at Nucleus =  -1.1094799121E+00
           ESPe = -1.2979152669E+01     ESPe at Nucleus = -1.2890572596E+01
           ESPn =  1.1872212104E+01     ESPn at Nucleus =  1.1781092684E+01

CP# 11     Coords = -4.58674203237638E+00 -3.12446635952274E+00 -2.52892702754307E+00
           Type = (3,-3) NACP H11
           Rho =  4.2658034698E-01     Rho at Nucleus =  4.2291709882E-01
           GradRho =  4.3996924159E-16  9.1771615264E-16  5.9728438278E-16
           HessRho_EigVals = -6.5120945911E+00 -6.5062680352E+00 -5.9121523889E+00
           HessRho_EigVec1 = -2.1913543190E-01 -5.2503948102E-01  8.2238263957E-01
           HessRho_EigVec2 =  9.2363295998E-01 -3.8327554748E-01  1.4177257813E-03
           HessRho_EigVec3 =  3.1445479441E-01  7.5989038557E-01  5.6893302259E-01
           DelSqRho = -1.8930515015E+01
           Bond Ellipticity = NA
           V = -4.7416813638E+00
           G =  4.5263049808E-03
           K =  4.7371550588E+00
           L =  4.7326287538E+00
           Vnuc =  4.0226750214E+01
           Ven = -1.7159941064E+01
           Vrep =  1.2418259700E+01
           DelSqV =  7.1322817240E+02
           DelSqVen =  7.6151309893E+02
           DelSqVrep = -4.8284926531E+01
           DelSqG =  7.0350026112E+01
           DelSqK = -7.8357819851E+02
           Stress_EigVals = -1.6312272125E+00 -1.6307247411E+00 -1.4797294101E+00
           Stress_EigVec1 = -2.0613850553E-01 -5.2935492952E-01  8.2297647301E-01
           Stress_EigVec2 =  9.2655648902E-01 -3.7602833770E-01 -9.7858013362E-03
           Stress_EigVec3 =  3.1464263729E-01  7.6051696091E-01  5.6799116451E-01
           -DivStress = -2.4833027966E+00 -5.9971776736E+00 -4.4836857504E+00
           ESP =  -1.1055841121E+00     ESP at Nucleus =  -1.1080858135E+00
           ESPe = -1.2553334802E+01     ESPe at Nucleus = -1.2464934478E+01
           ESPn =  1.1447750690E+01     ESPn at Nucleus =  1.1356848665E+01

CP# 12     Coords = -4.58568118382199E+00 -3.12417667373133E+00  2.53011704216180E+00
           Type = (3,-3) NACP H12
           Rho =  4.2658040055E-01     Rho at Nucleus =  4.2291714437E-01
           GradRho =  7.2106220734E-16  4.8598007129E-16 -6.9639766671E-16
           HessRho_EigVals = -6.5120956172E+00 -6.5062690080E+00 -5.9121524395E+00
           HessRho_EigVec1 =  2.1945343123E-01  5.2514289712E-01  8.2223179769E-01
           HessRho_EigVec2 =  9.2364222497E-01 -3.8325187104E-01 -1.7445902926E-03
           HessRho_EigVec3 =  3.1420571569E-01  7.5983086339E-01 -5.6915009204E-01
           DelSqRho = -1.8930517065E+01
           Bond Ellipticity = NA
           V = -4.7416818935E+00
           G =  4.5263136634E-03
           K =  4.7371555798E+00
           L =  4.7326292662E+00
           Vnuc =  4.0226868864E+01
           Ven = -1.7159993833E+01
           Vrep =  1.2418311939E+01
           DelSqV =  7.1322822221E+02
           DelSqVen =  7.6151542749E+02
           DelSqVrep = -4.8287205280E+01
           DelSqG =  7.0350032749E+01
           DelSqK = -7.8357825496E+02
           Stress_EigVals = -1.6312274544E+00 -1.6307250277E+00 -1.4797294114E+00
           Stress_EigVec1 =  2.0644281974E-01  5.2946364285E-01  8.2283024560E-01
           Stress_EigVec2 =  9.2657310807E-01 -3.7599549052E-01  9.4692398881E-03
           Stress_EigVec3 =  3.1439408006E-01  7.6045752150E-01 -5.6820834244E-01
           -DivStress = -2.4813440411E+00 -5.9967142478E+00  4.4854061385E+00
           ESP =  -1.1055863501E+00     ESP at Nucleus =  -1.1080880554E+00
           ESPe = -1.2553486233E+01     ESPe at Nucleus = -1.2465086056E+01
           ESPn =  1.1447899882E+01     ESPn at Nucleus =  1.1356998001E+01

CP# 13     Coords = -2.39665108705492E+00  2.29300785983493E+00 -1.80009928387698E-04
           Type = (3,-3) NACP C13
           Rho =  1.1754864797E+02     Rho at Nucleus =  1.1754864793E+02
           GradRho = -9.4333475646E-11 -4.0078198242E-11  8.9510551579E-15
           HessRho_EigVals = -1.4485082150E+05 -1.4485058276E+05 -1.4485031635E+05
           HessRho_EigVec1 =  1.5698952080E-04  1.0439852260E-04  9.9999998223E-01
           HessRho_EigVec2 = -6.4318767145E-01  7.6570857305E-01  2.1034880930E-05
           HessRho_EigVec3 =  7.6570855725E-01  6.4318766333E-01 -1.8735606461E-04
           DelSqRho = -4.3455172061E+05
           Bond Ellipticity = NA
           V = -1.0864841098E+05
           G =  5.2404137411E+00
           K =  1.0864317057E+05
           L =  1.0863793015E+05
           Vnuc =  7.6646255222E+06
           Ven = -9.0096636734E+08
           Vrep =  9.0085771893E+08
           DelSqV =  2.4926359187E+09
           DelSqVen =  3.3306760970E+12
           DelSqVrep = -3.3281831990E+12
           DelSqG =  1.3389435102E+08
           DelSqK = -2.6265302697E+09
           Stress_EigVals = -3.6216226317E+04 -3.6216151914E+04 -3.6216032748E+04
           Stress_EigVec1 =  7.6462336289E-01  6.4447737580E-01 -1.5814195945E-04
           Stress_EigVec2 = -6.4447738226E-01  7.6462337369E-01  1.2792186463E-05
           Stress_EigVec3 =  1.2916331332E-04  9.2137711422E-05  9.9999998741E-01
           -DivStress =  5.9311916459E+02  2.3795618184E+02 -5.8702810787E-02
           ESP =  -1.4744084399E+01     ESP at Nucleus =  -1.4744084400E+01
           ESPe = -2.7312897427E+01     ESPe at Nucleus = -2.7312897036E+01
           ESPn =  1.2568813029E+01     ESPn at Nucleus =  1.2568812636E+01

CP# 14     Coords = -3.48139096440108E+00  4.03071084327440E+00 -1.03931627006098E-04
           Type = (3,-3) NACP H14
           Rho =  4.1493061430E-01     Rho at Nucleus =  4.1165321275E-01
           GradRho =  1.8008154089E-15 -2.6735025145E-15 -1.2360328283E-18
           HessRho_EigVals = -6.3344275410E+00 -6.3327212011E+00 -5.7865787969E+00
           HessRho_EigVec1 =  2.1317566432E-04  9.0029050314E-05  9.9999997323E-01
           HessRho_EigVec2 =  8.4904970071E-01  5.2831293140E-01 -2.2856025159E-04
           HessRho_EigVec3 = -5.2831293783E-01  8.4904972670E-01  3.6184321896E-05
           DelSqRho = -1.8453727539E+01
           Bond Ellipticity = NA
           V = -4.6233055220E+00
           G =  4.9368185952E-03
           K =  4.6183687034E+00
           L =  4.6134318848E+00
           Vnuc =  4.2144626105E+01
           Ven = -1.7487095599E+01
           Vrep =  1.2863790077E+01
           DelSqV =  6.9658566039E+02
           DelSqVen =  7.7772544737E+02
           DelSqVrep = -8.1139786983E+01
           DelSqG =  6.8735247900E+01
           DelSqK = -7.6532090829E+02
           Stress_EigVals = -1.5872894854E+00 -1.5872879513E+00 -1.4487280852E+00
           Stress_EigVec1 = -1.1469543122E-03 -7.5574624316E-04  9.9999905667E-01
           Stress_EigVec2 =  8.4912477831E-01  5.2819052007E-01  1.3730866226E-03
           Stress_EigVec3 = -5.2819105951E-01  8.4912555218E-01  3.5912466524E-05
           -DivStress = -3.8871034368E+00  6.2507274283E+00  2.6342217846E-04
           ESP =  -1.1047744256E+00     ESP at Nucleus =  -1.1069694647E+00
           ESPe = -1.3182188949E+01     ESPe at Nucleus = -1.3095577281E+01
           ESPn =  1.2077414523E+01     ESPn at Nucleus =  1.1988607816E+01

CP# 15     Coords = -4.31120693886002E-01  2.86852382693364E+00 -5.34699905194712E-04
           Type = (3,-3) NACP H15
           Rho =  4.0775022242E-01     Rho at Nucleus =  4.0421708391E-01
           GradRho = -3.5767377136E-09 -1.0456043854E-09  6.2010413215E-13
           HessRho_EigVals = -6.2058701528E+00 -6.2045215920E+00 -5.6382559984E+00
           HessRho_EigVec1 =  1.2987904984E-04  1.5357424794E-04  9.9999997977E-01
           HessRho_EigVec2 = -2.8100596782E-01  9.5970601423E-01 -1.1088934352E-04
           HessRho_EigVec3 =  9.5970601185E-01  2.8100594773E-01 -1.6780098543E-04
           DelSqRho = -1.8048647743E+01
           Bond Ellipticity = NA
           V = -4.5223144419E+00
           G =  5.0762530599E-03
           K =  4.5172381889E+00
           L =  4.5121619358E+00
           Vnuc =  4.2455340759E+01
           Ven = -1.7311174637E+01
           Vrep =  1.2788860195E+01
           DelSqV =  6.7983472317E+02
           DelSqVen =  7.6626149627E+02
           DelSqVrep = -8.6426773095E+01
           DelSqG =  6.6925188629E+01
           DelSqK = -7.4675991180E+02
           Stress_EigVals = -1.5550864088E+00 -1.5550036410E+00 -1.4122243922E+00
           Stress_EigVec1 =  2.3949057285E-04 -2.2135296172E-04  9.9999994682E-01
           Stress_EigVec2 = -2.8137988328E-01  9.5959641673E-01  2.7979735321E-04
           Stress_EigVec3 =  9.5959642764E-01  2.8137993532E-01 -1.6753002502E-04
           -DivStress =  7.2618459846E+00  2.1217525187E+00 -1.2549852780E-03
           ESP =  -1.1088768449E+00     ESP at Nucleus =  -1.1112643288E+00
           ESPe = -1.4942909787E+01     ESPe at Nucleus = -1.4884946094E+01
           ESPn =  1.3834032942E+01     ESPn at Nucleus =  1.3773681765E+01

CP# 16     Coords =  4.18428355177123E+00  4.21209563122886E-01 -1.45190074645043E-04
           Type = (3,-3) NACP C16
           Rho =  1.1765900987E+02     Rho at Nucleus =  1.1765900923E+02
           GradRho =  3.8331635393E-10 -5.6849999260E-09 -1.4313123958E-13
           HessRho_EigVals = -1.4496856869E+05 -1.4496732055E+05 -1.4496635887E+05
           HessRho_EigVec1 = -4.0133950257E-04 -5.5559408742E-05  9.9999991792E-01
           HessRho_EigVec2 = -5.1754352738E-02  9.9865984488E-01  3.4713887181E-05
           HessRho_EigVec3 =  9.9865976483E-01  5.1754334558E-02  4.0367708661E-04
           DelSqRho = -4.3490224811E+05
           Bond Ellipticity = NA
           V = -1.0873546438E+05
           G =  4.9511755122E+00
           K =  1.0873051320E+05
           L =  1.0872556203E+05
           Vnuc =  2.0234975024E+06
           Ven = -2.3808271260E+08
           Vrep =  2.3797397714E+08
           DelSqV =  2.4946083290E+09
           DelSqVen =  8.8002361344E+11
           DelSqVrep = -8.7752900101E+11
           DelSqG =  1.3398251596E+08
           DelSqK = -2.6285908450E+09
           Stress_EigVals = -3.6245508265E+04 -3.6245296976E+04 -3.6244659138E+04
           Stress_EigVec1 =  2.3012476028E-02  9.9973517579E-01  6.5143611591E-05
           Stress_EigVec2 =  9.9973509847E-01 -2.3012500126E-02  3.9713877472E-04
           Stress_EigVec3 = -3.9853272013E-04 -5.5987208415E-05  9.9999991902E-01
           -DivStress = -1.8023820475E+02  2.4090504701E+03  6.1163347640E-02
