AIMSum (Version 19.02.13, Professional)
Copyright (c) 1997-2019 by Todd A. Keith
AIMSum is a component of the AIMAll package ( http://aim.tkgristmill.com )

TP:  64-bit Linux

Much of the Quantum Theory of Atoms in Molecules (QTAIM) is described in the book:
  "Atoms in Molecules - A Quantum Theory"
  R.F.W. Bader, Oxford University Press, Oxford, 1990

For additional references see:  http://aim.tkgristmill.com/references.html

Wfn File:  /home/mhennefarth/Documents/ML_Diels/summary-paton2011/x4-opt/x4-opt.wfn
Sum File:  /home/mhennefarth/Documents/ML_Diels/summary-paton2011/x4-opt/x4-opt.sum

SumViz File:  /home/mhennefarth/Documents/ML_Diels/summary-paton2011/x4-opt/x4-opt.sumviz

Wfn Title:   Title Card Required                                                           
 
Total memory allocated for AIMSum =        1.056 Megabytes

Atomic units (a.u.) used throughout, except where stated otherwise

Model:  Restricted SCF
 
Restricted, closed-shell, single-determinant wavefunction.
  Number of electrons (from MO Occs)                   =          72.0000000000
  Number of Alpha electrons (from MO Occs)             =          36.0000000000
  Number of Beta electrons (from MO Occs)              =          36.0000000000
  Number of electron pairs (N*(N-1)/2)                 =        2556.0000000000
  Number of electron pairs (from Muller 2EDM)          =        2556.0000000000
 
Nuclear Charges and Cartesian Coordinates:
-------------------------------------------------------------------------------
Atom      Charge                X                  Y                  Z
-------------------------------------------------------------------------------
C1         6.0          -6.4265922500E+00  -1.0083470000E-01   2.7128700000E-03
C2         6.0          -2.6491116600E+00  -1.6061112600E+00  -4.1459300000E-03
C3         6.0          -5.4090371600E+00  -2.4408095500E+00   1.1320000000E-05
H4         1.0          -8.3418654900E+00   6.3100839000E-01   6.2875900000E-03
H5         1.0          -1.5278357300E+00  -2.0608130300E+00   1.6764551100E+00
H6         1.0          -1.5332816800E+00  -2.0595531000E+00  -1.6887091900E+00
H7         1.0          -6.2496635500E+00  -4.3117534600E+00   5.8905000000E-04
C8         6.0          -3.8687756300E+00   1.0890993700E+00  -8.9224000000E-04
O9         8.0          -3.0354815000E+00   3.2129486400E+00  -1.0716200000E-03
C10        6.0           4.0701659200E+00   5.2436454000E-01   2.2292529600E+00
C11        6.0           4.0739437600E+00   5.2454795000E-01  -2.2279118300E+00
H12        1.0           3.9012596100E+00   1.1215561100E+00  -4.1803466300E+00
C13        6.0           4.7732272300E+00  -1.7813737900E+00  -1.3874361800E+00
C14        6.0           4.7709327500E+00  -1.7814729400E+00   1.3897569700E+00
H15        1.0           3.8942250000E+00   1.1212342300E+00   4.1814395400E+00
H16        1.0           5.2714345600E+00  -3.3987633100E+00   2.5485690200E+00
H17        1.0           5.2755507500E+00  -3.3985941300E+00  -2.5455578300E+00
C18        6.0           3.5426875100E+00   2.2120684000E+00   2.9099000000E-04
H19        1.0           4.7493462100E+00   3.9075049900E+00   1.4261600000E-03
H20        1.0           1.5800394600E+00   2.9077161300E+00  -1.4133800000E-03
 
Some Atomic Properties:
----------------------
  q(A) = Net Charge of Atom A
  L(A) = Lagrangian of Atom A = -(1/4) Times Atomic Integral of the Laplacian of the Electron Density
  K(A) = Electronic Kinetic Energy of Atom A (Hamiltonian Form)
  K_Scaled(A) = K(A) * E(Mol)/K(Mol) = Approximation to Virial-Based Total Energy of Atom A.
  |Mu_Intra(A)| = Magnitude of Intraatomic Dipole Moment of Atom A
--------------------------------------------------------------------------------------------------
Atom A          q(A)              L(A)              K(A)          K_Scaled(A)      |Mu_Intra(A)|
--------------------------------------------------------------------------------------------------
C1       -8.5594555500E-02 -7.0936668680E-05  3.7769132596E+01 -3.8133853624E+01  1.9433857702E-01
C2       -2.3076192100E-02  3.0579637699E-05  3.7715342367E+01 -3.8079543965E+01  1.6065418471E-01
C3       -6.5434096400E-02  5.2373265407E-06  3.7742395218E+01 -3.8106858054E+01  1.7034120939E-01
H4        7.9332644070E-02  1.1562447384E-05  5.7532294580E-01 -5.8087860360E-01  1.4718790671E-01
H5        4.9140504480E-02  3.1916526597E-05  5.9067296799E-01 -5.9637685467E-01  1.4712920039E-01
H6        4.9019477320E-02  1.3947375816E-05  5.9070540763E-01 -5.9640960757E-01  1.4716136005E-01
H7        7.6672796400E-02  2.0699210470E-05  5.7925910054E-01 -5.8485276818E-01  1.4424024072E-01
C8        1.0938299687E+00  1.1358494168E-04  3.7001378286E+01 -3.7358685426E+01  7.9524128761E-01
O9       -1.1750163473E+00  1.3983962659E-05  7.5307180531E+01 -7.6034391097E+01  6.0525299568E-01
C10      -7.5344188400E-02  1.1380431830E-04  3.7731461805E+01 -3.8095819061E+01  1.6742893409E-01
C11      -7.5392676600E-02 -3.3807108742E-05  3.7731438035E+01 -3.8095795062E+01  1.6730424694E-01
H12       4.6257175930E-02  2.1297008086E-05  5.9195247085E-01 -5.9766871316E-01  1.5063141872E-01
C13      -6.4318206600E-02  9.1032295701E-06  3.7728243855E+01 -3.8092570037E+01  1.5212143245E-01
C14      -6.4322154400E-02  2.7539234114E-05  3.7728261413E+01 -3.8092587765E+01  1.5220565206E-01
H15       4.6264800510E-02  2.1498070332E-05  5.9194941345E-01 -5.9766562624E-01  1.5063006239E-01
H16       3.8831705030E-02  2.1162120214E-05  5.9521350558E-01 -6.0096123837E-01  1.5125563481E-01
H17       3.8834599320E-02  2.3155953851E-05  5.9521297537E-01 -6.0096070303E-01  1.5125814391E-01
C18      -2.4321363500E-02 -5.5675399517E-06  3.7714013620E+01 -3.8078202387E+01  1.7820866034E-01
H19       4.1563808260E-02  2.6602966853E-05  5.8998980267E-01 -5.9568709230E-01  1.5220728114E-01
H20       9.3426256080E-02  1.5648303817E-05  5.7154060249E-01 -5.7705973576E-01  1.2462439517E-01
--------------------------------------------------------------------------------------------------
Total     3.5395530000E-04  4.1101131661E-04  4.2004066692E+02 -4.2409682742E+02
 
1st Largest |L(A)| = 1.1380431830E-04, atom C10     
2nd Largest |L(A)| = 1.1358494168E-04, atom C8      
 
Molecular charge q(Mol) from the wfn file:   0.0000000000E+00
Molecular energy E(Mol) from the wfn file:  -4.2409676383E+02
Molecular virial ratio (-V(Mol)/T(Mol)) from the wfn file:   2.0096565900E+00
Note.  K_Scaled(A) = (1+V(Mol)/T(Mol))*K(A) = (E(Mol)/T(Mol))*K(A)
       Only use K_Scaled(A) data with caution.
 
N_AIMInt(SumA)     =         71.999646
N_Analytic(Mol)    =         71.999987
 
G_AIMInt(SumA)     =        420.040256
G_Analytic(Mol)    =        420.040571
 
K_AIMInt(SumA)     =        420.040667
K_Analytic(Mol)    =        420.040571
 
L_AIMInt(SumA)     =          0.000411
L_Analytic(Mol)    =          0.000000
 
VenT_AIMInt(SumA)  =      -1895.806747
VenT_Analytic(Mol) =      -1895.810501
 
Some Information About the Atomic Calculations:
----------------------------------------------
  Time(sec) = "Elapsed User Time", in Seconds, for Atom A by AIMInt and, if used, by TWOe
  NProc = Number of Processors Used for AIMInt Job
  BIM = Basin Integration Method
  OAQ = Angular Quadrature Outside of Beta Sphere
  ORQ = Multiple of Default for Radial Quadrature Outside of Beta Sphere
  IAQ = Multiple of Default for Angular Quadrature Inside of Beta Sphere
  IRQ = Multiple of Default for Radial Quadrature Inside of Beta Sphere
  MIR = Maximum Integration Radius
------------------------------------------------------------------------------------------------------
Atom A     Time(sec)   NProc      BIM          OAQ                     ORQ      IAQ      IRQ      MIR
------------------------------------------------------------------------------------------------------
C1             16        8     Proaim(5)    4500(GS4)                  1.00     1.00     1.00    13.00
C2             27        8     Proaim(5)    4500(GS4)                  1.00     1.00     1.00    13.00
C3             17        8     Proaim(5)    4500(GS4)                  1.00     1.00     1.00    13.00
H4              5        8     Proaim(5)    1800(GS4)                  1.00     1.00     1.00    13.00
H5             16        8     Proaim(5)    4500(GS4)                  1.00     1.00     1.00    13.00
H6             16        8     Proaim(5)    4500(GS4)                  1.00     1.00     1.00    13.00
H7              4        8     Proaim(5)    1800(GS4)                  1.00     1.00     1.00    13.00
C8             20        8     Proaim(5)    4500(GS4)                  1.00     1.00     1.00    13.00
O9             17        8     Proaim(5)    4500(GS4)                  1.00     1.00     1.00    13.00
C10            31        8     Proaim(5)    4500(GS4)                  1.00     1.00     1.00    13.00
C11            32        8     Proaim(5)    4500(GS4)                  1.00     1.00     1.00    13.00
H12             5        8     Proaim(5)    1800(GS4)                  1.00     1.00     1.00    13.00
C13            24        8     Proaim(5)    4500(GS4)                  1.00     1.00     1.00    13.00
C14            25        8     Proaim(5)    4500(GS4)                  1.00     1.00     1.00    13.00
H15             5        8     Proaim(5)    1800(GS4)                  1.00     1.00     1.00    13.00
H16             6        8     Proaim(5)    1800(GS4)                  1.00     1.00     1.00    13.00
H17             5        8     Proaim(5)    1800(GS4)                  1.00     1.00     1.00    13.00
C18            27        8     Proaim(5)    4500(GS4)                  1.00     1.00     1.00    13.00
H19             5        8     Proaim(5)    1800(GS4)                  1.00     1.00     1.00    13.00
H20            13        8     Proaim(5)    4500(GS4)                  1.00     1.00     1.00    13.00
------------------------------------------------------------------------------------------------------
Total         316
Note:  Total wall clock time is less than total of atomic times if more than one atom
       was calculated at a time
 
Electron Density Critical Point Analysis of Molecular Structure:               
---------------------------------------------------------------                
  NACP = Nuclear Attractor Critical Point                                      
  NNACP = Non-Nuclear Attractor Critical Point                                 
  BCP = Bond Critical Point                                                    
  RCP = Ring Critical Point                                                    
  CCP = Cage Critical Point                                                    
  Rho = Electron Density                                                       
  GradRho = Gradient of Electron Density                                       
  HessRho_EigVals = Eigenvalues of the Hessian of Rho, Ascending Order         
  HessRho_EigVecs = Eigenvectors of the Hessian of Rho                         
  DelSqRho = Laplacian of Rho = Trace of Hessian of Rho                        
  Bond Ellipticity = (HessRho_EigVal(1) / HessRho_EigVal(2)) - 1               
  V = Virial Field = Potential Energy Density = Trace of Stress Tensor         
  G = Lagrangian Form of Kinetic Energy Density                                
  K = Hamiltonian Form of Kinetic Energy Density                               
  L = K - G = Lagrangian Density = (-1/4)DelSqRho                              
  Vnuc = Electrostatic Potential from Nuclei                                   
  Ven = Electron-nuclear attractive contribution to Virial Field V             
  Vrep = V - Ven = Repulsive contribution to Virial Field V                    
  DelSqV = Laplacian of V                                                      
  DelSqVen = Laplacian of Ven                                                  
  DelSqVrep = Laplacian of Vrep                                                
  DelSqG = Laplacian of G                                                      
  DelSqK = Laplacian of K                                                      
  Stress_EigVals = Eigenvalues of Stress Tensor, Ascending Order               
  Stress_EigVecs = Eigenvectors of Stress Tensor                               
  -DivStress = Ehrenfest Force Density = Minus Divergence of Stress Tensor     
  ESP = Total Electrostatic Potential                                          
  ESPe = Electrostatic Potential from Electrons                                
  ESPn = Electrostatic Potential from Nuclei                                   
  BP = Bond Path                                                               
  BPL = Bond Path Length                                                       
  GBL = Geometric Bond Length                                                  
  GBL_I = Distance Between Nuclear Attractors                                  
  GBL_II = Distance Between Nuclei                                             
  GBL_III = Sum of Distances Between BCP and Nuclear Attractors                
  GBL_IV = Sum of Distances Between BCP and Nuclei                             

CP# 1      Coords = -6.42659248316347E+00 -1.00834556660989E-01  2.71287060002313E-03
           Type = (3,-3) NACP C1
           Rho =  1.1776338899E+02     Rho at Nucleus =  1.1776338898E+02
           GradRho =  2.4060753390E-12  3.0973001941E-12 -1.1415781515E-14
           HessRho_EigVals = -1.4511654056E+05 -1.4511559791E+05 -1.4511536868E+05
           HessRho_EigVec1 =  1.6847139837E-03 -4.4945232941E-04  9.9999847986E-01
           HessRho_EigVec2 =  8.5124217151E-01  5.2477169289E-01 -1.1982415515E-03
           HessRho_EigVec3 = -5.2477035662E-01  8.5124289620E-01  1.2666829861E-03
           DelSqRho = -4.3534750715E+05
           Bond Ellipticity = NA
           V = -1.0884713251E+05
           G =  5.1278604311E+00
           K =  1.0884200465E+05
           L =  1.0883687679E+05
           Vnuc =  2.1921832459E+07
           Ven = -2.5815892832E+09
           Vrep =  2.5814804361E+09
           DelSqV =  2.4971770586E+09
           DelSqVen =  9.5436228526E+12
           DelSqVrep = -9.5411256755E+12
           DelSqG =  1.3414015920E+08
           DelSqK = -2.6313172178E+09
           Stress_EigVals = -3.6282666148E+04 -3.6282451935E+04 -3.6282014425E+04
           Stress_EigVec1 =  7.5513860686E-01 -6.5556330846E-01 -1.5598181156E-03
           Stress_EigVec2 =  6.5556303130E-01  7.5514008191E-01 -7.5411887421E-04
           Stress_EigVec3 =  1.6722538437E-03 -4.5309481604E-04  9.9999849913E-01
           -DivStress =  1.8421268320E+02 -1.1087630731E+02 -4.7493843709E-01
           ESP =  -1.4723870865E+01     ESP at Nucleus =  -1.4723870867E+01
           ESPe = -2.6746181624E+01     ESPe at Nucleus = -2.6746182097E+01
           ESPn =  1.2022310759E+01     ESPn at Nucleus =  1.2022311230E+01

CP# 2      Coords = -2.64911301805635E+00 -1.60611207294931E+00 -4.14592944698400E-03
           Type = (3,-3) NACP C2
           Rho =  1.1760972591E+02     Rho at Nucleus =  1.1760972573E+02
           GradRho = -7.4414541196E-10 -4.3952502748E-10  2.6404681393E-13
           HessRho_EigVals = -1.4493284251E+05 -1.4493222630E+05 -1.4493220942E+05
           HessRho_EigVec1 =  6.4057028818E-01  7.6789906069E-01 -8.5936259309E-04
           HessRho_EigVec2 = -1.0870294806E-02  1.0186827284E-02  9.9988902646E-01
           HessRho_EigVec3 =  7.6782259839E-01 -6.4048986030E-01  1.4872668060E-02
           DelSqRho = -4.3479727823E+05
           Bond Ellipticity = NA
           V = -1.0870974355E+05
           G =  5.2119977078E+00
           K =  1.0870453156E+05
           L =  1.0869931956E+05
           Vnuc =  3.7908032156E+06
           Ven = -4.4583532718E+08
           Vrep =  4.4572661743E+08
           DelSqV =  2.4940442041E+09
           DelSqVen =  1.6482311209E+12
           DelSqVrep = -1.6457370439E+12
           DelSqG =  1.3397658638E+08
           DelSqK = -2.6280207905E+09
           Stress_EigVals = -3.6236684003E+04 -3.6236664119E+04 -3.6236395431E+04
           Stress_EigVec1 =  4.5607293313E-03 -2.0943325693E-03  9.9998740668E-01
           Stress_EigVec2 =  8.5698127820E-01 -5.1532340415E-01 -4.9877810536E-03
           Stress_EigVec3 =  5.1532736059E-01  8.5699323388E-01 -5.5544676217E-04
           -DivStress =  1.1022330203E+03  6.6434305980E+02 -4.4267050182E-01
           ESP =  -1.4725266689E+01     ESP at Nucleus =  -1.4725266697E+01
           ESPe = -2.8100424190E+01     ESPe at Nucleus = -2.8100424169E+01
           ESPn =  1.3375157502E+01     ESPn at Nucleus =  1.3375157472E+01

CP# 3      Coords = -5.40903615922267E+00 -2.44081030720218E+00  1.13180018474073E-05
           Type = (3,-3) NACP C3
           Rho =  1.1775581534E+02     Rho at Nucleus =  1.1775581522E+02
           GradRho =  3.1327118677E-10 -2.6442870116E-10 -7.0049131426E-13
           HessRho_EigVals = -1.4510166546E+05 -1.4509999683E+05 -1.4509963570E+05
           HessRho_EigVec1 =  1.6643094358E-03 -4.3325194762E-04  9.9999852118E-01
           HessRho_EigVec2 =  9.3106641328E-01  3.6484708817E-01 -1.3915139632E-03
           HessRho_EigVec3 = -3.6484594575E-01  9.3106735232E-01  1.0106047884E-03
           DelSqRho = -4.3530129800E+05
           Bond Ellipticity = NA
           V = -1.0883541790E+05
           G =  5.0466992958E+00
           K =  1.0883037120E+05
           L =  1.0882532450E+05
           Vnuc =  4.7810563690E+06
           Ven = -5.6299719091E+08
           Vrep =  5.6288835549E+08
           DelSqV =  2.4969045764E+09
           DelSqVen =  2.0812000133E+12
           DelSqVrep = -2.0787031087E+12
           DelSqG =  1.3411967743E+08
           DelSqK = -2.6310242538E+09
           Stress_EigVals = -3.6278833478E+04 -3.6278609498E+04 -3.6277974922E+04
           Stress_EigVec1 = -6.0892238295E-02  9.9814420272E-01  5.3469345864E-04
           Stress_EigVec2 =  9.9814296927E-01  6.0893035273E-02 -1.6282338764E-03
           Stress_EigVec3 =  1.6577713120E-03 -4.3455371126E-04  9.9999853148E-01
           -DivStress = -8.1753921011E+02  6.1106727830E+02  1.6293491655E+00
           ESP =  -1.4701241929E+01     ESP at Nucleus =  -1.4701241942E+01
           ESPe = -2.6692739336E+01     ESPe at Nucleus = -2.6692739660E+01
           ESPn =  1.1991497406E+01     ESPn at Nucleus =  1.1991497718E+01

CP# 4      Coords = -8.30864285062870E+00  6.18133367911174E-01  6.22546738982391E-03
           Type = (3,-3) NACP H4
           Rho =  4.2036890067E-01     Rho at Nucleus =  4.1657767717E-01
           GradRho =  3.0087506193E-09 -1.1626581989E-09 -5.6249349269E-12
           HessRho_EigVals = -6.4214119974E+00 -6.4172693140E+00 -5.8111038236E+00
           HessRho_EigVec1 =  3.5743190331E-01  9.3393919137E-01 -1.4599986501E-04
           HessRho_EigVec2 =  1.6816876869E-03 -4.8727925081E-04  9.9999846724E-01
           HessRho_EigVec3 =  9.3393768872E-01 -3.5743160098E-01 -1.7447631885E-03
           DelSqRho = -1.8649785135E+01
           Bond Ellipticity = NA
           V = -4.6711837455E+00
           G =  4.3687308827E-03
           K =  4.6668150146E+00
           L =  4.6624462838E+00
           Vnuc =  3.9433772995E+01
           Ven = -1.6576731803E+01
           Vrep =  1.1905548058E+01
           DelSqV =  7.0208272795E+02
           DelSqVen =  7.3543139849E+02
           DelSqVrep = -3.3348670541E+01
           DelSqG =  6.9285797043E+01
           DelSqK = -7.7136852500E+02
           Stress_EigVals = -1.6084686504E+00 -1.6081450252E+00 -1.4545700700E+00
           Stress_EigVec1 =  3.5990668740E-01  9.3298827455E-01 -2.3647879702E-04
           Stress_EigVec2 =  1.7122210072E-03 -4.0703765564E-04  9.9999845131E-01
           Stress_EigVec3 =  9.3298673338E-01 -3.5990653492E-01 -1.7439776974E-03
           -DivStress = -7.4347613727E+00  2.8823354648E+00  1.3902482038E-02
           ESP =  -1.0739715934E+00     ESP at Nucleus =  -1.0766069626E+00
           ESPe = -1.2441695302E+01     ESPe at Nucleus = -1.2351605705E+01
           ESPn =  1.1367723709E+01     ESPn at Nucleus =  1.1274998743E+01

CP# 5      Coords = -1.54681316501399E+00 -2.05335310503698E+00  1.64870684765002E+00
           Type = (3,-3) NACP H5
           Rho =  4.2007164494E-01     Rho at Nucleus =  4.1653312679E-01
           GradRho = -2.3449124587E-15  1.9949319974E-16 -3.3792413312E-15
           HessRho_EigVals = -6.3951790208E+00 -6.3928431224E+00 -5.8178437157E+00
           HessRho_EigVec1 =  8.2413278227E-01  2.9823905574E-01 -4.8151700159E-01
           HessRho_EigVec2 =  1.3512582437E-01 -9.2912142570E-01 -3.4420108642E-01
           HessRho_EigVec3 =  5.5004197002E-01 -2.1860201723E-01  8.0601922389E-01
           DelSqRho = -1.8605865859E+01
           Bond Ellipticity = NA
           V = -4.6612746592E+00
           G =  4.9040972649E-03
           K =  4.6563705620E+00
           L =  4.6514664647E+00
           Vnuc =  4.3204833993E+01
           Ven = -1.8149125685E+01
           Vrep =  1.3487851025E+01
           DelSqV =  7.0109731802E+02
           DelSqVen =  8.0386334572E+02
           DelSqVrep = -1.0276602770E+02
           DelSqG =  6.9029677302E+01
           DelSqK = -7.7012699533E+02
           Stress_EigVals = -1.6025200374E+00 -1.6020191037E+00 -1.4567355182E+00
           Stress_EigVec1 =  7.4770285573E-01 -3.0345688586E-01 -5.9063894044E-01
           Stress_EigVec2 = -3.7310317113E-01 -9.2777964978E-01  4.3526028761E-03
           Stress_EigVec3 =  5.4930361662E-01 -2.1711480807E-01  8.0692422004E-01
           -DivStress =  4.2331190020E+00 -1.6631409663E+00  6.1904963131E+00
           ESP =  -1.1016633612E+00     ESP at Nucleus =  -1.1040110079E+00
           ESPe = -1.5266158586E+01     ESPe at Nucleus = -1.5194035569E+01
           ESPn =  1.4164495225E+01     ESPn at Nucleus =  1.4090024561E+01

CP# 6      Coords = -1.55216704959069E+00 -2.05211400538363E+00 -1.66089749289327E+00
           Type = (3,-3) NACP H6
           Rho =  4.2008575336E-01     Rho at Nucleus =  4.1654787400E-01
           GradRho = -2.3011106909E-15  1.8023776915E-15  3.5282107097E-15
           HessRho_EigVals = -6.3954451429E+00 -6.3931095189E+00 -5.8181620445E+00
           HessRho_EigVec1 =  8.2564853901E-01  2.9815379404E-01  4.7896639249E-01
           HessRho_EigVec2 =  1.3647222476E-01 -9.2928650824E-01  3.4322283937E-01
           HessRho_EigVec3 = -5.4743019820E-01  2.1801582672E-01  8.0795375944E-01
           DelSqRho = -1.8606716706E+01
           Bond Ellipticity = NA
           V = -4.6614863343E+00
           G =  4.9035788906E-03
           K =  4.6565827555E+00
           L =  4.6516791766E+00
           Vnuc =  4.3202245414E+01
           Ven = -1.8148647812E+01
           Vrep =  1.3487161477E+01
           DelSqV =  7.0113314381E+02
           DelSqVen =  8.0385194149E+02
           DelSqVrep = -1.0271879768E+02
           DelSqG =  6.9033626314E+01
           DelSqK = -7.7016677012E+02
           Stress_EigVals = -1.6025869398E+00 -1.6020856527E+00 -1.4568137418E+00
           Stress_EigVec1 =  7.4958846115E-01 -3.0393434050E-01  5.8799749623E-01
           Stress_EigVec2 =  3.7315709029E-01  9.2776018541E-01  3.8502392041E-03
           Stress_EigVec3 = -5.4669088603E-01  2.1652933991E-01  8.0885358384E-01
           -DivStress =  4.2127735554E+00 -1.6585735053E+00 -6.2049262285E+00
           ESP =  -1.1016482268E+00     ESP at Nucleus =  -1.1039954013E+00
           ESPe = -1.5260226299E+01     ESPe at Nucleus = -1.5187992984E+01
           ESPn =  1.4158578072E+01     ESPn at Nucleus =  1.4083997582E+01

CP# 7      Coords = -6.23499664698271E+00 -4.27915917687389E+00  5.78986070523838E-04
           Type = (3,-3) NACP H7
           Rho =  4.2284699862E-01     Rho at Nucleus =  4.1901283799E-01
           GradRho =  6.3817301790E-10  1.4155496185E-09 -4.3917630356E-13
           HessRho_EigVals = -6.4551932928E+00 -6.4517017892E+00 -5.8391187210E+00
           HessRho_EigVec1 =  9.1099628593E-01 -4.1241119579E-01 -1.6651168920E-03
           HessRho_EigVec2 =  1.6347239026E-03 -4.2648481342E-04  9.9999857289E-01
           HessRho_EigVec3 =  4.1241131738E-01  9.1099770785E-01 -2.8565235844E-04
           DelSqRho = -1.8746013803E+01
           Bond Ellipticity = NA
           V = -4.6949924279E+00
           G =  4.2444885501E-03
           K =  4.6907479393E+00
           L =  4.6865034508E+00
           Vnuc =  3.9391048212E+01
           Ven = -1.6656386509E+01
           Vrep =  1.1961394081E+01
           DelSqV =  7.0546215211E+02
           DelSqVen =  7.3842513591E+02
           DelSqVrep = -3.2962983800E+01
           DelSqG =  6.9590185810E+01
           DelSqK = -7.7505233792E+02
           Stress_EigVals = -1.6171839656E+00 -1.6162687986E+00 -1.4615396636E+00
           Stress_EigVec1 =  9.1182915039E-01 -4.1056649614E-01 -1.6591388559E-03
           Stress_EigVec2 =  1.6286448279E-03 -4.2402553135E-04  9.9999858386E-01
           Stress_EigVec3 =  4.1056661824E-01  9.1183056126E-01 -2.8202816043E-04
           -DivStress = -3.2970162384E+00 -7.3305311688E+00  2.2603276418E-03
           ESP =  -1.0675184991E+00     ESP at Nucleus =  -1.0701681944E+00
           ESPe = -1.2480440738E+01     ESPe at Nucleus = -1.2391263105E+01
           ESPn =  1.1412922239E+01     ESPn at Nucleus =  1.1321094911E+01

CP# 8      Coords = -3.86877520402725E+00  1.08910036815045E+00 -8.92240327419994E-04
           Type = (3,-3) NACP C8
           Rho =  1.1782783321E+02     Rho at Nucleus =  1.1782783312E+02
           GradRho =  1.3109258123E-10  2.8050181622E-10 -7.8191793318E-14
           HessRho_EigVals = -1.4518825840E+05 -1.4518609560E+05 -1.4518604597E+05
           HessRho_EigVec1 =  1.6058231907E-03 -5.3623151618E-04  9.9999856689E-01
           HessRho_EigVec2 =  9.7617569622E-01  2.1697673625E-01 -1.4512178867E-03
           HessRho_EigVec3 = -2.1697564711E-01  9.7617662766E-01  8.7188244856E-04
           DelSqRho = -4.3556039997E+05
           Bond Ellipticity = NA
           V = -1.0889975114E+05
           G =  4.8255743195E+00
           K =  1.0889492557E+05
           L =  1.0889009999E+05
           Vnuc =  5.5287186638E+06
           Ven = -6.5143694055E+08
           Vrep =  6.5132804080E+08
           DelSqV =  2.4983759454E+09
           DelSqVen =  2.4080905011E+12
           DelSqVrep = -2.4055921252E+12
           DelSqG =  1.3419590544E+08
           DelSqK = -2.6325718509E+09
           Stress_EigVals = -3.6300330878E+04 -3.6300056875E+04 -3.6299363389E+04
           Stress_EigVec1 =  4.0129828210E-01  9.1594741338E-01 -1.5717145978E-04
           Stress_EigVec2 =  9.1594600953E-01 -4.0129795710E-01 -1.6903409581E-03
           Stress_EigVec3 =  1.6113360140E-03 -5.3437035127E-04  9.9999855902E-01
           -DivStress = -3.4605100999E+02 -8.0500694486E+02  2.7180269646E-01
           ESP =  -1.4649377735E+01     ESP at Nucleus =  -1.4649377738E+01
           ESPe = -2.8985721774E+01     ESPe at Nucleus = -2.8985721600E+01
           ESPn =  1.4336344039E+01     ESPn at Nucleus =  1.4336343862E+01

CP# 9      Coords = -3.03548483068452E+00  3.21293965187218E+00 -1.07161963625541E-03
           Type = (3,-3) NACP O9
           Rho =  2.9034489405E+02     Rho at Nucleus =  2.9034486464E+02
           GradRho =  2.6733282255E-11  5.2995829947E-11 -3.4062704914E-14
           HessRho_EigVals = -6.4027555629E+05 -6.4027033688E+05 -6.4025310051E+05
           HessRho_EigVec1 =  1.6363573488E-03 -4.9363782931E-04  9.9999853933E-01
           HessRho_EigVec2 =  3.7554279058E-01  9.2680504303E-01 -1.5701640486E-04
           HessRho_EigVec3 =  9.2680361176E-01 -3.7554249897E-01 -1.7019663710E-03
           DelSqRho = -1.9207989937E+06
           Bond Ellipticity = NA
           V = -4.8029186091E+05
           G =  4.6056244367E+01
           K =  4.8024580466E+05
           L =  4.8019974842E+05
           Vnuc =  8.3461380781E+05
           Ven = -2.4232585760E+08
           Vrep =  2.4184556574E+08
           DelSqV =  1.9807457633E+10
           DelSqVen =  1.6031253642E+12
           DelSqVrep = -1.5833179061E+12
           DelSqG =  1.0592408776E+09
           DelSqK = -2.0866698510E+10
           Stress_EigVals = -1.6010056478E+05 -1.6009628604E+05 -1.6009501009E+05
           Stress_EigVec1 =  9.2758756710E-01 -3.7360193792E-01 -1.7021592522E-03
           Stress_EigVec2 =  3.7360223353E-01  9.2758899721E-01 -1.5279933177E-04
           Stress_EigVec3 =  1.6359903203E-03 -4.9419573804E-04  9.9999853965E-01
           -DivStress =  2.1466511031E+04  5.7896420318E+04 -2.3329026612E+00
           ESP =  -2.2319759820E+01     ESP at Nucleus =  -2.2319760945E+01
           ESPe = -3.3539002604E+01     ESPe at Nucleus = -3.3538985956E+01
           ESPn =  1.1219242785E+01     ESPn at Nucleus =  1.1219225011E+01

CP# 10     Coords =  4.07016542401026E+00  5.24365816311951E-01  2.22925287417736E+00
           Type = (3,-3) NACP C10
           Rho =  1.1767643605E+02     Rho at Nucleus =  1.1767643591E+02
           GradRho = -2.7338675768E-10  5.4210955169E-10 -4.6309178714E-11
           HessRho_EigVals = -1.4500211641E+05 -1.4500144647E+05 -1.4500110177E+05
           HessRho_EigVec1 =  9.5632346157E-01  2.9225243482E-01  5.8267651208E-03
           HessRho_EigVec2 =  1.2650554080E-01 -4.3176350054E-01  8.9307145725E-01
           HessRho_EigVec3 = -2.6351809236E-01  8.5332806935E-01  4.4987711774E-01
           DelSqRho = -4.3500466464E+05
           Bond Ellipticity = NA
           V = -1.0876139786E+05
           G =  5.1158498838E+00
           K =  1.0875628201E+05
           L =  1.0875116616E+05
           Vnuc =  4.3732377154E+06
           Ven = -5.1462702835E+08
           Vrep =  5.1451826695E+08
           DelSqV =  2.4952113152E+09
           DelSqVen =  1.9023786803E+12
           DelSqVrep = -1.8998834690E+12
           DelSqG =  1.3402758579E+08
           DelSqK = -2.6292389010E+09
           Stress_EigVals = -3.6254064593E+04 -3.6253869465E+04 -3.6253463802E+04
           Stress_EigVec1 = -2.2080474807E-01  7.2380919815E-01  6.5371668779E-01
           Stress_EigVec2 =  1.9059075118E-01 -6.2531647046E-01  7.5673937213E-01
           Stress_EigVec3 =  9.5651473005E-01  2.9168400100E-01  1.2150693994E-04
           -DivStress =  4.0219751336E+02 -1.0369377691E+03  7.5579958201E+01
           ESP =  -1.4753816104E+01     ESP at Nucleus =  -1.4753816119E+01
           ESPe = -2.7631679173E+01     ESPe at Nucleus = -2.7631679548E+01
           ESPn =  1.2877863069E+01     ESPn at Nucleus =  1.2877863429E+01

CP# 11     Coords =  4.07394326420007E+00  5.24549226699588E-01 -2.22791174496979E+00
           Type = (3,-3) NACP C11
           Rho =  1.1767641799E+02     Rho at Nucleus =  1.1767641785E+02
           GradRho = -2.0795766498E-10  5.3484161544E-10 -3.5549341248E-13
           HessRho_EigVals = -1.4500208845E+05 -1.4500141849E+05 -1.4500107374E+05
           HessRho_EigVec1 =  9.5636017796E-01  2.9215942510E-01 -4.2520977696E-03
           HessRho_EigVec2 = -1.2790700550E-01  4.3168861901E-01  8.9290802111E-01
           HessRho_EigVec3 = -2.6270707633E-01  8.5339780088E-01 -4.5021904169E-01
           DelSqRho = -4.3500458069E+05
           Bond Ellipticity = NA
           V = -1.0876137684E+05
           G =  5.1158360165E+00
           K =  1.0875626101E+05
           L =  1.0875114517E+05
           Vnuc =  4.3724642640E+06
           Ven = -5.1453593236E+08
           Vrep =  5.1442717098E+08
           DelSqV =  2.4952108338E+09
           DelSqVen =  1.9020419564E+12
           DelSqVrep = -1.8995467455E+12
           DelSqG =  1.3402755438E+08
           DelSqK = -2.6292383882E+09
           Stress_EigVals = -3.6254057595E+04 -3.6253862460E+04 -3.6253456788E+04
           Stress_EigVec1 = -2.1968632630E-01  7.2388937434E-01 -6.5400465729E-01
           Stress_EigVec2 = -1.9179975489E-01  6.2524966620E-01  7.5648906730E-01
           Stress_EigVec3 =  9.5653059128E-01  2.9162823705E-01  1.4830023764E-03
           -DivStress =  4.0205035044E+02 -1.0372516138E+03 -7.4938020849E+01
           ESP =  -1.4753820837E+01     ESP at Nucleus =  -1.4753820852E+01
           ESPe = -2.7630581477E+01     ESPe at Nucleus = -2.7630581852E+01
           ESPn =  1.2876760640E+01     ESPn at Nucleus =  1.2876761000E+01

CP# 12     Coords =  3.90418160346259E+00  1.11143834382328E+00 -4.14693923628215E+00
           Type = (3,-3) NACP H12
           Rho =  4.2525746065E-01     Rho at Nucleus =  4.2155320756E-01
           GradRho =  2.9057570109E-10 -1.0062496227E-09  3.3275944274E-09
           HessRho_EigVals = -6.4828455046E+00 -6.4767168746E+00 -5.8804432284E+00
           HessRho_EigVec1 = -2.8408861524E-01  9.1078504286E-01  2.9960684970E-01
           HessRho_EigVec2 =  9.5518611796E-01  2.9594379186E-01  6.0623527014E-03
           HessRho_EigVec3 =  8.3145287003E-02 -2.8790254906E-01  9.5404349140E-01
           DelSqRho = -1.8840005608E+01
           Bond Ellipticity = NA
           V = -4.7193556632E+00
           G =  4.6771306269E-03
           K =  4.7146785325E+00
           L =  4.7100014019E+00
           Vnuc =  4.0997239310E+01
           Ven = -1.7434381883E+01
           Vrep =  1.2715026219E+01
           DelSqV =  7.0950144342E+02
           DelSqVen =  7.7238822417E+02
           DelSqVrep = -6.2886780754E+01
           DelSqG =  6.9899015172E+01
           DelSqK = -7.7940045859E+02
           Stress_EigVals = -1.6240173052E+00 -1.6236095145E+00 -1.4717288434E+00
           Stress_EigVec1 = -2.6999094906E-01  9.1452432770E-01  3.0124764143E-01
           Stress_EigVec2 =  9.5923095309E-01  2.8261806271E-01  1.7347242750E-03
           Stress_EigVec3 =  8.3551577266E-02 -2.8943442206E-01  9.5354436146E-01
           -DivStress = -6.6063432579E-01  2.2873016488E+00 -7.5487793210E+00
           ESP =  -1.1108334385E+00     ESP at Nucleus =  -1.1133606645E+00
           ESPe = -1.3559487810E+01     ESPe at Nucleus = -1.3471200051E+01
           ESPn =  1.2448654371E+01     ESPn at Nucleus =  1.2357839387E+01

CP# 13     Coords =  4.77322751385079E+00 -1.78137499191405E+00 -1.38743539953777E+00
           Type = (3,-3) NACP C13
           Rho =  1.1767605140E+02     Rho at Nucleus =  1.1767605124E+02
           GradRho =  1.9794996198E-10 -5.8391569357E-10  3.7483594006E-10
           HessRho_EigVals = -1.4499925208E+05 -1.4499846216E+05 -1.4499815690E+05
           HessRho_EigVec1 =  9.5833014728E-01  2.8563715360E-01  3.8399594618E-03
           HessRho_EigVec2 = -4.6496473707E-02  1.4270731538E-01  9.8867219040E-01
           HessRho_EigVec3 = -2.8185352000E-01  9.4765291042E-01 -1.5004184297E-01
           DelSqRho = -4.3499587115E+05
           Bond Ellipticity = NA
           V = -1.0875921233E+05
           G =  5.1222706686E+00
           K =  1.0875409006E+05
           L =  1.0874896779E+05
           Vnuc =  4.1070110589E+06
           Ven = -4.8329684446E+08
           Vrep =  4.8318808525E+08
           DelSqV =  2.4951586900E+09
           DelSqVen =  1.7865327370E+12
           DelSqVrep = -1.7840375783E+12
           DelSqG =  1.3402243003E+08
           DelSqK = -2.6291811200E+09
           Stress_EigVals = -3.6253332000E+04 -3.6253164064E+04 -3.6252716264E+04
           Stress_EigVec1 = -2.8931662651E-01  9.5604412682E-01  4.7702381401E-02
           Stress_EigVec2 =  1.0389970224E-02 -4.6694267481E-02  9.9885519166E-01
           Stress_EigVec3 =  9.5717706729E-01  2.8948104075E-01  3.5761579346E-03
           -DivStress = -2.2994217245E+02  9.7050160869E+02 -6.3789392723E+02
           ESP =  -1.4752362509E+01     ESP at Nucleus =  -1.4752362528E+01
           ESPe = -2.7341321348E+01     ESPe at Nucleus = -2.7341322453E+01
           ESPn =  1.2588958839E+01     ESPn at Nucleus =  1.2588959925E+01

CP# 14     Coords =  4.77093303437077E+00 -1.78147414197717E+00  1.38975619030701E+00
           Type = (3,-3) NACP C14
           Rho =  1.1767609268E+02     Rho at Nucleus =  1.1767609252E+02
           GradRho =  1.1746498219E-10 -5.9880522763E-10 -3.8472447450E-10
           HessRho_EigVals = -1.4499930990E+05 -1.4499851985E+05 -1.4499821470E+05
           HessRho_EigVec1 =  9.5832792380E-01  2.8566165722E-01 -2.2378682716E-03
           HessRho_EigVec2 =  4.4883880711E-02 -1.4282921659E-01  9.8872910959E-01
           HessRho_EigVec3 = -2.8212236302E-01  9.4762715900E-01  1.4969883034E-01
           DelSqRho = -4.3499604446E+05
           Bond Ellipticity = NA
           V = -1.0875925567E+05
           G =  5.1222786188E+00
           K =  1.0875413339E+05
           L =  1.0874901111E+05
           Vnuc =  4.1077356817E+06
           Ven = -4.8338228477E+08
           Vrep =  4.8327352551E+08
           DelSqV =  2.4951596838E+09
           DelSqVen =  1.7868488131E+12
           DelSqVrep = -1.7843536616E+12
           DelSqG =  1.3402249007E+08
           DelSqK = -2.6291821739E+09
           Stress_EigVals = -3.6253346441E+04 -3.6253178533E+04 -3.6252730698E+04
           Stress_EigVec1 = -2.8927135404E-01  9.5603760200E-01 -4.8106000605E-02
           Stress_EigVec2 = -1.2031279630E-02  4.6619406864E-02  9.9884026712E-01
           Stress_EigVec3 =  9.5717152697E-01  2.8951465328E-01 -1.9833032212E-03
           -DivStress = -2.3036936661E+02  9.7055498112E+02  6.3726984167E+02
           ESP =  -1.4752357765E+01     ESP at Nucleus =  -1.4752357783E+01
           ESPe = -2.7341848740E+01     ESPe at Nucleus = -2.7341849845E+01
           ESPn =  1.2589490975E+01     ESPn at Nucleus =  1.2589492061E+01

CP# 15     Coords =  3.89720290458328E+00  1.11111865767226E+00  4.14803621314464E+00
           Type = (3,-3) NACP H15
           Rho =  4.2525675440E-01     Rho at Nucleus =  4.2155246778E-01
           GradRho =  2.9494592337E-10 -1.0019647924E-09 -3.3137365304E-09
           HessRho_EigVals = -6.4828337837E+00 -6.4767053289E+00 -5.8804286701E+00
           HessRho_EigVec1 = -2.8358553223E-01  9.1080621138E-01 -3.0001881813E-01
           HessRho_EigVec2 =  9.5519545272E-01  2.9594238119E-01 -4.4445606641E-03
           HessRho_EigVec3 = -8.4740149981E-02  2.8783702391E-01  9.5392292909E-01
           DelSqRho = -1.8839967783E+01
           Bond Ellipticity = NA
           V = -4.7193460339E+00
           G =  4.6770441253E-03
           K =  4.7146689898E+00
           L =  4.7099919457E+00
           Vnuc =  4.0998776204E+01
           Ven = -1.7435006503E+01
           Vrep =  1.2715660469E+01
           DelSqV =  7.0949983439E+02
           DelSqVen =  7.7241562847E+02
           DelSqVrep = -6.2915794079E+01
           DelSqG =  6.9898850830E+01
           DelSqK = -7.7939868522E+02
           Stress_EigVals = -1.6240143645E+00 -1.6236064766E+00 -1.4717251928E+00
           Stress_EigVec1 = -2.6946863974E-01  9.1455042005E-01 -3.0163584233E-01
           Stress_EigVec2 =  9.5923760635E-01  2.8260078461E-01 -1.0538104605E-04
           Stress_EigVec3 = -8.5146149429E-02  2.8936884027E-01  9.5342320483E-01
           -DivStress = -6.7326730145E-01  2.2868013496E+00  7.5478446553E+00
           ESP =  -1.1108288953E+00     ESP at Nucleus =  -1.1133561394E+00
           ESPe = -1.3561180370E+01     ESPe at Nucleus = -1.3472898674E+01
           ESPn =  1.2450351474E+01     ESPn at Nucleus =  1.2359542534E+01

CP# 16     Coords =  5.26296223021734E+00 -3.37145228346950E+00  2.52886790444261E+00
           Type = (3,-3) NACP H16
           Rho =  4.2691594244E-01     Rho at Nucleus =  4.2325386495E-01
           GradRho = -2.0443716164E-15  3.3263322652E-15 -1.9602375279E-15
           HessRho_EigVals = -6.5185438717E+00 -6.5128160191E+00 -5.9182415987E+00
           HessRho_EigVec1 = -1.6874888959E-01  5.4245059217E-01  8.2296486396E-01
           HessRho_EigVec2 =  9.5504212812E-01  2.9646983111E-01  4.1564737930E-04
           HessRho_EigVec3 = -2.4375878606E-01  7.8603625508E-01 -5.6809212274E-01
           DelSqRho = -1.8949601489E+01
           Bond Ellipticity = NA
