AIMSum (Version 19.02.13, Professional)
Copyright (c) 1997-2019 by Todd A. Keith
AIMSum is a component of the AIMAll package ( http://aim.tkgristmill.com )

TP:  64-bit Linux

Much of the Quantum Theory of Atoms in Molecules (QTAIM) is described in the book:
  "Atoms in Molecules - A Quantum Theory"
  R.F.W. Bader, Oxford University Press, Oxford, 1990

For additional references see:  http://aim.tkgristmill.com/references.html

Wfn File:  /home/mhennefarth/Documents/ML_Diels/summary-paton2011/x5-opt/x5-opt.wfn
Sum File:  /home/mhennefarth/Documents/ML_Diels/summary-paton2011/x5-opt/x5-opt.sum

SumViz File:  /home/mhennefarth/Documents/ML_Diels/summary-paton2011/x5-opt/x5-opt.sumviz

Wfn Title:   Title Card Required                                                           
 
Total memory allocated for AIMSum =        1.186 Megabytes

Atomic units (a.u.) used throughout, except where stated otherwise

Model:  Restricted SCF
 
Restricted, closed-shell, single-determinant wavefunction.
  Number of electrons (from MO Occs)                   =          80.0000000000
  Number of Alpha electrons (from MO Occs)             =          40.0000000000
  Number of Beta electrons (from MO Occs)              =          40.0000000000
  Number of electron pairs (N*(N-1)/2)                 =        3160.0000000000
  Number of electron pairs (from Muller 2EDM)          =        3160.0000000000
 
Nuclear Charges and Cartesian Coordinates:
-------------------------------------------------------------------------------
Atom      Charge                X                  Y                  Z
-------------------------------------------------------------------------------
C1         6.0          -1.9007748800E+00  -1.6890573500E+00  -4.4915935000E-01
C2         6.0           5.3537229100E+00   1.4149724500E+00  -1.8739251100E+00
C3         6.0           5.6541471400E+00  -1.3374381900E+00  -1.6397376200E+00
H4         1.0          -8.1485410000E-02  -2.6024469100E+00  -7.2314890000E-01
H5         1.0           5.9700917200E+00  -2.6052878600E+00  -3.2208703200E+00
H6         1.0           5.4101772400E+00   2.4383823700E+00  -3.6500811900E+00
C7         6.0          -6.3573283800E+00  -1.1317290400E+00   2.8538565000E-01
C8         6.0          -4.2967649400E+00  -3.1755405100E+00   7.7141900000E-03
C9         6.0          -2.2712051600E+00   8.1987226000E-01  -4.7153436000E-01
H10        1.0          -7.2992932000E+00  -1.1730312900E+00   2.1278196600E+00
H11        1.0          -4.6682856800E+00  -4.4768610800E+00  -1.5656835200E+00
H12        1.0          -4.1170181800E+00  -4.3643138200E+00   1.6994692500E+00
H13        1.0          -8.4613850000E-01   2.2621046400E+00  -7.6367079000E-01
H14        1.0          -7.8428851000E+00  -1.2790572600E+00  -1.1482587300E+00
C15        6.0          -4.9717748200E+00   1.4092124800E+00  -2.8343210000E-02
O16        8.0          -5.9440639700E+00   3.4903481800E+00   7.6529860000E-02
C17        6.0           5.0152045000E+00   2.4248534600E+00   4.4370768000E-01
H18        1.0           4.7488660900E+00   4.4045607700E+00   8.9778044000E-01
C19        6.0           5.4947761200E+00  -1.9973582200E+00   8.1978189000E-01
H20        1.0           5.6613233600E+00  -3.8835304200E+00   1.6022859200E+00
C21        6.0           5.0701480100E+00   3.4309778000E-01   2.3852268800E+00
H22        1.0           6.5795747600E+00   6.2494390000E-01   3.7888554600E+00
H23        1.0           3.2966817600E+00   2.4644088000E-01   3.4685640100E+00
 
Some Atomic Properties:
----------------------
  q(A) = Net Charge of Atom A
  L(A) = Lagrangian of Atom A = -(1/4) Times Atomic Integral of the Laplacian of the Electron Density
  K(A) = Electronic Kinetic Energy of Atom A (Hamiltonian Form)
  K_Scaled(A) = K(A) * E(Mol)/K(Mol) = Approximation to Virial-Based Total Energy of Atom A.
  |Mu_Intra(A)| = Magnitude of Intraatomic Dipole Moment of Atom A
--------------------------------------------------------------------------------------------------
Atom A          q(A)              L(A)              K(A)          K_Scaled(A)      |Mu_Intra(A)|
--------------------------------------------------------------------------------------------------
C1       -7.0771866400E-02 -7.8864373379E-06  3.7751918250E+01 -3.8118731366E+01  1.2059567396E-01
C2       -5.6646788300E-02 -7.3489830006E-05  3.7726465172E+01 -3.8093030976E+01  1.5823916870E-01
C3       -5.9688971700E-02 -1.4799007099E-05  3.7727835236E+01 -3.8094414352E+01  1.5565425568E-01
H4        7.1575075900E-02  1.4889125435E-05  5.8327208155E-01 -5.8893939223E-01  1.4235148903E-01
H5        4.5807509290E-02  2.1691134040E-05  5.9262064048E-01 -5.9837878560E-01  1.4946690075E-01
H6        4.8218187890E-02  2.0662397690E-05  5.9172536432E-01 -5.9747481057E-01  1.4897201480E-01
C7       -3.2435804300E-02 -1.6234718024E-04  3.7725431395E+01 -3.8091987154E+01  9.1813743309E-02
C8        6.3527641000E-03 -2.8651288856E-04  3.7678781729E+01 -3.8044884221E+01  1.2239870795E-01
C9       -6.9798007600E-02 -3.3173096010E-05  3.7771680990E+01 -3.8138686129E+01  1.6503942653E-01
H10       3.9196756190E-02  2.8450219620E-05  5.9735090655E-01 -6.0315501287E-01  1.4817506722E-01
H11       2.4500431030E-02  2.5738057925E-05  6.0438557942E-01 -6.1025803751E-01  1.5246914472E-01
H12       2.3552681080E-02  2.3684780827E-05  6.0472982038E-01 -6.1060562326E-01  1.5269005622E-01
H13       7.8633501780E-02  2.1508062882E-05  5.7803009027E-01 -5.8364646761E-01  1.4359519740E-01
H14       3.9749160100E-02  2.7231125338E-05  5.9712755916E-01 -6.0292949534E-01  1.4800306890E-01
C15       1.0506557053E+00 -2.8820477419E-04  3.7030345718E+01 -3.7390147739E+01  8.3674677254E-01
O16      -1.1705853950E+00  3.8834623690E-05  7.5306764045E+01 -7.6038475440E+01  5.7758401947E-01
C17      -7.4258316700E-02 -2.0509074247E-05  3.7731078254E+01 -3.8097688880E+01  1.7620087385E-01
H18       5.3662342760E-02  2.1031852116E-05  5.8895073883E-01 -5.9467322568E-01  1.4887811346E-01
C19      -7.8490556500E-02  2.6611658875E-05  3.7732186543E+01 -3.8098807937E+01  1.7372009897E-01
H20       4.8844974690E-02  1.9718404479E-05  5.9081322942E-01 -5.9655381299E-01  1.4999334914E-01
C21      -1.2015800400E-02 -5.5233068919E-05  3.7704362945E+01 -3.8070713994E+01  1.4882636157E-01
H22       4.6184947900E-02  2.6671388721E-05  5.8870831323E-01 -5.9442844457E-01  1.5093368763E-01
H23       4.7241417730E-02  2.6866160272E-05  5.8825938477E-01 -5.9397515414E-01  1.5032511975E-01
--------------------------------------------------------------------------------------------------
Total    -5.1605116000E-04 -5.9856636470E-04  4.5899282399E+02 -4.6345258645E+02
 
1st Largest |L(A)| = 2.8820477419E-04, atom C15     
2nd Largest |L(A)| = 2.8651288856E-04, atom C8      
 
Molecular charge q(Mol) from the wfn file:   0.0000000000E+00
Molecular energy E(Mol) from the wfn file:  -4.6345276535E+02
Molecular virial ratio (-V(Mol)/T(Mol)) from the wfn file:   2.0097164100E+00
Note.  K_Scaled(A) = (1+V(Mol)/T(Mol))*K(A) = (E(Mol)/T(Mol))*K(A)
       Only use K_Scaled(A) data with caution.
 
N_AIMInt(SumA)     =         80.000516
N_Analytic(Mol)    =         79.999985
 
G_AIMInt(SumA)     =        458.993423
G_Analytic(Mol)    =        458.992966
 
K_AIMInt(SumA)     =        458.992824
K_Analytic(Mol)    =        458.992966
 
L_AIMInt(SumA)     =         -0.000599
L_Analytic(Mol)    =          0.000000
 
VenT_AIMInt(SumA)  =      -2141.126486
VenT_Analytic(Mol) =      -2141.119186
 
Some Information About the Atomic Calculations:
----------------------------------------------
  Time(sec) = "Elapsed User Time", in Seconds, for Atom A by AIMInt and, if used, by TWOe
  NProc = Number of Processors Used for AIMInt Job
  BIM = Basin Integration Method
  OAQ = Angular Quadrature Outside of Beta Sphere
  ORQ = Multiple of Default for Radial Quadrature Outside of Beta Sphere
  IAQ = Multiple of Default for Angular Quadrature Inside of Beta Sphere
  IRQ = Multiple of Default for Radial Quadrature Inside of Beta Sphere
  MIR = Maximum Integration Radius
------------------------------------------------------------------------------------------------------
Atom A     Time(sec)   NProc      BIM          OAQ                     ORQ      IAQ      IRQ      MIR
------------------------------------------------------------------------------------------------------
C1             34        8     Proaim(5)    4500(GS4)                  1.00     1.00     1.00    13.00
C2             24        8     Proaim(5)    4500(GS4)                  1.00     1.00     1.00    13.00
C3             26        8     Proaim(5)    4500(GS4)                  1.00     1.00     1.00    13.00
H4             33        8     Proaim(5)    4500(GS4)                  1.00     1.00     1.00    13.00
H5              5        8     Proaim(5)    1800(GS4)                  1.00     1.00     1.00    13.00
H6              5        8     Proaim(5)    1800(GS4)                  1.00     1.00     1.00    13.00
C7             21        8     Proaim(5)    4500(GS4)                  1.00     1.00     1.00    13.00
C8             22        8     Proaim(5)    4500(GS4)                  1.00     1.00     1.00    13.00
C9             26        8     Proaim(5)    4500(GS4)                  1.00     1.00     1.00    13.00
H10             6        8     Proaim(5)    1800(GS4)                  1.00     1.00     1.00    13.00
H11             6        8     Proaim(5)    1800(GS4)                  1.00     1.00     1.00    13.00
H12             7        8     Proaim(5)    1800(GS4)                  1.00     1.00     1.00    13.00
H13            17        8     Proaim(5)    4500(GS4)                  1.00     1.00     1.00    13.00
H14             6        8     Proaim(5)    1800(GS4)                  1.00     1.00     1.00    13.00
C15            16        8     Proaim(5)    4500(GS4)                  1.00     1.00     1.00    13.00
O16             9        8     Proaim(5)    2700(GS4)                  1.00     1.00     1.00    13.00
C17            34        8     Proaim(5)    4500(GS4)                  1.00     1.00     1.00    13.00
H18             5        8     Proaim(5)    1800(GS4)                  1.00     1.00     1.00    13.00
C19            52        8     Proaim(5)    4500(GS4)                  1.00     1.00     1.00    13.00
H20             6        8     Proaim(5)    1800(GS4)                  1.00     1.00     1.00    13.00
C21            62        8     Proaim(5)    4500(GS4)                  1.00     1.00     1.00    13.00
H22             6        8     Proaim(5)    1800(GS4)                  1.00     1.00     1.00    13.00
H23            35        8     Proaim(5)    1800(GS4)                  1.00     1.00     1.00    13.00
------------------------------------------------------------------------------------------------------
Total         463
Note:  Total wall clock time is less than total of atomic times if more than one atom
       was calculated at a time
 
Electron Density Critical Point Analysis of Molecular Structure:               
---------------------------------------------------------------                
  NACP = Nuclear Attractor Critical Point                                      
  NNACP = Non-Nuclear Attractor Critical Point                                 
  BCP = Bond Critical Point                                                    
  RCP = Ring Critical Point                                                    
  CCP = Cage Critical Point                                                    
  Rho = Electron Density                                                       
  GradRho = Gradient of Electron Density                                       
  HessRho_EigVals = Eigenvalues of the Hessian of Rho, Ascending Order         
  HessRho_EigVecs = Eigenvectors of the Hessian of Rho                         
  DelSqRho = Laplacian of Rho = Trace of Hessian of Rho                        
  Bond Ellipticity = (HessRho_EigVal(1) / HessRho_EigVal(2)) - 1               
  V = Virial Field = Potential Energy Density = Trace of Stress Tensor         
  G = Lagrangian Form of Kinetic Energy Density                                
  K = Hamiltonian Form of Kinetic Energy Density                               
  L = K - G = Lagrangian Density = (-1/4)DelSqRho                              
  Vnuc = Electrostatic Potential from Nuclei                                   
  Ven = Electron-nuclear attractive contribution to Virial Field V             
  Vrep = V - Ven = Repulsive contribution to Virial Field V                    
  DelSqV = Laplacian of V                                                      
  DelSqVen = Laplacian of Ven                                                  
  DelSqVrep = Laplacian of Vrep                                                
  DelSqG = Laplacian of G                                                      
  DelSqK = Laplacian of K                                                      
  Stress_EigVals = Eigenvalues of Stress Tensor, Ascending Order               
  Stress_EigVecs = Eigenvectors of Stress Tensor                               
  -DivStress = Ehrenfest Force Density = Minus Divergence of Stress Tensor     
  ESP = Total Electrostatic Potential                                          
  ESPe = Electrostatic Potential from Electrons                                
  ESPn = Electrostatic Potential from Nuclei                                   
  BP = Bond Path                                                               
  BPL = Bond Path Length                                                       
  GBL = Geometric Bond Length                                                  
  GBL_I = Distance Between Nuclear Attractors                                  
  GBL_II = Distance Between Nuclei                                             
  GBL_III = Sum of Distances Between BCP and Nuclear Attractors                
  GBL_IV = Sum of Distances Between BCP and Nuclei                             

CP# 1      Coords = -1.90077537223509E+00 -1.68905883552275E+00 -4.49159209364969E-01
           Type = (3,-3) NACP C1
           Rho =  1.1774482884E+02     Rho at Nucleus =  1.1774482866E+02
           GradRho = -2.5011349589E-10 -8.0278473018E-10  7.7903707357E-11
           HessRho_EigVals = -1.4508959331E+05 -1.4508796085E+05 -1.4508757609E+05
           HessRho_EigVec1 =  1.6903031032E-01  3.4253998760E-02  9.8501544037E-01
           HessRho_EigVec2 =  9.1346648318E-01  3.6987803352E-01 -1.6961492985E-01
           HessRho_EigVec3 = -3.7014556366E-01  9.2844865442E-01  3.1230719003E-02
           DelSqRho = -4.3526513025E+05
           Bond Ellipticity = NA
           V = -1.0882641572E+05
           G =  5.0665794312E+00
           K =  1.0882134914E+05
           L =  1.0881628256E+05
           Vnuc =  3.8186109771E+06
           Ven = -4.4962169590E+08
           Vrep =  4.4951286949E+08
           DelSqV =  2.4967002606E+09
           DelSqVen =  1.6621083034E+12
           DelSqVrep = -1.6596115048E+12
           DelSqG =  1.3411012855E+08
           DelSqK = -2.6308103891E+09
           Stress_EigVals = -3.6275824946E+04 -3.6275616388E+04 -3.6274974387E+04
           Stress_EigVec1 = -4.8476716071E-01  8.7307844676E-01  5.2295561044E-02
           Stress_EigVec2 =  8.5837243818E-01  4.8637711521E-01 -1.6319944601E-01
           Stress_EigVec3 =  1.6792128295E-01  3.4224663834E-02  9.8520612824E-01
           -DivStress =  4.0536698266E+02  1.2077010723E+03 -1.1463500672E+02
           ESP =  -1.4719653754E+01     ESP at Nucleus =  -1.4719653771E+01
           ESPe = -2.9195062798E+01     ESPe at Nucleus = -2.9195063818E+01
           ESPn =  1.4475409044E+01     ESPn at Nucleus =  1.4475410047E+01

CP# 2      Coords =  5.35372305474369E+00  1.41497147410193E+00 -1.87392613291924E+00
           Type = (3,-3) NACP C2
           Rho =  1.1767761798E+02     Rho at Nucleus =  1.1767761784E+02
           GradRho =  9.3876116949E-11 -4.3520300167E-10 -4.6025834061E-10
           HessRho_EigVals = -1.4500072398E+05 -1.4499988730E+05 -1.4499956976E+05
           HessRho_EigVec1 =  9.8938342546E-01  1.1307877966E-01  9.1288701418E-02
           HessRho_EigVec2 = -9.6878304987E-02  9.8140636005E-01 -1.6569897550E-01
           HessRho_EigVec3 = -1.0832835011E-01  1.5509592532E-01  9.8194206678E-01
           DelSqRho = -4.3500018104E+05
           Bond Ellipticity = NA
           V = -1.0876029245E+05
           G =  5.1235929429E+00
           K =  1.0875516885E+05
           L =  1.0875004526E+05
           Vnuc =  4.2219207842E+06
           Ven = -4.9682558120E+08
           Vrep =  4.9671682090E+08
           DelSqV =  2.4951827874E+09
           DelSqVen =  1.8365363814E+12
           DelSqVrep = -1.8340411987E+12
           DelSqG =  1.3402326274E+08
           DelSqK = -2.6292060502E+09
           Stress_EigVals = -3.6253700802E+04 -3.6253524489E+04 -3.6253067154E+04
           Stress_EigVec1 = -9.3819115925E-02 -3.3267748392E-03  9.9558370118E-01
           Stress_EigVec2 = -1.1314870990E-01  9.9355093246E-01 -7.3426188866E-03
           Stress_EigVec3 =  9.8913868741E-01  1.1333788940E-01  9.3590490391E-02
           -DivStress = -1.1811479456E+02  7.9596990795E+02  8.2498530374E+02
           ESP =  -1.4740920686E+01     ESP at Nucleus =  -1.4740920703E+01
           ESPe = -2.7906038449E+01     ESPe at Nucleus = -2.7906039221E+01
           ESPn =  1.3165117763E+01     ESPn at Nucleus =  1.3165118518E+01

CP# 3      Coords =  5.65414703789311E+00 -1.33743751504992E+00 -1.63973879554551E+00
           Type = (3,-3) NACP C3
           Rho =  1.1768197561E+02     Rho at Nucleus =  1.1768197548E+02
           GradRho = -9.1656729082E-11  2.6573846834E-10 -4.8754656204E-10
           HessRho_EigVals = -1.4500709632E+05 -1.4500623390E+05 -1.4500593719E+05
           HessRho_EigVec1 =  9.8827485981E-01  1.2469759304E-01  8.8109657536E-02
           HessRho_EigVec2 = -1.2722873659E-01  9.9159025930E-01  2.3698232997E-02
           HessRho_EigVec3 = -8.4413565549E-02 -3.4630448302E-02  9.9582884172E-01
           DelSqRho = -4.3501926741E+05
           Bond Ellipticity = NA
           V = -1.0876506150E+05
           G =  5.1223256456E+00
           K =  1.0875993918E+05
           L =  1.0875481685E+05
           Vnuc =  4.4138178239E+06
           Ven = -5.1942680152E+08
           Vrep =  5.1931803646E+08
           DelSqV =  2.4952928514E+09
           DelSqVen =  1.9200957481E+12
           DelSqVrep = -1.9176004552E+12
           DelSqG =  1.3403008811E+08
           DelSqK = -2.6293229395E+09
           Stress_EigVals = -3.6255287866E+04 -3.6255119241E+04 -3.6254654398E+04
           Stress_EigVec1 = -1.1034041648E-01  1.4128373792E-01  9.8380074095E-01
           Stress_EigVec2 = -1.0710326320E-01  9.8239056912E-01 -1.5309363380E-01
           Stress_EigVec3 =  9.8810621064E-01  1.2226068500E-01  9.3265435175E-02
           -DivStress =  8.3183774195E+01 -5.5254442619E+02  9.4973975525E+02
           ESP =  -1.4739658770E+01     ESP at Nucleus =  -1.4739658786E+01
           ESPe = -2.7850039495E+01     ESPe at Nucleus = -2.7850040303E+01
           ESPn =  1.3110380726E+01     ESPn at Nucleus =  1.3110381517E+01

CP# 4      Coords = -1.13426305933545E-01 -2.58684645612387E+00 -7.18343028767797E-01
           Type = (3,-3) NACP H4
           Rho =  4.2322506936E-01     Rho at Nucleus =  4.1936721599E-01
           GradRho = -4.9756337874E-10  2.4312822379E-10  7.4868523191E-11
           HessRho_EigVals = -6.4496288487E+00 -6.4446228679E+00 -5.8321514023E+00
           HessRho_EigVec1 =  4.2621709303E-01  8.9879899993E-01 -1.0246632293E-01
           HessRho_EigVec2 =  1.6506052291E-01  3.4099727701E-02  9.8569378224E-01
           HessRho_EigVec3 =  8.8943465942E-01 -4.3703268333E-01 -1.3382234610E-01
           DelSqRho = -1.8726403119E+01
           Bond Ellipticity = NA
           V = -4.6905769216E+00
           G =  4.4880709131E-03
           K =  4.6860888506E+00
           L =  4.6816007797E+00
           Vnuc =  4.2864562850E+01
           Ven = -1.8141357585E+01
           Vrep =  1.3450780664E+01
           DelSqV =  7.0444465714E+02
           DelSqVen =  8.0269908431E+02
           DelSqVrep = -9.8254427169E+01
           DelSqG =  6.9395230100E+01
           DelSqK = -7.7383988724E+02
           Stress_EigVals = -1.6157874044E+00 -1.6147676467E+00 -1.4600218704E+00
           Stress_EigVec1 =  4.2821732496E-01  8.9822350938E-01 -9.9118362607E-02
           Stress_EigVec2 =  1.6362772836E-01  3.0801421174E-02  9.8604119537E-01
           Stress_EigVec3 =  8.8873836933E-01 -4.3845843549E-01 -1.3378457022E-01
           -DivStress =  7.1735802428E+00 -3.5042497434E+00 -1.0792897565E+00
           ESP =  -1.0894547211E+00     ESP at Nucleus =  -1.0920699124E+00
           ESPe = -1.6075941286E+01     ESPe at Nucleus = -1.6005523181E+01
           ESPn =  1.4986486564E+01     ESPn at Nucleus =  1.4913453268E+01

CP# 5      Coords =  5.96469130188872E+00 -2.58362468139275E+00 -3.19398209934100E+00
           Type = (3,-3) NACP H5
           Rho =  4.2640239240E-01     Rho at Nucleus =  4.2269956803E-01
           GradRho = -2.8666576491E-15  2.1265592233E-15  2.6067438952E-15
           HessRho_EigVals = -6.5094789842E+00 -6.5038969211E+00 -5.9054748604E+00
           HessRho_EigVec1 = -2.6868668646E-02  7.7500280908E-01 -6.3138634809E-01
           HessRho_EigVec2 =  9.8762374528E-01  1.1821474628E-01  1.0307575620E-01
           HessRho_EigVec3 = -1.5452317754E-01  6.2080264148E-01  7.6858744976E-01
           DelSqRho = -1.8918850766E+01
           Bond Ellipticity = NA
           V = -4.7386175048E+00
           G =  4.4524067136E-03
           K =  4.7341650981E+00
           L =  4.7297126914E+00
           Vnuc =  4.1199038426E+01
           Ven = -1.7567368550E+01
           Vrep =  1.2828751045E+01
           DelSqV =  7.1260709146E+02
           DelSqVen =  7.7943845968E+02
           DelSqVrep = -6.6831368220E+01
           DelSqG =  7.0292289497E+01
           DelSqK = -7.8289938095E+02
           Stress_EigVals = -1.6305647656E+00 -1.6300138017E+00 -1.4780389375E+00
           Stress_EigVec1 = -2.8460026091E-02  7.7557484827E-01 -6.3061373411E-01
           Stress_EigVec2 =  9.8758758696E-01  1.1930604102E-01  1.0216078827E-01
           Stress_EigVec3 = -1.5446936589E-01  6.1987879727E-01  7.6934354595E-01
           -DivStress =  1.2251708708E+00 -4.9148313621E+00 -6.1013472594E+00
           ESP =  -1.0990513088E+00     ESP at Nucleus =  -1.1015793529E+00
           ESPe = -1.3684986877E+01     ESPe at Nucleus = -1.3596351674E+01
           ESPn =  1.2585935568E+01     ESPn at Nucleus =  1.2494772322E+01

CP# 6      Coords =  5.40922798322620E+00  2.42079946592391E+00 -3.61979500581969E+00
           Type = (3,-3) NACP H6
           Rho =  4.2619439005E-01     Rho at Nucleus =  4.2247657491E-01
           GradRho = -1.0154120434E-14 -1.5329350070E-13  2.6364740285E-13
           HessRho_EigVals = -6.5055436985E+00 -6.4999074167E+00 -5.9002138125E+00
           HessRho_EigVec1 = -1.4840703326E-01  8.5684361962E-01  4.9375536858E-01
           HessRho_EigVec2 =  9.8855817238E-01  1.1491451721E-01  9.7710764821E-02
           HessRho_EigVec3 = -2.6983185606E-02 -5.0260686949E-01  8.6409388520E-01
           DelSqRho = -1.8905664928E+01
           Bond Ellipticity = NA
           V = -4.7353160295E+00
           G =  4.4498987914E-03
           K =  4.7308661307E+00
           L =  4.7264162319E+00
           Vnuc =  4.1216358833E+01
           Ven = -1.7566180913E+01
           Vrep =  1.2830864883E+01
           DelSqV =  7.1203070615E+02
           DelSqVen =  7.7922266962E+02
           DelSqVrep = -6.7191963478E+01
           DelSqG =  7.0229175260E+01
           DelSqK = -7.8225988141E+02
           Stress_EigVals = -1.6295664477E+00 -1.6290420311E+00 -1.4767075506E+00
           Stress_EigVec1 = -1.4786981600E-01  8.5748415334E-01  4.9280365694E-01
           Stress_EigVec2 =  9.8863399180E-01  1.1447627478E-01  9.7457748600E-02
           Stress_EigVec3 = -2.7154148202E-02 -5.0161350589E-01  8.6466556711E-01
           -DivStress =  2.1523197361E-01  3.9862398360E+00 -6.8675040188E+00
           ESP =  -1.1006844634E+00     ESP at Nucleus =  -1.1032227667E+00
           ESPe = -1.3772545188E+01     ESPe at Nucleus = -1.3684044825E+01
           ESPn =  1.2671860725E+01     ESPn at Nucleus =  1.2580822058E+01

CP# 7      Coords = -6.35732779064853E+00 -1.13173009163565E+00  2.85385586513299E-01
           Type = (3,-3) NACP C7
           Rho =  1.1757417445E+02     Rho at Nucleus =  1.1757417434E+02
           GradRho =  1.4067766483E-10 -3.1869439726E-10 -2.4468057788E-11
           HessRho_EigVals = -1.4488831166E+05 -1.4488803029E+05 -1.4488802088E+05
           HessRho_EigVec1 = -5.6177662223E-01  8.2483130087E-01  6.3720890025E-02
           HessRho_EigVec2 =  7.3062428522E-02 -2.7256586425E-02  9.9695484353E-01
           HessRho_EigVec3 =  8.2405637444E-01  5.6472152748E-01 -4.4952064907E-02
           DelSqRho = -4.3466436283E+05
           Bond Ellipticity = NA
           V = -1.0867656618E+05
           G =  5.2377367611E+00
           K =  1.0867132844E+05
           L =  1.0866609071E+05
           Vnuc =  4.9702408724E+06
           Ven = -5.8437196738E+08
           Vrep =  5.8426329081E+08
           DelSqV =  2.4932855598E+09
           DelSqVen =  2.1603866378E+12
           DelSqVrep = -2.1578934178E+12
           DelSqG =  1.3393509957E+08
           DelSqK = -2.6272206593E+09
           Stress_EigVals = -3.6225580563E+04 -3.6225552368E+04 -3.6225433250E+04
           Stress_EigVec1 =  1.6807960229E-01  3.5295500822E-02  9.8514134768E-01
           Stress_EigVec2 =  9.3296012682E-01  3.1702244666E-01 -1.7053495266E-01
           Stress_EigVec3 = -3.1833103691E-01  9.4776104369E-01  2.0355711827E-02
           -DivStress = -4.7746443390E+02  8.6028107239E+02  5.1173628215E+01
           ESP =  -1.4734926553E+01     ESP at Nucleus =  -1.4734926556E+01
           ESPe = -2.7945655744E+01     ESPe at Nucleus = -2.7945655393E+01
           ESPn =  1.3210729191E+01     ESPn at Nucleus =  1.3210728837E+01

CP# 8      Coords = -4.29676453162520E+00 -3.17553976527984E+00  7.71410618683041E-03
           Type = (3,-3) NACP C8
           Rho =  1.1753007606E+02     Rho at Nucleus =  1.1753007601E+02
           GradRho =  6.9481344723E-11  9.2509483580E-11 -1.3698523219E-11
           HessRho_EigVals = -1.4482554397E+05 -1.4482526953E+05 -1.4482519686E+05
           HessRho_EigVec1 =  9.8533626764E-01 -4.9993894286E-02 -1.6313506740E-01
           HessRho_EigVec2 =  3.9405148770E-02  9.9693999371E-01 -6.7512096667E-02
           HessRho_EigVec3 =  1.6601106569E-01  6.0093755750E-02  9.8429114930E-01
           DelSqRho = -4.3447601036E+05
           Bond Ellipticity = NA
           V = -1.0862940720E+05
           G =  5.2023045633E+00
           K =  1.0862420490E+05
           L =  1.0861900259E+05
           Vnuc =  7.0301773253E+06
           Ven = -8.2625727578E+08
           Vrep =  8.2614864637E+08
           DelSqV =  2.4921999737E+09
           DelSqVen =  3.0544430367E+12
           DelSqVrep = -3.0519508367E+12
           DelSqG =  1.3386864338E+08
           DelSqK = -2.6260686171E+09
           Stress_EigVals = -3.6209861707E+04 -3.6209844156E+04 -3.6209701337E+04
           Stress_EigVec1 =  1.6715769283E-01  6.4239756238E-02  9.8383512818E-01
           Stress_EigVec2 =  6.0952034996E-02  9.9529299472E-01 -7.5343905484E-02
           Stress_EigVec3 =  9.8404428516E-01 -7.2561066573E-02 -1.6245533682E-01
           -DivStress = -3.3033941001E+02 -6.0461725542E+02  6.7902842838E+01
           ESP =  -1.4721292958E+01     ESP at Nucleus =  -1.4721292959E+01
           ESPe = -2.7932687697E+01     ESPe at Nucleus = -2.7932686416E+01
           ESPn =  1.3211394739E+01     ESPn at Nucleus =  1.3211393457E+01

CP# 9      Coords = -2.27120536985759E+00  8.19872278364472E-01 -4.71534318667489E-01
           Type = (3,-3) NACP C9
           Rho =  1.1772666601E+02     Rho at Nucleus =  1.1772666601E+02
           GradRho = -3.3672716525E-11  5.9835420581E-12  1.6287724208E-12
           HessRho_EigVals = -1.4507187648E+05 -1.4507084543E+05 -1.4507058137E+05
           HessRho_EigVec1 =  1.7159460803E-01  3.5240552381E-02  9.8453714707E-01
           HessRho_EigVec2 =  9.7134344289E-01  1.6077757188E-01 -1.7504995956E-01
           HessRho_EigVec3 = -1.6446034920E-01  9.8636133128E-01 -6.6421150524E-03
           DelSqRho = -4.3521330328E+05
           Bond Ellipticity = NA
           V = -1.0881369225E+05
           G =  5.1832130360E+00
           K =  1.0880850903E+05
           L =  1.0880332582E+05
           Vnuc =  2.7949094296E+07
           Ven = -3.2903536896E+09
           Vrep =  3.2902448759E+09
           DelSqV =  2.4964128234E+09
           DelSqVen =  1.2163750035E+13
           DelSqVrep = -1.2161253623E+13
           DelSqG =  1.3409958170E+08
           DelSqK = -2.6305124051E+09
           Stress_EigVals = -3.6271504227E+04 -3.6271345162E+04 -3.6270842857E+04
           Stress_EigVec1 =  1.7158044598E-01  9.8310663535E-01 -6.3729852480E-02
           Stress_EigVec2 =  9.7039509970E-01 -1.7981463738E-01 -1.6124529968E-01
           Stress_EigVec3 =  1.6998088435E-01  3.4176596121E-02  9.8485453709E-01
           -DivStress =  1.7110920865E+02 -9.5319807799E+00 -3.3202949549E+01
           ESP =  -1.4742676983E+01     ESP at Nucleus =  -1.4742676983E+01
           ESPe = -2.9519526781E+01     ESPe at Nucleus = -2.9519526652E+01
           ESPn =  1.4776849799E+01     ESPn at Nucleus =  1.4776849669E+01

CP# 10     Coords = -7.28345958992925E+00 -1.17246150348584E+00  2.09749504820629E+00
           Type = (3,-3) NACP H10
           Rho =  4.2133680085E-01     Rho at Nucleus =  4.1783649674E-01
           GradRho =  1.9525103512E-13  7.1780689032E-15 -3.7069456561E-13
           HessRho_EigVals = -6.4037073297E+00 -6.4006879147E+00 -5.8316118769E+00
           HessRho_EigVec1 = -5.5395003229E-01  7.8678769415E-01 -2.7222139163E-01
           HessRho_EigVec2 =  6.9261994050E-01  6.1694741461E-01  3.7370242924E-01
           HessRho_EigVec3 = -4.6197075637E-01 -1.8466508675E-02  8.8670288616E-01
           DelSqRho = -1.8636007121E+01
           Bond Ellipticity = NA
           V = -4.6689490697E+00
           G =  4.9736447051E-03
           K =  4.6639754250E+00
           L =  4.6590017803E+00
           Vnuc =  4.2339346747E+01
           Ven = -1.7839124908E+01
           Vrep =  1.3170175839E+01
           DelSqV =  7.0219634814E+02
           DelSqVen =  7.8903636748E+02
           DelSqVrep = -8.6840019344E+01
           DelSqG =  6.9039105824E+01
           DelSqK = -7.7123545396E+02
           Stress_EigVals = -1.6046226631E+00 -1.6044296052E+00 -1.4598968014E+00
           Stress_EigVec1 = -5.0959367216E-01  8.2358618593E-01 -2.4903831761E-01
           Stress_EigVec2 =  7.2639381038E-01  5.6693388778E-01  3.8850739907E-01
           Stress_EigVec3 = -4.6115758861E-01 -1.7081019700E-02  8.8715382952E-01
           -DivStress = -3.5368057847E+00 -1.2652966330E-01  6.7739055723E+00
           ESP =  -1.1044553083E+00     ESP at Nucleus =  -1.1067449909E+00
           ESPe = -1.4216152239E+01     ESPe at Nucleus = -1.4128875119E+01
           ESPn =  1.3111696930E+01     ESPn at Nucleus =  1.3022130128E+01

CP# 11     Coords = -4.66223445147404E+00 -4.45572047621509E+00 -1.54033945621438E+00
           Type = (3,-3) NACP H11
           Rho =  4.2368488075E-01     Rho at Nucleus =  4.2029065249E-01
           GradRho = -2.4098561688E-15  2.5064213129E-15 -4.7396575597E-16
           HessRho_EigVals = -6.4506633756E+00 -6.4492626289E+00 -5.8853345409E+00
           HessRho_EigVec1 =  9.1935356784E-01 -3.8075465710E-01  9.9070219500E-02
           HessRho_EigVec2 =  3.4989001945E-01  6.7611435617E-01 -6.4841834618E-01
           HessRho_EigVec3 =  1.7990550739E-01  6.3078940105E-01  7.5481039999E-01
           DelSqRho = -1.8785260545E+01
           Bond Ellipticity = NA
           V = -4.7062123066E+00
           G =  4.9485851019E-03
           K =  4.7012637215E+00
           L =  4.6963151364E+00
           Vnuc =  4.2842159068E+01
           Ven = -1.8151575056E+01
           Vrep =  1.3445362750E+01
           DelSqV =  7.0848176723E+02
           DelSqVen =  8.0480112043E+02
           DelSqVrep = -9.6319353200E+01
           DelSqG =  6.9758996810E+01
           DelSqK = -7.7824076404E+02
           Stress_EigVals = -1.6164404303E+00 -1.6162315486E+00 -1.4735403276E+00
           Stress_EigVec1 =  7.9776875239E-01 -5.4244481344E-01  2.6328433693E-01
           Stress_EigVec2 =  5.7554777513E-01  5.5489544558E-01 -6.0069609872E-01
           Stress_EigVec3 =  1.7974920375E-01  6.3074929159E-01  7.5488115283E-01
           -DivStress = -1.3622245774E+00 -4.7594016530E+00 -5.7055939520E+00
           ESP =  -1.1034874459E+00     ESP at Nucleus =  -1.1057229029E+00
           ESPe = -1.4142849742E+01     ESPe at Nucleus = -1.4058055621E+01
           ESPn =  1.3039362296E+01     ESPn at Nucleus =  1.2952332718E+01

CP# 12     Coords = -4.11984548594949E+00 -4.34500137088282E+00  1.67221713764582E+00
           Type = (3,-3) NACP H12
           Rho =  4.2376179499E-01     Rho at Nucleus =  4.2037329874E-01
           GradRho =  2.3162962976E-15 -2.7923626952E-16 -1.1146962056E-15
           HessRho_EigVals = -6.4521010831E+00 -6.4506894451E+00 -5.8873049353E+00
           HessRho_EigVec1 =  8.4351743935E-01 -3.9253372263E-01 -3.6660006288E-01
           HessRho_EigVec2 =  5.3038737294E-01  7.1635520754E-01  4.5334804649E-01
           HessRho_EigVec3 =  8.4661467796E-02 -5.7684702759E-01  8.1245304026E-01
           DelSqRho = -1.8790095463E+01
           Bond Ellipticity = NA
           V = -4.7074270258E+00
           G =  4.9515799501E-03
           K =  4.7024754458E+00
           L =  4.6975238659E+00
           Vnuc =  4.3036857699E+01
           Ven = -1.8237376069E+01
           Vrep =  1.3529949044E+01
           DelSqV =  7.0869425304E+02
           DelSqVen =  8.0866666461E+02
           DelSqVrep = -9.9972411579E+01
           DelSqG =  6.9781924942E+01
           DelSqK = -7.7847617798E+02
           Stress_EigVals = -1.6167993430E+00 -1.6165923354E+00 -1.4740353474E+00
           Stress_EigVec1 =  6.7394433004E-01 -5.6737147084E-01 -4.7316873743E-01
           Stress_EigVec2 =  7.3389684793E-01  5.8768765450E-01  3.4061508679E-01
           Stress_EigVec3 =  8.4820142701E-02 -5.7681265141E-01  8.1246089664E-01
           -DivStress =  6.3671366658E-01 -4.3489781296E+00  6.1367086504E+00
           ESP =  -1.1033293788E+00     ESP at Nucleus =  -1.1055608787E+00
           ESPe = -1.4307936223E+01     ESPe at Nucleus = -1.4225347555E+01
           ESPn =  1.3204606844E+01     ESPn at Nucleus =  1.3119786676E+01

CP# 13     Coords = -8.71143534054280E-01  2.23674797312736E+00 -7.58545285518697E-01
           Type = (3,-3) NACP H13
           Rho =  4.2152824007E-01     Rho at Nucleus =  4.1766057821E-01
           GradRho = -1.1081359354E-15 -6.9172098605E-17  2.3587495889E-16
           HessRho_EigVals = -6.4269685520E+00 -6.4219933400E+00 -5.8108316977E+00
           HessRho_EigVec1 =  6.9720837791E-01 -7.1054052339E-01 -9.5040214572E-02
           HessRho_EigVec2 =  1.6820494153E-01  3.3272121120E-02  9.8519036922E-01
           HessRho_EigVec3 =  6.9685549105E-01  7.0286921300E-01 -1.4271402878E-01
           DelSqRho = -1.8659793590E+01
           Bond Ellipticity = NA
           V = -4.6739326456E+00
           G =  4.4921240637E-03
           K =  4.6694405215E+00
           L =  4.6649483974E+00
           Vnuc =  4.2908908265E+01
           Ven = -1.8087316584E+01
           Vrep =  1.3413383938E+01
           DelSqV =  7.0194941777E+02
           DelSqVen =  8.0067137138E+02
           DelSqVrep = -9.8721953612E+01
           DelSqG =  6.9183454339E+01
           DelSqK = -7.7113287211E+02
           Stress_EigVals = -1.6099679733E+00 -1.6095287192E+00 -1.4544359530E+00
           Stress_EigVec1 =  7.0003441320E-01 -7.0860019093E-01 -8.8530162978E-02
           Stress_EigVec2 =  1.6341135978E-01  3.8271477823E-02  9.8581540943E-01
           Stress_EigVec3 =  6.9516080718E-01  7.0457154598E-01 -1.4258467226E-01
           -DivStress =  5.5979683212E+00  5.6767025714E+00 -1.1474638147E+00
           ESP =  -1.0965034516E+00     ESP at Nucleus =  -1.0991440364E+00
           ESPe = -1.6211363215E+01     ESPe at Nucleus = -1.6134206641E+01
           ESPn =  1.5114859763E+01     ESPn at Nucleus =  1.5035062604E+01

CP# 14     Coords = -7.81811789899047E+00 -1.27674356850569E+00 -1.12475328516896E+00
           Type = (3,-3) NACP H14
           Rho =  4.2124348930E-01     Rho at Nucleus =  4.1774202968E-01
           GradRho = -2.0165143969E-16  6.0926741083E-16  2.3482802616E-16
           HessRho_EigVals = -6.4022813220E+00 -6.3992685929E+00 -5.8301474271E+00
           HessRho_EigVec1 = -4.4596810933E-01  8.0672949913E-01  3.8768538880E-01
           HessRho_EigVec2 = -5.2753680966E-01 -5.8682787367E-01  6.1427840686E-01
           HessRho_EigVec3 =  7.2306110386E-01  6.9430266547E-02  6.8728602356E-01
           DelSqRho = -1.8631697342E+01
           Bond Ellipticity = NA
           V = -4.6678682613E+00
           G =  4.9719629253E-03
           K =  4.6628962984E+00
           L =  4.6579243355E+00
           Vnuc =  4.2238620019E+01
           Ven = -1.7792743680E+01
           Vrep =  1.3124875419E+01
           DelSqV =  7.0202613037E+02
           DelSqVen =  7.8697718434E+02
           DelSqVrep = -8.4951053978E+01
           DelSqG =  6.9022558458E+01
           DelSqK = -7.7104868882E+02
           Stress_EigVals = -1.6042667633E+00 -1.6040719257E+00 -1.4595295723E+00
           Stress_EigVec1 = -4.0858042195E-01  8.4484593778E-01  3.4539452836E-01
           Stress_EigVec2 = -5.5779080049E-01 -5.3065926238E-01  6.3817722471E-01
           Stress_EigVec3 =  7.2244824153E-01  6.8088829295E-02  6.8806427726E-01
           -DivStress = -5.5311200371E+00 -5.1595336765E-01 -5.2495220926E+00
           ESP =  -1.1044219254E+00     ESP at Nucleus =  -1.1067119451E+00
           ESPe = -1.4123670530E+01     ESPe at Nucleus = -1.4035290924E+01
           ESPn =  1.3019248604E+01     ESPn at Nucleus =  1.2928578979E+01

CP# 15     Coords = -4.97177544321132E+00  1.40921349021451E+00 -2.83431374453621E-02
           Type = (3,-3) NACP C15
           Rho =  1.1779055202E+02     Rho at Nucleus =  1.1779055192E+02
           GradRho = -1.5880104176E-10  3.4585421202E-10  2.3676943219E-11
           HessRho_EigVals = -1.4513707144E+05 -1.4513489158E+05 -1.4513486872E+05
           HessRho_EigVec1 =  1.6914172202E-01  2.9423985187E-02  9.8515242829E-01
           HessRho_EigVec2 =  4.3165049723E-01  8.9638186479E-01 -1.0088310425E-01
           HessRho_EigVec3 = -8.8604115374E-01  4.4230507749E-01  1.3891469436E-01
           DelSqRho = -4.3540683174E+05
           Bond Ellipticity = NA
           V = -1.0886143248E+05
           G =  4.8622719398E+00
           K =  1.0885657021E+05
           L =  1.0885170794E+05
           Vnuc =  5.0454356696E+06
           Ven = -5.9430465272E+08
           Vrep =  5.9419579129E+08
           DelSqV =  2.4974941661E+09
           DelSqVen =  2.1968172483E+12
           DelSqVrep = -2.1943198196E+12
           DelSqG =  1.3414370185E+08
           DelSqK = -2.6316378679E+09
           Stress_EigVals = -3.6287530607E+04 -3.6287312026E+04 -3.6286589848E+04
           Stress_EigVec1 = -4.9156725078E-01  8.6888289953E-01  5.8345050114E-02
           Stress_EigVec2 =  8.5429272950E-01  4.9414202780E-01 -1.6126868478E-01
           Stress_EigVec3 =  1.6895434381E-01  2.9430651898E-02  9.8518438195E-01
           -DivStress =  5.0527849045E+02 -8.1642835072E+02 -5.8816411755E+01
