AIMSum (Version 19.02.13, Professional)
Copyright (c) 1997-2019 by Todd A. Keith
AIMSum is a component of the AIMAll package ( http://aim.tkgristmill.com )

TP:  64-bit Linux

Much of the Quantum Theory of Atoms in Molecules (QTAIM) is described in the book:
  "Atoms in Molecules - A Quantum Theory"
  R.F.W. Bader, Oxford University Press, Oxford, 1990

For additional references see:  http://aim.tkgristmill.com/references.html

Wfn File:  /home/mhennefarth/Documents/ML_Diels/summary-paton2011/x6-opt/x6-opt.wfn
Sum File:  /home/mhennefarth/Documents/ML_Diels/summary-paton2011/x6-opt/x6-opt.sum

SumViz File:  /home/mhennefarth/Documents/ML_Diels/summary-paton2011/x6-opt/x6-opt.sumviz

Wfn Title:   Title Card Required                                                           
 
Total memory allocated for AIMSum =        1.353 Megabytes

Atomic units (a.u.) used throughout, except where stated otherwise

Model:  Restricted SCF
 
Restricted, closed-shell, single-determinant wavefunction.
  Number of electrons (from MO Occs)                   =          88.0000000000
  Number of Alpha electrons (from MO Occs)             =          44.0000000000
  Number of Beta electrons (from MO Occs)              =          44.0000000000
  Number of electron pairs (N*(N-1)/2)                 =        3828.0000000000
  Number of electron pairs (from Muller 2EDM)          =        3828.0000000000
 
Nuclear Charges and Cartesian Coordinates:
-------------------------------------------------------------------------------
Atom      Charge                X                  Y                  Z
-------------------------------------------------------------------------------
C1         6.0          -1.4358055800E+00  -1.6584916900E+00  -3.8404174000E-01
C2         6.0          -1.7384641700E+00   8.6241121000E-01  -5.0152177000E-01
C3         6.0           5.9750210600E+00   1.0696593100E+00  -2.0046427800E+00
C4         6.0           5.5564021500E+00   2.3574614800E+00   1.5687577000E-01
H5         1.0           5.2585696300E+00   4.3748196800E+00   3.5069511000E-01
C6         6.0           6.2880741600E+00  -1.6282605300E+00  -1.4188783600E+00
C7         6.0           6.0552621900E+00  -1.9778976900E+00   1.0978041500E+00
H8         1.0           6.2072367400E+00  -3.7501081900E+00   2.1145315600E+00
H9         1.0           4.4273198000E-01  -2.4555366800E+00  -6.5696364000E-01
C10        6.0          -3.5727719400E+00  -3.4682296000E+00   1.2174812000E-01
H11        1.0          -3.4818666400E+00  -4.0772071700E+00   2.1125505600E+00
H12        1.0          -3.3061260700E+00  -5.1947342600E+00  -9.9674130000E-01
C13        6.0          -6.1569579800E+00  -2.2744665100E+00  -4.4239782000E-01
H14        1.0          -6.3826324400E+00  -2.1119892600E+00  -2.4988167600E+00
H15        1.0          -7.6834801300E+00  -3.5016193400E+00   2.3222170000E-01
C16        6.0          -6.3740629700E+00   3.6202090000E-01   7.4684988000E-01
H17        1.0          -6.3187411000E+00   2.0387409000E-01   2.8215859100E+00
H18        1.0          -8.1545835200E+00   1.2978583200E+00   2.6627840000E-01
H19        1.0           6.6622761900E+00  -3.0805050400E+00  -2.8183288600E+00
H20        1.0           6.0784457300E+00   1.8638653100E+00  -3.8924260500E+00
H21        1.0          -1.5870086000E-01   2.1096782200E+00  -9.0981426000E-01
C22        6.0          -4.2023626200E+00   2.0966093000E+00  -2.8499880000E-02
O23        8.0          -4.4605779500E+00   4.3883796300E+00  -1.7153419000E-01
C24        6.0           5.5631022400E+00   5.3477186000E-01   2.3443518500E+00
H25        1.0           7.0225102400E+00   1.0065661300E+00   3.7497771400E+00
H26        1.0           3.7543646000E+00   5.5447289000E-01   3.3718394800E+00
 
Some Atomic Properties:
----------------------
  q(A) = Net Charge of Atom A
  L(A) = Lagrangian of Atom A = -(1/4) Times Atomic Integral of the Laplacian of the Electron Density
  K(A) = Electronic Kinetic Energy of Atom A (Hamiltonian Form)
  K_Scaled(A) = K(A) * E(Mol)/K(Mol) = Approximation to Virial-Based Total Energy of Atom A.
  |Mu_Intra(A)| = Magnitude of Intraatomic Dipole Moment of Atom A
--------------------------------------------------------------------------------------------------
Atom A          q(A)              L(A)              K(A)          K_Scaled(A)      |Mu_Intra(A)|
--------------------------------------------------------------------------------------------------
C1       -6.7519064800E-02 -4.5627760727E-06  3.7739600140E+01 -3.8108202438E+01  7.0988982227E-02
C2       -6.3426941300E-02 -3.6163546163E-05  3.7759562176E+01 -3.8128359442E+01  1.1406976836E-01
C3       -5.6741734300E-02 -2.2476061713E-05  3.7726832839E+01 -3.8095310438E+01  1.5772488304E-01
C4       -7.3793786000E-02 -7.8849229765E-05  3.7731384927E+01 -3.8099906986E+01  1.7735556132E-01
H5        5.5010223840E-02  2.1410435302E-05  5.8842027328E-01 -5.9416736820E-01  1.4856344729E-01
C6       -6.0191576400E-02  6.5630784419E-05  3.7728099057E+01 -3.8096589023E+01  1.5477635326E-01
C7       -7.7967225300E-02 -4.0545280873E-05  3.7731829390E+01 -3.8100355791E+01  1.7231830165E-01
H8        4.8274974020E-02  1.8628515272E-05  5.9107505311E-01 -5.9684807724E-01  1.5013431815E-01
H9        6.0416839150E-02  3.1713302298E-05  5.9107498736E-01 -5.9684801085E-01  1.4365456074E-01
C10       1.2851037100E-02  2.0757797170E-05  3.7681724736E+01 -3.8049761765E+01  9.6006340905E-02
H11       1.9803811140E-02  2.6146409631E-05  6.0460225208E-01 -6.1050739623E-01  1.5555519755E-01
H12       1.7862437780E-02  2.7406359433E-05  6.0887595659E-01 -6.1482284197E-01  1.5360373901E-01
C13       2.1025213700E-02  3.3531445552E-04  3.7671919780E+01 -3.8039861044E+01  7.8583507744E-02
H14       6.8705640100E-03  3.0017420854E-05  6.1439505629E-01 -6.2039584666E-01  1.5613032321E-01
H15       8.2696500700E-03  2.0724403474E-05  6.1336389560E-01 -6.1935461463E-01  1.5603767241E-01
C16      -1.8723088000E-02 -4.2649614086E-04  3.7730143853E+01 -3.8098653791E+01  7.1511191679E-02
H17       2.2950072330E-02  2.8339951023E-05  6.0250447588E-01 -6.0838913107E-01  1.5382267291E-01
H18       3.7285069600E-02  2.0190990345E-05  6.0033563077E-01 -6.0619910287E-01  1.5118862578E-01
H19       4.5014414420E-02  2.0737975535E-05  5.9292918396E-01 -5.9872031737E-01  1.4964703870E-01
H20       4.8012931190E-02  2.0542502128E-05  5.9181683202E-01 -5.9759710110E-01  1.4904966241E-01
H21       6.9811995740E-02 -1.1603535030E-04  5.8481847093E-01 -5.9053038709E-01  1.4525153251E-01
C22       1.0188149224E+00 -8.4011316410E-05  3.7043686609E+01 -3.7405491926E+01  8.6098661648E-01
O23      -1.1547541732E+00  4.5139707277E-05  7.5295786859E+01 -7.6031200056E+01  5.5097491867E-01
C24      -1.2096095900E-02  5.5974910200E-05  3.7704458059E+01 -3.8072717124E+01  1.4878303965E-01
H25       4.5543599080E-02  2.6769157737E-05  5.8896337454E-01 -5.9471577392E-01  1.5105953931E-01
H26       4.7506252800E-02  7.7561341583E-06  5.8817844398E-01 -5.9392317696E-01  1.5024413987E-01
--------------------------------------------------------------------------------------------------
Total     1.1032317000E-04  1.4061509620E-05  4.9790638231E+02 -5.0276942897E+02
 
1st Largest |L(A)| = 4.2649614086E-04, atom C16     
2nd Largest |L(A)| = 3.3531445552E-04, atom C13     
 
Molecular charge q(Mol) from the wfn file:   0.0000000000E+00
Molecular energy E(Mol) from the wfn file:  -5.0276948225E+02
Molecular virial ratio (-V(Mol)/T(Mol)) from the wfn file:   2.0097669900E+00
Note.  K_Scaled(A) = (1+V(Mol)/T(Mol))*K(A) = (E(Mol)/T(Mol))*K(A)
       Only use K_Scaled(A) data with caution.
 
N_AIMInt(SumA)     =         87.999890
N_Analytic(Mol)    =         87.999984
 
G_AIMInt(SumA)     =        497.906368
G_Analytic(Mol)    =        497.906395
 
K_AIMInt(SumA)     =        497.906382
K_Analytic(Mol)    =        497.906395
 
L_AIMInt(SumA)     =          0.000014
L_Analytic(Mol)    =          0.000000
 
VenT_AIMInt(SumA)  =      -2420.814006
VenT_Analytic(Mol) =      -2420.814062
 
Some Information About the Atomic Calculations:
----------------------------------------------
  Time(sec) = "Elapsed User Time", in Seconds, for Atom A by AIMInt and, if used, by TWOe
  NProc = Number of Processors Used for AIMInt Job
  BIM = Basin Integration Method
  OAQ = Angular Quadrature Outside of Beta Sphere
  ORQ = Multiple of Default for Radial Quadrature Outside of Beta Sphere
  IAQ = Multiple of Default for Angular Quadrature Inside of Beta Sphere
  IRQ = Multiple of Default for Radial Quadrature Inside of Beta Sphere
  MIR = Maximum Integration Radius
------------------------------------------------------------------------------------------------------
Atom A     Time(sec)   NProc      BIM          OAQ                     ORQ      IAQ      IRQ      MIR
------------------------------------------------------------------------------------------------------
C1             30        8     Proaim(5)    4500(GS4)                  1.00     1.00     1.00    13.00
C2             38        8     Proaim(5)    4500(GS4)                  1.00     1.00     1.00    13.00
C3             26        8     Proaim(5)    4500(GS4)                  1.00     1.00     1.00    13.00
C4             49        8     Proaim(5)    4500(GS4)                  1.00     1.00     1.00    13.00
H5              6        8     Proaim(5)    1800(GS4)                  1.00     1.00     1.00    13.00
C6             28        8     Proaim(5)    4500(GS4)                  1.00     1.00     1.00    13.00
C7             42        8     Proaim(5)    4500(GS4)                  1.00     1.00     1.00    13.00
H8              7        8     Proaim(5)    1800(GS4)                  1.00     1.00     1.00    13.00
H9             19        8     Proaim(5)    4500(GS4)                  1.00     1.00     1.00    13.00
C10            28        8     Proaim(5)    4500(GS4)                  1.00     1.00     1.00    13.00
H11             7        8     Proaim(5)    1800(GS4)                  1.00     1.00     1.00    13.00
H12             6        8     Proaim(5)    1800(GS4)                  1.00     1.00     1.00    13.00
C13            25        8     Proaim(5)    4500(GS4)                  1.00     1.00     1.00    13.00
H14             6        8     Proaim(5)    1800(GS4)                  1.00     1.00     1.00    13.00
H15             6        8     Proaim(5)    1800(GS4)                  1.00     1.00     1.00    13.00
C16            25        8     Proaim(5)    4500(GS4)                  1.00     1.00     1.00    13.00
H17             7        8     Proaim(5)    1800(GS4)                  1.00     1.00     1.00    13.00
H18             6        8     Proaim(5)    1800(GS4)                  1.00     1.00     1.00    13.00
H19             6        8     Proaim(5)    1800(GS4)                  1.00     1.00     1.00    13.00
H20             5        8     Proaim(5)    1800(GS4)                  1.00     1.00     1.00    13.00
H21            30        8     Proaim(5)    4500(GS4)                  1.00     1.00     1.00    13.00
C22            19        8     Proaim(5)    4500(GS4)                  1.00     1.00     1.00    13.00
O23            10        8     Proaim(5)    2700(GS4)                  1.00     1.00     1.00    13.00
C24            53        8     Proaim(5)    4500(GS4)                  1.00     1.00     1.00    13.00
H25             5        8     Proaim(5)    1800(GS4)                  1.00     1.00     1.00    13.00
H26            28        8     Proaim(5)    1800(GS4)                  1.00     1.00     1.00    13.00
------------------------------------------------------------------------------------------------------
Total         517
Note:  Total wall clock time is less than total of atomic times if more than one atom
       was calculated at a time
 
Electron Density Critical Point Analysis of Molecular Structure:               
---------------------------------------------------------------                
  NACP = Nuclear Attractor Critical Point                                      
  NNACP = Non-Nuclear Attractor Critical Point                                 
  BCP = Bond Critical Point                                                    
  RCP = Ring Critical Point                                                    
  CCP = Cage Critical Point                                                    
  Rho = Electron Density                                                       
  GradRho = Gradient of Electron Density                                       
  HessRho_EigVals = Eigenvalues of the Hessian of Rho, Ascending Order         
  HessRho_EigVecs = Eigenvectors of the Hessian of Rho                         
  DelSqRho = Laplacian of Rho = Trace of Hessian of Rho                        
  Bond Ellipticity = (HessRho_EigVal(1) / HessRho_EigVal(2)) - 1               
  V = Virial Field = Potential Energy Density = Trace of Stress Tensor         
  G = Lagrangian Form of Kinetic Energy Density                                
  K = Hamiltonian Form of Kinetic Energy Density                               
  L = K - G = Lagrangian Density = (-1/4)DelSqRho                              
  Vnuc = Electrostatic Potential from Nuclei                                   
  Ven = Electron-nuclear attractive contribution to Virial Field V             
  Vrep = V - Ven = Repulsive contribution to Virial Field V                    
  DelSqV = Laplacian of V                                                      
  DelSqVen = Laplacian of Ven                                                  
  DelSqVrep = Laplacian of Vrep                                                
  DelSqG = Laplacian of G                                                      
  DelSqK = Laplacian of K                                                      
  Stress_EigVals = Eigenvalues of Stress Tensor, Ascending Order               
  Stress_EigVecs = Eigenvectors of Stress Tensor                               
  -DivStress = Ehrenfest Force Density = Minus Divergence of Stress Tensor     
  ESP = Total Electrostatic Potential                                          
  ESPe = Electrostatic Potential from Electrons                                
  ESPn = Electrostatic Potential from Nuclei                                   
  BP = Bond Path                                                               
  BPL = Bond Path Length                                                       
  GBL = Geometric Bond Length                                                  
  GBL_I = Distance Between Nuclear Attractors                                  
  GBL_II = Distance Between Nuclei                                             
  GBL_III = Sum of Distances Between BCP and Nuclear Attractors                
  GBL_IV = Sum of Distances Between BCP and Nuclei                             

CP# 1      Coords = -1.43580616025666E+00 -1.65849309053274E+00 -3.84041448628570E-01
           Type = (3,-3) NACP C1
           Rho =  1.1772882685E+02     Rho at Nucleus =  1.1772882667E+02
           GradRho = -2.8817222220E-10 -7.4639039394E-10  1.5164030448E-10
           HessRho_EigVals = -1.4506991563E+05 -1.4506835634E+05 -1.4506801923E+05
           HessRho_EigVec1 =  1.6002488942E-01  4.9173780072E-02  9.8588740438E-01
           HessRho_EigVec2 =  8.9547540838E-01  4.1301862180E-01 -1.6595002569E-01
           HessRho_EigVec3 = -4.1535024707E-01  9.0939406057E-01  2.2059348491E-02
           DelSqRho = -4.3520629119E+05
           Bond Ellipticity = NA
           V = -1.0881170553E+05
           G =  5.0663648993E+00
           K =  1.0880663916E+05
           L =  1.0880157280E+05
           Vnuc =  3.8867181433E+06
           Ven = -4.5757876729E+08
           Vrep =  4.5746995559E+08
           DelSqV =  2.4963643184E+09
           DelSqVen =  1.6915242353E+12
           DelSqVrep = -1.6890278709E+12
           DelSqG =  1.3409215984E+08
           DelSqK = -2.6304564782E+09
           Stress_EigVals = -3.6270895108E+04 -3.6270723978E+04 -3.6270086442E+04
           Stress_EigVec1 = -4.2430323212E-01  9.0532366661E-01  1.8863347585E-02
           Stress_EigVec2 =  8.9043982440E-01  4.2093239986E-01 -1.7301108020E-01
           Stress_EigVec3 =  1.6457121966E-01  5.6612484611E-02  9.8473922449E-01
           -DivStress =  4.7472582957E+02  1.1400162991E+03 -2.3792975025E+02
           ESP =  -1.4721695936E+01     ESP at Nucleus =  -1.4721695951E+01
           ESPe = -3.0399750738E+01     ESPe at Nucleus = -3.0399751479E+01
           ESPn =  1.5678054802E+01     ESPn at Nucleus =  1.5678055528E+01

CP# 2      Coords = -1.73846476309062E+00  8.62411064897537E-01 -5.01521782230825E-01
           Type = (3,-3) NACP C2
           Rho =  1.1771643829E+02     Rho at Nucleus =  1.1771643827E+02
           GradRho = -5.0970061505E-11 -1.8386514533E-11  3.1283864388E-12
           HessRho_EigVals = -1.4505900101E+05 -1.4505809631E+05 -1.4505780202E+05
           HessRho_EigVec1 =  2.1615190173E-01  6.7500107701E-02  9.7402366031E-01
           HessRho_EigVec2 =  9.7298692494E-01 -9.7741639539E-02 -2.0914831055E-01
           HessRho_EigVec3 =  8.1085136021E-02  9.9292009113E-01 -8.6803763489E-02
           DelSqRho = -4.3517489934E+05
           Bond Ellipticity = NA
           V = -1.0880408147E+05
           G =  5.1783163611E+00
           K =  1.0879890315E+05
           L =  1.0879372484E+05
           Vnuc =  9.8247242133E+06
           Ven = -1.1565315416E+09
           Vrep =  1.1564227375E+09
           DelSqV =  2.4961931526E+09
           DelSqVen =  4.2754747924E+12
           DelSqVrep = -4.2729791236E+12
           DelSqG =  1.3408757142E+08
           DelSqK = -2.6302807241E+09
           Stress_EigVals = -3.6268288917E+04 -3.6268134598E+04 -3.6267657953E+04
           Stress_EigVec1 =  1.4882775527E-01  9.8407705206E-01 -9.7173323869E-02
           Stress_EigVec2 =  9.6589908509E-01 -1.6572252661E-01 -1.9893466665E-01
           Stress_EigVec3 =  2.1187084906E-01  6.4252624737E-02  9.7518323588E-01
           -DivStress =  4.8240479451E+02  1.2116557547E+02  1.1705882374E+01
           ESP =  -1.4744642225E+01     ESP at Nucleus =  -1.4744642225E+01
           ESPe = -3.0816057122E+01     ESPe at Nucleus = -3.0816056619E+01
           ESPn =  1.6071414898E+01     ESPn at Nucleus =  1.6071414394E+01

CP# 3      Coords =  5.97502125078362E+00  1.06965820734550E+00 -2.00464367321626E+00
           Type = (3,-3) NACP C3
           Rho =  1.1767765499E+02     Rho at Nucleus =  1.1767765484E+02
           GradRho =  1.0426639066E-10 -5.0919823913E-10 -4.2122316746E-10
           HessRho_EigVals = -1.4500077388E+05 -1.4499993894E+05 -1.4499962058E+05
           HessRho_EigVec1 =  9.8485234632E-01  1.3673990212E-01  1.0662108190E-01
           HessRho_EigVec2 = -1.0066722471E-01  9.5156264474E-01 -2.9050756101E-01
           HessRho_EigVec3 = -1.4118061414E-01  2.7537380467E-01  9.5091392980E-01
           DelSqRho = -4.3500033341E+05
           Bond Ellipticity = NA
           V = -1.0876033101E+05
           G =  5.1238282241E+00
           K =  1.0875520718E+05
           L =  1.0875008335E+05
           Vnuc =  4.1905131772E+06
           Ven = -4.9312976391E+08
           Vrep =  4.9302100358E+08
           DelSqV =  2.4951836657E+09
           DelSqVen =  1.8228744192E+12
           DelSqVrep = -1.8203792355E+12
           DelSqG =  1.3402331694E+08
           DelSqK = -2.6292069826E+09
           Stress_EigVals = -3.6253713626E+04 -3.6253537125E+04 -3.6253080257E+04
           Stress_EigVec1 = -1.2522253505E-01  1.2058074949E-01  9.8477388246E-01
           Stress_EigVec2 = -1.2111108765E-01  9.8330570555E-01 -1.3580130297E-01
           Stress_EigVec3 =  9.8470880019E-01  1.3627241941E-01  1.0852836746E-01
           -DivStress = -1.5532797295E+02  8.9813253528E+02  7.1924574386E+02
           ESP =  -1.4742978874E+01     ESP at Nucleus =  -1.4742978891E+01
           ESPe = -2.8543686675E+01     ESPe at Nucleus = -2.8543687496E+01
           ESPn =  1.3800707802E+01     ESPn at Nucleus =  1.3800708605E+01

CP# 4      Coords =  5.55640182883371E+00  2.35746145143818E+00  1.56877279512725E-01
           Type = (3,-3) NACP C4
           Rho =  1.1767772112E+02     Rho at Nucleus =  1.1767772095E+02
           GradRho = -1.8965208570E-10 -3.4349439959E-11  8.0159490157E-10
           HessRho_EigVals = -1.4500423746E+05 -1.4500362792E+05 -1.4500323713E+05
           HessRho_EigVec1 =  9.8375693786E-01  1.4220583605E-01  1.0954354116E-01
           HessRho_EigVec2 = -3.0444836836E-02  7.3358903521E-01 -6.7891106880E-01
           HessRho_EigVec3 = -1.7690505681E-01  6.6454843888E-01  7.2600273640E-01
           DelSqRho = -4.3501110251E+05
           Bond Ellipticity = NA
           V = -1.0876302024E+05
           G =  5.1223048527E+00
           K =  1.0875789793E+05
           L =  1.0875277563E+05
           Vnuc =  3.8871200221E+06
           Ven = -4.5742742594E+08
           Vrep =  4.5731866292E+08
           DelSqV =  2.4952488816E+09
           DelSqVen =  1.6909401457E+12
           DelSqVrep = -1.6884449623E+12
           DelSqG =  1.3403009147E+08
           DelSqK = -2.6292789731E+09
           Stress_EigVals = -3.6254612533E+04 -3.6254397427E+04 -3.6254010276E+04
           Stress_EigVec1 = -1.7571538473E-01  7.9370697088E-01  5.8236873882E-01
           Stress_EigVec2 = -7.6569879422E-03 -5.9265703863E-01  8.0541852791E-01
           Stress_EigVec3 =  9.8441123221E-01  1.3706523609E-01  1.1021636426E-01
           -DivStress =  2.6045419150E+02  2.8619501479E+01 -1.2272791470E+03
           ESP =  -1.4744092647E+01     ESP at Nucleus =  -1.4744092664E+01
           ESPe = -2.8714185033E+01     ESPe at Nucleus = -2.8714185261E+01
           ESPn =  1.3970092386E+01     ESPn at Nucleus =  1.3970092596E+01

CP# 5      Coords =  5.26369875365784E+00  4.34003702333298E+00  3.47521341888965E-01
           Type = (3,-3) NACP H5
           Rho =  4.2433885957E-01     Rho at Nucleus =  4.2058765951E-01
           GradRho =  2.1211331303E-15 -2.1788126858E-15  2.6020852140E-17
           HessRho_EigVals = -6.4667297305E+00 -6.4605823097E+00 -5.8604648099E+00
           HessRho_EigVec1 = -9.5540726757E-02 -1.0413161369E-01  9.8996392690E-01
           HessRho_EigVec2 =  9.8478500169E-01  1.3513599151E-01  1.0925549981E-01
           HessRho_EigVec3 = -1.4515670832E-01  9.8533997728E-01  8.9636260521E-02
           DelSqRho = -1.8787776850E+01
           Bond Ellipticity = NA
           V = -4.7062079576E+00
           G =  4.6318725081E-03
           K =  4.7015760850E+00
           L =  4.6969442125E+00
           Vnuc =  4.1944098504E+01
           Ven = -1.7798510925E+01
           Vrep =  1.3092302967E+01
           DelSqV =  7.0727660867E+02
           DelSqVen =  7.8803636287E+02
           DelSqVrep = -8.0759754195E+01
           DelSqG =  6.9663930190E+01
           DelSqK = -7.7694053886E+02
           Stress_EigVals = -1.6199534022E+00 -1.6195538938E+00 -1.4667006615E+00
           Stress_EigVec1 = -9.0137849468E-02 -1.0498936620E-01  9.9037992764E-01
           Stress_EigVec2 =  9.8528494465E-01  1.3560009215E-01  1.0404899259E-01
           Stress_EigVec3 = -1.4521964724E-01  9.8518518462E-01  9.1221741169E-02
           -DivStress = -1.1557855340E+00  7.8381728366E+00  7.1624100973E-01
           ESP =  -1.1017950320E+00     ESP at Nucleus =  -1.1043543921E+00
           ESPe = -1.4718690112E+01     ESPe at Nucleus = -1.4630803673E+01
           ESPn =  1.3616895080E+01     ESPn at Nucleus =  1.3526449281E+01

CP# 6      Coords =  6.28807408943499E+00 -1.62826001849501E+00 -1.41887962050960E+00
           Type = (3,-3) NACP C6
           Rho =  1.1768235015E+02     Rho at Nucleus =  1.1768235002E+02
           GradRho = -4.4335646265E-12  1.9964097042E-10 -5.3077675588E-10
           HessRho_EigVals = -1.4500775425E+05 -1.4500689652E+05 -1.4500660124E+05
           HessRho_EigVec1 =  9.8411454168E-01  1.4424273303E-01  1.0350170442E-01
           HessRho_EigVec2 = -1.3418763706E-01  9.8606583574E-01 -9.8325203494E-02
           HessRho_EigVec3 = -1.1624219075E-01  8.2874613423E-02  9.8975731952E-01
           DelSqRho = -4.3502125201E+05
           Bond Ellipticity = NA
           V = -1.0876555822E+05
           G =  5.1226104477E+00
           K =  1.0876043561E+05
           L =  1.0875531300E+05
           Vnuc =  4.4047572457E+06
           Ven = -5.1836218453E+08
           Vrep =  5.1825341897E+08
           DelSqV =  2.4953044148E+09
           DelSqVen =  1.9161629983E+12
           DelSqVrep = -1.9136677594E+12
           DelSqG =  1.3403088875E+08
           DelSqK = -2.6293353036E+09
           Stress_EigVals = -3.6255452535E+04 -3.6255284882E+04 -3.6254820806E+04
           Stress_EigVec1 = -1.4275090266E-01  2.5928984547E-01  9.5519158069E-01
           Stress_EigVec2 = -1.0869206195E-01  9.5513153892E-01 -2.7551729350E-01
           Stress_EigVec3 =  9.8377244089E-01  1.4315208481E-01  1.0816314139E-01
           -DivStress =  5.7851860519E+01 -4.2033543985E+02  1.0193553539E+03
           ESP =  -1.4741610618E+01     ESP at Nucleus =  -1.4741610635E+01
           ESPe = -2.8436864076E+01     ESPe at Nucleus = -2.8436864905E+01
           ESPn =  1.3695253458E+01     ESPn at Nucleus =  1.3695254270E+01

CP# 7      Coords =  6.05526184419108E+00 -1.97789723064952E+00  1.09780554516552E+00
           Type = (3,-3) NACP C7
           Rho =  1.1767529380E+02     Rho at Nucleus =  1.1767529364E+02
           GradRho = -1.6593404428E-10  2.1829305030E-10  7.1327854734E-10
           HessRho_EigVals = -1.4500112961E+05 -1.4500053737E+05 -1.4500016105E+05
           HessRho_EigVec1 =  9.8175093009E-01  1.4693872305E-01  1.2072333222E-01
           HessRho_EigVec2 = -1.7543934413E-01  9.4478693513E-01  2.7676467214E-01
           HessRho_EigVec3 = -7.3390379540E-02 -2.9289359652E-01  9.5332428549E-01
           DelSqRho = -4.3500182802E+05
           Bond Ellipticity = NA
           V = -1.0876069785E+05
           G =  5.1204242945E+00
           K =  1.0875557743E+05
           L =  1.0875045701E+05
           Vnuc =  3.9761634459E+06
           Ven = -4.6789620171E+08
           Vrep =  4.6778744101E+08
           DelSqV =  2.4951957368E+09
           DelSqVen =  1.7296382362E+12
           DelSqVrep = -1.7271430404E+12
           DelSqG =  1.3402716413E+08
           DelSqK = -2.6292229009E+09
           Stress_EigVals = -3.6253832272E+04 -3.6253624934E+04 -3.6253240649E+04
           Stress_EigVec1 = -2.8736369195E-02 -4.9037540178E-01  8.7103741964E-01
           Stress_EigVec2 = -1.8203124246E-01  8.5939372852E-01  4.7781486597E-01
           Stress_EigVec3 =  9.8287275263E-01  1.4482535933E-01  1.1395949912E-01
           -DivStress =  2.8101798227E+02 -3.7869256072E+02 -1.1320979989E+03
           ESP =  -1.4742408621E+01     ESP at Nucleus =  -1.4742408638E+01
           ESPe = -2.8510763653E+01     ESPe at Nucleus = -2.8510764062E+01
           ESPn =  1.3768355032E+01     ESPn at Nucleus =  1.3768355424E+01

CP# 8      Coords =  6.20459431201417E+00 -3.71968107449477E+00  2.09724539691542E+00
           Type = (3,-3) NACP H8
           Rho =  4.2492239381E-01     Rho at Nucleus =  4.2120815700E-01
           GradRho = -1.0957836201E-13  1.2916930980E-12 -7.3327455219E-13
           HessRho_EigVals = -6.4764880238E+00 -6.4702761845E+00 -5.8734653534E+00
           HessRho_EigVec1 = -1.5965335171E-01  4.7673445019E-01  8.6442759748E-01
           HessRho_EigVec2 =  9.8429494081E-01  1.4369500032E-01  1.0254372912E-01
           HessRho_EigVec3 = -7.5327795577E-02  8.6722316095E-01 -4.9218869586E-01
           DelSqRho = -1.8820229562E+01
           Bond Ellipticity = NA
           V = -4.7144194848E+00
           G =  4.6810471990E-03
           K =  4.7097384376E+00
           L =  4.7050573904E+00
           Vnuc =  4.1770167906E+01
           Ven = -1.7749079737E+01
           Vrep =  1.3034660252E+01
           DelSqV =  7.0868914982E+02
           DelSqVen =  7.8612414883E+02
           DelSqVrep = -7.7434999013E+01
           DelSqG =  6.9808074349E+01
           DelSqK = -7.7849722417E+02
           Stress_EigVals = -1.6224140867E+00 -1.6220309122E+00 -1.4699744859E+00
           Stress_EigVec1 = -1.5893661206E-01  4.7826701335E-01  8.6371280950E-01
           Stress_EigVec2 =  9.8443366581E-01  1.4325402532E-01  1.0182652825E-01
           Stress_EigVec3 = -7.5030067136E-02  8.6645193068E-01 -4.9359045863E-01
           -DivStress =  5.9616235425E-01 -6.8680004652E+00  3.9029932758E+00
           ESP =  -1.0992431045E+00     ESP at Nucleus =  -1.1017774424E+00
           ESPe = -1.4374677970E+01     ESPe at Nucleus = -1.4285466008E+01
           ESPn =  1.3275434866E+01     ESPn at Nucleus =  1.3183688565E+01

CP# 9      Coords =  4.10312824064149E-01 -2.44221151008054E+00 -6.52257705948316E-01
           Type = (3,-3) NACP H9
           Rho =  4.2564478141E-01     Rho at Nucleus =  4.2186566544E-01
           GradRho = -1.0348666668E-09  4.2577733971E-10  1.5026342583E-10
           HessRho_EigVals = -6.4947765529E+00 -6.4881973880E+00 -5.8821821870E+00
           HessRho_EigVec1 =  3.6593595586E-01  9.2316700618E-01 -1.1770112539E-01
           HessRho_EigVec2 =  1.6740950639E-01  5.9111878986E-02  9.8411373475E-01
           HessRho_EigVec3 =  9.1545886493E-01 -3.7982688750E-01 -1.3291577088E-01
           DelSqRho = -1.8865156128E+01
           Bond Ellipticity = NA
           V = -4.7255420477E+00
           G =  4.6265078857E-03
           K =  4.7209155399E+00
           L =  4.7162890320E+00
           Vnuc =  4.4399576654E+01
           Ven = -1.8898448100E+01
           Vrep =  1.4172906052E+01
           DelSqV =  7.1014249772E+02
           DelSqVen =  8.3760494739E+02
           DelSqVrep = -1.2746244968E+02
           DelSqG =  7.0031030378E+01
           DelSqK = -7.8017352810E+02
           Stress_EigVals = -1.6270201554E+00 -1.6257983638E+00 -1.4727235285E+00
           Stress_EigVec1 =  3.7497616350E-01  9.2440826744E-01 -6.9729706013E-02
           Stress_EigVec2 =  1.4935911358E-01  1.3992235305E-02  9.8868401046E-01
           Stress_EigVec3 =  9.1492334761E-01 -3.8114770424E-01 -1.3282204469E-01
           -DivStress =  7.3330608747E+00 -3.0146515639E+00 -1.0642468451E+00
           ESP =  -1.0991136602E+00     ESP at Nucleus =  -1.1016501882E+00
           ESPe = -1.7222421705E+01     ESPe at Nucleus = -1.7151398245E+01
           ESPn =  1.6123308045E+01     ESPn at Nucleus =  1.6049748056E+01

CP# 10     Coords = -3.57277149801710E+00 -3.46822872502611E+00  1.21748002761519E-01
           Type = (3,-3) NACP C10
           Rho =  1.1753097524E+02     Rho at Nucleus =  1.1753097517E+02
           GradRho =  1.1316719783E-10  2.2113433307E-10 -2.4210819113E-11
           HessRho_EigVals = -1.4482766055E+05 -1.4482751365E+05 -1.4482736952E+05
           HessRho_EigVec1 =  8.6928854737E-01  4.9275288425E-01 -3.9140982044E-02
           HessRho_EigVec2 = -3.8715881880E-01  6.2949230891E-01 -6.7368203334E-01
           HessRho_EigVec3 = -3.0731981783E-01  6.0077785253E-01  7.3798407942E-01
           DelSqRho = -4.3448254373E+05
           Bond Ellipticity = NA
           V = -1.0863104455E+05
           G =  5.2043066852E+00
           K =  1.0862584024E+05
           L =  1.0862063593E+05
           Vnuc =  6.0774696951E+06
           Ven = -7.1429094029E+08
           Vrep =  7.1418230924E+08
           DelSqV =  2.4922385060E+09
           DelSqVen =  2.6405540987E+12
           DelSqVrep = -2.6380618602E+12
           DelSqG =  1.3387169552E+08
           DelSqK = -2.6261102015E+09
           Stress_EigVals = -3.6210404113E+04 -3.6210354990E+04 -3.6210285443E+04
           Stress_EigVec1 = -2.0638726283E-01  6.3018457865E-01  7.4851298892E-01
           Stress_EigVec2 = -2.1216772357E-01  7.1795962024E-01 -6.6296217146E-01
           Stress_EigVec3 =  9.5519063794E-01  2.9563724485E-01  1.4472893361E-02
           -DivStress = -3.5690752499E+02 -7.1000310747E+02  9.6519572905E+01
           ESP =  -1.4722754138E+01     ESP at Nucleus =  -1.4722754140E+01
           ESPe = -2.9137134776E+01     ESPe at Nucleus = -2.9137133413E+01
           ESPn =  1.4414380638E+01     ESPn at Nucleus =  1.4414379273E+01

CP# 11     Coords = -3.48332459729985E+00 -4.06746891674425E+00  2.08108877336319E+00
           Type = (3,-3) NACP H11
           Rho =  4.2213409533E-01     Rho at Nucleus =  4.1886044073E-01
           GradRho = -4.7473257964E-12  3.1924265315E-11 -1.0303545864E-10
           HessRho_EigVals = -6.4381943004E+00 -6.4366584889E+00 -5.8853221507E+00
           HessRho_EigVec1 =  9.9020323937E-01  1.3962257278E-01 -1.7555391014E-03
           HessRho_EigVec2 = -1.3268296231E-01  9.4475602560E-01  2.9971867411E-01
           HessRho_EigVec3 =  4.3506048534E-02 -2.9654947188E-01  9.5402601352E-01
           DelSqRho = -1.8760174940E+01
           Bond Ellipticity = NA
           V = -4.7000209571E+00
           G =  4.9886110547E-03
           K =  4.6950323461E+00
           L =  4.6900437350E+00
           Vnuc =  4.4898870191E+01
           Ven = -1.8953343949E+01
           Vrep =  1.4253322992E+01
           DelSqV =  7.0818691303E+02
           DelSqVen =  8.4231065959E+02
           DelSqVrep = -1.3412374656E+02
           DelSqG =  6.9828887352E+01
           DelSqK = -7.7801580038E+02
           Stress_EigVals = -1.6132780304E+00 -1.6130391203E+00 -1.4737038064E+00
           Stress_EigVec1 =  9.8601519236E-01  1.6653021238E-01  6.4597827380E-03
           Stress_EigVec2 = -1.6080688053E-01  9.4051866431E-01  2.9927544045E-01
           Stress_EigVec3 =  4.3762856428E-02 -2.9612890850E-01  9.5414489568E-01
           -DivStress =  3.2879614775E-01 -2.1896534591E+00  7.0739519936E+00
           ESP =  -1.1025876181E+00     ESP at Nucleus =  -1.1047402660E+00
           ESPe = -1.5667817065E+01     ESPe at Nucleus = -1.5586266529E+01
           ESPn =  1.4565229447E+01     ESPn at Nucleus =  1.4481526263E+01

CP# 12     Coords = -3.31039403458847E+00 -5.16673474935798E+00 -9.78778160709085E-01
           Type = (3,-3) NACP H12
           Rho =  4.2622269505E-01     Rho at Nucleus =  4.2281113189E-01
           GradRho =  4.3910187986E-17  2.6870866643E-15  1.6982942830E-15
           HessRho_EigVals = -6.4899384881E+00 -6.4883711758E+00 -5.9208143944E+00
           HessRho_EigVec1 =  9.9159380397E-01  9.2528610144E-02  9.0444370978E-02
           HessRho_EigVec2 = -2.5935985511E-02 -5.4268124911E-01  8.3953819837E-01
           HessRho_EigVec3 = -1.2676376688E-01  8.3482663959E-01  5.3571954346E-01
           DelSqRho = -1.8899124058E+01
           Bond Ellipticity = NA
           V = -4.7345821636E+00
           G =  4.9005745252E-03
           K =  4.7296815891E+00
           L =  4.7247810146E+00
           Vnuc =  4.3864615217E+01
           Ven = -1.8696094515E+01
           Vrep =  1.3961512352E+01
           DelSqV =  7.1275219362E+02
           DelSqVen =  8.2900280476E+02
           DelSqVrep = -1.1625061114E+02
           DelSqG =  7.0183911299E+01
           DelSqK = -7.8293610492E+02
           Stress_EigVals = -1.6262078234E+00 -1.6260028773E+00 -1.4823714629E+00
           Stress_EigVec1 =  9.5108025828E-01 -5.1346958466E-02  3.0464706165E-01
           Stress_EigVec2 = -2.8186277319E-01 -5.4794762570E-01  7.8759556663E-01
           Stress_EigVec3 = -1.2648999726E-01  8.3493526057E-01  5.3561496549E-01
           -DivStress =  9.6659762738E-01 -6.3412810180E+00 -4.0674418144E+00
           ESP =  -1.1077068336E+00     ESP at Nucleus =  -1.1099420609E+00
           ESPe = -1.5156260085E+01     ESPe at Nucleus = -1.5069099493E+01
           ESPn =  1.4048553251E+01     ESPn at Nucleus =  1.3959157432E+01

CP# 13     Coords = -6.15695717394253E+00 -2.27446614529230E+00 -4.42397148898944E-01
           Type = (3,-3) NACP C13
           Rho =  1.1753709711E+02     Rho at Nucleus =  1.1753709702E+02
           GradRho =  1.9681456465E-10  9.1914253986E-11  1.7910722905E-10
           HessRho_EigVals = -1.4483582002E+05 -1.4483562888E+05 -1.4483536020E+05
           HessRho_EigVec1 = -6.3977926439E-01  7.6688295446E-01  5.0725013680E-02
           HessRho_EigVec2 =  6.3670942219E-01  4.9190229614E-01  5.9382930439E-01
           HessRho_EigVec3 = -4.3044582069E-01 -4.1221676969E-01  8.0299049200E-01
           DelSqRho = -4.3450680909E+05
           Bond Ellipticity = NA
           V = -1.0863705157E+05
           G =  5.1746489072E+00
           K =  1.0863187692E+05
           L =  1.0862670227E+05
           Vnuc =  5.4031899530E+06
           Ven = -6.3507526222E+08
           Vrep =  6.3496662517E+08
           DelSqV =  2.4923767877E+09
           DelSqVen =  2.3477228585E+12
           DelSqVrep = -2.3452304981E+12
           DelSqG =  1.3387979295E+08
           DelSqK = -2.6262565807E+09
           Stress_EigVals = -3.6212439612E+04 -3.6212352650E+04 -3.6212259309E+04
           Stress_EigVec1 = -4.5948357073E-01 -4.4099209641E-01  7.7097394193E-01
           Stress_EigVec2 =  6.3807138033E-01  4.3993725544E-01  6.3191781497E-01
           Stress_EigVec3 = -6.1785092201E-01  7.8229226136E-01  7.9240494645E-02
           -DivStress = -6.5449722855E+02 -2.9403040472E+02 -5.4613611918E+02
           ESP =  -1.4728811112E+01     ESP at Nucleus =  -1.4728811114E+01
           ESPe = -2.8732375176E+01     ESPe at Nucleus = -2.8732373574E+01
           ESPn =  1.4003564064E+01     ESPn at Nucleus =  1.4003562460E+01

CP# 14     Coords = -6.37882719383742E+00 -2.11454001949140E+00 -2.46553510770317E+00
           Type = (3,-3) NACP H14
           Rho =  4.2773051161E-01     Rho at Nucleus =  4.2430404497E-01
           GradRho =  2.5922179681E-10 -1.7336986447E-10  2.2655061178E-09
           HessRho_EigVals = -6.4970039659E+00 -6.4950360490E+00 -5.9262508983E+00
           HessRho_EigVec1 =  6.1740211469E-01 -7.7583428522E-01 -1.2998380921E-01
           HessRho_EigVec2 =  7.7840745364E-01  6.2639084048E-01 -4.1428867641E-02
           HessRho_EigVec3 =  1.1356260342E-01 -7.5602095455E-02  9.9065021994E-01
           DelSqRho = -1.8918290913E+01
           Bond Ellipticity = NA
           V = -4.7394422416E+00
           G =  4.9347566224E-03
           K =  4.7345074849E+00
           L =  4.7295727283E+00
           Vnuc =  4.4172755049E+01
           Ven = -1.8894035116E+01
           Vrep =  1.4154592875E+01
           DelSqV =  7.1319695638E+02
           DelSqVen =  8.3567303451E+02
           DelSqVrep = -1.2247607812E+02
           DelSqG =  7.0079847565E+01
           DelSqK = -7.8327680395E+02
           Stress_EigVals = -1.6280247225E+00 -1.6276418715E+00 -1.4837756475E+00
           Stress_EigVec1 =  5.2059741836E-01 -8.4472803345E-01 -1.2414861057E-01
           Stress_EigVec2 =  8.4625012825E-01  5.2980575408E-01 -5.6272403443E-02
           Stress_EigVec3 =  1.1330952494E-01 -7.5765509662E-02  9.9066671444E-01
           -DivStress = -8.6289657576E-01  5.7812700160E-01 -7.5428088149E+00
           ESP =  -1.1198918065E+00     ESP at Nucleus =  -1.1221163426E+00
           ESPe = -1.5526716449E+01     ESPe at Nucleus = -1.5445026579E+01
           ESPn =  1.4406824643E+01     ESPn at Nucleus =  1.4322910236E+01

CP# 15     Coords = -7.65869466363440E+00 -3.48176333953376E+00  2.21445171160388E-01
           Type = (3,-3) NACP H15
           Rho =  4.2855248386E-01     Rho at Nucleus =  4.2512464439E-01
           GradRho = -2.4424906542E-15 -4.2327252814E-16 -4.6837533851E-17
           HessRho_EigVals = -6.5218693401E+00 -6.5210038817E+00 -5.9498670992E+00
           HessRho_EigVec1 = -6.2764079879E-01  7.7846462052E-01 -7.7370728186E-03
           HessRho_EigVec2 =  2.4488797418E-01  2.0685648263E-01  9.4722767891E-01
           HessRho_EigVec3 =  7.3898369928E-01  5.9262402094E-01 -3.2046819189E-01
           DelSqRho = -1.8992740321E+01
           Bond Ellipticity = NA
           V = -4.7580460314E+00
