AIMSum (Version 19.02.13, Professional)
Copyright (c) 1997-2019 by Todd A. Keith
AIMSum is a component of the AIMAll package ( http://aim.tkgristmill.com )

TP:  64-bit Linux

Much of the Quantum Theory of Atoms in Molecules (QTAIM) is described in the book:
  "Atoms in Molecules - A Quantum Theory"
  R.F.W. Bader, Oxford University Press, Oxford, 1990

For additional references see:  http://aim.tkgristmill.com/references.html

Wfn File:  /home/mhennefarth/Documents/ML_Diels/summary-paton2011/xa-opt/xa-opt.wfn
Sum File:  /home/mhennefarth/Documents/ML_Diels/summary-paton2011/xa-opt/xa-opt.sum

SumViz File:  /home/mhennefarth/Documents/ML_Diels/summary-paton2011/xa-opt/xa-opt.sumviz

Wfn Title:   Title Card Required                                                           
 
Total memory allocated for AIMSum =        1.227 Megabytes

Atomic units (a.u.) used throughout, except where stated otherwise

Model:  Restricted SCF
 
Restricted, closed-shell, single-determinant wavefunction.
  Number of electrons (from MO Occs)                   =          82.0000000000
  Number of Alpha electrons (from MO Occs)             =          41.0000000000
  Number of Beta electrons (from MO Occs)              =          41.0000000000
  Number of electron pairs (N*(N-1)/2)                 =        3321.0000000000
  Number of electron pairs (from Muller 2EDM)          =        3321.0000000000
 
Nuclear Charges and Cartesian Coordinates:
-------------------------------------------------------------------------------
Atom      Charge                X                  Y                  Z
-------------------------------------------------------------------------------
C1         6.0           4.9505564500E+00   2.6135742500E+00   2.8192001000E-01
C2         6.0           3.3634093400E+00   6.4735877000E-01   6.8205330000E-02
C3         6.0          -4.4989238200E+00   3.4289310000E-01  -2.0216510400E+00
C4         6.0          -3.7283282700E+00  -1.3712806800E+00  -2.9447963000E-01
H5         1.0          -2.0207508800E+00  -2.5037685500E+00  -3.5391507000E-01
C6         6.0          -6.9079774200E+00   1.4609347800E+00  -1.2083435900E+00
C7         6.0          -7.6073544000E+00   4.2886925000E-01   1.0155943400E+00
H8         1.0          -9.2948240000E+00   8.5679645000E-01   2.0960090000E+00
H9         1.0          -7.9373413200E+00   2.8897912100E+00  -2.2608135900E+00
H10        1.0          -3.5244138000E+00   8.3380103000E-01  -3.7589869500E+00
H11        1.0           1.3281719800E+00   9.4774922000E-01   2.7626140000E-02
C12        6.0           4.1322148600E+00  -2.0380867400E+00  -1.2719778000E-01
O13        8.0           2.5217794100E+00  -3.6924991000E+00  -3.0868124000E-01
C14        6.0          -5.6470587600E+00  -1.4779261900E+00   1.8091953900E+00
H15        1.0          -6.4551920100E+00  -3.3838104700E+00   2.0208071300E+00
H16        1.0          -4.8062683100E+00  -1.0170200400E+00   3.6559552300E+00
H17        1.0           6.9822745700E+00   2.2741344500E+00   3.1992101000E-01
C18        6.0           4.1512870600E+00   5.3218151300E+00   4.8036111000E-01
H19        1.0           2.0941594000E+00   5.5192123600E+00   4.2491063000E-01
H20        1.0           4.8447913700E+00   6.1672477900E+00   2.2447104100E+00
H21        1.0           4.9610547800E+00   6.4446121300E+00  -1.0662429300E+00
C22        6.0           6.9245055200E+00  -2.7264566300E+00  -1.0210238000E-01
H23        1.0           7.9258289400E+00  -1.8306729500E+00  -1.6792917900E+00
H24        1.0           7.8329684100E+00  -2.0930627400E+00   1.6488742000E+00
H25        1.0           7.1013222700E+00  -4.7751873300E+00  -2.5912390000E-01
 
Some Atomic Properties:
----------------------
  q(A) = Net Charge of Atom A
  L(A) = Lagrangian of Atom A = -(1/4) Times Atomic Integral of the Laplacian of the Electron Density
  K(A) = Electronic Kinetic Energy of Atom A (Hamiltonian Form)
  K_Scaled(A) = K(A) * E(Mol)/K(Mol) = Approximation to Virial-Based Total Energy of Atom A.
  |Mu_Intra(A)| = Magnitude of Intraatomic Dipole Moment of Atom A
--------------------------------------------------------------------------------------------------
Atom A          q(A)              L(A)              K(A)          K_Scaled(A)      |Mu_Intra(A)|
--------------------------------------------------------------------------------------------------
C1       -5.2743846200E-02 -1.3045756103E-04  3.7723377548E+01 -3.8094289263E+01  4.7820086798E-02
C2       -5.1040380000E-02 -5.8952946874E-05  3.7751598769E+01 -3.8122787967E+01  1.0704141975E-01
C3       -6.7367537600E-02 -9.6269830684E-06  3.7730118518E+01 -3.8101096513E+01  1.5356859084E-01
C4       -8.5234911900E-02 -2.5943287218E-05  3.7738830783E+01 -3.8109894440E+01  2.2763540975E-01
H5        9.9334093130E-02  1.6573412644E-05  5.7194639576E-01 -5.7757000722E-01  1.2631074207E-01
C6       -5.8865403700E-02 -9.7925113052E-05  3.7728485942E+01 -3.8099447884E+01  1.4834314932E-01
C7       -7.5896668500E-02 -6.5223806969E-05  3.7731605539E+01 -3.8102598154E+01  1.6843108464E-01
H8        4.3402402710E-02  1.8664095644E-05  5.9296417608E-01 -5.9879444298E-01  1.5137831879E-01
H9        3.8624296220E-02  1.7090386442E-05  5.9539632339E-01 -6.0125050415E-01  1.5121407339E-01
H10       3.8739964470E-02  2.0697766758E-05  5.9517337986E-01 -6.0102536855E-01  1.5140041403E-01
H11       7.0222913050E-02  4.2172915993E-05  5.8496339680E-01 -5.9071499675E-01  1.4591402187E-01
C12       1.0154378625E+00  1.8504608946E-05  3.7027733889E+01 -3.7391805750E+01  8.7177379657E-01
O13      -1.1552610761E+00  4.0217896331E-05  7.5284303359E+01 -7.6024529497E+01  5.2430924527E-01
C14      -1.3358288700E-02 -1.6327285152E-04  3.7704642927E+01 -3.8075370435E+01  1.3851610658E-01
H15       4.2837681660E-02  2.2918575210E-05  5.8999053010E-01 -5.9579155889E-01  1.5201652846E-01
H16       3.9567266930E-02  2.4646730239E-05  5.9131716348E-01 -5.9713123627E-01  1.5273205474E-01
H17       3.6929878620E-02  3.0247993673E-05  6.0291419232E-01 -6.0884229185E-01  1.4639130502E-01
C18      -1.8003789600E-02 -2.0882978155E-04  3.7683988297E+01 -3.8054512720E+01  1.1124997253E-01
H19       3.2656526560E-02  1.7092589073E-05  5.9804031144E-01 -6.0392048898E-01  1.4867633899E-01
H20       3.1708697410E-02  2.3764646235E-05  5.9630113831E-01 -6.0216421558E-01  1.5081587986E-01
H21       3.1523692310E-02  2.2880069649E-05  5.9639431125E-01 -6.0225830464E-01  1.5085238385E-01
C22      -5.9555302300E-02 -2.1224916757E-04  3.7735071109E+01 -3.8106097799E+01  9.5165930957E-02
H23       3.2119218610E-02  2.5249252153E-05  5.9554609458E-01 -6.0140174796E-01  1.5049797940E-01
H24       3.1747213180E-02  2.5486825719E-05  5.9572709008E-01 -6.0158452307E-01  1.5055497401E-01
H25       5.2118814050E-02  2.8951667826E-05  5.9082563195E-01 -5.9663487180E-01  1.4825819847E-01
--------------------------------------------------------------------------------------------------
Total    -3.5668319000E-04 -5.7732206632E-04  4.6013725682E+02 -4.6466151498E+02
 
1st Largest |L(A)| = 2.1224916757E-04, atom C22     
2nd Largest |L(A)| = 2.0882978155E-04, atom C18     
 
Molecular charge q(Mol) from the wfn file:   0.0000000000E+00
Molecular energy E(Mol) from the wfn file:  -4.6466165276E+02
Molecular virial ratio (-V(Mol)/T(Mol)) from the wfn file:   2.0098324100E+00
Note.  K_Scaled(A) = (1+V(Mol)/T(Mol))*K(A) = (E(Mol)/T(Mol))*K(A)
       Only use K_Scaled(A) data with caution.
 
N_AIMInt(SumA)     =         82.000357
N_Analytic(Mol)    =         81.999985
 
G_AIMInt(SumA)     =        460.137834
G_Analytic(Mol)    =        460.137360
 
K_AIMInt(SumA)     =        460.137257
K_Analytic(Mol)    =        460.137360
 
L_AIMInt(SumA)     =         -0.000577
L_Analytic(Mol)    =          0.000000
 
VenT_AIMInt(SumA)  =      -2142.519904
VenT_Analytic(Mol) =      -2142.514079
 
Some Information About the Atomic Calculations:
----------------------------------------------
  Time(sec) = "Elapsed User Time", in Seconds, for Atom A by AIMInt and, if used, by TWOe
  NProc = Number of Processors Used for AIMInt Job
  BIM = Basin Integration Method
  OAQ = Angular Quadrature Outside of Beta Sphere
  ORQ = Multiple of Default for Radial Quadrature Outside of Beta Sphere
  IAQ = Multiple of Default for Angular Quadrature Inside of Beta Sphere
  IRQ = Multiple of Default for Radial Quadrature Inside of Beta Sphere
  MIR = Maximum Integration Radius
------------------------------------------------------------------------------------------------------
Atom A     Time(sec)   NProc      BIM          OAQ                     ORQ      IAQ      IRQ      MIR
------------------------------------------------------------------------------------------------------
C1             37        8     Proaim(5)    4500(GS4)                  1.00     1.00     1.00    13.00
C2             36        8     Proaim(5)    4500(GS4)                  1.00     1.00     1.00    13.00
C3             25        8     Proaim(5)    4500(GS4)                  1.00     1.00     1.00    13.00
C4             40        8     Proaim(5)    4500(GS4)                  1.00     1.00     1.00    13.00
H5             12        8     Proaim(5)    4500(GS4)                  1.00     1.00     1.00    13.00
C6             19        8     Proaim(5)    4500(GS4)                  1.00     1.00     1.00    13.00
C7             20        8     Proaim(5)    4500(GS4)                  1.00     1.00     1.00    13.00
H8              5        8     Proaim(5)    1800(GS4)                  1.00     1.00     1.00    13.00
H9              6        8     Proaim(5)    1800(GS4)                  1.00     1.00     1.00    13.00
H10             6        8     Proaim(5)    1800(GS4)                  1.00     1.00     1.00    13.00
H11            21        8     Proaim(5)    4500(GS4)                  1.00     1.00     1.00    13.00
C12            29        8     Proaim(5)    4500(GS4)                  1.00     1.00     1.00    13.00
O13            15        8     Proaim(5)    4500(GS4)                  1.00     1.00     1.00    13.00
C14            23        8     Proaim(5)    4500(GS4)                  1.00     1.00     1.00    13.00
H15             6        8     Proaim(5)    1800(GS4)                  1.00     1.00     1.00    13.00
H16             6        8     Proaim(5)    1800(GS4)                  1.00     1.00     1.00    13.00
H17             8        8     Proaim(5)    1800(GS4)                  1.00     1.00     1.00    13.00
C18            26        8     Proaim(5)    4500(GS4)                  1.00     1.00     1.00    13.00
H19             9        8     Proaim(5)    1800(GS4)                  1.00     1.00     1.00    13.00
H20             5        8     Proaim(5)    1800(GS4)                  1.00     1.00     1.00    13.00
H21             5        8     Proaim(5)    1800(GS4)                  1.00     1.00     1.00    13.00
C22            25        8     Proaim(5)    4500(GS4)                  1.00     1.00     1.00    13.00
H23             7        8     Proaim(5)    1800(GS4)                  1.00     1.00     1.00    13.00
H24             6        8     Proaim(5)    1800(GS4)                  1.00     1.00     1.00    13.00
H25             6        8     Proaim(5)    1800(GS4)                  1.00     1.00     1.00    13.00
------------------------------------------------------------------------------------------------------
Total         403
Note:  Total wall clock time is less than total of atomic times if more than one atom
       was calculated at a time
 
Electron Density Critical Point Analysis of Molecular Structure:               
---------------------------------------------------------------                
  NACP = Nuclear Attractor Critical Point                                      
  NNACP = Non-Nuclear Attractor Critical Point                                 
  BCP = Bond Critical Point                                                    
  RCP = Ring Critical Point                                                    
  CCP = Cage Critical Point                                                    
  Rho = Electron Density                                                       
  GradRho = Gradient of Electron Density                                       
  HessRho_EigVals = Eigenvalues of the Hessian of Rho, Ascending Order         
  HessRho_EigVecs = Eigenvectors of the Hessian of Rho                         
  DelSqRho = Laplacian of Rho = Trace of Hessian of Rho                        
  Bond Ellipticity = (HessRho_EigVal(1) / HessRho_EigVal(2)) - 1               
  V = Virial Field = Potential Energy Density = Trace of Stress Tensor         
  G = Lagrangian Form of Kinetic Energy Density                                
  K = Hamiltonian Form of Kinetic Energy Density                               
  L = K - G = Lagrangian Density = (-1/4)DelSqRho                              
  Vnuc = Electrostatic Potential from Nuclei                                   
  Ven = Electron-nuclear attractive contribution to Virial Field V             
  Vrep = V - Ven = Repulsive contribution to Virial Field V                    
  DelSqV = Laplacian of V                                                      
  DelSqVen = Laplacian of Ven                                                  
  DelSqVrep = Laplacian of Vrep                                                
  DelSqG = Laplacian of G                                                      
  DelSqK = Laplacian of K                                                      
  Stress_EigVals = Eigenvalues of Stress Tensor, Ascending Order               
  Stress_EigVecs = Eigenvectors of Stress Tensor                               
  -DivStress = Ehrenfest Force Density = Minus Divergence of Stress Tensor     
  ESP = Total Electrostatic Potential                                          
  ESPe = Electrostatic Potential from Electrons                                
  ESPn = Electrostatic Potential from Nuclei                                   
  BP = Bond Path                                                               
  BPL = Bond Path Length                                                       
  GBL = Geometric Bond Length                                                  
  GBL_I = Distance Between Nuclear Attractors                                  
  GBL_II = Distance Between Nuclei                                             
  GBL_III = Sum of Distances Between BCP and Nuclear Attractors                
  GBL_IV = Sum of Distances Between BCP and Nuclei                             

CP# 1      Coords =  4.95055696644596E+00  2.61357596702751E+00  2.81920169662463E-01
           Type = (3,-3) NACP C1
           Rho =  1.1770679234E+02     Rho at Nucleus =  1.1770679211E+02
           GradRho =  3.3135882926E-10  1.2146473827E-09  1.1513931475E-10
           HessRho_EigVals = -1.4503861997E+05 -1.4503718089E+05 -1.4503684384E+05
           HessRho_EigVec1 = -3.2306235961E-02 -8.2497292259E-02  9.9606751974E-01
           HessRho_EigVec2 = -6.5324343957E-01  7.5601370097E-01  4.1428161971E-02
           HessRho_EigVec3 =  7.5645840321E-01  6.4933618466E-01  7.8314771963E-02
           DelSqRho = -4.3511264471E+05
           Bond Ellipticity = NA
           V = -1.0878828742E+05
           G =  5.0631215017E+00
           K =  1.0878322430E+05
           L =  1.0877816118E+05
           Vnuc =  3.3331449005E+06
           Ven = -3.9233379465E+08
           Vrep =  3.9222500637E+08
           DelSqV =  2.4958250282E+09
           DelSqVen =  1.4502934774E+12
           DelSqVrep = -1.4477976687E+12
           DelSqG =  1.3405931759E+08
           DelSqK = -2.6298843458E+09
           Stress_EigVals = -3.6263080563E+04 -3.6262907758E+04 -3.6262299099E+04
           Stress_EigVec1 =  7.4470539208E-01  6.6270035924E-01  7.9007043196E-02
           Stress_EigVec2 = -6.6661055734E-01  7.4433339221E-01  3.9977069483E-02
           Stress_EigVec3 = -3.2314762163E-02 -8.2438068302E-02  9.9607214650E-01
           -DivStress = -4.1604336569E+02 -1.4009459658E+03 -1.3010597238E+02
           ESP =  -1.4712389289E+01     ESP at Nucleus =  -1.4712389310E+01
           ESPe = -2.7903437447E+01     ESPe at Nucleus = -2.7903439113E+01
           ESPn =  1.3191048158E+01     ESPn at Nucleus =  1.3191049803E+01

CP# 2      Coords =  3.36340998810769E+00  6.47358164268814E-01  6.82053040192429E-02
           Type = (3,-3) NACP C2
           Rho =  1.1771814837E+02     Rho at Nucleus =  1.1771814831E+02
           GradRho =  1.0892564628E-10 -1.0828522801E-10 -4.3311847164E-12
           HessRho_EigVals = -1.4506073527E+05 -1.4505992946E+05 -1.4505959722E+05
           HessRho_EigVec1 = -3.1850639799E-02 -8.2799014088E-02  9.9605715700E-01
           HessRho_EigVec2 = -5.3745739401E-01  8.4163780205E-01  5.2776507850E-02
           HessRho_EigVec3 =  8.4268919915E-01  5.3365731835E-01  7.1307644813E-02
           DelSqRho = -4.3518026195E+05
           Bond Ellipticity = NA
           V = -1.0880540672E+05
           G =  5.1706147901E+00
           K =  1.0880023610E+05
           L =  1.0879506549E+05
           Vnuc =  6.7606955099E+06
           Ven = -7.9585655713E+08
           Vrep =  7.9574775173E+08
           DelSqV =  2.4962232253E+09
           DelSqVen =  2.9421223281E+12
           DelSqVrep = -2.9396259738E+12
           DelSqG =  1.3408891415E+08
           DelSqK = -2.6303121394E+09
           Stress_EigVals = -3.6268728487E+04 -3.6268566044E+04 -3.6268112184E+04
           Stress_EigVec1 =  7.9892444902E-01  5.9672641965E-01  7.5081987476E-02
           Stress_EigVec2 = -6.0057449128E-01  7.9820677934E-01  4.6649950047E-02
           Stress_EigVec3 = -3.2093693741E-02 -8.2362112071E-02  9.9608557731E-01
           -DivStress = -5.2944234433E+02  4.9149808588E+02  2.0915356645E+01
           ESP =  -1.4738366681E+01     ESP at Nucleus =  -1.4738366683E+01
           ESPe = -2.9275075512E+01     ESPe at Nucleus = -2.9275075078E+01
           ESPn =  1.4536708831E+01     ESPn at Nucleus =  1.4536708395E+01

CP# 3      Coords = -4.49892459014721E+00  3.42894215784980E-01 -2.02165183516754E+00
           Type = (3,-3) NACP C3
           Rho =  1.1767665417E+02     Rho at Nucleus =  1.1767665399E+02
           GradRho = -4.8232728922E-10  6.2857774541E-10 -4.7674264536E-10
           HessRho_EigVals = -1.4499997362E+05 -1.4499918890E+05 -1.4499886018E+05
           HessRho_EigVec1 =  5.0628858429E-01  7.1140446695E-01  4.8741722766E-01
           HessRho_EigVec2 =  8.5060610727E-01 -3.1894968023E-01 -4.1801955907E-01
           HessRho_EigVec3 =  1.4191941269E-01 -6.2623860140E-01  7.6660556639E-01
           DelSqRho = -4.3499802271E+05
           Bond Ellipticity = NA
           V = -1.0875975003E+05
           G =  5.1221782585E+00
           K =  1.0875462786E+05
           L =  1.0874950568E+05
           Vnuc =  3.8174174421E+06
           Ven = -4.4922091217E+08
           Vrep =  4.4911215242E+08
           DelSqV =  2.4951709187E+09
           DelSqVen =  1.6605689938E+12
           DelSqVrep = -1.6580738229E+12
           DelSqG =  1.3402308595E+08
           DelSqK = -2.6291940046E+09
           Stress_EigVals = -3.6253514776E+04 -3.6253340398E+04 -3.6252894861E+04
           Stress_EigVec1 = -1.9767167002E-02 -5.5367406842E-01  8.3249881986E-01
           Stress_EigVec2 =  8.6438154061E-01 -4.2791470293E-01 -2.6407112539E-01
           Stress_EigVec3 =  5.0244781954E-01  7.1437667443E-01  4.8704430566E-01
           -DivStress =  6.2991802907E+02 -9.0318661324E+02  6.4096314218E+02
           ESP =  -1.4757876493E+01     ESP at Nucleus =  -1.4757876514E+01
           ESPe = -2.8288089163E+01     ESPe at Nucleus = -2.8288090607E+01
           ESPn =  1.3530212670E+01     ESPn at Nucleus =  1.3530214094E+01

CP# 4      Coords = -3.72832905678430E+00 -1.37128096441350E+00 -2.94478240816871E-01
           Type = (3,-3) NACP C4
           Rho =  1.1769050623E+02     Rho at Nucleus =  1.1769050604E+02
           GradRho = -4.2835301972E-10 -1.7310437805E-10  8.0845385941E-10
           HessRho_EigVals = -1.4502230426E+05 -1.4502157064E+05 -1.4502110282E+05
           HessRho_EigVec1 =  4.9483512472E-01  7.2361443264E-01  4.8116561828E-01
           HessRho_EigVec2 = -6.2422251811E-01 -8.9221958124E-02  7.7613509782E-01
           HessRho_EigVec3 =  6.0455309711E-01 -6.8441332180E-01  4.0754626451E-01
           DelSqRho = -4.3506497772E+05
           Bond Ellipticity = NA
           V = -1.0877648414E+05
           G =  5.1198530650E+00
           K =  1.0877136428E+05
           L =  1.0876624443E+05
           Vnuc =  3.6999481660E+06
           Ven = -4.3544877270E+08
           Vrep =  4.3533999621E+08
           DelSqV =  2.4955588779E+09
           DelSqVen =  1.6097179730E+12
           DelSqVrep = -1.6072224141E+12
           DelSqG =  1.3404891323E+08
           DelSqK = -2.6296077912E+09
           Stress_EigVals = -3.6259130522E+04 -3.6258880632E+04 -3.6258472983E+04
           Stress_EigVec1 =  6.5129172912E-01 -6.7747098117E-01  3.4183644226E-01
           Stress_EigVec2 = -5.7550436738E-01 -1.4737877454E-01  8.0440923661E-01
           Stress_EigVec3 =  4.9458447883E-01  7.2063344808E-01  4.8587408534E-01
           -DivStress =  6.4558624548E+02  2.2911446326E+02 -1.1296110382E+03
           ESP =  -1.4762805382E+01     ESP at Nucleus =  -1.4762805396E+01
           ESPe = -2.8815001106E+01     ESPe at Nucleus = -2.8815000930E+01
           ESPn =  1.4052195725E+01     ESPn at Nucleus =  1.4052195533E+01

CP# 5      Coords = -2.05142112000604E+00 -2.48359146247775E+00 -3.52690325384187E-01
           Type = (3,-3) NACP H5
           Rho =  4.1772494341E-01     Rho at Nucleus =  4.1374991276E-01
           GradRho = -9.7283743561E-12  6.3987209628E-12  3.9065538998E-13
           HessRho_EigVals = -6.3446322607E+00 -6.3384030174E+00 -5.7226471482E+00
           HessRho_EigVec1 = -2.4428906813E-01 -4.2419986974E-01  8.7199617069E-01
           HessRho_EigVec2 =  4.9334027907E-01  7.1979903212E-01  4.8836945278E-01
           HessRho_EigVec3 =  8.3482825793E-01 -5.4949415272E-01 -3.3435847322E-02
           DelSqRho = -1.8405682426E+01
           Bond Ellipticity = NA
           V = -4.6110190863E+00
           G =  4.7992398527E-03
           K =  4.6062198464E+00
           L =  4.6014206066E+00
           Vnuc =  4.2250739067E+01
           Ven = -1.7649187586E+01
           Vrep =  1.3038168499E+01
           DelSqV =  6.9150276601E+02
           DelSqVen =  7.7765368556E+02
           DelSqVrep = -8.6150919548E+01
           DelSqG =  6.7940595720E+01
           DelSqK = -7.5944336173E+02
           Stress_EigVals = -1.5893665067E+00 -1.5889754144E+00 -1.4326771652E+00
           Stress_EigVec1 = -2.3654388701E-01 -4.0999819157E-01  8.8087937450E-01
           Stress_EigVec2 =  4.9798583723E-01  7.2731764956E-01  4.7224902600E-01
           Stress_EigVec3 =  8.3430036284E-01 -5.5037307306E-01 -3.2130748780E-02
           -DivStress =  6.7717491513E+00 -4.4564253721E+00 -2.7006992246E-01
           ESP =  -1.1224025943E+00     ESP at Nucleus =  -1.1251313441E+00
           ESPe = -1.6149313001E+01     ESPe at Nucleus = -1.6087644749E+01
           ESPn =  1.5026910406E+01     ESPn at Nucleus =  1.4962513405E+01

CP# 6      Coords = -6.90797682478695E+00  1.46093519402942E+00 -1.20834479524559E+00
           Type = (3,-3) NACP C6
           Rho =  1.1767717919E+02     Rho at Nucleus =  1.1767717905E+02
           GradRho =  2.8802893404E-10  1.8836243676E-10 -5.6245011426E-10
           HessRho_EigVals = -1.4500017128E+05 -1.4499933063E+05 -1.4499903963E+05
           HessRho_EigVec1 =  4.9750290358E-01  7.1605746397E-01  4.8964535045E-01
           HessRho_EigVec2 =  8.5806662108E-01 -4.8907439211E-01 -1.5661389712E-01
           HessRho_EigVec3 = -1.2732845212E-01 -4.9806419995E-01  8.5774093875E-01
           DelSqRho = -4.3499854154E+05
           Bond Ellipticity = NA
           V = -1.0875987617E+05
           G =  5.1203912967E+00
           K =  1.0875475578E+05
           L =  1.0874963538E+05
           Vnuc =  4.2658415222E+06
           Ven = -5.0199219721E+08
           Vrep =  5.0188343734E+08
           DelSqV =  2.4951733302E+09
           DelSqVen =  1.8556348662E+12
           DelSqVrep = -1.8531396928E+12
           DelSqG =  1.3402276260E+08
           DelSqK = -2.6291960928E+09
           Stress_EigVals = -3.6253554653E+04 -3.6253391335E+04 -3.6252930179E+04
           Stress_EigVec1 =  5.2617712407E-02 -5.8762371046E-01  8.0742166880E-01
           Stress_EigVec2 =  8.6598160439E-01 -3.7579554452E-01 -3.2992964339E-01
           Stress_EigVec3 =  4.9729994692E-01  7.1657245525E-01  4.8909782167E-01
           -DivStress = -4.8656977306E+02 -3.3113417225E+02  9.7554949554E+02
           ESP =  -1.4755925487E+01     ESP at Nucleus =  -1.4755925505E+01
           ESPe = -2.7371917026E+01     ESPe at Nucleus = -2.7371917892E+01
           ESPn =  1.2615991539E+01     ESPn at Nucleus =  1.2615992387E+01

CP# 7      Coords = -7.60735427638727E+00  4.28868317541620E-01  1.01559556476362E+00
           Type = (3,-3) NACP C7
           Rho =  1.1766921679E+02     Rho at Nucleus =  1.1766921661E+02
           GradRho =  3.7569614086E-11 -4.9916586142E-10  6.4481020523E-10
           HessRho_EigVals = -1.4499245328E+05 -1.4499189585E+05 -1.4499151392E+05
           HessRho_EigVec1 =  4.9282597130E-01  7.2203392669E-01  4.8558168284E-01
           HessRho_EigVec2 =  7.8037453135E-01 -6.1361314909E-01  1.2039308150E-01
           HessRho_EigVec3 = -3.8488719493E-01 -3.1960274085E-01  8.6586138337E-01
           DelSqRho = -4.3497586305E+05
           Bond Ellipticity = NA
           V = -1.0875420434E+05
           G =  5.1192874398E+00
           K =  1.0874908505E+05
           L =  1.0874396576E+05
           Vnuc =  3.8853149836E+06
           Ven = -4.5718197110E+08
           Vrep =  4.5707321689E+08
           DelSqV =  2.4950461361E+09
           DelSqVen =  1.6900181524E+12
           DelSqVrep = -1.6875231391E+12
           DelSqG =  1.3401805988E+08
           DelSqK = -2.6290641960E+09
           Stress_EigVals = -3.6251664830E+04 -3.6251457925E+04 -3.6251081583E+04
           Stress_EigVec1 = -5.5160155972E-01 -1.7381983668E-01  8.1579555263E-01
           Stress_EigVec2 =  6.7116576708E-01 -6.7320587663E-01  3.1037132724E-01
           Stress_EigVec3 =  4.9524966675E-01  7.1873535606E-01  4.8800333558E-01
           -DivStress = -1.0537326534E+02  7.5968457975E+02 -9.9276052910E+02
           ESP =  -1.4756878534E+01     ESP at Nucleus =  -1.4756878553E+01
           ESPe = -2.7187051432E+01     ESPe at Nucleus = -2.7187052044E+01
           ESPn =  1.2430172898E+01     ESPn at Nucleus =  1.2430173491E+01

CP# 8      Coords = -9.26599358798856E+00  8.49392995324665E-01  2.07769769111283E+00
           Type = (3,-3) NACP H8
           Rho =  4.2535086757E-01     Rho at Nucleus =  4.2166255304E-01
           GradRho =  1.0720157401E-14 -1.8347140213E-15 -4.7206162590E-15
           HessRho_EigVals = -6.4837415344E+00 -6.4774414168E+00 -5.8829890272E+00
           HessRho_EigVec1 =  2.7019675569E-01 -6.6603772686E-01  6.9526071341E-01
           HessRho_EigVec2 =  4.9628464805E-01  7.1514151772E-01  4.9221352860E-01
           HessRho_EigVec3 =  8.2504258152E-01 -2.1205271993E-01 -5.2377321681E-01
           DelSqRho = -1.8844171978E+01
           Bond Ellipticity = NA
           V = -4.7204818181E+00
           G =  4.7194117558E-03
           K =  4.7157624063E+00
           L =  4.7110429946E+00
           Vnuc =  4.0429769463E+01
           Ven = -1.7196837517E+01
           Vrep =  1.2476355698E+01
           DelSqV =  7.0972678014E+02
           DelSqVen =  7.6186552880E+02
           DelSqVrep = -5.2138748661E+01
           DelSqG =  6.9914586960E+01
           DelSqK = -7.7964136710E+02
           Stress_EigVals = -1.6242333141E+00 -1.6238821634E+00 -1.4723663406E+00
           Stress_EigVec1 =  2.7545894617E-01 -6.6072161732E-01  6.9826163676E-01
           Stress_EigVec2 =  4.9416031530E-01  7.2036866744E-01  4.8669761224E-01
           Stress_EigVec3 =  8.2457743831E-01 -2.1098797921E-01 -5.2493439672E-01
           -DivStress = -6.5159788148E+00  1.6727163081E+00  4.1395335200E+00
           ESP =  -1.1130748409E+00     ESP at Nucleus =  -1.1155919328E+00
           ESPe = -1.2928260791E+01     ESPe at Nucleus = -1.2839014471E+01
           ESPn =  1.1815185950E+01     ESPn at Nucleus =  1.1723422538E+01

CP# 9      Coords = -7.91984343349529E+00  2.86561327933700E+00 -2.24306757781252E+00
           Type = (3,-3) NACP H9
           Rho =  4.2707828689E-01     Rho at Nucleus =  4.2341500105E-01
           GradRho =  1.6427831318E-15  2.2030988145E-16  2.9273458657E-16
           HessRho_EigVals = -6.5214862741E+00 -6.5158673888E+00 -5.9208856416E+00
           HessRho_EigVec1 = -7.0576706910E-01  7.7846534528E-03  7.0840118813E-01
           HessRho_EigVec2 =  4.9726937854E-01  7.1765856357E-01  4.8753394887E-01
           HessRho_EigVec3 = -5.0459489627E-01  6.9635162476E-01 -5.1037085081E-01
           DelSqRho = -1.8958239304E+01
           Bond Ellipticity = NA
           V = -4.7485421827E+00
           G =  4.4911782723E-03
           K =  4.7440510044E+00
           L =  4.7395598261E+00
           Vnuc =  4.0836725745E+01
           Ven = -1.7440478874E+01
           Vrep =  1.2691936691E+01
           DelSqV =  7.1430491746E+02
           DelSqVen =  7.7419241909E+02
           DelSqVrep = -5.9887501627E+01
           DelSqG =  7.0472293562E+01
           DelSqK = -7.8477721102E+02
           Stress_EigVals = -1.6335802733E+00 -1.6330487816E+00 -1.4819131278E+00
           Stress_EigVec1 = -7.0814928526E-01  6.0679564050E-03  7.0603666314E-01
           Stress_EigVec2 =  4.9475419172E-01  7.1767190554E-01  4.9006665442E-01
           Stress_EigVec3 = -5.0372897432E-01  6.9635494965E-01 -5.1122099382E-01
           -DivStress = -3.9779846302E+00  5.4973400293E+00 -4.0353509623E+00
           ESP =  -1.1143457808E+00     ESP at Nucleus =  -1.1168471887E+00
           ESPe = -1.3151508614E+01     ESPe at Nucleus = -1.3063519534E+01
           ESPn =  1.2037162833E+01     ESPn at Nucleus =  1.1946672345E+01

CP# 10     Coords = -3.54101007097694E+00  8.25612602790268E-01 -3.72959552256754E+00
           Type = (3,-3) NACP H10
           Rho =  4.2690046737E-01     Rho at Nucleus =  4.2323708409E-01
           GradRho = -5.0545505281E-15 -2.9195396101E-15  9.5461832883E-15
           HessRho_EigVals = -6.5180551451E+00 -6.5121970733E+00 -5.9176532436E+00
           HessRho_EigVec1 = -7.2285421686E-01  6.5273690946E-01 -2.2675164430E-01
           HessRho_EigVec2 =  4.9881977329E-01  7.2000466924E-01  4.8246462052E-01
           HessRho_EigVec3 = -4.7818470797E-01 -2.3564338163E-01  8.4605648851E-01
           DelSqRho = -1.8947905462E+01
           Bond Ellipticity = NA
           V = -4.7460166165E+00
           G =  4.5201254842E-03
           K =  4.7414964910E+00
           L =  4.7369763655E+00
           Vnuc =  4.2267678411E+01
           Ven = -1.8044091668E+01
           Vrep =  1.3298075052E+01
           DelSqV =  7.1390262725E+02
           DelSqVen =  8.0088397463E+02
           DelSqVrep = -8.6981347379E+01
           DelSqG =  7.0426206609E+01
           DelSqK = -7.8432883386E+02
           Stress_EigVals = -1.6327102830E+00 -1.6321998028E+00 -1.4811065306E+00
           Stress_EigVec1 = -7.2259342480E-01  6.5362571607E-01 -2.2501592327E-01
           Stress_EigVec2 =  4.9997315769E-01  7.1895056531E-01  4.8284254807E-01
           Stress_EigVec3 = -4.7737363147E-01 -2.3639692876E-01  8.4630426446E-01
           -DivStress =  3.7710322238E+00  1.8612057619E+00 -6.6791794489E+00
           ESP =  -1.1165311070E+00     ESP at Nucleus =  -1.1190305986E+00
           ESPe = -1.4592684071E+01     ESPe at Nucleus = -1.4511367676E+01
           ESPn =  1.3476152964E+01     ESPn at Nucleus =  1.3392337078E+01

CP# 11     Coords =  1.36337251689415E+00  9.42844352147230E-01  2.83524747763653E-02
           Type = (3,-3) NACP H11
           Rho =  4.2283005375E-01     Rho at Nucleus =  4.1903696732E-01
           GradRho =  3.7470027081E-16 -5.0306980803E-17 -1.5612511284E-17
           HessRho_EigVals = -6.4530291746E+00 -6.4460569212E+00 -5.8417440721E+00
           HessRho_EigVec1 =  1.4172377242E-01  9.8624268668E-01  8.5086634062E-02
           HessRho_EigVec2 = -3.1883234382E-02 -8.1361846500E-02  9.9617453757E-01
           HessRho_EigVec3 =  9.8939265800E-01 -1.4389445055E-01  1.9913698920E-02
           DelSqRho = -1.8740830168E+01
           Bond Ellipticity = NA
           V = -4.6945995147E+00
           G =  4.6959863602E-03
           K =  4.6899035283E+00
           L =  4.6852075420E+00
           Vnuc =  4.3897080178E+01
           Ven = -1.8561004771E+01
           Vrep =  1.3866405256E+01
           DelSqV =  7.0540501507E+02
           DelSqVen =  8.2266772449E+02
           DelSqVrep = -1.1726270942E+02
           DelSqG =  6.9578732341E+01
           DelSqK = -7.7498374741E+02
           Stress_EigVals = -1.6162648843E+00 -1.6156629158E+00 -1.4626717146E+00
           Stress_EigVec1 =  1.3992538118E-01  9.8643850744E-01  8.5790201918E-02
           Stress_EigVec2 = -3.1996665148E-02 -8.2092712611E-02  9.9611093757E-01
           Stress_EigVec3 =  9.8964493690E-01 -1.4212620300E-01  2.0075888508E-02
           -DivStress = -7.9126940035E+00  1.1016351380E+00 -1.6335851179E-01
           ESP =  -1.1039520355E+00     ESP at Nucleus =  -1.1065038649E+00
           ESPe = -1.6870085375E+01     ESPe at Nucleus = -1.6807282613E+01
           ESPn =  1.5766133339E+01     ESPn at Nucleus =  1.5700778748E+01

CP# 12     Coords =  4.13221409173212E+00 -2.03808770435988E+00 -1.27197882484778E-01
           Type = (3,-3) NACP C12
           Rho =  1.1773262671E+02     Rho at Nucleus =  1.1773262660E+02
           GradRho = -2.1478208101E-10 -3.4438363272E-10 -3.4834135576E-11
           HessRho_EigVals = -1.4505541789E+05 -1.4505325035E+05 -1.4505302352E+05
           HessRho_EigVec1 = -2.9156682075E-02 -8.0682537490E-02  9.9631331218E-01
           HessRho_EigVec2 =  6.9815640503E-01  7.1167668800E-01  7.8063601528E-02
           HessRho_EigVec3 =  7.1535132768E-01 -6.9785859592E-01 -3.5578899391E-02
           DelSqRho = -4.3516169176E+05
           Bond Ellipticity = NA
           V = -1.0880017838E+05
           G =  4.8777180548E+00
           K =  1.0879530066E+05
           L =  1.0879042294E+05
           Vnuc =  4.8495728034E+06
           Ven = -5.7095294456E+08
           Vrep =  5.7084414438E+08
           DelSqV =  2.4960832598E+09
           DelSqVen =  2.1103481979E+12
           DelSqVrep = -2.1078521802E+12
           DelSqG =  1.3405819999E+08
           DelSqK = -2.6301414598E+09
           Stress_EigVals = -3.6267053766E+04 -3.6266964875E+04 -3.6266159734E+04
           Stress_EigVec1 =  6.2367950127E-01  7.7744312512E-01  8.1277714686E-02
           Stress_EigVec2 =  7.8113634724E-01 -6.2374522396E-01 -2.7711055688E-02
           Stress_EigVec3 = -2.9152816615E-02 -8.0771794553E-02  9.9630619314E-01
           -DivStress =  6.2441079331E+02  7.8408698676E+02  8.3296655705E+01
           ESP =  -1.4655578086E+01     ESP at Nucleus =  -1.4655578091E+01
           ESPe = -2.9595423126E+01     ESPe at Nucleus = -2.9595422565E+01
           ESPn =  1.4939845040E+01     ESPn at Nucleus =  1.4939844474E+01

CP# 13     Coords =  2.52178594614525E+00 -3.69249230300284E+00 -3.08680494724215E-01
           Type = (3,-3) NACP O13
           Rho =  2.9034409544E+02     Rho at Nucleus =  2.9034406679E+02
           GradRho = -1.1480594253E-11  9.5822905166E-11  1.6261214597E-11
           HessRho_EigVals = -6.4028119569E+05 -6.4027529226E+05 -6.4025521179E+05
           HessRho_EigVec1 = -2.9297886377E-02 -8.0868540173E-02  9.9629408965E-01
           HessRho_EigVec2 =  7.0144785206E-01  7.0842546739E-01  7.8129814929E-02
           HessRho_EigVec3 =  7.1211835020E-01 -7.0113738765E-01 -3.5969694953E-02
           DelSqRho = -1.9208116997E+06
           Bond Ellipticity = NA
           V = -4.8029499158E+05
           G =  4.6033321550E+01
           K =  4.8024895826E+05
           L =  4.8020292493E+05
           Vnuc =  8.4575274930E+05
           Ven = -2.4555931696E+08
           Vrep =  2.4507902197E+08
           DelSqV =  1.9807601212E+10
           DelSqVen =  1.6245317750E+12
           DelSqVrep = -1.6047241738E+12
           DelSqG =  1.0592576632E+09
           DelSqK = -2.0866858875E+10
           Stress_EigVals = -1.6010213911E+05 -1.6009714275E+05 -1.6009570971E+05
           Stress_EigVec1 =  7.1257530341E-01 -7.0067534861E-01 -3.5923429872E-02
           Stress_EigVec2 =  7.0098942283E-01  7.0889767249E-01  7.7961009533E-02
           Stress_EigVec3 = -2.9159321708E-02 -8.0735034394E-02  9.9630898228E-01
           -DivStress = -4.2168626785E+04 -4.3776256043E+04 -4.8022476268E+03
           ESP =  -2.2333990004E+01     ESP at Nucleus =  -2.2333991086E+01
           ESPe = -3.4464560802E+01     ESPe at Nucleus = -3.4464545292E+01
           ESPn =  1.2130570798E+01     ESPn at Nucleus =  1.2130554206E+01

CP# 14     Coords = -5.64705887163304E+00 -1.47792620669561E+00  1.80919558423584E+00
           Type = (3,-3) NACP C14
           Rho =  1.1754114391E+02     Rho at Nucleus =  1.1754114390E+02
           GradRho = -1.3294032541E-11  1.2364220758E-11 -1.0261291816E-11
           HessRho_EigVals = -1.4483736387E+05 -1.4483726719E+05 -1.4483705153E+05
           HessRho_EigVec1 =  8.6745267706E-01 -4.3641928644E-01 -2.3888084788E-01
           HessRho_EigVec2 =  4.9475581016E-01  7.0615335807E-01  5.0652159203E-01
           HessRho_EigVec3 = -5.2369278854E-02 -5.5757119842E-01  8.2847559851E-01
           DelSqRho = -4.3451168260E+05
           Bond Ellipticity = NA
           V = -1.0863836754E+05
           G =  5.2234425744E+00
           K =  1.0863314409E+05
           L =  1.0862792065E+05
           Vnuc =  2.6708062870E+07
           Ven = -3.1392962613E+09
           Vrep =  3.1391876229E+09
           DelSqV =  2.4924022993E+09
           DelSqVen =  1.1604984857E+13
           DelSqVrep = -1.1602475677E+13
           DelSqG =  1.3387791886E+08
           DelSqK = -2.6262802182E+09
           Stress_EigVals = -3.6212855737E+04 -3.6212795854E+04 -3.6212715944E+04
           Stress_EigVec1 = -2.6848754360E-02 -5.6556651512E-01  8.2426552843E-01
           Stress_EigVec2 =  4.9577825929E-01  7.0847295579E-01  5.0226485894E-01
           Stress_EigVec3 =  8.6803402123E-01 -4.2213811470E-01 -2.6137396602E-01
           -DivStress =  9.0658123120E+01  1.2675732800E+01 -1.5620761591E+02
           ESP =  -1.4743822794E+01     ESP at Nucleus =  -1.4743822795E+01
           ESPe = -2.7742390370E+01     ESPe at Nucleus = -2.7742390647E+01
           ESPn =  1.2998567576E+01     ESPn at Nucleus =  1.2998567852E+01

CP# 15     Coords = -6.44225628301304E+00 -3.35327884240957E+00  2.01751959205977E+00
           Type = (3,-3) NACP H15
           Rho =  4.1614861399E-01     Rho at Nucleus =  4.1285147524E-01
           GradRho =  9.2523558259E-13  2.1861453620E-12 -2.3754956335E-13
           HessRho_EigVals = -6.3496851786E+00 -6.3486294845E+00 -5.7990008875E+00
           HessRho_EigVec1 =  8.9657338846E-01 -4.0048100570E-01 -1.8913255450E-01
           HessRho_EigVec2 =  2.1347973481E-01  1.6616022470E-02  9.7680617864E-01
           HessRho_EigVec3 =  3.8804969002E-01  9.1615439303E-01 -1.0039206246E-01
           DelSqRho = -1.8497315551E+01
           Bond Ellipticity = NA
           V = -4.6341438642E+00
           G =  4.9074882796E-03
           K =  4.6292363760E+00
           L =  4.6243288877E+00
           Vnuc =  4.2816738581E+01
           Ven = -1.7818126416E+01
           Vrep =  1.3183982552E+01
           DelSqV =  6.9812191382E+02
           DelSqVen =  7.9199472439E+02
