AIMSum (Version 19.02.13, Professional)
Copyright (c) 1997-2019 by Todd A. Keith
AIMSum is a component of the AIMAll package ( http://aim.tkgristmill.com )

TP:  64-bit Linux

Much of the Quantum Theory of Atoms in Molecules (QTAIM) is described in the book:
  "Atoms in Molecules - A Quantum Theory"
  R.F.W. Bader, Oxford University Press, Oxford, 1990

For additional references see:  http://aim.tkgristmill.com/references.html

Wfn File:  /home/mhennefarth/Documents/ML_Diels/summary-gordillo2007/1-opt/1-opt.wfn
Sum File:  /home/mhennefarth/Documents/ML_Diels/summary-gordillo2007/1-opt/1-opt.sum

SumViz File:  /home/mhennefarth/Documents/ML_Diels/summary-gordillo2007/1-opt/1-opt.sumviz

Wfn Title:   Title Card Required                                                           
 
Total memory allocated for AIMSum =        1.531 Megabytes

Atomic units (a.u.) used throughout, except where stated otherwise

Model:  Restricted SCF
 
Restricted, closed-shell, single-determinant wavefunction.
  Number of electrons (from MO Occs)                   =         100.0000000000
  Number of Alpha electrons (from MO Occs)             =          50.0000000000
  Number of Beta electrons (from MO Occs)              =          50.0000000000
  Number of electron pairs (N*(N-1)/2)                 =        4950.0000000000
  Number of electron pairs (from Muller 2EDM)          =        4950.0000000000
 
Nuclear Charges and Cartesian Coordinates:
-------------------------------------------------------------------------------
Atom      Charge                X                  Y                  Z
-------------------------------------------------------------------------------
C1         6.0          -4.5396274700E+00   5.0877010000E+00   8.9948527000E-01
C2         6.0          -2.3318406100E+00   6.2875652200E+00   5.9514675000E-01
C3         6.0          -2.7942970000E-02   4.8307404900E+00   3.4533520000E-02
O4         8.0           2.0434177000E+00   5.7668030800E+00  -3.5633558000E-01
C5         6.0          -2.3126734900E+00  -5.6727792000E+00   9.5826126000E-01
C6         6.0          -2.0553135400E+00  -3.3880232700E+00  -1.3746281000E-01
O7         8.0          -4.0586078500E+00  -1.8356481300E+00  -7.5947519000E-01
C8         6.0          -6.5286979700E+00  -2.8379037000E+00  -4.8332463000E-01
C9         6.0           3.3024585000E-01  -2.1889430300E+00  -8.5444812000E-01
C10        6.0           2.4933608300E+00  -2.5097822000E+00   4.8236480000E-01
N11        7.0           4.8733705400E+00  -1.6641306400E+00  -1.0930681000E-01
C12        6.0           6.6748779100E+00  -1.3139606900E+00   1.9380577900E+00
C13        6.0           5.2217256600E+00  -2.4907890000E-02  -2.2891823600E+00
H14        1.0           2.6607851000E-01  -9.8441599000E-01  -2.5139505300E+00
H15        1.0           8.6037388500E+00  -1.5193736100E+00   1.2143699000E+00
H16        1.0           6.5122777500E+00   5.5871035000E-01   2.8338705400E+00
H17        1.0           6.3689926200E+00  -2.7568322800E+00   3.3869962900E+00
H18        1.0           4.2624649900E+00  -8.4046379000E-01  -3.9296085100E+00
H19        1.0           4.4909482300E+00   1.8955965900E+00  -1.9597840400E+00
H20        1.0           7.2410366700E+00   1.0011971000E-01  -2.7179465200E+00
H21        1.0          -7.0052497700E+00  -3.1553399800E+00   1.5117437200E+00
H22        1.0          -7.8159554700E+00  -1.4322161300E+00  -1.2762058300E+00
H23        1.0          -6.7263120100E+00  -4.6283146500E+00  -1.5119554800E+00
H24        1.0           2.4200639000E+00  -3.5998787400E+00   2.2250231600E+00
H25        1.0          -4.1053325100E+00  -6.4157945100E+00   1.6068252100E+00
H26        1.0          -6.6486384000E-01  -6.8565970100E+00   1.2222339400E+00
H27        1.0          -2.1471946500E+00   8.3309560400E+00   7.2365904000E-01
H28        1.0          -6.2854621500E+00   6.0913173900E+00   1.2991339800E+00
H29        1.0          -4.6501237700E+00   3.0392261900E+00   7.3417399000E-01
H30        1.0          -3.0186508000E-01   2.7547350800E+00  -1.7533800000E-02
 
Some Atomic Properties:
----------------------
  q(A) = Net Charge of Atom A
  L(A) = Lagrangian of Atom A = -(1/4) Times Atomic Integral of the Laplacian of the Electron Density
  K(A) = Electronic Kinetic Energy of Atom A (Hamiltonian Form)
  K_Scaled(A) = K(A) * E(Mol)/K(Mol) = Approximation to Virial-Based Total Energy of Atom A.
  |Mu_Intra(A)| = Magnitude of Intraatomic Dipole Moment of Atom A
--------------------------------------------------------------------------------------------------
Atom A          q(A)              L(A)              K(A)          K_Scaled(A)      |Mu_Intra(A)|
--------------------------------------------------------------------------------------------------
C1       -8.9637517700E-02  4.0977476887E-05  3.7721381644E+01 -3.8083240218E+01  1.0488310406E-01
C2       -4.1891011500E-02 -1.0559565774E-04  3.7746001761E+01 -3.8108096513E+01  1.0292989645E-01
C3        1.0042046249E+00 -2.2507829529E-05  3.7047697517E+01 -3.7403093486E+01  9.0127105016E-01
O4       -1.1484283796E+00 -9.5386088343E-06  7.5276226489E+01 -7.5998346061E+01  5.5616700328E-01
C5       -1.1523304660E-01 -1.0725947242E-04  3.7698778481E+01 -3.8060420224E+01  2.2521439440E-01
C6        4.7580657880E-01 -4.2660303160E-05  3.7404191029E+01 -3.7763006815E+01  7.1172428633E-01
O7       -1.1081020910E+00 -9.1195812760E-05  7.5217978825E+01 -7.5939539631E+01  1.3885624019E-01
C8        4.6473987810E-01 -9.9372495208E-05  3.7405686770E+01 -3.7764516905E+01  6.3119003777E-01
C9       -4.4851830700E-02  8.3629644865E-05  3.7713359970E+01 -3.8075141593E+01  1.5849080326E-01
C10       4.2938677720E-01 -1.8904169757E-04  3.7451639204E+01 -3.7810910157E+01  6.6844890446E-01
N11      -1.1656089139E+00 -9.7902603662E-06  5.4874085454E+01 -5.5400488715E+01  2.0269181185E-01
C12       3.2988395170E-01 -3.4953153796E-04  3.7498121471E+01 -3.7857838325E+01  4.9947505779E-01
C13       3.0753948950E-01 -3.6755745328E-04  3.7512815799E+01 -3.7872673615E+01  5.2418307242E-01
H14       3.9742076450E-02  3.9057539728E-05  5.9907418558E-01 -6.0482106230E-01  1.4924728356E-01
H15       2.3674986980E-02  3.5113797491E-05  6.0679315357E-01 -6.1261407782E-01  1.5324160334E-01
H16       2.1316777660E-02  2.9165021235E-05  6.0483170347E-01 -6.1063381166E-01  1.5933652158E-01
H17       2.8243116240E-02  2.8713229251E-05  6.0452554618E-01 -6.1032471743E-01  1.4998468551E-01
H18       3.2466834120E-02 -1.3278047695E-05  6.0360298854E-01 -6.0939330976E-01  1.5004531512E-01
H19       6.1881181200E-02  3.9080163721E-05  5.8925902143E-01 -5.9491174198E-01  1.3427815694E-01
H20       2.3097010590E-02  3.6666272710E-05  6.0680942664E-01 -6.1263050699E-01  1.5228343599E-01
H21       2.2212437790E-02  2.9212120973E-05  6.0862816087E-01 -6.1446668821E-01  1.5753763455E-01
H22       3.4444805490E-02  1.9177357196E-05  6.0578021996E-01 -6.1159142720E-01  1.4806149434E-01
H23       3.3351240930E-02  3.0735137660E-05  6.0302532797E-01 -6.0881010773E-01  1.5725249800E-01
H24       4.7560296500E-02  3.2851392609E-05  6.0023009409E-01 -6.0598805937E-01  1.5203888548E-01
H25       2.9554031940E-02  2.9349561972E-05  6.0042209336E-01 -6.0618190047E-01  1.4916344132E-01
H26       3.8209316850E-02  3.5080508727E-05  5.9554549502E-01 -6.0125852126E-01  1.5139010802E-01
H27       6.4201251630E-02  2.4775748673E-05  5.8631390564E-01 -5.9193837389E-01  1.4791786163E-01
H28       5.8476239260E-02  1.3347737663E-05  5.8841761903E-01 -5.9406226806E-01  1.4474174098E-01
H29       8.8819202250E-02  9.4509556314E-06  5.7559823718E-01 -5.8111991078E-01  1.2992840585E-01
H30       5.4247828120E-02  3.4414050832E-05  5.9494440619E-01 -6.0065166623E-01  1.4575841464E-01
--------------------------------------------------------------------------------------------------
Total    -6.9285680000E-04 -8.1653145870E-04  5.9074176600E+02 -5.9640871041E+02
 
1st Largest |L(A)| = 3.6755745328E-04, atom C13     
2nd Largest |L(A)| = 3.4953153796E-04, atom C12     
 
Molecular charge q(Mol) from the wfn file:   0.0000000000E+00
Molecular energy E(Mol) from the wfn file:  -5.9640895008E+02
Molecular virial ratio (-V(Mol)/T(Mol)) from the wfn file:   2.0095929300E+00
Note.  K_Scaled(A) = (1+V(Mol)/T(Mol))*K(A) = (E(Mol)/T(Mol))*K(A)
       Only use K_Scaled(A) data with caution.
 
N_AIMInt(SumA)     =        100.000693
N_Analytic(Mol)    =         99.999983
 
G_AIMInt(SumA)     =        590.742583
G_Analytic(Mol)    =        590.741959
 
K_AIMInt(SumA)     =        590.741766
K_Analytic(Mol)    =        590.741959
 
L_AIMInt(SumA)     =         -0.000817
L_Analytic(Mol)    =          0.000000
 
VenT_AIMInt(SumA)  =      -2927.500206
VenT_Analytic(Mol) =      -2927.489013
 
Some Information About the Atomic Calculations:
----------------------------------------------
  Time(sec) = "Elapsed User Time", in Seconds, for Atom A by AIMInt and, if used, by TWOe
  NProc = Number of Processors Used for AIMInt Job
  BIM = Basin Integration Method
  OAQ = Angular Quadrature Outside of Beta Sphere
  ORQ = Multiple of Default for Radial Quadrature Outside of Beta Sphere
  IAQ = Multiple of Default for Angular Quadrature Inside of Beta Sphere
  IRQ = Multiple of Default for Radial Quadrature Inside of Beta Sphere
  MIR = Maximum Integration Radius
------------------------------------------------------------------------------------------------------
Atom A     Time(sec)   NProc      BIM          OAQ                     ORQ      IAQ      IRQ      MIR
------------------------------------------------------------------------------------------------------
C1             59        8     Proaim(5)    4500(GS4)                  1.00     1.00     1.00    13.00
C2             46        8     Proaim(5)    5400(GS5)                  1.00     1.00     1.00    13.00
C3             58        8     Proaim(5)    4500(GS4)                  1.00     1.00     1.00    13.00
O4             39        8     Proaim(5)    4500(GS4)                  1.00     1.00     1.00    13.00
C5             74        8     Proaim(5)    4500(GS4)                  1.00     1.00     1.00    13.00
C6             89        8     Proaim(5)    4500(GS4)                  1.00     1.00     1.00    13.00
O7             58        8     Proaim(5)    4500(GS4)                  1.00     1.00     1.00    13.00
C8             49        8     Proaim(5)    4500(GS4)                  1.00     1.00     1.00    13.00
C9             86        8     Proaim(5)    4500(GS4)                  1.00     1.00     1.00    13.00
C10            53        8     Proaim(5)    4500(GS4)                  1.00     1.00     1.00    13.00
N11            46        8     Proaim(5)    4500(GS4)                  1.00     1.00     1.00    13.00
C12            31        8     Proaim(5)    4500(GS4)                  1.00     1.00     1.00    13.00
C13            40        8     Proaim(5)    4500(GS4)                  1.00     1.00     1.00    13.00
H14            12        8     Proaim(5)    1800(GS4)                  1.00     1.00     1.00    13.00
H15             8        8     Proaim(5)    1800(GS4)                  1.00     1.00     1.00    13.00
H16             7        8     Proaim(5)    1800(GS4)                  1.00     1.00     1.00    13.00
H17             8        8     Proaim(5)    1800(GS4)                  1.00     1.00     1.00    13.00
H18             9        8     Proaim(5)    1800(GS4)                  1.00     1.00     1.00    13.00
H19            15        8     Proaim(5)    4500(GS4)                  1.00     1.00     1.00    13.00
H20             8        8     Proaim(5)    1800(GS4)                  1.00     1.00     1.00    13.00
H21             8        8     Proaim(5)    1800(GS4)                  1.00     1.00     1.00    13.00
H22             8        8     Proaim(5)    1800(GS4)                  1.00     1.00     1.00    13.00
H23             7        8     Proaim(5)    1800(GS4)                  1.00     1.00     1.00    13.00
H24            10        8     Proaim(5)    1800(GS4)                  1.00     1.00     1.00    13.00
H25            10        8     Proaim(5)    1800(GS4)                  1.00     1.00     1.00    13.00
H26             8        8     Proaim(5)    1800(GS4)                  1.00     1.00     1.00    13.00
H27             6        8     Proaim(5)    1800(GS4)                  1.00     1.00     1.00    13.00
H28             6        8     Proaim(5)    1800(GS4)                  1.00     1.00     1.00    13.00
H29            14        8     Proaim(5)    4500(GS4)                  1.00     1.00     1.00    13.00
H30            19        8     Proaim(5)    4500(GS4)                  1.00     1.00     1.00    13.00
------------------------------------------------------------------------------------------------------
Total         891
Note:  Total wall clock time is less than total of atomic times if more than one atom
       was calculated at a time
 
Electron Density Critical Point Analysis of Molecular Structure:               
---------------------------------------------------------------                
  NACP = Nuclear Attractor Critical Point                                      
  NNACP = Non-Nuclear Attractor Critical Point                                 
  BCP = Bond Critical Point                                                    
  RCP = Ring Critical Point                                                    
  CCP = Cage Critical Point                                                    
  Rho = Electron Density                                                       
  GradRho = Gradient of Electron Density                                       
  HessRho_EigVals = Eigenvalues of the Hessian of Rho, Ascending Order         
  HessRho_EigVecs = Eigenvectors of the Hessian of Rho                         
  DelSqRho = Laplacian of Rho = Trace of Hessian of Rho                        
  Bond Ellipticity = (HessRho_EigVal(1) / HessRho_EigVal(2)) - 1               
  V = Virial Field = Potential Energy Density = Trace of Stress Tensor         
  G = Lagrangian Form of Kinetic Energy Density                                
  K = Hamiltonian Form of Kinetic Energy Density                               
  L = K - G = Lagrangian Density = (-1/4)DelSqRho                              
  Vnuc = Electrostatic Potential from Nuclei                                   
  Ven = Electron-nuclear attractive contribution to Virial Field V             
  Vrep = V - Ven = Repulsive contribution to Virial Field V                    
  DelSqV = Laplacian of V                                                      
  DelSqVen = Laplacian of Ven                                                  
  DelSqVrep = Laplacian of Vrep                                                
  DelSqG = Laplacian of G                                                      
  DelSqK = Laplacian of K                                                      
  Stress_EigVals = Eigenvalues of Stress Tensor, Ascending Order               
  Stress_EigVecs = Eigenvectors of Stress Tensor                               
  -DivStress = Ehrenfest Force Density = Minus Divergence of Stress Tensor     
  ESP = Total Electrostatic Potential                                          
  ESPe = Electrostatic Potential from Electrons                                
  ESPn = Electrostatic Potential from Nuclei                                   
  BP = Bond Path                                                               
  BPL = Bond Path Length                                                       
  GBL = Geometric Bond Length                                                  
  GBL_I = Distance Between Nuclear Attractors                                  
  GBL_II = Distance Between Nuclei                                             
  GBL_III = Sum of Distances Between BCP and Nuclear Attractors                
  GBL_IV = Sum of Distances Between BCP and Nuclei                             

CP# 1      Coords = -4.53962834802408E+00  5.08770102540301E+00  8.99485422243367E-01
           Type = (3,-3) NACP C1
           Rho =  1.1772226071E+02     Rho at Nucleus =  1.1772226065E+02
           GradRho = -1.7542167718E-10  1.7714718581E-11  3.4163560869E-11
           HessRho_EigVals = -1.4506240250E+05 -1.4506067149E+05 -1.4506050823E+05
           HessRho_EigVec1 =  1.7544539142E-01 -8.3450779329E-02  9.8094591189E-01
           HessRho_EigVec2 =  6.1548934726E-01 -7.6836878912E-01 -1.7544875984E-01
           HessRho_EigVec3 =  7.6836955825E-01  6.3454343535E-01 -8.3443697267E-02
           DelSqRho = -4.3518358223E+05
           Bond Ellipticity = NA
           V = -1.0880607827E+05
           G =  5.0913587520E+00
           K =  1.0880098692E+05
           L =  1.0879589556E+05
           Vnuc =  6.7303390542E+06
           Ven = -7.9231072882E+08
           Vrep =  7.9220192274E+08
           DelSqV =  2.4962362588E+09
           DelSqVen =  2.9289332081E+12
           DelSqVrep = -2.9264369718E+12
           DelSqG =  1.3408604861E+08
           DelSqK = -2.6303223074E+09
           Stress_EigVals = -3.6268998653E+04 -3.6268905216E+04 -3.6268174405E+04
           Stress_EigVec1 =  8.5475133671E-01  5.0723330251E-01 -1.1006602204E-01
           Stress_EigVec2 = -4.8816265053E-01  8.5767036314E-01  1.6155115232E-01
           Stress_EigVec3 =  1.7634448961E-01 -8.4355942342E-02  9.8070724275E-01
           -DivStress =  7.1447148871E+02 -2.1697966788E+01 -1.2413981798E+02
           ESP =  -1.4719324118E+01     ESP at Nucleus =  -1.4719324128E+01
           ESPe = -2.8113823634E+01     ESPe at Nucleus = -2.8113824899E+01
           ESPn =  1.3394499516E+01     ESPn at Nucleus =  1.3394500771E+01

CP# 2      Coords = -2.33184044948204E+00  6.28756502177576E+00  5.95146701297709E-01
           Type = (3,-3) NACP C2
           Rho =  1.1771631670E+02     Rho at Nucleus =  1.1771631669E+02
           GradRho =  1.1288692203E-11  3.8781755585E-11 -7.2608585810E-12
           HessRho_EigVals = -1.4505398651E+05 -1.4505290917E+05 -1.4505261123E+05
           HessRho_EigVec1 =  1.7757781176E-01 -8.0110666325E-02  9.8084066082E-01
           HessRho_EigVec2 = -5.2100633124E-01  8.3789085004E-01  1.6276156250E-01
           HessRho_EigVec3 =  8.3487635227E-01  5.3992703633E-01 -1.0705265929E-01
           DelSqRho = -4.3515950691E+05
           Bond Ellipticity = NA
           V = -1.0880019295E+05
           G =  5.1581094703E+00
           K =  1.0879503484E+05
           L =  1.0878987673E+05
           Vnuc =  2.3105875861E+07
           Ven = -2.7199386004E+09
           Vrep =  2.7198298002E+09
           DelSqV =  2.4960993007E+09
           DelSqVen =  1.0054749127E+13
           DelSqVrep = -1.0052253027E+13
           DelSqG =  1.3407782126E+08
           DelSqK = -2.6301771220E+09
           Stress_EigVals = -3.6267010920E+04 -3.6266851106E+04 -3.6266330921E+04
           Stress_EigVec1 =  7.7381539273E-01  6.2699360321E-01 -8.9937531171E-02
           Stress_EigVec2 = -6.0740605042E-01  7.7479495292E-01  1.7535869199E-01
           Stress_EigVec3 =  1.7963192337E-01 -8.1066654517E-02  9.8038796893E-01
           -DivStress = -1.2819900739E+02  1.6448010709E+02  3.9676851885E+01
           ESP =  -1.4729106534E+01     ESP at Nucleus =  -1.4729106534E+01
           ESPe = -2.9114276891E+01     ESPe at Nucleus = -2.9114276566E+01
           ESPn =  1.4385170358E+01     ESPn at Nucleus =  1.4385170032E+01

CP# 3      Coords = -2.79414037614904E-02  4.83074250365971E+00  3.45333342837571E-02
           Type = (3,-3) NACP C3
           Rho =  1.1775967076E+02     Rho at Nucleus =  1.1775967028E+02
           GradRho =  2.2491507545E-09  2.8333707047E-09 -2.6973624723E-10
           HessRho_EigVals = -1.4509185130E+05 -1.4508963744E+05 -1.4508923961E+05
           HessRho_EigVec1 =  2.0733553422E-01 -5.4618551052E-02  9.7674397369E-01
           HessRho_EigVec2 =  9.7008606458E-01  1.4035614991E-01 -1.9807366937E-01
           HessRho_EigVec3 = -1.2627352677E-01  9.8859342758E-01  8.2085512566E-02
           DelSqRho = -4.3527072836E+05
           Bond Ellipticity = NA
           V = -1.0882752455E+05
           G =  4.9212290732E+00
           K =  1.0882260332E+05
           L =  1.0881768209E+05
           Vnuc =  2.3457681138E+06
           Ven = -2.7623688076E+08
           Vrep =  2.7612805323E+08
           DelSqV =  2.4967107207E+09
           DelSqVen =  1.0210441871E+12
           DelSqVrep = -1.0185474764E+12
           DelSqG =  1.3409516168E+08
           DelSqK = -2.6308058824E+09
           Stress_EigVals = -3.6276196962E+04 -3.6276095069E+04 -3.6275232518E+04
           Stress_EigVec1 =  6.0204424447E-01  7.9400999720E-01 -8.4207197089E-02
           Stress_EigVec2 =  7.7108085047E-01 -6.0553751372E-01 -1.9687214513E-01
           Stress_EigVec3 =  2.0730906816E-01 -5.3595184723E-02  9.7680627887E-01
           -DivStress = -1.2741472882E+03 -1.6441991534E+03  1.5032219094E+02
           ESP =  -1.4664671986E+01     ESP at Nucleus =  -1.4664672004E+01
           ESPe = -3.0899606440E+01     ESPe at Nucleus = -3.0899605675E+01
           ESPn =  1.6234934454E+01     ESPn at Nucleus =  1.6234933671E+01

CP# 4      Coords =  2.04340901603695E+00  5.76679876152524E+00 -3.56333959242315E-01
           Type = (3,-3) NACP O4
           Rho =  2.9036243602E+02     Rho at Nucleus =  2.9036240506E+02
           GradRho =  3.2795988147E-13  2.0817170210E-10  2.4924506903E-14
           HessRho_EigVals = -6.4032381974E+05 -6.4031684177E+05 -6.4029767520E+05
           HessRho_EigVec1 =  2.0462398974E-01 -5.4111810103E-02  9.7734381608E-01
           HessRho_EigVec2 =  9.0349096967E-01  3.9460116486E-01 -1.6731404131E-01
           HessRho_EigVec3 = -3.7660734266E-01  9.1725777876E-01  1.2963439649E-01
           DelSqRho = -1.9209383367E+06
           Bond Ellipticity = NA
           V = -4.8032652812E+05
           G =  4.5971973102E+01
           K =  4.8028055615E+05
           L =  4.8023458418E+05
           Vnuc =  8.1360264376E+05
           Ven = -2.3623964559E+08
           Vrep =  2.3575931906E+08
           DelSqV =  1.9808903016E+10
           DelSqVen =  1.5628805117E+12
           DelSqVrep = -1.5430716087E+12
           DelSqG =  1.0593293114E+09
           DelSqK = -2.0868232328E+10
           Stress_EigVals = -1.6011259614E+05 -1.6010780473E+05 -1.6010612725E+05
           Stress_EigVec1 = -3.7969327465E-01  9.1589762719E-01  1.3024804678E-01
           Stress_EigVec2 =  9.0219864132E-01  3.9774174346E-01 -1.6685058318E-01
           Stress_EigVec3 =  2.0462313844E-01 -5.4157566535E-02  9.7734145988E-01
           -DivStress =  5.5993205469E+04  2.7899272092E+04 -1.0450302731E+04
           ESP =  -2.2326453712E+01     ESP at Nucleus =  -2.2326454857E+01
           ESPe = -3.5565534592E+01     ESPe at Nucleus = -3.5565516949E+01
           ESPn =  1.3239080880E+01     ESPn at Nucleus =  1.3239062092E+01

CP# 5      Coords = -2.31267363018804E+00 -5.67277926622057E+00  9.58261744746373E-01
           Type = (3,-3) NACP C5
           Rho =  1.1759831588E+02     Rho at Nucleus =  1.1759831586E+02
           GradRho = -3.0849600652E-11  5.7897547867E-11  3.4611064015E-11
           HessRho_EigVals = -1.4490914511E+05 -1.4490910905E+05 -1.4490901575E+05
           HessRho_EigVec1 =  2.8605468280E-01 -8.0901370549E-01  5.1348762671E-01
           HessRho_EigVec2 =  9.5685237515E-01  2.6972172633E-01 -1.0809126941E-01
           HessRho_EigVec3 = -5.1051450723E-02  5.2225186901E-01  8.5126184849E-01
           DelSqRho = -4.3472726991E+05
           Bond Ellipticity = NA
           V = -1.0869225634E+05
           G =  5.2194311350E+00
           K =  1.0868703691E+05
           L =  1.0868181748E+05
           Vnuc =  1.1789292452E+07
           Ven = -1.3864009378E+09
           Vrep =  1.3862922455E+09
           DelSqV =  2.4936343189E+09
           DelSqVen =  5.1251280609E+12
           DelSqVrep = -5.1226344266E+12
           DelSqG =  1.3394671075E+08
           DelSqK = -2.6275810297E+09
           Stress_EigVals = -3.6230875367E+04 -3.6230832050E+04 -3.6230548923E+04
           Stress_EigVec1 = -1.1508429422E-01 -8.9972223511E-01  4.2101722634E-01
           Stress_EigVec2 =  9.7998976725E-01 -1.7212734549E-01 -9.9961157569E-02
           Stress_EigVec3 =  1.6240585369E-01  4.0108861438E-01  9.0152773784E-01
           -DivStress =  1.1364305706E+02  5.9413927112E+01 -3.9361287742E+02
           ESP =  -1.4774284975E+01     ESP at Nucleus =  -1.4774284979E+01
           ESPe = -2.9411687472E+01     ESPe at Nucleus = -2.9411687962E+01
           ESPn =  1.4637402497E+01     ESPn at Nucleus =  1.4637402983E+01

CP# 6      Coords = -2.05531750197599E+00 -3.38801859429843E+00 -1.37464789637766E-01
           Type = (3,-3) NACP C6
           Rho =  1.1762852140E+02     Rho at Nucleus =  1.1762851840E+02
           GradRho =  1.4363177314E-11  1.5806800313E-11  1.3092860129E-12
           HessRho_EigVals = -1.4492142573E+05 -1.4492084421E+05 -1.4491951028E+05
           HessRho_EigVec1 =  8.3771295334E-01 -5.4369213610E-01  5.1340714320E-02
           HessRho_EigVec2 =  1.6637092910E-01  3.4361905201E-01  9.2425465162E-01
           HessRho_EigVec3 =  5.2015163343E-01  7.6571849151E-01 -3.7830869671E-01
           DelSqRho = -4.3476178022E+05
           Bond Ellipticity = NA
           V = -1.0870040384E+05
           G =  4.9793908383E+00
           K =  1.0869542444E+05
           L =  1.0869044505E+05
           Vnuc =  9.3164102876E+05
           Ven = -1.0958755669E+08
           Vrep =  1.0947885629E+08
           DelSqV =  2.4937957565E+09
           DelSqVen =  4.0504191334E+11
           DelSqVrep = -4.0254811759E+11
           DelSqG =  1.3393058811E+08
           DelSqK = -2.6277263446E+09
           Stress_EigVals = -3.6233900622E+04 -3.6233287104E+04 -3.6233216109E+04
           Stress_EigVec1 =  4.8852873276E-01  7.8158643423E-01 -3.8789473198E-01
           Stress_EigVec2 =  8.3210308463E-01 -2.8353891872E-01  4.7666564605E-01
           Stress_EigVec3 =  2.6257214973E-01 -5.5563326701E-01 -7.8887739147E-01
           -DivStress =  3.2069352264E+03 -3.7903191394E+03  1.6057130670E+03
           ESP =  -1.4691860938E+01     ESP at Nucleus =  -1.4691861161E+01
           ESPe = -3.2663979123E+01     ESPe at Nucleus = -3.2663976009E+01
           ESPn =  1.7972118184E+01     ESPn at Nucleus =  1.7972114848E+01

CP# 7      Coords = -4.05860973351846E+00 -1.83565712228042E+00 -7.59471773061775E-01
           Type = (3,-3) NACP O7
           Rho =  2.8991386851E+02     Rho at Nucleus =  2.8991383780E+02
           GradRho =  4.0699443815E-11 -4.8219206406E-12  1.4547696381E-11
           HessRho_EigVals = -6.3926549430E+05 -6.3924966045E+05 -6.3923997547E+05
           HessRho_EigVec1 =  9.8980115711E-01 -1.1868817981E-01  7.8783154066E-02
           HessRho_EigVec2 =  1.3738510256E-01  9.4154583357E-01 -3.0759840194E-01
           HessRho_EigVec3 = -3.7669656027E-02  3.1528488587E-01  9.4824914329E-01
           DelSqRho = -1.9177551302E+06
           Bond Ellipticity = NA
           V = -4.7953268438E+05
           G =  4.6950911388E+01
           K =  4.7948573347E+05
           L =  4.7943878256E+05
           Vnuc =  8.1615448606E+05
           Ven = -2.3661450435E+08
           Vrep =  2.3613497167E+08
           DelSqV =  1.9776130880E+10
           DelSqVen =  1.5651844524E+12
           DelSqVrep = -1.5454083215E+12
           DelSqG =  1.0574530946E+09
           DelSqK = -2.0833583975E+10
           Stress_EigVals = -1.5984711146E+05 -1.5984450334E+05 -1.5984106958E+05
           Stress_EigVec1 = -3.7459151354E-02  3.1999170745E-01  9.4667952293E-01
           Stress_EigVec2 =  1.2890422309E-01  9.4097690283E-01 -3.1296352760E-01
           Stress_EigVec3 =  9.9094929903E-01 -1.1030764027E-01  7.6496478667E-02
           -DivStress =  1.2164072803E+04  5.7887759707E+04 -2.1980517547E+04
           ESP =  -2.2292329464E+01     ESP at Nucleus =  -2.2292330571E+01
           ESPe = -3.8096806754E+01     ESPe at Nucleus = -3.8096800413E+01
           ESPn =  1.5804477289E+01     ESPn at Nucleus =  1.5804469842E+01

CP# 8      Coords = -6.52869285528742E+00 -2.83790156128875E+00 -4.83325037332487E-01
           Type = (3,-3) NACP C8
           Rho =  1.1750466793E+02     Rho at Nucleus =  1.1750466569E+02
           GradRho =  4.8268999908E-11  8.2323037276E-14  2.4079627181E-12
           HessRho_EigVals = -1.4477776703E+05 -1.4477579975E+05 -1.4477571755E+05
           HessRho_EigVec1 =  9.4162717373E-01  3.2752442848E-01 -7.7884622657E-02
           HessRho_EigVec2 =  4.1983044914E-02  1.1530034135E-01  9.9244307405E-01
           HessRho_EigVec3 = -3.3402947420E-01  9.3778120051E-01 -9.4819461763E-02
           DelSqRho = -4.3432928433E+05
           Bond Ellipticity = NA
           V = -1.0859262584E+05
           G =  5.1523759216E+00
           K =  1.0858747346E+05
           L =  1.0858232108E+05
           Vnuc =  1.0793831302E+06
           Ven = -1.2683255628E+08
           Vrep =  1.2672396365E+08
           DelSqV =  2.4913409847E+09
           DelSqVen =  4.6880770304E+11
           DelSqVrep = -4.6631636206E+11
           DelSqG =  1.3380632543E+08
           DelSqK = -2.6251473101E+09
           Stress_EigVals = -3.6197749208E+04 -3.6197721210E+04 -3.6197155417E+04
           Stress_EigVec1 = -3.4466237188E-01  9.2836389357E-01 -1.3909827649E-01
           Stress_EigVec2 =  2.4963540044E-02  1.5718961901E-01  9.8725287811E-01
           Stress_EigVec3 =  9.3839473095E-01  3.3679653323E-01 -7.7352596155E-02
           -DivStress = -4.1437214467E+03 -1.7354546880E+03  3.3152923079E+02
           ESP =  -1.4689954810E+01     ESP at Nucleus =  -1.4689954939E+01
           ESPe = -2.8746231914E+01     ESPe at Nucleus = -2.8746221719E+01
           ESPn =  1.4056277104E+01     ESPn at Nucleus =  1.4056266780E+01

CP# 9      Coords =  3.30245268756407E-01 -2.18894366572645E+00 -8.54447704111655E-01
           Type = (3,-3) NACP C9
           Rho =  1.1759508699E+02     Rho at Nucleus =  1.1759508693E+02
           GradRho = -1.1514600384E-10 -1.2155774998E-10  7.9821926846E-11
           HessRho_EigVals = -1.4490433359E+05 -1.4490404488E+05 -1.4490384319E+05
           HessRho_EigVec1 =  8.8505950837E-01  3.4114277516E-01 -3.1668797515E-01
           HessRho_EigVec2 =  4.4501168449E-01 -4.2060740644E-01  7.9060357343E-01
           HessRho_EigVec3 = -1.3650738922E-01  8.4066105929E-01  5.2407510539E-01
           DelSqRho = -4.3471222166E+05
           Bond Ellipticity = NA
           V = -1.0868856856E+05
           G =  5.2565711453E+00
           K =  1.0868331199E+05
           L =  1.0867805541E+05
           Vnuc =  6.2726714715E+06
           Ven = -7.3763534737E+08
           Vrep =  7.3752665881E+08
           DelSqV =  2.4935481403E+09
           DelSqVen =  2.7268075356E+12
           DelSqVrep = -2.7243139219E+12
           DelSqG =  1.3394056696E+08
           DelSqK = -2.6274887072E+09
           Stress_EigVals = -3.6229657985E+04 -3.6229538632E+04 -3.6229371940E+04
           Stress_EigVec1 =  6.5250540597E-01 -3.0449065409E-01  6.9391796111E-01
           Stress_EigVec2 = -7.0207795595E-01 -5.8752129954E-01  4.0237453493E-01
           Stress_EigVec3 = -2.8517229695E-01  7.4973606300E-01  5.9713700010E-01
           -DivStress =  4.7325056055E+02  5.1711807966E+02 -3.4039913504E+02
           ESP =  -1.4762765191E+01     ESP at Nucleus =  -1.4762765193E+01
           ESPe = -3.2707469139E+01     ESPe at Nucleus = -3.2707468841E+01
           ESPn =  1.7944703949E+01     ESPn at Nucleus =  1.7944703648E+01

CP# 10     Coords =  2.49336500292382E+00 -2.50978147689346E+00  4.82363992388842E-01
           Type = (3,-3) NACP C10
           Rho =  1.1763992078E+02     Rho at Nucleus =  1.1763991943E+02
           GradRho = -8.2082118880E-12 -2.1780119375E-11 -1.1804446309E-12
           HessRho_EigVals = -1.4494134915E+05 -1.4494098405E+05 -1.4493994585E+05
           HessRho_EigVec1 = -3.6381815489E-01  7.7952076975E-01  5.0988598697E-01
           HessRho_EigVec2 =  7.9028759113E-01  5.4806297708E-01 -2.7399360660E-01
           HessRho_EigVec3 =  4.9303333911E-01 -3.0327271999E-01  8.1544085245E-01
           DelSqRho = -4.3482227904E+05
           Bond Ellipticity = NA
           V = -1.0871575194E+05
           G =  5.0910872272E+00
           K =  1.0871066085E+05
           L =  1.0870556976E+05
           Vnuc =  1.3916678744E+06
           Ven = -1.6371569849E+08
           Vrep =  1.6360698274E+08
           DelSqV =  2.4941515774E+09
           DelSqVen =  6.0512820224E+11
           DelSqVrep = -6.0263405066E+11
           DelSqG =  1.3395580211E+08
           DelSqK = -2.6281073795E+09
           Stress_EigVals = -3.6238919537E+04 -3.6238600228E+04 -3.6238232171E+04
           Stress_EigVec1 = -5.7253966799E-01  2.8666331640E-01 -7.6812920242E-01
           Stress_EigVec2 =  7.7929222700E-01  4.8139028315E-01 -4.0120695436E-01
           Stress_EigVec3 = -2.5475861815E-01  8.2830401322E-01  4.9900952713E-01
           -DivStress = -3.3885521788E+03 -5.8831139322E+02  6.5818504706E+02
           ESP =  -1.4710524951E+01     ESP at Nucleus =  -1.4710525039E+01
           ESPe = -3.2326722610E+01     ESPe at Nucleus = -3.2326722211E+01
           ESPn =  1.7616197659E+01     ESPn at Nucleus =  1.7616197172E+01

CP# 11     Coords =  4.87336898075640E+00 -1.66412658297445E+00 -1.09304934998414E-01
           Type = (3,-3) NACP N11
           Rho =  1.9042763212E+02     Rho at Nucleus =  1.9042762853E+02
           GradRho = -9.5871893757E-11  2.0075496820E-11  2.1275758932E-12
           HessRho_EigVals = -3.2035606731E+05 -3.2035585196E+05 -3.2034644261E+05
           HessRho_EigVec1 =  8.0804564032E-01  1.1681701294E-01  5.7742188099E-01
           HessRho_EigVec2 = -4.4458327417E-01 -5.2217433594E-01  7.2779095571E-01
           HessRho_EigVec3 = -3.8653325276E-01  8.4480041925E-01  3.7000580555E-01
           DelSqRho = -9.6105836187E+05
           Bond Ellipticity = NA
           V = -2.4029965890E+05
           G =  1.7534217154E+01
           K =  2.4028212469E+05
           L =  2.4026459047E+05
           Vnuc =  1.4788276741E+06
           Ven = -2.8160965229E+08
           Vrep =  2.8136935263E+08
           DelSqV =  7.5449865964E+09
           DelSqVen =  1.4212397005E+12
           DelSqVrep = -1.4136947139E+12
           DelSqG =  4.0427890956E+08
           DelSqK = -7.9492655060E+09
           Stress_EigVals = -8.0101238712E+04 -8.0099252767E+04 -8.0099167424E+04
           Stress_EigVec1 = -3.9023781776E-01  8.4455144478E-01  3.6667056429E-01
           Stress_EigVec2 =  7.6578229560E-01  5.1882254974E-01 -3.8000083898E-01
           Stress_EigVec3 =  5.1116721466E-01 -1.3249912830E-01  8.4920672375E-01
           -DivStress =  3.8144454874E+03 -9.9543449548E+03 -4.5967398140E+03
           ESP =  -1.8321377481E+01     ESP at Nucleus =  -1.8321377647E+01
           ESPe = -3.4911649316E+01     ESPe at Nucleus = -3.4911645537E+01
           ESPn =  1.6590271835E+01     ESPn at Nucleus =  1.6590267890E+01

CP# 12     Coords =  6.67487554640777E+00 -1.31396128839616E+00  1.93805509155328E+00
           Type = (3,-3) NACP C12
           Rho =  1.1750606043E+02     Rho at Nucleus =  1.1750605947E+02
           GradRho =  5.9431348731E-11 -1.3854736802E-11  3.9525049900E-12
           HessRho_EigVals = -1.4478504772E+05 -1.4478373669E+05 -1.4478366095E+05
           HessRho_EigVec1 =  6.5299311889E-01  1.0004340184E-01  7.5072718376E-01
           HessRho_EigVec2 =  4.2196016177E-01 -8.7119688821E-01 -2.5092947983E-01
           HessRho_EigVec3 =  6.2892734760E-01  4.8063218756E-01 -6.1109990322E-01
           DelSqRho = -4.3435244536E+05
           Bond Ellipticity = NA
           V = -1.0859851618E+05
           G =  5.2024184845E+00
           K =  1.0859331376E+05
           L =  1.0858811134E+05
           Vnuc =  1.6498193702E+06
           Ven = -1.9386377461E+08
           Vrep =  1.9375517609E+08
           DelSqV =  2.4914814744E+09
           DelSqVen =  7.1660307456E+11
           DelSqVrep = -7.1411159104E+11
           DelSqG =  1.3381946684E+08
           DelSqK = -2.6253009412E+09
           Stress_EigVals = -3.6199646041E+04 -3.6199618795E+04 -3.6199251341E+04
           Stress_EigVec1 =  6.2771842913E-01  4.8977928495E-01 -6.0505026714E-01
           Stress_EigVec2 =  4.2891120424E-01 -8.6624491366E-01 -2.5623217683E-01
           Stress_EigVec3 =  6.4961892877E-01  9.8671179170E-02  7.5382971936E-01
           -DivStress =  1.9161107581E+03  4.8713052614E+02  2.1879710799E+03
           ESP =  -1.4705793328E+01     ESP at Nucleus =  -1.4705793383E+01
           ESPe = -2.8723667256E+01     ESPe at Nucleus = -2.8723661051E+01
           ESPn =  1.4017873928E+01     ESPn at Nucleus =  1.4017867668E+01

CP# 13     Coords =  5.22172546539736E+00 -2.49107496132691E-02 -2.28917939823299E+00
           Type = (3,-3) NACP C13
           Rho =  1.1750945650E+02     Rho at Nucleus =  1.1750945527E+02
           GradRho =  5.6499881163E-11 -5.7120974617E-14  2.4238916430E-11
           HessRho_EigVals = -1.4479324816E+05 -1.4479185317E+05 -1.4479181542E+05
           HessRho_EigVec1 = -1.8015194971E-01 -5.6732010840E-01  8.0355035288E-01
           HessRho_EigVec2 =  9.8363857120E-01 -1.0335524494E-01  1.4755627600E-01
           HessRho_EigVec3 = -6.6049894958E-04  8.1698567181E-01  5.7665758973E-01
           DelSqRho = -4.3437691675E+05
           Bond Ellipticity = NA
           V = -1.0860467829E+05
           G =  5.2245496011E+00
           K =  1.0859945374E+05
           L =  1.0859422919E+05
           Vnuc =  1.4557717778E+06
           Ven = -1.7106695039E+08
           Vrep =  1.7095834572E+08
           DelSqV =  2.4916261511E+09
           DelSqVen =  6.3235365376E+11
           DelSqVrep = -6.2986202761E+11
           DelSqG =  1.3383101325E+08
           DelSqK = -2.6254571644E+09
           Stress_EigVals = -3.6201699591E+04 -3.6201690957E+04 -3.6201287738E+04
           Stress_EigVec1 =  8.2139737317E-02  8.0590050204E-01  5.8632537414E-01
           Stress_EigVec2 =  9.8098786530E-01 -1.6917237652E-01  9.5097398242E-02
           Stress_EigVec3 = -1.7582909795E-01 -5.6736680184E-01  8.0447438771E-01
           -DivStress =  1.5587112395E+02  2.3225160675E+03 -2.3997529702E+03
           ESP =  -1.4716856305E+01     ESP at Nucleus =  -1.4716856376E+01
           ESPe = -2.9820083085E+01     ESPe at Nucleus = -2.9820077460E+01
           ESPn =  1.5103226780E+01     ESPn at Nucleus =  1.5103221084E+01

CP# 14     Coords =  2.67380537912661E-01 -1.00469703389656E+00 -2.48594908061615E+00
           Type = (3,-3) NACP H14
           Rho =  4.2599627883E-01     Rho at Nucleus =  4.2236759641E-01
           GradRho =  3.0531133177E-16 -2.9785202083E-15  3.8675659897E-15
           HessRho_EigVals = -6.5020016951E+00 -6.4939448484E+00 -5.9081437701E+00
           HessRho_EigVec1 =  9.7220796911E-01  2.0660503494E-01  1.1011822890E-01
           HessRho_EigVec2 = -2.3177725134E-01  7.8301399108E-01  5.7720741119E-01
           HessRho_EigVec3 =  3.3029843459E-02 -5.8668854540E-01  8.0913878917E-01
           DelSqRho = -1.8904090314E+01
           Bond Ellipticity = NA
           V = -4.7366384460E+00
           G =  5.3079338000E-03
           K =  4.7313305122E+00
           L =  4.7260225784E+00
           Vnuc =  4.7342135208E+01
           Ven = -2.0167573431E+01
           Vrep =  1.5430934985E+01
           DelSqV =  7.1240089263E+02
           DelSqVen =  8.9495999961E+02
           DelSqVrep = -1.8255910698E+02
           DelSqG =  7.0277926430E+01
           DelSqK = -7.8267881906E+02
           Stress_EigVals = -1.6289164107E+00 -1.6287095987E+00 -1.4790124365E+00
           Stress_EigVec1 =  1.2424483880E-01  8.0610304956E-01  5.7858542457E-01
