AIMSum (Version 19.02.13, Professional)
Copyright (c) 1997-2019 by Todd A. Keith
AIMSum is a component of the AIMAll package ( http://aim.tkgristmill.com )

TP:  64-bit Linux

Much of the Quantum Theory of Atoms in Molecules (QTAIM) is described in the book:
  "Atoms in Molecules - A Quantum Theory"
  R.F.W. Bader, Oxford University Press, Oxford, 1990

For additional references see:  http://aim.tkgristmill.com/references.html

Wfn File:  /home/mhennefarth/Documents/ML_Diels/summary-gordillo2007/10-opt/10-opt.wfn
Sum File:  /home/mhennefarth/Documents/ML_Diels/summary-gordillo2007/10-opt/10-opt.sum

SumViz File:  /home/mhennefarth/Documents/ML_Diels/summary-gordillo2007/10-opt/10-opt.sumviz

Wfn Title:   Title Card Required                                                           
 
Total memory allocated for AIMSum =        3.123 Megabytes

Atomic units (a.u.) used throughout, except where stated otherwise

Model:  Restricted SCF
 
Restricted, closed-shell, single-determinant wavefunction.
  Number of electrons (from MO Occs)                   =         170.0000000000
  Number of Alpha electrons (from MO Occs)             =          85.0000000000
  Number of Beta electrons (from MO Occs)              =          85.0000000000
  Number of electron pairs (N*(N-1)/2)                 =       14365.0000000000
  Number of electron pairs (from Muller 2EDM)          =       14365.0000000000
 
Nuclear Charges and Cartesian Coordinates:
-------------------------------------------------------------------------------
Atom      Charge                X                  Y                  Z
-------------------------------------------------------------------------------
C1         6.0          -4.7005831600E+00   2.2171116500E+00  -1.0212418300E+00
C2         6.0          -3.1498889000E+00   4.1120111500E+00  -2.5468394000E-01
C3         6.0          -4.5185927000E-01   4.1702377100E+00  -7.9584477000E-01
H4         1.0          -3.9115876000E+00   5.6618771000E-01  -1.9579311500E+00
C5         6.0           1.9317280300E+00  -2.4608005300E+00   7.6845852000E-01
O6         8.0           1.0229552700E+00  -2.3130637500E+00   2.9005022800E+00
C7         6.0          -3.6901713300E+00  -6.5702982000E+00  -3.5489788000E+00
C8         6.0          -4.1533420900E+00  -5.8623633500E+00   4.3408264000E+00
O9         8.0           8.2399794000E-01   5.6246345800E+00   9.6809566000E-01
N10        7.0          -7.2813962600E+00   2.1327920600E+00  -7.9398012000E-01
Si11      14.0           3.7120494900E+00   6.8548651300E+00   6.6458110000E-01
O12        8.0          -3.4180369200E+00  -4.1155536200E+00  -2.5186824600E+00
H13        1.0          -3.7767223500E+00  -4.1907866500E+00  -6.9178851000E-01
O14        8.0          -3.9801039700E+00  -3.7761030600E+00   2.6574252200E+00
H15        1.0          -2.3300715900E+00  -2.9582418200E+00   2.9391113900E+00
C16        6.0          -8.5259877200E+00  -3.2253853000E-01  -7.7927181000E-01
C17        6.0          -8.5884347900E+00   4.1668856100E+00   4.9133421000E-01
H18        1.0          -3.8519581300E+00   5.6745855200E+00   8.7239629000E-01
H19        1.0          -1.0432758620E+01  -1.4228706000E-01  -1.5696125400E+00
H20        1.0          -7.4365210100E+00  -1.6435890000E+00  -1.9322066100E+00
H21        1.0          -8.6690532200E+00  -1.1172969600E+00   1.1377952200E+00
H22        1.0          -8.2589961400E+00   4.1591362200E+00   2.5490829600E+00
H23        1.0          -7.9568370200E+00   5.9887931400E+00  -2.5810849000E-01
H24        1.0          -1.0620859740E+01   3.9882493900E+00   1.5495014000E-01
H25        1.0          -3.2831450200E+00  -6.4473066800E+00  -5.5730432500E+00
H26        1.0          -5.6197415900E+00  -7.3168213900E+00  -3.3276581100E+00
H27        1.0          -4.1975426100E+00  -5.2391429200E+00   6.3208498200E+00
H28        1.0          -2.5791375500E+00  -7.1987689400E+00   4.1080658200E+00
H29        1.0           3.9304991100E+00   8.4156081100E+00  -1.6647242800E+00
H30        1.0           4.0585560300E+00   8.4617922900E+00   2.9337835000E+00
H31        1.0           5.7316028600E+00   4.8972747700E+00   6.1761321000E-01
C32        6.0           7.5884120000E-01   3.0112397000E+00  -2.7197364400E+00
H33        1.0           2.8025859100E+00   3.0064770800E+00  -2.8842626800E+00
H34        1.0          -3.0100961000E-01   2.0412292400E+00  -4.1772263200E+00
H35        1.0           7.0427367000E-01  -2.8471315400E+00  -8.7525865000E-01
C36        6.0           9.8039653100E+00  -1.8212646900E+00  -8.1205360000E-01
C37        6.0           8.9421123600E+00  -1.5392843300E+00   1.6733556000E+00
C38        6.0           6.3756375900E+00  -1.7361913000E+00   2.2030457400E+00
C39        6.0           4.6537639400E+00  -2.2120510000E+00   2.4128733000E-01
C40        6.0           5.5269286800E+00  -2.4932900600E+00  -2.2447124100E+00
C41        6.0           8.0997474400E+00  -2.2986998800E+00  -2.7713212600E+00
H42        1.0           1.1810932320E+01  -1.6664463400E+00  -1.2199397500E+00
H43        1.0           1.0279332620E+01  -1.1666280800E+00   3.1859959900E+00
H44        1.0           5.6571424600E+00  -1.5271855300E+00   4.1131010100E+00
H45        1.0           4.1786028800E+00  -2.8550521000E+00  -3.7527248700E+00
H46        1.0           8.7770777700E+00  -2.5138152900E+00  -4.6971561500E+00
H47        1.0          -2.3666326700E+00  -7.9404046200E+00  -2.7091386900E+00
H48        1.0          -5.9221925100E+00  -6.8496217500E+00   3.9302569800E+00
 
Some Atomic Properties:
----------------------
  q(A) = Net Charge of Atom A
  L(A) = Lagrangian of Atom A = -(1/4) Times Atomic Integral of the Laplacian of the Electron Density
  K(A) = Electronic Kinetic Energy of Atom A (Hamiltonian Form)
  K_Scaled(A) = K(A) * E(Mol)/K(Mol) = Approximation to Virial-Based Total Energy of Atom A.
  |Mu_Intra(A)| = Magnitude of Intraatomic Dipole Moment of Atom A
--------------------------------------------------------------------------------------------------
Atom A          q(A)              L(A)              K(A)          K_Scaled(A)      |Mu_Intra(A)|
--------------------------------------------------------------------------------------------------
C1        4.3027851260E-01 -5.1337099260E-05  3.7452964465E+01 -3.7758724100E+01  6.8807740713E-01
C2       -3.8979566900E-02 -1.4010919023E-05  3.7710683930E+01 -3.8018547542E+01  1.5563305413E-01
C3        4.8221778330E-01  4.0357569548E-04  3.7386584144E+01 -3.7691801861E+01  7.1440461424E-01
H4        8.5902406300E-02  3.9958274840E-05  5.8769521382E-01 -5.9249305764E-01  1.2703771682E-01
C5        9.6635723570E-01  2.4793292354E-05  3.7072340738E+01 -3.7374993026E+01  9.1638226996E-01
O6       -1.1615311254E+00 -1.6604682429E-05  7.5270526066E+01 -7.5885021845E+01  5.1988920942E-01
C7        4.9745724040E-01  1.0109205848E-04  3.7364959414E+01 -3.7670000591E+01  6.1198828699E-01
C8        4.8401698260E-01  2.4275128603E-04  3.7375057897E+01 -3.7680181516E+01  6.1539792064E-01
O9       -1.3868896760E+00  5.5328100603E-05  7.5277456896E+01 -7.5892009257E+01  4.4176831284E-01
N10      -1.1724054703E+00 -1.2695966946E-04  5.4883548645E+01 -5.5331608606E+01  2.0784468667E-01
Si11      2.8399160430E+00 -1.0376483260E-04  2.8750357608E+02 -2.8985070640E+02  1.6182870746E-01
O12      -1.1556662721E+00  3.7202213983E-05  7.5129531956E+01 -7.5742876683E+01  1.4233156638E-01
H13       5.9738639702E-01  1.0518111753E-04  3.4269515816E-01 -3.4549286317E-01  1.3418616869E-01
O14      -1.1408324591E+00  4.1646112532E-06  7.5132478716E+01 -7.5745847500E+01  1.3347191201E-01
H15       6.0336302765E-01  3.2390511310E-05  3.3873063883E-01 -3.4149597818E-01  1.3442577365E-01
C16       3.1919863730E-01 -3.7119585749E-05  3.7506769655E+01 -3.7812968546E+01  5.1593574432E-01
C17       3.2801343880E-01 -2.5641866726E-06  3.7501106621E+01 -3.7807259280E+01  5.1305312957E-01
H18       3.8363097450E-02  4.9766430778E-05  6.0037031948E-01 -6.0527164071E-01  1.5032085304E-01
H19       1.0715144770E-02  2.4115662076E-05  6.1158099847E-01 -6.1657384177E-01  1.5713937297E-01
H20       6.7244018100E-02  3.8936855940E-05  5.9225950475E-01 -5.9709461066E-01  1.2950448983E-01
H21       2.4539216010E-02  2.4260963150E-05  6.0476439888E-01 -6.0970159262E-01  1.5501836553E-01
H22       1.6752884030E-02  2.8222108768E-05  6.0477079125E-01 -6.0970803718E-01  1.6261304250E-01
H23       3.5278760250E-02  3.2837803584E-05  6.0244214900E-01 -6.0736038429E-01  1.5099793619E-01
H24       2.2680947110E-02  2.4187520456E-05  6.0714610718E-01 -6.1210274479E-01  1.5252044117E-01
H25       2.2973189550E-02  2.4029779360E-05  6.1021767428E-01 -6.1519938764E-01  1.5070079224E-01
H26       2.8377822800E-03  2.0227325276E-05  6.1585401284E-01 -6.2088174030E-01  1.6000020134E-01
H27       1.8250037210E-02  2.5459565696E-05  6.1052700312E-01 -6.1551124179E-01  1.5492116162E-01
H28       1.1217604790E-02  2.7111546813E-05  6.1279307990E-01 -6.1779581843E-01  1.5691532470E-01
H29      -6.7393979230E-01  1.8095707394E-05  7.9399726074E-01 -8.0047931940E-01  3.9497792082E-01
H30      -6.7523107080E-01  1.4661301308E-05  7.9699437395E-01 -8.0350090053E-01  3.9755957658E-01
H31      -6.7745306570E-01  1.9333312923E-05  7.9766693857E-01 -8.0417895585E-01  4.0022726074E-01
C32      -1.2998008980E-01  3.3184204587E-05  3.7707076883E+01 -3.8014911049E+01  2.2090951299E-01
H33       2.6038695180E-02  2.2932283430E-06  6.0006150470E-01 -6.0496030481E-01  1.4633129903E-01
H34       4.2536699310E-02  4.2442037355E-05  5.9349243751E-01 -5.9833760888E-01  1.4897546643E-01
H35       9.2742035520E-02  3.9898650228E-05  5.8175700204E-01 -5.8650636730E-01  1.3369678790E-01
C36      -3.0457301300E-02 -5.2420808270E-05  3.7722334950E+01 -3.8030293679E+01  1.0865831096E-01
C37      -2.6791172300E-02 -1.5183933971E-04  3.7719063738E+01 -3.8026995762E+01  1.2417290306E-01
C38      -2.6596200200E-02 -1.1595135117E-05  3.7735089101E+01 -3.8043151954E+01  1.4038910449E-01
C39      -6.5331382000E-03 -6.6483409816E-05  3.7764721043E+01 -3.8073025805E+01  2.2241935369E-02
C40      -4.0265850300E-02  4.7923569974E-05  3.7737901297E+01 -3.8045987108E+01  1.2078221637E-01
C41      -2.7107751700E-02  3.3309247452E-05  3.7718880749E+01 -3.8026811280E+01  1.2767543979E-01
H42       4.8227063450E-02  2.9622684058E-05  5.9621829799E-01 -6.0108572282E-01  1.4752667716E-01
H43       4.8254737950E-02  2.3724288531E-05  5.9592710228E-01 -6.0079214983E-01  1.4756653859E-01
H44       8.0654266540E-02  2.2763538405E-05  5.8350299681E-01 -5.8826661608E-01  1.4254323818E-01
H45       5.6394950600E-02  2.4091266801E-05  5.9148013112E-01 -5.9630887436E-01  1.4759608295E-01
H46       4.8157827900E-02  2.2698347239E-05  5.9585451473E-01 -6.0071896969E-01  1.4766747569E-01
H47      -1.2156233000E-03  2.8193054630E-05  6.1712955715E-01 -6.2216769794E-01  1.6126335189E-01
H48       2.4913441330E-02  2.3462403959E-05  6.0951310825E-01 -6.1448906965E-01  1.4987548164E-01
--------------------------------------------------------------------------------------------------
Total     1.0044783000E-03  1.1565898988E-03  1.2229680953E+03 -1.2329521989E+03
 
1st Largest |L(A)| = 4.0357569548E-04, atom C3      
2nd Largest |L(A)| = 2.4275128603E-04, atom C8      
 
Molecular charge q(Mol) from the wfn file:   0.0000000000E+00
Molecular energy E(Mol) from the wfn file:  -1.2329520944E+03
Molecular virial ratio (-V(Mol)/T(Mol)) from the wfn file:   2.0081638300E+00
Note.  K_Scaled(A) = (1+V(Mol)/T(Mol))*K(A) = (E(Mol)/T(Mol))*K(A)
       Only use K_Scaled(A) data with caution.
 
N_AIMInt(SumA)     =        169.998996
N_Analytic(Mol)    =        169.999973
 
G_AIMInt(SumA)     =       1222.966939
G_Analytic(Mol)    =       1222.967923
 
K_AIMInt(SumA)     =       1222.968095
K_Analytic(Mol)    =       1222.967923
 
L_AIMInt(SumA)     =          0.001157
L_Analytic(Mol)    =          0.000000
 
VenT_AIMInt(SumA)  =      -6560.491381
VenT_Analytic(Mol) =      -6560.516593
 
Some Information About the Atomic Calculations:
----------------------------------------------
  Time(sec) = "Elapsed User Time", in Seconds, for Atom A by AIMInt and, if used, by TWOe
  NProc = Number of Processors Used for AIMInt Job
  BIM = Basin Integration Method
  OAQ = Angular Quadrature Outside of Beta Sphere
  ORQ = Multiple of Default for Radial Quadrature Outside of Beta Sphere
  IAQ = Multiple of Default for Angular Quadrature Inside of Beta Sphere
  IRQ = Multiple of Default for Radial Quadrature Inside of Beta Sphere
  MIR = Maximum Integration Radius
------------------------------------------------------------------------------------------------------
Atom A     Time(sec)   NProc      BIM          OAQ                     ORQ      IAQ      IRQ      MIR
------------------------------------------------------------------------------------------------------
C1             66        8     Proaim(5)    4500(GS4)                  1.00     1.00     1.00    13.00
C2             59        8     Proaim(5)    4500(GS4)                  1.00     1.00     1.00    13.00
C3             70        8     Proaim(5)    4500(GS4)                  1.00     1.00     1.00    13.00
H4             31        8     Proaim(5)    4500(GS4)                  1.00     1.00     1.00    13.00
C5            115        8     Proaim(5)    4500(GS4)                  1.00     1.00     1.00    13.00
O6             35        8     Proaim(5)    4500(GS4)                  1.00     1.00     1.00    13.00
C7             45        8     Proaim(5)    4500(GS4)                  1.00     1.00     1.00    13.00
C8             42        8     Proaim(5)    4500(GS4)                  1.00     1.00     1.00    13.00
O9             44        8     Proaim(5)    4500(GS4)                  1.00     1.00     1.00    13.00
N10            54        8     Proaim(5)    4500(GS4)                  1.00     1.00     1.00    13.00
Si11           49        8     Proaim(5)    4500(GS4)                  1.00     1.00     1.00    13.00
O12            64        8     Proaim(5)    4500(GS4)                  1.00     1.00     1.00    13.00
H13            33        8     Proaim(5)    4500(GS4)                  1.00     1.00     1.00    13.00
O14            55        8     Proaim(5)    4500(GS4)                  1.00     1.00     1.00    13.00
H15            19        8     Proaim(5)    4500(GS4)                  1.00     1.00     1.00    13.00
C16            44        8     Proaim(5)    4500(GS4)                  1.00     1.00     1.00    13.00
C17            44        8     Proaim(5)    4500(GS4)                  1.00     1.00     1.00    13.00
H18            14        8     Proaim(5)    1800(GS4)                  1.00     1.00     1.00    13.00
H19            10        8     Proaim(5)    1800(GS4)                  1.00     1.00     1.00    13.00
H20            21        8     Proaim(5)    4500(GS4)                  1.00     1.00     1.00    13.00
H21            25        8     Proaim(5)    4500(GS4)                  1.00     1.00     1.00    13.00
H22            10        8     Proaim(5)    1800(GS4)                  1.00     1.00     1.00    13.00
H23            10        8     Proaim(5)    1800(GS4)                  1.00     1.00     1.00    13.00
H24            10        8     Proaim(5)    1800(GS4)                  1.00     1.00     1.00    13.00
H25            10        8     Proaim(5)    1800(GS4)                  1.00     1.00     1.00    13.00
H26            21        8     Proaim(5)    1800(GS4)                  1.00     1.00     1.00    13.00
H27            12        8     Proaim(5)    1800(GS4)                  1.00     1.00     1.00    13.00
H28            15        8     Proaim(5)    1800(GS4)                  1.00     1.00     1.00    13.00
H29            17        8     Proaim(5)    1800(GS4)                  1.00     1.00     1.00    13.00
H30            16        8     Proaim(5)    1800(GS4)                  1.00     1.00     1.00    13.00
H31            45        8     Proaim(5)    4500(GS4)                  1.00     1.00     1.00    13.00
C32           313        8     Proaim(5)    4500(GS4)                  1.00     1.00     1.00    13.00
H33            80        8     Proaim(5)    1800(GS4)                  1.00     1.00     1.00    13.00
H34            23        8     Proaim(5)    1800(GS4)                  1.00     1.00     1.00    13.00
H35            50        8     Proaim(5)    4500(GS4)                  1.00     1.00     1.00    13.00
C36            57        8     Proaim(5)    4500(GS4)                  1.00     1.00     1.00    13.00
C37            65        8     Proaim(5)    4500(GS4)                  1.00     1.00     1.00    13.00
C38           120        8     Proaim(5)    4500(GS4)                  1.00     1.00     1.00    13.00
C39           164        8     Proaim(5)    4500(GS4)                  1.00     1.00     1.00    13.00
C40            98        8     Proaim(5)    4500(GS4)                  1.00     1.00     1.00    13.00
C41            54        8     Proaim(5)    4500(GS4)                  1.00     1.00     1.00    13.00
H42            21        8     Proaim(5)    1800(GS4)                  1.00     1.00     1.00    13.00
H43            18        8     Proaim(5)    1800(GS4)                  1.00     1.00     1.00    13.00
H44            32        8     Proaim(5)    1800(GS4)                  1.00     1.00     1.00    13.00
H45            30        8     Proaim(5)    1800(GS4)                  1.00     1.00     1.00    13.00
H46            20        8     Proaim(5)    1800(GS4)                  1.00     1.00     1.00    13.00
H47            28        8     Proaim(5)    1800(GS4)                  1.00     1.00     1.00    13.00
H48            25        8     Proaim(5)    1800(GS4)                  1.00     1.00     1.00    13.00
------------------------------------------------------------------------------------------------------
Total        2303
Note:  Total wall clock time is less than total of atomic times if more than one atom
       was calculated at a time
 
Electron Density Critical Point Analysis of Molecular Structure:               
---------------------------------------------------------------                
  NACP = Nuclear Attractor Critical Point                                      
  NNACP = Non-Nuclear Attractor Critical Point                                 
  BCP = Bond Critical Point                                                    
  RCP = Ring Critical Point                                                    
  CCP = Cage Critical Point                                                    
  Rho = Electron Density                                                       
  GradRho = Gradient of Electron Density                                       
  HessRho_EigVals = Eigenvalues of the Hessian of Rho, Ascending Order         
  HessRho_EigVecs = Eigenvectors of the Hessian of Rho                         
  DelSqRho = Laplacian of Rho = Trace of Hessian of Rho                        
  Bond Ellipticity = (HessRho_EigVal(1) / HessRho_EigVal(2)) - 1               
  V = Virial Field = Potential Energy Density = Trace of Stress Tensor         
  G = Lagrangian Form of Kinetic Energy Density                                
  K = Hamiltonian Form of Kinetic Energy Density                               
  L = K - G = Lagrangian Density = (-1/4)DelSqRho                              
  Vnuc = Electrostatic Potential from Nuclei                                   
  Ven = Electron-nuclear attractive contribution to Virial Field V             
  Vrep = V - Ven = Repulsive contribution to Virial Field V                    
  DelSqV = Laplacian of V                                                      
  DelSqVen = Laplacian of Ven                                                  
  DelSqVrep = Laplacian of Vrep                                                
  DelSqG = Laplacian of G                                                      
  DelSqK = Laplacian of K                                                      
  Stress_EigVals = Eigenvalues of Stress Tensor, Ascending Order               
  Stress_EigVecs = Eigenvectors of Stress Tensor                               
  -DivStress = Ehrenfest Force Density = Minus Divergence of Stress Tensor     
  ESP = Total Electrostatic Potential                                          
  ESPe = Electrostatic Potential from Electrons                                
  ESPn = Electrostatic Potential from Nuclei                                   
  BP = Bond Path                                                               
  BPL = Bond Path Length                                                       
  GBL = Geometric Bond Length                                                  
  GBL_I = Distance Between Nuclear Attractors                                  
  GBL_II = Distance Between Nuclei                                             
  GBL_III = Sum of Distances Between BCP and Nuclear Attractors                
  GBL_IV = Sum of Distances Between BCP and Nuclei                             

CP# 1      Coords = -4.70058764647990E+00  2.21711161975172E+00 -1.02124188997779E+00
           Type = (3,-3) NACP C1
           Rho =  1.1764659486E+02     Rho at Nucleus =  1.1764659340E+02
           GradRho =  2.1062947393E-11  1.7494372270E-11  8.9711606199E-12
           HessRho_EigVals = -1.4495173489E+05 -1.4495129950E+05 -1.4495014376E+05
           HessRho_EigVec1 =  2.2751974525E-01 -3.9976600944E-01  8.8793124915E-01
           HessRho_EigVec2 =  9.6748266158E-01 -1.0679463060E-02 -2.5271178961E-01
           HessRho_EigVec3 =  1.1050821265E-01  9.1655501022E-01  3.8433689411E-01
           DelSqRho = -4.3485317815E+05
           Bond Ellipticity = NA
           V = -1.0872348924E+05
           G =  5.0973490686E+00
           K =  1.0871839189E+05
           L =  1.0871329454E+05
           Vnuc =  1.3372260041E+06
           Ven = -1.5732008593E+08
           Vrep =  1.5721136244E+08
           DelSqV =  2.4943304782E+09
           DelSqVen =  5.8149697229E+11
           DelSqVrep = -5.7900264181E+11
           DelSqG =  1.3396740089E+08
           DelSqK = -2.6282978791E+09
           Stress_EigVals = -3.6241525454E+04 -3.6241174871E+04 -3.6240788913E+04
           Stress_EigVec1 =  1.9018730868E-01  9.0090229262E-01  3.9013311416E-01
           Stress_EigVec2 =  9.6930544629E-01 -1.0924720830E-01 -2.2025439671E-01
           Stress_EigVec3 =  1.5580673737E-01 -4.2004774327E-01  8.9402693134E-01
           -DivStress =  3.6447279257E+03  2.1971831038E+01  4.6474905481E+01
           ESP =  -1.4725064864E+01     ESP at Nucleus =  -1.4725064956E+01
           ESPe = -3.9242326693E+01     ESPe at Nucleus = -3.9242327842E+01
           ESPn =  2.4517261829E+01     ESPn at Nucleus =  2.4517262887E+01

CP# 2      Coords = -3.14988811008255E+00  4.11201099771102E+00 -2.54684690786881E-01
           Type = (3,-3) NACP C2
           Rho =  1.1758226027E+02     Rho at Nucleus =  1.1758226018E+02
           GradRho =  2.2764171451E-10 -8.5478735201E-11 -2.0343973728E-10
           HessRho_EigVals = -1.4488369928E+05 -1.4488337265E+05 -1.4488322838E+05
           HessRho_EigVec1 =  9.8645062501E-01 -7.0832330191E-02 -1.4797954393E-01
           HessRho_EigVec2 =  1.4774270889E-01  7.7568942568E-01  6.1357803648E-01
           HessRho_EigVec3 =  7.1325005364E-02 -6.2712733626E-01  7.7564427912E-01
           DelSqRho = -4.3465030031E+05
           Bond Ellipticity = NA
           V = -1.0867308201E+05
           G =  5.2534638041E+00
           K =  1.0866782854E+05
           L =  1.0866257508E+05
           Vnuc =  5.4526717239E+06
           Ven = -6.4113746579E+08
           Vrep =  6.4102879271E+08
           DelSqV =  2.4931890367E+09
           DelSqVen =  2.3700051722E+12
           DelSqVrep = -2.3675120160E+12
           DelSqG =  1.3391688934E+08
           DelSqK = -2.6271059260E+09
           Stress_EigVals = -3.6224503988E+04 -3.6224374111E+04 -3.6224203908E+04
           Stress_EigVec1 =  3.4992777219E-01  8.4622749687E-01  4.0180788667E-01
           Stress_EigVec2 =  9.0471800208E-01 -1.9403470443E-01 -3.7925699755E-01
           Stress_EigVec3 =  2.4297302518E-01 -4.9623538469E-01  8.3349538212E-01
           -DivStress = -6.4372334461E+02  1.2625096193E+02  6.0933661892E+02
           ESP =  -1.4775389810E+01     ESP at Nucleus =  -1.4775389812E+01
           ESPe = -3.8899842587E+01     ESPe at Nucleus = -3.8899841668E+01
           ESPn =  2.4124452777E+01     ESPn at Nucleus =  2.4124451856E+01

CP# 3      Coords = -4.51856733673767E-01  4.17024181394485E+00 -7.95839593027299E-01
           Type = (3,-3) NACP C3
           Rho =  1.1762219103E+02     Rho at Nucleus =  1.1762218740E+02
           GradRho =  3.9466231932E-12  5.0339999530E-11  1.3615619049E-12
           HessRho_EigVals = -1.4491144587E+05 -1.4491079032E+05 -1.4490932459E+05
           HessRho_EigVec1 =  5.9609415711E-01  4.5085927372E-01  6.6437765703E-01
           HessRho_EigVec2 =  8.6679800083E-02 -8.5875711650E-01  5.0499784863E-01
           HessRho_EigVec3 =  7.9822200428E-01 -2.4343814443E-01 -5.5098049123E-01
           DelSqRho = -4.3473156078E+05
           Bond Ellipticity = NA
           V = -1.0869277692E+05
           G =  4.9433627329E+00
           K =  1.0868783356E+05
           L =  1.0868289019E+05
           Vnuc =  8.4790648469E+05
           Ven = -9.9732618517E+07
           Vrep =  9.9623925740E+07
           DelSqV =  2.4936197982E+09
           DelSqVen =  3.6861171123E+11
           DelSqVrep = -3.6611809143E+11
           DelSqG =  1.3391891024E+08
           DelSqK = -2.6275387085E+09
           Stress_EigVals = -3.6231390701E+04 -3.6230715961E+04 -3.6230670256E+04
           Stress_EigVec1 =  7.7950910362E-01 -2.6139896099E-01 -5.6924172419E-01
           Stress_EigVec2 =  4.6287851771E-01  8.5265982457E-01  2.4231116650E-01
           Stress_EigVec3 =  4.2202966152E-01 -4.5237352571E-01  7.8565205914E-01
           -DivStress = -2.0522381547E+03 -3.3248567851E+03 -4.1944834846E+03
           ESP =  -1.4693551838E+01     ESP at Nucleus =  -1.4693552099E+01
           ESPe = -4.0239394480E+01     ESPe at Nucleus = -4.0239393577E+01
           ESPn =  2.5545842642E+01     ESPn at Nucleus =  2.5545841478E+01

CP# 4      Coords = -3.92580135907323E+00  5.95265787976469E-01 -1.94144617847595E+00
           Type = (3,-3) NACP H4
           Rho =  4.2632739335E-01     Rho at Nucleus =  4.2234634498E-01
           GradRho = -7.0349542164E-15  1.5109170425E-14  7.9383114665E-15
           HessRho_EigVals = -6.5017646840E+00 -6.4918040768E+00 -5.8652351681E+00
           HessRho_EigVec1 =  9.1931550770E-01  3.6334285827E-01  1.5113227537E-01
           HessRho_EigVec2 =  4.4338136222E-02 -4.7724179423E-01  8.7765277845E-01
           HessRho_EigVec3 = -3.9101550735E-01  8.0013888619E-01  4.5484572750E-01
           DelSqRho = -1.8858803929E+01
           Bond Ellipticity = NA
           V = -4.7238254969E+00
           G =  4.5622573614E-03
           K =  4.7192632396E+00
           L =  4.7147009822E+00
           Vnuc =  5.3571984321E+01
           Ven = -2.2839204432E+01
           Vrep =  1.8115378935E+01
           DelSqV =  7.0893395186E+02
           DelSqVen =  1.0103035484E+03
           DelSqVrep = -3.0136959654E+02
           DelSqG =  6.9885230920E+01
           DelSqK = -7.7881918278E+02
           Stress_EigVals = -1.6282956116E+00 -1.6268708291E+00 -1.4686590563E+00
           Stress_EigVec1 =  9.1789437523E-01  3.7431385063E-01  1.3175377468E-01
           Stress_EigVec2 =  6.4277901235E-02 -4.6788206004E-01  8.8145035555E-01
           Stress_EigVec3 = -3.9158430424E-01  8.0060946729E-01  4.5352641991E-01
           -DivStress =  3.2145867043E+00 -6.5738304003E+00 -3.7266376500E+00
           ESP =  -1.1181181952E+00     ESP at Nucleus =  -1.1207868441E+00
           ESPe = -2.7158914564E+01     ESPe at Nucleus = -2.7096670409E+01
           ESPn =  2.6040796369E+01     ESPn at Nucleus =  2.5975883565E+01

CP# 5      Coords =  1.93172799152701E+00 -2.46079987631103E+00  7.68461714290447E-01
           Type = (3,-3) NACP C5
           Rho =  1.1776668430E+02     Rho at Nucleus =  1.1776668353E+02
           GradRho = -1.0151671431E-10  1.5371371242E-09  7.4635064361E-09
           HessRho_EigVals = -1.4510100002E+05 -1.4509865529E+05 -1.4509803043E+05
           HessRho_EigVec1 = -1.2923811667E-01  9.8358728490E-01 -1.2591092955E-01
           HessRho_EigVec2 = -5.6009793431E-01  3.2373598877E-02  8.2779360596E-01
           HessRho_EigVec3 =  8.1828345528E-01  1.7750493817E-01  5.4672130354E-01
           DelSqRho = -4.3529768574E+05
           Bond Ellipticity = NA
           V = -1.0883425549E+05
           G =  4.9170255703E+00
           K =  1.0882933846E+05
           L =  1.0882442144E+05
           Vnuc =  1.8401111271E+06
           Ven = -2.1670378619E+08
           Vrep =  2.1659495194E+08
           DelSqV =  2.4968649059E+09
           DelSqVen =  8.0099613082E+11
           DelSqVrep = -7.9849926591E+11
           DelSqG =  1.3410381470E+08
           DelSqK = -2.6309687206E+09
           Stress_EigVals = -3.6278460122E+04 -3.6278360722E+04 -3.6277434644E+04
           Stress_EigVec1 =  5.2603362073E-01  1.7833561534E-01  8.3155579378E-01
           Stress_EigVec2 =  8.4068701679E-01  3.8794857015E-02 -5.4012989074E-01
           Stress_EigVec3 = -1.2858448455E-01  9.8320464165E-01 -1.2951703735E-01
           -DivStress =  2.8159483296E+01 -5.3475587609E+02 -2.6018006477E+03
           ESP =  -1.4652332469E+01     ESP at Nucleus =  -1.4652332501E+01
           ESPe = -4.0168123839E+01     ESPe at Nucleus = -4.0168121307E+01
           ESPn =  2.5515791370E+01     ESPn at Nucleus =  2.5515788805E+01

CP# 6      Coords =  1.02295811496909E+00 -2.31306452259934E+00  2.90049345848403E+00
           Type = (3,-3) NACP O6
           Rho =  2.9027658161E+02     Rho at Nucleus =  2.9027655393E+02
           GradRho =  3.4685182677E-11  4.3263106205E-11 -7.9286259416E-11
           HessRho_EigVals = -6.4012058350E+05 -6.4011666872E+05 -6.4009829728E+05
           HessRho_EigVec1 = -1.2127291634E-01  9.8299999377E-01 -1.3785460462E-01
           HessRho_EigVec2 = -4.4184428972E-01  7.0902966783E-02  8.9428540911E-01
           HessRho_EigVec3 =  8.8885685203E-01  1.6936286946E-01  4.2573432449E-01
           DelSqRho = -1.9203355495E+06
           Bond Ellipticity = NA
           V = -4.8017616208E+05
           G =  4.6137355319E+01
           K =  4.8013002473E+05
           L =  4.8008388737E+05
           Vnuc =  8.6013882038E+05
           Ven = -2.4967815649E+08
           Vrep =  2.4919798033E+08
           DelSqV =  1.9802700347E+10
           DelSqVen =  1.6517551544E+12
           DelSqVrep = -1.6319524541E+12
           DelSqG =  1.0589789697E+09
           DelSqK = -2.0861679316E+10
           Stress_EigVals = -1.6006208661E+05 -1.6005752429E+05 -1.6005655119E+05
           Stress_EigVec1 =  8.9324265352E-01  1.6904654304E-01  4.1658231866E-01
           Stress_EigVec2 = -4.3221041342E-01  6.7858884517E-02  8.9921595311E-01
           Stress_EigVec3 = -1.2374053686E-01  9.8326926021E-01 -1.3367812632E-01
           -DivStress = -1.8330854561E+04  4.9794329175E+03  5.6872263517E+04
           ESP =  -2.2309011211E+01     ESP at Nucleus =  -2.2309012250E+01
           ESPe = -4.5033624470E+01     ESPe at Nucleus = -4.5033607187E+01
           ESPn =  2.2724613259E+01     ESPn at Nucleus =  2.2724594937E+01

CP# 7      Coords = -3.69017085364444E+00 -6.57029393201606E+00 -3.54897672451461E+00
           Type = (3,-3) NACP C7
           Rho =  1.1747755384E+02     Rho at Nucleus =  1.1747755219E+02
           GradRho =  2.2481872573E-11  4.5357020752E-11  2.6876638385E-11
           HessRho_EigVals = -1.4474137838E+05 -1.4473970435E+05 -1.4473959371E+05
           HessRho_EigVec1 =  9.2131093395E-02  9.0587685774E-01  4.1339929879E-01
           HessRho_EigVec2 =  9.5041057562E-01 -2.0384631521E-01  2.3487532336E-01
           HessRho_EigVec3 = -2.9703804365E-01 -3.7125974517E-01  8.7973552971E-01
           DelSqRho = -4.3422067645E+05
           Bond Ellipticity = NA
           V = -1.0856539496E+05
           G =  5.1129219881E+00
           K =  1.0856028203E+05
           L =  1.0855516911E+05
           Vnuc =  1.2579542174E+06
           Ven = -1.4778138430E+08
           Vrep =  1.4767281891E+08
           DelSqV =  2.4907167201E+09
           DelSqVen =  5.4622973030E+11
           DelSqVrep = -5.4373901358E+11
           DelSqG =  1.3377017307E+08
           DelSqK = -2.6244868932E+09
           Stress_EigVals = -3.6188645659E+04 -3.6188607880E+04 -3.6188141418E+04
           Stress_EigVec1 = -2.9120171937E-01 -3.7037507848E-01  8.8205660809E-01
           Stress_EigVec2 =  9.5220519187E-01 -2.0110682276E-01  2.2991589422E-01
           Stress_EigVec3 =  9.2232484586E-02  9.0685078545E-01  4.1123572523E-01
           -DivStress = -3.8645461766E+02 -3.4582149888E+03 -1.6780444057E+03
           ESP =  -1.4701272464E+01     ESP at Nucleus =  -1.4701272562E+01
           ESPe = -3.3781955742E+01     ESPe at Nucleus = -3.3781946230E+01
           ESPn =  1.9080683278E+01     ESPn at Nucleus =  1.9080673668E+01

CP# 8      Coords = -4.15334164544644E+00 -5.86235944393016E+00  4.34082313980726E+00
           Type = (3,-3) NACP C8
           Rho =  1.1748207453E+02     Rho at Nucleus =  1.1748207264E+02
           GradRho =  1.8217753024E-11 -6.1203711153E-11 -2.9759412436E-11
           HessRho_EigVals = -1.4474756420E+05 -1.4474569705E+05 -1.4474562563E+05
           HessRho_EigVec1 =  1.0046595564E-01  7.8180132020E-01 -6.1538060377E-01
           HessRho_EigVec2 = -5.9657186800E-01  5.4232600131E-01  5.9159489062E-01
           HessRho_EigVec3 =  7.9624656864E-01  3.0768361029E-01  5.2088597399E-01
           DelSqRho = -4.3423888688E+05
           Bond Ellipticity = NA
           V = -1.0856995179E+05
           G =  5.1150372131E+00
           K =  1.0856483676E+05
           L =  1.0855972172E+05
           Vnuc =  1.1748227602E+06
           Ven = -1.3802061508E+08
           Vrep =  1.3791204512E+08
           DelSqV =  2.4908212639E+09
           DelSqVen =  5.1015372800E+11
           DelSqVrep = -5.0766290674E+11
           DelSqG =  1.3377629281E+08
           DelSqK = -2.6245975567E+09
           Stress_EigVals = -3.6190176819E+04 -3.6190150870E+04 -3.6189624105E+04
           Stress_EigVec1 =  8.1364701027E-01  2.9370816344E-01  5.0171112944E-01
           Stress_EigVec2 = -5.7319662950E-01  5.4939795114E-01  6.0795354691E-01
           Stress_EigVec3 =  9.7078146858E-02  7.8223871421E-01 -6.1536852974E-01
           -DivStress = -3.5718721914E+02 -3.1629959414E+03  2.6405455794E+03
           ESP =  -1.4695249947E+01     ESP at Nucleus =  -1.4695250062E+01
           ESPe = -3.3854317687E+01     ESPe at Nucleus = -3.3854307421E+01
           ESPn =  1.9159067740E+01     ESPn at Nucleus =  1.9159057359E+01

CP# 9      Coords =  8.24000383496324E-01  5.62463232576449E+00  9.68089135450829E-01
           Type = (3,-3) NACP O9
           Rho =  2.8972703194E+02     Rho at Nucleus =  2.8972701481E+02
           GradRho =  1.4705535401E-11 -2.4994584180E-10  3.4880973110E-11
           HessRho_EigVals = -6.3882057738E+05 -6.3880397512E+05 -6.3880192350E+05
           HessRho_EigVec1 =  6.6359940118E-01  5.6222177553E-01  4.9350026330E-01
           HessRho_EigVec2 = -5.6963471683E-01 -4.7862397260E-02  8.2050318726E-01
           HessRho_EigVec3 =  4.8492486442E-01 -8.2560030647E-01  2.8849958374E-01
           DelSqRho = -1.9164264760E+06
           Bond Ellipticity = NA
           V = -4.7920135525E+05
           G =  4.7368124433E+01
           K =  4.7915398712E+05
           L =  4.7910661900E+05
           Vnuc =  1.0925155045E+06
           Ven = -3.1653127446E+08
           Vrep =  3.1605207310E+08
           DelSqV =  1.9762462768E+10
           DelSqVen =  2.0937256428E+12
           DelSqVrep = -2.0739631800E+12
           DelSqG =  1.0566665682E+09
           DelSqK = -2.0819129336E+10
           Stress_EigVals = -1.5973540197E+05 -1.5973483027E+05 -1.5973112301E+05
           Stress_EigVec1 =  4.7550211491E-01 -8.2413137476E-01  3.0774212558E-01
           Stress_EigVec2 = -6.0028980231E-01 -4.8245346711E-02  7.9832608611E-01
           Stress_EigVec3 =  6.4307844930E-01  5.6434020206E-01  5.1765842443E-01
           -DivStress = -1.5726842089E+04  1.4464005982E+04  4.1926444410E+04
           ESP =  -2.2313123479E+01     ESP at Nucleus =  -2.2313124120E+01
           ESPe = -4.5208537772E+01     ESPe at Nucleus = -4.5208526988E+01
           ESPn =  2.2895414293E+01     ESPn at Nucleus =  2.2895402868E+01

CP# 10     Coords = -7.28139561286505E+00  2.13279111781636E+00 -7.93975932906299E-01
           Type = (3,-3) NACP N10
           Rho =  1.9041792342E+02     Rho at Nucleus =  1.9041792041E+02
           GradRho = -3.1293717617E-11 -2.5393021019E-12 -1.5077161741E-11
           HessRho_EigVals = -3.2033768912E+05 -3.2033756746E+05 -3.2032817721E+05
           HessRho_EigVec1 =  7.9916525811E-02 -9.5792058259E-01 -2.7568370709E-01
           HessRho_EigVec2 =  9.6768213693E-01  1.4091623822E-01 -2.0912650640E-01
           HessRho_EigVec3 =  2.3917489579E-01 -2.5006153495E-01  9.3822417255E-01
           DelSqRho = -9.6100343379E+05
           Bond Ellipticity = NA
           V = -2.4028596592E+05
           G =  1.7553736202E+01
           K =  2.4026841218E+05
           L =  2.4025085845E+05
           Vnuc =  1.6128122296E+06
           Ven = -3.0710835563E+08
           Vrep =  3.0686806967E+08
           DelSqV =  7.5445552347E+09
           DelSqVen =  1.5499180974E+12
           DelSqVrep = -1.5423735422E+12
           DelSqG =  4.0425324455E+08
           DelSqK = -7.9488084792E+09
           Stress_EigVals = -8.0096663748E+04 -8.0094701062E+04 -8.0094601109E+04
           Stress_EigVec1 =  2.4263275859E-01 -2.4764833953E-01  9.3797635598E-01
           Stress_EigVec2 =  9.6461938998E-01  1.6438624213E-01 -2.0612276892E-01
           Stress_EigVec3 =  1.0314444690E-01 -9.5480231636E-01 -2.7877187761E-01
           -DivStress = -1.5759703417E+03  2.3111959935E+03 -1.0269589356E+04
           ESP =  -1.8330619820E+01     ESP at Nucleus =  -1.8330619959E+01
           ESPe = -4.0667831662E+01     ESPe at Nucleus = -4.0667828534E+01
           ESPn =  2.2337211842E+01     ESPn at Nucleus =  2.2337208574E+01

CP# 11     Coords =  3.71204911006226E+00  6.85486494895656E+00  6.64581137586352E-01
           Type = (3,-3) NACP Si11
           Rho =  1.6513495859E+03     Rho at Nucleus =  1.6513495849E+03
           GradRho = -5.5197599007E-09 -2.0173275875E-09  6.5134195108E-10
           HessRho_EigVals = -1.0923097334E+07 -1.0923065523E+07 -1.0923064640E+07
           HessRho_EigVec1 =  8.9463054885E-01  4.4253702526E-01 -6.1621119219E-02
           HessRho_EigVec2 = -3.1480588150E-01  7.2217425435E-01  6.1592337456E-01
           HessRho_EigVec3 =  3.1707008379E-01 -5.3162517588E-01  7.8539240787E-01
           DelSqRho = -3.2769227497E+07
           Bond Ellipticity = NA
           V = -8.2001560036E+06
           G =  3.9245646994E+03
           K =  8.1962314389E+06
           L =  8.1923068742E+06
           Vnuc =  3.3132781111E+07
           Ven = -5.4713804368E+10
           Vrep =  5.4705604212E+10
           DelSqV =  9.9385559342E+11
           DelSqVen =  1.0857355873E+15
           DelSqVrep = -1.0847417652E+15
           DelSqG =  5.4235428602E+10
           DelSqK = -1.0480910220E+12
           Stress_EigVals = -2.7333881267E+06 -2.7333879040E+06 -2.7333799729E+06
           Stress_EigVec1 =  3.1965280526E-01 -5.3841798118E-01  7.7969748084E-01
           Stress_EigVec2 = -3.1257172625E-01  7.1688996226E-01  6.2319154196E-01
           Stress_EigVec3 =  8.9449482952E-01  4.4291631214E-01 -6.0861649680E-02
