AIMSum (Version 19.02.13, Professional)
Copyright (c) 1997-2019 by Todd A. Keith
AIMSum is a component of the AIMAll package ( http://aim.tkgristmill.com )

TP:  64-bit Linux

Much of the Quantum Theory of Atoms in Molecules (QTAIM) is described in the book:
  "Atoms in Molecules - A Quantum Theory"
  R.F.W. Bader, Oxford University Press, Oxford, 1990

For additional references see:  http://aim.tkgristmill.com/references.html

Wfn File:  /home/mhennefarth/Documents/ML_Diels/summary-gordillo2007/2-opt/2-opt.wfn
Sum File:  /home/mhennefarth/Documents/ML_Diels/summary-gordillo2007/2-opt/2-opt.sum

SumViz File:  /home/mhennefarth/Documents/ML_Diels/summary-gordillo2007/2-opt/2-opt.sumviz

Wfn Title:   Title Card Required                                                           
 
Total memory allocated for AIMSum =        1.996 Megabytes

Atomic units (a.u.) used throughout, except where stated otherwise

Model:  Restricted SCF
 
Restricted, closed-shell, single-determinant wavefunction.
  Number of electrons (from MO Occs)                   =         118.0000000000
  Number of Alpha electrons (from MO Occs)             =          59.0000000000
  Number of Beta electrons (from MO Occs)              =          59.0000000000
  Number of electron pairs (N*(N-1)/2)                 =        6903.0000000000
  Number of electron pairs (from Muller 2EDM)          =        6903.0000000000
 
Nuclear Charges and Cartesian Coordinates:
-------------------------------------------------------------------------------
Atom      Charge                X                  Y                  Z
-------------------------------------------------------------------------------
C1         6.0           5.2079642000E-01  -5.4424094900E+00   1.1277929000E+00
C2         6.0          -1.4911298600E+00  -4.1248174800E+00   3.2950045000E-01
C3         6.0          -1.3864982200E+00  -2.7121152300E+00  -2.0498346400E+00
O4         8.0          -3.1457374100E+00  -1.4736761300E+00  -2.9193463100E+00
O5         8.0          -6.9358614300E+00  -1.0734911800E+00   8.1554608000E-01
C6         6.0          -9.4501684500E+00  -1.5123682900E+00   1.1263320000E-02
C7         6.0           5.1785976300E+00  -1.1110359400E+00   2.6573610200E+00
C8         6.0           5.0211471900E+00   2.8666732000E-01   5.2376106000E-01
C9         6.0           2.8740013100E+00   1.8003723600E+00  -3.2781152000E-01
C10        6.0           9.7269814000E-01   2.6048447100E+00   1.2022032000E+00
N11        7.0          -1.0175096800E+00   4.1206521500E+00   5.6616441000E-01
C12        6.0          -1.3693903500E+00   4.8686142900E+00  -2.0532144000E+00
O13        8.0           6.9257277800E+00   4.4403981000E-01  -1.2387626000E+00
C14        6.0           9.1505943100E+00  -9.7454582000E-01  -8.0881175000E-01
C15        6.0          -3.2167654900E+00   4.2426876200E+00   2.2238722900E+00
H16        1.0           2.9409457000E+00   2.3497811000E+00  -2.3018102100E+00
H17        1.0          -4.0741736200E+00   6.1239232800E+00   2.0995546800E+00
H18        1.0          -4.6534570100E+00   2.8153655000E+00   1.7607194300E+00
H19        1.0          -2.6121065800E+00   3.9453880200E+00   4.1787508200E+00
H20        1.0           3.6923920000E-01   5.7292960200E+00  -2.7781756200E+00
H21        1.0          -1.8728114000E+00   3.2604805300E+00  -3.2670314800E+00
H22        1.0          -2.8773582300E+00   6.2770392800E+00  -2.1532380100E+00
H23        1.0           8.7370178400E+00  -3.0024334300E+00  -6.3922899000E-01
H24        1.0           1.0364391390E+01  -6.5104414000E-01  -2.4464710600E+00
H25        1.0           1.0132907430E+01  -3.4870123000E-01   9.0911733000E-01
H26        1.0           9.9292897000E-01   2.0809693800E+00   3.1892260300E+00
H27        1.0           6.8792842700E+00  -2.0916375300E+00   3.2289294600E+00
H28        1.0           3.5819530600E+00  -1.2143176400E+00   3.9334822200E+00
H29        1.0          -3.2520530100E+00  -4.0238367500E+00   1.3852443700E+00
H30        1.0           4.9674058000E-01  -6.5042060000E+00   2.8841374900E+00
H31        1.0           2.2747507400E+00  -5.4725398900E+00   6.0432170000E-02
H32        1.0           4.1867019000E-01  -2.8324114300E+00  -3.0972996900E+00
H33        1.0          -5.8305483800E+00  -1.1212560300E+00  -6.6934996000E-01
H34        1.0          -1.0650395920E+01  -1.5023037100E+00   1.6956209600E+00
H35        1.0          -1.0144040200E+01  -3.7302780000E-02  -1.2824369300E+00
H36        1.0          -9.6756446100E+00  -3.3551618700E+00  -9.2931277000E-01
 
Some Atomic Properties:
----------------------
  q(A) = Net Charge of Atom A
  L(A) = Lagrangian of Atom A = -(1/4) Times Atomic Integral of the Laplacian of the Electron Density
  K(A) = Electronic Kinetic Energy of Atom A (Hamiltonian Form)
  K_Scaled(A) = K(A) * E(Mol)/K(Mol) = Approximation to Virial-Based Total Energy of Atom A.
  |Mu_Intra(A)| = Magnitude of Intraatomic Dipole Moment of Atom A
--------------------------------------------------------------------------------------------------
Atom A          q(A)              L(A)              K(A)          K_Scaled(A)      |Mu_Intra(A)|
--------------------------------------------------------------------------------------------------
C1       -7.2687925600E-02  1.1051345345E-04  3.7715831357E+01 -3.8074717104E+01  9.2413052848E-02
C2       -4.0034375400E-02 -1.1164189013E-04  3.7745245663E+01 -3.8104411303E+01  1.4895764950E-01
C3        9.8676587380E-01 -5.4568449923E-05  3.7053563952E+01 -3.7406147881E+01  8.9775147763E-01
O4       -1.1622869419E+00  2.0511887272E-05  7.5269345116E+01 -7.5985572075E+01  5.1842412223E-01
O5       -1.1425190019E+00 -3.8815988486E-05  7.5134117353E+01 -7.5849057549E+01  1.4723362588E-01
C6        4.9856994350E-01 -1.8827537814E-04  3.7364202133E+01 -3.7719741945E+01  6.1337145309E-01
C7       -1.3414100680E-01 -1.5278006736E-04  3.7700227015E+01 -3.8058964279E+01  2.2911177312E-01
C8        4.8933102700E-01 -2.9731051407E-04  3.7389366594E+01 -3.7745145860E+01  7.2037598388E-01
C9       -5.0302397600E-02  1.7561020616E-04  3.7710438727E+01 -3.8069273161E+01  1.6847195378E-01
C10       4.5098728520E-01 -2.7350201686E-04  3.7437537493E+01 -3.7793775130E+01  6.8486555735E-01
N11      -1.1825242602E+00 -3.3422206991E-04  5.4888839178E+01 -5.5411135025E+01  2.0832260913E-01
C12       3.1842502620E-01  1.3504782588E-04  3.7506386002E+01 -3.7863278768E+01  5.2349995583E-01
O13      -1.1026813359E+00  7.1540806064E-05  7.5240183588E+01 -7.5956133060E+01  1.7195081236E-01
C14       4.7286083690E-01  3.0059089549E-04  3.7400694585E+01 -3.7756581643E+01  6.3618433708E-01
C15       3.1402993570E-01 -5.2754934685E-05  3.7507465873E+01 -3.7864368915E+01  5.1847097852E-01
H16       4.4046563340E-02  3.7585130485E-05  5.9846108021E-01 -6.0415574859E-01  1.4926710547E-01
H17       1.7736710280E-02  2.5457293922E-05  6.0897786619E-01 -6.1477260726E-01  1.5488000337E-01
H18       7.2428729370E-02  3.5884919393E-05  5.8833434309E-01 -5.9393265030E-01  1.2792475250E-01
H19       2.5241537410E-02  2.9505108912E-05  6.0583974342E-01 -6.1160462361E-01  1.5037283218E-01
H20       3.0129069510E-02  3.2649076348E-05  6.0431028611E-01 -6.1006061272E-01  1.5225740847E-01
H21       5.0841332350E-02 -3.9863403199E-05  5.9533995399E-01 -6.0100492323E-01  1.4018216427E-01
H22       2.6061432880E-02  2.7814304645E-05  6.0608765613E-01 -6.1185489534E-01  1.5081692126E-01
H23       2.1689337240E-02  2.9502371656E-05  6.0745835586E-01 -6.1323863800E-01  1.6056498367E-01
H24       3.8067943010E-02  2.7444440740E-05  6.0448404849E-01 -6.1023602854E-01  1.4731506596E-01
H25       2.5279128860E-02  2.9706817045E-05  6.0700782296E-01 -6.1278381804E-01  1.5763437246E-01
H26       4.7283036600E-02  3.0404353559E-05  6.0229760612E-01 -6.0802878104E-01  1.4765278937E-01
H27       2.9180628330E-02  4.0480337340E-05  6.0060206968E-01 -6.0631711068E-01  1.4925061977E-01
H28       2.9512776940E-02  4.9847058283E-05  5.9941565215E-01 -6.0511940378E-01  1.4985034742E-01
H29       9.9527537060E-02  2.3156865008E-05  5.7436278885E-01 -5.7982814945E-01  1.3265894877E-01
H30       6.5311559800E-02  2.0596365478E-05  5.8604025215E-01 -5.9161672989E-01  1.4315737305E-01
H31       7.2624279220E-02  2.3433335054E-05  5.8196319073E-01 -5.8750087311E-01  1.4468399679E-01
H32       4.8440296240E-02  2.5449063514E-05  5.9678499492E-01 -6.0246371447E-01  1.5782505363E-01
H33       5.8681500810E-01 -3.5300977356E-05  3.5082513276E-01 -3.5416341633E-01  1.4288936445E-01
H34       2.1403133620E-02  2.6383991088E-05  6.1084839345E-01 -6.1666093356E-01  1.5113324464E-01
H35       2.4566485800E-03  2.3701169242E-05  6.1587082031E-01 -6.2173115142E-01  1.6037646183E-01
H36       2.0932266800E-03  2.7150505896E-05  6.1585649324E-01 -6.2171668802E-01  1.6053736065E-01
--------------------------------------------------------------------------------------------------
Total    -3.7401580001E-05 -1.9906810820E-04  7.0542461318E+02 -7.1213709520E+02
 
1st Largest |L(A)| = 3.3422206991E-04, atom N11     
2nd Largest |L(A)| = 3.0059089549E-04, atom C14     
 
Molecular charge q(Mol) from the wfn file:   0.0000000000E+00
Molecular energy E(Mol) from the wfn file:  -7.1213718693E+02
Molecular virial ratio (-V(Mol)/T(Mol)) from the wfn file:   2.0095155200E+00
Note.  K_Scaled(A) = (1+V(Mol)/T(Mol))*K(A) = (E(Mol)/T(Mol))*K(A)
       Only use K_Scaled(A) data with caution.
 
N_AIMInt(SumA)     =        118.000037
N_Analytic(Mol)    =        117.999980
 
G_AIMInt(SumA)     =        705.424812
G_Analytic(Mol)    =        705.424656
 
K_AIMInt(SumA)     =        705.424613
K_Analytic(Mol)    =        705.424656
 
L_AIMInt(SumA)     =         -0.000199
L_Analytic(Mol)    =          0.000000
 
VenT_AIMInt(SumA)  =      -3699.327025
VenT_Analytic(Mol) =      -3699.324398
 
Some Information About the Atomic Calculations:
----------------------------------------------
  Time(sec) = "Elapsed User Time", in Seconds, for Atom A by AIMInt and, if used, by TWOe
  NProc = Number of Processors Used for AIMInt Job
  BIM = Basin Integration Method
  OAQ = Angular Quadrature Outside of Beta Sphere
  ORQ = Multiple of Default for Radial Quadrature Outside of Beta Sphere
  IAQ = Multiple of Default for Angular Quadrature Inside of Beta Sphere
  IRQ = Multiple of Default for Radial Quadrature Inside of Beta Sphere
  MIR = Maximum Integration Radius
------------------------------------------------------------------------------------------------------
Atom A     Time(sec)   NProc      BIM          OAQ                     ORQ      IAQ      IRQ      MIR
------------------------------------------------------------------------------------------------------
C1             46        8     Proaim(5)    4500(GS4)                  1.00     1.00     1.00    13.00
C2             32        8     Proaim(5)    4500(GS4)                  1.00     1.00     1.00    13.00
C3             49        8     Proaim(5)    4500(GS4)                  1.00     1.00     1.00    13.00
O4             31        8     Proaim(5)    4500(GS4)                  1.00     1.00     1.00    13.00
O5             29        8     Proaim(5)    4500(GS4)                  1.00     1.00     1.00    13.00
C6             27        8     Proaim(5)    4500(GS4)                  1.00     1.00     1.00    13.00
C7             74        8     Proaim(5)    4500(GS4)                  1.00     1.00     1.00    13.00
C8             66        8     Proaim(5)    6300(GS6)                  1.00     1.00     1.00    13.00
C9             76        8     Proaim(5)    4500(GS4)                  1.00     1.00     1.00    13.00
C10            69        8     Proaim(5)    4500(GS4)                  1.00     1.00     1.00    13.00
N11            52        8     Proaim(5)    4500(GS4)                  1.00     1.00     1.00    13.00
C12            43        8     Proaim(5)    4500(GS4)                  1.00     1.00     1.00    13.00
O13            31        8     Proaim(5)    4500(GS4)                  1.00     1.00     1.00    13.00
C14            30        8     Proaim(5)    4500(GS4)                  1.00     1.00     1.00    13.00
C15            35        8     Proaim(5)    4500(GS4)                  1.00     1.00     1.00    13.00
H16            13        8     Proaim(5)    1800(GS4)                  1.00     1.00     1.00    13.00
H17             8        8     Proaim(5)    1800(GS4)                  1.00     1.00     1.00    13.00
H18            15        8     Proaim(5)    4500(GS4)                  1.00     1.00     1.00    13.00
H19             9        8     Proaim(5)    1800(GS4)                  1.00     1.00     1.00    13.00
H20             9        8     Proaim(5)    1800(GS4)                  1.00     1.00     1.00    13.00
H21            16        8     Proaim(5)    4500(GS4)                  1.00     1.00     1.00    13.00
H22             8        8     Proaim(5)    1800(GS4)                  1.00     1.00     1.00    13.00
H23             8        8     Proaim(5)    1800(GS4)                  1.00     1.00     1.00    13.00
H24             6        8     Proaim(5)    1800(GS4)                  1.00     1.00     1.00    13.00
H25             8        8     Proaim(5)    1800(GS4)                  1.00     1.00     1.00    13.00
H26            19        8     Proaim(5)    1800(GS4)                  1.00     1.00     1.00    13.00
H27             9        8     Proaim(5)    1800(GS4)                  1.00     1.00     1.00    13.00
H28            16        8     Proaim(5)    1800(GS4)                  1.00     1.00     1.00    13.00
H29            16        8     Proaim(5)    4500(GS4)                  1.00     1.00     1.00    13.00
H30             7        8     Proaim(5)    1800(GS4)                  1.00     1.00     1.00    13.00
H31            13        8     Proaim(5)    1800(GS4)                  1.00     1.00     1.00    13.00
H32            11        8     Proaim(5)    1800(GS4)                  1.00     1.00     1.00    13.00
H33            14        8     Proaim(5)    4500(GS4)                  1.00     1.00     1.00    13.00
H34             6        8     Proaim(5)    1800(GS4)                  1.00     1.00     1.00    13.00
H35             8        8     Proaim(5)    1800(GS4)                  1.00     1.00     1.00    13.00
H36             7        8     Proaim(5)    1800(GS4)                  1.00     1.00     1.00    13.00
------------------------------------------------------------------------------------------------------
Total         916
Note:  Total wall clock time is less than total of atomic times if more than one atom
       was calculated at a time
 
Electron Density Critical Point Analysis of Molecular Structure:               
---------------------------------------------------------------                
  NACP = Nuclear Attractor Critical Point                                      
  NNACP = Non-Nuclear Attractor Critical Point                                 
  BCP = Bond Critical Point                                                    
  RCP = Ring Critical Point                                                    
  CCP = Cage Critical Point                                                    
  Rho = Electron Density                                                       
  GradRho = Gradient of Electron Density                                       
  HessRho_EigVals = Eigenvalues of the Hessian of Rho, Ascending Order         
  HessRho_EigVecs = Eigenvectors of the Hessian of Rho                         
  DelSqRho = Laplacian of Rho = Trace of Hessian of Rho                        
  Bond Ellipticity = (HessRho_EigVal(1) / HessRho_EigVal(2)) - 1               
  V = Virial Field = Potential Energy Density = Trace of Stress Tensor         
  G = Lagrangian Form of Kinetic Energy Density                                
  K = Hamiltonian Form of Kinetic Energy Density                               
  L = K - G = Lagrangian Density = (-1/4)DelSqRho                              
  Vnuc = Electrostatic Potential from Nuclei                                   
  Ven = Electron-nuclear attractive contribution to Virial Field V             
  Vrep = V - Ven = Repulsive contribution to Virial Field V                    
  DelSqV = Laplacian of V                                                      
  DelSqVen = Laplacian of Ven                                                  
  DelSqVrep = Laplacian of Vrep                                                
  DelSqG = Laplacian of G                                                      
  DelSqK = Laplacian of K                                                      
  Stress_EigVals = Eigenvalues of Stress Tensor, Ascending Order               
  Stress_EigVecs = Eigenvectors of Stress Tensor                               
  -DivStress = Ehrenfest Force Density = Minus Divergence of Stress Tensor     
  ESP = Total Electrostatic Potential                                          
  ESPe = Electrostatic Potential from Electrons                                
  ESPn = Electrostatic Potential from Nuclei                                   
  BP = Bond Path                                                               
  BPL = Bond Path Length                                                       
  GBL = Geometric Bond Length                                                  
  GBL_I = Distance Between Nuclear Attractors                                  
  GBL_II = Distance Between Nuclei                                             
  GBL_III = Sum of Distances Between BCP and Nuclear Attractors                
  GBL_IV = Sum of Distances Between BCP and Nuclei                             

CP# 1      Coords =  5.20796877027305E-01 -5.44240985414648E+00  1.12779342135240E+00
           Type = (3,-3) NACP C1
           Rho =  1.1772643348E+02     Rho at Nucleus =  1.1772643343E+02
           GradRho =  6.2022765396E-11 -1.6889800322E-11  5.8032197103E-11
           HessRho_EigVals = -1.4506538644E+05 -1.4506357688E+05 -1.4506341456E+05
           HessRho_EigVec1 =  3.3505938129E-01  8.0032590287E-01  4.9720585295E-01
           HessRho_EigVec2 = -4.6096026064E-01 -3.2099955338E-01  8.2732999755E-01
           HessRho_EigVec3 =  8.2173648399E-01 -5.0639681667E-01  2.6136452503E-01
           DelSqRho = -4.3519237788E+05
           Bond Ellipticity = NA
           V = -1.0880826565E+05
           G =  5.0855895207E+00
           K =  1.0880318006E+05
           L =  1.0879809447E+05
           Vnuc =  7.6616271585E+06
           Ven = -9.0197604000E+08
           Vrep =  9.0186723173E+08
           DelSqV =  2.4962839266E+09
           DelSqVen =  3.3342824776E+12
           DelSqVrep = -3.3317861281E+12
           DelSqG =  1.3408646735E+08
           DelSqK = -2.6303703939E+09
           Stress_EigVals = -3.6269737414E+04 -3.6269639352E+04 -3.6268888884E+04
           Stress_EigVec1 =  7.8504900517E-01 -5.2716872306E-01  3.2525558705E-01
           Stress_EigVec2 = -5.2229857428E-01 -2.8105014024E-01  8.0511801494E-01
           Stress_EigVec3 =  3.3301990749E-01  8.0193762606E-01  4.9597760546E-01
           -DivStress = -3.7298673607E+02  2.9496568038E+02 -4.2533331646E+02
           ESP =  -1.4714017399E+01     ESP at Nucleus =  -1.4714017407E+01
           ESPe = -3.0834213167E+01     ESPe at Nucleus = -3.0834214334E+01
           ESPn =  1.6120195768E+01     ESPn at Nucleus =  1.6120196926E+01

CP# 2      Coords = -1.49112931057070E+00 -4.12481716103404E+00  3.29499604732926E-01
           Type = (3,-3) NACP C2
           Rho =  1.1770482175E+02     Rho at Nucleus =  1.1770482167E+02
           GradRho =  1.2794749071E-10  1.2407110929E-10 -2.0808851842E-10
           HessRho_EigVals = -1.4503990545E+05 -1.4503894384E+05 -1.4503856572E+05
           HessRho_EigVec1 =  3.2329643515E-01  8.1103137497E-01  4.8755258571E-01
           HessRho_EigVec2 = -1.5278976511E-01 -4.6372292441E-01  8.7270632922E-01
           HessRho_EigVec3 =  9.3388152498E-01 -3.5663589022E-01 -2.6002675082E-02
           DelSqRho = -4.3511741501E+05
           Bond Ellipticity = NA
           V = -1.0878970588E+05
           G =  5.1760663899E+00
           K =  1.0878452982E+05
           L =  1.0877935375E+05
           Vnuc =  5.6743301107E+06
           Ven = -6.6789601421E+08
           Vrep =  6.6778722451E+08
           DelSqV =  2.4958595926E+09
           DelSqVen =  2.4689998561E+12
           DelSqVrep = -2.4665040621E+12
           DelSqG =  1.3406507316E+08
           DelSqK = -2.6299246657E+09
           Stress_EigVals = -3.6263521997E+04 -3.6263338571E+04 -3.6262845316E+04
           Stress_EigVec1 =  9.2056409749E-01 -3.8991879899E-01  2.2914462890E-02
           Stress_EigVec2 = -2.0869226749E-01 -4.4141821283E-01  8.7269553618E-01
           Stress_EigVec3 =  3.3016553410E-01  8.0815424987E-01  4.8772679701E-01
           -DivStress = -4.5125274558E+02 -2.5915244445E+02  6.8647217301E+02
           ESP =  -1.4727340857E+01     ESP at Nucleus =  -1.4727340859E+01
           ESPe = -3.2911433972E+01     ESPe at Nucleus = -3.2911432870E+01
           ESPn =  1.8184093115E+01     ESPn at Nucleus =  1.8184092011E+01

CP# 3      Coords = -1.38650064492216E+00 -2.71211380993077E+00 -2.04983499748977E+00
           Type = (3,-3) NACP C3
           Rho =  1.1775026833E+02     Rho at Nucleus =  1.1775026775E+02
           GradRho = -4.3007779066E-09  2.4999467999E-09 -6.6133335613E-10
           HessRho_EigVals = -1.4507452985E+05 -1.4507223330E+05 -1.4507181879E+05
           HessRho_EigVec1 =  3.3415721541E-01  8.0737401949E-01  4.8629841460E-01
           HessRho_EigVec2 =  7.5024950469E-01 -5.4015480734E-01  3.8125905212E-01
           HessRho_EigVec3 =  5.7049507983E-01  2.3744468148E-01 -7.8622858453E-01
           DelSqRho = -4.3521858194E+05
           Bond Ellipticity = NA
           V = -1.0881445095E+05
           G =  4.9027350910E+00
           K =  1.0880954822E+05
           L =  1.0880464548E+05
           Vnuc =  2.1180798950E+06
           Ven = -2.4940447598E+08
           Vrep =  2.4929566153E+08
           DelSqV =  2.4964060661E+09
           DelSqVen =  9.2182772531E+11
           DelSqVrep = -9.1933131925E+11
           DelSqG =  1.3407332378E+08
           DelSqK = -2.6304793898E+09
           Stress_EigVals = -3.6271811376E+04 -3.6271781937E+04 -3.6270857641E+04
           Stress_EigVec1 =  9.3690208130E-01 -3.3880248082E-01 -8.6182185213E-02
           Stress_EigVec2 = -9.5251244116E-02 -4.8458909026E-01  8.6954046145E-01
           Stress_EigVec3 =  3.3636541224E-01  8.0646530774E-01  4.8628388505E-01
           -DivStress =  1.9746366022E+03 -1.1548834932E+03  2.8667936614E+02
           ESP =  -1.4647905884E+01     ESP at Nucleus =  -1.4647905908E+01
           ESPe = -3.3903441594E+01     ESPe at Nucleus = -3.3903438905E+01
           ESPn =  1.9255535709E+01     ESPn at Nucleus =  1.9255532997E+01

CP# 4      Coords = -3.14573068860637E+00 -1.47368125484697E+00 -2.91934239777569E+00
           Type = (3,-3) NACP O4
           Rho =  2.9027362432E+02     Rho at Nucleus =  2.9027359656E+02
           GradRho =  8.0928080209E-11  1.0315082122E-12  1.3183257264E-10
           HessRho_EigVals = -6.4010996201E+05 -6.4010580518E+05 -6.4008697501E+05
           HessRho_EigVec1 =  3.2691386501E-01  8.1159304122E-01  4.8419423821E-01
           HessRho_EigVec2 =  7.7998366989E-01 -5.2100401558E-01  3.4667029070E-01
           HessRho_EigVec3 = -5.3362233796E-01 -2.6433227424E-01  8.0335275516E-01
           DelSqRho = -1.9203027422E+06
           Bond Ellipticity = NA
           V = -4.8016798054E+05
           G =  4.6147495945E+01
           K =  4.8012183305E+05
           L =  4.8007568555E+05
           Vnuc =  8.5895833717E+05
           Ven = -2.4933294967E+08
           Vrep =  2.4885278169E+08
           DelSqV =  1.9802355170E+10
           DelSqVen =  1.6494600507E+12
           DelSqVrep = -1.6296576955E+12
           DelSqG =  1.0589528662E+09
           DelSqK = -2.0861308037E+10
           Stress_EigVals = -1.6005945263E+05 -1.6005477779E+05 -1.6005375012E+05
           Stress_EigVec1 = -5.3790975198E-01 -2.6109735418E-01  8.0154929378E-01
           Stress_EigVec2 =  7.7593104546E-01 -5.2501620649E-01  3.4969843524E-01
           Stress_EigVec3 =  3.2952103334E-01  8.1005318008E-01  4.8500488042E-01
           -DivStress = -4.3377199777E+04  3.3032663376E+04 -2.5143824880E+04
           ESP =  -2.2309190130E+01     ESP at Nucleus =  -2.2309191172E+01
           ESPe = -3.9245337947E+01     ESPe at Nucleus = -3.9245323515E+01
           ESPn =  1.6936147818E+01     ESPn at Nucleus =  1.6936132343E+01

CP# 5      Coords = -6.93586516351120E+00 -1.07349265017352E+00  8.15537207264652E-01
           Type = (3,-3) NACP O5
           Rho =  2.8984340869E+02     Rho at Nucleus =  2.8984337838E+02
           GradRho =  1.7218028999E-10  4.9182640599E-11  1.5101791345E-12
           HessRho_EigVals = -6.3910165514E+05 -6.3908875459E+05 -6.3907518908E+05
           HessRho_EigVec1 =  9.8577781700E-01  1.1761494655E-01 -1.2003674376E-01
           HessRho_EigVec2 =  1.0361530544E-01  1.3698300840E-01  9.8513934237E-01
           HessRho_EigVec3 = -1.3231010538E-01  9.8356615424E-01 -1.2284810238E-01
           DelSqRho = -1.9172655988E+06
           Bond Ellipticity = NA
           V = -4.7941010350E+05
           G =  4.6851901690E+01
           K =  4.7936325160E+05
           L =  4.7931639970E+05
           Vnuc =  8.2155080432E+05
           Ven = -2.3812108553E+08
           Vrep =  2.3764167543E+08
           DelSqV =  1.9771093595E+10
           DelSqVen =  1.5751310950E+12
           DelSqVrep = -1.5553600014E+12
           DelSqG =  1.0571684109E+09
           DelSqK = -2.0828262006E+10
           Stress_EigVals = -1.5980662750E+05 -1.5980315332E+05 -1.5980032269E+05
           Stress_EigVec1 = -1.3239453755E-01  9.8371554412E-01 -1.2155416360E-01
           Stress_EigVec2 =  4.5308384993E-02  1.2851168623E-01  9.9067244675E-01
           Stress_EigVec3 =  9.9016101553E-01  1.2565219761E-01 -6.1584807864E-02
           -DivStress =  2.4090406896E+04  9.4491791585E+03  5.7137487820E+04
           ESP =  -2.2336408101E+01     ESP at Nucleus =  -2.2336409220E+01
           ESPe = -3.7538138460E+01     ESPe at Nucleus = -3.7538133997E+01
           ESPn =  1.5201730359E+01     ESPn at Nucleus =  1.5201724776E+01

CP# 6      Coords = -9.45016389892042E+00 -1.51236753565029E+00  1.12645508135311E-02
           Type = (3,-3) NACP C6
           Rho =  1.1747742827E+02     Rho at Nucleus =  1.1747742662E+02
           GradRho = -5.2923777448E-11 -1.1783422166E-11  8.8317482667E-15
           HessRho_EigVals = -1.4474108970E+05 -1.4473939942E+05 -1.4473929576E+05
           HessRho_EigVec1 =  9.5018549800E-01  1.6266352124E-01  2.6587233450E-01
           HessRho_EigVec2 = -1.4231682356E-01  9.8532700279E-01 -9.4215812363E-02
           HessRho_EigVec3 = -2.7729666627E-01  5.1684392473E-02  9.5939318449E-01
           DelSqRho = -4.3421978488E+05
           Bond Ellipticity = NA
           V = -1.0856517231E+05
           G =  5.1130448894E+00
           K =  1.0856005927E+05
           L =  1.0855494622E+05
           Vnuc =  1.2566784080E+06
           Ven = -1.4763134753E+08
           Vrep =  1.4752278236E+08
           DelSqV =  2.4907114842E+09
           DelSqVen =  5.4567462810E+11
           DelSqVrep = -5.4318391661E+11
           DelSqG =  1.3376975734E+08
           DelSqK = -2.6244812416E+09
           Stress_EigVals = -3.6188571583E+04 -3.6188535863E+04 -3.6188064864E+04
           Stress_EigVec1 = -2.8019359598E-01  5.7770073602E-02  9.5820361478E-01
           Stress_EigVec2 = -1.4153883895E-01  9.8479131711E-01 -1.0076119693E-01
           Stress_EigVec3 =  9.4945158162E-01  1.6385566922E-01  2.6775551129E-01
           -DivStress = -3.6853133304E+03 -6.1133364156E+02 -1.0001836049E+03
           ESP =  -1.4706598020E+01     ESP at Nucleus =  -1.4706598119E+01
           ESPe = -2.8615212322E+01     ESPe at Nucleus = -2.8615204220E+01
           ESPn =  1.3908614302E+01     ESPn at Nucleus =  1.3908606101E+01

CP# 7      Coords =  5.17859772925233E+00 -1.11103586232419E+00  2.65736136527198E+00
           Type = (3,-3) NACP C7
           Rho =  1.1758363754E+02     Rho at Nucleus =  1.1758363753E+02
           GradRho =  1.9538849705E-11 -6.4520194742E-12  6.2393840095E-12
           HessRho_EigVals = -1.4489167838E+05 -1.4489166135E+05 -1.4489138591E+05
           HessRho_EigVec1 = -3.1873276693E-01 -4.0787251367E-01  8.5559887557E-01
           HessRho_EigVec2 =  8.8373249424E-01 -4.5422477141E-01  1.1267979258E-01
           HessRho_EigVec3 =  3.4267521344E-01  7.9203527045E-01  5.0522651204E-01
           DelSqRho = -4.3467472564E+05
           Bond Ellipticity = NA
           V = -1.0867914559E+05
           G =  5.2320889735E+00
           K =  1.0867391350E+05
           L =  1.0866868141E+05
           Vnuc =  1.6324067050E+07
           Ven = -1.9194431833E+09
           Vrep =  1.9193345041E+09
           DelSqV =  2.4933351879E+09
           DelSqVen =  7.0956634604E+12
           DelSqVrep = -7.0931701252E+12
           DelSqG =  1.3393113904E+08
           DelSqK = -2.6272663270E+09
           Stress_EigVals = -3.6226491259E+04 -3.6226445424E+04 -3.6226208905E+04
           Stress_EigVec1 =  9.9587528849E-02 -5.3613278234E-01  8.3823860791E-01
           Stress_EigVec2 = -9.4210905002E-01  2.2026745853E-01  2.5280977946E-01
           Stress_EigVec3 =  3.2017629827E-01  8.1488887979E-01  4.8315965438E-01
           -DivStress = -8.0549970422E+01 -6.0493506892E+01 -2.8511480688E+02
           ESP =  -1.4776772353E+01     ESP at Nucleus =  -1.4776772356E+01
           ESPe = -3.1870810209E+01     ESPe at Nucleus = -3.1870810756E+01
           ESPn =  1.7094037856E+01     ESPn at Nucleus =  1.7094038400E+01

CP# 8      Coords =  5.02115093510883E+00  2.86668307615636E-01  5.23756132526082E-01
           Type = (3,-3) NACP C8
           Rho =  1.1762830722E+02     Rho at Nucleus =  1.1762830437E+02
           GradRho = -6.3952074539E-11  3.9386965911E-12  5.8744502318E-12
           HessRho_EigVals = -1.4492038167E+05 -1.4491997618E+05 -1.4491851096E+05
           HessRho_EigVec1 =  8.5592328993E-01  8.0714987768E-02 -5.1076453724E-01
           HessRho_EigVec2 =  2.5668708934E-01  7.9113724100E-01  5.5516988758E-01
           HessRho_EigVec3 = -4.4889537747E-01  6.0628949905E-01 -6.5643429483E-01
           DelSqRho = -4.3475886881E+05
           Bond Ellipticity = NA
           V = -1.0869965686E+05
           G =  4.9698285793E+00
           K =  1.0869468703E+05
           L =  1.0868971720E+05
           Vnuc =  9.5734338981E+05
           Ven = -1.1261068237E+08
           Vrep =  1.1250198271E+08
           DelSqV =  2.4937781636E+09
           DelSqVen =  4.1621352858E+11
           DelSqVrep = -4.1371975092E+11
           DelSqG =  1.3392895633E+08
           DelSqK = -2.6277071199E+09
           Stress_EigVals = -3.6233656644E+04 -3.6233051467E+04 -3.6232948749E+04
           Stress_EigVec1 =  4.1971068321E-01 -6.0956778418E-01  6.7251026676E-01
           Stress_EigVec2 = -7.6162010149E-01  1.6652416068E-01  6.2626234512E-01
           Stress_EigVec3 =  4.9373855775E-01  7.7504633436E-01  3.9436710840E-01
           -DivStress = -3.0323845960E+03 -8.0296345510E+02  3.9929994371E+03
           ESP =  -1.4692028070E+01     ESP at Nucleus =  -1.4692028281E+01
           ESPe = -3.4528382012E+01     ESPe at Nucleus = -3.4528381938E+01
           ESPn =  1.9836353942E+01     ESPn at Nucleus =  1.9836353657E+01

CP# 9      Coords =  2.87400182560328E+00  1.80037203628580E+00 -3.27810596479796E-01
           Type = (3,-3) NACP C9
           Rho =  1.1758304168E+02     Rho at Nucleus =  1.1758304159E+02
           GradRho =  1.4584451702E-10 -9.3314932170E-11  2.4165284183E-10
           HessRho_EigVals = -1.4488716048E+05 -1.4488682967E+05 -1.4488664891E+05
           HessRho_EigVec1 =  7.4984605589E-01 -6.0453426104E-01  2.6882935053E-01
           HessRho_EigVec2 = -2.0575034748E-01  1.7310511358E-01  9.6317257756E-01
           HessRho_EigVec3 =  6.2880655768E-01  7.7754289071E-01 -5.4190524014E-03
           DelSqRho = -4.3466063905E+05
           Bond Ellipticity = NA
           V = -1.0867566916E+05
           G =  5.2546981609E+00
           K =  1.0867041446E+05
           L =  1.0866515976E+05
           Vnuc =  5.4243291802E+06
           Ven = -6.3780912407E+08
           Vrep =  6.3770044840E+08
           DelSqV =  2.4932508943E+09
           DelSqVen =  2.3577426657E+12
           DelSqVrep = -2.3552494148E+12
           DelSqG =  1.3392245894E+08
           DelSqK = -2.6271733532E+09
           Stress_EigVals = -3.6225362251E+04 -3.6225235182E+04 -3.6225071726E+04
           Stress_EigVec1 = -5.8237940620E-01  9.0052995487E-02  8.0791378577E-01
           Stress_EigVec2 =  6.5316240356E-01 -5.3983184193E-01  5.3099948871E-01
           Stress_EigVec3 =  4.8395568166E-01  8.3694207711E-01  2.5556771657E-01
           -DivStress = -4.2062659308E+02  2.6172460575E+02 -7.5302628778E+02
           ESP =  -1.4765673209E+01     ESP at Nucleus =  -1.4765673211E+01
           ESPe = -3.4747486566E+01     ESPe at Nucleus = -3.4747486008E+01
           ESPn =  1.9981813357E+01     ESPn at Nucleus =  1.9981812797E+01

CP# 10     Coords =  9.72694745520385E-01  2.60484705484072E+00  1.20220268944433E+00
           Type = (3,-3) NACP C10
           Rho =  1.1763414199E+02     Rho at Nucleus =  1.1763414073E+02
           GradRho =  3.1997737793E-12 -2.3472973565E-11  1.3888962896E-11
           HessRho_EigVals = -1.4493383505E+05 -1.4493341011E+05 -1.4493237669E+05
           HessRho_EigVec1 =  2.9667290826E-01  9.4769732245E-01  1.1770713876E-01
           HessRho_EigVec2 =  8.2875000656E-01 -3.1673892960E-01  4.6135656178E-01
           HessRho_EigVec3 = -4.7450881143E-01  3.9322200912E-02  8.7937202161E-01
           DelSqRho = -4.3479962184E+05
           Bond Ellipticity = NA
           V = -1.0871010598E+05
           G =  5.1002582917E+00
           K =  1.0870500572E+05
           L =  1.0869990546E+05
           Vnuc =  1.4433358143E+06
           Ven = -1.6978557012E+08
           Vrep =  1.6967686001E+08
           DelSqV =  2.4940220396E+09
           DelSqVen =  6.2756186931E+11
           DelSqVrep = -6.2506784932E+11
           DelSqG =  1.3394838760E+08
           DelSqK = -2.6279704272E+09
           Stress_EigVals = -3.6237040934E+04 -3.6236722521E+04 -3.6236342523E+04
           Stress_EigVec1 = -5.3443075504E-01  9.6465684171E-02  8.3968931150E-01
           Stress_EigVec2 =  7.0527903765E-01 -4.9660031630E-01  5.0593438794E-01
           Stress_EigVec3 =  4.6579528456E-01  8.6260216649E-01  1.9736325710E-01
           -DivStress =  2.7555770553E+03 -1.9062423665E+03  4.1663258647E+02
           ESP =  -1.4710813499E+01     ESP at Nucleus =  -1.4710813580E+01
           ESPe = -3.4861256139E+01     ESPe at Nucleus = -3.4861255237E+01
           ESPn =  2.0150442640E+01     ESPn at Nucleus =  2.0150441657E+01

CP# 11     Coords = -1.01751113133472E+00  4.12064926276687E+00  5.66163202079579E-01
           Type = (3,-3) NACP N11
           Rho =  1.9038919832E+02     Rho at Nucleus =  1.9038919642E+02
           GradRho = -6.7292837969E-12 -3.6714520313E-11  1.2264411708E-11
           HessRho_EigVals = -3.2028628451E+05 -3.2028620007E+05 -3.2027671196E+05
           HessRho_EigVec1 = -7.8693533510E-01  1.4781262204E-01  5.9906945101E-01
           HessRho_EigVec2 =  4.6984846841E-01 -4.8579193333E-01  7.3705401040E-01
           HessRho_EigVec3 =  3.9996899267E-01  8.6148570869E-01  3.1283730376E-01
           DelSqRho = -9.6084919655E+05
           Bond Ellipticity = NA
           V = -2.4024748879E+05
           G =  1.7594826536E+01
           K =  2.4022989396E+05
           L =  2.4021229914E+05
           Vnuc =  2.0290848397E+06
           Ven = -3.8631583596E+08
           Vrep =  3.8607558848E+08
           DelSqV =  7.5433470775E+09
           DelSqVen =  1.9496445338E+12
           DelSqVrep = -1.9421011867E+12
           DelSqG =  4.0418438871E+08
           DelSqK = -7.9475314662E+09
           Stress_EigVals = -8.0083849823E+04 -8.0081858003E+04 -8.0081780965E+04
           Stress_EigVec1 =  3.9695257265E-01  8.6236182511E-01  3.1426221164E-01
           Stress_EigVec2 =  8.2350941941E-01 -4.8582006908E-01  2.9293531132E-01
           Stress_EigVec3 = -4.0529111908E-01 -1.4251646600E-01  9.0301061218E-01
           -DivStress =  3.5674954037E+03  7.0739715121E+03  2.9656539555E+03
           ESP =  -1.8321823927E+01     ESP at Nucleus =  -1.8321824015E+01
           ESPe = -3.7476463220E+01     ESPe at Nucleus = -3.7476459843E+01
           ESPn =  1.9154639293E+01     ESPn at Nucleus =  1.9154635828E+01

CP# 12     Coords = -1.36938977887610E+00  4.86861360577989E+00 -2.05321045711225E+00
           Type = (3,-3) NACP C12
           Rho =  1.1749892593E+02     Rho at Nucleus =  1.1749892474E+02
           GradRho =  6.5330549130E-12 -1.7973949586E-11 -2.8019036744E-11
           HessRho_EigVals = -1.4477713060E+05 -1.4477573341E+05 -1.4477572562E+05
           HessRho_EigVec1 =  1.5320743849E-01 -3.2219147270E-01  9.3419491313E-01
           HessRho_EigVec2 =  8.9935854158E-01  4.3719948467E-01  3.2900279622E-03
           HessRho_EigVec3 = -4.0948955356E-01  8.3967211787E-01  3.5674786615E-01
           DelSqRho = -4.3432858963E+05
           Bond Ellipticity = NA
           V = -1.0859260077E+05
           G =  5.2266801475E+00
           K =  1.0858737409E+05
           L =  1.0858214741E+05
           Vnuc =  1.4842972591E+06
           Ven = -1.7440333370E+08
           Vrep =  1.7429474110E+08
           DelSqV =  2.4913467704E+09
           DelSqVen =  6.4467273728E+11
           DelSqVrep = -6.4218139051E+11
           DelSqG =  1.3381302948E+08
           DelSqK = -2.6251597999E+09
           Stress_EigVals = -3.6197670823E+04 -3.6197664515E+04 -3.6197265431E+04
           Stress_EigVec1 = -6.5158714372E-01  6.7856525716E-01  3.3909200213E-01
           Stress_EigVec2 =  7.4335300466E-01  6.6026494818E-01  1.0712846806E-01
           Stress_EigVec3 =  1.5119690673E-01 -3.2186859115E-01  9.3463367445E-01
           -DivStress = -4.6336219117E+02  5.5258886283E+02 -3.1976877076E+03
           ESP =  -1.4715279630E+01     ESP at Nucleus =  -1.4715279697E+01
           ESPe = -3.1838498717E+01     ESPe at Nucleus = -3.1838492199E+01
           ESPn =  1.7123219088E+01     ESPn at Nucleus =  1.7123212501E+01

CP# 13     Coords =  6.92572910800422E+00  4.44033942261156E-01 -1.23875461170132E+00
           Type = (3,-3) NACP O13
           Rho =  2.8991296015E+02     Rho at Nucleus =  2.8991292818E+02
           GradRho =  2.6912144735E-10 -2.5872359810E-13  4.0134964796E-11
           HessRho_EigVals = -6.3926028285E+05 -6.3924400645E+05 -6.3923475140E+05
           HessRho_EigVec1 =  9.1264057223E-01 -2.7800437869E-01 -2.9966773490E-01
           HessRho_EigVec2 =  9.8648449525E-02 -5.6164418703E-01  8.2147689595E-01
           HessRho_EigVec3 =  3.9668081542E-01  7.7927490182E-01  4.8515457133E-01
           DelSqRho = -1.9177390407E+06
           Bond Ellipticity = NA
           V = -4.7952870110E+05
           G =  4.6970465310E+01
           K =  4.7948173064E+05
           L =  4.7943476017E+05
           Vnuc =  7.9998898347E+05
           Ven = -2.3192717428E+08
           Vrep =  2.3144764558E+08
           DelSqV =  1.9775959269E+10
           DelSqVen =  1.5341701066E+12
           DelSqVrep = -1.5143941471E+12
           DelSqG =  1.0574383240E+09
           DelSqK = -2.0833397593E+10
           Stress_EigVals = -1.5984575355E+05 -1.5984323412E+05 -1.5983971343E+05
           Stress_EigVec1 =  3.9730120860E-01  7.7791960727E-01  4.8681909809E-01
           Stress_EigVec2 =  9.1529214540E-02 -5.6143006983E-01  8.2244676398E-01
