AIMSum (Version 19.02.13, Professional)
Copyright (c) 1997-2019 by Todd A. Keith
AIMSum is a component of the AIMAll package ( http://aim.tkgristmill.com )

TP:  64-bit Linux

Much of the Quantum Theory of Atoms in Molecules (QTAIM) is described in the book:
  "Atoms in Molecules - A Quantum Theory"
  R.F.W. Bader, Oxford University Press, Oxford, 1990

For additional references see:  http://aim.tkgristmill.com/references.html

Wfn File:  /home/mhennefarth/Documents/ML_Diels/summary-gordillo2007/3-opt/3-opt.wfn
Sum File:  /home/mhennefarth/Documents/ML_Diels/summary-gordillo2007/3-opt/3-opt.sum

SumViz File:  /home/mhennefarth/Documents/ML_Diels/summary-gordillo2007/3-opt/3-opt.sumviz

Wfn Title:   Title Card Required                                                           
 
Total memory allocated for AIMSum =        2.639 Megabytes

Atomic units (a.u.) used throughout, except where stated otherwise

Model:  Restricted SCF
 
Restricted, closed-shell, single-determinant wavefunction.
  Number of electrons (from MO Occs)                   =         136.0000000000
  Number of Alpha electrons (from MO Occs)             =          68.0000000000
  Number of Beta electrons (from MO Occs)              =          68.0000000000
  Number of electron pairs (N*(N-1)/2)                 =        9180.0000000000
  Number of electron pairs (from Muller 2EDM)          =        9180.0000000000
 
Nuclear Charges and Cartesian Coordinates:
-------------------------------------------------------------------------------
Atom      Charge                X                  Y                  Z
-------------------------------------------------------------------------------
C1         6.0           1.7399876400E+00  -4.4384510700E+00  -2.7723294200E+00
C2         6.0          -2.9379373000E-01  -2.9233926900E+00  -2.6452218900E+00
C3         6.0          -4.0519698000E-01  -6.1099633000E-01  -4.1347839300E+00
O4         8.0          -2.1910531200E+00   8.8131794000E-01  -4.1805788200E+00
O5         8.0          -6.1056554700E+00   1.3372762000E-01  -7.9243925000E-01
C6         6.0          -8.1307417000E+00  -9.1826421000E-01  -2.2058780700E+00
O7         8.0          -3.5079014300E+00  -2.3554926300E+00   3.0201830900E+00
C8         6.0          -5.0699284500E+00  -3.8200210900E+00   4.6237764200E+00
C9         6.0           4.7489423300E+00  -2.4091280600E+00   1.8870984800E+00
C10        6.0           5.2121015300E+00  -1.1915038000E-01   8.4140697000E-01
O11        8.0           7.5555936100E+00   6.2800101000E-01  -6.7153300000E-03
C12        6.0           9.5825288900E+00  -1.0969775600E+00   2.3331282000E-01
C13        6.0           3.3999456100E+00   1.9052351300E+00   3.9912317000E-01
C14        6.0           1.0562376600E+00   2.0090953100E+00   1.4579430700E+00
N15        7.0          -7.5618473000E-01   3.7940885600E+00   1.0233341800E+00
C16        6.0          -2.8101688400E+00   4.1008783000E+00   2.8308325300E+00
C17        6.0          -2.2413759000E-01   5.9146676600E+00  -6.3011340000E-01
H18        1.0           4.0938479200E+00   3.4342844800E+00  -7.7766842000E-01
H19        1.0          -2.3954126700E+00   5.5767285000E+00   4.2396062500E+00
H20        1.0          -4.5518907400E+00   4.5990669700E+00   1.8326827100E+00
H21        1.0          -3.1243211800E+00   2.3086425000E+00   3.8036795100E+00
H22        1.0           1.1564241800E+00   7.2358778500E+00   1.9829147000E-01
H23        1.0           5.1401602000E-01   5.2315227500E+00  -2.4359938700E+00
H24        1.0          -1.9792498600E+00   6.9396506400E+00  -9.9770225000E-01
H25        1.0           9.2014894500E+00  -2.8663424300E+00  -7.8484820000E-01
H26        1.0           1.1230017560E+01  -1.6720650000E-01  -5.9255156000E-01
H27        1.0           9.9709047500E+00  -1.5446179900E+00   2.2227276700E+00
H28        1.0           4.4428075000E-01   5.3604569000E-01   2.7511084800E+00
H29        1.0           6.2239400500E+00  -3.7685783700E+00   2.2844068900E+00
H30        1.0           2.8546816100E+00  -2.8959503400E+00   2.4847630300E+00
H31        1.0          -1.8510039200E+00  -3.3192602700E+00  -1.3661865800E+00
H32        1.0           1.8796619300E+00  -6.1664751800E+00  -1.6787538700E+00
H33        1.0           3.3255670200E+00  -4.0013819800E+00  -4.0038170700E+00
H34        1.0           1.2672748200E+00  -2.3698641000E-01  -5.3365635800E+00
H35        1.0          -4.7158011800E+00   5.1899033000E-01  -1.9758029800E+00
H36        1.0          -9.6568043900E+00  -1.3553898400E+00  -8.8186750000E-01
H37        1.0          -8.8539168900E+00   4.2398519000E-01  -3.6154217300E+00
H38        1.0          -7.5882026800E+00  -2.6698012000E+00  -3.1851651700E+00
H39        1.0          -4.5837629200E+00  -1.5193500900E+00   1.7514870200E+00
H40        1.0          -6.4759641900E+00  -2.6691806600E+00   5.6387503200E+00
H41        1.0          -6.0842572100E+00  -5.3209284600E+00   3.5974546900E+00
H42        1.0          -3.8507521900E+00  -4.7233667300E+00   6.0294474800E+00
 
Some Atomic Properties:
----------------------
  q(A) = Net Charge of Atom A
  L(A) = Lagrangian of Atom A = -(1/4) Times Atomic Integral of the Laplacian of the Electron Density
  K(A) = Electronic Kinetic Energy of Atom A (Hamiltonian Form)
  K_Scaled(A) = K(A) * E(Mol)/K(Mol) = Approximation to Virial-Based Total Energy of Atom A.
  |Mu_Intra(A)| = Magnitude of Intraatomic Dipole Moment of Atom A
--------------------------------------------------------------------------------------------------
Atom A          q(A)              L(A)              K(A)          K_Scaled(A)      |Mu_Intra(A)|
--------------------------------------------------------------------------------------------------
C1       -6.7364490500E-02 -9.0034991162E-05  3.7711234384E+01 -3.8067993597E+01  8.7069944057E-02
C2       -2.9980383100E-02  1.1715861560E-04  3.7744202384E+01 -3.8101273484E+01  1.6119463560E-01
C3        9.6853545650E-01 -4.3510404581E-04  3.7063326282E+01 -3.7413956097E+01  8.9015220030E-01
O4       -1.1692883476E+00  1.1240511172E-06  7.5266476907E+01 -7.5978519606E+01  5.0885925639E-01
O5       -1.1492743605E+00 -4.8457629156E-05  7.5136151481E+01 -7.5846961264E+01  1.4587003281E-01
C6        4.8610042820E-01 -4.3505877114E-05  3.7373146447E+01 -3.7726707251E+01  6.1540314588E-01
O7       -1.1562334557E+00 -3.1022594005E-05  7.5133458575E+01 -7.5844242882E+01  1.3893378345E-01
C8        5.0020759130E-01  3.3857741533E-06  3.7363012799E+01 -3.7716477735E+01  6.1288042979E-01
C9       -1.3133239300E-01 -7.3413229102E-05  3.7703310123E+01 -3.8059994371E+01  2.3436831838E-01
C10       4.9067025500E-01  2.7595742376E-04  3.7391480498E+01 -3.7745214747E+01  7.1622511874E-01
O11      -1.1035574144E+00 -4.5008681106E-05  7.5239467154E+01 -7.5951254333E+01  1.7035089543E-01
C12       4.7443885940E-01 -4.0081711009E-05  3.7399254598E+01 -3.7753062393E+01  6.3661841606E-01
C13      -5.2180454000E-02  4.7944548095E-04  3.7713037067E+01 -3.8069813334E+01  1.5751556788E-01
C14       4.4895621950E-01  4.0916058830E-04  3.7443305836E+01 -3.7797530367E+01  6.9944134568E-01
N15      -1.1825769859E+00 -2.0264314316E-04  5.4894754843E+01 -5.5414075143E+01  2.1055435844E-01
C16       3.1986132110E-01 -1.2152799675E-04  3.7506811234E+01 -3.7861636546E+01  5.2278463633E-01
C17       3.2827611090E-01 -1.9801624187E-04  3.7501636811E+01 -3.7856413171E+01  5.2076556404E-01
H18       4.1903933130E-02  1.5419916359E-05  5.9947816867E-01 -6.0514940599E-01  1.4998144835E-01
H19       6.4208455000E-03  2.8887796438E-05  6.1092566925E-01 -6.1670520325E-01  1.6274916142E-01
H20       3.6252144210E-02  5.9103032706E-05  6.0329159380E-01 -6.0899890723E-01  1.4807243762E-01
H21       6.9979496110E-02 -3.8141940478E-06  5.9137110578E-01 -5.9696564794E-01  1.3068744037E-01
H22       1.4873434100E-02  3.3066820213E-05  6.0595305799E-01 -6.1168554964E-01  1.6277651966E-01
H23       4.6047103880E-02  3.1338830404E-05  5.9938233732E-01 -6.0505266805E-01  1.4534120142E-01
H24       3.0039054780E-02  2.2359244025E-05  6.0479700661E-01 -6.1051856168E-01  1.5015059715E-01
H25       2.0896390590E-02  3.3675810638E-05  6.0801233267E-01 -6.1376430566E-01  1.6034431867E-01
H26       3.6837506780E-02  2.7733446671E-05  6.0497272654E-01 -6.1069594397E-01  1.4759800020E-01
H27       2.4759029850E-02  2.7747844759E-05  6.0711658972E-01 -6.1286008872E-01  1.5804238142E-01
H28       8.9471854240E-02  7.5448942548E-06  5.8697441967E-01 -5.9252736790E-01  1.2906762060E-01
H29       2.7285269380E-02  6.0021632319E-06  6.0161024564E-01 -6.0730165303E-01  1.4922487691E-01
H30       4.9214545590E-02  4.3234828887E-05  5.9314338509E-01 -5.9875469352E-01  1.4283045314E-01
H31       9.2573214830E-02  3.7414225594E-05  5.7864497939E-01 -5.8411912870E-01  1.2775550157E-01
H32       6.8342802670E-02  2.0038384332E-05  5.8576619343E-01 -5.9130771149E-01  1.4320697384E-01
H33       5.8062680710E-02  2.7362304813E-05  5.8810858817E-01 -5.9367226596E-01  1.4725676981E-01
H34       3.5521534430E-02  2.4956330807E-05  6.0124099087E-01 -6.0692890501E-01  1.6221936141E-01
H35       6.0668061711E-01 -8.7220659818E-05  3.3582744898E-01 -3.3900447404E-01  1.3088861870E-01
H36       2.4514818680E-02  2.1631252397E-05  6.0965486234E-01 -6.1542237414E-01  1.4991321244E-01
H37       1.7080561460E-02  2.3587381208E-05  6.1087018971E-01 -6.1664919885E-01  1.5519990688E-01
H38       8.9012563500E-03  3.0799838584E-05  6.1361025587E-01 -6.1941518684E-01  1.5799458845E-01
H39       5.9751449387E-01 -1.2106630301E-04  3.4331218471E-01 -3.4656001754E-01  1.3391683741E-01
H40       1.5288110500E-03  2.2945368749E-05  6.1627226981E-01 -6.2210238420E-01  1.6065235918E-01
H41      -1.5559852000E-03  2.4574170038E-05  6.1728114328E-01 -6.2312080190E-01  1.6133191126E-01
H42       2.1545453250E-02  2.7561200845E-05  6.1082696248E-01 -6.1660556268E-01  1.5099938434E-01
--------------------------------------------------------------------------------------------------
Total    -5.1175450002E-05  3.4229972271E-04  8.2011251213E+02 -8.2787101433E+02
 
1st Largest |L(A)| = 4.7944548095E-04, atom C13     
2nd Largest |L(A)| = 4.3510404581E-04, atom C3      
 
Molecular charge q(Mol) from the wfn file:   0.0000000000E+00
Molecular energy E(Mol) from the wfn file:  -8.2787083799E+02
Molecular virial ratio (-V(Mol)/T(Mol)) from the wfn file:   2.0094602900E+00
Note.  K_Scaled(A) = (1+V(Mol)/T(Mol))*K(A) = (E(Mol)/T(Mol))*K(A)
       Only use K_Scaled(A) data with caution.
 
N_AIMInt(SumA)     =        136.000051
N_Analytic(Mol)    =        135.999976
 
G_AIMInt(SumA)     =        820.112170
G_Analytic(Mol)    =        820.112278
 
K_AIMInt(SumA)     =        820.112512
K_Analytic(Mol)    =        820.112278
 
L_AIMInt(SumA)     =          0.000342
L_Analytic(Mol)    =          0.000000
 
VenT_AIMInt(SumA)  =      -4565.310335
VenT_Analytic(Mol) =      -4565.305652
 
Some Information About the Atomic Calculations:
----------------------------------------------
  Time(sec) = "Elapsed User Time", in Seconds, for Atom A by AIMInt and, if used, by TWOe
  NProc = Number of Processors Used for AIMInt Job
  BIM = Basin Integration Method
  OAQ = Angular Quadrature Outside of Beta Sphere
  ORQ = Multiple of Default for Radial Quadrature Outside of Beta Sphere
  IAQ = Multiple of Default for Angular Quadrature Inside of Beta Sphere
  IRQ = Multiple of Default for Radial Quadrature Inside of Beta Sphere
  MIR = Maximum Integration Radius
------------------------------------------------------------------------------------------------------
Atom A     Time(sec)   NProc      BIM          OAQ                     ORQ      IAQ      IRQ      MIR
------------------------------------------------------------------------------------------------------
C1             42        8     Proaim(5)    4500(GS4)                  1.00     1.00     1.00    13.00
C2             44        8     Proaim(5)    4500(GS4)                  1.00     1.00     1.00    13.00
C3             53        8     Proaim(5)    4500(GS4)                  1.00     1.00     1.00    13.00
O4             39        8     Proaim(5)    4500(GS4)                  1.00     1.00     1.00    13.00
O5             60        8     Proaim(5)    4500(GS4)                  1.00     1.00     1.00    13.00
C6             34        8     Proaim(5)    4500(GS4)                  1.00     1.00     1.00    13.00
O7             52        8     Proaim(5)    4500(GS4)                  1.00     1.00     1.00    13.00
C8             34        8     Proaim(5)    4500(GS4)                  1.00     1.00     1.00    13.00
C9             96        8     Proaim(5)    4500(GS4)                  1.00     1.00     1.00    13.00
C10            96        8     Proaim(5)    4500(GS4)                  1.00     1.00     1.00    13.00
O11            34        8     Proaim(5)    4500(GS4)                  1.00     1.00     1.00    13.00
C12            32        8     Proaim(5)    4500(GS4)                  1.00     1.00     1.00    13.00
C13           158        8    Promega(1)    4500(GS4)                  1.00     1.00     1.00    13.00
C14           557        8    Promega(5)    4500(GS4)                  1.00     1.00     1.00    13.00
N15            60        8     Proaim(5)    4500(GS4)                  1.00     1.00     1.00    13.00
C16            47        8     Proaim(5)    4500(GS4)                  1.00     1.00     1.00    13.00
C17            42        8     Proaim(5)    4500(GS4)                  1.00     1.00     1.00    13.00
H18            12        8     Proaim(5)    1800(GS4)                  1.00     1.00     1.00    13.00
H19             8        8     Proaim(5)    1800(GS4)                  1.00     1.00     1.00    13.00
H20            26        8     Proaim(5)    4500(GS4)                  1.00     1.00     1.00    13.00
H21            20        8     Proaim(5)    4500(GS4)                  1.00     1.00     1.00    13.00
H22             9        8     Proaim(5)    1800(GS4)                  1.00     1.00     1.00    13.00
H23            18        8     Proaim(5)    4500(GS4)                  1.00     1.00     1.00    13.00
H24            10        8     Proaim(5)    1800(GS4)                  1.00     1.00     1.00    13.00
H25            10        8     Proaim(5)    1800(GS4)                  1.00     1.00     1.00    13.00
H26             8        8     Proaim(5)    1800(GS4)                  1.00     1.00     1.00    13.00
H27            11        8     Proaim(5)    1800(GS4)                  1.00     1.00     1.00    13.00
H28            47        8     Proaim(5)    4500(GS4)                  1.00     1.00     1.00    13.00
H29            11        8     Proaim(5)    1800(GS4)                  1.00     1.00     1.00    13.00
H30            28        8     Proaim(5)    1800(GS4)                  1.00     1.00     1.00    13.00
H31            35        8     Proaim(5)    4500(GS4)                  1.00     1.00     1.00    13.00
H32             8        8     Proaim(5)    1800(GS4)                  1.00     1.00     1.00    13.00
H33            11        8     Proaim(5)    1800(GS4)                  1.00     1.00     1.00    13.00
H34            11        8     Proaim(5)    1800(GS4)                  1.00     1.00     1.00    13.00
H35            19        8     Proaim(5)    4500(GS4)                  1.00     1.00     1.00    13.00
H36             8        8     Proaim(5)    1800(GS4)                  1.00     1.00     1.00    13.00
H37             8        8     Proaim(5)    1800(GS4)                  1.00     1.00     1.00    13.00
H38            12        8     Proaim(5)    1800(GS4)                  1.00     1.00     1.00    13.00
H39            22        8     Proaim(5)    4500(GS4)                  1.00     1.00     1.00    13.00
H40             9        8     Proaim(5)    1800(GS4)                  1.00     1.00     1.00    13.00
H41            11        8     Proaim(5)    1800(GS4)                  1.00     1.00     1.00    13.00
H42             8        8     Proaim(5)    1800(GS4)                  1.00     1.00     1.00    13.00
------------------------------------------------------------------------------------------------------
Total        1860
Note:  Total wall clock time is less than total of atomic times if more than one atom
       was calculated at a time
 
Electron Density Critical Point Analysis of Molecular Structure:               
---------------------------------------------------------------                
  NACP = Nuclear Attractor Critical Point                                      
  NNACP = Non-Nuclear Attractor Critical Point                                 
  BCP = Bond Critical Point                                                    
  RCP = Ring Critical Point                                                    
  CCP = Cage Critical Point                                                    
  Rho = Electron Density                                                       
  GradRho = Gradient of Electron Density                                       
  HessRho_EigVals = Eigenvalues of the Hessian of Rho, Ascending Order         
  HessRho_EigVecs = Eigenvectors of the Hessian of Rho                         
  DelSqRho = Laplacian of Rho = Trace of Hessian of Rho                        
  Bond Ellipticity = (HessRho_EigVal(1) / HessRho_EigVal(2)) - 1               
  V = Virial Field = Potential Energy Density = Trace of Stress Tensor         
  G = Lagrangian Form of Kinetic Energy Density                                
  K = Hamiltonian Form of Kinetic Energy Density                               
  L = K - G = Lagrangian Density = (-1/4)DelSqRho                              
  Vnuc = Electrostatic Potential from Nuclei                                   
  Ven = Electron-nuclear attractive contribution to Virial Field V             
  Vrep = V - Ven = Repulsive contribution to Virial Field V                    
  DelSqV = Laplacian of V                                                      
  DelSqVen = Laplacian of Ven                                                  
  DelSqVrep = Laplacian of Vrep                                                
  DelSqG = Laplacian of G                                                      
  DelSqK = Laplacian of K                                                      
  Stress_EigVals = Eigenvalues of Stress Tensor, Ascending Order               
  Stress_EigVecs = Eigenvectors of Stress Tensor                               
  -DivStress = Ehrenfest Force Density = Minus Divergence of Stress Tensor     
  ESP = Total Electrostatic Potential                                          
  ESPe = Electrostatic Potential from Electrons                                
  ESPn = Electrostatic Potential from Nuclei                                   
  BP = Bond Path                                                               
  BPL = Bond Path Length                                                       
  GBL = Geometric Bond Length                                                  
  GBL_I = Distance Between Nuclear Attractors                                  
  GBL_II = Distance Between Nuclei                                             
  GBL_III = Sum of Distances Between BCP and Nuclear Attractors                
  GBL_IV = Sum of Distances Between BCP and Nuclei                             

CP# 1      Coords =  1.73998839597066E+00 -4.43845145343839E+00 -2.77232930427644E+00
           Type = (3,-3) NACP C1
           Rho =  1.1773052590E+02     Rho at Nucleus =  1.1773052585E+02
           GradRho =  1.1411760426E-10 -1.1166129132E-10  1.4980752749E-11
           HessRho_EigVals = -1.4507071529E+05 -1.4506897065E+05 -1.4506877564E+05
           HessRho_EigVec1 =  4.5219741959E-01  4.8995541666E-01  7.4529268305E-01
           HessRho_EigVec2 =  5.4995226454E-01  5.0469173816E-01 -6.6546131079E-01
           HessRho_EigVec3 =  7.0218943344E-01 -7.1079528636E-01  4.1231789231E-02
           DelSqRho = -4.3520846158E+05
           Bond Ellipticity = NA
           V = -1.0881226573E+05
           G =  5.0751688643E+00
           K =  1.0880719056E+05
           L =  1.0880211539E+05
           Vnuc =  7.0133252015E+06
           Ven = -8.2568246432E+08
           Vrep =  8.2557365205E+08
           DelSqV =  2.4963759058E+09
           DelSqVen =  3.0522583286E+12
           DelSqVrep = -3.0497618216E+12
           DelSqG =  1.3409162781E+08
           DelSqK = -2.6304675336E+09
           Stress_EigVals = -3.6271072122E+04 -3.6270965561E+04 -3.6270228049E+04
           Stress_EigVec1 =  7.2344878843E-01 -6.8993524483E-01  2.4722630608E-02
           Stress_EigVec2 =  5.2570395477E-01  5.2732096116E-01 -6.6750876838E-01
           Stress_EigVec3 =  4.4750106420E-01  4.9590519443E-01  7.4419139721E-01
           -DivStress = -6.1664289802E+02  3.1094103842E+02 -9.7656199793E+01
           ESP =  -1.4721537504E+01     ESP at Nucleus =  -1.4721537513E+01
           ESPe = -3.3233788740E+01     ESPe at Nucleus = -3.3233789933E+01
           ESPn =  1.8512251236E+01     ESPn at Nucleus =  1.8512252420E+01

CP# 2      Coords = -2.93793279838148E-01 -2.92339201011455E+00 -2.64522251177356E+00
           Type = (3,-3) NACP C2
           Rho =  1.1769571848E+02     Rho at Nucleus =  1.1769571841E+02
           GradRho =  1.0182793497E-10  1.4140508209E-10 -1.6236945122E-10
           HessRho_EigVals = -1.4502848194E+05 -1.4502766088E+05 -1.4502731931E+05
           HessRho_EigVec1 =  4.2918617611E-01  5.3826366778E-01  7.2530783132E-01
           HessRho_EigVec2 =  3.2882578364E-02  7.9318413745E-01 -6.0809346332E-01
           HessRho_EigVec3 =  9.0261728450E-01 -2.8483529984E-01 -3.2272416967E-01
           DelSqRho = -4.3508346213E+05
           Bond Ellipticity = NA
           V = -1.0878125071E+05
           G =  5.1925907582E+00
           K =  1.0877605812E+05
           L =  1.0877086553E+05
           Vnuc =  5.8512649984E+06
           Ven = -6.8866883802E+08
           Vrep =  6.8856005677E+08
           DelSqV =  2.4956660417E+09
           DelSqVen =  2.5457891983E+12
           DelSqVrep = -2.5432935569E+12
           DelSqG =  1.3405453285E+08
           DelSqK = -2.6297205746E+09
           Stress_EigVals = -3.6260679447E+04 -3.6260519726E+04 -3.6260051541E+04
           Stress_EigVec1 =  8.9238553192E-01 -3.4667922476E-01 -2.8889717469E-01
           Stress_EigVec2 =  1.0092273431E-01  7.7728351961E-01 -6.2100316573E-01
           Stress_EigVec3 =  4.3984390881E-01  5.2501794757E-01  7.2862438239E-01
           -DivStress = -3.7196298617E+02 -5.5336789227E+02  5.0319019913E+02
           ESP =  -1.4738044177E+01     ESP at Nucleus =  -1.4738044179E+01
           ESPe = -3.5774334117E+01     ESPe at Nucleus = -3.5774333375E+01
           ESPn =  2.1036289940E+01     ESPn at Nucleus =  2.1036289197E+01

CP# 3      Coords = -4.05199266586919E-01 -6.10994670052456E-01 -4.13478347648605E+00
           Type = (3,-3) NACP C3
           Rho =  1.1774403023E+02     Rho at Nucleus =  1.1774402963E+02
           GradRho = -4.1403249162E-09  3.0287632402E-09  7.8690559624E-10
           HessRho_EigVals = -1.4506756391E+05 -1.4506538601E+05 -1.4506495930E+05
           HessRho_EigVec1 =  4.1974069590E-01  5.1947677272E-01  7.4428598725E-01
           HessRho_EigVec2 =  8.0483561080E-01 -5.9210573216E-01 -4.0625626470E-02
           HessRho_EigVec3 = -4.1959193009E-01 -6.1608009588E-01  6.6662427773E-01
           DelSqRho = -4.3519790922E+05
           Bond Ellipticity = NA
           V = -1.0880928732E+05
           G =  4.9050087403E+00
           K =  1.0880438231E+05
           L =  1.0879947731E+05
           Vnuc =  2.0966447198E+06
           Ven = -2.4686739926E+08
           Vrep =  2.4675858998E+08
           DelSqV =  2.4962889334E+09
           DelSqVen =  9.1245542605E+11
           DelSqVrep = -9.0995913302E+11
           DelSqG =  1.3406773781E+08
           DelSqK = -2.6303566712E+09
           Stress_EigVals = -3.6270070768E+04 -3.6270061464E+04 -3.6269155091E+04
           Stress_EigVec1 =  5.6020372953E-01 -7.9483550794E-01  2.3325586113E-01
           Stress_EigVec2 =  7.1317419076E-01  3.1955183800E-01 -6.2391441438E-01
           Stress_EigVec3 =  4.2137199131E-01  5.1587124184E-01  7.4587030158E-01
           -DivStress =  1.8616496536E+03 -1.3481321308E+03 -3.7332366999E+02
           ESP =  -1.4655704061E+01     ESP at Nucleus =  -1.4655704086E+01
           ESPe = -3.6003844807E+01     ESPe at Nucleus = -3.6003841716E+01
           ESPn =  2.1348140746E+01     ESPn at Nucleus =  2.1348137630E+01

CP# 4      Coords = -2.19104647186054E+00  8.81311599371853E-01 -4.18057808566805E+00
           Type = (3,-3) NACP O4
           Rho =  2.9025730618E+02     Rho at Nucleus =  2.9025727900E+02
           GradRho = -1.3688161715E-11  5.1174620097E-12  2.7254420942E-10
           HessRho_EigVals = -6.4007745967E+05 -6.4007446134E+05 -6.4005576736E+05
           HessRho_EigVec1 = -3.9810433247E-01 -5.2623880033E-01 -7.5138915716E-01
           HessRho_EigVec2 =  7.9718937269E-01 -6.0372915940E-01  4.5404634376E-04
           HessRho_EigVec3 = -4.5387448104E-01 -5.9881869303E-01  6.5985917311E-01
           DelSqRho = -1.9202076884E+06
           Bond Ellipticity = NA
           V = -4.8014423885E+05
           G =  4.6158381255E+01
           K =  4.8009808047E+05
           L =  4.8005192209E+05
           Vnuc =  8.6804458988E+05
           Ven = -2.5195628431E+08
           Vrep =  2.5147614007E+08
           DelSqV =  1.9801389050E+10
           DelSqVen =  1.6668258949E+12
           DelSqVrep = -1.6470245059E+12
           DelSqG =  1.0589086657E+09
           DelSqK = -2.0860297716E+10
           Stress_EigVals = -1.6005141954E+05 -1.6004678672E+05 -1.6004603259E+05
           Stress_EigVec1 = -4.6051611697E-01 -5.9347625862E-01  6.6008396168E-01
           Stress_EigVec2 =  7.9194487097E-01 -6.1058233165E-01  3.5408511647E-03
           Stress_EigVec3 = -4.0093419330E-01 -5.2438072689E-01 -7.5118348352E-01
           -DivStress = -4.2907045015E+04  4.0832375750E+04 -4.6585918803E+03
           ESP =  -2.2316835708E+01     ESP at Nucleus =  -2.2316836727E+01
           ESPe = -4.1555562952E+01     ESPe at Nucleus = -4.1555549001E+01
           ESPn =  1.9238727244E+01     ESPn at Nucleus =  1.9238712274E+01

CP# 5      Coords = -6.10565632632850E+00  1.33725321920946E-01 -7.92447739723435E-01
           Type = (3,-3) NACP O5
           Rho =  2.8974990525E+02     Rho at Nucleus =  2.8974988030E+02
           GradRho = -1.1551781753E-10 -7.5042194680E-12 -1.5832779532E-11
           HessRho_EigVals = -6.3886952001E+05 -6.3885713715E+05 -6.3884412815E+05
           HessRho_EigVec1 =  9.0554916197E-01  3.8986804685E-01  1.6728305745E-01
           HessRho_EigVec2 = -1.7856542881E-01 -7.4128801168E-03  9.8390011528E-01
           HessRho_EigVec3 = -3.8483126549E-01  9.2084089573E-01 -6.2904227588E-02
           DelSqRho = -1.9165707853E+06
           Bond Ellipticity = NA
           V = -4.7923661301E+05
           G =  4.6958340185E+01
           K =  4.7918965467E+05
           L =  4.7914269633E+05
           Vnuc =  9.0531885386E+05
           Ven = -2.6231605212E+08
           Vrep =  2.6183681551E+08
           DelSqV =  1.9763916193E+10
           DelSqVen =  1.7351076659E+12
           DelSqVrep = -1.7153437497E+12
           DelSqG =  1.0567422619E+09
           DelSqK = -2.0820658455E+10
           Stress_EigVals = -1.5974863900E+05 -1.5974538862E+05 -1.5974258539E+05
           Stress_EigVec1 = -3.8607246351E-01  9.1949514615E-01 -7.4004926320E-02
           Stress_EigVec2 = -2.3513380421E-01 -2.0516326004E-02  9.7174645586E-01
           Stress_EigVec3 =  8.9199784026E-01  3.9256560798E-01  2.2412518019E-01
           -DivStress =  5.5730365402E+03  1.4754721005E+04  5.4644842508E+04
           ESP =  -2.2317957580E+01     ESP at Nucleus =  -2.2317958511E+01
           ESPe = -4.0927599315E+01     ESPe at Nucleus = -4.0927597118E+01
           ESPn =  1.8609641735E+01     ESPn at Nucleus =  1.8609638607E+01

CP# 6      Coords = -8.13073778254436E+00 -9.18262313477017E-01 -2.20587544848517E+00
           Type = (3,-3) NACP C6
           Rho =  1.1748115555E+02     Rho at Nucleus =  1.1748115368E+02
           GradRho = -2.9446667327E-11 -7.4163730712E-12 -2.2641832853E-11
           HessRho_EigVals = -1.4474638131E+05 -1.4474453852E+05 -1.4474446340E+05
           HessRho_EigVec1 =  7.7612728310E-01  3.8916219489E-01  4.9616451555E-01
           HessRho_EigVec2 =  4.5943394495E-01 -8.8793375084E-01 -2.2228457945E-02
           HessRho_EigVec3 = -4.3191074385E-01 -2.4520693340E-01  8.6794393204E-01
           DelSqRho = -4.3423538323E+05
           Bond Ellipticity = NA
           V = -1.0856907520E+05
           G =  5.1146954984E+00
           K =  1.0856396050E+05
           L =  1.0855884581E+05
           Vnuc =  1.1809086374E+06
           Ven = -1.3873451132E+08
           Vrep =  1.3862594225E+08
           DelSqV =  2.4908012218E+09
           DelSqVen =  5.1279231590E+11
           DelSqVrep = -5.1030151468E+11
           DelSqG =  1.3377517805E+08
           DelSqK = -2.6245763999E+09
           Stress_EigVals = -3.6189882821E+04 -3.6189855681E+04 -3.6189336696E+04
           Stress_EigVec1 = -4.4447863619E-01 -2.2581525110E-01  8.6685997390E-01
           Stress_EigVec2 = -4.5032714935E-01  8.9286203735E-01  1.6854717287E-03
           Stress_EigVec3 =  7.7436696762E-01  3.8962142475E-01  4.9854883897E-01
           -DivStress = -3.1706220082E+03 -1.5361988111E+03 -2.1250292617E+03
           ESP =  -1.4696591899E+01     ESP at Nucleus =  -1.4696592012E+01
           ESPe = -3.1403907377E+01     ESPe at Nucleus = -3.1403897617E+01
           ESPn =  1.6707315478E+01     ESPn at Nucleus =  1.6707305605E+01

CP# 7      Coords = -3.50791088974617E+00 -2.35549404081495E+00  3.02018332859689E+00
           Type = (3,-3) NACP O7
           Rho =  2.8984198232E+02     Rho at Nucleus =  2.8984195307E+02
           GradRho = -8.6306961578E-11  1.1429812652E-10 -4.8500092831E-12
           HessRho_EigVals = -6.3910323855E+05 -6.3909023220E+05 -6.3907719438E+05
           HessRho_EigVec1 = -2.2459336372E-01 -6.1788182820E-01  7.5351169026E-01
           HessRho_EigVec2 = -9.6755286338E-01  4.9545657011E-02 -2.4776336379E-01
           HessRho_EigVec3 = -1.1575524842E-01  7.8470840078E-01  6.0896095787E-01
           DelSqRho = -1.9172706651E+06
           Bond Ellipticity = NA
           V = -4.7941139484E+05
           G =  4.6864276995E+01
           K =  4.7936453056E+05
           L =  4.7931766628E+05
           Vnuc =  8.3619608649E+05
           Ven = -2.4236473132E+08
           Vrep =  2.4188531992E+08
           DelSqV =  1.9771155889E+10
           DelSqVen =  1.6032142290E+12
           DelSqVrep = -1.5834430731E+12
           DelSqG =  1.0571801725E+09
           DelSqK = -2.0828336062E+10
           Stress_EigVals = -1.5980697595E+05 -1.5980365774E+05 -1.5980076115E+05
           Stress_EigVec1 = -1.1463645259E-01  7.8482168542E-01  6.0902660519E-01
           Stress_EigVec2 =  9.5191658823E-01 -8.8545448371E-02  2.9328230876E-01
           Stress_EigVec3 =  2.8410084969E-01  6.1336337164E-01 -7.3693424506E-01
           -DivStress =  6.0935381350E+04  9.1102413037E+03 -1.5734276185E+03
           ESP =  -2.2337564310E+01     ESP at Nucleus =  -2.2337565387E+01
           ESPe = -4.0938295522E+01     ESPe at Nucleus = -4.0938295498E+01
           ESPn =  1.8600731212E+01     ESPn at Nucleus =  1.8600730111E+01

CP# 8      Coords = -5.06992589803485E+00 -3.82001847457152E+00  4.62377344334520E+00
           Type = (3,-3) NACP C8
           Rho =  1.1747732662E+02     Rho at Nucleus =  1.1747732502E+02
           GradRho = -5.0610737823E-11  1.2455869669E-11 -2.2771673436E-11
           HessRho_EigVals = -1.4474106255E+05 -1.4473939589E+05 -1.4473928894E+05
           HessRho_EigVec1 = -5.5630393817E-01 -5.5885521053E-01  6.1498518847E-01
           HessRho_EigVec2 = -6.9979999490E-02  7.6895108686E-01  6.3546599098E-01
           HessRho_EigVec3 =  8.2802700925E-01 -3.1047557018E-01  4.6687920523E-01
           DelSqRho = -4.3421974739E+05
           Bond Ellipticity = NA
           V = -1.0856515991E+05
           G =  5.1115323169E+00
           K =  1.0856004838E+05
           L =  1.0855493685E+05
           Vnuc =  1.2730596102E+06
           Ven = -1.4955563964E+08
           Vrep =  1.4944707448E+08
           DelSqV =  2.4907113515E+09
           DelSqVen =  5.5278762163E+11
           DelSqVrep = -5.5029691028E+11
           DelSqG =  1.3376985394E+08
           DelSqK = -2.6244812055E+09
           Stress_EigVals = -3.6188565638E+04 -3.6188528690E+04 -3.6188065582E+04
           Stress_EigVec1 =  8.2616550155E-01 -3.0513893896E-01  4.7364627305E-01
           Stress_EigVec2 = -7.7295901708E-02  7.7132066604E-01  6.3173552514E-01
           Stress_EigVec3 = -5.5810026664E-01 -5.5852901274E-01  6.1365253549E-01
           -DivStress = -2.0697482306E+03 -2.1174584483E+03  2.4093035362E+03
           ESP =  -1.4705877625E+01     ESP at Nucleus =  -1.4705877721E+01
           ESPe = -3.1277260436E+01     ESPe at Nucleus = -3.1277251342E+01
           ESPn =  1.6571382811E+01     ESPn at Nucleus =  1.6571373621E+01

CP# 9      Coords =  4.74894259922823E+00 -2.40912813773107E+00  1.88709865076955E+00
           Type = (3,-3) NACP C9
           Rho =  1.1759878424E+02     Rho at Nucleus =  1.1759878423E+02
           GradRho =  3.9908132354E-11  2.6897595262E-11 -5.9344890113E-13
           HessRho_EigVals = -1.4491206891E+05 -1.4491199825E+05 -1.4491188877E+05
           HessRho_EigVec1 = -1.9154938747E-01  9.1294084443E-01 -3.6034406714E-01
           HessRho_EigVec2 =  9.1543235911E-01  3.3774047776E-02 -4.0105225295E-01
           HessRho_EigVec3 =  3.5396670473E-01  4.0669193287E-01  8.4220498911E-01
           DelSqRho = -4.3473595593E+05
           Bond Ellipticity = NA
           V = -1.0869444133E+05
           G =  5.2261747765E+00
           K =  1.0868921516E+05
           L =  1.0868398898E+05
           Vnuc =  1.8283850241E+07
           Ven = -2.1501585595E+09
           Vrep =  2.1500498650E+09
           DelSqV =  2.4936866590E+09
           DelSqVen =  7.9486375690E+12
           DelSqVrep = -7.9461438824E+12
           DelSqG =  1.3395162158E+08
           DelSqK = -2.6276382806E+09
           Stress_EigVals = -3.6231596881E+04 -3.6231561601E+04 -3.6231282849E+04
           Stress_EigVec1 =  4.1044064629E-01  8.0478801846E-01 -4.2878283689E-01
           Stress_EigVec2 =  9.0012318061E-01 -4.3284828847E-01  4.9199785559E-02
           Stress_EigVec3 =  1.4600251914E-01  4.0615096272E-01  9.0206688216E-01
           -DivStress = -2.1708519324E+02  6.7909600721E+01 -1.4036538179E+02
           ESP =  -1.4780207460E+01     ESP at Nucleus =  -1.4780207461E+01
           ESPe = -3.4168102640E+01     ESPe at Nucleus = -3.4168103047E+01
           ESPn =  1.9387895180E+01     ESPn at Nucleus =  1.9387895585E+01

CP# 10     Coords =  5.21210663296961E+00 -1.19147661223704E-01  8.41404501579489E-01
           Type = (3,-3) NACP C10
           Rho =  1.1762752801E+02     Rho at Nucleus =  1.1762752515E+02
           GradRho =  3.3993641235E-11 -4.9693582582E-13  3.1102342923E-12
           HessRho_EigVals = -1.4491915629E+05 -1.4491873251E+05 -1.4491727472E+05
           HessRho_EigVec1 =  9.6110145840E-01  1.8669694832E-01 -2.0353927424E-01
           HessRho_EigVec2 =  1.1991873347E-01  3.8178162562E-01  9.1644000769E-01
           HessRho_EigVec3 = -2.4880410775E-01  9.0519999990E-01 -3.4454241559E-01
           DelSqRho = -4.3475516352E+05
           Bond Ellipticity = NA
           V = -1.0869874068E+05
           G =  4.9748987505E+00
           K =  1.0869376578E+05
           L =  1.0868879088E+05
           Vnuc =  9.5438688799E+05
           Ven = -1.1226217040E+08
           Vrep =  1.1215347166E+08
           DelSqV =  2.4937568412E+09
           DelSqVen =  4.1492462899E+11
           DelSqVrep = -4.1243087215E+11
           DelSqG =  1.3392754126E+08
           DelSqK = -2.6276843824E+09
           Stress_EigVals = -3.6233351836E+04 -3.6232740813E+04 -3.6232648028E+04
           Stress_EigVec1 = -2.1777907623E-01  9.1396274730E-01 -3.4240965305E-01
           Stress_EigVec2 = -9.2909207915E-01 -8.6682345829E-02  3.5954704751E-01
           Stress_EigVec3 =  2.9893173537E-01  3.9643192035E-01  8.6803315036E-01
           -DivStress = -4.1323548082E+03 -2.2052399499E+03  2.0002535366E+03
           ESP =  -1.4696051409E+01     ESP at Nucleus =  -1.4696051621E+01
           ESPe = -3.6539447174E+01     ESPe at Nucleus = -3.6539448599E+01
           ESPn =  2.1843395765E+01     ESPn at Nucleus =  2.1843396978E+01

CP# 11     Coords =  7.55559264270900E+00  6.27991874949657E-01 -6.71140659372560E-03
           Type = (3,-3) NACP O11
           Rho =  2.8990835316E+02     Rho at Nucleus =  2.8990832127E+02
           GradRho =  2.4714852387E-10 -2.1026291819E-11  1.3500311979E-13
           HessRho_EigVals = -6.3925026807E+05 -6.3923401902E+05 -6.3922463101E+05
           HessRho_EigVec1 =  9.6723725954E-01 -2.1377587204E-01 -1.3693779717E-01
           HessRho_EigVec2 =  1.3972414610E-01  8.9860690259E-01 -4.1591200705E-01
           HessRho_EigVec3 =  2.1196520176E-01  3.8315207313E-01  8.9903572904E-01
           DelSqRho = -1.9177089181E+06
           Bond Ellipticity = NA
           V = -4.7952118357E+05
           G =  4.6977022158E+01
           K =  4.7947420655E+05
           L =  4.7942722953E+05
           Vnuc =  8.0090781868E+05
           Ven = -2.3218986675E+08
           Vrep =  2.3171034557E+08
           DelSqV =  1.9775650583E+10
           DelSqVen =  1.5359080681E+12
           DelSqVrep = -1.5161324170E+12
           DelSqG =  1.0574220331E+09
           DelSqK = -2.0833072616E+10
           Stress_EigVals = -1.5984326682E+05 -1.5984071570E+05 -1.5983720105E+05
           Stress_EigVec1 =  2.1199947285E-01  3.8118798800E-01  8.9986217907E-01
           Stress_EigVec2 =  1.4697110624E-01  8.9788376144E-01 -4.1497499307E-01
           Stress_EigVec3 =  9.6615512080E-01 -2.2022821970E-01 -1.3432726382E-01
           -DivStress =  6.1830351855E+03  5.8798468553E+04 -2.5241818761E+04
           ESP =  -2.2300797505E+01     ESP at Nucleus =  -2.2300798662E+01
           ESPe = -4.0290818973E+01     ESPe at Nucleus = -4.0290807369E+01
           ESPn =  1.7990021469E+01     ESPn at Nucleus =  1.7990008707E+01

CP# 12     Coords =  9.58252462678133E+00 -1.09697410004295E+00  2.33312346192602E-01
           Type = (3,-3) NACP C12
           Rho =  1.1750073996E+02     Rho at Nucleus =  1.1750073776E+02
           GradRho = -1.0870165879E-10 -3.5604297288E-12  4.9128756618E-13
           HessRho_EigVals = -1.4477250754E+05 -1.4477059156E+05 -1.4477049752E+05
           HessRho_EigVec1 =  7.9088841380E-01 -6.0865861035E-01  6.3483958250E-02
           HessRho_EigVec2 =  2.3934520837E-01  4.0313236934E-01  8.8328826779E-01
           HessRho_EigVec3 =  5.6321344812E-01  6.8338787583E-01 -4.6451224206E-01
           DelSqRho = -4.3431359662E+05
           Bond Ellipticity = NA
           V = -1.0858870858E+05
           G =  5.1547114135E+00
           K =  1.0858355387E+05
           L =  1.0857839915E+05
           Vnuc =  1.0887530116E+06
           Ven = -1.2792928449E+08
           Vrep =  1.2782069578E+08
           DelSqV =  2.4912510575E+09
           DelSqVen =  4.7286023834E+11
           DelSqVrep = -4.7036898728E+11
           DelSqG =  1.3380111207E+08
           DelSqK = -2.6250521696E+09
           Stress_EigVals = -3.6196440523E+04 -3.6196408332E+04 -3.6195859723E+04
           Stress_EigVec1 =  5.7048194637E-01  6.7868937073E-01 -4.6252684996E-01
           Stress_EigVec2 =  2.4000242146E-01  4.0081917846E-01  8.8416221581E-01
           Stress_EigVec3 =  7.8546112988E-01 -6.1540614576E-01  6.5773012677E-02
