AIMSum (Version 19.02.13, Professional)
Copyright (c) 1997-2019 by Todd A. Keith
AIMSum is a component of the AIMAll package ( http://aim.tkgristmill.com )

TP:  64-bit Linux

Much of the Quantum Theory of Atoms in Molecules (QTAIM) is described in the book:
  "Atoms in Molecules - A Quantum Theory"
  R.F.W. Bader, Oxford University Press, Oxford, 1990

For additional references see:  http://aim.tkgristmill.com/references.html

Wfn File:  /home/mhennefarth/Documents/ML_Diels/summary-gordillo2007/4-opt/4-opt.wfn
Sum File:  /home/mhennefarth/Documents/ML_Diels/summary-gordillo2007/4-opt/4-opt.sum

SumViz File:  /home/mhennefarth/Documents/ML_Diels/summary-gordillo2007/4-opt/4-opt.sumviz

Wfn Title:   Title Card Required                                                           
 
Total memory allocated for AIMSum =        2.520 Megabytes

Atomic units (a.u.) used throughout, except where stated otherwise

Model:  Restricted SCF
 
Restricted, closed-shell, single-determinant wavefunction.
  Number of electrons (from MO Occs)                   =         136.0000000000
  Number of Alpha electrons (from MO Occs)             =          68.0000000000
  Number of Beta electrons (from MO Occs)              =          68.0000000000
  Number of electron pairs (N*(N-1)/2)                 =        9180.0000000000
  Number of electron pairs (from Muller 2EDM)          =        9180.0000000000
 
Nuclear Charges and Cartesian Coordinates:
-------------------------------------------------------------------------------
Atom      Charge                X                  Y                  Z
-------------------------------------------------------------------------------
C1         6.0           3.2248881700E+00   4.3953128300E+00   2.1332771700E+00
C2         6.0           7.3574054000E-01   4.0892891200E+00   1.7397543900E+00
C3         6.0          -5.5165489000E-01   1.8351198600E+00   2.6495583600E+00
O4         8.0          -2.8197245900E+00   1.4049055100E+00   2.2897059400E+00
O5         8.0          -5.0149573000E+00  -3.4985973000E+00   2.4183565500E+00
C6         6.0          -7.0232542000E+00  -3.6355198600E+00   4.1775128000E+00
O7         8.0          -4.2328694100E+00   4.5229436200E+00  -1.8822789300E+00
C8         6.0          -6.6750457400E+00   5.6171704800E+00  -1.9724171200E+00
C9         6.0           1.0737339900E+00  -1.4397809400E+00  -2.3423119800E+00
N10        7.0          -9.6802273000E-01  -2.8994738500E+00  -2.8934873500E+00
C11        6.0          -3.3636269600E+00  -1.7700796000E+00  -3.6577117100E+00
C12        6.0           3.1655459100E+00  -2.1389130900E+00  -1.0038349700E+00
C13        6.0           5.4296330000E+00  -5.9789851000E-01  -7.7930796000E-01
O14        8.0           6.7496027800E+00  -1.2776718200E+00   1.3660630200E+00
C15        6.0           9.2274371300E+00  -3.0764076000E-01   1.6696324200E+00
C16        6.0           6.1969463900E+00   1.2499703100E+00  -2.3717669400E+00
C17        6.0          -1.0771691100E+00  -5.5253834400E+00  -2.0917388900E+00
H18        1.0           3.2292011000E+00  -3.9354203200E+00  -1.7360030000E-02
H19        1.0          -4.0355305800E+00  -2.6330631700E+00  -5.4221099300E+00
H20        1.0          -4.7964273300E+00  -2.0703987000E+00  -2.1894712600E+00
H21        1.0          -3.1430671800E+00   2.6350447000E-01  -3.9367383700E+00
H22        1.0           7.6929550000E-01  -6.4155431900E+00  -2.3637385300E+00
H23        1.0          -1.6613499400E+00  -5.7038917200E+00  -1.0869817000E-01
H24        1.0          -2.4629136600E+00  -6.5195126100E+00  -3.2624697900E+00
H25        1.0           9.2185833400E+00   1.7380051000E+00   2.0274437500E+00
H26        1.0           1.0027454670E+01  -1.2744503300E+00   3.3087404700E+00
H27        1.0           1.0390751760E+01  -6.8300412000E-01  -6.1527700000E-03
H28        1.0           9.6764082000E-01   4.5992937000E-01  -3.1229583600E+00
H29        1.0           7.8499003000E+00   2.4061618000E+00  -2.0320140800E+00
H30        1.0           5.1671345100E+00   1.5915960200E+00  -4.1062947400E+00
H31        1.0          -3.9350633000E-01   5.4347743900E+00   6.7401267000E-01
H32        1.0           4.2338395900E+00   6.0473975700E+00   1.4559713500E+00
H33        1.0           4.3230198100E+00   2.9868046300E+00   3.1475998900E+00
H34        1.0           6.0116135000E-01   4.7970009000E-01   3.7370559400E+00
H35        1.0          -4.1352377200E+00   3.4295072900E+00  -3.9617292000E-01
H36        1.0          -6.7267056800E+00   6.8741085700E+00  -3.6134797800E+00
H37        1.0          -8.1776215900E+00   4.1961592800E+00  -2.2018140500E+00
H38        1.0          -7.1049034900E+00   6.7490520800E+00  -2.7975894000E-01
H39        1.0          -4.2345587800E+00  -1.8310498900E+00   2.5670803000E+00
H40        1.0          -8.4720790100E+00  -2.1755686000E+00   3.8560441800E+00
H41        1.0          -7.9202444900E+00  -5.4855151300E+00   3.9517682900E+00
H42        1.0          -6.3731350900E+00  -3.4754843700E+00   6.1492802400E+00
 
Some Atomic Properties:
----------------------
  q(A) = Net Charge of Atom A
  L(A) = Lagrangian of Atom A = -(1/4) Times Atomic Integral of the Laplacian of the Electron Density
  K(A) = Electronic Kinetic Energy of Atom A (Hamiltonian Form)
  K_Scaled(A) = K(A) * E(Mol)/K(Mol) = Approximation to Virial-Based Total Energy of Atom A.
  |Mu_Intra(A)| = Magnitude of Intraatomic Dipole Moment of Atom A
--------------------------------------------------------------------------------------------------
Atom A          q(A)              L(A)              K(A)          K_Scaled(A)      |Mu_Intra(A)|
--------------------------------------------------------------------------------------------------
C1       -6.5680861100E-02 -9.2812951810E-05  3.7712946816E+01 -3.8069019638E+01  9.4765860018E-02
C2       -3.0604353400E-02 -1.1989007903E-04  3.7743713798E+01 -3.8100077111E+01  1.6395442376E-01
C3        9.4856552980E-01 -3.0056265040E-04  3.7079915174E+01 -3.7430011126E+01  8.9731322820E-01
O4       -1.1735343163E+00  2.0339519123E-05  7.5256433472E+01 -7.5966979129E+01  4.8800592202E-01
O5       -1.1382826564E+00 -2.4226705342E-05  7.5135364441E+01 -7.5844767006E+01  1.3472787710E-01
C6        5.0261771620E-01 -5.1640164193E-05  3.7361502171E+01 -3.7714256771E+01  6.1491892028E-01
O7       -1.1363551852E+00  6.8998687500E-06  7.5132530840E+01 -7.5841906651E+01  1.5040051778E-01
C8        4.9681275420E-01  4.0992288036E-04  3.7365476086E+01 -3.7718268207E+01  6.1403527003E-01
C9        4.6616942950E-01 -1.4992753594E-04  3.7423200316E+01 -3.7776537449E+01  7.0229586240E-01
N10      -1.1951879399E+00 -1.6146478023E-04  5.4905968303E+01 -5.5424371787E+01  2.2900225754E-01
C11       3.0809812550E-01 -1.6377738101E-04  3.7512113765E+01 -3.7866290389E+01  5.2779356379E-01
C12      -5.5441356100E-02  1.3217367342E-04  3.7711585580E+01 -3.8067645549E+01  1.6409632492E-01
C13       4.8127512590E-01 -3.4938526105E-04  3.7402670983E+01 -3.7755814286E+01  7.1055888169E-01
O14      -1.1046316955E+00  9.3164444736E-05  7.5227992283E+01 -7.5938269408E+01  1.6355183494E-01
C15       4.6871854550E-01  8.9758928618E-05  3.7403301212E+01 -3.7756450465E+01  6.3063989294E-01
C16      -1.2819271330E-01 -1.2561350011E-04  3.7701462217E+01 -3.8057426605E+01  2.2102272149E-01
C17       3.1489791360E-01 -1.3346447999E-04  3.7510380515E+01 -3.7864540774E+01  5.3390648435E-01
H18       4.3697458380E-02  6.5237893260E-05  5.9808475754E-01 -6.0373167047E-01  1.4977933145E-01
H19       1.1975124120E-02  2.7463525906E-05  6.1023588218E-01 -6.1599752190E-01  1.5806861681E-01
H20       5.7161035720E-02  2.8030625717E-05  5.9540644903E-01 -6.0102807429E-01  1.3779176759E-01
H21       6.5592145310E-02  2.4226298436E-05  5.9119082555E-01 -5.9677264832E-01  1.3151709158E-01
H22       3.0052045260E-02 -2.5648762099E-06  6.0461677858E-01 -6.1032536463E-01  1.5217288735E-01
H23       6.6527358680E-02  3.6580665138E-05  5.8960396452E-01 -5.9517080469E-01  1.3792887416E-01
H24       2.5093809620E-02  2.9573238371E-05  6.0609288133E-01 -6.1181540425E-01  1.5214053586E-01
H25       1.2750859580E-02  3.8129025438E-05  6.1256197224E-01 -6.1834557411E-01  1.5874218791E-01
H26       3.8306020650E-02  2.6854009010E-05  6.0428743114E-01 -6.0999290761E-01  1.4739438780E-01
H27       3.3622220700E-02  3.0100642342E-05  6.0281004424E-01 -6.0850157172E-01  1.5742704323E-01
H28       5.7567829540E-02  2.4982885101E-05  5.9697198492E-01 -6.0260839143E-01  1.4551034130E-01
H29       2.8127584300E-02  3.4888767924E-05  6.0103103130E-01 -6.0670576195E-01  1.4951225156E-01
H30       3.9330910150E-02  1.6913974315E-05  5.9529611170E-01 -6.0091669519E-01  1.5034856752E-01
H31       1.0085748456E-01  4.0292555934E-05  5.7443523517E-01 -5.7985885736E-01  1.3217785074E-01
H32       7.0526745530E-02  1.9420227325E-05  5.8460940497E-01 -5.9012908821E-01  1.4237623377E-01
H33       7.8690974420E-02  5.5902238801E-05  5.8253312068E-01 -5.8803320034E-01  1.3519490007E-01
H34       6.0968832760E-02  3.0475030351E-05  5.9258899700E-01 -5.9818402083E-01  1.5349026492E-01
H35       5.8234004657E-01  3.3170632442E-05  3.5449238274E-01 -3.5783937929E-01  1.4674547096E-01
H36       2.4029015130E-02  2.5619983577E-05  6.0985764442E-01 -6.1561571295E-01  1.5050433028E-01
H37       3.8181499200E-03  2.5098146927E-05  6.1538252605E-01 -6.2119275863E-01  1.5991414046E-01
H38       2.2888978300E-03  2.5137172501E-05  6.1577690021E-01 -6.2159085634E-01  1.6015776213E-01
H39       5.8653924661E-01  5.2030450157E-05  3.5305023570E-01 -3.5638361599E-01  1.4217947650E-01
H40       4.1075796000E-04  1.8467287328E-05  6.1643758748E-01 -6.2225778159E-01  1.6108534356E-01
H41       2.1098246320E-02  2.9205384239E-05  6.1097882117E-01 -6.1674747547E-01  1.5111827837E-01
H42      -7.8560630000E-04  2.4814838728E-05  6.1687932164E-01 -6.2270368645E-01  1.6159175914E-01
--------------------------------------------------------------------------------------------------
Total    -1.6874368000E-04 -1.6045555104E-04  8.2012177026E+02 -8.2786508118E+02
 
1st Largest |L(A)| = 4.0992288036E-04, atom C8      
2nd Largest |L(A)| = 3.4938526105E-04, atom C13     
 
Molecular charge q(Mol) from the wfn file:   0.0000000000E+00
Molecular energy E(Mol) from the wfn file:  -8.2786516253E+02
Molecular virial ratio (-V(Mol)/T(Mol)) from the wfn file:   2.0094416600E+00
Note.  K_Scaled(A) = (1+V(Mol)/T(Mol))*K(A) = (E(Mol)/T(Mol))*K(A)
       Only use K_Scaled(A) data with caution.
 
N_AIMInt(SumA)     =        136.000169
N_Analytic(Mol)    =        135.999977
 
G_AIMInt(SumA)     =        820.121931
G_Analytic(Mol)    =        820.121793
 
K_AIMInt(SumA)     =        820.121770
K_Analytic(Mol)    =        820.121793
 
L_AIMInt(SumA)     =         -0.000160
L_Analytic(Mol)    =          0.000000
 
VenT_AIMInt(SumA)  =      -4515.659603
VenT_Analytic(Mol) =      -4515.651965
 
Some Information About the Atomic Calculations:
----------------------------------------------
  Time(sec) = "Elapsed User Time", in Seconds, for Atom A by AIMInt and, if used, by TWOe
  NProc = Number of Processors Used for AIMInt Job
  BIM = Basin Integration Method
  OAQ = Angular Quadrature Outside of Beta Sphere
  ORQ = Multiple of Default for Radial Quadrature Outside of Beta Sphere
  IAQ = Multiple of Default for Angular Quadrature Inside of Beta Sphere
  IRQ = Multiple of Default for Radial Quadrature Inside of Beta Sphere
  MIR = Maximum Integration Radius
------------------------------------------------------------------------------------------------------
Atom A     Time(sec)   NProc      BIM          OAQ                     ORQ      IAQ      IRQ      MIR
------------------------------------------------------------------------------------------------------
C1            364        8     Proaim(5)    4500(GS4)                  1.00     1.00     1.00    13.00
C2             34        8     Proaim(5)    4500(GS4)                  1.00     1.00     1.00    13.00
C3             57        8     Proaim(5)    4500(GS4)                  1.00     1.00     1.00    13.00
O4             47        8     Proaim(5)    4500(GS4)                  1.00     1.00     1.00    13.00
O5             40        8     Proaim(5)    4500(GS4)                  1.00     1.00     1.00    13.00
C6             35        8     Proaim(5)    4500(GS4)                  1.00     1.00     1.00    13.00
O7             45        8     Proaim(5)    4500(GS4)                  1.00     1.00     1.00    13.00
C8             38        8     Proaim(5)    4500(GS4)                  1.00     1.00     1.00    13.00
C9             92        8     Proaim(5)    4500(GS4)                  1.00     1.00     1.00    13.00
N10            56        8     Proaim(5)    4500(GS4)                  1.00     1.00     1.00    13.00
C11            49        8     Proaim(5)    4500(GS4)                  1.00     1.00     1.00    13.00
C12            60        8     Proaim(5)    4500(GS4)                  1.00     1.00     1.00    13.00
C13           163        8     Proaim(5)    4500(GS4)                  1.00     1.00     1.00    13.00
O14            71        8     Proaim(5)    4500(GS4)                  1.00     1.00     1.00    13.00
C15            34        8     Proaim(5)    4500(GS4)                  1.00     1.00     1.00    13.00
C16           174        8     Proaim(5)    4500(GS4)                  1.00     1.00     1.00    13.00
C17            44        8     Proaim(5)    4500(GS4)                  1.00     1.00     1.00    13.00
H18            13        8     Proaim(5)    1800(GS4)                  1.00     1.00     1.00    13.00
H19             8        8     Proaim(5)    1800(GS4)                  1.00     1.00     1.00    13.00
H20            21        8     Proaim(5)    4500(GS4)                  1.00     1.00     1.00    13.00
H21            21        8     Proaim(5)    4500(GS4)                  1.00     1.00     1.00    13.00
H22            11        8     Proaim(5)    1800(GS4)                  1.00     1.00     1.00    13.00
H23            16        8     Proaim(5)    4500(GS4)                  1.00     1.00     1.00    13.00
H24             9        8     Proaim(5)    1800(GS4)                  1.00     1.00     1.00    13.00
H25            12        8     Proaim(5)    1800(GS4)                  1.00     1.00     1.00    13.00
H26             7        8     Proaim(5)    1800(GS4)                  1.00     1.00     1.00    13.00
H27             8        8     Proaim(5)    1800(GS4)                  1.00     1.00     1.00    13.00
H28            14        8     Proaim(5)    1800(GS4)                  1.00     1.00     1.00    13.00
H29            10        8     Proaim(5)    1800(GS4)                  1.00     1.00     1.00    13.00
H30            12        8     Proaim(5)    1800(GS4)                  1.00     1.00     1.00    13.00
H31            16        8     Proaim(5)    4500(GS4)                  1.00     1.00     1.00    13.00
H32             8        8     Proaim(5)    1800(GS4)                  1.00     1.00     1.00    13.00
H33            49        8     Proaim(5)    1800(GS4)                  1.00     1.00     1.00    13.00
H34            12        8     Proaim(5)    1800(GS4)                  1.00     1.00     1.00    13.00
H35            25        8     Proaim(5)    4500(GS4)                  1.00     1.00     1.00    13.00
H36             7        8     Proaim(5)    1800(GS4)                  1.00     1.00     1.00    13.00
H37            13        8     Proaim(5)    1800(GS4)                  1.00     1.00     1.00    13.00
H38             7        8     Proaim(5)    1800(GS4)                  1.00     1.00     1.00    13.00
H39            24        8     Proaim(5)    4500(GS4)                  1.00     1.00     1.00    13.00
H40            12        8     Proaim(5)    1800(GS4)                  1.00     1.00     1.00    13.00
H41             7        8     Proaim(5)    1800(GS4)                  1.00     1.00     1.00    13.00
H42             7        8     Proaim(5)    1800(GS4)                  1.00     1.00     1.00    13.00
------------------------------------------------------------------------------------------------------
Total        1752
Note:  Total wall clock time is less than total of atomic times if more than one atom
       was calculated at a time
 
Electron Density Critical Point Analysis of Molecular Structure:               
---------------------------------------------------------------                
  NACP = Nuclear Attractor Critical Point                                      
  NNACP = Non-Nuclear Attractor Critical Point                                 
  BCP = Bond Critical Point                                                    
  RCP = Ring Critical Point                                                    
  CCP = Cage Critical Point                                                    
  Rho = Electron Density                                                       
  GradRho = Gradient of Electron Density                                       
  HessRho_EigVals = Eigenvalues of the Hessian of Rho, Ascending Order         
  HessRho_EigVecs = Eigenvectors of the Hessian of Rho                         
  DelSqRho = Laplacian of Rho = Trace of Hessian of Rho                        
  Bond Ellipticity = (HessRho_EigVal(1) / HessRho_EigVal(2)) - 1               
  V = Virial Field = Potential Energy Density = Trace of Stress Tensor         
  G = Lagrangian Form of Kinetic Energy Density                                
  K = Hamiltonian Form of Kinetic Energy Density                               
  L = K - G = Lagrangian Density = (-1/4)DelSqRho                              
  Vnuc = Electrostatic Potential from Nuclei                                   
  Ven = Electron-nuclear attractive contribution to Virial Field V             
  Vrep = V - Ven = Repulsive contribution to Virial Field V                    
  DelSqV = Laplacian of V                                                      
  DelSqVen = Laplacian of Ven                                                  
  DelSqVrep = Laplacian of Vrep                                                
  DelSqG = Laplacian of G                                                      
  DelSqK = Laplacian of K                                                      
  Stress_EigVals = Eigenvalues of Stress Tensor, Ascending Order               
  Stress_EigVecs = Eigenvectors of Stress Tensor                               
  -DivStress = Ehrenfest Force Density = Minus Divergence of Stress Tensor     
  ESP = Total Electrostatic Potential                                          
  ESPe = Electrostatic Potential from Electrons                                
  ESPn = Electrostatic Potential from Nuclei                                   
  BP = Bond Path                                                               
  BPL = Bond Path Length                                                       
  GBL = Geometric Bond Length                                                  
  GBL_I = Distance Between Nuclear Attractors                                  
  GBL_II = Distance Between Nuclei                                             
  GBL_III = Sum of Distances Between BCP and Nuclear Attractors                
  GBL_IV = Sum of Distances Between BCP and Nuclei                             

CP# 1      Coords =  3.22488883817330E+00  4.39531299461526E+00  2.13327702098426E+00
           Type = (3,-3) NACP C1
           Rho =  1.1773637008E+02     Rho at Nucleus =  1.1773637005E+02
           GradRho =  5.6963989081E-11  7.9243500650E-11 -1.3132578358E-11
           HessRho_EigVals = -1.4507812831E+05 -1.4507618945E+05 -1.4507605016E+05
           HessRho_EigVec1 = -2.0578240233E-01  4.6533653595E-01  8.6088066025E-01
           HessRho_EigVec2 = -5.2029886068E-02  8.7326151928E-01 -4.8446590168E-01
           HessRho_EigVec3 =  9.7721363777E-01  1.4448607977E-01  1.5549044635E-01
           DelSqRho = -4.3523036792E+05
           Bond Ellipticity = NA
           V = -1.0881774110E+05
           G =  5.0745614474E+00
           K =  1.0881266654E+05
           L =  1.0880759198E+05
           Vnuc =  8.5215126327E+06
           Ven = -1.0032919650E+09
           Vrep =  1.0031831473E+09
           DelSqV =  2.4965011195E+09
           DelSqVen =  3.7088237978E+12
           DelSqVrep = -3.7063272966E+12
           DelSqG =  1.3409850128E+08
           DelSqK = -2.6305996207E+09
           Stress_EigVals = -3.6272901742E+04 -3.6272813264E+04 -3.6272026096E+04
           Stress_EigVec1 =  9.7500830199E-01  1.7615826403E-01  1.3537753533E-01
           Stress_EigVec2 = -8.8180685232E-02  8.6613916709E-01 -4.9196250872E-01
           Stress_EigVec3 = -2.0391904720E-01  4.6772984644E-01  8.6002663502E-01
           -DivStress = -5.4439637254E+02 -1.3387952312E+02  1.2382843804E+02
           ESP =  -1.4709839850E+01     ESP at Nucleus =  -1.4709839857E+01
           ESPe = -3.3105554225E+01     ESPe at Nucleus = -3.3105555131E+01
           ESPn =  1.8395714375E+01     ESPn at Nucleus =  1.8395715274E+01

CP# 2      Coords =  7.35740581138298E-01  4.08928802483371E+00  1.73975493644727E+00
           Type = (3,-3) NACP C2
           Rho =  1.1769377750E+02     Rho at Nucleus =  1.1769377739E+02
           GradRho =  1.4520606939E-11 -3.6079084165E-10  1.8256518519E-10
           HessRho_EigVals = -1.4502564632E+05 -1.4502483069E+05 -1.4502443081E+05
           HessRho_EigVec1 = -1.8543541566E-01  4.8947140754E-01  8.5207479004E-01
           HessRho_EigVec2 =  4.0599999245E-01  8.2780508796E-01 -3.8717275534E-01
           HessRho_EigVec3 =  8.9486184003E-01 -2.7414681750E-01  3.5222976834E-01
           DelSqRho = -4.3507490782E+05
           Bond Ellipticity = NA
           V = -1.0877911500E+05
           G =  5.1940231287E+00
           K =  1.0877392098E+05
           L =  1.0876872696E+05
           Vnuc =  4.8995123422E+06
           Ven = -5.7664211545E+08
           Vrep =  5.7653333633E+08
           DelSqV =  2.4956167493E+09
           DelSqVen =  2.1316549345E+12
           DelSqVrep = -2.1291593505E+12
           DelSqG =  1.3405143387E+08
           DelSqK = -2.6296681831E+09
           Stress_EigVals = -3.6259979979E+04 -3.6259799005E+04 -3.6259336018E+04
           Stress_EigVec1 =  9.2323541455E-01 -2.0010393194E-01  3.2801644127E-01
           Stress_EigVec2 =  3.2938411286E-01  8.5173927613E-01 -4.0748780558E-01
           Stress_EigVec3 = -1.9784457413E-01  4.8425057762E-01  8.5226691979E-01
           -DivStress = -3.7791081158E+01  8.9268049901E+02 -4.4274046673E+02
           ESP =  -1.4726207918E+01     ESP at Nucleus =  -1.4726207921E+01
           ESPe = -3.5017462324E+01     ESPe at Nucleus = -3.5017460839E+01
           ESPn =  2.0291254406E+01     ESPn at Nucleus =  2.0291252918E+01

CP# 3      Coords = -5.51658072494965E-01  1.83511968615880E+00  2.64955735454633E+00
           Type = (3,-3) NACP C3
           Rho =  1.1775095851E+02     Rho at Nucleus =  1.1775095770E+02
           GradRho = -7.8863419128E-09 -4.7199621989E-10 -2.4916943231E-09
           HessRho_EigVals = -1.4507558407E+05 -1.4507328846E+05 -1.4507273923E+05
           HessRho_EigVec1 = -2.3424400134E-01  4.8555719150E-01  8.4223747341E-01
           HessRho_EigVec2 = -9.6882204077E-01 -1.8851070610E-01 -1.6077178547E-01
           HessRho_EigVec3 = -8.0706884190E-02  8.5363805414E-01 -5.1457601127E-01
           DelSqRho = -4.3522161176E+05
           Bond Ellipticity = NA
           V = -1.0881520625E+05
           G =  4.9016548184E+00
           K =  1.0881030459E+05
           L =  1.0880540294E+05
           Vnuc =  1.7953162482E+06
           Ven = -2.1140020905E+08
           Vrep =  2.1129139385E+08
           DelSqV =  2.4964234796E+09
           DelSqVen =  7.8136043520E+11
           DelSqVrep = -7.7886400558E+11
           DelSqG =  1.3407435896E+08
           DelSqK = -2.6304978386E+09
           Stress_EigVals = -3.6272076429E+04 -3.6272030103E+04 -3.6271099717E+04
           Stress_EigVec1 = -2.6803295179E-01  8.0063849385E-01 -5.3585104174E-01
           Stress_EigVec2 = -9.3411208409E-01 -3.5209716543E-01 -5.8840466031E-02
           Stress_EigVec3 = -2.3578157499E-01  4.8477374957E-01  8.4225973466E-01
           -DivStress =  2.5882755828E+03  1.3757631048E+02  8.2085015421E+02
           ESP =  -1.4641259359E+01     ESP at Nucleus =  -1.4641259395E+01
           ESPe = -3.6369691180E+01     ESPe at Nucleus = -3.6369687862E+01
           ESPn =  2.1728431822E+01     ESPn at Nucleus =  2.1728428467E+01

CP# 4      Coords = -2.81971592235646E+00  1.40490694671357E+00  2.28970740763482E+00
           Type = (3,-3) NACP O4
           Rho =  2.9020786151E+02     Rho at Nucleus =  2.9020783612E+02
           GradRho =  1.2274620209E-10 -9.4790841842E-13 -1.2522119452E-10
           HessRho_EigVals = -6.3995750845E+05 -6.3995545801E+05 -6.3993703300E+05
           HessRho_EigVec1 = -1.9849740276E-01  4.8789758215E-01  8.5003219376E-01
           HessRho_EigVec2 =  9.7688700590E-01  1.6867253609E-01  1.3130633374E-01
           HessRho_EigVec3 = -7.9313043125E-02  8.5644937089E-01 -5.1010186854E-01
           DelSqRho = -1.9198499995E+06
           Bond Ellipticity = NA
           V = -4.8005501544E+05
           G =  4.6257788080E+01
           K =  4.8000875765E+05
           L =  4.7996249987E+05
           Vnuc =  8.9812476010E+05
           Ven = -2.6064286599E+08
           Vrep =  2.6016281098E+08
           DelSqV =  1.9797701962E+10
           DelSqVen =  1.7242648192E+12
           DelSqVrep = -1.7044671183E+12
           DelSqG =  1.0586943480E+09
           DelSqK = -2.0856396310E+10
           Stress_EigVals = -1.6002155506E+05 -1.6001699791E+05 -1.6001646247E+05
           Stress_EigVec1 = -7.6572811271E-02  8.5691896494E-01 -5.0973178447E-01
           Stress_EigVec2 =  9.7316377539E-01  1.7549644040E-01  1.4883973152E-01
           Stress_EigVec3 = -2.1699970241E-01  4.8465543114E-01  8.4736075093E-01
           -DivStress = -5.5870930395E+04 -9.2224268894E+03 -9.5181499042E+03
           ESP =  -2.2298383863E+01     ESP at Nucleus =  -2.2298384814E+01
           ESPe = -4.2132831016E+01     ESPe at Nucleus = -4.2132819632E+01
           ESPn =  1.9834447153E+01     ESPn at Nucleus =  1.9834434818E+01

CP# 5      Coords = -5.01496058197878E+00 -3.49859072316435E+00  2.41836304528415E+00
           Type = (3,-3) NACP O5
           Rho =  2.8982891377E+02     Rho at Nucleus =  2.8982888302E+02
           GradRho = -2.4222224226E-10 -6.0818239334E-11  4.2151837576E-11
           HessRho_EigVals = -6.3906535400E+05 -6.3905248129E+05 -6.3903834650E+05
           HessRho_EigVec1 =  7.6500948982E-01  4.4360582817E-01 -4.6687723193E-01
           HessRho_EigVec2 = -1.3331912326E-01  8.1832347155E-01  5.5908202197E-01
           HessRho_EigVec3 =  6.3006864059E-01 -3.6545938916E-01  6.8516636156E-01
           DelSqRho = -1.9171561818E+06
           Bond Ellipticity = NA
           V = -4.7938273104E+05
           G =  4.6842796902E+01
           K =  4.7933588825E+05
           L =  4.7928904545E+05
           Vnuc =  8.1560160441E+05
           Ven = -2.3638492707E+08
           Vrep =  2.3590554434E+08
           DelSqV =  1.9769961147E+10
           DelSqVen =  1.5636356572E+12
           DelSqVrep = -1.5438656961E+12
           DelSqG =  1.0570999012E+09
           DelSqK = -2.0827061049E+10
           Stress_EigVals = -1.5979759494E+05 -1.5979397434E+05 -1.5979116177E+05
           Stress_EigVec1 =  6.2994447467E-01 -3.6562697983E-01  6.8519111965E-01
           Stress_EigVec2 = -8.8733355313E-02  8.4258972617E-01  5.3119576900E-01
           Stress_EigVec3 =  7.7155450260E-01  3.9542314673E-01 -4.9834143370E-01
           -DivStress =  2.1152763116E+04 -4.2324511905E+04 -4.1855047994E+04
           ESP =  -2.2338977116E+01     ESP at Nucleus =  -2.2338978256E+01
           ESPe = -3.9576617950E+01     ESPe at Nucleus = -3.9576614076E+01
           ESPn =  1.7237640834E+01     ESPn at Nucleus =  1.7237635820E+01

CP# 6      Coords = -7.02325063242422E+00 -3.63551941139656E+00  4.17750979003408E+00
           Type = (3,-3) NACP C6
           Rho =  1.1747745624E+02     Rho at Nucleus =  1.1747745465E+02
           GradRho =  4.9224846421E-11  1.5774770379E-11 -5.7582202895E-11
           HessRho_EigVals = -1.4474113811E+05 -1.4473947719E+05 -1.4473936438E+05
           HessRho_EigVec1 =  7.5784229112E-01  8.5048322151E-02 -6.4687080989E-01
           HessRho_EigVec2 =  6.2688486135E-01 -3.6967679786E-01  6.8582391015E-01
           HessRho_EigVec3 =  1.8080495678E-01  9.2525988134E-01  3.3347221711E-01
           DelSqRho = -4.3421997967E+05
           Bond Ellipticity = NA
           V = -1.0856521682E+05
           G =  5.1109532384E+00
           K =  1.0856010587E+05
           L =  1.0855499492E+05
           Vnuc =  1.2795475520E+06
           Ven = -1.5031799156E+08
           Vrep =  1.5020942634E+08
           DelSqV =  2.4907125713E+09
           DelSqVen =  5.5560511770E+11
           DelSqVrep = -5.5311440461E+11
           DelSqG =  1.3376985183E+08
           DelSqK = -2.6244824231E+09
           Stress_EigVals = -3.6188585161E+04 -3.6188546170E+04 -3.6188085493E+04
           Stress_EigVec1 =  1.8120705523E-01  9.2621193772E-01  3.3059862304E-01
           Stress_EigVec2 =  6.2672464263E-01 -3.6781840422E-01  6.8696859015E-01
           Stress_EigVec3 =  7.5787876700E-01  8.2710748623E-02 -6.4713113555E-01
           -DivStress = -2.8886564341E+03 -3.6016559716E+02  2.4388268510E+03
           ESP =  -1.4708046531E+01     ESP at Nucleus =  -1.4708046627E+01
           ESPe = -3.0382070544E+01     ESPe at Nucleus = -3.0382062130E+01
           ESPn =  1.5674024013E+01     ESPn at Nucleus =  1.5674015503E+01

CP# 7      Coords = -4.23287715007825E+00  4.52294252489337E+00 -1.88227290865902E+00
           Type = (3,-3) NACP O7
           Rho =  2.8985773792E+02     Rho at Nucleus =  2.8985770680E+02
           GradRho =  1.3486545214E-10  1.6999512908E-10  5.2284176988E-11
           HessRho_EigVals = -6.3913650470E+05 -6.3912372777E+05 -6.3910980769E+05
           HessRho_EigVec1 =  7.1452632655E-01 -5.8082083214E-01  3.8999908927E-01
           HessRho_EigVec2 = -6.2035602016E-01 -2.6829078204E-01  7.3700642095E-01
           HessRho_EigVec3 =  3.2343552205E-01  7.6854877349E-01  5.5201652679E-01
           DelSqRho = -1.9173700402E+06
           Bond Ellipticity = NA
           V = -4.7943614237E+05
           G =  4.6816166923E+01
           K =  4.7938932621E+05
           L =  4.7934251004E+05
           Vnuc =  8.1077177205E+05
           Ven = -2.3500847181E+08
           Vrep =  2.3452903567E+08
           DelSqV =  1.9772170223E+10
           DelSqVen =  1.5545495042E+12
           DelSqVrep = -1.5347773338E+12
           DelSqG =  1.0572314024E+09
           DelSqK = -2.0829401626E+10
           Stress_EigVals = -1.5981535861E+05 -1.5981178004E+05 -1.5980900372E+05
           Stress_EigVec1 =  3.2342364803E-01  7.6824191848E-01  5.5245044898E-01
           Stress_EigVec2 = -5.7824238394E-01 -3.0167914752E-01  7.5804052489E-01
           Stress_EigVec3 =  7.4902128762E-01 -5.6461849654E-01  3.4665986796E-01
           -DivStress =  4.9887866374E+04  7.0370645303E+03 -3.8758923160E+04
           ESP =  -2.2332203976E+01     ESP at Nucleus =  -2.2332205127E+01
           ESPe = -3.9531215700E+01     ESPe at Nucleus = -3.9531210835E+01
           ESPn =  1.7199011724E+01     ESPn at Nucleus =  1.7199005708E+01

CP# 8      Coords = -6.67504140091751E+00  5.61716841143371E+00 -1.97241673355444E+00
           Type = (3,-3) NACP C8
           Rho =  1.1747779114E+02     Rho at Nucleus =  1.1747778946E+02
           GradRho = -2.1405655026E-11 -3.9013958730E-11  1.5548673460E-13
           HessRho_EigVals = -1.4474161697E+05 -1.4473990741E+05 -1.4473979734E+05
           HessRho_EigVec1 =  9.0182479679E-01 -4.2769053193E-01  6.1586076301E-02
           HessRho_EigVec2 =  3.1155999514E-01  7.4236441938E-01  5.9314874885E-01
           HessRho_EigVec3 = -2.9940341568E-01 -5.1572849227E-01  8.0273390170E-01
           DelSqRho = -4.3422132172E+05
           Bond Ellipticity = NA
           V = -1.0856555620E+05
           G =  5.1128842086E+00
           K =  1.0856044331E+05
           L =  1.0855533043E+05
           Vnuc =  1.2441986956E+06
           Ven = -1.4616571451E+08
           Vrep =  1.4605714895E+08
           DelSqV =  2.4907203170E+09
           DelSqVen =  5.4025759744E+11
           DelSqVrep = -5.3776687712E+11
           DelSqG =  1.3377029840E+08
           DelSqK = -2.6244906154E+09
           Stress_EigVals = -3.6188702836E+04 -3.6188665233E+04 -3.6188188128E+04
           Stress_EigVec1 = -2.9471935895E-01 -5.0957313335E-01  8.0837845173E-01
           Stress_EigVec2 =  3.1521072096E-01  7.4676213951E-01  5.8565220770E-01
           Stress_EigVec3 =  9.0209905268E-01 -4.2741259780E-01  5.9462344300E-02
           -DivStress = -3.5155904896E+03  1.6738113451E+03 -3.1004875867E+02
           ESP =  -1.4703724543E+01     ESP at Nucleus =  -1.4703724644E+01
           ESPe = -3.0383615058E+01     ESPe at Nucleus = -3.0383606449E+01
           ESPn =  1.5679890515E+01     ESPn at Nucleus =  1.5679881805E+01

CP# 9      Coords =  1.07373063507831E+00 -1.43978305863015E+00 -2.34231313838404E+00
           Type = (3,-3) NACP C9
           Rho =  1.1764486322E+02     Rho at Nucleus =  1.1764486198E+02
           GradRho = -1.2034123698E-11  1.3296502788E-11 -3.0372704352E-11
           HessRho_EigVals = -1.4494940022E+05 -1.4494894031E+05 -1.4494788168E+05
           HessRho_EigVec1 = -3.4619841200E-01  3.0985934763E-01  8.8551332244E-01
           HessRho_EigVec2 =  7.5698504321E-01  6.4982527935E-01  6.8562020697E-02
           HessRho_EigVec3 = -5.5418435911E-01  6.9405640334E-01 -4.5952737144E-01
           DelSqRho = -4.3484622220E+05
           Bond Ellipticity = NA
           V = -1.0872173530E+05
           G =  5.0898731289E+00
           K =  1.0871664542E+05
           L =  1.0871155555E+05
           Vnuc =  1.4515715844E+06
           Ven = -1.7076994050E+08
           Vrep =  1.7066121877E+08
           DelSqV =  2.4942904907E+09
           DelSqVen =  6.3121041818E+11
           DelSqVrep = -6.2871612769E+11
           DelSqG =  1.3396495372E+08
           DelSqK = -2.6282554444E+09
           Stress_EigVals = -3.6240919852E+04 -3.6240608462E+04 -3.6240206983E+04
           Stress_EigVec1 = -6.0333262033E-01  6.2585040069E-01 -4.9426817133E-01
           Stress_EigVec2 =  6.9468443931E-01  7.1683344457E-01  5.9693739462E-02
           Stress_EigVec3 = -3.9166730656E-01  3.0734522722E-01  8.6725753515E-01
           -DivStress =  2.7244803433E+03  1.7237789798E+03  9.3955291745E+02
           ESP =  -1.4710722799E+01     ESP at Nucleus =  -1.4710722877E+01
           ESPe = -3.7213488669E+01     ESPe at Nucleus = -3.7213487847E+01
           ESPn =  2.2502765870E+01     ESPn at Nucleus =  2.2502764970E+01

CP# 10     Coords = -9.68023574464173E-01 -2.89947344162895E+00 -2.89348477673055E+00
           Type = (3,-3) NACP N10
           Rho =  1.9039186736E+02     Rho at Nucleus =  1.9039186615E+02
           GradRho =  6.2053695515E-12  3.4205027699E-11 -2.5552504557E-11
           HessRho_EigVals = -3.2029014212E+05 -3.2029001490E+05 -3.2028097789E+05
           HessRho_EigVec1 =  9.2904783173E-01  2.8280848526E-01  2.3851517147E-01
           HessRho_EigVec2 =  2.1808572354E-01 -9.3942809492E-01  2.6441155736E-01
           HessRho_EigVec3 = -2.9884568517E-01  1.9363423030E-01  9.3445012778E-01
           DelSqRho = -9.6086113492E+05
           Bond Ellipticity = NA
           V = -2.4025049052E+05
           G =  1.7603394910E+01
           K =  2.4023288712E+05
           L =  2.4021528373E+05
           Vnuc =  2.5557869787E+06
           Ven = -4.8660105545E+08
           Vrep =  4.8636080496E+08
           DelSqV =  7.5434400966E+09
           DelSqVen =  2.4557563740E+12
           DelSqVrep = -2.4482129503E+12
           DelSqG =  4.0418876461E+08
           DelSqK = -7.9476288612E+09
           Stress_EigVals = -8.0084778783E+04 -8.0082886683E+04 -8.0082825053E+04
           Stress_EigVec1 = -2.9814893892E-01  1.9107292296E-01  9.3519963020E-01
           Stress_EigVec2 =  8.2152526583E-01  5.5022612844E-01  1.4949061905E-01
           Stress_EigVec3 =  4.8600766230E-01 -8.1286059426E-01  3.2102057019E-01
           -DivStress =  2.0798554012E+03 -9.9456554013E+02 -6.3076605170E+03
           ESP =  -1.8322680404E+01     ESP at Nucleus =  -1.8322680459E+01
           ESPe = -3.9693816360E+01     ESPe at Nucleus = -3.9693813699E+01
           ESPn =  2.1371135956E+01     ESPn at Nucleus =  2.1371133240E+01

CP# 11     Coords = -3.36362311545121E+00 -1.77008171417248E+00 -3.65771111938936E+00
           Type = (3,-3) NACP C11
           Rho =  1.1751343737E+02     Rho at Nucleus =  1.1751343595E+02
           GradRho = -1.6266210601E-11  4.9249493372E-12 -6.9279859627E-12
           HessRho_EigVals = -1.4479800834E+05 -1.4479651426E+05 -1.4479631959E+05
           HessRho_EigVec1 =  8.6490117179E-01 -4.0104083142E-01  3.0184799912E-01
           HessRho_EigVec2 = -9.0292785977E-02  4.6724181592E-01  8.7950684947E-01
           HessRho_EigVec3 =  4.9375416539E-01  7.8794120148E-01 -3.6790690014E-01
           DelSqRho = -4.3439084220E+05
           Bond Ellipticity = NA
           V = -1.0860815148E+05
           G =  5.2204647451E+00
           K =  1.0860293101E+05
           L =  1.0859771055E+05
           Vnuc =  1.3553123779E+06
           Ven = -1.5926741623E+08
           Vrep =  1.5915880808E+08
           DelSqV =  2.4917052400E+09
           DelSqVen =  5.8873528934E+11
           DelSqVrep = -5.8624358410E+11
           DelSqG =  1.3383507167E+08
           DelSqK = -2.6255403117E+09
           Stress_EigVals = -3.6202897840E+04 -3.6202840214E+04 -3.6202413425E+04
           Stress_EigVec1 =  4.9116689788E-01  8.0932670820E-01 -3.2209526203E-01
           Stress_EigVec2 = -1.1152590197E-01  4.2515710258E-01  8.9822236184E-01
           Stress_EigVec3 =  8.6389643570E-01 -4.0525512646E-01  2.9908398631E-01
           -DivStress = -3.1183596255E+03  1.7150090165E+03 -4.7734846005E+02
           ESP =  -1.4723014664E+01     ESP at Nucleus =  -1.4723014747E+01
           ESPe = -3.4184631953E+01     ESPe at Nucleus = -3.4184625893E+01
           ESPn =  1.9461617289E+01     ESPn at Nucleus =  1.9461611146E+01

CP# 12     Coords =  3.16554646538243E+00 -2.13891229599752E+00 -1.00383562342442E+00
           Type = (3,-3) NACP C12
           Rho =  1.1757780081E+02     Rho at Nucleus =  1.1757780071E+02
           GradRho =  1.9079884894E-10  2.1970497643E-10 -1.8857661266E-10
           HessRho_EigVals = -1.4488015456E+05 -1.4487984103E+05 -1.4487961491E+05
           HessRho_EigVec1 =  8.2166749696E-01  5.4315278498E-01  1.7276451198E-01
           HessRho_EigVec2 = -3.5922759532E-01  7.2883334619E-01 -5.8288720027E-01
           HessRho_EigVec3 = -4.4251334353E-01  4.1687768667E-01  7.9397414011E-01
           DelSqRho = -4.3463961050E+05
           Bond Ellipticity = NA
           V = -1.0867041254E+05
           G =  5.2549558282E+00
           K =  1.0866515758E+05
           L =  1.0865990262E+05
           Vnuc =  5.1339437251E+06
           Ven = -6.0363781267E+08
           Vrep =  6.0352914226E+08
           DelSqV =  2.4931301726E+09
           DelSqVen =  2.2314153042E+12
           DelSqVrep = -2.2289221740E+12
           DelSqG =  1.3391550038E+08
           DelSqK = -2.6270456730E+09
           Stress_EigVals = -3.6223596743E+04 -3.6223486311E+04 -3.6223329482E+04
           Stress_EigVec1 =  6.0258025735E-01 -5.6396595747E-01  5.6465868653E-01
           Stress_EigVec2 =  7.1940756919E-01  6.9014694703E-01 -7.8421558831E-02
           Stress_EigVec3 = -3.4547037911E-01  4.5347501620E-01  8.2159030352E-01
