AIMSum (Version 19.02.13, Professional)
Copyright (c) 1997-2019 by Todd A. Keith
AIMSum is a component of the AIMAll package ( http://aim.tkgristmill.com )

TP:  64-bit Linux

Much of the Quantum Theory of Atoms in Molecules (QTAIM) is described in the book:
  "Atoms in Molecules - A Quantum Theory"
  R.F.W. Bader, Oxford University Press, Oxford, 1990

For additional references see:  http://aim.tkgristmill.com/references.html

Wfn File:  /home/mhennefarth/Documents/ML_Diels/summary-gordillo2007/5-opt/5-opt.wfn
Sum File:  /home/mhennefarth/Documents/ML_Diels/summary-gordillo2007/5-opt/5-opt.sum

SumViz File:  /home/mhennefarth/Documents/ML_Diels/summary-gordillo2007/5-opt/5-opt.sumviz

Wfn Title:   Title Card Required                                                           
 
Total memory allocated for AIMSum =        2.947 Megabytes

Atomic units (a.u.) used throughout, except where stated otherwise

Model:  Restricted SCF
 
Restricted, closed-shell, single-determinant wavefunction.
  Number of electrons (from MO Occs)                   =         150.0000000000
  Number of Alpha electrons (from MO Occs)             =          75.0000000000
  Number of Beta electrons (from MO Occs)              =          75.0000000000
  Number of electron pairs (N*(N-1)/2)                 =       11175.0000000000
  Number of electron pairs (from Muller 2EDM)          =       11175.0000000000
 
Nuclear Charges and Cartesian Coordinates:
-------------------------------------------------------------------------------
Atom      Charge                X                  Y                  Z
-------------------------------------------------------------------------------
C1         6.0          -2.4342676000E+00  -5.0953870700E+00   1.0964222300E+00
C2         6.0          -6.2081376000E-01  -3.4000187300E+00   1.6271970200E+00
C3         6.0          -9.0034034000E-01  -1.7153811800E+00   3.7924086000E+00
O4         8.0           6.6707501000E-01  -1.5629382000E-01   4.5109043700E+00
O5         8.0           4.9942321200E+00   9.9053684000E-01   1.7475993000E+00
C6         6.0           6.7593115500E+00  -9.8529013000E-01   2.2608157400E+00
C7         6.0           9.0157885300E+00  -7.6196867000E-01   4.7188659000E-01
C8         6.0           8.3608458200E+00  -4.8632409000E-01  -2.3611091700E+00
C9         6.0           6.2660568700E+00  -2.2268771700E+00  -3.3553160400E+00
O10        8.0           3.7867539900E+00  -1.3866687200E+00  -2.7081246300E+00
C11        6.0          -5.9046930600E+00  -2.0139580700E+00  -2.7560989900E+00
C12        6.0          -6.3687029700E+00  -1.0050253000E-01  -1.1231570500E+00
C13        6.0          -4.5833403900E+00   1.7892590100E+00  -2.1021657000E-01
C14        6.0          -2.2578206900E+00   2.2107182100E+00  -1.2221130100E+00
N15        7.0          -4.6684975000E-01   3.8646709200E+00  -3.6477719000E-01
C16        6.0          -1.0449289200E+00   5.5134813300E+00   1.7508408000E+00
O17        8.0          -8.6897156000E+00   3.2742809000E-01  -3.1261010000E-02
C18        6.0          -1.0691530050E+01  -1.3316190900E+00  -6.5105874000E-01
C19        6.0           1.5263615500E+00   4.6881011700E+00  -2.0771435000E+00
H20        1.0          -5.2814922500E+00   2.9458208900E+00   1.3318004300E+00
H21        1.0           9.7690839000E-01   6.3678278500E+00  -3.1783149600E+00
H22        1.0           3.2271246900E+00   5.1263250100E+00  -9.8687806000E-01
H23        1.0           1.9907767500E+00   3.1519298500E+00  -3.3771474200E+00
H24        1.0          -2.4563522400E+00   6.9640277500E+00   1.2588992900E+00
H25        1.0          -1.7645967200E+00   4.3974318800E+00   3.3342297000E+00
H26        1.0           6.8815738000E-01   6.4558842700E+00   2.3616480200E+00
H27        1.0          -1.0236678330E+01  -3.2937325200E+00  -1.4591593000E-01
H28        1.0          -1.2322774030E+01  -6.9809881000E-01   4.4332837000E-01
H29        1.0          -1.1147533040E+01  -1.2527747100E+00  -2.6744530300E+00
H30        1.0          -1.6471739000E+00   1.1366451500E+00  -2.8639919600E+00
H31        1.0          -7.3638943500E+00  -3.2719094700E+00  -3.4412606800E+00
H32        1.0          -4.0294678100E+00  -2.2689887800E+00  -3.5312876000E+00
H33        1.0           1.0432374400E+00  -3.1920112000E+00   4.3759116000E-01
H34        1.0          -2.2908485000E+00  -6.3778488700E+00  -4.9699139000E-01
H35        1.0          -4.1187729400E+00  -5.2650942200E+00   2.2603091400E+00
H36        1.0          -2.6851078700E+00  -1.9326133200E+00   4.8661833600E+00
H37        1.0           3.4894855700E+00   7.0673754000E-01   2.8088364300E+00
H38        1.0           7.4180980900E+00  -8.7727868000E-01   4.2288380800E+00
H39        1.0           5.8511600900E+00  -2.8420231500E+00   2.0192007300E+00
H40        1.0           3.9521995600E+00  -3.1350872000E-01  -1.1987557900E+00
H41        1.0           6.5724976800E+00  -4.1714044100E+00  -2.6661650000E+00
H42        1.0           6.3562492800E+00  -2.3034083500E+00  -5.4256019500E+00
H43        1.0           7.7957182000E+00   1.4676780900E+00  -2.7609508300E+00
H44        1.0           1.0089846990E+01  -8.2736799000E-01  -3.4565414400E+00
H45        1.0           1.0174741710E+01   8.6162651000E-01   1.0375771900E+00
H46        1.0           1.0188114980E+01  -2.4519851400E+00   7.5616287000E-01
 
Some Atomic Properties:
----------------------
  q(A) = Net Charge of Atom A
  L(A) = Lagrangian of Atom A = -(1/4) Times Atomic Integral of the Laplacian of the Electron Density
  K(A) = Electronic Kinetic Energy of Atom A (Hamiltonian Form)
  K_Scaled(A) = K(A) * E(Mol)/K(Mol) = Approximation to Virial-Based Total Energy of Atom A.
  |Mu_Intra(A)| = Magnitude of Intraatomic Dipole Moment of Atom A
--------------------------------------------------------------------------------------------------
Atom A          q(A)              L(A)              K(A)          K_Scaled(A)      |Mu_Intra(A)|
--------------------------------------------------------------------------------------------------
C1       -6.9447326100E-02 -1.3403102609E-04  3.7712697636E+01 -3.8070530420E+01  8.4226841732E-02
C2       -3.7308154200E-02  1.5106646290E-04  3.7746581794E+01 -3.8104736083E+01  1.7138604086E-01
C3        9.7613218980E-01  9.5081037515E-05  3.7059523394E+01 -3.7411158605E+01  8.9179022232E-01
O4       -1.1694866528E+00 -8.4252928560E-05  7.5267365530E+01 -7.5981531649E+01  5.1378210159E-01
O5       -1.1434951985E+00 -3.7943956551E-05  7.5152258818E+01 -7.5865332759E+01  1.4359653057E-01
C6        4.8323591060E-01  3.4307918577E-05  3.7390541500E+01 -3.7745317540E+01  5.8967522128E-01
C7        2.2496544800E-02  5.2843254805E-05  3.7678651532E+01 -3.8036161272E+01  6.6171134434E-02
C8        8.8306317000E-03 -2.4130760206E-04  3.7685772487E+01 -3.8043349794E+01  5.2579374903E-02
C9        5.0310047510E-01  2.3236428219E-04  3.7375114444E+01 -3.7729744107E+01  5.8258253089E-01
O10      -1.1494713766E+00 -3.7757840816E-05  7.5133843106E+01 -7.5846742311E+01  1.6211863290E-01
C11      -1.2969506240E-01 -1.4611967086E-04  3.7701244545E+01 -3.8058968657E+01  2.3037867857E-01
C12       4.9302929730E-01  2.1197417427E-04  3.7389538487E+01 -3.7744305010E+01  7.1737753873E-01
C13      -4.7460753900E-02  3.4423155098E-04  3.7712101531E+01 -3.8069928658E+01  1.5785077320E-01
C14       4.4710349480E-01 -6.1978083267E-06  3.7442394422E+01 -3.7797662463E+01  6.8497641253E-01
N15      -1.1774304838E+00  3.0176312504E-04  5.4887302958E+01 -5.5408095094E+01  2.0423117167E-01
C16       3.2433045530E-01 -2.9507559944E-04  3.7503789402E+01 -3.7859639983E+01  5.2073109481E-01
O17      -1.1030721479E+00  2.2298820378E-04  7.5240290402E+01 -7.5954199621E+01  1.7066157899E-01
C18       4.7315404800E-01 -2.8062311424E-04  3.7399954400E+01 -3.7754819753E+01  6.3651927660E-01
C19       3.1856279200E-01  3.8477809919E-04  3.7507463754E+01 -3.7863349198E+01  5.2052593454E-01
H20       4.5209046810E-02  4.3644330336E-05  5.9850495361E-01 -6.0418380202E-01  1.4897498184E-01
H21       7.8702927500E-03  2.4645318455E-05  6.1020473154E-01 -6.1599459202E-01  1.6244195704E-01
H22       4.2902635760E-02  1.2571182716E-07  6.0106665540E-01 -6.0676981024E-01  1.4477693701E-01
H23       6.0383559640E-02 -5.2429715145E-05  5.9369745614E-01 -5.9933068915E-01  1.3550137484E-01
H24       1.4894175210E-02  1.9457881303E-05  6.0581136383E-01 -6.1155953832E-01  1.6295628089E-01
H25       4.9736993750E-02  3.1839508190E-05  5.9842119239E-01 -6.0409924605E-01  1.4241456157E-01
H26       3.2814360000E-02  3.8774754051E-05  6.0381049241E-01 -6.0953968184E-01  1.4917342421E-01
H27       2.1594405480E-02  3.1393872120E-05  6.0774877170E-01 -6.1351532907E-01  1.6008121075E-01
H28       3.7994824370E-02  2.3983204220E-05  6.0452535893E-01 -6.1026133130E-01  1.4732538862E-01
H29       2.5548997180E-02  3.0541769238E-05  6.0679790878E-01 -6.1255544399E-01  1.5779184742E-01
H30       6.3811224800E-02  2.4491353239E-05  5.9576960981E-01 -6.0142250422E-01  1.4102936247E-01
H31       2.9844362230E-02  8.1661507715E-05  6.0057925515E-01 -6.0627778535E-01  1.4875534193E-01
H32       3.8688309680E-02  4.8495008857E-05  5.9694582136E-01 -6.0260987612E-01  1.4704096303E-01
H33       1.0492872412E-01  1.6619070206E-05  5.7277332737E-01 -5.7820802408E-01  1.2216772608E-01
H34       6.8896669700E-02  1.9465973234E-05  5.8530069717E-01 -5.9085425845E-01  1.4289467070E-01
H35       5.8785462080E-02  2.2117668802E-05  5.8782615121E-01 -5.9340367499E-01  1.4735308309E-01
H36       3.6589722310E-02  1.9980903887E-05  6.0088936057E-01 -6.0659083317E-01  1.6211560358E-01
H37       6.0579499005E-01  7.4119345929E-05  3.3734524005E-01 -3.4054610325E-01  1.3205597429E-01
H38       1.0967285470E-02  2.8625437354E-05  6.1818876782E-01 -6.2405438394E-01  1.5727339976E-01
H39       9.9818561000E-04  4.6344041835E-05  6.2411768679E-01 -6.3003955881E-01  1.5752827409E-01
H40       5.9205037526E-01  1.1890511362E-04  3.4909952829E-01 -3.5241192076E-01  1.3547640706E-01
H41      -8.1918948000E-03  3.4333425345E-05  6.2457938940E-01 -6.3050564223E-01  1.6633780484E-01
H42       1.0735773340E-02  3.0721756183E-05  6.2078945132E-01 -6.2667974374E-01  1.5723281857E-01
H43       1.5051993490E-02  2.6894441194E-05  6.1194300180E-01 -6.1774935566E-01  1.5410322689E-01
H44       3.3310679900E-03  3.0093620014E-05  6.1445568005E-01 -6.2028587518E-01  1.5823440521E-01
H45       7.7372530000E-03  3.2753559999E-05  6.1417085299E-01 -6.1999834557E-01  1.5631050993E-01
H46      -9.7805060000E-04  2.9625392107E-05  6.1598416279E-01 -6.2182886076E-01  1.5876561170E-01
--------------------------------------------------------------------------------------------------
Total     1.0994278800E-03  1.6453128164E-03  8.9678777701E+02 -9.0529684919E+02
 
1st Largest |L(A)| = 3.8477809919E-04, atom C19     
2nd Largest |L(A)| = 3.4423155098E-04, atom C13     
 
Molecular charge q(Mol) from the wfn file:   0.0000000000E+00
Molecular energy E(Mol) from the wfn file:  -9.0529635853E+02
Molecular virial ratio (-V(Mol)/T(Mol)) from the wfn file:   2.0094883900E+00
Note.  K_Scaled(A) = (1+V(Mol)/T(Mol))*K(A) = (E(Mol)/T(Mol))*K(A)
       Only use K_Scaled(A) data with caution.
 
N_AIMInt(SumA)     =        149.998901
N_Analytic(Mol)    =        149.999974
 
G_AIMInt(SumA)     =        896.786132
G_Analytic(Mol)    =        896.787234
 
K_AIMInt(SumA)     =        896.787777
K_Analytic(Mol)    =        896.787234
 
L_AIMInt(SumA)     =          0.001645
L_Analytic(Mol)    =          0.000000
 
VenT_AIMInt(SumA)  =      -5223.622071
VenT_Analytic(Mol) =      -5223.647142
 
Some Information About the Atomic Calculations:
----------------------------------------------
  Time(sec) = "Elapsed User Time", in Seconds, for Atom A by AIMInt and, if used, by TWOe
  NProc = Number of Processors Used for AIMInt Job
  BIM = Basin Integration Method
  OAQ = Angular Quadrature Outside of Beta Sphere
  ORQ = Multiple of Default for Radial Quadrature Outside of Beta Sphere
  IAQ = Multiple of Default for Angular Quadrature Inside of Beta Sphere
  IRQ = Multiple of Default for Radial Quadrature Inside of Beta Sphere
  MIR = Maximum Integration Radius
------------------------------------------------------------------------------------------------------
Atom A     Time(sec)   NProc      BIM          OAQ                     ORQ      IAQ      IRQ      MIR
------------------------------------------------------------------------------------------------------
C1             45        8     Proaim(5)    4500(GS4)                  1.00     1.00     1.00    13.00
C2            179        8    Promega(1)    4500(GS4)                  1.00     1.00     1.00    13.00
C3            566        8    Promega(5)    4500(GS4)                  1.00     1.00     1.00    13.00
O4             40        8     Proaim(5)    4500(GS4)                  1.00     1.00     1.00    13.00
O5            100        8     Proaim(5)    4500(GS4)                  1.00     1.00     1.00    13.00
C6             85        8     Proaim(5)    4500(GS4)                  1.00     1.00     1.00    13.00
C7             39        8     Proaim(5)    4500(GS4)                  1.00     1.00     1.00    13.00
C8             41        8     Proaim(5)    4500(GS4)                  1.00     1.00     1.00    13.00
C9             39        8     Proaim(5)    4500(GS4)                  1.00     1.00     1.00    13.00
O10            91        8     Proaim(5)    4500(GS4)                  1.00     1.00     1.00    13.00
C11            95        8     Proaim(5)    4500(GS4)                  1.00     1.00     1.00    13.00
C12            94        8     Proaim(5)    4500(GS4)                  1.00     1.00     1.00    13.00
C13           570        8    Promega(5)    4500(GS4)                  1.00     1.00     1.00    13.00
C14           156        8     Proaim(5)    4500(GS4)                  1.00     1.00     1.00    13.00
N15            75        8     Proaim(5)    4500(GS4)                  1.00     1.00     1.00    13.00
C16            44        8     Proaim(5)    4500(GS4)                  1.00     1.00     1.00    13.00
O17            36        8     Proaim(5)    4500(GS4)                  1.00     1.00     1.00    13.00
C18            35        8     Proaim(5)    4500(GS4)                  1.00     1.00     1.00    13.00
C19            64        8     Proaim(5)    4500(GS4)                  1.00     1.00     1.00    13.00
H20            15        8     Proaim(5)    1800(GS4)                  1.00     1.00     1.00    13.00
H21             9        8     Proaim(5)    1800(GS4)                  1.00     1.00     1.00    13.00
H22            35        8     Proaim(5)    5400(GS5)                  1.00     1.00     1.00    13.00
H23            29        8     Proaim(5)    4500(GS4)                  1.00     1.00     1.00    13.00
H24             9        8     Proaim(5)    1800(GS4)                  1.00     1.00     1.00    13.00
H25            19        8     Proaim(5)    4500(GS4)                  1.00     1.00     1.00    13.00
H26            11        8     Proaim(5)    1800(GS4)                  1.00     1.00     1.00    13.00
H27            10        8     Proaim(5)    1800(GS4)                  1.00     1.00     1.00    13.00
H28             7        8     Proaim(5)    1800(GS4)                  1.00     1.00     1.00    13.00
H29             8        8     Proaim(5)    1800(GS4)                  1.00     1.00     1.00    13.00
H30            60        8     Proaim(5)    1800(GS4)                  1.00     1.00     1.00    13.00
H31            12        8     Proaim(5)    1800(GS4)                  1.00     1.00     1.00    13.00
H32            29        8     Proaim(5)    1800(GS4)                  1.00     1.00     1.00    13.00
H33            46        8     Proaim(5)    4500(GS4)                  1.00     1.00     1.00    13.00
H34            10        8     Proaim(5)    1800(GS4)                  1.00     1.00     1.00    13.00
H35            12        8     Proaim(5)    1800(GS4)                  1.00     1.00     1.00    13.00
H36            12        8     Proaim(5)    1800(GS4)                  1.00     1.00     1.00    13.00
H37            19        8     Proaim(5)    4500(GS4)                  1.00     1.00     1.00    13.00
H38             8        8     Proaim(5)    1800(GS4)                  1.00     1.00     1.00    13.00
H39            31        8     Proaim(5)    1800(GS4)                  1.00     1.00     1.00    13.00
H40            67        8     Proaim(5)    4500(GS4)                  1.00     1.00     1.00    13.00
H41            12        8     Proaim(5)    1800(GS4)                  1.00     1.00     1.00    13.00
H42             9        8     Proaim(5)    1800(GS4)                  1.00     1.00     1.00    13.00
H43            11        8     Proaim(5)    1800(GS4)                  1.00     1.00     1.00    13.00
H44             9        8     Proaim(5)    1800(GS4)                  1.00     1.00     1.00    13.00
H45             9        8     Proaim(5)    1800(GS4)                  1.00     1.00     1.00    13.00
H46             9        8     Proaim(5)    1800(GS4)                  1.00     1.00     1.00    13.00
------------------------------------------------------------------------------------------------------
Total        2911
Note:  Total wall clock time is less than total of atomic times if more than one atom
       was calculated at a time
 
Electron Density Critical Point Analysis of Molecular Structure:               
---------------------------------------------------------------                
  NACP = Nuclear Attractor Critical Point                                      
  NNACP = Non-Nuclear Attractor Critical Point                                 
  BCP = Bond Critical Point                                                    
  RCP = Ring Critical Point                                                    
  CCP = Cage Critical Point                                                    
  Rho = Electron Density                                                       
  GradRho = Gradient of Electron Density                                       
  HessRho_EigVals = Eigenvalues of the Hessian of Rho, Ascending Order         
  HessRho_EigVecs = Eigenvectors of the Hessian of Rho                         
  DelSqRho = Laplacian of Rho = Trace of Hessian of Rho                        
  Bond Ellipticity = (HessRho_EigVal(1) / HessRho_EigVal(2)) - 1               
  V = Virial Field = Potential Energy Density = Trace of Stress Tensor         
  G = Lagrangian Form of Kinetic Energy Density                                
  K = Hamiltonian Form of Kinetic Energy Density                               
  L = K - G = Lagrangian Density = (-1/4)DelSqRho                              
  Vnuc = Electrostatic Potential from Nuclei                                   
  Ven = Electron-nuclear attractive contribution to Virial Field V             
  Vrep = V - Ven = Repulsive contribution to Virial Field V                    
  DelSqV = Laplacian of V                                                      
  DelSqVen = Laplacian of Ven                                                  
  DelSqVrep = Laplacian of Vrep                                                
  DelSqG = Laplacian of G                                                      
  DelSqK = Laplacian of K                                                      
  Stress_EigVals = Eigenvalues of Stress Tensor, Ascending Order               
  Stress_EigVecs = Eigenvectors of Stress Tensor                               
  -DivStress = Ehrenfest Force Density = Minus Divergence of Stress Tensor     
  ESP = Total Electrostatic Potential                                          
  ESPe = Electrostatic Potential from Electrons                                
  ESPn = Electrostatic Potential from Nuclei                                   
  BP = Bond Path                                                               
  BPL = Bond Path Length                                                       
  GBL = Geometric Bond Length                                                  
  GBL_I = Distance Between Nuclear Attractors                                  
  GBL_II = Distance Between Nuclei                                             
  GBL_III = Sum of Distances Between BCP and Nuclear Attractors                
  GBL_IV = Sum of Distances Between BCP and Nuclei                             

CP# 1      Coords = -2.43426826616348E+00 -5.09538751304508E+00  1.09642193601128E+00
           Type = (3,-3) NACP C1
           Rho =  1.1773032310E+02     Rho at Nucleus =  1.1773032304E+02
           GradRho = -1.1864811564E-10 -4.8935758223E-11 -4.4903431667E-11
           HessRho_EigVals = -1.4507025501E+05 -1.4506849329E+05 -1.4506829777E+05
           HessRho_EigVec1 = -4.7913444866E-01  6.5280059345E-01 -5.8675511528E-01
           HessRho_EigVec2 = -6.3595817255E-01  2.0255447562E-01  7.4466696393E-01
           HessRho_EigVec3 =  6.0496891067E-01  7.2994730604E-01  3.1810304545E-01
           DelSqRho = -4.3520704607E+05
           Bond Ellipticity = NA
           V = -1.0881191394E+05
           G =  5.0762123324E+00
           K =  1.0880683773E+05
           L =  1.0880176152E+05
           Vnuc =  7.0394221379E+06
           Ven = -8.2875344271E+08
           Vrep =  8.2864463080E+08
           DelSqV =  2.4963675992E+09
           DelSqVen =  3.0636054938E+12
           DelSqVrep = -3.0611089951E+12
           DelSqG =  1.3409099152E+08
           DelSqK = -2.6304585907E+09
           Stress_EigVals = -3.6270956060E+04 -3.6270849254E+04 -3.6270108628E+04
           Stress_EigVec1 =  6.2790925486E-01  7.1880513616E-01  2.9841103179E-01
           Stress_EigVec2 = -6.1570642385E-01  2.2424732214E-01  7.5539310173E-01
           Stress_EigVec3 = -4.7606256657E-01  6.5805190886E-01 -5.8337990878E-01
           -DivStress =  5.4342795425E+02  3.5861998856E+02  2.4201236061E+02
           ESP =  -1.4719394227E+01     ESP at Nucleus =  -1.4719394236E+01
           ESPe = -3.4269040193E+01     ESPe at Nucleus = -3.4269041528E+01
           ESPn =  1.9549645966E+01     ESPn at Nucleus =  1.9549647292E+01

CP# 2      Coords = -6.20814450617500E-01 -3.40001832675859E+00  1.62719789152694E+00
           Type = (3,-3) NACP C2
           Rho =  1.1770362307E+02     Rho at Nucleus =  1.1770362297E+02
           GradRho = -2.0580742405E-10  1.4282644945E-10  2.7805546234E-10
           HessRho_EigVals = -1.4504002363E+05 -1.4503915025E+05 -1.4503878210E+05
           HessRho_EigVec1 = -4.6063498546E-01  6.8585223678E-01 -5.6340227145E-01
           HessRho_EigVec2 = -1.2954495230E-01  5.7600846575E-01  8.0711359344E-01
           HessRho_EigVec3 =  8.7808514138E-01  4.4477067876E-01 -1.7648095595E-01
           DelSqRho = -4.3511795597E+05
           Bond Ellipticity = NA
           V = -1.0878986558E+05
           G =  5.1882955882E+00
           K =  1.0878467729E+05
           L =  1.0877948899E+05
           Vnuc =  5.0725507747E+06
           Ven = -5.9705760440E+08
           Vrep =  5.9694881453E+08
           DelSqV =  2.4958648401E+09
           DelSqVen =  2.2071580099E+12
           DelSqVrep = -2.2046621122E+12
           DelSqG =  1.3406688528E+08
           DelSqK = -2.6299317254E+09
           Stress_EigVals = -3.6263559687E+04 -3.6263393190E+04 -3.6262912707E+04
           Stress_EigVec1 =  8.6010295668E-01  4.9616180775E-01 -1.1851735923E-01
           Stress_EigVec2 = -1.9986380677E-01  5.4152238273E-01  8.1658310523E-01
           Stress_EigVec3 = -4.6933715243E-01  6.7865821260E-01 -5.6492979017E-01
           -DivStress =  5.6768673743E+02 -3.2783153174E+02 -7.0698203116E+02
           ESP =  -1.4736081658E+01     ESP at Nucleus =  -1.4736081661E+01
           ESPe = -3.7115159840E+01     ESPe at Nucleus = -3.7115159157E+01
           ESPn =  2.2379078182E+01     ESPn at Nucleus =  2.2379077496E+01

CP# 3      Coords = -9.00338210791838E-01 -1.71537925761492E+00  3.79240898348844E+00
           Type = (3,-3) NACP C3
           Rho =  1.1774709175E+02     Rho at Nucleus =  1.1774709114E+02
           GradRho =  3.9411821849E-09  3.5738600560E-09  7.6315566540E-10
           HessRho_EigVals = -1.4507127345E+05 -1.4506903691E+05 -1.4506862108E+05
           HessRho_EigVec1 = -4.3184185267E-01  6.9290505850E-01 -5.7740383978E-01
           HessRho_EigVec2 =  7.1836635228E-01  6.5133614704E-01  2.4435835871E-01
           HessRho_EigVec3 = -5.4540113512E-01  3.0926332384E-01  7.7903388780E-01
           DelSqRho = -4.3520893144E+05
           Bond Ellipticity = NA
           V = -1.0881203931E+05
           G =  4.9032255469E+00
           K =  1.0880713609E+05
           L =  1.0880223286E+05
           Vnuc =  2.0731637703E+06
           Ven = -2.4410900468E+08
           Vrep =  2.4400019264E+08
           DelSqV =  2.4963517334E+09
           DelSqVen =  9.0225940890E+11
           DelSqVrep = -8.9976305716E+11
           DelSqG =  1.3407103191E+08
           DelSqK = -2.6304227653E+09
           Stress_EigVals = -3.6270994052E+04 -3.6270981198E+04 -3.6270064061E+04
           Stress_EigVec1 =  5.9115982138E-01  7.0262124955E-01  3.9604727656E-01
           Stress_EigVec2 = -6.8079520853E-01  1.7138245534E-01  7.1214179630E-01
           Stress_EigVec3 = -4.3249040409E-01  6.9061670533E-01 -5.7965560179E-01
           -DivStress = -1.7345211677E+03 -1.5634584891E+03 -3.0720557817E+02
           ESP =  -1.4652178428E+01     ESP at Nucleus =  -1.4652178453E+01
           ESPe = -3.7172427651E+01     ESPe at Nucleus = -3.7172424396E+01
           ESPn =  2.2520249223E+01     ESPn at Nucleus =  2.2520245943E+01

CP# 4      Coords =  6.67069299427580E-01 -1.56300123557748E-01  4.51090095385766E+00
           Type = (3,-3) NACP O4
           Rho =  2.9024519742E+02     Rho at Nucleus =  2.9024517054E+02
           GradRho = -2.6120629097E-12  2.0006830394E-12 -5.7042350444E-12
           HessRho_EigVals = -6.4004663943E+05 -6.4004332685E+05 -6.4002436033E+05
           HessRho_EigVec1 = -4.1849451524E-01  6.9958039796E-01 -5.7918011663E-01
           HessRho_EigVec2 =  7.0398062211E-01  6.5277809925E-01  2.7980714222E-01
           HessRho_EigVec3 = -5.7382368756E-01  2.9063382448E-01  7.6567509798E-01
           DelSqRho = -1.9201143266E+06
           Bond Ellipticity = NA
           V = -4.8012095085E+05
           G =  4.6184597673E+01
           K =  4.8007476625E+05
           L =  4.8002858165E+05
           Vnuc =  8.7281151293E+05
           Ven = -2.5332934989E+08
           Vrep =  2.5284922893E+08
           DelSqV =  1.9800423443E+10
           DelSqVen =  1.6758978893E+12
           DelSqVrep = -1.6560974658E+12
           DelSqG =  1.0588493215E+09
           DelSqK = -2.0859272765E+10
           Stress_EigVals = -1.6004372230E+05 -1.6003903387E+05 -1.6003819469E+05
           Stress_EigVec1 = -5.7941309093E-01  2.8526931061E-01  7.6348011794E-01
           Stress_EigVec2 =  6.9731915451E-01  6.5845017032E-01  2.8317727657E-01
           Stress_EigVec3 = -4.2193182722E-01  6.9646593142E-01 -5.8043840289E-01
           -DivStress =  3.6870425047E+04  4.0621381127E+04  2.1941453371E+04
           ESP =  -2.2313372600E+01     ESP at Nucleus =  -2.2313373610E+01
           ESPe = -4.2818981813E+01     ESPe at Nucleus = -4.2818968221E+01
           ESPn =  2.0505609213E+01     ESPn at Nucleus =  2.0505594611E+01

CP# 5      Coords =  4.99423140823044E+00  9.90529654793299E-01  1.74760460438502E+00
           Type = (3,-3) NACP O5
           Rho =  2.8985825686E+02     Rho at Nucleus =  2.8985823121E+02
           GradRho =  2.4305486269E-10  2.0130812165E-12 -2.2504728983E-11
           HessRho_EigVals = -6.3914276229E+05 -6.3913051544E+05 -6.3911849503E+05
           HessRho_EigVec1 =  8.6197453592E-01 -4.9793017090E-01 -9.5212626974E-02
           HessRho_EigVec2 = -2.7439485836E-01 -6.1617750733E-01  7.3826332779E-01
           HessRho_EigVec3 =  4.2627146413E-01  6.1023833406E-01  6.6775879964E-01
           DelSqRho = -1.9173917728E+06
           Bond Ellipticity = NA
           V = -4.7944167730E+05
           G =  4.6867054873E+01
           K =  4.7939481024E+05
           L =  4.7934794319E+05
           Vnuc =  8.9294121872E+05
           Ven = -2.5882638514E+08
           Vrep =  2.5834694346E+08
           DelSqV =  1.9772407283E+10
           DelSqVen =  1.7121181459E+12
           DelSqVrep = -1.6923457385E+12
           DelSqG =  1.0572559921E+09
           DelSqK = -2.0829663275E+10
           Stress_EigVals = -1.5981683503E+05 -1.5981377891E+05 -1.5981106336E+05
           Stress_EigVec1 =  4.2515389998E-01  6.0290723939E-01  6.7509038063E-01
           Stress_EigVec2 =  3.2793349106E-01  5.9257636306E-01 -7.3573968181E-01
           Stress_EigVec3 =  8.4362538296E-01 -5.3418734039E-01 -5.4222675995E-02
           -DivStress =  4.5330422477E+03  4.6239757371E+04 -3.4210575075E+04
           ESP =  -2.2321428343E+01     ESP at Nucleus =  -2.2321429304E+01
           ESPe = -4.3618568497E+01     ESPe at Nucleus = -4.3618563451E+01
           ESPn =  2.1297140154E+01     ESPn at Nucleus =  2.1297134147E+01

CP# 6      Coords =  6.75930860005775E+00 -9.85286330872340E-01  2.26081443684441E+00
           Type = (3,-3) NACP C6
           Rho =  1.1752216243E+02     Rho at Nucleus =  1.1752216064E+02
           GradRho = -2.3006660216E-11  4.6759649646E-12  2.0070723675E-11
           HessRho_EigVals = -1.4480328993E+05 -1.4480150445E+05 -1.4480135079E+05
           HessRho_EigVec1 = -6.6675107878E-01  7.2432338080E-01 -1.7549541012E-01
           HessRho_EigVec2 =  5.9060008446E-01  3.6988734345E-01 -7.1719934007E-01
           HessRho_EigVec3 =  4.5457071967E-01  5.8184103773E-01  6.7440823514E-01
           DelSqRho = -4.3440614518E+05
           Bond Ellipticity = NA
           V = -1.0861162971E+05
           G =  5.0467075777E+00
           K =  1.0860658300E+05
           L =  1.0860153629E+05
           Vnuc =  1.2040311459E+06
           Ven = -1.4150034390E+08
           Vrep =  1.4139173227E+08
           DelSqV =  2.4917815564E+09
           DelSqVen =  5.2303853517E+11
           DelSqVrep = -5.2054675361E+11
           DelSqG =  1.3383353504E+08
           DelSqK = -2.6256150914E+09
           Stress_EigVals = -3.6204085101E+04 -3.6204021387E+04 -3.6203523221E+04
           Stress_EigVec1 =  4.4197192583E-01  5.6856667817E-01  6.9382472517E-01
           Stress_EigVec2 =  5.8062242813E-01  4.0825910423E-01 -7.0441614105E-01
           Stress_EigVec3 = -6.8376780615E-01  7.1418235507E-01 -1.4968350270E-01
           -DivStress =  2.3843217965E+03 -3.0810537742E+03  1.0564399354E+03
           ESP =  -1.4694862332E+01     ESP at Nucleus =  -1.4694862446E+01
           ESPe = -3.5702775983E+01     ESPe at Nucleus = -3.5702767960E+01
           ESPn =  2.1007913651E+01     ESPn at Nucleus =  2.1007905513E+01

CP# 7      Coords =  9.01578793508965E+00 -7.61968866954309E-01  4.71886384703871E-01
           Type = (3,-3) NACP C7
           Rho =  1.1754987179E+02     Rho at Nucleus =  1.1754987176E+02
           GradRho =  3.6211198563E-11 -2.1048790566E-11 -1.5717707063E-11
           HessRho_EigVals = -1.4485122752E+05 -1.4485103899E+05 -1.4485083375E+05
           HessRho_EigVec1 = -2.4020627287E-01 -1.8810715848E-01  9.5232171213E-01
           HessRho_EigVec2 =  9.6979234671E-01 -8.9425000958E-02  2.2694927511E-01
           HessRho_EigVec3 =  4.2470586760E-02  9.7806894753E-01  2.0390532884E-01
           DelSqRho = -4.3455310026E+05
           Bond Ellipticity = NA
           V = -1.0864862406E+05
           G =  5.1744975678E+00
           K =  1.0864344956E+05
           L =  1.0863827506E+05
           Vnuc =  9.0987036264E+06
           Ven = -1.0695514447E+09
           Vrep =  1.0694427961E+09
           DelSqV =  2.4926408152E+09
           DelSqVen =  3.9538684068E+12
           DelSqVrep = -3.9513757660E+12
           DelSqG =  1.3389361489E+08
           DelSqK = -2.6265344301E+09
           Stress_EigVals = -3.6216281541E+04 -3.6216209689E+04 -3.6216132829E+04
           Stress_EigVec1 =  6.7388124306E-02  9.8368931728E-01  1.6677580091E-01
           Stress_EigVec2 =  9.6077080451E-01 -1.0905178984E-01  2.5500425160E-01
           Stress_EigVec3 = -2.6903215775E-01 -1.4304906221E-01  9.5244877232E-01
           -DivStress =  4.8510271116E+02  1.5768211240E+02  1.6734611634E+02
           ESP =  -1.4741331288E+01     ESP at Nucleus =  -1.4741331288E+01
           ESPe = -3.3903009152E+01     ESPe at Nucleus = -3.3903007969E+01
           ESPn =  1.9161677863E+01     ESPn at Nucleus =  1.9161676681E+01

CP# 8      Coords =  8.36084601048610E+00 -4.86324665424889E-01 -2.36110844871761E+00
           Type = (3,-3) NACP C8
           Rho =  1.1755407147E+02     Rho at Nucleus =  1.1755407141E+02
           GradRho =  1.4837961748E-10 -1.1102551713E-10  1.4614755751E-10
           HessRho_EigVals = -1.4485822436E+05 -1.4485803472E+05 -1.4485780104E+05
           HessRho_EigVec1 =  3.0033993836E-01  1.2114107982E-01  9.4610821802E-01
           HessRho_EigVec2 =  6.5946400983E-01  6.9026468278E-01 -2.9772787481E-01
           HessRho_EigVec3 = -6.8913216523E-01  7.1334389076E-01  1.2742587003E-01
           DelSqRho = -4.3457406012E+05
           Bond Ellipticity = NA
           V = -1.0865386861E+05
           G =  5.1767899289E+00
           K =  1.0864869182E+05
           L =  1.0864351503E+05
           Vnuc =  6.3684305858E+06
           Ven = -7.4863494424E+08
           Vrep =  7.4852629037E+08
           DelSqV =  2.4927624903E+09
           DelSqVen =  2.7675551334E+12
           DelSqVrep = -2.7650623709E+12
           DelSqG =  1.3390195164E+08
           DelSqK = -2.6266644420E+09
           Stress_EigVals = -3.6218036451E+04 -3.6217953039E+04 -3.6217879119E+04
           Stress_EigVec1 = -7.1029231643E-01  6.8952627759E-01  1.4155683567E-01
           Stress_EigVec2 =  5.8953964055E-01  6.9261603269E-01 -4.1560322843E-01
           Stress_EigVec3 =  3.8461388098E-01  2.1174641382E-01  8.9846292010E-01
           -DivStress = -1.5425230065E+02  4.6836864855E+02 -5.8608782736E+02
           ESP =  -1.4744393695E+01     ESP at Nucleus =  -1.4744393697E+01
           ESPe = -3.4176946727E+01     ESPe at Nucleus = -3.4176946135E+01
           ESPn =  1.9432553032E+01     ESPn at Nucleus =  1.9432552438E+01

CP# 9      Coords =  6.26605301596859E+00 -2.22687526300804E+00 -3.35531439769992E+00
           Type = (3,-3) NACP C9
           Rho =  1.1750963033E+02     Rho at Nucleus =  1.1750962880E+02
           GradRho = -5.5018653072E-12  2.3686095640E-11  2.6733910902E-11
           HessRho_EigVals = -1.4478523412E+05 -1.4478362950E+05 -1.4478337908E+05
           HessRho_EigVec1 =  9.0956815212E-01 -3.2360139254E-01 -2.6070656954E-01
           HessRho_EigVec2 =  4.0314309190E-01  8.3933012392E-01  3.6469246022E-01
           HessRho_EigVec3 =  1.0080388934E-01 -4.3681469965E-01  8.9388561576E-01
           DelSqRho = -4.3435224270E+05
           Bond Ellipticity = NA
           V = -1.0859816405E+05
           G =  5.0516863322E+00
           K =  1.0859311236E+05
           L =  1.0858806067E+05
           Vnuc =  1.3035266315E+06
           Ven = -1.5317693259E+08
           Vrep =  1.5306833443E+08
           DelSqV =  2.4914710648E+09
           DelSqVen =  5.6618971136E+11
           DelSqVrep = -5.6369824030E+11
           DelSqG =  1.3381438590E+08
           DelSqK = -2.6252854507E+09
           Stress_EigVals = -3.6199598140E+04 -3.6199503951E+04 -3.6199061955E+04
           Stress_EigVec1 =  1.0943240740E-01 -4.0999241175E-01  9.0550028742E-01
           Stress_EigVec2 =  3.5635015018E-01  8.6659967058E-01  3.4931301353E-01
           Stress_EigVec3 =  9.2792193566E-01 -2.8444899940E-01 -2.4093494571E-01
           -DivStress =  3.1219135328E+03 -1.5476211597E+03 -1.3282350932E+03
           ESP =  -1.4703116898E+01     ESP at Nucleus =  -1.4703116997E+01
           ESPe = -3.4910626490E+01     ESPe at Nucleus = -3.4910618536E+01
           ESPn =  2.0207509592E+01     ESPn at Nucleus =  2.0207501540E+01

CP# 10     Coords =  3.78676200310278E+00 -1.38666733024451E+00 -2.70812063152483E+00
           Type = (3,-3) NACP O10
           Rho =  2.8987374125E+02     Rho at Nucleus =  2.8987371500E+02
           GradRho = -5.1848209970E-12 -1.6706533075E-11 -7.7801513062E-11
           HessRho_EigVals = -6.3917900850E+05 -6.3916583241E+05 -6.3915336932E+05
           HessRho_EigVec1 =  6.7993517092E-01 -5.0514481275E-01 -5.3152317117E-01
           HessRho_EigVec2 =  7.1994620788E-01  3.2232411405E-01  6.1464186585E-01
           HessRho_EigVec3 =  1.3916041499E-01  8.0058471360E-01 -5.8283659395E-01
           DelSqRho = -1.9174982102E+06
           Bond Ellipticity = NA
           V = -4.7946819098E+05
           G =  4.6819211302E+01
           K =  4.7942137177E+05
           L =  4.7937455256E+05
           Vnuc =  8.8277874254E+05
           Ven = -2.5589437680E+08
           Vrep =  2.5541490861E+08
           DelSqV =  1.9773500332E+10
           DelSqVen =  1.6927266601E+12
           DelSqVrep = -1.6729531595E+12
           DelSqG =  1.0573154110E+09
           DelSqK = -2.0830815743E+10
           Stress_EigVals = -1.5982581837E+05 -1.5982266062E+05 -1.5981971199E+05
           Stress_EigVec1 =  1.4049387097E-01  8.0087073856E-01 -5.8212329651E-01
           Stress_EigVec2 =  6.8183020645E-01  3.4805399628E-01  6.4340188471E-01
           Stress_EigVec3 =  7.1789208227E-01 -4.8730326881E-01 -4.9715840777E-01
           -DivStress = -5.1589125554E+04 -8.9179191196E+03 -2.5695223064E+04
           ESP =  -2.2341062639E+01     ESP at Nucleus =  -2.2341063644E+01
           ESPe = -4.3182322293E+01     ESPe at Nucleus = -4.3182313299E+01
           ESPn =  2.0841259654E+01     ESPn at Nucleus =  2.0841249655E+01

CP# 11     Coords = -5.90469316484786E+00 -2.01395811714612E+00 -2.75609921662377E+00
           Type = (3,-3) NACP C11
           Rho =  1.1759262002E+02     Rho at Nucleus =  1.1759262002E+02
           GradRho = -3.2847842502E-11 -1.8311394068E-11  9.6891661361E-12
           HessRho_EigVals = -1.4490354428E+05 -1.4490350864E+05 -1.4490333503E+05
           HessRho_EigVec1 =  5.6493221325E-02  7.8019760747E-01  6.2297689302E-01
           HessRho_EigVec2 = -9.5066310275E-01 -1.4860458508E-01  2.7231662155E-01
           HessRho_EigVec3 =  3.0503799931E-01 -6.0762518923E-01  7.3330992656E-01
           DelSqRho = -4.3471038795E+05
           Bond Ellipticity = NA
           V = -1.0868805566E+05
           G =  5.2293342405E+00
           K =  1.0868282632E+05
           L =  1.0867759699E+05
           Vnuc =  2.3611426044E+07
           Ven = -2.7765294510E+09
           Vrep =  2.7764207629E+09
           DelSqV =  2.4935397045E+09
           DelSqVen =  1.0264141365E+13
           DelSqVrep = -1.0261647826E+13
           DelSqG =  1.3394285499E+08
           DelSqK = -2.6274825595E+09
           Stress_EigVals = -3.6229466153E+04 -3.6229426996E+04 -3.6229162508E+04
           Stress_EigVec1 = -2.5898565083E-01  7.1042977564E-01  6.5438212578E-01
           Stress_EigVec2 =  9.4547694071E-01  3.2498717086E-01  2.1370384994E-02
           Stress_EigVec3 =  1.9748363790E-01 -6.2423783341E-01  7.5586198482E-01
           -DivStress =  8.3523007746E+01  4.2397159491E+01  1.8725958683E+02
           ESP =  -1.4776609243E+01     ESP at Nucleus =  -1.4776609245E+01
           ESPe = -3.4677451395E+01     ESPe at Nucleus = -3.4677451823E+01
           ESPn =  1.9900842152E+01     ESPn at Nucleus =  1.9900842579E+01

CP# 12     Coords = -6.36870798712445E+00 -1.00500660369297E-01 -1.12315379231186E+00
           Type = (3,-3) NACP C12
           Rho =  1.1762593390E+02     Rho at Nucleus =  1.1762593106E+02
           GradRho =  4.1976079242E-11  8.4957648555E-13 -6.7160773470E-12
