AIMSum (Version 19.02.13, Professional)
Copyright (c) 1997-2019 by Todd A. Keith
AIMSum is a component of the AIMAll package ( http://aim.tkgristmill.com )

TP:  64-bit Linux

Much of the Quantum Theory of Atoms in Molecules (QTAIM) is described in the book:
  "Atoms in Molecules - A Quantum Theory"
  R.F.W. Bader, Oxford University Press, Oxford, 1990

For additional references see:  http://aim.tkgristmill.com/references.html

Wfn File:  /home/mhennefarth/Documents/ML_Diels/summary-gordillo2007/6-opt/6-opt.wfn
Sum File:  /home/mhennefarth/Documents/ML_Diels/summary-gordillo2007/6-opt/6-opt.sum

SumViz File:  /home/mhennefarth/Documents/ML_Diels/summary-gordillo2007/6-opt/6-opt.sumviz

Wfn Title:   Title Card Required                                                           
 
Total memory allocated for AIMSum =        2.043 Megabytes

Atomic units (a.u.) used throughout, except where stated otherwise

Model:  Restricted SCF
 
Restricted, closed-shell, single-determinant wavefunction.
  Number of electrons (from MO Occs)                   =         134.0000000000
  Number of Alpha electrons (from MO Occs)             =          67.0000000000
  Number of Beta electrons (from MO Occs)              =          67.0000000000
  Number of electron pairs (N*(N-1)/2)                 =        8911.0000000000
  Number of electron pairs (from Muller 2EDM)          =        8911.0000000000
 
Nuclear Charges and Cartesian Coordinates:
-------------------------------------------------------------------------------
Atom      Charge                X                  Y                  Z
-------------------------------------------------------------------------------
C1         6.0           3.9960755200E+00   2.7570212300E+00   3.1503059000E-01
C2         6.0           5.4322695800E+00   6.7105767000E-01  -9.0059520000E-02
C3         6.0           4.6099011700E+00  -1.8615304400E+00   6.1488532000E-01
C4         6.0           3.0097928300E+00  -2.4774258000E+00   2.5038589300E+00
N5         7.0           4.6811054200E+00   5.2281800900E+00  -6.7024350000E-02
H6         1.0           2.0880708500E+00   2.5536280400E+00   1.0513489400E+00
H7         1.0           7.2512250000E+00   7.8620234000E-01  -1.0309586100E+00
H8         1.0           2.3345238800E+00  -4.3931318500E+00   2.7924626600E+00
H9         1.0           2.3599052900E+00  -1.0492632200E+00   3.8175716600E+00
C10        6.0          -3.1590786100E+00   8.2870309000E-01   6.9749300000E-01
O11        8.0          -2.5056258800E+00   2.9582383900E+00   1.3017019200E+00
H12        1.0          -1.7376622800E+00  -7.0043739000E-01   5.0352570000E-01
C13        6.0           2.7066228400E+00   7.0957832700E+00  -4.9086171000E-01
C14        6.0           7.1525506400E+00   5.8101014200E+00  -1.0920056700E+00
H15        1.0           3.2854580500E+00   8.9257002300E+00   2.8966946000E-01
H16        1.0           2.2911302100E+00   7.3578350300E+00  -2.5154296300E+00
H17        1.0           9.7098784000E-01   6.4858669100E+00   4.4566643000E-01
H18        1.0           7.5221027800E+00   7.8326941400E+00  -8.7088153000E-01
H19        1.0           8.6034684800E+00   4.7604192300E+00  -5.6518630000E-02
H20        1.0           7.3179729100E+00   5.3290153500E+00  -3.1130127900E+00
C21        6.0          -5.8006658300E+00   7.8828820000E-02   1.8888946000E-01
C22        6.0          -7.7662193400E+00   1.8491879600E+00   3.8954208000E-01
C23        6.0          -6.3388867100E+00  -2.4204182800E+00  -5.0250493000E-01
C24        6.0          -1.0242233410E+01   1.1180847400E+00  -9.8880520000E-02
H25        1.0          -7.3016781500E+00   3.7735390100E+00   9.2872557000E-01
C26        6.0          -8.8221184000E+00  -3.1509206900E+00  -9.9228756000E-01
H27        1.0          -4.8049005600E+00  -3.7807052300E+00  -6.5448933000E-01
C28        6.0          -1.0770041860E+01  -1.3812491400E+00  -7.8996827000E-01
H29        1.0          -1.1768510840E+01   2.4828708300E+00   5.4900040000E-02
H30        1.0          -9.2406104500E+00  -5.0876834500E+00  -1.5290926300E+00
H31        1.0          -1.2707168090E+01  -1.9472968400E+00  -1.1712071300E+00
O32        8.0           5.6897459500E+00  -3.6721225700E+00  -9.3750397000E-01
Si33      14.0           5.9373188500E+00  -6.7597139800E+00  -3.3455091000E-01
H34        1.0           3.4417073100E+00  -8.0637075700E+00  -3.4108146000E-01
H35        1.0           7.4997450400E+00  -7.7855758100E+00  -2.4207580600E+00
H36        1.0           7.1832596800E+00  -7.2335043200E+00   2.1400716400E+00
 
Some Atomic Properties:
----------------------
  q(A) = Net Charge of Atom A
  L(A) = Lagrangian of Atom A = -(1/4) Times Atomic Integral of the Laplacian of the Electron Density
  K(A) = Electronic Kinetic Energy of Atom A (Hamiltonian Form)
  K_Scaled(A) = K(A) * E(Mol)/K(Mol) = Approximation to Virial-Based Total Energy of Atom A.
  |Mu_Intra(A)| = Magnitude of Intraatomic Dipole Moment of Atom A
--------------------------------------------------------------------------------------------------
Atom A          q(A)              L(A)              K(A)          K_Scaled(A)      |Mu_Intra(A)|
--------------------------------------------------------------------------------------------------
C1        4.2487843860E-01  9.6290369169E-05  3.7457655036E+01 -3.7755085298E+01  6.9134858389E-01
C2       -3.9808854500E-02  1.2352539853E-04  3.7710057721E+01 -3.8009492171E+01  1.5787665045E-01
C3        4.8067681790E-01 -2.5581009789E-04  3.7386972915E+01 -3.7683841930E+01  7.1212701703E-01
C4       -1.2940322120E-01 -9.2800600742E-05  3.7706626946E+01 -3.8006034155E+01  2.2037345784E-01
N5       -1.1753850004E+00 -1.6689275523E-04  5.4885938429E+01 -5.5321756930E+01  2.0947102384E-01
H6        8.8113419720E-02  3.4125776547E-05  5.8766587744E-01 -5.9233220308E-01  1.2532000831E-01
H7        3.8539282760E-02  7.4385147884E-05  5.9953851045E-01 -6.0429911002E-01  1.5057209610E-01
H8        2.4277409060E-02  5.6599278078E-05  6.0007364467E-01 -6.0483849345E-01  1.4907347587E-01
H9        4.3947486040E-02  3.4641331466E-05  5.9306749862E-01 -5.9777671551E-01  1.4858460091E-01
C10       9.9640067730E-01  2.8047928994E-04  3.7050219900E+01 -3.7344414948E+01  9.0920580709E-01
O11      -1.1600797216E+00  1.4984355781E-05  7.5271925983E+01 -7.5869618195E+01  5.3075398755E-01
H12       5.1875649200E-02  3.3535987328E-06  5.9308603079E-01 -5.9779539483E-01  1.5665358628E-01
C13       3.2287597890E-01 -9.3954312805E-05  3.7500947645E+01 -3.7798721669E+01  5.1002121024E-01
C14       3.2800848210E-01  3.6290199801E-05  3.7500268146E+01 -3.7798036775E+01  5.1392900517E-01
H15       1.6978584670E-02  3.0025409331E-05  6.0910665494E-01 -6.1394322979E-01  1.5523189730E-01
H16       9.9558415400E-03  2.8044476890E-05  6.0911785825E-01 -6.1395452205E-01  1.6233065777E-01
H17       6.8376219750E-02  2.5499359672E-05  5.9064293093E-01 -5.9533289568E-01  1.2991157923E-01
H18       2.4583610670E-02  3.2661973437E-05  6.0627870729E-01 -6.1109282699E-01  1.5205644108E-01
H19       3.7548163920E-02  4.1702847983E-05  6.0136640010E-01 -6.0614151392E-01  1.5045940178E-01
H20       1.5856548180E-02  2.8287678426E-05  6.0514614799E-01 -6.0995127467E-01  1.6256582143E-01
C21      -1.4456014500E-02 -3.4490452890E-05  3.7768471024E+01 -3.8068369302E+01  3.5800526183E-02
C22      -2.7178665900E-02  3.5078095683E-05  3.7735844653E+01 -3.8035483864E+01  1.3872262165E-01
C23      -4.3100600400E-02 -2.5514296599E-05  3.7737646991E+01 -3.8037300512E+01  1.1827738871E-01
C24      -2.7349387400E-02  1.3887023193E-05  3.7719492681E+01 -3.8019002050E+01  1.2348605772E-01
H25       7.8675404510E-02  2.3890234441E-05  5.8405664208E-01 -5.8869430881E-01  1.4334011183E-01
C26      -2.6426993300E-02 -5.4761413988E-05  3.7718404468E+01 -3.8017905196E+01  1.2764402010E-01
H27       5.2142124260E-02  2.9244241753E-05  5.9268363208E-01 -5.9738980090E-01  1.4932427971E-01
C28      -3.0661027800E-02 -1.9348711934E-05  3.7722226016E+01 -3.8021757088E+01  1.0917764709E-01
H29       4.7823436610E-02  1.7674527977E-05  5.9604291358E-01 -6.0077575657E-01  1.4767507220E-01
H30       4.8213732160E-02  2.7016422868E-05  5.9582019481E-01 -6.0055126932E-01  1.4763811249E-01
H31       4.8181318550E-02  1.8204224358E-05  5.9620798528E-01 -6.0094213902E-01  1.4755319050E-01
O32      -1.3869602420E+00  2.6935486214E-05  7.5276797564E+01 -7.5874528459E+01  4.4090755757E-01
Si33      2.8402519110E+00  4.8965987948E-04  2.8750459552E+02 -2.8978750851E+02  1.6193900213E-01
H34      -6.8023170850E-01  2.8208570747E-05  7.9753301970E-01 -8.0386578279E-01  3.9214522251E-01
H35      -6.7389174220E-01  2.2930672834E-05  7.9669401773E-01 -8.0302011877E-01  3.9908594226E-01
H36      -6.7224677690E-01  1.7449526258E-05  7.9365397433E-01 -7.9995593610E-01  3.9664901990E-01
--------------------------------------------------------------------------------------------------
Total     1.0005808000E-03  9.4750275540E-04  9.9360187428E+02 -1.0014915103E+03
 
1st Largest |L(A)| = 4.8965987948E-04, atom Si33    
2nd Largest |L(A)| = 2.8047928994E-04, atom C10     
 
Molecular charge q(Mol) from the wfn file:   0.0000000000E+00
Molecular energy E(Mol) from the wfn file:  -1.0014914574E+03
Molecular virial ratio (-V(Mol)/T(Mol)) from the wfn file:   2.0079404400E+00
Note.  K_Scaled(A) = (1+V(Mol)/T(Mol))*K(A) = (E(Mol)/T(Mol))*K(A)
       Only use K_Scaled(A) data with caution.
 
N_AIMInt(SumA)     =        133.998999
N_Analytic(Mol)    =        133.999979
 
G_AIMInt(SumA)     =        993.600927
G_Analytic(Mol)    =        993.601768
 
K_AIMInt(SumA)     =        993.601874
K_Analytic(Mol)    =        993.601768
 
L_AIMInt(SumA)     =          0.000948
L_Analytic(Mol)    =          0.000000
 
VenT_AIMInt(SumA)  =      -4715.665664
VenT_Analytic(Mol) =      -4715.684641
 
Some Information About the Atomic Calculations:
----------------------------------------------
  Time(sec) = "Elapsed User Time", in Seconds, for Atom A by AIMInt and, if used, by TWOe
  NProc = Number of Processors Used for AIMInt Job
  BIM = Basin Integration Method
  OAQ = Angular Quadrature Outside of Beta Sphere
  ORQ = Multiple of Default for Radial Quadrature Outside of Beta Sphere
  IAQ = Multiple of Default for Angular Quadrature Inside of Beta Sphere
  IRQ = Multiple of Default for Radial Quadrature Inside of Beta Sphere
  MIR = Maximum Integration Radius
------------------------------------------------------------------------------------------------------
Atom A     Time(sec)   NProc      BIM          OAQ                     ORQ      IAQ      IRQ      MIR
------------------------------------------------------------------------------------------------------
C1             47        8     Proaim(5)    4500(GS4)                  1.00     1.00     1.00    13.00
C2             45        8     Proaim(5)    4500(GS4)                  1.00     1.00     1.00    13.00
C3             56        8     Proaim(5)    4500(GS4)                  1.00     1.00     1.00    13.00
C4             61        8     Proaim(5)    4500(GS4)                  1.00     1.00     1.00    13.00
N5             43        8     Proaim(5)    4500(GS4)                  1.00     1.00     1.00    13.00
H6             18        8     Proaim(5)    4500(GS4)                  1.00     1.00     1.00    13.00
H7             11        8     Proaim(5)    1800(GS4)                  1.00     1.00     1.00    13.00
H8             19        8     Proaim(5)    1800(GS4)                  1.00     1.00     1.00    13.00
H9              9        8     Proaim(5)    1800(GS4)                  1.00     1.00     1.00    13.00
C10            46        8     Proaim(5)    4500(GS4)                  1.00     1.00     1.00    13.00
O11            28        8     Proaim(5)    4500(GS4)                  1.00     1.00     1.00    13.00
H12            26        8     Proaim(5)    4500(GS4)                  1.00     1.00     1.00    13.00
C13            32        8     Proaim(5)    4500(GS4)                  1.00     1.00     1.00    13.00
C14            37        8     Proaim(5)    4500(GS4)                  1.00     1.00     1.00    13.00
H15             9        8     Proaim(5)    1800(GS4)                  1.00     1.00     1.00    13.00
H16             8        8     Proaim(5)    1800(GS4)                  1.00     1.00     1.00    13.00
H17            16        8     Proaim(5)    4500(GS4)                  1.00     1.00     1.00    13.00
H18             8        8     Proaim(5)    1800(GS4)                  1.00     1.00     1.00    13.00
H19            11        8     Proaim(5)    1800(GS4)                  1.00     1.00     1.00    13.00
H20             8        8     Proaim(5)    1800(GS4)                  1.00     1.00     1.00    13.00
C21            46        8     Proaim(5)    4500(GS4)                  1.00     1.00     1.00    13.00
C22            31        8     Proaim(5)    4500(GS4)                  1.00     1.00     1.00    13.00
C23            35        8     Proaim(5)    4500(GS4)                  1.00     1.00     1.00    13.00
C24            21        8     Proaim(5)    4500(GS4)                  1.00     1.00     1.00    13.00
H25            10        8     Proaim(5)    1800(GS4)                  1.00     1.00     1.00    13.00
C26            22        8     Proaim(5)    4500(GS4)                  1.00     1.00     1.00    13.00
H27            14        8     Proaim(5)    1800(GS4)                  1.00     1.00     1.00    13.00
C28            21        8     Proaim(5)    4500(GS4)                  1.00     1.00     1.00    13.00
H29             7        8     Proaim(5)    1800(GS4)                  1.00     1.00     1.00    13.00
H30             7        8     Proaim(5)    1800(GS4)                  1.00     1.00     1.00    13.00
H31             7        8     Proaim(5)    1800(GS4)                  1.00     1.00     1.00    13.00
O32            43        8     Proaim(5)    4500(GS4)                  1.00     1.00     1.00    13.00
Si33           44        8     Proaim(5)    4500(GS4)                  1.00     1.00     1.00    13.00
H34            16        8     Proaim(5)    1800(GS4)                  1.00     1.00     1.00    13.00
H35            10        8     Proaim(5)    1800(GS4)                  1.00     1.00     1.00    13.00
H36            12        8     Proaim(5)    1800(GS4)                  1.00     1.00     1.00    13.00
------------------------------------------------------------------------------------------------------
Total         884
Note:  Total wall clock time is less than total of atomic times if more than one atom
       was calculated at a time
 
Electron Density Critical Point Analysis of Molecular Structure:               
---------------------------------------------------------------                
  NACP = Nuclear Attractor Critical Point                                      
  NNACP = Non-Nuclear Attractor Critical Point                                 
  BCP = Bond Critical Point                                                    
  RCP = Ring Critical Point                                                    
  CCP = Cage Critical Point                                                    
  Rho = Electron Density                                                       
  GradRho = Gradient of Electron Density                                       
  HessRho_EigVals = Eigenvalues of the Hessian of Rho, Ascending Order         
  HessRho_EigVecs = Eigenvectors of the Hessian of Rho                         
  DelSqRho = Laplacian of Rho = Trace of Hessian of Rho                        
  Bond Ellipticity = (HessRho_EigVal(1) / HessRho_EigVal(2)) - 1               
  V = Virial Field = Potential Energy Density = Trace of Stress Tensor         
  G = Lagrangian Form of Kinetic Energy Density                                
  K = Hamiltonian Form of Kinetic Energy Density                               
  L = K - G = Lagrangian Density = (-1/4)DelSqRho                              
  Vnuc = Electrostatic Potential from Nuclei                                   
  Ven = Electron-nuclear attractive contribution to Virial Field V             
  Vrep = V - Ven = Repulsive contribution to Virial Field V                    
  DelSqV = Laplacian of V                                                      
  DelSqVen = Laplacian of Ven                                                  
  DelSqVrep = Laplacian of Vrep                                                
  DelSqG = Laplacian of G                                                      
  DelSqK = Laplacian of K                                                      
  Stress_EigVals = Eigenvalues of Stress Tensor, Ascending Order               
  Stress_EigVecs = Eigenvectors of Stress Tensor                               
  -DivStress = Ehrenfest Force Density = Minus Divergence of Stress Tensor     
  ESP = Total Electrostatic Potential                                          
  ESPe = Electrostatic Potential from Electrons                                
  ESPn = Electrostatic Potential from Nuclei                                   
  BP = Bond Path                                                               
  BPL = Bond Path Length                                                       
  GBL = Geometric Bond Length                                                  
  GBL_I = Distance Between Nuclear Attractors                                  
  GBL_II = Distance Between Nuclei                                             
  GBL_III = Sum of Distances Between BCP and Nuclear Attractors                
  GBL_IV = Sum of Distances Between BCP and Nuclei                             

CP# 1      Coords =  3.99607688856825E+00  2.75702560286652E+00  3.15030392735207E-01
           Type = (3,-3) NACP C1
           Rho =  1.1765235744E+02     Rho at Nucleus =  1.1765235592E+02
           GradRho = -4.8733551916E-12 -2.5613349983E-11  3.6720418373E-12
           HessRho_EigVals = -1.4496008366E+05 -1.4495964948E+05 -1.4495846880E+05
           HessRho_EigVec1 =  3.2551179680E-01  1.6902701666E-01  9.3030744261E-01
           HessRho_EigVec2 =  3.1832834026E-01  9.0686717724E-01 -2.7615030443E-01
           HessRho_EigVec3 =  8.9034214655E-01 -3.8603340592E-01 -2.4138987465E-01
           DelSqRho = -4.3487820194E+05
           Bond Ellipticity = NA
           V = -1.0872974382E+05
           G =  5.0966677887E+00
           K =  1.0872464715E+05
           L =  1.0871955048E+05
           Vnuc =  1.3082736398E+06
           Ven = -1.5392147790E+08
           Vrep =  1.5381274816E+08
           DelSqV =  2.4944746937E+09
           DelSqVen =  5.6893968282E+11
           DelSqVrep = -5.6644520915E+11
           DelSqG =  1.3397632997E+08
           DelSqK = -2.6284510236E+09
           Stress_EigVals = -3.6243614366E+04 -3.6243257128E+04 -3.6242872326E+04
           Stress_EigVec1 =  8.5220790265E-01 -4.6104475503E-01 -2.4734474834E-01
           Stress_EigVec2 =  4.0445459271E-01  8.8041598933E-01 -2.4755639392E-01
           Stress_EigVec3 =  3.3190084830E-01  1.1092979580E-01  9.3676913234E-01
           -DivStress = -1.1149548168E+03 -3.5514524067E+03  1.6147565361E+02
           ESP =  -1.4720592271E+01     ESP at Nucleus =  -1.4720592367E+01
           ESPe = -3.5109768605E+01     ESPe at Nucleus = -3.5109768799E+01
           ESPn =  2.0389176334E+01     ESPn at Nucleus =  2.0389176432E+01

CP# 2      Coords =  5.43226916288938E+00  6.71057016150285E-01 -9.00587403987591E-02
           Type = (3,-3) NACP C2
           Rho =  1.1758125695E+02     Rho at Nucleus =  1.1758125686E+02
           GradRho = -6.6919941810E-11 -1.7739324419E-10  2.0725038352E-10
           HessRho_EigVals = -1.4488237033E+05 -1.4488205117E+05 -1.4488189280E+05
           HessRho_EigVec1 =  3.7739017560E-01  9.0600686163E-01 -1.9164608536E-01
           HessRho_EigVec2 =  7.6848915700E-01 -4.2187247884E-01 -4.8109045632E-01
           HessRho_EigVec3 =  5.1672146359E-01 -3.4280873208E-02  8.5546697820E-01
           DelSqRho = -4.3464631431E+05
           Bond Ellipticity = NA
           V = -1.0867208225E+05
           G =  5.2518381416E+00
           K =  1.0866683042E+05
           L =  1.0866157858E+05
           Vnuc =  5.4561916888E+06
           Ven = -6.4154587693E+08
           Vrep =  6.4143720484E+08
           DelSqV =  2.4931661236E+09
           DelSqVen =  2.3715137126E+12
           DelSqVrep = -2.3690206121E+12
           DelSqG =  1.3391557639E+08
           DelSqK = -2.6270817000E+09
           Stress_EigVals = -3.6224169423E+04 -3.6224040410E+04 -3.6223872421E+04
           Stress_EigVec1 = -7.4958593034E-01  6.0846274493E-01  2.6056481164E-01
           Stress_EigVec2 =  4.8849710421E-01  7.7417218722E-01 -4.0252702233E-01
           Stress_EigVec3 =  4.4664472706E-01  1.7444343658E-01  8.7754086812E-01
           -DivStress =  3.4163619572E+02  5.3263055078E+02 -6.3279976667E+02
           ESP =  -1.4769984224E+01     ESP at Nucleus =  -1.4769984226E+01
           ESPe = -3.4759634020E+01     ESPe at Nucleus = -3.4759633228E+01
           ESPn =  1.9989649796E+01     ESPn at Nucleus =  1.9989649002E+01

CP# 3      Coords =  4.60990460545670E+00 -1.86153453037020E+00  6.14880703847366E-01
           Type = (3,-3) NACP C3
           Rho =  1.1762225783E+02     Rho at Nucleus =  1.1762225422E+02
           GradRho = -1.7461226909E-11 -8.3191422501E-12  1.2467804567E-13
           HessRho_EigVals = -1.4491169066E+05 -1.4491103529E+05 -1.4490957882E+05
           HessRho_EigVec1 =  2.7352825416E-01 -7.6004909249E-01 -5.8949781270E-01
           HessRho_EigVec2 = -8.1244514867E-01  1.4551219547E-01 -5.6458753207E-01
           HessRho_EigVec3 =  5.1489336233E-01  6.3336528005E-01 -5.7769650116E-01
           DelSqRho = -4.3473230477E+05
           Bond Ellipticity = NA
           V = -1.0869296079E+05
           G =  4.9422997385E+00
           K =  1.0868801849E+05
           L =  1.0868307619E+05
           Vnuc =  8.4988992194E+05
           Ven = -9.9965971523E+07
           Vrep =  9.9857278562E+07
           DelSqV =  2.4936241821E+09
           DelSqVen =  3.6947460397E+11
           DelSqVrep = -3.6698097972E+11
           DelSqG =  1.3391931452E+08
           DelSqK = -2.6275434966E+09
           Stress_EigVals = -3.6231449870E+04 -3.6230779626E+04 -3.6230731295E+04
           Stress_EigVec1 =  5.2801759212E-01  6.0770512280E-01 -5.9320477588E-01
           Stress_EigVec2 =  6.8150018942E-01 -7.1999955611E-01 -1.3098904927E-01
           Stress_EigVec3 = -5.0670989159E-01 -3.3510464474E-01 -7.9432358825E-01
           -DivStress = -2.7848548106E+03  3.3113905262E+03  3.7396903621E+03
           ESP =  -1.4688640463E+01     ESP at Nucleus =  -1.4688640724E+01
           ESPe = -3.5649726120E+01     ESPe at Nucleus = -3.5649725283E+01
           ESPn =  2.0961085657E+01     ESPn at Nucleus =  2.0961084559E+01

CP# 4      Coords =  3.00979212177502E+00 -2.47742612116822E+00  2.50385891022975E+00
           Type = (3,-3) NACP C4
           Rho =  1.1761232025E+02     Rho at Nucleus =  1.1761232020E+02
           GradRho = -1.0733797184E-10 -3.3899872492E-11 -1.3403889110E-11
           HessRho_EigVals = -1.4492955238E+05 -1.4492944974E+05 -1.4492928035E+05
           HessRho_EigVec1 =  2.4211252815E-01  9.3418527864E-01 -2.6206752735E-01
           HessRho_EigVec2 = -5.8878312836E-01  3.5614736976E-01  7.2559870367E-01
           HessRho_EigVec3 =  7.7117828773E-01 -2.1375597976E-02  6.3626027091E-01
           DelSqRho = -4.3478828247E+05
           Bond Ellipticity = NA
           V = -1.0870751503E+05
           G =  5.2222065795E+00
           K =  1.0870229282E+05
           L =  1.0869707062E+05
           Vnuc =  7.7131299642E+06
           Ven = -9.0715911145E+08
           Vrep =  9.0705040394E+08
           DelSqV =  2.4939862219E+09
           DelSqVen =  3.3535777833E+12
           DelSqVrep = -3.3510843214E+12
           DelSqG =  1.3396845488E+08
           DelSqK = -2.6279546768E+09
           Stress_EigVals = -3.6235963482E+04 -3.6235898043E+04 -3.6235653506E+04
           Stress_EigVec1 = -6.0567788976E-01  1.0167567811E-02  7.9564496757E-01
           Stress_EigVec2 =  1.7943685835E-01  9.7590765024E-01  1.2412361610E-01
           Stress_EigVec3 =  7.7521397544E-01 -2.1794696321E-01  5.9291012263E-01
           -DivStress =  5.7565883277E+02  2.6121979331E+02  1.1300262433E+01
           ESP =  -1.4776601824E+01     ESP at Nucleus =  -1.4776601829E+01
           ESPe = -3.3465363888E+01     ESPe at Nucleus = -3.3465364471E+01
           ESPn =  1.8688762064E+01     ESPn at Nucleus =  1.8688762642E+01

CP# 5      Coords =  4.68110484310939E+00  5.22817944284011E+00 -6.70284850193620E-02
           Type = (3,-3) NACP N5
           Rho =  1.9041217681E+02     Rho at Nucleus =  1.9041217395E+02
           GradRho =  4.8649168027E-11  1.1310594128E-10  1.2679857164E-12
           HessRho_EigVals = -3.2032771766E+05 -3.2032755612E+05 -3.2031811871E+05
           HessRho_EigVec1 =  9.1989654475E-01 -3.8376308537E-01 -8.0723238703E-02
           HessRho_EigVec2 =  3.4555882647E-01  8.9054640583E-01 -2.9583136498E-01
           HessRho_EigVec3 =  1.8541694747E-01  2.4423962284E-01  9.5182328309E-01
           DelSqRho = -9.6097339249E+05
           Bond Ellipticity = NA
           V = -2.4027847628E+05
           G =  1.7564080409E+01
           K =  2.4026091220E+05
           L =  2.4024334812E+05
           Vnuc =  1.6568522732E+06
           Ven = -3.1548484798E+08
           Vrep =  3.1524456951E+08
           DelSqV =  7.5443203823E+09
           DelSqVen =  1.5921909596E+12
           DelSqVrep = -1.5846466392E+12
           DelSqG =  4.0424017124E+08
           DelSqK = -7.9485605535E+09
           Stress_EigVals = -8.0094178106E+04 -8.0092202804E+04 -8.0092095372E+04
           Stress_EigVec1 =  1.8376106870E-01  2.4819398046E-01  9.5112124237E-01
           Stress_EigVec2 =  2.1337683357E-01  9.3445454309E-01 -2.8507022607E-01
           Stress_EigVec3 =  9.5953228008E-01 -2.5533204844E-01 -1.1875751983E-01
           -DivStress =  1.4115256373E+03  1.5764595339E+03  1.0140722546E+04
           ESP =  -1.8324597135E+01     ESP at Nucleus =  -1.8324597268E+01
           ESPe = -3.7036094475E+01     ESPe at Nucleus = -3.7036092534E+01
           ESPn =  1.8711497340E+01     ESPn at Nucleus =  1.8711495266E+01

CP# 6      Coords =  2.12187929565668E+00  2.55751130620267E+00  1.03831610182709E+00
           Type = (3,-3) NACP H6
           Rho =  4.2587752417E-01     Rho at Nucleus =  4.2187846142E-01
           GradRho =  6.2461068413E-09  7.1807187860E-10 -2.4097977173E-09
           HessRho_EigVals = -6.4908231355E+00 -6.4806356523E+00 -5.8523503470E+00
           HessRho_EigVec1 = -9.6297128068E-02  9.9428398391E-01  4.6110979797E-02
           HessRho_EigVec2 =  3.6140030028E-01 -8.2379729496E-03  9.3237436621E-01
           HessRho_EigVec3 =  9.2742476034E-01  1.0644949570E-01 -3.5854123721E-01
           DelSqRho = -1.8823809135E+01
           Bond Ellipticity = NA
           V = -4.7154124315E+00
           G =  4.7300739104E-03
           K =  4.7106823576E+00
           L =  4.7059522837E+00
           Vnuc =  4.9192884590E+01
           Ven = -2.0950143896E+01
           Vrep =  1.6234731464E+01
           DelSqV =  7.0748610715E+02
           DelSqVen =  9.2599748043E+02
           DelSqVrep = -2.1851137328E+02
           DelSqG =  6.9703541235E+01
           DelSqK = -7.7718964839E+02
           Stress_EigVals = -1.6255626896E+00 -1.6241140748E+00 -1.4657356672E+00
           Stress_EigVec1 = -1.0482736947E-01  9.9415982805E-01  2.5640961479E-02
           Stress_EigVec2 =  3.5781829366E-01  1.3648110265E-02  9.3369148963E-01
           Stress_EigVec3 =  9.2788862011E-01  1.0705122784E-01 -3.5715926880E-01
           -DivStress = -7.6293894703E+00 -8.7724237160E-01  2.9406419628E+00
           ESP =  -1.1135589365E+00     ESP at Nucleus =  -1.1162404642E+00
           ESPe = -2.2864816724E+01     ESPe at Nucleus = -2.2803320670E+01
           ESPn =  2.1751257787E+01     ESPn at Nucleus =  2.1687080206E+01

CP# 7      Coords =  7.22062643602060E+00  7.84543043618366E-01 -1.01503980315869E+00
           Type = (3,-3) NACP H7
           Rho =  4.2653561960E-01     Rho at Nucleus =  4.2291479296E-01
           GradRho = -4.4180802680E-12 -2.4508232900E-13  2.2991964235E-12
           HessRho_EigVals = -6.5130188024E+00 -6.5050273244E+00 -5.9190158569E+00
           HessRho_EigVec1 = -9.3998400585E-02  9.9341995508E-01 -6.5430066037E-02
           HessRho_EigVec2 =  4.5404101195E-01  1.0126463681E-01  8.8520745184E-01
           HessRho_EigVec3 =  8.8600849892E-01  5.3500151264E-02 -4.6057211559E-01
           DelSqRho = -1.8937061984E+01
           Bond Ellipticity = NA
           V = -4.7447676283E+00
           G =  5.2510661937E-03
           K =  4.7395165621E+00
           L =  4.7342654959E+00
           Vnuc =  4.8458070632E+01
           Ven = -2.0669093182E+01
           Vrep =  1.5924325553E+01
           DelSqV =  7.1373350067E+02
           DelSqVen =  9.1765348718E+02
           DelSqVrep = -2.0391998651E+02
           DelSqG =  7.0428984383E+01
           DelSqK = -7.8416248505E+02
           Stress_EigVals = -1.6316756347E+00 -1.6314158349E+00 -1.4816761587E+00
           Stress_EigVec1 =  4.6309924801E-01 -1.4425239107E-01  8.7448861294E-01
           Stress_EigVec2 =  2.1506234550E-02  9.8820462140E-01  1.5162159517E-01
           Stress_EigVec3 =  8.8604546631E-01  5.1408889485E-02 -4.6073914280E-01
           -DivStress =  6.9497187641E+00  3.7592217649E-01 -3.6155026173E+00
           ESP =  -1.1253514295E+00     ESP at Nucleus =  -1.1277879634E+00
           ESPe = -2.0624468644E+01     ESPe at Nucleus = -2.0527869998E+01
           ESPn =  1.9499117214E+01     ESPn at Nucleus =  1.9400082035E+01

CP# 8      Coords =  2.34604323697673E+00 -4.36130331239665E+00  2.78746005033867E+00
           Type = (3,-3) NACP H8
           Rho =  4.2459797983E-01     Rho at Nucleus =  4.2105767110E-01
           GradRho =  1.0844901322E-10  3.0017824958E-10 -4.7126233037E-11
           HessRho_EigVals = -6.4773635100E+00 -6.4706891730E+00 -5.8974091493E+00
           HessRho_EigVec1 =  5.0309765575E-01 -3.0619220341E-01 -8.0817020692E-01
           HessRho_EigVec2 =  7.9698225329E-01 -1.9727968426E-01  5.7087653141E-01
           HessRho_EigVec3 =  3.3423350627E-01  9.3130395723E-01 -1.4477880554E-01
           DelSqRho = -1.8845461832E+01
           Bond Ellipticity = NA
           V = -4.7220008889E+00
           G =  5.3177154113E-03
           K =  4.7166831735E+00
           L =  4.7113654581E+00
           Vnuc =  4.8179564412E+01
           Ven = -2.0456945718E+01
           Vrep =  1.5734944830E+01
           DelSqV =  7.1056097186E+02
           DelSqVen =  9.0796614277E+02
           DelSqVrep = -1.9740517091E+02
           DelSqG =  7.0059181511E+01
           DelSqK = -7.8062015337E+02
           Stress_EigVals = -1.6232616383E+00 -1.6227126255E+00 -1.4760266250E+00
           Stress_EigVec1 =  7.1796378366E-01 -1.5201760900E-01  6.7927803726E-01
           Stress_EigVec2 =  6.1010672813E-01 -3.3237080136E-01 -7.1923530968E-01
           Stress_EigVec3 =  3.3510861768E-01  9.3081700508E-01 -1.4588323208E-01
           -DivStress = -2.6065552190E+00 -7.1951513042E+00  1.1308755496E+00
           ESP =  -1.1193428689E+00     ESP at Nucleus =  -1.1217101493E+00
           ESPe = -2.0073348919E+01     ESPe at Nucleus = -1.9991499720E+01
           ESPn =  1.8954006050E+01     ESPn at Nucleus =  1.8869789570E+01

CP# 9      Coords =  2.37093500865972E+00 -1.07379044205520E+00  3.79501087040713E+00
           Type = (3,-3) NACP H9
           Rho =  4.2282242131E-01     Rho at Nucleus =  4.1913155335E-01
           GradRho = -1.1058862159E-15 -8.1347689002E-16 -1.3660947373E-16
           HessRho_EigVals = -6.4280366680E+00 -6.4200654714E+00 -5.8336445922E+00
           HessRho_EigVec1 =  5.6876526364E-01  6.8190873575E-01 -4.5989841377E-01
           HessRho_EigVec2 =  7.5934635501E-01 -2.2047122804E-01  6.1219731357E-01
           HessRho_EigVec3 = -3.1606832807E-01  6.9741875062E-01  6.4320128908E-01
           DelSqRho = -1.8681746732E+01
           Bond Ellipticity = NA
           V = -4.6809078889E+00
           G =  5.2356030137E-03
           K =  4.6756722859E+00
           L =  4.6704366829E+00
           Vnuc =  4.7895491057E+01
           Ven = -2.0251287499E+01
           Vrep =  1.5570379610E+01
           DelSqV =  7.0332266245E+02
           DelSqVen =  8.9477143350E+02
           DelSqVrep = -1.9144877106E+02
           DelSqG =  6.9145332064E+01
           DelSqK = -7.7246799451E+02
           Stress_EigVals = -1.6107510857E+00 -1.6102472164E+00 -1.4599095868E+00
           Stress_EigVec1 =  7.4081949803E-01 -2.4387539416E-01  6.2586840747E-01
           Stress_EigVec2 =  5.9302231137E-01  6.7504777467E-01 -4.3890208489E-01
           Stress_EigVec3 = -3.1545365675E-01  6.9630115183E-01  6.4471210351E-01
           -DivStress = -2.4712533230E+00  5.4957217571E+00  5.0561521308E+00
           ESP =  -1.1254278528E+00     ESP at Nucleus =  -1.1278972205E+00
           ESPe = -2.0533416963E+01     ESPe at Nucleus = -2.0457915915E+01
           ESPn =  1.9407989110E+01     ESPn at Nucleus =  1.9330018695E+01

CP# 10     Coords = -3.15907887236744E+00  8.28705554077073E-01  6.97493574818471E-01
           Type = (3,-3) NACP C10
           Rho =  1.1775748841E+02     Rho at Nucleus =  1.1775748794E+02
           GradRho = -3.5159526852E-10  3.4708744854E-09  8.1390993153E-10
           HessRho_EigVals = -1.4508954326E+05 -1.4508729790E+05 -1.4508688323E+05
           HessRho_EigVec1 = -1.1819004638E-01 -2.3542620250E-01  9.6467902233E-01
           HessRho_EigVec2 =  4.3511793828E-01  8.6097529439E-01  2.6342726174E-01
           HessRho_EigVec3 =  8.9258248511E-01 -4.5088362758E-01 -6.7945386963E-04
           DelSqRho = -4.3526372440E+05
           Bond Ellipticity = NA
           V = -1.0882578068E+05
           G =  4.9247896438E+00
           K =  1.0882085589E+05
           L =  1.0881593110E+05
           Vnuc =  2.3586943011E+06
           Ven = -2.7775391682E+08
           Vrep =  2.7764509104E+08
           DelSqV =  2.4966711948E+09
           DelSqVen =  1.0266540564E+12
           DelSqVrep = -1.0241573853E+12
           DelSqG =  1.3409337352E+08
           DelSqK = -2.6307645683E+09
           Stress_EigVals = -3.6275605882E+04 -3.6275531010E+04 -3.6274643787E+04
           Stress_EigVec1 = -2.3371704514E-01  9.5079757433E-01  2.0337235667E-01
           Stress_EigVec2 =  9.6504609450E-01  2.0133075856E-01  1.6778546166E-01
           Stress_EigVec3 = -1.1858489912E-01 -2.3547802085E-01  9.6461791576E-01
           -DivStress =  2.1636670808E+02 -2.0090633651E+03 -4.6827973632E+02
           ESP =  -1.4654331192E+01     ESP at Nucleus =  -1.4654331208E+01
           ESPe = -3.4841559517E+01     ESPe at Nucleus = -3.4841557589E+01
           ESPn =  2.0187228325E+01     ESPn at Nucleus =  2.0187226381E+01

CP# 11     Coords = -2.50562844705289E+00  2.95822945372834E+00  1.30169937786809E+00
           Type = (3,-3) NACP O11
           Rho =  2.9032408166E+02     Rho at Nucleus =  2.9032405192E+02
           GradRho =  9.3653653409E-11 -1.1042985146E-10  1.1378687489E-11
           HessRho_EigVals = -6.4023095664E+05 -6.4022513077E+05 -6.4020617888E+05
           HessRho_EigVec1 = -1.2083690637E-01 -2.4060079456E-01  9.6307305004E-01
           HessRho_EigVec2 =  2.9755628360E-01  9.1679103792E-01  2.6637276678E-01
           HessRho_EigVec3 =  9.4702624048E-01 -3.1875609868E-01  3.9189914551E-02
           DelSqRho = -1.9206622663E+06
           Bond Ellipticity = NA
           V = -4.8025769637E+05
           G =  4.6064899492E+01
           K =  4.8021163147E+05
           L =  4.8016556657E+05
           Vnuc =  8.2998446630E+05
           Ven = -2.4096447797E+08
           Vrep =  2.4048422027E+08
           DelSqV =  1.9806058489E+10
           DelSqVen =  1.5941198464E+12
           DelSqVrep = -1.5743137879E+12
           DelSqG =  1.0591650689E+09
           DelSqK = -2.0865223558E+10
           Stress_EigVals = -1.6008951644E+05 -1.6008479753E+05 -1.6008338240E+05
           Stress_EigVec1 =  9.4776429826E-01 -3.1647767108E-01  3.9808524817E-02
           Stress_EigVec2 =  2.9546149733E-01  9.1807056415E-01  2.6428950572E-01
           Stress_EigVec3 = -1.2018876210E-01 -2.3872227157E-01  9.6362147056E-01
           -DivStress =  1.6511521424E+04  5.7634997408E+04  1.6387512401E+04
           ESP =  -2.2316199919E+01     ESP at Nucleus =  -2.2316201028E+01
           ESPe = -3.9921669543E+01     ESPe at Nucleus = -3.9921653731E+01
           ESPn =  1.7605469624E+01     ESPn at Nucleus =  1.7605452703E+01

CP# 12     Coords = -1.76080958778784E+00 -6.76377518858884E-01  5.06444256547672E-01
           Type = (3,-3) NACP H12
           Rho =  4.2638470900E-01     Rho at Nucleus =  4.2294300173E-01
           GradRho = -3.4607733346E-16  7.3075226426E-17 -1.0912494866E-16
           HessRho_EigVals = -6.5797907924E+00 -6.5688442157E+00 -5.9812064036E+00
           HessRho_EigVec1 =  7.1763526914E-01  6.5208966230E-01  2.4449681552E-01
           HessRho_EigVec2 = -1.1863693478E-01 -2.3147600593E-01  9.6557968930E-01
           HessRho_EigVec3 = -6.8623967984E-01  7.2194039297E-01  8.8753427080E-02
           DelSqRho = -1.9129841412E+01
           Bond Ellipticity = NA
           V = -4.7915852586E+00
           G =  4.5624528683E-03
           K =  4.7870228058E+00
           L =  4.7824603529E+00
           Vnuc =  5.0886455971E+01
           Ven = -2.1697206721E+01
           Vrep =  1.6905621463E+01
           DelSqV =  7.2272114520E+02
           DelSqVen =  9.7344983272E+02
           DelSqVrep = -2.5072868752E+02
           DelSqG =  7.1901566930E+01
           DelSqK = -7.9462271213E+02
           Stress_EigVals = -1.6473889879E+00 -1.6444798562E+00 -1.4997164145E+00
           Stress_EigVec1 =  7.1765662720E-01  6.5112062406E-01  2.4700384278E-01
           Stress_EigVec2 = -1.2036866353E-01 -2.3337126518E-01  9.6490892701E-01
           Stress_EigVec3 = -6.8591570202E-01  7.2220480856E-01  8.9105915738E-02
           -DivStress =  5.3093234982E+00 -5.5172670046E+00 -6.6898759252E-01
           ESP =  -1.0976635994E+00     ESP at Nucleus =  -1.1000192852E+00
           ESPe = -2.2145909887E+01     ESPe at Nucleus = -2.2086294951E+01
           ESPn =  2.1048246288E+01     ESPn at Nucleus =  2.0986275665E+01

CP# 13     Coords =  2.70662595648162E+00  7.09578095417081E+00 -4.90861366667245E-01
           Type = (3,-3) NACP C13
           Rho =  1.1750678089E+02     Rho at Nucleus =  1.1750677979E+02
           GradRho =  1.6818501453E-11  4.1049545707E-11 -3.0083019409E-12
           HessRho_EigVals = -1.4478715522E+05 -1.4478585547E+05 -1.4478561111E+05
           HessRho_EigVec1 = -7.0588573087E-01  6.9053893432E-01 -1.5773812207E-01
           HessRho_EigVec2 =  1.7909579328E-01  3.8945267950E-01  9.0346627345E-01
           HessRho_EigVec3 = -6.8531017196E-01 -6.0949371664E-01  3.9858170754E-01
           DelSqRho = -4.3435862180E+05
           Bond Ellipticity = NA
           V = -1.0860006832E+05
           G =  5.2064374409E+00
           K =  1.0859486189E+05
           L =  1.0858965545E+05
           Vnuc =  1.5393184228E+06
           Ven = -1.8088035262E+08
           Vrep =  1.8077175256E+08
           DelSqV =  2.4915181290E+09
           DelSqVen =  6.6861623501E+11
           DelSqVrep = -6.6612471688E+11
           DelSqG =  1.3382254944E+08
           DelSqK = -2.6253406784E+09
           Stress_EigVals = -3.6200195368E+04 -3.6200119053E+04 -3.6199753903E+04
           Stress_EigVec1 = -6.8423839661E-01 -6.2278380930E-01  3.7941816440E-01
           Stress_EigVec2 =  1.6247230514E-01  3.7701777685E-01  9.1184447468E-01
