AIMSum (Version 19.02.13, Professional)
Copyright (c) 1997-2019 by Todd A. Keith
AIMSum is a component of the AIMAll package ( http://aim.tkgristmill.com )

TP:  64-bit Linux

Much of the Quantum Theory of Atoms in Molecules (QTAIM) is described in the book:
  "Atoms in Molecules - A Quantum Theory"
  R.F.W. Bader, Oxford University Press, Oxford, 1990

For additional references see:  http://aim.tkgristmill.com/references.html

Wfn File:  /home/mhennefarth/Documents/ML_Diels/summary-gordillo2007/7-opt/7-opt.wfn
Sum File:  /home/mhennefarth/Documents/ML_Diels/summary-gordillo2007/7-opt/7-opt.sum

SumViz File:  /home/mhennefarth/Documents/ML_Diels/summary-gordillo2007/7-opt/7-opt.sumviz

Wfn Title:   Title Card Required                                                           
 
Total memory allocated for AIMSum =        3.294 Megabytes

Atomic units (a.u.) used throughout, except where stated otherwise

Model:  Restricted SCF
 
Restricted, closed-shell, single-determinant wavefunction.
  Number of electrons (from MO Occs)                   =         170.0000000000
  Number of Alpha electrons (from MO Occs)             =          85.0000000000
  Number of Beta electrons (from MO Occs)              =          85.0000000000
  Number of electron pairs (N*(N-1)/2)                 =       14365.0000000000
  Number of electron pairs (from Muller 2EDM)          =       14365.0000000000
 
Nuclear Charges and Cartesian Coordinates:
-------------------------------------------------------------------------------
Atom      Charge                X                  Y                  Z
-------------------------------------------------------------------------------
C1         6.0           5.2045061800E+00   2.2670745500E+00   2.6642070500E+00
C2         6.0           7.2900383000E+00   3.2750228800E+00   1.4180023900E+00
C3         6.0           6.9538787400E+00   4.5441861800E+00  -8.7457269000E-01
C4         6.0           4.5375591900E+00   4.8047220300E+00  -1.9137301700E+00
C5         6.0           2.4442315500E+00   3.8105984800E+00  -6.7014449000E-01
C6         6.0           2.7720537600E+00   2.5345640300E+00   1.6374736700E+00
C7         6.0           6.1680223000E-01   1.4926958900E+00   3.0381680700E+00
O8         8.0          -1.6253141400E+00   1.8037959300E+00   2.4751945900E+00
O9         8.0          -4.9914247500E+00  -1.9695492100E+00   4.2781457300E+00
C10        6.0          -5.9145661200E+00  -1.6554366800E+00   6.7702582600E+00
O11        8.0          -3.9501264700E+00   4.2364208500E+00  -1.7870423800E+00
C12        6.0          -4.5442242900E+00   6.6666502000E+00  -8.2507804000E-01
C13        6.0           1.1115701500E+00  -4.1218569300E+00   1.8985962000E+00
C14        6.0           1.2901351000E+00  -3.5453043100E+00  -5.9080409000E-01
C15        6.0          -6.9801867000E-01  -2.7096731900E+00  -2.2883058900E+00
C16        6.0          -3.1918209800E+00  -2.6207627500E+00  -1.6525976200E+00
N17        7.0          -5.1594279500E+00  -1.9313557700E+00  -3.1681971800E+00
C18        6.0          -7.5365493600E+00  -1.1586631600E+00  -2.0069887500E+00
O19        8.0           3.5862435800E+00  -3.6237474400E+00  -1.8427342000E+00
Si20      14.0           6.2468358900E+00  -5.0225054200E+00  -8.9610227000E-01
C21        6.0          -4.6725503600E+00  -9.4213847000E-01  -5.6825351200E+00
H22        1.0          -3.7847601800E+00  -3.1891921500E+00   2.2767287000E-01
H23        1.0          -3.2340282000E+00   3.2480130000E+00  -4.0051595000E-01
H24        1.0          -3.9656697800E+00  -4.9675019000E-01   3.8324283800E+00
H25        1.0          -5.3171850000E-02  -2.1418070700E+00  -4.1480017400E+00
H26        1.0          -9.1359007000E+00  -1.8531006600E+00  -3.1277759500E+00
H27        1.0          -7.6563697600E+00  -1.9373448500E+00  -9.8624990000E-02
H28        1.0          -7.6508571800E+00   9.1084954000E-01  -1.8786339200E+00
H29        1.0          -3.3866534500E+00  -2.2020784800E+00  -6.7011804000E+00
H30        1.0          -6.4550355500E+00  -8.5662228000E-01  -6.7260764000E+00
H31        1.0          -3.8508174800E+00   9.6420253000E-01  -5.6055021200E+00
H32        1.0          -5.3187100400E+00   7.7762670300E+00  -2.3882766900E+00
H33        1.0          -2.8695701300E+00   7.6603384000E+00  -9.3056650000E-02
H34        1.0          -4.3865672400E+00  -1.5174032300E+00   8.1766270400E+00
H35        1.0          -7.0492818200E+00  -3.3233431100E+00   7.2228854100E+00
H36        1.0           5.8711506000E+00  -7.7763381000E+00  -4.7159074000E-01
H37        1.0           8.0668913900E+00  -4.6102805400E+00  -2.9841943500E+00
H38        1.0           7.2903718200E+00  -3.9025213600E+00   1.4659039900E+00
H39        1.0           2.7359710100E+00  -4.7550472900E+00   2.9786657400E+00
H40        1.0          -6.9064979000E-01  -4.0864002300E+00   2.8702426500E+00
H41        1.0           1.0993686500E+00   4.4048288000E-01   4.7705625300E+00
H42        1.0           8.5791694800E+00   5.3275363700E+00  -1.8557942200E+00
H43        1.0           4.2912739600E+00   5.7835707400E+00  -3.7013185600E+00
H44        1.0           5.6535292000E-01   3.9985554500E+00  -1.4718263200E+00
H45        1.0           5.4462315400E+00   1.2610863900E+00   4.4401468300E+00
H46        1.0           9.1685180600E+00   3.0702026000E+00   2.2197671300E+00
H47        1.0          -5.9702533700E+00   6.5930334200E+00   6.8681329000E-01
H48        1.0          -7.1290080400E+00   2.3223940000E-02   6.9632624600E+00
 
Some Atomic Properties:
----------------------
  q(A) = Net Charge of Atom A
  L(A) = Lagrangian of Atom A = -(1/4) Times Atomic Integral of the Laplacian of the Electron Density
  K(A) = Electronic Kinetic Energy of Atom A (Hamiltonian Form)
  K_Scaled(A) = K(A) * E(Mol)/K(Mol) = Approximation to Virial-Based Total Energy of Atom A.
  |Mu_Intra(A)| = Magnitude of Intraatomic Dipole Moment of Atom A
--------------------------------------------------------------------------------------------------
Atom A          q(A)              L(A)              K(A)          K_Scaled(A)      |Mu_Intra(A)|
--------------------------------------------------------------------------------------------------
C1       -3.9151906600E-02 -5.4544261181E-05  3.7737724819E+01 -3.8045578989E+01  1.1488811572E-01
C2       -2.7532391700E-02 -3.1310907142E-05  3.7718834035E+01 -3.8026534099E+01  1.2913576477E-01
C3       -3.0367814100E-02  7.9095590242E-05  3.7723089744E+01 -3.8030824525E+01  1.0829961017E-01
C4       -2.3985073400E-02  2.6828234312E-05  3.7719442587E+01 -3.8027147615E+01  1.2382666450E-01
C5       -2.9578138500E-02  4.1606669728E-05  3.7735829036E+01 -3.8043667740E+01  1.7153021418E-01
C6        2.6547201000E-03 -1.4265876475E-04  3.7755590273E+01 -3.8063590184E+01  2.4178107555E-02
C7        9.6077054450E-01  5.9179329008E-05  3.7071680410E+01 -3.7374101170E+01  8.9342395997E-01
O8       -1.1843196974E+00 -1.2713079156E-05  7.5260411132E+01 -7.5874365246E+01  4.8097187651E-01
O9       -1.1417703203E+00  1.3112856353E-05  7.5128888197E+01 -7.5741769382E+01  1.3473999683E-01
C10       4.9744629280E-01 -4.9761450047E-04  3.7365064596E+01 -3.7669878705E+01  6.1338242710E-01
O11      -1.1381943242E+00 -8.6098173366E-05  7.5122226968E+01 -7.5735053813E+01  1.4798014788E-01
C12       4.9273347810E-01 -1.3232596333E-04  3.7369062643E+01 -3.7673909366E+01  6.1261754627E-01
C13      -1.4342200760E-01 -5.4052458708E-05  3.7716807218E+01 -3.8024490748E+01  2.3707814148E-01
C14       4.8242194000E-01  3.2320035665E-04  3.7383824769E+01 -3.7688791918E+01  7.2110972544E-01
C15      -4.2911298500E-02 -5.7722407045E-05  3.7711166269E+01 -3.8018803782E+01  1.6453603733E-01
C16       4.5308489880E-01 -2.2598842955E-04  3.7444891414E+01 -3.7750356728E+01  6.9792639423E-01
N17      -1.1788352840E+00  3.2291036080E-04  5.4893364841E+01 -5.5341170091E+01  2.2642104352E-01
C18       3.1227742880E-01 -1.0694317443E-05  3.7510370174E+01 -3.7816369646E+01  5.2496836543E-01
O19      -1.3887818423E+00  1.1182871057E-04  7.5280342600E+01 -7.5894459309E+01  4.3739206267E-01
Si20      2.8425857890E+00  2.5403417171E-04  2.8749871361E+02 -2.8984405049E+02  1.6244846919E-01
C21       3.1770842430E-01 -1.5707396372E-04  3.7509124429E+01 -3.7815113738E+01  5.2626929558E-01
H22       9.4606647110E-02  3.1299703534E-05  5.8912179145E-01 -5.9392768797E-01  1.1938533917E-01
H23       5.9002209720E-01 -3.2321435559E-05  3.5049905866E-01 -3.5335833535E-01  1.4279047422E-01
H24       5.8731662360E-01  2.1593181323E-04  3.5145951753E-01 -3.5432662938E-01  1.4283290967E-01
H25       4.3718772700E-02  2.4623885114E-05  5.9919951177E-01 -6.0408761961E-01  1.4917232982E-01
H26       1.2516183490E-02  2.5593675877E-05  6.1056437512E-01 -6.1554519444E-01  1.5663622052E-01
H27       6.1125467320E-02  3.1294364277E-05  5.9295503131E-01 -5.9779219835E-01  1.3412062271E-01
H28       4.4167532550E-02 -7.1144009138E-05  5.9875895878E-01 -6.0364347271E-01  1.4516227628E-01
H29       2.9093221360E-02 -5.5623736962E-06  6.0526432359E-01 -6.1020190652E-01  1.5106184025E-01
H30       2.2425859090E-02  2.6546384653E-05  6.0732399068E-01 -6.1227837582E-01  1.5204271520E-01
H31       5.3956192850E-02  4.3911217063E-05  5.9263967425E-01 -5.9747426870E-01  1.4483588722E-01
H32       2.3227451950E-02  2.5580528781E-05  6.1014539787E-01 -6.1512279929E-01  1.5056787439E-01
H33       3.0029134300E-03  3.1774538112E-05  6.1559142406E-01 -6.2061325269E-01  1.6043745985E-01
H34       3.3610287000E-04  2.7822411704E-05  6.1668238005E-01 -6.2171310840E-01  1.6083567537E-01
H35       2.6019138490E-02  2.0412653146E-05  6.0913384963E-01 -6.1410299910E-01  1.4985699813E-01
H36      -6.7347872200E-01  1.9067475683E-05  7.9451818146E-01 -8.0099964627E-01  3.9652163123E-01
H37      -6.7365020670E-01  2.2880633827E-05  7.9685637821E-01 -8.0335691739E-01  3.9887154976E-01
H38      -6.8025409330E-01  2.9414272308E-05  7.9850746423E-01 -8.0502147253E-01  3.9343492539E-01
H39       2.0786182610E-02  2.8903083392E-05  6.0224766402E-01 -6.0716063785E-01  1.4823555591E-01
H40       6.8093396960E-02  3.0453272412E-05  5.8539966667E-01 -5.9017519909E-01  1.3216013317E-01
H41       4.9511446120E-02  2.8385167947E-05  5.9917075544E-01 -6.0405862869E-01  1.5858237879E-01
H42       4.8438636460E-02  2.4590717853E-05  5.9613006247E-01 -6.0099313057E-01  1.4753774009E-01
H43       4.9919709060E-02  2.3171301767E-05  5.9542684465E-01 -6.0028417608E-01  1.4719946066E-01
H44       1.0336677612E-01  3.2638658306E-05  5.7731680789E-01 -5.8202640253E-01  1.2352068080E-01
H45       4.7533590960E-02  2.5228486768E-05  5.9508026189E-01 -5.9993476599E-01  1.5008556940E-01
H46       4.7669136690E-02  2.8080610038E-05  5.9600819561E-01 -6.0087026955E-01  1.4782932118E-01
H47       5.0592496900E-03  2.4552069997E-05  6.1516539320E-01 -6.2018374639E-01  1.5889351735E-01
H48       3.3010880300E-03  2.4380788256E-05  6.1552758999E-01 -6.2054889787E-01  1.6024461085E-01
--------------------------------------------------------------------------------------------------
Total     6.6381251000E-04  5.0650894916E-04  1.2229731443E+03 -1.2329498290E+03
 
1st Largest |L(A)| = 4.9761450047E-04, atom C10     
2nd Largest |L(A)| = 3.2320035665E-04, atom C14     
 
Molecular charge q(Mol) from the wfn file:   0.0000000000E+00
Molecular energy E(Mol) from the wfn file:  -1.2329498686E+03
Molecular virial ratio (-V(Mol)/T(Mol)) from the wfn file:   2.0081577300E+00
Note.  K_Scaled(A) = (1+V(Mol)/T(Mol))*K(A) = (E(Mol)/T(Mol))*K(A)
       Only use K_Scaled(A) data with caution.
 
N_AIMInt(SumA)     =        169.999336
N_Analytic(Mol)    =        169.999973
 
G_AIMInt(SumA)     =       1222.972638
G_Analytic(Mol)    =       1222.973122
 
K_AIMInt(SumA)     =       1222.973144
K_Analytic(Mol)    =       1222.973122
 
L_AIMInt(SumA)     =          0.000507
L_Analytic(Mol)    =          0.000000
 
VenT_AIMInt(SumA)  =      -6720.768784
VenT_Analytic(Mol) =      -6720.785298
 
Some Information About the Atomic Calculations:
----------------------------------------------
  Time(sec) = "Elapsed User Time", in Seconds, for Atom A by AIMInt and, if used, by TWOe
  NProc = Number of Processors Used for AIMInt Job
  BIM = Basin Integration Method
  OAQ = Angular Quadrature Outside of Beta Sphere
  ORQ = Multiple of Default for Radial Quadrature Outside of Beta Sphere
  IAQ = Multiple of Default for Angular Quadrature Inside of Beta Sphere
  IRQ = Multiple of Default for Radial Quadrature Inside of Beta Sphere
  MIR = Maximum Integration Radius
------------------------------------------------------------------------------------------------------
Atom A     Time(sec)   NProc      BIM          OAQ                     ORQ      IAQ      IRQ      MIR
------------------------------------------------------------------------------------------------------
C1             52        8     Proaim(5)    4500(GS4)                  1.00     1.00     1.00    13.00
C2             37        8     Proaim(5)    4500(GS4)                  1.00     1.00     1.00    13.00
C3             31        8     Proaim(5)    4500(GS4)                  1.00     1.00     1.00    13.00
C4             29        8     Proaim(5)    4500(GS4)                  1.00     1.00     1.00    13.00
C5             46        8     Proaim(5)    4500(GS4)                  1.00     1.00     1.00    13.00
C6             62        8     Proaim(5)    4500(GS4)                  1.00     1.00     1.00    13.00
C7             92        8     Proaim(5)    4500(GS4)                  1.00     1.00     1.00    13.00
O8             64        8     Proaim(5)    4500(GS4)                  1.00     1.00     1.00    13.00
O9             54        8     Proaim(5)    4500(GS4)                  1.00     1.00     1.00    13.00
C10            41        8     Proaim(5)    4500(GS4)                  1.00     1.00     1.00    13.00
O11            61        8     Proaim(5)    4500(GS4)                  1.00     1.00     1.00    13.00
C12            46        8     Proaim(5)    4500(GS4)                  1.00     1.00     1.00    13.00
C13           124        8     Proaim(5)    4500(GS4)                  1.00     1.00     1.00    13.00
C14           117        8     Proaim(5)    4500(GS4)                  1.00     1.00     1.00    13.00
C15            98        8     Proaim(5)    5400(GS5)                  1.00     1.00     1.00    13.00
C16           112        8     Proaim(5)    4500(GS4)                  1.00     1.00     1.00    13.00
N17            73        8     Proaim(5)    4500(GS4)                  1.00     1.00     1.00    13.00
C18            49        8     Proaim(5)    4500(GS4)                  1.00     1.00     1.00    13.00
O19            47        8     Proaim(5)    4500(GS4)                  1.00     1.00     1.00    13.00
Si20           51        8     Proaim(5)    4500(GS4)                  1.00     1.00     1.00    13.00
C21            54        8     Proaim(5)    4500(GS4)                  1.00     1.00     1.00    13.00
H22            35        8     Proaim(5)    4500(GS4)                  1.00     1.00     1.00    13.00
H23            24        8     Proaim(5)    4500(GS4)                  1.00     1.00     1.00    13.00
H24            28        8     Proaim(5)    4500(GS4)                  1.00     1.00     1.00    13.00
H25            19        8     Proaim(5)    1800(GS4)                  1.00     1.00     1.00    13.00
H26            10        8     Proaim(5)    1800(GS4)                  1.00     1.00     1.00    13.00
H27            19        8     Proaim(5)    4500(GS4)                  1.00     1.00     1.00    13.00
H28            28        8     Proaim(5)    4500(GS4)                  1.00     1.00     1.00    13.00
H29            14        8     Proaim(5)    1800(GS4)                  1.00     1.00     1.00    13.00
H30            10        8     Proaim(5)    1800(GS4)                  1.00     1.00     1.00    13.00
H31            21        8     Proaim(5)    4500(GS4)                  1.00     1.00     1.00    13.00
H32             9        8     Proaim(5)    1800(GS4)                  1.00     1.00     1.00    13.00
H33            13        8     Proaim(5)    1800(GS4)                  1.00     1.00     1.00    13.00
H34            12        8     Proaim(5)    1800(GS4)                  1.00     1.00     1.00    13.00
H35             8        8     Proaim(5)    1800(GS4)                  1.00     1.00     1.00    13.00
H36            14        8     Proaim(5)    1800(GS4)                  1.00     1.00     1.00    13.00
H37            15        8     Proaim(5)    1800(GS4)                  1.00     1.00     1.00    13.00
H38            35        8     Proaim(5)    4500(GS4)                  1.00     1.00     1.00    13.00
H39            15        8     Proaim(5)    1800(GS4)                  1.00     1.00     1.00    13.00
H40            32        8     Proaim(5)    4500(GS4)                  1.00     1.00     1.00    13.00
H41            17        8     Proaim(5)    1800(GS4)                  1.00     1.00     1.00    13.00
H42             9        8     Proaim(5)    1800(GS4)                  1.00     1.00     1.00    13.00
H43            11        8     Proaim(5)    1800(GS4)                  1.00     1.00     1.00    13.00
H44            24        8     Proaim(5)    4500(GS4)                  1.00     1.00     1.00    13.00
H45            13        8     Proaim(5)    1800(GS4)                  1.00     1.00     1.00    13.00
H46             9        8     Proaim(5)    1800(GS4)                  1.00     1.00     1.00    13.00
H47            12        8     Proaim(5)    1800(GS4)                  1.00     1.00     1.00    13.00
H48            12        8     Proaim(5)    1800(GS4)                  1.00     1.00     1.00    13.00
------------------------------------------------------------------------------------------------------
Total        1808
Note:  Total wall clock time is less than total of atomic times if more than one atom
       was calculated at a time
 
Electron Density Critical Point Analysis of Molecular Structure:               
---------------------------------------------------------------                
  NACP = Nuclear Attractor Critical Point                                      
  NNACP = Non-Nuclear Attractor Critical Point                                 
  BCP = Bond Critical Point                                                    
  RCP = Ring Critical Point                                                    
  CCP = Cage Critical Point                                                    
  Rho = Electron Density                                                       
  GradRho = Gradient of Electron Density                                       
  HessRho_EigVals = Eigenvalues of the Hessian of Rho, Ascending Order         
  HessRho_EigVecs = Eigenvectors of the Hessian of Rho                         
  DelSqRho = Laplacian of Rho = Trace of Hessian of Rho                        
  Bond Ellipticity = (HessRho_EigVal(1) / HessRho_EigVal(2)) - 1               
  V = Virial Field = Potential Energy Density = Trace of Stress Tensor         
  G = Lagrangian Form of Kinetic Energy Density                                
  K = Hamiltonian Form of Kinetic Energy Density                               
  L = K - G = Lagrangian Density = (-1/4)DelSqRho                              
  Vnuc = Electrostatic Potential from Nuclei                                   
  Ven = Electron-nuclear attractive contribution to Virial Field V             
  Vrep = V - Ven = Repulsive contribution to Virial Field V                    
  DelSqV = Laplacian of V                                                      
  DelSqVen = Laplacian of Ven                                                  
  DelSqVrep = Laplacian of Vrep                                                
  DelSqG = Laplacian of G                                                      
  DelSqK = Laplacian of K                                                      
  Stress_EigVals = Eigenvalues of Stress Tensor, Ascending Order               
  Stress_EigVecs = Eigenvectors of Stress Tensor                               
  -DivStress = Ehrenfest Force Density = Minus Divergence of Stress Tensor     
  ESP = Total Electrostatic Potential                                          
  ESPe = Electrostatic Potential from Electrons                                
  ESPn = Electrostatic Potential from Nuclei                                   
  BP = Bond Path                                                               
  BPL = Bond Path Length                                                       
  GBL = Geometric Bond Length                                                  
  GBL_I = Distance Between Nuclear Attractors                                  
  GBL_II = Distance Between Nuclei                                             
  GBL_III = Sum of Distances Between BCP and Nuclear Attractors                
  GBL_IV = Sum of Distances Between BCP and Nuclei                             

CP# 1      Coords =  5.20450615853354E+00  2.26707452155754E+00  2.66420708306718E+00
           Type = (3,-3) NACP C1
           Rho =  1.1767724406E+02     Rho at Nucleus =  1.1767724406E+02
           GradRho = -3.9686085161E-12  2.9675607214E-11  1.8476242861E-11
           HessRho_EigVals = -1.4500215827E+05 -1.4500087165E+05 -1.4500075039E+05
           HessRho_EigVec1 = -1.3096620504E-01  8.5577630431E-01  5.0049452557E-01
           HessRho_EigVec2 =  4.2646467629E-01 -4.0711450053E-01  8.0770394535E-01
           HessRho_EigVec3 =  8.9497247612E-01  3.1922515635E-01 -3.1164012344E-01
           DelSqRho = -4.3500378031E+05
           Bond Ellipticity = NA
           V = -1.0876126236E+05
           G =  5.1586434116E+00
           K =  1.0875610372E+05
           L =  1.0875094508E+05
           Vnuc =  1.2342387604E+08
           Ven = -1.4524181583E+10
           Vrep =  1.4524072821E+10
           DelSqV =  2.4952062676E+09
           DelSqVen =  5.3686017458E+13
           DelSqVrep = -5.3684059123E+13
           DelSqG =  1.3402591427E+08
           DelSqK = -2.6292321818E+09
           Stress_EigVals = -3.6253985762E+04 -3.6253950794E+04 -3.6253325807E+04
           Stress_EigVec1 =  7.8777449207E-01  3.9169462402E-01 -4.7538055404E-01
           Stress_EigVec2 =  6.0326890603E-01 -3.3474632869E-01  7.2388640162E-01
           Stress_EigVec3 = -1.2441051672E-01  8.5704154913E-01  5.0000180639E-01
           -DivStress =  1.3165951974E+01  2.2658633125E+01 -2.1944361363E+01
           ESP =  -1.4717982864E+01     ESP at Nucleus =  -1.4717982865E+01
           ESPe = -3.8269392786E+01     ESPe at Nucleus = -3.8269392813E+01
           ESPn =  2.3551409922E+01     ESPn at Nucleus =  2.3551409949E+01

CP# 2      Coords =  7.29003820665775E+00  3.27502286964850E+00  1.41800234315546E+00
           Type = (3,-3) NACP C2
           Rho =  1.1765174515E+02     Rho at Nucleus =  1.1765174515E+02
           GradRho = -4.5927410651E-11  7.2578697203E-12  1.1142515025E-11
           HessRho_EigVals = -1.4496883540E+05 -1.4496775105E+05 -1.4496772731E+05
           HessRho_EigVec1 = -1.2565304289E-01  8.5811148615E-01  4.9785137355E-01
           HessRho_EigVec2 =  9.6545804316E-01 -9.6921265922E-03  2.6037824327E-01
           HessRho_EigVec3 = -2.2825879983E-01 -5.1337193147E-01  8.2725279104E-01
           DelSqRho = -4.3490431376E+05
           Bond Ellipticity = NA
           V = -1.0873641582E+05
           G =  5.1686872112E+00
           K =  1.0873124713E+05
           L =  1.0872607844E+05
           Vnuc =  5.7170527096E+07
           Ven = -6.7262122843E+09
           Vrep =  6.7261035478E+09
           DelSqV =  2.4946366174E+09
           DelSqVen =  2.4864068993E+13
           DelSqVrep = -2.4861574356E+13
           DelSqG =  1.3399362999E+08
           DelSqK = -2.6286302474E+09
           Stress_EigVals = -3.6245671161E+04 -3.6245658989E+04 -3.6245085665E+04
           Stress_EigVec1 =  9.3322639642E-01 -7.1306713469E-02  3.5214179764E-01
           Stress_EigVec2 = -3.3807884497E-01 -5.0604590472E-01  7.9348612899E-01
           Stress_EigVec3 = -1.2161902653E-01  8.5955389298E-01  4.9636268741E-01
           -DivStress =  7.8929831926E+01  8.0660474029E+00  4.0946286372E+01
           ESP =  -1.4722804779E+01     ESP at Nucleus =  -1.4722804778E+01
           ESPe = -3.6147205831E+01     ESPe at Nucleus = -3.6147205604E+01
           ESPn =  2.1424401053E+01     ESPn at Nucleus =  2.1424400827E+01

CP# 3      Coords =  6.95387883700569E+00  4.54418615871076E+00 -8.74572643359119E-01
           Type = (3,-3) NACP C3
           Rho =  1.1767099604E+02     Rho at Nucleus =  1.1767099604E+02
           GradRho =  1.9880408748E-11 -5.4692309058E-11  6.0871374130E-12
           HessRho_EigVals = -1.4499168898E+05 -1.4499030614E+05 -1.4499025721E+05
           HessRho_EigVec1 = -1.2162757760E-01  8.6143071794E-01  4.9309618794E-01
           HessRho_EigVec2 = -6.6711395520E-01 -4.3879300790E-01  6.0201301232E-01
           HessRho_EigVec3 =  7.3495966090E-01 -2.5572996386E-01  6.2804178399E-01
           DelSqRho = -4.3497225233E+05
           Bond Ellipticity = NA
           V = -1.0875333859E+05
           G =  5.1377548682E+00
           K =  1.0874820084E+05
           L =  1.0874306308E+05
           Vnuc =  5.4684153327E+07
           Ven = -6.4347387899E+09
           Vrep =  6.4346300366E+09
           DelSqV =  2.4950225688E+09
           DelSqVen =  2.3785730212E+13
           DelSqVrep = -2.3783302298E+13
           DelSqG =  1.3401339642E+08
           DelSqK = -2.6290359653E+09
           Stress_EigVals = -3.6251333739E+04 -3.6251327773E+04 -3.6250677081E+04
           Stress_EigVec1 =  9.8922097853E-01  1.4576341652E-01 -1.3960015791E-02
           Stress_EigVec2 =  8.3886654322E-02 -4.8598021941E-01  8.6993462718E-01
           Stress_EigVec3 = -1.2002035187E-01  8.6172864218E-01  4.9296943352E-01
           -DivStress = -7.5270617196E+01  1.9727460020E+01 -3.9688484785E+01
           ESP =  -1.4719171727E+01     ESP at Nucleus =  -1.4719171728E+01
           ESPe = -3.5714956283E+01     ESPe at Nucleus = -3.5714956396E+01
           ESPn =  2.0995784556E+01     ESPn at Nucleus =  2.0995784668E+01

CP# 4      Coords =  4.53755944397297E+00  4.80472200140138E+00 -1.91373006567900E+00
           Type = (3,-3) NACP C4
           Rho =  1.1765599066E+02     Rho at Nucleus =  1.1765599065E+02
           GradRho = -4.6573287355E-12  1.4266009218E-11 -5.1243206727E-12
           HessRho_EigVals = -1.4497396024E+05 -1.4497280388E+05 -1.4497276438E+05
           HessRho_EigVec1 = -1.1974633935E-01  8.6096931380E-01  4.9436085495E-01
           HessRho_EigVec2 =  6.6762559195E-01 -2.9871077887E-01  6.8194423493E-01
           HessRho_EigVec3 =  7.3480397603E-01  4.1170828420E-01 -5.3903562548E-01
           DelSqRho = -4.3491952850E+05
           Bond Ellipticity = NA
           V = -1.0874020968E+05
           G =  5.1637792456E+00
           K =  1.0873504590E+05
           L =  1.0872988212E+05
           Vnuc =  2.1735297829E+07
           Ven = -2.5572879982E+09
           Vrep =  2.5571792580E+09
           DelSqV =  2.4947231957E+09
           DelSqVen =  9.4530804122E+12
           DelSqVrep = -9.4505814947E+12
           DelSqG =  1.3399816300E+08
           DelSqK = -2.6287213587E+09
           Stress_EigVals = -3.6246945749E+04 -3.6246926486E+04 -3.6246337448E+04
           Stress_EigVec1 =  3.1732130607E-01  5.0268212861E-01 -8.0412552894E-01
           Stress_EigVec2 =  9.4080766977E-01 -6.0365761134E-02  3.3352196837E-01
           Stress_EigVec3 = -1.1911388339E-01  8.6236109169E-01  4.9208254421E-01
           -DivStress = -2.0775026821E+02  2.6086952722E+01 -8.7278644357E+01
           ESP =  -1.4725583830E+01     ESP at Nucleus =  -1.4725583830E+01
           ESPe = -3.7038226929E+01     ESPe at Nucleus = -3.7038226874E+01
           ESPn =  2.2312643098E+01     ESPn at Nucleus =  2.2312643044E+01

CP# 5      Coords =  2.44423238509679E+00  3.81059820571974E+00 -6.70143929796570E-01
           Type = (3,-3) NACP C5
           Rho =  1.1768052118E+02     Rho at Nucleus =  1.1768052110E+02
           GradRho =  2.0600689687E-10 -7.6458121952E-11  1.3562306269E-10
           HessRho_EigVals = -1.4500646327E+05 -1.4500503817E+05 -1.4500476912E+05
           HessRho_EigVec1 = -1.1490863784E-01  8.6436519739E-01  4.8955981298E-01
           HessRho_EigVec2 = -2.0495170257E-01 -5.0284990303E-01  8.3972422535E-01
           HessRho_EigVec3 =  9.7200350028E-01 -3.8445502837E-03  2.3493491624E-01
           DelSqRho = -4.3501627056E+05
           Bond Ellipticity = NA
           V = -1.0876439572E+05
           G =  5.1640390413E+00
           K =  1.0875923168E+05
           L =  1.0875406764E+05
           Vnuc =  5.7563797619E+06
           Ven = -6.7741377047E+08
           Vrep =  6.7730500607E+08
           DelSqV =  2.4952778395E+09
           DelSqVen =  2.5041188946E+12
           DelSqVrep = -2.5016235840E+12
           DelSqG =  1.3402994397E+08
           DelSqK = -2.6293077835E+09
           Stress_EigVals = -3.6255076516E+04 -3.6254982809E+04 -3.6254336394E+04
           Stress_EigVec1 =  9.7710431641E-01  1.1147525128E-02  2.1246855659E-01
           Stress_EigVec2 = -1.7812512776E-01 -5.0327187282E-01  8.4557013954E-01
           Stress_EigVec3 = -1.1635546277E-01  8.6405622196E-01  4.8976346492E-01
           -DivStress = -6.8407777092E+02  2.2293167148E+02 -4.5197263407E+02
           ESP =  -1.4726231384E+01     ESP at Nucleus =  -1.4726231383E+01
           ESPe = -3.9892054036E+01     ESPe at Nucleus = -3.9892053008E+01
           ESPn =  2.5165822652E+01     ESPn at Nucleus =  2.5165821625E+01

CP# 6      Coords =  2.77205331586514E+00  2.53456355671849E+00  1.63747420644997E+00
           Type = (3,-3) NACP C6
           Rho =  1.1765329098E+02     Rho at Nucleus =  1.1765329092E+02
           GradRho = -4.4392526405E-11 -1.0231000902E-10  1.0066093828E-10
           HessRho_EigVals = -1.4497034712E+05 -1.4496959175E+05 -1.4496934010E+05
           HessRho_EigVec1 = -9.1946907685E-02  8.6364938379E-01  4.9563646764E-01
           HessRho_EigVec2 = -8.0118327143E-01 -3.5973951253E-01  4.7821841108E-01
           HessRho_EigVec3 =  5.9131305731E-01 -3.5312494249E-01  7.2501837442E-01
           DelSqRho = -4.3490927897E+05
           Bond Ellipticity = NA
           V = -1.0873778804E+05
           G =  5.2341501912E+00
           K =  1.0873255389E+05
           L =  1.0872731974E+05
           Vnuc =  7.1255868872E+06
           Ven = -8.3834874742E+08
           Vrep =  8.3824000963E+08
           DelSqV =  2.4946658205E+09
           DelSqVen =  3.0989827768E+12
           DelSqVrep = -3.0964881110E+12
           DelSqG =  1.3399492474E+08
           DelSqK = -2.6286607452E+09
           Stress_EigVals = -3.6246138510E+04 -3.6246051276E+04 -3.6245598256E+04
           Stress_EigVec1 =  5.7861339309E-01 -3.5055852702E-01  7.3642057309E-01
           Stress_EigVec2 = -8.0951110505E-01 -3.5698111768E-01  4.6610755456E-01
           Stress_EigVec3 = -9.9490261502E-02  8.6583670560E-01  4.9033507636E-01
           -DivStress =  3.5800055712E+02  3.8613816571E+02 -4.3215194396E+02
           ESP =  -1.4720365985E+01     ESP at Nucleus =  -1.4720365990E+01
           ESPe = -4.1211722504E+01     ESPe at Nucleus = -4.1211722445E+01
           ESPn =  2.6491356519E+01     ESPn at Nucleus =  2.6491356456E+01

CP# 7      Coords =  6.16799313712260E-01  1.49269613476342E+00  3.03816647220282E+00
           Type = (3,-3) NACP C7
           Rho =  1.1775195068E+02     Rho at Nucleus =  1.1775194987E+02
           GradRho = -7.1720764332E-09  6.0745648789E-10 -3.8682860769E-09
           HessRho_EigVals = -1.4507877602E+05 -1.4507652532E+05 -1.4507598706E+05
           HessRho_EigVec1 = -3.3022393662E-02  8.5262355269E-01  5.2148115873E-01
           HessRho_EigVec2 =  9.6667283563E-01 -1.0528917472E-01  2.3336199034E-01
           HessRho_EigVec3 =  2.5387625010E-01  5.1180784195E-01 -8.2073112684E-01
           DelSqRho = -4.3523128841E+05
           Bond Ellipticity = NA
           V = -1.0881763936E+05
           G =  4.9086278303E+00
           K =  1.0881273073E+05
           L =  1.0880782210E+05
           Vnuc =  1.7995009147E+06
           Ven = -2.1189474296E+08
           Vrep =  2.1178592532E+08
           DelSqV =  2.4964812005E+09
           DelSqVen =  7.8319911014E+11
           DelSqVrep = -7.8070262792E+11
           DelSqG =  1.3407924967E+08
           DelSqK = -2.6305604502E+09
           Stress_EigVals = -3.6272882972E+04 -3.6272841024E+04 -3.6271915361E+04
           Stress_EigVec1 =  7.7769216068E-02 -5.1937877720E-01  8.5099802281E-01
           Stress_EigVec2 =  9.9628488506E-01  7.2157794242E-02 -4.7007239125E-02
           Stress_EigVec3 = -3.6991577854E-02  8.5149218348E-01  5.2306088044E-01
           -DivStress =  2.3724190333E+03 -1.9928357514E+02  1.3037793754E+03
           ESP =  -1.4641801903E+01     ESP at Nucleus =  -1.4641801936E+01
           ESPe = -4.0857973952E+01     ESPe at Nucleus = -4.0857969482E+01
           ESPn =  2.6216172049E+01     ESPn at Nucleus =  2.6216167546E+01

CP# 8      Coords = -1.62530570743919E+00  1.80379466261341E+00  2.47519676301129E+00
           Type = (3,-3) NACP O8
           Rho =  2.9019114983E+02     Rho at Nucleus =  2.9019112505E+02
           GradRho =  1.3977907373E-12  3.0734477463E-11  1.1729355681E-10
           HessRho_EigVals = -6.3992241387E+05 -6.3992110017E+05 -6.3990277680E+05
           HessRho_EigVec1 =  1.8816874998E-02 -8.4175752001E-01 -5.3952775898E-01
           HessRho_EigVec2 =  9.6395887330E-01 -1.2795951766E-01  2.3325876709E-01
           HessRho_EigVec3 = -2.6538503311E-01 -5.2447177173E-01  8.0901183234E-01
           DelSqRho = -1.9197462908E+06
           Bond Ellipticity = NA
           V = -4.8002919663E+05
           G =  4.6311956737E+01
           K =  4.7998288467E+05
           L =  4.7993657271E+05
           Vnuc =  9.0913703014E+05
           Ven = -2.6382352013E+08
           Vrep =  2.6334349093E+08
           DelSqV =  1.9796644207E+10
           DelSqVen =  1.7453124424E+12
           DelSqVrep = -1.7255157971E+12
           DelSqG =  1.0586420643E+09
           DelSqK = -2.0855286271E+10
           Stress_EigVals = -1.6001286509E+05 -1.6000835509E+05 -1.6000797645E+05
           Stress_EigVec1 = -2.6648974274E-01 -5.2510844716E-01  8.0823532201E-01
           Stress_EigVec2 =  9.6325845784E-01 -1.1602987596E-01  2.4221934541E-01
           Stress_EigVec3 =  3.3411980177E-02 -8.4308848089E-01 -5.3673592480E-01
           -DivStress = -5.4333922717E+04  8.1703343237E+03 -1.4059874322E+04
           ESP =  -2.2299728618E+01     ESP at Nucleus =  -2.2299729549E+01
           ESPe = -4.6870067753E+01     ESPe at Nucleus = -4.6870057357E+01
           ESPn =  2.4570339135E+01     ESPn at Nucleus =  2.4570327808E+01

CP# 9      Coords = -4.99142357078678E+00 -1.96954195557524E+00  4.27815206815517E+00
           Type = (3,-3) NACP O9
           Rho =  2.8982443140E+02     Rho at Nucleus =  2.8982440130E+02
           GradRho = -2.3811257673E-10  4.3815005335E-12 -1.3866023111E-10
           HessRho_EigVals = -6.3905429421E+05 -6.3904151674E+05 -6.3902753729E+05
           HessRho_EigVec1 = -5.1076571367E-01 -2.6860226337E-01  8.1668305349E-01
           HessRho_EigVec2 =  2.7649257829E-01  8.4815160940E-01  4.5187465256E-01
           HessRho_EigVec3 =  8.1404560062E-01 -4.5660888251E-01  3.5894022974E-01
           DelSqRho = -1.9171233482E+06
           Bond Ellipticity = NA
           V = -4.7937456516E+05
           G =  4.6864049131E+01
           K =  4.7932770111E+05
           L =  4.7928083706E+05
           Vnuc =  8.2432747600E+05
           Ven = -2.3891024202E+08
           Vrep =  2.3843086746E+08
           DelSqV =  1.9769622653E+10
           DelSqVen =  1.5803374516E+12
           DelSqVrep = -1.5605678290E+12
           DelSqG =  1.0570803460E+09
           DelSqK = -2.0826702999E+10
           Stress_EigVals = -1.5979483568E+05 -1.5979125904E+05 -1.5978847043E+05
           Stress_EigVec1 =  8.1424335988E-01 -4.5595705692E-01  3.5932007061E-01
           Stress_EigVec2 =  3.0454166944E-01  8.6244448169E-01  4.0428194071E-01
           Stress_EigVec3 = -4.9422881591E-01 -2.1975595157E-01  8.4109761578E-01
           -DivStress = -7.5567012191E+03 -4.6708345415E+04 -4.0842201066E+04
           ESP =  -2.2330777379E+01     ESP at Nucleus =  -2.2330778487E+01
           ESPe = -4.2983062350E+01     ESPe at Nucleus = -4.2983058872E+01
           ESPn =  2.0652284972E+01     ESPn at Nucleus =  2.0652280386E+01

CP# 10     Coords = -5.91456429143913E+00 -1.65543702081523E+00  6.77025378823103E+00
           Type = (3,-3) NACP C10
           Rho =  1.1747762423E+02     Rho at Nucleus =  1.1747762253E+02
           GradRho = -4.7204987735E-11 -8.8208469290E-12  4.1858932892E-11
           HessRho_EigVals = -1.4474124843E+05 -1.4473954995E+05 -1.4473942936E+05
           HessRho_EigVec1 = -3.5924984650E-01  8.7835035433E-02  9.2909878611E-01
           HessRho_EigVec2 =  8.3881149626E-01 -4.0599151403E-01  3.6272050435E-01
           HessRho_EigVec3 =  4.0906579121E-01  9.0964602846E-01  7.2175351598E-02
           DelSqRho = -4.3422022773E+05
           Bond Ellipticity = NA
           V = -1.0856528646E+05
           G =  5.1147637661E+00
           K =  1.0856017170E+05
           L =  1.0855505693E+05
           Vnuc =  1.2388709555E+06
           Ven = -1.4553961657E+08
           Vrep =  1.4543105129E+08
           DelSqV =  2.4907139327E+09
           DelSqVen =  5.3794282496E+11
           DelSqVrep = -5.3545211103E+11
           DelSqG =  1.3376980815E+08
           DelSqK = -2.6244837409E+09
           Stress_EigVals = -3.6188614223E+04 -3.6188573243E+04 -3.6188098995E+04
           Stress_EigVec1 =  4.1796582684E-01  9.0546490295E-01  7.3741963099E-02
           Stress_EigVec2 =  8.3493925973E-01 -4.1486134658E-01  3.6161650361E-01
           Stress_EigVec3 = -3.5802374245E-01  8.9573280848E-02  9.2940606152E-01
           -DivStress = -1.4794837900E+03  2.7911649259E+02  3.6220679877E+03
           ESP =  -1.4702679127E+01     ESP at Nucleus =  -1.4702679228E+01
           ESPe = -3.3233664041E+01     ESPe at Nucleus = -3.3233654419E+01
           ESPn =  1.8530984914E+01     ESPn at Nucleus =  1.8530975191E+01

CP# 11     Coords = -3.95012545915029E+00  4.23642456994702E+00 -1.78703346729079E+00
           Type = (3,-3) NACP O11
           Rho =  2.8985003682E+02     Rho at Nucleus =  2.8985000669E+02
           GradRho =  4.0841711089E-11  1.0359605188E-10  2.0097075046E-11
           HessRho_EigVals = -6.3911102404E+05 -6.3909820638E+05 -6.3908469097E+05
           HessRho_EigVec1 = -3.4466022383E-01  9.3657002456E-01 -6.3607540549E-02
           HessRho_EigVec2 =  2.0160049470E-01  1.4002717721E-01  9.6940684451E-01
           HessRho_EigVec3 =  9.1682417652E-01  3.2129266836E-01 -2.3707477851E-01
           DelSqRho = -1.9172939214E+06
           Bond Ellipticity = NA
           V = -4.7941714419E+05
           G =  4.6831919690E+01
           K =  4.7937031227E+05
           L =  4.7932348035E+05
           Vnuc =  8.2386155534E+05
           Ven = -2.3879630215E+08
           Vrep =  2.3831688501E+08
           DelSqV =  1.9771372243E+10
           DelSqVen =  1.5795847521E+12
           DelSqVrep = -1.5598133804E+12
           DelSqG =  1.0571745646E+09
           DelSqK = -2.0828546808E+10
           Stress_EigVals = -1.5980895956E+05 -1.5980549629E+05 -1.5980268833E+05
           Stress_EigVec1 =  9.1684053747E-01  3.2121874194E-01 -2.3711167975E-01
           Stress_EigVec2 =  2.2115872655E-01  8.5846062868E-02  9.7145214558E-01
           Stress_EigVec3 = -3.3240374023E-01  9.4310602443E-01 -7.6668225070E-03
