AIMSum (Version 19.02.13, Professional)
Copyright (c) 1997-2019 by Todd A. Keith
AIMSum is a component of the AIMAll package ( http://aim.tkgristmill.com )

TP:  64-bit Linux

Much of the Quantum Theory of Atoms in Molecules (QTAIM) is described in the book:
  "Atoms in Molecules - A Quantum Theory"
  R.F.W. Bader, Oxford University Press, Oxford, 1990

For additional references see:  http://aim.tkgristmill.com/references.html

Wfn File:  /home/mhennefarth/Documents/ML_Diels/summary-gordillo2007/8-opt/8-opt.wfn
Sum File:  /home/mhennefarth/Documents/ML_Diels/summary-gordillo2007/8-opt/8-opt.sum

SumViz File:  /home/mhennefarth/Documents/ML_Diels/summary-gordillo2007/8-opt/8-opt.sumviz

Wfn Title:   Title Card Required                                                           
 
Total memory allocated for AIMSum =        3.734 Megabytes

Atomic units (a.u.) used throughout, except where stated otherwise

Model:  Restricted SCF
 
Restricted, closed-shell, single-determinant wavefunction.
  Number of electrons (from MO Occs)                   =         184.0000000000
  Number of Alpha electrons (from MO Occs)             =          92.0000000000
  Number of Beta electrons (from MO Occs)              =          92.0000000000
  Number of electron pairs (N*(N-1)/2)                 =       16836.0000000000
  Number of electron pairs (from Muller 2EDM)          =       16836.0000000000
 
Nuclear Charges and Cartesian Coordinates:
-------------------------------------------------------------------------------
Atom      Charge                X                  Y                  Z
-------------------------------------------------------------------------------
C1         6.0          -1.0646962800E+00   5.0577357700E+00   1.6738930200E+00
C2         6.0          -2.0790150300E+00   3.1570468500E+00   3.0533941100E+00
C3         6.0          -5.9271149000E-01   1.2801213500E+00   4.4311613000E+00
H4         1.0           9.7810083000E-01   5.2203578500E+00   1.5188826900E+00
C5         6.0           2.1791391400E+00  -4.4083202000E-01  -1.8003923200E+00
O6         8.0           1.0437173000E+00   1.3280974100E+00  -2.7918936000E+00
C7         6.0          -4.4166310900E+00  -5.9386139500E+00  -9.4034856000E-01
C8         6.0          -4.6029648100E+00  -8.1990248000E-01  -4.7758669400E+00
O9         8.0          -2.0348259800E+00  -8.4122296000E-01   4.8860181200E+00
N10        7.0          -2.3480703100E+00   6.9255806000E+00   3.9312342000E-01
Si11      14.0          -1.0911947300E+00  -3.6319356900E+00   6.0237448800E+00
O12        8.0          -2.6293055800E+00  -4.2274250900E+00   9.5635000000E-02
H13        1.0          -3.2648877500E+00  -2.5162116300E+00  -2.5458301000E-01
O14        8.0          -4.1012738700E+00   1.3115375000E-01  -2.2947311700E+00
H15        1.0          -2.4316719900E+00   9.4206018000E-01  -2.3370833400E+00
C16        6.0          -1.0955810700E+00   8.0497933300E+00  -1.7835681900E+00
C17        6.0          -5.0847895500E+00   6.7341132700E+00   2.3004604000E-01
H18        1.0          -4.1031368900E+00   2.8431741100E+00   3.0920268500E+00
H19        1.0          -1.9293744500E+00   9.9006772000E+00  -2.1864025200E+00
H20        1.0           9.0975428000E-01   8.3220277200E+00  -1.3594422500E+00
H21        1.0          -1.2375089100E+00   6.8707207800E+00  -3.4942925800E+00
H22        1.0          -5.8910837600E+00   6.6279410000E+00   2.1323733400E+00
H23        1.0          -5.8285232100E+00   8.4242701000E+00  -6.9808550000E-01
H24        1.0          -5.6871159900E+00   5.0474445500E+00  -8.3173259000E-01
H25        1.0          -6.2480363000E+00  -5.7764150700E+00   4.3236290000E-02
H26        1.0          -3.6849750800E+00  -7.8366437000E+00  -5.5046686000E-01
H27        1.0          -2.8198082900E+00  -1.1890497000E+00  -5.7759016100E+00
H28        1.0          -5.6346490500E+00   6.2313896000E-01  -5.8608844600E+00
H29        1.0          -2.1050854000E-01  -3.3541120500E+00   8.6887742100E+00
H30        1.0          -3.3394834900E+00  -5.2920727500E+00   5.9928090500E+00
H31        1.0           1.0285048900E+00  -4.7423036000E+00   4.5533076900E+00
H32        1.0           1.1211807200E+00  -2.0526297600E+00  -1.0005336200E+00
C33        6.0           1.8383428700E+00   1.4781591300E+00   5.1691888900E+00
H34        1.0           2.8319200200E+00  -5.1489050000E-02   6.1044524600E+00
H35        1.0           2.8743862300E+00   3.2221106200E+00   4.8941146600E+00
C36        6.0           1.0199869600E+01  -9.7337338000E-01  -1.3189202300E+00
C37        6.0           8.6849268100E+00  -2.8587379000E+00  -2.6109147000E-01
C38        6.0           6.0629831300E+00  -2.6719587100E+00  -4.2274998000E-01
C39        6.0           4.9524096800E+00  -5.9566696000E-01  -1.6386647400E+00
C40        6.0           6.4850980300E+00   1.2941696400E+00  -2.6976426500E+00
C41        6.0           9.1002225400E+00   1.1025881100E+00  -2.5372557900E+00
H42        1.0           1.2244903800E+01  -1.1179093800E+00  -1.1957266800E+00
H43        1.0           9.5468843500E+00  -4.4633411200E+00   6.8537554000E-01
H44        1.0           4.8597800400E+00  -4.1193915200E+00   4.0191692000E-01
H45        1.0           5.5841084000E+00   2.8823381900E+00  -3.6331652800E+00
H46        1.0           1.0292375270E+01   2.5599035600E+00  -3.3562350400E+00
C47        6.0          -4.8348681200E+00  -5.6554209800E+00  -3.7933587200E+00
C48        6.0          -6.1890229800E+00  -3.2317075900E+00  -4.6802067200E+00
H49        1.0          -3.0012695900E+00  -5.8229741400E+00  -4.7558672600E+00
H50        1.0          -5.9691836200E+00  -7.2854446200E+00  -4.4046342700E+00
H51        1.0          -7.8600852200E+00  -2.8775178000E+00  -3.4976082700E+00
H52        1.0          -6.9001415400E+00  -3.5505293800E+00  -6.6048460000E+00
 
Some Atomic Properties:
----------------------
  q(A) = Net Charge of Atom A
  L(A) = Lagrangian of Atom A = -(1/4) Times Atomic Integral of the Laplacian of the Electron Density
  K(A) = Electronic Kinetic Energy of Atom A (Hamiltonian Form)
  K_Scaled(A) = K(A) * E(Mol)/K(Mol) = Approximation to Virial-Based Total Energy of Atom A.
  |Mu_Intra(A)| = Magnitude of Intraatomic Dipole Moment of Atom A
--------------------------------------------------------------------------------------------------
Atom A          q(A)              L(A)              K(A)          K_Scaled(A)      |Mu_Intra(A)|
--------------------------------------------------------------------------------------------------
C1        4.2049356250E-01  2.0261018078E-04  3.7465678021E+01 -3.7775833890E+01  6.5756846051E-01
C2       -3.1231442100E-02 -3.3775792264E-04  3.7715805577E+01 -3.8028032102E+01  1.5967949192E-01
C3        4.9569293790E-01 -3.6420633216E-04  3.7375961376E+01 -3.7685374535E+01  7.2429996741E-01
H4        4.6331474520E-02  3.9825917364E-05  6.0230868559E-01 -6.0729483782E-01  1.4843218389E-01
C5        9.6040985160E-01 -1.4091296500E-04  3.7078415279E+01 -3.7385365232E+01  9.1669173990E-01
O6       -1.1729666259E+00 -1.9729720984E-04  7.5264145634E+01 -7.5887212337E+01  5.0247642199E-01
C7        5.1811672760E-01 -9.5288882416E-05  3.7369341523E+01 -3.7678699880E+01  5.8677450261E-01
C8        4.8525091620E-01  2.0380278644E-04  3.7388547474E+01 -3.7698064825E+01  5.8438290746E-01
O9       -1.3869747445E+00  5.0524305188E-05  7.5286339400E+01 -7.5909589832E+01  4.2036290417E-01
N10      -1.1508408689E+00 -1.8153590696E-04  5.4860509210E+01 -5.5314666449E+01  1.9540912097E-01
Si11      2.8485967230E+00  1.8794231532E-04  2.8747926039E+02 -2.8985912870E+02  1.6694458389E-01
O12      -1.1529987164E+00 -1.2733120899E-05  7.5136459886E+01 -7.5758469556E+01  1.2287786633E-01
H13       5.9399767874E-01 -1.4176370129E-04  3.4567086096E-01 -3.4853246262E-01  1.3901221514E-01
O14      -1.1375575644E+00 -2.0934503196E-05  7.5136130128E+01 -7.5758137067E+01  1.4906433370E-01
H15       5.9947626050E-01 -5.3049613770E-05  3.4168703111E-01 -3.4451565303E-01  1.3927863808E-01
C16       3.2955177010E-01 -2.9981276989E-04  3.7499620405E+01 -3.7810057263E+01  4.9550666946E-01
C17       3.1429880610E-01 -3.3769162577E-04  3.7509993632E+01 -3.7820516363E+01  5.1598330281E-01
H18       5.4083119460E-02  1.3606970682E-05  5.9577788761E-01 -6.0070997528E-01  1.4526052182E-01
H19       1.9926564150E-02  2.1712822369E-05  6.0849488327E-01 -6.1353224731E-01  1.5384211807E-01
H20       2.7323219670E-02  3.7545373163E-05  6.0510678594E-01 -6.1011610196E-01  1.5041262669E-01
H21       2.0659663020E-02  2.0797821807E-05  6.0521992861E-01 -6.1023018127E-01  1.5808401197E-01
H22       3.4023891450E-02  3.0542992793E-05  6.0304751110E-01 -6.0803977962E-01  1.5049969374E-01
H23       2.0781213720E-02  2.4680975355E-05  6.0800840149E-01 -6.1304173824E-01  1.5226837271E-01
H24       4.1783101060E-02  3.9796870476E-05  5.9591348520E-01 -6.0084669540E-01  1.4804036167E-01
H25      -2.0957691000E-03  2.4665798470E-05  6.2118333814E-01 -6.2632574229E-01  1.6550768170E-01
H26       1.2255261290E-02  3.2156972357E-05  6.1994418474E-01 -6.2507633068E-01  1.5525228622E-01
H27       1.0757114390E-02  3.8288490504E-05  6.1828786980E-01 -6.2340630410E-01  1.5719441271E-01
H28       3.3037740000E-03  2.4835635305E-05  6.2249648223E-01 -6.2764975711E-01  1.6098469956E-01
H29      -6.8488735060E-01  2.0518150440E-05  7.9931643209E-01 -8.0593349324E-01  3.8802626652E-01
H30      -6.6852962050E-01  1.0106241678E-05  7.9715865023E-01 -8.0375784840E-01  4.0307253241E-01
H31      -6.7308971830E-01  2.1211051873E-05  7.9697492246E-01 -8.0357259966E-01  3.9369807412E-01
H32       9.9570532190E-02  3.9971929513E-05  5.7995428140E-01 -5.8475537492E-01  1.2905630336E-01
C33      -1.1827346880E-01 -4.9675737790E-06  3.7702426080E+01 -3.8014541844E+01  2.1393069909E-01
H34       2.9226848930E-02  2.2261886728E-05  5.9864941968E-01 -6.0360527903E-01  1.4729012147E-01
H35       3.3819502900E-02  3.9750251128E-05  5.9718479128E-01 -6.0212852586E-01  1.5037494717E-01
C36      -3.0451749400E-02  3.4882956143E-05  3.7722441297E+01 -3.8034722755E+01  1.0850931582E-01
C37      -2.5840285200E-02 -8.4245399428E-05  3.7718770297E+01 -3.8031021365E+01  1.2774457250E-01
C38      -3.7298252100E-02  5.9907178019E-05  3.7736701440E+01 -3.8049100949E+01  1.2749685196E-01
C39      -7.2153415000E-03  4.3124537426E-05  3.7765157944E+01 -3.8077793027E+01  2.4307554574E-02
C40      -2.8872600200E-02 -1.4219628499E-04  3.7736193256E+01 -3.8048588558E+01  1.3516106653E-01
C41      -2.7401617600E-02  5.2546711018E-06  3.7719510488E+01 -3.8031767684E+01  1.2355101656E-01
H42       4.8483317450E-02  2.6705156351E-05  5.9612649055E-01 -6.0106146409E-01  1.4745584111E-01
H43       4.9264300320E-02  2.3380490285E-05  5.9544925220E-01 -6.0037861929E-01  1.4739326524E-01
H44       6.2470760420E-02  2.1897049019E-05  5.8861830636E-01 -5.9349112415E-01  1.4603064307E-01
H45       7.4250628980E-02  2.2144473916E-05  5.8603236068E-01 -5.9088377097E-01  1.4394605986E-01
H46       4.7000720700E-02  2.3599249606E-05  5.9637630143E-01 -6.0131334300E-01  1.4783697397E-01
C47       7.3121259000E-03  1.9439781613E-04  3.7690455239E+01 -3.8002471904E+01  4.2584405939E-02
C48       1.5017178500E-02 -1.2771543517E-04  3.7684426267E+01 -3.7996393021E+01  6.0539168433E-02
H49       7.5350020000E-04  3.0644017896E-05  6.1381232114E-01 -6.1889370506E-01  1.6129309011E-01
H50      -7.5525430000E-04  2.7723663934E-05  6.1581304746E-01 -6.2091099419E-01  1.6104088483E-01
H51       1.0969361050E-02  2.6143228551E-05  6.0955055051E-01 -6.1459665378E-01  1.5804891051E-01
H52       1.4330962400E-03  2.7357682132E-05  6.1584658281E-01 -6.2094480716E-01  1.5874594037E-01
--------------------------------------------------------------------------------------------------
Total    -5.9548505000E-04 -8.2779133696E-04  1.2996223013E+03 -1.3103810945E+03
 
1st Largest |L(A)| = 3.6420633216E-04, atom C3      
2nd Largest |L(A)| = 3.3775792264E-04, atom C2      
 
Molecular charge q(Mol) from the wfn file:   0.0000000000E+00
Molecular energy E(Mol) from the wfn file:  -1.3103813290E+03
Molecular virial ratio (-V(Mol)/T(Mol)) from the wfn file:   2.0082784000E+00
Note.  K_Scaled(A) = (1+V(Mol)/T(Mol))*K(A) = (E(Mol)/T(Mol))*K(A)
       Only use K_Scaled(A) data with caution.
 
N_AIMInt(SumA)     =        184.000595
N_Analytic(Mol)    =        183.999970
 
G_AIMInt(SumA)     =       1299.623129
G_Analytic(Mol)    =       1299.622460
 
K_AIMInt(SumA)     =       1299.622301
K_Analytic(Mol)    =       1299.622460
 
L_AIMInt(SumA)     =         -0.000828
L_Analytic(Mol)    =          0.000000
 
VenT_AIMInt(SumA)  =      -7406.895887
VenT_Analytic(Mol) =      -7406.876973
 
Some Information About the Atomic Calculations:
----------------------------------------------
  Time(sec) = "Elapsed User Time", in Seconds, for Atom A by AIMInt and, if used, by TWOe
  NProc = Number of Processors Used for AIMInt Job
  BIM = Basin Integration Method
  OAQ = Angular Quadrature Outside of Beta Sphere
  ORQ = Multiple of Default for Radial Quadrature Outside of Beta Sphere
  IAQ = Multiple of Default for Angular Quadrature Inside of Beta Sphere
  IRQ = Multiple of Default for Radial Quadrature Inside of Beta Sphere
  MIR = Maximum Integration Radius
------------------------------------------------------------------------------------------------------
Atom A     Time(sec)   NProc      BIM          OAQ                     ORQ      IAQ      IRQ      MIR
------------------------------------------------------------------------------------------------------
C1             94        8     Proaim(5)    4500(GS4)                  1.00     1.00     1.00    13.00
C2             89        8     Proaim(5)    4500(GS4)                  1.00     1.00     1.00    13.00
C3            134        8     Proaim(5)    5400(GS5)                  1.00     1.00     1.00    13.00
H4             21        8     Proaim(5)    1800(GS4)                  1.00     1.00     1.00    13.00
C5            100        8     Proaim(5)    4500(GS4)                  1.00     1.00     1.00    13.00
O6             71        8     Proaim(5)    4500(GS4)                  1.00     1.00     1.00    13.00
C7             47        8     Proaim(5)    4500(GS4)                  1.00     1.00     1.00    13.00
C8             54        8     Proaim(5)    4500(GS4)                  1.00     1.00     1.00    13.00
O9             71        8     Proaim(5)    4500(GS4)                  1.00     1.00     1.00    13.00
N10            62        8     Proaim(5)    4500(GS4)                  1.00     1.00     1.00    13.00
Si11           85        8     Proaim(5)    4500(GS4)                  1.00     1.00     1.00    13.00
O12            82        8     Proaim(5)    4500(GS4)                  1.00     1.00     1.00    13.00
H13            23        8     Proaim(5)    4500(GS4)                  1.00     1.00     1.00    13.00
O14            72        8     Proaim(5)    4500(GS4)                  1.00     1.00     1.00    13.00
H15            33        8     Proaim(5)    4500(GS4)                  1.00     1.00     1.00    13.00
C16            49        8     Proaim(5)    4500(GS4)                  1.00     1.00     1.00    13.00
C17            49        8     Proaim(5)    4500(GS4)                  1.00     1.00     1.00    13.00
H18            16        8     Proaim(5)    1800(GS4)                  1.00     1.00     1.00    13.00
H19            11        8     Proaim(5)    1800(GS4)                  1.00     1.00     1.00    13.00
H20            14        8     Proaim(5)    1800(GS4)                  1.00     1.00     1.00    13.00
H21            25        8     Proaim(5)    4500(GS4)                  1.00     1.00     1.00    13.00
H22            11        8     Proaim(5)    1800(GS4)                  1.00     1.00     1.00    13.00
H23            11        8     Proaim(5)    1800(GS4)                  1.00     1.00     1.00    13.00
H24            20        8     Proaim(5)    4500(GS4)                  1.00     1.00     1.00    13.00
H25            14        8     Proaim(5)    1800(GS4)                  1.00     1.00     1.00    13.00
H26            11        8     Proaim(5)    1800(GS4)                  1.00     1.00     1.00    13.00
H27            16        8     Proaim(5)    1800(GS4)                  1.00     1.00     1.00    13.00
H28            12        8     Proaim(5)    1800(GS4)                  1.00     1.00     1.00    13.00
H29            15        8     Proaim(5)    1800(GS4)                  1.00     1.00     1.00    13.00
H30            22        8     Proaim(5)    1800(GS4)                  1.00     1.00     1.00    13.00
H31            37        8     Proaim(5)    4500(GS4)                  1.00     1.00     1.00    13.00
H32            33        8     Proaim(5)    4500(GS4)                  1.00     1.00     1.00    13.00
C33            94        8     Proaim(5)    4500(GS4)                  1.00     1.00     1.00    13.00
H34            16        8     Proaim(5)    1800(GS4)                  1.00     1.00     1.00    13.00
H35            16        8     Proaim(5)    1800(GS4)                  1.00     1.00     1.00    13.00
C36            27        8     Proaim(5)    4500(GS4)                  1.00     1.00     1.00    13.00
C37            28        8     Proaim(5)    4500(GS4)                  1.00     1.00     1.00    13.00
C38            43        8     Proaim(5)    4500(GS4)                  1.00     1.00     1.00    13.00
C39            68        8     Proaim(5)    4500(GS4)                  1.00     1.00     1.00    13.00
C40            47        8     Proaim(5)    4500(GS4)                  1.00     1.00     1.00    13.00
C41            28        8     Proaim(5)    4500(GS4)                  1.00     1.00     1.00    13.00
H42             9        8     Proaim(5)    1800(GS4)                  1.00     1.00     1.00    13.00
H43             9        8     Proaim(5)    1800(GS4)                  1.00     1.00     1.00    13.00
H44            24        8     Proaim(5)    4500(GS4)                  1.00     1.00     1.00    13.00
H45            17        8     Proaim(5)    1800(GS4)                  1.00     1.00     1.00    13.00
H46            10        8     Proaim(5)    1800(GS4)                  1.00     1.00     1.00    13.00
C47            47        8     Proaim(5)    4500(GS4)                  1.00     1.00     1.00    13.00
C48            45        8     Proaim(5)    4500(GS4)                  1.00     1.00     1.00    13.00
H49            13        8     Proaim(5)    1800(GS4)                  1.00     1.00     1.00    13.00
H50            10        8     Proaim(5)    1800(GS4)                  1.00     1.00     1.00    13.00
H51            12        8     Proaim(5)    1800(GS4)                  1.00     1.00     1.00    13.00
H52            10        8     Proaim(5)    1800(GS4)                  1.00     1.00     1.00    13.00
------------------------------------------------------------------------------------------------------
Total        1977
Note:  Total wall clock time is less than total of atomic times if more than one atom
       was calculated at a time
 
Electron Density Critical Point Analysis of Molecular Structure:               
---------------------------------------------------------------                
  NACP = Nuclear Attractor Critical Point                                      
  NNACP = Non-Nuclear Attractor Critical Point                                 
  BCP = Bond Critical Point                                                    
  RCP = Ring Critical Point                                                    
  CCP = Cage Critical Point                                                    
  Rho = Electron Density                                                       
  GradRho = Gradient of Electron Density                                       
  HessRho_EigVals = Eigenvalues of the Hessian of Rho, Ascending Order         
  HessRho_EigVecs = Eigenvectors of the Hessian of Rho                         
  DelSqRho = Laplacian of Rho = Trace of Hessian of Rho                        
  Bond Ellipticity = (HessRho_EigVal(1) / HessRho_EigVal(2)) - 1               
  V = Virial Field = Potential Energy Density = Trace of Stress Tensor         
  G = Lagrangian Form of Kinetic Energy Density                                
  K = Hamiltonian Form of Kinetic Energy Density                               
  L = K - G = Lagrangian Density = (-1/4)DelSqRho                              
  Vnuc = Electrostatic Potential from Nuclei                                   
  Ven = Electron-nuclear attractive contribution to Virial Field V             
  Vrep = V - Ven = Repulsive contribution to Virial Field V                    
  DelSqV = Laplacian of V                                                      
  DelSqVen = Laplacian of Ven                                                  
  DelSqVrep = Laplacian of Vrep                                                
  DelSqG = Laplacian of G                                                      
  DelSqK = Laplacian of K                                                      
  Stress_EigVals = Eigenvalues of Stress Tensor, Ascending Order               
  Stress_EigVecs = Eigenvectors of Stress Tensor                               
  -DivStress = Ehrenfest Force Density = Minus Divergence of Stress Tensor     
  ESP = Total Electrostatic Potential                                          
  ESPe = Electrostatic Potential from Electrons                                
  ESPn = Electrostatic Potential from Nuclei                                   
  BP = Bond Path                                                               
  BPL = Bond Path Length                                                       
  GBL = Geometric Bond Length                                                  
  GBL_I = Distance Between Nuclear Attractors                                  
  GBL_II = Distance Between Nuclei                                             
  GBL_III = Sum of Distances Between BCP and Nuclear Attractors                
  GBL_IV = Sum of Distances Between BCP and Nuclei                             

CP# 1      Coords = -1.06469778455903E+00  5.05773939827858E+00  1.67389120767759E+00
           Type = (3,-3) NACP C1
           Rho =  1.1763871600E+02     Rho at Nucleus =  1.1763871464E+02
           GradRho = -1.1729117677E-11  3.9318548417E-11  1.9043655541E-12
           HessRho_EigVals = -1.4494092395E+05 -1.4494064687E+05 -1.4493957668E+05
           HessRho_EigVec1 = -8.5601004153E-02  7.4696655331E-01  6.5932801876E-01
           HessRho_EigVec2 = -6.3401109459E-01  4.6964279535E-01 -6.1438227246E-01
           HessRho_EigVec3 =  7.6857166226E-01  4.7061301832E-01 -4.3338318721E-01
           DelSqRho = -4.3482114750E+05
           Bond Ellipticity = NA
           V = -1.0871550327E+05
           G =  5.1081979785E+00
           K =  1.0871039507E+05
           L =  1.0870528688E+05
           Vnuc =  1.3870501265E+06
           Ven = -1.6317079590E+08
           Vrep =  1.6306208040E+08
           DelSqV =  2.4941468148E+09
           DelSqVen =  6.0311873638E+11
           DelSqVrep = -6.0062458957E+11
           DelSqG =  1.3395657124E+08
           DelSqK = -2.6281033860E+09
           Stress_EigVals = -3.6238839190E+04 -3.6238503627E+04 -3.6238160455E+04
           Stress_EigVec1 =  7.1403049092E-01  5.3751924326E-01 -4.4859059415E-01
           Stress_EigVec2 = -7.0010678939E-01  5.5122443373E-01 -4.5387454997E-01
           Stress_EigVec3 =  3.3077915992E-03  6.3814158835E-01  7.6991192466E-01
           -DivStress =  1.2237043521E+03 -2.9458627594E+03  1.4726515022E+03
           ESP =  -1.4718400118E+01     ESP at Nucleus =  -1.4718400209E+01
           ESPe = -4.0770869523E+01     ESPe at Nucleus = -4.0770871490E+01
           ESPn =  2.6052469405E+01     ESPn at Nucleus =  2.6052471281E+01

CP# 2      Coords = -2.07901396310264E+00  3.15704676347557E+00  3.05339463454285E+00
           Type = (3,-3) NACP C2
           Rho =  1.1760197161E+02     Rho at Nucleus =  1.1760197150E+02
           GradRho =  3.4022379358E-10 -3.8694880633E-11  1.6475826259E-10
           HessRho_EigVals = -1.4491044502E+05 -1.4491014112E+05 -1.4491007377E+05
           HessRho_EigVec1 = -5.2936253766E-01  7.6269481028E-01 -3.7158031447E-01
           HessRho_EigVec2 =  2.9037788416E-01  5.7440821317E-01  7.6533384156E-01
           HessRho_EigVec3 =  7.9715493357E-01  2.9724035901E-01 -5.2553989464E-01
           DelSqRho = -4.3473065991E+05
           Bond Ellipticity = NA
           V = -1.0869317004E+05
           G =  5.2525300475E+00
           K =  1.0868791751E+05
           L =  1.0868266498E+05
           Vnuc =  5.0335168840E+06
           Ven = -5.9195150967E+08
           Vrep =  5.9184281650E+08
           DelSqV =  2.4936507103E+09
           DelSqVen =  2.1882239058E+12
           DelSqVrep = -2.1857302223E+12
           DelSqG =  1.3394405417E+08
           DelSqK = -2.6275947645E+09
           Stress_EigVals = -3.6231217632E+04 -3.6231083469E+04 -3.6230868937E+04
           Stress_EigVec1 =  6.8509856844E-01  5.9683308746E-01 -4.1764843736E-01
           Stress_EigVec2 = -7.2477600726E-01  5.0096942600E-01 -4.7300039483E-01
           Stress_EigVec3 = -7.3073188081E-02  6.2675346025E-01  7.7578373871E-01
           -DivStress = -8.6891985596E+02  7.1118257331E+01 -4.2612039672E+02
           ESP =  -1.4770542062E+01     ESP at Nucleus =  -1.4770542064E+01
           ESPe = -4.1302871306E+01     ESPe at Nucleus = -4.1302870671E+01
           ESPn =  2.6532329244E+01     ESPn at Nucleus =  2.6532328607E+01

CP# 3      Coords = -5.92716202539990E-01  1.28011629116990E+00  4.43116194304800E+00
           Type = (3,-3) NACP C3
           Rho =  1.1761491146E+02     Rho at Nucleus =  1.1761490797E+02
           GradRho = -7.7115536179E-12 -1.1275799738E-11 -8.6874951677E-14
           HessRho_EigVals = -1.4490268948E+05 -1.4490208429E+05 -1.4490065897E+05
           HessRho_EigVec1 =  4.3396140911E-01  8.7449618948E-01 -2.1664235499E-01
           HessRho_EigVec2 = -3.2323997103E-01  3.7558480300E-01  8.6859195074E-01
           HessRho_EigVec3 =  8.4094792736E-01 -3.0690791833E-01  4.4566143331E-01
           DelSqRho = -4.3470543274E+05
           Bond Ellipticity = NA
           V = -1.0868626850E+05
           G =  4.9551586552E+00
           K =  1.0868131334E+05
           L =  1.0867635818E+05
           Vnuc =  8.6413488370E+05
           Ven = -1.0163514784E+08
           Vrep =  1.0152646157E+08
           DelSqV =  2.4934712424E+09
           DelSqVen =  3.7564412749E+11
           DelSqVrep = -3.7315065599E+11
           DelSqG =  1.3391113064E+08
           DelSqK = -2.6273823731E+09
           Stress_EigVals = -3.6229206540E+04 -3.6228551591E+04 -3.6228510371E+04
           Stress_EigVec1 =  8.5776128670E-01 -2.7785853375E-01  4.3248145654E-01
           Stress_EigVec2 =  4.4336618794E-01  8.2565355103E-01 -3.4888771412E-01
           Stress_EigVec3 = -2.6013842166E-01  4.9101002932E-01  8.3140673120E-01
           -DivStress =  3.8201853185E+03  4.0959867060E+03 -5.2221988660E+02
           ESP =  -1.4692069924E+01     ESP at Nucleus =  -1.4692070176E+01
           ESPe = -4.2035083266E+01     ESPe at Nucleus = -4.2035079509E+01
           ESPn =  2.7343013341E+01     ESPn at Nucleus =  2.7343009333E+01

CP# 4      Coords =  9.43203184991811E-01  5.21798449248468E+00  1.52131095542712E+00
           Type = (3,-3) NACP H4
           Rho =  4.3187137713E-01     Rho at Nucleus =  4.2809375086E-01
           GradRho =  9.8879238131E-17  5.3776427755E-17  2.9837243787E-16
           HessRho_EigVals = -6.6065344615E+00 -6.5967480775E+00 -5.9847025215E+00
           HessRho_EigVec1 = -9.6725338495E-02  8.4501423427E-01 -5.2592314342E-01
           HessRho_EigVec2 =  2.2018354016E-02  5.3008809435E-01  8.4765665473E-01
           HessRho_EigVec3 =  9.9506753589E-01  7.0409914899E-02 -6.9878772917E-02
           DelSqRho = -1.9187985061E+01
           Bond Ellipticity = NA
           V = -4.8061267305E+00
           G =  4.5652326875E-03
           K =  4.8015614978E+00
           L =  4.7969962651E+00
           Vnuc =  5.4844849367E+01
           Ven = -2.3685920625E+01
           Vrep =  1.8879793894E+01
           DelSqV =  7.2262425992E+02
           DelSqVen =  1.0523621503E+03
           DelSqVrep = -3.2973789038E+02
           DelSqG =  7.1405629411E+01
           DelSqK = -7.9402988934E+02
           Stress_EigVals = -1.6545476363E+00 -1.6531953763E+00 -1.4983837180E+00
           Stress_EigVec1 = -9.7428559731E-02  8.1909972352E-01 -5.6531700724E-01
           Stress_EigVec2 =  1.8889043964E-02  5.6943889520E-01  8.2181661498E-01
           Stress_EigVec3 =  9.9506325415E-01  6.9390111356E-02 -7.0951622103E-02
           -DivStress =  8.0272532839E+00  5.4474141874E-01 -5.5769326052E-01
           ESP =  -1.1083845596E+00     ESP at Nucleus =  -1.1108974889E+00
           ESPe = -2.7432688649E+01     ESPe at Nucleus = -2.7346880964E+01
           ESPn =  2.6324304089E+01     ESPn at Nucleus =  2.6235983475E+01

CP# 5      Coords =  2.17913882289649E+00 -4.40829049033428E-01 -1.80039379064062E+00
           Type = (3,-3) NACP C5
           Rho =  1.1776927032E+02     Rho at Nucleus =  1.1776926952E+02
           GradRho = -7.7382189545E-10  7.2352437375E-09 -3.5981134738E-09
           HessRho_EigVals = -1.4510547614E+05 -1.4510314817E+05 -1.4510249081E+05
           HessRho_EigVec1 = -3.0174903577E-02  4.7197518525E-01  8.8109528412E-01
           HessRho_EigVec2 = -6.5030037241E-01  6.6015939048E-01 -3.7589759884E-01
           HessRho_EigVec3 =  7.5907766457E-01  5.8431926519E-01 -2.8700539278E-01
           DelSqRho = -4.3531111512E+05
           Bond Ellipticity = NA
           V = -1.0883762229E+05
           G =  4.9217546608E+00
           K =  1.0883270053E+05
           L =  1.0882777878E+05
           Vnuc =  1.8017416860E+06
           Ven = -2.1218980368E+08
           Vrep =  2.1208096605E+08
           DelSqV =  2.4969431184E+09
           DelSqVen =  7.8431819366E+11
           DelSqVrep = -7.8182125464E+11
           DelSqG =  1.3410924594E+08
           DelSqK = -2.6310523644E+09
           Stress_EigVals = -3.6279585802E+04 -3.6279478420E+04 -3.6278558068E+04
           Stress_EigVec1 =  4.6239973310E-01  7.8950987751E-01 -4.0355995856E-01
           Stress_EigVec2 = -8.8613566904E-01  3.9565909822E-01 -2.4128293360E-01
           Stress_EigVec3 = -3.0823090073E-02  4.6917803797E-01  8.8256552493E-01
           -DivStress =  2.5474210723E+02 -2.4211567848E+03  1.1968998013E+03
           ESP =  -1.4652178595E+01     ESP at Nucleus =  -1.4652178629E+01
           ESPe = -4.2341644883E+01     ESPe at Nucleus = -4.2341642183E+01
           ESPn =  2.7689466288E+01     ESPn at Nucleus =  2.7689463554E+01

CP# 6      Coords =  1.04372125251935E+00  1.32809004625466E+00 -2.79188952150385E+00
           Type = (3,-3) NACP O6
           Rho =  2.9029110819E+02     Rho at Nucleus =  2.9029108051E+02
           GradRho = -5.4191540144E-11 -7.5206507688E-12  1.3249223940E-10
           HessRho_EigVals = -6.4016026565E+05 -6.4015620358E+05 -6.4013768982E+05
           HessRho_EigVec1 = -4.1802178013E-02  4.8036229481E-01  8.7607342365E-01
           HessRho_EigVec2 = -5.2803932395E-01  7.3375616872E-01 -4.2752351657E-01
           HessRho_EigVec3 =  8.4819045637E-01  4.8047263251E-01 -2.2297757542E-01
           DelSqRho = -1.9204541590E+06
           Bond Ellipticity = NA
           V = -4.8020575473E+05
           G =  4.6107486316E+01
           K =  4.8015964725E+05
           L =  4.8011353976E+05
           Vnuc =  8.6028382677E+05
           Ven = -2.4973274543E+08
           Vrep =  2.4925253968E+08
           DelSqV =  1.9803931367E+10
           DelSqVen =  1.6521356544E+12
           DelSqVrep = -1.6323317230E+12
           DelSqG =  1.0590576401E+09
           DelSqK = -2.0862989007E+10
           Stress_EigVals = -1.6007198663E+05 -1.6006738714E+05 -1.6006638096E+05
           Stress_EigVec1 =  8.5240813405E-01  4.7448321792E-01 -2.1969535478E-01
           Stress_EigVec2 = -5.2123421672E-01  7.3780469788E-01 -4.2890455709E-01
           Stress_EigVec3 = -4.1415749570E-02  4.8011446937E-01  8.7622761426E-01
           -DivStress = -2.5473524444E+04  4.7490182015E+04 -2.6293020203E+04
           ESP =  -2.2307605894E+01     ESP at Nucleus =  -2.2307606930E+01
           ESPe = -4.7741179419E+01     ESPe at Nucleus = -4.7741164446E+01
           ESPn =  2.5433573525E+01     ESPn at Nucleus =  2.5433557516E+01

CP# 7      Coords = -4.41662800137224E+00 -5.93861072482039E+00 -9.40347522443543E-01
           Type = (3,-3) NACP C7
           Rho =  1.1751451844E+02     Rho at Nucleus =  1.1751451692E+02
           GradRho =  2.2828738899E-11  1.5894785488E-11 -2.9354296771E-13
           HessRho_EigVals = -1.4479170123E+05 -1.4479018742E+05 -1.4478986164E+05
           HessRho_EigVec1 =  6.4506489657E-01  6.6872331144E-01  3.6973018805E-01
           HessRho_EigVec2 =  2.1990442766E-01  3.0092745929E-01 -9.2794650004E-01
           HessRho_EigVec3 =  7.3180142246E-01 -6.7989101846E-01 -4.7062523334E-02
           DelSqRho = -4.3437175029E+05
           Bond Ellipticity = NA
           V = -1.0860304674E+05
           G =  5.0545856893E+00
           K =  1.0859799216E+05
           L =  1.0859293757E+05
           Vnuc =  1.3087721378E+06
           Ven = -1.5379972752E+08
           Vrep =  1.5369112447E+08
           DelSqV =  2.4915830514E+09
           DelSqVen =  5.6849364890E+11
           DelSqVrep = -5.6600206584E+11
           DelSqG =  1.3382091335E+08
           DelSqK = -2.6254039648E+09
           Stress_EigVals = -3.6201233773E+04 -3.6201113741E+04 -3.6200699230E+04
           Stress_EigVec1 =  7.2602212673E-01 -6.8657986971E-01 -3.8729239752E-02
           Stress_EigVec2 =  2.5608971920E-01  3.2221091998E-01 -9.1137159203E-01
           Stress_EigVec3 =  6.3820837289E-01  6.5175778135E-01  4.0975830342E-01
           -DivStress = -2.5046938714E+03 -2.6103719924E+03 -8.3720960180E+02
           ESP =  -1.4707324523E+01     ESP at Nucleus =  -1.4707324621E+01
           ESPe = -3.8044653867E+01     ESPe at Nucleus = -3.8044644990E+01
           ESPn =  2.3337329344E+01     ESPn at Nucleus =  2.3337320369E+01

CP# 8      Coords = -4.60296412334069E+00 -8.19901140452969E-01 -4.77586211296123E+00
           Type = (3,-3) NACP C8
           Rho =  1.1751653341E+02     Rho at Nucleus =  1.1751653156E+02
           GradRho =  3.9988679035E-11  3.6649572266E-12 -6.0896121479E-11
           HessRho_EigVals = -1.4479365901E+05 -1.4479189599E+05 -1.4479167116E+05
           HessRho_EigVec1 =  2.0058856655E-01  3.3662224406E-01  9.2002700600E-01
           HessRho_EigVec2 =  5.0240770645E-01  7.7087368616E-01 -3.9158684412E-01
           HessRho_EigVec3 =  8.4104145170E-01 -5.4077650170E-01  1.4493161880E-02
           DelSqRho = -4.3437722616E+05
           Bond Ellipticity = NA
           V = -1.0860440415E+05
           G =  5.0488054247E+00
           K =  1.0859935535E+05
           L =  1.0859430654E+05
           Vnuc =  1.1866620225E+06
           Ven = -1.3945240722E+08
           Vrep =  1.3934380281E+08
           DelSqV =  2.4916134453E+09
           DelSqVen =  5.1545895936E+11
           DelSqVrep = -5.1296734591E+11
           DelSqG =  1.3382194005E+08
           DelSqK = -2.6254353854E+09
           Stress_EigVals = -3.6201688092E+04 -3.6201603679E+04 -3.6201112380E+04
           Stress_EigVec1 =  8.4369871556E-01 -5.3650020638E-01  1.8439249383E-02
           Stress_EigVec2 =  4.9387112671E-01  7.6228181835E-01 -4.1835121562E-01
           Stress_EigVec3 =  2.1038960897E-01  3.6206899614E-01  9.0809815244E-01
           -DivStress = -5.5104686070E+02 -1.0828142858E+03 -3.9121910210E+03
           ESP =  -1.4697531977E+01     ESP at Nucleus =  -1.4697532097E+01
           ESPe = -3.8752734404E+01     ESPe at Nucleus = -3.8752725275E+01
           ESPn =  2.4055202427E+01     ESPn at Nucleus =  2.4055193179E+01

CP# 9      Coords = -2.03481888377393E+00 -8.41221913351319E-01  4.88601948921868E+00
           Type = (3,-3) NACP O9
           Rho =  2.8970556268E+02     Rho at Nucleus =  2.8970554565E+02
           GradRho = -1.1252776488E-11  2.8519631101E-11 -1.4859846686E-10
           HessRho_EigVals = -6.3877155820E+05 -6.3875493236E+05 -6.3875232964E+05
           HessRho_EigVec1 =  3.5024211462E-01  9.0381943912E-01 -2.4584727500E-01
           HessRho_EigVec2 =  9.3047726898E-01 -3.6583784937E-01 -1.9357682668E-02
           HessRho_EigVec3 =  1.0743608825E-01  2.2197542532E-01  9.6911526533E-01
           DelSqRho = -1.9162788202E+06
           Bond Ellipticity = NA
           V = -4.7916456769E+05
           G =  4.7431321627E+01
           K =  4.7911713637E+05
           L =  4.7906970505E+05
           Vnuc =  1.0955391866E+06
           Ven = -3.1738379650E+08
           Vrep =  3.1690463193E+08
           DelSqV =  1.9760945831E+10
           DelSqVen =  2.0993585347E+12
           DelSqVrep = -2.0795975888E+12
           DelSqG =  1.0565826508E+09
           DelSqK = -2.0817528482E+10
           Stress_EigVals = -1.5972321777E+05 -1.5972253701E+05 -1.5971881291E+05
           Stress_EigVec1 =  7.0061770861E-02  2.2824890187E-01  9.7107867192E-01
           Stress_EigVec2 =  9.2186706199E-01 -3.8673794063E-01  2.4390270411E-02
           Stress_EigVec3 =  3.8112001821E-01  8.9349661671E-01 -2.3751068955E-01
           -DivStress = -4.5591184026E+04 -6.7033643483E+03 -8.8262203026E+03
           ESP =  -2.2315932781E+01     ESP at Nucleus =  -2.2315933419E+01
           ESPe = -4.7824014806E+01     ESPe at Nucleus = -4.7824006868E+01
           ESPn =  2.5508082025E+01     ESPn at Nucleus =  2.5508073449E+01

CP# 10     Coords = -2.34807084101329E+00  6.92557675178200E+00  3.93119826369215E-01
           Type = (3,-3) NACP N10
           Rho =  1.9044720056E+02     Rho at Nucleus =  1.9044719607E+02
           GradRho =  3.9768188742E-12  9.4988461541E-11  2.3936408411E-12
           HessRho_EigVals = -3.2039195478E+05 -3.2039174790E+05 -3.2038226014E+05
           HessRho_EigVec1 =  5.0113757278E-01  5.1446764183E-01 -6.9583344176E-01
           HessRho_EigVec2 =  8.6088769722E-01 -3.7810094338E-01  3.4045858690E-01
           HessRho_EigVec3 =  8.7940354423E-02  7.6965103919E-01  6.3237945250E-01
           DelSqRho = -9.6116596282E+05
           Bond Ellipticity = NA
           V = -2.4032649266E+05
           G =  1.7500976450E+01
           K =  2.4030899168E+05
           L =  2.4029149071E+05
           Vnuc =  1.3227827792E+06
           Ven = -2.5192027725E+08
           Vrep =  2.5167995075E+08
           DelSqV =  7.5458305489E+09
           DelSqVen =  1.2714137851E+12
           DelSqVrep = -1.2638679545E+12
           DelSqG =  4.0432799052E+08
           DelSqK = -7.9501585394E+09
           Stress_EigVals = -8.0110197033E+04 -8.0108193638E+04 -8.0108101988E+04
           Stress_EigVec1 =  8.8811298831E-02  7.7373418643E-01  6.2725430405E-01
           Stress_EigVec2 =  6.5071581661E-01 -5.2184943923E-01  5.5158144348E-01
           Stress_EigVec3 =  7.5410972625E-01  3.5917763228E-01 -5.4982719945E-01
           -DivStress =  1.3081727034E+03  9.4319417128E+03  8.8199340770E+03
           ESP =  -1.8327186773E+01     ESP at Nucleus =  -1.8327186982E+01
           ESPe = -4.2111475288E+01     ESPe at Nucleus = -4.2111468286E+01
           ESPn =  2.3784288515E+01     ESPn at Nucleus =  2.3784281304E+01

CP# 11     Coords = -1.09119485048538E+00 -3.63193529215497E+00  6.02374469240336E+00
           Type = (3,-3) NACP Si11
           Rho =  1.6513143006E+03     Rho at Nucleus =  1.6513142995E+03
           GradRho =  9.4865004741E-11 -1.0093881286E-10 -3.3513471998E-09
           HessRho_EigVals = -1.0922845630E+07 -1.0922814441E+07 -1.0922810533E+07
