AIMSum (Version 19.02.13, Professional)
Copyright (c) 1997-2019 by Todd A. Keith
AIMSum is a component of the AIMAll package ( http://aim.tkgristmill.com )

TP:  64-bit Linux

Much of the Quantum Theory of Atoms in Molecules (QTAIM) is described in the book:
  "Atoms in Molecules - A Quantum Theory"
  R.F.W. Bader, Oxford University Press, Oxford, 1990

For additional references see:  http://aim.tkgristmill.com/references.html

Wfn File:  /home/mhennefarth/Documents/ML_Diels/summary-gordillo2007/9-opt/9-opt.wfn
Sum File:  /home/mhennefarth/Documents/ML_Diels/summary-gordillo2007/9-opt/9-opt.sum

SumViz File:  /home/mhennefarth/Documents/ML_Diels/summary-gordillo2007/9-opt/9-opt.sumviz

Wfn Title:   Title Card Required                                                           
 
Total memory allocated for AIMSum =        2.612 Megabytes

Atomic units (a.u.) used throughout, except where stated otherwise

Model:  Restricted SCF
 
Restricted, closed-shell, single-determinant wavefunction.
  Number of electrons (from MO Occs)                   =         152.0000000000
  Number of Alpha electrons (from MO Occs)             =          76.0000000000
  Number of Beta electrons (from MO Occs)              =          76.0000000000
  Number of electron pairs (N*(N-1)/2)                 =       11476.0000000000
  Number of electron pairs (from Muller 2EDM)          =       11476.0000000000
 
Nuclear Charges and Cartesian Coordinates:
-------------------------------------------------------------------------------
Atom      Charge                X                  Y                  Z
-------------------------------------------------------------------------------
C1         6.0          -3.7022755100E+00  -2.9961206700E+00   5.8573070000E-01
C2         6.0          -1.5189241000E+00  -3.3988402000E+00  -7.0633440000E-01
C3         6.0           9.2418774000E-01  -3.7675164700E+00   5.0129661000E-01
H4         1.0          -3.6402055800E+00  -2.8252811300E+00   2.6316023300E+00
C5         6.0           4.6860565000E-01   2.0618207700E+00   3.3677208400E+00
O6         8.0          -1.8327816400E+00   2.1933700900E+00   3.1538981000E+00
C7         6.0          -5.4850590600E+00   6.2082614800E+00  -5.9820923000E-01
O8         8.0           2.8690350300E+00  -3.4376499500E+00  -1.2191008200E+00
N9         7.0          -6.0906268700E+00  -2.8072362600E+00  -3.8484691000E-01
Si10      14.0           5.7650330200E+00  -4.6747288000E+00  -1.0278924500E+00
O11        8.0          -4.9120944700E+00   3.6262196900E+00  -1.0320568000E+00
H12        1.0          -3.9018886700E+00   3.0320232100E+00   3.9932060000E-01
C13        6.0          -8.0231169600E+00  -1.5211346700E+00   1.0996122500E+00
C14        6.0          -6.4290804000E+00  -2.7177581400E+00  -3.1085420800E+00
H15        1.0          -1.4843680100E+00  -3.4079351300E+00  -2.7546899100E+00
H16        1.0          -7.6686233100E+00  -1.8368430300E+00   3.1113998400E+00
H17        1.0          -8.0287479100E+00   5.2209600000E-01   7.3251305000E-01
H18        1.0          -9.8861220600E+00  -2.2990512800E+00   6.3739125000E-01
H19        1.0          -5.7568354400E+00  -9.2006490000E-01  -3.9070139800E+00
H20        1.0          -5.4039829400E+00  -4.2799431100E+00  -3.9948853200E+00
H21        1.0          -8.4386826400E+00  -2.9290138000E+00  -3.5449666500E+00
H22        1.0          -3.7761295200E+00   7.3873385600E+00  -4.6314368000E-01
H23        1.0          -6.6077475400E+00   6.4931305000E+00   1.1292197400E+00
H24        1.0           5.6592327400E+00  -7.4668363500E+00  -7.1914838000E-01
H25        1.0           7.0001917100E+00  -4.0133410400E+00  -3.4534968600E+00
H26        1.0           7.2889233700E+00  -3.6076636000E+00   1.0840882700E+00
C27        6.0           1.3943251600E+00  -4.3167332900E+00   2.9516283100E+00
H28        1.0           3.2983891600E+00  -4.3856092800E+00   3.7078892600E+00
H29        1.0          -1.3498764000E-01  -4.7331005700E+00   4.2465666100E+00
H30        1.0          -6.5986779600E+00   6.8740542400E+00  -2.2083779900E+00
C31        6.0           2.3357458400E+00   2.8012576500E+00   1.4399954400E+00
C32        6.0           1.5974460000E+00   3.5596673900E+00  -9.9618548000E-01
C33        6.0           4.9063011200E+00   2.7626585900E+00   2.0885054000E+00
C34        6.0           3.4263844200E+00   4.2784839800E+00  -2.7430629800E+00
H35        1.0          -3.9085970000E-01   3.5590918600E+00  -1.5033446900E+00
C36        6.0           6.7300898700E+00   3.4935669500E+00   3.3709854000E-01
H37        1.0           5.4632564300E+00   2.1590007800E+00   3.9730055300E+00
C38        6.0           5.9858736600E+00   4.2520834300E+00  -2.0806682700E+00
H39        1.0           2.8632958000E+00   4.8558880500E+00  -4.6309334600E+00
H40        1.0           8.7185665500E+00   3.4703370800E+00   8.4650504000E-01
H41        1.0           7.4034999400E+00   4.8186086000E+00  -3.4547229000E+00
H42        1.0           1.2901371400E+00   1.3762720400E+00   5.1662072200E+00
 
Some Atomic Properties:
----------------------
  q(A) = Net Charge of Atom A
  L(A) = Lagrangian of Atom A = -(1/4) Times Atomic Integral of the Laplacian of the Electron Density
  K(A) = Electronic Kinetic Energy of Atom A (Hamiltonian Form)
  K_Scaled(A) = K(A) * E(Mol)/K(Mol) = Approximation to Virial-Based Total Energy of Atom A.
  |Mu_Intra(A)| = Magnitude of Intraatomic Dipole Moment of Atom A
--------------------------------------------------------------------------------------------------
Atom A          q(A)              L(A)              K(A)          K_Scaled(A)      |Mu_Intra(A)|
--------------------------------------------------------------------------------------------------
C1        4.5185438090E-01 -3.1989260920E-05  3.7444492452E+01 -3.7746350854E+01  6.7694191509E-01
C2       -3.5697029100E-02 -3.5440136927E-05  3.7708401720E+01 -3.8012387623E+01  1.6465571489E-01
C3        4.8398672400E-01  2.5093120289E-04  3.7384944110E+01 -3.7686322463E+01  7.1540671318E-01
H4        5.5436371770E-02 -8.4084187581E-06  6.0017462473E-01 -6.0501292646E-01  1.4448541448E-01
C5        9.9542385390E-01 -3.6862888097E-04  3.7049512382E+01 -3.7348186656E+01  8.9456314765E-01
O6       -1.1704991448E+00  5.7795820341E-05  7.5275788255E+01 -7.5882623270E+01  5.2006713643E-01
C7        4.9346255600E-01 -3.3578869000E-04  3.7367946465E+01 -3.7669187792E+01  6.1206075012E-01
O8       -1.3888571587E+00  7.2665408804E-05  7.5279064909E+01 -7.5885926338E+01  4.3986116881E-01
N9       -1.1689197292E+00  1.4065903857E-04  5.4882152310E+01 -5.5324584232E+01  2.1572936927E-01
Si10      2.8419141420E+00  3.0095476776E-04  2.8749795219E+02 -2.8981561406E+02  1.6158413243E-01
O11      -1.1405277195E+00 -1.0750561984E-06  7.5125438003E+01 -7.5731060970E+01  1.5287489593E-01
H12       5.9245555804E-01  3.0909137678E-05  3.4851269147E-01 -3.5132222304E-01  1.4077860032E-01
C13       3.1836661980E-01 -1.4369321572E-04  3.7508474413E+01 -3.7810848604E+01  5.1716970816E-01
C14       3.2005697800E-01  3.8066688868E-05  3.7506920448E+01 -3.7809282112E+01  5.2390488145E-01
H15       4.4674116290E-02  1.9868880719E-05  5.9858388916E-01 -6.0340936719E-01  1.4903833916E-01
H16       2.7117494070E-02  3.0938094236E-05  6.0511379257E-01 -6.0999191136E-01  1.4959707269E-01
H17       5.6777879610E-02 -2.8035705002E-05  5.9441314063E-01 -5.9920499622E-01  1.4023801940E-01
H18       1.6349629860E-02  2.2852390583E-05  6.0946034932E-01 -6.1437350783E-01  1.5508926027E-01
H19       4.7393394010E-02  3.3388668158E-05  5.9430401557E-01 -5.9909499145E-01  1.4900801478E-01
H20       3.1221315520E-02  1.1404471041E-06  6.0444890487E-01 -6.0932166367E-01  1.5072227791E-01
H21       2.2766374390E-02  2.3730445978E-05  6.0723263033E-01 -6.1212783011E-01  1.5207959433E-01
H22       2.2632626000E-03  3.3740482475E-05  6.1584301992E-01 -6.2080763227E-01  1.6056177036E-01
H23       4.5975132100E-03  2.4762899046E-05  6.1531304367E-01 -6.2027338362E-01  1.5906496537E-01
H24      -6.7300113270E-01  2.0710463308E-05  7.9398368313E-01 -8.0038437465E-01  3.9639181811E-01
H25      -6.7426412200E-01  1.3619158680E-05  7.9705738332E-01 -8.0348285344E-01  3.9850490308E-01
H26      -6.8099415200E-01  3.5437892796E-05  7.9893291584E-01 -8.0537350555E-01  3.9348242088E-01
C27      -1.3089781710E-01  3.6455243536E-04  3.7706430442E+01 -3.8010400454E+01  2.1765965917E-01
H28       2.7707848280E-02  3.9798083776E-05  5.9901588812E-01 -6.0384484871E-01  1.4876883980E-01
H29       3.5742861890E-02 -1.3284567475E-06  5.9646596173E-01 -6.0127436612E-01  1.4974727246E-01
H30       2.1465048130E-02  2.6335584331E-05  6.1079688932E-01 -6.1572082234E-01  1.5106164683E-01
C31      -3.6404218000E-03 -1.4887438640E-04  3.7760075913E+01 -3.8064478387E+01  2.8873282222E-02
C32      -2.6795855300E-02 -1.5216011020E-04  3.7735128555E+01 -3.8039329916E+01  1.7001943753E-01
C33      -4.1258606900E-02 -4.4235989613E-05  3.7738695727E+01 -3.8042925845E+01  1.1377624195E-01
C34      -2.3432248900E-02  4.4891797532E-05  3.7719128144E+01 -3.8023200519E+01  1.2365508564E-01
H35       1.0247632178E-01  3.9580089477E-05  5.7743295788E-01 -5.8208792790E-01  1.2380436330E-01
C36      -2.9328932900E-02 -9.3461867530E-06  3.7719216700E+01 -3.8023289789E+01  1.2871229065E-01
H37       4.6142173820E-02  2.3650139166E-05  5.9544763790E-01 -6.0024783308E-01  1.5065891752E-01
C38      -3.1255673300E-02  8.7424921769E-05  3.7723099286E+01 -3.8027203674E+01  1.0757284128E-01
H39       4.9016784350E-02  2.4583936585E-05  5.9578710456E-01 -6.0059003634E-01  1.4742607344E-01
H40       4.6483735930E-02  3.0606222459E-05  5.9643026814E-01 -6.0123838479E-01  1.4810836144E-01
H41       4.7349434970E-02  2.3616619829E-05  5.9653354195E-01 -6.0134249113E-01  1.4778203092E-01
H42       3.7558082640E-02  2.5713233138E-05  6.0130425793E-01 -6.0615166620E-01  1.6271663337E-01
--------------------------------------------------------------------------------------------------
Total     6.9071156000E-04  5.7392045721E-04  1.1082854510E+03 -1.1172198831E+03
 
1st Largest |L(A)| = 3.6862888097E-04, atom C5      
2nd Largest |L(A)| = 3.6455243536E-04, atom C27     
 
Molecular charge q(Mol) from the wfn file:   0.0000000000E+00
Molecular energy E(Mol) from the wfn file:  -1.1172197438E+03
Molecular virial ratio (-V(Mol)/T(Mol)) from the wfn file:   2.0080614900E+00
Note.  K_Scaled(A) = (1+V(Mol)/T(Mol))*K(A) = (E(Mol)/T(Mol))*K(A)
       Only use K_Scaled(A) data with caution.
 
N_AIMInt(SumA)     =        151.999309
N_Analytic(Mol)    =        151.999976
 
G_AIMInt(SumA)     =       1108.284877
G_Analytic(Mol)    =       1108.285257
 
K_AIMInt(SumA)     =       1108.285451
K_Analytic(Mol)    =       1108.285257
 
L_AIMInt(SumA)     =          0.000574
L_Analytic(Mol)    =          0.000000
 
VenT_AIMInt(SumA)  =      -5812.880105
VenT_Analytic(Mol) =      -5812.893494
 
Some Information About the Atomic Calculations:
----------------------------------------------
  Time(sec) = "Elapsed User Time", in Seconds, for Atom A by AIMInt and, if used, by TWOe
  NProc = Number of Processors Used for AIMInt Job
  BIM = Basin Integration Method
  OAQ = Angular Quadrature Outside of Beta Sphere
  ORQ = Multiple of Default for Radial Quadrature Outside of Beta Sphere
  IAQ = Multiple of Default for Angular Quadrature Inside of Beta Sphere
  IRQ = Multiple of Default for Radial Quadrature Inside of Beta Sphere
  MIR = Maximum Integration Radius
------------------------------------------------------------------------------------------------------
Atom A     Time(sec)   NProc      BIM          OAQ                     ORQ      IAQ      IRQ      MIR
------------------------------------------------------------------------------------------------------
C1             89        8     Proaim(5)    4500(GS4)                  1.00     1.00     1.00    13.00
C2             73        8     Proaim(5)    4500(GS4)                  1.00     1.00     1.00    13.00
C3            178        8    Promega(1)    4500(GS4)                  1.00     1.00     1.00    13.00
H4             20        8     Proaim(5)    1800(GS4)                  1.00     1.00     1.00    13.00
C5            139        8     Proaim(5)    4500(GS4)                  1.00     1.00     1.00    13.00
O6             40        8     Proaim(5)    4500(GS4)                  1.00     1.00     1.00    13.00
C7             36        8     Proaim(5)    4500(GS4)                  1.00     1.00     1.00    13.00
O8             57        8     Proaim(5)    4500(GS4)                  1.00     1.00     1.00    13.00
N9             63        8     Proaim(5)    4500(GS4)                  1.00     1.00     1.00    13.00
Si10           53        8     Proaim(5)    4500(GS4)                  1.00     1.00     1.00    13.00
O11            47        8     Proaim(5)    4500(GS4)                  1.00     1.00     1.00    13.00
H12            18        8     Proaim(5)    4500(GS4)                  1.00     1.00     1.00    13.00
C13            43        8     Proaim(5)    4500(GS4)                  1.00     1.00     1.00    13.00
C14            48        8     Proaim(5)    4500(GS4)                  1.00     1.00     1.00    13.00
H15            17        8     Proaim(5)    1800(GS4)                  1.00     1.00     1.00    13.00
H16            13        8     Proaim(5)    1800(GS4)                  1.00     1.00     1.00    13.00
H17            22        8     Proaim(5)    4500(GS4)                  1.00     1.00     1.00    13.00
H18             9        8     Proaim(5)    1800(GS4)                  1.00     1.00     1.00    13.00
H19            18        8     Proaim(5)    4500(GS4)                  1.00     1.00     1.00    13.00
H20            11        8     Proaim(5)    1800(GS4)                  1.00     1.00     1.00    13.00
H21            10        8     Proaim(5)    1800(GS4)                  1.00     1.00     1.00    13.00
H22            11        8     Proaim(5)    1800(GS4)                  1.00     1.00     1.00    13.00
H23            10        8     Proaim(5)    1800(GS4)                  1.00     1.00     1.00    13.00
H24            12        8     Proaim(5)    1800(GS4)                  1.00     1.00     1.00    13.00
H25            16        8     Proaim(5)    1800(GS4)                  1.00     1.00     1.00    13.00
H26            36        8     Proaim(5)    4500(GS4)                  1.00     1.00     1.00    13.00
C27           157        8    Promega(1)    4500(GS4)                  1.00     1.00     1.00    13.00
H28            14        8     Proaim(5)    1800(GS4)                  1.00     1.00     1.00    13.00
H29            14        8     Proaim(5)    1800(GS4)                  1.00     1.00     1.00    13.00
H30             8        8     Proaim(5)    1800(GS4)                  1.00     1.00     1.00    13.00
C31            76        8     Proaim(5)    4500(GS4)                  1.00     1.00     1.00    13.00
C32            46        8     Proaim(5)    4500(GS4)                  1.00     1.00     1.00    13.00
C33            54        8     Proaim(5)    4500(GS4)                  1.00     1.00     1.00    13.00
C34            29        8     Proaim(5)    4500(GS4)                  1.00     1.00     1.00    13.00
H35            22        8     Proaim(5)    4500(GS4)                  1.00     1.00     1.00    13.00
C36            41        8     Proaim(5)    4500(GS4)                  1.00     1.00     1.00    13.00
H37            11        8     Proaim(5)    1800(GS4)                  1.00     1.00     1.00    13.00
C38            30        8     Proaim(5)    4500(GS4)                  1.00     1.00     1.00    13.00
H39             9        8     Proaim(5)    1800(GS4)                  1.00     1.00     1.00    13.00
H40             8        8     Proaim(5)    1800(GS4)                  1.00     1.00     1.00    13.00
H41             8        8     Proaim(5)    1800(GS4)                  1.00     1.00     1.00    13.00
H42            14        8     Proaim(5)    1800(GS4)                  1.00     1.00     1.00    13.00
------------------------------------------------------------------------------------------------------
Total        1630
Note:  Total wall clock time is less than total of atomic times if more than one atom
       was calculated at a time
 
Electron Density Critical Point Analysis of Molecular Structure:               
---------------------------------------------------------------                
  NACP = Nuclear Attractor Critical Point                                      
  NNACP = Non-Nuclear Attractor Critical Point                                 
  BCP = Bond Critical Point                                                    
  RCP = Ring Critical Point                                                    
  CCP = Cage Critical Point                                                    
  Rho = Electron Density                                                       
  GradRho = Gradient of Electron Density                                       
  HessRho_EigVals = Eigenvalues of the Hessian of Rho, Ascending Order         
  HessRho_EigVecs = Eigenvectors of the Hessian of Rho                         
  DelSqRho = Laplacian of Rho = Trace of Hessian of Rho                        
  Bond Ellipticity = (HessRho_EigVal(1) / HessRho_EigVal(2)) - 1               
  V = Virial Field = Potential Energy Density = Trace of Stress Tensor         
  G = Lagrangian Form of Kinetic Energy Density                                
  K = Hamiltonian Form of Kinetic Energy Density                               
  L = K - G = Lagrangian Density = (-1/4)DelSqRho                              
  Vnuc = Electrostatic Potential from Nuclei                                   
  Ven = Electron-nuclear attractive contribution to Virial Field V             
  Vrep = V - Ven = Repulsive contribution to Virial Field V                    
  DelSqV = Laplacian of V                                                      
  DelSqVen = Laplacian of Ven                                                  
  DelSqVrep = Laplacian of Vrep                                                
  DelSqG = Laplacian of G                                                      
  DelSqK = Laplacian of K                                                      
  Stress_EigVals = Eigenvalues of Stress Tensor, Ascending Order               
  Stress_EigVecs = Eigenvectors of Stress Tensor                               
  -DivStress = Ehrenfest Force Density = Minus Divergence of Stress Tensor     
  ESP = Total Electrostatic Potential                                          
  ESPe = Electrostatic Potential from Electrons                                
  ESPn = Electrostatic Potential from Nuclei                                   
  BP = Bond Path                                                               
  BPL = Bond Path Length                                                       
  GBL = Geometric Bond Length                                                  
  GBL_I = Distance Between Nuclear Attractors                                  
  GBL_II = Distance Between Nuclei                                             
  GBL_III = Sum of Distances Between BCP and Nuclear Attractors                
  GBL_IV = Sum of Distances Between BCP and Nuclei                             

CP# 1      Coords = -3.70227961510177E+00 -2.99612075581459E+00  5.85729594501981E-01
           Type = (3,-3) NACP C1
           Rho =  1.1764032743E+02     Rho at Nucleus =  1.1764032612E+02
           GradRho =  3.8238301414E-12 -1.4191842146E-11 -7.8448358920E-12
           HessRho_EigVals = -1.4494173110E+05 -1.4494130049E+05 -1.4494022749E+05
           HessRho_EigVec1 =  2.8454015586E-01  9.5733126563E-01 -5.0534617399E-02
           HessRho_EigVec2 =  8.1990505184E-01 -2.1570055459E-01  5.3031026457E-01
           HessRho_EigVec3 = -4.9678225176E-01  1.9232815344E-01  8.4629621040E-01
           DelSqRho = -4.3482325908E+05
           Bond Ellipticity = NA
           V = -1.0871601862E+05
           G =  5.1019267270E+00
           K =  1.0871091670E+05
           L =  1.0870581477E+05
           Vnuc =  1.4110520901E+06
           Ven = -1.6599662989E+08
           Vrep =  1.6588791387E+08
           DelSqV =  2.4941573512E+09
           DelSqVen =  6.1355826893E+11
           DelSqVrep = -6.1106411158E+11
           DelSqG =  1.3395592162E+08
           DelSqK = -2.6281132729E+09
           Stress_EigVals = -3.6239019157E+04 -3.6238695134E+04 -3.6238304332E+04
           Stress_EigVec1 = -5.7414261955E-01  1.7925653896E-01  7.9889132281E-01
           Stress_EigVec2 =  7.9644643627E-01 -1.0394379618E-01  5.9570862121E-01
           Stress_EigVec3 =  1.8982446249E-01  9.7829585529E-01 -8.3089668210E-02
           -DivStress =  3.3337119630E+03  6.8248899836E+01  9.0003943813E+02
           ESP =  -1.4715623089E+01     ESP at Nucleus =  -1.4715623174E+01
           ESPe = -3.8204265979E+01     ESPe at Nucleus = -3.8204267084E+01
           ESPn =  2.3488642890E+01     ESPn at Nucleus =  2.3488643910E+01

CP# 2      Coords = -1.51892367399178E+00 -3.39884059136415E+00 -7.06333376142995E-01
           Type = (3,-3) NACP C2
           Rho =  1.1758153555E+02     Rho at Nucleus =  1.1758153545E+02
           GradRho =  1.2621712009E-10 -1.5176790380E-10  3.1288416302E-10
           HessRho_EigVals = -1.4488334283E+05 -1.4488298696E+05 -1.4488284844E+05
           HessRho_EigVec1 =  8.9368738383E-01 -7.4994865434E-02  4.4237837893E-01
           HessRho_EigVec2 = -4.4357519929E-01  7.7648931906E-04  8.9623682118E-01
           HessRho_EigVec3 =  6.7556661888E-02  9.9718361761E-01  3.2571923672E-02
           DelSqRho = -4.3464917822E+05
           Bond Ellipticity = NA
           V = -1.0867281224E+05
           G =  5.2588425113E+00
           K =  1.0866755340E+05
           L =  1.0866229456E+05
           Vnuc =  5.1021457250E+06
           Ven = -5.9991812895E+08
           Vrep =  5.9980945614E+08
           DelSqV =  2.4931833601E+09
           DelSqVen =  2.2176436060E+12
           DelSqVrep = -2.2151504227E+12
           DelSqG =  1.3391704841E+08
           DelSqK = -2.6271004085E+09
           Stress_EigVals = -3.6224412221E+04 -3.6224283138E+04 -3.6224116881E+04
           Stress_EigVec1 = -6.2795333913E-01  1.2880986605E-01  7.6751718045E-01
           Stress_EigVec2 =  7.5127425299E-01 -1.5707672806E-01  6.4102566119E-01
           Stress_EigVec3 =  2.0312951699E-01  9.7915010081E-01  1.8653199928E-03
           -DivStress = -3.4668507928E+02  3.1655020593E+02 -8.3403364843E+02
           ESP =  -1.4769828045E+01     ESP at Nucleus =  -1.4769828046E+01
           ESPe = -3.8636493817E+01     ESPe at Nucleus = -3.8636493074E+01
           ESPn =  2.3866665772E+01     ESPn at Nucleus =  2.3866665028E+01

CP# 3      Coords =  9.24192237006522E-01 -3.76751535976887E+00  5.01291360483474E-01
           Type = (3,-3) NACP C3
           Rho =  1.1762526425E+02     Rho at Nucleus =  1.1762526070E+02
           GradRho =  6.7518213243E-12  7.5729977844E-12 -3.1420421820E-12
           HessRho_EigVals = -1.4491632740E+05 -1.4491569781E+05 -1.4491422194E+05
           HessRho_EigVec1 =  8.1540897826E-01  1.8697268257E-01 -5.4785893635E-01
           HessRho_EigVec2 =  3.1772722674E-02 -9.5943183113E-01 -2.8014470458E-01
           HessRho_EigVec3 =  5.7801270943E-01 -2.1102553728E-01  7.8826996033E-01
           DelSqRho = -4.3474624715E+05
           Bond Ellipticity = NA
           V = -1.0869645090E+05
           G =  4.9445545991E+00
           K =  1.0869150634E+05
           L =  1.0868656179E+05
           Vnuc =  8.5705303531E+05
           Ven = -1.0081108976E+08
           Vrep =  1.0070239331E+08
           DelSqV =  2.4937049486E+09
           DelSqVen =  3.7260059034E+11
           DelSqVrep = -3.7010688539E+11
           DelSqG =  1.3392448750E+08
           DelSqK = -2.6276294361E+09
           Stress_EigVals = -3.6232614555E+04 -3.6231943037E+04 -3.6231893306E+04
           Stress_EigVec1 =  5.5367691425E-01 -2.0978125795E-01  8.0587449298E-01
           Stress_EigVec2 =  7.3490188393E-01 -3.3201293797E-01 -5.9134307303E-01
           Stress_EigVec3 =  3.9161345179E-01  9.1965169104E-01 -2.9659257304E-02
           -DivStress = -3.6414275348E+03 -8.9986102822E+02  4.2539905166E+03
           ESP =  -1.4687016476E+01     ESP at Nucleus =  -1.4687016733E+01
           ESPe = -3.9459460791E+01     ESPe at Nucleus = -3.9459457175E+01
           ESPn =  2.4772444315E+01     ESPn at Nucleus =  2.4772440442E+01

CP# 4      Coords = -3.64170483562848E+00 -2.82830321043049E+00  2.59640136700290E+00
           Type = (3,-3) NACP H4
           Rho =  4.3166533641E-01     Rho at Nucleus =  4.2782804970E-01
           GradRho =  1.9851741778E-16  2.5142648380E-16  1.3799725251E-15
           HessRho_EigVals = -6.6014308752E+00 -6.5919052687E+00 -5.9737627052E+00
           HessRho_EigVec1 =  9.9686226094E-01 -7.1490830037E-02 -3.3980787858E-02
           HessRho_EigVec2 =  6.8317055277E-02  9.9387811704E-01 -8.6827809029E-02
           HessRho_EigVec3 =  3.9980153589E-02  8.4233898658E-02  9.9564362984E-01
           DelSqRho = -1.9167098849E+01
           Bond Ellipticity = NA
           V = -4.8008595453E+00
           G =  4.5424165058E-03
           K =  4.7963171288E+00
           L =  4.7917747123E+00
           Vnuc =  5.1872792215E+01
           Ven = -2.2391686302E+01
           Vrep =  1.7590826756E+01
           DelSqV =  7.2153627301E+02
           DelSqVen =  9.9425093596E+02
           DelSqVrep = -2.7271466295E+02
           DelSqG =  7.1287127422E+01
           DelSqK = -7.9282340043E+02
           Stress_EigVals = -1.6532971668E+00 -1.6518893604E+00 -1.4956730181E+00
           Stress_EigVec1 =  9.9344032994E-01 -1.1009559272E-01 -3.0907463803E-02
           Stress_EigVec2 =  1.0695425771E-01  9.9022576021E-01 -8.9519442452E-02
           Stress_EigVec3 =  4.0461062917E-02  8.5626539596E-02  9.9550539833E-01
           -DivStress =  3.4586258342E-01  6.9443270729E-01  8.0876184411E+00
           ESP =  -1.1079411899E+00     ESP at Nucleus =  -1.1104930025E+00
           ESPe = -2.4701987663E+01     ESPe at Nucleus = -2.4610309922E+01
           ESPn =  2.3594046473E+01     ESPn at Nucleus =  2.3499816919E+01

CP# 5      Coords =  4.68603062592627E-01  2.06182089057096E+00  3.36771989448464E+00
           Type = (3,-3) NACP C5
           Rho =  1.1775163446E+02     Rho at Nucleus =  1.1775163391E+02
           GradRho = -4.3298247487E-09  2.2646695630E-10 -1.5481250726E-09
           HessRho_EigVals = -1.4507903848E+05 -1.4507678723E+05 -1.4507638143E+05
           HessRho_EigVec1 =  1.6583666249E-02  9.3824873934E-01  3.4556372082E-01
           HessRho_EigVec2 =  9.9475478712E-01 -5.0371354148E-02  8.9026064616E-02
           HessRho_EigVec3 = -1.0093510546E-01 -3.4227478700E-01  9.3416276669E-01
           DelSqRho = -4.3523220713E+05
           Bond Ellipticity = NA
           V = -1.0881788475E+05
           G =  4.9164839495E+00
           K =  1.0881296827E+05
           L =  1.0880805178E+05
           Vnuc =  2.1759923707E+06
           Ven = -2.5622665822E+08
           Vrep =  2.5611784033E+08
           DelSqV =  2.4964874484E+09
           DelSqVen =  9.4706198118E+11
           DelSqVrep = -9.4456549783E+11
           DelSqG =  1.3408032622E+08
           DelSqK = -2.6305677747E+09
           Stress_EigVals = -3.6272955649E+04 -3.6272920551E+04 -3.6272008551E+04
           Stress_EigVec1 =  8.7476710565E-01 -1.7932107501E-01  4.5014049244E-01
           Stress_EigVec2 = -4.8436095499E-01 -2.9810805019E-01  8.2251203985E-01
           Stress_EigVec3 =  1.3303238687E-02  9.3753695526E-01  3.4763124337E-01
           -DivStress =  2.1061099437E+03 -9.7337436962E+01  7.7341862181E+02
           ESP =  -1.4649611334E+01     ESP at Nucleus =  -1.4649611354E+01
           ESPe = -3.8261919298E+01     ESPe at Nucleus = -3.8261916041E+01
           ESPn =  2.3612307963E+01     ESPn at Nucleus =  2.3612304687E+01

CP# 6      Coords = -1.83277243462616E+00  2.19336981734139E+00  3.15389829268657E+00
           Type = (3,-3) NACP O6
           Rho =  2.9025506577E+02     Rho at Nucleus =  2.9025503862E+02
           GradRho = -4.0301983972E-11  1.1030554248E-10 -3.1727287464E-11
           HessRho_EigVals = -6.4006945052E+05 -6.4006563898E+05 -6.4004665750E+05
           HessRho_EigVec1 =  2.2392689974E-02  9.3329473794E-01  3.5841247129E-01
           HessRho_EigVec2 =  9.9096148963E-01 -6.8149496734E-02  1.1554640700E-01
           HessRho_EigVec3 = -1.3226448318E-01 -3.5258556158E-01  9.2638519432E-01
           DelSqRho = -1.9201817470E+06
           Bond Ellipticity = NA
           V = -4.8013784453E+05
           G =  4.6203892005E+01
           K =  4.8009164064E+05
           L =  4.8004543675E+05
           Vnuc =  8.6850804769E+05
           Ven = -2.5208886051E+08
           Vrep =  2.5160872266E+08
           DelSqV =  1.9801117004E+10
           DelSqVen =  1.6676933007E+12
           DelSqVrep = -1.6478921837E+12
           DelSqG =  1.0588879180E+09
           DelSqK = -2.0860004922E+10
           Stress_EigVals = -1.6004939423E+05 -1.6004470867E+05 -1.6004374164E+05
           Stress_EigVec1 = -1.2562696054E-01 -3.5311688909E-01  9.2710642832E-01
           Stress_EigVec2 =  9.9184000910E-01 -6.5153455492E-02  1.0958295301E-01
           Stress_EigVec3 =  2.1708595949E-02  9.3330782161E-01  3.5842048907E-01
           -DivStress = -5.9328416602E+04  1.7731530061E+03 -1.3273118653E+03
           ESP =  -2.2311397125E+01     ESP at Nucleus =  -2.2311398149E+01
           ESPe = -4.3812717299E+01     ESPe at Nucleus = -4.3812704085E+01
           ESPn =  2.1501320174E+01     ESPn at Nucleus =  2.1501305936E+01

CP# 7      Coords = -5.48505793182106E+00  6.20825689445315E+00 -5.98209865175768E-01
           Type = (3,-3) NACP C7
           Rho =  1.1747993128E+02     Rho at Nucleus =  1.1747992964E+02
           GradRho = -2.7775240441E-11 -2.4613477922E-11  6.5457639309E-12
           HessRho_EigVals = -1.4474461616E+05 -1.4474289637E+05 -1.4474280085E+05
           HessRho_EigVec1 = -2.3437847785E-01  9.6370861928E-01  1.2779838120E-01
           HessRho_EigVec2 =  8.5723842843E-01  2.6688099576E-01 -4.4035986526E-01
           HessRho_EigVec3 =  4.5848555697E-01 -6.3428085327E-03  8.8867922381E-01
           DelSqRho = -4.3423031338E+05
           Bond Ellipticity = NA
           V = -1.0856780067E+05
           G =  5.1111597223E+00
           K =  1.0856268951E+05
           L =  1.0855757835E+05
           Vnuc =  1.2592479594E+06
           Ven = -1.4793636373E+08
           Vrep =  1.4782779593E+08
           DelSqV =  2.4907720012E+09
           DelSqVen =  5.4680363725E+11
           DelSqVrep = -5.4431286525E+11
           DelSqG =  1.3377343097E+08
           DelSqK = -2.6245454321E+09
           Stress_EigVals = -3.6189449123E+04 -3.6189415795E+04 -3.6188935748E+04
           Stress_EigVec1 =  4.6080551452E-01 -8.4028418765E-03  8.8746136256E-01
           Stress_EigVec2 =  8.5665776631E-01  2.6553906104E-01 -4.4229682169E-01
           Stress_EigVec3 = -2.3193910667E-01  9.6406348303E-01  1.2956022340E-01
           -DivStress = -9.1192848770E+02  3.7136251991E+03  5.1739648327E+02
           ESP =  -1.4706600650E+01     ESP at Nucleus =  -1.4706600750E+01
           ESPe = -3.2631006415E+01     ESPe at Nucleus = -3.2630997345E+01
           ESPn =  1.7924405764E+01     ESPn at Nucleus =  1.7924396594E+01

CP# 8      Coords =  2.86903517663466E+00 -3.43765364015187E+00 -1.21909445524711E+00
           Type = (3,-3) NACP O8
           Rho =  2.8973488889E+02     Rho at Nucleus =  2.8973487160E+02
           GradRho =  1.1086109808E-10 -2.1831869645E-11 -4.8475001790E-11
           HessRho_EigVals = -6.3884365936E+05 -6.3882727522E+05 -6.3882463425E+05
           HessRho_EigVec1 =  8.6513478876E-01 -3.1768205718E-02 -5.0053229505E-01
           HessRho_EigVec2 =  3.1014576306E-01 -7.5040823409E-01  5.8369263133E-01
           HessRho_EigVec3 =  3.9414642322E-01  6.6021077189E-01  6.3935149467E-01
           DelSqRho = -1.9164955688E+06
           Bond Ellipticity = NA
           V = -4.7921861559E+05
           G =  4.7361689212E+01
           K =  4.7917125390E+05
           L =  4.7912389221E+05
           Vnuc =  1.0871881112E+06
           Ven = -3.1499632661E+08
           Vrep =  3.1451710799E+08
           DelSqV =  1.9763182737E+10
           DelSqVen =  2.0835911956E+12
           DelSqVrep = -2.0638280129E+12
           DelSqG =  1.0567150043E+09
           DelSqK = -2.0819897741E+10
           Stress_EigVals = -1.5974123188E+05 -1.5974052069E+05 -1.5973686301E+05
           Stress_EigVec1 =  3.9149491707E-01  6.7819547152E-01  6.2191850939E-01
           Stress_EigVec2 =  3.4746396437E-01 -7.3478406498E-01  5.8254714086E-01
           Stress_EigVec3 =  8.5205664329E-01 -1.1969973814E-02 -5.2331271373E-01
           -DivStress = -9.6648635019E+02  2.3740031847E+04 -4.0889992626E+04
           ESP =  -2.2308295759E+01     ESP at Nucleus =  -2.2308296406E+01
           ESPe = -4.5172911245E+01     ESPe at Nucleus = -4.5172904257E+01
           ESPn =  2.2864615486E+01     ESPn at Nucleus =  2.2864607851E+01

CP# 9      Coords = -6.09062567468912E+00 -2.80723209424746E+00 -3.84847739105189E-01
           Type = (3,-3) NACP N9
           Rho =  1.9042677078E+02     Rho at Nucleus =  1.9042676766E+02
           GradRho = -3.3039349034E-11 -5.3722359894E-11 -5.1282311730E-12
           HessRho_EigVals = -3.2035314538E+05 -3.2035304496E+05 -3.2034381719E+05
           HessRho_EigVec1 =  8.4709437068E-01 -3.5156724915E-01 -3.9853681948E-01
           HessRho_EigVec2 =  4.2968960109E-01  1.1801246273E-02  9.0289953888E-01
           HessRho_EigVec3 =  3.1272667598E-01  9.3608824366E-01 -1.6106156033E-01
           DelSqRho = -9.6105000753E+05
           Bond Ellipticity = NA
           V = -2.4029758364E+05
           G =  1.7540877316E+01
           K =  2.4028004276E+05
           L =  2.4026250188E+05
           Vnuc =  1.5864433461E+06
           Ven = -3.0210128342E+08
           Vrep =  3.0186098584E+08
           DelSqV =  7.5449196527E+09
           DelSqVen =  1.5246513848E+12
           DelSqVrep = -1.5171064631E+12
           DelSqG =  4.0427360229E+08
           DelSqK = -7.9491932550E+09
           Stress_EigVals = -8.0100507102E+04 -8.0098576180E+04 -8.0098500357E+04
           Stress_EigVec1 =  3.1648007806E-01  9.3461098904E-01 -1.6230421854E-01
           Stress_EigVec2 =  8.5997209412E-01 -2.1046770474E-01  4.6492079174E-01
           Stress_EigVec3 =  4.0036028465E-01 -2.8671526716E-01 -8.7034820506E-01
           -DivStress = -2.9216104399E+03 -1.0219744438E+04  2.0382435408E+03
           ESP =  -1.8325273545E+01     ESP at Nucleus =  -1.8325273690E+01
           ESPe = -3.9911029630E+01     ESPe at Nucleus = -3.9911024535E+01
           ESPn =  2.1585756085E+01     ESPn at Nucleus =  2.1585750845E+01

CP# 10     Coords =  5.76503263457800E+00 -4.67472861164410E+00 -1.02789245097955E+00
           Type = (3,-3) NACP Si10
           Rho =  1.6513432934E+03     Rho at Nucleus =  1.6513432924E+03
           GradRho = -8.5119385568E-09  4.4550775291E-09  5.5992255277E-10
           HessRho_EigVals = -1.0923051697E+07 -1.0923019952E+07 -1.0923018382E+07
           HessRho_EigVec1 =  9.1418840304E-01 -4.0525962659E-01 -4.9192275796E-03
           HessRho_EigVec2 =  1.7186501338E-01  3.7664534506E-01  9.1027506899E-01
           HessRho_EigVec3 =  3.6704493038E-01  8.3300835476E-01 -4.1397475766E-01
           DelSqRho = -3.2769090031E+07
           Bond Ellipticity = NA
           V = -8.2001211592E+06
           G =  3.9243256913E+03
           K =  8.1961968335E+06
           L =  8.1922725078E+06
           Vnuc =  3.2635111587E+07
           Ven = -5.3891772649E+10
           Vrep =  5.3883572528E+10
           DelSqV =  9.9385138137E+11
           DelSqVen =  1.0694227311E+15
           DelSqVrep = -1.0684288797E+15
           DelSqG =  5.4235177622E+10
           DelSqK = -1.0480865590E+12
           Stress_EigVals = -2.7333766195E+06 -2.7333762291E+06 -2.7333683106E+06
           Stress_EigVec1 =  3.6768131077E-01  8.3573619879E-01 -4.0786696329E-01
           Stress_EigVec2 =  1.7003106529E-01  3.7078054563E-01  9.1302312338E-01
           Stress_EigVec3 =  9.1427560973E-01 -4.0505159304E-01 -5.7720391579E-03
           -DivStress =  1.2323742338E+05 -6.0235717643E+04  2.6331282359E+02
           ESP =  -4.9219135044E+01     ESP at Nucleus =  -4.9219135051E+01
           ESPe = -6.6208588108E+01     ESPe at Nucleus = -6.6208587325E+01
           ESPn =  1.6989453064E+01     ESPn at Nucleus =  1.6989452274E+01

CP# 11     Coords = -4.91209223525888E+00  3.62622558035531E+00 -1.03204942796288E+00
           Type = (3,-3) NACP O11
           Rho =  2.8986082337E+02     Rho at Nucleus =  2.8986079332E+02
           GradRho = -1.3316858727E-10  5.7534865761E-11  6.0158100723E-11
           HessRho_EigVals = -6.3914000183E+05 -6.3912714184E+05 -6.3911385100E+05
           HessRho_EigVec1 = -4.0641523312E-01  8.8774961256E-01 -2.1616494555E-01
           HessRho_EigVec2 =  3.6751688201E-01  3.7543547722E-01  8.5086987483E-01
           HessRho_EigVec3 =  8.3651539121E-01  2.6636221174E-01 -4.7884566661E-01
           DelSqRho = -1.9173809947E+06
           Bond Ellipticity = NA
           V = -4.7943889371E+05
           G =  4.6822521114E+01
           K =  4.7939207119E+05
           L =  4.7934524867E+05
           Vnuc =  8.2499302554E+05
           Ven = -2.3913315766E+08
           Vrep =  2.3865371876E+08
           DelSqV =  1.9772275947E+10
           DelSqVen =  1.5818259494E+12
           DelSqVrep = -1.5620536735E+12
           DelSqG =  1.0572319374E+09
           DelSqK = -2.0829507884E+10
           Stress_EigVals = -1.5981617645E+05 -1.5981277383E+05 -1.5980994343E+05
           Stress_EigVec1 =  8.3672405005E-01  2.6679642702E-01 -4.7823898899E-01
           Stress_EigVec2 =  3.9034830336E-01  3.2193125477E-01  8.6254766202E-01
           Stress_EigVec3 = -3.8408471217E-01  9.0839415109E-01 -1.6522409070E-01
           -DivStress = -1.4353150375E+04 -3.7960775250E+04 -4.7463298467E+04
           ESP =  -2.2334603703E+01     ESP at Nucleus =  -2.2334604830E+01
           ESPe = -4.1959023238E+01     ESPe at Nucleus = -4.1959017631E+01
           ESPn =  1.9624419535E+01     ESPn at Nucleus =  1.9624412801E+01

CP# 12     Coords = -3.93442547298329E+00  3.05293719275218E+00  3.54137306042909E-01
           Type = (3,-3) NACP H12
           Rho =  3.8146624055E-01     Rho at Nucleus =  3.7322995110E-01
           GradRho = -2.4542867738E-14  1.4085954625E-14 -3.2914643233E-14
           HessRho_EigVals = -5.5782972101E+00 -5.5648212561E+00 -4.2580129186E+00
           HessRho_EigVec1 = -2.8482632501E-02  9.0253207841E-01  4.2967963308E-01
           HessRho_EigVec2 =  8.3622585653E-01  2.5701684556E-01 -4.8442611198E-01
           HessRho_EigVec3 =  5.4764500958E-01 -3.4551148828E-01  7.6204117668E-01
           DelSqRho = -1.5401131385E+01
           Bond Ellipticity = NA
           V = -3.8943330698E+00
           G =  2.2025111782E-02
           K =  3.8723079580E+00
           L =  3.8502828462E+00
           Vnuc =  4.1869807573E+01
           Ven = -1.5971918087E+01
           Vrep =  1.2077585018E+01
           DelSqV =  5.5890777276E+02
           DelSqVen =  6.4484240749E+02
           DelSqVrep = -8.5934634729E+01
           DelSqG =  5.3360717641E+01
           DelSqK = -6.1226849040E+02
           Stress_EigVals = -1.4070017180E+00 -1.4052114923E+00 -1.0821198594E+00
           Stress_EigVec1 =  8.3687518034E-01  2.4981640181E-01 -4.8706436733E-01
           Stress_EigVec2 =  1.8573106315E-02 -9.0223445571E-01 -4.3084571095E-01
           Stress_EigVec3 =  5.4707857960E-01 -3.5151778378E-01  7.5969748942E-01
