AIMSum (Version 19.02.13, Professional)
Copyright (c) 1997-2019 by Todd A. Keith
AIMSum is a component of the AIMAll package ( http://aim.tkgristmill.com )

TP:  64-bit Linux

Much of the Quantum Theory of Atoms in Molecules (QTAIM) is described in the book:
  "Atoms in Molecules - A Quantum Theory"
  R.F.W. Bader, Oxford University Press, Oxford, 1990

For additional references see:  http://aim.tkgristmill.com/references.html

Wfn File:  /home/mhennefarth/Documents/ML_Diels/summary-jones2006/1-opt/1-opt.wfn
Sum File:  /home/mhennefarth/Documents/ML_Diels/summary-jones2006/1-opt/1-opt.sum

SumViz File:  /home/mhennefarth/Documents/ML_Diels/summary-jones2006/1-opt/1-opt.sumviz

Wfn Title:   Title Card Required                                                           
 
Total memory allocated for AIMSum =        0.900 Megabytes

Atomic units (a.u.) used throughout, except where stated otherwise

Model:  Restricted SCF
 
Restricted, closed-shell, single-determinant wavefunction.
  Number of electrons (from MO Occs)                   =          64.0000000000
  Number of Alpha electrons (from MO Occs)             =          32.0000000000
  Number of Beta electrons (from MO Occs)              =          32.0000000000
  Number of electron pairs (N*(N-1)/2)                 =        2016.0000000000
  Number of electron pairs (from Muller 2EDM)          =        2016.0000000000
 
Nuclear Charges and Cartesian Coordinates:
-------------------------------------------------------------------------------
Atom      Charge                X                  Y                  Z
-------------------------------------------------------------------------------
H1         1.0           1.1941170800E+00  -3.6741651800E+00  -1.1704863600E+00
C2         6.0           2.3399737100E+00  -2.0688788000E+00  -6.1371638000E-01
H3         1.0           5.1640447700E+00   2.9845925700E+00  -1.5269463000E+00
C4         6.0           4.2275396400E+00  -9.9831420000E-01  -1.9514669000E+00
C5         6.0           2.0272364900E+00  -6.9897524000E-01   1.7840248600E+00
H6         1.0           7.3156247400E+00   9.3347458000E-01  -5.4415650000E-02
C7         6.0           5.2945944200E+00   1.1926770000E+00  -4.7729470000E-01
C8         6.0          -5.4296114800E+00   1.4252085200E+00  -5.6936964000E-01
H9         1.0           4.9111157000E+00  -1.5736077400E+00  -3.7950275100E+00
C10        6.0          -3.6801559600E+00   3.2488983400E+00  -4.4164835000E-01
H11        1.0           6.4768136000E-01  -1.1983176700E+00   3.2164070600E+00
C12        6.0           3.7172323600E+00   1.2105327000E+00   1.8951121300E+00
H13        1.0           3.9756889200E+00   2.5413735600E+00   3.4315539500E+00
H14        1.0          -4.1615086400E+00   5.1833190800E+00  -9.2677653000E-01
H15        1.0          -7.3576133800E+00   1.8271097800E+00  -1.1561789400E+00
H16        1.0          -1.7511623200E+00   2.8607945600E+00   1.4266492000E-01
C17        6.0          -4.8993589400E+00  -1.1545941800E+00   4.7595400000E-02
N18        7.0          -4.5032413900E+00  -3.2605569100E+00   5.4282669000E-01
 
Some Atomic Properties:
----------------------
  q(A) = Net Charge of Atom A
  L(A) = Lagrangian of Atom A = -(1/4) Times Atomic Integral of the Laplacian of the Electron Density
  K(A) = Electronic Kinetic Energy of Atom A (Hamiltonian Form)
  K_Scaled(A) = K(A) * E(Mol)/K(Mol) = Approximation to Virial-Based Total Energy of Atom A.
  |Mu_Intra(A)| = Magnitude of Intraatomic Dipole Moment of Atom A
--------------------------------------------------------------------------------------------------
Atom A          q(A)              L(A)              K(A)          K_Scaled(A)      |Mu_Intra(A)|
--------------------------------------------------------------------------------------------------
H1        6.3505357640E-02  2.6903366643E-06  5.8608181059E-01 -5.9190996635E-01  1.4346266581E-01
C2       -5.1488945900E-02 -8.4510606813E-05  3.7727405030E+01 -3.8102576532E+01  1.6952797660E-01
H3        3.8104316300E-02  2.1348759648E-05  5.9201836619E-01 -5.9790555667E-01  1.5301756805E-01
C4       -7.5817289600E-02 -2.9318205419E-05  3.7732483952E+01 -3.8107705960E+01  1.6958624084E-01
C5       -6.1551311900E-02 -1.4839043093E-04  3.7732162711E+01 -3.8107381525E+01  1.6221618045E-01
H6        4.3921943730E-02  3.3389251480E-05  5.8964939656E-01 -5.9551302936E-01  1.5172978227E-01
C7       -1.2486054000E-02 -1.1803707959E-04  3.7703253381E+01 -3.8078184713E+01  1.4139928361E-01
C8        4.8938465800E-02  5.1906352818E-05  3.7646137876E+01 -3.8020501236E+01  2.8246674854E-01
H9        4.7624477890E-02  2.0666140794E-05  5.9138400422E-01 -5.9726488643E-01  1.5034312877E-01
C10      -3.3922247100E-02 -8.6875989859E-05  3.7691176885E+01 -3.8065988125E+01  1.8092306033E-01
H11       5.5890764920E-02  2.1860403879E-05  5.8897165391E-01 -5.9482854706E-01  1.4541357909E-01
C12      -8.5207823500E-02 -1.4764161003E-04  3.7733247393E+01 -3.8108476993E+01  1.7346511026E-01
H13       4.6267041630E-02  2.1997470043E-05  5.9172623984E-01 -5.9761052533E-01  1.5080838855E-01
H14       6.7096355640E-02  1.5385060075E-05  5.8569209628E-01 -5.9151637662E-01  1.4250890613E-01
H15       8.5033397350E-02  1.8525537196E-05  5.7999245917E-01 -5.8576006078E-01  1.4080434552E-01
H16       9.8054939760E-02  1.9579266416E-05  5.7167296858E-01 -5.7735783893E-01  1.3618200371E-01
C17       9.7112378890E-01  3.0011760090E-05  3.7139642907E+01 -3.7508969544E+01  1.0317942965E+00
N18      -1.2453607817E+00 -1.8134554191E-06  5.4959520559E+01 -5.5506052871E+01  6.8367899268E-01
--------------------------------------------------------------------------------------------------
Total    -2.7360414000E-04 -3.5922703896E-04  3.6134221969E+02 -3.6493550429E+02
 
1st Largest |L(A)| = 1.4839043093E-04, atom C5      
2nd Largest |L(A)| = 1.4764161003E-04, atom C12     
 
Molecular charge q(Mol) from the wfn file:   0.0000000000E+00
Molecular energy E(Mol) from the wfn file:  -3.6493559847E+02
Molecular virial ratio (-V(Mol)/T(Mol)) from the wfn file:   2.0099442700E+00
Note.  K_Scaled(A) = (1+V(Mol)/T(Mol))*K(A) = (E(Mol)/T(Mol))*K(A)
       Only use K_Scaled(A) data with caution.
 
N_AIMInt(SumA)     =         64.000274
N_Analytic(Mol)    =         63.999990
 
G_AIMInt(SumA)     =        361.342579
G_Analytic(Mol)    =        361.342288
 
K_AIMInt(SumA)     =        361.342220
K_Analytic(Mol)    =        361.342288
 
L_AIMInt(SumA)     =         -0.000359
L_Analytic(Mol)    =          0.000000
 
VenT_AIMInt(SumA)  =      -1569.597555
VenT_Analytic(Mol) =      -1569.594108
 
Some Information About the Atomic Calculations:
----------------------------------------------
  Time(sec) = "Elapsed User Time", in Seconds, for Atom A by AIMInt and, if used, by TWOe
  NProc = Number of Processors Used for AIMInt Job
  BIM = Basin Integration Method
  OAQ = Angular Quadrature Outside of Beta Sphere
  ORQ = Multiple of Default for Radial Quadrature Outside of Beta Sphere
  IAQ = Multiple of Default for Angular Quadrature Inside of Beta Sphere
  IRQ = Multiple of Default for Radial Quadrature Inside of Beta Sphere
  MIR = Maximum Integration Radius
------------------------------------------------------------------------------------------------------
Atom A     Time(sec)   NProc      BIM          OAQ                     ORQ      IAQ      IRQ      MIR
------------------------------------------------------------------------------------------------------
H1             18        8     Proaim(5)    4500(GS4)                  1.00     1.00     1.00    13.00
C2             25        8     Proaim(5)    4500(GS4)                  1.00     1.00     1.00    13.00
H3              6        8     Proaim(5)    1800(GS4)                  1.00     1.00     1.00    13.00
C4             34        8     Proaim(5)    4500(GS4)                  1.00     1.00     1.00    13.00
C5             62        8     Proaim(5)    4500(GS4)                  1.00     1.00     1.00    13.00
H6              9        8     Proaim(5)    1800(GS4)                  1.00     1.00     1.00    13.00
C7             54        8     Proaim(5)    4500(GS4)                  1.00     1.00     1.00    13.00
C8             27        8     Proaim(5)    4500(GS4)                  1.00     1.00     1.00    13.00
H9              6        8     Proaim(5)    1800(GS4)                  1.00     1.00     1.00    13.00
C10            19        8     Proaim(5)    4500(GS4)                  1.00     1.00     1.00    13.00
H11            17        8     Proaim(5)    4500(GS4)                  1.00     1.00     1.00    13.00
C12            22        8     Proaim(5)    4500(GS4)                  1.00     1.00     1.00    13.00
H13             5        8     Proaim(5)    1800(GS4)                  1.00     1.00     1.00    13.00
H14             4        8     Proaim(5)    1800(GS4)                  1.00     1.00     1.00    13.00
H15             4        8     Proaim(5)    1800(GS4)                  1.00     1.00     1.00    13.00
H16            12        8     Proaim(5)    4500(GS4)                  1.00     1.00     1.00    13.00
C17            12        8     Proaim(5)    4500(GS4)                  1.00     1.00     1.00    13.00
N18            18        8     Proaim(5)    4500(GS4)                  1.00     1.00     1.00    13.00
------------------------------------------------------------------------------------------------------
Total         354
Note:  Total wall clock time is less than total of atomic times if more than one atom
       was calculated at a time
 
Electron Density Critical Point Analysis of Molecular Structure:               
---------------------------------------------------------------                
  NACP = Nuclear Attractor Critical Point                                      
  NNACP = Non-Nuclear Attractor Critical Point                                 
  BCP = Bond Critical Point                                                    
  RCP = Ring Critical Point                                                    
  CCP = Cage Critical Point                                                    
  Rho = Electron Density                                                       
  GradRho = Gradient of Electron Density                                       
  HessRho_EigVals = Eigenvalues of the Hessian of Rho, Ascending Order         
  HessRho_EigVecs = Eigenvectors of the Hessian of Rho                         
  DelSqRho = Laplacian of Rho = Trace of Hessian of Rho                        
  Bond Ellipticity = (HessRho_EigVal(1) / HessRho_EigVal(2)) - 1               
  V = Virial Field = Potential Energy Density = Trace of Stress Tensor         
  G = Lagrangian Form of Kinetic Energy Density                                
  K = Hamiltonian Form of Kinetic Energy Density                               
  L = K - G = Lagrangian Density = (-1/4)DelSqRho                              
  Vnuc = Electrostatic Potential from Nuclei                                   
  Ven = Electron-nuclear attractive contribution to Virial Field V             
  Vrep = V - Ven = Repulsive contribution to Virial Field V                    
  DelSqV = Laplacian of V                                                      
  DelSqVen = Laplacian of Ven                                                  
  DelSqVrep = Laplacian of Vrep                                                
  DelSqG = Laplacian of G                                                      
  DelSqK = Laplacian of K                                                      
  Stress_EigVals = Eigenvalues of Stress Tensor, Ascending Order               
  Stress_EigVecs = Eigenvectors of Stress Tensor                               
  -DivStress = Ehrenfest Force Density = Minus Divergence of Stress Tensor     
  ESP = Total Electrostatic Potential                                          
  ESPe = Electrostatic Potential from Electrons                                
  ESPn = Electrostatic Potential from Nuclei                                   
  BP = Bond Path                                                               
  BPL = Bond Path Length                                                       
  GBL = Geometric Bond Length                                                  
  GBL_I = Distance Between Nuclear Attractors                                  
  GBL_II = Distance Between Nuclei                                             
  GBL_III = Sum of Distances Between BCP and Nuclear Attractors                
  GBL_IV = Sum of Distances Between BCP and Nuclei                             

CP# 1      Coords =  1.21404553020976E+00 -3.64634121838731E+00 -1.16085333563222E+00
           Type = (3,-3) NACP H1
           Rho =  4.2480710848E-01     Rho at Nucleus =  4.2099649179E-01
           GradRho =  3.3892159912E-15  4.2188474936E-15  2.4661262615E-15
           HessRho_EigVals = -6.4797262067E+00 -6.4740678410E+00 -5.8666547087E+00
           HessRho_EigVec1 =  5.1419715952E-01 -6.8708856130E-02 -8.5491541934E-01
           HessRho_EigVec2 =  6.5052905405E-01 -6.1835505307E-01  4.4096369258E-01
           HessRho_EigVec3 =  5.5893938041E-01  7.8288959722E-01  2.7325930468E-01
           DelSqRho = -1.8820448756E+01
           Bond Ellipticity = NA
           V = -4.7139088552E+00
           G =  4.3983330682E-03
           K =  4.7095105222E+00
           L =  4.7051121891E+00
           Vnuc =  4.0487470284E+01
           Ven = -1.7199365181E+01
           Vrep =  1.2485456326E+01
           DelSqV =  7.0831564483E+02
           DelSqVen =  7.6199235975E+02
           DelSqVrep = -5.3676714922E+01
           DelSqG =  6.9830651381E+01
           DelSqK = -7.7814629621E+02
           Stress_EigVals = -1.6230828007E+00 -1.6225459829E+00 -1.4682800716E+00
           Stress_EigVec1 =  5.1661374694E-01 -7.2640032540E-02 -8.5313167925E-01
           Stress_EigVec2 =  6.4804728715E-01 -6.1803505501E-01  4.4504762038E-01
           Stress_EigVec3 =  5.5959355794E-01  7.8278738905E-01  2.7221122948E-01
           -DivStress = -4.4988815336E+00 -6.2805629472E+00 -2.1736931076E+00
           ESP =  -1.1127669490E+00     ESP at Nucleus =  -1.1153621782E+00
           ESPe = -1.3474276046E+01     ESPe at Nucleus = -1.3392724234E+01
           ESPn =  1.2361509097E+01     ESPn at Nucleus =  1.2277362055E+01

CP# 2      Coords =  2.33997298535591E+00 -2.06887881341947E+00 -6.13715269026573E-01
           Type = (3,-3) NACP C2
           Rho =  1.1768179224E+02     Rho at Nucleus =  1.1768179211E+02
           GradRho = -2.7246183087E-10 -1.1298850744E-11  4.4492219631E-10
           HessRho_EigVals = -1.4500646056E+05 -1.4500557854E+05 -1.4500522219E+05
           HessRho_EigVec1 = -6.5437040337E-01  6.1962089745E-01 -4.3343894454E-01
           HessRho_EigVec2 = -1.1344311328E-01  4.8627050052E-01  8.6641310030E-01
           HessRho_EigVec3 =  7.4761623528E-01  6.1612575321E-01 -2.4790929991E-01
           DelSqRho = -4.3501726130E+05
           Bond Ellipticity = NA
           V = -1.0876456381E+05
           G =  5.1242435847E+00
           K =  1.0875943957E+05
           L =  1.0875431532E+05
           Vnuc =  4.5232593899E+06
           Ven = -5.3230527176E+08
           Vrep =  5.3219650719E+08
           DelSqV =  2.4952809499E+09
           DelSqVen =  1.9676958556E+12
           DelSqVrep = -1.9652005091E+12
           DelSqG =  1.3402908594E+08
           DelSqK = -2.6293100359E+09
           Stress_EigVals = -3.6255138714E+04 -3.6254944616E+04 -3.6254480481E+04
           Stress_EigVec1 =  7.2991595820E-01  6.6577856755E-01 -1.5479532603E-01
           Stress_EigVec2 =  1.9353844095E-01 -4.1849597056E-01 -8.8735787284E-01
           Stress_EigVec3 =  6.5556507369E-01 -6.1773782595E-01  4.3432063334E-01
           -DivStress =  5.8424371455E+02  6.1283003228E+00 -9.0476829131E+02
           ESP =  -1.4751376005E+01     ESP at Nucleus =  -1.4751376018E+01
           ESPe = -2.7086341042E+01     ESPe at Nucleus = -2.7086340959E+01
           ESPn =  1.2334965037E+01     ESPn at Nucleus =  1.2334964940E+01

CP# 3      Coords =  5.16619127092817E+00  2.95599357836633E+00 -1.51017048757028E+00
           Type = (3,-3) NACP H3
           Rho =  4.1690363129E-01     Rho at Nucleus =  4.1361905956E-01
           GradRho = -9.0639301620E-16 -4.1295092346E-15  1.4398204851E-15
           HessRho_EigVals = -6.3610662250E+00 -6.3599489122E+00 -5.8111244255E+00
           HessRho_EigVec1 = -1.2643776551E-01  4.9469760715E-01  8.5981845115E-01
           HessRho_EigVec2 =  9.8995022329E-01  1.1827214074E-01  7.7525841756E-02
           HessRho_EigVec3 = -6.3340720457E-02  8.6097966190E-01 -5.0468007185E-01
           DelSqRho = -1.8532139563E+01
           Bond Ellipticity = NA
           V = -4.6428679276E+00
           G =  4.9165184666E-03
           K =  4.6379514092E+00
           L =  4.6330348907E+00
           Vnuc =  4.1674400878E+01
           Ven = -1.7374209058E+01
           Vrep =  1.2731341130E+01
           DelSqV =  6.9950420824E+02
           DelSqVen =  7.7231581327E+02
           DelSqVrep = -7.2811605031E+01
           DelSqG =  6.8991316946E+01
           DelSqK = -7.6849552518E+02
           Stress_EigVals = -1.5940157379E+00 -1.5939379205E+00 -1.4549142692E+00
           Stress_EigVec1 = -6.1607966566E-02  5.0141317230E-01  8.6301175490E-01
           Stress_EigVec2 =  9.9607411657E-01  8.5955421290E-02  2.1166479253E-02
           Stress_EigVec3 = -6.3567387462E-02  8.6092769510E-01 -5.0474022136E-01
           -DivStress = -4.7693424779E-01  6.3554497782E+00 -3.7280248262E+00
           ESP =  -1.0992728162E+00     ESP at Nucleus =  -1.1014698192E+00
           ESPe = -1.2676360807E+01     ESPe at Nucleus = -1.2598341559E+01
           ESPn =  1.1577087991E+01     ESPn at Nucleus =  1.1496871740E+01

CP# 4      Coords =  4.22754087217742E+00 -9.98313027370088E-01 -1.95146710063425E+00
           Type = (3,-3) NACP C4
           Rho =  1.1767053633E+02     Rho at Nucleus =  1.1767053612E+02
           GradRho =  8.4443768644E-10  7.6106171365E-10 -1.3765133478E-10
           HessRho_EigVals = -1.4499429289E+05 -1.4499374995E+05 -1.4499332944E+05
           HessRho_EigVec1 = -6.5957035242E-01  6.1265814549E-01 -4.3545028071E-01
           HessRho_EigVec2 =  2.6571936643E-01  7.3197769510E-01  6.2737697773E-01
           HessRho_EigVec3 =  7.0310750850E-01  2.9809168160E-01 -6.4558592058E-01
           DelSqRho = -4.3498137229E+05
           Bond Ellipticity = NA
           V = -1.0875558307E+05
           G =  5.1199999663E+00
           K =  1.0875046307E+05
           L =  1.0874534307E+05
           Vnuc =  3.5031119038E+06
           Ven = -4.1221305655E+08
           Vrep =  4.1210430097E+08
           DelSqV =  2.4950778465E+09
           DelSqVen =  1.5237885133E+12
           DelSqVrep = -1.5212934190E+12
           DelSqG =  1.3401996865E+08
           DelSqK = -2.6290978152E+09
           Stress_EigVals = -3.6252131870E+04 -3.6251910975E+04 -3.6251540227E+04
           Stress_EigVec1 = -6.3842041539E-01 -1.4903035877E-01  7.5512205992E-01
           Stress_EigVec2 =  3.9807522952E-01  7.7574172422E-01  4.8965384604E-01
           Stress_EigVec3 = -6.5875297711E-01  6.1320039911E-01 -4.3592405954E-01
           -DivStress = -1.0004521182E+03 -9.5508589303E+02  1.5789623789E+02
           ESP =  -1.4749772423E+01     ESP at Nucleus =  -1.4749772443E+01
           ESPe = -2.6426247092E+01     ESPe at Nucleus = -2.6426247927E+01
           ESPn =  1.1676474669E+01     ESPn at Nucleus =  1.1676475483E+01

CP# 5      Coords =  2.02723577095768E+00 -6.98976007893565E-01  1.78402434561836E+00
           Type = (3,-3) NACP C5
           Rho =  1.1769528357E+02     Rho at Nucleus =  1.1769528347E+02
           GradRho = -1.9686297037E-10 -2.4637758500E-10 -1.5262906217E-10
           HessRho_EigVals = -1.4502659172E+05 -1.4502565910E+05 -1.4502536386E+05
           HessRho_EigVec1 = -6.5084352660E-01  6.2711253457E-01 -4.2793991736E-01
           HessRho_EigVec2 =  1.4623879721E-01 -4.4955590664E-01 -8.8120014809E-01
           HessRho_EigVec3 =  7.4499457587E-01  6.3610483082E-01 -2.0088236891E-01
           DelSqRho = -4.3507761468E+05
           Bond Ellipticity = NA
           V = -1.0877965321E+05
           G =  5.1247723099E+00
           K =  1.0877452844E+05
           L =  1.0876940367E+05
           Vnuc =  5.1237825030E+06
           Ven = -6.0304503465E+08
           Vrep =  6.0293625500E+08
           DelSqV =  2.4956294957E+09
           DelSqVen =  2.2292430193E+12
           DelSqVrep = -2.2267473898E+12
           DelSqG =  1.3405102021E+08
           DelSqK = -2.6296805159E+09
           Stress_EigVals = -3.6260159152E+04 -3.6259986722E+04 -3.6259507340E+04
           Stress_EigVec1 =  7.5209880369E-01  5.6705706232E-01 -3.3584769996E-01
           Stress_EigVec2 =  3.5868232610E-02 -5.4405689774E-01 -8.3828131431E-01
           Stress_EigVec3 = -6.5807359724E-01  6.1842411022E-01 -4.2952387654E-01
           -DivStress =  5.7902225219E+02  6.2302838593E+02  4.2236922464E+02
           ESP =  -1.4748512034E+01     ESP at Nucleus =  -1.4748512047E+01
           ESPe = -2.7244775890E+01     ESPe at Nucleus = -2.7244776081E+01
           ESPn =  1.2496263856E+01     ESPn at Nucleus =  1.2496264035E+01

CP# 6      Coords =  7.28324692110585E+00  9.37727528356246E-01 -6.12353492772905E-02
           Type = (3,-3) NACP H6
           Rho =  4.1599296213E-01     Rho at Nucleus =  4.1269005848E-01
           GradRho = -6.6725680276E-10  8.7435544915E-11 -1.4043424930E-10
           HessRho_EigVals = -6.3463118934E+00 -6.3453809701E+00 -5.7952496438E+00
           HessRho_EigVec1 = -1.1820817957E-01  4.8760033713E-01  8.6502759350E-01
           HessRho_EigVec2 =  2.0816477895E-01  8.6394677659E-01 -4.5854486370E-01
           HessRho_EigVec3 =  9.7092443119E-01 -1.2586452419E-01  2.0362679210E-01
           DelSqRho = -1.8486942507E+01
           Bond Ellipticity = NA
           V = -4.6315478868E+00
           G =  4.9061299632E-03
           K =  4.6266417568E+00
           L =  4.6217356268E+00
           Vnuc =  4.1179085439E+01
           Ven = -1.7130209730E+01
           Vrep =  1.2498661843E+01
           DelSqV =  6.9768711931E+02
           DelSqVen =  7.6127538625E+02
           DelSqVrep = -6.3588266943E+01
           DelSqG =  6.8806561281E+01
           DelSqK = -7.6649368059E+02
           Stress_EigVals = -1.5903483309E+00 -1.5902701530E+00 -1.4509294029E+00
           Stress_EigVec1 = -9.9558843502E-02  5.6106036643E-01  8.2176596541E-01
           Stress_EigVec2 =  2.1802204234E-01  8.1810085254E-01 -5.3214413849E-01
           Stress_EigVec3 =  9.7085242222E-01 -1.2618343910E-01  2.0377270171E-01
           -DivStress =  7.1778409180E+00 -9.4291078167E-01  1.5118251869E+00
           ESP =  -1.0992172713E+00     ESP at Nucleus =  -1.1014248960E+00
           ESPe = -1.2302679794E+01     ESPe at Nucleus = -1.2219852311E+01
           ESPn =  1.1203462523E+01     ESPn at Nucleus =  1.1118427415E+01

CP# 7      Coords =  5.29459448337077E+00  1.19267715434070E+00 -4.77294686671949E-01
           Type = (3,-3) NACP C7
           Rho =  1.1754086903E+02     Rho at Nucleus =  1.1754086902E+02
           GradRho =  5.7976623502E-11 -2.1119772597E-12  6.0965121840E-13
           HessRho_EigVals = -1.4483708994E+05 -1.4483698195E+05 -1.4483677128E+05
           HessRho_EigVec1 = -1.6678860309E-01  4.9735949530E-01  8.5136073101E-01
           HessRho_EigVec2 = -6.3170402361E-01  6.0906751060E-01 -4.7956938401E-01
           HessRho_EigVec3 =  7.5705454786E-01  6.1779470697E-01 -2.1259847508E-01
           DelSqRho = -4.3451084317E+05
           Bond Ellipticity = NA
           V = -1.0863815444E+05
           G =  5.2218264261E+00
           K =  1.0863293262E+05
           L =  1.0862771079E+05
           Vnuc =  3.5847560477E+07
           Ven = -4.2135534109E+09
           Vrep =  4.2134447728E+09
           DelSqV =  2.4923975277E+09
           DelSqVen =  1.5576017666E+13
           DelSqVrep = -1.5573508491E+13
           DelSqG =  1.3387771443E+08
           DelSqK = -2.6262752421E+09
           Stress_EigVals = -3.6212785050E+04 -3.6212726340E+04 -3.6212643054E+04
           Stress_EigVec1 =  7.5375363454E-01  6.1677231894E-01 -2.2682011598E-01
           Stress_EigVec2 = -6.4106917730E-01  6.1420925257E-01 -4.6019268136E-01
           Stress_EigVec3 = -1.4451909333E-01  4.9227929131E-01  8.5835617957E-01
           -DivStress = -5.0266560649E+01 -1.2402673200E+02 -1.1368570339E+01
           ESP =  -1.4733327273E+01     ESP at Nucleus =  -1.4733327274E+01
           ESPe = -2.6151728850E+01     ESPe at Nucleus = -2.6151729049E+01
           ESPn =  1.1418401576E+01     ESPn at Nucleus =  1.1418401775E+01

CP# 8      Coords = -5.42961113759585E+00  1.42520442614224E+00 -5.69368790199176E-01
           Type = (3,-3) NACP C8
           Rho =  1.1759265052E+02     Rho at Nucleus =  1.1759264924E+02
           GradRho =  4.6533443765E-11 -1.5281331756E-11  1.8431922655E-12
           HessRho_EigVals = -1.4488619858E+05 -1.4488614116E+05 -1.4488528175E+05
           HessRho_EigVec1 = -2.6455584971E-01  9.3196931183E-01 -2.4787780092E-01
           HessRho_EigVec2 = -2.5192741722E-01  1.8132110434E-01  9.5060782322E-01
           HessRho_EigVec3 =  9.3088279543E-01  3.1393607459E-01  1.8681906283E-01
           DelSqRho = -4.3465762149E+05
           Bond Ellipticity = NA
           V = -1.0867473274E+05
           G =  5.1636844463E+00
           K =  1.0866956906E+05
           L =  1.0866440537E+05
           Vnuc =  1.4302423794E+06
           Ven = -1.6818599228E+08
           Vrep =  1.6807731755E+08
           DelSqV =  2.4932171283E+09
           DelSqVen =  6.2166574387E+11
           DelSqVrep = -6.1917252572E+11
           DelSqG =  1.3390849044E+08
           DelSqK = -2.6271256187E+09
           Stress_EigVals = -3.6225208323E+04 -3.6224886701E+04 -3.6224637718E+04
           Stress_EigVec1 =  9.0880408993E-01  3.8086695536E-01  1.7033933323E-01
           Stress_EigVec2 = -3.3249555952E-01  9.0776537047E-01 -2.5575131492E-01
           Stress_EigVec3 = -2.5203537258E-01  1.7579076910E-01  9.5161745280E-01
           -DivStress = -2.8111198729E+02  3.3148954669E+03 -6.8887589230E+02
           ESP =  -1.4684321051E+01     ESP at Nucleus =  -1.4684321135E+01
           ESPe = -2.5530159944E+01     ESPe at Nucleus = -2.5530157992E+01
           ESPn =  1.0845838893E+01     ESPn at Nucleus =  1.0845836857E+01

CP# 9      Coords =  4.89954431045400E+00 -1.56359754902112E+00 -3.76345954085116E+00
           Type = (3,-3) NACP H9
           Rho =  4.2499934319E-01     Rho at Nucleus =  4.2128732466E-01
           GradRho = -7.1985143540E-11  6.2342049925E-11  1.9648380579E-10
           HessRho_EigVals = -6.4775567194E+00 -6.4712504878E+00 -5.8746900282E+00
           HessRho_EigVec1 =  6.7758481665E-01  7.3528369608E-01  1.5385139730E-02
           HessRho_EigVec2 =  6.5729268288E-01 -6.1483319515E-01  4.3582848825E-01
           HessRho_EigVec3 = -3.2991687631E-01  2.8519822653E-01  8.9989823108E-01
           DelSqRho = -1.8823497235E+01
           Bond Ellipticity = NA
           V = -4.7152607703E+00
           G =  4.6932307016E-03
           K =  4.7105675396E+00
           L =  4.7058743088E+00
           Vnuc =  3.9695515543E+01
           Ven = -1.6870568033E+01
           Vrep =  1.2155307263E+01
           DelSqV =  7.0882285225E+02
           DelSqVen =  7.4720842744E+02
           DelSqVrep = -3.8385575185E+01
           DelSqG =  6.9819515572E+01
           DelSqK = -7.7864236783E+02
           Stress_EigVals = -1.6226708549E+00 -1.6223115048E+00 -1.4702784106E+00
           Stress_EigVec1 =  6.7357398701E-01  7.3897765766E-01  1.4495016883E-02
           Stress_EigVec2 =  6.6086511281E-01 -6.1092542071E-01  4.3592136102E-01
           Stress_EigVec3 = -3.3099152058E-01  2.8404603820E-01  8.9986802448E-01
           -DivStress =  2.6131652658E+00 -2.2593264890E+00 -7.1272490432E+00
           ESP =  -1.1068803891E+00     ESP at Nucleus =  -1.1094132154E+00
           ESPe = -1.2296486555E+01     ESPe at Nucleus = -1.2208378872E+01
           ESPn =  1.1189606166E+01     ESPn at Nucleus =  1.1098965657E+01

CP# 10     Coords = -3.68015643138872E+00  3.24889859629264E+00 -4.41648522892674E-01
           Type = (3,-3) NACP C10
           Rho =  1.1770573211E+02     Rho at Nucleus =  1.1770573209E+02
           GradRho = -3.2006619577E-11 -1.2838508034E-11 -9.6766761271E-12
           HessRho_EigVals = -1.4503895532E+05 -1.4503736282E+05 -1.4503723075E+05
           HessRho_EigVec1 = -2.5203501515E-01  1.7447505079E-01  9.5185965761E-01
           HessRho_EigVec2 =  2.6237934053E-01  9.5908897671E-01 -1.0632693176E-01
           HessRho_EigVec3 = -9.3146950181E-01  2.2295019939E-01 -2.8750265354E-01
           DelSqRho = -4.3511354889E+05
           Bond Ellipticity = NA
           V = -1.0878859732E+05
           G =  5.1050496432E+00
           K =  1.0878349227E+05
           L =  1.0877838722E+05
           Vnuc =  1.0643510526E+07
           Ven = -1.2528021987E+09
           Vrep =  1.2526934101E+09
           DelSqV =  2.4958333827E+09
           DelSqVen =  4.6311376159E+12
           DelSqVrep = -4.6286417825E+12
           DelSqG =  1.3406152287E+08
           DelSqK = -2.6298949056E+09
           Stress_EigVals = -3.6263133525E+04 -3.6263091788E+04 -3.6262372008E+04
           Stress_EigVec1 = -9.0043325074E-01 -4.0248541801E-01 -1.6500136135E-01
           Stress_EigVec2 = -3.5407473029E-01  8.9850178311E-01 -2.5947183108E-01
           Stress_EigVec3 = -2.5268764578E-01  1.7521425181E-01  9.5155079719E-01
           -DivStress =  3.8348725917E+02 -2.0922348827E+02  1.4119013667E+02
           ESP =  -1.4704617554E+01     ESP at Nucleus =  -1.4704617554E+01
           ESPe = -2.4959546250E+01     ESPe at Nucleus = -2.4959546469E+01
           ESPn =  1.0254928697E+01     ESPn at Nucleus =  1.0254928916E+01

CP# 11     Coords =  6.71443775074445E-01 -1.18963984308390E+00  3.19178233850066E+00
           Type = (3,-3) NACP H11
           Rho =  4.2555996644E-01     Rho at Nucleus =  4.2179308466E-01
           GradRho =  1.5699247458E-16  7.5753205792E-16 -1.3287981826E-15
           HessRho_EigVals = -6.4935917711E+00 -6.4880127024E+00 -5.8843692386E+00
           HessRho_EigVec1 =  3.2034418513E-01  7.5592777834E-01  5.7092275921E-01
           HessRho_EigVec2 =  6.6755931915E-01 -6.0774986212E-01  4.3012168105E-01
           HessRho_EigVec3 =  6.7211915496E-01  2.4333782900E-01 -6.9931576738E-01
           DelSqRho = -1.8865973712E+01
           Bond Ellipticity = NA
           V = -4.7253250176E+00
           G =  4.4157947854E-03
           K =  4.7209092228E+00
           L =  4.7164934280E+00
           Vnuc =  4.0950336054E+01
           Ven = -1.7426823637E+01
           Vrep =  1.2701498619E+01
           DelSqV =  7.1026734232E+02
           DelSqVen =  7.7256796349E+02
           DelSqVrep = -6.2300621168E+01
           DelSqG =  7.0043345861E+01
           DelSqK = -7.8031068818E+02
           Stress_EigVals = -1.6265878044E+00 -1.6259837770E+00 -1.4727534362E+00
           Stress_EigVec1 =  3.2473647224E-01  7.5080154908E-01  5.7518975781E-01
           Stress_EigVec2 = -6.6503226845E-01  6.1368301257E-01 -4.2558811309E-01
           Stress_EigVec3 =  6.7251639795E-01  2.4431576696E-01 -6.9859251392E-01
           -DivStress = -5.3766860226E+00 -1.9643390854E+00  5.5712681949E+00
           ESP =  -1.1086102111E+00     ESP at Nucleus =  -1.1111730555E+00
           ESPe = -1.3733107043E+01     ESPe at Nucleus = -1.3653357507E+01
           ESPn =  1.2624496831E+01     ESPn at Nucleus =  1.2542184452E+01

CP# 12     Coords =  3.71723350445512E+00  1.21053363282399E+00  1.89511153382157E+00
           Type = (3,-3) NACP C12
           Rho =  1.1767440705E+02     Rho at Nucleus =  1.1767440686E+02
           GradRho =  6.4254579435E-10  5.2971427245E-10 -3.4263164528E-10
           HessRho_EigVals = -1.4500023779E+05 -1.4499966621E+05 -1.4499927318E+05
           HessRho_EigVec1 =  6.8752815337E-01 -5.9917385648E-01  4.1023862328E-01
           HessRho_EigVec2 = -4.2652745470E-01  1.2399950627E-01  8.9593440208E-01
           HessRho_EigVec3 =  5.8768985759E-01  7.9095816081E-01  1.7031094836E-01
           DelSqRho = -4.3499917717E+05
           Bond Ellipticity = NA
           V = -1.0876002909E+05
           G =  5.1174006702E+00
           K =  1.0875491169E+05
           L =  1.0874979429E+05
           Vnuc =  3.7681849725E+06
           Ven = -4.4341893229E+08
           Vrep =  4.4331017226E+08
           DelSqV =  2.4951807386E+09
           DelSqVen =  1.6391574323E+12
           DelSqVrep = -1.6366622680E+12
           DelSqG =  1.3402657870E+08
           DelSqK = -2.6292073173E+09
           Stress_EigVals = -3.6253609960E+04 -3.6253398487E+04 -3.6253020649E+04
           Stress_EigVec1 =  4.8828959057E-01  7.9287988931E-01  3.6457476171E-01
           Stress_EigVec2 = -5.5752533085E-01 -3.7968953214E-02  8.2929118170E-01
           Stress_EigVec3 =  6.7137082242E-01 -6.0819391622E-01  4.2351077799E-01
           -DivStress = -9.3161586088E+02 -7.5391912890E+02  4.8864388675E+02
           ESP =  -1.4746933013E+01     ESP at Nucleus =  -1.4746933032E+01
           ESPe = -2.6598841386E+01     ESPe at Nucleus = -2.6598842294E+01
           ESPn =  1.1851908373E+01     ESPn at Nucleus =  1.1851909262E+01

CP# 13     Coords =  3.97137873309902E+00  2.51870746505491E+00  3.40519041660258E+00
           Type = (3,-3) NACP H13
           Rho =  4.2489941404E-01     Rho at Nucleus =  4.2119798165E-01
           GradRho = -1.0518929477E-15 -3.0964814046E-16 -1.0113437865E-15
           HessRho_EigVals = -6.4756408378E+00 -6.4692809653E+00 -5.8739808437E+00
           HessRho_EigVec1 =  7.5078874672E-01  4.3542294997E-01 -4.9671230349E-01
           HessRho_EigVec2 = -6.4902990090E-01  6.2606925102E-01 -4.3220074117E-01
           HessRho_EigVec3 =  1.2278617812E-01  6.4687258990E-01  7.5264826240E-01
           DelSqRho = -1.8818902647E+01
           Bond Ellipticity = NA
           V = -4.7141721960E+00
           G =  4.7232671477E-03
           K =  4.7094489288E+00
           L =  4.7047256617E+00
           Vnuc =  3.9969895266E+01
           Ven = -1.6983185078E+01
           Vrep =  1.2269012882E+01
           DelSqV =  7.0869171894E+02
           DelSqVen =  7.5218956781E+02
           DelSqVrep = -4.3497848865E+01
           DelSqG =  6.9802609277E+01
           DelSqK = -7.7849432822E+02
           Stress_EigVals = -1.6222106306E+00 -1.6218475035E+00 -1.4701140620E+00
           Stress_EigVec1 =  7.4077314579E-01  4.4372860434E-01 -5.0434122593E-01
           Stress_EigVec2 = -6.6023339905E-01  6.1938243802E-01 -4.2480260621E-01
           Stress_EigVec3 =  1.2388303054E-01  6.4766528482E-01  7.5178632176E-01
           -DivStress =  9.7340753518E-01  5.1168068528E+00  5.9500999496E+00
           ESP =  -1.1036014577E+00     ESP at Nucleus =  -1.1061269109E+00
           ESPe = -1.2529613856E+01     ESPe at Nucleus = -1.2442099407E+01
           ESPn =  1.1426012398E+01     ESPn at Nucleus =  1.1335972496E+01

CP# 14     Coords = -4.15319149219661E+00  5.14953476050701E+00 -9.18325759730126E-01
           Type = (3,-3) NACP H14
           Rho =  4.2410545315E-01     Rho at Nucleus =  4.2025662582E-01
           GradRho =  1.3445642477E-09 -5.4530917715E-09  1.3646345989E-09
           HessRho_EigVals = -6.4561256558E+00 -6.4509145101E+00 -5.8406714685E+00
           HessRho_EigVec1 =  9.3924526837E-01  2.8122209691E-01  1.9680563522E-01
           HessRho_EigVec2 = -2.5208329350E-01  1.7599748342E-01  9.5156654994E-01
           HessRho_EigVec3 = -2.3296424401E-01  9.4336579228E-01 -2.3619619594E-01
           DelSqRho = -1.8747711634E+01
           Bond Ellipticity = NA
           V = -4.6956618345E+00
           G =  4.3669629458E-03
           K =  4.6912948716E+00
           L =  4.6869279086E+00
           Vnuc =  3.8364460125E+01
           Ven = -1.6270576746E+01
           Vrep =  1.1574914912E+01
           DelSqV =  7.0515749238E+02
           DelSqVen =  7.1924584442E+02
           DelSqVrep = -1.4088352047E+01
           DelSqG =  6.9397193885E+01
           DelSqK = -7.7455468626E+02
           Stress_EigVals = -1.6173772205E+00 -1.6166128495E+00 -1.4616717645E+00
           Stress_EigVec1 =  9.3929721408E-01  2.7977849777E-01  1.9860698834E-01
           Stress_EigVec2 = -2.5344211922E-01  1.7559060303E-01  9.5128073266E-01
           Stress_EigVec3 = -2.3127437349E-01  9.4387071801E-01 -2.3583941963E-01
           -DivStress = -1.8681987169E+00  7.5961999744E+00 -1.8995931009E+00
           ESP =  -1.0731643127E+00     ESP at Nucleus =  -1.0757453100E+00
           ESPe = -1.1508266702E+01     ESPe at Nucleus = -1.1426058521E+01
           ESPn =  1.0435102390E+01     ESPn at Nucleus =  1.0350313211E+01

CP# 15     Coords = -7.32405730900629E+00  1.81991397006744E+00 -1.14592659035634E+00
           Type = (3,-3) NACP H15
           Rho =  4.2185464454E-01     Rho at Nucleus =  4.1801720621E-01
           GradRho =  4.3926787693E-09 -9.4453537179E-10  1.3425818293E-09
           HessRho_EigVals = -6.4352616439E+00 -6.4271435196E+00 -5.8189213596E+00
           HessRho_EigVec1 =  2.4269171489E-01  9.6346228977E-01 -1.1331878798E-01
           HessRho_EigVec2 = -2.5301895840E-01  1.7563268455E-01  9.5138560364E-01
           HessRho_EigVec3 =  9.3652663508E-01 -2.0222160197E-01  2.8639882242E-01
           DelSqRho = -1.8681326523E+01
           Bond Ellipticity = NA
           V = -4.6791786555E+00
           G =  4.4235123379E-03
           K =  4.6747551431E+00
           L =  4.6703316308E+00
           Vnuc =  3.8616321765E+01
           Ven = -1.6290474692E+01
           Vrep =  1.1611296036E+01
           DelSqV =  7.0280963254E+02
           DelSqVen =  7.2140412331E+02
           DelSqVrep = -1.8594490764E+01
           DelSqG =  6.9287634587E+01
           DelSqK = -7.7209726713E+02
           Stress_EigVals = -1.6117741710E+00 -1.6109940317E+00 -1.4564104528E+00
           Stress_EigVec1 =  2.4196332859E-01  9.6354703564E-01 -1.1415278239E-01
           Stress_EigVec2 = -2.5287040268E-01  1.7620428989E-01  9.5131940360E-01
           Stress_EigVec3 =  9.3675520125E-01 -2.0131854940E-01  2.8628750339E-01
           -DivStress = -7.5180032485E+00  1.6109020263E+00 -2.2967121918E+00
           ESP =  -1.0627303133E+00     ESP at Nucleus =  -1.0653110493E+00
           ESPe = -1.1759814498E+01     ESPe at Nucleus = -1.1672456254E+01
           ESPn =  1.0697084185E+01     ESPn at Nucleus =  1.0607145205E+01

CP# 16     Coords = -1.78586346545362E+00  2.86780867565628E+00  1.32162744657074E-01
           Type = (3,-3) NACP H16
           Rho =  4.1869487978E-01     Rho at Nucleus =  4.1467082766E-01
           GradRho =  2.2898349883E-16  4.6187012548E-16  1.7347234760E-18
           HessRho_EigVals = -6.3591491003E+00 -6.3536489727E+00 -5.7302710368E+00
           HessRho_EigVec1 =  2.3039957288E-01  9.6603248683E-01 -1.1703534169E-01
           HessRho_EigVec2 = -2.5259807849E-01  1.7552175004E-01  9.5151790630E-01
           HessRho_EigVec3 =  9.3973945728E-01 -1.8966641678E-01  2.8445808617E-01
           DelSqRho = -1.8443069110E+01
           Bond Ellipticity = NA
           V = -4.6196900766E+00
           G =  4.4613995932E-03
           K =  4.6152286770E+00
           L =  4.6107672774E+00
           Vnuc =  3.9715444300E+01
           Ven = -1.6628653177E+01
           Vrep =  1.2008963100E+01
           DelSqV =  6.9263220529E+02
           DelSqVen =  7.3247468394E+02
           DelSqVrep = -3.9842478656E+01
           DelSqG =  6.8046377615E+01
           DelSqK = -7.6067858290E+02
           Stress_EigVals = -1.5930247192E+00 -1.5922420414E+00 -1.4344233160E+00
