AIMSum (Version 19.02.13, Professional)
Copyright (c) 1997-2019 by Todd A. Keith
AIMSum is a component of the AIMAll package ( http://aim.tkgristmill.com )

TP:  64-bit Linux

Much of the Quantum Theory of Atoms in Molecules (QTAIM) is described in the book:
  "Atoms in Molecules - A Quantum Theory"
  R.F.W. Bader, Oxford University Press, Oxford, 1990

For additional references see:  http://aim.tkgristmill.com/references.html

Wfn File:  /home/mhennefarth/Documents/ML_Diels/summary-jones2006/2-opt/2-opt.wfn
Sum File:  /home/mhennefarth/Documents/ML_Diels/summary-jones2006/2-opt/2-opt.sum

SumViz File:  /home/mhennefarth/Documents/ML_Diels/summary-jones2006/2-opt/2-opt.sumviz

Wfn Title:   Title Card Required                                                           
 
Total memory allocated for AIMSum =        0.949 Megabytes

Atomic units (a.u.) used throughout, except where stated otherwise

Model:  Restricted SCF
 
Restricted, closed-shell, single-determinant wavefunction.
  Number of electrons (from MO Occs)                   =          76.0000000000
  Number of Alpha electrons (from MO Occs)             =          38.0000000000
  Number of Beta electrons (from MO Occs)              =          38.0000000000
  Number of electron pairs (N*(N-1)/2)                 =        2850.0000000000
  Number of electron pairs (from Muller 2EDM)          =        2850.0000000000
 
Nuclear Charges and Cartesian Coordinates:
-------------------------------------------------------------------------------
Atom      Charge                X                  Y                  Z
-------------------------------------------------------------------------------
H1         1.0           1.9723052500E+00   2.5203652800E+00  -3.5194848400E+00
C2         6.0           2.8222334600E+00   1.3752105000E+00  -2.0466990700E+00
H3         1.0           4.1636928800E+00   2.7068970000E-02   3.5097183900E+00
C4         6.0           4.0192068800E+00   2.2358465000E+00   3.6750950000E-02
C5         6.0           2.8300441000E+00  -1.4004055700E+00  -2.0286630800E+00
H6         1.0           6.9965544400E+00   2.3907560000E-02   1.7894733200E+00
C7         6.0           4.9270537600E+00   1.6759840000E-02   1.5734102300E+00
C8         6.0          -2.5243539400E+00   1.2736764700E+00   2.1502640800E+00
H9         1.0           4.3398754900E+00   4.1930197300E+00   5.5057180000E-01
C10        6.0          -2.5227285500E+00  -1.2741192000E+00   2.1500642400E+00
H11        1.0           1.9867738800E+00  -2.5692191600E+00  -3.4866296600E+00
C12        6.0           4.0318635800E+00  -2.2272055300E+00   6.5700560000E-02
H13        1.0           4.3637839400E+00  -4.1757069500E+00   6.0469890000E-01
H14        1.0          -1.7360941100E+00  -2.2831255600E+00   3.7545349200E+00
H15        1.0          -1.7391184200E+00   2.2833466300E+00   3.7550355800E+00
C16        6.0          -3.4965969100E+00   2.7935489100E+00   1.4931409000E-01
N17        7.0          -4.2821538300E+00   4.0955692500E+00  -1.4387093600E+00
C18        6.0          -3.4929244600E+00  -2.7947078100E+00   1.4866650000E-01
N19        7.0          -4.2764977200E+00  -4.0971808300E+00  -1.4399719900E+00
 
Some Atomic Properties:
----------------------
  q(A) = Net Charge of Atom A
  L(A) = Lagrangian of Atom A = -(1/4) Times Atomic Integral of the Laplacian of the Electron Density
  K(A) = Electronic Kinetic Energy of Atom A (Hamiltonian Form)
  K_Scaled(A) = K(A) * E(Mol)/K(Mol) = Approximation to Virial-Based Total Energy of Atom A.
  |Mu_Intra(A)| = Magnitude of Intraatomic Dipole Moment of Atom A
--------------------------------------------------------------------------------------------------
Atom A          q(A)              L(A)              K(A)          K_Scaled(A)      |Mu_Intra(A)|
--------------------------------------------------------------------------------------------------
H1        6.0305173260E-02  2.0478428572E-05  5.8722761219E-01 -5.9298164416E-01  1.4516107118E-01
C2       -5.2687779800E-02 -1.0845512615E-04  3.7728363536E+01 -3.8098050188E+01  1.6425551539E-01
H3        3.0812459090E-02  2.6680193859E-05  5.9458081917E-01 -6.0040690257E-01  1.5498206482E-01
C4       -8.0731107600E-02 -1.1407927535E-04  3.7732757852E+01 -3.8102487562E+01  1.7491377177E-01
C5       -5.2750783900E-02 -1.2378077727E-04  3.7728398513E+01 -3.8098085508E+01  1.6443390191E-01
H6        4.9096470680E-02  3.2119471681E-05  5.8762462284E-01 -5.9338254498E-01  1.5034400642E-01
C7       -1.2355600800E-02  1.4822832414E-05  3.7703770267E+01 -3.8073215938E+01  1.3891524446E-01
C8        9.3266748900E-02 -3.9709087465E-04  3.7633224060E+01 -3.8001978475E+01  2.5146123478E-01
H9        5.1234597190E-02  2.3969004342E-05  5.8988954099E-01 -5.9566965624E-01  1.4950549721E-01
C10       9.3445081100E-02 -2.7583157103E-04  3.7633258971E+01 -3.8002013727E+01  2.5108698771E-01
H11       6.0296023800E-02  2.1323246656E-05  5.8723469199E-01 -5.9298879333E-01  1.4514337778E-01
C12      -8.0721185700E-02  1.6108996652E-05  3.7732803658E+01 -3.8102533817E+01  1.7507432728E-01
H13       5.1128630310E-02  2.1506470699E-05  5.8993089891E-01 -5.9571141942E-01  1.4952532295E-01
H14       1.0645582260E-01  2.2216131290E-05  5.7213717551E-01 -5.7774334172E-01  1.3751008172E-01
H15       1.0638132637E-01  2.3236389445E-05  5.7216281354E-01 -5.7776923097E-01  1.3752149161E-01
C16       9.8043189180E-01  1.1599380420E-05  3.7139420283E+01 -3.7503336092E+01  9.8956556566E-01
N17      -1.1923526387E+00 -1.5362104717E-05  5.4941420640E+01 -5.5479771842E+01  6.7830003459E-01
C18       9.8040316760E-01 -2.0091318521E-05  3.7139438063E+01 -3.7503354047E+01  9.8958427033E-01
N19      -1.1923837957E+00  3.3240221871E-05  5.4941465078E+01 -5.5479816715E+01  6.7833056753E-01
--------------------------------------------------------------------------------------------------
Total    -7.2549950000E-04 -7.8739027979E-04  4.5273510910E+02 -4.5717129744E+02
 
1st Largest |L(A)| = 3.9709087465E-04, atom C8      
2nd Largest |L(A)| = 2.7583157103E-04, atom C10     
 
Molecular charge q(Mol) from the wfn file:   0.0000000000E+00
Molecular energy E(Mol) from the wfn file:  -4.5717149995E+02
Molecular virial ratio (-V(Mol)/T(Mol)) from the wfn file:   2.0097986400E+00
Note.  K_Scaled(A) = (1+V(Mol)/T(Mol))*K(A) = (E(Mol)/T(Mol))*K(A)
       Only use K_Scaled(A) data with caution.
 
N_AIMInt(SumA)     =         76.000725
N_Analytic(Mol)    =         75.999989
 
G_AIMInt(SumA)     =        452.735896
G_Analytic(Mol)    =        452.735285
 
K_AIMInt(SumA)     =        452.735109
K_Analytic(Mol)    =        452.735285
 
L_AIMInt(SumA)     =         -0.000787
L_Analytic(Mol)    =          0.000000
 
VenT_AIMInt(SumA)  =      -2057.822515
VenT_Analytic(Mol) =      -2057.812344
 
Some Information About the Atomic Calculations:
----------------------------------------------
  Time(sec) = "Elapsed User Time", in Seconds, for Atom A by AIMInt and, if used, by TWOe
  NProc = Number of Processors Used for AIMInt Job
  BIM = Basin Integration Method
  OAQ = Angular Quadrature Outside of Beta Sphere
  ORQ = Multiple of Default for Radial Quadrature Outside of Beta Sphere
  IAQ = Multiple of Default for Angular Quadrature Inside of Beta Sphere
  IRQ = Multiple of Default for Radial Quadrature Inside of Beta Sphere
  MIR = Maximum Integration Radius
------------------------------------------------------------------------------------------------------
Atom A     Time(sec)   NProc      BIM          OAQ                     ORQ      IAQ      IRQ      MIR
------------------------------------------------------------------------------------------------------
H1              7        8     Proaim(5)    1800(GS4)                  1.00     1.00     1.00    13.00
C2             40        8     Proaim(5)    4500(GS4)                  1.00     1.00     1.00    13.00
H3              7        8     Proaim(5)    1800(GS4)                  1.00     1.00     1.00    13.00
C4             27        8     Proaim(5)    4500(GS4)                  1.00     1.00     1.00    13.00
C5             46        8     Proaim(5)    4500(GS4)                  1.00     1.00     1.00    13.00
H6              5        8     Proaim(5)    1800(GS4)                  1.00     1.00     1.00    13.00
C7             26        8     Proaim(5)    4500(GS4)                  1.00     1.00     1.00    13.00
C8             42        8     Proaim(5)    4500(GS4)                  1.00     1.00     1.00    13.00
H9              6        8     Proaim(5)    1800(GS4)                  1.00     1.00     1.00    13.00
C10            45        8     Proaim(5)    4500(GS4)                  1.00     1.00     1.00    13.00
H11             7        8     Proaim(5)    1800(GS4)                  1.00     1.00     1.00    13.00
C12            28        8     Proaim(5)    4500(GS4)                  1.00     1.00     1.00    13.00
H13             5        8     Proaim(5)    1800(GS4)                  1.00     1.00     1.00    13.00
H14             6        8     Proaim(5)    1800(GS4)                  1.00     1.00     1.00    13.00
H15             6        8     Proaim(5)    1800(GS4)                  1.00     1.00     1.00    13.00
C16            24        8     Proaim(5)    4500(GS4)                  1.00     1.00     1.00    13.00
N17            11        8     Proaim(5)    2700(GS4)                  1.00     1.00     1.00    13.00
C18            24        8     Proaim(5)    4500(GS4)                  1.00     1.00     1.00    13.00
N19            12        8     Proaim(5)    2700(GS4)                  1.00     1.00     1.00    13.00
------------------------------------------------------------------------------------------------------
Total         374
Note:  Total wall clock time is less than total of atomic times if more than one atom
       was calculated at a time
 
Electron Density Critical Point Analysis of Molecular Structure:               
---------------------------------------------------------------                
  NACP = Nuclear Attractor Critical Point                                      
  NNACP = Non-Nuclear Attractor Critical Point                                 
  BCP = Bond Critical Point                                                    
  RCP = Ring Critical Point                                                    
  CCP = Cage Critical Point                                                    
  Rho = Electron Density                                                       
  GradRho = Gradient of Electron Density                                       
  HessRho_EigVals = Eigenvalues of the Hessian of Rho, Ascending Order         
  HessRho_EigVecs = Eigenvectors of the Hessian of Rho                         
  DelSqRho = Laplacian of Rho = Trace of Hessian of Rho                        
  Bond Ellipticity = (HessRho_EigVal(1) / HessRho_EigVal(2)) - 1               
  V = Virial Field = Potential Energy Density = Trace of Stress Tensor         
  G = Lagrangian Form of Kinetic Energy Density                                
  K = Hamiltonian Form of Kinetic Energy Density                               
  L = K - G = Lagrangian Density = (-1/4)DelSqRho                              
  Vnuc = Electrostatic Potential from Nuclei                                   
  Ven = Electron-nuclear attractive contribution to Virial Field V             
  Vrep = V - Ven = Repulsive contribution to Virial Field V                    
  DelSqV = Laplacian of V                                                      
  DelSqVen = Laplacian of Ven                                                  
  DelSqVrep = Laplacian of Vrep                                                
  DelSqG = Laplacian of G                                                      
  DelSqK = Laplacian of K                                                      
  Stress_EigVals = Eigenvalues of Stress Tensor, Ascending Order               
  Stress_EigVecs = Eigenvectors of Stress Tensor                               
  -DivStress = Ehrenfest Force Density = Minus Divergence of Stress Tensor     
  ESP = Total Electrostatic Potential                                          
  ESPe = Electrostatic Potential from Electrons                                
  ESPn = Electrostatic Potential from Nuclei                                   
  BP = Bond Path                                                               
  BPL = Bond Path Length                                                       
  GBL = Geometric Bond Length                                                  
  GBL_I = Distance Between Nuclear Attractors                                  
  GBL_II = Distance Between Nuclei                                             
  GBL_III = Sum of Distances Between BCP and Nuclear Attractors                
  GBL_IV = Sum of Distances Between BCP and Nuclei                             

CP# 1      Coords =  1.98698808073931E+00  2.50050840659127E+00 -3.49408299768962E+00
           Type = (3,-3) NACP H1
           Rho =  4.2513513053E-01     Rho at Nucleus =  4.2134670560E-01
           GradRho =  6.8578497915E-16  4.6595467717E-16  1.2038032246E-15
           HessRho_EigVals = -6.4865294606E+00 -6.4810153984E+00 -5.8753733710E+00
           HessRho_EigVec1 =  2.7815616676E-01  8.2749313012E-01  4.8773380701E-01
           HessRho_EigVec2 = -8.6675698018E-01 -2.5990952644E-03  4.9872395373E-01
           HessRho_EigVec3 =  4.1395831216E-01 -5.6146982493E-01  7.1651249220E-01
           DelSqRho = -1.8842918230E+01
           Bond Ellipticity = NA
           V = -4.7195053858E+00
           G =  4.3879141414E-03
           K =  4.7151174716E+00
           L =  4.7107295575E+00
           Vnuc =  4.1952139450E+01
           Ven = -1.7835328281E+01
           Vrep =  1.3115822895E+01
           DelSqV =  7.0929001953E+02
           DelSqVen =  7.9050073323E+02
           DelSqVrep = -8.1210713693E+01
           DelSqG =  6.9941391764E+01
           DelSqK = -7.7923141130E+02
           Stress_EigVals = -1.6248010865E+00 -1.6242421796E+00 -1.4704621197E+00
           Stress_EigVec1 =  2.8843648469E-01  8.2810930792E-01  4.8066554738E-01
           Stress_EigVec2 = -8.6320770640E-01  7.6620948146E-03  5.0479079618E-01
           Stress_EigVec3 =  4.1433905187E-01 -5.6051428746E-01  7.1704036403E-01
           -DivStress = -3.3183616404E+00  4.4869554859E+00 -5.7409925138E+00
           ESP =  -1.0992556869E+00     ESP at Nucleus =  -1.1018369165E+00
           ESPe = -1.4825036147E+01     ESPe at Nucleus = -1.4737521914E+01
           ESPn =  1.3725780460E+01     ESPn at Nucleus =  1.3635684998E+01

CP# 2      Coords =  2.82223297382420E+00  1.37520959120529E+00 -2.04669978995362E+00
           Type = (3,-3) NACP C2
           Rho =  1.1768639293E+02     Rho at Nucleus =  1.1768639282E+02
           GradRho = -2.0033298111E-10 -3.1038798909E-10 -2.5092044328E-10
           HessRho_EigVals = -1.4501288687E+05 -1.4501195311E+05 -1.4501164512E+05
           HessRho_EigVec1 =  8.5950295404E-01 -1.0073551121E-02 -5.1103150153E-01
           HessRho_EigVec2 =  2.1488709746E-03  9.9986815136E-01 -1.6095410873E-02
           HessRho_EigVec3 =  5.1112626067E-01  1.2735912431E-02  8.5941127651E-01
           DelSqRho = -4.3503648510E+05
           Bond Ellipticity = NA
           V = -1.0876936715E+05
           G =  5.1229364797E+00
           K =  1.0876424421E+05
           L =  1.0875912127E+05
           Vnuc =  4.7724396419E+06
           Ven = -5.6165120695E+08
           Vrep =  5.6154243758E+08
           DelSqV =  2.4953915404E+09
           DelSqVen =  2.0761854259E+12
           DelSqVrep = -2.0736900334E+12
           DelSqG =  1.3403568077E+08
           DelSqK = -2.6294272212E+09
           Stress_EigVals = -3.6256733450E+04 -3.6256557113E+04 -3.6256076585E+04
           Stress_EigVec1 =  5.0077451694E-01 -1.1205589556E-01  8.5829386544E-01
           Stress_EigVec2 =  6.1465651601E-02  9.9368528057E-01  9.3869786643E-02
           Stress_EigVec3 =  8.6339264350E-01 -5.7479946429E-03 -5.0449985501E-01
           -DivStress =  3.9107817721E+02  7.4199152771E+02  5.8065948577E+02
           ESP =  -1.4738028556E+01     ESP at Nucleus =  -1.4738028569E+01
           ESPe = -2.8753367901E+01     ESPe at Nucleus = -2.8753368139E+01
           ESPn =  1.4015339345E+01     ESPn at Nucleus =  1.4015339570E+01

CP# 3      Coords =  4.17579061226866E+00  2.69056901466211E-02  3.47902360942622E+00
           Type = (3,-3) NACP H3
           Rho =  4.1770205802E-01     Rho at Nucleus =  4.1445425014E-01
           GradRho =  2.3183313995E-12 -3.1281435280E-14 -5.8801320205E-12
           HessRho_EigVals = -6.3761807093E+00 -6.3749990568E+00 -5.8292822491E+00
           HessRho_EigVec1 = -2.7151414498E-03  9.9997589605E-01 -6.3902527786E-03
           HessRho_EigVec2 =  9.3046447411E-01  4.8675277597E-03  3.6634979131E-01
           HessRho_EigVec3 = -3.6637206557E-01  4.9512116876E-03  9.3045526226E-01
           DelSqRho = -1.8580462015E+01
           Bond Ellipticity = NA
           V = -4.6550006145E+00
           G =  4.9425553450E-03
           K =  4.6500580591E+00
           L =  4.6451155038E+00
           Vnuc =  4.3901079600E+01
           Ven = -1.8337571298E+01
           Vrep =  1.3682570684E+01
           DelSqV =  7.0154504106E+02
           DelSqVen =  8.1570234195E+02
           DelSqVrep = -1.1415730088E+02
           DelSqG =  6.9217739396E+01
           DelSqK = -7.7076278046E+02
           Stress_EigVals = -1.5977879084E+00 -1.5977186757E+00 -1.4594940304E+00
           Stress_EigVec1 = -2.6336544904E-03  9.9997632384E-01 -6.3573279945E-03
           Stress_EigVec2 =  9.3043642416E-01  4.7800272040E-03  3.6642217719E-01
           Stress_EigVec3 = -3.6644388992E-01  4.9500601141E-03  9.3042698394E-01
           -DivStress = -2.6953224423E+00  3.6379114515E-02  6.8390565560E+00
           ESP =  -1.0866916287E+00     ESP at Nucleus =  -1.0888611345E+00
           ESPe = -1.4678496695E+01     ESPe at Nucleus = -1.4603756745E+01
           ESPn =  1.3591805066E+01     ESPn at Nucleus =  1.3514895611E+01

CP# 4      Coords =  4.01920769167398E+00  2.23584621740184E+00  3.67523522761438E-02
           Type = (3,-3) NACP C4
           Rho =  1.1767570446E+02     Rho at Nucleus =  1.1767570427E+02
           GradRho =  5.4942256821E-10 -1.6509494229E-10  8.5150957032E-10
           HessRho_EigVals = -1.4500148366E+05 -1.4500088554E+05 -1.4500047958E+05
           HessRho_EigVec1 =  8.7616647043E-01 -1.6658998950E-02 -4.8172065956E-01
           HessRho_EigVec2 = -2.3100353793E-01  8.6264048358E-01 -4.4998751266E-01
           HessRho_EigVec3 =  4.2304808421E-01  5.0554314736E-01  7.5196838005E-01
           DelSqRho = -4.3500284878E+05
           Bond Ellipticity = NA
           V = -1.0876094313E+05
           G =  5.1154678706E+00
           K =  1.0875582766E+05
           L =  1.0875071220E+05
           Vnuc =  3.6480840377E+06
           Ven = -4.2929085907E+08
           Vrep =  4.2918209813E+08
           DelSqV =  2.4952012552E+09
           DelSqVen =  1.5869268132E+12
           DelSqVrep = -1.5844316119E+12
           DelSqG =  1.3402733308E+08
           DelSqK = -2.6292285883E+09
           Stress_EigVals = -3.6253920331E+04 -3.6253703319E+04 -3.6253319481E+04
           Stress_EigVec1 =  3.7305813824E-01  6.6495829229E-01  6.4703793938E-01
           Stress_EigVec2 =  3.2219153538E-01 -7.4683146991E-01  5.8175198331E-01
           Stress_EigVec3 =  8.7006910072E-01 -8.5571646681E-03 -4.9285549090E-01
           -DivStress = -6.6106822381E+02  2.3532096306E+02 -1.1377512640E+03
           ESP =  -1.4736620934E+01     ESP at Nucleus =  -1.4736620953E+01
           ESPe = -2.8294139674E+01     ESPe at Nucleus = -2.8294140427E+01
           ESPn =  1.3557518741E+01     ESPn at Nucleus =  1.3557519475E+01

CP# 5      Coords =  2.83004360821386E+00 -1.40040467533698E+00 -2.02866381098417E+00
           Type = (3,-3) NACP C5
           Rho =  1.1768650591E+02     Rho at Nucleus =  1.1768650579E+02
           GradRho = -1.7965363572E-10  3.2631302520E-10 -2.3335879149E-10
           HessRho_EigVals = -1.4501305262E+05 -1.4501211823E+05 -1.4501181054E+05
           HessRho_EigVec1 =  8.5938660893E-01  8.4983474954E-03 -5.1125574274E-01
           HessRho_EigVec2 = -7.9216477706E-03  9.9996315783E-01  3.3061269379E-03
           HessRho_EigVec3 =  5.1126500358E-01  1.2087466968E-03  8.5942226818E-01
           DelSqRho = -4.3503698139E+05
           Bond Ellipticity = NA
           V = -1.0876949112E+05
           G =  5.1228865132E+00
           K =  1.0876436823E+05
           L =  1.0875924535E+05
           Vnuc =  4.7784816179E+06
           Ven = -5.6236280515E+08
           Vrep =  5.6225403566E+08
           DelSqV =  2.4953944028E+09
           DelSqVen =  2.0788160092E+12
           DelSqVrep = -2.0763206158E+12
           DelSqG =  1.3403585846E+08
           DelSqK = -2.6294302613E+09
           Stress_EigVals = -3.6256774769E+04 -3.6256598523E+04 -3.6256117829E+04
           Stress_EigVec1 =  5.0012240459E-01  1.2595548278E-01  8.5674546791E-01
           Stress_EigVec2 = -6.7140071560E-02  9.9202707457E-01 -1.0665127333E-01
           Stress_EigVec3 =  8.6334801281E-01  4.1832607532E-03 -5.0459162608E-01
           -DivStress =  3.9565054687E+02 -7.3058940489E+02  5.8967351301E+02
           ESP =  -1.4738003128E+01     ESP at Nucleus =  -1.4738003141E+01
           ESPe = -2.8751798803E+01     ESPe at Nucleus = -2.8751799040E+01
           ESPn =  1.4013795675E+01     ESPn at Nucleus =  1.4013795899E+01

CP# 6      Coords =  6.96320499251642E+00  2.37933178296933E-02  1.78611670153268E+00
           Type = (3,-3) NACP H6
           Rho =  4.1533033407E-01     Rho at Nucleus =  4.1200317081E-01
           GradRho = -2.3472743065E-09 -8.0468119914E-12 -2.3717191431E-10
           HessRho_EigVals = -6.3345509872E+00 -6.3337276962E+00 -5.7816674143E+00
           HessRho_EigVec1 = -2.7585833124E-03  9.9997425418E-01 -6.6242883290E-03
           HessRho_EigVec2 = -1.0221566446E-01  6.3076515382E-03  9.9474226384E-01
           HessRho_EigVec3 =  9.9475843709E-01  3.4211854423E-03  1.0219563265E-01
           DelSqRho = -1.8449946098E+01
           Bond Ellipticity = NA
           V = -4.6222608507E+00
           G =  4.8871631266E-03
           K =  4.6173736876E+00
           L =  4.6124865244E+00
           Vnuc =  4.2430583955E+01
           Ven = -1.7622708609E+01
           Vrep =  1.3000447758E+01
           DelSqV =  6.9614669599E+02
           DelSqVen =  7.8284199105E+02
           DelSqVrep = -8.6695295062E+01
           DelSqG =  6.8641664483E+01
           DelSqK = -7.6478836047E+02
           Stress_EigVals = -1.5874173971E+00 -1.5873292917E+00 -1.4475141619E+00
           Stress_EigVec1 = -2.7329420012E-03  9.9997265729E-01 -6.8713677159E-03
           Stress_EigVec2 = -1.0180350658E-01  6.5574754182E-03  9.9478291379E-01
           Stress_EigVec3 =  9.9480077255E-01  3.4182133357E-03  1.0178280180E-01
           -DivStress =  7.3785336350E+00  2.5274441711E-02  7.4248200863E-01
           ESP =  -1.0875510124E+00     ESP at Nucleus =  -1.0897739262E+00
           ESPe = -1.3683542276E+01     ESPe at Nucleus = -1.3595285125E+01
           ESPn =  1.2595991264E+01     ESPn at Nucleus =  1.2505511199E+01

CP# 7      Coords =  4.92705369782191E+00  1.67598399459359E-02  1.57341044465138E+00
           Type = (3,-3) NACP C7
           Rho =  1.1754177144E+02     Rho at Nucleus =  1.1754177143E+02
           GradRho = -6.3810044261E-11 -3.4570149832E-14 -1.2287101075E-11
           HessRho_EigVals = -1.4483842798E+05 -1.4483834024E+05 -1.4483811489E+05
           HessRho_EigVec1 = -2.4953725975E-03  9.9997734593E-01 -6.2514584576E-03
           HessRho_EigVec2 =  8.0275787274E-01 -1.7246201749E-03 -5.9630262740E-01
           HessRho_EigVec3 =  5.9629990011E-01  6.5064047292E-03  8.0273538344E-01
           DelSqRho = -4.3451488311E+05
           Bond Ellipticity = NA
           V = -1.0863916441E+05
           G =  5.2218181599E+00
           K =  1.0863394260E+05
           L =  1.0862872078E+05
           Vnuc =  2.6848585241E+07
           Ven = -3.1558302699E+09
           Vrep =  3.1557216307E+09
           DelSqV =  2.4924208560E+09
           DelSqVen =  1.1666104254E+13
           DelSqVrep = -1.1663611834E+13
           DelSqG =  1.3387919486E+08
           DelSqK = -2.6263000509E+09
           Stress_EigVals = -3.6213122816E+04 -3.6213059669E+04 -3.6212981930E+04
           Stress_EigVec1 =  5.8865584504E-01  6.5506521158E-03  8.0835721377E-01
           Stress_EigVec2 =  8.0837958787E-01 -1.5591321460E-03 -5.8865950347E-01
           Stress_EigVec3 = -2.5957679044E-03  9.9997732877E-01 -6.2132057086E-03
           -DivStress =  5.0839378027E+01  5.7779747655E-02 -1.7227570871E+02
           ESP =  -1.4721391372E+01     ESP at Nucleus =  -1.4721391373E+01
           ESPe = -2.7916078112E+01     ESPe at Nucleus = -2.7916078289E+01
           ESPn =  1.3194686739E+01     ESPn at Nucleus =  1.3194686917E+01

CP# 8      Coords = -2.52435522076233E+00  1.27367832837507E+00  2.15026126016256E+00
           Type = (3,-3) NACP C8
           Rho =  1.1760624601E+02     Rho at Nucleus =  1.1760624507E+02
           GradRho = -1.3423524445E-11 -6.5797465133E-12 -1.3752794476E-11
           HessRho_EigVals = -1.4490273666E+05 -1.4490249133E+05 -1.4490168096E+05
           HessRho_EigVec1 =  8.9352161276E-01  2.9759645353E-02 -4.4803291289E-01
           HessRho_EigVec2 =  3.7542298985E-01 -5.9689363767E-01  7.0906668516E-01
           HessRho_EigVec3 =  2.4632642209E-01  8.0176826379E-01  5.4450982082E-01
           DelSqRho = -4.3470690895E+05
           Bond Ellipticity = NA
           V = -1.0868705276E+05
           G =  5.1627612301E+00
           K =  1.0868189000E+05
           L =  1.0867672724E+05
           Vnuc =  1.6612168125E+06
           Ven = -1.9536947313E+08
           Vrep =  1.9526078608E+08
           DelSqV =  2.4934984143E+09
           DelSqVen =  7.2214241690E+11
           DelSqVrep = -7.1964891848E+11
           DelSqG =  1.3392320822E+08
           DelSqK = -2.6274216225E+09
           Stress_EigVals = -3.6229310451E+04 -3.6229044064E+04 -3.6228698245E+04
           Stress_EigVec1 =  2.1529229982E-01  8.6105801545E-01  4.6068244992E-01
           Stress_EigVec2 =  3.8100546041E-01 -5.0842228164E-01  7.7223158617E-01
           Stress_EigVec3 =  8.9915741935E-01  9.2670147578E-03 -4.3752720791E-01
           -DivStress =  1.0355712929E+03 -1.5038638988E+03  2.2867684671E+03
           ESP =  -1.4651709493E+01     ESP at Nucleus =  -1.4651709548E+01
           ESPe = -2.8630433644E+01     ESPe at Nucleus = -2.8630432196E+01
           ESPn =  1.3978724150E+01     ESPn at Nucleus =  1.3978722649E+01

CP# 9      Coords =  4.33444146243301E+00  4.15933370770875E+00  5.41943223705031E-01
           Type = (3,-3) NACP H9
           Rho =  4.2448761116E-01     Rho at Nucleus =  4.2075733206E-01
           GradRho = -7.2548527982E-10 -4.4995878387E-09 -1.1515903980E-09
           HessRho_EigVals = -6.4681580254E+00 -6.4618081081E+00 -5.8639714000E+00
           HessRho_EigVec1 =  4.8891124177E-01 -2.8995884155E-01  8.2273304776E-01
           HessRho_EigVec2 =  8.5855034322E-01 -7.0510463578E-03 -5.1268078851E-01
           HessRho_EigVec3 =  1.5445745638E-01  9.5701314147E-01  2.4549692711E-01
           DelSqRho = -1.8793937534E+01
           Bond Ellipticity = NA
           V = -4.7078639628E+00
           G =  4.6897896926E-03
           K =  4.7031741731E+00
           L =  4.6984843834E+00
           Vnuc =  4.1381112702E+01
           Ven = -1.7565769678E+01
           Vrep =  1.2857905715E+01
           DelSqV =  7.0759647231E+02
           DelSqVen =  7.7771405475E+02
           DelSqVrep = -7.0117582442E+01
           DelSqG =  6.9685892272E+01
           DelSqK = -7.7728236458E+02
           Stress_EigVals = -1.6203169289E+00 -1.6199542178E+00 -1.4675928161E+00
           Stress_EigVec1 =  4.7807475540E-01 -2.9133814099E-01  8.2859315460E-01
           Stress_EigVec2 =  8.6452226879E-01 -1.0468121589E-02 -5.0248548755E-01
           Stress_EigVec3 =  1.5506700171E-01  9.5656286047E-01  2.4686376597E-01
           -DivStress =  1.2250512394E+00  7.5932339334E+00  1.9460672090E+00
           ESP =  -1.0942155219E+00     ESP at Nucleus =  -1.0967604196E+00
           ESPe = -1.4062672235E+01     ESPe at Nucleus = -1.3971526828E+01
           ESPn =  1.2968456713E+01     ESPn at Nucleus =  1.2874766409E+01

CP# 10     Coords = -2.52272982874216E+00 -1.27412105872088E+00  2.15006141802850E+00
           Type = (3,-3) NACP C10
           Rho =  1.1760630672E+02     Rho at Nucleus =  1.1760630577E+02
           GradRho = -5.9562537194E-12 -4.0200581579E-12  2.6686322856E-11
           HessRho_EigVals = -1.4490281717E+05 -1.4490257161E+05 -1.4490176086E+05
           HessRho_EigVec1 =  8.9373825529E-01 -2.8171480960E-02 -4.4770336014E-01
           HessRho_EigVec2 =  3.7416798824E-01  5.9733977671E-01  7.0935428929E-01
           HessRho_EigVec3 = -2.4744746433E-01  8.0149333049E-01 -5.4440627622E-01
           DelSqRho = -4.3470714965E+05
           Bond Ellipticity = NA
           V = -1.0868711291E+05
           G =  5.1627515215E+00
           K =  1.0868195016E+05
           L =  1.0867678741E+05
           Vnuc =  1.6606978412E+06
           Ven = -1.9530853967E+08
           Vrep =  1.9519985256E+08
           DelSqV =  2.4934997924E+09
           DelSqVen =  7.2191723725E+11
           DelSqVrep = -7.1942373746E+11
           DelSqG =  1.3392328691E+08
           DelSqK = -2.6274230793E+09
           Stress_EigVals = -3.6229330604E+04 -3.6229064095E+04 -3.6228718216E+04
           Stress_EigVec1 = -2.1648916820E-01  8.6077570037E-01 -4.6064914382E-01
           Stress_EigVec2 =  3.8023590520E-01  5.0892215179E-01  7.7228161950E-01
           Stress_EigVec3 =  8.9919580540E-01 -7.9647387604E-03 -4.3747396092E-01
           -DivStress =  1.0339295336E+03  1.5041442396E+03  2.2884964331E+03
           ESP =  -1.4651711606E+01     ESP at Nucleus =  -1.4651711660E+01
           ESPe = -2.8631378050E+01     ESPe at Nucleus = -2.8631376599E+01
           ESPn =  1.3979666444E+01     ESPn at Nucleus =  1.3979664939E+01

CP# 11     Coords =  2.00134149802527E+00 -2.54895605521347E+00 -3.46148400936769E+00
           Type = (3,-3) NACP H11
           Rho =  4.2513685775E-01     Rho at Nucleus =  4.2134847498E-01
           GradRho =  1.6177041802E-15 -2.0515683260E-16 -4.2934406030E-16
           HessRho_EigVals = -6.4865615881E+00 -6.4810490438E+00 -5.8754133818E+00
           HessRho_EigVec1 =  2.8281138639E-01 -8.1958000779E-01  4.9830345229E-01
           HessRho_EigVec2 =  8.6680200882E-01 -4.0636840064E-03 -4.9863590322E-01
           HessRho_EigVec3 =  4.1069696521E-01  5.7295034454E-01  7.0926434103E-01
           DelSqRho = -1.8843024014E+01
           Bond Ellipticity = NA
           V = -4.7195321909E+00
           G =  4.3880937418E-03
           K =  4.7151440972E+00
           L =  4.7107560034E+00
           Vnuc =  4.1950893560E+01
           Ven = -1.7834871068E+01
           Vrep =  1.3115338877E+01
           DelSqV =  7.0929431304E+02
           DelSqVen =  7.9048169475E+02
           DelSqVrep = -8.1187381715E+01
           DelSqG =  6.9941916710E+01
           DelSqK = -7.7923622975E+02
           Stress_EigVals = -1.6248095035E+00 -1.6242501711E+00 -1.4704725164E+00
           Stress_EigVec1 =  2.9281007144E-01 -8.2023145443E-01  4.9140881477E-01
           Stress_EigVec2 =  8.6329096674E-01  5.8270996040E-03 -5.0467291551E-01
           Stress_EigVec3 =  4.1108511139E-01  5.7200210321E-01  7.0980463870E-01
           -DivStress = -3.2923469264E+00 -4.5787884311E+00 -5.6831341897E+00
           ESP =  -1.0992292837E+00     ESP at Nucleus =  -1.1018103507E+00
           ESPe = -1.4823517862E+01     ESPe at Nucleus = -1.4736016223E+01
           ESPn =  1.3724288579E+01     ESPn at Nucleus =  1.3634205873E+01

CP# 12     Coords =  4.03186438920915E+00 -2.22720522707323E+00  6.57019577339303E-02
           Type = (3,-3) NACP C12
           Rho =  1.1767569722E+02     Rho at Nucleus =  1.1767569702E+02
           GradRho =  5.3882972043E-10  1.4109970256E-10  8.4668347073E-10
           HessRho_EigVals = -1.4500147715E+05 -1.4500087909E+05 -1.4500047341E+05
           HessRho_EigVec1 =  8.7622986372E-01  1.5602925988E-02 -4.8164071113E-01
           HessRho_EigVec2 =  2.2547824782E-01  8.7004289847E-01  4.3838899916E-01
           HessRho_EigVec3 =  4.2588823144E-01 -4.9272903662E-01  7.5883944995E-01
           DelSqRho = -4.3500282965E+05
           Bond Ellipticity = NA
           V = -1.0876093829E+05
           G =  5.1154406293E+00
           K =  1.0875582285E+05
           L =  1.0875070741E+05
           Vnuc =  3.6513321396E+06
           Ven = -4.2967305529E+08
           Vrep =  4.2956429435E+08
           DelSqV =  2.4952011445E+09
           DelSqVen =  1.5883398349E+12
           DelSqVrep = -1.5858446337E+12
           DelSqG =  1.3402733000E+08
           DelSqK = -2.6292284745E+09
           Stress_EigVals = -3.6253918626E+04 -3.6253701757E+04 -3.6253317911E+04
           Stress_EigVec1 = -3.7685473809E-01  6.5422344527E-01 -6.5572264719E-01
           Stress_EigVec2 =  3.1770391205E-01  7.5626689563E-01  5.7194808055E-01
           Stress_EigVec3 =  8.7008317456E-01  7.2156938652E-03 -4.9285211080E-01
           -DivStress = -6.5904236878E+02 -2.5182930195E+02 -1.1339848228E+03
           ESP =  -1.4736588526E+01     ESP at Nucleus =  -1.4736588545E+01
           ESPe = -2.8290615100E+01     ESPe at Nucleus = -2.8290615855E+01
           ESPn =  1.3554026574E+01     ESPn at Nucleus =  1.3554027310E+01

CP# 13     Coords =  4.35815580823745E+00 -4.14216959274514E+00  5.95637298387174E-01
           Type = (3,-3) NACP H13
           Rho =  4.2449775754E-01     Rho at Nucleus =  4.2076793185E-01
           GradRho = -6.5331885312E-10  3.8949518275E-09 -1.0515461255E-09
           HessRho_EigVals = -6.4683119082E+00 -6.4619606522E+00 -5.8641648049E+00
           HessRho_EigVec1 =  4.8727493572E-01  3.0336513188E-01  8.1886063147E-01
           HessRho_EigVec2 =  8.5847001575E-01  5.3729643917E-03 -5.1283561042E-01
           HessRho_EigVec3 = -1.5997615160E-01  9.5285923830E-01 -2.5781175866E-01
           DelSqRho = -1.8794437365E+01
           Bond Ellipticity = NA
           V = -4.7079910147E+00
           G =  4.6908366727E-03
           K =  4.7033001780E+00
           L =  4.6986093413E+00
           Vnuc =  4.1377532002E+01
           Ven = -1.7564669547E+01
           Vrep =  1.2856678533E+01
           DelSqV =  7.0761752616E+02
           DelSqVen =  7.7766744012E+02
           DelSqVrep = -7.0049913956E+01
           DelSqG =  6.9687933786E+01
           DelSqK = -7.7730545995E+02
           Stress_EigVals = -1.6203559790E+00 -1.6199934409E+00 -1.4676415948E+00
           Stress_EigVec1 =  4.7627017865E-01  3.0475625625E-01  8.2479715155E-01
           Stress_EigVec2 =  8.6451130639E-01  9.0120483735E-03 -5.0253257020E-01
           Stress_EigVec3 = -1.6058305656E-01  9.5238773998E-01 -2.5917305933E-01
           -DivStress =  1.2688368257E+00 -7.5599041130E+00  2.0437292343E+00
           ESP =  -1.0941645389E+00     ESP at Nucleus =  -1.0967093029E+00
           ESPe = -1.4056904197E+01     ESPe at Nucleus = -1.3965738693E+01
           ESPn =  1.2962739658E+01     ESPn at Nucleus =  1.2869029390E+01

CP# 14     Coords = -1.75017870892811E+00 -2.26522866002969E+00  3.72594804854859E+00
           Type = (3,-3) NACP H14
           Rho =  4.2059951646E-01     Rho at Nucleus =  4.1662289448E-01
           GradRho = -6.4045177581E-15  8.4218046491E-15 -1.1922063272E-14
           HessRho_EigVals = -6.4139882392E+00 -6.4063378361E+00 -5.7839314625E+00
           HessRho_EigVec1 =  2.0610821025E-01  8.7260939714E-01  4.4280045809E-01
           HessRho_EigVec2 = -8.9942273434E-01 -9.3018581117E-03  4.3698080094E-01
           HessRho_EigVec3 =  3.8543242030E-01 -4.8833012958E-01  7.8292754066E-01
           DelSqRho = -1.8604257538E+01
           Bond Ellipticity = NA
           V = -4.6596942179E+00
           G =  4.3149167425E-03
           K =  4.6553793012E+00
           L =  4.6510643844E+00
           Vnuc =  4.1182152852E+01
           Ven = -1.7321193576E+01
           Vrep =  1.2661499358E+01
           DelSqV =  6.9923787428E+02
           DelSqVen =  7.6616337761E+02
           DelSqVrep = -6.6925503332E+01
           DelSqG =  6.8928531064E+01
           DelSqK = -7.6816640534E+02
           Stress_EigVals = -1.6064287504E+00 -1.6056816647E+00 -1.4475838028E+00
           Stress_EigVec1 =  2.0893599271E-01  8.7213295963E-01  4.4241366579E-01
           Stress_EigVec2 = -8.9892377730E-01 -6.8594750608E-03  4.3805135568E-01
           Stress_EigVec3 =  3.8507375080E-01 -4.8922085844E-01  7.8254786314E-01
           -DivStress =  3.1421566486E+00 -3.9946858520E+00  6.3778047513E+00
           ESP =  -1.0352829487E+00     ESP at Nucleus =  -1.0379605225E+00
           ESPe = -1.4857467024E+01     ESPe at Nucleus = -1.4765272022E+01
           ESPn =  1.3822184075E+01     ESPn at Nucleus =  1.3727311499E+01

CP# 15     Coords = -1.75317602367768E+00  2.26543975021216E+00  3.72644583829270E+00
           Type = (3,-3) NACP H15
           Rho =  4.2060209924E-01     Rho at Nucleus =  4.1662611763E-01
           GradRho = -6.6169400688E-15 -8.5414565232E-15 -1.1232077009E-14
           HessRho_EigVals = -6.4140566437E+00 -6.4064034757E+00 -5.7840626270E+00
           HessRho_EigVec1 =  2.0726988157E-01 -8.7244451768E-01  4.4258305409E-01
           HessRho_EigVec2 =  8.9945511063E-01 -7.9689949332E-03 -4.3694049832E-01
           HessRho_EigVec3 =  3.8473328443E-01  4.8864819522E-01  7.8307294753E-01
           DelSqRho = -1.8604522746E+01
           Bond Ellipticity = NA
           V = -4.6597610451E+00
           G =  4.3151792374E-03
           K =  4.6554458658E+00
           L =  4.6511306866E+00
           Vnuc =  4.1183016302E+01
           Ven = -1.7321663110E+01
           Vrep =  1.2661902065E+01
           DelSqV =  6.9925109934E+02
           DelSqVen =  7.6619036355E+02
           DelSqVrep = -6.6939264208E+01
           DelSqG =  6.8929998649E+01
           DelSqK = -7.6818109799E+02
           Stress_EigVals = -1.6064458602E+00 -1.6056982556E+00 -1.4476169292E+00
           Stress_EigVec1 =  2.1010294865E-01 -8.7196411614E-01  4.4219377103E-01
           Stress_EigVec2 =  8.9895090847E-01 -5.5221095892E-03 -4.3801457791E-01
           Stress_EigVec3 =  3.8437483674E-01  4.8953864656E-01  7.8269272285E-01
           -DivStress =  3.1361742062E+00  3.9969687326E+00  6.3785370526E+00
           ESP =  -1.0352720649E+00     ESP at Nucleus =  -1.0379490793E+00
           ESPe = -1.4855879191E+01     ESPe at Nucleus = -1.4763686670E+01
           ESPn =  1.3820607126E+01     ESPn at Nucleus =  1.3725737591E+01

CP# 16     Coords = -3.49659526617335E+00  2.79354640831505E+00  1.49317402018158E-01
           Type = (3,-3) NACP C16
           Rho =  1.1800788827E+02     Rho at Nucleus =  1.1800788682E+02
           GradRho =  1.6488788633E-11 -6.2023911330E-13  1.4215763983E-12
           HessRho_EigVals = -1.4543506448E+05 -1.4543505157E+05 -1.4543435932E+05
           HessRho_EigVec1 =  1.0554278304E-01  7.6999147994E-01  6.2926452448E-01
           HessRho_EigVec2 = -9.2864442169E-01 -1.4999467886E-01  3.3929505505E-01
           HessRho_EigVec3 =  3.5564063185E-01 -6.2017313481E-01  6.9921743674E-01
           DelSqRho = -4.3630447537E+05
           Bond Ellipticity = NA
           V = -1.0908633525E+05
           G =  5.1082028850E+00
           K =  1.0908122704E+05
           L =  1.0907611884E+05
           Vnuc =  1.3440065084E+06
           Ven = -1.5860336987E+08
           Vrep =  1.5849428354E+08
           DelSqV =  2.5026604579E+09
