AIMSum (Version 19.02.13, Professional)
Copyright (c) 1997-2019 by Todd A. Keith
AIMSum is a component of the AIMAll package ( http://aim.tkgristmill.com )

TP:  64-bit Linux

Much of the Quantum Theory of Atoms in Molecules (QTAIM) is described in the book:
  "Atoms in Molecules - A Quantum Theory"
  R.F.W. Bader, Oxford University Press, Oxford, 1990

For additional references see:  http://aim.tkgristmill.com/references.html

Wfn File:  /home/mhennefarth/Documents/ML_Diels/summary-jones2006/3-opt/3-opt.wfn
Sum File:  /home/mhennefarth/Documents/ML_Diels/summary-jones2006/3-opt/3-opt.sum

SumViz File:  /home/mhennefarth/Documents/ML_Diels/summary-jones2006/3-opt/3-opt.sumviz

Wfn Title:   Title Card Required                                                           
 
Total memory allocated for AIMSum =        0.949 Megabytes

Atomic units (a.u.) used throughout, except where stated otherwise

Model:  Restricted SCF
 
Restricted, closed-shell, single-determinant wavefunction.
  Number of electrons (from MO Occs)                   =          76.0000000000
  Number of Alpha electrons (from MO Occs)             =          38.0000000000
  Number of Beta electrons (from MO Occs)              =          38.0000000000
  Number of electron pairs (N*(N-1)/2)                 =        2850.0000000000
  Number of electron pairs (from Muller 2EDM)          =        2850.0000000000
 
Nuclear Charges and Cartesian Coordinates:
-------------------------------------------------------------------------------
Atom      Charge                X                  Y                  Z
-------------------------------------------------------------------------------
H1         1.0          -3.3696812300E+00  -4.0186110700E+00   3.9868884000E-01
C2         6.0          -3.6667153600E+00  -1.9951718600E+00   2.6438747000E-01
H3         1.0          -2.8850727200E+00   3.5967800100E+00   1.9006317200E+00
C4         6.0          -3.9551295200E+00  -3.6961306000E-01   2.2094575100E+00
C5         6.0          -3.7930235800E+00  -5.8466551000E-01  -2.1287082900E+00
H6         1.0          -6.1513373700E+00   3.0631270300E+00   1.7453813600E+00
C7         6.0          -4.3136578300E+00   2.2630293600E+00   1.1859988000E+00
C8         6.0           4.2431195200E+00  -1.3266794500E+00   2.6635403000E-01
H9         1.0          -3.9529500800E+00  -8.2862649000E-01   4.2057043500E+00
C10        6.0           2.9306575400E+00   7.7910263000E-01  -3.1077693000E-01
H11        1.0          -3.6382940100E+00  -1.4429147600E+00  -3.9853542200E+00
C12        6.0          -4.1513105500E+00   1.8949625100E+00  -1.6333840100E+00
H13        1.0          -4.3474755900E+00   3.4090494100E+00  -2.9993920300E+00
H14        1.0           9.8842952000E-01   6.8084321000E-01  -9.8057943000E-01
C15        6.0           4.0124788300E+00   3.2366012900E+00  -7.8866580000E-02
N16        7.0           4.8416292600E+00   5.2658619800E+00   9.7935460000E-02
H17        1.0           6.1836137500E+00  -1.2236249800E+00   9.3064221000E-01
C18        6.0           3.1720879300E+00  -3.7897694900E+00   4.5553860000E-02
N19        7.0           2.3443315700E+00  -5.8205478300E+00  -1.1733803000E-01
 
Some Atomic Properties:
----------------------
  q(A) = Net Charge of Atom A
  L(A) = Lagrangian of Atom A = -(1/4) Times Atomic Integral of the Laplacian of the Electron Density
  K(A) = Electronic Kinetic Energy of Atom A (Hamiltonian Form)
  K_Scaled(A) = K(A) * E(Mol)/K(Mol) = Approximation to Virial-Based Total Energy of Atom A.
  |Mu_Intra(A)| = Magnitude of Intraatomic Dipole Moment of Atom A
--------------------------------------------------------------------------------------------------
Atom A          q(A)              L(A)              K(A)          K_Scaled(A)      |Mu_Intra(A)|
--------------------------------------------------------------------------------------------------
H1        6.5545003130E-02  8.4180077048E-06  5.8530022658E-01 -5.9102395944E-01  1.4251360659E-01
C2       -5.9836965700E-02 -9.5009399750E-05  3.7730567791E+01 -3.8099540296E+01  1.7126525917E-01
H3        4.3939443750E-02  2.8130100299E-05  5.8936149542E-01 -5.9512494399E-01  1.5063841885E-01
C4       -7.5944281000E-02  5.9280140254E-05  3.7732736704E+01 -3.8101730419E+01  1.7381428074E-01
C5       -6.7841195300E-02  1.1823049114E-04  3.7735475048E+01 -3.8104495542E+01  1.5951806330E-01
H6        5.2379479310E-02  2.1404183531E-05  5.8604323356E-01 -5.9177423238E-01  1.4918957458E-01
C7       -1.6141844300E-02 -2.0334354156E-05  3.7706158077E+01 -3.8074891875E+01  1.4467193154E-01
C8        8.5270827100E-02  1.1120330524E-05  3.7638894443E+01 -3.8006970461E+01  2.6336137053E-01
H9        5.4535580990E-02  2.1465533722E-05  5.8871940756E-01 -5.9447657707E-01  1.4872063644E-01
C10       8.3633240700E-02 -1.2671313051E-04  3.7645434084E+01 -3.8013574054E+01  2.9361982817E-01
H11       5.1686302090E-02  2.1467456088E-05  5.9026825663E-01 -5.9604057255E-01  1.4789259952E-01
C12      -8.3345609500E-02  1.0715704550E-04  3.7735728005E+01 -3.8104750972E+01  1.7820183026E-01
H13       5.5039812100E-02  2.0475828714E-05  5.8838873842E-01 -5.9414267427E-01  1.4852239002E-01
H14       1.4523169815E-01  3.3997332403E-05  5.5387507958E-01 -5.5929150152E-01  1.2805056867E-01
C15       9.7086372270E-01  1.4967570732E-05  3.7145790543E+01 -3.7509044429E+01  1.0033745238E+00
N16      -1.1970608153E+00  1.6963388536E-06  5.4942772136E+01 -5.5480065197E+01  6.8109444741E-01
H17       1.1448858379E-01  2.8458468736E-05  5.6781967842E-01 -5.7337246655E-01  1.3689258955E-01
C18       9.7950049890E-01  1.3778216010E-05  3.7140775098E+01 -3.7503979937E+01  9.9766866729E-01
N19      -1.2017479234E+00  3.5428857936E-06  5.4943803637E+01 -5.5481106785E+01  6.7798424183E-01
--------------------------------------------------------------------------------------------------
Total     1.9555821000E-04  2.7153304559E-04  4.5274791168E+02 -4.5717539689E+02
 
1st Largest |L(A)| = 1.2671313051E-04, atom C10     
2nd Largest |L(A)| = 1.1823049114E-04, atom C5      
 
Molecular charge q(Mol) from the wfn file:   0.0000000000E+00
Molecular energy E(Mol) from the wfn file:  -4.5717537148E+02
Molecular virial ratio (-V(Mol)/T(Mol)) from the wfn file:   2.0097791400E+00
Note.  K_Scaled(A) = (1+V(Mol)/T(Mol))*K(A) = (E(Mol)/T(Mol))*K(A)
       Only use K_Scaled(A) data with caution.
 
N_AIMInt(SumA)     =         75.999804
N_Analytic(Mol)    =         75.999989
 
G_AIMInt(SumA)     =        452.747640
G_Analytic(Mol)    =        452.747862
 
K_AIMInt(SumA)     =        452.747912
K_Analytic(Mol)    =        452.747862
 
L_AIMInt(SumA)     =          0.000272
L_Analytic(Mol)    =          0.000000
 
VenT_AIMInt(SumA)  =      -2027.910735
VenT_Analytic(Mol) =      -2027.913597
 
Some Information About the Atomic Calculations:
----------------------------------------------
  Time(sec) = "Elapsed User Time", in Seconds, for Atom A by AIMInt and, if used, by TWOe
  NProc = Number of Processors Used for AIMInt Job
  BIM = Basin Integration Method
  OAQ = Angular Quadrature Outside of Beta Sphere
  ORQ = Multiple of Default for Radial Quadrature Outside of Beta Sphere
  IAQ = Multiple of Default for Angular Quadrature Inside of Beta Sphere
  IRQ = Multiple of Default for Radial Quadrature Inside of Beta Sphere
  MIR = Maximum Integration Radius
------------------------------------------------------------------------------------------------------
Atom A     Time(sec)   NProc      BIM          OAQ                     ORQ      IAQ      IRQ      MIR
------------------------------------------------------------------------------------------------------
H1             30        8     Proaim(5)    4500(GS4)                  1.00     1.00     1.00    13.00
C2             30        8     Proaim(5)    4500(GS4)                  1.00     1.00     1.00    13.00
H3              8        8     Proaim(5)    1800(GS4)                  1.00     1.00     1.00    13.00
C4             21        8     Proaim(5)    4500(GS4)                  1.00     1.00     1.00    13.00
C5             44        8     Proaim(5)    4500(GS4)                  1.00     1.00     1.00    13.00
H6              5        8     Proaim(5)    1800(GS4)                  1.00     1.00     1.00    13.00
C7             30        8     Proaim(5)    4500(GS4)                  1.00     1.00     1.00    13.00
C8             21        8     Proaim(5)    4500(GS4)                  1.00     1.00     1.00    13.00
H9              5        8     Proaim(5)    1800(GS4)                  1.00     1.00     1.00    13.00
C10            27        8     Proaim(5)    4500(GS4)                  1.00     1.00     1.00    13.00
H11             5        8     Proaim(5)    1800(GS4)                  1.00     1.00     1.00    13.00
C12            32        8     Proaim(5)    4500(GS4)                  1.00     1.00     1.00    13.00
H13             5        8     Proaim(5)    1800(GS4)                  1.00     1.00     1.00    13.00
H14            24        8     Proaim(5)    4500(GS4)                  1.00     1.00     1.00    13.00
C15            14        8     Proaim(5)    4500(GS4)                  1.00     1.00     1.00    13.00
N16             9        8     Proaim(5)    2700(GS4)                  1.00     1.00     1.00    13.00
H17             6        8     Proaim(5)    1800(GS4)                  1.00     1.00     1.00    13.00
C18            15        8     Proaim(5)    4500(GS4)                  1.00     1.00     1.00    13.00
N19            27        8     Proaim(5)    4500(GS4)                  1.00     1.00     1.00    13.00
------------------------------------------------------------------------------------------------------
Total         358
Note:  Total wall clock time is less than total of atomic times if more than one atom
       was calculated at a time
 
Electron Density Critical Point Analysis of Molecular Structure:               
---------------------------------------------------------------                
  NACP = Nuclear Attractor Critical Point                                      
  NNACP = Non-Nuclear Attractor Critical Point                                 
  BCP = Bond Critical Point                                                    
  RCP = Ring Critical Point                                                    
  CCP = Cage Critical Point                                                    
  Rho = Electron Density                                                       
  GradRho = Gradient of Electron Density                                       
  HessRho_EigVals = Eigenvalues of the Hessian of Rho, Ascending Order         
  HessRho_EigVecs = Eigenvectors of the Hessian of Rho                         
  DelSqRho = Laplacian of Rho = Trace of Hessian of Rho                        
  Bond Ellipticity = (HessRho_EigVal(1) / HessRho_EigVal(2)) - 1               
  V = Virial Field = Potential Energy Density = Trace of Stress Tensor         
  G = Lagrangian Form of Kinetic Energy Density                                
  K = Hamiltonian Form of Kinetic Energy Density                               
  L = K - G = Lagrangian Density = (-1/4)DelSqRho                              
  Vnuc = Electrostatic Potential from Nuclei                                   
  Ven = Electron-nuclear attractive contribution to Virial Field V             
  Vrep = V - Ven = Repulsive contribution to Virial Field V                    
  DelSqV = Laplacian of V                                                      
  DelSqVen = Laplacian of Ven                                                  
  DelSqVrep = Laplacian of Vrep                                                
  DelSqG = Laplacian of G                                                      
  DelSqK = Laplacian of K                                                      
  Stress_EigVals = Eigenvalues of Stress Tensor, Ascending Order               
  Stress_EigVecs = Eigenvectors of Stress Tensor                               
  -DivStress = Ehrenfest Force Density = Minus Divergence of Stress Tensor     
  ESP = Total Electrostatic Potential                                          
  ESPe = Electrostatic Potential from Electrons                                
  ESPn = Electrostatic Potential from Nuclei                                   
  BP = Bond Path                                                               
  BPL = Bond Path Length                                                       
  GBL = Geometric Bond Length                                                  
  GBL_I = Distance Between Nuclear Attractors                                  
  GBL_II = Distance Between Nuclei                                             
  GBL_III = Sum of Distances Between BCP and Nuclear Attractors                
  GBL_IV = Sum of Distances Between BCP and Nuclei                             

CP# 1      Coords = -3.37488272427726E+00 -3.98346695427720E+00  3.96257204023799E-01
           Type = (3,-3) NACP H1
           Rho =  4.2446262179E-01     Rho at Nucleus =  4.2064389924E-01
           GradRho =  6.8892916545E-16 -5.3462347938E-16  1.3218203252E-16
           HessRho_EigVals = -6.4735623819E+00 -6.4679168224E+00 -5.8602373101E+00
           HessRho_EigVec1 = -4.1605295723E-02  6.3927018044E-02  9.9708692486E-01
           HessRho_EigVec2 =  9.8845494344E-01  1.4815189001E-01  3.1746531717E-02
           HessRho_EigVec3 = -1.4569085132E-01  9.8689632376E-01 -6.9352880201E-02
           DelSqRho = -1.8801716514E+01
           Bond Ellipticity = NA
           V = -4.7092415628E+00
           G =  4.4062171105E-03
           K =  4.7048353457E+00
           L =  4.7004291286E+00
           Vnuc =  4.1594363292E+01
           Ven = -1.7655252495E+01
           Vrep =  1.2946010932E+01
           DelSqV =  7.0755603179E+02
           DelSqVen =  7.8204542722E+02
           DelSqVrep = -7.4489395425E+01
           DelSqG =  6.9749502525E+01
           DelSqK = -7.7730553431E+02
           Stress_EigVals = -1.6215450999E+00 -1.6210314282E+00 -1.4666650347E+00
           Stress_EigVec1 = -5.3451969706E-02  6.0991959460E-02  9.9670600872E-01
           Stress_EigVec2 =  9.8787272281E-01  1.4894103136E-01  4.3864025223E-02
           Stress_EigVec3 = -1.4577506805E-01  9.8696329722E-01 -6.8213484557E-02
           -DivStress =  1.1729785405E+00 -7.9251881943E+00  5.4768536915E-01
           ESP =  -1.0989511679E+00     ESP at Nucleus =  -1.1015508606E+00
           ESPe = -1.4611372225E+01     ESPe at Nucleus = -1.4526167647E+01
           ESPn =  1.3512421057E+01     ESPn at Nucleus =  1.3424616786E+01

CP# 2      Coords = -3.66671524097628E+00 -1.99517201206723E+00  2.64386075590057E-01
           Type = (3,-3) NACP C2
           Rho =  1.1768711504E+02     Rho at Nucleus =  1.1768711489E+02
           GradRho =  6.4947072948E-11 -9.0843547786E-11 -6.2458731191E-10
           HessRho_EigVals = -1.4501513274E+05 -1.4501427281E+05 -1.4501391292E+05
           HessRho_EigVec1 =  9.8688040759E-01  1.5841512132E-01  3.1172270682E-02
           HessRho_EigVec2 =  5.0798520549E-02 -4.8793111502E-01  8.7140274116E-01
           HessRho_EigVec3 = -1.5325329176E-01  8.5838678714E-01  4.8957691146E-01
           DelSqRho = -4.3504331847E+05
           Bond Ellipticity = NA
           V = -1.0877107892E+05
           G =  5.1246537818E+00
           K =  1.0876595427E+05
           L =  1.0876082962E+05
           Vnuc =  4.2622307495E+06
           Ven = -5.0160964053E+08
           Vrep =  5.0150086945E+08
           DelSqV =  2.4954321007E+09
           DelSqVen =  1.8542550057E+12
           DelSqVrep = -1.8517595736E+12
           DelSqG =  1.3403918617E+08
           DelSqK = -2.6294712869E+09
           Stress_EigVals = -3.6257308573E+04 -3.6257114311E+04 -3.6256656041E+04
           Stress_EigVec1 = -1.4928690736E-01  9.0498125712E-01  3.9839972837E-01
           Stress_EigVec2 =  3.2549429990E-02 -3.9819873468E-01  9.1672149659E-01
           Stress_EigVec3 =  9.8825804014E-01  1.4982220120E-01  2.9989233543E-02
           -DivStress = -9.3236420904E+01  1.1782919232E+02  1.1328954614E+03
           ESP =  -1.4737670934E+01     ESP at Nucleus =  -1.4737670949E+01
           ESPe = -2.8424341018E+01     ESPe at Nucleus = -2.8424341144E+01
           ESPn =  1.3686670083E+01     ESPn at Nucleus =  1.3686670196E+01

CP# 3      Coords = -2.90797358720014E+00  3.57535826635862E+00  1.88914378238168E+00
           Type = (3,-3) NACP H3
           Rho =  4.1598412126E-01     Rho at Nucleus =  4.1267440492E-01
           GradRho = -3.8012211897E-09 -3.5559634664E-09 -1.9068718109E-09
           HessRho_EigVals = -6.3458271027E+00 -6.3444929800E+00 -5.7944479117E+00
           HessRho_EigVec1 =  5.0005902846E-02 -5.1292950409E-01  8.5697300629E-01
           HessRho_EigVec2 = -7.2612307314E-01  5.7046581439E-01  3.8381510819E-01
           HessRho_EigVec3 =  6.8574389705E-01  6.4146089393E-01  3.4392328972E-01
           DelSqRho = -1.8484767994E+01
           Bond Ellipticity = NA
           V = -4.6309824550E+00
           G =  4.8952282167E-03
           K =  4.6260872268E+00
           L =  4.6211919986E+00
           Vnuc =  4.3591686333E+01
           Ven = -1.8133449334E+01
           Vrep =  1.3502466879E+01
           DelSqV =  6.9757032639E+02
           DelSqVen =  8.0578221827E+02
           DelSqVrep = -1.0821189188E+02
           DelSqG =  6.8791013385E+01
           DelSqK = -7.6636133977E+02
           Stress_EigVals = -1.5901678636E+00 -1.5900923245E+00 -1.4507222670E+00
           Stress_EigVec1 =  1.3245284316E-01 -5.7468037801E-01  8.0758820414E-01
           Stress_EigVec2 = -7.1560157265E-01  5.0832049092E-01  4.7908732787E-01
           Stress_EigVec3 =  6.8583571907E-01  6.4136786764E-01  3.4391368802E-01
           -DivStress =  5.0763444030E+00  4.7484993515E+00  2.5465668907E+00
           ESP =  -1.0873147377E+00     ESP at Nucleus =  -1.0895313464E+00
           ESPe = -1.4735573300E+01     ESPe at Nucleus = -1.4663643601E+01
           ESPn =  1.3648258562E+01     ESPn at Nucleus =  1.3574112255E+01

CP# 4      Coords = -3.95512977892643E+00 -3.69611555278956E-01  2.20945800356097E+00
           Type = (3,-3) NACP C4
           Rho =  1.1767629494E+02     Rho at Nucleus =  1.1767629476E+02
           GradRho = -1.6005679464E-10  8.6090839018E-10  2.6346467385E-10
           HessRho_EigVals = -1.4500204516E+05 -1.4500141316E+05 -1.4500100977E+05
           HessRho_EigVec1 =  9.9200730440E-01  1.2428638351E-01  2.1780791742E-02
           HessRho_EigVec2 = -9.8818807689E-02  8.7257066904E-01 -4.7838820091E-01
           HessRho_EigVec3 = -7.8462419430E-02  4.7241223777E-01  8.7787830953E-01
           DelSqRho = -4.3500446809E+05
           Bond Ellipticity = NA
           V = -1.0876134754E+05
           G =  5.1152589019E+00
           K =  1.0875623228E+05
           L =  1.0875111702E+05
           Vnuc =  3.7391979664E+06
           Ven = -4.4001496274E+08
           Vrep =  4.3990620139E+08
           DelSqV =  2.4952102674E+09
           DelSqVen =  1.6265677701E+12
           DelSqVrep = -1.6240725598E+12
           DelSqG =  1.3402766311E+08
           DelSqK = -2.6292379305E+09
           Stress_EigVals = -3.6254058172E+04 -3.6253840381E+04 -3.6253448986E+04
           Stress_EigVec1 = -6.6156290746E-02  2.9992762371E-01  9.5166525929E-01
           Stress_EigVec2 = -1.1952709182E-01  9.4450489039E-01 -3.0598004241E-01
           Stress_EigVec3 =  9.9062435843E-01  1.3399228548E-01  2.6635463521E-02
           -DivStress =  2.1244865285E+02 -1.2245339757E+03 -3.9612304001E+02
           ESP =  -1.4736550364E+01     ESP at Nucleus =  -1.4736550382E+01
           ESPe = -2.8094264562E+01     ESPe at Nucleus = -2.8094265133E+01
           ESPn =  1.3357714198E+01     ESPn at Nucleus =  1.3357714751E+01

CP# 5      Coords = -3.79302312833981E+00 -5.84666680855591E-01 -2.12870809825928E+00
           Type = (3,-3) NACP C5
           Rho =  1.1770089082E+02     Rho at Nucleus =  1.1770089071E+02
           GradRho =  1.4106510578E-10 -4.2989165960E-10  6.7233879380E-11
           HessRho_EigVals = -1.4503620539E+05 -1.4503530615E+05 -1.4503501863E+05
           HessRho_EigVec1 =  9.8617628032E-01  1.6360820114E-01  2.6243106706E-02
           HessRho_EigVec2 =  4.8217478330E-02 -4.3487268455E-01  8.9920010176E-01
           HessRho_EigVec3 = -1.5852892138E-01  8.8550443519E-01  4.3674990136E-01
           DelSqRho = -4.3510653017E+05
           Bond Ellipticity = NA
           V = -1.0878687971E+05
           G =  5.1235819645E+00
           K =  1.0878175613E+05
           L =  1.0877663254E+05
           Vnuc =  4.7262338224E+06
           Ven = -5.5628193113E+08
           Vrep =  5.5617314425E+08
           DelSqV =  2.4957976223E+09
           DelSqVen =  2.0564150190E+12
           DelSqVrep = -2.0539192214E+12
           DelSqG =  1.3406255671E+08
           DelSqK = -2.6298601790E+09
           Stress_EigVals = -3.6262561964E+04 -3.6262394752E+04 -3.6261922991E+04
           Stress_EigVec1 = -1.3503277745E-01  8.0409921669E-01  5.7895647396E-01
           Stress_EigVec2 =  6.7812481281E-02 -5.7543822384E-01  8.1502902889E-01
           Stress_EigVec3 =  9.8851788876E-01  1.4931610853E-01  2.3175058539E-02
           -DivStress = -3.6449808297E+02  9.4895430944E+02 -1.6113550767E+02
           ESP =  -1.4734349828E+01     ESP at Nucleus =  -1.4734349841E+01
           ESPe = -2.8222008065E+01     ESPe at Nucleus = -2.8222008407E+01
           ESPn =  1.3487658238E+01     ESPn at Nucleus =  1.3487658565E+01

CP# 6      Coords = -6.12164471506343E+00  3.05027967296296E+00  1.73637911151103E+00
           Type = (3,-3) NACP H6
           Rho =  4.1465805128E-01     Rho at Nucleus =  4.1132379112E-01
           GradRho =  8.6849405163E-15 -3.2736942497E-15 -1.9556974313E-15
           HessRho_EigVals = -6.3243870770E+00 -6.3234191862E+00 -5.7714627342E+00
           HessRho_EigVec1 =  4.2275340731E-02 -5.0575683538E-01  8.6163961088E-01
           HessRho_EigVec2 =  4.6650786552E-01  7.7261919209E-01  4.3061583276E-01
           HessRho_EigVec3 =  8.8350620087E-01 -3.8375722466E-01 -2.6860228134E-01
           DelSqRho = -1.8419268997E+01
           Bond Ellipticity = NA
           V = -4.6145625866E+00
           G =  4.8726686391E-03
           K =  4.6096899180E+00
           L =  4.6048172494E+00
           Vnuc =  4.2322064631E+01
           Ven = -1.7549184846E+01
           Vrep =  1.2934622259E+01
           DelSqV =  6.9494380277E+02
           DelSqVen =  7.7954149296E+02
           DelSqVrep = -8.4597690190E+01
           DelSqG =  6.8524005067E+01
           DelSqK = -7.6346780784E+02
           Stress_EigVals = -1.5848540634E+00 -1.5847782695E+00 -1.4449302537E+00
           Stress_EigVec1 =  7.9913356661E-03 -5.6113971639E-01  8.2768252201E-01
           Stress_EigVec2 =  4.6802856748E-01  7.3354978116E-01  4.9280216982E-01
           Stress_EigVec3 =  8.8367720270E-01 -3.8344091755E-01 -2.6849146015E-01
           -DivStress = -6.5588874517E+00  2.8377395444E+00  1.9885527979E+00
           ESP =  -1.0869095050E+00     ESP at Nucleus =  -1.0891325136E+00
           ESPe = -1.3631091785E+01     ESPe at Nucleus = -1.3543249200E+01
           ESPn =  1.2544182280E+01     ESPn at Nucleus =  1.2454116687E+01

CP# 7      Coords = -4.31365776920456E+00  2.26302939447270E+00  1.18599872829883E+00
           Type = (3,-3) NACP C7
           Rho =  1.1754205368E+02     Rho at Nucleus =  1.1754205368E+02
           GradRho =  2.1065939380E-11  3.1580567587E-11  1.3398790292E-11
           HessRho_EigVals = -1.4483927514E+05 -1.4483914666E+05 -1.4483893418E+05
           HessRho_EigVec1 =  5.0708457831E-03 -4.8214161566E-01  8.7607862031E-01
           HessRho_EigVec2 =  9.8849379340E-01  1.3486262314E-01  6.8498856193E-02
           HessRho_EigVec3 = -1.5117641000E-01  8.6565093157E-01  4.7727786218E-01
           DelSqRho = -4.3451735599E+05
           Bond Ellipticity = NA
           V = -1.0863978876E+05
           G =  5.2248834403E+00
           K =  1.0863456388E+05
           L =  1.0862933900E+05
           Vnuc =  5.9923625873E+07
           Ven = -7.0435460489E+09
           Vrep =  7.0434374092E+09
           DelSqV =  2.4924355748E+09
           DelSqVen =  2.6037702361E+13
           DelSqVrep = -2.6035209926E+13
           DelSqG =  1.3388044864E+08
           DelSqK = -2.6263160235E+09
           Stress_EigVals = -3.6213332201E+04 -3.6213273108E+04 -3.6213183453E+04
           Stress_EigVec1 = -1.4045122558E-01  8.6169553829E-01  4.8760050505E-01
           Stress_EigVec2 =  9.8982883218E-01  1.3346477787E-01  4.9254807430E-02
           Stress_EigVec3 =  2.2634845294E-02 -4.8955893655E-01  8.7167637999E-01
           -DivStress = -4.8541752464E+01 -2.6016209905E+01  5.9295035172E+01
           ESP =  -1.4721977254E+01     ESP at Nucleus =  -1.4721977254E+01
           ESPe = -2.7805593582E+01     ESPe at Nucleus = -2.7805593534E+01
           ESPn =  1.3083616328E+01     ESPn at Nucleus =  1.3083616280E+01

CP# 8      Coords =  4.24311772580485E+00 -1.32668289643043E+00  2.66353599714997E-01
           Type = (3,-3) NACP C8
           Rho =  1.1760768515E+02     Rho at Nucleus =  1.1760768404E+02
           GradRho =  5.1828058338E-11  1.2649516959E-11  5.5773137844E-13
           HessRho_EigVals = -1.4490469549E+05 -1.4490441505E+05 -1.4490359214E+05
           HessRho_EigVec1 = -3.2016291142E-01  6.0172606883E-02  9.4544961131E-01
           HessRho_EigVec2 =  3.5924165558E-01  9.3115682730E-01  6.2389068579E-02
           HessRho_EigVec3 =  8.7660774754E-01 -3.5961954947E-01  3.1973838773E-01
           DelSqRho = -4.3471270268E+05
           Bond Ellipticity = NA
           V = -1.0868850610E+05
           G =  5.1652162434E+00
           K =  1.0868334089E+05
           L =  1.0867817567E+05
           Vnuc =  1.5348380737E+06
           Ven = -1.8050875293E+08
           Vrep =  1.8040006443E+08
           DelSqV =  2.4935315733E+09
           DelSqVen =  6.6721361101E+11
           DelSqVrep = -6.6472007943E+11
           DelSqG =  1.3392520612E+08
           DelSqK = -2.6274567794E+09
           Stress_EigVals = -3.6229798969E+04 -3.6229528545E+04 -3.6229178590E+04
           Stress_EigVec1 =  8.3326517852E-01 -4.5560880493E-01  3.1319284657E-01
           Stress_EigVec2 =  4.4806251544E-01  8.8836553417E-01  1.0023302826E-01
           Stress_EigVec3 = -3.2389678066E-01  5.6809282469E-02  9.4438529261E-01
           -DivStress =  1.4573035819E+03  2.7917003531E+03  3.4960001639E+02
           ESP =  -1.4649536271E+01     ESP at Nucleus =  -1.4649536333E+01
           ESPe = -2.7879533103E+01     ESPe at Nucleus = -2.7879531933E+01
           ESPn =  1.3229996832E+01     ESPn at Nucleus =  1.3229995600E+01

CP# 9      Coords = -3.95299919734175E+00 -8.20522318404337E-01  4.17134385516689E+00
           Type = (3,-3) NACP H9
           Rho =  4.2432197994E-01     Rho at Nucleus =  4.2057131476E-01
           GradRho = -1.1924859022E-11  1.9299839007E-09 -8.1737727014E-09
           HessRho_EigVals = -6.4652670310E+00 -6.4590035737E+00 -5.8590992248E+00
           HessRho_EigVec1 = -1.5169969547E-01  9.6199952498E-01  2.2703329346E-01
           HessRho_EigVec2 =  9.8842558365E-01  1.4797778921E-01  3.3428124078E-02
           HessRho_EigVec3 =  1.4380453604E-03 -2.2947655184E-01  9.7331312751E-01
           DelSqRho = -1.8783369830E+01
           Bond Ellipticity = NA
           V = -4.7051551082E+00
           G =  4.6563254161E-03
           K =  4.7004987828E+00
           L =  4.6958424574E+00
           Vnuc =  4.1169789541E+01
           Ven = -1.7469246612E+01
           Vrep =  1.2764091504E+01
           DelSqV =  7.0709767718E+02
           DelSqVen =  7.7330739619E+02
           DelSqVrep = -6.6209719012E+01
           DelSqG =  6.9634190746E+01
           DelSqK = -7.7673186792E+02
           Stress_EigVals = -1.6195865823E+00 -1.6192104666E+00 -1.4663580593E+00
           Stress_EigVec1 = -1.3689251338E-01  9.6446340753E-01  2.2598844065E-01
           Stress_EigVec2 =  9.9058513203E-01  1.3356787648E-01  3.0011973756E-02
           Stress_EigVec3 =  1.2393456528E-03 -2.2796920384E-01  9.7366755421E-01
           -DivStress =  1.1058702257E-02 -1.8248868354E+00  7.7414970753E+00
           ESP =  -1.0949466183E+00     ESP at Nucleus =  -1.0975047260E+00
           ESPe = -1.3938779389E+01     ESPe at Nucleus = -1.3848442315E+01
           ESPn =  1.2843832771E+01     ESPn at Nucleus =  1.2750937589E+01

CP# 10     Coords =  2.93065996666860E+00  7.79106025178357E-01 -3.10776314833477E-01
           Type = (3,-3) NACP C10
           Rho =  1.1762650542E+02     Rho at Nucleus =  1.1762650413E+02
           GradRho = -2.1100237876E-11  4.7901305318E-12 -9.6851346387E-13
           HessRho_EigVals = -1.4493075954E+05 -1.4493033748E+05 -1.4492937877E+05
           HessRho_EigVec1 = -3.2259365096E-01  6.3686163378E-02  9.4439261377E-01
           HessRho_EigVec2 =  2.9251111049E-01  9.5560383406E-01  3.5476225344E-02
           HessRho_EigVec3 =  9.0020585790E-01 -2.8768973725E-01  3.2690064008E-01
           DelSqRho = -4.3479047579E+05
           Bond Ellipticity = NA
           V = -1.0870794727E+05
           G =  5.1641626338E+00
           K =  1.0870278311E+05
           L =  1.0869761895E+05
           Vnuc =  1.4223746560E+06
           Ven = -1.6730896018E+08
           Vrep =  1.6720025223E+08
           DelSqV =  2.4939786442E+09
           DelSqVen =  6.1843495629E+11
           DelSqVrep = -6.1594097764E+11
           DelSqG =  1.3395184601E+08
           DelSqK = -2.6279304902E+09
           Stress_EigVals = -3.6236311263E+04 -3.6236010793E+04 -3.6235625217E+04
           Stress_EigVec1 =  8.6391068046E-01 -3.8717157379E-01  3.2211257138E-01
           Stress_EigVec2 =  3.8334362431E-01  9.2030222786E-01  7.8047902572E-02
           Stress_EigVec3 = -3.2665884633E-01  5.6053383929E-02  9.4347867823E-01
           -DivStress = -1.9705898988E+03 -2.7505968628E+03 -5.0026612403E+02
           ESP =  -1.4652828779E+01     ESP at Nucleus =  -1.4652828850E+01
           ESPe = -2.8616228025E+01     ESPe at Nucleus = -2.8616228511E+01
           ESPn =  1.3963399246E+01     ESPn at Nucleus =  1.3963399661E+01

CP# 11     Coords = -3.64089121604152E+00 -1.42825382065700E+00 -3.95353168714715E+00
           Type = (3,-3) NACP H11
           Rho =  4.2564679526E-01     Rho at Nucleus =  4.2191396418E-01
           GradRho = -2.8514276945E-11  1.6088386716E-10  3.4963075982E-10
           HessRho_EigVals = -6.4954167795E+00 -6.4898606259E+00 -5.8892917238E+00
           HessRho_EigVec1 = -1.0454042312E-01  9.0065684458E-01 -4.2176835851E-01
           HessRho_EigVec2 =  9.9176548509E-01  1.2595722208E-01  2.3151691073E-02
           HessRho_EigVec3 = -7.3976499826E-02  4.1587501309E-01  9.0640799365E-01
           DelSqRho = -1.8874569129E+01
           Bond Ellipticity = NA
           V = -4.7274904575E+00
           G =  4.4240876061E-03
           K =  4.7230663699E+00
           L =  4.7186422823E+00
           Vnuc =  4.1482267573E+01
           Ven = -1.7656794252E+01
           Vrep =  1.2929303795E+01
           DelSqV =  7.1075219809E+02
           DelSqVen =  7.8295992756E+02
           DelSqVrep = -7.2207729471E+01
           DelSqG =  7.0088895455E+01
           DelSqK = -7.8084109355E+02
           Stress_EigVals = -1.6270494864E+00 -1.6264618964E+00 -1.4739790746E+00
           Stress_EigVec1 = -1.2082408715E-01  8.9794853075E-01 -4.2319023629E-01
           Stress_EigVec2 =  9.8989858306E-01  1.4084528447E-01  1.6229636218E-02
           Stress_EigVec3 = -7.4177727211E-02  4.1695448428E-01  9.0589548118E-01
           -DivStress =  5.8814453098E-01 -3.3193931264E+00 -7.2032652345E+00
           ESP =  -1.0938964571E+00     ESP at Nucleus =  -1.0964427659E+00
           ESPe = -1.4113293993E+01     ESPe at Nucleus = -1.4024202242E+01
           ESPn =  1.3019397536E+01     ESPn at Nucleus =  1.2927759476E+01

CP# 12     Coords = -4.15131059817906E+00  1.89496357999629E+00 -1.63338300819917E+00
           Type = (3,-3) NACP C12
           Rho =  1.1768484748E+02     Rho at Nucleus =  1.1768484732E+02
           GradRho =  2.4553196282E-11  5.3040410996E-10  4.8901250155E-10
           HessRho_EigVals = -1.4501556811E+05 -1.4501492926E+05 -1.4501455383E+05
           HessRho_EigVec1 =  9.9411248725E-01  1.0807117504E-01 -7.8092138896E-03
           HessRho_EigVec2 =  8.3652622202E-03 -4.6928052237E-03  9.9995399893E-01
           HessRho_EigVec3 = -1.0802955653E-01  9.9413208313E-01  5.5692199908E-03
           DelSqRho = -4.3504505120E+05
           Bond Ellipticity = NA
           V = -1.0877149884E+05
           G =  5.1180171622E+00
           K =  1.0876638082E+05
           L =  1.0876126280E+05
           Vnuc =  4.0912008758E+06
           Ven = -4.8147235109E+08
           Vrep =  4.8136357959E+08
           DelSqV =  2.4954454063E+09
           DelSqVen =  1.7798567690E+12
           DelSqVrep = -1.7773612908E+12
           DelSqG =  1.3404304248E+08
           DelSqK = -2.6294884488E+09
           Stress_EigVals = -3.6257436908E+04 -3.6257227249E+04 -3.6256834678E+04
           Stress_EigVec1 = -1.2301235524E-01  9.7264488857E-01 -1.9705299083E-01
           Stress_EigVec2 = -3.6200586740E-02  1.9403103354E-01  9.8032722881E-01
           Stress_EigVec3 =  9.9174466370E-01  1.2772579521E-01  1.1342101231E-02
           -DivStress =  4.1110015672E+01 -8.6637548792E+02 -8.1827743372E+02
           ESP =  -1.4734357668E+01     ESP at Nucleus =  -1.4734357684E+01
           ESPe = -2.7950814707E+01     ESPe at Nucleus = -2.7950815056E+01
           ESPn =  1.3216457039E+01     ESPn at Nucleus =  1.3216457372E+01

CP# 13     Coords = -4.34408942774614E+00  3.38304910554860E+00 -2.97573734806946E+00
           Type = (3,-3) NACP H13
           Rho =  4.2409964350E-01     Rho at Nucleus =  4.2034915628E-01
           GradRho = -2.1827158136E-15 -1.7396023858E-16  7.7575681881E-16
           HessRho_EigVals = -6.4612553869E+00 -6.4550304799E+00 -5.8554331631E+00
           HessRho_EigVec1 = -1.3093384358E-01  6.5815767503E-01  7.4140731275E-01
           HessRho_EigVec2 =  9.8674678411E-01  1.5881922744E-01  3.3275171669E-02
           HessRho_EigVec3 = -9.5849427005E-02  7.3593812770E-01 -6.7022978115E-01
           DelSqRho = -1.8771719030E+01
           Bond Ellipticity = NA
           V = -4.7022480011E+00
           G =  4.6591218109E-03
           K =  4.6975888793E+00
           L =  4.6929297575E+00
           Vnuc =  4.0973652678E+01
           Ven = -1.7376911494E+01
           Vrep =  1.2674663493E+01
           DelSqV =  7.0664694875E+02
           DelSqVen =  7.6914589571E+02
           DelSqVrep = -6.2498946957E+01
           DelSqG =  6.9584584773E+01
           DelSqK = -7.7623153352E+02
           Stress_EigVals = -1.6185976397E+00 -1.6182048124E+00 -1.4654455490E+00
           Stress_EigVec1 = -1.0649170979E-01  6.6068620141E-01  7.4307015753E-01
           Stress_EigVec2 =  9.8968411483E-01  1.4246153488E-01  1.5167858778E-02
           Stress_EigVec3 = -9.5837720163E-02  7.3701998232E-01 -6.6904161085E-01
           -DivStress = -7.6215222687E-01  5.8548473171E+00 -5.3252161644E+00
           ESP =  -1.0920014994E+00     ESP at Nucleus =  -1.0945596627E+00
           ESPe = -1.3747674708E+01     ESPe at Nucleus = -1.3657036699E+01
           ESPn =  1.2655673209E+01     ESPn at Nucleus =  1.2562477037E+01

CP# 14     Coords =  1.02414520516969E+00  6.82802782495404E-01 -9.68308561803243E-01
           Type = (3,-3) NACP H14
           Rho =  4.1186832161E-01     Rho at Nucleus =  4.0772274741E-01
           GradRho = -7.9282283863E-17  2.1990330563E-16  3.9985376121E-16
           HessRho_EigVals = -6.2625957531E+00 -6.2555299636E+00 -5.6207176028E+00
           HessRho_EigVec1 = -3.0505825271E-02  9.9689922079E-01 -7.2535082662E-02
           HessRho_EigVec2 = -3.2771040831E-01  5.8582272862E-02  9.4296023542E-01
           HessRho_EigVec3 =  9.4428559393E-01  5.2536281735E-02  3.2490715011E-01
           DelSqRho = -1.8138843320E+01
           Bond Ellipticity = NA
           V = -4.5439981043E+00
           G =  4.6436372124E-03
           K =  4.5393544671E+00
           L =  4.5347108299E+00
           Vnuc =  4.2262693412E+01
           Ven = -1.7406664602E+01
           Vrep =  1.2862666498E+01
           DelSqV =  6.8061605844E+02
           DelSqVen =  7.6659637406E+02
           DelSqVrep = -8.5980315616E+01
           DelSqG =  6.6933404962E+01
           DelSqK = -7.4754946340E+02
           Stress_EigVals = -1.5685281907E+00 -1.5677373201E+00 -1.4077325935E+00
           Stress_EigVec1 = -2.4438776021E-02  9.9584205838E-01 -8.7757284503E-02
           Stress_EigVec2 = -3.2823577208E-01  7.4923838059E-02  9.4161971964E-01
           Stress_EigVec3 =  9.4427963239E-01  5.1817113460E-02  3.2503994001E-01
           -DivStress = -7.7729044442E+00 -4.2560300105E-01 -2.6707538934E+00
           ESP =  -1.0376278828E+00     ESP at Nucleus =  -1.0404523476E+00
           ESPe = -1.6856251688E+01     ESPe at Nucleus = -1.6804296019E+01
           ESPn =  1.5818623805E+01     ESPn at Nucleus =  1.5763843672E+01

CP# 15     Coords =  4.01247705175695E+00  3.23659737206959E+00 -7.88669821184445E-02
           Type = (3,-3) NACP C15
           Rho =  1.1801679226E+02     Rho at Nucleus =  1.1801679091E+02
           GradRho = -3.2039016202E-11  2.2658352679E-11 -3.7292506043E-13
           HessRho_EigVals = -1.4544721981E+05 -1.4544718984E+05 -1.4544643763E+05
           HessRho_EigVec1 =  9.0225077504E-01 -3.3915027677E-01  2.6630927265E-01
           HessRho_EigVec2 = -2.7221061643E-01  3.1011227968E-02  9.6173784580E-01
           HessRho_EigVec3 =  3.3443223415E-01  9.4022092803E-01  6.4340401433E-02
           DelSqRho = -4.3634084728E+05
           Bond Ellipticity = NA
           V = -1.0909541412E+05
           G =  5.1011480846E+00
           K =  1.0909031297E+05
           L =  1.0908521182E+05
           Vnuc =  1.3884692883E+06
           Ven = -1.6386269156E+08
           Vrep =  1.6375359614E+08
           DelSqV =  2.5028692599E+09
           DelSqVen =  6.0584586854E+11
           DelSqVrep = -6.0334299928E+11
           DelSqG =  1.3446465481E+08
           DelSqK = -2.6373339148E+09
           Stress_EigVals = -3.6365725905E+04 -3.6364846904E+04 -3.6364841307E+04
           Stress_EigVec1 =  3.7101175139E-01  9.2541520993E-01  7.7181406816E-02
           Stress_EigVec2 = -2.7459014301E-01  2.9929777195E-02  9.6109544885E-01
           Stress_EigVec3 =  8.8710232425E-01 -3.7777095926E-01  2.6521419390E-01
           -DivStress =  1.4544807319E+03  3.2045635124E+03  3.2910068681E+02
           ESP =  -1.4686086205E+01     ESP at Nucleus =  -1.4686086301E+01
           ESPe = -2.7506273020E+01     ESPe at Nucleus = -2.7506272266E+01
           ESPn =  1.2820186815E+01     ESPn at Nucleus =  1.2820185964E+01

CP# 16     Coords =  4.84162501529736E+00  5.26585150556920E+00  9.79345582265086E-02
           Type = (3,-3) NACP N16
           Rho =  1.9194134441E+02     Rho at Nucleus =  1.9194132365E+02
           GradRho = -1.1119717313E-10 -4.6263349163E-11 -6.2534612905E-14
           HessRho_EigVals = -3.2308286211E+05 -3.2308263658E+05 -3.2307516017E+05
           HessRho_EigVec1 = -3.5327989113E-01  6.4159879522E-02  9.3331496741E-01
           HessRho_EigVec2 =  8.5113767619E-01 -3.9201767032E-01  3.4912290433E-01
           HessRho_EigVec3 =  3.8827564268E-01  9.1771763414E-01  8.3883069129E-02
           DelSqRho = -9.6924065886E+05
           Bond Ellipticity = NA
           V = -2.4234135558E+05
           G =  1.5595431205E+01
           K =  2.4232576015E+05
           L =  2.4231016472E+05
           Vnuc =  6.1741678532E+05
           Ven = -1.1850780784E+08
           Vrep =  1.1826546648E+08
           DelSqV =  7.6091247435E+09
