AIMSum (Version 19.02.13, Professional)
Copyright (c) 1997-2019 by Todd A. Keith
AIMSum is a component of the AIMAll package ( http://aim.tkgristmill.com )

TP:  64-bit Linux

Much of the Quantum Theory of Atoms in Molecules (QTAIM) is described in the book:
  "Atoms in Molecules - A Quantum Theory"
  R.F.W. Bader, Oxford University Press, Oxford, 1990

For additional references see:  http://aim.tkgristmill.com/references.html

Wfn File:  /home/mhennefarth/Documents/ML_Diels/summary-jones2006/4-opt/4-opt.wfn
Sum File:  /home/mhennefarth/Documents/ML_Diels/summary-jones2006/4-opt/4-opt.sum

SumViz File:  /home/mhennefarth/Documents/ML_Diels/summary-jones2006/4-opt/4-opt.sumviz

Wfn Title:   Title Card Required                                                           
 
Total memory allocated for AIMSum =        0.975 Megabytes

Atomic units (a.u.) used throughout, except where stated otherwise

Model:  Restricted SCF
 
Restricted, closed-shell, single-determinant wavefunction.
  Number of electrons (from MO Occs)                   =          76.0000000000
  Number of Alpha electrons (from MO Occs)             =          38.0000000000
  Number of Beta electrons (from MO Occs)              =          38.0000000000
  Number of electron pairs (N*(N-1)/2)                 =        2850.0000000000
  Number of electron pairs (from Muller 2EDM)          =        2850.0000000000
 
Nuclear Charges and Cartesian Coordinates:
-------------------------------------------------------------------------------
Atom      Charge                X                  Y                  Z
-------------------------------------------------------------------------------
H1         1.0          -4.6339511400E+00  -3.1875504300E+00   2.4727476400E+00
C2         6.0          -4.1708905300E+00  -1.6894930500E+00   1.1498169100E+00
H3         1.0          -2.0627232200E+00   3.5702125700E+00  -4.4261023000E-01
C4         6.0          -4.3932198000E+00   8.2127077000E-01   1.5714796100E+00
C5         6.0          -3.2212827300E+00  -2.1102659200E+00  -1.4218762900E+00
H6         1.0          -5.1831780700E+00   3.3676468000E+00  -1.5363244500E+00
C7         6.0          -3.6152893100E+00   2.2283761600E+00  -7.7831229000E-01
C8         6.0           1.7324916600E+00  -2.1989720000E-02   3.2945067800E+00
H9         1.0          -5.0849571000E+00   1.7262231000E+00   3.2747971800E+00
C10        6.0           2.9345605000E+00   2.3130160000E-02   1.0494329900E+00
H11        1.0          -2.8608776600E+00  -3.9560197300E+00  -2.2377799800E+00
C12        6.0          -2.8737956600E+00   1.4377792000E-01  -2.5677893500E+00
H13        1.0          -2.1931624900E+00   4.6342427000E-01  -4.4727917900E+00
C14        6.0           3.6603533400E+00  -2.2641415200E+00  -2.2530328000E-01
N15        7.0           4.2634153100E+00  -4.1163652600E+00  -1.2397444300E+00
C16        6.0           3.5408547300E+00   2.3680050900E+00  -1.8371791000E-01
N17        7.0           4.0184980500E+00   4.2743974800E+00  -1.1652905700E+00
H18        1.0           1.2770184200E+00  -1.7978081900E+00   4.2060558600E+00
H19        1.0           1.2057446800E+00   1.7156268000E+00   4.2417277100E+00
 
Some Atomic Properties:
----------------------
  q(A) = Net Charge of Atom A
  L(A) = Lagrangian of Atom A = -(1/4) Times Atomic Integral of the Laplacian of the Electron Density
  K(A) = Electronic Kinetic Energy of Atom A (Hamiltonian Form)
  K_Scaled(A) = K(A) * E(Mol)/K(Mol) = Approximation to Virial-Based Total Energy of Atom A.
  |Mu_Intra(A)| = Magnitude of Intraatomic Dipole Moment of Atom A
--------------------------------------------------------------------------------------------------
Atom A          q(A)              L(A)              K(A)          K_Scaled(A)      |Mu_Intra(A)|
--------------------------------------------------------------------------------------------------
H1        4.6058165160E-02  1.9243105400E-05  5.9252136822E-01 -5.9831860913E-01  1.4929820679E-01
C2       -6.0736282700E-02 -2.1346131199E-04  3.7729784550E+01 -3.8098933517E+01  1.5444673170E-01
H3        4.9735740000E-02  1.6792865865E-05  5.8803870444E-01 -5.9379208689E-01  1.4483638911E-01
C4       -8.2662349600E-02 -2.5009899125E-04  3.7732551926E+01 -3.8101727969E+01  1.7413183554E-01
C5       -5.3869565900E-02  1.4458613068E-05  3.7728113654E+01 -3.8097246272E+01  1.6615909820E-01
H6        5.2239656380E-02  1.9752877564E-05  5.8609371958E-01 -5.9182807225E-01  1.4954529819E-01
C7       -1.3589761700E-02 -1.1324159803E-04  3.7706665807E+01 -3.8075588579E+01  1.5031576432E-01
C8        7.8332759000E-03 -2.5586365054E-04  3.7682524809E+01 -3.8051211385E+01  2.1443759887E-01
H9        4.9515164100E-02  2.1674469111E-05  5.9056733958E-01 -5.9634546224E-01  1.4986275031E-01
C10       1.6932696520E-01 -1.8389373396E-04  3.7588359718E+01 -3.7956124981E+01  2.4058050301E-01
H11       5.6980406230E-02  2.4764471518E-05  5.8840891665E-01 -5.9416592126E-01  1.4653755034E-01
C12      -7.1843577200E-02 -4.3428067462E-05  3.7731551619E+01 -3.8100717875E+01  1.7715070541E-01
H13       6.0515679900E-02  2.0566519304E-05  5.8648744370E-01 -5.9222564858E-01  1.4723092460E-01
C14       9.9666553640E-01  5.5646129170E-05  3.7133714411E+01 -3.7497031415E+01  9.6711694976E-01
N15      -1.1989219042E+00  2.1858269379E-07  5.4944379832E+01 -5.5481956743E+01  6.8021100954E-01
C16       9.9095386150E-01 -1.8983505692E-05  3.7137750179E+01 -3.7501106669E+01  9.7380781706E-01
N17      -1.2018883004E+00  5.4299904150E-06  5.4944950008E+01 -5.5482532498E+01  6.8144262358E-01
H18       1.0298157495E-01  2.0812253938E-05  5.7185840677E-01 -5.7745348086E-01  1.3713092764E-01
H19       9.9965872950E-02  2.2904770177E-05  5.7289972276E-01 -5.7850498510E-01  1.3759633396E-01
--------------------------------------------------------------------------------------------------
Total    -7.3984303000E-04 -8.3670621070E-04  4.5273722213E+02 -4.5716681217E+02
 
1st Largest |L(A)| = 2.5586365054E-04, atom C8      
2nd Largest |L(A)| = 2.5009899125E-04, atom C4      
 
Molecular charge q(Mol) from the wfn file:   0.0000000000E+00
Molecular energy E(Mol) from the wfn file:  -4.5716702233E+02
Molecular virial ratio (-V(Mol)/T(Mol)) from the wfn file:   2.0097840200E+00
Note.  K_Scaled(A) = (1+V(Mol)/T(Mol))*K(A) = (E(Mol)/T(Mol))*K(A)
       Only use K_Scaled(A) data with caution.
 
N_AIMInt(SumA)     =         76.000740
N_Analytic(Mol)    =         75.999989
 
G_AIMInt(SumA)     =        452.738059
G_Analytic(Mol)    =        452.737403
 
K_AIMInt(SumA)     =        452.737222
K_Analytic(Mol)    =        452.737403
 
L_AIMInt(SumA)     =         -0.000837
L_Analytic(Mol)    =          0.000000
 
VenT_AIMInt(SumA)  =      -2068.541423
VenT_Analytic(Mol) =      -2068.529122
 
Some Information About the Atomic Calculations:
----------------------------------------------
  Time(sec) = "Elapsed User Time", in Seconds, for Atom A by AIMInt and, if used, by TWOe
  NProc = Number of Processors Used for AIMInt Job
  BIM = Basin Integration Method
  OAQ = Angular Quadrature Outside of Beta Sphere
  ORQ = Multiple of Default for Radial Quadrature Outside of Beta Sphere
  IAQ = Multiple of Default for Angular Quadrature Inside of Beta Sphere
  IRQ = Multiple of Default for Radial Quadrature Inside of Beta Sphere
  MIR = Maximum Integration Radius
------------------------------------------------------------------------------------------------------
Atom A     Time(sec)   NProc      BIM          OAQ                     ORQ      IAQ      IRQ      MIR
------------------------------------------------------------------------------------------------------
H1              6        8     Proaim(5)    1800(GS4)                  1.00     1.00     1.00    13.00
C2             30        8     Proaim(5)    4500(GS4)                  1.00     1.00     1.00    13.00
H3             13        8     Proaim(5)    4500(GS4)                  1.00     1.00     1.00    13.00
C4             39        8     Proaim(5)    4500(GS4)                  1.00     1.00     1.00    13.00
C5             35        8     Proaim(5)    4500(GS4)                  1.00     1.00     1.00    13.00
H6              5        8     Proaim(5)    1800(GS4)                  1.00     1.00     1.00    13.00
C7             26        8     Proaim(5)    4500(GS4)                  1.00     1.00     1.00    13.00
C8             32        8     Proaim(5)    4500(GS4)                  1.00     1.00     1.00    13.00
H9              7        8     Proaim(5)    1800(GS4)                  1.00     1.00     1.00    13.00
C10            40        8     Proaim(5)    4500(GS4)                  1.00     1.00     1.00    13.00
H11             6        8     Proaim(5)    1800(GS4)                  1.00     1.00     1.00    13.00
C12            44        8     Proaim(5)    4500(GS4)                  1.00     1.00     1.00    13.00
H13             7        8     Proaim(5)    1800(GS4)                  1.00     1.00     1.00    13.00
C14            20        8     Proaim(5)    4500(GS4)                  1.00     1.00     1.00    13.00
N15            10        8     Proaim(5)    2700(GS4)                  1.00     1.00     1.00    13.00
C16            23        8     Proaim(5)    4500(GS4)                  1.00     1.00     1.00    13.00
N17            11        8     Proaim(5)    2700(GS4)                  1.00     1.00     1.00    13.00
H18             7        8     Proaim(5)    1800(GS4)                  1.00     1.00     1.00    13.00
H19             6        8     Proaim(5)    1800(GS4)                  1.00     1.00     1.00    13.00
------------------------------------------------------------------------------------------------------
Total         367
Note:  Total wall clock time is less than total of atomic times if more than one atom
       was calculated at a time
 
Electron Density Critical Point Analysis of Molecular Structure:               
---------------------------------------------------------------                
  NACP = Nuclear Attractor Critical Point                                      
  NNACP = Non-Nuclear Attractor Critical Point                                 
  BCP = Bond Critical Point                                                    
  RCP = Ring Critical Point                                                    
  CCP = Cage Critical Point                                                    
  Rho = Electron Density                                                       
  GradRho = Gradient of Electron Density                                       
  HessRho_EigVals = Eigenvalues of the Hessian of Rho, Ascending Order         
  HessRho_EigVecs = Eigenvectors of the Hessian of Rho                         
  DelSqRho = Laplacian of Rho = Trace of Hessian of Rho                        
  Bond Ellipticity = (HessRho_EigVal(1) / HessRho_EigVal(2)) - 1               
  V = Virial Field = Potential Energy Density = Trace of Stress Tensor         
  G = Lagrangian Form of Kinetic Energy Density                                
  K = Hamiltonian Form of Kinetic Energy Density                               
  L = K - G = Lagrangian Density = (-1/4)DelSqRho                              
  Vnuc = Electrostatic Potential from Nuclei                                   
  Ven = Electron-nuclear attractive contribution to Virial Field V             
  Vrep = V - Ven = Repulsive contribution to Virial Field V                    
  DelSqV = Laplacian of V                                                      
  DelSqVen = Laplacian of Ven                                                  
  DelSqVrep = Laplacian of Vrep                                                
  DelSqG = Laplacian of G                                                      
  DelSqK = Laplacian of K                                                      
  Stress_EigVals = Eigenvalues of Stress Tensor, Ascending Order               
  Stress_EigVecs = Eigenvectors of Stress Tensor                               
  -DivStress = Ehrenfest Force Density = Minus Divergence of Stress Tensor     
  ESP = Total Electrostatic Potential                                          
  ESPe = Electrostatic Potential from Electrons                                
  ESPn = Electrostatic Potential from Nuclei                                   
  BP = Bond Path                                                               
  BPL = Bond Path Length                                                       
  GBL = Geometric Bond Length                                                  
  GBL_I = Distance Between Nuclear Attractors                                  
  GBL_II = Distance Between Nuclei                                             
  GBL_III = Sum of Distances Between BCP and Nuclear Attractors                
  GBL_IV = Sum of Distances Between BCP and Nuclei                             

CP# 1      Coords = -4.62599527933903E+00 -3.16205616203862E+00  2.45018954742241E+00
           Type = (3,-3) NACP H1
           Rho =  4.2631893325E-01     Rho at Nucleus =  4.2261495158E-01
           GradRho =  9.3982710069E-16 -6.3285981951E-16 -1.5214947900E-15
           HessRho_EigVals = -6.5078514451E+00 -6.5022705221E+00 -5.9039124272E+00
           HessRho_EigVec1 = -2.5857977830E-01  6.8520660219E-01  6.8090264397E-01
           HessRho_EigVec2 =  9.3876780467E-01  1.2092098674E-02  3.4433819142E-01
           HessRho_EigVec3 =  2.2770926019E-01  7.2824837347E-01 -6.4637666988E-01
           DelSqRho = -1.8914034394E+01
           Bond Ellipticity = NA
           V = -4.7374187089E+00
           G =  4.4550551432E-03
           K =  4.7329636537E+00
           L =  4.7285085986E+00
           Vnuc =  4.1570749488E+01
           Ven = -1.7722397576E+01
           Vrep =  1.2984978868E+01
           DelSqV =  7.1241307922E+02
           DelSqVen =  7.8627058562E+02
           DelSqVrep = -7.3857506397E+01
           DelSqG =  7.0270720889E+01
           DelSqK = -7.8268380011E+02
           Stress_EigVals = -1.6301690749E+00 -1.6295942262E+00 -1.4776554078E+00
           Stress_EigVec1 = -2.7130873578E-01  6.8412452376E-01  6.7702673941E-01
           Stress_EigVec2 =  9.3525578273E-01  2.1232461236E-02  3.5333525647E-01
           Stress_EigVec3 =  2.2735037006E-01  7.2905611483E-01 -6.4559196917E-01
           -DivStress = -1.8042638892E+00 -5.7835639233E+00  5.1166630692E+00
           ESP =  -1.0917822854E+00     ESP at Nucleus =  -1.0943104052E+00
           ESPe = -1.4057469076E+01     ESPe at Nucleus = -1.3966094239E+01
           ESPn =  1.2965686791E+01     ESPn at Nucleus =  1.2871783833E+01

CP# 2      Coords = -4.17089021116607E+00 -1.68949417366894E+00  1.14981651187696E+00
           Type = (3,-3) NACP C2
           Rho =  1.1768700719E+02     Rho at Nucleus =  1.1768700708E+02
           GradRho =  1.4133481798E-10 -3.9841884936E-10 -1.2579715394E-10
           HessRho_EigVals = -1.4501395159E+05 -1.4501301503E+05 -1.4501275010E+05
           HessRho_EigVec1 =  9.3111936506E-01  4.5061815359E-02  3.6192010280E-01
           HessRho_EigVec2 = -3.6330768481E-01  2.7521030831E-02  9.3126264771E-01
           HessRho_EigVec3 = -3.2003971175E-02  9.9860503987E-01 -4.1996668565E-02
           DelSqRho = -4.3503971672E+05
           Bond Ellipticity = NA
           V = -1.0877016417E+05
           G =  5.1174930135E+00
           K =  1.0876504667E+05
           L =  1.0875992918E+05
           Vnuc =  4.8621977258E+06
           Ven = -5.7221749871E+08
           Vrep =  5.7210872854E+08
           DelSqV =  2.4954101951E+09
           DelSqVen =  2.1152492749E+12
           DelSqVrep = -2.1127537991E+12
           DelSqG =  1.3403698199E+08
           DelSqK = -2.6294471770E+09
           Stress_EigVals = -3.6256987421E+04 -3.6256830901E+04 -3.6256345844E+04
           Stress_EigVec1 =  4.9424647888E-02  9.7366949423E-01 -2.2254195150E-01
           Stress_EigVec2 = -3.5272961990E-01  2.2547273313E-01  9.0815409588E-01
           Stress_EigVec3 =  9.3441908126E-01  3.3611941547E-02  3.5458598105E-01
           -DivStress = -2.5848295202E+02  9.0787835714E+02  3.2869070515E+02
           ESP =  -1.4732151046E+01     ESP at Nucleus =  -1.4732151060E+01
           ESPe = -2.8372808215E+01     ESPe at Nucleus = -2.8372808974E+01
           ESPn =  1.3640657169E+01     ESPn at Nucleus =  1.3640657914E+01

CP# 3      Coords = -2.08786080493902E+00  3.54848553299384E+00 -4.47954205318758E-01
           Type = (3,-3) NACP H3
           Rho =  4.1596302444E-01     Rho at Nucleus =  4.1260385743E-01
           GradRho =  3.7950210059E-16  7.6165626134E-16  7.0466364948E-17
           HessRho_EigVals = -6.3453104393E+00 -6.3439806721E+00 -5.7894958797E+00
           HessRho_EigVec1 = -2.9284550174E-01  1.0369299229E-01  9.5052052869E-01
           HessRho_EigVec2 = -5.9723250194E-01  7.5648966694E-01 -2.6652715143E-01
           HessRho_EigVec3 =  7.4669595602E-01  6.4573303088E-01  1.5960577086E-01
           DelSqRho = -1.8478786991E+01
           Bond Ellipticity = NA
           V = -4.6295130399E+00
           G =  4.9081460594E-03
           K =  4.6246048938E+00
           L =  4.6196967478E+00
           Vnuc =  4.4366694103E+01
           Ven = -1.8454904264E+01
           Vrep =  1.3825391224E+01
           DelSqV =  6.9712488668E+02
           DelSqVen =  8.1984268983E+02
           DelSqVrep = -1.2271780315E+02
           DelSqG =  6.8752996976E+01
           DelSqK = -7.6587788365E+02
           Stress_EigVals = -1.5900338927E+00 -1.5899647426E+00 -1.4495144045E+00
           Stress_EigVec1 = -3.5011661292E-01  1.7779179761E-01  9.1967844057E-01
           Stress_EigVec2 = -5.6553883491E-01  7.4255872067E-01 -3.5884867642E-01
           Stress_EigVec3 =  7.4671559751E-01  6.4575275691E-01  1.5943397810E-01
           -DivStress =  5.5703852214E+00  4.8148364593E+00  1.1840932100E+00
           ESP =  -1.0887607182E+00     ESP at Nucleus =  -1.0909993608E+00
           ESPe = -1.5740369206E+01     ESPe at Nucleus = -1.5673908405E+01
           ESPn =  1.4651608488E+01     ESPn at Nucleus =  1.4582909044E+01

CP# 4      Coords = -4.39321964033346E+00  8.21272142998107E-01  1.57147927228029E+00
           Type = (3,-3) NACP C4
           Rho =  1.1768147736E+02     Rho at Nucleus =  1.1768147721E+02
           GradRho =  6.4735605765E-11  6.2038041176E-10 -1.3038352863E-10
           HessRho_EigVals = -1.4500960270E+05 -1.4500892604E+05 -1.4500856878E+05
           HessRho_EigVec1 =  9.2556699914E-01 -6.6545463526E-03  3.7852535862E-01
           HessRho_EigVec2 = -3.5940711355E-01 -3.2962874513E-01  8.7302429354E-01
           HessRho_EigVec3 = -1.1896325833E-01  9.4408718210E-01  3.0748517975E-01
           DelSqRho = -4.3502709751E+05
           Bond Ellipticity = NA
           V = -1.0876699824E+05
           G =  5.1119331800E+00
           K =  1.0876188631E+05
           L =  1.0875677438E+05
           Vnuc =  4.2167255108E+06
           Ven = -4.9623048773E+08
           Vrep =  4.9612172073E+08
           DelSqV =  2.4953407211E+09
           DelSqVen =  1.8343897661E+12
           DelSqVrep = -1.8318944582E+12
           DelSqG =  1.3403570506E+08
           DelSqK = -2.6293764261E+09
           Stress_EigVals = -3.6255934736E+04 -3.6255734492E+04 -3.6255329017E+04
           Stress_EigVec1 = -2.0697330870E-01  8.4187541765E-01  4.9840528754E-01
           Stress_EigVec2 = -2.9625258054E-01 -5.3944990427E-01  7.8818031523E-01
           Stress_EigVec3 =  9.3241431671E-01  1.5478435105E-02  3.6105949654E-01
           -DivStress = -1.2973498399E+02 -1.1141682391E+03  2.8039816951E+02
           ESP =  -1.4732197729E+01     ESP at Nucleus =  -1.4732197745E+01
           ESPe = -2.8316148390E+01     ESPe at Nucleus = -2.8316148866E+01
           ESPn =  1.3583950660E+01     ESPn at Nucleus =  1.3583951121E+01

CP# 5      Coords = -3.22128306866335E+00 -2.11026673073517E+00 -1.42187517695738E+00
           Type = (3,-3) NACP C5
           Rho =  1.1767992374E+02     Rho at Nucleus =  1.1767992360E+02
           GradRho = -1.4519785027E-10 -3.8181720664E-10  4.9576177733E-10
           HessRho_EigVals = -1.4500437292E+05 -1.4500353304E+05 -1.4500320059E+05
           HessRho_EigVec1 =  9.4053385244E-01  3.9266727084E-02  3.3742287497E-01
           HessRho_EigVec2 = -3.3899739552E-01  1.7234488232E-01  9.2486648083E-01
           HessRho_EigVec3 =  2.1836625986E-02  9.8425371002E-01 -1.7540751433E-01
           DelSqRho = -4.3501110656E+05
           Bond Ellipticity = NA
           V = -1.0876303267E+05
           G =  5.1280135702E+00
           K =  1.0875790465E+05
           L =  1.0875277664E+05
           Vnuc =  4.2311948786E+06
           Ven = -4.9792669066E+08
           Vrep =  4.9781792762E+08
           DelSqV =  2.4952461996E+09
           DelSqVen =  1.8406168330E+12
           DelSqVrep = -1.8381215868E+12
           DelSqG =  1.3402741338E+08
           DelSqK = -2.6292736130E+09
           Stress_EigVals = -3.6254618379E+04 -3.6254435788E+04 -3.6253978500E+04
           Stress_EigVec1 = -1.7307557781E-02  9.9842187354E-01 -5.3424815234E-02
           Stress_EigVec2 = -3.4053215812E-01  4.4352063093E-02  9.3918621358E-01
           Stress_EigVec3 =  9.4007355974E-01  3.4447887287E-02  3.3922712942E-01
           -DivStress =  2.7726955422E+02  6.5256080830E+02 -9.0631488632E+02
           ESP =  -1.4736705231E+01     ESP at Nucleus =  -1.4736705247E+01
           ESPe = -2.8635572835E+01     ESPe at Nucleus = -2.8635573393E+01
           ESPn =  1.3898867604E+01     ESPn at Nucleus =  1.3898868146E+01

CP# 6      Coords = -5.15789097046634E+00  3.34932514428936E+00 -1.52407910247087E+00
           Type = (3,-3) NACP H6
           Rho =  4.1468316157E-01     Rho at Nucleus =  4.1135560032E-01
           GradRho = -1.7315454084E-15 -1.0487555377E-15 -1.8576448973E-16
           HessRho_EigVals = -6.3264583373E+00 -6.3253575570E+00 -5.7739208357E+00
           HessRho_EigVec1 = -3.7094031850E-01  1.0449519982E-01  9.2275892481E-01
           HessRho_EigVec2 =  5.4304282394E-01  8.3046084457E-01  1.2425488726E-01
           HessRho_EigVec3 =  7.5333111676E-01 -5.4718875980E-01  3.6479677859E-01
           DelSqRho = -1.8425736730E+01
           Bond Ellipticity = NA
           V = -4.6162023598E+00
           G =  4.8840886731E-03
           K =  4.6113182712E+00
           L =  4.6064341825E+00
           Vnuc =  4.2844367500E+01
           Ven = -1.7766837771E+01
           Vrep =  1.3150635411E+01
           DelSqV =  6.9524243605E+02
           DelSqVen =  7.8943903592E+02
           DelSqVrep = -9.4196599868E+01
           DelSqG =  6.8568838550E+01
           DelSqK = -7.6381127460E+02
           Stress_EigVals = -1.5853576394E+00 -1.5852881470E+00 -1.4455565734E+00
           Stress_EigVec1 = -2.5738852753E-01  2.6524852763E-01  9.2919016594E-01
           Stress_EigVec2 =  6.0498024227E-01  7.9404500858E-01 -5.9088330535E-02
           Stress_EigVec3 =  7.5349190596E-01 -5.4693303332E-01  3.6484819406E-01
           -DivStress = -5.5876581918E+00  4.0485167972E+00 -2.7059465822E+00
           ESP =  -1.0875010613E+00     ESP at Nucleus =  -1.0897253167E+00
           ESPe = -1.4118543214E+01     ESPe at Nucleus = -1.4028435364E+01
           ESPn =  1.3031042153E+01     ESPn at Nucleus =  1.2938710047E+01

CP# 7      Coords = -3.61528939605650E+00  2.22837606686797E+00 -7.78312149499781E-01
           Type = (3,-3) NACP C7
           Rho =  1.1754324947E+02     Rho at Nucleus =  1.1754324947E+02
           GradRho = -4.6524800309E-12  2.1921588852E-11 -3.6689724194E-12
           HessRho_EigVals = -1.4484127771E+05 -1.4484111315E+05 -1.4484091619E+05
           HessRho_EigVec1 = -2.9312632615E-01  1.0734456418E-01  9.5002847403E-01
           HessRho_EigVec2 =  9.5509234821E-01 -1.2133708730E-02  2.9605975665E-01
           HessRho_EigVec3 =  4.3307774338E-02  9.9414783491E-01 -9.8967262406E-02
           DelSqRho = -4.3452330705E+05
           Bond Ellipticity = NA
           V = -1.0864128495E+05
           G =  5.2290959958E+00
           K =  1.0863605586E+05
           L =  1.0863082676E+05
           Vnuc =  3.1702318070E+07
           Ven = -3.7263934818E+09
           Vrep =  3.7262848405E+09
           DelSqV =  2.4924702493E+09
           DelSqVen =  1.3775361016E+13
           DelSqVrep = -1.3772860157E+13
           DelSqG =  1.3388278034E+08
           DelSqK = -2.6263530296E+09
           Stress_EigVals = -3.6213831693E+04 -3.6213776109E+04 -3.6213677153E+04
           Stress_EigVec1 =  7.2705365716E-02  9.9154664601E-01 -1.0746710462E-01
           Stress_EigVec2 =  9.4789605559E-01 -3.5187206940E-02  3.1663058643E-01
           Stress_EigVec3 = -3.1017252875E-01  1.2488838716E-01  9.4244145344E-01
           -DivStress =  7.0990335803E+01  7.8118797697E+01 -1.1404358572E+02
           ESP =  -1.4723052449E+01     ESP at Nucleus =  -1.4723052449E+01
           ESPe = -2.8464121324E+01     ESPe at Nucleus = -2.8464121192E+01
           ESPn =  1.3741068875E+01     ESPn at Nucleus =  1.3741068743E+01

CP# 8      Coords =  1.73249179787628E+00 -2.19896597065062E-02  3.29450613132322E+00
           Type = (3,-3) NACP C8
           Rho =  1.1772363114E+02     Rho at Nucleus =  1.1772363111E+02
           GradRho =  2.6681887602E-11  5.9113391265E-12 -7.0293777743E-11
           HessRho_EigVals = -1.4505865138E+05 -1.4505692920E+05 -1.4505670374E+05
           HessRho_EigVec1 =  8.8814473340E-01  9.8645156621E-03  4.5945796746E-01
           HessRho_EigVec2 = -4.5955553976E-01  1.3051130803E-02  8.8805313685E-01
           HessRho_EigVec3 = -2.7637680455E-03  9.9986617070E-01 -1.6124585907E-02
           DelSqRho = -4.3517228432E+05
           Bond Ellipticity = NA
           V = -1.0880327903E+05
           G =  5.1039768226E+00
           K =  1.0879817506E+05
           L =  1.0879307108E+05
           Vnuc =  9.0103351444E+06
           Ven = -1.0607293710E+09
           Vrep =  1.0606205677E+09
           DelSqV =  2.4961661013E+09
           DelSqVen =  3.9210477158E+12
           DelSqVrep = -3.9185515497E+12
           DelSqG =  1.3407699654E+08
           DelSqK = -2.6302430979E+09
           Stress_EigVals = -3.6268035175E+04 -3.6268011016E+04 -3.6267232841E+04
           Stress_EigVec1 =  1.5174383522E-02  9.9838830522E-01 -5.4685739258E-02
           Stress_EigVec2 = -4.6160846056E-01  5.5509850532E-02  8.8534529176E-01
           Stress_EigVec3 =  8.8695398259E-01  1.1808830907E-02  4.6170681637E-01
           -DivStress = -1.0887893695E+02 -4.8484728007E+01  5.2614480372E+02
           ESP =  -1.4670951684E+01     ESP at Nucleus =  -1.4670951681E+01
           ESPe = -2.7866486392E+01     ESPe at Nucleus = -2.7866485330E+01
           ESPn =  1.3195534708E+01     ESPn at Nucleus =  1.3195533649E+01

CP# 9      Coords = -5.07303720611208E+00  1.71082754068261E+00  3.24555006224205E+00
           Type = (3,-3) NACP H9
           Rho =  4.2471410743E-01     Rho at Nucleus =  4.2099359402E-01
           GradRho =  6.1851565536E-15 -5.3329533172E-15 -1.0910380672E-14
           HessRho_EigVals = -6.4726068400E+00 -6.4663967262E+00 -5.8692007153E+00
           HessRho_EigVec1 =  1.0655447344E-01  8.9736608863E-01 -4.2822919933E-01
           HessRho_EigVec2 = -9.3465066433E-01 -5.6538636367E-02 -3.5104347063E-01
           HessRho_EigVec3 = -3.3922600116E-01  4.3764995780E-01  8.3269936626E-01
           DelSqRho = -1.8808204281E+01
           Bond Ellipticity = NA
           V = -4.7114318926E+00
           G =  4.6904111125E-03
           K =  4.7067414815E+00
           L =  4.7020510704E+00
           Vnuc =  4.1371096828E+01
           Ven = -1.7570888463E+01
           Vrep =  1.2859456570E+01
           DelSqV =  7.0819580555E+02
           DelSqVen =  7.7811604049E+02
           DelSqVrep = -6.9920234940E+01
           DelSqG =  6.9754298102E+01
           DelSqK = -7.7795010365E+02
           Stress_EigVals = -1.6214577479E+00 -1.6210586647E+00 -1.4689154800E+00
           Stress_EigVec1 =  1.3305639808E-01  8.9787957637E-01 -4.1965254827E-01
           Stress_EigVec2 = -9.3139774144E-01 -3.1468039940E-02 -3.6264033105E-01
           Stress_EigVec3 = -3.3881298997E-01  4.3911505189E-01  8.3209598547E-01
           -DivStress = -2.6883702724E+00  3.4740477548E+00  6.5975888703E+00
           ESP =  -1.0896178674E+00     ESP at Nucleus =  -1.0921556396E+00
           ESPe = -1.3999444748E+01     ESPe at Nucleus = -1.3907254307E+01
           ESPn =  1.2909826881E+01     ESPn at Nucleus =  1.2815098667E+01

CP# 10     Coords =  2.93456249468292E+00  2.31303116175481E-02  1.04942896886379E+00
           Type = (3,-3) NACP C10
           Rho =  1.1750253282E+02     Rho at Nucleus =  1.1750253136E+02
           GradRho =  2.6621670146E-11 -7.5226771427E-14 -1.9814592675E-12
           HessRho_EigVals = -1.4476354273E+05 -1.4476269349E+05 -1.4476266304E+05
           HessRho_EigVec1 = -2.4429032424E-02  9.9969690468E-01 -3.0530558932E-03
           HessRho_EigVec2 =  6.5264078315E-01  1.8261446988E-02  7.5744737621E-01
           HessRho_EigVec3 =  7.5727355067E-01  1.6511157724E-02 -6.5288908026E-01
           DelSqRho = -4.3428889926E+05
           Bond Ellipticity = NA
           V = -1.0858262843E+05
           G =  5.2018072594E+00
           K =  1.0857742662E+05
           L =  1.0857222481E+05
           Vnuc =  1.3359474747E+06
           Ven = -1.5697721198E+08
           Vrep =  1.5686862936E+08
           DelSqV =  2.4910992843E+09
           DelSqVen =  5.8018716262E+11
           DelSqVrep = -5.7769606334E+11
           DelSqG =  1.3378312717E+08
           DelSqK = -2.6248824115E+09
           Stress_EigVals = -3.6194425558E+04 -3.6194122610E+04 -3.6194080261E+04
           Stress_EigVec1 = -4.7879649432E-01 -8.2759193365E-03  8.7788690968E-01
           Stress_EigVec2 = -4.8857831406E-03  9.9996520114E-01  6.7620731540E-03
           Stress_EigVec3 =  8.7791232259E-01  1.0515081422E-03  4.7882026710E-01
           -DivStress = -1.6106049297E+03 -1.2234496815E+02  3.2549377342E+03
           ESP =  -1.4630266970E+01     ESP at Nucleus =  -1.4630267075E+01
           ESPe = -2.9726762045E+01     ESPe at Nucleus = -2.9726762261E+01
           ESPn =  1.5096495075E+01     ESPn at Nucleus =  1.5096495186E+01

CP# 11     Coords = -2.86714698231828E+00 -3.92428964685664E+00 -2.22359338693013E+00
           Type = (3,-3) NACP H11
           Rho =  4.2536802271E-01     Rho at Nucleus =  4.2160000983E-01
           GradRho = -5.8672628876E-11  2.9680762345E-10  1.3278453491E-10
           HessRho_EigVals = -6.4905629103E+00 -6.4849167720E+00 -5.8811457552E+00
           HessRho_EigVec1 =  2.9932983836E-01  4.3836420415E-01 -8.4748951167E-01
           HessRho_EigVec2 =  9.3749568769E-01  3.0106306358E-02  3.4669214856E-01
           HessRho_EigVec3 = -1.7749220666E-01  8.9829306734E-01  4.0195283521E-01
           DelSqRho = -1.8856625438E+01
           Bond Ellipticity = NA
           V = -4.7229886339E+00
           G =  4.4161372514E-03
           K =  4.7185724966E+00
           L =  4.7141563594E+00
           Vnuc =  4.1721620445E+01
           Ven = -1.7747043193E+01
           Vrep =  1.3024054559E+01
           DelSqV =  7.0991072212E+02
           DelSqVen =  7.8672896991E+02
           DelSqVrep = -7.6818247786E+01
           DelSqG =  7.0003916543E+01
           DelSqK = -7.7991463866E+02
           Stress_EigVals = -1.6258001514E+00 -1.6252834962E+00 -1.4719049864E+00
           Stress_EigVec1 = -2.7680567985E-01 -4.3654846802E-01  8.5603974830E-01
           Stress_EigVec2 =  9.4444964945E-01  4.0664172663E-02  3.2613077854E-01
           Stress_EigVec3 = -1.7718203988E-01  8.9876129208E-01  4.0104197363E-01
           -DivStress =  1.4176187133E+00 -7.1762800160E+00 -3.2079728588E+00
           ESP =  -1.0972170011E+00     ESP at Nucleus =  -1.0997874879E+00
           ESPe = -1.4504673330E+01     ESPe at Nucleus = -1.4414696696E+01
           ESPn =  1.3407456329E+01     ESPn at Nucleus =  1.3314909208E+01

CP# 12     Coords = -2.87379576288404E+00  1.43779444735482E-01 -2.56778918753683E+00
           Type = (3,-3) NACP C12
           Rho =  1.1768166477E+02     Rho at Nucleus =  1.1768166460E+02
           GradRho = -3.3520754748E-11  8.0236793293E-10  1.1087660358E-10
           HessRho_EigVals = -1.4500893633E+05 -1.4500823398E+05 -1.4500783715E+05
           HessRho_EigVec1 =  9.3985641736E-01  1.8697067267E-02  3.4105767024E-01
           HessRho_EigVec2 = -2.6860892010E-01  6.5725452661E-01  7.0417734647E-01
           HessRho_EigVec3 =  2.1099564639E-01  7.5343673054E-01 -6.2274708372E-01
           DelSqRho = -4.3502500746E+05
           Bond Ellipticity = NA
           V = -1.0876647995E+05
           G =  5.1140433282E+00
           K =  1.0876136591E+05
           L =  1.0875625187E+05
           Vnuc =  3.9041946199E+06
           Ven = -4.5945212245E+08
           Vrep =  4.5934335597E+08
           DelSqV =  2.4953278232E+09
           DelSqVen =  1.6984224891E+12
           DelSqVrep = -1.6959271613E+12
           DelSqG =  1.3403416590E+08
           DelSqK = -2.6293619891E+09
           Stress_EigVals = -3.6255774898E+04 -3.6255557066E+04 -3.6255147989E+04
           Stress_EigVec1 = -2.5136085070E-01 -6.2515077490E-01  7.3892099130E-01
           Stress_EigVec2 = -2.3348705204E-01  7.8005033050E-01  5.8052155724E-01
           Stress_EigVec3 =  9.3930906483E-01  2.6608091467E-02  3.4203872617E-01
           -DivStress =  8.7171741379E+01 -1.2390841201E+03 -1.3660515840E+02
           ESP =  -1.4736352841E+01     ESP at Nucleus =  -1.4736352857E+01
           ESPe = -2.8722114962E+01     ESPe at Nucleus = -2.8722115179E+01
           ESPn =  1.3985762121E+01     ESPn at Nucleus =  1.3985762322E+01

CP# 13     Coords = -2.20498066523410E+00  4.58049708271997E-01 -4.43976200776180E+00
           Type = (3,-3) NACP H13
           Rho =  4.2390120957E-01     Rho at Nucleus =  4.2011624764E-01
           GradRho = -8.4637221957E-10 -3.8416197976E-10  2.3657711146E-09
           HessRho_EigVals = -6.4582914822E+00 -6.4521486832E+00 -5.8489978891E+00
           HessRho_EigVec1 = -8.5820419980E-02  9.8782699316E-01  1.2974084589E-01
           HessRho_EigVec2 =  9.3905611979E-01  3.6691394032E-02  3.4180015431E-01
           HessRho_EigVec3 = -3.3287904619E-01 -1.5116736811E-01  9.3077385407E-01
           DelSqRho = -1.8759438055E+01
           Bond Ellipticity = NA
           V = -4.6990785874E+00
           G =  4.6095368831E-03
           K =  4.6944690505E+00
           L =  4.6898595136E+00
           Vnuc =  4.1724423969E+01
           Ven = -1.7687033789E+01
           Vrep =  1.2987955201E+01
           DelSqV =  7.0602610471E+02
           DelSqVen =  7.8272675082E+02
           DelSqVrep = -7.6700646116E+01
           DelSqG =  6.9527010814E+01
           DelSqK = -7.7555311552E+02
           Stress_EigVals = -1.6178330283E+00 -1.6174278819E+00 -1.4638176772E+00
           Stress_EigVec1 = -8.7031807305E-02  9.8756396188E-01  1.3093084327E-01
           Stress_EigVec2 =  9.3895920789E-01  3.7407650424E-02  3.4198870391E-01
           Stress_EigVec3 = -3.3283790414E-01 -1.5270261586E-01  9.3053793081E-01
           -DivStress =  2.6593475235E+00  1.2103021053E+00 -7.4318138371E+00
           ESP =  -1.0956411989E+00     ESP at Nucleus =  -1.0982225284E+00
           ESPe = -1.4642908036E+01     ESPe at Nucleus = -1.4552363449E+01
           ESPn =  1.3547266838E+01     ESPn at Nucleus =  1.3454140920E+01

CP# 14     Coords =  3.66035204606472E+00 -2.26413735746437E+00 -2.25301129607420E-01
           Type = (3,-3) NACP C14
           Rho =  1.1801248017E+02     Rho at Nucleus =  1.1801247845E+02
           GradRho =  1.7126052096E-11 -1.9511053472E-12  5.2203250403E-15
           HessRho_EigVals = -1.4544318761E+05 -1.4544313054E+05 -1.4544255128E+05
           HessRho_EigVec1 =  8.7346454286E-01  2.6943800507E-02  4.8614167069E-01
           HessRho_EigVec2 = -3.8498693619E-01 -5.7303287203E-01  7.2347659709E-01
           HessRho_EigVec3 = -2.9806836687E-01  8.1908934750E-01  4.9015088441E-01
           DelSqRho = -4.3632886943E+05
           Bond Ellipticity = NA
           V = -1.0909243992E+05
           G =  5.1112803900E+00
           K =  1.0908732864E+05
           L =  1.0908221736E+05
           Vnuc =  1.2344365452E+06
           Ven = -1.4567891831E+08
           Vrep =  1.4556982587E+08
           DelSqV =  2.5028024687E+09
           DelSqVen =  5.3862029978E+11
           DelSqVrep = -5.3611749731E+11
           DelSqG =  1.3446231672E+08
           DelSqK = -2.6372647854E+09
           Stress_EigVals = -3.6364710017E+04 -3.6363874681E+04 -3.6363855221E+04
           Stress_EigVec1 = -2.7514695563E-01  8.3974870281E-01  4.6809856754E-01
           Stress_EigVec2 = -3.9031128041E-01 -5.4253079655E-01  7.4385310323E-01
           Stress_EigVec3 =  8.7860756723E-01  2.1964765533E-02  4.7703908842E-01
           -DivStress =  1.0588465267E+03 -3.4026107505E+03 -1.7584497762E+03
           ESP =  -1.4687335248E+01     ESP at Nucleus =  -1.4687335371E+01
           ESPe = -2.8603079279E+01     ESPe at Nucleus = -2.8603078158E+01
           ESPn =  1.3915744031E+01     ESPn at Nucleus =  1.3915742787E+01

CP# 15     Coords =  4.26341219869498E+00 -4.11635573679267E+00 -1.23973913688807E+00
           Type = (3,-3) NACP N15
           Rho =  1.9193947408E+02     Rho at Nucleus =  1.9193945334E+02
           GradRho = -9.4787381069E-11 -1.2820293682E-10 -1.9692038798E-11
           HessRho_EigVals = -3.2307943862E+05 -3.2307887033E+05 -3.2307168439E+05
           HessRho_EigVec1 =  3.9830511608E-01  5.3117772416E-01 -7.4779894347E-01
           HessRho_EigVec2 =  8.7641099275E-01  2.0177311465E-02  4.8114098546E-01
           HessRho_EigVec3 = -2.7065994585E-01  8.4702013049E-01  4.5749327017E-01
           DelSqRho = -9.6922999333E+05
           Bond Ellipticity = NA
           V = -2.4233869440E+05
           G =  1.5598035559E+01
           K =  2.4232309637E+05
           L =  2.4230749833E+05
           Vnuc =  6.1779187142E+05
           Ven = -1.1857864689E+08
           Vrep =  1.1833630820E+08
           DelSqV =  7.6090409448E+09
           DelSqVen =  5.9878241043E+11
           DelSqVrep = -5.9117336930E+11
           DelSqG =  4.0795050162E+08
           DelSqK = -8.0169914464E+09
           Stress_EigVals = -8.0780891844E+04 -8.0778970867E+04 -8.0778831694E+04
           Stress_EigVec1 = -2.7073900084E-01  8.4725916129E-01  4.5700361819E-01
           Stress_EigVec2 =  8.7633187483E-01  2.0434304627E-02  4.8127422988E-01
           Stress_EigVec3 =  3.9842544921E-01  5.3078654166E-01 -7.4801257250E-01
           -DivStress =  7.6830636043E+03 -2.3519547151E+04 -1.3075532440E+04
           ESP =  -1.8349597149E+01     ESP at Nucleus =  -1.8349598041E+01
           ESPe = -2.9163934882E+01     ESPe at Nucleus = -2.9163911653E+01
           ESPn =  1.0814337732E+01     ESPn at Nucleus =  1.0814313612E+01

CP# 16     Coords =  3.54085372311985E+00  2.36800090262318E+00 -1.83715879307666E-01
           Type = (3,-3) NACP C16
           Rho =  1.1801674894E+02     Rho at Nucleus =  1.1801674729E+02
           GradRho = -3.1431049820E-11  2.2934907120E-11 -6.5983947906E-13
           HessRho_EigVals = -1.4544888375E+05 -1.4544882535E+05 -1.4544822162E+05
           HessRho_EigVec1 =  8.9463956749E-01 -2.4187436564E-03  4.4678204302E-01
           HessRho_EigVec2 = -3.7721604322E-01  5.3180054964E-01  7.5821911882E-01
           HessRho_EigVec3 =  2.3943287373E-01  8.4686617897E-01 -4.7485742481E-01
           DelSqRho = -4.3634593071E+05
           Bond Ellipticity = NA
           V = -1.0909670405E+05
           G =  5.1106873932E+00
           K =  1.0909159337E+05
           L =  1.0908648268E+05
           Vnuc =  1.2601276889E+06
           Ven = -1.4871617309E+08
           Vrep =  1.4860707638E+08
           DelSqV =  2.5029003330E+09
