AIMSum (Version 19.02.13, Professional)
Copyright (c) 1997-2019 by Todd A. Keith
AIMSum is a component of the AIMAll package ( http://aim.tkgristmill.com )

TP:  64-bit Linux

Much of the Quantum Theory of Atoms in Molecules (QTAIM) is described in the book:
  "Atoms in Molecules - A Quantum Theory"
  R.F.W. Bader, Oxford University Press, Oxford, 1990

For additional references see:  http://aim.tkgristmill.com/references.html

Wfn File:  /home/mhennefarth/Documents/ML_Diels/summary-jones2006/5-opt/5-opt.wfn
Sum File:  /home/mhennefarth/Documents/ML_Diels/summary-jones2006/5-opt/5-opt.sum

SumViz File:  /home/mhennefarth/Documents/ML_Diels/summary-jones2006/5-opt/5-opt.sumviz

Wfn Title:   Title Card Required                                                           
 
Total memory allocated for AIMSum =        1.056 Megabytes

Atomic units (a.u.) used throughout, except where stated otherwise

Model:  Restricted SCF
 
Restricted, closed-shell, single-determinant wavefunction.
  Number of electrons (from MO Occs)                   =          88.0000000000
  Number of Alpha electrons (from MO Occs)             =          44.0000000000
  Number of Beta electrons (from MO Occs)              =          44.0000000000
  Number of electron pairs (N*(N-1)/2)                 =        3828.0000000000
  Number of electron pairs (from Muller 2EDM)          =        3828.0000000000
 
Nuclear Charges and Cartesian Coordinates:
-------------------------------------------------------------------------------
Atom      Charge                X                  Y                  Z
-------------------------------------------------------------------------------
H1         1.0           3.0684200200E+00  -4.6500772700E+00   8.6102597000E-01
C2         6.0           3.4363941300E+00  -2.6415361400E+00   6.7854062000E-01
H3         1.0           3.5523391900E+00   2.5431562600E+00  -2.1420432100E+00
C4         6.0           4.3301932800E+00  -1.4491659200E+00  -1.4004156700E+00
C5         6.0           3.0302615300E+00  -7.8596593000E-01   2.6954972800E+00
H6         1.0           6.5966610400E+00   1.9342247800E+00  -9.9625172000E-01
C7         6.0           4.6130124200E+00   1.3264308300E+00  -8.3150432000E-01
C8         6.0          -2.0298817100E+00  -8.4692822000E-01  -2.1465411100E+00
H9         1.0           4.8541727200E+00  -2.3155438900E+00  -3.1817420600E+00
C10        6.0          -2.4668312700E+00   1.1147415100E+00  -5.4430695000E-01
H11        1.0           2.3156102500E+00  -1.2415654300E+00   4.5620004000E+00
C12        6.0           3.6815254500E+00   1.5357895300E+00   1.8489298200E+00
H13        1.0           3.6082305300E+00   3.2932501300E+00   2.8981217000E+00
H14        1.0          -1.2436520300E+00  -4.7739588000E-01  -4.0041469600E+00
C15        6.0          -2.5861449800E+00  -3.4043425700E+00  -1.5462283600E+00
N16        7.0          -3.0450513900E+00  -5.5151223600E+00  -1.1323794300E+00
C17        6.0          -3.5099080800E+00   7.8692744000E-01   1.9338648900E+00
N18        7.0          -4.3752955900E+00   5.5381126000E-01   3.9392756800E+00
C19        6.0          -1.9128160000E+00   3.6512164500E+00  -1.3228065400E+00
N20        7.0          -1.4748830500E+00   5.7028753000E+00  -1.9764879700E+00
 
Some Atomic Properties:
----------------------
  q(A) = Net Charge of Atom A
  L(A) = Lagrangian of Atom A = -(1/4) Times Atomic Integral of the Laplacian of the Electron Density
  K(A) = Electronic Kinetic Energy of Atom A (Hamiltonian Form)
  K_Scaled(A) = K(A) * E(Mol)/K(Mol) = Approximation to Virial-Based Total Energy of Atom A.
  |Mu_Intra(A)| = Magnitude of Intraatomic Dipole Moment of Atom A
--------------------------------------------------------------------------------------------------
Atom A          q(A)              L(A)              K(A)          K_Scaled(A)      |Mu_Intra(A)|
--------------------------------------------------------------------------------------------------
H1        6.3151576820E-02  2.0436753711E-05  5.8633736611E-01 -5.9201230853E-01  1.4416332286E-01
C2       -5.5500786800E-02 -1.4049619844E-04  3.7731732796E+01 -3.8096924277E+01  1.6512477703E-01
H3        4.7828156930E-02  2.5505170974E-05  5.8905422696E-01 -5.9475546487E-01  1.4478795755E-01
C4       -8.5743534100E-02 -1.8969328751E-04  3.7734840619E+01 -3.8100062179E+01  1.7901198405E-01
C5       -5.5024313700E-02  5.3360098399E-05  3.7730677990E+01 -3.8095859262E+01  1.6821984111E-01
H6        5.6910170740E-02  2.7819167731E-05  5.8418427557E-01 -5.8983837903E-01  1.4835333604E-01
C7       -1.4960542900E-02  7.6120976408E-05  3.7708213001E+01 -3.8073176842E+01  1.4940608501E-01
C8        1.1579892110E-01 -2.3534650564E-04  3.7630961762E+01 -3.7995177918E+01  2.5317729637E-01
H9        5.5177182330E-02  2.0455393444E-05  5.8832169676E-01 -5.9401584479E-01  1.4859659404E-01
C10       1.9811286650E-01 -1.4572586053E-04  3.7575816555E+01 -3.7939498980E+01  1.7119265441E-01
H11       6.2839299940E-02  2.0954032901E-05  5.8616641333E-01 -5.9183970117E-01  1.4494386899E-01
C12      -7.6058292500E-02 -7.1886556551E-05  3.7733830052E+01 -3.8099041831E+01  1.7817058934E-01
H13       6.3765826350E-02  2.1115235842E-05  5.8522567854E-01 -5.9088986135E-01  1.4643406930E-01
H14       1.3257272062E-01  2.4673607646E-05  5.6125755734E-01 -5.6668976157E-01  1.3447347518E-01
C15       9.8569708540E-01  6.1426710186E-05  3.7141604675E+01 -3.7501084524E+01  9.6295590063E-01
N16      -1.1610893263E+00  4.9446604065E-06  5.4928824280E+01 -5.5460460047E+01  6.7129199098E-01
C17       1.0018444336E+00  1.2948969369E-05  3.7135906757E+01 -3.7495331458E+01  9.3692562514E-01
N18      -1.1581980131E+00  4.7279791166E-06  5.4928524288E+01 -5.5460157151E+01  6.7314731832E-01
C19       9.9683625000E-01  5.8696393297E-05  3.7139508064E+01 -3.7498967620E+01  9.4838764802E-01
N20      -1.1741518579E+00  1.4066996306E-05  5.4933819704E+01 -5.5465503819E+01  6.7581171883E-01
--------------------------------------------------------------------------------------------------
Total    -1.9217697000E-04 -3.3589626293E-04  5.4413480776E+02 -5.4940128723E+02
 
1st Largest |L(A)| = 2.3534650564E-04, atom C8      
2nd Largest |L(A)| = 1.8969328751E-04, atom C4      
 
Molecular charge q(Mol) from the wfn file:   0.0000000000E+00
Molecular energy E(Mol) from the wfn file:  -5.4940137272E+02
Molecular virial ratio (-V(Mol)/T(Mol)) from the wfn file:   2.0096786300E+00
Note.  K_Scaled(A) = (1+V(Mol)/T(Mol))*K(A) = (E(Mol)/T(Mol))*K(A)
       Only use K_Scaled(A) data with caution.
 
N_AIMInt(SumA)     =         88.000192
N_Analytic(Mol)    =         87.999988
 
G_AIMInt(SumA)     =        544.135144
G_Analytic(Mol)    =        544.134863
 
K_AIMInt(SumA)     =        544.134808
K_Analytic(Mol)    =        544.134863
 
L_AIMInt(SumA)     =         -0.000336
L_Analytic(Mol)    =          0.000000
 
VenT_AIMInt(SumA)  =      -2577.604772
VenT_Analytic(Mol) =      -2577.600823
 
Some Information About the Atomic Calculations:
----------------------------------------------
  Time(sec) = "Elapsed User Time", in Seconds, for Atom A by AIMInt and, if used, by TWOe
  NProc = Number of Processors Used for AIMInt Job
  BIM = Basin Integration Method
  OAQ = Angular Quadrature Outside of Beta Sphere
  ORQ = Multiple of Default for Radial Quadrature Outside of Beta Sphere
  IAQ = Multiple of Default for Angular Quadrature Inside of Beta Sphere
  IRQ = Multiple of Default for Radial Quadrature Inside of Beta Sphere
  MIR = Maximum Integration Radius
------------------------------------------------------------------------------------------------------
Atom A     Time(sec)   NProc      BIM          OAQ                     ORQ      IAQ      IRQ      MIR
------------------------------------------------------------------------------------------------------
H1              8        8     Proaim(5)    1800(GS4)                  1.00     1.00     1.00    13.00
C2             58        8     Proaim(5)    4500(GS4)                  1.00     1.00     1.00    13.00
H3             14        8     Proaim(5)    4500(GS4)                  1.00     1.00     1.00    13.00
C4             34        8     Proaim(5)    4500(GS4)                  1.00     1.00     1.00    13.00
C5             43        8     Proaim(5)    4500(GS4)                  1.00     1.00     1.00    13.00
H6              6        8     Proaim(5)    1800(GS4)                  1.00     1.00     1.00    13.00
C7             26        8     Proaim(5)    4500(GS4)                  1.00     1.00     1.00    13.00
C8             52        8     Proaim(5)    4500(GS4)                  1.00     1.00     1.00    13.00
H9              6        8     Proaim(5)    1800(GS4)                  1.00     1.00     1.00    13.00
C10            51        8     Proaim(5)    4500(GS4)                  1.00     1.00     1.00    13.00
H11             7        8     Proaim(5)    1800(GS4)                  1.00     1.00     1.00    13.00
C12            55        8     Proaim(5)    4500(GS4)                  1.00     1.00     1.00    13.00
H13             6        8     Proaim(5)    1800(GS4)                  1.00     1.00     1.00    13.00
H14             7        8     Proaim(5)    1800(GS4)                  1.00     1.00     1.00    13.00
C15            26        8     Proaim(5)    4500(GS4)                  1.00     1.00     1.00    13.00
N16            13        8     Proaim(5)    2700(GS4)                  1.00     1.00     1.00    13.00
C17            24        8     Proaim(5)    4500(GS4)                  1.00     1.00     1.00    13.00
N18            12        8     Proaim(5)    2700(GS4)                  1.00     1.00     1.00    13.00
C19            25        8     Proaim(5)    4500(GS4)                  1.00     1.00     1.00    13.00
N20            12        8     Proaim(5)    2700(GS4)                  1.00     1.00     1.00    13.00
------------------------------------------------------------------------------------------------------
Total         485
Note:  Total wall clock time is less than total of atomic times if more than one atom
       was calculated at a time
 
Electron Density Critical Point Analysis of Molecular Structure:               
---------------------------------------------------------------                
  NACP = Nuclear Attractor Critical Point                                      
  NNACP = Non-Nuclear Attractor Critical Point                                 
  BCP = Bond Critical Point                                                    
  RCP = Ring Critical Point                                                    
  CCP = Cage Critical Point                                                    
  Rho = Electron Density                                                       
  GradRho = Gradient of Electron Density                                       
  HessRho_EigVals = Eigenvalues of the Hessian of Rho, Ascending Order         
  HessRho_EigVecs = Eigenvectors of the Hessian of Rho                         
  DelSqRho = Laplacian of Rho = Trace of Hessian of Rho                        
  Bond Ellipticity = (HessRho_EigVal(1) / HessRho_EigVal(2)) - 1               
  V = Virial Field = Potential Energy Density = Trace of Stress Tensor         
  G = Lagrangian Form of Kinetic Energy Density                                
  K = Hamiltonian Form of Kinetic Energy Density                               
  L = K - G = Lagrangian Density = (-1/4)DelSqRho                              
  Vnuc = Electrostatic Potential from Nuclei                                   
  Ven = Electron-nuclear attractive contribution to Virial Field V             
  Vrep = V - Ven = Repulsive contribution to Virial Field V                    
  DelSqV = Laplacian of V                                                      
  DelSqVen = Laplacian of Ven                                                  
  DelSqVrep = Laplacian of Vrep                                                
  DelSqG = Laplacian of G                                                      
  DelSqK = Laplacian of K                                                      
  Stress_EigVals = Eigenvalues of Stress Tensor, Ascending Order               
  Stress_EigVecs = Eigenvectors of Stress Tensor                               
  -DivStress = Ehrenfest Force Density = Minus Divergence of Stress Tensor     
  ESP = Total Electrostatic Potential                                          
  ESPe = Electrostatic Potential from Electrons                                
  ESPn = Electrostatic Potential from Nuclei                                   
  BP = Bond Path                                                               
  BPL = Bond Path Length                                                       
  GBL = Geometric Bond Length                                                  
  GBL_I = Distance Between Nuclear Attractors                                  
  GBL_II = Distance Between Nuclei                                             
  GBL_III = Sum of Distances Between BCP and Nuclear Attractors                
  GBL_IV = Sum of Distances Between BCP and Nuclei                             

CP# 1      Coords =  3.07476740589553E+00 -4.61526017065590E+00  8.57911796812199E-01
           Type = (3,-3) NACP H1
           Rho =  4.2488905777E-01     Rho at Nucleus =  4.2108289599E-01
           GradRho = -2.1033522146E-16 -1.3725999504E-15 -1.2143064332E-17
           HessRho_EigVals = -6.4814054953E+00 -6.4759280722E+00 -5.8688319245E+00
           HessRho_EigVec1 =  2.9717053843E-01 -1.3730439497E-01 -9.4490061605E-01
           HessRho_EigVec2 =  9.3804579026E-01 -1.4272222198E-01  3.1575380081E-01
           HessRho_EigVec3 =  1.7821270005E-01  9.8019277210E-01 -8.6384970137E-02
           DelSqRho = -1.8826165492E+01
           Bond Ellipticity = NA
           V = -4.7153031113E+00
           G =  4.3808691702E-03
           K =  4.7109222422E+00
           L =  4.7065413730E+00
           Vnuc =  4.3084857416E+01
           Ven = -1.8306284472E+01
           Vrep =  1.3590981361E+01
           DelSqV =  7.0855478794E+02
           DelSqVen =  8.1112265592E+02
           DelSqVrep = -1.0256786798E+02
           DelSqG =  6.9858224755E+01
           DelSqK = -7.7841301269E+02
           Stress_EigVals = -1.6235289034E+00 -1.6229451638E+00 -1.4688290441E+00
           Stress_EigVec1 = -3.1727388776E-01  1.4145804752E-01  9.3772432033E-01
           Stress_EigVec2 =  9.3135332239E-01 -1.3980389376E-01  3.3620806082E-01
           Stress_EigVec3 =  1.7865684710E-01  9.8002269978E-01 -8.7391297635E-02
           -DivStress = -1.4332853357E+00 -7.8612655145E+00  7.0379595325E-01
           ESP =  -1.0877593521E+00     ESP at Nucleus =  -1.0903506637E+00
           ESPe = -1.6025568901E+01     ESPe at Nucleus = -1.5933814304E+01
           ESPn =  1.4937809549E+01     ESPn at Nucleus =  1.4843463640E+01

CP# 2      Coords =  3.43639362624269E+00 -2.64153613476232E+00  6.78541641446744E-01
           Type = (3,-3) NACP C2
           Rho =  1.1769512868E+02     Rho at Nucleus =  1.1769512858E+02
           GradRho = -1.4552520300E-10 -1.1685097334E-12  2.9382640765E-10
           HessRho_EigVals = -1.4502545427E+05 -1.4502445097E+05 -1.4502416560E+05
           HessRho_EigVec1 =  9.2335971096E-01 -1.5605028132E-01  3.5079218047E-01
           HessRho_EigVec2 = -1.6616323807E-01  6.6124749181E-01  7.3153368541E-01
           HessRho_EigVec3 =  3.4611648689E-01  7.3375749691E-01 -5.8463947287E-01
           DelSqRho = -4.3507407085E+05
           Bond Ellipticity = NA
           V = -1.0877875892E+05
           G =  5.1206025259E+00
           K =  1.0877363831E+05
           L =  1.0876851771E+05
           Vnuc =  5.2681367272E+06
           Ven = -6.2003403000E+08
           Vrep =  6.1992525124E+08
           DelSqV =  2.4956080686E+09
           DelSqVen =  2.2920298496E+12
           DelSqVrep = -2.2895342415E+12
           DelSqG =  1.3404895069E+08
           DelSqK = -2.6296570193E+09
           Stress_EigVals = -3.6259864689E+04 -3.6259696229E+04 -3.6259197999E+04
           Stress_EigVec1 =  3.0831034210E-01  8.1221077938E-01 -4.9523568411E-01
           Stress_EigVec2 = -1.9977152179E-01  5.6426738441E-01  8.0105783685E-01
           Stress_EigVec3 =  9.3007315413E-01 -1.4804042946E-01  3.3622605374E-01
           -DivStress =  4.0550603722E+02 -1.0318786227E+01 -8.3015786558E+02
           ESP =  -1.4725959705E+01     ESP at Nucleus =  -1.4725959716E+01
           ESPe = -3.0193837535E+01     ESPe at Nucleus = -3.0193837687E+01
           ESPn =  1.5467877830E+01     ESPn at Nucleus =  1.5467877971E+01

CP# 3      Coords =  3.56941727963875E+00  2.52338550621343E+00 -2.12089358505654E+00
           Type = (3,-3) NACP H3
           Rho =  4.1632594438E-01     Rho at Nucleus =  4.1297143398E-01
           GradRho =  1.1449269354E-10 -1.3249067989E-10  1.4178777770E-10
           HessRho_EigVals = -6.3509903106E+00 -6.3494877432E+00 -5.7954775340E+00
           HessRho_EigVec1 = -9.3753100771E-02  6.8922103025E-01  7.1845996935E-01
           HessRho_EigVec2 = -8.5586262532E-01 -4.2446771833E-01  2.9551027508E-01
           HessRho_EigVec3 =  5.0863496015E-01 -5.8719803095E-01  6.2967368514E-01
           DelSqRho = -1.8495955588E+01
           Bond Ellipticity = NA
           V = -4.6338379272E+00
           G =  4.9245151038E-03
           K =  4.6289134121E+00
           L =  4.6239888970E+00
           Vnuc =  4.5642434202E+01
           Ven = -1.9002129523E+01
           Vrep =  1.4368291596E+01
           DelSqV =  6.9780160564E+02
           DelSqVen =  8.4420043633E+02
           DelSqVrep = -1.4639883069E+02
           DelSqG =  6.8820891489E+01
           DelSqK = -7.6662249713E+02
           Stress_EigVals = -1.5914410460E+00 -1.5913699817E+00 -1.4510268995E+00
           Stress_EigVec1 = -1.3726762211E-01  6.6655087168E-01  7.3271245068E-01
           Stress_EigVec2 = -8.5003692792E-01 -4.5902452009E-01  2.5832868816E-01
           Stress_EigVec3 =  5.0852219331E-01 -5.8737247588E-01  6.2960205963E-01
           -DivStress = -3.7877126647E+00  4.3852983437E+00 -4.6910458211E+00
           ESP =  -1.0801608535E+00     ESP at Nucleus =  -1.0823973915E+00
           ESPe = -1.6972420957E+01     ESPe at Nucleus = -1.6903913257E+01
           ESPn =  1.5892260104E+01     ESPn at Nucleus =  1.5821515865E+01

CP# 4      Coords =  4.33019366967109E+00 -1.44916470044978E+00 -1.40041635409517E+00
           Type = (3,-3) NACP C4
           Rho =  1.1768728949E+02     Rho at Nucleus =  1.1768728934E+02
           GradRho =  1.3431467050E-10  5.8715965423E-10 -3.3746427874E-10
           HessRho_EigVals = -1.4501761877E+05 -1.4501688138E+05 -1.4501651624E+05
           HessRho_EigVec1 =  9.4391192025E-01 -8.8231555784E-02  3.1819094797E-01
           HessRho_EigVec2 = -1.8043216265E-02  9.4841664823E-01  3.1651272281E-01
           HessRho_EigVec3 = -3.2970400233E-01 -3.0450132006E-01  8.9362979859E-01
           DelSqRho = -4.3505101638E+05
           Bond Ellipticity = NA
           V = -1.0877296945E+05
           G =  5.1076789920E+00
           K =  1.0876786177E+05
           L =  1.0876275410E+05
           Vnuc =  4.1333950839E+06
           Ven = -4.8644806381E+08
           Vrep =  4.8633929084E+08
           DelSqV =  2.4954780869E+09
           DelSqVen =  1.7982377820E+12
           DelSqVrep = -1.7957422875E+12
           DelSqG =  1.3404385591E+08
           DelSqK = -2.6295219428E+09
           Stress_EigVals = -3.6257932145E+04 -3.6257727809E+04 -3.6257309500E+04
           Stress_EigVec1 = -3.3577377138E-01 -9.2732934016E-02  9.3736683182E-01
           Stress_EigVec2 =  8.1657188989E-02  9.8853007412E-01  1.2704485843E-01
           Stress_EigVec3 =  9.3839654621E-01 -1.1920107179E-01  3.2435016039E-01
           -DivStress = -3.1890934142E+02 -9.9373031339E+02  5.5028014055E+02
           ESP =  -1.4724156943E+01     ESP at Nucleus =  -1.4724156959E+01
           ESPe = -2.9869071295E+01     ESPe at Nucleus = -2.9869071822E+01
           ESPn =  1.5144914352E+01     ESPn at Nucleus =  1.5144914863E+01

CP# 5      Coords =  3.03026134918646E+00 -7.85967168450567E-01  2.69549706487737E+00
           Type = (3,-3) NACP C5
           Rho =  1.1768793785E+02     Rho at Nucleus =  1.1768793773E+02
           GradRho = -8.3424073205E-11 -4.4703157842E-10 -4.2579717530E-11
           HessRho_EigVals = -1.4501563841E+05 -1.4501471070E+05 -1.4501439664E+05
           HessRho_EigVec1 =  9.3047330696E-01 -1.7067509440E-01  3.2417501013E-01
           HessRho_EigVec2 = -1.2927040259E-01  6.7498725781E-01  7.2641679827E-01
           HessRho_EigVec3 =  3.4279525676E-01  7.1781767458E-01 -6.0599438777E-01
           DelSqRho = -4.3504474576E+05
           Bond Ellipticity = NA
           V = -1.0877143750E+05
           G =  5.1255319281E+00
           K =  1.0876631197E+05
           L =  1.0876118644E+05
           Vnuc =  4.7246724040E+06
           Ven = -5.5603695225E+08
           Vrep =  5.5592818081E+08
           DelSqV =  2.4954397241E+09
           DelSqVen =  2.0554443653E+12
           DelSqVrep = -2.0529489256E+12
           DelSqG =  1.3403906064E+08
           DelSqK = -2.6294787847E+09
           Stress_EigVals = -3.6257423709E+04 -3.6257246257E+04 -3.6256767537E+04
           Stress_EigVec1 = -3.4617145362E-01 -6.3398198845E-01  6.9154331970E-01
           Stress_EigVec2 = -9.4809573301E-02  7.5698524801E-01  6.4651719165E-01
           Stress_EigVec3 =  9.3336834611E-01 -1.5824086896E-01  3.2215424548E-01
           -DivStress =  1.4231437373E+02  1.0049740203E+03  1.7996771593E+02
           ESP =  -1.4727978933E+01     ESP at Nucleus =  -1.4727978946E+01
           ESPe = -3.0283009941E+01     ESPe at Nucleus = -3.0283010193E+01
           ESPn =  1.5555031007E+01     ESPn at Nucleus =  1.5555031247E+01

CP# 6      Coords =  6.56457522054389E+00  1.92441615769760E+00 -9.93631583599001E-01
           Type = (3,-3) NACP H6
           Rho =  4.1393486455E-01     Rho at Nucleus =  4.1059219555E-01
           GradRho = -4.3241217855E-10 -1.3227160426E-10  3.5395536328E-11
           HessRho_EigVals = -6.3141886103E+00 -6.3131461272E+00 -5.7607449480E+00
           HessRho_EigVec1 = -1.6060433383E-01  7.0889244750E-01  6.8678799191E-01
           HessRho_EigVec2 = -2.5652053331E-01  6.4193167985E-01 -7.2257936201E-01
           HessRho_EigVec3 =  9.5310202179E-01  2.9222459903E-01 -7.8748458884E-02
           DelSqRho = -1.8388079685E+01
           Bond Ellipticity = NA
           V = -4.6067689110E+00
           G =  4.8744947960E-03
           K =  4.6018944162E+00
           L =  4.5970199214E+00
           Vnuc =  4.3830956991E+01
           Ven = -1.8143161245E+01
           Vrep =  1.3536392334E+01
           DelSqV =  6.9372673802E+02
           DelSqVen =  8.0596713064E+02
           DelSqVrep = -1.1224039262E+02
           DelSqG =  6.8413263667E+01
           DelSqK = -7.6214000169E+02
           Stress_EigVals = -1.5822916642E+00 -1.5822239403E+00 -1.4422533064E+00
           Stress_EigVec1 = -1.1815736731E-01  5.9876381027E-01  7.9216206426E-01
           Stress_EigVec2 = -2.7829609529E-01  7.4581224534E-01 -6.0523993428E-01
           Stress_EigVec3 =  9.5319993700E-01  2.9196916655E-01 -7.8510418987E-02
           -DivStress =  7.0756648556E+00  2.1629833548E+00 -5.7771118071E-01
           ESP =  -1.0789557869E+00     ESP at Nucleus =  -1.0811895208E+00
           ESPe = -1.5195530455E+01     ESPe at Nucleus = -1.5101933257E+01
           ESPn =  1.4116574668E+01     ESPn at Nucleus =  1.4020743736E+01

CP# 7      Coords =  4.61301237135844E+00  1.32643065601782E+00 -8.31504314981906E-01
           Type = (3,-3) NACP C7
           Rho =  1.1754433315E+02     Rho at Nucleus =  1.1754433315E+02
           GradRho =  4.9624665488E-11  1.2558565299E-12 -4.3993558796E-12
           HessRho_EigVals = -1.4484309346E+05 -1.4484292923E+05 -1.4484273124E+05
           HessRho_EigVec1 = -8.7834036010E-02  6.7841378281E-01  7.2941066719E-01
           HessRho_EigVec2 =  9.4369723768E-01 -1.7777456744E-01  2.7898338082E-01
           HessRho_EigVec3 =  3.1893683656E-01  7.1284706808E-01 -6.2460255508E-01
           DelSqRho = -4.3452875393E+05
           Bond Ellipticity = NA
           V = -1.0864264860E+05
           G =  5.2300574035E+00
           K =  1.0863741854E+05
           L =  1.0863218848E+05
           Vnuc =  3.3199903991E+07
           Ven = -3.9024605754E+09
           Vrep =  3.9023519327E+09
           DelSqV =  2.4925019006E+09
           DelSqVen =  1.4426342162E+13
           DelSqVrep = -1.4423866438E+13
           DelSqG =  1.3388494442E+08
           DelSqK = -2.6263868451E+09
           Stress_EigVals = -3.6214286828E+04 -3.6214230573E+04 -3.6214131195E+04
           Stress_EigVec1 =  2.8945627883E-01  7.2452536675E-01 -6.2552222629E-01
           Stress_EigVec2 = -9.5087962733E-01  1.4273045416E-01 -2.7469246763E-01
           Stress_EigVec3 = -1.0974058941E-01  6.7430780093E-01  7.3025063687E-01
           -DivStress =  3.8763917178E+01  1.4323958799E+02 -6.1617086183E+00
           ESP =  -1.4714691945E+01     ESP at Nucleus =  -1.4714691945E+01
           ESPe = -2.9770522943E+01     ESPe at Nucleus = -2.9770522713E+01
           ESPn =  1.5055830998E+01     ESPn at Nucleus =  1.5055830768E+01

CP# 8      Coords = -2.02988249993586E+00 -8.46931262610079E-01 -2.14653943039672E+00
           Type = (3,-3) NACP C8
           Rho =  1.1762596185E+02     Rho at Nucleus =  1.1762596093E+02
           GradRho =  3.5716707369E-12 -7.9636297556E-12 -1.0324276156E-11
           HessRho_EigVals = -1.4492744908E+05 -1.4492697399E+05 -1.4492619711E+05
           HessRho_EigVec1 =  9.2794866087E-01 -1.1282161043E-01  3.5522185605E-01
           HessRho_EigVec2 =  1.4411411465E-01  9.8756565934E-01 -6.2810751159E-02
           HessRho_EigVec3 = -3.4371849638E-01  1.0947763571E-01  9.3266941760E-01
           DelSqRho = -4.3478062018E+05
           Bond Ellipticity = NA
           V = -1.0870546708E+05
           G =  5.1560195868E+00
           K =  1.0870031106E+05
           L =  1.0869515504E+05
           Vnuc =  1.6834885125E+06
           Ven = -1.9802195555E+08
           Vrep =  1.9791325009E+08
           DelSqV =  2.4939195562E+09
           DelSqVen =  7.3194816819E+11
           DelSqVrep = -7.2945424966E+11
           DelSqG =  1.3394602532E+08
           DelSqK = -2.6278655815E+09
           Stress_EigVals = -3.6235450226E+04 -3.6235217740E+04 -3.6234799118E+04
           Stress_EigVec1 = -3.3227971714E-01  2.2493882479E-01  9.1596545496E-01
           Stress_EigVec2 =  1.8343955191E-01  9.6801292726E-01 -1.7117506667E-01
           Stress_EigVec3 =  9.2517031966E-01 -1.1114628989E-01  3.6291373888E-01
           -DivStress =  6.3821075351E+02  2.4664642968E+03 -1.3648266879E+03
           ESP =  -1.4624390427E+01     ESP at Nucleus =  -1.4624390472E+01
           ESPe = -3.1003429531E+01     ESPe at Nucleus = -3.1003428329E+01
           ESPn =  1.6379039103E+01     ESPn at Nucleus =  1.6379037858E+01

CP# 9      Coords =  4.84513234620751E+00 -2.30044797833184E+00 -3.15111741342294E+00
           Type = (3,-3) NACP H9
           Rho =  4.2405553812E-01     Rho at Nucleus =  4.2030418584E-01
           GradRho = -1.7520204038E-12  2.9283589442E-12  5.9397426214E-12
           HessRho_EigVals = -6.4604798707E+00 -6.4542338298E+00 -5.8545681780E+00
           HessRho_EigVec1 =  2.8903192598E-01  8.8970299726E-01 -3.5339655123E-01
           HessRho_EigVec2 = -9.2252038405E-01  1.6022660526E-01 -3.5111760990E-01
           HessRho_EigVec3 = -2.5576686020E-01  4.2749972120E-01  8.6707975504E-01
           DelSqRho = -1.8769281879E+01
           Bond Ellipticity = NA
           V = -4.7016688805E+00
           G =  4.6742054397E-03
           K =  4.6969946751E+00
           L =  4.6923204696E+00
           Vnuc =  4.2666636561E+01
           Ven = -1.8093023527E+01
           Vrep =  1.3391354646E+01
           DelSqV =  7.0655053746E+02
           DelSqVen =  8.0082212843E+02
           DelSqVrep = -9.4271590977E+01
           DelSqG =  6.9575094230E+01
           DelSqK = -7.7612563169E+02
           Stress_EigVals = -1.6184168369E+00 -1.6180084453E+00 -1.4652435983E+00
           Stress_EigVec1 =  2.5416410783E-01  8.9570914452E-01 -3.6483658633E-01
           Stress_EigVec2 = -9.3268914309E-01  1.2718274827E-01 -3.3751371958E-01
           Stress_EigVec3 = -2.5591320531E-01  4.2606299649E-01  8.6774348420E-01
           -DivStress =  2.0348343858E+00 -3.3974616112E+00 -6.8949157616E+00
           ESP =  -1.0827464070E+00     ESP at Nucleus =  -1.0853047259E+00
           ESPe = -1.5436602086E+01     ESPe at Nucleus = -1.5341426329E+01
           ESPn =  1.4353855679E+01     ESPn at Nucleus =  1.4256121603E+01

CP# 10     Coords = -2.46683169553461E+00  1.11474443509106E+00 -5.44304773377767E-01
           Type = (3,-3) NACP C10
           Rho =  1.1751126557E+02     Rho at Nucleus =  1.1751126460E+02
           GradRho =  2.5467683518E-12  5.2289284014E-12 -5.2749471458E-12
           HessRho_EigVals = -1.4477392980E+05 -1.4477336798E+05 -1.4477327088E+05
           HessRho_EigVec1 = -3.4512762238E-01 -6.3696747681E-01  6.8931803818E-01
           HessRho_EigVec2 =  8.9645641976E-01 -6.2219295656E-03  4.4308822492E-01
           HessRho_EigVec3 =  2.7794390035E-01 -7.7086556615E-01 -5.7316094352E-01
           DelSqRho = -4.3432056866E+05
           Bond Ellipticity = NA
           V = -1.0859052480E+05
           G =  5.1913153694E+00
           K =  1.0858533348E+05
           L =  1.0858014216E+05
           Vnuc =  1.6345293503E+06
           Ven = -1.9207561258E+08
           Vrep =  1.9196702205E+08
           DelSqV =  2.4912798165E+09
           DelSqVen =  7.0990971968E+11
           DelSqVrep = -7.0741844242E+11
           DelSqG =  1.3379254145E+08
           DelSqK = -2.6250723579E+09
           Stress_EigVals = -3.6197041479E+04 -3.6196803898E+04 -3.6196679417E+04
           Stress_EigVec1 = -1.8336133128E-01  7.6401397161E-01  6.1859621190E-01
           Stress_EigVec2 = -3.3872401714E-01 -6.3983314290E-01  6.8984026372E-01
           Stress_EigVec3 =  9.2284595811E-01 -8.3043364761E-02  3.7611053849E-01
           -DivStress =  3.4143752502E+02 -2.3668697304E+03 -1.7632365898E+03
           ESP =  -1.4601438132E+01     ESP at Nucleus =  -1.4601438201E+01
           ESPe = -3.1910917321E+01     ESPe at Nucleus = -3.1910918474E+01
           ESPn =  1.7309479189E+01     ESPn at Nucleus =  1.7309480273E+01

CP# 11     Coords =  2.32797665937812E+00 -1.23377506357196E+00  4.52963872618613E+00
           Type = (3,-3) NACP H11
           Rho =  4.2476236171E-01     Rho at Nucleus =  4.2096123829E-01
           GradRho =  3.7004072880E-10  2.3279312505E-10 -9.6848037142E-10
           HessRho_EigVals = -6.4794824574E+00 -6.4738740708E+00 -5.8673779455E+00
           HessRho_EigVec1 =  5.5326165596E-02  9.6594133578E-01  2.5277727594E-01
           HessRho_EigVec2 =  9.3578549072E-01 -1.3845140300E-01  3.2424793657E-01
           HessRho_EigVec3 = -3.4820185348E-01 -2.1860591218E-01  9.1157387215E-01
           DelSqRho = -1.8820734474E+01
           Bond Ellipticity = NA
           V = -4.7139624097E+00
           G =  4.3893956514E-03
           K =  4.7095730141E+00
           L =  4.7051836184E+00
           Vnuc =  4.3173991199E+01
           Ven = -1.8338686466E+01
           Vrep =  1.3624724056E+01
           DelSqV =  7.0837250028E+02
           DelSqVen =  8.1256622619E+02
           DelSqVrep = -1.0419372592E+02
           DelSqG =  6.9838359478E+01
           DelSqK = -7.7821085975E+02
           Stress_EigVals = -1.6230301100E+00 -1.6224818731E+00 -1.4684504265E+00
           Stress_EigVec1 =  8.5248783287E-02  9.6071396647E-01  2.6412368236E-01
           Stress_EigVec2 =  9.3349419814E-01 -1.6968348140E-01  3.1590520441E-01
           Stress_EigVec3 = -3.4831196790E-01 -2.1962739076E-01  9.1128622411E-01
           -DivStress = -2.7914305396E+00 -1.7590893761E+00  7.3048197370E+00
           ESP =  -1.0894343855E+00     ESP at Nucleus =  -1.0920255195E+00
           ESPe = -1.6101626409E+01     ESPe at Nucleus = -1.6009367816E+01
           ESPn =  1.5012192024E+01     ESPn at Nucleus =  1.4917342297E+01

CP# 12     Coords =  3.68152595963725E+00  1.53579028129630E+00  1.84892862416600E+00
           Type = (3,-3) NACP C12
           Rho =  1.1768870527E+02     Rho at Nucleus =  1.1768870511E+02
           GradRho =  2.4081114880E-10  3.7227265715E-10 -6.0718441386E-10
           HessRho_EigVals = -1.4501884562E+05 -1.4501808117E+05 -1.4501768949E+05
           HessRho_EigVec1 =  9.4491776601E-01 -1.3000603956E-01  3.0038116646E-01
           HessRho_EigVec2 = -2.7822826164E-01  1.6433003743E-01  9.4635335537E-01
           HessRho_EigVec3 =  1.7239330008E-01  9.7780062818E-01 -1.1910701747E-01
           DelSqRho = -4.3505461628E+05
           Bond Ellipticity = NA
           V = -1.0877387425E+05
           G =  5.1100898108E+00
           K =  1.0876876416E+05
           L =  1.0876365407E+05
           Vnuc =  3.9962915418E+06
           Ven = -4.7031837745E+08
           Vrep =  4.7020960358E+08
           DelSqV =  2.4954981130E+09
           DelSqVen =  1.7386050028E+12
           DelSqVrep = -1.7361095046E+12
           DelSqG =  1.3404443698E+08
           DelSqK = -2.6295425499E+09
           Stress_EigVals = -3.6258243523E+04 -3.6258027119E+04 -3.6257603606E+04
           Stress_EigVec1 =  1.3075801442E-01  9.9001747197E-01  5.2609379955E-02
           Stress_EigVec2 = -3.1809078170E-01 -8.3655105674E-03  9.4802335036E-01
           Stress_EigVec3 =  9.3899978502E-01 -1.4069620972E-01  3.1382157400E-01
           -DivStress = -4.1775431020E+02 -6.0601135076E+02  9.7431100884E+02
           ESP =  -1.4726638420E+01     ESP at Nucleus =  -1.4726638435E+01
           ESPe = -3.0134751507E+01     ESPe at Nucleus = -3.0134751742E+01
           ESPn =  1.5408113088E+01     ESPn at Nucleus =  1.5408113307E+01

CP# 13     Coords =  3.60954921215345E+00  3.26278280394410E+00  2.87976357545220E+00
           Type = (3,-3) NACP H13
           Rho =  4.2354414807E-01     Rho at Nucleus =  4.1974124659E-01
           GradRho =  8.7962948557E-14 -1.9959728315E-12 -1.2045859102E-12
           HessRho_EigVals = -6.4517108806E+00 -6.4455946246E+00 -5.8409766122E+00
           HessRho_EigVec1 = -3.6345169114E-01 -4.9265240271E-01  7.9069366907E-01
           HessRho_EigVec2 =  9.3087420758E-01 -1.5825136131E-01  3.2928667800E-01
           HessRho_EigVec3 = -3.7095523589E-02  8.5571614262E-01  5.1611413988E-01
           DelSqRho = -1.8738282117E+01
           Bond Ellipticity = NA
           V = -4.6937677903E+00
           G =  4.5986304878E-03
           K =  4.6891691599E+00
           L =  4.6845705294E+00
           Vnuc =  4.2895742056E+01
           Ven = -1.8168240525E+01
           Vrep =  1.3474472734E+01
           DelSqV =  7.0512649063E+02
           DelSqVen =  8.0379251628E+02
           DelSqVrep = -9.8666025652E+01
           DelSqG =  6.9429842397E+01
           DelSqK = -7.7455633302E+02
           Stress_EigVals = -1.6161923405E+00 -1.6157651476E+00 -1.4618103022E+00
           Stress_EigVec1 = -3.6073447641E-01 -4.9181426609E-01  7.9245780026E-01
           Stress_EigVec2 =  9.3194533755E-01 -1.5662057033E-01  3.2702887453E-01
           Stress_EigVec3 = -3.6722273281E-02  8.5649794198E-01  5.1484245166E-01
           -DivStress = -2.9634795001E-01  6.8482224946E+00  4.1252332570E+00
           ESP =  -1.0866311173E+00     ESP at Nucleus =  -1.0892231590E+00
           ESPe = -1.5888690454E+01     ESPe at Nucleus = -1.5794887703E+01
           ESPn =  1.4802059336E+01     ESPn at Nucleus =  1.4705664544E+01

CP# 14     Coords = -1.25806704392326E+00 -4.84123674805870E-01 -3.97031069288292E+00
           Type = (3,-3) NACP H14
           Rho =  4.1760300562E-01     Rho at Nucleus =  4.1348101817E-01
           GradRho = -3.1274558984E-09 -1.4635309596E-09  7.3408928554E-09
           HessRho_EigVals = -6.3639689254E+00 -6.3570109922E+00 -5.7211667252E+00
           HessRho_EigVec1 =  1.8504490795E-02  9.7875220407E-01  2.0420995775E-01
           HessRho_EigVec2 =  9.2262274439E-01 -9.5416398784E-02  3.7371510859E-01
           HessRho_EigVec3 = -3.8525946499E-01 -1.8149334386E-01  9.0478467647E-01
           DelSqRho = -1.8442146643E+01
           Bond Ellipticity = NA
           V = -4.6190451251E+00
           G =  4.2542321743E-03
           K =  4.6147908929E+00
           L =  4.6105366607E+00
           Vnuc =  4.2919367774E+01
           Ven = -1.7923256982E+01
           Vrep =  1.3304211857E+01
           DelSqV =  6.9239720519E+02
           DelSqVen =  7.9152528586E+02
           DelSqVrep = -9.9128080678E+01
           DelSqG =  6.8230805895E+01
           DelSqK = -7.6062801108E+02
           Stress_EigVals = -1.5939304224E+00 -1.5932426829E+00 -1.4318720198E+00
           Stress_EigVec1 =  1.8242671612E-02  9.7893329674E-01  2.0336372701E-01
           Stress_EigVec2 =  9.2272084503E-01 -9.4812380550E-02  3.7362662465E-01
           Stress_EigVec3 = -3.8503694249E-01 -1.8083200222E-01  9.0501178992E-01
           -DivStress =  3.1888593144E+00  1.4871326829E+00 -7.4851602994E+00
           ESP =  -1.0111497972E+00     ESP at Nucleus =  -1.0139398457E+00
           ESPe = -1.7184793252E+01     ESPe at Nucleus = -1.7086719556E+01
           ESPn =  1.6173643455E+01     ESPn at Nucleus =  1.6072779710E+01

CP# 15     Coords = -2.58614391000886E+00 -3.40433804789334E+00 -1.54622939068049E+00
           Type = (3,-3) NACP C15
           Rho =  1.1799964983E+02     Rho at Nucleus =  1.1799964818E+02
           GradRho =  3.5349501104E-12  3.0514701876E-11  1.6838613837E-12
           HessRho_EigVals = -1.4542538783E+05 -1.4542537479E+05 -1.4542477786E+05
           HessRho_EigVec1 =  2.9309427471E-01 -1.9964188951E-01 -9.3500741285E-01
           HessRho_EigVec2 =  9.3460488225E-01 -1.4630124936E-01  3.2420619751E-01
           HessRho_EigVec3 =  2.0151789053E-01  9.6888547331E-01 -1.4370622607E-01
           DelSqRho = -4.3627554048E+05
           Bond Ellipticity = NA
           V = -1.0907914581E+05
           G =  5.1303459005E+00
           K =  1.0907401547E+05
           L =  1.0906888512E+05
           Vnuc =  1.2605464536E+06
           Ven = -1.4874404012E+08
           Vrep =  1.4863496098E+08
           DelSqV =  2.5024963871E+09
           DelSqVen =  5.4994558362E+11
           DelSqVrep = -5.4744308723E+11
           DelSqG =  1.3444393005E+08
           DelSqK = -2.6369403172E+09
           Stress_EigVals = -3.6360281659E+04 -3.6359432347E+04 -3.6359431805E+04
           Stress_EigVec1 =  2.0399631521E-01  9.6106073712E-01 -1.8640751849E-01
           Stress_EigVec2 = -7.0894769710E-02  2.0441425522E-01  9.7631385522E-01
           Stress_EigVec3 =  9.7640126741E-01 -1.8594911086E-01  1.0983393448E-01
           -DivStress = -8.7552138846E+02 -3.6961783475E+03  8.4337713425E+02
           ESP =  -1.4670803704E+01     ESP at Nucleus =  -1.4670803817E+01
           ESPe = -2.9994556058E+01     ESPe at Nucleus = -2.9994554731E+01
           ESPn =  1.5323752354E+01     ESPn at Nucleus =  1.5323750913E+01

CP# 16     Coords = -3.04504901642010E+00 -5.51511133641539E+00 -1.13238164445166E+00
           Type = (3,-3) NACP N16
           Rho =  1.9196948743E+02     Rho at Nucleus =  1.9196946609E+02
           GradRho =  5.2349902191E-11 -5.1137760693E-11 -3.2708502573E-11
           HessRho_EigVals = -3.2313153538E+05 -3.2313123560E+05 -3.2312360823E+05
           HessRho_EigVec1 =  8.9582873864E-01 -1.0820082474E-01  4.3102604625E-01
           HessRho_EigVec2 = -3.9097185988E-01  2.6919219760E-01  8.8015712548E-01
           HessRho_EigVec3 =  2.1126257549E-01  9.5698910249E-01 -1.9884662914E-01
           DelSqRho = -9.6938637922E+05
           Bond Ellipticity = NA
