AIMSum (Version 19.02.13, Professional)
Copyright (c) 1997-2019 by Todd A. Keith
AIMSum is a component of the AIMAll package ( http://aim.tkgristmill.com )

TP:  64-bit Linux

Much of the Quantum Theory of Atoms in Molecules (QTAIM) is described in the book:
  "Atoms in Molecules - A Quantum Theory"
  R.F.W. Bader, Oxford University Press, Oxford, 1990

For additional references see:  http://aim.tkgristmill.com/references.html

Wfn File:  /home/mhennefarth/Documents/ML_Diels/summary-jones2006/6-opt/6-opt.wfn
Sum File:  /home/mhennefarth/Documents/ML_Diels/summary-jones2006/6-opt/6-opt.sum

SumViz File:  /home/mhennefarth/Documents/ML_Diels/summary-jones2006/6-opt/6-opt.sumviz

Wfn Title:   Title Card Required                                                           
 
Total memory allocated for AIMSum =        1.118 Megabytes

Atomic units (a.u.) used throughout, except where stated otherwise

Model:  Restricted SCF
 
Restricted, closed-shell, single-determinant wavefunction.
  Number of electrons (from MO Occs)                   =         100.0000000000
  Number of Alpha electrons (from MO Occs)             =          50.0000000000
  Number of Beta electrons (from MO Occs)              =          50.0000000000
  Number of electron pairs (N*(N-1)/2)                 =        4950.0000000000
  Number of electron pairs (from Muller 2EDM)          =        4950.0000000000
 
Nuclear Charges and Cartesian Coordinates:
-------------------------------------------------------------------------------
Atom      Charge                X                  Y                  Z
-------------------------------------------------------------------------------
H1         1.0          -3.3614696700E+00  -2.5445517400E+00  -4.0223378100E+00
C2         6.0          -3.6635184400E+00  -1.3831854100E+00  -2.3606237100E+00
H3         1.0          -3.1731880700E+00   2.8497200000E-03   3.3750809200E+00
C4         6.0          -4.0933950300E+00  -2.2273167000E+00   1.9416930000E-02
C5         6.0          -3.6632758000E+00   1.3815021000E+00  -2.3624086600E+00
H6         1.0          -6.3778764700E+00   2.5820700000E-03   2.5691543100E+00
C7         6.0          -4.4654390700E+00   1.8655900000E-03   1.7473217600E+00
C8         6.0           2.1830638200E+00  -1.2997800000E+00   2.7493790000E-01
H9         1.0          -4.2285808100E+00  -4.1793540900E+00   6.2439606000E-01
C10        6.0           2.1835364800E+00   1.2993115700E+00   2.7429957000E-01
H11        1.0          -3.3611193600E+00   2.5407295600E+00  -4.0255887200E+00
C12        6.0          -4.0929521900E+00   2.2287562300E+00   1.6563970000E-02
H13        1.0          -4.2275213200E+00   4.1816070000E+00   6.1906000000E-01
C14        6.0           2.5857559100E+00  -2.7129655700E+00  -1.9925416600E+00
N15        7.0           2.9500552500E+00  -3.8933749400E+00  -3.8100669700E+00
C16        6.0           2.5868102000E+00   2.7112264300E+00  -1.9939151800E+00
N17        7.0           2.9514907000E+00   3.8906860700E+00  -3.8119674900E+00
C18        6.0           1.8854380700E+00   2.7096393300E+00   2.5603115700E+00
N19        7.0           1.6747075200E+00   3.8792766800E+00   4.4092711000E+00
C20        6.0           1.8844342300E+00  -2.7088123000E+00   2.5617029100E+00
N21        7.0           1.6733188900E+00  -3.8773464200E+00   4.4113123500E+00
 
Some Atomic Properties:
----------------------
  q(A) = Net Charge of Atom A
  L(A) = Lagrangian of Atom A = -(1/4) Times Atomic Integral of the Laplacian of the Electron Density
  K(A) = Electronic Kinetic Energy of Atom A (Hamiltonian Form)
  K_Scaled(A) = K(A) * E(Mol)/K(Mol) = Approximation to Virial-Based Total Energy of Atom A.
  |Mu_Intra(A)| = Magnitude of Intraatomic Dipole Moment of Atom A
--------------------------------------------------------------------------------------------------
Atom A          q(A)              L(A)              K(A)          K_Scaled(A)      |Mu_Intra(A)|
--------------------------------------------------------------------------------------------------
H1        6.8466520950E-02  1.9228982624E-05  5.8425782350E-01 -5.8986361372E-01  1.4312480958E-01
C2       -5.5575449400E-02  5.2767154571E-05  3.7733804260E+01 -3.8095849547E+01  1.6951898120E-01
H3        5.7035968330E-02  3.7215826098E-05  5.8562591313E-01 -5.9124482979E-01  1.4122162017E-01
C4       -7.8184814000E-02 -1.5246992664E-04  3.7735903004E+01 -3.8097968428E+01  1.8023307429E-01
C5       -5.5595989900E-02  1.0226991411E-04  3.7733803642E+01 -3.8095848922E+01  1.7000223636E-01
H6        6.4209138200E-02  2.2155962815E-05  5.8103307481E-01 -5.8660792447E-01  1.4649408956E-01
C7       -1.6059574900E-02 -6.7770128187E-05  3.7710811914E+01 -3.8072636596E+01  1.5512578986E-01
C8        2.1254316260E-01 -1.1466014968E-05  3.7569071034E+01 -3.7929535751E+01  1.1761768967E-01
H9        6.9822176840E-02  1.9111273824E-05  5.8296992782E-01 -5.8856336105E-01  1.4495398934E-01
C10       2.1258902290E-01  3.4307978218E-05  3.7569073083E+01 -3.7929537820E+01  1.1745022805E-01
H11       6.8465275740E-02  2.2179910357E-05  5.8426069709E-01 -5.8986651489E-01  1.4312721517E-01
C12      -7.7997241600E-02  4.8445417030E-05  3.7735944580E+01 -3.8098010402E+01  1.8020738090E-01
H13       6.9817841590E-02  2.2064685391E-05  5.8297225906E-01 -5.8856571465E-01  1.4496293922E-01
C14       1.0049863763E+00 -6.4847594723E-05  3.7139027063E+01 -3.7495365629E+01  9.1659221629E-01
N15      -1.1366272429E+00  3.9644960687E-05  5.4919415026E+01 -5.5446351436E+01  6.6700212954E-01
C16       1.0051416158E+00  8.1894590780E-05  3.7139041178E+01 -3.7495379879E+01  9.1670403417E-01
N17      -1.1366647459E+00 -3.7068196003E-05  5.4919382282E+01 -5.5446318377E+01  6.6703532862E-01
C18       9.9991105020E-01  7.6410549657E-05  3.7141833564E+01 -3.7498199057E+01  9.2107328730E-01
N19      -1.1380045991E+00 -1.6969345545E-06  5.4919485567E+01 -5.5446422654E+01  6.6733566383E-01
C20       9.9989307810E-01  5.0944678762E-05  3.7141809382E+01 -3.7498174643E+01  9.2105741020E-01
N21      -1.1380095447E+00 -1.4776131865E-06  5.4919494176E+01 -5.5446431345E+01  6.6735652971E-01
--------------------------------------------------------------------------------------------------
Total     1.6202515000E-04  2.9184547666E-04  6.3552901945E+02 -6.4162674244E+02
 
1st Largest |L(A)| = 1.5246992664E-04, atom C4      
2nd Largest |L(A)| = 1.0226991411E-04, atom C5      
 
Molecular charge q(Mol) from the wfn file:   0.0000000000E+00
Molecular energy E(Mol) from the wfn file:  -6.4162671633E+02
Molecular virial ratio (-V(Mol)/T(Mol)) from the wfn file:   2.0095947200E+00
Note.  K_Scaled(A) = (1+V(Mol)/T(Mol))*K(A) = (E(Mol)/T(Mol))*K(A)
       Only use K_Scaled(A) data with caution.
 
N_AIMInt(SumA)     =         99.999838
N_Analytic(Mol)    =         99.999987
 
G_AIMInt(SumA)     =        635.528728
G_Analytic(Mol)    =        635.528961
 
K_AIMInt(SumA)     =        635.529019
K_Analytic(Mol)    =        635.528961
 
L_AIMInt(SumA)     =          0.000292
L_Analytic(Mol)    =          0.000000
 
VenT_AIMInt(SumA)  =      -3135.338510
VenT_Analytic(Mol) =      -3135.341452
 
Some Information About the Atomic Calculations:
----------------------------------------------
  Time(sec) = "Elapsed User Time", in Seconds, for Atom A by AIMInt and, if used, by TWOe
  NProc = Number of Processors Used for AIMInt Job
  BIM = Basin Integration Method
  OAQ = Angular Quadrature Outside of Beta Sphere
  ORQ = Multiple of Default for Radial Quadrature Outside of Beta Sphere
  IAQ = Multiple of Default for Angular Quadrature Inside of Beta Sphere
  IRQ = Multiple of Default for Radial Quadrature Inside of Beta Sphere
  MIR = Maximum Integration Radius
------------------------------------------------------------------------------------------------------
Atom A     Time(sec)   NProc      BIM          OAQ                     ORQ      IAQ      IRQ      MIR
------------------------------------------------------------------------------------------------------
H1              8        8     Proaim(5)    1800(GS4)                  1.00     1.00     1.00    13.00
C2             48        8     Proaim(5)    4500(GS4)                  1.00     1.00     1.00    13.00
H3             18        8     Proaim(5)    1800(GS4)                  1.00     1.00     1.00    13.00
C4            293        8     Proaim(5)    4500(GS4)                  1.00     1.00     1.00    13.00
C5             49        8     Proaim(5)    4500(GS4)                  1.00     1.00     1.00    13.00
H6              6        8     Proaim(5)    1800(GS4)                  1.00     1.00     1.00    13.00
C7             49        8     Proaim(5)    4500(GS4)                  1.00     1.00     1.00    13.00
C8             99        8     Proaim(5)    4500(GS4)                  1.00     1.00     1.00    13.00
H9              7        8     Proaim(5)    1800(GS4)                  1.00     1.00     1.00    13.00
C10            93        8     Proaim(5)    4500(GS4)                  1.00     1.00     1.00    13.00
H11             8        8     Proaim(5)    1800(GS4)                  1.00     1.00     1.00    13.00
C12            93        8     Proaim(5)    4500(GS4)                  1.00     1.00     1.00    13.00
H13             7        8     Proaim(5)    1800(GS4)                  1.00     1.00     1.00    13.00
C14            28        8     Proaim(5)    4500(GS4)                  1.00     1.00     1.00    13.00
N15            13        8     Proaim(5)    2700(GS4)                  1.00     1.00     1.00    13.00
C16            27        8     Proaim(5)    4500(GS4)                  1.00     1.00     1.00    13.00
N17            13        8     Proaim(5)    2700(GS4)                  1.00     1.00     1.00    13.00
C18            32        8     Proaim(5)    4500(GS4)                  1.00     1.00     1.00    13.00
N19            13        8     Proaim(5)    2700(GS4)                  1.00     1.00     1.00    13.00
C20            30        8     Proaim(5)    4500(GS4)                  1.00     1.00     1.00    13.00
N21            13        8     Proaim(5)    2700(GS4)                  1.00     1.00     1.00    13.00
------------------------------------------------------------------------------------------------------
Total         947
Note:  Total wall clock time is less than total of atomic times if more than one atom
       was calculated at a time
 
Electron Density Critical Point Analysis of Molecular Structure:               
---------------------------------------------------------------                
  NACP = Nuclear Attractor Critical Point                                      
  NNACP = Non-Nuclear Attractor Critical Point                                 
  BCP = Bond Critical Point                                                    
  RCP = Ring Critical Point                                                    
  CCP = Cage Critical Point                                                    
  Rho = Electron Density                                                       
  GradRho = Gradient of Electron Density                                       
  HessRho_EigVals = Eigenvalues of the Hessian of Rho, Ascending Order         
  HessRho_EigVecs = Eigenvectors of the Hessian of Rho                         
  DelSqRho = Laplacian of Rho = Trace of Hessian of Rho                        
  Bond Ellipticity = (HessRho_EigVal(1) / HessRho_EigVal(2)) - 1               
  V = Virial Field = Potential Energy Density = Trace of Stress Tensor         
  G = Lagrangian Form of Kinetic Energy Density                                
  K = Hamiltonian Form of Kinetic Energy Density                               
  L = K - G = Lagrangian Density = (-1/4)DelSqRho                              
  Vnuc = Electrostatic Potential from Nuclei                                   
  Ven = Electron-nuclear attractive contribution to Virial Field V             
  Vrep = V - Ven = Repulsive contribution to Virial Field V                    
  DelSqV = Laplacian of V                                                      
  DelSqVen = Laplacian of Ven                                                  
  DelSqVrep = Laplacian of Vrep                                                
  DelSqG = Laplacian of G                                                      
  DelSqK = Laplacian of K                                                      
  Stress_EigVals = Eigenvalues of Stress Tensor, Ascending Order               
  Stress_EigVecs = Eigenvectors of Stress Tensor                               
  -DivStress = Ehrenfest Force Density = Minus Divergence of Stress Tensor     
  ESP = Total Electrostatic Potential                                          
  ESPe = Electrostatic Potential from Electrons                                
  ESPn = Electrostatic Potential from Nuclei                                   
  BP = Bond Path                                                               
  BPL = Bond Path Length                                                       
  GBL = Geometric Bond Length                                                  
  GBL_I = Distance Between Nuclear Attractors                                  
  GBL_II = Distance Between Nuclei                                             
  GBL_III = Sum of Distances Between BCP and Nuclear Attractors                
  GBL_IV = Sum of Distances Between BCP and Nuclei                             

CP# 1      Coords = -3.36669519977946E+00 -2.52425595883254E+00 -3.99343529422381E+00
           Type = (3,-3) NACP H1
           Rho =  4.2429842147E-01     Rho at Nucleus =  4.2046267082E-01
           GradRho = -2.8141551589E-15  6.4398216679E-15  1.0566315889E-14
           HessRho_EigVals = -6.4704918573E+00 -6.4649520784E+00 -5.8554765295E+00
           HessRho_EigVec1 =  9.3424172923E-02  8.2211572847E-01 -5.6160275366E-01
           HessRho_EigVec2 =  9.8481364053E-01  6.6008284883E-03  1.7348925755E-01
           HessRho_EigVec3 = -1.4633529081E-01  5.6928214276E-01  8.0901410655E-01
           DelSqRho = -1.8790920465E+01
           Bond Ellipticity = NA
           V = -4.7064643677E+00
           G =  4.3671256867E-03
           K =  4.7020972420E+00
           L =  4.6977301163E+00
           Vnuc =  4.4321947260E+01
           Ven = -1.8805732259E+01
           Vrep =  1.4099267891E+01
           DelSqV =  7.0705826292E+02
           DelSqVen =  8.3285018583E+02
           DelSqVrep = -1.2579192290E+02
           DelSqG =  6.9694890412E+01
           DelSqK = -7.7675315334E+02
           Stress_EigVals = -1.6207872976E+00 -1.6202088616E+00 -1.4654682085E+00
           Stress_EigVec1 =  1.3180689210E-01  8.2231918145E-01 -5.5355045571E-01
           Stress_EigVec2 = -9.8038408647E-01  2.5588457385E-02 -1.9542843666E-01
           Stress_EigVec3 = -1.4654004982E-01  5.6845087270E-01  8.0956137453E-01
           -DivStress =  1.1775421247E+00 -4.5735902343E+00 -6.5141082625E+00
           ESP =  -1.0786696527E+00     ESP at Nucleus =  -1.0812816748E+00
           ESPe = -1.7390404843E+01     ESPe at Nucleus = -1.7294740839E+01
           ESPn =  1.6311735190E+01     ESPn at Nucleus =  1.6213459164E+01

CP# 2      Coords = -3.66351820268670E+00 -1.38318451956581E+00 -2.36062436629825E+00
           Type = (3,-3) NACP C2
           Rho =  1.1769738893E+02     Rho at Nucleus =  1.1769738883E+02
           GradRho =  7.5008223591E-11  2.4868971574E-10 -1.9149554924E-10
           HessRho_EigVals = -1.4502891073E+05 -1.4502789061E+05 -1.4502759740E+05
           HessRho_EigVec1 =  9.7688754215E-01 -1.4948577471E-02  2.1323055604E-01
           HessRho_EigVec2 =  2.5707656992E-02  9.9852728482E-01 -4.7774238213E-02
           HessRho_EigVec3 = -2.1220237127E-01  5.2151716140E-02  9.7583315794E-01
           DelSqRho = -4.3508439873E+05
           Bond Ellipticity = NA
           V = -1.0878134673E+05
           G =  5.1235246638E+00
           K =  1.0877622321E+05
           L =  1.0877109968E+05
           Vnuc =  5.3034876814E+06
           Ven = -6.2420665231E+08
           Vrep =  6.2409787097E+08
           DelSqV =  2.4956678629E+09
           DelSqVen =  2.3074648218E+12
           DelSqVrep = -2.3049692225E+12
           DelSqG =  1.3405277346E+08
           DelSqK = -2.6297206364E+09
           Stress_EigVals = -3.6260729959E+04 -3.6260559351E+04 -3.6260057422E+04
           Stress_EigVec1 = -1.9123746123E-01  1.5973235737E-01  9.6845950222E-01
           Stress_EigVec2 =  3.9841654240E-02  9.8711974792E-01 -1.5494271799E-01
           Stress_EigVec3 =  9.8073486530E-01 -8.9541766098E-03  1.9513827587E-01
           -DivStress = -1.8838644193E+02 -7.2709188328E+02  5.2859869549E+02
           ESP =  -1.4716172135E+01     ESP at Nucleus =  -1.4716172145E+01
           ESPe = -3.1734349498E+01     ESPe at Nucleus = -3.1734349559E+01
           ESPn =  1.7018177362E+01     ESPn at Nucleus =  1.7018177413E+01

CP# 3      Coords = -3.19413890471198E+00  2.83332879678256E-03  3.34840195984057E+00
           Type = (3,-3) NACP H3
           Rho =  4.1540636450E-01     Rho at Nucleus =  4.1200028028E-01
           GradRho =  2.8959710203E-16  6.5770784865E-20 -1.3606977894E-15
           HessRho_EigVals = -6.3348249646E+00 -6.3330776583E+00 -5.7752876308E+00
           HessRho_EigVec1 =  2.5404887620E-05  9.9999979975E-01 -6.3234789581E-04
           HessRho_EigVec2 =  7.8542847158E-01 -4.1134698749E-04 -6.1895229770E-01
           HessRho_EigVec3 =  6.1895243386E-01  4.8093962775E-04  7.8542832474E-01
           DelSqRho = -1.8443190254E+01
           Bond Ellipticity = NA
           V = -4.6205655700E+00
           G =  4.8840032548E-03
           K =  4.6156815667E+00
           L =  4.6107975634E+00
           Vnuc =  4.7318235353E+01
           Ven = -1.9656296123E+01
           Vrep =  1.5035730553E+01
           DelSqV =  6.9553276073E+02
           DelSqVen =  8.7269921709E+02
           DelSqVrep = -1.7716645636E+02
           DelSqG =  6.8581820264E+01
           DelSqK = -7.6411458099E+02
           Stress_EigVals = -1.5873509918E+00 -1.5872787734E+00 -1.4459358048E+00
           Stress_EigVec1 =  4.1908541122E-04  9.9999946707E-01 -9.4351624901E-04
           Stress_EigVec2 =  7.8559990730E-01 -9.1301967391E-04 -6.1873415296E-01
           Stress_EigVec3 =  6.1873468467E-01  4.8192382083E-04  7.8559987127E-01
           -DivStress =  4.6334923678E+00  3.6266330553E-03  5.9008552420E+00
           ESP =  -1.0721082733E+00     ESP at Nucleus =  -1.0743733396E+00
           ESPe = -1.8910982706E+01     ESPe at Nucleus = -1.8845157274E+01
           ESPn =  1.7838874433E+01     ESPn at Nucleus =  1.7770783934E+01

CP# 4      Coords = -4.09339522157961E+00 -2.22731623571251E+00  1.94181863452832E-02
           Type = (3,-3) NACP C4
           Rho =  1.1770012158E+02     Rho at Nucleus =  1.1770012145E+02
           GradRho = -5.6680490162E-11  1.9512979534E-10  5.1514913255E-10
           HessRho_EigVals = -1.4503436522E+05 -1.4503346052E+05 -1.4503309736E+05
           HessRho_EigVec1 =  9.9099814407E-01 -1.4024318185E-02  1.3313901360E-01
           HessRho_EigVec2 = -6.2767608828E-02  8.2974491341E-01  5.5460220515E-01
           HessRho_EigVec3 = -1.1824933710E-01 -5.5796657353E-01  8.2139539632E-01
           DelSqRho = -4.3510092309E+05
           Bond Ellipticity = NA
           V = -1.0878543702E+05
           G =  5.1031225881E+00
           K =  1.0878033390E+05
           L =  1.0877523077E+05
           Vnuc =  4.4345339571E+06
           Ven = -5.2194518591E+08
           Vrep =  5.2183640048E+08
           DelSqV =  2.4957638858E+09
           DelSqVen =  1.9294696899E+12
           DelSqVrep = -1.9269739260E+12
           DelSqG =  1.3405998659E+08
           DelSqK = -2.6298238724E+09
           Stress_EigVals = -3.6262103810E+04 -3.6261895300E+04 -3.6261437909E+04
           Stress_EigVec1 = -1.2076201745E-01 -6.9647120788E-01  7.0735026100E-01
           Stress_EigVec2 = -1.0595761914E-01  7.1753805681E-01  6.8841275408E-01
           Stress_EigVec3 =  9.8701039411E-01 -8.1849634699E-03  1.6044777432E-01
           -DivStress =  1.5973728396E+02 -3.8258517867E+02 -1.0196564342E+03
           ESP =  -1.4714151245E+01     ESP at Nucleus =  -1.4714151257E+01
           ESPe = -3.1647830982E+01     ESPe at Nucleus = -3.1647830993E+01
           ESPn =  1.6933679737E+01     ESPn at Nucleus =  1.6933679736E+01

CP# 5      Coords = -3.66327556309924E+00  1.38150120860739E+00 -2.36240931513244E+00
           Type = (3,-3) NACP C5
           Rho =  1.1769737032E+02     Rho at Nucleus =  1.1769737023E+02
           GradRho =  5.7882584142E-11 -2.5241853806E-10 -1.6482325661E-10
           HessRho_EigVals = -1.4502888141E+05 -1.4502786137E+05 -1.4502756811E+05
           HessRho_EigVec1 =  9.7690587064E-01  1.4999808942E-02  2.1314296996E-01
           HessRho_EigVec2 = -2.5469833825E-02  9.9859533289E-01  4.6461260188E-02
           HessRho_EigVec3 = -2.1214666501E-01 -5.0816993860E-02  9.7591568573E-01
           DelSqRho = -4.3508431089E+05
           Bond Ellipticity = NA
           V = -1.0878132477E+05
           G =  5.1235255336E+00
           K =  1.0877620125E+05
           L =  1.0877107772E+05
           Vnuc =  5.3035224074E+06
           Ven = -6.2421064078E+08
           Vrep =  6.2410185946E+08
           DelSqV =  2.4956673510E+09
           DelSqVen =  2.3074796703E+12
           DelSqVrep = -2.3049840019E+12
           DelSqG =  1.3405274037E+08
           DelSqK = -2.6297200914E+09
           Stress_EigVals = -3.6260722636E+04 -3.6260552028E+04 -3.6260050111E+04
           Stress_EigVec1 = -1.9121643425E-01 -1.5848203433E-01  9.6866904568E-01
           Stress_EigVec2 = -3.9649773519E-02  9.8732069347E-01  1.5370668072E-01
           Stress_EigVec3 =  9.8074674138E-01  9.0162648685E-03  1.9507571924E-01
           -DivStress = -1.8805321976E+02  7.2786349182E+02  5.2764633491E+02
           ESP =  -1.4716174600E+01     ESP at Nucleus =  -1.4716174610E+01
           ESPe = -3.1734029403E+01     ESPe at Nucleus = -3.1734029464E+01
           ESPn =  1.7017854804E+01     ESPn at Nucleus =  1.7017854854E+01

CP# 6      Coords = -6.34682274293883E+00  2.57041095813114E-03  2.55580247819659E+00
           Type = (3,-3) NACP H6
           Rho =  4.1270542071E-01     Rho at Nucleus =  4.0934390759E-01
           GradRho =  3.3653977583E-11 -1.2641603387E-14 -1.4478411977E-11
           HessRho_EigVals = -6.2954830913E+00 -6.2943585694E+00 -5.7410903152E+00
           HessRho_EigVec1 =  9.5076624320E-05  9.9999978276E-01 -6.5226114099E-04
           HessRho_EigVec2 =  3.9563972420E-01  5.6142433390E-04  9.1840562577E-01
           HessRho_EigVec3 =  9.1840579245E-01 -3.4537932458E-04 -3.9563958487E-01
           DelSqRho = -1.8330931976E+01
           Bond Ellipticity = NA
           V = -4.5924415475E+00
           G =  4.8542767823E-03
           K =  4.5875872707E+00
           L =  4.5827329940E+00
           Vnuc =  4.5107291992E+01
           Ven = -1.8616023919E+01
           Vrep =  1.4023582371E+01
           DelSqV =  6.9146036733E+02
           DelSqVen =  8.2685870118E+02
           DelSqVrep = -1.3539833385E+02
           DelSqG =  6.8192312842E+01
           DelSqK = -7.5965268017E+02
           Stress_EigVals = -1.5775880688E+00 -1.5775383610E+00 -1.4373151178E+00
           Stress_EigVec1 = -6.9389175014E-05  9.9999946256E-01 -1.0344373529E-03
           Stress_EigVec2 =  3.9530553272E-01  9.7761202343E-04  9.1854917129E-01
           Stress_EigVec3 =  9.1854968890E-01 -3.4518143964E-04 -3.9530538810E-01
           -DivStress = -6.8271576645E+00  2.5633996233E-03  2.9352666382E+00
           ESP =  -1.0696964043E+00     ESP at Nucleus =  -1.0719435739E+00
           ESPe = -1.6593332492E+01     ESPe at Nucleus = -1.6494964297E+01
           ESPn =  1.5523636087E+01     ESPn at Nucleus =  1.5423020723E+01

CP# 7      Coords = -4.46543903276260E+00  1.86558977237842E-03  1.74732141882127E+00
           Type = (3,-3) NACP C7
           Rho =  1.1754524484E+02     Rho at Nucleus =  1.1754524483E+02
           GradRho = -5.0866467772E-11  7.9707420684E-15 -1.5335189778E-11
           HessRho_EigVals = -1.4484489442E+05 -1.4484469392E+05 -1.4484450535E+05
           HessRho_EigVec1 =  7.7014605125E-05  9.9999981784E-01 -5.9865898505E-04
           HessRho_EigVec2 =  9.9268188723E-01 -4.1577058605E-06  1.2075872953E-01
           HessRho_EigVec3 = -1.2075870504E-01  6.0357811695E-04  9.9268170672E-01
           DelSqRho = -4.3453409370E+05
           Bond Ellipticity = NA
           V = -1.0864399568E+05
           G =  5.2361293668E+00
           K =  1.0863875955E+05
           L =  1.0863352342E+05
           Vnuc =  1.7482284556E+07
           Ven = -2.0549594185E+09
           Vrep =  2.0548507745E+09
           DelSqV =  2.4925332716E+09
           DelSqVen =  7.5966688788E+12
           DelSqVrep = -7.5941763456E+12
           DelSqG =  1.3388726109E+08
           DelSqK = -2.6264205327E+09
           Stress_EigVals = -3.6214738609E+04 -3.6214683266E+04 -3.6214573808E+04
           Stress_EigVec1 = -8.0094196606E-02  6.5520201414E-04  9.9678708377E-01
           Stress_EigVec2 =  9.9678729822E-01  1.0380522799E-05  8.0094207014E-02
           Stress_EigVec3 =  4.2130714708E-05  9.9999978530E-01 -6.5392846510E-04
           -DivStress = -2.8734129288E+01  1.8709192946E-01  2.8007346781E+02
           ESP =  -1.4706601149E+01     ESP at Nucleus =  -1.4706601148E+01
           ESPe = -3.1465034237E+01     ESPe at Nucleus = -3.1465033726E+01
           ESPn =  1.6758433088E+01     ESPn at Nucleus =  1.6758432577E+01

CP# 8      Coords =  2.18306364490511E+00 -1.29978294934323E+00  2.74937924638244E-01
           Type = (3,-3) NACP C8
           Rho =  1.1752031522E+02     Rho at Nucleus =  1.1752031459E+02
           GradRho = -3.5337993122E-10 -5.8310180126E-09  5.2225277705E-11
           HessRho_EigVals = -1.4478435187E+05 -1.4478402787E+05 -1.4478390667E+05
           HessRho_EigVec1 = -1.7669769257E-01 -1.3029318477E-02  9.8417892799E-01
           HessRho_EigVec2 =  9.8166913978E-01  7.0242478491E-02  1.7717701378E-01
           HessRho_EigVec3 = -7.1439662920E-02  9.9744485114E-01  3.7879599217E-04
           DelSqRho = -4.3435228641E+05
           Bond Ellipticity = NA
           V = -1.0859843148E+05
           G =  5.1799370367E+00
           K =  1.0859325154E+05
           L =  1.0858807160E+05
           Vnuc =  2.0307245791E+06
           Ven = -2.3865139267E+08
           Vrep =  2.3854279424E+08
           DelSqV =  2.4914601167E+09
           DelSqVen =  8.8204986778E+11
           DelSqVrep = -8.7955840766E+11
           DelSqG =  1.3380161910E+08
           DelSqK = -2.6252617358E+09
           Stress_EigVals = -3.6199655275E+04 -3.6199484289E+04 -3.6199291913E+04
           Stress_EigVec1 = -2.3155125241E-02  9.9970548592E-01  7.2650942367E-03
           Stress_EigVec2 = -1.4326741809E-01 -1.0510212576E-02  9.8962820410E-01
           Stress_EigVec3 =  9.8941310234E-01  2.1874113714E-02  1.4346858911E-01
           -DivStress =  1.4440352277E+02  2.3872937461E+03 -1.9218066751E+01
           ESP =  -1.4579701153E+01     ESP at Nucleus =  -1.4579701196E+01
           ESPe = -3.4123801311E+01     ESPe at Nucleus = -3.4123802932E+01
           ESPn =  1.9544100159E+01     ESPn at Nucleus =  1.9544101736E+01

CP# 9      Coords = -4.22621738906163E+00 -4.14520500975958E+00  6.13935053234193E-01
           Type = (3,-3) NACP H9
           Rho =  4.2300327542E-01     Rho at Nucleus =  4.1916512033E-01
           GradRho =  5.1693527649E-10  7.4701334085E-09 -2.2852363957E-09
           HessRho_EigVals = -6.4419035290E+00 -6.4359172112E+00 -5.8281215310E+00
           HessRho_EigVec1 = -1.9277367826E-01  2.9885869440E-01  9.3462387609E-01
           HessRho_EigVec2 =  9.7902134308E-01 -5.4820241233E-03  2.0368396405E-01
           HessRho_EigVec3 =  6.5996354200E-02  9.5428162939E-01 -2.9153225042E-01
           DelSqRho = -1.8705942271E+01
           Bond Ellipticity = NA
           V = -4.6856288826E+00
           G =  4.5716573815E-03
           K =  4.6810572252E+00
           L =  4.6764855678E+00
           Vnuc =  4.4113783519E+01
           Ven = -1.8660274920E+01
           Vrep =  1.3974646037E+01
           DelSqV =  7.0371946070E+02
           DelSqVen =  8.2518990005E+02
           DelSqVrep = -1.2147043935E+02
           DelSqG =  6.9280608512E+01
           DelSqK = -7.7300006921E+02
           Stress_EigVals = -1.6137536977E+00 -1.6132828413E+00 -1.4585923436E+00
           Stress_EigVec1 = -1.7483477098E-01  3.0015390710E-01  9.3773153669E-01
           Stress_EigVec2 =  9.8238600953E-01 -1.0623133500E-02  1.8656065320E-01
           Stress_EigVec3 =  6.5958556272E-02  9.5383163141E-01 -2.9300970593E-01
           -DivStress = -5.3008640028E-01 -7.6616498873E+00  2.3480589076E+00
           ESP =  -1.0756464016E+00     ESP at Nucleus =  -1.0782606828E+00
           ESPe = -1.7251434205E+01     ESPe at Nucleus = -1.7154213355E+01
           ESPn =  1.6175787804E+01     ESPn at Nucleus =  1.6075952672E+01

CP# 10     Coords =  2.18353630643118E+00  1.29931451951884E+00  2.74299592847986E-01
           Type = (3,-3) NACP C10
           Rho =  1.1752029607E+02     Rho at Nucleus =  1.1752029544E+02
           GradRho = -3.1686829549E-10  5.8421176980E-09  5.2769797212E-11
           HessRho_EigVals = -1.4478432630E+05 -1.4478400215E+05 -1.4478388107E+05
           HessRho_EigVec1 = -1.7666305435E-01  1.3548961371E-02  9.8417812965E-01
           HessRho_EigVec2 =  9.8164110758E-01 -7.0625806273E-02  1.7717994072E-01
           HessRho_EigVec3 =  7.1908978095E-02  9.9741085874E-01 -8.2324679468E-04
           DelSqRho = -4.3435220951E+05
           Bond Ellipticity = NA
           V = -1.0859841225E+05
           G =  5.1799379765E+00
           K =  1.0859323232E+05
           L =  1.0858805238E+05
           Vnuc =  2.0306758748E+06
           Ven = -2.3864563002E+08
           Vrep =  2.3853703161E+08
           DelSqV =  2.4914596730E+09
           DelSqVen =  8.8202856038E+11
           DelSqVrep = -8.7953709252E+11
           DelSqG =  1.3380159344E+08
           DelSqK = -2.6252612665E+09
           Stress_EigVals = -3.6199648861E+04 -3.6199477861E+04 -3.6199285533E+04
           Stress_EigVec1 =  2.3513756448E-02  9.9969419675E-01 -7.6561244472E-03
           Stress_EigVec2 = -1.4328921336E-01  1.0949272069E-02  9.8962028818E-01
           Stress_EigVec3 =  9.8940148807E-01 -2.2172650383E-02  1.4350285357E-01
           -DivStress =  1.4316821463E+02 -2.3874354206E+03 -1.7768136094E+01
           ESP =  -1.4579701406E+01     ESP at Nucleus =  -1.4579701449E+01
           ESPe = -3.4123681913E+01     ESPe at Nucleus = -3.4123683534E+01
           ESPn =  1.9543980507E+01     ESPn at Nucleus =  1.9543982085E+01

CP# 11     Coords = -3.36634652006567E+00  2.52047056045449E+00 -3.99666054695028E+00
           Type = (3,-3) NACP H11
           Rho =  4.2429951378E-01     Rho at Nucleus =  4.2046372955E-01
           GradRho = -2.4484266611E-15 -8.2249050642E-15  1.1316434714E-14
           HessRho_EigVals = -6.4705043828E+00 -6.4649644797E+00 -5.8554845779E+00
           HessRho_EigVec1 = -9.3275359932E-02  8.2283103535E-01  5.6057898150E-01
           HessRho_EigVec2 =  9.8482081438E-01 -6.5305932977E-03  1.7345118883E-01
           HessRho_EigVec3 = -1.4638193463E-01 -5.6824857115E-01  8.0973198689E-01
           DelSqRho = -1.8790953440E+01
           Bond Ellipticity = NA
           V = -4.7064726773E+00
           G =  4.3671585888E-03
           K =  4.7021055187E+00
           L =  4.6977383601E+00
           Vnuc =  4.4321266204E+01
           Ven = -1.8805491701E+01
           Vrep =  1.4099019023E+01
           DelSqV =  7.0705931087E+02
           DelSqVen =  8.3283884965E+02
           DelSqVrep = -1.2577953878E+02
           DelSqG =  6.9694956443E+01
           DelSqK = -7.7675426731E+02
           Stress_EigVals = -1.6207904518E+00 -1.6202120547E+00 -1.4654701708E+00
           Stress_EigVec1 =  1.3170412643E-01 -8.2302841861E-01 -5.5251990483E-01
           Stress_EigVec2 =  9.8039113633E-01  2.5725666368E-02  1.9537504933E-01
           Stress_EigVec3 = -1.4658527515E-01 -5.6741731754E-01  8.1027794297E-01
           -DivStress =  1.1779096989E+00  4.5653089296E+00 -6.5199000383E+00
           ESP =  -1.0786709997E+00     ESP at Nucleus =  -1.0812831233E+00
           ESPe = -1.7389825652E+01     ESPe at Nucleus = -1.7294157170E+01
           ESPn =  1.6311154652E+01     ESPn at Nucleus =  1.6212874047E+01

CP# 12     Coords = -4.09295238154410E+00  2.22875576753846E+00  1.65652270069348E-02
           Type = (3,-3) NACP C12
           Rho =  1.1770011232E+02     Rho at Nucleus =  1.1770011219E+02
           GradRho = -5.6057360143E-11 -1.9795145173E-10  5.1525950954E-10
           HessRho_EigVals = -1.4503435022E+05 -1.4503344552E+05 -1.4503308237E+05
           HessRho_EigVec1 =  9.9099411792E-01  1.3927894264E-02  1.3317909751E-01
           HessRho_EigVec2 =  6.3014322139E-02  8.2906050109E-01 -5.5559686890E-01
           HessRho_EigVec3 = -1.1815182376E-01  5.5898541957E-01  8.2071642316E-01
           DelSqRho = -4.3510087811E+05
           Bond Ellipticity = NA
           V = -1.0878542575E+05
           G =  5.1031126640E+00
           K =  1.0878032264E+05
           L =  1.0877521953E+05
           Vnuc =  4.4345858427E+06
           Ven = -5.2195125178E+08
           Vrep =  5.2184246635E+08
           DelSqV =  2.4957636252E+09
           DelSqVen =  1.9294923653E+12
           DelSqVrep = -1.9269965362E+12
           DelSqG =  1.3405996930E+08
           DelSqK = -2.6298235945E+09
           Stress_EigVals = -3.6262100048E+04 -3.6261891552E+04 -3.6261434153E+04
           Stress_EigVec1 = -1.2058340948E-01  6.9738556303E-01  7.0647931169E-01
           Stress_EigVec2 =  1.0616105960E-01  7.1665017314E-01 -6.8930570777E-01
           Stress_EigVec3 =  9.8701037015E-01  8.1182401068E-03  1.6045131160E-01
           -DivStress =  1.5971118552E+02  3.8110203107E+02 -1.0201996070E+03
           ESP =  -1.4714153588E+01     ESP at Nucleus =  -1.4714153600E+01
           ESPe = -3.1647436157E+01     ESPe at Nucleus = -3.1647436169E+01
           ESPn =  1.6933282570E+01     ESPn at Nucleus =  1.6933282569E+01

CP# 13     Coords = -4.22516905600780E+00  4.14744417878426E+00  6.08642696700212E-01
           Type = (3,-3) NACP H13
           Rho =  4.2300336553E-01     Rho at Nucleus =  4.1916528352E-01
           GradRho =  5.2012172032E-10 -7.5548295097E-09 -2.3005565253E-09
           HessRho_EigVals = -6.4419094473E+00 -6.4359231022E+00 -5.8281340430E+00
           HessRho_EigVec1 = -1.9279211516E-01 -2.9760396140E-01  9.3502036475E-01
           HessRho_EigVec2 =  9.7903856817E-01  5.4474277645E-03  2.0360208146E-01
           HessRho_EigVec3 = -6.5686241886E-02  9.5467387504E-01  2.9031553513E-01
           DelSqRho = -1.8705966593E+01
           Bond Ellipticity = NA
           V = -4.6856349671E+00
           G =  4.5716594613E-03
           K =  4.6810633076E+00
           L =  4.6764916481E+00
           Vnuc =  4.4113605660E+01
           Ven = -1.8660203660E+01
           Vrep =  1.3974568693E+01
           DelSqV =  7.0372077195E+02
           DelSqVen =  8.2518764607E+02
           DelSqVrep = -1.2146687411E+02
           DelSqG =  6.9280768448E+01
           DelSqK = -7.7300154040E+02
           Stress_EigVals = -1.6137551644E+00 -1.6132843136E+00 -1.4585954891E+00
           Stress_EigVec1 = -1.7497441911E-01 -2.9890152964E-01  9.3810544623E-01
           Stress_EigVec2 =  9.8238195385E-01  1.0528311027E-02  1.8658738278E-01
           Stress_EigVec3 = -6.5647920038E-02  9.5422588010E-01  2.9179328359E-01
           -DivStress = -5.2758112994E-01  7.6647448707E+00  2.3382567475E+00
           ESP =  -1.0756477428E+00     ESP at Nucleus =  -1.0782619583E+00
           ESPe = -1.7250969892E+01     ESPe at Nucleus = -1.7153749929E+01
           ESPn =  1.6175322149E+01     ESPn at Nucleus =  1.6075487971E+01

CP# 14     Coords =  2.58575496857092E+00 -2.71296281652379E+00 -1.99253716095528E+00
           Type = (3,-3) NACP C14
           Rho =  1.1800089039E+02     Rho at Nucleus =  1.1800088830E+02
           GradRho = -1.4203148640E-11  2.7544088971E-11  3.5881193849E-12
           HessRho_EigVals = -1.4543213790E+05 -1.4543206101E+05 -1.4543170884E+05
           HessRho_EigVec1 =  9.8118234230E-01  2.6158943284E-02  1.9130321705E-01
           HessRho_EigVec2 =  9.4596508632E-02  7.9860058239E-01 -5.9438086305E-01
           HessRho_EigVec3 = -1.6832323583E-01  6.0129262384E-01  7.8109824529E-01
           DelSqRho = -4.3629590775E+05
           Bond Ellipticity = NA
           V = -1.0908428604E+05
           G =  5.1545519330E+00
           K =  1.0907913149E+05
           L =  1.0907397694E+05
           Vnuc =  1.1198157584E+06
           Ven = -1.3213925657E+08
           Vrep =  1.3203017228E+08
           DelSqV =  2.5026190094E+09
           DelSqVen =  4.8857103053E+11
           DelSqVrep = -4.8606841152E+11
           DelSqG =  1.3445540864E+08
           DelSqK = -2.6370744181E+09
           Stress_EigVals = -3.6361964637E+04 -3.6361173477E+04 -3.6361147928E+04
           Stress_EigVec1 = -1.5914108533E-01  5.4273983843E-01  8.2468635416E-01
           Stress_EigVec2 =  7.0369089247E-02  8.3944316735E-01 -5.3887230404E-01
           Stress_EigVec3 =  9.8474479244E-01  2.7724295664E-02  1.7178200485E-01
           -DivStress =  7.6977960873E+02 -2.2492452040E+03 -3.6755504854E+03
           ESP =  -1.4655731901E+01     ESP at Nucleus =  -1.4655732045E+01
           ESPe = -3.2196293527E+01     ESPe at Nucleus = -3.2196290517E+01
           ESPn =  1.7540561626E+01     ESPn at Nucleus =  1.7540558472E+01

CP# 15     Coords =  2.95005336148272E+00 -3.89336871080868E+00 -3.81005734597188E+00
           Type = (3,-3) NACP N15
           Rho =  1.9198829513E+02     Rho at Nucleus =  1.9198827332E+02
           GradRho =  6.8014843757E-11  1.5475000513E-11 -7.0643691851E-11
           HessRho_EigVals = -3.2316265466E+05 -3.2316243716E+05 -3.2315473054E+05
           HessRho_EigVec1 = -3.1622415601E-02  8.4046379740E-01 -5.4094420053E-01
           HessRho_EigVec2 =  9.8599682272E-01  1.1489359591E-01  1.2087070449E-01
           HessRho_EigVec3 = -1.6373847568E-01  5.2954703934E-01  8.3232784689E-01
           DelSqRho = -9.6947982236E+05
           Bond Ellipticity = NA
           V = -2.4240103601E+05
           G =  1.5540208412E+01
           K =  2.4238549580E+05
           L =  2.4236995559E+05
           Vnuc =  6.0249738158E+05
           Ven = -1.1567244511E+08
           Vrep =  1.1543004407E+08
           DelSqV =  7.6109922454E+09
           DelSqVen =  5.8410905408E+11
           DelSqVrep = -5.7649806183E+11
           DelSqG =  4.0805675610E+08
           DelSqK = -8.0190490015E+09
           Stress_EigVals = -8.0801722834E+04 -8.0799683995E+04 -8.0799629179E+04
           Stress_EigVec1 = -1.6389484813E-01  5.3022814041E-01  8.3186332885E-01
           Stress_EigVec2 =  9.8612343901E-01  1.1066228780E-01  1.2375144886E-01
           Stress_EigVec3 = -2.6439398506E-02  8.4060215154E-01 -5.4100737613E-01
           -DivStress =  4.6611003358E+03 -1.5385838289E+04 -2.3776279865E+04
           ESP =  -1.8316355780E+01     ESP at Nucleus =  -1.8316356718E+01
           ESPe = -3.2072783600E+01     ESPe at Nucleus = -3.2072756580E+01
           ESPn =  1.3756427820E+01     ESPn at Nucleus =  1.3756399862E+01

CP# 16     Coords =  2.58680925750573E+00  2.71122367870181E+00 -1.99391067927900E+00
           Type = (3,-3) NACP C16
           Rho =  1.1800088750E+02     Rho at Nucleus =  1.1800088541E+02
           GradRho =  2.4711216146E-11 -6.3522100449E-12  7.4642064448E-12
           HessRho_EigVals = -1.4543213493E+05 -1.4543205804E+05 -1.4543170592E+05
