AIMSum (Version 19.02.13, Professional)
Copyright (c) 1997-2019 by Todd A. Keith
AIMSum is a component of the AIMAll package ( http://aim.tkgristmill.com )

TP:  64-bit Linux

Much of the Quantum Theory of Atoms in Molecules (QTAIM) is described in the book:
  "Atoms in Molecules - A Quantum Theory"
  R.F.W. Bader, Oxford University Press, Oxford, 1990

For additional references see:  http://aim.tkgristmill.com/references.html

Wfn File:  /home/mhennefarth/Documents/ML_Diels/summary-jones2006/7-opt/7-opt.wfn
Sum File:  /home/mhennefarth/Documents/ML_Diels/summary-jones2006/7-opt/7-opt.sum

SumViz File:  /home/mhennefarth/Documents/ML_Diels/summary-jones2006/7-opt/7-opt.sumviz

Wfn Title:   Title Card Required                                                           
 
Total memory allocated for AIMSum =        2.284 Megabytes

Atomic units (a.u.) used throughout, except where stated otherwise

Model:  Restricted SCF
 
Restricted, closed-shell, single-determinant wavefunction.
  Number of electrons (from MO Occs)                   =         138.0000000000
  Number of Alpha electrons (from MO Occs)             =          69.0000000000
  Number of Beta electrons (from MO Occs)              =          69.0000000000
  Number of electron pairs (N*(N-1)/2)                 =        9453.0000000000
  Number of electron pairs (from Muller 2EDM)          =        9453.0000000000
 
Nuclear Charges and Cartesian Coordinates:
-------------------------------------------------------------------------------
Atom      Charge                X                  Y                  Z
-------------------------------------------------------------------------------
C1         6.0          -2.6103929100E+00  -2.8952615700E+00   5.1669753000E-01
C2         6.0          -7.3536273000E-01   1.5964103500E+00  -1.9277758800E+00
C3         6.0          -4.0738315800E+00  -6.6201081000E-01   4.6235368000E-01
C4         6.0          -1.8265365000E-01  -2.8888360800E+00  -5.9767233000E-01
C5         6.0          -3.1388672500E+00   1.6046245800E+00  -7.6023312000E-01
C6         6.0           7.4939524000E-01  -6.2266459000E-01  -1.8250355200E+00
C7         6.0          -6.5229847400E+00  -5.7381598000E-01   1.6186409500E+00
C8         6.0           1.4447142600E+00  -5.0588534400E+00  -5.7075990000E-01
C9         6.0          -4.7305190200E+00   3.7991376700E+00  -7.2022565000E-01
C10        6.0           3.2249823500E+00  -6.8766458000E-01  -2.9282697100E+00
C11        6.0          -7.9710664700E+00   1.5698015900E+00   1.6021061800E+00
C12        6.0           3.7951136000E+00  -5.0340309000E+00  -1.6557914200E+00
C13        6.0          -7.0558173600E+00   3.7942560000E+00   4.1410384000E-01
C14        6.0           4.7045705600E+00  -2.8109586600E+00  -2.8548779500E+00
H15        1.0          -7.2462549800E+00  -2.2511350800E+00   2.5442964200E+00
H16        1.0           8.1406162000E-01  -6.7810824300E+00   3.3830386000E-01
H17        1.0          -4.0788250500E+00   5.5298583900E+00  -1.5960150000E+00
H18        1.0           3.9573046700E+00   1.0013527900E+00  -3.8224656000E+00
H19        1.0          -9.8178386800E+00   1.5738978600E+00   2.5005442000E+00
H20        1.0           4.9680165700E+00  -6.7192797600E+00  -1.5987627500E+00
H21        1.0          -8.2029826500E+00   5.4975608200E+00   4.0909607000E-01
H22        1.0           6.5723700900E+00  -2.7954093100E+00  -3.7080749100E+00
C23        6.0           6.0920146100E+00  -2.2329682000E-01   4.0773832100E+00
C24        6.0           6.8687340900E+00   2.1842609100E+00   4.0253693500E+00
C25        6.0           6.6434849100E+00   3.7459193000E+00   1.8287872700E+00
N26        7.0           6.4766206700E+00   5.0515172500E+00   6.6858210000E-02
C27        6.0          -3.6988823300E+00  -5.2224593900E+00   1.7808433300E+00
H28        1.0          -5.5335383300E+00  -5.7268516300E+00   9.6093709000E-01
H29        1.0          -2.4937172900E+00  -6.8805783100E+00   1.5995998500E+00
H30        1.0          -4.0073861800E+00  -4.9106585600E+00   3.8080607800E+00
C31        6.0           3.0893160000E-01   3.8891269200E+00  -3.2876903800E+00
H32        1.0           2.0205896200E+00   4.6067478200E+00  -2.3657887100E+00
H33        1.0           8.2093369000E-01   3.4190832400E+00  -5.2398700400E+00
H34        1.0          -1.0321035700E+00   5.4466017100E+00  -3.3886714100E+00
H35        1.0           5.2502947400E+00  -1.1309569200E+00   2.4421049900E+00
H36        1.0           6.2926418900E+00  -1.3389552800E+00   5.7873067800E+00
H37        1.0           7.7107101100E+00   3.0770769300E+00   5.6736700500E+00
 
Some Atomic Properties:
----------------------
  q(A) = Net Charge of Atom A
  L(A) = Lagrangian of Atom A = -(1/4) Times Atomic Integral of the Laplacian of the Electron Density
  K(A) = Electronic Kinetic Energy of Atom A (Hamiltonian Form)
  K_Scaled(A) = K(A) * E(Mol)/K(Mol) = Approximation to Virial-Based Total Energy of Atom A.
  |Mu_Intra(A)| = Magnitude of Intraatomic Dipole Moment of Atom A
--------------------------------------------------------------------------------------------------
Atom A          q(A)              L(A)              K(A)          K_Scaled(A)      |Mu_Intra(A)|
--------------------------------------------------------------------------------------------------
C1       -1.1070431500E-02  3.2495613632E-06  3.7710941266E+01 -3.8083881357E+01  2.7750654567E-02
C2       -7.8178067000E-03  7.6446431103E-05  3.7709865835E+01 -3.8082795290E+01  4.3758122703E-02
C3       -1.4566908000E-03  2.3930820996E-04  3.7728100769E+01 -3.8101210558E+01  1.1305766790E-02
C4       -4.3235067000E-03  2.5104814767E-04  3.7719318995E+01 -3.8092341937E+01  1.4645157462E-02
C5       -7.9696050000E-04 -1.2823603326E-04  3.7718517500E+01 -3.8091532515E+01  1.6968948488E-02
C6       -6.9162430000E-03 -4.1864191324E-05  3.7729608152E+01 -3.8102732848E+01  1.6883480989E-02
C7       -4.7661514500E-02  3.5548004300E-05  3.7744845780E+01 -3.8118121168E+01  1.0012893939E-01
C8       -4.9870235200E-02 -3.6275243808E-06  3.7742392765E+01 -3.8115643894E+01  9.5044547885E-02
C9       -4.1419007100E-02 -6.2827204641E-05  3.7741351935E+01 -3.8114592770E+01  9.9229591407E-02
C10      -4.9367989500E-02 -1.3451607386E-04  3.7747540371E+01 -3.8120842407E+01  1.1093546472E-01
C11      -3.8295774500E-02 -2.0662318341E-04  3.7732492204E+01 -3.8105645421E+01  1.1245268529E-01
C12      -4.6762787400E-02 -1.8047826803E-04  3.7734171488E+01 -3.8107341313E+01  1.1249734599E-01
C13      -3.7237033100E-02  3.0100357560E-05  3.7731354569E+01 -3.8104496536E+01  1.1415635765E-01
C14      -4.8219655100E-02  6.3276393351E-06  3.7736240793E+01 -3.8109431082E+01  1.1660108295E-01
H15       3.4709219480E-02 -2.7083016926E-06  6.0793548025E-01 -6.1394762171E-01  1.4437992662E-01
H16       3.1620542780E-02  7.2106544787E-06  6.1016611094E-01 -6.1620031208E-01  1.4326280224E-01
H17       3.6345428050E-02 -1.2660735331E-05  6.0846412020E-01 -6.1448148961E-01  1.4229647899E-01
H18       5.4504188910E-02  3.9813934183E-05  6.0041140773E-01 -6.0634914032E-01  1.3837433890E-01
H19       3.6459153320E-02  1.9239553552E-05  6.0060034218E-01 -6.0653994322E-01  1.5032574744E-01
H20       3.5604106760E-02  2.6663485546E-05  6.0090851735E-01 -6.0685116608E-01  1.5044158402E-01
H21       3.6701796670E-02  2.0609603930E-05  6.0058423322E-01 -6.0652367496E-01  1.5024306703E-01
H22       3.9747920640E-02  2.8759517547E-05  5.9917534716E-01 -6.0510085580E-01  1.4955834448E-01
C23      -2.9710836300E-02 -1.7965468391E-04  3.7690428049E+01 -3.8063165276E+01  1.8021588566E-01
C24       4.8696854800E-02  4.6313087066E-05  3.7646326152E+01 -3.8018627236E+01  2.8495754105E-01
C25       9.7376808450E-01  2.9234748850E-05  3.7137480010E+01 -3.7504748890E+01  1.0350525791E+00
N26      -1.2531033696E+00  1.7134200265E-05  5.4960458004E+01 -5.5503986155E+01  6.7942807020E-01
C27      -2.4540591300E-02 -1.9107716214E-04  3.7697940351E+01 -3.8070751871E+01  8.3302329781E-02
H28       2.2344220850E-02  2.5730877493E-05  6.0432134653E-01 -6.1029774623E-01  1.5216919631E-01
H29       1.4332049040E-02  2.2912760557E-05  6.1448940687E-01 -6.2056636299E-01  1.4177738546E-01
H30       2.0408055700E-02  2.7365494891E-05  6.0357052478E-01 -6.0953949927E-01  1.5348138712E-01
C31      -3.2265309900E-02 -1.3137852375E-04  3.7705020745E+01 -3.8077902286E+01  1.0490354623E-01
H32       5.6531237720E-02  3.8732793909E-05  5.9027803287E-01 -5.9611555206E-01  1.3483289635E-01
H33       2.0488259440E-02  2.7155721086E-05  6.0474866549E-01 -6.1072929113E-01  1.5259045301E-01
H34       1.3175895880E-02  4.2478585746E-05  6.1501320011E-01 -6.2109533625E-01  1.4157544906E-01
H35       1.0316409593E-01  3.9934231141E-05  5.7100002852E-01 -5.7664689904E-01  1.2859457459E-01
H36       6.7417906370E-02  2.1256520233E-05  5.8568335121E-01 -5.9147543157E-01  1.4240877914E-01
H37       8.4669319670E-02  2.3677690226E-05  5.8011605373E-01 -5.8585307664E-01  1.4087636878E-01
--------------------------------------------------------------------------------------------------
Total    -1.4740619000E-04 -1.2940007374E-04  7.8126186190E+02 -7.8898810421E+02
 
1st Largest |L(A)| = 2.5104814767E-04, atom C4      
2nd Largest |L(A)| = 2.3930820996E-04, atom C3      
 
Molecular charge q(Mol) from the wfn file:   0.0000000000E+00
Molecular energy E(Mol) from the wfn file:  -7.8898820823E+02
Molecular virial ratio (-V(Mol)/T(Mol)) from the wfn file:   2.0098894400E+00
Note.  K_Scaled(A) = (1+V(Mol)/T(Mol))*K(A) = (E(Mol)/T(Mol))*K(A)
       Only use K_Scaled(A) data with caution.
 
N_AIMInt(SumA)     =        138.000147
N_Analytic(Mol)    =        137.999976
 
G_AIMInt(SumA)     =        781.261991
G_Analytic(Mol)    =        781.261905
 
K_AIMInt(SumA)     =        781.261862
K_Analytic(Mol)    =        781.261905
 
L_AIMInt(SumA)     =         -0.000129
L_Analytic(Mol)    =          0.000000
 
VenT_AIMInt(SumA)  =      -4601.413972
VenT_Analytic(Mol) =      -4601.411642
 
Some Information About the Atomic Calculations:
----------------------------------------------
  Time(sec) = "Elapsed User Time", in Seconds, for Atom A by AIMInt and, if used, by TWOe
  NProc = Number of Processors Used for AIMInt Job
  BIM = Basin Integration Method
  OAQ = Angular Quadrature Outside of Beta Sphere
  ORQ = Multiple of Default for Radial Quadrature Outside of Beta Sphere
  IAQ = Multiple of Default for Angular Quadrature Inside of Beta Sphere
  IRQ = Multiple of Default for Radial Quadrature Inside of Beta Sphere
  MIR = Maximum Integration Radius
------------------------------------------------------------------------------------------------------
Atom A     Time(sec)   NProc      BIM          OAQ                     ORQ      IAQ      IRQ      MIR
------------------------------------------------------------------------------------------------------
C1             78        8     Proaim(5)    4500(GS4)                  1.00     1.00     1.00    13.00
C2            123        8     Proaim(5)    4500(GS4)                  1.00     1.00     1.00    13.00
C3             77        8     Proaim(5)    4500(GS4)                  1.00     1.00     1.00    13.00
C4             34        8     Proaim(5)    4500(GS4)                  1.00     1.00     1.00    13.00
C5             30        8     Proaim(5)    4500(GS4)                  1.00     1.00     1.00    13.00
C6            130        8     Proaim(5)    4500(GS4)                  1.00     1.00     1.00    13.00
C7             66        8     Proaim(5)    4500(GS4)                  1.00     1.00     1.00    13.00
C8             32        8     Proaim(5)    4500(GS4)                  1.00     1.00     1.00    13.00
C9             28        8     Proaim(5)    4500(GS4)                  1.00     1.00     1.00    13.00
C10            70        8     Proaim(5)    4500(GS4)                  1.00     1.00     1.00    13.00
C11            25        8     Proaim(5)    4500(GS4)                  1.00     1.00     1.00    13.00
C12            35        8     Proaim(5)    4500(GS4)                  1.00     1.00     1.00    13.00
C13            24        8     Proaim(5)    4500(GS4)                  1.00     1.00     1.00    13.00
C14            59        8     Proaim(5)    4500(GS4)                  1.00     1.00     1.00    13.00
H15            24        8     Proaim(5)    1800(GS4)                  1.00     1.00     1.00    13.00
H16            17        8     Proaim(5)    4500(GS4)                  1.00     1.00     1.00    13.00
H17            17        8     Proaim(5)    4500(GS4)                  1.00     1.00     1.00    13.00
H18            38        8     Proaim(5)    4500(GS4)                  1.00     1.00     1.00    13.00
H19             7        8     Proaim(5)    1800(GS4)                  1.00     1.00     1.00    13.00
H20             8        8     Proaim(5)    1800(GS4)                  1.00     1.00     1.00    13.00
H21             8        8     Proaim(5)    1800(GS4)                  1.00     1.00     1.00    13.00
H22             9        8     Proaim(5)    1800(GS4)                  1.00     1.00     1.00    13.00
C23            31        8     Proaim(5)    4500(GS4)                  1.00     1.00     1.00    13.00
C24            28        8     Proaim(5)    4500(GS4)                  1.00     1.00     1.00    13.00
C25            20        8     Proaim(5)    4500(GS4)                  1.00     1.00     1.00    13.00
N26            31        8     Proaim(5)    4500(GS4)                  1.00     1.00     1.00    13.00
C27            54        8     Proaim(5)    4500(GS4)                  1.00     1.00     1.00    13.00
H28            11        8     Proaim(5)    1800(GS4)                  1.00     1.00     1.00    13.00
H29            17        8     Proaim(5)    4500(GS4)                  1.00     1.00     1.00    13.00
H30             9        8     Proaim(5)    1800(GS4)                  1.00     1.00     1.00    13.00
C31            47        8     Proaim(5)    4500(GS4)                  1.00     1.00     1.00    13.00
H32            17        8     Proaim(5)    4500(GS4)                  1.00     1.00     1.00    13.00
H33             9        8     Proaim(5)    1800(GS4)                  1.00     1.00     1.00    13.00
H34            18        8     Proaim(5)    4500(GS4)                  1.00     1.00     1.00    13.00
H35            31        8     Proaim(5)    4500(GS4)                  1.00     1.00     1.00    13.00
H36             7        8     Proaim(5)    1800(GS4)                  1.00     1.00     1.00    13.00
H37             8        8     Proaim(5)    1800(GS4)                  1.00     1.00     1.00    13.00
------------------------------------------------------------------------------------------------------
Total        1277
Note:  Total wall clock time is less than total of atomic times if more than one atom
       was calculated at a time
 
Electron Density Critical Point Analysis of Molecular Structure:               
---------------------------------------------------------------                
  NACP = Nuclear Attractor Critical Point                                      
  NNACP = Non-Nuclear Attractor Critical Point                                 
  BCP = Bond Critical Point                                                    
  RCP = Ring Critical Point                                                    
  CCP = Cage Critical Point                                                    
  Rho = Electron Density                                                       
  GradRho = Gradient of Electron Density                                       
  HessRho_EigVals = Eigenvalues of the Hessian of Rho, Ascending Order         
  HessRho_EigVecs = Eigenvectors of the Hessian of Rho                         
  DelSqRho = Laplacian of Rho = Trace of Hessian of Rho                        
  Bond Ellipticity = (HessRho_EigVal(1) / HessRho_EigVal(2)) - 1               
  V = Virial Field = Potential Energy Density = Trace of Stress Tensor         
  G = Lagrangian Form of Kinetic Energy Density                                
  K = Hamiltonian Form of Kinetic Energy Density                               
  L = K - G = Lagrangian Density = (-1/4)DelSqRho                              
  Vnuc = Electrostatic Potential from Nuclei                                   
  Ven = Electron-nuclear attractive contribution to Virial Field V             
  Vrep = V - Ven = Repulsive contribution to Virial Field V                    
  DelSqV = Laplacian of V                                                      
  DelSqVen = Laplacian of Ven                                                  
  DelSqVrep = Laplacian of Vrep                                                
  DelSqG = Laplacian of G                                                      
  DelSqK = Laplacian of K                                                      
  Stress_EigVals = Eigenvalues of Stress Tensor, Ascending Order               
  Stress_EigVecs = Eigenvectors of Stress Tensor                               
  -DivStress = Ehrenfest Force Density = Minus Divergence of Stress Tensor     
  ESP = Total Electrostatic Potential                                          
  ESPe = Electrostatic Potential from Electrons                                
  ESPn = Electrostatic Potential from Nuclei                                   
  BP = Bond Path                                                               
  BPL = Bond Path Length                                                       
  GBL = Geometric Bond Length                                                  
  GBL_I = Distance Between Nuclear Attractors                                  
  GBL_II = Distance Between Nuclei                                             
  GBL_III = Sum of Distances Between BCP and Nuclear Attractors                
  GBL_IV = Sum of Distances Between BCP and Nuclei                             

CP# 1      Coords = -2.61039321803499E+00 -2.89526243931561E+00  5.16697950898804E-01
           Type = (3,-3) NACP C1
           Rho =  1.1763390113E+02     Rho at Nucleus =  1.1763390105E+02
           GradRho = -5.4812380329E-11 -2.0379928647E-10  1.0000773820E-10
           HessRho_EigVals = -1.4494770339E+05 -1.4494697324E+05 -1.4494671702E+05
           HessRho_EigVec1 =  4.0416817709E-01  2.9251628463E-01  8.6665004924E-01
           HessRho_EigVec2 = -4.2207750968E-01 -7.8093543810E-01  4.6042417111E-01
           HessRho_EigVec3 =  8.1147930377E-01 -5.5188229247E-01 -1.9216470748E-01
           DelSqRho = -4.3484139365E+05
           Bond Ellipticity = NA
           V = -1.0872064999E+05
           G =  5.1507897955E+00
           K =  1.0871549920E+05
           L =  1.0871034841E+05
           Vnuc =  5.9184637126E+06
           Ven = -6.9621197520E+08
           Vrep =  6.9610325455E+08
           DelSqV =  2.4942773424E+09
           DelSqVen =  2.5735930184E+12
           DelSqVrep = -2.5710987410E+12
           DelSqG =  1.3397517831E+08
           DelSqK = -2.6282525207E+09
           Stress_EigVals = -3.6240432307E+04 -3.6240324404E+04 -3.6239893280E+04
           Stress_EigVec1 =  8.3612574988E-01 -5.0259950744E-01 -2.1974409097E-01
           Stress_EigVec2 = -3.7355407122E-01 -8.1506845227E-01  4.4285525173E-01
           Stress_EigVec3 =  4.0168530751E-01  2.8819637963E-01  8.6924781306E-01
           -DivStress =  2.5108047331E+02  7.0768081407E+02 -3.4208260411E+02
           ESP =  -1.4731194314E+01     ESP at Nucleus =  -1.4731194320E+01
           ESPe = -3.7759024147E+01     ESPe at Nucleus = -3.7759025390E+01
           ESPn =  2.3027829834E+01     ESPn at Nucleus =  2.3027831070E+01

CP# 2      Coords = -7.35362489137132E-01  1.59641093009120E+00 -1.92777620862182E+00
           Type = (3,-3) NACP C2
           Rho =  1.1764319845E+02     Rho at Nucleus =  1.1764319841E+02
           GradRho =  2.8260366269E-11  5.5302706858E-11 -2.9389740641E-11
           HessRho_EigVals = -1.4495914866E+05 -1.4495821635E+05 -1.4495803556E+05
           HessRho_EigVec1 =  4.1153771854E-01  3.0708254289E-01  8.5810082046E-01
           HessRho_EigVec2 =  4.0101714780E-01  7.8447472001E-01 -4.7305883443E-01
           HessRho_EigVec3 = -8.1842651068E-01  5.3879469700E-01  1.9969557104E-01
           DelSqRho = -4.3487540056E+05
           Bond Ellipticity = NA
           V = -1.0872912965E+05
           G =  5.1397563476E+00
           K =  1.0872398990E+05
           L =  1.0871885014E+05
           Vnuc =  8.4640612799E+06
           Ven = -9.9573924084E+08
           Vrep =  9.9563051171E+08
           DelSqV =  2.4944711443E+09
           DelSqVen =  3.6808141046E+12
           DelSqVrep = -3.6783196334E+12
           DelSqG =  1.3398547978E+08
           DelSqK = -2.6284566241E+09
           Stress_EigVals = -3.6243261473E+04 -3.6243175346E+04 -3.6242692833E+04
           Stress_EigVec1 =  8.4465603644E-01 -4.8215294621E-01 -2.3256121035E-01
           Stress_EigVec2 = -3.3958571659E-01 -8.1845490573E-01  4.6347935054E-01
           Stress_EigVec3 =  4.1380879787E-01  3.1250616593E-01  8.5504513043E-01
           -DivStress = -1.9634424016E+02 -4.7287507224E+02  2.6799145919E+02
           ESP =  -1.4732249782E+01     ESP at Nucleus =  -1.4732249785E+01
           ESPe = -3.8342972069E+01     ESPe at Nucleus = -3.8342972805E+01
           ESPn =  2.3610722287E+01     ESPn at Nucleus =  2.3610723020E+01

CP# 3      Coords = -4.07383184132153E+00 -6.62010368188710E-01  4.62353656035433E-01
           Type = (3,-3) NACP C3
           Rho =  1.1763726543E+02     Rho at Nucleus =  1.1763726541E+02
           GradRho = -2.1176060905E-11  1.9885232350E-11 -9.5912167097E-13
           HessRho_EigVals = -1.4495113124E+05 -1.4495014268E+05 -1.4495001227E+05
           HessRho_EigVec1 =  4.1464740871E-01  2.8697987670E-01  8.6354506357E-01
           HessRho_EigVec2 =  4.9136661043E-01  7.2811942950E-01 -4.7791312029E-01
           HessRho_EigVec3 = -7.6591538737E-01  6.2248264776E-01  1.6090050539E-01
           DelSqRho = -4.3485128620E+05
           Bond Ellipticity = NA
           V = -1.0872319829E+05
           G =  5.1883698526E+00
           K =  1.0871800992E+05
           L =  1.0871282155E+05
           Vnuc =  1.1676170637E+07
           Ven = -1.3735527844E+09
           Vrep =  1.3734440612E+09
           DelSqV =  2.4943340298E+09
           DelSqVen =  5.0773989786E+12
           DelSqVrep = -5.0749046445E+12
           DelSqG =  1.3397737202E+08
           DelSqK = -2.6283114018E+09
           Stress_EigVals = -3.6241276782E+04 -3.6241216003E+04 -3.6240705505E+04
           Stress_EigVec1 = -7.1255604740E-01  6.9278750287E-01  1.1094753347E-01
           Stress_EigVec2 =  5.6516026962E-01  6.6045685599E-01 -4.9435878775E-01
           Stress_EigVec3 =  4.1576164922E-01  2.8955520587E-01  8.6214849869E-01
           -DivStress =  2.1453791046E+02 -3.5842810417E+02  1.8516186317E+01
           ESP =  -1.4735074864E+01     ESP at Nucleus =  -1.4735074866E+01
           ESPe = -3.8139324843E+01     ESPe at Nucleus = -3.8139324930E+01
           ESPn =  2.3404249979E+01     ESPn at Nucleus =  2.3404250065E+01

CP# 4      Coords = -1.82653176610372E-01 -2.88883613052686E+00 -5.97672519739320E-01
           Type = (3,-3) NACP C4
           Rho =  1.1763525656E+02     Rho at Nucleus =  1.1763525654E+02
           GradRho =  2.8344326886E-11 -1.2478906797E-12 -1.6354639865E-11
           HessRho_EigVals = -1.4494835459E+05 -1.4494730282E+05 -1.4494720845E+05
           HessRho_EigVec1 =  3.9865618733E-01  2.9981842751E-01  8.6670765246E-01
           HessRho_EigVec2 = -9.9975124673E-02 -9.2521250519E-01  3.6604206684E-01
           HessRho_EigVec3 =  9.1163491528E-01 -2.3257414038E-01 -3.3886730512E-01
           DelSqRho = -4.3484286586E+05
           Bond Ellipticity = NA
           V = -1.0872106637E+05
           G =  5.1749527707E+00
           K =  1.0871589142E+05
           L =  1.0871071647E+05
           Vnuc =  1.1707442078E+07
           Ven = -1.3772079525E+09
           Vrep =  1.3770992314E+09
           DelSqV =  2.4942852701E+09
           DelSqVen =  5.0908931031E+12
           DelSqVrep = -5.0883982935E+12
           DelSqG =  1.3397441499E+08
           DelSqK = -2.6282596850E+09
           Stress_EigVals = -3.6240568814E+04 -3.6240509783E+04 -3.6239987774E+04
           Stress_EigVec1 =  9.1490464829E-01 -2.0908106291E-01 -3.4530362534E-01
           Stress_EigVec2 = -7.6451613033E-02 -9.2967701534E-01  3.6035509987E-01
           Stress_EigVec3 =  3.9636427109E-01  3.0329153677E-01  8.6655040726E-01
           -DivStress = -3.8498108477E+02  4.3226184199E+01  1.5497004477E+02
           ESP =  -1.4730831458E+01     ESP at Nucleus =  -1.4730831460E+01
           ESPe = -3.8623698927E+01     ESPe at Nucleus = -3.8623698965E+01
           ESPn =  2.3892867468E+01     ESPn at Nucleus =  2.3892867505E+01

CP# 5      Coords = -3.13886768866244E+00  1.60462453167757E+00 -7.60232884332311E-01
           Type = (3,-3) NACP C5
           Rho =  1.1763381646E+02     Rho at Nucleus =  1.1763381644E+02
           GradRho = -5.1324500205E-12 -2.2759572005E-14  1.8178236694E-11
           HessRho_EigVals = -1.4494592487E+05 -1.4494489140E+05 -1.4494477887E+05
           HessRho_EigVec1 =  4.2293192097E-01  2.9522839497E-01  8.5671978209E-01
           HessRho_EigVec2 =  1.9585772714E-01  8.9330813519E-01 -4.0452481545E-01
           HessRho_EigVec3 = -8.8474196292E-01  3.3888164660E-01  3.1998576321E-01
           DelSqRho = -4.3483559514E+05
           Bond Ellipticity = NA
           V = -1.0871925528E+05
           G =  5.1782494250E+00
           K =  1.0871407703E+05
           L =  1.0870889878E+05
           Vnuc =  1.1992852802E+07
           Ven = -1.4107650454E+09
           Vrep =  1.4106563262E+09
           DelSqV =  2.4942431125E+09
           DelSqVen =  5.2149176238E+12
           DelSqVrep = -5.2124225943E+12
           DelSqG =  1.3397153511E+08
           DelSqK = -2.6282146476E+09
           Stress_EigVals = -3.6239966429E+04 -3.6239903585E+04 -3.6239385269E+04
           Stress_EigVec1 = -8.9755376050E-01  2.6893885187E-01  3.4938394492E-01
           Stress_EigVec2 =  1.2847525554E-01  9.1756712102E-01 -3.7625083008E-01
           Stress_EigVec3 =  4.2177168673E-01  2.9281815583E-01  8.5811780770E-01
           -DivStress =  3.5744848707E+02  3.7170854575E+01 -1.9115783073E+02
           ESP =  -1.4733116635E+01     ESP at Nucleus =  -1.4733116636E+01
           ESPe = -3.8302082367E+01     ESPe at Nucleus = -3.8302082481E+01
           ESPn =  2.3568965732E+01     ESPn at Nucleus =  2.3568965845E+01

CP# 6      Coords =  7.49395537422939E-01 -6.22665146883785E-01 -1.82503543903399E+00
           Type = (3,-3) NACP C6
           Rho =  1.1763861907E+02     Rho at Nucleus =  1.1763861905E+02
           GradRho =  2.8790969608E-11 -5.0090084858E-11  2.1609658507E-12
           HessRho_EigVals = -1.4495370963E+05 -1.4495276591E+05 -1.4495261119E+05
           HessRho_EigVec1 =  3.9991932247E-01  3.0539627899E-01  8.6417454735E-01
           HessRho_EigVec2 =  5.0041160332E-01  7.1717406498E-01 -4.8502534757E-01
           HessRho_EigVec3 = -7.6788850934E-01  6.2641397917E-01  1.3398792454E-01
           DelSqRho = -4.3485908674E+05
           Bond Ellipticity = NA
           V = -1.0872514977E+05
           G =  5.1890416188E+00
           K =  1.0871996073E+05
           L =  1.0871477168E+05
           Vnuc =  9.4265385704E+06
           Ven = -1.1089249801E+09
           Vrep =  1.1088162549E+09
           DelSqV =  2.4943796086E+09
           DelSqVen =  4.0992159826E+12
           DelSqVrep = -4.0967210787E+12
           DelSqG =  1.3398070443E+08
           DelSqK = -2.6283603130E+09
           Stress_EigVals = -3.6241927736E+04 -3.6241859978E+04 -3.6241362054E+04
           Stress_EigVec1 = -7.2301364395E-01  6.8503742200E-01  8.9302861829E-02
           Stress_EigVec2 =  5.6517041529E-01  6.6087313680E-01 -4.9379054136E-01
           Stress_EigVec3 =  3.9728286188E-01  3.0654596315E-01  8.6498317910E-01
           -DivStress = -2.4317667194E+02  4.5191231029E+02 -6.3535869794E+01
           ESP =  -1.4735235864E+01     ESP at Nucleus =  -1.4735235866E+01
           ESPe = -3.9074967191E+01     ESPe at Nucleus = -3.9074967211E+01
           ESPn =  2.4339731328E+01     ESPn at Nucleus =  2.4339731345E+01

CP# 7      Coords = -6.52298431732935E+00 -5.73816192018427E-01  1.61864081554727E+00
           Type = (3,-3) NACP C7
           Rho =  1.1766635075E+02     Rho at Nucleus =  1.1766635073E+02
           GradRho =  5.2184423449E-11 -5.9839355693E-12  4.2921777244E-12
           HessRho_EigVals = -1.4499087157E+05 -1.4498992281E+05 -1.4498966798E+05
           HessRho_EigVec1 =  4.1991379881E-01  2.8923112706E-01  8.6024284752E-01
           HessRho_EigVec2 =  7.9463430613E-01  3.4073490906E-01 -5.0245003859E-01
           HessRho_EigVec3 = -4.3843895937E-01  8.9456418266E-01 -8.6753685907E-02
           DelSqRho = -4.3497046235E+05
           Bond Ellipticity = NA
           V = -1.0875297972E+05
           G =  5.1820657270E+00
           K =  1.0874779765E+05
           L =  1.0874261559E+05
           Vnuc =  1.2204830737E+07
           Ven = -1.4360978943E+09
           Vrep =  1.4359891413E+09
           DelSqV =  2.4950190726E+09
           DelSqVen =  5.3087442043E+12
           DelSqVrep = -5.3062491852E+12
           DelSqG =  1.3401809391E+08
           DelSqK = -2.6290371665E+09
           Stress_EigVals = -3.6251231555E+04 -3.6251137461E+04 -3.6250610704E+04
           Stress_EigVec1 = -3.9813803361E-01  9.1031571357E-01 -1.1318748972E-01
           Stress_EigVec2 =  8.1562920101E-01  2.9482725153E-01 -4.9782115083E-01
           Stress_EigVec3 =  4.1980365964E-01  2.9052055588E-01  8.5986202030E-01
           -DivStress = -3.3948784389E+02  1.6717976172E+02  1.0935819315E+02
           ESP =  -1.4744327758E+01     ESP at Nucleus =  -1.4744327760E+01
           ESPe = -3.4860740969E+01     ESPe at Nucleus = -3.4860740432E+01
           ESPn =  2.0116413211E+01     ESPn at Nucleus =  2.0116412672E+01

CP# 8      Coords =  1.44471382633945E+00 -5.05885320228448E+00 -5.70759756781026E-01
           Type = (3,-3) NACP C8
           Rho =  1.1766668953E+02     Rho at Nucleus =  1.1766668951E+02
           GradRho = -3.6781272472E-11  1.5347723092E-12  5.7592819402E-12
           HessRho_EigVals = -1.4499129510E+05 -1.4499033886E+05 -1.4499009527E+05
           HessRho_EigVec1 =  4.0058610469E-01  3.1326379039E-01  8.6104388411E-01
           HessRho_EigVec2 = -2.9974808392E-01  9.3283397615E-01 -1.9992963544E-01
           HessRho_EigVec3 =  8.6584170546E-01  1.7800722056E-01 -4.6758054976E-01
           DelSqRho = -4.3497172923E+05
           Bond Ellipticity = NA
           V = -1.0875328496E+05
           G =  5.1763287291E+00
           K =  1.0874810864E+05
           L =  1.0874293231E+05
           Vnuc =  1.1653652423E+07
           Ven = -1.3712467016E+09
           Vrep =  1.3711379483E+09
           DelSqV =  2.4950261460E+09
           DelSqVen =  5.0690124677E+12
           DelSqVrep = -5.0665179659E+12
           DelSqG =  1.3401847237E+08
           DelSqK = -2.6290446183E+09
           Stress_EigVals = -3.6251330230E+04 -3.6251241582E+04 -3.6250713153E+04
           Stress_EigVec1 =  8.5989906723E-01  2.0069060035E-01 -4.6935794136E-01
           Stress_EigVec2 =  3.1939775370E-01 -9.2877898278E-01  1.8802839169E-01
           Stress_EigVec3 =  3.9819426052E-01  3.1159731078E-01  8.6275630789E-01
           -DivStress =  3.4755718132E+02 -1.9185372103E+02 -1.1248778931E+02
           ESP =  -1.4740132584E+01     ESP at Nucleus =  -1.4740132587E+01
           ESPe = -3.5607766329E+01     ESPe at Nucleus = -3.5607765895E+01
           ESPn =  2.0867633745E+01     ESPn at Nucleus =  2.0867633309E+01

CP# 9      Coords = -4.73051857644686E+00  3.79913735420230E+00 -7.20225755747915E-01
           Type = (3,-3) NACP C9
           Rho =  1.1766644688E+02     Rho at Nucleus =  1.1766644685E+02
           GradRho =  8.2081119679E-11 -1.7707391109E-11 -8.8523632868E-13
           HessRho_EigVals = -1.4498998754E+05 -1.4498899410E+05 -1.4498874211E+05
           HessRho_EigVec1 =  4.2127364666E-01  2.8300022277E-01  8.6164922593E-01
           HessRho_EigVec2 =  3.2881995105E-01 -9.3308606006E-01  1.4569778421E-01
           HessRho_EigVec3 =  8.4522538676E-01  2.2194881942E-01 -4.8614068657E-01
           DelSqRho = -4.3496772376E+05
           Bond Ellipticity = NA
           V = -1.0875228825E+05
           G =  5.1786542231E+00
           K =  1.0874710959E+05
           L =  1.0874193094E+05
           Vnuc =  1.0817414374E+07
           Ven = -1.2728467137E+09
           Vrep =  1.2727379615E+09
           DelSqV =  2.4950022078E+09
           DelSqVen =  4.7052258017E+12
           DelSqVrep = -4.7027307995E+12
           DelSqG =  1.3401620494E+08
           DelSqK = -2.6290184127E+09
           Stress_EigVals = -3.6251003288E+04 -3.6250911639E+04 -3.6250373320E+04
           Stress_EigVec1 =  8.4129494333E-01  2.3517738781E-01 -4.8673854849E-01
           Stress_EigVec2 =  3.4033237797E-01 -9.2998980232E-01  1.3889866839E-01
           Stress_EigVec3 =  4.1999606049E-01  2.8250763501E-01  8.6243419768E-01
           -DivStress = -3.5486422505E+02  2.5584567879E+02  8.3571582217E+01
           ESP =  -1.4743872880E+01     ESP at Nucleus =  -1.4743872883E+01
           ESPe = -3.5064943765E+01     ESPe at Nucleus = -3.5064943103E+01
           ESPn =  2.0321070885E+01     ESPn at Nucleus =  2.0321070220E+01

CP# 10     Coords =  3.22498188662553E+00 -6.87664658434311E-01 -2.92826939777999E+00
           Type = (3,-3) NACP C10
           Rho =  1.1767953209E+02     Rho at Nucleus =  1.1767953207E+02
           GradRho = -4.3523573634E-11 -5.5642157548E-12  4.2856385107E-11
           HessRho_EigVals = -1.4500938125E+05 -1.4500829565E+05 -1.4500805331E+05
           HessRho_EigVec1 =  3.8902542126E-01  2.8949292116E-01  8.7455878603E-01
           HessRho_EigVec2 =  8.7164530173E-01  1.9157902689E-01 -4.5114514785E-01
           HessRho_EigVec3 = -2.9815044790E-01  9.3781198812E-01 -1.7780603297E-01
           DelSqRho = -4.3502573022E+05
           Bond Ellipticity = NA
           V = -1.0876679034E+05
           G =  5.1788920806E+00
           K =  1.0876161145E+05
           L =  1.0875643255E+05
           Vnuc =  1.0634088661E+07
           Ven = -1.2514145778E+09
           Vrep =  1.2513058110E+09
           DelSqV =  2.4953370128E+09
           DelSqVen =  4.6261034680E+12
           DelSqVrep = -4.6236079999E+12
           DelSqG =  1.3403722585E+08
           DelSqK = -2.6293742387E+09
           Stress_EigVals = -3.6255844594E+04 -3.6255752745E+04 -3.6255192999E+04
           Stress_EigVec1 = -2.9033403335E-01  9.3845558077E-01 -1.8710230356E-01
           Stress_EigVec2 =  8.7381070724E-01  1.8029673045E-01 -4.5160595313E-01
           Stress_EigVec3 =  3.9007819343E-01  2.9460857405E-01  8.7237881170E-01
           -DivStress =  3.7301323714E+02  6.8387415709E+01 -2.5238762213E+02
           ESP =  -1.4744168516E+01     ESP at Nucleus =  -1.4744168516E+01
           ESPe = -3.6479855022E+01     ESPe at Nucleus = -3.6479854116E+01
           ESPn =  2.1735686506E+01     ESPn at Nucleus =  2.1735685600E+01

CP# 11     Coords = -7.97106674605349E+00  1.56980225909996E+00  1.60210609383060E+00
           Type = (3,-3) NACP C11
           Rho =  1.1766376432E+02     Rho at Nucleus =  1.1766376428E+02
           GradRho = -8.0238593547E-12  8.5619941692E-11 -1.2710679731E-11
           HessRho_EigVals = -1.4498596047E+05 -1.4498489012E+05 -1.4498471268E+05
           HessRho_EigVec1 =  4.1966439120E-01  2.8773226572E-01  8.6086697115E-01
           HessRho_EigVec2 =  7.7792197418E-01  3.7465382416E-01 -5.0445209299E-01
           HessRho_EigVec3 = -4.6767424650E-01  8.8138791421E-01 -6.6604383154E-02
           DelSqRho = -4.3495556327E+05
           Bond Ellipticity = NA
           V = -1.0874921637E+05
           G =  5.1627736167E+00
           K =  1.0874405359E+05
           L =  1.0873889082E+05
           Vnuc =  8.2313658799E+06
           Ven = -9.6853349491E+08
           Vrep =  9.6842474569E+08
           DelSqV =  2.4949316151E+09
           DelSqVen =  3.5802799145E+12
           DelSqVrep = -3.5777849829E+12
           DelSqG =  1.3401164903E+08
           DelSqK = -2.6289432641E+09
           Stress_EigVals = -3.6249971076E+04 -3.6249903625E+04 -3.6249341664E+04
           Stress_EigVec1 = -6.5445877919E-01  7.5315809284E-01  6.6607758706E-02
           Stress_EigVec2 =  6.2922562274E-01  5.9136993202E-01 -5.0433790180E-01
           Stress_EigVec3 =  4.1923599801E-01  2.8815705906E-01  8.6093361375E-01
           -DivStress =  2.2074090052E+02 -5.4532671045E+02  7.2295214972E+01
           ESP =  -1.4741918083E+01     ESP at Nucleus =  -1.4741918087E+01
           ESPe = -3.3052685211E+01     ESPe at Nucleus = -3.3052685886E+01
           ESPn =  1.8310767128E+01     ESPn at Nucleus =  1.8310767799E+01

CP# 12     Coords =  3.79511420283494E+00 -5.03403071179908E+00 -1.65579167581525E+00
           Type = (3,-3) NACP C12
           Rho =  1.1766720777E+02     Rho at Nucleus =  1.1766720773E+02
           GradRho =  3.7556291410E-11  7.6445405561E-11 -2.4803770149E-11
           HessRho_EigVals = -1.4499213400E+05 -1.4499109979E+05 -1.4499093389E+05
           HessRho_EigVec1 =  3.8883684273E-01  3.1144629649E-01  8.6706811390E-01
           HessRho_EigVec2 =  2.6522410540E-01 -9.3912827867E-01  2.1839013282E-01
           HessRho_EigVec3 =  8.8230498335E-01  1.4504923510E-01 -4.4777074016E-01
           DelSqRho = -4.3497416768E+05
           Bond Ellipticity = NA
           V = -1.0875386555E+05
           G =  5.1618127418E+00
           K =  1.0874870373E+05
           L =  1.0874354192E+05
           Vnuc =  8.8057517269E+06
           Ven = -1.0361482180E+09
           Vrep =  1.0360394641E+09
           DelSqV =  2.4950399769E+09
           DelSqVen =  3.8302748508E+12
           DelSqVrep = -3.8277798108E+12
           DelSqG =  1.3401930862E+08
           DelSqK = -2.6290592855E+09
           Stress_EigVals = -3.6251515042E+04 -3.6251451309E+04 -3.6250899194E+04
           Stress_EigVec1 =  9.1932931833E-01 -1.1620935904E-01 -3.7593748062E-01
           Stress_EigVec2 =  1.5147823272E-02 -9.4423497438E-01  3.2892378541E-01
           Stress_EigVec3 =  3.9319733965E-01  3.0808391394E-01  8.6630257650E-01
           -DivStress = -4.8794721178E+02 -1.5626752238E+02  2.1033965138E+02
           ESP =  -1.4739257748E+01     ESP at Nucleus =  -1.4739257752E+01
           ESPe = -3.4167138064E+01     ESPe at Nucleus = -3.4167138570E+01
           ESPn =  1.9427880316E+01     ESPn at Nucleus =  1.9427880818E+01

CP# 13     Coords = -7.05581796728979E+00  3.79425579586888E+00  4.14104205659771E-01
           Type = (3,-3) NACP C13
           Rho =  1.1766106108E+02     Rho at Nucleus =  1.1766106104E+02
           GradRho = -1.1074943740E-10 -3.9780290173E-11  4.7941487585E-11
           HessRho_EigVals = -1.4498254363E+05 -1.4498151508E+05 -1.4498134743E+05
           HessRho_EigVec1 =  4.2046981710E-01  2.8636507424E-01  8.6092983289E-01
           HessRho_EigVec2 =  2.0925123705E-01 -9.5391160167E-01  2.1509666664E-01
           HessRho_EigVec3 =  8.8284712873E-01  8.9708976462E-02 -4.6101328271E-01
           DelSqRho = -4.3494540613E+05
           Bond Ellipticity = NA
           V = -1.0874668254E+05
           G =  5.1655025991E+00
           K =  1.0874151704E+05
           L =  1.0873635153E+05
           Vnuc =  8.1335839650E+06
           Ven = -9.5700611974E+08
           Vrep =  9.5689737306E+08
           DelSqV =  2.4948736122E+09
           DelSqVen =  3.5376627712E+12
           DelSqVrep = -3.5351678976E+12
           DelSqG =  1.3400848394E+08
           DelSqK = -2.6288820961E+09
