AIMSum (Version 19.02.13, Professional)
Copyright (c) 1997-2019 by Todd A. Keith
AIMSum is a component of the AIMAll package ( http://aim.tkgristmill.com )

TP:  64-bit Linux

Much of the Quantum Theory of Atoms in Molecules (QTAIM) is described in the book:
  "Atoms in Molecules - A Quantum Theory"
  R.F.W. Bader, Oxford University Press, Oxford, 1990

For additional references see:  http://aim.tkgristmill.com/references.html

Wfn File:  /home/mhennefarth/Documents/ML_Diels/summary-jones2006/8-opt/8-opt.wfn
Sum File:  /home/mhennefarth/Documents/ML_Diels/summary-jones2006/8-opt/8-opt.sum

SumViz File:  /home/mhennefarth/Documents/ML_Diels/summary-jones2006/8-opt/8-opt.sumviz

Wfn Title:   Title Card Required                                                           
 
Total memory allocated for AIMSum =        2.812 Megabytes

Atomic units (a.u.) used throughout, except where stated otherwise

Model:  Restricted SCF
 
Restricted, closed-shell, single-determinant wavefunction.
  Number of electrons (from MO Occs)                   =         174.0000000000
  Number of Alpha electrons (from MO Occs)             =          87.0000000000
  Number of Beta electrons (from MO Occs)              =          87.0000000000
  Number of electron pairs (N*(N-1)/2)                 =       15051.0000000000
  Number of electron pairs (from Muller 2EDM)          =       15051.0000000000
 
Nuclear Charges and Cartesian Coordinates:
-------------------------------------------------------------------------------
Atom      Charge                X                  Y                  Z
-------------------------------------------------------------------------------
C1         6.0          -2.4920600000E-03   2.7133801200E+00  -2.1414386100E+00
C2         6.0           2.3125882200E+00   1.3651175000E+00  -2.2723403000E+00
C3         6.0          -2.3127512900E+00   1.3572944200E+00  -2.2726366300E+00
C4         6.0          -2.3102749000E+00  -1.3772838000E+00  -2.2672475800E+00
C5         6.0           2.3150512100E+00  -1.3690509000E+00  -2.2643385000E+00
C6         6.0           4.7337800000E-03  -2.7247241100E+00  -2.1282539100E+00
C7         6.0           4.6943774400E+00  -2.6405228200E+00  -2.3855437300E+00
C8         6.0          -4.6922488100E+00   2.6278376600E+00  -2.4019086400E+00
C9         6.0           4.6908501500E+00   2.6377911200E+00  -2.4033933400E+00
C10        6.0          -4.6886464500E+00  -2.6503783700E+00  -2.3938816600E+00
C11        6.0           6.9328672000E+00   1.3355026400E+00  -2.5255844000E+00
C12        6.0          -6.9305732800E+00  -1.3488119100E+00  -2.5238860100E+00
C13        6.0           6.9349434200E+00  -1.3367286500E+00  -2.5161811700E+00
C14        6.0          -6.9326760400E+00   1.3234286300E+00  -2.5276558900E+00
C15        6.0          -1.3682820000E-02   5.5680456100E+00  -1.9902522500E+00
C16        6.0           1.9598850000E-02  -5.5785580800E+00  -1.9625147300E+00
C17        6.0          -1.2410820000E-02  -1.3000080800E+00   3.8979363000E+00
C18        6.0           7.6492200000E-03   1.3205933000E+00   3.8912715600E+00
C19        6.0           2.3121048400E+00   2.7163481300E+00   3.9487502700E+00
N20        7.0           4.1672752800E+00   3.8992584900E+00   3.9927782600E+00
C21        6.0          -2.2751904700E+00   2.7514392700E+00   3.9465774500E+00
N22        7.0          -4.1113291000E+00   3.9638377700E+00   3.9880963000E+00
C23        6.0           2.2702457200E+00  -2.7307498600E+00   3.9621040700E+00
N24        7.0           4.1059942000E+00  -3.9434816900E+00   4.0110712500E+00
C25        6.0          -2.3170589400E+00  -2.6952269700E+00   3.9608514400E+00
N26        7.0          -4.1725659000E+00  -3.8774011900E+00   4.0096593100E+00
H27        1.0          -4.7363850000E+00  -4.6952264000E+00  -2.4246837700E+00
H28        1.0           4.7383591800E+00   4.6825109600E+00  -2.4436262400E+00
H29        1.0          -8.7047344000E+00  -2.3755803400E+00  -2.6245239000E+00
H30        1.0           8.7107784400E+00  -2.3610045300E+00  -2.6128417600E+00
H31        1.0           4.7421686800E+00  -4.6856037500E+00  -2.4101160100E+00
H32        1.0          -4.7404611900E+00   4.6727151500E+00  -2.4370728600E+00
H33        1.0           8.7071618800E+00   2.3616943700E+00  -2.6299340600E+00
H34        1.0          -8.7084081000E+00   2.3472545900E+00  -2.6306824800E+00
H35        1.0          -6.8798440000E-02   6.4343145300E+00  -3.8760992600E+00
H36        1.0           1.0151324000E-01  -6.4543387900E+00  -3.8429883600E+00
H37        1.0          -1.6460047400E+00   6.2661956900E+00  -9.3875122000E-01
H38        1.0           1.6408922500E+00  -6.2663016200E+00  -8.8691021000E-01
H39        1.0           1.6589412200E+00   6.2892313600E+00  -1.0229794100E+00
H40        1.0          -1.6626692900E+00  -6.2997641200E+00  -1.0126287000E+00
 
Some Atomic Properties:
----------------------
  q(A) = Net Charge of Atom A
  L(A) = Lagrangian of Atom A = -(1/4) Times Atomic Integral of the Laplacian of the Electron Density
  K(A) = Electronic Kinetic Energy of Atom A (Hamiltonian Form)
  K_Scaled(A) = K(A) * E(Mol)/K(Mol) = Approximation to Virial-Based Total Energy of Atom A.
  |Mu_Intra(A)| = Magnitude of Intraatomic Dipole Moment of Atom A
--------------------------------------------------------------------------------------------------
Atom A          q(A)              L(A)              K(A)          K_Scaled(A)      |Mu_Intra(A)|
--------------------------------------------------------------------------------------------------
C1       -2.1898313200E-02  2.4499305606E-04  3.7715697324E+01 -3.8081112270E+01  5.2422186509E-02
C2       -3.0160574000E-03  9.1488934445E-05  3.7731422557E+01 -3.8096989859E+01  9.2603303841E-03
C3       -3.9877224000E-03 -9.1199295464E-04  3.7731613166E+01 -3.8097182315E+01  1.0854462381E-02
C4       -2.9956804000E-03  8.2487355300E-05  3.7731066732E+01 -3.8096630586E+01  9.2930298370E-03
C5       -3.2960017000E-03 -3.7817984365E-05  3.7732206782E+01 -3.8097781682E+01  8.7953162571E-03
C6       -2.1890599700E-02  2.7111887039E-04  3.7715689807E+01 -3.8081104679E+01  5.2526466088E-02
C7       -3.2888196200E-02 -1.9559725825E-05  3.7741403712E+01 -3.8107067718E+01  1.1001928687E-01
C8       -3.2782307300E-02  4.1248653155E-05  3.7741398369E+01 -3.8107062323E+01  1.0996212538E-01
C9       -3.2648760200E-02 -2.0083132814E-04  3.7741034530E+01 -3.8106694959E+01  1.1010567470E-01
C10      -3.2426619100E-02 -2.8638325845E-05  3.7741064015E+01 -3.8106724729E+01  1.0965641127E-01
C11      -2.3331122700E-02 -1.2965325771E-05  3.7729069442E+01 -3.8094613945E+01  1.2036770218E-01
C12      -2.3284648100E-02  3.4804640483E-05  3.7729116319E+01 -3.8094661276E+01  1.2040778736E-01
C13      -2.3497019600E-02  1.5379506175E-05  3.7729219782E+01 -3.8094765741E+01  1.2010845716E-01
C14      -2.3551165100E-02 -4.0361255394E-05  3.7729232825E+01 -3.8094778911E+01  1.2050487871E-01
C15      -3.2825684600E-02 -1.3028924708E-04  3.7706293258E+01 -3.8071617090E+01  1.1433548037E-01
C16      -3.2835911400E-02 -1.6701965166E-04  3.7706281389E+01 -3.8071605106E+01  1.1429267509E-01
C17       2.0025577160E-01  4.6975380321E-04  3.7568321329E+01 -3.7932308397E+01  1.2297610218E-01
C18       2.0023579460E-01  3.8459599588E-04  3.7568281208E+01 -3.7932267887E+01  1.2328201603E-01
C19       9.9515415090E-01  4.8327670587E-04  3.7146149880E+01 -3.7506046668E+01  9.2969304024E-01
N20      -1.1633054729E+00  9.8905871079E-05  5.4923128644E+01 -5.5455260713E+01  6.5684448215E-01
C21       9.9512849840E-01  4.0572775583E-04  3.7146164689E+01 -3.7506061621E+01  9.2997390478E-01
N22      -1.1638445151E+00 -1.0470826364E-05  5.4923172070E+01 -5.5455304560E+01  6.5642764003E-01
C23       9.9519097450E-01  4.6800904690E-04  3.7146201907E+01 -3.7506099199E+01  9.3002618401E-01
N24      -1.1640322080E+00  5.3240806945E-06  5.4923296601E+01 -5.5455430298E+01  6.5666231721E-01
C25       9.9504943370E-01  3.7203848585E-04  3.7146100765E+01 -3.7505997077E+01  9.2957311807E-01
N26      -1.1632472609E+00  1.1228388442E-04  5.4923128596E+01 -5.5455260664E+01  6.5689084242E-01
H27       5.0397512890E-02  2.7306635680E-05  6.0228403900E-01 -6.0811937030E-01  1.4072603640E-01
H28       5.0460823910E-02  1.9790059451E-05  6.0222553162E-01 -6.0806029606E-01  1.4072881392E-01
H29       5.2135389240E-02  2.1341045398E-05  5.9485440789E-01 -6.0061775595E-01  1.4666509699E-01
H30       5.2123850830E-02  2.7582502470E-05  5.9484870037E-01 -6.0061199313E-01  1.4663653100E-01
H31       5.0934594520E-02  3.1937880688E-05  6.0195466875E-01 -6.0778680889E-01  1.4077093155E-01
H32       5.0847256190E-02  4.7325146286E-06  6.0200287425E-01 -6.0783548143E-01  1.4073742336E-01
H33       5.2131269820E-02  2.6228307976E-05  5.9485883573E-01 -6.0062222669E-01  1.4663746791E-01
H34       5.2128089920E-02  1.6771660907E-05  5.9483770161E-01 -6.0060088781E-01  1.4667132573E-01
H35       3.4738430690E-02  2.6207537037E-05  5.9518500903E-01 -6.0095156017E-01  1.5037980686E-01
H36       3.4732229070E-02  2.5637363345E-05  5.9518916924E-01 -6.0095576069E-01  1.5038091769E-01
H37       3.6341152470E-02  9.1974033085E-05  6.0294001410E-01 -6.0878170093E-01  1.4103227209E-01
H38       3.6298877460E-02 -1.0623658361E-04  6.0275124008E-01 -6.0859109794E-01  1.4099422830E-01
H39       3.4836565930E-02  5.1743371112E-05  6.0392394264E-01 -6.0977516242E-01  1.4080580180E-01
H40       3.4591127960E-02  1.3211563283E-06  6.0408595544E-01 -6.0993874491E-01  1.4071476646E-01
--------------------------------------------------------------------------------------------------
Total     2.1265286000E-03  2.2878275052E-03  1.0554576978E+03 -1.0656836791E+03
 
1st Largest |L(A)| = 9.1199295464E-04, atom C3      
2nd Largest |L(A)| = 4.8327670587E-04, atom C19     
 
Molecular charge q(Mol) from the wfn file:   0.0000000000E+00
Molecular energy E(Mol) from the wfn file:  -1.0656830805E+03
Molecular virial ratio (-V(Mol)/T(Mol)) from the wfn file:   2.0096886700E+00
Note.  K_Scaled(A) = (1+V(Mol)/T(Mol))*K(A) = (E(Mol)/T(Mol))*K(A)
       Only use K_Scaled(A) data with caution.
 
Note.  Potentially significant cumulative integration error.
 
N_AIMInt(SumA)     =        173.997873
N_Analytic(Mol)    =        173.999974
 
G_AIMInt(SumA)     =       1055.455410
G_Analytic(Mol)    =       1055.457043
 
K_AIMInt(SumA)     =       1055.457698
K_Analytic(Mol)    =       1055.457043
 
L_AIMInt(SumA)     =          0.002288
L_Analytic(Mol)    =          0.000000
 
VenT_AIMInt(SumA)  =      -6828.782246
VenT_Analytic(Mol) =      -6828.839172
 
Some Information About the Atomic Calculations:
----------------------------------------------
  Time(sec) = "Elapsed User Time", in Seconds, for Atom A by AIMInt and, if used, by TWOe
  NProc = Number of Processors Used for AIMInt Job
  BIM = Basin Integration Method
  OAQ = Angular Quadrature Outside of Beta Sphere
  ORQ = Multiple of Default for Radial Quadrature Outside of Beta Sphere
  IAQ = Multiple of Default for Angular Quadrature Inside of Beta Sphere
  IRQ = Multiple of Default for Radial Quadrature Inside of Beta Sphere
  MIR = Maximum Integration Radius
------------------------------------------------------------------------------------------------------
Atom A     Time(sec)   NProc      BIM          OAQ                     ORQ      IAQ      IRQ      MIR
------------------------------------------------------------------------------------------------------
C1            224        8    Promega(1)    4500(GS4)                  1.00     1.00     1.00    13.00
C2            182        8    Promega(1)    4500(GS4)                  1.00     1.00     1.00    13.00
C3            130        8     Proaim(5)    9000(GS9)                  1.00     1.00     1.00    13.00
C4            182        8    Promega(1)    4500(GS4)                  1.00     1.00     1.00    13.00
C5            180        8    Promega(1)    4500(GS4)                  1.00     1.00     1.00    13.00
C6            178        8    Promega(1)    4500(GS4)                  1.00     1.00     1.00    13.00
C7             91        8     Proaim(5)    4500(GS4)                  1.00     1.00     1.00    13.00
C8             92        8     Proaim(5)    4500(GS4)                  1.00     1.00     1.00    13.00
C9             72        8     Proaim(5)    4500(GS4)                  1.00     1.00     1.00    13.00
C10            77        8     Proaim(5)    4500(GS4)                  1.00     1.00     1.00    13.00
C11            32        8     Proaim(5)    4500(GS4)                  1.00     1.00     1.00    13.00
C12            34        8     Proaim(5)    4500(GS4)                  1.00     1.00     1.00    13.00
C13            34        8     Proaim(5)    4500(GS4)                  1.00     1.00     1.00    13.00
C14            33        8     Proaim(5)    4500(GS4)                  1.00     1.00     1.00    13.00
C15            77        8     Proaim(5)    4500(GS4)                  1.00     1.00     1.00    13.00
C16            59        8     Proaim(5)    4500(GS4)                  1.00     1.00     1.00    13.00
C17           184        8    Promega(1)    4500(GS4)                  1.00     1.00     1.00    13.00
C18           183        8    Promega(1)    4500(GS4)                  1.00     1.00     1.00    13.00
C19           187        8    Promega(1)    4500(GS4)                  1.00     1.00     1.00    13.00
N20            51        8     Proaim(5)    2700(GS4)                  1.00     1.00     1.00    13.00
C21           186        8    Promega(1)    4500(GS4)                  1.00     1.00     1.00    13.00
N22           139        8    Promega(1)    2700(GS4)                  1.00     1.00     1.00    13.00
C23           186        8    Promega(1)    4500(GS4)                  1.00     1.00     1.00    13.00
N24            88        8     Proaim(5)    4500(GS4)                  1.00     1.00     1.00    13.00
C25           187        8    Promega(1)    4500(GS4)                  1.00     1.00     1.00    13.00
N26            51        8     Proaim(5)    2700(GS4)                  1.00     1.00     1.00    13.00
H27            22        8     Proaim(5)    4500(GS4)                  1.00     1.00     1.00    13.00
H28            21        8     Proaim(5)    4500(GS4)                  1.00     1.00     1.00    13.00
H29             9        8     Proaim(5)    1800(GS4)                  1.00     1.00     1.00    13.00
H30            10        8     Proaim(5)    1800(GS4)                  1.00     1.00     1.00    13.00
H31            22        8     Proaim(5)    4500(GS4)                  1.00     1.00     1.00    13.00
H32            22        8     Proaim(5)    4500(GS4)                  1.00     1.00     1.00    13.00
H33             9        8     Proaim(5)    1800(GS4)                  1.00     1.00     1.00    13.00
H34             9        8     Proaim(5)    1800(GS4)                  1.00     1.00     1.00    13.00
H35            10        8     Proaim(5)    1800(GS4)                  1.00     1.00     1.00    13.00
H36            11        8     Proaim(5)    1800(GS4)                  1.00     1.00     1.00    13.00
H37           155        8    Promega(1)    4500(GS4)                  1.00     1.00     1.00    13.00
H38            34        8     Proaim(5)    4500(GS4)                  1.00     1.00     1.00    13.00
H39            30        8     Proaim(5)    4500(GS4)                  1.00     1.00     1.00    13.00
H40            29        8     Proaim(5)    4500(GS4)                  1.00     1.00     1.00    13.00
------------------------------------------------------------------------------------------------------
Total        3512
Note:  Total wall clock time is less than total of atomic times if more than one atom
       was calculated at a time
 
Electron Density Critical Point Analysis of Molecular Structure:               
---------------------------------------------------------------                
  NACP = Nuclear Attractor Critical Point                                      
  NNACP = Non-Nuclear Attractor Critical Point                                 
  BCP = Bond Critical Point                                                    
  RCP = Ring Critical Point                                                    
  CCP = Cage Critical Point                                                    
  Rho = Electron Density                                                       
  GradRho = Gradient of Electron Density                                       
  HessRho_EigVals = Eigenvalues of the Hessian of Rho, Ascending Order         
  HessRho_EigVecs = Eigenvectors of the Hessian of Rho                         
  DelSqRho = Laplacian of Rho = Trace of Hessian of Rho                        
  Bond Ellipticity = (HessRho_EigVal(1) / HessRho_EigVal(2)) - 1               
  V = Virial Field = Potential Energy Density = Trace of Stress Tensor         
  G = Lagrangian Form of Kinetic Energy Density                                
  K = Hamiltonian Form of Kinetic Energy Density                               
  L = K - G = Lagrangian Density = (-1/4)DelSqRho                              
  Vnuc = Electrostatic Potential from Nuclei                                   
  Ven = Electron-nuclear attractive contribution to Virial Field V             
  Vrep = V - Ven = Repulsive contribution to Virial Field V                    
  DelSqV = Laplacian of V                                                      
  DelSqVen = Laplacian of Ven                                                  
  DelSqVrep = Laplacian of Vrep                                                
  DelSqG = Laplacian of G                                                      
  DelSqK = Laplacian of K                                                      
  Stress_EigVals = Eigenvalues of Stress Tensor, Ascending Order               
  Stress_EigVecs = Eigenvectors of Stress Tensor                               
  -DivStress = Ehrenfest Force Density = Minus Divergence of Stress Tensor     
  ESP = Total Electrostatic Potential                                          
  ESPe = Electrostatic Potential from Electrons                                
  ESPn = Electrostatic Potential from Nuclei                                   
  BP = Bond Path                                                               
  BPL = Bond Path Length                                                       
  GBL = Geometric Bond Length                                                  
  GBL_I = Distance Between Nuclear Attractors                                  
  GBL_II = Distance Between Nuclei                                             
  GBL_III = Sum of Distances Between BCP and Nuclear Attractors                
  GBL_IV = Sum of Distances Between BCP and Nuclei                             

CP# 1      Coords = -2.49205759764894E-03  2.71338069050337E+00 -2.14143840790168E+00
           Type = (3,-3) NACP C1
           Rho =  1.1767942997E+02     Rho at Nucleus =  1.1767942994E+02
           GradRho =  1.8124705020E-13  2.0150722481E-11  2.4124205238E-12
           HessRho_EigVals = -1.4500923826E+05 -1.4500799355E+05 -1.4500783995E+05
           HessRho_EigVec1 =  1.9719134908E-04 -5.7591523894E-02  9.9834021130E-01
           HessRho_EigVec2 = -9.7078561366E-03  9.9829307632E-01  5.7590722294E-02
           HessRho_EigVec3 =  9.9995285821E-01  9.7030995389E-03  3.6223547016E-04
           DelSqRho = -4.3502507176E+05
           Bond Ellipticity = NA
           V = -1.0876648489E+05
           G =  5.1084739738E+00
           K =  1.0876137641E+05
           L =  1.0875626794E+05
           Vnuc =  9.9133414863E+06
           Ven = -1.1665963752E+09
           Vrep =  1.1664876087E+09
           DelSqV =  2.4953308875E+09
           DelSqVen =  4.3125498184E+12
           DelSqVrep = -4.3100547496E+12
           DelSqG =  1.3403653760E+08
           DelSqK = -2.6293674251E+09
           Stress_EigVals = -3.6255733259E+04 -3.6255655763E+04 -3.6255095865E+04
           Stress_EigVec1 =  9.9999500258E-01  3.1612309312E-03  3.7861730500E-05
           Stress_EigVec2 = -3.1573709723E-03  9.9802199201E-01  6.2786419549E-02
           Stress_EigVec3 =  1.6069553184E-04 -6.2786225323E-02  9.9802698565E-01
           -DivStress = -1.9515923928E+00 -4.6604137022E+02 -1.6094258774E+02
           ESP =  -1.4699498671E+01     ESP at Nucleus =  -1.4699498673E+01
           ESPe = -4.3508658532E+01     ESPe at Nucleus = -4.3508659134E+01
           ESPn =  2.8809159861E+01     ESPn at Nucleus =  2.8809160460E+01

CP# 2      Coords =  2.31258825816265E+00  1.36511725603631E+00 -2.27234015320899E+00
           Type = (3,-3) NACP C2
           Rho =  1.1764635816E+02     Rho at Nucleus =  1.1764635816E+02
           GradRho =  1.6800304800E-11  3.9754448648E-12  4.0173636986E-12
           HessRho_EigVals = -1.4496501029E+05 -1.4496401182E+05 -1.4496390505E+05
           HessRho_EigVec1 =  2.5676132151E-02 -1.7267324185E-02  9.9952117324E-01
           HessRho_EigVec2 = -1.8415105605E-01  9.8265823858E-01  2.1706558901E-02
           HessRho_EigVec3 =  9.8256252971E-01  1.8462022007E-01 -2.2051066809E-02
           DelSqRho = -4.3489292716E+05
           Bond Ellipticity = NA
           V = -1.0873361433E+05
           G =  5.1912691544E+00
           K =  1.0872842306E+05
           L =  1.0872323179E+05
           Vnuc =  2.0886528934E+07
           Ven = -2.4572240637E+09
           Vrep =  2.4571153301E+09
           DelSqV =  2.4945748990E+09
           DelSqVen =  9.0833955062E+12
           DelSqVrep = -9.0809019799E+12
           DelSqG =  1.3399275937E+08
           DelSqK = -2.6285676584E+09
           Stress_EigVals = -3.6244743394E+04 -3.6244693531E+04 -3.6244177404E+04
           Stress_EigVec1 =  9.9863318803E-01 -2.9797926393E-02 -4.2939950490E-02
           Stress_EigVec2 =  3.0128959535E-02  9.9952092630E-01  7.0826332786E-03
           Stress_EigVec3 =  4.2708331303E-02 -8.3666886814E-03  9.9905254965E-01
           -DivStress = -3.3306160177E+01  1.9658209426E+02 -1.1774327085E+02
           ESP =  -1.4709054957E+01     ESP at Nucleus =  -1.4709054957E+01
           ESPe = -4.3865429384E+01     ESPe at Nucleus = -4.3865429119E+01
           ESPn =  2.9156374427E+01     ESPn at Nucleus =  2.9156374162E+01

CP# 3      Coords = -2.31275133212810E+00  1.35729416736718E+00 -2.27263648815516E+00
           Type = (3,-3) NACP C3
           Rho =  1.1764621083E+02     Rho at Nucleus =  1.1764621083E+02
           GradRho = -2.8627345123E-11  1.0456088306E-12 -1.0388787920E-11
           HessRho_EigVals = -1.4496481740E+05 -1.4496382618E+05 -1.4496371606E+05
           HessRho_EigVec1 = -2.5886136357E-02 -1.8346057681E-02  9.9949653832E-01
           HessRho_EigVec2 =  1.7035024870E-01  9.8512679513E-01  2.2494227755E-02
           HessRho_EigVec3 =  9.8504350194E-01 -1.7084677253E-01  2.2375871059E-02
           DelSqRho = -4.3489235964E+05
           Bond Ellipticity = NA
           V = -1.0873347384E+05
           G =  5.1919648287E+00
           K =  1.0872828188E+05
           L =  1.0872308991E+05
           Vnuc =  2.0493477682E+07
           Ven = -2.4109799961E+09
           Vrep =  2.4108712627E+09
           DelSqV =  2.4945716657E+09
           DelSqVen =  8.9124388209E+12
           DelSqVrep = -8.9099442492E+12
           DelSqG =  1.3399258347E+08
           DelSqK = -2.6285642492E+09
           Stress_EigVals = -3.6244696307E+04 -3.6244645981E+04 -3.6244131552E+04
           Stress_EigVec1 =  9.9841391348E-01  3.6335031176E-02  4.3004916886E-02
           Stress_EigVec2 = -3.6701580012E-02  9.9929610531E-01  7.7645305380E-03
           Stress_EigVec3 = -4.2692521494E-02 -9.3305637188E-03  9.9904468828E-01
           -DivStress =  3.6536126738E+01  2.0360369615E+02 -1.1371543387E+02
           ESP =  -1.4709255880E+01     ESP at Nucleus =  -1.4709255880E+01
           ESPe = -4.3870862736E+01     ESPe at Nucleus = -4.3870862474E+01
           ESPn =  2.9161606856E+01     ESPn at Nucleus =  2.9161606594E+01

CP# 4      Coords = -2.31027493775352E+00 -1.37728355364258E+00 -2.26724743398515E+00
           Type = (3,-3) NACP C4
           Rho =  1.1764624374E+02     Rho at Nucleus =  1.1764624374E+02
           GradRho = -2.3009293852E-11  1.7063737576E-13  8.9758786341E-12
           HessRho_EigVals = -1.4496485134E+05 -1.4496385324E+05 -1.4496374554E+05
           HessRho_EigVec1 = -2.6436365477E-02  2.2066598948E-02  9.9940691602E-01
           HessRho_EigVec2 = -1.8393549432E-01  9.8257939755E-01 -2.6560524073E-02
           HessRho_EigVec3 =  9.8258274588E-01  1.8452856885E-01  2.1916997279E-02
           DelSqRho = -4.3489245013E+05
           Bond Ellipticity = NA
           V = -1.0873349433E+05
           G =  5.1909006099E+00
           K =  1.0872830343E+05
           L =  1.0872311253E+05
           Vnuc =  2.0771642900E+07
           Ven = -2.4437057635E+09
           Vrep =  2.4435970300E+09
           DelSqV =  2.4945721589E+09
           DelSqVen =  9.0334465884E+12
           DelSqVrep = -9.0309551620E+12
           DelSqG =  1.3399259339E+08
           DelSqK = -2.6285647523E+09
           Stress_EigVals = -3.6244703564E+04 -3.6244653362E+04 -3.6244137407E+04
           Stress_EigVec1 =  9.9861322496E-01 -2.9203363658E-02  4.3804000880E-02
           Stress_EigVec2 =  2.9751195467E-02  9.9948641357E-01 -1.1906949936E-02
           Stress_EigVec3 = -4.3433780751E-02  1.3193659067E-02  9.9896918574E-01
           -DivStress =  3.2974911007E+01 -1.9851671120E+02 -1.1711539050E+02
           ESP =  -1.4708978261E+01     ESP at Nucleus =  -1.4708978262E+01
           ESPe = -4.3864280361E+01     ESPe at Nucleus = -4.3864280094E+01
           ESPn =  2.9155302100E+01     ESPn at Nucleus =  2.9155301832E+01

CP# 5      Coords =  2.31505125229950E+00 -1.36905064882519E+00 -2.26433836057464E+00
           Type = (3,-3) NACP C5
           Rho =  1.1764633852E+02     Rho at Nucleus =  1.1764633851E+02
           GradRho =  2.9207669540E-11  3.6184021545E-12 -8.5412783617E-12
           HessRho_EigVals = -1.4496500081E+05 -1.4496400918E+05 -1.4496389996E+05
           HessRho_EigVec1 =  2.5164566361E-02  2.3399457171E-02  9.9940943062E-01
           HessRho_EigVec2 =  1.7093612060E-01  9.8490205678E-01 -2.7363867108E-02
           HessRho_EigVec3 =  9.8496070342E-01 -1.7152377081E-01 -2.0784820734E-02
           DelSqRho = -4.3489290994E+05
           Bond Ellipticity = NA
           V = -1.0873361212E+05
           G =  5.1923159579E+00
           K =  1.0872841980E+05
           L =  1.0872322749E+05
           Vnuc =  2.0662986684E+07
           Ven = -2.4309247262E+09
           Vrep =  2.4308159926E+09
           DelSqV =  2.4945748511E+09
           DelSqVen =  8.9861967053E+12
           DelSqVrep = -8.9837031790E+12
           DelSqG =  1.3399277954E+08
           DelSqK = -2.6285676306E+09
           Stress_EigVals = -3.6244742219E+04 -3.6244692268E+04 -3.6244177631E+04
           Stress_EigVec1 =  9.9843969047E-01  3.6284072783E-02 -4.2445854476E-02
           Stress_EigVec2 = -3.6855391387E-02  9.9923919937E-01 -1.2755491378E-02
           Stress_EigVec3 =  4.1950740465E-02  1.4299947443E-02  9.9901734063E-01
           -DivStress = -3.6675303874E+01 -2.0241536997E+02 -1.1176346706E+02
           ESP =  -1.4709332673E+01     ESP at Nucleus =  -1.4709332673E+01
           ESPe = -4.3871333839E+01     ESPe at Nucleus = -4.3871333580E+01
           ESPn =  2.9162001166E+01     ESPn at Nucleus =  2.9162000907E+01

CP# 6      Coords =  4.73377826684413E-03 -2.72472467922897E+00 -2.12825370475843E+00
           Type = (3,-3) NACP C6
           Rho =  1.1767942033E+02     Rho at Nucleus =  1.1767942031E+02
           GradRho = -1.2350352945E-13 -2.7893092838E-11  2.2686535810E-11
           HessRho_EigVals = -1.4500921823E+05 -1.4500797331E+05 -1.4500781963E+05
           HessRho_EigVec1 = -9.4957626045E-04  6.2545274263E-02  9.9804167597E-01
           HessRho_EigVec2 = -1.4192817868E-02  9.9794075700E-01 -6.2552453481E-02
           HessRho_EigVec3 =  9.9989882599E-01  1.4224422057E-02  5.9927166037E-05
           DelSqRho = -4.3502501117E+05
           Bond Ellipticity = NA
           V = -1.0876646968E+05
           G =  5.1084429496E+00
           K =  1.0876136124E+05
           L =  1.0875625279E+05
           Vnuc =  9.9157084507E+06
           Ven = -1.1668748227E+09
           Vrep =  1.1667660562E+09
           DelSqV =  2.4953305323E+09
           DelSqVen =  4.3135782093E+12
           DelSqVrep = -4.3110820923E+12
           DelSqG =  1.3403651083E+08
           DelSqK = -2.6293670432E+09
           Stress_EigVals = -3.6255728206E+04 -3.6255650715E+04 -3.6255090757E+04
           Stress_EigVec1 =  9.9999493397E-01  3.1093732443E-03  6.8104648858E-04
           Stress_EigVec2 = -3.0560988877E-03  9.9769840429E-01 -6.7738868789E-02
           Stress_EigVec3 = -8.9010442111E-04  6.7736444277E-02  9.9770285247E-01
           -DivStress =  1.4041116683E+00  4.6502304468E+02 -1.6350515711E+02
           ESP =  -1.4699493736E+01     ESP at Nucleus =  -1.4699493739E+01
           ESPe = -4.3507742423E+01     ESPe at Nucleus = -4.3507743024E+01
           ESPn =  2.8808248686E+01     ESPn at Nucleus =  2.8808249285E+01

CP# 7      Coords =  4.69437685600364E+00 -2.64052250144262E+00 -2.38554364933890E+00
           Type = (3,-3) NACP C7
           Rho =  1.1767395421E+02     Rho at Nucleus =  1.1767395417E+02
           GradRho = -6.9316341295E-11  3.0936985883E-11  7.2140245166E-12
           HessRho_EigVals = -1.4499970662E+05 -1.4499863372E+05 -1.4499837880E+05
           HessRho_EigVec1 =  6.2410186153E-02 -1.2554697517E-03  9.9804979458E-01
           HessRho_EigVec2 =  7.5281678637E-01 -6.5648486321E-01 -4.7901049551E-02
           HessRho_EigVec3 =  6.5526472119E-01  7.5433815241E-01 -4.0026203816E-02
           DelSqRho = -4.3499671913E+05
           Bond Ellipticity = NA
           V = -1.0875954342E+05
           G =  5.1818189853E+00
           K =  1.0875436160E+05
           L =  1.0874917978E+05
           Vnuc =  8.9538852174E+06
           Ven = -1.0536390790E+09
           Vrep =  1.0535303195E+09
           DelSqV =  2.4951683967E+09
           DelSqVen =  3.8949109105E+12
           DelSqVrep = -3.8924154799E+12
           DelSqG =  1.3402548922E+08
           DelSqK = -2.6291938859E+09
           Stress_EigVals = -3.6253428385E+04 -3.6253338357E+04 -3.6252776679E+04
           Stress_EigVec1 =  6.4213954216E-01  7.6576686965E-01 -3.5467023148E-02
           Stress_EigVec2 =  7.6413028878E-01 -6.4309721513E-01 -5.0307789301E-02
           Stress_EigVec3 =  6.1332782148E-02 -5.2031941492E-03  9.9810381054E-01
           -DivStress =  4.6849889343E+02 -2.6106505812E+02 -6.7395668200E+01
           ESP =  -1.4721820341E+01     ESP at Nucleus =  -1.4721820343E+01
           ESPe = -3.9987439078E+01     ESPe at Nucleus = -3.9987437771E+01
           ESPn =  2.5265618737E+01     ESPn at Nucleus =  2.5265617429E+01

CP# 8      Coords = -4.69224822390774E+00  2.62783734199654E+00 -2.40190855667365E+00
           Type = (3,-3) NACP C8
           Rho =  1.1767394086E+02     Rho at Nucleus =  1.1767394083E+02
           GradRho =  2.4941726419E-11 -4.2611952974E-11  1.9245972871E-11
           HessRho_EigVals = -1.4499968064E+05 -1.4499860832E+05 -1.4499835285E+05
           HessRho_EigVec1 = -6.3185805847E-02  6.3779699049E-03  9.9798140035E-01
           HessRho_EigVec2 =  7.5321561669E-01 -6.5572460477E-01  5.1879451355E-02
           HessRho_EigVec3 =  6.5473184489E-01  7.5497322085E-01  3.6628501031E-02
           DelSqRho = -4.3499664182E+05
           Bond Ellipticity = NA
           V = -1.0875952414E+05
           G =  5.1818433560E+00
           K =  1.0875434230E+05
           L =  1.0874916046E+05
           Vnuc =  8.9286993235E+06
           Ven = -1.0506752362E+09
           Vrep =  1.0505664766E+09
           DelSqV =  2.4951679409E+09
           DelSqVen =  3.8839514563E+12
           DelSqVrep = -3.8814562883E+12
           DelSqG =  1.3402545607E+08
           DelSqK = -2.6291933970E+09
           Stress_EigVals = -3.6253421976E+04 -3.6253331861E+04 -3.6252770305E+04
           Stress_EigVec1 =  6.4201537958E-01  7.6602239417E-01  3.2030360814E-02
           Stress_EigVec2 =  7.6417331841E-01 -6.4273121368E-01  5.4182343906E-02
           Stress_EigVec3 = -6.2091801481E-02  1.0309150976E-02  9.9801719905E-01
           -DivStress = -4.7020075525E+02  2.6059483392E+02 -6.9570605887E+01
           ESP =  -1.4721817592E+01     ESP at Nucleus =  -1.4721817593E+01
           ESPe = -3.9987461993E+01     ESPe at Nucleus = -3.9987460683E+01
           ESPn =  2.5265644401E+01     ESPn at Nucleus =  2.5265643090E+01

CP# 9      Coords =  4.69084955968603E+00  2.63779080610126E+00 -2.40339325368623E+00
           Type = (3,-3) NACP C9
           Rho =  1.1767377330E+02     Rho at Nucleus =  1.1767377327E+02
           GradRho = -9.6143176536E-11 -1.7735555429E-11  2.5164662021E-11
           HessRho_EigVals = -1.4499942564E+05 -1.4499835551E+05 -1.4499810042E+05
           HessRho_EigVec1 =  6.3214166223E-02  9.0132254540E-03  9.9795928322E-01
           HessRho_EigVec2 =  7.5335838017E-01  6.5541888921E-01 -5.3639823773E-02
           HessRho_EigVec3 = -6.5456483270E-01  7.5521178582E-01  3.4641569680E-02
           DelSqRho = -4.3499588157E+05
           Bond Ellipticity = NA
           V = -1.0875933408E+05
           G =  5.1818438811E+00
           K =  1.0875415224E+05
           L =  1.0874897039E+05
           Vnuc =  8.9003679316E+06
           Ven = -1.0473398782E+09
           Vrep =  1.0472311189E+09
           DelSqV =  2.4951635525E+09
           DelSqVen =  3.8716254454E+12
           DelSqVrep = -3.8691300197E+12
           DelSqG =  1.3402517274E+08
           DelSqK = -2.6291887252E+09
           Stress_EigVals = -3.6253358233E+04 -3.6253268517E+04 -3.6252707330E+04
           Stress_EigVec1 = -6.4299598900E-01  7.6527712116E-01  3.0117867737E-02
           Stress_EigVec2 =  7.6335752823E-01  6.4357369923E-01 -5.5661276887E-02
           Stress_EigVec3 =  6.1979369289E-02  1.2799276709E-02  9.9799535886E-01
           -DivStress =  4.7362246216E+02  2.5721048760E+02 -7.2027460799E+01
           ESP =  -1.4721702648E+01     ESP at Nucleus =  -1.4721702650E+01
           ESPe = -3.9979437004E+01     ESPe at Nucleus = -3.9979435694E+01
           ESPn =  2.5257734356E+01     ESPn at Nucleus =  2.5257733045E+01

CP# 10     Coords = -4.68864585769828E+00 -2.65037805625173E+00 -2.39388157392817E+00
           Type = (3,-3) NACP C10
           Rho =  1.1767375348E+02     Rho at Nucleus =  1.1767375345E+02
           GradRho =  1.0233258620E-10  2.3059770022E-11  7.1250332023E-12
           HessRho_EigVals = -1.4499939127E+05 -1.4499832170E+05 -1.4499806613E+05
           HessRho_EigVec1 = -6.3928104580E-02 -4.3095144311E-03  9.9794520167E-01
           HessRho_EigVec2 =  7.5349077831E-01  6.5546970949E-01  5.1098991571E-02
           HessRho_EigVec3 = -6.5434306326E-01  7.5520916840E-01 -3.8655756754E-02
           DelSqRho = -4.3499577909E+05
           Bond Ellipticity = NA
           V = -1.0875930852E+05
           G =  5.1818726729E+00
           K =  1.0875412665E+05
           L =  1.0874894477E+05
           Vnuc =  8.8787607837E+06
           Ven = -1.0447971077E+09
           Vrep =  1.0446883484E+09
           DelSqV =  2.4951629578E+09
           DelSqVen =  3.8622223401E+12
           DelSqVrep = -3.8597271771E+12
           DelSqG =  1.3402513131E+08
           DelSqK = -2.6291880892E+09
           Stress_EigVals = -3.6253349734E+04 -3.6253259920E+04 -3.6252698864E+04
           Stress_EigVec1 = -6.4312554051E-01  7.6499737344E-01 -3.4184174367E-02
           Stress_EigVec2 =  7.6319015506E-01  6.4398234891E-01  5.3174444210E-02
           Stress_EigVec3 = -6.2692315059E-02 -8.1088178378E-03  9.9799996027E-01
           -DivStress = -4.7523734735E+02 -2.5708650674E+02 -7.1819383483E+01
           ESP =  -1.4721698773E+01     ESP at Nucleus =  -1.4721698775E+01
           ESPe = -3.9978509846E+01     ESPe at Nucleus = -3.9978508535E+01
           ESPn =  2.5256811073E+01     ESPn at Nucleus =  2.5256809760E+01

CP# 11     Coords =  6.93286739947149E+00  1.33550214354307E+00 -2.52558443664850E+00
           Type = (3,-3) NACP C11
           Rho =  1.1766829255E+02     Rho at Nucleus =  1.1766829253E+02
           GradRho =  4.8676682260E-11 -3.3095789428E-11  1.6239268610E-11
           HessRho_EigVals = -1.4499034494E+05 -1.4498910347E+05 -1.4498900218E+05
           HessRho_EigVec1 =  6.4945541151E-02  1.4810158505E-03  9.9788771076E-01
           HessRho_EigVec2 =  4.7604285178E-01  8.7882920837E-01 -3.2286619286E-02
           HessRho_EigVec3 =  8.7702068388E-01 -4.7713418354E-01 -5.6371011508E-02
           DelSqRho = -4.3496845059E+05
           Bond Ellipticity = NA
           V = -1.0875244092E+05
           G =  5.1641381076E+00
           K =  1.0874727679E+05
           L =  1.0874211265E+05
           Vnuc =  1.1188106410E+07
           Ven = -1.3164853781E+09
           Vrep =  1.3163766257E+09
           DelSqV =  2.4950038555E+09
           DelSqVen =  4.8664695276E+12
           DelSqVrep = -4.8639745237E+12
           DelSqG =  1.3401431847E+08
           DelSqK = -2.6290181739E+09
           Stress_EigVals = -3.6251048183E+04 -3.6250998934E+04 -3.6250393807E+04
           Stress_EigVec1 =  9.7612307808E-01 -2.0902442353E-01 -5.9097604020E-02
           Stress_EigVec2 =  2.0844734506E-01  9.7790538330E-01 -1.5835581659E-02
           Stress_EigVec3 =  6.1101888439E-02  3.1387380550E-03  9.9812659896E-01
           -DivStress = -1.5965057178E+02  4.0643057856E+02  2.8389208837E+01
           ESP =  -1.4721281814E+01     ESP at Nucleus =  -1.4721281815E+01
           ESPe = -3.7585930107E+01     ESPe at Nucleus = -3.7585930196E+01
           ESPn =  2.2864648294E+01     ESPn at Nucleus =  2.2864648382E+01

CP# 12     Coords = -6.93057347935066E+00 -1.34881141365374E+00 -2.52388604915848E+00
           Type = (3,-3) NACP C12
           Rho =  1.1766829090E+02     Rho at Nucleus =  1.1766829088E+02
           GradRho = -7.4058293189E-11  1.4791129882E-11  7.7307014956E-12
           HessRho_EigVals = -1.4499034382E+05 -1.4498910256E+05 -1.4498900133E+05
           HessRho_EigVec1 = -6.5632774301E-02  3.3523747202E-03  9.9783821360E-01
           HessRho_EigVec2 =  4.7655657362E-01  8.7868517989E-01  2.8393428582E-02
           HessRho_EigVec3 =  8.7669046480E-01 -4.7738989959E-01  5.9268142304E-02
           DelSqRho = -4.3496844770E+05
           Bond Ellipticity = NA
           V = -1.0875244033E+05
           G =  5.1642032757E+00
           K =  1.0874727613E+05
           L =  1.0874211193E+05
           Vnuc =  1.1187479926E+07
           Ven = -1.3164116423E+09
           Vrep =  1.3163028899E+09
           DelSqV =  2.4950038439E+09
           DelSqVen =  4.8662005678E+12
           DelSqVrep = -4.8637060883E+12
           DelSqG =  1.3401431882E+08
           DelSqK = -2.6290181628E+09
           Stress_EigVals = -3.6251047964E+04 -3.6250998726E+04 -3.6250393642E+04
           Stress_EigVec1 =  9.7608357060E-01 -2.0872334357E-01  6.0790040778E-02
           Stress_EigVec2 =  2.0842841806E-01  9.7797322260E-01  1.1223654725E-02
           Stress_EigVec3 = -6.1793670823E-02  1.7151470543E-03  9.9808747138E-01
           -DivStress =  1.5955401743E+02 -4.0634956266E+02  3.0442345231E+01
           ESP =  -1.4721299122E+01     ESP at Nucleus =  -1.4721299123E+01
           ESPe = -3.7586031926E+01     ESPe at Nucleus = -3.7586032015E+01
           ESPn =  2.2864732804E+01     ESPn at Nucleus =  2.2864732892E+01

CP# 13     Coords =  6.93494362194240E+00 -1.33672815110276E+00 -2.51618121157668E+00
           Type = (3,-3) NACP C13
           Rho =  1.1766832242E+02     Rho at Nucleus =  1.1766832240E+02
