AIMSum (Version 19.02.13, Professional)
Copyright (c) 1997-2019 by Todd A. Keith
AIMSum is a component of the AIMAll package ( http://aim.tkgristmill.com )

TP:  64-bit Linux

Much of the Quantum Theory of Atoms in Molecules (QTAIM) is described in the book:
  "Atoms in Molecules - A Quantum Theory"
  R.F.W. Bader, Oxford University Press, Oxford, 1990

For additional references see:  http://aim.tkgristmill.com/references.html

Wfn File:  /home/mhennefarth/Documents/ML_Diels/summary-paton2010/1-opt/1-opt.wfn
Sum File:  /home/mhennefarth/Documents/ML_Diels/summary-paton2010/1-opt/1-opt.sum

SumViz File:  /home/mhennefarth/Documents/ML_Diels/summary-paton2010/1-opt/1-opt.sumviz

Wfn Title:   Title Card Required                                                           
 
Total memory allocated for AIMSum =        1.869 Megabytes

Atomic units (a.u.) used throughout, except where stated otherwise

Model:  Restricted SCF
 
Restricted, closed-shell, single-determinant wavefunction.
  Number of electrons (from MO Occs)                   =         114.0000000000
  Number of Alpha electrons (from MO Occs)             =          57.0000000000
  Number of Beta electrons (from MO Occs)              =          57.0000000000
  Number of electron pairs (N*(N-1)/2)                 =        6441.0000000000
  Number of electron pairs (from Muller 2EDM)          =        6441.0000000000
 
Nuclear Charges and Cartesian Coordinates:
-------------------------------------------------------------------------------
Atom      Charge                X                  Y                  Z
-------------------------------------------------------------------------------
C1         6.0          -3.8305487600E+00  -1.9118499000E-01  -2.3810716600E+00
C2         6.0          -2.9742628900E+00   1.0600191700E+00  -3.5774549000E-01
C3         6.0           4.8466195500E+00  -1.2406145000E-01   1.4461510800E+00
C4         6.0           3.6633111000E+00  -7.3345481000E-01   3.6059774500E+00
H5         1.0           3.3333606400E+00   6.6495076000E-01   5.0744114100E+00
C6         6.0           5.3704567400E+00  -2.0628068500E+00  -5.3175701000E-01
C7         6.0           6.1685036800E+00  -4.3892320400E+00   8.2273820000E-02
H8         1.0           6.5169004700E+00  -5.8163223400E+00  -1.3545553400E+00
H9         1.0          -3.0294530300E+00   2.3962289000E-01  -4.2201265600E+00
O10        8.0          -3.8309520000E-02   3.2356550600E+00  -2.8403088100E+00
O11        8.0          -5.7015211000E-01   4.3931604600E+00   1.0750737700E+00
N12        7.0          -1.0527482600E+00   3.0295116100E+00  -7.4855206000E-01
H13        1.0           6.5297562200E+00  -4.9276518500E+00   2.0294519500E+00
H14        1.0           2.9935072300E+00  -2.6402054400E+00   3.9674063400E+00
C15        6.0          -3.8332465900E+00   6.6462706000E-01   2.3197428000E+00
H16        1.0          -2.1837624000E+00   6.4612033000E-01   3.5683581800E+00
H17        1.0          -4.9892422000E+00   2.2775158800E+00   2.9281649400E+00
C18        6.0          -5.8620670400E+00  -2.1652158000E+00  -2.1921165700E+00
H19        1.0          -4.9920039400E+00  -4.0268509400E+00  -2.5247357300E+00
H20        1.0          -7.2100594000E+00  -1.9054083400E+00  -3.7484390600E+00
C21        6.0          -7.2231917600E+00  -2.1236400100E+00   3.7389055000E-01
H22        1.0          -8.5649059300E+00  -5.4028879000E-01   4.0948454000E-01
H23        1.0          -8.3346684600E+00  -3.8548843600E+00   6.0963955000E-01
C24        6.0          -5.3259055300E+00  -1.8207829800E+00   2.5456579400E+00
H25        1.0          -3.9978210100E+00  -3.4157327200E+00   2.5207567300E+00
H26        1.0          -6.2955401100E+00  -1.8788597100E+00   4.3741107400E+00
C27        6.0           5.6595261400E+00   2.5647749100E+00   9.1016928000E-01
H28        1.0           4.5576584300E+00   3.3908330200E+00  -6.3850932000E-01
H29        1.0           5.3870406800E+00   3.7623850700E+00   2.5717517000E+00
H30        1.0           7.6584746800E+00   2.6498129500E+00   3.6214073000E-01
C31        6.0           5.0179765300E+00  -1.2879899200E+00  -3.2614879000E+00
H32        1.0           3.1282174700E+00  -5.0309520000E-01  -3.5905278900E+00
H33        1.0           6.3667385400E+00   1.9107594000E-01  -3.8047407100E+00
H34        1.0           5.2997060500E+00  -2.8964364200E+00  -4.5304031500E+00
 
Some Atomic Properties:
----------------------
  q(A) = Net Charge of Atom A
  L(A) = Lagrangian of Atom A = -(1/4) Times Atomic Integral of the Laplacian of the Electron Density
  K(A) = Electronic Kinetic Energy of Atom A (Hamiltonian Form)
  K_Scaled(A) = K(A) * E(Mol)/K(Mol) = Approximation to Virial-Based Total Energy of Atom A.
  |Mu_Intra(A)| = Magnitude of Intraatomic Dipole Moment of Atom A
--------------------------------------------------------------------------------------------------
Atom A          q(A)              L(A)              K(A)          K_Scaled(A)      |Mu_Intra(A)|
--------------------------------------------------------------------------------------------------
C1       -1.4233318700E-02  1.5270427513E-04  3.7737773230E+01 -3.8101452151E+01  1.7834765694E-01
C2        2.1878135930E-01 -1.1362415562E-04  3.7620592611E+01 -3.7983142262E+01  4.9245911581E-01
C3       -4.0240918000E-03 -3.1125338865E-04  3.7704364908E+01 -3.8067721873E+01  2.4427803724E-02
C4       -1.0991176910E-01  4.6882893797E-05  3.7718494913E+01 -3.8081988048E+01  1.3014583417E-01
H5        3.3174044100E-02  2.4609734313E-05  5.9758968373E-01 -6.0334865551E-01  1.5233709279E-01
C6       -4.8701769000E-03 -6.1851056149E-06  3.7705536233E+01 -3.8068904486E+01  2.4621897318E-02
C7       -1.0294651550E-01 -5.1328560108E-05  3.7718116887E+01 -3.8081606380E+01  1.2390718607E-01
H8        2.7868664420E-02  2.3086090925E-05  5.9977818119E-01 -6.0555824352E-01  1.5349549907E-01
H9        9.9729972120E-02  3.8461045900E-06  5.7806112840E-01 -5.8363190350E-01  1.3828502278E-01
O10      -4.9570725000E-01  2.4925803523E-05  7.4822378942E+01 -7.5543442208E+01  3.1356580474E-01
O11      -4.7188139250E-01  4.7009241345E-05  7.4826746704E+01 -7.5547852062E+01  2.9689812197E-01
N12       3.8048669630E-01  1.4122868088E-04  5.3954767859E+01 -5.4474729957E+01  7.2590581211E-01
H13       3.7318798030E-02  2.3909127431E-05  5.9675561967E-01 -6.0250655358E-01  1.5111914480E-01
H14       3.1843146970E-02  2.0724986271E-05  5.9860201338E-01 -6.0437074098E-01  1.5254692421E-01
C15       3.7973589000E-02  4.7670737374E-04  3.7682990058E+01 -3.8046141033E+01  1.7130364002E-01
H16       5.4970112000E-02  1.8991616482E-05  5.9624561816E-01 -6.0199163718E-01  1.4347066011E-01
H17       3.2362945170E-02  2.5721566191E-05  6.0336015668E-01 -6.0917473851E-01  1.5104117014E-01
C18       1.8108672400E-02  2.3732280887E-04  3.7679027767E+01 -3.8042140557E+01  1.2110224045E-01
H19       2.9724310770E-02  3.2878579127E-05  6.0180564857E-01 -6.0760524961E-01  1.5220828158E-01
H20       2.6880497010E-02  2.5737643723E-05  6.0463006959E-01 -6.1045688957E-01  1.5175932613E-01
C21       1.9753955900E-02 -5.9776676085E-05  3.7673891287E+01 -3.8036954577E+01  8.2148185677E-02
H22       4.2880507300E-03  2.5130071381E-05  6.1500924189E-01 -6.2093608595E-01  1.5636992484E-01
H23       1.0583279040E-02  2.3159677651E-05  6.1246715535E-01 -6.1836950133E-01  1.5428525508E-01
C24       2.0467047100E-02 -2.7818094643E-04  3.7673215242E+01 -3.8036272017E+01  7.9415256873E-02
H25       5.9509164100E-03  3.1801043122E-05  6.1443736423E-01 -6.2035869711E-01  1.5602137361E-01
H26       1.2477659470E-02  2.7448327103E-05  6.1196049051E-01 -6.1785795376E-01  1.5388189710E-01
C27      -2.7415996300E-02 -1.5648937786E-04  3.7696627798E+01 -3.8059910200E+01  9.9187281133E-02
H28       5.0398468870E-02  6.7274061529E-05  5.9354886959E-01 -5.9926890005E-01  1.3444053193E-01
H29       2.2488584080E-02  2.5734503205E-05  6.0352112698E-01 -6.0933726008E-01  1.5138657332E-01
H30       1.2586581680E-02  3.1170528256E-05  6.0514863766E-01 -6.1098045508E-01  1.5575768864E-01
C31      -2.9460814400E-02 -1.0632857117E-04  3.7696484659E+01 -3.8059765682E+01  8.9584410399E-02
H32       3.8908229970E-02  3.8379805030E-05  5.9718784081E-01 -6.0294294003E-01  1.3682934765E-01
H33       2.2013400300E-02  2.6281771043E-05  6.0237153625E-01 -6.0817659074E-01  1.5113656866E-01
H34       1.1772015050E-02  2.5576869745E-05  6.0700622891E-01 -6.1285594794E-01  1.5481863231E-01
--------------------------------------------------------------------------------------------------
Total     4.5967099000E-04  5.6507640287E-04  6.6735049571E+02 -6.7378175244E+02
 
1st Largest |L(A)| = 4.7670737374E-04, atom C15     
2nd Largest |L(A)| = 3.1125338865E-04, atom C3      
 
Molecular charge q(Mol) from the wfn file:   0.0000000000E+00
Molecular energy E(Mol) from the wfn file:  -6.7378166074E+02
Molecular virial ratio (-V(Mol)/T(Mol)) from the wfn file:   2.0096370000E+00
Note.  K_Scaled(A) = (1+V(Mol)/T(Mol))*K(A) = (E(Mol)/T(Mol))*K(A)
       Only use K_Scaled(A) data with caution.
 
N_AIMInt(SumA)     =        113.999540
N_Analytic(Mol)    =        113.999981
 
G_AIMInt(SumA)     =        667.349931
G_Analytic(Mol)    =        667.350357
 
K_AIMInt(SumA)     =        667.350496
K_Analytic(Mol)    =        667.350357
 
L_AIMInt(SumA)     =          0.000565
L_Analytic(Mol)    =          0.000000
 
VenT_AIMInt(SumA)  =      -3579.884325
VenT_Analytic(Mol) =      -3579.891838
 
Some Information About the Atomic Calculations:
----------------------------------------------
  Time(sec) = "Elapsed User Time", in Seconds, for Atom A by AIMInt and, if used, by TWOe
  NProc = Number of Processors Used for AIMInt Job
  BIM = Basin Integration Method
  OAQ = Angular Quadrature Outside of Beta Sphere
  ORQ = Multiple of Default for Radial Quadrature Outside of Beta Sphere
  IAQ = Multiple of Default for Angular Quadrature Inside of Beta Sphere
  IRQ = Multiple of Default for Radial Quadrature Inside of Beta Sphere
  MIR = Maximum Integration Radius
------------------------------------------------------------------------------------------------------
Atom A     Time(sec)   NProc      BIM          OAQ                     ORQ      IAQ      IRQ      MIR
------------------------------------------------------------------------------------------------------
C1             66        8     Proaim(5)    4500(GS4)                  1.00     1.00     1.00    13.00
C2             96        8     Proaim(5)    4500(GS4)                  1.00     1.00     1.00    13.00
C3             86        8     Proaim(5)    5400(GS5)                  1.00     1.00     1.00    13.00
C4             72        8     Proaim(5)    4500(GS4)                  1.00     1.00     1.00    13.00
H5             14        8     Proaim(5)    1800(GS4)                  1.00     1.00     1.00    13.00
C6             58        8     Proaim(5)    4500(GS4)                  1.00     1.00     1.00    13.00
C7             28        8     Proaim(5)    4500(GS4)                  1.00     1.00     1.00    13.00
H8              7        8     Proaim(5)    1800(GS4)                  1.00     1.00     1.00    13.00
H9             12        8     Proaim(5)    1800(GS4)                  1.00     1.00     1.00    13.00
O10            35        8     Proaim(5)    4500(GS4)                  1.00     1.00     1.00    13.00
O11            30        8     Proaim(5)    4500(GS4)                  1.00     1.00     1.00    13.00
N12            56        8     Proaim(5)    4500(GS4)                  1.00     1.00     1.00    13.00
H13             8        8     Proaim(5)    1800(GS4)                  1.00     1.00     1.00    13.00
H14            10        8     Proaim(5)    1800(GS4)                  1.00     1.00     1.00    13.00
C15            44        8     Proaim(5)    4500(GS4)                  1.00     1.00     1.00    13.00
H16            22        8     Proaim(5)    4500(GS4)                  1.00     1.00     1.00    13.00
H17             8        8     Proaim(5)    1800(GS4)                  1.00     1.00     1.00    13.00
C18            30        8     Proaim(5)    4500(GS4)                  1.00     1.00     1.00    13.00
H19             9        8     Proaim(5)    1800(GS4)                  1.00     1.00     1.00    13.00
H20             7        8     Proaim(5)    1800(GS4)                  1.00     1.00     1.00    13.00
C21            30        8     Proaim(5)    4500(GS4)                  1.00     1.00     1.00    13.00
H22            11        8     Proaim(5)    1800(GS4)                  1.00     1.00     1.00    13.00
H23             7        8     Proaim(5)    1800(GS4)                  1.00     1.00     1.00    13.00
C24            38        8     Proaim(5)    4500(GS4)                  1.00     1.00     1.00    13.00
H25            12        8     Proaim(5)    1800(GS4)                  1.00     1.00     1.00    13.00
H26             7        8     Proaim(5)    1800(GS4)                  1.00     1.00     1.00    13.00
C27            47        8     Proaim(5)    4500(GS4)                  1.00     1.00     1.00    13.00
H28            32        8     Proaim(5)    4500(GS4)                  1.00     1.00     1.00    13.00
H29             8        8     Proaim(5)    1800(GS4)                  1.00     1.00     1.00    13.00
H30             8        8     Proaim(5)    1800(GS4)                  1.00     1.00     1.00    13.00
C31            40        8     Proaim(5)    4500(GS4)                  1.00     1.00     1.00    13.00
H32            17        8     Proaim(5)    4500(GS4)                  1.00     1.00     1.00    13.00
H33             9        8     Proaim(5)    1800(GS4)                  1.00     1.00     1.00    13.00
H34             9        8     Proaim(5)    1800(GS4)                  1.00     1.00     1.00    13.00
------------------------------------------------------------------------------------------------------
Total         973
Note:  Total wall clock time is less than total of atomic times if more than one atom
       was calculated at a time
 
Electron Density Critical Point Analysis of Molecular Structure:               
---------------------------------------------------------------                
  NACP = Nuclear Attractor Critical Point                                      
  NNACP = Non-Nuclear Attractor Critical Point                                 
  BCP = Bond Critical Point                                                    
  RCP = Ring Critical Point                                                    
  CCP = Cage Critical Point                                                    
  Rho = Electron Density                                                       
  GradRho = Gradient of Electron Density                                       
  HessRho_EigVals = Eigenvalues of the Hessian of Rho, Ascending Order         
  HessRho_EigVecs = Eigenvectors of the Hessian of Rho                         
  DelSqRho = Laplacian of Rho = Trace of Hessian of Rho                        
  Bond Ellipticity = (HessRho_EigVal(1) / HessRho_EigVal(2)) - 1               
  V = Virial Field = Potential Energy Density = Trace of Stress Tensor         
  G = Lagrangian Form of Kinetic Energy Density                                
  K = Hamiltonian Form of Kinetic Energy Density                               
  L = K - G = Lagrangian Density = (-1/4)DelSqRho                              
  Vnuc = Electrostatic Potential from Nuclei                                   
  Ven = Electron-nuclear attractive contribution to Virial Field V             
  Vrep = V - Ven = Repulsive contribution to Virial Field V                    
  DelSqV = Laplacian of V                                                      
  DelSqVen = Laplacian of Ven                                                  
  DelSqVrep = Laplacian of Vrep                                                
  DelSqG = Laplacian of G                                                      
  DelSqK = Laplacian of K                                                      
  Stress_EigVals = Eigenvalues of Stress Tensor, Ascending Order               
  Stress_EigVecs = Eigenvectors of Stress Tensor                               
  -DivStress = Ehrenfest Force Density = Minus Divergence of Stress Tensor     
  ESP = Total Electrostatic Potential                                          
  ESPe = Electrostatic Potential from Electrons                                
  ESPn = Electrostatic Potential from Nuclei                                   
  BP = Bond Path                                                               
  BPL = Bond Path Length                                                       
  GBL = Geometric Bond Length                                                  
  GBL_I = Distance Between Nuclear Attractors                                  
  GBL_II = Distance Between Nuclei                                             
  GBL_III = Sum of Distances Between BCP and Nuclear Attractors                
  GBL_IV = Sum of Distances Between BCP and Nuclei                             

CP# 1      Coords = -3.83054958336767E+00 -1.91185724689020E-01 -2.38107131082135E+00
           Type = (3,-3) NACP C1
           Rho =  1.1771753783E+02     Rho at Nucleus =  1.1771753773E+02
           GradRho = -2.5959452323E-10 -2.0815491198E-10  1.3247891141E-10
           HessRho_EigVals = -1.4505551524E+05 -1.4505391863E+05 -1.4505371498E+05
           HessRho_EigVec1 = -6.9349035431E-01  7.0889674083E-01 -1.2859447623E-01
           HessRho_EigVec2 =  6.8291439083E-01  7.0366104268E-01  1.9618631913E-01
           HessRho_EigVec3 = -2.2956276545E-01 -4.8234301569E-02  9.7209793173E-01
           DelSqRho = -4.3516314885E+05
           Bond Ellipticity = NA
           V = -1.0880104762E+05
           G =  5.1302058214E+00
           K =  1.0879591742E+05
           L =  1.0879078721E+05
           Vnuc =  5.1839491810E+06
           Ven = -6.1024173382E+08
           Vrep =  6.1013293278E+08
           DelSqV =  2.4961191523E+09
           DelSqVen =  2.2558634148E+12
           DelSqVrep = -2.2533672956E+12
           DelSqG =  1.3407853677E+08
           DelSqK = -2.6301976890E+09
           Stress_EigVals = -3.6267310814E+04 -3.6267202945E+04 -3.6266533864E+04
           Stress_EigVec1 = -4.9353557540E-03  1.7960841334E-01  9.8372580535E-01
           Stress_EigVec2 =  7.1929101343E-01  6.8404007759E-01 -1.2128318207E-01
           Stress_EigVec3 = -6.9469135612E-01  7.0698655582E-01 -1.3256669879E-01
           -DivStress =  6.7267801849E+02  6.0288059506E+02 -2.8256865592E+02
           ESP =  -1.4706879080E+01     ESP at Nucleus =  -1.4706879083E+01
           ESPe = -3.3732815321E+01     ESPe at Nucleus = -3.3732815379E+01
           ESPn =  1.9025936241E+01     ESPn at Nucleus =  1.9025936296E+01

CP# 2      Coords = -2.97425945888947E+00  1.06002297303143E+00 -3.57745458334011E-01
           Type = (3,-3) NACP C2
           Rho =  1.1766296270E+02     Rho at Nucleus =  1.1766296080E+02
           GradRho = -1.6197176961E-11  1.2188176622E-11  3.0875268120E-12
           HessRho_EigVals = -1.4497173172E+05 -1.4497077088E+05 -1.4496995084E+05
           HessRho_EigVec1 =  6.7178133649E-01  7.1210748430E-01 -2.0399207521E-01
           HessRho_EigVec2 = -7.4057502021E-01  6.5163088627E-01 -1.6409091231E-01
           HessRho_EigVec3 =  1.6077170002E-02  2.6130464760E-01  9.6512248225E-01
           DelSqRho = -4.3491245344E+05
           Bond Ellipticity = NA
           V = -1.0873841403E+05
           G =  5.1503369567E+00
           K =  1.0873326370E+05
           L =  1.0872811336E+05
           Vnuc =  1.1714009882E+06
           Ven = -1.3783051078E+08
           Vrep =  1.3772177237E+08
           DelSqV =  2.4946688273E+09
           DelSqVen =  5.0945687654E+11
           DelSqVrep = -5.0696220669E+11
           DelSqG =  1.3398516563E+08
           DelSqK = -2.6286539929E+09
           Stress_EigVals = -3.6246509437E+04 -3.6245982414E+04 -3.6245922184E+04
           Stress_EigVec1 =  8.0066993130E-02  2.7798322808E-01  9.5724323007E-01
           Stress_EigVec2 = -8.1054258882E-01  5.7711452673E-01 -9.9797468630E-02
           Stress_EigVec3 =  5.8018099618E-01  7.6789592259E-01 -2.7152507019E-01
           -DivStress = -2.7841302023E+03 -3.0854581812E+03 -2.7266819738E+01
           ESP =  -1.4681670957E+01     ESP at Nucleus =  -1.4681671111E+01
           ESPe = -3.5900181785E+01     ESPe at Nucleus = -3.5900180387E+01
           ESPn =  2.1218510828E+01     ESPn at Nucleus =  2.1218509276E+01

CP# 3      Coords =  4.84662028795546E+00 -1.24060908999124E-01  1.44614939118735E+00
           Type = (3,-3) NACP C3
           Rho =  1.1766812496E+02     Rho at Nucleus =  1.1766812469E+02
           GradRho =  6.5514156209E-10  4.4736011916E-10 -1.4210106646E-09
           HessRho_EigVals = -1.4498597658E+05 -1.4498497886E+05 -1.4498459536E+05
           HessRho_EigVec1 =  8.8786538314E-01 -1.2796466250E-01  4.4195034401E-01
           HessRho_EigVec2 = -1.8232095098E-02  9.5000639539E-01  3.1169767311E-01
           HessRho_EigVec3 = -4.5974194079E-01 -2.8480325466E-01  8.4114472834E-01
           DelSqRho = -4.3495555080E+05
           Bond Ellipticity = NA
           V = -1.0874903965E+05
           G =  5.0759769506E+00
           K =  1.0874396368E+05
           L =  1.0873888770E+05
           Vnuc =  3.1237699879E+06
           Ven = -3.6756815728E+08
           Vrep =  3.6745940824E+08
           DelSqV =  2.4949226574E+09
           DelSqVen =  1.3587011338E+12
           DelSqVrep = -1.3562062112E+12
           DelSqG =  1.3400614703E+08
           DelSqK = -2.6289288045E+09
           Stress_EigVals = -3.6249966840E+04 -3.6249766895E+04 -3.6249305919E+04
           Stress_EigVec1 = -4.6190916071E-01 -2.3949898541E-01  8.5397901803E-01
           Stress_EigVec2 =  2.9108237377E-02  9.5823903579E-01  2.8448314680E-01
           Stress_EigVec3 =  8.8644945584E-01 -1.5626319555E-01  4.3564799546E-01
           -DivStress = -6.0054603419E+02 -4.4039784072E+02  1.3688007405E+03
           ESP =  -1.4739099734E+01     ESP at Nucleus =  -1.4739099759E+01
           ESPe = -3.3658311658E+01     ESPe at Nucleus = -3.3658311586E+01
           ESPn =  1.8919211925E+01     ESPn at Nucleus =  1.8919211826E+01

CP# 4      Coords =  3.66331058683809E+00 -7.33455085663401E-01  3.60597846432050E+00
           Type = (3,-3) NACP C4
           Rho =  1.1768446759E+02     Rho at Nucleus =  1.1768446749E+02
           GradRho = -1.7283335874E-10 -7.6623513090E-11  3.2514448078E-10
           HessRho_EigVals = -1.4501733331E+05 -1.4501661963E+05 -1.4501650261E+05
           HessRho_EigVec1 =  8.4763221217E-01 -2.7992490867E-01  4.5073459863E-01
           HessRho_EigVec2 =  9.0040560881E-02  9.1307359244E-01  3.9773020025E-01
           HessRho_EigVec3 = -5.2288844919E-01 -2.9654453341E-01  7.9915518481E-01
           DelSqRho = -4.3505045555E+05
           Bond Ellipticity = NA
           V = -1.0877288101E+05
           G =  5.1335589985E+00
           K =  1.0876774745E+05
           L =  1.0876261389E+05
           Vnuc =  5.1295870071E+06
           Ven = -6.0367271587E+08
           Vrep =  6.0356394299E+08
           DelSqV =  2.4954794052E+09
           DelSqVen =  2.2316289229E+12
           DelSqVrep = -2.2291334435E+12
           DelSqG =  1.3404742755E+08
           DelSqK = -2.6295268327E+09
           Stress_EigVals = -3.6257844528E+04 -3.6257751976E+04 -3.6257284502E+04
           Stress_EigVec1 = -4.8922871487E-01 -2.5349328872E-01  8.3450369509E-01
           Stress_EigVec2 =  9.7729971157E-02  9.3486905632E-01  3.4127510936E-01
           Stress_EigVec3 =  8.6666263175E-01 -2.4851760522E-01  4.3259089520E-01
           -DivStress =  4.1734549709E+02  2.2430142223E+02 -8.2673880552E+02
           ESP =  -1.4762174192E+01     ESP at Nucleus =  -1.4762174207E+01
           ESPe = -3.1612072312E+01     ESPe at Nucleus = -3.1612074192E+01
           ESPn =  1.6849898120E+01     ESPn at Nucleus =  1.6849899985E+01

CP# 5      Coords =  3.33887183066295E+00  6.41310341088339E-01  5.04971592817970E+00
           Type = (3,-3) NACP H5
           Rho =  4.2573047161E-01     Rho at Nucleus =  4.2210319322E-01
           GradRho = -8.3570303455E-16 -4.3563243290E-16 -2.4351180794E-15
           HessRho_EigVals = -6.4894949714E+00 -6.4828266170E+00 -5.8956919455E+00
           HessRho_EigVec1 =  4.2084251014E-01  7.0148574052E-01 -5.7516027114E-01
           HessRho_EigVec2 = -8.9290458540E-01  2.0847201859E-01 -3.9907495391E-01
           HessRho_EigVec3 = -1.6004056683E-01  6.8151094878E-01  7.1409372190E-01
           DelSqRho = -1.8868013534E+01
           Bond Ellipticity = NA
           V = -4.7267037399E+00
           G =  4.8501782425E-03
           K =  4.7218535617E+00
           L =  4.7170033835E+00
           Vnuc =  4.5927354204E+01
           Ven = -1.9552674165E+01
           Vrep =  1.4825970425E+01
           DelSqV =  7.1088280172E+02
           DelSqVen =  8.6655794069E+02
           DelSqVrep = -1.5567513897E+02
           DelSqG =  7.0033717589E+01
           DelSqK = -7.8091651931E+02
           Stress_EigVals = -1.6256607224E+00 -1.6253778173E+00 -1.4756652002E+00
           Stress_EigVec1 =  5.2370169974E-01  6.7261688018E-01 -5.2280308166E-01
           Stress_EigVec2 = -8.3663351193E-01  2.9040999971E-01 -4.6444202951E-01
           Stress_EigVec3 = -1.6056430612E-01  6.8062365854E-01  7.1482203312E-01
           -DivStress = -1.2472505868E+00  5.3487262091E+00  5.5887314649E+00
           ESP =  -1.1212515041E+00     ESP at Nucleus =  -1.1236792823E+00
           ESPe = -1.8170374645E+01     ESPe at Nucleus = -1.8086850489E+01
           ESPn =  1.7049123141E+01     ESPn at Nucleus =  1.6963171207E+01

CP# 6      Coords =  5.37045626582640E+00 -2.06280502517086E+00 -5.31757684459666E-01
           Type = (3,-3) NACP C6
           Rho =  1.1766344302E+02     Rho at Nucleus =  1.1766344273E+02
           GradRho = -4.5634670001E-10  1.6268431853E-09 -6.0323555791E-10
           HessRho_EigVals = -1.4497992347E+05 -1.4497900864E+05 -1.4497860577E+05
           HessRho_EigVec1 =  9.4309420771E-01  3.3193347799E-01  1.9836369936E-02
           HessRho_EigVec2 = -9.8829409170E-02  2.2283826137E-01  9.6983290166E-01
           HessRho_EigVec3 = -3.1749970593E-01  9.1660420873E-01 -2.4296226307E-01
           DelSqRho = -4.3493753788E+05
           Bond Ellipticity = NA
           V = -1.0874454866E+05
           G =  5.0820966148E+00
           K =  1.0873946657E+05
           L =  1.0873438447E+05
           Vnuc =  2.9963731787E+06
           Ven = -3.5256358479E+08
           Vrep =  3.5245484025E+08
           DelSqV =  2.4948196760E+09
           DelSqVen =  1.3032351744E+12
           DelSqVrep = -1.3007403629E+12
           DelSqG =  1.3400040178E+08
           DelSqK = -2.6288200777E+09
           Stress_EigVals = -3.6248467221E+04 -3.6248260577E+04 -3.6247820865E+04
           Stress_EigVec1 = -3.1594035719E-01  9.2347519940E-01 -2.1765855553E-01
           Stress_EigVec2 = -6.1006113286E-02  2.0916133367E-01  9.7597632688E-01
           Stress_EigVec3 =  9.4681568684E-01  3.2162881182E-01 -9.7448738399E-03
           -DivStress =  3.8483168689E+02 -1.4800355895E+03  5.4907993247E+02
           ESP =  -1.4739227324E+01     ESP at Nucleus =  -1.4739227351E+01
           ESPe = -3.2951732721E+01     ESPe at Nucleus = -3.2951731753E+01
           ESPn =  1.8212505398E+01     ESPn at Nucleus =  1.8212504402E+01

CP# 7      Coords =  6.16850393045247E+00 -4.38923316396737E+00  8.22739709305753E-02
           Type = (3,-3) NACP C7
           Rho =  1.1768367489E+02     Rho at Nucleus =  1.1768367479E+02
           GradRho =  6.1038951671E-11 -2.7853473694E-10  4.4761359549E-11
           HessRho_EigVals = -1.4501577881E+05 -1.4501505324E+05 -1.4501491887E+05
           HessRho_EigVec1 =  9.3188887358E-01  3.3766043687E-01 -1.3254643210E-01
           HessRho_EigVec2 = -3.8951825756E-02  4.5643438326E-01  8.8890404940E-01
           HessRho_EigVec3 = -3.6064647865E-01  8.2319686779E-01 -4.3849861379E-01
           DelSqRho = -4.3504575092E+05
           Bond Ellipticity = NA
           V = -1.0877170040E+05
           G =  5.1313345831E+00
           K =  1.0876656907E+05
           L =  1.0876143773E+05
           Vnuc =  5.1662719464E+06
           Ven = -6.0798586813E+08
           Vrep =  6.0787709643E+08
           DelSqV =  2.4954518309E+09
           DelSqVen =  2.2475647222E+12
           DelSqVrep = -2.2450692703E+12
           DelSqG =  1.3404540126E+08
           DelSqK = -2.6294972322E+09
           Stress_EigVals = -3.6257455140E+04 -3.6257358433E+04 -3.6256886827E+04
           Stress_EigVec1 = -3.3841174056E-01  8.8631719197E-01 -3.1610018833E-01
           Stress_EigVec2 = -1.1746633820E-02  3.3191495744E-01  9.4323617277E-01
           Stress_EigVec3 =  9.4092481657E-01  3.2291530815E-01 -1.0191267496E-01
           -DivStress = -2.0533536753E+02  9.1528384835E+02 -1.2319472048E+02
           ESP =  -1.4761895176E+01     ESP at Nucleus =  -1.4761895191E+01
           ESPe = -2.9757179720E+01     ESPe at Nucleus = -2.9757181881E+01
           ESPn =  1.4995284544E+01     ESPn at Nucleus =  1.4995286690E+01

CP# 8      Coords =  6.51106751349971E+00 -5.79239672605177E+00 -1.33043351757258E+00
           Type = (3,-3) NACP H8
           Rho =  4.2621640080E-01     Rho at Nucleus =  4.2261689312E-01
           GradRho =  8.8254056840E-16 -1.9387703248E-15 -3.2799148597E-16
           HessRho_EigVals = -6.4965112639E+00 -6.4899769490E+00 -5.9050843327E+00
           HessRho_EigVec1 =  2.5454828530E-01 -6.5449280158E-01  7.1193001280E-01
           HessRho_EigVec2 =  9.5205113269E-01  2.9879888434E-01 -6.5710482182E-02
           HessRho_EigVec3 = -1.6971685597E-01  6.9452026565E-01  6.9916935674E-01
           DelSqRho = -1.8891572546E+01
           Bond Ellipticity = NA
           V = -4.7325886320E+00
           G =  4.8477477909E-03
           K =  4.7277408842E+00
           L =  4.7228931364E+00
           Vnuc =  4.3887293301E+01
           Ven = -1.8705484192E+01
           Vrep =  1.3972895560E+01
           DelSqV =  7.1189379694E+02
           DelSqVen =  8.2909998523E+02
           DelSqVrep = -1.1720618829E+02
           DelSqG =  7.0124560367E+01
           DelSqK = -7.8201835730E+02
           Stress_EigVals = -1.6274314436E+00 -1.6271289977E+00 -1.4780281907E+00
           Stress_EigVec1 =  3.6981070285E-01 -6.1171989768E-01  6.9931309929E-01
           Stress_EigVec2 =  9.1341483841E-01  3.7711869482E-01 -1.5314967514E-01
           Stress_EigVec3 = -1.7003933967E-01  6.9539935059E-01  6.9821656108E-01
           -DivStress =  1.3215798522E+00 -5.4213007085E+00 -5.4642590973E+00
           ESP =  -1.1204912541E+00     ESP at Nucleus =  -1.1229035639E+00
           ESPe = -1.5998757137E+01     ESPe at Nucleus = -1.5913464012E+01
           ESPn =  1.4878265883E+01     ESPn at Nucleus =  1.4790560448E+01

CP# 9      Coords = -3.04403278531478E+00  2.31672121924104E-01 -4.18758180159494E+00
           Type = (3,-3) NACP H9
           Rho =  4.2185063460E-01     Rho at Nucleus =  4.1786816243E-01
           GradRho = -6.7091405723E-10 -3.6556859588E-10  1.4998410391E-09
           HessRho_EigVals = -6.4262019856E+00 -6.4206828312E+00 -5.7966213792E+00
           HessRho_EigVec1 =  6.1293426613E-01  6.6177358515E-01  4.3170279985E-01
           HessRho_EigVec2 = -6.8350286242E-01  7.1818833073E-01 -1.3049658488E-01
           HessRho_EigVec3 = -3.9640310602E-01 -2.1508427093E-01  8.9252637717E-01
           DelSqRho = -1.8643506196E+01
           Bond Ellipticity = NA
           V = -4.6703163159E+00
           G =  4.7198834276E-03
           K =  4.6655964324E+00
           L =  4.6608765490E+00
           Vnuc =  4.6147767560E+01
           Ven = -1.9467465031E+01
           Vrep =  1.4797148715E+01
           DelSqV =  7.0071425322E+02
           DelSqVen =  8.6035619294E+02
           DelSqVrep = -1.5964193972E+02
           DelSqG =  6.9032310451E+01
           DelSqK = -7.6974656367E+02
           Stress_EigVals = -1.6101023002E+00 -1.6089866523E+00 -1.4512273634E+00
           Stress_EigVec1 =  6.3728826617E-01  6.3672998800E-01  4.3409513725E-01
           Stress_EigVec2 = -6.6161429017E-01  7.4090335840E-01 -1.1545018213E-01
           Stress_EigVec3 = -3.9513313813E-01 -2.1362849970E-01  8.9343867572E-01
           -DivStress =  3.2605432238E+00  1.7784384523E+00 -7.2753600784E+00
           ESP =  -1.0789345951E+00     ESP at Nucleus =  -1.0816255913E+00
           ESPe = -1.9857113627E+01     ESPe at Nucleus = -1.9762250271E+01
           ESPn =  1.8778179032E+01     ESPn at Nucleus =  1.8680624680E+01

CP# 10     Coords = -3.83145473086913E-02  3.23565380958600E+00 -2.84029881189750E+00
           Type = (3,-3) NACP O10
           Rho =  2.9055468085E+02     Rho at Nucleus =  2.9055464022E+02
           GradRho =  3.0806694001E-13  1.1527740741E-10 -9.2083957213E-11
           HessRho_EigVals = -6.4076505329E+05 -6.4075384051E+05 -6.4073414793E+05
           HessRho_EigVec1 = -4.4760148414E-01 -7.5374044484E-02  8.9105087667E-01
           HessRho_EigVec2 =  7.1613640047E-01 -6.2696300801E-01  3.0670187887E-01
           HessRho_EigVec3 =  5.3553857687E-01  7.7539418363E-01  3.3460766979E-01
           DelSqRho = -1.9222530417E+06
           Bond Ellipticity = NA
           V = -4.8065491320E+05
           G =  4.5826385344E+01
           K =  4.8060908682E+05
           L =  4.8056326043E+05
           Vnuc =  7.1046387656E+05
           Ven = -2.0642860491E+08
           Vrep =  2.0594795000E+08
           DelSqV =  1.9822411169E+10
           DelSqVen =  1.3656913485E+12
           DelSqVrep = -1.3458689373E+12
           DelSqG =  1.0600770112E+09
           DelSqK = -2.0882488180E+10
           Stress_EigVals = -1.6022254747E+05 -1.6021767505E+05 -1.6021469069E+05
           Stress_EigVec1 =  5.3493653435E-01  7.7504108953E-01  3.3638402721E-01
           Stress_EigVec2 =  7.1698912821E-01 -6.2704399411E-01  3.0453640092E-01
           Stress_EigVec3 = -4.4695580794E-01 -7.8276043521E-02  8.9112477620E-01
           -DivStress =  3.2438357840E+04  8.0609560306E+03 -6.4516779587E+04
           ESP =  -2.2295134601E+01     ESP at Nucleus =  -2.2295136093E+01
           ESPe = -3.9717352644E+01     ESPe at Nucleus = -3.9717326377E+01
           ESPn =  1.7422218043E+01     ESPn at Nucleus =  1.7422190284E+01

CP# 11     Coords = -5.70154498683804E-01  4.39315372233268E+00  1.07506488331025E+00
           Type = (3,-3) NACP O11
           Rho =  2.9059180212E+02     Rho at Nucleus =  2.9059176044E+02
           GradRho =  2.5378294952E-11  2.4428553191E-10  4.9268565139E-11
           HessRho_EigVals = -6.4085069706E+05 -6.4084151889E+05 -6.4081937211E+05
           HessRho_EigVec1 =  1.9685077356E-01  5.8352176278E-01  7.8787824270E-01
           HessRho_EigVec2 = -7.1985400343E-01  6.3159515251E-01 -2.8791974068E-01
           HessRho_EigVec3 =  6.6562751347E-01  5.1048008355E-01 -5.4438047137E-01
           DelSqRho = -1.9225115881E+06
           Bond Ellipticity = NA
           V = -4.8071942269E+05
           G =  4.5762836613E+01
           K =  4.8067365985E+05
           L =  4.8062789701E+05
           Vnuc =  7.0146083430E+05
           Ven = -2.0383876796E+08
           Vrep =  2.0335804853E+08
           DelSqV =  1.9825070674E+10
           DelSqVen =  1.3485665830E+12
           DelSqVrep = -1.3287415126E+12
           DelSqG =  1.0602264358E+09
           DelSqK = -2.0885297110E+10
           Stress_EigVals = -1.6024429066E+05 -1.6023881106E+05 -1.6023632097E+05
           Stress_EigVec1 =  6.6548433722E-01  5.0987728410E-01 -5.4511994283E-01
           Stress_EigVec2 = -7.1980189383E-01  6.3165484086E-01 -2.8791907830E-01
           Stress_EigVec3 =  1.9752425306E-01  5.8398400421E-01  7.8736703784E-01
           -DivStress =  1.5408482574E+04  4.3483652206E+04  5.7367874451E+04
           ESP =  -2.2293018029E+01     ESP at Nucleus =  -2.2293019549E+01
           ESPe = -3.9631320959E+01     ESPe at Nucleus = -3.9631293575E+01
           ESPn =  1.7338302930E+01     ESPn at Nucleus =  1.7338274026E+01

CP# 12     Coords = -1.05274632611153E+00  3.02951366850635E+00 -7.48552280082742E-01
           Type = (3,-3) NACP N12
           Rho =  1.9067030463E+02     Rho at Nucleus =  1.9067030334E+02
           GradRho =  3.0956229984E-11  8.7260952587E-12  3.8738809795E-12
           HessRho_EigVals = -3.2068900268E+05 -3.2068890099E+05 -3.2068688329E+05
           HessRho_EigVec1 = -7.2967372934E-01  6.8243738831E-01 -4.3075047821E-02
           HessRho_EigVec2 =  4.1060454799E-02  1.0660870390E-01  9.9345287926E-01
           HessRho_EigVec3 =  6.8256156335E-01  7.2312778628E-01 -1.0581076009E-01
           DelSqRho = -9.6206478696E+05
           Bond Ellipticity = NA
           V = -2.4054924536E+05
           G =  1.6524309949E+01
           K =  2.4053272105E+05
           L =  2.4051619674E+05
           Vnuc =  2.4709122936E+06
           Ven = -4.7112959973E+08
           Vrep =  4.7088905049E+08
           DelSqV =  7.5527064792E+09
           DelSqVen =  2.3771776860E+12
           DelSqVrep = -2.3696249795E+12
           DelSqG =  4.0459908818E+08
           DelSqK = -7.9573055674E+09
           Stress_EigVals = -8.0183499794E+04 -8.0183099981E+04 -8.0182645585E+04
           Stress_EigVec1 =  6.8291720814E-01  7.2317070911E-01 -1.0319017544E-01
           Stress_EigVec2 = -1.2872013339E-01  2.5817979653E-01  9.5748332619E-01
           Stress_EigVec3 =  7.1906551446E-01 -6.4059918682E-01  2.6940205598E-01
           -DivStress = -4.7608973825E+03 -5.0638356041E+03  5.3959142400E+02
           ESP =  -1.8115597238E+01     ESP at Nucleus =  -1.8115597305E+01
           ESPe = -3.9231139125E+01     ESPe at Nucleus = -3.9231139616E+01
           ESPn =  2.1115541887E+01     ESPn at Nucleus =  2.1115542310E+01

CP# 13     Coords =  6.52359334414095E+00 -4.91863314082727E+00  1.99624192440597E+00
           Type = (3,-3) NACP H13
           Rho =  4.2538083232E-01     Rho at Nucleus =  4.2169449538E-01
           GradRho = -4.9287921032E-10  7.2230266560E-10 -2.6566880402E-09
           HessRho_EigVals = -6.4745892211E+00 -6.4674607092E+00 -5.8753726257E+00
           HessRho_EigVec1 = -2.3813268462E-01  9.2455555011E-01  2.9747245129E-01
           HessRho_EigVec2 = -9.5509954412E-01 -2.7851618176E-01  1.0106234373E-01
           HessRho_EigVec3 =  1.7628864212E-01 -2.6004955539E-01  9.4936639050E-01
           DelSqRho = -1.8817422556E+01
           Bond Ellipticity = NA
           V = -4.7141166609E+00
           G =  4.8805109276E-03
           K =  4.7092361499E+00
           L =  4.7043556390E+00
           Vnuc =  4.4062875489E+01
           Ven = -1.8743502650E+01
           Vrep =  1.4029385989E+01
           DelSqV =  7.0856454972E+02
           DelSqVen =  8.2914975167E+02
           DelSqVrep = -1.2058520195E+02
           DelSqG =  6.9719819545E+01
           DelSqK = -7.7828436927E+02
           Stress_EigVals = -1.6219509300E+00 -1.6215808223E+00 -1.4705849086E+00
           Stress_EigVec1 =  3.4646480823E-01 -8.8587606728E-01 -3.0852184699E-01
           Stress_EigVec2 =  9.2106630198E-01  3.8358621425E-01 -6.7070735729E-02
           Stress_EigVec3 =  1.7776108690E-01 -2.6093142710E-01  9.4884971747E-01
           -DivStress =  1.3910768799E+00 -2.0353322029E+00  7.4938961878E+00
           ESP =  -1.1221277551E+00     ESP at Nucleus =  -1.1245867973E+00
           ESPe = -1.6581145831E+01     ESPe at Nucleus = -1.6501017282E+01
           ESPn =  1.5459018075E+01     ESPn at Nucleus =  1.5376430485E+01

CP# 14     Coords =  3.00481214645690E+00 -2.60787453726577E+00  3.96141389261809E+00
           Type = (3,-3) NACP H14
           Rho =  4.2574416118E-01     Rho at Nucleus =  4.2209234333E-01
