AIMSum (Version 19.02.13, Professional)
Copyright (c) 1997-2019 by Todd A. Keith
AIMSum is a component of the AIMAll package ( http://aim.tkgristmill.com )

TP:  64-bit Linux

Much of the Quantum Theory of Atoms in Molecules (QTAIM) is described in the book:
  "Atoms in Molecules - A Quantum Theory"
  R.F.W. Bader, Oxford University Press, Oxford, 1990

For additional references see:  http://aim.tkgristmill.com/references.html

Wfn File:  /home/mhennefarth/Documents/ML_Diels/summary-paton2010/10-opt/10-opt.wfn
Sum File:  /home/mhennefarth/Documents/ML_Diels/summary-paton2010/10-opt/10-opt.sum

SumViz File:  /home/mhennefarth/Documents/ML_Diels/summary-paton2010/10-opt/10-opt.sumviz

Wfn Title:   Title Card Required                                                           
 
Total memory allocated for AIMSum =        1.608 Megabytes

Atomic units (a.u.) used throughout, except where stated otherwise

Model:  Restricted SCF
 
Restricted, closed-shell, single-determinant wavefunction.
  Number of electrons (from MO Occs)                   =         106.0000000000
  Number of Alpha electrons (from MO Occs)             =          53.0000000000
  Number of Beta electrons (from MO Occs)              =          53.0000000000
  Number of electron pairs (N*(N-1)/2)                 =        5565.0000000000
  Number of electron pairs (from Muller 2EDM)          =        5565.0000000000
 
Nuclear Charges and Cartesian Coordinates:
-------------------------------------------------------------------------------
Atom      Charge                X                  Y                  Z
-------------------------------------------------------------------------------
C1         6.0          -1.0146079480E+01  -1.5248691000E+00   1.2858955700E+00
C2         6.0           4.9183533600E+00  -2.2718581300E+00   5.2696838000E-01
C3         6.0           3.7863609300E+00  -9.2420410000E-02  -7.5725000000E-02
C4         6.0          -8.0075394100E+00   3.8172030000E+00   8.3089758000E-01
C5         6.0          -6.8416637600E+00   1.6339752300E+00   3.1058830000E-01
C6         6.0          -8.1027623200E+00  -8.3468583000E-01  -4.6639120000E-02
H7         1.0          -1.0943134810E+01  -3.1634020000E-01   2.7416680400E+00
H8         1.0          -1.0052010550E+01   3.9452590400E+00   9.9693644000E-01
H9         1.0          -6.9480433000E+00   5.5572305700E+00   1.0898294900E+00
H10        1.0          -1.1067575740E+01  -3.3352892100E+00   9.7894615000E-01
H11        1.0           3.7579854100E+00  -3.9403717900E+00   8.0844873000E-01
C12        6.0           7.7327154700E+00  -2.4819873000E+00   8.3361680000E-01
H13        1.0           8.1470095300E+00  -3.6280206000E+00   2.5132052000E+00
H14        1.0           8.4830039200E+00  -3.5734083700E+00  -7.7251806000E-01
C15        6.0           5.1051105300E+00   2.3726148800E+00  -5.7891506000E-01
H16        1.0           4.7706657200E+00   3.6733465500E+00   1.0041711300E+00
C17        6.0           9.0344858800E+00   1.0911042000E-01   1.0004614300E+00
C18        6.0           7.9539127900E+00   1.9397269600E+00  -9.7125867000E-01
H19        1.0           1.1077964760E+01  -1.1183454000E-01   7.4953184000E-01
H20        1.0           8.7462826700E+00   8.9703860000E-01   2.8989589300E+00
H21        1.0           8.2718127500E+00   1.1651308100E+00  -2.8709549100E+00
H22        1.0           8.9417622300E+00   3.7575680000E+00  -8.9657888000E-01
N23        7.0           1.0088404600E+00  -5.8258640000E-02  -2.3767806000E-01
O24        8.0          -1.7110524000E-01  -2.0445835400E+00   5.0424920000E-02
O25        8.0           1.9235470000E-02   2.0134138400E+00  -6.4645992000E-01
H26        1.0           4.2658159800E+00   3.2842211300E+00  -2.2350479200E+00
H27        1.0          -4.7961520500E+00   1.6314020700E+00   5.8584750000E-02
C28        6.0          -6.8988636900E+00  -2.5614607300E+00  -1.9779155500E+00
H29        1.0          -6.9587178600E+00  -1.7140566700E+00  -3.8719531500E+00
H30        1.0          -4.8984064000E+00  -2.8701714400E+00  -1.5284084200E+00
H31        1.0          -7.8493690600E+00  -4.3966299100E+00  -2.0606408100E+00
 
Some Atomic Properties:
----------------------
  q(A) = Net Charge of Atom A
  L(A) = Lagrangian of Atom A = -(1/4) Times Atomic Integral of the Laplacian of the Electron Density
  K(A) = Electronic Kinetic Energy of Atom A (Hamiltonian Form)
  K_Scaled(A) = K(A) * E(Mol)/K(Mol) = Approximation to Virial-Based Total Energy of Atom A.
  |Mu_Intra(A)| = Magnitude of Intraatomic Dipole Moment of Atom A
--------------------------------------------------------------------------------------------------
Atom A          q(A)              L(A)              K(A)          K_Scaled(A)      |Mu_Intra(A)|
--------------------------------------------------------------------------------------------------
C1       -1.0431698110E-01  3.6261562012E-05  3.7715486728E+01 -3.8077807717E+01  1.1958444106E-01
C2       -1.3188962600E-02 -1.7390017791E-04  3.7738192269E+01 -3.8100731383E+01  1.8146367375E-01
C3        2.1172691160E-01  3.4463356943E-05  3.7623263958E+01 -3.7984698991E+01  4.8923832856E-01
C4       -9.8771075300E-02 -1.2220486150E-05  3.7708319029E+01 -3.8070571161E+01  9.9023759615E-02
C5       -4.3720411300E-02  2.5832589402E-05  3.7722044724E+01 -3.8084428714E+01  1.0274876425E-01
C6        8.4077647000E-03  1.0957557136E-04  3.7696799619E+01 -3.8058941087E+01  3.4471874924E-02
H7        3.3114379980E-02  2.2588939344E-05  5.9795925172E-01 -6.0370366088E-01  1.5191886133E-01
H8        3.3893061920E-02  1.8644174724E-05  5.9710450655E-01 -6.0284070444E-01  1.5130631085E-01
H9        3.4859470930E-02  2.7867367981E-05  5.9754504270E-01 -6.0328547269E-01  1.5034608898E-01
H10       2.6711976130E-02  2.5249786944E-05  6.0005234776E-01 -6.0581686465E-01  1.5379420799E-01
H11       1.0392925331E-01  1.4935660056E-05  5.7658051812E-01 -5.8211954842E-01  1.3729970676E-01
C12       1.7475374000E-02 -1.4692967226E-04  3.7679449275E+01 -3.8041424064E+01  1.2255086645E-01
H13       2.9672957480E-02  2.4500058331E-05  6.0349330554E-01 -6.0929087864E-01  1.5101631496E-01
H14       2.9912464690E-02  2.6086063735E-05  6.0161419693E-01 -6.0739371802E-01  1.5217118363E-01
C15       3.7321006300E-02 -2.5464495060E-04  3.7682046503E+01 -3.8044046242E+01  1.6660007378E-01
H16       3.3912644340E-02  2.7688590659E-05  6.0261009652E-01 -6.0839918491E-01  1.5043641838E-01
C17       2.0324321800E-02  4.7163860024E-04  3.7674269700E+01 -3.8036194730E+01  8.4338025514E-02
C18       2.0726961900E-02 -2.0959372729E-04  3.7673134466E+01 -3.8035048590E+01  7.9365967883E-02
H19       1.2102443590E-02  3.0120482071E-05  6.1188710996E-01 -6.1776531974E-01  1.5383335217E-01
H20       5.9638815200E-03  2.8388901272E-05  6.1433431750E-01 -6.2023603684E-01  1.5582139506E-01
H21       4.1219657700E-03  2.9655755284E-05  6.1511993526E-01 -6.2102920179E-01  1.5646801025E-01
H22       1.4456797630E-02  2.9431807427E-05  6.1125933870E-01 -6.1713151767E-01  1.5334006822E-01
N23       3.8213081980E-01 -2.3062935453E-04  5.3953554212E+01 -5.4471869282E+01  7.2357829050E-01
O24      -4.8230082690E-01  4.4630751831E-05  7.4822283715E+01 -7.5541078200E+01  3.1029246923E-01
O25      -4.7834361540E-01  3.4364529916E-05  7.4820569618E+01 -7.5539347636E+01  3.0255692671E-01
H26       5.2053651870E-02  2.8026000781E-05  5.9831735653E-01 -6.0406520590E-01  1.4492609088E-01
H27       6.8542510260E-02  2.3904377771E-05  5.8992263786E-01 -5.9558984176E-01  1.2848283548E-01
C28      -3.0437452600E-02 -9.6609066852E-05  3.7695821392E+01 -3.8057953463E+01  9.2814650025E-02
H29       1.4676151000E-02  2.4959822891E-05  6.0383309931E-01 -6.0963393670E-01  1.5556294472E-01
H30       4.6607355150E-02  2.6961611524E-05  5.9308501991E-01 -5.9878260384E-01  1.3512567554E-01
H31       8.5154681600E-03  2.6329441653E-05  6.0779776516E-01 -6.1363668988E-01  1.5556377405E-01
--------------------------------------------------------------------------------------------------
Total     8.0268630001E-05  6.7578368560E-05  6.2842775105E+02 -6.3446486165E+02
 
1st Largest |L(A)| = 4.7163860024E-04, atom C17     
2nd Largest |L(A)| = 2.5464495060E-04, atom C15     
 
Molecular charge q(Mol) from the wfn file:   0.0000000000E+00
Molecular energy E(Mol) from the wfn file:  -6.3446487136E+02
Molecular virial ratio (-V(Mol)/T(Mol)) from the wfn file:   2.0096066900E+00
Note.  K_Scaled(A) = (1+V(Mol)/T(Mol))*K(A) = (E(Mol)/T(Mol))*K(A)
       Only use K_Scaled(A) data with caution.
 
N_AIMInt(SumA)     =        105.999920
N_Analytic(Mol)    =        105.999982
 
G_AIMInt(SumA)     =        628.427683
G_Analytic(Mol)    =        628.427714
 
K_AIMInt(SumA)     =        628.427751
K_Analytic(Mol)    =        628.427714
 
L_AIMInt(SumA)     =          0.000068
L_Analytic(Mol)    =          0.000000
 
VenT_AIMInt(SumA)  =      -3139.066313
VenT_Analytic(Mol) =      -3139.066034
 
Some Information About the Atomic Calculations:
----------------------------------------------
  Time(sec) = "Elapsed User Time", in Seconds, for Atom A by AIMInt and, if used, by TWOe
  NProc = Number of Processors Used for AIMInt Job
  BIM = Basin Integration Method
  OAQ = Angular Quadrature Outside of Beta Sphere
  ORQ = Multiple of Default for Radial Quadrature Outside of Beta Sphere
  IAQ = Multiple of Default for Angular Quadrature Inside of Beta Sphere
  IRQ = Multiple of Default for Radial Quadrature Inside of Beta Sphere
  MIR = Maximum Integration Radius
------------------------------------------------------------------------------------------------------
Atom A     Time(sec)   NProc      BIM          OAQ                     ORQ      IAQ      IRQ      MIR
------------------------------------------------------------------------------------------------------
C1             42        8     Proaim(5)    4500(GS4)                  1.00     1.00     1.00    13.00
C2             65        8     Proaim(5)    4500(GS4)                  1.00     1.00     1.00    13.00
C3             79        8     Proaim(5)    4500(GS4)                  1.00     1.00     1.00    13.00
C4             41        8     Proaim(5)    4500(GS4)                  1.00     1.00     1.00    13.00
C5             55        8     Proaim(5)    4500(GS4)                  1.00     1.00     1.00    13.00
C6             58        8     Proaim(5)    4500(GS4)                  1.00     1.00     1.00    13.00
H7             12        8     Proaim(5)    1800(GS4)                  1.00     1.00     1.00    13.00
H8             14        8     Proaim(5)    1800(GS4)                  1.00     1.00     1.00    13.00
H9             12        8     Proaim(5)    1800(GS4)                  1.00     1.00     1.00    13.00
H10            13        8     Proaim(5)    1800(GS4)                  1.00     1.00     1.00    13.00
H11            20        8     Proaim(5)    1800(GS4)                  1.00     1.00     1.00    13.00
C12            46        8     Proaim(5)    4500(GS4)                  1.00     1.00     1.00    13.00
H13            14        8     Proaim(5)    1800(GS4)                  1.00     1.00     1.00    13.00
H14            13        8     Proaim(5)    1800(GS4)                  1.00     1.00     1.00    13.00
C15            56        8     Proaim(5)    4500(GS4)                  1.00     1.00     1.00    13.00
H16            15        8     Proaim(5)    1800(GS4)                  1.00     1.00     1.00    13.00
C17            50        8     Proaim(5)    4500(GS4)                  1.00     1.00     1.00    13.00
C18            48        8     Proaim(5)    4500(GS4)                  1.00     1.00     1.00    13.00
H19            11        8     Proaim(5)    1800(GS4)                  1.00     1.00     1.00    13.00
H20            17        8     Proaim(5)    1800(GS4)                  1.00     1.00     1.00    13.00
H21            12        8     Proaim(5)    1800(GS4)                  1.00     1.00     1.00    13.00
H22            12        8     Proaim(5)    1800(GS4)                  1.00     1.00     1.00    13.00
N23            91        8     Proaim(5)    4500(GS4)                  1.00     1.00     1.00    13.00
O24            48        8     Proaim(5)    4500(GS4)                  1.00     1.00     1.00    13.00
O25            43        8     Proaim(5)    4500(GS4)                  1.00     1.00     1.00    13.00
H26            17        8     Proaim(5)    1800(GS4)                  1.00     1.00     1.00    13.00
H27            27        8     Proaim(5)    4500(GS4)                  1.00     1.00     1.00    13.00
C28            47        8     Proaim(5)    4500(GS4)                  1.00     1.00     1.00    13.00
H29            14        8     Proaim(5)    1800(GS4)                  1.00     1.00     1.00    13.00
H30            27        8     Proaim(5)    4500(GS4)                  1.00     1.00     1.00    13.00
H31            14        8     Proaim(5)    1800(GS4)                  1.00     1.00     1.00    13.00
------------------------------------------------------------------------------------------------------
Total        1033
Note:  Total wall clock time is less than total of atomic times if more than one atom
       was calculated at a time
 
Electron Density Critical Point Analysis of Molecular Structure:               
---------------------------------------------------------------                
  NACP = Nuclear Attractor Critical Point                                      
  NNACP = Non-Nuclear Attractor Critical Point                                 
  BCP = Bond Critical Point                                                    
  RCP = Ring Critical Point                                                    
  CCP = Cage Critical Point                                                    
  Rho = Electron Density                                                       
  GradRho = Gradient of Electron Density                                       
  HessRho_EigVals = Eigenvalues of the Hessian of Rho, Ascending Order         
  HessRho_EigVecs = Eigenvectors of the Hessian of Rho                         
  DelSqRho = Laplacian of Rho = Trace of Hessian of Rho                        
  Bond Ellipticity = (HessRho_EigVal(1) / HessRho_EigVal(2)) - 1               
  V = Virial Field = Potential Energy Density = Trace of Stress Tensor         
  G = Lagrangian Form of Kinetic Energy Density                                
  K = Hamiltonian Form of Kinetic Energy Density                               
  L = K - G = Lagrangian Density = (-1/4)DelSqRho                              
  Vnuc = Electrostatic Potential from Nuclei                                   
  Ven = Electron-nuclear attractive contribution to Virial Field V             
  Vrep = V - Ven = Repulsive contribution to Virial Field V                    
  DelSqV = Laplacian of V                                                      
  DelSqVen = Laplacian of Ven                                                  
  DelSqVrep = Laplacian of Vrep                                                
  DelSqG = Laplacian of G                                                      
  DelSqK = Laplacian of K                                                      
  Stress_EigVals = Eigenvalues of Stress Tensor, Ascending Order               
  Stress_EigVecs = Eigenvectors of Stress Tensor                               
  -DivStress = Ehrenfest Force Density = Minus Divergence of Stress Tensor     
  ESP = Total Electrostatic Potential                                          
  ESPe = Electrostatic Potential from Electrons                                
  ESPn = Electrostatic Potential from Nuclei                                   
  BP = Bond Path                                                               
  BPL = Bond Path Length                                                       
  GBL = Geometric Bond Length                                                  
  GBL_I = Distance Between Nuclear Attractors                                  
  GBL_II = Distance Between Nuclei                                             
  GBL_III = Sum of Distances Between BCP and Nuclear Attractors                
  GBL_IV = Sum of Distances Between BCP and Nuclei                             

CP# 1      Coords = -1.01460805413604E+01 -1.52486942760699E+00  1.28589605222202E+00
           Type = (3,-3) NACP C1
           Rho =  1.1767524720E+02     Rho at Nucleus =  1.1767524709E+02
           GradRho = -3.1658700661E-10 -1.1618647711E-10  1.6969342598E-10
           HessRho_EigVals = -1.4500479579E+05 -1.4500414186E+05 -1.4500398210E+05
           HessRho_EigVec1 =  6.3540594171E-01 -4.4717826458E-01  6.2951639290E-01
           HessRho_EigVec2 =  1.9448603848E-01  8.8164529750E-01  4.2997296454E-01
           HessRho_EigVec3 = -7.4728473160E-01 -1.5077522703E-01  6.4717258968E-01
           DelSqRho = -4.3501291975E+05
           Bond Ellipticity = NA
           V = -1.0876349864E+05
           G =  5.1343522403E+00
           K =  1.0875836429E+05
           L =  1.0875322994E+05
           Vnuc =  4.9548842181E+06
           Ven = -5.8306722519E+08
           Vrep =  5.8295846169E+08
           DelSqV =  2.4952637929E+09
           DelSqVen =  2.1554389320E+12
           DelSqVrep = -2.1529437009E+12
           DelSqG =  1.3403475972E+08
           DelSqK = -2.6292985526E+09
           Stress_EigVals = -3.6254719772E+04 -3.6254616380E+04 -3.6254162489E+04
           Stress_EigVec1 =  7.8520268632E-01  2.2944613432E-01 -5.7516190142E-01
           Stress_EigVec2 = -9.4847638716E-02 -8.7329800981E-01 -4.7786453257E-01
           Stress_EigVec3 =  6.1193191355E-01 -4.2977326290E-01  6.6395351921E-01
           -DivStress =  8.6385919435E+02  2.6761948125E+02 -3.9425931824E+02
           ESP =  -1.4772333884E+01     ESP at Nucleus =  -1.4772333900E+01
           ESPe = -2.7528587400E+01     ESPe at Nucleus = -2.7528589471E+01
           ESPn =  1.2756253516E+01     ESPn at Nucleus =  1.2756255571E+01

CP# 2      Coords =  4.91835449671386E+00 -2.27185788672303E+00  5.26968397538862E-01
           Type = (3,-3) NACP C2
           Rho =  1.1772027774E+02     Rho at Nucleus =  1.1772027764E+02
           GradRho =  3.4760871959E-10  8.2672757529E-11  1.1411219192E-11
           HessRho_EigVals = -1.4505908489E+05 -1.4505744405E+05 -1.4505722977E+05
           HessRho_EigVec1 = -8.4723389465E-02  2.2577740973E-01  9.7048776836E-01
           HessRho_EigVec2 =  9.2099253134E-01 -3.5395729877E-01  1.6274823460E-01
           HessRho_EigVec3 =  3.8025610382E-01  9.0760056848E-01 -1.7795084603E-01
           DelSqRho = -4.3517375872E+05
           Bond Ellipticity = NA
           V = -1.0880369727E+05
           G =  5.1287975599E+00
           K =  1.0879856848E+05
           L =  1.0879343968E+05
           Vnuc =  5.1609191095E+06
           Ven = -6.0754483094E+08
           Vrep =  6.0743602725E+08
           DelSqV =  2.4961798876E+09
           DelSqVen =  2.2458965033E+12
           DelSqVrep = -2.2434003234E+12
           DelSqG =  1.3408195478E+08
           DelSqK = -2.6302618424E+09
           Stress_EigVals = -3.6268197951E+04 -3.6268090345E+04 -3.6267408978E+04
           Stress_EigVec1 =  6.2397471863E-02  9.7341150440E-01 -2.2040099500E-01
           Stress_EigVec2 =  9.9427018999E-01 -4.1422001830E-02  9.8544442084E-02
           Stress_EigVec3 = -8.6794843201E-02  2.2528706323E-01  9.7041866961E-01
           -DivStress = -9.3018301879E+02 -1.9514062095E+02 -1.4686336686E+01
           ESP =  -1.4701420300E+01     ESP at Nucleus =  -1.4701420303E+01
           ESPe = -3.1932876715E+01     ESPe at Nucleus = -3.1932876618E+01
           ESPn =  1.7231456415E+01     ESPn at Nucleus =  1.7231456315E+01

CP# 3      Coords =  3.78635589464843E+00 -9.24195534605512E-02 -7.57254265270341E-02
           Type = (3,-3) NACP C3
           Rho =  1.1766289488E+02     Rho at Nucleus =  1.1766289298E+02
           GradRho =  3.0905167314E-11  7.9325435109E-13 -1.0059730826E-12
           HessRho_EigVals = -1.4497228779E+05 -1.4497129754E+05 -1.4497049583E+05
           HessRho_EigVec1 =  9.9791858940E-01  4.8169945270E-02  4.2873596882E-02
           HessRho_EigVec2 = -5.2094650188E-02  2.1032104419E-01  9.7624341524E-01
           HessRho_EigVec3 = -3.8008372218E-02  9.7644493687E-01 -2.1239267618E-01
           DelSqRho = -4.3491408115E+05
           Bond Ellipticity = NA
           V = -1.0873882061E+05
           G =  5.1501601060E+00
           K =  1.0873367045E+05
           L =  1.0872852029E+05
           Vnuc =  1.1706456273E+06
           Ven = -1.3774155339E+08
           Vrep =  1.3763281457E+08
           DelSqV =  2.4946787934E+09
           DelSqVen =  5.0913027174E+11
           DelSqVrep = -5.0663559193E+11
           DelSqG =  1.3398627405E+08
           DelSqK = -2.6286650675E+09
           Stress_EigVals = -3.6246644695E+04 -3.6246121228E+04 -3.6246054685E+04
           Stress_EigVec1 = -9.2865981744E-02  9.6813825575E-01 -2.3256015821E-01
           Stress_EigVec2 = -2.5329097346E-02  2.3119683643E-01  9.7257722555E-01
           Stress_EigVec3 =  9.9535639158E-01  9.6209877759E-02  3.0517469328E-03
           -DivStress =  4.0849527215E+03 -6.9646008936E+02  3.4541338360E+02
           ESP =  -1.4675945773E+01     ESP at Nucleus =  -1.4675945928E+01
           ESPe = -3.3897554215E+01     ESPe at Nucleus = -3.3897552911E+01
           ESPn =  1.9221608442E+01     ESPn at Nucleus =  1.9221606983E+01

CP# 4      Coords = -8.00753982109377E+00  3.81720401506260E+00  8.30897962501475E-01
           Type = (3,-3) NACP C4
           Rho =  1.1767610274E+02     Rho at Nucleus =  1.1767610264E+02
           GradRho = -6.8953620591E-11  3.1305835702E-10  1.1670425737E-10
           HessRho_EigVals = -1.4500391079E+05 -1.4500305099E+05 -1.4500285230E+05
           HessRho_EigVec1 =  1.6610749651E-02 -1.7603363680E-01  9.8424399501E-01
           HessRho_EigVec2 =  8.9765776049E-01  4.3618661205E-01  6.2863220528E-02
           HessRho_EigVec3 = -4.4038009494E-01  8.8247005512E-01  1.6526334680E-01
           DelSqRho = -4.3500981409E+05
           Bond Ellipticity = NA
           V = -1.0876268779E+05
           G =  5.1171323966E+00
           K =  1.0875757065E+05
           L =  1.0875245352E+05
           Vnuc =  5.1723161131E+06
           Ven = -6.0865800231E+08
           Vrep =  6.0854923962E+08
           DelSqV =  2.4952433649E+09
           DelSqVen =  2.2500084941E+12
           DelSqVrep = -2.2475132507E+12
           DelSqG =  1.3403165592E+08
           DelSqK = -2.6292750208E+09
           Stress_EigVals = -3.6254474340E+04 -3.6254358940E+04 -3.6253854506E+04
           Stress_EigVec1 = -4.1971556291E-01  8.8852074479E-01  1.8539075576E-01
           Stress_EigVec2 =  9.0638543013E-01  4.2109450511E-01  3.3835925008E-02
           Stress_EigVec3 =  4.8003107258E-02 -1.8223694421E-01  9.8208217470E-01
           -DivStress =  3.3399413550E+02 -8.2626565521E+02 -3.0999631676E+02
           ESP =  -1.4766486633E+01     ESP at Nucleus =  -1.4766486649E+01
           ESPe = -2.7685547451E+01     ESPe at Nucleus = -2.7685549307E+01
           ESPn =  1.2919060819E+01     ESPn at Nucleus =  1.2919062658E+01

CP# 5      Coords = -6.84166415160944E+00  1.63397398352318E+00  3.10588013512385E-01
           Type = (3,-3) NACP C5
           Rho =  1.1768568861E+02     Rho at Nucleus =  1.1768568848E+02
           GradRho = -1.3841561231E-10 -5.1080117913E-10 -1.1802081534E-10
           HessRho_EigVals = -1.4501312101E+05 -1.4501206643E+05 -1.4501170489E+05
           HessRho_EigVec1 =  1.4487004503E-01 -1.5191543570E-01  9.7771896292E-01
           HessRho_EigVec2 =  6.0112061612E-01  7.9839224745E-01  3.4983197326E-02
           HessRho_EigVec3 =  7.8591772784E-01 -5.8265900801E-01 -2.0698262115E-01
           DelSqRho = -4.3503689234E+05
           Bond Ellipticity = NA
           V = -1.0876944926E+05
           G =  5.1130877352E+00
           K =  1.0876433617E+05
           L =  1.0875922308E+05
           Vnuc =  4.4857066440E+06
           Ven = -5.2790347530E+08
           Vrep =  5.2779470585E+08
           DelSqV =  2.4953946328E+09
           DelSqVen =  1.9514477117E+12
           DelSqVrep = -1.9489523171E+12
           DelSqG =  1.3403688483E+08
           DelSqK = -2.6294315177E+09
           Stress_EigVals = -3.6256769436E+04 -3.6256600799E+04 -3.6256079025E+04
           Stress_EigVec1 =  7.0470515570E-01 -6.7827536548E-01 -2.0816621270E-01
           Stress_EigVec2 =  6.9777137160E-01  7.1568225730E-01  3.0232756545E-02
           Stress_EigVec3 =  1.2847473100E-01 -1.6655760316E-01  9.7762610865E-01
           -DivStress =  3.2301307666E+02  1.0109436812E+03  2.3044909105E+02
           ESP =  -1.4762017838E+01     ESP at Nucleus =  -1.4762017850E+01
           ESPe = -3.0094822896E+01     ESPe at Nucleus = -3.0094822314E+01
           ESPn =  1.5332805058E+01     ESPn at Nucleus =  1.5332804464E+01

CP# 6      Coords = -8.10276059422879E+00 -8.34685460890425E-01 -4.66401460730465E-02
           Type = (3,-3) NACP C6
           Rho =  1.1765240149E+02     Rho at Nucleus =  1.1765240119E+02
           GradRho =  1.6350945042E-09  3.5267205822E-10 -9.5845492654E-10
           HessRho_EigVals = -1.4496331462E+05 -1.4496233614E+05 -1.4496196357E+05
           HessRho_EigVec1 =  5.9542914424E-01 -3.3628168270E-01  7.2964290175E-01
           HessRho_EigVec2 =  3.6299828941E-02 -8.9599677053E-01 -4.4257441139E-01
           HessRho_EigVec3 =  8.0258735139E-01  2.9000761556E-01 -5.2129562276E-01
           DelSqRho = -4.3488761434E+05
           Bond Ellipticity = NA
           V = -1.0873206721E+05
           G =  5.0818119765E+00
           K =  1.0872698540E+05
           L =  1.0872190358E+05
           Vnuc =  2.9391607233E+06
           Ven = -3.4579931746E+08
           Vrep =  3.4569058539E+08
           DelSqV =  2.4945312886E+09
           DelSqVen =  1.2782045594E+12
           DelSqVrep = -1.2757100281E+12
           DelSqG =  1.3398200994E+08
           DelSqK = -2.6285132985E+09
           Stress_EigVals = -3.6244308242E+04 -3.6244107824E+04 -3.6243651142E+04
           Stress_EigVec1 = -8.0374687231E-01 -3.0823422726E-01  5.0890335664E-01
           Stress_EigVec2 = -3.7802830477E-02  8.8006912687E-01  4.7333843912E-01
           Stress_EigVec3 =  5.9376924076E-01 -3.6120630266E-01  7.1900493437E-01
           -DivStress = -1.4016939603E+03 -2.9874474181E+02  8.3331419833E+02
           ESP =  -1.4749824237E+01     ESP at Nucleus =  -1.4749824265E+01
           ESPe = -3.0207640288E+01     ESPe at Nucleus = -3.0207639565E+01
           ESPn =  1.5457816051E+01     ESPn at Nucleus =  1.5457815299E+01

CP# 7      Coords = -1.09297725446305E+01 -3.36882803173831E-01  2.71702196850560E+00
           Type = (3,-3) NACP H7
           Rho =  4.2566816521E-01     Rho at Nucleus =  4.2201876418E-01
           GradRho =  5.1135311263E-15  1.5612511284E-17  8.9771939882E-16
           HessRho_EigVals = -6.4828046959E+00 -6.4758583619E+00 -5.8869561907E+00
           HessRho_EigVec1 =  7.3103653145E-01  6.6457623188E-01 -1.5467392055E-01
           HessRho_EigVec2 = -5.6249499470E-01  4.5863679244E-01 -6.8793289902E-01
           HessRho_EigVec3 = -3.8624470303E-01  5.8990738649E-01  7.0910105397E-01
           DelSqRho = -1.8845619249E+01
           Bond Ellipticity = NA
           V = -4.7211799775E+00
           G =  4.8875827023E-03
           K =  4.7162923948E+00
           L =  4.7114048121E+00
           Vnuc =  4.2131427096E+01
           Ven = -1.7934007270E+01
           Vrep =  1.3212827292E+01
           DelSqV =  7.0985751940E+02
           DelSqVen =  7.9399283345E+02
           DelSqVrep = -8.4135314058E+01
           DelSqG =  6.9879519808E+01
           DelSqK = -7.7973703920E+02
           Stress_EigVals = -1.6240000442E+00 -1.6236973000E+00 -1.4734826333E+00
           Stress_EigVec1 =  6.4355440485E-01  7.2363083502E-01 -2.4939154477E-01
           Stress_EigVec2 = -6.6064717122E-01  3.6062978259E-01 -6.5840069492E-01
           Stress_EigVec3 = -3.8650102607E-01  5.8847648595E-01  7.1014954927E-01
           -DivStress = -3.0201291662E+00  4.6422720825E+00  5.5702371462E+00
           ESP =  -1.1320212366E+00     ESP at Nucleus =  -1.1344565865E+00
           ESPe = -1.4491413749E+01     ESPe at Nucleus = -1.4415121566E+01
           ESPn =  1.3359392512E+01     ESPn at Nucleus =  1.3280664979E+01

CP# 8      Coords = -1.00174173227323E+01  3.94322444648476E+00  9.94190725995685E-01
           Type = (3,-3) NACP H8
           Rho =  4.2527010196E-01     Rho at Nucleus =  4.2162385494E-01
           GradRho =  8.8843474934E-09 -5.2245120404E-10 -7.0597462772E-10
           HessRho_EigVals = -6.4753453492E+00 -6.4686162621E+00 -5.8799277596E+00
           HessRho_EigVec1 =  7.6280455311E-02  9.6995756768E-01  2.3100564718E-01
           HessRho_EigVec2 =  6.3600851064E-02 -2.3594215927E-01  9.6968357170E-01
           HessRho_EigVec3 =  9.9505588983E-01 -5.9275748596E-02 -7.9687902137E-02
           DelSqRho = -1.8823889371E+01
           Bond Ellipticity = NA
           V = -4.7154687339E+00
           G =  4.7481956082E-03
           K =  4.7107205383E+00
           L =  4.7059723427E+00
           Vnuc =  4.2102972396E+01
           Ven = -1.7905135364E+01
           Vrep =  1.3189666630E+01
           DelSqV =  7.0899228451E+02
           DelSqVen =  7.9254170931E+02
           DelSqVrep = -8.3549424798E+01
           DelSqG =  6.9775881900E+01
           DelSqK = -7.7876816641E+02
           Stress_EigVals = -1.6221518720E+00 -1.6215994541E+00 -1.4717174078E+00
           Stress_EigVec1 =  7.1630427916E-02  9.8757935902E-01  1.3984309574E-01
           Stress_EigVec2 =  6.9444781262E-02 -1.4480092780E-01  9.8702082737E-01
           Stress_EigVec3 =  9.9501080605E-01 -6.0989351031E-02 -7.8954384987E-02
           -DivStress = -7.8090754190E+00  4.6003345413E-01  6.2003475262E-01
           ESP =  -1.1290203642E+00     ESP at Nucleus =  -1.1314496081E+00
           ESPe = -1.4464629816E+01     ESPe at Nucleus = -1.4385588282E+01
           ESPn =  1.3335609452E+01     ESPn at Nucleus =  1.3254138674E+01

CP# 9      Coords = -6.96608732017524E+00  5.52787345864127E+00  1.08546396826751E+00
           Type = (3,-3) NACP H9
           Rho =  4.2604105437E-01     Rho at Nucleus =  4.2239231594E-01
           GradRho = -4.7262541103E-15 -1.0307726894E-14 -1.7225804116E-15
           HessRho_EigVals = -6.4897762809E+00 -6.4833105016E+00 -5.8933671828E+00
           HessRho_EigVec1 =  8.5003353563E-01 -4.9242535428E-01 -1.8697662625E-01
           HessRho_EigVec2 =  9.6279382668E-02 -2.0374004533E-01  9.7427936158E-01
           HessRho_EigVec3 =  5.1785448611E-01  8.4617212456E-01  1.2577546196E-01
           DelSqRho = -1.8866453965E+01
           Bond Ellipticity = NA
           V = -4.7260173001E+00
           G =  4.7019043747E-03
           K =  4.7213153957E+00
           L =  4.7166134913E+00
           Vnuc =  4.2294671937E+01
           Ven = -1.8019266626E+01
           Vrep =  1.3293249326E+01
           DelSqV =  7.1063715065E+02
           DelSqVen =  7.9795048107E+02
           DelSqVrep = -8.7313330418E+01
           DelSqG =  6.9961933933E+01
           DelSqK = -7.8059908459E+02
           Stress_EigVals = -1.6257538020E+00 -1.6252892018E+00 -1.4749742963E+00
           Stress_EigVec1 =  8.5623331114E-01 -5.1013906831E-01 -8.1379652744E-02
           Stress_EigVec2 =  4.7110055954E-03 -1.4981516836E-01  9.8870279749E-01
           Stress_EigVec3 =  5.1656783032E-01  8.4694365002E-01  1.2587346966E-01
           -DivStress =  4.0812623353E+00  6.6426321430E+00  9.8788650163E-01
           ESP =  -1.1285149242E+00     ESP at Nucleus =  -1.1309575665E+00
           ESPe = -1.4633354308E+01     ESPe at Nucleus = -1.4559550201E+01
           ESPn =  1.3504839384E+01     ESPn at Nucleus =  1.3428592635E+01

CP# 10     Coords = -1.10521604222650E+01 -3.30493725859345E+00  9.84140834111217E-01
           Type = (3,-3) NACP H10
           Rho =  4.2625873958E-01     Rho at Nucleus =  4.2266588703E-01
           GradRho =  2.7120493351E-13  5.3923011889E-13  9.2025345677E-14
           HessRho_EigVals = -6.4974536579E+00 -6.4909165530E+00 -5.9067323565E+00
           HessRho_EigVec1 = -6.8109828298E-01  2.2820108534E-01  6.9572221006E-01
           HessRho_EigVec2 =  5.7892536787E-01 -4.1390031835E-01  7.0251828795E-01
           HessRho_EigVec3 =  4.4827508001E-01  8.8125523608E-01  1.4979539887E-01
           DelSqRho = -1.8895102567E+01
           Bond Ellipticity = NA
           V = -4.7335010304E+00
           G =  4.8626942828E-03
           K =  4.7286383361E+00
           L =  4.7237756419E+00
           Vnuc =  4.1991021987E+01
           Ven = -1.7899040106E+01
           Vrep =  1.3165539075E+01
           DelSqV =  7.1206696358E+02
           DelSqVen =  7.9342466735E+02
           DelSqVrep = -8.1357703773E+01
           DelSqG =  7.0144898568E+01
           DelSqK = -7.8221186215E+02
           Stress_EigVals = -1.6276755580E+00 -1.6274111521E+00 -1.4784143202E+00
           Stress_EigVec1 = -5.4415187951E-01  1.3758797523E-01  8.2762810555E-01
           Stress_EigVec2 =  7.0866862173E-01 -4.5266115056E-01  5.4119004736E-01
           Stress_EigVec3 =  4.4909633332E-01  8.8100365030E-01  1.4881213508E-01
           -DivStress = -3.4939616255E+00 -6.8775557067E+00 -1.1766531896E+00
           ESP =  -1.1306267733E+00     ESP at Nucleus =  -1.1330321451E+00
           ESPe = -1.4082511619E+01     ESPe at Nucleus = -1.4002323967E+01
           ESPn =  1.2951884846E+01     ESPn at Nucleus =  1.2869291822E+01

CP# 11     Coords =  3.77910058423103E+00 -3.91081242426915E+00  8.03529764377847E-01
           Type = (3,-3) NACP H11
           Rho =  4.2137158479E-01     Rho at Nucleus =  4.1736887318E-01
           GradRho =  1.6579619622E-14  2.1319751520E-14 -3.8018633380E-15
           HessRho_EigVals = -6.4178125771E+00 -6.4124040755E+00 -5.7865258489E+00
           HessRho_EigVec1 =  8.1281744110E-01 -5.3861607244E-01  2.2185701240E-01
           HessRho_EigVec2 = -1.0659679198E-01  2.3689735817E-01  9.6566907667E-01
           HessRho_EigVec3 =  5.7268222548E-01  8.0856191365E-01 -1.3513955904E-01
           DelSqRho = -1.8616742502E+01
           Bond Ellipticity = NA
           V = -4.6635911776E+00
           G =  4.7027761370E-03
           K =  4.6588884015E+00
           L =  4.6541856254E+00
           Vnuc =  4.4394988304E+01
           Ven = -1.8706786578E+01
           Vrep =  1.4043195400E+01
           DelSqV =  6.9959234343E+02
           DelSqVen =  8.2649006560E+02
           DelSqVrep = -1.2689772217E+02
           DelSqG =  6.8913025082E+01
           DelSqK = -7.6850536851E+02
           Stress_EigVals = -1.6080133809E+00 -1.6068764155E+00 -1.4487013812E+00
           Stress_EigVec1 =  8.1146511282E-01 -5.3137756577E-01  2.4323291980E-01
           Stress_EigVec2 = -1.2498556177E-01  2.4877735194E-01  9.6046261693E-01
           Stress_EigVec3 =  5.7087912908E-01  8.0978250893E-01 -1.3545961838E-01
           -DivStress = -4.7151812779E+00 -6.5984075347E+00  1.0976381147E+00
           ESP =  -1.0740012938E+00     ESP at Nucleus =  -1.0767082821E+00
           ESPe = -1.8189753051E+01     ESPe at Nucleus = -1.8098024900E+01
           ESPn =  1.7115751758E+01     ESPn at Nucleus =  1.7021316618E+01

CP# 12     Coords =  7.73271407937972E+00 -2.48198688651100E+00  8.33616550180564E-01
           Type = (3,-3) NACP C12
           Rho =  1.1753131753E+02     Rho at Nucleus =  1.1753131737E+02
           GradRho = -6.8670414494E-10  2.1010174156E-10 -1.2832149232E-10
           HessRho_EigVals = -1.4482845155E+05 -1.4482813813E+05 -1.4482802360E+05
           HessRho_EigVec1 =  9.8622254790E-01  3.4192273238E-02  1.6185170516E-01
           HessRho_EigVec2 = -1.0495433918E-01  8.8559887260E-01  4.5243698294E-01
           HessRho_EigVec3 = -1.2786583867E-01 -4.6319059284E-01  8.7698620400E-01
           DelSqRho = -4.3448461328E+05
           Bond Ellipticity = NA
           V = -1.0863157138E+05
           G =  5.2090317560E+00
           K =  1.0862636235E+05
           L =  1.0862115332E+05
           Vnuc =  4.0757038131E+06
           Ven = -4.7902283901E+08
           Vrep =  4.7891420744E+08
           DelSqV =  2.4922507615E+09
           DelSqVen =  1.7708303319E+12
           DelSqVrep = -1.7683380811E+12
           DelSqG =  1.3387258021E+08
           DelSqK = -2.6261233417E+09
           Stress_EigVals = -3.6210587114E+04 -3.6210546253E+04 -3.6210438017E+04
           Stress_EigVec1 = -6.1948304422E-02 -3.8596454869E-01  9.2043129821E-01
           Stress_EigVec2 = -2.3163242531E-01  9.0258338342E-01  3.6289069362E-01
           Stress_EigVec3 =  9.7082893814E-01  1.9072127078E-01  1.4531541470E-01
           -DivStress =  1.1260332628E+03 -3.3764000245E+02  2.0153719844E+02
           ESP =  -1.4706978529E+01     ESP at Nucleus =  -1.4706978536E+01
           ESPe = -3.0003592445E+01     ESPe at Nucleus = -3.0003590379E+01
           ESPn =  1.5296613916E+01     ESPn at Nucleus =  1.5296611843E+01

CP# 13     Coords =  8.14012608324118E+00 -3.60930882334118E+00  2.48596102028830E+00
           Type = (3,-3) NACP H13
           Rho =  4.2412687032E-01     Rho at Nucleus =  4.2068814074E-01
           GradRho = -4.6204359783E-15  1.4502288259E-15 -2.1267709815E-15
           HessRho_EigVals = -6.4585783462E+00 -6.4566919928E+00 -5.8880306393E+00
           HessRho_EigVec1 =  7.9520181638E-01  5.7471490802E-01  1.9327919114E-01
           HessRho_EigVec2 = -5.7094028735E-01  6.0238157927E-01  5.5782042024E-01
           HessRho_EigVec3 =  2.0415988710E-01 -5.5393068832E-01  8.0714282072E-01
           DelSqRho = -1.8803300978E+01
           Bond Ellipticity = NA
           V = -4.7105746477E+00
           G =  4.8747015501E-03
           K =  4.7056999461E+00
           L =  4.7008252446E+00
           Vnuc =  4.4427377116E+01
           Ven = -1.8842844412E+01
           Vrep =  1.4132269765E+01
           DelSqV =  7.0897886858E+02
           DelSqVen =  8.3538134358E+02
           DelSqVrep = -1.2640247500E+02
           DelSqG =  6.9818791562E+01
           DelSqK = -7.7879766014E+02
           Stress_EigVals = -1.6183563925E+00 -1.6180816405E+00 -1.4741366147E+00
           Stress_EigVec1 =  5.6178332237E-01  7.4166412809E-01  3.6651578385E-01
           Stress_EigVec2 = -8.0159253345E-01  3.7844710822E-01  4.6284683924E-01
           Stress_EigVec3 =  2.0457005895E-01 -5.5381595082E-01  8.0711770120E-01
           -DivStress =  1.5515118052E+00 -4.2168082542E+00  6.1388543586E+00
           ESP =  -1.0910106055E+00     ESP at Nucleus =  -1.0932677969E+00
           ESPe = -1.5897796519E+01     ESPe at Nucleus = -1.5807912910E+01
           ESPn =  1.4806785914E+01     ESPn at Nucleus =  1.4714645113E+01

CP# 14     Coords =  8.47092559632124E+00 -3.55584858880412E+00 -7.46896226689080E-01
           Type = (3,-3) NACP H14
           Rho =  4.2174640076E-01     Rho at Nucleus =  4.1840697758E-01
           GradRho =  1.5222198502E-15 -1.2143064332E-17  1.9428902931E-16
           HessRho_EigVals = -6.4307107652E+00 -6.4285068367E+00 -5.8712577246E+00
           HessRho_EigVec1 =  8.5400855352E-01  5.1802508067E-01  4.8160215001E-02
           HessRho_EigVec2 = -3.7260823035E-01  6.7361680353E-01 -6.3828168443E-01
           HessRho_EigVec3 = -3.6308745115E-01  5.2715312558E-01  7.6829492059E-01
           DelSqRho = -1.8730475327E+01
           Bond Ellipticity = NA
           V = -4.6924841180E+00
           G =  4.9326431638E-03
           K =  4.6875514748E+00
           L =  4.6826188316E+00
           Vnuc =  4.5149551007E+01
           Ven = -1.9041660633E+01
           Vrep =  1.4349176515E+01
           DelSqV =  7.0673107737E+02
           DelSqVen =  8.4567255114E+02
           DelSqVrep = -1.3894147377E+02
