AIMSum (Version 19.02.13, Professional)
Copyright (c) 1997-2019 by Todd A. Keith
AIMSum is a component of the AIMAll package ( http://aim.tkgristmill.com )

TP:  64-bit Linux

Much of the Quantum Theory of Atoms in Molecules (QTAIM) is described in the book:
  "Atoms in Molecules - A Quantum Theory"
  R.F.W. Bader, Oxford University Press, Oxford, 1990

For additional references see:  http://aim.tkgristmill.com/references.html

Wfn File:  /home/mhennefarth/Documents/ML_Diels/summary-paton2010/11-opt/11-opt.wfn
Sum File:  /home/mhennefarth/Documents/ML_Diels/summary-paton2010/11-opt/11-opt.sum

SumViz File:  /home/mhennefarth/Documents/ML_Diels/summary-paton2010/11-opt/11-opt.sumviz

Wfn Title:   Title Card Required                                                           
 
Total memory allocated for AIMSum =        1.671 Megabytes

Atomic units (a.u.) used throughout, except where stated otherwise

Model:  Restricted SCF
 
Restricted, closed-shell, single-determinant wavefunction.
  Number of electrons (from MO Occs)                   =         106.0000000000
  Number of Alpha electrons (from MO Occs)             =          53.0000000000
  Number of Beta electrons (from MO Occs)              =          53.0000000000
  Number of electron pairs (N*(N-1)/2)                 =        5565.0000000000
  Number of electron pairs (from Muller 2EDM)          =        5565.0000000000
 
Nuclear Charges and Cartesian Coordinates:
-------------------------------------------------------------------------------
Atom      Charge                X                  Y                  Z
-------------------------------------------------------------------------------
C1         6.0           4.7568521800E+00   4.6088078700E+00  -1.4383092300E+00
C2         6.0          -2.8138369100E+00   5.9644525000E-01  -2.2862375500E+00
C3         6.0          -2.2474268100E+00  -1.2120660100E+00  -6.1288426000E-01
C4         6.0           3.8041095400E+00   1.6267231600E+00   3.4140995100E+00
C5         6.0           4.7615551200E+00   7.0814952000E-01   1.2514648400E+00
C6         6.0           4.5708947400E+00   2.1014230400E+00  -1.1653739800E+00
H7         1.0           5.1177850400E+00   5.8488019100E+00   1.5995090000E-01
H8         1.0           2.8019775900E+00   3.4181565600E+00   3.4732232700E+00
H9         1.0           3.9968432900E+00   6.1125126000E-01   5.1891101700E+00
H10        1.0           4.5830720100E+00   5.5009479200E+00  -3.2798312300E+00
H11        1.0          -1.8296942700E+00   6.1675723000E-01  -4.0856199900E+00
C12        6.0          -4.7448842500E+00   2.6058319400E+00  -1.7475630500E+00
H13        1.0          -4.0127376300E+00   4.4348443300E+00  -2.3989211200E+00
H14        1.0          -6.4240822100E+00   2.2356575200E+00  -2.9212869000E+00
C15        6.0          -3.4423961500E+00  -1.5351012200E+00   1.9422138300E+00
H16        1.0          -2.0700845500E+00  -9.8988464000E-01   3.4016398600E+00
C17        6.0          -5.4711406300E+00   2.7258763300E+00   1.0622517800E+00
C18        6.0          -5.8613525500E+00   6.5640680000E-02   2.1480221900E+00
H19        1.0          -7.1802630400E+00   3.8707851000E+00   1.3006309700E+00
H20        1.0          -3.9574575100E+00   3.6792612900E+00   2.1142454400E+00
H21        1.0          -7.3960297300E+00  -8.7695645000E-01   1.1148421400E+00
H22        1.0          -6.4528192100E+00   1.6735058000E-01   4.1296776400E+00
N23        7.0          -2.4991852000E-01  -3.0286983700E+00  -1.2718727000E+00
O24        8.0           8.4934268000E-01  -2.8259205000E+00  -3.3193417900E+00
O25        8.0           2.3866325000E-01  -4.6699524200E+00   3.0832524000E-01
H26        1.0          -3.8527900200E+00  -3.5348141700E+00   2.2729073400E+00
H27        1.0           4.3111945600E+00   9.3151369000E-01  -2.8419475700E+00
C28        6.0           6.0580432500E+00  -1.8343730300E+00   1.1233803800E+00
H29        1.0           5.0680840600E+00  -3.1000508600E+00  -1.8686745000E-01
H30        1.0           8.0028783200E+00  -1.6399831700E+00   4.2736992000E-01
H31        1.0           6.1170003500E+00  -2.7499112000E+00   2.9757312400E+00
 
Some Atomic Properties:
----------------------
  q(A) = Net Charge of Atom A
  L(A) = Lagrangian of Atom A = -(1/4) Times Atomic Integral of the Laplacian of the Electron Density
  K(A) = Electronic Kinetic Energy of Atom A (Hamiltonian Form)
  K_Scaled(A) = K(A) * E(Mol)/K(Mol) = Approximation to Virial-Based Total Energy of Atom A.
  |Mu_Intra(A)| = Magnitude of Intraatomic Dipole Moment of Atom A
--------------------------------------------------------------------------------------------------
Atom A          q(A)              L(A)              K(A)          K_Scaled(A)      |Mu_Intra(A)|
--------------------------------------------------------------------------------------------------
C1       -9.6572874800E-02 -8.4594171486E-05  3.7707435720E+01 -3.8069217449E+01  1.0508451989E-01
C2       -1.0622327600E-02  8.7329900296E-05  3.7737737933E+01 -3.8099810395E+01  1.7977390847E-01
C3        2.1909244990E-01  2.0486321674E-05  3.7620475477E+01 -3.7981422872E+01  4.9228024887E-01
C4       -1.0871917030E-01  9.5918712943E-07  3.7715204886E+01 -3.8077061156E+01  1.2475157813E-01
C5        5.1289400000E-03 -4.5367006851E-04  3.7697770481E+01 -3.8059459478E+01  3.8948841224E-02
C6       -4.2908156100E-02 -1.1793296157E-04  3.7720479945E+01 -3.8082386826E+01  8.3715820970E-02
H7        3.9064245250E-02  2.3829382091E-05  5.9509177081E-01 -6.0080134310E-01  1.5009926230E-01
H8        3.1232624330E-02  2.5138409978E-05  5.9847256584E-01 -6.0421457497E-01  1.5250330163E-01
H9        3.3424359760E-02  2.0118507235E-05  5.9741510646E-01 -6.0314696986E-01  1.5232374191E-01
H10       3.6775955380E-02  2.1294534801E-05  5.9678197293E-01 -6.0250776177E-01  1.4974280198E-01
H11       1.0147377005E-01 -1.3481570195E-06  5.7785750766E-01 -5.8340172684E-01  1.3789789510E-01
C12       1.7910541900E-02 -3.1081921525E-04  3.7679039274E+01 -3.8040548556E+01  1.2122825383E-01
H13       2.9164031070E-02  2.3511558084E-05  6.0380602010E-01 -6.0959920074E-01  1.5120377039E-01
H14       2.6780976790E-02  2.4376535011E-05  6.0283067809E-01 -6.0861450087E-01  1.5304284227E-01
C15       3.6069665900E-02 -4.1089219441E-04  3.7683730476E+01 -3.8045284768E+01  1.7029561973E-01
H16       3.8009070560E-02  3.5819899891E-05  6.0031020558E-01 -6.0606984583E-01  1.4955517275E-01
C17       1.9892785100E-02 -1.9233879901E-04  3.7673966254E+01 -3.8035426863E+01  8.3102342698E-02
C18       2.0396527000E-02 -1.5954478852E-04  3.7672732961E+01 -3.8034181737E+01  7.6939366706E-02
H19       9.4140484500E-03  2.2192958858E-05  6.1289707077E-01 -6.1877747495E-01  1.5464716032E-01
H20       7.3180875100E-03  3.3304013533E-05  6.1385213718E-01 -6.1974170467E-01  1.5542265760E-01
H21       1.8984765700E-03  2.7536217023E-05  6.1593951582E-01 -6.2184911055E-01  1.5719069165E-01
H22       1.2312930240E-02  2.8572696782E-05  6.1205451007E-01 -6.1792683034E-01  1.5397666236E-01
N23       3.7826928340E-01  8.4976639394E-05  5.3954886382E+01 -5.4472553303E+01  7.2457272505E-01
O24      -4.9391738180E-01  2.4014524527E-05  7.4826336929E+01 -7.5544253729E+01  3.1102022223E-01
O25      -4.7556051390E-01  9.5420589699E-05  7.4827763907E+01 -7.5545694398E+01  2.9702757028E-01
H26       5.0723680440E-02  2.4055691553E-05  5.9902366636E-01 -6.0477096299E-01  1.4532443680E-01
H27       5.2762115840E-02  2.6016568705E-05  5.9572625200E-01 -6.0144191178E-01  1.4059928843E-01
C28      -2.6939145700E-02 -1.4182876443E-04  3.7695324398E+01 -3.8056989926E+01  1.0071592003E-01
H29       5.1742729840E-02  7.1112346134E-06  5.9199570257E-01 -5.9767556982E-01  1.3424754136E-01
H30       1.7939349740E-02  2.9477076576E-05  6.0273759909E-01 -6.0852052882E-01  1.5480473362E-01
H31       1.7280772940E-02  2.5602626478E-05  6.0472891444E-01 -6.1053094973E-01  1.5307996028E-01
--------------------------------------------------------------------------------------------------
Total    -1.1621522400E-03 -1.1618240463E-03  6.2843440622E+02 -6.3446388242E+02
 
1st Largest |L(A)| = 4.5367006851E-04, atom C5      
2nd Largest |L(A)| = 4.1089219441E-04, atom C15     
 
Molecular charge q(Mol) from the wfn file:   0.0000000000E+00
Molecular energy E(Mol) from the wfn file:  -6.3446414919E+02
Molecular virial ratio (-V(Mol)/T(Mol)) from the wfn file:   2.0095944400E+00
Note.  K_Scaled(A) = (1+V(Mol)/T(Mol))*K(A) = (E(Mol)/T(Mol))*K(A)
       Only use K_Scaled(A) data with caution.
 
N_AIMInt(SumA)     =        106.001162
N_Analytic(Mol)    =        105.999982
 
G_AIMInt(SumA)     =        628.435568
G_Analytic(Mol)    =        628.434622
 
K_AIMInt(SumA)     =        628.434406
K_Analytic(Mol)    =        628.434622
 
L_AIMInt(SumA)     =         -0.001162
L_Analytic(Mol)    =          0.000000
 
VenT_AIMInt(SumA)  =      -3282.629551
VenT_Analytic(Mol) =      -3282.610432
 
Some Information About the Atomic Calculations:
----------------------------------------------
  Time(sec) = "Elapsed User Time", in Seconds, for Atom A by AIMInt and, if used, by TWOe
  NProc = Number of Processors Used for AIMInt Job
  BIM = Basin Integration Method
  OAQ = Angular Quadrature Outside of Beta Sphere
  ORQ = Multiple of Default for Radial Quadrature Outside of Beta Sphere
  IAQ = Multiple of Default for Angular Quadrature Inside of Beta Sphere
  IRQ = Multiple of Default for Radial Quadrature Inside of Beta Sphere
  MIR = Maximum Integration Radius
------------------------------------------------------------------------------------------------------
Atom A     Time(sec)   NProc      BIM          OAQ                     ORQ      IAQ      IRQ      MIR
------------------------------------------------------------------------------------------------------
C1             49        8     Proaim(5)    4500(GS4)                  1.00     1.00     1.00    13.00
C2             88        8     Proaim(5)    4500(GS4)                  1.00     1.00     1.00    13.00
C3            132        8     Proaim(5)    4500(GS4)                  1.00     1.00     1.00    13.00
C4             79        8     Proaim(5)    4500(GS4)                  1.00     1.00     1.00    13.00
C5             80        8     Proaim(5)    4500(GS4)                  1.00     1.00     1.00    13.00
C6             82        8     Proaim(5)    4500(GS4)                  1.00     1.00     1.00    13.00
H7             16        8     Proaim(5)    1800(GS4)                  1.00     1.00     1.00    13.00
H8             28        8     Proaim(5)    1800(GS4)                  1.00     1.00     1.00    13.00
H9             15        8     Proaim(5)    1800(GS4)                  1.00     1.00     1.00    13.00
H10            11        8     Proaim(5)    1800(GS4)                  1.00     1.00     1.00    13.00
H11            22        8     Proaim(5)    1800(GS4)                  1.00     1.00     1.00    13.00
C12            51        8     Proaim(5)    4500(GS4)                  1.00     1.00     1.00    13.00
H13            16        8     Proaim(5)    1800(GS4)                  1.00     1.00     1.00    13.00
H14            14        8     Proaim(5)    1800(GS4)                  1.00     1.00     1.00    13.00
C15           172        8     Proaim(5)    4500(GS4)                  1.00     1.00     1.00    13.00
H16            46        8     Proaim(5)    4500(GS4)                  1.00     1.00     1.00    13.00
C17            73        8     Proaim(5)    4500(GS4)                  1.00     1.00     1.00    13.00
C18            71        8     Proaim(5)    4500(GS4)                  1.00     1.00     1.00    13.00
H19            13        8     Proaim(5)    1800(GS4)                  1.00     1.00     1.00    13.00
H20            23        8     Proaim(5)    1800(GS4)                  1.00     1.00     1.00    13.00
H21            14        8     Proaim(5)    1800(GS4)                  1.00     1.00     1.00    13.00
H22            13        8     Proaim(5)    1800(GS4)                  1.00     1.00     1.00    13.00
N23           181        8    Promega(1)    4500(GS4)                  1.00     1.00     1.00    13.00
O24            80        8     Proaim(5)    4500(GS4)                  1.00     1.00     1.00    13.00
O25           171        8    Promega(1)    4500(GS4)                  1.00     1.00     1.00    13.00
H26            17        8     Proaim(5)    1800(GS4)                  1.00     1.00     1.00    13.00
H27            52        8     Proaim(5)    4500(GS4)                  1.00     1.00     1.00    13.00
C28            69        8     Proaim(5)    4500(GS4)                  1.00     1.00     1.00    13.00
H29            52        8     Proaim(5)    4500(GS4)                  1.00     1.00     1.00    13.00
H30            16        8     Proaim(5)    1800(GS4)                  1.00     1.00     1.00    13.00
H31            14        8     Proaim(5)    1800(GS4)                  1.00     1.00     1.00    13.00
------------------------------------------------------------------------------------------------------
Total        1760
Note:  Total wall clock time is less than total of atomic times if more than one atom
       was calculated at a time
 
Electron Density Critical Point Analysis of Molecular Structure:               
---------------------------------------------------------------                
  NACP = Nuclear Attractor Critical Point                                      
  NNACP = Non-Nuclear Attractor Critical Point                                 
  BCP = Bond Critical Point                                                    
  RCP = Ring Critical Point                                                    
  CCP = Cage Critical Point                                                    
  Rho = Electron Density                                                       
  GradRho = Gradient of Electron Density                                       
  HessRho_EigVals = Eigenvalues of the Hessian of Rho, Ascending Order         
  HessRho_EigVecs = Eigenvectors of the Hessian of Rho                         
  DelSqRho = Laplacian of Rho = Trace of Hessian of Rho                        
  Bond Ellipticity = (HessRho_EigVal(1) / HessRho_EigVal(2)) - 1               
  V = Virial Field = Potential Energy Density = Trace of Stress Tensor         
  G = Lagrangian Form of Kinetic Energy Density                                
  K = Hamiltonian Form of Kinetic Energy Density                               
  L = K - G = Lagrangian Density = (-1/4)DelSqRho                              
  Vnuc = Electrostatic Potential from Nuclei                                   
  Ven = Electron-nuclear attractive contribution to Virial Field V             
  Vrep = V - Ven = Repulsive contribution to Virial Field V                    
  DelSqV = Laplacian of V                                                      
  DelSqVen = Laplacian of Ven                                                  
  DelSqVrep = Laplacian of Vrep                                                
  DelSqG = Laplacian of G                                                      
  DelSqK = Laplacian of K                                                      
  Stress_EigVals = Eigenvalues of Stress Tensor, Ascending Order               
  Stress_EigVecs = Eigenvectors of Stress Tensor                               
  -DivStress = Ehrenfest Force Density = Minus Divergence of Stress Tensor     
  ESP = Total Electrostatic Potential                                          
  ESPe = Electrostatic Potential from Electrons                                
  ESPn = Electrostatic Potential from Nuclei                                   
  BP = Bond Path                                                               
  BPL = Bond Path Length                                                       
  GBL = Geometric Bond Length                                                  
  GBL_I = Distance Between Nuclear Attractors                                  
  GBL_II = Distance Between Nuclei                                             
  GBL_III = Sum of Distances Between BCP and Nuclear Attractors                
  GBL_IV = Sum of Distances Between BCP and Nuclei                             

CP# 1      Coords =  4.75685209869036E+00  4.60880890219544E+00 -1.43830948015987E+00
           Type = (3,-3) NACP C1
           Rho =  1.1767809432E+02     Rho at Nucleus =  1.1767809424E+02
           GradRho = -7.5876666061E-11  2.5825452887E-10 -5.6351617816E-11
           HessRho_EigVals = -1.4500659636E+05 -1.4500569582E+05 -1.4500551497E+05
           HessRho_EigVec1 =  9.7566626030E-01 -1.3202301084E-01 -1.7505791360E-01
           HessRho_EigVec2 =  1.8750178100E-01  8.8511547280E-02  9.7826825979E-01
           HessRho_EigVec3 =  1.1365927427E-01  9.8728700519E-01 -1.1111227999E-01
           DelSqRho = -4.3501780715E+05
           Bond Ellipticity = NA
           V = -1.0876468418E+05
           G =  5.1161985155E+00
           K =  1.0875956799E+05
           L =  1.0875445179E+05
           Vnuc =  5.6328397517E+06
           Ven = -6.6286184758E+08
           Vrep =  6.6275308290E+08
           DelSqV =  2.4952892185E+09
           DelSqVen =  2.4503861248E+12
           DelSqVrep = -2.4478908356E+12
           DelSqG =  1.3403432366E+08
           DelSqK = -2.6293235421E+09
           Stress_EigVals = -3.6255139793E+04 -3.6255029940E+04 -3.6254514451E+04
           Stress_EigVec1 =  8.9878261793E-02  9.8526029768E-01 -1.4554739391E-01
           Stress_EigVec2 =  1.6958890923E-01  1.2886465797E-01  9.7705347949E-01
           Stress_EigVec3 =  9.8140791719E-01 -1.1249909219E-01 -1.5550708773E-01
           -DivStress =  6.4195281876E+01 -8.3960998828E+02  2.0411022197E+02
           ESP =  -1.4750583475E+01     ESP at Nucleus =  -1.4750583490E+01
           ESPe = -2.9081192869E+01     ESPe at Nucleus = -2.9081194641E+01
           ESPn =  1.4330609393E+01     ESPn at Nucleus =  1.4330611151E+01

CP# 2      Coords = -2.81383779991696E+00  5.96445898535627E-01 -2.28623708903770E+00
           Type = (3,-3) NACP C2
           Rho =  1.1771827560E+02     Rho at Nucleus =  1.1771827550E+02
           GradRho = -2.4737606408E-10  1.9506674054E-10  1.5304069123E-10
           HessRho_EigVals = -1.4505610600E+05 -1.4505449160E+05 -1.4505427611E+05
           HessRho_EigVec1 =  7.0208019324E-01  5.9726010108E-01  3.8776768035E-01
           HessRho_EigVec2 = -6.2436350843E-01  7.7815904767E-01 -6.8108045498E-02
           HessRho_EigVec3 = -3.4242314700E-01 -1.9429067962E-01  9.1923746672E-01
           DelSqRho = -4.3516487370E+05
           Bond Ellipticity = NA
           V = -1.0880148298E+05
           G =  5.1322753141E+00
           K =  1.0879635070E+05
           L =  1.0879121843E+05
           Vnuc =  5.0262005518E+06
           Ven = -5.9167566178E+08
           Vrep =  5.9156686029E+08
           DelSqV =  2.4961287037E+09
           DelSqVen =  2.1872259564E+12
           DelSqVrep = -2.1847298276E+12
           DelSqG =  1.3407873554E+08
           DelSqK = -2.6302074392E+09
           Stress_EigVals = -3.6267458978E+04 -3.6267349303E+04 -3.6266674695E+04
           Stress_EigVec1 = -1.3368460500E-01 -4.2931149282E-01  8.9320774096E-01
           Stress_EigVec2 = -6.9474173434E-01  6.8333877372E-01  2.2445944602E-01
           Stress_EigVec3 =  7.0672650223E-01  5.9054192270E-01  3.8961248514E-01
           -DivStress =  7.2677985320E+02 -5.3288453822E+02 -3.7417732722E+02
           ESP =  -1.4708837085E+01     ESP at Nucleus =  -1.4708837088E+01
           ESPe = -3.3437433626E+01     ESPe at Nucleus = -3.3437433648E+01
           ESPn =  1.8728596541E+01     ESPn at Nucleus =  1.8728596560E+01

CP# 3      Coords = -2.24742324326307E+00 -1.21206967034355E+00 -6.12884746239862E-01
           Type = (3,-3) NACP C3
           Rho =  1.1766161783E+02     Rho at Nucleus =  1.1766161592E+02
           GradRho =  2.5906388146E-11 -6.4761251917E-12  7.9766193650E-12
           HessRho_EigVals = -1.4497010873E+05 -1.4496912102E+05 -1.4496831750E+05
           HessRho_EigVec1 =  7.1237843625E-01 -6.3524742333E-01 -2.9829125820E-01
           HessRho_EigVec2 =  6.9678074646E-01  5.8949802511E-01  4.0864247179E-01
           HessRho_EigVec3 = -8.3746969648E-02 -4.9895169059E-01  8.6257385512E-01
           DelSqRho = -4.3490754725E+05
           Bond Ellipticity = NA
           V = -1.0873719359E+05
           G =  5.1533894854E+00
           K =  1.0873204020E+05
           L =  1.0872688681E+05
           Vnuc =  1.1687399680E+06
           Ven = -1.3751583546E+08
           Vrep =  1.3740709827E+08
           DelSqV =  2.4946409250E+09
           DelSqVen =  5.0829382861E+11
           DelSqVrep = -5.0579918768E+11
           DelSqG =  1.3398367815E+08
           DelSqK = -2.6286246031E+09
           Stress_EigVals = -3.6246102522E+04 -3.6245577777E+04 -3.6245513294E+04
           Stress_EigVec1 = -4.1381565476E-02 -5.3230614276E-01  8.4553990824E-01
           Stress_EigVec2 =  7.1207700598E-01  5.7792696252E-01  3.9868128065E-01
           Stress_EigVec3 =  7.0088080555E-01 -6.1858758182E-01 -3.5512744196E-01
           -DivStress = -2.8955130560E+03  2.9682166674E+03  3.9196852325E+02
           ESP =  -1.4683660760E+01     ESP at Nucleus =  -1.4683660915E+01
           ESPe = -3.5361161585E+01     ESPe at Nucleus = -3.5361160517E+01
           ESPn =  2.0677500825E+01     ESPn at Nucleus =  2.0677499603E+01

CP# 4      Coords =  3.80410918350884E+00  1.62672363821713E+00  3.41410049638716E+00
           Type = (3,-3) NACP C4
           Rho =  1.1767977427E+02     Rho at Nucleus =  1.1767977417E+02
           GradRho = -9.9850794300E-11  1.3676088040E-10  3.0375424398E-10
           HessRho_EigVals = -1.4501092558E+05 -1.4501021909E+05 -1.4501008232E+05
           HessRho_EigVec1 =  8.2268793782E-01  5.3008371158E-01  2.0541620114E-01
           HessRho_EigVec2 = -3.4516421411E-01  7.5286205987E-01 -5.6041090649E-01
           HessRho_EigVec3 = -4.5171475764E-01  3.9014097135E-01  8.0233646321E-01
           DelSqRho = -4.3503122698E+05
           Bond Ellipticity = NA
           V = -1.0876807029E+05
           G =  5.1317734326E+00
           K =  1.0876293852E+05
           L =  1.0875780675E+05
           Vnuc =  5.2051472304E+06
           Ven = -6.1254055112E+08
           Vrep =  6.1243178305E+08
           DelSqV =  2.4953688617E+09
           DelSqVen =  2.2644019692E+12
           DelSqVrep = -2.2619066003E+12
           DelSqG =  1.3404088769E+08
           DelSqK = -2.6294097494E+09
           Stress_EigVals = -3.6256243737E+04 -3.6256146492E+04 -3.6255680064E+04
           Stress_EigVec1 = -4.0375054980E-01  3.6437591984E-01  8.3917559699E-01
           Stress_EigVec2 = -3.4644145450E-01  7.8805874658E-01 -5.0886317468E-01
           Stress_EigVec3 =  8.4673715647E-01  4.9617900095E-01  1.9194422855E-01
           -DivStress =  2.9051778528E+02 -3.8916122630E+02 -8.0399160123E+02
           ESP =  -1.4757573358E+01     ESP at Nucleus =  -1.4757573373E+01
           ESPe = -3.0508533798E+01     ESPe at Nucleus = -3.0508535703E+01
           ESPn =  1.5750960439E+01     ESPn at Nucleus =  1.5750962330E+01

CP# 5      Coords =  4.76155565654234E+00  7.08148809242025E-01  1.25146306997275E+00
           Type = (3,-3) NACP C5
           Rho =  1.1765908094E+02     Rho at Nucleus =  1.1765908066E+02
           GradRho =  4.3885028944E-10 -6.2677241175E-10 -1.5514894924E-09
           HessRho_EigVals = -1.4497297731E+05 -1.4497194555E+05 -1.4497158714E+05
           HessRho_EigVec1 =  8.9236432716E-01  3.9189278980E-01  2.2384358135E-01
           HessRho_EigVec2 = -2.2933107681E-01  8.2091693061E-01 -5.2297480842E-01
           HessRho_EigVec3 = -3.8870704240E-01  4.1534977349E-01  8.2243017992E-01
           DelSqRho = -4.3491651000E+05
           Bond Ellipticity = NA
           V = -1.0873928387E+05
           G =  5.0781833493E+00
           K =  1.0873420568E+05
           L =  1.0872912750E+05
           Vnuc =  3.0281392279E+06
           Ven = -3.5628807853E+08
           Vrep =  3.5617933924E+08
           DelSqV =  2.4946977742E+09
           DelSqVen =  1.3169877156E+12
           DelSqVrep = -1.3144930342E+12
           DelSqG =  1.3399225467E+08
           DelSqK = -2.6286900289E+09
           Stress_EigVals = -3.6246714202E+04 -3.6246520371E+04 -3.6246049294E+04
           Stress_EigVec1 = -3.7642938617E-01  3.6675554468E-01  8.5075924190E-01
           Stress_EigVec2 = -2.7483016594E-01  8.3276210435E-01 -4.8059926910E-01
           Stress_EigVec3 =  8.8474250328E-01  4.1472599148E-01  2.1268064056E-01
           -DivStress = -4.3719362447E+02  5.7731596370E+02  1.4365271184E+03
           ESP =  -1.4735119982E+01     ESP at Nucleus =  -1.4735120008E+01
           ESPe = -3.2585425013E+01     ESPe at Nucleus = -3.2585424893E+01
           ESPn =  1.7850305031E+01     ESPn at Nucleus =  1.7850304884E+01

CP# 6      Coords =  4.57089485641273E+00  2.10142207547579E+00 -1.16537320528354E+00
           Type = (3,-3) NACP C6
           Rho =  1.1768317928E+02     Rho at Nucleus =  1.1768317917E+02
           GradRho = -1.5165313449E-11 -3.2797553562E-10  2.7639629474E-10
           HessRho_EigVals = -1.4500887372E+05 -1.4500785724E+05 -1.4500751610E+05
           HessRho_EigVec1 =  9.9429290475E-01 -8.8513030990E-02 -5.9557223858E-02
           HessRho_EigVec2 =  3.8517697770E-02 -2.2276367748E-01  9.7411125184E-01
           HessRho_EigVec3 =  9.9488725628E-02  9.7084591328E-01  2.1808302578E-01
           DelSqRho = -4.3502424706E+05
           Bond Ellipticity = NA
           V = -1.0876628451E+05
           G =  5.1113746294E+00
           K =  1.0876117314E+05
           L =  1.0875606176E+05
           Vnuc =  4.8286183245E+06
           Ven = -5.6824715596E+08
           Vrep =  5.6813838967E+08
           DelSqV =  2.4953211414E+09
           DelSqVen =  2.1005661061E+12
           DelSqVrep = -2.0980707276E+12
           DelSqG =  1.3403186633E+08
           DelSqK = -2.6293530077E+09
           Stress_EigVals = -3.6255710330E+04 -3.6255542089E+04 -3.6255032095E+04
           Stress_EigVec1 =  9.4525120973E-02  9.8700064685E-01  1.2997970847E-01
           Stress_EigVec2 =  7.1510075581E-02 -1.3695881300E-01  9.8799220272E-01
           Stress_EigVec3 =  9.9295080976E-01 -8.4095223706E-02 -8.3526539222E-02
           -DivStress = -9.4915668174E+01  7.7963492129E+02 -6.3178023037E+02
           ESP =  -1.4744459302E+01     ESP at Nucleus =  -1.4744459314E+01
           ESPe = -3.1740339270E+01     ESPe at Nucleus = -3.1740338470E+01
           ESPn =  1.6995879968E+01     ESPn at Nucleus =  1.6995879156E+01

CP# 7      Coords =  5.11159523041327E+00  5.82783339296915E+00  1.32708737035442E-01
           Type = (3,-3) NACP H7
           Rho =  4.2475193097E-01     Rho at Nucleus =  4.2107666521E-01
           GradRho = -1.3823577699E-15 -6.9388939039E-16 -2.8466812241E-15
           HessRho_EigVals = -6.4659201217E+00 -6.4592162036E+00 -5.8680776632E+00
           HessRho_EigVec1 = -5.3464438528E-02  7.9662725217E-01 -6.0210179779E-01
           HessRho_EigVec2 =  9.8282918501E-01 -6.4657436082E-02 -1.7281842799E-01
           HessRho_EigVec3 =  1.7660222792E-01  6.0100285944E-01  7.7949163949E-01
           DelSqRho = -1.8793213989E+01
           Bond Ellipticity = NA
           V = -4.7077465595E+00
           G =  4.7215311963E-03
           K =  4.7030250283E+00
           L =  4.6983034971E+00
           Vnuc =  4.3513182800E+01
           Ven = -1.8482308417E+01
           Vrep =  1.3774561857E+01
           DelSqV =  7.0767513975E+02
           DelSqVen =  8.1775255568E+02
           DelSqVrep = -1.1007741593E+02
           DelSqG =  6.9634130039E+01
           DelSqK = -7.7730926979E+02
           Stress_EigVals = -1.6197825627E+00 -1.6192310161E+00 -1.4687329807E+00
           Stress_EigVec1 =  3.3834880329E-02  7.8679681800E-01 -6.1628399952E-01
           Stress_EigVec2 =  9.8352995339E-01 -1.3575941615E-01 -1.1932397795E-01
           Stress_EigVec3 =  1.7755008212E-01  6.0209646080E-01  7.7843164133E-01
           -DivStress =  1.3948489341E+00  4.7263570483E+00  6.1392801765E+00
           ESP =  -1.1137915179E+00     ESP at Nucleus =  -1.1162392652E+00
           ESPe = -1.5998558116E+01     ESPe at Nucleus = -1.5919398426E+01
           ESPn =  1.4884766598E+01     ESPn at Nucleus =  1.4803159161E+01

CP# 8      Coords =  2.81890865635827E+00  3.38788165162414E+00  3.47234251364435E+00
           Type = (3,-3) NACP H8
           Rho =  4.2580334632E-01     Rho at Nucleus =  4.2216401628E-01
           GradRho =  1.1874420718E-13 -2.1321919924E-13 -6.1222728276E-15
           HessRho_EigVals = -6.4855453717E+00 -6.4785612925E+00 -5.8905929301E+00
           HessRho_EigVec1 = -9.9372475970E-02 -8.6346354824E-02  9.9129683649E-01
           HessRho_EigVec2 =  8.6731236490E-01  4.8080521686E-01  1.2882393073E-01
           HessRho_EigVec3 = -4.8774416727E-01  8.7256555653E-01  2.7110456345E-02
           DelSqRho = -1.8854699594E+01
           Bond Ellipticity = NA
           V = -4.7234591121E+00
           G =  4.8921067392E-03
           K =  4.7185670053E+00
           L =  4.7136748986E+00
           Vnuc =  4.5395267774E+01
           Ven = -1.9329456926E+01
           Vrep =  1.4605997813E+01
           DelSqV =  7.1025330375E+02
           DelSqVen =  8.5591413689E+02
           DelSqVrep = -1.4566083315E+02
           DelSqG =  6.9925145389E+01
           DelSqK = -7.8017844914E+02
           Stress_EigVals = -1.6246974664E+00 -1.6243526935E+00 -1.4744089523E+00
           Stress_EigVec1 = -2.0117066830E-01 -1.4420284452E-01  9.6888384332E-01
           Stress_EigVec2 =  8.4878741363E-01  4.6807374963E-01  2.4590016546E-01
           Stress_EigVec3 = -4.8896859682E-01  8.7184431210E-01  2.8234850407E-02
           -DivStress = -3.8286387563E+00  6.8451632861E+00  1.9956881011E-01
           ESP =  -1.1170359568E+00     ESP at Nucleus =  -1.1194642401E+00
           ESPe = -1.7692864432E+01     ESPe at Nucleus = -1.7618509052E+01
           ESPn =  1.6575828476E+01     ESPn at Nucleus =  1.6499044812E+01

CP# 9      Coords =  3.99353176211316E+00  6.28440533361302E-01  5.15920031417627E+00
           Type = (3,-3) NACP H9
           Rho =  4.2563999503E-01     Rho at Nucleus =  4.2200876749E-01
           GradRho = -1.0061396161E-15  7.1574690619E-15 -9.0847468437E-15
           HessRho_EigVals = -6.4864820835E+00 -6.4799331535E+00 -5.8923859077E+00
           HessRho_EigVec1 = -4.7080813737E-01  7.4221701909E-01  4.7692095189E-01
           HessRho_EigVec2 =  8.7714985763E-01  4.5176443366E-01  1.6284048557E-01
           HessRho_EigVec3 =  9.4592943942E-02 -4.9499777075E-01  8.6372992417E-01
           DelSqRho = -1.8858801145E+01
           Bond Ellipticity = NA
           V = -4.7243711410E+00
           G =  4.8354274053E-03
           K =  4.7195357136E+00
           L =  4.7147002862E+00
           Vnuc =  4.4564201260E+01
           Ven = -1.8968306403E+01
           Vrep =  1.4243935262E+01
           DelSqV =  7.1049484540E+02
           DelSqVen =  8.4042740974E+02
           DelSqVrep = -1.2993256433E+02
           DelSqG =  6.9979047715E+01
           DelSqK = -7.8047389312E+02
           Stress_EigVals = -1.6249139029E+00 -1.6246463424E+00 -1.4748108957E+00
           Stress_EigVec1 = -6.2967793272E-01  6.4297010926E-01  4.3599901335E-01
           Stress_EigVec2 =  7.7115782543E-01  5.8518740303E-01  2.5074152351E-01
           Stress_EigVec3 =  9.3921825575E-02 -4.9411045520E-01  8.6431102547E-01
           -DivStress =  7.4863099732E-01 -3.8870071763E+00  6.7651152627E+00
           ESP =  -1.1170385081E+00     ESP at Nucleus =  -1.1194706067E+00
           ESPe = -1.6826189132E+01     ESPe at Nucleus = -1.6739817716E+01
           ESPn =  1.5709150624E+01     ESPn at Nucleus =  1.5620347109E+01

CP# 10     Coords =  4.58602154267306E+00  5.48590939507306E+00 -3.24858904289428E+00
           Type = (3,-3) NACP H10
           Rho =  4.2582506854E-01     Rho at Nucleus =  4.2216548836E-01
           GradRho =  7.3069710005E-12 -3.7273181069E-11  7.7435556231E-11
           HessRho_EigVals = -6.4858258387E+00 -6.4794068260E+00 -5.8885955130E+00
           HessRho_EigVec1 =  1.2213164119E-01  8.9822675137E-01  4.2222335955E-01
           HessRho_EigVec2 = -9.8891767609E-01  7.3947684588E-02  1.2873837758E-01
           HessRho_EigVec3 =  8.4413814856E-02 -4.3326717285E-01  8.9730366364E-01
           DelSqRho = -1.8853828178E+01
           Bond Ellipticity = NA
           V = -4.7228315026E+00
           G =  4.6872290953E-03
           K =  4.7181442735E+00
           L =  4.7134570444E+00
           Vnuc =  4.3124536677E+01
           Ven = -1.8363508786E+01
           Vrep =  1.3640677283E+01
           DelSqV =  7.1009885764E+02
           DelSqVen =  8.1306260489E+02
           DelSqVrep = -1.0296374725E+02
           DelSqG =  6.9903624870E+01
           DelSqK = -7.8000248251E+02
           Stress_EigVals = -1.6247691407E+00 -1.6242874451E+00 -1.4737749169E+00
           Stress_EigVec1 =  2.2069549787E-01  8.8563897926E-01  4.0857936271E-01
           Stress_EigVec2 =  9.7171142280E-01 -1.6353697302E-01 -1.7038946344E-01
           Stress_EigVec3 =  8.4085718263E-02 -4.3462542134E-01  8.9667738631E-01
           -DivStress = -6.6679612596E-01  3.4013986845E+00 -7.0631331073E+00
           ESP =  -1.1126376370E+00     ESP at Nucleus =  -1.1150882792E+00
           ESPe = -1.5500251594E+01     ESPe at Nucleus = -1.5417247202E+01
           ESPn =  1.4387613957E+01     ESPn at Nucleus =  1.4302158922E+01

CP# 11     Coords = -1.84753506707924E+00  6.16772645978363E-01 -4.05366448851465E+00
           Type = (3,-3) NACP H11
           Rho =  4.2202462687E-01     Rho at Nucleus =  4.1802726386E-01
           GradRho = -3.2144568170E-10 -1.3453604550E-13  5.7633421343E-10
           HessRho_EigVals = -6.4295317041E+00 -6.4241242644E+00 -5.7981426847E+00
           HessRho_EigVec1 = -4.9112326193E-01  8.2831943742E-01 -2.6960128187E-01
           HessRho_EigVec2 =  7.2350292732E-01  5.6024796181E-01  4.0331840453E-01
           HessRho_EigVec3 = -4.8512004261E-01 -3.0217337903E-03  8.7444234423E-01
           DelSqRho = -1.8651798653E+01
           Bond Ellipticity = NA
           V = -4.6723871247E+00
           G =  4.7187306977E-03
           K =  4.6676683940E+00
           L =  4.6629496633E+00
           Vnuc =  4.5832229992E+01
           Ven = -1.9342329761E+01
           Vrep =  1.4669942636E+01
           DelSqV =  7.0097610003E+02
           DelSqVen =  8.5485352661E+02
           DelSqVrep = -1.5387742658E+02
           DelSqG =  6.9066971736E+01
           DelSqK = -7.7004307177E+02
           Stress_EigVals = -1.6109449578E+00 -1.6098229716E+00 -1.4516191953E+00
           Stress_EigVec1 = -4.8418064845E-01  8.3443078054E-01 -2.6323824219E-01
           Stress_EigVec2 =  7.2900789652E-01  5.5109289188E-01  4.0600998919E-01
           Stress_EigVec3 = -4.8385595634E-01 -4.6794226179E-03  8.7513514186E-01
           -DivStress =  3.9909994768E+00 -4.8494785223E-03 -7.1471465580E+00
           ESP =  -1.0813014234E+00     ESP at Nucleus =  -1.0840018211E+00
           ESPe = -1.9589988368E+01     ESPe at Nucleus = -1.9494952732E+01
           ESPn =  1.8508686945E+01     ESPn at Nucleus =  1.8410950911E+01

CP# 12     Coords = -4.74488340674834E+00  2.60583080337526E+00 -1.74756304974274E+00
           Type = (3,-3) NACP C12
           Rho =  1.1753108585E+02     Rho at Nucleus =  1.1753108570E+02
           GradRho =  3.4648303671E-10 -5.2341753154E-10 -1.9029777754E-11
           HessRho_EigVals = -1.4482803950E+05 -1.4482774471E+05 -1.4482762175E+05
           HessRho_EigVec1 = -6.2861607500E-01  7.1398695279E-01  3.0832525279E-01
           HessRho_EigVec2 =  4.3267245696E-01 -8.3673296701E-03  9.0151235864E-01
           HessRho_EigVec3 = -6.4624792088E-01 -7.0010900512E-01  3.0366265116E-01
           DelSqRho = -4.3448340596E+05
           Bond Ellipticity = NA
           V = -1.0863126845E+05
           G =  5.2084798920E+00
           K =  1.0862605997E+05
           L =  1.0862085149E+05
           Vnuc =  4.2394903052E+06
           Ven = -4.9827189901E+08
           Vrep =  4.9816326774E+08
           DelSqV =  2.4922437296E+09
           DelSqVen =  1.8419882066E+12
           DelSqVrep = -1.8394959629E+12
           DelSqG =  1.3387208996E+08
           DelSqK = -2.6261158196E+09
           Stress_EigVals = -3.6210485810E+04 -3.6210443110E+04 -3.6210339529E+04
           Stress_EigVec1 = -6.2796515747E-01 -7.5025534342E-01  2.0682524186E-01
           Stress_EigVec2 =  4.7488588324E-01 -1.5886036771E-01  8.6559042363E-01
           Stress_EigVec3 =  6.1655750657E-01 -6.4177901433E-01 -4.5604444724E-01
           -DivStress = -6.8344475237E+02  9.2051010614E+02 -3.0087816851E+00
           ESP =  -1.4713130235E+01     ESP at Nucleus =  -1.4713130241E+01
           ESPe = -3.1332345275E+01     ESPe at Nucleus = -3.1332343175E+01
           ESPn =  1.6619215040E+01     ESPn at Nucleus =  1.6619212934E+01

CP# 13     Coords = -4.02451509877482E+00  4.40505239332753E+00 -2.38829638419500E+00
           Type = (3,-3) NACP H13
           Rho =  4.2427372080E-01     Rho at Nucleus =  4.2083552178E-01
           GradRho = -9.4032854420E-16 -9.9068431410E-15  1.8354458578E-15
           HessRho_EigVals = -6.4609495794E+00 -6.4591414109E+00 -5.8903236414E+00
           HessRho_EigVec1 =  4.3881247691E-01 -4.5025531821E-01 -7.7763343455E-01
           HessRho_EigVec2 =  8.2824350141E-01 -1.3297198366E-01  5.4436307179E-01
           HessRho_EigVec3 =  3.4850582847E-01  8.8294314652E-01 -3.1457127577E-01
           DelSqRho = -1.8810414632E+01
           Bond Ellipticity = NA
           V = -4.7123587211E+00
           G =  4.8775315974E-03
           K =  4.7074811895E+00
           L =  4.7026036579E+00
           Vnuc =  4.5956148046E+01
           Ven = -1.9497985925E+01
           Vrep =  1.4785627204E+01
           DelSqV =  7.0925382446E+02
           DelSqVen =  8.6445419962E+02
           DelSqVrep = -1.5520037516E+02
           DelSqG =  6.9847523462E+01
           DelSqK = -7.7910134792E+02
           Stress_EigVals = -1.6189558251E+00 -1.6186883083E+00 -1.4747145877E+00
           Stress_EigVec1 =  1.5597470391E-01 -3.8526502053E-01 -9.0952886468E-01
           Stress_EigVec2 =  9.2434120577E-01 -2.6769401472E-01  2.7190669319E-01
           Stress_EigVec3 =  3.4823157103E-01  8.8312557342E-01 -3.1436283894E-01
           -DivStress =  2.6544220654E+00  6.7158662401E+00 -2.3953265941E+00
           ESP =  -1.0973087908E+00     ESP at Nucleus =  -1.0995639821E+00
           ESPe = -1.7425007735E+01     ESPe at Nucleus = -1.7337414329E+01
           ESPn =  1.6327698945E+01     ESPn at Nucleus =  1.6237850346E+01

CP# 14     Coords = -6.39728012830832E+00  2.24144001055739E+00 -2.90250002676344E+00
           Type = (3,-3) NACP H14
           Rho =  4.2213185530E-01     Rho at Nucleus =  4.1880651312E-01
           GradRho = -5.6378512969E-16 -7.1774183819E-16  7.3899220077E-16
           HessRho_EigVals = -6.4372716038E+00 -6.4350683652E+00 -5.8788926754E+00
           HessRho_EigVec1 = -5.8217246982E-01  3.9838436447E-01  7.0877719598E-01
           HessRho_EigVec2 =  1.0252610962E-01  9.0074599407E-01 -4.2207232912E-01
           HessRho_EigVec3 =  8.0657523656E-01  1.7305072179E-01  5.6523431907E-01
           DelSqRho = -1.8751232644E+01
           Bond Ellipticity = NA
           V = -4.6976966203E+00
           G =  4.9442295864E-03
           K =  4.6927523907E+00
           L =  4.6878081611E+00
           Vnuc =  4.6118165391E+01
           Ven = -1.9467946719E+01
           Vrep =  1.4770250099E+01
           DelSqV =  7.0759509610E+02
           DelSqVen =  8.6477244838E+02
           DelSqVrep = -1.5717735228E+02
