AIMSum (Version 19.02.13, Professional)
Copyright (c) 1997-2019 by Todd A. Keith
AIMSum is a component of the AIMAll package ( http://aim.tkgristmill.com )

TP:  64-bit Linux

Much of the Quantum Theory of Atoms in Molecules (QTAIM) is described in the book:
  "Atoms in Molecules - A Quantum Theory"
  R.F.W. Bader, Oxford University Press, Oxford, 1990

For additional references see:  http://aim.tkgristmill.com/references.html

Wfn File:  /home/mhennefarth/Documents/ML_Diels/summary-paton2010/18-2-opt/18-2-opt.wfn
Sum File:  /home/mhennefarth/Documents/ML_Diels/summary-paton2010/18-2-opt/18-2-opt.sum

SumViz File:  /home/mhennefarth/Documents/ML_Diels/summary-paton2010/18-2-opt/18-2-opt.sumviz

Wfn Title:   Title Card Required                                                           
 
Total memory allocated for AIMSum =        2.735 Megabytes

Atomic units (a.u.) used throughout, except where stated otherwise

Model:  Restricted SCF
 
Restricted, closed-shell, single-determinant wavefunction.
  Number of electrons (from MO Occs)                   =         164.0000000000
  Number of Alpha electrons (from MO Occs)             =          82.0000000000
  Number of Beta electrons (from MO Occs)              =          82.0000000000
  Number of electron pairs (N*(N-1)/2)                 =       13366.0000000000
  Number of electron pairs (from Muller 2EDM)          =       13366.0000000000
 
Nuclear Charges and Cartesian Coordinates:
-------------------------------------------------------------------------------
Atom      Charge                X                  Y                  Z
-------------------------------------------------------------------------------
C1         6.0          -4.0748819500E+00  -4.3079301700E+00   2.1258432900E+00
C2         6.0          -1.9841732500E+00   2.7658989500E+00   7.5972701000E-01
C3         6.0          -8.1878120000E-02   3.5373710400E+00  -7.2265190000E-01
C4         6.0          -5.5428021700E+00  -2.7728732500E+00  -3.1318000600E+00
H5         1.0          -6.1118888000E+00  -2.8013157500E+00  -5.1059329000E+00
H6         1.0          -3.5054671500E+00  -4.3063074900E+00   4.1004414200E+00
H7         1.0          -2.2817013100E+00   7.5803831000E-01   1.0646675600E+00
C8         6.0          -3.7442636800E+00   4.5998523000E+00   2.0197259900E+00
H9         1.0          -5.6865684400E+00   3.8938887600E+00   1.8325979700E+00
H10        1.0          -3.3474852900E+00   4.5745823700E+00   4.0632986400E+00
C11        6.0           6.1188005000E-01   6.2402316700E+00  -1.2607082500E+00
H12        1.0           1.0147283000E-01   6.7133416700E+00  -3.2169270900E+00
C13        6.0          -3.5071235300E+00   7.2950762400E+00   9.6567060000E-01
C14        6.0          -7.2308009000E-01   8.0216724900E+00   6.0970049000E-01
H15        1.0          -4.4561393000E+00   8.6325168700E+00   2.2296903500E+00
H16        1.0          -4.4839731400E+00   7.4014729500E+00  -8.6252835000E-01
H17        1.0           2.4642459000E-01   7.9357479400E+00   2.4430082600E+00
H18        1.0          -5.5686645000E-01   9.9725044900E+00  -6.2377420000E-02
N19        7.0           1.4830390000E+00   1.6177131500E+00  -1.9560880300E+00
O20        8.0           1.0491921000E+00  -6.5460100000E-01  -1.5490546100E+00
O21        8.0           3.1699198200E+00   2.3590936900E+00  -3.3668654900E+00
H22        1.0           2.6650949000E+00   6.4624338200E+00  -1.1479094500E+00
C23        6.0          -7.1502723000E+00  -3.4610217200E+00  -1.2962238000E+00
C24        6.0          -6.3707569100E+00  -3.4964327000E+00   1.4133018900E+00
H25        1.0          -3.6215504700E+00  -2.1701004600E+00  -2.7349421400E+00
H26        1.0          -2.7151440100E+00  -5.0292890600E+00   7.6973755000E-01
C27        6.0          -9.8432218800E+00  -4.2147193500E+00  -1.8985584500E+00
H28        1.0          -1.0281730720E+01  -6.1021542800E+00  -1.1568444400E+00
H29        1.0          -1.1215585270E+01  -2.9082588500E+00  -1.0544621900E+00
H30        1.0          -1.0165646260E+01  -4.2362101900E+00  -3.9401423800E+00
C31        6.0          -8.2899873800E+00  -2.6307609500E+00   3.3508285100E+00
H32        1.0          -8.9934927100E+00  -7.2438248000E-01   2.9277675300E+00
H33        1.0          -9.9473097600E+00  -3.8765804500E+00   3.3908086600E+00
H34        1.0          -7.4729617300E+00  -2.6121844800E+00   5.2498790700E+00
H35        1.0           4.0937841600E+00  -2.4772214300E+00  -2.7363476600E+00
O36        8.0           5.4978313400E+00  -3.6729799900E+00  -2.6843598600E+00
C37        6.0           6.0084294500E+00  -4.1867943900E+00  -1.4076293000E-01
H38        1.0           7.2295527100E+00  -5.8537455500E+00  -5.2566120000E-02
H39        1.0           4.3011640800E+00  -4.5738817900E+00   9.7974754000E-01
C40        6.0           7.4065926900E+00  -2.0389103700E+00   1.1694042800E+00
F41        9.0           9.6434426900E+00  -1.5269725800E+00   8.1290880000E-02
F42        9.0           6.0378283700E+00   1.2779745000E-01   1.1581927000E+00
F43        9.0           7.8523326000E+00  -2.6400412400E+00   3.6197621400E+00
 
Some Atomic Properties:
----------------------
  q(A) = Net Charge of Atom A
  L(A) = Lagrangian of Atom A = -(1/4) Times Atomic Integral of the Laplacian of the Electron Density
  K(A) = Electronic Kinetic Energy of Atom A (Hamiltonian Form)
  K_Scaled(A) = K(A) * E(Mol)/K(Mol) = Approximation to Virial-Based Total Energy of Atom A.
  |Mu_Intra(A)| = Magnitude of Intraatomic Dipole Moment of Atom A
--------------------------------------------------------------------------------------------------
Atom A          q(A)              L(A)              K(A)          K_Scaled(A)      |Mu_Intra(A)|
--------------------------------------------------------------------------------------------------
C1       -1.0371425310E-01 -9.0132843342E-05  3.7720387627E+01 -3.8047794933E+01  1.3457483411E-01
C2       -9.8835978000E-03 -1.0697161708E-05  3.7739638821E+01 -3.8067213225E+01  1.9472030120E-01
C3        2.2579961280E-01 -6.0368035964E-05  3.7610770852E+01 -3.7937226702E+01  5.1673574750E-01
C4       -1.0115073930E-01 -1.2867829343E-04  3.7720363839E+01 -3.8047770939E+01  1.3758988725E-01
H5        3.2599131040E-02  2.2552604834E-05  5.9821804771E-01 -6.0341049064E-01  1.5183994095E-01
H6        3.1359041920E-02  2.1230098587E-05  5.9841743311E-01 -6.0361160667E-01  1.5218579790E-01
H7        1.1947135303E-01  1.5478105028E-05  5.6943787824E-01 -5.7438051361E-01  1.3119188382E-01
C8        1.6611027500E-02  1.1187953672E-04  3.7681966223E+01 -3.8009040037E+01  1.2613517347E-01
H9        3.2718074860E-02  3.1676469989E-05  6.0196296797E-01 -6.0718791623E-01  1.4945480217E-01
H10       3.2179958540E-02  2.4962158562E-05  6.0044925190E-01 -6.0566106134E-01  1.5166950344E-01
C11       3.7000825200E-02  1.7434002748E-04  3.7682349429E+01 -3.8009426570E+01  1.7159906714E-01
H12       3.2873550020E-02  2.8934665378E-05  6.0287379366E-01 -6.0810664776E-01  1.5064951358E-01
C13       1.9124881000E-02 -4.3204976008E-04  3.7674773657E+01 -3.8001785041E+01  8.3937736902E-02
C14       2.1633903600E-02  1.8323502921E-04  3.7673374420E+01 -3.8000373659E+01  8.2208208234E-02
H15       1.2595019670E-02  2.5963794974E-05  6.1167116207E-01 -6.1698037600E-01  1.5366430043E-01
H16       6.2708322500E-03  2.8837713822E-05  6.1421364346E-01 -6.1954492575E-01  1.5572931354E-01
H17       6.1984418400E-03  2.7071919502E-05  6.1439113203E-01 -6.1972395490E-01  1.5583083002E-01
H18       1.5495240090E-02  2.2075012792E-05  6.1084438691E-01 -6.1614642456E-01  1.5302635963E-01
N19       3.6561083720E-01 -4.1631319799E-04  5.3969429394E+01 -5.4437875946E+01  7.5754497019E-01
O20      -5.1942837320E-01 -7.4674025144E-05  7.4826690787E+01 -7.5476175239E+01  3.2415739942E-01
O21      -4.5091996770E-01  5.5603372175E-06  7.4822599421E+01 -7.5472048361E+01  2.8773350048E-01
H22       5.6414618140E-02  3.3992387550E-05  5.9667032623E-01 -6.0184933516E-01  1.4351186607E-01
C23      -7.4810572000E-03  2.2754276411E-04  3.7704088329E+01 -3.8031354160E+01  3.5253134778E-02
C24      -1.1160441600E-02 -2.1244387718E-04  3.7705754366E+01 -3.8033034658E+01  3.0657097914E-02
H25       5.9411903430E-02  2.7365737500E-05  5.8963160806E-01 -5.9474952197E-01  1.3098558678E-01
H26       5.4148413780E-02  2.9363834267E-05  5.9057133061E-01 -5.9569740118E-01  1.4481991837E-01
C27      -2.5201712300E-02 -2.0954874263E-05  3.7692205359E+01 -3.8019368047E+01  7.9427462504E-02
H28       1.9683338560E-02  2.3163837973E-05  6.0233267902E-01 -6.0756083632E-01  1.5381164237E-01
H29       1.6191385170E-02  2.5146107086E-05  6.0492433035E-01 -6.1017498280E-01  1.5225485935E-01
H30       2.0471111570E-02  2.7129425292E-05  6.0391500242E-01 -6.0915689405E-01  1.5237749830E-01
C31      -2.6625197800E-02  1.8838905543E-04  3.7693023411E+01 -3.8020193200E+01  7.5550319133E-02
H32       1.1239892790E-02  2.3842053093E-05  6.0524578761E-01 -6.1049923026E-01  1.5583349018E-01
H33       2.3291538650E-02  2.5645008727E-05  6.0215138336E-01 -6.0737796704E-01  1.5069891823E-01
H34       1.8291080200E-02  2.5113218121E-05  6.0467030405E-01 -6.0991875159E-01  1.5303197561E-01
H35       5.8831980825E-01  1.8409357637E-04  3.5228087883E-01 -3.5533862402E-01  1.4543298386E-01
O36      -1.1053302921E+00 -8.3736325248E-05  7.5157541538E+01 -7.5809897725E+01  1.7805038816E-01
C37       6.0805405910E-01  8.3878045576E-05  3.7373947009E+01 -3.7698347263E+01  5.9750011104E-01
H38       5.0108005630E-02  3.0719782289E-05  6.0275152754E-01 -6.0798332038E-01  1.4829378692E-01
H39       3.3900724940E-02  3.0272362706E-05  6.0700748192E-01 -6.1227621581E-01  1.5463477066E-01
C40       1.7112615220E+00 -3.0452558574E-05  3.6539332858E+01 -3.6856488786E+01  8.5731292977E-01
F41      -6.3572915940E-01  6.0896619779E-05  9.9636507876E+01 -1.0050133782E+02  3.3169435861E-01
F42      -6.4307232480E-01  9.9893037005E-05  9.9619520882E+01 -1.0048420338E+02  2.9963263738E-01
F43      -6.3811953050E-01  7.3285182936E-05  9.9624790082E+01 -1.0048951832E+02  3.1337000932E-01
--------------------------------------------------------------------------------------------------
Total     5.1248597000E-04  3.8302855698E-04  1.1168536885E+03 -1.1265478110E+03
 
1st Largest |L(A)| = 4.3204976008E-04, atom C13     
2nd Largest |L(A)| = 4.1631319799E-04, atom N19     
 
Molecular charge q(Mol) from the wfn file:   0.0000000000E+00
Molecular energy E(Mol) from the wfn file:  -1.1265478785E+03
Molecular virial ratio (-V(Mol)/T(Mol)) from the wfn file:   2.0086798500E+00
Note.  K_Scaled(A) = (1+V(Mol)/T(Mol))*K(A) = (E(Mol)/T(Mol))*K(A)
       Only use K_Scaled(A) data with caution.
 
N_AIMInt(SumA)     =        163.999488
N_Analytic(Mol)    =        163.999974
 
G_AIMInt(SumA)     =       1116.853305
G_Analytic(Mol)    =       1116.853692
 
K_AIMInt(SumA)     =       1116.853689
K_Analytic(Mol)    =       1116.853692
 
L_AIMInt(SumA)     =          0.000383
L_Analytic(Mol)    =          0.000000
 
VenT_AIMInt(SumA)  =      -6160.500271
VenT_Analytic(Mol) =      -6160.508816
 
Some Information About the Atomic Calculations:
----------------------------------------------
  Time(sec) = "Elapsed User Time", in Seconds, for Atom A by AIMInt and, if used, by TWOe
  NProc = Number of Processors Used for AIMInt Job
  BIM = Basin Integration Method
  OAQ = Angular Quadrature Outside of Beta Sphere
  ORQ = Multiple of Default for Radial Quadrature Outside of Beta Sphere
  IAQ = Multiple of Default for Angular Quadrature Inside of Beta Sphere
  IRQ = Multiple of Default for Radial Quadrature Inside of Beta Sphere
  MIR = Maximum Integration Radius
------------------------------------------------------------------------------------------------------
Atom A     Time(sec)   NProc      BIM          OAQ                     ORQ      IAQ      IRQ      MIR
------------------------------------------------------------------------------------------------------
C1            106        8     Proaim(5)    4500(GS4)                  1.00     1.00     1.00    13.00
C2             95        8     Proaim(5)    4500(GS4)                  1.00     1.00     1.00    13.00
C3            120        8     Proaim(5)    4500(GS4)                  1.00     1.00     1.00    13.00
C4             78        8     Proaim(5)    4500(GS4)                  1.00     1.00     1.00    13.00
H5             19        8     Proaim(5)    1800(GS4)                  1.00     1.00     1.00    13.00
H6             19        8     Proaim(5)    1800(GS4)                  1.00     1.00     1.00    13.00
H7             62        8     Proaim(5)    4500(GS4)                  1.00     1.00     1.00    13.00
C8             75        8     Proaim(5)    4500(GS4)                  1.00     1.00     1.00    13.00
H9             56        8     Proaim(5)    4500(GS4)                  1.00     1.00     1.00    13.00
H10            20        8     Proaim(5)    1800(GS4)                  1.00     1.00     1.00    13.00
C11            77        8     Proaim(5)    4500(GS4)                  1.00     1.00     1.00    13.00
H12            17        8     Proaim(5)    1800(GS4)                  1.00     1.00     1.00    13.00
C13            70        8     Proaim(5)    4500(GS4)                  1.00     1.00     1.00    13.00
C14            59        8     Proaim(5)    4500(GS4)                  1.00     1.00     1.00    13.00
H15            15        8     Proaim(5)    1800(GS4)                  1.00     1.00     1.00    13.00
H16            19        8     Proaim(5)    1800(GS4)                  1.00     1.00     1.00    13.00
H17            19        8     Proaim(5)    1800(GS4)                  1.00     1.00     1.00    13.00
H18            15        8     Proaim(5)    1800(GS4)                  1.00     1.00     1.00    13.00
N19           156        8     Proaim(5)    4500(GS4)                  1.00     1.00     1.00    13.00
O20           177        8     Proaim(5)    4500(GS4)                  1.00     1.00     1.00    13.00
O21            46        8     Proaim(5)    2700(GS4)                  1.00     1.00     1.00    13.00
H22            22        8     Proaim(5)    1800(GS4)                  1.00     1.00     1.00    13.00
C23           107        8     Proaim(5)    4500(GS4)                  1.00     1.00     1.00    13.00
C24           112        8     Proaim(5)    4500(GS4)                  1.00     1.00     1.00    13.00
H25            59        8     Proaim(5)    4500(GS4)                  1.00     1.00     1.00    13.00
H26            51        8     Proaim(5)    4500(GS4)                  1.00     1.00     1.00    13.00
C27            65        8     Proaim(5)    4500(GS4)                  1.00     1.00     1.00    13.00
H28            16        8     Proaim(5)    1800(GS4)                  1.00     1.00     1.00    13.00
H29            19        8     Proaim(5)    1800(GS4)                  1.00     1.00     1.00    13.00
H30            19        8     Proaim(5)    1800(GS4)                  1.00     1.00     1.00    13.00
C31            74        8     Proaim(5)    4500(GS4)                  1.00     1.00     1.00    13.00
H32            42        8     Proaim(5)    4500(GS4)                  1.00     1.00     1.00    13.00
H33            19        8     Proaim(5)    1800(GS4)                  1.00     1.00     1.00    13.00
H34            19        8     Proaim(5)    1800(GS4)                  1.00     1.00     1.00    13.00
H35            41        8     Proaim(5)    4500(GS4)                  1.00     1.00     1.00    13.00
O36            61        8     Proaim(5)    4500(GS4)                  1.00     1.00     1.00    13.00
C37            72        8     Proaim(5)    4500(GS4)                  1.00     1.00     1.00    13.00
H38            15        8     Proaim(5)    1800(GS4)                  1.00     1.00     1.00    13.00
H39            53        8     Proaim(5)    4500(GS4)                  1.00     1.00     1.00    13.00
C40            63        8     Proaim(5)    5400(GS5)                  1.00     1.00     1.00    13.00
F41            27        8     Proaim(5)    2700(GS4)                  1.00     1.00     1.00    13.00
F42            86        8     Proaim(5)    4500(GS4)                  1.00     1.00     1.00    13.00
F43            26        8     Proaim(5)    2700(GS4)                  1.00     1.00     1.00    13.00
------------------------------------------------------------------------------------------------------
Total        2388
Note:  Total wall clock time is less than total of atomic times if more than one atom
       was calculated at a time
 
Electron Density Critical Point Analysis of Molecular Structure:               
---------------------------------------------------------------                
  NACP = Nuclear Attractor Critical Point                                      
  NNACP = Non-Nuclear Attractor Critical Point                                 
  BCP = Bond Critical Point                                                    
  RCP = Ring Critical Point                                                    
  CCP = Cage Critical Point                                                    
  Rho = Electron Density                                                       
  GradRho = Gradient of Electron Density                                       
  HessRho_EigVals = Eigenvalues of the Hessian of Rho, Ascending Order         
  HessRho_EigVecs = Eigenvectors of the Hessian of Rho                         
  DelSqRho = Laplacian of Rho = Trace of Hessian of Rho                        
  Bond Ellipticity = (HessRho_EigVal(1) / HessRho_EigVal(2)) - 1               
  V = Virial Field = Potential Energy Density = Trace of Stress Tensor         
  G = Lagrangian Form of Kinetic Energy Density                                
  K = Hamiltonian Form of Kinetic Energy Density                               
  L = K - G = Lagrangian Density = (-1/4)DelSqRho                              
  Vnuc = Electrostatic Potential from Nuclei                                   
  Ven = Electron-nuclear attractive contribution to Virial Field V             
  Vrep = V - Ven = Repulsive contribution to Virial Field V                    
  DelSqV = Laplacian of V                                                      
  DelSqVen = Laplacian of Ven                                                  
  DelSqVrep = Laplacian of Vrep                                                
  DelSqG = Laplacian of G                                                      
  DelSqK = Laplacian of K                                                      
  Stress_EigVals = Eigenvalues of Stress Tensor, Ascending Order               
  Stress_EigVecs = Eigenvectors of Stress Tensor                               
  -DivStress = Ehrenfest Force Density = Minus Divergence of Stress Tensor     
  ESP = Total Electrostatic Potential                                          
  ESPe = Electrostatic Potential from Electrons                                
  ESPn = Electrostatic Potential from Nuclei                                   
  BP = Bond Path                                                               
  BPL = Bond Path Length                                                       
  GBL = Geometric Bond Length                                                  
  GBL_I = Distance Between Nuclear Attractors                                  
  GBL_II = Distance Between Nuclei                                             
  GBL_III = Sum of Distances Between BCP and Nuclear Attractors                
  GBL_IV = Sum of Distances Between BCP and Nuclei                             

CP# 1      Coords = -4.07488106285978E+00 -4.30793008326007E+00  2.12584378241423E+00
           Type = (3,-3) NACP C1
           Rho =  1.1769888659E+02     Rho at Nucleus =  1.1769888651E+02
           GradRho =  1.5812370857E-10  4.1112335758E-11  8.4467027990E-11
           HessRho_EigVals = -1.4503812855E+05 -1.4503731919E+05 -1.4503718975E+05
           HessRho_EigVec1 =  3.9340148285E-01  9.0955836274E-01 -1.3393602229E-01
           HessRho_EigVec2 =  2.0159317525E-01  5.6795082692E-02  9.7782130795E-01
           HessRho_EigVec3 =  8.9699245537E-01 -4.1167694052E-01 -1.6101748867E-01
           DelSqRho = -4.3511263748E+05
           Bond Ellipticity = NA
           V = -1.0878843072E+05
           G =  5.1356737838E+00
           K =  1.0878329504E+05
           L =  1.0877815937E+05
           Vnuc =  5.8919707392E+06
           Ven = -6.9347839581E+08
           Vrep =  6.9336960738E+08
           DelSqV =  2.4958378704E+09
           DelSqVen =  2.5636699505E+12
           DelSqVrep = -2.5611741781E+12
           DelSqG =  1.3406938489E+08
           DelSqK = -2.6299072553E+09
           Stress_EigVals = -3.6263034392E+04 -3.6262946624E+04 -3.6262449701E+04
           Stress_EigVec1 =  9.2229549134E-01 -3.6767813291E-01  1.1909583211E-01
           Stress_EigVec2 = -6.5149693247E-02  1.5583578931E-01  9.8563214448E-01
           Stress_EigVec3 =  3.8095477962E-01  9.1680313991E-01 -1.1977252830E-01
           -DivStress = -7.2285773226E+02 -6.8517923362E+01 -4.0083430186E+02
           ESP =  -1.4749957075E+01     ESP at Nucleus =  -1.4749957087E+01
           ESPe = -3.5171429763E+01     ESPe at Nucleus = -3.5171430682E+01
           ESPn =  2.0421472687E+01     ESPn at Nucleus =  2.0421473595E+01

CP# 2      Coords = -1.98417358956200E+00  2.76590019122721E+00  7.59727240762774E-01
           Type = (3,-3) NACP C2
           Rho =  1.1773284000E+02     Rho at Nucleus =  1.1773283987E+02
           GradRho = -1.3698650742E-10  4.3621353231E-10  8.9911362210E-11
           HessRho_EigVals = -1.4507561095E+05 -1.4507382738E+05 -1.4507353678E+05
           HessRho_EigVec1 =  6.0679778915E-01  2.8467579174E-02  7.9434629729E-01
           HessRho_EigVec2 =  7.5816814494E-01 -3.2084194865E-01 -5.6766319943E-01
           HessRho_EigVec3 =  2.3869961685E-01  9.4670483305E-01 -2.1626939680E-01
           DelSqRho = -4.3522297511E+05
           Bond Ellipticity = NA
           V = -1.0881598830E+05
           G =  5.1222609193E+00
           K =  1.0881086604E+05
           L =  1.0880574378E+05
           Vnuc =  4.5894145356E+06
           Ven = -5.4032480719E+08
           Vrep =  5.4021599120E+08
           DelSqV =  2.4964617949E+09
           DelSqVen =  1.9974187581E+12
           DelSqVrep = -1.9949223291E+12
           DelSqG =  1.3409799260E+08
           DelSqK = -2.6305597875E+09
           Stress_EigVals = -3.6272316955E+04 -3.6272195374E+04 -3.6271475970E+04
           Stress_EigVec1 =  4.6115435555E-01  8.0073361319E-01 -3.8231183746E-01
           Stress_EigVec2 =  6.4824239285E-01 -5.9823842358E-01 -4.7105476186E-01
           Stress_EigVec3 =  6.0590301243E-01  3.0601785200E-02  7.9494972814E-01
           -DivStress =  2.8074573512E+02 -1.0122244160E+03 -1.9182735226E+02
           ESP =  -1.4698750290E+01     ESP at Nucleus =  -1.4698750292E+01
           ESPe = -3.9263148612E+01     ESPe at Nucleus = -3.9263148673E+01
           ESPn =  2.4564398322E+01     ESPn at Nucleus =  2.4564398381E+01

CP# 3      Coords = -8.18746903608972E-02  3.53736785620197E+00 -7.22654632264228E-01
           Type = (3,-3) NACP C3
           Rho =  1.1765378418E+02     Rho at Nucleus =  1.1765378205E+02
           GradRho =  1.5316524091E-14  2.8686186130E-11 -2.0794384823E-12
           HessRho_EigVals = -1.4496003692E+05 -1.4495892375E+05 -1.4495817564E+05
           HessRho_EigVec1 = -5.3195683256E-01  7.3573974018E-01  4.1917652965E-01
           HessRho_EigVec2 =  6.3213795085E-01  1.5678377369E-02  7.7469723091E-01
           HessRho_EigVec3 =  5.6340353158E-01  6.7708287764E-01 -4.7342923168E-01
           DelSqRho = -4.3487713631E+05
           Bond Ellipticity = NA
           V = -1.0872960133E+05
           G =  5.1586258351E+00
           K =  1.0872444270E+05
           L =  1.0871928408E+05
           Vnuc =  1.1072657179E+06
           Ven = -1.3027400181E+08
           Vrep =  1.3016527221E+08
           DelSqV =  2.4944668336E+09
           DelSqVen =  4.8152454374E+11
           DelSqVrep = -4.7903007691E+11
           DelSqG =  1.3397383367E+08
           DelSqK = -2.6284406673E+09
           Stress_EigVals = -3.6243573688E+04 -3.6243062555E+04 -3.6242965087E+04
           Stress_EigVec1 =  6.0448876903E-01  6.3516573796E-01 -4.8078874096E-01
           Stress_EigVec2 = -6.2424047342E-01  2.7410113140E-03 -7.8122744332E-01
           Stress_EigVec3 = -4.9489105818E-01  7.7237100682E-01  3.9815307152E-01
           -DivStress = -2.7829163290E+03  2.5817899069E+03  2.2173684300E+03
           ESP =  -1.4671773379E+01     ESP at Nucleus =  -1.4671773549E+01
           ESPe = -4.0548530097E+01     ESPe at Nucleus = -4.0548527718E+01
           ESPn =  2.5876756718E+01     ESPn at Nucleus =  2.5876754169E+01

CP# 4      Coords = -5.54280178299572E+00 -2.77287315277788E+00 -3.13180088819913E+00
           Type = (3,-3) NACP C4
           Rho =  1.1769390520E+02     Rho at Nucleus =  1.1769390514E+02
           GradRho =  5.4120444237E-11 -1.7526258222E-12 -1.6021384913E-10
           HessRho_EigVals = -1.4503026639E+05 -1.4502939944E+05 -1.4502926825E+05
           HessRho_EigVec1 = -3.5963195412E-01  9.2776563893E-01  9.9577993567E-02
           HessRho_EigVec2 =  3.7504714409E-01  4.6006573065E-02  9.2586339972E-01
           HessRho_EigVec3 =  8.5440300637E-01  3.7031650579E-01 -3.6450128704E-01
           DelSqRho = -4.3508893407E+05
           Bond Ellipticity = NA
           V = -1.0878249157E+05
           G =  5.1290240045E+00
           K =  1.0877736254E+05
           L =  1.0877223352E+05
           Vnuc =  6.5266257878E+06
           Ven = -7.6814407673E+08
           Vrep =  7.6803529424E+08
           DelSqV =  2.4957003710E+09
           DelSqVen =  2.8396625592E+12
           DelSqVrep = -2.8371665967E+12
           DelSqG =  1.3406046162E+08
           DelSqK = -2.6297608326E+09
           Stress_EigVals = -3.6261060136E+04 -3.6260971324E+04 -3.6260460107E+04
           Stress_EigVec1 =  7.3793139367E-01  3.1975813331E-01 -5.9431640935E-01
           Stress_EigVec2 =  5.8611430617E-01  1.3290479647E-01  7.9925361130E-01
           Stress_EigVec3 = -3.3455534422E-01  9.3813168119E-01  8.9340194761E-02
           -DivStress = -3.1515789811E+02 -7.8616581017E+01  6.7528694472E+02
           ESP =  -1.4753255461E+01     ESP at Nucleus =  -1.4753255471E+01
           ESPe = -3.4926262733E+01     ESPe at Nucleus = -3.4926264011E+01
           ESPn =  2.0173007272E+01     ESPn at Nucleus =  2.0173008540E+01

CP# 5      Coords = -6.10234599971753E+00 -2.80081574037546E+00 -5.07265147586726E+00
           Type = (3,-3) NACP H5
           Rho =  4.2595352474E-01     Rho at Nucleus =  4.2232531475E-01
           GradRho =  7.7972129003E-10  4.0810283538E-11  2.7187501078E-09
           HessRho_EigVals = -6.4918124535E+00 -6.4855734032E+00 -5.8979253268E+00
           HessRho_EigVec1 =  9.1706803660E-01  2.9598469412E-01 -2.6716900474E-01
           HessRho_EigVec2 = -2.8827433675E-01  9.5508832923E-01  6.8587098993E-02
           HessRho_EigVec3 =  2.7547072987E-01  1.4118931430E-02  9.6120577025E-01
           DelSqRho = -1.8875311184E+01
           Bond Ellipticity = NA
           V = -4.7284514947E+00
           G =  4.8118494129E-03
           K =  4.7236396453E+00
           L =  4.7188277959E+00
           Vnuc =  4.8358041215E+01
           Ven = -2.0598278105E+01
           Vrep =  1.5869826610E+01
           DelSqV =  7.1113646203E+02
           DelSqVen =  9.1277308086E+02
           DelSqVrep = -2.0163661883E+02
           DelSqG =  7.0047346128E+01
           DelSqK = -7.8118380816E+02
           Stress_EigVals = -1.6263007445E+00 -1.6259332767E+00 -1.4762174735E+00
           Stress_EigVec1 =  8.8170307061E-01  3.9561338060E-01 -2.5707926475E-01
           Stress_EigVec2 = -3.8389662300E-01  9.1831670923E-01  9.6528775009E-02
           Stress_EigVec3 =  2.7426825942E-01  1.3582144252E-02  9.6155730315E-01
           -DivStress = -2.1592513457E+00 -1.1283880841E-01 -7.5339481577E+00
           ESP =  -1.1125232872E+00     ESP at Nucleus =  -1.1149521314E+00
           ESPe = -2.0590632880E+01     ESPe at Nucleus = -2.0494991429E+01
           ESPn =  1.9478109593E+01     ESPn at Nucleus =  1.9380039298E+01

CP# 6      Coords = -3.51510018843040E+00 -4.30629857607509E+00  4.06723785327691E+00
           Type = (3,-3) NACP H6
           Rho =  4.2594062531E-01     Rho at Nucleus =  4.2232318687E-01
           GradRho = -7.1745392223E-10  6.6789889591E-13 -2.4741712055E-09
           HessRho_EigVals = -6.4918815283E+00 -6.4855889724E+00 -5.8990803426E+00
           HessRho_EigVec1 =  8.9317649038E-01 -3.6756830638E-01 -2.5909322101E-01
           HessRho_EigVec2 =  3.5310648430E-01  9.2999647755E-01 -1.0208997255E-01
           HessRho_EigVec3 =  2.7848082121E-01 -3.0313298812E-04  9.6044174229E-01
           DelSqRho = -1.8876550843E+01
           Bond Ellipticity = NA
           V = -4.7287373248E+00
           G =  4.7998069646E-03
           K =  4.7239375178E+00
           L =  4.7191377108E+00
           Vnuc =  4.9366115465E+01
           Ven = -2.1027034091E+01
           Vrep =  1.6298296766E+01
           DelSqV =  7.1123151128E+02
           DelSqVen =  9.3186199282E+02
           DelSqVrep = -2.2063048154E+02
           DelSqG =  7.0058471641E+01
           DelSqK = -7.8128998292E+02
           Stress_EigVals = -1.6262997764E+00 -1.6259160834E+00 -1.4765214651E+00
           Stress_EigVec1 =  8.4844975606E-01 -4.6780148498E-01 -2.4757783038E-01
           Stress_EigVec2 =  4.4935234541E-01  8.8383312578E-01 -1.3008257169E-01
           Stress_EigVec3 =  2.7967030790E-01 -8.8115253487E-04  9.6009569442E-01
           -DivStress =  2.1817415169E+00 -2.1952555696E-03  7.5161767819E+00
           ESP =  -1.1080983497E+00     ESP at Nucleus =  -1.1105226464E+00
           ESPe = -2.1549667012E+01     ESPe at Nucleus = -2.1463543799E+01
           ESPn =  2.0441568662E+01     ESPn at Nucleus =  2.0353021153E+01

CP# 7      Coords = -2.27648859836824E+00  7.94571436022113E-01  1.05928819012966E+00
           Type = (3,-3) NACP H7
           Rho =  4.1860386400E-01     Rho at Nucleus =  4.1449802165E-01
           GradRho = -9.3233255317E-16  4.1270155696E-16 -9.8310031990E-17
           HessRho_EigVals = -6.3686807192E+00 -6.3635157024E+00 -5.7290707210E+00
           HessRho_EigVec1 =  8.0091824992E-01 -1.9967388676E-01 -5.6450004065E-01
           HessRho_EigVec2 =  5.8183342320E-01  3.6862250365E-02  8.1247217931E-01
           HessRho_EigVec3 =  1.4142073610E-01  9.7916878700E-01 -1.4570059011E-01
           DelSqRho = -1.8461267143E+01
           Bond Ellipticity = NA
           V = -4.6248775273E+00
           G =  4.7803707960E-03
           K =  4.6200971565E+00
           L =  4.6153167857E+00
           Vnuc =  5.2564053569E+01
           Ven = -2.2003515932E+01
           Vrep =  1.7378638405E+01
           DelSqV =  6.9314860464E+02
           DelSqVen =  9.7039903505E+02
           DelSqVrep = -2.7725043040E+02
           DelSqG =  6.8222275781E+01
           DelSqK = -7.6137088042E+02
           Stress_EigVals = -1.5956965051E+00 -1.5945173695E+00 -1.4346636526E+00
           Stress_EigVec1 =  8.0968226931E-01 -2.0084029802E-01 -5.5143249583E-01
           Stress_EigVec2 =  5.6927133950E-01  4.0414904049E-02  8.2115575718E-01
           Stress_EigVec3 =  1.4263507559E-01  9.7878997248E-01 -1.4705585671E-01
           -DivStress = -1.1533249064E+00 -8.0888786069E+00  1.1909155005E+00
           ESP =  -1.0734690965E+00     ESP at Nucleus =  -1.0762454250E+00
           ESPe = -2.6822949139E+01     ESPe at Nucleus = -2.6756403783E+01
           ESPn =  2.5749480043E+01     ESPn at Nucleus =  2.5680158358E+01

CP# 8      Coords = -3.74426258725730E+00  4.59985162960319E+00  2.01972524655777E+00
           Type = (3,-3) NACP C8
           Rho =  1.1753409500E+02     Rho at Nucleus =  1.1753409484E+02
           GradRho =  5.4798231566E-10 -3.2981123762E-10 -3.7747267371E-10
           HessRho_EigVals = -1.4483244533E+05 -1.4483213147E+05 -1.4483201698E+05
           HessRho_EigVec1 = -6.2073146448E-01  7.0666462005E-01  3.3958439860E-01
           HessRho_EigVec2 =  4.5658898136E-02  4.6497793560E-01 -8.8414409709E-01
           HessRho_EigVec3 =  7.8269260506E-01  5.3331101074E-01  3.2089196282E-01
           DelSqRho = -4.3449659378E+05
           Bond Ellipticity = NA
           V = -1.0863457138E+05
           G =  5.2114675867E+00
           K =  1.0862935991E+05
           L =  1.0862414844E+05
           Vnuc =  4.0486960907E+06
           Ven = -4.7585983096E+08
           Vrep =  4.7575119638E+08
           DelSqV =  2.4923198845E+09
           DelSqVen =  1.7591446405E+12
           DelSqVrep = -1.7566523206E+12
           DelSqG =  1.3387682329E+08
           DelSqK = -2.6261967078E+09
           Stress_EigVals = -3.6211587026E+04 -3.6211546521E+04 -3.6211437832E+04
           Stress_EigVec1 =  8.2081746557E-01  4.3632119355E-01  3.6862244136E-01
           Stress_EigVec2 = -1.8521258889E-01 -4.0717749982E-01  8.9437284203E-01
           Stress_EigVec3 = -5.4032858996E-01  8.0239036616E-01  2.5340622560E-01
           -DivStress = -8.8573432645E+02  5.4094488928E+02  6.0427293892E+02
           ESP =  -1.4706090909E+01     ESP at Nucleus =  -1.4706090916E+01
           ESPe = -3.6398800262E+01     ESPe at Nucleus = -3.6398797799E+01
           ESPn =  2.1692709353E+01     ESPn at Nucleus =  2.1692706883E+01

CP# 9      Coords = -5.65486978363925E+00  3.90536468270050E+00  1.83550584223138E+00
           Type = (3,-3) NACP H9
           Rho =  4.2370494570E-01     Rho at Nucleus =  4.2025342428E-01
           GradRho =  2.1247775385E-10  7.6886667339E-11  1.9485764915E-11
           HessRho_EigVals = -6.4537858101E+00 -6.4517125652E+00 -5.8824321497E+00
           HessRho_EigVec1 = -3.2850809239E-01  9.3788863522E-01 -1.1156765279E-01
           HessRho_EigVec2 = -1.1832950689E-01  7.6324490314E-02  9.9003671648E-01
           HessRho_EigVec3 =  9.3705952908E-01  3.3843681847E-01  8.5906687011E-02
           DelSqRho = -1.8787930525E+01
           Bond Ellipticity = NA
           V = -4.7067261389E+00
           G =  4.8717538306E-03
           K =  4.7018543851E+00
           L =  4.6969826313E+00
           Vnuc =  5.1183811149E+01
           Ven = -2.1686833924E+01
           Vrep =  1.6980107785E+01
           DelSqV =  7.0835329999E+02
           DelSqVen =  9.6163788827E+02
           DelSqVrep = -2.5328458828E+02
           DelSqG =  6.9775119818E+01
           DelSqK = -7.7812841981E+02
           Stress_EigVals = -1.6171454947E+00 -1.6168433323E+00 -1.4727373119E+00
           Stress_EigVec1 =  2.7927568105E-01 -8.7470141519E-01  3.9610923776E-01
           Stress_EigVec2 = -2.0900270062E-01  3.4725772817E-01  9.1418266302E-01
           Stress_EigVec3 =  9.3718886309E-01  3.3809688626E-01  8.5834319478E-02
           -DivStress = -7.1374025901E+00 -2.5838695533E+00 -6.5425721793E-01
           ESP =  -1.0894331259E+00     ESP at Nucleus =  -1.0916899150E+00
           ESPe = -2.2719987471E+01     ESPe at Nucleus = -2.2637017257E+01
           ESPn =  2.1630554345E+01     ESPn at Nucleus =  2.1545327342E+01

CP# 10     Coords = -3.35370088157878E+00  4.57502063670653E+00  4.03052720258132E+00
           Type = (3,-3) NACP H10
           Rho =  4.2125997222E-01     Rho at Nucleus =  4.1791799151E-01
           GradRho = -2.2290207533E-10  1.5542713613E-11 -1.1767058418E-09
           HessRho_EigVals = -6.4238748618E+00 -6.4215378328E+00 -5.8644909941E+00
           HessRho_EigVec1 = -2.3558285441E-01  9.7017487882E-01  5.7108871655E-02
           HessRho_EigVec2 =  9.5396967365E-01  2.4206938179E-01 -1.7704314776E-01
           HessRho_EigVec3 =  1.8558712368E-01 -1.2771801553E-02  9.8254480845E-01
           DelSqRho = -1.8709903689E+01
           Bond Ellipticity = NA
           V = -4.6873349848E+00
           G =  4.9295313274E-03
           K =  4.6824054535E+00
           L =  4.6774759222E+00
           Vnuc =  5.1324561888E+01
           Ven = -2.1620983515E+01
           Vrep =  1.6933648530E+01
           DelSqV =  7.0594201205E+02
           DelSqVen =  9.6027761193E+02
           DelSqVrep = -2.5433559988E+02
           DelSqG =  6.9600160781E+01
           DelSqK = -7.7554217283E+02
           Stress_EigVals = -1.6096227055E+00 -1.6093068017E+00 -1.4684054777E+00
           Stress_EigVec1 = -1.6475853101E-01  9.8535201472E-01  4.4000381313E-02
           Stress_EigVec2 =  9.6867723665E-01  1.7005111550E-01 -1.8096140283E-01
           Stress_EigVec3 =  1.8579299679E-01 -1.2807232881E-02  9.8250543873E-01
           -DivStress =  1.3937572798E+00 -9.9144963916E-02  7.3489674407E+00
           ESP =  -1.0859318067E+00     ESP at Nucleus =  -1.0881318544E+00
           ESPe = -2.2433170310E+01     ESPe at Nucleus = -2.2341800135E+01
           ESPn =  2.1347238503E+01     ESPn at Nucleus =  2.1253668281E+01

CP# 11     Coords =  6.11878799399201E-01  6.24023003183547E+00 -1.26070735884785E+00
           Type = (3,-3) NACP C11
           Rho =  1.1753523187E+02     Rho at Nucleus =  1.1753523150E+02
           GradRho = -1.4214228169E-09 -1.8863554756E-09  1.0051639859E-09
           HessRho_EigVals = -1.4483584449E+05 -1.4483530984E+05 -1.4483510845E+05
           HessRho_EigVec1 =  1.6109470772E-01  9.8518953346E-01 -5.8737367222E-02
           HessRho_EigVec2 = -2.0353622662E-01  9.1398979741E-02  9.7479189110E-01
           HessRho_EigVec3 =  9.6572330385E-01 -1.4507863270E-01  2.1524565207E-01
           DelSqRho = -4.3450626278E+05
           Bond Ellipticity = NA
           V = -1.0863702861E+05
           G =  5.2314572883E+00
           K =  1.0863179715E+05
           L =  1.0862656569E+05
           Vnuc =  2.6721741985E+06
           Ven = -3.1407461401E+08
           Vrep =  3.1396597698E+08
           DelSqV =  2.4923776325E+09
           DelSqVen =  1.1610764616E+12
           DelSqVrep = -1.1585840757E+12
           DelSqG =  1.3388157002E+08
           DelSqK = -2.6262592025E+09
           Stress_EigVals = -3.6212443767E+04 -3.6212373994E+04 -3.6212210847E+04
           Stress_EigVec1 =  9.4544460534E-01 -1.0280806218E-01  3.0913589340E-01
           Stress_EigVec2 = -3.1059846037E-01  1.8695011518E-03  9.5053937393E-01
           Stress_EigVec3 =  9.8301040966E-02  9.9469945577E-01  3.0164516047E-02
           -DivStress =  1.0152856964E+03  1.3227752621E+03 -7.2507246234E+02
           ESP =  -1.4711709477E+01     ESP at Nucleus =  -1.4711709496E+01
           ESPe = -3.7065045345E+01     ESPe at Nucleus = -3.7065041302E+01
           ESPn =  2.2353335868E+01     ESPn at Nucleus =  2.2353331806E+01

CP# 12     Coords =  1.09440050555333E-01  6.70562814454491E+00 -3.18501717003276E+00
           Type = (3,-3) NACP H12
           Rho =  4.2404310909E-01     Rho at Nucleus =  4.2059953971E-01
           GradRho =  8.1567206407E-11 -7.9086905630E-11  3.2637331906E-10
           HessRho_EigVals = -6.4595117288E+00 -6.4580883423E+00 -5.8885441616E+00
           HessRho_EigVec1 =  1.6265127225E-01 -9.4839658336E-01 -2.7219199898E-01
           HessRho_EigVec2 =  9.5767187199E-01  2.1814689468E-01 -1.8782044068E-01
           HessRho_EigVec3 =  2.3750610356E-01 -2.3012138758E-01  9.4373460133E-01
           DelSqRho = -1.8806144233E+01
           Bond Ellipticity = NA
           V = -4.7113537286E+00
           G =  4.9088352110E-03
           K =  4.7064448934E+00
           L =  4.7015360582E+00
           Vnuc =  5.1377244417E+01
           Ven = -2.1786166459E+01
           Vrep =  1.7074812730E+01
           DelSqV =  7.0911342702E+02
           DelSqVen =  9.6620786938E+02
           DelSqVrep = -2.5709444236E+02
           DelSqG =  6.9864388976E+01
           DelSqK = -7.7897781600E+02
