AIMSum (Version 19.02.13, Professional)
Copyright (c) 1997-2019 by Todd A. Keith
AIMSum is a component of the AIMAll package ( http://aim.tkgristmill.com )

TP:  64-bit Linux

Much of the Quantum Theory of Atoms in Molecules (QTAIM) is described in the book:
  "Atoms in Molecules - A Quantum Theory"
  R.F.W. Bader, Oxford University Press, Oxford, 1990

For additional references see:  http://aim.tkgristmill.com/references.html

Wfn File:  /home/mhennefarth/Documents/ML_Diels/summary-paton2010/19-opt/19-opt.wfn
Sum File:  /home/mhennefarth/Documents/ML_Diels/summary-paton2010/19-opt/19-opt.sum

SumViz File:  /home/mhennefarth/Documents/ML_Diels/summary-paton2010/19-opt/19-opt.sumviz

Wfn Title:   Title Card Required                                                           
 
Total memory allocated for AIMSum =        2.938 Megabytes

Atomic units (a.u.) used throughout, except where stated otherwise

Model:  Restricted SCF
 
Restricted, closed-shell, single-determinant wavefunction.
  Number of electrons (from MO Occs)                   =         164.0000000000
  Number of Alpha electrons (from MO Occs)             =          82.0000000000
  Number of Beta electrons (from MO Occs)              =          82.0000000000
  Number of electron pairs (N*(N-1)/2)                 =       13366.0000000000
  Number of electron pairs (from Muller 2EDM)          =       13366.0000000000
 
Nuclear Charges and Cartesian Coordinates:
-------------------------------------------------------------------------------
Atom      Charge                X                  Y                  Z
-------------------------------------------------------------------------------
C1         6.0          -4.2503913000E+00   6.7054468600E+00  -2.2112214400E+00
C2         6.0          -3.6954734700E+00  -3.8760085900E+00  -2.1222682500E+00
C3         6.0          -2.8826633000E+00  -3.2798216100E+00   2.0098826000E-01
C4         6.0          -3.8569813100E+00   5.0918819500E+00   3.2050430400E+00
C5         6.0          -1.9546896100E+00   5.1003078900E+00   1.5251465500E+00
C6         6.0          -2.4532238300E+00   5.1979886500E+00  -1.2488971800E+00
H7         1.0          -5.3558499100E+00   7.9627184600E+00  -1.0241933500E+00
H8         1.0          -5.8223159400E+00   5.1050535700E+00   2.6114307300E+00
H9         1.0          -3.4974490300E+00   5.0831389500E+00   5.2278130400E+00
H10        1.0          -4.6373588300E+00   6.7566102000E+00  -4.2286740000E+00
H11        1.0          -2.3437934000E+00  -4.5866081000E+00  -3.4928016400E+00
C12        6.0          -6.4073247800E+00  -3.5595167600E+00  -2.8928384800E+00
H13        1.0          -6.4748460200E+00  -2.7617755400E+00  -4.8067262200E+00
H14        1.0          -7.2621839100E+00  -5.4511502800E+00  -3.0549782200E+00
C15        6.0          -4.4916741500E+00  -2.3019365100E+00   2.3270049200E+00
H16        1.0          -4.0659591300E+00  -2.9647903000E-01   2.6480483500E+00
C17        6.0          -7.9069681400E+00  -1.9171222800E+00  -1.0245854300E+00
C18        6.0          -7.3112931500E+00  -2.6679017100E+00   1.7121660600E+00
H19        1.0          -9.9343293900E+00  -2.0930098100E+00  -1.4065009100E+00
H20        1.0          -7.4071774900E+00   7.5718330000E-02  -1.3155712500E+00
H21        1.0          -7.8301538300E+00  -4.6566867200E+00   2.0056729000E+00
H22        1.0          -8.4459363700E+00  -1.5528581800E+00   3.0362156400E+00
N23        7.0          -1.6996935000E-01  -3.5143201100E+00   7.1434067000E-01
O24        8.0           1.2394434800E+00  -4.4715481300E+00  -8.6664903000E-01
O25        8.0           5.6913000000E-01  -2.6827362000E+00   2.7779249900E+00
H26        1.0          -3.9921925100E+00  -3.2771770300E+00   4.0827188700E+00
H27        1.0           4.2202742900E+00  -2.5171502000E+00   2.8779400400E+00
O28        8.0           6.0433210100E+00  -2.2795060800E+00   3.0366866100E+00
C29        6.0           7.1252225000E+00  -2.4343123700E+00   6.2625473000E-01
H30        1.0           6.3563364100E+00  -3.9789209600E+00  -5.2530545000E-01
H31        1.0           9.1601823400E+00  -2.7315968000E+00   8.5100771000E-01
C32        6.0           6.7980130400E+00  -5.4405300000E-03  -8.7848168000E-01
F33        9.0           4.3217931000E+00   5.0488417000E-01  -1.3567360800E+00
F34        9.0           7.7537684400E+00   2.0181039900E+00   3.2466610000E-01
F35        9.0           7.9702237700E+00  -1.9465950000E-01  -3.1440830400E+00
C36        6.0           7.7359328000E-01   4.9961388800E+00   2.3727114200E+00
H37        1.0           9.1171256000E-01   5.0146627600E+00   4.4348229800E+00
H38        1.0           1.7329617200E+00   3.2950480700E+00   1.6864811100E+00
H39        1.0           1.8414945900E+00   6.6161831300E+00   1.6378868400E+00
C40        6.0          -8.2399207000E-01   3.5688227400E+00  -2.9417579500E+00
H41        1.0           1.1674525300E+00   4.1297650800E+00  -2.8676573600E+00
H42        1.0          -8.8407540000E-01   1.5777277600E+00  -2.3622094900E+00
H43        1.0          -1.4471537100E+00   3.6912329000E+00  -4.9097157300E+00
 
Some Atomic Properties:
----------------------
  q(A) = Net Charge of Atom A
  L(A) = Lagrangian of Atom A = -(1/4) Times Atomic Integral of the Laplacian of the Electron Density
  K(A) = Electronic Kinetic Energy of Atom A (Hamiltonian Form)
  K_Scaled(A) = K(A) * E(Mol)/K(Mol) = Approximation to Virial-Based Total Energy of Atom A.
  |Mu_Intra(A)| = Magnitude of Intraatomic Dipole Moment of Atom A
--------------------------------------------------------------------------------------------------
Atom A          q(A)              L(A)              K(A)          K_Scaled(A)      |Mu_Intra(A)|
--------------------------------------------------------------------------------------------------
C1       -1.0317283150E-01 -2.2469828213E-04  3.7717391259E+01 -3.8045135022E+01  1.2609506884E-01
C2       -1.0381478300E-02  4.0438899529E-05  3.7737496989E+01 -3.8065415460E+01  1.8632586702E-01
C3        2.2108753700E-01 -9.6848097024E-06  3.7615119177E+01 -3.7941974250E+01  5.1655526389E-01
C4       -1.1147058550E-01  1.0018755340E-05  3.7720432597E+01 -3.8048202787E+01  1.2831778425E-01
C5       -6.4842712000E-03 -3.1744028051E-04  3.7705322629E+01 -3.8032961522E+01  2.8375049690E-02
C6       -8.0974644000E-03 -8.6649443423E-05  3.7705844394E+01 -3.8033487820E+01  2.8276599581E-02
H7        3.9945165790E-02  2.2333711391E-05  5.9572623341E-01 -6.0090277268E-01  1.5039296797E-01
H8        3.3445885810E-02  1.8081480730E-05  5.9784237298E-01 -6.0303730036E-01  1.5192898889E-01
H9        3.4417830750E-02  2.1277687990E-05  5.9719363194E-01 -6.0238292212E-01  1.5188738112E-01
H10       3.0006957810E-02  2.2432176277E-05  5.9897682118E-01 -6.0418160631E-01  1.5291309305E-01
H11       1.0447278483E-01  3.2871470743E-05  5.7650214541E-01 -5.8151163774E-01  1.3664373444E-01
C12       1.7496602400E-02 -1.0443107300E-04  3.7680727790E+01 -3.8008152967E+01  1.3196108044E-01
H13       3.2575549390E-02  2.5995468237E-05  6.0236344730E-01 -6.0759766038E-01  1.5020773294E-01
H14       3.1964318560E-02  2.9005322003E-05  6.0044489972E-01 -6.0566244166E-01  1.5183959791E-01
C15       3.1722650100E-02  4.9570170530E-05  3.7687906858E+01 -3.8015394417E+01  1.8620943699E-01
H16       5.9089272880E-02  1.8946119479E-05  5.9203277261E-01 -5.9717721770E-01  1.4191852893E-01
C17       1.8923804500E-02  5.5184497670E-05  3.7675060869E+01 -3.8002436804E+01  9.2356397324E-02
C18       2.1236950000E-02  2.2312419722E-04  3.7672768479E+01 -3.8000124494E+01  8.0872081461E-02
H19       1.2512966550E-02  2.0084072667E-05  6.1166265614E-01 -6.1697767432E-01  1.5370140218E-01
H20       1.6921211350E-02  3.5942148214E-05  6.0966691545E-01 -6.1496459172E-01  1.5166489909E-01
H21       1.8999853900E-03  2.7651882636E-05  6.1601390978E-01 -6.2136673801E-01  1.5714679549E-01
H22       1.7217927190E-02  2.5607299741E-05  6.1020087000E-01 -6.1550318606E-01  1.5270220701E-01
N23       3.6532662980E-01 -4.4085626333E-04  5.3967923743E+01 -5.4436875857E+01  7.5270568837E-01
O24      -4.7409657440E-01  6.6239889098E-05  7.4824831255E+01 -7.5475018633E+01  3.0372980846E-01
O25      -4.9471317540E-01  3.6384087996E-05  7.4825966436E+01 -7.5476163678E+01  2.9858074398E-01
H26       4.6920858800E-02  2.6760967161E-05  5.9971121024E-01 -6.0492237681E-01  1.4601099540E-01
H27       5.8971115925E-01  5.1754762402E-05  3.5150659368E-01 -3.5456099617E-01  1.4267770694E-01
O28      -1.1110041463E+00 -1.4152469429E-05  7.5160633541E+01 -7.5813738860E+01  1.7924369516E-01
C29       6.0472775570E-01  7.3426898720E-05  3.7376781310E+01 -3.7701565357E+01  6.0325543220E-01
H30       5.1380964650E-02  2.8915211872E-05  6.0166503407E-01 -6.0689317832E-01  1.4558014511E-01
H31       4.8732856060E-02  3.5994380282E-05  6.0338882401E-01 -6.0863194706E-01  1.4889770492E-01
C32       1.7007615420E+00  1.5714543129E-04  3.6548512393E+01 -3.6866099230E+01  8.6494147939E-01
F33      -6.4856712210E-01  7.5729601350E-05  9.9594337366E+01 -1.0045975838E+02  2.6420161215E-01
F34      -6.3657341490E-01  6.7630921330E-05  9.9635872548E+01 -1.0050165448E+02  3.2971504912E-01
F35      -6.3750919700E-01  5.8919156757E-05  9.9626393104E+01 -1.0049209266E+02  3.1765231624E-01
C36      -2.7039227100E-02  2.2411629965E-05  3.7696674373E+01 -3.8024238118E+01  9.5157491628E-02
H37       2.0522865590E-02  2.4408618302E-05  6.0383199182E-01 -6.0907896576E-01  1.5223288238E-01
H38       4.7392279610E-02  3.1073058805E-05  5.9527517538E-01 -6.0044779520E-01  1.2855853224E-01
H39       2.1812490010E-02  2.4201335441E-05  6.0123176298E-01 -6.0645614233E-01  1.5349936920E-01
C40      -2.3123963300E-02  1.4240466691E-04  3.7695871404E+01 -3.8023428171E+01  7.9777696079E-02
H41       4.0347548020E-02  2.0091414257E-05  5.9756728017E-01 -6.0275981715E-01  1.4135952858E-01
H42       1.6340631350E-02  3.3571154937E-05  6.0563615112E-01 -6.1089880223E-01  1.4365890146E-01
H43       1.3752098650E-02  2.4896216375E-05  6.0631652797E-01 -6.1158509119E-01  1.5422267221E-01
--------------------------------------------------------------------------------------------------
Total     4.3362839000E-04  4.8261214212E-04  1.1168466257E+03 -1.1265514198E+03
 
1st Largest |L(A)| = 4.4085626333E-04, atom N23     
2nd Largest |L(A)| = 3.1744028051E-04, atom C5      
 
Molecular charge q(Mol) from the wfn file:   0.0000000000E+00
Molecular energy E(Mol) from the wfn file:  -1.1265513961E+03
Molecular virial ratio (-V(Mol)/T(Mol)) from the wfn file:   2.0086894600E+00
Note.  K_Scaled(A) = (1+V(Mol)/T(Mol))*K(A) = (E(Mol)/T(Mol))*K(A)
       Only use K_Scaled(A) data with caution.
 
N_AIMInt(SumA)     =        163.999566
N_Analytic(Mol)    =        163.999973
 
G_AIMInt(SumA)     =       1116.846143
G_Analytic(Mol)    =       1116.846544
 
K_AIMInt(SumA)     =       1116.846626
K_Analytic(Mol)    =       1116.846544
 
L_AIMInt(SumA)     =          0.000483
L_Analytic(Mol)    =          0.000000
 
VenT_AIMInt(SumA)  =      -6312.367990
VenT_Analytic(Mol) =      -6312.375744
 
Some Information About the Atomic Calculations:
----------------------------------------------
  Time(sec) = "Elapsed User Time", in Seconds, for Atom A by AIMInt and, if used, by TWOe
  NProc = Number of Processors Used for AIMInt Job
  BIM = Basin Integration Method
  OAQ = Angular Quadrature Outside of Beta Sphere
  ORQ = Multiple of Default for Radial Quadrature Outside of Beta Sphere
  IAQ = Multiple of Default for Angular Quadrature Inside of Beta Sphere
  IRQ = Multiple of Default for Radial Quadrature Inside of Beta Sphere
  MIR = Maximum Integration Radius
------------------------------------------------------------------------------------------------------
Atom A     Time(sec)   NProc      BIM          OAQ                     ORQ      IAQ      IRQ      MIR
------------------------------------------------------------------------------------------------------
C1             62        8     Proaim(5)    4500(GS4)                  1.00     1.00     1.00    13.00
C2            102        8     Proaim(5)    4500(GS4)                  1.00     1.00     1.00    13.00
C3            179        8     Proaim(5)    4500(GS4)                  1.00     1.00     1.00    13.00
C4            103        8     Proaim(5)    5400(GS5)                  1.00     1.00     1.00    13.00
C5            123        8     Proaim(5)    4500(GS4)                  1.00     1.00     1.00    13.00
C6            132        8     Proaim(5)    4500(GS4)                  1.00     1.00     1.00    13.00
H7             18        8     Proaim(5)    1800(GS4)                  1.00     1.00     1.00    13.00
H8             21        8     Proaim(5)    1800(GS4)                  1.00     1.00     1.00    13.00
H9             19        8     Proaim(5)    1800(GS4)                  1.00     1.00     1.00    13.00
H10            16        8     Proaim(5)    1800(GS4)                  1.00     1.00     1.00    13.00
H11            25        8     Proaim(5)    1800(GS4)                  1.00     1.00     1.00    13.00
C12            71        8     Proaim(5)    4500(GS4)                  1.00     1.00     1.00    13.00
H13            20        8     Proaim(5)    1800(GS4)                  1.00     1.00     1.00    13.00
H14            17        8     Proaim(5)    1800(GS4)                  1.00     1.00     1.00    13.00
C15           111        8     Proaim(5)    4500(GS4)                  1.00     1.00     1.00    13.00
H16            59        8     Proaim(5)    4500(GS4)                  1.00     1.00     1.00    13.00
C17            82        8     Proaim(5)    4500(GS4)                  1.00     1.00     1.00    13.00
C18            78        8     Proaim(5)    5400(GS5)                  1.00     1.00     1.00    13.00
H19            16        8     Proaim(5)    1800(GS4)                  1.00     1.00     1.00    13.00
H20            46        8     Proaim(5)    4500(GS4)                  1.00     1.00     1.00    13.00
H21            20        8     Proaim(5)    1800(GS4)                  1.00     1.00     1.00    13.00
H22            19        8     Proaim(5)    1800(GS4)                  1.00     1.00     1.00    13.00
N23           146        8     Proaim(5)    4500(GS4)                  1.00     1.00     1.00    13.00
O24            89        8     Proaim(5)    4500(GS4)                  1.00     1.00     1.00    13.00
O25            81        8     Proaim(5)    4500(GS4)                  1.00     1.00     1.00    13.00
H26            20        8     Proaim(5)    1800(GS4)                  1.00     1.00     1.00    13.00
H27            28        8     Proaim(5)    4500(GS4)                  1.00     1.00     1.00    13.00
O28            53        8     Proaim(5)    4500(GS4)                  1.00     1.00     1.00    13.00
C29            66        8     Proaim(5)    4500(GS4)                  1.00     1.00     1.00    13.00
H30            37        8     Proaim(5)    4500(GS4)                  1.00     1.00     1.00    13.00
H31            17        8     Proaim(5)    1800(GS4)                  1.00     1.00     1.00    13.00
C32            78        8     Proaim(5)    5400(GS5)                  1.00     1.00     1.00    13.00
F33            84        8     Proaim(5)    4500(GS4)                  1.00     1.00     1.00    13.00
F34            35        8     Proaim(5)    2700(GS4)                  1.00     1.00     1.00    13.00
F35            28        8     Proaim(5)    2700(GS4)                  1.00     1.00     1.00    13.00
C36            93        8     Proaim(5)    4500(GS4)                  1.00     1.00     1.00    13.00
H37            20        8     Proaim(5)    1800(GS4)                  1.00     1.00     1.00    13.00
H38            60        8     Proaim(5)    4500(GS4)                  1.00     1.00     1.00    13.00
H39            19        8     Proaim(5)    1800(GS4)                  1.00     1.00     1.00    13.00
C40           108        8     Proaim(5)    4500(GS4)                  1.00     1.00     1.00    13.00
H41            53        8     Proaim(5)    4500(GS4)                  1.00     1.00     1.00    13.00
H42            70        8     Proaim(5)    4500(GS4)                  1.00     1.00     1.00    13.00
H43            23        8     Proaim(5)    1800(GS4)                  1.00     1.00     1.00    13.00
------------------------------------------------------------------------------------------------------
Total        2547
Note:  Total wall clock time is less than total of atomic times if more than one atom
       was calculated at a time
 
Electron Density Critical Point Analysis of Molecular Structure:               
---------------------------------------------------------------                
  NACP = Nuclear Attractor Critical Point                                      
  NNACP = Non-Nuclear Attractor Critical Point                                 
  BCP = Bond Critical Point                                                    
  RCP = Ring Critical Point                                                    
  CCP = Cage Critical Point                                                    
  Rho = Electron Density                                                       
  GradRho = Gradient of Electron Density                                       
  HessRho_EigVals = Eigenvalues of the Hessian of Rho, Ascending Order         
  HessRho_EigVecs = Eigenvectors of the Hessian of Rho                         
  DelSqRho = Laplacian of Rho = Trace of Hessian of Rho                        
  Bond Ellipticity = (HessRho_EigVal(1) / HessRho_EigVal(2)) - 1               
  V = Virial Field = Potential Energy Density = Trace of Stress Tensor         
  G = Lagrangian Form of Kinetic Energy Density                                
  K = Hamiltonian Form of Kinetic Energy Density                               
  L = K - G = Lagrangian Density = (-1/4)DelSqRho                              
  Vnuc = Electrostatic Potential from Nuclei                                   
  Ven = Electron-nuclear attractive contribution to Virial Field V             
  Vrep = V - Ven = Repulsive contribution to Virial Field V                    
  DelSqV = Laplacian of V                                                      
  DelSqVen = Laplacian of Ven                                                  
  DelSqVrep = Laplacian of Vrep                                                
  DelSqG = Laplacian of G                                                      
  DelSqK = Laplacian of K                                                      
  Stress_EigVals = Eigenvalues of Stress Tensor, Ascending Order               
  Stress_EigVecs = Eigenvectors of Stress Tensor                               
  -DivStress = Ehrenfest Force Density = Minus Divergence of Stress Tensor     
  ESP = Total Electrostatic Potential                                          
  ESPe = Electrostatic Potential from Electrons                                
  ESPn = Electrostatic Potential from Nuclei                                   
  BP = Bond Path                                                               
  BPL = Bond Path Length                                                       
  GBL = Geometric Bond Length                                                  
  GBL_I = Distance Between Nuclear Attractors                                  
  GBL_II = Distance Between Nuclei                                             
  GBL_III = Sum of Distances Between BCP and Nuclear Attractors                
  GBL_IV = Sum of Distances Between BCP and Nuclei                             

CP# 1      Coords = -4.25039211802783E+00  6.70544738304747E+00 -2.21122197262384E+00
           Type = (3,-3) NACP C1
           Rho =  1.1768596190E+02     Rho at Nucleus =  1.1768596181E+02
           GradRho = -2.2179083570E-10  9.3944879653E-11 -1.4703948389E-10
           HessRho_EigVals = -1.4501869958E+05 -1.4501792933E+05 -1.4501780217E+05
           HessRho_EigVec1 =  7.1438836095E-01  6.8681340252E-01 -1.3392766652E-01
           HessRho_EigVec2 = -1.7585794981E-02  2.0895508663E-01  9.7776710498E-01
           HessRho_EigVec3 = -6.9952841941E-01  6.9615021503E-01 -1.6135324153E-01
           DelSqRho = -4.3505443108E+05
           Bond Ellipticity = NA
           V = -1.0877386606E+05
           G =  5.1291470019E+00
           K =  1.0876873692E+05
           L =  1.0876360777E+05
           Vnuc =  5.4178912332E+06
           Ven = -6.3760974126E+08
           Vrep =  6.3750096739E+08
           DelSqV =  2.4955014248E+09
           DelSqVen =  2.3570775409E+12
           DelSqVrep = -2.3545820394E+12
           DelSqG =  1.3404814059E+08
           DelSqK = -2.6295495654E+09
           Stress_EigVals = -3.6258179163E+04 -3.6258085047E+04 -3.6257601855E+04
           Stress_EigVec1 =  7.0556468977E-01 -6.4089583212E-01  3.0237559578E-01
           Stress_EigVec2 =  1.3530467039E-01 -2.9700821591E-01 -9.4524005726E-01
           Stress_EigVec3 =  6.9560844929E-01  7.0784083808E-01 -1.2284231039E-01
           -DivStress =  6.6522663100E+02 -4.2786254473E+02  4.3393966676E+02
           ESP =  -1.4753732490E+01     ESP at Nucleus =  -1.4753732504E+01
           ESPe = -3.3908478689E+01     ESPe at Nucleus = -3.3908481019E+01
           ESPn =  1.9154746199E+01     ESPn at Nucleus =  1.9154748515E+01

CP# 2      Coords = -3.69547443198268E+00 -3.87600834978497E+00 -2.12226813566640E+00
           Type = (3,-3) NACP C2
           Rho =  1.1772658802E+02     Rho at Nucleus =  1.1772658794E+02
           GradRho = -1.9930144790E-10  7.0820203001E-11  6.6468370521E-12
           HessRho_EigVals = -1.4506681109E+05 -1.4506506736E+05 -1.4506488522E+05
           HessRho_EigVec1 =  1.8521418835E-01  9.3593674149E-01 -2.9952983217E-01
           HessRho_EigVec2 =  8.0291581867E-01  3.1609880242E-02  5.9525373044E-01
           HessRho_EigVec3 =  5.6658793895E-01 -3.5074667696E-01 -7.4562381670E-01
           DelSqRho = -4.3519676367E+05
           Bond Ellipticity = NA
           V = -1.0880943738E+05
           G =  5.1232326067E+00
           K =  1.0880431415E+05
           L =  1.0879919092E+05
           Vnuc =  6.0114980370E+06
           Ven = -7.0771315276E+08
           Vrep =  7.0760434332E+08
           DelSqV =  2.4963110219E+09
           DelSqVen =  2.6161847992E+12
           DelSqVrep = -2.6136884882E+12
           DelSqG =  1.3408887985E+08
           DelSqK = -2.6303999018E+09
           Stress_EigVals = -3.6270111953E+04 -3.6270017624E+04 -3.6269307806E+04
           Stress_EigVec1 = -2.0797391214E-01  3.3607369930E-01  9.1858658846E-01
           Stress_EigVec2 = -9.5993992462E-01  1.1016469351E-01 -2.5764138144E-01
           Stress_EigVec3 =  1.8778230213E-01  9.3537062651E-01 -2.9969917929E-01
           -DivStress =  7.8814339938E+02 -1.9501329343E+02 -8.9613845528E+01
           ESP =  -1.4693314463E+01     ESP at Nucleus =  -1.4693314464E+01
           ESPe = -3.8244943235E+01     ESPe at Nucleus = -3.8244943077E+01
           ESPn =  2.3551628772E+01     ESPn at Nucleus =  2.3551628613E+01

CP# 3      Coords = -2.88265798485754E+00 -3.27982176070405E+00  2.00989758243935E-01
           Type = (3,-3) NACP C3
           Rho =  1.1766606639E+02     Rho at Nucleus =  1.1766606418E+02
           GradRho = -1.0906864631E-11 -1.8548445847E-11  1.8358731419E-12
           HessRho_EigVals = -1.4497691212E+05 -1.4497583164E+05 -1.4497500876E+05
           HessRho_EigVec1 =  9.8404920041E-01 -9.7696475952E-02  1.4866933028E-01
           HessRho_EigVec2 =  1.4245144391E-01  9.3332284424E-01 -3.2956949882E-01
           HessRho_EigVec3 = -1.0655870357E-01  3.4549076255E-01  9.3235260266E-01
           DelSqRho = -4.3492775251E+05
           Bond Ellipticity = NA
           V = -1.0874224438E+05
           G =  5.1531252033E+00
           K =  1.0873709125E+05
           L =  1.0873193813E+05
           Vnuc =  1.0861313714E+06
           Ven = -1.2780080606E+08
           Vrep =  1.2769206381E+08
           DelSqV =  2.4947576660E+09
           DelSqVen =  4.7238867661E+11
           DelSqVrep = -4.6989391894E+11
           DelSqG =  1.3399107733E+08
           DelSqK = -2.6287487433E+09
           Stress_EigVals = -3.6247798373E+04 -3.6247267642E+04 -3.6247178363E+04
           Stress_EigVec1 = -5.4291494790E-02  3.2079764301E-01  9.4559045354E-01
           Stress_EigVec2 =  9.8884849623E-02  9.4405941508E-01 -3.1460071091E-01
           Stress_EigVec3 =  9.9361673703E-01 -7.6424426946E-02  8.2976423504E-02
           -DivStress = -4.3121732496E+03  1.1991605844E+02 -1.2163577313E+03
           ESP =  -1.4667871884E+01     ESP at Nucleus =  -1.4667872057E+01
           ESPe = -4.0839802309E+01     ESPe at Nucleus = -4.0839799517E+01
           ESPn =  2.6171930425E+01     ESPn at Nucleus =  2.6171927460E+01

CP# 4      Coords = -3.85698213999837E+00  5.09188182688980E+00  3.20504378414812E+00
           Type = (3,-3) NACP C4
           Rho =  1.1769261534E+02     Rho at Nucleus =  1.1769261525E+02
           GradRho = -2.3758439573E-10 -3.8108821654E-11  2.0453739397E-10
           HessRho_EigVals = -1.4502954042E+05 -1.4502882922E+05 -1.4502871448E+05
           HessRho_EigVec1 = -7.0127056581E-02  9.9726466000E-01  2.3353668882E-02
           HessRho_EigVec2 =  5.9819613084E-01  2.3306947187E-02  8.0101072107E-01
           HessRho_EigVec3 =  7.9827538167E-01  7.0142598524E-02 -5.9819430864E-01
           DelSqRho = -4.3508708412E+05
           Bond Ellipticity = NA
           V = -1.0878204626E+05
           G =  5.1376128699E+00
           K =  1.0877690864E+05
           L =  1.0877177103E+05
           Vnuc =  5.3498967937E+06
           Ven = -6.2964334545E+08
           Vrep =  6.2953456340E+08
           DelSqV =  2.4956911093E+09
           DelSqVen =  2.3276706529E+12
           DelSqVrep = -2.3251749291E+12
           DelSqG =  1.3406076427E+08
           DelSqK = -2.6297518736E+09
           Stress_EigVals = -3.6260899467E+04 -3.6260806803E+04 -3.6260339986E+04
           Stress_EigVec1 =  7.6427349140E-01  2.9258157547E-02 -6.4422821311E-01
           Stress_EigVec2 =  6.4437432153E-01  5.3826793445E-03  7.6469128445E-01
           Stress_EigVec3 = -2.5841131971E-02  9.9955739554E-01  1.4739366283E-02
           -DivStress =  6.7606913386E+02  1.0057732603E+02 -6.0676760964E+02
           ESP =  -1.4754091997E+01     ESP at Nucleus =  -1.4754092011E+01
           ESPe = -3.5064962729E+01     ESPe at Nucleus = -3.5064964772E+01
           ESPn =  2.0310870732E+01     ESPn at Nucleus =  2.0310872761E+01

CP# 5      Coords = -1.95468821117282E+00  5.10030763760758E+00  1.52514530276282E+00
           Type = (3,-3) NACP C5
           Rho =  1.1767132068E+02     Rho at Nucleus =  1.1767132042E+02
           GradRho =  1.1380747492E-09 -2.2529800708E-10 -1.0108536019E-09
           HessRho_EigVals = -1.4499056443E+05 -1.4498955268E+05 -1.4498917343E+05
           HessRho_EigVec1 =  7.6789258861E-02  9.9432906777E-01  7.3573872499E-02
           HessRho_EigVec2 =  6.0992643696E-01 -1.0522047205E-01  7.8544152790E-01
           HessRho_EigVec3 =  7.8872881982E-01 -1.5438822899E-02 -6.1454738754E-01
           DelSqRho = -4.3496929054E+05
           Bond Ellipticity = NA
           V = -1.0875247772E+05
           G =  5.0775446329E+00
           K =  1.0874740018E+05
           L =  1.0874232263E+05
           Vnuc =  3.1728860723E+06
           Ven = -3.7335769450E+08
           Vrep =  3.7324894202E+08
           DelSqV =  2.4950018612E+09
           DelSqVen =  1.3801081364E+12
           DelSqVrep = -1.3776131387E+12
           DelSqG =  1.3401100354E+08
           DelSqK = -2.6290128647E+09
           Stress_EigVals = -3.6251113225E+04 -3.6250914627E+04 -3.6250449873E+04
           Stress_EigVec1 =  7.5456699284E-01 -4.8086808487E-03 -6.5620540222E-01
           Stress_EigVec2 =  6.5398446843E-01 -7.7015491222E-02  7.5257752369E-01
           Stress_EigVec3 =  5.4156886520E-02  9.9701830008E-01  5.4968545025E-02
           -DivStress = -1.1362842526E+03  2.0319637458E+02  1.0105683602E+03
           ESP =  -1.4730663293E+01     ESP at Nucleus =  -1.4730663318E+01
           ESPe = -3.8090149679E+01     ESPe at Nucleus = -3.8090148669E+01
           ESPn =  2.3359486386E+01     ESPn at Nucleus =  2.3359485352E+01

CP# 6      Coords = -2.45322228995106E+00  5.19798751096324E+00 -1.24889659095957E+00
           Type = (3,-3) NACP C6
           Rho =  1.1766432069E+02     Rho at Nucleus =  1.1766432040E+02
           GradRho =  1.4075273681E-09 -1.0121071498E-09  5.4218989444E-10
           HessRho_EigVals = -1.4498137041E+05 -1.4498045769E+05 -1.4498005283E+05
           HessRho_EigVec1 =  6.5594280243E-01  7.5454741574E-01 -1.9930813797E-02
           HessRho_EigVec2 =  2.7172144429E-01 -2.6068285844E-01 -9.2639727117E-01
           HessRho_EigVec3 =  7.0420628842E-01 -6.0224799270E-01  3.7601975830E-01
           DelSqRho = -4.3494188093E+05
           Bond Ellipticity = NA
           V = -1.0874563506E+05
           G =  5.0824161446E+00
           K =  1.0874055265E+05
           L =  1.0873547023E+05
           Vnuc =  2.9939948155E+06
           Ven = -3.5228636613E+08
           Vrep =  3.5217762049E+08
           DelSqV =  2.4948448857E+09
           DelSqVen =  1.3022137467E+12
           DelSqVrep = -1.2997189018E+12
           DelSqG =  1.3400210403E+08
           DelSqK = -2.6288469898E+09
           Stress_EigVals = -3.6248829201E+04 -3.6248622572E+04 -3.6248183292E+04
           Stress_EigVec1 =  7.0126144221E-01 -5.9053847596E-01  3.9937037707E-01
           Stress_EigVec2 =  2.6863190858E-01 -3.0002032861E-01 -9.1532764632E-01
           Stress_EigVec3 =  6.6035542502E-01  7.4916761198E-01 -5.1755210448E-02
           -DivStress = -1.2503844012E+03  9.2421107478E+02 -4.7613778582E+02
           ESP =  -1.4730983633E+01     ESP at Nucleus =  -1.4730983661E+01
           ESPe = -3.7868072110E+01     ESPe at Nucleus = -3.7868070407E+01
           ESPn =  2.3137088477E+01     ESPn at Nucleus =  2.3137086747E+01

CP# 7      Coords = -5.33707830029266E+00  7.94125094654951E+00 -1.04455990386935E+00
           Type = (3,-3) NACP H7
           Rho =  4.2513543924E-01     Rho at Nucleus =  4.2143465974E-01
           GradRho =  4.0166500573E-10 -4.5917449487E-10 -4.3550407123E-10
           HessRho_EigVals = -6.4702266188E+00 -6.4631431468E+00 -5.8697774643E+00
           HessRho_EigVec1 =  5.1448833064E-01 -3.0673362117E-01  8.0075979125E-01
           HessRho_EigVec2 =  6.6855398303E-01  7.2825812446E-01 -1.5058444784E-01
           HessRho_EigVec3 = -5.3697051074E-01  6.1282508908E-01  5.7974829089E-01
           DelSqRho = -1.8803147230E+01
           Bond Ellipticity = NA
           V = -4.7105030957E+00
           G =  4.8581441421E-03
           K =  4.7056449516E+00
           L =  4.7007868075E+00
           Vnuc =  4.7595884740E+01
           Ven = -2.0234697365E+01
           Vrep =  1.5524194269E+01
           DelSqV =  7.0794766343E+02
           DelSqVen =  8.9495242951E+02
           DelSqVrep = -1.8700476608E+02
           DelSqG =  6.9654329804E+01
           DelSqK = -7.7760199323E+02
           Stress_EigVals = -1.6208587212E+00 -1.6204707732E+00 -1.4691736014E+00
           Stress_EigVec1 =  4.3529794958E-01 -3.8576910244E-01  8.1344815120E-01
           Stress_EigVec2 =  7.2267035429E-01  6.8856854797E-01 -6.0174029102E-02
           Stress_EigVec3 = -5.3690153113E-01  6.1404849511E-01  5.7851637101E-01
           -DivStress = -4.2327480681E+00  4.8408873940E+00  4.5920354803E+00
           ESP =  -1.1144868219E+00     ESP at Nucleus =  -1.1169547453E+00
           ESPe = -2.0174142922E+01     ESPe at Nucleus = -2.0084919313E+01
           ESPn =  1.9059656100E+01     ESPn at Nucleus =  1.8967964567E+01

CP# 8      Coords = -5.78900877283626E+00  5.10482721498894E+00  2.62160340037088E+00
           Type = (3,-3) NACP H8
           Rho =  4.2559230444E-01     Rho at Nucleus =  4.2193055956E-01
           GradRho =  2.8870262578E-09 -1.9888366128E-11  8.8118608342E-10
           HessRho_EigVals = -6.4790466789E+00 -6.4719450360E+00 -5.8822565549E+00
           HessRho_EigVec1 = -2.9005549904E-01  4.2296501504E-02  9.5607469030E-01
           HessRho_EigVec2 =  1.8778870986E-02  9.9908205477E-01 -3.8501971876E-02
           HessRho_EigVec3 =  9.5682556481E-01 -6.7862945953E-03  2.9058352452E-01
           DelSqRho = -1.8833248270E+01
           Bond Ellipticity = NA
           V = -4.7180827237E+00
           G =  4.8853281252E-03
           K =  4.7131973956E+00
           L =  4.7083120675E+00
           Vnuc =  4.9420103050E+01
           Ven = -2.1032815543E+01
           Vrep =  1.6314732819E+01
           DelSqV =  7.0928661461E+02
           DelSqVen =  9.3074107523E+02
           DelSqVrep = -2.2145446062E+02
           DelSqG =  6.9802239350E+01
           DelSqK = -7.7908885396E+02
           Stress_EigVals = -1.6230824600E+00 -1.6226659151E+00 -1.4723343486E+00
           Stress_EigVec1 = -2.8868827485E-01 -8.4753573499E-02  9.5366446497E-01
           Stress_EigVec2 = -1.9086525143E-02  9.9638567734E-01  8.2772498736E-02
           Stress_EigVec3 =  9.5723287894E-01 -5.6933090759E-03  2.8926251349E-01
           -DivStress = -7.5222753470E+00  5.0955959008E-02 -2.2970710190E+00
           ESP =  -1.1130259815E+00     ESP at Nucleus =  -1.1154685592E+00
           ESPe = -2.1819560380E+01     ESPe at Nucleus = -2.1737644979E+01
           ESPn =  2.0706534399E+01     ESPn at Nucleus =  2.0622176420E+01

CP# 9      Coords = -3.50357929372544E+00  5.08326641704397E+00  5.19368052150091E+00
           Type = (3,-3) NACP H9
           Rho =  4.2556438014E-01     Rho at Nucleus =  4.2192949174E-01
           GradRho = -1.0990668614E-09  2.3191232788E-11 -6.1236079832E-09
           HessRho_EigVals = -6.4846981961E+00 -6.4782008785E+00 -5.8903285917E+00
           HessRho_EigVec1 =  9.8388896797E-01 -3.3900454022E-02 -1.7553705573E-01
           HessRho_EigVec2 =  3.4061004226E-02  9.9941755135E-01 -2.0990579510E-03
           HessRho_EigVec3 =  1.7550597342E-01 -3.9137284358E-03  9.8447058667E-01
           DelSqRho = -1.8853227666E+01
           Bond Ellipticity = NA
           V = -4.7229247184E+00
           G =  4.8089008918E-03
           K =  4.7181158175E+00
           L =  4.7133069166E+00
           Vnuc =  4.8871878016E+01
           Ven = -2.0798130474E+01
           Vrep =  1.6075205756E+01
           DelSqV =  7.1025087327E+02
           DelSqVen =  9.2139265303E+02
           DelSqVrep = -2.1114177977E+02
           DelSqG =  6.9948988060E+01
           DelSqK = -7.8019986133E+02
           Stress_EigVals = -1.6244623722E+00 -1.6241404223E+00 -1.4743219239E+00
           Stress_EigVec1 =  9.7861249146E-01  1.1171814751E-01 -1.7273287780E-01
           Stress_EigVec2 = -1.0932733874E-01  9.9373212013E-01  2.3323945509E-02
           Stress_EigVec3 =  1.7425591686E-01 -3.9406785822E-03  9.8469251368E-01
           -DivStress =  1.3851377476E+00 -2.8683336917E-02  7.7174772560E+00
           ESP =  -1.1131191885E+00     ESP at Nucleus =  -1.1155544675E+00
           ESPe = -2.1149008283E+01     ESPe at Nucleus = -2.1058498007E+01
           ESPn =  2.0035889094E+01     ESPn at Nucleus =  1.9942943540E+01

CP# 10     Coords = -4.63086471579210E+00  6.75575309163568E+00 -4.19476136447607E+00
           Type = (3,-3) NACP H10
           Rho =  4.2604190891E-01     Rho at Nucleus =  4.2243043307E-01
           GradRho =  9.4900433931E-10 -1.2564470558E-10  4.9572774294E-09
           HessRho_EigVals = -6.4934836591E+00 -6.4869865155E+00 -5.9009935068E+00
           HessRho_EigVec1 =  7.1897215935E-01 -6.7742896339E-01 -1.5546393033E-01
           HessRho_EigVec2 =  6.6904187146E-01  7.3514788507E-01 -1.0927287548E-01
           HessRho_EigVec3 =  1.8831359035E-01 -2.5447723653E-02  9.8177920382E-01
           DelSqRho = -1.8881463681E+01
           Bond Ellipticity = NA
           V = -4.7300293838E+00
           G =  4.8317317425E-03
           K =  4.7251976521E+00
           L =  4.7203659203E+00
           Vnuc =  4.7930739910E+01
           Ven = -2.0420503927E+01
           Vrep =  1.5690474543E+01
           DelSqV =  7.1145032750E+02
           DelSqVen =  9.0500253327E+02
           DelSqVrep = -1.9355220577E+02
           DelSqG =  7.0078533055E+01
           DelSqK = -7.8152886056E+02
           Stress_EigVals = -1.6266747355E+00 -1.6263532786E+00 -1.4770013697E+00
           Stress_EigVec1 =  6.3116305615E-01 -7.6251046351E-01 -1.4216536000E-01
           Stress_EigVec2 =  7.5219535084E-01  6.4644056714E-01 -1.2773702413E-01
           Stress_EigVec3 =  1.8930227342E-01 -2.6313232304E-02  9.8156622960E-01
           -DivStress = -1.4714700462E+00  1.9452383124E-01 -7.6788961163E+00
           ESP =  -1.1128435105E+00     ESP at Nucleus =  -1.1152624328E+00
           ESPe = -2.0091199554E+01     ESPe at Nucleus = -2.0003413563E+01
           ESPn =  1.8978356044E+01     ESPn at Nucleus =  1.8888151130E+01

CP# 11     Coords = -2.36821928114088E+00 -4.57391719353055E+00 -3.46856761400176E+00
           Type = (3,-3) NACP H11
           Rho =  4.2153306316E-01     Rho at Nucleus =  4.1752519613E-01
           GradRho = -6.4446332385E-16  1.9845219625E-16  6.3867300663E-16
           HessRho_EigVals = -6.4207746989E+00 -6.4154403938E+00 -5.7887949135E+00
           HessRho_EigVec1 =  7.1895131122E-01  5.0715911413E-02  6.9320769501E-01
           HessRho_EigVec2 =  2.0631527661E-01  9.3681319065E-01 -2.8251557916E-01
           HessRho_EigVec3 =  6.6373414763E-01 -3.4613428342E-01 -6.6305960449E-01
           DelSqRho = -1.8625010006E+01
           Bond Ellipticity = NA
           V = -4.6655888473E+00
           G =  4.6681728807E-03
           K =  4.6609206744E+00
           L =  4.6562525016E+00
           Vnuc =  5.0449421026E+01
           Ven = -2.1266098980E+01
           Vrep =  1.6600510132E+01
           DelSqV =  6.9988625472E+02
           DelSqVen =  9.3962097141E+02
           DelSqVrep = -2.3973471668E+02
           DelSqG =  6.8946785027E+01
           DelSqK = -7.6883303975E+02
           Stress_EigVals = -1.6087630762E+00 -1.6075695975E+00 -1.4492561736E+00
           Stress_EigVec1 =  7.1525320803E-01  2.7671389039E-02  6.9831736527E-01
           Stress_EigVec2 =  2.2347946837E-01  9.3769450589E-01 -2.6605627383E-01
           Stress_EigVec3 =  6.6217050344E-01 -3.4635719691E-01 -6.6450501617E-01
           -DivStress =  5.4562883648E+00 -2.8344645186E+00 -5.4116313677E+00
           ESP =  -1.0664785761E+00     ESP at Nucleus =  -1.0691887255E+00
           ESPe = -2.4248509380E+01     ESPe at Nucleus = -2.4150583914E+01
           ESPn =  2.3182030804E+01     ESPn at Nucleus =  2.3081395188E+01

CP# 12     Coords = -6.40732331292159E+00 -3.55951691976663E+00 -2.89283779493950E+00
           Type = (3,-3) NACP C12
           Rho =  1.1753240162E+02     Rho at Nucleus =  1.1753240143E+02
           GradRho =  8.9150739214E-10 -1.0227520850E-10  4.3164032177E-10
           HessRho_EigVals = -1.4482981262E+05 -1.4482946542E+05 -1.4482934455E+05
           HessRho_EigVec1 =  9.5122171062E-01 -1.9458165845E-01  2.3940600542E-01
           HessRho_EigVec2 =  8.7671575752E-02  9.1451204320E-01  3.9494482862E-01
           HessRho_EigVec3 = -2.9578869492E-01 -3.5469099374E-01  8.8696299073E-01
           DelSqRho = -4.3448862259E+05
           Bond Ellipticity = NA
           V = -1.0863257809E+05
           G =  5.2112234528E+00
           K =  1.0862736687E+05
           L =  1.0862215565E+05
           Vnuc =  3.6877735851E+06
           Ven = -4.3343288611E+08
           Vrep =  4.3332425353E+08
           DelSqV =  2.4922737148E+09
           DelSqVen =  1.6022955786E+12
           DelSqVrep = -1.5998033541E+12
           DelSqG =  1.3387381163E+08
           DelSqK = -2.6261475264E+09
