AIMSum (Version 19.02.13, Professional)
Copyright (c) 1997-2019 by Todd A. Keith
AIMSum is a component of the AIMAll package ( http://aim.tkgristmill.com )

TP:  64-bit Linux

Much of the Quantum Theory of Atoms in Molecules (QTAIM) is described in the book:
  "Atoms in Molecules - A Quantum Theory"
  R.F.W. Bader, Oxford University Press, Oxford, 1990

For additional references see:  http://aim.tkgristmill.com/references.html

Wfn File:  /home/mhennefarth/Documents/ML_Diels/summary-paton2010/2-opt/2-opt.wfn
Sum File:  /home/mhennefarth/Documents/ML_Diels/summary-paton2010/2-opt/2-opt.sum

SumViz File:  /home/mhennefarth/Documents/ML_Diels/summary-paton2010/2-opt/2-opt.sumviz

Wfn Title:   Title Card Required                                                           
 
Total memory allocated for AIMSum =        1.836 Megabytes

Atomic units (a.u.) used throughout, except where stated otherwise

Model:  Restricted SCF
 
Restricted, closed-shell, single-determinant wavefunction.
  Number of electrons (from MO Occs)                   =         114.0000000000
  Number of Alpha electrons (from MO Occs)             =          57.0000000000
  Number of Beta electrons (from MO Occs)              =          57.0000000000
  Number of electron pairs (N*(N-1)/2)                 =        6441.0000000000
  Number of electron pairs (from Muller 2EDM)          =        6441.0000000000
 
Nuclear Charges and Cartesian Coordinates:
-------------------------------------------------------------------------------
Atom      Charge                X                  Y                  Z
-------------------------------------------------------------------------------
C1         6.0          -4.4735267200E+00   8.9637029000E-01  -2.9786277800E+00
C2         6.0           3.1273417700E+00  -2.9754759000E-01  -2.5169028700E+00
C3         6.0           3.2275427400E+00   9.1224444000E-01  -2.9931509000E-01
C4         6.0          -3.5047094000E+00   2.1243907800E+00   2.4758240200E+00
H5         1.0          -2.6699826000E+00   2.2735241600E+00   4.3468460600E+00
H6         1.0          -5.3246971400E+00   7.7290606000E-01  -4.8453211300E+00
H7         1.0           2.4368798900E+00   7.1478768000E-01  -4.1616025500E+00
C8         6.0           3.9210072000E+00  -3.0080443700E+00  -2.8017835200E+00
H9         1.0           2.5357605000E+00  -3.9940593100E+00  -3.9910947300E+00
H10        1.0           5.7044137800E+00  -3.0612668800E+00  -3.8744829200E+00
C11        6.0           4.1799977600E+00  -1.8665889000E-01   2.1396392500E+00
H12        1.0           2.5728048800E+00  -5.1424011000E-01   3.4121324700E+00
C13        6.0           4.2315561400E+00  -4.3523290900E+00  -2.4597131000E-01
C14        6.0           5.6284275000E+00  -2.6596610500E+00   1.6490573000E+00
H15        1.0           5.2375123400E+00  -6.1435390400E+00  -5.0771546000E-01
H16        1.0           2.3554647900E+00  -4.8216732000E+00   5.0845128000E-01
H17        1.0           7.5134721300E+00  -2.2110341700E+00   9.0337349000E-01
H18        1.0           5.9187290800E+00  -3.6555832000E+00   3.4410775100E+00
N19        7.0           2.3134517000E+00   3.5370820100E+00  -1.9226673000E-01
O20        8.0           1.4832005400E+00   4.5338782000E+00  -2.1293592800E+00
O21        8.0           2.4250203100E+00   4.6003035900E+00   1.8774061900E+00
H22        1.0           5.3840629400E+00   1.1930706700E+00   3.1005139500E+00
C23        6.0          -4.3949290900E+00  -7.9447120000E-02   1.5932998100E+00
C24        6.0          -5.4988668500E+00  -2.9778907000E-01  -9.9136262000E-01
H25        1.0          -3.5933147600E+00   3.8498537000E+00   1.3698161300E+00
H26        1.0          -2.7742833300E+00   2.0348111600E+00  -2.8108204900E+00
C27        6.0          -4.3556270900E+00  -2.4369806700E+00   3.2142989000E+00
H28        1.0          -6.2717691400E+00  -3.1118374200E+00   3.6320243200E+00
H29        1.0          -3.3720656300E+00  -3.9977215600E+00   2.2619293100E+00
H30        1.0          -3.4087712800E+00  -2.0809254200E+00   5.0177004700E+00
C31        6.0          -7.8214859100E+00  -1.9405220000E+00  -1.2947755300E+00
H32        1.0          -7.4248817900E+00  -3.9261665500E+00  -8.4368105000E-01
H33        1.0          -9.3454874000E+00  -1.3337001800E+00  -2.3963170000E-02
H34        1.0          -8.5341443800E+00  -1.8643887200E+00  -3.2339749900E+00
 
Some Atomic Properties:
----------------------
  q(A) = Net Charge of Atom A
  L(A) = Lagrangian of Atom A = -(1/4) Times Atomic Integral of the Laplacian of the Electron Density
  K(A) = Electronic Kinetic Energy of Atom A (Hamiltonian Form)
  K_Scaled(A) = K(A) * E(Mol)/K(Mol) = Approximation to Virial-Based Total Energy of Atom A.
  |Mu_Intra(A)| = Magnitude of Intraatomic Dipole Moment of Atom A
--------------------------------------------------------------------------------------------------
Atom A          q(A)              L(A)              K(A)          K_Scaled(A)      |Mu_Intra(A)|
--------------------------------------------------------------------------------------------------
C1       -1.0325403800E-01  2.0436177544E-05  3.7720905949E+01 -3.8084135264E+01  1.3965644916E-01
C2       -1.2033007900E-02  1.5062095698E-04  3.7738053106E+01 -3.8101447537E+01  1.7839864029E-01
C3        2.1608754390E-01  1.0651118263E-04  3.7622161779E+01 -3.7984440247E+01  4.8635835689E-01
C4       -9.4891251500E-02  5.7560106020E-05  3.7719048181E+01 -3.8082259606E+01  1.2440364791E-01
H5        3.5177075400E-02  2.1831176150E-05  5.9728612305E-01 -6.0303762407E-01  1.5050836474E-01
H6        2.7504498410E-02  2.3225894107E-05  6.0007613777E-01 -6.0585450493E-01  1.5314842016E-01
H7        1.0214699342E-01  2.1852201835E-05  5.7748448569E-01 -5.8304530902E-01  1.3763696250E-01
C8        1.8029409100E-02 -2.5169441620E-04  3.7679081348E+01 -3.8041907917E+01  1.1998395852E-01
H9        2.9317842960E-02  2.3966757453E-05  6.0373143304E-01 -6.0954499846E-01  1.5115642699E-01
H10       2.6608840610E-02  2.8873328173E-05  6.0295988015E-01 -6.0876601599E-01  1.5307535018E-01
C11       3.7117435000E-02 -4.8411788489E-05  3.7683198814E+01 -3.8046065032E+01  1.6646612815E-01
H12       3.3428505890E-02  2.8814645390E-05  6.0253490882E-01 -6.0833695245E-01  1.4961485420E-01
C13       1.8980635600E-02 -4.3554672033E-04  3.7674169917E+01 -3.8036949193E+01  8.2329455386E-02
C14       2.0580049600E-02 -4.4288338917E-06  3.7673073626E+01 -3.8035842344E+01  7.7266942187E-02
H15       9.4593990700E-03  3.2810217256E-05  6.1286149417E-01 -6.1876297651E-01  1.5462178707E-01
H16       5.1517820500E-03  2.9308134553E-05  6.1434164614E-01 -6.2025738144E-01  1.5592527234E-01
H17       2.3920700400E-03  3.2708771618E-05  6.1579436115E-01 -6.2172408521E-01  1.5703368711E-01
H18       1.1687272600E-02  2.6243371079E-05  6.1228019237E-01 -6.1817607713E-01  1.5412571398E-01
N19       3.8350559830E-01 -3.8769159973E-04  5.3950366598E+01 -5.4469875718E+01  7.2093830776E-01
O20      -4.8806429550E-01  1.3043852331E-05  7.4826033625E+01 -7.5546562685E+01  3.0995350763E-01
O21      -4.7428618280E-01  2.3822518888E-05  7.4829084301E+01 -7.5549642737E+01  2.9742132473E-01
H22       5.1251199690E-02  3.1007768288E-05  5.9884526161E-01 -6.0461177618E-01  1.4525984457E-01
C23      -1.0543417800E-02 -3.3879558912E-04  3.7705235791E+01 -3.8068314212E+01  3.3354113516E-02
C24      -7.6193863000E-03 -3.6933853660E-04  3.7704186730E+01 -3.8067255049E+01  3.4161668460E-02
H25       5.5214867100E-02  3.0286920679E-05  5.9058575083E-01 -5.9627273135E-01  1.4389270040E-01
H26       6.2235275840E-02  1.0159999738E-05  5.8844658502E-01 -5.9411296669E-01  1.3076395499E-01
C27      -2.7008651100E-02 -2.4363885623E-04  3.7691991477E+01 -3.8054942363E+01  7.1731591206E-02
H28       1.9390302710E-02  1.6570205547E-05  6.0373872180E-01 -6.0955235741E-01  1.5164733678E-01
H29       1.0088059360E-02  2.2020859009E-05  6.0549120808E-01 -6.1132171907E-01  1.5665586657E-01
H30       1.6058134460E-02  2.6695979452E-05  6.0531912939E-01 -6.1114798337E-01  1.5380355856E-01
C31      -2.5737313400E-02  3.2728091718E-05  3.7692059760E+01 -3.8055011303E+01  7.5571725477E-02
H32       1.4669635490E-02  2.6859397915E-05  6.0548904324E-01 -6.1131953338E-01  1.5272893508E-01
H33       1.8266050470E-02  2.3327020027E-05  6.0285200265E-01 -6.0865709970E-01  1.5432922224E-01
H34       1.7660752060E-02  2.6343373655E-05  6.0493918050E-01 -6.1076437580E-01  1.5322284410E-01
--------------------------------------------------------------------------------------------------
Total    -1.4283151700E-03 -1.1919174326E-03  6.6735370855E+02 -6.7377991768E+02
 
1st Largest |L(A)| = 4.3554672033E-04, atom C13     
2nd Largest |L(A)| = 3.8769159973E-04, atom N19     
 
Molecular charge q(Mol) from the wfn file:   0.0000000000E+00
Molecular energy E(Mol) from the wfn file:  -6.7378000586E+02
Molecular virial ratio (-V(Mol)/T(Mol)) from the wfn file:   2.0096293900E+00
Note.  K_Scaled(A) = (1+V(Mol)/T(Mol))*K(A) = (E(Mol)/T(Mol))*K(A)
       Only use K_Scaled(A) data with caution.
 
N_AIMInt(SumA)     =        114.001428
N_Analytic(Mol)    =        113.999981
 
G_AIMInt(SumA)     =        667.354900
G_Analytic(Mol)    =        667.353751
 
K_AIMInt(SumA)     =        667.353709
K_Analytic(Mol)    =        667.353751
 
L_AIMInt(SumA)     =         -0.001192
L_Analytic(Mol)    =          0.000000
 
VenT_AIMInt(SumA)  =      -3579.837508
VenT_Analytic(Mol) =      -3579.808045
 
Some Information About the Atomic Calculations:
----------------------------------------------
  Time(sec) = "Elapsed User Time", in Seconds, for Atom A by AIMInt and, if used, by TWOe
  NProc = Number of Processors Used for AIMInt Job
  BIM = Basin Integration Method
  OAQ = Angular Quadrature Outside of Beta Sphere
  ORQ = Multiple of Default for Radial Quadrature Outside of Beta Sphere
  IAQ = Multiple of Default for Angular Quadrature Inside of Beta Sphere
  IRQ = Multiple of Default for Radial Quadrature Inside of Beta Sphere
  MIR = Maximum Integration Radius
------------------------------------------------------------------------------------------------------
Atom A     Time(sec)   NProc      BIM          OAQ                     ORQ      IAQ      IRQ      MIR
------------------------------------------------------------------------------------------------------
C1             35        8     Proaim(5)    4500(GS4)                  1.00     1.00     1.00    13.00
C2             48        8     Proaim(5)    4500(GS4)                  1.00     1.00     1.00    13.00
C3            107        8     Proaim(5)    4500(GS4)                  1.00     1.00     1.00    13.00
C4             64        8     Proaim(5)    4500(GS4)                  1.00     1.00     1.00    13.00
H5             10        8     Proaim(5)    1800(GS4)                  1.00     1.00     1.00    13.00
H6              8        8     Proaim(5)    1800(GS4)                  1.00     1.00     1.00    13.00
H7             12        8     Proaim(5)    1800(GS4)                  1.00     1.00     1.00    13.00
C8             33        8     Proaim(5)    4500(GS4)                  1.00     1.00     1.00    13.00
H9              8        8     Proaim(5)    1800(GS4)                  1.00     1.00     1.00    13.00
H10             8        8     Proaim(5)    1800(GS4)                  1.00     1.00     1.00    13.00
C11            95        8     Proaim(5)    4500(GS4)                  1.00     1.00     1.00    13.00
H12            42        8     Proaim(5)    1800(GS4)                  1.00     1.00     1.00    13.00
C13            34        8     Proaim(5)    4500(GS4)                  1.00     1.00     1.00    13.00
C14            35        8     Proaim(5)    4500(GS4)                  1.00     1.00     1.00    13.00
H15             7        8     Proaim(5)    1800(GS4)                  1.00     1.00     1.00    13.00
H16            18        8     Proaim(5)    4500(GS4)                  1.00     1.00     1.00    13.00
H17             8        8     Proaim(5)    1800(GS4)                  1.00     1.00     1.00    13.00
H18             7        8     Proaim(5)    1800(GS4)                  1.00     1.00     1.00    13.00
N19           120        8     Proaim(5)    4500(GS4)                  1.00     1.00     1.00    13.00
O20            38        8     Proaim(5)    4500(GS4)                  1.00     1.00     1.00    13.00
O21            77        8     Proaim(5)    4500(GS4)                  1.00     1.00     1.00    13.00
H22            10        8     Proaim(5)    1800(GS4)                  1.00     1.00     1.00    13.00
C23            55        8     Proaim(5)    4500(GS4)                  1.00     1.00     1.00    13.00
C24            47        8     Proaim(5)    4500(GS4)                  1.00     1.00     1.00    13.00
H25             9        8     Proaim(5)    1800(GS4)                  1.00     1.00     1.00    13.00
H26            22        8     Proaim(5)    4500(GS4)                  1.00     1.00     1.00    13.00
C27            44        8     Proaim(5)    4500(GS4)                  1.00     1.00     1.00    13.00
H28             8        8     Proaim(5)    1800(GS4)                  1.00     1.00     1.00    13.00
H29            18        8     Proaim(5)    4500(GS4)                  1.00     1.00     1.00    13.00
H30            11        8     Proaim(5)    1800(GS4)                  1.00     1.00     1.00    13.00
C31            34        8     Proaim(5)    4500(GS4)                  1.00     1.00     1.00    13.00
H32            10        8     Proaim(5)    1800(GS4)                  1.00     1.00     1.00    13.00
H33             7        8     Proaim(5)    1800(GS4)                  1.00     1.00     1.00    13.00
H34             8        8     Proaim(5)    1800(GS4)                  1.00     1.00     1.00    13.00
------------------------------------------------------------------------------------------------------
Total        1097
Note:  Total wall clock time is less than total of atomic times if more than one atom
       was calculated at a time
 
Electron Density Critical Point Analysis of Molecular Structure:               
---------------------------------------------------------------                
  NACP = Nuclear Attractor Critical Point                                      
  NNACP = Non-Nuclear Attractor Critical Point                                 
  BCP = Bond Critical Point                                                    
  RCP = Ring Critical Point                                                    
  CCP = Cage Critical Point                                                    
  Rho = Electron Density                                                       
  GradRho = Gradient of Electron Density                                       
  HessRho_EigVals = Eigenvalues of the Hessian of Rho, Ascending Order         
  HessRho_EigVecs = Eigenvectors of the Hessian of Rho                         
  DelSqRho = Laplacian of Rho = Trace of Hessian of Rho                        
  Bond Ellipticity = (HessRho_EigVal(1) / HessRho_EigVal(2)) - 1               
  V = Virial Field = Potential Energy Density = Trace of Stress Tensor         
  G = Lagrangian Form of Kinetic Energy Density                                
  K = Hamiltonian Form of Kinetic Energy Density                               
  L = K - G = Lagrangian Density = (-1/4)DelSqRho                              
  Vnuc = Electrostatic Potential from Nuclei                                   
  Ven = Electron-nuclear attractive contribution to Virial Field V             
  Vrep = V - Ven = Repulsive contribution to Virial Field V                    
  DelSqV = Laplacian of V                                                      
  DelSqVen = Laplacian of Ven                                                  
  DelSqVrep = Laplacian of Vrep                                                
  DelSqG = Laplacian of G                                                      
  DelSqK = Laplacian of K                                                      
  Stress_EigVals = Eigenvalues of Stress Tensor, Ascending Order               
  Stress_EigVecs = Eigenvectors of Stress Tensor                               
  -DivStress = Ehrenfest Force Density = Minus Divergence of Stress Tensor     
  ESP = Total Electrostatic Potential                                          
  ESPe = Electrostatic Potential from Electrons                                
  ESPn = Electrostatic Potential from Nuclei                                   
  BP = Bond Path                                                               
  BPL = Bond Path Length                                                       
  GBL = Geometric Bond Length                                                  
  GBL_I = Distance Between Nuclear Attractors                                  
  GBL_II = Distance Between Nuclei                                             
  GBL_III = Sum of Distances Between BCP and Nuclear Attractors                
  GBL_IV = Sum of Distances Between BCP and Nuclei                             

CP# 1      Coords = -4.47352671273403E+00  8.96370675357118E-01 -2.97862868016640E+00
           Type = (3,-3) NACP C1
           Rho =  1.1769416641E+02     Rho at Nucleus =  1.1769416634E+02
           GradRho = -3.2308739017E-11  7.8262230030E-11 -2.1138672063E-10
           HessRho_EigVals = -1.4503091973E+05 -1.4503008567E+05 -1.4502993048E+05
           HessRho_EigVec1 = -5.2029451871E-01  8.3550709254E-01  1.7669610100E-01
           HessRho_EigVec2 =  4.4736236639E-01  9.0413514752E-02  8.8977093091E-01
           HessRho_EigVec3 =  7.2743420798E-01  5.4199012414E-01 -4.2081608620E-01
           DelSqRho = -4.3509093589E+05
           Bond Ellipticity = NA
           V = -1.0878299243E+05
           G =  5.1292284218E+00
           K =  1.0877786320E+05
           L =  1.0877273397E+05
           Vnuc =  6.1274043736E+06
           Ven = -7.2115975004E+08
           Vrep =  7.2105096705E+08
           DelSqV =  2.4957121767E+09
           DelSqVen =  2.6659780035E+12
           DelSqVrep = -2.6634822913E+12
           DelSqG =  1.3406142701E+08
           DelSqK = -2.6297736037E+09
           Stress_EigVals = -3.6261226892E+04 -3.6261134785E+04 -3.6260630752E+04
           Stress_EigVec1 = -5.6265318428E-01 -5.1884614882E-01  6.4359930708E-01
           Stress_EigVec2 =  6.2451613906E-01  2.4333443253E-01  7.4213741720E-01
           Stress_EigVec3 = -5.4166501297E-01  8.1950413532E-01  1.8711490032E-01
           -DivStress = -5.4991412553E+00 -3.1436828869E+02  7.3341035789E+02
           ESP =  -1.4761769978E+01     ESP at Nucleus =  -1.4761769989E+01
           ESPe = -3.1427053480E+01     ESPe at Nucleus = -3.1427055077E+01
           ESPn =  1.6665283503E+01     ESPn at Nucleus =  1.6665285088E+01

CP# 2      Coords =  3.12734221398976E+00 -2.97548716776745E-01 -2.51690269364926E+00
           Type = (3,-3) NACP C2
           Rho =  1.1771830668E+02     Rho at Nucleus =  1.1771830657E+02
           GradRho =  1.6951187611E-10 -3.5846126904E-10  3.7061569268E-11
           HessRho_EigVals = -1.4505635340E+05 -1.4505475105E+05 -1.4505452711E+05
           HessRho_EigVec1 =  9.2993883484E-01  3.0877734809E-01 -1.9967551868E-01
           HessRho_EigVec2 = -2.2457103061E-01  9.0689229357E-01  3.5653081224E-01
           HessRho_EigVec3 =  2.9117282782E-01 -2.8671051110E-01  9.1269681010E-01
           DelSqRho = -4.3516563157E+05
           Bond Ellipticity = NA
           V = -1.0880167207E+05
           G =  5.1320891419E+00
           K =  1.0879653998E+05
           L =  1.0879140789E+05
           Vnuc =  4.9025098235E+06
           Ven = -5.7711515489E+08
           Vrep =  5.7700635321E+08
           DelSqV =  2.4961332589E+09
           DelSqVen =  2.1334040248E+12
           DelSqVrep = -2.1309078916E+12
           DelSqG =  1.3407917979E+08
           DelSqK = -2.6302124386E+09
           Stress_EigVals = -3.6267522690E+04 -3.6267410370E+04 -3.6266739010E+04
           Stress_EigVec1 =  2.1131648983E-01  3.3397752941E-03  9.7741198429E-01
           Stress_EigVec2 = -2.9675501887E-01  9.5300965337E-01  6.0902047233E-02
           Stress_EigVec3 =  9.3127965719E-01  3.0292151869E-01 -2.0237774981E-01
           -DivStress = -3.6180834925E+02  9.2188823822E+02 -1.4062337649E+02
           ESP =  -1.4709954220E+01     ESP at Nucleus =  -1.4709954224E+01
           ESPe = -3.4138863965E+01     ESPe at Nucleus = -3.4138863918E+01
           ESPn =  1.9428909745E+01     ESPn at Nucleus =  1.9428909694E+01

CP# 3      Coords =  3.22754124781021E+00  9.12249145866693E-01 -2.99314069839509E-01
           Type = (3,-3) NACP C3
           Rho =  1.1766181212E+02     Rho at Nucleus =  1.1766181028E+02
           GradRho =  6.6627756372E-12  6.4739045288E-13 -2.0359280397E-12
           HessRho_EigVals = -1.4497043984E+05 -1.4496947550E+05 -1.4496867556E+05
           HessRho_EigVec1 = -3.3037059371E-01  9.4343422099E-01 -2.8056041690E-02
           HessRho_EigVec2 =  9.2411573495E-01  3.1727289786E-01 -2.1295073771E-01
           HessRho_EigVec3 =  1.9200359169E-01  9.6279691234E-02  9.7666004415E-01
           DelSqRho = -4.3490859090E+05
           Bond Ellipticity = NA
           V = -1.0873745279E+05
           G =  5.1525346168E+00
           K =  1.0873230026E+05
           L =  1.0872714773E+05
           Vnuc =  1.1902412318E+06
           Ven = -1.4004594019E+08
           Vrep =  1.3993720274E+08
           DelSqV =  2.4946469961E+09
           DelSqVen =  5.1764613939E+11
           DelSqVrep = -5.1515149137E+11
           DelSqG =  1.3398411156E+08
           DelSqK = -2.6286311076E+09
           Stress_EigVals = -3.6246185740E+04 -3.6245662377E+04 -3.6245604677E+04
           Stress_EigVec1 =  1.7614829966E-01  1.5050972797E-01  9.7278908213E-01
           Stress_EigVec2 =  9.3026087341E-01  2.9766361416E-01 -2.1450193522E-01
           Stress_EigVec3 = -3.2184854192E-01  9.4273177235E-01 -8.7580371494E-02
           -DivStress =  1.2129642627E+03 -3.8168479973E+03 -8.2964548485E+02
           ESP =  -1.4684813107E+01     ESP at Nucleus =  -1.4684813257E+01
           ESPe = -3.5980955657E+01     ESPe at Nucleus = -3.5980955014E+01
           ESPn =  2.1296142550E+01     ESPn at Nucleus =  2.1296141756E+01

CP# 4      Coords = -3.50470891063318E+00  2.12439135579398E+00  2.47582445973381E+00
           Type = (3,-3) NACP C4
           Rho =  1.1769602787E+02     Rho at Nucleus =  1.1769602781E+02
           GradRho =  9.8984737074E-11  1.1105148051E-10  5.2666260242E-11
           HessRho_EigVals = -1.4503293237E+05 -1.4503205806E+05 -1.4503193450E+05
           HessRho_EigVec1 =  9.0127163015E-01 -1.6791363482E-01 -3.9939261377E-01
           HessRho_EigVec2 =  3.8828112766E-01 -9.5941094827E-02  9.1653318119E-01
           HessRho_EigVec3 =  1.9221658252E-01  9.8112196875E-01  2.1271291456E-02
           DelSqRho = -4.3509692493E+05
           Bond Ellipticity = NA
           V = -1.0878449236E+05
           G =  5.1305655002E+00
           K =  1.0877936180E+05
           L =  1.0877423123E+05
           Vnuc =  6.8627224882E+06
           Ven = -8.0771517724E+08
           Vrep =  8.0760639274E+08
           DelSqV =  2.4957460860E+09
           DelSqVen =  2.9859491676E+12
           DelSqVrep = -2.9834534215E+12
           DelSqG =  1.3406295799E+08
           DelSqK = -2.6298090440E+09
           Stress_EigVals = -3.6261727141E+04 -3.6261638699E+04 -3.6261126522E+04
           Stress_EigVec1 =  2.9334023947E-01  9.2690253581E-01  2.3410081806E-01
           Stress_EigVec2 =  3.1759224190E-01 -3.2544881113E-01  8.9062800271E-01
           Stress_EigVec3 =  9.0171318710E-01 -1.8690842796E-01 -3.8984428657E-01
           -DivStress = -3.9653794823E+02 -4.7032813661E+02 -3.5890447074E+02
           ESP =  -1.4761031060E+01     ESP at Nucleus =  -1.4761031070E+01
           ESPe = -3.2111931094E+01     ESPe at Nucleus = -3.2111932122E+01
           ESPn =  1.7350900034E+01     ESPn at Nucleus =  1.7350901052E+01

CP# 5      Coords = -2.68413609752642E+00  2.27086802240813E+00  4.31526267663638E+00
           Type = (3,-3) NACP H5
           Rho =  4.2597938935E-01     Rho at Nucleus =  4.2233306441E-01
           GradRho = -8.5806475206E-11 -1.6052473695E-11 -1.9154578043E-10
           HessRho_EigVals = -6.4931247388E+00 -6.4867201872E+00 -5.8974899830E+00
           HessRho_EigVec1 =  1.8402726474E-01  9.6935143620E-01 -1.6276289190E-01
           HessRho_EigVec2 =  8.9460773122E-01 -2.3378056997E-01 -3.8081971108E-01
           HessRho_EigVec3 =  4.0719893550E-01  7.5527731661E-02  9.1021128793E-01
           DelSqRho = -1.8877334909E+01
           Bond Ellipticity = NA
           V = -4.7289130988E+00
           G =  4.7896857852E-03
           K =  4.7241234130E+00
           L =  4.7193337273E+00
           Vnuc =  4.6404501732E+01
           Ven = -1.9767361311E+01
           Vrep =  1.5038448212E+01
           DelSqV =  7.1114392212E+02
           DelSqVen =  8.7599332083E+02
           DelSqVrep = -1.6484939870E+02
           DelSqG =  7.0063592192E+01
           DelSqK = -7.8120751432E+02
           Stress_EigVals = -1.6265973109E+00 -1.6262107561E+00 -1.4761050318E+00
           Stress_EigVec1 =  8.8354369581E-02  9.8845350066E-01 -1.2309826323E-01
           Stress_EigVec2 =  9.0898256781E-01 -1.3055000528E-01 -3.9586283930E-01
           Stress_EigVec3 =  4.0736248821E-01  7.6917963795E-02  9.1002166460E-01
           -DivStress =  3.2044861345E+00  6.0242936787E-01  7.1498015962E+00
           ESP =  -1.1203129482E+00     ESP at Nucleus =  -1.1227465285E+00
           ESPe = -1.8715899742E+01     ESPe at Nucleus = -1.8632228755E+01
           ESPn =  1.7595586794E+01     ESPn at Nucleus =  1.7509482227E+01

CP# 6      Coords = -5.31044059133968E+00  7.74917594500380E-01 -4.81402119823619E+00
           Type = (3,-3) NACP H6
           Rho =  4.2634556292E-01     Rho at Nucleus =  4.2274838895E-01
           GradRho =  3.9577563015E-11  5.5903172716E-12  8.6877353076E-11
           HessRho_EigVals = -6.4992268967E+00 -6.4929707611E+00 -5.9080958329E+00
           HessRho_EigVec1 =  7.0221211978E-01  6.1470858232E-01 -3.5920954561E-01
           HessRho_EigVec2 =  5.7955354760E-01 -7.8657891755E-01 -2.1309925371E-01
           HessRho_EigVec3 =  4.1354059570E-01  5.8540287823E-02  9.0860178869E-01
           DelSqRho = -1.8900293491E+01
           Bond Ellipticity = NA
           V = -4.7347493043E+00
           G =  4.8379657985E-03
           K =  4.7299113385E+00
           L =  4.7250733727E+00
           Vnuc =  4.5065884848E+01
           Ven = -1.9213640044E+01
           Vrep =  1.4478890740E+01
           DelSqV =  7.1224407132E+02
           DelSqVen =  8.5175845020E+02
           DelSqVrep = -1.3951437888E+02
           DelSqG =  7.0167594879E+01
           DelSqK = -7.8241166620E+02
           Stress_EigVals = -1.6281656779E+00 -1.6277994817E+00 -1.4787841446E+00
           Stress_EigVec1 =  7.6748720788E-01  5.1557329310E-01 -3.8098236860E-01
           Stress_EigVec2 = -4.9075733620E-01  8.5489232169E-01  1.6827464240E-01
           Stress_EigVec3 =  4.1245681314E-01  5.7821256905E-02  9.0914029695E-01
           -DivStress = -3.2306448351E+00 -4.5537828638E-01 -7.0948897823E+00
           ESP =  -1.1200586875E+00     ESP at Nucleus =  -1.1224676364E+00
           ESPe = -1.7160552216E+01     ESPe at Nucleus = -1.7067718968E+01
           ESPn =  1.6040493529E+01     ESPn at Nucleus =  1.5945251332E+01

CP# 7      Coords =  2.44930157117881E+00  6.96315535722321E-01 -4.13251212921273E+00
           Type = (3,-3) NACP H7
           Rho =  4.2186380003E-01     Rho at Nucleus =  4.1786174830E-01
           GradRho =  6.4986332830E-15 -1.0433521451E-14  1.9441869311E-14
           HessRho_EigVals = -6.4262420798E+00 -6.4208345768E+00 -5.7945954526E+00
           HessRho_EigVec1 = -1.0888403309E-01  8.2006615309E-01  5.6181471314E-01
           HessRho_EigVec2 = -9.3467925137E-01 -2.7686365919E-01  2.2298253580E-01
           HessRho_EigVec3 =  3.3840650761E-01 -5.0083731768E-01  7.9664484987E-01
           DelSqRho = -1.8641672109E+01
           Bond Ellipticity = NA
           V = -4.6698577341E+00
           G =  4.7198534096E-03
           K =  4.6651378807E+00
           L =  4.6604180273E+00
           Vnuc =  4.6454269561E+01
           Ven = -1.9597374685E+01
           Vrep =  1.4927516950E+01
           DelSqV =  7.0055831540E+02
           DelSqVen =  8.6598526122E+02
           DelSqVrep = -1.6542694582E+02
           DelSqG =  6.9018149746E+01
           DelSqK = -7.6957646515E+02
           Stress_EigVals = -1.6101197492E+00 -1.6090070457E+00 -1.4507309393E+00
           Stress_EigVec1 = -9.7380546502E-02  8.2471133541E-01  5.5710702958E-01
           Stress_EigVec2 = -9.3613613377E-01 -2.6594182042E-01  2.3005235753E-01
           Stress_EigVec3 =  3.3788484461E-01 -4.9912539647E-01  7.9793964082E-01
           -DivStress = -2.7767011214E+00  4.1307053737E+00 -6.5022814519E+00
           ESP =  -1.0824332020E+00     ESP at Nucleus =  -1.0851372191E+00
           ESPe = -2.0236817471E+01     ESPe at Nucleus = -2.0140732594E+01
           ESPn =  1.9154384269E+01     ESPn at Nucleus =  1.9055595375E+01

CP# 8      Coords =  3.92100694965595E+00 -3.00804307569633E+00 -2.80178306565409E+00
           Type = (3,-3) NACP C8
           Rho =  1.1753108197E+02     Rho at Nucleus =  1.1753108183E+02
           GradRho = -8.5594367115E-11  5.8609016800E-10  2.0860147226E-10
           HessRho_EigVals = -1.4482805869E+05 -1.4482776891E+05 -1.4482764429E+05
           HessRho_EigVec1 = -2.1752174017E-01  9.7580525065E-01 -2.2099894808E-02
           HessRho_EigVec2 = -4.6154987418E-01 -8.2883091337E-02  8.8323389134E-01
           HessRho_EigVec3 =  8.6003256113E-01  2.0232277669E-01  4.6841166492E-01
           DelSqRho = -4.3448347189E+05
           Bond Ellipticity = NA
           V = -1.0863128476E+05
           G =  5.2083934751E+00
           K =  1.0862607637E+05
           L =  1.0862086797E+05
           Vnuc =  4.3029732776E+06
           Ven = -5.0573310502E+08
           Vrep =  5.0562447373E+08
           DelSqV =  2.4922441332E+09
           DelSqVen =  1.8695708672E+12
           DelSqVrep = -1.8670786231E+12
           DelSqG =  1.3387213623E+08
           DelSqK = -2.6261162694E+09
           Stress_EigVals = -3.6210491298E+04 -3.6210447956E+04 -3.6210345505E+04
           Stress_EigVec1 =  8.7138963496E-01  2.8104591750E-01  4.0211104977E-01
           Stress_EigVec2 = -4.3697109988E-01  7.2033537289E-02  8.9658654204E-01
           Stress_EigVec3 = -2.2301650603E-01  9.5698712727E-01 -1.8557822145E-01
           -DivStress =  2.0346805323E+02 -1.0474991349E+03 -3.7063083482E+02
           ESP =  -1.4713564832E+01     ESP at Nucleus =  -1.4713564838E+01
           ESPe = -3.2096644146E+01     ESPe at Nucleus = -3.2096642054E+01
           ESPn =  1.7383079315E+01     ESPn at Nucleus =  1.7383077217E+01

CP# 9      Coords =  2.55819433464875E+00 -3.97794277117046E+00 -3.97169108303536E+00
           Type = (3,-3) NACP H9
           Rho =  4.2424457061E-01     Rho at Nucleus =  4.2080558369E-01
           GradRho =  2.2509934140E-09  1.6176640139E-09  1.9470117187E-09
           HessRho_EigVals = -6.4603923191E+00 -6.4585739586E+00 -5.8897226644E+00
           HessRho_EigVec1 = -1.1518817835E-01  8.2508263307E-01 -5.5314585073E-01
           HessRho_EigVec2 = -7.3854022464E-01  3.0125944354E-01  6.0315925282E-01
           HessRho_EigVec3 =  6.6429663567E-01  4.7799727644E-01  5.7465518666E-01
           DelSqRho = -1.8808688942E+01
           Bond Ellipticity = NA
           V = -4.7119268457E+00
           G =  4.8773051121E-03
           K =  4.7070495406E+00
           L =  4.7021722355E+00
           Vnuc =  4.6801620579E+01
           Ven = -1.9855333426E+01
           Vrep =  1.5143406581E+01
           DelSqV =  7.0918318388E+02
           DelSqVen =  8.8027712938E+02
           DelSqVrep = -1.7109394550E+02
           DelSqG =  6.9839639393E+01
           DelSqK = -7.7902282327E+02
           Stress_EigVals = -1.6188122937E+00 -1.6185497960E+00 -1.4745647560E+00
           Stress_EigVec1 =  1.1765310095E-01  6.9207266058E-01 -7.1217496468E-01
           Stress_EigVec2 = -7.3827355987E-01  5.4059548188E-01  4.0337163480E-01
           Stress_EigVec3 =  6.6416104871E-01  4.7832202275E-01  5.7454168162E-01
           -DivStress = -5.0562106822E+00 -3.6328736975E+00 -4.3739365504E+00
           ESP =  -1.0977631299E+00     ESP at Nucleus =  -1.1000190366E+00
           ESPe = -1.8275719191E+01     ESPe at Nucleus = -1.8189326342E+01
           ESPn =  1.7177956061E+01     ESPn at Nucleus =  1.7089307306E+01

CP# 10     Coords =  5.67599532703615E+00 -3.06033449950684E+00 -3.85726496791505E+00
           Type = (3,-3) NACP H10
           Rho =  4.2220278640E-01     Rho at Nucleus =  4.1887640049E-01
           GradRho = -4.3962823142E-15  1.2241390299E-15  1.1661241286E-15
           HessRho_EigVals = -6.4381796540E+00 -6.4359645590E+00 -5.8796465266E+00
           HessRho_EigVec1 = -2.7395906378E-01  8.2290431902E-01 -4.9776993995E-01
           HessRho_EigVec2 =  4.4090603962E-01  5.6744182660E-01  6.9542191341E-01
           HessRho_EigVec3 =  8.5472118004E-01 -2.8952636537E-02 -5.1827931585E-01
           DelSqRho = -1.8753790740E+01
           Bond Ellipticity = NA
           V = -4.6983370322E+00
           G =  4.9446736504E-03
           K =  4.6933923586E+00
           L =  4.6884476849E+00
           Vnuc =  4.6748517700E+01
           Ven = -1.9737354433E+01
           Vrep =  1.5039017401E+01
           DelSqV =  7.0768560458E+02
           DelSqVen =  8.7671191834E+02
           DelSqVrep = -1.6902631375E+02
           DelSqG =  6.9770493042E+01
           DelSqK = -7.7745609763E+02
           Stress_EigVals = -1.6132109782E+00 -1.6129046512E+00 -1.4722214028E+00
           Stress_EigVec1 = -2.9362432708E-01  7.9649173224E-01 -5.2856946092E-01
           Stress_EigVec2 =  4.2793942443E-01  6.0396463900E-01  6.7237977651E-01
           Stress_EigVec3 =  8.5478219657E-01 -2.8768651463E-02 -5.1818892416E-01
           -DivStress =  6.3870794961E+00 -2.0903565294E-01 -3.8706143614E+00
           ESP =  -1.0946379123E+00     ESP at Nucleus =  -1.0968258450E+00
           ESPe = -1.7759438110E+01     ESPe at Nucleus = -1.7665753724E+01
           ESPn =  1.6664800198E+01     ESPn at Nucleus =  1.6568927879E+01

CP# 11     Coords =  4.17999736465119E+00 -1.86659028258351E-01  2.13963719118886E+00
           Type = (3,-3) NACP C11
           Rho =  1.1753665584E+02     Rho at Nucleus =  1.1753665552E+02
           GradRho = -4.6669552424E-10 -1.2101350000E-10 -2.0636873797E-09
           HessRho_EigVals = -1.4483790349E+05 -1.4483740941E+05 -1.4483721438E+05
           HessRho_EigVec1 =  4.1130403001E-01 -5.1155872716E-01  7.5441146834E-01
           HessRho_EigVec2 = -6.4423902155E-01  4.2235310328E-01  6.3763150742E-01
           HessRho_EigVec3 =  6.4481398714E-01  7.4828171488E-01  1.5585056038E-01
           DelSqRho = -4.3451252727E+05
           Bond Ellipticity = NA
           V = -1.0863859551E+05
           G =  5.2318438877E+00
           K =  1.0863336366E+05
           L =  1.0862813182E+05
           Vnuc =  2.8558282987E+06
           Ven = -3.3566450788E+08
           Vrep =  3.3555586929E+08
           DelSqV =  2.4924138083E+09
           DelSqVen =  1.2408931942E+12
           DelSqVrep = -1.2384007804E+12
           DelSqG =  1.3388381937E+08
           DelSqK = -2.6262976277E+09
           Stress_EigVals = -3.6212961956E+04 -3.6212893039E+04 -3.6212740510E+04
           Stress_EigVec1 =  7.1032448745E-01  6.9248319806E-01  1.2611955806E-01
           Stress_EigVec2 = -5.4138783252E-01  4.2300033090E-01  7.2661539679E-01
           Stress_EigVec3 =  4.4982033894E-01 -5.8441230348E-01  6.7536947089E-01
           -DivStress =  3.1706051944E+02  1.1679232059E+02  1.6674948334E+03
           ESP =  -1.4720870031E+01     ESP at Nucleus =  -1.4720870047E+01
           ESPe = -3.3652858497E+01     ESPe at Nucleus = -3.3652855236E+01
           ESPn =  1.8931988466E+01     ESPn at Nucleus =  1.8931985188E+01

CP# 12     Coords =  2.59895607950757E+00 -5.09190392837306E-01  3.39125932085532E+00
           Type = (3,-3) NACP H12
           Rho =  4.2406063134E-01     Rho at Nucleus =  4.2060519572E-01
           GradRho =  9.1933567963E-16  2.9586547181E-16 -1.3022623344E-15
           HessRho_EigVals = -6.4604310302E+00 -6.4589991565E+00 -5.8884528149E+00
           HessRho_EigVec1 = -4.6375899997E-01  7.9897131874E-01 -3.8284777885E-01
           HessRho_EigVec2 =  4.3524217366E-01  5.8184573229E-01  6.8703696705E-01
           HessRho_EigVec3 =  7.7168117782E-01  1.5198807733E-01 -6.1758220841E-01
           DelSqRho = -1.8807883001E+01
           Bond Ellipticity = NA
           V = -4.7118159936E+00
           G =  4.9226216326E-03
           K =  4.7068933720E+00
           L =  4.7019707504E+00
           Vnuc =  4.9176458999E+01
           Ven = -2.0853800250E+01
           Vrep =  1.6141984256E+01
           DelSqV =  7.0913296869E+02
           DelSqVen =  9.2490508728E+02
           DelSqVrep = -2.1577211859E+02
           DelSqG =  6.9876569146E+01
           DelSqK = -7.7900953783E+02
           Stress_EigVals = -1.6187713414E+00 -1.6186355828E+00 -1.4744090694E+00
           Stress_EigVec1 = -4.3157138229E-01  8.3827496511E-01 -3.3322848747E-01
           Stress_EigVec2 =  4.6689301914E-01  5.2364470166E-01  7.1260587641E-01
           Stress_EigVec3 =  7.7185299809E-01  1.5195824853E-01 -6.1737479705E-01
           -DivStress = -5.8951788941E+00 -1.1369209110E+00  4.7037539916E+00
           ESP =  -1.1068320182E+00     ESP at Nucleus =  -1.1090799459E+00
           ESPe = -2.0731529841E+01     ESPe at Nucleus = -2.0655164305E+01
           ESPn =  1.9624697822E+01     ESPn at Nucleus =  1.9546084359E+01

CP# 13     Coords =  4.23155639926449E+00 -4.35232815129749E+00 -2.45971914026301E-01
           Type = (3,-3) NACP C13
           Rho =  1.1753811718E+02     Rho at Nucleus =  1.1753811709E+02
           GradRho =  9.5569363587E-11  3.0731585135E-10 -1.7680986020E-10
           HessRho_EigVals = -1.4483786879E+05 -1.4483767763E+05 -1.4483744951E+05
           HessRho_EigVec1 =  1.5884017638E-01 -2.9932761617E-01  9.4083621134E-01
           HessRho_EigVec2 =  5.2769282127E-01  8.3114178966E-01  1.7533856352E-01
           HessRho_EigVec3 =  8.3445196671E-01 -4.6862170636E-01 -2.8997174273E-01
           DelSqRho = -4.3451299593E+05
           Bond Ellipticity = NA
           V = -1.0863860262E+05
           G =  5.1768196946E+00
           K =  1.0863342580E+05
           L =  1.0862824898E+05
           Vnuc =  5.2357941084E+06
           Ven = -6.1540538145E+08
           Vrep =  6.1529674285E+08
           DelSqV =  2.4924131024E+09
           DelSqVen =  2.2750202757E+12
           DelSqVrep = -2.2725278626E+12
           DelSqG =  1.3388240522E+08
           DelSqK = -2.6262955076E+09
           Stress_EigVals = -3.6212950835E+04 -3.6212869577E+04 -3.6212782210E+04
           Stress_EigVec1 =  8.0966128427E-01 -5.0903183418E-01 -2.9212188644E-01
           Stress_EigVec2 =  5.2459683820E-01  8.5086812473E-01 -2.8663420394E-02
           Stress_EigVec3 =  2.6314779516E-01 -1.3003855622E-01  9.5595146937E-01
           -DivStress = -2.1286612211E+02 -7.6191642841E+02  4.9101716389E+02
           ESP =  -1.4724325669E+01     ESP at Nucleus =  -1.4724325671E+01
           ESPe = -3.1826884170E+01     ESPe at Nucleus = -3.1826882610E+01
           ESPn =  1.7102558502E+01     ESPn at Nucleus =  1.7102556940E+01

CP# 14     Coords =  5.62842655576706E+00 -2.65966056242067E+00  1.64905696851435E+00
           Type = (3,-3) NACP C14
           Rho =  1.1754003248E+02     Rho at Nucleus =  1.1754003239E+02
