AIMSum (Version 19.02.13, Professional)
Copyright (c) 1997-2019 by Todd A. Keith
AIMSum is a component of the AIMAll package ( http://aim.tkgristmill.com )

TP:  64-bit Linux

Much of the Quantum Theory of Atoms in Molecules (QTAIM) is described in the book:
  "Atoms in Molecules - A Quantum Theory"
  R.F.W. Bader, Oxford University Press, Oxford, 1990

For additional references see:  http://aim.tkgristmill.com/references.html

Wfn File:  /home/mhennefarth/Documents/ML_Diels/summary-paton2010/20-opt/20-opt.wfn
Sum File:  /home/mhennefarth/Documents/ML_Diels/summary-paton2010/20-opt/20-opt.sum

SumViz File:  /home/mhennefarth/Documents/ML_Diels/summary-paton2010/20-opt/20-opt.sumviz

Wfn Title:   Title Card Required                                                           
 
Total memory allocated for AIMSum =        2.855 Megabytes

Atomic units (a.u.) used throughout, except where stated otherwise

Model:  Restricted SCF
 
Restricted, closed-shell, single-determinant wavefunction.
  Number of electrons (from MO Occs)                   =         164.0000000000
  Number of Alpha electrons (from MO Occs)             =          82.0000000000
  Number of Beta electrons (from MO Occs)              =          82.0000000000
  Number of electron pairs (N*(N-1)/2)                 =       13366.0000000000
  Number of electron pairs (from Muller 2EDM)          =       13366.0000000000
 
Nuclear Charges and Cartesian Coordinates:
-------------------------------------------------------------------------------
Atom      Charge                X                  Y                  Z
-------------------------------------------------------------------------------
C1         6.0          -4.9610845900E+00   5.1176393300E+00   2.6338068300E+00
C2         6.0          -4.7244480500E+00  -3.5068068900E+00  -2.1430861800E+00
C3         6.0          -3.2357639300E+00  -2.7837339000E+00  -2.2782848000E-01
C4         6.0          -2.7942259300E+00   5.1020452000E+00   1.3001569900E+00
H5         1.0          -4.9460067600E+00   5.3363923600E+00   4.6755037100E+00
H6         1.0          -6.8072997700E+00   4.9501109500E+00   1.7572429600E+00
H7         1.0          -3.9401696900E+00  -3.5651480900E+00  -4.0381100000E+00
C8         6.0          -7.4421825400E+00  -4.2234109000E+00  -1.7533830000E+00
H9         1.0          -8.5839441700E+00  -3.3913667300E+00  -3.2731497300E+00
H10        1.0          -7.6139659900E+00  -6.2828819500E+00  -2.0049794100E+00
C11        6.0          -4.0020118200E+00  -2.6318445100E+00   2.5030419300E+00
H12        1.0          -4.1688101800E+00  -6.3526104000E-01   3.0475965800E+00
C13        6.0          -8.4416649100E+00  -3.4268360100E+00   8.5434935000E-01
C14        6.0          -6.5129016800E+00  -4.0357192500E+00   2.9315433600E+00
H15        1.0          -1.0246748750E+01  -4.3676867500E+00   1.2335189100E+00
H16        1.0          -8.8179230500E+00  -1.3857835300E+00   8.4634299000E-01
H17        1.0          -6.1598138600E+00  -6.0813791300E+00   2.9591661000E+00
H18        1.0          -7.2666408800E+00  -3.5356407100E+00   4.7934470500E+00
N19        7.0          -6.3717631000E-01  -2.0294002400E+00  -8.2992375000E-01
O20        8.0           1.1351288000E-01  -2.0801552700E+00  -3.0226659400E+00
O21        8.0           6.9185790000E-01  -1.3406532400E+00   9.7996754000E-01
H22        1.0          -2.5079112300E+00  -3.4257146200E+00   3.6924018700E+00
C23        6.0          -2.7874265800E+00   4.8402349700E+00  -1.4915247000E+00
C24        6.0          -6.2184088000E-01   4.6648176200E+00  -2.8106476700E+00
H25        1.0          -6.5283828000E-01   4.4731882700E+00  -4.8550725800E+00
H26        1.0           1.2331325700E+00   4.6685470300E+00  -1.9387382000E+00
C27        6.0          -2.8669601000E-01   5.3963616400E+00   2.6397901400E+00
H28        1.0           9.8260515000E-01   3.8083680700E+00   2.2538757200E+00
H29        1.0           6.9450871000E-01   7.1083458600E+00   2.0040854500E+00
H30        1.0          -5.5862021000E-01   5.5332309400E+00   4.6846229800E+00
C31        6.0          -5.3001491600E+00   4.7739526200E+00  -2.8562475000E+00
H32        1.0          -6.4542303400E+00   3.1571833300E+00  -2.2563453900E+00
H33        1.0          -6.4163221500E+00   6.4803552600E+00  -2.4808840400E+00
H34        1.0          -5.0217278300E+00   4.6276961600E+00  -4.8988789800E+00
H35        1.0           3.6019619400E+00   4.2670241000E-01  -2.9848545000E-01
O36        8.0           4.9057549300E+00   1.7340167200E+00  -3.7399462000E-01
C37        6.0           6.8698201600E+00   1.0318637200E+00   1.2618820900E+00
H38        1.0           6.1969376900E+00   4.1572420000E-01   3.1286424600E+00
H39        1.0           8.1043848200E+00   2.6688713600E+00   1.5259754700E+00
C40        6.0           8.4718382400E+00  -1.1024463700E+00   1.8804697000E-01
F41        9.0           7.0639767800E+00  -3.1909953800E+00  -2.4125223000E-01
F42        9.0           9.5901741600E+00  -4.6644543000E-01  -2.0039840900E+00
F43        9.0           1.0316193130E+01  -1.7403837700E+00   1.8458842300E+00
 
Some Atomic Properties:
----------------------
  q(A) = Net Charge of Atom A
  L(A) = Lagrangian of Atom A = -(1/4) Times Atomic Integral of the Laplacian of the Electron Density
  K(A) = Electronic Kinetic Energy of Atom A (Hamiltonian Form)
  K_Scaled(A) = K(A) * E(Mol)/K(Mol) = Approximation to Virial-Based Total Energy of Atom A.
  |Mu_Intra(A)| = Magnitude of Intraatomic Dipole Moment of Atom A
--------------------------------------------------------------------------------------------------
Atom A          q(A)              L(A)              K(A)          K_Scaled(A)      |Mu_Intra(A)|
--------------------------------------------------------------------------------------------------
C1       -1.2720472880E-01 -7.2857374043E-05  3.7727139076E+01 -3.8054561597E+01  1.1127140885E-01
C2       -1.0713867500E-02 -1.2987851591E-04  3.7737394153E+01 -3.8064905676E+01  1.8341709905E-01
C3        2.2530919570E-01 -1.5815908746E-04  3.7612515972E+01 -3.7938943714E+01  5.1238510352E-01
C4        4.0863270000E-03  2.2476246672E-04  3.7694303816E+01 -3.8021441370E+01  1.9629728783E-02
H5        3.1504924730E-02  2.1943678890E-05  5.9895874254E-01 -6.0415692577E-01  1.5268044965E-01
H6        2.9378296280E-02  4.5958095425E-05  6.0262171411E-01 -6.0785168718E-01  1.4755488357E-01
H7        1.0529125949E-01  3.1521159427E-05  5.7618276702E-01 -5.8118328440E-01  1.3669336015E-01
C8        1.7054582300E-02 -2.3540511133E-04  3.7680448946E+01 -3.8007466258E+01  1.2711579864E-01
H9        3.1261117000E-02  2.5061170667E-05  6.0280547431E-01 -6.0803704218E-01  1.5058137068E-01
H10       3.1909594930E-02  3.1097234356E-05  6.0064494346E-01 -6.0585776073E-01  1.5172685781E-01
C11       3.2808950900E-02 -2.8033335323E-04  3.7685886566E+01 -3.8012951070E+01  1.8276228457E-01
H12       5.0530282380E-02  2.3454568252E-05  5.9481003967E-01 -5.9997221756E-01  1.4534401432E-01
C13       1.9962183400E-02 -3.8130830444E-06  3.7674529515E+01 -3.8001495454E+01  8.5863060384E-02
C14       2.1371949000E-02  2.7302584313E-04  3.7672983947E+01 -3.7999936473E+01  8.0192881888E-02
H15       1.2779847010E-02  1.9544099374E-05  6.1158550620E-01 -6.1689327334E-01  1.5368575464E-01
H16       7.6543770000E-03  2.6979912321E-05  6.1327652716E-01 -6.1859897015E-01  1.5526882061E-01
H17       3.3399156100E-03  3.1345917742E-05  6.1545689846E-01 -6.2079826424E-01  1.5672955532E-01
H18       1.5776176960E-02  2.7022856213E-05  6.1077151636E-01 -6.1607221912E-01  1.5303098757E-01
N19       3.7124535610E-01  1.7170202156E-04  5.3962381014E+01 -5.4430704330E+01  7.4987031179E-01
O20      -4.5907549310E-01  4.6606555717E-05  7.4822708091E+01 -7.5472071928E+01  2.9245554303E-01
O21      -5.0980388710E-01  1.5197577402E-04  7.4831590846E+01 -7.5481031773E+01  3.0770728076E-01
H22       5.0744926800E-02  3.0175968086E-05  5.9902135496E-01 -6.0422008159E-01  1.4479662697E-01
C23      -5.1603125000E-03 -2.9494684604E-05  3.7697692976E+01 -3.8024859944E+01  1.9795189930E-02
C24      -1.0441261830E-01 -5.2440412454E-06  3.7729883348E+01 -3.8057329686E+01  1.2850319910E-01
H25       3.5588271170E-02  2.2325896273E-05  5.9810318999E-01 -6.0329394815E-01  1.5064525698E-01
H26       7.7112125010E-02  5.0202756668E-05  5.8561720820E-01 -5.9069960426E-01  1.2644784518E-01
C27      -2.6947742000E-02 -1.2235552153E-04  3.7700125675E+01 -3.8027313756E+01  1.0520664728E-01
H28       5.0174135120E-02  2.1887249545E-05  5.9477863292E-01 -5.9994053825E-01  1.3018948219E-01
H29       2.3017616170E-02  2.6465926497E-05  6.0156984607E-01 -6.0679069030E-01  1.5353168050E-01
H30       9.3085179700E-03  2.5989838260E-05  6.0858651370E-01 -6.1386825347E-01  1.5504727770E-01
C31      -2.3137862300E-02 -4.7101290974E-05  3.7693309003E+01 -3.8020437924E+01  8.0422316536E-02
H32       5.6250562800E-03  3.6178823441E-05  6.0828948983E-01 -6.1356865182E-01  1.5621227712E-01
H33       1.8904708670E-02  2.4326765858E-05  6.0348020682E-01 -6.0871763049E-01  1.5457103150E-01
H34       1.6250462560E-02  2.5515161726E-05  6.0608141469E-01 -6.1134141346E-01  1.5357032561E-01
H35       5.9333957643E-01  1.0411642417E-04  3.4808376403E-01 -3.5110467860E-01  1.4270916843E-01
O36      -1.1199757068E+00 -1.3051503068E-04  7.5148299489E+01 -7.5800489036E+01  1.6796942771E-01
C37       5.9545959250E-01 -3.2778321772E-04  3.7382678220E+01 -3.7707111269E+01  5.9433746812E-01
H38       3.5823527020E-02  3.1420428114E-05  6.0621333710E-01 -6.1147448079E-01  1.5449972097E-01
H39       5.2030621550E-02  3.8010912063E-05  6.0195645212E-01 -6.0718065158E-01  1.4746626745E-01
C40       1.7219446158E+00 -1.1147819682E-05  3.6532656320E+01 -3.6849712284E+01  8.4465536710E-01
F41      -6.3734598560E-01  6.9275872151E-05  9.9625713984E+01 -1.0049033567E+02  3.1793859685E-01
F42      -6.3542382720E-01  4.9114964401E-05  9.9635063509E+01 -1.0049976633E+02  3.2973180150E-01
F43      -6.3730441710E-01  6.7894371412E-05  9.9624712052E+01 -1.0048932504E+02  3.1483492511E-01
--------------------------------------------------------------------------------------------------
Total     8.1640540001E-05  2.2081458103E-04  1.1168609121E+03 -1.1265538128E+03
 
1st Largest |L(A)| = 3.2778321772E-04, atom C37     
2nd Largest |L(A)| = 2.8033335323E-04, atom C11     
 
Molecular charge q(Mol) from the wfn file:   0.0000000000E+00
Molecular energy E(Mol) from the wfn file:  -1.1265538302E+03
Molecular virial ratio (-V(Mol)/T(Mol)) from the wfn file:   2.0086787000E+00
Note.  K_Scaled(A) = (1+V(Mol)/T(Mol))*K(A) = (E(Mol)/T(Mol))*K(A)
       Only use K_Scaled(A) data with caution.
 
N_AIMInt(SumA)     =        163.999918
N_Analytic(Mol)    =        163.999974
 
G_AIMInt(SumA)     =       1116.860691
G_Analytic(Mol)    =       1116.860861
 
K_AIMInt(SumA)     =       1116.860912
K_Analytic(Mol)    =       1116.860861
 
L_AIMInt(SumA)     =          0.000221
L_Analytic(Mol)    =          0.000000
 
VenT_AIMInt(SumA)  =      -6224.362427
VenT_Analytic(Mol) =      -6224.362817
 
Some Information About the Atomic Calculations:
----------------------------------------------
  Time(sec) = "Elapsed User Time", in Seconds, for Atom A by AIMInt and, if used, by TWOe
  NProc = Number of Processors Used for AIMInt Job
  BIM = Basin Integration Method
  OAQ = Angular Quadrature Outside of Beta Sphere
  ORQ = Multiple of Default for Radial Quadrature Outside of Beta Sphere
  IAQ = Multiple of Default for Angular Quadrature Inside of Beta Sphere
  IRQ = Multiple of Default for Radial Quadrature Inside of Beta Sphere
  MIR = Maximum Integration Radius
------------------------------------------------------------------------------------------------------
Atom A     Time(sec)   NProc      BIM          OAQ                     ORQ      IAQ      IRQ      MIR
------------------------------------------------------------------------------------------------------
C1            114        8     Proaim(5)    4500(GS4)                  1.00     1.00     1.00    13.00
C2             72        8     Proaim(5)    4500(GS4)                  1.00     1.00     1.00    13.00
C3             89        8     Proaim(5)    4500(GS4)                  1.00     1.00     1.00    13.00
C4             83        8     Proaim(5)    4500(GS4)                  1.00     1.00     1.00    13.00
H5             10        8     Proaim(5)    1800(GS4)                  1.00     1.00     1.00    13.00
H6             65        8     Proaim(5)    1800(GS4)                  1.00     1.00     1.00    13.00
H7             15        8     Proaim(5)    1800(GS4)                  1.00     1.00     1.00    13.00
C8             40        8     Proaim(5)    4500(GS4)                  1.00     1.00     1.00    13.00
H9              9        8     Proaim(5)    1800(GS4)                  1.00     1.00     1.00    13.00
H10             9        8     Proaim(5)    1800(GS4)                  1.00     1.00     1.00    13.00
C11            68        8     Proaim(5)    4500(GS4)                  1.00     1.00     1.00    13.00
H12            35        8     Proaim(5)    4500(GS4)                  1.00     1.00     1.00    13.00
C13            48        8     Proaim(5)    4500(GS4)                  1.00     1.00     1.00    13.00
C14            46        8     Proaim(5)    4500(GS4)                  1.00     1.00     1.00    13.00
H15             9        8     Proaim(5)    1800(GS4)                  1.00     1.00     1.00    13.00
H16            26        8     Proaim(5)    4500(GS4)                  1.00     1.00     1.00    13.00
H17            10        8     Proaim(5)    1800(GS4)                  1.00     1.00     1.00    13.00
H18             9        8     Proaim(5)    1800(GS4)                  1.00     1.00     1.00    13.00
N19            92        8     Proaim(5)    4500(GS4)                  1.00     1.00     1.00    13.00
O20            70        8     Proaim(5)    4500(GS4)                  1.00     1.00     1.00    13.00
O21            47        8     Proaim(5)    4500(GS4)                  1.00     1.00     1.00    13.00
H22            12        8     Proaim(5)    1800(GS4)                  1.00     1.00     1.00    13.00
C23            85        8     Proaim(5)    4500(GS4)                  1.00     1.00     1.00    13.00
C24            79        8     Proaim(5)    4500(GS4)                  1.00     1.00     1.00    13.00
H25            12        8     Proaim(5)    1800(GS4)                  1.00     1.00     1.00    13.00
H26            22        8     Proaim(5)    4500(GS4)                  1.00     1.00     1.00    13.00
C27            51        8     Proaim(5)    4500(GS4)                  1.00     1.00     1.00    13.00
H28            29        8     Proaim(5)    4500(GS4)                  1.00     1.00     1.00    13.00
H29             9        8     Proaim(5)    1800(GS4)                  1.00     1.00     1.00    13.00
H30            11        8     Proaim(5)    1800(GS4)                  1.00     1.00     1.00    13.00
C31            54        8     Proaim(5)    4500(GS4)                  1.00     1.00     1.00    13.00
H32            36        8     Proaim(5)    4500(GS4)                  1.00     1.00     1.00    13.00
H33             9        8     Proaim(5)    1800(GS4)                  1.00     1.00     1.00    13.00
H34            11        8     Proaim(5)    1800(GS4)                  1.00     1.00     1.00    13.00
H35            22        8     Proaim(5)    4500(GS4)                  1.00     1.00     1.00    13.00
O36            45        8     Proaim(5)    4500(GS4)                  1.00     1.00     1.00    13.00
C37            44        8     Proaim(5)    4500(GS4)                  1.00     1.00     1.00    13.00
H38            11        8     Proaim(5)    1800(GS4)                  1.00     1.00     1.00    13.00
H39             9        8     Proaim(5)    1800(GS4)                  1.00     1.00     1.00    13.00
C40            40        8     Proaim(5)    4500(GS4)                  1.00     1.00     1.00    13.00
F41            20        8     Proaim(5)    2700(GS4)                  1.00     1.00     1.00    13.00
F42            16        8     Proaim(5)    2700(GS4)                  1.00     1.00     1.00    13.00
F43            15        8     Proaim(5)    2700(GS4)                  1.00     1.00     1.00    13.00
------------------------------------------------------------------------------------------------------
Total        1608
Note:  Total wall clock time is less than total of atomic times if more than one atom
       was calculated at a time
 
Electron Density Critical Point Analysis of Molecular Structure:               
---------------------------------------------------------------                
  NACP = Nuclear Attractor Critical Point                                      
  NNACP = Non-Nuclear Attractor Critical Point                                 
  BCP = Bond Critical Point                                                    
  RCP = Ring Critical Point                                                    
  CCP = Cage Critical Point                                                    
  Rho = Electron Density                                                       
  GradRho = Gradient of Electron Density                                       
  HessRho_EigVals = Eigenvalues of the Hessian of Rho, Ascending Order         
  HessRho_EigVecs = Eigenvectors of the Hessian of Rho                         
  DelSqRho = Laplacian of Rho = Trace of Hessian of Rho                        
  Bond Ellipticity = (HessRho_EigVal(1) / HessRho_EigVal(2)) - 1               
  V = Virial Field = Potential Energy Density = Trace of Stress Tensor         
  G = Lagrangian Form of Kinetic Energy Density                                
  K = Hamiltonian Form of Kinetic Energy Density                               
  L = K - G = Lagrangian Density = (-1/4)DelSqRho                              
  Vnuc = Electrostatic Potential from Nuclei                                   
  Ven = Electron-nuclear attractive contribution to Virial Field V             
  Vrep = V - Ven = Repulsive contribution to Virial Field V                    
  DelSqV = Laplacian of V                                                      
  DelSqVen = Laplacian of Ven                                                  
  DelSqVrep = Laplacian of Vrep                                                
  DelSqG = Laplacian of G                                                      
  DelSqK = Laplacian of K                                                      
  Stress_EigVals = Eigenvalues of Stress Tensor, Ascending Order               
  Stress_EigVecs = Eigenvectors of Stress Tensor                               
  -DivStress = Ehrenfest Force Density = Minus Divergence of Stress Tensor     
  ESP = Total Electrostatic Potential                                          
  ESPe = Electrostatic Potential from Electrons                                
  ESPn = Electrostatic Potential from Nuclei                                   
  BP = Bond Path                                                               
  BPL = Bond Path Length                                                       
  GBL = Geometric Bond Length                                                  
  GBL_I = Distance Between Nuclear Attractors                                  
  GBL_II = Distance Between Nuclei                                             
  GBL_III = Sum of Distances Between BCP and Nuclear Attractors                
  GBL_IV = Sum of Distances Between BCP and Nuclei                             

CP# 1      Coords = -4.96108567538722E+00  5.11763914419161E+00  2.63380749905482E+00
           Type = (3,-3) NACP C1
           Rho =  1.1768600703E+02     Rho at Nucleus =  1.1768600691E+02
           GradRho = -3.3541864457E-10 -3.1388502908E-11  2.4780003570E-10
           HessRho_EigVals = -1.4502050535E+05 -1.4501976099E+05 -1.4501959537E+05
           HessRho_EigVec1 = -5.4836045112E-02  9.9519520111E-01 -8.1114239510E-02
           HessRho_EigVec2 =  4.5124393348E-01  9.7167333129E-02  8.8709493397E-01
           HessRho_EigVec3 =  8.9071427554E-01  1.2042469320E-02 -4.5440406939E-01
           DelSqRho = -4.3505986171E+05
           Bond Ellipticity = NA
           V = -1.0877524448E+05
           G =  5.1395282878E+00
           K =  1.0877010495E+05
           L =  1.0876496543E+05
           Vnuc =  4.6566082616E+06
           Ven = -5.4801763263E+08
           Vrep =  5.4790885738E+08
           DelSqV =  2.4955346480E+09
           DelSqVen =  2.0259032760E+12
           DelSqVrep = -2.0234077414E+12
           DelSqG =  1.3405152770E+08
           DelSqK = -2.6295861757E+09
           Stress_EigVals = -3.6258645042E+04 -3.6258537675E+04 -3.6258061766E+04
           Stress_EigVec1 =  8.6543554197E-01 -1.9546686434E-03 -5.0101646877E-01
           Stress_EigVec2 =  4.9836223165E-01  1.0622850095E-01  8.6043627983E-01
           Stress_EigVec3 = -5.1540360611E-02  9.9433982363E-01 -9.2908053317E-02
           -DivStress =  8.8377724805E+02  1.4962472445E+02 -5.4567784161E+02
           ESP =  -1.4754005163E+01     ESP at Nucleus =  -1.4754005180E+01
           ESPe = -3.4783774668E+01     ESPe at Nucleus = -3.4783776954E+01
           ESPn =  2.0029769505E+01     ESPn at Nucleus =  2.0029771774E+01

CP# 2      Coords = -4.72444898168778E+00 -3.50680713097511E+00 -2.14308565503891E+00
           Type = (3,-3) NACP C2
           Rho =  1.1772307861E+02     Rho at Nucleus =  1.1772307852E+02
           GradRho = -2.5900562242E-10 -6.3629516098E-11  1.5050693946E-10
           HessRho_EigVals = -1.4506218857E+05 -1.4506048121E+05 -1.4506028124E+05
           HessRho_EigVec1 = -2.8278657373E-01  9.4784792121E-01 -1.4702405237E-01
           HessRho_EigVec2 =  9.3102324314E-01  3.0810921921E-01  1.9561295913E-01
           HessRho_EigVec3 = -2.3071080265E-01  8.1566091568E-02  9.6959759604E-01
           DelSqRho = -4.3518295102E+05
           Bond Ellipticity = NA
           V = -1.0880599029E+05
           G =  5.1262688610E+00
           K =  1.0880086402E+05
           L =  1.0879573775E+05
           Vnuc =  5.4733838589E+06
           Ven = -6.4434359826E+08
           Vrep =  6.4423479227E+08
           DelSqV =  2.4962318921E+09
           DelSqVen =  2.3819231560E+12
           DelSqVrep = -2.3794270551E+12
           DelSqG =  1.3408437489E+08
           DelSqK = -2.6303162670E+09
           Stress_EigVals = -3.6268963910E+04 -3.6268863077E+04 -3.6268163305E+04
           Stress_EigVec1 =  1.1354999132E-01  1.8332745145E-01  9.7647193765E-01
           Stress_EigVec2 =  9.5385078772E-01  2.5487361074E-01 -1.5877064377E-01
           Stress_EigVec3 = -2.7798394602E-01  9.4943693213E-01 -1.4592613768E-01
           -DivStress =  7.6369811603E+02  1.9802969930E+02 -4.2578356479E+02
           ESP =  -1.4695916172E+01     ESP at Nucleus =  -1.4695916174E+01
           ESPe = -3.7768394751E+01     ESPe at Nucleus = -3.7768394747E+01
           ESPn =  2.3072478579E+01     ESPn at Nucleus =  2.3072478574E+01

CP# 3      Coords = -3.23575879329262E+00 -2.78373227445808E+00 -2.27829020193839E-01
           Type = (3,-3) NACP C3
           Rho =  1.1765872174E+02     Rho at Nucleus =  1.1765871962E+02
           GradRho = -1.9492673860E-11  1.8123203459E-11 -3.7457911122E-13
           HessRho_EigVals = -1.4496582032E+05 -1.4496476720E+05 -1.4496394787E+05
           HessRho_EigVec1 =  9.3410324646E-01  2.4795284423E-01 -2.5684725419E-01
           HessRho_EigVec2 = -2.8926203868E-01  9.4732802905E-01 -1.3746664451E-01
           HessRho_EigVec3 =  2.0923335758E-01  2.0270419929E-01  9.5662553262E-01
           DelSqRho = -4.3489453539E+05
           Bond Ellipticity = NA
           V = -1.0873394040E+05
           G =  5.1532760575E+00
           K =  1.0872878712E+05
           L =  1.0872363385E+05
           Vnuc =  1.1081019799E+06
           Ven = -1.3037786251E+08
           Vrep =  1.3026912857E+08
           DelSqV =  2.4945657506E+09
           DelSqVen =  4.8190749389E+11
           DelSqVrep = -4.7941292814E+11
           DelSqG =  1.3397888591E+08
           DelSqK = -2.6285446365E+09
           Stress_EigVals = -3.6245027144E+04 -3.6244497778E+04 -3.6244415477E+04
           Stress_EigVec1 =  2.6211047696E-01  2.1219884397E-01  9.4141900793E-01
           Stress_EigVec2 = -2.7462173760E-01  9.5159345968E-01 -1.3803183955E-01
           Stress_EigVec3 =  9.2513836755E-01  2.2235453247E-01 -3.0769703083E-01
           -DivStress = -4.1667888702E+03 -1.3212645344E+03  4.3731171155E+02
           ESP =  -1.4670228918E+01     ESP at Nucleus =  -1.4670229087E+01
           ESPe = -4.0586663518E+01     ESPe at Nucleus = -4.0586660282E+01
           ESPn =  2.5916434600E+01     ESPn at Nucleus =  2.5916431194E+01

CP# 4      Coords = -2.79422461008525E+00  5.10204508405702E+00  1.30015629593955E+00
           Type = (3,-3) NACP C4
           Rho =  1.1766438129E+02     Rho at Nucleus =  1.1766438113E+02
           GradRho =  6.7997423501E-10 -7.8168228834E-11 -3.6176341545E-10
           HessRho_EigVals = -1.4498048626E+05 -1.4497939486E+05 -1.4497896941E+05
           HessRho_EigVec1 = -3.7568250373E-02  9.9460907682E-01 -9.6650974508E-02
           HessRho_EigVec2 =  4.4753531169E-01  1.0322356971E-01  8.8828882659E-01
           HessRho_EigVec3 =  8.9347678837E-01 -9.8832669605E-03 -4.4900061211E-01
           DelSqRho = -4.3493885052E+05
           Bond Ellipticity = NA
           V = -1.0874486918E+05
           G =  5.0782761350E+00
           K =  1.0873979091E+05
           L =  1.0873471263E+05
           Vnuc =  4.0113262920E+06
           Ven = -4.7199022630E+08
           Vrep =  4.7188148143E+08
           DelSqV =  2.4948263492E+09
           DelSqVen =  1.7446816481E+12
           DelSqVrep = -1.7421868054E+12
           DelSqG =  1.3400002366E+08
           DelSqK = -2.6288263729E+09
           Stress_EigVals = -3.6248583588E+04 -3.6248388660E+04 -3.6247896935E+04
           Stress_EigVec1 =  8.5995952445E-01 -1.0168093776E-02 -5.1026093929E-01
           Stress_EigVec2 =  5.0826445405E-01  1.0762008228E-01  8.5445021074E-01
           Stress_EigVec3 = -4.6226194400E-02  9.9414009463E-01 -9.7716995408E-02
           -DivStress = -1.0714635745E+03  9.3133056307E+01  5.6041904029E+02
           ESP =  -1.4732472464E+01     ESP at Nucleus =  -1.4732472481E+01
           ESPe = -3.7858679916E+01     ESPe at Nucleus = -3.7858679184E+01
           ESPn =  2.3126207452E+01     ESPn at Nucleus =  2.3126206703E+01

CP# 5      Coords = -4.94634435708272E+00  5.33267998679757E+00  4.64106326346670E+00
           Type = (3,-3) NACP H5
           Rho =  4.2614521575E-01     Rho at Nucleus =  4.2251308857E-01
           GradRho = -7.4334581046E-11 -8.3915158302E-10 -7.7851316604E-09
           HessRho_EigVals = -6.4930779805E+00 -6.4864539968E+00 -5.8988764775E+00
           HessRho_EigVec1 =  9.9910830632E-01  4.0440976972E-02 -1.2129287574E-02
           HessRho_EigVec2 = -4.1505919638E-02  9.9342933662E-01 -1.0665557546E-01
           HessRho_EigVec3 =  7.7363344366E-03  1.0706390860E-01  9.9422204190E-01
           DelSqRho = -1.8878408455E+01
           Bond Ellipticity = NA
           V = -4.7294347320E+00
           G =  4.9163091717E-03
           K =  4.7245184229E+00
           L =  4.7196021137E+00
           Vnuc =  4.8486847260E+01
           Ven = -2.0662437987E+01
           Vrep =  1.5933003255E+01
           DelSqV =  7.1122918073E+02
           DelSqVen =  9.1535452027E+02
           DelSqVrep = -2.0412533954E+02
           DelSqG =  7.0044155625E+01
           DelSqK = -7.8127333636E+02
           Stress_EigVals = -1.6266387660E+00 -1.6263484831E+00 -1.4764474830E+00
           Stress_EigVec1 =  9.9865922116E-01  5.0355907987E-02 -1.2001771850E-02
           Stress_EigVec2 = -5.1350206303E-02  9.9297830988E-01 -1.0657031675E-01
           Stress_EigVec3 =  6.5510540629E-03  1.0704372298E-01  9.9423273184E-01
           -DivStress =  7.5549855344E-02  8.4040694613E-01  7.7972437138E+00
           ESP =  -1.1134550411E+00     ESP at Nucleus =  -1.1158866077E+00
           ESPe = -2.0733270484E+01     ESPe at Nucleus = -2.0641216039E+01
           ESPn =  1.9619815443E+01     ESPn at Nucleus =  1.9525329431E+01

CP# 6      Coords = -6.77601533651213E+00  4.95291857929162E+00  1.77207542553293E+00
           Type = (3,-3) NACP H6
           Rho =  4.2778473782E-01     Rho at Nucleus =  4.2411858320E-01
           GradRho =  8.7454245031E-11  7.8469072603E-12  4.1457046095E-11
           HessRho_EigVals = -6.5189214048E+00 -6.5126059376E+00 -5.9209346110E+00
           HessRho_EigVec1 = -4.3232603764E-01  8.2884150462E-02  8.9790000266E-01
           HessRho_EigVec2 =  3.7322104273E-02 -9.9326848235E-01  1.0965756933E-01
           HessRho_EigVec3 =  9.0094464742E-01  8.0919339973E-02  4.2632241638E-01
           DelSqRho = -1.8952461953E+01
           Bond Ellipticity = NA
           V = -4.7482568644E+00
           G =  5.0706880435E-03
           K =  4.7431861764E+00
           L =  4.7381154883E+00
           Vnuc =  4.9366097665E+01
           Ven = -2.1118063147E+01
           Vrep =  1.6369806282E+01
           DelSqV =  7.1393316669E+02
           DelSqVen =  9.3560908794E+02
           DelSqVrep = -2.2167592125E+02
           DelSqG =  7.0328602501E+01
           DelSqK = -7.8426176919E+02
           Stress_EigVals = -1.6332095371E+00 -1.6329542996E+00 -1.4820930277E+00
           Stress_EigVec1 = -4.3139516044E-01  1.1214180436E-01  8.9516614730E-01
           Stress_EigVec2 = -2.4664074254E-02  9.9040738659E-01 -1.3595915576E-01
           Stress_EigVec3 =  9.0182586955E-01  8.0730566139E-02  4.2449107965E-01
           -DivStress = -7.1101038945E+00 -6.3841725428E-01 -3.3701437082E+00
           ESP =  -1.1118825928E+00     ESP at Nucleus =  -1.1143196205E+00
           ESPe = -2.1689533582E+01     ESPe at Nucleus = -2.1610149847E+01
           ESPn =  2.0577650990E+01     ESPn at Nucleus =  2.0495830227E+01

CP# 7      Coords = -3.95456265100627E+00 -3.56424604018892E+00 -4.00436257507116E+00
           Type = (3,-3) NACP H7
           Rho =  4.2142284807E-01     Rho at Nucleus =  4.1741067892E-01
           GradRho = -2.5969405039E-09  1.6406203933E-10  6.0993061507E-09
           HessRho_EigVals = -6.4189632803E+00 -6.4136388045E+00 -5.7866333531E+00
           HessRho_EigVec1 = -8.8593677697E-01 -2.8455135857E-01 -3.6626022380E-01
           HessRho_EigVec2 = -2.5262152803E-01  9.5831578322E-01 -1.3346618754E-01
           HessRho_EigVec3 = -3.8897093822E-01  2.5717386628E-02  9.2089099531E-01
           DelSqRho = -1.8619235438E+01
           Bond Ellipticity = NA
           V = -4.6641620367E+00
           G =  4.6765886225E-03
           K =  4.6594854481E+00
           L =  4.6548088595E+00
           Vnuc =  4.9918729018E+01
           Ven = -2.1036892955E+01
           Vrep =  1.6372730918E+01
           DelSqV =  6.9964858133E+02
           DelSqVen =  9.2944857816E+02
           DelSqVrep = -2.2979999683E+02
           DelSqG =  6.8922490240E+01
           DelSqK = -7.6857107157E+02
           Stress_EigVals = -1.6083037613E+00 -1.6071389698E+00 -1.4487193057E+00
           Stress_EigVec1 = -8.9030049598E-01 -2.7073475755E-01 -3.6615258830E-01
           Stress_EigVec2 = -2.3981140854E-01  9.6228852217E-01 -1.2841841155E-01
           Stress_EigVec3 = -3.8711176060E-01  2.6523407559E-02  9.2165123211E-01
           -DivStress =  3.2148675123E+00 -2.0119704929E-01 -7.5345278337E+00
           ESP =  -1.0690800670E+00     ESP at Nucleus =  -1.0717942189E+00
           ESPe = -2.3739546287E+01     ESPe at Nucleus = -2.3640672768E+01
           ESPn =  2.2670466220E+01     ESPn at Nucleus =  2.2568878550E+01

CP# 8      Coords = -7.44218104874356E+00 -4.22341050261332E+00 -1.75338291746955E+00
           Type = (3,-3) NACP C8
           Rho =  1.1753194517E+02     Rho at Nucleus =  1.1753194500E+02
           GradRho =  7.9630513813E-10  1.8929654048E-10  3.6391493414E-11
           HessRho_EigVals = -1.4482931041E+05 -1.4482897876E+05 -1.4482886574E+05
           HessRho_EigVec1 =  9.6568553754E-01  1.6564442728E-01 -2.0003341296E-01
           HessRho_EigVec2 = -1.9265008287E-02  8.1377093343E-01  5.8086635930E-01
           HessRho_EigVec3 =  2.5899865260E-01 -5.5708059706E-01  7.8903796254E-01
           DelSqRho = -4.3448715492E+05
           Bond Ellipticity = NA
           V = -1.0863221052E+05
           G =  5.2108944070E+00
           K =  1.0862699962E+05
           L =  1.0862178873E+05
           Vnuc =  3.8822566995E+06
           Ven = -4.5628918155E+08
           Vrep =  4.5618054934E+08
           DelSqV =  2.4922654021E+09
           DelSqVen =  1.6867907011E+12
           DelSqVrep = -1.6842984357E+12
           DelSqG =  1.3387343686E+08
           DelSqK = -2.6261388389E+09
           Stress_EigVals = -3.6210801116E+04 -3.6210761067E+04 -3.6210648336E+04
           Stress_EigVec1 =  3.3365284184E-01 -6.2140883791E-01  7.0889127326E-01
           Stress_EigVec2 =  1.3111053817E-01  7.7526352227E-01  6.1788065014E-01
           Stress_EigVec3 =  9.3353404218E-01  1.1321451849E-01 -3.4014212454E-01
           -DivStress = -1.2077076998E+03 -3.2362256591E+02 -6.9142934796E+01
           ESP =  -1.4704102996E+01     ESP at Nucleus =  -1.4704103004E+01
           ESPe = -3.5067392884E+01     ESPe at Nucleus = -3.5067390303E+01
           ESPn =  2.0363289888E+01     ESPn at Nucleus =  2.0363287300E+01

CP# 9      Coords = -8.56522823975621E+00 -3.40477585631717E+00 -3.24840141380320E+00
           Type = (3,-3) NACP H9
           Rho =  4.2393572232E-01     Rho at Nucleus =  4.2049015091E-01
           GradRho =  1.6683457391E-16  9.1811214054E-16 -1.1609412399E-16
           HessRho_EigVals = -6.4559253343E+00 -6.4540002605E+00 -5.8848618175E+00
           HessRho_EigVec1 =  7.4954593020E-01 -1.4495286792E-01 -6.4588664996E-01
           HessRho_EigVec2 =  3.6245776389E-01  9.0633175316E-01  2.1722597130E-01
           HessRho_EigVec3 =  5.5390005228E-01 -3.9692747359E-01  7.3187656937E-01
           DelSqRho = -1.8794787412E+01
           Bond Ellipticity = NA
           V = -4.7084343484E+00
           G =  4.8687476620E-03
           K =  4.7035656007E+00
           L =  4.6986968531E+00
           Vnuc =  4.9329361300E+01
           Ven = -2.0912478414E+01
           Vrep =  1.6204044066E+01
           DelSqV =  7.0862711898E+02
           DelSqVen =  9.2713485882E+02
           DelSqVrep = -2.1850773983E+02
           DelSqG =  6.9787388261E+01
           DelSqK = -7.7841450725E+02
           Stress_EigVals = -1.6176934708E+00 -1.6174043053E+00 -1.4733365723E+00
           Stress_EigVec1 =  5.8034555472E-01 -4.4585626869E-01 -6.8147723718E-01
           Stress_EigVec2 =  5.9662835040E-01  8.0234090347E-01 -1.6842984374E-02
           Stress_EigVec3 =  5.5428661233E-01 -3.9681388874E-01  7.3164546680E-01
           -DivStress = -4.2158802585E+00  3.0197308043E+00 -5.5743557218E+00
           ESP =  -1.0878320605E+00     ESP at Nucleus =  -1.0900938114E+00
           ESPe = -2.0833075999E+01     ESPe at Nucleus = -2.0739858700E+01
           ESPn =  1.9745243938E+01     ESPn at Nucleus =  1.9649764889E+01

CP# 10     Coords = -7.61109597907415E+00 -6.24990242713782E+00 -2.00085778674321E+00
           Type = (3,-3) NACP H10
           Rho =  4.2134309124E-01     Rho at Nucleus =  4.1800037892E-01
           GradRho =  1.3323006226E-10  1.5263489797E-09  1.9078334119E-10
           HessRho_EigVals = -6.4248154867E+00 -6.4226108583E+00 -5.8653362946E+00
           HessRho_EigVec1 =  7.4682054859E-01  1.7754523352E-02 -6.6478857173E-01
           HessRho_EigVec2 =  6.5934593287E-01 -1.5013677690E-01  7.3669660582E-01
           HessRho_EigVec3 =  8.6729516390E-02  9.8850580429E-01  1.2383160285E-01
           DelSqRho = -1.8712762640E+01
           Bond Ellipticity = NA
           V = -4.6880470414E+00
           G =  4.9281907723E-03
           K =  4.6831188507E+00
           L =  4.6781906599E+00
           Vnuc =  4.9522068296E+01
           Ven = -2.0865781341E+01
           Vrep =  1.6177734299E+01
           DelSqV =  7.0604371355E+02
           DelSqVen =  9.2669471222E+02
           DelSqVrep = -2.2065099867E+02
           DelSqG =  6.9607820005E+01
           DelSqK = -7.7565153355E+02
           Stress_EigVals = -1.6098682963E+00 -1.6095570187E+00 -1.4686217265E+00
           Stress_EigVec1 =  6.8010165765E-01  3.2119213627E-02 -7.3241387983E-01
           Stress_EigVec2 =  7.2798899171E-01 -1.4755460924E-01  6.6952196770E-01
           Stress_EigVec3 =  8.6566524735E-02  9.8853224197E-01  1.2373456828E-01
           -DivStress = -6.4328814423E-01 -7.3966168597E+00 -9.2515582642E-01
           ESP =  -1.0844527682E+00     ESP at Nucleus =  -1.0866536615E+00
           ESPe = -2.0630287327E+01     ESPe at Nucleus = -2.0534241764E+01
           ESPn =  1.9545834559E+01     ESPn at Nucleus =  1.9447588103E+01

CP# 11     Coords = -4.00201209452392E+00 -2.63184522854629E+00  2.50303966472795E+00
           Type = (3,-3) NACP C11
           Rho =  1.1753988539E+02     Rho at Nucleus =  1.1753988497E+02
           GradRho = -3.8478813798E-10 -9.1737363886E-10 -2.9260914750E-09
           HessRho_EigVals = -1.4484337275E+05 -1.4484277119E+05 -1.4484260044E+05
           HessRho_EigVec1 = -3.9376337417E-01 -6.2910443032E-02  9.1705653115E-01
           HessRho_EigVec2 =  6.5976505736E-01  6.7532474677E-01  3.2961576947E-01
           HessRho_EigVec3 = -6.4004724376E-01  7.3483247244E-01 -2.2441203890E-01
           DelSqRho = -4.3452874438E+05
           Bond Ellipticity = NA
           V = -1.0864265688E+05
           G =  5.2353953361E+00
           K =  1.0863742149E+05
           L =  1.0863218609E+05
           Vnuc =  2.5080634964E+06
           Ven = -2.9479749591E+08
           Vrep =  2.9468885326E+08
           DelSqV =  2.4925080777E+09
           DelSqVen =  1.0898257183E+12
           DelSqVrep = -1.0873332102E+12
           DelSqG =  1.3389022179E+08
           DelSqK = -2.6263982995E+09
           Stress_EigVals = -3.6214323380E+04 -3.6214256839E+04 -3.6214076665E+04
           Stress_EigVec1 = -6.0600755349E-01  7.6076371134E-01 -2.3236484378E-01
           Stress_EigVec2 =  6.4118553277E-01  6.4005529894E-01  4.2333240706E-01
           Stress_EigVec3 = -4.7078228267E-01 -1.0755366016E-01  8.7566903137E-01
           -DivStress =  2.2714345637E+02  5.8587879919E+02  1.8333467051E+03
           ESP =  -1.4713803960E+01     ESP at Nucleus =  -1.4713803982E+01
           ESPe = -3.8206568583E+01     ESPe at Nucleus = -3.8206565250E+01
           ESPn =  2.3492764623E+01     ESPn at Nucleus =  2.3492761268E+01

CP# 12     Coords = -4.16631073168851E+00 -6.68416125984341E-01  3.03844101889240E+00
           Type = (3,-3) NACP H12
           Rho =  4.2112328378E-01     Rho at Nucleus =  4.1756738025E-01
           GradRho =  1.7286636199E-10 -2.2792651718E-09 -6.3069141871E-10
           HessRho_EigVals = -6.4079846505E+00 -6.4065506378E+00 -5.8284681711E+00
           HessRho_EigVec1 =  7.1642120999E-01  2.3798667724E-01 -6.5582237788E-01
           HessRho_EigVec2 =  6.9364605665E-01 -1.4218437812E-01  7.0614357656E-01
           HessRho_EigVec3 = -7.4805066482E-02  9.6080484183E-01  2.6694242441E-01
           DelSqRho = -1.8643003459E+01
           Bond Ellipticity = NA
           V = -4.6706720515E+00
           G =  4.9605933118E-03
           K =  4.6657114582E+00
           L =  4.6607508649E+00
           Vnuc =  5.3557393341E+01
           Ven = -2.2554265355E+01
           Vrep =  1.7883593303E+01
           DelSqV =  7.0232705752E+02
           DelSqVen =  9.9847067332E+02
           DelSqVrep = -2.9614361580E+02
           DelSqG =  6.9143518530E+01
           DelSqK = -7.7147057605E+02
