AIMSum (Version 19.02.13, Professional)
Copyright (c) 1997-2019 by Todd A. Keith
AIMSum is a component of the AIMAll package ( http://aim.tkgristmill.com )

TP:  64-bit Linux

Much of the Quantum Theory of Atoms in Molecules (QTAIM) is described in the book:
  "Atoms in Molecules - A Quantum Theory"
  R.F.W. Bader, Oxford University Press, Oxford, 1990

For additional references see:  http://aim.tkgristmill.com/references.html

Wfn File:  /home/mhennefarth/Documents/ML_Diels/summary-paton2010/22-opt/22-opt.wfn
Sum File:  /home/mhennefarth/Documents/ML_Diels/summary-paton2010/22-opt/22-opt.sum

SumViz File:  /home/mhennefarth/Documents/ML_Diels/summary-paton2010/22-opt/22-opt.sumviz

Wfn Title:   Title Card Required                                                           
 
Total memory allocated for AIMSum =        2.815 Megabytes

Atomic units (a.u.) used throughout, except where stated otherwise

Model:  Restricted SCF
 
Restricted, closed-shell, single-determinant wavefunction.
  Number of electrons (from MO Occs)                   =         164.0000000000
  Number of Alpha electrons (from MO Occs)             =          82.0000000000
  Number of Beta electrons (from MO Occs)              =          82.0000000000
  Number of electron pairs (N*(N-1)/2)                 =       13366.0000000000
  Number of electron pairs (from Muller 2EDM)          =       13366.0000000000
 
Nuclear Charges and Cartesian Coordinates:
-------------------------------------------------------------------------------
Atom      Charge                X                  Y                  Z
-------------------------------------------------------------------------------
C1         6.0          -3.5405453800E+00   2.9625075000E+00  -1.9002061900E+00
C2         6.0          -5.0633130000E+00   4.5548723000E-01  -1.7828175000E+00
C3         6.0          -4.0975489900E+00  -1.3519285700E+00   1.9810056000E-01
C4         6.0          -2.5426832500E+00   4.1345273200E+00   3.4609681800E+00
C5         6.0          -5.7034886000E-01   3.5465262300E+00   1.9916960200E+00
C6         6.0          -8.5328962000E-01   2.7280702200E+00  -7.7488832000E-01
H7         1.0          -4.5773931100E+00   4.4762731900E+00  -9.5340946000E-01
H8         1.0          -4.4876005400E+00   4.1375762000E+00   2.8151808300E+00
H9         1.0          -2.2589966100E+00   4.6517420500E+00   5.4281292200E+00
H10        1.0          -3.3869945900E+00   3.5298339600E+00  -3.8827777500E+00
H11        1.0          -4.8361703700E+00  -4.8646757000E-01  -3.6262751000E+00
C12        6.0          -7.9039945600E+00   9.0082886000E-01  -1.3389789500E+00
H13        1.0          -8.1216691100E+00   1.8719495500E+00   4.8280057000E-01
H14        1.0          -8.6285114500E+00   2.2047956900E+00  -2.7766050200E+00
C15        6.0          -5.8893591600E+00  -3.0309224600E+00   1.6184349200E+00
H16        1.0          -6.6419612400E+00  -2.0181451100E+00   3.2722961200E+00
C17        6.0          -9.4736842300E+00  -1.5588969900E+00  -1.3352906200E+00
C18        6.0          -8.0608954300E+00  -3.8361101300E+00  -1.4385892000E-01
H19        1.0          -1.0015882750E+01  -2.0414084700E+00  -3.2762173000E+00
H20        1.0          -1.1242875640E+01  -1.2030940700E+00  -3.1801984000E-01
H21        1.0          -7.2598953500E+00  -5.0211240500E+00  -1.6440314100E+00
H22        1.0          -9.3831544700E+00  -5.0397130700E+00   8.9881244000E-01
N23        7.0          -1.6757187000E+00  -1.5630349900E+00   5.5708972000E-01
O24        8.0          -1.0599073000E-01   2.8210470000E-02  -9.4727837000E-01
O25        8.0          -4.9827551000E-01  -3.0246473300E+00   2.0232420400E+00
H26        1.0          -4.8591558200E+00  -4.6660110600E+00   2.3471559600E+00
H27        1.0           2.8892299900E+00  -2.6633928900E+00   2.2237380700E+00
O28        8.0           4.7413744700E+00  -2.5327682500E+00   2.2350289900E+00
C29        6.0           5.5847720200E+00  -2.8518601600E+00  -2.5621099000E-01
H30        1.0           6.3475335400E+00  -4.7591981100E+00  -5.8895863000E-01
H31        1.0           4.1004046700E+00  -2.4941737900E+00  -1.6564913900E+00
C32        6.0           7.7167304900E+00  -1.0130099100E+00  -8.0235365000E-01
F33        9.0           6.9695070100E+00   1.4309703300E+00  -6.1153419000E-01
F34        9.0           8.5716669700E+00  -1.3537314000E+00  -3.1931023800E+00
F35        9.0           9.6875207100E+00  -1.3186292700E+00   7.7270244000E-01
C36        6.0           1.0946625100E+00   4.0047292400E+00  -2.4942150500E+00
H37        1.0           7.8356317000E-01   6.0515159400E+00  -2.4960921300E+00
H38        1.0           3.0227574900E+00   3.6188236200E+00  -1.8753924300E+00
H39        1.0           8.8251899000E-01   3.3078918200E+00  -4.4297591300E+00
C40        6.0           2.0840686500E+00   3.5870366900E+00   3.0520040700E+00
H41        1.0           3.2106152000E+00   5.1151437200E+00   2.2186185800E+00
H42        1.0           2.0338838900E+00   3.8913741800E+00   5.0955195300E+00
H43        1.0           3.0972398000E+00   1.8212968000E+00   2.6873149600E+00
 
Some Atomic Properties:
----------------------
  q(A) = Net Charge of Atom A
  L(A) = Lagrangian of Atom A = -(1/4) Times Atomic Integral of the Laplacian of the Electron Density
  K(A) = Electronic Kinetic Energy of Atom A (Hamiltonian Form)
  K_Scaled(A) = K(A) * E(Mol)/K(Mol) = Approximation to Virial-Based Total Energy of Atom A.
  |Mu_Intra(A)| = Magnitude of Intraatomic Dipole Moment of Atom A
--------------------------------------------------------------------------------------------------
Atom A          q(A)              L(A)              K(A)          K_Scaled(A)      |Mu_Intra(A)|
--------------------------------------------------------------------------------------------------
C1        6.2915088000E-03 -1.8410755320E-04  3.7718880044E+01 -3.8043719565E+01  6.9743228762E-02
C2        5.7531079100E-02  1.2745181986E-04  3.7669284760E+01 -3.7993697161E+01  1.1959273668E-01
C3        5.4182357330E-01 -4.5448896751E-04  3.7388209424E+01 -3.7710201170E+01  7.8662659741E-01
C4       -1.0040828690E-01 -4.1925927970E-05  3.7727557040E+01 -3.8052471288E+01  1.0655568165E-01
C5       -9.6786388000E-03 -3.0426540809E-04  3.7717518530E+01 -3.8042346326E+01  5.5710779671E-02
C6        3.8790286790E-01 -4.7742967468E-04  3.7446735973E+01 -3.7769231757E+01  5.0010427394E-01
H7        2.0893790770E-02 -4.5948259322E-06  6.1463038398E-01 -6.1992365460E-01  1.4751557805E-01
H8        2.5908975860E-02  4.5345029740E-05  6.0650922666E-01 -6.1173255690E-01  1.4327570657E-01
H9        4.3458424010E-02  2.1919373465E-05  5.9479656887E-01 -5.9991902829E-01  1.4947074573E-01
H10       1.5383581280E-02  2.9905165719E-05  6.1602520842E-01 -6.2133049143E-01  1.5410617867E-01
H11       2.2977709880E-02  3.5273906244E-05  6.1373518688E-01 -6.1902074796E-01  1.5506040260E-01
C12       1.5022065900E-02  2.6508480942E-04  3.7686375243E+01 -3.8010934829E+01  6.5001935107E-02
H13      -3.7159205000E-03  3.4221587355E-05  6.2039053143E-01 -6.2573340914E-01  1.5630498411E-01
H14       1.0574398010E-02  2.6795989687E-05  6.1289884428E-01 -6.1817720267E-01  1.5470345422E-01
C15       3.0079400400E-02 -8.8316965361E-05  3.7685560568E+01 -3.8010113138E+01  1.7706105026E-01
H16       2.6071761690E-02  2.9822094541E-05  6.0381894315E-01 -6.0901910435E-01  1.5206427175E-01
C17       1.0765447000E-02 -2.1274525768E-04  3.7663989360E+01 -3.7988356156E+01  4.9991602044E-02
C18       1.5490561600E-02 -9.4598954417E-06  3.7667594419E+01 -3.7991992262E+01  6.6319513738E-02
H19       3.7018599400E-03  2.6411489892E-05  6.1732882116E-01 -6.2264533105E-01  1.5561914514E-01
H20       6.1036125600E-03  2.3085431951E-05  6.1640902095E-01 -6.2171760940E-01  1.5507524339E-01
H21       4.3044833500E-03  3.0139466882E-05  6.1821275315E-01 -6.2353687556E-01  1.5504360077E-01
H22       1.4186399390E-02  2.2814790923E-05  6.1213762434E-01 -6.1740942702E-01  1.5310721580E-01
N23      -1.2825830610E-01 -3.2109655170E-04  5.4374684464E+01 -5.4842965772E+01  1.0764031012E+00
O24      -6.6177070420E-01  1.1076531138E-05  7.4954368069E+01 -7.5599884081E+01  2.7601883857E-01
O25      -5.6278893000E-01  1.7638377023E-05  7.4798962088E+01 -7.5443139726E+01  3.4555543858E-01
H26       6.5756175920E-02  3.2563995971E-05  5.9281722836E-01 -5.9792264147E-01  1.4107704806E-01
H27       6.0806812508E-01 -3.4760539927E-04  3.3771767540E-01 -3.4062614055E-01  1.3075409742E-01
O28      -1.1288927228E+00  2.1113200981E-05  7.5160982409E+01 -7.5808277809E+01  1.8868096460E-01
C29       5.9863486070E-01  1.8776136673E-04  3.7380230848E+01 -3.7702153881E+01  6.0990894187E-01
H30       3.0380286270E-02  3.7413179999E-05  6.0889828757E-01 -6.1414219269E-01  1.5770380907E-01
H31       5.3347610740E-02  3.8382098546E-05  6.0234123521E-01 -6.0752867021E-01  1.4186110557E-01
C32       1.7159228835E+00  1.2822414595E-04  3.6534585672E+01 -3.6849225908E+01  8.4846128676E-01
F33      -6.4463477980E-01  8.2571572457E-05  9.9601413128E+01 -1.0045919245E+02  2.8067809166E-01
F34      -6.3861774190E-01  6.3954927306E-05  9.9625469816E+01 -1.0048345632E+02  3.1343122367E-01
F35      -6.3456958270E-01  6.7785429205E-05  9.9635603791E+01 -1.0049367757E+02  3.3012302744E-01
C36      -2.0769380900E-02 -5.4231208919E-05  3.7724057749E+01 -3.8048941861E+01  1.3361334411E-01
H37       2.5560849310E-02  2.9662608468E-05  5.9935065900E-01 -6.0451233880E-01  1.5105852853E-01
H38       6.1993759230E-02  2.7635665088E-05  5.9307229260E-01 -5.9817990235E-01  1.2388717754E-01
H39       2.2770650780E-02  2.5764451350E-05  6.0367426044E-01 -6.0887317562E-01  1.5243499197E-01
C40      -3.0020772000E-02 -2.6148700288E-05  3.7705821794E+01 -3.8030548856E+01  1.2770921812E-01
H41       1.9566501510E-02  2.6778987283E-05  6.0447787176E-01 -6.0968370773E-01  1.5013548549E-01
H42       1.8418033870E-02  2.6190958743E-05  6.0536579278E-01 -6.1057927563E-01  1.5246206395E-01
H43       8.4221660070E-02  2.4652763962E-05  5.8236220397E-01 -5.8737757716E-01  1.1849512791E-01
--------------------------------------------------------------------------------------------------
Total    -1.0128688800E-03 -9.5897512016E-04  1.1169448558E+03 -1.1265641189E+03
 
1st Largest |L(A)| = 4.7742967468E-04, atom C6      
2nd Largest |L(A)| = 4.5448896751E-04, atom C3      
 
Molecular charge q(Mol) from the wfn file:   0.0000000000E+00
Molecular energy E(Mol) from the wfn file:  -1.1265642838E+03
Molecular virial ratio (-V(Mol)/T(Mol)) from the wfn file:   2.0086121200E+00
Note.  K_Scaled(A) = (1+V(Mol)/T(Mol))*K(A) = (E(Mol)/T(Mol))*K(A)
       Only use K_Scaled(A) data with caution.
 
N_AIMInt(SumA)     =        164.001013
N_Analytic(Mol)    =        163.999974
 
G_AIMInt(SumA)     =       1116.945815
G_Analytic(Mol)    =       1116.944956
 
K_AIMInt(SumA)     =       1116.944856
K_Analytic(Mol)    =       1116.944956
 
L_AIMInt(SumA)     =         -0.000959
L_Analytic(Mol)    =          0.000000
 
VenT_AIMInt(SumA)  =      -6480.350016
VenT_Analytic(Mol) =      -6480.320504
 
Some Information About the Atomic Calculations:
----------------------------------------------
  Time(sec) = "Elapsed User Time", in Seconds, for Atom A by AIMInt and, if used, by TWOe
  NProc = Number of Processors Used for AIMInt Job
  BIM = Basin Integration Method
  OAQ = Angular Quadrature Outside of Beta Sphere
  ORQ = Multiple of Default for Radial Quadrature Outside of Beta Sphere
  IAQ = Multiple of Default for Angular Quadrature Inside of Beta Sphere
  IRQ = Multiple of Default for Radial Quadrature Inside of Beta Sphere
  MIR = Maximum Integration Radius
------------------------------------------------------------------------------------------------------
Atom A     Time(sec)   NProc      BIM          OAQ                     ORQ      IAQ      IRQ      MIR
------------------------------------------------------------------------------------------------------
C1             60        8     Proaim(5)    4500(GS4)                  1.00     1.00     1.00    13.00
C2             59        8     Proaim(5)    5400(GS5)                  1.00     1.00     1.00    13.00
C3             56        8     Proaim(5)    4500(GS4)                  1.00     1.00     1.00    13.00
C4             40        8     Proaim(5)    4500(GS4)                  1.00     1.00     1.00    13.00
C5             74        8     Proaim(5)    4500(GS4)                  1.00     1.00     1.00    13.00
C6             93        8     Proaim(5)    4500(GS4)                  1.00     1.00     1.00    13.00
H7             28        8     Proaim(5)    4500(GS4)                  1.00     1.00     1.00    13.00
H8             23        8     Proaim(5)    4500(GS4)                  1.00     1.00     1.00    13.00
H9             10        8     Proaim(5)    1800(GS4)                  1.00     1.00     1.00    13.00
H10            12        8     Proaim(5)    1800(GS4)                  1.00     1.00     1.00    13.00
H11            11        8     Proaim(5)    1800(GS4)                  1.00     1.00     1.00    13.00
C12            48        8     Proaim(5)    4500(GS4)                  1.00     1.00     1.00    13.00
H13            15        8     Proaim(5)    1800(GS4)                  1.00     1.00     1.00    13.00
H14             9        8     Proaim(5)    1800(GS4)                  1.00     1.00     1.00    13.00
C15            47        8     Proaim(5)    4500(GS4)                  1.00     1.00     1.00    13.00
H16            11        8     Proaim(5)    1800(GS4)                  1.00     1.00     1.00    13.00
C17            35        8     Proaim(5)    4500(GS4)                  1.00     1.00     1.00    13.00
C18            33        8     Proaim(5)    4500(GS4)                  1.00     1.00     1.00    13.00
H19            11        8     Proaim(5)    1800(GS4)                  1.00     1.00     1.00    13.00
H20             9        8     Proaim(5)    1800(GS4)                  1.00     1.00     1.00    13.00
H21            10        8     Proaim(5)    1800(GS4)                  1.00     1.00     1.00    13.00
H22             9        8     Proaim(5)    1800(GS4)                  1.00     1.00     1.00    13.00
N23            64        8     Proaim(5)    5400(GS5)                  1.00     1.00     1.00    13.00
O24            53        8     Proaim(5)    4500(GS4)                  1.00     1.00     1.00    13.00
O25            32        8     Proaim(5)    4500(GS4)                  1.00     1.00     1.00    13.00
H26            13        8     Proaim(5)    1800(GS4)                  1.00     1.00     1.00    13.00
H27            18        8     Proaim(5)    4500(GS4)                  1.00     1.00     1.00    13.00
O28            36        8     Proaim(5)    4500(GS4)                  1.00     1.00     1.00    13.00
C29            45        8     Proaim(5)    5400(GS5)                  1.00     1.00     1.00    13.00
H30             9        8     Proaim(5)    1800(GS4)                  1.00     1.00     1.00    13.00
H31            22        8     Proaim(5)    4500(GS4)                  1.00     1.00     1.00    13.00
C32            44        8     Proaim(5)    5400(GS5)                  1.00     1.00     1.00    13.00
F33            33        8     Proaim(5)    4500(GS4)                  1.00     1.00     1.00    13.00
F34            16        8     Proaim(5)    2700(GS4)                  1.00     1.00     1.00    13.00
F35            17        8     Proaim(5)    2700(GS4)                  1.00     1.00     1.00    13.00
C36            56        8     Proaim(5)    4500(GS4)                  1.00     1.00     1.00    13.00
H37            10        8     Proaim(5)    1800(GS4)                  1.00     1.00     1.00    13.00
H38            25        8     Proaim(5)    4500(GS4)                  1.00     1.00     1.00    13.00
H39            11        8     Proaim(5)    1800(GS4)                  1.00     1.00     1.00    13.00
C40            55        8     Proaim(5)    4500(GS4)                  1.00     1.00     1.00    13.00
H41            11        8     Proaim(5)    1800(GS4)                  1.00     1.00     1.00    13.00
H42            11        8     Proaim(5)    1800(GS4)                  1.00     1.00     1.00    13.00
H43            32        8     Proaim(5)    4500(GS4)                  1.00     1.00     1.00    13.00
------------------------------------------------------------------------------------------------------
Total        1316
Note:  Total wall clock time is less than total of atomic times if more than one atom
       was calculated at a time
 
Electron Density Critical Point Analysis of Molecular Structure:               
---------------------------------------------------------------                
  NACP = Nuclear Attractor Critical Point                                      
  NNACP = Non-Nuclear Attractor Critical Point                                 
  BCP = Bond Critical Point                                                    
  RCP = Ring Critical Point                                                    
  CCP = Cage Critical Point                                                    
  Rho = Electron Density                                                       
  GradRho = Gradient of Electron Density                                       
  HessRho_EigVals = Eigenvalues of the Hessian of Rho, Ascending Order         
  HessRho_EigVecs = Eigenvectors of the Hessian of Rho                         
  DelSqRho = Laplacian of Rho = Trace of Hessian of Rho                        
  Bond Ellipticity = (HessRho_EigVal(1) / HessRho_EigVal(2)) - 1               
  V = Virial Field = Potential Energy Density = Trace of Stress Tensor         
  G = Lagrangian Form of Kinetic Energy Density                                
  K = Hamiltonian Form of Kinetic Energy Density                               
  L = K - G = Lagrangian Density = (-1/4)DelSqRho                              
  Vnuc = Electrostatic Potential from Nuclei                                   
  Ven = Electron-nuclear attractive contribution to Virial Field V             
  Vrep = V - Ven = Repulsive contribution to Virial Field V                    
  DelSqV = Laplacian of V                                                      
  DelSqVen = Laplacian of Ven                                                  
  DelSqVrep = Laplacian of Vrep                                                
  DelSqG = Laplacian of G                                                      
  DelSqK = Laplacian of K                                                      
  Stress_EigVals = Eigenvalues of Stress Tensor, Ascending Order               
  Stress_EigVecs = Eigenvectors of Stress Tensor                               
  -DivStress = Ehrenfest Force Density = Minus Divergence of Stress Tensor     
  ESP = Total Electrostatic Potential                                          
  ESPe = Electrostatic Potential from Electrons                                
  ESPn = Electrostatic Potential from Nuclei                                   
  BP = Bond Path                                                               
  BPL = Bond Path Length                                                       
  GBL = Geometric Bond Length                                                  
  GBL_I = Distance Between Nuclear Attractors                                  
  GBL_II = Distance Between Nuclei                                             
  GBL_III = Sum of Distances Between BCP and Nuclear Attractors                
  GBL_IV = Sum of Distances Between BCP and Nuclei                             

CP# 1      Coords = -3.54054532184936E+00  2.96250652184546E+00 -1.90020589440696E+00
           Type = (3,-3) NACP C1
           Rho =  1.1759520755E+02     Rho at Nucleus =  1.1759520747E+02
           GradRho = -1.1764429708E-11 -2.5955598781E-10  8.4969234773E-11
           HessRho_EigVals = -1.4491704069E+05 -1.4491680100E+05 -1.4491637715E+05
           HessRho_EigVec1 =  7.3468392592E-01  6.4024808464E-01  2.2432547585E-01
           HessRho_EigVec2 =  4.6397048552E-01 -7.1543459554E-01  5.2238369813E-01
           HessRho_EigVec3 = -4.9494536826E-01  2.7970650624E-01  8.2267451207E-01
           DelSqRho = -4.3475021884E+05
           Bond Ellipticity = NA
           V = -1.0869798555E+05
           G =  5.2154200675E+00
           K =  1.0869277013E+05
           L =  1.0868755471E+05
           Vnuc =  5.8622882210E+06
           Ven = -6.8937700008E+08
           Vrep =  6.8926830209E+08
           DelSqV =  2.4937784157E+09
           DelSqVen =  2.5486319288E+12
           DelSqVrep = -2.5461382160E+12
           DelSqG =  1.3396394608E+08
           DelSqK = -2.6277423618E+09
           Stress_EigVals = -3.6232775833E+04 -3.6232656560E+04 -3.6232553158E+04
           Stress_EigVec1 = -4.6649739079E-01  2.8971322804E-01  8.3573107510E-01
           Stress_EigVec2 = -4.4218902348E-01  7.4191387040E-01 -5.0401654380E-01
           Stress_EigVec3 = -7.6606073643E-01 -6.0467351059E-01 -2.1799287534E-01
           -DivStress = -4.6522708803E+01  7.9454098222E+02 -2.3744475305E+02
           ESP =  -1.4718869133E+01     ESP at Nucleus =  -1.4718869135E+01
           ESPe = -3.9773393657E+01     ESPe at Nucleus = -3.9773391696E+01
           ESPn =  2.5054524524E+01     ESPn at Nucleus =  2.5054522561E+01

CP# 2      Coords = -5.06331250828473E+00  4.55487206943015E-01 -1.78281600718265E+00
           Type = (3,-3) NACP C2
           Rho =  1.1756660831E+02     Rho at Nucleus =  1.1756660813E+02
           GradRho =  2.2845080016E-10 -2.7534594396E-11  8.3707037656E-10
           HessRho_EigVals = -1.4488273457E+05 -1.4488241301E+05 -1.4488221870E+05
           HessRho_EigVec1 = -1.9344996157E-01  8.0945928246E-01 -5.5439406779E-01
           HessRho_EigVec2 =  7.4064374161E-01  4.9107802756E-01  4.5857302457E-01
           HessRho_EigVec3 =  6.4344693673E-01 -3.2189756271E-01 -6.9451997720E-01
           DelSqRho = -4.3464736629E+05
           Bond Ellipticity = NA
           V = -1.0867215307E+05
           G =  5.1557479479E+00
           K =  1.0866699732E+05
           L =  1.0866184157E+05
           Vnuc =  3.8171015581E+06
           Ven = -4.4876368375E+08
           Vrep =  4.4865501160E+08
           DelSqV =  2.4931908453E+09
           DelSqVen =  1.6590929920E+12
           DelSqVrep = -1.6565998012E+12
           DelSqG =  1.3393244734E+08
           DelSqK = -2.6271232927E+09
           Stress_EigVals = -3.6224127302E+04 -3.6224056898E+04 -3.6223968868E+04
           Stress_EigVec1 = -4.1172082825E-01  3.9828695307E-01  8.1966667774E-01
           Stress_EigVec2 =  8.9263567563E-01  3.5740522410E-01  2.7470539926E-01
           Stress_EigVec3 = -1.8354157618E-01  8.4476565318E-01 -5.0267631833E-01
           -DivStress = -3.9475341165E+02  1.1130332445E+01 -1.2112077456E+03
           ESP =  -1.4698563308E+01     ESP at Nucleus =  -1.4698563315E+01
           ESPe = -4.0595624409E+01     ESPe at Nucleus = -4.0595621932E+01
           ESPn =  2.5897061102E+01     ESPn at Nucleus =  2.5897058617E+01

CP# 3      Coords = -4.09754507517593E+00 -1.35192877263942E+00  1.98101023636347E-01
           Type = (3,-3) NACP C3
           Rho =  1.1761391622E+02     Rho at Nucleus =  1.1761391509E+02
           GradRho =  6.0475173046E-11 -4.5548287364E-13 -1.2297801666E-12
           HessRho_EigVals = -1.4491227402E+05 -1.4491166061E+05 -1.4491119439E+05
           HessRho_EigVec1 =  9.7798328119E-01 -4.3534688016E-02  2.0409172606E-01
           HessRho_EigVec2 = -1.1921125474E-01  6.8616490387E-01  7.1761159511E-01
           HessRho_EigVec3 =  1.7128157650E-01  7.2614217315E-01 -6.6586797935E-01
           DelSqRho = -4.3473512901E+05
           Bond Ellipticity = NA
           V = -1.0869424739E+05
           G =  5.2325664078E+00
           K =  1.0868901482E+05
           L =  1.0868378225E+05
           Vnuc =  1.5200201506E+06
           Ven = -1.7877552264E+08
           Vrep =  1.7866682839E+08
           DelSqV =  2.4936601245E+09
           DelSqVen =  6.6080614810E+11
           DelSqVrep = -6.5831249002E+11
           DelSqG =  1.3393192503E+08
           DelSqK = -2.6275920495E+09
           Stress_EigVals = -3.6231608779E+04 -3.6231388990E+04 -3.6231249618E+04
           Stress_EigVec1 =  1.7961928639E-01  7.1801509882E-01 -6.7245165612E-01
           Stress_EigVec2 =  9.8360492717E-01 -1.1991719961E-01  1.3468931834E-01
           Stress_EigVec3 =  1.6070444741E-02 -6.8561956149E-01 -7.2778263081E-01
           -DivStress = -3.1747462647E+03  1.6583526139E+02 -3.7727902616E+02
           ESP =  -1.4680203703E+01     ESP at Nucleus =  -1.4680203770E+01
           ESPe = -4.2217944238E+01     ESPe at Nucleus = -4.2217939882E+01
           ESPn =  2.7537740535E+01     ESPn at Nucleus =  2.7537736112E+01

CP# 4      Coords = -2.54268437088159E+00  4.13452760200010E+00  3.46096868364666E+00
           Type = (3,-3) NACP C4
           Rho =  1.1769691402E+02     Rho at Nucleus =  1.1769691390E+02
           GradRho = -3.7110030673E-10  1.0515870986E-10  1.9345041107E-10
           HessRho_EigVals = -1.4503398864E+05 -1.4503313150E+05 -1.4503299522E+05
           HessRho_EigVec1 =  1.4817428152E-01  9.5479189543E-01 -2.5771460711E-01
           HessRho_EigVec2 =  6.4314872946E-01  1.0492669692E-01  7.5851835843E-01
           HessRho_EigVec3 =  7.5126832363E-01 -2.7814173490E-01 -5.9852575651E-01
           DelSqRho = -4.3510011535E+05
           Bond Ellipticity = NA
           V = -1.0878530227E+05
           G =  5.1367180140E+00
           K =  1.0878016556E+05
           L =  1.0877502884E+05
           Vnuc =  4.7589908322E+06
           Ven = -5.6011853478E+08
           Vrep =  5.6000974948E+08
           DelSqV =  2.4957644675E+09
           DelSqVen =  2.0706376090E+12
           DelSqVrep = -2.0681418773E+12
           DelSqG =  1.3406390575E+08
           DelSqK = -2.6298283733E+09
           Stress_EigVals = -3.6262007461E+04 -3.6261898846E+04 -3.6261395968E+04
           Stress_EigVec1 =  7.7431788477E-01 -2.4995896619E-01 -5.8133667400E-01
           Stress_EigVec2 =  6.2271784186E-01  1.3767702382E-01  7.7023861663E-01
           Stress_EigVec3 =  1.1249134522E-01  9.5841825543E-01 -2.6225968984E-01
           -DivStress =  9.1228361859E+02 -2.2967130100E+02 -4.1265519318E+02
           ESP =  -1.4741885369E+01     ESP at Nucleus =  -1.4741885386E+01
           ESPe = -3.6866416153E+01     ESPe at Nucleus = -3.6866418683E+01
           ESPn =  2.2124530784E+01     ESPn at Nucleus =  2.2124533298E+01

CP# 5      Coords = -5.70347901394330E-01  3.54652549292773E+00  1.99169452213879E+00
           Type = (3,-3) NACP C5
           Rho =  1.1769738708E+02     Rho at Nucleus =  1.1769738681E+02
           GradRho =  7.9490335061E-10 -6.3959523181E-10 -1.2651698348E-09
           HessRho_EigVals = -1.4502866918E+05 -1.4502790051E+05 -1.4502732780E+05
           HessRho_EigVec1 =  1.0779286702E-01  9.6771582028E-01 -2.2783061471E-01
           HessRho_EigVec2 =  4.0576347721E-01  1.6638587047E-01  8.9870559288E-01
           HessRho_EigVec3 =  9.0759941515E-01 -1.8931939491E-01 -3.7472852618E-01
           DelSqRho = -4.3508389749E+05
           Bond Ellipticity = NA
           V = -1.0878113006E+05
           G =  5.0778433144E+00
           K =  1.0877605221E+05
           L =  1.0877097437E+05
           Vnuc =  3.1168402564E+06
           Ven = -3.6684395411E+08
           Vrep =  3.6673517298E+08
           DelSqV =  2.4956629725E+09
           DelSqVen =  1.3560869683E+12
           DelSqVrep = -1.3535913217E+12
           DelSqG =  1.3405219140E+08
           DelSqK = -2.6297151639E+09
           Stress_EigVals = -3.6260675998E+04 -3.6260426799E+04 -3.6260027261E+04
           Stress_EigVec1 =  8.6729351210E-01 -2.0697949372E-01 -4.5272668691E-01
           Stress_EigVec2 =  4.8863903305E-01  1.8033116491E-01  8.5364662850E-01
           Stress_EigVec3 =  9.5046616142E-02  9.6158211305E-01 -2.5753830903E-01
           -DivStress = -7.7992524433E+02  5.9929051018E+02  1.2131893001E+03
           ESP =  -1.4722640142E+01     ESP at Nucleus =  -1.4722640166E+01
           ESPe = -4.0650035063E+01     ESPe at Nucleus = -4.0650032880E+01
           ESPn =  2.5927394921E+01     ESPn at Nucleus =  2.5927392714E+01

CP# 6      Coords = -8.53288565243288E-01  2.72806520818337E+00 -7.74888720590660E-01
           Type = (3,-3) NACP C6
           Rho =  1.1763101791E+02     Rho at Nucleus =  1.1763101600E+02
           GradRho = -1.7690696998E-12 -1.3215054051E-11 -8.5823449042E-13
           HessRho_EigVals = -1.4495632263E+05 -1.4495409397E+05 -1.4495387333E+05
           HessRho_EigVec1 = -2.2275621568E-01  9.7456108758E-01  2.4705362730E-02
           HessRho_EigVec2 =  6.2036501718E-01  1.2215743960E-01  7.7474176692E-01
           HessRho_EigVec3 =  7.5201523511E-01  1.8790488690E-01 -6.3179493480E-01
           DelSqRho = -4.3486428994E+05
           Bond Ellipticity = NA
           V = -1.0872591784E+05
           G =  4.9226804788E+00
           K =  1.0872099516E+05
           L =  1.0871607248E+05
           Vnuc =  1.1679691274E+06
           Ven = -1.3738939735E+08
           Vrep =  1.3728067143E+08
           DelSqV =  2.4944152579E+09
           DelSqVen =  5.0790806118E+11
           DelSqVrep = -5.0541364797E+11
           DelSqG =  1.3399125444E+08
           DelSqK = -2.6284065124E+09
           Stress_EigVals = -3.6242223639E+04 -3.6242172637E+04 -3.6241521569E+04
           Stress_EigVec1 = -6.7967617905E-01 -1.7628216784E-01  7.1201466905E-01
           Stress_EigVec2 =  6.9679852192E-01  1.4808389889E-01  7.0181406280E-01
           Stress_EigVec3 = -2.2915521267E-01  9.7313706958E-01  2.2184055411E-02
           -DivStress = -8.5680442024E+02  4.0595147135E+03  3.3219468216E+02
           ESP =  -1.4652441568E+01     ESP at Nucleus =  -1.4652441701E+01
           ESPe = -4.2693358227E+01     ESPe at Nucleus = -4.2693351478E+01
           ESPn =  2.8040916659E+01     ESPn at Nucleus =  2.8040909778E+01

CP# 7      Coords = -4.56029963567171E+00  4.45101818204564E+00 -9.68807960195777E-01
           Type = (3,-3) NACP H7
           Rho =  4.2952372871E-01     Rho at Nucleus =  4.2596557646E-01
           GradRho =  1.9957722541E-15 -7.7412035115E-17 -4.6676258778E-16
           HessRho_EigVals = -6.5299909723E+00 -6.5286308745E+00 -5.9461579236E+00
           HessRho_EigVec1 =  8.6499789268E-01  4.1864847003E-01  2.7660821429E-01
           HessRho_EigVec2 =  1.5655893880E-02  5.2847285008E-01 -8.4880583158E-01
           HessRho_EigVec3 = -5.0153119410E-01  7.3854580445E-01  4.5057358563E-01
           DelSqRho = -1.9004779770E+01
           Bond Ellipticity = NA
           V = -4.7619286092E+00
           G =  5.3668333030E-03
           K =  4.7565617759E+00
           L =  4.7511949426E+00
           Vnuc =  5.3521376986E+01
           Ven = -2.2988701409E+01
           Vrep =  1.8226772799E+01
           DelSqV =  7.1605651279E+02
           DelSqVen =  1.0171619826E+03
           DelSqVrep = -3.0110546983E+02
           DelSqG =  7.0450651968E+01
           DelSqK = -7.8650716476E+02
           Stress_EigVals = -1.6364716488E+00 -1.6363419949E+00 -1.4891149655E+00
           Stress_EigVec1 =  5.7983804585E-01 -9.8286098852E-02  8.0878160424E-01
           Stress_EigVec2 =  6.4194234461E-01  6.6639664301E-01 -3.7924337881E-01
           Stress_EigVec3 = -5.0169499378E-01  7.3909089898E-01  4.4949613598E-01
           -DivStress = -3.8909543430E+00  5.7510568895E+00  3.5049056745E+00
           ESP =  -1.0981073587E+00     ESP at Nucleus =  -1.1004077101E+00
           ESPe = -2.5348119692E+01     ESPe at Nucleus = -2.5244039178E+01
           ESPn =  2.4250012333E+01     ESPn at Nucleus =  2.4143631468E+01

CP# 8      Coords = -4.45468358586193E+00  4.13750494935722E+00  2.82590836614210E+00
           Type = (3,-3) NACP H8
           Rho =  4.2962729075E-01     Rho at Nucleus =  4.2596559939E-01
           GradRho =  1.8020443429E-09 -3.7818194756E-12  5.8791251980E-10
           HessRho_EigVals = -6.5530825212E+00 -6.5469909655E+00 -5.9542258482E+00
           HessRho_EigVec1 = -2.9803153852E-01  2.8126777968E-01  9.1217631967E-01
           HessRho_EigVec2 =  8.9027989448E-02  9.5962783245E-01 -2.6681161947E-01
           HessRho_EigVec3 =  9.5039529626E-01 -1.6909463189E-03  3.1104006423E-01
           DelSqRho = -1.9054299335E+01
           Bond Ellipticity = NA
           V = -4.7738065435E+00
           G =  5.1158548613E-03
           K =  4.7686906886E+00
           L =  4.7635748337E+00
           Vnuc =  5.2004079656E+01
           Ven = -2.2342371851E+01
           Vrep =  1.7568565307E+01
           DelSqV =  7.1790281384E+02
           DelSqVen =  9.9090130355E+02
           DelSqVrep = -2.7299848971E+02
           DelSqG =  7.0780897901E+01
           DelSqK = -7.8868371174E+02
           Stress_EigVals = -1.6418511068E+00 -1.6413883533E+00 -1.4905670833E+00
           Stress_EigVec1 = -2.9978282186E-01  2.2720796670E-01  9.2655642007E-01
           Stress_EigVec2 =  7.2568025575E-02  9.7384255165E-01 -2.1532432807E-01
           Stress_EigVec3 =  9.5124347114E-01 -2.6878353050E-03  3.0842930172E-01
           -DivStress = -7.5213502795E+00  1.6257951573E-02 -2.4495625716E+00
           ESP =  -1.0981550587E+00     ESP at Nucleus =  -1.1005727164E+00
           ESPe = -2.4217999399E+01     ESPe at Nucleus = -2.4146668654E+01
           ESPn =  2.3119844340E+01     ESPn at Nucleus =  2.3046095937E+01

CP# 9      Coords = -2.26393331274217E+00  4.64296085849882E+00  5.39464374223813E+00
           Type = (3,-3) NACP H9
           Rho =  4.2526931937E-01     Rho at Nucleus =  4.2157871213E-01
           GradRho = -5.2397624450E-10 -9.3396081811E-10 -3.5613171418E-09
           HessRho_EigVals = -6.4793380937E+00 -6.4729196626E+00 -5.8795225158E+00
           HessRho_EigVec1 =  9.8741575579E-01 -1.0877691002E-01 -1.1479420313E-01
           HessRho_EigVec2 =  7.5334429084E-02  9.6175587427E-01 -2.6334456916E-01
           HessRho_EigVec3 =  1.3904980770E-01  2.5138262104E-01  9.5784754988E-01
           DelSqRho = -1.8831780272E+01
           Bond Ellipticity = NA
           V = -4.7174873517E+00
           G =  4.7711418594E-03
           K =  4.7127162099E+00
           L =  4.7079450680E+00
           Vnuc =  4.9437245968E+01
           Ven = -2.1024143944E+01
           Vrep =  1.6306656593E+01
           DelSqV =  7.0916957266E+02
           DelSqVen =  9.3099135939E+02
           DelSqVrep = -2.2182178673E+02
           DelSqG =  6.9839350037E+01
           DelSqK = -7.7900892270E+02
           Stress_EigVals = -1.6231547564E+00 -1.6227329937E+00 -1.4715996017E+00
           Stress_EigVec1 =  9.7995165470E-01 -1.7511085914E-01 -9.5031265658E-02
           Stress_EigVec2 =  1.4385879752E-01  9.5189263593E-01 -2.7056432883E-01
           Stress_EigVec3 =  1.3783831404E-01  2.5146887814E-01  9.5800000131E-01
           -DivStress =  1.1141918649E+00  1.9834019331E+00  7.5624694879E+00
           ESP =  -1.1034899297E+00     ESP at Nucleus =  -1.1059550782E+00
           ESPe = -2.1943120688E+01     ESPe at Nucleus = -2.1838376080E+01
           ESPn =  2.0839630758E+01     ESPn at Nucleus =  2.0732421002E+01

CP# 10     Coords = -3.38935849726320E+00  3.52044992762631E+00 -3.85039044149574E+00
           Type = (3,-3) NACP H10
           Rho =  4.3063643010E-01     Rho at Nucleus =  4.2713669247E-01
           GradRho = -5.5036144516E-11 -2.1956781743E-10  7.5664829935E-10
           HessRho_EigVals = -6.5586982780E+00 -6.5566305089E+00 -5.9772588173E+00
           HessRho_EigVec1 =  8.1538466920E-01  5.3724278598E-01  2.1568038891E-01
           HessRho_EigVec2 = -5.7480437791E-01  7.9564823728E-01  1.9116435247E-01
           HessRho_EigVec3 = -6.8904051950E-02 -2.7984651407E-01  9.5756888013E-01
           DelSqRho = -1.9092587604E+01
           Bond Ellipticity = NA
           V = -4.7834914771E+00
           G =  5.1722880061E-03
           K =  4.7783191891E+00
           L =  4.7731469010E+00
           Vnuc =  5.3185979032E+01
           Ven = -2.2903820142E+01
           Vrep =  1.8120328664E+01
           DelSqV =  7.1979598061E+02
           DelSqVen =  1.0154579654E+03
           DelSqVrep = -2.9566198475E+02
           DelSqG =  7.0911537414E+01
           DelSqK = -7.9070751803E+02
           Stress_EigVals = -1.6435134895E+00 -1.6432669572E+00 -1.4967110303E+00
           Stress_EigVec1 =  7.9995965648E-01  5.5805118782E-01  2.2055253289E-01
           Stress_EigVec2 = -5.9606175112E-01  7.8134139845E-01  1.8497569550E-01
           Stress_EigVec3 = -6.9100917893E-02 -2.7943602280E-01  9.5767456493E-01
           -DivStress =  5.4019670379E-01  2.1470651525E+00 -7.4077405207E+00
           ESP =  -1.1015152625E+00     ESP at Nucleus =  -1.1037930220E+00
           ESPe = -2.4703584139E+01     ESPe at Nucleus = -2.4593619264E+01
           ESPn =  2.3602068877E+01     ESPn at Nucleus =  2.3489826242E+01

CP# 11     Coords = -4.83989097447250E+00 -4.71583905065425E-01 -3.59696802051919E+00
           Type = (3,-3) NACP H11
           Rho =  4.2758455630E-01     Rho at Nucleus =  4.2424302184E-01
           GradRho =  1.7595517057E-15  2.3459966608E-15  5.8078541976E-15
           HessRho_EigVals = -6.5315934880E+00 -6.5302489278E+00 -5.9652473618E+00
           HessRho_EigVec1 =  1.4201525778E-01  8.8914697075E-01 -4.3502796573E-01
           HessRho_EigVec2 =  9.8388377631E-01 -7.8556857172E-02  1.6062856192E-01
           HessRho_EigVec3 = -1.0864796948E-01  4.5082866435E-01  8.8597355160E-01
           DelSqRho = -1.9027089778E+01
           Bond Ellipticity = NA
           V = -4.7671492020E+00
           G =  5.1883787881E-03
           K =  4.7619608232E+00
           L =  4.7567724444E+00
           Vnuc =  5.5044018872E+01
           Ven = -2.3535972386E+01
           Vrep =  1.8768823184E+01
           DelSqV =  7.1817228310E+02
           DelSqVen =  1.0473274888E+03
           DelSqVrep = -3.2915520570E+02
           DelSqG =  7.0936584953E+01
           DelSqK = -7.8910886806E+02
           Stress_EigVals = -1.6366661935E+00 -1.6364258388E+00 -1.4940571697E+00
           Stress_EigVec1 =  2.9631624830E-02  8.9204802717E-01 -4.5096816298E-01
           Stress_EigVec2 =  9.9361928380E-01  2.2832081650E-02  1.1045096156E-01
           Stress_EigVec3 = -1.0882410427E-01  4.5136350458E-01  8.8567957020E-01
           -DivStress =  8.4892685210E-01 -3.3935059836E+00 -6.6794907505E+00
           ESP =  -1.0950125863E+00     ESP at Nucleus =  -1.0972063337E+00
           ESPe = -2.5909076640E+01     ESPe at Nucleus = -2.5802578695E+01
           ESPn =  2.4814064054E+01     ESPn at Nucleus =  2.4705372362E+01

CP# 12     Coords = -7.90399402719416E+00  9.00828064757683E-01 -1.33897912524669E+00
           Type = (3,-3) NACP C12
           Rho =  1.1756833730E+02     Rho at Nucleus =  1.1756833723E+02
           GradRho =  1.0073470183E-10 -1.6866120653E-10 -4.8115303408E-11
           HessRho_EigVals = -1.4488021585E+05 -1.4488002754E+05 -1.4487980438E+05
           HessRho_EigVec1 =  9.6697314578E-01 -1.0259364776E-01 -2.3331840643E-01
           HessRho_EigVec2 =  1.4410738440E-01  9.7511574831E-01  1.6847058841E-01
           HessRho_EigVec3 =  2.1022844028E-01 -1.9652944013E-01  9.5769524488E-01
           DelSqRho = -4.3464004777E+05
           Bond Ellipticity = NA
           V = -1.0867035339E+05
           G =  5.1707212313E+00
           K =  1.0866518266E+05
           L =  1.0866001194E+05
           Vnuc =  6.1656227235E+06
           Ven = -7.2488201200E+08
           Vrep =  7.2477334164E+08
           DelSqV =  2.4931442201E+09
           DelSqVen =  2.6798270710E+12
           DelSqVrep = -2.6773339268E+12
           DelSqG =  1.3392638909E+08
           DelSqK = -2.6270706092E+09
