AIMSum (Version 19.02.13, Professional)
Copyright (c) 1997-2019 by Todd A. Keith
AIMSum is a component of the AIMAll package ( http://aim.tkgristmill.com )

TP:  64-bit Linux

Much of the Quantum Theory of Atoms in Molecules (QTAIM) is described in the book:
  "Atoms in Molecules - A Quantum Theory"
  R.F.W. Bader, Oxford University Press, Oxford, 1990

For additional references see:  http://aim.tkgristmill.com/references.html

Wfn File:  /home/mhennefarth/Documents/ML_Diels/summary-paton2010/3-2-opt/3-2-opt.wfn
Sum File:  /home/mhennefarth/Documents/ML_Diels/summary-paton2010/3-2-opt/3-2-opt.sum

SumViz File:  /home/mhennefarth/Documents/ML_Diels/summary-paton2010/3-2-opt/3-2-opt.sumviz

Wfn Title:   Title Card Required                                                           
 
Total memory allocated for AIMSum =        1.803 Megabytes

Atomic units (a.u.) used throughout, except where stated otherwise

Model:  Restricted SCF
 
Restricted, closed-shell, single-determinant wavefunction.
  Number of electrons (from MO Occs)                   =         114.0000000000
  Number of Alpha electrons (from MO Occs)             =          57.0000000000
  Number of Beta electrons (from MO Occs)              =          57.0000000000
  Number of electron pairs (N*(N-1)/2)                 =        6441.0000000000
  Number of electron pairs (from Muller 2EDM)          =        6441.0000000000
 
Nuclear Charges and Cartesian Coordinates:
-------------------------------------------------------------------------------
Atom      Charge                X                  Y                  Z
-------------------------------------------------------------------------------
C1         6.0           1.0023242050E+01  -2.5777998600E+00  -5.1718752000E-01
C2         6.0          -5.8461896000E+00   1.7196341700E+00  -1.4548381000E+00
C3         6.0          -4.6142887900E+00  -4.4308320000E-02  -1.2607354000E-01
C4         6.0           7.8880030900E+00  -1.2015712500E+00  -5.8508724000E-01
H5         1.0           1.0115291360E+01  -4.4321614500E+00  -1.3943896300E+00
H6         1.0           1.1737629180E+01  -1.9287934600E+00   4.0087720000E-01
H7         1.0          -4.7673102100E+00   2.9663755300E+00  -2.6760632800E+00
C8         6.0          -8.6636023800E+00   2.0348023600E+00  -1.3058167300E+00
H9         1.0          -9.1142934800E+00   4.0573854300E+00  -1.1954920000E+00
H10        1.0          -9.4876899000E+00   1.3873330900E+00  -3.1045708400E+00
C11        6.0          -5.8147782700E+00  -1.9490448700E+00   1.6063318800E+00
H12        1.0          -5.4009396100E+00  -1.4508606900E+00   3.5787359800E+00
C13        6.0          -9.8312593600E+00   5.8971100000E-01   9.2694133000E-01
C14        6.0          -8.6853299200E+00  -2.0635100300E+00   1.1549343600E+00
H15        1.0          -1.1886412310E+01   4.8130878000E-01   6.9834701000E-01
H16        1.0          -9.4784050700E+00   1.6424498400E+00   2.6805904700E+00
H17        1.0          -9.0604760700E+00  -3.1225695200E+00  -5.9071581000E-01
H18        1.0          -9.5827894500E+00  -3.1156968800E+00   2.6954952000E+00
N19        7.0          -1.8404145000E+00  -1.3747379000E-01  -3.2460607000E-01
O20        8.0          -7.6009985000E-01   1.2892581000E+00  -1.8159379200E+00
O21        8.0          -7.5113902000E-01  -1.6639740900E+00   1.0595713000E+00
H22        1.0          -4.9480203600E+00  -3.8031342300E+00   1.3070165200E+00
C23        6.0           7.7351901300E+00   1.3333693500E+00   5.9992380000E-01
C24        6.0           5.5824560800E+00   2.6825626000E+00   5.8759804000E-01
H25        1.0           5.5082804400E+00   4.5392084800E+00   1.4647579200E+00
H26        1.0           3.8399841600E+00   2.0107026900E+00  -2.5696396000E-01
C27        6.0           5.5677196100E+00  -2.2231160200E+00  -1.9047721100E+00
H28        1.0           3.9433046500E+00  -2.3468104100E+00  -6.2671973000E-01
H29        1.0           4.9905822400E+00  -9.9166223000E-01  -3.4696782600E+00
H30        1.0           5.9352332200E+00  -4.1073298800E+00  -2.6733645600E+00
C31        6.0           1.0080472440E+01   2.3938721800E+00   1.8455242900E+00
H32        1.0           1.0728059880E+01   1.1854474800E+00   3.4016526600E+00
H33        1.0           1.1654697960E+01   2.5435612400E+00   5.0403849000E-01
H34        1.0           9.7162754500E+00   4.2776827600E+00   2.6147513000E+00
 
Some Atomic Properties:
----------------------
  q(A) = Net Charge of Atom A
  L(A) = Lagrangian of Atom A = -(1/4) Times Atomic Integral of the Laplacian of the Electron Density
  K(A) = Electronic Kinetic Energy of Atom A (Hamiltonian Form)
  K_Scaled(A) = K(A) * E(Mol)/K(Mol) = Approximation to Virial-Based Total Energy of Atom A.
  |Mu_Intra(A)| = Magnitude of Intraatomic Dipole Moment of Atom A
--------------------------------------------------------------------------------------------------
Atom A          q(A)              L(A)              K(A)          K_Scaled(A)      |Mu_Intra(A)|
--------------------------------------------------------------------------------------------------
C1       -1.1702158960E-01 -1.8983220116E-04  3.7726727181E+01 -3.8089991801E+01  1.0302663723E-01
C2       -1.3453599600E-02 -3.9787121658E-06  3.7738235846E+01 -3.8101611281E+01  1.8137423279E-01
C3        2.1204745550E-01  5.7961960126E-05  3.7622983700E+01 -3.7985249391E+01  4.8896741398E-01
C4        7.6975652000E-03  9.0019246030E-05  3.7693612627E+01 -3.8056558392E+01  1.1306932321E-02
H5        2.7857801170E-02  2.6026945968E-05  6.0059265479E-01 -6.0637566537E-01  1.5353355227E-01
H6        2.9735000400E-02  7.1276135773E-05  6.0289502277E-01 -6.0870020248E-01  1.4730451506E-01
H7        1.0369224029E-01  3.6608359008E-05  5.7666378502E-01 -5.8221638834E-01  1.3738191269E-01
C8        1.7584486500E-02 -3.0638844113E-05  3.7679426944E+01 -3.8042236117E+01  1.2214781109E-01
H9        2.9315647610E-02  2.5941988565E-05  6.0362986067E-01 -6.0944211601E-01  1.5111800696E-01
H10       2.9734634360E-02  2.6486845277E-05  6.0169078694E-01 -6.0748437125E-01  1.5221695933E-01
C11       3.7596273900E-02  5.7781277285E-05  3.7681958088E+01 -3.8044791633E+01  1.6694993704E-01
H12       3.4152826180E-02  2.7780751794E-05  6.0251426677E-01 -6.0831578024E-01  1.5038574799E-01
C13       1.9710862400E-02 -3.1465445059E-04  3.7674274412E+01 -3.8037033973E+01  8.2467469679E-02
C14       2.0855649500E-02 -7.6164240844E-05  3.7673345824E+01 -3.8036096443E+01  8.0225844582E-02
H15       1.1870409310E-02  2.2047330782E-05  6.1196558373E-01 -6.1785810242E-01  1.5392623431E-01
H16       5.7569475300E-03  2.7836024258E-05  6.1443663334E-01 -6.2035294537E-01  1.5588783013E-01
H17       4.0209467100E-03  2.8571193604E-05  6.1517783878E-01 -6.2110128776E-01  1.5650966574E-01
H18       1.4337099400E-02  2.5564347663E-05  6.1128605531E-01 -6.1717203093E-01  1.5337030369E-01
N19       3.8189891650E-01  6.1464492804E-05  5.3953732070E+01 -5.4473243923E+01  7.2283325147E-01
O20      -4.8394223860E-01  4.6494866286E-05  7.4821539931E+01 -7.5541984568E+01  3.0805362752E-01
O21      -4.7577043990E-01  5.4487920468E-05  7.4820214861E+01 -7.5540646739E+01  3.0093645615E-01
H22       5.1869527600E-02  3.4259405693E-05  5.9830245514E-01 -6.0406341375E-01  1.4500829911E-01
C23       2.2058871000E-03  8.2656513652E-06  3.7695757982E+01 -3.8058724404E+01  1.3856033746E-02
C24      -1.1388859200E-01  4.1520879292E-05  3.7731386242E+01 -3.8094695723E+01  1.2945402165E-01
H25       2.3112556610E-02  2.2950975282E-05  6.0258444187E-01 -6.0838663105E-01  1.5407408836E-01
H26       7.2821293770E-02  1.9667659183E-05  5.8732857078E-01 -5.9298386362E-01  1.2472650115E-01
C27      -2.8423775300E-02 -1.5050990674E-04  3.7699778904E+01 -3.8062784043E+01  9.9831129375E-02
H28       4.9960000930E-02  3.2875732498E-05  5.9357572305E-01 -5.9929116871E-01  1.3395843968E-01
H29       2.0935168730E-02  2.8434652278E-05  6.0269144567E-01 -6.0849466517E-01  1.5298132322E-01
H30       5.5241893000E-03  2.9648484088E-05  6.1004240226E-01 -6.1591640295E-01  1.5622153676E-01
C31      -2.3305808100E-02 -1.6986879904E-04  3.7693495001E+01 -3.8056439633E+01  8.0493437703E-02
H32       1.5214128020E-02  2.7352693575E-05  6.0496770703E-01 -6.1079284429E-01  1.5515757939E-01
H33       1.5021621910E-02  2.8149223111E-05  6.0504033550E-01 -6.1086617209E-01  1.5543718601E-01
H34       1.1328676580E-02  2.5385978399E-05  6.0794716469E-01 -6.1380099066E-01  1.5488473475E-01
--------------------------------------------------------------------------------------------------
Total     5.1769909999E-05  4.9213865802E-05  6.6735980235E+02 -6.7378570311E+02
 
1st Largest |L(A)| = 3.1465445059E-04, atom C13     
2nd Largest |L(A)| = 1.8983220116E-04, atom C1      
 
Molecular charge q(Mol) from the wfn file:   0.0000000000E+00
Molecular energy E(Mol) from the wfn file:  -6.7378573929E+02
Molecular virial ratio (-V(Mol)/T(Mol)) from the wfn file:   2.0096288400E+00
Note.  K_Scaled(A) = (1+V(Mol)/T(Mol))*K(A) = (E(Mol)/T(Mol))*K(A)
       Only use K_Scaled(A) data with caution.
 
N_AIMInt(SumA)     =        113.999948
N_Analytic(Mol)    =        113.999981
 
G_AIMInt(SumA)     =        667.359753
G_Analytic(Mol)    =        667.359791
 
K_AIMInt(SumA)     =        667.359802
K_Analytic(Mol)    =        667.359791
 
L_AIMInt(SumA)     =          0.000049
L_Analytic(Mol)    =          0.000000
 
VenT_AIMInt(SumA)  =      -3432.433180
VenT_Analytic(Mol) =      -3432.433223
 
Some Information About the Atomic Calculations:
----------------------------------------------
  Time(sec) = "Elapsed User Time", in Seconds, for Atom A by AIMInt and, if used, by TWOe
  NProc = Number of Processors Used for AIMInt Job
  BIM = Basin Integration Method
  OAQ = Angular Quadrature Outside of Beta Sphere
  ORQ = Multiple of Default for Radial Quadrature Outside of Beta Sphere
  IAQ = Multiple of Default for Angular Quadrature Inside of Beta Sphere
  IRQ = Multiple of Default for Radial Quadrature Inside of Beta Sphere
  MIR = Maximum Integration Radius
------------------------------------------------------------------------------------------------------
Atom A     Time(sec)   NProc      BIM          OAQ                     ORQ      IAQ      IRQ      MIR
------------------------------------------------------------------------------------------------------
C1             31        8     Proaim(5)    4500(GS4)                  1.00     1.00     1.00    13.00
C2             36        8     Proaim(5)    4500(GS4)                  1.00     1.00     1.00    13.00
C3             50        8     Proaim(5)    4500(GS4)                  1.00     1.00     1.00    13.00
C4             51        8     Proaim(5)    4500(GS4)                  1.00     1.00     1.00    13.00
H5              8        8     Proaim(5)    1800(GS4)                  1.00     1.00     1.00    13.00
H6             10        8     Proaim(5)    1800(GS4)                  1.00     1.00     1.00    13.00
H7             11        8     Proaim(5)    1800(GS4)                  1.00     1.00     1.00    13.00
C8             26        8     Proaim(5)    4500(GS4)                  1.00     1.00     1.00    13.00
H9              6        8     Proaim(5)    1800(GS4)                  1.00     1.00     1.00    13.00
H10             7        8     Proaim(5)    1800(GS4)                  1.00     1.00     1.00    13.00
C11            34        8     Proaim(5)    4500(GS4)                  1.00     1.00     1.00    13.00
H12             8        8     Proaim(5)    1800(GS4)                  1.00     1.00     1.00    13.00
C13            28        8     Proaim(5)    4500(GS4)                  1.00     1.00     1.00    13.00
C14            28        8     Proaim(5)    4500(GS4)                  1.00     1.00     1.00    13.00
H15             7        8     Proaim(5)    1800(GS4)                  1.00     1.00     1.00    13.00
H16             8        8     Proaim(5)    1800(GS4)                  1.00     1.00     1.00    13.00
H17             8        8     Proaim(5)    1800(GS4)                  1.00     1.00     1.00    13.00
H18             7        8     Proaim(5)    1800(GS4)                  1.00     1.00     1.00    13.00
N19            53        8     Proaim(5)    4500(GS4)                  1.00     1.00     1.00    13.00
O20            29        8     Proaim(5)    4500(GS4)                  1.00     1.00     1.00    13.00
O21            28        8     Proaim(5)    4500(GS4)                  1.00     1.00     1.00    13.00
H22             9        8     Proaim(5)    1800(GS4)                  1.00     1.00     1.00    13.00
C23            51        8     Proaim(5)    4500(GS4)                  1.00     1.00     1.00    13.00
C24            36        8     Proaim(5)    4500(GS4)                  1.00     1.00     1.00    13.00
H25             8        8     Proaim(5)    1800(GS4)                  1.00     1.00     1.00    13.00
H26            20        8     Proaim(5)    4500(GS4)                  1.00     1.00     1.00    13.00
C27            38        8     Proaim(5)    4500(GS4)                  1.00     1.00     1.00    13.00
H28            20        8     Proaim(5)    4500(GS4)                  1.00     1.00     1.00    13.00
H29             9        8     Proaim(5)    1800(GS4)                  1.00     1.00     1.00    13.00
H30             9        8     Proaim(5)    1800(GS4)                  1.00     1.00     1.00    13.00
C31            32        8     Proaim(5)    4500(GS4)                  1.00     1.00     1.00    13.00
H32             7        8     Proaim(5)    1800(GS4)                  1.00     1.00     1.00    13.00
H33             8        8     Proaim(5)    1800(GS4)                  1.00     1.00     1.00    13.00
H34             8        8     Proaim(5)    1800(GS4)                  1.00     1.00     1.00    13.00
------------------------------------------------------------------------------------------------------
Total         729
Note:  Total wall clock time is less than total of atomic times if more than one atom
       was calculated at a time
 
Electron Density Critical Point Analysis of Molecular Structure:               
---------------------------------------------------------------                
  NACP = Nuclear Attractor Critical Point                                      
  NNACP = Non-Nuclear Attractor Critical Point                                 
  BCP = Bond Critical Point                                                    
  RCP = Ring Critical Point                                                    
  CCP = Cage Critical Point                                                    
  Rho = Electron Density                                                       
  GradRho = Gradient of Electron Density                                       
  HessRho_EigVals = Eigenvalues of the Hessian of Rho, Ascending Order         
  HessRho_EigVecs = Eigenvectors of the Hessian of Rho                         
  DelSqRho = Laplacian of Rho = Trace of Hessian of Rho                        
  Bond Ellipticity = (HessRho_EigVal(1) / HessRho_EigVal(2)) - 1               
  V = Virial Field = Potential Energy Density = Trace of Stress Tensor         
  G = Lagrangian Form of Kinetic Energy Density                                
  K = Hamiltonian Form of Kinetic Energy Density                               
  L = K - G = Lagrangian Density = (-1/4)DelSqRho                              
  Vnuc = Electrostatic Potential from Nuclei                                   
  Ven = Electron-nuclear attractive contribution to Virial Field V             
  Vrep = V - Ven = Repulsive contribution to Virial Field V                    
  DelSqV = Laplacian of V                                                      
  DelSqVen = Laplacian of Ven                                                  
  DelSqVrep = Laplacian of Vrep                                                
  DelSqG = Laplacian of G                                                      
  DelSqK = Laplacian of K                                                      
  Stress_EigVals = Eigenvalues of Stress Tensor, Ascending Order               
  Stress_EigVecs = Eigenvectors of Stress Tensor                               
  -DivStress = Ehrenfest Force Density = Minus Divergence of Stress Tensor     
  ESP = Total Electrostatic Potential                                          
  ESPe = Electrostatic Potential from Electrons                                
  ESPn = Electrostatic Potential from Nuclei                                   
  BP = Bond Path                                                               
  BPL = Bond Path Length                                                       
  GBL = Geometric Bond Length                                                  
  GBL_I = Distance Between Nuclear Attractors                                  
  GBL_II = Distance Between Nuclei                                             
  GBL_III = Sum of Distances Between BCP and Nuclear Attractors                
  GBL_IV = Sum of Distances Between BCP and Nuclei                             

CP# 1      Coords =  1.00232431498470E+01 -2.57780060467583E+00 -5.17187472341244E-01
           Type = (3,-3) NACP C1
           Rho =  1.1768139128E+02     Rho at Nucleus =  1.1768139115E+02
           GradRho =  4.4124973304E-10 -3.0734559234E-10  2.4524081550E-11
           HessRho_EigVals = -1.4501315976E+05 -1.4501241117E+05 -1.4501223126E+05
           HessRho_EigVec1 = -3.0050675534E-01 -4.1544235489E-01  8.5854722628E-01
           HessRho_EigVec2 =  3.5940059794E-01  7.8447739664E-01  5.0539729358E-01
           HessRho_EigVec3 =  8.8347433477E-01 -4.6043768734E-01  8.6430526346E-02
           DelSqRho = -4.3503780220E+05
           Bond Ellipticity = NA
           V = -1.0876972634E+05
           G =  5.1378946102E+00
           K =  1.0876458844E+05
           L =  1.0875945055E+05
           Vnuc =  4.5143848399E+06
           Ven = -5.3125908872E+08
           Vrep =  5.3115031899E+08
           DelSqV =  2.4954067897E+09
           DelSqVen =  1.9639277978E+12
           DelSqVrep = -1.9614323910E+12
           DelSqG =  1.3404313647E+08
           DelSqK = -2.6294499262E+09
           Stress_EigVals = -3.6256809006E+04 -3.6256697341E+04 -3.6256219991E+04
           Stress_EigVec1 =  8.5857769956E-01 -5.1013269560E-01  5.1078045140E-02
           Stress_EigVec2 =  4.1599622171E-01  7.5142284175E-01  5.1216291980E-01
           Stress_EigVec3 = -2.9965226069E-01 -4.1848338770E-01  8.5736816881E-01
           -DivStress = -8.9553366205E+02  6.0706015412E+02 -3.8442741721E+01
           ESP =  -1.4770605573E+01     ESP at Nucleus =  -1.4770605590E+01
           ESPe = -2.8466263837E+01     ESPe at Nucleus = -2.8466266211E+01
           ESPn =  1.3695658264E+01     ESPn at Nucleus =  1.3695660621E+01

CP# 2      Coords = -5.84619072953567E+00  1.71963401947259E+00 -1.45483784484753E+00
           Type = (3,-3) NACP C2
           Rho =  1.1771998292E+02     Rho at Nucleus =  1.1771998283E+02
           GradRho = -2.9045233598E-10 -4.9661629755E-11  8.4025289812E-11
           HessRho_EigVals = -1.4505873319E+05 -1.4505709871E+05 -1.4505688409E+05
           HessRho_EigVec1 =  1.0785666476E-01  6.4347361022E-01  7.5783154647E-01
           HessRho_EigVec2 =  9.3633590428E-01 -3.2194292387E-01  1.4009935093E-01
           HessRho_EigVec3 =  3.3412873900E-01  6.9447423763E-01 -6.3723113471E-01
           DelSqRho = -4.3517271599E+05
           Bond Ellipticity = NA
           V = -1.0880343676E+05
           G =  5.1288815095E+00
           K =  1.0879830788E+05
           L =  1.0879317900E+05
           Vnuc =  5.1381564120E+06
           Ven = -6.0486368509E+08
           Vrep =  6.0475488165E+08
           DelSqV =  2.4961739454E+09
           DelSqVen =  2.2359852319E+12
           DelSqVrep = -2.2334891235E+12
           DelSqG =  1.3408165055E+08
           DelSqK = -2.6302555959E+09
           Stress_EigVals = -3.6268110772E+04 -3.6268002792E+04 -3.6267323198E+04
           Stress_EigVec1 =  1.5272498551E-02  7.6052416876E-01 -6.4912998661E-01
           Stress_EigVec2 =  9.9382948350E-01 -8.2877628978E-02 -7.3717408728E-02
           Stress_EigVec3 =  1.0986222518E-01  6.4399867030E-01  7.5709709030E-01
           -DivStress =  9.2445322878E+02  1.2063380967E+02 -2.0581124695E+02
           ESP =  -1.4702175464E+01     ESP at Nucleus =  -1.4702175467E+01
           ESPe = -3.2413440280E+01     ESPe at Nucleus = -3.2413440223E+01
           ESPn =  1.7711264816E+01     ESPn at Nucleus =  1.7711264756E+01

CP# 3      Coords = -4.61428373507244E+00 -4.43090685200261E-02 -1.26073340305097E-01
           Type = (3,-3) NACP C3
           Rho =  1.1766311739E+02     Rho at Nucleus =  1.1766311550E+02
           GradRho = -1.1180647337E-11  4.5083487182E-13  4.9552684835E-13
           HessRho_EigVals = -1.4497254743E+05 -1.4497156447E+05 -1.4497076015E+05
           HessRho_EigVec1 =  9.9377981538E-01  1.5775331083E-02 -1.1023981804E-01
           HessRho_EigVec2 =  7.2665269552E-02  6.5828156889E-01  7.4925638780E-01
           HessRho_EigVec3 = -8.4388607957E-02  7.5260648083E-01 -6.5304061731E-01
           DelSqRho = -4.3491487204E+05
           Bond Ellipticity = NA
           V = -1.0873901682E+05
           G =  5.1494043654E+00
           K =  1.0873386741E+05
           L =  1.0872871801E+05
           Vnuc =  1.1732818389E+06
           Ven = -1.3805199874E+08
           Vrep =  1.3794325972E+08
           DelSqV =  2.4946832855E+09
           DelSqVen =  5.1027771597E+11
           DelSqVrep = -5.0778303166E+11
           DelSqG =  1.3398650554E+08
           DelSqK = -2.6286697911E+09
           Stress_EigVals = -3.6246709799E+04 -3.6246185914E+04 -3.6246121105E+04
           Stress_EigVec1 = -1.3837973827E-01  7.6338499737E-01 -6.3094721953E-01
           Stress_EigVec2 =  4.2377602609E-02  6.4105693002E-01  7.6632248516E-01
           Stress_EigVec3 =  9.8947217588E-01  7.9305474391E-02 -1.2105971625E-01
           -DivStress = -4.1010223373E+03  6.0771172045E+02 -1.6362345184E+02
           ESP =  -1.4676719035E+01     ESP at Nucleus =  -1.4676719190E+01
           ESPe = -3.4432430919E+01     ESPe at Nucleus = -3.4432429429E+01
           ESPn =  1.9755711884E+01     ESPn at Nucleus =  1.9755710239E+01

CP# 4      Coords =  7.88800170022439E+00 -1.20157047653053E+00 -5.85087334176413E-01
           Type = (3,-3) NACP C4
           Rho =  1.1765648921E+02     Rho at Nucleus =  1.1765648902E+02
           GradRho = -7.6495645907E-10  4.4579264715E-10 -4.8177762344E-11
           HessRho_EigVals = -1.4496966058E+05 -1.4496865757E+05 -1.4496820957E+05
           HessRho_EigVec1 = -2.9692193017E-01 -4.1803987561E-01  8.5853365093E-01
           HessRho_EigVec2 =  3.8903994765E-01  7.6812111922E-01  5.0856451443E-01
           HessRho_EigVec3 =  8.7205807520E-01 -4.8500784386E-01  6.5437794003E-02
           DelSqRho = -4.3490652772E+05
           Bond Ellipticity = NA
           V = -1.0873680170E+05
           G =  5.0848827413E+00
           K =  1.0873171681E+05
           L =  1.0872663193E+05
           Vnuc =  3.7657890950E+06
           Ven = -4.4306952401E+08
           Vrep =  4.4296078721E+08
           DelSqV =  2.4946407835E+09
           DelSqVen =  1.6377664963E+12
           DelSqVrep = -1.6352718555E+12
           DelSqG =  1.3398905823E+08
           DelSqK = -2.6286298418E+09
           Stress_EigVals = -3.6245891877E+04 -3.6245689857E+04 -3.6245219961E+04
           Stress_EigVec1 =  8.4525616782E-01 -5.3331597583E-01  3.3407793844E-02
           Stress_EigVec2 =  4.4331463248E-01  7.3477273978E-01  5.1340155580E-01
           Stress_EigVec3 = -2.9835238794E-01 -4.1914566776E-01  8.5749796607E-01
           -DivStress =  1.1280291460E+03 -6.2483162565E+02  7.7422264508E+01
           ESP =  -1.4749775445E+01     ESP at Nucleus =  -1.4749775464E+01
           ESPe = -3.1411793384E+01     ESPe at Nucleus = -3.1411792632E+01
           ESPn =  1.6662017938E+01     ESPn at Nucleus =  1.6662017168E+01

CP# 5      Coords =  1.01138244254682E+01 -4.40098793200875E+00 -1.37961535859548E+00
           Type = (3,-3) NACP H5
           Rho =  4.2668759802E-01     Rho at Nucleus =  4.2307297085E-01
           GradRho = -2.8180696810E-12  5.9642542397E-11  2.8259816931E-11
           HessRho_EigVals = -6.5029754762E+00 -6.4963955792E+00 -5.9099885090E+00
           HessRho_EigVec1 =  9.5274986655E-01 -9.0375254427E-02  2.9000000894E-01
           HessRho_EigVec2 = -3.0049295249E-01 -4.1998434108E-01  8.5633938293E-01
           HessRho_EigVec3 = -4.4403573058E-02  9.0302019171E-01  4.2729715195E-01
           DelSqRho = -1.8909359564E+01
           Bond Ellipticity = NA
           V = -4.7371957101E+00
           G =  4.9279094971E-03
           K =  4.7322678006E+00
           L =  4.7273398911E+00
           Vnuc =  4.2832832983E+01
           Ven = -1.8276238622E+01
           Vrep =  1.3539042912E+01
           DelSqV =  7.1250778371E+02
           DelSqVen =  8.0994144015E+02
           DelSqVrep = -9.7433656436E+01
           DelSqG =  7.0183439406E+01
           DelSqK = -7.8269122312E+02
           Stress_EigVals = -1.6291191866E+00 -1.6288415117E+00 -1.4792350119E+00
           Stress_EigVec1 =  9.5178875664E-01 -9.0544234387E-02  2.9308685464E-01
           Stress_EigVec2 = -3.0335103763E-01 -4.1974721630E-01  8.5544749832E-01
           Stress_EigVec3 = -4.5566552575E-02  9.0311351226E-01  4.2697736856E-01
           -DivStress =  3.3355203345E-01 -7.0692238233E+00 -3.3501462876E+00
           ESP =  -1.1299135947E+00     ESP at Nucleus =  -1.1323334188E+00
           ESPe = -1.5001187245E+01     ESPe at Nucleus = -1.4920359243E+01
           ESPn =  1.3871273650E+01     ESPn at Nucleus =  1.3788025824E+01

CP# 6      Coords =  1.17085698781425E+01 -1.93978671596305E+00  3.85319713378484E-01
           Type = (3,-3) NACP H6
           Rho =  4.2798091457E-01     Rho at Nucleus =  4.2431078324E-01
           GradRho = -4.0976531724E-15 -3.2127570054E-15 -4.2818633567E-15
           HessRho_EigVals = -6.5223409062E+00 -6.5160691801E+00 -5.9236759359E+00
           HessRho_EigVec1 = -4.5885943047E-01  8.5010077663E-01  2.5841186630E-01
           HessRho_EigVec2 = -2.9889846074E-01 -4.2157665668E-01  8.5611496466E-01
           HessRho_EigVec3 =  8.3672440698E-01  3.1559751602E-01  4.4753823819E-01
           DelSqRho = -1.8962086022E+01
           Bond Ellipticity = NA
           V = -4.7506632598E+00
           G =  5.0708771193E-03
           K =  4.7455923827E+00
           L =  4.7405215056E+00
           Vnuc =  4.2968788411E+01
           Ven = -1.8389821362E+01
           Vrep =  1.3639158102E+01
           DelSqV =  7.1429148001E+02
           DelSqVen =  8.1477786212E+02
           DelSqVrep = -1.0048638211E+02
           DelSqG =  7.0367314868E+01
           DelSqK = -7.8465879487E+02
           Stress_EigVals = -1.6340597794E+00 -1.6338328673E+00 -1.4827706131E+00
           Stress_EigVec1 = -4.5899413048E-01  8.4810156207E-01  2.6466606998E-01
           Stress_EigVec2 = -2.9601071411E-01 -4.2686345449E-01  8.5449707334E-01
           Stress_EigVec3 =  8.3767657561E-01  3.1386514880E-01  4.4697496915E-01
           -DivStress =  6.6078332555E+00  2.4989377380E+00  3.5373072569E+00
           ESP =  -1.1287967812E+00     ESP at Nucleus =  -1.1312379256E+00
           ESPe = -1.5317837149E+01     ESPe at Nucleus = -1.5239949541E+01
           ESPn =  1.4189040368E+01     ESPn at Nucleus =  1.4108711616E+01

CP# 7      Coords = -4.78697681113314E+00  2.94434136949557E+00 -2.65436198003843E+00
           Type = (3,-3) NACP H7
           Rho =  4.2137788235E-01     Rho at Nucleus =  4.1737676719E-01
           GradRho = -1.7422145775E-09 -1.9553457327E-09  1.9251411543E-09
           HessRho_EigVals = -6.4179043632E+00 -6.4124833979E+00 -5.7867775628E+00
           HessRho_EigVec1 =  8.3594909613E-01 -4.8345961659E-01  2.5972275181E-01
           HessRho_EigVec2 = -1.3008220379E-01 -6.3431304322E-01 -7.6205353058E-01
           HessRho_EigVec3 = -5.3316763680E-01 -6.0325265216E-01  5.9314290751E-01
           DelSqRho = -1.8617165324E+01
           Bond Ellipticity = NA
           V = -4.6637020197E+00
           G =  4.7053443525E-03
           K =  4.6589966753E+00
           L =  4.6542913310E+00
           Vnuc =  4.4888265970E+01
           Ven = -1.8914922457E+01
           Vrep =  1.4251220437E+01
           DelSqV =  6.9961558956E+02
           DelSqVen =  8.3569227349E+02
           DelSqVrep = -1.3607668393E+02
           DelSqG =  6.8915115433E+01
           DelSqK = -7.6853070499E+02
           Stress_EigVals = -1.6080353034E+00 -1.6069009503E+00 -1.4487657659E+00
           Stress_EigVec1 = -8.3376355358E-01  4.9717698278E-01 -2.4011119198E-01
           Stress_EigVec2 = -1.5015862479E-01 -6.2268589070E-01 -7.6792881762E-01
           Stress_EigVec3 = -5.3131038397E-01 -6.0421629349E-01  5.9382821300E-01
           -DivStress =  4.3919182819E+00  4.9184407262E+00 -4.8446928019E+00
           ESP =  -1.0747140306E+00     ESP at Nucleus =  -1.0774194929E+00
           ESPe = -1.8677884413E+01     ESPe at Nucleus = -1.8586192256E+01
           ESPn =  1.7603170383E+01     ESPn at Nucleus =  1.7508772763E+01

CP# 8      Coords = -8.66360098070107E+00  2.03480194338241E+00 -1.30581661402846E+00
           Type = (3,-3) NACP C8
           Rho =  1.1753140473E+02     Rho at Nucleus =  1.1753140457E+02
           GradRho =  6.7454071184E-10 -1.9613279125E-10  4.5260020393E-11
           HessRho_EigVals = -1.4482858255E+05 -1.4482827108E+05 -1.4482815726E+05
           HessRho_EigVec1 =  9.8101314347E-01 -9.0107581971E-02 -1.7173769534E-01
           HessRho_EigVec2 =  1.5475191623E-01 -1.7005109755E-01  9.7320833774E-01
           HessRho_EigVec3 =  1.1689763365E-01  9.8130690810E-01  1.5287804079E-01
           DelSqRho = -4.3448501089E+05
           Bond Ellipticity = NA
           V = -1.0863167023E+05
           G =  5.2087518728E+00
           K =  1.0862646147E+05
           L =  1.0862125272E+05
           Vnuc =  4.0966936296E+06
           Ven = -4.8149015702E+08
           Vrep =  4.8138152535E+08
           DelSqV =  2.4922530540E+09
           DelSqVen =  1.7799521239E+12
           DelSqVrep = -1.7774598708E+12
           DelSqG =  1.3387272694E+08
           DelSqK = -2.6261257810E+09
           Stress_EigVals = -3.6210619806E+04 -3.6210579075E+04 -3.6210471345E+04
           Stress_EigVec1 =  5.4814512869E-02  9.6848247119E-01  2.4297545592E-01
           Stress_EigVec2 =  2.8247575442E-01 -2.4844154593E-01  9.2654424958E-01
           Stress_EigVec3 =  9.5770706239E-01  1.7846603524E-02 -2.8719101900E-01
           -DivStress = -1.1331964198E+03  3.3842136400E+02 -9.6593957321E+01
           ESP =  -1.4707525741E+01     ESP at Nucleus =  -1.4707525748E+01
           ESPe = -3.0413735163E+01     ESPe at Nucleus = -3.0413733075E+01
           ESPn =  1.5706209421E+01     ESPn at Nucleus =  1.5706207327E+01

CP# 9      Coords = -9.10681589101420E+00  4.02451817300874E+00 -1.19719016446212E+00
           Type = (3,-3) NACP H9
           Rho =  4.2416742574E-01     Rho at Nucleus =  4.2073038839E-01
           GradRho =  3.2615234852E-10 -1.4331280241E-09 -7.4143635764E-11
           HessRho_EigVals = -6.4592668179E+00 -6.4573907458E+00 -5.8888567202E+00
           HessRho_EigVec1 =  7.6314106492E-01  2.0572017295E-01 -6.1261319401E-01
           HessRho_EigVec2 =  6.0697314648E-01  9.7200334811E-02  7.8875578880E-01
           HessRho_EigVec3 = -2.2180918486E-01  9.7377169057E-01  5.0689053653E-02
           DelSqRho = -1.8805514284E+01
           Bond Ellipticity = NA
           V = -4.7111298541E+00
           G =  4.8756415853E-03
           K =  4.7062542126E+00
           L =  4.7013785710E+00
           Vnuc =  4.4833313957E+01
           Ven = -1.9016831368E+01
           Vrep =  1.4305701514E+01
           DelSqV =  7.0907192087E+02
           DelSqVen =  8.4311352859E+02
           DelSqVrep = -1.3404160772E+02
           DelSqG =  6.9828484735E+01
           DelSqK = -7.7890040560E+02
           Stress_EigVals = -1.6185290153E+00 -1.6182563933E+00 -1.4743444456E+00
           Stress_EigVec1 =  5.1907735308E-01  1.6223420789E-01 -8.3918934890E-01
           Stress_EigVec2 =  8.2533579522E-01  1.6012024266E-01  5.4146314096E-01
           Stress_EigVec3 = -2.2221504596E-01  9.7367426262E-01  5.0782907245E-02
           -DivStress = -1.6856165749E+00  7.4070670747E+00  3.8227711334E-01
           ESP =  -1.0915485305E+00     ESP at Nucleus =  -1.0938044077E+00
           ESPe = -1.6295131171E+01     ESPe at Nucleus = -1.6205045691E+01
           ESPn =  1.5203582641E+01     ESPn at Nucleus =  1.5111241283E+01

CP# 10     Coords = -9.47442970695032E+00  1.39757582574004E+00 -3.07576578776325E+00
           Type = (3,-3) NACP H10
           Rho =  4.2177274713E-01     Rho at Nucleus =  4.1843380613E-01
           GradRho =  5.7917606775E-15  1.8942359794E-15  4.6409603476E-15
           HessRho_EigVals = -6.4310913016E+00 -6.4288961030E+00 -5.8716704530E+00
           HessRho_EigVec1 =  8.2642480471E-01  2.8845608811E-01 -4.8354433859E-01
           HessRho_EigVec2 = -3.9766031648E-01  9.0700880508E-01 -1.3856875626E-01
           HessRho_EigVec3 =  3.9860797138E-01  3.0680305205E-01  8.6428211390E-01
           DelSqRho = -1.8731657858E+01
           Bond Ellipticity = NA
           V = -4.6927801794E+00
           G =  4.9328574894E-03
           K =  4.6878473219E+00
           L =  4.6829144644E+00
           Vnuc =  4.5534389306E+01
           Ven = -1.9205164467E+01
           Vrep =  1.4512384287E+01
           DelSqV =  7.0677817596E+02
           DelSqVen =  8.5293460124E+02
           DelSqVrep = -1.4615642528E+02
           DelSqG =  6.9677267198E+01
           DelSqK = -7.7645544316E+02
           Stress_EigVals = -1.6114366187E+00 -1.6111298074E+00 -1.4702137533E+00
           Stress_EigVec1 =  7.9883461788E-01  3.4686585893E-01 -4.9147464755E-01
           Stress_EigVec2 = -4.5065874367E-01  8.8626037758E-01 -1.0700112093E-01
           Stress_EigVec3 =  3.9845947099E-01  3.0696354676E-01  8.6429360228E-01
           -DivStress = -2.9763780888E+00 -2.2990238798E+00 -6.4672201488E+00
           ESP =  -1.0885470850E+00     ESP at Nucleus =  -1.0907424464E+00
           ESPe = -1.6614377489E+01     ESPe at Nucleus = -1.6527447274E+01
           ESPn =  1.5525830404E+01     ESPn at Nucleus =  1.5436704827E+01

CP# 11     Coords = -5.81477831123244E+00 -1.94904321815326E+00  1.60633049022447E+00
           Type = (3,-3) NACP C11
           Rho =  1.1753573078E+02     Rho at Nucleus =  1.1753573045E+02
           GradRho =  1.5388669058E-11  1.7523854312E-09 -1.4527434976E-09
           HessRho_EigVals = -1.4483645928E+05 -1.4483594162E+05 -1.4483575944E+05
           HessRho_EigVec1 =  5.6493290761E-01  6.3860584827E-01 -5.2252596151E-01
           HessRho_EigVec2 = -6.7686052738E-01 -3.5265228565E-03 -7.3610283935E-01
           HessRho_EigVec3 = -4.7192227789E-01  7.6952591522E-01  4.3025484244E-01
           DelSqRho = -4.3450816035E+05
           Bond Ellipticity = NA
           V = -1.0863750122E+05
           G =  5.2305647584E+00
           K =  1.0863227065E+05
           L =  1.0862704009E+05
           Vnuc =  2.7789349634E+06
           Ven = -3.2662415172E+08
           Vrep =  3.2651551422E+08
           DelSqV =  2.4923884667E+09
           DelSqVen =  1.2074699121E+12
           DelSqVrep = -1.2049775195E+12
           DelSqG =  1.3388216896E+08
           DelSqK = -2.6262706357E+09
           Stress_EigVals = -3.6212596762E+04 -3.6212531554E+04 -3.6212372900E+04
           Stress_EigVec1 = -3.8408381188E-01  7.8712907200E-01  4.8260485853E-01
           Stress_EigVec2 = -6.5172440984E-01  1.3912230541E-01 -7.4558720332E-01
           Stress_EigVec3 =  6.5401446396E-01  6.0089334175E-01 -4.5955660453E-01
           -DivStress =  3.8890628444E+01 -1.3370284983E+03  1.1258038560E+03
           ESP =  -1.4714119857E+01     ESP at Nucleus =  -1.4714119874E+01
           ESPe = -3.2183628376E+01     ESPe at Nucleus = -3.2183625237E+01
           ESPn =  1.7469508519E+01     ESPn at Nucleus =  1.7469505363E+01

CP# 12     Coords = -5.40792226178652E+00 -1.45871522515889E+00  3.54659048413246E+00
           Type = (3,-3) NACP H12
           Rho =  4.2398958472E-01     Rho at Nucleus =  4.2053894549E-01
           GradRho = -1.0946692479E-10 -1.2339063595E-10 -5.0546858483E-10
           HessRho_EigVals = -6.4587393600E+00 -6.4573493129E+00 -5.8870600264E+00
           HessRho_EigVec1 =  8.9072074104E-01  3.5927471926E-01 -2.7845688641E-01
           HessRho_EigVec2 =  4.0640943621E-01 -9.0383300107E-01  1.3385543074E-01
           HessRho_EigVec3 =  2.0358765101E-01  2.3239531467E-01  9.5107543658E-01
           DelSqRho = -1.8803148699E+01
           Bond Ellipticity = NA
           V = -4.7105973940E+00
           G =  4.9051096205E-03
           K =  4.7056922844E+00
           L =  4.7007871748E+00
           Vnuc =  4.7017107233E+01
           Ven = -1.9934763771E+01
           Vrep =  1.5224166377E+01
           DelSqV =  7.0896778137E+02
           DelSqVen =  8.8406965964E+02
           DelSqVrep = -1.7510187828E+02
           DelSqG =  6.9852048978E+01
           DelSqK = -7.7881983034E+02
           Stress_EigVals = -1.6183519754E+00 -1.6182166974E+00 -1.4740287212E+00
           Stress_EigVec1 =  9.5723303429E-01  1.5666140752E-01 -2.4323264883E-01
           Stress_EigVec2 =  2.0555377687E-01 -9.5988478827E-01  1.9070615631E-01
           Stress_EigVec3 =  2.0359902475E-01  2.3254762229E-01  9.5103577245E-01
           -DivStress =  1.5747987238E+00  1.7706228613E+00  7.2429335216E+00
           ESP =  -1.1002686256E+00     ESP at Nucleus =  -1.1025225735E+00
           ESPe = -1.8548965191E+01     ESPe at Nucleus = -1.8459814122E+01
           ESPn =  1.7448696565E+01     ESPn at Nucleus =  1.7357291549E+01

CP# 13     Coords = -9.83125859728355E+00  5.89710949006413E-01  9.26940405840552E-01
           Type = (3,-3) NACP C13
           Rho =  1.1753675771E+02     Rho at Nucleus =  1.1753675760E+02
           GradRho =  2.8189689550E-10 -1.4407649269E-11 -2.8920799288E-10
           HessRho_EigVals = -1.4483595178E+05 -1.4483574547E+05 -1.4483551446E+05
           HessRho_EigVec1 = -2.6619539893E-01 -6.2167088225E-01  7.3665821366E-01
           HessRho_EigVec2 = -5.6539166592E-01  7.1965891826E-01  4.0301774834E-01
           HessRho_EigVec3 =  7.8068705234E-01  3.0921894434E-01  5.4305742861E-01
           DelSqRho = -4.3450721172E+05
           Bond Ellipticity = NA
           V = -1.0863716060E+05
           G =  5.1788367627E+00
           K =  1.0863198177E+05
           L =  1.0862680293E+05
           Vnuc =  5.0027825327E+06
           Ven = -5.8801083842E+08
           Vrep =  5.8790220126E+08
           DelSqV =  2.4923798306E+09
           DelSqVen =  2.1737451028E+12
           DelSqVrep = -2.1712527230E+12
           DelSqG =  1.3388038998E+08
           DelSqK = -2.6262602205E+09
           Stress_EigVals = -3.6212472068E+04 -3.6212389955E+04 -3.6212298579E+04
           Stress_EigVec1 =  8.0722649196E-01  2.8075454009E-01  5.1919387409E-01
           Stress_EigVec2 = -5.6889759043E-01  6.0449140233E-01  5.5762503182E-01
           Stress_EigVec3 =  1.5729247368E-01  7.4549784221E-01 -6.4768205548E-01
           -DivStress = -6.1801795626E+02  4.2700049789E+01  7.5188069387E+02
           ESP =  -1.4719251492E+01     ESP at Nucleus =  -1.4719251495E+01
           ESPe = -3.0064469292E+01     ESPe at Nucleus = -3.0064467565E+01
           ESPn =  1.5345217800E+01     ESPn at Nucleus =  1.5345216070E+01

CP# 14     Coords = -8.68532906150895E+00 -2.06350921950891E+00  1.15493447130841E+00
           Type = (3,-3) NACP C14
           Rho =  1.1753994146E+02     Rho at Nucleus =  1.1753994136E+02
