AIMSum (Version 19.02.13, Professional)
Copyright (c) 1997-2019 by Todd A. Keith
AIMSum is a component of the AIMAll package ( http://aim.tkgristmill.com )

TP:  64-bit Linux

Much of the Quantum Theory of Atoms in Molecules (QTAIM) is described in the book:
  "Atoms in Molecules - A Quantum Theory"
  R.F.W. Bader, Oxford University Press, Oxford, 1990

For additional references see:  http://aim.tkgristmill.com/references.html

Wfn File:  /home/mhennefarth/Documents/ML_Diels/summary-paton2010/4-opt/4-opt.wfn
Sum File:  /home/mhennefarth/Documents/ML_Diels/summary-paton2010/4-opt/4-opt.sum

SumViz File:  /home/mhennefarth/Documents/ML_Diels/summary-paton2010/4-opt/4-opt.sumviz

Wfn Title:   Title Card Required                                                           
 
Total memory allocated for AIMSum =        1.869 Megabytes

Atomic units (a.u.) used throughout, except where stated otherwise

Model:  Restricted SCF
 
Restricted, closed-shell, single-determinant wavefunction.
  Number of electrons (from MO Occs)                   =         114.0000000000
  Number of Alpha electrons (from MO Occs)             =          57.0000000000
  Number of Beta electrons (from MO Occs)              =          57.0000000000
  Number of electron pairs (N*(N-1)/2)                 =        6441.0000000000
  Number of electron pairs (from Muller 2EDM)          =        6441.0000000000
 
Nuclear Charges and Cartesian Coordinates:
-------------------------------------------------------------------------------
Atom      Charge                X                  Y                  Z
-------------------------------------------------------------------------------
C1         6.0           6.4607499300E+00   4.1539926100E+00   6.8476565000E-01
C2         6.0          -3.4434716000E+00   8.3768039000E-01  -2.3230844100E+00
C3         6.0          -3.0390683200E+00  -9.7538216000E-01  -6.0784431000E-01
C4         6.0           3.2071450100E+00   5.6366458000E-01   3.6283581500E+00
C5         6.0           4.6714805200E+00  -4.8615050000E-02   1.6497336100E+00
C6         6.0           5.6044368700E+00   1.9162928400E+00  -1.4259864000E-01
H7         1.0           6.5715599500E+00   4.5939786800E+00   2.6862429900E+00
H8         1.0           2.6024564800E+00   2.4967639100E+00   3.9637495900E+00
H9         1.0           2.5730859300E+00  -8.5945166000E-01   4.9677399400E+00
H10        1.0           7.1085184500E+00   5.6023300700E+00  -6.2112265000E-01
H11        1.0          -2.3722031200E+00   7.9842832000E-01  -4.0719889500E+00
C12        6.0          -5.3195890400E+00   2.9268551900E+00  -1.9046392500E+00
H13        1.0          -4.4834665200E+00   4.7211085400E+00  -2.5271720600E+00
H14        1.0          -6.9435412000E+00   2.6104484200E+00  -3.1683159600E+00
C15        6.0          -4.3871005500E+00  -1.2271077700E+00   1.8789166100E+00
H16        1.0          -3.0815087800E+00  -7.2236804000E-01   3.4123287400E+00
C17        6.0          -6.1988957600E+00   3.0995758700E+00   8.5811889000E-01
C18        6.0          -6.7507453700E+00   4.6461366000E-01   1.9348985400E+00
H19        1.0          -7.8746144600E+00   4.3091752800E+00   9.9025418000E-01
H20        1.0          -4.7139546100E+00   4.0053831000E+00   1.9902223700E+00
H21        1.0          -8.2567764000E+00  -4.2833743000E-01   8.1901818000E-01
H22        1.0          -7.4519644000E+00   6.0326436000E-01   3.8780838200E+00
N23        7.0          -1.0982358300E+00  -2.8903701100E+00  -1.1530591700E+00
O24        8.0           1.0228561000E-01  -2.7609612300E+00  -3.1495352500E+00
O25        8.0          -7.7142641000E-01  -4.5402377000E+00   4.5708770000E-01
H26        1.0          -4.8915765400E+00  -3.2067790100E+00   2.1994108500E+00
C27        6.0           5.5926318600E+00   1.2686625400E+00  -2.9275971500E+00
H28        1.0           6.8955004500E+00  -2.9017699000E-01  -3.3452268800E+00
H29        1.0           3.7165214900E+00   6.4551218000E-01  -3.5497503600E+00
H30        1.0           6.1664102300E+00   2.8949122500E+00  -4.0690204000E+00
C31        6.0           5.3933857200E+00  -2.7650045300E+00   1.1237741300E+00
H32        1.0           4.4818477000E+00  -3.4619874600E+00  -6.0199891000E-01
H33        1.0           7.4423987000E+00  -2.9628839500E+00   8.6770493000E-01
H34        1.0           4.8063282600E+00  -3.9985074000E+00   2.6740244000E+00
 
Some Atomic Properties:
----------------------
  q(A) = Net Charge of Atom A
  L(A) = Lagrangian of Atom A = -(1/4) Times Atomic Integral of the Laplacian of the Electron Density
  K(A) = Electronic Kinetic Energy of Atom A (Hamiltonian Form)
  K_Scaled(A) = K(A) * E(Mol)/K(Mol) = Approximation to Virial-Based Total Energy of Atom A.
  |Mu_Intra(A)| = Magnitude of Intraatomic Dipole Moment of Atom A
--------------------------------------------------------------------------------------------------
Atom A          q(A)              L(A)              K(A)          K_Scaled(A)      |Mu_Intra(A)|
--------------------------------------------------------------------------------------------------
C1       -1.0319304320E-01 -1.3615566428E-04  3.7717948226E+01 -3.8081383665E+01  1.2391510032E-01
C2       -1.2646481400E-02  4.8554582028E-05  3.7737981343E+01 -3.8101609814E+01  1.7910146223E-01
C3        2.1776342520E-01  2.9553674280E-05  3.7620460614E+01 -3.7982956700E+01  4.9022871251E-01
C4       -1.1003358470E-01  1.6332726201E-04  3.7718259350E+01 -3.8081697787E+01  1.2928827235E-01
C5       -2.9646243000E-03 -7.1590335190E-05  3.7704742513E+01 -3.8068050707E+01  2.6610886398E-02
C6       -4.4880934000E-03  5.3068787875E-06  3.7705867647E+01 -3.8069186683E+01  2.4610610391E-02
H7        3.7125120110E-02  2.4571409067E-05  5.9677284363E-01 -6.0252311401E-01  1.5128289694E-01
H8        3.1671381110E-02  2.4326561054E-05  5.9863775371E-01 -6.0440599364E-01  1.5281073234E-01
H9        3.1519828760E-02  2.2799961105E-05  5.9817852716E-01 -6.0394234216E-01  1.5262449142E-01
H10       2.7698352630E-02  2.2551150677E-05  5.9982757303E-01 -6.0560727759E-01  1.5354457703E-01
H11       1.0088010994E-01  6.4393414260E-06  5.7786361710E-01 -5.8343168555E-01  1.3801661571E-01
C12       1.8190933600E-02  2.8861083663E-04  3.7679274053E+01 -3.8042336843E+01  1.2095454233E-01
H13       2.9090474670E-02  2.2394536703E-05  6.0376943724E-01 -6.0958712407E-01  1.5118946532E-01
H14       2.7480437620E-02  2.4971475852E-05  6.0261800513E-01 -6.0842459721E-01  1.5283880282E-01
C15       3.6285127700E-02 -2.7752303994E-04  3.7683701603E+01 -3.8046807055E+01  1.6998944574E-01
H16       3.5797107150E-02  1.6490847597E-05  6.0130679552E-01 -6.0710075329E-01  1.4946603235E-01
C17       1.9795513300E-02 -1.4506205913E-04  3.7674103331E+01 -3.8037116298E+01  8.3633355797E-02
C18       2.0686223200E-02 -8.0132934635E-05  3.7673168833E+01 -3.8036172795E+01  7.7819263708E-02
H19       1.0226519910E-02  2.2270825142E-05  6.1257269349E-01 -6.1847520506E-01  1.5440048438E-01
H20       7.2732286000E-03  3.1410371047E-05  6.1387273598E-01 -6.1978777426E-01  1.5542880884E-01
H21       2.4155856300E-03  2.8488581108E-05  6.1578871328E-01 -6.2172221316E-01  1.5702611370E-01
H22       1.2804343990E-02  2.7797198328E-05  6.1186364751E-01 -6.1775932699E-01  1.5382606309E-01
N23       3.8147905970E-01 -3.7184093681E-04  5.3951632188E+01 -5.4471489075E+01  7.2253562075E-01
O24      -4.9518716750E-01  3.5877454617E-05  7.4823331390E+01 -7.5544299830E+01  3.1615337775E-01
O25      -4.7381127410E-01  7.8839312637E-05  7.4827409287E+01 -7.5548417020E+01  2.9823533042E-01
H26       5.1708489040E-02  2.7472402137E-05  5.9871876498E-01 -6.0448778550E-01  1.4501967577E-01
C27      -2.9339237500E-02 -1.1364689730E-04  3.7696201877E+01 -3.8059427776E+01  9.0326183907E-02
H28       2.1602977400E-02  3.2771753254E-05  6.0252383840E-01 -6.0832952312E-01  1.5118800080E-01
H29       3.9840368660E-02  3.4328875846E-05  5.9669555813E-01 -6.0244508382E-01  1.3720963355E-01
H30       1.1778740580E-02  2.4238152649E-05  6.0698491189E-01 -6.1283358178E-01  1.5481240879E-01
C31      -2.7623660300E-02 -2.7705247875E-04  3.7696938004E+01 -3.8060170996E+01  9.8958587023E-02
H32       5.0395239530E-02  9.5698664447E-06  5.9354163924E-01 -5.9926077499E-01  1.3509590477E-01
H33       1.2402417040E-02  3.0803519382E-05  6.0520696986E-01 -6.1103850819E-01  1.5578423389E-01
H34       2.2886524180E-02  1.9223141986E-05  6.0343877529E-01 -6.0925327599E-01  1.5099907161E-01
--------------------------------------------------------------------------------------------------
Total    -4.8963715000E-04 -3.7001437424E-04  6.6735120306E+02 -6.7378153898E+02
 
1st Largest |L(A)| = 3.7184093681E-04, atom N23     
2nd Largest |L(A)| = 2.8861083663E-04, atom C12     
 
Molecular charge q(Mol) from the wfn file:   0.0000000000E+00
Molecular energy E(Mol) from the wfn file:  -6.7378156501E+02
Molecular virial ratio (-V(Mol)/T(Mol)) from the wfn file:   2.0096356100E+00
Note.  K_Scaled(A) = (1+V(Mol)/T(Mol))*K(A) = (E(Mol)/T(Mol))*K(A)
       Only use K_Scaled(A) data with caution.
 
N_AIMInt(SumA)     =        114.000490
N_Analytic(Mol)    =        113.999981
 
G_AIMInt(SumA)     =        667.351573
G_Analytic(Mol)    =        667.351183
 
K_AIMInt(SumA)     =        667.351203
K_Analytic(Mol)    =        667.351183
 
L_AIMInt(SumA)     =         -0.000370
L_Analytic(Mol)    =          0.000000
 
VenT_AIMInt(SumA)  =      -3577.264265
VenT_Analytic(Mol) =      -3577.254851
 
Some Information About the Atomic Calculations:
----------------------------------------------
  Time(sec) = "Elapsed User Time", in Seconds, for Atom A by AIMInt and, if used, by TWOe
  NProc = Number of Processors Used for AIMInt Job
  BIM = Basin Integration Method
  OAQ = Angular Quadrature Outside of Beta Sphere
  ORQ = Multiple of Default for Radial Quadrature Outside of Beta Sphere
  IAQ = Multiple of Default for Angular Quadrature Inside of Beta Sphere
  IRQ = Multiple of Default for Radial Quadrature Inside of Beta Sphere
  MIR = Maximum Integration Radius
------------------------------------------------------------------------------------------------------
Atom A     Time(sec)   NProc      BIM          OAQ                     ORQ      IAQ      IRQ      MIR
------------------------------------------------------------------------------------------------------
C1             28        8     Proaim(5)    4500(GS4)                  1.00     1.00     1.00    13.00
C2             51        8     Proaim(5)    4500(GS4)                  1.00     1.00     1.00    13.00
C3             70        8     Proaim(5)    4500(GS4)                  1.00     1.00     1.00    13.00
C4             47        8     Proaim(5)    4500(GS4)                  1.00     1.00     1.00    13.00
C5             56        8     Proaim(5)    4500(GS4)                  1.00     1.00     1.00    13.00
C6             43        8     Proaim(5)    4500(GS4)                  1.00     1.00     1.00    13.00
H7              9        8     Proaim(5)    1800(GS4)                  1.00     1.00     1.00    13.00
H8             11        8     Proaim(5)    1800(GS4)                  1.00     1.00     1.00    13.00
H9             10        8     Proaim(5)    1800(GS4)                  1.00     1.00     1.00    13.00
H10             7        8     Proaim(5)    1800(GS4)                  1.00     1.00     1.00    13.00
H11            16        8     Proaim(5)    1800(GS4)                  1.00     1.00     1.00    13.00
C12            31        8     Proaim(5)    4500(GS4)                  1.00     1.00     1.00    13.00
H13             8        8     Proaim(5)    1800(GS4)                  1.00     1.00     1.00    13.00
H14             9        8     Proaim(5)    1800(GS4)                  1.00     1.00     1.00    13.00
C15            45        8     Proaim(5)    4500(GS4)                  1.00     1.00     1.00    13.00
H16            22        8     Proaim(5)    4500(GS4)                  1.00     1.00     1.00    13.00
C17            36        8     Proaim(5)    4500(GS4)                  1.00     1.00     1.00    13.00
C18            35        8     Proaim(5)    4500(GS4)                  1.00     1.00     1.00    13.00
H19             7        8     Proaim(5)    1800(GS4)                  1.00     1.00     1.00    13.00
H20            11        8     Proaim(5)    1800(GS4)                  1.00     1.00     1.00    13.00
H21             9        8     Proaim(5)    1800(GS4)                  1.00     1.00     1.00    13.00
H22             6        8     Proaim(5)    1800(GS4)                  1.00     1.00     1.00    13.00
N23           117        8    Promega(1)    4500(GS4)                  1.00     1.00     1.00    13.00
O24            40        8     Proaim(5)    4500(GS4)                  1.00     1.00     1.00    13.00
O25           108        8    Promega(1)    4500(GS4)                  1.00     1.00     1.00    13.00
H26             8        8     Proaim(5)    1800(GS4)                  1.00     1.00     1.00    13.00
C27            39        8     Proaim(5)    4500(GS4)                  1.00     1.00     1.00    13.00
H28             8        8     Proaim(5)    1800(GS4)                  1.00     1.00     1.00    13.00
H29            16        8     Proaim(5)    4500(GS4)                  1.00     1.00     1.00    13.00
H30             9        8     Proaim(5)    1800(GS4)                  1.00     1.00     1.00    13.00
C31            53        8     Proaim(5)    4500(GS4)                  1.00     1.00     1.00    13.00
H32            34        8     Proaim(5)    4500(GS4)                  1.00     1.00     1.00    13.00
H33             7        8     Proaim(5)    1800(GS4)                  1.00     1.00     1.00    13.00
H34            11        8     Proaim(5)    1800(GS4)                  1.00     1.00     1.00    13.00
------------------------------------------------------------------------------------------------------
Total        1017
Note:  Total wall clock time is less than total of atomic times if more than one atom
       was calculated at a time
 
Electron Density Critical Point Analysis of Molecular Structure:               
---------------------------------------------------------------                
  NACP = Nuclear Attractor Critical Point                                      
  NNACP = Non-Nuclear Attractor Critical Point                                 
  BCP = Bond Critical Point                                                    
  RCP = Ring Critical Point                                                    
  CCP = Cage Critical Point                                                    
  Rho = Electron Density                                                       
  GradRho = Gradient of Electron Density                                       
  HessRho_EigVals = Eigenvalues of the Hessian of Rho, Ascending Order         
  HessRho_EigVecs = Eigenvectors of the Hessian of Rho                         
  DelSqRho = Laplacian of Rho = Trace of Hessian of Rho                        
  Bond Ellipticity = (HessRho_EigVal(1) / HessRho_EigVal(2)) - 1               
  V = Virial Field = Potential Energy Density = Trace of Stress Tensor         
  G = Lagrangian Form of Kinetic Energy Density                                
  K = Hamiltonian Form of Kinetic Energy Density                               
  L = K - G = Lagrangian Density = (-1/4)DelSqRho                              
  Vnuc = Electrostatic Potential from Nuclei                                   
  Ven = Electron-nuclear attractive contribution to Virial Field V             
  Vrep = V - Ven = Repulsive contribution to Virial Field V                    
  DelSqV = Laplacian of V                                                      
  DelSqVen = Laplacian of Ven                                                  
  DelSqVrep = Laplacian of Vrep                                                
  DelSqG = Laplacian of G                                                      
  DelSqK = Laplacian of K                                                      
  Stress_EigVals = Eigenvalues of Stress Tensor, Ascending Order               
  Stress_EigVecs = Eigenvectors of Stress Tensor                               
  -DivStress = Ehrenfest Force Density = Minus Divergence of Stress Tensor     
  ESP = Total Electrostatic Potential                                          
  ESPe = Electrostatic Potential from Electrons                                
  ESPn = Electrostatic Potential from Nuclei                                   
  BP = Bond Path                                                               
  BPL = Bond Path Length                                                       
  GBL = Geometric Bond Length                                                  
  GBL_I = Distance Between Nuclear Attractors                                  
  GBL_II = Distance Between Nuclei                                             
  GBL_III = Sum of Distances Between BCP and Nuclear Attractors                
  GBL_IV = Sum of Distances Between BCP and Nuclei                             

CP# 1      Coords =  6.46075023535243E+00  4.15399370812964E+00  6.84765887507002E-01
           Type = (3,-3) NACP C1
           Rho =  1.1768365840E+02     Rho at Nucleus =  1.1768365831E+02
           GradRho =  1.5185830371E-10  3.2472914635E-10  6.3468400674E-11
           HessRho_EigVals = -1.4501576958E+05 -1.4501504728E+05 -1.4501491267E+05
           HessRho_EigVec1 =  9.1602746686E-01 -4.0087903875E-01 -1.3772300444E-02
           HessRho_EigVec2 = -1.9806660291E-01 -4.8191502905E-01  8.5353823909E-01
           HessRho_EigVec3 =  3.4880266739E-01  7.7913663825E-01  5.2084815268E-01
           DelSqRho = -4.3504572954E+05
           Bond Ellipticity = NA
           V = -1.0877169455E+05
           G =  5.1310828465E+00
           K =  1.0876656347E+05
           L =  1.0876143238E+05
           Vnuc =  5.1534325687E+06
           Ven = -6.0647479802E+08
           Vrep =  6.0636602633E+08
           DelSqV =  2.4954517051E+09
           DelSqVen =  2.2419793510E+12
           DelSqVrep = -2.2394838993E+12
           DelSqG =  1.3404540742E+08
           DelSqK = -2.6294971125E+09
           Stress_EigVals = -3.6257452990E+04 -3.6257356160E+04 -3.6256885401E+04
           Stress_EigVec1 =  3.4823828657E-01  8.4710006392E-01  4.0143689103E-01
           Stress_EigVec2 = -1.7080006946E-01 -3.6373557098E-01  9.1570943572E-01
           Stress_EigVec3 =  9.2171439830E-01 -3.8745053376E-01  1.8018097754E-02
           -DivStress = -2.4995028202E+02 -8.9414164144E+02 -1.9388535779E+02
           ESP =  -1.4762523931E+01     ESP at Nucleus =  -1.4762523946E+01
           ESPe = -2.9680812668E+01     ESPe at Nucleus = -2.9680814834E+01
           ESPn =  1.4918288738E+01     ESPn at Nucleus =  1.4918290888E+01

CP# 2      Coords = -3.44347246439255E+00  8.37681081112321E-01 -2.32308400303766E+00
           Type = (3,-3) NACP C2
           Rho =  1.1771821198E+02     Rho at Nucleus =  1.1771821188E+02
           GradRho = -2.8948184155E-10  1.9770073735E-10  9.7232291879E-11
           HessRho_EigVals = -1.4505630406E+05 -1.4505469442E+05 -1.4505448383E+05
           HessRho_EigVec1 =  7.0782698987E-01  5.6853831159E-01  4.1921968068E-01
           HessRho_EigVec2 = -5.8545770257E-01  8.0423749187E-01 -1.0218285166E-01
           HessRho_EigVec3 = -3.9524705049E-01 -1.7310761081E-01  9.0211613673E-01
           DelSqRho = -4.3516548231E+05
           Bond Ellipticity = NA
           V = -1.0880163270E+05
           G =  5.1310624001E+00
           K =  1.0879650164E+05
           L =  1.0879137058E+05
           Vnuc =  5.0883674663E+06
           Ven = -5.9899352001E+08
           Vrep =  5.9888471838E+08
           DelSqV =  2.4961324447E+09
           DelSqVen =  2.2142817403E+12
           DelSqVrep = -2.2117856078E+12
           DelSqG =  1.3407920118E+08
           DelSqK = -2.6302116459E+09
           Stress_EigVals = -3.6267507888E+04 -3.6267398751E+04 -3.6266726064E+04
           Stress_EigVec1 = -1.9339261157E-01 -4.1871524951E-01  8.8728622080E-01
           Stress_EigVec2 = -6.7610353416E-01  7.1222308210E-01  1.8873868820E-01
           Stress_EigVec3 =  7.1097349381E-01  5.6339668187E-01  4.2083354187E-01
           -DivStress =  7.0624468197E+02 -5.6730028891E+02 -3.2992065878E+02
           ESP =  -1.4707092831E+01     ESP at Nucleus =  -1.4707092834E+01
           ESPe = -3.3861044399E+01     ESPe at Nucleus = -3.3861044476E+01
           ESPn =  1.9153951568E+01     ESPn at Nucleus =  1.9153951642E+01

CP# 3      Coords = -3.03906492155472E+00 -9.75385962567297E-01 -6.07844582251040E-01
           Type = (3,-3) NACP C3
           Rho =  1.1766173587E+02     Rho at Nucleus =  1.1766173398E+02
           GradRho = -1.7588962025E-11 -7.3849102696E-12  2.7468276541E-12
           HessRho_EigVals = -1.4497022531E+05 -1.4496925030E+05 -1.4496843980E+05
           HessRho_EigVec1 =  6.9761603617E-01 -6.6875408377E-01 -2.5709889444E-01
           HessRho_EigVec2 =  7.0199753618E-01  5.6623475850E-01  4.3194635946E-01
           HessRho_EigVec3 = -1.4328756145E-01 -4.8181549758E-01  8.6447816689E-01
           DelSqRho = -4.3490791541E+05
           Bond Ellipticity = NA
           V = -1.0873728166E+05
           G =  5.1514049693E+00
           K =  1.0873213026E+05
           L =  1.0872697885E+05
           Vnuc =  1.1748427314E+06
           Ven = -1.3823403515E+08
           Vrep =  1.3812529787E+08
           DelSqV =  2.4946429468E+09
           DelSqVen =  5.1094840320E+11
           DelSqVrep = -5.0845376025E+11
           DelSqG =  1.3398376586E+08
           DelSqK = -2.6286267126E+09
           Stress_EigVals = -3.6246131685E+04 -3.6245605721E+04 -3.6245544256E+04
           Stress_EigVec1 = -1.0587202571E-01 -5.2063093738E-01  8.4719215129E-01
           Stress_EigVec2 =  7.2028783875E-01  5.4722249075E-01  4.2630150710E-01
           Stress_EigVec3 =  6.8554835243E-01 -6.5535560778E-01 -3.1706857906E-01
           -DivStress = -2.7586629254E+03  3.0839663053E+03  2.1842734356E+02
           ESP =  -1.4681787942E+01     ESP at Nucleus =  -1.4681788096E+01
           ESPe = -3.5860376016E+01     ESPe at Nucleus = -3.5860374628E+01
           ESPn =  2.1178588074E+01     ESPn at Nucleus =  2.1178586532E+01

CP# 4      Coords =  3.20714438977126E+00  5.63664847247379E-01  3.62835912088405E+00
           Type = (3,-3) NACP C4
           Rho =  1.1768320797E+02     Rho at Nucleus =  1.1768320786E+02
           GradRho = -1.6518039714E-10  9.0323810931E-11  3.0756383551E-10
           HessRho_EigVals = -1.4501556722E+05 -1.4501486150E+05 -1.4501474250E+05
           HessRho_EigVec1 =  7.8565064615E-01  2.1358008749E-01  5.8063466003E-01
           HessRho_EigVec2 = -3.5684683914E-02 -9.2131348687E-01  3.8717962530E-01
           HessRho_EigVec3 = -6.1764040147E-01  3.2490768710E-01  7.1620899836E-01
           DelSqRho = -4.3504517122E+05
           Bond Ellipticity = NA
           V = -1.0877155665E+05
           G =  5.1319201440E+00
           K =  1.0876642473E+05
           L =  1.0876129281E+05
           Vnuc =  5.0732609707E+06
           Ven = -5.9703762588E+08
           Vrep =  5.9692885433E+08
           DelSqV =  2.4954489521E+09
           DelSqVen =  2.2070981427E+12
           DelSqVrep = -2.2046026938E+12
           DelSqG =  1.3404560471E+08
           DelSqK = -2.6294945568E+09
           Stress_EigVals = -3.6257402814E+04 -3.6257309602E+04 -3.6256844230E+04
           Stress_EigVec1 = -5.9511021455E-01  2.6584189849E-01  7.5840089500E-01
           Stress_EigVec2 =  1.5318008845E-02  9.4728328092E-01 -3.2003084896E-01
           Stress_EigVec3 =  8.0349809654E-01  1.7883643557E-01  5.6781012511E-01
           -DivStress =  5.0444820894E+02 -2.1762280770E+02 -7.9136613734E+02
           ESP =  -1.4762593495E+01     ESP at Nucleus =  -1.4762593511E+01
           ESPe = -3.1740820636E+01     ESPe at Nucleus = -3.1740822518E+01
           ESPn =  1.6978227141E+01     ESPn at Nucleus =  1.6978229008E+01

CP# 5      Coords =  4.67148146922812E+00 -4.86155873133161E-02  1.64973202801711E+00
           Type = (3,-3) NACP C5
           Rho =  1.1766823422E+02     Rho at Nucleus =  1.1766823395E+02
           GradRho =  7.3504028471E-10 -4.4428511664E-10 -1.3310685608E-09
           HessRho_EigVals = -1.4498608791E+05 -1.4498509207E+05 -1.4498471043E+05
           HessRho_EigVec1 =  8.1518190651E-01  5.6199104311E-02  5.7647213287E-01
           HessRho_EigVec2 =  1.2024157109E-01  9.5717872619E-01 -2.6334549683E-01
           HessRho_EigVec3 = -5.6658664287E-01  2.8399039913E-01  7.7351731029E-01
           DelSqRho = -4.3495589042E+05
           Bond Ellipticity = NA
           V = -1.0874912572E+05
           G =  5.0765602850E+00
           K =  1.0874404916E+05
           L =  1.0873897260E+05
           Vnuc =  3.1224749025E+06
           Ven = -3.6741610816E+08
           Vrep =  3.6730735903E+08
           DelSqV =  2.4949245923E+09
           DelSqVen =  1.3581387530E+12
           DelSqVrep = -1.3556438284E+12
           DelSqG =  1.3400623407E+08
           DelSqK = -2.6289308263E+09
           Stress_EigVals = -3.6249995334E+04 -3.6249795485E+04 -3.6249334906E+04
           Stress_EigVec1 = -5.7293931708E-01  2.3925612375E-01  7.8389861985E-01
           Stress_EigVec2 =  7.0773498472E-02  9.6731293816E-01 -2.4350932547E-01
           Stress_EigVec3 =  8.1653637449E-01  8.4036818861E-02  5.7114460709E-01
           -DivStress = -7.7150875063E+02  4.3755417348E+02  1.2821292755E+03
           ESP =  -1.4739759402E+01     ESP at Nucleus =  -1.4739759428E+01
           ESPe = -3.3678929555E+01     ESPe at Nucleus = -3.3678929557E+01
           ESPn =  1.8939170153E+01     ESPn at Nucleus =  1.8939170128E+01

CP# 6      Coords =  5.60443637495141E+00  1.91629108138038E+00 -1.42599455241003E-01
           Type = (3,-3) NACP C6
           Rho =  1.1766386278E+02     Rho at Nucleus =  1.1766386249E+02
           GradRho = -4.6529916725E-10 -1.5922249704E-09 -7.3395965672E-10
           HessRho_EigVals = -1.4498046700E+05 -1.4497955098E+05 -1.4497914840E+05
           HessRho_EigVec1 =  9.0576026261E-01 -4.0076675688E-01  1.3778371913E-01
           HessRho_EigVec2 = -2.5177664227E-01 -2.4735918219E-01  9.3563986522E-01
           HessRho_EigVec3 =  3.4089128631E-01  8.8215613219E-01  3.2495182620E-01
           DelSqRho = -4.3493916637E+05
           Bond Ellipticity = NA
           V = -1.0874495614E+05
           G =  5.0822719962E+00
           K =  1.0873987386E+05
           L =  1.0873479159E+05
           Vnuc =  2.9991057985E+06
           Ven = -3.5288637313E+08
           Vrep =  3.5277762818E+08
           DelSqV =  2.4948290060E+09
           DelSqVen =  1.3044284948E+12
           DelSqVrep = -1.3019336577E+12
           DelSqG =  1.3400092684E+08
           DelSqK = -2.6288299328E+09
           Stress_EigVals = -3.6248603237E+04 -3.6248396454E+04 -3.6247956444E+04
           Stress_EigVec1 =  3.4318591061E-01  8.8962149942E-01  3.0132543625E-01
           Stress_EigVec2 = -2.1436696270E-01 -2.3815746133E-01  9.4727389329E-01
           Stress_EigVec3 =  9.1447812224E-01 -3.8968527222E-01  1.0897317355E-01
           -DivStress =  4.0156927102E+02  1.4262556883E+03  6.6326644815E+02
           ESP =  -1.4739897763E+01     ESP at Nucleus =  -1.4739897790E+01
           ESPe = -3.2858931090E+01     ESPe at Nucleus = -3.2858930136E+01
           ESPn =  1.8119033327E+01     ESPn at Nucleus =  1.8119032346E+01

CP# 7      Coords =  6.56968361913037E+00  4.58664037475449E+00  2.65211655547559E+00
           Type = (3,-3) NACP H7
           Rho =  4.2537316608E-01     Rho at Nucleus =  4.2168771043E-01
           GradRho = -3.5059155882E-10 -1.3737164605E-09 -6.3792405620E-09
           HessRho_EigVals = -6.4742843756E+00 -6.4671435290E+00 -5.8751477009E+00
           HessRho_EigVec1 =  3.4129618168E-01  9.1443068777E-01 -2.1756248216E-01
           HessRho_EigVec2 =  9.3840727897E-01 -3.4476167775E-01  2.3047002513E-02
           HessRho_EigVec3 =  5.3932320005E-02  2.1202807084E-01  9.7577425772E-01
           DelSqRho = -1.8816575606E+01
           Bond Ellipticity = NA
           V = -4.7139043650E+00
           G =  4.8802318123E-03
           K =  4.7090241332E+00
           L =  4.7041439014E+00
           Vnuc =  4.4031792812E+01
           Ven = -1.8729943117E+01
           Vrep =  1.4016038752E+01
           DelSqV =  7.0853326643E+02
           DelSqVen =  8.2852756916E+02
           DelSqVrep = -1.1999430273E+02
           DelSqG =  6.9714725647E+01
           DelSqK = -7.7824799208E+02
           Stress_EigVals = -1.6218726322E+00 -1.6215044148E+00 -1.4705273180E+00
           Stress_EigVec1 =  4.4586791059E-01  8.6891341119E-01 -2.1492159072E-01
           Stress_EigVec2 =  8.9337704373E-01 -4.4687731973E-01  4.6670320781E-02
           Stress_EigVec3 =  5.5491116781E-02  2.1281481376E-01  9.7551555139E-01
           -DivStress =  4.2379413395E-01  1.6560391919E+00  7.7003849384E+00
           ESP =  -1.1227382183E+00     ESP at Nucleus =  -1.1251980569E+00
           ESPe = -1.6547875607E+01     ESPe at Nucleus = -1.6468411577E+01
           ESPn =  1.5425137389E+01     ESPn at Nucleus =  1.5343213521E+01

CP# 8      Coords =  2.61262606263065E+00  2.46398769991543E+00  3.95820457670842E+00
           Type = (3,-3) NACP H8
           Rho =  4.2572505741E-01     Rho at Nucleus =  4.2207505649E-01
           GradRho =  4.7468824054E-10 -1.5298374123E-09 -2.5931505413E-10
           HessRho_EigVals = -6.4815064500E+00 -6.4743080789E+00 -5.8855770875E+00
           HessRho_EigVec1 =  4.6422660337E-01  2.8798584688E-01 -8.3759048032E-01
           HessRho_EigVec2 =  8.3577277327E-01  1.7063569064E-01  5.2188823760E-01
           HessRho_EigVec3 = -2.9321925616E-01  9.4230972248E-01  1.6147710283E-01
           DelSqRho = -1.8841391616E+01
           Bond Ellipticity = NA
           V = -4.7201900009E+00
           G =  4.9210484159E-03
           K =  4.7152689525E+00
           L =  4.7103479041E+00
           Vnuc =  4.6268739016E+01
           Ven = -1.9697761574E+01
           Vrep =  1.4977571573E+01
           DelSqV =  7.0966109455E+02
           DelSqVen =  8.7176743408E+02
           DelSqVrep = -1.6210633953E+02
           DelSqG =  6.9841392230E+01
           DelSqK = -7.7950248678E+02
           Stress_EigVals = -1.6236955956E+00 -1.6233304285E+00 -1.4731639768E+00
           Stress_EigVec1 =  5.4953109624E-01  3.0577228731E-01 -7.7750812380E-01
           Stress_EigVec2 =  7.8169929730E-01  1.4029996598E-01  6.0766942341E-01
           Stress_EigVec3 = -2.9489283284E-01  9.4171079842E-01  1.6192278802E-01
           -DivStress = -2.2984234621E+00  7.4053425634E+00  1.2528325001E+00
           ESP =  -1.1217587066E+00     ESP at Nucleus =  -1.1241951130E+00
           ESPe = -1.8624058934E+01     ESPe at Nucleus = -1.8544206675E+01
           ESPn =  1.7502300228E+01     ESPn at Nucleus =  1.7420011562E+01

CP# 9      Coords =  2.58369599633060E+00 -8.35422436886635E-01  4.94524451423269E+00
           Type = (3,-3) NACP H9
           Rho =  4.2582715711E-01     Rho at Nucleus =  4.2220805645E-01
           GradRho = -8.4697873715E-16 -6.5160550566E-17 -2.0014372104E-15
           HessRho_EigVals = -6.4909709563E+00 -6.4842644902E+00 -5.8979962571E+00
           HessRho_EigVec1 =  4.6328549697E-01 -7.0715855818E-01 -5.3412856308E-01
           HessRho_EigVec2 =  8.3103185581E-01  1.3731754659E-01  5.3900829866E-01
           HessRho_EigVec3 =  3.0781910748E-01  6.9359257853E-01 -6.5128851677E-01
           DelSqRho = -1.8873231704E+01
           Bond Ellipticity = NA
           V = -4.7280350488E+00
           G =  4.8635614657E-03
           K =  4.7231714874E+00
           L =  4.7183079259E+00
           Vnuc =  4.6212355283E+01
           Ven = -1.9678475874E+01
           Vrep =  1.4950440825E+01
           DelSqV =  7.1111760840E+02
           DelSqVen =  8.7217648883E+02
           DelSqVrep = -1.6105888043E+02
           DelSqG =  7.0056926853E+01
           DelSqK = -7.8117453525E+02
           Stress_EigVals = -1.6260302841E+00 -1.6257570060E+00 -1.4762477588E+00
           Stress_EigVec1 =  5.5621948184E-01 -6.8730832088E-01 -4.6714789956E-01
           Stress_EigVec2 =  7.7167952350E-01  2.1853566488E-01  5.9728793407E-01
           Stress_EigVec3 =  3.0843249022E-01  6.9271165373E-01 -6.5193555184E-01
           -DivStress = -2.4019105182E+00 -5.4382326768E+00  5.0921532219E+00
           ESP =  -1.1214602335E+00     ESP at Nucleus =  -1.1238828731E+00
           ESPe = -1.8418325813E+01     ESPe at Nucleus = -1.8336765894E+01
           ESPn =  1.7296865580E+01     ESPn at Nucleus =  1.7212883021E+01

CP# 10     Coords =  7.09766466806625E+00  5.57805331139366E+00 -5.99197647980944E-01
           Type = (3,-3) NACP H10
           Rho =  4.2621800356E-01     Rho at Nucleus =  4.2261977429E-01
           GradRho =  2.1740421963E-15  8.9273206882E-16  2.3917499925E-16
           HessRho_EigVals = -6.4965894529E+00 -6.4900474474E+00 -5.9052789185E+00
           HessRho_EigVec1 =  1.9265146694E-01  6.0813807349E-01  7.7009966619E-01
           HessRho_EigVec2 =  9.2920992563E-01 -3.6528393941E-01  5.6004979378E-02
           HessRho_EigVec3 =  3.1536380007E-01  7.0479481211E-01 -6.3546042082E-01
           DelSqRho = -1.8891915819E+01
           Bond Ellipticity = NA
           V = -4.7326753827E+00
           G =  4.8482140141E-03
           K =  4.7278271687E+00
           L =  4.7229789547E+00
           Vnuc =  4.3791369387E+01
           Ven = -1.8664670033E+01
           Vrep =  1.3931994651E+01
           DelSqV =  7.1191314216E+02
           DelSqVen =  8.2730286404E+02
           DelSqVrep = -1.1538972187E+02
           DelSqG =  7.0126824273E+01
           DelSqK = -7.8203996644E+02
           Stress_EigVals = -1.6274489053E+00 -1.6271484510E+00 -1.4780780265E+00
           Stress_EigVec1 =  3.0598894388E-01  5.5720963304E-01  7.7193794509E-01
           Stress_EigVec2 =  8.9819966294E-01 -4.3775957569E-01 -4.0048962378E-02
           Stress_EigVec3 =  3.1560755967E-01  7.0560894179E-01 -6.3443509482E-01
           -DivStress =  2.4590754931E+00  5.5009173759E+00 -4.9666091828E+00
           ESP =  -1.1211026329E+00     ESP at Nucleus =  -1.1235140942E+00
           ESPe = -1.5897957750E+01     ESPe at Nucleus = -1.5812411494E+01
           ESPn =  1.4776855117E+01     ESPn at Nucleus =  1.4688897400E+01

CP# 11     Coords = -2.39154181549586E+00  7.99520400842463E-01 -4.04095450663478E+00
           Type = (3,-3) NACP H11
           Rho =  4.2190323180E-01     Rho at Nucleus =  4.1791054893E-01
           GradRho = -3.2178957141E-11  1.7791380206E-12  5.1687813742E-11
           HessRho_EigVals = -6.4271047138E+00 -6.4216427493E+00 -5.7964122245E+00
           HessRho_EigVec1 = -4.4492662645E-01  8.4315077241E-01 -3.0188917181E-01
           HessRho_EigVec2 =  7.2434930832E-01  5.3703282749E-01  4.3233531169E-01
           HessRho_EigVec3 = -5.2664824752E-01  2.6315721070E-02  8.4967588304E-01
           DelSqRho = -1.8645159688E+01
           Bond Ellipticity = NA
           V = -4.6707400946E+00
           G =  4.7250863464E-03
           K =  4.6660150082E+00
           L =  4.6612899219E+00
           Vnuc =  4.6348914411E+01
           Ven = -1.9554756781E+01
           Vrep =  1.4884016686E+01
           DelSqV =  7.0073500383E+02
           DelSqVen =  8.6418291063E+02
           DelSqVrep = -1.6344790679E+02
           DelSqG =  6.9036417970E+01
           DelSqK = -7.6977142180E+02
           Stress_EigVals = -1.6103389689E+00 -1.6092139359E+00 -1.4511871897E+00
           Stress_EigVec1 = -4.3672950452E-01  8.5004467243E-01 -2.9443402444E-01
           Stress_EigVec2 =  7.3016220663E-01  5.2613597609E-01  4.3594046231E-01
           Stress_EigVec3 = -5.2548120033E-01  2.4596534890E-02  8.5044959790E-01
           -DivStress =  4.3243828031E+00 -2.4556520759E-01 -6.9386051369E+00
           ESP =  -1.0793393872E+00     ESP at Nucleus =  -1.0820369257E+00
           ESPe = -2.0093138191E+01     ESPe at Nucleus = -2.0000065907E+01
           ESPn =  1.9013798804E+01     ESPn at Nucleus =  1.8918028981E+01

CP# 12     Coords = -5.31958822350241E+00  2.92685401881154E+00 -1.90463919514264E+00
           Type = (3,-3) NACP C12
           Rho =  1.1753128356E+02     Rho at Nucleus =  1.1753128341E+02
           GradRho =  3.9269250461E-10 -5.1191357982E-10  3.5740424987E-11
           HessRho_EigVals = -1.4482834533E+05 -1.4482804427E+05 -1.4482792634E+05
           HessRho_EigVec1 = -6.1938933142E-01  7.3936834501E-01  2.6399111068E-01
           HessRho_EigVec2 = -3.7874181292E-01  1.3134394619E-02 -9.2540916725E-01
           HessRho_EigVec3 =  6.8768560787E-01  6.7317303724E-01 -2.7189440350E-01
           DelSqRho = -4.3448431593E+05
           Bond Ellipticity = NA
           V = -1.0863149544E+05
           G =  5.2082284434E+00
           K =  1.0862628721E+05
           L =  1.0862107898E+05
           Vnuc =  4.1994575638E+06
           Ven = -4.9356763771E+08
           Vrep =  4.9345900621E+08
           DelSqV =  2.4922489875E+09
           DelSqVen =  1.8245981962E+12
           DelSqVrep = -1.8221059145E+12
           DelSqG =  1.3387242910E+08
           DelSqK = -2.6261214166E+09
           Stress_EigVals = -3.6210561220E+04 -3.6210519552E+04 -3.6210414669E+04
           Stress_EigVec1 =  6.6599861231E-01  7.2499073237E-01 -1.7559694297E-01
           Stress_EigVec2 =  4.1533508719E-01 -1.6486105704E-01  8.9460471563E-01
           Stress_EigVec3 = -6.1963103033E-01  6.6873707079E-01  4.1091132425E-01
           -DivStress = -6.6160343471E+02  9.4854236763E+02 -4.7252731679E+01
           ESP =  -1.4711654482E+01     ESP at Nucleus =  -1.4711654489E+01
           ESPe = -3.1668985146E+01     ESPe at Nucleus = -3.1668983004E+01
           ESPn =  1.6957330663E+01     ESPn at Nucleus =  1.6957328515E+01

CP# 13     Coords = -4.49691895650176E+00  4.69187927521547E+00 -2.51700522103427E+00
           Type = (3,-3) NACP H13
           Rho =  4.2422204766E-01     Rho at Nucleus =  4.2078564341E-01
           GradRho = -2.7049560949E-15 -4.2560203815E-15  2.0277717294E-15
           HessRho_EigVals = -6.4601454885E+00 -6.4583145196E+00 -5.8897434379E+00
           HessRho_EigVec1 =  4.6427352087E-01 -4.7352373082E-01 -7.4848204666E-01
           HessRho_EigVec2 =  7.9103521165E-01 -1.5843183808E-01  5.9089986175E-01
           HessRho_EigVec3 =  3.9838849350E-01  8.6641481349E-01 -3.0101823734E-01
           DelSqRho = -1.8808203446E+01
           Bond Ellipticity = NA
           V = -4.7118056795E+00
           G =  4.8774089866E-03
           K =  4.7069282705E+00
           L =  4.7020508615E+00
           Vnuc =  4.6258115750E+01
           Ven = -1.9623712584E+01
           Vrep =  1.4911906905E+01
           DelSqV =  7.0917776007E+02
           DelSqVen =  8.7003205206E+02
           DelSqVrep = -1.6085429199E+02
           DelSqG =  6.9839554297E+01
           DelSqK = -7.7901731436E+02
           Stress_EigVals = -1.6187530141E+00 -1.6184841957E+00 -1.4745684696E+00
           Stress_EigVec1 =  1.8338059642E-01 -3.9649629229E-01 -8.9953446129E-01
           Stress_EigVec2 =  8.9883228278E-01 -3.0292468323E-01  3.1676042008E-01
           Stress_EigVec3 =  3.9808552385E-01  8.6661832804E-01 -3.0083315843E-01
           -DivStress =  3.0316411743E+00  6.5882995156E+00 -2.2918755943E+00
           ESP =  -1.0957556343E+00     ESP at Nucleus =  -1.0980110490E+00
           ESPe = -1.7719299252E+01     ESPe at Nucleus = -1.7631159808E+01
           ESPn =  1.6623543618E+01     ESPn at Nucleus =  1.6533148759E+01

CP# 14     Coords = -6.91760875439189E+00  2.61537739291953E+00 -3.14808010020036E+00
           Type = (3,-3) NACP H14
           Rho =  4.2206517225E-01     Rho at Nucleus =  4.1873602098E-01
