AIMSum (Version 19.02.13, Professional)
Copyright (c) 1997-2019 by Todd A. Keith
AIMSum is a component of the AIMAll package ( http://aim.tkgristmill.com )

TP:  64-bit Linux

Much of the Quantum Theory of Atoms in Molecules (QTAIM) is described in the book:
  "Atoms in Molecules - A Quantum Theory"
  R.F.W. Bader, Oxford University Press, Oxford, 1990

For additional references see:  http://aim.tkgristmill.com/references.html

Wfn File:  /home/mhennefarth/Documents/ML_Diels/summary-paton2010/8-opt/8-opt.wfn
Sum File:  /home/mhennefarth/Documents/ML_Diels/summary-paton2010/8-opt/8-opt.sum

SumViz File:  /home/mhennefarth/Documents/ML_Diels/summary-paton2010/8-opt/8-opt.sumviz

Wfn Title:   Title Card Required                                                           
 
Total memory allocated for AIMSum =        1.671 Megabytes

Atomic units (a.u.) used throughout, except where stated otherwise

Model:  Restricted SCF
 
Restricted, closed-shell, single-determinant wavefunction.
  Number of electrons (from MO Occs)                   =         106.0000000000
  Number of Alpha electrons (from MO Occs)             =          53.0000000000
  Number of Beta electrons (from MO Occs)              =          53.0000000000
  Number of electron pairs (N*(N-1)/2)                 =        5565.0000000000
  Number of electron pairs (from Muller 2EDM)          =        5565.0000000000
 
Nuclear Charges and Cartesian Coordinates:
-------------------------------------------------------------------------------
Atom      Charge                X                  Y                  Z
-------------------------------------------------------------------------------
C1         6.0          -1.7582948200E+00  -2.2306428000E-01  -2.3655385200E+00
C2         6.0          -2.9162758200E+00   5.0370983000E-01  -2.3849525000E-01
C3         6.0           4.8585538000E+00   3.0941568000E-01   2.4691762700E+00
C4         6.0           4.4305393600E+00  -1.8888673800E+00   3.6476686100E+00
H5         1.0           4.1350760500E+00  -1.9708707700E+00   5.6772032700E+00
C6         6.0           5.3401352100E+00   6.7809034000E-01  -2.5993525000E-01
C7         6.0           6.3561342300E+00  -1.1281592600E+00  -1.7254777800E+00
H8         1.0           6.6857474500E+00  -8.1965113000E-01  -3.7287651000E+00
H9         1.0          -1.1097188400E+00   1.2161441300E+00  -3.6754038200E+00
O10        8.0          -2.2958977500E+00   4.7571279200E+00  -1.2566959500E+00
O11        8.0          -4.6744168200E+00   3.8163012500E+00   1.9717520900E+00
N12        7.0          -3.3120753400E+00   3.2238292800E+00   1.7751113000E-01
H13        1.0           6.9387839800E+00  -2.9445567000E+00  -9.6615682000E-01
H14        1.0           4.3702510700E+00  -3.6766495600E+00   2.6362732400E+00
C15        6.0          -3.8985705200E+00  -1.2345262900E+00   1.7816659600E+00
H16        1.0          -3.4471201000E+00  -4.5715037000E-01   3.6446193500E+00
H17        1.0          -5.9712594800E+00  -1.3093142100E+00   1.6907843200E+00
C18        6.0          -1.3022806300E+00  -2.9525008600E+00  -2.9909724400E+00
H19        1.0           7.4067416000E-01  -3.3047681900E+00  -2.8024010300E+00
H20        1.0          -1.7371294300E+00  -3.2775513300E+00  -4.9940253200E+00
C21        6.0          -2.8184308700E+00  -4.7589155600E+00  -1.2949692800E+00
H22        1.0          -4.7879272900E+00  -4.8197229500E+00  -1.9489572900E+00
H23        1.0          -2.0726096900E+00  -6.6829236500E+00  -1.4725198100E+00
C24        6.0          -2.7528025800E+00  -3.8881400000E+00   1.4704343100E+00
H25        1.0          -7.8613253000E-01  -3.8495401900E+00   2.1314839600E+00
H26        1.0          -3.7715139600E+00  -5.2257015300E+00   2.6793183000E+00
C27        6.0           4.6889065500E+00   3.2618770100E+00  -1.2919384900E+00
H28        1.0           2.6771683900E+00   3.7039486900E+00  -1.0531502700E+00
H29        1.0           5.7440352000E+00   4.7369935300E+00  -2.8180883000E-01
H30        1.0           5.1506347000E+00   3.4157011800E+00  -3.3014683400E+00
H31        1.0           4.8224006200E+00   2.0378594200E+00   3.5922384500E+00
 
Some Atomic Properties:
----------------------
  q(A) = Net Charge of Atom A
  L(A) = Lagrangian of Atom A = -(1/4) Times Atomic Integral of the Laplacian of the Electron Density
  K(A) = Electronic Kinetic Energy of Atom A (Hamiltonian Form)
  K_Scaled(A) = K(A) * E(Mol)/K(Mol) = Approximation to Virial-Based Total Energy of Atom A.
  |Mu_Intra(A)| = Magnitude of Intraatomic Dipole Moment of Atom A
--------------------------------------------------------------------------------------------------
Atom A          q(A)              L(A)              K(A)          K_Scaled(A)      |Mu_Intra(A)|
--------------------------------------------------------------------------------------------------
C1       -1.1134667800E-02  3.5838153787E-04  3.7738652102E+01 -3.8100606910E+01  1.7652615507E-01
C2        2.1422318210E-01  1.6082417130E-04  3.7623136281E+01 -3.7983983167E+01  4.8683130180E-01
C3       -3.6838431200E-02 -1.5163819856E-04  3.7712891941E+01 -3.8074599682E+01  6.4359102500E-02
C4       -9.5002278900E-02 -1.2242985730E-04  3.7707381636E+01 -3.8069036527E+01  1.0925574932E-01
H5        4.4372280890E-02  2.1597653697E-05  5.9403161775E-01 -5.9972902846E-01  1.4786052491E-01
C6        7.0350576000E-03 -2.1447126489E-04  3.7692651743E+01 -3.8054165359E+01  4.4094174842E-02
C7       -1.0726782630E-01 -3.5153174595E-05  3.7716446106E+01 -3.8078187935E+01  1.2666675724E-01
H8        3.5212807180E-02  2.1291406068E-05  5.9696595209E-01 -6.0269150626E-01  1.5153389956E-01
H9        9.9481686350E-02  2.2326267495E-05  5.7867531130E-01 -5.8422543829E-01  1.3736680611E-01
O10      -4.8796307160E-01  3.9421129905E-05  7.4826346982E+01 -7.5544013210E+01  3.1057681048E-01
O11      -4.7003223350E-01  1.3395013278E-05  7.4830434535E+01 -7.5548139968E+01  2.9542654269E-01
N12       3.8027091420E-01 -2.0911975293E-04  5.3954364921E+01 -5.4471846091E+01  7.2266449718E-01
H13       3.6167575530E-02  2.9259763916E-05  5.9717156975E-01 -6.0289909602E-01  1.4966799363E-01
H14       3.5902024290E-02  3.1809561443E-05  5.9643395567E-01 -6.0215440742E-01  1.4923149748E-01
C15       3.9292878600E-02 -9.4473965976E-05  3.7681196636E+01 -3.8042600384E+01  1.6496851096E-01
H16       4.8508489210E-02  2.8445270057E-05  5.9958362323E-01 -6.0533428372E-01  1.4596901850E-01
H17       3.1110308690E-02  2.3751460743E-05  6.0375431674E-01 -6.0954497873E-01  1.5128849596E-01
C18       1.5760657400E-02 -3.7242529583E-05  3.7681562164E+01 -3.8042969418E+01  1.2843888773E-01
H19       3.9026696700E-02  3.2017606576E-05  5.9738422356E-01 -6.0311378941E-01  1.4904107586E-01
H20       2.4547984560E-02  2.5110605424E-05  6.0542436665E-01 -6.1123104624E-01  1.5243898016E-01
C21       1.8991406400E-02  2.0579861508E-06  3.7673492449E+01 -3.8034822306E+01  7.8800728289E-02
H22       2.6911266100E-03  2.3481421354E-05  6.1557922693E-01 -6.2148330270E-01  1.5691840034E-01
H23       8.9110351600E-03  3.0440873308E-05  6.1308043734E-01 -6.1896054699E-01  1.5476384551E-01
C24       1.8999130000E-02  2.3578262701E-05  3.7675446108E+01 -3.8036794702E+01  8.6232165173E-02
H25       1.0502055990E-02  3.1084035565E-05  6.1274024811E-01 -6.1861709498E-01  1.5110852926E-01
H26       9.9577048000E-03  2.4261237442E-05  6.1284273783E-01 -6.1872056768E-01  1.5461920549E-01
C27      -3.0696379200E-02 -1.5213307817E-04  3.7697141100E+01 -3.8058697773E+01  9.4356321607E-02
H28       4.6215690850E-02  2.9106050713E-05  5.9309203244E-01 -5.9878043150E-01  1.3324282105E-01
H29       2.0650543160E-02  2.6046427903E-05  6.0104041727E-01 -6.0680505000E-01  1.5409126167E-01
H30       1.6044610550E-02  2.4603000262E-05  6.0504629990E-01 -6.1084935341E-01  1.5326635257E-01
H31       3.4563503680E-02  2.7809301567E-05  6.0212036934E-01 -6.0789535999E-01  1.5229046315E-01
--------------------------------------------------------------------------------------------------
Total    -4.9553800000E-04  3.3438222734E-05  6.2843611141E+02 -6.3446349871E+02
 
1st Largest |L(A)| = 3.5838153787E-04, atom C1      
2nd Largest |L(A)| = 2.1447126489E-04, atom C6      
 
Molecular charge q(Mol) from the wfn file:   0.0000000000E+00
Molecular energy E(Mol) from the wfn file:  -6.3446324920E+02
Molecular virial ratio (-V(Mol)/T(Mol)) from the wfn file:   2.0095910900E+00
Note.  K_Scaled(A) = (1+V(Mol)/T(Mol))*K(A) = (E(Mol)/T(Mol))*K(A)
       Only use K_Scaled(A) data with caution.
 
N_AIMInt(SumA)     =        106.000496
N_Analytic(Mol)    =        105.999982
 
G_AIMInt(SumA)     =        628.436078
G_Analytic(Mol)    =        628.435823
 
K_AIMInt(SumA)     =        628.436111
K_Analytic(Mol)    =        628.435823
 
L_AIMInt(SumA)     =          0.000033
L_Analytic(Mol)    =          0.000000
 
VenT_AIMInt(SumA)  =      -3260.001896
VenT_Analytic(Mol) =      -3259.991436
 
Some Information About the Atomic Calculations:
----------------------------------------------
  Time(sec) = "Elapsed User Time", in Seconds, for Atom A by AIMInt and, if used, by TWOe
  NProc = Number of Processors Used for AIMInt Job
  BIM = Basin Integration Method
  OAQ = Angular Quadrature Outside of Beta Sphere
  ORQ = Multiple of Default for Radial Quadrature Outside of Beta Sphere
  IAQ = Multiple of Default for Angular Quadrature Inside of Beta Sphere
  IRQ = Multiple of Default for Radial Quadrature Inside of Beta Sphere
  MIR = Maximum Integration Radius
------------------------------------------------------------------------------------------------------
Atom A     Time(sec)   NProc      BIM          OAQ                     ORQ      IAQ      IRQ      MIR
------------------------------------------------------------------------------------------------------
C1            119        8    Promega(1)    4500(GS4)                  1.00     1.00     1.00    13.00
C2            173        8     Proaim(5)    4500(GS4)                  1.00     1.00     1.00    13.00
C3             43        8     Proaim(5)    4500(GS4)                  1.00     1.00     1.00    13.00
C4             44        8     Proaim(5)    4500(GS4)                  1.00     1.00     1.00    13.00
H5              7        8     Proaim(5)    1800(GS4)                  1.00     1.00     1.00    13.00
C6             50        8     Proaim(5)    4500(GS4)                  1.00     1.00     1.00    13.00
C7             44        8     Proaim(5)    4500(GS4)                  1.00     1.00     1.00    13.00
H8              7        8     Proaim(5)    1800(GS4)                  1.00     1.00     1.00    13.00
H9             12        8     Proaim(5)    1800(GS4)                  1.00     1.00     1.00    13.00
O10            54        8     Proaim(5)    4500(GS4)                  1.00     1.00     1.00    13.00
O11            14        8     Proaim(5)    2700(GS4)                  1.00     1.00     1.00    13.00
N12            90        8     Proaim(5)    4500(GS4)                  1.00     1.00     1.00    13.00
H13            10        8     Proaim(5)    1800(GS4)                  1.00     1.00     1.00    13.00
H14            11        8     Proaim(5)    1800(GS4)                  1.00     1.00     1.00    13.00
C15            41        8     Proaim(5)    4500(GS4)                  1.00     1.00     1.00    13.00
H16             9        8     Proaim(5)    1800(GS4)                  1.00     1.00     1.00    13.00
H17             8        8     Proaim(5)    1800(GS4)                  1.00     1.00     1.00    13.00
C18           351        8    Promega(5)    4500(GS4)                  1.00     1.00     1.00    13.00
H19            21        8     Proaim(5)    4500(GS4)                  1.00     1.00     1.00    13.00
H20             7        8     Proaim(5)    1800(GS4)                  1.00     1.00     1.00    13.00
C21           343        8    Promega(5)    4500(GS4)                  1.00     1.00     1.00    13.00
H22             8        8     Proaim(5)    1800(GS4)                  1.00     1.00     1.00    13.00
H23             7        8     Proaim(5)    1800(GS4)                  1.00     1.00     1.00    13.00
C24           367        8    Promega(5)    4500(GS4)                  1.00     1.00     1.00    13.00
H25            22        8     Proaim(5)    4500(GS4)                  1.00     1.00     1.00    13.00
H26             8        8     Proaim(5)    1800(GS4)                  1.00     1.00     1.00    13.00
C27            42        8     Proaim(5)    4500(GS4)                  1.00     1.00     1.00    13.00
H28            33        8     Proaim(5)    4500(GS4)                  1.00     1.00     1.00    13.00
H29             6        8     Proaim(5)    1800(GS4)                  1.00     1.00     1.00    13.00
H30             8        8     Proaim(5)    1800(GS4)                  1.00     1.00     1.00    13.00
H31             8        8     Proaim(5)    1800(GS4)                  1.00     1.00     1.00    13.00
------------------------------------------------------------------------------------------------------
Total        1967
Note:  Total wall clock time is less than total of atomic times if more than one atom
       was calculated at a time
 
Electron Density Critical Point Analysis of Molecular Structure:               
---------------------------------------------------------------                
  NACP = Nuclear Attractor Critical Point                                      
  NNACP = Non-Nuclear Attractor Critical Point                                 
  BCP = Bond Critical Point                                                    
  RCP = Ring Critical Point                                                    
  CCP = Cage Critical Point                                                    
  Rho = Electron Density                                                       
  GradRho = Gradient of Electron Density                                       
  HessRho_EigVals = Eigenvalues of the Hessian of Rho, Ascending Order         
  HessRho_EigVecs = Eigenvectors of the Hessian of Rho                         
  DelSqRho = Laplacian of Rho = Trace of Hessian of Rho                        
  Bond Ellipticity = (HessRho_EigVal(1) / HessRho_EigVal(2)) - 1               
  V = Virial Field = Potential Energy Density = Trace of Stress Tensor         
  G = Lagrangian Form of Kinetic Energy Density                                
  K = Hamiltonian Form of Kinetic Energy Density                               
  L = K - G = Lagrangian Density = (-1/4)DelSqRho                              
  Vnuc = Electrostatic Potential from Nuclei                                   
  Ven = Electron-nuclear attractive contribution to Virial Field V             
  Vrep = V - Ven = Repulsive contribution to Virial Field V                    
  DelSqV = Laplacian of V                                                      
  DelSqVen = Laplacian of Ven                                                  
  DelSqVrep = Laplacian of Vrep                                                
  DelSqG = Laplacian of G                                                      
  DelSqK = Laplacian of K                                                      
  Stress_EigVals = Eigenvalues of Stress Tensor, Ascending Order               
  Stress_EigVecs = Eigenvectors of Stress Tensor                               
  -DivStress = Ehrenfest Force Density = Minus Divergence of Stress Tensor     
  ESP = Total Electrostatic Potential                                          
  ESPe = Electrostatic Potential from Electrons                                
  ESPn = Electrostatic Potential from Nuclei                                   
  BP = Bond Path                                                               
  BPL = Bond Path Length                                                       
  GBL = Geometric Bond Length                                                  
  GBL_I = Distance Between Nuclear Attractors                                  
  GBL_II = Distance Between Nuclei                                             
  GBL_III = Sum of Distances Between BCP and Nuclear Attractors                
  GBL_IV = Sum of Distances Between BCP and Nuclei                             

CP# 1      Coords = -1.75829476323123E+00 -2.23065381091513E-01 -2.36553849863161E+00
           Type = (3,-3) NACP C1
           Rho =  1.1772139849E+02     Rho at Nucleus =  1.1772139840E+02
           GradRho =  7.0923822371E-13 -2.8557756160E-10  1.7344792269E-11
           HessRho_EigVals = -1.4506044126E+05 -1.4505880399E+05 -1.4505860833E+05
           HessRho_EigVec1 =  8.8832119751E-01  2.5939336352E-02  4.5848947740E-01
           HessRho_EigVec2 = -2.6214142470E-01  8.4839527280E-01  4.5989926566E-01
           HessRho_EigVec3 = -3.7705082352E-01 -5.2872735122E-01  7.6044727928E-01
           DelSqRho = -4.3517785359E+05
           Bond Ellipticity = NA
           V = -1.0880472263E+05
           G =  5.1296184378E+00
           K =  1.0879959302E+05
           L =  1.0879446340E+05
           Vnuc =  5.4409079096E+06
           Ven = -6.4051128816E+08
           Vrep =  6.4040248344E+08
           DelSqV =  2.4962032951E+09
           DelSqVen =  2.3677628580E+12
           DelSqVrep = -2.3652666547E+12
           DelSqG =  1.3408318215E+08
           DelSqK = -2.6302864773E+09
           Stress_EigVals = -3.6268537371E+04 -3.6268432981E+04 -3.6267752283E+04
           Stress_EigVec1 = -4.4665880073E-01 -2.1464893516E-01  8.6857455084E-01
           Stress_EigVec2 = -1.2423262579E-01  9.7627015095E-01  1.7737769606E-01
           Stress_EigVec3 =  8.8603734143E-01  2.8677988140E-02  4.6272605565E-01
           -DivStress = -4.9708611395E+01  9.0068271362E+02 -1.5114967024E+01
           ESP =  -1.4710181956E+01     ESP at Nucleus =  -1.4710181959E+01
           ESPe = -3.3792424510E+01     ESPe at Nucleus = -3.3792424296E+01
           ESPn =  1.9082242554E+01     ESPn at Nucleus =  1.9082242337E+01

CP# 2      Coords = -2.91627702156667E+00  5.03714554727303E-01 -2.38493849844034E-01
           Type = (3,-3) NACP C2
           Rho =  1.1766209816E+02     Rho at Nucleus =  1.1766209629E+02
           GradRho = -1.8763492496E-11  4.4014791811E-13  1.4341722254E-12
           HessRho_EigVals = -1.4497118790E+05 -1.4497020562E+05 -1.4496942308E+05
           HessRho_EigVec1 = -1.2714156955E-01  9.8823706486E-01  8.4985439491E-02
           HessRho_EigVec2 =  8.5656208297E-01  6.6189245260E-02  5.1178157630E-01
           HessRho_EigVec3 = -5.0013640071E-01 -1.3786401795E-01  8.5490180327E-01
           DelSqRho = -4.3491081660E+05
           Bond Ellipticity = NA
           V = -1.0873801010E+05
           G =  5.1529731377E+00
           K =  1.0873285712E+05
           L =  1.0872770415E+05
           Vnuc =  1.1829383121E+06
           Ven = -1.3918700379E+08
           Vrep =  1.3907826578E+08
           DelSqV =  2.4946601319E+09
           DelSqVen =  5.1447266662E+11
           DelSqVrep = -5.1197800649E+11
           DelSqG =  1.3398518595E+08
           DelSqK = -2.6286453178E+09
           Stress_EigVals = -3.6246369807E+04 -3.6245852284E+04 -3.6245788005E+04
           Stress_EigVec1 = -4.7455036572E-01 -7.9450164406E-02  8.7663539842E-01
           Stress_EigVec2 =  8.6252205730E-01  1.5677948095E-01  4.8111941867E-01
           Stress_EigVec3 = -1.7566345966E-01  9.8443276344E-01 -5.8722407644E-03
           -DivStress =  9.7543859812E+02 -3.8327289217E+03 -1.1372371645E+03
           ESP =  -1.4685155922E+01     ESP at Nucleus =  -1.4685156074E+01
           ESPe = -3.5134124179E+01     ESPe at Nucleus = -3.5134124677E+01
           ESPn =  2.0448968257E+01     ESPn at Nucleus =  2.0448968603E+01

CP# 3      Coords =  4.85855391315422E+00  3.09416400902469E-01  2.46917532296751E+00
           Type = (3,-3) NACP C3
           Rho =  1.1767729555E+02     Rho at Nucleus =  1.1767729544E+02
           GradRho =  9.5905595965E-11  2.4021212797E-10 -3.3282428202E-10
           HessRho_EigVals = -1.4499982425E+05 -1.4499883369E+05 -1.4499848622E+05
           HessRho_EigVec1 =  9.7636210772E-01 -7.9053885575E-02  2.0116539908E-01
           HessRho_EigVec2 = -1.7601292494E-01  2.4936572022E-01  9.5227946940E-01
           HessRho_EigVec3 =  1.2544514683E-01  9.6517730017E-01 -2.2955673456E-01
           DelSqRho = -4.3499714417E+05
           Bond Ellipticity = NA
           V = -1.0875949976E+05
           G =  5.1068598178E+00
           K =  1.0875439290E+05
           L =  1.0874928604E+05
           Vnuc =  5.0185656721E+06
           Ven = -5.9057123581E+08
           Vrep =  5.9046247631E+08
           DelSqV =  2.4951642936E+09
           DelSqVen =  2.1830615695E+12
           DelSqVrep = -2.1805664052E+12
           DelSqG =  1.3402173041E+08
           DelSqK = -2.6291860240E+09
           Stress_EigVals = -3.6253446958E+04 -3.6253278439E+04 -3.6252774365E+04
           Stress_EigVec1 =  1.4182306971E-01  9.4430528835E-01 -2.9694063260E-01
           Stress_EigVec2 = -1.4918019912E-01  3.1693571249E-01  9.3664135203E-01
           Stress_EigVec3 =  9.7858647297E-01 -8.8539689068E-02  1.8582044659E-01
           -DivStress = -9.3029501804E+01 -5.8063610347E+02  7.6940841742E+02
           ESP =  -1.4732433201E+01     ESP at Nucleus =  -1.4732433214E+01
           ESPe = -3.1148714181E+01     ESPe at Nucleus = -3.1148713760E+01
           ESPn =  1.6416280980E+01     ESPn at Nucleus =  1.6416280546E+01

CP# 4      Coords =  4.43053923056942E+00 -1.88886826062919E+00  3.64766907208981E+00
           Type = (3,-3) NACP C4
           Rho =  1.1767741430E+02     Rho at Nucleus =  1.1767741423E+02
           GradRho = -2.0440163451E-11 -1.8714341188E-10  1.1335014871E-10
           HessRho_EigVals = -1.4500605114E+05 -1.4500515761E+05 -1.4500497295E+05
           HessRho_EigVec1 =  9.7745495603E-01 -1.6717276639E-01  1.2897703325E-01
           HessRho_EigVec2 = -2.3889540439E-02  5.1936474529E-01  8.5421867880E-01
           HessRho_EigVec3 =  2.0978822365E-01  8.3804148318E-01 -5.0366196371E-01
           DelSqRho = -4.3501618170E+05
           Bond Ellipticity = NA
           V = -1.0876429815E+05
           G =  5.1263637847E+00
           K =  1.0875917179E+05
           L =  1.0875404543E+05
           Vnuc =  5.9827286741E+06
           Ven = -7.0403204085E+08
           Vrep =  7.0392327655E+08
           DelSqV =  2.4952805301E+09
           DelSqVen =  2.6025838182E+12
           DelSqVrep = -2.6000885049E+12
           DelSqG =  1.3403410061E+08
           DelSqK = -2.6293146307E+09
           Stress_EigVals = -3.6255011314E+04 -3.6254900923E+04 -3.6254385916E+04
           Stress_EigVec1 =  1.9038771894E-01  8.3110264140E-01 -5.2251403420E-01
           Stress_EigVec2 = -4.1964022949E-02  5.3865270929E-01  8.4148219206E-01
           Stress_EigVec3 =  9.8081167268E-01 -1.3828108415E-01  1.3742927094E-01
           -DivStress =  1.0541672031E+02  7.1648642255E+02 -3.7673729485E+02
           ESP =  -1.4740467651E+01     ESP at Nucleus =  -1.4740467664E+01
           ESPe = -2.9570161669E+01     ESPe at Nucleus = -2.9570163095E+01
           ESPn =  1.4829694018E+01     ESPn at Nucleus =  1.4829695431E+01

CP# 5      Coords =  4.14008927837385E+00 -1.96956446262196E+00  5.64255494119615E+00
           Type = (3,-3) NACP H5
           Rho =  4.2528398863E-01     Rho at Nucleus =  4.2158167891E-01
           GradRho =  1.4033206407E-09  3.6627730883E-10 -9.6980199921E-09
           HessRho_EigVals = -6.4765000946E+00 -6.4702269377E+00 -5.8755373511E+00
           HessRho_EigVec1 =  7.7730955693E-02  9.9570025937E-01  5.0387419327E-02
           HessRho_EigVec2 =  9.8660056184E-01 -8.4095732134E-02  1.3981144168E-01
           HessRho_EigVec3 = -1.4344765566E-01 -3.8844579239E-02  9.8889527694E-01
           DelSqRho = -1.8822264383E+01
           Bond Ellipticity = NA
           V = -4.7148701591E+00
           G =  4.6520316343E-03
           K =  4.7102181275E+00
           L =  4.7055660959E+00
           Vnuc =  4.3274160245E+01
           Ven = -1.8403807474E+01
           Vrep =  1.3688937315E+01
           DelSqV =  7.0869594733E+02
           DelSqVen =  8.1451770104E+02
           DelSqVrep = -1.0582175371E+02
           DelSqG =  6.9759966563E+01
           DelSqK = -7.7845591389E+02
           Stress_EigVals = -1.6224418246E+00 -1.6219590774E+00 -1.4704692571E+00
           Stress_EigVec1 =  1.6667387778E-01  9.8391223203E-01  6.4315924403E-02
           Stress_EigVec2 =  9.7547608311E-01 -1.7405181957E-01  1.3473075146E-01
           Stress_EigVec3 = -1.4375753806E-01 -4.0282549215E-02  9.8879274192E-01
           -DivStress = -1.1319217598E+00 -2.9616439884E-01  7.8208310975E+00
           ESP =  -1.1028171248E+00     ESP at Nucleus =  -1.1052973533E+00
           ESPe = -1.5832863359E+01     ESPe at Nucleus = -1.5746656851E+01
           ESPn =  1.4730046234E+01     ESPn at Nucleus =  1.4641359498E+01

CP# 6      Coords =  5.34013445600173E+00  6.78091719300312E-01 -2.59933985737725E-01
           Type = (3,-3) NACP C6
           Rho =  1.1765151121E+02     Rho at Nucleus =  1.1765151092E+02
           GradRho = -7.5067246863E-10  1.2529467325E-09  1.1544843415E-09
           HessRho_EigVals = -1.4496239048E+05 -1.4496140708E+05 -1.4496101250E+05
           HessRho_EigVec1 =  9.1006652261E-01  3.1848071622E-01  2.6523377956E-01
           HessRho_EigVec2 = -4.2674277317E-02 -5.6454230572E-01  8.2430024330E-01
           HessRho_EigVec3 = -4.1225942133E-01  7.6148671587E-01  5.0018011863E-01
           DelSqRho = -4.3488481006E+05
           Bond Ellipticity = NA
           V = -1.0873136477E+05
           G =  5.0811287971E+00
           K =  1.0872628364E+05
           L =  1.0872120251E+05
           Vnuc =  2.9743473204E+06
           Ven = -3.4993645712E+08
           Vrep =  3.4982772575E+08
           DelSqV =  2.4945154485E+09
           DelSqVen =  1.2934985032E+12
           DelSqVrep = -1.2910039898E+12
           DelSqG =  1.3398129503E+08
           DelSqK = -2.6284967435E+09
           Stress_EigVals = -3.6244075467E+04 -3.6243874655E+04 -3.6243414651E+04
           Stress_EigVec1 = -4.0558263812E-01  7.2237688296E-01  5.6006639126E-01
           Stress_EigVec2 =  4.3344819590E-03 -6.1119811659E-01  7.9146577598E-01
           Stress_EigVec3 =  9.1404810372E-01  3.2343237507E-01  2.4476021497E-01
           -DivStress =  6.1112627167E+02 -1.1207793661E+03 -1.0259065745E+03
           ESP =  -1.4725243172E+01     ESP at Nucleus =  -1.4725243199E+01
           ESPe = -3.1966852239E+01     ESPe at Nucleus = -3.1966851975E+01
           ESPn =  1.7241609067E+01     ESPn at Nucleus =  1.7241608776E+01

CP# 7      Coords =  6.35613440592793E+00 -1.12816014772929E+00 -1.72547844002559E+00
           Type = (3,-3) NACP C7
           Rho =  1.1767919640E+02     Rho at Nucleus =  1.1767919631E+02
           GradRho =  1.0831975594E-10 -2.5202118170E-10 -1.9351792391E-10
           HessRho_EigVals = -1.4501051767E+05 -1.4500979018E+05 -1.4500964298E+05
           HessRho_EigVec1 =  8.9530733644E-01  4.0821308294E-01  1.7828867669E-01
           HessRho_EigVec2 =  4.3487469228E-02 -4.7843203968E-01  8.7704710445E-01
           HessRho_EigVec3 = -4.4332111763E-01  7.7747338368E-01  4.4609586899E-01
           DelSqRho = -4.3502995084E+05
           Bond Ellipticity = NA
           V = -1.0876776415E+05
           G =  5.1382211179E+00
           K =  1.0876262593E+05
           L =  1.0875748771E+05
           Vnuc =  5.3566287877E+06
           Ven = -6.3036377115E+08
           Vrep =  6.3025500338E+08
           DelSqV =  2.4953620669E+09
           DelSqVen =  2.3302939279E+12
           DelSqVrep = -2.3277985659E+12
           DelSqG =  1.3404077751E+08
           DelSqK = -2.6294028444E+09
           Stress_EigVals = -3.6256145356E+04 -3.6256046148E+04 -3.6255572647E+04
           Stress_EigVec1 = -4.2246876482E-01  7.2961885468E-01  5.3775130836E-01
           Stress_EigVec2 =  6.4433601666E-02 -5.6762020958E-01  8.2076525794E-01
           Stress_EigVec3 =  9.0408431782E-01  3.8139693833E-01  1.9278983818E-01
           -DivStress = -1.4634794742E+02  7.2225151645E+02  5.3776874938E+02
           ESP =  -1.4748674720E+01     ESP at Nucleus =  -1.4748674734E+01
           ESPe = -2.9554368642E+01     ESPe at Nucleus = -2.9554370298E+01
           ESPn =  1.4805693922E+01     ESPn at Nucleus =  1.4805695564E+01

CP# 8      Coords =  6.68018452383433E+00 -8.24910211925993E-01 -3.69489517452180E+00
           Type = (3,-3) NACP H8
           Rho =  4.2559412041E-01     Rho at Nucleus =  4.2194988153E-01
           GradRho = -8.0896360677E-10 -7.6386363727E-10  4.9212719368E-09
           HessRho_EigVals = -6.4847547058E+00 -6.4783194623E+00 -5.8896461799E+00
           HessRho_EigVec1 = -3.6925054071E-01  9.2571261043E-01  8.1915817011E-02
           HessRho_EigVec2 = -9.1529409177E-01 -3.4699654360E-01 -2.0452414110E-01
           HessRho_EigVec3 = -1.6090607118E-01 -1.5049771302E-01  9.7542794436E-01
           DelSqRho = -1.8852720348E+01
           Bond Ellipticity = NA
           V = -4.7228336468E+00
           G =  4.8267799064E-03
           K =  4.7180068669E+00
           L =  4.7131800870E+00
           Vnuc =  4.3765156562E+01
           Ven = -1.8626193312E+01
           Vrep =  1.3903359665E+01
           DelSqV =  7.1019120804E+02
           DelSqVen =  8.2509226600E+02
           DelSqVrep = -1.1490105796E+02
           DelSqG =  6.9941572659E+01
           DelSqK = -7.8013278070E+02
           Stress_EigVals = -1.6245127745E+00 -1.6242154230E+00 -1.4741054493E+00
           Stress_EigVec1 = -5.0078199541E-01  8.6416036241E-01  4.9439469138E-02
           Stress_EigVec2 = -8.5039329593E-01 -4.8054601388E-01 -2.1425865393E-01
           Stress_EigVec3 = -1.6139589621E-01 -1.4933986936E-01  9.7552497052E-01
           -DivStress =  1.2576898178E+00  1.1881195703E+00 -7.6580247637E+00
           ESP =  -1.1079699704E+00     ESP at Nucleus =  -1.1104098191E+00
           ESPe = -1.6074837064E+01     ESPe at Nucleus = -1.5991731033E+01
           ESPn =  1.4966867093E+01     ESPn at Nucleus =  1.4881321214E+01

CP# 9      Coords = -1.12116501562042E+00  1.19019219074947E+00 -3.65235871834797E+00
           Type = (3,-3) NACP H9
           Rho =  4.2225132370E-01     Rho at Nucleus =  4.1826292283E-01
           GradRho = -1.0824674490E-15 -2.0078340032E-15  7.1904288079E-16
           HessRho_EigVals = -6.4328480002E+00 -6.4274418799E+00 -5.8023417498E+00
           HessRho_EigVec1 =  3.4034767311E-01 -7.0642044145E-01 -6.2059134808E-01
           HessRho_EigVec2 =  8.8625711305E-01  2.0472957544E-02  4.6274095084E-01
           HessRho_EigVec3 =  3.1418432645E-01  7.0749630240E-01 -6.3303806450E-01
           DelSqRho = -1.8662631630E+01
           Bond Ellipticity = NA
           V = -4.6750885401E+00
           G =  4.7153163019E-03
           K =  4.6703732238E+00
           L =  4.6656579075E+00
           Vnuc =  4.6236966341E+01
           Ven = -1.9523620241E+01
           Vrep =  1.4848531701E+01
           DelSqV =  7.0142081357E+02
           DelSqVen =  8.6290347050E+02
           DelSqVrep = -1.6148265694E+02
           DelSqG =  6.9108275900E+01
           DelSqK = -7.7052908947E+02
           Stress_EigVals = -1.6117754812E+00 -1.6106400845E+00 -1.4526729743E+00
           Stress_EigVec1 =  3.0578402125E-01 -7.0822831541E-01 -6.3632443423E-01
           Stress_EigVec2 =  8.9854000977E-01 -6.3385702344E-03  4.3884584237E-01
           Stress_EigVec3 =  3.1483643879E-01  7.0595500974E-01 -6.3443324396E-01
           -DivStress =  2.5609250970E+00  5.8087745682E+00 -5.1565332420E+00
           ESP =  -1.0824225252E+00     ESP at Nucleus =  -1.0851143393E+00
           ESPe = -1.9956456267E+01     ESPe at Nucleus = -1.9861425665E+01
           ESPn =  1.8874033742E+01     ESPn at Nucleus =  1.8776311326E+01

CP# 10     Coords = -2.29590250573695E+00  4.75712016891550E+00 -1.25668917416231E+00
           Type = (3,-3) NACP O10
           Rho =  2.9056287818E+02     Rho at Nucleus =  2.9056283698E+02
           GradRho = -2.9909852373E-11 -3.3875124927E-12  2.7647217848E-11
           HessRho_EigVals = -6.4078658454E+05 -6.4077557056E+05 -6.4075558126E+05
           HessRho_EigVec1 =  4.5044822843E-01  6.5380843193E-01 -6.0797280189E-01
           HessRho_EigVec2 =  7.9038220947E-01  2.4662382887E-02  6.1211741506E-01
           HessRho_EigVec3 = -4.1520158533E-01  7.5625809166E-01  5.0564942632E-01
           DelSqRho = -1.9223177364E+06
           Bond Ellipticity = NA
           V = -4.8067107192E+05
           G =  4.5818913452E+01
           K =  4.8062525300E+05
           L =  4.8057943409E+05
           Vnuc =  7.0544819465E+05
           Ven = -2.0497705785E+08
           Vrep =  2.0449638677E+08
           DelSqV =  1.9823082037E+10
           DelSqVen =  1.3560955761E+12
           DelSqVrep = -1.3362724940E+12
           DelSqG =  1.0601186477E+09
           DelSqK = -2.0883200684E+10
           Stress_EigVals = -1.6022796770E+05 -1.6022302347E+05 -1.6022008075E+05
           Stress_EigVec1 = -4.1613039442E-01  7.5463936845E-01  5.0730160499E-01
           Stress_EigVec2 =  7.9127570886E-01  2.5644571385E-02  6.1092152403E-01
           Stress_EigVec3 =  4.4801590085E-01  6.5563845185E-01 -6.0779928681E-01
           -DivStress =  3.0697022116E+04  5.0009225519E+04 -4.3730921518E+04
           ESP =  -2.2299324969E+01     ESP at Nucleus =  -2.2299326478E+01
           ESPe = -3.8013286795E+01     ESPe at Nucleus = -3.8013260861E+01
           ESPn =  1.5713961827E+01     ESPn at Nucleus =  1.5713934383E+01

CP# 11     Coords = -4.67441013021067E+00  3.81629824474747E+00  1.97174334990378E+00
           Type = (3,-3) NACP O11
           Rho =  2.9059105620E+02     Rho at Nucleus =  2.9059101448E+02
           GradRho =  1.0273915052E-10 -3.8021585880E-11  3.8752112630E-11
           HessRho_EigVals = -6.4085069264E+05 -6.4084141854E+05 -6.4081929405E+05
           HessRho_EigVec1 = -5.9072780439E-01  2.4162730240E-01  7.6984213177E-01
           HessRho_EigVec2 =  7.9754943851E-01  3.0248125845E-02  6.0249476680E-01
           HessRho_EigVec3 =  1.2229290353E-01  9.6989757068E-01 -2.1057812833E-01
           DelSqRho = -1.9225114052E+06
           Bond Ellipticity = NA
           V = -4.8071938335E+05
           G =  4.5766021480E+01
           K =  4.8067361733E+05
           L =  4.8062785131E+05
           Vnuc =  7.0119216855E+05
           Ven = -2.0376017285E+08
           Vrep =  2.0327945347E+08
           DelSqV =  1.9825072305E+10
           DelSqVen =  1.3480499410E+12
           DelSqVrep = -1.3282248689E+12
           DelSqG =  1.0602290784E+09
           DelSqK = -2.0885301383E+10
           Stress_EigVals = -1.6024428170E+05 -1.6023881017E+05 -1.6023629149E+05
           Stress_EigVec1 =  1.2296824335E-01  9.6961051921E-01 -2.1150473320E-01
           Stress_EigVec2 =  7.9748885449E-01  3.0301940182E-02  6.0257225242E-01
           Stress_EigVec3 = -5.9066939830E-01  2.4276991877E-01  7.6952740591E-01
           -DivStress = -4.3184683997E+04  1.9380698814E+04  5.6416653341E+04
           ESP =  -2.2297090717E+01     ESP at Nucleus =  -2.2297092237E+01
           ESPe = -3.7428085224E+01     ESPe at Nucleus = -3.7428056813E+01
           ESPn =  1.5130994508E+01     ESPn at Nucleus =  1.5130964575E+01

CP# 12     Coords = -3.31207586747675E+00  3.22383197561725E+00  1.77511681610362E-01
           Type = (3,-3) NACP N12
           Rho =  1.9067203790E+02     Rho at Nucleus =  1.9067203664E+02
           GradRho =  1.2575107622E-11 -1.8138379687E-11  2.5535129566E-13
           HessRho_EigVals = -3.2069270203E+05 -3.2069254700E+05 -3.2069054074E+05
           HessRho_EigVec1 =  8.6625010157E-01  6.3061274940E-02  4.9561480722E-01
           HessRho_EigVec2 = -4.7020918924E-01 -2.3237793873E-01  8.5141283285E-01
           HessRho_EigVec3 = -1.6886112605E-01  9.7057908961E-01  1.7164542207E-01
           DelSqRho = -9.6207578978E+05
           Bond Ellipticity = NA
           V = -2.4055198616E+05
           G =  1.6519355234E+01
           K =  2.4053546680E+05
           L =  2.4051894744E+05
           Vnuc =  2.4986082362E+06
           Ven = -4.7641472430E+08
           Vrep =  4.7617417232E+08
           DelSqV =  7.5527934845E+09
           DelSqVen =  2.4038505021E+12
           DelSqVrep = -2.3962977005E+12
           DelSqG =  4.0460467356E+08
           DelSqK = -7.9573981581E+09
           Stress_EigVals = -8.0184415396E+04 -8.0184018858E+04 -8.0183551902E+04
           Stress_EigVec1 = -1.6578810226E-01  9.7106744748E-01  1.7187878750E-01
           Stress_EigVec2 = -5.6521977296E-01 -2.3638975132E-01  7.9034580642E-01
           Stress_EigVec3 =  8.0810946870E-01  3.3880642127E-02  5.8805713046E-01
           -DivStress =  1.2981340567E+03 -6.6341663995E+03 -1.3577285948E+03
           ESP =  -1.8118686318E+01     ESP at Nucleus =  -1.8118686384E+01
           ESPe = -3.7480563814E+01     ESPe at Nucleus = -3.7480565288E+01
           ESPn =  1.9361877497E+01     ESPn at Nucleus =  1.9361878904E+01

CP# 13     Coords =  6.92885032081737E+00 -2.91379280293174E+00 -9.79103791863454E-01
           Type = (3,-3) NACP H13
           Rho =  4.2566377356E-01     Rho at Nucleus =  4.2199950266E-01
           GradRho = -3.8650311250E-12  1.1965861895E-11 -5.0343600816E-12
           HessRho_EigVals = -6.4842422954E+00 -6.4776726560E+00 -5.8872186432E+00
           HessRho_EigVec1 = -2.7040077615E-01  2.9690285052E-01  9.1582319124E-01
           HessRho_EigVec2 =  9.1962015697E-01  3.6117860227E-01  1.5443051563E-01
           HessRho_EigVec3 = -2.8492487984E-01  8.8396759817E-01 -3.7070082038E-01
           DelSqRho = -1.8849133595E+01
           Bond Ellipticity = NA
           V = -4.7220217662E+00
           G =  4.8691837761E-03
           K =  4.7171525824E+00
           L =  4.7122833987E+00
           Vnuc =  4.3996813967E+01
           Ven = -1.8727849858E+01
           Vrep =  1.4005828092E+01
           DelSqV =  7.0994743844E+02
           DelSqVen =  8.2930182422E+02
           DelSqVrep = -1.1935438579E+02
           DelSqG =  6.9905660719E+01
           DelSqK = -7.7985309916E+02
           Stress_EigVals = -1.6244008405E+00 -1.6240627637E+00 -1.4735581620E+00
           Stress_EigVec1 = -3.6861390218E-01  2.5434252627E-01  8.9411054711E-01
           Stress_EigVec2 =  8.8435171741E-01  3.9232517446E-01  2.5298813686E-01
           Stress_EigVec3 = -2.8643643454E-01  8.8396314222E-01 -3.6954476340E-01
           -DivStress =  2.2457079071E+00 -6.9541256240E+00  2.9260415425E+00
           ESP =  -1.1083968305E+00     ESP at Nucleus =  -1.1108393602E+00
           ESPe = -1.6389477964E+01     ESPe at Nucleus = -1.6309972887E+01
           ESPn =  1.5281081134E+01     ESPn at Nucleus =  1.5199133527E+01

CP# 14     Coords =  4.37126985879284E+00 -3.64640973751296E+00  2.65345360824433E+00
           Type = (3,-3) NACP H14
           Rho =  4.2556417899E-01     Rho at Nucleus =  4.2190506191E-01
           GradRho =  3.7517731977E-15  1.2502672508E-13  7.0702124710E-14
           HessRho_EigVals = -6.4859335575E+00 -6.4795117174E+00 -5.8892824861E+00
           HessRho_EigVec1 = -1.2384742825E-01 -4.8695166173E-01  8.6460389408E-01
           HessRho_EigVec2 =  9.9188104483E-01 -8.6104830332E-02  9.3583925392E-02
           HessRho_EigVec3 =  2.8875723623E-02  8.6917434231E-01  4.9366198482E-01
           DelSqRho = -1.8854727761E+01
           Bond Ellipticity = NA
           V = -4.7231633210E+00
           G =  4.7406903904E-03
           K =  4.7184226306E+00
           L =  4.7136819402E+00
           Vnuc =  4.4872672333E+01
           Ven = -1.9096201960E+01
           Vrep =  1.4373038639E+01
           DelSqV =  7.1019647474E+02
           DelSqVen =  8.4606202074E+02
           DelSqVrep = -1.3586554599E+02
