AIMSum (Version 19.02.13, Professional)
Copyright (c) 1997-2019 by Todd A. Keith
AIMSum is a component of the AIMAll package ( http://aim.tkgristmill.com )

TP:  64-bit Linux

Much of the Quantum Theory of Atoms in Molecules (QTAIM) is described in the book:
  "Atoms in Molecules - A Quantum Theory"
  R.F.W. Bader, Oxford University Press, Oxford, 1990

For additional references see:  http://aim.tkgristmill.com/references.html

Wfn File:  /home/mhennefarth/Documents/ML_Diels/summary-paton2010/9-opt/9-opt.wfn
Sum File:  /home/mhennefarth/Documents/ML_Diels/summary-paton2010/9-opt/9-opt.sum

SumViz File:  /home/mhennefarth/Documents/ML_Diels/summary-paton2010/9-opt/9-opt.sumviz

Wfn Title:   Title Card Required                                                           
 
Total memory allocated for AIMSum =        1.608 Megabytes

Atomic units (a.u.) used throughout, except where stated otherwise

Model:  Restricted SCF
 
Restricted, closed-shell, single-determinant wavefunction.
  Number of electrons (from MO Occs)                   =         106.0000000000
  Number of Alpha electrons (from MO Occs)             =          53.0000000000
  Number of Beta electrons (from MO Occs)              =          53.0000000000
  Number of electron pairs (N*(N-1)/2)                 =        5565.0000000000
  Number of electron pairs (from Muller 2EDM)          =        5565.0000000000
 
Nuclear Charges and Cartesian Coordinates:
-------------------------------------------------------------------------------
Atom      Charge                X                  Y                  Z
-------------------------------------------------------------------------------
C1         6.0          -9.7720936200E+00   1.5907845700E+00  -1.6795011400E+00
C2         6.0           5.0869917000E+00   2.2530294700E+00  -5.6315057000E-01
C3         6.0           3.7772024800E+00   2.4195378000E-01   2.3373536000E-01
C4         6.0          -8.3096000500E+00  -3.9397148000E+00  -9.0437941000E-01
C5         6.0          -6.9565777600E+00  -1.8824474800E+00  -3.2724806000E-01
C6         6.0          -7.9491996500E+00   7.2418874000E-01  -1.4531439000E-01
H7         1.0          -1.0568076940E+01   4.2900130000E-01  -3.1734506400E+00
H8         1.0          -1.0331790730E+01  -3.8452172500E+00  -1.2581610500E+00
H9         1.0          -7.4369061600E+00  -5.7949439000E+00  -1.0232190800E+00
H10        1.0          -1.0503239590E+01   3.5026599000E+00  -1.5044782800E+00
H11        1.0          -4.9545994200E+00  -2.0948089200E+00   1.1603733000E-01
H12        1.0           4.1082650800E+00   4.0428414400E+00  -7.8261813000E-01
C13        6.0           7.8563884200E+00   2.1133395000E+00  -1.1701344300E+00
H14        1.0           8.2182227800E+00   3.1590913400E+00  -2.9255869500E+00
H15        1.0           8.8995991800E+00   3.1447090000E+00   3.0692930000E-01
C16        6.0           4.8431976000E+00  -2.3520732700E+00   6.8657962000E-01
H17        1.0           4.1916518300E+00  -3.6399157700E+00  -8.0574951000E-01
C18        6.0           8.8173512800E+00  -6.1998822000E-01  -1.3752792300E+00
C19        6.0           7.7485177700E+00  -2.2558037900E+00   7.6687416000E-01
H20        1.0           1.0887679820E+01  -6.4297276000E-01  -1.3495632200E+00
H21        1.0           8.2316917100E+00  -1.4134711400E+00  -3.2015123000E+00
H22        1.0           8.3544244000E+00  -1.4740495400E+00   2.5920428100E+00
H23        1.0           8.5039393100E+00  -4.1803929100E+00   6.6172761000E-01
N24        7.0           1.0490957000E+00   5.5040279000E-01   6.8523957000E-01
O25        8.0           9.1209960000E-02   2.6598034000E+00   4.5279190000E-01
O26        8.0          -1.3090249000E-01  -1.3745299200E+00   1.2690197700E+00
H27        1.0           4.0843051400E+00  -3.1166748600E+00   2.4523713800E+00
C28        6.0          -6.7283075700E+00   2.3686009500E+00   1.8456703700E+00
H29        1.0          -4.6754154900E+00   2.4499826300E+00   1.5678936200E+00
H30        1.0          -7.4758996800E+00   4.2966718800E+00   1.8045008500E+00
H31        1.0          -7.0432045400E+00   1.5912654800E+00   3.7445521200E+00
 
Some Atomic Properties:
----------------------
  q(A) = Net Charge of Atom A
  L(A) = Lagrangian of Atom A = -(1/4) Times Atomic Integral of the Laplacian of the Electron Density
  K(A) = Electronic Kinetic Energy of Atom A (Hamiltonian Form)
  K_Scaled(A) = K(A) * E(Mol)/K(Mol) = Approximation to Virial-Based Total Energy of Atom A.
  |Mu_Intra(A)| = Magnitude of Intraatomic Dipole Moment of Atom A
--------------------------------------------------------------------------------------------------
Atom A          q(A)              L(A)              K(A)          K_Scaled(A)      |Mu_Intra(A)|
--------------------------------------------------------------------------------------------------
C1       -1.0432014460E-01 -7.7461877759E-05  3.7715535270E+01 -3.8077873698E+01  1.1940229498E-01
C2       -1.3014935400E-02  8.0647871936E-05  3.7738463417E+01 -3.8101022118E+01  1.8130280404E-01
C3        2.1158875330E-01 -7.7927676929E-05  3.7623112323E+01 -3.7984562831E+01  4.8905653340E-01
C4       -9.8148044500E-02 -8.4208042941E-05  3.7707823571E+01 -3.8070087911E+01  9.9910517178E-02
C5       -4.2564469900E-02  5.6403060593E-05  3.7720515704E+01 -3.8082901979E+01  9.2216001855E-02
C6        8.2829858000E-03 -3.0787182784E-05  3.7696738056E+01 -3.8058895896E+01  3.8814654611E-02
H7        3.2457865500E-02  2.6917409558E-05  5.9824568615E-01 -6.0399311621E-01  1.5203711606E-01
H8        3.5435510650E-02  1.5681297136E-05  5.9648049318E-01 -6.0221096478E-01  1.5091506715E-01
H9        3.3706494390E-02  2.8159842744E-05  5.9798795482E-01 -6.0373290882E-01  1.5052358321E-01
H10       2.7600947360E-02  2.1432618948E-05  5.9972360115E-01 -6.0548522975E-01  1.5361009251E-01
H11       5.9461741140E-02  2.3840951126E-05  5.9309499348E-01 -5.9879294011E-01  1.3296173074E-01
H12       1.0393584087E-01  1.5202571919E-05  5.7662598511E-01 -5.8216571167E-01  1.3728394404E-01
C13       1.7915779800E-02  3.2434991794E-04  3.7679660198E+01 -3.8041653969E+01  1.2296555475E-01
H14       2.9716544530E-02  2.4838255144E-05  6.0346436988E-01 -6.0926193656E-01  1.5100338163E-01
H15       2.9876844620E-02  2.7504268650E-05  6.0162842402E-01 -6.0740835252E-01  1.5218037227E-01
C16       3.7215948600E-02 -3.8860288283E-04  3.7681804634E+01 -3.8043819007E+01  1.6667047096E-01
H17       3.3915834960E-02  2.7920496355E-05  6.0257256441E-01 -6.0836156340E-01  1.5044525925E-01
C18       1.9814807900E-02 -2.0990520823E-04  3.7674162923E+01 -3.8036103880E+01  8.2990909888E-02
C19       2.0953436400E-02  3.3793716328E-05  3.7673235901E+01 -3.8035167952E+01  8.0838757748E-02
H20       1.2088917150E-02  2.7802748155E-05  6.1187837161E-01 -6.1775677279E-01  1.5382625774E-01
H21       6.0103059800E-03  2.8472942423E-05  6.1435696489E-01 -6.2025917826E-01  1.5581444346E-01
H22       4.0462874800E-03  2.9131646879E-05  6.1518797508E-01 -6.2109817208E-01  1.5650383672E-01
H23       1.4507292350E-02  3.0683167457E-05  6.1121667947E-01 -6.1708872368E-01  1.5331401559E-01
N24       3.8225385830E-01 -2.4792979329E-04  5.3953452902E+01 -5.4471791278E+01  7.2321283246E-01
O25      -4.7991001420E-01  3.9202825593E-05  7.4822418780E+01 -7.5541248232E+01  3.0658803744E-01
O26      -4.8077348350E-01  4.7168460042E-05  7.4820105632E+01 -7.5538912861E+01  3.0711794691E-01
H27       5.1919272140E-02  2.6866414574E-05  5.9832329764E-01 -6.0407147332E-01  1.4496626161E-01
C28      -3.2535767600E-02 -1.6711303102E-05  3.7697940692E+01 -3.8060110085E+01  9.9209680318E-02
H29       5.6059687600E-02  2.4948547007E-05  5.8983241904E-01 -5.9549902167E-01  1.2996939707E-01
H30       8.4866496700E-03  2.4360254547E-05  6.0777237102E-01 -6.1361132528E-01  1.5553572325E-01
H31       1.4003380170E-02  2.4676224088E-05  6.0404274611E-01 -6.0984586934E-01  1.5576020910E-01
--------------------------------------------------------------------------------------------------
Total    -1.1873040000E-05 -1.2352845872E-04  6.2842740490E+02 -6.3446479496E+02
 
1st Largest |L(A)| = 3.8860288283E-04, atom C16     
2nd Largest |L(A)| = 3.2434991794E-04, atom C13     
 
Molecular charge q(Mol) from the wfn file:   0.0000000000E+00
Molecular energy E(Mol) from the wfn file:  -6.3446484737E+02
Molecular virial ratio (-V(Mol)/T(Mol)) from the wfn file:   2.0096071400E+00
Note.  K_Scaled(A) = (1+V(Mol)/T(Mol))*K(A) = (E(Mol)/T(Mol))*K(A)
       Only use K_Scaled(A) data with caution.
 
N_AIMInt(SumA)     =        106.000012
N_Analytic(Mol)    =        105.999982
 
G_AIMInt(SumA)     =        628.427528
G_Analytic(Mol)    =        628.427413
 
K_AIMInt(SumA)     =        628.427405
K_Analytic(Mol)    =        628.427413
 
L_AIMInt(SumA)     =         -0.000124
L_Analytic(Mol)    =          0.000000
 
VenT_AIMInt(SumA)  =      -3139.374959
VenT_Analytic(Mol) =      -3139.372753
 
Some Information About the Atomic Calculations:
----------------------------------------------
  Time(sec) = "Elapsed User Time", in Seconds, for Atom A by AIMInt and, if used, by TWOe
  NProc = Number of Processors Used for AIMInt Job
  BIM = Basin Integration Method
  OAQ = Angular Quadrature Outside of Beta Sphere
  ORQ = Multiple of Default for Radial Quadrature Outside of Beta Sphere
  IAQ = Multiple of Default for Angular Quadrature Inside of Beta Sphere
  IRQ = Multiple of Default for Radial Quadrature Inside of Beta Sphere
  MIR = Maximum Integration Radius
------------------------------------------------------------------------------------------------------
Atom A     Time(sec)   NProc      BIM          OAQ                     ORQ      IAQ      IRQ      MIR
------------------------------------------------------------------------------------------------------
C1             25        8     Proaim(5)    4500(GS4)                  1.00     1.00     1.00    13.00
C2             37        8     Proaim(5)    4500(GS4)                  1.00     1.00     1.00    13.00
C3             51        8     Proaim(5)    4500(GS4)                  1.00     1.00     1.00    13.00
C4             23        8     Proaim(5)    4500(GS4)                  1.00     1.00     1.00    13.00
C5             29        8     Proaim(5)    4500(GS4)                  1.00     1.00     1.00    13.00
C6             33        8     Proaim(5)    4500(GS4)                  1.00     1.00     1.00    13.00
H7              9        8     Proaim(5)    1800(GS4)                  1.00     1.00     1.00    13.00
H8              7        8     Proaim(5)    1800(GS4)                  1.00     1.00     1.00    13.00
H9              7        8     Proaim(5)    1800(GS4)                  1.00     1.00     1.00    13.00
H10             7        8     Proaim(5)    1800(GS4)                  1.00     1.00     1.00    13.00
H11            13        8     Proaim(5)    4500(GS4)                  1.00     1.00     1.00    13.00
H12            10        8     Proaim(5)    1800(GS4)                  1.00     1.00     1.00    13.00
C13            25        8     Proaim(5)    4500(GS4)                  1.00     1.00     1.00    13.00
H14             6        8     Proaim(5)    1800(GS4)                  1.00     1.00     1.00    13.00
H15             7        8     Proaim(5)    1800(GS4)                  1.00     1.00     1.00    13.00
C16            33        8     Proaim(5)    4500(GS4)                  1.00     1.00     1.00    13.00
H17             8        8     Proaim(5)    1800(GS4)                  1.00     1.00     1.00    13.00
C18            28        8     Proaim(5)    4500(GS4)                  1.00     1.00     1.00    13.00
C19            27        8     Proaim(5)    4500(GS4)                  1.00     1.00     1.00    13.00
H20             7        8     Proaim(5)    1800(GS4)                  1.00     1.00     1.00    13.00
H21             8        8     Proaim(5)    1800(GS4)                  1.00     1.00     1.00    13.00
H22             7        8     Proaim(5)    1800(GS4)                  1.00     1.00     1.00    13.00
H23             7        8     Proaim(5)    1800(GS4)                  1.00     1.00     1.00    13.00
N24            53        8     Proaim(5)    4500(GS4)                  1.00     1.00     1.00    13.00
O25            27        8     Proaim(5)    4500(GS4)                  1.00     1.00     1.00    13.00
O26            24        8     Proaim(5)    4500(GS4)                  1.00     1.00     1.00    13.00
H27             8        8     Proaim(5)    1800(GS4)                  1.00     1.00     1.00    13.00
C28            28        8     Proaim(5)    4500(GS4)                  1.00     1.00     1.00    13.00
H29            13        8     Proaim(5)    4500(GS4)                  1.00     1.00     1.00    13.00
H30             7        8     Proaim(5)    1800(GS4)                  1.00     1.00     1.00    13.00
H31             6        8     Proaim(5)    1800(GS4)                  1.00     1.00     1.00    13.00
------------------------------------------------------------------------------------------------------
Total         580
Note:  Total wall clock time is less than total of atomic times if more than one atom
       was calculated at a time
 
Electron Density Critical Point Analysis of Molecular Structure:               
---------------------------------------------------------------                
  NACP = Nuclear Attractor Critical Point                                      
  NNACP = Non-Nuclear Attractor Critical Point                                 
  BCP = Bond Critical Point                                                    
  RCP = Ring Critical Point                                                    
  CCP = Cage Critical Point                                                    
  Rho = Electron Density                                                       
  GradRho = Gradient of Electron Density                                       
  HessRho_EigVals = Eigenvalues of the Hessian of Rho, Ascending Order         
  HessRho_EigVecs = Eigenvectors of the Hessian of Rho                         
  DelSqRho = Laplacian of Rho = Trace of Hessian of Rho                        
  Bond Ellipticity = (HessRho_EigVal(1) / HessRho_EigVal(2)) - 1               
  V = Virial Field = Potential Energy Density = Trace of Stress Tensor         
  G = Lagrangian Form of Kinetic Energy Density                                
  K = Hamiltonian Form of Kinetic Energy Density                               
  L = K - G = Lagrangian Density = (-1/4)DelSqRho                              
  Vnuc = Electrostatic Potential from Nuclei                                   
  Ven = Electron-nuclear attractive contribution to Virial Field V             
  Vrep = V - Ven = Repulsive contribution to Virial Field V                    
  DelSqV = Laplacian of V                                                      
  DelSqVen = Laplacian of Ven                                                  
  DelSqVrep = Laplacian of Vrep                                                
  DelSqG = Laplacian of G                                                      
  DelSqK = Laplacian of K                                                      
  Stress_EigVals = Eigenvalues of Stress Tensor, Ascending Order               
  Stress_EigVecs = Eigenvectors of Stress Tensor                               
  -DivStress = Ehrenfest Force Density = Minus Divergence of Stress Tensor     
  ESP = Total Electrostatic Potential                                          
  ESPe = Electrostatic Potential from Electrons                                
  ESPn = Electrostatic Potential from Nuclei                                   
  BP = Bond Path                                                               
  BPL = Bond Path Length                                                       
  GBL = Geometric Bond Length                                                  
  GBL_I = Distance Between Nuclear Attractors                                  
  GBL_II = Distance Between Nuclei                                             
  GBL_III = Sum of Distances Between BCP and Nuclear Attractors                
  GBL_IV = Sum of Distances Between BCP and Nuclei                             

CP# 1      Coords = -9.77209458439463E+00  1.59078498089497E+00 -1.67950173865985E+00
           Type = (3,-3) NACP C1
           Rho =  1.1767546633E+02     Rho at Nucleus =  1.1767546623E+02
           GradRho = -3.9205191871E-10  1.1667758426E-10 -2.0382123767E-10
           HessRho_EigVals = -1.4500505769E+05 -1.4500439864E+05 -1.4500424114E+05
           HessRho_EigVec1 =  7.3678038510E-01  3.5114140309E-01 -5.7780133192E-01
           HessRho_EigVec2 = -1.1911656182E-01  9.0861320196E-01  4.0029151117E-01
           HessRho_EigVec3 = -6.6555684117E-01  2.2610122568E-01 -7.1127514150E-01
           DelSqRho = -4.3501369747E+05
           Bond Ellipticity = NA
           V = -1.0876369294E+05
           G =  5.1342850954E+00
           K =  1.0875855865E+05
           L =  1.0875342437E+05
           Vnuc =  4.9702711553E+06
           Ven = -5.8487897600E+08
           Vrep =  5.8477021230E+08
           DelSqV =  2.4952682280E+09
           DelSqVen =  2.1621361869E+12
           DelSqVrep = -2.1596409187E+12
           DelSqG =  1.3403498740E+08
           DelSqK = -2.6293032154E+09
           Stress_EigVals = -3.6254784650E+04 -3.6254681673E+04 -3.6254226615E+04
           Stress_EigVec1 = -6.9889791621E-01  3.0243998844E-01 -6.4812942852E-01
           Stress_EigVec2 = -3.1509656020E-02  8.9229408893E-01  4.5035363931E-01
           Stress_EigVec3 =  7.1452700740E-01  3.3517355542E-01 -6.1409269939E-01
           -DivStress =  7.8467852409E+02 -3.3544940850E+02  4.8895026759E+02
           ESP =  -1.4771977835E+01     ESP at Nucleus =  -1.4771977851E+01
           ESPe = -2.7625996161E+01     ESPe at Nucleus = -2.7625998223E+01
           ESPn =  1.2854018326E+01     ESPn at Nucleus =  1.2854020372E+01

CP# 2      Coords =  5.08699279078433E+00  2.25302908927461E+00 -5.63150698487334E-01
           Type = (3,-3) NACP C2
           Rho =  1.1772040207E+02     Rho at Nucleus =  1.1772040198E+02
           GradRho =  3.3989672188E-10 -1.1803297228E-10 -4.4862391579E-11
           HessRho_EigVals = -1.4505923481E+05 -1.4505759333E+05 -1.4505737853E+05
           HessRho_EigVec1 =  2.1538791269E-01  2.3697841464E-01  9.4733799568E-01
           HessRho_EigVec2 =  9.3279099102E-01  2.3715115596E-01 -2.7140430413E-01
           HessRho_EigVec3 = -2.8897926249E-01  9.4212555438E-01 -1.6997183777E-01
           DelSqRho = -4.3517420667E+05
           Bond Ellipticity = NA
           V = -1.0880380929E+05
           G =  5.1288111236E+00
           K =  1.0879868048E+05
           L =  1.0879355167E+05
           Vnuc =  5.1615652980E+06
           Ven = -6.0762154222E+08
           Vrep =  6.0751273841E+08
           DelSqV =  2.4961824463E+09
           DelSqVen =  2.2461799465E+12
           DelSqVrep = -2.2436837640E+12
           DelSqG =  1.3408208821E+08
           DelSqK = -2.6302645345E+09
           Stress_EigVals = -3.6268235316E+04 -3.6268127807E+04 -3.6267446166E+04
           Stress_EigVec1 =  2.8931978684E-02  9.6830554362E-01 -2.4808731286E-01
           Stress_EigVec2 =  9.7567233109E-01 -8.1314977413E-02 -2.0359611195E-01
           Stress_EigVec3 =  2.1731645810E-01  2.3616148848E-01  9.4710153014E-01
           -DivStress = -8.9301938137E+02  3.0767208754E+02  1.0560928277E+02
           ESP =  -1.4701551460E+01     ESP at Nucleus =  -1.4701551463E+01
           ESPe = -3.1907804747E+01     ESPe at Nucleus = -3.1907804632E+01
           ESPn =  1.7206253287E+01     ESPn at Nucleus =  1.7206253169E+01

CP# 3      Coords =  3.77719745790884E+00  2.41953551532902E-01  2.33736340494336E-01
           Type = (3,-3) NACP C3
           Rho =  1.1766289364E+02     Rho at Nucleus =  1.1766289174E+02
           GradRho =  2.5476287746E-11  1.0542122730E-12 -8.7241325275E-13
           HessRho_EigVals = -1.4497231633E+05 -1.4497132595E+05 -1.4497052498E+05
           HessRho_EigVec1 =  9.7462886401E-01 -1.7021328128E-01 -1.4534791470E-01
           HessRho_EigVec2 =  1.8210784414E-01  2.2547111104E-01  9.5707863376E-01
           HessRho_EigVec3 =  1.3013573888E-01  9.5926545698E-01 -2.5074782652E-01
           DelSqRho = -4.3491416726E+05
           Bond Ellipticity = NA
           V = -1.0873884178E+05
           G =  5.1499843608E+00
           K =  1.0873369180E+05
           L =  1.0872854181E+05
           Vnuc =  1.1714348170E+06
           Ven = -1.3783441027E+08
           Vrep =  1.3772567143E+08
           DelSqV =  2.4946793077E+09
           DelSqVen =  5.0947359744E+11
           DelSqVrep = -5.0697891711E+11
           DelSqG =  1.3398633095E+08
           DelSqK = -2.6286656387E+09
           Stress_EigVals = -3.6246651452E+04 -3.6246128333E+04 -3.6246061999E+04
           Stress_EigVec1 =  1.8073044330E-01  9.4393472506E-01 -2.7626751834E-01
           Stress_EigVec2 =  1.5877606194E-01  2.4920726303E-01  9.5534595943E-01
           Stress_EigVec3 =  9.7063209767E-01 -2.1652476735E-01 -1.0483489925E-01
           -DivStress =  4.0744352345E+03  1.8692016858E+02 -7.9482664919E+02
           ESP =  -1.4676054785E+01     ESP at Nucleus =  -1.4676054941E+01
           ESPe = -3.3909005437E+01     ESPe at Nucleus = -3.3909004135E+01
           ESPn =  1.9232950652E+01     ESPn at Nucleus =  1.9232949195E+01

CP# 4      Coords = -8.30960050253710E+00 -3.93971578179150E+00 -9.04379801845836E-01
           Type = (3,-3) NACP C4
           Rho =  1.1767547563E+02     Rho at Nucleus =  1.1767547554E+02
           GradRho = -1.8634093574E-10 -2.5931201630E-10 -1.1820033841E-10
           HessRho_EigVals = -1.4500314488E+05 -1.4500229273E+05 -1.4500209506E+05
           HessRho_EigVec1 = -1.2582752976E-01 -1.4083791081E-01  9.8200413219E-01
           HessRho_EigVec2 =  8.3099963621E-01 -5.5562741799E-01  2.6791360502E-02
           HessRho_EigVec3 =  5.4185518118E-01  8.1941616732E-01  1.8694947812E-01
           DelSqRho = -4.3500753267E+05
           Bond Ellipticity = NA
           V = -1.0876211876E+05
           G =  5.1177961082E+00
           K =  1.0875700096E+05
           L =  1.0875188317E+05
           Vnuc =  5.2179020797E+06
           Ven = -6.1401910902E+08
           Vrep =  6.1391034690E+08
           DelSqV =  2.4952303653E+09
           DelSqVen =  2.2698266460E+12
           DelSqVrep = -2.2673313501E+12
           DelSqG =  1.3403096818E+08
           DelSqK = -2.6292613335E+09
           Stress_EigVals = -3.6254283882E+04 -3.6254168845E+04 -3.6253666032E+04
           Stress_EigVec1 =  5.0916006770E-01  8.3601817908E-01  2.0452293198E-01
           Stress_EigVec2 =  8.4616864341E-01 -5.2968178322E-01  5.8615999769E-02
           Stress_EigVec3 = -1.5733611271E-01 -1.4321596549E-01  9.7710518107E-01
           -DivStress =  3.6809006775E+02  7.9917660009E+02  3.1752750226E+02
           ESP =  -1.4764385366E+01     ESP at Nucleus =  -1.4764385382E+01
           ESPe = -2.7471756980E+01     ESPe at Nucleus = -2.7471758818E+01
           ESPn =  1.2707371614E+01     ESPn at Nucleus =  1.2707373436E+01

CP# 5      Coords = -6.95657786543047E+00 -1.88244627991565E+00 -3.27247808638089E-01
           Type = (3,-3) NACP C5
           Rho =  1.1768433963E+02     Rho at Nucleus =  1.1768433952E+02
           GradRho = -8.3732354383E-11  4.0044478844E-10  8.9911356138E-11
           HessRho_EigVals = -1.4501077923E+05 -1.4500973433E+05 -1.4500939148E+05
           HessRho_EigVec1 = -2.5037601955E-01 -1.0202492253E-01  9.6275789481E-01
           HessRho_EigVec2 = -5.6201786327E-01  8.2503749897E-01 -5.8728584736E-02
           HessRho_EigVec3 =  7.8831958633E-01  5.5579136417E-01  2.6390943393E-01
           DelSqRho = -4.3502990503E+05
           Bond Ellipticity = NA
           V = -1.0876769729E+05
           G =  5.1105148442E+00
           K =  1.0876258677E+05
           L =  1.0875747626E+05
           Vnuc =  4.8754851988E+06
           Ven = -5.7376825600E+08
           Vrep =  5.7365948830E+08
           DelSqV =  2.4953539216E+09
           DelSqVen =  2.1209821348E+12
           DelSqVrep = -2.1184867153E+12
           DelSqG =  1.3403405427E+08
           DelSqK = -2.6293879759E+09
           Stress_EigVals = -3.6256183294E+04 -3.6256015759E+04 -3.6255498235E+04
           Stress_EigVec1 =  7.2638503980E-01  6.3823273818E-01  2.5499754090E-01
           Stress_EigVec2 =  6.4592837844E-01 -7.6071113713E-01  6.3992935278E-02
           Stress_EigVec3 = -2.3482185561E-01 -1.1822663726E-01  9.6482182727E-01
           -DivStress =  9.0212131252E+01 -9.7375782639E+02 -2.0180343390E+02
           ESP =  -1.4759182578E+01     ESP at Nucleus =  -1.4759182590E+01
           ESPe = -2.9923804751E+01     ESPe at Nucleus = -2.9923804124E+01
           ESPn =  1.5164622173E+01     ESPn at Nucleus =  1.5164621534E+01

CP# 6      Coords = -7.94919809090257E+00  7.24188095273874E-01 -1.45313263006662E-01
           Type = (3,-3) NACP C6
           Rho =  1.1765253563E+02     Rho at Nucleus =  1.1765253533E+02
           GradRho =  1.4172846230E-09 -5.9016069809E-10  1.0414064056E-09
           HessRho_EigVals = -1.4496349460E+05 -1.4496251182E+05 -1.4496214002E+05
           HessRho_EigVec1 =  6.9344521279E-01  2.4054762271E-01 -6.7916903497E-01
           HessRho_EigVec2 =  6.6170068936E-02  9.1737833741E-01  3.9247739811E-01
           HessRho_EigVec3 = -7.1746446521E-01  3.1710223471E-01 -6.2023456362E-01
           DelSqRho = -4.3488814643E+05
           Bond Ellipticity = NA
           V = -1.0873220041E+05
           G =  5.0819001972E+00
           K =  1.0872711851E+05
           L =  1.0872203661E+05
           Vnuc =  2.9572343899E+06
           Ven = -3.4792612443E+08
           Vrep =  3.4781739223E+08
           DelSqV =  2.4945343368E+09
           DelSqVen =  1.2860661719E+12
           DelSqVrep = -1.2835716376E+12
           DelSqG =  1.3398218614E+08
           DelSqK = -2.6285165229E+09
           Stress_EigVals = -3.6244352437E+04 -3.6244153009E+04 -3.6243694962E+04
           Stress_EigVec1 = -7.1647253009E-01  3.5450910907E-01 -6.0082477081E-01
           Stress_EigVec2 =  7.7491476673E-02  8.9636870300E-01  4.3648392791E-01
           Stress_EigVec3 =  6.9329804895E-01  2.6616994546E-01 -6.6969498689E-01
           -DivStress = -1.2664452524E+03  5.2258977614E+02 -9.1534434824E+02
           ESP =  -1.4749533579E+01     ESP at Nucleus =  -1.4749533607E+01
           ESPe = -3.0274500139E+01     ESPe at Nucleus = -3.0274499420E+01
           ESPn =  1.5524966560E+01     ESPn at Nucleus =  1.5524965814E+01

CP# 7      Coords = -1.05547242884952E+01  4.48748527858848E-01 -3.14818481347018E+00
           Type = (3,-3) NACP H7
           Rho =  4.2575315700E-01     Rho at Nucleus =  4.2210695625E-01
           GradRho = -6.2027206288E-16  1.6826817717E-16  9.8965974304E-16
           HessRho_EigVals = -6.4842418946E+00 -6.4772956668E+00 -5.8886472713E+00
           HessRho_EigVec1 =  6.3284253056E-01 -7.3661204028E-01  2.3856452716E-01
           HessRho_EigVec2 =  6.7121333332E-01  3.6831814867E-01 -6.4328407607E-01
           HessRho_EigVec3 =  3.8598315077E-01  5.6722521406E-01  7.2751121218E-01
           DelSqRho = -1.8850184833E+01
           Bond Ellipticity = NA
           V = -4.7223294343E+00
           G =  4.8916130558E-03
           K =  4.7174378212E+00
           L =  4.7125462082E+00
           Vnuc =  4.2204434747E+01
           Ven = -1.7968671333E+01
           Vrep =  1.3246341899E+01
           DelSqV =  7.1004716344E+02
           DelSqVen =  7.9556139575E+02
           DelSqVrep = -8.5514232311E+01
           DelSqG =  6.9899352174E+01
           DelSqK = -7.7994651561E+02
           Stress_EigVals = -1.6243640309E+00 -1.6240555388E+00 -1.4739098646E+00
           Stress_EigVec1 =  5.3372383997E-01 -7.8117650753E-01  3.2388597798E-01
           Stress_EigVec2 =  7.5243565968E-01  2.6386743831E-01 -6.0350190807E-01
           Stress_EigVec3 =  3.8597854952E-01  5.6580671531E-01  7.2861740318E-01
           -DivStress = -3.0185986322E+00 -4.4635308031E+00 -5.7117116931E+00
           ESP =  -1.1315523390E+00     ESP at Nucleus =  -1.1339865821E+00
           ESPe = -1.4547632338E+01     ESPe at Nucleus = -1.4470803979E+01
           ESPn =  1.3416079999E+01     ESPn at Nucleus =  1.3336817397E+01

CP# 8      Coords = -1.02975350579036E+01 -3.84695802942922E+00 -1.25222853165671E+00
           Type = (3,-3) NACP H8
           Rho =  4.2509169696E-01     Rho at Nucleus =  4.2143755865E-01
           GradRho =  6.9079040834E-09 -3.5094096336E-10  1.1969806400E-09
           HessRho_EigVals = -6.4721682765E+00 -6.4654390918E+00 -5.8761438228E+00
           HessRho_EigVec1 =  1.4041106263E-02  9.7958090346E-01  2.0055946976E-01
           HessRho_EigVec2 = -1.7747186774E-01 -1.9495308970E-01  9.6462273920E-01
           HessRho_EigVec3 =  9.8402570266E-01 -4.9138034076E-02  1.7111069549E-01
           DelSqRho = -1.8813751191E+01
           Bond Ellipticity = NA
           V = -4.7129202189E+00
           G =  4.7412105623E-03
           K =  4.7081790083E+00
           L =  4.7034377978E+00
           Vnuc =  4.1936455009E+01
           Ven = -1.7826838824E+01
           Vrep =  1.3113918605E+01
           DelSqV =  7.0856531772E+02
           DelSqVen =  7.8898204193E+02
           DelSqVrep = -8.0416724213E+01
           DelSqG =  6.9730025545E+01
           DelSqK = -7.7829534326E+02
           Stress_EigVals = -1.6213489139E+00 -1.6208083646E+00 -1.4707629404E+00
           Stress_EigVec1 =  2.9124721667E-02  9.9365432171E-01  1.0864087412E-01
           Stress_EigVec2 = -1.7441552060E-01 -1.0196776279E-01  9.7937827295E-01
           Stress_EigVec3 =  9.8424132039E-01 -4.7472774224E-02  1.7033895311E-01
           -DivStress = -7.7288254048E+00  3.9204900380E-01 -1.3387046444E+00
           ESP =  -1.1270998368E+00     ESP at Nucleus =  -1.1295328327E+00
           ESPe = -1.4335467084E+01     ESPe at Nucleus = -1.4257357662E+01
           ESPn =  1.3208367248E+01     ESPn at Nucleus =  1.3127824829E+01

CP# 9      Coords = -7.45175554773022E+00 -5.76364555182498E+00 -1.02122904413694E+00
           Type = (3,-3) NACP H9
           Rho =  4.2613368439E-01     Rho at Nucleus =  4.2249117029E-01
           GradRho = -4.2761112359E-11  9.0147358328E-11  5.7289945357E-12
           HessRho_EigVals = -6.4913210853E+00 -6.4848576343E+00 -5.8955254284E+00
           HessRho_EigVec1 =  8.8062617220E-01  3.9989281928E-01  2.5413240235E-01
           HessRho_EigVec2 =  2.0639673570E-01  1.5903210582E-01 -9.6545801401E-01
           HessRho_EigVec3 = -4.2649493822E-01  9.0265969357E-01  5.7511262076E-02
           DelSqRho = -1.8871704148E+01
           Bond Ellipticity = NA
           V = -4.7273384725E+00
           G =  4.7062177630E-03
           K =  4.7226322548E+00
           L =  4.7179260370E+00
           Vnuc =  4.2004846155E+01
           Ven = -1.7899679854E+01
           Vrep =  1.3172341382E+01
           DelSqV =  7.1086569000E+02
           DelSqVen =  7.9270302959E+02
           DelSqVrep = -8.1837339591E+01
           DelSqG =  6.9985117278E+01
           DelSqK = -7.8085080727E+02
           Stress_EigVals = -1.6261454048E+00 -1.6256779605E+00 -1.4755151072E+00
           Stress_EigVec1 =  8.9827845038E-01  4.1320722399E-01  1.4951794417E-01
           Stress_EigVec2 = -1.1121200868E-01 -1.1540414238E-01  9.8707333722E-01
           Stress_EigVec3 = -4.2512082366E-01  9.0329489867E-01  5.7711448806E-02
           -DivStress =  3.3593406988E+00 -7.0836869047E+00 -4.5066821953E-01
           ESP =  -1.1260827350E+00     ESP at Nucleus =  -1.1285212234E+00
           ESPe = -1.4312020247E+01     ESPe at Nucleus = -1.4236687869E+01
           ESPn =  1.3185937512E+01     ESPn at Nucleus =  1.3108166645E+01

CP# 10     Coords = -1.04910064377833E+01  3.47057732314798E+00 -1.50747436338081E+00
           Type = (3,-3) NACP H10
           Rho =  4.2619781358E-01     Rho at Nucleus =  4.2259952461E-01
           GradRho =  1.9458094250E-10 -5.1027654021E-10 -4.7576024717E-11
           HessRho_EigVals = -6.4963690773E+00 -6.4898381862E+00 -5.9051378731E+00
           HessRho_EigVec1 =  6.3761696113E-01  1.7445505956E-01  7.5033995167E-01
           HessRho_EigVec2 = -6.8340092707E-01 -3.2143936900E-01  6.5546922501E-01
           HessRho_EigVec3 = -3.5553872329E-01  9.3072131396E-01  8.5732444213E-02
           DelSqRho = -1.8891345137E+01
           Bond Ellipticity = NA
           V = -4.7325525964E+00
           G =  4.8581561247E-03
           K =  4.7276944403E+00
           L =  4.7228362841E+00
           Vnuc =  4.2107845534E+01
           Ven = -1.7946271701E+01
           Vrep =  1.3213719105E+01
           DelSqV =  7.1189801790E+02
           DelSqVen =  7.9547384386E+02
           DelSqVrep = -8.3575825964E+01
           DelSqG =  7.0127253792E+01
           DelSqK = -7.8202527169E+02
           Stress_EigVals = -1.6274007916E+00 -1.6271394055E+00 -1.4780123993E+00
           Stress_EigVec1 =  4.8081698778E-01  1.0486101485E-01  8.7052811088E-01
           Stress_EigVec2 =  8.0116578925E-01  3.5089539188E-01 -4.8477397011E-01
           Stress_EigVec3 = -3.5629819308E-01  9.3052490108E-01  8.4705407626E-02
           -DivStress = -2.7722971884E+00  7.2683545678E+00  6.7827199662E-01
           ESP =  -1.1304681438E+00     ESP at Nucleus =  -1.1328771947E+00
           ESPe = -1.4224372930E+01     ESPe at Nucleus = -1.4144612562E+01
           ESPn =  1.3093904786E+01     ESPn at Nucleus =  1.3011735367E+01

CP# 11     Coords = -4.98866590542305E+00 -2.09113880292084E+00  1.08516190693377E-01
           Type = (3,-3) NACP H11
           Rho =  4.2543523398E-01     Rho at Nucleus =  4.2171537380E-01
           GradRho = -6.2250804043E-09  6.7458491744E-10 -1.3735250506E-09
           HessRho_EigVals = -6.4934756980E+00 -6.4860046793E+00 -5.8874268116E+00
           HessRho_EigVec1 =  6.4126288773E-02  9.7848189494E-01  1.9611476327E-01
           HessRho_EigVec2 = -2.3014438233E-01 -1.7672152899E-01  9.5697599995E-01
           HessRho_EigVec3 =  9.7104139066E-01 -1.0650203038E-01  2.1385961553E-01
           DelSqRho = -1.8866907189E+01
           Bond Ellipticity = NA
           V = -4.7260063490E+00
           G =  4.6397758767E-03
           K =  4.7213665731E+00
           L =  4.7167267972E+00
           Vnuc =  4.5453547541E+01
           Ven = -1.9337540633E+01
           Vrep =  1.4611534284E+01
           DelSqV =  7.1046525028E+02
           DelSqVen =  8.5756787327E+02
           DelSqVrep = -1.4710262298E+02
           DelSqG =  7.0081916688E+01
           DelSqK = -7.8054716697E+02
           Stress_EigVals = -1.6265375410E+00 -1.6254459612E+00 -1.4740228468E+00
           Stress_EigVec1 =  8.2042558755E-02  9.9018782818E-01  1.1312419490E-01
           Stress_EigVec2 = -2.2377184705E-01 -9.2306863447E-02  9.7026058532E-01
           Stress_EigVec3 =  9.7118236136E-01 -1.0491667112E-01  2.1400306798E-01
           -DivStress =  7.7060151442E+00 -8.2916237913E-01  1.7014136900E+00
           ESP =  -1.1319856646E+00     ESP at Nucleus =  -1.1344872300E+00
           ESPe = -1.8078755959E+01     ESPe at Nucleus = -1.8029532383E+01
           ESPn =  1.6946770295E+01     ESPn at Nucleus =  1.6895045153E+01

CP# 12     Coords =  4.12614888332621E+00  4.01105991189269E+00 -7.78855450865001E-01
           Type = (3,-3) NACP H12
           Rho =  4.2139163973E-01     Rho at Nucleus =  4.1738805421E-01
           GradRho =  2.3087565193E-10 -4.1093444446E-10  4.8759567605E-11
           HessRho_EigVals = -6.4180555106E+00 -6.4126431717E+00 -5.7866774510E+00
           HessRho_EigVec1 =  8.4196802699E-01  4.3055822295E-01 -3.2512990970E-01
           HessRho_EigVec2 =  2.3764418779E-01  2.4505683798E-01  9.3993211785E-01
           HessRho_EigVec3 = -4.8437080996E-01  8.6865802409E-01 -1.0401036318E-01
           DelSqRho = -1.8617376133E+01
           Bond Ellipticity = NA
           V = -4.6637529682E+00
           G =  4.7044674214E-03
           K =  4.6590485007E+00
           L =  4.6543440333E+00
           Vnuc =  4.4320068894E+01
           Ven = -1.8676106504E+01
           Vrep =  1.4012353536E+01
           DelSqV =  6.9961159598E+02
           DelSqVen =  8.2512339355E+02
           DelSqVrep = -1.2551179758E+02
           DelSqG =  6.8914528057E+01
           DelSqK = -7.6852612403E+02
           Stress_EigVals = -1.6080759332E+00 -1.6069358704E+00 -1.4487411646E+00
           Stress_EigVec1 =  8.3746213699E-01  4.2301780806E-01 -3.4599581380E-01
           Stress_EigVec2 =  2.5665937560E-01  2.5450647302E-01  9.3239070143E-01
           Stress_EigVec3 = -4.8247604502E-01  8.6964497886E-01 -1.0456804829E-01
           -DivStress = -3.9939238676E+00  7.0948900478E+00 -8.3938397898E-01
           ESP =  -1.0741449203E+00     ESP at Nucleus =  -1.0768524358E+00
           ESPe = -1.8117522500E+01     ESPe at Nucleus = -1.8024835761E+01
           ESPn =  1.7043377580E+01     ESPn at Nucleus =  1.6947983325E+01

CP# 13     Coords =  7.85638702702930E+00  2.11333926360285E+00 -1.17013402083820E+00
           Type = (3,-3) NACP C13
           Rho =  1.1753140615E+02     Rho at Nucleus =  1.1753140599E+02
           GradRho = -6.8504119044E-10 -1.3246614916E-10  1.8935467083E-10
           HessRho_EigVals = -1.4482858120E+05 -1.4482826885E+05 -1.4482815423E+05
           HessRho_EigVec1 =  9.5197594991E-01 -1.5692750281E-01 -2.6289836374E-01
           HessRho_EigVec2 =  2.5667697973E-01  8.7714848284E-01  4.0586631681E-01
           HessRho_EigVec3 =  1.6690931333E-01 -4.5385493047E-01  8.7530393762E-01
           DelSqRho = -4.3448500428E+05
           Bond Ellipticity = NA
           V = -1.0863166924E+05
           G =  5.2090833436E+00
           K =  1.0862646015E+05
           L =  1.0862125107E+05
           Vnuc =  4.0790396937E+06
           Ven = -4.7941527093E+08
           Vrep =  4.7930663926E+08
           DelSqV =  2.4922530183E+09
           DelSqVen =  1.7722815611E+12
           DelSqVrep = -1.7697893081E+12
           DelSqG =  1.3387272111E+08
           DelSqK = -2.6261257394E+09
           Stress_EigVals = -3.6210619683E+04 -3.6210578758E+04 -3.6210470796E+04
           Stress_EigVec1 =  1.1550268689E-01 -3.6777484104E-01  9.2271382109E-01
           Stress_EigVec2 =  3.7470869679E-01  8.7643237061E-01  3.0242303531E-01
           Stress_EigVec3 =  9.1991984535E-01 -3.1081822025E-01 -2.3903872508E-01
           -DivStress =  1.1283557638E+03  1.9422531002E+02 -3.3067307696E+02
           ESP =  -1.4707096724E+01     ESP at Nucleus =  -1.4707096731E+01
           ESPe = -2.9996616396E+01     ESPe at Nucleus = -2.9996614333E+01
           ESPn =  1.5289519673E+01     ESPn at Nucleus =  1.5289517603E+01

CP# 14     Coords =  8.21217903015395E+00  3.14202748598022E+00 -2.89709038458022E+00
           Type = (3,-3) NACP H14
           Rho =  4.2411368757E-01     Rho at Nucleus =  4.2067505155E-01
           GradRho = -9.8619029609E-16 -1.1900203045E-15  5.1764148523E-15
           HessRho_EigVals = -6.4584073270E+00 -6.4565242263E+00 -5.8878782395E+00
           HessRho_EigVec1 =  6.9616566443E-01 -6.7147463959E-01 -2.5391962520E-01
           HessRho_EigVec2 =  6.9514471914E-01  5.4222595534E-01  4.7197969533E-01
           HessRho_EigVec3 = -1.7924058446E-01 -5.0508694474E-01  8.4425114222E-01
           DelSqRho = -1.8802809793E+01
           Bond Ellipticity = NA
           V = -4.7104502494E+00
           G =  4.8739005995E-03
           K =  4.7055763488E+00
           L =  4.7007024482E+00
           Vnuc =  4.4428486917E+01
           Ven = -1.8842729420E+01
           Vrep =  1.4132279170E+01
           DelSqV =  7.0896102667E+02
           DelSqVen =  8.3538038889E+02
           DelSqVrep = -1.2641936222E+02
