AIMSum (Version 19.02.13, Professional)
Copyright (c) 1997-2019 by Todd A. Keith
AIMSum is a component of the AIMAll package ( http://aim.tkgristmill.com )

TP:  64-bit Linux

Much of the Quantum Theory of Atoms in Molecules (QTAIM) is described in the book:
  "Atoms in Molecules - A Quantum Theory"
  R.F.W. Bader, Oxford University Press, Oxford, 1990

For additional references see:  http://aim.tkgristmill.com/references.html

Wfn File:  /home/mhennefarth/Documents/ML_Diels/summary-lam2009/1-opt/1-opt.wfn
Sum File:  /home/mhennefarth/Documents/ML_Diels/summary-lam2009/1-opt/1-opt.sum

SumViz File:  /home/mhennefarth/Documents/ML_Diels/summary-lam2009/1-opt/1-opt.sumviz

Wfn Title:   Title Card Required                                                           
 
Total memory allocated for AIMSum =        4.228 Megabytes

Atomic units (a.u.) used throughout, except where stated otherwise

Model:  Restricted SCF
 
Restricted, closed-shell, single-determinant wavefunction.
  Number of electrons (from MO Occs)                   =         206.0000000000
  Number of Alpha electrons (from MO Occs)             =         103.0000000000
  Number of Beta electrons (from MO Occs)              =         103.0000000000
  Number of electron pairs (N*(N-1)/2)                 =       21115.0000000000
  Number of electron pairs (from Muller 2EDM)          =       21115.0000000000
 
Nuclear Charges and Cartesian Coordinates:
-------------------------------------------------------------------------------
Atom      Charge                X                  Y                  Z
-------------------------------------------------------------------------------
C1         6.0           5.9843957800E+00  -2.8279413800E+00   3.5108090400E+00
C2         6.0           5.0076423800E+00  -9.1535932000E-01   2.1492185200E+00
C3         6.0           3.9215426000E+00   1.4010949500E+00   3.2516191500E+00
C4         6.0           4.7848293900E+00   2.5820854500E+00   5.3236560600E+00
C5         6.0          -2.7974529100E+00  -4.1939676600E+00  -4.7692063000E-01
C6         6.0          -2.7967962000E-01  -4.3793645600E+00  -9.2951566000E-01
H7         1.0           2.3174648200E+00   2.2000077800E+00   2.2313325100E+00
H8         1.0           8.5048991000E-01  -2.6720924800E+00  -1.1566759900E+00
H9         1.0          -3.9194389900E+00  -5.8853431400E+00  -1.9590035000E-01
H10        1.0           6.4570268200E+00   1.8292693200E+00   6.2625897300E+00
H11        1.0           5.8693435200E+00  -2.6503329000E+00   5.5542626300E+00
C12        6.0          -4.0420501500E+00  -1.7757688500E+00  -3.9518560000E-01
O13        8.0          -2.9319788500E+00   2.6649247000E-01  -8.7363146000E-01
N14        7.0          -6.6080364200E+00  -1.7317753200E+00   2.2914699000E-01
Al15      13.0          -3.9961535700E+00   3.7102520400E+00  -1.3429192900E+00
C16        6.0          -8.1935981000E+00  -3.9437478400E+00   8.5615103000E-01
C17        6.0          -8.0693887400E+00   4.4473097000E-01   2.0993063000E-01
O18        8.0          -7.3702698700E+00   2.5960622000E+00  -3.5635967000E-01
C19        6.0          -2.6652438700E+00   5.7522091500E+00   1.4187440500E+00
C20        6.0          -4.0769331000E+00   4.3991338600E+00  -4.9621825200E+00
C21        6.0          -1.0694273980E+01  -2.6638570900E+00   1.6369441900E+00
H22        1.0          -7.3601112300E+00  -5.0255436000E+00   2.4015486100E+00
H23        1.0          -8.4110550500E+00  -5.1573865000E+00  -8.0176369000E-01
O24        8.0          -1.0409732730E+01  -3.2739150000E-02   8.7858008000E-01
H25        1.0          -3.6912028500E+00   7.5474328800E+00   1.5838217900E+00
H26        1.0          -2.7734073300E+00   4.8144576700E+00   3.2645643600E+00
H27        1.0          -6.7636456000E-01   6.2360599400E+00   1.0863309000E+00
H28        1.0          -4.9291748100E+00   2.8753551900E+00  -6.0812808700E+00
H29        1.0          -5.1602357300E+00   6.1227755400E+00  -5.3615768600E+00
H30        1.0          -2.1707316400E+00   4.7138764100E+00  -5.7171948500E+00
H31        1.0          -1.1013830610E+01  -2.6757906700E+00   3.6740838200E+00
H32        1.0          -1.2345210800E+01  -3.4069909200E+00   6.5756512000E-01
C33        6.0           7.2614721600E+00  -5.1442041600E+00   2.4950898100E+00
H34        1.0           9.2697523200E+00  -5.1746895600E+00   3.0229781500E+00
H35        1.0           6.4380409700E+00  -6.8769987300E+00   3.2910830800E+00
H36        1.0           7.1532985300E+00  -5.2420305300E+00   4.3397860000E-01
C37        6.0           3.6366681500E+00   4.8991413700E+00   6.4813516600E+00
H38        1.0           2.0047710800E+00   5.5744304900E+00   5.4032704200E+00
H39        1.0           3.0160675300E+00   4.5281729900E+00   8.4276472200E+00
H40        1.0           5.0222149700E+00   6.4389959000E+00   6.5963390400E+00
C41        6.0           1.0987473100E+00  -6.8086645800E+00  -1.1398443800E+00
H42        1.0           1.9552848100E+00  -6.9418586400E+00  -3.0280498400E+00
H43        1.0           2.6938648400E+00  -6.8289917900E+00   1.8381153000E-01
H44        1.0          -9.8753680000E-02  -8.4606459600E+00  -8.2122301000E-01
O45        8.0           4.8521303100E+00  -1.0643113200E+00  -4.7012747000E-01
Si46      14.0           6.6520946900E+00   6.6575834000E-01  -2.5244283300E+00
C47        6.0           6.3858598100E+00  -1.1164774100E+00  -5.5886776100E+00
H48        1.0           7.4514841000E+00  -1.5950110000E-01  -7.0863784300E+00
H49        1.0           7.1412237600E+00  -3.0375296500E+00  -5.4189100100E+00
H50        1.0           4.4194756200E+00  -1.2572966000E+00  -6.2284053500E+00
C51        6.0           9.9979931000E+00   7.9330777000E-01  -1.3431915900E+00
H52        1.0           1.0119278630E+01   1.7280580100E+00   5.0030880000E-01
H53        1.0           1.0809071410E+01  -1.1016902000E+00  -1.1451705100E+00
H54        1.0           1.1195199600E+01   1.8537649100E+00  -2.6613615700E+00
C55        6.0           5.2895030200E+00   3.9390960500E+00  -2.8705111700E+00
H56        1.0           6.3402073500E+00   5.0236011900E+00  -4.2909299800E+00
H57        1.0           3.3105083400E+00   3.8710774500E+00  -3.4867568200E+00
H58        1.0           5.3709836300E+00   4.9931973500E+00  -1.0906214100E+00
 
Some Atomic Properties:
----------------------
  q(A) = Net Charge of Atom A
  L(A) = Lagrangian of Atom A = -(1/4) Times Atomic Integral of the Laplacian of the Electron Density
  K(A) = Electronic Kinetic Energy of Atom A (Hamiltonian Form)
  K_Scaled(A) = K(A) * E(Mol)/K(Mol) = Approximation to Virial-Based Total Energy of Atom A.
  |Mu_Intra(A)| = Magnitude of Intraatomic Dipole Moment of Atom A
--------------------------------------------------------------------------------------------------
Atom A          q(A)              L(A)              K(A)          K_Scaled(A)      |Mu_Intra(A)|
--------------------------------------------------------------------------------------------------
C1       -3.6103031500E-02 -8.2838974712E-05  3.7708511873E+01 -3.8003940718E+01  1.4633020469E-01
C2        4.5955157800E-01 -4.6341081186E-05  3.7413058338E+01 -3.7706172441E+01  6.7946936107E-01
C3       -5.2476044400E-02  1.0594941500E-05  3.7736499557E+01 -3.8032147672E+01  9.5968695062E-02
C4       -3.8836493600E-02  6.3561684365E-05  3.7707211839E+01 -3.8002630498E+01  7.6559267939E-02
C5       -2.5555970200E-02  9.6368270877E-05  3.7728475480E+01 -3.8024060730E+01  2.0931216810E-01
C6        1.3724123900E-02 -2.1699470406E-04  3.7716515168E+01 -3.8012006714E+01  1.5652674368E-01
H7        2.7927293270E-02  2.2202325618E-05  6.0249428017E-01 -6.0721454570E-01  1.4866041375E-01
H8        1.6455488510E-01 -7.0957877629E-05  5.5199936868E-01 -5.5632402981E-01  1.1592134611E-01
H9        6.3831535120E-02  5.0689445699E-05  5.9218046156E-01 -5.9681992308E-01  1.3813381860E-01
H10       4.2988385230E-02  2.5798777625E-05  5.9799016446E-01 -6.0267514233E-01  1.4991152481E-01
H11       4.0594230010E-02  2.5117268530E-05  5.9944811699E-01 -6.0414451724E-01  1.5045133141E-01
C12       1.3189704288E+00  2.7563138365E-05  3.6859097852E+01 -3.7147871928E+01  8.6362112633E-01
O13      -1.3103827886E+00  7.1383178562E-05  7.5344472404E+01 -7.5934761687E+01  3.0581789970E-01
N14      -1.1746458138E+00  1.0117588179E-04  5.4977784336E+01 -5.5408509987E+01  1.1523348700E-01
Al15      2.3957663830E+00 -2.3166816668E-05  2.4086974857E+02 -2.4275685225E+02  9.5202129474E-02
C16       3.0799393120E-01  2.6423364227E-04  3.7528583604E+01 -3.7822602793E+01  5.1907154075E-01
C17       2.0758666535E+00 -1.9512752083E-04  3.6392159578E+01 -3.6677275408E+01  2.5681297137E-01
O18      -1.2979180755E+00  6.8883227209E-05  7.5374367655E+01 -7.5964891154E+01  4.0053378931E-01
C19      -8.2307397870E-01 -7.5154515191E-05  3.7897205655E+01 -3.8194112828E+01  1.2651177059E+00
C20      -8.2272963800E-01 -3.3392182385E-05  3.7895242216E+01 -3.8192134007E+01  1.2736042454E+00
C21       4.0411202250E-01  6.1888000684E-08  3.7465121398E+01 -3.7758643390E+01  5.7876877090E-01
H22       8.7666962580E-02  2.9099112338E-05  5.8671473448E-01 -5.9131137454E-01  1.3686878940E-01
H23       8.1096881520E-02  2.9999499800E-05  5.8953578367E-01 -5.9415452535E-01  1.3887605964E-01
O24      -1.0562289030E+00  1.2556602559E-04  7.5305770703E+01 -7.5895756776E+01  3.3346519338E-01
H25       3.9470600930E-02  2.8780460856E-05  5.8523915842E-01 -5.8982423801E-01  1.5383985288E-01
H26       2.1206380330E-02  3.3935047359E-05  5.9277772862E-01 -5.9742186944E-01  1.5816831136E-01
H27       3.1666005450E-02  4.0680734521E-05  5.8843932489E-01 -5.9304947632E-01  1.5258567293E-01
H28       1.9893876030E-02  3.3278108830E-05  5.9338786559E-01 -5.9803678655E-01  1.5946758927E-01
H29       3.9186426580E-02  2.6857263184E-05  5.8533415293E-01 -5.8991997676E-01  1.5402442741E-01
H30       3.3501981160E-02  3.2396290843E-05  5.8741329014E-01 -5.9201540306E-01  1.5498894903E-01
H31       9.9412177330E-02  2.8179230846E-05  5.8403571040E-01 -5.8861136153E-01  1.3630735878E-01
H32       1.0890647169E-01  2.6370841497E-05  5.7936453331E-01 -5.8390358793E-01  1.3406913163E-01
C33      -1.8579414500E-02  1.2605815625E-04  3.7676945439E+01 -3.7972126976E+01  1.0382665152E-01
H34       3.5975624190E-02  2.9171737318E-05  5.9512951763E-01 -5.9979208364E-01  1.4984194246E-01
H35       1.3327388960E-02  2.0299390936E-05  6.0435983141E-01 -6.0909471268E-01  1.5466683570E-01
H36       2.5404331370E-02  2.0275429577E-05  6.0334539079E-01 -6.0807232439E-01  1.4612738853E-01
C37      -1.7811800700E-02  4.7744597703E-05  3.7681294333E+01 -3.7976509940E+01  1.0230443059E-01
H38       1.7713683970E-02  2.9130466250E-05  6.0389375995E-01 -6.0862498977E-01  1.4770097262E-01
H39       3.1592132460E-02  2.3738780883E-05  5.9650349586E-01 -6.0117682635E-01  1.5108840201E-01
H40       3.5213594640E-02  2.9127216168E-05  5.9567802803E-01 -6.0034489136E-01  1.4977428289E-01
C41      -2.5014178700E-02 -1.2924724156E-05  3.7704792187E+01 -3.8000191890E+01  1.7696378815E-01
H42       7.9740853040E-02  2.2548521799E-05  5.7453399016E-01 -5.7903519969E-01  1.3995442699E-01
H43       9.1356093510E-02  2.5264028523E-05  5.7246060907E-01 -5.7694557461E-01  1.2955860024E-01
H44       4.1226838710E-02  1.8297269146E-05  5.9475688833E-01 -5.9941653496E-01  1.4639470838E-01
O45      -1.3928318107E+00  8.2204839432E-05  7.5238661539E+01 -7.5828121843E+01  3.6760928310E-01
Si46      2.9678673240E+00 -2.1060281388E-04  2.8729998561E+02 -2.8955084884E+02  8.4245300253E-02
C47      -7.9491244510E-01  1.0232724301E-04  3.7970568212E+01 -3.8268050148E+01  1.2196668674E+00
H48       3.7811646630E-02  2.4416310839E-05  5.8841680937E-01 -5.9302678440E-01  1.5145581130E-01
H49       2.9633361590E-02  2.7255152551E-05  5.9206533613E-01 -5.9670389569E-01  1.5357485216E-01
H50       1.8455430540E-02  2.2215210750E-05  5.9599059072E-01 -6.0065990284E-01  1.5677977844E-01
C51      -8.1123067690E-01 -4.3629785316E-04  3.7978336309E+01 -3.8275879104E+01  1.2249132515E+00
H52       3.9051345260E-02  2.8116153782E-05  5.8888404909E-01 -5.9349768473E-01  1.4970191784E-01
H53       3.4519540550E-02  2.9341956189E-05  5.9059210948E-01 -5.9521912699E-01  1.5062141103E-01
H54       3.7020147240E-02  2.4351384705E-05  5.8853501402E-01 -5.9314591513E-01  1.5198939833E-01
C55      -7.9854822210E-01 -1.6590279505E-04  3.7971704676E+01 -3.8269195515E+01  1.2215683750E+00
H56       3.6482409060E-02  2.4205161504E-05  5.8873105387E-01 -5.9334349086E-01  1.5229859428E-01
H57       1.1551345570E-02  3.1039608907E-05  5.9755462916E-01 -6.0223619480E-01  1.5969487310E-01
H58       3.5436933510E-02  1.5956047044E-06  5.9041676874E-01 -5.9504241253E-01  1.4986720672E-01
--------------------------------------------------------------------------------------------------
Total     1.0003899520E+00  4.8179864809E-04  1.5809203171E+03 -1.5933061005E+03
 
1st Largest |L(A)| = 4.3629785316E-04, atom C51     
2nd Largest |L(A)| = 2.6423364227E-04, atom C16     
 
Molecular charge q(Mol) from the wfn file:   1.0000000000E+00
Molecular energy E(Mol) from the wfn file:  -1.5933061066E+03
Molecular virial ratio (-V(Mol)/T(Mol)) from the wfn file:   2.0078345400E+00
Note.  K_Scaled(A) = (1+V(Mol)/T(Mol))*K(A) = (E(Mol)/T(Mol))*K(A)
       Only use K_Scaled(A) data with caution.
 
N_AIMInt(SumA)     =        205.999610
N_Analytic(Mol)    =        205.999969
 
G_AIMInt(SumA)     =       1580.919835
G_Analytic(Mol)    =       1580.920239
 
K_AIMInt(SumA)     =       1580.920317
K_Analytic(Mol)    =       1580.920239
 
L_AIMInt(SumA)     =          0.000482
L_Analytic(Mol)    =          0.000000
 
VenT_AIMInt(SumA)  =      -8984.117874
VenT_Analytic(Mol) =      -8984.127138
 
Some Information About the Atomic Calculations:
----------------------------------------------
  Time(sec) = "Elapsed User Time", in Seconds, for Atom A by AIMInt and, if used, by TWOe
  NProc = Number of Processors Used for AIMInt Job
  BIM = Basin Integration Method
  OAQ = Angular Quadrature Outside of Beta Sphere
  ORQ = Multiple of Default for Radial Quadrature Outside of Beta Sphere
  IAQ = Multiple of Default for Angular Quadrature Inside of Beta Sphere
  IRQ = Multiple of Default for Radial Quadrature Inside of Beta Sphere
  MIR = Maximum Integration Radius
------------------------------------------------------------------------------------------------------
Atom A     Time(sec)   NProc      BIM          OAQ                     ORQ      IAQ      IRQ      MIR
------------------------------------------------------------------------------------------------------
C1             77        8     Proaim(5)    4500(GS4)                  1.00     1.00     1.00    13.00
C2            140        8     Proaim(5)    4500(GS4)                  1.00     1.00     1.00    13.00
C3             90        8     Proaim(5)    4500(GS4)                  1.00     1.00     1.00    13.00
C4             54        8     Proaim(5)    4500(GS4)                  1.00     1.00     1.00    13.00
C5             73        8     Proaim(5)    4500(GS4)                  1.00     1.00     1.00    13.00
C6             73        8     Proaim(5)    4500(GS4)                  1.00     1.00     1.00    13.00
H7             43        8     Proaim(5)    4500(GS4)                  1.00     1.00     1.00    13.00
H8             48        8     Proaim(5)    4500(GS4)                  1.00     1.00     1.00    13.00
H9             20        8     Proaim(5)    1800(GS4)                  1.00     1.00     1.00    13.00
H10            14        8     Proaim(5)    1800(GS4)                  1.00     1.00     1.00    13.00
H11            14        8     Proaim(5)    1800(GS4)                  1.00     1.00     1.00    13.00
C12            76        8     Proaim(5)    4500(GS4)                  1.00     1.00     1.00    13.00
O13            60        8     Proaim(5)    4500(GS4)                  1.00     1.00     1.00    13.00
N14            61        8     Proaim(5)    4500(GS4)                  1.00     1.00     1.00    13.00
Al15           84        8     Proaim(5)    4500(GS4)                  1.00     1.00     1.00    13.00
C16            50        8     Proaim(5)    4500(GS4)                  1.00     1.00     1.00    13.00
C17            36        8     Proaim(5)    4500(GS4)                  1.00     1.00     1.00    13.00
O18            41        8     Proaim(5)    4500(GS4)                  1.00     1.00     1.00    13.00
C19            83        8     Proaim(5)    4500(GS4)                  1.00     1.00     1.00    13.00
C20            57        8     Proaim(5)    4500(GS4)                  1.00     1.00     1.00    13.00
C21            36        8     Proaim(5)    4500(GS4)                  1.00     1.00     1.00    13.00
H22            14        8     Proaim(5)    1800(GS4)                  1.00     1.00     1.00    13.00
H23            13        8     Proaim(5)    1800(GS4)                  1.00     1.00     1.00    13.00
O24            31        8     Proaim(5)    4500(GS4)                  1.00     1.00     1.00    13.00
H25            11        8     Proaim(5)    1800(GS4)                  1.00     1.00     1.00    13.00
H26            19        8     Proaim(5)    1800(GS4)                  1.00     1.00     1.00    13.00
H27            73        8     Proaim(5)    4500(GS4)                  1.00     1.00     1.00    13.00
H28            14        8     Proaim(5)    1800(GS4)                  1.00     1.00     1.00    13.00
H29            11        8     Proaim(5)    1800(GS4)                  1.00     1.00     1.00    13.00
H30            37        8     Proaim(5)    4500(GS4)                  1.00     1.00     1.00    13.00
H31            11        8     Proaim(5)    1800(GS4)                  1.00     1.00     1.00    13.00
H32            10        8     Proaim(5)    1800(GS4)                  1.00     1.00     1.00    13.00
C33            83        8     Proaim(5)    4500(GS4)                  1.00     1.00     1.00    13.00
H34            12        8     Proaim(5)    1800(GS4)                  1.00     1.00     1.00    13.00
H35            14        8     Proaim(5)    1800(GS4)                  1.00     1.00     1.00    13.00
H36            21        8     Proaim(5)    1800(GS4)                  1.00     1.00     1.00    13.00
C37            39        8     Proaim(5)    4500(GS4)                  1.00     1.00     1.00    13.00
H38            31        8     Proaim(5)    4500(GS4)                  1.00     1.00     1.00    13.00
H39            10        8     Proaim(5)    1800(GS4)                  1.00     1.00     1.00    13.00
H40            10        8     Proaim(5)    1800(GS4)                  1.00     1.00     1.00    13.00
C41            58        8     Proaim(5)    4500(GS4)                  1.00     1.00     1.00    13.00
H42            17        8     Proaim(5)    1800(GS4)                  1.00     1.00     1.00    13.00
H43            29        8     Proaim(5)    4500(GS4)                  1.00     1.00     1.00    13.00
H44            12        8     Proaim(5)    1800(GS4)                  1.00     1.00     1.00    13.00
O45           145        8     Proaim(5)    4500(GS4)                  1.00     1.00     1.00    13.00
Si46          166        8     Proaim(5)    7200(GS7)                  1.00     1.00     1.00    13.00
C47            70        8     Proaim(5)    4500(GS4)                  1.00     1.00     1.00    13.00
H48            13        8     Proaim(5)    1800(GS4)                  1.00     1.00     1.00    13.00
H49            16        8     Proaim(5)    1800(GS4)                  1.00     1.00     1.00    13.00
H50            16        8     Proaim(5)    1800(GS4)                  1.00     1.00     1.00    13.00
C51            62        8     Proaim(5)    4500(GS4)                  1.00     1.00     1.00    13.00
H52            14        8     Proaim(5)    1800(GS4)                  1.00     1.00     1.00    13.00
H53            17        8     Proaim(5)    1800(GS4)                  1.00     1.00     1.00    13.00
H54            11        8     Proaim(5)    1800(GS4)                  1.00     1.00     1.00    13.00
C55           125        8     Proaim(5)    4500(GS4)                  1.00     1.00     1.00    13.00
H56            13        8     Proaim(5)    1800(GS4)                  1.00     1.00     1.00    13.00
H57            48        8     Proaim(5)    4500(GS4)                  1.00     1.00     1.00    13.00
H58            51        8     Proaim(5)    1800(GS4)                  1.00     1.00     1.00    13.00
------------------------------------------------------------------------------------------------------
Total        2577
Note:  Total wall clock time is less than total of atomic times if more than one atom
       was calculated at a time
 
Electron Density Critical Point Analysis of Molecular Structure:               
---------------------------------------------------------------                
  NACP = Nuclear Attractor Critical Point                                      
  NNACP = Non-Nuclear Attractor Critical Point                                 
  BCP = Bond Critical Point                                                    
  RCP = Ring Critical Point                                                    
  CCP = Cage Critical Point                                                    
  Rho = Electron Density                                                       
  GradRho = Gradient of Electron Density                                       
  HessRho_EigVals = Eigenvalues of the Hessian of Rho, Ascending Order         
  HessRho_EigVecs = Eigenvectors of the Hessian of Rho                         
  DelSqRho = Laplacian of Rho = Trace of Hessian of Rho                        
  Bond Ellipticity = (HessRho_EigVal(1) / HessRho_EigVal(2)) - 1               
  V = Virial Field = Potential Energy Density = Trace of Stress Tensor         
  G = Lagrangian Form of Kinetic Energy Density                                
  K = Hamiltonian Form of Kinetic Energy Density                               
  L = K - G = Lagrangian Density = (-1/4)DelSqRho                              
  Vnuc = Electrostatic Potential from Nuclei                                   
  Ven = Electron-nuclear attractive contribution to Virial Field V             
  Vrep = V - Ven = Repulsive contribution to Virial Field V                    
  DelSqV = Laplacian of V                                                      
  DelSqVen = Laplacian of Ven                                                  
  DelSqVrep = Laplacian of Vrep                                                
  DelSqG = Laplacian of G                                                      
  DelSqK = Laplacian of K                                                      
  Stress_EigVals = Eigenvalues of Stress Tensor, Ascending Order               
  Stress_EigVecs = Eigenvectors of Stress Tensor                               
  -DivStress = Ehrenfest Force Density = Minus Divergence of Stress Tensor     
  ESP = Total Electrostatic Potential                                          
  ESPe = Electrostatic Potential from Electrons                                
  ESPn = Electrostatic Potential from Nuclei                                   
  BP = Bond Path                                                               
  BPL = Bond Path Length                                                       
  GBL = Geometric Bond Length                                                  
  GBL_I = Distance Between Nuclear Attractors                                  
  GBL_II = Distance Between Nuclei                                             
  GBL_III = Sum of Distances Between BCP and Nuclear Attractors                
  GBL_IV = Sum of Distances Between BCP and Nuclei                             

CP# 1      Coords =  5.98439667184987E+00 -2.82794255832434E+00  3.51080887220360E+00
           Type = (3,-3) NACP C1
           Rho =  1.1765261634E+02     Rho at Nucleus =  1.1765261618E+02
           GradRho =  4.4666267907E-10 -5.8148132143E-10 -8.0921602752E-11
           HessRho_EigVals = -1.4497554530E+05 -1.4497511203E+05 -1.4497492755E+05
           HessRho_EigVec1 =  9.0037874397E-01  4.2364903124E-01  9.9194837297E-02
           HessRho_EigVec2 = -4.2624805778E-01  8.1304924662E-01  3.9656464265E-01
           HessRho_EigVec3 =  8.7353938948E-02 -3.9933998159E-01  9.1263183620E-01
           DelSqRho = -4.3492558487E+05
           Bond Ellipticity = NA
           V = -1.0874170008E+05
           G =  5.1519309480E+00
           K =  1.0873654815E+05
           L =  1.0873139622E+05
           Vnuc =  4.0342373212E+06
           Ven = -4.7463857577E+08
           Vrep =  4.7452983407E+08
           DelSqV =  2.4947638494E+09
           DelSqVen =  1.7545930670E+12
           DelSqVrep = -1.7520983032E+12
           DelSqG =  1.3400643179E+08
           DelSqK = -2.6287702812E+09
           Stress_EigVals = -3.6247433595E+04 -3.6247316144E+04 -3.6246950340E+04
           Stress_EigVec1 =  2.5169119076E-01 -5.6052070250E-01  7.8896646733E-01
           Stress_EigVec2 = -3.8188267514E-01  6.9154429508E-01  6.1313302828E-01
           Stress_EigVec3 =  8.8927901523E-01  4.5561280712E-01  3.9997538254E-02
           -DivStress = -7.2863825581E+02  9.6326347716E+02  1.3730417772E+02
           ESP =  -1.4671056887E+01     ESP at Nucleus =  -1.4671056898E+01
           ESPe = -4.0316422950E+01     ESPe at Nucleus = -4.0316424629E+01
           ESPn =  2.5645366063E+01     ESPn at Nucleus =  2.5645367731E+01

CP# 2      Coords =  5.00764104288744E+00 -9.15357973197143E-01  2.14921194645538E+00
           Type = (3,-3) NACP C2
           Rho =  1.1763243050E+02     Rho at Nucleus =  1.1763242710E+02
           GradRho =  5.5987811609E-11  1.5370898998E-12  2.8372531240E-11
           HessRho_EigVals = -1.4493635673E+05 -1.4493531043E+05 -1.4493444540E+05
           HessRho_EigVec1 = -3.2956236846E-02  1.1216507643E-01  9.9314293135E-01
           HessRho_EigVec2 =  9.0550627088E-01  4.2395796988E-01 -1.7833484392E-02
           HessRho_EigVec3 = -4.2305115511E-01  8.9870942768E-01 -1.1553823935E-01
           DelSqRho = -4.3480611256E+05
           Bond Ellipticity = NA
           V = -1.0871152097E+05
           G =  4.9964149208E+00
           K =  1.0870652455E+05
           L =  1.0870152814E+05
           Vnuc =  8.7696347840E+05
           Ven = -1.0315934542E+08
           Vrep =  1.0305063390E+08
           DelSqV =  2.4940602188E+09
           DelSqVen =  3.8130908109E+11
           DelSqVrep = -3.7881502087E+11
           DelSqG =  1.3395408064E+08
           DelSqK = -2.6280142994E+09
           Stress_EigVals = -3.6237562208E+04 -3.6237016403E+04 -3.6236942358E+04
           Stress_EigVec1 = -4.2298128390E-01  8.9182203183E-01 -1.6043782912E-01
           Stress_EigVec2 =  9.0257691266E-01  4.3034488794E-01  1.2577526265E-02
           Stress_EigVec3 = -8.0260514625E-02  1.3948742228E-01  9.8696580935E-01
           -DivStress =  1.0850362898E+03 -1.0950190757E+03  5.3257381008E+03
           ESP =  -1.4607735553E+01     ESP at Nucleus =  -1.4607735793E+01
           ESPe = -4.4073082982E+01     ESPe at Nucleus = -4.4073075039E+01
           ESPn =  2.9465347428E+01     ESPn at Nucleus =  2.9465339245E+01

CP# 3      Coords =  3.92154283807662E+00  1.40109388827199E+00  3.25161789936937E+00
           Type = (3,-3) NACP C3
           Rho =  1.1769209318E+02     Rho at Nucleus =  1.1769209298E+02
           GradRho =  1.6059702179E-10 -6.5447246927E-10 -7.5901649896E-10
           HessRho_EigVals = -1.4502790611E+05 -1.4502744024E+05 -1.4502706501E+05
           HessRho_EigVec1 =  7.2103977956E-01  4.5530113125E-01 -5.2230500301E-01
           HessRho_EigVec2 = -5.4688600622E-01  8.3681844744E-01 -2.5506513473E-02
           HessRho_EigVec3 =  4.2546131727E-01  3.0403250797E-01  8.5237720617E-01
           DelSqRho = -4.3508241136E+05
           Bond Ellipticity = NA
           V = -1.0878091186E+05
           G =  5.1545090514E+00
           K =  1.0877575735E+05
           L =  1.0877060284E+05
           Vnuc =  3.6194646649E+06
           Ven = -4.2598237261E+08
           Vrep =  4.2587359170E+08
           DelSqV =  2.4956636602E+09
           DelSqVen =  1.5747654943E+12
           DelSqVrep = -1.5722698142E+12
           DelSqG =  1.3405806560E+08
           DelSqK = -2.6297217258E+09
           Stress_EigVals = -3.6260546874E+04 -3.6260367955E+04 -3.6259997029E+04
           Stress_EigVec1 =  4.1215886002E-01  3.6573072154E-01  8.3448553818E-01
           Stress_EigVec2 = -6.3551866032E-01  7.7170216321E-01 -2.4327015240E-02
           Stress_EigVec3 =  6.5287143182E-01  5.2030453641E-01 -5.5049258206E-01
           -DivStress = -1.9707927790E+02  8.6276768878E+02  1.0145161480E+03
           ESP =  -1.4665377059E+01     ESP at Nucleus =  -1.4665377077E+01
           ESPe = -4.2470275216E+01     ESPe at Nucleus = -4.2470273597E+01
           ESPn =  2.7804898157E+01     ESPn at Nucleus =  2.7804896520E+01

CP# 4      Coords =  4.78482897946699E+00  2.58208644536853E+00  5.32365711902611E+00
           Type = (3,-3) NACP C4
           Rho =  1.1768447508E+02     Rho at Nucleus =  1.1768447491E+02
           GradRho = -2.3533869298E-10  4.9728109131E-10  5.7992671776E-10
           HessRho_EigVals = -1.4501056354E+05 -1.4500943232E+05 -1.4500919876E+05
           HessRho_EigVec1 =  5.5282854764E-01  5.9794292753E-01 -5.8038336669E-01
           HessRho_EigVec2 =  5.9909876021E-01 -7.6930489026E-01 -2.2192490023E-01
           HessRho_EigVec3 = -5.7919018676E-01 -2.2502053515E-01 -7.8352057173E-01
           DelSqRho = -4.3502919462E+05
           Bond Ellipticity = NA
           V = -1.0876746287E+05
           G =  5.0821045533E+00
           K =  1.0876238076E+05
           L =  1.0875729866E+05
           Vnuc =  3.9728964933E+06
           Ven = -4.6754823835E+08
           Vrep =  4.6743947089E+08
           DelSqV =  2.4953485971E+09
           DelSqVen =  1.7283258778E+12
           DelSqVrep = -1.7258305455E+12
           DelSqG =  1.3403338701E+08
           DelSqK = -2.6293819841E+09
           Stress_EigVals = -3.6256092383E+04 -3.6255952173E+04 -3.6255418310E+04
           Stress_EigVec1 = -5.0542147118E-01 -3.0725106542E-01 -8.0631626504E-01
           Stress_EigVec2 = -6.4988394500E-01  7.5026331045E-01  1.2147354870E-01
           Stress_EigVec3 =  5.6762663302E-01  5.8540733493E-01 -5.7887672064E-01
           -DivStress =  3.3633799402E+02 -8.1421598945E+02 -8.6067833284E+02
           ESP =  -1.4658318074E+01     ESP at Nucleus =  -1.4658318087E+01
           ESPe = -3.9035428204E+01     ESPe at Nucleus = -3.9035430132E+01
           ESPn =  2.4377110130E+01     ESPn at Nucleus =  2.4377112044E+01

CP# 5      Coords = -2.79745444035691E+00 -4.19396545165542E+00 -4.76920409271097E-01
           Type = (3,-3) NACP C5
           Rho =  1.1762632733E+02     Rho at Nucleus =  1.1762632680E+02
           GradRho = -2.5379552232E-09  3.6498900340E-09  3.6779384735E-10
           HessRho_EigVals = -1.4493956649E+05 -1.4493930929E+05 -1.4493892125E+05
           HessRho_EigVec1 = -3.6241030803E-01  9.2563077910E-01  1.0893314194E-01
           HessRho_EigVec2 =  2.5215726650E-01 -1.5141898399E-02  9.6756779394E-01
           HessRho_EigVec3 =  8.9725998550E-01  3.7812482554E-01 -2.2791694698E-01
           DelSqRho = -4.3481779703E+05
           Bond Ellipticity = NA
           V = -1.0871496719E+05
           G =  5.2589665608E+00
           K =  1.0870970822E+05
           L =  1.0870444926E+05
           Vnuc =  2.2256872604E+06
           Ven = -2.6179941822E+08
           Vrep =  2.6169070326E+08
           DelSqV =  2.4941473699E+09
           DelSqVen =  9.6776842854E+11
           DelSqVrep = -9.6527428117E+11
           DelSqG =  1.3396983002E+08
           DelSqK = -2.6281171999E+09
           Stress_EigVals = -3.6238541323E+04 -3.6238320212E+04 -3.6238105655E+04
           Stress_EigVec1 =  9.3167625508E-01  3.0804170474E-01 -1.9258676972E-01
           Stress_EigVec2 = -3.1761589159E-01  9.4800426598E-01 -2.0200423116E-02
           Stress_EigVec3 =  1.7635050649E-01  7.9988873131E-02  9.8107200502E-01
           -DivStress =  1.2354957996E+03 -1.7917203155E+03 -1.7770891883E+02
           ESP =  -1.4580426145E+01     ESP at Nucleus =  -1.4580426180E+01
           ESPe = -4.2195761276E+01     ESPe at Nucleus = -4.2195758138E+01
           ESPn =  2.7615335131E+01     ESPn at Nucleus =  2.7615331958E+01

CP# 6      Coords = -2.79680529083035E-01 -4.37936590885373E+00 -9.29515400468707E-01
           Type = (3,-3) NACP C6
           Rho =  1.1778053281E+02     Rho at Nucleus =  1.1778053261E+02
           GradRho = -5.4039358210E-10 -7.6222045299E-10  1.6091030852E-10
           HessRho_EigVals = -1.4512881206E+05 -1.4512587029E+05 -1.4512545889E+05
           HessRho_EigVec1 =  1.6875895606E-01  2.2142066559E-02  9.8540861760E-01
           HessRho_EigVec2 =  8.3460525158E-01 -5.3506700937E-01 -1.3090977625E-01
           HessRho_EigVec3 =  5.2436102905E-01  8.4451940438E-01 -1.0877723495E-01
           DelSqRho = -4.3538014124E+05
           Bond Ellipticity = NA
           V = -1.0885507177E+05
           G =  5.0182281550E+00
           K =  1.0885005354E+05
           L =  1.0884503531E+05
           Vnuc =  3.6426212916E+06
           Ven = -4.2902987654E+08
           Vrep =  4.2892102147E+08
           DelSqV =  2.4973496529E+09
           DelSqVen =  1.5859249152E+12
           DelSqVrep = -1.5834275492E+12
           DelSqG =  1.3413966364E+08
           DelSqK = -2.6314893166E+09
           Stress_EigVals = -3.6285441455E+04 -3.6285324904E+04 -3.6284305407E+04
           Stress_EigVec1 =  7.2806441241E-01  6.7082689678E-01 -1.4111515136E-01
           Stress_EigVec2 =  6.6367387712E-01 -7.4131912262E-01 -9.9914679908E-02
           Stress_EigVec3 =  1.7163681486E-01  2.0910116907E-02  9.8493835888E-01
           -DivStress =  7.3799737744E+02  1.1036091160E+03 -2.1151342237E+02
           ESP =  -1.4566127906E+01     ESP at Nucleus =  -1.4566127907E+01
           ESPe = -4.1928551228E+01     ESPe at Nucleus = -4.1928551954E+01
           ESPn =  2.7362423322E+01     ESPn at Nucleus =  2.7362424047E+01

CP# 7      Coords =  2.34389604169480E+00  2.18671395069625E+00  2.24807184438709E+00
           Type = (3,-3) NACP H7
           Rho =  4.2779668549E-01     Rho at Nucleus =  4.2426757123E-01
           GradRho =  9.7578195524E-17 -3.5323306780E-16  6.1929628092E-16
           HessRho_EigVals = -6.5462431189E+00 -6.5387127412E+00 -5.9580883491E+00
           HessRho_EigVec1 = -5.7856243055E-02  7.3397004007E-01  6.7671311160E-01
           HessRho_EigVec2 = -6.2530292874E-01 -5.5505275998E-01  5.4855508470E-01
           HessRho_EigVec3 =  7.7823447781E-01 -3.9141335429E-01  4.9106688305E-01
           DelSqRho = -1.9043044209E+01
           Bond Ellipticity = NA
           V = -4.7705208606E+00
           G =  4.8799041218E-03
           K =  4.7656409564E+00
           L =  4.7607610523E+00
           Vnuc =  5.9050764446E+01
           Ven = -2.5261721306E+01
           Vrep =  2.0491200445E+01
           DelSqV =  7.1827357691E+02
           DelSqVen =  1.1245063179E+03
           DelSqVrep = -4.0623274103E+02
           DelSqG =  7.0998086576E+01
           DelSqK = -7.8927166349E+02
           Stress_EigVals = -1.6397195005E+00 -1.6390499393E+00 -1.4917514208E+00
           Stress_EigVec1 =  5.1876128048E-02  8.2094055978E-01  5.6865232317E-01
           Stress_EigVec2 = -6.2589539026E-01 -4.1698076824E-01  6.5907662632E-01
           Stress_EigVec3 =  7.7817981713E-01 -3.9010721120E-01  4.9219156432E-01
           -DivStress = -6.0360153936E+00  3.0347130942E+00 -3.8223649882E+00
           ESP =  -1.0288702268E+00     ESP at Nucleus =  -1.0312123654E+00
           ESPe = -3.0662025227E+01     ESPe at Nucleus = -3.0609160394E+01
           ESPn =  2.9633155000E+01     ESPn at Nucleus =  2.9577948028E+01

CP# 8      Coords =  8.28924246659099E-01 -2.70382319715365E+00 -1.15252962019841E+00
           Type = (3,-3) NACP H8
           Rho =  4.1338776746E-01     Rho at Nucleus =  4.0907020683E-01
           GradRho = -3.3399408107E-10 -4.9264520036E-10  6.4361010160E-11
           HessRho_EigVals = -6.2741607701E+00 -6.2694250168E+00 -5.6140631863E+00
           HessRho_EigVec1 =  8.1723619849E-01 -5.6466028998E-01 -1.1525516386E-01
           HessRho_EigVec2 =  1.5597435291E-01  2.4187029101E-02  9.8746493044E-01
           HessRho_EigVec3 =  5.5479455397E-01  8.2496893550E-01 -1.0783903906E-01
           DelSqRho = -1.8157648973E+01
           Bond Ellipticity = NA
           V = -4.5482273695E+00
           G =  4.4075630898E-03
           K =  4.5438198064E+00
           L =  4.5394122433E+00
           Vnuc =  5.6353344393E+01
           Ven = -2.3295783227E+01
           Vrep =  1.8747555858E+01
           DelSqV =  6.8040736914E+02
           DelSqVen =  1.0232442468E+03
           DelSqVrep = -3.4283687761E+02
           DelSqG =  6.6823827113E+01
           DelSqK = -7.4723119625E+02
           Stress_EigVals = -1.5718890455E+00 -1.5700629069E+00 -1.4062754171E+00
           Stress_EigVec1 =  8.1707112162E-01 -5.6526581559E-01 -1.1344311326E-01
           Stress_EigVec2 =  1.5464567206E-01  2.5324273264E-02  9.8764538033E-01
           Stress_EigVec3 =  5.5540930703E-01  8.2452000516E-01 -1.0810764430E-01
           -DivStress =  4.6973739452E+00  6.9082777006E+00 -9.0255669821E-01
           ESP =  -9.6113819148E-01     ESP at Nucleus =  -9.6406857338E-01
           ESPe = -3.1400342036E+01     ESPe at Nucleus = -3.1366253496E+01
           ESPn =  3.0439203845E+01     ESPn at Nucleus =  3.0402184923E+01

CP# 9      Coords = -3.90066319139468E+00 -5.85551365717268E+00 -2.00640487183062E-01
           Type = (3,-3) NACP H9
           Rho =  4.2618794826E-01     Rho at Nucleus =  4.2236097868E-01
           GradRho =  1.0896374135E-14  1.3815586790E-14 -2.5896914279E-15
           HessRho_EigVals = -6.5017717289E+00 -6.4942465342E+00 -5.8886262822E+00
           HessRho_EigVec1 = -8.2445137434E-01  5.4869138543E-01  1.3862790089E-01
           HessRho_EigVec2 =  1.8932637153E-01  3.6567194254E-02  9.8123308411E-01
           HessRho_EigVec3 =  5.3332490697E-01  8.3522488221E-01 -1.3402962265E-01
           DelSqRho = -1.8884644545E+01
           Bond Ellipticity = NA
           V = -4.7310432814E+00
           G =  4.9410725217E-03
           K =  4.7261022088E+00
           L =  4.7211611363E+00
           Vnuc =  5.4367047378E+01
           Ven = -2.3170580375E+01
           Vrep =  1.8439537094E+01
           DelSqV =  7.1072533452E+02
           DelSqVen =  1.0267023647E+03
           DelSqVrep = -3.1597703019E+02
           DelSqG =  7.0093736467E+01
           DelSqK = -7.8081907099E+02
           Stress_EigVals = -1.6285488539E+00 -1.6284865896E+00 -1.4740078379E+00
           Stress_EigVec1 = -8.3638617718E-01  5.4404518602E-01  6.6880476883E-02
           Stress_EigVec2 =  1.2874805578E-01  7.6383872510E-02  9.8873122847E-01
           Stress_EigVec3 =  5.3280587530E-01  8.3557186381E-01 -1.3393117509E-01
           -DivStress = -4.2510474582E+00 -6.7566015282E+00  1.0731015228E+00
           ESP =  -9.4035993109E-01     ESP at Nucleus =  -9.4292784407E-01
           ESPe = -2.7189079448E+01     ESPe at Nucleus = -2.7076676629E+01
           ESPn =  2.6248719516E+01     ESPn at Nucleus =  2.6133748785E+01

CP# 10     Coords =  6.42872718828466E+00  1.84206173647072E+00  6.24686560989428E+00
           Type = (3,-3) NACP H10
           Rho =  4.2715489367E-01     Rho at Nucleus =  4.2347609719E-01
           GradRho = -7.8207839510E-15  2.1344688170E-15 -3.3167912861E-15
           HessRho_EigVals = -6.5187700626E+00 -6.5110962041E+00 -5.9152600180E+00
