AIMSum (Version 19.02.13, Professional)
Copyright (c) 1997-2019 by Todd A. Keith
AIMSum is a component of the AIMAll package ( http://aim.tkgristmill.com )

TP:  64-bit Linux

Much of the Quantum Theory of Atoms in Molecules (QTAIM) is described in the book:
  "Atoms in Molecules - A Quantum Theory"
  R.F.W. Bader, Oxford University Press, Oxford, 1990

For additional references see:  http://aim.tkgristmill.com/references.html

Wfn File:  /home/mhennefarth/Documents/ML_Diels/summary-lam2009/10-opt/10-opt.wfn
Sum File:  /home/mhennefarth/Documents/ML_Diels/summary-lam2009/10-opt/10-opt.sum

SumViz File:  /home/mhennefarth/Documents/ML_Diels/summary-lam2009/10-opt/10-opt.sumviz

Wfn Title:   Title Card Required                                                           
 
Total memory allocated for AIMSum =        2.685 Megabytes

Atomic units (a.u.) used throughout, except where stated otherwise

Model:  Restricted SCF
 
Restricted, closed-shell, single-determinant wavefunction.
  Number of electrons (from MO Occs)                   =         150.0000000000
  Number of Alpha electrons (from MO Occs)             =          75.0000000000
  Number of Beta electrons (from MO Occs)              =          75.0000000000
  Number of electron pairs (N*(N-1)/2)                 =       11175.0000000000
  Number of electron pairs (from Muller 2EDM)          =       11175.0000000000
 
Nuclear Charges and Cartesian Coordinates:
-------------------------------------------------------------------------------
Atom      Charge                X                  Y                  Z
-------------------------------------------------------------------------------
C1         6.0           5.5573175900E+00  -2.5325083500E+00   3.0964779600E+00
C2         6.0           6.5573269800E+00  -3.2880478000E-01   2.3375298100E+00
C3         6.0           5.2587288500E+00   2.1201405500E+00   2.1801220500E+00
C4         6.0           3.2586434900E+00   2.8507604500E+00   3.5689307600E+00
C5         6.0           2.2401989800E+00  -1.1810063000E+00  -3.3248137100E+00
C6         6.0           3.5771687200E+00  -3.3542157400E+00  -3.1260400400E+00
H7         1.0           6.1108024800E+00   3.5000470200E+00   9.0388527000E-01
H8         1.0           2.4958020600E+00   1.5515278400E+00   4.9747944100E+00
H9         1.0           3.5861299000E+00  -2.7111114400E+00   3.6514058400E+00
C10        6.0           2.0570906700E+00   5.4177190800E+00   3.4619905400E+00
H11        1.0           2.9611499700E+00   6.6342918700E+00   2.0498401300E+00
H12        1.0           2.2217970000E-02   5.3092406300E+00   3.0467333600E+00
H13        1.0           2.2003647400E+00   6.3746787800E+00   5.2968573600E+00
H14        1.0           2.8508910600E+00  -4.8241170300E+00  -1.8854730200E+00
C15        6.0           5.9673292600E+00  -3.9008348200E+00  -4.4901562000E+00
H16        1.0           7.4699391700E+00  -4.3073689800E+00  -3.1186517200E+00
H17        1.0           5.7513592000E+00  -5.6220628000E+00  -5.6302834500E+00
H18        1.0           6.5702036500E+00  -2.3509263600E+00  -5.7144437800E+00
H19        1.0           2.9117517600E+00   3.4399002000E-01  -4.5149833600E+00
C20        6.0          -5.6609410000E-02  -8.3839980000E-01  -1.9003240000E+00
O21        8.0          -1.0066001100E+00  -2.5672691600E+00  -5.7969777000E-01
N22        7.0          -1.2596794400E+00   1.5026087200E+00  -2.0317875200E+00
Al23      13.0          -4.0088054100E+00  -2.8852323700E+00   1.4506698000E+00
C24        6.0          -2.6143770000E-01   3.7844560600E+00  -3.2927982300E+00
C25        6.0          -3.4151772500E+00   2.0984865700E+00  -6.6515869000E-01
O26        8.0          -4.6488795200E+00   6.6683817000E-01   7.0085187000E-01
C27        6.0          -6.4574848700E+00  -4.8811791700E+00  -4.4354343000E-01
C28        6.0          -2.9788767500E+00  -3.1086733000E+00   4.9818680700E+00
C29        6.0          -2.3973850200E+00   5.7066049500E+00  -2.7987163200E+00
H30        1.0           1.8142570000E-02   3.4478447700E+00  -5.3082699600E+00
H31        1.0           1.5263247700E+00   4.3324136000E+00  -2.4157144200E+00
O32        8.0          -4.0529403900E+00   4.4757226800E+00  -9.7508339000E-01
H33        1.0          -8.3506916900E+00  -4.7230836900E+00   3.8891544000E-01
H34        1.0          -6.6221252000E+00  -4.3219479600E+00  -2.4334738400E+00
H35        1.0          -5.9688399000E+00  -6.8968106100E+00  -4.1733943000E-01
H36        1.0          -1.5653848300E+00  -1.6897901800E+00   5.5196346300E+00
H37        1.0          -4.6007916700E+00  -2.8542897400E+00   6.2493850600E+00
H38        1.0          -2.1763544800E+00  -4.9700719100E+00   5.4222159800E+00
H39        1.0          -3.5346177000E+00   6.1116728100E+00  -4.4700779500E+00
H40        1.0          -1.7457471500E+00   7.4614007200E+00  -1.9428492000E+00
H41        1.0           6.7082576000E+00  -4.2244632500E+00   3.2521962800E+00
H42        1.0           8.5398012200E+00  -2.9891033000E-01   1.7787246300E+00
 
Some Atomic Properties:
----------------------
  q(A) = Net Charge of Atom A
  L(A) = Lagrangian of Atom A = -(1/4) Times Atomic Integral of the Laplacian of the Electron Density
  K(A) = Electronic Kinetic Energy of Atom A (Hamiltonian Form)
  K_Scaled(A) = K(A) * E(Mol)/K(Mol) = Approximation to Virial-Based Total Energy of Atom A.
  |Mu_Intra(A)| = Magnitude of Intraatomic Dipole Moment of Atom A
--------------------------------------------------------------------------------------------------
Atom A          q(A)              L(A)              K(A)          K_Scaled(A)      |Mu_Intra(A)|
--------------------------------------------------------------------------------------------------
C1       -9.7050250000E-02  1.4760343244E-04  3.7706343963E+01 -3.8024099471E+01  1.2849474748E-01
C2       -3.1305970900E-02  1.5236210394E-06  3.7699804038E+01 -3.8017504434E+01  8.8326295000E-02
C3       -5.0528222800E-02  3.1953622376E-04  3.7710077319E+01 -3.8027864289E+01  1.0130068268E-01
C4       -5.6353761900E-02  6.7551849701E-05  3.7710823367E+01 -3.8028616624E+01  9.6369937856E-02
C5       -9.9892199000E-03  9.4558294424E-05  3.7725133786E+01 -3.8043047638E+01  2.0942981299E-01
C6        2.1739570500E-02  2.8545072105E-04  3.7705872101E+01 -3.8023623633E+01  1.1591773662E-01
H7        2.7291974660E-02  2.5405962200E-05  6.0277555673E-01 -6.0785521265E-01  1.5502167207E-01
H8        4.6492955660E-02  1.3748157018E-05  5.9585361568E-01 -6.0087493965E-01  1.4675671189E-01
H9        4.2220059950E-02  2.3972078782E-05  5.9413577907E-01 -5.9914262663E-01  1.4290689517E-01
C10      -2.3720765500E-02 -5.8632180720E-05  3.7681122362E+01 -3.7998665325E+01  8.5266673687E-02
H11       1.3846722360E-02  2.4771790702E-05  6.0425405596E-01 -6.0934617135E-01  1.5336744774E-01
H12       4.8108967100E-03  3.1087199972E-05  6.0763015634E-01 -6.1275072250E-01  1.4891841008E-01
H13       5.7844346760E-02  2.4241297690E-05  5.8660308026E-01 -5.9154644895E-01  1.4439121459E-01
H14       1.1310735451E-01  3.1111855797E-05  5.7386781232E-01 -5.7870385950E-01  1.3320457195E-01
C15      -2.0658805300E-02 -1.5729374333E-04  3.7697631768E+01 -3.8015313857E+01  1.7423285771E-01
H16       7.9663222210E-02  2.3229252447E-05  5.7562573567E-01 -5.8047659707E-01  1.3967425505E-01
H17       7.8697639320E-02  2.5040966997E-05  5.7566495988E-01 -5.8051615182E-01  1.4012737321E-01
H18       4.7833922420E-02  2.2210397898E-05  5.9202124926E-01 -5.9701027745E-01  1.4464228791E-01
H19       6.8625975850E-02  1.5190390574E-05  5.9006287076E-01 -5.9503539548E-01  1.3742214754E-01
C20       1.3288702192E+00 -3.9067023783E-04  3.6852879233E+01 -3.7163442500E+01  8.5306077697E-01
O21      -1.3115743570E+00  6.8963520482E-05  7.5344548474E+01 -7.5979485272E+01  3.0292113541E-01
N22      -1.1772983541E+00  5.3024464769E-06  5.4983071571E+01 -5.5446419964E+01  1.1770718485E-01
Al23      2.3956671400E+00 -9.1713905657E-05  2.4087234733E+02 -2.4290220510E+02  9.5111918100E-02
C24       3.0710277060E-01 -1.4011742330E-04  3.7530442846E+01 -3.7846716016E+01  5.2378382225E-01
C25       2.0761265505E+00  2.9074594201E-04  3.6392717605E+01 -3.6699403040E+01  2.5699379773E-01
O26      -1.2986364484E+00  3.9445055570E-05  7.5374969652E+01 -7.6010162813E+01  3.9983875686E-01
C27      -8.2519197710E-01 -1.8956342266E-04  3.7896166728E+01 -3.8215521894E+01  1.2751333355E+00
C28      -8.2161888670E-01 -4.2621120669E-05  3.7895293632E+01 -3.8214641440E+01  1.2734229771E+00
C29       4.0276784660E-01 -2.7227107343E-04  3.7465585935E+01 -3.7781312549E+01  5.7817975287E-01
H30       8.3635400150E-02  2.8998915887E-05  5.8870716314E-01 -5.9366826316E-01  1.3705384999E-01
H31       8.5901043530E-02  3.6379701480E-05  5.8713212747E-01 -5.9207995449E-01  1.3795257391E-01
O32      -1.0592689310E+00 -3.1557817076E-06  7.5305293308E+01 -7.5939899298E+01  3.3346597893E-01
H33       4.0191607040E-02  2.7827834470E-05  5.8501369392E-01 -5.8994366867E-01  1.5378164323E-01
H34       2.0455692770E-02  3.2566997343E-05  5.9323555055E-01 -5.9823481179E-01  1.5933546187E-01
H35       3.5893660090E-02  3.3591381860E-05  5.8668368432E-01 -5.9162773227E-01  1.5495426518E-01
H36       1.4057098480E-02  2.2809226183E-05  5.9563278330E-01 -6.0065224628E-01  1.5764802617E-01
H37       4.1198544720E-02  3.0781638051E-05  5.8468291297E-01 -5.8961010019E-01  1.5337143511E-01
H38       3.4485008000E-02  3.2153333048E-05  5.8717404137E-01 -5.9212222161E-01  1.5519890980E-01
H39       1.0014008180E-01  2.8315859069E-05  5.8377176105E-01 -5.8869126990E-01  1.3604361370E-01
H40       1.0728879794E-01  2.9283782774E-05  5.8010230016E-01 -5.8499088605E-01  1.3442595407E-01
H41       5.9562417360E-02  2.5375501849E-05  5.8781797612E-01 -5.9277158287E-01  1.4404151493E-01
H42       4.7989128630E-02  3.0372513588E-05  5.9697353632E-01 -6.0200429798E-01  1.4740510236E-01
--------------------------------------------------------------------------------------------------
Total     1.0003116977E+00  5.9310825333E-04  1.0611055474E+03 -1.0700476006E+03
 
1st Largest |L(A)| = 3.9067023783E-04, atom C20     
2nd Largest |L(A)| = 3.1953622376E-04, atom C3      
 
Molecular charge q(Mol) from the wfn file:   1.0000000000E+00
Molecular energy E(Mol) from the wfn file:  -1.0700473334E+03
Molecular virial ratio (-V(Mol)/T(Mol)) from the wfn file:   2.0084271100E+00
Note.  K_Scaled(A) = (1+V(Mol)/T(Mol))*K(A) = (E(Mol)/T(Mol))*K(A)
       Only use K_Scaled(A) data with caution.
 
N_AIMInt(SumA)     =        149.999688
N_Analytic(Mol)    =        149.999976
 
G_AIMInt(SumA)     =       1061.104954
G_Analytic(Mol)    =       1061.105234
 
K_AIMInt(SumA)     =       1061.105547
K_Analytic(Mol)    =       1061.105234
 
L_AIMInt(SumA)     =          0.000593
L_Analytic(Mol)    =          0.000000
 
VenT_AIMInt(SumA)  =      -5768.376283
VenT_Analytic(Mol) =      -5768.377383
 
Some Information About the Atomic Calculations:
----------------------------------------------
  Time(sec) = "Elapsed User Time", in Seconds, for Atom A by AIMInt and, if used, by TWOe
  NProc = Number of Processors Used for AIMInt Job
  BIM = Basin Integration Method
  OAQ = Angular Quadrature Outside of Beta Sphere
  ORQ = Multiple of Default for Radial Quadrature Outside of Beta Sphere
  IAQ = Multiple of Default for Angular Quadrature Inside of Beta Sphere
  IRQ = Multiple of Default for Radial Quadrature Inside of Beta Sphere
  MIR = Maximum Integration Radius
------------------------------------------------------------------------------------------------------
Atom A     Time(sec)   NProc      BIM          OAQ                     ORQ      IAQ      IRQ      MIR
------------------------------------------------------------------------------------------------------
C1            538        8    Promega(5)    4500(GS4)                  1.00     1.00     1.00    13.00
C2            533        8    Promega(5)    4500(GS4)                  1.00     1.00     1.00    13.00
C3            567        8    Promega(5)    4500(GS4)                  1.00     1.00     1.00    13.00
C4            144        8    Promega(1)    4500(GS4)                  1.00     1.00     1.00    13.00
C5            626        8    Promega(5)    4500(GS4)                  1.00     1.00     1.00    13.00
C6            139        8    Promega(1)    4500(GS4)                  1.00     1.00     1.00    13.00
H7             11        8     Proaim(5)    1800(GS4)                  1.00     1.00     1.00    13.00
H8             22        8     Proaim(5)    4500(GS4)                  1.00     1.00     1.00    13.00
H9             32        8     Proaim(5)    4500(GS4)                  1.00     1.00     1.00    13.00
C10            72        8     Proaim(5)    4500(GS4)                  1.00     1.00     1.00    13.00
H11            14        8     Proaim(5)    1800(GS4)                  1.00     1.00     1.00    13.00
H12            30        8     Proaim(5)    4500(GS4)                  1.00     1.00     1.00    13.00
H13             8        8     Proaim(5)    1800(GS4)                  1.00     1.00     1.00    13.00
H14            19        8     Proaim(5)    1800(GS4)                  1.00     1.00     1.00    13.00
C15            40        8     Proaim(5)    4500(GS4)                  1.00     1.00     1.00    13.00
H16            13        8     Proaim(5)    1800(GS4)                  1.00     1.00     1.00    13.00
H17             8        8     Proaim(5)    1800(GS4)                  1.00     1.00     1.00    13.00
H18             9        8     Proaim(5)    1800(GS4)                  1.00     1.00     1.00    13.00
H19            17        8     Proaim(5)    1800(GS4)                  1.00     1.00     1.00    13.00
C20            92        8     Proaim(5)    4500(GS4)                  1.00     1.00     1.00    13.00
O21            54        8     Proaim(5)    4500(GS4)                  1.00     1.00     1.00    13.00
N22            70        8     Proaim(5)    4500(GS4)                  1.00     1.00     1.00    13.00
Al23           62        8     Proaim(5)    4500(GS4)                  1.00     1.00     1.00    13.00
C24            57        8     Proaim(5)    4500(GS4)                  1.00     1.00     1.00    13.00
C25            42        8     Proaim(5)    4500(GS4)                  1.00     1.00     1.00    13.00
O26            34        8     Proaim(5)    4500(GS4)                  1.00     1.00     1.00    13.00
C27            42        8     Proaim(5)    4500(GS4)                  1.00     1.00     1.00    13.00
C28            44        8     Proaim(5)    4500(GS4)                  1.00     1.00     1.00    13.00
C29            39        8     Proaim(5)    4500(GS4)                  1.00     1.00     1.00    13.00
H30            12        8     Proaim(5)    1800(GS4)                  1.00     1.00     1.00    13.00
H31            36        8     Proaim(5)    4500(GS4)                  1.00     1.00     1.00    13.00
O32            46        8     Proaim(5)    4500(GS4)                  1.00     1.00     1.00    13.00
H33             9        8     Proaim(5)    1800(GS4)                  1.00     1.00     1.00    13.00
H34            11        8     Proaim(5)    1800(GS4)                  1.00     1.00     1.00    13.00
H35            13        8     Proaim(5)    1800(GS4)                  1.00     1.00     1.00    13.00
H36            27        8     Proaim(5)    4500(GS4)                  1.00     1.00     1.00    13.00
H37             8        8     Proaim(5)    1800(GS4)                  1.00     1.00     1.00    13.00
H38            10        8     Proaim(5)    1800(GS4)                  1.00     1.00     1.00    13.00
H39             9        8     Proaim(5)    1800(GS4)                  1.00     1.00     1.00    13.00
H40            10        8     Proaim(5)    1800(GS4)                  1.00     1.00     1.00    13.00
H41            10        8     Proaim(5)    1800(GS4)                  1.00     1.00     1.00    13.00
H42             9        8     Proaim(5)    1800(GS4)                  1.00     1.00     1.00    13.00
------------------------------------------------------------------------------------------------------
Total        3588
Note:  Total wall clock time is less than total of atomic times if more than one atom
       was calculated at a time
 
Electron Density Critical Point Analysis of Molecular Structure:               
---------------------------------------------------------------                
  NACP = Nuclear Attractor Critical Point                                      
  NNACP = Non-Nuclear Attractor Critical Point                                 
  BCP = Bond Critical Point                                                    
  RCP = Ring Critical Point                                                    
  CCP = Cage Critical Point                                                    
  Rho = Electron Density                                                       
  GradRho = Gradient of Electron Density                                       
  HessRho_EigVals = Eigenvalues of the Hessian of Rho, Ascending Order         
  HessRho_EigVecs = Eigenvectors of the Hessian of Rho                         
  DelSqRho = Laplacian of Rho = Trace of Hessian of Rho                        
  Bond Ellipticity = (HessRho_EigVal(1) / HessRho_EigVal(2)) - 1               
  V = Virial Field = Potential Energy Density = Trace of Stress Tensor         
  G = Lagrangian Form of Kinetic Energy Density                                
  K = Hamiltonian Form of Kinetic Energy Density                               
  L = K - G = Lagrangian Density = (-1/4)DelSqRho                              
  Vnuc = Electrostatic Potential from Nuclei                                   
  Ven = Electron-nuclear attractive contribution to Virial Field V             
  Vrep = V - Ven = Repulsive contribution to Virial Field V                    
  DelSqV = Laplacian of V                                                      
  DelSqVen = Laplacian of Ven                                                  
  DelSqVrep = Laplacian of Vrep                                                
  DelSqG = Laplacian of G                                                      
  DelSqK = Laplacian of K                                                      
  Stress_EigVals = Eigenvalues of Stress Tensor, Ascending Order               
  Stress_EigVecs = Eigenvectors of Stress Tensor                               
  -DivStress = Ehrenfest Force Density = Minus Divergence of Stress Tensor     
  ESP = Total Electrostatic Potential                                          
  ESPe = Electrostatic Potential from Electrons                                
  ESPn = Electrostatic Potential from Nuclei                                   
  BP = Bond Path                                                               
  BPL = Bond Path Length                                                       
  GBL = Geometric Bond Length                                                  
  GBL_I = Distance Between Nuclear Attractors                                  
  GBL_II = Distance Between Nuclei                                             
  GBL_III = Sum of Distances Between BCP and Nuclear Attractors                
  GBL_IV = Sum of Distances Between BCP and Nuclei                             

CP# 1      Coords =  5.55731720242870E+00 -2.53250885705706E+00  3.09647821103448E+00
           Type = (3,-3) NACP C1
           Rho =  1.1768429815E+02     Rho at Nucleus =  1.1768429811E+02
           GradRho = -1.4705806017E-11 -4.8108961259E-11  1.9645174376E-11
           HessRho_EigVals = -1.4501641543E+05 -1.4501542205E+05 -1.4501526752E+05
           HessRho_EigVec1 =  1.8130336741E-01  2.0104428737E-01  9.6265792651E-01
           HessRho_EigVec2 =  9.5356555084E-01 -2.7533021732E-01 -1.2209017850E-01
           HessRho_EigVec3 =  2.4050328318E-01  9.4009279646E-01 -2.4162720218E-01
           DelSqRho = -4.3504710500E+05
           Bond Ellipticity = NA
           V = -1.0877201388E+05
           G =  5.1188128890E+00
           K =  1.0876689506E+05
           L =  1.0876177625E+05
           Vnuc =  8.7487857881E+06
           Ven = -1.0295947151E+09
           Vrep =  1.0294859431E+09
           DelSqV =  2.4954589469E+09
           DelSqVen =  3.8061326991E+12
           DelSqVrep = -3.8036372402E+12
           DelSqG =  1.3404541195E+08
           DelSqK = -2.6295043589E+09
           Stress_EigVals = -3.6257583757E+04 -3.6257485461E+04 -3.6256944657E+04
           Stress_EigVec1 =  2.8003854221E-01  9.2115569055E-01 -2.7027876100E-01
           Stress_EigVec2 =  9.3654025226E-01 -3.2399382606E-01 -1.3386693605E-01
           Stress_EigVec3 =  2.1088093980E-01  2.1563903739E-01  9.5343014153E-01
           -DivStress =  3.1266624974E+02  4.1253422406E+02 -2.0786466494E+02
           ESP =  -1.4641741457E+01     ESP at Nucleus =  -1.4641741465E+01
           ESPe = -3.3938812294E+01     ESPe at Nucleus = -3.3938812959E+01
           ESPn =  1.9297070837E+01     ESPn at Nucleus =  1.9297071494E+01

CP# 2      Coords =  6.55732661765195E+00 -3.28803216012876E-01  2.33752933778526E+00
           Type = (3,-3) NACP C2
           Rho =  1.1766164258E+02     Rho at Nucleus =  1.1766164238E+02
           GradRho = -2.0857383409E-10  9.8976126519E-10 -3.0436294782E-10
           HessRho_EigVals = -1.4497873982E+05 -1.4497776446E+05 -1.4497738227E+05
           HessRho_EigVec1 =  3.0634829988E-01  2.0521242759E-01  9.2953675491E-01
           HessRho_EigVec2 =  6.4980350142E-01 -7.5866835160E-01 -4.6666281371E-02
           HessRho_EigVec3 =  6.9563361671E-01  6.1831237400E-01 -3.6576451367E-01
           DelSqRho = -4.3493388654E+05
           Bond Ellipticity = NA
           V = -1.0874367714E+05
           G =  5.1027505486E+00
           K =  1.0873857439E+05
           L =  1.0873347164E+05
           Vnuc =  3.5854891360E+06
           Ven = -4.2187454119E+08
           Vrep =  4.2176579751E+08
           DelSqV =  2.4948010314E+09
           DelSqVen =  1.5594506486E+12
           DelSqVrep = -1.5569558312E+12
           DelSqG =  1.3400045811E+08
           DelSqK = -2.6288014895E+09
           Stress_EigVals = -3.6248173309E+04 -3.6248004837E+04 -3.6247498990E+04
           Stress_EigVec1 =  6.1921710472E-01  7.0662943743E-01 -3.4241059472E-01
           Stress_EigVec2 =  7.3062630999E-01 -6.7825651031E-01 -7.8442981704E-02
           Stress_EigVec3 =  2.8767233510E-01  2.0160095331E-01  9.3627009097E-01
           -DivStress =  2.9648316556E+02 -1.2704635952E+03  3.7817013146E+02
           ESP =  -1.4629628871E+01     ESP at Nucleus =  -1.4629628889E+01
           ESPe = -3.4717592023E+01     ESPe at Nucleus = -3.4717591236E+01
           ESPn =  2.0087963152E+01     ESPn at Nucleus =  2.0087962347E+01

CP# 3      Coords =  5.25872986460954E+00  2.12013960361640E+00  2.18012156270467E+00
           Type = (3,-3) NACP C3
           Rho =  1.1766681465E+02     Rho at Nucleus =  1.1766681449E+02
           GradRho =  4.9481264051E-10 -4.3724522353E-10 -2.2848157394E-10
           HessRho_EigVals = -1.4498810560E+05 -1.4498728214E+05 -1.4498704659E+05
           HessRho_EigVec1 =  6.4667671422E-01  2.5012929494E-01  7.2058626347E-01
           HessRho_EigVec2 = -5.8666152858E-02  9.5821564962E-01 -2.7996616103E-01
           HessRho_EigVec3 = -7.6050477303E-01  1.3877357323E-01  6.3432987126E-01
           DelSqRho = -4.3496243434E+05
           Bond Ellipticity = NA
           V = -1.0875083595E+05
           G =  5.1136833558E+00
           K =  1.0874572227E+05
           L =  1.0874060858E+05
           Vnuc =  4.0801142238E+06
           Ven = -4.8009404410E+08
           Vrep =  4.7998529326E+08
           DelSqV =  2.4949677634E+09
           DelSqVen =  1.7746964316E+12
           DelSqVrep = -1.7722014311E+12
           DelSqG =  1.3401242769E+08
           DelSqK = -2.6289801911E+09
           Stress_EigVals = -3.6250521056E+04 -3.6250389637E+04 -3.6249925258E+04
           Stress_EigVec1 = -7.8111820208E-01  1.8819781377E-01  5.9534522529E-01
           Stress_EigVec2 = -3.9829010224E-02  9.3653291051E-01 -3.4830985843E-01
           Stress_EigVec3 =  6.2311155047E-01  2.9578318144E-01  7.2404717060E-01
           -DivStress = -8.2830661402E+02  7.7051464444E+02  3.8862071616E+02
           ESP =  -1.4629065213E+01     ESP at Nucleus =  -1.4629065228E+01
           ESPe = -3.5860546514E+01     ESPe at Nucleus = -3.5860547224E+01
           ESPn =  2.1231481301E+01     ESPn at Nucleus =  2.1231481996E+01

CP# 4      Coords =  3.25864226529630E+00  2.85076171922907E+00  3.56893089819469E+00
           Type = (3,-3) NACP C4
           Rho =  1.1768275985E+02     Rho at Nucleus =  1.1768275962E+02
           GradRho = -8.5366166913E-10  8.9389833036E-10  1.1636470953E-10
           HessRho_EigVals = -1.4501016278E+05 -1.4500915990E+05 -1.4500883306E+05
           HessRho_EigVec1 =  6.0935176853E-01  4.0643943205E-01  6.8080644112E-01
           HessRho_EigVec2 = -3.1378523864E-01  9.1214248058E-01 -2.6369474612E-01
           HessRho_EigVec3 =  7.2816841884E-01  5.2944151693E-02 -6.8335032787E-01
           DelSqRho = -4.3502815574E+05
           Bond Ellipticity = NA
           V = -1.0876720342E+05
           G =  5.0822432005E+00
           K =  1.0876212118E+05
           L =  1.0875703893E+05
           Vnuc =  3.3914548378E+06
           Ven = -3.9911576521E+08
           Vrep =  3.9900699800E+08
           DelSqV =  2.4953445962E+09
           DelSqVen =  1.4753784627E+12
           DelSqVrep = -1.4728831181E+12
           DelSqG =  1.3403485348E+08
           DelSqK = -2.6293794497E+09
           Stress_EigVals = -3.6256009365E+04 -3.6255846760E+04 -3.6255347294E+04
           Stress_EigVec1 = -7.5252917519E-01  4.6855324971E-02  6.5688995959E-01
           Stress_EigVec2 = -2.1558236292E-01  9.2497996294E-01 -3.1294777993E-01
           Stress_EigVec3 =  6.2227332040E-01  3.7711622438E-01  6.8597322690E-01
           -DivStress =  9.9027959356E+02 -1.0391397585E+03 -1.1631543086E+02
           ESP =  -1.4624234202E+01     ESP at Nucleus =  -1.4624234221E+01
           ESPe = -3.6098976710E+01     ESPe at Nucleus = -3.6098977244E+01
           ESPn =  2.1474742508E+01     ESPn at Nucleus =  2.1474743023E+01

CP# 5      Coords =  2.24019683479521E+00 -1.18100568504895E+00 -3.32481239084481E+00
           Type = (3,-3) NACP C5
           Rho =  1.1762520206E+02     Rho at Nucleus =  1.1762520157E+02
           GradRho = -3.2594465800E-09  9.6371121792E-10  2.0285647563E-09
           HessRho_EigVals = -1.4493682122E+05 -1.4493658862E+05 -1.4493618897E+05
           HessRho_EigVec1 =  7.9419388545E-01 -9.8409894914E-02 -5.9964286446E-01
           HessRho_EigVec2 =  5.8997324362E-01  3.6125103360E-01  7.2210059032E-01
           HessRho_EigVec3 = -1.4555976137E-01  9.2726111927E-01 -3.4496256690E-01
           DelSqRho = -4.3480959881E+05
           Bond Ellipticity = NA
           V = -1.0871292954E+05
           G =  5.2649158665E+00
           K =  1.0870766462E+05
           L =  1.0870239970E+05
           Vnuc =  2.3145328121E+06
           Ven = -2.7224738970E+08
           Vrep =  2.7213867677E+08
           DelSqV =  2.4940992799E+09
           DelSqVen =  1.0063810796E+12
           DelSqVrep = -1.0038869792E+12
           DelSqG =  1.3396596154E+08
           DelSqK = -2.6280652415E+09
           Stress_EigVals = -3.6237863401E+04 -3.6237644653E+04 -3.6237421482E+04
           Stress_EigVec1 = -2.0980738374E-01  9.2605658419E-01 -3.1368784582E-01
           Stress_EigVec2 =  8.3938995982E-01  6.0711176479E-03 -5.4349575609E-01
           Stress_EigVec3 =  5.0140338759E-01  3.7733585096E-01  7.7859636430E-01
           -DivStress =  1.7365391764E+03 -4.9385619219E+02 -1.0723005353E+03
           ESP =  -1.4574885690E+01     ESP at Nucleus =  -1.4574885722E+01
           ESPe = -3.8264035247E+01     ESPe at Nucleus = -3.8264031542E+01
           ESPn =  2.3689149557E+01     ESPn at Nucleus =  2.3689145820E+01

CP# 6      Coords =  3.57716926981720E+00 -3.35421521411964E+00 -3.12604048415122E+00
           Type = (3,-3) NACP C6
           Rho =  1.1775827778E+02     Rho at Nucleus =  1.1775827772E+02
           GradRho =  1.0555802326E-10  5.8273339279E-11 -6.6411158907E-11
           HessRho_EigVals = -1.4509713870E+05 -1.4509439884E+05 -1.4509422172E+05
           HessRho_EigVec1 =  5.1908831967E-01  3.8776201389E-01  7.6170068726E-01
           HessRho_EigVec2 = -7.6947126718E-01  5.9997899916E-01  2.1895015313E-01
           HessRho_EigVec3 =  3.7210386368E-01  6.9976126011E-01 -6.0981381870E-01
           DelSqRho = -4.3528575927E+05
           Bond Ellipticity = NA
           V = -1.0883148335E+05
           G =  5.0217640694E+00
           K =  1.0882646158E+05
           L =  1.0882143982E+05
           Vnuc =  6.8106465985E+06
           Ven = -8.0201001400E+08
           Vrep =  8.0190118252E+08
           DelSqV =  2.4968063840E+09
           DelSqVen =  2.9645781402E+12
           DelSqVrep = -2.9620813338E+12
           DelSqG =  1.3410660736E+08
           DelSqK = -2.6309129914E+09
           Stress_EigVals = -3.6277526152E+04 -3.6277464561E+04 -3.6276492631E+04
           Stress_EigVec1 = -8.1117667575E-02  9.0990002754E-01 -4.0681920296E-01
           Stress_EigVec2 =  8.5081842361E-01 -1.4938954680E-01 -5.0377651131E-01
           Stress_EigVec3 =  5.1916079787E-01  3.8699444854E-01  7.6204157548E-01
           -DivStress = -4.5233004217E+02 -4.2854128718E+02  3.6329732219E+02
           ESP =  -1.4555679482E+01     ESP at Nucleus =  -1.4555679480E+01
           ESPe = -3.6031388895E+01     ESPe at Nucleus = -3.6031388836E+01
           ESPn =  2.1475709413E+01     ESPn at Nucleus =  2.1475709356E+01

CP# 7      Coords =  6.09667367882414E+00  3.47724432933725E+00  9.24831950415479E-01
           Type = (3,-3) NACP H7
           Rho =  4.2817214120E-01     Rho at Nucleus =  4.2463414887E-01
           GradRho = -2.4203448458E-09 -3.9134001342E-09  3.5918891394E-09
           HessRho_EigVals = -6.5488500013E+00 -6.5408314606E+00 -5.9581919164E+00
           HessRho_EigVec1 =  7.1895045040E-01 -6.5484604590E-01 -2.3299550649E-01
           HessRho_EigVec2 =  5.5952125447E-01  3.4638901063E-01  7.5296123347E-01
           HessRho_EigVec3 =  4.1236660348E-01  6.7170775601E-01 -6.1543681629E-01
           DelSqRho = -1.9047873378E+01
           Bond Ellipticity = NA
           V = -4.7713782236E+00
           G =  4.7049395380E-03
           K =  4.7666732841E+00
           L =  4.7619683446E+00
           Vnuc =  5.0244276803E+01
           Ven = -2.1513199582E+01
           Vrep =  1.6741821358E+01
           DelSqV =  7.1833964592E+02
           DelSqVen =  9.5704663258E+02
           DelSqVrep = -2.3870698666E+02
           DelSqG =  7.0966983034E+01
           DelSqK = -7.8930662895E+02
           Stress_EigVals = -1.6403354574E+00 -1.6394176426E+00 -1.4916251236E+00
           Stress_EigVec1 =  6.5384221619E-01 -6.8917499450E-01 -3.1229502601E-01
           Stress_EigVec2 =  6.3390075922E-01  2.7359550192E-01  7.2340536961E-01
           Stress_EigVec3 =  4.1311037724E-01  6.7095702417E-01 -6.1575684157E-01
           -DivStress =  3.2267306630E+00  5.2070085835E+00 -4.7843337214E+00
           ESP =  -9.9990097412E-01     ESP at Nucleus =  -1.0022757825E+00
           ESPe = -2.1862251895E+01     ESPe at Nucleus = -2.1770111857E+01
           ESPn =  2.0862350921E+01     ESPn at Nucleus =  2.0767836074E+01

CP# 8      Coords =  2.50846573621617E+00  1.57361818655612E+00  4.95092396492675E+00
           Type = (3,-3) NACP H8
           Rho =  4.2648957550E-01     Rho at Nucleus =  4.2279595351E-01
           GradRho = -5.4838945884E-16 -2.6465375030E-16  9.2200552748E-16
           HessRho_EigVals = -6.5107087701E+00 -6.5030315095E+00 -5.9071420716E+00
           HessRho_EigVec1 =  6.8042443973E-01 -6.8169112787E-01 -2.6892338688E-01
           HessRho_EigVec2 =  6.3596434864E-01  3.6696613945E-01  6.7888526258E-01
           HessRho_EigVec3 =  3.6410428325E-01  6.3295581100E-01 -6.8322398394E-01
           DelSqRho = -1.8920882351E+01
           Bond Ellipticity = NA
           V = -4.7395451399E+00
           G =  4.6622760663E-03
           K =  4.7348828639E+00
           L =  4.7302205878E+00
           Vnuc =  5.0790036211E+01
           Ven = -2.1661420983E+01
           Vrep =  1.6921875843E+01
           DelSqV =  7.1264953148E+02
           DelSqVen =  9.6099229976E+02
           DelSqVrep = -2.4834276828E+02
           DelSqG =  7.0300611351E+01
           DelSqK = -7.8295014283E+02
           Stress_EigVals = -1.6309171547E+00 -1.6298244739E+00 -1.4788035114E+00
           Stress_EigVec1 =  6.5462798501E-01 -6.9642022620E-01 -2.9404263259E-01
           Stress_EigVec2 =  6.6223955392E-01  3.4073559173E-01  6.6733651912E-01
           Stress_EigVec3 =  3.6455585919E-01  6.3158382267E-01 -6.8425207378E-01
           -DivStress = -2.8731866693E+00 -5.0110696442E+00  5.4150597109E+00
           ESP =  -1.0006285190E+00     ESP at Nucleus =  -1.0030751716E+00
           ESPe = -2.3139019177E+01     ESPe at Nucleus = -2.3060039918E+01
           ESPn =  2.2138390658E+01     ESPn at Nucleus =  2.2056964747E+01

CP# 9      Coords =  3.61962400981628E+00 -2.70797474672338E+00  3.64187818697592E+00
           Type = (3,-3) NACP H9
           Rho =  4.2502862174E-01     Rho at Nucleus =  4.2133906487E-01
           GradRho =  3.5853358317E-09  3.3399041380E-10 -1.0200623274E-09
           HessRho_EigVals = -6.4774427171E+00 -6.4712292819E+00 -5.8793485120E+00
           HessRho_EigVec1 = -1.6095639068E-01  9.5223150447E-01 -2.5951532171E-01
           HessRho_EigVec2 =  2.3649385453E-01  2.9249432866E-01  9.2656231548E-01
           HessRho_EigVec3 =  9.5820858745E-01  8.7762347303E-02 -2.7227573033E-01
           DelSqRho = -1.8828020511E+01
           Bond Ellipticity = NA
           V = -4.7163975802E+00
           G =  4.6962262299E-03
           K =  4.7117013540E+00
           L =  4.7070051277E+00
           Vnuc =  5.0492805135E+01
           Ven = -2.1460887374E+01
           Vrep =  1.6744489794E+01
           DelSqV =  7.0903546434E+02
           DelSqVen =  9.5067957685E+02
           DelSqVrep = -2.4164411252E+02
           DelSqG =  6.9845599431E+01
           DelSqK = -7.7888106377E+02
           Stress_EigVals = -1.6227111695E+00 -1.6221314939E+00 -1.4715549168E+00
           Stress_EigVec1 = -1.3659348501E-01  9.7778452768E-01 -1.5899571467E-01
           Stress_EigVec2 =  2.5128395351E-01  1.8944990162E-01  9.4919181912E-01
           Stress_EigVec3 =  9.5822679704E-01  8.9700346740E-02 -2.7157918409E-01
           -DivStress = -7.5629732855E+00 -7.0948344404E-01  2.1510293701E+00
           ESP =  -1.0043171649E+00     ESP at Nucleus =  -1.0067531419E+00
           ESPe = -2.2896148362E+01     ESPe at Nucleus = -2.2852679630E+01
           ESPn =  2.1891831197E+01     ESPn at Nucleus =  2.1845926488E+01

CP# 10     Coords =  2.05709053729447E+00  5.41771809777287E+00  3.46199017563200E+00
           Type = (3,-3) NACP C10
           Rho =  1.1751902356E+02     Rho at Nucleus =  1.1751902348E+02
           GradRho = -1.7769803858E-11 -2.2577243330E-10 -1.0117186082E-10
           HessRho_EigVals = -1.4481102370E+05 -1.4481080929E+05 -1.4481062533E+05
           HessRho_EigVec1 = -4.6689784543E-01  8.4176372124E-01 -2.7099859694E-01
           HessRho_EigVec2 =  8.1539460244E-01  5.2840351979E-01  2.3647698109E-01
           HessRho_EigVec3 = -3.4225435607E-01  1.1056020025E-01  9.3308005973E-01
           DelSqRho = -4.3443245831E+05
           Bond Ellipticity = NA
           V = -1.0861860189E+05
           G =  5.2436533067E+00
           K =  1.0861335823E+05
           L =  1.0860811458E+05
           Vnuc =  5.6818146854E+06
           Ven = -6.6772131390E+08
           Vrep =  6.6761269530E+08
           DelSqV =  2.4919514915E+09
           DelSqVen =  2.4683642225E+12
           DelSqVrep = -2.4658722710E+12
           DelSqG =  1.3385482839E+08
           DelSqK = -2.6258063198E+09
           Stress_EigVals = -3.6206259936E+04 -3.6206205698E+04 -3.6206136251E+04
           Stress_EigVec1 = -3.7325066503E-01  7.4692618024E-02  9.2471885126E-01
           Stress_EigVec2 =  8.1401099375E-01  5.0452963582E-01  2.8781234969E-01
           Stress_EigVec3 = -4.4505060736E-01  8.6015746198E-01 -2.4911663432E-01
           -DivStress =  1.0594055363E+02  7.9620127616E+02  2.9277830089E+02
           ESP =  -1.4625826965E+01     ESP at Nucleus =  -1.4625826968E+01
           ESPe = -3.3904467977E+01     ESPe at Nucleus = -3.3904466142E+01
           ESPn =  1.9278641012E+01     ESPn at Nucleus =  1.9278639174E+01

CP# 11     Coords =  2.94635202144109E+00  6.61418299887751E+00  2.07262608194327E+00
           Type = (3,-3) NACP H11
           Rho =  4.2393180487E-01     Rho at Nucleus =  4.2049323419E-01
           GradRho = -2.3373516188E-09 -3.1773459319E-09  3.6016616820E-09
           HessRho_EigVals = -6.4397665056E+00 -6.4373102706E+00 -5.8731755644E+00
           HessRho_EigVec1 =  7.3108236785E-01 -6.7202601271E-01 -1.1789660581E-01
           HessRho_EigVec2 =  5.2424764915E-01  4.4269767548E-01  7.2744977179E-01
           HessRho_EigVec3 = -4.3667261624E-01 -5.9363272010E-01  6.7595652216E-01
           DelSqRho = -1.8750252341E+01
           Bond Ellipticity = NA
           V = -4.6971953571E+00
           G =  4.8161359602E-03
           K =  4.6923792211E+00
           L =  4.6875630852E+00
           Vnuc =  4.9558723710E+01
           Ven = -2.1009519189E+01
           Vrep =  1.6312323832E+01
           DelSqV =  7.0678472646E+02
           DelSqVen =  9.2923858456E+02
           DelSqVrep = -2.2245385810E+02
           DelSqG =  6.9446489559E+01
           DelSqK = -7.7623121602E+02
           Stress_EigVals = -1.6136030437E+00 -1.6133540088E+00 -1.4702383046E+00
           Stress_EigVec1 =  5.7870468630E-01 -7.6081315573E-01 -2.9370772568E-01
           Stress_EigVec2 =  6.8861546059E-01  2.6290375091E-01  6.7578869863E-01
           Stress_EigVec3 = -4.3693206966E-01 -5.9333376764E-01  6.7605133435E-01
           -DivStress =  3.3250329585E+00  4.5192100930E+00 -5.1208136604E+00
           ESP =  -1.0025352063E+00     ESP at Nucleus =  -1.0047630755E+00
           ESPe = -2.0976827178E+01     ESPe at Nucleus = -2.0898381313E+01
           ESPn =  1.9974291972E+01     ESPn at Nucleus =  1.9893618238E+01

CP# 12     Coords =  5.43198712929432E-02  5.31066745848628E+00  3.05298847135383E+00
           Type = (3,-3) NACP H12
           Rho =  4.2350782346E-01     Rho at Nucleus =  4.2026618271E-01
           GradRho =  3.8454232854E-10  1.7089141734E-11  7.5138026009E-11
           HessRho_EigVals = -6.4601983093E+00 -6.4580312891E+00 -5.9120261593E+00
           HessRho_EigVec1 = -1.8472544175E-02  9.9105475748E-01 -1.3217122528E-01
           HessRho_EigVec2 = -1.9864506457E-01  1.2592055240E-01  9.7194863692E-01
           HessRho_EigVec3 =  9.7989739434E-01  4.4209525710E-02  1.9454206332E-01
           DelSqRho = -1.8830255758E+01
           Bond Ellipticity = NA
           V = -4.7175209911E+00
           G =  4.9785258182E-03
           K =  4.7125424653E+00
           L =  4.7075639394E+00
           Vnuc =  5.2329689744E+01
           Ven = -2.2162033006E+01
           Vrep =  1.7444512015E+01
           DelSqV =  7.1103809461E+02
           DelSqVen =  9.8538144233E+02
           DelSqVrep = -2.7434334772E+02
           DelSqG =  7.0115006111E+01
           DelSqK = -7.8115310072E+02
           Stress_EigVals = -1.6187675100E+00 -1.6186004837E+00 -1.4801529974E+00
           Stress_EigVec1 = -1.3926704510E-01  8.4900082025E-01  5.0970805111E-01
           Stress_EigVec2 = -1.4205157224E-01 -5.2652872024E-01  8.3820573702E-01
           Stress_EigVec3 =  9.8001328612E-01  4.4329606137E-02  1.9393000038E-01
