AIMSum (Version 19.02.13, Professional)
Copyright (c) 1997-2019 by Todd A. Keith
AIMSum is a component of the AIMAll package ( http://aim.tkgristmill.com )

TP:  64-bit Linux

Much of the Quantum Theory of Atoms in Molecules (QTAIM) is described in the book:
  "Atoms in Molecules - A Quantum Theory"
  R.F.W. Bader, Oxford University Press, Oxford, 1990

For additional references see:  http://aim.tkgristmill.com/references.html

Wfn File:  /home/mhennefarth/Documents/ML_Diels/summary-lam2009/11-opt/11-opt.wfn
Sum File:  /home/mhennefarth/Documents/ML_Diels/summary-lam2009/11-opt/11-opt.sum

SumViz File:  /home/mhennefarth/Documents/ML_Diels/summary-lam2009/11-opt/11-opt.sumviz

Wfn Title:   Title Card Required                                                           
 
Total memory allocated for AIMSum =        2.933 Megabytes

Atomic units (a.u.) used throughout, except where stated otherwise

Model:  Restricted SCF
 
Restricted, closed-shell, single-determinant wavefunction.
  Number of electrons (from MO Occs)                   =         158.0000000000
  Number of Alpha electrons (from MO Occs)             =          79.0000000000
  Number of Beta electrons (from MO Occs)              =          79.0000000000
  Number of electron pairs (N*(N-1)/2)                 =       12403.0000000000
  Number of electron pairs (from Muller 2EDM)          =       12403.0000000000
 
Nuclear Charges and Cartesian Coordinates:
-------------------------------------------------------------------------------
Atom      Charge                X                  Y                  Z
-------------------------------------------------------------------------------
C1         6.0           7.2794002300E+00   3.3510894000E-01   1.5222416300E+00
C2         6.0           4.9531780300E+00   6.9455236000E-01   2.4871341200E+00
C3         6.0           3.2344500500E+00  -1.2811941000E+00   3.3925953200E+00
C4         6.0           3.1719775000E+00  -3.7152139500E+00   2.6546449100E+00
C5         6.0           1.3757841700E+00  -9.2912880000E-01  -3.4962073400E+00
C6         6.0           3.3719059100E+00   5.7525063000E-01  -4.0472387400E+00
H7         1.0           1.9050353100E+00  -6.8298949000E-01   4.8524937300E+00
H8         1.0           3.4167182500E+00   2.4603045300E+00  -3.2296875500E+00
H9         1.0           1.2631700000E+00  -2.8246040400E+00  -4.2636872500E+00
H10        1.0           4.4662347800E+00  -4.3461312700E+00   1.1787935300E+00
H11        1.0           8.0204497900E+00  -1.5842836400E+00   1.3992573600E+00
C12        6.0          -6.2744255000E-01  -3.5505910000E-02  -1.8789488400E+00
O13        8.0          -6.7139141000E-01   2.1705718700E+00  -1.0031922300E+00
N14        7.0          -2.6075709300E+00  -1.6852171700E+00  -1.3265588400E+00
Al15      13.0          -3.1218396900E+00   4.1421023300E+00   8.2054547000E-01
C16        6.0          -2.8363045100E+00  -4.3280752200E+00  -2.1908102700E+00
C17        6.0          -4.6876761300E+00  -1.0224288500E+00   1.1964957000E-01
O18        8.0          -5.1366023000E+00   1.0668496500E+00   1.0550536100E+00
C19        6.0          -1.7943333500E+00   4.8849945900E+00   4.1762806500E+00
C20        6.0          -4.7825705700E+00   6.3742637400E+00  -1.5968603300E+00
C21        6.0          -5.1910810100E+00  -5.2221016800E+00  -7.2014763000E-01
H22        1.0          -1.1514247500E+00  -5.4001235100E+00  -1.6789796600E+00
H23        1.0          -3.1105185900E+00  -4.3897263600E+00  -4.2374899600E+00
O24        8.0          -6.2351393300E+00  -2.9394031200E+00   4.0890984000E-01
H25        1.0          -3.2623557200E+00   5.7097298100E+00   5.3874036200E+00
H26        1.0          -1.0615502300E+00   3.2177898400E+00   5.1663109900E+00
H27        1.0          -2.5584820000E-01   6.2742636900E+00   4.0923395100E+00
H28        1.0          -5.2976484900E+00   5.4391880100E+00  -3.3746991600E+00
H29        1.0          -6.5272827800E+00   7.1650395600E+00  -8.0105235000E-01
H30        1.0          -3.5752316400E+00   7.9881232800E+00  -2.0870554400E+00
H31        1.0          -4.7412840500E+00  -6.5099027300E+00   8.2592228000E-01
H32        1.0          -6.6551444800E+00  -6.0357345900E+00  -1.9169314200E+00
C33        6.0           9.0386058200E+00   2.4043449600E+00   7.1560119000E-01
H34        1.0           1.0762058970E+01   2.3928079500E+00   1.8710593600E+00
H35        1.0           9.6691987000E+00   2.1561652300E+00  -1.2482180600E+00
H36        1.0           8.1662890800E+00   4.2726057000E+00   8.8705856000E-01
C37        6.0           1.5401632400E+00  -5.7134471200E+00   3.8374923700E+00
H38        1.0           2.1858890000E-01  -4.9107040200E+00   5.2134257600E+00
H39        1.0           4.5468835000E-01  -6.7870654800E+00   2.4254192500E+00
H40        1.0           2.7007362900E+00  -7.1167321900E+00   4.8334888600E+00
C41        6.0           5.4963441600E+00  -1.4131407000E-01  -5.7376734600E+00
H42        1.0           5.5875558000E+00   1.1731467500E+00  -7.3426500200E+00
H43        1.0           7.3003019700E+00   6.0824880000E-02  -4.7347366700E+00
H44        1.0           5.3352039400E+00  -2.0694892200E+00  -6.4600733400E+00
H45        1.0           4.2996296000E+00   2.6319068100E+00   2.7484200900E+00
 
Some Atomic Properties:
----------------------
  q(A) = Net Charge of Atom A
  L(A) = Lagrangian of Atom A = -(1/4) Times Atomic Integral of the Laplacian of the Electron Density
  K(A) = Electronic Kinetic Energy of Atom A (Hamiltonian Form)
  K_Scaled(A) = K(A) * E(Mol)/K(Mol) = Approximation to Virial-Based Total Energy of Atom A.
  |Mu_Intra(A)| = Magnitude of Intraatomic Dipole Moment of Atom A
--------------------------------------------------------------------------------------------------
Atom A          q(A)              L(A)              K(A)          K_Scaled(A)      |Mu_Intra(A)|
--------------------------------------------------------------------------------------------------
C1       -4.9867460900E-02  1.4375449383E-04  3.7709856672E+01 -3.8030227924E+01  8.2727062244E-02
C2       -4.3752443600E-02  2.3554282314E-05  3.7710057828E+01 -3.8030430789E+01  9.7426958725E-02
C3       -4.3191526300E-02  4.8130483947E-04  3.7712348903E+01 -3.8032741328E+01  8.5376053324E-02
C4       -6.6514478500E-02 -3.2368710481E-05  3.7710080115E+01 -3.8030453266E+01  9.8666302308E-02
C5       -1.1629505200E-02 -9.3240537017E-05  3.7724284866E+01 -3.8044778696E+01  2.0998033151E-01
C6        1.8709094300E-02 -1.0373725929E-04  3.7704501964E+01 -3.8024827724E+01  1.1791536864E-01
H7        3.3946872160E-02  3.0263612709E-05  6.0055039173E-01 -6.0565248169E-01  1.5103486424E-01
H8        1.1317270448E-01  1.3959435454E-05  5.7382863316E-01 -5.7870370334E-01  1.3300395239E-01
H9        6.6909772620E-02  1.9205793631E-05  5.9068824447E-01 -5.9570654869E-01  1.3774936764E-01
H10       2.8720498500E-02  2.0508249253E-05  6.0286141790E-01 -6.0798314162E-01  1.5210796134E-01
H11       3.8992531860E-02  3.8667276726E-05  5.9975950532E-01 -6.0485487615E-01  1.4922482904E-01
C12       1.3310329756E+00  3.7567393656E-04  3.6849826952E+01 -3.7162891658E+01  8.5401691270E-01
O13      -1.3138430837E+00  6.6060032064E-05  7.5345666426E+01 -7.5985779851E+01  3.0268581876E-01
N14      -1.1801170319E+00 -5.5123293945E-06  5.4986822044E+01 -5.5453973038E+01  1.1724714407E-01
Al15      2.3962798980E+00 -1.7446937841E-04  2.4087120295E+02 -2.4291757002E+02  9.4244282102E-02
C16       3.0941001360E-01 -1.0554998200E-04  3.7528810377E+01 -3.7847643516E+01  5.2252815984E-01
C17       2.0781090586E+00  1.5691539683E-04  3.6391246140E+01 -3.6700414886E+01  2.5319851810E-01
O18      -1.2991486399E+00  2.5909259697E-05  7.5373959562E+01 -7.6014313356E+01  3.9888131242E-01
C19      -8.2134950080E-01  1.7242813785E-04  3.7895439032E+01 -3.8217386934E+01  1.2737362574E+00
C20      -8.2267970530E-01 -1.1594156961E-04  3.7895324669E+01 -3.8217271599E+01  1.2737077741E+00
C21       4.0489895690E-01  3.8922876869E-04  3.7464804325E+01 -3.7783093689E+01  5.7901009870E-01
H22       8.6036581360E-02  3.9196934517E-05  5.8797878234E-01 -5.9297406780E-01  1.3500104989E-01
H23       8.0262119570E-02  3.0894126365E-05  5.8983060313E-01 -5.9484162109E-01  1.3907335988E-01
O24      -1.0566131962E+00  8.5523218684E-05  7.5305929173E+01 -7.5945705003E+01  3.3290250352E-01
H25       4.0685867490E-02  3.0140733161E-05  5.8493189143E-01 -5.8990129145E-01  1.5359222283E-01
H26       1.7194583740E-02  1.9387300903E-05  5.9513215420E-01 -6.0018821249E-01  1.5586415226E-01
H27       3.1564220630E-02  3.3123746225E-05  5.8817308881E-01 -5.9317002504E-01  1.5586380966E-01
H28       1.8512335660E-02  3.3865151761E-05  5.9397921850E-01 -5.9902548180E-01  1.5980584497E-01
H29       3.9373934130E-02  2.7703737049E-05  5.8532388651E-01 -5.9029661680E-01  1.5396836390E-01
H30       3.4450283780E-02  3.2327247281E-05  5.8724749560E-01 -5.9223656827E-01  1.5535031365E-01
H31       9.8278937350E-02  3.4070155818E-05  5.8433580648E-01 -5.8930014235E-01  1.3647238724E-01
H32       1.0773149378E-01  2.8452506619E-05  5.7996699886E-01 -5.8489421869E-01  1.3441539194E-01
C33      -1.8101581100E-02 -6.7706739481E-05  3.7681074758E+01 -3.8001201488E+01  1.0063299318E-01
H34       4.9487112320E-02  2.6356221582E-05  5.8977025775E-01 -5.9478076304E-01  1.4653542854E-01
H35       1.6608464810E-02  1.0722144447E-05  6.0222856788E-01 -6.0734491510E-01  1.5192359705E-01
H36       2.5880327400E-02  2.2024339094E-05  6.0016771423E-01 -6.0526655308E-01  1.5063913761E-01
C37      -1.8733578100E-02 -6.0317981538E-05  3.7677549512E+01 -3.7997646292E+01  8.2666084347E-02
H38       2.5277239160E-02  2.4499148381E-05  6.0021327368E-01 -6.0531249959E-01  1.5116745834E-01
H39      -1.2189806900E-02  4.1450242796E-05  6.1412183285E-01 -6.1933922156E-01  1.5609000839E-01
H40       5.2896643410E-02  2.5528447250E-05  5.8846401992E-01 -5.9346342781E-01  1.4581351896E-01
C41      -2.0484369600E-02  2.9109497542E-05  3.7697084392E+01 -3.8017347135E+01  1.6872775737E-01
H42       7.7524900920E-02  2.2673709194E-05  5.7610979537E-01 -5.8100424559E-01  1.4043117974E-01
H43       7.3617456400E-02  3.2536192219E-05  5.7894228038E-01 -5.8386079453E-01  1.3723586476E-01
H44       4.6935009150E-02  2.7068717812E-05  5.9236354539E-01 -5.9739608244E-01  1.4494192330E-01
H45       3.7231601320E-02  3.1208410157E-05  5.9981688143E-01 -6.0491273971E-01  1.5024128425E-01
--------------------------------------------------------------------------------------------------
Total     1.0015155810E+00  1.8864509567E-03  1.1000226569E+03 -1.1093681084E+03
 
1st Largest |L(A)| = 4.8130483947E-04, atom C3      
2nd Largest |L(A)| = 3.8922876869E-04, atom C21     
 
Molecular charge q(Mol) from the wfn file:   1.0000000000E+00
Molecular energy E(Mol) from the wfn file:  -1.1093676740E+03
Molecular virial ratio (-V(Mol)/T(Mol)) from the wfn file:   2.0084956900E+00
Note.  K_Scaled(A) = (1+V(Mol)/T(Mol))*K(A) = (E(Mol)/T(Mol))*K(A)
       Only use K_Scaled(A) data with caution.
 
N_AIMInt(SumA)     =        157.998484
N_Analytic(Mol)    =        157.999975
 
G_AIMInt(SumA)     =       1100.020770
G_Analytic(Mol)    =       1100.022163
 
K_AIMInt(SumA)     =       1100.022657
K_Analytic(Mol)    =       1100.022163
 
L_AIMInt(SumA)     =          0.001886
L_Analytic(Mol)    =          0.000000
 
VenT_AIMInt(SumA)  =      -6120.407513
VenT_Analytic(Mol) =      -6120.441495
 
Some Information About the Atomic Calculations:
----------------------------------------------
  Time(sec) = "Elapsed User Time", in Seconds, for Atom A by AIMInt and, if used, by TWOe
  NProc = Number of Processors Used for AIMInt Job
  BIM = Basin Integration Method
  OAQ = Angular Quadrature Outside of Beta Sphere
  ORQ = Multiple of Default for Radial Quadrature Outside of Beta Sphere
  IAQ = Multiple of Default for Angular Quadrature Inside of Beta Sphere
  IRQ = Multiple of Default for Radial Quadrature Inside of Beta Sphere
  MIR = Maximum Integration Radius
------------------------------------------------------------------------------------------------------
Atom A     Time(sec)   NProc      BIM          OAQ                     ORQ      IAQ      IRQ      MIR
------------------------------------------------------------------------------------------------------
C1             50        8     Proaim(5)    4500(GS4)                  1.00     1.00     1.00    13.00
C2             79        8     Proaim(5)    4500(GS4)                  1.00     1.00     1.00    13.00
C3            198        8    Promega(1)    4500(GS4)                  1.00     1.00     1.00    13.00
C4             66        8     Proaim(5)    4500(GS4)                  1.00     1.00     1.00    13.00
C5             74        8     Proaim(5)    4500(GS4)                  1.00     1.00     1.00    13.00
C6             62        8     Proaim(5)    4500(GS4)                  1.00     1.00     1.00    13.00
H7            152        8    Promega(1)    4500(GS4)                  1.00     1.00     1.00    13.00
H8             17        8     Proaim(5)    1800(GS4)                  1.00     1.00     1.00    13.00
H9             17        8     Proaim(5)    1800(GS4)                  1.00     1.00     1.00    13.00
H10            16        8     Proaim(5)    1800(GS4)                  1.00     1.00     1.00    13.00
H11            13        8     Proaim(5)    1800(GS4)                  1.00     1.00     1.00    13.00
C12          1199        8    Promega(5)    4500(GS4)                  1.00     1.00     1.00    13.00
O13           151        8     Proaim(5)    4500(GS4)                  1.00     1.00     1.00    13.00
N14           137        8     Proaim(5)    4500(GS4)                  1.00     1.00     1.00    13.00
Al15          163        8     Proaim(5)    4500(GS4)                  1.00     1.00     1.00    13.00
C16            90        8     Proaim(5)    4500(GS4)                  1.00     1.00     1.00    13.00
C17            34        8     Proaim(5)    5400(GS5)                  1.00     1.00     1.00    13.00
O18            37        8     Proaim(5)    4500(GS4)                  1.00     1.00     1.00    13.00
C19            72        8     Proaim(5)    4500(GS4)                  1.00     1.00     1.00    13.00
C20            41        8     Proaim(5)    4500(GS4)                  1.00     1.00     1.00    13.00
C21            52        8     Proaim(5)    4500(GS4)                  1.00     1.00     1.00    13.00
H22            35        8     Proaim(5)    4500(GS4)                  1.00     1.00     1.00    13.00
H23            10        8     Proaim(5)    1800(GS4)                  1.00     1.00     1.00    13.00
O24            29        8     Proaim(5)    4500(GS4)                  1.00     1.00     1.00    13.00
H25            10        8     Proaim(5)    1800(GS4)                  1.00     1.00     1.00    13.00
H26           150        8    Promega(1)    4500(GS4)                  1.00     1.00     1.00    13.00
H27            12        8     Proaim(5)    1800(GS4)                  1.00     1.00     1.00    13.00
H28            11        8     Proaim(5)    1800(GS4)                  1.00     1.00     1.00    13.00
H29            10        8     Proaim(5)    1800(GS4)                  1.00     1.00     1.00    13.00
H30             9        8     Proaim(5)    1800(GS4)                  1.00     1.00     1.00    13.00
H31            15        8     Proaim(5)    1800(GS4)                  1.00     1.00     1.00    13.00
H32             8        8     Proaim(5)    1800(GS4)                  1.00     1.00     1.00    13.00
C33            38        8     Proaim(5)    4500(GS4)                  1.00     1.00     1.00    13.00
H34             9        8     Proaim(5)    1800(GS4)                  1.00     1.00     1.00    13.00
H35            20        8     Proaim(5)    4500(GS4)                  1.00     1.00     1.00    13.00
H36            12        8     Proaim(5)    1800(GS4)                  1.00     1.00     1.00    13.00
C37            43        8     Proaim(5)    4500(GS4)                  1.00     1.00     1.00    13.00
H38            13        8     Proaim(5)    1800(GS4)                  1.00     1.00     1.00    13.00
H39            27        8     Proaim(5)    4500(GS4)                  1.00     1.00     1.00    13.00
H40             8        8     Proaim(5)    1800(GS4)                  1.00     1.00     1.00    13.00
C41            37        8     Proaim(5)    4500(GS4)                  1.00     1.00     1.00    13.00
H42             8        8     Proaim(5)    1800(GS4)                  1.00     1.00     1.00    13.00
H43            18        8     Proaim(5)    4500(GS4)                  1.00     1.00     1.00    13.00
H44            10        8     Proaim(5)    1800(GS4)                  1.00     1.00     1.00    13.00
H45            42        8     Proaim(5)    4500(GS4)                  1.00     1.00     1.00    13.00
------------------------------------------------------------------------------------------------------
Total        3304
Note:  Total wall clock time is less than total of atomic times if more than one atom
       was calculated at a time
 
Electron Density Critical Point Analysis of Molecular Structure:               
---------------------------------------------------------------                
  NACP = Nuclear Attractor Critical Point                                      
  NNACP = Non-Nuclear Attractor Critical Point                                 
  BCP = Bond Critical Point                                                    
  RCP = Ring Critical Point                                                    
  CCP = Cage Critical Point                                                    
  Rho = Electron Density                                                       
  GradRho = Gradient of Electron Density                                       
  HessRho_EigVals = Eigenvalues of the Hessian of Rho, Ascending Order         
  HessRho_EigVecs = Eigenvectors of the Hessian of Rho                         
  DelSqRho = Laplacian of Rho = Trace of Hessian of Rho                        
  Bond Ellipticity = (HessRho_EigVal(1) / HessRho_EigVal(2)) - 1               
  V = Virial Field = Potential Energy Density = Trace of Stress Tensor         
  G = Lagrangian Form of Kinetic Energy Density                                
  K = Hamiltonian Form of Kinetic Energy Density                               
  L = K - G = Lagrangian Density = (-1/4)DelSqRho                              
  Vnuc = Electrostatic Potential from Nuclei                                   
  Ven = Electron-nuclear attractive contribution to Virial Field V             
  Vrep = V - Ven = Repulsive contribution to Virial Field V                    
  DelSqV = Laplacian of V                                                      
  DelSqVen = Laplacian of Ven                                                  
  DelSqVrep = Laplacian of Vrep                                                
  DelSqG = Laplacian of G                                                      
  DelSqK = Laplacian of K                                                      
  Stress_EigVals = Eigenvalues of Stress Tensor, Ascending Order               
  Stress_EigVecs = Eigenvectors of Stress Tensor                               
  -DivStress = Ehrenfest Force Density = Minus Divergence of Stress Tensor     
  ESP = Total Electrostatic Potential                                          
  ESPe = Electrostatic Potential from Electrons                                
  ESPn = Electrostatic Potential from Nuclei                                   
  BP = Bond Path                                                               
  BPL = Bond Path Length                                                       
  GBL = Geometric Bond Length                                                  
  GBL_I = Distance Between Nuclear Attractors                                  
  GBL_II = Distance Between Nuclei                                             
  GBL_III = Sum of Distances Between BCP and Nuclear Attractors                
  GBL_IV = Sum of Distances Between BCP and Nuclei                             

CP# 1      Coords =  7.27940134893279E+00  3.35109488499628E-01  1.52224083602664E+00
           Type = (3,-3) NACP C1
           Rho =  1.1768713594E+02     Rho at Nucleus =  1.1768713579E+02
           GradRho =  4.9581871941E-10  2.5736612841E-10 -4.0554615222E-10
           HessRho_EigVals = -1.4501461807E+05 -1.4501349058E+05 -1.4501323600E+05
           HessRho_EigVec1 =  3.9351828407E-01  1.1545241379E-01  9.1203843135E-01
           HessRho_EigVec2 =  3.4036113541E-01  9.0328760584E-01 -2.6120068653E-01
           HessRho_EigVec3 = -8.5398926083E-01  4.1320968199E-01  3.1616467402E-01
           DelSqRho = -4.3504134465E+05
           Bond Ellipticity = NA
           V = -1.0877049226E+05
           G =  5.0780468488E+00
           K =  1.0876541421E+05
           L =  1.0876033616E+05
           Vnuc =  4.0607019309E+06
           Ven = -4.7789238017E+08
           Vrep =  4.7778360968E+08
           DelSqV =  2.4954187289E+09
           DelSqVen =  1.7665732485E+12
           DelSqVrep = -1.7640778298E+12
           DelSqG =  1.3403787013E+08
           DelSqK = -2.6294565990E+09
           Stress_EigVals = -3.6257104134E+04 -3.6256959740E+04 -3.6256428381E+04
           Stress_EigVec1 =  8.7987183623E-01 -3.3885862262E-01 -3.3316720380E-01
           Stress_EigVec2 = -2.8056123320E-01 -9.3628185954E-01  2.1133308763E-01
           Stress_EigVec3 =  3.8355044810E-01  9.2472230308E-02  9.1887863202E-01
           -DivStress = -9.1313153641E+02 -4.5130270595E+02  6.4058547169E+02
           ESP =  -1.4635056740E+01     ESP at Nucleus =  -1.4635056754E+01
           ESPe = -3.5248453960E+01     ESPe at Nucleus = -3.5248455415E+01
           ESPn =  2.0613397220E+01     ESPn at Nucleus =  2.0613398661E+01

CP# 2      Coords =  4.95317654495038E+00  6.94551578661926E-01  2.48713468485291E+00
           Type = (3,-3) NACP C2
           Rho =  1.1766307084E+02     Rho at Nucleus =  1.1766307061E+02
           GradRho = -1.1086656038E-09 -5.3893850493E-10  3.8438918715E-10
           HessRho_EigVals = -1.4498415480E+05 -1.4498342710E+05 -1.4498313958E+05
           HessRho_EigVec1 =  3.4749817769E-01 -2.8296344674E-02  9.3725361209E-01
           HessRho_EigVec2 =  4.4959559469E-01  8.8218319648E-01 -1.4005930558E-01
           HessRho_EigVec3 =  8.2286622104E-01 -4.7005544857E-01 -3.1927896508E-01
           DelSqRho = -4.3495072148E+05
           Bond Ellipticity = NA
           V = -1.0874793289E+05
           G =  5.1262596783E+00
           K =  1.0874280663E+05
           L =  1.0873768037E+05
           Vnuc =  3.3887605775E+06
           Ven = -3.9873197588E+08
           Vrep =  3.9862322795E+08
           DelSqV =  2.4949019939E+09
           DelSqVen =  1.4739438797E+12
           DelSqVrep = -1.4714489777E+12
           DelSqG =  1.3400950351E+08
           DelSqK = -2.6289114974E+09
           Stress_EigVals = -3.6249552456E+04 -3.6249412763E+04 -3.6248967669E+04
           Stress_EigVec1 =  8.6859238552E-01 -3.4745181575E-01 -3.5330511397E-01
           Stress_EigVec2 =  3.1987008679E-01  9.3768500543E-01 -1.3575698200E-01
           Stress_EigVec3 =  3.7845791761E-01  4.9057433760E-03  9.2560549819E-01
           -DivStress =  1.2038780077E+03  6.3842183482E+02 -4.6364151455E+02
           ESP =  -1.4639748108E+01     ESP at Nucleus =  -1.4639748127E+01
           ESPe = -3.7204273226E+01     ESPe at Nucleus = -3.7204272261E+01
           ESPn =  2.2564525118E+01     ESPn at Nucleus =  2.2564524134E+01

CP# 3      Coords =  3.23445039474661E+00 -1.28119274819431E+00  3.39259500823797E+00
           Type = (3,-3) NACP C3
           Rho =  1.1767763020E+02     Rho at Nucleus =  1.1767763005E+02
           GradRho =  1.7140126124E-10  6.1708949062E-10 -1.2834544538E-10
           HessRho_EigVals = -1.4500387401E+05 -1.4500297748E+05 -1.4500273796E+05
           HessRho_EigVec1 =  6.3349207936E-01 -1.9204056822E-01  7.4953866181E-01
           HessRho_EigVec2 =  7.4792652462E-01  4.0015551883E-01 -5.2960501746E-01
           HessRho_EigVec3 = -1.9822638362E-01  8.9610043014E-01  3.9712758647E-01
           DelSqRho = -4.3500958945E+05
           Bond Ellipticity = NA
           V = -1.0876262702E+05
           G =  5.1148301070E+00
           K =  1.0875751219E+05
           L =  1.0875239736E+05
           Vnuc =  4.1973419846E+06
           Ven = -4.9393325790E+08
           Vrep =  4.9382449527E+08
           DelSqV =  2.4952397509E+09
           DelSqVen =  1.8258839798E+12
           DelSqVrep = -1.8233887400E+12
           DelSqG =  1.3402920730E+08
           DelSqK = -2.6292689582E+09
           Stress_EigVals = -3.6254457360E+04 -3.6254327923E+04 -3.6253841740E+04
           Stress_EigVec1 = -8.7133972149E-02  9.2972820222E-01  3.5778924088E-01
           Stress_EigVec2 =  7.5804028898E-01  2.9490961046E-01 -5.8172436939E-01
           Stress_EigVec3 =  6.4636103779E-01 -2.2053070455E-01  7.3046808087E-01
           -DivStress = -2.8673986528E+02 -1.0968504502E+03  2.5231225343E+02
           ESP =  -1.4634686065E+01     ESP at Nucleus =  -1.4634686079E+01
           ESPe = -3.7766539139E+01     ESPe at Nucleus = -3.7766538903E+01
           ESPn =  2.3131853073E+01     ESPn at Nucleus =  2.3131852823E+01

CP# 4      Coords =  3.17197696051235E+00 -3.71521560447106E+00  2.65464515706893E+00
           Type = (3,-3) NACP C4
           Rho =  1.1767098817E+02     Rho at Nucleus =  1.1767098795E+02
           GradRho = -3.6062208775E-10 -1.1384324594E-09  1.2421064177E-10
           HessRho_EigVals = -1.4499579151E+05 -1.4499498458E+05 -1.4499465153E+05
           HessRho_EigVec1 =  7.2017673603E-01 -2.7977270883E-01  6.3488006763E-01
           HessRho_EigVec2 = -6.8275500367E-01 -4.4835930710E-01  5.7690513666E-01
           HessRho_EigVec3 = -1.2325207439E-01  8.4894120122E-01  5.1391415920E-01
           DelSqRho = -4.3498542762E+05
           Bond Ellipticity = NA
           V = -1.0875653675E+05
           G =  5.0899226248E+00
           K =  1.0875144683E+05
           L =  1.0874635691E+05
           Vnuc =  3.4136540700E+06
           Ven = -4.0168804769E+08
           Vrep =  4.0157929115E+08
           DelSqV =  2.4951010726E+09
           DelSqVen =  1.4848898007E+12
           DelSqVrep = -1.4823946996E+12
           DelSqG =  1.3402200666E+08
           DelSqK = -2.6291230793E+09
           Stress_EigVals = -3.6252438264E+04 -3.6252273397E+04 -3.6251825090E+04
           Stress_EigVec1 = -1.0854266865E-01  8.8924793250E-01  4.4436089345E-01
           Stress_EigVec2 = -6.9581155682E-01 -3.8720776747E-01  6.0491025963E-01
           Stress_EigVec3 =  7.0997518723E-01 -2.4353287119E-01  6.6077755272E-01
           -DivStress =  4.3713028832E+02  1.3477736971E+03 -2.0893393863E+02
           ESP =  -1.4630117427E+01     ESP at Nucleus =  -1.4630117446E+01
           ESPe = -3.6887846667E+01     ESPe at Nucleus = -3.6887848448E+01
           ESPn =  2.2257729240E+01     ESPn at Nucleus =  2.2257731002E+01

CP# 5      Coords =  1.37578223295153E+00 -9.29128285336113E-01 -3.49620572355453E+00
           Type = (3,-3) NACP C5
           Rho =  1.1762597627E+02     Rho at Nucleus =  1.1762597579E+02
           GradRho = -2.9477295500E-09  7.6008999095E-10  2.4085188843E-09
           HessRho_EigVals = -1.4493768418E+05 -1.4493746917E+05 -1.4493705803E+05
           HessRho_EigVec1 =  6.7520269546E-01 -3.6833222597E-01 -6.3908738945E-01
           HessRho_EigVec2 =  5.2598620873E-01 -3.6700736606E-01  7.6723145236E-01
           HessRho_EigVec3 =  5.1714584817E-01  8.5418789769E-01  5.4066691727E-02
           DelSqRho = -4.3481221137E+05
           Bond Ellipticity = NA
           V = -1.0871357374E+05
           G =  5.2604469321E+00
           K =  1.0870831329E+05
           L =  1.0870305284E+05
           Vnuc =  2.3302435794E+06
           Ven = -2.7409717597E+08
           Vrep =  2.7398846240E+08
           DelSqV =  2.4941139991E+09
           DelSqVen =  1.0132183890E+12
           DelSqVrep = -1.0107242750E+12
           DelSqG =  1.3396667177E+08
           DelSqK = -2.6280806709E+09
           Stress_EigVals = -3.6238078748E+04 -3.6237860892E+04 -3.6237634097E+04
           Stress_EigVec1 =  5.6809596908E-01  8.2280067851E-01  1.6309916076E-02
           Stress_EigVec2 =  6.6977608169E-01 -4.5074397298E-01 -5.9011005009E-01
           Stress_EigVec3 =  4.7819135324E-01 -3.4616313245E-01  8.0715804860E-01
           -DivStress =  1.5655084154E+03 -4.2103111045E+02 -1.3125280978E+03
           ESP =  -1.4576864945E+01     ESP at Nucleus =  -1.4576864977E+01
           ESPe = -3.9229403375E+01     ESPe at Nucleus = -3.9229399724E+01
           ESPn =  2.4652538430E+01     ESPn at Nucleus =  2.4652534747E+01

CP# 6      Coords =  3.37190622144519E+00  5.75249798062399E-01 -4.04723909609804E+00
           Type = (3,-3) NACP C6
           Rho =  1.1775367262E+02     Rho at Nucleus =  1.1775367256E+02
           GradRho =  7.6106676516E-11 -1.5782375407E-10 -1.2925138737E-10
           HessRho_EigVals = -1.4509168335E+05 -1.4508901451E+05 -1.4508882242E+05
           HessRho_EigVec1 =  4.9574044032E-01 -3.5559018905E-01  7.9233643945E-01
           HessRho_EigVec2 =  8.6794972802E-01  1.7125905211E-01 -4.6619052619E-01
           HessRho_EigVec3 =  3.0077989768E-02  9.1881769385E-01  3.9353444577E-01
           DelSqRho = -4.3526952028E+05
           Bond Ellipticity = NA
           V = -1.0882743039E+05
           G =  5.0251608542E+00
           K =  1.0882240523E+05
           L =  1.0881738007E+05
           Vnuc =  6.2693581247E+06
           Ven = -7.3823994418E+08
           Vrep =  7.3813111675E+08
           DelSqV =  2.4967140197E+09
           DelSqVen =  2.7288600576E+12
           DelSqVrep = -2.7263635402E+12
           DelSqG =  1.3410188296E+08
           DelSqK = -2.6308159027E+09
           Stress_EigVals = -3.6276172746E+04 -3.6276105076E+04 -3.6275152570E+04
           Stress_EigVec1 =  4.3673377699E-01  8.9068604078E-01  1.2626157289E-01
           Stress_EigVec2 =  7.5047648528E-01 -2.8334396844E-01 -5.9707724843E-01
           Stress_EigVec3 =  4.9603291532E-01 -3.5552014331E-01  7.9218481090E-01
           -DivStress = -2.5687804727E+02  6.7936550965E+02  2.9224766320E+02
           ESP =  -1.4558709755E+01     ESP at Nucleus =  -1.4558709754E+01
           ESPe = -3.7229486295E+01     ESPe at Nucleus = -3.7229486374E+01
           ESPn =  2.2670776540E+01     ESPn at Nucleus =  2.2670776620E+01

CP# 7      Coords =  1.92700191336520E+00 -6.92906642116302E-01  4.82813176026966E+00
           Type = (3,-3) NACP H7
           Rho =  4.2800036939E-01     Rho at Nucleus =  4.2441481515E-01
           GradRho = -6.2276572788E-16 -3.6602665343E-16 -1.1431827707E-15
           HessRho_EigVals = -6.5486783232E+00 -6.5407075610E+00 -5.9537290680E+00
           HessRho_EigVec1 =  3.6614651828E-01  9.2952477476E-01 -4.3822599909E-02
           HessRho_EigVec2 =  6.7299265736E-01 -2.3198532646E-01  7.0232733924E-01
           HessRho_EigVec3 = -6.4266446167E-01  2.8664699792E-01  7.1050396782E-01
           DelSqRho = -1.9043114952E+01
           Bond Ellipticity = NA
           V = -4.7701348714E+00
           G =  4.6780666968E-03
           K =  4.7654568047E+00
           L =  4.7607787380E+00
           Vnuc =  5.2482258287E+01
           Ven = -2.2462425933E+01
           Vrep =  1.7692291062E+01
           DelSqV =  7.1797510317E+02
           DelSqVen =  9.9942567750E+02
           DelSqVrep = -2.8145057433E+02
           DelSqG =  7.0960974387E+01
           DelSqK = -7.8893607756E+02
           Stress_EigVals = -1.6402918794E+00 -1.6393039124E+00 -1.4905390797E+00
           Stress_EigVec1 =  4.1784680259E-01  9.0846221798E-01  1.0022378244E-02
           Stress_EigVec2 =  6.4240058188E-01 -3.0323663418E-01  7.0382457764E-01
           Stress_EigVec3 = -6.4243718912E-01  2.8765246774E-01  7.1030311547E-01
           -DivStress = -5.0152274733E+00  2.2645311693E+00  5.5624055993E+00
           ESP =  -1.0068824742E+00     ESP at Nucleus =  -1.0092711836E+00
           ESPe = -2.4308531397E+01     ESPe at Nucleus = -2.4224285946E+01
           ESPn =  2.3301648923E+01     ESPn at Nucleus =  2.3215014763E+01

CP# 8      Coords =  3.41593035795112E+00  2.42634608924852E+00 -3.24455645437542E+00
           Type = (3,-3) NACP H8
           Rho =  4.2303249823E-01     Rho at Nucleus =  4.1892442724E-01
           GradRho = -1.8111285128E-10 -7.8807635020E-09 -3.4505087338E-09
           HessRho_EigVals = -6.4461766454E+00 -6.4411055143E+00 -5.8005154352E+00
           HessRho_EigVec1 =  8.6705503047E-01  1.8286880871E-01 -4.6343777677E-01
           HessRho_EigVec2 =  4.9777492023E-01 -3.5694547167E-01  7.9044927671E-01
           HessRho_EigVec3 =  2.0873498244E-02  9.1605072406E-01  4.0051887348E-01
           DelSqRho = -1.8687797595E+01
           Bond Ellipticity = NA
           V = -4.6803062014E+00
           G =  4.1784013611E-03
           K =  4.6761278001E+00
           L =  4.6719493987E+00
           Vnuc =  5.0772860382E+01
           Ven = -2.1478569970E+01
           Vrep =  1.6798263768E+01
           DelSqV =  7.0178617648E+02
           DelSqVen =  9.4883295061E+02
           DelSqVrep = -2.4704677414E+02
           DelSqG =  6.9151977262E+01
           DelSqK = -7.7093815374E+02
           Stress_EigVals = -1.6149485432E+00 -1.6132722374E+00 -1.4520854208E+00
           Stress_EigVec1 =  8.6833933735E-01  1.8023193468E-01 -4.6206411343E-01
           Stress_EigVec2 =  4.9546571623E-01 -3.5725106195E-01  7.9176095052E-01
           Stress_EigVec3 =  2.2372287296E-02  9.1645410603E-01  3.9951389501E-01
           -DivStress =  1.7730519971E-01  7.6082078909E+00  3.3312653131E+00
           ESP =  -9.5158901536E-01     ESP at Nucleus =  -9.5433771244E-01
           ESPe = -2.4755285780E+01     ESPe at Nucleus = -2.4677018336E+01
           ESPn =  2.3803696764E+01     ESPn at Nucleus =  2.3722680623E+01

CP# 9      Coords =  1.26445827717956E+00 -2.79171023212087E+00 -4.24996245500568E+00
           Type = (3,-3) NACP H9
           Rho =  4.2615226553E-01     Rho at Nucleus =  4.2230376935E-01
           GradRho =  8.3043292728E-11  2.0808906759E-09  8.6730248981E-10
           HessRho_EigVals = -6.5026309552E+00 -6.4954636629E+00 -5.8871224079E+00
           HessRho_EigVec1 =  8.6308079059E-01  1.6036749736E-01 -4.7892986408E-01
           HessRho_EigVec2 =  5.0342033115E-01 -3.4963416656E-01  7.9014170865E-01
           HessRho_EigVec3 =  4.0737195492E-02  9.2305916135E-01  3.8249479152E-01
           DelSqRho = -1.8885217026E+01
           Bond Ellipticity = NA
           V = -4.7310297595E+00
           G =  4.8627514929E-03
           K =  4.7261670080E+00
           L =  4.7213042565E+00
           Vnuc =  5.1960576379E+01
           Ven = -2.2143117342E+01
           Vrep =  1.7412087583E+01
           DelSqV =  7.1067108379E+02
           DelSqVen =  9.8128676525E+02
           DelSqVrep = -2.7061568146E+02
           DelSqG =  7.0103569155E+01
           DelSqK = -7.8077465294E+02
           Stress_EigVals = -1.6287483389E+00 -1.6286960249E+00 -1.4735853958E+00
           Stress_EigVec1 =  7.8703279871E-01  2.0661898538E-01 -5.8128131627E-01
           Stress_EigVec2 =  6.1558449917E-01 -3.2479093742E-01  7.1802964518E-01
           Stress_EigVec3 =  4.0436346854E-02  9.2294064915E-01  3.8281256510E-01
           -DivStress = -2.9058995227E-01 -7.4498733412E+00 -3.1093491166E+00
           ESP =  -9.3654111675E-01     ESP at Nucleus =  -9.3912551250E-01
           ESPe = -2.4858865254E+01     ESPe at Nucleus = -2.4754257042E+01
           ESPn =  2.3922324137E+01     ESPn at Nucleus =  2.3815131530E+01

CP# 10     Coords =  4.44459475467156E+00 -4.33583559449343E+00  1.20329134078000E+00
           Type = (3,-3) NACP H10
           Rho =  4.2794348883E-01     Rho at Nucleus =  4.2436487947E-01
           GradRho =  1.5092094241E-15 -2.2200123684E-15  9.2460761270E-16
           HessRho_EigVals = -6.5354823838E+00 -6.5276666735E+00 -5.9419861064E+00
           HessRho_EigVec1 =  3.1006371657E-01  9.4270026536E-01 -1.2319375533E-01
           HessRho_EigVec2 =  7.1066904293E-01 -1.4374778787E-01  6.8868431440E-01
           HessRho_EigVec3 = -6.3151405613E-01  3.0108600626E-01  7.1451886871E-01
           DelSqRho = -1.9005135164E+01
           Bond Ellipticity = NA
           V = -4.7608672834E+00
           G =  4.7917462346E-03
           K =  4.7560755371E+00
           L =  4.7512837909E+00
           Vnuc =  5.1688448128E+01
           Ven = -2.2119734824E+01
           Vrep =  1.7358867541E+01
           DelSqV =  7.1641168904E+02
           DelSqVen =  9.8234594308E+02
           DelSqVrep = -2.6593425404E+02
           DelSqG =  7.0685941708E+01
           DelSqK = -7.8709763075E+02
           Stress_EigVals = -1.6371273558E+00 -1.6361658054E+00 -1.4875741221E+00
           Stress_EigVec1 =  3.6360968821E-01  9.2874317928E-01 -7.2277946746E-02
           Stress_EigVec2 =  6.8634887723E-01 -2.1463265080E-01  6.9487987734E-01
           Stress_EigVec3 = -6.2985173919E-01  3.0227294314E-01  7.1548434957E-01
           -DivStress =  4.9300588434E+00 -2.3462369381E+00 -5.5827975630E+00
           ESP =  -1.0035007905E+00     ESP at Nucleus =  -1.0058833646E+00
           ESPe = -2.3511926246E+01     ESPe at Nucleus = -2.3427540442E+01
           ESPn =  2.2508425456E+01     ESPn at Nucleus =  2.2421657077E+01

CP# 11     Coords =  8.00804250931822E+00 -1.55201514966472E+00  1.40114680742844E+00
           Type = (3,-3) NACP H11
           Rho =  4.2775052713E-01     Rho at Nucleus =  4.2410250047E-01
           GradRho = -2.7781581571E-10  7.2315952272E-10  4.2359945412E-11
           HessRho_EigVals = -6.5317119503E+00 -6.5244130921E+00 -5.9310867197E+00
           HessRho_EigVec1 =  8.4852448132E-01  3.4900065024E-01 -3.9774960808E-01
           HessRho_EigVec2 =  3.9016189899E-01  9.5140741209E-02  9.1581763028E-01
           HessRho_EigVec3 = -3.5746314100E-01  9.3228042213E-01  5.5437508360E-02
           DelSqRho = -1.8987211762E+01
           Bond Ellipticity = NA
           V = -4.7561165884E+00
           G =  4.6568239492E-03
           K =  4.7514597645E+00
           L =  4.7468029405E+00
           Vnuc =  4.9547510341E+01
           Ven = -2.1193973666E+01
           Vrep =  1.6437857078E+01
           DelSqV =  7.1539982311E+02
           DelSqVen =  9.4076907243E+02
           DelSqVrep = -2.2536924931E+02
           DelSqG =  7.0583248894E+01
           DelSqK = -7.8598307201E+02
           Stress_EigVals = -1.6362170989E+00 -1.6350786179E+00 -1.4848208716E+00
           Stress_EigVec1 =  8.6541673598E-01  3.5474272884E-01 -3.5385232714E-01
           Stress_EigVec2 =  3.4921409697E-01  7.9400117302E-02  9.3367292766E-01
           Stress_EigVec3 = -3.5930959848E-01  9.3158639841E-01  5.5166971356E-02
           -DivStress =  2.8248510785E+00 -7.3452759320E+00 -4.3063059968E-01
           ESP =  -1.0112496812E+00     ESP at Nucleus =  -1.0136793770E+00
           ESPe = -2.1676393525E+01     ESPe at Nucleus = -2.1588571325E+01
           ESPn =  2.0665143844E+01     ESPn at Nucleus =  2.0574891948E+01

CP# 12     Coords = -6.27447025441055E-01 -3.55052602008932E-02 -1.87894568216217E+00
           Type = (3,-3) NACP C12
           Rho =  1.1761806454E+02     Rho at Nucleus =  1.1761806234E+02
           GradRho = -4.3874071043E-12 -3.7247982476E-14 -1.4482887112E-11
           HessRho_EigVals = -1.4488951147E+05 -1.4488857751E+05 -1.4488723851E+05
           HessRho_EigVec1 =  4.9553126542E-01 -2.9797543682E-01  8.1587952790E-01
           HessRho_EigVec2 =  5.2886142903E-01  8.4863334938E-01 -1.1270634770E-02
           HessRho_EigVec3 =  6.8902420413E-01 -4.3707216495E-01 -5.7811207283E-01
