AIMSum (Version 19.02.13, Professional)
Copyright (c) 1997-2019 by Todd A. Keith
AIMSum is a component of the AIMAll package ( http://aim.tkgristmill.com )

TP:  64-bit Linux

Much of the Quantum Theory of Atoms in Molecules (QTAIM) is described in the book:
  "Atoms in Molecules - A Quantum Theory"
  R.F.W. Bader, Oxford University Press, Oxford, 1990

For additional references see:  http://aim.tkgristmill.com/references.html

Wfn File:  /home/mhennefarth/Documents/ML_Diels/summary-lam2009/12-opt/12-opt.wfn
Sum File:  /home/mhennefarth/Documents/ML_Diels/summary-lam2009/12-opt/12-opt.sum

SumViz File:  /home/mhennefarth/Documents/ML_Diels/summary-lam2009/12-opt/12-opt.sumviz

Wfn Title:   Title Card Required                                                           
 
Total memory allocated for AIMSum =        2.933 Megabytes

Atomic units (a.u.) used throughout, except where stated otherwise

Model:  Restricted SCF
 
Restricted, closed-shell, single-determinant wavefunction.
  Number of electrons (from MO Occs)                   =         158.0000000000
  Number of Alpha electrons (from MO Occs)             =          79.0000000000
  Number of Beta electrons (from MO Occs)              =          79.0000000000
  Number of electron pairs (N*(N-1)/2)                 =       12403.0000000000
  Number of electron pairs (from Muller 2EDM)          =       12403.0000000000
 
Nuclear Charges and Cartesian Coordinates:
-------------------------------------------------------------------------------
Atom      Charge                X                  Y                  Z
-------------------------------------------------------------------------------
C1         6.0          -6.0591251700E+00   1.0452536000E+00   1.9024773600E+00
C2         6.0          -6.1694778400E+00  -1.4837509600E+00   1.6548077300E+00
C3         6.0          -4.1416421100E+00  -3.2973900100E+00   2.1895234600E+00
C4         6.0          -2.1865140800E+00  -2.9659226900E+00   3.7829058500E+00
C5         6.0          -1.5201014400E+00  -7.9973613000E-01  -3.6389246900E+00
C6         6.0          -3.5620051400E+00   6.7825172000E-01  -4.0869601200E+00
H7         1.0          -4.3400028900E+00  -5.1389875000E+00   1.2791195200E+00
H8         1.0          -2.0471953300E+00  -1.2021747800E+00   4.8387718700E+00
H9         1.0          -4.2860238600E+00   1.9176597000E+00   2.4924729200E+00
C10        6.0          -8.2450684600E+00   2.8067233200E+00   1.5121199400E+00
H11        1.0          -8.7243248900E+00   3.7796978400E+00   3.2817414800E+00
H12        1.0          -7.8013585800E+00   4.2989389300E+00   1.3848168000E-01
H13        1.0          -9.9359717500E+00   1.8038803900E+00   8.6700637000E-01
C14        6.0          -2.2549193000E-01  -4.9287122400E+00   4.3741166400E+00
H15        1.0          -5.2600890000E-01  -6.6687358600E+00   3.2904472900E+00
H16        1.0           1.7051091600E+00  -4.2435532900E+00   4.0108891300E+00
H17        1.0          -2.6543453000E-01  -5.4310923400E+00   6.3865467700E+00
H18        1.0          -3.5971673500E+00   2.5558548300E+00  -3.2512645100E+00
C19        6.0          -5.7527000400E+00  -5.3257930000E-02  -5.6821218500E+00
H20        1.0          -7.5019069800E+00   8.6448870000E-02  -4.5769378000E+00
H21        1.0          -5.9573752900E+00   1.2891965200E+00  -7.2527720400E+00
H22        1.0          -5.5872700600E+00  -1.9636428400E+00  -6.4489904100E+00
H23        1.0          -1.4197668000E+00  -2.6904021900E+00  -4.4188068700E+00
C24        6.0           5.1250462000E-01   9.2369840000E-02  -2.0628786800E+00
O25        8.0           5.6402805000E-01   2.2931484100E+00  -1.1704583700E+00
N26        7.0           2.5050474100E+00  -1.5576910000E+00  -1.5536795500E+00
Al27      13.0           2.9267147500E+00   4.1785435400E+00   8.4633899000E-01
C28        6.0           2.6231520300E+00  -4.2489925400E+00  -2.2846721300E+00
C29        6.0           4.4958428500E+00  -9.7027932000E-01   4.4178100000E-02
O30        8.0           4.8936472900E+00   1.0732943700E+00   1.0961437500E+00
C31        6.0           4.7512102200E+00   6.4691774000E+00  -1.3902732600E+00
C32        6.0           1.3976952900E+00   4.8116967500E+00   4.1391294900E+00
C33        6.0           5.2223503500E+00  -5.0291045200E+00  -1.2193161600E+00
H34        1.0           2.5374283300E+00  -4.4577946300E+00  -4.3347960700E+00
H35        1.0           1.0604751100E+00  -5.2760614300E+00  -1.4083408200E+00
O36        8.0           6.0070159900E+00  -2.9130729700E+00   3.5807190000E-01
H37        1.0           6.4528365300E+00   7.2146657700E+00  -4.6776950000E-01
H38        1.0           5.3616509100E+00   5.5854743900E+00  -3.1641688100E+00
H39        1.0           3.5898497800E+00   8.1109783600E+00  -1.8984508200E+00
H40        1.0           5.0391232000E-01   3.1363652800E+00   4.9718850900E+00
H41        1.0           2.8145335600E+00   5.4779924600E+00   5.4997093400E+00
H42        1.0          -5.2135260000E-02   6.2913812800E+00   4.0315185600E+00
H43        1.0           6.6634418800E+00  -5.2639929400E+00  -2.6750849500E+00
H44        1.0           5.1539007000E+00  -6.6961598900E+00  -1.4036610000E-02
H45        1.0          -7.9451248800E+00  -2.3180820900E+00   1.0214507700E+00
 
Some Atomic Properties:
----------------------
  q(A) = Net Charge of Atom A
  L(A) = Lagrangian of Atom A = -(1/4) Times Atomic Integral of the Laplacian of the Electron Density
  K(A) = Electronic Kinetic Energy of Atom A (Hamiltonian Form)
  K_Scaled(A) = K(A) * E(Mol)/K(Mol) = Approximation to Virial-Based Total Energy of Atom A.
  |Mu_Intra(A)| = Magnitude of Intraatomic Dipole Moment of Atom A
--------------------------------------------------------------------------------------------------
Atom A          q(A)              L(A)              K(A)          K_Scaled(A)      |Mu_Intra(A)|
--------------------------------------------------------------------------------------------------
C1       -5.3874462700E-02  3.9860759028E-04  3.7710785437E+01 -3.8031218506E+01  7.4932094899E-02
C2       -4.2619465000E-02 -2.6826470598E-05  3.7709282665E+01 -3.8029702965E+01  9.2564871406E-02
C3       -4.7384666200E-02  3.1342815216E-04  3.7708777039E+01 -3.8029193043E+01  9.3215505963E-02
C4       -6.0168087600E-02 -1.1829200661E-04  3.7710233818E+01 -3.8030662200E+01  9.7404797860E-02
C5       -8.2707128000E-03  4.2801945428E-04  3.7724931126E+01 -3.8045484392E+01  2.1035559368E-01
C6        2.0777900900E-02  5.3721800054E-05  3.7704783117E+01 -3.8025165184E+01  1.1575103574E-01
H7        2.6002338220E-02  2.9603052933E-05  6.0375499963E-01 -6.0888517831E-01  1.5541289911E-01
H8        4.1666090460E-02  4.7421703639E-05  5.9801120207E-01 -6.0309257501E-01  1.4684808831E-01
H9        3.1593024400E-02  3.3187077549E-05  6.0271338689E-01 -6.0783471486E-01  1.4510043029E-01
C10      -1.7934152300E-02  5.7853077415E-05  3.7680202541E+01 -3.8000375744E+01  1.0342483325E-01
H11       4.7692657960E-02  2.4087772275E-05  5.9024817767E-01 -5.9526358726E-01  1.4696959449E-01
H12       1.8798028410E-02  2.4101656464E-05  6.0182268483E-01 -6.0693644441E-01  1.5368756119E-01
H13       2.7873083550E-02  2.2247583836E-05  5.9927925224E-01 -6.0437139996E-01  1.5003842182E-01
C14      -2.2658351800E-02 -2.1660160920E-04  3.7679666938E+01 -3.7999835590E+01  7.9974369617E-02
H15       1.3516219210E-02  3.1971168904E-05  6.0435602808E-01 -6.0949131377E-01  1.5354132846E-01
H16      -1.2785101000E-03  4.0235144485E-05  6.1022647717E-01 -6.1541164478E-01  1.4965649593E-01
H17       5.5543065060E-02  2.3904922613E-05  5.8766565504E-01 -5.9265912063E-01  1.4508210222E-01
H18       1.1068165861E-01  4.7946368435E-06  5.7515992181E-01 -5.8004712468E-01  1.3278711543E-01
C19      -2.0131707500E-02 -1.4801268072E-04  3.7696979052E+01 -3.8017294806E+01  1.7263873746E-01
H20       7.8541550660E-02  2.5934764585E-05  5.7661398313E-01 -5.8151354134E-01  1.3841776814E-01
H21       7.7171578700E-02  2.3360896740E-05  5.7626355338E-01 -5.8116013395E-01  1.4051453735E-01
H22       4.7144209590E-02  2.8622736378E-05  5.9232400335E-01 -5.9735705149E-01  1.4480578691E-01
H23       6.7796418280E-02  9.2277101449E-05  5.9052432198E-01 -5.9554207801E-01  1.3750154201E-01
C24       1.3243768434E+00 -3.7064238967E-04  3.6854943386E+01 -3.7168104263E+01  8.5469542122E-01
O25      -1.3135857584E+00  6.3531010629E-05  7.5344044718E+01 -7.5984252107E+01  3.0010551007E-01
N26      -1.1777714550E+00  6.7367833816E-05  5.4983408142E+01 -5.5450608759E+01  1.1619457626E-01
Al27      2.3969701290E+00  2.1731044477E-04  2.4087148048E+02 -2.4291819436E+02  9.4991775025E-02
C28       3.0795997270E-01  1.0881226499E-04  3.7530202668E+01 -3.7849101304E+01  5.2295357316E-01
C29       2.0757320542E+00  3.9608502067E-04  3.6393318346E+01 -3.6702556739E+01  2.5493860943E-01
O30      -1.2991637957E+00  4.4399897070E-05  7.5374346605E+01 -7.6014811473E+01  3.9912801654E-01
C31      -8.2395176010E-01 -2.3333669269E-04  3.7895575922E+01 -3.8217579178E+01  1.2747406571E+00
C32      -8.2110737840E-01  1.7750754963E-05  3.7895127707E+01 -3.8217127154E+01  1.2729494905E+00
C33       4.0314669040E-01  1.6042402626E-05  3.7465577768E+01 -3.7783927278E+01  5.7838561496E-01
H34       8.3601119520E-02  2.9466774017E-05  5.8865349091E-01 -5.9365535026E-01  1.3720170599E-01
H35       8.5058120310E-02  3.2895585119E-05  5.8773374283E-01 -5.9272778698E-01  1.3773983499E-01
O36      -1.0589914470E+00 -7.3116727045E-07  7.5305100894E+01 -7.5944977373E+01  3.3301214577E-01
H37       3.9572625640E-02  3.5766907703E-05  5.8525297618E-01 -5.9022594095E-01  1.5391906742E-01
H38       1.9384791120E-02  3.2121103514E-05  5.9364042829E-01 -5.9868466224E-01  1.5958884337E-01
H39       3.5104337000E-02  2.3104509645E-05  5.8697786148E-01 -5.9196548280E-01  1.5519359485E-01
H40       1.4833457070E-02  3.2199070012E-05  5.9557969330E-01 -6.0064040542E-01  1.5665213110E-01
H41       4.0822956320E-02  3.3640640695E-05  5.8481072482E-01 -5.8977993173E-01  1.5348450600E-01
H42       3.2803059670E-02  2.1750133470E-05  5.8782728441E-01 -5.9282212339E-01  1.5563475445E-01
H43       9.9532717940E-02  2.8371040094E-05  5.8405114247E-01 -5.8901389512E-01  1.3616206934E-01
H44       1.0739476348E-01  2.8869938794E-05  5.8004588000E-01 -5.8497459945E-01  1.3444508426E-01
H45       3.9322241060E-02  2.0972237508E-05  5.9894659291E-01 -6.0403591399E-01  1.5164057120E-01
--------------------------------------------------------------------------------------------------
Total     1.0015219922E+00  1.8393948462E-03  1.1000212518E+03 -1.1093682644E+03
 
1st Largest |L(A)| = 4.2801945428E-04, atom C5      
2nd Largest |L(A)| = 3.9860759028E-04, atom C1      
 
Molecular charge q(Mol) from the wfn file:   1.0000000000E+00
Molecular energy E(Mol) from the wfn file:  -1.1093678252E+03
Molecular virial ratio (-V(Mol)/T(Mol)) from the wfn file:   2.0084971200E+00
Note.  K_Scaled(A) = (1+V(Mol)/T(Mol))*K(A) = (E(Mol)/T(Mol))*K(A)
       Only use K_Scaled(A) data with caution.
 
N_AIMInt(SumA)     =        157.998478
N_Analytic(Mol)    =        157.999975
 
G_AIMInt(SumA)     =       1100.019412
G_Analytic(Mol)    =       1100.020758
 
K_AIMInt(SumA)     =       1100.021252
K_Analytic(Mol)    =       1100.020758
 
L_AIMInt(SumA)     =          0.001839
L_Analytic(Mol)    =          0.000000
 
VenT_AIMInt(SumA)  =      -6137.616884
VenT_Analytic(Mol) =      -6137.649612
 
Some Information About the Atomic Calculations:
----------------------------------------------
  Time(sec) = "Elapsed User Time", in Seconds, for Atom A by AIMInt and, if used, by TWOe
  NProc = Number of Processors Used for AIMInt Job
  BIM = Basin Integration Method
  OAQ = Angular Quadrature Outside of Beta Sphere
  ORQ = Multiple of Default for Radial Quadrature Outside of Beta Sphere
  IAQ = Multiple of Default for Angular Quadrature Inside of Beta Sphere
  IRQ = Multiple of Default for Radial Quadrature Inside of Beta Sphere
  MIR = Maximum Integration Radius
------------------------------------------------------------------------------------------------------
Atom A     Time(sec)   NProc      BIM          OAQ                     ORQ      IAQ      IRQ      MIR
------------------------------------------------------------------------------------------------------
C1            187        8    Promega(1)    4500(GS4)                  1.00     1.00     1.00    13.00
C2            602        8    Promega(5)    4500(GS4)                  1.00     1.00     1.00    13.00
C3            621        8    Promega(5)    4500(GS4)                  1.00     1.00     1.00    13.00
C4             59        8     Proaim(5)    4500(GS4)                  1.00     1.00     1.00    13.00
C5            675        8    Promega(5)    4500(GS4)                  1.00     1.00     1.00    13.00
C6             93        8     Proaim(5)    4500(GS4)                  1.00     1.00     1.00    13.00
H7             12        8     Proaim(5)    1800(GS4)                  1.00     1.00     1.00    13.00
H8             25        8     Proaim(5)    4500(GS4)                  1.00     1.00     1.00    13.00
H9             37        8     Proaim(5)    4500(GS4)                  1.00     1.00     1.00    13.00
C10            43        8     Proaim(5)    4500(GS4)                  1.00     1.00     1.00    13.00
H11             8        8     Proaim(5)    1800(GS4)                  1.00     1.00     1.00    13.00
H12            13        8     Proaim(5)    1800(GS4)                  1.00     1.00     1.00    13.00
H13            11        8     Proaim(5)    1800(GS4)                  1.00     1.00     1.00    13.00
C14            58        8     Proaim(5)    4500(GS4)                  1.00     1.00     1.00    13.00
H15            14        8     Proaim(5)    1800(GS4)                  1.00     1.00     1.00    13.00
H16            35        8     Proaim(5)    4500(GS4)                  1.00     1.00     1.00    13.00
H17             9        8     Proaim(5)    1800(GS4)                  1.00     1.00     1.00    13.00
H18            20        8     Proaim(5)    1800(GS4)                  1.00     1.00     1.00    13.00
C19            44        8     Proaim(5)    4500(GS4)                  1.00     1.00     1.00    13.00
H20            14        8     Proaim(5)    1800(GS4)                  1.00     1.00     1.00    13.00
H21             9        8     Proaim(5)    1800(GS4)                  1.00     1.00     1.00    13.00
H22            10        8     Proaim(5)    1800(GS4)                  1.00     1.00     1.00    13.00
H23            18        8     Proaim(5)    1800(GS4)                  1.00     1.00     1.00    13.00
C24            89        8     Proaim(5)    5400(GS5)                  1.00     1.00     1.00    13.00
O25            53        8     Proaim(5)    4500(GS4)                  1.00     1.00     1.00    13.00
N26            73        8     Proaim(5)    4500(GS4)                  1.00     1.00     1.00    13.00
Al27           68        8     Proaim(5)    4500(GS4)                  1.00     1.00     1.00    13.00
C28            53        8     Proaim(5)    4500(GS4)                  1.00     1.00     1.00    13.00
C29            51        8     Proaim(5)    4500(GS4)                  1.00     1.00     1.00    13.00
O30            37        8     Proaim(5)    4500(GS4)                  1.00     1.00     1.00    13.00
C31            43        8     Proaim(5)    4500(GS4)                  1.00     1.00     1.00    13.00
C32            51        8     Proaim(5)    4500(GS4)                  1.00     1.00     1.00    13.00
C33            35        8     Proaim(5)    4500(GS4)                  1.00     1.00     1.00    13.00
H34            12        8     Proaim(5)    1800(GS4)                  1.00     1.00     1.00    13.00
H35            25        8     Proaim(5)    4500(GS4)                  1.00     1.00     1.00    13.00
O36            52        8     Proaim(5)    4500(GS4)                  1.00     1.00     1.00    13.00
H37             9        8     Proaim(5)    1800(GS4)                  1.00     1.00     1.00    13.00
H38            10        8     Proaim(5)    1800(GS4)                  1.00     1.00     1.00    13.00
H39            10        8     Proaim(5)    1800(GS4)                  1.00     1.00     1.00    13.00
H40            33        8     Proaim(5)    4500(GS4)                  1.00     1.00     1.00    13.00
H41            10        8     Proaim(5)    1800(GS4)                  1.00     1.00     1.00    13.00
H42            11        8     Proaim(5)    1800(GS4)                  1.00     1.00     1.00    13.00
H43             9        8     Proaim(5)    1800(GS4)                  1.00     1.00     1.00    13.00
H44            10        8     Proaim(5)    1800(GS4)                  1.00     1.00     1.00    13.00
H45            12        8     Proaim(5)    1800(GS4)                  1.00     1.00     1.00    13.00
------------------------------------------------------------------------------------------------------
Total        3373
Note:  Total wall clock time is less than total of atomic times if more than one atom
       was calculated at a time
 
Electron Density Critical Point Analysis of Molecular Structure:               
---------------------------------------------------------------                
  NACP = Nuclear Attractor Critical Point                                      
  NNACP = Non-Nuclear Attractor Critical Point                                 
  BCP = Bond Critical Point                                                    
  RCP = Ring Critical Point                                                    
  CCP = Cage Critical Point                                                    
  Rho = Electron Density                                                       
  GradRho = Gradient of Electron Density                                       
  HessRho_EigVals = Eigenvalues of the Hessian of Rho, Ascending Order         
  HessRho_EigVecs = Eigenvectors of the Hessian of Rho                         
  DelSqRho = Laplacian of Rho = Trace of Hessian of Rho                        
  Bond Ellipticity = (HessRho_EigVal(1) / HessRho_EigVal(2)) - 1               
  V = Virial Field = Potential Energy Density = Trace of Stress Tensor         
  G = Lagrangian Form of Kinetic Energy Density                                
  K = Hamiltonian Form of Kinetic Energy Density                               
  L = K - G = Lagrangian Density = (-1/4)DelSqRho                              
  Vnuc = Electrostatic Potential from Nuclei                                   
  Ven = Electron-nuclear attractive contribution to Virial Field V             
  Vrep = V - Ven = Repulsive contribution to Virial Field V                    
  DelSqV = Laplacian of V                                                      
  DelSqVen = Laplacian of Ven                                                  
  DelSqVrep = Laplacian of Vrep                                                
  DelSqG = Laplacian of G                                                      
  DelSqK = Laplacian of K                                                      
  Stress_EigVals = Eigenvalues of Stress Tensor, Ascending Order               
  Stress_EigVecs = Eigenvectors of Stress Tensor                               
  -DivStress = Ehrenfest Force Density = Minus Divergence of Stress Tensor     
  ESP = Total Electrostatic Potential                                          
  ESPe = Electrostatic Potential from Electrons                                
  ESPn = Electrostatic Potential from Nuclei                                   
  BP = Bond Path                                                               
  BPL = Bond Path Length                                                       
  GBL = Geometric Bond Length                                                  
  GBL_I = Distance Between Nuclear Attractors                                  
  GBL_II = Distance Between Nuclei                                             
  GBL_III = Sum of Distances Between BCP and Nuclear Attractors                
  GBL_IV = Sum of Distances Between BCP and Nuclei                             

CP# 1      Coords = -6.05912567316248E+00  1.04525489168067E+00  1.90247734604012E+00
           Type = (3,-3) NACP C1
           Rho =  1.1768627598E+02     Rho at Nucleus =  1.1768627584E+02
           GradRho = -2.0527546329E-10  5.5367865848E-10 -2.5082880217E-11
           HessRho_EigVals = -1.4501519818E+05 -1.4501416585E+05 -1.4501389607E+05
           HessRho_EigVec1 = -2.3853159134E-01 -3.1892859391E-02  9.7061090322E-01
           HessRho_EigVec2 =  9.3762527226E-01 -2.6784615196E-01  2.2162420378E-01
           HessRho_EigVec3 =  2.5290616591E-01  9.6293368640E-01  9.3793319831E-02
           DelSqRho = -4.3504326009E+05
           Bond Ellipticity = NA
           V = -1.0877097827E+05
           G =  5.0816257365E+00
           K =  1.0876589665E+05
           L =  1.0876081502E+05
           Vnuc =  4.3281132502E+06
           Ven = -5.0935953044E+08
           Vrep =  5.0925075946E+08
           DelSqV =  2.4954316405E+09
           DelSqVen =  1.8829166510E+12
           DelSqVrep = -1.8804212194E+12
           DelSqG =  1.3404012857E+08
           DelSqK = -2.6294717691E+09
           Stress_EigVals = -3.6257260914E+04 -3.6257112254E+04 -3.6256605106E+04
           Stress_EigVec1 =  2.0661379776E-01  9.7168984669E-01  1.1458438119E-01
           Stress_EigVec2 =  9.4519477407E-01 -2.2848455949E-01  2.3324160251E-01
           Stress_EigVec3 = -2.5281925885E-01 -6.0113625001E-02  9.6564422768E-01
           -DivStress =  4.1612327479E+02 -1.0507837382E+03  8.8546658639E+00
           ESP =  -1.4634905437E+01     ESP at Nucleus =  -1.4634905451E+01
           ESPe = -3.6291573652E+01     ESPe at Nucleus = -3.6291575058E+01
           ESPn =  2.1656668215E+01     ESPn at Nucleus =  2.1656669607E+01

CP# 2      Coords = -6.16947684037562E+00 -1.48375246638859E+00  1.65480771353363E+00
           Type = (3,-3) NACP C2
           Rho =  1.1766138003E+02     Rho at Nucleus =  1.1766137979E+02
           GradRho =  7.2635322756E-10 -1.1024929858E-09 -2.1578558385E-11
           HessRho_EigVals = -1.4498131889E+05 -1.4498059429E+05 -1.4498028384E+05
           HessRho_EigVec1 = -3.5699131630E-01 -1.0496303459E-01  9.2819176976E-01
           HessRho_EigVec2 =  8.6269504485E-01 -4.1809705837E-01  2.8452084174E-01
           HessRho_EigVec3 =  3.5821007758E-01  9.0231791025E-01  2.3980810904E-01
           DelSqRho = -4.3494219701E+05
           Bond Ellipticity = NA
           V = -1.0874579836E+05
           G =  5.1245529423E+00
           K =  1.0874067381E+05
           L =  1.0873554925E+05
           Vnuc =  3.3186755074E+06
           Ven = -3.9047994006E+08
           Vrep =  3.9037119426E+08
           DelSqV =  2.4948524200E+09
           DelSqVen =  1.4434320056E+12
           DelSqVrep = -1.4409371696E+12
           DelSqG =  1.3400613322E+08
           DelSqK = -2.6288585532E+09
           Stress_EigVals = -3.6248845203E+04 -3.6248698902E+04 -3.6248254254E+04
           Stress_EigVec1 =  2.4301182390E-01  9.5428688452E-01  1.7401665290E-01
           Stress_EigVec2 =  9.1116896214E-01 -2.8610084915E-01  2.9650872929E-01
           Stress_EigVec3 = -3.3274070367E-01 -8.6503445911E-02  9.3904247932E-01
           -DivStress = -8.1391295940E+02  1.2234923328E+03  8.2380717214E+00
           ESP =  -1.4638725224E+01     ESP at Nucleus =  -1.4638725243E+01
           ESPe = -3.6340836450E+01     ESPe at Nucleus = -3.6340836038E+01
           ESPn =  2.1702111226E+01     ESPn at Nucleus =  2.1702110795E+01

CP# 3      Coords = -4.14164325549173E+00 -3.29738961770658E+00  2.18952270168760E+00
           Type = (3,-3) NACP C3
           Rho =  1.1766976156E+02     Rho at Nucleus =  1.1766976142E+02
           GradRho = -5.4446758213E-10  1.7517104434E-10 -3.4001168547E-10
           HessRho_EigVals = -1.4499211537E+05 -1.4499123397E+05 -1.4499100506E+05
           HessRho_EigVec1 = -6.0616431329E-01 -2.9000363350E-01  7.4058268806E-01
           HessRho_EigVec2 = -4.0316185648E-01  9.1469417808E-01  2.8197128622E-02
           HessRho_EigVec3 =  6.8558394291E-01  2.8148259829E-01  6.7137337160E-01
           DelSqRho = -4.3497435440E+05
           Bond Ellipticity = NA
           V = -1.0875380482E+05
           G =  5.1081117997E+00
           K =  1.0874869671E+05
           L =  1.0874358860E+05
           Vnuc =  4.1997478741E+06
           Ven = -4.9418333097E+08
           Vrep =  4.9407457717E+08
           DelSqV =  2.4950360982E+09
           DelSqVen =  1.8267826831E+12
           DelSqVrep = -1.8242876470E+12
           DelSqG =  1.3401638513E+08
           DelSqK = -2.6290524834E+09
           Stress_EigVals = -3.6251514177E+04 -3.6251385711E+04 -3.6250904937E+04
           Stress_EigVec1 = -7.3012883008E-01 -2.1862140443E-01 -6.4739213234E-01
           Stress_EigVec2 = -3.7042270555E-01  9.2277860576E-01  1.0614454276E-01
           Stress_EigVec3 = -5.7419414025E-01 -3.1730793604E-01  7.5472959597E-01
           -DivStress =  9.3515200707E+02 -3.2032677953E+02  6.0979773993E+02
           ESP =  -1.4632327591E+01     ESP at Nucleus =  -1.4632327606E+01
           ESPe = -3.7015647414E+01     ESPe at Nucleus = -3.7015647962E+01
           ESPn =  2.2383319823E+01     ESPn at Nucleus =  2.2383320355E+01

CP# 4      Coords = -2.18651246643701E+00 -2.96592337543188E+00  3.78290633778059E+00
           Type = (3,-3) NACP C4
           Rho =  1.1767650317E+02     Rho at Nucleus =  1.1767650293E+02
           GradRho =  1.1815438627E-09 -5.1620974162E-10  3.3297276048E-10
           HessRho_EigVals = -1.4500278801E+05 -1.4500191001E+05 -1.4500157625E+05
           HessRho_EigVec1 = -5.0689388486E-01 -4.2816552875E-01  7.4815297198E-01
           HessRho_EigVec2 =  6.1856838365E-01 -7.8514878770E-01 -3.0241295079E-02
           HessRho_EigVec3 =  6.0035967906E-01  4.4745464706E-01  6.6283677824E-01
           DelSqRho = -4.3500627427E+05
           Bond Ellipticity = NA
           V = -1.0876174747E+05
           G =  5.0894501266E+00
           K =  1.0875665802E+05
           L =  1.0875156857E+05
           Vnuc =  3.2972572984E+06
           Ven = -3.8800970893E+08
           Vrep =  3.8790094718E+08
           DelSqV =  2.4952202930E+09
           DelSqVen =  1.4343275315E+12
           DelSqVrep = -1.4318322948E+12
           DelSqG =  1.3402854157E+08
           DelSqK = -2.6292488346E+09
           Stress_EigVals = -3.6254181762E+04 -3.6254016688E+04 -3.6253549017E+04
           Stress_EigVec1 = -6.5099923897E-01 -3.6132692283E-01 -6.6756486254E-01
           Stress_EigVec2 = -5.3471329871E-01  8.4249635008E-01  6.5433846671E-02
           Stress_EigVec3 = -5.3877794966E-01 -3.9955319413E-01  7.4167079356E-01
           -DivStress = -1.3084246278E+03  5.6494683169E+02 -4.0224462024E+02
           ESP =  -1.4629062430E+01     ESP at Nucleus =  -1.4629062450E+01
           ESPe = -3.7182291333E+01     ESPe at Nucleus = -3.7182291959E+01
           ESPn =  2.2553228903E+01     ESPn at Nucleus =  2.2553229509E+01

CP# 5      Coords = -1.52009946462054E+00 -7.99735580833751E-01 -3.63892313321133E+00
           Type = (3,-3) NACP C5
           Rho =  1.1762554689E+02     Rho at Nucleus =  1.1762554641E+02
           GradRho =  2.9927237563E-09  8.1303785926E-10  2.3344079447E-09
           HessRho_EigVals = -1.4493744316E+05 -1.4493720813E+05 -1.4493681667E+05
           HessRho_EigVec1 =  6.8880631880E-01  3.5891206326E-01  6.2986346618E-01
           HessRho_EigVec2 = -5.0703467817E-01 -3.8246597749E-01  7.7242191268E-01
           HessRho_EigVec3 = -5.1813288866E-01  8.5141171410E-01  8.1464119534E-02
           DelSqRho = -4.3481146797E+05
           Bond Ellipticity = NA
           V = -1.0871339731E+05
           G =  5.2651604124E+00
           K =  1.0870813215E+05
           L =  1.0870286699E+05
           Vnuc =  2.3307064320E+06
           Ven = -2.7415061870E+08
           Vrep =  2.7404190531E+08
           DelSqV =  2.4941102038E+09
           DelSqVen =  1.0134178975E+12
           DelSqVrep = -1.0109237903E+12
           DelSqG =  1.3396671533E+08
           DelSqK = -2.6280769191E+09
           Stress_EigVals = -3.6238017835E+04 -3.6237801416E+04 -3.6237578062E+04
           Stress_EigVec1 = -5.7255286449E-01  8.1848452073E-01  4.7605742207E-02
           Stress_EigVec2 =  6.8992537384E-01  4.4962557040E-01  5.6730928512E-01
           Stress_EigVec3 = -4.4292910934E-01 -3.5765896574E-01  8.2212764722E-01
           -DivStress = -1.5966229910E+03 -4.4882625384E+02 -1.2640047008E+03
           ESP =  -1.4577072778E+01     ESP at Nucleus =  -1.4577072810E+01
           ESPe = -3.9215227462E+01     ESPe at Nucleus = -3.9215223798E+01
           ESPn =  2.4638154684E+01     ESPn at Nucleus =  2.4638150988E+01

CP# 6      Coords = -3.56200542545762E+00  6.78250937343034E-01 -4.08696041438491E+00
           Type = (3,-3) NACP C6
           Rho =  1.1775770483E+02     Rho at Nucleus =  1.1775770478E+02
           GradRho = -5.9398486130E-11 -1.2260387150E-10 -1.4011181104E-11
           HessRho_EigVals = -1.4509686270E+05 -1.4509415411E+05 -1.4509398146E+05
           HessRho_EigVec1 = -4.5460288173E-01 -3.7096679790E-01  8.0976530846E-01
           HessRho_EigVec2 =  8.9067603944E-01 -1.8352336646E-01  4.1595115906E-01
           HessRho_EigVec3 = -5.6932141085E-03  9.1033115338E-01  4.1384148957E-01
           DelSqRho = -4.3528499827E+05
           Bond Ellipticity = NA
           V = -1.0883129264E+05
           G =  5.0215358277E+00
           K =  1.0882627110E+05
           L =  1.0882124957E+05
           Vnuc =  6.7906364997E+06
           Ven = -7.9964976857E+08
           Vrep =  7.9954093728E+08
           DelSqV =  2.4968025512E+09
           DelSqVen =  2.9558622126E+12
           DelSqVrep = -2.9533655411E+12
           DelSqG =  1.3410680890E+08
           DelSqK = -2.6309093601E+09
           Stress_EigVals = -3.6277460340E+04 -3.6277397920E+04 -3.6276434378E+04
           Stress_EigVec1 = -4.6593664065E-01  8.7395025050E-01  1.3825341428E-01
           Stress_EigVec2 =  7.5895085747E-01  3.1442350639E-01  5.7020299419E-01
           Stress_EigVec3 = -4.5485892632E-01 -3.7060601491E-01  8.0978672430E-01
           -DivStress =  2.3619456757E+02  6.3976668403E+02  2.4161947269E+02
           ESP =  -1.4557783598E+01     ESP at Nucleus =  -1.4557783596E+01
           ESPe = -3.7199689946E+01     ESPe at Nucleus = -3.7199689950E+01
           ESPn =  2.2641906349E+01     ESPn at Nucleus =  2.2641906354E+01

CP# 7      Coords = -4.33665709659546E+00 -5.10862692705046E+00  1.29401956390419E+00
           Type = (3,-3) NACP H7
           Rho =  4.2862094371E-01     Rho at Nucleus =  4.2508885790E-01
           GradRho =  5.7853027924E-14  5.5222666717E-13  2.7052421718E-13
           HessRho_EigVals = -6.5567605048E+00 -6.5488664380E+00 -5.9660862511E+00
           HessRho_EigVec1 =  8.5369691818E-01 -2.9938991768E-01  4.2610708640E-01
           HessRho_EigVec2 = -5.1201615354E-01 -3.3314410353E-01  7.9174141283E-01
           HessRho_EigVec3 =  9.5084333107E-02  8.9408091551E-01  4.3769656855E-01
           DelSqRho = -1.9071713194E+01
           Bond Ellipticity = NA
           V = -4.7773228647E+00
           G =  4.6972831455E-03
           K =  4.7726255816E+00
           L =  4.7679282984E+00
           Vnuc =  5.1254057646E+01
           Ven = -2.1968562557E+01
           Vrep =  1.7191239693E+01
           DelSqV =  7.1928522080E+02
           DelSqVen =  9.7750268744E+02
           DelSqVrep = -2.5821746664E+02
           DelSqG =  7.1069348385E+01
           DelSqK = -7.9035456918E+02
           Stress_EigVals = -1.6423280824E+00 -1.6413774735E+00 -1.4936173088E+00
           Stress_EigVec1 =  7.9637070306E-01 -3.3304205812E-01  5.0485313789E-01
           Stress_EigVec2 = -5.9714451562E-01 -3.0050241393E-01  7.4371817693E-01
           Stress_EigVec3 =  9.5979845688E-02  8.9374564992E-01  4.3818555713E-01
           -DivStress = -7.6505459173E-01 -6.9418670855E+00 -3.4077372532E+00
           ESP =  -1.0042585744E+00     ESP at Nucleus =  -1.0066303356E+00
           ESPe = -2.2833440163E+01     ESPe at Nucleus = -2.2738479737E+01
           ESPn =  2.1829181589E+01     ESPn at Nucleus =  2.1731849402E+01

CP# 8      Coords = -2.04926460629782E+00 -1.23193602333145E+00  4.82093489838580E+00
           Type = (3,-3) NACP H8
           Rho =  4.2712155882E-01     Rho at Nucleus =  4.2345035448E-01
           GradRho = -1.5387539333E-16 -1.1763159891E-14 -6.8538924536E-15
           HessRho_EigVals = -6.5226080010E+00 -6.5148193245E+00 -5.9211137773E+00
           HessRho_EigVec1 =  8.2535826973E-01 -3.3202370435E-01  4.5666616510E-01
           HessRho_EigVec2 = -5.6130918299E-01 -3.9520034362E-01  7.2715107749E-01
           HessRho_EigVec3 =  6.0956769004E-02  8.5649106718E-01  5.1254982602E-01
           DelSqRho = -1.8958541103E+01
           Bond Ellipticity = NA
           V = -4.7490855282E+00
           G =  4.7251262656E-03
           K =  4.7443604020E+00
           L =  4.7396352757E+00
           Vnuc =  5.2093681740E+01
           Ven = -2.2250334550E+01
           Vrep =  1.7501249022E+01
           DelSqV =  7.1421881322E+02
           DelSqVen =  9.8762020647E+02
           DelSqVrep = -2.7340139325E+02
           DelSqG =  7.0476686050E+01
           DelSqK = -7.8469549927E+02
           Stress_EigVals = -1.6338993620E+00 -1.6328689815E+00 -1.4823171847E+00
           Stress_EigVec1 =  8.0311031435E-01 -3.4829113603E-01  4.8343262980E-01
           Stress_EigVec2 = -5.9262934431E-01 -3.8294410621E-01  7.0862138817E-01
           Stress_EigVec3 =  6.1678871966E-02  8.5559750823E-01  5.1395390909E-01
           -DivStress =  4.7073744794E-01  6.7648610693E+00  4.0545774487E+00
           ESP =  -1.0042959392E+00     ESP at Nucleus =  -1.0067232502E+00
           ESPe = -2.4328247772E+01     ESPe at Nucleus = -2.4251030723E+01
           ESPn =  2.3323951833E+01     ESPn at Nucleus =  2.3244307472E+01

CP# 9      Coords = -4.31554502754411E+00  1.90317875453472E+00  2.48260571597801E+00
           Type = (3,-3) NACP H9
           Rho =  4.2865966255E-01     Rho at Nucleus =  4.2505955710E-01
           GradRho = -7.3422171121E-15 -4.2956090074E-15 -4.2847669857E-15
           HessRho_EigVals = -6.5519353633E+00 -6.5445417955E+00 -5.9562331778E+00
           HessRho_EigVec1 = -4.4351237738E-01  8.9610504465E-01  1.7103217870E-02
           HessRho_EigVec2 =  2.5054351435E-01  1.4227916052E-01 -9.5759312231E-01
           HessRho_EigVec3 =  8.6053745911E-01  4.2041930193E-01  2.8761587584E-01
           DelSqRho = -1.9052710337E+01
           Bond Ellipticity = NA
           V = -4.7726302788E+00
           G =  4.7263473069E-03
           K =  4.7679039315E+00
           L =  4.7631775842E+00
           Vnuc =  5.2927443175E+01
           Ven = -2.2687859931E+01
           Vrep =  1.7915229652E+01
           DelSqV =  7.1819281966E+02
           DelSqVen =  1.0084112437E+03
           DelSqVrep = -2.9021842401E+02
           DelSqG =  7.0920163413E+01
           DelSqK = -7.8911298308E+02
           Stress_EigVals = -1.6412866941E+00 -1.6401697167E+00 -1.4911738679E+00
           Stress_EigVec1 = -4.2750045330E-01  9.0279552835E-01 -4.6942480003E-02
           Stress_EigVec2 = -2.7837883596E-01 -8.2061811226E-02  9.5695929006E-01
           Stress_EigVec3 =  8.6008638294E-01  4.2216832323E-01  2.8640062979E-01
           -DivStress =  6.7432580680E+00  3.3086050879E+00  2.2531611342E+00
           ESP =  -1.0091118364E+00     ESP at Nucleus =  -1.0114910761E+00
           ESPe = -2.4807636070E+01     ESPe at Nucleus = -2.4758794881E+01
           ESPn =  2.3798524234E+01     ESPn at Nucleus =  2.3747303805E+01

CP# 10     Coords = -8.24506731133557E+00  2.80672280691893E+00  1.51211989381008E+00
           Type = (3,-3) NACP C10
           Rho =  1.1751106690E+02     Rho at Nucleus =  1.1751106679E+02
           GradRho =  3.7664955876E-10 -2.1001150818E-10 -2.5384555569E-11
           HessRho_EigVals = -1.4479953863E+05 -1.4479922647E+05 -1.4479909573E+05
           HessRho_EigVec1 =  8.0460571377E-01 -5.6047728462E-01  1.9615009254E-01
           HessRho_EigVec2 = -4.0473437142E-01 -2.7591690426E-01  8.7181417202E-01
           HessRho_EigVec3 =  4.3451091352E-01  7.8085534856E-01  4.4884873917E-01
           DelSqRho = -4.3439786084E+05
           Bond Ellipticity = NA
           V = -1.0860997420E+05
           G =  5.2544931756E+00
           K =  1.0860471970E+05
           L =  1.0859946521E+05
           Vnuc =  4.7661039224E+06
           Ven = -5.6006995689E+08
           Vrep =  5.5996134691E+08
           DelSqV =  2.4917522924E+09
           DelSqVen =  2.0703856558E+12
           DelSqVrep = -2.0678939035E+12
           DelSqG =  1.3384249551E+08
           DelSqK = -2.6255947879E+09
           Stress_EigVals = -3.6203384872E+04 -3.6203343160E+04 -3.6203246164E+04
           Stress_EigVec1 =  4.5109594903E-01  7.8798792645E-01  4.1903158895E-01
           Stress_EigVec2 = -3.7965664211E-01 -2.5548653313E-01  8.8914985548E-01
           Stress_EigVec3 =  8.0769627885E-01 -5.6018002388E-01  1.8391591005E-01
           -DivStress = -9.3155735599E+02  4.1617354995E+02  3.6261813650E+01
           ESP =  -1.4645800793E+01     ESP at Nucleus =  -1.4645800797E+01
           ESPe = -3.2593087749E+01     ESPe at Nucleus = -3.2593085536E+01
           ESPn =  1.7947286956E+01     ESPn at Nucleus =  1.7947284739E+01

CP# 11     Coords = -8.71622562411176E+00  3.76364598602156E+00  3.25264241935637E+00
           Type = (3,-3) NACP H11
           Rho =  4.1779659026E-01     Rho at Nucleus =  4.1432754671E-01
           GradRho =  4.6039561052E-15 -3.0444397003E-15 -6.8296063249E-15
           HessRho_EigVals = -6.3493284390E+00 -6.3476735703E+00 -5.7825101330E+00
           HessRho_EigVec1 = -7.3354896985E-01  4.8701474569E-01 -4.7404909695E-01
           HessRho_EigVec2 =  6.3688999859E-01  7.3605045417E-01 -2.2934877066E-01
           HessRho_EigVec3 = -2.3722781989E-01  4.7015568314E-01  8.5010387311E-01
           DelSqRho = -1.8479512142E+01
           Bond Ellipticity = NA
           V = -4.6294707776E+00
           G =  4.7963709941E-03
           K =  4.6246744066E+00
           L =  4.6198780356E+00
           Vnuc =  4.7055114778E+01
           Ven = -1.9659466508E+01
           Vrep =  1.5029995731E+01
           DelSqV =  6.9634656547E+02
           DelSqVen =  8.6955556490E+02
           DelSqVrep = -1.7320899943E+02
           DelSqG =  6.8456101096E+01
           DelSqK = -7.6480266657E+02
           Stress_EigVals = -1.5910132042E+00 -1.5908913289E+00 -1.4475662445E+00
           Stress_EigVec1 = -4.4776950929E-01  7.2390644084E-01 -5.2484467365E-01
           Stress_EigVec2 =  8.6225383536E-01  5.0496118878E-01 -3.9147429406E-02
           Stress_EigVec3 = -2.3668711404E-01  4.7007835808E-01  8.5029732877E-01
           -DivStress = -1.7940265550E+00  3.5556916765E+00  6.4460853971E+00
           ESP =  -1.0207314619E+00     ESP at Nucleus =  -1.0230055748E+00
           ESPe = -1.8840772011E+01     ESPe at Nucleus = -1.8754319216E+01
           ESPn =  1.7820040549E+01     ESPn at Nucleus =  1.7731313641E+01

CP# 12     Coords = -7.80822735997516E+00  4.27477122221249E+00  1.60506215560915E-01
           Type = (3,-3) NACP H12
           Rho =  4.2192297658E-01     Rho at Nucleus =  4.1857103054E-01
           GradRho =  1.1817803680E-15  1.1030672903E-15  1.1969591984E-16
           HessRho_EigVals = -6.4213293809E+00 -6.4191643728E+00 -5.8629368464E+00
           HessRho_EigVec1 =  9.5273568208E-01 -3.0195012159E-01 -3.3479010812E-02
           HessRho_EigVec2 =  2.2348993840E-01  6.2196241740E-01  7.5047651447E-01
           HessRho_EigVec3 =  2.0578378830E-01  7.2248797596E-01 -6.6004860205E-01
