AIMSum (Version 19.02.13, Professional)
Copyright (c) 1997-2019 by Todd A. Keith
AIMSum is a component of the AIMAll package ( http://aim.tkgristmill.com )

TP:  64-bit Linux

Much of the Quantum Theory of Atoms in Molecules (QTAIM) is described in the book:
  "Atoms in Molecules - A Quantum Theory"
  R.F.W. Bader, Oxford University Press, Oxford, 1990

For additional references see:  http://aim.tkgristmill.com/references.html

Wfn File:  /home/mhennefarth/Documents/ML_Diels/summary-lam2009/13-opt/13-opt.wfn
Sum File:  /home/mhennefarth/Documents/ML_Diels/summary-lam2009/13-opt/13-opt.sum

SumViz File:  /home/mhennefarth/Documents/ML_Diels/summary-lam2009/13-opt/13-opt.sumviz

Wfn Title:   Title Card Required                                                           
 
Total memory allocated for AIMSum =        4.753 Megabytes

Atomic units (a.u.) used throughout, except where stated otherwise

Model:  Restricted SCF
 
Restricted, closed-shell, single-determinant wavefunction.
  Number of electrons (from MO Occs)                   =         206.0000000000
  Number of Alpha electrons (from MO Occs)             =         103.0000000000
  Number of Beta electrons (from MO Occs)              =         103.0000000000
  Number of electron pairs (N*(N-1)/2)                 =       21115.0000000000
  Number of electron pairs (from Muller 2EDM)          =       21115.0000000000
 
Nuclear Charges and Cartesian Coordinates:
-------------------------------------------------------------------------------
Atom      Charge                X                  Y                  Z
-------------------------------------------------------------------------------
C1         6.0          -4.4255501300E+00   4.4755397200E+00   2.8977095000E-01
C2         6.0          -3.6676033900E+00   2.0489708300E+00   6.1710842000E-01
C3         6.0          -1.8506645200E+00   1.3896003200E+00   2.6317105600E+00
C4         6.0          -9.7922980000E-02   2.8904605900E+00   3.7019010900E+00
C5         6.0           2.7378235800E+00   3.5527357700E+00  -2.4152531500E+00
C6         6.0           6.9190197000E-01   3.7871986500E+00  -3.9411073600E+00
H7         1.0          -1.9664498200E+00  -5.5521484000E-01   3.3038152200E+00
H8         1.0          -3.8781199000E-01   2.0949940800E+00  -4.3834091700E+00
H9         1.0           3.8441824700E+00   5.2038768000E+00  -1.9200167700E+00
H10        1.0           9.8814360000E-02   4.8371389400E+00   3.0524391600E+00
H11        1.0          -3.7091095400E+00   5.8793923900E+00   1.6132771600E+00
C12        6.0           3.5172210500E+00   1.1215722900E+00  -1.4760729500E+00
O13        8.0           2.4340009900E+00  -9.0406335000E-01  -2.0869895200E+00
N14        7.0           5.6432258800E+00   1.0259115700E+00   8.8720720000E-02
Al15      13.0           3.2173996600E+00  -4.4203921300E+00  -1.6819383500E+00
C16        6.0           7.1477098700E+00   3.2103008300E+00   9.5531753000E-01
C17        6.0           6.7049207200E+00  -1.2003208700E+00   9.6153276000E-01
O18        8.0           5.9992677600E+00  -3.3736727200E+00   4.8710630000E-01
C19        6.0           6.9023897000E-01  -6.0234517500E+00   4.7082540000E-01
C20        6.0           4.6661778700E+00  -5.6115190900E+00  -4.8564326500E+00
C21        6.0           8.9970186100E+00   1.9419360300E+00   2.8183855800E+00
H22        1.0           5.9403949400E+00   4.5987321400E+00   1.8856878000E+00
H23        1.0           8.1158692000E+00   4.0893520100E+00  -6.4443161000E-01
O24        8.0           8.6676415300E+00  -7.5990662000E-01   2.4155159700E+00
H25        1.0           1.3756086800E+00  -7.8518353700E+00   1.1716993200E+00
H26        1.0           1.8749929000E-01  -4.8865828500E+00   2.1292599800E+00
H27        1.0          -1.0630346600E+00  -6.4126065000E+00  -5.6707424000E-01
H28        1.0           6.0884677200E+00  -4.3288782200E+00  -5.6521193000E+00
H29        1.0           5.5843883800E+00  -7.4551517500E+00  -4.6096088400E+00
H30        1.0           3.2055238900E+00  -5.8712237100E+00  -6.3063238000E+00
H31        1.0           8.5457363600E+00   2.3196049800E+00   4.7946270700E+00
H32        1.0           1.0974431180E+01   2.3786901100E+00   2.4483703700E+00
C33        6.0          -6.2985964200E+00   5.4696035700E+00  -1.5930378200E+00
H34        1.0          -8.1246383000E+00   5.8599603600E+00  -6.8443546000E-01
H35        1.0          -5.6652563400E+00   7.2804472400E+00  -2.3852923200E+00
H36        1.0          -6.6625849900E+00   4.1680486400E+00  -3.1573484400E+00
C37        6.0           1.5313658100E+00   2.1243390600E+00   5.8975792500E+00
H38        1.0           1.2514468100E+00   1.3787941000E-01   6.4045423500E+00
H39        1.0           3.5577259900E+00   2.4119839700E+00   5.5202023100E+00
H40        1.0           1.1025785100E+00   3.2677088900E+00   7.5758112900E+00
C41        6.0          -1.0957287000E-01   6.1841270500E+00  -5.1654473900E+00
H42        1.0           6.9324140000E-02   5.9924605100E+00  -7.2267764300E+00
H43        1.0          -2.1138164800E+00   6.5540335400E+00  -4.7990957500E+00
H44        1.0           1.0089338200E+00   7.8096193200E+00  -4.5539415700E+00
Si45      14.0          -7.5126059600E+00  -1.9486796700E+00   6.0850804000E-01
C46        6.0          -8.3415406900E+00  -4.5826480400E+00  -1.6609641900E+00
H47        1.0          -9.9610180000E+00  -5.6720841700E+00  -9.6539483000E-01
H48        1.0          -8.8477616600E+00  -3.8507758300E+00  -3.5324721000E+00
H49        1.0          -6.7670800900E+00  -5.9080204000E+00  -1.9073174100E+00
C50        6.0          -1.0271070330E+01   2.8672787000E-01   9.9702950000E-01
H51        1.0          -9.7917509700E+00   1.8766384200E+00   2.2352158900E+00
H52        1.0          -1.0904564770E+01   1.0597122900E+00  -8.1772946000E-01
H53        1.0          -1.1885887670E+01  -6.9521761000E-01   1.8472180100E+00
C54        6.0          -6.6208044100E+00  -3.3192668100E+00   3.7903584800E+00
H55        1.0          -8.1985530500E+00  -4.4267564900E+00   4.5521692000E+00
H56        1.0          -4.9880138200E+00  -4.5898274100E+00   3.6627329700E+00
H57        1.0          -6.1822053100E+00  -1.8461410900E+00   5.1790027400E+00
C58        6.0          -4.6931695000E+00  -1.6068869000E-01  -8.7535386000E-01
H59        1.0          -3.1925521600E+00  -1.5577592800E+00  -1.2022058800E+00
H60        1.0          -5.3457110100E+00   4.4287110000E-01  -2.7481992700E+00
 
Some Atomic Properties:
----------------------
  q(A) = Net Charge of Atom A
  L(A) = Lagrangian of Atom A = -(1/4) Times Atomic Integral of the Laplacian of the Electron Density
  K(A) = Electronic Kinetic Energy of Atom A (Hamiltonian Form)
  K_Scaled(A) = K(A) * E(Mol)/K(Mol) = Approximation to Virial-Based Total Energy of Atom A.
  |Mu_Intra(A)| = Magnitude of Intraatomic Dipole Moment of Atom A
--------------------------------------------------------------------------------------------------
Atom A          q(A)              L(A)              K(A)          K_Scaled(A)      |Mu_Intra(A)|
--------------------------------------------------------------------------------------------------
C1       -6.7391383900E-02 -8.8709894410E-05  3.7713596265E+01 -3.8010018344E+01  8.7040502700E-02
C2       -6.6608848000E-03  1.7131301782E-04  3.7691795645E+01 -3.7988046374E+01  6.7220789149E-02
C3       -4.4504322200E-02 -1.2109080074E-04  3.7727601781E+01 -3.8024133940E+01  7.4074378004E-02
C4       -7.3231882800E-02 -3.7158399376E-05  3.7713674618E+01 -3.8010097312E+01  1.0029963861E-01
C5       -1.1249458500E-02 -1.1525238440E-05  3.7724340752E+01 -3.8020847280E+01  2.0804371728E-01
C6        1.8548389600E-02 -1.7064078817E-04  3.7701145611E+01 -3.7997469829E+01  1.2051525994E-01
H7        3.6751628690E-02  2.0699169462E-05  6.0286231936E-01 -6.0760070868E-01  1.4435087259E-01
H8        1.1340789922E-01  2.7196071365E-05  5.7366016915E-01 -5.7816903482E-01  1.3215463022E-01
H9        6.3617177340E-02 -3.1446951585E-06  5.9232341571E-01 -5.9697897114E-01  1.3809560534E-01
H10       2.2774951200E-02  2.7940384469E-05  6.0569195796E-01 -6.1045258772E-01  1.5295562103E-01
H11       2.9885902230E-02  4.1163343644E-05  6.0649714066E-01 -6.1126409902E-01  1.5092184321E-01
C12       1.3184387037E+00 -1.7525821987E-04  3.6855091026E+01 -3.7144765407E+01  8.5537031404E-01
O13      -1.3185608775E+00  7.9376779668E-05  7.5345420019E+01 -7.5937621458E+01  2.9757373742E-01
N14      -1.1790269082E+00 -4.3323472625E-05  5.4982893835E+01 -5.5415049484E+01  1.1323124967E-01
Al15      2.3987056610E+00  3.3194564677E-04  2.4086877026E+02 -2.4276195543E+02  9.2956305890E-02
C16       3.0922992480E-01 -8.9126518148E-05  3.7528693927E+01 -3.7823662706E+01  5.2043303491E-01
C17       2.0764922445E+00 -3.1384558746E-04  3.6392474354E+01 -3.6678512652E+01  2.5219481993E-01
O18      -1.3000476374E+00  5.1280613667E-05  7.5373917679E+01 -7.5966343104E+01  3.9846427543E-01
C19      -8.1918618590E-01 -2.8971973552E-04  3.7894532403E+01 -3.8192376606E+01  1.2675964496E+00
C20      -8.2048969200E-01  1.4263208384E-04  3.7894486380E+01 -3.8192330222E+01  1.2728275777E+00
C21       2.5971037610E-01  3.7508518358E-02  3.7578181865E+01 -3.7873539611E+01  1.2202645909E+00
H22       8.5426374730E-02  2.2909987948E-05  5.8785351595E-01 -5.9247393877E-01  1.3670245681E-01
H23       7.8883647760E-02  3.0601697122E-05  5.9044840362E-01 -5.9508922179E-01  1.3932214856E-01
O24      -1.0571985495E+00  9.3416921635E-05  7.5305631429E+01 -7.5897520137E+01  3.3120409849E-01
H25       3.8852259360E-02  3.2623211894E-05  5.8555828104E-01 -5.9016066373E-01  1.5406277618E-01
H26       1.6455929880E-02  4.7941814603E-05  5.9504925998E-01 -5.9972624005E-01  1.5565056504E-01
H27       2.8960307730E-02  3.1147677724E-05  5.8896910992E-01 -5.9359830111E-01  1.5545697544E-01
H28       1.7501754410E-02  3.3480502473E-05  5.9433638863E-01 -5.9900776567E-01  1.6009966510E-01
H29       3.8168292030E-02  3.6804720648E-05  5.8579507627E-01 -5.9039932013E-01  1.5437512811E-01
H30       3.3003264830E-02  3.2293096776E-05  5.8774002107E-01 -5.9235955184E-01  1.5582661537E-01
H31       9.6428576590E-02  2.6763594047E-05  5.8507568894E-01 -5.8967427854E-01  1.3683282111E-01
H32       1.0697208312E-01  3.3019439112E-05  5.8021408275E-01 -5.8477446100E-01  1.3450990631E-01
C33      -2.4343646800E-02 -1.0024787992E-04  3.7685033272E+01 -3.7981230850E+01  8.9470286010E-02
H34       4.7696154310E-02  1.1237199439E-05  5.9037927689E-01 -5.9501955174E-01  1.4631093531E-01
H35       1.5312071760E-02  2.3014930126E-05  6.0439993855E-01 -6.0915041328E-01  1.5133600326E-01
H36       1.7247460450E-02  2.5464520434E-05  6.0638469936E-01 -6.1115077395E-01  1.4754434400E-01
C37      -1.5991410400E-02 -2.8611691718E-04  3.7676002036E+01 -3.7972128630E+01  7.7352223961E-02
H38       3.1032895540E-02  2.4181536018E-05  5.9809002184E-01 -6.0279090175E-01  1.4970965672E-01
H39      -2.3057261700E-02  5.9780207458E-05  6.1926851377E-01 -6.2413585282E-01  1.5437293205E-01
H40       4.6947952600E-02  2.5237967924E-05  5.9103206513E-01 -5.9567747078E-01  1.4729781374E-01
C41      -2.0372490800E-02  5.5972039725E-05  3.7698636935E+01 -3.7994941435E+01  1.7007794712E-01
H42       7.4578777800E-02  2.3642226534E-05  5.7710070717E-01 -5.8163661485E-01  1.4136656253E-01
H43       7.6370870540E-02  3.2168190763E-05  5.7990147101E-01 -5.8445939219E-01  1.3251579919E-01
H44       4.4189565720E-02  2.7146734353E-05  5.9342185862E-01 -5.9808604762E-01  1.4544408837E-01
Si45      2.8605360390E+00 -4.6631273658E-04  2.8740294172E+02 -2.8966187711E+02  2.9588425883E-02
C46      -7.8917394350E-01  1.5198199150E-04  3.7956192006E+01 -3.8254520843E+01  1.2188951475E+00
H47       3.5977401840E-02  1.9033752484E-05  5.8963482573E-01 -5.9426924933E-01  1.5180512270E-01
H48       2.5130162530E-02  2.4429894182E-05  5.9398775403E-01 -5.9865639085E-01  1.5471975288E-01
H49       2.0329306180E-02  2.4548201168E-05  5.9545076280E-01 -6.0013089862E-01  1.5594460284E-01
C50      -7.9226736910E-01  2.4579049858E-05  3.7958289253E+01 -3.8256634574E+01  1.2182719255E+00
H51       2.7124555640E-02  3.0870811594E-05  5.9390790529E-01 -5.9857591452E-01  1.5176317701E-01
H52       2.3930171580E-02  3.0630404033E-05  5.9480496403E-01 -5.9948002398E-01  1.5384816741E-01
H53       3.5313730610E-02  2.0180535951E-05  5.8990845054E-01 -5.9454502478E-01  1.5222812190E-01
C54      -7.9146307920E-01  1.1959845559E-04  3.7957085392E+01 -3.8255421251E+01  1.2199386812E+00
H55       3.6400196150E-02  1.9849478352E-05  5.8953406487E-01 -5.9416769651E-01  1.5205416800E-01
H56       1.9108932810E-02  2.4178337593E-05  5.9623643147E-01 -6.0092274250E-01  1.5365775213E-01
H57       2.4239689450E-02  3.1049308730E-05  5.9529589114E-01 -5.9997480969E-01  1.5275984040E-01
C58      -6.6767490910E-01 -3.9201871280E-04  3.7923512980E+01 -3.8221584966E+01  1.1888677290E+00
H59       1.3265546420E-02  5.5967128872E-05  6.0661366894E-01 -6.1138154319E-01  1.4979092522E-01
H60       1.3386730540E-02  1.2420742464E-05  6.0750736129E-01 -6.1228225980E-01  1.5340314126E-01
--------------------------------------------------------------------------------------------------
Total     8.5444166699E-01  3.7131992181E-02  1.5453248769E+03 -1.5574708523E+03
 
1st Largest |L(A)| = 3.7508518358E-02, atom C21     
2nd Largest |L(A)| = 4.6631273658E-04, atom Si45    
 
Warning!  Significant integration error for the following atom:  C21     
 
Molecular charge q(Mol) from the wfn file:   1.0000000000E+00
Molecular energy E(Mol) from the wfn file:  -1.5573566605E+03
Molecular virial ratio (-V(Mol)/T(Mol)) from the wfn file:   2.0078598200E+00
Note.  K_Scaled(A) = (1+V(Mol)/T(Mol))*K(A) = (E(Mol)/T(Mol))*K(A)
       Only use K_Scaled(A) data with caution.
 
Warning!  Significant cumulative integration error.
 
N_AIMInt(SumA)     =        206.145558
N_Analytic(Mol)    =        205.999969
 
G_AIMInt(SumA)     =       1545.287745
G_Analytic(Mol)    =       1545.211510
 
K_AIMInt(SumA)     =       1545.324877
K_Analytic(Mol)    =       1545.211510
 
L_AIMInt(SumA)     =          0.037132
L_Analytic(Mol)    =          0.000000
 
VenT_AIMInt(SumA)  =      -9025.277020
VenT_Analytic(Mol) =      -9021.272284
 
Some Information About the Atomic Calculations:
----------------------------------------------
  Time(sec) = "Elapsed User Time", in Seconds, for Atom A by AIMInt and, if used, by TWOe
  NProc = Number of Processors Used for AIMInt Job
  BIM = Basin Integration Method
  OAQ = Angular Quadrature Outside of Beta Sphere
  ORQ = Multiple of Default for Radial Quadrature Outside of Beta Sphere
  IAQ = Multiple of Default for Angular Quadrature Inside of Beta Sphere
  IRQ = Multiple of Default for Radial Quadrature Inside of Beta Sphere
  MIR = Maximum Integration Radius
------------------------------------------------------------------------------------------------------
Atom A     Time(sec)   NProc      BIM          OAQ                     ORQ      IAQ      IRQ      MIR
------------------------------------------------------------------------------------------------------
C1             81        8     Proaim(5)    4500(GS4)                  1.00     1.00     1.00    13.00
C2            139        8     Proaim(5)    4500(GS4)                  1.00     1.00     1.00    13.00
C3            105        8     Proaim(5)    4500(GS4)                  1.00     1.00     1.00    13.00
C4            126        8     Proaim(5)    4500(GS4)                  1.00     1.00     1.00    13.00
C5             88        8     Proaim(5)    4500(GS4)                  1.00     1.00     1.00    13.00
C6            116        8     Proaim(5)    4500(GS4)                  1.00     1.00     1.00    13.00
H7             45        8     Proaim(5)    4500(GS4)                  1.00     1.00     1.00    13.00
H8             64        8     Proaim(5)    1800(GS4)                  1.00     1.00     1.00    13.00
H9             20        8     Proaim(5)    1800(GS4)                  1.00     1.00     1.00    13.00
H10            23        8     Proaim(5)    1800(GS4)                  1.00     1.00     1.00    13.00
H11            22        8     Proaim(5)    1800(GS4)                  1.00     1.00     1.00    13.00
C12           138        8     Proaim(5)    6300(GS6)                  1.00     1.00     1.00    13.00
O13            75        8     Proaim(5)    4500(GS4)                  1.00     1.00     1.00    13.00
N14            85        8     Proaim(5)    4500(GS4)                  1.00     1.00     1.00    13.00
Al15           84        8     Proaim(5)    4500(GS4)                  1.00     1.00     1.00    13.00
C16            99        8     Proaim(5)    6300(GS6)                  1.00     1.00     1.00    13.00
C17            39        8     Proaim(5)    5400(GS5)                  1.00     1.00     1.00    13.00
O18            44        8     Proaim(5)    4500(GS4)                  1.00     1.00     1.00    13.00
C19            83        8     Proaim(5)    4500(GS4)                  1.00     1.00     1.00    13.00
C20            50        8     Proaim(5)    4500(GS4)                  1.00     1.00     1.00    13.00
C21            60        8     Proaim(5)    9000(GS9)                  1.00     1.00     1.00    13.00
H22            61        8     Proaim(5)    4500(GS4)                  1.00     1.00     1.00    13.00
H23            12        8     Proaim(5)    1800(GS4)                  1.00     1.00     1.00    13.00
O24            33        8     Proaim(5)    4500(GS4)                  1.00     1.00     1.00    13.00
H25            13        8     Proaim(5)    1800(GS4)                  1.00     1.00     1.00    13.00
H26            39        8     Proaim(5)    4500(GS4)                  1.00     1.00     1.00    13.00
H27            35        8     Proaim(5)    4500(GS4)                  1.00     1.00     1.00    13.00
H28            14        8     Proaim(5)    1800(GS4)                  1.00     1.00     1.00    13.00
H29            11        8     Proaim(5)    1800(GS4)                  1.00     1.00     1.00    13.00
H30            13        8     Proaim(5)    1800(GS4)                  1.00     1.00     1.00    13.00
H31           160        8    Promega(1)    1800(GS4)                  1.00     1.00     1.00    13.00
H32            10        8     Proaim(5)    1800(GS4)                  1.00     1.00     1.00    13.00
C33            53        8     Proaim(5)    4500(GS4)                  1.00     1.00     1.00    13.00
H34            27        8     Proaim(5)    4500(GS4)                  1.00     1.00     1.00    13.00
H35            28        8     Proaim(5)    4500(GS4)                  1.00     1.00     1.00    13.00
H36            26        8     Proaim(5)    4500(GS4)                  1.00     1.00     1.00    13.00
C37            54        8     Proaim(5)    4500(GS4)                  1.00     1.00     1.00    13.00
H38            18        8     Proaim(5)    1800(GS4)                  1.00     1.00     1.00    13.00
H39           178        8    Promega(1)    4500(GS4)                  1.00     1.00     1.00    13.00
H40            11        8     Proaim(5)    1800(GS4)                  1.00     1.00     1.00    13.00
C41            43        8     Proaim(5)    4500(GS4)                  1.00     1.00     1.00    13.00
H42            10        8     Proaim(5)    1800(GS4)                  1.00     1.00     1.00    13.00
H43            24        8     Proaim(5)    4500(GS4)                  1.00     1.00     1.00    13.00
H44            14        8     Proaim(5)    1800(GS4)                  1.00     1.00     1.00    13.00
Si45           80        8     Proaim(5)    4500(GS4)                  1.00     1.00     1.00    13.00
C46            49        8     Proaim(5)    4500(GS4)                  1.00     1.00     1.00    13.00
H47            11        8     Proaim(5)    1800(GS4)                  1.00     1.00     1.00    13.00
H48            13        8     Proaim(5)    1800(GS4)                  1.00     1.00     1.00    13.00
H49            26        8     Proaim(5)    4500(GS4)                  1.00     1.00     1.00    13.00
C50            63        8     Proaim(5)    4500(GS4)                  1.00     1.00     1.00    13.00
H51            38        8     Proaim(5)    4500(GS4)                  1.00     1.00     1.00    13.00
H52            13        8     Proaim(5)    1800(GS4)                  1.00     1.00     1.00    13.00
H53            11        8     Proaim(5)    1800(GS4)                  1.00     1.00     1.00    13.00
C54            62        8     Proaim(5)    4500(GS4)                  1.00     1.00     1.00    13.00
H55            16        8     Proaim(5)    1800(GS4)                  1.00     1.00     1.00    13.00
H56            26        8     Proaim(5)    4500(GS4)                  1.00     1.00     1.00    13.00
H57            15        8     Proaim(5)    1800(GS4)                  1.00     1.00     1.00    13.00
C58            94        8     Proaim(5)    4500(GS4)                  1.00     1.00     1.00    13.00
H59            48        8     Proaim(5)    4500(GS4)                  1.00     1.00     1.00    13.00
H60            28        8     Proaim(5)    4500(GS4)                  1.00     1.00     1.00    13.00
------------------------------------------------------------------------------------------------------
Total        3066
Note:  Total wall clock time is less than total of atomic times if more than one atom
       was calculated at a time
 
Electron Density Critical Point Analysis of Molecular Structure:               
---------------------------------------------------------------                
  NACP = Nuclear Attractor Critical Point                                      
  NNACP = Non-Nuclear Attractor Critical Point                                 
  BCP = Bond Critical Point                                                    
  RCP = Ring Critical Point                                                    
  CCP = Cage Critical Point                                                    
  Rho = Electron Density                                                       
  GradRho = Gradient of Electron Density                                       
  HessRho_EigVals = Eigenvalues of the Hessian of Rho, Ascending Order         
  HessRho_EigVecs = Eigenvectors of the Hessian of Rho                         
  DelSqRho = Laplacian of Rho = Trace of Hessian of Rho                        
  Bond Ellipticity = (HessRho_EigVal(1) / HessRho_EigVal(2)) - 1               
  V = Virial Field = Potential Energy Density = Trace of Stress Tensor         
  G = Lagrangian Form of Kinetic Energy Density                                
  K = Hamiltonian Form of Kinetic Energy Density                               
  L = K - G = Lagrangian Density = (-1/4)DelSqRho                              
  Vnuc = Electrostatic Potential from Nuclei                                   
  Ven = Electron-nuclear attractive contribution to Virial Field V             
  Vrep = V - Ven = Repulsive contribution to Virial Field V                    
  DelSqV = Laplacian of V                                                      
  DelSqVen = Laplacian of Ven                                                  
  DelSqVrep = Laplacian of Vrep                                                
  DelSqG = Laplacian of G                                                      
  DelSqK = Laplacian of K                                                      
  Stress_EigVals = Eigenvalues of Stress Tensor, Ascending Order               
  Stress_EigVecs = Eigenvectors of Stress Tensor                               
  -DivStress = Ehrenfest Force Density = Minus Divergence of Stress Tensor     
  ESP = Total Electrostatic Potential                                          
  ESPe = Electrostatic Potential from Electrons                                
  ESPn = Electrostatic Potential from Nuclei                                   
  BP = Bond Path                                                               
  BPL = Bond Path Length                                                       
  GBL = Geometric Bond Length                                                  
  GBL_I = Distance Between Nuclear Attractors                                  
  GBL_II = Distance Between Nuclei                                             
  GBL_III = Sum of Distances Between BCP and Nuclear Attractors                
  GBL_IV = Sum of Distances Between BCP and Nuclei                             

CP# 1      Coords = -4.42555094946825E+00  4.47554072374056E+00  2.89769999072600E-01
           Type = (3,-3) NACP C1
           Rho =  1.1767221815E+02     Rho at Nucleus =  1.1767221796E+02
           GradRho = -4.8109714823E-10  6.0480677931E-10 -5.3929228444E-10
           HessRho_EigVals = -1.4499883888E+05 -1.4499807739E+05 -1.4499785505E+05
           HessRho_EigVec1 =  7.9286447147E-01  1.8159861460E-01 -5.8171115947E-01
           HessRho_EigVec2 =  6.0657309945E-01 -1.4337020396E-01  7.8199364424E-01
           HessRho_EigVec3 = -5.8608914839E-02  9.7286531842E-01  2.2382597550E-01
           DelSqRho = -4.3499477132E+05
           Bond Ellipticity = NA
           V = -1.0875889640E+05
           G =  5.1017836990E+00
           K =  1.0875379461E+05
           L =  1.0874869283E+05
           Vnuc =  3.7330869747E+06
           Ven = -4.3928062486E+08
           Vrep =  4.3917186596E+08
           DelSqV =  2.4951564480E+09
           DelSqVen =  1.6238731807E+12
           DelSqVrep = -1.6213780242E+12
           DelSqG =  1.3402646823E+08
           DelSqK = -2.6291829162E+09
           Stress_EigVals = -3.6253201234E+04 -3.6253067239E+04 -3.6252627924E+04
           Stress_EigVec1 = -1.5207249900E-01  9.8354109436E-01  9.7574949377E-02
           Stress_EigVec2 =  6.1656330648E-01  1.7243277255E-02  7.8711648343E-01
           Stress_EigVec3 =  7.7247889560E-01  1.7985990405E-01 -6.0903757746E-01
           -DivStress =  6.7362321519E+02 -8.1675166603E+02  7.7275705956E+02
           ESP =  -1.4648700825E+01     ESP at Nucleus =  -1.4648700839E+01
           ESPe = -4.1498093292E+01     ESPe at Nucleus = -4.1498095360E+01
           ESPn =  2.6849392466E+01     ESPn at Nucleus =  2.6849394521E+01

CP# 2      Coords = -3.66760284287316E+00  2.04896907473270E+00  6.17109152266542E-01
           Type = (3,-3) NACP C2
           Rho =  1.1767068158E+02     Rho at Nucleus =  1.1767068129E+02
           GradRho =  4.7459003394E-10 -1.5048242331E-09  6.3088312352E-10
           HessRho_EigVals = -1.4499639121E+05 -1.4499557526E+05 -1.4499520485E+05
           HessRho_EigVec1 =  7.2356096074E-01  2.0897938839E-01 -6.5786560279E-01
           HessRho_EigVec2 =  6.3270397914E-01  1.8021145392E-01  7.5313312678E-01
           HessRho_EigVec3 = -2.7594421697E-01  9.6117191340E-01  1.8281178587E-03
           DelSqRho = -4.3498717131E+05
           Bond Ellipticity = NA
           V = -1.0875694840E+05
           G =  5.0777845293E+00
           K =  1.0875187061E+05
           L =  1.0874679283E+05
           Vnuc =  3.0318316974E+06
           Ven = -3.5675770225E+08
           Vrep =  3.5664894531E+08
           DelSqV =  2.4951116090E+09
           DelSqVen =  1.3188078387E+12
           DelSqVrep = -1.3163127271E+12
           DelSqG =  1.3402290396E+08
           DelSqK = -2.6291345130E+09
           Stress_EigVals = -3.6252577870E+04 -3.6252395579E+04 -3.6251974948E+04
           Stress_EigVec1 = -3.0263364839E-01  9.4866018047E-01 -9.1960517885E-02
           Stress_EigVec2 =  6.1058560130E-01  2.6705686179E-01  7.4556411935E-01
           Stress_EigVec3 =  7.3184567933E-01  1.6948302144E-01 -6.6005863913E-01
           -DivStress = -4.4229198862E+02  1.4266133492E+03 -5.9741566130E+02
           ESP =  -1.4636205379E+01     ESP at Nucleus =  -1.4636205402E+01
           ESPe = -4.4729995757E+01     ESPe at Nucleus = -4.4729994830E+01
           ESPn =  3.0093790378E+01     ESPn at Nucleus =  3.0093789428E+01

CP# 3      Coords = -1.85066502469816E+00  1.38960015619373E+00  2.63170964525885E+00
           Type = (3,-3) NACP C3
           Rho =  1.1770289720E+02     Rho at Nucleus =  1.1770289712E+02
           GradRho = -1.2085242464E-10 -5.3899696447E-11 -2.3184728508E-10
           HessRho_EigVals = -1.4503755989E+05 -1.4503656938E+05 -1.4503632200E+05
           HessRho_EigVec1 =  6.7724513797E-01 -2.2693324852E-01 -6.9988593629E-01
           HessRho_EigVec2 =  4.8694864024E-01 -5.7485463376E-01  6.5758890791E-01
           HessRho_EigVec3 =  5.5156146065E-01  7.8615739566E-01  2.7881266896E-01
           DelSqRho = -4.3511045127E+05
           Bond Ellipticity = NA
           V = -1.0878784263E+05
           G =  5.1149074208E+00
           K =  1.0878272773E+05
           L =  1.0877761282E+05
           Vnuc =  5.6737938282E+06
           Ven = -6.6782197168E+08
           Vrep =  6.6771318384E+08
           DelSqV =  2.4958183986E+09
           DelSqVen =  2.4687274885E+12
           DelSqVrep = -2.4662316701E+12
           DelSqG =  1.3406270735E+08
           DelSqK = -2.6298811060E+09
           Stress_EigVals = -3.6262872471E+04 -3.6262738816E+04 -3.6262231347E+04
           Stress_EigVec1 =  6.2897759024E-01  6.9475398755E-01  3.4886112963E-01
           Stress_EigVec2 =  3.9617947768E-01 -6.7254576454E-01  6.2507920783E-01
           Stress_EigVec3 =  6.6890134732E-01 -2.5494919373E-01 -6.9826348621E-01
           -DivStress =  4.1178354716E+02  1.2840695664E+02  7.4202058802E+02
           ESP =  -1.4642550388E+01     ESP at Nucleus =  -1.4642550396E+01
           ESPe = -4.4142930171E+01     ESPe at Nucleus = -4.4142929370E+01
           ESPn =  2.9500379784E+01     ESPn at Nucleus =  2.9500378974E+01

CP# 4      Coords = -9.79216865413468E-02  2.89046096254980E+00  3.70190240976872E+00
           Type = (3,-3) NACP C4
           Rho =  1.1767126130E+02     Rho at Nucleus =  1.1767126104E+02
           GradRho =  1.0220625318E-09  2.7300587485E-10  9.9918615049E-10
           HessRho_EigVals = -1.4499774499E+05 -1.4499704668E+05 -1.4499670496E+05
           HessRho_EigVec1 =  6.4411589593E-01 -3.6743820626E-01 -6.7089781427E-01
           HessRho_EigVec2 = -4.3009804955E-01  5.5132723377E-01 -7.1488037397E-01
           HessRho_EigVec3 =  6.3255859838E-01  7.4901765392E-01  1.9708417929E-01
           DelSqRho = -4.3499149663E+05
           Bond Ellipticity = NA
           V = -1.0875807187E+05
           G =  5.0988564016E+00
           K =  1.0875297301E+05
           L =  1.0874787416E+05
           Vnuc =  3.1828754952E+06
           Ven = -3.7453297408E+08
           Vrep =  3.7442421600E+08
           DelSqV =  2.4951378466E+09
           DelSqVen =  1.3845237514E+12
           DelSqVrep = -1.3820285972E+12
           DelSqG =  1.3402549899E+08
           DelSqK = -2.6291633456E+09
           Stress_EigVals = -3.6252944698E+04 -3.6252773975E+04 -3.6252353197E+04
           Stress_EigVec1 =  6.3363899244E-01  7.2429638283E-01  2.7183888074E-01
           Stress_EigVec2 =  3.9047022293E-01 -6.0276058375E-01  6.9585392410E-01
           Stress_EigVec3 =  6.6785824264E-01 -3.3477519099E-01 -6.6474877904E-01
           -DivStress = -1.0485917285E+03 -3.0151756916E+02 -1.0805726300E+03
           ESP =  -1.4635463016E+01     ESP at Nucleus =  -1.4635463038E+01
           ESPe = -4.2318681294E+01     ESPe at Nucleus = -4.2318683622E+01
           ESPn =  2.7683218278E+01     ESPn at Nucleus =  2.7683220584E+01

CP# 5      Coords =  2.73782436125246E+00  3.55273369788654E+00 -2.41525189993733E+00
           Type = (3,-3) NACP C5
           Rho =  1.1762514649E+02     Rho at Nucleus =  1.1762514602E+02
           GradRho =  1.1482672833E-09 -3.0260329026E-09  1.8563690984E-09
           HessRho_EigVals = -1.4493704431E+05 -1.4493680607E+05 -1.4493642934E+05
           HessRho_EigVec1 = -1.7064893997E-01  9.0911103115E-01 -3.7999483199E-01
           HessRho_EigVec2 = -6.2451316315E-01  1.9850490456E-01  7.5536687240E-01
           HessRho_EigVec3 =  7.6214319412E-01  3.6621433057E-01  5.3387715417E-01
           DelSqRho = -4.3481027972E+05
           Bond Ellipticity = NA
           V = -1.0871309340E+05
           G =  5.2617354422E+00
           K =  1.0870783166E+05
           L =  1.0870256993E+05
           Vnuc =  2.3594800307E+06
           Ven = -2.7753418425E+08
           Vrep =  2.7742547116E+08
           DelSqV =  2.4941034123E+09
           DelSqVen =  1.0259261993E+12
           DelSqVrep = -1.0234321020E+12
           DelSqG =  1.3396644915E+08
           DelSqK = -2.6280698615E+09
           Stress_EigVals = -3.6237912959E+04 -3.6237702063E+04 -3.6237478378E+04
           Stress_EigVec1 =  7.9700159657E-01  2.8958450763E-01  5.3002761060E-01
           Stress_EigVec2 = -1.7622992334E-01  9.5087446205E-01 -2.5452067016E-01
           Stress_EigVec3 = -5.7769496205E-01  1.0944665530E-01  8.0888191998E-01
           -DivStress = -6.2643948366E+02  1.6808402548E+03 -1.0129265717E+03
           ESP =  -1.4582238794E+01     ESP at Nucleus =  -1.4582238825E+01
           ESPe = -4.3273820472E+01     ESPe at Nucleus = -4.3273816710E+01
           ESPn =  2.8691581678E+01     ESPn at Nucleus =  2.8691577885E+01

CP# 6      Coords =  6.91902143910612E-01  3.78719957402136E+00 -3.94110709315387E+00
           Type = (3,-3) NACP C6
           Rho =  1.1775476468E+02     Rho at Nucleus =  1.1775476461E+02
           GradRho =  3.9449645807E-11  2.1826064090E-10  5.8750708291E-11
           HessRho_EigVals = -1.4509356332E+05 -1.4509089325E+05 -1.4509069573E+05
           HessRho_EigVec1 = -5.8546801333E-01  1.7579912514E-01  7.9140499933E-01
           HessRho_EigVec2 =  6.1347565284E-01 -5.4210175129E-01  5.7425892646E-01
           HessRho_EigVec3 =  5.2997625299E-01  8.2171793144E-01  2.0953475229E-01
           DelSqRho = -4.3527515230E+05
           Bond Ellipticity = NA
           V = -1.0882882958E+05
           G =  5.0207538023E+00
           K =  1.0882380883E+05
           L =  1.0881878808E+05
           Vnuc =  6.1389023717E+06
           Ven = -7.2288500418E+08
           Vrep =  7.2277617535E+08
           DelSqV =  2.4967466848E+09
           DelSqVen =  2.6721115177E+12
           DelSqVrep = -2.6696149676E+12
           DelSqG =  1.3410411687E+08
           DelSqK = -2.6308508016E+09
           Stress_EigVals = -3.6276639546E+04 -3.6276571810E+04 -3.6275618226E+04
           Stress_EigVec1 =  7.4993743285E-01  4.8644659401E-01  4.4828959165E-01
           Stress_EigVec2 =  3.0512469862E-01 -8.5565130182E-01  4.1804278247E-01
           Stress_EigVec3 = -5.8693506037E-01  1.7672170456E-01  7.9011181110E-01
           -DivStress = -1.4072752019E+02 -7.5692128741E+02 -2.1595256599E+02
           ESP =  -1.4563619977E+01     ESP at Nucleus =  -1.4563619976E+01
           ESPe = -4.1677430530E+01     ESPe at Nucleus = -4.1677430666E+01
           ESPn =  2.7113810552E+01     ESPn at Nucleus =  2.7113810690E+01

CP# 7      Coords = -1.96444347084994E+00 -5.22685013267195E-01  3.29248846202154E+00
           Type = (3,-3) NACP H7
           Rho =  4.2893145441E-01     Rho at Nucleus =  4.2529225897E-01
           GradRho =  6.4760298252E-11  1.0594571939E-09 -3.6943561014E-10
           HessRho_EigVals = -6.5594625827E+00 -6.5515426085E+00 -5.9588266563E+00
           HessRho_EigVec1 =  7.3113989092E-01  1.8673483888E-01  6.5617418408E-01
           HessRho_EigVec2 = -6.7997764441E-01  2.7751159278E-01  6.7868823400E-01
           HessRho_EigVec3 =  5.5361204938E-02  9.4239981739E-01 -3.2987531155E-01
           DelSqRho = -1.9069831847E+01
           Bond Ellipticity = NA
           V = -4.7771235018E+00
           G =  4.8327699827E-03
           K =  4.7722907319E+00
           L =  4.7674579619E+00
           Vnuc =  5.8992134765E+01
           Ven = -2.5303582164E+01
           Vrep =  2.0526458662E+01
           DelSqV =  7.1872274604E+02
           DelSqVen =  1.1249700922E+03
           DelSqVrep = -4.0624734614E+02
           DelSqG =  7.1014829852E+01
           DelSqK = -7.8973757589E+02
           Stress_EigVals = -1.6430973649E+00 -1.6420174643E+00 -1.4920086727E+00
           Stress_EigVec1 =  7.8263235814E-01  1.6306980152E-01  6.0074523038E-01
           Stress_EigVec2 = -6.1994515142E-01  2.9126441267E-01  7.2858290615E-01
           Stress_EigVec3 =  5.6165836791E-02  9.4264165076E-01 -3.2904728693E-01
           -DivStress = -4.5904678685E-01 -7.4367958839E+00  2.5889502127E+00
           ESP =  -1.0143897729E+00     ESP at Nucleus =  -1.0168046569E+00
           ESPe = -3.1024188806E+01     ESPe at Nucleus = -3.0942414737E+01
           ESPn =  3.0009799033E+01     ESPn at Nucleus =  2.9925610080E+01

CP# 8      Coords = -3.68300595652779E-01  2.12553953711048E+00 -4.37557428987549E+00
           Type = (3,-3) NACP H8
           Rho =  4.2281255014E-01     Rho at Nucleus =  4.1870584988E-01
           GradRho =  2.9946145390E-12  4.6925923976E-12  1.2050589476E-12
           HessRho_EigVals = -6.4429769932E+00 -6.4379969256E+00 -5.7975991238E+00
           HessRho_EigVec1 =  6.1089656737E-01 -5.3882206593E-01  5.8006565598E-01
           HessRho_EigVec2 =  5.9212918106E-01 -1.7539356485E-01 -7.8652408122E-01
           HessRho_EigVec3 =  5.2553631360E-01  8.2395866321E-01  2.1190494193E-01
           DelSqRho = -1.8678573043E+01
           Bond Ellipticity = NA
           V = -4.6780160342E+00
           G =  4.1863867517E-03
           K =  4.6738296474E+00
           L =  4.6696432606E+00
           Vnuc =  5.5767667866E+01
           Ven = -2.3579269866E+01
           Vrep =  1.8901253832E+01
           DelSqV =  7.0144782733E+02
           DelSqVen =  1.0416604577E+03
           DelSqVrep = -3.4021263033E+02
           DelSqG =  6.9118515124E+01
           DelSqK = -7.7056634245E+02
           Stress_EigVals = -1.6141323521E+00 -1.6124951654E+00 -1.4513885167E+00
           Stress_EigVec1 =  6.1109490236E-01 -5.4058362070E-01  5.7821481245E-01
           Stress_EigVec2 =  5.9092956880E-01 -1.7445533243E-01 -7.8763416743E-01
           Stress_EigVec3 =  5.2665478734E-01  8.2300345444E-01  2.1283808154E-01
           -DivStress = -4.3700357730E+00 -6.8398448654E+00 -1.7546261556E+00
           ESP =  -9.5688751765E-01     ESP at Nucleus =  -9.5963432652E-01
           ESPe = -2.9757588611E+01     ESPe at Nucleus = -2.9689902135E+01
           ESPn =  2.8800701093E+01     ESPn at Nucleus =  2.8730267808E+01

CP# 9      Coords =  3.82547503616023E+00  5.17476294425135E+00 -1.92819948096514E+00
           Type = (3,-3) NACP H9
           Rho =  4.2658215653E-01     Rho at Nucleus =  4.2275116060E-01
           GradRho = -8.6032259774E-15 -1.3311634798E-14 -2.9055053329E-15
           HessRho_EigVals = -6.5100647231E+00 -6.5027638850E+00 -5.8960547810E+00
           HessRho_EigVec1 =  6.1163293888E-01 -5.5753231164E-01  5.6130461387E-01
           HessRho_EigVec2 =  5.8759784670E-01 -1.5493822917E-01 -7.9418065684E-01
           HessRho_EigVec3 =  5.2974892037E-01  8.1556843160E-01  2.3283946133E-01
           DelSqRho = -1.8908883389E+01
           Bond Ellipticity = NA
           V = -4.7370182268E+00
           G =  4.8986897835E-03
           K =  4.7321195371E+00
           L =  4.7272208473E+00
           Vnuc =  5.5598964098E+01
           Ven = -2.3717526006E+01
           Vrep =  1.8980507779E+01
           DelSqV =  7.1165953077E+02
           DelSqVen =  1.0513143287E+03
           DelSqVrep = -3.3965479793E+02
           DelSqG =  7.0208755043E+01
           DelSqK = -7.8186828581E+02
           Stress_EigVals = -1.6306133963E+00 -1.6305620047E+00 -1.4758428258E+00
           Stress_EigVec1 =  5.6824310724E-01 -5.4457331975E-01  6.1687897556E-01
           Stress_EigVec2 =  6.2995148437E-01 -1.9441035043E-01 -7.5190806818E-01
           Stress_EigVec3 =  5.2939673065E-01  8.1587040335E-01  2.3258242951E-01
