AIMSum (Version 19.02.13, Professional)
Copyright (c) 1997-2019 by Todd A. Keith
AIMSum is a component of the AIMAll package ( http://aim.tkgristmill.com )

TP:  64-bit Linux

Much of the Quantum Theory of Atoms in Molecules (QTAIM) is described in the book:
  "Atoms in Molecules - A Quantum Theory"
  R.F.W. Bader, Oxford University Press, Oxford, 1990

For additional references see:  http://aim.tkgristmill.com/references.html

Wfn File:  /home/mhennefarth/Documents/ML_Diels/summary-lam2009/14-opt/14-opt.wfn
Sum File:  /home/mhennefarth/Documents/ML_Diels/summary-lam2009/14-opt/14-opt.sum

SumViz File:  /home/mhennefarth/Documents/ML_Diels/summary-lam2009/14-opt/14-opt.sumviz

Wfn Title:   Title Card Required                                                           
 
Total memory allocated for AIMSum =        4.597 Megabytes

Atomic units (a.u.) used throughout, except where stated otherwise

Model:  Restricted SCF
 
Restricted, closed-shell, single-determinant wavefunction.
  Number of electrons (from MO Occs)                   =         206.0000000000
  Number of Alpha electrons (from MO Occs)             =         103.0000000000
  Number of Beta electrons (from MO Occs)              =         103.0000000000
  Number of electron pairs (N*(N-1)/2)                 =       21115.0000000000
  Number of electron pairs (from Muller 2EDM)          =       21115.0000000000
 
Nuclear Charges and Cartesian Coordinates:
-------------------------------------------------------------------------------
Atom      Charge                X                  Y                  Z
-------------------------------------------------------------------------------
C1         6.0           2.8792425700E+00   2.7182968300E+00  -3.4066590000E-01
C2         6.0           3.9273382700E+00   4.4628726000E-01   2.2340335000E-01
C3         6.0           2.6197582600E+00  -1.9242473300E+00  -4.6978274000E-01
C4         6.0           1.1409598700E+00  -2.3126419800E+00  -2.5002603000E+00
C5         6.0          -1.9758794600E+00  -5.5976380000E-02   3.9730233400E+00
C6         6.0          -4.7678347000E-01   1.9265257400E+00   4.6155401800E+00
H7         1.0           3.0054723700E+00  -3.5381121700E+00   7.6003423000E-01
H8         1.0           8.6574012000E-01  -7.7853975000E-01  -3.8467782400E+00
H9         1.0           1.0471206500E+00   2.7081816500E+00  -1.2812339500E+00
C10        6.0           3.9970967200E+00   5.2936870600E+00   6.7315220000E-02
H11        1.0           4.5857573900E+00   6.1293306100E+00  -1.7405657000E+00
H12        1.0           2.6061328400E+00   6.6026103800E+00   8.7944911000E-01
H13        1.0           5.6575375900E+00   5.2764045200E+00   1.2962531300E+00
C14        6.0          -8.8985440000E-02  -4.7836233200E+00  -3.1586840300E+00
H15        1.0           2.9666411000E-01  -6.2396950700E+00  -1.7364130300E+00
H16        1.0          -2.1499862600E+00  -4.5881460000E+00  -3.3688484100E+00
H17        1.0           5.9203336000E-01  -5.4934117500E+00  -4.9850877300E+00
Si18      14.0           9.3044589700E+00  -5.0783050000E-01  -6.5809175000E-01
C19        6.0           1.2204726660E+01  -4.7642122000E-01   1.4286401500E+00
H20        1.0           1.3914067420E+01  -8.4837859000E-01   3.1782722000E-01
H21        1.0           1.2461146030E+01   1.3568208500E+00   2.3603042800E+00
H22        1.0           1.2103182940E+01  -1.9246549100E+00   2.9077221500E+00
C23        6.0           9.5043867300E+00   2.0712960500E+00  -3.1202997900E+00
H24        1.0           7.7953898600E+00   2.1480678800E+00  -4.2884741900E+00
H25        1.0           9.7693213400E+00   3.9374236400E+00  -2.2597518800E+00
H26        1.0           1.1110280440E+01   1.7439107000E+00  -4.3883928000E+00
C27        6.0           8.9643194800E+00  -3.6991427000E+00  -2.2324685000E+00
H28        1.0           1.0604232400E+01  -4.0863279200E+00  -3.4392283100E+00
H29        1.0           8.8504940600E+00  -5.2310035800E+00  -8.4062351000E-01
H30        1.0           7.2749534000E+00  -3.7992324200E+00  -3.4253357900E+00
H31        1.0          -7.1144635000E-01   3.6921486400E+00   3.5940075900E+00
C32        6.0           1.3908662500E+00   1.8928974700E+00   6.7127001400E+00
H33        1.0           3.2679017700E+00   2.4086974400E+00   6.0008109100E+00
H34        1.0           8.8825280000E-01   3.3346212500E+00   8.1200692700E+00
H35        1.0           1.5081875100E+00   5.6404880000E-02   7.6509565600E+00
H36        1.0          -1.7992659600E+00  -1.8425313000E+00   4.9580402600E+00
C37        6.0          -3.7677377100E+00   1.6592362000E-01   1.9495753600E+00
O38        8.0          -4.1115443100E+00   2.1965094900E+00   7.5658799000E-01
N39        7.0          -5.1999605000E+00  -1.9600248100E+00   1.3113901700E+00
Al40      13.0          -6.4261717100E+00   3.2855408700E+00  -1.8082383100E+00
C41        6.0          -4.9997857300E+00  -4.4791454500E+00   2.4905849100E+00
C42        6.0          -7.0405186500E+00  -1.9679385600E+00  -5.4564454000E-01
O43        8.0          -7.7231303600E+00  -1.6056948000E-01  -1.8554095000E+00
C44        6.0          -8.9754240700E+00   5.4212446000E+00  -2.1985013000E-01
C45        6.0          -4.5463614800E+00   3.8030453900E+00  -4.9376645500E+00
C46        6.0          -6.8635396100E+00  -6.0392095800E+00   8.7435849000E-01
H47        1.0          -5.5628435600E+00  -4.3879535200E+00   4.4755842500E+00
H48        1.0          -3.0664790200E+00  -5.1845224200E+00   2.3477680700E+00
O49        8.0          -8.0656126100E+00  -4.2147427000E+00  -7.9802282000E-01
H50        1.0          -1.0591065110E+01   5.7216691100E+00  -1.4855229200E+00
H51        1.0          -9.7273992000E+00   4.6373331400E+00   1.5465666800E+00
H52        1.0          -8.2177592200E+00   7.3005444300E+00   2.2404151000E-01
H53        1.0          -3.2269914400E+00   2.2634362900E+00  -5.3723902700E+00
H54        1.0          -5.8308492300E+00   3.9724556100E+00  -6.5575426500E+00
H55        1.0          -3.4409636600E+00   5.5573991300E+00  -4.8791446600E+00
H56        1.0          -8.3571435300E+00  -6.9356213400E+00   1.9724777100E+00
H57        1.0          -5.9310941900E+00  -7.4343779200E+00  -3.2217429000E-01
C58        6.0           6.4410500400E+00   1.1839579000E-01   1.5261507100E+00
H59        1.0           6.3497767800E+00  -1.4850995000E+00   2.8451761900E+00
H60        1.0           6.9310947300E+00   1.7828189700E+00   2.6599968500E+00
 
Some Atomic Properties:
----------------------
  q(A) = Net Charge of Atom A
  L(A) = Lagrangian of Atom A = -(1/4) Times Atomic Integral of the Laplacian of the Electron Density
  K(A) = Electronic Kinetic Energy of Atom A (Hamiltonian Form)
  K_Scaled(A) = K(A) * E(Mol)/K(Mol) = Approximation to Virial-Based Total Energy of Atom A.
  |Mu_Intra(A)| = Magnitude of Intraatomic Dipole Moment of Atom A
--------------------------------------------------------------------------------------------------
Atom A          q(A)              L(A)              K(A)          K_Scaled(A)      |Mu_Intra(A)|
--------------------------------------------------------------------------------------------------
C1       -7.2835069600E-02 -3.0440678782E-04  3.7715831432E+01 -3.8012282393E+01  8.1139254388E-02
C2       -4.4114106000E-03  4.6867136207E-05  3.7694503681E+01 -3.7990787004E+01  6.1237342676E-02
C3       -5.4404163200E-02  1.9486113335E-04  3.7729215852E+01 -3.8025772016E+01  7.6514677285E-02
C4       -6.2030688400E-02 -3.0556360572E-04  3.7712751503E+01 -3.8009178255E+01  8.8046415167E-02
C5       -8.1023621000E-03  3.8517482762E-04  3.7724342166E+01 -3.8020860023E+01  2.1231629329E-01
C6        1.8778332300E-02 -3.2510941903E-04  3.7701429360E+01 -3.7997767119E+01  1.1622899427E-01
H7        2.1693900110E-02  2.6262245372E-05  6.0537492831E-01 -6.1013324790E-01  1.5816878382E-01
H8        4.3973255560E-02  2.8667485137E-05  5.9722955950E-01 -6.0192385550E-01  1.4790952078E-01
H9        2.6399038990E-02  2.8744089164E-05  6.0820592212E-01 -6.1298649365E-01  1.4448792934E-01
C10      -2.1873818100E-02  1.3927026845E-04  3.7682312537E+01 -3.7978500036E+01  9.1811774542E-02
H11       4.4725380940E-02  2.3187015901E-05  5.9136330330E-01 -5.9601148983E-01  1.4733384205E-01
H12       1.4145611730E-02  2.3087069856E-05  6.0434580422E-01 -6.0909603476E-01  1.5451496183E-01
H13       2.2012065640E-02  2.8440696911E-05  6.0479016181E-01 -6.0954388506E-01  1.4567367086E-01
C14      -2.1926170100E-02 -1.9853508747E-04  3.7679073735E+01 -3.7975235776E+01  7.9045142381E-02
H15       1.2036615790E-02  9.6622876900E-06  6.0490620769E-01 -6.0966084307E-01  1.5417166351E-01
H16      -3.2828072000E-03  4.0790936797E-05  6.0998250193E-01 -6.1477703759E-01  1.5489293955E-01
H17       5.1985439150E-02  2.2554961828E-05  5.8914583977E-01 -5.9377659677E-01  1.4588435129E-01
Si18      2.8626007500E+00  1.3866542810E-04  2.8740383904E+02 -2.8966286770E+02  2.3078486546E-02
C19      -7.9205580530E-01 -1.0639331934E-05  3.7957047711E+01 -3.8255394661E+01  1.2205528523E+00
H20       3.5517208080E-02  2.8360066829E-05  5.8975530505E-01 -5.9439085252E-01  1.5198143377E-01
H21       2.5525498000E-02  2.7506330947E-05  5.9380183144E-01 -5.9846918509E-01  1.5464194498E-01
H22       2.4901397210E-02  2.4594192296E-05  5.9396259365E-01 -5.9863121091E-01  1.5488492958E-01
C23      -7.9160123650E-01  9.4753035451E-05  3.7957825690E+01 -3.8256178755E+01  1.2187946103E+00
H24       2.5145728110E-02  2.8041238269E-05  5.9452356378E-01 -5.9919659034E-01  1.5293746557E-01
H25       2.3956804000E-02  2.1474002137E-05  5.9476705149E-01 -5.9944199189E-01  1.5344510715E-01
H26       3.4959087130E-02  2.7028985318E-05  5.9003504040E-01 -5.9467278662E-01  1.5230497265E-01
C27      -7.9140726170E-01  1.8931071606E-04  3.7957305442E+01 -3.8255654418E+01  1.2195181953E+00
H28       3.4354460270E-02  2.6656007517E-05  5.9024304167E-01 -5.9488242281E-01  1.5249915264E-01
H29       2.0039525690E-02  2.5146054889E-05  5.9582685989E-01 -6.0051013051E-01  1.5620654643E-01
H30       2.4818751440E-02  2.5762962161E-05  5.9506760232E-01 -5.9974490508E-01  1.5168753471E-01
H31       1.1153880123E-01 -1.0601543636E-05  5.7557373176E-01 -5.8009781036E-01  1.3234937328E-01
C32      -1.9277124100E-02 -1.0302618640E-04  3.7696947369E+01 -3.7993249899E+01  1.7099663650E-01
H33       7.8274817520E-02  3.8969923789E-05  5.7763740365E-01 -5.8217770295E-01  1.3615925604E-01
H34       7.3319123400E-02  2.3376255546E-05  5.7795519263E-01 -5.8249798979E-01  1.4137412818E-01
H35       4.3260044810E-02  2.2267117489E-05  5.9390439429E-01 -5.9857255410E-01  1.4569881455E-01
H36       6.3601604850E-02  1.1578633841E-05  5.9212180489E-01 -5.9677595333E-01  1.3843042539E-01
C37       1.3073243016E+00  1.9032576425E-06  3.6866704426E+01 -3.7156481147E+01  8.5772608125E-01
O38      -1.3178040179E+00  7.5365267669E-05  7.5341523756E+01 -7.5933717174E+01  2.9262547408E-01
N39      -1.1823463689E+00 -3.3009751001E-05  5.4986474258E+01 -5.5418674544E+01  1.1309641598E-01
Al40      2.3980472070E+00 -2.2896318518E-04  2.4087061071E+02 -2.4276388261E+02  9.3050475178E-02
C41       3.1065466960E-01 -3.2897113652E-04  3.7526642046E+01 -3.7821605955E+01  5.2143028520E-01
C42       2.0762898846E+00 -6.7740490806E-05  3.6392308228E+01 -3.6678356138E+01  2.5109236015E-01
O43      -1.3003999359E+00  5.3548572103E-05  7.5373208702E+01 -7.5965651167E+01  3.9729532116E-01
C44      -8.2207292060E-01 -1.8788644651E-04  3.7894696311E+01 -3.8192553172E+01  1.2739050260E+00
C45      -8.1910468250E-01 -2.3681245248E-04  3.7893685646E+01 -3.8191534562E+01  1.2719541555E+00
C46       4.0548892170E-01 -1.7763693700E-04  3.7463121989E+01 -3.7757586623E+01  5.7837675294E-01
H47       7.9595339350E-02  3.0882020283E-05  5.9032082874E-01 -5.9496082130E-01  1.3912245075E-01
H48       8.4443931820E-02  3.4926614815E-05  5.8823611886E-01 -5.9285972534E-01  1.3755719595E-01
O49      -1.0583713408E+00  9.7115136720E-05  7.5305596610E+01 -7.5897507636E+01  3.3054193659E-01
H50       3.8097293470E-02  3.0071376004E-05  5.8584959618E-01 -5.9045444430E-01  1.5434325557E-01
H51       1.9290766100E-02  3.2937319841E-05  5.9366251891E-01 -5.9832877755E-01  1.5968926203E-01
H52       3.3036715790E-02  3.5898866905E-05  5.8777294037E-01 -5.9239290621E-01  1.5573881858E-01
H53       1.4203105340E-02  2.7544208838E-05  5.9568660955E-01 -6.0036877778E-01  1.5813787348E-01
H54       3.8523581500E-02  3.2705157706E-05  5.8573181833E-01 -5.9033574071E-01  1.5403469519E-01
H55       3.1586076920E-02  3.4307935821E-05  5.8836132683E-01 -5.9298591746E-01  1.5581240047E-01
H56       1.0456706459E-01  2.4062119572E-05  5.8159096190E-01 -5.8616233665E-01  1.3500885261E-01
H57       9.8072657300E-02  2.9745787980E-05  5.8468311624E-01 -5.8927879569E-01  1.3636093027E-01
C58      -6.5996746710E-01  4.2271879909E-05  3.7921217968E+01 -3.8219283292E+01  1.1837880704E+00
H59       1.2761782740E-02  3.8598863585E-05  6.0469756793E-01 -6.0945056338E-01  1.5969618993E-01
H60       1.3757758880E-02  5.0579508393E-05  6.0761075546E-01 -6.1238664891E-01  1.5237265396E-01
--------------------------------------------------------------------------------------------------
Total     1.0000296496E+00 -9.5377362798E-05  1.5452129400E+03 -1.5573584991E+03
 
1st Largest |L(A)| = 3.8517482762E-04, atom C5      
2nd Largest |L(A)| = 3.2897113652E-04, atom C41     
 
Molecular charge q(Mol) from the wfn file:   1.0000000000E+00
Molecular energy E(Mol) from the wfn file:  -1.5573584005E+03
Molecular virial ratio (-V(Mol)/T(Mol)) from the wfn file:   2.0078601200E+00
Note.  K_Scaled(A) = (1+V(Mol)/T(Mol))*K(A) = (E(Mol)/T(Mol))*K(A)
       Only use K_Scaled(A) data with caution.
 
N_AIMInt(SumA)     =        205.999970
N_Analytic(Mol)    =        205.999969
 
G_AIMInt(SumA)     =       1545.213035
G_Analytic(Mol)    =       1545.212772
 
K_AIMInt(SumA)     =       1545.212940
K_Analytic(Mol)    =       1545.212772
 
L_AIMInt(SumA)     =         -0.000095
L_Analytic(Mol)    =          0.000000
 
VenT_AIMInt(SumA)  =      -8921.881263
VenT_Analytic(Mol) =      -8921.871858
 
Some Information About the Atomic Calculations:
----------------------------------------------
  Time(sec) = "Elapsed User Time", in Seconds, for Atom A by AIMInt and, if used, by TWOe
  NProc = Number of Processors Used for AIMInt Job
  BIM = Basin Integration Method
  OAQ = Angular Quadrature Outside of Beta Sphere
  ORQ = Multiple of Default for Radial Quadrature Outside of Beta Sphere
  IAQ = Multiple of Default for Angular Quadrature Inside of Beta Sphere
  IRQ = Multiple of Default for Radial Quadrature Inside of Beta Sphere
  MIR = Maximum Integration Radius
------------------------------------------------------------------------------------------------------
Atom A     Time(sec)   NProc      BIM          OAQ                     ORQ      IAQ      IRQ      MIR
------------------------------------------------------------------------------------------------------
C1            108        8     Proaim(5)    4500(GS4)                  1.00     1.00     1.00    13.00
C2             91        8     Proaim(5)    4500(GS4)                  1.00     1.00     1.00    13.00
C3            966        8    Promega(5)    4500(GS4)                  1.00     1.00     1.00    13.00
C4             77        8     Proaim(5)    4500(GS4)                  1.00     1.00     1.00    13.00
C5            213        8    Promega(1)    4500(GS4)                  1.00     1.00     1.00    13.00
C6             99        8     Proaim(5)    5400(GS5)                  1.00     1.00     1.00    13.00
H7             19        8     Proaim(5)    1800(GS4)                  1.00     1.00     1.00    13.00
H8             31        8     Proaim(5)    4500(GS4)                  1.00     1.00     1.00    13.00
H9             47        8     Proaim(5)    4500(GS4)                  1.00     1.00     1.00    13.00
C10            65        8     Proaim(5)    4500(GS4)                  1.00     1.00     1.00    13.00
H11            14        8     Proaim(5)    1800(GS4)                  1.00     1.00     1.00    13.00
H12            16        8     Proaim(5)    1800(GS4)                  1.00     1.00     1.00    13.00
H13            25        8     Proaim(5)    4500(GS4)                  1.00     1.00     1.00    13.00
C14            69        8     Proaim(5)    4500(GS4)                  1.00     1.00     1.00    13.00
H15            18        8     Proaim(5)    1800(GS4)                  1.00     1.00     1.00    13.00
H16            76        8     Proaim(5)    4500(GS4)                  1.00     1.00     1.00    13.00
H17            12        8     Proaim(5)    1800(GS4)                  1.00     1.00     1.00    13.00
Si18           80        8     Proaim(5)    6300(GS6)                  1.00     1.00     1.00    13.00
C19            46        8     Proaim(5)    4500(GS4)                  1.00     1.00     1.00    13.00
H20            11        8     Proaim(5)    1800(GS4)                  1.00     1.00     1.00    13.00
H21            12        8     Proaim(5)    1800(GS4)                  1.00     1.00     1.00    13.00
H22            11        8     Proaim(5)    1800(GS4)                  1.00     1.00     1.00    13.00
C23            68        8     Proaim(5)    4500(GS4)                  1.00     1.00     1.00    13.00
H24            16        8     Proaim(5)    1800(GS4)                  1.00     1.00     1.00    13.00
H25            18        8     Proaim(5)    1800(GS4)                  1.00     1.00     1.00    13.00
H26            11        8     Proaim(5)    1800(GS4)                  1.00     1.00     1.00    13.00
C27            48        8     Proaim(5)    4500(GS4)                  1.00     1.00     1.00    13.00
H28            12        8     Proaim(5)    1800(GS4)                  1.00     1.00     1.00    13.00
H29            13        8     Proaim(5)    1800(GS4)                  1.00     1.00     1.00    13.00
H30            33        8     Proaim(5)    4500(GS4)                  1.00     1.00     1.00    13.00
H31            25        8     Proaim(5)    1800(GS4)                  1.00     1.00     1.00    13.00
C32            48        8     Proaim(5)    4500(GS4)                  1.00     1.00     1.00    13.00
H33            27        8     Proaim(5)    4500(GS4)                  1.00     1.00     1.00    13.00
H34            10        8     Proaim(5)    1800(GS4)                  1.00     1.00     1.00    13.00
H35            13        8     Proaim(5)    1800(GS4)                  1.00     1.00     1.00    13.00
H36            21        8     Proaim(5)    1800(GS4)                  1.00     1.00     1.00    13.00
C37            94        8     Proaim(5)    4500(GS4)                  1.00     1.00     1.00    13.00
O38            64        8     Proaim(5)    4500(GS4)                  1.00     1.00     1.00    13.00
N39           186        8     Proaim(5)    4500(GS4)                  1.00     1.00     1.00    13.00
Al40           77        8     Proaim(5)    4500(GS4)                  1.00     1.00     1.00    13.00
C41           161        8     Proaim(5)    4500(GS4)                  1.00     1.00     1.00    13.00
C42            40        8     Proaim(5)    4500(GS4)                  1.00     1.00     1.00    13.00
O43            43        8     Proaim(5)    4500(GS4)                  1.00     1.00     1.00    13.00
C44            49        8     Proaim(5)    4500(GS4)                  1.00     1.00     1.00    13.00
C45            66        8     Proaim(5)    4500(GS4)                  1.00     1.00     1.00    13.00
C46            94        8     Proaim(5)    4500(GS4)                  1.00     1.00     1.00    13.00
H47            12        8     Proaim(5)    1800(GS4)                  1.00     1.00     1.00    13.00
H48            31        8     Proaim(5)    4500(GS4)                  1.00     1.00     1.00    13.00
O49            33        8     Proaim(5)    4500(GS4)                  1.00     1.00     1.00    13.00
H50            10        8     Proaim(5)    1800(GS4)                  1.00     1.00     1.00    13.00
H51            13        8     Proaim(5)    1800(GS4)                  1.00     1.00     1.00    13.00
H52            11        8     Proaim(5)    1800(GS4)                  1.00     1.00     1.00    13.00
H53            46        8     Proaim(5)    4500(GS4)                  1.00     1.00     1.00    13.00
H54            12        8     Proaim(5)    1800(GS4)                  1.00     1.00     1.00    13.00
H55            14        8     Proaim(5)    1800(GS4)                  1.00     1.00     1.00    13.00
H56            10        8     Proaim(5)    1800(GS4)                  1.00     1.00     1.00    13.00
H57            17        8     Proaim(5)    1800(GS4)                  1.00     1.00     1.00    13.00
C58            82        8     Proaim(5)    4500(GS4)                  1.00     1.00     1.00    13.00
H59            18        8     Proaim(5)    1800(GS4)                  1.00     1.00     1.00    13.00
H60            42        8     Proaim(5)    4500(GS4)                  1.00     1.00     1.00    13.00
------------------------------------------------------------------------------------------------------
Total        3694
Note:  Total wall clock time is less than total of atomic times if more than one atom
       was calculated at a time
 
Electron Density Critical Point Analysis of Molecular Structure:               
---------------------------------------------------------------                
  NACP = Nuclear Attractor Critical Point                                      
  NNACP = Non-Nuclear Attractor Critical Point                                 
  BCP = Bond Critical Point                                                    
  RCP = Ring Critical Point                                                    
  CCP = Cage Critical Point                                                    
  Rho = Electron Density                                                       
  GradRho = Gradient of Electron Density                                       
  HessRho_EigVals = Eigenvalues of the Hessian of Rho, Ascending Order         
  HessRho_EigVecs = Eigenvectors of the Hessian of Rho                         
  DelSqRho = Laplacian of Rho = Trace of Hessian of Rho                        
  Bond Ellipticity = (HessRho_EigVal(1) / HessRho_EigVal(2)) - 1               
  V = Virial Field = Potential Energy Density = Trace of Stress Tensor         
  G = Lagrangian Form of Kinetic Energy Density                                
  K = Hamiltonian Form of Kinetic Energy Density                               
  L = K - G = Lagrangian Density = (-1/4)DelSqRho                              
  Vnuc = Electrostatic Potential from Nuclei                                   
  Ven = Electron-nuclear attractive contribution to Virial Field V             
  Vrep = V - Ven = Repulsive contribution to Virial Field V                    
  DelSqV = Laplacian of V                                                      
  DelSqVen = Laplacian of Ven                                                  
  DelSqVrep = Laplacian of Vrep                                                
  DelSqG = Laplacian of G                                                      
  DelSqK = Laplacian of K                                                      
  Stress_EigVals = Eigenvalues of Stress Tensor, Ascending Order               
  Stress_EigVecs = Eigenvectors of Stress Tensor                               
  -DivStress = Ehrenfest Force Density = Minus Divergence of Stress Tensor     
  ESP = Total Electrostatic Potential                                          
  ESPe = Electrostatic Potential from Electrons                                
  ESPn = Electrostatic Potential from Nuclei                                   
  BP = Bond Path                                                               
  BPL = Bond Path Length                                                       
  GBL = Geometric Bond Length                                                  
  GBL_I = Distance Between Nuclear Attractors                                  
  GBL_II = Distance Between Nuclei                                             
  GBL_III = Sum of Distances Between BCP and Nuclear Attractors                
  GBL_IV = Sum of Distances Between BCP and Nuclei                             

CP# 1      Coords =  2.87924270081512E+00  2.71829830015642E+00 -3.40665932243901E-01
           Type = (3,-3) NACP C1
           Rho =  1.1768214958E+02     Rho at Nucleus =  1.1768214942E+02
           GradRho =  3.4176578234E-11  6.8974658363E-10 -1.0702189135E-11
           HessRho_EigVals = -1.4501474647E+05 -1.4501402942E+05 -1.4501383195E+05
           HessRho_EigVec1 = -3.7672654348E-01 -2.1622766027E-02  9.2607211783E-01
           HessRho_EigVec2 =  6.2121177398E-01  7.3570164732E-01  2.6988704676E-01
           HessRho_EigVec3 = -6.8714848709E-01  6.7696051740E-01 -2.6372602178E-01
           DelSqRho = -4.3504260784E+05
           Bond Ellipticity = NA
           V = -1.0877085271E+05
           G =  5.1003754246E+00
           K =  1.0876575233E+05
           L =  1.0876065196E+05
           Vnuc =  4.0641959162E+06
           Ven = -4.7828331171E+08
           Vrep =  4.7817454086E+08
           DelSqV =  2.4954337217E+09
           DelSqVen =  1.7680984965E+12
           DelSqVrep = -1.7656030956E+12
           DelSqG =  1.3404476235E+08
           DelSqK = -2.6294784841E+09
           Stress_EigVals = -3.6257178639E+04 -3.6257050391E+04 -3.6256623681E+04
           Stress_EigVec1 = -5.9092074381E-01  7.5751663220E-01 -2.7745490891E-01
           Stress_EigVec2 =  6.8990283208E-01  6.5278334029E-01  3.1290252944E-01
           Stress_EigVec3 = -4.1814681253E-01  6.5163319985E-03  9.0835608689E-01
           -DivStress = -1.1045496352E+02 -1.1997959109E+03  2.7198814252E+01
           ESP =  -1.4646626416E+01     ESP at Nucleus =  -1.4646626429E+01
           ESPe = -4.3020123277E+01     ESPe at Nucleus = -4.3020125126E+01
           ESPn =  2.8373496861E+01     ESPn at Nucleus =  2.8373498698E+01

CP# 2      Coords =  3.92733868996322E+00  4.46285372375724E-01  2.23403486079593E-01
           Type = (3,-3) NACP C2
           Rho =  1.1767353168E+02     Rho at Nucleus =  1.1767353140E+02
           GradRho =  3.4402890259E-10 -1.5870670999E-09  1.1822558210E-10
           HessRho_EigVals = -1.4499929845E+05 -1.4499840768E+05 -1.4499805780E+05
           HessRho_EigVec1 = -5.8780494070E-01  1.6170684198E-02  8.0884106020E-01
           HessRho_EigVec2 =  6.5093429535E-01  6.0313420465E-01  4.6099205452E-01
           HessRho_EigVec3 = -4.8038515260E-01  7.9747579283E-01 -3.6505131832E-01
           DelSqRho = -4.3499576393E+05
           Bond Ellipticity = NA
           V = -1.0875908871E+05
           G =  5.0738628217E+00
           K =  1.0875401485E+05
           L =  1.0874894098E+05
           Vnuc =  3.0951117786E+06
           Ven = -3.6421273391E+08
           Vrep =  3.6410397483E+08
           DelSqV =  2.4951598057E+09
           DelSqVen =  1.3463604429E+12
           DelSqVrep = -1.3438653158E+12
           DelSqG =  1.3402493958E+08
           DelSqK = -2.6291847453E+09
           Stress_EigVals = -3.6253293380E+04 -3.6253116274E+04 -3.6252679056E+04
           Stress_EigVec1 = -4.2481000919E-01  8.6235520929E-01 -2.7546315381E-01
           Stress_EigVec2 =  7.3156731402E-01  5.0624770610E-01  4.5664266678E-01
           Stress_EigVec3 = -5.3324077222E-01  7.5334640702E-03  8.4592997687E-01
           -DivStress = -3.4201542103E+02  1.5340490483E+03 -1.0929800156E+02
           ESP =  -1.4633146326E+01     ESP at Nucleus =  -1.4633146349E+01
           ESPe = -4.4413283871E+01     ESPe at Nucleus = -4.4413284141E+01
           ESPn =  2.9780137545E+01     ESPn at Nucleus =  2.9780137792E+01

CP# 3      Coords =  2.61975901481382E+00 -1.92424687760527E+00 -4.69782113853600E-01
           Type = (3,-3) NACP C3
           Rho =  1.1770435705E+02     Rho at Nucleus =  1.1770435696E+02
           GradRho =  2.2251943690E-10  1.2581314983E-10  1.6958214347E-10
           HessRho_EigVals = -1.4504105519E+05 -1.4504020636E+05 -1.4503994287E+05
           HessRho_EigVec1 =  8.3058160131E-01 -1.6424597073E-01 -5.3212542193E-01
           HessRho_EigVec2 =  8.9436303537E-02  9.8245662165E-01 -1.6364636931E-01
           HessRho_EigVec3 =  5.4966840110E-01  8.8330332713E-02  8.3069994652E-01
           DelSqRho = -4.3512120442E+05
           Bond Ellipticity = NA
           V = -1.0879052921E+05
           G =  5.1140516503E+00
           K =  1.0878541516E+05
           L =  1.0878030110E+05
           Vnuc =  5.5554316122E+06
           Ven = -6.5389850603E+08
           Vrep =  6.5378971550E+08
           DelSqV =  2.4958817704E+09
           DelSqVen =  2.4172863396E+12
           DelSqVrep = -2.4147904578E+12
           DelSqG =  1.3406777038E+08
           DelSqK = -2.6299495408E+09
           Stress_EigVals = -3.6263761948E+04 -3.6263617551E+04 -3.6263149708E+04
           Stress_EigVec1 =  5.7052148566E-01  1.0926176233E-01  8.1398224900E-01
           Stress_EigVec2 =  1.1344126646E-01  9.7112670898E-01 -2.0986661043E-01
           Stress_EigVec3 =  8.1341029835E-01 -2.1207258757E-01 -5.4165386007E-01
           -DivStress = -6.1653216649E+02 -3.6896377200E+02 -5.0404608357E+02
           ESP =  -1.4639132305E+01     ESP at Nucleus =  -1.4639132315E+01
           ESPe = -4.3609318727E+01     ESPe at Nucleus = -4.3609318712E+01
           ESPn =  2.8970186422E+01     ESPn at Nucleus =  2.8970186397E+01

CP# 4      Coords =  1.14095864940585E+00 -2.31264325142131E+00 -2.50026105088025E+00
           Type = (3,-3) NACP C4
           Rho =  1.1768138915E+02     Rho at Nucleus =  1.1768138888E+02
           GradRho = -1.0165740749E-09 -9.9786526958E-10 -6.0843531602E-10
           HessRho_EigVals = -1.4500930846E+05 -1.4500841648E+05 -1.4500807944E+05
           HessRho_EigVec1 =  7.8921517527E-01 -3.3161276302E-01 -5.1688720483E-01
           HessRho_EigVec2 =  3.9186660260E-01  9.1998637083E-01  8.1020521277E-03
           HessRho_EigVec3 =  4.7284243981E-01 -2.0894509537E-01  8.5601517173E-01
           DelSqRho = -4.3502580438E+05
           Bond Ellipticity = NA
           V = -1.0876663308E+05
           G =  5.0909908392E+00
           K =  1.0876154209E+05
           L =  1.0875645109E+05
           Vnuc =  3.1319240610E+06
           Ven = -3.6856917421E+08
           Vrep =  3.6846040758E+08
           DelSqV =  2.4953324040E+09
           DelSqVen =  1.3624677827E+12
           DelSqVrep = -1.3599724503E+12
           DelSqG =  1.3403501352E+08
           DelSqK = -2.6293674175E+09
           Stress_EigVals = -3.6255813425E+04 -3.6255645538E+04 -3.6255174114E+04
           Stress_EigVec1 =  5.0780217146E-01 -1.0521518791E-01  8.5502439667E-01
           Stress_EigVec2 =  3.1637748816E-01  9.4593534460E-01 -7.1495516026E-02
           Stress_EigVec3 =  8.0127538315E-01 -3.0681604922E-01 -5.1363573892E-01
           -DivStress =  9.8751848133E+02  1.0401441488E+03  6.1312914304E+02
           ESP =  -1.4632871241E+01     ESP at Nucleus =  -1.4632871263E+01
           ESPe = -4.2427079145E+01     ESPe at Nucleus = -4.2427080788E+01
           ESPn =  2.7794207904E+01     ESPn at Nucleus =  2.7794209526E+01

CP# 5      Coords = -1.97588099267162E+00 -5.59764938562003E-02  3.97302140730204E+00
           Type = (3,-3) NACP C5
           Rho =  1.1762283430E+02     Rho at Nucleus =  1.1762283386E+02
           GradRho = -2.1557089707E-09 -1.7785165278E-10 -2.6761187801E-09
           HessRho_EigVals = -1.4493460902E+05 -1.4493434269E+05 -1.4493401569E+05
           HessRho_EigVec1 =  6.3257337672E-01 -1.3993588834E-01  7.6175381208E-01
           HessRho_EigVec2 =  7.1222206307E-01 -2.8131353485E-01 -6.4311929530E-01
           HessRho_EigVec3 =  3.0428712746E-01  9.4935801585E-01 -7.8286025569E-02
           DelSqRho = -4.3480296740E+05
           Bond Ellipticity = NA
           V = -1.0871127720E+05
           G =  5.2676731381E+00
           K =  1.0870600952E+05
           L =  1.0870074185E+05
           Vnuc =  2.4298821821E+06
           Ven = -2.8580962928E+08
           Vrep =  2.8570091801E+08
           DelSqV =  2.4940623095E+09
           DelSqVen =  1.0565199790E+12
           DelSqVrep = -1.0540259167E+12
           DelSqG =  1.3396459617E+08
           DelSqK = -2.6280269057E+09
           Stress_EigVals = -3.6237300366E+04 -3.6237097599E+04 -3.6236879231E+04
           Stress_EigVec1 =  3.6425164160E-01  9.3057301895E-01 -3.6804863620E-02
           Stress_EigVec2 =  6.2745258156E-01 -2.1601445579E-01  7.4809158048E-01
           Stress_EigVec3 =  6.8820345792E-01 -2.9558689295E-01 -6.6257406320E-01
           -DivStress =  1.2375282777E+03  8.7730089508E+01  1.5685764608E+03
           ESP =  -1.4584910367E+01     ESP at Nucleus =  -1.4584910396E+01
           ESPe = -4.3300518140E+01     ESPe at Nucleus = -4.3300514856E+01
           ESPn =  2.8715607773E+01     ESPn at Nucleus =  2.8715604460E+01

CP# 6      Coords = -4.76782934729665E-01  1.92652492554276E+00  4.61554054217149E+00
           Type = (3,-3) NACP C6
           Rho =  1.1776194475E+02     Rho at Nucleus =  1.1776194467E+02
           GradRho =  1.2692252631E-10 -1.9488067410E-10  7.3261667566E-11
           HessRho_EigVals = -1.4510328390E+05 -1.4510058269E+05 -1.4510038706E+05
           HessRho_EigVec1 =  6.9818393525E-01 -2.8859518961E-01 -6.5517326646E-01
           HessRho_EigVec2 =  7.0547047480E-01  4.3311504742E-01  5.6100157299E-01
           HessRho_EigVec3 = -1.2186304504E-01  8.5388768128E-01 -5.0598935366E-01
           DelSqRho = -4.3530425365E+05
           Bond Ellipticity = NA
           V = -1.0883609060E+05
           G =  5.0135910771E+00
           K =  1.0883107700E+05
           L =  1.0882606341E+05
           Vnuc =  5.7707970397E+06
           Ven = -6.7958028214E+08
           Vrep =  6.7947144605E+08
           DelSqV =  2.4969136431E+09
           DelSqVen =  2.5120528794E+12
           DelSqVrep = -2.5095559657E+12
           DelSqG =  1.3411383377E+08
           DelSqK = -2.6310274768E+09
           Stress_EigVals = -3.6279062702E+04 -3.6278995522E+04 -3.6278032371E+04
           Stress_EigVec1 =  2.1248410130E-01  9.5734680608E-01 -1.9579989678E-01
           Stress_EigVec2 =  6.8329773559E-01 -2.3286488690E-03  7.3013613932E-01
           Stress_EigVec3 =  6.9853755177E-01 -2.8893194749E-01 -6.5464770563E-01
           -DivStress = -4.3887540657E+02  6.6398782285E+02 -2.9829152863E+02
           ESP =  -1.4564706445E+01     ESP at Nucleus =  -1.4564706443E+01
           ESPe = -4.1671854577E+01     ESPe at Nucleus = -4.1671854255E+01
           ESPn =  2.7107148132E+01     ESPn at Nucleus =  2.7107147812E+01

CP# 7      Coords =  2.99908799570173E+00 -3.51167178203830E+00  7.39970841578551E-01
           Type = (3,-3) NACP H7
           Rho =  4.2859766103E-01     Rho at Nucleus =  4.2510204381E-01
           GradRho = -1.3129688309E-15 -2.9230090570E-16 -8.9186470709E-16
           HessRho_EigVals = -6.5583050232E+00 -6.5507215143E+00 -5.9711177615E+00
           HessRho_EigVec1 =  6.1885439701E-01  5.6203780478E-01  5.4875562986E-01
           HessRho_EigVec2 = -7.6306066986E-01  2.6433650030E-01  5.8980049909E-01
           HessRho_EigVec3 = -1.8643403505E-01  7.8373447073E-01 -5.9245474930E-01
           DelSqRho = -1.9080144299E+01
           Bond Ellipticity = NA
           V = -4.7796655761E+00
           G =  4.8147506520E-03
           K =  4.7748508254E+00
           L =  4.7700360747E+00
           Vnuc =  5.7873947088E+01
           Ven = -2.4804638357E+01
           Vrep =  2.0024972781E+01
           DelSqV =  7.1981007903E+02
           DelSqVen =  1.1042432616E+03
           DelSqVrep = -3.8443318257E+02
           DelSqG =  7.1140851508E+01
           DelSqK = -7.9095093054E+02
           Stress_EigVals = -1.6427802923E+00 -1.6418224926E+00 -1.4950627912E+00
           Stress_EigVec1 =  5.3943851131E-01  5.8670566368E-01  6.0397231453E-01
           Stress_EigVec2 = -8.2099156768E-01  2.0716054462E-01  5.3203134734E-01
           Stress_EigVec3 = -1.8702657112E-01  7.8285437532E-01 -5.9343077839E-01
           -DivStress =  1.4602621234E+00 -6.0479024042E+00  4.5906367359E+00
           ESP =  -1.0081178577E+00     ESP at Nucleus =  -1.0104651752E+00
           ESPe = -2.9295669259E+01     ESPe at Nucleus = -2.9194932207E+01
           ESPn =  2.8287551401E+01     ESPn at Nucleus =  2.8184467032E+01

CP# 8      Coords =  8.70131887539812E-01 -8.04624808059011E-01 -3.82404739506844E+00
           Type = (3,-3) NACP H8
           Rho =  4.2678561037E-01     Rho at Nucleus =  4.2309523757E-01
           GradRho =  5.3646323495E-16 -1.2999584048E-15  5.7159138533E-16
           HessRho_EigVals = -6.5139683110E+00 -6.5060441872E+00 -5.9106316558E+00
           HessRho_EigVec1 =  5.8559457576E-01  5.8717418786E-01  5.5884297075E-01
           HessRho_EigVec2 = -8.0051195855E-01  3.1045435794E-01  5.1263895273E-01
           HessRho_EigVec3 = -1.2751312506E-01  7.4755907108E-01 -6.5184034716E-01
           DelSqRho = -1.8930644154E+01
           Bond Ellipticity = NA
           V = -4.7421328154E+00
           G =  4.7358884580E-03
           K =  4.7373969270E+00
           L =  4.7326610385E+00
           Vnuc =  5.6899952747E+01
           Ven = -2.4284081063E+01
           Vrep =  1.9541948248E+01
           DelSqV =  7.1302475070E+02
           DelSqVen =  1.0771527578E+03
           DelSqVrep = -3.6412800712E+02
           DelSqG =  7.0327897120E+01
           DelSqK = -7.8335264782E+02
           Stress_EigVals = -1.6317500547E+00 -1.6306849390E+00 -1.4796978217E+00
           Stress_EigVec1 =  5.4386632969E-01  6.0345980200E-01  5.8313436084E-01
           Stress_EigVec2 = -8.2941802180E-01  2.8091551266E-01  4.8285838489E-01
           Stress_EigVec3 = -1.2757413742E-01  7.4627256557E-01 -6.5330092404E-01
           -DivStress = -9.9684909378E-01  5.9203540794E+00 -5.1594024384E+00
           ESP =  -1.0079238518E+00     ESP at Nucleus =  -1.0103705750E+00
           ESPe = -2.9235733587E+01     ESPe at Nucleus = -2.9150906583E+01
           ESPn =  2.8227809735E+01     ESPn at Nucleus =  2.8140536008E+01

CP# 9      Coords =  1.07757261177578E+00  2.70842144917147E+00 -1.26556924768249E+00
           Type = (3,-3) NACP H9
           Rho =  4.3020170244E-01     Rho at Nucleus =  4.2660740059E-01
           GradRho =  1.4118090377E-12  1.0189128729E-14  7.2692611479E-13
           HessRho_EigVals = -6.5729948750E+00 -6.5641148004E+00 -5.9767804848E+00
           HessRho_EigVec1 =  2.9890828721E-02  9.9690847726E-01 -7.2663789654E-02
           HessRho_EigVec2 = -4.5685096318E-01  7.8284462812E-02  8.8609183515E-01
           HessRho_EigVec3 =  8.8904090783E-01  6.7105030165E-03  4.5777858551E-01
           DelSqRho = -1.9113890160E+01
           Bond Ellipticity = NA
           V = -4.7886519411E+00
           G =  5.0897005019E-03
           K =  4.7835622405E+00
           L =  4.7784725400E+00
           Vnuc =  5.9026908193E+01
           Ven = -2.5393476394E+01
           Vrep =  2.0604824453E+01
           DelSqV =  7.2054647054E+02
           DelSqVen =  1.1282338397E+03
           DelSqVrep = -4.0768736915E+02
           DelSqG =  7.1138197793E+01
           DelSqK = -7.9168466834E+02
           Stress_EigVals = -1.6465958884E+00 -1.6456022997E+00 -1.4964537530E+00
           Stress_EigVec1 = -7.6272202409E-03  9.9996278971E-01  4.0304726916E-03
           Stress_EigVec2 = -4.5642518579E-01 -7.0675658784E-03  8.8973372381E-01
           Stress_EigVec3 =  8.8972910219E-01  4.9465858202E-03  4.5646210796E-01
           -DivStress = -6.9777674836E+00 -5.4536922908E-02 -3.5882908481E+00
           ESP =  -1.0198887006E+00     ESP at Nucleus =  -1.0222518965E+00
