AIMSum (Version 19.02.13, Professional)
Copyright (c) 1997-2019 by Todd A. Keith
AIMSum is a component of the AIMAll package ( http://aim.tkgristmill.com )

TP:  64-bit Linux

Much of the Quantum Theory of Atoms in Molecules (QTAIM) is described in the book:
  "Atoms in Molecules - A Quantum Theory"
  R.F.W. Bader, Oxford University Press, Oxford, 1990

For additional references see:  http://aim.tkgristmill.com/references.html

Wfn File:  /home/mhennefarth/Documents/ML_Diels/summary-lam2009/15-opt/15-opt.wfn
Sum File:  /home/mhennefarth/Documents/ML_Diels/summary-lam2009/15-opt/15-opt.sum

SumViz File:  /home/mhennefarth/Documents/ML_Diels/summary-lam2009/15-opt/15-opt.sumviz

Wfn Title:   Title Card Required                                                           
 
Total memory allocated for AIMSum =        4.091 Megabytes

Atomic units (a.u.) used throughout, except where stated otherwise

Model:  Restricted SCF
 
Restricted, closed-shell, single-determinant wavefunction.
  Number of electrons (from MO Occs)                   =         198.0000000000
  Number of Alpha electrons (from MO Occs)             =          99.0000000000
  Number of Beta electrons (from MO Occs)              =          99.0000000000
  Number of electron pairs (N*(N-1)/2)                 =       19503.0000000000
  Number of electron pairs (from Muller 2EDM)          =       19503.0000000000
 
Nuclear Charges and Cartesian Coordinates:
-------------------------------------------------------------------------------
Atom      Charge                X                  Y                  Z
-------------------------------------------------------------------------------
C1         6.0          -3.7846417500E+00  -3.9365825000E+00   1.7447337400E+00
C2         6.0          -3.7161826700E+00  -1.7159537400E+00   4.8494931000E-01
C3         6.0          -2.1299145800E+00  -1.3398051800E+00  -1.7838995500E+00
C4         6.0          -1.1991407400E+00  -3.1364885100E+00  -3.3222100600E+00
C5         6.0           3.0146910300E+00  -3.3490842000E+00   2.7891822400E+00
C6         6.0           1.2872857800E+00  -3.3815403700E+00   4.6883561500E+00
H7         1.0          -1.7745700200E+00   6.2796362000E-01  -2.2863968600E+00
H8         1.0           3.7997064000E-01  -1.6123750000E+00   5.2042230300E+00
H9         1.0           3.9477323400E+00  -5.0801733000E+00   2.2165790000E+00
H10        1.0          -1.6389542700E+00  -5.1142407200E+00  -2.9499726000E+00
H11        1.0          -2.7191774300E+00  -5.5797065600E+00   1.1312107000E+00
C12        6.0           3.6647979400E+00  -1.0288104800E+00   1.5394685400E+00
O13        8.0           2.7647443400E+00   1.0769693900E+00   2.1817247300E+00
N14        7.0           5.4307247700E+00  -1.1281080000E+00  -4.2344483000E-01
Al15      13.0           3.5529274400E+00   4.5219183600E+00   1.3803969000E+00
C16        6.0           6.6470790100E+00  -3.4308006300E+00  -1.4229585100E+00
C17        6.0           6.3494928900E+00   9.8644774000E-01  -1.6579710000E+00
O18        8.0           5.8167382600E+00   3.2147126700E+00  -1.2130652500E+00
C19        6.0           6.8021507000E-01   6.0789711600E+00  -3.2644443000E-01
C20        6.0           5.6430738300E+00   5.8573079600E+00   4.1083576900E+00
C21        6.0           8.1186359000E+00  -2.3690845200E+00  -3.7059344700E+00
H22        1.0           5.2237833000E+00  -4.8113542100E+00  -1.9896606400E+00
H23        1.0           7.8904374700E+00  -4.2595921700E+00   4.0066600000E-03
O24        8.0           7.9529768900E+00   3.6554102000E-01  -3.4485086000E+00
H25        1.0           1.1613872600E+00   7.9847758500E+00  -9.8886560000E-01
H26        1.0           1.9776660000E-02   5.0166840900E+00  -1.9795990800E+00
H27        1.0          -9.3762769000E-01   6.2934427000E+00   9.5461316000E-01
H28        1.0           7.1500710000E+00   4.5651754300E+00   4.7086600400E+00
H29        1.0           6.5568798900E+00   7.6324861400E+00   3.5458154100E+00
H30        1.0           4.5074695600E+00   6.2871196300E+00   5.7901639500E+00
H31        1.0           7.2683681000E+00  -2.8592909400E+00  -5.5194324800E+00
H32        1.0           1.0116993230E+01  -2.8634327600E+00  -3.7049516500E+00
C33        6.0           3.1203987000E-01  -2.6217901300E+00  -5.6670629100E+00
H34        1.0           6.8527349000E-01  -6.0148358000E-01  -5.9204814100E+00
H35        1.0           2.1286777100E+00  -3.6356646000E+00  -5.6542971800E+00
H36        1.0          -6.8978614000E-01  -3.2946706200E+00  -7.3547876800E+00
C37        6.0           6.8037512000E-01  -5.6445124100E+00   6.2418091000E+00
H38        1.0          -1.3665677500E+00  -5.9087136500E+00   6.3849819600E+00
H39        1.0           1.5453323600E+00  -7.3728250000E+00   5.5123787300E+00
Si40      14.0          -8.4203626300E+00   9.6547381000E-01  -5.4778220000E-01
C41        6.0          -1.0046294010E+01   3.8011999700E+00   8.9539589000E-01
H42        1.0          -1.1856304150E+01   4.1700999200E+00  -4.3737010000E-02
H43        1.0          -1.0442298790E+01   3.5157183800E+00   2.9092643300E+00
H44        1.0          -8.8969503200E+00   5.5164714300E+00   7.1664224000E-01
C45        6.0          -1.0419064560E+01  -1.9668995500E+00  -1.5749032000E-01
H46        1.0          -9.4588450400E+00  -3.6524787900E+00  -8.8320105000E-01
H47        1.0          -1.0886880430E+01  -2.3147901200E+00   1.8313518600E+00
H48        1.0          -1.2207220370E+01  -1.7748300100E+00  -1.1866550800E+00
C49        6.0          -7.7557388200E+00   1.5670914700E+00  -4.0087353900E+00
H50        1.0          -9.5300348300E+00   1.8681364900E+00  -5.0367378100E+00
H51        1.0          -6.5919582600E+00   3.2598351900E+00  -4.2858812700E+00
H52        1.0          -6.7836811600E+00  -2.7312240000E-02  -4.9035314400E+00
C53        6.0          -5.2956209900E+00   5.1127160000E-01   1.2895468800E+00
H54        1.0          -4.2136838200E+00   2.2744189700E+00   1.1043663700E+00
H55        1.0          -5.8218253600E+00   3.3755519000E-01   3.2877236600E+00
H56        1.0          -5.0279481900E+00  -4.2008074800E+00   3.3574597200E+00
H57        1.0           1.3619019200E+00  -5.3343678400E+00   8.1808884600E+00
 
Some Atomic Properties:
----------------------
  q(A) = Net Charge of Atom A
  L(A) = Lagrangian of Atom A = -(1/4) Times Atomic Integral of the Laplacian of the Electron Density
  K(A) = Electronic Kinetic Energy of Atom A (Hamiltonian Form)
  K_Scaled(A) = K(A) * E(Mol)/K(Mol) = Approximation to Virial-Based Total Energy of Atom A.
  |Mu_Intra(A)| = Magnitude of Intraatomic Dipole Moment of Atom A
--------------------------------------------------------------------------------------------------
Atom A          q(A)              L(A)              K(A)          K_Scaled(A)      |Mu_Intra(A)|
--------------------------------------------------------------------------------------------------
C1       -1.2267819600E-01 -1.6338146575E-04  3.7722521839E+01 -3.8016380661E+01  1.4137612106E-01
C2        7.9892153000E-03 -3.9824096023E-04  3.7691894243E+01 -3.7985514476E+01  5.3459021479E-02
C3       -4.9304010600E-02  2.1324585650E-04  3.7727159496E+01 -3.8021054445E+01  8.0748646206E-02
C4       -6.1462672600E-02 -1.4624449982E-07  3.7714530994E+01 -3.8008327568E+01  8.6165705711E-02
C5       -1.0879952300E-02 -6.1877066984E-05  3.7723160853E+01 -3.8017024653E+01  2.1053943822E-01
C6        1.9874668100E-02 -1.7435396410E-04  3.7699436533E+01 -3.7993115521E+01  1.1959530965E-01
H7        3.1527614010E-02  2.8713767531E-05  6.0343266767E-01 -6.0813341419E-01  1.4931043140E-01
H8        1.1654651134E-01  3.4188506800E-05  5.7250721313E-01 -5.7696705005E-01  1.3339339145E-01
H9        6.3546458540E-02  2.0331752304E-06  5.9209413000E-01 -5.9670654919E-01  1.3830744049E-01
H10       4.1348153120E-02  1.0530787529E-05  5.9921032278E-01 -6.0387817719E-01  1.4805584607E-01
H11       2.8533938350E-02  4.8779682749E-05  6.0173491007E-01 -6.0642243104E-01  1.4842713585E-01
C12       1.3120061831E+00  2.2052465114E-04  3.6862238586E+01 -3.7149395793E+01  8.5851215119E-01
O13      -1.3166175102E+00  8.5513630753E-05  7.5343412447E+01 -7.5930338383E+01  2.9902322161E-01
N14      -1.1801218572E+00  5.4308588972E-05  5.4984860942E+01 -5.5413193558E+01  1.1275287383E-01
Al15      2.3990115500E+00  2.7275446820E-04  2.4086928016E+02 -2.4274565427E+02  9.3179831823E-02
C16       3.1046596950E-01  1.0334629304E-04  3.7527751631E+01 -3.7820093192E+01  5.2078877381E-01
C17       2.0764302706E+00 -3.2782934214E-04  3.6392517268E+01 -3.6676015341E+01  2.4998799384E-01
O18      -1.3002269267E+00  1.8458656057E-05  7.5373535326E+01 -7.5960695920E+01  3.9810628609E-01
C19      -8.1820429650E-01 -1.4636847823E-04  3.7894201404E+01 -3.8189397612E+01  1.2714686924E+00
C20      -8.2135104770E-01 -4.0554906515E-04  3.7894502242E+01 -3.8189700793E+01  1.2734633935E+00
C21       4.0529098200E-01 -4.4315525906E-04  3.7464077651E+01 -3.7755923190E+01  5.7902626133E-01
H22       8.4242512990E-02  2.9747913873E-05  5.8818657643E-01 -5.9276855574E-01  1.3696500047E-01
H23       7.9377763740E-02  3.1139755091E-05  5.9022235044E-01 -5.9482018845E-01  1.3934001914E-01
O24      -1.0570075430E+00  9.2551046308E-05  7.5304860581E+01 -7.5891486198E+01  3.3039915413E-01
H25       3.9857104210E-02  2.8663161696E-05  5.8534403889E-01 -5.8990387480E-01  1.5397520899E-01
H26       1.4846704520E-02 -1.8317648293E-05  5.9573449869E-01 -6.0037527639E-01  1.5643409895E-01
H27       2.8695601100E-02  3.3635522714E-05  5.8909504710E-01 -5.9368410340E-01  1.5547022300E-01
H28       1.7556375130E-02  3.9206263879E-05  5.9433756067E-01 -5.9896745621E-01  1.6003949130E-01
H29       3.8179496980E-02  3.2766796792E-05  5.8582360564E-01 -5.9038717739E-01  1.5425241701E-01
H30       3.3511909040E-02  3.1803112774E-05  5.8759457100E-01 -5.9217193858E-01  1.5557673206E-01
H31       9.5698980660E-02  2.8363927762E-05  5.8537084400E-01 -5.8993088873E-01  1.3689126636E-01
H32       1.0700161985E-01  3.2302686178E-05  5.8025094765E-01 -5.8477110834E-01  1.3453308136E-01
C33      -1.9512629800E-02 -4.6165752879E-06  3.7679296450E+01 -3.7972818547E+01  8.4098991147E-02
H34       2.2497524310E-02  2.3435781184E-05  6.0112848428E-01 -6.0581128119E-01  1.5172672250E-01
H35      -8.8423943000E-03  1.7047334257E-05  6.1228780123E-01 -6.1705752932E-01  1.5564088191E-01
H36       5.3365012840E-02  2.3702674701E-05  5.8841350611E-01 -5.9299725321E-01  1.4554584077E-01
C37      -1.8606064400E-02  7.3120622576E-06  3.7696706005E+01 -3.7990363722E+01  1.7113411466E-01
H38       7.5618661820E-02  2.6719823088E-05  5.8011469704E-01 -5.8463379633E-01  1.3821483160E-01
H39       4.4625847530E-02  2.8302633964E-05  5.9325729074E-01 -5.9787877096E-01  1.4539087401E-01
Si40      2.8627251300E+00 -8.5324182230E-05  2.8740575025E+02 -2.8964464392E+02  2.1597374190E-02
C41      -7.9177655450E-01 -6.8843449464E-05  3.7956569289E+01 -3.8252251343E+01  1.2193783216E+00
H42       3.5235747450E-02  2.1405725306E-05  5.8985098563E-01 -5.9444593071E-01  1.5204208164E-01
H43       2.6619543880E-02  2.5005489980E-05  5.9339458475E-01 -5.9801713450E-01  1.5437880638E-01
H44       2.4628804660E-02  2.5206321683E-05  5.9410204252E-01 -5.9873010337E-01  1.5494400192E-01
C45      -7.9425792020E-01 -1.0023985842E-04  3.7958569787E+01 -3.8254267425E+01  1.2196240368E+00
H46       2.7229741270E-02  5.4550788808E-05  5.9352129230E-01 -5.9814482910E-01  1.5315289527E-01
H47       2.4496716650E-02  2.5270339519E-05  5.9404863068E-01 -5.9867627545E-01  1.5504293778E-01
H48       3.4288089490E-02  2.2511274035E-05  5.9025291734E-01 -5.9485099347E-01  1.5244269622E-01
C49      -7.9144542300E-01  1.1392226463E-04  3.7956903370E+01 -3.8252588027E+01  1.2202234362E+00
H50       3.4729699720E-02  2.1876527592E-05  5.9014093981E-01 -5.9473814363E-01  1.5241634385E-01
H51       1.9875654940E-02  2.8361508397E-05  5.9586728912E-01 -6.0050910126E-01  1.5605104064E-01
H52       2.3864102440E-02  3.6829026032E-05  5.9549744038E-01 -6.0013637140E-01  1.5200439437E-01
C53      -6.5698403910E-01 -8.6402713242E-05  3.7923392901E+01 -3.8218816511E+01  1.1865762649E+00
H54       1.7523994220E-02  5.4128944553E-05  6.0269455430E-01 -6.0738955090E-01  1.5407230542E-01
H55       2.0931790200E-02  2.7604063516E-05  6.0321125013E-01 -6.0791027180E-01  1.5569881579E-01
H56       4.3648414760E-02  2.4231162604E-05  5.9355276969E-01 -5.9817655170E-01  1.4869747597E-01
H57       7.5374096860E-02  2.3395645377E-05  5.7659908209E-01 -5.8109079470E-01  1.4106731592E-01
--------------------------------------------------------------------------------------------------
Total     9.9953911712E-01 -3.8124863003E-04  1.5063060051E+03 -1.5180401439E+03
 
1st Largest |L(A)| = 4.4315525906E-04, atom C21     
2nd Largest |L(A)| = 4.0554906515E-04, atom C20     
 
Molecular charge q(Mol) from the wfn file:   1.0000000000E+00
Molecular energy E(Mol) from the wfn file:  -1.5180403254E+03
Molecular virial ratio (-V(Mol)/T(Mol)) from the wfn file:   2.0077900100E+00
Note.  K_Scaled(A) = (1+V(Mol)/T(Mol))*K(A) = (E(Mol)/T(Mol))*K(A)
       Only use K_Scaled(A) data with caution.
 
N_AIMInt(SumA)     =        198.000461
N_Analytic(Mol)    =        197.999970
 
G_AIMInt(SumA)     =       1506.306386
G_Analytic(Mol)    =       1506.306114
 
K_AIMInt(SumA)     =       1506.306005
K_Analytic(Mol)    =       1506.306114
 
L_AIMInt(SumA)     =         -0.000381
L_Analytic(Mol)    =          0.000000
 
VenT_AIMInt(SumA)  =      -8529.117377
VenT_Analytic(Mol) =      -8529.105625
 
Some Information About the Atomic Calculations:
----------------------------------------------
  Time(sec) = "Elapsed User Time", in Seconds, for Atom A by AIMInt and, if used, by TWOe
  NProc = Number of Processors Used for AIMInt Job
  BIM = Basin Integration Method
  OAQ = Angular Quadrature Outside of Beta Sphere
  ORQ = Multiple of Default for Radial Quadrature Outside of Beta Sphere
  IAQ = Multiple of Default for Angular Quadrature Inside of Beta Sphere
  IRQ = Multiple of Default for Radial Quadrature Inside of Beta Sphere
  MIR = Maximum Integration Radius
------------------------------------------------------------------------------------------------------
Atom A     Time(sec)   NProc      BIM          OAQ                     ORQ      IAQ      IRQ      MIR
------------------------------------------------------------------------------------------------------
C1            105        8     Proaim(5)    4500(GS4)                  1.00     1.00     1.00    13.00
C2            114        8     Proaim(5)    4500(GS4)                  1.00     1.00     1.00    13.00
C3            156        8     Proaim(5)    4500(GS4)                  1.00     1.00     1.00    13.00
C4             88        8     Proaim(5)    4500(GS4)                  1.00     1.00     1.00    13.00
C5             79        8     Proaim(5)    4500(GS4)                  1.00     1.00     1.00    13.00
C6             89        8     Proaim(5)    4500(GS4)                  1.00     1.00     1.00    13.00
H7             42        8     Proaim(5)    4500(GS4)                  1.00     1.00     1.00    13.00
H8             20        8     Proaim(5)    1800(GS4)                  1.00     1.00     1.00    13.00
H9             19        8     Proaim(5)    1800(GS4)                  1.00     1.00     1.00    13.00
H10            24        8     Proaim(5)    1800(GS4)                  1.00     1.00     1.00    13.00
H11            25        8     Proaim(5)    1800(GS4)                  1.00     1.00     1.00    13.00
C12           117        8     Proaim(5)    4500(GS4)                  1.00     1.00     1.00    13.00
O13            59        8     Proaim(5)    4500(GS4)                  1.00     1.00     1.00    13.00
N14            77        8     Proaim(5)    4500(GS4)                  1.00     1.00     1.00    13.00
Al15           77        8     Proaim(5)    4500(GS4)                  1.00     1.00     1.00    13.00
C16            68        8     Proaim(5)    4500(GS4)                  1.00     1.00     1.00    13.00
C17            42        8     Proaim(5)    7200(GS7)                  1.00     1.00     1.00    13.00
O18            43        8     Proaim(5)    4500(GS4)                  1.00     1.00     1.00    13.00
C19            55        8     Proaim(5)    4500(GS4)                  1.00     1.00     1.00    13.00
C20            47        8     Proaim(5)    4500(GS4)                  1.00     1.00     1.00    13.00
C21            40        8     Proaim(5)    4500(GS4)                  1.00     1.00     1.00    13.00
H22            35        8     Proaim(5)    4500(GS4)                  1.00     1.00     1.00    13.00
H23            13        8     Proaim(5)    1800(GS4)                  1.00     1.00     1.00    13.00
O24            32        8     Proaim(5)    4500(GS4)                  1.00     1.00     1.00    13.00
H25            12        8     Proaim(5)    1800(GS4)                  1.00     1.00     1.00    13.00
H26            30        8     Proaim(5)    4500(GS4)                  1.00     1.00     1.00    13.00
H27            30        8     Proaim(5)    4500(GS4)                  1.00     1.00     1.00    13.00
H28            12        8     Proaim(5)    1800(GS4)                  1.00     1.00     1.00    13.00
H29            11        8     Proaim(5)    1800(GS4)                  1.00     1.00     1.00    13.00
H30            12        8     Proaim(5)    1800(GS4)                  1.00     1.00     1.00    13.00
H31            29        8     Proaim(5)    4500(GS4)                  1.00     1.00     1.00    13.00
H32            10        8     Proaim(5)    1800(GS4)                  1.00     1.00     1.00    13.00
C33            56        8     Proaim(5)    4500(GS4)                  1.00     1.00     1.00    13.00
H34            18        8     Proaim(5)    1800(GS4)                  1.00     1.00     1.00    13.00
H35            43        8     Proaim(5)    4500(GS4)                  1.00     1.00     1.00    13.00
H36            12        8     Proaim(5)    1800(GS4)                  1.00     1.00     1.00    13.00
C37            56        8     Proaim(5)    4500(GS4)                  1.00     1.00     1.00    13.00
H38            18        8     Proaim(5)    1800(GS4)                  1.00     1.00     1.00    13.00
H39            12        8     Proaim(5)    1800(GS4)                  1.00     1.00     1.00    13.00
Si40           96        8     Proaim(5)    5400(GS5)                  1.00     1.00     1.00    13.00
C41            51        8     Proaim(5)    4500(GS4)                  1.00     1.00     1.00    13.00
H42            11        8     Proaim(5)    1800(GS4)                  1.00     1.00     1.00    13.00
H43            12        8     Proaim(5)    1800(GS4)                  1.00     1.00     1.00    13.00
H44            14        8     Proaim(5)    1800(GS4)                  1.00     1.00     1.00    13.00
C45            55        8     Proaim(5)    4500(GS4)                  1.00     1.00     1.00    13.00
H46            15        8     Proaim(5)    1800(GS4)                  1.00     1.00     1.00    13.00
H47            12        8     Proaim(5)    1800(GS4)                  1.00     1.00     1.00    13.00
H48            11        8     Proaim(5)    1800(GS4)                  1.00     1.00     1.00    13.00
C49            54        8     Proaim(5)    4500(GS4)                  1.00     1.00     1.00    13.00
H50            11        8     Proaim(5)    1800(GS4)                  1.00     1.00     1.00    13.00
H51            15        8     Proaim(5)    1800(GS4)                  1.00     1.00     1.00    13.00
H52            39        8     Proaim(5)    4500(GS4)                  1.00     1.00     1.00    13.00
C53            92        8     Proaim(5)    4500(GS4)                  1.00     1.00     1.00    13.00
H54            35        8     Proaim(5)    4500(GS4)                  1.00     1.00     1.00    13.00
H55            14        8     Proaim(5)    1800(GS4)                  1.00     1.00     1.00    13.00
H56            17        8     Proaim(5)    1800(GS4)                  1.00     1.00     1.00    13.00
H57            10        8     Proaim(5)    1800(GS4)                  1.00     1.00     1.00    13.00
------------------------------------------------------------------------------------------------------
Total        2391
Note:  Total wall clock time is less than total of atomic times if more than one atom
       was calculated at a time
 
Electron Density Critical Point Analysis of Molecular Structure:               
---------------------------------------------------------------                
  NACP = Nuclear Attractor Critical Point                                      
  NNACP = Non-Nuclear Attractor Critical Point                                 
  BCP = Bond Critical Point                                                    
  RCP = Ring Critical Point                                                    
  CCP = Cage Critical Point                                                    
  Rho = Electron Density                                                       
  GradRho = Gradient of Electron Density                                       
  HessRho_EigVals = Eigenvalues of the Hessian of Rho, Ascending Order         
  HessRho_EigVecs = Eigenvectors of the Hessian of Rho                         
  DelSqRho = Laplacian of Rho = Trace of Hessian of Rho                        
  Bond Ellipticity = (HessRho_EigVal(1) / HessRho_EigVal(2)) - 1               
  V = Virial Field = Potential Energy Density = Trace of Stress Tensor         
  G = Lagrangian Form of Kinetic Energy Density                                
  K = Hamiltonian Form of Kinetic Energy Density                               
  L = K - G = Lagrangian Density = (-1/4)DelSqRho                              
  Vnuc = Electrostatic Potential from Nuclei                                   
  Ven = Electron-nuclear attractive contribution to Virial Field V             
  Vrep = V - Ven = Repulsive contribution to Virial Field V                    
  DelSqV = Laplacian of V                                                      
  DelSqVen = Laplacian of Ven                                                  
  DelSqVrep = Laplacian of Vrep                                                
  DelSqG = Laplacian of G                                                      
  DelSqK = Laplacian of K                                                      
  Stress_EigVals = Eigenvalues of Stress Tensor, Ascending Order               
  Stress_EigVecs = Eigenvectors of Stress Tensor                               
  -DivStress = Ehrenfest Force Density = Minus Divergence of Stress Tensor     
  ESP = Total Electrostatic Potential                                          
  ESPe = Electrostatic Potential from Electrons                                
  ESPn = Electrostatic Potential from Nuclei                                   
  BP = Bond Path                                                               
  BPL = Bond Path Length                                                       
  GBL = Geometric Bond Length                                                  
  GBL_I = Distance Between Nuclear Attractors                                  
  GBL_II = Distance Between Nuclei                                             
  GBL_III = Sum of Distances Between BCP and Nuclear Attractors                
  GBL_IV = Sum of Distances Between BCP and Nuclei                             

CP# 1      Coords = -3.78464172809398E+00 -3.93658337743435E+00  1.74473396666893E+00
           Type = (3,-3) NACP C1
           Rho =  1.1768002985E+02     Rho at Nucleus =  1.1768002979E+02
           GradRho =  9.1779639444E-12 -1.4000928195E-10  4.5483034006E-11
           HessRho_EigVals = -1.4501537282E+05 -1.4501479921E+05 -1.4501466486E+05
           HessRho_EigVec1 =  7.3296902138E-01  3.8074209877E-01  5.6373031488E-01
           HessRho_EigVec2 = -6.8020993468E-01  4.2046526292E-01  6.0043601445E-01
           HessRho_EigVec3 =  8.4177467422E-03  8.2355595857E-01 -5.6717257042E-01
           DelSqRho = -4.3504483688E+05
           Bond Ellipticity = NA
           V = -1.0877151542E+05
           G =  5.1530994748E+00
           K =  1.0876636232E+05
           L =  1.0876120922E+05
           Vnuc =  6.6188590717E+06
           Ven = -7.7890753313E+08
           Vrep =  7.7879876162E+08
           DelSqV =  2.4954517733E+09
           DelSqVen =  2.8794995343E+12
           DelSqVrep = -2.8770042136E+12
           DelSqG =  1.3404922654E+08
           DelSqK = -2.6295009998E+09
           Stress_EigVals = -3.6257377230E+04 -3.6257286417E+04 -3.6256851772E+04
           Stress_EigVec1 =  3.9003944088E-02  8.5403083069E-01 -5.1875816386E-01
           Stress_EigVec2 = -6.6614477087E-01  4.0918421197E-01  6.2355386689E-01
           Stress_EigVec3 =  7.4480187741E-01  3.2124697804E-01  5.8486797015E-01
           -DivStress = -1.4484785354E+01  7.1588648185E+02 -1.8381641270E+02
           ESP =  -1.4656067371E+01     ESP at Nucleus =  -1.4656067381E+01
           ESPe = -4.0023858040E+01     ESPe at Nucleus = -4.0023859827E+01
           ESPn =  2.5367790670E+01     ESPn at Nucleus =  2.5367792446E+01

CP# 2      Coords = -3.71618236814445E+00 -1.71595242553126E+00  4.84947980752005E-01
           Type = (3,-3) NACP C2
           Rho =  1.1768409760E+02     Rho at Nucleus =  1.1768409734E+02
           GradRho =  2.4745178129E-10  1.0718660404E-09 -1.0697610575E-09
           HessRho_EigVals = -1.4500991164E+05 -1.4500870059E+05 -1.4500827752E+05
           HessRho_EigVec1 =  8.0012210802E-01  2.2289289461E-01  5.5688721460E-01
           HessRho_EigVec2 = -5.9666643385E-01  2.0041345228E-01  7.7706088234E-01
           HessRho_EigVec3 = -6.1593660137E-02  9.5401949963E-01 -2.9334794247E-01
           DelSqRho = -4.3502688975E+05
           Bond Ellipticity = NA
           V = -1.0876683145E+05
           G =  5.0545062041E+00
           K =  1.0876177694E+05
           L =  1.0875672244E+05
           Vnuc =  3.1685416642E+06
           Ven = -3.7288696644E+08
           Vrep =  3.7277819961E+08
           DelSqV =  2.4953341735E+09
           DelSqVen =  1.3784008868E+12
           DelSqVrep = -1.3759055526E+12
           DelSqG =  1.3403184186E+08
           DelSqK = -2.6293660153E+09
           Stress_EigVals = -3.6255911655E+04 -3.6255720244E+04 -3.6255199550E+04
           Stress_EigVec1 = -1.4637189124E-02  9.1621685638E-01 -4.0041531537E-01
           Stress_EigVec2 = -6.2263979311E-01  3.0498882248E-01  7.2062577403E-01
           Stress_EigVec3 =  7.8237167685E-01  2.5986244486E-01  5.6600889482E-01
           -DivStress = -2.4318946404E+02 -1.0665963103E+03  1.0797568854E+03
           ESP =  -1.4627620299E+01     ESP at Nucleus =  -1.4627620322E+01
           ESPe = -4.3325403337E+01     ESPe at Nucleus = -4.3325402376E+01
           ESPn =  2.8697783038E+01     ESPn at Nucleus =  2.8697782054E+01

CP# 3      Coords = -2.12991515024771E+00 -1.33980494159140E+00 -1.78389869640336E+00
           Type = (3,-3) NACP C3
           Rho =  1.1770292365E+02     Rho at Nucleus =  1.1770292357E+02
           GradRho = -1.3443105309E-10  7.2848393984E-11  2.3106826869E-10
           HessRho_EigVals = -1.4504005896E+05 -1.4503921429E+05 -1.4503893731E+05
           HessRho_EigVec1 =  8.6862273553E-01 -2.9183632591E-02  4.9461384827E-01
           HessRho_EigVec2 = -4.3157643696E-01 -5.3492811115E-01  7.2635645172E-01
           HessRho_EigVec3 = -2.4338513179E-01  8.4439341038E-01  4.7724568739E-01
           DelSqRho = -4.3511821056E+05
           Bond Ellipticity = NA
           V = -1.0878980487E+05
           G =  5.1261172765E+00
           K =  1.0878467876E+05
           L =  1.0877955264E+05
           Vnuc =  5.6933141673E+06
           Ven = -6.7011972276E+08
           Vrep =  6.7001093295E+08
           DelSqV =  2.4958658462E+09
           DelSqVen =  2.4772649288E+12
           DelSqVrep = -2.4747690629E+12
           DelSqG =  1.3406760438E+08
           DelSqK = -2.6299334506E+09
           Stress_EigVals = -3.6263519859E+04 -3.6263377249E+04 -3.6262907766E+04
           Stress_EigVec1 = -3.0469446863E-01  7.9099332309E-01  5.3055710684E-01
           Stress_EigVec2 = -4.3216902326E-01 -6.1121715629E-01  6.6305619912E-01
           Stress_EigVec3 =  8.4875863243E-01 -2.7260790381E-02  5.2807729850E-01
           -DivStress =  4.6818809743E+02 -1.8991713989E+02 -6.9127687112E+02
           ESP =  -1.4637846346E+01     ESP at Nucleus =  -1.4637846355E+01
           ESPe = -4.3300657153E+01     ESPe at Nucleus = -4.3300656767E+01
           ESPn =  2.8662810808E+01     ESPn at Nucleus =  2.8662810412E+01

CP# 4      Coords = -1.19913962682404E+00 -3.13648889283104E+00 -3.32221151365229E+00
           Type = (3,-3) NACP C4
           Rho =  1.1768157040E+02     Rho at Nucleus =  1.1768157015E+02
           GradRho =  8.7810543559E-10 -2.8022423271E-10 -1.0837284681E-09
           HessRho_EigVals = -1.4500854483E+05 -1.4500755627E+05 -1.4500721005E+05
           HessRho_EigVec1 =  8.0935172389E-01 -7.5906679057E-02  5.8239845734E-01
           HessRho_EigVec2 = -5.5557033380E-01 -4.2058360811E-01  7.1725241916E-01
           HessRho_EigVec3 = -1.9050299537E-01  9.0407278726E-01  3.8257156729E-01
           DelSqRho = -4.3502331115E+05
           Bond Ellipticity = NA
           V = -1.0876599945E+05
           G =  5.0858324318E+00
           K =  1.0876091362E+05
           L =  1.0875582779E+05
           Vnuc =  3.2076996480E+06
           Ven = -3.7748713196E+08
           Vrep =  3.7737836596E+08
           DelSqV =  2.4953168731E+09
           DelSqVen =  1.3954239857E+12
           DelSqVrep = -1.3929286688E+12
           DelSqG =  1.3403322465E+08
           DelSqK = -2.6293500978E+09
           Stress_EigVals = -3.6255612217E+04 -3.6255441155E+04 -3.6254946079E+04
           Stress_EigVec1 = -2.3753174038E-01  8.5930499948E-01  4.5296091463E-01
           Stress_EigVec2 = -5.1725338131E-01 -5.0658867020E-01  6.8979479467E-01
           Stress_EigVec3 =  8.2220898307E-01 -7.0447406609E-02  5.6480930505E-01
           -DivStress = -9.0110908545E+02  3.0799277162E+02  1.1887635239E+03
           ESP =  -1.4628159120E+01     ESP at Nucleus =  -1.4628159141E+01
           ESPe = -4.1042431431E+01     ESPe at Nucleus = -4.1042433353E+01
           ESPn =  2.6414272311E+01     ESPn at Nucleus =  2.6414274212E+01

CP# 5      Coords =  3.01469159486726E+00 -3.34908228222118E+00  2.78918078424575E+00
           Type = (3,-3) NACP C5
           Rho =  1.1761918239E+02     Rho at Nucleus =  1.1761918195E+02
           GradRho =  8.1369022631E-10  2.6731892255E-09 -2.0006073465E-09
           HessRho_EigVals = -1.4492905713E+05 -1.4492879447E+05 -1.4492845973E+05
           HessRho_EigVec1 =  1.5128389305E-01  8.7715324896E-01 -4.5575800766E-01
           HessRho_EigVec2 =  7.7243258928E-01  1.8280107935E-01  6.0822007563E-01
           HessRho_EigVec3 =  6.1681527115E-01 -4.4405623882E-01 -6.4988689635E-01
           DelSqRho = -4.3478631133E+05
           Bond Ellipticity = NA
           V = -1.0870710926E+05
           G =  5.2657119730E+00
           K =  1.0870184354E+05
           L =  1.0869657783E+05
           Vnuc =  2.4261429238E+06
           Ven = -2.8536094707E+08
           Vrep =  2.8525223996E+08
           DelSqV =  2.4939659219E+09
           DelSqVen =  1.0548537423E+12
           DelSqVrep = -1.0523597759E+12
           DelSqG =  1.3395849039E+08
           DelSqK = -2.6279244123E+09
           Stress_EigVals = -3.6235911716E+04 -3.6235707475E+04 -3.6235490064E+04
           Stress_EigVec1 = -6.6579948378E-01  3.6863562201E-01  6.4870549988E-01
           Stress_EigVec2 = -1.5370676482E-01 -9.1854243303E-01  3.6421700836E-01
           Stress_EigVec3 =  7.3012689160E-01  1.4278507244E-01  6.6822686660E-01
           -DivStress = -4.5128935692E+02 -1.5559448431E+03  1.1781138186E+03
           ESP =  -1.4582385620E+01     ESP at Nucleus =  -1.4582385650E+01
           ESPe = -4.2195603317E+01     ESPe at Nucleus = -4.2195599580E+01
           ESPn =  2.7613217697E+01     ESPn at Nucleus =  2.7613213931E+01

CP# 6      Coords =  1.28728574763107E+00 -3.38154143241400E+00  4.68835576092485E+00
           Type = (3,-3) NACP C6
           Rho =  1.1776621568E+02     Rho at Nucleus =  1.1776621558E+02
           GradRho = -8.8226648209E-12 -2.8268404284E-10 -1.3248141473E-10
           HessRho_EigVals = -1.4510916527E+05 -1.4510641535E+05 -1.4510620519E+05
           HessRho_EigVec1 =  7.3589688030E-01  1.9577979234E-01  6.4817131569E-01
           HessRho_EigVec2 = -5.1367100739E-01 -4.6225379971E-01  7.2281638112E-01
           HessRho_EigVec3 = -4.4113249454E-01  8.6486513259E-01  2.3960472595E-01
           DelSqRho = -4.3532178581E+05
           Bond Ellipticity = NA
           V = -1.0884046396E+05
           G =  5.0087559507E+00
           K =  1.0883545521E+05
           L =  1.0883044645E+05
           Vnuc =  5.3009443692E+06
           Ven = -6.2427215787E+08
           Vrep =  6.2416331741E+08
           DelSqV =  2.4970142654E+09
           DelSqVen =  2.3076162109E+12
           DelSqVrep = -2.3051191967E+12
           DelSqG =  1.3411976285E+08
           DelSqK = -2.6311340283E+09
           Stress_EigVals = -3.6280525955E+04 -3.6280457017E+04 -3.6279480991E+04
           Stress_EigVec1 = -6.1706433363E-01  5.8546156569E-01  5.2580068777E-01
           Stress_EigVec2 = -2.7403418172E-01 -7.8623221844E-01  5.5384489340E-01
           Stress_EigVec3 =  7.3765633964E-01  1.9767056886E-01  6.4559234103E-01
           -DivStress =  2.7159637690E+01  8.6898622662E+02  3.1476639779E+02
           ESP =  -1.4562047170E+01     ESP at Nucleus =  -1.4562047169E+01
           ESPe = -4.0317198315E+01     ESPe at Nucleus = -4.0317198197E+01
           ESPn =  2.5755151145E+01     ESPn at Nucleus =  2.5755151028E+01

CP# 7      Coords = -1.78036691999009E+00  5.95228164596022E-01 -2.27799943541296E+00
           Type = (3,-3) NACP H7
           Rho =  4.2915652010E-01     Rho at Nucleus =  4.2555737838E-01
           GradRho = -2.4080662464E-10 -1.3555366499E-09  3.4863417275E-10
           HessRho_EigVals = -6.5663902612E+00 -6.5583741577E+00 -5.9692652069E+00
           HessRho_EigVec1 =  5.5645668852E-01 -3.0098587593E-01 -7.7444396588E-01
           HessRho_EigVec2 =  8.1290831160E-01  4.4239697544E-03  5.8237488392E-01
           HessRho_EigVec3 =  1.7186049788E-01  9.5361833612E-01 -2.4713566778E-01
           DelSqRho = -1.9094029626E+01
           Bond Ellipticity = NA
           V = -4.7831608059E+00
           G =  4.8266997528E-03
           K =  4.7783341062E+00
           L =  4.7735074064E+00
           Vnuc =  5.8712874429E+01
           Ven = -2.5197012875E+01
           Vrep =  2.0413852069E+01
           DelSqV =  7.1987870841E+02
           DelSqVen =  1.1210653662E+03
           DelSqVrep = -4.0118665776E+02
           DelSqG =  7.1158367827E+01
           DelSqK = -7.9103707623E+02
           Stress_EigVals = -1.6447867111E+00 -1.6437679909E+00 -1.4946061039E+00
           Stress_EigVec1 = -5.0493426620E-01  2.9949425743E-01  8.0953355494E-01
           Stress_EigVec2 =  8.4597814072E-01 -1.4474718835E-02  5.3302107645E-01
           Stress_EigVec3 =  1.7135452208E-01  9.5398829777E-01 -2.4605681352E-01
           -DivStress =  1.3266383842E+00  7.4936097320E+00 -1.9216238992E+00
           ESP =  -1.0084833469E+00     ESP at Nucleus =  -1.0108720549E+00
           ESPe = -3.0557427796E+01     ESPe at Nucleus = -3.0481263537E+01
           ESPn =  2.9548944449E+01     ESPn at Nucleus =  2.9470391482E+01

CP# 8      Coords =  3.96510793201424E-01 -1.64445500798956E+00  5.19502397811732E+00
           Type = (3,-3) NACP H8
           Rho =  4.2284895579E-01     Rho at Nucleus =  4.1870881780E-01
           GradRho =  4.1588840911E-10 -8.0709353437E-10 -2.3139084312E-10
           HessRho_EigVals = -6.4405080061E+00 -6.4357522177E+00 -5.7917227420E+00
           HessRho_EigVec1 =  5.0785956276E-01  4.6892847778E-01 -7.2262351694E-01
           HessRho_EigVec2 =  7.3861403831E-01  1.9465438908E-01  6.4541379844E-01
           HessRho_EigVec3 = -4.4331474927E-01  8.6151944351E-01  2.4750006372E-01
           DelSqRho = -1.8667982966E+01
           Bond Ellipticity = NA
           V = -4.6753145299E+00
           G =  4.1593942201E-03
           K =  4.6711551357E+00
           L =  4.6669957415E+00
           Vnuc =  5.3972992467E+01
           Ven = -2.2822423506E+01
           Vrep =  1.8147108976E+01
           DelSqV =  7.0085475421E+02
           DelSqVen =  1.0075669053E+03
           DelSqVrep = -3.0671215114E+02
           DelSqG =  6.9038301301E+01
           DelSqK = -7.6989305551E+02
           Stress_EigVals = -1.6135307189E+00 -1.6119204064E+00 -1.4498634046E+00
           Stress_EigVec1 =  5.1037690501E-01  4.7129806158E-01 -7.1930073821E-01
           Stress_EigVec2 =  7.3642789758E-01  1.9238631719E-01  6.4858419394E-01
           Stress_EigVec3 = -4.4406009336E-01  8.6073552390E-01  2.4888750749E-01
           -DivStress = -3.7025240257E+00  7.1791392888E+00  2.0588807964E+00
           ESP =  -9.5683998094E-01     ESP at Nucleus =  -9.5960911161E-01
           ESPe = -2.8081908066E+01     ESPe at Nucleus = -2.8007325103E+01
           ESPn =  2.7125068085E+01     ESPn at Nucleus =  2.7047715991E+01

CP# 9      Coords =  3.93194276835462E+00 -5.04973117207098E+00  2.22598867767255E+00
           Type = (3,-3) NACP H9
           Rho =  4.2638780542E-01     Rho at Nucleus =  4.2255884963E-01
           GradRho = -8.3556425667E-13  1.6092006200E-12  4.9706202696E-13
           HessRho_EigVals = -6.5063148034E+00 -6.4989456477E+00 -5.8927538634E+00
           HessRho_EigVec1 =  5.1458597407E-01  4.9067033268E-01 -7.0316704980E-01
           HessRho_EigVec2 =  7.3163293481E-01  1.7636958552E-01  6.5848843423E-01
           HessRho_EigVec3 = -4.4711802021E-01  8.5330908464E-01  2.6823326056E-01
           DelSqRho = -1.8898014315E+01
           Bond Ellipticity = NA
           V = -4.7343261501E+00
           G =  4.9112857415E-03
           K =  4.7294148644E+00
           L =  4.7245035786E+00
           Vnuc =  5.4696886554E+01
           Ven = -2.3322085421E+01
           Vrep =  1.8587759271E+01
           DelSqV =  7.1124690299E+02
           DelSqVen =  1.0336625451E+03
           DelSqVrep = -3.2241564208E+02
           DelSqG =  7.0159964656E+01
           DelSqK = -7.8140686765E+02
           Stress_EigVals = -1.6296708432E+00 -1.6296529536E+00 -1.4750023533E+00
           Stress_EigVec1 =  2.2770747693E-01  3.9808507780E-01 -8.8863804543E-01
           Stress_EigVec2 =  8.6516140288E-01  3.3605885186E-01  3.7223674597E-01
           Stress_EigVec3 = -4.4681657525E-01  8.5357642828E-01  2.6788473112E-01
           -DivStress =  3.5778765029E+00 -6.9001968491E+00 -2.1314995349E+00
           ESP =  -9.4129025089E-01     ESP at Nucleus =  -9.4386172297E-01
           ESPe = -2.7517383147E+01     ESPe at Nucleus = -2.7407891794E+01
           ESPn =  2.6576092896E+01     ESPn at Nucleus =  2.6464030071E+01

CP# 10     Coords = -1.63129301972271E+00 -5.08096775457213E+00 -2.95633811230505E+00
           Type = (3,-3) NACP H10
           Rho =  4.2740174260E-01     Rho at Nucleus =  4.2373594963E-01
           GradRho =  6.3533417026E-10  2.7598780622E-09 -5.2819032481E-10
           HessRho_EigVals = -6.5234995405E+00 -6.5160573050E+00 -5.9217440914E+00
           HessRho_EigVec1 =  5.2717079390E-01 -2.7449204019E-01 -8.0420462193E-01
           HessRho_EigVec2 =  8.2095779761E-01 -7.9789256190E-02  5.6538656611E-01
           HessRho_EigVec3 =  2.1936100064E-01  9.5827334016E-01 -1.8328381525E-01
           DelSqRho = -1.8961300937E+01
           Bond Ellipticity = NA
           V = -4.7498024052E+00
