AIMSum (Version 19.02.13, Professional)
Copyright (c) 1997-2019 by Todd A. Keith
AIMSum is a component of the AIMAll package ( http://aim.tkgristmill.com )

TP:  64-bit Linux

Much of the Quantum Theory of Atoms in Molecules (QTAIM) is described in the book:
  "Atoms in Molecules - A Quantum Theory"
  R.F.W. Bader, Oxford University Press, Oxford, 1990

For additional references see:  http://aim.tkgristmill.com/references.html

Wfn File:  /home/mhennefarth/Documents/ML_Diels/summary-lam2009/16-opt/16-opt.wfn
Sum File:  /home/mhennefarth/Documents/ML_Diels/summary-lam2009/16-opt/16-opt.sum

SumViz File:  /home/mhennefarth/Documents/ML_Diels/summary-lam2009/16-opt/16-opt.sumviz

Wfn Title:   Title Card Required                                                           
 
Total memory allocated for AIMSum =        4.139 Megabytes

Atomic units (a.u.) used throughout, except where stated otherwise

Model:  Restricted SCF
 
Restricted, closed-shell, single-determinant wavefunction.
  Number of electrons (from MO Occs)                   =         198.0000000000
  Number of Alpha electrons (from MO Occs)             =          99.0000000000
  Number of Beta electrons (from MO Occs)              =          99.0000000000
  Number of electron pairs (N*(N-1)/2)                 =       19503.0000000000
  Number of electron pairs (from Muller 2EDM)          =       19503.0000000000
 
Nuclear Charges and Cartesian Coordinates:
-------------------------------------------------------------------------------
Atom      Charge                X                  Y                  Z
-------------------------------------------------------------------------------
C1         6.0           2.9394597000E+00   2.9294779000E+00  -4.2014719000E-01
C2         6.0           4.0394559000E+00   7.0643839000E-01   1.8358936000E-01
C3         6.0           2.8543745800E+00  -1.7452740000E+00  -4.4744734000E-01
C4         6.0           1.3218323900E+00  -2.2217447800E+00  -2.4172633900E+00
C5         6.0          -1.8674654800E+00   4.5096695000E-01   4.0381222000E+00
C6         6.0          -4.6531430000E-01   2.5382240500E+00   4.5494348700E+00
H7         1.0           3.3938801100E+00  -3.3275484500E+00   7.6352045000E-01
H8         1.0           8.9363918000E-01  -7.0099436000E-01  -3.7395576600E+00
H9         1.0           1.1432173500E+00   3.0272129000E+00  -1.4094047200E+00
C10        6.0           2.3532313000E-01  -4.7651161500E+00  -3.0499224800E+00
H11        1.0           7.6630596000E-01  -6.2014950400E+00  -1.6554831900E+00
H12        1.0          -1.8394279600E+00  -4.7084381200E+00  -3.1892298700E+00
H13        1.0           8.9908055000E-01  -5.4138159900E+00  -4.9052305600E+00
Si14      14.0           9.4517363400E+00  -1.4519210000E-02  -6.4785030000E-01
C15        6.0           1.2335673010E+01   1.8699022000E-01   1.4509550000E+00
H16        1.0           1.4065217730E+01  -1.3677347000E-01   3.5652898000E-01
H17        1.0           1.2508067950E+01   2.0505503800E+00   2.3405063300E+00
H18        1.0           1.2287189540E+01  -1.2304963600E+00   2.9620435400E+00
C19        6.0           9.5471984900E+00   2.5094728500E+00  -3.1699543000E+00
H20        1.0           7.8362927000E+00   2.4922991500E+00  -4.3367555400E+00
H21        1.0           9.7311574400E+00   4.4041508700E+00  -2.3506271400E+00
H22        1.0           1.1166956070E+01   2.2226794600E+00  -4.4300030700E+00
C23        6.0           9.2398624600E+00  -3.2595429700E+00  -2.1322616600E+00
H24        1.0           1.0914074710E+01  -3.6284032200E+00  -3.2968774900E+00
H25        1.0           9.1472044400E+00  -4.7548332700E+00  -6.9968297000E-01
H26        1.0           7.5788088500E+00  -3.4461723500E+00  -3.3542070100E+00
H27        1.0          -7.8104265000E-01   4.2208510400E+00   3.4150761100E+00
C28        6.0           1.4174825400E+00   2.7214983900E+00   6.6240418100E+00
H29        1.0           3.2677869900E+00   3.2453862000E+00   5.8504473000E+00
H30        1.0           8.7951189000E-01   4.2473988500E+00   7.9252030900E+00
H31        1.0           1.6069594700E+00   9.6428512000E-01   7.6928273500E+00
H32        1.0          -1.5974819400E+00  -1.2648666200E+00   5.1222325900E+00
C33        6.0          -3.6678004000E+00   4.6153413000E-01   2.0077042800E+00
O34        8.0          -4.1307392400E+00   2.4025562800E+00   7.1361589000E-01
N35        7.0          -4.9649007100E+00  -1.7781704600E+00   1.4817392700E+00
Al36      13.0          -6.4022520000E+00   3.1797491900E+00  -2.0032572300E+00
C37        6.0          -4.4947720800E+00  -4.2545569800E+00   2.6787366200E+00
C38        6.0          -6.6595022000E+00  -2.0414740800E+00  -4.9490653000E-01
O39        8.0          -7.3694929300E+00  -3.7705061000E-01  -1.9677088600E+00
C40        6.0          -9.2254989500E+00   5.1082408700E+00  -6.2724859000E-01
C41        6.0          -4.4188139100E+00   3.7718758900E+00  -5.0536171500E+00
C42        6.0          -6.5139805900E+00  -5.9155044400E+00   1.3909559400E+00
H43        1.0          -4.7726321300E+00  -4.1491642600E+00   4.7197261500E+00
H44        1.0          -2.5676278300E+00  -4.8728306100E+00   2.2658765900E+00
O45        8.0          -7.4865063600E+00  -4.3762853400E+00  -6.7335618000E-01
H46        1.0          -1.0798427980E+01   5.1912607000E+00  -1.9768995800E+00
H47        1.0          -9.9828329800E+00   4.3282006300E+00   1.1385748900E+00
H48        1.0          -8.6793195500E+00   7.0711460600E+00  -2.3808926000E-01
H49        1.0          -2.9610303000E+00   2.3360495700E+00  -5.3900931000E+00
H50        1.0          -5.6342261500E+00   3.8020862200E+00  -6.7342634900E+00
H51        1.0          -3.4611021200E+00   5.6108463000E+00  -4.9891166800E+00
H52        1.0          -8.1094721300E+00  -6.3575083300E+00   2.6201587400E+00
H53        1.0          -5.7593238500E+00  -7.6423847500E+00   5.6315221000E-01
C54        6.0           6.5577119400E+00   5.8144246000E-01   1.5064247900E+00
H55        1.0           6.5525336600E+00  -9.1879598000E-01   2.9443838200E+00
H56        1.0           6.9412564100E+00   2.3634176800E+00   2.4972521800E+00
H57        1.0           3.8666295200E+00   4.7189677900E+00  -2.5499920000E-02
 
Some Atomic Properties:
----------------------
  q(A) = Net Charge of Atom A
  L(A) = Lagrangian of Atom A = -(1/4) Times Atomic Integral of the Laplacian of the Electron Density
  K(A) = Electronic Kinetic Energy of Atom A (Hamiltonian Form)
  K_Scaled(A) = K(A) * E(Mol)/K(Mol) = Approximation to Virial-Based Total Energy of Atom A.
  |Mu_Intra(A)| = Magnitude of Intraatomic Dipole Moment of Atom A
--------------------------------------------------------------------------------------------------
Atom A          q(A)              L(A)              K(A)          K_Scaled(A)      |Mu_Intra(A)|
--------------------------------------------------------------------------------------------------
C1       -1.2165993060E-01 -2.0026296575E-05  3.7721070663E+01 -3.8014991737E+01  1.4319710991E-01
C2        3.8124537000E-03 -3.3917148807E-04  3.7694951486E+01 -3.7988669041E+01  5.5564458386E-02
C3       -5.5685989300E-02  4.7057482066E-04  3.7727253553E+01 -3.8021222804E+01  8.3639653421E-02
C4       -6.0406451300E-02  8.8844010763E-05  3.7713945316E+01 -3.8007810870E+01  9.0202063222E-02
C5       -8.1298609000E-03  4.2939046371E-04  3.7724438253E+01 -3.8018385567E+01  2.1280983767E-01
C6        2.1111202300E-02  1.5212082360E-04  3.7702307563E+01 -3.7996082436E+01  1.1854644370E-01
H7        2.6402136800E-02  3.1980942033E-05  6.0353317950E-01 -6.0823588590E-01  1.5660365051E-01
H8        4.5383283660E-02  3.7512678011E-05  5.9671559821E-01 -6.0136518228E-01  1.4680027830E-01
H9        3.6956556210E-02  3.3880024761E-05  5.9798585091E-01 -6.0264533274E-01  1.4157825858E-01
C10      -2.3015701500E-02 -2.5175052849E-04  3.7680402665E+01 -3.7974006856E+01  8.2705540535E-02
H11       1.6134490290E-02  2.1099648840E-05  6.0341152634E-01 -6.0811328482E-01  1.5313027135E-01
H12       3.3471359000E-04  2.5059591103E-05  6.0883706749E-01 -6.1358110157E-01  1.5276134382E-01
H13       5.4389890560E-02  2.2023338311E-05  5.8802240903E-01 -5.9260425612E-01  1.4525449403E-01
Si14      2.8626497800E+00  8.0516266459E-05  2.8740551479E+02 -2.8964496707E+02  2.1797064791E-02
C15      -7.9243073270E-01 -1.2868080438E-04  3.7957211658E+01 -3.8252972732E+01  1.2199666369E+00
H16       3.5824953180E-02  2.8470149448E-05  5.8963922128E-01 -5.9423366650E-01  1.5188851773E-01
H17       2.6399571070E-02  2.5643961334E-05  5.9349295321E-01 -5.9811742657E-01  1.5444622288E-01
H18       2.4812144780E-02  2.4427328264E-05  5.9402275302E-01 -5.9865135455E-01  1.5492326460E-01
C19      -7.9483201570E-01  1.2835306834E-04  3.7959127445E+01 -3.8254903448E+01  1.2202067761E+00
H20       2.7910686350E-02  4.1242804616E-05  5.9333863457E-01 -5.9796190548E-01  1.5293379661E-01
H21       2.5168770480E-02  2.6452650209E-05  5.9379905986E-01 -5.9842591838E-01  1.5485146254E-01
H22       3.4683922000E-02  2.6392333173E-05  5.9007790782E-01 -5.9467577127E-01  1.5236380553E-01
C23      -7.9164616600E-01  1.2848264613E-04  3.7957094823E+01 -3.8252854988E+01  1.2201899878E+00
H24       3.5107492450E-02  2.7029576672E-05  5.8996061217E-01 -5.9455756166E-01  1.5229190926E-01
H25       1.9608143370E-02  2.5391978106E-05  5.9598114343E-01 -6.0062500466E-01  1.5632079424E-01
H26       2.4426504020E-02  2.3777859582E-05  5.9526856590E-01 -5.9990687475E-01  1.5178666283E-01
H27       1.1492169004E-01  9.8532504404E-06  5.7364385943E-01 -5.7811366943E-01  1.3338974642E-01
C28      -1.9389247400E-02 -6.8094932402E-05  3.7697628337E+01 -3.7991366749E+01  1.7304119309E-01
H29       7.9616581440E-02  2.7865347768E-05  5.7678019887E-01 -5.8127444711E-01  1.3694679814E-01
H30       7.4616639960E-02  2.3089424146E-05  5.7738783757E-01 -5.8188682051E-01  1.4106663552E-01
H31       4.3947136240E-02  2.1778724002E-05  5.9364927133E-01 -5.9827496270E-01  1.4551469987E-01
H32       6.4540196320E-02  7.6087841156E-05  5.9190324285E-01 -5.9651532924E-01  1.3813861878E-01
C33       1.3111959402E+00  2.3854782679E-04  3.6865159997E+01 -3.7152411849E+01  8.5705472913E-01
O34      -1.3159731043E+00  7.7351364780E-05  7.5342333829E+01 -7.5929398281E+01  2.9590537010E-01
N35      -1.1786018023E+00  1.1703006616E-04  5.4983201227E+01 -5.5411628131E+01  1.1342495146E-01
Al36      2.3978814120E+00  2.8050897109E-04  2.4087093955E+02 -2.4274779628E+02  9.4422397885E-02
C37       3.0894509990E-01 -1.1691074768E-05  3.7529737021E+01 -3.7822167230E+01  5.2243619403E-01
C38       2.0740865036E+00 -2.3204791527E-04  3.6394148638E+01 -3.6677730388E+01  2.5237591177E-01
O39      -1.2995169568E+00  4.2796459020E-05  7.5373574398E+01 -7.5960882275E+01  3.9889459917E-01
C40      -8.2281313220E-01 -2.7402772182E-04  3.7894905690E+01 -3.8190181279E+01  1.2742413037E+00
C41      -8.2054046170E-01 -3.0340475807E-04  3.7894182985E+01 -3.8189452943E+01  1.2737283461E+00
C42       4.0434087470E-01 -1.6974151460E-04  3.7465147888E+01 -3.7757074822E+01  5.7824466950E-01
H43       8.2978044370E-02  3.1056855725E-05  5.8895632019E-01 -5.9354544428E-01  1.3734562820E-01
H44       8.3142833490E-02  2.3695112147E-05  5.8846423766E-01 -5.9304952746E-01  1.3782693378E-01
O45      -1.0581951119E+00  1.2292048294E-04  7.5303726696E+01 -7.5890490322E+01  3.3017455835E-01
H46       3.8373200600E-02  3.1403022165E-05  5.8574024354E-01 -5.9030430808E-01  1.5427103423E-01
H47       1.9110283420E-02  3.1815674841E-05  5.9372323692E-01 -5.9834950463E-01  1.5971381875E-01
H48       3.4337220250E-02  3.4644643848E-05  5.8727455664E-01 -5.9185057650E-01  1.5538111313E-01
H49       1.4188399670E-02  4.3608142943E-05  5.9569020097E-01 -6.0033179519E-01  1.5771227670E-01
H50       3.9223545470E-02  3.1039556021E-05  5.8546196116E-01 -5.9002385734E-01  1.5388662051E-01
H51       3.3371285960E-02  3.2939461926E-05  5.8763627440E-01 -5.9221511274E-01  1.5547168469E-01
H52       9.8101770290E-02  2.6484804716E-05  5.8468731453E-01 -5.8924317470E-01  1.3651424699E-01
H53       1.0577719957E-01  3.4493788491E-05  5.8073656117E-01 -5.8526163722E-01  1.3466661060E-01
C54      -6.5527908150E-01 -1.4652833232E-04  3.7920072287E+01 -3.8215543974E+01  1.1809983951E+00
H55       1.3738029610E-02  4.0679649359E-05  6.0361988542E-01 -6.0832326743E-01  1.5950223100E-01
H56       1.5768212690E-02  2.1483232421E-05  6.0475842931E-01 -6.0947068280E-01  1.5641994835E-01
H57       4.5876517120E-02  3.0386968944E-05  5.9243791584E-01 -5.9705416838E-01  1.4847920478E-01
--------------------------------------------------------------------------------------------------
Total     1.0010795656E+00  1.4050622692E-03  1.5063047148E+03 -1.5180417809E+03
 
1st Largest |L(A)| = 4.7057482066E-04, atom C3      
2nd Largest |L(A)| = 4.2939046371E-04, atom C5      
 
Molecular charge q(Mol) from the wfn file:   1.0000000000E+00
Molecular energy E(Mol) from the wfn file:  -1.5180414414E+03
Molecular virial ratio (-V(Mol)/T(Mol)) from the wfn file:   2.0077919600E+00
Note.  K_Scaled(A) = (1+V(Mol)/T(Mol))*K(A) = (E(Mol)/T(Mol))*K(A)
       Only use K_Scaled(A) data with caution.
 
N_AIMInt(SumA)     =        197.998920
N_Analytic(Mol)    =        197.999971
 
G_AIMInt(SumA)     =       1506.303310
G_Analytic(Mol)    =       1506.304311
 
K_AIMInt(SumA)     =       1506.304715
K_Analytic(Mol)    =       1506.304311
 
L_AIMInt(SumA)     =          0.001405
L_Analytic(Mol)    =          0.000000
 
VenT_AIMInt(SumA)  =      -8463.404625
VenT_Analytic(Mol) =      -8463.426798
 
Some Information About the Atomic Calculations:
----------------------------------------------
  Time(sec) = "Elapsed User Time", in Seconds, for Atom A by AIMInt and, if used, by TWOe
  NProc = Number of Processors Used for AIMInt Job
  BIM = Basin Integration Method
  OAQ = Angular Quadrature Outside of Beta Sphere
  ORQ = Multiple of Default for Radial Quadrature Outside of Beta Sphere
  IAQ = Multiple of Default for Angular Quadrature Inside of Beta Sphere
  IRQ = Multiple of Default for Radial Quadrature Inside of Beta Sphere
  MIR = Maximum Integration Radius
------------------------------------------------------------------------------------------------------
Atom A     Time(sec)   NProc      BIM          OAQ                     ORQ      IAQ      IRQ      MIR
------------------------------------------------------------------------------------------------------
C1            105        8     Proaim(5)    4500(GS4)                  1.00     1.00     1.00    13.00
C2            115        8     Proaim(5)    4500(GS4)                  1.00     1.00     1.00    13.00
C3            899        8    Promega(5)    4500(GS4)                  1.00     1.00     1.00    13.00
C4             76        8     Proaim(5)    4500(GS4)                  1.00     1.00     1.00    13.00
C5            210        8    Promega(1)    4500(GS4)                  1.00     1.00     1.00    13.00
C6             95        8     Proaim(5)    4500(GS4)                  1.00     1.00     1.00    13.00
H7             19        8     Proaim(5)    1800(GS4)                  1.00     1.00     1.00    13.00
H8             29        8     Proaim(5)    4500(GS4)                  1.00     1.00     1.00    13.00
H9             40        8     Proaim(5)    4500(GS4)                  1.00     1.00     1.00    13.00
C10            71        8     Proaim(5)    4500(GS4)                  1.00     1.00     1.00    13.00
H11            16        8     Proaim(5)    1800(GS4)                  1.00     1.00     1.00    13.00
H12            46        8     Proaim(5)    4500(GS4)                  1.00     1.00     1.00    13.00
H13            12        8     Proaim(5)    1800(GS4)                  1.00     1.00     1.00    13.00
Si14           82        8     Proaim(5)    5400(GS5)                  1.00     1.00     1.00    13.00
C15            44        8     Proaim(5)    4500(GS4)                  1.00     1.00     1.00    13.00
H16            11        8     Proaim(5)    1800(GS4)                  1.00     1.00     1.00    13.00
H17            12        8     Proaim(5)    1800(GS4)                  1.00     1.00     1.00    13.00
H18            12        8     Proaim(5)    1800(GS4)                  1.00     1.00     1.00    13.00
C19            53        8     Proaim(5)    4500(GS4)                  1.00     1.00     1.00    13.00
H20            15        8     Proaim(5)    1800(GS4)                  1.00     1.00     1.00    13.00
H21            12        8     Proaim(5)    1800(GS4)                  1.00     1.00     1.00    13.00
H22            11        8     Proaim(5)    1800(GS4)                  1.00     1.00     1.00    13.00
C23            49        8     Proaim(5)    4500(GS4)                  1.00     1.00     1.00    13.00
H24            12        8     Proaim(5)    1800(GS4)                  1.00     1.00     1.00    13.00
H25            13        8     Proaim(5)    1800(GS4)                  1.00     1.00     1.00    13.00
H26            34        8     Proaim(5)    4500(GS4)                  1.00     1.00     1.00    13.00
H27            20        8     Proaim(5)    1800(GS4)                  1.00     1.00     1.00    13.00
C28            46        8     Proaim(5)    4500(GS4)                  1.00     1.00     1.00    13.00
H29            27        8     Proaim(5)    4500(GS4)                  1.00     1.00     1.00    13.00
H30            11        8     Proaim(5)    1800(GS4)                  1.00     1.00     1.00    13.00
H31            13        8     Proaim(5)    1800(GS4)                  1.00     1.00     1.00    13.00
H32            22        8     Proaim(5)    1800(GS4)                  1.00     1.00     1.00    13.00
C33            94        8     Proaim(5)    4500(GS4)                  1.00     1.00     1.00    13.00
O34            62        8     Proaim(5)    4500(GS4)                  1.00     1.00     1.00    13.00
N35           105        8     Proaim(5)    4500(GS4)                  1.00     1.00     1.00    13.00
Al36           76        8     Proaim(5)    4500(GS4)                  1.00     1.00     1.00    13.00
C37            63        8     Proaim(5)    4500(GS4)                  1.00     1.00     1.00    13.00
C38            52        8     Proaim(5)    6300(GS6)                  1.00     1.00     1.00    13.00
O39            41        8     Proaim(5)    4500(GS4)                  1.00     1.00     1.00    13.00
C40            46        8     Proaim(5)    4500(GS4)                  1.00     1.00     1.00    13.00
C41            54        8     Proaim(5)    4500(GS4)                  1.00     1.00     1.00    13.00
C42            39        8     Proaim(5)    4500(GS4)                  1.00     1.00     1.00    13.00
H43            13        8     Proaim(5)    1800(GS4)                  1.00     1.00     1.00    13.00
H44            33        8     Proaim(5)    4500(GS4)                  1.00     1.00     1.00    13.00
O45            34        8     Proaim(5)    4500(GS4)                  1.00     1.00     1.00    13.00
H46            13        8     Proaim(5)    1800(GS4)                  1.00     1.00     1.00    13.00
H47            12        8     Proaim(5)    1800(GS4)                  1.00     1.00     1.00    13.00
H48            11        8     Proaim(5)    1800(GS4)                  1.00     1.00     1.00    13.00
H49            38        8     Proaim(5)    4500(GS4)                  1.00     1.00     1.00    13.00
H50            11        8     Proaim(5)    1800(GS4)                  1.00     1.00     1.00    13.00
H51            13        8     Proaim(5)    1800(GS4)                  1.00     1.00     1.00    13.00
H52            11        8     Proaim(5)    1800(GS4)                  1.00     1.00     1.00    13.00
H53            11        8     Proaim(5)    1800(GS4)                  1.00     1.00     1.00    13.00
C54            82        8     Proaim(5)    4500(GS4)                  1.00     1.00     1.00    13.00
H55            16        8     Proaim(5)    1800(GS4)                  1.00     1.00     1.00    13.00
H56            31        8     Proaim(5)    4500(GS4)                  1.00     1.00     1.00    13.00
H57            14        8     Proaim(5)    1800(GS4)                  1.00     1.00     1.00    13.00
------------------------------------------------------------------------------------------------------
Total        3207
Note:  Total wall clock time is less than total of atomic times if more than one atom
       was calculated at a time
 
Electron Density Critical Point Analysis of Molecular Structure:               
---------------------------------------------------------------                
  NACP = Nuclear Attractor Critical Point                                      
  NNACP = Non-Nuclear Attractor Critical Point                                 
  BCP = Bond Critical Point                                                    
  RCP = Ring Critical Point                                                    
  CCP = Cage Critical Point                                                    
  Rho = Electron Density                                                       
  GradRho = Gradient of Electron Density                                       
  HessRho_EigVals = Eigenvalues of the Hessian of Rho, Ascending Order         
  HessRho_EigVecs = Eigenvectors of the Hessian of Rho                         
  DelSqRho = Laplacian of Rho = Trace of Hessian of Rho                        
  Bond Ellipticity = (HessRho_EigVal(1) / HessRho_EigVal(2)) - 1               
  V = Virial Field = Potential Energy Density = Trace of Stress Tensor         
  G = Lagrangian Form of Kinetic Energy Density                                
  K = Hamiltonian Form of Kinetic Energy Density                               
  L = K - G = Lagrangian Density = (-1/4)DelSqRho                              
  Vnuc = Electrostatic Potential from Nuclei                                   
  Ven = Electron-nuclear attractive contribution to Virial Field V             
  Vrep = V - Ven = Repulsive contribution to Virial Field V                    
  DelSqV = Laplacian of V                                                      
  DelSqVen = Laplacian of Ven                                                  
  DelSqVrep = Laplacian of Vrep                                                
  DelSqG = Laplacian of G                                                      
  DelSqK = Laplacian of K                                                      
  Stress_EigVals = Eigenvalues of Stress Tensor, Ascending Order               
  Stress_EigVecs = Eigenvectors of Stress Tensor                               
  -DivStress = Ehrenfest Force Density = Minus Divergence of Stress Tensor     
  ESP = Total Electrostatic Potential                                          
  ESPe = Electrostatic Potential from Electrons                                
  ESPn = Electrostatic Potential from Nuclei                                   
  BP = Bond Path                                                               
  BPL = Bond Path Length                                                       
  GBL = Geometric Bond Length                                                  
  GBL_I = Distance Between Nuclear Attractors                                  
  GBL_II = Distance Between Nuclei                                             
  GBL_III = Sum of Distances Between BCP and Nuclear Attractors                
  GBL_IV = Sum of Distances Between BCP and Nuclei                             

CP# 1      Coords =  2.93945931977546E+00  2.92947849692252E+00 -4.20147535961657E-01
           Type = (3,-3) NACP C1
           Rho =  1.1768542386E+02     Rho at Nucleus =  1.1768542381E+02
           GradRho = -4.8804446595E-11  5.6633059353E-11 -4.2429448843E-11
           HessRho_EigVals = -1.4502279350E+05 -1.4502214754E+05 -1.4502204324E+05
           HessRho_EigVec1 = -4.1375968258E-01 -2.6585312617E-02  9.0999788254E-01
           HessRho_EigVec2 =  8.2091317161E-01  4.2124144132E-01  3.8556090673E-01
           HessRho_EigVec3 = -3.9357907687E-01  9.0655880629E-01 -1.5246849175E-01
           DelSqRho = -4.3506698428E+05
           Bond Ellipticity = NA
           V = -1.0877703450E+05
           G =  5.1442175326E+00
           K =  1.0877189029E+05
           L =  1.0876674607E+05
           Vnuc =  7.6164925175E+06
           Ven = -8.9635015021E+08
           Vrep =  8.9624137318E+08
           DelSqV =  2.4955788514E+09
           DelSqVen =  3.3136841851E+12
           DelSqVrep = -3.3111886062E+12
           DelSqG =  1.3405675682E+08
           DelSqK = -2.6296356082E+09
           Stress_EigVals = -3.6259217896E+04 -3.6259134984E+04 -3.6258681624E+04
           Stress_EigVec1 = -4.1222349363E-01  8.8577930491E-01 -2.1322948737E-01
           Stress_EigVec2 =  7.9284515833E-01  4.6406498792E-01  3.9501929306E-01
           Stress_EigVec3 = -4.4885225431E-01  6.2217336358E-03  8.9358432385E-01
           -DivStress =  3.0752531108E+02 -4.8745283951E+02  2.8369976734E+02
           ESP =  -1.4656145866E+01     ESP at Nucleus =  -1.4656145874E+01
           ESPe = -4.0772503893E+01     ESPe at Nucleus = -4.0772505130E+01
           ESPn =  2.6116358027E+01     ESPn at Nucleus =  2.6116359256E+01

CP# 2      Coords =  4.03945639739255E+00  7.06436484844991E-01  1.83589505547717E-01
           Type = (3,-3) NACP C2
           Rho =  1.1768337752E+02     Rho at Nucleus =  1.1768337724E+02
           GradRho =  4.4190529014E-10 -1.6658591728E-09  1.3189566106E-10
           HessRho_EigVals = -1.4500950152E+05 -1.4500836152E+05 -1.4500794613E+05
           HessRho_EigVec1 = -5.6613133363E-01  7.8228564682E-03  8.2427793613E-01
           HessRho_EigVec2 =  6.3263637248E-01  6.4518036473E-01  4.2838477702E-01
           HessRho_EigVec3 = -5.2845674685E-01  7.6399024856E-01 -3.7020584386E-01
           DelSqRho = -4.3502580917E+05
           Bond Ellipticity = NA
           V = -1.0876656758E+05
           G =  5.0576428138E+00
           K =  1.0876150993E+05
           L =  1.0875645229E+05
           Vnuc =  3.0389481184E+06
           Ven = -3.5763367869E+08
           Vrep =  3.5752491212E+08
           DelSqV =  2.4953286404E+09
           DelSqVen =  1.3220207821E+12
           DelSqVrep = -1.3195254698E+12
           DelSqG =  1.3403206217E+08
           DelSqK = -2.6293607026E+09
           Stress_EigVals = -3.6255818778E+04 -3.6255624928E+04 -3.6255123871E+04
           Stress_EigVec1 = -4.7593699942E-01  8.2672352559E-01 -3.0002030736E-01
           Stress_EigVec2 =  7.0332740749E-01  5.6259271139E-01  4.3453423221E-01
           Stress_EigVec3 = -5.2802891063E-01  4.2015863438E-03  8.4921600092E-01
           -DivStress = -4.0518430455E+02  1.5464777358E+03 -1.1656948094E+02
           ESP =  -1.4627341618E+01     ESP at Nucleus =  -1.4627341642E+01
           ESPe = -4.2921554233E+01     ESPe at Nucleus = -4.2921554096E+01
           ESPn =  2.8294212615E+01     ESPn at Nucleus =  2.8294212453E+01

CP# 3      Coords =  2.85437531650096E+00 -1.74527338812776E+00 -4.47446748899709E-01
           Type = (3,-3) NACP C3
           Rho =  1.1769803542E+02     Rho at Nucleus =  1.1769803533E+02
           GradRho =  2.2177441827E-10  1.8167978233E-10  1.7472218117E-10
           HessRho_EigVals = -1.4503254500E+05 -1.4503171612E+05 -1.4503144893E+05
           HessRho_EigVec1 =  8.1898874483E-01 -1.2479827311E-01 -5.6007394768E-01
           HessRho_EigVec2 =  6.1157514699E-02  9.8948726614E-01 -1.3105231226E-01
           HessRho_EigVec3 =  5.7054114159E-01  7.3077638039E-02  8.1801128634E-01
           DelSqRho = -4.3509571005E+05
           Bond Ellipticity = NA
           V = -1.0878416550E+05
           G =  5.1189947116E+00
           K =  1.0877904651E+05
           L =  1.0877392751E+05
           Vnuc =  5.3321061344E+06
           Ven = -6.2757841665E+08
           Vrep =  6.2746963248E+08
           DelSqV =  2.4957355247E+09
           DelSqVen =  2.3199764152E+12
           DelSqVrep = -2.3174806797E+12
           DelSqG =  1.3405925876E+08
           DelSqK = -2.6297947834E+09
           Stress_EigVals = -3.6261639201E+04 -3.6261494650E+04 -3.6261031650E+04
           Stress_EigVec1 =  5.9285251286E-01  1.1149270199E-01  7.9755581335E-01
           Stress_EigVec2 =  7.0925532393E-02  9.7929255593E-01 -1.8961977416E-01
           Stress_EigVec3 =  8.0218169192E-01 -1.6898363027E-01 -5.7266837336E-01
           -DivStress = -6.0175196608E+02 -4.9864688483E+02 -4.7480993707E+02
           ESP =  -1.4636003833E+01     ESP at Nucleus =  -1.4636003843E+01
           ESPe = -4.2471589652E+01     ESPe at Nucleus = -4.2471589595E+01
           ESPn =  2.7835585819E+01     ESPn at Nucleus =  2.7835585751E+01

CP# 4      Coords =  1.32183130470642E+00 -2.22174607392153E+00 -2.41726414692213E+00
           Type = (3,-3) NACP C4
           Rho =  1.1768647957E+02     Rho at Nucleus =  1.1768647932E+02
           GradRho = -8.1954258657E-10 -9.4574828524E-10 -5.3761139984E-10
           HessRho_EigVals = -1.4501576525E+05 -1.4501477295E+05 -1.4501444196E+05
           HessRho_EigVec1 =  7.9151214725E-01 -2.7166136036E-01 -5.4745650607E-01
           HessRho_EigVec2 =  3.1933909802E-01  9.4760218143E-01 -8.5232752881E-03
           HessRho_EigVec3 =  5.2108642395E-01 -1.6807799093E-01  8.3679073115E-01
           DelSqRho = -4.3504498016E+05
           Bond Ellipticity = NA
           V = -1.0877141630E+05
           G =  5.0856313629E+00
           K =  1.0876633067E+05
           L =  1.0876124504E+05
           Vnuc =  3.2420738477E+06
           Ven = -3.8154825764E+08
           Vrep =  3.8143948622E+08
           DelSqV =  2.4954418970E+09
           DelSqVen =  1.4104480072E+12
           DelSqVrep = -1.4079525653E+12
           DelSqG =  1.3404103432E+08
           DelSqK = -2.6294829313E+09
           Stress_EigVals = -3.6257414852E+04 -3.6257248960E+04 -3.6256752490E+04
           Stress_EigVec1 =  5.4949695689E-01 -6.5035021626E-02  8.3296070756E-01
           Stress_EigVec2 =  2.4338661399E-01  9.6618683962E-01 -8.5123128953E-02
           Stress_EigVec3 =  7.9925968903E-01 -2.4950638652E-01 -5.4674538186E-01
           -DivStress =  8.7691671429E+02  1.0583426813E+03  6.1835440665E+02
           ESP =  -1.4628481332E+01     ESP at Nucleus =  -1.4628481352E+01
           ESPe = -4.1507164822E+01     ESPe at Nucleus = -4.1507166352E+01
           ESPn =  2.6878683490E+01     ESPn at Nucleus =  2.6878685000E+01

CP# 5      Coords = -1.86746705250054E+00  4.50966659954350E-01  4.03812028500326E+00
           Type = (3,-3) NACP C5
           Rho =  1.1762159787E+02     Rho at Nucleus =  1.1762159741E+02
           GradRho = -2.2464861082E-09 -4.3582332188E-10 -2.6793839369E-09
           HessRho_EigVals = -1.4493264394E+05 -1.4493237418E+05 -1.4493204343E+05
           HessRho_EigVec1 =  6.3815629978E-01 -5.9338976894E-02  7.6761671612E-01
           HessRho_EigVec2 =  7.2751448346E-01 -2.7979863908E-01 -6.2644664412E-01
           HessRho_EigVec3 =  2.5195081544E-01  9.5822315115E-01 -1.3538529907E-01
           DelSqRho = -4.3479706155E+05
           Bond Ellipticity = NA
           V = -1.0870980353E+05
           G =  5.2690706762E+00
           K =  1.0870453446E+05
           L =  1.0869926539E+05
           Vnuc =  2.4050166502E+06
           Ven = -2.8288190129E+08
           Vrep =  2.8277319149E+08
           DelSqV =  2.4940280979E+09
           DelSqVen =  1.0456941896E+12
           DelSqVrep = -1.0432001574E+12
           DelSqG =  1.3396236665E+08
           DelSqK = -2.6279904646E+09
           Stress_EigVals = -3.6236810519E+04 -3.6236604634E+04 -3.6236388375E+04
           Stress_EigVec1 =  3.1447649578E-01  9.4446916823E-01 -9.5302276258E-02
           Stress_EigVec2 =  6.4141864530E-01 -1.3740874580E-01  7.5478537217E-01
           Stress_EigVec3 =  6.9977614640E-01 -2.9849091584E-01 -6.4901195528E-01
           -DivStress =  1.2704937860E+03  2.3035825682E+02  1.5541652159E+03
           ESP =  -1.4583020705E+01     ESP at Nucleus =  -1.4583020735E+01
           ESPe = -4.2333055722E+01     ESPe at Nucleus = -4.2333052398E+01
           ESPn =  2.7750035017E+01     ESPn at Nucleus =  2.7750031663E+01

CP# 6      Coords = -4.65313733840443E-01  2.53822325332634E+00  4.54943528602211E+00
           Type = (3,-3) NACP C6
           Rho =  1.1776368702E+02     Rho at Nucleus =  1.1776368694E+02
           GradRho =  1.3923984188E-10 -1.9464502232E-10  1.1774664577E-10
           HessRho_EigVals = -1.4510467972E+05 -1.4510192536E+05 -1.4510172250E+05
           HessRho_EigVec1 =  7.0735540081E-01 -2.9846214199E-01 -6.4075633960E-01
           HessRho_EigVec2 =  6.8670661377E-01  5.0506183236E-01  5.2282556565E-01
           HessRho_EigVec3 = -1.6757793277E-01  8.0983510376E-01 -5.6221414173E-01
           DelSqRho = -4.3530832758E+05
           Bond Ellipticity = NA
           V = -1.0883710597E+05
           G =  5.0120390793E+00
           K =  1.0883209393E+05
           L =  1.0882708190E+05
           Vnuc =  5.6486017189E+06
           Ven = -6.6520016493E+08
           Vrep =  6.6509132782E+08
           DelSqV =  2.4969359916E+09
           DelSqVen =  2.4588829983E+12
           DelSqVrep = -2.4563860623E+12
           DelSqG =  1.3411430797E+08
           DelSqK = -2.6310502996E+09
           Stress_EigVals = -3.6279406001E+04 -3.6279338765E+04 -3.6278361207E+04
           Stress_EigVec1 =  1.5803414405E-01  9.5025910368E-01 -2.6838935371E-01
           Stress_EigVec2 =  6.8835267767E-01  8.8853584029E-02  7.1991362798E-01
           Stress_EigVec3 =  7.0795183485E-01 -2.9851746427E-01 -6.4007149840E-01
           -DivStress = -4.6448907998E+02  6.4900487693E+02 -3.4170395573E+02
           ESP =  -1.4562537045E+01     ESP at Nucleus =  -1.4562537044E+01
           ESPe = -4.0465207724E+01     ESPe at Nucleus = -4.0465207308E+01
           ESPn =  2.5902670679E+01     ESPn at Nucleus =  2.5902670264E+01

CP# 7      Coords =  3.38491567656756E+00 -3.30146353996420E+00  7.43651922667054E-01
           Type = (3,-3) NACP H7
           Rho =  4.2819470205E-01     Rho at Nucleus =  4.2466465519E-01
           GradRho = -1.1327744298E-15 -5.1694759584E-16 -3.4000580129E-16
           HessRho_EigVals = -6.5496818695E+00 -6.5420310712E+00 -5.9595946106E+00
           HessRho_EigVec1 =  6.0971503916E-01  6.0012914347E-01  5.1777657554E-01
           HessRho_EigVec2 = -7.4830096508E-01  2.2045244261E-01  6.2565676390E-01
           HessRho_EigVec3 = -2.6132974702E-01  7.6892504947E-01 -5.8349038691E-01
           DelSqRho = -1.9051307551E+01
           Bond Ellipticity = NA
           V = -4.7724041056E+00
           G =  4.7886088917E-03
           K =  4.7676154967E+00
           L =  4.7628268878E+00
           Vnuc =  5.6661968057E+01
           Ven = -2.4262354530E+01
           Vrep =  1.9489950424E+01
           DelSqV =  7.1852842109E+02
           DelSqVen =  1.0794845799E+03
           DelSqVrep = -3.6095615882E+02
           DelSqG =  7.0994077946E+01
           DelSqK = -7.8952249904E+02
           Stress_EigVals = -1.6406080665E+00 -1.6396750269E+00 -1.4921210121E+00
           Stress_EigVec1 =  5.4295130270E-01  6.1789122403E-01  5.6869527707E-01
           Stress_EigVec2 = -7.9787845669E-01  1.6836606671E-01  5.7882884857E-01
           Stress_EigVec3 = -2.6190427879E-01  7.6802558737E-01 -5.8441667148E-01
           -DivStress =  2.0473217582E+00 -5.9574584118E+00  4.5392702627E+00
           ESP =  -1.0051407854E+00     ESP at Nucleus =  -1.0075108588E+00
           ESPe = -2.8249515729E+01     ESPe at Nucleus = -2.8149889495E+01
           ESPn =  2.7244374944E+01     ESPn at Nucleus =  2.7142378637E+01

CP# 8      Coords =  9.00626735069363E-01 -7.26875336519926E-01 -3.71720692839123E+00
           Type = (3,-3) NACP H8
           Rho =  4.2671751337E-01     Rho at Nucleus =  4.2302211263E-01
           GradRho =  9.5409791179E-18 -8.3310094934E-16  1.0928757899E-15
           HessRho_EigVals = -6.5135755840E+00 -6.5057817990E+00 -5.9097124538E+00
           HessRho_EigVec1 =  5.6271715738E-01  6.2283062391E-01  5.4353602889E-01
           HessRho_EigVec2 = -8.0164337514E-01  2.5064831795E-01  5.4271845353E-01
           HessRho_EigVec3 = -2.0178528163E-01  7.4111904214E-01 -6.4033215248E-01
           DelSqRho = -1.8929069837E+01
           Bond Ellipticity = NA
           V = -4.7416885548E+00
           G =  4.7105477902E-03
           K =  4.7369780070E+00
           L =  4.7322674592E+00
           Vnuc =  5.6065219120E+01
           Ven = -2.3924010890E+01
           Vrep =  1.9182322335E+01
           DelSqV =  7.1294813691E+02
           DelSqVen =  1.0612624481E+03
           DelSqVrep = -3.4831431124E+02
           DelSqG =  7.0326589506E+01
           DelSqK = -7.8327472641E+02
           Stress_EigVals = -1.6316604435E+00 -1.6305418845E+00 -1.4794862268E+00
           Stress_EigVec1 =  5.2770325919E-01  6.3416189334E-01  5.6512650202E-01
           Stress_EigVec2 = -8.2507233777E-01  2.2449683173E-01  5.1851404031E-01
           Stress_EigVec3 = -2.0195273629E-01  7.3989179316E-01 -6.4169714564E-01
           -DivStress = -1.5859222932E+00  5.8734778879E+00 -5.0725925349E+00
           ESP =  -1.0042766250E+00     ESP at Nucleus =  -1.0067236080E+00
           ESPe = -2.8418506638E+01     ESPe at Nucleus = -2.8335794229E+01
           ESPn =  2.7414230013E+01     ESPn at Nucleus =  2.7329070621E+01

CP# 9      Coords =  1.17364651659988E+00  3.02544140675132E+00 -1.39257595307957E+00
           Type = (3,-3) NACP H9
           Rho =  4.2595072861E-01     Rho at Nucleus =  4.2228270515E-01
           GradRho =  1.2551851919E-12 -7.2771649817E-14  6.9385296120E-13
           HessRho_EigVals = -6.4913959166E+00 -6.4844522452E+00 -5.8955071229E+00
           HessRho_EigVec1 =  9.6217194675E-02  9.9283524300E-01 -7.0855004778E-02
           HessRho_EigVec2 = -4.7647071590E-01  1.0844099474E-01  8.7247705273E-01
           HessRho_EigVec3 =  8.7390955386E-01 -5.0186959580E-02  4.8349080731E-01
           DelSqRho = -1.8871355285E+01
           Bond Ellipticity = NA
           V = -4.7278047577E+00
           G =  4.9829682409E-03
           K =  4.7228217894E+00
           L =  4.7178388212E+00
           Vnuc =  5.6583426262E+01
           Ven = -2.4101751644E+01
           Vrep =  1.9373946886E+01
           DelSqV =  7.1081963932E+02
           DelSqVen =  1.0678059402E+03
           DelSqVrep = -3.5698630089E+02
           DelSqG =  7.0027495700E+01
           DelSqK = -7.8084713502E+02
           Stress_EigVals = -1.6262180244E+00 -1.6259166686E+00 -1.4756700647E+00
           Stress_EigVec1 =  3.9537483041E-03  9.9501486131E-01  9.9648349984E-02
           Stress_EigVec2 = -4.8517773321E-01 -8.5225801248E-02  8.7025233697E-01
           Stress_EigVec3 =  8.7440661884E-01 -5.1787919264E-02  4.8242209355E-01
           -DivStress = -6.8868687177E+00  4.0167715863E-01 -3.8080075589E+00
           ESP =  -1.0138854961E+00     ESP at Nucleus =  -1.0163026650E+00
           ESPe = -2.8876376893E+01     ESPe at Nucleus = -2.8822256050E+01
           ESPn =  2.7862491397E+01     ESPn at Nucleus =  2.7805953385E+01

CP# 10     Coords =  2.35322814642042E-01 -4.76511526282065E+00 -3.04992208407497E+00
           Type = (3,-3) NACP C10
           Rho =  1.1751947651E+02     Rho at Nucleus =  1.1751947644E+02
           GradRho = -7.6934403292E-11  2.3484932055E-10  1.1085088403E-10
           HessRho_EigVals = -1.4481151981E+05 -1.4481131913E+05 -1.4481112572E+05
           HessRho_EigVec1 =  5.4117531131E-01  8.4082981795E-01  1.1597399797E-02
           HessRho_EigVec2 =  8.3616459911E-01 -5.3660724784E-01 -1.1349636456E-01
           HessRho_EigVec3 =  8.9207878761E-02 -7.1118765573E-02  9.9347072204E-01
           DelSqRho = -4.3443396466E+05
           Bond Ellipticity = NA
           V = -1.0861897635E+05
