AIMSum (Version 19.02.13, Professional)
Copyright (c) 1997-2019 by Todd A. Keith
AIMSum is a component of the AIMAll package ( http://aim.tkgristmill.com )

TP:  64-bit Linux

Much of the Quantum Theory of Atoms in Molecules (QTAIM) is described in the book:
  "Atoms in Molecules - A Quantum Theory"
  R.F.W. Bader, Oxford University Press, Oxford, 1990

For additional references see:  http://aim.tkgristmill.com/references.html

Wfn File:  /home/mhennefarth/Documents/ML_Diels/summary-lam2009/17-opt/17-opt.wfn
Sum File:  /home/mhennefarth/Documents/ML_Diels/summary-lam2009/17-opt/17-opt.sum

SumViz File:  /home/mhennefarth/Documents/ML_Diels/summary-lam2009/17-opt/17-opt.sumviz

Wfn Title:   Title Card Required                                                           
 
Total memory allocated for AIMSum =        3.369 Megabytes

Atomic units (a.u.) used throughout, except where stated otherwise

Model:  Restricted SCF
 
Restricted, closed-shell, single-determinant wavefunction.
  Number of electrons (from MO Occs)                   =         166.0000000000
  Number of Alpha electrons (from MO Occs)             =          83.0000000000
  Number of Beta electrons (from MO Occs)              =          83.0000000000
  Number of electron pairs (N*(N-1)/2)                 =       13695.0000000000
  Number of electron pairs (from Muller 2EDM)          =       13695.0000000000
 
Nuclear Charges and Cartesian Coordinates:
-------------------------------------------------------------------------------
Atom      Charge                X                  Y                  Z
-------------------------------------------------------------------------------
C1         6.0           7.5550945000E+00  -6.7205365000E-01   1.0488310700E+00
C2         6.0           5.6084794800E+00   6.8139562000E-01   1.9965803000E+00
C3         6.0           3.5521562900E+00  -5.5801108000E-01   3.4209809100E+00
C4         6.0           2.6882813800E+00  -2.9321771700E+00   3.1443500700E+00
C5         6.0           9.2728259000E-01  -1.5032874400E+00  -3.4193686700E+00
C6         6.0           2.8710881700E+00  -7.8251720000E-02  -4.2801086100E+00
H7         1.0           2.6665221400E+00   6.1744799000E-01   4.8686172100E+00
H8         1.0           2.9142833900E+00   1.9116639900E+00  -3.7632699400E+00
H9         1.0           8.2371690000E-01  -3.4951481800E+00  -3.8846118700E+00
H10        1.0           3.5167530200E+00  -4.1360615300E+00   1.6894995800E+00
H11        1.0           7.5600239900E+00  -2.6969397900E+00   1.4245903200E+00
C12        6.0          -1.0512631700E+00  -3.9946898000E-01  -1.9023314500E+00
O13        8.0          -1.1143442100E+00   1.9115704200E+00  -1.3644027500E+00
N14        7.0          -3.0011196900E+00  -1.9739755000E+00  -1.0829683400E+00
Al15      13.0          -3.5337179000E+00   4.0922210900E+00   2.5691871000E-01
C16        6.0          -3.2346310000E+00  -4.7084635600E+00  -1.5920419000E+00
C17        6.0          -5.0800879400E+00  -1.1266305900E+00   2.6862619000E-01
O18        8.0          -5.5318101600E+00   1.0682855300E+00   9.1407200000E-01
C19        6.0          -2.1596188300E+00   5.2304247100E+00   3.4796064400E+00
C20        6.0          -5.2463373300E+00   6.0085104600E+00  -2.3848567800E+00
C21        6.0          -5.5856029400E+00  -5.4004232300E+00  -1.0583330000E-02
H22        1.0          -1.5505064000E+00  -5.7110503900E+00  -9.5144226000E-01
H23        1.0          -3.5171190400E+00  -5.0367632800E+00  -3.6119665000E+00
O24        8.0          -6.6239420600E+00  -2.9892753500E+00   8.1446475000E-01
H25        1.0          -3.6432427400E+00   6.0767119600E+00   4.6566857200E+00
H26        1.0          -1.2997566700E+00   3.7044270500E+00   4.5876346100E+00
H27        1.0          -7.1040565000E-01   6.6909528100E+00   3.2189388300E+00
H28        1.0          -5.8340977900E+00   4.8541757500E+00  -4.0041984800E+00
H29        1.0          -6.9526781400E+00   6.9280490800E+00  -1.6460997200E+00
H30        1.0          -4.0370317100E+00   7.5223308000E+00  -3.1257855500E+00
H31        1.0          -5.1336171800E+00  -6.4772507000E+00   1.6885403800E+00
H32        1.0          -7.0537127800E+00  -6.3606549600E+00  -1.0879885400E+00
C33        6.0           7.4967198000E-01  -4.1381086900E+00   4.8322376200E+00
H34        1.0          -2.5959760000E-02  -2.7878847400E+00   6.1946927900E+00
H35        1.0          -8.3772708000E-01  -4.9525813400E+00   3.7605556400E+00
H36        1.0           1.5736408100E+00  -5.7116369600E+00   5.9056157800E+00
H37        1.0           4.9248389200E+00   4.4405890000E-02  -7.7258205200E+00
H38        1.0           6.7731443200E+00  -6.4299351000E-01  -5.0629340300E+00
H39        1.0           4.7729558600E+00  -3.0318091900E+00  -6.3573583100E+00
C40        6.0           5.4207796600E+00   3.5336655700E+00   1.8738576900E+00
H41        1.0           3.6365400600E+00   4.1381840000E+00   1.0055078300E+00
H42        1.0           5.4396470000E+00   4.3351373800E+00   3.7875929200E+00
H43        1.0           6.9711217500E+00   4.4041264500E+00   8.2826407000E-01
C44        6.0           9.8365937600E+00   2.6102419000E-01  -3.5271936000E-01
H45        1.0           1.0143693000E+01  -8.4082355000E-01  -2.0866644600E+00
H46        1.0           9.7369367000E+00   2.2572031700E+00  -8.7134359000E-01
H47        1.0           1.1548364300E+01  -5.9460800000E-03   7.9129848000E-01
C48        6.0           4.9315492000E+00  -1.0153048800E+00  -5.9398581000E+00
 
Some Atomic Properties:
----------------------
  q(A) = Net Charge of Atom A
  L(A) = Lagrangian of Atom A = -(1/4) Times Atomic Integral of the Laplacian of the Electron Density
  K(A) = Electronic Kinetic Energy of Atom A (Hamiltonian Form)
  K_Scaled(A) = K(A) * E(Mol)/K(Mol) = Approximation to Virial-Based Total Energy of Atom A.
  |Mu_Intra(A)| = Magnitude of Intraatomic Dipole Moment of Atom A
--------------------------------------------------------------------------------------------------
Atom A          q(A)              L(A)              K(A)          K_Scaled(A)      |Mu_Intra(A)|
--------------------------------------------------------------------------------------------------
C1       -5.8223248900E-02 -1.3410660999E-04  3.7712550140E+01 -3.8035245117E+01  7.5010761085E-02
C2       -5.4791146000E-03 -2.5947235162E-04  3.7689985845E+01 -3.8012487746E+01  7.3247251836E-02
C3       -4.5725977800E-02  6.3077089219E-05  3.7724792879E+01 -3.8047592615E+01  7.5664845620E-02
C4       -7.2060949500E-02 -8.3771133702E-05  3.7712391126E+01 -3.8035084743E+01  9.9999389032E-02
C5       -1.2387198000E-02 -3.6092885254E-05  3.7724631365E+01 -3.8047429718E+01  2.0614797753E-01
C6        1.9944702500E-02  4.1121335761E-05  3.7703658412E+01 -3.8026277306E+01  1.1800734098E-01
H7        3.4226801670E-02  6.2645218331E-06  6.0068496805E-01 -6.0582484912E-01  1.5205937431E-01
H8        1.1148862202E-01  2.2531940616E-05  5.7437336458E-01 -5.7928810515E-01  1.3221741021E-01
H9        6.6568265680E-02  2.6564448488E-05  5.9108433084E-01 -5.9614206213E-01  1.3754089275E-01
H10       2.0689268550E-02  5.5686975512E-06  6.0600414743E-01 -6.1118954312E-01  1.5407562750E-01
H11       3.2053542930E-02  6.1355876148E-05  6.0536424796E-01 -6.1054416822E-01  1.5115805312E-01
C12       1.3309359118E+00 -7.9566921284E-05  3.6847856526E+01 -3.7163152580E+01  8.5326289405E-01
O13      -1.3143870405E+00  4.5452734341E-05  7.5345277757E+01 -7.5989984696E+01  3.0071328556E-01
N14      -1.1782581421E+00 -1.5566361225E-05  5.4982191440E+01 -5.5452657558E+01  1.1655371923E-01
Al15      2.3960486630E+00 -1.1665805114E-04  2.4087081759E+02 -2.4293187692E+02  9.5652168157E-02
C16       3.0829392010E-01  1.3848525910E-04  3.7528738351E+01 -3.7849860507E+01  5.2045627414E-01
C17       2.0778061030E+00 -3.1384189668E-04  3.6390671398E+01 -3.6702055455E+01  2.5499857633E-01
O18      -1.2988444122E+00  4.5543045935E-05  7.5374940462E+01 -7.6019901215E+01  3.9968120680E-01
C19      -8.2201914250E-01 -9.6519545326E-05  3.7896140811E+01 -3.8220406719E+01  1.2722587136E+00
C20      -8.2296946320E-01 -9.0400347847E-05  3.7895234060E+01 -3.8219492210E+01  1.2743534918E+00
C21       4.0454294410E-01 -3.4474809165E-04  3.7464593894E+01 -3.7785167185E+01  5.7861348183E-01
H22       8.5910303340E-02  2.0842537515E-05  5.8777121860E-01 -5.9280060058E-01  1.3627921210E-01
H23       8.0415117170E-02  3.0469593459E-05  5.8984062735E-01 -5.9488771665E-01  1.3890553057E-01
O24      -1.0569934251E+00  7.8604366799E-05  7.5306752430E+01 -7.5951129718E+01  3.3368178471E-01
H25       3.9514926040E-02  3.0301340793E-05  5.8532262829E-01 -5.9033105842E-01  1.5382880439E-01
H26       1.7746943960E-02  3.3422471500E-05  5.9479913145E-01 -5.9988864917E-01  1.5635050014E-01
H27       3.2448763070E-02 -1.9718654769E-04  5.8799612248E-01 -5.9302742890E-01  1.5445493309E-01
H28       1.8963610080E-02  3.4059783005E-05  5.9377425464E-01 -5.9885500280E-01  1.5975817570E-01
H29       3.9426292800E-02  2.7091701960E-05  5.8529398174E-01 -5.9030216676E-01  1.5406987745E-01
H30       3.4212945510E-02  3.0938156079E-05  5.8727773217E-01 -5.9230289154E-01  1.5547264454E-01
H31       9.8293726230E-02  1.0345502367E-05  5.8429418924E-01 -5.8929381933E-01  1.3635563035E-01
H32       1.0783406069E-01  2.6561684828E-05  5.7991397628E-01 -5.8487612620E-01  1.3439051721E-01
C33      -1.5322943200E-02  4.9834330311E-06  3.7675746766E+01 -3.7998126829E+01  7.8100725932E-02
H34       3.2130560490E-02  2.4371670362E-05  5.9766820596E-01 -6.0278227350E-01  1.4949251811E-01
H35      -2.4986967800E-02  5.4957046895E-05  6.1997559170E-01 -6.2528053685E-01  1.5449242761E-01
H36       4.7377565510E-02  2.5219244447E-05  5.9088172960E-01 -5.9593772729E-01  1.4717637324E-01
H37       7.6956825530E-02  2.3278773659E-05  5.7628705509E-01 -5.8121817053E-01  1.4071590489E-01
H38       7.8328150470E-02  2.7266713180E-05  5.7761479609E-01 -5.8255727262E-01  1.3383194285E-01
H39       4.6389206440E-02  2.8705111520E-05  5.9256533372E-01 -5.9763573751E-01  1.4497335338E-01
C40      -2.9666177200E-02 -1.9644546241E-04  3.7694980602E+01 -3.8017525243E+01  8.4765874056E-02
H41       1.1974996400E-02  5.3588624746E-05  6.0634240494E-01 -6.1153069499E-01  1.4770096011E-01
H42       3.7685609170E-02  2.5474666381E-05  5.9468950197E-01 -5.9977808163E-01  1.4938820681E-01
H43       2.5677344840E-02  2.8133202492E-05  6.0464334365E-01 -6.0981709535E-01  1.4406781402E-01
C44      -2.2341324700E-02 -7.9817503034E-05  3.7683318598E+01 -3.8005763451E+01  9.2939841965E-02
H45       1.5843095310E-02 -2.5394060026E-05  6.0304274386E-01 -6.0820279971E-01  1.5175597115E-01
H46       2.1651794200E-02  3.2404200529E-05  6.0539208196E-01 -6.1057224039E-01  1.4515967909E-01
H47       4.8292252490E-02  2.7353555616E-05  5.9007991135E-01 -5.9512904812E-01  1.4716245663E-01
C48      -2.0879605000E-02 -1.6600099373E-04  3.7698329218E+01 -3.8020902512E+01  1.7244562211E-01
--------------------------------------------------------------------------------------------------
Total     9.9912770279E-01 -1.1012504325E-03  1.1389365773E+03 -1.1486821159E+03
 
1st Largest |L(A)| = 3.4474809165E-04, atom C21     
2nd Largest |L(A)| = 3.1384189668E-04, atom C17     
 
Molecular charge q(Mol) from the wfn file:   1.0000000000E+00
Molecular energy E(Mol) from the wfn file:  -1.1486825541E+03
Molecular virial ratio (-V(Mol)/T(Mol)) from the wfn file:   2.0085567000E+00
Note.  K_Scaled(A) = (1+V(Mol)/T(Mol))*K(A) = (E(Mol)/T(Mol))*K(A)
       Only use K_Scaled(A) data with caution.
 
N_AIMInt(SumA)     =        166.000872
N_Analytic(Mol)    =        165.999973
 
G_AIMInt(SumA)     =       1138.937679
G_Analytic(Mol)    =       1138.936944
 
K_AIMInt(SumA)     =       1138.936577
K_Analytic(Mol)    =       1138.936944
 
L_AIMInt(SumA)     =         -0.001101
L_Analytic(Mol)    =          0.000000
 
VenT_AIMInt(SumA)  =      -6511.482675
VenT_Analytic(Mol) =      -6511.465606
 
Some Information About the Atomic Calculations:
----------------------------------------------
  Time(sec) = "Elapsed User Time", in Seconds, for Atom A by AIMInt and, if used, by TWOe
  NProc = Number of Processors Used for AIMInt Job
  BIM = Basin Integration Method
  OAQ = Angular Quadrature Outside of Beta Sphere
  ORQ = Multiple of Default for Radial Quadrature Outside of Beta Sphere
  IAQ = Multiple of Default for Angular Quadrature Inside of Beta Sphere
  IRQ = Multiple of Default for Radial Quadrature Inside of Beta Sphere
  MIR = Maximum Integration Radius
------------------------------------------------------------------------------------------------------
Atom A     Time(sec)   NProc      BIM          OAQ                     ORQ      IAQ      IRQ      MIR
------------------------------------------------------------------------------------------------------
C1             52        8     Proaim(5)    4500(GS4)                  1.00     1.00     1.00    13.00
C2             91        8     Proaim(5)    5400(GS5)                  1.00     1.00     1.00    13.00
C3             77        8     Proaim(5)    4500(GS4)                  1.00     1.00     1.00    13.00
C4            104        8     Proaim(5)    5400(GS5)                  1.00     1.00     1.00    13.00
C5             79        8     Proaim(5)    4500(GS4)                  1.00     1.00     1.00    13.00
C6             80        8     Proaim(5)    4500(GS4)                  1.00     1.00     1.00    13.00
H7             30        8     Proaim(5)    4500(GS4)                  1.00     1.00     1.00    13.00
H8            130        8    Promega(1)    1800(GS4)                  1.00     1.00     1.00    13.00
H9             17        8     Proaim(5)    1800(GS4)                  1.00     1.00     1.00    13.00
H10            17        8     Proaim(5)    1800(GS4)                  1.00     1.00     1.00    13.00
H11            15        8     Proaim(5)    1800(GS4)                  1.00     1.00     1.00    13.00
C12           131        8     Proaim(5)    6300(GS6)                  1.00     1.00     1.00    13.00
O13            63        8     Proaim(5)    4500(GS4)                  1.00     1.00     1.00    13.00
N14            67        8     Proaim(5)    4500(GS4)                  1.00     1.00     1.00    13.00
Al15           71        8     Proaim(5)    4500(GS4)                  1.00     1.00     1.00    13.00
C16            61        8     Proaim(5)    4500(GS4)                  1.00     1.00     1.00    13.00
C17            34        8     Proaim(5)    4500(GS4)                  1.00     1.00     1.00    13.00
O18            37        8     Proaim(5)    4500(GS4)                  1.00     1.00     1.00    13.00
C19            51        8     Proaim(5)    4500(GS4)                  1.00     1.00     1.00    13.00
C20            45        8     Proaim(5)    4500(GS4)                  1.00     1.00     1.00    13.00
C21            37        8     Proaim(5)    5400(GS5)                  1.00     1.00     1.00    13.00
H22            34        8     Proaim(5)    4500(GS4)                  1.00     1.00     1.00    13.00
H23            11        8     Proaim(5)    1800(GS4)                  1.00     1.00     1.00    13.00
O24            28        8     Proaim(5)    4500(GS4)                  1.00     1.00     1.00    13.00
H25            10        8     Proaim(5)    1800(GS4)                  1.00     1.00     1.00    13.00
H26            26        8     Proaim(5)    4500(GS4)                  1.00     1.00     1.00    13.00
H27            27        8     Proaim(5)    4500(GS4)                  1.00     1.00     1.00    13.00
H28            11        8     Proaim(5)    1800(GS4)                  1.00     1.00     1.00    13.00
H29             9        8     Proaim(5)    1800(GS4)                  1.00     1.00     1.00    13.00
H30            10        8     Proaim(5)    1800(GS4)                  1.00     1.00     1.00    13.00
H31            28        8     Proaim(5)    4500(GS4)                  1.00     1.00     1.00    13.00
H32            10        8     Proaim(5)    1800(GS4)                  1.00     1.00     1.00    13.00
C33            47        8     Proaim(5)    4500(GS4)                  1.00     1.00     1.00    13.00
H34            13        8     Proaim(5)    1800(GS4)                  1.00     1.00     1.00    13.00
H35            42        8     Proaim(5)    4500(GS4)                  1.00     1.00     1.00    13.00
H36             9        8     Proaim(5)    1800(GS4)                  1.00     1.00     1.00    13.00
H37             8        8     Proaim(5)    1800(GS4)                  1.00     1.00     1.00    13.00
H38            20        8     Proaim(5)    4500(GS4)                  1.00     1.00     1.00    13.00
H39            10        8     Proaim(5)    1800(GS4)                  1.00     1.00     1.00    13.00
C40            68        8     Proaim(5)    4500(GS4)                  1.00     1.00     1.00    13.00
H41           150        8    Promega(1)    4500(GS4)                  1.00     1.00     1.00    13.00
H42            11        8     Proaim(5)    1800(GS4)                  1.00     1.00     1.00    13.00
H43            19        8     Proaim(5)    4500(GS4)                  1.00     1.00     1.00    13.00
C44            36        8     Proaim(5)    4500(GS4)                  1.00     1.00     1.00    13.00
H45            21        8     Proaim(5)    4500(GS4)                  1.00     1.00     1.00    13.00
H46            21        8     Proaim(5)    4500(GS4)                  1.00     1.00     1.00    13.00
H47            11        8     Proaim(5)    1800(GS4)                  1.00     1.00     1.00    13.00
C48            36        8     Proaim(5)    4500(GS4)                  1.00     1.00     1.00    13.00
------------------------------------------------------------------------------------------------------
Total        2015
Note:  Total wall clock time is less than total of atomic times if more than one atom
       was calculated at a time
 
Electron Density Critical Point Analysis of Molecular Structure:               
---------------------------------------------------------------                
  NACP = Nuclear Attractor Critical Point                                      
  NNACP = Non-Nuclear Attractor Critical Point                                 
  BCP = Bond Critical Point                                                    
  RCP = Ring Critical Point                                                    
  CCP = Cage Critical Point                                                    
  Rho = Electron Density                                                       
  GradRho = Gradient of Electron Density                                       
  HessRho_EigVals = Eigenvalues of the Hessian of Rho, Ascending Order         
  HessRho_EigVecs = Eigenvectors of the Hessian of Rho                         
  DelSqRho = Laplacian of Rho = Trace of Hessian of Rho                        
  Bond Ellipticity = (HessRho_EigVal(1) / HessRho_EigVal(2)) - 1               
  V = Virial Field = Potential Energy Density = Trace of Stress Tensor         
  G = Lagrangian Form of Kinetic Energy Density                                
  K = Hamiltonian Form of Kinetic Energy Density                               
  L = K - G = Lagrangian Density = (-1/4)DelSqRho                              
  Vnuc = Electrostatic Potential from Nuclei                                   
  Ven = Electron-nuclear attractive contribution to Virial Field V             
  Vrep = V - Ven = Repulsive contribution to Virial Field V                    
  DelSqV = Laplacian of V                                                      
  DelSqVen = Laplacian of Ven                                                  
  DelSqVrep = Laplacian of Vrep                                                
  DelSqG = Laplacian of G                                                      
  DelSqK = Laplacian of K                                                      
  Stress_EigVals = Eigenvalues of Stress Tensor, Ascending Order               
  Stress_EigVecs = Eigenvectors of Stress Tensor                               
  -DivStress = Ehrenfest Force Density = Minus Divergence of Stress Tensor     
  ESP = Total Electrostatic Potential                                          
  ESPe = Electrostatic Potential from Electrons                                
  ESPn = Electrostatic Potential from Nuclei                                   
  BP = Bond Path                                                               
  BPL = Bond Path Length                                                       
  GBL = Geometric Bond Length                                                  
  GBL_I = Distance Between Nuclear Attractors                                  
  GBL_II = Distance Between Nuclei                                             
  GBL_III = Sum of Distances Between BCP and Nuclear Attractors                
  GBL_IV = Sum of Distances Between BCP and Nuclei                             

CP# 1      Coords =  7.55509576778701E+00 -6.72053673846106E-01  1.04883004261959E+00
           Type = (3,-3) NACP C1
           Rho =  1.1767956250E+02     Rho at Nucleus =  1.1767956231E+02
           GradRho =  7.4374510717E-10 -2.0355338942E-11 -6.1716662336E-10
           HessRho_EigVals = -1.4500670537E+05 -1.4500578631E+05 -1.4500556632E+05
           HessRho_EigVec1 =  5.2823256012E-01  1.8471171263E-01  8.2876531398E-01
           HessRho_EigVec2 =  6.6130994407E-01  5.2270917498E-01 -5.3800025675E-01
           HessRho_EigVec3 = -5.3257818235E-01  8.3225999640E-01  1.5396031335E-01
           DelSqRho = -4.3501805800E+05
           Bond Ellipticity = NA
           V = -1.0876469587E+05
           G =  5.0906844080E+00
           K =  1.0875960518E+05
           L =  1.0875451450E+05
           Vnuc =  3.6765343431E+06
           Ven = -4.3265295301E+08
           Vrep =  4.3254418831E+08
           DelSqV =  2.4952877457E+09
           DelSqVen =  1.5993587958E+12
           DelSqVrep = -1.5968635080E+12
           DelSqG =  1.3403234378E+08
           DelSqK = -2.6293200894E+09
           Stress_EigVals = -3.6255148405E+04 -3.6255012892E+04 -3.6254534571E+04
           Stress_EigVec1 = -6.4548423284E-01  7.2232000214E-01  2.4820136916E-01
           Stress_EigVec2 =  5.7024528911E-01  6.7195834766E-01 -4.7253813524E-01
           Stress_EigVec3 =  5.0810472877E-01  1.6348025420E-01  8.4563809700E-01
           -DivStress = -1.0374854678E+03  1.6623919600E+01  8.3231465803E+02
           ESP =  -1.4644840829E+01     ESP at Nucleus =  -1.4644840844E+01
           ESPe = -3.6323235544E+01     ESPe at Nucleus = -3.6323237313E+01
           ESPn =  2.1678394715E+01     ESPn at Nucleus =  2.1678396468E+01

CP# 2      Coords =  5.60847784286132E+00  6.81396499935542E-01  1.99658113530837E+00
           Type = (3,-3) NACP C2
           Rho =  1.1763821310E+02     Rho at Nucleus =  1.1763821280E+02
           GradRho = -1.5167971427E-09  8.1619433548E-10  7.7194116377E-10
           HessRho_EigVals = -1.4494852574E+05 -1.4494784585E+05 -1.4494750582E+05
           HessRho_EigVec1 =  4.3128355351E-01  6.6955420864E-02  8.9972855245E-01
           HessRho_EigVec2 =  5.1053446133E-01  8.0411159396E-01 -3.0456379996E-01
           HessRho_EigVec3 = -7.4387435785E-01  5.9069578979E-01  3.1261705594E-01
           DelSqRho = -4.3484387741E+05
           Bond Ellipticity = NA
           V = -1.0872116353E+05
           G =  5.0970908527E+00
           K =  1.0871606644E+05
           L =  1.0871096935E+05
           Vnuc =  2.9445101493E+06
           Ven = -3.4638691241E+08
           Vrep =  3.4627819125E+08
           DelSqV =  2.4942851441E+09
           DelSqVen =  1.2804022108E+12
           DelSqVrep = -1.2779079421E+12
           DelSqG =  1.3397145107E+08
           DelSqK = -2.6282565952E+09
           Stress_EigVals = -3.6240639045E+04 -3.6240453918E+04 -3.6240070572E+04
           Stress_EigVec1 = -7.6829321269E-01  5.2695732373E-01  3.6337517568E-01
           Stress_EigVec2 =  4.3369705631E-01  8.4606595733E-01 -3.0996654528E-01
           Stress_EigVec3 =  4.7077850703E-01  8.0550448875E-02  8.7856657261E-01
           -DivStress =  1.3275487108E+03 -7.1553630258E+02 -6.8285053684E+02
           ESP =  -1.4635532081E+01     ESP at Nucleus =  -1.4635532107E+01
           ESPe = -3.8615060663E+01     ESPe at Nucleus = -3.8615060116E+01
           ESPn =  2.3979528582E+01     ESPn at Nucleus =  2.3979528009E+01

CP# 3      Coords =  3.55215670964508E+00 -5.58010185363198E-01  3.42098042610602E+00
           Type = (3,-3) NACP C3
           Rho =  1.1769677225E+02     Rho at Nucleus =  1.1769677216E+02
           GradRho =  1.3648301499E-10  2.4295403666E-10 -1.3360191425E-10
           HessRho_EigVals = -1.4502875967E+05 -1.4502779296E+05 -1.4502755003E+05
           HessRho_EigVec1 =  6.4673304087E-01 -2.7718796102E-01  7.1056541438E-01
           HessRho_EigVec2 =  7.4055895960E-01  5.2847679947E-03 -6.7197060842E-01
           HessRho_EigVec3 =  1.8250698946E-01  9.6080117896E-01  2.0869186210E-01
           DelSqRho = -4.3508410266E+05
           Bond Ellipticity = NA
           V = -1.0878125012E+05
           G =  5.1122268301E+00
           K =  1.0877613789E+05
           L =  1.0877102566E+05
           Vnuc =  5.4531493105E+06
           Ven = -6.4181807242E+08
           Vrep =  6.4170929117E+08
           DelSqV =  2.4956664804E+09
           DelSqVen =  2.3725791642E+12
           DelSqVrep = -2.3700834977E+12
           DelSqG =  1.3405341688E+08
           DelSqK = -2.6297198973E+09
           Stress_EigVals = -3.6260674760E+04 -3.6260537199E+04 -3.6260038158E+04
           Stress_EigVec1 =  2.6277051291E-01  9.5022142898E-01  1.6742429173E-01
           Stress_EigVec2 = -7.0841994079E-01  7.2199146806E-02  7.0208864874E-01
           Stress_EigVec3 =  6.5505178806E-01 -3.0309490117E-01  6.9212761529E-01
           -DivStress = -3.4574073690E+02 -7.2288528544E+02  3.9247856595E+02
           ESP =  -1.4640735431E+01     ESP at Nucleus =  -1.4640735441E+01
           ESPe = -3.8794793647E+01     ESPe at Nucleus = -3.8794793387E+01
           ESPn =  2.4154058216E+01     ESPn at Nucleus =  2.4154057946E+01

CP# 4      Coords =  2.68828038714207E+00 -2.93217868854805E+00  3.14435063636780E+00
           Type = (3,-3) NACP C4
           Rho =  1.1766891806E+02     Rho at Nucleus =  1.1766891780E+02
           GradRho = -7.8644157853E-10 -1.2244649183E-09  4.1799763650E-10
           HessRho_EigVals = -1.4499417019E+05 -1.4499348886E+05 -1.4499314902E+05
           HessRho_EigVec1 =  6.9650407032E-01 -3.8466937133E-01  6.0573224678E-01
           HessRho_EigVec2 = -6.8447392943E-01 -1.0281914757E-01  7.2175041588E-01
           HessRho_EigVec3 =  2.1535440546E-01  9.1731003355E-01  3.3491011091E-01
           DelSqRho = -4.3498080807E+05
           Bond Ellipticity = NA
           V = -1.0875539863E+05
           G =  5.0983061358E+00
           K =  1.0875030032E+05
           L =  1.0874520202E+05
           Vnuc =  3.1568134140E+06
           Ven = -3.7145881895E+08
           Vrep =  3.7135006355E+08
           DelSqV =  2.4950760364E+09
           DelSqVen =  1.3731533783E+12
           DelSqVrep = -1.3706583023E+12
           DelSqG =  1.3402156953E+08
           DelSqK = -2.6290976059E+09
           Stress_EigVals = -3.6252051810E+04 -3.6251881665E+04 -3.6251465154E+04
           Stress_EigVec1 =  2.2575246681E-01  9.3673647485E-01  2.6750813150E-01
           Stress_EigVec2 = -6.7682918653E-01 -4.6684641794E-02  7.3465828552E-01
           Stress_EigVec3 =  7.0066973389E-01 -3.4690823125E-01  6.2347141322E-01
           -DivStress =  8.0590071728E+02  1.2360957703E+03 -4.6837895325E+02
           ESP =  -1.4634469849E+01     ESP at Nucleus =  -1.4634469872E+01
           ESPe = -3.8229574372E+01     ESPe at Nucleus = -3.8229576152E+01
           ESPn =  2.3595104523E+01     ESPn at Nucleus =  2.3595106281E+01

CP# 5      Coords =  9.27280693825506E-01 -1.50328670819265E+00 -3.41936706657198E+00
           Type = (3,-3) NACP C5
           Rho =  1.1762679314E+02     Rho at Nucleus =  1.1762679266E+02
           GradRho = -2.9100733275E-09  1.1035750332E-09  2.4214440112E-09
           HessRho_EigVals = -1.4493890857E+05 -1.4493869305E+05 -1.4493827816E+05
           HessRho_EigVec1 =  6.5866496175E-01 -4.5231357154E-01 -6.0130932237E-01
           HessRho_EigVec2 =  5.6162300977E-01 -2.3629143651E-01  7.9293502377E-01
           HessRho_EigVec3 =  5.0073951617E-01  8.5998766853E-01 -9.8392819419E-02
           DelSqRho = -4.3481587977E+05
           Bond Ellipticity = NA
           V = -1.0871449031E+05
           G =  5.2601838306E+00
           K =  1.0870923013E+05
           L =  1.0870396994E+05
           Vnuc =  2.3176816087E+06
           Ven = -2.7262145516E+08
           Vrep =  2.7251274067E+08
           DelSqV =  2.4941351709E+09
           DelSqVen =  1.0077647585E+12
           DelSqVrep = -1.0052706264E+12
           DelSqG =  1.3396801004E+08
           DelSqK = -2.6281031810E+09
           Stress_EigVals = -3.6238384688E+04 -3.6238166191E+04 -3.6237939432E+04
           Stress_EigVec1 =  5.5381598158E-01  8.2183370904E-01 -1.3370569631E-01
           Stress_EigVec2 =  6.5826558811E-01 -5.3048596416E-01 -5.3410772073E-01
           Stress_EigVec3 =  5.0987672437E-01 -2.0778353281E-01  8.3477645477E-01
           -DivStress =  1.5322062354E+03 -5.9727913833E+02 -1.3014756033E+03
           ESP =  -1.4576286095E+01     ESP at Nucleus =  -1.4576286128E+01
           ESPe = -4.0042594377E+01     ESPe at Nucleus = -4.0042590746E+01
           ESPn =  2.5466308282E+01     ESPn at Nucleus =  2.5466304619E+01

CP# 6      Coords =  2.87108842825584E+00 -7.82525145932183E-02 -4.28010881646430E+00
           Type = (3,-3) NACP C6
           Rho =  1.1775346601E+02     Rho at Nucleus =  1.1775346596E+02
           GradRho =  1.4449792925E-11 -1.2411452486E-10 -8.0532210674E-11
           HessRho_EigVals = -1.4509149566E+05 -1.4508881503E+05 -1.4508864017E+05
           HessRho_EigVec1 =  5.3660204659E-01 -2.2638712786E-01  8.1290043175E-01
           HessRho_EigVec2 =  8.4365294978E-01  1.2389680664E-01 -5.2239762789E-01
           HessRho_EigVec3 =  1.7548330971E-02  9.6612548338E-01  2.5747544822E-01
           DelSqRho = -4.3526895086E+05
           Bond Ellipticity = NA
           V = -1.0882728666E+05
           G =  5.0244740969E+00
           K =  1.0882226219E+05
           L =  1.0881723772E+05
           Vnuc =  6.9715760367E+06
           Ven = -8.2092724189E+08
           Vrep =  8.2081841460E+08
           DelSqV =  2.4967108283E+09
           DelSqVen =  3.0345101312E+12
           DelSqVrep = -3.0320134204E+12
           DelSqG =  1.3410177715E+08
           DelSqK = -2.6308126054E+09
           Stress_EigVals = -3.6276122589E+04 -3.6276059723E+04 -3.6275104352E+04
           Stress_EigVec1 =  4.4539497190E-01  8.9418781266E-01 -4.5293208136E-02
           Stress_EigVec2 =  7.1650030353E-01 -3.8631075777E-01 -5.8085395193E-01
           Stress_EigVec3 =  5.3688977831E-01 -2.2625683222E-01  8.1274670828E-01
           -DivStress = -2.1380588319E+02  6.4979231002E+02  1.7047132230E+02
           ESP =  -1.4558048032E+01     ESP at Nucleus =  -1.4558048030E+01
           ESPe = -3.8118262853E+01     ESPe at Nucleus = -3.8118262887E+01
           ESPn =  2.3560214821E+01     ESPn at Nucleus =  2.3560214857E+01

CP# 7      Coords =  2.68116415478147E+00  5.98023532690031E-01  4.84452375481655E+00
           Type = (3,-3) NACP H7
           Rho =  4.2771670595E-01     Rho at Nucleus =  4.2414008710E-01
           GradRho = -4.9873299934E-16 -3.2526065175E-17 -1.4554329963E-15
           HessRho_EigVals = -6.5444744440E+00 -6.5366600208E+00 -5.9502715780E+00
           HessRho_EigVec1 =  5.9411560901E-01  7.6401746911E-01 -2.5160276237E-01
           HessRho_EigVec2 = -6.8019974228E-01  3.1022378462E-01 -6.6414570243E-01
           HessRho_EigVec3 = -4.2936575753E-01  5.6571946259E-01  7.0399327831E-01
           DelSqRho = -1.9031406043E+01
           Bond Ellipticity = NA
           V = -4.7673239325E+00
           G =  4.7362109029E-03
           K =  4.7625877216E+00
           L =  4.7578515107E+00
           Vnuc =  5.3229739379E+01
           Ven = -2.2767248786E+01
           Vrep =  1.7999924853E+01
           DelSqV =  7.1758003552E+02
           DelSqVen =  1.0130367837E+03
           DelSqVrep = -2.9545674815E+02
           DelSqG =  7.0922896311E+01
           DelSqK = -7.8850293183E+02
           Stress_EigVals = -1.6392937400E+00 -1.6382459002E+00 -1.4897842923E+00
           Stress_EigVec1 =  6.4013993156E-01  7.4004915266E-01 -2.0627195563E-01
           Stress_EigVec2 = -6.3764584629E-01  3.6204020727E-01 -6.7995195641E-01
           Stress_EigVec3 = -4.2851912762E-01  5.6679285455E-01  7.0364566174E-01
           -DivStress = -3.3405341244E+00  4.4326178287E+00  5.4976137283E+00
           ESP =  -1.0119545762E+00     ESP at Nucleus =  -1.0143410550E+00
           ESPe = -2.5033783410E+01     ESPe at Nucleus = -2.4943818029E+01
           ESPn =  2.4021828833E+01     ESPn at Nucleus =  2.3929476974E+01

CP# 8      Coords =  2.91351530159255E+00  1.87592496377074E+00 -3.77264676895455E+00
           Type = (3,-3) NACP H8
           Rho =  4.2305623374E-01     Rho at Nucleus =  4.1897255019E-01
           GradRho =  4.0543740240E-16 -6.5081945909E-16 -1.1752751550E-15
           HessRho_EigVals = -6.4489173604E+00 -6.4438287948E+00 -5.8056271946E+00
           HessRho_EigVec1 =  8.4345942969E-01  1.1968002552E-01 -5.2369159050E-01
           HessRho_EigVec2 =  5.3681347398E-01 -2.2441261231E-01  8.1330822791E-01
           HessRho_EigVec3 =  2.0186248398E-02  9.6711719607E-01  2.5352878426E-01
           DelSqRho = -1.8698373350E+01
           Bond Ellipticity = NA
           V = -4.6829212325E+00
           G =  4.1639475192E-03
           K =  4.6787572850E+00
           L =  4.6745933375E+00
           Vnuc =  5.1774869445E+01
           Ven = -2.1903681270E+01
           Vrep =  1.7220760037E+01
           DelSqV =  7.0232577859E+02
           DelSqVen =  9.6810583903E+02
           DelSqVrep = -2.6578006043E+02
           DelSqG =  6.9222805396E+01
           DelSqK = -7.7154858399E+02
           Stress_EigVals = -1.6156272899E+00 -1.6139142912E+00 -1.4533796514E+00
           Stress_EigVec1 =  8.4361102155E-01  1.1782159933E-01 -5.2386879564E-01
           Stress_EigVec2 =  5.3651417926E-01 -2.2447349782E-01  8.1348889619E-01
           Stress_EigVec3 =  2.1748098170E-02  9.6733123567E-01  2.5258127547E-01
           -DivStress =  1.7294713157E-01  8.0117957296E+00  2.1018006033E+00
           ESP =  -9.5064871088E-01     ESP at Nucleus =  -9.5338098600E-01
           ESPe = -2.5666777617E+01     ESPe at Nucleus = -2.5589403248E+01
           ESPn =  2.4716128906E+01     ESPn at Nucleus =  2.4636022262E+01

CP# 9      Coords =  8.24835579118553E-01 -3.46053472125586E+00 -3.87612091628662E+00
           Type = (3,-3) NACP H9
           Rho =  4.2630919734E-01     Rho at Nucleus =  4.2246085817E-01
           GradRho = -1.1561999730E-16  1.1970502545E-15 -1.0647983417E-15
           HessRho_EigVals = -6.5052929088E+00 -6.4980936590E+00 -5.8897060467E+00
           HessRho_EigVec1 =  8.4390331414E-01  9.6607807491E-02 -5.2772542852E-01
           HessRho_EigVec2 =  5.3527673145E-01 -2.1787811989E-01  8.1609309863E-01
           HessRho_EigVec3 =  3.6138859219E-02  9.7118281307E-01  2.3557997888E-01
           DelSqRho = -1.8893092615E+01
           Bond Ellipticity = NA
           V = -4.7330149051E+00
           G =  4.8708757492E-03
           K =  4.7281440294E+00
           L =  4.7232731536E+00
           Vnuc =  5.2715451783E+01
           Ven = -2.2473081937E+01
           Vrep =  1.7740067032E+01
           DelSqV =  7.1097393381E+02
           DelSqVen =  9.9595791276E+02
           DelSqVrep = -2.8498397895E+02
           DelSqG =  7.0136492127E+01
           DelSqK = -7.8111042594E+02
           Stress_EigVals = -1.6294185303E+00 -1.6293520262E+00 -1.4742443486E+00
           Stress_EigVec1 =  7.8108075070E-01  1.2006379976E-01 -6.1277854473E-01
           Stress_EigVec2 =  6.2340576383E-01 -2.0612291089E-01  7.5424041209E-01
           Stress_EigVec3 =  3.5750727561E-02  9.7113234402E-01  2.3584710277E-01
           -DivStress = -2.5224434913E-01 -7.8426401646E+00 -1.9247477278E+00
           ESP =  -9.3620305057E-01     ESP at Nucleus =  -9.3878583202E-01
           ESPe = -2.5606864955E+01     ESPe at Nucleus = -2.5500925049E+01
           ESPn =  2.4670661904E+01     ESPn at Nucleus =  2.4562139217E+01

CP# 10     Coords =  3.50283485317911E+00 -4.11640273922974E+00  1.71354305328737E+00
           Type = (3,-3) NACP H10
           Rho =  4.2858141228E-01     Rho at Nucleus =  4.2504422028E-01
           GradRho = -1.3438143827E-15  1.3700520753E-15 -1.3498317047E-17
           HessRho_EigVals = -6.5470368092E+00 -6.5389814300E+00 -5.9573098210E+00
           HessRho_EigVec1 =  5.3294159713E-01  7.7880849575E-01 -3.3080293377E-01
           HessRho_EigVec2 = -7.4125818611E-01  2.4118239830E-01 -6.2639233094E-01
           HessRho_EigVec3 = -4.0805582408E-01  5.7904091193E-01  7.0583430544E-01
           DelSqRho = -1.9043328060E+01
           Bond Ellipticity = NA
           V = -4.7706046375E+00
           G =  4.8863112213E-03
           K =  4.7657183263E+00
           L =  4.7608320150E+00
           Vnuc =  5.3407894333E+01
           Ven = -2.2889630780E+01
           Vrep =  1.8119026143E+01
           DelSqV =  7.1807706710E+02
           DelSqVen =  1.0170640528E+03
           DelSqVrep = -2.9898698569E+02
           DelSqG =  7.0866308507E+01
           DelSqK = -7.8894337561E+02
           Stress_EigVals = -1.6400406170E+00 -1.6390925586E+00 -1.4914714619E+00
           Stress_EigVec1 =  5.9669268816E-01  7.5361265279E-01 -2.7572777419E-01
           Stress_EigVec2 = -6.9226393342E-01  3.0962420617E-01 -6.5184622223E-01
           Stress_EigVec3 = -4.0586756754E-01  5.7982826812E-01  7.0644935919E-01
           -DivStress =  3.1768398344E+00 -4.4883680270E+00 -5.4903178993E+00
           ESP =  -1.0057309555E+00     ESP at Nucleus =  -1.0080863765E+00
           ESPe = -2.5030721339E+01     ESPe at Nucleus = -2.4948603767E+01
           ESPn =  2.4024990383E+01     ESPn at Nucleus =  2.3940517391E+01

CP# 11     Coords =  7.55997972260972E+00 -2.66309579589837E+00  1.41809578894701E+00
           Type = (3,-3) NACP H11
           Rho =  4.2965337254E-01     Rho at Nucleus =  4.2602139197E-01
           GradRho = -5.7828313535E-12  4.6551230199E-09 -8.9214154120E-10
           HessRho_EigVals = -6.5630405200E+00 -6.5546140870E+00 -5.9619803635E+00
           HessRho_EigVec1 =  8.4824829896E-01 -9.7669656622E-02 -5.2051461217E-01
           HessRho_EigVec2 =  5.2959685887E-01  1.5905331780E-01  8.3320418216E-01
           HessRho_EigVec3 = -1.4108096591E-03  9.8242693381E-01 -1.8664224962E-01
           DelSqRho = -1.9079634971E+01
           Bond Ellipticity = NA
           V = -4.7797994610E+00
           G =  4.9453591851E-03
           K =  4.7748541018E+00
           L =  4.7699087426E+00
           Vnuc =  5.0826944083E+01
           Ven = -2.1837967941E+01
           Vrep =  1.7058168480E+01
           DelSqV =  7.1904474034E+02
           DelSqVen =  9.6975954774E+02
           DelSqVrep = -2.5071480739E+02
           DelSqG =  7.0970897415E+01
           DelSqK = -7.9001563776E+02
           Stress_EigVals = -1.6441040372E+00 -1.6430012946E+00 -1.4926941292E+00
           Stress_EigVec1 =  8.7182226802E-01 -8.8467567559E-02 -4.8176697943E-01
           Stress_EigVec2 =  4.8980866121E-01  1.6480947977E-01  8.5611057158E-01
           Stress_EigVec3 = -3.6617454223E-03  9.8234989941E-01 -1.8701675527E-01
