AIMSum (Version 19.02.13, Professional)
Copyright (c) 1997-2019 by Todd A. Keith
AIMSum is a component of the AIMAll package ( http://aim.tkgristmill.com )

TP:  64-bit Linux

Much of the Quantum Theory of Atoms in Molecules (QTAIM) is described in the book:
  "Atoms in Molecules - A Quantum Theory"
  R.F.W. Bader, Oxford University Press, Oxford, 1990

For additional references see:  http://aim.tkgristmill.com/references.html

Wfn File:  /home/mhennefarth/Documents/ML_Diels/summary-lam2009/18-opt/18-opt.wfn
Sum File:  /home/mhennefarth/Documents/ML_Diels/summary-lam2009/18-opt/18-opt.sum

SumViz File:  /home/mhennefarth/Documents/ML_Diels/summary-lam2009/18-opt/18-opt.sumviz

Wfn Title:   Title Card Required                                                           
 
Total memory allocated for AIMSum =        3.236 Megabytes

Atomic units (a.u.) used throughout, except where stated otherwise

Model:  Restricted SCF
 
Restricted, closed-shell, single-determinant wavefunction.
  Number of electrons (from MO Occs)                   =         166.0000000000
  Number of Alpha electrons (from MO Occs)             =          83.0000000000
  Number of Beta electrons (from MO Occs)              =          83.0000000000
  Number of electron pairs (N*(N-1)/2)                 =       13695.0000000000
  Number of electron pairs (from Muller 2EDM)          =       13695.0000000000
 
Nuclear Charges and Cartesian Coordinates:
-------------------------------------------------------------------------------
Atom      Charge                X                  Y                  Z
-------------------------------------------------------------------------------
C1         6.0          -5.4260281500E+00   1.8005384800E+00   1.5817970200E+00
C2         6.0          -6.0245980100E+00  -6.7696693000E-01   1.4208645300E+00
C3         6.0          -4.1484420300E+00  -2.6683068500E+00   1.9865627000E+00
C4         6.0          -2.3107557600E+00  -2.5702175000E+00   3.7383075000E+00
C5         6.0          -1.0466327500E+00  -5.8917299000E-01  -3.7081517000E+00
C6         6.0          -2.9149597600E+00   1.0923519100E+00  -4.2018982300E+00
H7         1.0          -4.4100064700E+00  -4.4456478300E+00   9.6507861000E-01
H8         1.0          -2.1328727800E+00  -8.8207194000E-01   4.9049558100E+00
H9         1.0          -3.4806643900E+00   2.2657211800E+00   2.0777058100E+00
C10        6.0          -7.1315291100E+00   4.0477518200E+00   1.2766479000E+00
H11        1.0          -7.3195005300E+00   5.0546072600E+00   3.0827668600E+00
H12        1.0          -6.3400736200E+00   5.4210756900E+00  -6.4090290000E-02
H13        1.0          -9.0351137400E+00   3.5596710300E+00   6.4409396000E-01
C14        6.0          -5.3451787000E-01  -4.6977929400E+00   4.3486075100E+00
H15        1.0          -8.6280082000E-01  -6.3483586500E+00   3.1392850400E+00
H16        1.0           1.4582798200E+00  -4.1281157100E+00   4.1728799000E+00
H17        1.0          -7.6483003000E-01  -5.3112642200E+00   6.3167980100E+00
H18        1.0          -2.7818228600E+00   2.9617266700E+00  -3.3590851000E+00
C19        6.0          -5.1193739600E+00   5.9364915000E-01  -5.8667709500E+00
H20        1.0          -6.8787965100E+00   9.0984678000E-01  -4.8161578200E+00
H21        1.0          -5.1355973000E+00   1.9537117000E+00  -7.4356650000E+00
H22        1.0          -5.1268402200E+00  -1.3212696500E+00  -6.6404836400E+00
H23        1.0          -1.1198700700E+00  -2.4779216000E+00  -4.4958335200E+00
C24        6.0           1.0212782100E+00   8.4847200000E-02  -2.0737012200E+00
O25        8.0           1.2779995000E+00   2.2682404100E+00  -1.1731423300E+00
N26        7.0           2.8136915700E+00  -1.7664376000E+00  -1.5092096400E+00
Al27      13.0           3.7703248400E+00   3.8963221500E+00   9.0909616000E-01
C28        6.0           2.6798603000E+00  -4.4520235500E+00  -2.2575395500E+00
C29        6.0           4.8105431200E+00  -1.3891798100E+00   1.4302209000E-01
O30        8.0           5.3892964900E+00   6.0121115000E-01   1.2132119600E+00
C31        6.0           5.8900728800E+00   5.9696111600E+00  -1.2788814500E+00
C32        6.0           2.2271540600E+00   4.6927288000E+00   4.1585783400E+00
C33        6.0           5.1454082800E+00  -5.5025236500E+00  -1.1087759100E+00
H34        1.0           2.6462376700E+00  -4.6406415500E+00  -4.3112683400E+00
H35        1.0           9.8993371000E-01  -5.3190957100E+00  -1.4467307300E+00
O36        8.0           6.1050364300E+00  -3.4775723800E+00   4.8998434000E-01
H37        1.0           7.6273463700E+00   6.5485138600E+00  -3.0465139000E-01
H38        1.0           6.4658831900E+00   5.0098788600E+00  -3.0247146700E+00
H39        1.0           4.9191425300E+00   7.7151496000E+00  -1.8382309700E+00
H40        1.0           1.1182839000E+00   3.1278416200E+00   4.9458970200E+00
H41        1.0           3.6681003900E+00   5.1828178400E+00   5.5677008400E+00
H42        1.0           9.6216978000E-01   6.3305473200E+00   4.0178521100E+00
H43        1.0           6.5971766900E+00  -5.8994955500E+00  -2.5179376800E+00
H44        1.0           4.8598482900E+00  -7.1475466900E+00   9.5226740000E-02
C45        6.0          -8.6093778100E+00  -1.6728674700E+00   7.1248649000E-01
H46        1.0          -9.4802873000E+00  -2.6567570600E+00   2.3169895800E+00
H47        1.0          -9.9130874400E+00  -1.9333879000E-01   1.0607303000E-01
H48        1.0          -8.4675711700E+00  -3.0663035700E+00  -8.1959899000E-01
 
Some Atomic Properties:
----------------------
  q(A) = Net Charge of Atom A
  L(A) = Lagrangian of Atom A = -(1/4) Times Atomic Integral of the Laplacian of the Electron Density
  K(A) = Electronic Kinetic Energy of Atom A (Hamiltonian Form)
  K_Scaled(A) = K(A) * E(Mol)/K(Mol) = Approximation to Virial-Based Total Energy of Atom A.
  |Mu_Intra(A)| = Magnitude of Intraatomic Dipole Moment of Atom A
--------------------------------------------------------------------------------------------------
Atom A          q(A)              L(A)              K(A)          K_Scaled(A)      |Mu_Intra(A)|
--------------------------------------------------------------------------------------------------
C1       -6.5976667800E-02 -2.7062651730E-04  3.7713845075E+01 -3.8036480985E+01  7.6298120364E-02
C2       -3.6196278000E-03 -8.8934158950E-05  3.7692232775E+01 -3.8014683796E+01  6.3691534913E-02
C3       -5.9065422400E-02  4.7163731593E-04  3.7727275803E+01 -3.8050026611E+01  9.1982908854E-02
C4       -5.9633131200E-02  2.4359850246E-05  3.7711410418E+01 -3.8034025500E+01  9.5889017173E-02
C5       -9.3900300000E-03  3.0149828913E-04  3.7724891472E+01 -3.8047621882E+01  2.0969611938E-01
C6        2.0626755000E-02  1.5155484725E-04  3.7704192476E+01 -3.8026745810E+01  1.1663795031E-01
H7        1.8657574110E-02  2.9469200793E-05  6.0581114380E-01 -6.1099376121E-01  1.5919351750E-01
H8        4.5346201060E-02  1.5958742357E-05  5.9647255106E-01 -6.0157527830E-01  1.4763657053E-01
H9        2.5079840250E-02  3.7133964093E-05  6.0802336792E-01 -6.1322491055E-01  1.4570163977E-01
C10      -2.0395347900E-02  6.2870472595E-05  3.7681166291E+01 -3.8003522639E+01  9.4907139175E-02
H11       4.5318924730E-02  2.3835704108E-05  5.9120153194E-01 -5.9625916645E-01  1.4764213492E-01
H12       1.5589130480E-02  2.4924503655E-05  6.0345991804E-01 -6.0862242108E-01  1.5428465740E-01
H13       2.5777221880E-02  2.3668753073E-05  6.0371542687E-01 -6.0888011576E-01  1.4395809055E-01
C14      -2.3428782000E-02 -2.2028287007E-04  3.7680004448E+01 -3.8002350857E+01  7.7706923447E-02
H15       8.7679764700E-03  1.4846784344E-05  6.0611868772E-01 -6.1130393611E-01  1.5429033119E-01
H16       1.5651830800E-03  1.8878303998E-05  6.0869363962E-01 -6.1390091631E-01  1.5104249926E-01
H17       5.4292082710E-02  2.3393386078E-05  5.8821969928E-01 -5.9325182469E-01  1.4534759477E-01
H18       1.1193820827E-01  4.3897055425E-05  5.7487414064E-01 -5.7979209693E-01  1.3235927284E-01
C19      -2.0195302300E-02  1.7311142818E-04  3.7697290073E+01 -3.8019784358E+01  1.7226120816E-01
H20       7.9215216660E-02  3.3396512735E-05  5.7674634332E-01 -5.8168031600E-01  1.3660745841E-01
H21       7.6790094580E-02  2.3370550748E-05  5.7641283003E-01 -5.8134394957E-01  1.4059973353E-01
H22       4.5968611700E-02  2.8249299020E-05  5.9274688235E-01 -5.9781773709E-01  1.4510357845E-01
H23       6.6477258840E-02 -3.2632067222E-05  5.9090116391E-01 -5.9595622882E-01  1.3782715737E-01
C24       1.3221463773E+00 -2.4822626943E-04  3.6856706376E+01 -3.7172009602E+01  8.5504094571E-01
O25      -1.3141561243E+00  6.4215105885E-05  7.5343871845E+01 -7.5988426613E+01  2.9929342623E-01
N26      -1.1773192923E+00  1.7637411758E-04  5.4982388742E+01 -5.5452754280E+01  1.1595512435E-01
Al27      2.3963562410E+00 -1.0434969637E-04  2.4087190423E+02 -2.4293252483E+02  9.4229670627E-02
C28       3.0847147580E-01  1.9079698785E-04  3.7529623376E+01 -3.7850683299E+01  5.2206144007E-01
C29       2.0751888095E+00  7.6883471097E-05  3.6393382532E+01 -3.6704722097E+01  2.5413310157E-01
O30      -1.2993445518E+00  2.9458861256E-05  7.5374299266E+01 -7.6019114336E+01  3.9896714505E-01
C31      -8.2303157030E-01 -1.0806026270E-06  3.7895493914E+01 -3.8219683801E+01  1.2740362753E+00
C32      -8.2107062470E-01  2.0051804947E-04  3.7895579947E+01 -3.8219770570E+01  1.2719965782E+00
C33       4.0378283570E-01 -3.8428800626E-04  3.7464822831E+01 -3.7785328396E+01  5.7871950175E-01
H34       8.3259532420E-02  2.9263657587E-05  5.8882594833E-01 -5.9386326010E-01  1.3736706753E-01
H35       8.3753697990E-02  2.4518824491E-05  5.8821848109E-01 -5.9325059608E-01  1.3813191270E-01
O36      -1.0588289431E+00  2.9130889943E-05  7.5305473226E+01 -7.5949699500E+01  3.3247539636E-01
H37       3.9250228410E-02  3.5309132003E-05  5.8538041969E-01 -5.9038825552E-01  1.5402323708E-01
H38       1.8896060900E-02  3.1424779764E-05  5.9382906696E-01 -5.9890917961E-01  1.5971317122E-01
H39       3.4785163890E-02  2.4443280431E-05  5.8709603404E-01 -5.9211854668E-01  1.5527546447E-01
H40       1.5787043320E-02  1.8357642755E-05  5.9526608302E-01 -6.0035848912E-01  1.5669102396E-01
H41       4.0019339600E-02  3.3064943530E-05  5.8512882831E-01 -5.9013451182E-01  1.5366167048E-01
H42       3.2924401150E-02  2.1367472785E-05  5.8786167568E-01 -5.9289073826E-01  1.5551764794E-01
H43       9.9376597320E-02  2.8470156867E-05  5.8414517413E-01 -5.8914244263E-01  1.3622877683E-01
H44       1.0675007098E-01  2.5329629601E-05  5.8036598652E-01 -5.8533092468E-01  1.3453989229E-01
C45      -2.8788386300E-02  6.5353849891E-05  3.7694346204E+01 -3.8016815304E+01  8.9532450467E-02
H46       4.3412026660E-02  2.4272301650E-05  5.9274142419E-01 -5.9781223224E-01  1.4787942803E-01
H47       2.5137227740E-02  4.1647342725E-05  6.0461055647E-01 -6.0978290304E-01  1.4431914591E-01
H48       1.4610180460E-02  2.5054607711E-05  6.0374187655E-01 -6.0890679171E-01  1.5504133443E-01
--------------------------------------------------------------------------------------------------
Total     1.0010737858E+00  1.3708898804E-03  1.1389408102E+03 -1.1486842666E+03
 
1st Largest |L(A)| = 4.7163731593E-04, atom C3      
2nd Largest |L(A)| = 3.8428800626E-04, atom C33     
 
Molecular charge q(Mol) from the wfn file:   1.0000000000E+00
Molecular energy E(Mol) from the wfn file:  -1.1486838251E+03
Molecular virial ratio (-V(Mol)/T(Mol)) from the wfn file:   2.0085548400E+00
Note.  K_Scaled(A) = (1+V(Mol)/T(Mol))*K(A) = (E(Mol)/T(Mol))*K(A)
       Only use K_Scaled(A) data with caution.
 
N_AIMInt(SumA)     =        165.998926
N_Analytic(Mol)    =        165.999973
 
G_AIMInt(SumA)     =       1138.939439
G_Analytic(Mol)    =       1138.940302
 
K_AIMInt(SumA)     =       1138.940810
K_Analytic(Mol)    =       1138.940302
 
L_AIMInt(SumA)     =          0.001371
L_Analytic(Mol)    =          0.000000
 
VenT_AIMInt(SumA)  =      -6524.070355
VenT_Analytic(Mol) =      -6524.090882
 
Some Information About the Atomic Calculations:
----------------------------------------------
  Time(sec) = "Elapsed User Time", in Seconds, for Atom A by AIMInt and, if used, by TWOe
  NProc = Number of Processors Used for AIMInt Job
  BIM = Basin Integration Method
  OAQ = Angular Quadrature Outside of Beta Sphere
  ORQ = Multiple of Default for Radial Quadrature Outside of Beta Sphere
  IAQ = Multiple of Default for Angular Quadrature Inside of Beta Sphere
  IRQ = Multiple of Default for Radial Quadrature Inside of Beta Sphere
  MIR = Maximum Integration Radius
------------------------------------------------------------------------------------------------------
Atom A     Time(sec)   NProc      BIM          OAQ                     ORQ      IAQ      IRQ      MIR
------------------------------------------------------------------------------------------------------
C1            129        8     Proaim(5)    4500(GS4)                  1.00     1.00     1.00    13.00
C2             92        8     Proaim(5)    4500(GS4)                  1.00     1.00     1.00    13.00
C3            700        8    Promega(5)    4500(GS4)                  1.00     1.00     1.00    13.00
C4             57        8     Proaim(5)    4500(GS4)                  1.00     1.00     1.00    13.00
C5            175        8    Promega(1)    4500(GS4)                  1.00     1.00     1.00    13.00
C6            123        8     Proaim(5)    4500(GS4)                  1.00     1.00     1.00    13.00
H7             14        8     Proaim(5)    1800(GS4)                  1.00     1.00     1.00    13.00
H8             23        8     Proaim(5)    4500(GS4)                  1.00     1.00     1.00    13.00
H9             39        8     Proaim(5)    4500(GS4)                  1.00     1.00     1.00    13.00
C10            43        8     Proaim(5)    4500(GS4)                  1.00     1.00     1.00    13.00
H11             9        8     Proaim(5)    1800(GS4)                  1.00     1.00     1.00    13.00
H12            13        8     Proaim(5)    1800(GS4)                  1.00     1.00     1.00    13.00
H13            19        8     Proaim(5)    4500(GS4)                  1.00     1.00     1.00    13.00
C14            49        8     Proaim(5)    4500(GS4)                  1.00     1.00     1.00    13.00
H15            29        8     Proaim(5)    4500(GS4)                  1.00     1.00     1.00    13.00
H16           156        8    Promega(1)    4500(GS4)                  1.00     1.00     1.00    13.00
H17             9        8     Proaim(5)    1800(GS4)                  1.00     1.00     1.00    13.00
H18            22        8     Proaim(5)    1800(GS4)                  1.00     1.00     1.00    13.00
C19            72        8     Proaim(5)    4500(GS4)                  1.00     1.00     1.00    13.00
H20            23        8     Proaim(5)    1800(GS4)                  1.00     1.00     1.00    13.00
H21             9        8     Proaim(5)    1800(GS4)                  1.00     1.00     1.00    13.00
H22            11        8     Proaim(5)    1800(GS4)                  1.00     1.00     1.00    13.00
H23            18        8     Proaim(5)    1800(GS4)                  1.00     1.00     1.00    13.00
C24            84        8     Proaim(5)    4500(GS4)                  1.00     1.00     1.00    13.00
O25            56        8     Proaim(5)    4500(GS4)                  1.00     1.00     1.00    13.00
N26           162        8    Promega(1)    4500(GS4)                  1.00     1.00     1.00    13.00
Al27           70        8     Proaim(5)    4500(GS4)                  1.00     1.00     1.00    13.00
C28           681        8    Promega(5)    4500(GS4)                  1.00     1.00     1.00    13.00
C29           143        8    Promega(1)    4500(GS4)                  1.00     1.00     1.00    13.00
O30            37        8     Proaim(5)    4500(GS4)                  1.00     1.00     1.00    13.00
C31            42        8     Proaim(5)    4500(GS4)                  1.00     1.00     1.00    13.00
C32            51        8     Proaim(5)    4500(GS4)                  1.00     1.00     1.00    13.00
C33            35        8     Proaim(5)    4500(GS4)                  1.00     1.00     1.00    13.00
H34            12        8     Proaim(5)    1800(GS4)                  1.00     1.00     1.00    13.00
H35           166        8    Promega(1)    4500(GS4)                  1.00     1.00     1.00    13.00
O36           157        8    Promega(1)    4500(GS4)                  1.00     1.00     1.00    13.00
H37             9        8     Proaim(5)    1800(GS4)                  1.00     1.00     1.00    13.00
H38            11        8     Proaim(5)    1800(GS4)                  1.00     1.00     1.00    13.00
H39            10        8     Proaim(5)    1800(GS4)                  1.00     1.00     1.00    13.00
H40            34        8     Proaim(5)    4500(GS4)                  1.00     1.00     1.00    13.00
H41            11        8     Proaim(5)    1800(GS4)                  1.00     1.00     1.00    13.00
H42            13        8     Proaim(5)    1800(GS4)                  1.00     1.00     1.00    13.00
H43             9        8     Proaim(5)    1800(GS4)                  1.00     1.00     1.00    13.00
H44            10        8     Proaim(5)    1800(GS4)                  1.00     1.00     1.00    13.00
C45            48        8     Proaim(5)    4500(GS4)                  1.00     1.00     1.00    13.00
H46            11        8     Proaim(5)    1800(GS4)                  1.00     1.00     1.00    13.00
H47            21        8     Proaim(5)    4500(GS4)                  1.00     1.00     1.00    13.00
H48            14        8     Proaim(5)    1800(GS4)                  1.00     1.00     1.00    13.00
------------------------------------------------------------------------------------------------------
Total        3731
Note:  Total wall clock time is less than total of atomic times if more than one atom
       was calculated at a time
 
Electron Density Critical Point Analysis of Molecular Structure:               
---------------------------------------------------------------                
  NACP = Nuclear Attractor Critical Point                                      
  NNACP = Non-Nuclear Attractor Critical Point                                 
  BCP = Bond Critical Point                                                    
  RCP = Ring Critical Point                                                    
  CCP = Cage Critical Point                                                    
  Rho = Electron Density                                                       
  GradRho = Gradient of Electron Density                                       
  HessRho_EigVals = Eigenvalues of the Hessian of Rho, Ascending Order         
  HessRho_EigVecs = Eigenvectors of the Hessian of Rho                         
  DelSqRho = Laplacian of Rho = Trace of Hessian of Rho                        
  Bond Ellipticity = (HessRho_EigVal(1) / HessRho_EigVal(2)) - 1               
  V = Virial Field = Potential Energy Density = Trace of Stress Tensor         
  G = Lagrangian Form of Kinetic Energy Density                                
  K = Hamiltonian Form of Kinetic Energy Density                               
  L = K - G = Lagrangian Density = (-1/4)DelSqRho                              
  Vnuc = Electrostatic Potential from Nuclei                                   
  Ven = Electron-nuclear attractive contribution to Virial Field V             
  Vrep = V - Ven = Repulsive contribution to Virial Field V                    
  DelSqV = Laplacian of V                                                      
  DelSqVen = Laplacian of Ven                                                  
  DelSqVrep = Laplacian of Vrep                                                
  DelSqG = Laplacian of G                                                      
  DelSqK = Laplacian of K                                                      
  Stress_EigVals = Eigenvalues of Stress Tensor, Ascending Order               
  Stress_EigVecs = Eigenvectors of Stress Tensor                               
  -DivStress = Ehrenfest Force Density = Minus Divergence of Stress Tensor     
  ESP = Total Electrostatic Potential                                          
  ESPe = Electrostatic Potential from Electrons                                
  ESPn = Electrostatic Potential from Nuclei                                   
  BP = Bond Path                                                               
  BPL = Bond Path Length                                                       
  GBL = Geometric Bond Length                                                  
  GBL_I = Distance Between Nuclear Attractors                                  
  GBL_II = Distance Between Nuclei                                             
  GBL_III = Sum of Distances Between BCP and Nuclear Attractors                
  GBL_IV = Sum of Distances Between BCP and Nuclei                             

CP# 1      Coords = -5.42602850068949E+00  1.80053994783365E+00  1.58179700198078E+00
           Type = (3,-3) NACP C1
           Rho =  1.1768473735E+02     Rho at Nucleus =  1.1768473719E+02
           GradRho = -1.9264038975E-10  7.4098054602E-10 -1.0186795851E-11
           HessRho_EigVals = -1.4501625844E+05 -1.4501542736E+05 -1.4501521772E+05
           HessRho_EigVec1 = -1.8244244111E-01  4.7703464056E-02  9.8205862106E-01
           HessRho_EigVec2 =  8.2650599869E-01 -5.3355526785E-01  1.7946200232E-01
           HessRho_EigVec3 =  5.3254350978E-01  8.4441882717E-01  5.7915926329E-02
           DelSqRho = -4.3504690352E+05
           Bond Ellipticity = NA
           V = -1.0877191090E+05
           G =  5.0925118401E+00
           K =  1.0876681839E+05
           L =  1.0876172588E+05
           Vnuc =  3.9755010131E+06
           Ven = -4.6785579258E+08
           Vrep =  4.6774702067E+08
           DelSqV =  2.4954561149E+09
           DelSqVen =  1.7295292498E+12
           DelSqVrep = -1.7270338264E+12
           DelSqG =  1.3404436516E+08
           DelSqK = -2.6295004800E+09
           Stress_EigVals = -3.6257545204E+04 -3.6257410075E+04 -3.6256955626E+04
           Stress_EigVec1 =  4.2520562868E-01  9.0153691914E-01  8.0195740327E-02
           Stress_EigVec2 =  8.8027049062E-01 -4.3252610796E-01  1.9505135039E-01
           Stress_EigVec3 = -2.1053274494E-01  1.2342988383E-02  9.7750888177E-01
           -DivStress =  2.9012740649E+02 -1.1970232983E+03  1.2582749371E+01
           ESP =  -1.4642598609E+01     ESP at Nucleus =  -1.4642598623E+01
           ESPe = -3.8021732585E+01     ESPe at Nucleus = -3.8021734267E+01
           ESPn =  2.3379133977E+01     ESPn at Nucleus =  2.3379135644E+01

CP# 2      Coords = -6.02459808335266E+00 -6.76968941897827E-01  1.42086425809730E+00
           Type = (3,-3) NACP C2
           Rho =  1.1764303814E+02     Rho at Nucleus =  1.1764303784E+02
           GradRho = -2.4909458610E-11 -1.8509290694E-09 -2.4965193975E-10
           HessRho_EigVals = -1.4495429949E+05 -1.4495356780E+05 -1.4495322146E+05
           HessRho_EigVec1 = -3.6222059580E-01 -2.2285572370E-02  9.3182594579E-01
           HessRho_EigVec2 =  8.7471376410E-01 -3.5346796556E-01  3.3156632551E-01
           HessRho_EigVec3 =  3.2198147597E-01  9.3518113250E-01  1.4752687398E-01
           DelSqRho = -4.3486108875E+05
           Bond Ellipticity = NA
           V = -1.0872545615E+05
           G =  5.0919804862E+00
           K =  1.0872036417E+05
           L =  1.0871527219E+05
           Vnuc =  2.9534878231E+06
           Ven = -3.4745728061E+08
           Vrep =  3.4734855516E+08
           DelSqV =  2.4943830526E+09
           DelSqVen =  1.2843569644E+12
           DelSqVrep = -1.2818625813E+12
           DelSqG =  1.3397653595E+08
           DelSqK = -2.6283595886E+09
           Stress_EigVals = -3.6242076233E+04 -3.6241887593E+04 -3.6241492322E+04
           Stress_EigVec1 =  2.4043905499E-01  9.6685061319E-01  8.5959016978E-02
           Stress_EigVec2 =  9.1664798614E-01 -2.5529663324E-01  3.0753877571E-01
           Stress_EigVec3 = -3.1928910151E-01 -4.8498271982E-03  9.4764494872E-01
           -DivStress =  6.1156336047E+01  1.6348291162E+03  2.1697846026E+02
           ESP =  -1.4632044874E+01     ESP at Nucleus =  -1.4632044901E+01
           ESPe = -3.8524032713E+01     ESPe at Nucleus = -3.8524033401E+01
           ESPn =  2.3891987838E+01     ESPn at Nucleus =  2.3891988501E+01

CP# 3      Coords = -4.14844290685338E+00 -2.66830662970736E+00  1.98656200316451E+00
           Type = (3,-3) NACP C3
           Rho =  1.1769293788E+02     Rho at Nucleus =  1.1769293778E+02
           GradRho = -2.3148749237E-10  8.8720098976E-11 -2.0235228770E-10
           HessRho_EigVals = -1.4502455688E+05 -1.4502371943E+05 -1.4502346015E+05
           HessRho_EigVec1 =  6.8482075504E-01  2.5956065314E-01 -6.8091761675E-01
           HessRho_EigVec2 = -2.1784767506E-01  9.6460329487E-01  1.4860307535E-01
           HessRho_EigVec3 = -6.9538688795E-01 -4.6569849456E-02 -7.1712504153E-01
           DelSqRho = -4.3507173646E+05
           Bond Ellipticity = NA
           V = -1.0877815585E+05
           G =  5.1108655098E+00
           K =  1.0877304498E+05
           L =  1.0876793412E+05
           Vnuc =  5.2563501772E+06
           Ven = -6.1863529486E+08
           Vrep =  6.1852651671E+08
           DelSqV =  2.4955964779E+09
           DelSqVen =  2.2868899676E+12
           DelSqVrep = -2.2843943548E+12
           DelSqG =  1.3405023499E+08
           DelSqK = -2.6296467129E+09
           Stress_EigVals = -3.6259636104E+04 -3.6259491495E+04 -3.6259028247E+04
           Stress_EigVec1 = -7.1339160375E-01 -6.0611305864E-02 -6.9813944832E-01
           Stress_EigVec2 = -2.5446385461E-01  9.5065550350E-01  1.7748876122E-01
           Stress_EigVec3 =  6.5293228317E-01  3.0427024709E-01 -6.9361304078E-01
           -DivStress =  7.1528980463E+02 -1.8081994679E+02  5.6107191220E+02
           ESP =  -1.4637041270E+01     ESP at Nucleus =  -1.4637041282E+01
           ESPe = -3.8619668906E+01     ESPe at Nucleus = -3.8619669286E+01
           ESPn =  2.3982627636E+01     ESPn at Nucleus =  2.3982628005E+01

CP# 4      Coords = -2.31075417245361E+00 -2.57021843082547E+00  3.73830802890313E+00
           Type = (3,-3) NACP C4
           Rho =  1.1768069716E+02     Rho at Nucleus =  1.1768069689E+02
           GradRho =  1.3017360245E-09 -7.3432786241E-10  4.2603620631E-10
           HessRho_EigVals = -1.4500810807E+05 -1.4500719907E+05 -1.4500686461E+05
           HessRho_EigVec1 =  5.9813490066E-01  4.2549661197E-01 -6.7910770413E-01
           HessRho_EigVec2 =  5.7498818836E-01 -8.1813839430E-01 -6.1766520125E-03
           HessRho_EigVec3 =  5.5823223112E-01  3.8678443736E-01  7.3401265327E-01
           DelSqRho = -4.3502217174E+05
           Bond Ellipticity = NA
           V = -1.0876571872E+05
           G =  5.0878941697E+00
           K =  1.0876063083E+05
           L =  1.0875554294E+05
           Vnuc =  3.1335019104E+06
           Ven = -3.6875268936E+08
           Vrep =  3.6864392364E+08
           DelSqV =  2.4953111832E+09
           DelSqVen =  1.3631428690E+12
           DelSqVrep = -1.3606475742E+12
           DelSqG =  1.3403355588E+08
           DelSqK = -2.6293447391E+09
           Stress_EigVals = -3.6255509298E+04 -3.6255342265E+04 -3.6254867161E+04
           Stress_EigVec1 =  6.1046264314E-01  2.8883342307E-01  7.3750295934E-01
           Stress_EigVec2 =  4.8788612565E-01 -8.7064033405E-01 -6.2869206532E-02
           Stress_EigVec3 =  6.2394109476E-01  3.9819676348E-01 -6.7241121929E-01
           -DivStress = -1.2868716191E+03  7.6399772601E+02 -4.3460847487E+02
           ESP =  -1.4631391778E+01     ESP at Nucleus =  -1.4631391799E+01
           ESPe = -3.8168770728E+01     ESPe at Nucleus = -3.8168771565E+01
           ESPn =  2.3537378950E+01     ESPn at Nucleus =  2.3537379766E+01

CP# 5      Coords = -1.04663079840528E+00 -5.89172665580732E-01 -3.70815009328793E+00
           Type = (3,-3) NACP C5
           Rho =  1.1762488111E+02     Rho at Nucleus =  1.1762488064E+02
           GradRho =  2.9107267716E-09  4.6587710729E-10  2.3365804222E-09
           HessRho_EigVals = -1.4493678237E+05 -1.4493653936E+05 -1.4493616426E+05
           HessRho_EigVec1 =  7.1307190307E-01  2.9187080224E-01  6.3744795541E-01
           HessRho_EigVec2 = -5.5456405843E-01 -3.2145972232E-01  7.6754306200E-01
           HessRho_EigVec3 = -4.2893725200E-01  9.0081911709E-01  6.7362839331E-02
           DelSqRho = -4.3480948599E+05
           Bond Ellipticity = NA
           V = -1.0871290235E+05
           G =  5.2654260887E+00
           K =  1.0870763692E+05
           L =  1.0870237150E+05
           Vnuc =  2.3542354050E+06
           Ven = -2.7691665961E+08
           Vrep =  2.7680794671E+08
           DelSqV =  2.4940990633E+09
           DelSqVen =  1.0236438897E+12
           DelSqVrep = -1.0211497886E+12
           DelSqG =  1.3396626106E+08
           DelSqK = -2.6280653244E+09
           Stress_EigVals = -3.6237850281E+04 -3.6237636815E+04 -3.6237415254E+04
           Stress_EigVec1 = -4.8737996957E-01  8.7248297642E-01  3.5131483333E-02
           Stress_EigVec2 =  7.1427419263E-01  3.7521394810E-01  5.9078496163E-01
           Stress_EigVec3 = -5.0226799918E-01 -3.1303026851E-01  8.0606383618E-01
           -DivStress = -1.5777016023E+03 -2.6724174325E+02 -1.3042121976E+03
           ESP =  -1.4578551773E+01     ESP at Nucleus =  -1.4578551804E+01
           ESPe = -4.0121692578E+01     ESPe at Nucleus = -4.0121689038E+01
           ESPn =  2.5543140805E+01     ESPn at Nucleus =  2.5543137234E+01

CP# 6      Coords = -2.91496014397067E+00  1.09235110699331E+00 -4.20189852017573E+00
           Type = (3,-3) NACP C6
           Rho =  1.1775904558E+02     Rho at Nucleus =  1.1775904551E+02
           GradRho = -5.2306677219E-11 -1.6336219183E-10 -3.9405238621E-11
           HessRho_EigVals = -1.4509881607E+05 -1.4509610390E+05 -1.4509591986E+05
           HessRho_EigVec1 = -5.1245742269E-01 -3.2373919337E-01  7.9534918407E-01
           HessRho_EigVec2 =  8.5556888987E-01 -2.7167392659E-01  4.4067579046E-01
           HessRho_EigVec3 =  7.3411610907E-02  9.0630359830E-01  4.1620250251E-01
           DelSqRho = -4.3529083983E+05
           Bond Ellipticity = NA
           V = -1.0883274929E+05
           G =  5.0196657857E+00
           K =  1.0882772962E+05
           L =  1.0882270996E+05
           Vnuc =  6.4089664885E+06
           Ven = -7.5471377682E+08
           Vrep =  7.5460494407E+08
           DelSqV =  2.4968361939E+09
           DelSqVen =  2.7897647596E+12
           DelSqVrep = -2.7872679234E+12
           DelSqG =  1.3410888148E+08
           DelSqK = -2.6309450753E+09
           Stress_EigVals = -3.6277947841E+04 -3.6277883192E+04 -3.6276918255E+04
           Stress_EigVec1 = -3.5685109965E-01  9.2284249858E-01  1.4497936233E-01
           Stress_EigVec2 =  7.8071629387E-01  2.0939858756E-01  5.8875657110E-01
           Stress_EigVec3 = -5.1297111143E-01 -3.2328618027E-01  7.9520229155E-01
           -DivStress =  3.1641520387E+02  6.5568656907E+02  2.3847576286E+02
           ESP =  -1.4559128390E+01     ESP at Nucleus =  -1.4559128389E+01
           ESPe = -3.8226958967E+01     ESPe at Nucleus = -3.8226958905E+01
           ESPn =  2.3667830577E+01     ESPn at Nucleus =  2.3667830516E+01

CP# 7      Coords = -4.40570410268143E+00 -4.41664071976068E+00  9.81626971564252E-01
           Type = (3,-3) NACP H7
           Rho =  4.2829298924E-01     Rho at Nucleus =  4.2482536729E-01
           GradRho =  1.3632758117E-15  5.4021050870E-15  2.7785933276E-15
           HessRho_EigVals = -6.5536073327E+00 -6.5457936749E+00 -5.9694912383E+00
           HessRho_EigVec1 =  8.0125942590E-01 -3.7962640038E-01  4.6245770459E-01
           HessRho_EigVec2 = -5.8508182241E-01 -3.3547099944E-01  7.3833493051E-01
           HessRho_EigVec3 =  1.2515028358E-01  8.6217341914E-01  4.9091180659E-01
           DelSqRho = -1.9068892246E+01
           Bond Ellipticity = NA
           V = -4.7769030061E+00
           G =  4.8399723003E-03
           K =  4.7720630338E+00
           L =  4.7672230615E+00
           Vnuc =  5.3225889545E+01
           Ven = -2.2796275338E+01
           Vrep =  1.8019372332E+01
           DelSqV =  7.1950253295E+02
           DelSqVen =  1.0149587524E+03
           DelSqVrep = -2.9545621947E+02
           DelSqG =  7.1105105666E+01
           DelSqK = -7.9060763862E+02
           Stress_EigVals = -1.6416062587E+00 -1.6406466704E+00 -1.4946500769E+00
           Stress_EigVec1 =  7.3660343250E-01 -4.1340285100E-01  5.3526952651E-01
           Stress_EigVec2 = -6.6445149900E-01 -2.9469554041E-01  6.8677415788E-01
           Stress_EigVec3 =  1.2617285248E-01  8.6154084131E-01  4.9175989065E-01
           -DivStress = -9.8385086876E-01 -6.6315123623E+00 -3.7841908758E+00
           ESP =  -1.0054499745E+00     ESP at Nucleus =  -1.0077824618E+00
           ESPe = -2.4532648185E+01     ESPe at Nucleus = -2.4438199250E+01
           ESPn =  2.3527198210E+01     ESPn at Nucleus =  2.3430416788E+01

CP# 8      Coords = -2.13559651142967E+00 -9.10733918568386E-01  4.88520547015261E+00
           Type = (3,-3) NACP H8
           Rho =  4.2658321398E-01     Rho at Nucleus =  4.2288704653E-01
           GradRho = -2.7018318138E-16 -6.8631081721E-15 -3.3859633847E-15
           HessRho_EigVals = -6.5108334172E+00 -6.5028675682E+00 -5.9069706643E+00
           HessRho_EigVec1 =  7.6876810068E-01 -4.1167587497E-01  4.8940635606E-01
           HessRho_EigVec2 = -6.3455234488E-01 -3.9574985035E-01  6.6387150681E-01
           HessRho_EigVec3 =  7.9617391259E-02  8.2091718822E-01  5.6546975259E-01
           DelSqRho = -1.8920671650E+01
           Bond Ellipticity = NA
           V = -4.7395928287E+00
           G =  4.7124581521E-03
           K =  4.7348803706E+00
           L =  4.7301679124E+00
           Vnuc =  5.2652890056E+01
           Ven = -2.2460839065E+01
           Vrep =  1.7721246237E+01
           DelSqV =  7.1261567051E+02
           DelSqVen =  9.9622804417E+02
           DelSqVrep = -2.8361237366E+02
           DelSqG =  7.0286109311E+01
           DelSqK = -7.8290177982E+02
           Stress_EigVals = -1.6309469202E+00 -1.6298774378E+00 -1.4787684707E+00
           Stress_EigVec1 =  7.3474202307E-01 -4.3292762775E-01  5.2223350014E-01
           Stress_EigVec2 = -6.7359637993E-01 -3.7468677776E-01  6.3708534398E-01
           Stress_EigVec3 =  8.0137859237E-02  8.1986796968E-01  5.6691660393E-01
           -DivStress =  6.1813189515E-01  6.5019496983E+00  4.4804585408E+00
           ESP =  -1.0069806211E+00     ESP at Nucleus =  -1.0094309364E+00
           ESPe = -2.5018256080E+01     ESPe at Nucleus = -2.4935371924E+01
           ESPn =  2.4011275459E+01     ESPn at Nucleus =  2.3925940988E+01

CP# 9      Coords = -3.51294493947636E+00  2.25808004038953E+00  2.06944410888984E+00
           Type = (3,-3) NACP H9
           Rho =  4.3029733881E-01     Rho at Nucleus =  4.2671316792E-01
           GradRho = -6.8759296166E-10 -1.6268972632E-10 -1.7613587105E-10
           HessRho_EigVals = -6.5770921731E+00 -6.5684212738E+00 -5.9812993237E+00
           HessRho_EigVec1 = -2.3545928211E-01  9.7166286389E-01  2.0741393636E-02
           HessRho_EigVec2 = -2.3050931727E-01 -7.6565459197E-02  9.7005318674E-01
           HessRho_EigVec3 =  9.4415273188E-01  2.2362694247E-01  2.4200539143E-01
           DelSqRho = -1.9126812771E+01
           Bond Ellipticity = NA
           V = -4.7917223516E+00
           G =  5.0095794855E-03
           K =  4.7867127721E+00
           L =  4.7817031927E+00
           Vnuc =  5.4820251284E+01
           Ven = -2.3589008240E+01
           Vrep =  1.8797285889E+01
           DelSqV =  7.2110442439E+02
           DelSqVen =  1.0485366836E+03
           DelSqVrep = -3.2743225920E+02
           DelSqG =  7.1215476316E+01
           DelSqK = -7.9231990070E+02
           Stress_EigVals = -1.6476107605E+00 -1.6465213726E+00 -1.4975902185E+00
           Stress_EigVec1 = -2.1914766114E-01  9.7427878797E-01 -5.2489483955E-02
           Stress_EigVec2 = -2.4611328213E-01 -3.1412505048E-03  9.6923597999E-01
           Stress_EigVec3 =  9.4414117322E-01  2.2532415728E-01  2.4047134792E-01
           -DivStress =  7.4013149623E+00  1.7523236471E+00  1.8931762788E+00
           ESP =  -1.0171795273E+00     ESP at Nucleus =  -1.0195442445E+00
           ESPe = -2.6585615222E+01     ESPe at Nucleus = -2.6539249676E+01
           ESPn =  2.5568435694E+01     ESPn at Nucleus =  2.5519705431E+01

CP# 10     Coords = -7.13152818111576E+00  4.04775104463490E+00  1.27664781320641E+00
           Type = (3,-3) NACP C10
           Rho =  1.1750972652E+02     Rho at Nucleus =  1.1750972641E+02
           GradRho =  3.5268856802E-10 -2.2410864494E-10 -1.4977906068E-11
           HessRho_EigVals = -1.4479874456E+05 -1.4479846828E+05 -1.4479832895E+05
           HessRho_EigVec1 = -5.6235897447E-01  8.1459456690E-01 -1.4208474729E-01
           HessRho_EigVec2 = -4.0359031222E-01 -1.2042130841E-01  9.0698046747E-01
           HessRho_EigVec3 =  7.2171132991E-01  5.6739263307E-01  3.9648247909E-01
           DelSqRho = -4.3439554179E+05
           Bond Ellipticity = NA
           V = -1.0860939624E+05
           G =  5.2553974867E+00
           K =  1.0860414085E+05
           L =  1.0859888545E+05
           Vnuc =  4.9461288796E+06
           Ven = -5.8121825197E+08
           Vrep =  5.8110964257E+08
           DelSqV =  2.4917400521E+09
           DelSqVen =  2.1485765263E+12
           DelSqVrep = -2.1460847863E+12
           DelSqG =  1.3384263816E+08
           DelSqK = -2.6255826903E+09
           Stress_EigVals = -3.6203189533E+04 -3.6203145997E+04 -3.6203060713E+04
           Stress_EigVec1 =  7.2997682948E-01  5.6764498954E-01  3.8067439403E-01
           Stress_EigVec2 = -3.8257175405E-01 -1.2218428159E-01  9.1581103637E-01
           Stress_EigVec3 = -5.6636797351E-01  8.1415610738E-01 -1.2797324484E-01
           -DivStress = -7.5302421560E+02  6.2802284454E+02  6.9303373326E+01
           ESP =  -1.4648514134E+01     ESP at Nucleus =  -1.4648514138E+01
           ESPe = -3.4052647878E+01     ESPe at Nucleus = -3.4052645624E+01
           ESPn =  1.9404133745E+01     ESPn at Nucleus =  1.9404131486E+01

CP# 11     Coords = -7.31622901239373E+00  5.03800457400331E+00  3.05316710330112E+00
           Type = (3,-3) NACP H11
           Rho =  4.1773188883E-01     Rho at Nucleus =  4.1428494408E-01
           GradRho = -8.8167320667E-16 -5.1087606368E-15 -7.8929918157E-15
           HessRho_EigVals = -6.3483063549E+00 -6.3465210597E+00 -5.7837997805E+00
           HessRho_EigVec1 = -5.7849023643E-01  6.8183330057E-01 -4.4771910456E-01
           HessRho_EigVec2 =  8.0999077770E-01  5.4494797294E-01 -2.1667174904E-01
           HessRho_EigVec3 = -9.6249604692E-02  4.8799083702E-01  8.6752576710E-01
           DelSqRho = -1.8478627195E+01
           Bond Ellipticity = NA
           V = -4.6293270874E+00
           G =  4.8351443316E-03
           K =  4.6244919431E+00
           L =  4.6196567988E+00
           Vnuc =  4.8516152704E+01
           Ven = -2.0266744108E+01
           Vrep =  1.5637417020E+01
           DelSqV =  6.9640467439E+02
           DelSqVen =  8.9651189875E+02
           DelSqVrep = -2.0010722437E+02
           DelSqG =  6.8459420157E+01
           DelSqK = -7.6486409455E+02
           Stress_EigVals = -1.5907911238E+00 -1.5906369660E+00 -1.4478989977E+00
           Stress_EigVec1 = -4.5408482818E-01  7.5435925463E-01 -4.7407708631E-01
           Stress_EigVec2 =  8.8580235696E-01  4.3940311132E-01 -1.4926181749E-01
           Stress_EigVec3 = -9.5713913344E-02  4.8771612718E-01  8.6773949206E-01
