AIMSum (Version 19.02.13, Professional)
Copyright (c) 1997-2019 by Todd A. Keith
AIMSum is a component of the AIMAll package ( http://aim.tkgristmill.com )

TP:  64-bit Linux

Much of the Quantum Theory of Atoms in Molecules (QTAIM) is described in the book:
  "Atoms in Molecules - A Quantum Theory"
  R.F.W. Bader, Oxford University Press, Oxford, 1990

For additional references see:  http://aim.tkgristmill.com/references.html

Wfn File:  /home/mhennefarth/Documents/ML_Diels/summary-lam2009/2-opt/2-opt.wfn
Sum File:  /home/mhennefarth/Documents/ML_Diels/summary-lam2009/2-opt/2-opt.sum

SumViz File:  /home/mhennefarth/Documents/ML_Diels/summary-lam2009/2-opt/2-opt.sumviz

Wfn Title:   Title Card Required                                                           
 
Total memory allocated for AIMSum =        4.133 Megabytes

Atomic units (a.u.) used throughout, except where stated otherwise

Model:  Restricted SCF
 
Restricted, closed-shell, single-determinant wavefunction.
  Number of electrons (from MO Occs)                   =         206.0000000000
  Number of Alpha electrons (from MO Occs)             =         103.0000000000
  Number of Beta electrons (from MO Occs)              =         103.0000000000
  Number of electron pairs (N*(N-1)/2)                 =       21115.0000000000
  Number of electron pairs (from Muller 2EDM)          =       21115.0000000000
 
Nuclear Charges and Cartesian Coordinates:
-------------------------------------------------------------------------------
Atom      Charge                X                  Y                  Z
-------------------------------------------------------------------------------
C1         6.0           2.8992011200E+00  -3.0499289600E+00   5.0057264000E-01
C2         6.0           3.9924668000E+00  -7.4259350000E-01   6.0231291000E-01
C3         6.0           3.0510812900E+00   1.3664366700E+00   2.1622374000E+00
C4         6.0           2.0105750400E+00   1.1489300900E+00   4.4662156200E+00
C5         6.0          -1.7038924500E+00   1.3445997600E+00  -3.4669650800E+00
C6         6.0           1.1819148000E-01  -2.8158181000E-01  -4.2783649100E+00
H7         1.0           3.3248926000E+00   3.2420484200E+00   1.3518837200E+00
H8         1.0           1.8668618300E+00  -7.2200713000E-01   5.3163328100E+00
H9         1.0           1.2029985200E+00  -3.3219945900E+00   1.6277254500E+00
C10        6.0           3.8761574800E+00  -5.2828110900E+00  -9.4375849000E-01
H11        1.0           4.5185981600E+00  -6.7762503700E+00   3.4815037000E-01
H12        1.0           2.3970887900E+00  -6.1425185500E+00  -2.1210280800E+00
H13        1.0           5.4628124100E+00  -4.7680811700E+00  -2.1607009500E+00
C14        6.0           1.0667506300E+00   3.3130592400E+00   6.0348676900E+00
H15        1.0           1.2886503700E+00   5.1267247800E+00   5.0625059800E+00
H16        1.0          -9.3651520000E-01   3.0731034800E+00   6.5265392400E+00
H17        1.0           2.0899348600E+00   3.4220690600E+00   7.8361198100E+00
O18        8.0           6.0234666500E+00  -1.8104704000E-01  -9.1540860000E-01
Si19      14.0           9.0551494400E+00   5.1877455000E-01   7.0294000000E-03
C20        6.0           1.0903853980E+01   2.4909091000E-01  -3.0076941600E+00
H21        1.0           1.2905169970E+01   6.7577416000E-01  -2.6805947800E+00
H22        1.0           1.0794506660E+01  -1.6604955900E+00  -3.8011143000E+00
H23        1.0           1.0215606000E+01   1.5755790700E+00  -4.4424565800E+00
C24        6.0           1.0075955200E+01  -1.8566404800E+00   2.4432011600E+00
H25        1.0           8.8665006300E+00  -1.8011613500E+00   4.1236849600E+00
H26        1.0           1.0032071780E+01  -3.7860709200E+00   1.6923510900E+00
H27        1.0           1.2015743250E+01  -1.4703621800E+00   3.0626860500E+00
C28        6.0           9.2164977400E+00   3.8304053100E+00   1.3002670300E+00
H29        1.0           1.1183224840E+01   4.3271330800E+00   1.7299873100E+00
H30        1.0           8.5148553000E+00   5.2197798800E+00  -6.7476950000E-02
H31        1.0           8.1286694700E+00   4.0425243200E+00   3.0486224900E+00
H32        1.0          -7.4473290000E-02  -2.2670191000E+00  -3.7946140300E+00
C33        6.0           2.3381270000E+00   4.6142892000E-01  -5.8138517400E+00
H34        1.0           4.0567717700E+00   2.0892965000E-01  -4.6638449000E+00
H35        1.0           2.5378848700E+00  -7.9253789000E-01  -7.4530045800E+00
H36        1.0           2.2456366300E+00   2.4238159600E+00  -6.4541942700E+00
H37        1.0          -1.5904254600E+00   3.3342107100E+00  -3.9392801000E+00
C38        6.0          -3.7552963300E+00   4.6598585000E-01  -1.9363655700E+00
O39        8.0          -3.9821258000E+00  -1.8053959800E+00  -1.2608831100E+00
N40        7.0          -5.5815625700E+00   2.2215262800E+00  -1.1693719800E+00
Al41      13.0          -6.2866845200E+00  -3.6209349300E+00   8.5741265000E-01
C42        6.0          -5.5724905600E+00   4.9520219800E+00  -1.7428203400E+00
C43        6.0          -7.5746082400E+00   1.6430154800E+00   4.2122685000E-01
O44        8.0          -8.0670890800E+00  -4.3620731000E-01   1.3598695500E+00
C45        6.0          -8.4026276100E+00  -5.7530849500E+00  -1.2764265500E+00
C46        6.0          -4.5617312800E+00  -4.4168267500E+00   4.0193487900E+00
C47        6.0          -8.1184660400E+00   5.7949888700E+00  -5.9923258000E-01
H48        1.0          -5.4948454200E+00   5.2726115200E+00  -3.7788279300E+00
H49        1.0          -3.9537271000E+00   5.8627377400E+00  -8.3739568000E-01
O50        8.0          -8.9782115800E+00   3.6402898100E+00   8.8033056000E-01
H51        1.0          -1.0065182490E+01  -6.4343901900E+00  -2.4000681000E-01
H52        1.0          -9.1002575500E+00  -4.7839920600E+00  -2.9717864100E+00
H53        1.0          -7.3777881900E+00  -7.4379589900E+00  -1.9193977600E+00
H54        1.0          -3.4406441600E+00  -2.8362293400E+00   4.7585108100E+00
H55        1.0          -5.9160569600E+00  -4.9443880000E+00   5.4993193800E+00
H56        1.0          -3.2758655800E+00  -6.0296210300E+00   3.7986584700E+00
H57        1.0          -9.5639570700E+00   6.1704432000E+00  -2.0213139600E+00
H58        1.0          -7.9597887100E+00   7.3961308000E+00   6.8489667000E-01
 
Some Atomic Properties:
----------------------
  q(A) = Net Charge of Atom A
  L(A) = Lagrangian of Atom A = -(1/4) Times Atomic Integral of the Laplacian of the Electron Density
  K(A) = Electronic Kinetic Energy of Atom A (Hamiltonian Form)
  K_Scaled(A) = K(A) * E(Mol)/K(Mol) = Approximation to Virial-Based Total Energy of Atom A.
  |Mu_Intra(A)| = Magnitude of Intraatomic Dipole Moment of Atom A
--------------------------------------------------------------------------------------------------
Atom A          q(A)              L(A)              K(A)          K_Scaled(A)      |Mu_Intra(A)|
--------------------------------------------------------------------------------------------------
C1       -4.7689041500E-02  1.5906686128E-05  3.7714336032E+01 -3.8009680769E+01  1.4985432033E-01
C2        5.0563357260E-01  7.4515881784E-05  3.7384038815E+01 -3.7676796962E+01  7.0264140703E-01
C3       -5.4841453900E-02  1.4323855703E-04  3.7738620728E+01 -3.8034155641E+01  1.0182721120E-01
C4       -4.6162451300E-02 -1.0514382384E-04  3.7708568586E+01 -3.8003868157E+01  8.0496716730E-02
C5       -1.6894227100E-02  2.4461724654E-04  3.7724504388E+01 -3.8019928754E+01  2.1291325887E-01
C6        1.9393454400E-02  3.5944884998E-04  3.7705072843E+01 -3.8000345039E+01  1.2484485076E-01
H7        3.6469810600E-02  1.3650721846E-05  5.9917042606E-01 -6.0386258958E-01  1.5354577513E-01
H8        4.5977362520E-02  2.9761941029E-05  5.9647605031E-01 -6.0114711391E-01  1.4856950193E-01
H9        3.8580516430E-02  3.7829355990E-05  6.0040495981E-01 -6.0510679109E-01  1.4509993237E-01
C10      -1.7098521700E-02 -1.3390162179E-04  3.7676904332E+01 -3.7971955938E+01  1.1562374664E-01
H11       3.9566308800E-02  2.2812955370E-05  5.9342243155E-01 -5.9806958195E-01  1.4868475672E-01
H12       1.1372196810E-02  2.9655758896E-05  6.0484458038E-01 -6.0958117878E-01  1.5515864254E-01
H13       4.1289825680E-02  3.4467035194E-05  5.9710764991E-01 -6.0178365962E-01  1.4369801198E-01
C14      -1.8517653000E-02 -8.8234047052E-05  3.7680394934E+01 -3.7975473875E+01  9.7442270369E-02
H15       1.6473384980E-02  2.5518121896E-05  6.0379824275E-01 -6.0852664717E-01  1.5306049455E-01
H16       2.0813048180E-02  1.3400617413E-05  6.0061758180E-01 -6.0532107814E-01  1.5407940420E-01
H17       4.5080828400E-02  2.3768239846E-05  5.9172581174E-01 -5.9635967574E-01  1.4721771815E-01
O18      -1.3862759647E+00 -8.0904767929E-05  7.5257254900E+01 -7.5846601988E+01  3.5412469246E-01
Si19      2.9655974520E+00  4.3489845205E-04  2.8730088854E+02 -2.8955077053E+02  8.4939750321E-02
C20      -8.0489850260E-01  2.8503325606E-05  3.7976933775E+01 -3.8274334941E+01  1.2225506768E+00
H21       3.9239493760E-02  3.2827063094E-05  5.8774973681E-01 -5.9235246377E-01  1.5113748529E-01
H22       3.4795816080E-02  2.7829766115E-05  5.9011462128E-01 -5.9473586789E-01  1.5231585306E-01
H23       2.9924166100E-02  2.4283218265E-05  5.9174566321E-01 -5.9637968267E-01  1.5373067453E-01
C24      -8.1015089080E-01 -6.0518661770E-05  3.7977285566E+01 -3.8274689487E+01  1.2259839998E+00
H25       3.4525404090E-02  2.8869308262E-05  5.9038999365E-01 -5.9501339673E-01  1.5097131752E-01
H26       3.5301857950E-02  1.7874942624E-05  5.9009666149E-01 -5.9471776745E-01  1.5119866170E-01
H27       3.9501597180E-02  3.0569801979E-05  5.8752255101E-01 -5.9212349886E-01  1.5131179504E-01
C28      -8.0554664980E-01  1.5838791389E-04  3.7975343261E+01 -3.8272731972E+01  1.2270846492E+00
H29       3.8674315320E-02  3.2679773401E-05  5.8782761683E-01 -5.9243095368E-01  1.5164489047E-01
H30       2.5653871390E-02  2.3227980318E-05  5.9338979815E-01 -5.9803669300E-01  1.5514537460E-01
H31       3.1265833460E-02  1.8083051384E-05  5.9243465349E-01 -5.9707406851E-01  1.5049917613E-01
H32       1.1543667780E-01 -8.2361902282E-06  5.7450060628E-01 -5.7899957798E-01  1.3016287145E-01
C33      -3.9721884800E-02  1.5544299168E-04  3.7712078240E+01 -3.8007405296E+01  2.0182508370E-01
H34       1.3369679441E-01  1.4228267598E-05  5.5514285088E-01 -5.5949023006E-01  1.1388965719E-01
H35       6.8122903660E-02  2.4214535787E-05  5.8062292226E-01 -5.8516983843E-01  1.4215817190E-01
H36       3.8518832790E-02  1.7591593192E-05  5.9549527197E-01 -6.0015865500E-01  1.4676760102E-01
H37       6.2432749060E-02  8.7152672415E-06  5.9240171111E-01 -5.9704086815E-01  1.3866005366E-01
C38       1.2969537558E+00 -1.1604202926E-04  3.6874780354E+01 -3.7163550446E+01  8.6145361796E-01
O39      -1.3162697447E+00  8.1773867492E-05  7.5340403483E+01 -7.5930401717E+01  2.9368317076E-01
N40      -1.1776330654E+00  1.0305094527E-04  5.4980936954E+01 -5.5411498169E+01  1.1054571249E-01
Al41      2.3993241120E+00  3.8434373563E-04  2.4087030378E+02 -2.4275658321E+02  9.5733009139E-02
C42       3.1017222560E-01 -3.7345730845E-04  3.7527372027E+01 -3.7821252630E+01  5.1905800619E-01
C43       2.0750496738E+00 -2.2543521883E-04  3.6393613544E+01 -3.6678615571E+01  2.5129213679E-01
O44      -1.3000538984E+00  2.7394867380E-05  7.5373562828E+01 -7.5963820736E+01  3.9822617166E-01
C45      -8.2242094720E-01  4.2352520473E-05  3.7894930092E+01 -3.8191689079E+01  1.2740627888E+00
C46      -8.1736809700E-01  1.1903100724E-04  3.7893344844E+01 -3.8190091417E+01  1.2686960658E+00
C47       4.0598703680E-01  5.7652193271E-05  3.7463971237E+01 -3.7757355342E+01  5.7869439968E-01
H48       8.4782514820E-02  2.9590584292E-05  5.8805100545E-01 -5.9265609168E-01  1.3742666138E-01
H49       7.8658317440E-02  3.4125281478E-05  5.9041690043E-01 -5.9504051422E-01  1.3982723147E-01
O50      -1.0568521039E+00  9.5253559694E-05  7.5303980042E+01 -7.5893693040E+01  3.2878447423E-01
H51       3.7641420750E-02  2.8732665341E-05  5.8601294144E-01 -5.9060206739E-01  1.5446160197E-01
H52       1.9987790700E-02  3.2474392363E-05  5.9341053362E-01 -5.9805759085E-01  1.5956385719E-01
H53       3.3411362570E-02  3.7978625924E-05  5.8764362288E-01 -5.9224551886E-01  1.5561545647E-01
H54       1.4113989660E-02  3.4787492292E-05  5.9552620811E-01 -6.0018983340E-01  1.5833548916E-01
H55       3.7874547280E-02  3.1693567429E-05  5.8593233238E-01 -5.9052082706E-01  1.5425014753E-01
H56       3.0128350680E-02  3.6113507691E-05  5.8888154786E-01 -5.9349313815E-01  1.5588325759E-01
H57       9.7696062970E-02  2.8271179157E-05  5.8481861616E-01 -5.8939838923E-01  1.3662502907E-01
H58       1.0547252313E-01  2.9476530522E-05  5.8085478910E-01 -5.8540352104E-01  1.3470650415E-01
--------------------------------------------------------------------------------------------------
Total     1.0021966607E+00  2.1890420752E-03  1.5809279750E+03 -1.5933083801E+03
 
1st Largest |L(A)| = 4.3489845205E-04, atom Si19    
2nd Largest |L(A)| = 3.8434373563E-04, atom Al41    
 
Molecular charge q(Mol) from the wfn file:   1.0000000000E+00
Molecular energy E(Mol) from the wfn file:  -1.5933079010E+03
Molecular virial ratio (-V(Mol)/T(Mol)) from the wfn file:   2.0078311000E+00
Note.  K_Scaled(A) = (1+V(Mol)/T(Mol))*K(A) = (E(Mol)/T(Mol))*K(A)
       Only use K_Scaled(A) data with caution.
 
Note.  Potentially significant cumulative integration error.
 
N_AIMInt(SumA)     =        205.997803
N_Analytic(Mol)    =        205.999968
 
G_AIMInt(SumA)     =       1580.925786
G_Analytic(Mol)    =       1580.927414
 
K_AIMInt(SumA)     =       1580.927975
K_Analytic(Mol)    =       1580.927414
 
L_AIMInt(SumA)     =          0.002189
L_Analytic(Mol)    =          0.000000
 
VenT_AIMInt(SumA)  =      -8996.311827
VenT_Analytic(Mol) =      -8996.364566
 
Some Information About the Atomic Calculations:
----------------------------------------------
  Time(sec) = "Elapsed User Time", in Seconds, for Atom A by AIMInt and, if used, by TWOe
  NProc = Number of Processors Used for AIMInt Job
  BIM = Basin Integration Method
  OAQ = Angular Quadrature Outside of Beta Sphere
  ORQ = Multiple of Default for Radial Quadrature Outside of Beta Sphere
  IAQ = Multiple of Default for Angular Quadrature Inside of Beta Sphere
  IRQ = Multiple of Default for Radial Quadrature Inside of Beta Sphere
  MIR = Maximum Integration Radius
------------------------------------------------------------------------------------------------------
Atom A     Time(sec)   NProc      BIM          OAQ                     ORQ      IAQ      IRQ      MIR
------------------------------------------------------------------------------------------------------
C1            804        8     Proaim(5)    4500(GS4)                  1.00     1.00     1.00    13.00
C2            868        8    Promega(5)    5400(GS5)                  1.00     1.00     1.00    13.00
C3            112        8     Proaim(5)    4500(GS4)                  1.00     1.00     1.00    13.00
C4             78        8     Proaim(5)    4500(GS4)                  1.00     1.00     1.00    13.00
C5            961        8    Promega(5)    4500(GS4)                  1.00     1.00     1.00    13.00
C6            309        8     Proaim(5)    4500(GS4)                  1.00     1.00     1.00    13.00
H7             19        8     Proaim(5)    1800(GS4)                  1.00     1.00     1.00    13.00
H8             36        8     Proaim(5)    4500(GS4)                  1.00     1.00     1.00    13.00
H9             44        8     Proaim(5)    4500(GS4)                  1.00     1.00     1.00    13.00
C10            79        8     Proaim(5)    4500(GS4)                  1.00     1.00     1.00    13.00
H11            13        8     Proaim(5)    1800(GS4)                  1.00     1.00     1.00    13.00
H12            17        8     Proaim(5)    1800(GS4)                  1.00     1.00     1.00    13.00
H13            22        8     Proaim(5)    1800(GS4)                  1.00     1.00     1.00    13.00
C14            60        8     Proaim(5)    4500(GS4)                  1.00     1.00     1.00    13.00
H15            28        8     Proaim(5)    4500(GS4)                  1.00     1.00     1.00    13.00
H16            18        8     Proaim(5)    1800(GS4)                  1.00     1.00     1.00    13.00
H17            10        8     Proaim(5)    1800(GS4)                  1.00     1.00     1.00    13.00
O18           133        8     Proaim(5)    4500(GS4)                  1.00     1.00     1.00    13.00
Si19          139        8     Proaim(5)    5400(GS5)                  1.00     1.00     1.00    13.00
C20            55        8     Proaim(5)    4500(GS4)                  1.00     1.00     1.00    13.00
H21            12        8     Proaim(5)    1800(GS4)                  1.00     1.00     1.00    13.00
H22            13        8     Proaim(5)    1800(GS4)                  1.00     1.00     1.00    13.00
H23            13        8     Proaim(5)    1800(GS4)                  1.00     1.00     1.00    13.00
C24            59        8     Proaim(5)    4500(GS4)                  1.00     1.00     1.00    13.00
H25            14        8     Proaim(5)    1800(GS4)                  1.00     1.00     1.00    13.00
H26            16        8     Proaim(5)    1800(GS4)                  1.00     1.00     1.00    13.00
H27            12        8     Proaim(5)    1800(GS4)                  1.00     1.00     1.00    13.00
C28            76        8     Proaim(5)    4500(GS4)                  1.00     1.00     1.00    13.00
H29            11        8     Proaim(5)    1800(GS4)                  1.00     1.00     1.00    13.00
H30            13        8     Proaim(5)    1800(GS4)                  1.00     1.00     1.00    13.00
H31            18        8     Proaim(5)    1800(GS4)                  1.00     1.00     1.00    13.00
H32            76        8     Proaim(5)    1800(GS4)                  1.00     1.00     1.00    13.00
C33            44        8     Proaim(5)    4500(GS4)                  1.00     1.00     1.00    13.00
H34            24        8     Proaim(5)    4500(GS4)                  1.00     1.00     1.00    13.00
H35            11        8     Proaim(5)    1800(GS4)                  1.00     1.00     1.00    13.00
H36            13        8     Proaim(5)    1800(GS4)                  1.00     1.00     1.00    13.00
H37            25        8     Proaim(5)    1800(GS4)                  1.00     1.00     1.00    13.00
C38           115        8     Proaim(5)    4500(GS4)                  1.00     1.00     1.00    13.00
O39            65        8     Proaim(5)    4500(GS4)                  1.00     1.00     1.00    13.00
N40            72        8     Proaim(5)    4500(GS4)                  1.00     1.00     1.00    13.00
Al41           75        8     Proaim(5)    4500(GS4)                  1.00     1.00     1.00    13.00
C42            58        8     Proaim(5)    4500(GS4)                  1.00     1.00     1.00    13.00
C43            37        8     Proaim(5)    4500(GS4)                  1.00     1.00     1.00    13.00
O44            42        8     Proaim(5)    4500(GS4)                  1.00     1.00     1.00    13.00
C45            46        8     Proaim(5)    4500(GS4)                  1.00     1.00     1.00    13.00
C46            70        8     Proaim(5)    4500(GS4)                  1.00     1.00     1.00    13.00
C47            38        8     Proaim(5)    4500(GS4)                  1.00     1.00     1.00    13.00
H48            13        8     Proaim(5)    1800(GS4)                  1.00     1.00     1.00    13.00
H49            27        8     Proaim(5)    4500(GS4)                  1.00     1.00     1.00    13.00
O50            31        8     Proaim(5)    4500(GS4)                  1.00     1.00     1.00    13.00
H51            11        8     Proaim(5)    1800(GS4)                  1.00     1.00     1.00    13.00
H52            13        8     Proaim(5)    1800(GS4)                  1.00     1.00     1.00    13.00
H53            13        8     Proaim(5)    1800(GS4)                  1.00     1.00     1.00    13.00
H54            30        8     Proaim(5)    4500(GS4)                  1.00     1.00     1.00    13.00
H55            11        8     Proaim(5)    1800(GS4)                  1.00     1.00     1.00    13.00
H56            17        8     Proaim(5)    1800(GS4)                  1.00     1.00     1.00    13.00
H57            11        8     Proaim(5)    1800(GS4)                  1.00     1.00     1.00    13.00
H58            11        8     Proaim(5)    1800(GS4)                  1.00     1.00     1.00    13.00
------------------------------------------------------------------------------------------------------
Total        5061
Note:  Total wall clock time is less than total of atomic times if more than one atom
       was calculated at a time
 
Electron Density Critical Point Analysis of Molecular Structure:               
---------------------------------------------------------------                
  NACP = Nuclear Attractor Critical Point                                      
  NNACP = Non-Nuclear Attractor Critical Point                                 
  BCP = Bond Critical Point                                                    
  RCP = Ring Critical Point                                                    
  CCP = Cage Critical Point                                                    
  Rho = Electron Density                                                       
  GradRho = Gradient of Electron Density                                       
  HessRho_EigVals = Eigenvalues of the Hessian of Rho, Ascending Order         
  HessRho_EigVecs = Eigenvectors of the Hessian of Rho                         
  DelSqRho = Laplacian of Rho = Trace of Hessian of Rho                        
  Bond Ellipticity = (HessRho_EigVal(1) / HessRho_EigVal(2)) - 1               
  V = Virial Field = Potential Energy Density = Trace of Stress Tensor         
  G = Lagrangian Form of Kinetic Energy Density                                
  K = Hamiltonian Form of Kinetic Energy Density                               
  L = K - G = Lagrangian Density = (-1/4)DelSqRho                              
  Vnuc = Electrostatic Potential from Nuclei                                   
  Ven = Electron-nuclear attractive contribution to Virial Field V             
  Vrep = V - Ven = Repulsive contribution to Virial Field V                    
  DelSqV = Laplacian of V                                                      
  DelSqVen = Laplacian of Ven                                                  
  DelSqVrep = Laplacian of Vrep                                                
  DelSqG = Laplacian of G                                                      
  DelSqK = Laplacian of K                                                      
  Stress_EigVals = Eigenvalues of Stress Tensor, Ascending Order               
  Stress_EigVecs = Eigenvectors of Stress Tensor                               
  -DivStress = Ehrenfest Force Density = Minus Divergence of Stress Tensor     
  ESP = Total Electrostatic Potential                                          
  ESPe = Electrostatic Potential from Electrons                                
  ESPn = Electrostatic Potential from Nuclei                                   
  BP = Bond Path                                                               
  BPL = Bond Path Length                                                       
  GBL = Geometric Bond Length                                                  
  GBL_I = Distance Between Nuclear Attractors                                  
  GBL_II = Distance Between Nuclei                                             
  GBL_III = Sum of Distances Between BCP and Nuclear Attractors                
  GBL_IV = Sum of Distances Between BCP and Nuclei                             

CP# 1      Coords =  2.89920123993787E+00 -3.04993006170674E+00  5.00572224349330E-01
           Type = (3,-3) NACP C1
           Rho =  1.1767160691E+02     Rho at Nucleus =  1.1767160681E+02
           GradRho =  6.2514528276E-11 -3.4885459799E-10 -1.1908529718E-10
           HessRho_EigVals = -1.4500252462E+05 -1.4500196176E+05 -1.4500183512E+05
           HessRho_EigVec1 =  4.9812181135E-01 -3.6713738191E-01  7.8554745488E-01
           HessRho_EigVec2 =  3.7224799201E-01 -7.2766936297E-01 -5.7613256342E-01
           HessRho_EigVec3 =  7.8313861704E-01  5.7940265878E-01 -2.2580182793E-01
           DelSqRho = -4.3500632150E+05
           Bond Ellipticity = NA
           V = -1.0876186415E+05
           G =  5.1418894281E+00
           K =  1.0875672226E+05
           L =  1.0875158038E+05
           Vnuc =  5.0693096103E+06
           Ven = -5.9651380776E+08
           Vrep =  5.9640504589E+08
           DelSqV =  2.4952285374E+09
           DelSqVen =  2.2051816079E+12
           DelSqVrep = -2.2026863794E+12
           DelSqG =  1.3403463884E+08
           DelSqK = -2.6292631762E+09
           Stress_EigVals = -3.6254154371E+04 -3.6254053301E+04 -3.6253656482E+04
           Stress_EigVec1 =  6.4338551080E-01  7.5271722514E-01 -1.3954161916E-01
           Stress_EigVec2 =  5.4571810529E-01 -5.7878920031E-01 -6.0596601486E-01
           Stress_EigVec3 =  5.3688623939E-01 -3.1371936598E-01  7.8315600321E-01
           -DivStress = -1.0103365377E+02  9.0227766422E+02  3.3922190649E+02
           ESP =  -1.4653567055E+01     ESP at Nucleus =  -1.4653567063E+01
           ESPe = -4.2937988029E+01     ESPe at Nucleus = -4.2937989454E+01
           ESPn =  2.8284420973E+01     ESPn at Nucleus =  2.8284422392E+01

CP# 2      Coords =  3.99247146791807E+00 -7.42590253994277E-01  6.02309725788409E-01
           Type = (3,-3) NACP C2
           Rho =  1.1763381306E+02     Rho at Nucleus =  1.1763380999E+02
           GradRho = -8.5251875004E-12 -7.2555676744E-12  7.2901684689E-12
           HessRho_EigVals = -1.4493706169E+05 -1.4493631411E+05 -1.4493528987E+05
           HessRho_EigVec1 =  8.1147595080E-01  1.1261471135E-01 -5.7343239188E-01
           HessRho_EigVec2 =  5.7677446757E-01 -3.1219515345E-01  7.5489429705E-01
           HessRho_EigVec3 =  9.4010610214E-02  9.4331972997E-01  3.1829214916E-01
           DelSqRho = -4.3480866567E+05
           Bond Ellipticity = NA
           V = -1.0871216262E+05
           G =  4.9980987672E+00
           K =  1.0870716452E+05
           L =  1.0870216642E+05
           Vnuc =  9.2076530851E+05
           Ven = -1.0831313418E+08
           Vrep =  1.0820442201E+08
           DelSqV =  2.4940740292E+09
           DelSqVen =  4.0035673510E+11
           DelSqVrep = -3.9786266107E+11
           DelSqG =  1.3395394471E+08
           DelSqK = -2.6280279739E+09
           Stress_EigVals = -3.6237769910E+04 -3.6237203003E+04 -3.6237189703E+04
           Stress_EigVec1 =  1.3402126222E-01  9.4693294838E-01  2.9215799244E-01
           Stress_EigVec2 = -7.3288085133E-01 -1.0373093582E-01  6.7240281879E-01
           Stress_EigVec3 =  6.6702620565E-01 -3.0423327272E-01  6.8008687441E-01
           -DivStress = -3.7823244604E+03 -2.6338728178E+03  2.5787943510E+03
           ESP =  -1.4589008913E+01     ESP at Nucleus =  -1.4589009130E+01
           ESPe = -4.5044752890E+01     ESPe at Nucleus = -4.5044750875E+01
           ESPn =  3.0455743977E+01     ESPn at Nucleus =  3.0455741745E+01

CP# 3      Coords =  3.05108211214628E+00  1.36643595493233E+00  2.16223633096108E+00
           Type = (3,-3) NACP C3
           Rho =  1.1769582558E+02     Rho at Nucleus =  1.1769582541E+02
           GradRho =  3.9655472656E-10 -3.8618486772E-10 -5.5415126307E-10
           HessRho_EigVals = -1.4503222468E+05 -1.4503164759E+05 -1.4503129189E+05
           HessRho_EigVec1 =  9.1492316470E-01 -6.2044353761E-02  3.9883091763E-01
           HessRho_EigVec2 = -6.5681240867E-02  9.5205871892E-01  2.9878114119E-01
           HessRho_EigVec3 = -3.9824813533E-01 -2.9955749682E-01  8.6698542595E-01
           DelSqRho = -4.3509516416E+05
           Bond Ellipticity = NA
           V = -1.0878409755E+05
           G =  5.1532566268E+00
           K =  1.0877894430E+05
           L =  1.0877379104E+05
           Vnuc =  3.9306829422E+06
           Ven = -4.6262497399E+08
           Vrep =  4.6251618989E+08
           DelSqV =  2.4957360805E+09
           DelSqVen =  1.7102212465E+12
           DelSqVrep = -1.7077255104E+12
           DelSqG =  1.3406166953E+08
           DelSqK = -2.6297977500E+09
           Stress_EigVals = -3.6261614452E+04 -3.6261440548E+04 -3.6261042554E+04
           Stress_EigVec1 = -4.0068611233E-01 -2.2943757628E-01  8.8702256903E-01
           Stress_EigVec2 = -1.1549962619E-01  9.7306313868E-01  1.9951933366E-01
           Stress_EigVec3 =  9.0890619743E-01  2.2506149004E-02  4.1639284039E-01
           -DivStress = -6.7047497120E+02  5.8324113294E+02  8.6529334550E+02
           ESP =  -1.4647195381E+01     ESP at Nucleus =  -1.4647195396E+01
           ESPe = -4.3231634756E+01     ESPe at Nucleus = -4.3231633618E+01
           ESPn =  2.8584439375E+01     ESPn at Nucleus =  2.8584438222E+01

CP# 4      Coords =  2.01057418947298E+00  1.14893090050970E+00  4.46621664842112E+00
           Type = (3,-3) NACP C4
           Rho =  1.1768518865E+02     Rho at Nucleus =  1.1768518848E+02
           GradRho = -4.7428633243E-10  4.4274962602E-10  5.7790820046E-10
           HessRho_EigVals = -1.4501215411E+05 -1.4501102873E+05 -1.4501077323E+05
           HessRho_EigVec1 =  8.9517823005E-01  1.4449874815E-01  4.2163497036E-01
           HessRho_EigVec2 = -3.0219398051E-01  8.9212235372E-01  3.3585190805E-01
           HessRho_EigVec3 = -3.2761980189E-01 -4.2806286662E-01  8.4227516147E-01
           DelSqRho = -4.3503395608E+05
           Bond Ellipticity = NA
           V = -1.0876865305E+05
           G =  5.0820159040E+00
           K =  1.0876357104E+05
           L =  1.0875848902E+05
           Vnuc =  3.8427297823E+06
           Ven = -4.5223237937E+08
           Vrep =  4.5212361072E+08
           DelSqV =  2.4953765679E+09
           DelSqVen =  1.6717179453E+12
           DelSqVrep = -1.6692225770E+12
           DelSqG =  1.3403556777E+08
           DelSqK = -2.6294121357E+09
           Stress_EigVals = -3.6256492046E+04 -3.6256346504E+04 -3.6255814501E+04
           Stress_EigVec1 = -3.5708949088E-01 -3.2330643584E-01  8.7633329507E-01
           Stress_EigVec2 = -2.4491385422E-01  9.3777133459E-01  2.4617499474E-01
           Stress_EigVec3 =  9.0139020380E-01  1.2671966133E-01  4.1405051373E-01
           -DivStress =  6.8887003234E+02 -6.6447622612E+02 -8.3896904624E+02
           ESP =  -1.4638936751E+01     ESP at Nucleus =  -1.4638936766E+01
           ESPe = -4.0908558828E+01     ESPe at Nucleus = -4.0908560581E+01
           ESPn =  2.6269622077E+01     ESPn at Nucleus =  2.6269623815E+01

CP# 5      Coords = -1.70389432620291E+00  1.34459923252817E+00 -3.46696359560804E+00
           Type = (3,-3) NACP C5
           Rho =  1.1761742348E+02     Rho at Nucleus =  1.1761742305E+02
           GradRho = -2.5843937923E-09 -7.0356991956E-10  2.0176246446E-09
           HessRho_EigVals = -1.4492772776E+05 -1.4492743303E+05 -1.4492714431E+05
           HessRho_EigVec1 =  7.7374927777E-01  3.9944796242E-01 -4.9168422841E-01
           HessRho_EigVec2 =  4.7008997488E-01  1.5823522136E-01  8.6831850737E-01
           HessRho_EigVec3 = -4.2464982122E-01  9.0299664454E-01  6.5342094374E-02
           DelSqRho = -4.3478230510E+05
           Bond Ellipticity = NA
           V = -1.0870611367E+05
           G =  5.2686992981E+00
           K =  1.0870084497E+05
           L =  1.0869557627E+05
           Vnuc =  2.4491543302E+06
           Ven = -2.8806322202E+08
           Vrep =  2.8795451591E+08
           DelSqV =  2.4939440327E+09
           DelSqVen =  1.0648489492E+12
           DelSqVrep = -1.0623549991E+12
           DelSqG =  1.3395806961E+08
           DelSqK = -2.6279021023E+09
           Stress_EigVals = -3.6235573030E+04 -3.6235375941E+04 -3.6235164703E+04
           Stress_EigVec1 = -4.6839820966E-01  8.7582767179E-01  1.1631425761E-01
           Stress_EigVec2 =  6.9357089984E-01  4.4605164549E-01 -5.6568307068E-01
           Stress_EigVec3 =  5.4732305276E-01  1.8429275323E-01  8.1637837859E-01
           -DivStress =  1.5165838721E+03  4.3247358392E+02 -1.2033516403E+03
           ESP =  -1.4587510684E+01     ESP at Nucleus =  -1.4587510712E+01
           ESPe = -4.3127410664E+01     ESPe at Nucleus = -4.3127407887E+01
           ESPn =  2.8539899980E+01     ESPn at Nucleus =  2.8539897175E+01

CP# 6      Coords =  1.18191728273033E-01 -2.81580807246685E-01 -4.27836479654381E+00
           Type = (3,-3) NACP C6
           Rho =  1.1777544590E+02     Rho at Nucleus =  1.1777544582E+02
           GradRho =  5.5720868891E-11  2.3790196896E-10  6.3007238316E-11
           HessRho_EigVals = -1.4512098021E+05 -1.4511810023E+05 -1.4511789091E+05
           HessRho_EigVec1 =  5.3344252380E-01  1.4536416652E-01  8.3325166240E-01
           HessRho_EigVec2 =  8.1761477486E-01 -3.4096526917E-01 -4.6394909759E-01
           HessRho_EigVec3 =  2.1666830348E-01  9.2876904789E-01 -3.0073726399E-01
           DelSqRho = -4.3535697136E+05
           Bond Ellipticity = NA
           V = -1.0884924950E+05
           G =  5.0033315570E+00
           K =  1.0884424617E+05
           L =  1.0883924284E+05
           Vnuc =  5.7734607280E+06
           Ven = -6.7997191163E+08
           Vrep =  6.7986306238E+08
           DelSqV =  2.4972154560E+09
           DelSqVen =  2.5135164948E+12
           DelSqVrep = -2.5110194105E+12
           DelSqG =  1.3413093139E+08
           DelSqK = -2.6313463874E+09
           Stress_EigVals = -3.6283457379E+04 -3.6283403211E+04 -3.6282388914E+04
           Stress_EigVec1 = -1.7299000740E-01  9.8295793354E-01 -6.2194519361E-02
           Stress_EigVec2 =  8.2932792464E-01  1.1130688396E-01 -5.4756366845E-01
           Stress_EigVec3 =  5.3130937387E-01  1.4630269472E-01  8.3444944170E-01
           -DivStress = -2.0564899492E+02 -8.1820981268E+02 -8.9006820713E+01
           ESP =  -1.4567401272E+01     ESP at Nucleus =  -1.4567401270E+01
           ESPe = -4.2144025144E+01     ESPe at Nucleus = -4.2144024484E+01
           ESPn =  2.7576623872E+01     ESPn at Nucleus =  2.7576623214E+01

CP# 7      Coords =  3.32028331783399E+00  3.21084054354236E+00  1.36530129848405E+00
           Type = (3,-3) NACP H7
           Rho =  4.2661012506E-01     Rho at Nucleus =  4.2303697161E-01
           GradRho = -9.4367885901E-12 -6.4074595673E-11  2.7501650263E-11
           HessRho_EigVals = -6.5211213743E+00 -6.5138459558E+00 -5.9288561895E+00
           HessRho_EigVec1 =  4.3113985520E-01 -4.0683860445E-01 -8.0535754494E-01
           HessRho_EigVec2 =  8.9255083278E-01  6.1545690812E-02  4.4672714139E-01
           HessRho_EigVec3 =  1.3217956032E-01  9.1142442247E-01 -3.8965893543E-01
           DelSqRho = -1.8963823520E+01
           Bond Ellipticity = NA
           V = -4.7506191316E+00
           G =  4.8316258559E-03
           K =  4.7457875058E+00
           L =  4.7409558799E+00
           Vnuc =  5.7588971426E+01
           Ven = -2.4568038302E+01
           Vrep =  1.9817419170E+01
           DelSqV =  7.1497396095E+02
           DelSqVen =  1.0921070909E+03
           DelSqVrep = -3.7713312997E+02
           DelSqG =  7.0606924585E+01
           DelSqK = -7.8558088554E+02
           Stress_EigVals = -1.6334390068E+00 -1.6327961153E+00 -1.4843840095E+00
           Stress_EigVec1 =  2.6224249508E-01 -4.1288992538E-01 -8.7221028617E-01
           Stress_EigVec2 =  9.5583187355E-01 -1.3169587337E-02  2.9361878596E-01
           Stress_EigVec3 =  1.3271888817E-01  9.1068571499E-01 -3.9119972550E-01
           -DivStress =  1.0473830606E+00  7.0960633161E+00 -3.0522915410E+00
           ESP =  -1.0118851689E+00     ESP at Nucleus =  -1.0142865327E+00
           ESPe = -2.9430445627E+01     ESPe at Nucleus = -2.9335790976E+01
           ESPn =  2.8418560458E+01     ESPn at Nucleus =  2.8321504444E+01

CP# 8      Coords =  1.86913885871974E+00 -6.90238282722573E-01  5.30201291702431E+00
           Type = (3,-3) NACP H8
           Rho =  4.2676570834E-01     Rho at Nucleus =  4.2306719445E-01
           GradRho =  2.1671510940E-11  3.0211997411E-10 -1.3611396179E-10
           HessRho_EigVals = -6.5129781198E+00 -6.5053469511E+00 -5.9082097064E+00
           HessRho_EigVec1 =  4.4385264405E-01 -3.9459672577E-01 -8.0454226389E-01
           HessRho_EigVec2 =  8.9366848468E-01  1.2882701846E-01  4.2983745625E-01
           HessRho_EigVec3 =  6.5965671769E-02  9.0977855730E-01 -4.0981887075E-01
           DelSqRho = -1.8926534777E+01
           Bond Ellipticity = NA
           V = -4.7409439340E+00
           G =  4.6551198302E-03
           K =  4.7362888142E+00
           L =  4.7316336943E+00
           Vnuc =  5.5090876810E+01
           Ven = -2.3510897065E+01
           Vrep =  1.8769953131E+01
           DelSqV =  7.1281538344E+02
           DelSqVen =  1.0426793964E+03
           DelSqVrep = -3.2986401297E+02
           DelSqG =  7.0299447242E+01
           DelSqK = -7.8311483068E+02
           Stress_EigVals = -1.6315187284E+00 -1.6303640944E+00 -1.4790611112E+00
           Stress_EigVec1 =  3.9918777417E-01 -4.0195459003E-01 -8.2406409247E-01
           Stress_EigVec2 =  9.1451424814E-01  1.1017769025E-01  3.8926156567E-01
           Stress_EigVec3 =  6.5671994717E-02  9.0900681193E-01 -4.1157478662E-01
           -DivStress = -5.1671940645E-01 -7.2086783913E+00  3.2497435708E+00
           ESP =  -1.0154993798E+00     ESP at Nucleus =  -1.0179622392E+00
           ESPe = -2.7470636109E+01     ESPe at Nucleus = -2.7382426458E+01
           ESPn =  2.6455136730E+01     ESPn at Nucleus =  2.6364464219E+01

CP# 9      Coords =  1.23171038516459E+00 -3.31741641623279E+00  1.60860275651052E+00
           Type = (3,-3) NACP H9
           Rho =  4.2760165409E-01     Rho at Nucleus =  4.2392079561E-01
           GradRho =  7.2631787737E-15  9.5545316450E-16 -4.6924270025E-15
           HessRho_EigVals = -6.5237423946E+00 -6.5151106927E+00 -5.9224635882E+00
           HessRho_EigVec1 =  2.2324190920E-02  9.6421180996E-01  2.6419162747E-01
           HessRho_EigVec2 =  5.6469628480E-01 -2.3022721598E-01  7.9253614111E-01
           HessRho_EigVec3 =  8.2499680996E-01  1.3149530238E-01 -5.4962646317E-01
           DelSqRho = -1.8961316675E+01
           Bond Ellipticity = NA
           V = -4.7503855509E+00
           G =  5.0281910039E-03
           K =  4.7453573599E+00
           L =  4.7403291689E+00
           Vnuc =  5.7751380081E+01
           Ven = -2.4694585649E+01
           Vrep =  1.9944200098E+01
           DelSqV =  7.1424162623E+02
           DelSqVen =  1.0950422062E+03
           DelSqVrep = -3.8080057994E+02
           DelSqG =  7.0431497216E+01
           DelSqK = -7.8467312345E+02
           Stress_EigVals = -1.6341950074E+00 -1.6336538670E+00 -1.4825366764E+00
           Stress_EigVec1 =  6.8737065330E-02  9.4095120322E-01  3.3149064693E-01
           Stress_EigVec2 =  5.5978557885E-01 -3.1141620257E-01  7.6789325722E-01
           Stress_EigVec3 =  8.2578164279E-01  1.3278095469E-01 -5.4813674982E-01
           -DivStress = -6.5280116639E+00 -1.0414227094E+00  4.3464944490E+00
           ESP =  -1.0190277536E+00     ESP at Nucleus =  -1.0214646162E+00
           ESPe = -3.0034399347E+01     ESPe at Nucleus = -2.9963232806E+01
           ESPn =  2.9015371594E+01     ESPn at Nucleus =  2.8941768190E+01

CP# 10     Coords =  3.87615653621720E+00 -5.28281019428404E+00 -9.43757831957155E-01
           Type = (3,-3) NACP C10
           Rho =  1.1750350667E+02     Rho at Nucleus =  1.1750350652E+02
           GradRho = -4.3767413131E-10  4.4385130814E-10  3.1093529661E-10
           HessRho_EigVals = -1.4479016886E+05 -1.4478988962E+05 -1.4478966779E+05
