AIMSum (Version 19.02.13, Professional)
Copyright (c) 1997-2019 by Todd A. Keith
AIMSum is a component of the AIMAll package ( http://aim.tkgristmill.com )

TP:  64-bit Linux

Much of the Quantum Theory of Atoms in Molecules (QTAIM) is described in the book:
  "Atoms in Molecules - A Quantum Theory"
  R.F.W. Bader, Oxford University Press, Oxford, 1990

For additional references see:  http://aim.tkgristmill.com/references.html

Wfn File:  /home/mhennefarth/Documents/ML_Diels/summary-lam2009/3-1-opt/3-1-opt.wfn
Sum File:  /home/mhennefarth/Documents/ML_Diels/summary-lam2009/3-1-opt/3-1-opt.sum

SumViz File:  /home/mhennefarth/Documents/ML_Diels/summary-lam2009/3-1-opt/3-1-opt.sumviz

Wfn Title:   Title Card Required                                                           
 
Total memory allocated for AIMSum =        3.975 Megabytes

Atomic units (a.u.) used throughout, except where stated otherwise

Model:  Restricted SCF
 
Restricted, closed-shell, single-determinant wavefunction.
  Number of electrons (from MO Occs)                   =         198.0000000000
  Number of Alpha electrons (from MO Occs)             =          99.0000000000
  Number of Beta electrons (from MO Occs)              =          99.0000000000
  Number of electron pairs (N*(N-1)/2)                 =       19503.0000000000
  Number of electron pairs (from Muller 2EDM)          =       19503.0000000000
 
Nuclear Charges and Cartesian Coordinates:
-------------------------------------------------------------------------------
Atom      Charge                X                  Y                  Z
-------------------------------------------------------------------------------
C1         6.0           7.3433170000E+00  -4.0532580200E+00   3.7113983000E-01
C2         6.0           5.5454413800E+00  -2.3682248600E+00   9.9120627000E-01
C3         6.0           3.7544691200E+00  -2.6478305800E+00   3.1086164600E+00
C4         6.0           2.9039044300E+00  -4.8435502000E+00   4.0483021900E+00
C5         6.0          -2.3246801900E+00  -2.7940624700E+00  -2.8321663400E+00
C6         6.0           2.3011435000E-01  -2.7321940900E+00  -3.0531199000E+00
H7         1.0           3.0974263700E+00  -8.7526953000E-01   3.9265154200E+00
H8         1.0           1.2732072000E+00  -1.1897777800E+00  -2.1726977600E+00
H9         1.0          -3.4070231700E+00  -4.3194088900E+00  -3.6684905200E+00
H10        1.0           3.5172179500E+00  -6.6056106300E+00   3.1726968200E+00
H11        1.0           7.6660583700E+00  -5.7062639300E+00   1.5353946400E+00
C12        6.0          -3.6307601700E+00  -8.4007027000E-01  -1.4631594500E+00
O13        8.0          -2.5046116500E+00   9.8972411000E-01  -4.5656698000E-01
N14        7.0          -6.2588292200E+00  -1.0018761800E+00  -1.2610306900E+00
Al15      13.0          -3.4909166500E+00   3.8222894200E+00   1.5765120800E+00
C16        6.0          -7.8673409000E+00  -3.0486662800E+00  -2.2691579200E+00
C17        6.0          -7.7123584100E+00   7.0028944000E-01   1.0442379000E-01
O18        8.0          -6.9529333700E+00   2.5650446400E+00   1.2796854000E+00
C19        6.0          -2.4040003600E+00   3.1969463800E+00   5.0425716400E+00
C20        6.0          -3.2353071400E+00   6.8610650700E+00  -4.9025024000E-01
C21        6.0          -1.0536221060E+01  -2.0685592200E+00  -1.6173412400E+00
H22        1.0          -7.4253383700E+00  -4.8328861900E+00  -1.3260250800E+00
H23        1.0          -7.5969302700E+00  -3.2577747000E+00  -4.3032806600E+00
O24        8.0          -1.0117593820E+01   9.5052740000E-02   3.0914450000E-02
H25        1.0          -3.4000220000E+00   4.4344450800E+00   6.3762317500E+00
H26        1.0          -2.7323896100E+00   1.2455098500E+00   5.6628806800E+00
H27        1.0          -3.7951797000E-01   3.5813139600E+00   5.2794945200E+00
H28        1.0          -4.1394163500E+00   6.6700260500E+00  -2.3466449600E+00
H29        1.0          -4.1163948700E+00   8.4864785800E+00   4.4923286000E-01
H30        1.0          -1.2543737900E+00   7.3736893800E+00  -8.3034813000E-01
H31        1.0          -1.1680766010E+01  -3.4220313500E+00  -5.7042060000E-01
H32        1.0          -1.1575985970E+01  -1.3851125600E+00  -3.2614188000E+00
C33        6.0           1.1773936500E+00  -5.0882715700E+00   6.2812419700E+00
H34        1.0           5.9901995000E-01  -3.2406281100E+00   7.0116806000E+00
H35        1.0          -5.2712457000E-01  -6.1743180900E+00   5.8068745400E+00
H36        1.0           2.1100569800E+00  -6.1187004900E+00   7.8224687400E+00
C37        6.0           1.7591550600E+00  -4.6445307900E+00  -4.4121791400E+00
H38        1.0           2.8047688000E+00  -3.7219486000E+00  -5.9520626100E+00
H39        1.0           3.2172300100E+00  -5.3859410400E+00  -3.1321737400E+00
H40        1.0           6.3792549000E-01  -6.1959071100E+00  -5.1881825600E+00
O41        8.0           5.1415151200E+00  -1.7039656000E-01  -3.5415817000E-01
Si42      14.0           7.3274707700E+00   2.1103173300E+00  -1.0749091500E+00
C43        6.0           9.2210312900E+00   1.1693434600E+00  -3.9387368700E+00
H44        1.0           1.0375627410E+01   2.7663302700E+00  -4.5837642800E+00
H45        1.0           1.0513207690E+01  -4.0231113000E-01  -3.5553556600E+00
H46        1.0           7.9966016400E+00   6.1779470000E-01  -5.5168802500E+00
C47        6.0           9.4102312500E+00   2.6546929400E+00   1.7479565000E+00
H48        1.0           8.3190482100E+00   3.3115111900E+00   3.3814009000E+00
H49        1.0           1.0410744700E+01   9.3136641000E-01   2.3066365500E+00
H50        1.0           1.0836364930E+01   4.0982672700E+00   1.3266122700E+00
C51        6.0           5.3143559200E+00   4.9465238300E+00  -1.8070213000E+00
H52        1.0           6.4874894600E+00   6.5638914000E+00  -2.3558888600E+00
H53        1.0           4.0051177500E+00   4.5734621700E+00  -3.3692791500E+00
H54        1.0           4.1985990600E+00   5.5167519200E+00  -1.5692752000E-01
H55        1.0           8.5552197600E+00  -3.7912759700E+00  -1.2599484000E+00
 
Some Atomic Properties:
----------------------
  q(A) = Net Charge of Atom A
  L(A) = Lagrangian of Atom A = -(1/4) Times Atomic Integral of the Laplacian of the Electron Density
  K(A) = Electronic Kinetic Energy of Atom A (Hamiltonian Form)
  K_Scaled(A) = K(A) * E(Mol)/K(Mol) = Approximation to Virial-Based Total Energy of Atom A.
  |Mu_Intra(A)| = Magnitude of Intraatomic Dipole Moment of Atom A
--------------------------------------------------------------------------------------------------
Atom A          q(A)              L(A)              K(A)          K_Scaled(A)      |Mu_Intra(A)|
--------------------------------------------------------------------------------------------------
C1       -9.6488716000E-02 -2.7995324656E-05  3.7710965411E+01 -3.8003968299E+01  2.2317121813E-01
C2        4.8936931800E-01  3.6858586037E-04  3.7392078503E+01 -3.7682603735E+01  7.1267304857E-01
C3       -3.9888281400E-02 -1.5946097426E-04  3.7730683113E+01 -3.8023839202E+01  1.0325010677E-01
C4       -4.4613532700E-02 -4.9735782447E-04  3.7710965065E+01 -3.8003967950E+01  7.3123790695E-02
C5       -2.5902574100E-02 -5.3573769530E-05  3.7728143129E+01 -3.8021279482E+01  2.1195940314E-01
C6        1.2232671100E-02 -6.9667606069E-05  3.7718792991E+01 -3.8011856696E+01  1.5227881532E-01
H7        4.4907127070E-02  2.6994715556E-05  5.9539214967E-01 -6.0001816806E-01  1.5150470540E-01
H8        1.6274781515E-01  9.0146093865E-05  5.5417791929E-01 -5.5848371547E-01  1.1449059042E-01
H9        6.4198475010E-02 -3.0354307249E-06  5.9135545127E-01 -5.9595010571E-01  1.3841867390E-01
H10       3.7586770570E-02  3.6187078561E-05  5.9996706088E-01 -6.0462862495E-01  1.5061667807E-01
H11       5.8991087940E-02  1.7698127142E-05  5.8745277825E-01 -5.9201711010E-01  1.4493943460E-01
C12       1.3185687434E+00  4.4605293014E-04  3.6860534267E+01 -3.7146929560E+01  8.6434946438E-01
O13      -1.3100069887E+00  7.3054453581E-05  7.5349537625E+01 -7.5934980928E+01  3.0714351504E-01
N14      -1.1755539850E+00  1.3711462331E-04  5.4978657257E+01 -5.5405824930E+01  1.1555704726E-01
Al15      2.3970260840E+00  1.7581475678E-04  2.4086997582E+02 -2.4274146327E+02  9.5987771415E-02
C16       3.0879929750E-01 -1.5292130351E-04  3.7527244803E+01 -3.7818820237E+01  5.1841690758E-01
C17       2.0754891234E+00  1.9697515504E-04  3.6392166240E+01 -3.6674922454E+01  2.5690518086E-01
O18      -1.2973147029E+00  4.0579463849E-05  7.5373755455E+01 -7.5959386922E+01  4.0051158761E-01
C19      -8.1968352730E-01 -2.0815703032E-04  3.7894018134E+01 -3.8188443287E+01  1.2701774198E+00
C20      -8.2314090510E-01  8.3046575701E-05  3.7895801195E+01 -3.8190240202E+01  1.2732542949E+00
C21       4.0527741370E-01  4.2811338208E-05  3.7464061822E+01 -3.7755146343E+01  5.7878287362E-01
H22       8.1208932780E-02  2.8828162981E-05  5.8939354631E-01 -5.9397295735E-01  1.3901006647E-01
H23       8.5392421300E-02  2.9609493852E-05  5.8786378077E-01 -5.9243130599E-01  1.3707344831E-01
O24      -1.0566844556E+00  3.9238186749E-05  7.5305696722E+01 -7.5890799394E+01  3.3230428006E-01
H25       3.8608685220E-02  3.0253829444E-05  5.8568319087E-01 -5.9023377355E-01  1.5404169411E-01
H26       1.7357940800E-02  3.0706770342E-05  5.9410927820E-01 -5.9872532906E-01  1.5926580444E-01
H27       3.0841303570E-02 -6.0087088915E-05  5.8830922636E-01 -5.9288021256E-01  1.5584528344E-01
H28       2.0074258970E-02  3.2157505530E-05  5.9339062960E-01 -5.9800109678E-01  1.5946010753E-01
H29       3.8614086510E-02  3.2083448802E-05  5.8573862091E-01 -5.9028963427E-01  1.5416763118E-01
H30       3.4071538930E-02  3.0860564156E-05  5.8728323051E-01 -5.9184624502E-01  1.5357276246E-01
H31       1.0746766605E-01  2.4605124853E-05  5.8007997264E-01 -5.8458702001E-01  1.3436324742E-01
H32       9.9412874580E-02  2.8762724786E-05  5.8413403444E-01 -5.8867258065E-01  1.3625468680E-01
C33      -1.6700075500E-02 -1.2478376106E-04  3.7679998957E+01 -3.7972761245E+01  1.0137452385E-01
H34       2.2544000060E-02  2.3643727036E-05  6.0127492139E-01 -6.0594664715E-01  1.5068396605E-01
H35       1.7418934000E-02  1.8659011995E-05  6.0245639597E-01 -6.0713730143E-01  1.5466914297E-01
H36       4.3951910270E-02  2.2671737447E-05  5.9174600605E-01 -5.9634369499E-01  1.4777795890E-01
C37      -2.9929682000E-02  6.2553113318E-05  3.7705667565E+01 -3.7998629291E+01  1.8119138830E-01
H38       7.6811008710E-02  2.4476092002E-05  5.7563018102E-01 -5.8010265483E-01  1.4091521312E-01
H39       9.5573700460E-02  2.9882957784E-05  5.6773764909E-01 -5.7214880030E-01  1.3710953987E-01
H40       4.1350595440E-02  2.3951643939E-05  5.9438852762E-01 -5.9900674816E-01  1.4650101250E-01
O41      -1.3907226358E+00  7.7253124037E-05  7.5250891917E+01 -7.5835568772E+01  3.4742941582E-01
Si42      2.9670488070E+00  4.1989299489E-04  2.8730108776E+02 -2.8953333102E+02  8.8095784141E-02
C43      -8.0366679630E-01 -2.4458589010E-04  3.7974204269E+01 -3.8269252444E+01  1.2325350789E+00
H44       3.8840026570E-02  2.4326577497E-05  5.8784079958E-01 -5.9240814624E-01  1.5170189534E-01
H45       3.1646785330E-02  3.1578793485E-05  5.9229903841E-01 -5.9690102424E-01  1.4950269302E-01
H46       2.3951569830E-02  2.5981538786E-05  5.9391885648E-01 -5.9853342782E-01  1.5562393920E-01
C47      -8.1496504750E-01 -1.2662063900E-04  3.7979595654E+01 -3.8274685718E+01  1.2252482378E+00
H48       3.2708899440E-02  2.5032967490E-05  5.9088924708E-01 -5.9548027926E-01  1.5296811428E-01
H49       4.3692434110E-02  3.1508949279E-05  5.8714558010E-01 -5.9170752512E-01  1.4889271278E-01
H50       3.9127430470E-02  2.6529133216E-05  5.8765773632E-01 -5.9222366063E-01  1.5141045755E-01
C51      -7.9408836860E-01 -2.4701107994E-04  3.7970581622E+01 -3.8265601650E+01  1.2147890163E+00
H52       3.8482094600E-02  2.4676041668E-05  5.8822398506E-01 -5.9279430895E-01  1.5130132855E-01
H53       2.2700142890E-02  2.7732732306E-05  5.9411531286E-01 -5.9873141061E-01  1.5599903275E-01
H54       2.3970922020E-02  1.6718190019E-05  5.9334148694E-01 -5.9795157229E-01  1.5636869489E-01
H55       5.1931490250E-02  3.1954495961E-05  5.9023613891E-01 -5.9482209664E-01  1.4167988788E-01
--------------------------------------------------------------------------------------------------
Total     1.0006441125E+00  1.0359330832E-03  1.5420083380E+03 -1.5539892802E+03
 
1st Largest |L(A)| = 4.9735782447E-04, atom C4      
2nd Largest |L(A)| = 4.4605293014E-04, atom C12     
 
Molecular charge q(Mol) from the wfn file:   1.0000000000E+00
Molecular energy E(Mol) from the wfn file:  -1.5539892097E+03
Molecular virial ratio (-V(Mol)/T(Mol)) from the wfn file:   2.0077697000E+00
Note.  K_Scaled(A) = (1+V(Mol)/T(Mol))*K(A) = (E(Mol)/T(Mol))*K(A)
       Only use K_Scaled(A) data with caution.
 
N_AIMInt(SumA)     =        197.999356
N_Analytic(Mol)    =        197.999970
 
G_AIMInt(SumA)     =       1542.007302
G_Analytic(Mol)    =       1542.008190
 
K_AIMInt(SumA)     =       1542.008338
K_Analytic(Mol)    =       1542.008190
 
L_AIMInt(SumA)     =          0.001036
L_Analytic(Mol)    =          0.000000
 
VenT_AIMInt(SumA)  =      -8559.732875
VenT_Analytic(Mol) =      -8559.755305
 
Some Information About the Atomic Calculations:
----------------------------------------------
  Time(sec) = "Elapsed User Time", in Seconds, for Atom A by AIMInt and, if used, by TWOe
  NProc = Number of Processors Used for AIMInt Job
  BIM = Basin Integration Method
  OAQ = Angular Quadrature Outside of Beta Sphere
  ORQ = Multiple of Default for Radial Quadrature Outside of Beta Sphere
  IAQ = Multiple of Default for Angular Quadrature Inside of Beta Sphere
  IRQ = Multiple of Default for Radial Quadrature Inside of Beta Sphere
  MIR = Maximum Integration Radius
------------------------------------------------------------------------------------------------------
Atom A     Time(sec)   NProc      BIM          OAQ                     ORQ      IAQ      IRQ      MIR
------------------------------------------------------------------------------------------------------
C1             68        8     Proaim(5)    4500(GS4)                  1.00     1.00     1.00    13.00
C2            237        8    Promega(1)    4500(GS4)                  1.00     1.00     1.00    13.00
C3             92        8     Proaim(5)    4500(GS4)                  1.00     1.00     1.00    13.00
C4             63        8     Proaim(5)    4500(GS4)                  1.00     1.00     1.00    13.00
C5             95        8     Proaim(5)    4500(GS4)                  1.00     1.00     1.00    13.00
C6             90        8     Proaim(5)    4500(GS4)                  1.00     1.00     1.00    13.00
H7             41        8     Proaim(5)    4500(GS4)                  1.00     1.00     1.00    13.00
H8             68        8     Proaim(5)    4500(GS4)                  1.00     1.00     1.00    13.00
H9             20        8     Proaim(5)    1800(GS4)                  1.00     1.00     1.00    13.00
H10            14        8     Proaim(5)    1800(GS4)                  1.00     1.00     1.00    13.00
H11            14        8     Proaim(5)    1800(GS4)                  1.00     1.00     1.00    13.00
C12            93        8     Proaim(5)    4500(GS4)                  1.00     1.00     1.00    13.00
O13            66        8     Proaim(5)    4500(GS4)                  1.00     1.00     1.00    13.00
N14            62        8     Proaim(5)    4500(GS4)                  1.00     1.00     1.00    13.00
Al15          102        8     Proaim(5)    4500(GS4)                  1.00     1.00     1.00    13.00
C16            53        8     Proaim(5)    4500(GS4)                  1.00     1.00     1.00    13.00
C17            35        8     Proaim(5)    4500(GS4)                  1.00     1.00     1.00    13.00
O18            42        8     Proaim(5)    4500(GS4)                  1.00     1.00     1.00    13.00
C19            71        8     Proaim(5)    4500(GS4)                  1.00     1.00     1.00    13.00
C20            68        8     Proaim(5)    4500(GS4)                  1.00     1.00     1.00    13.00
C21            39        8     Proaim(5)    4500(GS4)                  1.00     1.00     1.00    13.00
H22            14        8     Proaim(5)    1800(GS4)                  1.00     1.00     1.00    13.00
H23            13        8     Proaim(5)    1800(GS4)                  1.00     1.00     1.00    13.00
O24            31        8     Proaim(5)    4500(GS4)                  1.00     1.00     1.00    13.00
H25            14        8     Proaim(5)    1800(GS4)                  1.00     1.00     1.00    13.00
H26            27        8     Proaim(5)    4500(GS4)                  1.00     1.00     1.00    13.00
H27            40        8     Proaim(5)    4500(GS4)                  1.00     1.00     1.00    13.00
H28            12        8     Proaim(5)    1800(GS4)                  1.00     1.00     1.00    13.00
H29            11        8     Proaim(5)    1800(GS4)                  1.00     1.00     1.00    13.00
H30            43        8     Proaim(5)    4500(GS4)                  1.00     1.00     1.00    13.00
H31            11        8     Proaim(5)    1800(GS4)                  1.00     1.00     1.00    13.00
H32            11        8     Proaim(5)    1800(GS4)                  1.00     1.00     1.00    13.00
C33            47        8     Proaim(5)    4500(GS4)                  1.00     1.00     1.00    13.00
H34            26        8     Proaim(5)    4500(GS4)                  1.00     1.00     1.00    13.00
H35            19        8     Proaim(5)    1800(GS4)                  1.00     1.00     1.00    13.00
H36            11        8     Proaim(5)    1800(GS4)                  1.00     1.00     1.00    13.00
C37            49        8     Proaim(5)    4500(GS4)                  1.00     1.00     1.00    13.00
H38            28        8     Proaim(5)    4500(GS4)                  1.00     1.00     1.00    13.00
H39            27        8     Proaim(5)    4500(GS4)                  1.00     1.00     1.00    13.00
H40            12        8     Proaim(5)    1800(GS4)                  1.00     1.00     1.00    13.00
O41           189        8    Promega(1)    4500(GS4)                  1.00     1.00     1.00    13.00
Si42          105        8     Proaim(5)    6300(GS6)                  1.00     1.00     1.00    13.00
C43            51        8     Proaim(5)    4500(GS4)                  1.00     1.00     1.00    13.00
H44            11        8     Proaim(5)    1800(GS4)                  1.00     1.00     1.00    13.00
H45            25        8     Proaim(5)    4500(GS4)                  1.00     1.00     1.00    13.00
H46            28        8     Proaim(5)    4500(GS4)                  1.00     1.00     1.00    13.00
C47            53        8     Proaim(5)    4500(GS4)                  1.00     1.00     1.00    13.00
H48            13        8     Proaim(5)    1800(GS4)                  1.00     1.00     1.00    13.00
H49            15        8     Proaim(5)    1800(GS4)                  1.00     1.00     1.00    13.00
H50            11        8     Proaim(5)    1800(GS4)                  1.00     1.00     1.00    13.00
C51            73        8     Proaim(5)    4500(GS4)                  1.00     1.00     1.00    13.00
H52            11        8     Proaim(5)    1800(GS4)                  1.00     1.00     1.00    13.00
H53            16        8     Proaim(5)    1800(GS4)                  1.00     1.00     1.00    13.00
H54            45        8     Proaim(5)    4500(GS4)                  1.00     1.00     1.00    13.00
H55            25        8     Proaim(5)    4500(GS4)                  1.00     1.00     1.00    13.00
------------------------------------------------------------------------------------------------------
Total        2550
Note:  Total wall clock time is less than total of atomic times if more than one atom
       was calculated at a time
 
Electron Density Critical Point Analysis of Molecular Structure:               
---------------------------------------------------------------                
  NACP = Nuclear Attractor Critical Point                                      
  NNACP = Non-Nuclear Attractor Critical Point                                 
  BCP = Bond Critical Point                                                    
  RCP = Ring Critical Point                                                    
  CCP = Cage Critical Point                                                    
  Rho = Electron Density                                                       
  GradRho = Gradient of Electron Density                                       
  HessRho_EigVals = Eigenvalues of the Hessian of Rho, Ascending Order         
  HessRho_EigVecs = Eigenvectors of the Hessian of Rho                         
  DelSqRho = Laplacian of Rho = Trace of Hessian of Rho                        
  Bond Ellipticity = (HessRho_EigVal(1) / HessRho_EigVal(2)) - 1               
  V = Virial Field = Potential Energy Density = Trace of Stress Tensor         
  G = Lagrangian Form of Kinetic Energy Density                                
  K = Hamiltonian Form of Kinetic Energy Density                               
  L = K - G = Lagrangian Density = (-1/4)DelSqRho                              
  Vnuc = Electrostatic Potential from Nuclei                                   
  Ven = Electron-nuclear attractive contribution to Virial Field V             
  Vrep = V - Ven = Repulsive contribution to Virial Field V                    
  DelSqV = Laplacian of V                                                      
  DelSqVen = Laplacian of Ven                                                  
  DelSqVrep = Laplacian of Vrep                                                
  DelSqG = Laplacian of G                                                      
  DelSqK = Laplacian of K                                                      
  Stress_EigVals = Eigenvalues of Stress Tensor, Ascending Order               
  Stress_EigVecs = Eigenvectors of Stress Tensor                               
  -DivStress = Ehrenfest Force Density = Minus Divergence of Stress Tensor     
  ESP = Total Electrostatic Potential                                          
  ESPe = Electrostatic Potential from Electrons                                
  ESPn = Electrostatic Potential from Nuclei                                   
  BP = Bond Path                                                               
  BPL = Bond Path Length                                                       
  GBL = Geometric Bond Length                                                  
  GBL_I = Distance Between Nuclear Attractors                                  
  GBL_II = Distance Between Nuclei                                             
  GBL_III = Sum of Distances Between BCP and Nuclear Attractors                
  GBL_IV = Sum of Distances Between BCP and Nuclei                             

CP# 1      Coords =  7.34331720115798E+00 -4.05325818236175E+00  3.71139639321337E-01
           Type = (3,-3) NACP C1
           Rho =  1.1765721301E+02     Rho at Nucleus =  1.1765721301E+02
           GradRho = -4.3380202208E-11 -3.9116154760E-11 -7.9521667029E-12
           HessRho_EigVals = -1.4498674908E+05 -1.4498637080E+05 -1.4498631790E+05
           HessRho_EigVec1 =  6.0881223464E-01  6.0826292763E-01  5.0927779631E-01
           HessRho_EigVec2 = -7.6707813781E-01  2.8762938409E-01  5.7346357156E-01
           HessRho_EigVec3 =  2.0233337204E-01 -7.3978750211E-01  6.4169748190E-01
           DelSqRho = -4.3495943778E+05
           Bond Ellipticity = NA
           V = -1.0875026454E+05
           G =  5.2025482256E+00
           K =  1.0874506199E+05
           L =  1.0873985945E+05
           Vnuc =  1.8678635718E+07
           Ven = -2.1976762215E+09
           Vrep =  2.1975674712E+09
           DelSqV =  2.4949650511E+09
           DelSqVen =  8.1244488991E+12
           DelSqVrep = -8.1219539340E+12
           DelSqG =  1.3402272862E+08
           DelSqK = -2.6289877798E+09
           Stress_EigVals = -3.6250253139E+04 -3.6250207597E+04 -3.6249803807E+04
           Stress_EigVec1 = -6.8081835918E-01  7.2579474450E-01  9.8530962956E-02
           Stress_EigVec2 =  3.4716581812E-01  4.3821104136E-01 -8.2912422348E-01
           Stress_EigVec3 =  6.4495135982E-01  5.3027641102E-01  5.5031324841E-01
           -DivStress = -1.6806910429E+02  1.3316267691E+02  1.5351001068E+02
           ESP =  -1.4674098591E+01     ESP at Nucleus =  -1.4674098594E+01
           ESPe = -3.8128097362E+01     ESPe at Nucleus = -3.8128098017E+01
           ESPn =  2.3453998770E+01     ESPn at Nucleus =  2.3453999424E+01

CP# 2      Coords =  5.54543925036709E+00 -2.36821894053015E+00  9.91203859175573E-01
           Type = (3,-3) NACP C2
           Rho =  1.1763446072E+02     Rho at Nucleus =  1.1763445743E+02
           GradRho = -5.6845084195E-11  4.8517301288E-12  8.1190609791E-13
           HessRho_EigVals = -1.4493445103E+05 -1.4493379251E+05 -1.4493255598E+05
           HessRho_EigVec1 = -1.0152677917E-01  7.5480707294E-01 -6.4804212498E-01
           HessRho_EigVec2 =  6.0084757997E-01  5.6570200917E-01  5.6476846801E-01
           HessRho_EigVec3 =  7.9288996636E-01 -3.3203541898E-01 -5.1095790608E-01
           DelSqRho = -4.3480079952E+05
           Bond Ellipticity = NA
           V = -1.0871015921E+05
           G =  4.9796645867E+00
           K =  1.0870517955E+05
           L =  1.0870019988E+05
           Vnuc =  8.9062847810E+05
           Ven = -1.0476860072E+08
           Vrep =  1.0465989057E+08
           DelSqV =  2.4940248736E+09
           DelSqVen =  3.8724597658E+11
           DelSqVrep = -3.8475195170E+11
           DelSqG =  1.3394813719E+08
           DelSqK = -2.6279730108E+09
           Stress_EigVals = -3.6237133866E+04 -3.6236541345E+04 -3.6236484000E+04
           Stress_EigVec1 =  7.8167268373E-01 -3.8059727945E-01 -4.9409870106E-01
           Stress_EigVec2 =  2.7453747365E-01  9.2130996876E-01 -2.7534908213E-01
           Stress_EigVec3 =  5.6001517039E-01  7.9584246869E-02  8.2465105140E-01
           -DivStress =  1.7258926282E+03 -4.7976933607E+03  1.9506020142E+03
           ESP =  -1.4592680912E+01     ESP at Nucleus =  -1.4592681146E+01
           ESPe = -4.2526158574E+01     ESPe at Nucleus = -4.2526150133E+01
           ESPn =  2.7933477663E+01     ESPn at Nucleus =  2.7933468987E+01

CP# 3      Coords =  3.75447001344207E+00 -2.64783011960990E+00  3.10861531132803E+00
           Type = (3,-3) NACP C3
           Rho =  1.1768412298E+02     Rho at Nucleus =  1.1768412281E+02
           GradRho =  4.5701067930E-10  2.4297125423E-10 -5.8373203493E-10
           HessRho_EigVals = -1.4501280361E+05 -1.4501223221E+05 -1.4501181231E+05
           HessRho_EigVec1 =  7.3818649465E-01  5.1160759878E-02  6.7265390489E-01
           HessRho_EigVec2 = -6.6148803484E-01  2.5050924015E-01  7.0687955152E-01
           HessRho_EigVec3 =  1.3234152360E-01  9.6676144795E-01 -2.1876476838E-01
           DelSqRho = -4.3503684813E+05
           Bond Ellipticity = NA
           V = -1.0876951268E+05
           G =  5.1503232004E+00
           K =  1.0876436236E+05
           L =  1.0875921203E+05
           Vnuc =  3.9310566278E+06
           Ven = -4.6262295164E+08
           Vrep =  4.6251418213E+08
           DelSqV =  2.4953973882E+09
           DelSqVen =  1.7101543506E+12
           DelSqVrep = -1.7076589532E+12
           DelSqG =  1.3403886051E+08
           DelSqK = -2.6294362487E+09
           Stress_EigVals = -3.6256762412E+04 -3.6256574829E+04 -3.6256175439E+04
           Stress_EigVec1 =  2.1325675641E-01  9.4320514028E-01 -2.5472655770E-01
           Stress_EigVec2 = -6.1998637964E-01  3.3215045230E-01  7.1083962052E-01
           Stress_EigVec3 =  7.5507512534E-01  6.3356445088E-03  6.5560766827E-01
           -DivStress = -7.3001026523E+02 -3.7110609787E+02  9.3163892561E+02
           ESP =  -1.4656217541E+01     ESP at Nucleus =  -1.4656217556E+01
           ESPe = -4.1167576866E+01     ESPe at Nucleus = -4.1167575680E+01
           ESPn =  2.6511359324E+01     ESPn at Nucleus =  2.6511358124E+01

CP# 4      Coords =  2.90390373468560E+00 -4.84355097291550E+00  4.04830337486753E+00
           Type = (3,-3) NACP C4
           Rho =  1.1768414383E+02     Rho at Nucleus =  1.1768414365E+02
           GradRho = -3.6186720287E-10 -3.8284313914E-10  6.5614130795E-10
           HessRho_EigVals = -1.4501055483E+05 -1.4500944612E+05 -1.4500917345E+05
           HessRho_EigVec1 =  7.8914597776E-01 -8.6850928685E-02  6.0803416184E-01
           HessRho_EigVec2 = -5.7465791319E-01  2.4508090658E-01  7.8083521439E-01
           HessRho_EigVec3 =  2.1683382714E-01  9.6560461133E-01 -1.4349503822E-01
           DelSqRho = -4.3502917440E+05
           Bond Ellipticity = NA
           V = -1.0876746097E+05
           G =  5.0836860221E+00
           K =  1.0876237728E+05
           L =  1.0875729360E+05
           Vnuc =  3.8063678318E+06
           Ven = -4.4794913938E+08
           Vrep =  4.4784037192E+08
           DelSqV =  2.4953489693E+09
           DelSqVen =  1.6558811054E+12
           DelSqVrep = -1.6533857564E+12
           DelSqG =  1.3403379902E+08
           DelSqK = -2.6293827683E+09
           Stress_EigVals = -3.6256097336E+04 -3.6255945473E+04 -3.6255418162E+04
           Stress_EigVec1 =  2.4245903202E-01  9.4640977268E-01 -2.1335922754E-01
           Stress_EigVec2 = -5.6644260680E-01  3.1664075758E-01  7.6084256179E-01
           Stress_EigVec3 =  7.8762706339E-01 -6.3617394018E-02  6.1285923032E-01
           -DivStress =  5.6675524852E+02  6.2667218641E+02 -9.6905271958E+02
           ESP =  -1.4646743084E+01     ESP at Nucleus =  -1.4646743100E+01
           ESPe = -3.8637063457E+01     ESPe at Nucleus = -3.8637065534E+01
           ESPn =  2.3990320373E+01     ESPn at Nucleus =  2.3990322434E+01

CP# 5      Coords = -2.32468180401239E+00 -2.79406075957821E+00 -2.83216508519301E+00
           Type = (3,-3) NACP C5
           Rho =  1.1762493949E+02     Rho at Nucleus =  1.1762493898E+02
           GradRho = -2.6160561495E-09  2.7633172417E-09  2.0345800600E-09
           HessRho_EigVals = -1.4493777915E+05 -1.4493752277E+05 -1.4493714033E+05
           HessRho_EigVec1 = -4.1095752750E-01  7.5710511882E-01  5.0784421789E-01
           HessRho_EigVec2 =  9.2282369660E-02 -5.1964938940E-01  8.4938123145E-01
           HessRho_EigVec3 =  9.0697181590E-01  3.9592467863E-01  1.4368637379E-01
           DelSqRho = -4.3481244226E+05
           Bond Ellipticity = NA
           V = -1.0871363104E+05
           G =  5.2602384105E+00
           K =  1.0870837080E+05
           L =  1.0870311057E+05
           Vnuc =  2.2509757747E+06
           Ven = -2.6477088930E+08
           Vrep =  2.6466217567E+08
           DelSqV =  2.4941167502E+09
           DelSqVen =  9.7875228058E+11
           DelSqVrep = -9.7625816383E+11
           DelSqG =  1.3396810144E+08
           DelSqK = -2.6280848516E+09
           Stress_EigVals = -3.6238095656E+04 -3.6237874331E+04 -3.6237661055E+04
           Stress_EigVec1 =  9.3172772079E-01  3.4414819493E-01  1.1595462143E-01
           Stress_EigVec2 = -3.5180736565E-01  7.7615714989E-01  5.2327015599E-01
           Stress_EigVec3 =  9.0083471158E-02 -5.2833899970E-01  8.4424100209E-01
           -DivStress =  1.3030135605E+03 -1.3881189277E+03 -1.0180359350E+03
           ESP =  -1.4581911266E+01     ESP at Nucleus =  -1.4581911301E+01
           ESPe = -4.1830054511E+01     ESPe at Nucleus = -4.1830051453E+01
           ESPn =  2.7248143244E+01     ESPn at Nucleus =  2.7248140152E+01

CP# 6      Coords =  2.30113523836954E-01 -2.73219533651516E+00 -3.05312052951702E+00
           Type = (3,-3) NACP C6
           Rho =  1.1778075001E+02     Rho at Nucleus =  1.1778074981E+02
           GradRho = -4.7869319619E-10 -7.1106510957E-10 -3.8143405101E-10
           HessRho_EigVals = -1.4512892236E+05 -1.4512598147E+05 -1.4512557658E+05
           HessRho_EigVec1 =  8.7480661539E-02 -5.3069151624E-01  8.4303834341E-01
           HessRho_EigVec2 = -8.7303187387E-01  3.6672555325E-01  3.2144628757E-01
           HessRho_EigVec3 =  4.7975252064E-01  7.6411967858E-01  4.3122921487E-01
           DelSqRho = -4.3538048041E+05
           Bond Ellipticity = NA
           V = -1.0885515853E+05
           G =  5.0192128826E+00
           K =  1.0885013932E+05
           L =  1.0884512010E+05
           Vnuc =  3.6979319935E+06
           Ven = -4.3554520367E+08
           Vrep =  4.3543634851E+08
           DelSqV =  2.4973514479E+09
           DelSqVen =  1.6100074783E+12
           DelSqVrep = -1.6075101432E+12
           DelSqG =  1.3413962518E+08
           DelSqK = -2.6314910731E+09
           Stress_EigVals = -3.6285466760E+04 -3.6285356895E+04 -3.6284334874E+04
           Stress_EigVec1 =  6.9456090000E-01  6.3892822628E-01  3.3069000264E-01
           Stress_EigVec2 = -7.1412257863E-01  5.5653416316E-01  4.2461590634E-01
           Stress_EigVec3 =  8.7258804002E-02 -5.3107480348E-01  8.4281994176E-01
           -DivStress =  6.7045892736E+02  1.0193721759E+03  5.1468371111E+02
           ESP =  -1.4567662149E+01     ESP at Nucleus =  -1.4567662150E+01
           ESPe = -4.1546531323E+01     ESPe at Nucleus = -4.1546532000E+01
           ESPn =  2.6978869174E+01     ESPn at Nucleus =  2.6978869850E+01

CP# 7      Coords =  3.10845090363078E+00 -9.05022929269745E-01  3.91274884071936E+00
           Type = (3,-3) NACP H7
           Rho =  4.2628087245E-01     Rho at Nucleus =  4.2264769048E-01
           GradRho =  3.8259326263E-15 -1.0850261661E-14 -5.2468879935E-15
           HessRho_EigVals = -6.5173810021E+00 -6.5099058957E+00 -5.9193008453E+00
           HessRho_EigVec1 =  5.5043657199E-01  5.1227811043E-01 -6.5923494885E-01
           HessRho_EigVec2 =  7.7108858690E-01 -9.2257543662E-03  6.3666103746E-01
           HessRho_EigVec3 = -3.2006557355E-01  8.5877006412E-01  4.0008999688E-01
           DelSqRho = -1.8946587743E+01
           Bond Ellipticity = NA
           V = -4.7461079945E+00
           G =  4.7305293810E-03
           K =  4.7413774652E+00
           L =  4.7366469358E+00
           Vnuc =  5.6357188030E+01
           Ven = -2.4023991282E+01
           Vrep =  1.9277883288E+01
           DelSqV =  7.1406619551E+02
           DelSqVen =  1.0677764080E+03
           DelSqVrep = -3.5371021245E+02
           DelSqG =  7.0531583812E+01
           DelSqK = -7.8459777932E+02
           Stress_EigVals = -1.6324252732E+00 -1.6317765385E+00 -1.4819061829E+00
           Stress_EigVec1 =  6.4295370147E-01  5.0572276569E-01 -5.7519998438E-01
           Stress_EigVec2 =  6.9620742874E-01 -7.2888213792E-02  7.1413060743E-01
           Stress_EigVec3 = -3.1922680641E-01  8.5961141951E-01  3.9895169320E-01
           -DivStress = -2.5044527437E+00  6.7602946464E+00  3.1273169484E+00
           ESP =  -1.0228229266E+00     ESP at Nucleus =  -1.0252506156E+00
           ESPe = -2.8468178008E+01     ESPe at Nucleus = -2.8394058318E+01
           ESPn =  2.7445355081E+01     ESPn at Nucleus =  2.7368807702E+01

CP# 8      Coords =  1.25339545568223E+00 -1.21844880641103E+00 -2.18920961345830E+00
           Type = (3,-3) NACP H8
           Rho =  4.1427407903E-01     Rho at Nucleus =  4.0995186518E-01
           GradRho = -1.8827821247E-14 -2.7989763285E-14 -1.5286383270E-14
           HessRho_EigVals = -6.2885191118E+00 -6.2836438995E+00 -5.6277098276E+00
           HessRho_EigVec1 = -8.5777691005E-01  4.0754798981E-01  3.1324656197E-01
           HessRho_EigVec2 =  5.8771986443E-02 -5.2764572632E-01  8.4742895933E-01
           HessRho_EigVec3 =  5.1065117858E-01  7.4531511691E-01  4.2864991580E-01
           DelSqRho = -1.8199872839E+01
           Bond Ellipticity = NA
           V = -4.5587532498E+00
           G =  4.3925200220E-03
           K =  4.5543607297E+00
           L =  4.5499682097E+00
           Vnuc =  5.5840108161E+01
           Ven = -2.3133109381E+01
           Vrep =  1.8574356131E+01
           DelSqV =  6.8199530493E+02
           DelSqVen =  1.0162828678E+03
           DelSqVrep = -3.3428756291E+02
           DelSqG =  6.6992829319E+01
           DelSqK = -7.4898813425E+02
           Stress_EigVals = -1.5755024858E+00 -1.5736423108E+00 -1.4096084532E+00
           Stress_EigVec1 = -8.5737613809E-01  4.0852238040E-01  3.1307446804E-01
           Stress_EigVec2 =  5.8554396355E-02 -5.2690783318E-01  8.4790301214E-01
           Stress_EigVec3 =  5.1134874645E-01  7.4530369652E-01  4.2783742176E-01
           -DivStress =  4.3250780646E+00  6.2565286761E+00  3.6033686107E+00
           ESP =  -9.6278033030E-01     ESP at Nucleus =  -9.6570480695E-01
           ESPe = -3.0871900260E+01     ESPe at Nucleus = -3.0832824203E+01
           ESPn =  2.9909119930E+01     ESPn at Nucleus =  2.9867119396E+01

CP# 9      Coords = -3.38894226381709E+00 -4.29258306200896E+00 -3.65367980428153E+00
           Type = (3,-3) NACP H9
           Rho =  4.2589033659E-01     Rho at Nucleus =  4.2206307467E-01
           GradRho =  2.9490299092E-15  1.3834419721E-16  3.6255720648E-16
           HessRho_EigVals = -6.4966958873E+00 -6.4892827735E+00 -5.8837974931E+00
           HessRho_EigVec1 = -8.5393116195E-01  4.0013548115E-01  3.3270582707E-01
           HessRho_EigVec2 =  8.4362988840E-02 -5.2444054382E-01  8.4725734114E-01
           HessRho_EigVec3 =  5.1350214874E-01  7.5156750377E-01  4.1407949783E-01
           DelSqRho = -1.8869776154E+01
           Bond Ellipticity = NA
           V = -4.7272792939E+00
           G =  4.9176276966E-03
           K =  4.7223616662E+00
           L =  4.7174440385E+00
           Vnuc =  5.4006502814E+01
           Ven = -2.3000847662E+01
           Vrep =  1.8273568368E+01
           DelSqV =  7.1015367156E+02
           DelSqVen =  1.0190906190E+03
           DelSqVrep = -3.0893694740E+02
           DelSqG =  7.0031142677E+01
           DelSqK = -7.8018481424E+02
           Stress_EigVals = -1.6272783295E+00 -1.6272285207E+00 -1.4727724437E+00
           Stress_EigVec1 = -8.3411236678E-01  5.5056273157E-01  3.3722962384E-02
           Stress_EigVec2 = -2.0271994614E-01 -3.6283504824E-01  9.0953578885E-01
           Stress_EigVec3 =  5.1299238105E-01  7.5181873239E-01  4.1425524813E-01
           -DivStress = -4.0905531881E+00 -6.0714375806E+00 -3.3523639858E+00
           ESP =  -9.4117075033E-01     ESP at Nucleus =  -9.4374268612E-01
           ESPe = -2.6841608970E+01     ESPe at Nucleus = -2.6729494050E+01
           ESPn =  2.5900438220E+01     ESPn at Nucleus =  2.5785751364E+01

CP# 10     Coords =  3.50682111031977E+00 -6.57610041918700E+00  3.18747779309243E+00
           Type = (3,-3) NACP H10
           Rho =  4.2759820134E-01     Rho at Nucleus =  4.2395648442E-01
           GradRho = -1.9734647944E-15  1.1559980403E-14  4.8023108927E-15
           HessRho_EigVals = -6.5276573174E+00 -6.5202217397E+00 -5.9276400348E+00
           HessRho_EigVec1 =  5.0364465187E-01  5.2228480120E-01 -6.8815743190E-01
           HessRho_EigVec2 =  8.0984698075E-01 -8.0641056436E-03  5.8658574647E-01
           HessRho_EigVec3 = -3.0081544575E-01  8.5273299258E-01  4.2703221302E-01
           DelSqRho = -1.8975519092E+01
           Bond Ellipticity = NA
           V = -4.7532511426E+00
           G =  4.6856848387E-03
           K =  4.7485654578E+00
           L =  4.7438797730E+00
           Vnuc =  5.2591014956E+01
           Ven = -2.2487823402E+01
           Vrep =  1.7734572259E+01
           DelSqV =  7.1495999681E+02
           DelSqVen =  9.9794180836E+02
           DelSqVrep = -2.8298181155E+02
           DelSqG =  7.0523006662E+01
           DelSqK = -7.8548300348E+02
           Stress_EigVals = -1.6352133298E+00 -1.6340605910E+00 -1.4839772218E+00
