AIMSum (Version 19.02.13, Professional)
Copyright (c) 1997-2019 by Todd A. Keith
AIMSum is a component of the AIMAll package ( http://aim.tkgristmill.com )

TP:  64-bit Linux

Much of the Quantum Theory of Atoms in Molecules (QTAIM) is described in the book:
  "Atoms in Molecules - A Quantum Theory"
  R.F.W. Bader, Oxford University Press, Oxford, 1990

For additional references see:  http://aim.tkgristmill.com/references.html

Wfn File:  /home/mhennefarth/Documents/ML_Diels/summary-lam2009/4-opt/4-opt.wfn
Sum File:  /home/mhennefarth/Documents/ML_Diels/summary-lam2009/4-opt/4-opt.sum

SumViz File:  /home/mhennefarth/Documents/ML_Diels/summary-lam2009/4-opt/4-opt.sumviz

Wfn Title:   Title Card Required                                                           
 
Total memory allocated for AIMSum =        3.791 Megabytes

Atomic units (a.u.) used throughout, except where stated otherwise

Model:  Restricted SCF
 
Restricted, closed-shell, single-determinant wavefunction.
  Number of electrons (from MO Occs)                   =         198.0000000000
  Number of Alpha electrons (from MO Occs)             =          99.0000000000
  Number of Beta electrons (from MO Occs)              =          99.0000000000
  Number of electron pairs (N*(N-1)/2)                 =       19503.0000000000
  Number of electron pairs (from Muller 2EDM)          =       19503.0000000000
 
Nuclear Charges and Cartesian Coordinates:
-------------------------------------------------------------------------------
Atom      Charge                X                  Y                  Z
-------------------------------------------------------------------------------
C1         6.0          -3.1844758000E+00   2.3273655300E+00  -2.0562598500E+00
C2         6.0          -4.3738926600E+00   1.0948978500E+00  -1.7365895000E-01
C3         6.0          -3.8163577600E+00   1.4091375300E+00   2.5396735900E+00
C4         6.0          -3.1005298300E+00   3.5780508600E+00   3.6420336500E+00
C5         6.0           1.9025594800E+00  -3.5673641800E+00  -1.2075632000E+00
C6         6.0          -1.6532440000E-02  -3.1229081600E+00  -2.8590486100E+00
H7         1.0          -4.0996826700E+00  -2.7311576000E-01   3.6947726800E+00
H8         1.0          -2.9434324300E+00   5.2737639600E+00   2.4825869800E+00
H9         1.0          -1.6710562000E+00   3.6489574800E+00  -1.6575459900E+00
C10        6.0          -2.5367959400E+00   3.8900883500E+00   6.4004981000E+00
H11        1.0          -2.7561153100E+00   2.1146467200E+00   7.4398925400E+00
H12        1.0          -6.0252431000E-01   4.5844527300E+00   6.6943218900E+00
H13        1.0          -3.7937881400E+00   5.3006317000E+00   7.2570643100E+00
O14        8.0          -6.1578160800E+00  -7.0699295000E-01  -7.3253287000E-01
Si15      14.0          -9.3640931900E+00  -4.8777806000E-01  -2.7896823000E-01
C16        6.0          -1.0622847110E+01  -3.3179636900E+00  -2.0076098100E+00
H17        1.0          -1.2687379250E+01  -3.4095122000E+00  -1.8540498600E+00
H18        1.0          -1.0150426290E+01  -3.2486108600E+00  -4.0227085600E+00
H19        1.0          -9.8665765900E+00  -5.0840123800E+00  -1.2325400200E+00
C20        6.0          -1.0497918450E+01   2.5649702500E+00  -1.6966208500E+00
H21        1.0          -9.6088292300E+00   4.2080406600E+00  -8.0275313000E-01
H22        1.0          -1.0096808040E+01   2.6564977200E+00  -3.7263802100E+00
H23        1.0          -1.2547118970E+01   2.7584311900E+00  -1.4536762100E+00
C24        6.0          -1.0124191270E+01  -6.6381689000E-01   3.1909940300E+00
H25        1.0          -1.2177766420E+01  -6.2674164000E-01   3.4750424900E+00
H26        1.0          -9.4139032700E+00  -2.4171103500E+00   4.0359254700E+00
H27        1.0          -9.3220043900E+00   9.2556718000E-01   4.2468206500E+00
H28        1.0           5.9361030000E-02  -1.4072950800E+00  -3.9851446000E+00
C29        6.0          -2.2281381300E+00  -4.7955266600E+00  -3.2244089000E+00
H30        1.0          -3.9312734600E+00  -3.7814571400E+00  -2.5806654200E+00
H31        1.0          -2.5139421700E+00  -5.1835388200E+00  -5.2418667500E+00
H32        1.0          -2.0686586800E+00  -6.5787697300E+00  -2.1933764500E+00
H33        1.0           1.9000397400E+00  -5.2586496400E+00  -5.2080280000E-02
C34        6.0           3.9224912200E+00  -1.7799927100E+00  -9.3364664000E-01
O35        8.0           4.0208972700E+00   2.5094559000E-01  -2.1659555300E+00
N36        7.0           5.8532987200E+00  -2.3326963100E+00   7.8587211000E-01
Al37      13.0           6.1809780600E+00   3.1567508200E+00  -2.1474063300E+00
C38        6.0           6.0170749400E+00  -4.6017771300E+00   2.4027114100E+00
C39        6.0           7.8118958900E+00  -6.8738440000E-01   1.3449772800E+00
O40        8.0           8.1668670600E+00   1.4327674300E+00   4.3939289000E-01
C41        6.0           8.1666788500E+00   3.1545959700E+00  -5.2501355500E+00
C42        6.0           4.3827896800E+00   5.9136510300E+00  -4.8303479000E-01
C43        6.0           8.6276260300E+00  -4.2379802600E+00   3.6476076400E+00
H44        1.0           5.9356572900E+00  -6.3203038800E+00   1.2652869100E+00
H45        1.0           4.4750815200E+00  -4.6085674100E+00   3.7782488100E+00
O46        8.0           9.3427264900E+00  -1.6494316500E+00   3.0467185800E+00
H47        1.0           9.7465364400E+00   4.4929875500E+00  -5.1289702600E+00
H48        1.0           8.9757881200E+00   1.3007585500E+00  -5.7065817600E+00
H49        1.0           7.0239509000E+00   3.7362428600E+00  -6.8805426600E+00
H50        1.0           3.2435316200E+00   5.2912022400E+00   1.1344747900E+00
H51        1.0           5.7026329400E+00   7.3518584000E+00   2.1896957000E-01
H52        1.0           3.1027369300E+00   6.8828083900E+00  -1.7966240500E+00
H53        1.0           1.0082701120E+01  -5.4679759600E+00   2.8584411500E+00
H54        1.0           8.5975776300E+00  -4.4049139300E+00   5.6990375600E+00
H55        1.0          -3.7808288000E+00   2.0971666800E+00  -4.0046827600E+00
 
Some Atomic Properties:
----------------------
  q(A) = Net Charge of Atom A
  L(A) = Lagrangian of Atom A = -(1/4) Times Atomic Integral of the Laplacian of the Electron Density
  K(A) = Electronic Kinetic Energy of Atom A (Hamiltonian Form)
  K_Scaled(A) = K(A) * E(Mol)/K(Mol) = Approximation to Virial-Based Total Energy of Atom A.
  |Mu_Intra(A)| = Magnitude of Intraatomic Dipole Moment of Atom A
--------------------------------------------------------------------------------------------------
Atom A          q(A)              L(A)              K(A)          K_Scaled(A)      |Mu_Intra(A)|
--------------------------------------------------------------------------------------------------
C1       -9.9033821200E-02  1.6129456776E-05  3.7713168955E+01 -3.8006022272E+01  2.2303223846E-01
C2        5.1199421080E-01  2.4125404154E-05  3.7379070222E+01 -3.7669329168E+01  7.1254492528E-01
C3       -5.1741082300E-02  1.8323793534E-04  3.7737627423E+01 -3.8030670667E+01  1.0675282490E-01
C4       -4.0184515600E-02 -5.6921850103E-05  3.7708953206E+01 -3.8001773787E+01  7.8029160767E-02
C5       -2.0269468000E-02 -1.5939665115E-04  3.7725262120E+01 -3.8018209343E+01  2.1227516856E-01
C6        2.1100920500E-02  3.2580418664E-04  3.7708011252E+01 -3.8000824518E+01  1.2973510399E-01
H7        4.1569860900E-02  1.8358988639E-05  5.9701724976E-01 -6.0165325587E-01  1.5277212670E-01
H8        4.6567339830E-02  3.1318703224E-05  5.9657480058E-01 -6.0120737095E-01  1.4844236623E-01
H9        4.9191550790E-02  3.1542525342E-05  5.9062148468E-01 -5.9520782588E-01  1.4487007228E-01
C10      -1.7270893200E-02 -7.4599709928E-06  3.7681383551E+01 -3.7973990045E+01  1.0499174830E-01
H11       2.1320274970E-02  2.4528992247E-05  6.0211295653E-01 -6.0678853223E-01  1.5163474517E-01
H12       2.7599458170E-02  2.7899279562E-05  5.9798898015E-01 -6.0263253201E-01  1.5209381436E-01
H13       4.3071109700E-02  2.0527475243E-05  5.9238763665E-01 -5.9698769252E-01  1.4773557080E-01
O14      -1.3847966552E+00 -1.5098997386E-04  7.5256800494E+01 -7.5841190622E+01  3.5225859276E-01
Si15      2.9654249170E+00 -2.7655332183E-04  2.8730148597E+02 -2.8953246246E+02  8.5259975926E-02
C16      -8.0360229900E-01  5.9075001514E-05  3.7976123140E+01 -3.8271018370E+01  1.2210848516E+00
H17       3.9313378550E-02  1.8284872141E-05  5.8770764349E-01 -5.9227135790E-01  1.5103915919E-01
H18       3.2512085640E-02  2.4980062113E-05  5.9107751566E-01 -5.9566739807E-01  1.5305051532E-01
H19       2.9034033690E-02  2.5871494741E-05  5.9213416674E-01 -5.9673225435E-01  1.5395210916E-01
C20      -8.1072206630E-01 -1.0578811111E-04  3.7977343926E+01 -3.8272248635E+01  1.2267234011E+00
H21       3.6116723860E-02  3.0507767903E-05  5.8972479995E-01 -5.9430417814E-01  1.5079227401E-01
H22       3.4405322120E-02  2.4643384514E-05  5.9024359874E-01 -5.9482700555E-01  1.5261662448E-01
H23       3.8588736110E-02  1.8278326475E-05  5.8788170605E-01 -5.9244677211E-01  1.5159061164E-01
C24      -8.0846859400E-01 -3.5708261323E-04  3.7976814552E+01 -3.8271715150E+01  1.2281360023E+00
H25       3.8047643360E-02  1.7611808132E-05  5.8799781742E-01 -5.9256378511E-01  1.5186296104E-01
H26       2.7119494920E-02  2.5927179585E-05  5.9293367829E-01 -5.9753797432E-01  1.5475022210E-01
H27       3.4316575500E-02  1.7036210789E-05  5.9115640728E-01 -5.9574690231E-01  1.4984170179E-01
H28       1.1980709369E-01  6.3365921192E-06  5.7155935183E-01 -5.7599767023E-01  1.3208632978E-01
C29      -4.2466019700E-02  3.5612937722E-05  3.7714270737E+01 -3.8007132609E+01  2.0574711689E-01
H30       1.3982731311E-01  5.3887351803E-05  5.5240657617E-01 -5.5669616791E-01  1.1140859629E-01
H31       6.9564017510E-02  2.3702064974E-05  5.7961982461E-01 -5.8412073484E-01  1.4198445603E-01
H32       3.9283177400E-02  2.1082478875E-05  5.9510466152E-01 -5.9972581585E-01  1.4659545021E-01
H33       6.4147144560E-02 -1.1613681565E-04  5.9137917745E-01 -5.9597140235E-01  1.3844263680E-01
C34       1.3060460430E+00  3.0254649267E-04  3.6869195519E+01 -3.7155495145E+01  8.6215349320E-01
O35      -1.3140486157E+00  5.7649419544E-05  7.5344220395E+01 -7.5929289363E+01  2.9794284183E-01
N36      -1.1764188121E+00  5.7145463324E-05  5.4979521409E+01 -5.5406452787E+01  1.1271240592E-01
Al37      2.3977286330E+00 -1.0882283980E-04  2.4087106567E+02 -2.4274149694E+02  9.5838219132E-02
C38       3.0940014250E-01 -1.0576846572E-04  3.7527808765E+01 -3.7819222708E+01  5.1890140741E-01
C39       2.0750763912E+00  3.8593018993E-04  3.6393350525E+01 -3.6675955082E+01  2.5449831261E-01
O40      -1.2986719547E+00  2.8174286161E-06  7.5373637133E+01 -7.5958934530E+01  3.9981636537E-01
C41      -8.2338977250E-01 -4.6774849399E-06  3.7895419756E+01 -3.8189688301E+01  1.2744046053E+00
C42      -8.1893238300E-01  8.3326595681E-05  3.7893464910E+01 -3.8187718275E+01  1.2685992904E+00
C43       4.0535190330E-01 -2.2061886994E-04  3.7464488447E+01 -3.7755410689E+01  5.7906668772E-01
H44       8.5848602980E-02  3.1343163766E-05  5.8748686958E-01 -5.9204886962E-01  1.3714673132E-01
H45       7.9512992120E-02  2.9635858294E-05  5.9003225838E-01 -5.9461402407E-01  1.3954298690E-01
O46      -1.0566523576E+00  1.0221974493E-04  7.5304560808E+01 -7.5889321808E+01  3.3020413743E-01
H47       3.8220284220E-02  3.9850269721E-05  5.8582107067E-01 -5.9037013531E-01  1.5430673159E-01
H48       2.0544643040E-02  3.8033086429E-05  5.9321444052E-01 -5.9782091675E-01  1.5940695461E-01
H49       3.4139293370E-02  3.0759801265E-05  5.8736340004E-01 -5.9192444131E-01  1.5539707354E-01
H50       1.6038968540E-02  3.6569502985E-05  5.9468990956E-01 -5.9930784322E-01  1.5877821705E-01
H51       3.7469945950E-02  3.7174133960E-05  5.8605674978E-01 -5.9060764453E-01  1.5428414877E-01
H52       3.1446152930E-02  2.6181304467E-05  5.8828374538E-01 -5.9285193338E-01  1.5575795165E-01
H53       9.8031792930E-02  3.3738182061E-05  5.8466500237E-01 -5.8920508982E-01  1.3657286294E-01
H54       1.0686679302E-01  2.7324703392E-05  5.8019554644E-01 -5.8470092731E-01  1.3443252688E-01
H55       5.5593002490E-02  2.8325565424E-05  5.8701231762E-01 -5.9157063263E-01  1.4824120246E-01
--------------------------------------------------------------------------------------------------
Total     1.0005686572E+00  7.8666441870E-04  1.5420155002E+03 -1.5539896824E+03
 
1st Largest |L(A)| = 3.8593018993E-04, atom C39     
2nd Largest |L(A)| = 3.5708261323E-04, atom C24     
 
Molecular charge q(Mol) from the wfn file:   1.0000000000E+00
Molecular energy E(Mol) from the wfn file:  -1.5539896308E+03
Molecular virial ratio (-V(Mol)/T(Mol)) from the wfn file:   2.0077652800E+00
Note.  K_Scaled(A) = (1+V(Mol)/T(Mol))*K(A) = (E(Mol)/T(Mol))*K(A)
       Only use K_Scaled(A) data with caution.
 
N_AIMInt(SumA)     =        197.999431
N_Analytic(Mol)    =        197.999970
 
G_AIMInt(SumA)     =       1542.014714
G_Analytic(Mol)    =       1542.015374
 
K_AIMInt(SumA)     =       1542.015500
K_Analytic(Mol)    =       1542.015374
 
L_AIMInt(SumA)     =          0.000787
L_Analytic(Mol)    =          0.000000
 
VenT_AIMInt(SumA)  =      -8462.777636
VenT_Analytic(Mol) =      -8462.794020
 
Some Information About the Atomic Calculations:
----------------------------------------------
  Time(sec) = "Elapsed User Time", in Seconds, for Atom A by AIMInt and, if used, by TWOe
  NProc = Number of Processors Used for AIMInt Job
  BIM = Basin Integration Method
  OAQ = Angular Quadrature Outside of Beta Sphere
  ORQ = Multiple of Default for Radial Quadrature Outside of Beta Sphere
  IAQ = Multiple of Default for Angular Quadrature Inside of Beta Sphere
  IRQ = Multiple of Default for Radial Quadrature Inside of Beta Sphere
  MIR = Maximum Integration Radius
------------------------------------------------------------------------------------------------------
Atom A     Time(sec)   NProc      BIM          OAQ                     ORQ      IAQ      IRQ      MIR
------------------------------------------------------------------------------------------------------
C1            112        8     Proaim(5)    4500(GS4)                  1.00     1.00     1.00    13.00
C2            149        8     Proaim(5)    5400(GS5)                  1.00     1.00     1.00    13.00
C3             96        8     Proaim(5)    4500(GS4)                  1.00     1.00     1.00    13.00
C4             95        8     Proaim(5)    4500(GS4)                  1.00     1.00     1.00    13.00
C5             92        8     Proaim(5)    4500(GS4)                  1.00     1.00     1.00    13.00
C6             88        8     Proaim(5)    4500(GS4)                  1.00     1.00     1.00    13.00
H7             17        8     Proaim(5)    1800(GS4)                  1.00     1.00     1.00    13.00
H8             29        8     Proaim(5)    1800(GS4)                  1.00     1.00     1.00    13.00
H9             35        8     Proaim(5)    4500(GS4)                  1.00     1.00     1.00    13.00
C10            51        8     Proaim(5)    4500(GS4)                  1.00     1.00     1.00    13.00
H11            15        8     Proaim(5)    1800(GS4)                  1.00     1.00     1.00    13.00
H12            16        8     Proaim(5)    1800(GS4)                  1.00     1.00     1.00    13.00
H13            10        8     Proaim(5)    1800(GS4)                  1.00     1.00     1.00    13.00
O14           123        8     Proaim(5)    4500(GS4)                  1.00     1.00     1.00    13.00
Si15          141        8     Proaim(5)    4500(GS4)                  1.00     1.00     1.00    13.00
C16            52        8     Proaim(5)    4500(GS4)                  1.00     1.00     1.00    13.00
H17            11        8     Proaim(5)    1800(GS4)                  1.00     1.00     1.00    13.00
H18            12        8     Proaim(5)    1800(GS4)                  1.00     1.00     1.00    13.00
H19            13        8     Proaim(5)    1800(GS4)                  1.00     1.00     1.00    13.00
C20            50        8     Proaim(5)    4500(GS4)                  1.00     1.00     1.00    13.00
H21            13        8     Proaim(5)    1800(GS4)                  1.00     1.00     1.00    13.00
H22            12        8     Proaim(5)    1800(GS4)                  1.00     1.00     1.00    13.00
H23            12        8     Proaim(5)    1800(GS4)                  1.00     1.00     1.00    13.00
C24            82        8     Proaim(5)    4500(GS4)                  1.00     1.00     1.00    13.00
H25            11        8     Proaim(5)    1800(GS4)                  1.00     1.00     1.00    13.00
H26            12        8     Proaim(5)    1800(GS4)                  1.00     1.00     1.00    13.00
H27            21        8     Proaim(5)    1800(GS4)                  1.00     1.00     1.00    13.00
H28            77        8     Proaim(5)    4500(GS4)                  1.00     1.00     1.00    13.00
C29            45        8     Proaim(5)    4500(GS4)                  1.00     1.00     1.00    13.00
H30            27        8     Proaim(5)    4500(GS4)                  1.00     1.00     1.00    13.00
H31            12        8     Proaim(5)    1800(GS4)                  1.00     1.00     1.00    13.00
H32            13        8     Proaim(5)    1800(GS4)                  1.00     1.00     1.00    13.00
H33            20        8     Proaim(5)    1800(GS4)                  1.00     1.00     1.00    13.00
C34            91        8     Proaim(5)    5400(GS5)                  1.00     1.00     1.00    13.00
O35            55        8     Proaim(5)    4500(GS4)                  1.00     1.00     1.00    13.00
N36            66        8     Proaim(5)    4500(GS4)                  1.00     1.00     1.00    13.00
Al37           77        8     Proaim(5)    4500(GS4)                  1.00     1.00     1.00    13.00
C38            56        8     Proaim(5)    4500(GS4)                  1.00     1.00     1.00    13.00
C39            36        8     Proaim(5)    4500(GS4)                  1.00     1.00     1.00    13.00
O40            44        8     Proaim(5)    4500(GS4)                  1.00     1.00     1.00    13.00
C41            47        8     Proaim(5)    4500(GS4)                  1.00     1.00     1.00    13.00
C42            68        8     Proaim(5)    4500(GS4)                  1.00     1.00     1.00    13.00
C43            36        8     Proaim(5)    4500(GS4)                  1.00     1.00     1.00    13.00
H44            14        8     Proaim(5)    1800(GS4)                  1.00     1.00     1.00    13.00
H45            13        8     Proaim(5)    1800(GS4)                  1.00     1.00     1.00    13.00
O46            30        8     Proaim(5)    4500(GS4)                  1.00     1.00     1.00    13.00
H47            11        8     Proaim(5)    1800(GS4)                  1.00     1.00     1.00    13.00
H48            12        8     Proaim(5)    1800(GS4)                  1.00     1.00     1.00    13.00
H49            12        8     Proaim(5)    1800(GS4)                  1.00     1.00     1.00    13.00
H50            30        8     Proaim(5)    4500(GS4)                  1.00     1.00     1.00    13.00
H51            12        8     Proaim(5)    1800(GS4)                  1.00     1.00     1.00    13.00
H52            16        8     Proaim(5)    1800(GS4)                  1.00     1.00     1.00    13.00
H53            10        8     Proaim(5)    1800(GS4)                  1.00     1.00     1.00    13.00
H54            11        8     Proaim(5)    1800(GS4)                  1.00     1.00     1.00    13.00
H55            15        8     Proaim(5)    1800(GS4)                  1.00     1.00     1.00    13.00
------------------------------------------------------------------------------------------------------
Total        2326
Note:  Total wall clock time is less than total of atomic times if more than one atom
       was calculated at a time
 
Electron Density Critical Point Analysis of Molecular Structure:               
---------------------------------------------------------------                
  NACP = Nuclear Attractor Critical Point                                      
  NNACP = Non-Nuclear Attractor Critical Point                                 
  BCP = Bond Critical Point                                                    
  RCP = Ring Critical Point                                                    
  CCP = Cage Critical Point                                                    
  Rho = Electron Density                                                       
  GradRho = Gradient of Electron Density                                       
  HessRho_EigVals = Eigenvalues of the Hessian of Rho, Ascending Order         
  HessRho_EigVecs = Eigenvectors of the Hessian of Rho                         
  DelSqRho = Laplacian of Rho = Trace of Hessian of Rho                        
  Bond Ellipticity = (HessRho_EigVal(1) / HessRho_EigVal(2)) - 1               
  V = Virial Field = Potential Energy Density = Trace of Stress Tensor         
  G = Lagrangian Form of Kinetic Energy Density                                
  K = Hamiltonian Form of Kinetic Energy Density                               
  L = K - G = Lagrangian Density = (-1/4)DelSqRho                              
  Vnuc = Electrostatic Potential from Nuclei                                   
  Ven = Electron-nuclear attractive contribution to Virial Field V             
  Vrep = V - Ven = Repulsive contribution to Virial Field V                    
  DelSqV = Laplacian of V                                                      
  DelSqVen = Laplacian of Ven                                                  
  DelSqVrep = Laplacian of Vrep                                                
  DelSqG = Laplacian of G                                                      
  DelSqK = Laplacian of K                                                      
  Stress_EigVals = Eigenvalues of Stress Tensor, Ascending Order               
  Stress_EigVecs = Eigenvectors of Stress Tensor                               
  -DivStress = Ehrenfest Force Density = Minus Divergence of Stress Tensor     
  ESP = Total Electrostatic Potential                                          
  ESPe = Electrostatic Potential from Electrons                                
  ESPn = Electrostatic Potential from Nuclei                                   
  BP = Bond Path                                                               
  BPL = Bond Path Length                                                       
  GBL = Geometric Bond Length                                                  
  GBL_I = Distance Between Nuclear Attractors                                  
  GBL_II = Distance Between Nuclei                                             
  GBL_III = Sum of Distances Between BCP and Nuclear Attractors                
  GBL_IV = Sum of Distances Between BCP and Nuclei                             

CP# 1      Coords = -3.18447553825834E+00  2.32736590737631E+00 -2.05626014568941E+00
           Type = (3,-3) NACP C1
           Rho =  1.1766586921E+02     Rho at Nucleus =  1.1766586919E+02
           GradRho = -7.0770195260E-12  3.8952119308E-11 -3.8764019772E-11
           HessRho_EigVals = -1.4499743961E+05 -1.4499699737E+05 -1.4499697525E+05
           HessRho_EigVec1 = -5.9731110367E-01  8.0158249904E-01  2.6171409239E-02
           HessRho_EigVec2 = -5.8427651095E-02 -7.6037446909E-02  9.9539163963E-01
           HessRho_EigVec3 =  7.9987852517E-01  5.9302934488E-01  9.2252593911E-02
           DelSqRho = -4.3499141223E+05
           Bond Ellipticity = NA
           V = -1.0875822669E+05
           G =  5.1868172083E+00
           K =  1.0875303987E+05
           L =  1.0874785306E+05
           Vnuc =  1.0984656442E+07
           Ven = -1.2925191482E+09
           Vrep =  1.2924103900E+09
           DelSqV =  2.4951471451E+09
           DelSqVen =  4.7782302843E+12
           DelSqVrep = -4.7757351371E+12
           DelSqG =  1.3403258940E+08
           DelSqK = -2.6291797345E+09
           Stress_EigVals = -3.6252911366E+04 -3.6252863429E+04 -3.6252451897E+04
           Stress_EigVec1 = -5.3875658552E-01 -5.2353745783E-01  6.6003778059E-01
           Stress_EigVec2 =  5.4193833537E-01  3.8447170113E-01  7.4731810609E-01
           Stress_EigVec3 = -6.4501486977E-01  7.6032232723E-01  7.6588357465E-02
           -DivStress = -2.1140459507E+02 -3.1005611099E+02  2.4293003750E+02
           ESP =  -1.4666433786E+01     ESP at Nucleus =  -1.4666433792E+01
           ESPe = -4.0357928443E+01     ESPe at Nucleus = -4.0357929412E+01
           ESPn =  2.5691494656E+01     ESPn at Nucleus =  2.5691495620E+01

CP# 2      Coords = -4.37389700647396E+00  1.09489297858321E+00 -1.73658563163843E-01
           Type = (3,-3) NACP C2
           Rho =  1.1764214881E+02     Rho at Nucleus =  1.1764214571E+02
           GradRho = -4.2974984682E-11 -2.0217161278E-13 -3.3206770667E-13
           HessRho_EigVals = -1.4494476549E+05 -1.4494431575E+05 -1.4494296055E+05
           HessRho_EigVec1 =  7.0898184296E-01  6.3566087382E-01  3.0541774645E-01
           HessRho_EigVec2 = -6.7831947318E-01  7.3314973331E-01  4.8725361481E-02
           HessRho_EigVec3 = -1.9294413350E-01 -2.4171620145E-01  9.5097099814E-01
           DelSqRho = -4.3483204179E+05
           Bond Ellipticity = NA
           V = -1.0871795508E+05
           G =  4.9723151137E+00
           K =  1.0871298276E+05
           L =  1.0870801045E+05
           Vnuc =  9.1745343943E+05
           Ven = -1.0793119405E+08
           Vrep =  1.0782247610E+08
           DelSqV =  2.4942041673E+09
           DelSqVen =  3.9893815142E+11
           DelSqVrep = -3.9644394726E+11
           DelSqG =  1.3395863455E+08
           DelSqK = -2.6281628018E+09
           Stress_EigVals = -3.6239730775E+04 -3.6239155998E+04 -3.6239068305E+04
           Stress_EigVec1 = -2.3263686364E-01 -2.7100198534E-01  9.3404390347E-01
           Stress_EigVec2 =  6.9538166034E-01  6.2508724815E-01  3.5455645342E-01
           Stress_EigVec3 =  6.7994443606E-01 -7.3199990174E-01 -4.3031473614E-02
           -DivStress =  3.5226183184E+03  3.9470314393E+03 -3.1608718819E+02
           ESP =  -1.4586647361E+01     ESP at Nucleus =  -1.4586647581E+01
           ESPe = -4.3049786026E+01     ESPe at Nucleus = -4.3049782988E+01
           ESPn =  2.8463138665E+01     ESPn at Nucleus =  2.8463135407E+01

CP# 3      Coords = -3.81635836830491E+00  1.40913694169140E+00  2.53967216317591E+00
           Type = (3,-3) NACP C3
           Rho =  1.1768886043E+02     Rho at Nucleus =  1.1768886023E+02
           GradRho = -3.7224257010E-10 -3.8019676296E-10 -8.6499013507E-10
           HessRho_EigVals = -1.4502241039E+05 -1.4502191540E+05 -1.4502152598E+05
           HessRho_EigVec1 =  9.5524703364E-01 -2.9336389672E-01 -3.7956933775E-02
           HessRho_EigVec2 = -1.8255823600E-02 -1.8653657677E-01  9.8227838744E-01
           HessRho_EigVec3 =  2.9524537189E-01  9.3762558072E-01  1.8354411117E-01
           DelSqRho = -4.3506585177E+05
           Bond Ellipticity = NA
           V = -1.0877678526E+05
           G =  5.1611576867E+00
           K =  1.0877162410E+05
           L =  1.0876646294E+05
           Vnuc =  3.6168682138E+06
           Ven = -4.2566509841E+08
           Vrep =  4.2555632162E+08
           DelSqV =  2.4955675377E+09
           DelSqVen =  1.5735759176E+12
           DelSqVrep = -1.5710803828E+12
           DelSqG =  1.3405152789E+08
           DelSqK = -2.6296190656E+09
           Stress_EigVals = -3.6259175825E+04 -3.6258993917E+04 -3.6258615516E+04
           Stress_EigVec1 =  2.8535948387E-01  9.2146726957E-01  2.6356789651E-01
           Stress_EigVec2 =  3.7708520604E-02 -2.8558383247E-01  9.5761158207E-01
           Stress_EigVec3 =  9.5767845984E-01 -2.6332479135E-01 -1.1624122255E-01
           -DivStress =  4.9638000686E+02  4.7430466188E+02  1.1597564547E+03
           ESP =  -1.4652331268E+01     ESP at Nucleus =  -1.4652331284E+01
           ESPe = -4.1225143772E+01     ESPe at Nucleus = -4.1225142382E+01
           ESPn =  2.6572812504E+01     ESPn at Nucleus =  2.6572811097E+01

CP# 4      Coords = -3.10052928908512E+00  3.57805141490986E+00  3.64203488469411E+00
           Type = (3,-3) NACP C4
           Rho =  1.1768980101E+02     Rho at Nucleus =  1.1768980086E+02
           GradRho =  2.6737612124E-10  2.8984448175E-10  5.9676916186E-10
           HessRho_EigVals = -1.4501746309E+05 -1.4501623232E+05 -1.4501599478E+05
           HessRho_EigVec1 =  9.5898897126E-01 -1.9735589273E-01 -2.0344730182E-01
           HessRho_EigVec2 =  1.7300947854E-01 -1.6098092175E-01  9.7167528690E-01
           HessRho_EigVec3 =  2.2451697786E-01  9.6702419537E-01  1.2023448845E-01
           DelSqRho = -4.3504969019E+05
           Bond Ellipticity = NA
           V = -1.0877257867E+05
           G =  5.0780620024E+00
           K =  1.0876750061E+05
           L =  1.0876242255E+05
           Vnuc =  4.1160064110E+06
           Ven = -4.8441197547E+08
           Vrep =  4.8430320289E+08
           DelSqV =  2.4954658372E+09
           DelSqVen =  1.7906673254E+12
           DelSqVrep = -1.7881718268E+12
           DelSqG =  1.3403995464E+08
           DelSqK = -2.6295057919E+09
           Stress_EigVals = -3.6257806415E+04 -3.6257665649E+04 -3.6257106607E+04
           Stress_EigVec1 =  2.4676916886E-01  9.4267175048E-01  2.2466630397E-01
           Stress_EigVec2 =  1.3307121044E-01 -2.6260241454E-01  9.5568406120E-01
           Stress_EigVec3 =  9.5989428077E-01 -2.0593674446E-01 -1.9024465046E-01
           -DivStress = -4.3765676548E+02 -4.5024551733E+02 -1.0096936658E+03
           ESP =  -1.4643007436E+01     ESP at Nucleus =  -1.4643007449E+01
           ESPe = -3.8942807707E+01     ESPe at Nucleus = -3.8942809426E+01
           ESPn =  2.4299800271E+01     ESPn at Nucleus =  2.4299801977E+01

CP# 5      Coords =  1.90256144025590E+00 -3.56736267038638E+00 -1.20756271254154E+00
           Type = (3,-3) NACP C5
           Rho =  1.1761843902E+02     Rho at Nucleus =  1.1761843856E+02
           GradRho =  2.8392998508E-09  2.1924401183E-09  7.0986916345E-10
           HessRho_EigVals = -1.4492902482E+05 -1.4492873624E+05 -1.4492842212E+05
           HessRho_EigVec1 =  7.5608990514E-01  6.5443429947E-01 -6.6183851981E-03
           HessRho_EigVec2 = -4.4696238897E-01  5.2372484646E-01  7.2521507710E-01
           HessRho_EigVec3 =  4.7807183372E-01 -5.4536962959E-01  6.8849058739E-01
           DelSqRho = -4.3478618318E+05
           Bond Ellipticity = NA
           V = -1.0870707894E+05
           G =  5.2665709434E+00
           K =  1.0870181236E+05
           L =  1.0869654579E+05
           Vnuc =  2.3793404558E+06
           Ven = -2.7985431030E+08
           Vrep =  2.7974560322E+08
           DelSqV =  2.4939661447E+09
           DelSqVen =  1.0345043640E+12
           DelSqVrep = -1.0320103979E+12
           DelSqG =  1.3395931333E+08
           DelSqK = -2.6279254580E+09
           Stress_EigVals = -3.6235899817E+04 -3.6235694676E+04 -3.6235484443E+04
           Stress_EigVec1 = -5.1898815169E-01  4.9101842330E-01 -6.9968007431E-01
           Stress_EigVec2 =  6.7457829326E-01  7.3799494953E-01  1.7537979685E-02
           Stress_EigVec3 = -5.2497183226E-01  4.6288698670E-01  7.1424100476E-01
           -DivStress = -1.5849753523E+03 -1.2266644182E+03 -3.9142307695E+02
           ESP =  -1.4585080340E+01     ESP at Nucleus =  -1.4585080370E+01
           ESPe = -4.1695414828E+01     ESPe at Nucleus = -4.1695412052E+01
           ESPn =  2.7110334488E+01     ESPn at Nucleus =  2.7110331681E+01

CP# 6      Coords = -1.65325338838599E-02 -3.12290885420854E+00 -2.85904779905510E+00
           Type = (3,-3) NACP C6
           Rho =  1.1777400590E+02     Rho at Nucleus =  1.1777400582E+02
           GradRho = -2.0649371102E-11 -1.7722712187E-10  2.2332791172E-10
           HessRho_EigVals = -1.4511752531E+05 -1.4511459174E+05 -1.4511436102E+05
           HessRho_EigVec1 = -5.0991971155E-01  4.9955843635E-01  7.0030226077E-01
           HessRho_EigVec2 =  8.4401337001E-01  1.3325650446E-01  5.1950373941E-01
           HessRho_EigVec3 =  1.6620264440E-01  8.5596966809E-01 -4.8958411770E-01
           DelSqRho = -4.3534647807E+05
           Bond Ellipticity = NA
           V = -1.0884663141E+05
           G =  5.0059482244E+00
           K =  1.0884162547E+05
           L =  1.0883661952E+05
           Vnuc =  5.5990212154E+06
           Ven = -6.5941915768E+08
           Vrep =  6.5931031104E+08
           DelSqV =  2.4971536565E+09
           DelSqVen =  2.4375138714E+12
           DelSqVrep = -2.4350167177E+12
           DelSqG =  1.3412605131E+08
           DelSqK = -2.6312797078E+09
           Stress_EigVals = -3.6282590460E+04 -3.6282534706E+04 -3.6281506248E+04
           Stress_EigVec1 = -2.0211408332E-01  7.2332890583E-01 -6.6026145679E-01
           Stress_EigVec2 =  8.3751941002E-01  4.7711472883E-01  2.6631329929E-01
           Stress_EigVec3 = -5.0765257329E-01  4.9915611738E-01  7.0223360451E-01
           -DivStress =  8.0379149509E+01  5.6824501536E+02 -6.5959049535E+02
           ESP =  -1.4565980646E+01     ESP at Nucleus =  -1.4565980644E+01
           ESPe = -4.0716730587E+01     ESPe at Nucleus = -4.0716730013E+01
           ESPn =  2.6150749941E+01     ESPn at Nucleus =  2.6150749369E+01

CP# 7      Coords = -4.09489910072150E+00 -2.45035041597113E-01  3.67538129863670E+00
           Type = (3,-3) NACP H7
           Rho =  4.2614556736E-01     Rho at Nucleus =  4.2254121931E-01
           GradRho =  3.0513785942E-15  4.0683602320E-15 -2.0825355329E-15
           HessRho_EigVals = -6.5124018776E+00 -6.5051110012E+00 -5.9174373932E+00
           HessRho_EigVec1 =  2.8982596423E-01  5.1183125588E-01  8.0872101244E-01
           HessRho_EigVec2 =  9.4719767876E-01 -2.7450510593E-01 -1.6572116389E-01
           HessRho_EigVec3 =  1.3717677575E-01  8.1404896187E-01 -5.6436408450E-01
           DelSqRho = -1.8934950272E+01
           Bond Ellipticity = NA
           V = -4.7433249619E+00
           G =  4.7936969530E-03
           K =  4.7385312649E+00
           L =  4.7337375680E+00
           Vnuc =  5.5500891209E+01
           Ven = -2.3651458773E+01
           Vrep =  1.8908133811E+01
           DelSqV =  7.1371893024E+02
           DelSqVen =  1.0509066151E+03
           DelSqVrep = -3.3718768486E+02
           DelSqG =  7.0468869678E+01
           DelSqK = -7.8418779992E+02
           Stress_EigVals = -1.6312268438E+00 -1.6306355447E+00 -1.4814625734E+00
           Stress_EigVec1 =  1.1822409358E-01  5.5077819827E-01  8.2623631002E-01
           Stress_EigVec2 =  9.8343201339E-01 -1.8009585539E-01 -2.0662959769E-02
           Stress_EigVec3 =  1.3742102725E-01  8.1499009759E-01 -5.6294458172E-01
           -DivStress = -1.0853572678E+00 -6.3765120585E+00  4.4020267627E+00
           ESP =  -1.0167874293E+00     ESP at Nucleus =  -1.0192114156E+00
           ESPe = -2.7497833813E+01     ESPe at Nucleus = -2.7404535741E+01
           ESPn =  2.6481046383E+01     ESPn at Nucleus =  2.6385324326E+01

CP# 8      Coords = -2.94597577631375E+00  5.24507098422429E+00  2.50232963670391E+00
           Type = (3,-3) NACP H8
           Rho =  4.2691438492E-01     Rho at Nucleus =  4.2321483277E-01
           GradRho = -1.9402882079E-15 -8.2646563204E-15  3.4828910589E-15
           HessRho_EigVals = -6.5150371252E+00 -6.5076114772E+00 -5.9097323532E+00
           HessRho_EigVec1 =  3.0002171151E-01  5.2272653562E-01  7.9796236852E-01
           HessRho_EigVec2 =  9.5109909209E-01 -2.2833799621E-01 -2.0801989451E-01
           HessRho_EigVec3 =  7.3467609480E-02  8.2135176900E-01 -5.6567108987E-01
           DelSqRho = -1.8932380956E+01
           Bond Ellipticity = NA
           V = -4.7423392762E+00
           G =  4.6220186481E-03
           K =  4.7377172575E+00
           L =  4.7330952389E+00
           Vnuc =  5.3212485626E+01
           Ven = -2.2717175571E+01
           Vrep =  1.7974836295E+01
           DelSqV =  7.1302771461E+02
           DelSqVen =  1.0074390495E+03
           DelSqVrep = -2.9441133484E+02
           DelSqG =  7.0317070146E+01
           DelSqK = -7.8334478475E+02
           Stress_EigVals = -1.6320469152E+00 -1.6308412005E+00 -1.4794511605E+00
           Stress_EigVec1 =  2.5099977181E-01  5.3232214604E-01  8.0847526084E-01
           Stress_EigVec2 =  9.6523494861E-01 -2.0057638108E-01 -1.6760253379E-01
           Stress_EigVec3 =  7.2942501545E-02  8.2243677458E-01 -5.6416056516E-01
           -DivStress =  5.7732817421E-01  6.5129332738E+00 -4.4807997306E+00
           ESP =  -1.0201014478E+00     ESP at Nucleus =  -1.0225688772E+00
           ESPe = -2.5597130070E+01     ESPe at Nucleus = -2.5510949333E+01
           ESPn =  2.4577028622E+01     ESPn at Nucleus =  2.4488380455E+01

CP# 9      Coords = -1.69712801966893E+00  3.62613269679411E+00 -1.66435974051459E+00
           Type = (3,-3) NACP H9
           Rho =  4.2335891821E-01     Rho at Nucleus =  4.1961650281E-01
           GradRho = -1.4437236129E-15 -2.3006770100E-15 -5.8633653488E-16
           HessRho_EigVals = -6.4431083915E+00 -6.4359940303E+00 -5.8424649901E+00
           HessRho_EigVec1 = -3.3203589059E-02 -2.5064629187E-01  9.6750915140E-01
           HessRho_EigVec2 = -6.7369706825E-01  7.2067586338E-01  1.6358043948E-01
           HessRho_EigVec3 =  7.3826132359E-01  6.4637662111E-01  1.9278869721E-01
           DelSqRho = -1.8721567412E+01
           Bond Ellipticity = NA
           V = -4.6903733674E+00
           G =  4.9907572000E-03
           K =  4.6853826102E+00
           L =  4.6803918530E+00
           Vnuc =  5.4836959364E+01
           Ven = -2.3215715794E+01
           Vrep =  1.8525342427E+01
           DelSqV =  7.0468518266E+02
           DelSqVen =  1.0266338314E+03
           DelSqVrep = -3.2194864873E+02
           DelSqG =  6.9345479231E+01
           DelSqK = -7.7403066189E+02
           Stress_EigVals = -1.6141673819E+00 -1.6140513433E+00 -1.4621546421E+00
           Stress_EigVec1 = -6.7317454579E-01  6.9822421148E-01  2.4355488375E-01
           Stress_EigVec2 =  2.3779214546E-02 -3.0874856324E-01  9.5084639856E-01
           Stress_EigVec3 =  7.3910119730E-01  6.4587713630E-01  1.9123845050E-01
           -DivStress =  5.8550375628E+00  5.1252865002E+00  1.5290883843E+00
           ESP =  -1.0174440994E+00     ESP at Nucleus =  -1.0199386164E+00
           ESPe = -2.7537693328E+01     ESPe at Nucleus = -2.7466036902E+01
           ESPn =  2.6520249228E+01     ESPn at Nucleus =  2.6446098285E+01

CP# 10     Coords = -2.53679594257303E+00  3.89008831984411E+00  6.40049695451633E+00
           Type = (3,-3) NACP C10
           Rho =  1.1751066278E+02     Rho at Nucleus =  1.1751066268E+02
           GradRho =  5.8659327395E-12 -1.3137227417E-11 -3.1079516738E-10
           HessRho_EigVals = -1.4479882006E+05 -1.4479850770E+05 -1.4479839778E+05
           HessRho_EigVec1 =  2.2431107929E-01 -5.4108177550E-03  9.7450257196E-01
           HessRho_EigVec2 =  9.7451456205E-01 -1.2487312128E-03 -2.2432077262E-01
           HessRho_EigVec3 =  2.4306505978E-03  9.9998458174E-01  4.9928164488E-03
           DelSqRho = -4.3439572553E+05
           Bond Ellipticity = NA
           V = -1.0860944642E+05
           G =  5.2575196124E+00
           K =  1.0860418890E+05
           L =  1.0859893138E+05
           Vnuc =  5.2361554200E+06
           Ven = -6.1530409382E+08
           Vrep =  6.1519548437E+08
           DelSqV =  2.4917399561E+09
           DelSqVen =  2.2745628017E+12
           DelSqVrep = -2.2720711928E+12
           DelSqG =  1.3384162286E+08
           DelSqK = -2.6255815790E+09
           Stress_EigVals = -3.6203205269E+04 -3.6203169301E+04 -3.6203071853E+04
           Stress_EigVec1 =  3.1203456034E-02  9.9943342952E-01 -1.2616033270E-02
