AIMSum (Version 19.02.13, Professional)
Copyright (c) 1997-2019 by Todd A. Keith
AIMSum is a component of the AIMAll package ( http://aim.tkgristmill.com )

TP:  64-bit Linux

Much of the Quantum Theory of Atoms in Molecules (QTAIM) is described in the book:
  "Atoms in Molecules - A Quantum Theory"
  R.F.W. Bader, Oxford University Press, Oxford, 1990

For additional references see:  http://aim.tkgristmill.com/references.html

Wfn File:  /home/mhennefarth/Documents/ML_Diels/summary-lam2009/5-opt/5-opt.wfn
Sum File:  /home/mhennefarth/Documents/ML_Diels/summary-lam2009/5-opt/5-opt.sum

SumViz File:  /home/mhennefarth/Documents/ML_Diels/summary-lam2009/5-opt/5-opt.sumviz

Wfn Title:   Title Card Required                                                           
 
Total memory allocated for AIMSum =        3.185 Megabytes

Atomic units (a.u.) used throughout, except where stated otherwise

Model:  Restricted SCF
 
Restricted, closed-shell, single-determinant wavefunction.
  Number of electrons (from MO Occs)                   =         174.0000000000
  Number of Alpha electrons (from MO Occs)             =          87.0000000000
  Number of Beta electrons (from MO Occs)              =          87.0000000000
  Number of electron pairs (N*(N-1)/2)                 =       15051.0000000000
  Number of electron pairs (from Muller 2EDM)          =       15051.0000000000
 
Nuclear Charges and Cartesian Coordinates:
-------------------------------------------------------------------------------
Atom      Charge                X                  Y                  Z
-------------------------------------------------------------------------------
C1         6.0           8.7821243200E+00  -2.3392551200E+00  -6.0279515000E-01
C2         6.0           7.1431971300E+00  -4.2442447000E-01  -2.7611445000E-01
C3         6.0           7.0579083500E+00   1.2810533200E+00   1.9191294500E+00
C4         6.0           9.0715530900E+00   2.1008984300E+00   3.2227708800E+00
C5         6.0          -1.6303645600E+00  -3.8628180100E+00   2.7839164000E-01
C6         6.0           8.4197877000E-01  -3.8572842600E+00  -4.0427677000E-01
H7         1.0           5.1742416000E+00   1.9083588200E+00   2.4817895100E+00
H8         1.0           1.7002730400E+00  -2.1203086500E+00  -1.1097954300E+00
H9         1.0          -2.5060783400E+00  -5.5723439900E+00   9.9141900000E-01
H10        1.0           1.0950927010E+01   1.5485072300E+00   2.5842371500E+00
H11        1.0           1.0086696390E+01  -2.7122999100E+00   9.4081489000E-01
C12        6.0          -3.1337656000E+00  -1.6051760700E+00   6.3556020000E-02
O13        8.0          -2.2578712200E+00   4.5051642000E-01  -7.3637752000E-01
N14        7.0          -5.6707980600E+00  -1.7296890700E+00   7.8591202000E-01
Al15      13.0          -3.6050584700E+00   3.7693944300E+00  -1.3234792300E+00
C16        6.0          -7.0227733600E+00  -4.0067692800E+00   1.6727395000E+00
C17        6.0          -7.3375713000E+00   2.8361502000E-01   5.7417478000E-01
O18        8.0          -6.8535672000E+00   2.4271832500E+00  -2.0533494000E-01
C19        6.0          -2.3671650300E+00   5.9962126200E+00   1.3396920800E+00
C20        6.0          -3.8130116300E+00   4.3039987700E+00  -4.9626224000E+00
C21        6.0          -9.6515157800E+00  -2.9156138400E+00   2.3111873700E+00
H22        1.0          -6.0962846800E+00  -4.8093023200E+00   3.3316908000E+00
H23        1.0          -7.0960373600E+00  -5.4216199000E+00   1.6929645000E-01
O24        8.0          -9.6167921200E+00  -3.4813600000E-01   1.3201874000E+00
H25        1.0          -3.4821104800E+00   7.7429483000E+00   1.4296043400E+00
H26        1.0          -2.4288585700E+00   5.1405576300E+00   3.2275995600E+00
H27        1.0          -4.0331341000E-01   6.5680930200E+00   9.9534667000E-01
H28        1.0          -4.5466766700E+00   2.6632619500E+00  -5.9964014100E+00
H29        1.0          -5.0524842300E+00   5.9060405100E+00  -5.4095366800E+00
H30        1.0          -1.9570562400E+00   4.7526123700E+00  -5.7729537400E+00
H31        1.0          -1.0005499310E+01  -2.7769258300E+00   4.3375828800E+00
H32        1.0          -1.1203275710E+01  -3.9054724100E+00   1.3890671600E+00
C33        6.0           8.9934019000E+00  -3.9796016500E+00  -2.9048089400E+00
H34        1.0           1.0891779090E+01  -3.8396299100E+00  -3.7309738600E+00
H35        1.0           8.7141628300E+00  -5.9840160400E+00  -2.4402913300E+00
H36        1.0           7.6198532900E+00  -3.4407471200E+00  -4.3494762100E+00
C37        6.0           8.9622455200E+00   3.7495230500E+00   5.5225873900E+00
H38        1.0           7.0184639200E+00   4.2636618200E+00   6.0114479500E+00
H39        1.0           9.8079740400E+00   2.7957539400E+00   7.1605634100E+00
H40        1.0           1.0046848780E+01   5.4950543300E+00   5.2386327100E+00
C41        6.0           2.5344177900E+00  -6.0827100800E+00  -2.4558505000E-01
H42        1.0           3.2576017400E+00  -6.5308277700E+00  -2.1402396900E+00
H43        1.0           4.2148851100E+00  -5.5823417900E+00   8.6625664000E-01
H44        1.0           1.6264777000E+00  -7.7563069400E+00   5.5472751000E-01
O45        8.0           5.2347369000E+00  -4.8936750000E-02  -2.0633196600E+00
C46        6.0           5.2900068700E+00   2.3615957600E+00  -3.2905028000E+00
H47        1.0           7.0448467300E+00   2.5954754100E+00  -4.3670541600E+00
H48        1.0           3.6827126300E+00   2.3970728900E+00  -4.5865054500E+00
H49        1.0           5.1252279400E+00   3.9159598800E+00  -1.9293863900E+00
 
Some Atomic Properties:
----------------------
  q(A) = Net Charge of Atom A
  L(A) = Lagrangian of Atom A = -(1/4) Times Atomic Integral of the Laplacian of the Electron Density
  K(A) = Electronic Kinetic Energy of Atom A (Hamiltonian Form)
  K_Scaled(A) = K(A) * E(Mol)/K(Mol) = Approximation to Virial-Based Total Energy of Atom A.
  |Mu_Intra(A)| = Magnitude of Intraatomic Dipole Moment of Atom A
--------------------------------------------------------------------------------------------------
Atom A          q(A)              L(A)              K(A)          K_Scaled(A)      |Mu_Intra(A)|
--------------------------------------------------------------------------------------------------
C1       -3.4567448900E-02  3.3839839352E-05  3.7708730647E+01 -3.8029651176E+01  1.4748044764E-01
C2        4.3542815890E-01  7.2199184925E-05  3.7441766703E+01 -3.7760415233E+01  6.6445127179E-01
C3       -5.2317153500E-02 -3.0877756826E-04  3.7733504042E+01 -3.8054635406E+01  9.9685217275E-02
C4       -3.2535698900E-02  9.3274049735E-05  3.7706550798E+01 -3.8027452776E+01  7.7531354923E-02
C5       -2.7321977500E-02 -1.6214654088E-04  3.7728767755E+01 -3.8049858811E+01  2.1125709405E-01
C6        7.7383555000E-03 -1.1968765607E-04  3.7722299115E+01 -3.8043335118E+01  1.6099585434E-01
H7        2.6092460620E-02  2.1907197434E-05  6.0221001177E-01 -6.0733512610E-01  1.5780896000E-01
H8        1.7118384380E-01  8.0019753442E-05  5.5036868822E-01 -5.5505260645E-01  1.1233225082E-01
H9        6.4503677620E-02  6.3575969457E-05  5.9158072369E-01 -5.9661537735E-01  1.3815658681E-01
H10       4.4494546750E-02  4.1285106580E-05  5.9734069118E-01 -6.0242436510E-01  1.4961678506E-01
H11       4.5749351900E-02  2.6151056955E-05  5.9693972937E-01 -6.0201999091E-01  1.4949649091E-01
C12       1.3174706106E+00 -4.0961175448E-05  3.6860152622E+01 -3.7173851319E+01  8.6364940272E-01
O13      -1.3103296512E+00  6.9455117465E-05  7.5347125386E+01 -7.5988367850E+01  3.0587206683E-01
N14      -1.1745727031E+00 -5.8190565659E-05  5.4976852151E+01 -5.5444733201E+01  1.1540629371E-01
Al15      2.3965092640E+00  3.2668477426E-05  2.4087176477E+02 -2.4292170634E+02  9.5789010969E-02
C16       3.0782002230E-01 -2.4092905169E-04  3.7527758059E+01 -3.7847138419E+01  5.1791385424E-01
C17       2.0758426841E+00 -4.3185520783E-04  3.6391480197E+01 -3.6701190254E+01  2.5652496689E-01
O18      -1.2979118839E+00  3.0199492928E-05  7.5374694269E+01 -7.6016171358E+01  4.0013559765E-01
C19      -8.2126441840E-01  3.6381264976E-05  3.7894684183E+01 -3.8217187272E+01  1.2729581529E+00
C20      -8.2298283540E-01  1.8753062279E-05  3.7895248398E+01 -3.8217756289E+01  1.2746953231E+00
C21       4.0459613060E-01 -1.0474266171E-04  3.7464364815E+01 -3.7783205666E+01  5.7827516964E-01
H22       8.5785948780E-02  2.9010733646E-05  5.8772060078E-01 -5.9272240283E-01  1.3695952800E-01
H23       8.2446328250E-02  3.1679732363E-05  5.8893305941E-01 -5.9394518010E-01  1.3870046639E-01
O24      -1.0566304345E+00  8.2134696046E-05  7.5306646698E+01 -7.5947544668E+01  3.3381153060E-01
H25       3.9222236570E-02  2.7897617019E-05  5.8541225098E-01 -5.9039440780E-01  1.5393606570E-01
H26       1.9196767650E-02  3.1300118115E-05  5.9373369587E-01 -5.9878667242E-01  1.5965225066E-01
H27       3.1562726650E-02  2.6753946707E-05  5.8834974235E-01 -5.9335689871E-01  1.5559622379E-01
H28       2.1880780560E-02  3.3360340030E-05  5.9274113215E-01 -5.9778566148E-01  1.5899199693E-01
H29       3.9551800160E-02  2.7328500899E-05  5.8526608963E-01 -5.9024700254E-01  1.5385066925E-01
H30       3.1347769090E-02  3.9231534034E-05  5.8834593358E-01 -5.9335305753E-01  1.5563937437E-01
H31       9.9976203600E-02  2.9040738413E-05  5.8389642946E-01 -5.8886568586E-01  1.3612958944E-01
H32       1.0842400248E-01  2.7398806635E-05  5.7966678832E-01 -5.8460004832E-01  1.3418987016E-01
C33      -1.5449598400E-02 -7.7326715902E-05  3.7675716625E+01 -3.7996356188E+01  1.1652589882E-01
H34       3.6694179170E-02  2.9244268426E-05  5.9514598307E-01 -6.0021097891E-01  1.4913577852E-01
H35       1.5270396550E-02  1.3540359142E-05  6.0357900103E-01 -6.0871576615E-01  1.5370945228E-01
H36       3.4907785270E-02  4.2644563693E-05  6.0030216027E-01 -6.0541103781E-01  1.4503481427E-01
C37      -1.5797710400E-02 -3.2973563666E-05  3.7680690916E+01 -3.8001372813E+01  1.0583313176E-01
H38       1.7988303830E-02  1.6082887013E-05  6.0339212290E-01 -6.0852729760E-01  1.5258816497E-01
H39       3.5686528930E-02  2.4139222857E-05  5.9495807086E-01 -6.0002146747E-01  1.4991564536E-01
H40       3.6340073270E-02  2.4054710258E-05  5.9513464095E-01 -6.0019954026E-01  1.4950854615E-01
C41      -2.7642268400E-02  4.1122813021E-06  3.7705119514E+01 -3.8026009310E+01  1.7817938298E-01
H42       8.2386330810E-02  1.4014856781E-05  5.7376717812E-01 -5.7865022943E-01  1.3843017591E-01
H43       9.0699977770E-02  3.9133506189E-05  5.7048897314E-01 -5.7534412525E-01  1.3705913957E-01
H44       4.1782753730E-02  1.8830986555E-05  5.9427814855E-01 -5.9933575868E-01  1.4647360304E-01
O45      -1.1102232583E+00  1.2796496674E-05  7.5178884894E+01 -7.5818695545E+01  1.0452942563E-01
C46       4.4314658840E-01 -1.3855418265E-05  3.7417827369E+01 -3.7736272163E+01  6.0588799333E-01
H47       4.2507412630E-02  3.2304634376E-05  6.0048617931E-01 -6.0559662295E-01  1.5223065821E-01
H48       3.4425616860E-02  3.0129857329E-05  6.0463242595E-01 -6.0977815626E-01  1.4838533798E-01
H49       3.0958556670E-02  2.5387693731E-05  6.0520242164E-01 -6.1035300290E-01  1.5303581291E-01
--------------------------------------------------------------------------------------------------
Total     1.0000711336E+00 -2.6018346419E-04  1.2135645028E+03 -1.2238925556E+03
 
1st Largest |L(A)| = 4.3185520783E-04, atom C17     
2nd Largest |L(A)| = 3.0877756826E-04, atom C3      
 
Molecular charge q(Mol) from the wfn file:   1.0000000000E+00
Molecular energy E(Mol) from the wfn file:  -1.2238927410E+03
Molecular virial ratio (-V(Mol)/T(Mol)) from the wfn file:   2.0085105100E+00
Note.  K_Scaled(A) = (1+V(Mol)/T(Mol))*K(A) = (E(Mol)/T(Mol))*K(A)
       Only use K_Scaled(A) data with caution.
 
N_AIMInt(SumA)     =        173.999929
N_Analytic(Mol)    =        173.999971
 
G_AIMInt(SumA)     =       1213.564763
G_Analytic(Mol)    =       1213.564621
 
K_AIMInt(SumA)     =       1213.564503
K_Analytic(Mol)    =       1213.564621
 
L_AIMInt(SumA)     =         -0.000260
L_Analytic(Mol)    =          0.000000
 
VenT_AIMInt(SumA)  =      -6764.426662
VenT_Analytic(Mol) =      -6764.430399
 
Some Information About the Atomic Calculations:
----------------------------------------------
  Time(sec) = "Elapsed User Time", in Seconds, for Atom A by AIMInt and, if used, by TWOe
  NProc = Number of Processors Used for AIMInt Job
  BIM = Basin Integration Method
  OAQ = Angular Quadrature Outside of Beta Sphere
  ORQ = Multiple of Default for Radial Quadrature Outside of Beta Sphere
  IAQ = Multiple of Default for Angular Quadrature Inside of Beta Sphere
  IRQ = Multiple of Default for Radial Quadrature Inside of Beta Sphere
  MIR = Maximum Integration Radius
------------------------------------------------------------------------------------------------------
Atom A     Time(sec)   NProc      BIM          OAQ                     ORQ      IAQ      IRQ      MIR
------------------------------------------------------------------------------------------------------
C1            130        8     Proaim(5)    4500(GS4)                  1.00     1.00     1.00    13.00
C2            129        8     Proaim(5)    4500(GS4)                  1.00     1.00     1.00    13.00
C3            107        8     Proaim(5)    4500(GS4)                  1.00     1.00     1.00    13.00
C4             43        8     Proaim(5)    4500(GS4)                  1.00     1.00     1.00    13.00
C5             75        8     Proaim(5)    4500(GS4)                  1.00     1.00     1.00    13.00
C6             58        8     Proaim(5)    4500(GS4)                  1.00     1.00     1.00    13.00
H7             38        8     Proaim(5)    1800(GS4)                  1.00     1.00     1.00    13.00
H8             34        8     Proaim(5)    4500(GS4)                  1.00     1.00     1.00    13.00
H9             17        8     Proaim(5)    1800(GS4)                  1.00     1.00     1.00    13.00
H10            11        8     Proaim(5)    1800(GS4)                  1.00     1.00     1.00    13.00
H11            12        8     Proaim(5)    1800(GS4)                  1.00     1.00     1.00    13.00
C12            80        8     Proaim(5)    4500(GS4)                  1.00     1.00     1.00    13.00
O13            52        8     Proaim(5)    4500(GS4)                  1.00     1.00     1.00    13.00
N14            55        8     Proaim(5)    4500(GS4)                  1.00     1.00     1.00    13.00
Al15           78        8     Proaim(5)    4500(GS4)                  1.00     1.00     1.00    13.00
C16            46        8     Proaim(5)    4500(GS4)                  1.00     1.00     1.00    13.00
C17            32        8     Proaim(5)    4500(GS4)                  1.00     1.00     1.00    13.00
O18            38        8     Proaim(5)    4500(GS4)                  1.00     1.00     1.00    13.00
C19            50        8     Proaim(5)    4500(GS4)                  1.00     1.00     1.00    13.00
C20            55        8     Proaim(5)    4500(GS4)                  1.00     1.00     1.00    13.00
C21            32        8     Proaim(5)    4500(GS4)                  1.00     1.00     1.00    13.00
H22            11        8     Proaim(5)    1800(GS4)                  1.00     1.00     1.00    13.00
H23            12        8     Proaim(5)    1800(GS4)                  1.00     1.00     1.00    13.00
O24            27        8     Proaim(5)    4500(GS4)                  1.00     1.00     1.00    13.00
H25            11        8     Proaim(5)    1800(GS4)                  1.00     1.00     1.00    13.00
H26            12        8     Proaim(5)    1800(GS4)                  1.00     1.00     1.00    13.00
H27            40        8     Proaim(5)    4500(GS4)                  1.00     1.00     1.00    13.00
H28            11        8     Proaim(5)    1800(GS4)                  1.00     1.00     1.00    13.00
H29            10        8     Proaim(5)    1800(GS4)                  1.00     1.00     1.00    13.00
H30            30        8     Proaim(5)    4500(GS4)                  1.00     1.00     1.00    13.00
H31             9        8     Proaim(5)    1800(GS4)                  1.00     1.00     1.00    13.00
H32             9        8     Proaim(5)    1800(GS4)                  1.00     1.00     1.00    13.00
C33            82        8     Proaim(5)    4500(GS4)                  1.00     1.00     1.00    13.00
H34             9        8     Proaim(5)    1800(GS4)                  1.00     1.00     1.00    13.00
H35            13        8     Proaim(5)    1800(GS4)                  1.00     1.00     1.00    13.00
H36            17        8     Proaim(5)    1800(GS4)                  1.00     1.00     1.00    13.00
C37            37        8     Proaim(5)    4500(GS4)                  1.00     1.00     1.00    13.00
H38            13        8     Proaim(5)    1800(GS4)                  1.00     1.00     1.00    13.00
H39             9        8     Proaim(5)    1800(GS4)                  1.00     1.00     1.00    13.00
H40             8        8     Proaim(5)    1800(GS4)                  1.00     1.00     1.00    13.00
C41            76        8     Proaim(5)    4500(GS4)                  1.00     1.00     1.00    13.00
H42            19        8     Proaim(5)    1800(GS4)                  1.00     1.00     1.00    13.00
H43            77        8     Proaim(5)    4500(GS4)                  1.00     1.00     1.00    13.00
H44            10        8     Proaim(5)    1800(GS4)                  1.00     1.00     1.00    13.00
O45           118        8     Proaim(5)    4500(GS4)                  1.00     1.00     1.00    13.00
C46           108        8     Proaim(5)    4500(GS4)                  1.00     1.00     1.00    13.00
H47            10        8     Proaim(5)    1800(GS4)                  1.00     1.00     1.00    13.00
H48            30        8     Proaim(5)    4500(GS4)                  1.00     1.00     1.00    13.00
H49            67        8     Proaim(5)    4500(GS4)                  1.00     1.00     1.00    13.00
------------------------------------------------------------------------------------------------------
Total        2057
Note:  Total wall clock time is less than total of atomic times if more than one atom
       was calculated at a time
 
Electron Density Critical Point Analysis of Molecular Structure:               
---------------------------------------------------------------                
  NACP = Nuclear Attractor Critical Point                                      
  NNACP = Non-Nuclear Attractor Critical Point                                 
  BCP = Bond Critical Point                                                    
  RCP = Ring Critical Point                                                    
  CCP = Cage Critical Point                                                    
  Rho = Electron Density                                                       
  GradRho = Gradient of Electron Density                                       
  HessRho_EigVals = Eigenvalues of the Hessian of Rho, Ascending Order         
  HessRho_EigVecs = Eigenvectors of the Hessian of Rho                         
  DelSqRho = Laplacian of Rho = Trace of Hessian of Rho                        
  Bond Ellipticity = (HessRho_EigVal(1) / HessRho_EigVal(2)) - 1               
  V = Virial Field = Potential Energy Density = Trace of Stress Tensor         
  G = Lagrangian Form of Kinetic Energy Density                                
  K = Hamiltonian Form of Kinetic Energy Density                               
  L = K - G = Lagrangian Density = (-1/4)DelSqRho                              
  Vnuc = Electrostatic Potential from Nuclei                                   
  Ven = Electron-nuclear attractive contribution to Virial Field V             
  Vrep = V - Ven = Repulsive contribution to Virial Field V                    
  DelSqV = Laplacian of V                                                      
  DelSqVen = Laplacian of Ven                                                  
  DelSqVrep = Laplacian of Vrep                                                
  DelSqG = Laplacian of G                                                      
  DelSqK = Laplacian of K                                                      
  Stress_EigVals = Eigenvalues of Stress Tensor, Ascending Order               
  Stress_EigVecs = Eigenvectors of Stress Tensor                               
  -DivStress = Ehrenfest Force Density = Minus Divergence of Stress Tensor     
  ESP = Total Electrostatic Potential                                          
  ESPe = Electrostatic Potential from Electrons                                
  ESPn = Electrostatic Potential from Nuclei                                   
  BP = Bond Path                                                               
  BPL = Bond Path Length                                                       
  GBL = Geometric Bond Length                                                  
  GBL_I = Distance Between Nuclear Attractors                                  
  GBL_II = Distance Between Nuclei                                             
  GBL_III = Sum of Distances Between BCP and Nuclear Attractors                
  GBL_IV = Sum of Distances Between BCP and Nuclei                             

CP# 1      Coords =  8.78212460862139E+00 -2.33925607231394E+00 -6.02795992313250E-01
           Type = (3,-3) NACP C1
           Rho =  1.1766706339E+02     Rho at Nucleus =  1.1766706327E+02
           GradRho =  8.7672452631E-11 -3.6167990825E-10 -3.1004032675E-10
           HessRho_EigVals = -1.4499434224E+05 -1.4499369193E+05 -1.4499352082E+05
           HessRho_EigVec1 =  7.4296335540E-01  5.4321839156E-01 -3.9104888647E-01
           HessRho_EigVec2 = -4.9951681842E-03  5.8872115604E-01  8.0832075856E-01
           HessRho_EigVec3 =  6.6931345484E-01 -5.9859934806E-01  4.4011171271E-01
           DelSqRho = -4.3498155500E+05
           Bond Ellipticity = NA
           V = -1.0875567600E+05
           G =  5.1436246407E+00
           K =  1.0875053237E+05
           L =  1.0874538875E+05
           Vnuc =  4.6022230923E+06
           Ven = -5.4153007633E+08
           Vrep =  5.4142132065E+08
           DelSqV =  2.4950842338E+09
           DelSqVen =  2.0018818908E+12
           DelSqVrep = -1.9993868066E+12
           DelSqG =  1.3402442169E+08
           DelSqK = -2.6291086555E+09
           Stress_EigVals = -3.6252106737E+04 -3.6251994174E+04 -3.6251575088E+04
           Stress_EigVec1 = -7.0673707309E-01  6.7873319102E-01 -1.9960953115E-01
           Stress_EigVec2 = -1.5002882059E-01 -4.1950917458E-01 -8.9526722571E-01
           Stress_EigVec3 =  6.9138561058E-01  6.0277135620E-01 -3.9831222632E-01
           -DivStress = -2.3686299937E+02  7.7840186640E+02  6.8986549094E+02
           ESP =  -1.4665146622E+01     ESP at Nucleus =  -1.4665146630E+01
           ESPe = -3.5994227766E+01     ESPe at Nucleus = -3.5994228896E+01
           ESPn =  2.1329081145E+01     ESPn at Nucleus =  2.1329082266E+01

CP# 2      Coords =  7.14319187482540E+00 -4.24422256473999E-01 -2.76117468351073E-01
           Type = (3,-3) NACP C2
           Rho =  1.1764579830E+02     Rho at Nucleus =  1.1764579529E+02
           GradRho =  1.2792295001E-11 -9.6575525355E-13  4.0168979254E-12
           HessRho_EigVals = -1.4495304883E+05 -1.4495197636E+05 -1.4495117519E+05
           HessRho_EigVec1 = -6.6726571961E-01  1.0190966714E-01 -7.3781493559E-01
           HessRho_EigVec2 =  6.4913533339E-01  5.6529414996E-01 -5.0898511074E-01
           HessRho_EigVec3 = -3.6521196363E-01  8.1857006039E-01  4.4335457352E-01
           DelSqRho = -4.3485620038E+05
           Bond Ellipticity = NA
           V = -1.0872408911E+05
           G =  5.0195072272E+00
           K =  1.0871906960E+05
           L =  1.0871405010E+05
           Vnuc =  9.2998308126E+05
           Ven = -1.0940860200E+08
           Vrep =  1.0929987791E+08
           DelSqV =  2.4943470221E+09
           DelSqVen =  4.0440890970E+11
           DelSqVrep = -4.0191456267E+11
           DelSqG =  1.3396979944E+08
           DelSqK = -2.6283168216E+09
           Stress_EigVals = -3.6241749500E+04 -3.6241212691E+04 -3.6241126919E+04
           Stress_EigVec1 = -4.1442635595E-01  8.0225531116E-01  4.2969432299E-01
           Stress_EigVec2 = -6.1129879075E-01 -5.9516751810E-01  5.2162190697E-01
           Stress_EigVec3 =  6.7421404904E-01 -4.6497753946E-02  7.3707080729E-01
           -DivStress =  4.2599876635E+03 -1.7968865721E+03  2.4433987719E+03
           ESP =  -1.4608906957E+01     ESP at Nucleus =  -1.4608907173E+01
           ESPe = -3.8928209184E+01     ESPe at Nucleus = -3.8928203465E+01
           ESPn =  2.4319302227E+01     ESPn at Nucleus =  2.4319296292E+01

CP# 3      Coords =  7.05790756858572E+00  1.28105248776883E+00  1.91912801070828E+00
           Type = (3,-3) NACP C3
           Rho =  1.1767233307E+02     Rho at Nucleus =  1.1767233283E+02
           GradRho = -5.9288307597E-10 -6.3259958383E-10 -1.0871820805E-09
           HessRho_EigVals = -1.4500011586E+05 -1.4499969887E+05 -1.4499933392E+05
           HessRho_EigVec1 = -1.8722696607E-01 -6.9058126679E-01  6.9860115741E-01
           HessRho_EigVec2 = -4.2514171040E-01  6.9808652316E-01  5.7613343269E-01
           HessRho_EigVec3 =  8.8555100884E-01  1.8913677630E-01  4.2429552272E-01
           DelSqRho = -4.3499914865E+05
           Bond Ellipticity = NA
           V = -1.0876010869E+05
           G =  5.1607661109E+00
           K =  1.0875494793E+05
           L =  1.0874978716E+05
           Vnuc =  3.2661164599E+06
           Ven = -3.8433154393E+08
           Vrep =  3.8422278382E+08
           DelSqV =  2.4951845358E+09
           DelSqVen =  1.4207578112E+12
           DelSqVrep = -1.4182626267E+12
           DelSqG =  1.3402918277E+08
           DelSqK = -2.6292137186E+09
           Stress_EigVals = -3.6253607778E+04 -3.6253428316E+04 -3.6253072601E+04
           Stress_EigVec1 =  8.5970036003E-01  2.4682603682E-01  4.4720487309E-01
           Stress_EigVec2 = -4.9823050971E-01  5.9821616414E-01  6.2761754290E-01
           Stress_EigVec3 =  1.1261283301E-01  7.6237413945E-01 -6.3726291382E-01
           -DivStress =  6.3136148932E+02  6.7651342578E+02  1.1682564952E+03
           ESP =  -1.4663337544E+01     ESP at Nucleus =  -1.4663337566E+01
           ESPe = -3.7208165027E+01     ESPe at Nucleus = -3.7208163482E+01
           ESPn =  2.2544827483E+01     ESPn at Nucleus =  2.2544825916E+01

CP# 4      Coords =  9.07155347037333E+00  2.10089892741678E+00  3.22277219551013E+00
           Type = (3,-3) NACP C4
           Rho =  1.1768551932E+02     Rho at Nucleus =  1.1768551916E+02
           GradRho =  1.3417933431E-10  2.3146418116E-10  6.0848526218E-10
           HessRho_EigVals = -1.4501133509E+05 -1.4501014372E+05 -1.4500991802E+05
           HessRho_EigVec1 =  2.1594532564E-02  8.3220442207E-01 -5.5404826148E-01
           HessRho_EigVec2 = -3.1997039789E-01  5.3078193794E-01  7.8478626315E-01
           HessRho_EigVec3 =  9.4718140852E-01  1.6033195016E-01  2.7774276790E-01
           DelSqRho = -4.3503139682E+05
           Bond Ellipticity = NA
           V = -1.0876801190E+05
           G =  5.0813450571E+00
           K =  1.0876293055E+05
           L =  1.0875784921E+05
           Vnuc =  4.1182401145E+06
           Ven = -4.8465722654E+08
           Vrep =  4.8454845853E+08
           DelSqV =  2.4953605567E+09
           DelSqVen =  1.7915637924E+12
           DelSqVrep = -1.7890684318E+12
           DelSqG =  1.3403350582E+08
           DelSqK = -2.6293940625E+09
           Stress_EigVals = -3.6256279008E+04 -3.6256141412E+04 -3.6255591476E+04
           Stress_EigVec1 =  9.0813526926E-01  2.1432329186E-01  3.5966075584E-01
           Stress_EigVec2 = -4.1751997055E-01  5.2741297363E-01  7.3994096348E-01
           Stress_EigVec3 =  3.1103165663E-02  8.2213203429E-01 -5.6844657733E-01
           -DivStress = -3.0689273441E+02 -4.0871013617E+02 -1.0726835608E+03
           ESP =  -1.4657282133E+01     ESP at Nucleus =  -1.4657282146E+01
           ESPe = -3.4453736229E+01     ESPe at Nucleus = -3.4453737829E+01
           ESPn =  1.9796454097E+01     ESPn at Nucleus =  1.9796455683E+01

CP# 5      Coords = -1.63036634784286E+00 -3.86281598452553E+00  2.78391563487112E-01
           Type = (3,-3) NACP C5
           Rho =  1.1762654119E+02     Rho at Nucleus =  1.1762654066E+02
           GradRho = -2.9924213246E-09  3.3734413041E-09 -1.2257345139E-10
           HessRho_EigVals = -1.4494005209E+05 -1.4493980215E+05 -1.4493940443E+05
           HessRho_EigVec1 = -4.8802833144E-01  8.6628018545E-01 -1.0670983090E-01
           HessRho_EigVec2 =  2.5354429907E-01  2.5768771458E-01  9.3236920271E-01
           HessRho_EigVec3 =  8.3519077828E-01  4.2796691701E-01 -3.4539930780E-01
           DelSqRho = -4.3481925867E+05
           Bond Ellipticity = NA
           V = -1.0871533231E+05
           G =  5.2588213674E+00
           K =  1.0871007349E+05
           L =  1.0870481467E+05
           Vnuc =  2.2199971662E+06
           Ven = -2.6113058811E+08
           Vrep =  2.6102187278E+08
           DelSqV =  2.4941559642E+09
           DelSqVen =  9.6529751245E+11
           DelSqVrep = -9.6280335648E+11
           DelSqG =  1.3397049539E+08
           DelSqK = -2.6281264596E+09
           Stress_EigVals = -3.6238664614E+04 -3.6238441177E+04 -3.6238226519E+04
           Stress_EigVec1 =  8.6603292640E-01  3.6733587888E-01 -3.3919216157E-01
           Stress_EigVec2 = -4.2959656465E-01  8.9376989562E-01 -1.2892697675E-01
           Stress_EigVec3 =  2.5580023852E-01  2.5737079434E-01  9.3184038987E-01
           -DivStress =  1.4444012308E+03 -1.6439080868E+03  6.3551043289E+01
           ESP =  -1.4579916132E+01     ESP at Nucleus =  -1.4579916168E+01
           ESPe = -3.9288931346E+01     ESPe at Nucleus = -3.9288928273E+01
           ESPn =  2.4709015214E+01     ESPn at Nucleus =  2.4709012105E+01

CP# 6      Coords =  8.41978015187169E-01 -3.85728569881480E+00 -4.04276166001416E-01
           Type = (3,-3) NACP C6
           Rho =  1.1778422472E+02     Rho at Nucleus =  1.1778422450E+02
           GradRho = -5.0017892606E-10 -9.2656150807E-10  3.9503632440E-10
           HessRho_EigVals = -1.4513436777E+05 -1.4513141413E+05 -1.4513097231E+05
           HessRho_EigVec1 =  2.5751137000E-01  2.5949032707E-01  9.3078067474E-01
           HessRho_EigVec2 =  8.8473748720E-01 -4.5060265185E-01 -1.1915044643E-01
           HessRho_EigVec3 =  3.8849385202E-01  8.5417915001E-01 -3.4561612613E-01
           DelSqRho = -4.3539675421E+05
           Bond Ellipticity = NA
           V = -1.0885922922E+05
           G =  5.0203331772E+00
           K =  1.0885420888E+05
           L =  1.0884918855E+05
           Vnuc =  3.4613896168E+06
           Ven = -4.0769709245E+08
           Vrep =  4.0758823322E+08
           DelSqV =  2.4974456362E+09
           DelSqVen =  1.5070777016E+12
           DelSqVrep = -1.5045802560E+12
           DelSqG =  1.3414576358E+08
           DelSqK = -2.6315913998E+09
           Stress_EigVals = -3.6286831481E+04 -3.6286710438E+04 -3.6285687299E+04
           Stress_EigVec1 =  6.0055443751E-01  7.1218534519E-01 -3.6349195545E-01
           Stress_EigVec2 = -7.5719924915E-01  6.5260050585E-01  2.7602116699E-02
           Stress_EigVec3 =  2.5687285701E-01  2.5865926207E-01  9.3118833835E-01
           -DivStress =  6.1201534569E+02  1.1765797789E+03 -4.9253316777E+02
           ESP =  -1.4566674531E+01     ESP at Nucleus =  -1.4566674533E+01
           ESPe = -3.8688416181E+01     ESPe at Nucleus = -3.8688416528E+01
           ESPn =  2.4121741650E+01     ESPn at Nucleus =  2.4121741995E+01

CP# 7      Coords =  5.20504688827017E+00  1.89795380962815E+00  2.47237797409774E+00
           Type = (3,-3) NACP H7
           Rho =  4.2700778427E-01     Rho at Nucleus =  4.2351533684E-01
           GradRho =  1.2489868514E-11 -4.2189363982E-12 -3.8176206987E-12
           HessRho_EigVals = -6.5321706403E+00 -6.5247286510E+00 -5.9475204839E+00
           HessRho_EigVec1 =  4.0735434127E-01  5.3991098823E-01  7.3658574887E-01
           HessRho_EigVec2 =  7.5655127439E-02  7.8381473491E-01 -6.1636901531E-01
           HessRho_EigVec3 =  9.1013116766E-01 -3.0680708291E-01 -2.7844330040E-01
           DelSqRho = -1.9004419775E+01
           Bond Ellipticity = NA
           V = -4.7608192755E+00
           G =  4.8571658446E-03
           K =  4.7559621097E+00
           L =  4.7511049438E+00
           Vnuc =  5.3305319537E+01
           Ven = -2.2761786385E+01
           Vrep =  1.8000967110E+01
           DelSqV =  7.1694081487E+02
           DelSqVen =  1.0130366688E+03
           DelSqVrep = -2.9609585390E+02
           DelSqG =  7.0838906425E+01
           DelSqK = -7.8777972129E+02
           Stress_EigVals = -1.6361938141E+00 -1.6355692989E+00 -1.4890561625E+00
           Stress_EigVec1 =  4.1296359150E-01  6.7978251956E-01  6.0609966028E-01
           Stress_EigVec2 =  2.7741728742E-03 -6.6643271162E-01  7.4556002096E-01
           Stress_EigVec3 =  9.1074330964E-01 -3.0620771870E-01 -2.7709828031E-01
           -DivStress = -7.0205397102E+00  2.3707847054E+00  2.1446199188E+00
           ESP =  -1.0265640889E+00     ESP at Nucleus =  -1.0289133570E+00
           ESPe = -2.4789586763E+01     ESPe at Nucleus = -2.4724975804E+01
           ESPn =  2.3763022674E+01     ESPn at Nucleus =  2.3696062446E+01

CP# 8      Coords =  1.68373816035937E+00 -2.15273302248011E+00 -1.09656439446011E+00
           Type = (3,-3) NACP H8
           Rho =  4.1187303294E-01     Rho at Nucleus =  4.0754495776E-01
           GradRho = -8.8548169318E-10 -1.7417509211E-09  7.1010132979E-10
           HessRho_EigVals = -6.2467413993E+00 -6.2418572589E+00 -5.5862535054E+00
           HessRho_EigVec1 =  8.7408563134E-01 -4.7718097343E-01 -9.0953986658E-02
           HessRho_EigVec2 =  2.3922188718E-01  2.5987894085E-01  9.3554039186E-01
           HessRho_EigVec3 =  4.2278504915E-01  8.3950059839E-01 -3.4130858108E-01
           DelSqRho = -1.8074852164E+01
           Bond Ellipticity = NA
           V = -4.5278860126E+00
           G =  4.5864858689E-03
           K =  4.5232995268E+00
           L =  4.5187130409E+00
           Vnuc =  5.2446052672E+01
           Ven = -2.1601114780E+01
           Vrep =  1.7073228767E+01
           DelSqV =  6.7717358378E+02
           DelSqVen =  9.4795465138E+02
           DelSqVrep = -2.7078106760E+02
           DelSqG =  6.6466914958E+01
           DelSqK = -7.4364049874E+02
           Stress_EigVals = -1.5650506960E+00 -1.5631460443E+00 -1.3996892723E+00
           Stress_EigVec1 =  8.7378812522E-01 -4.7764480071E-01 -9.1377002459E-02
           Stress_EigVec2 =  2.3996026741E-01  2.6004480477E-01  9.3530517457E-01
           Stress_EigVec3 =  4.2298153895E-01  8.3918540494E-01 -3.4183983653E-01
           -DivStress =  3.5861518575E+00  7.0281043974E+00 -2.8682642720E+00
           ESP =  -9.6105297684E-01     ESP at Nucleus =  -9.6399259602E-01
           ESPe = -2.7585516498E+01     ESPe at Nucleus = -2.7539203911E+01
           ESPn =  2.6624463521E+01     ESPn at Nucleus =  2.6575211315E+01

CP# 9      Coords = -2.49161301797714E+00 -5.54224065803254E+00  9.79126124792144E-01
           Type = (3,-3) NACP H9
           Rho =  4.2600086489E-01     Rho at Nucleus =  4.2217067380E-01
           GradRho =  8.9372953482E-15  1.7782650352E-14 -7.4983422249E-15
           HessRho_EigVals = -6.4984052304E+00 -6.4909439442E+00 -5.8850990186E+00
           HessRho_EigVec1 =  8.7404712062E-01 -4.7296577738E-01 -1.1110807517E-01
           HessRho_EigVec2 =  2.5734010289E-01  2.5671949082E-01  9.3159603610E-01
           HessRho_EigVec3 =  4.1208943493E-01  8.4285139643E-01 -3.4609799357E-01
           DelSqRho = -1.8874448193E+01
           Bond Ellipticity = NA
           V = -4.7284664880E+00
           G =  4.9272198393E-03
           K =  4.7235392681E+00
           L =  4.7186120483E+00
           Vnuc =  5.1803545502E+01
           Ven = -2.2068355188E+01
           Vrep =  1.7339888700E+01
           DelSqV =  7.1031778238E+02
           DelSqVen =  9.7776333580E+02
           DelSqVrep = -2.6744555342E+02
           DelSqG =  7.0048180402E+01
           DelSqK = -7.8036596278E+02
           Stress_EigVals = -1.6277097546E+00 -1.6276423888E+00 -1.4731143445E+00
           Stress_EigVec1 =  7.7411167850E-01 -5.2374773615E-01 -3.5558320839E-01
           Stress_EigVec2 =  4.8103652225E-01  1.2151874991E-01  8.6823790385E-01
           Stress_EigVec3 =  4.1152760961E-01  8.4316161102E-01 -3.4601087299E-01
           -DivStress = -3.2729879747E+00 -6.8148936694E+00  2.7825632365E+00
           ESP =  -9.3968202931E-01     ESP at Nucleus =  -9.4225509638E-01
           ESPe = -2.4644591157E+01     ESPe at Nucleus = -2.4537994435E+01
           ESPn =  2.3704909128E+01     ESPn at Nucleus =  2.3595739338E+01

CP# 10     Coords =  1.09192028623197E+01  1.55785869296494E+00  2.59516307744642E+00
           Type = (3,-3) NACP H10
           Rho =  4.2712353050E-01     Rho at Nucleus =  4.2343998236E-01
           GradRho = -2.7061658817E-10  7.9848509749E-11  9.3238031445E-11
           HessRho_EigVals = -6.5195711114E+00 -6.5121380417E+00 -5.9154493086E+00
           HessRho_EigVec1 =  4.0950171795E-01  4.8481355275E-01  7.7282867575E-01
           HessRho_EigVec2 =  5.6097650213E-02  8.3212847832E-01 -5.5173838838E-01
           HessRho_EigVec3 =  9.1058299821E-01 -2.6929169063E-01 -3.1356114033E-01
           DelSqRho = -1.8947158462E+01
           Bond Ellipticity = NA
           V = -4.7460256150E+00
           G =  4.6179998076E-03
           K =  4.7414076152E+00
           L =  4.7367896154E+00
           Vnuc =  4.8379055743E+01
           Ven = -2.0663833091E+01
           Vrep =  1.5917807476E+01
           DelSqV =  7.1367959343E+02
           DelSqVen =  9.1664563588E+02
           DelSqVrep = -2.0296604245E+02
           DelSqG =  7.0390570681E+01
           DelSqK = -7.8407016411E+02
           Stress_EigVals = -1.6331631992E+00 -1.6319864832E+00 -1.4808759326E+00
           Stress_EigVec1 =  4.1046369356E-01  5.3075873667E-01  7.4149492225E-01
           Stress_EigVec2 =  3.2162600635E-02  8.0421988420E-01 -5.9346098859E-01
           Stress_EigVec3 =  9.1130956507E-01 -2.6744259442E-01 -3.1303248282E-01
           -DivStress =  7.2066516400E+00 -2.1239712799E+00 -2.4816436155E+00
           ESP =  -1.0339971361E+00     ESP at Nucleus =  -1.0364554361E+00
           ESPe = -2.0703572382E+01     ESPe at Nucleus = -2.0613717028E+01
           ESPn =  1.9669575246E+01     ESPn at Nucleus =  1.9577261592E+01

CP# 11     Coords =  1.00645524185210E+01 -2.70603810029253E+00  9.14501887532718E-01
           Type = (3,-3) NACP H11
           Rho =  4.2652323048E-01     Rho at Nucleus =  4.2282164256E-01
           GradRho = -7.5330366944E-16  1.6375789613E-15 -1.3235940122E-15
           HessRho_EigVals = -6.5048704317E+00 -6.4967651720E+00 -5.9010501950E+00
           HessRho_EigVec1 =  4.5005910078E-01 -7.0550580949E-01 -5.4745626179E-01
           HessRho_EigVec2 =  6.2893687076E-01  6.8563358236E-01 -3.6653104008E-01
           HessRho_EigVec3 =  6.3394417610E-01 -1.7935479786E-01  7.5229424967E-01
           DelSqRho = -1.8902685799E+01
           Bond Ellipticity = NA
           V = -4.7354129274E+00
           G =  4.8707388456E-03
           K =  4.7305421885E+00
           L =  4.7256714497E+00
           Vnuc =  4.9223774541E+01
           Ven = -2.0995083333E+01
           Vrep =  1.6259670406E+01
           DelSqV =  7.1187351673E+02
           DelSqVen =  9.3046154397E+02
           DelSqVrep = -2.1858802724E+02
           DelSqG =  7.0169113701E+01
           DelSqK = -7.8204263043E+02
           Stress_EigVals = -1.6294405459E+00 -1.6288526115E+00 -1.4771197699E+00
