AIMSum (Version 19.02.13, Professional)
Copyright (c) 1997-2019 by Todd A. Keith
AIMSum is a component of the AIMAll package ( http://aim.tkgristmill.com )

TP:  64-bit Linux

Much of the Quantum Theory of Atoms in Molecules (QTAIM) is described in the book:
  "Atoms in Molecules - A Quantum Theory"
  R.F.W. Bader, Oxford University Press, Oxford, 1990

For additional references see:  http://aim.tkgristmill.com/references.html

Wfn File:  /home/mhennefarth/Documents/ML_Diels/summary-lam2009/6-opt/6-opt.wfn
Sum File:  /home/mhennefarth/Documents/ML_Diels/summary-lam2009/6-opt/6-opt.sum

SumViz File:  /home/mhennefarth/Documents/ML_Diels/summary-lam2009/6-opt/6-opt.sumviz

Wfn Title:   Title Card Required                                                           
 
Total memory allocated for AIMSum =        3.143 Megabytes

Atomic units (a.u.) used throughout, except where stated otherwise

Model:  Restricted SCF
 
Restricted, closed-shell, single-determinant wavefunction.
  Number of electrons (from MO Occs)                   =         174.0000000000
  Number of Alpha electrons (from MO Occs)             =          87.0000000000
  Number of Beta electrons (from MO Occs)              =          87.0000000000
  Number of electron pairs (N*(N-1)/2)                 =       15051.0000000000
  Number of electron pairs (from Muller 2EDM)          =       15051.0000000000
 
Nuclear Charges and Cartesian Coordinates:
-------------------------------------------------------------------------------
Atom      Charge                X                  Y                  Z
-------------------------------------------------------------------------------
C1         6.0          -5.0679020700E+00   2.5674535100E+00  -2.7042363000E-01
C2         6.0          -6.2683718700E+00   3.7021747000E-01   2.0564132000E-01
C3         6.0          -5.9840303100E+00  -1.1360621900E+00   2.5289634500E+00
C4         6.0          -5.7259061900E+00  -1.8317873000E-01   4.8640892100E+00
C5         6.0           6.3794837000E-01  -2.6715249800E+00  -2.7700544600E+00
C6         6.0          -1.4199517400E+00  -1.6498858400E+00  -3.9195985400E+00
H7         1.0          -6.0266543900E+00  -3.1831154900E+00   2.2773203200E+00
H8         1.0          -5.8045016000E+00   1.8610975600E+00   5.1083773800E+00
H9         1.0          -3.7245860600E+00   3.2132982700E+00   1.1446398100E+00
C10        6.0          -5.4803913100E+00   4.2213820500E+00  -2.5359818500E+00
H11        1.0          -6.1161043100E+00   6.1097283600E+00  -1.9557882400E+00
H12        1.0          -3.7270578800E+00   4.5162865400E+00  -3.6134475600E+00
H13        1.0          -6.8975239100E+00   3.4238499300E+00  -3.8070664200E+00
C14        6.0          -5.3682779800E+00  -1.7163083200E+00   7.2188215100E+00
H15        1.0          -5.3462550000E+00  -3.7471476600E+00   6.8228690700E+00
H16        1.0          -3.5923412100E+00  -1.2202598000E+00   8.1727329200E+00
H17        1.0          -6.8841176200E+00  -1.3393658200E+00   8.5838795100E+00
O18        8.0          -7.7709912400E+00  -6.7696849000E-01  -1.6678047700E+00
H19        1.0          -1.6260297700E+00   3.9390666000E-01  -3.8916100200E+00
C20        6.0          -3.4234987000E+00  -3.1113289100E+00  -5.2113442000E+00
H21        1.0          -5.2341152400E+00  -2.7394850600E+00  -4.2505392600E+00
H22        1.0          -3.6666456200E+00  -2.4199243000E+00  -7.1534217100E+00
H23        1.0          -3.0489212300E+00  -5.1424479900E+00  -5.2472984300E+00
H24        1.0           9.1691182000E-01  -4.7006829300E+00  -2.7651651400E+00
C25        6.0           2.4535271900E+00  -1.0835386200E+00  -1.5259656000E+00
O26        8.0           2.2246116400E+00   1.2790981000E+00  -1.4018120800E+00
N27        7.0           4.5577960700E+00  -2.2321508300E+00  -4.1380535000E-01
Al28      13.0           4.0745750900E+00   3.9540025300E+00   2.0131652000E-01
C29        6.0           5.0937842200E+00  -4.9706226100E+00  -3.4767682000E-01
C30        6.0           6.3740378100E+00  -9.2490811000E-01   9.4736011000E-01
O31        8.0           6.4344137700E+00   1.3693843300E+00   1.3632026500E+00
C32        6.0           5.7789346900E+00   5.9160112500E+00  -2.4092657800E+00
C33        6.0           2.1505609300E+00   5.0743072900E+00   3.1403459400E+00
C34        6.0           7.7239753300E+00  -5.0200351400E+00   9.1121723000E-01
H35        1.0           5.1346996700E+00  -5.7545273500E+00  -2.2551044900E+00
H36        1.0           3.6603783100E+00  -5.9502784900E+00   7.7229377000E-01
O37        8.0           8.1267593200E+00  -2.4523359100E+00   1.8158746300E+00
H38        1.0           7.2499396000E+00   7.1276561400E+00  -1.5905035400E+00
H39        1.0           6.6940386900E+00   4.7439813900E+00  -3.8544785900E+00
H40        1.0           4.4589697300E+00   7.1760437100E+00  -3.3952309600E+00
H41        1.0           1.2714348400E+00   3.5141330000E+00   4.1862072900E+00
H42        1.0           3.3580755800E+00   6.0995968800E+00   4.4795919300E+00
H43        1.0           6.3286046000E-01   6.3804715000E+00   2.5988392800E+00
H44        1.0           9.2502623600E+00  -5.4438359100E+00  -4.0889809000E-01
H45        1.0           7.8360658700E+00  -6.2684056700E+00   2.5442578300E+00
C46        6.0          -1.0295094860E+01  -1.3497440200E+00  -9.4482508000E-01
H47        1.0          -1.1353016490E+01   3.2971034000E-01  -3.5378447000E-01
H48        1.0          -1.1173856430E+01  -2.1652421300E+00  -2.6230128300E+00
H49        1.0          -1.0310367880E+01  -2.7388475600E+00   5.9036305000E-01
 
Some Atomic Properties:
----------------------
  q(A) = Net Charge of Atom A
  L(A) = Lagrangian of Atom A = -(1/4) Times Atomic Integral of the Laplacian of the Electron Density
  K(A) = Electronic Kinetic Energy of Atom A (Hamiltonian Form)
  K_Scaled(A) = K(A) * E(Mol)/K(Mol) = Approximation to Virial-Based Total Energy of Atom A.
  |Mu_Intra(A)| = Magnitude of Intraatomic Dipole Moment of Atom A
--------------------------------------------------------------------------------------------------
Atom A          q(A)              L(A)              K(A)          K_Scaled(A)      |Mu_Intra(A)|
--------------------------------------------------------------------------------------------------
C1       -4.3024984100E-02  3.1508667941E-04  3.7709876359E+01 -3.8030690116E+01  1.4711977828E-01
C2        4.6507156120E-01  6.8258566667E-06  3.7421532807E+01 -3.7739893504E+01  6.7767682713E-01
C3       -5.4577213600E-02 -5.2522930454E-06  3.7735545532E+01 -3.8056577666E+01  1.0502554231E-01
C4       -3.6103263500E-02  1.3318964137E-04  3.7707547405E+01 -3.8028341348E+01  7.8745480477E-02
C5       -2.1263477300E-02  4.3514121798E-05  3.7725801298E+01 -3.8046750534E+01  2.1105335841E-01
C6        2.0244371000E-02 -7.3211319507E-05  3.7708598397E+01 -3.8029401282E+01  1.2545820132E-01
H7        3.2268616960E-02  3.3036367023E-05  6.0040605022E-01 -6.0551395666E-01  1.5484688244E-01
H8        4.5536808400E-02  2.7590488658E-05  5.9681824987E-01 -6.0189563339E-01  1.4960997904E-01
H9        3.8132391210E-02  4.4064125015E-05  5.9958713956E-01 -6.0468807919E-01  1.4832042820E-01
C10      -1.6543052100E-02  8.3465602860E-05  3.7676217382E+01 -3.7996744787E+01  1.1604930331E-01
H11       3.8297996000E-02  2.2673838067E-05  5.9445147345E-01 -5.9950872181E-01  1.4901308529E-01
H12       4.7051411300E-03  4.9199349940E-05  6.0681568779E-01 -6.1197812371E-01  1.5601924659E-01
H13       4.8016235670E-02  2.9662416078E-05  5.9523326241E-01 -6.0029716177E-01  1.4211615392E-01
C14      -1.7129607900E-02 -1.2151114493E-04  3.7681036653E+01 -3.8001605058E+01  1.0368102731E-01
H15       1.9851818980E-02  3.0628283951E-05  6.0264470076E-01 -6.0777165234E-01  1.5203844867E-01
H16       2.7881506080E-02  2.6609249795E-05  5.9795803804E-01 -6.0304511821E-01  1.5198748450E-01
H17       4.2110610760E-02  2.2749912097E-05  5.9280380775E-01 -5.9784703872E-01  1.4799084279E-01
O18      -1.1079243723E+00  3.7600844978E-05  7.5192953321E+01 -7.5832651356E+01  1.2875933061E-01
H19       1.1874638671E-01  2.9632412752E-05  5.7272334699E-01 -5.7759574505E-01  1.2738940179E-01
C20      -4.3436790200E-02 -1.6997272288E-05  3.7714885817E+01 -3.8035742191E+01  2.0731604807E-01
H21       1.3828931385E-01  1.5833163588E-05  5.5374636679E-01 -5.5845731971E-01  1.1257153954E-01
H22       7.3334801440E-02  2.4086371463E-05  5.7753875326E-01 -5.8245211800E-01  1.4132919434E-01
H23       3.8914716900E-02  2.7732723068E-05  5.9528945097E-01 -6.0035382835E-01  1.4671597261E-01
H24       6.4945665640E-02 -6.6459182922E-06  5.9122448097E-01 -5.9625427594E-01  1.3823927991E-01
C25       1.3089566019E+00  1.4828002004E-04  3.6866672757E+01 -3.7180313026E+01  8.6136869994E-01
O26      -1.3130016706E+00  7.8309589391E-05  7.5343390719E+01 -7.5984368588E+01  2.9919957652E-01
N27      -1.1764340050E+00  8.8235176148E-05  5.4979411754E+01 -5.5447144701E+01  1.1318081160E-01
Al28      2.3980205510E+00  4.5004771827E-04  2.4087112362E+02 -2.4292031544E+02  9.6619998436E-02
C29       3.0888960030E-01 -4.6286603516E-04  3.7527405078E+01 -3.7846666475E+01  5.1847774469E-01
C30       2.0756944046E+00 -1.5113982907E-04  3.6392304810E+01 -3.6701909432E+01  2.5460398160E-01
O31      -1.2985172215E+00  4.1285233082E-05  7.5373939767E+01 -7.6015177530E+01  3.9975280020E-01
C32      -8.2367965250E-01  1.2671358276E-04  3.7895636616E+01 -3.8218030713E+01  1.2745565659E+00
C33      -8.1968999290E-01 -8.3133628186E-05  3.7894106077E+01 -3.8216487153E+01  1.2699639279E+00
C34       4.0538767270E-01  1.5961250539E-04  3.7464198619E+01 -3.7782922292E+01  5.7882900612E-01
H35       8.5718815440E-02  2.9074849130E-05  5.8764925664E-01 -5.9264863567E-01  1.3717064007E-01
H36       8.0213436380E-02  2.7649956098E-05  5.8983364934E-01 -5.9485161193E-01  1.3926876620E-01
O37      -1.0566336299E+00  7.5651371848E-05  7.5305292858E+01 -7.5945946613E+01  3.3155549367E-01
H38       3.8673410290E-02  3.7165347960E-05  5.8561808336E-01 -5.9060018235E-01  1.5418005278E-01
H39       2.0701947800E-02  3.4539521761E-05  5.9314707386E-01 -5.9819322514E-01  1.5934898522E-01
H40       3.4293291590E-02  2.8357232000E-05  5.8733112889E-01 -5.9232780148E-01  1.5525922091E-01
H41       1.7183071200E-02  3.4932517787E-05  5.9441208452E-01 -5.9946899777E-01  1.5949133538E-01
H42       3.8418464840E-02  3.3371448471E-05  5.8569076512E-01 -5.9067348245E-01  1.5410108046E-01
H43       3.1017626250E-02  2.8449469219E-05  5.8852771342E-01 -5.9353456586E-01  1.5533964574E-01
H44       9.9170487500E-02  2.9537936873E-05  5.8419671693E-01 -5.8916672376E-01  1.3631310938E-01
H45       1.0705401517E-01  2.7441340458E-05  5.8022492187E-01 -5.8516113898E-01  1.3442752845E-01
C46       4.3524430010E-01  1.7992700204E-04  3.7423105532E+01 -3.7741479608E+01  6.0405550976E-01
H47       4.3167792600E-02  2.7224831598E-05  6.0036839347E-01 -6.0547597955E-01  1.5171117795E-01
H48       5.1392532690E-02  2.3938462587E-05  5.9884471499E-01 -6.0393933849E-01  1.4438346239E-01
H49       3.4506585140E-02  4.0900866317E-05  6.0495989955E-01 -6.1010654750E-01  1.5037446670E-01
--------------------------------------------------------------------------------------------------
Total     1.0020936160E+00  1.8330699873E-03  1.2135686284E+03 -1.2238929664E+03
 
1st Largest |L(A)| = 4.6286603516E-04, atom C29     
2nd Largest |L(A)| = 4.5004771827E-04, atom Al28    
 
Molecular charge q(Mol) from the wfn file:   1.0000000000E+00
Molecular energy E(Mol) from the wfn file:  -1.2238927654E+03
Molecular virial ratio (-V(Mol)/T(Mol)) from the wfn file:   2.0085074200E+00
Note.  K_Scaled(A) = (1+V(Mol)/T(Mol))*K(A) = (E(Mol)/T(Mol))*K(A)
       Only use K_Scaled(A) data with caution.
 
Note.  Potentially significant cumulative integration error.
 
N_AIMInt(SumA)     =        173.997906
N_Analytic(Mol)    =        173.999972
 
G_AIMInt(SumA)     =       1213.566795
G_Analytic(Mol)    =       1213.568354
 
K_AIMInt(SumA)     =       1213.568628
K_Analytic(Mol)    =       1213.568354
 
L_AIMInt(SumA)     =          0.001833
L_Analytic(Mol)    =          0.000000
 
VenT_AIMInt(SumA)  =      -6846.978528
VenT_Analytic(Mol) =      -6847.027160
 
Some Information About the Atomic Calculations:
----------------------------------------------
  Time(sec) = "Elapsed User Time", in Seconds, for Atom A by AIMInt and, if used, by TWOe
  NProc = Number of Processors Used for AIMInt Job
  BIM = Basin Integration Method
  OAQ = Angular Quadrature Outside of Beta Sphere
  ORQ = Multiple of Default for Radial Quadrature Outside of Beta Sphere
  IAQ = Multiple of Default for Angular Quadrature Inside of Beta Sphere
  IRQ = Multiple of Default for Radial Quadrature Inside of Beta Sphere
  MIR = Maximum Integration Radius
------------------------------------------------------------------------------------------------------
Atom A     Time(sec)   NProc      BIM          OAQ                     ORQ      IAQ      IRQ      MIR
------------------------------------------------------------------------------------------------------
C1            208        8     Proaim(5)    4500(GS4)                  1.00     1.00     1.00    13.00
C2            106        8     Proaim(5)    4500(GS4)                  1.00     1.00     1.00    13.00
C3             75        8     Proaim(5)    4500(GS4)                  1.00     1.00     1.00    13.00
C4             58        8     Proaim(5)    4500(GS4)                  1.00     1.00     1.00    13.00
C5             96        8     Proaim(5)    4500(GS4)                  1.00     1.00     1.00    13.00
C6             87        8     Proaim(5)    4500(GS4)                  1.00     1.00     1.00    13.00
H7             14        8     Proaim(5)    1800(GS4)                  1.00     1.00     1.00    13.00
H8             11        8     Proaim(5)    1800(GS4)                  1.00     1.00     1.00    13.00
H9             56        8     Proaim(5)    4500(GS4)                  1.00     1.00     1.00    13.00
C10           104        8     Proaim(5)    4500(GS4)                  1.00     1.00     1.00    13.00
H11            11        8     Proaim(5)    1800(GS4)                  1.00     1.00     1.00    13.00
H12            31        8     Proaim(5)    1800(GS4)                  1.00     1.00     1.00    13.00
H13            16        8     Proaim(5)    1800(GS4)                  1.00     1.00     1.00    13.00
C14            43        8     Proaim(5)    4500(GS4)                  1.00     1.00     1.00    13.00
H15            11        8     Proaim(5)    1800(GS4)                  1.00     1.00     1.00    13.00
H16            14        8     Proaim(5)    1800(GS4)                  1.00     1.00     1.00    13.00
H17             9        8     Proaim(5)    1800(GS4)                  1.00     1.00     1.00    13.00
O18            54        8     Proaim(5)    4500(GS4)                  1.00     1.00     1.00    13.00
H19           114        8     Proaim(5)    4500(GS4)                  1.00     1.00     1.00    13.00
C20            38        8     Proaim(5)    4500(GS4)                  1.00     1.00     1.00    13.00
H21            20        8     Proaim(5)    4500(GS4)                  1.00     1.00     1.00    13.00
H22            11        8     Proaim(5)    1800(GS4)                  1.00     1.00     1.00    13.00
H23            11        8     Proaim(5)    1800(GS4)                  1.00     1.00     1.00    13.00
H24            17        8     Proaim(5)    1800(GS4)                  1.00     1.00     1.00    13.00
C25            93        8     Proaim(5)    6300(GS6)                  1.00     1.00     1.00    13.00
O26            57        8     Proaim(5)    4500(GS4)                  1.00     1.00     1.00    13.00
N27            59        8     Proaim(5)    4500(GS4)                  1.00     1.00     1.00    13.00
Al28           75        8     Proaim(5)    4500(GS4)                  1.00     1.00     1.00    13.00
C29            50        8     Proaim(5)    4500(GS4)                  1.00     1.00     1.00    13.00
C30            32        8     Proaim(5)    4500(GS4)                  1.00     1.00     1.00    13.00
O31            38        8     Proaim(5)    4500(GS4)                  1.00     1.00     1.00    13.00
C32            46        8     Proaim(5)    4500(GS4)                  1.00     1.00     1.00    13.00
C33            98        8     Proaim(5)    4500(GS4)                  1.00     1.00     1.00    13.00
C34            33        8     Proaim(5)    4500(GS4)                  1.00     1.00     1.00    13.00
H35            12        8     Proaim(5)    1800(GS4)                  1.00     1.00     1.00    13.00
H36            13        8     Proaim(5)    1800(GS4)                  1.00     1.00     1.00    13.00
O37            28        8     Proaim(5)    4500(GS4)                  1.00     1.00     1.00    13.00
H38            10        8     Proaim(5)    1800(GS4)                  1.00     1.00     1.00    13.00
H39            11        8     Proaim(5)    1800(GS4)                  1.00     1.00     1.00    13.00
H40            12        8     Proaim(5)    1800(GS4)                  1.00     1.00     1.00    13.00
H41            24        8     Proaim(5)    1800(GS4)                  1.00     1.00     1.00    13.00
H42            10        8     Proaim(5)    1800(GS4)                  1.00     1.00     1.00    13.00
H43            76        8     Proaim(5)    4500(GS4)                  1.00     1.00     1.00    13.00
H44             9        8     Proaim(5)    1800(GS4)                  1.00     1.00     1.00    13.00
H45             9        8     Proaim(5)    1800(GS4)                  1.00     1.00     1.00    13.00
C46            41        8     Proaim(5)    4500(GS4)                  1.00     1.00     1.00    13.00
H47             9        8     Proaim(5)    1800(GS4)                  1.00     1.00     1.00    13.00
H48            10        8     Proaim(5)    1800(GS4)                  1.00     1.00     1.00    13.00
H49            13        8     Proaim(5)    1800(GS4)                  1.00     1.00     1.00    13.00
------------------------------------------------------------------------------------------------------
Total        2083
Note:  Total wall clock time is less than total of atomic times if more than one atom
       was calculated at a time
 
Electron Density Critical Point Analysis of Molecular Structure:               
---------------------------------------------------------------                
  NACP = Nuclear Attractor Critical Point                                      
  NNACP = Non-Nuclear Attractor Critical Point                                 
  BCP = Bond Critical Point                                                    
  RCP = Ring Critical Point                                                    
  CCP = Cage Critical Point                                                    
  Rho = Electron Density                                                       
  GradRho = Gradient of Electron Density                                       
  HessRho_EigVals = Eigenvalues of the Hessian of Rho, Ascending Order         
  HessRho_EigVecs = Eigenvectors of the Hessian of Rho                         
  DelSqRho = Laplacian of Rho = Trace of Hessian of Rho                        
  Bond Ellipticity = (HessRho_EigVal(1) / HessRho_EigVal(2)) - 1               
  V = Virial Field = Potential Energy Density = Trace of Stress Tensor         
  G = Lagrangian Form of Kinetic Energy Density                                
  K = Hamiltonian Form of Kinetic Energy Density                               
  L = K - G = Lagrangian Density = (-1/4)DelSqRho                              
  Vnuc = Electrostatic Potential from Nuclei                                   
  Ven = Electron-nuclear attractive contribution to Virial Field V             
  Vrep = V - Ven = Repulsive contribution to Virial Field V                    
  DelSqV = Laplacian of V                                                      
  DelSqVen = Laplacian of Ven                                                  
  DelSqVrep = Laplacian of Vrep                                                
  DelSqG = Laplacian of G                                                      
  DelSqK = Laplacian of K                                                      
  Stress_EigVals = Eigenvalues of Stress Tensor, Ascending Order               
  Stress_EigVecs = Eigenvectors of Stress Tensor                               
  -DivStress = Ehrenfest Force Density = Minus Divergence of Stress Tensor     
  ESP = Total Electrostatic Potential                                          
  ESPe = Electrostatic Potential from Electrons                                
  ESPn = Electrostatic Potential from Nuclei                                   
  BP = Bond Path                                                               
  BPL = Bond Path Length                                                       
  GBL = Geometric Bond Length                                                  
  GBL_I = Distance Between Nuclear Attractors                                  
  GBL_II = Distance Between Nuclei                                             
  GBL_III = Sum of Distances Between BCP and Nuclear Attractors                
  GBL_IV = Sum of Distances Between BCP and Nuclei                             

CP# 1      Coords = -5.06790187509060E+00  2.56745438832079E+00 -2.70424491604438E-01
           Type = (3,-3) NACP C1
           Rho =  1.1766747156E+02     Rho at Nucleus =  1.1766747145E+02
           GradRho =  8.0174644701E-11  2.7033952854E-10 -2.8813118558E-10
           HessRho_EigVals = -1.4499590002E+05 -1.4499529377E+05 -1.4499514658E+05
           HessRho_EigVec1 = -6.3686778885E-01  6.2445335804E-01  4.5216968404E-01
           HessRho_EigVec2 =  1.6679737490E-01 -4.6100315007E-01  8.7158174106E-01
           HessRho_EigVec3 = -7.5271379372E-01 -6.3050305254E-01 -1.8944087597E-01
           DelSqRho = -4.3498634038E+05
           Bond Ellipticity = NA
           V = -1.0875686502E+05
           G =  5.1399607950E+00
           K =  1.0875172506E+05
           L =  1.0874658509E+05
           Vnuc =  4.8165452902E+06
           Ven = -5.6675070596E+08
           Vrep =  5.6664194910E+08
           DelSqV =  2.4951126527E+09
           DelSqVen =  2.0951313940E+12
           DelSqVrep = -2.0926362814E+12
           DelSqG =  1.3402698446E+08
           DelSqK = -2.6291396371E+09
           Stress_EigVals = -3.6252494681E+04 -3.6252387438E+04 -3.6251982897E+04
           Stress_EigVec1 =  6.3827931769E-01  7.6685137092E-01  6.7368297665E-02
           Stress_EigVec2 =  3.2228529751E-01 -3.4567060199E-01  8.8127409013E-01
           Stress_EigVec3 =  6.9909348418E-01 -5.4078721308E-01 -4.6777931821E-01
           -DivStress = -1.5574197573E+02 -7.2029235630E+02  7.0391188185E+02
           ESP =  -1.4655299725E+01     ESP at Nucleus =  -1.4655299733E+01
           ESPe = -3.8759410345E+01     ESPe at Nucleus = -3.8759411280E+01
           ESPn =  2.4104110620E+01     ESPn at Nucleus =  2.4104111546E+01

CP# 2      Coords = -6.26837536355458E+00  3.70213455118665E-01  2.05638127100777E-01
           Type = (3,-3) NACP C2
           Rho =  1.1764393421E+02     Rho at Nucleus =  1.1764393142E+02
           GradRho = -7.9789508334E-12 -3.1920577293E-12  3.2190916599E-13
           HessRho_EigVals = -1.4494898171E+05 -1.4494815014E+05 -1.4494719869E+05
           HessRho_EigVec1 =  5.8996059441E-01  3.1458078454E-01  7.4362989924E-01
           HessRho_EigVec2 = -7.5287646853E-01  5.4711164884E-01  3.6584951392E-01
           HessRho_EigVec3 =  2.9175935318E-01  7.7569824913E-01 -5.5961478369E-01
           DelSqRho = -4.3484433053E+05
           Bond Ellipticity = NA
           V = -1.0872111219E+05
           G =  5.0147788369E+00
           K =  1.0871609741E+05
           L =  1.0871108263E+05
           Vnuc =  9.6677681617E+05
           Ven = -1.1373542816E+08
           Vrep =  1.1362670705E+08
           DelSqV =  2.4942773521E+09
           DelSqVen =  4.2039741734E+11
           DelSqVrep = -4.1790314012E+11
           DelSqG =  1.3396448755E+08
           DelSqK = -2.6282418397E+09
           Stress_EigVals = -3.6240756402E+04 -3.6240186675E+04 -3.6240169114E+04
           Stress_EigVec1 =  2.9748230948E-01  8.0317520348E-01 -5.1615295026E-01
           Stress_EigVec2 =  8.4044907991E-01 -4.7678580710E-01 -2.5752793678E-01
           Stress_EigVec3 =  4.5293445400E-01  3.5719026675E-01  8.1686320379E-01
           -DivStress =  2.8321308221E+03  3.2559908431E+03  2.5845462608E+03
           ESP =  -1.4597368958E+01     ESP at Nucleus =  -1.4597369159E+01
           ESPe = -3.9880377290E+01     ESPe at Nucleus = -3.9880377366E+01
           ESPn =  2.5283008332E+01     ESPn at Nucleus =  2.5283008208E+01

CP# 3      Coords = -5.98403069602864E+00 -1.13606196190697E+00  2.52896168983598E+00
           Type = (3,-3) NACP C3
           Rho =  1.1767394311E+02     Rho at Nucleus =  1.1767394287E+02
           GradRho = -3.3631986085E-10  1.5099760331E-10 -1.3010761357E-09
           HessRho_EigVals = -1.4500269310E+05 -1.4500222390E+05 -1.4500188446E+05
           HessRho_EigVec1 =  9.8725027469E-01 -1.5464208277E-01 -3.7718978825E-02
           HessRho_EigVec2 =  1.0534211169E-01  8.1239935686E-01 -5.7350703961E-01
           HessRho_EigVec3 =  1.1933119723E-01  5.6222158551E-01  8.1833181177E-01
           DelSqRho = -4.3500680147E+05
           Bond Ellipticity = NA
           V = -1.0876202453E+05
           G =  5.1620796539E+00
           K =  1.0875686245E+05
           L =  1.0875170037E+05
           Vnuc =  3.3033041269E+06
           Ven = -3.8871282190E+08
           Vrep =  3.8860405987E+08
           DelSqV =  2.4952289009E+09
           DelSqVen =  1.4369597030E+12
           DelSqVrep = -1.4344644741E+12
           DelSqG =  1.3403210981E+08
           DelSqK = -2.6292610107E+09
           Stress_EigVals = -3.6254245963E+04 -3.6254073523E+04 -3.6253705039E+04
           Stress_EigVec1 =  1.0606607144E-01  5.0103527238E-01  8.5890258139E-01
           Stress_EigVec2 = -4.1363100787E-03  8.6398990677E-01 -5.0349213692E-01
           Stress_EigVec3 =  9.9435048118E-01 -4.9850745558E-02 -9.3712452419E-02
           -DivStress =  3.1446611127E+02 -1.8791844774E+02  1.4275519699E+03
           ESP =  -1.4652793229E+01     ESP at Nucleus =  -1.4652793251E+01
           ESPe = -3.8041486691E+01     ESPe at Nucleus = -3.8041485609E+01
           ESPn =  2.3388693462E+01     ESPn at Nucleus =  2.3388692358E+01

CP# 4      Coords = -5.72590566965222E+00 -1.83179092970043E-01  4.86409055344527E+00
           Type = (3,-3) NACP C4
           Rho =  1.1768757366E+02     Rho at Nucleus =  1.1768757350E+02
           GradRho =  2.8421122400E-10 -1.6879095344E-10  6.9860117691E-10
           HessRho_EigVals = -1.4501431761E+05 -1.4501311315E+05 -1.4501288380E+05
           HessRho_EigVec1 =  9.8549834110E-01  7.9394153334E-02 -1.4996528970E-01
           HessRho_EigVec2 = -1.5835819176E-01  7.4781174313E-01 -6.4474822988E-01
           HessRho_EigVec3 =  6.0956564875E-02  6.5914654308E-01  7.4953994686E-01
           DelSqRho = -4.3504031456E+05
           Bond Ellipticity = NA
           V = -1.0877023606E+05
           G =  5.0787114638E+00
           K =  1.0876515735E+05
           L =  1.0876007864E+05
           Vnuc =  4.0384762693E+06
           Ven = -4.7527847340E+08
           Vrep =  4.7516970317E+08
           DelSqV =  2.4954119033E+09
           DelSqVen =  1.7568999014E+12
           DelSqVrep = -1.7544044895E+12
           DelSqG =  1.3403669012E+08
           DelSqK = -2.6294485935E+09
           Stress_EigVals = -3.6257021930E+04 -3.6256883283E+04 -3.6256330851E+04
           Stress_EigVec1 =  7.4318620663E-02  5.7482036136E-01  8.1489772044E-01
           Stress_EigVec2 = -1.3083587006E-01  8.1571442908E-01 -5.6346423604E-01
           Stress_EigVec3 =  9.8861454457E-01  6.4741967446E-02 -1.3582989333E-01
           -DivStress = -4.2046937291E+02  2.9985569259E+02 -1.0955637195E+03
           ESP =  -1.4645942153E+01     ESP at Nucleus =  -1.4645942167E+01
           ESPe = -3.6080522521E+01     ESPe at Nucleus = -3.6080523940E+01
           ESPn =  2.1434580368E+01     ESPn at Nucleus =  2.1434581773E+01

CP# 5      Coords =  6.37950196837298E-01 -2.67152373706382E+00 -2.77005318452212E+00
           Type = (3,-3) NACP C5
           Rho =  1.1762045180E+02     Rho at Nucleus =  1.1762045132E+02
           GradRho =  2.7197503139E-09  1.8311917954E-09  1.8888111908E-09
           HessRho_EigVals = -1.4493165772E+05 -1.4493138669E+05 -1.4493104646E+05
           HessRho_EigVec1 =  6.6610490715E-01  6.4132793040E-01  3.8079225092E-01
           HessRho_EigVec2 = -4.7033259990E-01 -3.5066012647E-02  8.8179227726E-01
           HessRho_EigVec3 = -5.7887088210E-01  7.6646517237E-01 -2.7827978979E-01
           DelSqRho = -4.3479409088E+05
           Bond Ellipticity = NA
           V = -1.0870905108E+05
           G =  5.2641781916E+00
           K =  1.0870378690E+05
           L =  1.0869852272E+05
           Vnuc =  2.3517790345E+06
           Ven = -2.7661731256E+08
           Vrep =  2.7650860350E+08
           DelSqV =  2.4940114064E+09
           DelSqVen =  1.0225396285E+12
           DelSqVrep = -1.0200456130E+12
           DelSqG =  1.3396188652E+08
           DelSqK = -2.6279732930E+09
           Stress_EigVals = -3.6236560712E+04 -3.6236351914E+04 -3.6236138449E+04
           Stress_EigVec1 = -6.1794146018E-01  7.2157075024E-01 -3.1222428506E-01
           Stress_EigVec2 =  5.8446314061E-01  6.8721094039E-01  4.3144404118E-01
           Stress_EigVec3 = -5.2588134504E-01 -8.4123574572E-02  8.4638763882E-01
           -DivStress = -1.4764261665E+03 -1.0114528771E+03 -1.0324902930E+03
           ESP =  -1.4582317055E+01     ESP at Nucleus =  -1.4582317086E+01
           ESPe = -3.9983511615E+01     ESPe at Nucleus = -3.9983508593E+01
           ESPn =  2.5401194560E+01     ESPn at Nucleus =  2.5401191508E+01

CP# 6      Coords = -1.41995163637579E+00 -1.64988677300182E+00 -3.91959833815953E+00
           Type = (3,-3) NACP C6
           Rho =  1.1777313205E+02     Rho at Nucleus =  1.1777313199E+02
           GradRho =  7.4623918156E-12 -1.8244210309E-10  2.1443263831E-11
           HessRho_EigVals = -1.4511730633E+05 -1.4511439150E+05 -1.4511417052E+05
           HessRho_EigVec1 = -5.2144804987E-01 -5.7406487495E-02  8.5134976741E-01
           HessRho_EigVec2 =  8.5246341359E-01 -7.8768318782E-02  5.1681880813E-01
           HessRho_EigVec3 =  3.7390637428E-02  9.9523868853E-01  9.0010516513E-02
           DelSqRho = -4.3534586834E+05
           Bond Ellipticity = NA
           V = -1.0884648611E+05
           G =  5.0095127623E+00
           K =  1.0884147660E+05
           L =  1.0883646709E+05
           Vnuc =  6.2487703591E+06
           Ven = -7.3593725668E+08
           Vrep =  7.3582841020E+08
           DelSqV =  2.4971512232E+09
           DelSqVen =  2.7203769467E+12
           DelSqVrep = -2.7178796644E+12
           DelSqG =  1.3412675626E+08
           DelSqK = -2.6312779795E+09
           Stress_EigVals = -3.6282538324E+04 -3.6282485426E+04 -3.6281462362E+04
           Stress_EigVec1 = -3.4923952259E-01  9.2485983018E-01 -1.5055248383E-01
           Stress_EigVec2 =  7.7982405704E-01  3.7595118381E-01  5.0053486138E-01
           Stress_EigVec3 = -5.1952497141E-01 -5.7402107294E-02  8.5252495691E-01
           -DivStress = -8.0891169422E+01  7.6305101889E+02 -1.6187852451E+02
           ESP =  -1.4563906610E+01     ESP at Nucleus =  -1.4563906607E+01
           ESPe = -3.8980594445E+01     ESPe at Nucleus = -3.8980594154E+01
           ESPn =  2.4416687835E+01     ESPn at Nucleus =  2.4416687547E+01

CP# 7      Coords = -6.02596288424246E+00 -3.14928828108125E+00  2.28127488120796E+00
           Type = (3,-3) NACP H7
           Rho =  4.2646876395E-01     Rho at Nucleus =  4.2293909777E-01
           GradRho =  8.6286697405E-11  4.2508452470E-09  4.9577429965E-10
           HessRho_EigVals = -6.5210085963E+00 -6.5136889028E+00 -5.9334128354E+00
           HessRho_EigVec1 =  1.1449220119E-01 -1.1713535347E-01  9.8649421936E-01
           HessRho_EigVec2 = -9.9323490480E-01  5.8845895451E-03  1.1597325335E-01
           HessRho_EigVec3 =  1.9389681593E-02  9.9309852511E-01  1.1566918204E-01
           DelSqRho = -1.8968110335E+01
           Bond Ellipticity = NA
           V = -4.7517377567E+00
           G =  4.8550865273E-03
           K =  4.7468826702E+00
           L =  4.7420275836E+00
           Vnuc =  5.2595452746E+01
           Ven = -2.2430317722E+01
           Vrep =  1.7678579965E+01
           DelSqV =  7.1535865620E+02
           DelSqVen =  9.9763635813E+02
           DelSqVrep = -2.8227770193E+02
           DelSqG =  7.0660210523E+01
           DelSqK = -7.8601886672E+02
           Stress_EigVals = -1.6334247616E+00 -1.6328116975E+00 -1.4855012976E+00
           Stress_EigVec1 = -7.3581603663E-02 -1.1547448672E-01  9.9058133968E-01
           Stress_EigVec2 =  9.9709456939E-01 -2.8140868287E-02  7.0784964636E-02
           Stress_EigVec3 =  1.9701961549E-02  9.9291174555E-01  1.1720963383E-01
           -DivStress = -1.5682609948E-01 -7.6940700410E+00 -9.0014712297E-01
           ESP =  -1.0163791970E+00     ESP at Nucleus =  -1.0187558453E+00
           ESPe = -2.4255841396E+01     ESPe at Nucleus = -2.4164574676E+01
           ESPn =  2.3239462199E+01     ESPn at Nucleus =  2.3145818831E+01

CP# 8      Coords = -5.80306207109844E+00  1.82647298926557E+00  5.10437050259349E+00
           Type = (3,-3) NACP H8
           Rho =  4.2688465021E-01     Rho at Nucleus =  4.2319307150E-01
           GradRho =  3.8809559581E-10 -9.3581006486E-09 -1.0809243661E-09
           HessRho_EigVals = -6.5143126955E+00 -6.5067829290E+00 -5.9096330497E+00
           HessRho_EigVec1 =  1.5908413346E-01 -1.0678207007E-01  9.8147329459E-01
           HessRho_EigVec2 = -9.8643442637E-01 -5.7962690583E-02  1.5358205942E-01
           HessRho_EigVec3 = -4.0489022660E-02  9.9259151518E-01  1.1455445444E-01
           DelSqRho = -1.8930728674E+01
           Bond Ellipticity = NA
           V = -4.7419260378E+00
           G =  4.6219346430E-03
           K =  4.7373041032E+00
           L =  4.7326821685E+00
           Vnuc =  5.0508907026E+01
           Ven = -2.1561477108E+01
           Vrep =  1.6819551070E+01
           DelSqV =  7.1299574880E+02
           DelSqVen =  9.5617042998E+02
           DelSqVrep = -2.4317468118E+02
           DelSqG =  7.0308852300E+01
           DelSqK = -7.8330460110E+02
           Stress_EigVals = -1.6318473656E+00 -1.6306570039E+00 -1.4794216683E+00
           Stress_EigVec1 =  1.1113020153E-01 -1.1111438321E-01  9.8757464131E-01
           Stress_EigVec2 =  9.9294317192E-01  5.3810884929E-02 -1.0567992245E-01
           Stress_EigVec3 = -4.1399705981E-02  9.9234972792E-01  1.1631028259E-01
           -DivStress = -3.2663340225E-01  7.8584032321E+00  9.0981323279E-01
           ESP =  -1.0229589095E+00     ESP at Nucleus =  -1.0254226676E+00
           ESPe = -2.2866544581E+01     ESPe at Nucleus = -2.2783395475E+01
           ESPn =  2.1843585671E+01     ESPn at Nucleus =  2.1757972808E+01

CP# 9      Coords = -3.74727110944964E+00  3.20243105192894E+00  1.12060456611230E+00
           Type = (3,-3) NACP H9
           Rho =  4.2725654699E-01     Rho at Nucleus =  4.2358088152E-01
           GradRho = -9.1246454836E-16  2.0990154059E-16 -1.3183898417E-16
           HessRho_EigVals = -6.5182038492E+00 -6.5096391400E+00 -5.9171390245E+00
           HessRho_EigVec1 =  1.3648643774E-01  8.4749850239E-01 -5.1295003729E-01
           HessRho_EigVec2 = -7.4565022200E-01  4.2878949073E-01  5.1004442853E-01
           HessRho_EigVec3 =  6.5220947459E-01  3.1286716204E-01  6.9046139658E-01
           DelSqRho = -1.8944982014E+01
           Bond Ellipticity = NA
           V = -4.7461870730E+00
           G =  4.9707847664E-03
           K =  4.7412162882E+00
           L =  4.7362455034E+00
           Vnuc =  5.3778526481E+01
           Ven = -2.2977227527E+01
           Vrep =  1.8231040454E+01
           DelSqV =  7.1363210189E+02
           DelSqVen =  1.0188332169E+03
           DelSqVrep = -3.0520111501E+02
           DelSqG =  7.0363995724E+01
           DelSqK = -7.8399609762E+02
           Stress_EigVals = -1.6327841751E+00 -1.6322188986E+00 -1.4811839993E+00
           Stress_EigVec1 =  2.0292626206E-01  8.0429123525E-01 -5.5851279401E-01
           Stress_EigVec2 = -7.2946934872E-01  5.0467121996E-01  4.6171574482E-01
           Stress_EigVec3 =  6.5321925985E-01  3.1372371387E-01  6.8911684780E-01
           -DivStress =  5.1533245026E+00  2.4690629648E+00  5.4592163134E+00
           ESP =  -1.0218076977E+00     ESP at Nucleus =  -1.0242504929E+00
           ESPe = -2.6057116047E+01     ESPe at Nucleus = -2.5987115268E+01
           ESPn =  2.5035308350E+01     ESPn at Nucleus =  2.4962864775E+01

CP# 10     Coords = -5.48039047203798E+00  4.22138142521038E+00 -2.53598075178435E+00
           Type = (3,-3) NACP C10
           Rho =  1.1750309698E+02     Rho at Nucleus =  1.1750309681E+02
           GradRho =  4.7247480928E-10 -3.6856367958E-10  5.8426502525E-10
           HessRho_EigVals = -1.4478953162E+05 -1.4478927214E+05 -1.4478899248E+05
           HessRho_EigVec1 =  1.7101264502E-02 -5.8966807035E-01  8.0746462063E-01
           HessRho_EigVec2 = -8.3375742244E-01  4.3733252025E-01  3.3702941600E-01
           HessRho_EigVec3 =  5.5186602294E-01  6.7899325000E-01  4.8416119132E-01
           DelSqRho = -4.3436779624E+05
           Bond Ellipticity = NA
           V = -1.0860245624E+05
           G =  5.2535922734E+00
           K =  1.0859720265E+05
           L =  1.0859194906E+05
           Vnuc =  3.9574910759E+06
           Ven = -4.6501745767E+08
           Vrep =  4.6490885522E+08
           DelSqV =  2.4915803768E+09
           DelSqVen =  1.7190065766E+12
           DelSqVrep = -1.7165150126E+12
           DelSqG =  1.3383303344E+08
           DelSqK = -2.6254134103E+09
           Stress_EigVals = -3.6200901420E+04 -3.6200818464E+04 -3.6200736360E+04
           Stress_EigVec1 =  5.5074955840E-01  6.9178109387E-01  4.6702659676E-01
           Stress_EigVec2 = -8.3269908635E-01  4.1695260444E-01  3.6436624054E-01
           Stress_EigVec3 =  5.7333720589E-02 -5.8956716650E-01  8.0568194759E-01
           -DivStress = -6.7808024787E+02  5.0583848165E+02 -8.9108681524E+02
           ESP =  -1.4656705974E+01     ESP at Nucleus =  -1.4656705981E+01
           ESPe = -3.5505412812E+01     ESPe at Nucleus = -3.5505410287E+01
           ESPn =  2.0848706838E+01     ESPn at Nucleus =  2.0848704306E+01

CP# 11     Coords = -6.10559404679613E+00  6.07877110652280E+00 -1.96510539493907E+00
           Type = (3,-3) NACP H11
           Rho =  4.1918076423E-01     Rho at Nucleus =  4.1574191284E-01
           GradRho =  8.2515697834E-12 -2.4301873014E-11 -7.3070716144E-12
           HessRho_EigVals = -6.3702079628E+00 -6.3682161436E+00 -5.8054154885E+00
           HessRho_EigVec1 = -1.0539547048E-01 -3.1836005787E-01  9.4209270688E-01
           HessRho_EigVec2 =  9.4511963132E-01  2.6255419798E-01  1.9445867326E-01
           HessRho_EigVec3 = -3.0925826955E-01  9.1088537516E-01  2.7321631730E-01
           DelSqRho = -1.8543839595E+01
           Bond Ellipticity = NA
           V = -4.6456442303E+00
           G =  4.8421657716E-03
           K =  4.6408020645E+00
           L =  4.6359598987E+00
           Vnuc =  4.9580526260E+01
           Ven = -2.0783202889E+01
           Vrep =  1.6137558658E+01
           DelSqV =  6.9892735910E+02
           DelSqVen =  9.1941332605E+02
           DelSqVrep = -2.2048596695E+02
           DelSqG =  6.8702953241E+01
           DelSqK = -7.6763031234E+02
