AIMSum (Version 19.02.13, Professional)
Copyright (c) 1997-2019 by Todd A. Keith
AIMSum is a component of the AIMAll package ( http://aim.tkgristmill.com )

TP:  64-bit Linux

Much of the Quantum Theory of Atoms in Molecules (QTAIM) is described in the book:
  "Atoms in Molecules - A Quantum Theory"
  R.F.W. Bader, Oxford University Press, Oxford, 1990

For additional references see:  http://aim.tkgristmill.com/references.html

Wfn File:  /home/mhennefarth/Documents/ML_Diels/summary-lam2009/7-3-opt/7-3-opt.wfn
Sum File:  /home/mhennefarth/Documents/ML_Diels/summary-lam2009/7-3-opt/7-3-opt.sum

SumViz File:  /home/mhennefarth/Documents/ML_Diels/summary-lam2009/7-3-opt/7-3-opt.sumviz

Wfn Title:   Title Card Required                                                           
 
Total memory allocated for AIMSum =        3.277 Megabytes

Atomic units (a.u.) used throughout, except where stated otherwise

Model:  Restricted SCF
 
Restricted, closed-shell, single-determinant wavefunction.
  Number of electrons (from MO Occs)                   =         176.0000000000
  Number of Alpha electrons (from MO Occs)             =          88.0000000000
  Number of Beta electrons (from MO Occs)              =          88.0000000000
  Number of electron pairs (N*(N-1)/2)                 =       15400.0000000000
  Number of electron pairs (from Muller 2EDM)          =       15400.0000000000
 
Nuclear Charges and Cartesian Coordinates:
-------------------------------------------------------------------------------
Atom      Charge                X                  Y                  Z
-------------------------------------------------------------------------------
C1         6.0           4.2945992600E+00   2.4128966900E+00   3.3667871300E+00
C2         6.0           5.5588222700E+00   6.4380879000E-01   2.0448254400E+00
C3         6.0           8.0547139700E+00   1.0710664400E+00   8.7815955000E-01
C4         6.0           8.7815328500E+00   3.1859836800E+00  -3.1408379000E-01
C5         6.0          -4.2632183000E+00   3.4223278500E+00  -1.0475753200E+00
C6         6.0          -1.9941693400E+00   4.5313060900E+00  -1.2802270600E+00
H7         1.0           9.3789546800E+00  -5.0259732000E-01   1.0278844400E+00
H8         1.0          -3.1009075000E-01   3.3747596900E+00  -1.0310232100E+00
H9         1.0          -6.0089624200E+00   4.4737676700E+00  -1.2339476700E+00
H10        1.0           7.4185055100E+00   4.7168734900E+00  -5.2442354000E-01
H11        1.0           5.2363367000E+00   4.2195920400E+00   3.6289129300E+00
C12        6.0          -4.4211861500E+00   6.9434943000E-01  -4.8511534000E-01
O13        8.0          -2.5866910300E+00  -7.1247607000E-01  -3.0091429000E-01
N14        7.0          -6.8294928100E+00  -3.9338451000E-01  -1.7376407000E-01
C15        6.0          -7.0153360200E+00  -3.0859891300E+00   4.2218753000E-01
C16        6.0          -9.2028527800E+00   7.8182482000E-01  -8.8816800000E-03
O17        8.0          -9.7159228900E+00   2.9940383800E+00  -1.7451618000E-01
C18        6.0          -9.8739984300E+00  -3.5110925000E+00   1.9185259000E-01
H19        1.0          -6.2942448700E+00  -3.4528208700E+00   2.3281388500E+00
H20        1.0          -5.9101410200E+00  -4.2089796700E+00  -9.0804928000E-01
O21        8.0          -1.0974359520E+01  -1.0319324500E+00   4.0713019000E-01
H22        1.0          -1.0655730880E+01  -4.6923017300E+00   1.6906095000E+00
H23        1.0          -1.0404854620E+01  -4.2992424700E+00  -1.6468301500E+00
C24        6.0           1.7672511800E+00   2.0503640500E+00   4.5985616500E+00
H25        1.0           1.9456507800E+00   1.9275261800E+00   6.6660070800E+00
H26        1.0           5.0869923000E-01   3.6542672000E+00   4.2103948900E+00
H27        1.0           8.4463210000E-01   3.3009910000E-01   3.9283457100E+00
C28        6.0           1.1365982780E+01   3.6382197400E+00  -1.3901184200E+00
H29        1.0           1.2594633590E+01   1.9913857800E+00  -1.1417271400E+00
H30        1.0           1.1274185550E+01   4.0776188500E+00  -3.4170084300E+00
H31        1.0           1.2284712810E+01   5.2619782600E+00  -4.7774919000E-01
C32        6.0          -1.5995662000E+00   7.2704773500E+00  -1.8512985200E+00
H33        1.0          -4.8859243000E-01   8.1753802700E+00  -3.4985253000E-01
H34        1.0          -5.0739142000E-01   7.5001225500E+00  -3.6016006600E+00
H35        1.0          -3.3868106000E+00   8.2900923000E+00  -2.0527716700E+00
O36        8.0           4.6233020300E+00  -1.7755679000E+00   1.8762032800E+00
Si37      14.0           4.2793473300E+00  -3.6970489900E+00  -6.5689901000E-01
C38        6.0           1.7210606700E+00  -5.9588282100E+00   3.2169378000E-01
H39        1.0           1.4199007000E+00  -7.4243335000E+00  -1.1141144700E+00
H40        1.0           2.1972735600E+00  -6.9049252600E+00   2.1018857200E+00
H41        1.0          -5.6565020000E-02  -4.9315579800E+00   5.8368541000E-01
C42        6.0           7.3183293200E+00  -5.4715263700E+00  -1.2699923100E+00
H43        1.0           8.8331621200E+00  -4.2221962900E+00  -1.9280667500E+00
H44        1.0           7.9839248900E+00  -6.4293605200E+00   4.4271940000E-01
H45        1.0           7.0314896900E+00  -6.9211504100E+00  -2.7256785800E+00
C46        6.0           3.3188883300E+00  -1.8294874700E+00  -3.5306074300E+00
H47        1.0           3.1527020500E+00  -3.0674546200E+00  -5.1862872000E+00
H48        1.0           1.4786975900E+00  -9.3654086000E-01  -3.2131920200E+00
H49        1.0           4.6997603400E+00  -3.5432755000E-01  -3.9835577700E+00
 
Some Atomic Properties:
----------------------
  q(A) = Net Charge of Atom A
  L(A) = Lagrangian of Atom A = -(1/4) Times Atomic Integral of the Laplacian of the Electron Density
  K(A) = Electronic Kinetic Energy of Atom A (Hamiltonian Form)
  K_Scaled(A) = K(A) * E(Mol)/K(Mol) = Approximation to Virial-Based Total Energy of Atom A.
  |Mu_Intra(A)| = Magnitude of Intraatomic Dipole Moment of Atom A
--------------------------------------------------------------------------------------------------
Atom A          q(A)              L(A)              K(A)          K_Scaled(A)      |Mu_Intra(A)|
--------------------------------------------------------------------------------------------------
C1       -3.6654988000E-02  2.3993573500E-05  3.7704282469E+01 -3.8017839577E+01  1.5750807311E-01
C2        5.0388412590E-01 -9.9409830233E-05  3.7384087827E+01 -3.7694982125E+01  7.0152865990E-01
C3       -4.7214275500E-02 -8.7562541954E-05  3.7738391345E+01 -3.8052232110E+01  9.0438296154E-02
C4       -4.7319525300E-02 -2.5421826468E-05  3.7708123303E+01 -3.8021712352E+01  7.3338118450E-02
C5       -5.0560364500E-02 -5.7854953440E-05  3.7747542787E+01 -3.8061459658E+01  2.0774533938E-01
C6       -2.3953099000E-02  5.0120764365E-06  3.7720808486E+01 -3.8034503028E+01  8.8573753153E-02
H7        3.4975190910E-02  3.2364141108E-05  5.9993273371E-01 -6.0492190631E-01  1.5125934900E-01
H8        8.5248171930E-02  2.9062896837E-05  5.8300612547E-01 -5.8785453267E-01  1.3671036397E-01
H9        1.0972669481E-01  7.0950449547E-06  5.7729909095E-01 -5.8210003720E-01  1.2788408859E-01
H10       3.0151724920E-02  1.9829629600E-05  6.0238126142E-01 -6.0739079652E-01  1.5469671518E-01
H11       2.4958726050E-02  3.1713359251E-05  6.0529398354E-01 -6.1032774147E-01  1.5475749961E-01
C12       1.3949379006E+00 -4.2910214519E-04  3.6801005906E+01 -3.7107051168E+01  8.3024006421E-01
O13      -1.2020508058E+00  6.7343963535E-05  7.5293482338E+01 -7.5919639502E+01  4.6857391655E-01
N14      -1.1622195302E+00 -5.0966882584E-08  5.4966935465E+01 -5.5424052593E+01  1.1270853840E-01
C15       3.4040628250E-01 -1.2196254938E-04  3.7522221005E+01 -3.7834264050E+01  5.2610361620E-01
C16       2.0292587725E+00  7.6251095068E-05  3.6409607561E+01 -3.6712397868E+01  2.7556550040E-01
O17      -1.2074635763E+00  3.0011782025E-05  7.5356640856E+01 -7.5983323260E+01  5.9179484074E-01
C18       4.4227177180E-01  2.4119854245E-04  3.7444840413E+01 -3.7756239943E+01  5.9057500915E-01
H19       4.9666223120E-02  2.7859475759E-05  6.0126449723E-01 -6.0626474507E-01  1.4806205246E-01
H20       6.9642410390E-02  2.7231479292E-05  5.9359509983E-01 -5.9853156727E-01  1.4338661390E-01
O21      -1.0592311551E+00  7.5819573135E-05  7.5257620615E+01 -7.5883479545E+01  2.2598074808E-01
H22       5.7110250560E-02  2.6965471736E-05  6.0069175759E-01 -6.0568724240E-01  1.4482949223E-01
H23       4.4950456900E-02  3.0575611190E-05  6.0629416731E-01 -6.1133624299E-01  1.4916476815E-01
C24      -1.2991114100E-02  1.0958120949E-04  3.7673540185E+01 -3.7986841633E+01  1.1246845098E-01
H25       1.2130817040E-02  2.4342292940E-05  6.0438274055E-01 -6.0940892039E-01  1.5582617437E-01
H26       4.7044548200E-03  4.1011487052E-05  6.0836881272E-01 -6.1342814161E-01  1.5464331503E-01
H27       5.2810220380E-02  1.3406957909E-05  5.9356415631E-01 -5.9850036642E-01  1.3627621141E-01
C28      -1.6329264800E-02 -3.0528332798E-04  3.7677572926E+01 -3.7990907911E+01  8.6507392775E-02
H29       1.6934335110E-02  2.5971024310E-05  6.0381077933E-01 -6.0883220261E-01  1.5306892426E-01
H30       1.8731633760E-02  2.3387397711E-05  6.0227147580E-01 -6.0728009789E-01  1.5414987485E-01
H31       2.1477745940E-02  2.6698500914E-05  6.0074971782E-01 -6.0574568464E-01  1.5382451268E-01
C32      -1.9825838400E-02  1.5515536864E-04  3.7686844665E+01 -3.8000256756E+01  1.1273130191E-01
H33       3.5570131390E-02  2.3980603153E-05  5.9464499964E-01 -5.9959019828E-01  1.4988145613E-01
H34       3.4342515040E-02  2.2546374153E-05  5.9503599289E-01 -5.9998444312E-01  1.5039809379E-01
H35       2.9180228490E-02  1.6779484323E-05  5.9940825326E-01 -6.0439306416E-01  1.4982679499E-01
O36      -1.3913961947E+00  1.1108772400E-04  7.5269480531E+01 -7.5895438090E+01  3.9818747594E-01
Si37      2.9790635210E+00 -4.2680101897E-04  2.8728729508E+02 -2.8967643943E+02  9.0984481592E-02
C38      -7.9840231310E-01 -2.5005870301E-04  3.7975125453E+01 -3.8290934951E+01  1.1997814737E+00
H39       1.1488192870E-02  2.3673326105E-05  5.9839026050E-01 -6.0336660555E-01  1.5850595178E-01
H40       2.3779478680E-02  2.5583893767E-05  5.9420134504E-01 -5.9914285415E-01  1.5548754384E-01
H41       5.3951411270E-02  8.3480496713E-06  5.8492393722E-01 -5.8978829337E-01  1.3682313557E-01
C42      -7.8546056360E-01  8.1039200818E-05  3.7964357381E+01 -3.8280077329E+01  1.2195595537E+00
H43       1.9060744950E-02  3.0055219784E-05  5.9718024897E-01 -6.0214653130E-01  1.5353415239E-01
H44       2.4255490470E-02  2.4884061736E-05  5.9400402815E-01 -5.9894389633E-01  1.5554975419E-01
H45       1.7523651880E-02  2.6796387160E-05  5.9619099541E-01 -6.0114905089E-01  1.5737203176E-01
C46      -8.0593666930E-01 -2.5730942232E-04  3.7976587782E+01 -3.8292409441E+01  1.2043258259E+00
H47       1.5910408160E-02  2.4805737705E-05  5.9654388895E-01 -6.0150487917E-01  1.5750605489E-01
H48       5.3377495880E-02  1.5529695377E-05  5.8493317900E-01 -5.8979761200E-01  1.3606670112E-01
H49       2.5011927290E-02  2.7513341430E-05  5.9422494987E-01 -5.9916665528E-01  1.5275127015E-01
--------------------------------------------------------------------------------------------------
Total    -5.1617039000E-04 -4.2631223180E-04  1.2606789829E+03 -1.2711630666E+03
 
1st Largest |L(A)| = 4.2910214519E-04, atom C12     
2nd Largest |L(A)| = 4.2680101897E-04, atom Si37    
 
Molecular charge q(Mol) from the wfn file:   0.0000000000E+00
Molecular energy E(Mol) from the wfn file:  -1.2711631784E+03
Molecular virial ratio (-V(Mol)/T(Mol)) from the wfn file:   2.0083162200E+00
Note.  K_Scaled(A) = (1+V(Mol)/T(Mol))*K(A) = (E(Mol)/T(Mol))*K(A)
       Only use K_Scaled(A) data with caution.
 
N_AIMInt(SumA)     =        176.000516
N_Analytic(Mol)    =        175.999971
 
G_AIMInt(SumA)     =       1260.679409
G_Analytic(Mol)    =       1260.679028
 
K_AIMInt(SumA)     =       1260.678983
K_Analytic(Mol)    =       1260.679028
 
L_AIMInt(SumA)     =         -0.000426
L_Analytic(Mol)    =          0.000000
 
VenT_AIMInt(SumA)  =      -6906.238486
VenT_Analytic(Mol) =      -6906.217735
 
Some Information About the Atomic Calculations:
----------------------------------------------
  Time(sec) = "Elapsed User Time", in Seconds, for Atom A by AIMInt and, if used, by TWOe
  NProc = Number of Processors Used for AIMInt Job
  BIM = Basin Integration Method
  OAQ = Angular Quadrature Outside of Beta Sphere
  ORQ = Multiple of Default for Radial Quadrature Outside of Beta Sphere
  IAQ = Multiple of Default for Angular Quadrature Inside of Beta Sphere
  IRQ = Multiple of Default for Radial Quadrature Inside of Beta Sphere
  MIR = Maximum Integration Radius
------------------------------------------------------------------------------------------------------
Atom A     Time(sec)   NProc      BIM          OAQ                     ORQ      IAQ      IRQ      MIR
------------------------------------------------------------------------------------------------------
C1             70        8     Proaim(5)    4500(GS4)                  1.00     1.00     1.00    13.00
C2             94        8     Proaim(5)    4500(GS4)                  1.00     1.00     1.00    13.00
C3             63        8     Proaim(5)    4500(GS4)                  1.00     1.00     1.00    13.00
C4             48        8     Proaim(5)    4500(GS4)                  1.00     1.00     1.00    13.00
C5             70        8     Proaim(5)    4500(GS4)                  1.00     1.00     1.00    13.00
C6             82        8     Proaim(5)    4500(GS4)                  1.00     1.00     1.00    13.00
H7             24        8     Proaim(5)    4500(GS4)                  1.00     1.00     1.00    13.00
H8             65        8     Proaim(5)    4500(GS4)                  1.00     1.00     1.00    13.00
H9             17        8     Proaim(5)    4500(GS4)                  1.00     1.00     1.00    13.00
H10            14        8     Proaim(5)    1800(GS4)                  1.00     1.00     1.00    13.00
H11            12        8     Proaim(5)    1800(GS4)                  1.00     1.00     1.00    13.00
C12            92        8     Proaim(5)    4500(GS4)                  1.00     1.00     1.00    13.00
O13            84        8     Proaim(5)    4500(GS4)                  1.00     1.00     1.00    13.00
N14            52        8     Proaim(5)    4500(GS4)                  1.00     1.00     1.00    13.00
C15            47        8     Proaim(5)    4500(GS4)                  1.00     1.00     1.00    13.00
C16            26        8     Proaim(5)    4500(GS4)                  1.00     1.00     1.00    13.00
O17            24        8     Proaim(5)    4500(GS4)                  1.00     1.00     1.00    13.00
C18            27        8     Proaim(5)    4500(GS4)                  1.00     1.00     1.00    13.00
H19            15        8     Proaim(5)    1800(GS4)                  1.00     1.00     1.00    13.00
H20            13        8     Proaim(5)    1800(GS4)                  1.00     1.00     1.00    13.00
O21            23        8     Proaim(5)    4500(GS4)                  1.00     1.00     1.00    13.00
H22             9        8     Proaim(5)    1800(GS4)                  1.00     1.00     1.00    13.00
H23             9        8     Proaim(5)    1800(GS4)                  1.00     1.00     1.00    13.00
C24            76        8     Proaim(5)    4500(GS4)                  1.00     1.00     1.00    13.00
H25             9        8     Proaim(5)    1800(GS4)                  1.00     1.00     1.00    13.00
H26            53        8     Proaim(5)    4500(GS4)                  1.00     1.00     1.00    13.00
H27            30        8     Proaim(5)    4500(GS4)                  1.00     1.00     1.00    13.00
C28            33        8     Proaim(5)    4500(GS4)                  1.00     1.00     1.00    13.00
H29            11        8     Proaim(5)    1800(GS4)                  1.00     1.00     1.00    13.00
H30             9        8     Proaim(5)    1800(GS4)                  1.00     1.00     1.00    13.00
H31             8        8     Proaim(5)    1800(GS4)                  1.00     1.00     1.00    13.00
C32            39        8     Proaim(5)    4500(GS4)                  1.00     1.00     1.00    13.00
H33            12        8     Proaim(5)    1800(GS4)                  1.00     1.00     1.00    13.00
H34            10        8     Proaim(5)    1800(GS4)                  1.00     1.00     1.00    13.00
H35            10        8     Proaim(5)    1800(GS4)                  1.00     1.00     1.00    13.00
O36            70        8     Proaim(5)    4500(GS4)                  1.00     1.00     1.00    13.00
Si37           92        8     Proaim(5)    7200(GS7)                  1.00     1.00     1.00    13.00
C38            45        8     Proaim(5)    4500(GS4)                  1.00     1.00     1.00    13.00
H39            10        8     Proaim(5)    1800(GS4)                  1.00     1.00     1.00    13.00
H40            11        8     Proaim(5)    1800(GS4)                  1.00     1.00     1.00    13.00
H41            26        8     Proaim(5)    4500(GS4)                  1.00     1.00     1.00    13.00
C42            41        8     Proaim(5)    4500(GS4)                  1.00     1.00     1.00    13.00
H43            24        8     Proaim(5)    4500(GS4)                  1.00     1.00     1.00    13.00
H44            11        8     Proaim(5)    1800(GS4)                  1.00     1.00     1.00    13.00
H45            10        8     Proaim(5)    1800(GS4)                  1.00     1.00     1.00    13.00
C46            70        8     Proaim(5)    4500(GS4)                  1.00     1.00     1.00    13.00
H47            10        8     Proaim(5)    1800(GS4)                  1.00     1.00     1.00    13.00
H48            31        8     Proaim(5)    4500(GS4)                  1.00     1.00     1.00    13.00
H49            19        8     Proaim(5)    1800(GS4)                  1.00     1.00     1.00    13.00
------------------------------------------------------------------------------------------------------
Total        1750
Note:  Total wall clock time is less than total of atomic times if more than one atom
       was calculated at a time
 
Electron Density Critical Point Analysis of Molecular Structure:               
---------------------------------------------------------------                
  NACP = Nuclear Attractor Critical Point                                      
  NNACP = Non-Nuclear Attractor Critical Point                                 
  BCP = Bond Critical Point                                                    
  RCP = Ring Critical Point                                                    
  CCP = Cage Critical Point                                                    
  Rho = Electron Density                                                       
  GradRho = Gradient of Electron Density                                       
  HessRho_EigVals = Eigenvalues of the Hessian of Rho, Ascending Order         
  HessRho_EigVecs = Eigenvectors of the Hessian of Rho                         
  DelSqRho = Laplacian of Rho = Trace of Hessian of Rho                        
  Bond Ellipticity = (HessRho_EigVal(1) / HessRho_EigVal(2)) - 1               
  V = Virial Field = Potential Energy Density = Trace of Stress Tensor         
  G = Lagrangian Form of Kinetic Energy Density                                
  K = Hamiltonian Form of Kinetic Energy Density                               
  L = K - G = Lagrangian Density = (-1/4)DelSqRho                              
  Vnuc = Electrostatic Potential from Nuclei                                   
  Ven = Electron-nuclear attractive contribution to Virial Field V             
  Vrep = V - Ven = Repulsive contribution to Virial Field V                    
  DelSqV = Laplacian of V                                                      
  DelSqVen = Laplacian of Ven                                                  
  DelSqVrep = Laplacian of Vrep                                                
  DelSqG = Laplacian of G                                                      
  DelSqK = Laplacian of K                                                      
  Stress_EigVals = Eigenvalues of Stress Tensor, Ascending Order               
  Stress_EigVecs = Eigenvectors of Stress Tensor                               
  -DivStress = Ehrenfest Force Density = Minus Divergence of Stress Tensor     
  ESP = Total Electrostatic Potential                                          
  ESPe = Electrostatic Potential from Electrons                                
  ESPn = Electrostatic Potential from Nuclei                                   
  BP = Bond Path                                                               
  BPL = Bond Path Length                                                       
  GBL = Geometric Bond Length                                                  
  GBL_I = Distance Between Nuclear Attractors                                  
  GBL_II = Distance Between Nuclei                                             
  GBL_III = Sum of Distances Between BCP and Nuclear Attractors                
  GBL_IV = Sum of Distances Between BCP and Nuclei                             

CP# 1      Coords =  4.29459809382659E+00  2.41289714467772E+00  3.36678775480142E+00
           Type = (3,-3) NACP C1
           Rho =  1.1764576538E+02     Rho at Nucleus =  1.1764576524E+02
           GradRho = -5.3923221791E-10  1.6657204088E-10  2.4529880557E-10
           HessRho_EigVals = -1.4496645359E+05 -1.4496612295E+05 -1.4496598972E+05
           HessRho_EigVec1 =  3.8924775933E-01 -4.0292873963E-01  8.2833242882E-01
           HessRho_EigVec2 =  9.1540494338E-01  2.6933944268E-01 -2.9914888310E-01
           HessRho_EigVec3 = -1.0256691231E-01  8.7470263255E-01  4.7368273465E-01
           DelSqRho = -4.3489856626E+05
           Bond Ellipticity = NA
           V = -1.0873495102E+05
           G =  5.1547269631E+00
           K =  1.0872979629E+05
           L =  1.0872464156E+05
           Vnuc =  4.2889455800E+06
           Ven = -5.0457628543E+08
           Vrep =  5.0446755048E+08
           DelSqV =  2.4946090210E+09
           DelSqVen =  1.8652562227E+12
           DelSqVrep = -1.8627615809E+12
           DelSqG =  1.3399754809E+08
           DelSqK = -2.6286065691E+09
           Stress_EigVals = -3.6245170569E+04 -3.6245059069E+04 -3.6244721380E+04
           Stress_EigVec1 = -2.4981867169E-01  8.3989242066E-01  4.8184162646E-01
           Stress_EigVec2 =  8.6843731811E-01  4.1443467536E-01 -2.7214063343E-01
           Stress_EigVec3 =  4.2826073341E-01 -3.5046343829E-01  8.3292744140E-01
           -DivStress =  9.5268114693E+02 -3.6871256693E+02 -5.1405900397E+02
           ESP =  -1.4764407153E+01     ESP at Nucleus =  -1.4764407164E+01
           ESPe = -3.8101934914E+01     ESPe at Nucleus = -3.8101935927E+01
           ESPn =  2.3337527762E+01     ESPn at Nucleus =  2.3337528763E+01

CP# 2      Coords =  5.55882183150594E+00  6.43802129234582E-01  2.04482378288298E+00
           Type = (3,-3) NACP C2
           Rho =  1.1761073142E+02     Rho at Nucleus =  1.1761072799E+02
           GradRho = -2.0967491632E-11 -6.0003113589E-12 -8.0120493573E-12
           HessRho_EigVals = -1.4490362812E+05 -1.4490267227E+05 -1.4490178372E+05
           HessRho_EigVec1 =  4.4923814362E-01  8.9253494003E-01  3.9578670279E-02
           HessRho_EigVec2 =  5.4113978721E-01 -3.0708612013E-01  7.8285748736E-01
           HessRho_EigVec3 =  7.1088172083E-01 -3.3027185113E-01 -6.2094096607E-01
           DelSqRho = -4.3470808411E+05
           Bond Ellipticity = NA
           V = -1.0868703603E+05
           G =  5.0075013927E+00
           K =  1.0868202853E+05
           L =  1.0867702103E+05
           Vnuc =  8.7239787791E+05
           Ven = -1.0260335251E+08
           Vrep =  1.0249466547E+08
           DelSqV =  2.4934942291E+09
           DelSqVen =  3.7923841229E+11
           DelSqVrep = -3.7674491780E+11
           DelSqG =  1.3391806028E+08
           DelSqK = -2.6274122894E+09
           Stress_EigVals = -3.6229392279E+04 -3.6228843881E+04 -3.6228799870E+04
           Stress_EigVec1 =  7.1642363911E-01 -3.8666683767E-01 -5.8071156865E-01
           Stress_EigVec2 =  5.2654355879E-01 -2.4639555966E-01  8.1365908640E-01
           Stress_EigVec3 =  4.5769973783E-01  8.8869453966E-01 -2.7073329256E-02
           -DivStress =  3.5065164641E+02  5.3988240586E+03  1.3411172466E+03
           ESP =  -1.4697517524E+01     ESP at Nucleus =  -1.4697517764E+01
           ESPe = -4.0383560977E+01     ESPe at Nucleus = -4.0383555491E+01
           ESPn =  2.5686043453E+01     ESPn at Nucleus =  2.5686037727E+01

CP# 3      Coords =  8.05471291326140E+00  1.07106559294456E+00  8.78159957112217E-01
           Type = (3,-3) NACP C3
           Rho =  1.1770098202E+02     Rho at Nucleus =  1.1770098188E+02
           GradRho = -4.2381449392E-10 -3.9317994346E-10  1.8904737498E-10
           HessRho_EigVals = -1.4503917243E+05 -1.4503853033E+05 -1.4503820710E+05
           HessRho_EigVec1 =  4.1824305717E-01  3.0757353591E-01  8.5467611710E-01
           HessRho_EigVec2 =  8.9620806907E-01 -2.9297113427E-01 -3.3313512486E-01
           HessRho_EigVec3 =  1.4793188317E-01  9.0529908566E-01 -3.9818302757E-01
           DelSqRho = -4.3511590986E+05
           Bond Ellipticity = NA
           V = -1.0878928134E+05
           G =  5.1519369090E+00
           K =  1.0878412940E+05
           L =  1.0877897747E+05
           Vnuc =  4.2427275178E+06
           Ven = -4.9937319531E+08
           Vrep =  4.9926440603E+08
           DelSqV =  2.4958551690E+09
           DelSqVen =  1.8460783084E+12
           DelSqVrep = -1.8435824860E+12
           DelSqG =  1.3406852529E+08
           DelSqK = -2.6299236943E+09
           Stress_EigVals = -3.6263342925E+04 -3.6263177768E+04 -3.6262760647E+04
           Stress_EigVec1 =  1.9277230997E-01  8.7944482275E-01 -4.3521907156E-01
           Stress_EigVec2 =  9.0919242234E-01 -3.2690964496E-01 -2.5787443299E-01
           Stress_EigVec3 =  3.6906364717E-01  3.4598683179E-01  8.6260369612E-01
           -DivStress =  8.6003474862E+02  6.8543718261E+02 -3.3091896500E+02
           ESP =  -1.4749345298E+01     ESP at Nucleus =  -1.4749345312E+01
           ESPe = -3.7672772845E+01     ESPe at Nucleus = -3.7672771436E+01
           ESPn =  2.2923427546E+01     ESPn at Nucleus =  2.2923426124E+01

CP# 4      Coords =  8.78153425449738E+00  3.18598471071109E+00 -3.14084416257007E-01
           Type = (3,-3) NACP C4
           Rho =  1.1767411413E+02     Rho at Nucleus =  1.1767411388E+02
           GradRho =  9.9300560830E-10  7.9374365414E-10 -4.7405224191E-10
           HessRho_EigVals = -1.4499792040E+05 -1.4499704728E+05 -1.4499675346E+05
           HessRho_EigVec1 =  2.5886108522E-01  4.1568124647E-01  8.7189451191E-01
           HessRho_EigVec2 =  9.6591219463E-01 -1.1339851801E-01 -2.3271099753E-01
           HessRho_EigVec3 =  2.1379479872E-03  9.0241336285E-01 -4.3086604848E-01
           DelSqRho = -4.3499172115E+05
           Bond Ellipticity = NA
           V = -1.0875811403E+05
           G =  5.0918719924E+00
           K =  1.0875302216E+05
           L =  1.0874793029E+05
           Vnuc =  3.2410506817E+06
           Ven = -3.8138776783E+08
           Vrep =  3.8127900972E+08
           DelSqV =  2.4951351416E+09
           DelSqVen =  1.4098301747E+12
           DelSqVrep = -1.4073350478E+12
           DelSqG =  1.3402216130E+08
           DelSqK = -2.6291573029E+09
           Stress_EigVals = -3.6252966825E+04 -3.6252807153E+04 -3.6252340053E+04
           Stress_EigVec1 =  8.0016302065E-02  8.9448551960E-01 -4.3987844528E-01
           Stress_EigVec2 =  9.5584882582E-01 -1.9403354178E-01 -2.2068984308E-01
           Stress_EigVec3 =  2.8275504164E-01  4.0279851028E-01  8.7051878012E-01
           -DivStress = -1.1463868116E+03 -8.3639403807E+02  5.1091688707E+02
           ESP =  -1.4740543450E+01     ESP at Nucleus =  -1.4740543471E+01
           ESPe = -3.5496099381E+01     ESPe at Nucleus = -3.5496102016E+01
           ESPn =  2.0755555931E+01     ESPn at Nucleus =  2.0755558546E+01

CP# 5      Coords = -4.26321802581887E+00  3.42232540832416E+00 -1.04757480379959E+00
           Type = (3,-3) NACP C5
           Rho =  1.1767652644E+02     Rho at Nucleus =  1.1767652598E+02
           GradRho =  3.1684082165E-10 -3.4505042796E-09  7.3779434038E-10
           HessRho_EigVals = -1.4500604635E+05 -1.4500571198E+05 -1.4500498204E+05
           HessRho_EigVec1 =  1.0854528013E-02  1.4379981705E-01  9.8954726610E-01
           HessRho_EigVec2 =  1.2020190838E-01  9.8224190522E-01 -1.4405672789E-01
           HessRho_EigVec3 =  9.9269012307E-01 -1.2050913761E-01  6.6232401580E-03
           DelSqRho = -4.3501674037E+05
           Bond Ellipticity = NA
           V = -1.0876460703E+05
           G =  5.2109675346E+00
           K =  1.0875939606E+05
           L =  1.0875418509E+05
           Vnuc =  2.3898329330E+06
           Ven = -2.8122723832E+08
           Vrep =  2.8111847372E+08
           DelSqV =  2.4952870437E+09
           DelSqVen =  1.0396173763E+12
           DelSqVrep = -1.0371220810E+12
           DelSqG =  1.3403539186E+08
           DelSqK = -2.6293224355E+09
           Stress_EigVals = -3.6255158795E+04 -3.6254894881E+04 -3.6254553352E+04
           Stress_EigVec1 =  9.9979042754E-01 -1.9346881964E-02 -6.6932170430E-03
           Stress_EigVec2 =  1.7783754719E-02  9.8273148044E-01 -1.8418082260E-01
           Stress_EigVec3 =  1.0140959729E-02  1.8402319284E-01  9.8286958719E-01
           -DivStress = -2.2819064176E+02  1.9807379965E+03 -4.1887031303E+02
           ESP =  -1.4736698591E+01     ESP at Nucleus =  -1.4736698620E+01
           ESPe = -3.8850088736E+01     ESPe at Nucleus = -3.8850085356E+01
           ESPn =  2.4113390145E+01     ESPn at Nucleus =  2.4113386736E+01

CP# 6      Coords = -1.99416898324420E+00  4.53130776038939E+00 -1.28022737327212E+00
           Type = (3,-3) NACP C6
           Rho =  1.1771943174E+02     Rho at Nucleus =  1.1771943152E+02
           GradRho =  2.5584017023E-10  1.1370529548E-09 -2.1469141677E-10
           HessRho_EigVals = -1.4505443011E+05 -1.4505264967E+05 -1.4505233445E+05
           HessRho_EigVec1 = -4.6152016048E-03  2.0576828303E-01  9.7858985975E-01
           HessRho_EigVec2 =  8.7221055575E-02  9.7495357117E-01 -2.0459233009E-01
           HessRho_EigVec3 =  9.9617829096E-01 -8.4409405693E-02  2.2446934136E-02
           DelSqRho = -4.3515941423E+05
           Bond Ellipticity = NA
           V = -1.0880000374E+05
           G =  5.0750911586E+00
           K =  1.0879492865E+05
           L =  1.0878985356E+05
           Vnuc =  3.4551445684E+06
           Ven = -4.0673765516E+08
           Vrep =  4.0662885516E+08
           DelSqV =  2.4960924623E+09
           DelSqVen =  1.5035385774E+12
           DelSqVrep = -1.5010424849E+12
           DelSqG =  1.3407369062E+08
           DelSqK = -2.6301661529E+09
           Stress_EigVals = -3.6267000502E+04 -3.6266853307E+04 -3.6266149931E+04
           Stress_EigVec1 =  9.9496999551E-01  9.8691564766E-02 -1.7166335573E-02
           Stress_EigVec2 = -1.0011194438E-01  9.7364926385E-01 -2.0490170718E-01
           Stress_EigVec3 = -3.5080801118E-03  2.0558960591E-01  9.7863200812E-01
           -DivStress = -2.8869503787E+02 -1.3629408784E+03  2.5521153907E+02
           ESP =  -1.4717407951E+01     ESP at Nucleus =  -1.4717407965E+01
           ESPe = -3.7858939771E+01     ESPe at Nucleus = -3.7858941723E+01
           ESPn =  2.3141531820E+01     ESPn at Nucleus =  2.3141533758E+01

CP# 7      Coords =  9.35695880449262E+00 -4.76539676983925E-01  1.02534049677587E+00
           Type = (3,-3) NACP H7
           Rho =  4.2690271743E-01     Rho at Nucleus =  4.2334219739E-01
           GradRho =  2.8232624572E-15  1.1430201403E-15  5.1000870194E-16
           HessRho_EigVals = -6.5297790203E+00 -6.5225788789E+00 -5.9385651115E+00
           HessRho_EigVec1 =  6.8261314302E-01  5.3113001775E-01 -5.0193645137E-01
           HessRho_EigVec2 =  3.4286421743E-01  3.7379223392E-01  8.6181407175E-01
           HessRho_EigVec3 = -6.4535527067E-01  7.6038166082E-01 -7.3050013742E-02
           DelSqRho = -1.8990923011E+01
           Bond Ellipticity = NA
           V = -4.7574049732E+00
           G =  4.8371102674E-03
           K =  4.7525678629E+00
           L =  4.7477307527E+00
           Vnuc =  5.1839922761E+01
           Ven = -2.2130603898E+01
           Vrep =  1.7373198924E+01
           DelSqV =  7.1611527412E+02
           DelSqVen =  9.8448798202E+02
           DelSqVrep = -2.6837270790E+02
           DelSqG =  7.0760184016E+01
           DelSqK = -7.8687545814E+02
           Stress_EigVals = -1.6356387776E+00 -1.6349071824E+00 -1.4868590132E+00
           Stress_EigVec1 =  6.1888384515E-01  4.6175621654E-01 -6.3542425410E-01
           Stress_EigVec2 =  4.4950819186E-01  4.5519750148E-01  7.6859457459E-01
           Stress_EigVec3 = -6.4414685567E-01  7.6129917321E-01 -7.4151178038E-02
           -DivStress =  5.0084918291E+00 -5.9338110612E+00  5.8074831655E-01
           ESP =  -1.1136934940E+00     ESP at Nucleus =  -1.1160778431E+00
           ESPe = -2.3709486205E+01     ESPe at Nucleus = -2.3616374961E+01
           ESPn =  2.2595792711E+01     ESPn at Nucleus =  2.2500297118E+01

CP# 8      Coords = -3.39435677500591E-01  3.39546751082674E+00 -1.03552513714577E+00
           Type = (3,-3) NACP H8
           Rho =  4.2360074156E-01     Rho at Nucleus =  4.1967315297E-01
           GradRho = -1.6775412981E-14  1.1128633957E-14 -3.0359066904E-15
           HessRho_EigVals = -6.4539989390E+00 -6.4474911793E+00 -5.8279551615E+00
           HessRho_EigVec1 =  5.8252048442E-01  7.9473252075E-01 -1.7049957681E-01
           HessRho_EigVec2 = -1.0593334251E-03  2.1050616867E-01  9.7759195514E-01
           HessRho_EigVec3 =  8.1281533145E-01 -5.6928672337E-01  1.2346604207E-01
           DelSqRho = -1.8729445280E+01
           Bond Ellipticity = NA
           V = -4.6913307437E+00
           G =  4.4847119080E-03
           K =  4.6868460318E+00
           L =  4.6823613199E+00
           Vnuc =  5.3185248425E+01
           Ven = -2.2529310673E+01
           Vrep =  1.7837979929E+01
           DelSqV =  7.0416528267E+02
           DelSqVen =  9.9613020006E+02
           DelSqVrep = -2.9196491739E+02
           DelSqG =  6.9364816340E+01
           DelSqK = -7.7353009901E+02
           Stress_EigVals = -1.6168430349E+00 -1.6153953207E+00 -1.4590923882E+00
           Stress_EigVec1 =  5.8110439583E-01  7.9692293089E-01 -1.6501976660E-01
           Stress_EigVec2 = -4.5412425690E-03  2.0594167622E-01  9.7855373031E-01
           Stress_EigVec3 =  8.1381635414E-01 -5.6789247946E-01  1.2329263367E-01
           -DivStress =  6.5897919001E+00 -4.6500896406E+00  1.0108081147E+00
           ESP =  -1.1006150508E+00     ESP at Nucleus =  -1.1032346372E+00
           ESPe = -2.6659086966E+01     ESPe at Nucleus = -2.6616149609E+01
           ESPn =  2.5558471915E+01     ESPn at Nucleus =  2.5512914972E+01

CP# 9      Coords = -5.97716442673317E+00  4.45474574652760E+00 -1.23069252103445E+00
           Type = (3,-3) NACP H9
           Rho =  4.2010090302E-01     Rho at Nucleus =  4.1600994438E-01
           GradRho =  4.6020482226E-10 -2.7605724829E-10  4.7333203271E-11
           HessRho_EigVals = -6.3755823566E+00 -6.3683698589E+00 -5.7391955437E+00
           HessRho_EigVec1 =  5.2289016269E-01  8.2727510443E-01 -2.0543071666E-01
           HessRho_EigVec2 =  3.1959443586E-02  2.2180613898E-01  9.7456689390E-01
           HessRho_EigVec3 =  8.5180072301E-01 -5.1615689310E-01  8.9540996066E-02
           DelSqRho = -1.8483147759E+01
           Bond Ellipticity = NA
           V = -4.6312933452E+00
           G =  5.2532026997E-03
           K =  4.6260401425E+00
           L =  4.6207869398E+00
           Vnuc =  5.0534294102E+01
           Ven = -2.1229502586E+01
           Vrep =  1.6598209241E+01
           DelSqV =  6.9387193525E+02
           DelSqVen =  9.3403282558E+02
           DelSqVrep = -2.4016089032E+02
           DelSqG =  6.8149339983E+01
           DelSqK = -7.6202127524E+02
           Stress_EigVals = -1.5973069138E+00 -1.5966249519E+00 -1.4373614795E+00
           Stress_EigVec1 =  5.1984901370E-01  8.0621223540E-01 -2.8245147273E-01
           Stress_EigVec2 =  7.3372972747E-02  2.8727859566E-01  9.5503267763E-01
           Stress_EigVec3 =  8.5110129234E-01 -5.1719709973E-01  9.0187306234E-02
           -DivStress = -7.0484661462E+00  4.2149387687E+00 -7.2119689490E-01
           ESP =  -1.1002263065E+00     ESP at Nucleus =  -1.1030106458E+00
           ESPe = -2.4749904566E+01     ESPe at Nucleus = -2.4650672401E+01
           ESPn =  2.3649678260E+01     ESPn at Nucleus =  2.3547661755E+01

CP# 10     Coords =  7.44149255803151E+00  4.69149485691849E+00 -5.21032605428572E-01
           Type = (3,-3) NACP H10
           Rho =  4.2805036410E-01     Rho at Nucleus =  4.2444474260E-01
           GradRho =  5.1120132433E-16 -2.4372864837E-16  3.2179120479E-16
           HessRho_EigVals = -6.5344104269E+00 -6.5264108249E+00 -5.9373151243E+00
           HessRho_EigVec1 =  6.9355275312E-01  5.6611941481E-01 -4.4552596649E-01
           HessRho_EigVec2 =  2.7318863046E-01  3.6556682896E-01  8.8979147318E-01
           HessRho_EigVec3 = -6.6659774289E-01  7.3882995455E-01 -9.8882493065E-02
           DelSqRho = -1.8998136376E+01
           Bond Ellipticity = NA
           V = -4.7590176915E+00
           G =  4.7417987608E-03
           K =  4.7542758928E+00
           L =  4.7495340940E+00
           Vnuc =  5.0682329436E+01
           Ven = -2.1694589568E+01
           Vrep =  1.6935571877E+01
           DelSqV =  7.1597920908E+02
           DelSqVen =  9.6286980648E+02
           DelSqVrep = -2.4689059740E+02
           DelSqG =  7.0617906885E+01
           DelSqK = -7.8659711596E+02
           Stress_EigVals = -1.6368486040E+00 -1.6357835399E+00 -1.4863855476E+00
           Stress_EigVec1 =  6.7523824424E-01  5.3991522337E-01 -5.0253842150E-01
           Stress_EigVec2 = -3.1703349552E-01 -4.0272590879E-01 -8.5866268412E-01
           Stress_EigVec3 = -6.6599029740E-01  7.3912339563E-01 -1.0076472501E-01
           -DivStress = -5.2358486294E+00  5.7806123253E+00 -7.7247690308E-01
           ESP =  -1.1147039116E+00     ESP at Nucleus =  -1.1171103447E+00
           ESPe = -2.2734851590E+01     ESPe at Nucleus = -2.2662223030E+01
           ESPn =  2.1620147678E+01     ESPn at Nucleus =  2.1545112685E+01

CP# 11     Coords =  5.22041353498094E+00  4.18942310087582E+00  3.62454667402679E+00
           Type = (3,-3) NACP H11
           Rho =  4.2845824447E-01     Rho at Nucleus =  4.2485494022E-01
           GradRho = -1.2865576660E-14 -3.0245879586E-14 -3.9083319914E-15
           HessRho_EigVals = -6.5348468559E+00 -6.5258788386E+00 -5.9397612329E+00
           HessRho_EigVec1 = -7.9182840510E-01  3.4301248702E-01  5.0532188813E-01
           HessRho_EigVec2 =  4.0008761039E-01 -3.3381352727E-01  8.5352119659E-01
           HessRho_EigVec3 =  4.6145171025E-01  8.7801535451E-01  1.2708798663E-01
           DelSqRho = -1.9000486927E+01
           Bond Ellipticity = NA
           V = -4.7602538740E+00
           G =  5.0660710720E-03
           K =  4.7551878029E+00
           L =  4.7501217319E+00
           Vnuc =  5.1396505016E+01
           Ven = -2.2021256311E+01
           Vrep =  1.7261002437E+01
           DelSqV =  7.1604592603E+02
           DelSqVen =  9.7655862168E+02
           DelSqVrep = -2.6051269565E+02
           DelSqG =  7.0578190072E+01
           DelSqK = -7.8662411610E+02
           Stress_EigVals = -1.6369435319E+00 -1.6365111697E+00 -1.4867991724E+00
