AIMSum (Version 19.02.13, Professional)
Copyright (c) 1997-2019 by Todd A. Keith
AIMSum is a component of the AIMAll package ( http://aim.tkgristmill.com )

TP:  64-bit Linux

Much of the Quantum Theory of Atoms in Molecules (QTAIM) is described in the book:
  "Atoms in Molecules - A Quantum Theory"
  R.F.W. Bader, Oxford University Press, Oxford, 1990

For additional references see:  http://aim.tkgristmill.com/references.html

Wfn File:  /home/mhennefarth/Documents/ML_Diels/summary-lam2009/8-opt/8-opt.wfn
Sum File:  /home/mhennefarth/Documents/ML_Diels/summary-lam2009/8-opt/8-opt.sum

SumViz File:  /home/mhennefarth/Documents/ML_Diels/summary-lam2009/8-opt/8-opt.sumviz

Wfn Title:   Title Card Required                                                           
 
Total memory allocated for AIMSum =        3.193 Megabytes

Atomic units (a.u.) used throughout, except where stated otherwise

Model:  Restricted SCF
 
Restricted, closed-shell, single-determinant wavefunction.
  Number of electrons (from MO Occs)                   =         176.0000000000
  Number of Alpha electrons (from MO Occs)             =          88.0000000000
  Number of Beta electrons (from MO Occs)              =          88.0000000000
  Number of electron pairs (N*(N-1)/2)                 =       15400.0000000000
  Number of electron pairs (from Muller 2EDM)          =       15400.0000000000
 
Nuclear Charges and Cartesian Coordinates:
-------------------------------------------------------------------------------
Atom      Charge                X                  Y                  Z
-------------------------------------------------------------------------------
C1         6.0           2.5175995900E+00   2.3744608700E+00  -1.8193299100E+00
C2         6.0           3.7664741200E+00   8.1651934000E-01  -2.4436139000E-01
C3         6.0           2.5681975000E+00  -1.2095860900E+00   1.2469600700E+00
C4         6.0           6.7516564000E-01  -2.7039731600E+00   4.6600876000E-01
C5         6.0          -4.4720931900E+00   2.1216308500E+00   2.4959116300E+00
C6         6.0          -2.6711989000E+00   3.7740922100E+00   3.1712226500E+00
H7         1.0           3.3430407600E+00  -1.4784590700E+00   3.1390877800E+00
H8         1.0          -2.3199140000E-02  -2.4782947000E+00  -1.4599469600E+00
H9         1.0           4.8030291000E-01   2.1517827100E+00  -1.9493546100E+00
C10        6.0           3.6930088100E+00   4.4295764200E+00  -3.3767303900E+00
H11        1.0           3.4562503800E+00   4.0632937100E+00  -5.4085673500E+00
H12        1.0           2.7860044200E+00   6.2590846200E+00  -3.0048799600E+00
H13        1.0           5.7118074300E+00   4.6158210300E+00  -2.9838135200E+00
C14        6.0          -6.0077724000E-01  -4.6789555500E+00   2.0509998600E+00
H15        1.0           2.7661337000E-01  -4.8362849000E+00   3.9192627100E+00
H16        1.0          -2.6108453200E+00  -4.2395319300E+00   2.3266027400E+00
H17        1.0          -5.1917639000E-01  -6.5429316200E+00   1.1401254300E+00
O18        8.0           6.3210195200E+00   1.1517603500E+00   2.0028092000E-01
Si19      14.0           8.6959622600E+00  -9.0152614000E-01  -3.7698323000E-01
C20        6.0           1.1632983270E+01   1.0833402800E+00  -1.0992851000E-01
H21        1.0           1.3338903350E+01  -5.7031400000E-02  -4.0353058000E-01
H22        1.0           1.1638956350E+01   2.6068077800E+00  -1.5126227500E+00
H23        1.0           1.1771771440E+01   1.9544335500E+00   1.7642131000E+00
C24        6.0           8.3337225300E+00  -2.2715940800E+00  -3.6474571500E+00
H25        1.0           6.5627691900E+00  -3.3313050900E+00  -3.8252800800E+00
H26        1.0           8.3239168800E+00  -7.8604034000E-01  -5.0908424700E+00
H27        1.0           9.8896024700E+00  -3.5703313700E+00  -4.0847130300E+00
C28        6.0           8.7677075700E+00  -3.5224621000E+00   2.0424402700E+00
H29        1.0           1.0417583610E+01  -4.7430592500E+00   1.7413250200E+00
H30        1.0           8.8922386100E+00  -2.7673614100E+00   3.9679928700E+00
H31        1.0           7.0775850600E+00  -4.7125957900E+00   1.9355957800E+00
H32        1.0          -1.9212718500E+00   5.0287639600E+00   1.7235486000E+00
C33        6.0          -1.5805300600E+00   4.0041656500E+00   5.7648779500E+00
H34        1.0           4.6060778000E-01   3.6322147900E+00   5.7127557700E+00
H35        1.0          -1.8063148600E+00   5.9355224000E+00   6.4905051200E+00
H36        1.0          -2.4561944800E+00   2.6898444200E+00   7.0993723200E+00
H37        1.0          -5.2840127800E+00   7.9442737000E-01   3.8251339900E+00
C38        6.0          -5.3628520900E+00   2.0700696300E+00  -1.4540404000E-01
O39        8.0          -4.6123929100E+00   3.4898264200E+00  -1.8143755100E+00
N40        7.0          -7.2611562000E+00   3.1240892000E-01  -8.0113896000E-01
C41        6.0          -8.2380700800E+00   3.0233470000E-01  -3.3865014700E+00
C42        6.0          -8.1148597100E+00  -1.8090082200E+00   5.3198184000E-01
O43        8.0          -7.4756339900E+00  -2.5596714600E+00   2.5884633000E+00
C44        6.0          -1.0448043590E+01  -1.5526650700E+00  -3.1248257300E+00
H45        1.0          -6.7844550200E+00  -3.5401489000E-01  -4.7075060700E+00
H46        1.0          -8.8157751100E+00   2.1970279200E+00  -3.9593635100E+00
O47        8.0          -9.8619243500E+00  -3.0236088700E+00  -9.0929089000E-01
H48        1.0          -1.0639056930E+01  -2.8455732900E+00  -4.7197585400E+00
H49        1.0          -1.2250181440E+01  -5.8583124000E-01  -2.8054130900E+00
 
Some Atomic Properties:
----------------------
  q(A) = Net Charge of Atom A
  L(A) = Lagrangian of Atom A = -(1/4) Times Atomic Integral of the Laplacian of the Electron Density
  K(A) = Electronic Kinetic Energy of Atom A (Hamiltonian Form)
  K_Scaled(A) = K(A) * E(Mol)/K(Mol) = Approximation to Virial-Based Total Energy of Atom A.
  |Mu_Intra(A)| = Magnitude of Intraatomic Dipole Moment of Atom A
--------------------------------------------------------------------------------------------------
Atom A          q(A)              L(A)              K(A)          K_Scaled(A)      |Mu_Intra(A)|
--------------------------------------------------------------------------------------------------
C1       -3.5870818100E-02 -1.0996051911E-04  3.7707611168E+01 -3.8020936152E+01  1.6228615353E-01
C2        4.7711561010E-01 -2.5805680170E-04  3.7399948090E+01 -3.7710716601E+01  6.9485594731E-01
C3       -4.8346506100E-02  1.0826062424E-04  3.7737169187E+01 -3.8050739779E+01  9.1610129045E-02
C4       -4.6266157500E-02 -2.8166598475E-05  3.7707341141E+01 -3.8020663882E+01  7.1098195745E-02
C5       -4.7597380300E-02  1.6120527127E-04  3.7746084520E+01 -3.8059729192E+01  2.0360034805E-01
C6       -1.6041355500E-02 -2.4841060912E-04  3.7719740359E+01 -3.8033166129E+01  8.4018857839E-02
H7        3.3121147420E-02  2.3077069353E-05  6.0045343579E-01 -6.0544280154E-01  1.5413813342E-01
H8        2.8465080920E-02  2.7550757851E-05  6.0315492504E-01 -6.0816673835E-01  1.5424122404E-01
H9        5.1992511540E-02  2.6739889287E-05  5.9540469412E-01 -6.0035210821E-01  1.3692904475E-01
C10      -1.2436461500E-02  6.5381671638E-05  3.7672539775E+01 -3.7985573340E+01  1.0570370891E-01
H11       1.1928351400E-02  2.2549554684E-05  6.0442245487E-01 -6.0944480051E-01  1.5592651221E-01
H12       1.4627969320E-02  2.1915240356E-05  6.0422559609E-01 -6.0924630596E-01  1.5482984688E-01
H13       3.2727986830E-02  2.8594523219E-05  6.0071389807E-01 -6.0570542808E-01  1.4633729913E-01
C14      -2.2325867100E-02  1.2280792270E-05  3.7682429581E+01 -3.7995545323E+01  1.0027728878E-01
H15       1.3859145710E-02  2.6360128228E-05  6.0486493678E-01 -6.0989095914E-01  1.5381849364E-01
H16       4.9738749170E-02  3.1030945745E-05  5.9060183038E-01 -5.9550933589E-01  1.3443563952E-01
H17       1.5791838470E-02  2.6375513574E-05  6.0319437521E-01 -6.0820651633E-01  1.5505747454E-01
O18      -1.3922533413E+00  1.6904977963E-05  7.5263790295E+01 -7.5889181965E+01  4.1321288839E-01
Si19      2.9797177520E+00  3.5234281885E-04  2.8729135121E+02 -2.8967854986E+02  9.1225543364E-02
C20      -7.8855608240E-01 -1.0787685483E-05  3.7968272511E+01 -3.8283763417E+01  1.2124572264E+00
H21       1.9144378350E-02  3.0452028293E-05  5.9572351151E-01 -6.0067357476E-01  1.5646787807E-01
H22       2.7484553780E-02  2.2863444610E-05  5.9312279364E-01 -5.9805124666E-01  1.5421957699E-01
H23       2.9029982670E-02  2.5563756339E-05  5.9233076701E-01 -5.9725263882E-01  1.5417245890E-01
C24      -7.9230735280E-01 -1.4788031893E-04  3.7966806263E+01 -3.8282284985E+01  1.2153721860E+00
H25       2.9923823440E-02  2.6198654079E-05  5.9225623556E-01 -5.9717748807E-01  1.5227888490E-01
H26       2.6942400230E-02  2.4284034201E-05  5.9333681282E-01 -5.9826704420E-01  1.5369479971E-01
H27       2.0129181470E-02  3.1503991381E-05  5.9516678594E-01 -6.0011222317E-01  1.5640192202E-01
C28      -7.9279455730E-01 -1.5834959011E-04  3.7968383962E+01 -3.8283875794E+01  1.2187794167E+00
H29       1.9297374700E-02  3.0819022781E-05  5.9543079831E-01 -6.0037842931E-01  1.5685327256E-01
H30       2.3475173290E-02  2.4949966447E-05  5.9428895891E-01 -5.9922710199E-01  1.5570176563E-01
H31       2.9005657170E-02  3.2637306646E-05  5.9347899801E-01 -5.9841041085E-01  1.5131267725E-01
H32       8.1740509250E-02  2.2385162630E-05  5.8502262601E-01 -5.8988377206E-01  1.4044346831E-01
C33      -1.9665810300E-02 -3.6902371549E-05  3.7687460178E+01 -3.8000617721E+01  1.1709569857E-01
H34       4.2941058150E-02  2.1744843247E-05  5.9149654018E-01 -5.9641148013E-01  1.4781459285E-01
H35       3.2266581000E-02  2.3827966416E-05  5.9589723388E-01 -6.0084874065E-01  1.5095866303E-01
H36       2.6747911520E-02  2.2335841765E-05  6.0030518922E-01 -6.0529332314E-01  1.5041827877E-01
H37       1.0304538529E-01  9.2605770049E-05  5.7957767995E-01 -5.8439358216E-01  1.2963733126E-01
C38       1.3949198683E+00  1.7446448990E-04  3.6800409205E+01 -3.7106195949E+01  8.3416475867E-01
O39      -1.1941054386E+00  6.3639984577E-05  7.5307422652E+01 -7.5933176878E+01  5.1521702705E-01
N40      -1.1610403256E+00  1.2556976959E-04  5.4967665381E+01 -5.5424409851E+01  1.0974383969E-01
C41       3.4148903800E-01 -6.8621742186E-05  3.7522370047E+01 -3.7834155802E+01  5.2550900957E-01
C42       2.0270210354E+00 -7.6541002686E-05  3.6413391399E+01 -3.6715962284E+01  2.7124278415E-01
O43      -1.2144375668E+00  3.5112689829E-05  7.5348759570E+01 -7.5974857279E+01  5.7855164632E-01
C44       4.3932135560E-01 -2.7676141690E-04  3.7446949794E+01 -3.7758108857E+01  5.8998750123E-01
H45       4.7967853100E-02  3.1659774702E-05  6.0186352707E-01 -6.0686460973E-01  1.4884830155E-01
H46       6.9835764440E-02  2.0142578613E-05  5.9327993916E-01 -5.9820969795E-01  1.4345755302E-01
O47      -1.0581374873E+00  2.2487355201E-05  7.5255205350E+01 -7.5880525685E+01  2.2571030526E-01
H48       5.6838366560E-02  2.9178628922E-05  6.0061057322E-01 -6.0560124468E-01  1.4480508112E-01
H49       4.5017258690E-02  2.1117931978E-05  6.0604117491E-01 -6.1107697103E-01  1.4926783181E-01
--------------------------------------------------------------------------------------------------
Total     4.8814478000E-04  4.8567611447E-04  1.2606873679E+03 -1.2711628353E+03
 
1st Largest |L(A)| = 3.5234281885E-04, atom Si19    
2nd Largest |L(A)| = 2.7676141690E-04, atom C44     
 
Molecular charge q(Mol) from the wfn file:   0.0000000000E+00
Molecular energy E(Mol) from the wfn file:  -1.2711629013E+03
Molecular virial ratio (-V(Mol)/T(Mol)) from the wfn file:   2.0083093300E+00
Note.  K_Scaled(A) = (1+V(Mol)/T(Mol))*K(A) = (E(Mol)/T(Mol))*K(A)
       Only use K_Scaled(A) data with caution.
 
N_AIMInt(SumA)     =        175.999512
N_Analytic(Mol)    =        175.999972
 
G_AIMInt(SumA)     =       1260.686882
G_Analytic(Mol)    =       1260.687363
 
K_AIMInt(SumA)     =       1260.687368
K_Analytic(Mol)    =       1260.687363
 
L_AIMInt(SumA)     =          0.000486
L_Analytic(Mol)    =          0.000000
 
VenT_AIMInt(SumA)  =      -6909.998007
VenT_Analytic(Mol) =      -6910.012103
 
Some Information About the Atomic Calculations:
----------------------------------------------
  Time(sec) = "Elapsed User Time", in Seconds, for Atom A by AIMInt and, if used, by TWOe
  NProc = Number of Processors Used for AIMInt Job
  BIM = Basin Integration Method
  OAQ = Angular Quadrature Outside of Beta Sphere
  ORQ = Multiple of Default for Radial Quadrature Outside of Beta Sphere
  IAQ = Multiple of Default for Angular Quadrature Inside of Beta Sphere
  IRQ = Multiple of Default for Radial Quadrature Inside of Beta Sphere
  MIR = Maximum Integration Radius
------------------------------------------------------------------------------------------------------
Atom A     Time(sec)   NProc      BIM          OAQ                     ORQ      IAQ      IRQ      MIR
------------------------------------------------------------------------------------------------------
C1             74        8     Proaim(5)    4500(GS4)                  1.00     1.00     1.00    13.00
C2            136        8     Proaim(5)    4500(GS4)                  1.00     1.00     1.00    13.00
C3            113        8     Proaim(5)    4500(GS4)                  1.00     1.00     1.00    13.00
C4            131        8     Proaim(5)    4500(GS4)                  1.00     1.00     1.00    13.00
C5            139        8     Proaim(5)    4500(GS4)                  1.00     1.00     1.00    13.00
C6             91        8     Proaim(5)    4500(GS4)                  1.00     1.00     1.00    13.00
H7             16        8     Proaim(5)    1800(GS4)                  1.00     1.00     1.00    13.00
H8             18        8     Proaim(5)    1800(GS4)                  1.00     1.00     1.00    13.00
H9             32        8     Proaim(5)    4500(GS4)                  1.00     1.00     1.00    13.00
C10            59        8     Proaim(5)    4500(GS4)                  1.00     1.00     1.00    13.00
H11            10        8     Proaim(5)    1800(GS4)                  1.00     1.00     1.00    13.00
H12            11        8     Proaim(5)    1800(GS4)                  1.00     1.00     1.00    13.00
H13            19        8     Proaim(5)    1800(GS4)                  1.00     1.00     1.00    13.00
C14            43        8     Proaim(5)    4500(GS4)                  1.00     1.00     1.00    13.00
H15            12        8     Proaim(5)    1800(GS4)                  1.00     1.00     1.00    13.00
H16            24        8     Proaim(5)    4500(GS4)                  1.00     1.00     1.00    13.00
H17            10        8     Proaim(5)    1800(GS4)                  1.00     1.00     1.00    13.00
O18           107        8     Proaim(5)    4500(GS4)                  1.00     1.00     1.00    13.00
Si19          122        8     Proaim(5)    5400(GS5)                  1.00     1.00     1.00    13.00
C20            43        8     Proaim(5)    4500(GS4)                  1.00     1.00     1.00    13.00
H21            10        8     Proaim(5)    1800(GS4)                  1.00     1.00     1.00    13.00
H22            12        8     Proaim(5)    1800(GS4)                  1.00     1.00     1.00    13.00
H23            10        8     Proaim(5)    1800(GS4)                  1.00     1.00     1.00    13.00
C24            51        8     Proaim(5)    4500(GS4)                  1.00     1.00     1.00    13.00
H25            12        8     Proaim(5)    1800(GS4)                  1.00     1.00     1.00    13.00
H26            12        8     Proaim(5)    1800(GS4)                  1.00     1.00     1.00    13.00
H27            10        8     Proaim(5)    1800(GS4)                  1.00     1.00     1.00    13.00
C28            69        8     Proaim(5)    4500(GS4)                  1.00     1.00     1.00    13.00
H29             9        8     Proaim(5)    1800(GS4)                  1.00     1.00     1.00    13.00
H30            11        8     Proaim(5)    1800(GS4)                  1.00     1.00     1.00    13.00
H31            19        8     Proaim(5)    1800(GS4)                  1.00     1.00     1.00    13.00
H32            29        8     Proaim(5)    4500(GS4)                  1.00     1.00     1.00    13.00
C33            52        8     Proaim(5)    4500(GS4)                  1.00     1.00     1.00    13.00
H34            17        8     Proaim(5)    1800(GS4)                  1.00     1.00     1.00    13.00
H35             9        8     Proaim(5)    1800(GS4)                  1.00     1.00     1.00    13.00
H36            11        8     Proaim(5)    1800(GS4)                  1.00     1.00     1.00    13.00
H37            28        8     Proaim(5)    4500(GS4)                  1.00     1.00     1.00    13.00
C38            62        8     Proaim(5)    4500(GS4)                  1.00     1.00     1.00    13.00
O39            36        8     Proaim(5)    4500(GS4)                  1.00     1.00     1.00    13.00
N40            46        8     Proaim(5)    4500(GS4)                  1.00     1.00     1.00    13.00
C41            43        8     Proaim(5)    4500(GS4)                  1.00     1.00     1.00    13.00
C42            29        8     Proaim(5)    5400(GS5)                  1.00     1.00     1.00    13.00
O43            37        8     Proaim(5)    4500(GS4)                  1.00     1.00     1.00    13.00
C44            29        8     Proaim(5)    4500(GS4)                  1.00     1.00     1.00    13.00
H45            12        8     Proaim(5)    1800(GS4)                  1.00     1.00     1.00    13.00
H46            10        8     Proaim(5)    1800(GS4)                  1.00     1.00     1.00    13.00
O47            24        8     Proaim(5)    4500(GS4)                  1.00     1.00     1.00    13.00
H48             9        8     Proaim(5)    1800(GS4)                  1.00     1.00     1.00    13.00
H49             9        8     Proaim(5)    1800(GS4)                  1.00     1.00     1.00    13.00
------------------------------------------------------------------------------------------------------
Total        1927
Note:  Total wall clock time is less than total of atomic times if more than one atom
       was calculated at a time
 
Electron Density Critical Point Analysis of Molecular Structure:               
---------------------------------------------------------------                
  NACP = Nuclear Attractor Critical Point                                      
  NNACP = Non-Nuclear Attractor Critical Point                                 
  BCP = Bond Critical Point                                                    
  RCP = Ring Critical Point                                                    
  CCP = Cage Critical Point                                                    
  Rho = Electron Density                                                       
  GradRho = Gradient of Electron Density                                       
  HessRho_EigVals = Eigenvalues of the Hessian of Rho, Ascending Order         
  HessRho_EigVecs = Eigenvectors of the Hessian of Rho                         
  DelSqRho = Laplacian of Rho = Trace of Hessian of Rho                        
  Bond Ellipticity = (HessRho_EigVal(1) / HessRho_EigVal(2)) - 1               
  V = Virial Field = Potential Energy Density = Trace of Stress Tensor         
  G = Lagrangian Form of Kinetic Energy Density                                
  K = Hamiltonian Form of Kinetic Energy Density                               
  L = K - G = Lagrangian Density = (-1/4)DelSqRho                              
  Vnuc = Electrostatic Potential from Nuclei                                   
  Ven = Electron-nuclear attractive contribution to Virial Field V             
  Vrep = V - Ven = Repulsive contribution to Virial Field V                    
  DelSqV = Laplacian of V                                                      
  DelSqVen = Laplacian of Ven                                                  
  DelSqVrep = Laplacian of Vrep                                                
  DelSqG = Laplacian of G                                                      
  DelSqK = Laplacian of K                                                      
  Stress_EigVals = Eigenvalues of Stress Tensor, Ascending Order               
  Stress_EigVecs = Eigenvectors of Stress Tensor                               
  -DivStress = Ehrenfest Force Density = Minus Divergence of Stress Tensor     
  ESP = Total Electrostatic Potential                                          
  ESPe = Electrostatic Potential from Electrons                                
  ESPn = Electrostatic Potential from Nuclei                                   
  BP = Bond Path                                                               
  BPL = Bond Path Length                                                       
  GBL = Geometric Bond Length                                                  
  GBL_I = Distance Between Nuclear Attractors                                  
  GBL_II = Distance Between Nuclei                                             
  GBL_III = Sum of Distances Between BCP and Nuclear Attractors                
  GBL_IV = Sum of Distances Between BCP and Nuclei                             

CP# 1      Coords =  2.51759998538187E+00  2.37446186609316E+00 -1.81933093874492E+00
           Type = (3,-3) NACP C1
           Rho =  1.1765382328E+02     Rho at Nucleus =  1.1765382312E+02
           GradRho =  1.5565923724E-10  4.4777918873E-10 -4.8731318980E-10
           HessRho_EigVals = -1.4497768827E+05 -1.4497726676E+05 -1.4497705790E+05
           HessRho_EigVec1 = -6.6943210597E-02  6.4791909880E-01  7.5876178604E-01
           HessRho_EigVec2 =  3.7394661204E-01  7.2133029506E-01 -5.8296358100E-01
           HessRho_EigVec3 =  9.2503110104E-01 -2.4471094546E-01  2.9057531772E-01
           DelSqRho = -4.3493201294E+05
           Bond Ellipticity = NA
           V = -1.0874330924E+05
           G =  5.1530022909E+00
           K =  1.0873815624E+05
           L =  1.0873300323E+05
           Vnuc =  4.0389457855E+06
           Ven = -4.7519741367E+08
           Vrep =  4.7508867036E+08
           DelSqV =  2.4948013268E+09
           DelSqVen =  1.7566668554E+12
           DelSqVrep = -1.7541720541E+12
           DelSqG =  1.3400906447E+08
           DelSqK = -2.6288103913E+09
           Stress_EigVals = -3.6247973978E+04 -3.6247849759E+04 -3.6247485502E+04
           Stress_EigVec1 =  7.9531134547E-01 -3.9885463916E-01  4.5650283744E-01
           Stress_EigVec2 =  5.9653882363E-01  6.4885789331E-01 -4.7236094906E-01
           Stress_EigVec3 = -1.0780211350E-01  6.4799568757E-01  7.5397632139E-01
           -DivStress = -3.2366243326E+02 -8.1642303316E+02  8.3912110324E+02
           ESP =  -1.4765031673E+01     ESP at Nucleus =  -1.4765031683E+01
           ESPe = -3.9334803504E+01     ESPe at Nucleus = -3.9334805083E+01
           ESPn =  2.4569771832E+01     ESPn at Nucleus =  2.4569773400E+01

CP# 2      Coords =  3.76648049338889E+00  8.16518519992433E-01 -2.44358781152838E-01
           Type = (3,-3) NACP C2
           Rho =  1.1761927080E+02     Rho at Nucleus =  1.1761926731E+02
           GradRho = -1.6032574573E-12 -2.2942689415E-12 -8.2121809353E-13
           HessRho_EigVals = -1.4491683768E+05 -1.4491579313E+05 -1.4491494896E+05
           HessRho_EigVec1 =  9.8065477052E-01  1.7892659984E-01  7.9381943309E-02
           HessRho_EigVec2 = -1.7074874118E-01  5.8363105412E-01  7.9386375409E-01
           HessRho_EigVec3 = -9.5713575000E-02  7.9206064448E-01 -6.0289206913E-01
           DelSqRho = -4.3474757977E+05
           Bond Ellipticity = NA
           V = -1.0869690417E+05
           G =  5.0046127839E+00
           K =  1.0869189956E+05
           L =  1.0868689494E+05
           Vnuc =  8.6516411677E+05
           Ven = -1.0175997253E+08
           Vrep =  1.0165127563E+08
           DelSqV =  2.4937225625E+09
           DelSqVen =  3.7612800640E+11
           DelSqVrep = -3.7363428384E+11
           DelSqG =  1.3393283296E+08
           DelSqK = -2.6276553954E+09
           Stress_EigVals = -3.6232685772E+04 -3.6232145146E+04 -3.6232073251E+04
           Stress_EigVec1 = -1.3341729083E-01  7.6411077250E-01 -6.3113750788E-01
           Stress_EigVec2 = -2.0282123142E-01  6.0230086065E-01  7.7207332640E-01
           Stress_EigVec3 =  9.7008421005E-01  2.3101601807E-01  7.4620538726E-02
           -DivStress = -5.1631926964E+03  6.6534054891E+02 -2.1189352302E+03
           ESP =  -1.4698600139E+01     ESP at Nucleus =  -1.4698600384E+01
           ESPe = -4.1361205546E+01     ESPe at Nucleus = -4.1361204359E+01
           ESPn =  2.6662605407E+01     ESPn at Nucleus =  2.6662603975E+01

CP# 3      Coords =  2.56819861763616E+00 -1.20958516850271E+00  1.24695968720709E+00
           Type = (3,-3) NACP C3
           Rho =  1.1769660922E+02     Rho at Nucleus =  1.1769660906E+02
           GradRho =  5.4028159724E-10  4.6223241207E-10 -1.8372934077E-10
           HessRho_EigVals = -1.4503309603E+05 -1.4503251143E+05 -1.4503216648E+05
           HessRho_EigVec1 = -6.3030700113E-01  6.1736903823E-01  4.7071069136E-01
           HessRho_EigVec2 = -6.4800194354E-02 -6.4603704624E-01  7.6055050437E-01
           HessRho_EigVec3 =  7.7363687809E-01  4.4887816333E-01  4.4720730690E-01
           DelSqRho = -4.3509777393E+05
           Bond Ellipticity = NA
           V = -1.0878475159E+05
           G =  5.1540510080E+00
           K =  1.0877959753E+05
           L =  1.0877444348E+05
           Vnuc =  4.0046572463E+06
           Ven = -4.7133457897E+08
           Vrep =  4.7122579422E+08
           DelSqV =  2.4957509228E+09
           DelSqVen =  1.7424175596E+12
           DelSqVrep = -1.7399218086E+12
           DelSqG =  1.3406234188E+08
           DelSqK = -2.6298132646E+09
           Stress_EigVals = -3.6261831651E+04 -3.6261660726E+04 -3.6261259208E+04
           Stress_EigVec1 =  7.5627358330E-01  5.1443172331E-01  4.0424036074E-01
           Stress_EigVec2 =  5.3448996879E-02  5.6721856386E-01 -8.2183106874E-01
           Stress_EigVec3 = -6.5206860983E-01  6.4313536901E-01  4.0147655623E-01
           -DivStress = -9.0607052692E+02 -7.4883733600E+02  3.1364774795E+02
           ESP =  -1.4752313271E+01     ESP at Nucleus =  -1.4752313287E+01
           ESPe = -4.0199376790E+01     ESPe at Nucleus = -4.0199376246E+01
           ESPn =  2.5447063519E+01     ESPn at Nucleus =  2.5447062960E+01

CP# 4      Coords =  6.75164343601496E-01 -2.70397416465293E+00  4.66009128420660E-01
           Type = (3,-3) NACP C4
           Rho =  1.1767737166E+02     Rho at Nucleus =  1.1767737145E+02
           GradRho = -8.1183967882E-10 -6.2045636684E-10  2.2294235902E-10
           HessRho_EigVals = -1.4500192032E+05 -1.4500096898E+05 -1.4500070858E+05
           HessRho_EigVec1 = -6.7584381803E-01  6.8485696001E-01  2.7240792565E-01
           HessRho_EigVec2 =  2.2930624815E-01  5.4662990073E-01 -8.0536600138E-01
           HessRho_EigVec3 =  7.0046682876E-01  4.8183679389E-01  5.2647841918E-01
           DelSqRho = -4.3500359789E+05
           Bond Ellipticity = NA
           V = -1.0876107436E+05
           G =  5.0874431808E+00
           K =  1.0875598691E+05
           L =  1.0875089947E+05
           Vnuc =  3.5693603320E+06
           Ven = -4.2003294237E+08
           Vrep =  4.1992418130E+08
           DelSqV =  2.4952028027E+09
           DelSqVen =  1.5526845809E+12
           DelSqVrep = -1.5501893781E+12
           DelSqG =  1.3402575229E+08
           DelSqK = -2.6292285550E+09
           Stress_EigVals = -3.6253954007E+04 -3.6253803938E+04 -3.6253316412E+04
           Stress_EigVec1 =  7.2097808102E-01  5.0628299999E-01  4.7314704967E-01
           Stress_EigVec2 =  1.7108955791E-01  5.3160073869E-01 -8.2953542287E-01
           Stress_EigVec3 = -6.7150500360E-01  6.7902737688E-01  2.9665274580E-01
           -DivStress =  1.0547319874E+03  8.1965785847E+02 -3.0399247421E+02
           ESP =  -1.4743849632E+01     ESP at Nucleus =  -1.4743849650E+01
           ESPe = -3.9119705576E+01     ESPe at Nucleus = -3.9119706979E+01
           ESPn =  2.4375855944E+01     ESPn at Nucleus =  2.4375857328E+01

CP# 5      Coords = -4.47209374762620E+00  2.12163099771702E+00  2.49590925011993E+00
           Type = (3,-3) NACP C5
           Rho =  1.1767294117E+02     Rho at Nucleus =  1.1767294074E+02
           GradRho = -7.9620848180E-10  1.7879835457E-10 -3.2190841837E-09
           HessRho_EigVals = -1.4500093695E+05 -1.4500064775E+05 -1.4499994582E+05
           HessRho_EigVec1 = -6.6443185163E-01  6.7209792221E-01  3.2682517882E-01
           HessRho_EigVec2 =  4.2278772778E-01 -2.2575318098E-02  9.0594751076E-01
           HessRho_EigVec3 =  6.1626362198E-01  7.4011805678E-01 -2.6915499297E-01
           DelSqRho = -4.3500153051E+05
           Bond Ellipticity = NA
           V = -1.0876081391E+05
           G =  5.2156381724E+00
           K =  1.0875559827E+05
           L =  1.0875038263E+05
           Vnuc =  2.4502093957E+06
           Ven = -2.8832334608E+08
           Vrep =  2.8821458527E+08
           DelSqV =  2.4951996104E+09
           DelSqVen =  1.0658448671E+12
           DelSqVrep = -1.0633496675E+12
           DelSqG =  1.3403006760E+08
           DelSqK = -2.6292296780E+09
           Stress_EigVals = -3.6253887211E+04 -3.6253628087E+04 -3.6253298607E+04
           Stress_EigVec1 =  6.4766646479E-01  7.4035031876E-01 -1.8002654224E-01
           Stress_EigVec2 = -3.0555196564E-01  3.5930290623E-02 -9.5149724672E-01
           Stress_EigVec3 =  6.9797288392E-01 -6.7126032188E-01 -2.4948633946E-01
           -DivStress =  4.4743415836E+02 -1.2302707254E+02  1.9320875115E+03
           ESP =  -1.4740149598E+01     ESP at Nucleus =  -1.4740149626E+01
           ESPe = -3.9350286601E+01     ESPe at Nucleus = -3.9350284099E+01
           ESPn =  2.4610137004E+01     ESPn at Nucleus =  2.4610134473E+01

CP# 6      Coords = -2.67119815810450E+00  3.77409242970177E+00  3.17122415853488E+00
           Type = (3,-3) NACP C6
           Rho =  1.1771776039E+02     Rho at Nucleus =  1.1771776018E+02
           GradRho =  4.9352204406E-10  1.3351734171E-10  9.6302977387E-10
           HessRho_EigVals = -1.4505084626E+05 -1.4504903626E+05 -1.4504873585E+05
           HessRho_EigVec1 =  7.0625314899E-01 -6.7179684998E-01 -2.2337296591E-01
           HessRho_EigVec2 =  3.3859672809E-01  4.3436336404E-02  9.3992847622E-01
           HessRho_EigVec3 = -6.2173848624E-01 -7.3946080155E-01  2.5814526471E-01
           DelSqRho = -4.3514861837E+05
           Bond Ellipticity = NA
           V = -1.0879730691E+05
           G =  5.0761586936E+00
           K =  1.0879223075E+05
           L =  1.0878715459E+05
           Vnuc =  3.5390268815E+06
           Ven = -4.1660631845E+08
           Vrep =  4.1649752114E+08
           DelSqV =  2.4960291569E+09
           DelSqVen =  1.5400026767E+12
           DelSqVrep = -1.5375066476E+12
           DelSqG =  1.3406883531E+08
           DelSqK = -2.6300979923E+09
           Stress_EigVals = -3.6266101102E+04 -3.6265959365E+04 -3.6265246443E+04
           Stress_EigVec1 = -6.7715972944E-01 -7.3237851726E-01  7.1248917802E-02
           Stress_EigVec2 =  2.1299975313E-01 -1.0241208220E-01  9.7167014495E-01
           Stress_EigVec3 =  7.0433359000E-01 -6.7315189436E-01 -2.2534578124E-01
           -DivStress = -6.0524770591E+02 -1.7646899126E+02 -1.2305125496E+03
           ESP =  -1.4720772478E+01     ESP at Nucleus =  -1.4720772491E+01
           ESPe = -3.7828496295E+01     ESPe at Nucleus = -3.7828497760E+01
           ESPn =  2.3107723817E+01     ESPn at Nucleus =  2.3107725269E+01

CP# 7      Coords =  3.33026768446879E+00 -1.47400590298985E+00  3.10775059634266E+00
           Type = (3,-3) NACP H7
           Rho =  4.2701149220E-01     Rho at Nucleus =  4.2346340902E-01
           GradRho = -3.7475929478E-11  1.3130372874E-11 -9.2064688772E-11
           HessRho_EigVals = -6.5304813715E+00 -6.5232338939E+00 -5.9401741245E+00
           HessRho_EigVec1 =  6.5103464030E-01  7.4264579369E-01 -1.5694305417E-01
           HessRho_EigVec2 =  6.6158726611E-01 -6.5653923072E-01 -3.6229618801E-01
           HessRho_EigVec3 =  3.7209701215E-01 -1.3203584230E-01  9.1875478224E-01
           DelSqRho = -1.8993889390E+01
           Bond Ellipticity = NA
           V = -4.7581173039E+00
           G =  4.8224782065E-03
           K =  4.7532948257E+00
           L =  4.7484723475E+00
           Vnuc =  5.4231689751E+01
           Ven = -2.3157554766E+01
           Vrep =  1.8399437462E+01
           DelSqV =  7.1626513804E+02
           DelSqVen =  1.0300707167E+03
           DelSqVrep = -3.1380557869E+02
           DelSqG =  7.0762734415E+01
           DelSqK = -7.8702787246E+02
           Stress_EigVals = -1.6357869869E+00 -1.6350891816E+00 -1.4872411355E+00
           Stress_EigVec1 =  5.3206154656E-01  8.4118156946E-01 -9.6561264892E-02
           Stress_EigVec2 =  7.6000229892E-01 -5.2473396428E-01 -3.8347199686E-01
           Stress_EigVec3 =  3.7323855148E-01 -1.3064392041E-01  9.1849069116E-01
           -DivStress =  2.9088815768E+00 -1.0128363409E+00  7.1373059301E+00
           ESP =  -1.1169059427E+00     ESP at Nucleus =  -1.1192849572E+00
           ESPe = -2.6050674452E+01     ESPe at Nucleus = -2.5952782462E+01
           ESPn =  2.4933768509E+01     ESPn at Nucleus =  2.4833497505E+01

CP# 8      Coords = -1.17847155930825E-02 -2.48224589407614E+00 -1.42782298559140E+00
           Type = (3,-3) NACP H8
           Rho =  4.2840379054E-01     Rho at Nucleus =  4.2481180728E-01
           GradRho =  1.9165033460E-10 -6.6304905793E-11  5.3904367583E-10
           HessRho_EigVals = -6.5424582583E+00 -6.5346602997E+00 -5.9464298786E+00
           HessRho_EigVec1 =  6.9375124356E-01  7.0174888740E-01 -1.6204231266E-01
           HessRho_EigVec2 =  6.3802309224E-01 -7.0319958368E-01 -3.1374652075E-01
           HessRho_EigVec3 =  3.3411935866E-01 -1.1427530153E-01  9.3557758076E-01
           DelSqRho = -1.9023548437E+01
           Bond Ellipticity = NA
           V = -4.7653609788E+00
           G =  4.7369348107E-03
           K =  4.7606240440E+00
           L =  4.7558871092E+00
           Vnuc =  5.4289346356E+01
           Ven = -2.3257761765E+01
           Vrep =  1.8492400786E+01
           DelSqV =  7.1704151523E+02
           DelSqVen =  1.0327760110E+03
           DelSqVrep = -3.1573449574E+02
           DelSqG =  7.0747880062E+01
           DelSqK = -7.8778939529E+02
           Stress_EigVals = -1.6388835861E+00 -1.6377969860E+00 -1.4886804066E+00
           Stress_EigVec1 =  6.5152621411E-01  7.4496215603E-01 -1.4333519598E-01
           Stress_EigVec2 =  6.8103833383E-01 -6.5759577636E-01 -3.2210958193E-01
           Stress_EigVec3 =  3.3421606811E-01 -1.1224607339E-01  9.3578867210E-01
           -DivStress = -2.6033700909E+00  9.0093675058E-01 -7.3268034030E+00
           ESP =  -1.1180087140E+00     ESP at Nucleus =  -1.1204051984E+00
           ESPe = -2.6269681846E+01     ESPe at Nucleus = -2.6192376569E+01
           ESPn =  2.5151673132E+01     ESPn at Nucleus =  2.5071971370E+01

CP# 9      Coords =  5.15290961871805E-01  2.15555130354580E+00 -1.94719269770444E+00
           Type = (3,-3) NACP H9
           Rho =  4.2556158623E-01     Rho at Nucleus =  4.2181009607E-01
           GradRho =  1.3568790189E-16 -1.4745149546E-16  5.2041704279E-16
           HessRho_EigVals = -6.4827393599E+00 -6.4739581696E+00 -5.8764028876E+00
           HessRho_EigVec1 = -3.7130043827E-02  7.3169297808E-01 -6.8062232235E-01
           HessRho_EigVec2 = -1.1853775062E-01  6.7305845942E-01  7.3002815828E-01
           HessRho_EigVec3 =  9.9225508894E-01  1.0778541662E-01  6.1742549667E-02
           DelSqRho = -1.8833100417E+01
           Bond Ellipticity = NA
           V = -4.7183241029E+00
           G =  5.0244993181E-03
           K =  4.7132996036E+00
           L =  4.7082751042E+00
           Vnuc =  5.4288472480E+01
           Ven = -2.3103088463E+01
           Vrep =  1.8384764360E+01
           DelSqV =  7.0891728030E+02
           DelSqVen =  1.0224202537E+03
           DelSqVrep = -3.1350297340E+02
           DelSqG =  6.9819983842E+01
           DelSqK = -7.7873726414E+02
           Stress_EigVals = -1.6238890103E+00 -1.6234169506E+00 -1.4710181420E+00
           Stress_EigVec1 = -4.6967066660E-02  7.9520043942E-01 -6.0452490088E-01
           Stress_EigVec2 = -1.1339893455E-01  5.9703572316E-01  7.9415932086E-01
           Stress_EigVec3 =  9.9243880229E-01  1.0585181343E-01  6.2133865974E-02
           -DivStress = -7.9009830743E+00 -8.5008266846E-01 -4.8893051208E-01
           ESP =  -1.1299926903E+00     ESP at Nucleus =  -1.1324906967E+00
           ESPe = -2.7055119414E+01     ESPe at Nucleus = -2.6998848895E+01
           ESPn =  2.5925126724E+01     ESPn at Nucleus =  2.5866358198E+01

CP# 10     Coords =  3.69300803085459E+00  4.42957578024709E+00 -3.37673009960594E+00
           Type = (3,-3) NACP C10
           Rho =  1.1750066562E+02     Rho at Nucleus =  1.1750066554E+02
           GradRho = -2.2222334086E-10 -1.5829984719E-10  7.7893462513E-11
           HessRho_EigVals = -1.4478503961E+05 -1.4478483867E+05 -1.4478461893E+05
           HessRho_EigVec1 =  3.6315522412E-01  7.0151045019E-01 -6.1318950698E-01
           HessRho_EigVec2 = -1.1798073506E-01  6.8744529244E-01  7.1658880542E-01
           HessRho_EigVec3 =  9.2422877544E-01 -1.8788841947E-01  3.3241406781E-01
           DelSqRho = -4.3435449721E+05
           Bond Ellipticity = NA
           V = -1.0859911555E+05
           G =  5.2456220664E+00
           K =  1.0859386993E+05
           L =  1.0858862430E+05
           Vnuc =  5.7190286841E+06
           Ven = -6.7198967707E+08
           Vrep =  6.7188107795E+08
           DelSqV =  2.4915026964E+09
           DelSqVen =  2.4840856535E+12
           DelSqVrep = -2.4815941508E+12
           DelSqG =  1.3382746168E+08
           DelSqK = -2.6253301581E+09
           Stress_EigVals = -3.6199770858E+04 -3.6199705269E+04 -3.6199639421E+04
           Stress_EigVec1 =  9.1532051694E-01 -2.0585595606E-01  3.4613823340E-01
           Stress_EigVec2 = -1.1924706039E-01  6.8240925090E-01  7.2117803133E-01
           Stress_EigVec3 =  3.8466672569E-01  7.0138501527E-01 -6.0007547067E-01
           -DivStress =  6.3198166809E+02  5.1819304984E+02 -2.3539986733E+02
           ESP =  -1.4757260569E+01     ESP at Nucleus =  -1.4757260572E+01
           ESPe = -3.5484371827E+01     ESPe at Nucleus = -3.5484370259E+01
           ESPn =  2.0727111258E+01     ESPn at Nucleus =  2.0727109687E+01

CP# 11     Coords =  3.45995593658287E+00  4.06904654968032E+00 -5.37615057918504E+00
           Type = (3,-3) NACP H11
           Rho =  4.2189043549E-01     Rho at Nucleus =  4.1859394615E-01
           GradRho =  7.8202135956E-11  1.2148648927E-10  6.8567039980E-10
           HessRho_EigVals = -6.4191599349E+00 -6.4174891913E+00 -5.8663831989E+00
           HessRho_EigVec1 =  4.0261270509E-01  8.9260125547E-01 -2.0289408183E-01
           HessRho_EigVec2 =  9.0864545799E-01 -4.1653223196E-01 -2.9399513909E-02
           HessRho_EigVec3 =  1.1075396778E-01  1.7252216809E-01  9.7875924524E-01
           DelSqRho = -1.8703032325E+01
           Bond Ellipticity = NA
           V = -4.6856298848E+00
           G =  4.9359017436E-03
           K =  4.6806939830E+00
           L =  4.6757580813E+00
           Vnuc =  5.0838037942E+01
           Ven = -2.1448081966E+01
           Vrep =  1.6762452082E+01
           DelSqV =  7.0572643579E+02
           DelSqVen =  9.5082546824E+02
           DelSqVrep = -2.4509903246E+02
           DelSqG =  6.9435010436E+01
           DelSqK = -7.7516144622E+02
           Stress_EigVals = -1.6085863963E+00 -1.6083742219E+00 -1.4686692666E+00
