AIMSum (Version 19.02.13, Professional)
Copyright (c) 1997-2019 by Todd A. Keith
AIMSum is a component of the AIMAll package ( http://aim.tkgristmill.com )

TP:  64-bit Linux

Much of the Quantum Theory of Atoms in Molecules (QTAIM) is described in the book:
  "Atoms in Molecules - A Quantum Theory"
  R.F.W. Bader, Oxford University Press, Oxford, 1990

For additional references see:  http://aim.tkgristmill.com/references.html

Wfn File:  /home/mhennefarth/Documents/ML_Diels/summary-lam2009/9-opt/9-opt.wfn
Sum File:  /home/mhennefarth/Documents/ML_Diels/summary-lam2009/9-opt/9-opt.sum

SumViz File:  /home/mhennefarth/Documents/ML_Diels/summary-lam2009/9-opt/9-opt.sumviz

Wfn Title:   Title Card Required                                                           
 
Total memory allocated for AIMSum =        2.645 Megabytes

Atomic units (a.u.) used throughout, except where stated otherwise

Model:  Restricted SCF
 
Restricted, closed-shell, single-determinant wavefunction.
  Number of electrons (from MO Occs)                   =         150.0000000000
  Number of Alpha electrons (from MO Occs)             =          75.0000000000
  Number of Beta electrons (from MO Occs)              =          75.0000000000
  Number of electron pairs (N*(N-1)/2)                 =       11175.0000000000
  Number of electron pairs (from Muller 2EDM)          =       11175.0000000000
 
Nuclear Charges and Cartesian Coordinates:
-------------------------------------------------------------------------------
Atom      Charge                X                  Y                  Z
-------------------------------------------------------------------------------
C1         6.0          -6.6328836800E+00   3.1284925700E+00  -1.9216222200E+00
C2         6.0          -4.4979208500E+00   2.3282565600E+00  -3.0357711200E+00
C3         6.0          -3.8498647300E+00  -2.9585161000E-01  -3.6603853600E+00
C4         6.0          -4.7986729500E+00  -2.3909933200E+00  -2.5755729900E+00
C5         6.0          -2.0789936100E+00   3.0830352000E-01   3.4453714600E+00
C6         6.0          -3.4048917100E+00   2.4732949400E+00   3.7735814000E+00
H7         1.0          -2.4823377700E+00  -5.2811634000E-01  -5.1865493800E+00
H8         1.0          -2.7432328500E+00   4.1651191000E+00   2.8126439400E+00
H9         1.0          -2.6787025700E+00  -1.4243343700E+00   4.3580645600E+00
H10        1.0          -6.1525160900E+00  -2.1910190900E+00  -1.0331852100E+00
H11        1.0          -8.1587991700E+00   1.8425025500E+00  -1.4323926800E+00
C12        6.0           1.4525770000E-01   2.7493419000E-01   1.8700726100E+00
O13        8.0           1.0070143400E+00   2.2321811600E+00   8.4083624000E-01
N14        7.0           1.3867924700E+00  -2.0231468200E+00   1.5241790100E+00
Al15      13.0           4.0269508800E+00   3.0129319200E+00  -1.0319559900E+00
C16        6.0           6.0549220000E-01  -4.4877463700E+00   2.5728854800E+00
C17        6.0           3.5856872600E+00  -2.2888188700E+00   1.2503944000E-01
O18        8.0           4.7824253500E+00  -5.9279642000E-01  -9.3817187000E-01
C19        6.0           3.0934947800E+00   3.8673533400E+00  -4.4925093900E+00
C20        6.0           6.3609283000E+00   4.7009095600E+00   1.2660653700E+00
C21        6.0           2.5007893800E+00  -6.2974063700E+00   1.2909140100E+00
H22        1.0          -1.3433084800E+00  -4.9070796600E+00   2.0455553800E+00
H23        1.0           7.8715486000E-01  -4.4795664800E+00   4.6305862800E+00
O24        8.0           4.3224692400E+00  -4.6553287900E+00   4.1280490000E-02
H25        1.0           4.7679783400E+00   3.9275733300E+00  -5.7151868200E+00
H26        1.0           1.7691007300E+00   2.5229713900E+00  -5.3506216700E+00
H27        1.0           2.2212698600E+00   5.7464212000E+00  -4.6023114300E+00
H28        1.0           6.5331440500E+00   3.7694283600E+00   3.1107780800E+00
H29        1.0           8.2673335300E+00   4.7910441300E+00   4.5363994000E-01
H30        1.0           5.7820499300E+00   6.6598913100E+00   1.6265571100E+00
H31        1.0           1.6414010900E+00  -7.4695046000E+00  -1.7127093000E-01
H32        1.0           3.5483879700E+00  -7.4733463000E+00   2.6167125100E+00
C33        6.0          -4.2435658400E+00  -5.0399184000E+00  -3.4249424800E+00
H34        1.0          -2.8014875800E+00  -5.0864177900E+00  -4.9082682000E+00
H35        1.0          -3.6209692600E+00  -6.2569459000E+00  -1.8581691100E+00
H36        1.0          -5.9537393300E+00  -5.9375484300E+00  -4.1846509200E+00
C37        6.0          -5.6854941600E+00   2.7266453700E+00   5.3914084300E+00
H38        1.0          -5.3330067200E+00   4.1305497400E+00   6.8804370200E+00
H39        1.0          -7.2668792700E+00   3.4676951400E+00   4.2733762800E+00
H40        1.0          -6.2520174400E+00   9.4575753000E-01   6.2705041000E+00
H41        1.0          -6.9646505700E+00   5.1232538300E+00  -1.5696012300E+00
H42        1.0          -3.1155260100E+00   3.7384058800E+00  -3.6192395800E+00
 
Some Atomic Properties:
----------------------
  q(A) = Net Charge of Atom A
  L(A) = Lagrangian of Atom A = -(1/4) Times Atomic Integral of the Laplacian of the Electron Density
  K(A) = Electronic Kinetic Energy of Atom A (Hamiltonian Form)
  K_Scaled(A) = K(A) * E(Mol)/K(Mol) = Approximation to Virial-Based Total Energy of Atom A.
  |Mu_Intra(A)| = Magnitude of Intraatomic Dipole Moment of Atom A
--------------------------------------------------------------------------------------------------
Atom A          q(A)              L(A)              K(A)          K_Scaled(A)      |Mu_Intra(A)|
--------------------------------------------------------------------------------------------------
C1       -9.6690078500E-02 -3.2370054734E-05  3.7706870823E+01 -3.8024584014E+01  1.3370905801E-01
C2       -3.0792922600E-02 -4.3691129741E-04  3.7700752681E+01 -3.8018414322E+01  8.9289892089E-02
C3       -4.4460528000E-02 -6.5814317617E-05  3.7711252045E+01 -3.8029002152E+01  9.4278202009E-02
C4       -6.2549122400E-02  8.6117484360E-05  3.7711628507E+01 -3.8029381787E+01  9.1153506806E-02
C5       -1.3345606200E-02  1.3498842046E-04  3.7724654943E+01 -3.8042517981E+01  2.1005911312E-01
C6        1.9653774000E-02  1.5183494725E-04  3.7705056765E+01 -3.8022754672E+01  1.1981704655E-01
H7        3.7396074080E-02  1.2404776522E-05  5.9897416811E-01 -6.0402104658E-01  1.5144063044E-01
H8        1.1450991283E-01  2.6522085380E-05  5.7329459305E-01 -5.7812509876E-01  1.3343357200E-01
H9        6.7519537290E-02  8.0579656349E-07  5.9034029586E-01 -5.9531442645E-01  1.3766720154E-01
H10       3.0886599680E-02  2.3971614108E-05  6.0229742989E-01 -6.0737230974E-01  1.5104247432E-01
H11       4.8763468070E-02  7.1121531330E-06  5.9176412185E-01 -5.9675024941E-01  1.4545792557E-01
C12       1.3327438880E+00  2.5446400937E-04  3.6849500934E+01 -3.7159990038E+01  8.5424770701E-01
O13      -1.3123421848E+00  5.6867596558E-05  7.5345112817E+01 -7.5979960943E+01  3.0410818206E-01
N14      -1.1799961528E+00  8.8951001986E-05  5.4986990676E+01 -5.5450303911E+01  1.1810883456E-01
Al15      2.3963500480E+00  1.5587417099E-04  2.4087146775E+02 -2.4290101942E+02  9.3296558291E-02
C16       3.0926109310E-01 -5.7180190044E-05  3.7528642442E+01 -3.7844853904E+01  5.2236313284E-01
C17       2.0786739486E+00  7.2155643770E-05  3.6390620143E+01 -3.6697242778E+01  2.5506388704E-01
O18      -1.2986865383E+00  5.7474016461E-05  7.5374348556E+01 -7.6009443018E+01  3.9969653343E-01
C19      -8.2225007750E-01 -1.7245789269E-04  3.7895440772E+01 -3.8214742829E+01  1.2740319971E+00
C20      -8.2367910110E-01 -2.2781603462E-05  3.7895753775E+01 -3.8215058470E+01  1.2742904914E+00
C21       4.0465138190E-01  3.8832088202E-05  3.7464541724E+01 -3.7780213082E+01  5.7851644240E-01
H22       8.5739184740E-02  6.3389070739E-06  5.8798067595E-01 -5.9293492469E-01  1.3502508102E-01
H23       8.0956068430E-02  3.0778497892E-05  5.8958032321E-01 -5.9454805037E-01  1.3886581564E-01
O24      -1.0564918273E+00  5.9405214845E-05  7.5306192371E+01 -7.5940712558E+01  3.3368097596E-01
H25       4.1207626180E-02  3.3356837901E-05  5.8469796081E-01 -5.8962454982E-01  1.5350489621E-01
H26       1.6314956100E-02  3.9791054606E-05  5.9537248582E-01 -6.0038901699E-01  1.5617655423E-01
H27       3.2821105630E-02  2.4605674963E-05  5.8772145076E-01 -5.9267351530E-01  1.5556989769E-01
H28       1.9330643570E-02  3.2341835233E-05  5.9364238082E-01 -5.9864433435E-01  1.5961238195E-01
H29       4.0078407840E-02  3.5238226578E-05  5.8506969863E-01 -5.8999941985E-01  1.5381222965E-01
H30       3.4955249740E-02  3.0195176174E-05  5.8701709334E-01 -5.9196322305E-01  1.5522713275E-01
H31       9.8790581680E-02  2.8718718215E-05  5.8420241630E-01 -5.8912482992E-01  1.3632535342E-01
H32       1.0814963080E-01  2.8294167395E-05  5.7982822040E-01 -5.8471377760E-01  1.3432640782E-01
C33      -1.9034380700E-02 -3.9973933594E-05  3.7678772930E+01 -3.7996249372E+01  8.8621004974E-02
H34       2.8363790480E-02  2.5845554115E-05  5.9912059461E-01 -6.0416870686E-01  1.5024434399E-01
H35      -7.2829713000E-03  4.2785620938E-05  6.1177638634E-01 -6.1693113464E-01  1.5628562611E-01
H36       5.4923564920E-02  2.2701313849E-05  5.8748083806E-01 -5.9243087523E-01  1.4528338205E-01
C37      -2.1317521900E-02 -1.7266702228E-05  3.7697305602E+01 -3.8014938198E+01  1.7141337431E-01
H38       7.8830655800E-02  2.3522841386E-05  5.7546339087E-01 -5.8031217059E-01  1.4010807363E-01
H39       7.7631364440E-02  1.3996791666E-05  5.7692830996E-01 -5.8178943290E-01  1.3918669120E-01
H40       4.7263529920E-02  2.0830282495E-05  5.9221692691E-01 -5.9720686975E-01  1.4481802590E-01
H41       5.7110367300E-02  2.1970585408E-05  5.8882336047E-01 -5.9378470956E-01  1.4454080145E-01
H42       4.6842507030E-02  2.8057147913E-05  5.9794684539E-01 -6.0298506778E-01  1.4440862643E-01
--------------------------------------------------------------------------------------------------
Total     1.0007999468E+00  8.7239426198E-04  1.0611064462E+03 -1.0700471912E+03
 
1st Largest |L(A)| = 4.3691129741E-04, atom C2      
2nd Largest |L(A)| = 2.5446400937E-04, atom C12     
 
Molecular charge q(Mol) from the wfn file:   1.0000000000E+00
Molecular energy E(Mol) from the wfn file:  -1.0700471291E+03
Molecular virial ratio (-V(Mol)/T(Mol)) from the wfn file:   2.0084258700E+00
Note.  K_Scaled(A) = (1+V(Mol)/T(Mol))*K(A) = (E(Mol)/T(Mol))*K(A)
       Only use K_Scaled(A) data with caution.
 
N_AIMInt(SumA)     =        149.999200
N_Analytic(Mol)    =        149.999976
 
G_AIMInt(SumA)     =       1061.105574
G_Analytic(Mol)    =       1061.106322
 
K_AIMInt(SumA)     =       1061.106446
K_Analytic(Mol)    =       1061.106322
 
L_AIMInt(SumA)     =          0.000872
L_Analytic(Mol)    =          0.000000
 
VenT_AIMInt(SumA)  =      -5761.639103
VenT_Analytic(Mol) =      -5761.654916
 
Some Information About the Atomic Calculations:
----------------------------------------------
  Time(sec) = "Elapsed User Time", in Seconds, for Atom A by AIMInt and, if used, by TWOe
  NProc = Number of Processors Used for AIMInt Job
  BIM = Basin Integration Method
  OAQ = Angular Quadrature Outside of Beta Sphere
  ORQ = Multiple of Default for Radial Quadrature Outside of Beta Sphere
  IAQ = Multiple of Default for Angular Quadrature Inside of Beta Sphere
  IRQ = Multiple of Default for Radial Quadrature Inside of Beta Sphere
  MIR = Maximum Integration Radius
------------------------------------------------------------------------------------------------------
Atom A     Time(sec)   NProc      BIM          OAQ                     ORQ      IAQ      IRQ      MIR
------------------------------------------------------------------------------------------------------
C1             56        8     Proaim(5)    4500(GS4)                  1.00     1.00     1.00    13.00
C2             61        8     Proaim(5)    4500(GS4)                  1.00     1.00     1.00    13.00
C3             98        8     Proaim(5)    4500(GS4)                  1.00     1.00     1.00    13.00
C4             68        8     Proaim(5)    4500(GS4)                  1.00     1.00     1.00    13.00
C5             75        8     Proaim(5)    4500(GS4)                  1.00     1.00     1.00    13.00
C6             70        8     Proaim(5)    4500(GS4)                  1.00     1.00     1.00    13.00
H7             23        8     Proaim(5)    4500(GS4)                  1.00     1.00     1.00    13.00
H8             16        8     Proaim(5)    1800(GS4)                  1.00     1.00     1.00    13.00
H9             15        8     Proaim(5)    1800(GS4)                  1.00     1.00     1.00    13.00
H10            15        8     Proaim(5)    1800(GS4)                  1.00     1.00     1.00    13.00
H11            12        8     Proaim(5)    1800(GS4)                  1.00     1.00     1.00    13.00
C12           110        8     Proaim(5)    4500(GS4)                  1.00     1.00     1.00    13.00
O13            52        8     Proaim(5)    4500(GS4)                  1.00     1.00     1.00    13.00
N14            55        8     Proaim(5)    4500(GS4)                  1.00     1.00     1.00    13.00
Al15           65        8     Proaim(5)    5400(GS5)                  1.00     1.00     1.00    13.00
C16            64        8     Proaim(5)    4500(GS4)                  1.00     1.00     1.00    13.00
C17            34        8     Proaim(5)    5400(GS5)                  1.00     1.00     1.00    13.00
O18            35        8     Proaim(5)    4500(GS4)                  1.00     1.00     1.00    13.00
C19            49        8     Proaim(5)    4500(GS4)                  1.00     1.00     1.00    13.00
C20            40        8     Proaim(5)    4500(GS4)                  1.00     1.00     1.00    13.00
C21            45        8     Proaim(5)    4500(GS4)                  1.00     1.00     1.00    13.00
H22            32        8     Proaim(5)    4500(GS4)                  1.00     1.00     1.00    13.00
H23            10        8     Proaim(5)    1800(GS4)                  1.00     1.00     1.00    13.00
O24            26        8     Proaim(5)    4500(GS4)                  1.00     1.00     1.00    13.00
H25            11        8     Proaim(5)    1800(GS4)                  1.00     1.00     1.00    13.00
H26            33        8     Proaim(5)    4500(GS4)                  1.00     1.00     1.00    13.00
H27            10        8     Proaim(5)    1800(GS4)                  1.00     1.00     1.00    13.00
H28            10        8     Proaim(5)    1800(GS4)                  1.00     1.00     1.00    13.00
H29             9        8     Proaim(5)    1800(GS4)                  1.00     1.00     1.00    13.00
H30            10        8     Proaim(5)    1800(GS4)                  1.00     1.00     1.00    13.00
H31            16        8     Proaim(5)    1800(GS4)                  1.00     1.00     1.00    13.00
H32             8        8     Proaim(5)    1800(GS4)                  1.00     1.00     1.00    13.00
C33            43        8     Proaim(5)    4500(GS4)                  1.00     1.00     1.00    13.00
H34            11        8     Proaim(5)    1800(GS4)                  1.00     1.00     1.00    13.00
H35            27        8     Proaim(5)    4500(GS4)                  1.00     1.00     1.00    13.00
H36             8        8     Proaim(5)    1800(GS4)                  1.00     1.00     1.00    13.00
C37            43        8     Proaim(5)    4500(GS4)                  1.00     1.00     1.00    13.00
H38             8        8     Proaim(5)    1800(GS4)                  1.00     1.00     1.00    13.00
H39            13        8     Proaim(5)    1800(GS4)                  1.00     1.00     1.00    13.00
H40             9        8     Proaim(5)    1800(GS4)                  1.00     1.00     1.00    13.00
H41            10        8     Proaim(5)    1800(GS4)                  1.00     1.00     1.00    13.00
H42            26        8     Proaim(5)    4500(GS4)                  1.00     1.00     1.00    13.00
------------------------------------------------------------------------------------------------------
Total        1431
Note:  Total wall clock time is less than total of atomic times if more than one atom
       was calculated at a time
 
Electron Density Critical Point Analysis of Molecular Structure:               
---------------------------------------------------------------                
  NACP = Nuclear Attractor Critical Point                                      
  NNACP = Non-Nuclear Attractor Critical Point                                 
  BCP = Bond Critical Point                                                    
  RCP = Ring Critical Point                                                    
  CCP = Cage Critical Point                                                    
  Rho = Electron Density                                                       
  GradRho = Gradient of Electron Density                                       
  HessRho_EigVals = Eigenvalues of the Hessian of Rho, Ascending Order         
  HessRho_EigVecs = Eigenvectors of the Hessian of Rho                         
  DelSqRho = Laplacian of Rho = Trace of Hessian of Rho                        
  Bond Ellipticity = (HessRho_EigVal(1) / HessRho_EigVal(2)) - 1               
  V = Virial Field = Potential Energy Density = Trace of Stress Tensor         
  G = Lagrangian Form of Kinetic Energy Density                                
  K = Hamiltonian Form of Kinetic Energy Density                               
  L = K - G = Lagrangian Density = (-1/4)DelSqRho                              
  Vnuc = Electrostatic Potential from Nuclei                                   
  Ven = Electron-nuclear attractive contribution to Virial Field V             
  Vrep = V - Ven = Repulsive contribution to Virial Field V                    
  DelSqV = Laplacian of V                                                      
  DelSqVen = Laplacian of Ven                                                  
  DelSqVrep = Laplacian of Vrep                                                
  DelSqG = Laplacian of G                                                      
  DelSqK = Laplacian of K                                                      
  Stress_EigVals = Eigenvalues of Stress Tensor, Ascending Order               
  Stress_EigVecs = Eigenvectors of Stress Tensor                               
  -DivStress = Ehrenfest Force Density = Minus Divergence of Stress Tensor     
  ESP = Total Electrostatic Potential                                          
  ESPe = Electrostatic Potential from Electrons                                
  ESPn = Electrostatic Potential from Nuclei                                   
  BP = Bond Path                                                               
  BPL = Bond Path Length                                                       
  GBL = Geometric Bond Length                                                  
  GBL_I = Distance Between Nuclear Attractors                                  
  GBL_II = Distance Between Nuclei                                             
  GBL_III = Sum of Distances Between BCP and Nuclear Attractors                
  GBL_IV = Sum of Distances Between BCP and Nuclei                             

CP# 1      Coords = -6.63288411728325E+00  3.12849272723328E+00 -1.92162164521144E+00
           Type = (3,-3) NACP C1
           Rho =  1.1768560137E+02     Rho at Nucleus =  1.1768560134E+02
           GradRho = -1.1115011689E-11  1.7297149824E-11  8.6091883622E-11
           HessRho_EigVals = -1.4501706786E+05 -1.4501600373E+05 -1.4501587422E+05
           HessRho_EigVec1 =  4.0142972817E-01 -1.4179955955E-01  9.0484642799E-01
           HessRho_EigVec2 =  4.0671641581E-01  9.1278886615E-01 -3.7393086835E-02
           HessRho_EigVec3 =  8.2063142181E-01 -3.8302659273E-01 -4.2409279504E-01
           DelSqRho = -4.3504894580E+05
           Bond Ellipticity = NA
           V = -1.0877247232E+05
           G =  5.1179326112E+00
           K =  1.0876735438E+05
           L =  1.0876223645E+05
           Vnuc =  8.1176134009E+06
           Ven = -9.5532621481E+08
           Vrep =  9.5521744234E+08
           DelSqV =  2.4954683428E+09
           DelSqVen =  3.5315601900E+12
           DelSqVrep = -3.5290641973E+12
           DelSqG =  1.3404499487E+08
           DelSqK = -2.6295133377E+09
           Stress_EigVals = -3.6257738142E+04 -3.6257646583E+04 -3.6257087591E+04
           Stress_EigVec1 =  8.1917341325E-01 -3.9120344675E-01 -4.1942196208E-01
           Stress_EigVec2 =  4.0636586351E-01  9.1193652612E-01 -5.6908323715E-02
           Stress_EigVec3 =  4.0474893946E-01 -1.2382098202E-01  9.0600588321E-01
           -DivStress =  3.5847011383E+02 -1.2942795301E+02 -4.6156976226E+02
           ESP =  -1.4641307921E+01     ESP at Nucleus =  -1.4641307930E+01
           ESPe = -3.3258103118E+01     ESPe at Nucleus = -3.3258104005E+01
           ESPn =  1.8616795197E+01     ESPn at Nucleus =  1.8616796075E+01

CP# 2      Coords = -4.49791999098793E+00  2.32825527555693E+00 -3.03577155183105E+00
           Type = (3,-3) NACP C2
           Rho =  1.1766545544E+02     Rho at Nucleus =  1.1766545525E+02
           GradRho =  5.1367370427E-10 -7.7164738054E-10 -2.2755313953E-10
           HessRho_EigVals = -1.4498447123E+05 -1.4498346820E+05 -1.4498310430E+05
           HessRho_EigVec1 =  4.2546217205E-01 -3.1229553099E-02  9.0443720355E-01
           HessRho_EigVec2 = -6.9217608718E-02  9.9535385938E-01  6.6929942858E-02
           HessRho_EigVec3 =  9.0232525333E-01  9.1079139329E-02 -4.2132377998E-01
           DelSqRho = -4.3495104373E+05
           Bond Ellipticity = NA
           V = -1.0874797040E+05
           G =  5.1047351057E+00
           K =  1.0874286567E+05
           L =  1.0873776093E+05
           Vnuc =  3.7396828575E+06
           Ven = -4.4003148662E+08
           Vrep =  4.3992273865E+08
           DelSqV =  2.4949001983E+09
           DelSqVen =  1.6265790095E+12
           DelSqVrep = -1.6240841093E+12
           DelSqG =  1.3400673439E+08
           DelSqK = -2.6289069327E+09
           Stress_EigVals = -3.6249601982E+04 -3.6249440972E+04 -3.6248927449E+04
           Stress_EigVec1 =  8.9896181355E-01 -3.0952892715E-02 -4.3693200411E-01
           Stress_EigVec2 =  5.2300493025E-02  9.9794908797E-01  3.6909026697E-02
           Stress_EigVec3 =  4.3489345386E-01 -5.6031564809E-02  8.9873697350E-01
           -DivStress = -6.9208232142E+02  1.0449338269E+03  3.5406184605E+02
           ESP =  -1.4630206851E+01     ESP at Nucleus =  -1.4630206868E+01
           ESPe = -3.5776601256E+01     ESPe at Nucleus = -3.5776600105E+01
           ESPn =  2.1146394406E+01     ESPn at Nucleus =  2.1146393238E+01

CP# 3      Coords = -3.84986453295551E+00 -2.95850152810333E-01 -3.66038523108896E+00
           Type = (3,-3) NACP C3
           Rho =  1.1767250944E+02     Rho at Nucleus =  1.1767250928E+02
           GradRho =  1.3312388865E-10  7.0689568991E-10  8.7538472998E-11
           HessRho_EigVals = -1.4499652675E+05 -1.4499566819E+05 -1.4499542082E+05
           HessRho_EigVec1 =  7.0379463101E-01 -4.0350035825E-03  7.1039202987E-01
           HessRho_EigVec2 = -4.4549667063E-01  7.7641637349E-01  4.4576937023E-01
           HessRho_EigVec3 =  5.5335868460E-01  6.3020737359E-01 -5.4464009443E-01
           DelSqRho = -4.3498761575E+05
           Bond Ellipticity = NA
           V = -1.0875714259E+05
           G =  5.1193259244E+00
           K =  1.0875202326E+05
           L =  1.0874690394E+05
           Vnuc =  4.0648103834E+06
           Ven = -4.7831643822E+08
           Vrep =  4.7820768108E+08
           DelSqV =  2.4951132392E+09
           DelSqVen =  1.7681421107E+12
           DelSqVrep = -1.7656469975E+12
           DelSqG =  1.3402149308E+08
           DelSqK = -2.6291347322E+09
           Stress_EigVals = -3.6252626929E+04 -3.6252496055E+04 -3.6252019606E+04
           Stress_EigVec1 =  4.7269931185E-01  7.1941888097E-01 -5.0891240335E-01
           Stress_EigVec2 = -5.0206700347E-01  6.9447485518E-01  5.1539635190E-01
           Stress_EigVec3 =  7.2421273435E-01  1.1880624503E-02  6.8947426795E-01
           -DivStress = -1.5283675951E+02 -1.1856747402E+03 -1.0345677086E+02
           ESP =  -1.4631231260E+01     ESP at Nucleus =  -1.4631231274E+01
           ESPe = -3.6533171983E+01     ESPe at Nucleus = -3.6533171806E+01
           ESPn =  2.1901940724E+01     ESPn at Nucleus =  2.1901940532E+01

CP# 4      Coords = -4.79867315845666E+00 -2.39099500374718E+00 -2.57557290987617E+00
           Type = (3,-3) NACP C4
           Rho =  1.1767743747E+02     Rho at Nucleus =  1.1767743726E+02
           GradRho = -1.6527719471E-10 -1.0373447960E-09  4.0150660574E-11
           HessRho_EigVals = -1.4500339064E+05 -1.4500245267E+05 -1.4500212499E+05
           HessRho_EigVec1 =  8.0039753765E-01  3.0705453958E-02  5.9868268459E-01
           HessRho_EigVec2 = -4.0458970334E-01  7.6459840478E-01  5.0169358313E-01
           HessRho_EigVec3 =  4.4234709639E-01  6.4377515834E-01 -6.2440579098E-01
           DelSqRho = -4.3500796831E+05
           Bond Ellipticity = NA
           V = -1.0876216024E+05
           G =  5.0840832246E+00
           K =  1.0875707616E+05
           L =  1.0875199208E+05
           Vnuc =  3.5325643874E+06
           Ven = -4.1570312482E+08
           Vrep =  4.1559436266E+08
           DelSqV =  2.4952291635E+09
           DelSqVen =  1.5366936494E+12
           DelSqVrep = -1.5341983875E+12
           DelSqG =  1.3402849413E+08
           DelSqK = -2.6292576577E+09
           Stress_EigVals = -3.6254322768E+04 -3.6254159394E+04 -3.6253678081E+04
           Stress_EigVec1 =  4.4910864818E-01  6.9175099345E-01 -5.6549269243E-01
           Stress_EigVec2 = -4.3518662175E-01  7.2212148664E-01  5.3772963726E-01
           Stress_EigVec3 =  7.8032943452E-01  4.5958239680E-03  6.2535178262E-01
           -DivStress =  1.7230647877E+02  1.3717914330E+03 -5.7367010543E+01
           ESP =  -1.4624921464E+01     ESP at Nucleus =  -1.4624921482E+01
           ESPe = -3.5816196671E+01     ESPe at Nucleus = -3.5816198285E+01
           ESPn =  2.1191275207E+01     ESPn at Nucleus =  2.1191276803E+01

CP# 5      Coords = -2.07899156274227E+00  3.08303170513745E-01  3.44536992848095E+00
           Type = (3,-3) NACP C5
           Rho =  1.1762553554E+02     Rho at Nucleus =  1.1762553506E+02
           GradRho =  3.1226156418E-09 -5.5045161278E-10 -2.2846061314E-09
           HessRho_EigVals = -1.4493724063E+05 -1.4493702011E+05 -1.4493661240E+05
           HessRho_EigVec1 =  7.8119612215E-01  4.2783444094E-02 -6.2281794744E-01
           HessRho_EigVec2 =  6.0124776033E-01  2.1696009523E-01  7.6904450312E-01
           HessRho_EigVec3 = -1.6802901369E-01  9.7524247959E-01 -1.4376493512E-01
           DelSqRho = -4.3481087314E+05
           Bond Ellipticity = NA
           V = -1.0871324016E+05
           G =  5.2609398821E+00
           K =  1.0870797922E+05
           L =  1.0870271828E+05
           Vnuc =  2.3251589017E+06
           Ven = -2.7349806103E+08
           Vrep =  2.7338934779E+08
           DelSqV =  2.4941064724E+09
           DelSqVen =  1.0110044227E+12
           DelSqVrep = -1.0085103172E+12
           DelSqG =  1.3396636137E+08
           DelSqK = -2.6280728338E+09
           Stress_EigVals = -3.6237967400E+04 -3.6237748717E+04 -3.6237524048E+04
           Stress_EigVec1 = -2.2807070437E-01  9.6755117685E-01 -1.0875878806E-01
           Stress_EigVec2 =  7.9958701860E-01  1.2238938476E-01 -5.8794679877E-01
           Stress_EigVec3 =  5.5555769592E-01  2.2105555562E-01  8.0155479403E-01
           -DivStress = -1.6569312148E+03  2.7808660577E+02  1.2437041740E+03
           ESP =  -1.4574721946E+01     ESP at Nucleus =  -1.4574721979E+01
           ESPe = -3.8355026596E+01     ESPe at Nucleus = -3.8355022893E+01
           ESPn =  2.3780304650E+01     ESPn at Nucleus =  2.3780300915E+01

CP# 6      Coords = -3.40489229516055E+00  2.47329428055479E+00  3.77358178191984E+00
           Type = (3,-3) NACP C6
           Rho =  1.1775699335E+02     Rho at Nucleus =  1.1775699328E+02
           GradRho = -1.1085289717E-10 -1.0505426130E-10  5.9938971321E-11
           HessRho_EigVals = -1.4509572362E+05 -1.4509300461E+05 -1.4509280821E+05
           HessRho_EigVec1 =  5.7136018118E-01  2.2499145516E-01  7.8925685836E-01
           HessRho_EigVec2 =  7.5063373921E-01 -5.3207314180E-01 -3.9172332244E-01
           HessRho_EigVec3 =  3.3180797598E-01  8.1625793527E-01 -4.7289158397E-01
           DelSqRho = -4.3528153644E+05
           Bond Ellipticity = NA
           V = -1.0883042868E+05
           G =  5.0222860205E+00
           K =  1.0882540640E+05
           L =  1.0882038411E+05
           Vnuc =  6.2447939883E+06
           Ven = -7.3536816417E+08
           Vrep =  7.3525933374E+08
           DelSqV =  2.4967824629E+09
           DelSqVen =  2.7182437499E+12
           DelSqVrep = -2.7157469674E+12
           DelSqG =  1.3410547947E+08
           DelSqK = -2.6308879423E+09
           Stress_EigVals = -3.6277175532E+04 -3.6277109889E+04 -3.6276143260E+04
           Stress_EigVec1 = -6.5495515550E-02  9.7132358557E-01 -2.2856252875E-01
           Stress_EigVec2 =  8.1777085331E-01 -7.9007749887E-02 -5.7009526127E-01
           Stress_EigVec3 =  5.7180518440E-01  2.2425045722E-01  7.8914546411E-01
           -DivStress =  4.8038054041E+02  5.3722576184E+02 -3.1312656257E+02
           ESP =  -1.4556309602E+01     ESP at Nucleus =  -1.4556309601E+01
           ESPe = -3.6160625727E+01     ESPe at Nucleus = -3.6160625713E+01
           ESPn =  2.1604316125E+01     ESPn at Nucleus =  2.1604316112E+01

CP# 7      Coords = -2.50503972657650E+00 -5.24223810976643E-01 -5.16098586051579E+00
           Type = (3,-3) NACP H7
           Rho =  4.2753148384E-01     Rho at Nucleus =  4.2392323585E-01
           GradRho = -1.2893332235E-15  1.7011132086E-16  2.1324088328E-15
           HessRho_EigVals = -6.5381735298E+00 -6.5301762719E+00 -5.9413778095E+00
           HessRho_EigVec1 =  7.6799212683E-02  9.9327024831E-01 -8.6695413648E-02
           HessRho_EigVec2 =  7.4732277187E-01  2.1337028499E-04  6.6446115696E-01
           HessRho_EigVec3 = -6.6000799660E-01  1.1581955055E-01  7.4227708852E-01
           DelSqRho = -1.9009727611E+01
           Bond Ellipticity = NA
           V = -4.7617290021E+00
           G =  4.6485496664E-03
           K =  4.7570804525E+00
           L =  4.7524319028E+00
           Vnuc =  5.1053270275E+01
           Ven = -2.1826880396E+01
           Vrep =  1.7065151393E+01
           DelSqV =  7.1656173791E+02
           DelSqVen =  9.7050876158E+02
           DelSqVrep = -2.5394702367E+02
           DelSqG =  7.0790291304E+01
           DelSqK = -7.8735202922E+02
           Stress_EigVals = -1.6376392430E+00 -1.6367028711E+00 -1.4873868880E+00
           Stress_EigVec1 =  2.7282548926E-02  9.9126401826E-01 -1.2903994977E-01
           Stress_EigVec2 =  7.5054943979E-01  6.4949066139E-02  6.5761474834E-01
           Stress_EigVec3 = -6.6025086214E-01  1.1479226856E-01  7.4222067751E-01
           -DivStress =  5.1743563215E+00 -8.8683441070E-01 -5.8264037329E+00
           ESP =  -1.0032425192E+00     ESP at Nucleus =  -1.0056532444E+00
           ESPe = -2.2994899405E+01     ESPe at Nucleus = -2.2908875815E+01
           ESPn =  2.1991656886E+01     ESPn at Nucleus =  2.1903222570E+01

CP# 8      Coords = -2.75518582392830E+00  4.13460837483795E+00  2.83012623427703E+00
           Type = (3,-3) NACP H8
           Rho =  4.2294289312E-01     Rho at Nucleus =  4.1882316174E-01
           GradRho = -1.4344832830E-12 -3.6593495737E-12  2.0970372791E-12
           HessRho_EigVals = -6.4441876963E+00 -6.4392083866E+00 -5.7972926550E+00
           HessRho_EigVec1 =  7.5138743636E-01 -5.2415761643E-01 -4.0084375213E-01
           HessRho_EigVec2 =  5.7580050715E-01  2.2412672280E-01  7.8627030218E-01
           HessRho_EigVec3 =  3.2228977094E-01  8.2159966240E-01 -4.7021622503E-01
           DelSqRho = -1.8680688738E+01
           Bond Ellipticity = NA
           V = -4.6785043153E+00
           G =  4.1660653937E-03
           K =  4.6743382499E+00
           L =  4.6701721845E+00
           Vnuc =  4.9544253620E+01
           Ven = -2.0954389964E+01
           Vrep =  1.6275885648E+01
           DelSqV =  7.0145521985E+02
           DelSqVen =  9.2552078063E+02
           DelSqVrep = -2.2406556079E+02
           DelSqG =  6.9115650473E+01
           DelSqK = -7.7057087032E+02
           Stress_EigVals = -1.6144583186E+00 -1.6127612986E+00 -1.4512846980E+00
           Stress_EigVec1 =  7.5577350216E-01 -5.2114778485E-01 -3.9649892785E-01
           Stress_EigVec2 =  5.7074141931E-01  2.2739738119E-01  7.8901499562E-01
           Stress_EigVec3 =  3.2103059934E-01  8.2261498733E-01 -4.6930154156E-01
           -DivStress =  2.6761977658E+00  6.8334174537E+00 -3.9153514319E+00
           ESP =  -9.4972492276E-01     ESP at Nucleus =  -9.5248320984E-01
           ESPe = -2.3569112987E+01     ESPe at Nucleus = -2.3489057811E+01
           ESPn =  2.2619388064E+01     ESPn at Nucleus =  2.2536574602E+01

CP# 9      Coords = -2.66766327117516E+00 -1.39453221725536E+00  4.34183780992173E+00
           Type = (3,-3) NACP H9
           Rho =  4.2599250168E-01     Rho at Nucleus =  4.2214184908E-01
           GradRho =  6.5599106110E-15  1.6788062995E-14 -1.2064449086E-14
           HessRho_EigVals = -6.4997448316E+00 -6.4925558444E+00 -5.8841915195E+00
           HessRho_EigVec1 =  7.5773676409E-01 -5.0163365593E-01 -4.1737114369E-01
           HessRho_EigVec2 =  5.7673764994E-01  2.1557124391E-01  7.8797380790E-01
           HessRho_EigVec3 =  3.0530096542E-01  8.3779037595E-01 -4.5265727264E-01
           DelSqRho = -1.8876492195E+01
           Bond Ellipticity = NA
           V = -4.7288538221E+00
           G =  4.8653866157E-03
           K =  4.7239884355E+00
           L =  4.7191230489E+00
           Vnuc =  5.1189412178E+01
           Ven = -2.1806305753E+01
           Vrep =  1.7077451931E+01
           DelSqV =  7.1032420970E+02
           DelSqVen =  9.6627653947E+02
           DelSqVrep = -2.5595232976E+02
           DelSqG =  7.0065226391E+01
           DelSqK = -7.8038943609E+02
           Stress_EigVals = -1.6280241695E+00 -1.6279802320E+00 -1.4728494206E+00
           Stress_EigVec1 =  7.0078133255E-01 -5.1984995895E-01 -4.8852998284E-01
           Stress_EigVec2 =  6.4463048957E-01  1.6814964983E-01  7.4577290590E-01
           Stress_EigVec3 =  3.0554386898E-01  8.3754505278E-01 -4.5294726922E-01
           -DivStress = -2.5001766328E+00 -6.7460718655E+00  3.6742501917E+00
           ESP =  -9.3437542239E-01     ESP at Nucleus =  -9.3696158729E-01
           ESPe = -2.4099957302E+01     ESPe at Nucleus = -2.3997281220E+01
           ESPn =  2.3165581879E+01     ESPn at Nucleus =  2.3060319633E+01

CP# 10     Coords = -6.12992430217155E+00 -2.19455113559062E+00 -1.05879339997925E+00
           Type = (3,-3) NACP H10
           Rho =  4.2797442290E-01     Rho at Nucleus =  4.2438313605E-01
           GradRho = -1.0198005634E-15 -4.2803624143E-16 -9.9231603837E-16
           HessRho_EigVals = -6.5361866650E+00 -6.5285614024E+00 -5.9411751239E+00
           HessRho_EigVec1 =  1.2925496235E-01  9.9136449189E-01 -2.2126882404E-02
           HessRho_EigVec2 =  7.4160909800E-01 -8.1830728536E-02  6.6582255717E-01
           HessRho_EigVec3 = -6.5826218217E-01  1.0247036686E-01  7.4578195436E-01
           DelSqRho = -1.9005923191E+01
           Bond Ellipticity = NA
           V = -4.7609896483E+00
           G =  4.7544252182E-03
           K =  4.7562352230E+00
           L =  4.7514807978E+00
           Vnuc =  5.0726203558E+01
           Ven = -2.1709517694E+01
           Vrep =  1.6948528046E+01
           DelSqV =  7.1638487587E+02
           DelSqVen =  9.6409832862E+02
           DelSqVrep = -2.4771345275E+02
           DelSqG =  7.0686447448E+01
           DelSqK = -7.8707132331E+02
           Stress_EigVals = -1.6373204359E+00 -1.6362845327E+00 -1.4873846796E+00
           Stress_EigVec1 =  7.1063000604E-02  9.9489233491E-01 -7.1688854723E-02
           Stress_EigVec2 =  7.5023967237E-01 -5.9483519134E-03  6.6113920706E-01
           Stress_EigVec3 = -6.5733589887E-01  1.0076635875E-01  7.4683040712E-01
           -DivStress = -5.1472420890E+00  8.0429937194E-01  5.8358897981E+00
           ESP =  -9.9913780021E-01     ESP at Nucleus =  -1.0015276689E+00
           ESPe = -2.2597470152E+01     ESPe at Nucleus = -2.2515700719E+01
           ESPn =  2.1598332351E+01     ESPn at Nucleus =  2.1514173050E+01

CP# 11     Coords = -8.13256819237887E+00  1.86448233578114E+00 -1.44063819101963E+00
           Type = (3,-3) NACP H11
           Rho =  4.2426054861E-01     Rho at Nucleus =  4.2053254349E-01
           GradRho =  3.0323508461E-15  1.0978631199E-15 -5.4492001189E-16
           HessRho_EigVals = -6.4603232885E+00 -6.4542899602E+00 -5.8583850791E+00
           HessRho_EigVec1 = -5.3086541126E-01  7.6706798086E-01  3.6026188787E-01
           HessRho_EigVec2 =  4.0528544454E-01 -1.4354710050E-01  9.0284989804E-01
           HessRho_EigVec3 =  7.4426179774E-01  6.2530068181E-01 -2.3467729707E-01
           DelSqRho = -1.8772998328E+01
           Bond Ellipticity = NA
           V = -4.7025531888E+00
           G =  4.6518034201E-03
           K =  4.6979013854E+00
           L =  4.6932495820E+00
           Vnuc =  4.7580421499E+01
           Ven = -2.0186495728E+01
           Vrep =  1.5483942539E+01
           DelSqV =  7.0669945673E+02
           DelSqVen =  8.9322717324E+02
           DelSqVrep = -1.8652771651E+02
           DelSqG =  6.9564207427E+01
           DelSqK = -7.7626366416E+02
           Stress_EigVals = -1.6184330500E+00 -1.6178526297E+00 -1.4662675091E+00
           Stress_EigVec1 = -5.5007796720E-01  7.7459469116E-01  3.1211743691E-01
           Stress_EigVec2 =  3.7636520702E-01 -1.0369393811E-01  9.2065020401E-01
           Stress_EigVec3 =  7.4549544663E-01  6.2389953648E-01 -2.3449074061E-01
           -DivStress = -5.9059767056E+00 -4.9477458966E+00  1.8570541081E+00
           ESP =  -1.0053572094E+00     ESP at Nucleus =  -1.0078345581E+00
           ESPe = -2.0178104914E+01     ESPe at Nucleus = -2.0096406603E+01
           ESPn =  1.9172747705E+01     ESPn at Nucleus =  1.9088572045E+01

CP# 12     Coords =  1.45262162746283E-01  2.74932911387903E-01  1.87006965563641E+00
           Type = (3,-3) NACP C12
           Rho =  1.1761838941E+02     Rho at Nucleus =  1.1761838722E+02
           GradRho =  1.3796542034E-12 -3.4583593584E-13 -9.5644455897E-13
           HessRho_EigVals = -1.4488992209E+05 -1.4488897779E+05 -1.4488764223E+05
           HessRho_EigVec1 =  5.5661253699E-01  1.6397456503E-01  8.1442914099E-01
           HessRho_EigVec2 = -1.8049898841E-01  9.8077942047E-01 -7.4106973782E-02
           HessRho_EigVec3 =  8.1092699970E-01  1.0575476539E-01 -5.7551136457E-01
           DelSqRho = -4.3466654211E+05
           Bond Ellipticity = NA
           V = -1.0867642575E+05
           G =  4.8951093402E+00
           K =  1.0867153064E+05
           L =  1.0866663553E+05
           Vnuc =  1.0904099725E+06
           Ven = -1.2825226476E+08
           Vrep =  1.2814358833E+08
           DelSqV =  2.4932294188E+09
           DelSqVen =  4.7396473024E+11
           DelSqVrep = -4.7147150057E+11
           DelSqG =  1.3388175290E+08
           DelSqK = -2.6271111717E+09
           Stress_EigVals = -3.6225908473E+04 -3.6225510813E+04 -3.6225006460E+04
           Stress_EigVec1 =  7.7259272527E-01  2.4560946921E-01 -5.8547115171E-01
           Stress_EigVec2 = -3.0053023237E-01  9.5376575842E-01  3.5295170698E-03
           Stress_EigVec3 =  5.5926921986E-01  1.7322490206E-01  8.1068555743E-01
