AIMSum (Version 19.02.13, Professional)
Copyright (c) 1997-2019 by Todd A. Keith
AIMSum is a component of the AIMAll package ( http://aim.tkgristmill.com )

TP:  64-bit Linux

Much of the Quantum Theory of Atoms in Molecules (QTAIM) is described in the book:
  "Atoms in Molecules - A Quantum Theory"
  R.F.W. Bader, Oxford University Press, Oxford, 1990

For additional references see:  http://aim.tkgristmill.com/references.html

Wfn File:  /home/mhennefarth/Documents/ML_Diels/summary-levandowski2016/1-opt/1-opt.wfn
Sum File:  /home/mhennefarth/Documents/ML_Diels/summary-levandowski2016/1-opt/1-opt.sum

SumViz File:  /home/mhennefarth/Documents/ML_Diels/summary-levandowski2016/1-opt/1-opt.sumviz

Wfn Title:   Title Card Required                                                           
 
Total memory allocated for AIMSum =        0.807 Megabytes

Atomic units (a.u.) used throughout, except where stated otherwise

Model:  Restricted SCF
 
Restricted, closed-shell, single-determinant wavefunction.
  Number of electrons (from MO Occs)                   =          52.0000000000
  Number of Alpha electrons (from MO Occs)             =          26.0000000000
  Number of Beta electrons (from MO Occs)              =          26.0000000000
  Number of electron pairs (N*(N-1)/2)                 =        1326.0000000000
  Number of electron pairs (from Muller 2EDM)          =        1326.0000000000
 
Nuclear Charges and Cartesian Coordinates:
-------------------------------------------------------------------------------
Atom      Charge                X                  Y                  Z
-------------------------------------------------------------------------------
C1         6.0           2.6380079000E+00   2.8659803300E+00   6.7610860000E-01
H2         1.0           2.2649524100E+00   4.8363130500E+00   2.3696259000E-01
C3         6.0           4.2587576300E+00   1.4927364800E+00  -7.0403637000E-01
H4         1.0           5.2632983800E+00   2.4196381500E+00  -2.2465988700E+00
C5         6.0           3.3446665500E+00  -2.9429976200E+00   6.5836974000E-01
H6         1.0           3.9691974400E+00  -4.8796500500E+00   9.2709267000E-01
C7         6.0           4.8872729400E+00  -1.1833933500E+00  -3.0343069000E-01
H8         1.0           6.7789105800E+00  -1.7492023000E+00  -8.9334854000E-01
C9         6.0          -3.7781016100E+00   3.0655099000E-01  -8.8044045000E-01
C10        6.0          -5.9389657200E+00  -7.8486867000E-01  -1.2405896000E+00
C11        6.0          -5.5038957000E+00   2.1522695000E-01   1.3916570000E+00
H12        1.0          -1.9553813300E+00   9.0625432000E-01  -1.5771720000E+00
H13        1.0          -7.2466180200E+00  -1.7441178200E+00  -2.4791133000E+00
H14        1.0           1.4044006700E+00  -2.5196033800E+00   1.1827486200E+00
H15        1.0           1.6557551200E+00   2.0828617600E+00   2.3028650700E+00
H16        1.0          -5.1041526300E+00  -1.0978001900E+00   2.9405604400E+00
H17        1.0          -6.4768145500E+00   1.9298957100E+00   2.0201738700E+00
 
Some Atomic Properties:
----------------------
  q(A) = Net Charge of Atom A
  L(A) = Lagrangian of Atom A = -(1/4) Times Atomic Integral of the Laplacian of the Electron Density
  K(A) = Electronic Kinetic Energy of Atom A (Hamiltonian Form)
  K_Scaled(A) = K(A) * E(Mol)/K(Mol) = Approximation to Virial-Based Total Energy of Atom A.
  |Mu_Intra(A)| = Magnitude of Intraatomic Dipole Moment of Atom A
--------------------------------------------------------------------------------------------------
Atom A          q(A)              L(A)              K(A)          K_Scaled(A)      |Mu_Intra(A)|
--------------------------------------------------------------------------------------------------
C1       -9.4228367600E-02  5.0254531326E-05  3.7706415005E+01 -3.8095317084E+01  1.1367692102E-01
H2        4.3729057920E-02  1.5324695947E-05  5.9424822428E-01 -6.0037727075E-01  1.4766114602E-01
C3       -3.2825819300E-02 -4.5003263655E-05  3.7701493872E+01 -3.8090345194E+01  7.2466323117E-02
H4        3.3425600160E-02  2.4370854067E-05  6.0239693694E-01 -6.0861002883E-01  1.5137294000E-01
C5       -8.5333264100E-02 -3.1666234839E-05  3.7704891995E+01 -3.8093778366E+01  1.1138409765E-01
H6        4.3569001270E-02  2.3627789517E-05  5.9445360090E-01 -6.0058476562E-01  1.4773872248E-01
C7       -2.9548624000E-02  1.1984166836E-05  3.7701668196E+01 -3.8090521317E+01  7.5507816591E-02
H8        3.3219120430E-02  3.1468428042E-05  6.0241641495E-01 -6.0862970773E-01  1.5131591933E-01
C9       -1.4454100010E-01 -1.7831298614E-04  3.7757323749E+01 -3.8146750899E+01  2.6359888343E-01
C10      -1.4231679770E-01 -6.2829679023E-05  3.7756937840E+01 -3.8146361009E+01  2.3895297095E-01
C11       4.4923675500E-02  1.3467633712E-04  3.7570779689E+01 -3.7958282832E+01  3.0935822109E-01
H12       1.2144902923E-01  3.1650196430E-05  5.5600536166E-01 -5.6173997316E-01  1.4012917365E-01
H13       1.0622502418E-01  1.9190222713E-05  5.6267265451E-01 -5.6847603214E-01  1.4632274597E-01
H14       4.5529014970E-02  2.3872489429E-05  5.9298594451E-01 -5.9910197189E-01  1.4468629682E-01
H15       4.8001408690E-02  2.4530686775E-05  5.9154481867E-01 -5.9764598235E-01  1.4612662820E-01
H16       3.5656720900E-03  2.9146402739E-05  6.1413018498E-01 -6.2046429301E-01  1.5830461555E-01
H17       5.2915146800E-03  2.5768856726E-05  6.1345279818E-01 -6.1977991966E-01  1.5800815285E-01
--------------------------------------------------------------------------------------------------
Total     1.3424632000E-04  1.2805349401E-04  2.6982381729E+02 -2.7260676665E+02
 
1st Largest |L(A)| = 1.7831298614E-04, atom C9      
2nd Largest |L(A)| = 1.3467633712E-04, atom C11     
 
Molecular charge q(Mol) from the wfn file:   0.0000000000E+00
Molecular energy E(Mol) from the wfn file:  -2.7260678612E+02
Molecular virial ratio (-V(Mol)/T(Mol)) from the wfn file:   2.0103139500E+00
Note.  K_Scaled(A) = (1+V(Mol)/T(Mol))*K(A) = (E(Mol)/T(Mol))*K(A)
       Only use K_Scaled(A) data with caution.
 
N_AIMInt(SumA)     =         51.999866
N_Analytic(Mol)    =         51.999991
 
G_AIMInt(SumA)     =        269.823689
G_Analytic(Mol)    =        269.823817
 
K_AIMInt(SumA)     =        269.823817
K_Analytic(Mol)    =        269.823817
 
L_AIMInt(SumA)     =          0.000128
L_Analytic(Mol)    =          0.000000
 
VenT_AIMInt(SumA)  =      -1111.127665
VenT_Analytic(Mol) =      -1111.128707
 
Some Information About the Atomic Calculations:
----------------------------------------------
  Time(sec) = "Elapsed User Time", in Seconds, for Atom A by AIMInt and, if used, by TWOe
  NProc = Number of Processors Used for AIMInt Job
  BIM = Basin Integration Method
  OAQ = Angular Quadrature Outside of Beta Sphere
  ORQ = Multiple of Default for Radial Quadrature Outside of Beta Sphere
  IAQ = Multiple of Default for Angular Quadrature Inside of Beta Sphere
  IRQ = Multiple of Default for Radial Quadrature Inside of Beta Sphere
  MIR = Maximum Integration Radius
------------------------------------------------------------------------------------------------------
Atom A     Time(sec)   NProc      BIM          OAQ                     ORQ      IAQ      IRQ      MIR
------------------------------------------------------------------------------------------------------
C1             52        8     Proaim(5)    4500(GS4)                  1.00     1.00     1.00    13.00
H2              7        8     Proaim(5)    1800(GS4)                  1.00     1.00     1.00    13.00
C3             45        8     Proaim(5)    4500(GS4)                  1.00     1.00     1.00    13.00
H4              9        8     Proaim(5)    1800(GS4)                  1.00     1.00     1.00    13.00
C5             44        8     Proaim(5)    4500(GS4)                  1.00     1.00     1.00    13.00
H6              8        8     Proaim(5)    1800(GS4)                  1.00     1.00     1.00    13.00
C7             45        8     Proaim(5)    4500(GS4)                  1.00     1.00     1.00    13.00
H8              6        8     Proaim(5)    1800(GS4)                  1.00     1.00     1.00    13.00
C9             48        8     Proaim(5)    4500(GS4)                  1.00     1.00     1.00    13.00
C10            33        8     Proaim(5)    4500(GS4)                  1.00     1.00     1.00    13.00
C11            42        8     Proaim(5)    4500(GS4)                  1.00     1.00     1.00    13.00
H12            26        8     Proaim(5)    4500(GS4)                  1.00     1.00     1.00    13.00
H13             9        8     Proaim(5)    1800(GS4)                  1.00     1.00     1.00    13.00
H14            27        8     Proaim(5)    4500(GS4)                  1.00     1.00     1.00    13.00
H15            13        8     Proaim(5)    1800(GS4)                  1.00     1.00     1.00    13.00
H16             9        8     Proaim(5)    1800(GS4)                  1.00     1.00     1.00    13.00
H17             8        8     Proaim(5)    1800(GS4)                  1.00     1.00     1.00    13.00
------------------------------------------------------------------------------------------------------
Total         431
Note:  Total wall clock time is less than total of atomic times if more than one atom
       was calculated at a time
 
Electron Density Critical Point Analysis of Molecular Structure:               
---------------------------------------------------------------                
  NACP = Nuclear Attractor Critical Point                                      
  NNACP = Non-Nuclear Attractor Critical Point                                 
  BCP = Bond Critical Point                                                    
  RCP = Ring Critical Point                                                    
  CCP = Cage Critical Point                                                    
  Rho = Electron Density                                                       
  GradRho = Gradient of Electron Density                                       
  HessRho_EigVals = Eigenvalues of the Hessian of Rho, Ascending Order         
  HessRho_EigVecs = Eigenvectors of the Hessian of Rho                         
  DelSqRho = Laplacian of Rho = Trace of Hessian of Rho                        
  Bond Ellipticity = (HessRho_EigVal(1) / HessRho_EigVal(2)) - 1               
  V = Virial Field = Potential Energy Density = Trace of Stress Tensor         
  G = Lagrangian Form of Kinetic Energy Density                                
  K = Hamiltonian Form of Kinetic Energy Density                               
  L = K - G = Lagrangian Density = (-1/4)DelSqRho                              
  Vnuc = Electrostatic Potential from Nuclei                                   
  Ven = Electron-nuclear attractive contribution to Virial Field V             
  Vrep = V - Ven = Repulsive contribution to Virial Field V                    
  DelSqV = Laplacian of V                                                      
  DelSqVen = Laplacian of Ven                                                  
  DelSqVrep = Laplacian of Vrep                                                
  DelSqG = Laplacian of G                                                      
  DelSqK = Laplacian of K                                                      
  Stress_EigVals = Eigenvalues of Stress Tensor, Ascending Order               
  Stress_EigVecs = Eigenvectors of Stress Tensor                               
  -DivStress = Ehrenfest Force Density = Minus Divergence of Stress Tensor     
  ESP = Total Electrostatic Potential                                          
  ESPe = Electrostatic Potential from Electrons                                
  ESPn = Electrostatic Potential from Nuclei                                   
  BP = Bond Path                                                               
  BPL = Bond Path Length                                                       
  GBL = Geometric Bond Length                                                  
  GBL_I = Distance Between Nuclear Attractors                                  
  GBL_II = Distance Between Nuclei                                             
  GBL_III = Sum of Distances Between BCP and Nuclear Attractors                
  GBL_IV = Sum of Distances Between BCP and Nuclei                             

CP# 1      Coords =  2.63800717612075E+00  2.86598079711546E+00  6.76108772275835E-01
           Type = (3,-3) NACP C1
           Rho =  1.1768445962E+02     Rho at Nucleus =  1.1768445956E+02
           GradRho = -1.5006976217E-10  5.9249084805E-11  2.8759022941E-11
           HessRho_EigVals = -1.4501634514E+05 -1.4501539625E+05 -1.4501524857E+05
           HessRho_EigVec1 =  7.7349918054E-01  2.9779732939E-01  5.5947812139E-01
           HessRho_EigVec2 = -1.1899184797E-01 -7.9880947839E-01  5.8969853090E-01
           HessRho_EigVec3 = -6.2252707396E-01  5.2270466598E-01  5.8244302240E-01
           DelSqRho = -4.3504698997E+05
           Bond Ellipticity = NA
           V = -1.0877199042E+05
           G =  5.1214628005E+00
           K =  1.0876686895E+05
           L =  1.0876174749E+05
           Vnuc =  6.8293249436E+06
           Ven = -8.0370541553E+08
           Vrep =  8.0359664354E+08
           DelSqV =  2.4954580974E+09
           DelSqVen =  2.9710783611E+12
           DelSqVrep = -2.9685827719E+12
           DelSqG =  1.3404510449E+08
           DelSqK = -2.6295032019E+09
           Stress_EigVals = -3.6257572178E+04 -3.6257473715E+04 -3.6256944524E+04
           Stress_EigVec1 = -6.2219785674E-01  5.6673759516E-01  5.4007251855E-01
           Stress_EigVec2 = -1.7450856577E-01 -7.7291889009E-01  6.1003536767E-01
           Stress_EigVec3 =  7.6316222885E-01  2.8531541768E-01  5.7980904175E-01
           -DivStress =  5.8750987646E+02 -3.8125217005E+02 -1.4087733639E+02
           ESP =  -1.4743325661E+01     ESP at Nucleus =  -1.4743325672E+01
           ESPe = -2.3760687747E+01     ESPe at Nucleus = -2.3760688543E+01
           ESPn =  9.0173620855E+00     ESPn at Nucleus =  9.0173628715E+00

CP# 2      Coords =  2.27129872499333E+00  4.80269548208421E+00  2.44480925119551E-01
           Type = (3,-3) NACP H2
           Rho =  4.2537234044E-01     Rho at Nucleus =  4.2167057816E-01
           GradRho =  7.7282195801E-10 -4.0957754701E-09  9.1607954978E-10
           HessRho_EigVals = -6.4775445319E+00 -6.4713096245E+00 -5.8766601847E+00
           HessRho_EigVec1 = -6.5063409336E-01  4.5929753009E-02  7.5800114402E-01
           HessRho_EigVec2 =  7.3738390810E-01  2.7677380975E-01  6.1616656052E-01
           HessRho_EigVec3 = -1.8149448649E-01  9.5983681740E-01 -2.1394633754E-01
           DelSqRho = -1.8825514341E+01
           Bond Ellipticity = NA
           V = -4.7156340059E+00
           G =  4.6277103237E-03
           K =  4.7110062956E+00
           L =  4.7063785853E+00
           Vnuc =  3.8083724734E+01
           Ven = -1.6199763123E+01
           Vrep =  1.1484129117E+01
           DelSqV =  7.0881386213E+02
           DelSqVen =  7.1694571308E+02
           DelSqVrep = -8.1318509530E+00
           DelSqG =  6.9768968116E+01
           DelSqK = -7.7858283024E+02
           Stress_EigVals = -1.6227015097E+00 -1.6221854303E+00 -1.4707470659E+00
           Stress_EigVec1 = -5.7279439605E-01  7.2094881695E-02  8.1652244787E-01
           Stress_EigVec2 =  7.9915298509E-01  2.7074557971E-01  5.3670414335E-01
           Stress_EigVec3 = -1.8237622178E-01  9.5994747726E-01 -2.1269639073E-01
           -DivStress = -1.4336760511E+00  7.5893916572E+00 -1.6963795271E+00
           ESP =  -1.1057009618E+00     ESP at Nucleus =  -1.1081771366E+00
           ESPe = -1.0640616876E+01     ESPe at Nucleus = -1.0564846774E+01
           ESPn =  9.5349159142E+00     ESPn at Nucleus =  9.4566696375E+00

CP# 3      Coords =  4.25875842390461E+00  1.49273527496301E+00 -7.04036746621771E-01
           Type = (3,-3) NACP C3
           Rho =  1.1766206887E+02     Rho at Nucleus =  1.1766206871E+02
           GradRho =  3.4950805791E-10 -5.8737898139E-10 -1.9817364416E-10
           HessRho_EigVals = -1.4497881862E+05 -1.4497783548E+05 -1.4497752176E+05
           HessRho_EigVec1 =  7.4097661626E-01  2.0896061411E-01  6.3819206819E-01
           HessRho_EigVec2 = -4.5272838741E-02 -9.3264747195E-01  3.5793723352E-01
           HessRho_EigVec3 = -6.7000300315E-01  2.9411588671E-01  6.8160972775E-01
           DelSqRho = -4.3493417586E+05
           Bond Ellipticity = NA
           V = -1.0874374669E+05
           G =  5.1013604116E+00
           K =  1.0873864533E+05
           L =  1.0873354396E+05
           Vnuc =  4.0231036035E+06
           Ven = -4.7336669328E+08
           Vrep =  4.7325794953E+08
           DelSqV =  2.4948021545E+09
           DelSqVen =  1.7497854116E+12
           DelSqVrep = -1.7472906094E+12
           DelSqG =  1.3400012186E+08
           DelSqK = -2.6288022764E+09
           Stress_EigVals = -3.6248187670E+04 -3.6248032101E+04 -3.6247526914E+04
           Stress_EigVec1 = -6.6696159941E-01  3.6716066339E-01  6.4834811033E-01
           Stress_EigVec2 = -8.2647253367E-02 -9.0124439505E-01  4.2535628820E-01
           Stress_EigVec3 =  7.4049419743E-01  2.3011211975E-01  6.3144022355E-01
           -DivStress = -6.4377635988E+02  9.8017141207E+02  3.0229344590E+02
           ESP =  -1.4732013410E+01     ESP at Nucleus =  -1.4732013427E+01
           ESPe = -2.4433297229E+01     ESPe at Nucleus = -2.4433297445E+01
           ESPn =  9.7012838187E+00     ESPn at Nucleus =  9.7012840172E+00

CP# 4      Coords =  5.24666206563552E+00  2.40408526823842E+00 -2.22094711585752E+00
           Type = (3,-3) NACP H4
           Rho =  4.2908106924E-01     Rho at Nucleus =  4.2548331429E-01
           GradRho =  1.7954387976E-16 -2.3830763751E-16 -2.2551405188E-17
           HessRho_EigVals = -6.5600650212E+00 -6.5523263429E+00 -5.9620718604E+00
           HessRho_EigVec1 = -5.0284434760E-01  8.4397659882E-01  1.8668439340E-01
           HessRho_EigVec2 =  7.1588156277E-01  2.8559126006E-01  6.3714301398E-01
           HessRho_EigVec3 = -4.8441836276E-01 -4.5402767848E-01  7.4779523734E-01
           DelSqRho = -1.9074463225E+01
           Bond Ellipticity = NA
           V = -4.7776947693E+00
           G =  4.5394815654E-03
           K =  4.7731552877E+00
           L =  4.7686158061E+00
           Vnuc =  3.8975145365E+01
           Ven = -1.6723497047E+01
           Vrep =  1.1945802278E+01
           DelSqV =  7.1902534174E+02
           DelSqVen =  7.4342997693E+02
           DelSqVrep = -2.4404635194E+01
           DelSqG =  7.1009317558E+01
           DelSqK = -7.9003465930E+02
           Stress_EigVals = -1.6431470974E+00 -1.6420699291E+00 -1.4924777428E+00
           Stress_EigVec1 = -4.3102039916E-01  8.6812981944E-01  2.4611386006E-01
           Stress_EigVec2 =  7.6086321275E-01  2.0303400208E-01  6.1633137635E-01
           Stress_EigVec3 = -4.8508616449E-01 -4.5291037812E-01  7.4803984012E-01
           -DivStress =  3.8043988835E+00  3.5559839627E+00 -5.8659792202E+00
           ESP =  -1.1068212522E+00     ESP at Nucleus =  -1.1092341737E+00
           ESPe = -1.0929697234E+01     ESPe at Nucleus = -1.0849691487E+01
           ESPn =  9.8228759816E+00     ESPn at Nucleus =  9.7404573129E+00

CP# 5      Coords =  3.34466615610664E+00 -2.94299827266746E+00  6.58370177868449E-01
           Type = (3,-3) NACP C5
           Rho =  1.1767906502E+02     Rho at Nucleus =  1.1767906497E+02
           GradRho = -8.9389641522E-11 -1.0404942186E-10  6.7866601228E-11
           HessRho_EigVals = -1.4500743106E+05 -1.4500645376E+05 -1.4500629421E+05
           HessRho_EigVec1 =  2.5683241148E-01  2.2935938340E-01  9.3884577310E-01
           HessRho_EigVec2 =  7.3043196306E-01 -6.8217989728E-01 -3.3162253886E-02
           HessRho_EigVec3 =  6.3285563895E-01  6.9428010269E-01 -3.4273733274E-01
           DelSqRho = -4.3502017903E+05
           Bond Ellipticity = NA
           V = -1.0876527908E+05
           G =  5.1171599132E+00
           K =  1.0876016192E+05
           L =  1.0875504476E+05
           Vnuc =  6.8249997274E+06
           Ven = -8.0315958670E+08
           Vrep =  8.0305082142E+08
           DelSqV =  2.4953023510E+09
           DelSqVen =  2.9690128302E+12
           DelSqVrep = -2.9665175279E+12
           DelSqG =  1.3403463667E+08
           DelSqK = -2.6293369876E+09
           Stress_EigVals = -3.6255339954E+04 -3.6255238162E+04 -3.6254700962E+04
           Stress_EigVec1 =  5.9081091198E-01  7.2364621065E-01 -3.5676130408E-01
           Stress_EigVec2 =  7.5540874174E-01 -6.5145914557E-01 -7.0417430854E-02
           Stress_EigVec3 =  2.8337272133E-01  2.2789722127E-01  9.3153784536E-01
           -DivStress =  3.2026741449E+02  5.3197770993E+02 -3.5515441041E+02
           ESP =  -1.4744341945E+01     ESP at Nucleus =  -1.4744341956E+01
           ESPe = -2.3543426995E+01     ESPe at Nucleus = -2.3543427985E+01
           ESPn =  8.7990850498E+00     ESPn at Nucleus =  8.7990860289E+00

CP# 6      Coords =  3.95848877147832E+00 -4.84661201067214E+00  9.22507902783836E-01
           Type = (3,-3) NACP H6
           Rho =  4.2552961575E-01     Rho at Nucleus =  4.2182548642E-01
           GradRho = -7.1749963452E-10  2.2134522644E-09 -3.0699636106E-10
           HessRho_EigVals = -6.4804691307E+00 -6.4742786720E+00 -5.8791068993E+00
           HessRho_EigVec1 =  8.9335398624E-01  2.3550872492E-01 -3.8269347493E-01
           HessRho_EigVec2 =  3.3018453374E-01  2.3362214908E-01  9.1454844877E-01
           HessRho_EigVec3 = -3.0478981110E-01  9.4337496890E-01 -1.3094593963E-01
           DelSqRho = -1.8833854702E+01
           Bond Ellipticity = NA
           V = -4.7177262164E+00
           G =  4.6312704354E-03
           K =  4.7130949459E+00
           L =  4.7084636755E+00
           Vnuc =  3.7700675302E+01
           Ven = -1.6042753875E+01
           Vrep =  1.1325027658E+01
           DelSqV =  7.0913095006E+02
           DelSqVen =  7.1004904461E+02
           DelSqVrep = -9.1809455410E-01
           DelSqG =  6.9804582138E+01
           DelSqK = -7.7893553220E+02
           Stress_EigVals = -1.6234351897E+00 -1.6229394049E+00 -1.4713516218E+00
           Stress_EigVec1 =  9.2140899308E-01  2.5542081810E-01 -2.9285776948E-01
           Stress_EigVec2 =  2.4281278479E-01  2.0996444254E-01  9.4707807725E-01
           Stress_EigVec3 = -3.0339317561E-01  9.4375586809E-01 -1.3144368545E-01
           -DivStress =  2.4175092035E+00 -7.4622100592E+00  1.0361007060E+00
           ESP =  -1.1072829010E+00     ESP at Nucleus =  -1.1097605895E+00
           ESPe = -1.0262240826E+01     ESPe at Nucleus = -1.0185023194E+01
           ESPn =  9.1549579250E+00     ESPn at Nucleus =  9.0752626047E+00

CP# 7      Coords =  4.88727331926530E+00 -1.18339188988202E+00 -3.03431257374133E-01
           Type = (3,-3) NACP C7
           Rho =  1.1765681135E+02     Rho at Nucleus =  1.1765681116E+02
           GradRho =  2.5706652432E-10  8.4039108224E-10 -3.3413783893E-10
           HessRho_EigVals = -1.4497185086E+05 -1.4497095512E+05 -1.4497061378E+05
           HessRho_EigVec1 =  3.7012553584E-01  1.6523893812E-01  9.1416802671E-01
           HessRho_EigVec2 = -4.9259937499E-01  8.6922627591E-01  4.2326552317E-02
           HessRho_EigVec3 =  7.8762487485E-01  4.6598473645E-01 -4.0311943878E-01
           DelSqRho = -4.3491341975E+05
           Bond Ellipticity = NA
           V = -1.0873857211E+05
           G =  5.1085840280E+00
           K =  1.0873346352E+05
           L =  1.0872835494E+05
           Vnuc =  3.7226984792E+06
           Ven = -4.3800083268E+08
           Vrep =  4.3789209411E+08
           DelSqV =  2.4946833193E+09
           DelSqVen =  1.6190512824E+12
           DelSqVrep = -1.6165565991E+12
           DelSqG =  1.3399332299E+08
           DelSqK = -2.6286766423E+09
           Stress_EigVals = -3.6246461226E+04 -3.6246297199E+04 -3.6245813681E+04
           Stress_EigVec1 = -7.4756870609E-01 -5.3190487550E-01  3.9776655603E-01
           Stress_EigVec2 = -5.6115120042E-01  8.2619141078E-01  5.0170539409E-02
           Stress_EigVec3 =  3.5531726660E-01  1.8570125517E-01  9.1611390333E-01
           -DivStress = -3.0456843521E+02 -1.1868231722E+03  4.5944038705E+02
           ESP =  -1.4734057736E+01     ESP at Nucleus =  -1.4734057755E+01
           ESPe = -2.4295944317E+01     ESPe at Nucleus = -2.4295944406E+01
           ESPn =  9.5618865806E+00     ESPn at Nucleus =  9.5618866504E+00

CP# 8      Coords =  6.74745499815849E+00 -1.73962136061586E+00 -8.83600957772817E-01
           Type = (3,-3) NACP H8
           Rho =  4.2903827726E-01     Rho at Nucleus =  4.2544219353E-01
           GradRho = -1.3118364359E-10  4.0000191961E-11  4.0634199564E-11
           HessRho_EigVals = -6.5590966897E+00 -6.5513071606E+00 -5.9614326427E+00
           HessRho_EigVec1 =  1.8350689249E-01  9.2856593588E-01 -3.2263062957E-01
           HessRho_EigVec2 =  3.5382986270E-01  2.4381297743E-01  9.0297267971E-01
           HessRho_EigVec3 =  9.1713120581E-01 -2.7985806181E-01 -2.8381299576E-01
           DelSqRho = -1.9071836493E+01
           Bond Ellipticity = NA
           V = -4.7770368985E+00
           G =  4.5388876352E-03
           K =  4.7724980109E+00
           L =  4.7679591233E+00
           Vnuc =  3.8770732644E+01
           Ven = -1.6634128342E+01
           Vrep =  1.1857091443E+01
           DelSqV =  7.1892738179E+02
           DelSqVen =  7.3942907395E+02
           DelSqVrep = -2.0501692162E+01
           DelSqG =  7.0996139100E+01
           DelSqK = -7.8992352089E+02
           Stress_EigVals = -1.6428901320E+00 -1.6418443725E+00 -1.4923023940E+00
           Stress_EigVec1 =  2.1556899126E-01  9.4810273292E-01 -2.3373321939E-01
           Stress_EigVec2 =  3.3463967059E-01  1.5313932355E-01  9.2981968061E-01
           Stress_EigVec3 =  9.1735832741E-01 -2.7865669814E-01 -2.8426069673E-01
           -DivStress =  7.1921603969E+00 -2.1901653619E+00 -2.2288438665E+00
           ESP =  -1.1080364093E+00     ESP at Nucleus =  -1.1104488841E+00
           ESPe = -1.0721441866E+01     ESPe at Nucleus = -1.0640984483E+01
           ESPn =  9.6134054568E+00     ESPn at Nucleus =  9.5305355990E+00

CP# 9      Coords = -3.77810294959036E+00  3.06551139211931E-01 -8.80437863602507E-01
           Type = (3,-3) NACP C9
           Rho =  1.1764630477E+02     Rho at Nucleus =  1.1764630416E+02
           GradRho = -2.4873809783E-09  2.8227177887E-10  4.8298368764E-09
           HessRho_EigVals = -1.4496107066E+05 -1.4496074721E+05 -1.4495967293E+05
           HessRho_EigVec1 = -3.9154011643E-01  8.8013028141E-01 -2.6845302190E-01
           HessRho_EigVec2 =  7.5302552220E-01  1.3881535329E-01 -6.4318182546E-01
           HessRho_EigVec3 =  5.2881839996E-01  4.5398346383E-01  7.1711234436E-01
           DelSqRho = -4.3488149079E+05
           Bond Ellipticity = NA
           V = -1.0873069234E+05
           G =  5.1598215623E+00
           K =  1.0872553252E+05
           L =  1.0872037270E+05
           Vnuc =  2.0572401403E+06
           Ven = -2.4202670054E+08
           Vrep =  2.4191796985E+08
           DelSqV =  2.4945045253E+09
           DelSqVen =  8.9465567642E+11
           DelSqVrep = -8.9216117189E+11
           DelSqG =  1.3398611229E+08
           DelSqK = -2.6284906376E+09
           Stress_EigVals = -3.6243902231E+04 -3.6243563968E+04 -3.6243226143E+04
           Stress_EigVec1 =  8.7420824221E-01  4.4847836480E-01  1.8608359828E-01
           Stress_EigVec2 = -2.8335558139E-01  1.5999877834E-01  9.4557390268E-01
           Stress_EigVec3 = -3.9429628928E-01  8.7935632552E-01 -2.6695109857E-01
           -DivStress =  1.0916731986E+03 -1.2146165297E+02 -2.1053969250E+03
           ESP =  -1.4731718232E+01     ESP at Nucleus =  -1.4731718262E+01
           ESPe = -2.4239905136E+01     ESPe at Nucleus = -2.4239902914E+01
           ESPn =  9.5081869035E+00     ESPn at Nucleus =  9.5081846515E+00

CP# 10     Coords = -5.93896601428814E+00 -7.84867980283175E-01 -1.24058699574116E+00
           Type = (3,-3) NACP C10
           Rho =  1.1763578263E+02     Rho at Nucleus =  1.1763578210E+02
           GradRho = -5.3441302468E-10  1.1037482569E-09  4.1734754645E-09
           HessRho_EigVals = -1.4494710114E+05 -1.4494685620E+05 -1.4494572733E+05
           HessRho_EigVec1 = -3.8978169687E-01  8.8376402791E-01 -2.5890417485E-01
           HessRho_EigVec2 =  3.9151965963E-01  4.1349730211E-01  8.2202940171E-01
           HessRho_EigVec3 =  8.3353619292E-01  2.1904594066E-01 -5.0718467147E-01
           DelSqRho = -4.3483968467E+05
           Bond Ellipticity = NA
           V = -1.0872024921E+05
           G =  5.1640231808E+00
           K =  1.0871508519E+05
           L =  1.0870992117E+05
           Vnuc =  2.2139737353E+06
           Ven = -2.6044253308E+08
           Vrep =  2.6033381283E+08
           DelSqV =  2.4942648518E+09
           DelSqVen =  9.6272359424E+11
           DelSqVrep = -9.6022932939E+11
           DelSqG =  1.3397229683E+08
           DelSqK = -2.6282371486E+09
           Stress_EigVals = -3.6240410296E+04 -3.6240086602E+04 -3.6239752316E+04
           Stress_EigVec1 =  8.9879238336E-01  4.2966622806E-01  8.6943568288E-02
           Stress_EigVec2 = -1.9059877961E-01  2.0441428520E-01  9.6014941817E-01
           Stress_EigVec3 = -3.9477127152E-01  8.7954632196E-01 -2.6561986130E-01
           -DivStress =  2.3860058276E+02 -5.6199008698E+02 -2.1208859721E+03
           ESP =  -1.4730212563E+01     ESP at Nucleus =  -1.4730212590E+01
           ESPe = -2.3442606879E+01     ESPe at Nucleus = -2.3442604651E+01
           ESPn =  8.7123943158E+00     ESPn at Nucleus =  8.7123920608E+00

CP# 11     Coords = -5.50389446880082E+00  2.15226055457390E-01  1.39165230816705E+00
           Type = (3,-3) NACP C11
           Rho =  1.1743432800E+02     Rho at Nucleus =  1.1743432624E+02
           GradRho = -5.4553080477E-11 -1.9322114438E-12 -1.4423585969E-11
           HessRho_EigVals = -1.4468602460E+05 -1.4468511146E+05 -1.4468475668E+05
           HessRho_EigVec1 = -2.4721664775E-01  1.7416699689E-01  9.5317877981E-01
           HessRho_EigVec2 = -4.0659738350E-01  8.7426863772E-01 -2.6520353851E-01
           HessRho_EigVec3 =  8.7952401719E-01  4.5312272764E-01  1.4531791662E-01
           DelSqRho = -4.3405589273E+05
           Bond Ellipticity = NA
           V = -1.0852426889E+05
           G =  5.1478509749E+00
           K =  1.0851912103E+05
           L =  1.0851397318E+05
           Vnuc =  1.2164354762E+06
           Ven = -1.4285128271E+08
           Vrep =  1.4274275844E+08
           DelSqV =  2.4897742999E+09
           DelSqVen =  5.2800098304E+11
           DelSqVrep = -5.2551120874E+11
           DelSqG =  1.3371795051E+08
           DelSqK = -2.6234922504E+09
           Stress_EigVals = -3.6174887572E+04 -3.6174748664E+04 -3.6174632650E+04
           Stress_EigVec1 = -3.9441559608E-01  8.8048205671E-01 -2.6303552114E-01
           Stress_EigVec2 =  8.8526916260E-01  4.4083398933E-01  1.4820223887E-01
           Stress_EigVec3 = -2.4644441021E-01  1.7440396115E-01  9.5333541370E-01
           -DivStress = -9.9804837403E+02  7.2548411910E+02  3.8052316465E+03
           ESP =  -1.4726764090E+01     ESP at Nucleus =  -1.4726764184E+01
           ESPe = -2.3461212899E+01     ESPe at Nucleus = -2.3461206790E+01
           ESPn =  8.7344488088E+00     ESPn at Nucleus =  8.7344426060E+00

CP# 12     Coords = -1.98816449373345E+00  8.95483870641128E-01 -1.56472206294191E+00
           Type = (3,-3) NACP H12
           Rho =  4.1290389303E-01     Rho at Nucleus =  4.0896624302E-01
           GradRho = -2.0933866033E-09 -6.8685054207E-10  7.9807360878E-10
           HessRho_EigVals = -6.3062045115E+00 -6.3033520304E+00 -5.6837413541E+00
           HessRho_EigVec1 =  2.2358630927E-01  3.7614183659E-01  8.9918100574E-01
           HessRho_EigVec2 = -3.9182397926E-01  8.7939643990E-01 -2.7043644498E-01
           HessRho_EigVec3 =  8.9245903636E-01  2.9185479311E-01 -3.4400239556E-01
           DelSqRho = -1.8293297896E+01
           Bond Ellipticity = NA
           V = -4.5826685613E+00
           G =  4.6720436465E-03
           K =  4.5779965176E+00
           L =  4.5733244740E+00
           Vnuc =  3.8061369478E+01
           Ven = -1.5715687632E+01
           Vrep =  1.1133019071E+01
           DelSqV =  6.8797199156E+02
           DelSqVen =  6.9626797367E+02
           DelSqVrep = -8.2959821109E+00
           DelSqG =  6.7898866782E+01
           DelSqK = -7.5587085834E+02
           Stress_EigVals = -1.5802011683E+00 -1.5795056515E+00 -1.4229617414E+00
           Stress_EigVec1 =  2.2551560906E-01  3.6576432444E-01  9.0297240768E-01
           Stress_EigVec2 = -3.8943332749E-01  8.8342340215E-01 -2.6058544850E-01
           Stress_EigVec3 =  8.9301981698E-01  2.9288146322E-01 -3.4166658454E-01
           -DivStress =  7.2009760194E+00  2.3664381974E+00 -2.7326442494E+00
           ESP =  -1.0743270686E+00     ESP at Nucleus =  -1.0770615715E+00
           ESPe = -1.1876093561E+01     ESPe at Nucleus = -1.1818912759E+01
           ESPn =  1.0801766492E+01     ESPn at Nucleus =  1.0741851187E+01

CP# 13     Coords = -7.22346213966914E+00 -1.72714613350049E+00 -2.45720133913441E+00
           Type = (3,-3) NACP H13
           Rho =  4.1564552575E-01     Rho at Nucleus =  4.1179576638E-01
           GradRho =  2.4851794207E-15 -1.8941435470E-16 -3.9519338594E-16
           HessRho_EigVals = -6.3544485445E+00 -6.3515561148E+00 -5.7384373516E+00
           HessRho_EigVec1 = -6.6152477337E-01 -7.1317550706E-02  7.4652446790E-01
           HessRho_EigVec2 = -3.9406494806E-01  8.8001178443E-01 -2.6512652822E-01
           HessRho_EigVec3 =  6.3804215450E-01  4.6956689216E-01  6.1025334318E-01
           DelSqRho = -1.8444442011E+01
           Bond Ellipticity = NA
           V = -4.6203416033E+00
           G =  4.6155502910E-03
           K =  4.6157260530E+00
           L =  4.6111105027E+00
           Vnuc =  3.6450250442E+01
           Ven = -1.5150383509E+01
           Vrep =  1.0530041906E+01
           DelSqV =  6.9418419032E+02
           DelSqVen =  6.7230453057E+02
           DelSqVrep =  2.1879659751E+01
           DelSqG =  6.8560318750E+01
           DelSqK = -7.6274450907E+02
           Stress_EigVals = -1.5922755478E+00 -1.5916043194E+00 -1.4364617360E+00
           Stress_EigVec1 = -6.5927021694E-01 -7.0764978993E-02  7.4856870012E-01
           Stress_EigVec2 = -3.9469094581E-01  8.7994288972E-01 -2.6442308546E-01
           Stress_EigVec3 =  6.3998581105E-01  4.6977955317E-01  6.0805043629E-01
           -DivStress = -5.1284975453E+00 -3.7579634437E+00 -4.8501866007E+00
           ESP =  -1.0720166674E+00     ESP at Nucleus =  -1.0746912366E+00
           ESPe = -9.8337240440E+00     ESPe at Nucleus = -9.7538110534E+00
           ESPn =  8.7617073766E+00     ESPn at Nucleus =  8.6791198167E+00

CP# 14     Coords =  1.43761458448068E+00 -2.52687377298813E+00  1.17383696167927E+00
           Type = (3,-3) NACP H14
           Rho =  4.2461693435E-01     Rho at Nucleus =  4.2089718913E-01
           GradRho =  2.7511513435E-09 -6.0281279274E-10 -7.3839598642E-10
           HessRho_EigVals = -6.4650560145E+00 -6.4587301381E+00 -5.8635103524E+00
           HessRho_EigVec1 =  1.2003565402E-01  9.3976561003E-01 -3.2005005853E-01
           HessRho_EigVec2 =  3.0504402379E-01  2.7187176796E-01  9.1270690002E-01
           HessRho_EigVec3 =  9.4474313192E-01 -2.0718672734E-01 -2.5403557762E-01
           DelSqRho = -1.8787296505E+01
           Bond Ellipticity = NA
           V = -4.7061637000E+00
           G =  4.6697868841E-03
           K =  4.7014939131E+00
           L =  4.6968241263E+00
           Vnuc =  3.9149763505E+01
           Ven = -1.6623652560E+01
           Vrep =  1.1917488860E+01
           DelSqV =  7.0726769400E+02
           DelSqVen =  7.3551821978E+02
           DelSqVrep = -2.8250525775E+01
           DelSqG =  6.9612278588E+01
           DelSqK = -7.7687997259E+02
           Stress_EigVals = -1.6195744474E+00 -1.6190178561E+00 -1.4675713965E+00
           Stress_EigVec1 =  1.4448959595E-01  9.6015712898E-01 -2.3920920619E-01
           Stress_EigVec2 =  2.9261028144E-01  1.8947413985E-01  9.3727198482E-01
           Stress_EigVec3 =  9.4525233660E-01 -2.0542112353E-01 -2.5357480583E-01
           -DivStress = -7.4833679346E+00  1.6370995996E+00  2.0079814872E+00
           ESP =  -1.1081142321E+00     ESP at Nucleus =  -1.1105905874E+00
           ESPe = -1.1807430136E+01     ESPe at Nucleus = -1.1753810501E+01
           ESPn =  1.0699315903E+01     ESPn at Nucleus =  1.0643219914E+01

CP# 15     Coords =  1.67251049031150E+00  2.09627444886131E+00  2.27502197391794E+00
           Type = (3,-3) NACP H15
           Rho =  4.2387230119E-01     Rho at Nucleus =  4.2015833231E-01
           GradRho =  3.0289898194E-15  2.7729554763E-15 -5.1290894275E-15
           HessRho_EigVals = -6.4527231284E+00 -6.4464092118E+00 -5.8522520095E+00
           HessRho_EigVec1 = -4.7996634621E-01  8.6768454833E-01  1.2944431657E-01
           HessRho_EigVec2 =  7.3633298252E-01  3.1822871104E-01  5.9711324414E-01
           HessRho_EigVec3 = -4.7691303753E-01 -3.8190838175E-01  7.9164382306E-01
           DelSqRho = -1.8751384350E+01
           Bond Ellipticity = NA
           V = -4.6971272649E+00
           G =  4.6405887181E-03
           K =  4.6924866761E+00
           L =  4.6878460874E+00
           Vnuc =  3.9013782157E+01
           Ven = -1.6536861621E+01
           Vrep =  1.1839734356E+01
           DelSqV =  7.0591349338E+02
           DelSqVen =  7.3156242417E+02
           DelSqVrep = -2.5648930791E+01
           DelSqG =  6.9468599948E+01
           DelSqK = -7.7538209333E+02
           Stress_EigVals = -1.6164709514E+00 -1.6159237446E+00 -1.4647325688E+00
           Stress_EigVec1 = -4.1235908393E-01  8.9299772011E-01  1.8031932172E-01
           Stress_EigVec2 =  7.7626083969E-01  2.4081039619E-01  5.8260575164E-01
           Stress_EigVec3 = -4.7684284063E-01 -3.8021760213E-01  7.9249951443E-01
           -DivStress = -3.7682192950E+00 -3.0153859981E+00  6.2616862401E+00
           ESP =  -1.1070051426E+00     ESP at Nucleus =  -1.1094599631E+00
           ESPe = -1.1675407775E+01     ESPe at Nucleus = -1.1612391091E+01
           ESPn =  1.0568402632E+01     ESPn at Nucleus =  1.0502931128E+01

CP# 16     Coords = -5.11045143722669E+00 -1.07684896006951E+00  2.91540601228031E+00
           Type = (3,-3) NACP H16
           Rho =  4.2998437411E-01     Rho at Nucleus =  4.2658112827E-01
           GradRho = -2.7554532346E-15 -6.6323526803E-17  1.8961848964E-16
           HessRho_EigVals = -6.5569283003E+00 -6.5486160607E+00 -5.9795980660E+00
           HessRho_EigVec1 = -4.2860358583E-01  6.3878600684E-01  6.3894554046E-01
           HessRho_EigVec2 =  8.8354045116E-01  4.4413933188E-01  1.4864899947E-01
           HessRho_EigVec3 =  1.8882594465E-01 -6.2824572529E-01  7.5475298693E-01
           DelSqRho = -1.9085142427E+01
           Bond Ellipticity = NA
           V = -4.7812608047E+00
           G =  4.9875989771E-03
           K =  4.7762732057E+00
           L =  4.7712856067E+00
           Vnuc =  3.9532112345E+01
           Ven = -1.6998190584E+01
           Vrep =  1.2216929779E+01
           DelSqV =  7.2009204566E+02
           DelSqVen =  7.5447599453E+02
           DelSqVrep = -3.4383948878E+01
           DelSqG =  7.0950773028E+01
           DelSqK = -7.9104281868E+02
           Stress_EigVals = -1.6422372781E+00 -1.6415615475E+00 -1.4974619791E+00
           Stress_EigVec1 = -4.3163063213E-01  6.3767773475E-01  6.3801418793E-01
           Stress_EigVec2 =  8.8211064380E-01  4.4627606343E-01  1.5072653150E-01
           Stress_EigVec3 =  1.8861550703E-01 -6.2785729414E-01  7.5512873651E-01
