AIMSum (Version 19.02.13, Professional)
Copyright (c) 1997-2019 by Todd A. Keith
AIMSum is a component of the AIMAll package ( http://aim.tkgristmill.com )

TP:  64-bit Linux

Much of the Quantum Theory of Atoms in Molecules (QTAIM) is described in the book:
  "Atoms in Molecules - A Quantum Theory"
  R.F.W. Bader, Oxford University Press, Oxford, 1990

For additional references see:  http://aim.tkgristmill.com/references.html

Wfn File:  /home/mhennefarth/Documents/ML_Diels/summary-levandowski2016/10-opt/10-opt.wfn
Sum File:  /home/mhennefarth/Documents/ML_Diels/summary-levandowski2016/10-opt/10-opt.sum

SumViz File:  /home/mhennefarth/Documents/ML_Diels/summary-levandowski2016/10-opt/10-opt.sumviz

Wfn Title:   Title Card Required                                                           
 
Total memory allocated for AIMSum =        0.925 Megabytes

Atomic units (a.u.) used throughout, except where stated otherwise

Model:  Restricted SCF
 
Restricted, closed-shell, single-determinant wavefunction.
  Number of electrons (from MO Occs)                   =          64.0000000000
  Number of Alpha electrons (from MO Occs)             =          32.0000000000
  Number of Beta electrons (from MO Occs)              =          32.0000000000
  Number of electron pairs (N*(N-1)/2)                 =        2016.0000000000
  Number of electron pairs (from Muller 2EDM)          =        2016.0000000000
 
Nuclear Charges and Cartesian Coordinates:
-------------------------------------------------------------------------------
Atom      Charge                X                  Y                  Z
-------------------------------------------------------------------------------
C1         6.0          -3.1791274300E+00   6.2393700000E-03   3.0064241300E+00
H2         1.0          -3.0268801400E+00  -7.9897289000E-01   4.8889253800E+00
C3         6.0          -4.5814826800E+00  -1.1109695000E+00   1.2143969800E+00
H4         1.0          -5.6099671300E+00  -2.8260848900E+00   1.7131550300E+00
C5         6.0          -3.4768675800E+00   1.3996370400E+00  -2.6621243000E+00
H6         1.0          -3.9296712000E+00   1.9532180400E+00  -4.5863134600E+00
C7         6.0          -4.9450129400E+00  -2.3230881000E-01  -1.3987220700E+00
H8         1.0          -6.5738065000E+00  -1.0357110400E+00  -2.3711418000E+00
C9         6.0           2.4517264500E+00  -2.7148584900E+00  -1.7548018000E-01
C10        6.0           4.4073457500E+00  -2.3521556900E+00  -1.5859296500E+00
C11        6.0           4.2560182100E+00  -6.8560460000E-01   7.3569055000E-01
H12        1.0           6.6472026000E-01  -3.5915513900E+00   2.6153184000E-01
H13        1.0           5.5281237300E+00  -2.7462526800E+00  -3.2428280600E+00
H14        1.0          -1.7917295300E+00   2.2407647800E+00  -1.8412108200E+00
H15        1.0          -2.1657953500E+00   1.7616476300E+00   2.6717130800E+00
H16        1.0           5.4876161300E+00  -1.0469183200E+00   2.3523701700E+00
C17        6.0           3.5460940900E+00   1.9616884900E+00   5.0731408000E-01
N18        7.0           2.9350323500E+00   4.0656934200E+00   3.2919734000E-01
 
Some Atomic Properties:
----------------------
  q(A) = Net Charge of Atom A
  L(A) = Lagrangian of Atom A = -(1/4) Times Atomic Integral of the Laplacian of the Electron Density
  K(A) = Electronic Kinetic Energy of Atom A (Hamiltonian Form)
  K_Scaled(A) = K(A) * E(Mol)/K(Mol) = Approximation to Virial-Based Total Energy of Atom A.
  |Mu_Intra(A)| = Magnitude of Intraatomic Dipole Moment of Atom A
--------------------------------------------------------------------------------------------------
Atom A          q(A)              L(A)              K(A)          K_Scaled(A)      |Mu_Intra(A)|
--------------------------------------------------------------------------------------------------
C1       -9.6285765900E-02 -3.5378504127E-05  3.7708737365E+01 -3.8086293081E+01  1.1754268815E-01
H2        4.0151713130E-02  2.1258103716E-05  5.9574486502E-01 -6.0170971282E-01  1.4834901704E-01
C3       -4.1034380800E-02 -1.5271707202E-04  3.7701527091E+01 -3.8079010614E+01  7.0231203496E-02
H4        2.6799678740E-02  2.0108964754E-05  6.0561317492E-01 -6.1167682838E-01  1.5273732577E-01
C5       -8.8332468100E-02 -6.7149460424E-05  3.7708060582E+01 -3.8085609522E+01  1.1908510706E-01
H6        4.2698645620E-02  2.2585099701E-05  5.9497424172E-01 -6.0093137372E-01  1.4767573891E-01
C7       -3.4613303000E-02 -1.2139501417E-04  3.7699262031E+01 -3.8076722877E+01  7.0503794221E-02
H8        2.8515958610E-02  2.3001837563E-05  6.0506676176E-01 -6.1112494431E-01  1.5233314075E-01
C9       -9.4018595700E-02  4.3261872688E-05  3.7751262310E+01 -3.8129243804E+01  2.8843418508E-01
C10      -1.0106908270E-01 -5.1115292545E-05  3.7749589198E+01 -3.8127553939E+01  2.6928609945E-01
C11       1.5077554190E-01 -2.2390824089E-05  3.7530795547E+01 -3.7906569635E+01  2.7646668169E-01
H12       1.5604812486E-01 -7.6796767055E-05  5.4190907922E-01 -5.4733490053E-01  1.3636728011E-01
H13       1.3874029288E-01  1.7693745934E-05  5.4937468611E-01 -5.5487525620E-01  1.3971572842E-01
H14       6.4300381040E-02  3.3016011529E-05  5.8599674726E-01 -5.9186399281E-01  1.3495342111E-01
H15       6.1131018030E-02  3.7013472609E-05  5.8701802391E-01 -5.9289549491E-01  1.3907143080E-01
H16       5.6857669450E-02  3.1282700510E-05  5.9633138360E-01 -6.0230210388E-01  1.4839552434E-01
C17       9.6778174510E-01  4.2636781379E-06  3.7149374165E+01 -3.7521329302E+01  1.0598505941E+00
N18      -1.2790203198E+00 -3.0858468929E-04  5.4974415504E+01 -5.5524842441E+01  7.0139863150E-01
--------------------------------------------------------------------------------------------------
Total    -5.7314664000E-04 -5.8204213658E-04  3.6123505276E+02 -3.6485188982E+02
 
1st Largest |L(A)| = 3.0858468929E-04, atom N18     
2nd Largest |L(A)| = 1.5271707202E-04, atom C3      
 
Molecular charge q(Mol) from the wfn file:   0.0000000000E+00
Molecular energy E(Mol) from the wfn file:  -3.6485205455E+02
Molecular virial ratio (-V(Mol)/T(Mol)) from the wfn file:   2.0100124200E+00
Note.  K_Scaled(A) = (1+V(Mol)/T(Mol))*K(A) = (E(Mol)/T(Mol))*K(A)
       Only use K_Scaled(A) data with caution.
 
N_AIMInt(SumA)     =         64.000573
N_Analytic(Mol)    =         63.999990
 
G_AIMInt(SumA)     =        361.235635
G_Analytic(Mol)    =        361.235193
 
K_AIMInt(SumA)     =        361.235053
K_Analytic(Mol)    =        361.235193
 
L_AIMInt(SumA)     =         -0.000582
L_Analytic(Mol)    =          0.000000
 
VenT_AIMInt(SumA)  =      -1560.267123
VenT_Analytic(Mol) =      -1560.259171
 
Some Information About the Atomic Calculations:
----------------------------------------------
  Time(sec) = "Elapsed User Time", in Seconds, for Atom A by AIMInt and, if used, by TWOe
  NProc = Number of Processors Used for AIMInt Job
  BIM = Basin Integration Method
  OAQ = Angular Quadrature Outside of Beta Sphere
  ORQ = Multiple of Default for Radial Quadrature Outside of Beta Sphere
  IAQ = Multiple of Default for Angular Quadrature Inside of Beta Sphere
  IRQ = Multiple of Default for Radial Quadrature Inside of Beta Sphere
  MIR = Maximum Integration Radius
------------------------------------------------------------------------------------------------------
Atom A     Time(sec)   NProc      BIM          OAQ                     ORQ      IAQ      IRQ      MIR
------------------------------------------------------------------------------------------------------
C1            142        8     Proaim(5)    4500(GS4)                  1.00     1.00     1.00    13.00
H2             11        8     Proaim(5)    1800(GS4)                  1.00     1.00     1.00    13.00
C3            129        8     Proaim(5)    4500(GS4)                  1.00     1.00     1.00    13.00
H4              5        8     Proaim(5)    1800(GS4)                  1.00     1.00     1.00    13.00
C5             30        8     Proaim(5)    4500(GS4)                  1.00     1.00     1.00    13.00
H6              4        8     Proaim(5)    1800(GS4)                  1.00     1.00     1.00    13.00
C7             34        8     Proaim(5)    4500(GS4)                  1.00     1.00     1.00    13.00
H8              4        8     Proaim(5)    1800(GS4)                  1.00     1.00     1.00    13.00
C9             46        8     Proaim(5)    4500(GS4)                  1.00     1.00     1.00    13.00
C10            21        8     Proaim(5)    4500(GS4)                  1.00     1.00     1.00    13.00
C11            26        8     Proaim(5)    4500(GS4)                  1.00     1.00     1.00    13.00
H12            44        8     Proaim(5)    4500(GS4)                  1.00     1.00     1.00    13.00
H13             5        8     Proaim(5)    1800(GS4)                  1.00     1.00     1.00    13.00
H14            16        8     Proaim(5)    4500(GS4)                  1.00     1.00     1.00    13.00
H15            14        8     Proaim(5)    4500(GS4)                  1.00     1.00     1.00    13.00
H16             5        8     Proaim(5)    1800(GS4)                  1.00     1.00     1.00    13.00
C17            17        8     Proaim(5)    4500(GS4)                  1.00     1.00     1.00    13.00
N18            22        8     Proaim(5)    4500(GS4)                  1.00     1.00     1.00    13.00
------------------------------------------------------------------------------------------------------
Total         575
Note:  Total wall clock time is less than total of atomic times if more than one atom
       was calculated at a time
 
Electron Density Critical Point Analysis of Molecular Structure:               
---------------------------------------------------------------                
  NACP = Nuclear Attractor Critical Point                                      
  NNACP = Non-Nuclear Attractor Critical Point                                 
  BCP = Bond Critical Point                                                    
  RCP = Ring Critical Point                                                    
  CCP = Cage Critical Point                                                    
  Rho = Electron Density                                                       
  GradRho = Gradient of Electron Density                                       
  HessRho_EigVals = Eigenvalues of the Hessian of Rho, Ascending Order         
  HessRho_EigVecs = Eigenvectors of the Hessian of Rho                         
  DelSqRho = Laplacian of Rho = Trace of Hessian of Rho                        
  Bond Ellipticity = (HessRho_EigVal(1) / HessRho_EigVal(2)) - 1               
  V = Virial Field = Potential Energy Density = Trace of Stress Tensor         
  G = Lagrangian Form of Kinetic Energy Density                                
  K = Hamiltonian Form of Kinetic Energy Density                               
  L = K - G = Lagrangian Density = (-1/4)DelSqRho                              
  Vnuc = Electrostatic Potential from Nuclei                                   
  Ven = Electron-nuclear attractive contribution to Virial Field V             
  Vrep = V - Ven = Repulsive contribution to Virial Field V                    
  DelSqV = Laplacian of V                                                      
  DelSqVen = Laplacian of Ven                                                  
  DelSqVrep = Laplacian of Vrep                                                
  DelSqG = Laplacian of G                                                      
  DelSqK = Laplacian of K                                                      
  Stress_EigVals = Eigenvalues of Stress Tensor, Ascending Order               
  Stress_EigVecs = Eigenvectors of Stress Tensor                               
  -DivStress = Ehrenfest Force Density = Minus Divergence of Stress Tensor     
  ESP = Total Electrostatic Potential                                          
  ESPe = Electrostatic Potential from Electrons                                
  ESPn = Electrostatic Potential from Nuclei                                   
  BP = Bond Path                                                               
  BPL = Bond Path Length                                                       
  GBL = Geometric Bond Length                                                  
  GBL_I = Distance Between Nuclear Attractors                                  
  GBL_II = Distance Between Nuclei                                             
  GBL_III = Sum of Distances Between BCP and Nuclear Attractors                
  GBL_IV = Sum of Distances Between BCP and Nuclei                             

CP# 1      Coords = -3.17912695452856E+00  6.23935419125150E-03  3.00642478180673E+00
           Type = (3,-3) NACP C1
           Rho =  1.1768168067E+02     Rho at Nucleus =  1.1768168062E+02
           GradRho =  6.3823890617E-11 -2.9412028368E-12  8.9365501110E-11
           HessRho_EigVals = -1.4501241916E+05 -1.4501141411E+05 -1.4501125043E+05
           HessRho_EigVec1 =  8.0825731862E-01 -5.0257478297E-01 -3.0682029663E-01
           HessRho_EigVec2 = -7.5392901877E-02 -6.0510807217E-01  7.9256553756E-01
           HessRho_EigVec3 = -5.8398289123E-01 -6.1746482370E-01 -5.2697359919E-01
           DelSqRho = -4.3503508369E+05
           Bond Ellipticity = NA
           V = -1.0876901288E+05
           G =  5.1209779803E+00
           K =  1.0876389190E+05
           L =  1.0875877092E+05
           Vnuc =  7.4353772707E+06
           Ven = -8.7500769363E+08
           Vrep =  8.7489892462E+08
           DelSqV =  2.4953894790E+09
           DelSqVen =  3.2346498662E+12
           DelSqVrep = -3.2321544768E+12
           DelSqG =  1.3404096757E+08
           DelSqK = -2.6294304465E+09
           Stress_EigVals = -3.6256583933E+04 -3.6256487653E+04 -3.6255941294E+04
           Stress_EigVec1 =  5.6280631167E-01  4.9984703514E-01  6.5833274034E-01
           Stress_EigVec2 =  1.8944915781E-01  6.9724179240E-01 -6.9134860926E-01
           Stress_EigVec3 =  8.0458565246E-01 -5.1381594408E-01 -2.9771648169E-01
           -DivStress = -3.8419520113E+02  1.1420697357E+01 -5.3184370542E+02
           ESP =  -1.4745014501E+01     ESP at Nucleus =  -1.4745014510E+01
           ESPe = -2.5445172349E+01     ESPe at Nucleus = -2.5445173162E+01
           ESPn =  1.0700157849E+01     ESPn at Nucleus =  1.0700158652E+01

CP# 2      Coords = -3.02945361664076E+00 -7.85307950508372E-01  4.85690576671838E+00
           Type = (3,-3) NACP H2
           Rho =  4.2569399501E-01     Rho at Nucleus =  4.2201318405E-01
           GradRho = -3.9372682415E-11  2.0947130423E-10 -4.9072995000E-10
           HessRho_EigVals = -6.4833434860E+00 -6.4771924328E+00 -5.8844512239E+00
           HessRho_EigVec1 =  6.0479390740E-01  7.4897363111E-01  2.7067107247E-01
           HessRho_EigVec2 = -7.9294818428E-01  5.3481021192E-01  2.9190959947E-01
           HessRho_EigVec3 =  7.3874939044E-02 -3.9117328273E-01  9.1734723865E-01
           DelSqRho = -1.8844987143E+01
           Bond Ellipticity = NA
           V = -4.7205843587E+00
           G =  4.6687865190E-03
           K =  4.7159155722E+00
           L =  4.7112467857E+00
           Vnuc =  3.9628430769E+01
           Ven = -1.6869585010E+01
           Vrep =  1.2149000652E+01
           DelSqV =  7.0966257407E+02
           DelSqVen =  7.4679726921E+02
           DelSqVrep = -3.7134695141E+01
           DelSqG =  6.9860520617E+01
           DelSqK = -7.7952309469E+02
           Stress_EigVals = -1.6242102783E+00 -1.6236753579E+00 -1.4726987225E+00
           Stress_EigVec1 =  5.5506917457E-01  7.8087640545E-01  2.8658375887E-01
           Stress_EigVec2 = -8.2843741748E-01  4.8800836293E-01  2.7484410678E-01
           Stress_EigVec3 =  7.4764007157E-02 -3.8997420058E-01  9.1778563190E-01
           -DivStress =  5.8268130992E-01 -3.0873005878E+00  7.2363862400E+00
           ESP =  -1.1067160199E+00     ESP at Nucleus =  -1.1091776833E+00
           ESPe = -1.2088894564E+01     ESPe at Nucleus = -1.2009276457E+01
           ESPn =  1.0982178544E+01     ESPn at Nucleus =  1.0900098774E+01

CP# 3      Coords = -4.58148327277809E+00 -1.11096976065153E+00  1.21439568190328E+00
           Type = (3,-3) NACP C3
           Rho =  1.1766468066E+02     Rho at Nucleus =  1.1766468050E+02
           GradRho = -3.1880667550E-10 -1.3694842482E-10 -6.1280597263E-10
           HessRho_EigVals = -1.4498357299E+05 -1.4498261734E+05 -1.4498228463E+05
           HessRho_EigVec1 =  7.8983475018E-01 -5.6121762693E-01 -2.4737793483E-01
           HessRho_EigVec2 =  1.3612334015E-01  5.5369094171E-01 -8.2152101454E-01
           HessRho_EigVec3 =  5.9802299594E-01  6.1519193452E-01  5.1371916455E-01
           DelSqRho = -4.3494847496E+05
           Bond Ellipticity = NA
           V = -1.0874731735E+05
           G =  5.0993024737E+00
           K =  1.0874221804E+05
           L =  1.0873711874E+05
           Vnuc =  4.1360933576E+06
           Ven = -4.8667210408E+08
           Vrep =  4.8656335677E+08
           DelSqV =  2.4948854768E+09
           DelSqVen =  1.7989875794E+12
           DelSqVrep = -1.7964926284E+12
           DelSqG =  1.3400602594E+08
           DelSqK = -2.6288915028E+09
           Stress_EigVals = -3.6249377683E+04 -3.6249218331E+04 -3.6248721332E+04
           Stress_EigVec1 =  5.9130012057E-01  5.7062180899E-01  5.6987272134E-01
           Stress_EigVec2 =  1.6499183949E-01  6.0609742458E-01 -7.7808971515E-01
           Stress_EigVec3 =  7.8939334955E-01 -5.5410889095E-01 -2.6423753831E-01
           -DivStress =  4.8127789159E+02  2.0695727458E+02  1.0544209327E+03
           ESP =  -1.4733433220E+01     ESP at Nucleus =  -1.4733433237E+01
           ESPe = -2.6023749770E+01     ESPe at Nucleus = -2.6023750073E+01
           ESPn =  1.1290316550E+01     ESPn at Nucleus =  1.1290316836E+01

CP# 4      Coords = -5.59295201806849E+00 -2.79768931594193E+00  1.70475515550768E+00
           Type = (3,-3) NACP H4
           Rho =  4.3019866174E-01     Rho at Nucleus =  4.2662196221E-01
           GradRho =  8.9511731360E-16  4.1806835771E-15 -1.8821749714E-15
           HessRho_EigVals = -6.5775467845E+00 -6.5694802893E+00 -5.9808454565E+00
           HessRho_EigVec1 = -3.9377382994E-01 -3.7193513614E-02 -9.1845457884E-01
           HessRho_EigVec2 =  7.7297507483E-01 -5.5412273219E-01 -3.0896202253E-01
           HessRho_EigVec3 =  4.9744517743E-01  8.3160365573E-01 -2.4694868948E-01
           DelSqRho = -1.9127872530E+01
           Bond Ellipticity = NA
           V = -4.7911058126E+00
           G =  4.5688400247E-03
           K =  4.7865369726E+00
           L =  4.7819681326E+00
           Vnuc =  4.0478666442E+01
           Ven = -1.7413868132E+01
           Vrep =  1.2622762320E+01
           DelSqV =  7.2115536401E+02
           DelSqVen =  7.7427077190E+02
           DelSqVrep = -5.3115407894E+01
           DelSqG =  7.1222744296E+01
           DelSqK = -7.9237810830E+02
           Stress_EigVals = -1.6475206839E+00 -1.6463948640E+00 -1.4971902647E+00
           Stress_EigVec1 = -3.4369716077E-01 -7.0978343187E-02 -9.3639432745E-01
           Stress_EigVec2 =  7.9621864555E-01 -5.5071244739E-01 -2.5050283184E-01
           Stress_EigVec3 =  4.9790373582E-01  8.3167173517E-01 -2.4579258485E-01
           -DivStress = -3.9013489033E+00 -6.5111256246E+00  1.9255297535E+00
           ESP =  -1.1084421946E+00     ESP at Nucleus =  -1.1108386755E+00
           ESPe = -1.2306515820E+01     ESPe at Nucleus = -1.2223342133E+01
           ESPn =  1.1198073625E+01     ESPn at Nucleus =  1.1112503457E+01

CP# 5      Coords = -3.47686743092062E+00  1.39963751078794E+00 -2.66212483653667E+00
           Type = (3,-3) NACP C5
           Rho =  1.1768442896E+02     Rho at Nucleus =  1.1768442892E+02
           GradRho =  3.3809843814E-11  6.7231747947E-11 -7.9346793025E-11
           HessRho_EigVals = -1.4501565277E+05 -1.4501457667E+05 -1.4501441304E+05
           HessRho_EigVec1 = -5.1721352117E-01  7.8226816846E-01  3.4719833833E-01
           HessRho_EigVec2 =  4.4229575872E-01 -1.0299542742E-01  8.9093569002E-01
           HessRho_EigVec3 =  7.3271047170E-01  6.1436833785E-01 -2.9272326541E-01
           DelSqRho = -4.3504464247E+05
           Bond Ellipticity = NA
           V = -1.0877139637E+05
           G =  5.1178750647E+00
           K =  1.0876627849E+05
           L =  1.0876116062E+05
           Vnuc =  8.2281678924E+06
           Ven = -9.6832723984E+08
           Vrep =  9.6821846844E+08
           DelSqV =  2.4954437766E+09
           DelSqVen =  3.5796203602E+12
           DelSqVrep = -3.5771250475E+12
           DelSqG =  1.3404370808E+08
           DelSqK = -2.6294874847E+09
           Stress_EigVals = -3.6257384823E+04 -3.6257288373E+04 -3.6256723172E+04
           Stress_EigVec1 =  6.3674736244E-01  6.3552681666E-01 -4.3664454849E-01
           Stress_EigVec2 =  5.5713864511E-01  1.2276360333E-02  8.3032874279E-01
           Stress_EigVec3 = -5.3305658850E-01  7.7198118907E-01  3.4625960950E-01
           -DivStress = -1.2020167603E+02 -3.8339683992E+02  4.3762070221E+02
           ESP =  -1.4748629822E+01     ESP at Nucleus =  -1.4748629830E+01
           ESPe = -2.5294527050E+01     ESPe at Nucleus = -2.5294527945E+01
           ESPn =  1.0545897228E+01     ESPn at Nucleus =  1.0545898115E+01

CP# 6      Coords = -3.92194422208827E+00  1.94375436716397E+00 -4.55352340182309E+00
           Type = (3,-3) NACP H6
           Rho =  4.2569961284E-01     Rho at Nucleus =  4.2200158909E-01
           GradRho =  3.8216825462E-10 -4.6775481795E-10  1.6211510455E-09
           HessRho_EigVals = -6.4837214003E+00 -6.4777248998E+00 -5.8829756369E+00
           HessRho_EigVec1 =  7.9200194749E-01  6.1043687874E-01 -9.9866033508E-03
           HessRho_EigVec2 = -5.6935857258E-01  7.4441227895E-01  3.4882828839E-01
           HessRho_EigVec3 =  2.2037180174E-01 -2.7058672552E-01  9.3713344459E-01
           DelSqRho = -1.8844421937E+01
           Bond Ellipticity = NA
           V = -4.7203743640E+00
           G =  4.6344398808E-03
           K =  4.7157399241E+00
           L =  4.7111054842E+00
           Vnuc =  3.9246411321E+01
           Ven = -1.6707182105E+01
           Vrep =  1.1986807741E+01
           DelSqV =  7.0956678810E+02
           DelSqVen =  7.3957593727E+02
           DelSqVrep = -3.0009149169E+01
           DelSqG =  6.9854536833E+01
           DelSqK = -7.7942132493E+02
           Stress_EigVals = -1.6243046527E+00 -1.6237533676E+00 -1.4723163436E+00
           Stress_EigVec1 =  8.3193269321E-01  5.5382993100E-01 -3.4064666431E-02
           Stress_EigVec2 = -5.0980609489E-01  7.8715264704E-01  3.4711447084E-01
           Stress_EigVec3 =  2.1905647579E-01 -2.7140950201E-01  9.3720389598E-01
           -DivStress = -1.7451013236E+00  2.1393698722E+00 -7.4101105130E+00
           ESP =  -1.1113736904E+00     ESP at Nucleus =  -1.1138445201E+00
           ESPe = -1.1780001043E+01     ESPe at Nucleus = -1.1698769792E+01
           ESPn =  1.0668627352E+01     ESPn at Nucleus =  1.0584925272E+01

CP# 7      Coords = -4.94501335528200E+00 -2.32309779517765E-01 -1.39872077534887E+00
           Type = (3,-3) NACP C7
           Rho =  1.1765403550E+02     Rho at Nucleus =  1.1765403530E+02
           GradRho = -2.1269289108E-10 -6.1412414043E-10  8.1173173738E-10
           HessRho_EigVals = -1.4496866126E+05 -1.4496781798E+05 -1.4496743618E+05
           HessRho_EigVec1 = -5.8795998153E-01  7.5324359006E-01  2.9483411295E-01
           HessRho_EigVec2 =  3.6336949559E-01 -7.9691737268E-02  9.2823048683E-01
           HessRho_EigVec3 =  7.2267950697E-01  6.5289610280E-01 -2.2685019101E-01
           DelSqRho = -4.3490391542E+05
           Bond Ellipticity = NA
           V = -1.0873619086E+05
           G =  5.1060017390E+00
           K =  1.0873108486E+05
           L =  1.0872597886E+05
           Vnuc =  3.5930539588E+06
           Ven = -4.2273729804E+08
           Vrep =  4.2262856185E+08
           DelSqV =  2.4946292569E+09
           DelSqVen =  1.5626332733E+12
           DelSqVrep = -1.5601386441E+12
           DelSqG =  1.3399065051E+08
           DelSqK = -2.6286199074E+09
           Stress_EigVals = -3.6245668838E+04 -3.6245495651E+04 -3.6245026370E+04
           Stress_EigVec1 =  6.9439507933E-01  6.5283551532E-01 -3.0269004566E-01
           Stress_EigVec2 =  4.3195700537E-01 -4.1736219256E-02  9.0092798464E-01
           Stress_EigVec3 = -5.7552464701E-01  7.5634904505E-01  3.1097829947E-01
           -DivStress =  3.3503575712E+02  7.8435470653E+02 -1.0534089512E+03
           ESP =  -1.4736840435E+01     ESP at Nucleus =  -1.4736840455E+01
           ESPe = -2.5876898473E+01     ESPe at Nucleus = -2.5876898583E+01
           ESPn =  1.1140058038E+01     ESPn at Nucleus =  1.1140058128E+01

CP# 8      Coords = -6.54677277636197E+00 -1.02249068026638E+00 -2.35483642371310E+00
           Type = (3,-3) NACP H8
           Rho =  4.3012949497E-01     Rho at Nucleus =  4.2653873199E-01
           GradRho =  2.0174834026E-15  4.0245584643E-16 -6.2341624918E-17
           HessRho_EigVals = -6.5756223375E+00 -6.5674541862E+00 -5.9776335313E+00
           HessRho_EigVec1 =  2.1959604924E-01  5.4787676241E-01 -8.0722278732E-01
           HessRho_EigVec2 = -5.7269267911E-01  7.4224759150E-01  3.4798219524E-01
           HessRho_EigVec3 =  7.8981052820E-01  3.8587506543E-01  4.7675964954E-01
           DelSqRho = -1.9120710055E+01
           Bond Ellipticity = NA
           V = -4.7893240305E+00
           G =  4.5732583573E-03
           K =  4.7847507721E+00
           L =  4.7801775137E+00
           Vnuc =  4.0168671048E+01
           Ven = -1.7277730192E+01
           Vrep =  1.2488406161E+01
           DelSqV =  7.2081181917E+02
           DelSqVen =  7.6805351240E+02
           DelSqVrep = -4.7241693232E+01
           DelSqG =  7.1180665143E+01
           DelSqK = -7.9199248431E+02
           Stress_EigVals = -1.6470134196E+00 -1.6459529156E+00 -1.4963576952E+00
           Stress_EigVec1 =  2.5111612677E-01  5.0401278076E-01 -8.2638478187E-01
           Stress_EigVec2 = -5.5927036921E-01  7.7236312154E-01  3.0111768896E-01
           Stress_EigVec3 =  7.9003629347E-01  3.8655701431E-01  4.7583224953E-01
           -DivStress = -6.1964954338E+00 -3.0305108498E+00 -3.7372008014E+00
           ESP =  -1.1119025519E+00     ESP at Nucleus =  -1.1143079880E+00
           ESPe = -1.2063597646E+01     ESPe at Nucleus = -1.1979527215E+01
           ESPn =  1.0951695094E+01     ESPn at Nucleus =  1.0865219227E+01

CP# 9      Coords =  2.45172852477885E+00 -2.71485563031679E+00 -1.75478458512145E-01
           Type = (3,-3) NACP C9
           Rho =  1.1767780241E+02     Rho at Nucleus =  1.1767780129E+02
           GradRho = -5.0893733672E-12  3.9521719231E-12 -1.2785328352E-12
           HessRho_EigVals = -1.4500079818E+05 -1.4500062652E+05 -1.4499952148E+05
           HessRho_EigVec1 = -3.3131451221E-01  8.4006634557E-01 -4.2955701489E-01
           HessRho_EigVec2 =  7.8634756763E-01  4.9744924944E-01  3.6633556626E-01
           HessRho_EigVec3 = -5.2142899505E-01  2.1640882438E-01  8.2539628292E-01
           DelSqRho = -4.3500094618E+05
           Bond Ellipticity = NA
           V = -1.0876055173E+05
           G =  5.1575901352E+00
           K =  1.0875539414E+05
           L =  1.0875023655E+05
           Vnuc =  1.5266741619E+06
           Ven = -1.7965566037E+08
           Vrep =  1.7954689982E+08
           DelSqV =  2.4951877469E+09
           DelSqVen =  6.6410470400E+11
           DelSqVrep = -6.6160951625E+11
           DelSqG =  1.3402375192E+08
           DelSqK = -2.6292114988E+09
           Stress_EigVals = -3.6253905974E+04 -3.6253445489E+04 -3.6253200262E+04
           Stress_EigVec1 =  7.9985565222E-01  1.2738348264E-01 -5.8651886923E-01
           Stress_EigVec2 =  3.6564291296E-01  6.7152391118E-01  6.4448498580E-01
           Stress_EigVec3 = -4.7595818704E-01  7.2995142651E-01 -4.9054532831E-01
           -DivStress = -1.6871511472E+03 -2.3251897507E+03 -1.3992333133E+03
           ESP =  -1.4691906181E+01     ESP at Nucleus =  -1.4691906237E+01
           ESPe = -2.6440573588E+01     ESPe at Nucleus = -2.6440569081E+01
           ESPn =  1.1748667407E+01     ESPn at Nucleus =  1.1748662845E+01

CP# 10     Coords =  4.40734635629780E+00 -2.35215318027060E+00 -1.58592698090550E+00
           Type = (3,-3) NACP C10
           Rho =  1.1766082920E+02     Rho at Nucleus =  1.1766082820E+02
           GradRho =  2.9056784756E-11 -1.0706602271E-11 -7.0541905650E-12
           HessRho_EigVals = -1.4497958800E+05 -1.4497951306E+05 -1.4497840717E+05
           HessRho_EigVec1 = -4.4659036693E-01  8.7881699308E-01  1.6804087849E-01
           HessRho_EigVec2 =  1.9646950902E-01 -8.6907593231E-02  9.7665080877E-01
           HessRho_EigVec3 =  8.7290135536E-01  4.6917775194E-01 -1.3384864920E-01
           DelSqRho = -4.3493750823E+05
           Bond Ellipticity = NA
           V = -1.0874471108E+05
           G =  5.1670129484E+00
           K =  1.0873954407E+05
           L =  1.0873437706E+05
           Vnuc =  1.6157185336E+06
           Ven = -1.9010678242E+08
           Vrep =  1.8999803771E+08
           DelSqV =  2.4948254660E+09
           DelSqVen =  7.0273660621E+11
           DelSqVrep = -7.0024178177E+11
           DelSqG =  1.3400404926E+08
           DelSqK = -2.6288295153E+09
           Stress_EigVals = -3.6248604632E+04 -3.6248165126E+04 -3.6247941325E+04
           Stress_EigVec1 =  8.1479738907E-01  1.6747109834E-01 -5.5503031088E-01
           Stress_EigVec2 =  3.2739065764E-01  6.5718627492E-01  6.7891203948E-01
           Stress_EigVec3 = -4.7845644740E-01  7.3488749566E-01 -4.8064518791E-01
           -DivStress = -4.9244628077E+02 -2.0402444427E+03 -2.1706463047E+03
           ESP =  -1.4690336373E+01     ESP at Nucleus =  -1.4690336425E+01
           ESPe = -2.5675878603E+01     ESPe at Nucleus = -2.5675874235E+01
           ESPn =  1.0985542230E+01     ESPn at Nucleus =  1.0985537810E+01

CP# 11     Coords =  4.25601549460879E+00 -6.85604342634174E-01  7.35686791552731E-01
           Type = (3,-3) NACP C11
           Rho =  1.1738287370E+02     Rho at Nucleus =  1.1738287214E+02
           GradRho = -5.4902082880E-11  7.5168760105E-12 -6.3193339450E-12
           HessRho_EigVals = -1.4462094809E+05 -1.4461992792E+05 -1.4461892971E+05
           HessRho_EigVec1 =  3.0384480302E-02  9.5195160689E-01  3.0473746322E-01
           HessRho_EigVec2 =  5.9003519003E-01 -2.6317335964E-01  7.6328124391E-01
           HessRho_EigVec3 =  8.0680558865E-01  1.5661392310E-01 -5.6968133304E-01
           DelSqRho = -4.3385980571E+05
           Bond Ellipticity = NA
           V = -1.0847536177E+05
           G =  5.2051705991E+00
           K =  1.0847015660E+05
           L =  1.0846495143E+05
           Vnuc =  1.2920384708E+06
           Ven = -1.5166318863E+08
           Vrep =  1.5155471327E+08
           DelSqV =  2.4886540478E+09
           DelSqVen =  5.6056355942E+11
           DelSqVrep = -5.5807490538E+11
           DelSqG =  1.3365518796E+08
           DelSqK = -2.6223092358E+09
           Stress_EigVals = -3.6158569038E+04 -3.6158542342E+04 -3.6158250389E+04
           Stress_EigVec1 =  8.6220263945E-01  1.3272154695E-01 -4.8886767074E-01
           Stress_EigVec2 =  5.0656212512E-01 -2.2817144936E-01  8.3146413217E-01
           Stress_EigVec3 =  1.1924391229E-03  9.6453241556E-01  2.6396173476E-01
           -DivStress =  2.1985743535E+03 -1.9929845574E+02  3.0452854155E+03
           ESP =  -1.4662535760E+01     ESP at Nucleus =  -1.4662535838E+01
           ESPe = -2.6819125991E+01     ESPe at Nucleus = -2.6819120469E+01
           ESPn =  1.2156590231E+01     ESPn at Nucleus =  1.2156584631E+01

CP# 12     Coords =  6.97970448193745E-01 -3.57545553481723E+00  2.53415621249506E-01
           Type = (3,-3) NACP H12
           Rho =  4.0964181273E-01     Rho at Nucleus =  4.0550380886E-01
           GradRho =  4.3426179859E-09  2.1065094794E-09 -1.0547817498E-09
           HessRho_EigVals = -6.2497600474E+00 -6.2469626698E+00 -5.6081965671E+00
           HessRho_EigVec1 = -1.0132978642E-01  5.9789927691E-01  7.9514069765E-01
           HessRho_EigVec2 = -4.6705019034E-01  6.7711220350E-01 -5.6866790271E-01
           HessRho_EigVec3 =  8.7840559771E-01  4.2899361131E-01 -2.1063733612E-01
           DelSqRho = -1.8104919284E+01
           Bond Ellipticity = NA
           V = -4.5349098095E+00
           G =  4.3399942091E-03
           K =  4.5305698153E+00
           L =  4.5262298211E+00
           Vnuc =  3.8912162314E+01
           Ven = -1.5940048708E+01
           Vrep =  1.1405138898E+01
           DelSqV =  6.7981076441E+02
           DelSqVen =  7.0450156476E+02
           DelSqVrep = -2.4690800350E+01
           DelSqG =  6.7038227907E+01
           DelSqK = -7.4684899232E+02
           Stress_EigVals = -1.5658585737E+00 -1.5652722192E+00 -1.4037790166E+00
           Stress_EigVec1 = -6.7221460526E-02  5.5207870982E-01  8.3107783836E-01
           Stress_EigVec2 = -4.7306737114E-01  7.1574501085E-01 -5.1372788692E-01
           Stress_EigVec3 =  8.7845804544E-01  4.2768934708E-01 -2.1305699893E-01
           -DivStress = -7.2295158413E+00 -3.4984172298E+00  1.7664104425E+00
           ESP =  -1.0382868203E+00     ESP at Nucleus =  -1.0411658903E+00
           ESPe = -1.3511003896E+01     ESPe at Nucleus = -1.3438956730E+01
           ESPn =  1.2472717075E+01     ESPn at Nucleus =  1.2397790840E+01

CP# 13     Coords =  5.50775417921610E+00 -2.73906847262730E+00 -3.21263695232643E+00
           Type = (3,-3) NACP H13
           Rho =  4.1199634221E-01     Rho at Nucleus =  4.0797712124E-01
           GradRho = -4.9443305353E-14  1.6379259060E-14  7.2800272755E-14
           HessRho_EigVals = -6.2925552988E+00 -6.2895337410E+00 -5.6613879916E+00
           HessRho_EigVec1 =  6.4252648129E-01  7.2207919606E-01  2.5643976965E-01
           HessRho_EigVec2 =  5.3772759684E-01 -6.6331582800E-01  5.2044321872E-01
           HessRho_EigVec3 = -5.4590177911E-01  1.9650380897E-01  8.1447989578E-01
           DelSqRho = -1.8243477031E+01
           Bond Ellipticity = NA
           V = -4.5696140620E+00
           G =  4.3724020600E-03
           K =  4.5652416599E+00
           L =  4.5608692579E+00
           Vnuc =  3.7566741661E+01
           Ven = -1.5477360153E+01
           Vrep =  1.0907746091E+01
           DelSqV =  6.8569210362E+02
           DelSqVen =  6.8534798864E+02
           DelSqVrep =  3.4411497873E-01
           DelSqG =  6.7667879675E+01
           DelSqK = -7.5335998330E+02
           Stress_EigVals = -1.5765700592E+00 -1.5760232024E+00 -1.4170208004E+00
           Stress_EigVec1 =  6.9453395756E-01  6.4790444995E-01  3.1279770704E-01
           Stress_EigVec2 =  4.6622308832E-01 -7.3643750503E-01  4.9019978896E-01
           Stress_EigVec3 = -5.4795858759E-01  1.9462688643E-01  8.1354886846E-01
           -DivStress =  4.4634286760E+00 -1.5726755086E+00 -6.6128973498E+00
           ESP =  -1.0347412203E+00     ESP at Nucleus =  -1.0375394213E+00
           ESPe = -1.1663196366E+01     ESPe at Nucleus = -1.1573979608E+01
           ESPn =  1.0628455146E+01     ESPn at Nucleus =  1.0536440187E+01

CP# 14     Coords = -1.82103343506290E+00  2.22609583222938E+00 -1.85544099483756E+00
           Type = (3,-3) NACP H14
           Rho =  4.2234003043E-01     Rho at Nucleus =  4.1852355654E-01
           GradRho = -1.2925424620E-14 -7.9710543721E-15 -6.0776036981E-15
           HessRho_EigVals = -6.4261667044E+00 -6.4202610090E+00 -5.8176749514E+00
           HessRho_EigVec1 = -1.3829094412E-01 -5.3500994282E-01  8.3345064393E-01
           HessRho_EigVec2 = -5.5551064493E-01  7.3859611887E-01  3.8194724317E-01
           HessRho_EigVec3 =  8.1992898360E-01  4.1017085986E-01  3.9934487298E-01
           DelSqRho = -1.8664102665E+01
           Bond Ellipticity = NA
           V = -4.6753486229E+00
           G =  4.6614783512E-03
           K =  4.6706871445E+00
           L =  4.6660256662E+00
           Vnuc =  4.0784399177E+01
           Ven = -1.7224884390E+01
           Vrep =  1.2549535767E+01
           DelSqV =  7.0211170178E+02
           DelSqVen =  7.6120421337E+02
           DelSqVrep = -5.9092511589E+01
           DelSqG =  6.9079117816E+01
           DelSqK = -7.7119081959E+02
           Stress_EigVals = -1.6098561625E+00 -1.6092980686E+00 -1.4561943919E+00
           Stress_EigVec1 = -1.7942740672E-01 -4.7549058081E-01  8.6122849075E-01
           Stress_EigVec2 = -5.4263846888E-01  7.7805016467E-01  3.1651450733E-01
           Stress_EigVec3 =  8.2057863597E-01  4.1054433233E-01  3.9762300409E-01
           -DivStress =  6.5599363909E+00  3.2840673750E+00  3.1843302747E+00
           ESP =  -1.1133705073E+00     ESP at Nucleus =  -1.1159051155E+00
           ESPe = -1.3907473486E+01     ESPe at Nucleus = -1.3860160575E+01
           ESPn =  1.2794102978E+01     ESPn at Nucleus =  1.2744255459E+01

CP# 15     Coords = -2.18331537600900E+00  1.73121339037288E+00  2.67754410299882E+00
           Type = (3,-3) NACP H15
           Rho =  4.2272707107E-01     Rho at Nucleus =  4.1893361123E-01
           GradRho = -8.5720840148E-13 -1.4889452518E-12  2.8435760691E-13
           HessRho_EigVals = -6.4325265780E+00 -6.4264787478E+00 -5.8257554620E+00
           HessRho_EigVec1 =  3.6057529792E-01 -2.8873485482E-02  9.3228309883E-01
           HessRho_EigVec2 = -7.9222425798E-01  5.1807945976E-01  3.2245061395E-01
           HessRho_EigVec3 =  4.9230699731E-01  8.5484501239E-01 -1.6393237994E-01
           DelSqRho = -1.8684760788E+01
           Bond Ellipticity = NA
           V = -4.6804653244E+00
           G =  4.6375637559E-03
           K =  4.6758277607E+00
           L =  4.6711901969E+00
           Vnuc =  4.0607832551E+01
           Ven = -1.7166030117E+01
           Vrep =  1.2485564792E+01
           DelSqV =  7.0300004190E+02
           DelSqVen =  7.5874763732E+02
           DelSqVrep = -5.5747595422E+01
           DelSqG =  6.9166912398E+01
           DelSqK = -7.7216695430E+02
           Stress_EigVals = -1.6114387111E+00 -1.6109158294E+00 -1.4581107839E+00
           Stress_EigVec1 =  3.0616710101E-01  4.3081352578E-03  9.5196803845E-01
           Stress_EigVec2 = -8.1479166486E-01  5.1833259271E-01  2.5970341971E-01
           Stress_EigVec3 =  4.9231722409E-01  8.5516826608E-01 -1.6220661997E-01
           -DivStress =  3.9264678221E+00  6.8198989599E+00 -1.3057876203E+00
           ESP =  -1.1098890573E+00     ESP at Nucleus =  -1.1124087796E+00
           ESPe = -1.3626006163E+01     ESPe at Nucleus = -1.3567624798E+01
           ESPn =  1.2516117105E+01     ESPn at Nucleus =  1.2455216018E+01

CP# 16     Coords =  5.46691338392150E+00 -1.04096114569156E+00  2.32517222309676E+00
           Type = (3,-3) NACP H16
           Rho =  4.2682570465E-01     Rho at Nucleus =  4.2317184339E-01
           GradRho = -3.7712888368E-15  1.2108369862E-15 -1.7642137751E-15
           HessRho_EigVals = -6.5186581710E+00 -6.5092194757E+00 -5.9146591277E+00
           HessRho_EigVec1 = -2.6978629566E-02  9.7167274000E-01  2.3478551891E-01
           HessRho_EigVec2 =  8.0205713730E-01  1.6122467609E-01 -5.7507473630E-01
           HessRho_EigVec3 =  5.9663766396E-01 -1.7279667289E-01  7.8368667705E-01
           DelSqRho = -1.8942536774E+01
           Bond Ellipticity = NA
           V = -4.7454450186E+00
           G =  4.9054124917E-03
           K =  4.7405396061E+00
           L =  4.7356341936E+00
           Vnuc =  4.0585194740E+01
           Ven = -1.7322804343E+01
           Vrep =  1.2577359325E+01
           DelSqV =  7.1369315944E+02
           DelSqVen =  7.6878654386E+02
           DelSqVrep = -5.5093384421E+01
           DelSqG =  7.0432891426E+01
           DelSqK = -7.8412605086E+02
           Stress_EigVals = -1.6324754495E+00 -1.6318023414E+00 -1.4811672277E+00
