AIMSum (Version 19.02.13, Professional)
Copyright (c) 1997-2019 by Todd A. Keith
AIMSum is a component of the AIMAll package ( http://aim.tkgristmill.com )

TP:  64-bit Linux

Much of the Quantum Theory of Atoms in Molecules (QTAIM) is described in the book:
  "Atoms in Molecules - A Quantum Theory"
  R.F.W. Bader, Oxford University Press, Oxford, 1990

For additional references see:  http://aim.tkgristmill.com/references.html

Wfn File:  /home/mhennefarth/Documents/ML_Diels/summary-levandowski2016/11-opt/11-opt.wfn
Sum File:  /home/mhennefarth/Documents/ML_Diels/summary-levandowski2016/11-opt/11-opt.sum

SumViz File:  /home/mhennefarth/Documents/ML_Diels/summary-levandowski2016/11-opt/11-opt.sumviz

Wfn Title:   Title Card Required                                                           
 
Total memory allocated for AIMSum =        0.946 Megabytes

Atomic units (a.u.) used throughout, except where stated otherwise

Model:  Restricted SCF
 
Restricted, closed-shell, single-determinant wavefunction.
  Number of electrons (from MO Occs)                   =          60.0000000000
  Number of Alpha electrons (from MO Occs)             =          30.0000000000
  Number of Beta electrons (from MO Occs)              =          30.0000000000
  Number of electron pairs (N*(N-1)/2)                 =        1770.0000000000
  Number of electron pairs (from Muller 2EDM)          =        1770.0000000000
 
Nuclear Charges and Cartesian Coordinates:
-------------------------------------------------------------------------------
Atom      Charge                X                  Y                  Z
-------------------------------------------------------------------------------
C1         6.0          -4.4494070900E+00  -2.8781540400E+00   8.6740406000E-01
H2         1.0          -4.2866208700E+00  -4.9109784500E+00   6.3251364000E-01
C3         6.0          -5.2360625000E+00  -1.3873899200E+00  -1.0232953200E+00
H4         1.0          -5.7896481300E+00  -2.2670683600E+00  -2.8031940000E+00
C5         6.0          -4.0679097100E+00   2.9447556800E+00   4.6713930000E-01
H6         1.0          -4.4013608500E+00   4.9702345600E+00   4.6584451000E-01
C7         6.0          -5.4936137200E+00   1.3771738100E+00  -9.1702697000E-01
H8         1.0          -6.9622207400E+00   2.1803995800E+00  -2.1190469400E+00
C9         6.0           2.4881130400E+00  -4.9477419000E-01   4.1619937000E-01
H10        1.0           7.8920488000E-01  -1.4070675900E+00  -2.5951769000E-01
C11        6.0           3.9109229500E+00   2.0211048000E-01   2.2886699200E+00
H12        1.0           4.2581511700E+00   2.7955634000E-01   4.3000107300E+00
C13        6.0           4.8920938800E+00   8.6420021000E-01  -3.0461361000E-01
H14        1.0          -2.5009928900E+00   2.2680636400E+00   1.6104849600E+00
H15        1.0          -3.9813927200E+00  -2.1201207300E+00   2.7186340900E+00
H16        1.0           4.7398395200E+00   2.8369000000E+00  -9.2446682000E-01
C17        6.0           7.1250884600E+00  -5.0438243000E-01  -1.4948277500E+00
H18        1.0           6.9746921900E+00  -5.2820969000E-01  -3.5644074800E+00
H19        1.0           8.9182227800E+00   4.2375018000E-01  -1.0152756400E+00
H20        1.0           7.2267737400E+00  -2.4666971400E+00  -8.3947335000E-01
 
Some Atomic Properties:
----------------------
  q(A) = Net Charge of Atom A
  L(A) = Lagrangian of Atom A = -(1/4) Times Atomic Integral of the Laplacian of the Electron Density
  K(A) = Electronic Kinetic Energy of Atom A (Hamiltonian Form)
  K_Scaled(A) = K(A) * E(Mol)/K(Mol) = Approximation to Virial-Based Total Energy of Atom A.
  |Mu_Intra(A)| = Magnitude of Intraatomic Dipole Moment of Atom A
--------------------------------------------------------------------------------------------------
Atom A          q(A)              L(A)              K(A)          K_Scaled(A)      |Mu_Intra(A)|
--------------------------------------------------------------------------------------------------
C1       -9.4742796500E-02 -1.8344690837E-05  3.7706395747E+01 -3.8095213919E+01  1.1554125958E-01
H2        4.3619234330E-02  2.7442453112E-05  5.9423386162E-01 -6.0036144076E-01  1.4773457441E-01
C3       -3.3187277000E-02 -2.0757187558E-04  3.7702195047E+01 -3.8090969903E+01  7.2801370687E-02
H4        3.4017069710E-02  2.4321226513E-05  6.0201240598E-01 -6.0822019537E-01  1.5120180068E-01
C5       -8.5869384600E-02  1.8706914497E-06  3.7704778381E+01 -3.8093579875E+01  1.1511873034E-01
H6        4.3062863920E-02  2.1355502687E-05  5.9463766615E-01 -6.0076940921E-01  1.4783161494E-01
C7       -3.1074521500E-02 -1.3755817170E-04  3.7701418310E+01 -3.8090185156E+01  7.6684401605E-02
H8        3.3234640600E-02  2.2672552653E-05  6.0227902375E-01 -6.0848956242E-01  1.5135905458E-01
C9       -1.5518013790E-01 -3.1780909459E-05  3.7768533495E+01 -3.8157992415E+01  2.6193810487E-01
H10       1.1938750257E-01  8.0519468097E-06  5.5630459344E-01 -5.6204105620E-01  1.3974899313E-01
C11      -1.5907324780E-01 -2.9892227664E-05  3.7768936046E+01 -3.8158399117E+01  2.3720747372E-01
H12       1.0095805701E-01  1.8135341903E-05  5.6415306445E-01 -5.6997045853E-01  1.4785773180E-01
C13       1.0170088340E-01 -4.2359199385E-04  3.7557125699E+01 -3.7944404639E+01  2.6339709490E-01
H14       4.9076216810E-02  2.8322472459E-05  5.9125958847E-01 -5.9735649770E-01  1.4444519859E-01
H15       4.5334290970E-02  2.1499473177E-05  5.9277232580E-01 -5.9888483398E-01  1.4771538679E-01
H16      -1.6000184000E-03  2.5778962838E-05  6.1971107328E-01 -6.2610136655E-01  1.6155888819E-01
C17      -2.3916938000E-02  1.6732518013E-04  3.7690503359E+01 -3.8079157654E+01  4.7577245110E-02
H18       4.1210700300E-03  2.4839039470E-05  6.0788287595E-01 -6.1415120003E-01  1.5699810677E-01
H19       3.4689496600E-03  2.9723050487E-05  6.0811502851E-01 -6.1438574649E-01  1.5722995083E-01
H20       6.3668584500E-03  2.3923167098E-05  6.0750021941E-01 -6.1376459765E-01  1.5797202852E-01
--------------------------------------------------------------------------------------------------
Total    -2.9668424000E-04 -4.0347880830E-04  3.0874074781E+02 -3.1192439904E+02
 
1st Largest |L(A)| = 4.2359199385E-04, atom C13     
2nd Largest |L(A)| = 2.0757187558E-04, atom C3      
 
Molecular charge q(Mol) from the wfn file:   0.0000000000E+00
Molecular energy E(Mol) from the wfn file:  -3.1192452931E+02
Molecular virial ratio (-V(Mol)/T(Mol)) from the wfn file:   2.0103117300E+00
Note.  K_Scaled(A) = (1+V(Mol)/T(Mol))*K(A) = (E(Mol)/T(Mol))*K(A)
       Only use K_Scaled(A) data with caution.
 
N_AIMInt(SumA)     =         60.000297
N_Analytic(Mol)    =         59.999989
 
G_AIMInt(SumA)     =        308.741151
G_Analytic(Mol)    =        308.740853
 
K_AIMInt(SumA)     =        308.740748
K_Analytic(Mol)    =        308.740853
 
L_AIMInt(SumA)     =         -0.000403
L_Analytic(Mol)    =          0.000000
 
VenT_AIMInt(SumA)  =      -1333.005321
VenT_Analytic(Mol) =      -1333.001608
 
Some Information About the Atomic Calculations:
----------------------------------------------
  Time(sec) = "Elapsed User Time", in Seconds, for Atom A by AIMInt and, if used, by TWOe
  NProc = Number of Processors Used for AIMInt Job
  BIM = Basin Integration Method
  OAQ = Angular Quadrature Outside of Beta Sphere
  ORQ = Multiple of Default for Radial Quadrature Outside of Beta Sphere
  IAQ = Multiple of Default for Angular Quadrature Inside of Beta Sphere
  IRQ = Multiple of Default for Radial Quadrature Inside of Beta Sphere
  MIR = Maximum Integration Radius
------------------------------------------------------------------------------------------------------
Atom A     Time(sec)   NProc      BIM          OAQ                     ORQ      IAQ      IRQ      MIR
------------------------------------------------------------------------------------------------------
C1             27        8     Proaim(5)    4500(GS4)                  1.00     1.00     1.00    13.00
H2              4        8     Proaim(5)    1800(GS4)                  1.00     1.00     1.00    13.00
C3             22        8     Proaim(5)    4500(GS4)                  1.00     1.00     1.00    13.00
H4              5        8     Proaim(5)    1800(GS4)                  1.00     1.00     1.00    13.00
C5             22        8     Proaim(5)    4500(GS4)                  1.00     1.00     1.00    13.00
H6              4        8     Proaim(5)    1800(GS4)                  1.00     1.00     1.00    13.00
C7             21        8     Proaim(5)    4500(GS4)                  1.00     1.00     1.00    13.00
H8              5        8     Proaim(5)    1800(GS4)                  1.00     1.00     1.00    13.00
C9             25        8     Proaim(5)    4500(GS4)                  1.00     1.00     1.00    13.00
H10            14        8     Proaim(5)    4500(GS4)                  1.00     1.00     1.00    13.00
C11            18        8     Proaim(5)    4500(GS4)                  1.00     1.00     1.00    13.00
H12             5        8     Proaim(5)    1800(GS4)                  1.00     1.00     1.00    13.00
C13            21        8     Proaim(5)    4500(GS4)                  1.00     1.00     1.00    13.00
H14            14        8     Proaim(5)    4500(GS4)                  1.00     1.00     1.00    13.00
H15             7        8     Proaim(5)    1800(GS4)                  1.00     1.00     1.00    13.00
H16             5        8     Proaim(5)    1800(GS4)                  1.00     1.00     1.00    13.00
C17            18        8     Proaim(5)    4500(GS4)                  1.00     1.00     1.00    13.00
H18             4        8     Proaim(5)    1800(GS4)                  1.00     1.00     1.00    13.00
H19             5        8     Proaim(5)    1800(GS4)                  1.00     1.00     1.00    13.00
H20             4        8     Proaim(5)    1800(GS4)                  1.00     1.00     1.00    13.00
------------------------------------------------------------------------------------------------------
Total         250
Note:  Total wall clock time is less than total of atomic times if more than one atom
       was calculated at a time
 
Electron Density Critical Point Analysis of Molecular Structure:               
---------------------------------------------------------------                
  NACP = Nuclear Attractor Critical Point                                      
  NNACP = Non-Nuclear Attractor Critical Point                                 
  BCP = Bond Critical Point                                                    
  RCP = Ring Critical Point                                                    
  CCP = Cage Critical Point                                                    
  Rho = Electron Density                                                       
  GradRho = Gradient of Electron Density                                       
  HessRho_EigVals = Eigenvalues of the Hessian of Rho, Ascending Order         
  HessRho_EigVecs = Eigenvectors of the Hessian of Rho                         
  DelSqRho = Laplacian of Rho = Trace of Hessian of Rho                        
  Bond Ellipticity = (HessRho_EigVal(1) / HessRho_EigVal(2)) - 1               
  V = Virial Field = Potential Energy Density = Trace of Stress Tensor         
  G = Lagrangian Form of Kinetic Energy Density                                
  K = Hamiltonian Form of Kinetic Energy Density                               
  L = K - G = Lagrangian Density = (-1/4)DelSqRho                              
  Vnuc = Electrostatic Potential from Nuclei                                   
  Ven = Electron-nuclear attractive contribution to Virial Field V             
  Vrep = V - Ven = Repulsive contribution to Virial Field V                    
  DelSqV = Laplacian of V                                                      
  DelSqVen = Laplacian of Ven                                                  
  DelSqVrep = Laplacian of Vrep                                                
  DelSqG = Laplacian of G                                                      
  DelSqK = Laplacian of K                                                      
  Stress_EigVals = Eigenvalues of Stress Tensor, Ascending Order               
  Stress_EigVecs = Eigenvectors of Stress Tensor                               
  -DivStress = Ehrenfest Force Density = Minus Divergence of Stress Tensor     
  ESP = Total Electrostatic Potential                                          
  ESPe = Electrostatic Potential from Electrons                                
  ESPn = Electrostatic Potential from Nuclei                                   
  BP = Bond Path                                                               
  BPL = Bond Path Length                                                       
  GBL = Geometric Bond Length                                                  
  GBL_I = Distance Between Nuclear Attractors                                  
  GBL_II = Distance Between Nuclei                                             
  GBL_III = Sum of Distances Between BCP and Nuclear Attractors                
  GBL_IV = Sum of Distances Between BCP and Nuclei                             

CP# 1      Coords = -4.44940652083174E+00 -2.87815460312534E+00  8.67404507477515E-01
           Type = (3,-3) NACP C1
           Rho =  1.1768424525E+02     Rho at Nucleus =  1.1768424519E+02
           GradRho =  1.3780399044E-10 -1.2354451728E-10  8.8128560005E-11
           HessRho_EigVals = -1.4501591775E+05 -1.4501497821E+05 -1.4501483149E+05
           HessRho_EigVec1 =  9.5876076662E-01  1.3266012267E-01 -2.5135449915E-01
           HessRho_EigVec2 =  4.3395679861E-02  8.0568489099E-01  5.9075263132E-01
           HessRho_EigVec3 =  2.8088183878E-01 -5.7729814506E-01  7.6670218752E-01
           DelSqRho = -4.3504572744E+05
           Bond Ellipticity = NA
           V = -1.0877167543E+05
           G =  5.1217853945E+00
           K =  1.0876655365E+05
           L =  1.0876143186E+05
           Vnuc =  6.5414910804E+06
           Ven = -7.6983044059E+08
           Vrep =  7.6972166891E+08
           DelSqV =  2.4954507296E+09
           DelSqVen =  2.8458484695E+12
           DelSqVrep = -2.8433529860E+12
           DelSqG =  1.3404454949E+08
           DelSqK = -2.6294952791E+09
           Stress_EigVals = -3.6257466230E+04 -3.6257368120E+04 -3.6256841081E+04
           Stress_EigVec1 =  2.8870340914E-01 -6.1972328478E-01  7.2978996420E-01
           Stress_EigVec2 =  8.2489840137E-02  7.7551384185E-01  6.2591829130E-01
           Stress_EigVec3 =  9.5385835837E-01  1.2050448706E-01 -2.7501436467E-01
           -DivStress = -4.6153858222E+02  4.5898367165E+02 -3.6443366303E+02
           ESP =  -1.4742895481E+01     ESP at Nucleus =  -1.4742895492E+01
           ESPe = -2.4277013744E+01     ESPe at Nucleus = -2.4277014612E+01
           ESPn =  9.5341182631E+00     ESPn at Nucleus =  9.5341191202E+00

CP# 2      Coords = -4.28939111625038E+00 -4.87630044804883E+00  6.36562391834793E-01
           Type = (3,-3) NACP H2
           Rho =  4.2536987016E-01     Rho at Nucleus =  4.2166892811E-01
           GradRho = -7.8942667681E-10  9.8923402807E-09  1.1553315180E-09
           HessRho_EigVals = -6.4777281201E+00 -6.4715017501E+00 -5.8768879768E+00
           HessRho_EigVec1 =  3.2795665352E-01 -8.2844100029E-02  9.4105328675E-01
           HessRho_EigVec2 = -9.4137347312E-01 -1.1209124191E-01  3.1820046762E-01
           HessRho_EigVec3 = -7.9122800250E-02  9.9023856145E-01  1.1474830676E-01
           DelSqRho = -1.8826117847E+01
           Bond Ellipticity = NA
           V = -4.7157847199E+00
           G =  4.6276290886E-03
           K =  4.7111570908E+00
           L =  4.7065294617E+00
           Vnuc =  3.8546745965E+01
           Ven = -1.6396624326E+01
           Vrep =  1.1680839606E+01
           DelSqV =  7.0884527988E+02
           DelSqVen =  7.2568559839E+02
           DelSqVrep = -1.6840318516E+01
           DelSqG =  6.9773813284E+01
           DelSqK = -7.7861909316E+02
           Stress_EigVals = -1.6227428872E+00 -1.6222374855E+00 -1.4708043472E+00
           Stress_EigVec1 =  2.3000880698E-01 -9.2335649010E-02  9.6879826416E-01
           Stress_EigVec2 =  9.6993591655E-01  1.0307199999E-01 -2.2045516689E-01
           Stress_EigVec3 = -7.9500103766E-02  9.9037886222E-01  1.1326713010E-01
           -DivStress =  6.2604203651E-01 -7.8291614659E+00 -9.1285783131E-01
           ESP =  -1.1050912637E+00     ESP at Nucleus =  -1.1075674198E+00
           ESPe = -1.1099403983E+01     ESPe at Nucleus = -1.1022934547E+01
           ESPn =  9.9943127193E+00     ESPn at Nucleus =  9.9153671267E+00

CP# 3      Coords = -5.23606286151290E+00 -1.38738865867168E+00 -1.02329598440604E+00
           Type = (3,-3) NACP C3
           Rho =  1.1766416575E+02     Rho at Nucleus =  1.1766416559E+02
           GradRho = -1.5851278623E-10  6.0929850054E-10 -3.3355124912E-10
           HessRho_EigVals = -1.4498180869E+05 -1.4498081714E+05 -1.4498050956E+05
           HessRho_EigVec1 =  9.3927228926E-01  4.1898187165E-02 -3.4060550281E-01
           HessRho_EigVec2 =  8.0916681532E-02  9.3749441565E-01  3.3846227452E-01
           HessRho_EigVec3 =  3.3349671255E-01 -3.4546890242E-01  8.7717226369E-01
           DelSqRho = -4.3494313539E+05
           Bond Ellipticity = NA
           V = -1.0874598809E+05
           G =  5.1021220936E+00
           K =  1.0874088597E+05
           L =  1.0873578385E+05
           Vnuc =  4.0795894141E+06
           Ven = -4.8002148499E+08
           Vrep =  4.7991273901E+08
           DelSqV =  2.4948537755E+09
           DelSqVen =  1.7743895429E+12
           DelSqVrep = -1.7718946564E+12
           DelSqG =  1.3400326790E+08
           DelSqK = -2.6288570434E+09
           Stress_EigVals = -3.6248934588E+04 -3.6248780419E+04 -3.6248273083E+04
           Stress_EigVec1 =  3.2928279591E-01 -4.1604962841E-01  8.4762936890E-01
           Stress_EigVec2 =  8.5454258678E-02  9.0713942781E-01  4.1206265079E-01
           Stress_EigVec3 =  9.4035653344E-01  6.3251602391E-02 -3.3425861964E-01
           -DivStress =  2.9337256691E+02 -1.0260981135E+03  5.3608699137E+02
           ESP =  -1.4731841262E+01     ESP at Nucleus =  -1.4731841280E+01
           ESPe = -2.5103618174E+01     ESPe at Nucleus = -2.5103618331E+01
           ESPn =  1.0371776911E+01     ESPn at Nucleus =  1.0371777052E+01

CP# 4      Coords = -5.78048444384264E+00 -2.25229469004749E+00 -2.77361519710731E+00
           Type = (3,-3) NACP H4
           Rho =  4.2893190172E-01     Rho at Nucleus =  4.2533393730E-01
           GradRho =  4.1633363423E-15  3.3057866340E-15  8.5630287583E-15
           HessRho_EigVals = -6.5578634846E+00 -6.5502170700E+00 -5.9599836239E+00
           HessRho_EigVec1 =  2.5582626678E-01 -8.9384988914E-01  3.6821908820E-01
           HessRho_EigVec2 =  9.2920969243E-01  1.2228647329E-01 -3.4873394723E-01
           HessRho_EigVec3 =  2.6668758638E-01  4.3136804951E-01  8.6185807250E-01
           DelSqRho = -1.9068064179E+01
           Bond Ellipticity = NA
           V = -4.7760699048E+00
           G =  4.5269300688E-03
           K =  4.7715429747E+00
           L =  4.7670160446E+00
           Vnuc =  3.9629354005E+01
           Ven = -1.6998294178E+01
           Vrep =  1.2222224273E+01
           DelSqV =  7.1878108540E+02
           DelSqVen =  7.5565506553E+02
           DelSqVrep = -3.6873980131E+01
           DelSqG =  7.0985922981E+01
           DelSqK = -7.8976700838E+02
           Stress_EigVals = -1.6425990766E+00 -1.6415150650E+00 -1.4919557632E+00
           Stress_EigVec1 =  1.6228578745E-01 -9.0213982143E-01  3.9975875947E-01
           Stress_EigVec2 =  9.4992668838E-01  3.3202172667E-02 -3.1070388222E-01
           Stress_EigVec3 =  2.6702548547E-01  4.3016433873E-01  8.6235493377E-01
           -DivStress = -2.0947372099E+00 -3.3766736648E+00 -6.7618578195E+00
           ESP =  -1.1063645374E+00     ESP at Nucleus =  -1.1087779800E+00
           ESPe = -1.1589250659E+01     ESPe at Nucleus = -1.1508818965E+01
           ESPn =  1.0482886122E+01     ESPn at Nucleus =  1.0400040985E+01

CP# 5      Coords = -4.06790945622236E+00  2.94475631153730E+00  4.67139775113814E-01
           Type = (3,-3) NACP C5
           Rho =  1.1768095559E+02     Rho at Nucleus =  1.1768095554E+02
           GradRho =  9.4304730691E-11  6.6815650235E-11  7.1007616453E-11
           HessRho_EigVals = -1.4500998291E+05 -1.4500896858E+05 -1.4500882205E+05
           HessRho_EigVec1 = -5.8424238395E-01 -1.1233012928E-01  8.0376786379E-01
           HessRho_EigVec2 =  5.1101589113E-01 -8.2031347381E-01  2.5680452429E-01
           HessRho_EigVec3 =  6.3049472307E-01  5.6077423865E-01  5.3666438064E-01
           DelSqRho = -4.3502777353E+05
           Bond Ellipticity = NA
           V = -1.0876717367E+05
           G =  5.1151434939E+00
           K =  1.0876205853E+05
           L =  1.0875694338E+05
           Vnuc =  7.2285287214E+06
           Ven = -8.5066016745E+08
           Vrep =  8.5055140027E+08
           DelSqV =  2.4953458867E+09
           DelSqVen =  3.1446106194E+12
           DelSqVrep = -3.1421152735E+12
           DelSqG =  1.3403717236E+08
           DelSqK = -2.6293830590E+09
           Stress_EigVals = -3.6255971483E+04 -3.6255874633E+04 -3.6255327554E+04
           Stress_EigVec1 =  5.7482742809E-01  6.2685984749E-01  5.2594691702E-01
           Stress_EigVec2 =  5.5131231150E-01 -7.7166017445E-01  3.1716763761E-01
           Stress_EigVec3 = -6.0467194668E-01 -1.0764435315E-01  7.8916698495E-01
           -DivStress = -2.0682971430E+02 -5.1472241208E+02 -3.8544441353E+02
           ESP =  -1.4745144308E+01     ESP at Nucleus =  -1.4745144318E+01
           ESPe = -2.4367643009E+01     ESPe at Nucleus = -2.4367643964E+01
           ESPn =  9.6224987017E+00     ESPn at Nucleus =  9.6224996465E+00

CP# 6      Coords = -4.39563641228219E+00  4.93569316548227E+00  4.65881334802300E-01
           Type = (3,-3) NACP H6
           Rho =  4.2557952444E-01     Rho at Nucleus =  4.2187866695E-01
           GradRho =  1.4815006505E-09 -8.9393680494E-09  1.0445615347E-11
           HessRho_EigVals = -6.4815281647E+00 -6.4754068037E+00 -5.8804561759E+00
           HessRho_EigVec1 =  7.4882318033E-01  1.2400691915E-01  6.5106537967E-01
           HessRho_EigVec2 = -6.4248985013E-01 -1.0532599545E-01  7.5902122972E-01
           HessRho_EigVec3 = -1.6269799349E-01  9.8667558938E-01 -8.0264001666E-04
           DelSqRho = -1.8837391144E+01
           Bond Ellipticity = NA
           V = -4.7186060362E+00
           G =  4.6291250864E-03
           K =  4.7139769112E+00
           L =  4.7093477861E+00
           Vnuc =  3.8492919449E+01
           Ven = -1.6381798353E+01
           Vrep =  1.1663192317E+01
           DelSqV =  7.0928370350E+02
           DelSqVen =  7.2510619468E+02
           DelSqVrep = -1.5822491173E+01
           DelSqG =  6.9822274074E+01
           DelSqK = -7.7910597758E+02
           Stress_EigVals = -1.6237121451E+00 -1.6232008524E+00 -1.4716930387E+00
           Stress_EigVec1 =  8.0603812361E-01  1.3181480658E-01  5.7699861356E-01
           Stress_EigVec2 = -5.6940127542E-01 -9.3325322942E-02  8.1674510812E-01
           Stress_EigVec3 = -1.6150768040E-01  9.8687144090E-01  1.6824920085E-04
           -DivStress = -1.2922690070E+00  7.8030822075E+00 -7.3524429327E-03
           ESP =  -1.1081260815E+00     ESP at Nucleus =  -1.1106006294E+00
           ESPe = -1.1039856099E+01     ESPe at Nucleus = -1.0961604781E+01
           ESPn =  9.9317300174E+00     ESPn at Nucleus =  9.8510041521E+00

CP# 7      Coords = -5.49361414675310E+00  1.37717235849930E+00 -9.17027600105506E-01
           Type = (3,-3) NACP C7
           Rho =  1.1765604743E+02     Rho at Nucleus =  1.1765604723E+02
           GradRho = -2.8323967477E-10 -8.6677823252E-10 -3.8005788100E-10
           HessRho_EigVals = -1.4497088590E+05 -1.4497000427E+05 -1.4496966112E+05
           HessRho_EigVec1 = -6.6984271296E-01 -3.0079855046E-02  7.4189348441E-01
           HessRho_EigVec2 =  2.9093190027E-01 -9.2991680515E-01  2.2497414274E-01
           HessRho_EigVec3 =  6.8313202919E-01  3.6653777134E-01  6.3164918498E-01
           DelSqRho = -4.3491055130E+05
           Bond Ellipticity = NA
           V = -1.0873785428E+05
           G =  5.1082296701E+00
           K =  1.0873274605E+05
           L =  1.0872763782E+05
           Vnuc =  3.6609940817E+06
           Ven = -4.3073809331E+08
           Vrep =  4.3062935546E+08
           DelSqV =  2.4946669141E+09
           DelSqVen =  1.5922049516E+12
           DelSqVrep = -1.5897103010E+12
           DelSqG =  1.3399242647E+08
           DelSqK = -2.6286593406E+09
           Stress_EigVals = -3.6246221217E+04 -3.6246056311E+04 -3.6245576756E+04
           Stress_EigVec1 =  6.5895066317E-01  4.3577095892E-01  6.1309680710E-01
           Stress_EigVec2 =  3.5975375238E-01 -8.9840142206E-01  2.5189704741E-01
           Stress_EigVec3 = -6.6057646125E-01 -5.4576150486E-02  7.4877245051E-01
           -DivStress =  3.4388316497E+02  1.1802015049E+03  5.0941127839E+02
           ESP =  -1.4734452497E+01     ESP at Nucleus =  -1.4734452517E+01
           ESPe = -2.5023027883E+01     ESPe at Nucleus = -2.5023028006E+01
           ESPn =  1.0288575386E+01     ESPn at Nucleus =  1.0288575489E+01

CP# 8      Coords = -6.93781456954739E+00  2.16686841512482E+00 -2.09911767607265E+00
           Type = (3,-3) NACP H8
           Rho =  4.2892158319E-01     Rho at Nucleus =  4.2532754510E-01
           GradRho =  2.4377201646E-15  2.3852447795E-16 -1.4224732503E-16
           HessRho_EigVals = -6.5571243703E+00 -6.5493350992E+00 -5.9597792512E+00
           HessRho_EigVec1 =  2.2389789044E-01  9.1132868927E-01  3.4547033848E-01
           HessRho_EigVec2 = -6.6579733394E-01 -1.1584231591E-01  7.3708511582E-01
           HessRho_EigVec3 =  7.1174689657E-01 -3.9504503282E-01  5.8082336150E-01
           DelSqRho = -1.9066238721E+01
           Bond Ellipticity = NA
           V = -4.7756461448E+00
           G =  4.5432322875E-03
           K =  4.7711029125E+00
           L =  4.7665596802E+00
           Vnuc =  3.9427564741E+01
           Ven = -1.6911333490E+01
           Vrep =  1.2135687345E+01
           DelSqV =  7.1872161703E+02
           DelSqVen =  7.5173536152E+02
           DelSqVrep = -3.3013744489E+01
           DelSqG =  7.0973698673E+01
           DelSqK = -7.8969531571E+02
           Stress_EigVals = -1.6423977964E+00 -1.6413588631E+00 -1.4918894853E+00
           Stress_EigVec1 =  2.8974590330E-01  9.1890629493E-01  2.6769111426E-01
           Stress_EigVec2 = -6.3959082059E-01 -2.2171888222E-02  7.6839572461E-01
           Stress_EigVec3 =  7.1201888580E-01 -3.9385229275E-01  5.8129981744E-01
           -DivStress = -5.5788042289E+00  3.0924667138E+00 -4.5555393327E+00
           ESP =  -1.1083289442E+00     ESP at Nucleus =  -1.1107400115E+00
           ESPe = -1.1374422928E+01     ESPe at Nucleus = -1.1292754455E+01
           ESPn =  1.0266093984E+01     ESPn at Nucleus =  1.0182014444E+01

CP# 9      Coords =  2.48811506946045E+00 -4.94773013517014E-01  4.16198480658664E-01
           Type = (3,-3) NACP C9
           Rho =  1.1766067461E+02     Rho at Nucleus =  1.1766067415E+02
           GradRho =  2.8230463800E-09  1.6147960052E-09 -1.2388831627E-09
           HessRho_EigVals = -1.4498111305E+05 -1.4498069331E+05 -1.4497962729E+05
           HessRho_EigVec1 = -5.0235679912E-01  8.6292117590E-01  5.4815057861E-02
           HessRho_EigVec2 =  8.6465975248E-01  5.0126700443E-01  3.3089314263E-02
           HessRho_EigVec3 = -1.0764901214E-03 -6.4019016360E-02  9.9794809821E-01
           DelSqRho = -4.3494143365E+05
           Bond Ellipticity = NA
           V = -1.0874568396E+05
           G =  5.1627737773E+00
           K =  1.0874052119E+05
           L =  1.0873535841E+05
           Vnuc =  2.3916549272E+06
           Ven = -2.8140373216E+08
           Vrep =  2.8129498648E+08
           DelSqV =  2.4948493969E+09
           DelSqVen =  1.0402298388E+12
           DelSqVrep = -1.0377349895E+12
           DelSqG =  1.3400678531E+08
           DelSqK = -2.6288561822E+09
           Stress_EigVals = -3.6248887088E+04 -3.6248588375E+04 -3.6248208498E+04
           Stress_EigVec1 =  5.5128668136E-01  2.6368048477E-01  7.9155264948E-01
           Stress_EigVec2 =  6.7540352466E-01  4.1594284382E-01 -6.0895125384E-01
           Stress_EigVec3 = -4.8980922187E-01  8.7032416525E-01  5.1213021213E-02
           -DivStress = -1.6530447510E+03 -9.5930414891E+02  7.2338299848E+02
           ESP =  -1.4736218315E+01     ESP at Nucleus =  -1.4736218334E+01
           ESPe = -2.5810780089E+01     ESPe at Nucleus = -2.5810777956E+01
           ESPn =  1.1074561774E+01     ESPn at Nucleus =  1.1074559622E+01

CP# 10     Coords =  8.19616388191834E-01 -1.39080810369754E+00 -2.47421365456466E-01
           Type = (3,-3) NACP H10
           Rho =  4.1238951787E-01     Rho at Nucleus =  4.0848524198E-01
           GradRho =  1.3940064381E-12  7.4624507962E-13  5.5216248240E-13
           HessRho_EigVals = -6.2982268071E+00 -6.2957113616E+00 -5.6798528161E+00
           HessRho_EigVec1 = -2.7227084683E-01 -1.8318564790E-01  9.4462246658E-01
           HessRho_EigVec2 = -4.8147944900E-01  8.7590607907E-01  3.1081840971E-02
           HessRho_EigVec3 =  8.3309430808E-01  4.4635362556E-01  3.2668381471E-01
           DelSqRho = -1.8273790985E+01
           Bond Ellipticity = NA
           V = -4.5778961120E+00
           G =  4.7241829214E-03
           K =  4.5731719291E+00
           L =  4.5684477462E+00
           Vnuc =  3.9452487107E+01
           Ven = -1.6269792137E+01
           Vrep =  1.1691896025E+01
           DelSqV =  6.8737547268E+02
           DelSqVen =  7.2094650323E+02
           DelSqVrep = -3.3571030551E+01
           DelSqG =  6.7837677696E+01
           DelSqK = -7.5521315037E+02
           Stress_EigVals = -1.5782668065E+00 -1.5775376605E+00 -1.4220916451E+00
           Stress_EigVec1 = -2.5385464739E-01 -2.2258775157E-01  9.4128237573E-01
           Stress_EigVec2 = -4.9300867351E-01  8.6703419617E-01  7.2070455194E-02
           Stress_EigVec3 =  8.3216600859E-01  4.4576495546E-01  3.2983835228E-01
           -DivStress = -6.6719398946E+00 -3.5674506461E+00 -2.6558788587E+00
           ESP =  -1.0773715222E+00     ESP at Nucleus =  -1.0800876190E+00
           ESPe = -1.3166485493E+01     ESPe at Nucleus = -1.3105490619E+01
           ESPn =  1.2089113971E+01     ESPn at Nucleus =  1.2025403000E+01

CP# 11     Coords =  3.91092414856607E+00  2.02111185664952E-01  2.28866812625131E+00
           Type = (3,-3) NACP C11
           Rho =  1.1764775299E+02     Rho at Nucleus =  1.1764775262E+02
           GradRho =  1.3676686450E-09  7.9817158438E-10 -1.9980153088E-09
           HessRho_EigVals = -1.4496415558E+05 -1.4496385369E+05 -1.4496270973E+05
           HessRho_EigVec1 = -4.9889691578E-01  8.6228348742E-01  8.7000314643E-02
           HessRho_EigVec2 = -5.8003557774E-02 -1.3338181940E-01  9.8936589669E-01
           HessRho_EigVec3 =  8.6471813599E-01  4.8854526666E-01  1.1655928840E-01
           DelSqRho = -4.3489071900E+05
           Bond Ellipticity = NA
           V = -1.0873301194E+05
           G =  5.1660949100E+00
           K =  1.0872784584E+05
           L =  1.0872267975E+05
           Vnuc =  2.6433982082E+06
           Ven = -3.1098985946E+08
           Vrep =  3.1088112645E+08
           DelSqV =  2.4945588010E+09
           DelSqVen =  1.1495893565E+12
           DelSqVrep = -1.1470947977E+12
           DelSqG =  1.3399023682E+08
           DelSqK = -2.6285490378E+09
           Stress_EigVals = -3.6244653018E+04 -3.6244362237E+04 -3.6243996684E+04
           Stress_EigVec1 =  6.3264497265E-01  3.1668735148E-01  7.0673153318E-01
           Stress_EigVec2 =  5.9666157816E-01  3.8245774886E-01 -7.0549346665E-01
           Stress_EigVec3 = -4.9371580867E-01  8.6800644684E-01  5.3004797146E-02
           -DivStress = -9.7507759383E+02 -5.7452547360E+02  1.4624614298E+03
           ESP =  -1.4734552543E+01     ESP at Nucleus =  -1.4734552559E+01
           ESPe = -2.5159707108E+01     ESPe at Nucleus = -2.5159704886E+01
           ESPn =  1.0425154565E+01     ESPn at Nucleus =  1.0425152327E+01

CP# 12     Coords =  4.25202551769177E+00  2.78171391333281E-01  4.26468032197095E+00
           Type = (3,-3) NACP H12
           Rho =  4.1539836840E-01     Rho at Nucleus =  4.1159811777E-01
           GradRho =  4.7531423242E-16 -4.4235448637E-17  9.8705765783E-16
           HessRho_EigVals = -6.3506614181E+00 -6.3480160246E+00 -5.7401948959E+00
           HessRho_EigVec1 =  8.6416516032E-01  4.7585254640E-01 -1.6365491062E-01
           HessRho_EigVec2 = -4.7477983757E-01  8.7878515248E-01  4.8174283718E-02
           HessRho_EigVec3 =  1.6674136117E-01  3.6069514270E-02  9.8534070687E-01
           DelSqRho = -1.8438872339E+01
           Bond Ellipticity = NA
           V = -4.6191056297E+00
           G =  4.6937725085E-03
           K =  4.6144118572E+00
           L =  4.6097180847E+00
           Vnuc =  3.8141265858E+01
           Ven = -1.5843819606E+01
           Vrep =  1.1224713976E+01
           DelSqV =  6.9419242614E+02
           DelSqVen =  7.0328193199E+02
           DelSqVrep = -9.0895058486E+00
           DelSqG =  6.8558199320E+01
           DelSqK = -7.6275062546E+02
           Stress_EigVals = -1.5914175530E+00 -1.5907048540E+00 -1.4369832226E+00
           Stress_EigVec1 =  8.4322928078E-01  5.1171252472E-01 -1.6466533357E-01
           Stress_EigVec2 = -5.1015176035E-01  8.5832934887E-01  5.4917303995E-02
           Stress_EigVec3 =  1.6943896082E-01  3.7696431041E-02  9.8481948480E-01
           -DivStress =  1.3575328522E+00  3.0750261303E-01  7.8203118770E+00
           ESP =  -1.0744047622E+00     ESP at Nucleus =  -1.0770475639E+00
           ESPe = -1.1348291829E+01     ESPe at Nucleus = -1.1265076429E+01
           ESPn =  1.0273887066E+01     ESPn at Nucleus =  1.0188028865E+01

CP# 13     Coords =  4.89209143620375E+00  8.64197689602953E-01 -3.04610772189492E-01
           Type = (3,-3) NACP C13
           Rho =  1.1744087214E+02     Rho at Nucleus =  1.1744087067E+02
           GradRho =  3.0420582720E-11  4.3324233090E-12  3.9251935036E-12
           HessRho_EigVals = -1.4469429768E+05 -1.4469345028E+05 -1.4469298722E+05
           HessRho_EigVec1 =  7.0307601955E-01  2.9327368577E-01 -6.4782301284E-01
           HessRho_EigVec2 = -4.0597839493E-01  9.1348180861E-01 -2.7065258080E-02
           HessRho_EigVec3 =  5.8383700943E-01  2.8203108087E-01  7.6130993416E-01
           DelSqRho = -4.3408073518E+05
           Bond Ellipticity = NA
           V = -1.0853039201E+05
           G =  5.1041066091E+00
           K =  1.0852528790E+05
           L =  1.0852018379E+05
           Vnuc =  1.3291595937E+06
           Ven = -1.5609766190E+08
           Vrep =  1.5598913151E+08
           DelSqV =  2.4899151772E+09
           DelSqVen =  5.7696256794E+11
           DelSqVrep = -5.7447265276E+11
           DelSqG =  1.3372527876E+08
           DelSqK = -2.6236404559E+09
           Stress_EigVals = -3.6176900917E+04 -3.6176820460E+04 -3.6176670630E+04
           Stress_EigVec1 = -3.4801655712E-01  9.3352219658E-01 -8.6143975246E-02
           Stress_EigVec2 =  5.8433505930E-01  2.8785545969E-01  7.5874354877E-01
           Stress_EigVec3 =  7.3310095788E-01  2.1371837270E-01 -6.4566821413E-01
           -DivStress =  1.9808005404E+03  2.0464389989E+03 -2.3016094994E+03
           ESP =  -1.4722007150E+01     ESP at Nucleus =  -1.4722007228E+01
           ESPe = -2.5640050791E+01     ESPe at Nucleus = -2.5640046260E+01
           ESPn =  1.0918043641E+01     ESPn at Nucleus =  1.0918039031E+01

CP# 14     Coords = -2.52796556875135E+00  2.27971605859541E+00  1.59091846096355E+00
           Type = (3,-3) NACP H14
           Rho =  4.2393890291E-01     Rho at Nucleus =  4.2019461115E-01
           GradRho = -2.9334173979E-15 -2.7365262834E-16 -2.0721271921E-15
           HessRho_EigVals = -6.4535370736E+00 -6.4472042215E+00 -5.8500820708E+00
           HessRho_EigVec1 =  1.7112946216E-01  9.3201530112E-01  3.1947172906E-01
           HessRho_EigVec2 = -6.2265318331E-01 -1.4898744510E-01  7.6818341203E-01
           HessRho_EigVec3 =  7.6355597077E-01 -3.3037890321E-01  5.5482615278E-01
           DelSqRho = -1.8750823366E+01
           Bond Ellipticity = NA
           V = -4.6970711715E+00
           G =  4.6826650049E-03
           K =  4.6923885065E+00
           L =  4.6877058415E+00
           Vnuc =  3.9935594469E+01
           Ven = -1.6930252106E+01
           Vrep =  1.2233180935E+01
           DelSqV =  7.0576187701E+02
           DelSqVen =  7.4882527791E+02
           DelSqVrep = -4.3063400896E+01
           DelSqG =  6.9456644468E+01
           DelSqK = -7.7521852148E+02
           Stress_EigVals = -1.6166835551E+00 -1.6161245006E+00 -1.4642631158E+00
           Stress_EigVec1 =  2.1820763547E-01  9.4138260219E-01  2.5726294743E-01
           Stress_EigVec2 = -6.0663830565E-01 -7.5651621892E-02  7.9137020302E-01
           Stress_EigVec3 =  7.6444450024E-01 -3.2874857931E-01  5.5457098523E-01
           -DivStress =  6.0659067957E+00 -2.6195002517E+00  4.4003108694E+00
           ESP =  -1.1093564705E+00     ESP at Nucleus =  -1.1118376919E+00
           ESPe = -1.2717045392E+01     ESPe at Nucleus = -1.2664182874E+01
           ESPn =  1.1607688921E+01     ESPn at Nucleus =  1.1552345182E+01

CP# 15     Coords = -3.98932513219116E+00 -2.13314396466777E+00  2.68700458249181E+00
           Type = (3,-3) NACP H15
           Rho =  4.2433711008E-01     Rho at Nucleus =  4.2062825815E-01
           GradRho = -5.7061794526E-11 -9.3666419239E-11 -2.2739953540E-10
           HessRho_EigVals = -6.4589804313E+00 -6.4526049581E+00 -5.8584383813E+00
           HessRho_EigVec1 =  2.4980242591E-01 -9.1589809152E-01  3.1421240261E-01
           HessRho_EigVec2 =  9.4141904175E-01  1.5380033559E-01 -3.0012604784E-01
           HessRho_EigVec3 =  2.2655890147E-01  3.7077775380E-01  9.0066360060E-01
           DelSqRho = -1.8770023771E+01
           Bond Ellipticity = NA
           V = -4.7018277560E+00
           G =  4.6609066813E-03
           K =  4.6971668494E+00
           L =  4.6925059427E+00
           Vnuc =  3.9436852777E+01
           Ven = -1.6734520138E+01
           Vrep =  1.2032692382E+01
           DelSqV =  7.0663320812E+02
           DelSqVen =  7.4023066447E+02
           DelSqVrep = -3.3597456350E+01
           DelSqG =  6.9530392442E+01
           DelSqK = -7.7616360056E+02
           Stress_EigVals = -1.6180438067E+00 -1.6174941920E+00 -1.4662897574E+00
           Stress_EigVec1 =  1.6909958903E-01 -9.2618643662E-01  3.3702227465E-01
           Stress_EigVec2 =  9.5938045137E-01  7.6332480442E-02 -2.7159252926E-01
           Stress_EigVec3 =  2.2581957070E-01  3.6925876706E-01  9.0147295269E-01
           -DivStress =  1.7855698774E+00  2.9307050956E+00  7.1199346378E+00
           ESP =  -1.1065059886E+00     ESP at Nucleus =  -1.1089729042E+00
           ESPe = -1.2064233727E+01     ESPe at Nucleus = -1.1998695602E+01
           ESPn =  1.0957727739E+01     ESPn at Nucleus =  1.0889722698E+01

CP# 16     Coords =  4.74209392550946E+00  2.80550305305924E+00 -9.14460424704042E-01
           Type = (3,-3) NACP H16
           Rho =  4.3261237273E-01     Rho at Nucleus =  4.2924518732E-01
           GradRho =  6.4772614355E-12 -9.0361069321E-11  2.8804736374E-11
           HessRho_EigVals = -6.6078462226E+00 -6.5987647515E+00 -6.0294907053E+00
           HessRho_EigVec1 =  8.0933400087E-01 -1.2486241831E-01 -5.7392321048E-01
           HessRho_EigVec2 =  5.8338150762E-01  2.8426993798E-01  7.6082627382E-01
           HessRho_EigVec3 = -6.8150506982E-02  9.5057875994E-01 -3.0291175207E-01
           DelSqRho = -1.9236101679E+01
