AIMSum (Version 19.02.13, Professional)
Copyright (c) 1997-2019 by Todd A. Keith
AIMSum is a component of the AIMAll package ( http://aim.tkgristmill.com )

TP:  64-bit Linux

Much of the Quantum Theory of Atoms in Molecules (QTAIM) is described in the book:
  "Atoms in Molecules - A Quantum Theory"
  R.F.W. Bader, Oxford University Press, Oxford, 1990

For additional references see:  http://aim.tkgristmill.com/references.html

Wfn File:  /home/mhennefarth/Documents/ML_Diels/summary-levandowski2016/12-opt/12-opt.wfn
Sum File:  /home/mhennefarth/Documents/ML_Diels/summary-levandowski2016/12-opt/12-opt.sum

SumViz File:  /home/mhennefarth/Documents/ML_Diels/summary-levandowski2016/12-opt/12-opt.sumviz

Wfn Title:   Title Card Required                                                           
 
Total memory allocated for AIMSum =        0.946 Megabytes

Atomic units (a.u.) used throughout, except where stated otherwise

Model:  Restricted SCF
 
Restricted, closed-shell, single-determinant wavefunction.
  Number of electrons (from MO Occs)                   =          60.0000000000
  Number of Alpha electrons (from MO Occs)             =          30.0000000000
  Number of Beta electrons (from MO Occs)              =          30.0000000000
  Number of electron pairs (N*(N-1)/2)                 =        1770.0000000000
  Number of electron pairs (from Muller 2EDM)          =        1770.0000000000
 
Nuclear Charges and Cartesian Coordinates:
-------------------------------------------------------------------------------
Atom      Charge                X                  Y                  Z
-------------------------------------------------------------------------------
C1         6.0          -4.6107283500E+00   2.7755245500E+00  -6.6041370000E-02
H2         1.0          -4.8533293000E+00   4.6240815600E+00   7.9322741000E-01
C3         6.0          -5.2816825200E+00   6.5568619000E-01   1.1470387200E+00
H4         1.0          -6.1564659000E+00   8.2191415000E-01   3.0059497700E+00
C5         6.0          -3.1881106500E+00  -2.7427615800E+00  -1.3866202400E+00
H6         1.0          -3.1386535000E+00  -4.6854810100E+00  -2.0480951700E+00
C7         6.0          -5.0086615200E+00  -1.9324511200E+00   1.7387115000E-01
H8         1.0          -6.4125313600E+00  -3.2860028500E+00   8.4035277000E-01
C9         6.0           2.5872865800E+00   1.6841278600E+00   2.7321182000E-01
H10        1.0           7.6544603000E-01   2.0274711600E+00   1.1321309900E+00
C11        6.0           4.0497629400E+00   1.7983438600E+00  -1.6927915700E+00
H12        1.0           4.3306827400E+00   2.3168050800E+00  -3.6483714600E+00
C13        6.0           5.2136340000E+00   6.2586063000E-01   6.3035698000E-01
H14        1.0          -1.6708607300E+00  -1.5117220000E+00  -2.0211987500E+00
H15        1.0          -3.8355954400E+00   2.7337549800E+00  -1.9681950200E+00
C16        6.0           5.7146813000E+00  -2.1987358100E+00   8.3996569000E-01
H17        1.0           4.3184673700E+00  -3.2804661700E+00  -2.4187499000E-01
H18        1.0           7.5997806500E+00  -2.6836553900E+00   1.2016342000E-01
H19        1.0           5.6232561000E+00  -2.8323462400E+00   2.8137156500E+00
H20        1.0           6.5727126400E+00   1.7620792600E+00   1.7082483300E+00
 
Some Atomic Properties:
----------------------
  q(A) = Net Charge of Atom A
  L(A) = Lagrangian of Atom A = -(1/4) Times Atomic Integral of the Laplacian of the Electron Density
  K(A) = Electronic Kinetic Energy of Atom A (Hamiltonian Form)
  K_Scaled(A) = K(A) * E(Mol)/K(Mol) = Approximation to Virial-Based Total Energy of Atom A.
  |Mu_Intra(A)| = Magnitude of Intraatomic Dipole Moment of Atom A
--------------------------------------------------------------------------------------------------
Atom A          q(A)              L(A)              K(A)          K_Scaled(A)      |Mu_Intra(A)|
--------------------------------------------------------------------------------------------------
C1       -9.4891436100E-02 -2.5910003841E-05  3.7706365299E+01 -3.8095279308E+01  1.1559630656E-01
H2        4.3249415720E-02  2.1462138395E-05  5.9435564763E-01 -6.0048599820E-01  1.4782763532E-01
C3       -3.2762369500E-02 -2.0167721121E-04  3.7701929102E+01 -3.8090797355E+01  7.2350256260E-02
H4        3.3775078030E-02  2.4949691643E-05  6.0209906106E-01 -6.0830927936E-01  1.5128707280E-01
C5       -8.6946558600E-02  5.8045806092E-06  3.7705153913E+01 -3.8094055428E+01  1.1663705186E-01
H6        4.2533627860E-02  2.4840039765E-05  5.9482111789E-01 -6.0095626945E-01  1.4796089668E-01
C7       -3.1094096700E-02 -1.1974442951E-04  3.7701475269E+01 -3.8090338841E+01  7.6437762437E-02
H8        3.3028408250E-02  1.9521018161E-05  6.0234294057E-01 -6.0855567431E-01  1.5140497839E-01
C9       -1.5478288610E-01  3.3064949288E-05  3.7768154374E+01 -3.8157705694E+01  2.6114372643E-01
H10       1.1876438241E-01  1.5634985857E-05  5.5657456075E-01 -5.6231522661E-01  1.4014047542E-01
C11      -1.5921810100E-01  1.7871793709E-05  3.7768920451E+01 -3.8158479671E+01  2.3754125392E-01
H12       1.0142060898E-01  1.8788933351E-05  5.6396347592E-01 -5.6978035312E-01  1.4774742082E-01
C13       1.0185065990E-01 -8.9548201506E-05  3.7557390610E+01 -3.7944768053E+01  2.6402789191E-01
H14       4.9566728360E-02  1.2042961875E-05  5.9082720920E-01 -5.9692116646E-01  1.4443765177E-01
H15       4.5577255830E-02  2.1901367707E-05  5.9268889848E-01 -5.9880205773E-01  1.4753511061E-01
C16      -2.3734788700E-02 -4.1326389650E-05  3.7690410810E+01 -3.8079160261E+01  4.8628909410E-02
H17       7.0653039900E-03  2.8380337431E-05  6.0714076660E-01 -6.1340298647E-01  1.5754442201E-01
H18       3.3523391600E-03  2.9728638460E-05  6.0814188538E-01 -6.1441443106E-01  1.5724834164E-01
H19       4.8429859400E-03  2.4289331403E-05  6.0763754831E-01 -6.1390489212E-01  1.5678956642E-01
H20      -1.6240631000E-03  3.5341965768E-05  6.1964543043E-01 -6.2603662690E-01  1.6179996847E-01
--------------------------------------------------------------------------------------------------
Total    -2.7505370000E-05 -1.4458350229E-04  3.0874003837E+02 -3.1192446957E+02
 
1st Largest |L(A)| = 2.0167721121E-04, atom C3      
2nd Largest |L(A)| = 1.1974442951E-04, atom C7      
 
Molecular charge q(Mol) from the wfn file:   0.0000000000E+00
Molecular energy E(Mol) from the wfn file:  -3.1192458898E+02
Molecular virial ratio (-V(Mol)/T(Mol)) from the wfn file:   2.0103142800E+00
Note.  K_Scaled(A) = (1+V(Mol)/T(Mol))*K(A) = (E(Mol)/T(Mol))*K(A)
       Only use K_Scaled(A) data with caution.
 
N_AIMInt(SumA)     =         60.000028
N_Analytic(Mol)    =         59.999990
 
G_AIMInt(SumA)     =        308.740183
G_Analytic(Mol)    =        308.740133
 
K_AIMInt(SumA)     =        308.740038
K_Analytic(Mol)    =        308.740133
 
L_AIMInt(SumA)     =         -0.000145
L_Analytic(Mol)    =          0.000000
 
VenT_AIMInt(SumA)  =      -1339.664561
VenT_Analytic(Mol) =      -1339.664515
 
Some Information About the Atomic Calculations:
----------------------------------------------
  Time(sec) = "Elapsed User Time", in Seconds, for Atom A by AIMInt and, if used, by TWOe
  NProc = Number of Processors Used for AIMInt Job
  BIM = Basin Integration Method
  OAQ = Angular Quadrature Outside of Beta Sphere
  ORQ = Multiple of Default for Radial Quadrature Outside of Beta Sphere
  IAQ = Multiple of Default for Angular Quadrature Inside of Beta Sphere
  IRQ = Multiple of Default for Radial Quadrature Inside of Beta Sphere
  MIR = Maximum Integration Radius
------------------------------------------------------------------------------------------------------
Atom A     Time(sec)   NProc      BIM          OAQ                     ORQ      IAQ      IRQ      MIR
------------------------------------------------------------------------------------------------------
C1             26        8     Proaim(5)    4500(GS4)                  1.00     1.00     1.00    13.00
H2              5        8     Proaim(5)    1800(GS4)                  1.00     1.00     1.00    13.00
C3             21        8     Proaim(5)    4500(GS4)                  1.00     1.00     1.00    13.00
H4              5        8     Proaim(5)    1800(GS4)                  1.00     1.00     1.00    13.00
C5             23        8     Proaim(5)    4500(GS4)                  1.00     1.00     1.00    13.00
H6              5        8     Proaim(5)    1800(GS4)                  1.00     1.00     1.00    13.00
C7             21        8     Proaim(5)    4500(GS4)                  1.00     1.00     1.00    13.00
H8              4        8     Proaim(5)    1800(GS4)                  1.00     1.00     1.00    13.00
C9             29        8     Proaim(5)    4500(GS4)                  1.00     1.00     1.00    13.00
H10            12        8     Proaim(5)    4500(GS4)                  1.00     1.00     1.00    13.00
C11            17        8     Proaim(5)    4500(GS4)                  1.00     1.00     1.00    13.00
H12             5        8     Proaim(5)    1800(GS4)                  1.00     1.00     1.00    13.00
C13            27        8     Proaim(5)    4500(GS4)                  1.00     1.00     1.00    13.00
H14            21        8     Proaim(5)    4500(GS4)                  1.00     1.00     1.00    13.00
H15             6        8     Proaim(5)    1800(GS4)                  1.00     1.00     1.00    13.00
C16            25        8     Proaim(5)    4500(GS4)                  1.00     1.00     1.00    13.00
H17             8        8     Proaim(5)    1800(GS4)                  1.00     1.00     1.00    13.00
H18             9        8     Proaim(5)    1800(GS4)                  1.00     1.00     1.00    13.00
H19             5        8     Proaim(5)    1800(GS4)                  1.00     1.00     1.00    13.00
H20             4        8     Proaim(5)    1800(GS4)                  1.00     1.00     1.00    13.00
------------------------------------------------------------------------------------------------------
Total         278
Note:  Total wall clock time is less than total of atomic times if more than one atom
       was calculated at a time
 
Electron Density Critical Point Analysis of Molecular Structure:               
---------------------------------------------------------------                
  NACP = Nuclear Attractor Critical Point                                      
  NNACP = Non-Nuclear Attractor Critical Point                                 
  BCP = Bond Critical Point                                                    
  RCP = Ring Critical Point                                                    
  CCP = Cage Critical Point                                                    
  Rho = Electron Density                                                       
  GradRho = Gradient of Electron Density                                       
  HessRho_EigVals = Eigenvalues of the Hessian of Rho, Ascending Order         
  HessRho_EigVecs = Eigenvectors of the Hessian of Rho                         
  DelSqRho = Laplacian of Rho = Trace of Hessian of Rho                        
  Bond Ellipticity = (HessRho_EigVal(1) / HessRho_EigVal(2)) - 1               
  V = Virial Field = Potential Energy Density = Trace of Stress Tensor         
  G = Lagrangian Form of Kinetic Energy Density                                
  K = Hamiltonian Form of Kinetic Energy Density                               
  L = K - G = Lagrangian Density = (-1/4)DelSqRho                              
  Vnuc = Electrostatic Potential from Nuclei                                   
  Ven = Electron-nuclear attractive contribution to Virial Field V             
  Vrep = V - Ven = Repulsive contribution to Virial Field V                    
  DelSqV = Laplacian of V                                                      
  DelSqVen = Laplacian of Ven                                                  
  DelSqVrep = Laplacian of Vrep                                                
  DelSqG = Laplacian of G                                                      
  DelSqK = Laplacian of K                                                      
  Stress_EigVals = Eigenvalues of Stress Tensor, Ascending Order               
  Stress_EigVecs = Eigenvectors of Stress Tensor                               
  -DivStress = Ehrenfest Force Density = Minus Divergence of Stress Tensor     
  ESP = Total Electrostatic Potential                                          
  ESPe = Electrostatic Potential from Electrons                                
  ESPn = Electrostatic Potential from Nuclei                                   
  BP = Bond Path                                                               
  BPL = Bond Path Length                                                       
  GBL = Geometric Bond Length                                                  
  GBL_I = Distance Between Nuclear Attractors                                  
  GBL_II = Distance Between Nuclei                                             
  GBL_III = Sum of Distances Between BCP and Nuclear Attractors                
  GBL_IV = Sum of Distances Between BCP and Nuclei                             

CP# 1      Coords = -4.61072786361277E+00  2.77552531544910E+00 -6.60415354048615E-02
           Type = (3,-3) NACP C1
           Rho =  1.1768408502E+02     Rho at Nucleus =  1.1768408496E+02
           GradRho =  1.3797654685E-10  1.3723905345E-10 -3.1943059309E-11
           HessRho_EigVals = -1.4501569782E+05 -1.4501476117E+05 -1.4501461383E+05
           HessRho_EigVec1 =  9.3834400515E-01 -6.3852396479E-02  3.3975491087E-01
           HessRho_EigVec2 = -2.4811262231E-01  5.5997751245E-01  7.9048422641E-01
           HessRho_EigVec3 =  2.4072942207E-01  8.2604361689E-01 -5.0960895630E-01
           DelSqRho = -4.3504507282E+05
           Bond Ellipticity = NA
           V = -1.0877151169E+05
           G =  5.1217398384E+00
           K =  1.0876638995E+05
           L =  1.0876126821E+05
           Vnuc =  6.5085220292E+06
           Ven = -7.6594945986E+08
           Vrep =  7.6584068835E+08
           DelSqV =  2.4954469725E+09
           DelSqVen =  2.8315009679E+12
           DelSqVrep = -2.8290055210E+12
           DelSqG =  1.3404432968E+08
           DelSqK = -2.6294913022E+09
           Stress_EigVals = -3.6257411474E+04 -3.6257313298E+04 -3.6256786913E+04
           Stress_EigVec1 =  2.3673109882E-01  8.5609284957E-01 -4.5941639040E-01
           Stress_EigVec2 = -2.8430021964E-01  5.1319808225E-01  8.0981548114E-01
           Stress_EigVec3 =  9.2904885338E-01 -6.1096327992E-02  3.6487733109E-01
           -DivStress = -3.9408896058E+02 -6.2339868507E+02  1.3488618997E+02
           ESP =  -1.4743281851E+01     ESP at Nucleus =  -1.4743281862E+01
           ESPe = -2.4335878651E+01     ESPe at Nucleus = -2.4335879534E+01
           ESPn =  9.5925968000E+00     ESPn at Nucleus =  9.5925976718E+00

CP# 2      Coords = -4.84918160656746E+00  4.59257514110165E+00  7.78537004925918E-01
           Type = (3,-3) NACP H2
           Rho =  4.2538946498E-01     Rho at Nucleus =  4.2169109236E-01
           GradRho =  2.1964663812E-11 -1.6671970748E-10 -7.7741568391E-11
           HessRho_EigVals = -6.4781584868E+00 -6.4719269998E+00 -5.8775567675E+00
           HessRho_EigVec1 =  3.9474304788E-01  4.2971638497E-01 -8.1210944745E-01
           HessRho_EigVec2 =  9.1113250562E-01 -6.9191542776E-02  4.0626356915E-01
           HessRho_EigVec3 = -1.1838700671E-01  9.0030903522E-01  4.1884144703E-01
           DelSqRho = -1.8827642254E+01
           Bond Ellipticity = NA
           V = -4.7161695367E+00
           G =  4.6294865786E-03
           K =  4.7115400501E+00
           L =  4.7069105635E+00
           Vnuc =  3.8570269362E+01
           Ven = -1.6407386248E+01
           Vrep =  1.1691216712E+01
           DelSqV =  7.0891626929E+02
           DelSqVen =  7.2618723350E+02
           DelSqVrep = -1.7270964208E+01
           DelSqG =  6.9781872504E+01
           DelSqK = -7.7869814179E+02
           Stress_EigVals = -1.6228511329E+00 -1.6223451170E+00 -1.4709732867E+00
           Stress_EigVec1 = -2.9850761428E-01 -4.3318462376E-01  8.5043770257E-01
           Stress_EigVec2 =  9.4709679742E-01 -2.4371488405E-02  3.2002138503E-01
           Stress_EigVec3 = -1.1790191066E-01  9.0097564467E-01  4.1754284471E-01
           -DivStress = -9.3577273527E-01  7.1141804353E+00  3.3158244694E+00
           ESP =  -1.1054024350E+00     ESP at Nucleus =  -1.1078767393E+00
           ESPe = -1.1112004422E+01     ESPe at Nucleus = -1.1034873665E+01
           ESPn =  1.0006601987E+01     ESPn at Nucleus =  9.9269969257E+00

CP# 3      Coords = -5.28168272017195E+00  6.55684739896275E-01  1.14703890889401E+00
           Type = (3,-3) NACP C3
           Rho =  1.1766334131E+02     Rho at Nucleus =  1.1766334115E+02
           GradRho = -7.4389321959E-11 -7.0690217568E-10  1.0394274330E-10
           HessRho_EigVals = -1.4498052472E+05 -1.4497953240E+05 -1.4497922450E+05
           HessRho_EigVec1 =  8.9384264137E-01 -1.1520834838E-02  4.4823275519E-01
           HessRho_EigVec2 = -2.8635697922E-01  7.5457832335E-01  5.9043309052E-01
           HessRho_EigVec3 = -3.4502900300E-01 -6.5610885095E-01  6.7117521021E-01
           DelSqRho = -4.3493928162E+05
           Bond Ellipticity = NA
           V = -1.0874502338E+05
           G =  5.1014873463E+00
           K =  1.0873992189E+05
           L =  1.0873482041E+05
           Vnuc =  4.0650747950E+06
           Ven = -4.7831028305E+08
           Vrep =  4.7820153803E+08
           DelSqV =  2.4948314588E+09
           DelSqVen =  1.7680609116E+12
           DelSqVrep = -1.7655660802E+12
           DelSqG =  1.3400182229E+08
           DelSqK = -2.6288332811E+09
           Stress_EigVals = -3.6248613174E+04 -3.6248458829E+04 -3.6247951377E+04
           Stress_EigVec1 =  3.2504827557E-01  7.1146860095E-01 -6.2302170782E-01
           Stress_EigVec2 = -2.9187338299E-01  7.0210776725E-01  6.4950335755E-01
           Stress_EigVec3 =  8.9952962533E-01 -2.9276492810E-02  4.3587766646E-01
           -DivStress =  1.6174156624E+02  1.1781101812E+03 -1.4954211348E+02
           ESP =  -1.4732155003E+01     ESP at Nucleus =  -1.4732155020E+01
           ESPe = -2.5153668348E+01     ESPe at Nucleus = -2.5153668502E+01
           ESPn =  1.0421513345E+01     ESPn at Nucleus =  1.0421513483E+01

CP# 4      Coords = -6.14193808952862E+00  8.19002359566082E-01  2.97501372237647E+00
           Type = (3,-3) NACP H4
           Rho =  4.2894130918E-01     Rho at Nucleus =  4.2534491528E-01
           GradRho =  1.1407024630E-11 -2.2968354649E-12 -2.4293719814E-11
           HessRho_EigVals = -6.5580564641E+00 -6.5503988915E+00 -5.9603184128E+00
           HessRho_EigVec1 =  1.1867114219E-01  9.9218173188E-01 -3.8633805481E-02
           HessRho_EigVec2 =  8.9820376050E-01 -9.0682518113E-02  4.3012403505E-01
           HessRho_EigVec3 = -4.2325779926E-01  8.5744339888E-02  9.0194276068E-01
           DelSqRho = -1.9068773768E+01
           Bond Ellipticity = NA
           V = -4.7762545982E+00
           G =  4.5305780572E-03
           K =  4.7717240202E+00
           L =  4.7671934421E+00
           Vnuc =  3.9645546864E+01
           Ven = -1.7005612775E+01
           Vrep =  1.2229358177E+01
           DelSqV =  7.1881596254E+02
           DelSqVen =  7.5599196413E+02
           DelSqVrep = -3.7176001593E+01
           DelSqG =  7.0989653596E+01
           DelSqK = -7.8980561613E+02
           Stress_EigVals = -1.6426473892E+00 -1.6415667479E+00 -1.4920404611E+00
           Stress_EigVec1 =  2.8152061957E-02  9.9639534110E-01 -8.0023656722E-02
           Stress_EigVec2 =  9.0549840807E-01  8.4901709463E-03  4.2426471687E-01
           Stress_EigVec3 = -4.2341480181E-01  8.4405220365E-02  9.0199537936E-01
           -DivStress = -3.3210269079E+00  6.6507418042E-01  7.0722098819E+00
           ESP =  -1.1066926723E+00     ESP at Nucleus =  -1.1091051206E+00
           ESPe = -1.1598771776E+01     ESPe at Nucleus = -1.1517839477E+01
           ESPn =  1.0492079104E+01     ESPn at Nucleus =  1.0408734356E+01

CP# 5      Coords = -3.18811025041166E+00 -2.74276199854251E+00 -1.38662083292215E+00
           Type = (3,-3) NACP C5
           Rho =  1.1768158295E+02     Rho at Nucleus =  1.1768158290E+02
           GradRho =  7.9309614431E-11 -4.3272337102E-11 -8.2807039004E-11
           HessRho_EigVals = -1.4501096801E+05 -1.4500995149E+05 -1.4500980603E+05
           HessRho_EigVec1 =  5.1500905358E-01 -2.7949266582E-01  8.1033914165E-01
           HessRho_EigVec2 = -3.5632908588E-01 -9.2960354381E-01 -9.4163867212E-02
           HessRho_EigVec3 =  7.7961224803E-01 -2.4025216146E-01 -5.7834560742E-01
           DelSqRho = -4.3503072552E+05
           Bond Ellipticity = NA
           V = -1.0876791137E+05
           G =  5.1149949023E+00
           K =  1.0876279638E+05
           L =  1.0875768138E+05
           Vnuc =  7.2420499018E+06
           Ven = -8.5225589624E+08
           Vrep =  8.5214712833E+08
           DelSqV =  2.4953629787E+09
           DelSqVen =  3.1505139630E+12
           DelSqVrep = -3.1480186000E+12
           DelSqG =  1.3403829044E+08
           DelSqK = -2.6294012691E+09
           Stress_EigVals = -3.6256217133E+04 -3.6256121047E+04 -3.6255573191E+04
           Stress_EigVec1 = -7.3344438036E-01  3.2391856790E-01  5.9760865312E-01
           Stress_EigVec2 =  4.1963534414E-01  9.0739658033E-01  2.3186719383E-02
           Stress_EigVec3 =  5.3475743928E-01 -2.6778388185E-01  8.0145260231E-01
           -DivStress = -3.2539639166E+02  3.4166844105E+02  4.8157246121E+02
           ESP =  -1.4745522169E+01     ESP at Nucleus =  -1.4745522179E+01
           ESPe = -2.4578494524E+01     ESPe at Nucleus = -2.4578495450E+01
           ESPn =  9.8329723546E+00     ESPn at Nucleus =  9.8329732707E+00

CP# 6      Coords = -3.13945633540366E+00 -4.65236066773786E+00 -2.03682837059033E+00
           Type = (3,-3) NACP H6
           Rho =  4.2560559989E-01     Rho at Nucleus =  4.2190831474E-01
           GradRho = -5.8613137781E-11  2.4193355373E-09  8.2273922343E-10
           HessRho_EigVals = -6.4820891858E+00 -6.4759742857E+00 -5.8813650619E+00
           HessRho_EigVec1 =  8.1837508797E-01  2.0348798916E-01 -5.3745218733E-01
           HessRho_EigVec2 =  5.7419246707E-01 -2.5083806731E-01  7.7934798053E-01
           HessRho_EigVec3 = -2.3774485472E-02  9.4639996949E-01  3.2212089592E-01
           DelSqRho = -1.8839428533E+01
           Bond Ellipticity = NA
           V = -4.7191255890E+00
           G =  4.6342278459E-03
           K =  4.7144913612E+00
           L =  4.7098571333E+00
           Vnuc =  3.8734652878E+01
           Ven = -1.6485685175E+01
           Vrep =  1.1766559585E+01
           DelSqV =  7.0937950757E+02
           DelSqVen =  7.2973872881E+02
           DelSqVrep = -2.0359221240E+01
           DelSqG =  6.9833153351E+01
           DelSqK = -7.7921266092E+02
           Stress_EigVals = -1.6238574055E+00 -1.6233451782E+00 -1.4719230054E+00
           Stress_EigVec1 =  8.6828862627E-01  1.8069493812E-01 -4.6197857182E-01
           Stress_EigVec2 =  4.9542510805E-01 -2.6880096324E-01  8.2601453043E-01
           Stress_EigVec3 = -2.5076359357E-02  9.4609480577E-01  3.2291762836E-01
           -DivStress =  1.8238354606E-01 -7.4824310074E+00 -2.5462601769E+00
           ESP =  -1.1083533266E+00     ESP at Nucleus =  -1.1108257157E+00
           ESPe = -1.1266239521E+01     ESPe at Nucleus = -1.1188046904E+01
           ESPn =  1.0157886195E+01     ESPn at Nucleus =  1.0077221189E+01

CP# 7      Coords = -5.00866227156965E+00 -1.93245003398422E+00  1.73872118469542E-01
           Type = (3,-3) NACP C7
           Rho =  1.1765630288E+02     Rho at Nucleus =  1.1765630269E+02
           GradRho = -4.8725042057E-10  6.4468475003E-10  5.8725120600E-10
           HessRho_EigVals = -1.4497122438E+05 -1.4497034066E+05 -1.4496999808E+05
           HessRho_EigVec1 =  5.8807575683E-01 -1.7075351002E-01  7.9057583004E-01
           HessRho_EigVec2 = -1.3537329559E-01 -9.8445204090E-01 -1.1192966545E-01
           HessRho_EigVec3 =  7.9739637262E-01 -4.1199732812E-02 -6.0204784440E-01
           DelSqRho = -4.3491156313E+05
           Bond Ellipticity = NA
           V = -1.0873810650E+05
           G =  5.1078598630E+00
           K =  1.0873299864E+05
           L =  1.0872789078E+05
           Vnuc =  3.6635763577E+06
           Ven = -4.3104284958E+08
           Vrep =  4.3093411148E+08
           DelSqV =  2.4946726938E+09
           DelSqVen =  1.5933316864E+12
           DelSqVrep = -1.5908370137E+12
           DelSqG =  1.3399275962E+08
           DelSqK = -2.6286654534E+09
           Stress_EigVals = -3.6246305373E+04 -3.6246140588E+04 -3.6245660540E+04
           Stress_EigVec1 = -7.8482245933E-01  1.1471943705E-01  6.0900998193E-01
           Stress_EigVec2 =  2.1040373847E-01  9.7366989241E-01  8.7733730371E-02
           Stress_EigVec3 =  5.8290991942E-01 -1.9699337900E-01  7.8829539797E-01
           -DivStress =  6.0775966531E+02 -8.8443246633E+02 -7.8519710214E+02
           ESP =  -1.4734707675E+01     ESP at Nucleus =  -1.4734707694E+01
           ESPe = -2.5134322689E+01     ESPe at Nucleus = -2.5134322867E+01
           ESPn =  1.0399615014E+01     ESPn at Nucleus =  1.0399615172E+01

CP# 8      Coords = -6.38924523667720E+00 -3.26335974373952E+00  8.29379093639245E-01
           Type = (3,-3) NACP H8
           Rho =  4.2892448614E-01     Rho at Nucleus =  4.2533205860E-01
           GradRho =  3.1485231089E-16 -5.9934696095E-16  2.7929047963E-16
           HessRho_EigVals = -6.5571776748E+00 -6.5493878074E+00 -5.9599883777E+00
           HessRho_EigVec1 = -4.2225172350E-01  7.0785598358E-01  5.6625381987E-01
           HessRho_EigVec2 = -6.0041438272E-01  2.4959765012E-01 -7.5973915397E-01
           HessRho_EigVec3 =  6.7912152890E-01  6.6078810490E-01 -3.1961387549E-01
           DelSqRho = -1.9066553860E+01
           Bond Ellipticity = NA
           V = -4.7757245337E+00
           G =  4.5430343686E-03
           K =  4.7711814994E+00
           L =  4.7666384650E+00
           Vnuc =  3.9523852208E+01
           Ven = -1.6952747999E+01
           Vrep =  1.2177023465E+01
           DelSqV =  7.1874046391E+02
           DelSqVen =  7.5358365688E+02
           DelSqVrep = -3.4843192967E+01
           DelSqG =  7.0975444159E+01
           DelSqK = -7.8971590807E+02
           Stress_EigVals = -1.6424114754E+00 -1.6413697846E+00 -1.4919432737E+00
           Stress_EigVec1 = -4.8054443470E-01  7.3052854816E-01  4.8518562077E-01
           Stress_EigVec2 = -5.5420838501E-01  1.7579890167E-01 -8.1360175280E-01
           Stress_EigVec3 =  6.7965440649E-01  6.5986573369E-01 -3.2038586305E-01
           -DivStress = -5.3229719648E+00 -5.1754333490E+00  2.5086559819E+00
           ESP =  -1.1085793832E+00     ESP at Nucleus =  -1.1109891932E+00
           ESPe = -1.1464092077E+01     ESPe at Nucleus = -1.1382130719E+01
           ESPn =  1.0355512694E+01     ESPn at Nucleus =  1.0271141525E+01

CP# 9      Coords =  2.58728876368205E+00  1.68412676721661E+00  2.73212349832029E-01
           Type = (3,-3) NACP C9
           Rho =  1.1766077353E+02     Rho at Nucleus =  1.1766077308E+02
           GradRho =  2.9456011796E-09 -1.5141817383E-09  7.3711126092E-10
           HessRho_EigVals = -1.4498124601E+05 -1.4498082798E+05 -1.4497976080E+05
           HessRho_EigVec1 =  2.7057144841E-01  9.1700296823E-01  2.9308129856E-01
           HessRho_EigVec2 =  9.6126251629E-01 -2.4071336946E-01 -1.3428122928E-01
           HessRho_EigVec3 =  5.2587698924E-02 -3.1806073323E-01  9.4661074571E-01
           DelSqRho = -4.3494183480E+05
           Bond Ellipticity = NA
           V = -1.0874578470E+05
           G =  5.1629988267E+00
           K =  1.0874062170E+05
           L =  1.0873545870E+05
           Vnuc =  2.4012860355E+06
           Ven = -2.8253717240E+08
           Vrep =  2.8242842662E+08
           DelSqV =  2.4948517065E+09
           DelSqVen =  1.0444197560E+12
           DelSqVrep = -1.0419249125E+12
           DelSqG =  1.3400691439E+08
           DelSqK = -2.6288586208E+09
           Stress_EigVals = -3.6248919813E+04 -3.6248622566E+04 -3.6248242317E+04
           Stress_EigVec1 = -5.6390657629E-01 -7.1399862647E-02  8.2274627488E-01
           Stress_EigVec2 =  7.6733800559E-01 -4.1358833737E-01  4.9003782748E-01
           Stress_EigVec3 =  3.0528963033E-01  9.0766003923E-01  2.8801301152E-01
           -DivStress = -1.7794440305E+03  8.8892668804E+02 -4.3090856279E+02
           ESP =  -1.4735366785E+01     ESP at Nucleus =  -1.4735366804E+01
           ESPe = -2.5794377897E+01     ESPe at Nucleus = -2.5794375740E+01
           ESPn =  1.1059011112E+01     ESPn at Nucleus =  1.1059008937E+01

CP# 10     Coords =  7.98022010970165E-01  2.02136554289034E+00  1.11678608420576E+00
           Type = (3,-3) NACP H10
           Rho =  4.1254609228E-01     Rho at Nucleus =  4.0864466237E-01
           GradRho =  1.5410163041E-09 -2.8941801646E-10 -7.2378244706E-10
           HessRho_EigVals = -6.3009540540E+00 -6.2984427120E+00 -5.6827824116E+00
           HessRho_EigVec1 =  3.2334251839E-01 -4.0151123498E-01  8.5687708803E-01
           HessRho_EigVec2 =  3.1191802321E-01  9.0013516983E-01  3.0407864579E-01
           HessRho_EigVec3 =  8.9339619576E-01 -1.6895385231E-01 -4.1629056341E-01
           DelSqRho = -1.8282179178E+01
           Bond Ellipticity = NA
           V = -4.5799640910E+00
           G =  4.7096482897E-03
           K =  4.5752544427E+00
           L =  4.5705447944E+00
           Vnuc =  3.9406891348E+01
           Ven = -1.6257159034E+01
           Vrep =  1.1677194943E+01
           DelSqV =  6.8770879207E+02
           DelSqVen =  7.2044385104E+02
           DelSqVrep = -3.2735058971E+01
           DelSqG =  6.7873355512E+01
           DelSqK = -7.5558214758E+02
           Stress_EigVals = -1.5789516446E+00 -1.5782173944E+00 -1.4227950520E+00
           Stress_EigVec1 =  3.4061349149E-01 -3.5940945084E-01  8.6879646412E-01
           Stress_EigVec2 =  2.9651087478E-01  9.1795925666E-01  2.6349972343E-01
           Stress_EigVec3 =  8.9222404729E-01 -1.6785603878E-01 -4.1923811813E-01
           -DivStress = -7.1500170839E+00  1.3398325231E+00  3.3700948291E+00
           ESP =  -1.0765860124E+00     ESP at Nucleus =  -1.0792993469E+00
           ESPe = -1.3103569805E+01     ESPe at Nucleus = -1.3041253820E+01
           ESPn =  1.2026983792E+01     ESPn at Nucleus =  1.1961954473E+01

CP# 11     Coords =  4.04976425770649E+00  1.79834281505413E+00 -1.69279004842167E+00
           Type = (3,-3) NACP C11
           Rho =  1.1764816593E+02     Rho at Nucleus =  1.1764816555E+02
           GradRho =  1.5190106950E-09 -1.1914591536E-09  1.7072234737E-09
           HessRho_EigVals = -1.4496465839E+05 -1.4496435084E+05 -1.4496320771E+05
           HessRho_EigVec1 =  3.0817757224E-01  9.1754621924E-01  2.5126782431E-01
           HessRho_EigVec2 =  1.4215379454E-01 -3.0557227457E-01  9.4149768121E-01
           HessRho_EigVec3 =  9.4064811841E-01 -2.5442979499E-01 -2.2460319845E-01
           DelSqRho = -4.3489221695E+05
           Bond Ellipticity = NA
           V = -1.0873338652E+05
           G =  5.1661415174E+00
           K =  1.0872822038E+05
           L =  1.0872305424E+05
           Vnuc =  2.6456059756E+06
           Ven = -3.1125069079E+08
           Vrep =  3.1114195740E+08
           DelSqV =  2.4945673328E+09
           DelSqVen =  1.1505534444E+12
           DelSqVrep = -1.1480588729E+12
           DelSqG =  1.3399068815E+08
           DelSqK = -2.6285580210E+09
           Stress_EigVals = -3.6244778096E+04 -3.6244487775E+04 -3.6244120650E+04
           Stress_EigVec1 = -6.5506460699E-01 -8.9237518697E-03  7.5552017003E-01
           Stress_EigVec2 =  6.8715586747E-01 -4.2282007780E-01  5.9079606939E-01
           Stress_EigVec3 =  3.1417697954E-01  9.0616971284E-01  2.8310647655E-01
           -DivStress = -1.0729181130E+03  8.4954180012E+02 -1.2414118546E+03
           ESP =  -1.4733811006E+01     ESP at Nucleus =  -1.4733811022E+01
           ESPe = -2.5190505751E+01     ESPe at Nucleus = -2.5190503537E+01
           ESPn =  1.0456694745E+01     ESPn at Nucleus =  1.0456692515E+01

CP# 12     Coords =  4.32570657963765E+00  2.30768818583950E+00 -3.61400893888160E+00
           Type = (3,-3) NACP H12
           Rho =  4.1534852812E-01     Rho at Nucleus =  4.1154595974E-01
           GradRho = -1.2849931466E-09 -2.3779725871E-09  8.9499724593E-09
           HessRho_EigVals = -6.3498433951E+00 -6.3472091278E+00 -5.7391866202E+00
           HessRho_EigVec1 =  9.3194823985E-01 -3.6097283767E-01  3.4221173213E-02
           HessRho_EigVec2 =  3.3689988666E-01  8.9694332987E-01  2.8634093205E-01
           HessRho_EigVec3 = -1.3405575184E-01 -2.5532581824E-01  9.5751646562E-01
           DelSqRho = -1.8436239143E+01
           Bond Ellipticity = NA
           V = -4.6184400975E+00
           G =  4.6901558676E-03
           K =  4.6137499417E+00
           L =  4.6090597858E+00
           Vnuc =  3.8188016199E+01
           Ven = -1.5861336320E+01
           Vrep =  1.1242896223E+01
           DelSqV =  6.9408096745E+02
           DelSqVen =  7.0404341351E+02
           DelSqVrep = -9.9624460665E+00
           DelSqG =  6.8546852968E+01
           DelSqK = -7.6262782042E+02
           Stress_EigVals = -1.5912136955E+00 -1.5904984200E+00 -1.4367279820E+00
           Stress_EigVec1 =  9.4892917842E-01 -3.1096047034E-01  5.3263498025E-02
           Stress_EigVec2 =  2.8415612112E-01  9.1576850579E-01  2.8394249882E-01
           Stress_EigVec3 = -1.3707192698E-01 -2.5430617313E-01  9.5736077690E-01
           -DivStress =  1.1030632885E+00  2.0171094306E+00 -7.6052518710E+00
           ESP =  -1.0736945259E+00     ESP at Nucleus =  -1.0763389255E+00
           ESPe = -1.1404966541E+01     ESPe at Nucleus = -1.1321982976E+01
           ESPn =  1.0331272015E+01     ESPn at Nucleus =  1.0245644050E+01

CP# 13     Coords =  5.21363047279500E+00  6.25861754482088E-01  6.30354388337433E-01
           Type = (3,-3) NACP C13
           Rho =  1.1744128470E+02     Rho at Nucleus =  1.1744128322E+02
           GradRho = -1.1610046258E-11 -7.9491864480E-12 -6.3490324109E-12
           HessRho_EigVals = -1.4469479446E+05 -1.4469394683E+05 -1.4469348958E+05
           HessRho_EigVec1 =  6.9596736634E-01 -5.2511090008E-01  4.8978359263E-01
           HessRho_EigVec2 =  3.9735289174E-01  8.4976323463E-01  3.4642910456E-01
           HessRho_EigVec3 = -5.9811378885E-01 -4.6486424665E-02  8.0006181505E-01
           DelSqRho = -4.3408223087E+05
           Bond Ellipticity = NA
           V = -1.0853076545E+05
           G =  5.1038658786E+00
           K =  1.0852566158E+05
           L =  1.0852055772E+05
           Vnuc =  1.3277061317E+06
           Ven = -1.5592751381E+08
           Vrep =  1.5581898304E+08
           DelSqV =  2.4899237108E+09
           DelSqVen =  5.7633363891E+11
           DelSqVrep = -5.7384371520E+11
           DelSqG =  1.3372572914E+08
           DelSqK = -2.6236494400E+09
           Stress_EigVals = -3.6177025793E+04 -3.6176943997E+04 -3.6176795659E+04
           Stress_EigVec1 =  4.5593188404E-01  8.0284107887E-01  3.8415142744E-01
           Stress_EigVec2 = -5.9855650961E-01 -4.2841437218E-02  7.9993419483E-01
           Stress_EigVec3 =  6.5867763126E-01 -5.9465184213E-01  4.6101297675E-01
           -DivStress =  2.8616089405E+03 -9.0969752147E+02  2.1028923713E+03
           ESP =  -1.4721300873E+01     ESP at Nucleus =  -1.4721300951E+01
           ESPe = -2.5626871942E+01     ESPe at Nucleus = -2.5626867166E+01
           ESPn =  1.0905571069E+01     ESPn at Nucleus =  1.0905566215E+01

CP# 14     Coords = -1.69699797552732E+00 -1.53291110384620E+00 -2.01037490689016E+00
           Type = (3,-3) NACP H14
           Rho =  4.2377429153E-01     Rho at Nucleus =  4.2002258955E-01
           GradRho = -8.6887962103E-16 -1.1761425167E-15 -1.1666015376E-16
           HessRho_EigVals = -6.4505116837E+00 -6.4441602436E+00 -5.8465384624E+00
           HessRho_EigVec1 = -3.7128805898E-01  7.4255218311E-01  5.5745980358E-01
           HessRho_EigVec2 = -5.6216637772E-01  2.9805944256E-01 -7.7144638988E-01
           HessRho_EigVec3 =  7.3899535927E-01  5.9981399121E-01 -3.0677195916E-01
           DelSqRho = -1.8741210390E+01
           Bond Ellipticity = NA
           V = -4.6946938718E+00
           G =  4.6956372105E-03
           K =  4.6899982346E+00
           L =  4.6853025974E+00
           Vnuc =  4.0198248301E+01
           Ven = -1.7034984195E+01
           Vrep =  1.2340290323E+01
           DelSqV =  7.0535786540E+02
           DelSqVen =  7.5336382871E+02
           DelSqVrep = -4.8005963313E+01
           DelSqG =  6.9414038295E+01
           DelSqK = -7.7477190370E+02
           Stress_EigVals = -1.6159258279E+00 -1.6153674582E+00 -1.4634005858E+00
           Stress_EigVec1 = -4.1330108888E-01  7.6476124705E-01  4.9428983900E-01
           Stress_EigVec2 = -5.3046729903E-01  2.3899268693E-01 -8.1331847406E-01
           Stress_EigVec3 =  7.4012610722E-01  5.9835000677E-01 -3.0690489539E-01
           -DivStress =  5.8753000570E+00  4.7618788963E+00 -2.4332148056E+00
           ESP =  -1.1097081183E+00     ESP at Nucleus =  -1.1121951349E+00
           ESPe = -1.3015641149E+01     ESPe at Nucleus = -1.2964681498E+01
           ESPn =  1.1905933030E+01     ESPn at Nucleus =  1.1852486364E+01

CP# 15     Coords = -3.84879369427457E+00  2.73454721382526E+00 -1.93565907256947E+00
           Type = (3,-3) NACP H15
           Rho =  4.2430655540E-01     Rho at Nucleus =  4.2059662485E-01
           GradRho = -4.7416537388E-10  2.8583428159E-11  1.1684585389E-09
           HessRho_EigVals = -6.4585190429E+00 -6.4521332048E+00 -5.8579176216E+00
           HessRho_EigVec1 =  1.0312514481E-01  9.9450743542E-01  1.7893166235E-02
           HessRho_EigVec2 =  9.2070224013E-01 -1.0224832014E-01  3.7663333103E-01
           HessRho_EigVec3 = -3.7639419433E-01  2.2366088566E-02  9.2618959644E-01
           DelSqRho = -1.8768569869E+01
           Bond Ellipticity = NA
           V = -4.7014658779E+00
           G =  4.6617052834E-03
           K =  4.6968041726E+00
           L =  4.6921424673E+00
           Vnuc =  3.9555859905E+01
           Ven = -1.6783810662E+01
           Vrep =  1.2082344784E+01
           DelSqV =  7.0657317765E+02
           DelSqVen =  7.4240692241E+02
           DelSqVrep = -3.5833744762E+01
           DelSqG =  6.9524798178E+01
           DelSqK = -7.7609797583E+02
           Stress_EigVals = -1.6179271456E+00 -1.6173801000E+00 -1.4661586323E+00
           Stress_EigVec1 =  2.3681573653E-02  9.9963714515E-01 -1.2835930052E-02
           Stress_EigVec2 =  9.2653532597E-01 -1.7124056475E-02  3.7581785005E-01
           Stress_EigVec3 = -3.7546167953E-01  2.0792900731E-02  9.2660465274E-01
           -DivStress =  2.9704918487E+00 -1.7750436142E-01 -7.3231891841E+00
           ESP =  -1.1068913607E+00     ESP at Nucleus =  -1.1093574737E+00
           ESPe = -1.2188889747E+01     ESPe at Nucleus = -1.2124502149E+01
           ESPn =  1.1081998386E+01     ESPn at Nucleus =  1.1015144675E+01

CP# 16     Coords =  5.71468159877257E+00 -2.19873585761059E+00  8.39965880785528E-01
           Type = (3,-3) NACP C16
           Rho =  1.1754552501E+02     Rho at Nucleus =  1.1754552500E+02
           GradRho = -7.0517827688E-12 -1.1679435197E-11 -3.1220165342E-13
           HessRho_EigVals = -1.4484356208E+05 -1.4484340105E+05 -1.4484331840E+05
           HessRho_EigVec1 =  3.3073050069E-02  9.9529846892E-01  9.1033681216E-02
           HessRho_EigVec2 = -6.1030216678E-01 -5.2018400053E-02  7.9045894977E-01
           HessRho_EigVec3 =  7.9147800890E-01 -8.1700941320E-02  6.0571240503E-01
           DelSqRho = -4.3453028154E+05
