AIMSum (Version 19.02.13, Professional)
Copyright (c) 1997-2019 by Todd A. Keith
AIMSum is a component of the AIMAll package ( http://aim.tkgristmill.com )

TP:  64-bit Linux

Much of the Quantum Theory of Atoms in Molecules (QTAIM) is described in the book:
  "Atoms in Molecules - A Quantum Theory"
  R.F.W. Bader, Oxford University Press, Oxford, 1990

For additional references see:  http://aim.tkgristmill.com/references.html

Wfn File:  /home/mhennefarth/Documents/ML_Diels/summary-levandowski2016/13-opt/13-opt.wfn
Sum File:  /home/mhennefarth/Documents/ML_Diels/summary-levandowski2016/13-opt/13-opt.sum

SumViz File:  /home/mhennefarth/Documents/ML_Diels/summary-levandowski2016/13-opt/13-opt.sumviz

Wfn Title:   Title Card Required                                                           
 
Total memory allocated for AIMSum =        0.920 Megabytes

Atomic units (a.u.) used throughout, except where stated otherwise

Model:  Restricted SCF
 
Restricted, closed-shell, single-determinant wavefunction.
  Number of electrons (from MO Occs)                   =          60.0000000000
  Number of Alpha electrons (from MO Occs)             =          30.0000000000
  Number of Beta electrons (from MO Occs)              =          30.0000000000
  Number of electron pairs (N*(N-1)/2)                 =        1770.0000000000
  Number of electron pairs (from Muller 2EDM)          =        1770.0000000000
 
Nuclear Charges and Cartesian Coordinates:
-------------------------------------------------------------------------------
Atom      Charge                X                  Y                  Z
-------------------------------------------------------------------------------
C1         6.0           3.4033497000E+00   3.0599389300E+00   5.6322203000E-01
H2         1.0           3.4510308600E+00   5.1093257900E+00   4.6149503000E-01
C3         6.0           4.9740532700E+00   1.6352141300E+00  -8.1804889000E-01
H4         1.0           6.2656314200E+00   2.5717965800E+00  -2.1221226800E+00
C5         6.0           4.5766152500E+00  -2.6332961500E+00   1.1856939000E+00
H6         1.0           4.6878863700E+00  -4.6780289900E+00   1.0437955000E+00
C7         6.0           5.0979779600E+00  -1.1406935200E+00  -7.9348963000E-01
H8         1.0           5.7176698800E+00  -2.0205460000E+00  -2.5511886300E+00
C9         6.0          -2.6962897900E+00  -1.7643989300E+00  -2.8664145000E-01
C10        6.0          -5.0095543600E+00  -2.4322188800E+00  -7.4780721000E-01
C11        6.0          -4.7125708700E+00  -9.5403740000E-02   8.5589509000E-01
H12        1.0          -6.8900409000E-01  -2.0742195900E+00  -5.1133539000E-01
H13        1.0          -6.3241518600E+00  -3.7098174700E+00  -1.6485324000E+00
H14        1.0           4.0579208800E+00  -1.8608319100E+00   3.0174848100E+00
H15        1.0           2.0016853300E+00   2.2309996600E+00   1.8157049000E+00
H16        1.0          -5.0723625000E+00  -2.6547871000E-01   2.8915673900E+00
C17        6.0          -5.2732771800E+00   2.5401660600E+00  -1.5251203000E-01
H18        1.0          -7.2572449000E+00   3.0608036000E+00   1.6397219000E-01
H19        1.0          -4.1007249700E+00   3.9711409800E+00   7.8812472000E-01
H20        1.0          -4.9001603700E+00   2.6490086200E+00  -2.1868363300E+00
 
Some Atomic Properties:
----------------------
  q(A) = Net Charge of Atom A
  L(A) = Lagrangian of Atom A = -(1/4) Times Atomic Integral of the Laplacian of the Electron Density
  K(A) = Electronic Kinetic Energy of Atom A (Hamiltonian Form)
  K_Scaled(A) = K(A) * E(Mol)/K(Mol) = Approximation to Virial-Based Total Energy of Atom A.
  |Mu_Intra(A)| = Magnitude of Intraatomic Dipole Moment of Atom A
--------------------------------------------------------------------------------------------------
Atom A          q(A)              L(A)              K(A)          K_Scaled(A)      |Mu_Intra(A)|
--------------------------------------------------------------------------------------------------
C1       -8.4732900900E-02 -8.5053429300E-05  3.7703672072E+01 -3.8092447831E+01  1.1212071607E-01
H2        4.4506758480E-02  2.1046794541E-05  5.9408151572E-01 -6.0020729816E-01  1.4754552826E-01
C3       -2.9973754600E-02  3.4261654757E-05  3.7701096721E+01 -3.8089845925E+01  7.6678620137E-02
H4        3.4151853070E-02  2.5102790447E-05  6.0197319890E-01 -6.0818035524E-01  1.5113446229E-01
C5       -9.3959485300E-02 -1.1968627694E-04  3.7706368526E+01 -3.8095172089E+01  1.1508012802E-01
H6        4.4963939420E-02  2.5464796693E-05  5.9374376496E-01 -5.9986606474E-01  1.4744303419E-01
C7       -3.3995489200E-02 -2.5078667961E-04  3.7702682412E+01 -3.8091447966E+01  7.4265184073E-02
H8        3.4794094740E-02  2.4421702512E-05  6.0176559462E-01 -6.0797061029E-01  1.5095571091E-01
C9       -1.5511053840E-01  3.6544171978E-05  3.7768755425E+01 -3.8158202281E+01  2.6471266250E-01
C10      -1.5555007930E-01  7.6577683566E-06  3.7768831014E+01 -3.8158278650E+01  2.3733075485E-01
C11       9.9140634200E-02  6.7032261673E-05  3.7557155444E+01 -3.7944420418E+01  2.6097742789E-01
H12       1.2005268083E-01  2.0357224224E-05  5.5588950788E-01 -5.6162147916E-01  1.3946198160E-01
H13       1.0065045812E-01  1.8413358689E-05  5.6430360679E-01 -5.7012233879E-01  1.4783544909E-01
H14       4.5209571500E-02  1.8999838105E-05  5.9279498859E-01 -5.9890750519E-01  1.4772184631E-01
H15       4.6208217320E-02 -8.6942770065E-07  5.9257768528E-01 -5.9868796120E-01  1.4506607848E-01
H16      -4.5154763000E-03  3.1925467924E-05  6.2066363655E-01 -6.2706351654E-01  1.6242946134E-01
C17      -2.3861709000E-02  5.4975184492E-05  3.7690291098E+01 -3.8078928881E+01  4.6184327970E-02
H18       2.6958623800E-03  1.7541096154E-05  6.0838231556E-01 -6.1465555855E-01  1.5749880018E-01
H19       1.7402489400E-03  2.3863573358E-05  6.0868696207E-01 -6.1496334638E-01  1.5736107288E-01
H20       7.6532301300E-03  2.3761397084E-05  6.0706646731E-01 -6.1332614213E-01  1.5765128017E-01
--------------------------------------------------------------------------------------------------
Total     6.8116130000E-05 -5.0267325631E-06  3.0874078196E+02 -3.1192431622E+02
 
1st Largest |L(A)| = 2.5078667961E-04, atom C7      
2nd Largest |L(A)| = 1.1968627694E-04, atom C5      
 
Molecular charge q(Mol) from the wfn file:   0.0000000000E+00
Molecular energy E(Mol) from the wfn file:  -3.1192438718E+02
Molecular virial ratio (-V(Mol)/T(Mol)) from the wfn file:   2.0103113500E+00
Note.  K_Scaled(A) = (1+V(Mol)/T(Mol))*K(A) = (E(Mol)/T(Mol))*K(A)
       Only use K_Scaled(A) data with caution.
 
N_AIMInt(SumA)     =         59.999932
N_Analytic(Mol)    =         59.999990
 
G_AIMInt(SumA)     =        308.740787
G_Analytic(Mol)    =        308.740831
 
K_AIMInt(SumA)     =        308.740782
K_Analytic(Mol)    =        308.740831
 
L_AIMInt(SumA)     =         -0.000005
L_Analytic(Mol)    =          0.000000
 
VenT_AIMInt(SumA)  =      -1338.759838
VenT_Analytic(Mol) =      -1338.760490
 
Some Information About the Atomic Calculations:
----------------------------------------------
  Time(sec) = "Elapsed User Time", in Seconds, for Atom A by AIMInt and, if used, by TWOe
  NProc = Number of Processors Used for AIMInt Job
  BIM = Basin Integration Method
  OAQ = Angular Quadrature Outside of Beta Sphere
  ORQ = Multiple of Default for Radial Quadrature Outside of Beta Sphere
  IAQ = Multiple of Default for Angular Quadrature Inside of Beta Sphere
  IRQ = Multiple of Default for Radial Quadrature Inside of Beta Sphere
  MIR = Maximum Integration Radius
------------------------------------------------------------------------------------------------------
Atom A     Time(sec)   NProc      BIM          OAQ                     ORQ      IAQ      IRQ      MIR
------------------------------------------------------------------------------------------------------
C1             98        8     Proaim(5)    4500(GS4)                  1.00     1.00     1.00    13.00
H2              5        8     Proaim(5)    1800(GS4)                  1.00     1.00     1.00    13.00
C3            101        8     Proaim(5)    4500(GS4)                  1.00     1.00     1.00    13.00
H4              5        8     Proaim(5)    1800(GS4)                  1.00     1.00     1.00    13.00
C5            100        8     Proaim(5)    4500(GS4)                  1.00     1.00     1.00    13.00
H6              5        8     Proaim(5)    1800(GS4)                  1.00     1.00     1.00    13.00
C7            119        8     Proaim(5)    4500(GS4)                  1.00     1.00     1.00    13.00
H8              5        8     Proaim(5)    1800(GS4)                  1.00     1.00     1.00    13.00
C9             55        8     Proaim(5)    4500(GS4)                  1.00     1.00     1.00    13.00
C10            26        8     Proaim(5)    4500(GS4)                  1.00     1.00     1.00    13.00
C11            56        8     Proaim(5)    4500(GS4)                  1.00     1.00     1.00    13.00
H12            99        8     Proaim(5)    4500(GS4)                  1.00     1.00     1.00    13.00
H13             6        8     Proaim(5)    1800(GS4)                  1.00     1.00     1.00    13.00
H14            14        8     Proaim(5)    1800(GS4)                  1.00     1.00     1.00    13.00
H15            86        8     Proaim(5)    1800(GS4)                  1.00     1.00     1.00    13.00
H16             9        8     Proaim(5)    1800(GS4)                  1.00     1.00     1.00    13.00
C17            70        8     Proaim(5)    4500(GS4)                  1.00     1.00     1.00    13.00
H18             9        8     Proaim(5)    1800(GS4)                  1.00     1.00     1.00    13.00
H19            23        8     Proaim(5)    1800(GS4)                  1.00     1.00     1.00    13.00
H20             8        8     Proaim(5)    1800(GS4)                  1.00     1.00     1.00    13.00
------------------------------------------------------------------------------------------------------
Total         899
Note:  Total wall clock time is less than total of atomic times if more than one atom
       was calculated at a time
 
Electron Density Critical Point Analysis of Molecular Structure:               
---------------------------------------------------------------                
  NACP = Nuclear Attractor Critical Point                                      
  NNACP = Non-Nuclear Attractor Critical Point                                 
  BCP = Bond Critical Point                                                    
  RCP = Ring Critical Point                                                    
  CCP = Cage Critical Point                                                    
  Rho = Electron Density                                                       
  GradRho = Gradient of Electron Density                                       
  HessRho_EigVals = Eigenvalues of the Hessian of Rho, Ascending Order         
  HessRho_EigVecs = Eigenvectors of the Hessian of Rho                         
  DelSqRho = Laplacian of Rho = Trace of Hessian of Rho                        
  Bond Ellipticity = (HessRho_EigVal(1) / HessRho_EigVal(2)) - 1               
  V = Virial Field = Potential Energy Density = Trace of Stress Tensor         
  G = Lagrangian Form of Kinetic Energy Density                                
  K = Hamiltonian Form of Kinetic Energy Density                               
  L = K - G = Lagrangian Density = (-1/4)DelSqRho                              
  Vnuc = Electrostatic Potential from Nuclei                                   
  Ven = Electron-nuclear attractive contribution to Virial Field V             
  Vrep = V - Ven = Repulsive contribution to Virial Field V                    
  DelSqV = Laplacian of V                                                      
  DelSqVen = Laplacian of Ven                                                  
  DelSqVrep = Laplacian of Vrep                                                
  DelSqG = Laplacian of G                                                      
  DelSqK = Laplacian of K                                                      
  Stress_EigVals = Eigenvalues of Stress Tensor, Ascending Order               
  Stress_EigVecs = Eigenvectors of Stress Tensor                               
  -DivStress = Ehrenfest Force Density = Minus Divergence of Stress Tensor     
  ESP = Total Electrostatic Potential                                          
  ESPe = Electrostatic Potential from Electrons                                
  ESPn = Electrostatic Potential from Nuclei                                   
  BP = Bond Path                                                               
  BPL = Bond Path Length                                                       
  GBL = Geometric Bond Length                                                  
  GBL_I = Distance Between Nuclear Attractors                                  
  GBL_II = Distance Between Nuclei                                             
  GBL_III = Sum of Distances Between BCP and Nuclear Attractors                
  GBL_IV = Sum of Distances Between BCP and Nuclei                             

CP# 1      Coords =  3.40334932511217E+00  3.05993950184011E+00  5.63222543535077E-01
           Type = (3,-3) NACP C1
           Rho =  1.1767900486E+02     Rho at Nucleus =  1.1767900481E+02
           GradRho = -3.9748981884E-11  8.4386553301E-11  8.0116663304E-11
           HessRho_EigVals = -1.4500712829E+05 -1.4500613575E+05 -1.4500598240E+05
           HessRho_EigVec1 =  6.2641501131E-01  7.2496576216E-03  7.7945601292E-01
           HessRho_EigVec2 =  4.2977833567E-01  8.3102009421E-01 -3.5312347021E-01
           HessRho_EigVec3 = -6.5030363354E-01  5.5619515055E-01  5.1744771592E-01
           DelSqRho = -4.3501924643E+05
           Bond Ellipticity = NA
           V = -1.0876504336E+05
           G =  5.1158744746E+00
           K =  1.0875992748E+05
           L =  1.0875481161E+05
           Vnuc =  7.0164246609E+06
           Ven = -8.2568587179E+08
           Vrep =  8.2557710675E+08
           DelSqV =  2.4952967335E+09
           DelSqVen =  3.0522807583E+12
           DelSqVrep = -3.0497854288E+12
           DelSqG =  1.3403411357E+08
           DelSqK = -2.6293308471E+09
           Stress_EigVals = -3.6255261414E+04 -3.6255161529E+04 -3.6254620413E+04
           Stress_EigVec1 = -6.1832760868E-01  5.9525502138E-01  5.1316900516E-01
           Stress_EigVec2 =  4.4597516660E-01  8.0339504787E-01 -3.9454093303E-01
           Stress_EigVec3 =  6.4712990899E-01  1.5094919075E-02  7.6223029611E-01
           -DivStress =  3.0555091864E+02 -4.6602730523E+02 -4.1666513910E+02
           ESP =  -1.4743291359E+01     ESP at Nucleus =  -1.4743291369E+01
           ESPe = -2.4515999220E+01     ESPe at Nucleus = -2.4516000174E+01
           ESPn =  9.7727078615E+00     ESPn at Nucleus =  9.7727088046E+00

CP# 2      Coords =  3.45017408375934E+00  5.07431985856954E+00  4.63257705748454E-01
           Type = (3,-3) NACP H2
           Rho =  4.2547392479E-01     Rho at Nucleus =  4.2176430327E-01
           GradRho = -9.9182814739E-16  6.6786853825E-17  1.6653345369E-16
           HessRho_EigVals = -6.4796451149E+00 -6.4734789380E+00 -5.8777431967E+00
           HessRho_EigVec1 =  7.2824523923E-01 -5.1354236631E-02 -6.8338979647E-01
           HessRho_EigVec2 =  6.8491014849E-01  2.0198911159E-02  7.2834750805E-01
           HessRho_EigVec3 =  2.3600000492E-02  9.9847621222E-01 -4.9882798726E-02
           DelSqRho = -1.8830867250E+01
           Bond Ellipticity = NA
           V = -4.7169608386E+00
           G =  4.6220131201E-03
           K =  4.7123388255E+00
           L =  4.7077168124E+00
           Vnuc =  3.8638997321E+01
           Ven = -1.6439885840E+01
           Vrep =  1.1722925001E+01
           DelSqV =  7.0899331377E+02
           DelSqVen =  7.2760582920E+02
           DelSqVrep = -1.8612515432E+01
           DelSqG =  6.9791575342E+01
           DelSqK = -7.7878488911E+02
           Stress_EigVals = -1.6232268637E+00 -1.6227269032E+00 -1.4710070717E+00
           Stress_EigVec1 =  7.9355975903E-01 -4.7540558106E-02 -6.0663234680E-01
           Stress_EigVec2 =  6.0807840498E-01  2.5191790990E-02  7.9347717488E-01
           Stress_EigVec3 =  2.2440192450E-02  9.9855158555E-01 -4.8899578332E-02
           -DivStress =  1.9261496048E-01  7.9052460919E+00 -3.9707531746E-01
           ESP =  -1.1065031006E+00     ESP at Nucleus =  -1.1089838275E+00
           ESPe = -1.1223579337E+01     ESPe at Nucleus = -1.1145516031E+01
           ESPn =  1.0117076236E+01     ESPn at Nucleus =  1.0036532203E+01

CP# 3      Coords =  4.97405384780305E+00  1.63521272412644E+00 -8.18049467103297E-01
           Type = (3,-3) NACP C3
           Rho =  1.1765612535E+02     Rho at Nucleus =  1.1765612516E+02
           GradRho =  3.3964386859E-10 -8.3178580690E-10 -3.5217298522E-10
           HessRho_EigVals = -1.4497090756E+05 -1.4497001740E+05 -1.4496967466E+05
           HessRho_EigVec1 =  6.9818190209E-01  9.6681604490E-02  7.0936217756E-01
           HessRho_EigVec2 = -1.4565784725E-01 -9.5093225008E-01  2.7296821662E-01
           HessRho_EigVec3 = -7.0094637679E-01  2.9390563640E-01  6.4984125274E-01
           DelSqRho = -4.3491059962E+05
           Bond Ellipticity = NA
           V = -1.0873786675E+05
           G =  5.1084227803E+00
           K =  1.0873275833E+05
           L =  1.0872764990E+05
           Vnuc =  3.6903899853E+06
           Ven = -4.3419698670E+08
           Vrep =  4.3408824884E+08
           DelSqV =  2.4946671076E+09
           DelSqVen =  1.6049895997E+12
           DelSqVrep = -1.6024949326E+12
           DelSqG =  1.3399236057E+08
           DelSqK = -2.6286594682E+09
           Stress_EigVals = -3.6246225817E+04 -3.6246061473E+04 -3.6245579460E+04
           Stress_EigVec1 = -6.8759428431E-01  3.6762843402E-01  6.2614969032E-01
           Stress_EigVec2 =  2.1852672927E-01  9.2714560265E-01 -3.0437986148E-01
           Stress_EigVec3 = -6.9243062380E-01 -7.2459409155E-02 -7.1783665638E-01
           -DivStress = -4.6692695009E+02  1.1433826280E+03  4.6610328835E+02
           ESP =  -1.4733017723E+01     ESP at Nucleus =  -1.4733017743E+01
           ESPe = -2.5158406350E+01     ESPe at Nucleus = -2.5158406468E+01
           ESPn =  1.0425388627E+01     ESPn at Nucleus =  1.0425388725E+01

CP# 4      Coords =  6.24416773929382E+00  2.55603177672192E+00 -2.10046565918131E+00
           Type = (3,-3) NACP H4
           Rho =  4.2890848691E-01     Rho at Nucleus =  4.2530772046E-01
           GradRho = -6.3596928591E-10 -4.6745315558E-10  6.4164723708E-10
           HessRho_EigVals = -6.5569081047E+00 -6.5491401072E+00 -5.9588930111E+00
           HessRho_EigVec1 = -3.3398706828E-01  8.8795284902E-01  3.1621571140E-01
           HessRho_EigVec2 =  7.0533505984E-01  1.2897955789E-02  7.0875672561E-01
           HessRho_EigVec3 =  6.2526401751E-01  4.5975360864E-01 -6.3061202633E-01
           DelSqRho = -1.9064941223E+01
           Bond Ellipticity = NA
           V = -4.7753106831E+00
           G =  4.5376886658E-03
           K =  4.7707729944E+00
           L =  4.7662353057E+00
           Vnuc =  3.9536553206E+01
           Ven = -1.6957563213E+01
           Vrep =  1.2182252530E+01
           DelSqV =  7.1864316101E+02
           DelSqVen =  7.5376206475E+02
           DelSqVrep = -3.5118903735E+01
           DelSqG =  7.0966502803E+01
           DelSqK = -7.8960966381E+02
           Stress_EigVals = -1.6423417702E+00 -1.6413062164E+00 -1.4916626965E+00
           Stress_EigVec1 = -4.0087640486E-01  8.8298183360E-01  2.4421545726E-01
           Stress_EigVec2 =  6.6918711286E-01  1.0016340010E-01  7.3631236664E-01
           Stress_EigVec3 =  6.2568899304E-01  4.5859609115E-01 -6.3103320766E-01
           -DivStress =  4.9059500703E+00  3.6027955476E+00 -4.9500842581E+00
           ESP =  -1.1070381691E+00     ESP at Nucleus =  -1.1094535692E+00
           ESPe = -1.1510795404E+01     ESPe at Nucleus = -1.1428869613E+01
           ESPn =  1.0403757235E+01     ESPn at Nucleus =  1.0319416044E+01

CP# 5      Coords =  4.57661476955827E+00 -2.63329673335863E+00  1.18569438228912E+00
           Type = (3,-3) NACP C5
           Rho =  1.1768448200E+02     Rho at Nucleus =  1.1768448194E+02
           GradRho = -9.7797599879E-11 -1.0986239696E-10  7.6162409712E-11
           HessRho_EigVals = -1.4501618018E+05 -1.4501522711E+05 -1.4501508181E+05
           HessRho_EigVec1 =  9.7433866114E-01  1.0555210589E-02  2.2483941144E-01
           HessRho_EigVec2 = -1.3953212918E-01  8.1213891100E-01  5.6653435391E-01
           HessRho_EigVec3 = -1.7662094534E-01 -5.8336864568E-01  7.9277113022E-01
           DelSqRho = -4.3504648909E+05
           Bond Ellipticity = NA
           V = -1.0877186611E+05
           G =  5.1219185192E+00
           K =  1.0876674419E+05
           L =  1.0876162227E+05
           Vnuc =  6.6926113807E+06
           Ven = -7.8761650353E+08
           Vrep =  7.8750773167E+08
           DelSqV =  2.4954550480E+09
           DelSqVen =  2.9115961836E+12
           DelSqVrep = -2.9091007285E+12
           DelSqG =  1.3404474827E+08
           DelSqK = -2.6294997963E+09
           Stress_EigVals = -3.6257530817E+04 -3.6257432763E+04 -3.6256902529E+04
           Stress_EigVec1 = -1.8013641013E-01 -6.2301829323E-01  7.6118268507E-01
           Stress_EigVec2 = -1.7220687582E-01  7.8186478518E-01  5.9919299864E-01
           Stress_EigVec3 =  9.6845013587E-01  2.3144416373E-02  2.4813034946E-01
           -DivStress =  3.8925893569E+02  4.7527854966E+02 -3.9279770403E+02
           ESP =  -1.4741568058E+01     ESP at Nucleus =  -1.4741568069E+01
           ESPe = -2.4292960532E+01     ESPe at Nucleus = -2.4292961391E+01
           ESPn =  9.5513924738E+00     ESPn at Nucleus =  9.5513933220E+00

CP# 6      Coords =  4.68598201338260E+00 -4.64309890231980E+00  1.04626031876966E+00
           Type = (3,-3) NACP H6
           Rho =  4.2526617776E-01     Rho at Nucleus =  4.2155708066E-01
           GradRho =  9.6797569960E-16  1.8355542780E-15 -6.9302202865E-16
           HessRho_EigVals = -6.4757468514E+00 -6.4695311149E+00 -5.8741810858E+00
           HessRho_EigVec1 = -2.8773047264E-01 -8.2207084205E-02  9.5417669769E-01
           HessRho_EigVec2 =  9.5617021339E-01  3.1841797427E-02  2.9107494390E-01
           HessRho_EigVec3 = -5.4311123541E-02  9.9610646783E-01  6.9442109823E-02
           DelSqRho = -1.8819459052E+01
           Bond Ellipticity = NA
           V = -4.7141088292E+00
           G =  4.6220330957E-03
           K =  4.7094867961E+00
           L =  4.7048647630E+00
           Vnuc =  3.8523358029E+01
           Ven = -1.6382681223E+01
           Vrep =  1.1668572394E+01
           DelSqV =  7.0855040118E+02
           DelSqVen =  7.2498875897E+02
           DelSqVrep = -1.6438357790E+01
           DelSqG =  6.9741732151E+01
           DelSqK = -7.7829213333E+02
           Stress_EigVals = -1.6222465790E+00 -1.6217395412E+00 -1.4701227090E+00
           Stress_EigVec1 = -1.9324459056E-01 -7.7192788274E-02  9.7810929944E-01
           Stress_EigVec2 =  9.7966282051E-01  3.9698305882E-02  1.9668452561E-01
           Stress_EigVec3 = -5.4011909098E-02  9.9622553568E-01  6.7951421818E-02
           -DivStress =  4.2928826962E-01 -7.8833108128E+00 -5.5503848142E-01
           ESP =  -1.1040790323E+00     ESP at Nucleus =  -1.1065604052E+00
           ESPe = -1.1111971114E+01     ESPe at Nucleus = -1.1035315679E+01
           ESPn =  1.0007892082E+01     ESPn at Nucleus =  9.9287552740E+00

CP# 7      Coords =  5.09797807962707E+00 -1.14069224689993E+00 -7.93490354770203E-01
           Type = (3,-3) NACP C7
           Rho =  1.1766617507E+02     Rho at Nucleus =  1.1766617491E+02
           GradRho =  6.3670832495E-11  6.2827831826E-10 -3.6236075251E-10
           HessRho_EigVals = -1.4498502929E+05 -1.4498404548E+05 -1.4498373562E+05
           HessRho_EigVec1 =  9.4516670944E-01  1.0376845199E-01  3.0966433398E-01
           HessRho_EigVec2 = -1.9830081967E-01  9.3572949785E-01  2.9169691766E-01
           HessRho_EigVec3 = -2.5949311414E-01 -3.3710890707E-01  9.0499773949E-01
           DelSqRho = -4.3495281039E+05
           Bond Ellipticity = NA
           V = -1.0874841069E+05
           G =  5.1040470081E+00
           K =  1.0874330665E+05
           L =  1.0873820260E+05
           Vnuc =  4.0821283967E+06
           Ven = -4.8032843458E+08
           Vrep =  4.8021968617E+08
           DelSqV =  2.4949099156E+09
           DelSqVen =  1.7755331953E+12
           DelSqVrep = -1.7730382853E+12
           DelSqG =  1.3400696361E+08
           DelSqK = -2.6289168792E+09
           Stress_EigVals = -3.6249741858E+04 -3.6249587228E+04 -3.6249081606E+04
           Stress_EigVec1 = -2.4592515130E-01 -4.1131754698E-01  8.7768940720E-01
           Stress_EigVec2 = -1.9738265040E-01  9.0777617949E-01  3.7011146600E-01
           Stress_EigVec3 =  9.4897887715E-01  8.2220943149E-02  3.0443194187E-01
           -DivStress = -9.6576105227E+01 -1.0357574244E+03  5.8535572054E+02
           ESP =  -1.4730730576E+01     ESP at Nucleus =  -1.4730730593E+01
           ESPe = -2.5205636576E+01     ESPe at Nucleus = -2.5205636666E+01
           ESPn =  1.0474906000E+01     ESPn at Nucleus =  1.0474906073E+01

CP# 8      Coords =  5.70737529442555E+00 -2.00575164124773E+00 -2.52195934938854E+00
           Type = (3,-3) NACP H8
           Rho =  4.2891993541E-01     Rho at Nucleus =  4.2531609071E-01
           GradRho = -8.5695339713E-16  3.8864311075E-15  8.7343327015E-15
           HessRho_EigVals = -6.5574451089E+00 -6.5498013117E+00 -5.9590119875E+00
           HessRho_EigVec1 =  1.1972254200E-01  9.0176963001E-01 -4.1530476439E-01
           HessRho_EigVec2 = -9.4655652378E-01 -2.2512101248E-02 -3.2175138318E-01
           HessRho_EigVec3 = -2.9949500867E-01  4.3163032757E-01  8.5088072025E-01
           DelSqRho = -1.9066258408E+01
           Bond Ellipticity = NA
           V = -4.7756037157E+00
           G =  4.5195568187E-03
           K =  4.7710841589E+00
           L =  4.7665646020E+00
           Vnuc =  3.9723808805E+01
           Ven = -1.7038333507E+01
           Vrep =  1.2262729791E+01
           DelSqV =  7.1868278328E+02
           DelSqVen =  7.5738440363E+02
           DelSqVrep = -3.8701620353E+01
           DelSqG =  7.0974680787E+01
           DelSqK = -7.8965746407E+02
           Stress_EigVals = -1.6424922510E+00 -1.6414030499E+00 -1.4917084148E+00
           Stress_EigVec1 =  2.7609263099E-02  8.9598250188E-01 -4.4323028429E-01
           Stress_EigVec2 = -9.5364919798E-01 -1.0930706029E-01 -2.8036614232E-01
           Stress_EigVec3 = -2.9965135704E-01  4.3042690773E-01  8.5143510694E-01
           -DivStress =  2.3529368640E+00 -3.3811051627E+00 -6.6813184745E+00
           ESP =  -1.1052668492E+00     ESP at Nucleus =  -1.1076839987E+00
           ESPe = -1.1708106456E+01     ESPe at Nucleus = -1.1627614601E+01
           ESPn =  1.0602839607E+01     ESPn at Nucleus =  1.0519930603E+01

CP# 9      Coords = -2.69629136619259E+00 -1.76439721966615E+00 -2.86640341586642E-01
           Type = (3,-3) NACP C9
           Rho =  1.1765898609E+02     Rho at Nucleus =  1.1765898561E+02
           GradRho = -2.2772790320E-09  2.5110692969E-09  1.6168462125E-09
           HessRho_EigVals = -1.4497870567E+05 -1.4497829318E+05 -1.4497723067E+05
           HessRho_EigVec1 =  2.9874971518E-02 -5.9082881992E-01  8.0624363044E-01
           HessRho_EigVec2 =  8.7196920277E-01 -3.7891667287E-01 -3.0998687784E-01
           HessRho_EigVec3 =  4.8864833520E-01  7.1228046482E-01  5.0386441028E-01
           DelSqRho = -4.3493422952E+05
           Bond Ellipticity = NA
           V = -1.0874387834E+05
           G =  5.1604821358E+00
           K =  1.0873871786E+05
           L =  1.0873355738E+05
           Vnuc =  2.3287773333E+06
           Ven = -2.7400157986E+08
           Vrep =  2.7389283598E+08
           DelSqV =  2.4948078338E+09
           DelSqVen =  1.0128649626E+12
           DelSqVrep = -1.0103701568E+12
           DelSqG =  1.3400426931E+08
           DelSqK = -2.6288121031E+09
           Stress_EigVals = -3.6248289290E+04 -3.6247980854E+04 -3.6247608200E+04
           Stress_EigVec1 =  9.2774529964E-01  3.0719862712E-01  2.1193787415E-01
           Stress_EigVec2 = -3.7317705292E-01  7.5558120513E-01  5.3836412364E-01
           Stress_EigVec3 =  5.2484453059E-03 -5.7855513648E-01  8.1562638988E-01
           -DivStress =  1.2849593247E+03 -1.3917647090E+03 -9.0273917647E+02
           ESP =  -1.4738269860E+01     ESP at Nucleus =  -1.4738269880E+01
           ESPe = -2.5725710925E+01     ESPe at Nucleus = -2.5725708305E+01
           ESPn =  1.0987441065E+01     ESPn at Nucleus =  1.0987438424E+01

CP# 10     Coords = -5.00955468387399E+00 -2.43221696497357E+00 -7.47805967717555E-01
           Type = (3,-3) NACP C10
           Rho =  1.1764729005E+02     Rho at Nucleus =  1.1764728967E+02
           GradRho = -3.8380622291E-10  2.2184240001E-09  1.4459639042E-09
           HessRho_EigVals = -1.4496371381E+05 -1.4496343663E+05 -1.4496229164E+05
           HessRho_EigVec1 = -1.2552801970E-02 -6.0865131415E-01  7.9333851851E-01
           HessRho_EigVec2 =  3.9972077994E-01  7.2419534306E-01  5.6192917985E-01
           HessRho_EigVec3 =  9.1655099435E-01 -3.2416767709E-01 -2.3419989727E-01
           DelSqRho = -4.3488944209E+05
           Bond Ellipticity = NA
           V = -1.0873269649E+05
           G =  5.1679851527E+00
           K =  1.0872752851E+05
           L =  1.0872236052E+05
           Vnuc =  2.6024442961E+06
           Ven = -3.0617051895E+08
           Vrep =  3.0606178626E+08
           DelSqV =  2.4945517138E+09
           DelSqVen =  1.1317755412E+12
           DelSqVrep = -1.1292809895E+12
           DelSqG =  1.3398998332E+08
           DelSqK = -2.6285416971E+09
           Stress_EigVals = -3.6244547600E+04 -3.6244253765E+04 -3.6243895128E+04
           Stress_EigVec1 =  9.6785463693E-01  2.0595347800E-01  1.4436262212E-01
           Stress_EigVec2 = -2.5150561986E-01  7.8905005111E-01  5.6048634240E-01
           Stress_EigVec3 =  1.5247772253E-03 -5.7877731619E-01  8.1548420789E-01
           -DivStress =  2.6205664221E+02 -1.5595550061E+03 -1.0128559883E+03
           ESP =  -1.4736798849E+01     ESP at Nucleus =  -1.4736798866E+01
           ESPe = -2.4873798216E+01     ESPe at Nucleus = -2.4873795658E+01
           ESPn =  1.0136999367E+01     ESPn at Nucleus =  1.0136996792E+01

CP# 11     Coords = -4.71256943141686E+00 -9.54066487718665E-02  8.55892032623482E-01
           Type = (3,-3) NACP C11
           Rho =  1.1743960215E+02     Rho at Nucleus =  1.1743960071E+02
           GradRho =  2.3855319413E-11 -8.9095397726E-13 -2.5934809855E-12
           HessRho_EigVals = -1.4469265147E+05 -1.4469182020E+05 -1.4469133113E+05
           HessRho_EigVec1 = -3.2910210493E-01  8.3430805952E-01  4.4229160782E-01
           HessRho_EigVec2 = -3.3589770046E-02 -4.7842984927E-01  8.7748310905E-01
           HessRho_EigVec3 =  9.4369673724E-01  2.7392506483E-01  1.8547648632E-01
           DelSqRho = -4.3407580280E+05
           Bond Ellipticity = NA
           V = -1.0852915717E+05
           G =  5.1032343095E+00
           K =  1.0852405393E+05
           L =  1.0851895070E+05
           Vnuc =  1.3457617794E+06
           Ven = -1.5804572796E+08
           Vrep =  1.5793719881E+08
           DelSqV =  2.4898869009E+09
           DelSqVen =  5.8416262298E+11
           DelSqVrep = -5.8167273608E+11
           DelSqG =  1.3372368894E+08
           DelSqK = -2.6236105898E+09
           Stress_EigVals = -3.6176485214E+04 -3.6176412104E+04 -3.6176259849E+04
           Stress_EigVec1 = -7.0670939260E-02 -4.0684087009E-01  9.1076128858E-01
           Stress_EigVec2 =  9.4283601608E-01  2.7085901892E-01  1.9415364703E-01
           Stress_EigVec3 = -3.2567754778E-01  8.7241956552E-01  3.6444236386E-01
           -DivStress = -1.1664962332E+03  2.3578487509E+03  2.4820643392E+03
           ESP =  -1.4723146770E+01     ESP at Nucleus =  -1.4723146847E+01
           ESPe = -2.5788606436E+01     ESPe at Nucleus = -2.5788602288E+01
           ESPn =  1.1065459666E+01     ESPn at Nucleus =  1.1065455442E+01

CP# 12     Coords = -7.24951505182697E-01 -2.06872121911104E+00 -5.07357252408277E-01
           Type = (3,-3) NACP H12
           Rho =  4.1211639154E-01     Rho at Nucleus =  4.0820790108E-01
           GradRho = -2.9143354396E-16  6.1062266354E-16  2.9620403352E-16
           HessRho_EigVals = -6.2928524471E+00 -6.2902966770E+00 -5.6740632473E+00
           HessRho_EigVec1 =  1.9031312021E-01  8.1921669135E-01  5.4098514664E-01
           HessRho_EigVec2 =  7.9980798148E-03 -5.5233209916E-01  8.3358579820E-01
           HessRho_EigVec3 =  9.8169086122E-01 -1.5431547184E-01 -1.1166820567E-01
           DelSqRho = -1.8257212371E+01
           Bond Ellipticity = NA
           V = -4.5738126005E+00
           G =  4.7547538354E-03
           K =  4.5690578467E+00
           L =  4.5643030928E+00
           Vnuc =  3.9451878762E+01
           Ven = -1.6258765915E+01
           Vrep =  1.1684953314E+01
           DelSqV =  6.8671637918E+02
           DelSqVen =  7.2028132900E+02
           DelSqVrep = -3.3564949817E+01
           DelSqG =  6.7760758239E+01
           DelSqK = -7.5447713742E+02
           Stress_EigVals = -1.5769144645E+00 -1.5761917174E+00 -1.4207064187E+00
           Stress_EigVec1 =  1.8753963029E-01  7.8681551479E-01  5.8800529994E-01
           Stress_EigVec2 = -2.7408828399E-03 -5.9820519549E-01  8.0133827542E-01
           Stress_EigVec3 =  9.8225321309E-01 -1.5189433754E-01 -1.1003061206E-01
           -DivStress =  7.8806395341E+00 -1.2038392979E+00 -8.7096751799E-01
           ESP =  -1.0793116410E+00     ESP at Nucleus =  -1.0820336078E+00
           ESPe = -1.3195664860E+01     ESPe at Nucleus = -1.3138318494E+01
           ESPn =  1.2116353219E+01     ESPn at Nucleus =  1.2056284886E+01

CP# 13     Coords = -6.30104696262578E+00 -3.68737694666574E+00 -1.63272874503405E+00
           Type = (3,-3) NACP H13
           Rho =  4.1548626345E-01     Rho at Nucleus =  4.1168655133E-01
           GradRho =  2.0695251068E-15  9.7491459350E-16 -1.7347234760E-16
           HessRho_EigVals = -6.3522529135E+00 -6.3495861731E+00 -5.7417257228E+00
           HessRho_EigVec1 = -7.6786036719E-01  5.3378792597E-01  3.5420461119E-01
           HessRho_EigVec2 = -1.3823163231E-02 -5.6658850411E-01  8.2388493564E-01
           HessRho_EigVec3 =  6.4046809184E-01  6.2773236104E-01  4.4243949444E-01
           DelSqRho = -1.8443564809E+01
           Bond Ellipticity = NA
           V = -4.6202567058E+00
           G =  4.6827517264E-03
           K =  4.6155739541E+00
           L =  4.6108912024E+00
           Vnuc =  3.7749521163E+01
           Ven = -1.5684407495E+01
           Vrep =  1.1064150789E+01
           DelSqV =  6.9437530613E+02
           DelSqVen =  6.9623574010E+02
           DelSqVrep = -1.8604339650E+00
           DelSqG =  6.8578058591E+01
           DelSqK = -7.6295336472E+02
           Stress_EigVals = -1.5918028078E+00 -1.5910939045E+00 -1.4373599935E+00
           Stress_EigVec1 = -7.6563255894E-01  5.0897736961E-01  3.9338126788E-01
           Stress_EigVec2 =  2.1746921892E-02 -5.9069688939E-01  8.0660043159E-01
           Stress_EigVec3 =  6.4291045728E-01  6.2611438419E-01  4.4118807988E-01
           -DivStress = -5.1171632905E+00 -4.9676289005E+00 -3.4984451285E+00
           ESP =  -1.0764795892E+00     ESP at Nucleus =  -1.0791213931E+00
           ESPe = -1.0953095770E+01     ESPe at Nucleus = -1.0869076914E+01
           ESPn =  9.8766161810E+00     ESPn at Nucleus =  9.7899555208E+00

CP# 14     Coords =  4.06672594413719E+00 -1.87409004505646E+00  2.98619761678677E+00
           Type = (3,-3) NACP H14
           Rho =  4.2437057096E-01     Rho at Nucleus =  4.2066334604E-01
           GradRho =  2.6203796945E-11 -3.9452674634E-11 -9.3064563000E-11
           HessRho_EigVals = -6.4599998904E+00 -6.4536843231E+00 -5.8595674693E+00
           HessRho_EigVec1 =  1.1481282487E-01  9.2587579003E-01 -3.5996115997E-01
           HessRho_EigVec2 = -9.6102506327E-01  1.1786865759E-02 -2.7620987956E-01
           HessRho_EigVec3 = -2.5149322658E-01  3.7764413307E-01  8.9114312304E-01
           DelSqRho = -1.8773251683E+01
           Bond Ellipticity = NA
           V = -4.7026183966E+00
           G =  4.6527379417E-03
           K =  4.6979656586E+00
           L =  4.6933129207E+00
           Vnuc =  3.9381530780E+01
           Ven = -1.6712362703E+01
           Vrep =  1.2009744306E+01
           DelSqV =  7.0677057084E+02
           DelSqVen =  7.3931938916E+02
           DelSqVrep = -3.2548818316E+01
           DelSqG =  6.9548106124E+01
           DelSqK = -7.7631867697E+02
           Stress_EigVals = -1.6183019205E+00 -1.6177443140E+00 -1.4665721621E+00
           Stress_EigVec1 =  3.2689434645E-02  9.2414973771E-01 -3.8062929886E-01
           Stress_EigVec2 = -9.6754842132E-01 -6.6212524955E-02 -2.4385642076E-01
           Stress_EigVec3 = -2.5056227423E-01  3.7624880574E-01  8.9199516978E-01
           -DivStress = -1.9823893292E+00  2.9840863513E+00  7.0441555716E+00
           ESP =  -1.1051976209E+00     ESP at Nucleus =  -1.1076639906E+00
           ESPe = -1.1998847489E+01     ESPe at Nucleus = -1.1931959163E+01
           ESPn =  1.0893649868E+01     ESPn at Nucleus =  1.0824295172E+01

CP# 15     Coords =  2.02569536902631E+00  2.24521483859219E+00  1.79433662857888E+00
           Type = (3,-3) NACP H15
           Rho =  4.2455219461E-01     Rho at Nucleus =  4.2083307894E-01
           GradRho =  5.7072402360E-16 -8.0447801198E-17 -5.7245874707E-16
           HessRho_EigVals = -6.4653786626E+00 -6.4590596164E+00 -5.8639017855E+00
           HessRho_EigVec1 = -2.8411569780E-01  9.1412841846E-01  2.8921878368E-01
           HessRho_EigVec2 =  6.7327080480E-01 -2.4550695771E-02  7.3898828593E-01
           HessRho_EigVec3 =  6.8263071545E-01  4.0468073578E-01 -6.0848073792E-01
           DelSqRho = -1.8788340065E+01
           Bond Ellipticity = NA
           V = -4.7063926363E+00
           G =  4.6538100545E-03
           K =  4.7017388262E+00
           L =  4.6970850161E+00
           Vnuc =  4.0116892730E+01
           Ven = -1.7031714849E+01
           Vrep =  1.2325322213E+01
           DelSqV =  7.0732740808E+02
           DelSqVen =  7.5372982294E+02
           DelSqVrep = -4.6402414857E+01
           DelSqG =  6.9630280752E+01
           DelSqK = -7.7695768883E+02
           Stress_EigVals = -1.6196498607E+00 -1.6190876952E+00 -1.4676550803E+00
           Stress_EigVec1 = -3.3981316906E-01  9.1351483370E-01  2.2364628042E-01
           Stress_EigVec2 =  6.4569406862E-01  5.3707761996E-02  7.6170509126E-01
           Stress_EigVec3 =  6.8381735857E-01  4.0324449769E-01 -6.0810171452E-01
           -DivStress = -5.4102524242E+00 -3.2021270655E+00  4.8149699834E+00
           ESP =  -1.1072762853E+00     ESP at Nucleus =  -1.1097430878E+00
           ESPe = -1.2770449829E+01     ESPe at Nucleus = -1.2714781907E+01
           ESPn =  1.1663173544E+01     ESPn at Nucleus =  1.1605038819E+01

CP# 16     Coords = -5.06658578691105E+00 -2.62983500846178E-01  2.85925915946808E+00
           Type = (3,-3) NACP H16
           Rho =  4.3269572963E-01     Rho at Nucleus =  4.2935014031E-01
           GradRho =  1.0311809479E-10  4.4458462085E-11 -5.7659432437E-10
           HessRho_EigVals = -6.6099173828E+00 -6.6007811848E+00 -6.0336286303E+00
           HessRho_EigVec1 = -2.7994474936E-01  9.5971706723E-01  2.3960137316E-02
           HessRho_EigVec2 =  9.4384060337E-01  2.7057992617E-01  1.8960859417E-01
           HessRho_EigVec3 = -1.7548747173E-01 -7.5694480833E-02  9.8156736541E-01
           DelSqRho = -1.9244327198E+01
