AIMSum (Version 19.02.13, Professional)
Copyright (c) 1997-2019 by Todd A. Keith
AIMSum is a component of the AIMAll package ( http://aim.tkgristmill.com )

TP:  64-bit Linux

Much of the Quantum Theory of Atoms in Molecules (QTAIM) is described in the book:
  "Atoms in Molecules - A Quantum Theory"
  R.F.W. Bader, Oxford University Press, Oxford, 1990

For additional references see:  http://aim.tkgristmill.com/references.html

Wfn File:  /home/mhennefarth/Documents/ML_Diels/summary-levandowski2016/14-opt/14-opt.wfn
Sum File:  /home/mhennefarth/Documents/ML_Diels/summary-levandowski2016/14-opt/14-opt.sum

SumViz File:  /home/mhennefarth/Documents/ML_Diels/summary-levandowski2016/14-opt/14-opt.sumviz

Wfn Title:   Title Card Required                                                           
 
Total memory allocated for AIMSum =        0.946 Megabytes

Atomic units (a.u.) used throughout, except where stated otherwise

Model:  Restricted SCF
 
Restricted, closed-shell, single-determinant wavefunction.
  Number of electrons (from MO Occs)                   =          60.0000000000
  Number of Alpha electrons (from MO Occs)             =          30.0000000000
  Number of Beta electrons (from MO Occs)              =          30.0000000000
  Number of electron pairs (N*(N-1)/2)                 =        1770.0000000000
  Number of electron pairs (from Muller 2EDM)          =        1770.0000000000
 
Nuclear Charges and Cartesian Coordinates:
-------------------------------------------------------------------------------
Atom      Charge                X                  Y                  Z
-------------------------------------------------------------------------------
C1         6.0           3.6501855400E+00   3.1132479200E+00   1.7591259000E-01
H2         1.0           3.4235748200E+00   4.9638089200E+00  -6.8336927000E-01
C3         6.0           5.1973569900E+00   1.3733970500E+00  -8.2103649000E-01
H4         1.0           6.2993710300E+00   1.8777819800E+00  -2.4883469500E+00
C5         6.0           3.9052010400E+00  -2.6090055900E+00   1.3753542600E+00
H6         1.0           4.3782585000E+00  -4.4780821600E+00   2.0804012600E+00
C7         6.0           5.6174707800E+00  -1.1889241700E+00   1.6826244000E-01
H8         1.0           7.4917866800E+00  -1.9763818500E+00  -1.6967931000E-01
C9         6.0          -2.5687622900E+00  -2.8082454000E-01  -1.5486239800E+00
C10        6.0          -3.9230770400E+00  -2.2815391400E+00  -1.1264178400E+00
C11        6.0          -5.2747729300E+00   2.0398162000E-01  -7.8013691000E-01
H12        1.0          -7.7432623000E-01   5.5845063000E-01  -2.0483614300E+00
H13        1.0          -4.0720723100E+00  -4.3165470400E+00  -1.0368807000E+00
H14        1.0           1.9724215200E+00  -1.9751315500E+00   1.6636011900E+00
H15        1.0           2.5911243900E+00   2.7579377800E+00   1.9000075400E+00
H16        1.0          -6.6065797700E+00   7.9469735000E-01  -2.2557929200E+00
C17        6.0          -5.9745387300E+00   1.2234216900E+00   1.8172613000E+00
H18        1.0          -4.6109771300E+00   6.0313292000E-01   3.2481633600E+00
H19        1.0          -6.0114515600E+00   3.2983291800E+00   1.8256069900E+00
H20        1.0          -7.8555100500E+00   5.6947488000E-01   2.4011980200E+00
 
Some Atomic Properties:
----------------------
  q(A) = Net Charge of Atom A
  L(A) = Lagrangian of Atom A = -(1/4) Times Atomic Integral of the Laplacian of the Electron Density
  K(A) = Electronic Kinetic Energy of Atom A (Hamiltonian Form)
  K_Scaled(A) = K(A) * E(Mol)/K(Mol) = Approximation to Virial-Based Total Energy of Atom A.
  |Mu_Intra(A)| = Magnitude of Intraatomic Dipole Moment of Atom A
--------------------------------------------------------------------------------------------------
Atom A          q(A)              L(A)              K(A)          K_Scaled(A)      |Mu_Intra(A)|
--------------------------------------------------------------------------------------------------
C1       -9.4360337000E-02  7.9197739722E-05  3.7706405188E+01 -3.8095243819E+01  1.1529419820E-01
H2        4.3520479340E-02  1.6898912981E-05  5.9425749490E-01 -6.0038563864E-01  1.4774994994E-01
C3       -3.3195670100E-02 -6.5521282113E-05  3.7702259189E+01 -3.8091055066E+01  7.3016300127E-02
H4        3.3796024910E-02  2.5055438101E-05  6.0205375725E-01 -6.0826229815E-01  1.5127521438E-01
C5       -8.6572976400E-02  2.1014578030E-05  3.7704979747E+01 -3.8093803678E+01  1.1578025541E-01
H6        4.2065892840E-02  2.2012001304E-05  5.9501696012E-01 -6.0115293567E-01  1.4804874935E-01
C7       -3.1299336800E-02 -1.5056741561E-04  3.7701560163E+01 -3.8090348831E+01  7.6252718076E-02
H8        3.2991537850E-02  3.1863151618E-05  6.0234927699E-01 -6.0856086537E-01  1.5140511879E-01
C9       -1.5586071740E-01 -3.4362655374E-04  3.7768342861E+01 -3.8157820210E+01  2.6301059112E-01
C10      -1.5621615280E-01 -3.4446646288E-05  3.7768266818E+01 -3.8157743383E+01  2.3822570015E-01
C11       9.9917288100E-02 -3.8787380272E-04  3.7557949901E+01 -3.7945257621E+01  2.6170758400E-01
H12       1.1939079052E-01  1.6560658093E-05  5.5639244771E-01 -5.6213011686E-01  1.3978468048E-01
H13       1.0262943761E-01  1.8990482725E-05  5.6355003541E-01 -5.6936151554E-01  1.4740994820E-01
H14       4.9636494960E-02  3.2219062612E-05  5.9091276602E-01 -5.9700641801E-01  1.4459586644E-01
H15       4.5738181110E-02  2.1482572049E-05  5.9259007686E-01 -5.9870102573E-01  1.4760377754E-01
H16      -1.5388577000E-03  3.1017506107E-05  6.1954206562E-01 -6.2593095068E-01  1.6188098022E-01
C17      -2.4208160500E-02 -3.2548063298E-05  3.7690498098E+01 -3.8079172691E+01  4.6213638233E-02
H18       4.9596680100E-03  2.5978108806E-05  6.0784016052E-01 -6.1410837237E-01  1.5867515369E-01
H19       3.8106155900E-03  2.3848123394E-05  6.0798741485E-01 -6.1425714523E-01  1.5709466492E-01
H20       4.1448254200E-03  1.7942429956E-05  6.0783635151E-01 -6.1410452408E-01  1.5703887767E-01
--------------------------------------------------------------------------------------------------
Total    -6.5097244000E-04 -6.3050299827E-04  3.0874059077E+02 -3.1192440711E+02
 
1st Largest |L(A)| = 3.8787380272E-04, atom C11     
2nd Largest |L(A)| = 3.4362655374E-04, atom C9      
 
Molecular charge q(Mol) from the wfn file:   0.0000000000E+00
Molecular energy E(Mol) from the wfn file:  -3.1192455210E+02
Molecular virial ratio (-V(Mol)/T(Mol)) from the wfn file:   2.0103122700E+00
Note.  K_Scaled(A) = (1+V(Mol)/T(Mol))*K(A) = (E(Mol)/T(Mol))*K(A)
       Only use K_Scaled(A) data with caution.
 
N_AIMInt(SumA)     =         60.000651
N_Analytic(Mol)    =         59.999989
 
G_AIMInt(SumA)     =        308.741221
G_Analytic(Mol)    =        308.740711
 
K_AIMInt(SumA)     =        308.740591
K_Analytic(Mol)    =        308.740711
 
L_AIMInt(SumA)     =         -0.000631
L_Analytic(Mol)    =          0.000000
 
VenT_AIMInt(SumA)  =      -1338.173829
VenT_Analytic(Mol) =      -1338.166639
 
Some Information About the Atomic Calculations:
----------------------------------------------
  Time(sec) = "Elapsed User Time", in Seconds, for Atom A by AIMInt and, if used, by TWOe
  NProc = Number of Processors Used for AIMInt Job
  BIM = Basin Integration Method
  OAQ = Angular Quadrature Outside of Beta Sphere
  ORQ = Multiple of Default for Radial Quadrature Outside of Beta Sphere
  IAQ = Multiple of Default for Angular Quadrature Inside of Beta Sphere
  IRQ = Multiple of Default for Radial Quadrature Inside of Beta Sphere
  MIR = Maximum Integration Radius
------------------------------------------------------------------------------------------------------
Atom A     Time(sec)   NProc      BIM          OAQ                     ORQ      IAQ      IRQ      MIR
------------------------------------------------------------------------------------------------------
C1             53        8     Proaim(5)    4500(GS4)                  1.00     1.00     1.00    13.00
H2             10        8     Proaim(5)    1800(GS4)                  1.00     1.00     1.00    13.00
C3             48        8     Proaim(5)    4500(GS4)                  1.00     1.00     1.00    13.00
H4              9        8     Proaim(5)    1800(GS4)                  1.00     1.00     1.00    13.00
C5             43        8     Proaim(5)    4500(GS4)                  1.00     1.00     1.00    13.00
H6              7        8     Proaim(5)    1800(GS4)                  1.00     1.00     1.00    13.00
C7             47        8     Proaim(5)    4500(GS4)                  1.00     1.00     1.00    13.00
H8              7        8     Proaim(5)    1800(GS4)                  1.00     1.00     1.00    13.00
C9             63        8     Proaim(5)    4500(GS4)                  1.00     1.00     1.00    13.00
C10            42        8     Proaim(5)    4500(GS4)                  1.00     1.00     1.00    13.00
C11            46        8     Proaim(5)    4500(GS4)                  1.00     1.00     1.00    13.00
H12            30        8     Proaim(5)    4500(GS4)                  1.00     1.00     1.00    13.00
H13             7        8     Proaim(5)    1800(GS4)                  1.00     1.00     1.00    13.00
H14            29        8     Proaim(5)    4500(GS4)                  1.00     1.00     1.00    13.00
H15            21        8     Proaim(5)    1800(GS4)                  1.00     1.00     1.00    13.00
H16            12        8     Proaim(5)    1800(GS4)                  1.00     1.00     1.00    13.00
C17            36        8     Proaim(5)    4500(GS4)                  1.00     1.00     1.00    13.00
H18            14        8     Proaim(5)    1800(GS4)                  1.00     1.00     1.00    13.00
H19             9        8     Proaim(5)    1800(GS4)                  1.00     1.00     1.00    13.00
H20            11        8     Proaim(5)    1800(GS4)                  1.00     1.00     1.00    13.00
------------------------------------------------------------------------------------------------------
Total         544
Note:  Total wall clock time is less than total of atomic times if more than one atom
       was calculated at a time
 
Electron Density Critical Point Analysis of Molecular Structure:               
---------------------------------------------------------------                
  NACP = Nuclear Attractor Critical Point                                      
  NNACP = Non-Nuclear Attractor Critical Point                                 
  BCP = Bond Critical Point                                                    
  RCP = Ring Critical Point                                                    
  CCP = Cage Critical Point                                                    
  Rho = Electron Density                                                       
  GradRho = Gradient of Electron Density                                       
  HessRho_EigVals = Eigenvalues of the Hessian of Rho, Ascending Order         
  HessRho_EigVecs = Eigenvectors of the Hessian of Rho                         
  DelSqRho = Laplacian of Rho = Trace of Hessian of Rho                        
  Bond Ellipticity = (HessRho_EigVal(1) / HessRho_EigVal(2)) - 1               
  V = Virial Field = Potential Energy Density = Trace of Stress Tensor         
  G = Lagrangian Form of Kinetic Energy Density                                
  K = Hamiltonian Form of Kinetic Energy Density                               
  L = K - G = Lagrangian Density = (-1/4)DelSqRho                              
  Vnuc = Electrostatic Potential from Nuclei                                   
  Ven = Electron-nuclear attractive contribution to Virial Field V             
  Vrep = V - Ven = Repulsive contribution to Virial Field V                    
  DelSqV = Laplacian of V                                                      
  DelSqVen = Laplacian of Ven                                                  
  DelSqVrep = Laplacian of Vrep                                                
  DelSqG = Laplacian of G                                                      
  DelSqK = Laplacian of K                                                      
  Stress_EigVals = Eigenvalues of Stress Tensor, Ascending Order               
  Stress_EigVecs = Eigenvectors of Stress Tensor                               
  -DivStress = Ehrenfest Force Density = Minus Divergence of Stress Tensor     
  ESP = Total Electrostatic Potential                                          
  ESPe = Electrostatic Potential from Electrons                                
  ESPn = Electrostatic Potential from Nuclei                                   
  BP = Bond Path                                                               
  BPL = Bond Path Length                                                       
  GBL = Geometric Bond Length                                                  
  GBL_I = Distance Between Nuclear Attractors                                  
  GBL_II = Distance Between Nuclei                                             
  GBL_III = Sum of Distances Between BCP and Nuclear Attractors                
  GBL_IV = Sum of Distances Between BCP and Nuclei                             

CP# 1      Coords =  3.65018482412443E+00  3.11324847162511E+00  1.75912637428680E-01
           Type = (3,-3) NACP C1
           Rho =  1.1768404919E+02     Rho at Nucleus =  1.1768404913E+02
           GradRho = -1.3747205067E-10  8.9899060418E-11  8.9152574212E-12
           HessRho_EigVals = -1.4501553421E+05 -1.4501459082E+05 -1.4501444484E+05
           HessRho_EigVec1 =  7.8339005791E-01  3.5986878498E-01  5.0674892676E-01
           HessRho_EigVec2 = -1.9367192789E-01 -6.3339118147E-01  7.4920410810E-01
           HessRho_EigVec3 = -5.9058547351E-01  6.8506209123E-01  4.2649587295E-01
           DelSqRho = -4.3504456987E+05
           Bond Ellipticity = NA
           V = -1.0877138484E+05
           G =  5.1211879990E+00
           K =  1.0876626366E+05
           L =  1.0876114247E+05
           Vnuc =  6.6298740745E+06
           Ven = -7.8023042671E+08
           Vrep =  7.8012165532E+08
           DelSqV =  2.4954439453E+09
           DelSqVen =  2.8842906092E+12
           DelSqVrep = -2.8817951652E+12
           DelSqG =  1.3404406137E+08
           DelSqK = -2.6294880067E+09
           Stress_EigVals = -3.6257369549E+04 -3.6257271637E+04 -3.6256743658E+04
           Stress_EigVec1 = -5.8769709936E-01  7.1518546919E-01  3.7831450417E-01
           Stress_EigVec2 = -2.4508957563E-01 -6.0298265568E-01  7.5917258701E-01
           Stress_EigVec3 =  7.7106628724E-01  3.5344258602E-01  5.2965566085E-01
           -DivStress =  5.8112713987E+02 -4.4992283153E+02 -3.9210991733E+01
           ESP =  -1.4743243726E+01     ESP at Nucleus =  -1.4743243737E+01
           ESPe = -2.4456650080E+01     ESPe at Nucleus = -2.4456650903E+01
           ESPn =  9.7134063538E+00     ESPn at Nucleus =  9.7134071657E+00

CP# 2      Coords =  3.42741950184349E+00  4.93225168978646E+00 -6.68679525684557E-01
           Type = (3,-3) NACP H2
           Rho =  4.2536110642E-01     Rho at Nucleus =  4.2166086052E-01
           GradRho =  2.3038642608E-11 -1.8927174411E-10  8.8105620022E-11
           HessRho_EigVals = -6.4775262608E+00 -6.4712963950E+00 -5.8767755157E+00
           HessRho_EigVec1 =  6.5893017729E-01 -2.4922044090E-01 -7.0971839013E-01
           HessRho_EigVec2 =  7.4410037175E-01  3.5408832000E-01  5.6651222265E-01
           HessRho_EigVec3 = -1.1011656653E-01  9.0139371724E-01 -4.1876450220E-01
           DelSqRho = -1.8825598172E+01
           Bond Ellipticity = NA
           V = -4.7156553193E+00
           G =  4.6278881993E-03
           K =  4.7110274311E+00
           L =  4.7063995429E+00
           Vnuc =  3.8718756046E+01
           Ven = -1.6469452911E+01
           Vrep =  1.1753797592E+01
           DelSqV =  7.0882735640E+02
           DelSqVen =  7.2890374338E+02
           DelSqVrep = -2.0076386978E+01
           DelSqG =  6.9771274332E+01
           DelSqK = -7.7859863073E+02
           Stress_EigVals = -1.6226921222E+00 -1.6221863362E+00 -1.4707768609E+00
           Stress_EigVec1 = -5.7932480093E-01  2.8269126641E-01  7.6450534526E-01
           Stress_EigVec2 =  8.0749912165E-01  3.2681187821E-01  4.9105922738E-01
           Stress_EigVec3 = -1.1103127291E-01  9.0182018394E-01 -4.1760317561E-01
           -DivStress = -8.6899452607E-01  7.1245782639E+00 -3.3154842775E+00
           ESP =  -1.1054632136E+00     ESP at Nucleus =  -1.1079386813E+00
           ESPe = -1.1269440209E+01     ESPe at Nucleus = -1.1192673270E+01
           ESPn =  1.0163976995E+01     ESPn at Nucleus =  1.0084734589E+01

CP# 3      Coords =  5.19735768669664E+00  1.37339574575227E+00 -8.21036594989311E-01
           Type = (3,-3) NACP C3
           Rho =  1.1766369675E+02     Rho at Nucleus =  1.1766369659E+02
           GradRho =  3.3291266271E-10 -6.3436911280E-10 -6.3868119127E-11
           HessRho_EigVals = -1.4498113869E+05 -1.4498015169E+05 -1.4497984328E+05
           HessRho_EigVec1 =  7.3924514377E-01  2.9167562350E-01  6.0699419113E-01
           HessRho_EigVec2 = -1.2685469122E-01 -8.2489126340E-01  5.5087411527E-01
           HessRho_EigVec3 = -6.6138075624E-01  4.8423107523E-01  5.7279643946E-01
           DelSqRho = -4.3494113367E+05
           Bond Ellipticity = NA
           V = -1.0874548739E+05
           G =  5.1019877898E+00
           K =  1.0874038540E+05
           L =  1.0873528342E+05
           Vnuc =  4.0475365707E+06
           Ven = -4.7624811563E+08
           Vrep =  4.7613937015E+08
           DelSqV =  2.4948422519E+09
           DelSqVen =  1.7604404183E+12
           DelSqVrep = -1.7579455761E+12
           DelSqG =  1.3400256605E+08
           DelSqK = -2.6288448180E+09
           Stress_EigVals = -3.6248767589E+04 -3.6248612951E+04 -3.6248106852E+04
           Stress_EigVec1 = -6.5208704462E-01  5.4449708007E-01  5.2754660082E-01
           Stress_EigVec2 = -1.6009006672E-01 -7.7904146765E-01  6.0618937817E-01
           Stress_EigVec3 =  7.4104902454E-01  3.1083326957E-01  5.9517142216E-01
           -DivStress = -5.6448450459E+02  1.0600518031E+03  8.1661464565E+01
           ESP =  -1.4732127991E+01     ESP at Nucleus =  -1.4732128009E+01
           ESPe = -2.5145348903E+01     ESPe at Nucleus = -2.5145349115E+01
           ESPn =  1.0413220911E+01     ESPn at Nucleus =  1.0413221106E+01

CP# 4      Coords =  6.28111170150695E+00  1.86925998654982E+00 -2.46059317787303E+00
           Type = (3,-3) NACP H4
           Rho =  4.2890190686E-01     Rho at Nucleus =  4.2530663977E-01
           GradRho = -3.7990444124E-16 -8.5305026931E-16  4.1134630424E-15
           HessRho_EigVals = -6.5574725880E+00 -6.5498199751E+00 -5.9598830370E+00
           HessRho_EigVec1 = -4.4480062406E-01  8.9547532368E-01 -1.6623763848E-02
           HessRho_EigVec2 =  7.2060002470E-01  3.6883571984E-01  5.8710801065E-01
           HessRho_EigVec3 = -5.3187217377E-01 -2.4916692489E-01  8.0933789872E-01
           DelSqRho = -1.9067175600E+01
           Bond Ellipticity = NA
           V = -4.7758542079E+00
           G =  4.5301539205E-03
           K =  4.7713240540E+00
           L =  4.7667939000E+00
           Vnuc =  3.9618780813E+01
           Ven = -1.6992570638E+01
           Vrep =  1.2216716430E+01
           DelSqV =  7.1876011473E+02
           DelSqVen =  7.5541825083E+02
           DelSqVrep = -3.6658136092E+01
           DelSqG =  7.0984204419E+01
           DelSqK = -7.8974431915E+02
           Stress_EigVals = -1.6425013188E+00 -1.6414208136E+00 -1.4919320754E+00
           Stress_EigVec1 = -3.6951424004E-01  9.2830689292E-01  4.1298171543E-02
           Stress_EigVec2 =  7.6153761236E-01  2.7706550356E-01  5.8591396271E-01
           Stress_EigVec3 = -5.3246567154E-01 -2.4795366361E-01  8.0932026376E-01
           -DivStress =  4.1739274137E+00  1.9474278212E+00 -6.3442259847E+00
           ESP =  -1.1065847985E+00     ESP at Nucleus =  -1.1089961687E+00
           ESPe = -1.1568483718E+01     ESPe at Nucleus = -1.1487313009E+01
           ESPn =  1.0461898920E+01     ESPn at Nucleus =  1.0378316840E+01

CP# 5      Coords =  3.90520069281212E+00 -2.60900614037189E+00  1.37535478607519E+00
           Type = (3,-3) NACP C5
           Rho =  1.1768126750E+02     Rho at Nucleus =  1.1768126745E+02
           GradRho = -4.4538595034E-11 -9.4982743892E-11  7.0546901654E-11
           HessRho_EigVals = -1.4501054817E+05 -1.4500953732E+05 -1.4500939085E+05
           HessRho_EigVec1 =  2.2505865112E-01  4.0834094208E-01  8.8465037081E-01
           HessRho_EigVec2 = -6.2002670853E-01  7.6040738541E-01 -1.9325498420E-01
           HessRho_EigVec3 =  7.5160859778E-01  5.0501315155E-01 -4.2431855074E-01
           DelSqRho = -4.3502947635E+05
           Bond Ellipticity = NA
           V = -1.0876759911E+05
           G =  5.1150132982E+00
           K =  1.0876248410E+05
           L =  1.0875736909E+05
           Vnuc =  7.1703379121E+06
           Ven = -8.4381445388E+08
           Vrep =  8.4370568628E+08
           DelSqV =  2.4953558079E+09
           DelSqVen =  3.1193100452E+12
           DelSqVrep = -3.1168146894E+12
           DelSqG =  1.3403788104E+08
           DelSqK = -2.6293936890E+09
           Stress_EigVals = -3.6256112854E+04 -3.6256016268E+04 -3.6255469992E+04
           Stress_EigVec1 =  6.8561962546E-01  5.6805628740E-01 -4.5523376801E-01
           Stress_EigVec2 =  6.8386200512E-01 -7.1695413594E-01  1.3531269306E-01
           Stress_EigVec3 =  2.4951650674E-01  4.0409011533E-01  8.8002993788E-01
           -DivStress =  2.8221241738E+02  4.4892204405E+02 -4.2722865870E+02
           ESP =  -1.4745306851E+01     ESP at Nucleus =  -1.4745306862E+01
           ESPe = -2.4439311735E+01     ESPe at Nucleus = -2.4439312683E+01
           ESPn =  9.6940048839E+00     ESPn at Nucleus =  9.6940058218E+00

CP# 6      Coords =  4.37015540429804E+00 -4.44624650631889E+00  2.06838626394856E+00
           Type = (3,-3) NACP H6
           Rho =  4.2565727054E-01     Rho at Nucleus =  4.2196244622E-01
           GradRho = -8.8688870050E-11  3.4839398987E-10 -1.3144711123E-10
           HessRho_EigVals = -6.4829749728E+00 -6.4768551121E+00 -5.8824503428E+00
           HessRho_EigVec1 =  9.2661673532E-01  9.7971399472E-02 -3.6301932552E-01
           HessRho_EigVec2 =  2.9682932257E-01  4.0204829037E-01  8.6616945541E-01
           HessRho_EigVec3 = -2.3081113292E-01  9.1036189348E-01 -3.4346389012E-01
           DelSqRho = -1.8842280428E+01
           Bond Ellipticity = NA
           V = -4.7198409092E+00
           G =  4.6354011305E-03
           K =  4.7152055081E+00
           L =  4.7105701069E+00
           Vnuc =  3.8565076041E+01
           Ven = -1.6415505006E+01
           Vrep =  1.1695664097E+01
           DelSqV =  7.0949998488E+02
           DelSqVen =  7.2665397811E+02
           DelSqVrep = -1.7153993235E+01
           DelSqG =  6.9845685317E+01
           DelSqK = -7.7934567019E+02
           Stress_EigVals = -1.6240784608E+00 -1.6235662453E+00 -1.4721962031E+00
           Stress_EigVec1 =  9.5102270236E-01  1.3438796174E-01 -2.7838048664E-01
           Stress_EigVec2 =  2.0724898211E-01  3.9097849065E-01  8.9676288910E-01
           Stress_EigVec3 = -2.2935491932E-01  9.1053593866E-01 -3.4397765246E-01
           -DivStress =  1.8297888825E+00 -7.1936317127E+00  2.7154874189E+00
           ESP =  -1.1081237603E+00     ESP at Nucleus =  -1.1105944518E+00
           ESPe = -1.1084602828E+01     ESPe at Nucleus = -1.1006039204E+01
           ESPn =  9.9764790675E+00     ESPn at Nucleus =  9.8954447520E+00

CP# 7      Coords =  5.61747130175273E+00 -1.18892286797093E+00  1.68261597895410E-01
           Type = (3,-3) NACP C7
           Rho =  1.1765640596E+02     Rho at Nucleus =  1.1765640577E+02
           GradRho =  3.6459779640E-10  7.7716486024E-10 -5.0724975609E-10
           HessRho_EigVals = -1.4497135470E+05 -1.4497046990E+05 -1.4497012863E+05
           HessRho_EigVec1 =  3.3467552253E-01  3.3002970859E-01  8.8265094237E-01
           HessRho_EigVec2 = -4.3117032468E-01  8.8649581710E-01 -1.6798011009E-01
           HessRho_EigVec3 =  8.3790479515E-01  3.2435406228E-01 -4.3898746741E-01
           DelSqRho = -4.3491195324E+05
           Bond Ellipticity = NA
           V = -1.0873820376E+05
           G =  5.1077238301E+00
           K =  1.0873309603E+05
           L =  1.0872798831E+05
           Vnuc =  3.6673893818E+06
           Ven = -4.3149185392E+08
           Vrep =  4.3138311572E+08
           DelSqV =  2.4946749228E+09
           DelSqVen =  1.5949915382E+12
           DelSqVrep = -1.5924968633E+12
           DelSqG =  1.3399288233E+08
           DelSqK = -2.6286678052E+09
           Stress_EigVals = -3.6246337754E+04 -3.6246173116E+04 -3.6245692887E+04
           Stress_EigVec1 =  8.0325460148E-01  3.8973833427E-01 -4.5042876907E-01
           Stress_EigVec2 = -5.0156470361E-01  8.5046295716E-01 -1.5857366299E-01
           Stress_EigVec3 =  3.2127074766E-01  3.5329419653E-01  8.7861727584E-01
           -DivStress = -4.2028540114E+02 -1.0588595944E+03  6.8309646463E+02
           ESP =  -1.4734521394E+01     ESP at Nucleus =  -1.4734521413E+01
           ESPe = -2.5044659895E+01     ESPe at Nucleus = -2.5044660041E+01
           ESPn =  1.0310138502E+01     ESPn at Nucleus =  1.0310138628E+01

CP# 8      Coords =  7.46065273994317E+00 -1.96314115170403E+00 -1.64160721159955E-01
           Type = (3,-3) NACP H8
           Rho =  4.2890682388E-01     Rho at Nucleus =  4.2531535484E-01
           GradRho = -5.0554784534E-11  2.1516332119E-11  8.9509320095E-12
           HessRho_EigVals = -6.5569482261E+00 -6.5491618549E+00 -5.9598662666E+00
           HessRho_EigVec1 =  2.6364603649E-01  8.2609132956E-01 -4.9806011954E-01
           HessRho_EigVec2 = -3.2517617153E-01 -4.0999373287E-01 -8.5215350523E-01
           HessRho_EigVec3 =  9.0815814972E-01 -3.8662417700E-01 -1.6053199322E-01
           DelSqRho = -1.9065976348E+01
           Bond Ellipticity = NA
           V = -4.7755819861E+00
           G =  4.5439495691E-03
           K =  4.7710380365E+00
           L =  4.7664940869E+00
           Vnuc =  3.9426633863E+01
           Ven = -1.6910352307E+01
           Vrep =  1.2134770321E+01
           DelSqV =  7.1872306107E+02
           DelSqVen =  7.5170726879E+02
           DelSqVrep = -3.2984207721E+01
           DelSqG =  7.0974077729E+01
           DelSqK = -7.8969713880E+02
           Stress_EigVals = -1.6423550686E+00 -1.6413125700E+00 -1.4919143474E+00
           Stress_EigVec1 = -2.9472055083E-01 -8.6462701312E-01  4.0689055666E-01
           Stress_EigVec2 =  2.9627263007E-01  3.2214198232E-01  8.9913684826E-01
           Stress_EigVec3 =  9.0849453801E-01 -3.8554464256E-01 -1.6122345673E-01
           -DivStress =  7.1165446504E+00 -3.0260639299E+00 -1.2616624047E+00
           ESP =  -1.1083649621E+00     ESP at Nucleus =  -1.1107743492E+00
           ESPe = -1.1363156671E+01     ESPe at Nucleus = -1.1281173127E+01
           ESPn =  1.0254791709E+01     ESPn at Nucleus =  1.0170398778E+01

CP# 9      Coords = -2.56876459338050E+00 -2.80823817688667E-01 -1.54862323143496E+00
           Type = (3,-3) NACP C9
           Rho =  1.1766045645E+02     Rho at Nucleus =  1.1766045599E+02
           GradRho = -3.1851870030E-09  1.0271562489E-09  1.0621637701E-09
           HessRho_EigVals = -1.4498086440E+05 -1.4498044960E+05 -1.4497938119E+05
           HessRho_EigVec1 =  2.2690806430E-01  1.7997902251E-02  9.7374986823E-01
           HessRho_EigVec2 =  9.6662384018E-01  1.1796160430E-01 -2.2742781605E-01
           HessRho_EigVec3 = -1.1895832024E-01  9.9285504250E-01  9.3692379036E-03
           DelSqRho = -4.3494069518E+05
           Bond Ellipticity = NA
           V = -1.0874550048E+05
           G =  5.1633422544E+00
           K =  1.0874033714E+05
           L =  1.0873517380E+05
           Vnuc =  2.3740118787E+06
           Ven = -2.7932732128E+08
           Vrep =  2.7921857578E+08
           DelSqV =  2.4948452183E+09
           DelSqVen =  1.0325543936E+12
           DelSqVrep = -1.0300595484E+12
           DelSqG =  1.3400658357E+08
           DelSqK = -2.6288518019E+09
           Stress_EigVals = -3.6248826391E+04 -3.6248525903E+04 -3.6248148186E+04
           Stress_EigVec1 =  5.1603067109E-01  8.4212620702E-01 -1.5663906902E-01
           Stress_EigVec2 =  8.1669623252E-01 -5.3885697481E-01 -2.0649557982E-01
           Stress_EigVec3 =  2.5830139427E-01  2.1368484898E-02  9.6582802691E-01
           -DivStress =  1.8768407216E+03 -5.8706064286E+02 -6.0812273410E+02
           ESP =  -1.4735604428E+01     ESP at Nucleus =  -1.4735604448E+01
           ESPe = -2.5792555488E+01     ESPe at Nucleus = -2.5792553358E+01
           ESPn =  1.1056951061E+01     ESPn at Nucleus =  1.1056948910E+01

CP# 10     Coords = -3.92307852763707E+00 -2.28153743334004E+00 -1.12641737941640E+00
           Type = (3,-3) NACP C10
           Rho =  1.1764940250E+02     Rho at Nucleus =  1.1764940211E+02
           GradRho = -1.7428667398E-09  1.9931268858E-09  5.5783117014E-10
           HessRho_EigVals = -1.4496614687E+05 -1.4496582699E+05 -1.4496468561E+05
           HessRho_EigVec1 =  2.5898136063E-01  5.7483534328E-02  9.6417026407E-01
           HessRho_EigVec2 = -2.0941867884E-01  9.7782392510E-01 -2.0465687953E-03
           HessRho_EigVec3 =  9.4290639609E-01  2.0138523971E-01 -2.6527629640E-01
           DelSqRho = -4.3489665947E+05
           Bond Ellipticity = NA
           V = -1.0873449626E+05
           G =  5.1656976196E+00
           K =  1.0872933056E+05
           L =  1.0872416487E+05
           Vnuc =  2.5969776301E+06
           Ven = -3.0553286648E+08
           Vrep =  3.0542413198E+08
           DelSqV =  2.4945926560E+09
           DelSqVen =  1.1294168760E+12
           DelSqVrep = -1.1269222916E+12
           DelSqG =  1.3399200743E+08
           DelSqK = -2.6285846634E+09
           Stress_EigVals = -3.6245149643E+04 -3.6244857888E+04 -3.6244488731E+04
           Stress_EigVec1 =  6.1422231175E-01  7.6582696987E-01 -1.9036807498E-01
           Stress_EigVec2 =  7.4262830245E-01 -6.4254421644E-01 -1.8878594841E-01
           Stress_EigVec3 =  2.6689727640E-01  2.5416178705E-02  9.6338977663E-01
           -DivStress =  1.2111688586E+03 -1.3914954298E+03 -3.7285669506E+02
           ESP =  -1.4733924088E+01     ESP at Nucleus =  -1.4733924105E+01
           ESPe = -2.5192176738E+01     ESPe at Nucleus = -2.5192174528E+01
           ESPn =  1.0458252650E+01     ESPn at Nucleus =  1.0458250423E+01

CP# 11     Coords = -5.27476924076434E+00  2.03979080601006E-01 -7.80136984409464E-01
           Type = (3,-3) NACP C11
           Rho =  1.1744076676E+02     Rho at Nucleus =  1.1744076531E+02
           GradRho = -3.0989100175E-11 -8.2800433177E-13 -2.5793811531E-12
           HessRho_EigVals = -1.4469426966E+05 -1.4469342875E+05 -1.4469295839E+05
           HessRho_EigVec1 =  7.5083021375E-01 -5.7760067641E-01 -3.2036143453E-01
           HessRho_EigVec2 =  3.6067974319E-01 -4.7777441408E-02  9.3146521081E-01
           HessRho_EigVec3 =  5.5332098549E-01  8.1492010326E-01 -1.7245611709E-01
           DelSqRho = -4.3408065680E+05
           Bond Ellipticity = NA
           V = -1.0853037383E+05
           G =  5.1048148803E+00
           K =  1.0852526901E+05
           L =  1.0852016420E+05
           Vnuc =  1.3394920323E+06
           Ven = -1.5731097134E+08
           Vrep =  1.5720244097E+08
           DelSqV =  2.4899148674E+09
           DelSqVen =  5.8144758477E+11
           DelSqVrep = -5.7895766990E+11
           DelSqG =  1.3372536487E+08
           DelSqK = -2.6236402323E+09
           Stress_EigVals = -3.6176893425E+04 -3.6176815148E+04 -3.6176665256E+04
           Stress_EigVec1 =  4.2256695490E-01 -9.6831819038E-02  9.0114414355E-01
           Stress_EigVec2 =  5.5491169811E-01  8.1377172811E-01 -1.7276742119E-01
           Stress_EigVec3 =  7.1659624331E-01 -5.7306123002E-01 -3.9760615027E-01
           -DivStress = -2.9927034582E+03  2.0595793538E+03  5.7966645104E+01
           ESP =  -1.4721043824E+01     ESP at Nucleus =  -1.4721043902E+01
           ESPe = -2.5605578747E+01     ESPe at Nucleus = -2.5605574008E+01
           ESPn =  1.0884534923E+01     ESPn at Nucleus =  1.0884530106E+01

CP# 12     Coords = -8.06439305517797E-01  5.43437643701227E-01 -2.03944970365675E+00
           Type = (3,-3) NACP H12
           Rho =  4.1249325127E-01     Rho at Nucleus =  4.0858650466E-01
           GradRho = -7.5003836128E-10 -3.4954082445E-10  2.0807815280E-10
           HessRho_EigVals = -6.2998328073E+00 -6.2972471035E+00 -5.6812364231E+00
           HessRho_EigVec1 = -3.9542049190E-01  9.1340192566E-01  9.6641382312E-02
           HessRho_EigVec2 =  2.6232282467E-01  1.1470734929E-02  9.6491199490E-01
           HessRho_EigVec3 =  8.8024392656E-01  4.0689721605E-01 -2.4414193685E-01
           DelSqRho = -1.8278316334E+01
           Bond Ellipticity = NA
           V = -4.5790030644E+00
           G =  4.7119904401E-03
           K =  4.5742910739E+00
           L =  4.5695790835E+00
           Vnuc =  3.9414181763E+01
           Ven = -1.6258083982E+01
           Vrep =  1.1679080917E+01
           DelSqV =  6.8753415219E+02
           DelSqVen =  7.2042488358E+02
           DelSqVrep = -3.2890731391E+01
           DelSqG =  6.7853707811E+01
           DelSqK = -7.5538786000E+02
           Stress_EigVals = -1.5786545901E+00 -1.5779462751E+00 -1.4224021991E+00
           Stress_EigVec1 = -4.0498526853E-01  9.1151934343E-01  7.1550114165E-02
           Stress_EigVec2 =  2.5191965973E-01  3.6015943329E-02  9.6707773052E-01
           Stress_EigVec3 =  8.7893311311E-01  4.0967711479E-01 -2.4421556931E-01
           -DivStress =  7.0467565619E+00  3.2966398351E+00 -1.9559460193E+00
           ESP =  -1.0766840236E+00     ESP at Nucleus =  -1.0794001966E+00
           ESPe = -1.3132679365E+01     ESPe at Nucleus = -1.3071083770E+01
           ESPn =  1.2055995342E+01     ESPn at Nucleus =  1.1991683573E+01

CP# 13     Coords = -4.06943271564922E+00 -4.28074341792532E+00 -1.03844265404233E+00
           Type = (3,-3) NACP H13
           Rho =  4.1533067187E-01     Rho at Nucleus =  4.1152060835E-01
           GradRho =  1.9758500391E-15 -8.0317696938E-16  1.4571677198E-16
           HessRho_EigVals = -6.3498893527E+00 -6.3472448093E+00 -5.7383871148E+00
           HessRho_EigVec1 =  9.5610550372E-01 -7.8221414610E-02 -2.8238922793E-01
           HessRho_EigVec2 =  2.8478563082E-01  2.1160903235E-02  9.5835763713E-01
           HessRho_EigVec3 =  6.8988478952E-02  9.9671140581E-01 -4.2508390951E-02
           DelSqRho = -1.8435521277E+01
           Bond Ellipticity = NA
           V = -4.6182184507E+00
           G =  4.6690657276E-03
           K =  4.6135493849E+00
           L =  4.6088803192E+00
           Vnuc =  3.8189595544E+01
           Ven = -1.5861310376E+01
           Vrep =  1.1243091925E+01
           DelSqV =  6.9402294017E+02
           DelSqVen =  7.0404510120E+02
           DelSqVrep = -1.0022161031E+01
           DelSqG =  6.8544245271E+01
           DelSqK = -7.6256718544E+02
           Stress_EigVals = -1.5912085936E+00 -1.5904901564E+00 -1.4365197007E+00
           Stress_EigVec1 =  9.6810457812E-01 -8.0329454555E-02 -2.3731983600E-01
           Stress_EigVec2 =  2.3995747303E-01  2.4810631640E-02  9.7046630219E-01
           Stress_EigVec3 =  7.2068973688E-02  9.9645953821E-01 -4.3294939002E-02
           -DivStress = -5.8600298311E-01 -7.9238367242E+00  3.4622398702E-01
           ESP =  -1.0740951185E+00     ESP at Nucleus =  -1.0767441920E+00
           ESPe = -1.1435476988E+01     ESPe at Nucleus = -1.1352870689E+01
           ESPn =  1.0361381870E+01     ESPn at Nucleus =  1.0276126497E+01

CP# 14     Coords =  2.00567673385117E+00 -1.98603329037894E+00  1.65874009355293E+00
           Type = (3,-3) NACP H14
           Rho =  4.2378047998E-01     Rho at Nucleus =  4.2003130264E-01
           GradRho =  2.9634529310E-09 -9.7218399607E-10 -4.3335780775E-10
           HessRho_EigVals = -6.4507104631E+00 -6.4443595128E+00 -5.8469390742E+00
           HessRho_EigVec1 =  2.0330958250E-01  8.4234099961E-01 -4.9912609032E-01
           HessRho_EigVec2 =  2.7062888613E-01  4.4156816321E-01  8.5543998225E-01
           HessRho_EigVec3 =  9.4097036067E-01 -3.0899708351E-01 -1.3818676756E-01
           DelSqRho = -1.8742009050E+01
           Bond Ellipticity = NA
           V = -4.6948857423E+00
           G =  4.6917398623E-03
           K =  4.6901940024E+00
           L =  4.6855022625E+00
           Vnuc =  4.0107614478E+01
           Ven = -1.6996824115E+01
           Vrep =  1.2301938372E+01
           DelSqV =  7.0540094533E+02
           DelSqVen =  7.5169727856E+02
           DelSqVrep = -4.6296333234E+01
           DelSqG =  6.9418089750E+01
           DelSqK = -7.7481903508E+02
           Stress_EigVals = -1.6159738258E+00 -1.6154169207E+00 -1.4634949958E+00
           Stress_EigVec1 =  2.2289698943E-01  8.7570414170E-01 -4.2832136102E-01
           Stress_EigVec2 =  2.5255015132E-01  3.7250158663E-01  8.9300671276E-01
           Stress_EigVec3 =  9.4156006349E-01 -3.0722113236E-01 -1.3812973128E-01
           -DivStress = -7.4752712022E+00  2.4495939175E+00  1.0930444405E+00
           ESP =  -1.1095363466E+00     ESP at Nucleus =  -1.1120199437E+00
           ESPe = -1.2914617989E+01     ESPe at Nucleus = -1.2864980244E+01
           ESPn =  1.1805081642E+01     ESPn at Nucleus =  1.1752960300E+01

CP# 15     Coords =  2.60916843430929E+00  2.76406602195895E+00  1.87048791793280E+00
           Type = (3,-3) NACP H15
           Rho =  4.2429682115E-01     Rho at Nucleus =  4.2058383240E-01
           GradRho =  5.8481865184E-15  2.2152418788E-15 -1.1474572377E-14
           HessRho_EigVals = -6.4580449213E+00 -6.4516519870E+00 -5.8571786153E+00
           HessRho_EigVec1 = -4.2067093259E-01  9.0454138156E-01 -6.9576256867E-02
           HessRho_EigVec2 =  7.4749863730E-01  3.8904969920E-01  5.3841073428E-01
           HessRho_EigVec3 = -5.1408341124E-01 -1.7448558851E-01  8.3980534988E-01
           DelSqRho = -1.8766875524E+01
           Bond Ellipticity = NA
           V = -4.7010398142E+00
           G =  4.6604666327E-03
           K =  4.6963793475E+00
           L =  4.6917188809E+00
           Vnuc =  3.9748799355E+01
           Ven = -1.6865289211E+01
           Vrep =  1.2164249397E+01
           DelSqV =  7.0649050621E+02
           DelSqVen =  7.4596076970E+02
           DelSqVrep = -3.9470263498E+01
           DelSqG =  6.9514198047E+01
           DelSqK = -7.7600470425E+02
           Stress_EigVals = -1.6178083309E+00 -1.6172586320E+00 -1.4659728512E+00
           Stress_EigVec1 = -3.5476287252E-01  9.3462642648E-01 -2.4834395826E-02
           Stress_EigVec2 =  7.8110106506E-01  3.1087695023E-01  5.4151329437E-01
           Stress_EigVec3 = -5.1383307644E-01 -1.7271063879E-01  8.4032529701E-01
           -DivStress = -4.0611500361E+00 -1.3784099437E+00  6.6436062425E+00
           ESP =  -1.1069114521E+00     ESP at Nucleus =  -1.1093807333E+00
           ESPe = -1.2395016723E+01     ESPe at Nucleus = -1.2332236707E+01
           ESPn =  1.1288105271E+01     ESPn at Nucleus =  1.1222855974E+01

CP# 16     Coords = -6.58528467627284E+00  7.85192181918692E-01 -2.23244974755976E+00
           Type = (3,-3) NACP H16
           Rho =  4.3248882715E-01     Rho at Nucleus =  4.2912870848E-01
           GradRho =  5.4370293749E-09 -2.4270758181E-09  5.9577137061E-09
           HessRho_EigVals = -6.6072905551E+00 -6.5982437699E+00 -6.0295333370E+00
           HessRho_EigVec1 =  5.2550592791E-01 -5.0419991524E-01 -6.8529261283E-01
           HessRho_EigVec2 =  5.5403584229E-01  8.1408370054E-01 -1.7410345767E-01
           HessRho_EigVec3 =  6.4566849481E-01 -2.8818427089E-01  7.0715063517E-01
           DelSqRho = -1.9235067662E+01
