AIMSum (Version 19.02.13, Professional)
Copyright (c) 1997-2019 by Todd A. Keith
AIMSum is a component of the AIMAll package ( http://aim.tkgristmill.com )

TP:  64-bit Linux

Much of the Quantum Theory of Atoms in Molecules (QTAIM) is described in the book:
  "Atoms in Molecules - A Quantum Theory"
  R.F.W. Bader, Oxford University Press, Oxford, 1990

For additional references see:  http://aim.tkgristmill.com/references.html

Wfn File:  /home/mhennefarth/Documents/ML_Diels/summary-levandowski2016/15-opt/15-opt.wfn
Sum File:  /home/mhennefarth/Documents/ML_Diels/summary-levandowski2016/15-opt/15-opt.sum

SumViz File:  /home/mhennefarth/Documents/ML_Diels/summary-levandowski2016/15-opt/15-opt.sumviz

Wfn Title:   Title Card Required                                                           
 
Total memory allocated for AIMSum =        0.817 Megabytes

Atomic units (a.u.) used throughout, except where stated otherwise

Model:  Restricted SCF
 
Restricted, closed-shell, single-determinant wavefunction.
  Number of electrons (from MO Occs)                   =          68.0000000000
  Number of Alpha electrons (from MO Occs)             =          34.0000000000
  Number of Beta electrons (from MO Occs)              =          34.0000000000
  Number of electron pairs (N*(N-1)/2)                 =        2278.0000000000
  Number of electron pairs (from Muller 2EDM)          =        2278.0000000000
 
Nuclear Charges and Cartesian Coordinates:
-------------------------------------------------------------------------------
Atom      Charge                X                  Y                  Z
-------------------------------------------------------------------------------
C1         6.0          -6.7919354600E+00   1.7370181300E+00   1.7815625500E+00
H2         1.0          -7.8440371700E+00   2.4317301400E+00   3.4008515000E+00
C3         6.0          -6.1328333200E+00  -6.9814296000E-01   1.5825476800E+00
H4         1.0          -6.6057016100E+00  -1.9760122600E+00   3.1275868300E+00
C5         6.0          -4.8113515800E+00  -1.0636031700E+00  -2.9497458800E+00
H6         1.0          -3.7207897600E+00  -2.0112923600E+00  -4.4078541100E+00
C7         6.0          -4.7532391100E+00  -1.8457232300E+00  -5.3976358000E-01
H8         1.0          -3.6312151900E+00  -3.5109123000E+00  -7.6297130000E-02
C9         6.0           3.8157132400E+00   2.9212168100E+00  -1.3225733500E+00
H10        1.0           4.7526473300E+00   4.2541806400E+00  -2.5511855100E+00
C11        6.0           1.8331038900E+00   1.5786730300E+00  -7.2939538000E-01
H12        1.0          -8.2081860000E-02   9.6683067000E-01  -1.0934526500E+00
C13        6.0           4.0877223500E+00   1.2282827200E+00   8.5970430000E-01
H14        1.0          -5.9833007800E+00   5.1374020000E-01  -3.5500608000E+00
H15        1.0          -6.2883908200E+00   3.1204651300E+00   3.4795110000E-01
H16        1.0           4.2538449000E+00   1.8456927700E+00   2.8130466500E+00
Cl17      17.0           5.9803497000E+00  -1.6929853300E+00   5.8208212000E-01
 
Some Atomic Properties:
----------------------
  q(A) = Net Charge of Atom A
  L(A) = Lagrangian of Atom A = -(1/4) Times Atomic Integral of the Laplacian of the Electron Density
  K(A) = Electronic Kinetic Energy of Atom A (Hamiltonian Form)
  K_Scaled(A) = K(A) * E(Mol)/K(Mol) = Approximation to Virial-Based Total Energy of Atom A.
  |Mu_Intra(A)| = Magnitude of Intraatomic Dipole Moment of Atom A
--------------------------------------------------------------------------------------------------
Atom A          q(A)              L(A)              K(A)          K_Scaled(A)      |Mu_Intra(A)|
--------------------------------------------------------------------------------------------------
C1       -8.5461879800E-02 -2.2694301293E-04  3.7704308624E+01 -3.7919790256E+01  1.0885345346E-01
H2        4.6814585590E-02  2.1358175878E-05  5.9316975563E-01 -5.9655974451E-01  1.4706417955E-01
C3       -2.8816271700E-02  8.3714250054E-06  3.7700813571E+01 -3.7916275228E+01  7.8111935562E-02
H4        3.7866097040E-02  2.2405323404E-05  6.0065724359E-01 -6.0409002377E-01  1.5022400699E-01
C5       -9.7012631800E-02  2.5056771466E-05  3.7707778883E+01 -3.7923280348E+01  1.1869244669E-01
H6        4.8630938450E-02  2.2790928832E-05  5.9217160145E-01 -5.9555588584E-01  1.4667387740E-01
C7       -3.6587559700E-02  8.7431372205E-05  3.7705173010E+01 -3.7920659582E+01  8.2315796118E-02
H8        4.1268426990E-02  2.7043888994E-05  5.9921426568E-01 -6.0263879918E-01  1.4912868515E-01
C9       -1.0000506320E-01 -3.9323317362E-05  3.7759568735E+01 -3.7975366181E+01  2.6494807282E-01
H10       1.2849781892E-01  1.8089217895E-05  5.5350459774E-01 -5.5666789866E-01  1.4142254888E-01
C11      -9.7887302400E-02  1.5784804778E-06  3.7760208612E+01 -3.7976009715E+01  3.0017712035E-01
H12       1.5046032234E-01  2.3485772156E-05  5.4302254361E-01 -5.4612593917E-01  1.3484835882E-01
C13       1.5273390600E-01  2.9366117696E-04  3.7517450709E+01 -3.7731864440E+01  2.6644005508E-01
H14       4.4553906250E-02  1.4519432547E-05  5.9311725751E-01 -5.9650694637E-01  1.4764169176E-01
H15       4.0288480990E-02  1.7902824172E-05  5.9478492872E-01 -5.9818414837E-01  1.4860051997E-01
H16       7.3719441740E-02  3.1381526436E-05  5.9184252717E-01 -5.9522493089E-01  1.5062202691E-01
Cl17     -3.1871219000E-01  5.5404769923E-06  4.5893568645E+02 -4.6155852225E+02  1.7573882155E-01
--------------------------------------------------------------------------------------------------
Total     3.5102571000E-04  3.5435046313E-04  7.2805247332E+02 -7.3221332232E+02
 
1st Largest |L(A)| = 2.9366117696E-04, atom C13     
2nd Largest |L(A)| = 2.2694301293E-04, atom C1      
 
Molecular charge q(Mol) from the wfn file:   0.0000000000E+00
Molecular energy E(Mol) from the wfn file:  -7.3221324151E+02
Molecular virial ratio (-V(Mol)/T(Mol)) from the wfn file:   2.0057150400E+00
Note.  K_Scaled(A) = (1+V(Mol)/T(Mol))*K(A) = (E(Mol)/T(Mol))*K(A)
       Only use K_Scaled(A) data with caution.
 
N_AIMInt(SumA)     =         67.999649
N_Analytic(Mol)    =         67.999991
 
G_AIMInt(SumA)     =        728.052119
G_Analytic(Mol)    =        728.052385
 
K_AIMInt(SumA)     =        728.052473
K_Analytic(Mol)    =        728.052385
 
L_AIMInt(SumA)     =          0.000354
L_Analytic(Mol)    =          0.000000
 
VenT_AIMInt(SumA)  =      -2418.193784
VenT_Analytic(Mol) =      -2418.198087
 
Some Information About the Atomic Calculations:
----------------------------------------------
  Time(sec) = "Elapsed User Time", in Seconds, for Atom A by AIMInt and, if used, by TWOe
  NProc = Number of Processors Used for AIMInt Job
  BIM = Basin Integration Method
  OAQ = Angular Quadrature Outside of Beta Sphere
  ORQ = Multiple of Default for Radial Quadrature Outside of Beta Sphere
  IAQ = Multiple of Default for Angular Quadrature Inside of Beta Sphere
  IRQ = Multiple of Default for Radial Quadrature Inside of Beta Sphere
  MIR = Maximum Integration Radius
------------------------------------------------------------------------------------------------------
Atom A     Time(sec)   NProc      BIM          OAQ                     ORQ      IAQ      IRQ      MIR
------------------------------------------------------------------------------------------------------
C1             40        8     Proaim(5)    4500(GS4)                  1.00     1.00     1.00    13.00
H2              6        8     Proaim(5)    1800(GS4)                  1.00     1.00     1.00    13.00
C3             44        8     Proaim(5)    4500(GS4)                  1.00     1.00     1.00    13.00
H4             10        8     Proaim(5)    1800(GS4)                  1.00     1.00     1.00    13.00
C5             75        8     Proaim(5)    4500(GS4)                  1.00     1.00     1.00    13.00
H6              7        8     Proaim(5)    1800(GS4)                  1.00     1.00     1.00    13.00
C7             63        8     Proaim(5)    4500(GS4)                  1.00     1.00     1.00    13.00
H8             14        8     Proaim(5)    1800(GS4)                  1.00     1.00     1.00    13.00
C9             29        8     Proaim(5)    4500(GS4)                  1.00     1.00     1.00    13.00
H10            12        8     Proaim(5)    1800(GS4)                  1.00     1.00     1.00    13.00
C11            42        8     Proaim(5)    4500(GS4)                  1.00     1.00     1.00    13.00
H12            27        8     Proaim(5)    4500(GS4)                  1.00     1.00     1.00    13.00
C13            45        8     Proaim(5)    4500(GS4)                  1.00     1.00     1.00    13.00
H14            15        8     Proaim(5)    1800(GS4)                  1.00     1.00     1.00    13.00
H15            15        8     Proaim(5)    1800(GS4)                  1.00     1.00     1.00    13.00
H16             8        8     Proaim(5)    1800(GS4)                  1.00     1.00     1.00    13.00
Cl17           24        8     Proaim(5)    3150(GS4)                  1.00     1.00     1.00    13.00
------------------------------------------------------------------------------------------------------
Total         476
Note:  Total wall clock time is less than total of atomic times if more than one atom
       was calculated at a time
 
Electron Density Critical Point Analysis of Molecular Structure:               
---------------------------------------------------------------                
  NACP = Nuclear Attractor Critical Point                                      
  NNACP = Non-Nuclear Attractor Critical Point                                 
  BCP = Bond Critical Point                                                    
  RCP = Ring Critical Point                                                    
  CCP = Cage Critical Point                                                    
  Rho = Electron Density                                                       
  GradRho = Gradient of Electron Density                                       
  HessRho_EigVals = Eigenvalues of the Hessian of Rho, Ascending Order         
  HessRho_EigVecs = Eigenvectors of the Hessian of Rho                         
  DelSqRho = Laplacian of Rho = Trace of Hessian of Rho                        
  Bond Ellipticity = (HessRho_EigVal(1) / HessRho_EigVal(2)) - 1               
  V = Virial Field = Potential Energy Density = Trace of Stress Tensor         
  G = Lagrangian Form of Kinetic Energy Density                                
  K = Hamiltonian Form of Kinetic Energy Density                               
  L = K - G = Lagrangian Density = (-1/4)DelSqRho                              
  Vnuc = Electrostatic Potential from Nuclei                                   
  Ven = Electron-nuclear attractive contribution to Virial Field V             
  Vrep = V - Ven = Repulsive contribution to Virial Field V                    
  DelSqV = Laplacian of V                                                      
  DelSqVen = Laplacian of Ven                                                  
  DelSqVrep = Laplacian of Vrep                                                
  DelSqG = Laplacian of G                                                      
  DelSqK = Laplacian of K                                                      
  Stress_EigVals = Eigenvalues of Stress Tensor, Ascending Order               
  Stress_EigVecs = Eigenvectors of Stress Tensor                               
  -DivStress = Ehrenfest Force Density = Minus Divergence of Stress Tensor     
  ESP = Total Electrostatic Potential                                          
  ESPe = Electrostatic Potential from Electrons                                
  ESPn = Electrostatic Potential from Nuclei                                   
  BP = Bond Path                                                               
  BPL = Bond Path Length                                                       
  GBL = Geometric Bond Length                                                  
  GBL_I = Distance Between Nuclear Attractors                                  
  GBL_II = Distance Between Nuclei                                             
  GBL_III = Sum of Distances Between BCP and Nuclear Attractors                
  GBL_IV = Sum of Distances Between BCP and Nuclei                             

CP# 1      Coords = -6.79193581579710E+00  1.73701895368898E+00  1.78156256854316E+00
           Type = (3,-3) NACP C1
           Rho =  1.1767734369E+02     Rho at Nucleus =  1.1767734363E+02
           GradRho = -1.1329875926E-10  1.5195558006E-10 -1.2086609491E-11
           HessRho_EigVals = -1.4500487723E+05 -1.4500390806E+05 -1.4500374237E+05
           HessRho_EigVec1 =  8.4840616898E-01  1.4186139699E-01  5.0998266293E-01
           HessRho_EigVec2 = -4.6619779100E-01 -2.5609387589E-01  8.4680313320E-01
           HessRho_EigVec3 = -2.5073211224E-01  9.5618579302E-01  1.5113615423E-01
           DelSqRho = -4.3501252766E+05
           Bond Ellipticity = NA
           V = -1.0876336695E+05
           G =  5.1175176771E+00
           K =  1.0875824943E+05
           L =  1.0875313191E+05
           Vnuc =  6.6856917245E+06
           Ven = -7.8675444285E+08
           Vrep =  7.8664567948E+08
           DelSqV =  2.4952581925E+09
           DelSqVen =  2.9083588362E+12
           DelSqVrep = -2.9058634470E+12
           DelSqG =  1.3403185904E+08
           DelSqK = -2.6292900516E+09
           Stress_EigVals = -3.6254703253E+04 -3.6254599058E+04 -3.6254064639E+04
           Stress_EigVec1 = -2.7374262914E-01  9.4943040550E-01  1.5377541450E-01
           Stress_EigVec2 = -4.4130414076E-01 -2.6604502185E-01  8.5701266134E-01
           Stress_EigVec3 =  8.5458506209E-01  1.6673917196E-01  4.9181543306E-01
           -DivStress =  2.8918054927E+02 -6.7038947510E+02 -1.6308314672E+01
           ESP =  -1.4736935574E+01     ESP at Nucleus =  -1.4736935585E+01
           ESPe = -2.4436517342E+01     ESPe at Nucleus = -2.4436518480E+01
           ESPn =  9.6995817680E+00     ESPn at Nucleus =  9.6995828947E+00

CP# 2      Coords = -7.82600986771755E+00  2.41990612576599E+00  3.37310721970240E+00
           Type = (3,-3) NACP H2
           Rho =  4.2520060347E-01     Rho at Nucleus =  4.2147849570E-01
           GradRho =  4.0046091443E-15 -6.2235915206E-16 -5.4418275441E-15
           HessRho_EigVals = -6.4745242749E+00 -6.4682871375E+00 -5.8716156101E+00
           HessRho_EigVec1 = -1.3237297179E-02  9.1618173566E-01 -4.0054438107E-01
           HessRho_EigVec2 =  8.5836985328E-01  2.1587135977E-01  4.6540385796E-01
           HessRho_EigVec3 = -5.1286057456E-01  3.3765453244E-01  7.8928033536E-01
           DelSqRho = -1.8814427023E+01
           Bond Ellipticity = NA
           V = -4.7128423702E+00
           G =  4.6178072909E-03
           K =  4.7082245629E+00
           L =  4.7036067556E+00
           Vnuc =  3.8456649602E+01
           Ven = -1.6351790618E+01
           Vrep =  1.1638948248E+01
           DelSqV =  7.0830016283E+02
           DelSqVen =  7.2353982746E+02
           DelSqVrep = -1.5239664633E+01
           DelSqG =  6.9715170475E+01
           DelSqK = -7.7801533331E+02
           Stress_EigVals = -1.6219301605E+00 -1.6214453362E+00 -1.4694668735E+00
           Stress_EigVec1 =  7.9337922582E-02  9.3349744427E-01 -3.4969703400E-01
           Stress_EigVec2 =  8.5485283974E-01  1.1673672643E-01  5.0556815474E-01
           Stress_EigVec3 = -5.1276906735E-01  3.3905022968E-01  7.8874129176E-01
           -DivStress = -4.0675140196E+00  2.6689850120E+00  6.2593383065E+00
           ESP =  -1.1004176315E+00     ESP at Nucleus =  -1.1029072372E+00
           ESPe = -1.1096200914E+01     ESPe at Nucleus = -1.1017789899E+01
           ESPn =  9.9957832826E+00     ESPn at Nucleus =  9.9148826615E+00

CP# 3      Coords = -6.13283254994578E+00 -6.98144166743473E-01  1.58254693731448E+00
           Type = (3,-3) NACP C3
           Rho =  1.1765647520E+02     Rho at Nucleus =  1.1765647502E+02
           GradRho =  4.5450090393E-10 -7.1240852800E-10 -4.2704370855E-10
           HessRho_EigVals = -1.4497131933E+05 -1.4497041174E+05 -1.4497006389E+05
           HessRho_EigVec1 =  8.9462735519E-01  2.0341510784E-01  3.9782431957E-01
           HessRho_EigVec2 = -4.2961833052E-01  1.4699014811E-01  8.9096688291E-01
           HessRho_EigVec3 = -1.2275986892E-01  9.6799596603E-01 -2.1889226648E-01
           DelSqRho = -4.3491179495E+05
           Bond Ellipticity = NA
           V = -1.0873816717E+05
           G =  5.1092183012E+00
           K =  1.0873305796E+05
           L =  1.0872794874E+05
           Vnuc =  3.7204841051E+06
           Ven = -4.3773904585E+08
           Vrep =  4.3763030769E+08
           DelSqV =  2.4946739183E+09
           DelSqVen =  1.6180826030E+12
           DelSqVrep = -1.6155879209E+12
           DelSqG =  1.3399269591E+08
           DelSqK = -2.6286666142E+09
           Stress_EigVals = -3.6246327768E+04 -3.6246163112E+04 -3.6245676295E+04
           Stress_EigVec1 = -1.5872889219E-01  9.7767104113E-01 -1.3771156130E-01
           Stress_EigVec2 = -4.3941952026E-01  5.4950551826E-02  8.9659964425E-01
           Stress_EigVec3 =  8.8414683396E-01  2.0282941648E-01  4.2088549965E-01
           -DivStress = -6.2576277361E+02  9.7764271609E+02  6.0614433863E+02
           ESP =  -1.4727242152E+01     ESP at Nucleus =  -1.4727242171E+01
           ESPe = -2.5624852644E+01     ESPe at Nucleus = -2.5624852383E+01
           ESPn =  1.0897610492E+01     ESPn at Nucleus =  1.0897610212E+01

CP# 4      Coords = -6.59769794393636E+00 -1.95476812035712E+00  3.10166823222968E+00
           Type = (3,-3) NACP H4
           Rho =  4.2868402004E-01     Rho at Nucleus =  4.2505921602E-01
           GradRho =  2.4038930568E-15  8.7343327015E-16  2.0187844452E-16
           HessRho_EigVals = -6.5527585616E+00 -6.5450061152E+00 -5.9525216509E+00
           HessRho_EigVec1 =  4.6412948429E-01 -7.5028791020E-01 -4.7079918608E-01
           HessRho_EigVec2 =  8.5464479253E-01  2.3967052253E-01  4.6058692906E-01
           HessRho_EigVec3 = -2.3273611754E-01 -6.1613804657E-01  7.5246781138E-01
           DelSqRho = -1.9050286328E+01
           Bond Ellipticity = NA
           V = -4.7716141695E+00
           G =  4.5212937711E-03
           K =  4.7670928757E+00
           L =  4.7625715819E+00
           Vnuc =  4.0021441796E+01
           Ven = -1.7156552557E+01
           Vrep =  1.2384938387E+01
           DelSqV =  7.1797049807E+02
           DelSqVen =  7.6241992547E+02
           DelSqVrep = -4.4449427395E+01
           DelSqG =  7.0895553586E+01
           DelSqK = -7.8886605166E+02
           Stress_EigVals = -1.6412966145E+00 -1.6402641716E+00 -1.4900533834E+00
           Stress_EigVec1 =  3.8475861162E-01 -7.6819168705E-01 -5.1170532803E-01
           Stress_EigVec2 =  8.9334412719E-01  1.7048678683E-01  4.1577701467E-01
           Stress_EigVec3 = -2.3215744916E-01 -6.1710273655E-01  7.5185579158E-01
           -DivStress = -1.8277788850E+00 -4.8522102824E+00  5.9191732654E+00
           ESP =  -1.1018190772E+00     ESP at Nucleus =  -1.1042504940E+00
           ESPe = -1.2099882702E+01     ESPe at Nucleus = -1.2018787682E+01
           ESPn =  1.0998063625E+01     ESPn at Nucleus =  1.0914537188E+01

CP# 5      Coords = -4.81135127180152E+00 -1.06360275219540E+00 -2.94974657685223E+00
           Type = (3,-3) NACP C5
           Rho =  1.1768581015E+02     Rho at Nucleus =  1.1768581009E+02
           GradRho =  3.2860048016E-11  6.9446601247E-11 -1.1432774519E-10
           HessRho_EigVals = -1.4501816326E+05 -1.4501718628E+05 -1.4501704538E+05
           HessRho_EigVec1 =  7.3523619265E-01  6.5659389238E-01  1.6826229971E-01
           HessRho_EigVec2 = -6.7745436763E-01  7.0379512240E-01  2.1384107526E-01
           HessRho_EigVec3 =  2.1984558138E-02 -2.7121372785E-01  9.6226804635E-01
           DelSqRho = -4.3505239491E+05
           Bond Ellipticity = NA
           V = -1.0877334207E+05
           G =  5.1216709337E+00
           K =  1.0876822040E+05
           L =  1.0876309873E+05
           Vnuc =  6.9045483758E+06
           Ven = -8.1256736932E+08
           Vrep =  8.1245859598E+08
           DelSqV =  2.4954891312E+09
           DelSqVen =  3.0038396764E+12
           DelSqVrep = -3.0013441873E+12
           DelSqG =  1.3404688968E+08
           DelSqK = -2.6295360209E+09
           Stress_EigVals = -3.6258023809E+04 -3.6257926872E+04 -3.6257391389E+04
           Stress_EigVec1 = -5.0375415116E-03 -2.5261230452E-01  9.6755446709E-01
           Stress_EigVec2 = -6.6053845068E-01  7.2727503367E-01  1.8644028688E-01
           Stress_EigVec3 =  7.5077531816E-01  6.3816772795E-01  1.7052381842E-01
           -DivStress = -2.4885752920E+02 -3.3807146811E+02  5.6790371227E+02
           ESP =  -1.4735196980E+01     ESP at Nucleus =  -1.4735196991E+01
           ESPe = -2.4973169812E+01     ESPe at Nucleus = -2.4973170647E+01
           ESPn =  1.0237972832E+01     ESPn at Nucleus =  1.0237973656E+01

CP# 6      Coords = -3.73948733639429E+00 -1.99500306068459E+00 -4.38288487401861E+00
           Type = (3,-3) NACP H6
           Rho =  4.2468421394E-01     Rho at Nucleus =  4.2095629850E-01
           GradRho =  1.1720225485E-15 -2.2171934427E-16  2.4701920197E-15
           HessRho_EigVals = -6.4646949936E+00 -6.4584157086E+00 -5.8619137438E+00
           HessRho_EigVec1 =  3.4805149693E-01 -6.4506246506E-01  6.8026066449E-01
           HessRho_EigVec2 =  7.7264723446E-01  6.0832782063E-01  1.8153102690E-01
           HessRho_EigVec3 = -5.3092033919E-01  4.6241937548E-01  7.1013513828E-01
           DelSqRho = -1.8785024446E+01
           Bond Ellipticity = NA
           V = -4.7055059820E+00
           G =  4.6249352574E-03
           K =  4.7008810468E+00
           L =  4.6962561115E+00
           Vnuc =  3.9387241849E+01
           Ven = -1.6727139844E+01
           Vrep =  1.2021633862E+01
           DelSqV =  7.0712756504E+02
           DelSqVen =  7.3989030099E+02
           DelSqVrep = -3.2762735948E+01
           DelSqG =  6.9583480154E+01
           DelSqK = -7.7671104520E+02
           Stress_EigVals = -1.6194828223E+00 -1.6189764506E+00 -1.4670467092E+00
           Stress_EigVec1 =  4.1425204356E-01 -5.9081444236E-01  6.9233917924E-01
           Stress_EigVec2 =  7.3969760244E-01  6.6176336957E-01  1.2213394139E-01
           Stress_EigVec3 = -5.3032320461E-01  4.6152739615E-01  7.1116085470E-01
           -DivStress =  4.2116216227E+00 -3.6686709256E+00 -5.6257161801E+00
           ESP =  -1.0981330039E+00     ESP at Nucleus =  -1.1006273266E+00
           ESPe = -1.2068982828E+01     ESPe at Nucleus = -1.1996005470E+01
           ESPn =  1.0970849824E+01     ESPn at Nucleus =  1.0895378143E+01

CP# 7      Coords = -4.75323939779595E+00 -1.84572304762338E+00 -5.39762191806347E-01
           Type = (3,-3) NACP C7
           Rho =  1.1767260752E+02     Rho at Nucleus =  1.1767260737E+02
           GradRho = -1.0478606524E-10  9.0180961657E-11  6.3942952235E-10
           HessRho_EigVals = -1.4499485725E+05 -1.4499384785E+05 -1.4499353745E+05
           HessRho_EigVec1 =  8.1272947951E-01  5.6514951047E-01  1.4169270957E-01
           HessRho_EigVec2 = -5.3706801927E-01  6.3238120447E-01  5.5825796448E-01
           HessRho_EigVec3 =  2.2589540900E-01 -5.2981132778E-01  8.1747857534E-01
           DelSqRho = -4.3498224255E+05
           Bond Ellipticity = NA
           V = -1.0875577420E+05
           G =  5.1067789416E+00
           K =  1.0875066742E+05
           L =  1.0874556064E+05
           Vnuc =  4.1975921800E+06
           Ven = -4.9394161713E+08
           Vrep =  4.9383286136E+08
           DelSqV =  2.4950801469E+09
           DelSqVen =  1.8258779832E+12
           DelSqVrep = -1.8233829031E+12
           DelSqG =  1.3401785757E+08
           DelSqK = -2.6290980045E+09
           Stress_EigVals = -3.6252197478E+04 -3.6252044423E+04 -3.6251532295E+04
           Stress_EigVec1 =  1.6774969912E-01 -4.7048946422E-01  8.6631385912E-01
           Stress_EigVec2 = -5.7412198415E-01  6.6774301329E-01  4.7381770283E-01
           Stress_EigVec3 =  8.0140126389E-01  5.7685260878E-01  1.5810465515E-01
           -DivStress =  2.3672161750E+02 -1.5084280394E+02 -1.1266333147E+03
           ESP =  -1.4724994456E+01     ESP at Nucleus =  -1.4724994471E+01
           ESPe = -2.6081749234E+01     ESPe at Nucleus = -2.6081749264E+01
           ESPn =  1.1356754778E+01     ESPn at Nucleus =  1.1356754793E+01

CP# 8      Coords = -3.65007015776953E+00 -3.48296952055487E+00 -8.39339622600563E-02
           Type = (3,-3) NACP H8
           Rho =  4.2817751215E-01     Rho at Nucleus =  4.2453584933E-01
           GradRho = -3.6572307682E-15  4.8773918931E-15 -1.0650117940E-15
           HessRho_EigVals = -6.5430240399E+00 -6.5353918488E+00 -5.9417546754E+00
           HessRho_EigVec1 =  3.0720866934E-01 -5.1139717013E-02 -9.5026710078E-01
           HessRho_EigVec2 =  7.7934646376E-01  5.8655696142E-01  2.2038607134E-01
           HessRho_EigVec3 = -5.4611530184E-01  8.0829181634E-01 -2.2005094122E-01
           DelSqRho = -1.9020170564E+01
           Bond Ellipticity = NA
           V = -4.7640302920E+00
           G =  4.4938255016E-03
           K =  4.7595364665E+00
           L =  4.7550426410E+00
           Vnuc =  4.0860048583E+01
           Ven = -1.7495353948E+01
           Vrep =  1.2731323656E+01
           DelSqV =  7.1671804728E+02
           DelSqVen =  7.7716509330E+02
           DelSqVrep = -6.0447046025E+01
           DelSqG =  7.0756352750E+01
           DelSqK = -7.8747440003E+02
           Stress_EigVals = -1.6388818243E+00 -1.6377748232E+00 -1.4873736445E+00
           Stress_EigVec1 =  2.3177666433E-01 -1.0817749789E-01 -9.6673533442E-01
           Stress_EigVec2 =  8.0526935416E-01  5.7886345400E-01  1.2829017447E-01
           Stress_EigVec3 = -5.4572964471E-01  8.0821700710E-01 -2.2127906433E-01
           -DivStress =  4.2990847980E+00 -6.3714105196E+00  1.7418221905E+00
           ESP =  -1.1000140666E+00     ESP at Nucleus =  -1.1024559166E+00
           ESPe = -1.3027739803E+01     ESPe at Nucleus = -1.2953131024E+01
           ESPn =  1.1927725736E+01     ESPn at Nucleus =  1.1850675107E+01

CP# 9      Coords =  3.81571370892781E+00  2.92121502020903E+00 -1.32257130237881E+00
           Type = (3,-3) NACP C9
           Rho =  1.1765453012E+02     Rho at Nucleus =  1.1765452957E+02
           GradRho =  8.0874682645E-10 -2.9953446556E-09  3.3995534021E-09
           HessRho_EigVals = -1.4496915644E+05 -1.4496860240E+05 -1.4496750588E+05
           HessRho_EigVec1 = -3.6663191750E-01  8.2743695866E-01  4.2535763365E-01
           HessRho_EigVec2 = -2.6122865891E-01 -5.3035604408E-01  8.0652467679E-01
           HessRho_EigVec3 =  8.9293931755E-01  1.8458208457E-01  4.1059570044E-01
           DelSqRho = -4.3490526472E+05
           Bond Ellipticity = NA
           V = -1.0873666884E+05
           G =  5.1763283779E+00
           K =  1.0873149251E+05
           L =  1.0872631618E+05
           Vnuc =  2.1741532830E+06
           Ven = -2.5579898293E+08
           Vrep =  2.5569024627E+08
           DelSqV =  2.4946383058E+09
           DelSqVen =  9.4555070874E+11
           DelSqVrep = -9.4305607453E+11
           DelSqG =  1.3399119330E+08
           DelSqK = -2.6286294991E+09
           Stress_EigVals = -3.6245882778E+04 -3.6245607746E+04 -3.6245178312E+04
           Stress_EigVec1 =  8.2512869374E-01  5.3091405100E-01 -1.9311372096E-01
           Stress_EigVec2 =  4.2166012753E-01 -3.5126179283E-01  8.3595328204E-01
           Stress_EigVec3 = -3.7598587157E-01  7.7119739584E-01  5.1370147073E-01
           -DivStress = -3.8235120707E+02  1.4575487122E+03 -1.6672788259E+03
           ESP =  -1.4700569232E+01     ESP at Nucleus =  -1.4700569253E+01
           ESPe = -2.6250415850E+01     ESPe at Nucleus = -2.6250411531E+01
           ESPn =  1.1549846618E+01     ESPn at Nucleus =  1.1549842278E+01

CP# 10     Coords =  4.73573651241958E+00  4.23017487106088E+00 -2.52904679075425E+00
           Type = (3,-3) NACP H10
           Rho =  4.1328197337E-01     Rho at Nucleus =  4.0932002201E-01
           GradRho = -2.2513187061E-15  1.8544058433E-15  5.2239571176E-16
           HessRho_EigVals = -6.3159267667E+00 -6.3134900618E+00 -5.6898865981E+00
           HessRho_EigVec1 =  8.6665751963E-01 -1.7383819112E-01  4.6763770911E-01
           HessRho_EigVec2 =  2.0026089465E-01 -7.3728841068E-01 -6.4521420750E-01
           HessRho_EigVec3 =  4.5694673404E-01  6.5282929070E-01 -6.0416355357E-01
           DelSqRho = -1.8319303427E+01
           Bond Ellipticity = NA
           V = -4.5885927353E+00
           G =  4.3834393419E-03
           K =  4.5842092960E+00
           L =  4.5798258566E+00
           Vnuc =  3.8245332259E+01
           Ven = -1.5806106388E+01
           Vrep =  1.1217513653E+01
           DelSqV =  6.8888051776E+02
           DelSqVen =  7.0062784631E+02
           DelSqVrep = -1.1747328552E+01
           DelSqG =  6.8016103278E+01
           DelSqK = -7.5689662103E+02
           Stress_EigVals = -1.5825570331E+00 -1.5817899110E+00 -1.4242457912E+00
           Stress_EigVec1 =  7.9055966085E-01  9.6170661383E-03  6.1230950888E-01
           Stress_EigVec2 =  4.0553488229E-01 -7.5743682727E-01 -5.1169415859E-01
           Stress_EigVec3 =  4.5886477515E-01  6.5283762509E-01 -6.0269905707E-01
           -DivStress =  3.7206135134E+00  5.2802159845E+00 -4.8686928568E+00
           ESP =  -1.0459384800E+00     ESP at Nucleus =  -1.0487021297E+00
           ESPe = -1.2098632852E+01     ESPe at Nucleus = -1.2008322013E+01
           ESPn =  1.1052694372E+01     ESPn at Nucleus =  1.0959619883E+01

CP# 11     Coords =  1.83310658677661E+00  1.57867261365837E+00 -7.29393803046769E-01
           Type = (3,-3) NACP C11
           Rho =  1.1767119687E+02     Rho at Nucleus =  1.1767119615E+02
           GradRho =  5.8616320756E-09 -9.2454905017E-10  3.4393015432E-09
           HessRho_EigVals = -1.4499080678E+05 -1.4499008057E+05 -1.4498908907E+05
           HessRho_EigVec1 = -4.2171216161E-01  7.7511499101E-01  4.7048443488E-01
           HessRho_EigVec2 = -8.5904007271E-01 -1.7547728338E-01 -4.8089279106E-01
           HessRho_EigVec3 = -2.9018788092E-01 -6.0696332157E-01  7.3985574272E-01
           DelSqRho = -4.3496997642E+05
           Bond Ellipticity = NA
           V = -1.0875282604E+05
           G =  5.1659674596E+00
           K =  1.0874766007E+05
           L =  1.0874249410E+05
           Vnuc =  1.9037935003E+06
           Ven = -2.2402165977E+08
           Vrep =  2.2391290694E+08
           DelSqV =  2.4950086870E+09
           DelSqVen =  8.2809301811E+11
           DelSqVrep = -8.2559800943E+11
           DelSqG =  1.3401211492E+08
           DelSqK = -2.6290208019E+09
           Stress_EigVals = -3.6251286770E+04 -3.6250993810E+04 -3.6250545460E+04
           Stress_EigVec1 =  8.0316716737E-01  5.4181251099E-01 -2.4771294715E-01
           Stress_EigVec2 =  4.7095731821E-01 -3.2278723793E-01  8.2097966080E-01
           Stress_EigVec3 = -3.6485847349E-01  7.7604613391E-01  5.1442267870E-01
           -DivStress = -2.1953531279E+03  3.3977479122E+02 -1.2843331665E+03
           ESP =  -1.4702648425E+01     ESP at Nucleus =  -1.4702648454E+01
           ESPe = -2.7042678477E+01     ESPe at Nucleus = -2.7042674460E+01
           ESPn =  1.2340030051E+01     ESPn at Nucleus =  1.2340026006E+01

CP# 12     Coords = -4.68864683566598E-02  9.78129836072562E-01 -1.08680113738897E+00
           Type = (3,-3) NACP H12
           Rho =  4.0843997254E-01     Rho at Nucleus =  4.0436934793E-01
           GradRho =  6.5702651653E-17  2.4063867218E-16 -3.3823042023E-16
           HessRho_EigVals = -6.2311777079E+00 -6.2288733578E+00 -5.5971681723E+00
           HessRho_EigVec1 =  8.8290081706E-02 -7.0300485565E-01  7.0568338114E-01
           HessRho_EigVec2 = -3.3763455035E-01  6.4538971594E-01  6.8518247567E-01
           HessRho_EigVec3 =  9.3712740429E-01  2.9875790784E-01  1.8037721758E-01
           DelSqRho = -1.8057219238E+01
           Bond Ellipticity = NA
           V = -4.5234052794E+00
           G =  4.5502349711E-03
           K =  4.5188550445E+00
           L =  4.5143048095E+00
           Vnuc =  3.9894390148E+01
           Ven = -1.6294463616E+01
           Vrep =  1.1771058337E+01
           DelSqV =  6.7831673187E+02
           DelSqVen =  7.2038174926E+02
           DelSqVrep = -4.2065017392E+01
           DelSqG =  6.6883555786E+01
           DelSqK = -7.4520028766E+02
           Stress_EigVals = -1.5613062694E+00 -1.5605221968E+00 -1.4015768132E+00
           Stress_EigVec1 =  7.3960615582E-03 -5.2826580232E-01  8.4904684227E-01
           Stress_EigVec2 = -3.4883906671E-01  7.9436769314E-01  4.9728389641E-01
           Stress_EigVec3 =  9.3715345798E-01  2.9985865036E-01  1.7840455710E-01
           -DivStress = -7.6328760919E+00 -2.4512488310E+00 -1.4414205491E+00
           ESP =  -1.0494088795E+00     ESP at Nucleus =  -1.0522632504E+00
           ESPe = -1.4318558514E+01     ESPe at Nucleus = -1.4258205076E+01
           ESPn =  1.3269149635E+01     ESPn at Nucleus =  1.3205941826E+01

CP# 13     Coords =  4.08772270482890E+00  1.22828012262388E+00  8.59699450083731E-01
           Type = (3,-3) NACP C13
           Rho =  1.1748578470E+02     Rho at Nucleus =  1.1748578250E+02
           GradRho =  3.6456973074E-11  1.3005557894E-11  1.3659536826E-12
           HessRho_EigVals = -1.4475037408E+05 -1.4474861454E+05 -1.4474748005E+05
           HessRho_EigVec1 = -5.5828856151E-01  8.2963401848E-01  4.6127500742E-03
           HessRho_EigVec2 =  1.9860561599E-01  1.2824601053E-01  9.7165259742E-01
           HessRho_EigVec3 =  8.0552448218E-01  5.4337864897E-01 -2.3636825603E-01
           DelSqRho = -4.3424646867E+05
           Bond Ellipticity = NA
           V = -1.0857166906E+05
           G =  5.0259483972E+00
           K =  1.0856664312E+05
           L =  1.0856161717E+05
           Vnuc =  1.0883356386E+06
           Ven = -1.2786396651E+08
           Vrep =  1.2775539484E+08
           DelSqV =  2.4908593552E+09
           DelSqVen =  4.7260590899E+11
           DelSqVrep = -4.7011505066E+11
           DelSqG =  1.3377625268E+08
           DelSqK = -2.6246356079E+09
           Stress_EigVals = -3.6190774284E+04 -3.6190756076E+04 -3.6190138705E+04
           Stress_EigVec1 =  8.1693339544E-01  5.4796404388E-01 -1.7987560710E-01
           Stress_EigVec2 =  1.7432331652E-01  6.2689485170E-02  9.8269090245E-01
           Stress_EigVec3 = -5.4975559000E-01  8.3414952800E-01  4.4309775484E-02
           -DivStress = -2.8079981083E+02  2.0960281364E+03  3.9325554108E+03
           ESP =  -1.4658557733E+01     ESP at Nucleus =  -1.4658557866E+01
           ESPe = -2.7693829093E+01     ESPe at Nucleus = -2.7693822895E+01
           ESPn =  1.3035271360E+01     ESPn at Nucleus =  1.3035265030E+01

CP# 14     Coords = -5.96322694339045E+00  4.86846806388077E-01 -3.53984462998304E+00
           Type = (3,-3) NACP H14
           Rho =  4.2449375318E-01     Rho at Nucleus =  4.2078970599E-01
           GradRho = -5.5559940329E-16 -2.3948399687E-15 -3.4684982751E-16
           HessRho_EigVals = -6.4626391618E+00 -6.4563884058E+00 -5.8624248572E+00
           HessRho_EigVec1 = -3.4526249099E-01  9.6771900009E-02  9.3350362168E-01
           HessRho_EigVec2 =  7.4420557814E-01  6.3424582565E-01  2.0950009572E-01
           HessRho_EigVec3 = -5.7179705296E-01  7.6705112738E-01 -2.9099948146E-01
           DelSqRho = -1.8781452425E+01
           Bond Ellipticity = NA
           V = -4.7046696206E+00
           G =  4.6532571822E-03
           K =  4.7000163634E+00
           L =  4.6953631062E+00
           Vnuc =  3.9653484002E+01
           Ven = -1.6832656251E+01
           Vrep =  1.2127986630E+01
           DelSqV =  7.0710785338E+02
           DelSqVen =  7.4475002326E+02
           DelSqVrep = -3.7642169882E+01
           DelSqG =  6.9587845327E+01
           DelSqK = -7.7669569870E+02
           Stress_EigVals = -1.6189761569E+00 -1.6184029880E+00 -1.4672904757E+00
           Stress_EigVec1 =  2.8747539499E-01 -1.4686657791E-01 -9.4646083150E-01
           Stress_EigVec2 =  7.6820812976E-01  6.2552980343E-01  1.3626714348E-01
           Stress_EigVec3 = -5.7202636884E-01  7.6625235615E-01 -2.9264852646E-01
           -DivStress = -4.5207978328E+00  6.0574116685E+00 -2.3018337503E+00
           ESP =  -1.0988047816E+00     ESP at Nucleus =  -1.1012695461E+00
           ESPe = -1.2245754090E+01     ESPe at Nucleus = -1.2172630647E+01
           ESPn =  1.1146949309E+01     ESPn at Nucleus =  1.1071361101E+01

CP# 15     Coords = -6.29698937808906E+00  3.09695917013367E+00  3.72324807835466E-01
           Type = (3,-3) NACP H15
           Rho =  4.2500476850E-01     Rho at Nucleus =  4.2132440218E-01
           GradRho = -1.2029494154E-15 -1.1136314852E-15  2.0340988009E-16
           HessRho_EigVals = -6.4725897346E+00 -6.4663142136E+00 -5.8741710984E+00
           HessRho_EigVec1 =  4.9341063715E-01 -7.0671286327E-01 -5.0705312545E-01
           HessRho_EigVec2 =  8.3434963302E-01  2.1983478584E-01  5.0550307300E-01
           HessRho_EigVec3 =  2.4577760887E-01  6.7248018248E-01 -6.9811443987E-01
           DelSqRho = -1.8813075047E+01
           Bond Ellipticity = NA
           V = -4.7126110596E+00
           G =  4.6711489655E-03
           K =  4.7079399106E+00
           L =  4.7032687616E+00
           Vnuc =  3.9763001334E+01
           Ven = -1.6899465177E+01
           Vrep =  1.2186854117E+01
           DelSqV =  7.0844619610E+02
           DelSqVen =  7.4806432817E+02
           DelSqVrep = -3.9618132070E+01
           DelSqG =  6.9737468307E+01
           DelSqK = -7.7818366441E+02
           Stress_EigVals = -1.6214652535E+00 -1.6209063880E+00 -1.4702394180E+00
           Stress_EigVec1 =  4.1758543404E-01 -7.2235693871E-01 -5.5120128663E-01
           Stress_EigVec2 =  8.7471233332E-01  1.5536742487E-01  4.5906350021E-01
           Stress_EigVec3 =  2.4596898020E-01  6.7384079454E-01 -6.9673369690E-01
           -DivStress =  1.9395710353E+00  5.3039709132E+00 -5.4985455609E+00
           ESP =  -1.1002780203E+00     ESP at Nucleus =  -1.1027263556E+00
           ESPe = -1.2239731656E+01     ESPe at Nucleus = -1.2175413591E+01
           ESPn =  1.1139453636E+01     ESPn at Nucleus =  1.1072687235E+01

CP# 16     Coords =  4.25084428121985E+00  1.83518260175961E+00  2.77918328626501E+00
           Type = (3,-3) NACP H16
           Rho =  4.2723168800E-01     Rho at Nucleus =  4.2340059919E-01
           GradRho = -5.0330064651E-10 -1.7888807107E-09 -5.7384883754E-09
           HessRho_EigVals = -6.5138138241E+00 -6.5043638690E+00 -5.8875945677E+00
           HessRho_EigVec1 =  5.8707747815E-01 -7.8463028668E-01  1.9923691392E-01
           HessRho_EigVec2 =  8.0556174435E-01  5.4188843221E-01 -2.3963973600E-01
           HessRho_EigVec3 =  8.0064415837E-02  3.0118472780E-01  9.5019863663E-01
           DelSqRho = -1.8905772261E+01
           Bond Ellipticity = NA
           V = -4.7364447681E+00
           G =  5.0008514452E-03
           K =  4.7314439166E+00
           L =  4.7264430652E+00
           Vnuc =  4.0757465958E+01
           Ven = -1.7412880980E+01
           Vrep =  1.2676436212E+01
           DelSqV =  7.1144296343E+02
           DelSqVen =  7.7055137883E+02
           DelSqVrep = -5.9108415396E+01
           DelSqG =  7.0118105975E+01
           DelSqK = -7.8156106941E+02
           Stress_EigVals = -1.6314527499E+00 -1.6304468318E+00 -1.4745451863E+00
           Stress_EigVec1 =  5.8679558267E-01 -7.8524954679E-01  1.9762108548E-01
           Stress_EigVec2 =  8.0566675730E-01  5.4175827605E-01 -2.3958098111E-01
           Stress_EigVec3 =  8.1067998260E-02  2.9980180052E-01  9.5055081930E-01
