AIMSum (Version 19.02.13, Professional)
Copyright (c) 1997-2019 by Todd A. Keith
AIMSum is a component of the AIMAll package ( http://aim.tkgristmill.com )

TP:  64-bit Linux

Much of the Quantum Theory of Atoms in Molecules (QTAIM) is described in the book:
  "Atoms in Molecules - A Quantum Theory"
  R.F.W. Bader, Oxford University Press, Oxford, 1990

For additional references see:  http://aim.tkgristmill.com/references.html

Wfn File:  /home/mhennefarth/Documents/ML_Diels/summary-levandowski2016/16-opt/16-opt.wfn
Sum File:  /home/mhennefarth/Documents/ML_Diels/summary-levandowski2016/16-opt/16-opt.sum

SumViz File:  /home/mhennefarth/Documents/ML_Diels/summary-levandowski2016/16-opt/16-opt.sumviz

Wfn Title:   Title Card Required                                                           
 
Total memory allocated for AIMSum =        0.840 Megabytes

Atomic units (a.u.) used throughout, except where stated otherwise

Model:  Restricted SCF
 
Restricted, closed-shell, single-determinant wavefunction.
  Number of electrons (from MO Occs)                   =          68.0000000000
  Number of Alpha electrons (from MO Occs)             =          34.0000000000
  Number of Beta electrons (from MO Occs)              =          34.0000000000
  Number of electron pairs (N*(N-1)/2)                 =        2278.0000000000
  Number of electron pairs (from Muller 2EDM)          =        2278.0000000000
 
Nuclear Charges and Cartesian Coordinates:
-------------------------------------------------------------------------------
Atom      Charge                X                  Y                  Z
-------------------------------------------------------------------------------
C1         6.0          -5.3395611400E+00  -2.3924324500E+00   1.9892347100E+00
H2         1.0          -4.8747555800E+00  -3.9561917800E+00   3.2348923300E+00
C3         6.0          -3.7715919800E+00  -1.6711840900E+00   1.3847029000E-01
H4         1.0          -2.0283742700E+00  -2.7271818600E+00  -1.6063835000E-01
C5         6.0          -5.4525884700E+00   2.5864838100E+00  -1.0643023800E+00
H6         1.0          -5.7456473300E+00   4.0459625400E+00  -2.4780912700E+00
C7         6.0          -4.2125662200E+00   4.4489617000E-01  -1.6094045900E+00
H8         1.0          -3.4065699900E+00   2.2582316000E-01  -3.4938856000E+00
C9         6.0           4.0264804900E+00   2.3836142800E+00   2.1042833300E+00
H10        1.0           4.9617673900E+00   2.6827996900E+00   3.8929529600E+00
C11        6.0           2.0305957500E+00   2.5826255400E+00   6.6828000000E-01
H12        1.0           8.8198840000E-02   3.1386459200E+00   3.7276816000E-01
C13        6.0           4.2109704000E+00   1.2474696500E+00  -4.1988272000E-01
H14        1.0          -6.2205827900E+00   2.9437480300E+00   8.0807281000E-01
H15        1.0          -7.1479140200E+00  -1.4675441200E+00   2.3013008500E+00
Cl16      17.0           4.1199182800E+00  -2.2312399200E+00  -7.8627211000E-01
H17        1.0           5.3848339900E+00   1.9561796700E+00  -1.9508178900E+00
 
Some Atomic Properties:
----------------------
  q(A) = Net Charge of Atom A
  L(A) = Lagrangian of Atom A = -(1/4) Times Atomic Integral of the Laplacian of the Electron Density
  K(A) = Electronic Kinetic Energy of Atom A (Hamiltonian Form)
  K_Scaled(A) = K(A) * E(Mol)/K(Mol) = Approximation to Virial-Based Total Energy of Atom A.
  |Mu_Intra(A)| = Magnitude of Intraatomic Dipole Moment of Atom A
--------------------------------------------------------------------------------------------------
Atom A          q(A)              L(A)              K(A)          K_Scaled(A)      |Mu_Intra(A)|
--------------------------------------------------------------------------------------------------
C1       -8.7090362400E-02  7.5005785183E-05  3.7704882103E+01 -3.7920544225E+01  1.0811100513E-01
H2        4.5791980640E-02  2.2881667543E-05  5.9349976893E-01 -5.9689443330E-01  1.4733486357E-01
C3       -3.3373904900E-02 -3.3986394221E-06  3.7704804512E+01 -3.7920466191E+01  9.9934413846E-02
H4        5.4986052550E-02  2.6643798492E-05  5.9303238179E-01 -5.9642437282E-01  1.4386895722E-01
C5       -1.0088206140E-01 -7.8922790976E-05  3.7706760642E+01 -3.7922433509E+01  1.1345355987E-01
H6        4.3003706280E-02  2.0484550389E-05  5.9438571379E-01 -5.9778544553E-01  1.4803051709E-01
C7       -3.7349274500E-02 -1.8993042989E-04  3.7706494616E+01 -3.7922165962E+01  7.2440013572E-02
H8        3.9308408050E-02  2.4441500891E-05  5.9979569277E-01 -6.0322636818E-01  1.4966164303E-01
C9       -9.6337639700E-02 -6.5896006474E-05  3.7757868283E+01 -3.7973833472E+01  2.6735360075E-01
H10       1.3050390752E-01  1.7308488316E-05  5.5271791910E-01 -5.5587932189E-01  1.4096661922E-01
C11      -9.4786279200E-02 -2.8424460291E-05  3.7759672360E+01 -3.7975647868E+01  2.9838975355E-01
H12       1.5121127170E-01  2.7402029069E-05  5.4321479670E-01 -5.4632184410E-01  1.3632193997E-01
C13       1.4932705310E-01  1.1389501345E-04  3.7519401181E+01 -3.7734002401E+01  2.6436123921E-01
H14       4.2149900110E-02  1.7981349839E-05  5.9372560415E-01 -5.9712156024E-01  1.4888192490E-01
H15       4.0205119030E-02  1.6778346502E-05  5.9476076190E-01 -5.9816263882E-01  1.4907997846E-01
Cl16     -3.2149336600E-01  1.1766257822E-05  4.5893310482E+02 -4.6155808286E+02  1.7710326572E-01
H17       7.4814261040E-02  3.1269224895E-05  5.9132996546E-01 -5.9471221912E-01  1.5051056727E-01
--------------------------------------------------------------------------------------------------
Total    -1.1228079998E-05  3.9285685338E-05  7.2804945112E+02 -7.3221370469E+02
 
1st Largest |L(A)| = 1.8993042989E-04, atom C7      
2nd Largest |L(A)| = 1.1389501345E-04, atom C13     
 
Molecular charge q(Mol) from the wfn file:   0.0000000000E+00
Molecular energy E(Mol) from the wfn file:  -7.3221369085E+02
Molecular virial ratio (-V(Mol)/T(Mol)) from the wfn file:   2.0057197400E+00
Note.  K_Scaled(A) = (1+V(Mol)/T(Mol))*K(A) = (E(Mol)/T(Mol))*K(A)
       Only use K_Scaled(A) data with caution.
 
N_AIMInt(SumA)     =         68.000011
N_Analytic(Mol)    =         67.999991
 
G_AIMInt(SumA)     =        728.049412
G_Analytic(Mol)    =        728.049417
 
K_AIMInt(SumA)     =        728.049451
K_Analytic(Mol)    =        728.049417
 
L_AIMInt(SumA)     =          0.000039
L_Analytic(Mol)    =          0.000000
 
VenT_AIMInt(SumA)  =      -2451.069602
VenT_Analytic(Mol) =      -2451.068758
 
Some Information About the Atomic Calculations:
----------------------------------------------
  Time(sec) = "Elapsed User Time", in Seconds, for Atom A by AIMInt and, if used, by TWOe
  NProc = Number of Processors Used for AIMInt Job
  BIM = Basin Integration Method
  OAQ = Angular Quadrature Outside of Beta Sphere
  ORQ = Multiple of Default for Radial Quadrature Outside of Beta Sphere
  IAQ = Multiple of Default for Angular Quadrature Inside of Beta Sphere
  IRQ = Multiple of Default for Radial Quadrature Inside of Beta Sphere
  MIR = Maximum Integration Radius
------------------------------------------------------------------------------------------------------
Atom A     Time(sec)   NProc      BIM          OAQ                     ORQ      IAQ      IRQ      MIR
------------------------------------------------------------------------------------------------------
C1             39        8     Proaim(5)    4500(GS4)                  1.00     1.00     1.00    13.00
H2             11        8     Proaim(5)    1800(GS4)                  1.00     1.00     1.00    13.00
C3             52        8     Proaim(5)    4500(GS4)                  1.00     1.00     1.00    13.00
H4             24        8     Proaim(5)    4500(GS4)                  1.00     1.00     1.00    13.00
C5             43        8     Proaim(5)    4500(GS4)                  1.00     1.00     1.00    13.00
H6              8        8     Proaim(5)    1800(GS4)                  1.00     1.00     1.00    13.00
C7             68        8     Proaim(5)    4500(GS4)                  1.00     1.00     1.00    13.00
H8             12        8     Proaim(5)    1800(GS4)                  1.00     1.00     1.00    13.00
C9             33        8     Proaim(5)    4500(GS4)                  1.00     1.00     1.00    13.00
H10             8        8     Proaim(5)    1800(GS4)                  1.00     1.00     1.00    13.00
C11            39        8     Proaim(5)    4500(GS4)                  1.00     1.00     1.00    13.00
H12            29        8     Proaim(5)    4500(GS4)                  1.00     1.00     1.00    13.00
C13            46        8     Proaim(5)    4500(GS4)                  1.00     1.00     1.00    13.00
H14            14        8     Proaim(5)    1800(GS4)                  1.00     1.00     1.00    13.00
H15             9        8     Proaim(5)    1800(GS4)                  1.00     1.00     1.00    13.00
Cl16           35        8     Proaim(5)    4500(GS4)                  1.00     1.00     1.00    13.00
H17             7        8     Proaim(5)    1800(GS4)                  1.00     1.00     1.00    13.00
------------------------------------------------------------------------------------------------------
Total         477
Note:  Total wall clock time is less than total of atomic times if more than one atom
       was calculated at a time
 
Electron Density Critical Point Analysis of Molecular Structure:               
---------------------------------------------------------------                
  NACP = Nuclear Attractor Critical Point                                      
  NNACP = Non-Nuclear Attractor Critical Point                                 
  BCP = Bond Critical Point                                                    
  RCP = Ring Critical Point                                                    
  CCP = Cage Critical Point                                                    
  Rho = Electron Density                                                       
  GradRho = Gradient of Electron Density                                       
  HessRho_EigVals = Eigenvalues of the Hessian of Rho, Ascending Order         
  HessRho_EigVecs = Eigenvectors of the Hessian of Rho                         
  DelSqRho = Laplacian of Rho = Trace of Hessian of Rho                        
  Bond Ellipticity = (HessRho_EigVal(1) / HessRho_EigVal(2)) - 1               
  V = Virial Field = Potential Energy Density = Trace of Stress Tensor         
  G = Lagrangian Form of Kinetic Energy Density                                
  K = Hamiltonian Form of Kinetic Energy Density                               
  L = K - G = Lagrangian Density = (-1/4)DelSqRho                              
  Vnuc = Electrostatic Potential from Nuclei                                   
  Ven = Electron-nuclear attractive contribution to Virial Field V             
  Vrep = V - Ven = Repulsive contribution to Virial Field V                    
  DelSqV = Laplacian of V                                                      
  DelSqVen = Laplacian of Ven                                                  
  DelSqVrep = Laplacian of Vrep                                                
  DelSqG = Laplacian of G                                                      
  DelSqK = Laplacian of K                                                      
  Stress_EigVals = Eigenvalues of Stress Tensor, Ascending Order               
  Stress_EigVecs = Eigenvectors of Stress Tensor                               
  -DivStress = Ehrenfest Force Density = Minus Divergence of Stress Tensor     
  ESP = Total Electrostatic Potential                                          
  ESPe = Electrostatic Potential from Electrons                                
  ESPn = Electrostatic Potential from Nuclei                                   
  BP = Bond Path                                                               
  BPL = Bond Path Length                                                       
  GBL = Geometric Bond Length                                                  
  GBL_I = Distance Between Nuclear Attractors                                  
  GBL_II = Distance Between Nuclei                                             
  GBL_III = Sum of Distances Between BCP and Nuclear Attractors                
  GBL_IV = Sum of Distances Between BCP and Nuclei                             

CP# 1      Coords = -5.33956162881571E+00 -2.39243266497379E+00  1.98923546517814E+00
           Type = (3,-3) NACP C1
           Rho =  1.1767945155E+02     Rho at Nucleus =  1.1767945149E+02
           GradRho = -3.4403119242E-11 -6.3563349029E-11  1.4366169365E-10
           HessRho_EigVals = -1.4500754739E+05 -1.4500655970E+05 -1.4500639663E+05
           HessRho_EigVec1 =  3.8841024344E-01  6.5529771416E-01  6.4785985260E-01
           HessRho_EigVec2 =  7.0420094033E-01 -6.6453841951E-01  2.4997944842E-01
           HessRho_EigVec3 = -5.9433872365E-01 -3.5912893899E-01  7.1957479580E-01
           DelSqRho = -4.3502050372E+05
           Bond Ellipticity = NA
           V = -1.0876535429E+05
           G =  5.1141822513E+00
           K =  1.0876024011E+05
           L =  1.0875512593E+05
           Vnuc =  6.4871655751E+06
           Ven = -7.6340608701E+08
           Vrep =  7.6329732166E+08
           DelSqV =  2.4953037167E+09
           DelSqVen =  2.8220498903E+12
           DelSqVrep = -2.8195544555E+12
           DelSqG =  1.3403436561E+08
           DelSqK = -2.6293380823E+09
           Stress_EigVals = -3.6255366510E+04 -3.6255263039E+04 -3.6254724746E+04
           Stress_EigVec1 = -5.8156940839E-01 -3.5170328560E-01  7.3354060700E-01
           Stress_EigVec2 =  6.9811870866E-01 -6.7868035660E-01  2.2808604118E-01
           Stress_EigVec3 =  4.1762099066E-01  6.4474628534E-01  6.4023037706E-01
           -DivStress =  3.9788401406E+02  1.7647835769E+02 -6.1381653478E+02
           ESP =  -1.4744586666E+01     ESP at Nucleus =  -1.4744586678E+01
           ESPe = -2.4932871488E+01     ESPe at Nucleus = -2.4932872796E+01
           ESPn =  1.0188284822E+01     ESPn at Nucleus =  1.0188286117E+01

CP# 2      Coords = -4.88279513506176E+00 -3.92944396739602E+00  3.21362807727758E+00
           Type = (3,-3) NACP H2
           Rho =  4.2526315547E-01     Rho at Nucleus =  4.2154711472E-01
           GradRho =  1.7227972521E-15  2.8761715232E-15 -1.2251484549E-15
           HessRho_EigVals = -6.4756365198E+00 -6.4693835693E+00 -5.8732241395E+00
           HessRho_EigVec1 =  8.5483564514E-01 -1.4165921688E-01 -4.9918802678E-01
           HessRho_EigVec2 =  4.6625604734E-01  6.3189646820E-01  6.1912208149E-01
           HessRho_EigVec3 = -2.2773080187E-01  7.6199706019E-01 -6.0621709159E-01
           DelSqRho = -1.8818244229E+01
           Bond Ellipticity = NA
           V = -4.7137930998E+00
           G =  4.6160213459E-03
           K =  4.7091770785E+00
           L =  4.7045610571E+00
           Vnuc =  3.9194243075E+01
           Ven = -1.6667867486E+01
           Vrep =  1.1954074386E+01
           DelSqV =  7.0847253030E+02
           DelSqVen =  7.3756683853E+02
           DelSqVrep = -2.9094308237E+01
           DelSqG =  6.9732740393E+01
           DelSqK = -7.7820527069E+02
           Stress_EigVals = -1.6222059296E+00 -1.6217080766E+00 -1.4698790937E+00
           Stress_EigVec1 =  8.9848301954E-01 -7.7256482208E-02 -4.3215703113E-01
           Stress_EigVec2 =  3.7612046834E-01  6.4314762148E-01  6.6700414563E-01
           Stress_EigVec3 = -2.2641037277E-01  7.6183500376E-01 -6.0691496122E-01
           -DivStress =  1.8132774579E+00 -6.0359671960E+00  4.7994322543E+00
           ESP =  -1.1083310467E+00     ESP at Nucleus =  -1.1108157426E+00
           ESPe = -1.1815301348E+01     ESPe at Nucleus = -1.1739457532E+01
           ESPn =  1.0706970301E+01     ESPn at Nucleus =  1.0628641789E+01

CP# 3      Coords = -3.77159186618181E+00 -1.67118299503373E+00  1.38468991964922E-01
           Type = (3,-3) NACP C3
           Rho =  1.1766140884E+02     Rho at Nucleus =  1.1766140863E+02
           GradRho =  7.3378688542E-11  6.9695584894E-10 -8.4275667174E-10
           HessRho_EigVals = -1.4497882948E+05 -1.4497789503E+05 -1.4497752154E+05
           HessRho_EigVec1 =  4.9446019365E-01  5.7169874578E-01  6.5472869264E-01
           HessRho_EigVec2 =  2.8695717782E-01 -8.1838910975E-01  4.9789039270E-01
           HessRho_EigVec3 =  8.2046614494E-01 -5.8307882116E-02 -5.6871389634E-01
           DelSqRho = -4.3493424605E+05
           Bond Ellipticity = NA
           V = -1.0874378410E+05
           G =  5.1112957158E+00
           K =  1.0873867281E+05
           L =  1.0873356151E+05
           Vnuc =  3.5252784106E+06
           Ven = -4.1478922435E+08
           Vrep =  4.1468048057E+08
           DelSqV =  2.4948037243E+09
           DelSqVen =  1.5332642816E+12
           DelSqVrep = -1.5307694943E+12
           DelSqG =  1.3400101520E+08
           DelSqK = -2.6288047395E+09
           Stress_EigVals = -3.6248205488E+04 -3.6248036323E+04 -3.6247542294E+04
           Stress_EigVec1 =  7.8133645055E-01  4.0614699372E-02 -6.2278712032E-01
           Stress_EigVec2 =  3.9384696942E-01 -8.0618160053E-01  4.4153798438E-01
           Stress_EigVec3 =  4.8414658495E-01  5.9027254143E-01  6.4589504652E-01
           -DivStress = -8.8377007153E+01 -8.9076746009E+02  1.0540671346E+03
           ESP =  -1.4736550145E+01     ESP at Nucleus =  -1.4736550163E+01
           ESPe = -2.6796250201E+01     ESPe at Nucleus = -2.6796249690E+01
           ESPn =  1.2059700056E+01     ESPn at Nucleus =  1.2059699527E+01

CP# 4      Coords = -2.05805517169383E+00 -2.70913820990599E+00 -1.55691364695874E-01
           Type = (3,-3) NACP H4
           Rho =  4.2593500205E-01     Rho at Nucleus =  4.2220858758E-01
           GradRho = -1.2078445882E-14  8.1987368283E-15  2.0985817251E-15
           HessRho_EigVals = -6.5028952910E+00 -6.4952169420E+00 -5.8956527206E+00
           HessRho_EigVec1 = -2.1945579535E-01 -5.7514864905E-01  7.8806293237E-01
           HessRho_EigVec2 =  4.8642754960E-01  6.3569237012E-01  5.9940257721E-01
           HessRho_EigVec3 =  8.4571117580E-01 -5.1487789044E-01 -1.4026177334E-01
           DelSqRho = -1.8893764954E+01
           Bond Ellipticity = NA
           V = -4.7324812906E+00
           G =  4.5200260985E-03
           K =  4.7279612645E+00
           L =  4.7234412384E+00
           Vnuc =  4.1804686823E+01
           Ven = -1.7806079367E+01
           Vrep =  1.3073598077E+01
           DelSqV =  7.1146450563E+02
           DelSqVen =  7.8984792679E+02
           DelSqVrep = -7.8383421162E+01
           DelSqG =  7.0192787984E+01
           DelSqK = -7.8165729361E+02
           Stress_EigVals = -1.6288122015E+00 -1.6277951045E+00 -1.4758739846E+00
           Stress_EigVec1 = -2.6781314978E-01 -6.3881246343E-01  7.2124527962E-01
           Stress_EigVec2 =  4.6105084028E-01  5.7234320129E-01  6.7812637658E-01
           Stress_EigVec3 =  8.4599541339E-01 -5.1414190308E-01 -1.4124398755E-01
           -DivStress =  6.7237264067E+00 -4.0868771486E+00 -1.1209875225E+00
           ESP =  -1.1115707035E+00     ESP at Nucleus =  -1.1140684981E+00
           ESPe = -1.4414565778E+01     ESPe at Nucleus = -1.4353050386E+01
           ESPn =  1.3302995075E+01     ESPn at Nucleus =  1.3238981888E+01

CP# 5      Coords = -5.45258892222579E+00  2.58648456772498E+00 -1.06430229449119E+00
           Type = (3,-3) NACP C5
           Rho =  1.1768171675E+02     Rho at Nucleus =  1.1768171670E+02
           GradRho = -1.8050894113E-11  1.6439004324E-10  1.9898360737E-11
           HessRho_EigVals = -1.4501234960E+05 -1.4501141669E+05 -1.4501126138E+05
           HessRho_EigVec1 =  8.8922205616E-01  4.0203574909E-01  2.1829198632E-01
           HessRho_EigVec2 = -9.9997475076E-02 -2.9481162324E-01  9.5030869289E-01
           HessRho_EigVec3 = -4.4641308204E-01  8.6686409734E-01  2.2195043800E-01
           DelSqRho = -4.3503502766E+05
           Bond Ellipticity = NA
           V = -1.0876899246E+05
           G =  5.1177738957E+00
           K =  1.0876387469E+05
           L =  1.0875875692E+05
           Vnuc =  6.7678346042E+06
           Ven = -7.9645039492E+08
           Vrep =  7.9634162593E+08
           DelSqV =  2.4953890137E+09
           DelSqVen =  2.9442458255E+12
           DelSqVrep = -2.9417503055E+12
           DelSqG =  1.3404083781E+08
           DelSqK = -2.6294298516E+09
           Stress_EigVals = -3.6256572446E+04 -3.6256471738E+04 -3.6255948279E+04
           Stress_EigVec1 = -4.6335356209E-01  8.6876083079E-01  1.7480873944E-01
           Stress_EigVec2 = -1.4260885878E-01 -2.6779211942E-01  9.5286415305E-01
           Stress_EigVec3 =  8.7462345607E-01  4.1658372467E-01  2.4797542306E-01
           -DivStress =  3.6860301818E+02 -6.1658567562E+02 -6.9000343410E+01
           ESP =  -1.4740277444E+01     ESP at Nucleus =  -1.4740277455E+01
           ESPe = -2.5027134002E+01     ESPe at Nucleus = -2.5027135264E+01
           ESPn =  1.0286856559E+01     ESPn at Nucleus =  1.0286857809E+01

CP# 6      Coords = -5.74064445741927E+00  4.02111917778973E+00 -2.45393489361771E+00
           Type = (3,-3) NACP H6
           Rho =  4.2524907052E-01     Rho at Nucleus =  4.2155220916E-01
           GradRho =  8.5651971626E-17 -1.0988389018E-15  5.9414279052E-17
           HessRho_EigVals = -6.4750263407E+00 -6.4686474211E+00 -5.8747301040E+00
           HessRho_EigVec1 = -5.1922835041E-01  5.3902549750E-01  6.6321446997E-01
           HessRho_EigVec2 =  8.4256504066E-01  4.5281978992E-01  2.9161342582E-01
           HessRho_EigVec3 = -1.4312956503E-01  7.1021528490E-01 -6.8928091277E-01
           DelSqRho = -1.8818403866E+01
           Bond Ellipticity = NA
           V = -4.7139158716E+00
           G =  4.6574525545E-03
           K =  4.7092584190E+00
           L =  4.7046009664E+00
           Vnuc =  3.9183543634E+01
           Ven = -1.6662765510E+01
           Vrep =  1.1948849639E+01
           DelSqV =  7.0856090295E+02
           DelSqVen =  7.3737174900E+02
           DelSqVrep = -2.8810846054E+01
           DelSqG =  6.9737106409E+01
           DelSqK = -7.7829800935E+02
           Stress_EigVals = -1.6220625225E+00 -1.6215806523E+00 -1.4702726968E+00
           Stress_EigVec1 = -4.2291388034E-01  5.8460207321E-01  6.9237581255E-01
           Stress_EigVec2 =  8.9470867613E-01  3.9052367438E-01  2.1676633642E-01
           Stress_EigVec3 = -1.4366709669E-01  7.1114813910E-01 -6.8820642949E-01
           -DivStress = -1.1294263966E+00  5.6072680247E+00 -5.4504504802E+00
           ESP =  -1.1027892670E+00     ESP at Nucleus =  -1.1052622970E+00
           ESPe = -1.1723668807E+01     ESPe at Nucleus = -1.1645328996E+01
           ESPn =  1.0620879540E+01     ESPn at Nucleus =  1.0540066699E+01

CP# 7      Coords = -4.21256545629181E+00  4.44895088890307E-01 -1.60940423145667E+00
           Type = (3,-3) NACP C7
           Rho =  1.1767473140E+02     Rho at Nucleus =  1.1767473126E+02
           GradRho =  3.1214134055E-10 -4.5654729476E-10  1.3945946871E-10
           HessRho_EigVals = -1.4499737690E+05 -1.4499632733E+05 -1.4499603869E+05
           HessRho_EigVec1 =  8.4107656842E-01  4.1171655519E-01  3.5082714297E-01
           HessRho_EigVec2 = -5.3201404377E-02 -5.8247024811E-01  8.1110912992E-01
           HessRho_EigVec3 = -5.3829342986E-01  7.0086938030E-01  4.6799817855E-01
           DelSqRho = -4.3498974292E+05
           Bond Ellipticity = NA
           V = -1.0875764286E+05
           G =  5.1035663943E+00
           K =  1.0875253930E+05
           L =  1.0874743573E+05
           Vnuc =  4.3752615469E+06
           Ven = -5.1485772733E+08
           Vrep =  5.1474896969E+08
           DelSqV =  2.4951227382E+09
           DelSqVen =  1.9031938499E+12
           DelSqVrep = -1.9006987271E+12
           DelSqG =  1.3402006715E+08
           DelSqK = -2.6291428053E+09
           Stress_EigVals = -3.6252820560E+04 -3.6252671955E+04 -3.6252150349E+04
           Stress_EigVec1 = -5.2368620581E-01  7.5309382088E-01  3.9824923703E-01
           Stress_EigVec2 = -8.4684944062E-02 -5.1118101490E-01  8.5529084542E-01
           Stress_EigVec3 =  8.4769169991E-01  4.1417830334E-01  3.3147415427E-01
           -DivStress = -6.1828578423E+02  8.7831675952E+02 -2.9461201132E+02
           ESP =  -1.4730695546E+01     ESP at Nucleus =  -1.4730695561E+01
           ESPe = -2.6620092323E+01     ESPe at Nucleus = -2.6620091952E+01
           ESPn =  1.1889396777E+01     ESPn at Nucleus =  1.1889396391E+01

CP# 8      Coords = -3.41998516867868E+00  2.29438511220882E-01 -3.46234189814228E+00
           Type = (3,-3) NACP H8
           Rho =  4.2824485910E-01     Rho at Nucleus =  4.2462132407E-01
           GradRho = -7.1597792799E-11  1.9220760834E-11  1.6846735422E-10
           HessRho_EigVals = -6.5454918563E+00 -6.5379568172E+00 -5.9458191921E+00
           HessRho_EigVec1 = -3.8506252422E-01  8.8455352920E-01 -2.6323355870E-01
           HessRho_EigVec2 =  8.3713131019E-01  4.5484319341E-01  3.0385660912E-01
           HessRho_EigVec3 = -3.8850742842E-01  1.0335726097E-01  9.1563052301E-01
           DelSqRho = -1.9029267866E+01
           Bond Ellipticity = NA
           V = -4.7663013932E+00
           G =  4.4922133909E-03
           K =  4.7618091798E+00
           L =  4.7573169664E+00
           Vnuc =  4.1365390750E+01
           Ven = -1.7714515933E+01
           Vrep =  1.2948214540E+01
           DelSqV =  7.1716105446E+02
           DelSqVen =  7.8715310126E+02
           DelSqVrep = -6.9992046802E+01
           DelSqG =  7.0812113090E+01
           DelSqK = -7.8797316755E+02
           Stress_EigVals = -1.6395117304E+00 -1.6383799962E+00 -1.4884096666E+00
           Stress_EigVec1 = -3.0540243844E-01  9.2269716036E-01 -2.3528557300E-01
           Stress_EigVec2 =  8.6912482424E-01  3.7105825055E-01  3.2701347768E-01
           Stress_EigVec3 = -3.8903906035E-01  1.0462181880E-01  9.1526110185E-01
           -DivStress =  3.0605573512E+00 -8.2540210621E-01 -7.1958588557E+00
           ESP =  -1.1053502111E+00     ESP at Nucleus =  -1.1077783397E+00
           ESPe = -1.3458322259E+01     ESPe at Nucleus = -1.3381322567E+01
           ESPn =  1.2352972048E+01     ESPn at Nucleus =  1.2273544227E+01

CP# 9      Coords =  4.02648072085157E+00  2.38361292302069E+00  2.10428088408868E+00
           Type = (3,-3) NACP C9
           Rho =  1.1765518264E+02     Rho at Nucleus =  1.1765518207E+02
           GradRho =  3.8136194810E-10 -2.3115053048E-09 -4.2223325440E-09
           HessRho_EigVals = -1.4496990834E+05 -1.4496934273E+05 -1.4496825229E+05
           HessRho_EigVec1 =  2.7956954770E-01  9.4394844105E-01 -1.7550558007E-01
           HessRho_EigVec2 =  1.6570210335E-01  1.3261533283E-01  9.7721849473E-01
           HessRho_EigVec3 =  9.4571860558E-01 -3.0228217635E-01 -1.1933903351E-01
           DelSqRho = -4.3490750336E+05
           Bond Ellipticity = NA
           V = -1.0873722708E+05
           G =  5.1756214722E+00
           K =  1.0873205146E+05
           L =  1.0872687584E+05
           Vnuc =  2.1378075024E+06
           Ven = -2.5152413215E+08
           Vrep =  2.5141539492E+08
           DelSqV =  2.4946510170E+09
           DelSqVen =  9.2974851686E+11
           DelSqVrep = -9.2725387404E+11
           DelSqG =  1.3399181593E+08
           DelSqK = -2.6286428330E+09
           Stress_EigVals = -3.6246069948E+04 -3.6245794058E+04 -3.6245363076E+04
           Stress_EigVec1 =  8.3592521516E-01 -9.2145820589E-02  5.4105284622E-01
           Stress_EigVec2 = -4.7213801285E-01  3.8191872632E-01  7.9449593033E-01
           Stress_EigVec3 =  2.7984769335E-01  9.1959079717E-01 -2.7574994885E-01
           -DivStress = -1.8819199767E+02  1.1055772209E+03  1.9912334643E+03
           ESP =  -1.4697983992E+01     ESP at Nucleus =  -1.4697984014E+01
           ESPe = -2.6442268165E+01     ESPe at Nucleus = -2.6442263616E+01
           ESPn =  1.1744284172E+01     ESPn at Nucleus =  1.1744279603E+01

CP# 10     Coords =  4.94487719359191E+00  2.67742215225822E+00  3.86065916676912E+00
           Type = (3,-3) NACP H10
           Rho =  4.1310578923E-01     Rho at Nucleus =  4.0913240660E-01
           GradRho = -5.5620936044E-10 -1.7779793401E-10 -1.0657284081E-09
           HessRho_EigVals = -6.3130145591E+00 -6.3105729709E+00 -5.6858964305E+00
           HessRho_EigVec1 = -7.6364654962E-01  5.7152711386E-01  3.0033432268E-01
           HessRho_EigVec2 =  4.5753518346E-01  8.0725513964E-01 -3.7282797028E-01
           HessRho_EigVec3 =  4.5552771941E-01  1.4729527368E-01  8.7795136494E-01
           DelSqRho = -1.8309483960E+01
           Bond Ellipticity = NA
           V = -4.5860969902E+00
           G =  4.3630000436E-03
           K =  4.5817339902E+00
           L =  4.5773709901E+00
           Vnuc =  3.8356494807E+01
           Ven = -1.5845290060E+01
           Vrep =  1.1259193069E+01
           DelSqV =  6.8845203681E+02
           DelSqVen =  7.0228762824E+02
           DelSqVrep = -1.3835591435E+01
           DelSqG =  6.7972116899E+01
           DelSqK = -7.5642415370E+02
           Stress_EigVals = -1.5818152333E+00 -1.5810478245E+00 -1.4232339324E+00
           Stress_EigVec1 =  8.5283614875E-01 -3.5138352702E-01 -3.8626431406E-01
           Stress_EigVec2 =  2.5160594896E-01  9.2470619706E-01 -2.8567970801E-01
           Stress_EigVec3 =  4.5756414832E-01  1.4645158267E-01  8.7703305759E-01
           -DivStress =  3.7142378616E+00  1.1817965896E+00  7.0989020582E+00
           ESP =  -1.0437687305E+00     ESP at Nucleus =  -1.0465404737E+00
           ESPe = -1.2254856486E+01     ESPe at Nucleus = -1.2163776080E+01
           ESPn =  1.1211087756E+01     ESPn at Nucleus =  1.1117235607E+01

CP# 11     Coords =  2.03059826817019E+00  2.58262389246460E+00  6.68278966562038E-01
           Type = (3,-3) NACP C11
           Rho =  1.1767135499E+02     Rho at Nucleus =  1.1767135425E+02
           GradRho =  5.6302373892E-09 -3.6569058701E-09 -2.3042442065E-09
           HessRho_EigVals = -1.4499076392E+05 -1.4499003874E+05 -1.4498904325E+05
           HessRho_EigVec1 =  2.2213610847E-01  9.4386531519E-01 -2.4448684238E-01
           HessRho_EigVec2 =  9.4212137159E-01 -2.7236750199E-01 -1.9550771100E-01
           HessRho_EigVec3 =  2.5112321779E-01  1.8690695719E-01  9.4973834230E-01
           DelSqRho = -4.3496984591E+05
           Bond Ellipticity = NA
           V = -1.0875279415E+05
           G =  5.1663360083E+00
           K =  1.0874762781E+05
           L =  1.0874246148E+05
           Vnuc =  1.8857658311E+06
           Ven = -2.2190062054E+08
           Vrep =  2.2179186774E+08
           DelSqV =  2.4950077084E+09
           DelSqVen =  8.2025127731E+11
           DelSqVrep = -8.1775626960E+11
           DelSqG =  1.3401183252E+08
           DelSqK = -2.6290195409E+09
           Stress_EigVals = -3.6251277757E+04 -3.6250982072E+04 -3.6250534320E+04
           Stress_EigVec1 =  8.0413517313E-01 -7.8344947711E-02  5.8926114118E-01
           Stress_EigVec2 = -5.1927520072E-01  3.8992028119E-01  7.6047053870E-01
           Stress_EigVec3 =  2.8934389445E-01  9.1750980566E-01 -2.7286602437E-01
           -DivStress = -2.0491342006E+03  1.3419570264E+03  8.4166614961E+02
           ESP =  -1.4699951759E+01     ESP at Nucleus =  -1.4699951788E+01
           ESPe = -2.7229722698E+01     ESPe at Nucleus = -2.7229718335E+01
           ESPn =  1.2529770939E+01     ESPn at Nucleus =  1.2529766547E+01

CP# 12     Coords =  1.24017817750428E-01  3.12852812364690E+00  3.78260025867840E-01
           Type = (3,-3) NACP H12
           Rho =  4.0897124429E-01     Rho at Nucleus =  4.0488162108E-01
           GradRho =  2.5847379792E-16 -2.5890070253E-16  8.9189181214E-17
           HessRho_EigVals = -6.2391801338E+00 -6.2369133356E+00 -5.6032201383E+00
           HessRho_EigVec1 =  1.5759861623E-02  5.0859844120E-01  8.6085960084E-01
           HessRho_EigVec2 =  3.0533679800E-01  8.1739208610E-01 -4.8850754074E-01
           HessRho_EigVec3 =  9.5211399871E-01 -2.7055092529E-01  1.4241183334E-01
           DelSqRho = -1.8079313608E+01
           Bond Ellipticity = NA
           V = -4.5287539958E+00
           G =  4.4627969594E-03
           K =  4.5242911989E+00
           L =  4.5198284019E+00
           Vnuc =  3.9831188151E+01
           Ven = -1.6289810580E+01
           Vrep =  1.1761056584E+01
           DelSqV =  6.7905933233E+02
           DelSqVen =  7.2012054195E+02
           DelSqVrep = -4.1061209622E+01
           DelSqG =  6.6959024327E+01
           DelSqK = -7.4601835666E+02
           Stress_EigVals = -1.5633145813E+00 -1.5625455061E+00 -1.4028939084E+00
           Stress_EigVec1 = -5.8033948037E-02  3.0403243431E-01  9.5089239126E-01
           Stress_EigVec2 =  3.0092968524E-01  9.1352072251E-01 -2.7371739824E-01
           Stress_EigVec3 =  9.5187887119E-01 -2.7026684673E-01  1.4450759890E-01
           -DivStress = -7.7771059904E+00  2.1962041853E+00 -1.1938836614E+00
           ESP =  -1.0472378922E+00     ESP at Nucleus =  -1.0501016301E+00
           ESPe = -1.4299310300E+01     ESPe at Nucleus = -1.4231325246E+01
           ESPn =  1.3252072408E+01     ESPn at Nucleus =  1.3181223616E+01

CP# 13     Coords =  4.21096756603853E+00  1.24746653475900E+00 -4.19879138431814E-01
           Type = (3,-3) NACP C13
           Rho =  1.1748917435E+02     Rho at Nucleus =  1.1748917214E+02
           GradRho = -5.2655620966E-11 -4.7837937225E-12 -2.8045325394E-12
           HessRho_EigVals = -1.4475507802E+05 -1.4475329613E+05 -1.4475215115E+05
           HessRho_EigVec1 = -1.5752981443E-02  9.8666112180E-01  1.6202368439E-01
           HessRho_EigVec2 = -5.8259208363E-01 -1.4075246724E-01  8.0048435779E-01
           HessRho_EigVec3 =  8.1261202777E-01 -8.1783700651E-02  5.7703822979E-01
           DelSqRho = -4.3426052530E+05
           Bond Ellipticity = NA
           V = -1.0857518050E+05
           G =  5.0245890638E+00
           K =  1.0857015591E+05
           L =  1.0856513132E+05
           Vnuc =  1.0853096133E+06
           Ven = -1.2751213038E+08
           Vrep =  1.2740355520E+08
           DelSqV =  2.4909401581E+09
           DelSqVen =  4.7130712346E+11
           DelSqVrep = -4.6881618330E+11
           DelSqG =  1.3378107740E+08
           DelSqK = -2.6247212355E+09
           Stress_EigVals = -3.6191948814E+04 -3.6191929292E+04 -3.6191302396E+04
           Stress_EigVec1 =  8.6325480186E-01 -7.1866383901E-02  4.9962623022E-01
           Stress_EigVec2 = -5.0471168006E-01 -1.0805275882E-01  8.5649910760E-01
           Stress_EigVec3 =  7.5675011227E-03  9.9154416149E-01  1.2954886627E-01
           -DivStress =  2.2982638895E+03  2.5139719880E+03 -2.9063103519E+03
           ESP =  -1.4655741208E+01     ESP at Nucleus =  -1.4655741341E+01
           ESPe = -2.7966934817E+01     ESPe at Nucleus = -2.7966927689E+01
           ESPn =  1.3311193610E+01     ESPn at Nucleus =  1.3311186348E+01

CP# 14     Coords = -6.20754347825154E+00  2.93772920948039E+00  7.76148856956482E-01
           Type = (3,-3) NACP H14
           Rho =  4.2439312553E-01     Rho at Nucleus =  4.2070564430E-01
           GradRho =  1.6967045008E-10 -7.8232428482E-11 -4.1529903722E-10
           HessRho_EigVals = -6.4602265601E+00 -6.4536753863E+00 -5.8616214861E+00
           HessRho_EigVec1 = -3.9104476364E-01  8.6201394225E-01 -3.2251504802E-01
           HessRho_EigVec2 =  8.4136781099E-01  4.7685391328E-01  2.5438268814E-01
           HessRho_EigVec3 = -3.7307398658E-01  1.7187876181E-01  9.1174200944E-01
           DelSqRho = -1.8775523433E+01
           Bond Ellipticity = NA
           V = -4.7032685858E+00
           G =  4.6938638343E-03
           K =  4.6985747220E+00
           L =  4.6938808581E+00
           Vnuc =  3.9875810806E+01
           Ven = -1.6923019981E+01
           Vrep =  1.2219751395E+01
           DelSqV =  7.0694493032E+02
           DelSqVen =  7.4868922093E+02
           DelSqVrep = -4.1744290611E+01
           DelSqG =  6.9561237424E+01
           DelSqK = -7.7650616774E+02
           Stress_EigVals = -1.6183531943E+00 -1.6178108084E+00 -1.4671045831E+00
           Stress_EigVec1 = -3.0559269689E-01  9.0456251657E-01 -2.9728733107E-01
           Stress_EigVec2 =  8.7624354666E-01  3.8933818969E-01  2.8392432264E-01
           Stress_EigVec3 = -3.7257261110E-01  1.7373090588E-01  9.1159597509E-01
           -DivStress = -2.9360713795E+00  1.3560393970E+00  7.1878904778E+00
           ESP =  -1.1037696583E+00     ESP at Nucleus =  -1.1062245272E+00
           ESPe = -1.2412682935E+01     ESPe at Nucleus = -1.2341081421E+01
           ESPn =  1.1308913276E+01     ESPn at Nucleus =  1.1234856894E+01

CP# 15     Coords = -7.11714683813078E+00 -1.48327420078529E+00  2.29607264499374E+00
           Type = (3,-3) NACP H15
           Rho =  4.2491470534E-01     Rho at Nucleus =  4.2123351883E-01
           GradRho =  1.2397440022E-11 -6.3426161838E-12 -2.1076493686E-12
           HessRho_EigVals = -6.4698383632E+00 -6.4634289936E+00 -5.8712973964E+00
           HessRho_EigVec1 = -1.6880906613E-01 -5.9210067482E-01  7.8798495549E-01
           HessRho_EigVec2 =  4.4386492202E-01  6.6814039743E-01  5.9713678527E-01
           HessRho_EigVec3 =  8.8004967485E-01 -4.5056098389E-01 -1.5002456332E-01
           DelSqRho = -1.8804564753E+01
           Bond Ellipticity = NA
           V = -4.7104887734E+00
           G =  4.6737925693E-03
           K =  4.7058149809E+00
           L =  4.7011411883E+00
           Vnuc =  3.9589359099E+01
           Ven = -1.6822100856E+01
           Vrep =  1.2111612083E+01
           DelSqV =  7.0809760718E+02
           DelSqVen =  7.4446066673E+02
           DelSqVrep = -3.6363059552E+01
           DelSqG =  6.9689222082E+01
           DelSqK = -7.7778682926E+02
           Stress_EigVals = -1.6207740859E+00 -1.6201905103E+00 -1.4695241773E+00
           Stress_EigVec1 = -2.0599752369E-01 -6.4963774663E-01  7.3180312817E-01
           Stress_EigVec2 =  4.2630371404E-01  6.1356832717E-01  6.6467966066E-01
           Stress_EigVec3 =  8.8081221814E-01 -4.4889275562E-01 -1.5054942816E-01
           -DivStress = -6.9384804386E+00  3.5467204659E+00  1.1797466956E+00
           ESP =  -1.1082386750E+00     ESP at Nucleus =  -1.1106898222E+00
           ESPe = -1.2083965664E+01     ESPe at Nucleus = -1.2009999487E+01
           ESPn =  1.0975726989E+01     ESPn at Nucleus =  1.0899309665E+01

CP# 16     Coords =  4.11991828105758E+00 -2.23123930049446E+00 -7.86272044446632E-01
           Type = (3,-3) NACP Cl16
           Rho =  3.0207120945E+03     Rho at Nucleus =  3.0207120886E+03
           GradRho = -1.3263704519E-08  5.4372782123E-09  1.2710209864E-09
           HessRho_EigVals = -3.0377234483E+07 -3.0376866397E+07 -3.0376854273E+07
           HessRho_EigVec1 =  3.3626138015E-02  9.9443321458E-01  9.9859223837E-02
           HessRho_EigVec2 =  8.9810541073E-01 -7.3902816541E-02  4.3352629093E-01
           HessRho_EigVec3 = -4.3849282100E-01 -7.5106294347E-02  8.9559091693E-01
           DelSqRho = -9.1130955152E+07
           Bond Ellipticity = NA
           V = -2.2809951628E+07
           G =  1.3606419780E+04
           K =  2.2796345208E+07
           L =  2.2782738788E+07
           Vnuc =  2.7288857031E+07
           Ven = -8.2431780478E+10
           Vrep =  8.2408970527E+10
           DelSqV =  4.3102001238E+12
           DelSqVen =  2.4868595486E+15
           DelSqVrep = -2.4825493485E+15
           DelSqG =  2.2935325618E+11
           DelSqK = -4.5395533800E+12
           Stress_EigVals = -7.6033500204E+06 -7.6033469888E+06 -7.6032546184E+06
           Stress_EigVec1 = -4.3796075058E-01 -7.5176932988E-02  8.9584530456E-01
           Stress_EigVec2 =  8.9836717440E-01 -7.3806788986E-02  4.3299997443E-01
           Stress_EigVec3 =  3.3567855296E-02  9.9443500876E-01  9.9860965571E-02
