AIMSum (Version 19.02.13, Professional)
Copyright (c) 1997-2019 by Todd A. Keith
AIMSum is a component of the AIMAll package ( http://aim.tkgristmill.com )

TP:  64-bit Linux

Much of the Quantum Theory of Atoms in Molecules (QTAIM) is described in the book:
  "Atoms in Molecules - A Quantum Theory"
  R.F.W. Bader, Oxford University Press, Oxford, 1990

For additional references see:  http://aim.tkgristmill.com/references.html

Wfn File:  /home/mhennefarth/Documents/ML_Diels/summary-levandowski2016/17-opt/17-opt.wfn
Sum File:  /home/mhennefarth/Documents/ML_Diels/summary-levandowski2016/17-opt/17-opt.sum

SumViz File:  /home/mhennefarth/Documents/ML_Diels/summary-levandowski2016/17-opt/17-opt.sumviz

Wfn Title:   Title Card Required                                                           
 
Total memory allocated for AIMSum =        0.865 Megabytes

Atomic units (a.u.) used throughout, except where stated otherwise

Model:  Restricted SCF
 
Restricted, closed-shell, single-determinant wavefunction.
  Number of electrons (from MO Occs)                   =          68.0000000000
  Number of Alpha electrons (from MO Occs)             =          34.0000000000
  Number of Beta electrons (from MO Occs)              =          34.0000000000
  Number of electron pairs (N*(N-1)/2)                 =        2278.0000000000
  Number of electron pairs (from Muller 2EDM)          =        2278.0000000000
 
Nuclear Charges and Cartesian Coordinates:
-------------------------------------------------------------------------------
Atom      Charge                X                  Y                  Z
-------------------------------------------------------------------------------
C1         6.0          -3.4183904100E+00  -2.7662098600E+00  -1.3550138400E+00
H2         1.0          -3.4268225300E+00  -4.3662859200E+00  -2.6405907100E+00
C3         6.0          -5.3188509300E+00  -1.0932207300E+00  -1.3378851900E+00
H4         1.0          -6.8498466900E+00  -1.3317771400E+00  -2.6958260500E+00
C5         6.0          -4.5114601300E+00   1.3767911600E+00   2.6290481100E+00
H6         1.0          -4.7636436400E+00   3.0925741200E+00   3.7276184900E+00
C7         6.0          -5.5435445500E+00   1.1201157900E+00   3.2832668000E-01
H8         1.0          -6.7072614700E+00   2.6589915300E+00  -3.9705157000E-01
C9         6.0           1.6932454000E+00   2.4140869000E+00  -8.0282395000E-01
C10        6.0           3.6893514800E+00   2.3547420600E+00  -2.2511019000E+00
C11        6.0           4.0243738900E+00   1.4259595000E+00   3.4144577000E-01
H12        1.0          -2.9855560000E-01   2.7586428900E+00  -5.1223798000E-01
H13        1.0           4.5701283600E+00   2.6385837800E+00  -4.0697289600E+00
H14        1.0          -3.4197827700E+00  -1.2735006000E-01   3.5045436800E+00
H15        1.0          -1.7853386600E+00  -2.5988140800E+00  -1.1950174000E-01
H16        1.0           5.1158158000E+00   2.3725843400E+00   1.8032301900E+00
Cl17      17.0           4.3457034600E+00  -2.0053375500E+00   9.4632768000E-01
 
Some Atomic Properties:
----------------------
  q(A) = Net Charge of Atom A
  L(A) = Lagrangian of Atom A = -(1/4) Times Atomic Integral of the Laplacian of the Electron Density
  K(A) = Electronic Kinetic Energy of Atom A (Hamiltonian Form)
  K_Scaled(A) = K(A) * E(Mol)/K(Mol) = Approximation to Virial-Based Total Energy of Atom A.
  |Mu_Intra(A)| = Magnitude of Intraatomic Dipole Moment of Atom A
--------------------------------------------------------------------------------------------------
Atom A          q(A)              L(A)              K(A)          K_Scaled(A)      |Mu_Intra(A)|
--------------------------------------------------------------------------------------------------
C1       -8.4802166800E-02 -1.6476279330E-05  3.7705873280E+01 -3.7921480742E+01  1.1534951479E-01
H2        4.6245916470E-02  2.3530889924E-05  5.9356047143E-01 -5.9695453331E-01  1.4688917307E-01
C3       -3.4149640400E-02 -9.3624267526E-05  3.7700993623E+01 -3.7916573183E+01  7.6022113081E-02
H4        3.2465518150E-02  2.4186012592E-05  6.0299321953E-01 -6.0644121918E-01  1.5143620350E-01
C5       -9.7323670300E-02 -4.8284489774E-05  3.7708216854E+01 -3.7923837717E+01  1.1687616825E-01
H6        4.3565994990E-02  2.1932501585E-05  5.9427866121E-01 -5.9767682980E-01  1.4767673042E-01
C7       -3.8691993100E-02 -8.3937051937E-05  3.7704131356E+01 -3.7919728857E+01  7.2517932553E-02
H8        3.2078124510E-02  1.9801108761E-05  6.0314492936E-01 -6.0659379651E-01  1.5148104683E-01
C9       -9.5575462700E-02 -5.2297231287E-05  3.7760433208E+01 -3.7976352652E+01  3.0033327962E-01
C10      -9.6858545800E-02 -2.8748042441E-05  3.7758089211E+01 -3.7973995251E+01  2.6712922783E-01
C11       1.4843269420E-01 -4.7679503634E-04  3.7519671707E+01 -3.7734214442E+01  2.6461154842E-01
H12       1.5282984094E-01  1.6804394557E-05  5.4270241926E-01 -5.4580566767E-01  1.3449111574E-01
H13       1.2992956765E-01  1.7447053125E-05  5.5294636608E-01 -5.5610819081E-01  1.4110395653E-01
H14       5.0906961450E-02  2.5881351169E-05  5.9067173190E-01 -5.9404927556E-01  1.4564973590E-01
H15       5.7616756700E-02  3.8910963131E-05  5.8776907589E-01 -5.9113002175E-01  1.4091850410E-01
H16       7.4389386650E-02  3.3171536673E-05  5.9148284598E-01 -5.9486502770E-01  1.5064504192E-01
Cl17     -3.2149861700E-01 -9.9303963684E-06  4.5893337193E+02 -4.6155761721E+02  1.7561576274E-01
--------------------------------------------------------------------------------------------------
Total    -4.3933439000E-04 -5.8842698349E-04  7.2805033089E+02 -7.3221342462E+02
 
1st Largest |L(A)| = 4.7679503634E-04, atom C11     
2nd Largest |L(A)| = 9.3624267526E-05, atom C3      
 
Molecular charge q(Mol) from the wfn file:   0.0000000000E+00
Molecular energy E(Mol) from the wfn file:  -7.3221362721E+02
Molecular virial ratio (-V(Mol)/T(Mol)) from the wfn file:   2.0057181400E+00
Note.  K_Scaled(A) = (1+V(Mol)/T(Mol))*K(A) = (E(Mol)/T(Mol))*K(A)
       Only use K_Scaled(A) data with caution.
 
N_AIMInt(SumA)     =         68.000439
N_Analytic(Mol)    =         67.999991
 
G_AIMInt(SumA)     =        728.050919
G_Analytic(Mol)    =        728.050510
 
K_AIMInt(SumA)     =        728.050331
K_Analytic(Mol)    =        728.050510
 
L_AIMInt(SumA)     =         -0.000588
L_Analytic(Mol)    =          0.000000
 
VenT_AIMInt(SumA)  =      -2453.140921
VenT_Analytic(Mol) =      -2453.135732
 
Some Information About the Atomic Calculations:
----------------------------------------------
  Time(sec) = "Elapsed User Time", in Seconds, for Atom A by AIMInt and, if used, by TWOe
  NProc = Number of Processors Used for AIMInt Job
  BIM = Basin Integration Method
  OAQ = Angular Quadrature Outside of Beta Sphere
  ORQ = Multiple of Default for Radial Quadrature Outside of Beta Sphere
  IAQ = Multiple of Default for Angular Quadrature Inside of Beta Sphere
  IRQ = Multiple of Default for Radial Quadrature Inside of Beta Sphere
  MIR = Maximum Integration Radius
------------------------------------------------------------------------------------------------------
Atom A     Time(sec)   NProc      BIM          OAQ                     ORQ      IAQ      IRQ      MIR
------------------------------------------------------------------------------------------------------
C1             50        8     Proaim(5)    4500(GS4)                  1.00     1.00     1.00    13.00
H2              9        8     Proaim(5)    1800(GS4)                  1.00     1.00     1.00    13.00
C3             51        8     Proaim(5)    4500(GS4)                  1.00     1.00     1.00    13.00
H4             11        8     Proaim(5)    1800(GS4)                  1.00     1.00     1.00    13.00
C5             58        8     Proaim(5)    4500(GS4)                  1.00     1.00     1.00    13.00
H6             11        8     Proaim(5)    1800(GS4)                  1.00     1.00     1.00    13.00
C7             54        8     Proaim(5)    4500(GS4)                  1.00     1.00     1.00    13.00
H8             11        8     Proaim(5)    1800(GS4)                  1.00     1.00     1.00    13.00
C9             53        8     Proaim(5)    4500(GS4)                  1.00     1.00     1.00    13.00
C10            29        8     Proaim(5)    4500(GS4)                  1.00     1.00     1.00    13.00
C11            49        8     Proaim(5)    4500(GS4)                  1.00     1.00     1.00    13.00
H12            26        8     Proaim(5)    4500(GS4)                  1.00     1.00     1.00    13.00
H13            10        8     Proaim(5)    1800(GS4)                  1.00     1.00     1.00    13.00
H14            13        8     Proaim(5)    1800(GS4)                  1.00     1.00     1.00    13.00
H15            35        8     Proaim(5)    4500(GS4)                  1.00     1.00     1.00    13.00
H16            11        8     Proaim(5)    1800(GS4)                  1.00     1.00     1.00    13.00
Cl17           34        8     Proaim(5)    4500(GS4)                  1.00     1.00     1.00    13.00
------------------------------------------------------------------------------------------------------
Total         515
Note:  Total wall clock time is less than total of atomic times if more than one atom
       was calculated at a time
 
Electron Density Critical Point Analysis of Molecular Structure:               
---------------------------------------------------------------                
  NACP = Nuclear Attractor Critical Point                                      
  NNACP = Non-Nuclear Attractor Critical Point                                 
  BCP = Bond Critical Point                                                    
  RCP = Ring Critical Point                                                    
  CCP = Cage Critical Point                                                    
  Rho = Electron Density                                                       
  GradRho = Gradient of Electron Density                                       
  HessRho_EigVals = Eigenvalues of the Hessian of Rho, Ascending Order         
  HessRho_EigVecs = Eigenvectors of the Hessian of Rho                         
  DelSqRho = Laplacian of Rho = Trace of Hessian of Rho                        
  Bond Ellipticity = (HessRho_EigVal(1) / HessRho_EigVal(2)) - 1               
  V = Virial Field = Potential Energy Density = Trace of Stress Tensor         
  G = Lagrangian Form of Kinetic Energy Density                                
  K = Hamiltonian Form of Kinetic Energy Density                               
  L = K - G = Lagrangian Density = (-1/4)DelSqRho                              
  Vnuc = Electrostatic Potential from Nuclei                                   
  Ven = Electron-nuclear attractive contribution to Virial Field V             
  Vrep = V - Ven = Repulsive contribution to Virial Field V                    
  DelSqV = Laplacian of V                                                      
  DelSqVen = Laplacian of Ven                                                  
  DelSqVrep = Laplacian of Vrep                                                
  DelSqG = Laplacian of G                                                      
  DelSqK = Laplacian of K                                                      
  Stress_EigVals = Eigenvalues of Stress Tensor, Ascending Order               
  Stress_EigVecs = Eigenvectors of Stress Tensor                               
  -DivStress = Ehrenfest Force Density = Minus Divergence of Stress Tensor     
  ESP = Total Electrostatic Potential                                          
  ESPe = Electrostatic Potential from Electrons                                
  ESPn = Electrostatic Potential from Nuclei                                   
  BP = Bond Path                                                               
  BPL = Bond Path Length                                                       
  GBL = Geometric Bond Length                                                  
  GBL_I = Distance Between Nuclear Attractors                                  
  GBL_II = Distance Between Nuclei                                             
  GBL_III = Sum of Distances Between BCP and Nuclear Attractors                
  GBL_IV = Sum of Distances Between BCP and Nuclei                             

CP# 1      Coords = -3.41839008251168E+00 -2.76621046423810E+00 -1.35501391893849E+00
           Type = (3,-3) NACP C1
           Rho =  1.1768560201E+02     Rho at Nucleus =  1.1768560197E+02
           GradRho =  6.0078414466E-11 -6.1168792254E-11 -2.2933363542E-11
           HessRho_EigVals = -1.4501657055E+05 -1.4501548146E+05 -1.4501533375E+05
           HessRho_EigVec1 = -4.3167647291E-01 -5.5766008309E-01  7.0899270409E-01
           HessRho_EigVec2 =  3.5533117867E-01  6.1731592581E-01  7.0189799914E-01
           HessRho_EigVec3 =  8.2909298405E-01 -5.5492006583E-01  6.8326746904E-02
           DelSqRho = -4.3504738577E+05
           Bond Ellipticity = NA
           V = -1.0877207531E+05
           G =  5.1144361518E+00
           K =  1.0876696088E+05
           L =  1.0876184644E+05
           Vnuc =  8.6730711169E+06
           Ven = -1.0206955956E+09
           Vrep =  1.0205868236E+09
           DelSqV =  2.4954587628E+09
           DelSqVen =  3.7731979756E+12
           DelSqVrep = -3.7707019925E+12
           DelSqG =  1.3404401264E+08
           DelSqK = -2.6295027754E+09
           Stress_EigVals = -3.6257611407E+04 -3.6257515192E+04 -3.6256948716E+04
           Stress_EigVec1 =  7.7322093181E-01 -6.3413203957E-01 -2.4386480892E-03
           Stress_EigVec2 =  4.4454836483E-01  5.3930400867E-01  7.1521181307E-01
           Stress_EigVec3 = -4.5222355305E-01 -5.5410084157E-01  6.9890350939E-01
           -DivStress = -2.6604545915E+02  4.9233429920E+02  6.5495017823E+01
           ESP =  -1.4744415397E+01     ESP at Nucleus =  -1.4744415405E+01
           ESPe = -2.5730569308E+01     ESPe at Nucleus = -2.5730570082E+01
           ESPn =  1.0986153912E+01     ESPn at Nucleus =  1.0986154677E+01

CP# 2      Coords = -3.42667885321593E+00 -4.33890349407914E+00 -2.61860911391410E+00
           Type = (3,-3) NACP H2
           Rho =  4.2539248061E-01     Rho at Nucleus =  4.2167282218E-01
           GradRho =  1.2410320167E-15  4.4694066156E-15  1.7347234760E-15
           HessRho_EigVals = -6.4779990019E+00 -6.4719472471E+00 -5.8752267353E+00
           HessRho_EigVec1 =  8.6911652301E-01 -3.1206434164E-01  3.8373469494E-01
           HessRho_EigVec2 = -4.9459422045E-01 -5.4267867319E-01  6.7887879240E-01
           HessRho_EigVec3 =  3.6092282938E-03  7.7981773790E-01  6.2599622134E-01
           DelSqRho = -1.8825172984E+01
           Bond Ellipticity = NA
           V = -4.7154894759E+00
           G =  4.5981149170E-03
           K =  4.7108913610E+00
           L =  4.7062932461E+00
           Vnuc =  3.9648726707E+01
           Ven = -1.6866270207E+01
           Vrep =  1.2150780731E+01
           DelSqV =  7.0872196487E+02
           DelSqVen =  7.4639413887E+02
           DelSqVrep = -3.7672174004E+01
           DelSqG =  6.9762047900E+01
           DelSqK = -7.7848401277E+02
           Stress_EigVals = -1.6228346275E+00 -1.6222864384E+00 -1.4703684100E+00
           Stress_EigVec1 =  9.0875300945E-01 -2.6262999797E-01  3.2433540044E-01
           Stress_EigVec2 = -4.1732822072E-01 -5.6765776711E-01  7.0964907921E-01
           Stress_EigVec3 =  2.2636270239E-03  7.8025005197E-01  6.2546361396E-01
           -DivStress = -3.1419109778E-02 -6.1821441928E+00 -4.9619330896E+00
           ESP =  -1.1081435594E+00     ESP at Nucleus =  -1.1106278771E+00
           ESPe = -1.2278379362E+01     ESPe at Nucleus = -1.2197219086E+01
           ESPn =  1.1170235803E+01     ESPn at Nucleus =  1.1086591209E+01

CP# 3      Coords = -5.31885169540800E+00 -1.09321929758807E+00 -1.33788467505373E+00
           Type = (3,-3) NACP C3
           Rho =  1.1765421128E+02     Rho at Nucleus =  1.1765421107E+02
           GradRho = -4.9830128912E-10  9.4916443802E-10  3.4226934481E-10
           HessRho_EigVals = -1.4496888215E+05 -1.4496804116E+05 -1.4496767053E+05
           HessRho_EigVec1 =  5.1019662902E-01  5.9121745056E-01 -6.2462895056E-01
           HessRho_EigVec2 =  1.6516597574E-01  6.4539402733E-01  7.4577929037E-01
           HessRho_EigVec3 =  8.4404952473E-01 -4.8366153004E-01  2.3162885004E-01
           DelSqRho = -4.3490459383E+05
           Bond Ellipticity = NA
           V = -1.0873636667E+05
           G =  5.1091048190E+00
           K =  1.0873125756E+05
           L =  1.0872614846E+05
           Vnuc =  3.5216190747E+06
           Ven = -4.1433331467E+08
           Vrep =  4.1422457830E+08
           DelSqV =  2.4946332112E+09
           DelSqVen =  1.5315683082E+12
           DelSqVrep = -1.5290736586E+12
           DelSqG =  1.3399087828E+08
           DelSqK = -2.6286240894E+09
           Stress_EigVals = -3.6245726188E+04 -3.6245554692E+04 -3.6245085789E+04
           Stress_EigVec1 =  8.2951426187E-01 -5.3259934690E-01  1.6805958776E-01
           Stress_EigVec2 =  2.4669119569E-01  6.1939751887E-01  7.4531212762E-01
           Stress_EigVec3 = -5.0104844409E-01 -5.7678821876E-01  6.4518664538E-01
           -DivStress =  6.1931926651E+02 -1.1629619452E+03 -4.2118888592E+02
           ESP =  -1.4733102849E+01     ESP at Nucleus =  -1.4733102870E+01
           ESPe = -2.6128350427E+01     ESPe at Nucleus = -2.6128350592E+01
           ESPn =  1.1395247578E+01     ESPn at Nucleus =  1.1395247722E+01

CP# 4      Coords = -6.82442911907221E+00 -1.32762258299844E+00 -2.67315897022063E+00
           Type = (3,-3) NACP H4
           Rho =  4.2928527484E-01     Rho at Nucleus =  4.2568509861E-01
           GradRho = -2.2505868696E-15  3.3697003521E-16  1.0750948742E-15
           HessRho_EigVals = -6.5620057907E+00 -6.5540114452E+00 -5.9638187396E+00
           HessRho_EigVec1 = -4.3259972539E-01  8.3866074127E-01  3.3091636201E-01
           HessRho_EigVec2 = -5.1387590497E-01 -5.3094211033E-01  6.7381898887E-01
           HessRho_EigVec3 =  7.4080296428E-01  1.2144396455E-01  6.6065295851E-01
           DelSqRho = -1.9079835975E+01
           Bond Ellipticity = NA
           V = -4.7790769430E+00
           G =  4.5589745786E-03
           K =  4.7745179684E+00
           L =  4.7699589939E+00
           Vnuc =  4.0337383364E+01
           Ven = -1.7316244704E+01
           Vrep =  1.2537167761E+01
           DelSqV =  7.1920449249E+02
           DelSqVen =  7.6963065825E+02
           DelSqVrep = -5.0426165761E+01
           DelSqG =  7.1015596760E+01
           DelSqK = -7.9022008925E+02
           Stress_EigVals = -1.6436092204E+00 -1.6425757971E+00 -1.4928919255E+00
           Stress_EigVec1 = -4.7290764446E-01  7.9179073320E-01  3.8655632790E-01
           Stress_EigVec2 = -4.7624665827E-01 -5.9880534920E-01  6.4391092106E-01
           Stress_EigVec3 =  7.4131469721E-01  1.2041423752E-01  6.6026731791E-01
           -DivStress = -5.8140048466E+00 -9.4996374749E-01 -5.1846297349E+00
           ESP =  -1.1075758445E+00     ESP at Nucleus =  -1.1099886755E+00
           ESPe = -1.2298116359E+01     ESPe at Nucleus = -1.2213588231E+01
           ESPn =  1.1190540514E+01     ESPn at Nucleus =  1.1103599555E+01

CP# 5      Coords = -4.51145961825866E+00  1.37679152767954E+00  2.62904868773794E+00
           Type = (3,-3) NACP C5
           Rho =  1.1768357139E+02     Rho at Nucleus =  1.1768357134E+02
           GradRho =  2.4378804531E-11  5.5267165844E-11  8.2035142568E-11
           HessRho_EigVals = -1.4501527327E+05 -1.4501430804E+05 -1.4501416232E+05
           HessRho_EigVec1 =  8.4912910309E-01  3.4506710936E-01 -3.9988555402E-01
           HessRho_EigVec2 = -3.1088481978E-01  9.3857367888E-01  1.4976674577E-01
           HessRho_EigVec3 =  4.2700163362E-01 -2.8529541149E-03  9.0424635224E-01
           DelSqRho = -4.3504374362E+05
           Bond Ellipticity = NA
           V = -1.0877118115E+05
           G =  5.1226229200E+00
           K =  1.0876605853E+05
           L =  1.0876093591E+05
           Vnuc =  7.0184014563E+06
           Ven = -8.2595054885E+08
           Vrep =  8.2584177767E+08
           DelSqV =  2.4954395976E+09
           DelSqVen =  3.0533118198E+12
           DelSqVrep = -3.0508163802E+12
           DelSqG =  1.3404414133E+08
           DelSqK = -2.6294837390E+09
           Stress_EigVals = -3.6257302371E+04 -3.6257206136E+04 -3.6256672645E+04
           Stress_EigVec1 =  3.9532945818E-01  9.7572984299E-02  9.1334228646E-01
           Stress_EigVec2 = -3.7154284643E-01  9.2635299410E-01  6.1855020685E-02
           Stress_EigVec3 =  8.4004198274E-01  3.6379890469E-01 -4.0246717156E-01
           -DivStress = -4.1404724227E+02 -2.9863862204E+02 -4.7148899222E+02
           ESP =  -1.4739835320E+01     ESP at Nucleus =  -1.4739835330E+01
           ESPe = -2.5369984049E+01     ESPe at Nucleus = -2.5369984848E+01
           ESPn =  1.0630148729E+01     ESPn at Nucleus =  1.0630149518E+01

CP# 6      Coords = -4.75931963056752E+00  3.06330486149643E+00  3.70887923512434E+00
           Type = (3,-3) NACP H6
           Rho =  4.2529774823E-01     Rho at Nucleus =  4.2159792600E-01
           GradRho = -9.9150288674E-16 -1.0584794759E-14 -7.5535281155E-15
           HessRho_EigVals = -6.4760517715E+00 -6.4698185518E+00 -5.8755289844E+00
           HessRho_EigVec1 =  5.5707720577E-01 -3.8834660951E-01  7.3406532249E-01
           HessRho_EigVec2 =  8.2125968045E-01  3.8883344695E-01 -4.1754171982E-01
           HessRho_EigVec3 = -1.2327823841E-01  8.3546122676E-01  5.3554366257E-01
           DelSqRho = -1.8821399308E+01
           Bond Ellipticity = NA
           V = -4.7146354859E+00
           G =  4.6428294936E-03
           K =  4.7099926564E+00
           L =  4.7053498269E+00
           Vnuc =  3.9470619826E+01
           Ven = -1.6786765733E+01
           Vrep =  1.2072130247E+01
           DelSqV =  7.0866332136E+02
           DelSqVen =  7.4289229666E+02
           DelSqVrep = -3.4228975308E+01
           DelSqG =  6.9751035978E+01
           DelSqK = -7.7841435733E+02
           Stress_EigVals = -1.6223447771E+00 -1.6218284707E+00 -1.4704622382E+00
           Stress_EigVec1 =  4.8545952014E-01 -4.2126356912E-01  7.6607183712E-01
           Stress_EigVec2 =  8.6563584925E-01  3.5438099384E-01 -3.5367879169E-01
           Stress_EigVec3 = -1.2248930888E-01  8.3483598182E-01  5.3669847463E-01
           -DivStress = -9.7496240630E-01  6.6058772922E+00  4.2304647646E+00
           ESP =  -1.1019006011E+00     ESP at Nucleus =  -1.1043756940E+00
           ESPe = -1.2019106572E+01     ESPe at Nucleus = -1.1939712605E+01
           ESPn =  1.0917205971E+01     ESPn at Nucleus =  1.0835336911E+01

CP# 7      Coords = -5.54354478383983E+00  1.12011521250195E+00  3.28325422491170E-01
           Type = (3,-3) NACP C7
           Rho =  1.1767092244E+02     Rho at Nucleus =  1.1767092230E+02
           GradRho = -1.2190810514E-10 -2.6327351410E-10 -5.6190454026E-10
           HessRho_EigVals = -1.4499239003E+05 -1.4499138870E+05 -1.4499108152E+05
           HessRho_EigVec1 =  8.0479998383E-01  4.4710640532E-01 -3.9037526607E-01
           HessRho_EigVec2 = -3.2370053784E-01  8.8190555582E-01  3.4272518497E-01
           HessRho_EigVec3 =  4.9750874146E-01 -1.4946053973E-01  8.5448616094E-01
           DelSqRho = -4.3497486026E+05
           Bond Ellipticity = NA
           V = -1.0875391830E+05
           G =  5.1016158347E+00
           K =  1.0874881668E+05
           L =  1.0874371506E+05
           Vnuc =  4.2753623318E+06
           Ven = -5.0308582936E+08
           Vrep =  5.0297707544E+08
           DelSqV =  2.4950374455E+09
           DelSqVen =  1.8596752261E+12
           DelSqVrep = -1.8571800576E+12
           DelSqG =  1.3401519765E+08
           DelSqK = -2.6290526431E+09
           Stress_EigVals = -3.6251577876E+04 -3.6251424787E+04 -3.6250915632E+04
           Stress_EigVec1 =  4.7640144912E-01 -7.7608984508E-02  8.7579592646E-01
           Stress_EigVec2 = -3.4539403146E-01  8.9949866275E-01  2.6759132785E-01
           Stress_EigVec3 =  8.0854475591E-01  4.2997558214E-01 -4.0171678638E-01
           -DivStress =  1.8907206548E+02  4.7257031803E+02  1.0194451773E+03
           ESP =  -1.4728807950E+01     ESP at Nucleus =  -1.4728807966E+01
           ESPe = -2.6140640430E+01     ESPe at Nucleus = -2.6140640564E+01
           ESPn =  1.1411832480E+01     ESPn at Nucleus =  1.1411832598E+01

CP# 8      Coords = -6.68792098419405E+00  2.63333646252874E+00 -3.85102904145629E-01
           Type = (3,-3) NACP H8
           Rho =  4.2938903100E-01     Rho at Nucleus =  4.2579368833E-01
           GradRho =  2.8102520311E-15  1.1947907941E-16  3.6819505778E-16
           HessRho_EigVals = -6.5646433780E+00 -6.5568746038E+00 -5.9667345326E+00
           HessRho_EigVec1 =  1.9919219379E-01  5.3192676489E-01  8.2302878852E-01
           HessRho_EigVec2 =  8.0160065670E-01  3.9466748509E-01 -4.4908124364E-01
           HessRho_EigVec3 = -5.6370103522E-01  7.4919389547E-01 -3.4777816188E-01
           DelSqRho = -1.9088252514E+01
           Bond Ellipticity = NA
           V = -4.7811259521E+00
           G =  4.5314117391E-03
           K =  4.7765945404E+00
           L =  4.7720631286E+00
           Vnuc =  4.0519245024E+01
           Ven = -1.7398519358E+01
           Vrep =  1.2617393405E+01
           DelSqV =  7.1955638120E+02
           DelSqVen =  7.7344158071E+02
           DelSqVrep = -5.3885199507E+01
           DelSqG =  7.1061135680E+01
           DelSqK = -7.9061751688E+02
           Stress_EigVals = -1.6442988645E+00 -1.6431743161E+00 -1.4936527715E+00
           Stress_EigVec1 =  1.2905872419E-01  4.9714338860E-01  8.5801648987E-01
           Stress_EigVec2 =  8.1566782857E-01  4.3884665797E-01 -3.7696101154E-01
           Stress_EigVec3 = -5.6394134371E-01  7.4850655439E-01 -3.4886687847E-01
           -DivStress = -4.4255125678E+00  5.8704177549E+00 -2.7347437618E+00
           ESP =  -1.1036042527E+00     ESP at Nucleus =  -1.1060144568E+00
           ESPe = -1.2449944006E+01     ESPe at Nucleus = -1.2366795509E+01
           ESPn =  1.1346339753E+01     ESPn at Nucleus =  1.1260781052E+01

CP# 9      Coords =  1.69324812518842E+00  2.41408562766985E+00 -8.02822849076891E-01
           Type = (3,-3) NACP C9
           Rho =  1.1767323355E+02     Rho at Nucleus =  1.1767323281E+02
           GradRho =  6.1466480187E-09 -2.8382761714E-09  2.4901027499E-09
           HessRho_EigVals = -1.4499346803E+05 -1.4499273286E+05 -1.4499174487E+05
           HessRho_EigVec1 =  1.1424226163E-01  9.7741195708E-01  1.7780487006E-01
           HessRho_EigVec2 =  9.6820239458E-01 -1.4963632593E-01  2.0048215156E-01
           HessRho_EigVec3 = -2.2255971961E-01 -1.4924756655E-01  9.6342738963E-01
           DelSqRho = -4.3497794576E+05
           Bond Ellipticity = NA
           V = -1.0875482070E+05
           G =  5.1671294606E+00
           K =  1.0874965357E+05
           L =  1.0874448644E+05
           Vnuc =  1.8734118450E+06
           Ven = -2.2045042958E+08
           Vrep =  2.2034167476E+08
           DelSqV =  2.4950544042E+09
           DelSqVen =  8.1489285530E+11
           DelSqVrep = -8.1239780089E+11
           DelSqG =  1.3401470795E+08
           DelSqK = -2.6290691121E+09
           Stress_EigVals = -3.6251954467E+04 -3.6251657321E+04 -3.6251208912E+04
           Stress_EigVec1 =  8.0531643735E-01 -2.4848721296E-02 -5.9232421593E-01
           Stress_EigVec2 =  5.6432439480E-01 -2.7403508065E-01  7.7874434316E-01
           Stress_EigVec3 =  1.8166841543E-01  9.6139862472E-01  2.0666221525E-01
           -DivStress = -2.2178224205E+03  1.0367088902E+03 -8.9659940624E+02
           ESP =  -1.4701214969E+01     ESP at Nucleus =  -1.4701214998E+01
           ESPe = -2.7365191301E+01     ESPe at Nucleus = -2.7365187049E+01
           ESPn =  1.2663976332E+01     ESPn at Nucleus =  1.2663972052E+01

CP# 10     Coords =  3.68935189638394E+00  2.35474091475504E+00 -2.25109937798414E+00
           Type = (3,-3) NACP C10
           Rho =  1.1765495503E+02     Rho at Nucleus =  1.1765495446E+02
           GradRho =  7.0866643716E-10 -1.9678397070E-09  4.3443866547E-09
           HessRho_EigVals = -1.4496967073E+05 -1.4496910962E+05 -1.4496801638E+05
           HessRho_EigVec1 =  1.6511184655E-01  9.8060131100E-01  1.0563686384E-01
           HessRho_EigVec2 = -1.4240199864E-01 -8.2282311693E-02  9.8638293374E-01
           HessRho_EigVec3 =  9.7594044332E-01 -1.7790640814E-01  1.2605380213E-01
           DelSqRho = -4.3490679673E+05
           Bond Ellipticity = NA
           V = -1.0873705131E+05
           G =  5.1760636280E+00
           K =  1.0873187525E+05
           L =  1.0872669918E+05
           Vnuc =  2.1421142316E+06
           Ven = -2.5203035359E+08
           Vrep =  2.5192161654E+08
           DelSqV =  2.4946470385E+09
           DelSqVen =  9.3162005299E+11
           DelSqVrep = -9.2912541415E+11
           DelSqG =  1.3399164596E+08
           DelSqK = -2.6286386844E+09
           Stress_EigVals = -3.6246011049E+04 -3.6245735199E+04 -3.6245305063E+04
           Stress_EigVec1 =  8.3816110504E-01 -2.9344576904E-02 -5.4463277335E-01
           Stress_EigVec2 =  5.1855349635E-01 -2.6667724519E-01  8.1239492756E-01
           Stress_EigVec3 =  1.6908055306E-01  9.6333905906E-01  2.0830176156E-01
           -DivStress = -3.3936123062E+02  9.3314991273E+02 -2.0532637419E+03
           ESP =  -1.4699005074E+01     ESP at Nucleus =  -1.4699005096E+01
           ESPe = -2.6531935275E+01     ESPe at Nucleus = -2.6531930784E+01
           ESPn =  1.1832930201E+01     ESPn at Nucleus =  1.1832925688E+01

CP# 11     Coords =  4.02437143498527E+00  1.42595583397684E+00  3.41442451398942E-01
           Type = (3,-3) NACP C11
           Rho =  1.1748918951E+02     Rho at Nucleus =  1.1748918731E+02
           GradRho =  3.9805945405E-11 -3.4320445181E-13  1.6604813228E-12
           HessRho_EigVals = -1.4475521628E+05 -1.4475343636E+05 -1.4475228695E+05
           HessRho_EigVec1 = -1.3306061989E-01  9.6435245150E-01 -2.2873395185E-01
           HessRho_EigVec2 =  5.6599251506E-01  2.6338825242E-01  7.8120362351E-01
           HessRho_EigVec3 =  8.1360146529E-01 -2.5514266287E-02 -5.8086287357E-01
           DelSqRho = -4.3426093959E+05
           Bond Ellipticity = NA
           V = -1.0857528528E+05
           G =  5.0251917928E+00
           K =  1.0857026009E+05
           L =  1.0856523490E+05
           Vnuc =  1.0867998275E+06
           Ven = -1.2768723090E+08
           Vrep =  1.2757865561E+08
           DelSqV =  2.4909426743E+09
           DelSqVen =  4.7195471430E+11
           DelSqVrep = -4.6946377163E+11
           DelSqG =  1.3378132179E+08
           DelSqK = -2.6247239961E+09
           Stress_EigVals = -3.6191984379E+04 -3.6191963593E+04 -3.6191337309E+04
           Stress_EigVec1 =  8.7244157869E-01  3.6692856643E-05 -4.8871841629E-01
           Stress_EigVec2 =  4.7608497503E-01  2.2583896262E-01  8.4990579449E-01
           Stress_EigVec3 = -1.1040284562E-01  9.7416464810E-01 -1.9701383216E-01
           -DivStress =  1.9924394865E+03  2.9608674848E+03  2.6939242189E+03
           ESP =  -1.4656805704E+01     ESP at Nucleus =  -1.4656805837E+01
           ESPe = -2.8010594611E+01     ESPe at Nucleus = -2.8010587512E+01
           ESPn =  1.3353788908E+01     ESPn at Nucleus =  1.3353781675E+01

CP# 12     Coords = -2.61823935374406E-01  2.75241224922674E+00 -5.17658429350125E-01
           Type = (3,-3) NACP H12
           Rho =  4.0866972467E-01     Rho at Nucleus =  4.0457812499E-01
           GradRho =  6.2601833439E-16 -1.4694446154E-15  1.8024861118E-16
           HessRho_EigVals = -6.2343968960E+00 -6.2321704270E+00 -5.5982063823E+00
           HessRho_EigVec1 =  5.4748500590E-02 -4.3584870639E-01  8.9835321941E-01
           HessRho_EigVec2 =  2.1110322871E-01  8.8441755260E-01  4.1622231979E-01
           HessRho_EigVec3 =  9.7592931532E-01 -1.6685771722E-01 -1.4042960405E-01
           DelSqRho = -1.8064773705E+01
           Bond Ellipticity = NA
           V = -4.5251881992E+00
           G =  4.4973864463E-03
           K =  4.5206908128E+00
           L =  4.5161934263E+00
           Vnuc =  4.0053631288E+01
           Ven = -1.6368706471E+01
           Vrep =  1.1843518271E+01
           DelSqV =  6.7850138876E+02
           DelSqVen =  7.2355978529E+02
           DelSqVrep = -4.5058396536E+01
           DelSqG =  6.6901278566E+01
           DelSqK = -7.4540266732E+02
           Stress_EigVals = -1.5621233185E+00 -1.5613434153E+00 -1.4017214655E+00
           Stress_EigVec1 =  1.0448329604E-01 -2.1747803704E-01  9.7045687398E-01
           Stress_EigVec2 =  1.9273598715E-01  9.6172615112E-01  1.9477076146E-01
           Stress_EigVec3 =  9.7567211711E-01 -1.6669167246E-01 -1.4240016231E-01
           -DivStress = -7.9688458014E+00  1.3513590161E+00  1.1775055474E+00
           ESP =  -1.0484361242E+00     ESP at Nucleus =  -1.0513017730E+00
           ESPe = -1.4540657204E+01     ESPe at Nucleus = -1.4475423349E+01
           ESPn =  1.3492221080E+01     ESPn at Nucleus =  1.3424121576E+01

CP# 13     Coords =  4.55422909258481E+00  2.63348640742089E+00 -4.03691243084078E+00
           Type = (3,-3) NACP H13
           Rho =  4.1316202619E-01     Rho at Nucleus =  4.0919194421E-01
           GradRho = -1.0822795529E-09 -3.4817702889E-10  2.2390459846E-09
           HessRho_EigVals = -6.3140146263E+00 -6.3115671825E+00 -5.6871805076E+00
           HessRho_EigVec1 = -8.2810145504E-01  4.5560129570E-01 -3.2661206272E-01
           HessRho_EigVec2 =  3.6118644864E-01  8.7921578651E-01  3.1068303796E-01
           HessRho_EigVec3 = -4.2871007625E-01 -1.3930922478E-01  8.9263688609E-01
           DelSqRho = -1.8312762316E+01
           Bond Ellipticity = NA
           V = -4.5869277101E+00
           G =  4.3685654890E-03
           K =  4.5825591446E+00
           L =  4.5781905791E+00
           Vnuc =  3.8448601904E+01
           Ven = -1.5885502267E+01
           Vrep =  1.1298574557E+01
           DelSqV =  6.8859371064E+02
           DelSqVen =  7.0410011175E+02
           DelSqVrep = -1.5506401110E+01
           DelSqG =  6.7987220150E+01
           DelSqK = -7.5658093079E+02
           Stress_EigVals = -1.5820680232E+00 -1.5813007912E+00 -1.4235588957E+00
           Stress_EigVec1 =  8.9142943153E-01 -2.1924269634E-01  3.9659325347E-01
           Stress_EigVec2 =  1.4045795529E-01  9.6574989403E-01  2.1817127439E-01
           Stress_EigVec3 = -4.3084235097E-01 -1.3877961764E-01  8.9169225988E-01
           -DivStress =  3.4970728350E+00  1.1205848886E+00 -7.2150793663E+00
           ESP =  -1.0447161871E+00     ESP at Nucleus =  -1.0474855001E+00
           ESPe = -1.2333986134E+01     ESPe at Nucleus = -1.2242714473E+01
           ESPn =  1.1289269947E+01     ESPn at Nucleus =  1.1195228973E+01

CP# 14     Coords = -3.43846824097660E+00 -1.01467417331860E-01  3.48953499924856E+00
           Type = (3,-3) NACP H14
           Rho =  4.2373774829E-01     Rho at Nucleus =  4.2000140847E-01
           GradRho = -1.6746044655E-15  8.4082588982E-16 -5.8037342293E-16
           HessRho_EigVals = -6.4489361170E+00 -6.4427055302E+00 -5.8464826103E+00
           HessRho_EigVec1 =  1.6892530261E-01  5.8288043582E-01  7.9480478086E-01
           HessRho_EigVec2 = -8.3089475784E-01 -3.4954192981E-01  4.3293687843E-01
           HessRho_EigVec3 = -5.3016803330E-01  7.3353311912E-01 -4.2526582230E-01
           DelSqRho = -1.8738124258E+01
           Bond Ellipticity = NA
           V = -4.6938192600E+00
           G =  4.6440977914E-03
           K =  4.6891751622E+00
           L =  4.6845310644E+00
           Vnuc =  4.0587381768E+01
           Ven = -1.7198405759E+01
           Vrep =  1.2504586499E+01
           DelSqV =  7.0528856174E+02
           DelSqVen =  7.6053140286E+02
           DelSqVrep = -5.5242841123E+01
           DelSqG =  6.9392753005E+01
           DelSqK = -7.7468131474E+02
           Stress_EigVals = -1.6155373817E+00 -1.6149998708E+00 -1.4632820075E+00
           Stress_EigVec1 =  1.0510157822E-01  5.5609945530E-01  8.2444348143E-01
           Stress_EigVec2 = -8.4170203159E-01 -3.9176981280E-01  3.7155632655E-01
           Stress_EigVec3 = -5.2961433919E-01  7.3298690957E-01 -4.2689441567E-01
           -DivStress =  4.1991126241E+00 -5.8157079758E+00  3.3733618618E+00
           ESP =  -1.1039414748E+00     ESP at Nucleus =  -1.1064275397E+00
           ESPe = -1.3342553378E+01     ESPe at Nucleus = -1.3280075139E+01
           ESPn =  1.2238611903E+01     ESPn at Nucleus =  1.2173647599E+01

CP# 15     Coords = -1.81367307628912E+00 -2.60164429978255E+00 -1.40811192220712E-01
           Type = (3,-3) NACP H15
           Rho =  4.2290300895E-01     Rho at Nucleus =  4.1911396368E-01
           GradRho = -7.4744694483E-15  3.2196061138E-16 -5.5648844907E-15
           HessRho_EigVals = -6.4361643007E+00 -6.4300505975E+00 -5.8296361911E+00
           HessRho_EigVec1 = -3.6505549722E-01  8.5473144209E-01  3.6901036008E-01
           HessRho_EigVec2 = -4.8328288118E-01 -5.1275841809E-01  7.0958893836E-01
           HessRho_EigVec3 =  7.9572114507E-01  8.0702952708E-02  6.0026235324E-01
           DelSqRho = -1.8695851089E+01
           Bond Ellipticity = NA
           V = -4.6832371101E+00
           G =  4.6371688953E-03
           K =  4.6785999412E+00
           L =  4.6739627723E+00
           Vnuc =  4.1458493684E+01
           Ven = -1.7532921725E+01
           Vrep =  1.2849684615E+01
           DelSqV =  7.0345008328E+02
           DelSqVen =  7.7510182429E+02
           DelSqVrep = -7.1651741016E+01
           DelSqG =  6.9219077141E+01
           DelSqK = -7.7266916042E+02
           Stress_EigVals = -1.6123465638E+00 -1.6117558819E+00 -1.4591346645E+00
           Stress_EigVec1 = -4.0102532112E-01  8.1131683262E-01  4.2537476292E-01
           Stress_EigVec2 = -4.5206953362E-01 -5.7914052467E-01  6.7840208538E-01
           Stress_EigVec3 =  7.9675079453E-01  7.9757443451E-02  5.9902163703E-01
           -DivStress =  6.3536967661E+00  6.3362575960E-01  4.7775620193E+00
           ESP =  -1.1091969268E+00     ESP at Nucleus =  -1.1117116391E+00
           ESPe = -1.4450968668E+01     ESPe at Nucleus = -1.4405532442E+01
           ESPn =  1.3341771741E+01     ESPn at Nucleus =  1.3293820803E+01

CP# 16     Coords =  5.09686026619264E+00  2.35638460169449E+00  1.77783652695703E+00
           Type = (3,-3) NACP H16
           Rho =  4.2709833534E-01     Rho at Nucleus =  4.2326701795E-01
           GradRho =  7.5512648435E-16 -1.8232045376E-16 -6.7183942871E-16
           HessRho_EigVals = -6.5123274329E+00 -6.5028813638E+00 -5.8860889322E+00
           HessRho_EigVec1 = -2.4866042755E-01  8.8651695538E-01 -3.9019953818E-01
           HessRho_EigVec2 =  8.1022554570E-01 -3.0371417013E-02 -5.8533079718E-01
           HessRho_EigVec3 =  5.3075658910E-01  4.6169824004E-01  7.1072651440E-01
           DelSqRho = -1.8901297729E+01
           Bond Ellipticity = NA
           V = -4.7353383069E+00
           G =  5.0069373275E-03
           K =  4.7303313695E+00
           L =  4.7253244322E+00
           Vnuc =  4.0839693118E+01
           Ven = -1.7442564946E+01
           Vrep =  1.2707226640E+01
           DelSqV =  7.1128206013E+02
           DelSqVen =  7.7192319877E+02
           DelSqVrep = -6.0641138642E+01
           DelSqG =  7.0107748043E+01
           DelSqK = -7.8138980818E+02
           Stress_EigVals = -1.6310806126E+00 -1.6300843420E+00 -1.4741733523E+00
           Stress_EigVec1 = -2.4515277915E-01  8.8720759029E-01 -3.9084882834E-01
           Stress_EigVec2 =  8.1101280618E-01 -3.3213015966E-02 -5.8408486009E-01
           Stress_EigVec3 =  5.3118578962E-01  4.6017343177E-01  7.1139445429E-01
