AIMSum (Version 19.02.13, Professional)
Copyright (c) 1997-2019 by Todd A. Keith
AIMSum is a component of the AIMAll package ( http://aim.tkgristmill.com )

TP:  64-bit Linux

Much of the Quantum Theory of Atoms in Molecules (QTAIM) is described in the book:
  "Atoms in Molecules - A Quantum Theory"
  R.F.W. Bader, Oxford University Press, Oxford, 1990

For additional references see:  http://aim.tkgristmill.com/references.html

Wfn File:  /home/mhennefarth/Documents/ML_Diels/summary-levandowski2016/18-opt/18-opt.wfn
Sum File:  /home/mhennefarth/Documents/ML_Diels/summary-levandowski2016/18-opt/18-opt.sum

SumViz File:  /home/mhennefarth/Documents/ML_Diels/summary-levandowski2016/18-opt/18-opt.sumviz

Wfn Title:   Title Card Required                                                           
 
Total memory allocated for AIMSum =        0.865 Megabytes

Atomic units (a.u.) used throughout, except where stated otherwise

Model:  Restricted SCF
 
Restricted, closed-shell, single-determinant wavefunction.
  Number of electrons (from MO Occs)                   =          68.0000000000
  Number of Alpha electrons (from MO Occs)             =          34.0000000000
  Number of Beta electrons (from MO Occs)              =          34.0000000000
  Number of electron pairs (N*(N-1)/2)                 =        2278.0000000000
  Number of electron pairs (from Muller 2EDM)          =        2278.0000000000
 
Nuclear Charges and Cartesian Coordinates:
-------------------------------------------------------------------------------
Atom      Charge                X                  Y                  Z
-------------------------------------------------------------------------------
C1         6.0           3.4222466700E+00  -2.7651869700E+00   1.3566779700E+00
H2         1.0           3.4351559800E+00  -4.3664142800E+00   2.6407888000E+00
C3         6.0           5.3228698700E+00  -1.0923931900E+00   1.3341950400E+00
H4         1.0           6.8586858500E+00  -1.3324164200E+00   2.6864225700E+00
C5         6.0           4.5011320100E+00   1.3817358500E+00  -2.6272696900E+00
H6         1.0           4.7500779300E+00   3.0984292100E+00  -3.7251536200E+00
C7         6.0           5.5420617800E+00   1.1223935400E+00  -3.3088846000E-01
H8         1.0           6.7094190700E+00   2.6600188100E+00   3.9126922000E-01
C9         6.0          -3.6963457700E+00   2.3538029400E+00   2.2506762700E+00
C10        6.0          -1.6960546600E+00   2.4140187900E+00   8.0823973000E-01
C11        6.0          -4.0231514300E+00   1.4238142000E+00  -3.4240274000E-01
H12        1.0          -4.5823649000E+00   2.6377058500E+00   4.0667165800E+00
H13        1.0           2.9630654000E-01   2.7597543500E+00   5.2305765000E-01
H14        1.0           3.4049650400E+00  -1.2086551000E-01  -3.4998315800E+00
H15        1.0           1.7848713000E+00  -2.5965826200E+00   1.2710867000E-01
H16        1.0          -5.1111334400E+00   2.3689015400E+00  -1.8077519700E+00
Cl17      17.0          -4.3401490700E+00  -2.0080965900E+00  -9.4694088000E-01
 
Some Atomic Properties:
----------------------
  q(A) = Net Charge of Atom A
  L(A) = Lagrangian of Atom A = -(1/4) Times Atomic Integral of the Laplacian of the Electron Density
  K(A) = Electronic Kinetic Energy of Atom A (Hamiltonian Form)
  K_Scaled(A) = K(A) * E(Mol)/K(Mol) = Approximation to Virial-Based Total Energy of Atom A.
  |Mu_Intra(A)| = Magnitude of Intraatomic Dipole Moment of Atom A
--------------------------------------------------------------------------------------------------
Atom A          q(A)              L(A)              K(A)          K_Scaled(A)      |Mu_Intra(A)|
--------------------------------------------------------------------------------------------------
C1       -8.4863513500E-02 -3.6671456071E-05  3.7705881653E+01 -3.7921486524E+01  1.1535185450E-01
H2        4.6223599960E-02  2.0544271883E-05  5.9356655529E-01 -5.9696061040E-01  1.4689110048E-01
C3       -3.3986889800E-02  9.9550075588E-05  3.7700995772E+01 -3.7916572705E+01  7.6037797952E-02
H4        3.2456711560E-02  2.6148202410E-05  6.0299906008E-01 -6.0644705092E-01  1.5143590016E-01
C5       -9.7427106500E-02 -1.3960719749E-04  3.7708245670E+01 -3.7923864058E+01  1.1685811396E-01
H6        4.3540099880E-02  1.9488682848E-05  5.9428973936E-01 -5.9768792969E-01  1.4767733060E-01
C7       -3.8845507900E-02 -2.9205328737E-04  3.7704071478E+01 -3.7919665998E+01  7.2367974621E-02
H8        3.2069991080E-02  2.8836121298E-05  6.0315688502E-01 -6.0660577831E-01  1.5147748412E-01
C9       -9.6815100800E-02 -2.3517366655E-05  3.7758124524E+01 -3.7974028123E+01  2.6712800279E-01
C10      -9.5583387600E-02 -1.9965087394E-05  3.7760484547E+01 -3.7976401641E+01  3.0031494980E-01
C11       1.4879854980E-01 -2.2217732405E-05  3.7519800078E+01 -3.7734340921E+01  2.6438447113E-01
H12       1.2992899070E-01  1.9852806128E-05  5.5295618834E-01 -5.5611803053E-01  1.4110255295E-01
H13       1.5286002688E-01  2.6978182307E-05  5.4269911370E-01 -5.4580230522E-01  1.3448821742E-01
H14       5.0947226660E-02  2.2380052210E-05  5.9065087836E-01 -5.9402826142E-01  1.4563678120E-01
H15       5.7641899830E-02  3.5146153531E-05  5.8776478637E-01 -5.9112566656E-01  1.4091105067E-01
H16       7.4406366700E-02  3.0817477084E-05  5.9147478617E-01 -5.9485688040E-01  1.5064203020E-01
Cl17     -3.2150601900E-01  6.6152391639E-06  4.5893333999E+02 -4.6155755295E+02  1.7559327295E-01
--------------------------------------------------------------------------------------------------
Total    -1.5406205000E-04 -1.9767486293E-04  7.2805050170E+02 -7.3221354543E+02
 
1st Largest |L(A)| = 2.9205328737E-04, atom C7      
2nd Largest |L(A)| = 1.3960719749E-04, atom C5      
 
Molecular charge q(Mol) from the wfn file:   0.0000000000E+00
Molecular energy E(Mol) from the wfn file:  -7.3221362717E+02
Molecular virial ratio (-V(Mol)/T(Mol)) from the wfn file:   2.0057180700E+00
Note.  K_Scaled(A) = (1+V(Mol)/T(Mol))*K(A) = (E(Mol)/T(Mol))*K(A)
       Only use K_Scaled(A) data with caution.
 
N_AIMInt(SumA)     =         68.000154
N_Analytic(Mol)    =         67.999991
 
G_AIMInt(SumA)     =        728.050699
G_Analytic(Mol)    =        728.050564
 
K_AIMInt(SumA)     =        728.050502
K_Analytic(Mol)    =        728.050564
 
L_AIMInt(SumA)     =         -0.000198
L_Analytic(Mol)    =          0.000000
 
VenT_AIMInt(SumA)  =      -2453.188321
VenT_Analytic(Mol) =      -2453.186597
 
Some Information About the Atomic Calculations:
----------------------------------------------
  Time(sec) = "Elapsed User Time", in Seconds, for Atom A by AIMInt and, if used, by TWOe
  NProc = Number of Processors Used for AIMInt Job
  BIM = Basin Integration Method
  OAQ = Angular Quadrature Outside of Beta Sphere
  ORQ = Multiple of Default for Radial Quadrature Outside of Beta Sphere
  IAQ = Multiple of Default for Angular Quadrature Inside of Beta Sphere
  IRQ = Multiple of Default for Radial Quadrature Inside of Beta Sphere
  MIR = Maximum Integration Radius
------------------------------------------------------------------------------------------------------
Atom A     Time(sec)   NProc      BIM          OAQ                     ORQ      IAQ      IRQ      MIR
------------------------------------------------------------------------------------------------------
C1             48        8     Proaim(5)    4500(GS4)                  1.00     1.00     1.00    13.00
H2             10        8     Proaim(5)    1800(GS4)                  1.00     1.00     1.00    13.00
C3             49        8     Proaim(5)    4500(GS4)                  1.00     1.00     1.00    13.00
H4             11        8     Proaim(5)    1800(GS4)                  1.00     1.00     1.00    13.00
C5             65        8     Proaim(5)    4500(GS4)                  1.00     1.00     1.00    13.00
H6             13        8     Proaim(5)    1800(GS4)                  1.00     1.00     1.00    13.00
C7             55        8     Proaim(5)    4500(GS4)                  1.00     1.00     1.00    13.00
H8              9        8     Proaim(5)    1800(GS4)                  1.00     1.00     1.00    13.00
C9             35        8     Proaim(5)    4500(GS4)                  1.00     1.00     1.00    13.00
C10            52        8     Proaim(5)    4500(GS4)                  1.00     1.00     1.00    13.00
C11            50        8     Proaim(5)    4500(GS4)                  1.00     1.00     1.00    13.00
H12             9        8     Proaim(5)    1800(GS4)                  1.00     1.00     1.00    13.00
H13            33        8     Proaim(5)    4500(GS4)                  1.00     1.00     1.00    13.00
H14            17        8     Proaim(5)    1800(GS4)                  1.00     1.00     1.00    13.00
H15            37        8     Proaim(5)    4500(GS4)                  1.00     1.00     1.00    13.00
H16            10        8     Proaim(5)    1800(GS4)                  1.00     1.00     1.00    13.00
Cl17           33        8     Proaim(5)    4500(GS4)                  1.00     1.00     1.00    13.00
------------------------------------------------------------------------------------------------------
Total         536
Note:  Total wall clock time is less than total of atomic times if more than one atom
       was calculated at a time
 
Electron Density Critical Point Analysis of Molecular Structure:               
---------------------------------------------------------------                
  NACP = Nuclear Attractor Critical Point                                      
  NNACP = Non-Nuclear Attractor Critical Point                                 
  BCP = Bond Critical Point                                                    
  RCP = Ring Critical Point                                                    
  CCP = Cage Critical Point                                                    
  Rho = Electron Density                                                       
  GradRho = Gradient of Electron Density                                       
  HessRho_EigVals = Eigenvalues of the Hessian of Rho, Ascending Order         
  HessRho_EigVecs = Eigenvectors of the Hessian of Rho                         
  DelSqRho = Laplacian of Rho = Trace of Hessian of Rho                        
  Bond Ellipticity = (HessRho_EigVal(1) / HessRho_EigVal(2)) - 1               
  V = Virial Field = Potential Energy Density = Trace of Stress Tensor         
  G = Lagrangian Form of Kinetic Energy Density                                
  K = Hamiltonian Form of Kinetic Energy Density                               
  L = K - G = Lagrangian Density = (-1/4)DelSqRho                              
  Vnuc = Electrostatic Potential from Nuclei                                   
  Ven = Electron-nuclear attractive contribution to Virial Field V             
  Vrep = V - Ven = Repulsive contribution to Virial Field V                    
  DelSqV = Laplacian of V                                                      
  DelSqVen = Laplacian of Ven                                                  
  DelSqVrep = Laplacian of Vrep                                                
  DelSqG = Laplacian of G                                                      
  DelSqK = Laplacian of K                                                      
  Stress_EigVals = Eigenvalues of Stress Tensor, Ascending Order               
  Stress_EigVecs = Eigenvectors of Stress Tensor                               
  -DivStress = Ehrenfest Force Density = Minus Divergence of Stress Tensor     
  ESP = Total Electrostatic Potential                                          
  ESPe = Electrostatic Potential from Electrons                                
  ESPn = Electrostatic Potential from Nuclei                                   
  BP = Bond Path                                                               
  BPL = Bond Path Length                                                       
  GBL = Geometric Bond Length                                                  
  GBL_I = Distance Between Nuclear Attractors                                  
  GBL_II = Distance Between Nuclei                                             
  GBL_III = Sum of Distances Between BCP and Nuclear Attractors                
  GBL_IV = Sum of Distances Between BCP and Nuclei                             

CP# 1      Coords =  3.42224634338624E+00 -2.76518757412514E+00  1.35667805023973E+00
           Type = (3,-3) NACP C1
           Rho =  1.1768560309E+02     Rho at Nucleus =  1.1768560306E+02
           GradRho = -9.6208735423E-12 -3.8032146876E-11  1.5090567684E-11
           HessRho_EigVals = -1.4501657799E+05 -1.4501548894E+05 -1.4501534116E+05
           HessRho_EigVec1 = -4.2915916653E-01  5.5711553037E-01  7.1094633806E-01
           HessRho_EigVec2 = -3.5670486243E-01  6.1859678940E-01 -7.0007117728E-01
           HessRho_EigVec3 =  8.2980964739E-01  5.5403997867E-01  6.6750663937E-02
           DelSqRho = -4.3504740809E+05
           Bond Ellipticity = NA
           V = -1.0877208090E+05
           G =  5.1144371979E+00
           K =  1.0876696646E+05
           L =  1.0876185202E+05
           Vnuc =  8.6776181510E+06
           Ven = -1.0212307255E+09
           Vrep =  1.0211219534E+09
           DelSqV =  2.4954588930E+09
           DelSqVen =  3.7751729684E+12
           DelSqVrep = -3.7726777717E+12
           DelSqG =  1.3404402559E+08
           DelSqK = -2.6295029186E+09
           Stress_EigVals = -3.6257613248E+04 -3.6257517069E+04 -3.6256950578E+04
           Stress_EigVec1 =  7.7350889956E-01  6.3377121250E-01 -4.2464700796E-03
           Stress_EigVec2 = -4.4660336437E-01  5.4029461786E-01 -7.1318101548E-01
           Stress_EigVec3 = -4.4969925199E-01  5.5354835029E-01  7.0096705105E-01
           -DivStress =  2.6532392209E+02  4.9224763880E+02 -6.6549663924E+01
           ESP =  -1.4744440166E+01     ESP at Nucleus =  -1.4744440174E+01
           ESPe = -2.5729635341E+01     ESPe at Nucleus = -2.5729636114E+01
           ESPn =  1.0985195175E+01     ESPn at Nucleus =  1.0985195940E+01

CP# 2      Coords =  3.43493559887313E+00 -4.33901265368711E+00  2.61883295175614E+00
           Type = (3,-3) NACP H2
           Rho =  4.2539278490E-01     Rho at Nucleus =  4.2167327029E-01
           GradRho =  1.6441925946E-16  4.5323987619E-15 -1.5236293130E-15
           HessRho_EigVals = -6.4780088308E+00 -6.4719573515E+00 -5.8752516804E+00
           HessRho_EigVec1 =  8.7049774010E-01  3.1166842112E-01  3.8091531834E-01
           HessRho_EigVec2 = -4.9213832571E-01  5.4209619433E-01  6.8112523405E-01
           HessRho_EigVec3 = -5.7924818461E-03  7.8038100397E-01 -6.2527748703E-01
           DelSqRho = -1.8825217863E+01
           Bond Ellipticity = NA
           V = -4.7155011354E+00
           G =  4.5983348844E-03
           K =  4.7109028006E+00
           L =  4.7063044657E+00
           Vnuc =  3.9647294189E+01
           Ven = -1.6865672889E+01
           Vrep =  1.2150171753E+01
           DelSqV =  7.0872440526E+02
           DelSqVen =  7.4636895077E+02
           DelSqVrep = -3.7644545513E+01
           DelSqG =  6.9762328977E+01
           DelSqK = -7.7848673424E+02
           Stress_EigVals = -1.6228372956E+00 -1.6222891823E+00 -1.4703746575E+00
           Stress_EigVec1 =  9.0990730637E-01  2.6230155587E-01  3.2135119044E-01
           Stress_EigVec2 = -4.1478782164E-01  5.6703568141E-01  7.1163305083E-01
           Stress_EigVec3 = -4.4448651933E-03  7.8081267267E-01 -6.2474940046E-01
           -DivStress =  4.8733535387E-02 -6.1864939416E+00  4.9561362612E+00
           ESP =  -1.1081607213E+00     ESP at Nucleus =  -1.1106449168E+00
           ESPe = -1.2276369312E+01     ESPe at Nucleus = -1.2195199914E+01
           ESPn =  1.1168208591E+01     ESPn at Nucleus =  1.1084554997E+01

CP# 3      Coords =  5.32287063351613E+00 -1.09239175733567E+00  1.33419452363346E+00
           Type = (3,-3) NACP C3
           Rho =  1.1765419440E+02     Rho at Nucleus =  1.1765419419E+02
           GradRho =  5.4456182966E-10  9.4681722879E-10 -3.2169372895E-10
           HessRho_EigVals = -1.4496885581E+05 -1.4496801481E+05 -1.4496764408E+05
           HessRho_EigVec1 = -5.0788455360E-01  5.9069737560E-01  6.2700071027E-01
           HessRho_EigVec2 =  1.6766847255E-01 -6.4615671889E-01  7.4455945226E-01
           HessRho_EigVec3 =  8.4495003611E-01  4.8327849642E-01  2.2913169002E-01
           DelSqRho = -4.3490451470E+05
           Bond Ellipticity = NA
           V = -1.0873634677E+05
           G =  5.1090456076E+00
           K =  1.0873123772E+05
           L =  1.0872612868E+05
           Vnuc =  3.5220465807E+06
           Ven = -4.1438355309E+08
           Vrep =  4.1427481674E+08
           DelSqV =  2.4946327485E+09
           DelSqVen =  1.5317540045E+12
           DelSqVrep = -1.5292593717E+12
           DelSqG =  1.3399084833E+08
           DelSqK = -2.6286235969E+09
           Stress_EigVals = -3.6245719557E+04 -3.6245548058E+04 -3.6245079152E+04
           Stress_EigVec1 =  8.3019593671E-01  5.3230603545E-01  1.6560492530E-01
           Stress_EigVec2 = -2.4923448628E-01  6.2013096197E-01 -7.4385466380E-01
           Stress_EigVec3 = -4.9865506867E-01  5.7627066091E-01  6.4749922615E-01
           -DivStress = -6.1777234956E+02 -1.1631670195E+03  4.2233585398E+02
           ESP =  -1.4733119822E+01     ESP at Nucleus =  -1.4733119843E+01
           ESPe = -2.6127202009E+01     ESPe at Nucleus = -2.6127202173E+01
           ESPn =  1.1394082187E+01     ESPn at Nucleus =  1.1394082331E+01

CP# 4      Coords =  6.83318813216392E+00 -1.32823739594705E+00  2.66385065729236E+00
           Type = (3,-3) NACP H4
           Rho =  4.2928891533E-01     Rho at Nucleus =  4.2568876900E-01
           GradRho = -9.9573127521E-16  5.8785441792E-16  9.8120296610E-16
           HessRho_EigVals = -6.5620644625E+00 -6.5540693527E+00 -5.9638765904E+00
           HessRho_EigVec1 =  4.3157113055E-01  8.3886610361E-01 -3.3173787769E-01
           HessRho_EigVec2 = -5.1135228531E-01  5.3045346011E-01  6.7611978744E-01
           HessRho_EigVec3 =  7.4314547673E-01 -1.2215885917E-01  6.5788449863E-01
           DelSqRho = -1.9080010406E+01
           Bond Ellipticity = NA
           V = -4.7791206511E+00
           G =  4.5590248522E-03
           K =  4.7745616263E+00
           L =  4.7700026014E+00
           Vnuc =  4.0335944478E+01
           Ven = -1.7315773854E+01
           Vrep =  1.2536653203E+01
           DelSqV =  7.1921130300E+02
           DelSqVen =  7.6961024037E+02
           DelSqVrep = -5.0398937363E+01
           DelSqG =  7.1016294493E+01
           DelSqK = -7.9022759750E+02
           Stress_EigVals = -1.6436238944E+00 -1.6425902856E+00 -1.4929064711E+00
           Stress_EigVec1 =  4.7162330051E-01  7.9209649779E-01 -3.8749787175E-01
           Stress_EigVec2 = -4.7386475452E-01  5.9825648757E-01  6.4617441105E-01
           Stress_EigVec3 =  7.4365560365E-01 -1.2112932457E-01  6.5749831170E-01
           -DivStress =  5.8323883536E+00 -9.5556933109E-01  5.1629083061E+00
           ESP =  -1.1076025296E+00     ESP at Nucleus =  -1.1100153183E+00
           ESPe = -1.2296448354E+01     ESPe at Nucleus = -1.2211917602E+01
           ESPn =  1.1188845824E+01     ESPn at Nucleus =  1.1101902284E+01

CP# 5      Coords =  4.50113149624719E+00  1.38173621884291E+00 -2.62727026600090E+00
           Type = (3,-3) NACP C5
           Rho =  1.1768359769E+02     Rho at Nucleus =  1.1768359764E+02
           GradRho = -5.8532179104E-11  5.5918436548E-11 -1.0200200407E-10
           HessRho_EigVals = -1.4501531698E+05 -1.4501435201E+05 -1.4501420606E+05
           HessRho_EigVec1 =  8.4731083166E-01 -3.4522883463E-01 -4.0358568644E-01
           HessRho_EigVec2 =  3.1074515672E-01  9.3851633343E-01 -1.5041455864E-01
           HessRho_EigVec3 =  4.3069920145E-01  2.0355873873E-03  9.0249324333E-01
           DelSqRho = -4.3504387505E+05
           Bond Ellipticity = NA
           V = -1.0877121414E+05
           G =  5.1226862896E+00
           K =  1.0876609145E+05
           L =  1.0876096876E+05
           Vnuc =  7.0140097287E+06
           Ven = -8.2543389914E+08
           Vrep =  8.2532512793E+08
           DelSqV =  2.4954403522E+09
           DelSqVen =  3.0514017075E+12
           DelSqVrep = -3.0489062016E+12
           DelSqG =  1.3404419332E+08
           DelSqK = -2.6294845455E+09
           Stress_EigVals = -3.6257313381E+04 -3.6257217096E+04 -3.6256683659E+04
           Stress_EigVec1 =  3.9900209072E-01 -9.8382881428E-02  9.1165681056E-01
           Stress_EigVec2 =  3.7176878151E-01  9.2620157295E-01 -6.2758420600E-02
           Stress_EigVec3 =  8.3820361768E-01 -3.6396628265E-01 -4.0613204799E-01
           -DivStress =  4.1568708947E+02 -2.9958737006E+02  4.7008334586E+02
           ESP =  -1.4739867166E+01     ESP at Nucleus =  -1.4739867176E+01
           ESPe = -2.5374407960E+01     ESPe at Nucleus = -2.5374408758E+01
           ESPn =  1.0634540794E+01     ESPn at Nucleus =  1.0634541582E+01

CP# 6      Coords =  4.74580888284845E+00  3.06914488980237E+00 -3.70642649705678E+00
           Type = (3,-3) NACP H6
           Rho =  4.2530099678E-01     Rho at Nucleus =  4.2160127552E-01
           GradRho =  1.0527603095E-16 -1.1047044356E-14  5.7809659837E-15
           HessRho_EigVals = -6.4761034624E+00 -6.4698699395E+00 -5.8755897369E+00
           HessRho_EigVec1 =  5.6020110817E-01  3.8727538303E-01  7.3225166173E-01
           HessRho_EigVec2 =  8.1936689820E-01 -3.8894401996E-01 -4.2114182348E-01
           HessRho_EigVec3 =  1.2170704393E-01  8.3590688898E-01 -5.3520750034E-01
           DelSqRho = -1.8821563139E+01
           Bond Ellipticity = NA
           V = -4.7146768076E+00
           G =  4.6430114808E-03
           K =  4.7100337962E+00
           L =  4.7053907847E+00
           Vnuc =  3.9475211509E+01
           Ven = -1.6788846803E+01
           Vrep =  1.2074169995E+01
           DelSqV =  7.0866999996E+02
           DelSqVen =  7.4298518583E+02
           DelSqVrep = -3.4315185862E+01
           DelSqG =  6.9751719074E+01
           DelSqK = -7.7842171904E+02
           Stress_EigVals = -1.6223578679E+00 -1.6218414410E+00 -1.4704774987E+00
           Stress_EigVec1 =  4.8882360360E-01  4.2016719724E-01  7.6453319805E-01
           Stress_EigVec2 =  8.6396253085E-01 -3.5462791912E-01 -3.5750214583E-01
           Stress_EigVec3 =  1.2091414250E-01  8.3528352393E-01 -5.3635921247E-01
           -DivStress =  9.6256313575E-01  6.6093345939E+00 -4.2277574505E+00
           ESP =  -1.1019238628E+00     ESP at Nucleus =  -1.1043989303E+00
           ESPe = -1.2023198674E+01     ESPe at Nucleus = -1.1943796200E+01
           ESPn =  1.0921274811E+01     ESPn at Nucleus =  1.0839397270E+01

CP# 7      Coords =  5.54206201932927E+00  1.12239296037547E+00 -3.30887203580928E-01
           Type = (3,-3) NACP C7
           Rho =  1.1767089021E+02     Rho at Nucleus =  1.1767089007E+02
           GradRho =  1.4544731045E-10 -2.5462631309E-10  5.5777766607E-10
           HessRho_EigVals = -1.4499233712E+05 -1.4499133578E+05 -1.4499102834E+05
           HessRho_EigVec1 =  8.0303810250E-01 -4.4710568861E-01 -3.9398770176E-01
           HessRho_EigVec2 =  3.2273507117E-01  8.8207782061E-01 -3.4319206317E-01
           HessRho_EigVec3 =  5.0097093704E-01  1.4844265423E-01  8.5263878556E-01
           DelSqRho = -4.3497470123E+05
           Bond Ellipticity = NA
           V = -1.0875387850E+05
           G =  5.1015943006E+00
           K =  1.0874877690E+05
           L =  1.0874367531E+05
           Vnuc =  4.2728481318E+06
           Ven = -5.0278984340E+08
           Vrep =  5.0268108952E+08
           DelSqV =  2.4950365147E+09
           DelSqVen =  1.8585808404E+12
           DelSqVrep = -1.8560858695E+12
           DelSqG =  1.3401513595E+08
           DelSqK = -2.6290516507E+09
           Stress_EigVals = -3.6251564659E+04 -3.6251411496E+04 -3.6250902343E+04
           Stress_EigVec1 =  4.7991407467E-01  7.6598028354E-02  8.7396522985E-01
           Stress_EigVec2 =  3.4474950394E-01  8.9957875275E-01 -2.6815265640E-01
           Stress_EigVec3 =  8.0674051620E-01 -4.2998931341E-01 -4.0531337244E-01
           -DivStress = -1.9352807588E+02  4.7429807588E+02 -1.0185548591E+03
           ESP =  -1.4728831386E+01     ESP at Nucleus =  -1.4728831402E+01
           ESPe = -2.6140986472E+01     ESPe at Nucleus = -2.6140986608E+01
           ESPn =  1.1412155086E+01     ESPn at Nucleus =  1.1412155206E+01

CP# 8      Coords =  6.69001851614026E+00  2.63438423139498E+00  3.79374188839605E-01
           Type = (3,-3) NACP H8
           Rho =  4.2939354102E-01     Rho at Nucleus =  4.2579816892E-01
           GradRho = -7.6457937204E-16 -1.0616507673E-15 -2.4416232924E-16
           HessRho_EigVals = -6.5647133290E+00 -6.5569430844E+00 -5.9667970100E+00
           HessRho_EigVec1 =  2.0213842000E-01 -5.3274797752E-01  8.2177834701E-01
           HessRho_EigVec2 =  7.9962719068E-01 -3.9469273926E-01 -4.5256380489E-01
           HessRho_EigVec3 =  5.6545239860E-01  7.4859684345E-01  3.4621720190E-01
           DelSqRho = -1.9088453423E+01
           Bond Ellipticity = NA
           V = -4.7811765088E+00
           G =  4.5315764668E-03
           K =  4.7766449323E+00
           L =  4.7721133558E+00
           Vnuc =  4.0518300245E+01
           Ven = -1.7398296418E+01
           Vrep =  1.2617119909E+01
           DelSqV =  7.1956392980E+02
           DelSqVen =  7.7343168702E+02
           DelSqVrep = -5.3867757217E+01
           DelSqG =  7.1061891105E+01
           DelSqK = -7.9062582091E+02
           Stress_EigVals = -1.6443163433E+00 -1.6431918075E+00 -1.4936683580E+00
           Stress_EigVec1 =  1.3225917713E-01 -4.9801056556E-01  8.5702566277E-01
           Stress_EigVec2 =  8.1393829594E-01 -4.3888188285E-01 -3.8064043835E-01
           Stress_EigVec3 =  5.6569599651E-01  7.4790919869E-01  3.4730371441E-01
           -DivStress =  4.4393047128E+00  5.8657905824E+00  2.7224978139E+00
           ESP =  -1.1036331306E+00     ESP at Nucleus =  -1.1060433552E+00
           ESPe = -1.2448995614E+01     ESPe at Nucleus = -1.2365833335E+01
           ESPn =  1.1345362484E+01     ESPn at Nucleus =  1.1259789980E+01

CP# 9      Coords = -3.69634617732294E+00  2.35380179354451E+00  2.25067374722430E+00
           Type = (3,-3) NACP C9
           Rho =  1.1765498829E+02     Rho at Nucleus =  1.1765498772E+02
           GradRho = -6.7931794478E-10 -1.9818457809E-09 -4.3189667389E-09
           HessRho_EigVals = -1.4496971773E+05 -1.4496915631E+05 -1.4496806324E+05
           HessRho_EigVec1 = -1.6549273808E-01  9.8044117291E-01 -1.0652351901E-01
           HessRho_EigVec2 = -1.4532695125E-01  8.2589591451E-02  9.8593054351E-01
           HessRho_EigVec3 =  9.7544463240E-01  1.7864508346E-01  1.2881654892E-01
           DelSqRho = -4.3490693728E+05
           Bond Ellipticity = NA
           V = -1.0873708653E+05
           G =  5.1761063930E+00
           K =  1.0873191043E+05
           L =  1.0872673432E+05
           Vnuc =  2.1422311327E+06
           Ven = -2.5204417883E+08
           Vrep =  2.5193544175E+08
           DelSqV =  2.4946478484E+09
           DelSqVen =  9.3167116288E+11
           DelSqVrep = -9.2917651503E+11
           DelSqG =  1.3399169509E+08
           DelSqK = -2.6286395435E+09
           Stress_EigVals = -3.6246022769E+04 -3.6245747006E+04 -3.6245316758E+04
           Stress_EigVec1 =  8.3964741168E-01  2.9708429374E-02 -5.4231875616E-01
           Stress_EigVec2 =  5.1611625669E-01  2.6734986887E-01  8.1372480434E-01
           Stress_EigVec3 = -1.6916333422E-01  9.6314145215E-01 -2.0914662205E-01
           -DivStress =  3.3199197205E+02  9.3413635471E+02  2.0538841728E+03
           ESP =  -1.4698977423E+01     ESP at Nucleus =  -1.4698977445E+01
           ESPe = -2.6530547991E+01     ESPe at Nucleus = -2.6530543497E+01
           ESPn =  1.1831570568E+01     ESPn at Nucleus =  1.1831566052E+01

CP# 10     Coords = -1.69605738141380E+00  2.41401751544110E+00  8.08238621126010E-01
           Type = (3,-3) NACP C10
           Rho =  1.1767326253E+02     Rho at Nucleus =  1.1767326179E+02
           GradRho = -6.1415830529E-09 -2.8729398817E-09 -2.4995749212E-09
           HessRho_EigVals = -1.4499350690E+05 -1.4499277171E+05 -1.4499178343E+05
           HessRho_EigVec1 = -1.1446240272E-01  9.7725310047E-01 -1.7853497131E-01
           HessRho_EigVec2 =  9.6749597778E-01  1.5045356174E-01  2.0326155254E-01
           HessRho_EigVec3 = -2.2549920475E-01  1.4946606096E-01  9.6270972015E-01
           DelSqRho = -4.3497806204E+05
           Bond Ellipticity = NA
           V = -1.0875484981E+05
           G =  5.1671484168E+00
           K =  1.0874968266E+05
           L =  1.0874451551E+05
           Vnuc =  1.8731664854E+06
           Ven = -2.2042161160E+08
           Vrep =  2.2031285676E+08
           DelSqV =  2.4950550686E+09
           DelSqVen =  8.1478634701E+11
           DelSqVrep = -8.1229129194E+11
           DelSqG =  1.3401474671E+08
           DelSqK = -2.6290698154E+09
           Stress_EigVals = -3.6251964232E+04 -3.6251666991E+04 -3.6251218583E+04
           Stress_EigVec1 =  8.0694615753E-01  2.5147964305E-02 -5.9008938200E-01
           Stress_EigVec2 =  5.6196838255E-01  2.7473736011E-01  7.8019928222E-01
           Stress_EigVec3 = -1.8174002274E-01  9.6119038845E-01 -2.0756589625E-01
           -DivStress =  2.2147480141E+03  1.0385196641E+03  9.0306924102E+02
           ESP =  -1.4701187918E+01     ESP at Nucleus =  -1.4701187948E+01
           ESPe = -2.7364762035E+01     ESPe at Nucleus = -2.7364757780E+01
           ESPn =  1.2663574116E+01     ESPn at Nucleus =  1.2663569832E+01

CP# 11     Coords = -4.02314898200232E+00  1.42381053676458E+00 -3.42399412591086E-01
           Type = (3,-3) NACP C11
           Rho =  1.1748924170E+02     Rho at Nucleus =  1.1748923949E+02
           GradRho = -7.1505536952E-12 -2.9826182655E-12  1.4525584511E-12
           HessRho_EigVals = -1.4475528662E+05 -1.4475350647E+05 -1.4475235706E+05
           HessRho_EigVec1 =  1.3164963028E-01  9.6455519355E-01  2.2869554751E-01
           HessRho_EigVec2 =  5.6392553889E-01 -2.6260795112E-01  7.8295916279E-01
           HessRho_EigVec3 =  8.1526459596E-01  2.5890975569E-02 -5.7850954699E-01
           DelSqRho = -4.3426115015E+05
           Bond Ellipticity = NA
           V = -1.0857533787E+05
           G =  5.0251680757E+00
           K =  1.0857031271E+05
           L =  1.0856528754E+05
           Vnuc =  1.0867338641E+06
           Ven = -1.2767953762E+08
           Vrep =  1.2757096228E+08
           DelSqV =  2.4909438791E+09
           DelSqVen =  4.7192629350E+11
           DelSqVrep = -4.6943534950E+11
           DelSqG =  1.3378139242E+08
           DelSqK = -2.6247252715E+09
           Stress_EigVals = -3.6192001935E+04 -3.6191981172E+04 -3.6191354767E+04
           Stress_EigVec1 =  8.7402639202E-01  3.3309738632E-04 -4.8587833364E-01
           Stress_EigVec2 =  4.7347576598E-01 -2.2508556038E-01  8.5156161817E-01
           Stress_EigVec3 =  1.0908054406E-01  9.7433894490E-01  1.9688843377E-01
           -DivStress = -1.9867343533E+03  2.9586028203E+03 -2.7010682467E+03
           ESP =  -1.4656779161E+01     ESP at Nucleus =  -1.4656779294E+01
           ESPe = -2.8011749143E+01     ESPe at Nucleus = -2.8011742046E+01
           ESPn =  1.3354969982E+01     ESPn at Nucleus =  1.3354962752E+01

CP# 12     Coords = -4.56637077943389E+00  2.63260697075164E+00  4.03394501261184E+00
           Type = (3,-3) NACP H12
           Rho =  4.1316886350E-01     Rho at Nucleus =  4.0919847451E-01
           GradRho =  1.0291368123E-09 -3.2920896288E-10 -2.1135525530E-09
           HessRho_EigVals = -6.3140917599E+00 -6.3116438695E+00 -5.6872244759E+00
           HessRho_EigVec1 =  8.2686568958E-01  4.5632693857E-01  3.2872306966E-01
           HessRho_EigVec2 =  3.6096027657E-01 -8.7883346777E-01  3.1202470202E-01
           HessRho_EigVec3 = -4.3127811228E-01  1.3934655026E-01  8.9139313931E-01
           DelSqRho = -1.8312960105E+01
           Bond Ellipticity = NA
           V = -4.5869775511E+00
           G =  4.3687623985E-03
           K =  4.5826087887E+00
           L =  4.5782400263E+00
           Vnuc =  3.8445733803E+01
           Ven = -1.5884580142E+01
           Vrep =  1.1297602591E+01
           DelSqV =  6.8859948057E+02
           DelSqVen =  7.0405519284E+02
           DelSqVrep = -1.5455712274E+01
           DelSqG =  6.7987584316E+01
           DelSqK = -7.5658706489E+02
           Stress_EigVals = -1.5820874545E+00 -1.5813200948E+00 -1.4235700018E+00
           Stress_EigVec1 =  8.9017793263E-01  2.1999661362E-01  3.9897962136E-01
           Stress_EigVec2 = -1.4050980684E-01  9.6557319408E-01 -2.1891870877E-01
           Stress_EigVec3 = -4.3340540195E-01  1.3881605406E-01  8.9044363139E-01
           -DivStress = -3.5179579927E+00  1.1209266604E+00  7.2052604202E+00
           ESP =  -1.0446948831E+00     ESP at Nucleus =  -1.0474648066E+00
           ESPe = -1.2332014155E+01     ESPe at Nucleus = -1.2240733330E+01
           ESPn =  1.1287319272E+01     ESPn at Nucleus =  1.1193268524E+01

CP# 13     Coords =  2.59562741382016E-01  2.75350185087459E+00  5.28379867915829E-01
           Type = (3,-3) NACP H13
           Rho =  4.0867065428E-01     Rho at Nucleus =  4.0457875276E-01
           GradRho = -7.6653093595E-16  5.3630738088E-16  5.4752209711E-18
           HessRho_EigVals = -6.2343917783E+00 -6.2321653049E+00 -5.5981746754E+00
           HessRho_EigVec1 =  5.1942716260E-02  4.3643985508E-01  8.9823282456E-01
           HessRho_EigVec2 = -2.1053918354E-01  8.8401693085E-01 -4.1735754235E-01
           HessRho_EigVec3 =  9.7620449006E-01  1.6743452111E-01 -1.3780593136E-01
           DelSqRho = -1.8064731759E+01
           Bond Ellipticity = NA
           V = -4.5251769746E+00
           G =  4.4970174668E-03
           K =  4.5206799571E+00
           L =  4.5161829396E+00
           Vnuc =  4.0051905436E+01
           Ven = -1.6368038400E+01
           Vrep =  1.1842861425E+01
           DelSqV =  6.7849815913E+02
           DelSqVen =  7.2352692813E+02
           DelSqVrep = -4.5028768997E+01
           DelSqG =  6.6900821697E+01
           DelSqK = -7.4539898083E+02
           Stress_EigVals = -1.5621226445E+00 -1.5613421431E+00 -1.4017121870E+00
           Stress_EigVec1 =  1.0162044976E-01  2.1814407481E-01  9.7061137785E-01
           Stress_EigVec2 = -1.9284079455E-01  9.6147556926E-01 -1.9590088739E-01
           Stress_EigVec3 =  9.7595374488E-01  1.6726593302E-01 -1.3977265650E-01
           -DivStress =  7.9714614385E+00  1.3560949420E+00 -1.1561930666E+00
           ESP =  -1.0484037729E+00     ESP at Nucleus =  -1.0512696758E+00
           ESPe = -1.4539921583E+01     ESPe at Nucleus = -1.4474668946E+01
           ESPn =  1.3491517810E+01     ESPn at Nucleus =  1.3423399270E+01

CP# 14     Coords =  3.42372798749714E+00 -9.50091833613107E-02 -3.48487302393744E+00
           Type = (3,-3) NACP H14
           Rho =  4.2372920730E-01     Rho at Nucleus =  4.1999282350E-01
           GradRho =  1.3269550389E-15  1.0546847683E-15 -1.8214596498E-16
           HessRho_EigVals = -6.4488166040E+00 -6.4425870405E+00 -5.8463694368E+00
           HessRho_EigVec1 =  1.7166207011E-01 -5.8372536085E-01  7.9359740220E-01
           HessRho_EigVec2 = -8.2893437981E-01  3.4971741182E-01  4.3653811500E-01
           HessRho_EigVec3 =  5.3235319823E-01  7.3277720691E-01  4.2383680511E-01
           DelSqRho = -1.8737773081E+01
           Bond Ellipticity = NA
           V = -4.6937308873E+00
           G =  4.6438084658E-03
           K =  4.6890870788E+00
           L =  4.6844432703E+00
           Vnuc =  4.0595369844E+01
           Ven = -1.7201443884E+01
           Vrep =  1.2507712997E+01
           DelSqV =  7.0527516352E+02
           DelSqVen =  7.6066682829E+02
           DelSqVrep = -5.5391664768E+01
           DelSqG =  6.9391554488E+01
           DelSqK = -7.7466671801E+02
           Stress_EigVals = -1.6155073399E+00 -1.6149699838E+00 -1.4632535636E+00
           Stress_EigVec1 =  1.0794291693E-01 -5.5691285576E-01  8.2352680452E-01
           Stress_EigVec2 = -8.3995784464E-01  3.9203160393E-01  3.7520932925E-01
           Stress_EigVec3 =  5.3180743311E-01  7.3222898919E-01  4.2546628712E-01
           -DivStress = -4.2164495690E+00 -5.8096890890E+00 -3.3620360491E+00
           ESP =  -1.1039648958E+00     ESP at Nucleus =  -1.1064507860E+00
           ESPe = -1.3350994436E+01     ESPe at Nucleus = -1.3288593666E+01
           ESPn =  1.2247029540E+01     ESPn at Nucleus =  1.2182142880E+01

CP# 15     Coords =  1.81328237781660E+00 -2.59943384093280E+00  1.48317196839794E-01
           Type = (3,-3) NACP H15
           Rho =  4.2290296095E-01     Rho at Nucleus =  4.1911342709E-01
           GradRho =  7.4616148763E-15  1.6120053426E-16  5.7276774469E-15
           HessRho_EigVals = -6.4361131078E+00 -6.4299996179E+00 -5.8295429088E+00
           HessRho_EigVec1 =  3.6382326897E-01  8.5502340241E-01 -3.6955055173E-01
           HessRho_EigVec2 = -4.8073511678E-01  5.1217862257E-01  7.1173506733E-01
           HessRho_EigVec3 =  7.9782603144E-01 -8.1289851193E-02  5.9738227597E-01
           DelSqRho = -1.8695655635E+01
           Bond Ellipticity = NA
           V = -4.6831901046E+00
           G =  4.6380980009E-03
           K =  4.6785520066E+00
           L =  4.6739139086E+00
           Vnuc =  4.1459114970E+01
           Ven = -1.7533182479E+01
           Vrep =  1.2849992375E+01
           DelSqV =  7.0343988610E+02
           DelSqVen =  7.7510533639E+02
           DelSqVrep = -7.1665450295E+01
           DelSqG =  6.9217680910E+01
           DelSqK = -7.7265756701E+02
           Stress_EigVals = -1.6123341022E+00 -1.6117435384E+00 -1.4591124640E+00
           Stress_EigVec1 =  3.9957423338E-01  8.1167669513E-01 -4.2605325326E-01
           Stress_EigVec2 = -4.4964218807E-01  5.7855499666E-01  6.8051158590E-01
           Stress_EigVec3 =  7.9885063355E-01 -8.0343378208E-02  5.9613975446E-01
           -DivStress = -6.3708124894E+00  6.3832858585E-01 -4.7548748332E+00
           ESP =  -1.1092214665E+00     ESP at Nucleus =  -1.1117369105E+00
           ESPe = -1.4453596658E+01     ESPe at Nucleus = -1.4408262026E+01
           ESPn =  1.3344375191E+01     ESPn at Nucleus =  1.3296525115E+01

CP# 16     Coords = -5.09223752781977E+00  2.35272862063691E+00 -1.78229586480723E+00
           Type = (3,-3) NACP H16
           Rho =  4.2709560110E-01     Rho at Nucleus =  4.2326416279E-01
           GradRho =  2.2243085195E-16 -1.1319485727E-15  7.8769998337E-16
           HessRho_EigVals = -6.5122832971E+00 -6.5028381292E+00 -5.8860347420E+00
           HessRho_EigVec1 =  2.4679309138E-01  8.8689600750E-01  3.9052354849E-01
           HessRho_EigVec2 =  8.1189000724E-01  3.0787850702E-02 -5.8299804836E-01
           HessRho_EigVec3 =  5.2908202218E-01 -4.6094205723E-01  7.1246377710E-01
           DelSqRho = -1.8901156168E+01
           Bond Ellipticity = NA
           V = -4.7353027004E+00
           G =  5.0068291564E-03
           K =  4.7302958712E+00
           L =  4.7252890421E+00
           Vnuc =  4.0841130211E+01
           Ven = -1.7443067057E+01
           Vrep =  1.2707764357E+01
           DelSqV =  7.1127613013E+02
           DelSqVen =  7.7194458021E+02
           DelSqVrep = -6.0668450086E+01
           DelSqG =  7.0107149781E+01
           DelSqK = -7.8138327991E+02
           Stress_EigVals = -1.6310696620E+00 -1.6300733601E+00 -1.4741596782E+00
           Stress_EigVec1 =  2.4323255712E-01  8.8758283352E-01  3.9119641716E-01
           Stress_EigVec2 =  8.1268580917E-01  3.3684900942E-02 -5.8172768803E-01
           Stress_EigVec3 =  5.2950892224E-01 -4.5941488993E-01  7.1313270867E-01
