AIMSum (Version 19.02.13, Professional)
Copyright (c) 1997-2019 by Todd A. Keith
AIMSum is a component of the AIMAll package ( http://aim.tkgristmill.com )

TP:  64-bit Linux

Much of the Quantum Theory of Atoms in Molecules (QTAIM) is described in the book:
  "Atoms in Molecules - A Quantum Theory"
  R.F.W. Bader, Oxford University Press, Oxford, 1990

For additional references see:  http://aim.tkgristmill.com/references.html

Wfn File:  /home/mhennefarth/Documents/ML_Diels/summary-levandowski2016/19-opt/19-opt.wfn
Sum File:  /home/mhennefarth/Documents/ML_Diels/summary-levandowski2016/19-opt/19-opt.sum

SumViz File:  /home/mhennefarth/Documents/ML_Diels/summary-levandowski2016/19-opt/19-opt.sumviz

Wfn Title:   Title Card Required                                                           
 
Total memory allocated for AIMSum =        0.929 Megabytes

Atomic units (a.u.) used throughout, except where stated otherwise

Model:  Restricted SCF
 
Restricted, closed-shell, single-determinant wavefunction.
  Number of electrons (from MO Occs)                   =          60.0000000000
  Number of Alpha electrons (from MO Occs)             =          30.0000000000
  Number of Beta electrons (from MO Occs)              =          30.0000000000
  Number of electron pairs (N*(N-1)/2)                 =        1770.0000000000
  Number of electron pairs (from Muller 2EDM)          =        1770.0000000000
 
Nuclear Charges and Cartesian Coordinates:
-------------------------------------------------------------------------------
Atom      Charge                X                  Y                  Z
-------------------------------------------------------------------------------
C1         6.0          -3.3350352900E+00  -2.8091942800E+00   1.2818891000E+00
H2         1.0          -3.4644214400E+00  -4.8286022200E+00   1.6277794900E+00
C3         6.0          -4.3362449100E+00  -1.7598418500E+00  -7.9306969000E-01
H4         1.0          -5.2250096700E+00  -2.9870214400E+00  -2.1902873900E+00
C5         6.0          -4.3929064000E+00   2.8460338200E+00   2.6217969000E-01
H6         1.0          -4.3434588400E+00   4.8079354900E+00  -3.4019509000E-01
C7         6.0          -4.3144937300E+00   9.4869654000E-01  -1.4116476100E+00
H8         1.0          -4.2754894300E+00   1.4064636600E+00  -3.4204084300E+00
C9         6.0           3.8172599600E+00  -3.3426220000E-02   2.3985987900E+00
H10        1.0           4.4979987100E+00  -6.9296211000E-01   4.2112175800E+00
C11        6.0           2.7630837200E+00   1.7695905700E+00   1.0872773200E+00
H12        1.0           1.9458854200E+00   3.6421574400E+00   1.0226069600E+00
C13        6.0           3.5642978600E+00  -4.7687968000E-01  -4.0845743000E-01
H14        1.0          -4.5407130000E+00   2.5005366400E+00   2.2819606700E+00
H15        1.0          -2.3257767400E+00  -1.6909037400E+00   2.6781739600E+00
H16        1.0           2.1342000600E+00  -1.7891525600E+00  -1.1149636700E+00
N17        7.0           5.6478703000E+00  -2.9536533000E-01  -2.1906322400E+00
H18        1.0           7.0340201300E+00   8.2389157000E-01  -1.4571876900E+00
H19        1.0           6.4319054000E+00  -2.0346588600E+00  -2.4648916600E+00
 
Some Atomic Properties:
----------------------
  q(A) = Net Charge of Atom A
  L(A) = Lagrangian of Atom A = -(1/4) Times Atomic Integral of the Laplacian of the Electron Density
  K(A) = Electronic Kinetic Energy of Atom A (Hamiltonian Form)
  K_Scaled(A) = K(A) * E(Mol)/K(Mol) = Approximation to Virial-Based Total Energy of Atom A.
  |Mu_Intra(A)| = Magnitude of Intraatomic Dipole Moment of Atom A
--------------------------------------------------------------------------------------------------
Atom A          q(A)              L(A)              K(A)          K_Scaled(A)      |Mu_Intra(A)|
--------------------------------------------------------------------------------------------------
C1       -8.8897276300E-02  6.4990239645E-06  3.7704585349E+01 -3.8084378735E+01  1.1421846830E-01
H2        4.0890736580E-02  2.1201723433E-05  5.9540597274E-01 -6.0140341970E-01  1.4839982669E-01
C3       -3.0491691600E-02  1.2606741860E-04  3.7701155200E+01 -3.8080914035E+01  7.4388530366E-02
H4        3.2979159970E-02  2.5447325896E-05  6.0230102723E-01 -6.0836792717E-01  1.5148366084E-01
C5       -9.0622168900E-02 -2.0428205515E-05  3.7703770416E+01 -3.8083555594E+01  1.1215976001E-01
H6        4.0904941990E-02  1.6310437708E-05  5.9527013760E-01 -6.0126621631E-01  1.4854741466E-01
C7       -2.6258282100E-02  9.9337063641E-05  3.7699950614E+01 -3.8079697316E+01  7.6368168730E-02
H8        3.5786093500E-02  2.4375494262E-05  6.0131615046E-01 -6.0737312987E-01  1.5077296517E-01
C9       -1.7832028770E-01 -2.6180083103E-05  3.7778833903E+01 -3.8159375185E+01  2.5093071158E-01
H10       9.7333612580E-02  1.7396164303E-05  5.6463974992E-01 -5.7032729271E-01  1.4971625373E-01
C11      -1.4664063010E-01  1.4603317609E-05  3.7772791628E+01 -3.8153272047E+01  2.3812264201E-01
H12       1.0464745353E-01  2.2304589504E-05  5.6245856715E-01 -5.6812413917E-01  1.4760553158E-01
C13       4.4628157480E-01 -1.7372550548E-04  3.7373885625E+01 -3.7750347916E+01  4.1085708970E-01
H14       4.1987277160E-02  1.9839702901E-05  5.9408124388E-01 -6.0006534702E-01  1.4886855422E-01
H15       4.7611911720E-02  4.6088297863E-05  5.9181990254E-01 -5.9778122748E-01  1.4640224709E-01
H16       2.8104482310E-02  3.2366772146E-05  6.1016916688E-01 -6.1631532158E-01  1.5308486208E-01
N17      -1.0343327782E+00 -2.0924774972E-05  5.4674940618E+01 -5.5225674187E+01  2.0726326917E-01
H18       3.3974748007E-01  3.4355278413E-05  4.7779556395E-01 -4.8260833655E-01  2.0538171021E-01
H19       3.3956601889E-01  3.7742530535E-05  4.7906105178E-01 -4.8388657148E-01  2.0190607008E-01
--------------------------------------------------------------------------------------------------
Total     2.7762820000E-04  3.0267657171E-04  3.2468423189E+02 -3.2795473394E+02
 
1st Largest |L(A)| = 1.7372550548E-04, atom C13     
2nd Largest |L(A)| = 1.2606741860E-04, atom C3      
 
Molecular charge q(Mol) from the wfn file:   0.0000000000E+00
Molecular energy E(Mol) from the wfn file:  -3.2795466427E+02
Molecular virial ratio (-V(Mol)/T(Mol)) from the wfn file:   2.0100728700E+00
Note.  K_Scaled(A) = (1+V(Mol)/T(Mol))*K(A) = (E(Mol)/T(Mol))*K(A)
       Only use K_Scaled(A) data with caution.
 
N_AIMInt(SumA)     =         59.999722
N_Analytic(Mol)    =         59.999991
 
G_AIMInt(SumA)     =        324.683929
G_Analytic(Mol)    =        324.684144
 
K_AIMInt(SumA)     =        324.684232
K_Analytic(Mol)    =        324.684144
 
L_AIMInt(SumA)     =          0.000303
L_Analytic(Mol)    =          0.000000
 
VenT_AIMInt(SumA)  =      -1394.841609
VenT_Analytic(Mol) =      -1394.844752
 
Some Information About the Atomic Calculations:
----------------------------------------------
  Time(sec) = "Elapsed User Time", in Seconds, for Atom A by AIMInt and, if used, by TWOe
  NProc = Number of Processors Used for AIMInt Job
  BIM = Basin Integration Method
  OAQ = Angular Quadrature Outside of Beta Sphere
  ORQ = Multiple of Default for Radial Quadrature Outside of Beta Sphere
  IAQ = Multiple of Default for Angular Quadrature Inside of Beta Sphere
  IRQ = Multiple of Default for Radial Quadrature Inside of Beta Sphere
  MIR = Maximum Integration Radius
------------------------------------------------------------------------------------------------------
Atom A     Time(sec)   NProc      BIM          OAQ                     ORQ      IAQ      IRQ      MIR
------------------------------------------------------------------------------------------------------
C1             59        8     Proaim(5)    4500(GS4)                  1.00     1.00     1.00    13.00
H2              8        8     Proaim(5)    1800(GS4)                  1.00     1.00     1.00    13.00
C3             46        8     Proaim(5)    4500(GS4)                  1.00     1.00     1.00    13.00
H4              7        8     Proaim(5)    1800(GS4)                  1.00     1.00     1.00    13.00
C5             56        8     Proaim(5)    4500(GS4)                  1.00     1.00     1.00    13.00
H6              7        8     Proaim(5)    1800(GS4)                  1.00     1.00     1.00    13.00
C7             49        8     Proaim(5)    4500(GS4)                  1.00     1.00     1.00    13.00
H8              9        8     Proaim(5)    1800(GS4)                  1.00     1.00     1.00    13.00
C9             42        8     Proaim(5)    4500(GS4)                  1.00     1.00     1.00    13.00
H10            13        8     Proaim(5)    1800(GS4)                  1.00     1.00     1.00    13.00
C11            69        8     Proaim(5)    4500(GS4)                  1.00     1.00     1.00    13.00
H12            17        8     Proaim(5)    1800(GS4)                  1.00     1.00     1.00    13.00
C13            45        8     Proaim(5)    4500(GS4)                  1.00     1.00     1.00    13.00
H14            10        8     Proaim(5)    1800(GS4)                  1.00     1.00     1.00    13.00
H15            28        8     Proaim(5)    4500(GS4)                  1.00     1.00     1.00    13.00
H16            26        8     Proaim(5)    4500(GS4)                  1.00     1.00     1.00    13.00
N17            28        8     Proaim(5)    4500(GS4)                  1.00     1.00     1.00    13.00
H18             7        8     Proaim(5)    1800(GS4)                  1.00     1.00     1.00    13.00
H19             7        8     Proaim(5)    1800(GS4)                  1.00     1.00     1.00    13.00
------------------------------------------------------------------------------------------------------
Total         533
Note:  Total wall clock time is less than total of atomic times if more than one atom
       was calculated at a time
 
Electron Density Critical Point Analysis of Molecular Structure:               
---------------------------------------------------------------                
  NACP = Nuclear Attractor Critical Point                                      
  NNACP = Non-Nuclear Attractor Critical Point                                 
  BCP = Bond Critical Point                                                    
  RCP = Ring Critical Point                                                    
  CCP = Cage Critical Point                                                    
  Rho = Electron Density                                                       
  GradRho = Gradient of Electron Density                                       
  HessRho_EigVals = Eigenvalues of the Hessian of Rho, Ascending Order         
  HessRho_EigVecs = Eigenvectors of the Hessian of Rho                         
  DelSqRho = Laplacian of Rho = Trace of Hessian of Rho                        
  Bond Ellipticity = (HessRho_EigVal(1) / HessRho_EigVal(2)) - 1               
  V = Virial Field = Potential Energy Density = Trace of Stress Tensor         
  G = Lagrangian Form of Kinetic Energy Density                                
  K = Hamiltonian Form of Kinetic Energy Density                               
  L = K - G = Lagrangian Density = (-1/4)DelSqRho                              
  Vnuc = Electrostatic Potential from Nuclei                                   
  Ven = Electron-nuclear attractive contribution to Virial Field V             
  Vrep = V - Ven = Repulsive contribution to Virial Field V                    
  DelSqV = Laplacian of V                                                      
  DelSqVen = Laplacian of Ven                                                  
  DelSqVrep = Laplacian of Vrep                                                
  DelSqG = Laplacian of G                                                      
  DelSqK = Laplacian of K                                                      
  Stress_EigVals = Eigenvalues of Stress Tensor, Ascending Order               
  Stress_EigVecs = Eigenvectors of Stress Tensor                               
  -DivStress = Ehrenfest Force Density = Minus Divergence of Stress Tensor     
  ESP = Total Electrostatic Potential                                          
  ESPe = Electrostatic Potential from Electrons                                
  ESPn = Electrostatic Potential from Nuclei                                   
  BP = Bond Path                                                               
  BPL = Bond Path Length                                                       
  GBL = Geometric Bond Length                                                  
  GBL_I = Distance Between Nuclear Attractors                                  
  GBL_II = Distance Between Nuclei                                             
  GBL_III = Sum of Distances Between BCP and Nuclear Attractors                
  GBL_IV = Sum of Distances Between BCP and Nuclei                             

CP# 1      Coords = -3.33503507959784E+00 -2.80919480613278E+00  1.28188976149414E+00
           Type = (3,-3) NACP C1
           Rho =  1.1768026802E+02     Rho at Nucleus =  1.1768026796E+02
           GradRho =  4.8354585743E-11 -1.0772744673E-10  1.1617707064E-10
           HessRho_EigVals = -1.4500931137E+05 -1.4500833644E+05 -1.4500819033E+05
           HessRho_EigVec1 =  8.3106553012E-01 -1.6421911679E-01 -5.3137761180E-01
           HessRho_EigVec2 =  3.1289853875E-01  9.2792711148E-01  2.0259758202E-01
           HessRho_EigVec3 =  4.5980929644E-01 -3.3463914516E-01  8.2255215849E-01
           DelSqRho = -4.3502583814E+05
           Bond Ellipticity = NA
           V = -1.0876669751E+05
           G =  5.1189876219E+00
           K =  1.0876157852E+05
           L =  1.0875645953E+05
           Vnuc =  6.8885608354E+06
           Ven = -8.1064768537E+08
           Vrep =  8.1053891867E+08
           DelSqV =  2.4953351728E+09
           DelSqVen =  2.9967020196E+12
           DelSqVrep = -2.9942066844E+12
           DelSqG =  1.3403675555E+08
           DelSqK = -2.6293719283E+09
           Stress_EigVals = -3.6255809196E+04 -3.6255712736E+04 -3.6255175579E+04
           Stress_EigVec1 =  4.1410772456E-01 -4.2046896438E-01  8.0729216672E-01
           Stress_EigVec2 =  3.3727303525E-01  8.9466054166E-01  2.9296657640E-01
           Stress_EigVec3 =  8.4543580014E-01 -1.5095815708E-01 -5.1229868501E-01
           -DivStress = -1.7246392972E+02  4.2874613496E+02 -5.3750432587E+02
           ESP =  -1.4747330651E+01     ESP at Nucleus =  -1.4747330662E+01
           ESPe = -2.4755834951E+01     ESPe at Nucleus = -2.4755836011E+01
           ESPn =  1.0008504300E+01     ESPn at Nucleus =  1.0008505349E+01

CP# 2      Coords = -3.46218421276328E+00 -4.79423201047533E+00  1.62192578789554E+00
           Type = (3,-3) NACP H2
           Rho =  4.2577064555E-01     Rho at Nucleus =  4.2208313337E-01
           GradRho =  5.0425346163E-10  7.7498018705E-09 -1.3191971384E-09
           HessRho_EigVals = -6.4853055134E+00 -6.4791746746E+00 -5.8853644663E+00
           HessRho_EigVec1 =  4.8775562308E-01  1.1645212072E-01  8.6517822195E-01
           HessRho_EigVec2 =  8.7068068901E-01 -1.3677969486E-01 -4.7244730168E-01
           HessRho_EigVec3 =  6.3321322993E-02  9.8373279840E-01 -1.6810767799E-01
           DelSqRho = -1.8849844654E+01
           Bond Ellipticity = NA
           V = -4.7217366305E+00
           G =  4.6377334570E-03
           K =  4.7170988970E+00
           L =  4.7124611636E+00
           Vnuc =  3.8881290829E+01
           Ven = -1.6554512296E+01
           Vrep =  1.1832775665E+01
           DelSqV =  7.0982901360E+02
           DelSqVen =  7.3290630495E+02
           DelSqVrep = -2.3077291348E+01
           DelSqG =  6.9883157779E+01
           DelSqK = -7.7971217138E+02
           Stress_EigVals = -1.6246557302E+00 -1.6241486230E+00 -1.4729322773E+00
           Stress_EigVec1 =  5.6527307721E-01  1.0502766100E-01  8.1819040486E-01
           Stress_EigVec2 =  8.2253451440E-01 -1.4688607254E-01 -5.4941919725E-01
           Stress_EigVec3 =  6.2476561965E-02  9.8356172766E-01 -1.6941961837E-01
           -DivStress = -5.0507017964E-01 -7.7692085826E+00  1.3244302191E+00
           ESP =  -1.1095906954E+00     ESP at Nucleus =  -1.1120585410E+00
           ESPe = -1.1367795020E+01     ESPe at Nucleus = -1.1288556524E+01
           ESPn =  1.0258204324E+01     ESPn at Nucleus =  1.0176497983E+01

CP# 3      Coords = -4.33624519344090E+00 -1.75984070902909E+00 -7.93070721732594E-01
           Type = (3,-3) NACP C3
           Rho =  1.1765937828E+02     Rho at Nucleus =  1.1765937810E+02
           GradRho = -1.6110985690E-10  6.1179577880E-10 -5.6554679481E-10
           HessRho_EigVals = -1.4497502921E+05 -1.4497409479E+05 -1.4497377041E+05
           HessRho_EigVec1 =  8.8261354803E-01 -5.9102884723E-02 -4.6636913904E-01
           HessRho_EigVec2 =  1.2160137426E-01  9.8700432648E-01  1.0505029889E-01
           HessRho_EigVec3 =  4.5409958227E-01 -1.4942994525E-01  8.7833038252E-01
           DelSqRho = -4.3492289440E+05
           Bond Ellipticity = NA
           V = -1.0874093457E+05
           G =  5.1054859184E+00
           K =  1.0873582909E+05
           L =  1.0873072360E+05
           Vnuc =  3.8359127317E+06
           Ven = -4.5133110714E+08
           Vrep =  4.5122236621E+08
           DelSqV =  2.4947373429E+09
           DelSqVen =  1.6683263427E+12
           DelSqVrep = -1.6658316135E+12
           DelSqG =  1.3399621630E+08
           DelSqK = -2.6287335592E+09
           Stress_EigVals = -3.6247249011E+04 -3.6247089403E+04 -3.6246596159E+04
           Stress_EigVec1 =  4.4373700737E-01 -2.2083795725E-01  8.6852061860E-01
           Stress_EigVec2 =  1.7433343210E-01  9.7191817645E-01  1.5805983913E-01
           Stress_EigVec3 =  8.7903658783E-01 -8.1275180289E-02 -4.6977550205E-01
           -DivStress =  2.2838183482E+02 -9.2897945037E+02  8.3531219766E+02
           ESP =  -1.4736544275E+01     ESP at Nucleus =  -1.4736544293E+01
           ESPe = -2.5497180939E+01     ESPe at Nucleus = -2.5497181068E+01
           ESPn =  1.0760636665E+01     ESPn at Nucleus =  1.0760636775E+01

CP# 4      Coords = -5.21025243717195E+00 -2.96649297268896E+00 -2.16715079428745E+00
           Type = (3,-3) NACP H4
           Rho =  4.2894802886E-01     Rho at Nucleus =  4.2535761223E-01
           GradRho =  3.8169566960E-09  5.3124796377E-09  5.9824664656E-09
           HessRho_EigVals = -6.5583433363E+00 -6.5506675640E+00 -5.9612213851E+00
           HessRho_EigVec1 =  1.7571768096E-01 -7.8879106321E-01  5.8900929975E-01
           HessRho_EigVec2 =  8.8523745323E-01 -1.3514441057E-01 -4.4507374636E-01
           HessRho_EigVec3 =  4.3067150823E-01  5.9962041901E-01  6.7452012950E-01
           DelSqRho = -1.9070232285E+01
           Bond Ellipticity = NA
           V = -4.7766252127E+00
           G =  4.5335706941E-03
           K =  4.7720916420E+00
           L =  4.7675580713E+00
           Vnuc =  3.9882695602E+01
           Ven = -1.7107603664E+01
           Vrep =  1.2330978451E+01
           DelSqV =  7.1890069886E+02
           DelSqVen =  7.6057228435E+02
           DelSqVrep = -4.1671585488E+01
           DelSqG =  7.0998977804E+01
           DelSqK = -7.8989967666E+02
           Stress_EigVals = -1.6427116292E+00 -1.6416523292E+00 -1.4922612543E+00
           Stress_EigVec1 =  2.6639004422E-01 -7.9938295817E-01  5.3853804929E-01
           Stress_EigVec2 =  8.6219921549E-01 -5.2136302844E-02 -5.0387927000E-01
           Stress_EigVec3 =  4.3086988424E-01  5.9855550463E-01  6.7533876739E-01
           -DivStress = -3.3739525124E+00 -4.6928736025E+00 -5.2899399298E+00
           ESP =  -1.1105133760E+00     ESP at Nucleus =  -1.1129223466E+00
           ESPe = -1.1813951392E+01     ESPe at Nucleus = -1.1731442476E+01
           ESPn =  1.0703438016E+01     ESPn at Nucleus =  1.0618520129E+01

CP# 5      Coords = -4.39290622459795E+00  2.84603460302732E+00  2.62180218905321E-01
           Type = (3,-3) NACP C5
           Rho =  1.1767691156E+02     Rho at Nucleus =  1.1767691149E+02
           GradRho = -5.8305345957E-12  1.8788945748E-10  1.0524267828E-10
           HessRho_EigVals = -1.4500455978E+05 -1.4500363197E+05 -1.4500347208E+05
           HessRho_EigVec1 =  9.9233695971E-01 -7.3629491895E-03  1.2334158003E-01
           HessRho_EigVec2 = -9.6283559047E-02 -6.7169285941E-01  7.3454624012E-01
           HessRho_EigVec3 = -7.7439231930E-02  7.4079314899E-01  6.6725458092E-01
           DelSqRho = -4.3501166383E+05
           Bond Ellipticity = NA
           V = -1.0876315157E+05
           G =  5.1178079852E+00
           K =  1.0875803377E+05
           L =  1.0875291596E+05
           Vnuc =  6.2431089300E+06
           Ven = -7.3466977742E+08
           Vrep =  7.3456101427E+08
           DelSqV =  2.4952535426E+09
           DelSqVen =  2.7158253650E+12
           DelSqVrep = -2.7133300869E+12
           DelSqG =  1.3403182639E+08
           DelSqK = -2.6292853690E+09
           Stress_EigVals = -3.6254626573E+04 -3.6254524599E+04 -3.6254000401E+04
           Stress_EigVec1 = -5.2826322229E-02  7.7458040177E-01  6.3026548443E-01
           Stress_EigVec2 = -7.4812679220E-02 -6.3244283519E-01  7.7098581261E-01
           Stress_EigVec3 =  9.9579739039E-01 -6.4235045386E-03  9.1358064131E-02
           -DivStress = -1.4125666415E+02 -6.3738681856E+02 -4.3003107408E+02
           ESP =  -1.4746624107E+01     ESP at Nucleus =  -1.4746624119E+01
           ESPe = -2.4482357799E+01     ESPe at Nucleus = -2.4482358904E+01
           ESPn =  9.7357336922E+00     ESPn at Nucleus =  9.7357347844E+00

CP# 6      Coords = -4.34431262515211E+00  4.77457022320065E+00 -3.29871408196056E-01
           Type = (3,-3) NACP H6
           Rho =  4.2565777268E-01     Rho at Nucleus =  4.2197144824E-01
           GradRho = -7.9915946820E-11 -3.1311752754E-09  9.6885807689E-10
           HessRho_EigVals = -6.4833686509E+00 -6.4770644902E+00 -5.8836380377E+00
           HessRho_EigVec1 = -3.3839459746E-02  2.9508870080E-01  9.5487043604E-01
           HessRho_EigVec2 =  9.9913577321E-01 -1.3085736880E-02  3.9452125075E-02
           HessRho_EigVec3 =  2.4137059613E-02  9.5538025003E-01 -2.9439086298E-01
           DelSqRho = -1.8844071179E+01
           Bond Ellipticity = NA
           V = -4.7203205972E+00
           G =  4.6514012502E-03
           K =  4.7156691960E+00
           L =  4.7110177947E+00
           Vnuc =  3.8788312215E+01
           Ven = -1.6510546583E+01
           Vrep =  1.1790225986E+01
           DelSqV =  7.0961206025E+02
           DelSqVen =  7.3092972164E+02
           DelSqVrep = -2.1317661389E+01
           DelSqG =  6.9859625124E+01
           DelSqK = -7.7947168537E+02
           Stress_EigVals = -1.6241501173E+00 -1.6236710952E+00 -1.4724993847E+00
           Stress_EigVec1 = -1.4405025677E-01  2.9326075593E-01  9.4511779824E-01
           Stress_EigVec2 =  9.8928057386E-01  1.9564473679E-02  1.4471066844E-01
           Stress_EigVec3 =  2.3947227730E-02  9.5583228675E-01 -2.9293543637E-01
           -DivStress =  1.9307390381E-01  7.5403225342E+00 -2.3316762614E+00
           ESP =  -1.1089319124E+00     ESP at Nucleus =  -1.1113986834E+00
           ESPe = -1.1273759742E+01     ESPe at Nucleus = -1.1196890403E+01
           ESPn =  1.0164827830E+01     ESPn at Nucleus =  1.0085491720E+01

CP# 7      Coords = -4.31449376563508E+00  9.48695065084897E-01 -1.41164804013420E+00
           Type = (3,-3) NACP C7
           Rho =  1.1765910437E+02     Rho at Nucleus =  1.1765910420E+02
           GradRho = -1.1507502145E-11 -7.7888769194E-10 -2.4429265452E-10
           HessRho_EigVals = -1.4497431801E+05 -1.4497336149E+05 -1.4497303950E+05
           HessRho_EigVec1 =  9.9884861567E-01  4.7972450827E-02  2.9484421332E-04
           HessRho_EigVec2 = -4.0821439563E-02  8.5315166000E-01 -5.2006331837E-01
           HessRho_EigVec3 = -2.5200258797E-02  5.1945248965E-01  8.5412765905E-01
           DelSqRho = -4.3492071900E+05
           Bond Ellipticity = NA
           V = -1.0874039028E+05
           G =  5.1052649641E+00
           K =  1.0873528502E+05
           L =  1.0873017975E+05
           Vnuc =  3.9043053967E+06
           Ven = -4.5937707616E+08
           Vrep =  4.5926833577E+08
           DelSqV =  2.4947244994E+09
           DelSqVen =  1.6980630569E+12
           DelSqVrep = -1.6955682996E+12
           DelSqG =  1.3399516127E+08
           DelSqK = -2.6287196606E+09
           Stress_EigVals = -3.6247068643E+04 -3.6246910575E+04 -3.6246411062E+04
           Stress_EigVec1 = -2.9358834691E-02  5.8780208100E-01  8.0847187483E-01
           Stress_EigVec2 = -1.6178623768E-02  8.0843513771E-01 -5.8836288144E-01
           Stress_EigVec3 =  9.9943799756E-01  3.0353610865E-02  1.4224884847E-02
           -DivStress =  2.8432079879E+01  1.1986748327E+03  3.4550245431E+02
           ESP =  -1.4736511615E+01     ESP at Nucleus =  -1.4736511633E+01
           ESPe = -2.5555381073E+01     ESPe at Nucleus = -2.5555381119E+01
           ESPn =  1.0818869459E+01     ESPn at Nucleus =  1.0818869486E+01

CP# 8      Coords = -4.27618408619987E+00  1.39867442897343E+00 -3.38694560005661E+00
           Type = (3,-3) NACP H8
           Rho =  4.2882842396E-01     Rho at Nucleus =  4.2522011736E-01
           GradRho = -6.6031013339E-11 -7.4039223972E-10  3.1757077993E-09
           HessRho_EigVals = -6.5563476395E+00 -6.5487590596E+00 -5.9575081380E+00
           HessRho_EigVec1 =  2.3839020562E-02  9.7340189139E-01  2.2786061297E-01
           HessRho_EigVec2 =  9.9950992798E-01 -2.7832240156E-02  1.4327256656E-02
           HessRho_EigVec3 = -2.0288050030E-02 -2.2740739710E-01  9.7358834770E-01
           DelSqRho = -1.9062614837E+01
           Bond Ellipticity = NA
           V = -4.7746801358E+00
           G =  4.5132132407E-03
           K =  4.7701669225E+00
           L =  4.7656537093E+00
           Vnuc =  4.0096859348E+01
           Ven = -1.7194673000E+01
           Vrep =  1.2419992864E+01
           DelSqV =  7.1852973842E+02
           DelSqVen =  7.6435099143E+02
           DelSqVrep = -4.5821253014E+01
           DelSqG =  7.0962301795E+01
           DelSqK = -7.8949204021E+02
           Stress_EigVals = -1.6422088273E+00 -1.6411515281E+00 -1.4913197804E+00
           Stress_EigVec1 = -7.6338656561E-02  9.7159815358E-01  2.2398535103E-01
           Stress_EigVec2 =  9.9687696038E-01  6.9817369603E-02  3.6903397832E-02
           Stress_EigVec3 = -2.0217205155E-02 -2.2610299172E-01  9.7389357825E-01
           -DivStress =  1.5875173713E-01  1.7795878193E+00 -7.6475332088E+00
           ESP =  -1.1109703576E+00     ESP at Nucleus =  -1.1133908696E+00
           ESPe = -1.2107992458E+01     ESPe at Nucleus = -1.2027749040E+01
           ESPn =  1.0997022100E+01     ESPn at Nucleus =  1.0914358170E+01

CP# 9      Coords =  3.81726000042788E+00 -3.34262902987473E-02  2.39859725671485E+00
           Type = (3,-3) NACP C9
           Rho =  1.1766910002E+02     Rho at Nucleus =  1.1766909985E+02
           GradRho =  3.0512592453E-11 -3.6018799054E-11 -7.7472428472E-10
           HessRho_EigVals = -1.4499262392E+05 -1.4499209567E+05 -1.4499090367E+05
           HessRho_EigVec1 =  8.5975647716E-01  3.7346647014E-01 -3.4834120582E-01
           HessRho_EigVec2 =  4.1486712826E-01 -1.1296164705E-01  9.0284269515E-01
           HessRho_EigVec3 = -2.9783227810E-01  9.2074017072E-01  2.5205846969E-01
           DelSqRho = -4.3497562326E+05
           Bond Ellipticity = NA
           V = -1.0875422500E+05
           G =  5.1595918011E+00
           K =  1.0874906541E+05
           L =  1.0874390581E+05
           Vnuc =  3.9077154973E+06
           Ven = -4.5981736570E+08
           Vrep =  4.5970861147E+08
           DelSqV =  2.4950455576E+09
           DelSqVen =  1.6997610947E+12
           DelSqVrep = -1.6972660491E+12
           DelSqG =  1.3401834029E+08
           DelSqK = -2.6290638979E+09
           Stress_EigVals = -3.6251707602E+04 -3.6251484605E+04 -3.6251032791E+04
           Stress_EigVec1 = -4.3379903823E-01  7.9965822603E-01 -4.1516878010E-01
           Stress_EigVec2 =  3.3878565287E-02  4.7493223005E-01  8.7937001295E-01
           Stress_EigVec3 =  9.0037249916E-01  3.6740454324E-01 -2.3311641804E-01
           -DivStress = -2.9299587773E+01  5.8868978717E+01  1.2511352768E+03
           ESP =  -1.4735538517E+01     ESP at Nucleus =  -1.4735538521E+01
           ESPe = -2.5466816268E+01     ESPe at Nucleus = -2.5466814003E+01
           ESPn =  1.0731277751E+01     ESPn at Nucleus =  1.0731275482E+01

CP# 10     Coords =  4.48619027996404E+00 -6.81393791000156E-01  4.17967753346067E+00
           Type = (3,-3) NACP H10
           Rho =  4.1459060098E-01     Rho at Nucleus =  4.1085234499E-01
           GradRho = -7.4085702850E-11  7.2352479476E-11 -1.9811113687E-10
           HessRho_EigVals = -6.3398269330E+00 -6.3377427602E+00 -5.7365085701E+00
           HessRho_EigVec1 =  4.3799585787E-01 -7.8114617079E-01 -4.4493852199E-01
           HessRho_EigVec2 = -8.3580893583E-01 -5.3609721561E-01  1.1841958536E-01
           HessRho_EigVec3 =  3.3103330840E-01 -3.2001630470E-01  8.8769730959E-01
           DelSqRho = -1.8414078263E+01
           Bond Ellipticity = NA
           V = -4.6130810793E+00
           G =  4.7807567280E-03
           K =  4.6083003226E+00
           L =  4.6035195658E+00
           Vnuc =  3.8503106468E+01
           Ven = -1.5963026050E+01
           Vrep =  1.1349944971E+01
           DelSqV =  6.9354105409E+02
           DelSqVen =  7.0899921623E+02
           DelSqVrep = -1.5458162137E+01
           DelSqG =  6.8506375936E+01
           DelSqK = -7.6204743003E+02
           Stress_EigVals = -1.5888593257E+00 -1.5880166052E+00 -1.4362051484E+00
           Stress_EigVec1 =  1.9631771898E-01 -8.9513174825E-01 -4.0024805620E-01
           Stress_EigVec2 =  9.2266176687E-01  3.0680452827E-01 -2.3359418956E-01
           Stress_EigVec3 =  3.3189549135E-01 -3.2343490026E-01  8.8613500558E-01
           -DivStress =  2.6108932549E+00 -2.5590269918E+00  6.9719111968E+00
           ESP =  -1.0731533164E+00     ESP at Nucleus =  -1.0757634982E+00
           ESPe = -1.1493900034E+01     ESPe at Nucleus = -1.1409491608E+01
           ESPn =  1.0420746717E+01     ESPn at Nucleus =  1.0333728110E+01

CP# 11     Coords =  2.76308443892454E+00  1.76958894445614E+00  1.08727621224424E+00
           Type = (3,-3) NACP C11
           Rho =  1.1765971475E+02     Rho at Nucleus =  1.1765971443E+02
           GradRho =  7.0761625726E-10 -1.5557409805E-09 -1.0525263439E-09
           HessRho_EigVals = -1.4497916027E+05 -1.4497863592E+05 -1.4497748491E+05
           HessRho_EigVec1 =  9.2905034094E-01  2.9011772363E-01 -2.2955864271E-01
           HessRho_EigVec2 = -2.5387062114E-01  9.5130749295E-01  1.7482494550E-01
           HessRho_EigVec3 =  2.6910067210E-01 -1.0414298001E-01  9.5746491737E-01
           DelSqRho = -4.3493528110E+05
           Bond Ellipticity = NA
           V = -1.0874415896E+05
           G =  5.1693437468E+00
           K =  1.0873898962E+05
           L =  1.0873382028E+05
           Vnuc =  2.8648402612E+06
           Ven = -3.3707628793E+08
           Vrep =  3.3696754377E+08
           DelSqV =  2.4948134865E+09
           DelSqVen =  1.2460200940E+12
           DelSqVrep = -1.2435252764E+12
           DelSqG =  1.3400404346E+08
           DelSqK = -2.6288175300E+09
           Stress_EigVals = -3.6248361843E+04 -3.6248118591E+04 -3.6247678528E+04
           Stress_EigVec1 = -4.1375071085E-01  6.7113535068E-01 -6.1513225435E-01
           Stress_EigVec2 = -9.4462401136E-02  6.4038420626E-01  7.6222367002E-01
           Stress_EigVec3 =  9.0547623052E-01  3.7347745506E-01 -2.0156236385E-01
           -DivStress = -5.8284209462E+02  1.3267428443E+03  9.0259074720E+02
           ESP =  -1.4734379121E+01     ESP at Nucleus =  -1.4734379129E+01
           ESPe = -2.5949740446E+01     ESPe at Nucleus = -2.5949737660E+01
           ESPn =  1.1215361325E+01     ESPn at Nucleus =  1.1215358530E+01

CP# 12     Coords =  1.96036219297325E+00  3.60931441024074E+00  1.02386733453401E+00
           Type = (3,-3) NACP H12
           Rho =  4.1508758875E-01     Rho at Nucleus =  4.1128180714E-01
           GradRho =  8.8210889418E-10 -2.0035330252E-09  7.4221361696E-11
           HessRho_EigVals = -6.3500697435E+00 -6.3475641063E+00 -5.7386702370E+00
           HessRho_EigVec1 =  9.6560292422E-02  7.4943075593E-02  9.9250171050E-01
           HessRho_EigVec2 =  9.1084743039E-01  3.9537534058E-01 -1.1847066561E-01
           HessRho_EigVec3 = -4.0128925786E-01  9.1545719479E-01 -3.0084149327E-02
           DelSqRho = -1.8436304087E+01
           Bond Ellipticity = NA
           V = -4.6183350257E+00
           G =  4.6295020202E-03
           K =  4.6137055237E+00
           L =  4.6090760217E+00
           Vnuc =  3.9220568058E+01
           Ven = -1.6279971024E+01
           Vrep =  1.1661635999E+01
           DelSqV =  6.9411543362E+02
           DelSqVen =  7.2308232256E+02
           DelSqVrep = -2.8966888940E+01
           DelSqG =  6.8590583283E+01
           DelSqK = -7.6270601690E+02
           Stress_EigVals = -1.5911935461E+00 -1.5904209567E+00 -1.4367205230E+00
           Stress_EigVec1 =  2.2897844130E-01  1.3542411714E-01  9.6396534269E-01
           Stress_EigVec2 =  8.8653398057E-01  3.7997257083E-01 -2.6396656363E-01
           Stress_EigVec3 = -4.0202782829E-01  9.1503068468E-01 -3.3052554625E-02
           -DivStress = -3.2047414253E+00  7.2693733185E+00 -2.8047801875E-01
           ESP =  -1.0767384608E+00     ESP at Nucleus =  -1.0793842474E+00
           ESPe = -1.2453170564E+01     ESPe at Nucleus = -1.2374406782E+01
           ESPn =  1.1376432103E+01     ESPn at Nucleus =  1.1295022534E+01

CP# 13     Coords =  3.56430032527509E+00 -4.76876611951071E-01 -4.08455220692185E-01
           Type = (3,-3) NACP C13
           Rho =  1.1740944561E+02     Rho at Nucleus =  1.1740944414E+02
           GradRho =  1.8494233922E-13  7.4487638280E-13 -2.5928148517E-12
           HessRho_EigVals = -1.4464593608E+05 -1.4464490177E+05 -1.4464427875E+05
           HessRho_EigVec1 = -5.1676710058E-01  1.8176290933E-01  8.3660863524E-01
           HessRho_EigVec2 =  7.5125630987E-01  5.6490646260E-01  3.4131311927E-01
           HessRho_EigVec3 = -4.1056755916E-01  8.0488690715E-01 -4.2847560731E-01
           DelSqRho = -4.3393511660E+05
           Bond Ellipticity = NA
           V = -1.0849391713E+05
           G =  5.0689887634E+00
           K =  1.0848884814E+05
           L =  1.0848377915E+05
           Vnuc =  1.3293616313E+06
           Ven = -1.5607961215E+08
           Vrep =  1.5597111823E+08
           DelSqV =  2.4890719044E+09
           DelSqVen =  5.7685668813E+11
           DelSqVrep = -5.7436761597E+11
           DelSqG =  1.3367071235E+08
           DelSqK = -2.6227426168E+09
           Stress_EigVals = -3.6164772781E+04 -3.6164695637E+04 -3.6164448710E+04
           Stress_EigVec1 =  5.2189215404E-01  8.2099253898E-01  2.3151637197E-01
           Stress_EigVec2 =  6.7481495776E-01 -5.6338916559E-01  4.7667328525E-01
           Stress_EigVec3 = -5.2177902635E-01  9.2541336842E-02  8.4804643071E-01
           -DivStress = -1.9942730295E+03 -2.4913114687E+03 -1.7916368008E+03
           ESP =  -1.4697922768E+01     ESP at Nucleus =  -1.4697922843E+01
           ESPe = -2.6602827381E+01     ESPe at Nucleus = -2.6602824212E+01
           ESPn =  1.1904904613E+01     ESPn at Nucleus =  1.1904901369E+01

CP# 14     Coords = -4.53815808431566E+00  2.50652691529748E+00  2.24756722687242E+00
           Type = (3,-3) NACP H14
           Rho =  4.2476565745E-01     Rho at Nucleus =  4.2107443679E-01
           GradRho =  5.9052708479E-10  1.3867466028E-09 -7.9595548909E-09
           HessRho_EigVals = -6.4673348453E+00 -6.4608937812E+00 -5.8679005873E+00
           HessRho_EigVec1 =  3.9550280503E-02  9.8399031349E-01  1.7377812944E-01
           HessRho_EigVec2 =  9.9658900608E-01 -5.1451606760E-02  6.4521973873E-02
           HessRho_EigVec3 = -7.2430161278E-02 -1.7063351114E-01  9.8266885400E-01
           DelSqRho = -1.8796129214E+01
           Bond Ellipticity = NA
           V = -4.7083952084E+00
           G =  4.6814524895E-03
           K =  4.7037137559E+00
           L =  4.6990323034E+00
           Vnuc =  3.9517087456E+01
           Ven = -1.6785501634E+01
           Vrep =  1.2077106425E+01
           DelSqV =  7.0773275348E+02
           DelSqVen =  7.4276829517E+02
           DelSqVrep = -3.5035541688E+01
           DelSqG =  6.9652786357E+01
           DelSqK = -7.7738553983E+02
           Stress_EigVals = -1.6201324646E+00 -1.6195988533E+00 -1.4686638905E+00
           Stress_EigVec1 = -5.1669733810E-02  9.8484000486E-01  1.6559107296E-01
           Stress_EigVec2 =  9.9595339776E-01  3.8607205724E-02  8.1156103627E-02
           Stress_EigVec3 = -7.3532768870E-02 -1.6911430603E-01  9.8284957313E-01
           -DivStress = -5.7580652274E-01 -1.3494450505E+00  7.7528114450E+00
           ESP =  -1.1102733386E+00     ESP at Nucleus =  -1.1127302823E+00
           ESPe = -1.2059662367E+01     ESPe at Nucleus = -1.1990722902E+01
           ESPn =  1.0949389028E+01     ESPn at Nucleus =  1.0877992620E+01

CP# 15     Coords = -2.34315946562773E+00 -1.71016591826163E+00  2.65433389282275E+00
           Type = (3,-3) NACP H15
           Rho =  4.2421280775E-01     Rho at Nucleus =  4.2047953566E-01
           GradRho =  1.1579406257E-15  5.1626658135E-16  9.7628509281E-16
           HessRho_EigVals = -6.4580043025E+00 -6.4516039889E+00 -5.8551248202E+00
           HessRho_EigVec1 =  1.3303835040E-01 -8.1650659408E-01  5.6179869984E-01
           HessRho_EigVec2 =  8.5998608988E-01 -1.8666837059E-01 -4.7495141291E-01
           HessRho_EigVec3 =  4.9267100841E-01  5.4632581968E-01  6.7735026111E-01
           DelSqRho = -1.8764733112E+01
           Bond Ellipticity = NA
           V = -4.7005393247E+00
           G =  4.6780233867E-03
           K =  4.6958613013E+00
           L =  4.6911832779E+00
           Vnuc =  4.0187599279E+01
           Ven = -1.7048094327E+01
           Vrep =  1.2347555002E+01
           DelSqV =  7.0634202071E+02
           DelSqVen =  7.5410957486E+02
           DelSqVrep = -4.7767554157E+01
           DelSqG =  6.9514743331E+01
           DelSqK = -7.7585676404E+02
           Stress_EigVals = -1.6177945103E+00 -1.6172534642E+00 -1.4654913502E+00
           Stress_EigVec1 =  2.0964368962E-01 -8.3091221909E-01  5.1539732981E-01
           Stress_EigVec2 =  8.4396289719E-01 -1.1239600950E-01 -5.2449381809E-01
           Stress_EigVec3 =  4.9373692546E-01  5.4493304288E-01  6.7769596960E-01
           -DivStress =  3.9119335074E+00  4.3342016111E+00  5.3655202804E+00
           ESP =  -1.1115203904E+00     ESP at Nucleus =  -1.1139980281E+00
           ESPe = -1.2918639728E+01     ESPe at Nucleus = -1.2860223725E+01
           ESPn =  1.1807119338E+01     ESPn at Nucleus =  1.1746225697E+01

CP# 16     Coords =  2.15797902607692E+00 -1.76744389709886E+00 -1.10302669512854E+00
           Type = (3,-3) NACP H16
           Rho =  4.3255376868E-01     Rho at Nucleus =  4.2892740885E-01
           GradRho =  9.6385573134E-17 -5.7289242794E-16  2.0480579038E-16
           HessRho_EigVals = -6.6039847265E+00 -6.5929591913E+00 -5.9960140218E+00
           HessRho_EigVec1 = -5.2616009734E-01  1.1318279588E-01  8.4281979490E-01
           HessRho_EigVec2 = -4.9413250387E-01  7.6592161891E-01 -4.1133580237E-01
           HessRho_EigVec3 =  6.9209003792E-01  6.3289314138E-01  3.4707009524E-01
           DelSqRho = -1.9192957940E+01
           Bond Ellipticity = NA
           V = -4.8077592081E+00
           G =  4.7598615997E-03
           K =  4.8029993465E+00
           L =  4.7982394849E+00
           Vnuc =  4.1741191336E+01
           Ven = -1.8055309622E+01
           Vrep =  1.3247550413E+01
