AIMSum (Version 19.02.13, Professional)
Copyright (c) 1997-2019 by Todd A. Keith
AIMSum is a component of the AIMAll package ( http://aim.tkgristmill.com )

TP:  64-bit Linux

Much of the Quantum Theory of Atoms in Molecules (QTAIM) is described in the book:
  "Atoms in Molecules - A Quantum Theory"
  R.F.W. Bader, Oxford University Press, Oxford, 1990

For additional references see:  http://aim.tkgristmill.com/references.html

Wfn File:  /home/mhennefarth/Documents/ML_Diels/summary-levandowski2016/2-opt/2-opt.wfn
Sum File:  /home/mhennefarth/Documents/ML_Diels/summary-levandowski2016/2-opt/2-opt.sum

SumViz File:  /home/mhennefarth/Documents/ML_Diels/summary-levandowski2016/2-opt/2-opt.sumviz

Wfn Title:   Title Card Required                                                           
 
Total memory allocated for AIMSum =        0.964 Megabytes

Atomic units (a.u.) used throughout, except where stated otherwise

Model:  Restricted SCF
 
Restricted, closed-shell, single-determinant wavefunction.
  Number of electrons (from MO Occs)                   =          68.0000000000
  Number of Alpha electrons (from MO Occs)             =          34.0000000000
  Number of Beta electrons (from MO Occs)              =          34.0000000000
  Number of electron pairs (N*(N-1)/2)                 =        2278.0000000000
  Number of electron pairs (from Muller 2EDM)          =        2278.0000000000
 
Nuclear Charges and Cartesian Coordinates:
-------------------------------------------------------------------------------
Atom      Charge                X                  Y                  Z
-------------------------------------------------------------------------------
C1         6.0          -5.6761702000E+00   1.2649430600E+00  -2.6018710500E+00
H2         1.0          -5.5476298400E+00   2.6173530000E+00  -4.1407759000E+00
C3         6.0          -5.2465841500E+00   1.9511070600E+00  -2.0130124000E-01
H4         1.0          -4.8283961400E+00   3.9299634800E+00   1.9429632000E-01
C5         6.0          -4.7945276400E+00  -2.1929642900E+00   2.0317310900E+00
H6         1.0          -4.9415703100E+00  -3.3072613900E+00   3.7490768100E+00
C7         6.0          -5.3416987200E+00   2.7818118000E-01   2.0147248600E+00
H8         1.0          -5.8673420200E+00   1.1835225900E+00   3.7893705900E+00
C9         6.0           1.4067514400E+00  -1.0679884300E+00  -1.5471858400E+00
H10        1.0          -3.0592412000E-01  -1.6021443000E-01  -2.1860560800E+00
C11        6.0           3.1265808300E+00  -2.7825109400E+00  -1.7740926600E+00
H12        1.0           3.9225138800E+00  -4.3809329000E+00  -2.7606039500E+00
C13        6.0           3.4450758800E+00  -1.0355124200E+00   4.9864661000E-01
H14        1.0          -4.1546532500E+00  -3.1779847300E+00   3.4594604000E-01
H15        1.0          -6.2148748100E+00  -6.5423426000E-01  -3.0997229600E+00
H16        1.0           2.9070869900E+00  -1.8124114500E+00   2.3479596000E+00
Si17      14.0           5.9627943000E+00   1.4778985900E+00   6.5406433000E-01
H18        1.0           5.1395740300E+00   3.6805424900E+00   2.2120974200E+00
H19        1.0           8.3426325800E+00   4.9648442000E-01   1.8072713700E+00
H20        1.0           6.5528981500E+00   2.4030616300E+00  -1.9396704700E+00
 
Some Atomic Properties:
----------------------
  q(A) = Net Charge of Atom A
  L(A) = Lagrangian of Atom A = -(1/4) Times Atomic Integral of the Laplacian of the Electron Density
  K(A) = Electronic Kinetic Energy of Atom A (Hamiltonian Form)
  K_Scaled(A) = K(A) * E(Mol)/K(Mol) = Approximation to Virial-Based Total Energy of Atom A.
  |Mu_Intra(A)| = Magnitude of Intraatomic Dipole Moment of Atom A
--------------------------------------------------------------------------------------------------
Atom A          q(A)              L(A)              K(A)          K_Scaled(A)      |Mu_Intra(A)|
--------------------------------------------------------------------------------------------------
C1       -9.6548083400E-02  3.1411760834E-05  3.7706894659E+01 -3.7966390114E+01  1.1788993059E-01
H2        4.5397917710E-02  1.9789919588E-05  5.9351708802E-01 -5.9760161920E-01  1.4737176941E-01
C3       -3.2840553200E-02 -1.3688071549E-04  3.7703156211E+01 -3.7962625939E+01  7.5367651509E-02
H4        3.6967383770E-02  2.7123669754E-05  6.0093994003E-01 -6.0507555461E-01  1.5038339853E-01
C5       -8.4811781100E-02 -1.5745577013E-04  3.7703341736E+01 -3.7962812740E+01  1.1068424285E-01
H6        4.5360504130E-02  2.0404667922E-05  5.9376697447E-01 -5.9785322535E-01  1.4734614451E-01
C7       -2.8915785800E-02 -2.5027582473E-04  3.7700621937E+01 -3.7960074224E+01  7.7616056812E-02
H8        3.5896042810E-02  2.5513104432E-05  6.0133367677E-01 -6.0547200101E-01  1.5071679488E-01
C9       -1.3480975890E-01 -2.7462343767E-05  3.7756276772E+01 -3.8016112071E+01  2.7170076409E-01
H10       1.3244391223E-01  3.4766716687E-05  5.5147880880E-01 -5.5527403633E-01  1.3886163287E-01
C11      -1.3947610070E-01 -5.9485073470E-05  3.7756667912E+01 -3.8016505902E+01  2.4532364912E-01
H12       1.1354067540E-01  2.2004886653E-05  5.5981079530E-01 -5.6366336281E-01  1.4499382562E-01
C13      -6.6083585310E-01  1.8341086603E-05  3.7828557822E+01 -3.8088890552E+01  1.4232345022E+00
H14       4.3718547600E-02  3.0947011694E-05  5.9339886300E-01 -5.9748258057E-01  1.4698538636E-01
H15       4.4252606820E-02  2.8440981279E-05  5.9312368181E-01 -5.9720550561E-01  1.4802557283E-01
H16       9.3347710600E-03  3.2593754485E-05  6.1250908516E-01 -6.1672431756E-01  1.6004646554E-01
Si17      2.7029289440E+00  3.4403526119E-05  2.8763908118E+02 -2.8961858745E+02  3.3139156485E-02
H18      -6.7835811780E-01  1.8665128355E-05  7.8469435936E-01 -7.9009455531E-01  3.7718144166E-01
H19      -6.7842227270E-01  2.2553347743E-05  7.8472092168E-01 -7.9012130044E-01  3.7733753340E-01
H20      -6.7507537070E-01  2.3547104518E-05  7.8452539963E-01 -7.8992443282E-01  3.7544385726E-01
--------------------------------------------------------------------------------------------------
Total    -2.5237187000E-04 -2.4105306092E-04  5.5944841782E+02 -5.6329849148E+02
 
1st Largest |L(A)| = 2.5027582473E-04, atom C7      
2nd Largest |L(A)| = 1.5745577013E-04, atom C5      
 
Molecular charge q(Mol) from the wfn file:   0.0000000000E+00
Molecular energy E(Mol) from the wfn file:  -5.6329853346E+02
Molecular virial ratio (-V(Mol)/T(Mol)) from the wfn file:   2.0068819100E+00
Note.  K_Scaled(A) = (1+V(Mol)/T(Mol))*K(A) = (E(Mol)/T(Mol))*K(A)
       Only use K_Scaled(A) data with caution.
 
N_AIMInt(SumA)     =         68.000252
N_Analytic(Mol)    =         67.999990
 
G_AIMInt(SumA)     =        559.448659
G_Analytic(Mol)    =        559.448435
 
K_AIMInt(SumA)     =        559.448418
K_Analytic(Mol)    =        559.448435
 
L_AIMInt(SumA)     =         -0.000241
L_Analytic(Mol)    =          0.000000
 
VenT_AIMInt(SumA)  =      -2048.642532
VenT_Analytic(Mol) =      -2048.639364
 
Some Information About the Atomic Calculations:
----------------------------------------------
  Time(sec) = "Elapsed User Time", in Seconds, for Atom A by AIMInt and, if used, by TWOe
  NProc = Number of Processors Used for AIMInt Job
  BIM = Basin Integration Method
  OAQ = Angular Quadrature Outside of Beta Sphere
  ORQ = Multiple of Default for Radial Quadrature Outside of Beta Sphere
  IAQ = Multiple of Default for Angular Quadrature Inside of Beta Sphere
  IRQ = Multiple of Default for Radial Quadrature Inside of Beta Sphere
  MIR = Maximum Integration Radius
------------------------------------------------------------------------------------------------------
Atom A     Time(sec)   NProc      BIM          OAQ                     ORQ      IAQ      IRQ      MIR
------------------------------------------------------------------------------------------------------
C1             35        8     Proaim(5)    4500(GS4)                  1.00     1.00     1.00    13.00
H2              5        8     Proaim(5)    1800(GS4)                  1.00     1.00     1.00    13.00
C3             39        8     Proaim(5)    4500(GS4)                  1.00     1.00     1.00    13.00
H4              7        8     Proaim(5)    1800(GS4)                  1.00     1.00     1.00    13.00
C5             29        8     Proaim(5)    4500(GS4)                  1.00     1.00     1.00    13.00
H6              6        8     Proaim(5)    1800(GS4)                  1.00     1.00     1.00    13.00
C7             25        8     Proaim(5)    4500(GS4)                  1.00     1.00     1.00    13.00
H8              7        8     Proaim(5)    1800(GS4)                  1.00     1.00     1.00    13.00
C9             33        8     Proaim(5)    4500(GS4)                  1.00     1.00     1.00    13.00
H10            16        8     Proaim(5)    4500(GS4)                  1.00     1.00     1.00    13.00
C11            22        8     Proaim(5)    4500(GS4)                  1.00     1.00     1.00    13.00
H12             5        8     Proaim(5)    1800(GS4)                  1.00     1.00     1.00    13.00
C13            38        8     Proaim(5)    4500(GS4)                  1.00     1.00     1.00    13.00
H14            20        8     Proaim(5)    4500(GS4)                  1.00     1.00     1.00    13.00
H15             7        8     Proaim(5)    1800(GS4)                  1.00     1.00     1.00    13.00
H16             8        8     Proaim(5)    1800(GS4)                  1.00     1.00     1.00    13.00
Si17           34        8     Proaim(5)    4500(GS4)                  1.00     1.00     1.00    13.00
H18            10        8     Proaim(5)    1800(GS4)                  1.00     1.00     1.00    13.00
H19             9        8     Proaim(5)    1800(GS4)                  1.00     1.00     1.00    13.00
H20             8        8     Proaim(5)    1800(GS4)                  1.00     1.00     1.00    13.00
------------------------------------------------------------------------------------------------------
Total         363
Note:  Total wall clock time is less than total of atomic times if more than one atom
       was calculated at a time
 
Electron Density Critical Point Analysis of Molecular Structure:               
---------------------------------------------------------------                
  NACP = Nuclear Attractor Critical Point                                      
  NNACP = Non-Nuclear Attractor Critical Point                                 
  BCP = Bond Critical Point                                                    
  RCP = Ring Critical Point                                                    
  CCP = Cage Critical Point                                                    
  Rho = Electron Density                                                       
  GradRho = Gradient of Electron Density                                       
  HessRho_EigVals = Eigenvalues of the Hessian of Rho, Ascending Order         
  HessRho_EigVecs = Eigenvectors of the Hessian of Rho                         
  DelSqRho = Laplacian of Rho = Trace of Hessian of Rho                        
  Bond Ellipticity = (HessRho_EigVal(1) / HessRho_EigVal(2)) - 1               
  V = Virial Field = Potential Energy Density = Trace of Stress Tensor         
  G = Lagrangian Form of Kinetic Energy Density                                
  K = Hamiltonian Form of Kinetic Energy Density                               
  L = K - G = Lagrangian Density = (-1/4)DelSqRho                              
  Vnuc = Electrostatic Potential from Nuclei                                   
  Ven = Electron-nuclear attractive contribution to Virial Field V             
  Vrep = V - Ven = Repulsive contribution to Virial Field V                    
  DelSqV = Laplacian of V                                                      
  DelSqVen = Laplacian of Ven                                                  
  DelSqVrep = Laplacian of Vrep                                                
  DelSqG = Laplacian of G                                                      
  DelSqK = Laplacian of K                                                      
  Stress_EigVals = Eigenvalues of Stress Tensor, Ascending Order               
  Stress_EigVecs = Eigenvectors of Stress Tensor                               
  -DivStress = Ehrenfest Force Density = Minus Divergence of Stress Tensor     
  ESP = Total Electrostatic Potential                                          
  ESPe = Electrostatic Potential from Electrons                                
  ESPn = Electrostatic Potential from Nuclei                                   
  BP = Bond Path                                                               
  BPL = Bond Path Length                                                       
  GBL = Geometric Bond Length                                                  
  GBL_I = Distance Between Nuclear Attractors                                  
  GBL_II = Distance Between Nuclei                                             
  GBL_III = Sum of Distances Between BCP and Nuclear Attractors                
  GBL_IV = Sum of Distances Between BCP and Nuclei                             

CP# 1      Coords = -5.67616999054376E+00  1.26494284264006E+00 -2.60187190578323E+00
           Type = (3,-3) NACP C1
           Rho =  1.1768459692E+02     Rho at Nucleus =  1.1768459686E+02
           GradRho =  8.3945801699E-11 -2.4471161209E-11 -1.6085349719E-10
           HessRho_EigVals = -1.4501656109E+05 -1.4501561357E+05 -1.4501546771E+05
           HessRho_EigVec1 =  9.5259357514E-01 -2.7732886222E-01 -1.2511667667E-01
           HessRho_EigVec2 =  2.3043764469E-01  9.2618232289E-01 -2.9847076351E-01
           HessRho_EigVec3 =  1.9865541148E-01  2.5548973940E-01  9.4618234001E-01
           DelSqRho = -4.3504764238E+05
           Bond Ellipticity = NA
           V = -1.0877215367E+05
           G =  5.1215361394E+00
           K =  1.0876703213E+05
           L =  1.0876191059E+05
           Vnuc =  6.6118776044E+06
           Ven = -7.7811615077E+08
           Vrep =  7.7800737861E+08
           DelSqV =  2.4954618912E+09
           DelSqVen =  2.8764814705E+12
           DelSqVrep = -2.8739860086E+12
           DelSqG =  1.3404533295E+08
           DelSqK = -2.6295072242E+09
           Stress_EigVals = -3.6257626277E+04 -3.6257527961E+04 -3.6256999428E+04
           Stress_EigVec1 =  1.7930090569E-01  2.2002433327E-01  9.5887458929E-01
           Stress_EigVec2 =  2.1433416172E-01  9.4252075788E-01 -2.5635032298E-01
           Stress_EigVec3 =  9.6016251350E-01 -2.5148342638E-01 -1.2183609449E-01
           -DivStress = -1.6828840291E+02  1.7586704427E+02  6.9656886525E+02
           ESP =  -1.4738958928E+01     ESP at Nucleus =  -1.4738958939E+01
           ESPe = -2.4867037648E+01     ESPe at Nucleus = -2.4867038584E+01
           ESPn =  1.0128078720E+01     ESPn at Nucleus =  1.0128079645E+01

CP# 2      Coords = -5.54983734251808E+00  2.59420409424726E+00 -4.11450887025034E+00
           Type = (3,-3) NACP H2
           Rho =  4.2513210797E-01     Rho at Nucleus =  4.2142180918E-01
           GradRho = -1.0842021725E-16 -2.3210600109E-15 -2.0383000843E-16
           HessRho_EigVals = -6.4732709248E+00 -6.4670053017E+00 -5.8717251221E+00
           HessRho_EigVec1 =  2.2948210790E-01  7.2117406106E-01  6.5364052491E-01
           HessRho_EigVec2 =  9.7130606156E-01 -2.1278646787E-01 -1.0623772335E-01
           HessRho_EigVec3 = -6.2469968161E-02 -6.5926466062E-01  7.4931142413E-01
           DelSqRho = -1.8812001349E+01
           Bond Ellipticity = NA
           V = -4.7122582259E+00
           G =  4.6289443569E-03
           K =  4.7076292815E+00
           L =  4.7030003372E+00
           Vnuc =  3.9072150800E+01
           Ven = -1.6610825833E+01
           Vrep =  1.1898567607E+01
           DelSqV =  7.0825602267E+02
           DelSqVen =  7.3502535355E+02
           DelSqVrep = -2.6769330882E+01
           DelSqG =  6.9708729496E+01
           DelSqK = -7.7796475216E+02
           Stress_EigVals = -1.6216264959E+00 -1.6211245043E+00 -1.4695072257E+00
           Stress_EigVec1 =  3.2276954809E-01  6.9810607619E-01  6.3911479815E-01
           Stress_EigVec2 =  9.4444256393E-01 -2.8181428368E-01 -1.6914181313E-01
           Stress_EigVec3 = -6.2032751547E-02 -6.5820104520E-01  7.5028216148E-01
           -DivStress =  4.9795637589E-01  5.2213105682E+00 -5.9266146266E+00
           ESP =  -1.1014684373E+00     ESP at Nucleus =  -1.1039506180E+00
           ESPe = -1.1668452235E+01     ESPe at Nucleus = -1.1591425407E+01
           ESPn =  1.0566983798E+01     ESPn at Nucleus =  1.0487474789E+01

CP# 3      Coords = -5.24658398012255E+00  1.95110682216671E+00 -2.01299816655592E-01
           Type = (3,-3) NACP C3
           Rho =  1.1766710789E+02     Rho at Nucleus =  1.1766710774E+02
           GradRho =  1.0146961743E-10 -1.0039158393E-10  6.7619487787E-10
           HessRho_EigVals = -1.4498621861E+05 -1.4498521637E+05 -1.4498490813E+05
           HessRho_EigVec1 =  9.7668044614E-01 -1.5336114362E-01 -1.5025200750E-01
           HessRho_EigVec2 =  4.4856207807E-02  8.3014309211E-01 -5.5574307665E-01
           HessRho_EigVec3 =  2.0996005989E-01  5.3604366077E-01  8.1766372489E-01
           DelSqRho = -4.3495634312E+05
           Bond Ellipticity = NA
           V = -1.0874929480E+05
           G =  5.1045116802E+00
           K =  1.0874419029E+05
           L =  1.0873908578E+05
           Vnuc =  4.1292781698E+06
           Ven = -4.8588021993E+08
           Vrep =  4.8577147064E+08
           DelSqV =  2.4949301226E+09
           DelSqVen =  1.7960554988E+12
           DelSqVrep = -1.7935605031E+12
           DelSqG =  1.3400809209E+08
           DelSqK = -2.6289382147E+09
           Stress_EigVals = -3.6250037435E+04 -3.6249883881E+04 -3.6249373486E+04
           Stress_EigVec1 =  2.0002487070E-01  4.6381897673E-01  8.6305388472E-01
           Stress_EigVec2 =  8.4591456738E-02  8.6939109720E-01 -4.8682995549E-01
           Stress_EigVec3 =  9.7613233557E-01 -1.7038508425E-01 -1.3466471890E-01
           -DivStress = -1.3677679274E+02  1.9667151904E+02 -1.1555447164E+03
           ESP =  -1.4728244201E+01     ESP at Nucleus =  -1.4728244218E+01
           ESPe = -2.6029998557E+01     ESPe at Nucleus = -2.6029998516E+01
           ESPn =  1.1301754356E+01     ESPn at Nucleus =  1.1301754298E+01

CP# 4      Coords = -4.83538716776955E+00  3.89689886000146E+00  1.87830905704635E-01
           Type = (3,-3) NACP H4
           Rho =  4.2872886193E-01     Rho at Nucleus =  4.2511283175E-01
           GradRho = -4.3901515930E-10 -2.0764681381E-09 -4.0517743674E-10
           HessRho_EigVals = -6.5540639195E+00 -6.5464551698E+00 -5.9545827912E+00
           HessRho_EigVec1 =  3.5459701734E-02 -1.9800585896E-01  9.7955923219E-01
           HessRho_EigVec2 =  9.7847071076E-01 -1.9253276611E-01 -7.4338429876E-02
           HessRho_EigVec3 =  2.0331669321E-01  9.6110603670E-01  1.8691577909E-01
           DelSqRho = -1.9055101881E+01
           Bond Ellipticity = NA
           V = -4.7727831303E+00
           G =  4.5038300935E-03
           K =  4.7682793002E+00
           L =  4.7637754701E+00
           Vnuc =  4.0616875114E+01
           Ven = -1.7413626643E+01
           Vrep =  1.2640843513E+01
           DelSqV =  7.1819689651E+02
           DelSqVen =  7.7395869701E+02
           DelSqVrep = -5.5761800501E+01
           DelSqG =  7.0923397202E+01
           DelSqK = -7.8912029371E+02
           Stress_EigVals = -1.6416448315E+00 -1.6405445429E+00 -1.4905937559E+00
           Stress_EigVec1 =  1.2982435927E-01 -2.1699685362E-01  9.6750090504E-01
           Stress_EigVec2 =  9.7045711409E-01 -1.7232412196E-01 -1.6887091728E-01
           Stress_EigVec3 =  2.0336820168E-01  9.6084169482E-01  1.8821427161E-01
           -DivStress =  1.5972155610E+00  7.5531304521E+00  1.4774779303E+00
           ESP =  -1.1030687566E+00     ESP at Nucleus =  -1.1054937209E+00
           ESPe = -1.2657360963E+01     ESPe at Nucleus = -1.2578086150E+01
           ESPn =  1.1554292206E+01     ESPn at Nucleus =  1.1472592429E+01

CP# 5      Coords = -4.79452759613836E+00 -2.19296514529958E+00  2.03173115260599E+00
           Type = (3,-3) NACP C5
           Rho =  1.1767858424E+02     Rho at Nucleus =  1.1767858419E+02
           GradRho =  5.7922409924E-11 -1.4241854918E-10 -1.1156419538E-11
           HessRho_EigVals = -1.4500639436E+05 -1.4500540322E+05 -1.4500524886E+05
           HessRho_EigVec1 =  9.3205262939E-01  2.5006333999E-01  2.6219500767E-01
           HessRho_EigVec2 = -2.6203279023E-01 -3.4563086306E-02  9.6443984256E-01
           HessRho_EigVec3 = -2.5023331693E-01  9.6761238058E-01 -3.3310179239E-02
           DelSqRho = -4.3501704644E+05
           Bond Ellipticity = NA
           V = -1.0876449359E+05
           G =  5.1159901823E+00
           K =  1.0875937760E+05
           L =  1.0875426161E+05
           Vnuc =  6.9872455582E+06
           Ven = -8.2224916505E+08
           Vrep =  8.2214040056E+08
           DelSqV =  2.4952839308E+09
           DelSqVen =  3.0395706900E+12
           DelSqVrep = -3.0370751440E+12
           DelSqG =  1.3403321967E+08
           DelSqK = -2.6293171505E+09
           Stress_EigVals = -3.6255078461E+04 -3.6254977859E+04 -3.6254437269E+04
           Stress_EigVec1 = -2.2579347297E-01  9.7228944488E-01 -6.0585005884E-02
           Stress_EigVec2 = -2.4901747197E-01  2.5196188094E-03  9.6849571510E-01
           Stress_EigVec3 =  9.4181081233E-01  2.3376673607E-01  2.4154814610E-01
           -DivStress = -3.6658275243E+01  6.9590105911E+02 -5.1986037962E+01
           ESP =  -1.4740638664E+01     ESP at Nucleus =  -1.4740638675E+01
           ESPe = -2.5158496682E+01     ESPe at Nucleus = -2.5158497720E+01
           ESPn =  1.0417858018E+01     ESPn at Nucleus =  1.0417859045E+01

CP# 6      Coords = -4.93902891270931E+00 -3.28825922692510E+00  3.71969120403427E+00
           Type = (3,-3) NACP H6
           Rho =  4.2539708086E-01     Rho at Nucleus =  4.2168298494E-01
           GradRho =  1.8336027141E-15  6.8512903684E-15 -1.0470790901E-14
           HessRho_EigVals = -6.4783090467E+00 -6.4721298324E+00 -5.8759996382E+00
           HessRho_EigVec1 = -2.7905675384E-01  8.1665333804E-01  5.0517784354E-01
           HessRho_EigVec2 =  9.5758188320E-01  1.9728549700E-01  2.1003659118E-01
           HessRho_EigVec3 = -7.1862821361E-02 -5.4236128009E-01  8.3706629174E-01
           DelSqRho = -1.8826438517E+01
           Bond Ellipticity = NA
           V = -4.7158430446E+00
           G =  4.6167076448E-03
           K =  4.7112263370E+00
           L =  4.7066096293E+00
           Vnuc =  3.9201154519E+01
           Ven = -1.6676056699E+01
           Vrep =  1.1960213654E+01
           DelSqV =  7.0880255519E+02
           DelSqVen =  7.3801812537E+02
           DelSqVrep = -2.9215570173E+01
           DelSqG =  6.9771439626E+01
           DelSqK = -7.7857399482E+02
           Stress_EigVals = -1.6228857256E+00 -1.6223877441E+00 -1.4705695749E+00
           Stress_EigVec1 = -3.7199013602E-01  7.9247361101E-01  4.8333106103E-01
           Stress_EigVec2 =  9.2548921282E-01  2.7661033562E-01  2.5875942336E-01
           Stress_EigVec3 = -7.1365647605E-02 -5.4357363630E-01  8.3632209481E-01
           -DivStress = -5.7350741432E-01 -4.2912059542E+00  6.6337481776E+00
           ESP =  -1.1040999098E+00     ESP at Nucleus =  -1.1065831652E+00
           ESPe = -1.1804174393E+01     ESPe at Nucleus = -1.1724957467E+01
           ESPn =  1.0700074483E+01     ESPn at Nucleus =  1.0618374301E+01

CP# 7      Coords = -5.34169880487463E+00  2.78182633756704E-01  2.01472415833979E+00
           Type = (3,-3) NACP C7
           Rho =  1.1765610860E+02     Rho at Nucleus =  1.1765610841E+02
           GradRho = -2.2935403576E-12  8.5400486682E-10 -4.1498804393E-10
           HessRho_EigVals = -1.4497073059E+05 -1.4496983036E+05 -1.4496948887E+05
           HessRho_EigVec1 =  9.6532220156E-01  2.2301241160E-01  1.3571481660E-01
           HessRho_EigVec2 = -5.8624837911E-02 -3.2139888381E-01  9.4512744425E-01
           HessRho_EigVec3 = -2.5439374118E-01  9.2030876436E-01  2.9717941162E-01
           DelSqRho = -4.3491004983E+05
           Bond Ellipticity = NA
           V = -1.0873773034E+05
           G =  5.1089424761E+00
           K =  1.0873262140E+05
           L =  1.0872751246E+05
           Vnuc =  3.7118285203E+06
           Ven = -4.3671929949E+08
           Vrep =  4.3661056176E+08
           DelSqV =  2.4946638078E+09
           DelSqVen =  1.6143116534E+12
           DelSqVrep = -1.6118169814E+12
           DelSqG =  1.3399202811E+08
           DelSqK = -2.6286558359E+09
           Stress_EigVals = -3.6246180805E+04 -3.6246017243E+04 -3.6245532295E+04
           Stress_EigVec1 = -2.4890996347E-01  9.4389252694E-01  2.1705005798E-01
           Stress_EigVec2 = -1.0458243410E-01 -2.4898692189E-01  9.6284371899E-01
           Stress_EigVec3 =  9.6286361680E-01  2.1696177154E-01  1.6068990363E-01
           -DivStress =  6.7988962022E+01 -1.1788471888E+03  5.7306894856E+02
           ESP =  -1.4730642112E+01     ESP at Nucleus =  -1.4730642131E+01
           ESPe = -2.5973989713E+01     ESPe at Nucleus = -2.5973989727E+01
           ESPn =  1.1243347601E+01     ESPn at Nucleus =  1.1243347596E+01

CP# 8      Coords = -5.85857323080049E+00  1.16857601507244E+00  3.75967775649676E+00
           Type = (3,-3) NACP H8
           Rho =  4.2878602029E-01     Rho at Nucleus =  4.2517536268E-01
           GradRho =  2.9386215683E-15 -5.4678483963E-15 -9.4698554554E-15
           HessRho_EigVals = -6.5549507971E+00 -6.5472071464E+00 -5.9560103784E+00
           HessRho_EigVec1 = -5.8411859271E-02  8.8492956927E-01 -4.6204730507E-01
           HessRho_EigVec2 = -9.6511173479E-01 -1.6839444300E-01 -2.0050598730E-01
           HessRho_EigVec3 = -2.5523987556E-01  4.3421534864E-01  8.6389214427E-01
           DelSqRho = -1.9058168322E+01
           Bond Ellipticity = NA
           V = -4.7735976088E+00
           G =  4.5277641831E-03
           K =  4.7690698447E+00
           L =  4.7645420805E+00
           Vnuc =  4.0315659165E+01
           Ven = -1.7286791049E+01
           Vrep =  1.2513193440E+01
           DelSqV =  7.1834073986E+02
           DelSqVen =  7.6834261837E+02
           DelSqVrep = -5.0001878507E+01
           DelSqG =  7.0936600415E+01
           DelSqK = -7.8927734028E+02
           Stress_EigVals = -1.6418491326E+00 -1.6408138489E+00 -1.4909346273E+00
           Stress_EigVec1 = -1.5243500547E-01  8.6359180342E-01 -4.8059626109E-01
           Stress_EigVec2 =  9.5476400575E-01  2.5430250516E-01  1.5412958569E-01
           Stress_EigVec3 = -2.5532188003E-01  4.3536126715E-01  8.6329097334E-01
           -DivStress = -2.0035881166E+00  3.4154294062E+00  6.7840217369E+00
           ESP =  -1.1049206888E+00     ESP at Nucleus =  -1.1073420998E+00
           ESPe = -1.2333553677E+01     ESPe at Nucleus = -1.2251063226E+01
           ESPn =  1.1228632988E+01     ESPn at Nucleus =  1.1143721126E+01

CP# 9      Coords =  1.40675338335677E+00 -1.06798778552087E+00 -1.54718331638723E+00
           Type = (3,-3) NACP C9
           Rho =  1.1766886296E+02     Rho at Nucleus =  1.1766886219E+02
           GradRho =  4.5475565535E-09  1.5212768822E-09  5.9126877014E-09
           HessRho_EigVals = -1.4499223447E+05 -1.4499200396E+05 -1.4499093367E+05
           HessRho_EigVec1 =  5.4172972240E-01  6.2481119438E-01 -5.6226317615E-01
           HessRho_EigVec2 =  7.7081012156E-01 -1.0249280408E-01  6.2876623766E-01
           HessRho_EigVec3 = -3.3523225438E-01  7.7401950653E-01  5.3713419099E-01
           DelSqRho = -4.3497517209E+05
           Bond Ellipticity = NA
           V = -1.0875408657E+05
           G =  5.1467748395E+00
           K =  1.0874893980E+05
           L =  1.0874379302E+05
           Vnuc =  1.8463313703E+06
           Ven = -2.1725571299E+08
           Vrep =  2.1714695890E+08
           DelSqV =  2.4950429322E+09
           DelSqVen =  8.0310832128E+11
           DelSqVrep = -8.0061327630E+11
           DelSqG =  1.3401826679E+08
           DelSqK = -2.6290611990E+09
           Stress_EigVals = -3.6251726940E+04 -3.6251321400E+04 -3.6251038232E+04
           Stress_EigVec1 =  6.9696010724E-01 -7.0869587483E-01 -1.0952974903E-01
           Stress_EigVec2 =  4.6572914127E-01  3.3118977763E-01  8.2061543866E-01
           Stress_EigVec3 = -5.4529164298E-01 -6.2294742009E-01  5.6088638413E-01
           -DivStress = -1.5807075013E+03 -5.2368221403E+02 -2.0529826493E+03
           ESP =  -1.4723742116E+01     ESP at Nucleus =  -1.4723742156E+01
           ESPe = -2.7080227450E+01     ESPe at Nucleus = -2.7080224024E+01
           ESPn =  1.2356485334E+01     ESPn at Nucleus =  1.2356481868E+01

CP# 10     Coords = -2.74813770623112E-01 -1.76716898970598E-01 -2.17455014000001E+00
           Type = (3,-3) NACP H10
           Rho =  4.1142261008E-01     Rho at Nucleus =  4.0742642356E-01
           GradRho =  7.1886691912E-11 -3.8050567905E-11  2.6683474874E-11
           HessRho_EigVals = -6.2802817796E+00 -6.2773608496E+00 -5.6520280514E+00
           HessRho_EigVec1 =  4.1355723246E-02  6.3097035004E-01  7.7470389280E-01
           HessRho_EigVec2 =  5.4118845012E-01  6.3762987168E-01 -5.4821821221E-01
           HessRho_EigVec3 =  8.3988378101E-01 -4.4193275971E-01  3.1510422131E-01
           DelSqRho = -1.8209670681E+01
           Bond Ellipticity = NA
           V = -4.5617784166E+00
           G =  4.6803732265E-03
           K =  4.5570980434E+00
           L =  4.5524176701E+00
           Vnuc =  4.0211224524E+01
           Ven = -1.6543806948E+01
           Vrep =  1.1982028532E+01
           DelSqV =  6.8449669491E+02
           DelSqVen =  7.3223315637E+02
           DelSqVrep = -4.7736461462E+01
           DelSqG =  6.7523747561E+01
           DelSqK = -7.5202044247E+02
           Stress_EigVals = -1.5736379950E+00 -1.5730143349E+00 -1.4151260867E+00
           Stress_EigVec1 =  5.1445949052E-02  6.3867748881E-01  7.6775281153E-01
           Stress_EigVec2 =  5.4070965818E-01  6.2852910083E-01 -5.5909233134E-01
           Stress_EigVec3 =  8.3963467048E-01 -4.4389439588E-01  3.1300381057E-01
           -DivStress = -6.8024417105E+00  3.6097108410E+00 -2.5144426429E+00
           ESP =  -1.0671793001E+00     ESP at Nucleus =  -1.0699592022E+00
           ESPe = -1.4286567220E+01     ESPe at Nucleus = -1.4221893032E+01
           ESPn =  1.3219387920E+01     ESPn at Nucleus =  1.3151933830E+01

CP# 11     Coords =  3.12658204356719E+00 -2.78250968220118E+00 -1.77409016606297E+00
           Type = (3,-3) NACP C11
           Rho =  1.1765391110E+02     Rho at Nucleus =  1.1765391043E+02
           GradRho =  2.4969251111E-09  2.5908839518E-09  5.1147673735E-09
           HessRho_EigVals = -1.4497306495E+05 -1.4497297480E+05 -1.4497185116E+05
           HessRho_EigVec1 =  5.4734897542E-01  6.2153903124E-01 -5.6044476245E-01
           HessRho_EigVec2 = -4.7534499604E-02  6.9167110157E-01  7.2064662533E-01
           HessRho_EigVec3 =  8.3555345159E-01 -3.6780473068E-01  4.0813001560E-01
           DelSqRho = -4.3491789091E+05
           Bond Ellipticity = NA
           V = -1.0873978132E+05
           G =  5.1542968421E+00
           K =  1.0873462702E+05
           L =  1.0872947273E+05
           Vnuc =  1.9701892893E+06
           Ven = -2.3180047549E+08
           Vrep =  2.3169173570E+08
           DelSqV =  2.4947152837E+09
           DelSqVen =  8.5687058432E+11
           DelSqVrep = -8.5437586904E+11
           DelSqG =  1.3400000029E+08
           DelSqK = -2.6287152840E+09
           Stress_EigVals = -3.6246941311E+04 -3.6246552536E+04 -3.6246287474E+04
           Stress_EigVec1 =  7.2402079831E-01 -6.8747648965E-01 -5.6302396060E-02
           Stress_EigVec2 =  4.2003490644E-01  3.7467025427E-01  8.2655482452E-01
           Stress_EigVec3 = -5.4714217621E-01 -6.2209185555E-01  5.6003317961E-01
           -DivStress = -9.8644649547E+02 -1.0234893944E+03 -2.0285815190E+03
           ESP =  -1.4722064853E+01     ESP at Nucleus =  -1.4722064891E+01
           ESPe = -2.6262169143E+01     ESPe at Nucleus = -2.6262165905E+01
           ESPn =  1.1540104289E+01     ESPn at Nucleus =  1.1540101015E+01

CP# 12     Coords =  3.90831752137614E+00 -4.35245939313155E+00 -2.74302196882816E+00
           Type = (3,-3) NACP H12
           Rho =  4.1476250229E-01     Rho at Nucleus =  4.1087399641E-01
           GradRho = -4.6594672565E-15  1.1642162928E-14  7.3439518355E-15
           HessRho_EigVals = -6.3388070497E+00 -6.3357289118E+00 -5.7192795873E+00
           HessRho_EigVec1 =  7.4173874381E-01 -4.9613964111E-02  6.6885132167E-01
           HessRho_EigVec2 =  5.4798628377E-01  6.1981871678E-01 -5.6172572589E-01
           HessRho_EigVec3 = -3.8669712791E-01  7.8317508444E-01  4.8693132819E-01
           DelSqRho = -1.8393815549E+01
           Bond Ellipticity = NA
           V = -4.6076648806E+00
           G =  4.6054967193E-03
           K =  4.6030593839E+00
           L =  4.5984538872E+00
           Vnuc =  3.8603931849E+01
           Ven = -1.6011463372E+01
           Vrep =  1.1403798491E+01
           DelSqV =  6.9205875550E+02
           DelSqVen =  7.1007360189E+02
           DelSqVrep = -1.8014846389E+01
           DelSqG =  6.8329494109E+01
           DelSqK = -7.6038824961E+02
           Stress_EigVals = -1.5883181882E+00 -1.5877152320E+00 -1.4316314605E+00
           Stress_EigVec1 =  7.4622958057E-01 -4.0685889899E-02  6.6444418235E-01
           Stress_EigVec2 =  5.4021222083E-01  6.2025942113E-01 -5.6872577485E-01
           Stress_EigVec3 = -3.8898864965E-01  7.8334086378E-01  4.8483494261E-01
           -DivStress =  3.1363403255E+00 -6.2878097776E+00 -3.8812515826E+00
           ESP =  -1.0639032483E+00     ESP at Nucleus =  -1.0666018189E+00
           ESPe = -1.2158359345E+01     ESPe at Nucleus = -1.2069483700E+01
           ESPn =  1.1094456097E+01     ESPn at Nucleus =  1.1002881881E+01

CP# 13     Coords =  3.44507303259462E+00 -1.03551480428531E+00  4.98642554725367E-01
           Type = (3,-3) NACP C13
           Rho =  1.1748188969E+02     Rho at Nucleus =  1.1748188750E+02
           GradRho =  2.6781687978E-11  1.4442336216E-11 -3.8359315724E-12
           HessRho_EigVals = -1.4475349341E+05 -1.4475232103E+05 -1.4475226618E+05
           HessRho_EigVec1 =  3.6232946662E-01  2.5377431707E-01  8.9683663708E-01
           HessRho_EigVec2 =  5.4026593297E-01  7.2689236595E-01 -4.2395779270E-01
           HessRho_EigVec3 = -7.5949330431E-01  6.3814268336E-01  1.2626890507E-01
           DelSqRho = -4.3425808063E+05
           Bond Ellipticity = NA
           V = -1.0857472510E+05
           G =  5.1024726560E+00
           K =  1.0856962263E+05
           L =  1.0856452016E+05
           Vnuc =  1.0911422155E+06
           Ven = -1.2818944940E+08
           Vrep =  1.2808087467E+08
           DelSqV =  2.4909368855E+09
           DelSqVen =  4.7383732685E+11
           DelSqVrep = -4.7134638996E+11
           DelSqG =  1.3378877999E+08
           DelSqK = -2.6247256655E+09
           Stress_EigVals = -3.6191723792E+04 -3.6191571469E+04 -3.6191429841E+04
           Stress_EigVec1 =  5.6908846090E-01  6.3093574219E-01 -5.2731244334E-01
           Stress_EigVec2 =  7.0634160895E-01 -7.0341091713E-01 -7.9338597976E-02
           Stress_EigVec3 =  4.2097488658E-01  3.2731203904E-01  8.4595920349E-01
           -DivStress =  2.3125430796E+03  1.9365750709E+03  3.2887894692E+03
           ESP =  -1.4726262044E+01     ESP at Nucleus =  -1.4726262174E+01
           ESPe = -2.7549965883E+01     ESPe at Nucleus = -2.7549962772E+01
           ESPn =  1.2823703839E+01     ESPn at Nucleus =  1.2823700597E+01

CP# 14     Coords = -4.16563732342873E+00 -3.16121223889522E+00  3.74717470706340E-01
           Type = (3,-3) NACP H14
           Rho =  4.2471728535E-01     Rho at Nucleus =  4.2101236009E-01
           GradRho = -3.5040330013E-15  3.4560028450E-15  7.9283368065E-15
           HessRho_EigVals = -6.4683431915E+00 -6.4620554723E+00 -5.8678485961E+00
           HessRho_EigVec1 = -2.8285068248E-02  8.5897786500E-01 -5.1123085035E-01
           HessRho_EigVec2 = -9.4949582174E-01 -1.8297635207E-01 -2.5490653008E-01
           HessRho_EigVec3 = -3.1250222304E-01  4.7820150776E-01  8.2077139239E-01
           DelSqRho = -1.8798247260E+01
           Bond Ellipticity = NA
           V = -4.7088869623E+00
           G =  4.6625736475E-03
           K =  4.7042243886E+00
           L =  4.6995618150E+00
           Vnuc =  4.0597037272E+01
           Ven = -1.7242263464E+01
           Vrep =  1.2533376501E+01
           DelSqV =  7.0777589930E+02
           DelSqVen =  7.6315314467E+02
           DelSqVrep = -5.5377245362E+01
           DelSqG =  6.9676813098E+01
           DelSqK = -7.7745271240E+02
           Stress_EigVals = -1.6203935901E+00 -1.6198347157E+00 -1.4686586565E+00
           Stress_EigVec1 = -1.0912431007E-01  8.3931459739E-01 -5.3258134736E-01
           Stress_EigVec2 = -9.4327250113E-01 -2.5645168240E-01 -2.1087798180E-01
           Stress_EigVec3 = -3.1357435094E-01  4.7935742530E-01  8.1968749243E-01
           -DivStress =  2.4763786816E+00 -3.7820530770E+00 -6.4858312055E+00
           ESP =  -1.1044932175E+00     ESP at Nucleus =  -1.1069481477E+00
           ESPe = -1.3185468864E+01     ESPe at Nucleus = -1.3124484603E+01
           ESPn =  1.2080975647E+01     ESPn at Nucleus =  1.2017536455E+01

CP# 15     Coords = -6.20561851093032E+00 -6.21466282823751E-01 -3.09129292783892E+00
           Type = (3,-3) NACP H15
           Rho =  4.2441014365E-01     Rho at Nucleus =  4.2070764697E-01
           GradRho =  4.4977761316E-10  1.5929700783E-09  4.0960255587E-10
           HessRho_EigVals = -6.4604268589E+00 -6.4540648388E+00 -5.8604545777E+00
           HessRho_EigVec1 =  1.4999320157E-02 -2.5316887805E-01  9.6730581492E-01
           HessRho_EigVec2 =  9.6462015666E-01 -2.5100439888E-01 -8.0652000023E-02
           HessRho_EigVec3 =  2.6321659096E-01  9.3429241190E-01  2.4044690746E-01
           DelSqRho = -1.8774946275E+01
           Bond Ellipticity = NA
           V = -4.7030674179E+00
           G =  4.6654245345E-03
           K =  4.6984019934E+00
           L =  4.6937365688E+00
           Vnuc =  3.9783235191E+01
           Ven = -1.6884408562E+01
           Vrep =  1.2181341144E+01
           DelSqV =  7.0685390182E+02
           DelSqVen =  7.4692810613E+02
           DelSqVrep = -4.0074204314E+01
           DelSqG =  6.9554163555E+01
           DelSqK = -7.7640806538E+02
           Stress_EigVals = -1.6184134455E+00 -1.6178563323E+00 -1.4667976402E+00
           Stress_EigVec1 =  9.2951816992E-02 -2.7421237067E-01  9.5716640951E-01
           Stress_EigVec2 =  9.5994873181E-01 -2.3051007405E-01 -1.5925934215E-01
           Stress_EigVec3 =  2.6430738169E-01  9.3363412616E-01  2.4180348725E-01
           -DivStress = -2.0840142450E+00 -7.3776463988E+00 -1.8988895824E+00
           ESP =  -1.1023950189E+00     ESP at Nucleus =  -1.1048600497E+00
           ESPe = -1.2377950827E+01     ESPe at Nucleus = -1.2307958150E+01
           ESPn =  1.1275555808E+01     ESPn at Nucleus =  1.1203098100E+01

CP# 16     Coords =  2.91550978401188E+00 -1.80021973909390E+00  2.31851385939358E+00
           Type = (3,-3) NACP H16
           Rho =  4.2742139767E-01     Rho at Nucleus =  4.2410825819E-01
           GradRho =  1.7225804116E-15  1.3669620991E-15 -5.4522358850E-15
           HessRho_EigVals = -6.5230959310E+00 -6.5160478498E+00 -5.9570322316E+00
           HessRho_EigVec1 =  6.5820244397E-01  6.1073821361E-01  4.4019129613E-01
           HessRho_EigVec2 = -7.0841964561E-01  7.0033341155E-01  8.7605470011E-02
           HessRho_EigVec3 = -2.5477666390E-01 -3.6950229647E-01  8.9362011192E-01
           DelSqRho = -1.8996176012E+01
