AIMSum (Version 19.02.13, Professional)
Copyright (c) 1997-2019 by Todd A. Keith
AIMSum is a component of the AIMAll package ( http://aim.tkgristmill.com )

TP:  64-bit Linux

Much of the Quantum Theory of Atoms in Molecules (QTAIM) is described in the book:
  "Atoms in Molecules - A Quantum Theory"
  R.F.W. Bader, Oxford University Press, Oxford, 1990

For additional references see:  http://aim.tkgristmill.com/references.html

Wfn File:  /home/mhennefarth/Documents/ML_Diels/summary-levandowski2016/20-opt/20-opt.wfn
Sum File:  /home/mhennefarth/Documents/ML_Diels/summary-levandowski2016/20-opt/20-opt.sum

SumViz File:  /home/mhennefarth/Documents/ML_Diels/summary-levandowski2016/20-opt/20-opt.sumviz

Wfn Title:   Title Card Required                                                           
 
Total memory allocated for AIMSum =        0.929 Megabytes

Atomic units (a.u.) used throughout, except where stated otherwise

Model:  Restricted SCF
 
Restricted, closed-shell, single-determinant wavefunction.
  Number of electrons (from MO Occs)                   =          60.0000000000
  Number of Alpha electrons (from MO Occs)             =          30.0000000000
  Number of Beta electrons (from MO Occs)              =          30.0000000000
  Number of electron pairs (N*(N-1)/2)                 =        1770.0000000000
  Number of electron pairs (from Muller 2EDM)          =        1770.0000000000
 
Nuclear Charges and Cartesian Coordinates:
-------------------------------------------------------------------------------
Atom      Charge                X                  Y                  Z
-------------------------------------------------------------------------------
C1         6.0           4.5097327300E+00   2.7941249400E+00  -1.1226541000E-01
H2         1.0           4.8178248700E+00   4.5449581700E+00  -1.1386920600E+00
C3         6.0           4.4456294100E+00   5.6038060000E-01  -1.3033527900E+00
H4         1.0           4.7820974700E+00   5.2004343000E-01  -3.3359339400E+00
C5         6.0           2.6624367900E+00  -2.3363282100E+00   1.9877317800E+00
H6         1.0           2.4867925700E+00  -4.2207556700E+00   2.7829029600E+00
C7         6.0           4.0222500500E+00  -1.9109434800E+00  -1.0760063000E-01
H8         1.0           4.8887188400E+00  -3.5192727300E+00  -1.0611189100E+00
C9         6.0          -2.9514939900E+00   2.3044506000E+00  -5.4892910000E-02
H10        1.0          -1.4545445500E+00   3.5786408000E+00  -6.1806240000E-01
C11        6.0          -4.3338142300E+00   1.3629346300E+00   1.7585841700E+00
H12        1.0          -4.8148949800E+00   1.3206850400E+00   3.7461976400E+00
C13        6.0          -4.6740867600E+00   1.4543307000E-01  -7.5826731000E-01
H14        1.0           1.6722839000E+00  -8.2425901000E-01   2.9637206900E+00
H15        1.0           4.2969083600E+00   2.9430937700E+00   1.9255917300E+00
H16        1.0          -6.3921556500E+00   5.1102441000E-01  -1.8491959500E+00
N17        7.0          -3.8125587500E+00  -2.4248798400E+00  -1.1959823300E+00
H18        1.0          -3.6122386100E+00  -2.7304697000E+00  -3.0882031900E+00
H19        1.0          -2.0668049300E+00  -2.6698425800E+00  -4.1495166000E-01
 
Some Atomic Properties:
----------------------
  q(A) = Net Charge of Atom A
  L(A) = Lagrangian of Atom A = -(1/4) Times Atomic Integral of the Laplacian of the Electron Density
  K(A) = Electronic Kinetic Energy of Atom A (Hamiltonian Form)
  K_Scaled(A) = K(A) * E(Mol)/K(Mol) = Approximation to Virial-Based Total Energy of Atom A.
  |Mu_Intra(A)| = Magnitude of Intraatomic Dipole Moment of Atom A
--------------------------------------------------------------------------------------------------
Atom A          q(A)              L(A)              K(A)          K_Scaled(A)      |Mu_Intra(A)|
--------------------------------------------------------------------------------------------------
C1       -9.0874905000E-02  7.2785536299E-05  3.7704540101E+01 -3.8084506096E+01  1.1509984087E-01
H2        4.4270869760E-02  1.8364730798E-05  5.9397876155E-01 -5.9996455876E-01  1.4767975933E-01
C3       -2.9179127000E-02 -1.1323212087E-05  3.7700418808E+01 -3.8080343271E+01  7.6041140626E-02
H4        3.4474389180E-02  2.5000495312E-05  6.0198578479E-01 -6.0805227246E-01  1.5103146444E-01
C5       -9.5245534400E-02 -5.0837206537E-05  3.7708433632E+01 -3.8088438864E+01  1.1912389407E-01
H6        4.7567629560E-02  2.0018164235E-05  5.9259450245E-01 -5.9856634985E-01  1.4680488246E-01
C7       -3.2796129000E-02 -1.2690677568E-04  3.7701508025E+01 -3.8081443464E+01  7.4692570780E-02
H8        3.5604177710E-02  2.9248691949E-05  6.0152258146E-01 -6.0758440122E-01  1.5077572447E-01
C9       -1.7082536580E-01 -4.0525757565E-05  3.7779111820E+01 -3.8159829309E+01  2.5525770294E-01
H10       1.0460845654E-01 -7.0223924019E-07  5.6157895711E-01 -5.6723824658E-01  1.4665056926E-01
C11      -1.5520054290E-01  1.0278695022E-05  3.7774621777E+01 -3.8155294017E+01  2.3973639504E-01
H12       9.9062629890E-02  1.8580679255E-05  5.6433123435E-01 -5.7001825979E-01  1.4919200002E-01
C13       4.4977262400E-01 -1.0890059304E-04  3.7370600376E+01 -3.7747201107E+01  4.0314917738E-01
H14       4.9680138210E-02  2.1667812566E-05  5.9086093720E-01 -5.9681531466E-01  1.4561075476E-01
H15       4.5307780270E-02  2.8034630951E-05  5.9288108295E-01 -5.9885581834E-01  1.4766784532E-01
H16       1.5784247730E-02  2.9420929864E-05  6.1527236699E-01 -6.2147274966E-01  1.5773623164E-01
N17      -1.0414291531E+00 -2.6331273179E-05  5.4679134299E+01 -5.5230161088E+01  2.0935053524E-01
H18       3.3811665164E-01  3.0776344546E-05  4.7985511177E-01 -4.8469083246E-01  2.0229311174E-01
H19       3.5123891343E-01  2.2101470094E-05  4.7096125837E-01 -4.7570735161E-01  1.9944163678E-01
--------------------------------------------------------------------------------------------------
Total    -6.2249279999E-05 -3.9248876437E-05  3.2468419142E+02 -3.2795618337E+02
 
1st Largest |L(A)| = 1.2690677568E-04, atom C7      
2nd Largest |L(A)| = 1.0890059304E-04, atom C13     
 
Molecular charge q(Mol) from the wfn file:   0.0000000000E+00
Molecular energy E(Mol) from the wfn file:  -3.2795621430E+02
Molecular virial ratio (-V(Mol)/T(Mol)) from the wfn file:   2.0100774600E+00
Note.  K_Scaled(A) = (1+V(Mol)/T(Mol))*K(A) = (E(Mol)/T(Mol))*K(A)
       Only use K_Scaled(A) data with caution.
 
N_AIMInt(SumA)     =         60.000062
N_Analytic(Mol)    =         59.999991
 
G_AIMInt(SumA)     =        324.684231
G_Analytic(Mol)    =        324.684200
 
K_AIMInt(SumA)     =        324.684191
K_Analytic(Mol)    =        324.684200
 
L_AIMInt(SumA)     =         -0.000039
L_Analytic(Mol)    =          0.000000
 
VenT_AIMInt(SumA)  =      -1400.641833
VenT_Analytic(Mol) =      -1400.641843
 
Some Information About the Atomic Calculations:
----------------------------------------------
  Time(sec) = "Elapsed User Time", in Seconds, for Atom A by AIMInt and, if used, by TWOe
  NProc = Number of Processors Used for AIMInt Job
  BIM = Basin Integration Method
  OAQ = Angular Quadrature Outside of Beta Sphere
  ORQ = Multiple of Default for Radial Quadrature Outside of Beta Sphere
  IAQ = Multiple of Default for Angular Quadrature Inside of Beta Sphere
  IRQ = Multiple of Default for Radial Quadrature Inside of Beta Sphere
  MIR = Maximum Integration Radius
------------------------------------------------------------------------------------------------------
Atom A     Time(sec)   NProc      BIM          OAQ                     ORQ      IAQ      IRQ      MIR
------------------------------------------------------------------------------------------------------
C1             54        8     Proaim(5)    4500(GS4)                  1.00     1.00     1.00    13.00
H2             10        8     Proaim(5)    1800(GS4)                  1.00     1.00     1.00    13.00
C3             45        8     Proaim(5)    4500(GS4)                  1.00     1.00     1.00    13.00
H4             10        8     Proaim(5)    1800(GS4)                  1.00     1.00     1.00    13.00
C5             59        8     Proaim(5)    4500(GS4)                  1.00     1.00     1.00    13.00
H6              8        8     Proaim(5)    1800(GS4)                  1.00     1.00     1.00    13.00
C7             47        8     Proaim(5)    4500(GS4)                  1.00     1.00     1.00    13.00
H8              8        8     Proaim(5)    1800(GS4)                  1.00     1.00     1.00    13.00
C9             50        8     Proaim(5)    4500(GS4)                  1.00     1.00     1.00    13.00
H10            24        8     Proaim(5)    4500(GS4)                  1.00     1.00     1.00    13.00
C11            36        8     Proaim(5)    4500(GS4)                  1.00     1.00     1.00    13.00
H12             7        8     Proaim(5)    1800(GS4)                  1.00     1.00     1.00    13.00
C13            44        8     Proaim(5)    4500(GS4)                  1.00     1.00     1.00    13.00
H14            28        8     Proaim(5)    4500(GS4)                  1.00     1.00     1.00    13.00
H15            14        8     Proaim(5)    1800(GS4)                  1.00     1.00     1.00    13.00
H16             7        8     Proaim(5)    1800(GS4)                  1.00     1.00     1.00    13.00
N17            36        8     Proaim(5)    4500(GS4)                  1.00     1.00     1.00    13.00
H18            10        8     Proaim(5)    1800(GS4)                  1.00     1.00     1.00    13.00
H19            23        8     Proaim(5)    4500(GS4)                  1.00     1.00     1.00    13.00
------------------------------------------------------------------------------------------------------
Total         520
Note:  Total wall clock time is less than total of atomic times if more than one atom
       was calculated at a time
 
Electron Density Critical Point Analysis of Molecular Structure:               
---------------------------------------------------------------                
  NACP = Nuclear Attractor Critical Point                                      
  NNACP = Non-Nuclear Attractor Critical Point                                 
  BCP = Bond Critical Point                                                    
  RCP = Ring Critical Point                                                    
  CCP = Cage Critical Point                                                    
  Rho = Electron Density                                                       
  GradRho = Gradient of Electron Density                                       
  HessRho_EigVals = Eigenvalues of the Hessian of Rho, Ascending Order         
  HessRho_EigVecs = Eigenvectors of the Hessian of Rho                         
  DelSqRho = Laplacian of Rho = Trace of Hessian of Rho                        
  Bond Ellipticity = (HessRho_EigVal(1) / HessRho_EigVal(2)) - 1               
  V = Virial Field = Potential Energy Density = Trace of Stress Tensor         
  G = Lagrangian Form of Kinetic Energy Density                                
  K = Hamiltonian Form of Kinetic Energy Density                               
  L = K - G = Lagrangian Density = (-1/4)DelSqRho                              
  Vnuc = Electrostatic Potential from Nuclei                                   
  Ven = Electron-nuclear attractive contribution to Virial Field V             
  Vrep = V - Ven = Repulsive contribution to Virial Field V                    
  DelSqV = Laplacian of V                                                      
  DelSqVen = Laplacian of Ven                                                  
  DelSqVrep = Laplacian of Vrep                                                
  DelSqG = Laplacian of G                                                      
  DelSqK = Laplacian of K                                                      
  Stress_EigVals = Eigenvalues of Stress Tensor, Ascending Order               
  Stress_EigVecs = Eigenvectors of Stress Tensor                               
  -DivStress = Ehrenfest Force Density = Minus Divergence of Stress Tensor     
  ESP = Total Electrostatic Potential                                          
  ESPe = Electrostatic Potential from Electrons                                
  ESPn = Electrostatic Potential from Nuclei                                   
  BP = Bond Path                                                               
  BPL = Bond Path Length                                                       
  GBL = Geometric Bond Length                                                  
  GBL_I = Distance Between Nuclear Attractors                                  
  GBL_II = Distance Between Nuclei                                             
  GBL_III = Sum of Distances Between BCP and Nuclear Attractors                
  GBL_IV = Sum of Distances Between BCP and Nuclei                             

CP# 1      Coords =  4.50973254130073E+00  2.79412578294483E+00 -1.12265143236948E-01
           Type = (3,-3) NACP C1
           Rho =  1.1768032421E+02     Rho at Nucleus =  1.1768032415E+02
           GradRho = -1.9846354649E-12  1.4879372051E-10  4.7985184348E-11
           HessRho_EigVals = -1.4500937316E+05 -1.4500839958E+05 -1.4500824784E+05
           HessRho_EigVec1 =  9.9164852913E-01 -1.0926747617E-01  6.8511410178E-02
           HessRho_EigVec2 = -1.1344556152E-01 -4.8634693640E-01  8.6636987599E-01
           HessRho_EigVec3 =  6.1345735327E-02  8.6690672861E-01  4.9468113432E-01
           DelSqRho = -4.3502602058E+05
           Bond Ellipticity = NA
           V = -1.0876674227E+05
           G =  5.1185610050E+00
           K =  1.0876162371E+05
           L =  1.0875650515E+05
           Vnuc =  6.6367315166E+06
           Ven = -7.8101271654E+08
           Vrep =  7.8090394979E+08
           DelSqV =  2.4953361842E+09
           DelSqVen =  2.8871516488E+12
           DelSqVrep = -2.8846563126E+12
           DelSqG =  1.3403680102E+08
           DelSqK = -2.6293729852E+09
           Stress_EigVals = -3.6255825619E+04 -3.6255726376E+04 -3.6255190273E+04
           Stress_EigVec1 =  5.2960383147E-02  8.9573061044E-01  4.4143161571E-01
           Stress_EigVec2 = -1.3200798900E-01 -4.3189266552E-01  8.9221220363E-01
           Stress_EigVec3 =  9.8983285895E-01 -1.0552440002E-01  9.5370395521E-02
           -DivStress =  1.5165299972E+02 -6.8608365354E+02 -2.1703152878E+02
           ESP =  -1.4738532941E+01     ESP at Nucleus =  -1.4738532953E+01
           ESPe = -2.4453767300E+01     ESPe at Nucleus = -2.4453768321E+01
           ESPn =  9.7152343585E+00     ESPn at Nucleus =  9.7152353681E+00

CP# 2      Coords =  4.81256437233074E+00  4.51509747537524E+00 -1.12112842499583E+00
           Type = (3,-3) NACP H2
           Rho =  4.2534873557E-01     Rho at Nucleus =  4.2164430439E-01
           GradRho = -4.5496528230E-15 -1.3060069824E-14  7.6886101771E-15
           HessRho_EigVals = -6.4778656178E+00 -6.4716369648E+00 -5.8765963982E+00
           HessRho_EigVec1 = -7.4269733929E-02  5.1448015133E-01  8.5427991929E-01
           HessRho_EigVec2 =  9.8584485492E-01 -9.1243044991E-02  1.4065784288E-01
           HessRho_EigVec3 =  1.5031276940E-01  8.5263408367E-01 -5.0042101347E-01
           DelSqRho = -1.8826098981E+01
           Bond Ellipticity = NA
           V = -4.7157795581E+00
           G =  4.6274064437E-03
           K =  4.7111521516E+00
           L =  4.7065247452E+00
           Vnuc =  3.8628521063E+01
           Ven = -1.6430592591E+01
           Vrep =  1.1714813033E+01
           DelSqV =  7.0883559192E+02
           DelSqVen =  7.2722436102E+02
           DelSqVrep = -1.8388769103E+01
           DelSqG =  6.9777276683E+01
           DelSqK = -7.7861286860E+02
           Stress_EigVals = -1.6227798659E+00 -1.6222720833E+00 -1.4707276088E+00
           Stress_EigVec1 =  2.6733910019E-02  5.0114455696E-01  8.6495053679E-01
           Stress_EigVec2 =  9.8827597627E-01 -1.4336170276E-01  5.2516825021E-02
           Stress_EigVec3 =  1.5031930277E-01  8.5340585609E-01 -4.9910174514E-01
           -DivStress =  1.1873454708E+00  6.7422433865E+00 -3.9641722147E+00
           ESP =  -1.1012043951E+00     ESP at Nucleus =  -1.1036833831E+00
           ESPe = -1.1191070657E+01     ESPe at Nucleus = -1.1113306549E+01
           ESPn =  1.0089866262E+01     ESPn at Nucleus =  1.0009623165E+01

CP# 3      Coords =  4.44562931042850E+00  5.60379064304583E-01 -1.30335287427632E+00
           Type = (3,-3) NACP C3
           Rho =  1.1765885339E+02     Rho at Nucleus =  1.1765885322E+02
           GradRho = -6.6127418726E-11 -8.1769552709E-10 -6.6347448643E-11
           HessRho_EigVals = -1.4497434296E+05 -1.4497339901E+05 -1.4497307229E+05
           HessRho_EigVec1 =  9.7194397110E-01 -1.3949756694E-01  1.8938148238E-01
           HessRho_EigVec2 =  2.3239497586E-01  6.9377474670E-01 -6.8166646979E-01
           HessRho_EigVec3 = -3.6297275969E-02  7.0655292063E-01  7.0672871606E-01
           DelSqRho = -4.3492081426E+05
           Bond Ellipticity = NA
           V = -1.0874041466E+05
           G =  5.1055477045E+00
           K =  1.0873530911E+05
           L =  1.0873020357E+05
           Vnuc =  3.8930156414E+06
           Ven = -4.5804775661E+08
           Vrep =  4.5793901619E+08
           DelSqV =  2.4947254164E+09
           DelSqVen =  1.6931535913E+12
           DelSqVrep = -1.6906588659E+12
           DelSqG =  1.3399553601E+08
           DelSqK = -2.6287209524E+09
           Stress_EigVals = -3.6247076001E+04 -3.6246917326E+04 -3.6246421335E+04
           Stress_EigVec1 = -1.8057029711E-02  7.6201665411E-01  6.4730561757E-01
           Stress_EigVec2 = -2.1235915242E-01 -6.3556290585E-01  7.4226907728E-01
           Stress_EigVec3 =  9.7702483800E-01 -1.2405809752E-01  1.7329758907E-01
           -DivStress =  8.1034729971E+01  1.2470885685E+03  6.4465135117E+01
           ESP =  -1.4728197982E+01     ESP at Nucleus =  -1.4728198000E+01
           ESPe = -2.5554876374E+01     ESPe at Nucleus = -2.5554876367E+01
           ESPn =  1.0826678392E+01     ESPn at Nucleus =  1.0826678367E+01

CP# 4      Coords =  4.77648568088321E+00  5.20550132159005E-01 -3.30205645406501E+00
           Type = (3,-3) NACP H4
           Rho =  4.2902945947E-01     Rho at Nucleus =  4.2542406936E-01
           GradRho = -7.7785674477E-10  6.8616787418E-11  4.6960267686E-09
           HessRho_EigVals = -6.5590173434E+00 -6.5512945801E+00 -5.9603745074E+00
           HessRho_EigVec1 =  6.6408417006E-02  9.9778742192E-01 -3.1910528982E-03
           HessRho_EigVec2 =  9.8435182080E-01 -6.4990374270E-02  1.6379177069E-01
           HessRho_EigVec3 = -1.6322198088E-01  1.4018270941E-02  9.8648977341E-01
           DelSqRho = -1.9070686431E+01
           Bond Ellipticity = NA
           V = -4.7767286612E+00
           G =  4.5285267472E-03
           K =  4.7722001345E+00
           L =  4.7676716077E+00
           Vnuc =  4.0070050089E+01
           Ven = -1.7191231931E+01
           Vrep =  1.2414503270E+01
           DelSqV =  7.1884494694E+02
           DelSqVen =  7.6416336857E+02
           DelSqVrep = -4.5318421630E+01
           DelSqG =  7.0989665689E+01
           DelSqK = -7.8983461263E+02
           Stress_EigVals = -1.6428753612E+00 -1.6418140197E+00 -1.4920392803E+00
           Stress_EigVec1 =  1.5956666624E-01  9.8712517218E-01  1.1062254445E-02
           Stress_EigVec2 =  9.7361542718E-01 -1.5921481865E-01  1.6347367215E-01
           Stress_EigVec3 = -1.6313025160E-01  1.5314567297E-02  9.8648567402E-01
           -DivStress =  1.2828443800E+00 -1.1633592285E-01 -7.7453064898E+00
           ESP =  -1.1027709188E+00     ESP at Nucleus =  -1.1051893497E+00
           ESPe = -1.2054698650E+01     ESPe at Nucleus = -1.1973772948E+01
           ESPn =  1.0951927731E+01     ESPn at Nucleus =  1.0868583598E+01

CP# 5      Coords =  2.66243636980297E+00 -2.33632849902742E+00  1.98773235329139E+00
           Type = (3,-3) NACP C5
           Rho =  1.1768985700E+02     Rho at Nucleus =  1.1768985695E+02
           GradRho = -4.5719698210E-11 -6.9525295264E-11  6.0147200561E-11
           HessRho_EigVals = -1.4502404657E+05 -1.4502304502E+05 -1.4502291029E+05
           HessRho_EigVec1 =  7.7688721522E-01  1.9280548384E-01  5.9939327677E-01
           HessRho_EigVec2 = -2.1908177821E-01  9.7525282931E-01 -2.9750518958E-02
           HessRho_EigVec3 = -5.9029605224E-01 -1.0820334710E-01  7.9990162295E-01
           DelSqRho = -4.3507000188E+05
           Bond Ellipticity = NA
           V = -1.0877774915E+05
           G =  5.1243382422E+00
           K =  1.0877262481E+05
           L =  1.0876750047E+05
           Vnuc =  7.8195305287E+06
           Ven = -9.2027942969E+08
           Vrep =  9.2017065194E+08
           DelSqV =  2.4955907404E+09
           DelSqVen =  3.4020438835E+12
           DelSqVrep = -3.3995482928E+12
           DelSqG =  1.3405317208E+08
           DelSqK = -2.6296439125E+09
           Stress_EigVals = -3.6259492613E+04 -3.6259399894E+04 -3.6258856641E+04
           Stress_EigVec1 = -5.5143229387E-01 -1.8985378595E-01  8.1232872979E-01
           Stress_EigVec2 = -2.5276926992E-01  9.6600817637E-01  5.4183940071E-02
           Stress_EigVec3 =  7.9500322104E-01  1.7545296560E-01  5.8067730746E-01
           -DivStress =  3.4259294045E+02  2.3602512524E+02 -4.6630237590E+02
           ESP =  -1.4739719761E+01     ESP at Nucleus =  -1.4739719770E+01
           ESPe = -2.5002058712E+01     ESPe at Nucleus = -2.5002059562E+01
           ESPn =  1.0262338951E+01     ESPn at Nucleus =  1.0262339792E+01

CP# 6      Coords =  2.48976980247980E+00 -4.18849321426704E+00  2.76929723322830E+00
           Type = (3,-3) NACP H6
           Rho =  4.2490288311E-01     Rho at Nucleus =  4.2118251703E-01
           GradRho =  7.1480962352E-11  7.7463163302E-10 -3.2658319688E-10
           HessRho_EigVals = -6.4696771238E+00 -6.4635714922E+00 -5.8673583063E+00
           HessRho_EigVec1 =  5.5387135510E-01 -3.6697628321E-01 -7.4736532537E-01
           HessRho_EigVec2 =  8.2821948196E-01  1.5085817253E-01  5.3971687160E-01
           HessRho_EigVec3 =  8.5317124331E-02  9.1791623765E-01 -3.8749292762E-01
           DelSqRho = -1.8800606922E+01
           Bond Ellipticity = NA
           V = -4.7093648612E+00
           G =  4.6065653083E-03
           K =  4.7047582959E+00
           L =  4.7001517306E+00
           Vnuc =  3.9011568263E+01
           Ven = -1.6576127830E+01
           Vrep =  1.1866762968E+01
           DelSqV =  7.0777461452E+02
           DelSqVen =  7.3344116169E+02
           DelSqVrep = -2.5666547169E+01
           DelSqG =  6.9662132793E+01
           DelSqK = -7.7743674732E+02
           Stress_EigVals = -1.6207462889E+00 -1.6202056255E+00 -1.4684129468E+00
           Stress_EigVec1 =  6.2249756478E-01 -3.5415789506E-01 -6.9790326494E-01
           Stress_EigVec2 =  7.7785349795E-01  1.8169339188E-01  6.0160738615E-01
           Stress_EigVec3 =  8.6259594117E-02  9.1736562870E-01 -3.8858665148E-01
           -DivStress = -6.7189894986E-01 -7.2733986008E+00  3.0685480950E+00
           ESP =  -1.1020493960E+00     ESP at Nucleus =  -1.1045387851E+00
           ESPe = -1.1656320964E+01     ESPe at Nucleus = -1.1576649098E+01
           ESPn =  1.0554271568E+01     ESPn at Nucleus =  1.0472110313E+01

CP# 7      Coords =  4.02225054252389E+00 -1.91094262368590E+00 -1.07601811861316E-01
           Type = (3,-3) NACP C7
           Rho =  1.1766155290E+02     Rho at Nucleus =  1.1766155273E+02
           GradRho =  2.4104311656E-10  4.5526193164E-10 -6.3475299501E-10
           HessRho_EigVals = -1.4497809005E+05 -1.4497711769E+05 -1.4497679084E+05
           HessRho_EigVec1 =  8.3003187931E-01  7.9534807999E-02  5.5201566431E-01
           HessRho_EigVec2 =  9.2164837690E-03  9.8768797523E-01 -1.5616504094E-01
           HessRho_EigVec3 = -5.5763979033E-01  1.3470960582E-01  8.1907947499E-01
           DelSqRho = -4.3493199858E+05
           Bond Ellipticity = NA
           V = -1.0874320545E+05
           G =  5.1029023826E+00
           K =  1.0873810255E+05
           L =  1.0873299965E+05
           Vnuc =  3.8952527830E+06
           Ven = -4.5832149138E+08
           Vrep =  4.5821274818E+08
           DelSqV =  2.4947896568E+09
           DelSqVen =  1.6941699564E+12
           DelSqVrep = -1.6916751667E+12
           DelSqG =  1.3399937516E+08
           DelSqK = -2.6287890320E+09
           Stress_EigVals = -3.6248008326E+04 -3.6247849948E+04 -3.6247347176E+04
           Stress_EigVec1 = -5.6057244827E-01  5.0059938882E-02  8.2659091016E-01
           Stress_EigVec2 = -5.3249832116E-02  9.9392628837E-01 -9.6306742586E-02
           Stress_EigVec3 =  8.2639154498E-01  9.8002733670E-02  5.5450200953E-01
           -DivStress = -3.9923544174E+02 -6.9862805477E+02  9.5749137505E+02
           ESP =  -1.4727794587E+01     ESP at Nucleus =  -1.4727794605E+01
           ESPe = -2.5639802103E+01     ESPe at Nucleus = -2.5639802234E+01
           ESPn =  1.0912007517E+01     ESPn at Nucleus =  1.0912007630E+01

CP# 8      Coords =  4.87430051002585E+00 -3.49234032555044E+00 -1.04534020858411E+00
           Type = (3,-3) NACP H8
           Rho =  4.2883118074E-01     Rho at Nucleus =  4.2521974787E-01
           GradRho =  8.5530930618E-16  1.4558063261E-15  1.6775822098E-15
           HessRho_EigVals = -6.5550656453E+00 -6.5472918723E+00 -5.9559719622E+00
           HessRho_EigVec1 =  3.4992367014E-01  6.0529745068E-01 -7.1496043337E-01
           HessRho_EigVec2 =  8.3773316767E-01  1.3936099507E-01  5.2799777730E-01
           HessRho_EigVec3 = -4.1923330599E-01  7.8370498867E-01  4.5831203987E-01
           DelSqRho = -1.9058329480E+01
           Bond Ellipticity = NA
           V = -4.7736428804E+00
           G =  4.5302552478E-03
           K =  4.7691126252E+00
           L =  4.7645823699E+00
           Vnuc =  3.9943409609E+01
           Ven = -1.7128979505E+01
           Vrep =  1.2355336625E+01
           DelSqV =  7.1833458169E+02
           DelSqVen =  7.6125466087E+02
           DelSqVrep = -4.2920079172E+01
           DelSqG =  7.0930837020E+01
           DelSqK = -7.8926541872E+02
           Stress_EigVals = -1.6418890183E+00 -1.6408143721E+00 -1.4909394900E+00
           Stress_EigVec1 =  4.2649662351E-01  6.1671381398E-01 -6.6163789325E-01
           Stress_EigVec2 =  8.0125768435E-01  8.1761556411E-02  5.9270664849E-01
           Stress_EigVec3 = -4.1962692169E-01  7.8292983054E-01  4.5927565475E-01
           -DivStress =  3.2942940515E+00 -6.1531642551E+00 -3.6055202663E+00
           ESP =  -1.1027823646E+00     ESP at Nucleus =  -1.1052040564E+00
           ESPe = -1.1962289921E+01     ESPe at Nucleus = -1.1879273379E+01
           ESPn =  1.0859507556E+01     ESPn at Nucleus =  1.0774069323E+01

CP# 9      Coords = -2.95149482307022E+00  2.30444908531537E+00 -5.48930658235806E-02
           Type = (3,-3) NACP C9
           Rho =  1.1767566361E+02     Rho at Nucleus =  1.1767566339E+02
           GradRho = -5.6642546209E-10 -9.8548669225E-10 -1.0290479580E-10
           HessRho_EigVals = -1.4500050588E+05 -1.4499989207E+05 -1.4499873604E+05
           HessRho_EigVec1 = -5.7102700110E-01  8.0871348462E-01 -1.4110515160E-01
           HessRho_EigVec2 =  8.2074400941E-01  5.6607135349E-01 -7.7087572069E-02
           HessRho_EigVec3 = -1.7533825121E-02  1.5983029297E-01  9.8698877523E-01
           DelSqRho = -4.3499913398E+05
           Bond Ellipticity = NA
           V = -1.0876009501E+05
           G =  5.1557552313E+00
           K =  1.0875493925E+05
           L =  1.0874978350E+05
           Vnuc =  3.4568859222E+06
           Ven = -4.0679134492E+08
           Vrep =  4.0668258483E+08
           DelSqV =  2.4951794448E+09
           DelSqVen =  1.5037423288E+12
           DelSqVrep = -1.5012471658E+12
           DelSqG =  1.3402530412E+08
           DelSqK = -2.6292047489E+09
           Stress_EigVals = -3.6253672080E+04 -3.6253443937E+04 -3.6252978989E+04
           Stress_EigVec1 = -5.1321108483E-01 -3.0258436802E-01  8.0315445752E-01
           Stress_EigVec2 =  5.4769192888E-01  6.0502251401E-01  5.7791115976E-01
           Stress_EigVec3 = -6.6079341208E-01  7.3647162727E-01 -1.4478124459E-01
           -DivStress =  6.8188987359E+02  1.2335634408E+03  1.2813064428E+02
           ESP =  -1.4737431006E+01     ESP at Nucleus =  -1.4737431010E+01
           ESPe = -2.5864636386E+01     ESPe at Nucleus = -2.5864634058E+01
           ESPn =  1.1127205381E+01     ESPn at Nucleus =  1.1127203048E+01

CP# 10     Coords = -1.48084970914449E+00  3.55630271460238E+00 -6.08082248856524E-01
           Type = (3,-3) NACP H10
           Rho =  4.1387000839E-01     Rho at Nucleus =  4.1007521347E-01
           GradRho = -1.2524703497E-15 -1.7806936481E-15  1.0252215743E-15
           HessRho_EigVals = -6.3271494296E+00 -6.3251172372E+00 -5.7188149279E+00
           HessRho_EigVec1 = -7.7685047815E-02  4.7501534349E-01  8.7654175987E-01
           HessRho_EigVec2 = -6.7557003499E-01  6.2149428724E-01 -3.9667364262E-01
           HessRho_EigVec3 =  7.3319176289E-01  6.2298095828E-01 -2.7262531880E-01
           DelSqRho = -1.8371081595E+01
           Bond Ellipticity = NA
           V = -4.6022819177E+00
           G =  4.7557595229E-03
           K =  4.5975261582E+00
           L =  4.5927703987E+00
           Vnuc =  3.9482648254E+01
           Ven = -1.6340683964E+01
           Vrep =  1.1738402046E+01
           DelSqV =  6.9163311887E+02
           DelSqVen =  7.2533895265E+02
           DelSqVrep = -3.3705833781E+01
           DelSqG =  6.8311312741E+01
           DelSqK = -7.5994443161E+02
           Stress_EigVals = -1.5856620250E+00 -1.5848042866E+00 -1.4318156062E+00
           Stress_EigVec1 =  1.5445211096E-01  2.4346926657E-01  9.5753185934E-01
           Stress_EigVec2 = -6.6305645991E-01  7.4403895225E-01 -8.2232405442E-02
           Stress_EigVec3 =  7.3246206481E-01  6.2219671630E-01 -2.7635225680E-01
           -DivStress =  5.8019398921E+00  4.9266918165E+00 -2.2030639490E+00
           ESP =  -1.0765515059E+00     ESP at Nucleus =  -1.0791929380E+00
           ESPe = -1.2722883479E+01     ESPe at Nucleus = -1.2651320231E+01
           ESPn =  1.1646331973E+01     ESPn at Nucleus =  1.1572127293E+01

CP# 11     Coords = -4.33381431641637E+00  1.36293360449530E+00  1.75858247548889E+00
           Type = (3,-3) NACP C11
           Rho =  1.1765465817E+02     Rho at Nucleus =  1.1765465788E+02
           GradRho = -9.9396324504E-11 -8.9307812534E-10 -1.4256071323E-09
           HessRho_EigVals = -1.4497327122E+05 -1.4497280683E+05 -1.4497162679E+05
           HessRho_EigVec1 = -6.7821544562E-01  7.3448476074E-01 -2.3578497828E-02
           HessRho_EigVec2 =  7.8244214960E-03  3.9301295197E-02  9.9919677072E-01
           HessRho_EigVec3 =  7.3482146658E-01  6.7748619501E-01 -3.2401663786E-02
           DelSqRho = -4.3491770484E+05
           Bond Ellipticity = NA
           V = -1.0873976970E+05
           G =  5.1717437092E+00
           K =  1.0873459795E+05
           L =  1.0872942621E+05
           Vnuc =  3.0264195094E+06
           Ven = -3.5607235285E+08
           Vrep =  3.5596361308E+08
           DelSqV =  2.4947135568E+09
           DelSqVen =  1.3162434560E+12
           DelSqVrep = -1.3137487424E+12
           DelSqG =  1.3399902799E+08
           DelSqK = -2.6287125848E+09
           Stress_EigVals = -3.6246891104E+04 -3.6246653502E+04 -3.6246225092E+04
           Stress_EigVec1 = -6.0806858639E-01 -4.5608604560E-01  6.4979851743E-01
           Stress_EigVec2 =  3.9852921585E-01  5.3253325643E-01  7.4671466767E-01
           Stress_EigVec3 = -6.8660546048E-01  7.1301742602E-01 -1.4205313033E-01
           -DivStress =  7.2427044740E+01  8.3412272638E+02  1.3826627027E+03
           ESP =  -1.4735985182E+01     ESP at Nucleus =  -1.4735985190E+01
           ESPe = -2.5432532299E+01     ESPe at Nucleus = -2.5432529502E+01
           ESPn =  1.0696547117E+01     ESPn at Nucleus =  1.0696544312E+01

CP# 12     Coords = -4.80639458947375E+00  1.32146598688587E+00  3.71155735858437E+00
           Type = (3,-3) NACP H12
           Rho =  4.1505371301E-01     Rho at Nucleus =  4.1129702777E-01
           GradRho =  8.4741241801E-16 -6.2883726004E-16  9.9399655173E-16
           HessRho_EigVals = -6.3487814167E+00 -6.3461143399E+00 -5.7425417592E+00
           HessRho_EigVec1 =  5.6996398724E-01  8.0728000092E-01  1.5310144795E-01
           HessRho_EigVec2 =  7.8758126672E-01 -5.8986341646E-01  1.7826075907E-01
           HessRho_EigVec3 = -2.3421528890E-01 -1.8977619307E-02  9.7199951050E-01
           DelSqRho = -1.8437437516E+01
           Bond Ellipticity = NA
           V = -4.6187348152E+00
           G =  4.6877181368E-03
           K =  4.6140470971E+00
           L =  4.6093593789E+00
           Vnuc =  3.8519291681E+01
           Ven = -1.5987575035E+01
           Vrep =  1.1368840220E+01
           DelSqV =  6.9436400553E+02
           DelSqVen =  7.1019703352E+02
           DelSqVrep = -1.5833027986E+01
           DelSqG =  6.8599873454E+01
           DelSqK = -7.6296387899E+02
           Stress_EigVals = -1.5908885484E+00 -1.5901284524E+00 -1.4377178144E+00
           Stress_EigVec1 =  7.3522287869E-01  6.4971749793E-01  1.9316959268E-01
           Stress_EigVec2 = -6.3512492667E-01  7.5988965981E-01 -1.3850643462E-01
           Stress_EigVec3 = -2.3677763022E-01 -2.0853723808E-02  9.7134004140E-01
           -DivStress = -1.8827814367E+00 -1.7382055994E-01  7.6673785711E+00
           ESP =  -1.0768645474E+00     ESP at Nucleus =  -1.0794839096E+00
           ESPe = -1.1566533461E+01     ESPe at Nucleus = -1.1483046233E+01
           ESPn =  1.0489668914E+01     ESPn at Nucleus =  1.0403562324E+01

CP# 13     Coords = -4.67408351211053E+00  1.45433203033297E-01 -7.58264604659053E-01
           Type = (3,-3) NACP C13
           Rho =  1.1740451564E+02     Rho at Nucleus =  1.1740451434E+02
           GradRho = -1.3470724536E-11 -5.9574567501E-13  7.8779760493E-12
           HessRho_EigVals = -1.4463875275E+05 -1.4463780047E+05 -1.4463712454E+05
           HessRho_EigVec1 =  1.5104749034E-02  9.2262716266E-01  3.8539715266E-01
           HessRho_EigVec2 =  8.6299870600E-01 -2.0669191294E-01  4.6098989856E-01
           HessRho_EigVec3 = -5.0498027685E-01 -3.2563410732E-01  7.9934807696E-01
           DelSqRho = -4.3391367776E+05
           Bond Ellipticity = NA
           V = -1.0848855311E+05
           G =  5.0668349788E+00
           K =  1.0848348628E+05
           L =  1.0847841944E+05
           Vnuc =  1.4187504690E+06
           Ven = -1.6656771162E+08
           Vrep =  1.6645922307E+08
           DelSqV =  2.4889482739E+09
           DelSqVen =  6.1561523763E+11
           DelSqVrep = -6.1312628936E+11
           DelSqG =  1.3366304211E+08
           DelSqK = -2.6226113160E+09
           Stress_EigVals = -3.6162971510E+04 -3.6162909937E+04 -3.6162671663E+04
           Stress_EigVec1 =  6.4333085829E-01 -2.2606315643E-01  7.3145119869E-01
           Stress_EigVec2 = -7.6556311327E-01 -1.9770263771E-01  6.1223099124E-01
           Stress_EigVec3 = -6.2069609947E-03  9.5383914595E-01  3.0025382144E-01
           -DivStress = -2.6307209066E+03 -1.0922210089E+02 -2.1976593914E+03
           ESP =  -1.4697492153E+01     ESP at Nucleus =  -1.4697492217E+01
           ESPe = -2.6236320693E+01     ESPe at Nucleus = -2.6236315516E+01
           ESPn =  1.1538828540E+01     ESPn at Nucleus =  1.1538823299E+01

CP# 14     Coords =  1.68936154064740E+00 -8.50278690165892E-01  2.94701893657910E+00
           Type = (3,-3) NACP H14
           Rho =  4.2392714355E-01     Rho at Nucleus =  4.2017917762E-01
           GradRho =  3.5907505403E-16 -1.1490768494E-15  4.1707150581E-16
           HessRho_EigVals = -6.4524487767E+00 -6.4461853082E+00 -5.8487498921E+00
           HessRho_EigVec1 =  2.9726596091E-01  6.4620066825E-01 -7.0289234228E-01
           HessRho_EigVec2 =  8.2377639461E-01  1.9861401867E-01  5.3098486163E-01
           HessRho_EigVec3 = -4.8272704521E-01  7.3686984464E-01  4.7328366958E-01
           DelSqRho = -1.8747383977E+01
           Bond Ellipticity = NA
           V = -4.6961797119E+00
           G =  4.6668588427E-03
           K =  4.6915128531E+00
           L =  4.6868459943E+00
           Vnuc =  4.0333936433E+01
           Ven = -1.7098650460E+01
           Vrep =  1.2402470748E+01
           DelSqV =  7.0559887481E+02
           DelSqVen =  7.5615579362E+02
           DelSqVrep = -5.0556918816E+01
           DelSqG =  6.9435383130E+01
           DelSqK = -7.7503425794E+02
           Stress_EigVals = -1.6164225101E+00 -1.6158567926E+00 -1.4639004092E+00
           Stress_EigVec1 =  3.6408335195E-01  6.6167845335E-01 -6.5545780734E-01
           Stress_EigVec2 =  7.9568919047E-01  1.4479320315E-01  5.8814423442E-01
           Stress_EigVec3 = -4.8406820283E-01  7.3567421641E-01  4.7377359816E-01
           -DivStress = -3.8396936087E+00  5.8495470800E+00  3.7557272349E+00
           ESP =  -1.1034249372E+00     ESP at Nucleus =  -1.1059096200E+00
           ESPe = -1.3126103805E+01     ESPe at Nucleus = -1.3066418045E+01
           ESPn =  1.2022678868E+01     ESPn at Nucleus =  1.1960508425E+01

CP# 15     Coords =  4.30050900467342E+00  2.94062305006381E+00  1.89075874106517E+00
           Type = (3,-3) NACP H15
           Rho =  4.2452290223E-01     Rho at Nucleus =  4.2081326825E-01
           GradRho =  1.3757153375E-15  1.2978726921E-15  5.4261481173E-16
           HessRho_EigVals = -6.4632943021E+00 -6.4570110030E+00 -5.8623426217E+00
           HessRho_EigVec1 =  6.4781488211E-02  9.9583722345E-01 -6.4121627958E-02
           HessRho_EigVec2 =  9.9255877069E-01 -5.7662559545E-02  1.0724791817E-01
           HessRho_EigVec3 = -1.0310405186E-01  7.0592163968E-02  9.9216243674E-01
           DelSqRho = -1.8782647927E+01
           Bond Ellipticity = NA
           V = -4.7049706681E+00
           G =  4.6543432226E-03
           K =  4.7003163249E+00
           L =  4.6956619817E+00
           Vnuc =  3.9473904237E+01
           Ven = -1.6757576389E+01
           Vrep =  1.2052605721E+01
           DelSqV =  7.0713309964E+02
           DelSqVen =  7.4142444557E+02
           DelSqVrep = -3.4291345936E+01
           DelSqG =  6.9592579621E+01
           DelSqK = -7.7672567926E+02
           Stress_EigVals = -1.6191294710E+00 -1.6185769880E+00 -1.4672642091E+00
           Stress_EigVec1 =  1.5173146322E-01  9.8683009034E-01 -5.6070811174E-02
           Stress_EigVec2 =  9.8315662492E-01 -1.4483277365E-01  1.1147429545E-01
           Stress_EigVec3 = -1.0188529795E-01  7.2040547431E-02  9.9218422966E-01
           -DivStress = -8.1099825160E-01  5.5739803941E-01  7.8460662195E+00
           ESP =  -1.1025649267E+00     ESP at Nucleus =  -1.1050326397E+00
           ESPe = -1.2091020798E+01     ESPe at Nucleus = -1.2022852631E+01
           ESPn =  1.0988455871E+01     ESPn at Nucleus =  1.0917819991E+01

CP# 16     Coords = -6.36402952124311E+00  5.05302736661967E-01 -1.83139385775892E+00
           Type = (3,-3) NACP H16
           Rho =  4.3384084723E-01     Rho at Nucleus =  4.3031514227E-01
           GradRho =  3.0260624735E-15 -6.0384639997E-16  1.5171241000E-15
           HessRho_EigVals = -6.6306007377E+00 -6.6197773674E+00 -6.0312728040E+00
           HessRho_EigVec1 = -7.6529314794E-03  9.4776039202E-01  3.1889131685E-01
           HessRho_EigVec2 = -5.5410360902E-01 -2.6948390540E-01  7.8762149234E-01
           HessRho_EigVec3 =  8.3241253181E-01 -1.7067121624E-01  5.2721979556E-01
           DelSqRho = -1.9281650909E+01
           Bond Ellipticity = NA
           V = -4.8299271474E+00
           G =  4.7572100578E-03
           K =  4.8251699373E+00
           L =  4.8204127273E+00
           Vnuc =  4.0690227930E+01
           Ven = -1.7653082959E+01
           Vrep =  1.2823155812E+01
