AIMSum (Version 19.02.13, Professional)
Copyright (c) 1997-2019 by Todd A. Keith
AIMSum is a component of the AIMAll package ( http://aim.tkgristmill.com )

TP:  64-bit Linux

Much of the Quantum Theory of Atoms in Molecules (QTAIM) is described in the book:
  "Atoms in Molecules - A Quantum Theory"
  R.F.W. Bader, Oxford University Press, Oxford, 1990

For additional references see:  http://aim.tkgristmill.com/references.html

Wfn File:  /home/mhennefarth/Documents/ML_Diels/summary-levandowski2016/21-opt/21-opt.wfn
Sum File:  /home/mhennefarth/Documents/ML_Diels/summary-levandowski2016/21-opt/21-opt.sum

SumViz File:  /home/mhennefarth/Documents/ML_Diels/summary-levandowski2016/21-opt/21-opt.sumviz

Wfn Title:   Title Card Required                                                           
 
Total memory allocated for AIMSum =        0.904 Megabytes

Atomic units (a.u.) used throughout, except where stated otherwise

Model:  Restricted SCF
 
Restricted, closed-shell, single-determinant wavefunction.
  Number of electrons (from MO Occs)                   =          60.0000000000
  Number of Alpha electrons (from MO Occs)             =          30.0000000000
  Number of Beta electrons (from MO Occs)              =          30.0000000000
  Number of electron pairs (N*(N-1)/2)                 =        1770.0000000000
  Number of electron pairs (from Muller 2EDM)          =        1770.0000000000
 
Nuclear Charges and Cartesian Coordinates:
-------------------------------------------------------------------------------
Atom      Charge                X                  Y                  Z
-------------------------------------------------------------------------------
C1         6.0          -2.7425874700E+00   2.5513423500E+00  -1.3074310100E+00
H2         1.0          -2.3482306000E+00   4.5211863700E+00  -1.7334482000E+00
C3         6.0          -4.7975322900E+00   1.8964037800E+00   2.2218320000E-02
H4         1.0          -6.0768135900E+00   3.3899237500E+00   6.3735603000E-01
C5         6.0          -4.1747439200E+00  -2.7863945800E+00   5.4159975000E-01
H6         1.0          -4.9393869000E+00  -4.6053070100E+00   1.1112359900E+00
C7         6.0          -5.5649472600E+00  -6.7782399000E-01   7.4054333000E-01
H8         1.0          -7.4659298200E+00  -8.3325384000E-01   1.5199427800E+00
C9         6.0           6.2031580700E+00   3.9822690000E-01   1.1267737200E+00
C10        6.0           4.0762998000E+00   1.6247606700E+00   1.3495996700E+00
C11        6.0           4.2846315400E+00  -1.0469200000E-03  -9.3700853000E-01
H12        1.0           8.0225159900E+00  -9.0664370000E-02   1.9220942600E+00
H13        1.0           2.8639395800E+00   2.8561877400E+00   2.4415093300E+00
H14        1.0          -2.2526970300E+00  -2.7708141400E+00  -1.8883857000E-01
H15        1.0          -1.3972905500E+00   1.1637617500E+00  -2.0043325200E+00
H16        1.0           4.5597677100E+00   8.5851945000E-01  -2.7967446100E+00
N17        7.0           2.7348547000E+00  -2.2650470700E+00  -1.1752005000E+00
H18        1.0           3.5378412800E+00  -3.4957005500E+00  -2.4225900700E+00
H19        1.0           2.6466301700E+00  -3.1713189300E+00   5.2244756000E-01
 
Some Atomic Properties:
----------------------
  q(A) = Net Charge of Atom A
  L(A) = Lagrangian of Atom A = -(1/4) Times Atomic Integral of the Laplacian of the Electron Density
  K(A) = Electronic Kinetic Energy of Atom A (Hamiltonian Form)
  K_Scaled(A) = K(A) * E(Mol)/K(Mol) = Approximation to Virial-Based Total Energy of Atom A.
  |Mu_Intra(A)| = Magnitude of Intraatomic Dipole Moment of Atom A
--------------------------------------------------------------------------------------------------
Atom A          q(A)              L(A)              K(A)          K_Scaled(A)      |Mu_Intra(A)|
--------------------------------------------------------------------------------------------------
C1       -9.7702689700E-02 -1.2078894920E-04  3.7711421960E+01 -3.8091961508E+01  1.2574024660E-01
H2        3.2809464300E-02  1.7500382003E-05  5.9862697670E-01 -6.0466761976E-01  1.5005688371E-01
C3       -3.3386435500E-02 -2.3741114802E-05  3.7698059029E+01 -3.8078463734E+01  6.2231034256E-02
H4        2.2091043790E-02  2.1871224319E-05  6.0792500452E-01 -6.1405947240E-01  1.5399194156E-01
C5       -1.0040925530E-01 -4.0477956893E-05  3.7713722007E+01 -3.8094284764E+01  1.3132794013E-01
H6        3.2303065540E-02  1.8390371225E-05  5.9884880205E-01 -6.0489168351E-01  1.5027943119E-01
C7       -3.2257104200E-02  1.5627859078E-05  3.7697652645E+01 -3.8078053249E+01  6.3060047203E-02
H8        2.2344249730E-02  1.9354893957E-05  6.0784358844E-01 -6.1397723476E-01  1.5390655821E-01
C9       -1.6903376570E-01 -1.2483556739E-05  3.7777768895E+01 -3.8158977939E+01  2.4982062770E-01
C10      -1.4237630540E-01 -9.7092475964E-05  3.7772296105E+01 -3.8153449923E+01  2.4800941544E-01
C11       4.3794606570E-01  2.6710440098E-04  3.7378196839E+01 -3.7755373869E+01  4.0848225998E-01
H12       1.0288110122E-01  2.1930218100E-05  5.6258983518E-01 -5.6826683356E-01  1.4807555586E-01
H13       1.1282621326E-01  1.6083226557E-05  5.5901185018E-01 -5.6465274373E-01  1.4570306641E-01
H14       7.3468368170E-02  2.0459614143E-05  5.8237925935E-01 -5.8825594945E-01  1.3169567212E-01
H15       7.3204721990E-02  2.7442507542E-06  5.8314147525E-01 -5.8902585674E-01  1.3130631072E-01
H16       2.0602107070E-02  3.4387709496E-05  6.1319047113E-01 -6.1937807194E-01  1.5639726100E-01
N17      -1.0485963554E+00  3.1417015725E-04  5.4668910334E+01 -5.5220565014E+01  2.4176029465E-01
H18       3.4616405539E-01  2.7989127584E-05  4.7591053286E-01 -4.8071286514E-01  1.9962179064E-01
H19       3.4765753633E-01  3.6450701127E-05  4.7369624508E-01 -4.7847623336E-01  2.0355481537E-01
--------------------------------------------------------------------------------------------------
Total     5.3608129000E-04  5.3948008298E-04  3.2468119185E+02 -3.2795749456E+02
 
1st Largest |L(A)| = 3.1417015725E-04, atom N17     
2nd Largest |L(A)| = 2.6710440098E-04, atom C11     
 
Molecular charge q(Mol) from the wfn file:   0.0000000000E+00
Molecular energy E(Mol) from the wfn file:  -3.2795740598E+02
Molecular virial ratio (-V(Mol)/T(Mol)) from the wfn file:   2.0100908300E+00
Note.  K_Scaled(A) = (1+V(Mol)/T(Mol))*K(A) = (E(Mol)/T(Mol))*K(A)
       Only use K_Scaled(A) data with caution.
 
N_AIMInt(SumA)     =         59.999464
N_Analytic(Mol)    =         59.999991
 
G_AIMInt(SumA)     =        324.680652
G_Analytic(Mol)    =        324.681083
 
K_AIMInt(SumA)     =        324.681192
K_Analytic(Mol)    =        324.681083
 
L_AIMInt(SumA)     =          0.000539
L_Analytic(Mol)    =          0.000000
 
VenT_AIMInt(SumA)  =      -1390.231088
VenT_Analytic(Mol) =      -1390.236842
 
Some Information About the Atomic Calculations:
----------------------------------------------
  Time(sec) = "Elapsed User Time", in Seconds, for Atom A by AIMInt and, if used, by TWOe
  NProc = Number of Processors Used for AIMInt Job
  BIM = Basin Integration Method
  OAQ = Angular Quadrature Outside of Beta Sphere
  ORQ = Multiple of Default for Radial Quadrature Outside of Beta Sphere
  IAQ = Multiple of Default for Angular Quadrature Inside of Beta Sphere
  IRQ = Multiple of Default for Radial Quadrature Inside of Beta Sphere
  MIR = Maximum Integration Radius
------------------------------------------------------------------------------------------------------
Atom A     Time(sec)   NProc      BIM          OAQ                     ORQ      IAQ      IRQ      MIR
------------------------------------------------------------------------------------------------------
C1             55        8     Proaim(5)    4500(GS4)                  1.00     1.00     1.00    13.00
H2              9        8     Proaim(5)    1800(GS4)                  1.00     1.00     1.00    13.00
C3             40        8     Proaim(5)    4500(GS4)                  1.00     1.00     1.00    13.00
H4             13        8     Proaim(5)    1800(GS4)                  1.00     1.00     1.00    13.00
C5             41        8     Proaim(5)    4500(GS4)                  1.00     1.00     1.00    13.00
H6              8        8     Proaim(5)    1800(GS4)                  1.00     1.00     1.00    13.00
C7             41        8     Proaim(5)    4500(GS4)                  1.00     1.00     1.00    13.00
H8              6        8     Proaim(5)    1800(GS4)                  1.00     1.00     1.00    13.00
C9             30        8     Proaim(5)    4500(GS4)                  1.00     1.00     1.00    13.00
C10            46        8     Proaim(5)    4500(GS4)                  1.00     1.00     1.00    13.00
C11            83        8     Proaim(5)    4500(GS4)                  1.00     1.00     1.00    13.00
H12             8        8     Proaim(5)    1800(GS4)                  1.00     1.00     1.00    13.00
H13            15        8     Proaim(5)    1800(GS4)                  1.00     1.00     1.00    13.00
H14            24        8     Proaim(5)    4500(GS4)                  1.00     1.00     1.00    13.00
H15            54        8     Proaim(5)    4500(GS4)                  1.00     1.00     1.00    13.00
H16             8        8     Proaim(5)    1800(GS4)                  1.00     1.00     1.00    13.00
N17            86        8     Proaim(5)    4500(GS4)                  1.00     1.00     1.00    13.00
H18             7        8     Proaim(5)    1800(GS4)                  1.00     1.00     1.00    13.00
H19            16        8     Proaim(5)    1800(GS4)                  1.00     1.00     1.00    13.00
------------------------------------------------------------------------------------------------------
Total         590
Note:  Total wall clock time is less than total of atomic times if more than one atom
       was calculated at a time
 
Electron Density Critical Point Analysis of Molecular Structure:               
---------------------------------------------------------------                
  NACP = Nuclear Attractor Critical Point                                      
  NNACP = Non-Nuclear Attractor Critical Point                                 
  BCP = Bond Critical Point                                                    
  RCP = Ring Critical Point                                                    
  CCP = Cage Critical Point                                                    
  Rho = Electron Density                                                       
  GradRho = Gradient of Electron Density                                       
  HessRho_EigVals = Eigenvalues of the Hessian of Rho, Ascending Order         
  HessRho_EigVecs = Eigenvectors of the Hessian of Rho                         
  DelSqRho = Laplacian of Rho = Trace of Hessian of Rho                        
  Bond Ellipticity = (HessRho_EigVal(1) / HessRho_EigVal(2)) - 1               
  V = Virial Field = Potential Energy Density = Trace of Stress Tensor         
  G = Lagrangian Form of Kinetic Energy Density                                
  K = Hamiltonian Form of Kinetic Energy Density                               
  L = K - G = Lagrangian Density = (-1/4)DelSqRho                              
  Vnuc = Electrostatic Potential from Nuclei                                   
  Ven = Electron-nuclear attractive contribution to Virial Field V             
  Vrep = V - Ven = Repulsive contribution to Virial Field V                    
  DelSqV = Laplacian of V                                                      
  DelSqVen = Laplacian of Ven                                                  
  DelSqVrep = Laplacian of Vrep                                                
  DelSqG = Laplacian of G                                                      
  DelSqK = Laplacian of K                                                      
  Stress_EigVals = Eigenvalues of Stress Tensor, Ascending Order               
  Stress_EigVecs = Eigenvectors of Stress Tensor                               
  -DivStress = Ehrenfest Force Density = Minus Divergence of Stress Tensor     
  ESP = Total Electrostatic Potential                                          
  ESPe = Electrostatic Potential from Electrons                                
  ESPn = Electrostatic Potential from Nuclei                                   
  BP = Bond Path                                                               
  BPL = Bond Path Length                                                       
  GBL = Geometric Bond Length                                                  
  GBL_I = Distance Between Nuclear Attractors                                  
  GBL_II = Distance Between Nuclei                                             
  GBL_III = Sum of Distances Between BCP and Nuclear Attractors                
  GBL_IV = Sum of Distances Between BCP and Nuclei                             

CP# 1      Coords = -2.74258698685996E+00  2.55134304417339E+00 -1.30743130308959E+00
           Type = (3,-3) NACP C1
           Rho =  1.1768013807E+02     Rho at Nucleus =  1.1768013801E+02
           GradRho =  5.5314156033E-11  1.2954386348E-10 -6.4642520503E-11
           HessRho_EigVals = -1.4501049388E+05 -1.4500949352E+05 -1.4500928661E+05
           HessRho_EigVec1 =  5.3548431879E-01  6.9462209020E-02  8.4168375644E-01
           HessRho_EigVec2 =  9.1339300165E-02  9.8600283185E-01 -1.3948314534E-01
           HessRho_EigVec3 =  8.3959137476E-01 -1.5156984234E-01 -5.2164442517E-01
           DelSqRho = -4.3502927402E+05
           Bond Ellipticity = NA
           V = -1.0876756699E+05
           G =  5.1242403519E+00
           K =  1.0876244275E+05
           L =  1.0875731851E+05
           Vnuc =  6.7031781137E+06
           Ven = -7.8883092594E+08
           Vrep =  7.8872215837E+08
           DelSqV =  2.4953563392E+09
           DelSqVen =  2.9160785838E+12
           DelSqVrep = -2.9135832275E+12
           DelSqG =  1.3403915749E+08
           DelSqK = -2.6293954967E+09
           Stress_EigVals = -3.6256105071E+04 -3.6256005926E+04 -3.6255455989E+04
           Stress_EigVec1 =  8.4116371493E-01  8.0979390492E-02 -5.3468303040E-01
           Stress_EigVec2 = -1.0849793148E-01  9.9389221422E-01 -2.0160986550E-02
           Stress_EigVec3 =  5.2978467659E-01  7.4970693140E-02  8.4481216352E-01
           -DivStress = -3.9233113998E+02 -5.6509528122E+02  2.3974223361E+02
           ESP =  -1.4760331185E+01     ESP at Nucleus =  -1.4760331195E+01
           ESPe = -2.4920404412E+01     ESPe at Nucleus = -2.4920405327E+01
           ESPn =  1.0160073227E+01     ESPn at Nucleus =  1.0160074131E+01

CP# 2      Coords = -2.35487819095965E+00  4.48794568844550E+00 -1.72624919592004E+00
           Type = (3,-3) NACP H2
           Rho =  4.2646282385E-01     Rho at Nucleus =  4.2282528844E-01
           GradRho = -5.2282943491E-10 -2.6158453142E-09  5.6634337991E-10
           HessRho_EigVals = -6.4982205864E+00 -6.4921976216E+00 -5.9030431322E+00
           HessRho_EigVec1 =  8.3672633906E-01 -2.7094366253E-01 -4.7589764158E-01
           HessRho_EigVec2 =  5.1274934042E-01  8.2466277655E-02  8.5456856188E-01
           HessRho_EigVec3 =  1.9229442899E-01  9.5905622608E-01 -2.0792789085E-01
           DelSqRho = -1.8893461340E+01
           Bond Ellipticity = NA
           V = -4.7327876599E+00
           G =  4.7111623939E-03
           K =  4.7280764975E+00
           L =  4.7233653351E+00
           Vnuc =  3.9409402625E+01
           Ven = -1.6806645130E+01
           Vrep =  1.2073857470E+01
           DelSqV =  7.1174325310E+02
           DelSqVen =  7.4458002948E+02
           DelSqVrep = -3.2836776376E+01
           DelSqG =  7.0092946001E+01
           DelSqK = -7.8183619910E+02
           Stress_EigVals = -1.6279783576E+00 -1.6274391221E+00 -1.4773701803E+00
           Stress_EigVec1 =  8.1110421999E-01 -2.7613498483E-01 -5.1561556849E-01
           Stress_EigVec2 =  5.5193260071E-01  6.9557554895E-02  8.3098264172E-01
           Stress_EigVec3 =  1.9359842096E-01  9.5859856911E-01 -2.0882632663E-01
           -DivStress =  1.5074520099E+00  7.5310147771E+00 -1.6317156265E+00
           ESP =  -1.1204197928E+00     ESP at Nucleus =  -1.1228540647E+00
           ESPe = -1.1673837454E+01     ESPe at Nucleus = -1.1596664208E+01
           ESPn =  1.0553417661E+01     ESPn at Nucleus =  1.0473810143E+01

CP# 3      Coords = -4.79753334871397E+00  1.89640288639878E+00  2.22190168315738E-02
           Type = (3,-3) NACP C3
           Rho =  1.1765629872E+02     Rho at Nucleus =  1.1765629854E+02
           GradRho = -6.1690807410E-10 -4.8293016743E-10  3.8059965422E-10
           HessRho_EigVals = -1.4497121515E+05 -1.4497032179E+05 -1.4496995374E+05
           HessRho_EigVec1 =  5.1632081307E-01  1.0911429200E-01  8.4941561634E-01
           HessRho_EigVec2 =  5.0296345286E-02 -9.9400151783E-01  9.7114675533E-02
           HessRho_EigVec3 =  8.5491701097E-01 -7.4198271012E-03 -5.1871172198E-01
           DelSqRho = -4.3491149067E+05
           Bond Ellipticity = NA
           V = -1.0873807279E+05
           G =  5.1000615967E+00
           K =  1.0873297273E+05
           L =  1.0872787267E+05
           Vnuc =  3.8689877935E+06
           Ven = -4.5521078357E+08
           Vrep =  4.5510204549E+08
           DelSqV =  2.4946720839E+09
           DelSqVen =  1.6826671596E+12
           DelSqVrep = -1.6801724875E+12
           DelSqG =  1.3399269139E+08
           DelSqK = -2.6286647753E+09
           Stress_EigVals = -3.6246297254E+04 -3.6246128716E+04 -3.6245646822E+04
           Stress_EigVec1 = -8.4895656422E-01 -6.2126700451E-02  5.2479808037E-01
           Stress_EigVec2 = -1.0489457967E-01  9.9311668564E-01 -5.2118862753E-02
           Stress_EigVec3 =  5.1794775723E-01  9.9295124708E-02  8.4962968344E-01
           -DivStress =  8.5698919866E+02  7.2855702711E+02 -5.6406933221E+02
           ESP =  -1.4747870316E+01     ESP at Nucleus =  -1.4747870335E+01
           ESPe = -2.5269100537E+01     ESPe at Nucleus = -2.5269100945E+01
           ESPn =  1.0521230221E+01     ESPn at Nucleus =  1.0521230610E+01

CP# 4      Coords = -6.05577085160347E+00  3.36514672837321E+00  6.27262029480744E-01
           Type = (3,-3) NACP H4
           Rho =  4.3116486288E-01     Rho at Nucleus =  4.2760252949E-01
           GradRho = -2.0803671286E-15  6.6041464832E-16 -2.9707139526E-16
           HessRho_EigVals = -6.5941292098E+00 -6.5859435252E+00 -5.9979308723E+00
           HessRho_EigVec1 = -6.0227756527E-01 -6.8019099345E-01  4.1785397784E-01
           HessRho_EigVec2 =  5.0599297602E-01  7.9579547254E-02  8.5885866351E-01
           HessRho_EigVec3 = -6.1744055794E-01  7.2870248256E-01  2.9624288907E-01
           DelSqRho = -1.9178003607E+01
           Bond Ellipticity = NA
           V = -4.8036723160E+00
           G =  4.5857070720E-03
           K =  4.7990866089E+00
           L =  4.7945009018E+00
           Vnuc =  3.9855067543E+01
           Ven = -1.7184104732E+01
           Vrep =  1.2380432416E+01
           DelSqV =  7.2315557059E+02
           DelSqVen =  7.6434062910E+02
           DelSqVrep = -4.1185058510E+01
           DelSqG =  7.1435774338E+01
           DelSqK = -7.9459134493E+02
           Stress_EigVals = -1.6516543735E+00 -1.6505523727E+00 -1.5014655697E+00
           Stress_EigVec1 = -5.8380230609E-01 -6.7791702334E-01  4.4676993730E-01
           Stress_EigVec2 =  5.2636966887E-01  1.0293158710E-01  8.4400240525E-01
           Stress_EigVec3 = -6.1815033697E-01  7.2789669448E-01  2.9674326118E-01
           -DivStress = -4.8376700038E+00  5.6957864940E+00  2.3207143687E+00
           ESP =  -1.1230891254E+00     ESP at Nucleus =  -1.1254757440E+00
           ESPe = -1.1599240453E+01     ESPe at Nucleus = -1.1517615926E+01
           ESPn =  1.0476151327E+01     ESPn at Nucleus =  1.0392140182E+01

CP# 5      Coords = -4.17474394355295E+00 -2.78639548647407E+00  5.41599838622258E-01
           Type = (3,-3) NACP C5
           Rho =  1.1768188156E+02     Rho at Nucleus =  1.1768188150E+02
           GradRho = -7.3274199208E-12 -1.5205794263E-10  2.3242185954E-11
           HessRho_EigVals = -1.4501335205E+05 -1.4501234840E+05 -1.4501214176E+05
           HessRho_EigVec1 =  3.3491423150E-01  1.5066198409E-01  9.3012548836E-01
           HessRho_EigVec2 =  4.5970130333E-01  8.3555487517E-01 -3.0087000898E-01
           HessRho_EigVec3 = -8.2250055882E-01  5.2834554709E-01  2.1057970844E-01
           DelSqRho = -4.3503784221E+05
           Bond Ellipticity = NA
           V = -1.0876970787E+05
           G =  5.1236606892E+00
           K =  1.0876458421E+05
           L =  1.0875946055E+05
           Vnuc =  6.5854532389E+06
           Ven = -7.7498852805E+08
           Vrep =  7.7487975834E+08
           DelSqV =  2.4954060428E+09
           DelSqVen =  2.8649210511E+12
           DelSqVrep = -2.8624255140E+12
           DelSqG =  1.3404249529E+08
           DelSqK = -2.6294485381E+09
           Stress_EigVals = -3.6256818407E+04 -3.6256720381E+04 -3.6256169086E+04
           Stress_EigVec1 = -6.8646779379E-01  7.1357156944E-01  1.3991991773E-01
           Stress_EigVec2 =  6.4131690955E-01  6.8481120728E-01 -3.4604368496E-01
           Stress_EigVec3 =  3.4274566316E-01  1.4781483575E-01  9.2772635228E-01
           -DivStress =  1.9967623320E+01  7.3806481938E+02 -7.2187409807E+01
           ESP =  -1.4760836189E+01     ESP at Nucleus =  -1.4760836200E+01
           ESPe = -2.4503248447E+01     ESPe at Nucleus = -2.4503249529E+01
           ESPn =  9.7424122572E+00     ESPn at Nucleus =  9.7424133294E+00

CP# 6      Coords = -4.92646242688360E+00 -4.57463796169947E+00  1.10163879786413E+00
           Type = (3,-3) NACP H6
           Rho =  4.2647178024E-01     Rho at Nucleus =  4.2283770362E-01
           GradRho =  2.9209495472E-12  6.9315551766E-12 -2.1694596532E-12
           HessRho_EigVals = -6.4983952310E+00 -6.4924652206E+00 -5.9035866070E+00
           HessRho_EigVec1 =  8.5327885025E-01 -4.4416371753E-01 -2.7319186619E-01
           HessRho_EigVec2 =  3.6501122981E-01  1.3460400218E-01  9.2122123549E-01
           HessRho_EigVec3 =  3.7240033007E-01  8.8577669569E-01 -2.7697949299E-01
           DelSqRho = -1.8894447059E+01
           Bond Ellipticity = NA
           V = -4.7330695648E+00
           G =  4.7289000553E-03
           K =  4.7283406647E+00
           L =  4.7236117647E+00
           Vnuc =  3.8847784984E+01
           Ven = -1.6567484020E+01
           Vrep =  1.1834414456E+01
           DelSqV =  7.1180017775E+02
           DelSqVen =  7.3400741674E+02
           DelSqVrep = -2.2207238995E+01
           DelSqG =  7.0098977139E+01
           DelSqK = -7.8189915489E+02
           Stress_EigVals = -1.6280469680E+00 -1.6275118086E+00 -1.4775107882E+00
           Stress_EigVec1 =  8.7003925301E-01 -4.3587737695E-01 -2.3030981411E-01
           Stress_EigVec2 =  3.2474494002E-01  1.5524522205E-01  9.3297354998E-01
           Stress_EigVec3 =  3.7090756550E-01  8.8651555728E-01 -2.7661840966E-01
           -DivStress = -2.9271540393E+00 -6.9498007378E+00  2.1742151503E+00
           ESP =  -1.1207886069E+00     ESP at Nucleus =  -1.1232214855E+00
           ESPe = -1.1097915776E+01     ESPe at Nucleus = -1.1019515490E+01
           ESPn =  9.9771271691E+00     ESPn at Nucleus =  9.8962940044E+00

CP# 7      Coords = -5.56494762655615E+00 -6.77822465117070E-01  7.40543272784208E-01
           Type = (3,-3) NACP C7
           Rho =  1.1765522605E+02     Rho at Nucleus =  1.1765522587E+02
           GradRho = -2.5529191261E-10  8.4993867565E-10 -3.2229623484E-11
           HessRho_EigVals = -1.4496970053E+05 -1.4496882222E+05 -1.4496844940E+05
           HessRho_EigVec1 =  3.7800156769E-01  1.6271187304E-01  9.1139434999E-01
           HessRho_EigVec2 =  5.6811346299E-01  7.3652655572E-01 -3.6711813615E-01
           HessRho_EigVec3 = -7.3100062106E-01  6.5654663132E-01  1.8596938704E-01
           DelSqRho = -4.3490697214E+05
           Bond Ellipticity = NA
           V = -1.0873694542E+05
           G =  5.1011911983E+00
           K =  1.0873184423E+05
           L =  1.0872674304E+05
           Vnuc =  3.8232139017E+06
           Ven = -4.4982109584E+08
           Vrep =  4.4971235889E+08
           DelSqV =  2.4946461064E+09
           DelSqVen =  1.6627423314E+12
           DelSqVrep = -1.6602476853E+12
           DelSqG =  1.3399111821E+08
           DelSqK = -2.6286372247E+09
           Stress_EigVals = -3.6245921094E+04 -3.6245751241E+04 -3.6245273084E+04
           Stress_EigVec1 = -6.8960470535E-01  7.0697111240E-01  1.5696240499E-01
           Stress_EigVec2 =  6.2248875072E-01  6.8943250325E-01 -3.7039246576E-01
           Stress_EigVec3 =  3.7007175733E-01  1.5771705582E-01  9.1551746282E-01
           -DivStress =  2.9370192198E+02 -1.2380173144E+03  4.8401137701E+01
           ESP =  -1.4748245510E+01     ESP at Nucleus =  -1.4748245529E+01
           ESPe = -2.5112199410E+01     ESPe at Nucleus = -2.5112199639E+01
           ESPn =  1.0363953900E+01     ESPn at Nucleus =  1.0363954109E+01

CP# 8      Coords = -7.43453506464579E+00 -8.30525351542235E-01  1.50705692244015E+00
           Type = (3,-3) NACP H8
           Rho =  4.3115153514E-01     Rho at Nucleus =  4.2758778781E-01
           GradRho =  1.0733392842E-10  9.3723126590E-12 -4.4056175375E-11
           HessRho_EigVals = -6.5938191522E+00 -6.5856132625E+00 -5.9974771060E+00
           HessRho_EigVec1 = -1.2626946207E-01  9.8736008861E-01 -9.5791849150E-02
           HessRho_EigVec2 =  3.6589171436E-01  1.3611217765E-01  9.2065016616E-01
           HessRho_EigVec3 =  9.2205166683E-01  8.1200557331E-02 -3.7845368697E-01
           DelSqRho = -1.9176909521E+01
           Bond Ellipticity = NA
           V = -4.8033866635E+00
           G =  4.5796416573E-03
           K =  4.7988070218E+00
           L =  4.7942273802E+00
           Vnuc =  3.9665052462E+01
           Ven = -1.7101648261E+01
           Vrep =  1.2298261597E+01
           DelSqV =  7.2310480855E+02
           DelSqVen =  7.6065312240E+02
           DelSqVrep = -3.7548313852E+01
           DelSqG =  7.1429513512E+01
           DelSqK = -7.9453432207E+02
           Stress_EigVals = -1.6515712623E+00 -1.6504662186E+00 -1.5013491826E+00
           Stress_EigVec1 = -1.3792076054E-01  9.8208212476E-01 -1.2842337807E-01
           Stress_EigVec2 =  3.6133092309E-01  1.7061720281E-01  9.1669500606E-01
           Stress_EigVec3 =  9.2218101685E-01  8.0027934673E-02 -3.7838829506E-01
           -DivStress = -7.2169741436E+00 -6.2690488165E-01  2.9622089627E+00
           ESP =  -1.1234943289E+00     ESP at Nucleus =  -1.1258815703E+00
           ESPe = -1.1416400624E+01     ESPe at Nucleus = -1.1334699104E+01
           ESPn =  1.0292906295E+01     ESPn at Nucleus =  1.0208817534E+01

CP# 9      Coords =  6.20315679902037E+00  3.98226437580239E-01  1.12677259658341E+00
           Type = (3,-3) NACP C9
           Rho =  1.1766902241E+02     Rho at Nucleus =  1.1766902219E+02
           GradRho = -8.9194316854E-10 -3.1977128291E-10 -7.3668701304E-10
           HessRho_EigVals = -1.4499245877E+05 -1.4499193210E+05 -1.4499076382E+05
           HessRho_EigVec1 =  5.2082523173E-01  7.8532032296E-01 -3.3468353461E-01
           HessRho_EigVec2 = -7.6155906905E-01  2.5029393437E-01 -5.9781329089E-01
           HessRho_EigVec3 = -3.8570566803E-01  5.6623752680E-01  7.2842721043E-01
           DelSqRho = -4.3497515469E+05
           Bond Ellipticity = NA
           V = -1.0875410993E+05
           G =  5.1606290161E+00
           K =  1.0874894930E+05
           L =  1.0874378867E+05
           Vnuc =  3.4125807149E+06
           Ven = -4.0155503663E+08
           Vrep =  4.0144628252E+08
           DelSqV =  2.4950428603E+09
           DelSqVen =  1.4843879137E+12
           DelSqVrep = -1.4818928709E+12
           DelSqG =  1.3401813675E+08
           DelSqK = -2.6290609971E+09
           Stress_EigVals = -3.6251674717E+04 -3.6251439033E+04 -3.6250996180E+04
           Stress_EigVec1 =  8.2141100163E-01 -5.3669466184E-01 -1.9298395364E-01
           Stress_EigVec2 =  3.7822803190E-01  2.5934091607E-01  8.8864269824E-01
           Stress_EigVec3 =  4.2688115711E-01  8.0293282982E-01 -4.1601844731E-01
           -DivStress =  1.0354384288E+03  3.7402900991E+02  9.1797123129E+02
           ESP =  -1.4727486064E+01     ESP at Nucleus =  -1.4727486070E+01
           ESPe = -2.4797985733E+01     ESPe at Nucleus = -2.4797983012E+01
           ESPn =  1.0070499669E+01     ESPn at Nucleus =  1.0070496942E+01

CP# 10     Coords =  4.07629991585361E+00  1.62475922887833E+00  1.34959791527345E+00
           Type = (3,-3) NACP C10
           Rho =  1.1765940250E+02     Rho at Nucleus =  1.1765940212E+02
           GradRho =  9.0054549213E-11 -1.6205128593E-09 -1.9686094304E-09
           HessRho_EigVals = -1.4497879718E+05 -1.4497827454E+05 -1.4497714182E+05
           HessRho_EigVec1 =  3.6981839980E-01  8.5325069234E-01 -3.6769227242E-01
           HessRho_EigVec2 = -4.4185400952E-01  5.0964778809E-01  7.3825752036E-01
           HessRho_EigVec3 =  8.1731229370E-01 -1.1055490998E-01  5.6548936899E-01
           DelSqRho = -4.3493421354E+05
           Bond Ellipticity = NA
           V = -1.0874389366E+05
           G =  5.1701388606E+00
           K =  1.0873872352E+05
           L =  1.0873355339E+05
           Vnuc =  2.6389815360E+06
           Ven = -3.1050099073E+08
           Vrep =  3.1039224683E+08
           DelSqV =  2.4948074220E+09
           DelSqVen =  1.1477833155E+12
           DelSqVrep = -1.1452884998E+12
           DelSqG =  1.3400374980E+08
           DelSqK = -2.6288111718E+09
           Stress_EigVals = -3.6248277386E+04 -3.6248023817E+04 -3.6247592461E+04
           Stress_EigVec1 =  8.9024152216E-01 -4.5525010237E-01 -1.4743694002E-02
           Stress_EigVec2 =  2.1279111062E-01  3.8705745101E-01  8.9716580009E-01
           Stress_EigVec3 =  4.0272816572E-01  8.0183157453E-01 -4.4144778925E-01
           -DivStress = -9.5916524118E+01  1.1725015964E+03  1.4312498348E+03
           ESP =  -1.4727049334E+01     ESP at Nucleus =  -1.4727049346E+01
           ESPe = -2.5462795448E+01     ESPe at Nucleus = -2.5462792201E+01
           ESPn =  1.0735746114E+01     ESPn at Nucleus =  1.0735742855E+01

CP# 11     Coords =  4.28463121567075E+00 -1.04806543674682E-03 -9.37004421562324E-01
           Type = (3,-3) NACP C11
           Rho =  1.1740484592E+02     Rho at Nucleus =  1.1740484460E+02
           GradRho =  4.6808622842E-11  2.4426603784E-15  7.7859160362E-12
           HessRho_EigVals = -1.4464036046E+05 -1.4463936239E+05 -1.4463861330E+05
           HessRho_EigVec1 =  5.4917009411E-01  7.1488157145E-01  4.3284702441E-01
           HessRho_EigVec2 = -8.9176401433E-02 -4.6485385876E-01  8.8088504325E-01
           HessRho_EigVec3 =  8.3093909354E-01 -5.2235546211E-01 -1.9153327137E-01
           DelSqRho = -4.3391833616E+05
           Bond Ellipticity = NA
           V = -1.0848973501E+05
           G =  5.0754837697E+00
           K =  1.0848465952E+05
           L =  1.0847958404E+05
           Vnuc =  1.4027204754E+06
           Ven = -1.6468618129E+08
           Vrep =  1.6457769156E+08
           DelSqV =  2.4889763424E+09
           DelSqVen =  6.0866612634E+11
           DelSqVrep = -6.0617714795E+11
           DelSqG =  1.3366561783E+08
           DelSqK = -2.6226419602E+09
           Stress_EigVals = -3.6163369866E+04 -3.6163316351E+04 -3.6163048789E+04
           Stress_EigVec1 = -4.1899951405E-01 -1.0805166160E-01  9.0153438407E-01
           Stress_EigVec2 =  6.7996760937E-01 -6.9534304356E-01  2.3268455465E-01
           Stress_EigVec3 =  6.0173370973E-01  7.1050889523E-01  3.6482002738E-01
           -DivStress =  2.6448670734E+02  9.2354195691E+02 -3.3325225089E+03
           ESP =  -1.4687434590E+01     ESP at Nucleus =  -1.4687434657E+01
           ESPe = -2.6310474953E+01     ESPe at Nucleus = -2.6310470779E+01
           ESPn =  1.1623040363E+01     ESPn at Nucleus =  1.1623036122E+01

CP# 12     Coords =  7.99062239064515E+00 -8.21467242421541E-02  1.90823860909712E+00
           Type = (3,-3) NACP H12
           Rho =  4.1420383507E-01     Rho at Nucleus =  4.1043083299E-01
           GradRho = -4.4298375962E-10  1.1807673477E-10 -1.9305938978E-10
           HessRho_EigVals = -6.3328159569E+00 -6.3306686412E+00 -5.7262333777E+00
           HessRho_EigVec1 = -1.2378928454E-01  6.9982601512E-01  7.0350533871E-01
           HessRho_EigVec2 = -4.3993476497E-01 -6.7418066567E-01  5.9324348510E-01
           HessRho_EigVec3 =  8.8945692173E-01 -2.3605926926E-01  3.9133413573E-01
           DelSqRho = -1.8389717976E+01
           Bond Ellipticity = NA
           V = -4.6068666937E+00
           G =  4.7185998887E-03
           K =  4.6021480938E+00
           L =  4.5974294939E+00
           Vnuc =  3.7694087409E+01
           Ven = -1.5613035564E+01
           Vrep =  1.1006168870E+01
           DelSqV =  6.9244120352E+02
           DelSqVen =  6.9318363757E+02
           DelSqVrep = -7.4243405113E-01
           DelSqG =  6.8388492736E+01
           DelSqK = -7.6082969626E+02
           Stress_EigVals = -1.5870530820E+00 -1.5862238104E+00 -1.4335898013E+00
           Stress_EigVec1 = -2.3538958242E-01  4.8942016254E-01  8.3967830089E-01
           Stress_EigVec2 = -3.8978120908E-01 -8.3896925561E-01  3.7973832725E-01
           Stress_EigVec3 =  8.9031587290E-01 -2.3790437708E-01  3.8825140545E-01
           -DivStress =  7.0419902812E+00 -1.8814641452E+00  3.0576054190E+00
           ESP =  -1.0661636991E+00     ESP at Nucleus =  -1.0687980690E+00
           ESPe = -1.0828282158E+01     ESPe at Nucleus = -1.0744285140E+01
           ESPn =  9.7621184589E+00     ESPn at Nucleus =  9.6754870706E+00

CP# 13     Coords =  2.88547674950154E+00  2.83440195490123E+00  2.42230129143192E+00
           Type = (3,-3) NACP H13
           Rho =  4.1391325680E-01     Rho at Nucleus =  4.1006988535E-01
           GradRho =  1.1045317185E-09 -1.1187859277E-09 -9.8829510993E-10
           HessRho_EigVals = -6.3291977386E+00 -6.3266093828E+00 -5.7151447906E+00
           HessRho_EigVec1 =  7.3588545737E-01  1.3374703581E-01  6.6376526276E-01
           HessRho_EigVec2 = -3.2822644146E-01 -7.8695841557E-01  5.2245942932E-01
           HessRho_EigVec3 = -5.9223305950E-01  6.0233560626E-01  5.3521193995E-01
           DelSqRho = -1.8370951912E+01
           Bond Ellipticity = NA
           V = -4.6018889587E+00
           G =  4.5754903337E-03
           K =  4.5973134684E+00
           L =  4.5927379780E+00
           Vnuc =  3.8722643488E+01
           Ven = -1.6027815478E+01
           Vrep =  1.1425926519E+01
           DelSqV =  6.9141891213E+02
           DelSqVen =  7.1137182427E+02
           DelSqVrep = -1.9952912141E+01
           DelSqG =  6.8297687819E+01
           DelSqK = -7.5971659995E+02
           Stress_EigVals = -1.5859415435E+00 -1.5851793954E+00 -1.4307680198E+00
           Stress_EigVec1 =  6.6565281841E-01 -3.5179847302E-03  7.4625327411E-01
           Stress_EigVec2 = -4.5147569012E-01 -7.9812783587E-01  3.9895069725E-01
           Stress_EigVec3 = -5.9420200822E-01  6.0247786797E-01  5.3286432798E-01
           -DivStress = -4.7514596577E+00  4.8052702988E+00  4.2354268409E+00
           ESP =  -1.0696723133E+00     ESP at Nucleus =  -1.0723476790E+00
           ESPe = -1.2136108033E+01     ESPe at Nucleus = -1.2060088255E+01
           ESPn =  1.1066435720E+01     ESPn at Nucleus =  1.0987740576E+01

CP# 14     Coords = -2.28628765151230E+00 -2.77123591894460E+00 -1.76038174726300E-01
           Type = (3,-3) NACP H14
           Rho =  4.2005871611E-01     Rho at Nucleus =  4.1622090567E-01
           GradRho = -4.6002375721E-09 -5.7418377148E-11  1.7531471769E-09
           HessRho_EigVals = -6.3852596311E+00 -6.3794261596E+00 -5.7758437636E+00
           HessRho_EigVec1 = -5.0122861360E-02  9.9352263410E-01 -1.0198271572E-01
           HessRho_EigVec2 =  3.5253580228E-01  1.1313814640E-01  9.2893394165E-01
           HessRho_EigVec3 =  9.3445503203E-01  1.0608268666E-02 -3.5592310652E-01
           DelSqRho = -1.8540529554E+01
           Bond Ellipticity = NA
           V = -4.6447995499E+00
           G =  4.8335806448E-03
           K =  4.6399659692E+00
           L =  4.6351323886E+00
           Vnuc =  3.9787604947E+01
           Ven = -1.6713130251E+01
           Vrep =  1.2068330701E+01
           DelSqV =  6.9726652283E+02
           DelSqVen =  7.3768327302E+02
           DelSqVrep = -4.0416750183E+01
           DelSqG =  6.8544414980E+01
           DelSqK = -7.6581093781E+02
           Stress_EigVals = -1.5996166758E+00 -1.5991301205E+00 -1.4460527536E+00
           Stress_EigVec1 = -6.8133016251E-02  9.8568489169E-01 -1.5421798333E-01
           Stress_EigVec2 =  3.4895348752E-01  1.6835782710E-01  9.2189321811E-01
           Stress_EigVec3 =  9.3466002142E-01  8.9964624919E-03 -3.5542890712E-01
           -DivStress =  7.4703400030E+00  9.2965648590E-02 -2.8464929637E+00
           ESP =  -1.1248064934E+00     ESP at Nucleus =  -1.1273843325E+00
           ESPe = -1.3095519461E+01     ESPe at Nucleus = -1.3049157940E+01
           ESPn =  1.1970712967E+01     ESPn at Nucleus =  1.1921773608E+01

CP# 15     Coords = -1.42078537160174E+00  1.18811678868083E+00 -1.99223847280954E+00
           Type = (3,-3) NACP H15
           Rho =  4.2111016876E-01     Rho at Nucleus =  4.1726402094E-01
           GradRho =  2.2300683435E-17  5.7990247261E-16 -3.2521999416E-16
           HessRho_EigVals = -6.4033190870E+00 -6.3974727924E+00 -5.7926286375E+00
           HessRho_EigVec1 = -5.6078065297E-01 -7.3310223311E-01  3.8481966564E-01
           HessRho_EigVec2 = -5.0772242743E-01 -6.2653384886E-02 -8.5923948352E-01
           HessRho_EigVec3 = -6.5402063877E-01  6.7722645339E-01  3.3707763926E-01
           DelSqRho = -1.8593420517E+01
           Bond Ellipticity = NA
           V = -4.6577713652E+00
           G =  4.7081179868E-03
           K =  4.6530632472E+00
           L =  4.6483551292E+00
           Vnuc =  4.0159522912E+01
           Ven = -1.6911583471E+01
           Vrep =  1.2253812105E+01
           DelSqV =  6.9924968039E+02
           DelSqVen =  7.4670289725E+02
           DelSqVrep = -4.7453216864E+01
           DelSqG =  6.8759553018E+01
           DelSqK = -7.6800923341E+02
           Stress_EigVals = -1.6041412833E+00 -1.6036598868E+00 -1.4499701951E+00
           Stress_EigVec1 = -5.2720985387E-01 -7.2896336448E-01  4.3664880995E-01
           Stress_EigVec2 = -5.4169627370E-01 -1.0759000957E-01 -8.3366032466E-01
           Stress_EigVec3 = -6.5468688474E-01  6.7604497120E-01  3.3815422497E-01
           -DivStress =  5.2398119192E+00 -5.4306233640E+00 -2.6973772324E+00
           ESP =  -1.1252287392E+00     ESP at Nucleus =  -1.1278025220E+00
           ESPe = -1.3457981919E+01     ESPe at Nucleus = -1.3408154315E+01
           ESPn =  1.2332753180E+01     ESPn at Nucleus =  1.2280351793E+01

CP# 16     Coords =  4.55544511854929E+00  8.44483647316400E-01 -2.76615020386935E+00
           Type = (3,-3) NACP H16
           Rho =  4.3326119192E-01     Rho at Nucleus =  4.2970807124E-01
           GradRho = -5.5553937576E-13 -1.8139519004E-12  3.9531134154E-12
           HessRho_EigVals = -6.6201952299E+00 -6.6092866897E+00 -6.0187923069E+00
           HessRho_EigVec1 = -5.9560127298E-01 -6.9445786798E-01 -4.0371697168E-01
           HessRho_EigVec2 =  7.9297653612E-01 -5.8854883653E-01 -1.5747533196E-01
           HessRho_EigVec3 = -1.2824717068E-01 -4.1393059395E-01  9.0122923089E-01
           DelSqRho = -1.9248274227E+01
           Bond Ellipticity = NA
           V = -4.8215724712E+00
           G =  4.7519572650E-03
           K =  4.8168205139E+00
           L =  4.8120685566E+00
           Vnuc =  4.0992351631E+01
           Ven = -1.7760395127E+01
           Vrep =  1.2938822656E+01
