AIMSum (Version 19.02.13, Professional)
Copyright (c) 1997-2019 by Todd A. Keith
AIMSum is a component of the AIMAll package ( http://aim.tkgristmill.com )

TP:  64-bit Linux

Much of the Quantum Theory of Atoms in Molecules (QTAIM) is described in the book:
  "Atoms in Molecules - A Quantum Theory"
  R.F.W. Bader, Oxford University Press, Oxford, 1990

For additional references see:  http://aim.tkgristmill.com/references.html

Wfn File:  /home/mhennefarth/Documents/ML_Diels/summary-levandowski2016/22-opt/22-opt.wfn
Sum File:  /home/mhennefarth/Documents/ML_Diels/summary-levandowski2016/22-opt/22-opt.sum

SumViz File:  /home/mhennefarth/Documents/ML_Diels/summary-levandowski2016/22-opt/22-opt.sumviz

Wfn Title:   Title Card Required                                                           
 
Total memory allocated for AIMSum =        0.904 Megabytes

Atomic units (a.u.) used throughout, except where stated otherwise

Model:  Restricted SCF
 
Restricted, closed-shell, single-determinant wavefunction.
  Number of electrons (from MO Occs)                   =          60.0000000000
  Number of Alpha electrons (from MO Occs)             =          30.0000000000
  Number of Beta electrons (from MO Occs)              =          30.0000000000
  Number of electron pairs (N*(N-1)/2)                 =        1770.0000000000
  Number of electron pairs (from Muller 2EDM)          =        1770.0000000000
 
Nuclear Charges and Cartesian Coordinates:
-------------------------------------------------------------------------------
Atom      Charge                X                  Y                  Z
-------------------------------------------------------------------------------
C1         6.0           3.3028963200E+00   2.9045820500E+00   3.3254574000E-01
H2         1.0           3.4980162900E+00   4.9483779400E+00   3.8827342000E-01
C3         6.0           5.2671044000E+00   1.4361736100E+00  -3.0453660000E-01
H4         1.0           7.0545384200E+00   2.3503985700E+00  -7.6749371000E-01
C5         6.0           3.3830601800E+00  -2.9158872300E+00   6.0643370000E-02
H6         1.0           3.6191440400E+00  -4.9477814700E+00  -1.2388674000E-01
C7         6.0           5.2976143000E+00  -1.3401580300E+00  -4.6089667000E-01
H8         1.0           7.0902134300E+00  -2.1548529700E+00  -1.0674698500E+00
C9         6.0          -4.6811952200E+00   1.3968121900E+00  -1.7040409800E+00
C10        6.0          -4.6418949800E+00  -1.0387911100E+00  -1.9656027500E+00
C11        6.0          -4.9823134100E+00  -9.6390540000E-02   6.8303503000E-01
H12        1.0          -4.5490554100E+00   3.2645294800E+00  -2.5157257500E+00
H13        1.0          -4.4536002400E+00  -2.6864263200E+00  -3.1548324100E+00
H14        1.0           1.5414336500E+00  -2.2431254400E+00   6.7963669000E-01
H15        1.0           1.4602597900E+00   2.1306380500E+00   8.1448487000E-01
H16        1.0          -6.8657787000E+00  -2.1922547000E-01   1.5484118500E+00
N17        7.0          -2.8680560200E+00  -2.5380255000E-01   2.4500458400E+00
H18        1.0          -3.0098807200E+00   1.1580796500E+00   3.7562340300E+00
H19        1.0          -2.9805279300E+00  -1.9020398500E+00   3.4451638900E+00
 
Some Atomic Properties:
----------------------
  q(A) = Net Charge of Atom A
  L(A) = Lagrangian of Atom A = -(1/4) Times Atomic Integral of the Laplacian of the Electron Density
  K(A) = Electronic Kinetic Energy of Atom A (Hamiltonian Form)
  K_Scaled(A) = K(A) * E(Mol)/K(Mol) = Approximation to Virial-Based Total Energy of Atom A.
  |Mu_Intra(A)| = Magnitude of Intraatomic Dipole Moment of Atom A
--------------------------------------------------------------------------------------------------
Atom A          q(A)              L(A)              K(A)          K_Scaled(A)      |Mu_Intra(A)|
--------------------------------------------------------------------------------------------------
C1       -1.0067393480E-01 -4.7679496563E-05  3.7713893294E+01 -3.8095086094E+01  1.3169328716E-01
H2        3.0193969080E-02  2.4252194434E-05  5.9969601613E-01 -6.0575743761E-01  1.5075855435E-01
C3       -3.2077907100E-02 -1.2515044782E-04  3.7696769278E+01 -3.8077788996E+01  6.0722956964E-02
H4        2.0508834620E-02  2.7498004271E-05  6.0878329638E-01 -6.1493656746E-01  1.5434959056E-01
C5       -1.0124235130E-01  8.3203510129E-07  3.7714239084E+01 -3.8095435378E+01  1.3251286720E-01
H6        3.0101237280E-02  2.6254807217E-05  5.9972161962E-01 -6.0578329990E-01  1.5077157127E-01
C7       -3.2034346700E-02  3.3343665226E-06  3.7696788477E+01 -3.8077808390E+01  6.1322733054E-02
H8        2.0511799710E-02  3.2033363265E-05  6.0877890086E-01 -6.1493212751E-01  1.5435419958E-01
C9       -1.2809117380E-01  2.4797095046E-05  3.7764474222E+01 -3.8146178267E+01  2.4980852876E-01
C10      -1.2723751030E-01  6.0155747026E-06  3.7764465884E+01 -3.8146169845E+01  2.4968962342E-01
C11       4.0026861280E-01 -3.6401082855E-04  3.7389797465E+01 -3.7767714469E+01  4.2710979206E-01
H12       1.1144850922E-01  1.5322252047E-05  5.6030086567E-01 -5.6596410107E-01  1.4487587701E-01
H13       1.1184267916E-01  1.9482519798E-05  5.6015876621E-01 -5.6582056534E-01  1.4479096652E-01
H14       7.6672116260E-02  1.3233842689E-05  5.8106894926E-01 -5.8694209785E-01  1.3060962109E-01
H15       7.6150804170E-02  2.1149737009E-05  5.8121197657E-01 -5.8708657081E-01  1.3094940524E-01
H16       1.4147619100E-03  2.4302642641E-05  6.1948678407E-01 -6.2574824055E-01  1.6628534686E-01
N17      -1.0451941985E+00  8.5225110595E-06  5.4660393481E+01 -5.5212872862E+01  2.5323053073E-01
H18       3.4371470697E-01  3.4634762438E-05  4.7732703467E-01 -4.8215161290E-01  2.0002137668E-01
H19       3.4341396971E-01  3.0515459090E-05  4.7745665617E-01 -4.8228254455E-01  2.0020864945E-01
--------------------------------------------------------------------------------------------------
Total    -3.0942161000E-04 -2.2465960560E-04  3.2467481205E+02 -3.2795645947E+02
 
1st Largest |L(A)| = 3.6401082855E-04, atom C11     
2nd Largest |L(A)| = 1.2515044782E-04, atom C3      
 
Molecular charge q(Mol) from the wfn file:   0.0000000000E+00
Molecular energy E(Mol) from the wfn file:  -3.2795648541E+02
Molecular virial ratio (-V(Mol)/T(Mol)) from the wfn file:   2.0101074900E+00
Note.  K_Scaled(A) = (1+V(Mol)/T(Mol))*K(A) = (E(Mol)/T(Mol))*K(A)
       Only use K_Scaled(A) data with caution.
 
N_AIMInt(SumA)     =         60.000309
N_Analytic(Mol)    =         59.999991
 
G_AIMInt(SumA)     =        324.675037
G_Analytic(Mol)    =        324.674816
 
K_AIMInt(SumA)     =        324.674812
K_Analytic(Mol)    =        324.674816
 
L_AIMInt(SumA)     =         -0.000225
L_Analytic(Mol)    =          0.000000
 
VenT_AIMInt(SumA)  =      -1388.185363
VenT_Analytic(Mol) =      -1388.180275
 
Some Information About the Atomic Calculations:
----------------------------------------------
  Time(sec) = "Elapsed User Time", in Seconds, for Atom A by AIMInt and, if used, by TWOe
  NProc = Number of Processors Used for AIMInt Job
  BIM = Basin Integration Method
  OAQ = Angular Quadrature Outside of Beta Sphere
  ORQ = Multiple of Default for Radial Quadrature Outside of Beta Sphere
  IAQ = Multiple of Default for Angular Quadrature Inside of Beta Sphere
  IRQ = Multiple of Default for Radial Quadrature Inside of Beta Sphere
  MIR = Maximum Integration Radius
------------------------------------------------------------------------------------------------------
Atom A     Time(sec)   NProc      BIM          OAQ                     ORQ      IAQ      IRQ      MIR
------------------------------------------------------------------------------------------------------
C1             51        8     Proaim(5)    4500(GS4)                  1.00     1.00     1.00    13.00
H2              8        8     Proaim(5)    1800(GS4)                  1.00     1.00     1.00    13.00
C3             40        8     Proaim(5)    4500(GS4)                  1.00     1.00     1.00    13.00
H4              9        8     Proaim(5)    1800(GS4)                  1.00     1.00     1.00    13.00
C5             46        8     Proaim(5)    4500(GS4)                  1.00     1.00     1.00    13.00
H6              9        8     Proaim(5)    1800(GS4)                  1.00     1.00     1.00    13.00
C7             44        8     Proaim(5)    4500(GS4)                  1.00     1.00     1.00    13.00
H8              8        8     Proaim(5)    1800(GS4)                  1.00     1.00     1.00    13.00
C9             34        8     Proaim(5)    4500(GS4)                  1.00     1.00     1.00    13.00
C10            36        8     Proaim(5)    4500(GS4)                  1.00     1.00     1.00    13.00
C11            64        8     Proaim(5)    4500(GS4)                  1.00     1.00     1.00    13.00
H12             8        8     Proaim(5)    1800(GS4)                  1.00     1.00     1.00    13.00
H13            10        8     Proaim(5)    1800(GS4)                  1.00     1.00     1.00    13.00
H14            30        8     Proaim(5)    4500(GS4)                  1.00     1.00     1.00    13.00
H15            29        8     Proaim(5)    4500(GS4)                  1.00     1.00     1.00    13.00
H16             7        8     Proaim(5)    1800(GS4)                  1.00     1.00     1.00    13.00
N17            51        8     Proaim(5)    4500(GS4)                  1.00     1.00     1.00    13.00
H18             8        8     Proaim(5)    1800(GS4)                  1.00     1.00     1.00    13.00
H19            12        8     Proaim(5)    1800(GS4)                  1.00     1.00     1.00    13.00
------------------------------------------------------------------------------------------------------
Total         504
Note:  Total wall clock time is less than total of atomic times if more than one atom
       was calculated at a time
 
Electron Density Critical Point Analysis of Molecular Structure:               
---------------------------------------------------------------                
  NACP = Nuclear Attractor Critical Point                                      
  NNACP = Non-Nuclear Attractor Critical Point                                 
  BCP = Bond Critical Point                                                    
  RCP = Ring Critical Point                                                    
  CCP = Cage Critical Point                                                    
  Rho = Electron Density                                                       
  GradRho = Gradient of Electron Density                                       
  HessRho_EigVals = Eigenvalues of the Hessian of Rho, Ascending Order         
  HessRho_EigVecs = Eigenvectors of the Hessian of Rho                         
  DelSqRho = Laplacian of Rho = Trace of Hessian of Rho                        
  Bond Ellipticity = (HessRho_EigVal(1) / HessRho_EigVal(2)) - 1               
  V = Virial Field = Potential Energy Density = Trace of Stress Tensor         
  G = Lagrangian Form of Kinetic Energy Density                                
  K = Hamiltonian Form of Kinetic Energy Density                               
  L = K - G = Lagrangian Density = (-1/4)DelSqRho                              
  Vnuc = Electrostatic Potential from Nuclei                                   
  Ven = Electron-nuclear attractive contribution to Virial Field V             
  Vrep = V - Ven = Repulsive contribution to Virial Field V                    
  DelSqV = Laplacian of V                                                      
  DelSqVen = Laplacian of Ven                                                  
  DelSqVrep = Laplacian of Vrep                                                
  DelSqG = Laplacian of G                                                      
  DelSqK = Laplacian of K                                                      
  Stress_EigVals = Eigenvalues of Stress Tensor, Ascending Order               
  Stress_EigVecs = Eigenvectors of Stress Tensor                               
  -DivStress = Ehrenfest Force Density = Minus Divergence of Stress Tensor     
  ESP = Total Electrostatic Potential                                          
  ESPe = Electrostatic Potential from Electrons                                
  ESPn = Electrostatic Potential from Nuclei                                   
  BP = Bond Path                                                               
  BPL = Bond Path Length                                                       
  GBL = Geometric Bond Length                                                  
  GBL_I = Distance Between Nuclear Attractors                                  
  GBL_II = Distance Between Nuclei                                             
  GBL_III = Sum of Distances Between BCP and Nuclear Attractors                
  GBL_IV = Sum of Distances Between BCP and Nuclei                             

CP# 1      Coords =  3.30289607890581E+00  2.90458295349474E+00  3.32545862548554E-01
           Type = (3,-3) NACP C1
           Rho =  1.1768065321E+02     Rho at Nucleus =  1.1768065315E+02
           GradRho = -3.1992859750E-11  1.7052138120E-10  2.3024929185E-11
           HessRho_EigVals = -1.4501164084E+05 -1.4501064740E+05 -1.4501042671E+05
           HessRho_EigVec1 =  2.7037285050E-01 -5.3013617637E-02  9.6129500054E-01
           HessRho_EigVec2 =  1.7030298811E-01  9.8537068739E-01  6.4421020667E-03
           HessRho_EigVec3 =  9.4757343460E-01 -1.6196964154E-01 -2.7544585904E-01
           DelSqRho = -4.3503271495E+05
           Bond Ellipticity = NA
           V = -1.0876842824E+05
           G =  5.1247511969E+00
           K =  1.0876330349E+05
           L =  1.0875817874E+05
           Vnuc =  6.3619729125E+06
           Ven = -7.4868112806E+08
           Vrep =  7.4857235963E+08
           DelSqV =  2.4953765894E+09
           DelSqVen =  2.7676660204E+12
           DelSqVrep = -2.7651706438E+12
           DelSqG =  1.3404072316E+08
           DelSqK = -2.6294173126E+09
           Stress_EigVals = -3.6256392744E+04 -3.6256292528E+04 -3.6255742969E+04
           Stress_EigVec1 =  8.7913533335E-01 -3.9271894540E-01 -2.6998684336E-01
           Stress_EigVec2 =  3.9148608729E-01  9.1817328789E-01 -6.0798493938E-02
           Stress_EigVec3 =  2.7177142808E-01 -5.2245988694E-02  9.6094258286E-01
           -DivStress =  1.9586084821E+02 -7.3574773034E+02 -9.9466633591E+01
           ESP =  -1.4763538040E+01     ESP at Nucleus =  -1.4763538051E+01
           ESPe = -2.4695413469E+01     ESPe at Nucleus = -2.4695414522E+01
           ESPn =  9.9318754291E+00     ESPn at Nucleus =  9.9318764711E+00

CP# 2      Coords =  3.49470982222046E+00  4.91398451646417E+00  3.87341330361406E-01
           Type = (3,-3) NACP H2
           Rho =  4.2669144030E-01     Rho at Nucleus =  4.2306980452E-01
           GradRho = -7.1360299202E-10 -7.4167439197E-09 -2.0081416784E-10
           HessRho_EigVals = -6.5025416325E+00 -6.4966226778E+00 -5.9088033858E+00
           HessRho_EigVec1 =  9.5688101210E-01 -8.3628173914E-02 -2.7818169818E-01
           HessRho_EigVec2 =  2.7455094337E-01 -5.2397144239E-02  9.6014390524E-01
           HessRho_EigVec3 =  9.4871008054E-02  9.9511851948E-01  2.7177638370E-02
           DelSqRho = -1.8907967696E+01
           Bond Ellipticity = NA
           V = -4.7364734637E+00
           G =  4.7407698555E-03
           K =  4.7317326939E+00
           L =  4.7269919240E+00
           Vnuc =  3.9147241276E+01
           Ven = -1.6703792764E+01
           Vrep =  1.1967319300E+01
           DelSqV =  7.1238058899E+02
           DelSqVen =  7.4019478589E+02
           DelSqVrep = -2.7814196896E+01
           DelSqG =  7.0162994254E+01
           DelSqK = -7.8254358325E+02
           Stress_EigVals = -1.6290945281E+00 -1.6285578398E+00 -1.4788210959E+00
           Stress_EigVec1 =  9.5846879169E-01 -8.2204335382E-02 -2.7309343201E-01
           Stress_EigVec2 =  2.6952717615E-01 -5.1951537266E-02  9.6159042169E-01
           Stress_EigVec3 =  9.3234525135E-02  9.9526051113E-01  2.7637624767E-02
           -DivStress =  7.4823927558E-01  7.7987078828E+00  2.1178013523E-01
           ESP =  -1.1231100708E+00     ESP at Nucleus =  -1.1255347944E+00
           ESPe = -1.1338987065E+01     ESPe at Nucleus = -1.1261054203E+01
           ESPn =  1.0215876994E+01     ESPn at Nucleus =  1.0135519408E+01

CP# 3      Coords =  5.26710522517025E+00  1.43617233121938E+00 -3.04536909490712E-01
           Type = (3,-3) NACP C3
           Rho =  1.1765483668E+02     Rho at Nucleus =  1.1765483650E+02
           GradRho =  4.0170331021E-10 -6.9835987458E-10 -1.7042621958E-10
           HessRho_EigVals = -1.4496913673E+05 -1.4496826202E+05 -1.4496788579E+05
           HessRho_EigVec1 =  2.7532117372E-01 -4.7772564630E-02  9.6016458661E-01
           HessRho_EigVec2 =  3.3763898950E-01  9.3994413374E-01 -5.0049357863E-02
           HessRho_EigVec3 =  9.0011008442E-01 -3.3796864872E-01 -2.7491640258E-01
           DelSqRho = -4.3490528454E+05
           Bond Ellipticity = NA
           V = -1.0873652223E+05
           G =  5.1005461289E+00
           K =  1.0873142168E+05
           L =  1.0872632114E+05
           Vnuc =  3.8633712046E+06
           Ven = -4.5454430809E+08
           Vrep =  4.5443557157E+08
           DelSqV =  2.4946363704E+09
           DelSqVen =  1.6802006958E+12
           DelSqVrep = -1.6777060594E+12
           DelSqG =  1.3399051153E+08
           DelSqK = -2.6286268819E+09
           Stress_EigVals = -3.6245779972E+04 -3.6245609798E+04 -3.6245132457E+04
           Stress_EigVec1 =  8.7371520638E-01 -4.0426160175E-01 -2.7054444272E-01
           Stress_EigVec2 =  4.0145876612E-01  9.1333080345E-01 -6.8247363175E-02
           Stress_EigVec3 =  2.7468636159E-01 -4.8983679151E-02  9.6028537526E-01
           -DivStress = -6.6591040921E+02  1.0398516500E+03  2.5024954716E+02
           ESP =  -1.4750923154E+01     ESP at Nucleus =  -1.4750923173E+01
           ESPe = -2.5140281215E+01     ESPe at Nucleus = -2.5140281548E+01
           ESPn =  1.0389358060E+01     ESPn at Nucleus =  1.0389358375E+01

CP# 4      Coords =  7.02510643402667E+00  2.33517282162161E+00 -7.59880593832441E-01
           Type = (3,-3) NACP H4
           Rho =  4.3153218277E-01     Rho at Nucleus =  4.2797420402E-01
           GradRho = -7.7068952891E-15 -4.1572817508E-15  1.7115757596E-15
           HessRho_EigVals = -6.6003362808E+00 -6.5920712649E+00 -6.0042151315E+00
           HessRho_EigVec1 = -4.1912129721E-01  8.9206662167E-01  1.6898071114E-01
           HessRho_EigVec2 = -2.7540123677E-01  5.2437506347E-02 -9.5989815435E-01
           HessRho_EigVec3 =  8.6515403080E-01  4.4885125647E-01 -2.2369857520E-01
           DelSqRho = -1.9196622677E+01
           Bond Ellipticity = NA
           V = -4.8083299935E+00
           G =  4.5871621004E-03
           K =  4.8037428314E+00
           L =  4.7991556693E+00
           Vnuc =  3.9734002242E+01
           Ven = -1.7146500718E+01
           Vrep =  1.2338170724E+01
           DelSqV =  7.2389078195E+02
           DelSqVen =  7.6275864849E+02
           DelSqVrep = -3.8867866545E+01
           DelSqG =  7.1513610021E+01
           DelSqK = -7.9540439197E+02
           Stress_EigVals = -1.6532014851E+00 -1.6520880166E+00 -1.5030404918E+00
           Stress_EigVec1 = -4.1960641541E-01  8.9285896472E-01  1.6350328823E-01
           Stress_EigVec2 =  2.7312710452E-01 -4.7586589796E-02  9.6080024003E-01
           Stress_EigVec3 =  8.6563967153E-01  4.4781512434E-01 -2.2389634541E-01
           -DivStress =  6.7727165795E+00  3.5033449231E+00 -1.7518943804E+00
           ESP =  -1.1263171450E+00     ESP at Nucleus =  -1.1287003593E+00
           ESPe = -1.1448869527E+01     ESPe at Nucleus = -1.1367276064E+01
           ESPn =  1.0322552382E+01     ESPn at Nucleus =  1.0238575705E+01

CP# 5      Coords =  3.38305996226411E+00 -2.91588814873874E+00  6.06433791008537E-02
           Type = (3,-3) NACP C5
           Rho =  1.1768101806E+02     Rho at Nucleus =  1.1768101799E+02
           GradRho = -5.4714239216E-11 -1.9908220146E-10  2.1471626560E-12
           HessRho_EigVals = -1.4501221797E+05 -1.4501122358E+05 -1.4501100113E+05
           HessRho_EigVec1 =  3.0447464949E-01 -5.0772790431E-02  9.5116629018E-01
           HessRho_EigVec2 = -1.8323466145E-01  9.7680565946E-01  1.1079604003E-01
           HessRho_EigVec3 =  9.3473003946E-01  2.0802121861E-01 -2.8810922572E-01
           DelSqRho = -4.3503444268E+05
           Bond Ellipticity = NA
           V = -1.0876886030E+05
           G =  5.1248155692E+00
           K =  1.0876373549E+05
           L =  1.0875861067E+05
           Vnuc =  6.3543856675E+06
           Ven = -7.4779057449E+08
           Vrep =  7.4768180563E+08
           DelSqV =  2.4953865907E+09
           DelSqVen =  2.7643765064E+12
           DelSqVrep = -2.7618811198E+12
           DelSqG =  1.3404137852E+08
           DelSqK = -2.6294279692E+09
           Stress_EigVals = -3.6256536868E+04 -3.6256436735E+04 -3.6255886699E+04
           Stress_EigVec1 = -8.6358900574E-01 -4.3693527039E-01  2.5159808953E-01
           Stress_EigVec2 = -4.0294080264E-01  8.9804263667E-01  1.7651666292E-01
           Stress_EigVec3 =  3.0307216754E-01 -5.1058713289E-02  9.5159879627E-01
           -DivStress =  1.7680209632E+02  7.4811835726E+02 -7.2086905208E+00
           ESP =  -1.4763600204E+01     ESP at Nucleus =  -1.4763600215E+01
           ESPe = -2.4678843823E+01     ESPe at Nucleus = -2.4678844879E+01
           ESPn =  9.9152436188E+00     ESPn at Nucleus =  9.9152446639E+00

CP# 6      Coords =  3.61514817276905E+00 -4.91359388416161E+00 -1.20774401593295E-01
           Type = (3,-3) NACP H6
           Rho =  4.2668743727E-01     Rho at Nucleus =  4.2306659200E-01
           GradRho = -7.3589411456E-10  6.2919811392E-09  5.7297259430E-10
           HessRho_EigVals = -6.5025015871E+00 -6.4965890136E+00 -5.9088564473E+00
           HessRho_EigVec1 =  9.4734564428E-01  1.3626133153E-01 -2.8977418759E-01
           HessRho_EigVec2 =  2.9891752964E-01 -5.1818004883E-02  9.5287103264E-01
           HessRho_EigVec3 = -1.1482395541E-01  9.8931680664E-01  8.9820461827E-02
           DelSqRho = -1.8907947048E+01
           Bond Ellipticity = NA
           V = -4.7364709084E+00
           G =  4.7420731960E-03
           K =  4.7317288352E+00
           L =  4.7269867620E+00
           Vnuc =  3.9131596787E+01
           Ven = -1.6696960749E+01
           Vrep =  1.1960489841E+01
           DelSqV =  7.1238377332E+02
           DelSqVen =  7.3989817057E+02
           DelSqVrep = -2.7514397252E+01
           DelSqG =  7.0163505358E+01
           DelSqK = -7.8254727868E+02
           Stress_EigVals = -1.6290862611E+00 -1.6285496343E+00 -1.4788350130E+00
           Stress_EigVec1 =  9.4513006129E-01  1.3497689236E-01 -2.9750698441E-01
           Stress_EigVec2 =  3.0645186026E-01 -5.0722992908E-02  9.5053376338E-01
           Stress_EigVec3 = -1.1320964880E-01  9.8954960286E-01  8.9303745151E-02
           -DivStress =  9.0456918368E-01 -7.7521139089E+00 -7.0525127298E-01
           ESP =  -1.1230963580E+00     ESP at Nucleus =  -1.1255206835E+00
           ESPe = -1.1320126071E+01     ESPe at Nucleus = -1.1242193494E+01
           ESPn =  1.0197029713E+01     ESPn at Nucleus =  1.0116672811E+01

CP# 7      Coords =  5.29761509359611E+00 -1.34015670524942E+00 -4.60896843869159E-01
           Type = (3,-3) NACP C7
           Rho =  1.1765484975E+02     Rho at Nucleus =  1.1765484957E+02
           GradRho =  4.2388092304E-10  7.2016793383E-10 -9.3260147651E-11
           HessRho_EigVals = -1.4496915190E+05 -1.4496827693E+05 -1.4496790027E+05
           HessRho_EigVec1 =  2.9794777696E-01 -4.7442244579E-02  9.5340251501E-01
           HessRho_EigVec2 = -3.5749366521E-01  9.2053436468E-01  1.5752702236E-01
           HessRho_EigVec3 =  8.8511321397E-01  3.8777018563E-01 -2.5731086567E-01
           DelSqRho = -4.3490532910E+05
           Bond Ellipticity = NA
           V = -1.0873653316E+05
           G =  5.1004429211E+00
           K =  1.0873143272E+05
           L =  1.0872633227E+05
           Vnuc =  3.8609555885E+06
           Ven = -4.5426014965E+08
           Vrep =  4.5415141312E+08
           DelSqV =  2.4946366200E+09
           DelSqVen =  1.6791501537E+12
           DelSqVrep = -1.6766554843E+12
           DelSqG =  1.3399052341E+08
           DelSqK = -2.6286271435E+09
           Stress_EigVals = -3.6245783713E+04 -3.6245613418E+04 -3.6245136030E+04
           Stress_EigVec1 =  8.5733036030E-01  4.5211880662E-01 -2.4611630991E-01
           Stress_EigVec2 = -4.1890510860E-01  8.9063569320E-01  1.7688010628E-01
           Stress_EigVec3 =  2.9917079285E-01 -4.8545305714E-02  9.5296389753E-01
           -DivStress = -6.4026037692E+02 -1.0769562141E+03  1.3988974639E+02
           ESP =  -1.4750911521E+01     ESP at Nucleus =  -1.4750911540E+01
           ESPe = -2.5136378979E+01     ESPe at Nucleus = -2.5136379308E+01
           ESPn =  1.0385467459E+01     ESPn at Nucleus =  1.0385467768E+01

CP# 8      Coords =  7.06069334310725E+00 -2.14126646710887E+00 -1.05747084816837E+00
           Type = (3,-3) NACP H8
           Rho =  4.3153138742E-01     Rho at Nucleus =  4.2797345366E-01
           GradRho = -5.1124604767E-15  2.8829664215E-15  2.9110557281E-15
           HessRho_EigVals = -6.6003441438E+00 -6.5920816590E+00 -6.0042248575E+00
           HessRho_EigVec1 =  3.9703799658E-01  9.1475300457E-01 -7.4751387300E-02
           HessRho_EigVec2 =  2.9891444356E-01 -5.1874239635E-02  9.5286894098E-01
           HessRho_EigVec3 =  8.6776205535E-01 -4.0066944467E-01 -2.9402892954E-01
           DelSqRho = -1.9196650660E+01
           Bond Ellipticity = NA
           V = -4.8083364217E+00
           G =  4.5868782902E-03
           K =  4.8037495434E+00
           L =  4.7991626651E+00
           Vnuc =  3.9731773472E+01
           Ven = -1.7145507331E+01
           Vrep =  1.2337170910E+01
           DelSqV =  7.2389246402E+02
           DelSqVen =  7.6271697547E+02
           DelSqVrep = -3.8824511448E+01
           DelSqG =  7.1513941365E+01
           DelSqK = -7.9540640538E+02
           Stress_EigVals = -1.6532034043E+00 -1.6520898991E+00 -1.5030431182E+00
           Stress_EigVec1 = -3.9461801117E-01 -9.1545155637E-01  7.8899133072E-02
           Stress_EigVec2 =  3.0077220927E-01 -4.7559002168E-02  9.5250943273E-01
           Stress_EigVec3 =  8.6822387861E-01 -3.9960804453E-01 -2.9411002594E-01
           -DivStress =  6.7929967225E+00 -3.1261383977E+00 -2.3008910639E+00
           ESP =  -1.1263048160E+00     ESP at Nucleus =  -1.1286879529E+00
           ESPe = -1.1446423349E+01     ESPe at Nucleus = -1.1364849663E+01
           ESPn =  1.0320118533E+01     ESPn at Nucleus =  1.0236161710E+01

CP# 9      Coords = -4.68119545213507E+00  1.39681133425337E+00 -1.70403865262079E+00
           Type = (3,-3) NACP C9
           Rho =  1.1764495737E+02     Rho at Nucleus =  1.1764495692E+02
           GradRho = -3.7213921250E-10 -1.1527333705E-09  3.1587184830E-09
           HessRho_EigVals = -1.4495787570E+05 -1.4495755969E+05 -1.4495645664E+05
           HessRho_EigVec1 =  9.8479452451E-01  7.7140794403E-03  1.7355182937E-01
           HessRho_EigVec2 =  1.0715426840E-01  7.5936272543E-01 -6.4178361929E-01
           HessRho_EigVec3 = -1.3673955998E-01  6.5062181351E-01  7.4698965758E-01
           DelSqRho = -4.3487189203E+05
           Bond Ellipticity = NA
           V = -1.0872832999E+05
           G =  5.1784894620E+00
           K =  1.0872315150E+05
           L =  1.0871797301E+05
           Vnuc =  2.4091084363E+06
           Ven = -2.8341945929E+08
           Vrep =  2.8331073096E+08
           DelSqV =  2.4944485644E+09
           DelSqVen =  1.0476535808E+12
           DelSqVrep = -1.0451591322E+12
           DelSqG =  1.3398163767E+08
           DelSqK = -2.6284302021E+09
           Stress_EigVals = -3.6243095761E+04 -3.6242800957E+04 -3.6242433269E+04
           Stress_EigVec1 = -3.3374925071E-02  9.8543482154E-01  1.6674629494E-01
           Stress_EigVec2 = -1.5507980693E-01 -1.6992462429E-01  9.7317823421E-01
           Stress_EigVec3 =  9.8733802107E-01  6.6207674203E-03  1.5849226347E-01
           -DivStress =  1.8667709396E+02  6.9828389692E+02 -1.8964140542E+03
           ESP =  -1.4725946591E+01     ESP at Nucleus =  -1.4725946610E+01
           ESPe = -2.5218563541E+01     ESPe at Nucleus = -2.5218560523E+01
           ESPn =  1.0492616951E+01     ESPn at Nucleus =  1.0492613912E+01

CP# 10     Coords = -4.64189524061445E+00 -1.03879076684460E+00 -1.96560030160151E+00
           Type = (3,-3) NACP C10
           Rho =  1.1764519297E+02     Rho at Nucleus =  1.1764519252E+02
           GradRho = -3.5129416558E-10  4.3936452397E-10  3.2836235141E-09
           HessRho_EigVals = -1.4495799269E+05 -1.4495766683E+05 -1.4495656496E+05
           HessRho_EigVec1 =  9.8552609387E-01 -1.3687273917E-02  1.6897034305E-01
           HessRho_EigVec2 = -1.2669299081E-01  6.0279841637E-01  7.8777087742E-01
           HessRho_EigVec3 =  1.1263749098E-01  7.9777611380E-01 -5.9233948701E-01
           DelSqRho = -4.3487222448E+05
           Bond Ellipticity = NA
           V = -1.0872841222E+05
           G =  5.1780526926E+00
           K =  1.0872323417E+05
           L =  1.0871805612E+05
           Vnuc =  2.4134998834E+06
           Ven = -2.8393665951E+08
           Vrep =  2.8382793110E+08
           DelSqV =  2.4944502466E+09
           DelSqVen =  1.0495640207E+12
           DelSqVrep = -1.0470695705E+12
           DelSqG =  1.3398156460E+08
           DelSqK = -2.6284318112E+09
           Stress_EigVals = -3.6243123674E+04 -3.6242829441E+04 -3.6242459110E+04
           Stress_EigVec1 =  1.3672690737E-03  9.9890697298E-01  4.6722477470E-02
           Stress_EigVec2 = -1.5635315019E-01 -4.5934346312E-02  9.8663251936E-01
           Stress_EigVec3 =  9.8770026982E-01 -8.6541986678E-03  1.5611944736E-01
           -DivStress =  2.0984566025E+02 -2.8059628487E+02 -1.9953673382E+03
           ESP =  -1.4725948699E+01     ESP at Nucleus =  -1.4725948718E+01
           ESPe = -2.5223304006E+01     ESPe at Nucleus = -2.5223300987E+01
           ESPn =  1.0497355307E+01     ESPn at Nucleus =  1.0497352268E+01

CP# 11     Coords = -4.98230988083245E+00 -9.63902131490627E-02  6.83032497793938E-01
           Type = (3,-3) NACP C11
           Rho =  1.1739076085E+02     Rho at Nucleus =  1.1739075948E+02
           GradRho = -7.6283988361E-12 -7.4625280032E-13 -4.4680952641E-12
           HessRho_EigVals = -1.4462212654E+05 -1.4462120826E+05 -1.4462018509E+05
           HessRho_EigVec1 =  4.2656025480E-01 -8.9975010416E-02  8.9997269210E-01
           HessRho_EigVec2 =  9.0433072995E-01  5.9194985094E-02 -4.2270780051E-01
           HessRho_EigVec3 = -1.5240731341E-02  9.9418330867E-01  1.0661739477E-01
           DelSqRho = -4.3386351989E+05
           Bond Ellipticity = NA
           V = -1.0847605603E+05
           G =  5.0880265971E+00
           K =  1.0847096800E+05
           L =  1.0846587997E+05
           Vnuc =  1.3774513586E+06
           Ven = -1.6170006303E+08
           Vrep =  1.6159158697E+08
           DelSqV =  2.4886627073E+09
           DelSqVen =  5.9762589242E+11
           DelSqVrep = -5.9513722968E+11
           DelSqG =  1.3364792640E+08
           DelSqK = -2.6223106337E+09
           Stress_EigVals = -3.6158809242E+04 -3.6158763398E+04 -3.6158483387E+04
           Stress_EigVec1 = -1.2805780862E-02  9.9436028092E-01  1.0527888534E-01
           Stress_EigVec2 =  8.8381496255E-01  6.0498895851E-02 -4.6390839136E-01
           Stress_EigVec3 =  4.6766133467E-01 -8.7106344902E-02  8.7960523005E-01
           -DivStress = -2.8636470397E+03 -2.6533688191E+02  2.0563993142E+03
           ESP =  -1.4689039300E+01     ESP at Nucleus =  -1.4689039371E+01
           ESPe = -2.6058670308E+01     ESPe at Nucleus = -2.6058664978E+01
           ESPn =  1.1369631008E+01     ESPn at Nucleus =  1.1369625608E+01

CP# 12     Coords = -4.55144878949274E+00  3.23134628599612E+00 -2.50128562042575E+00
           Type = (3,-3) NACP H12
           Rho =  4.1488760201E-01     Rho at Nucleus =  4.1101422159E-01
           GradRho = -2.2972743197E-10 -3.1752239484E-09  1.3858396132E-09
           HessRho_EigVals = -6.3415885005E+00 -6.3391481310E+00 -5.7239512414E+00
           HessRho_EigVec1 = -8.3491468587E-02  4.0637719840E-01  9.0988282064E-01
           HessRho_EigVec2 =  9.9428758524E-01 -2.6953882617E-02  1.0327480843E-01
           HessRho_EigVec3 =  6.6493402056E-02  9.1330775801E-01 -4.0180538404E-01
           DelSqRho = -1.8404687873E+01
           Bond Ellipticity = NA
           V = -4.6102616937E+00
           G =  4.5448627445E-03
           K =  4.6057168310E+00
           L =  4.6011719682E+00
           Vnuc =  3.8030170565E+01
           Ven = -1.5778246270E+01
           Vrep =  1.1167984576E+01
           DelSqV =  6.9254534315E+02
           DelSqVen =  6.9993342427E+02
           DelSqVrep = -7.3880811140E+00
           DelSqG =  6.8388400769E+01
           DelSqK = -7.6093374392E+02
           Stress_EigVals = -1.5890934497E+00 -1.5883614784E+00 -1.4328067656E+00
           Stress_EigVec1 = -1.8384885458E-01  4.0437974423E-01  8.9592221823E-01
           Stress_EigVec2 =  9.8074161549E-01  1.4338192965E-02  1.9478269909E-01
           Stress_EigVec3 =  6.5920272392E-02  9.1447877978E-01 -3.9922810399E-01
           -DivStress =  5.2843599419E-01  7.3326662530E+00 -3.1890731214E+00
           ESP =  -1.0664448992E+00     ESP at Nucleus =  -1.0691389429E+00
           ESPe = -1.1524122259E+01     ESPe at Nucleus = -1.1441670435E+01
           ESPn =  1.0457677360E+01     ESPn at Nucleus =  1.0372531492E+01

CP# 13     Coords = -4.45699534151808E+00 -2.65714492897737E+00 -3.13367759284845E+00
           Type = (3,-3) NACP H13
           Rho =  4.1486455626E-01     Rho at Nucleus =  4.1098839192E-01
           GradRho = -3.4693296379E-15  1.7404157756E-14  1.2514168207E-14
           HessRho_EigVals = -6.3411153848E+00 -6.3386916435E+00 -5.7232149481E+00
           HessRho_EigVec1 = -6.6445677636E-02 -5.9265801319E-01  8.0270882101E-01
           HessRho_EigVec2 =  9.9335373961E-01  3.6486437323E-02  1.0916541530E-01
           HessRho_EigVec3 = -9.3985743229E-02  8.0462737916E-01  5.8629468766E-01
           DelSqRho = -1.8403021976E+01
           Bond Ellipticity = NA
           V = -4.6098366174E+00
           G =  4.5405616390E-03
           K =  4.6052960557E+00
           L =  4.6007554941E+00
           Vnuc =  3.8027943204E+01
           Ven = -1.5776445783E+01
           Vrep =  1.1166609165E+01
           DelSqV =  6.9246791366E+02
           DelSqVen =  6.9982907450E+02
           DelSqVrep = -7.3611608409E+00
           DelSqG =  6.8379760705E+01
           DelSqK = -7.6084767437E+02
           Stress_EigVals = -1.5889764077E+00 -1.5882409866E+00 -1.4326192231E+00
           Stress_EigVec1 = -1.6775710492E-01 -5.9096212920E-01  7.8906356879E-01
           Stress_EigVec2 =  9.8138776132E-01 -2.4225226941E-02  1.9050249421E-01
           Stress_EigVec3 = -9.3464515574E-02  8.0633547623E-01  5.8402695494E-01
           -DivStress =  7.4972530330E-01 -6.4702866525E+00 -4.6724948090E+00
           ESP =  -1.0665232384E+00     ESP at Nucleus =  -1.0692193267E+00
           ESPe = -1.1533315899E+01     ESPe at Nucleus = -1.1450888338E+01
           ESPn =  1.0466792661E+01     ESPn at Nucleus =  1.0381669011E+01

CP# 14     Coords =  1.57365883129331E+00 -2.25508606713086E+00  6.68805288686943E-01
           Type = (3,-3) NACP H14
           Rho =  4.1972991683E-01     Rho at Nucleus =  4.1587703811E-01
           GradRho =  8.3707935532E-10 -3.1056745256E-10 -2.8134767666E-10
           HessRho_EigVals = -6.3793328835E+00 -6.3736089947E+00 -5.7687520469E+00
           HessRho_EigVec1 =  3.3154480728E-01  9.4216003155E-01 -4.9117366822E-02
           HessRho_EigVec2 =  2.9950307037E-01 -5.5740084143E-02  9.5246572319E-01
           HessRho_EigVec3 =  8.9463732965E-01 -3.3049586681E-01 -3.0066015768E-01
           DelSqRho = -1.8521693925E+01
           Bond Ellipticity = NA
           V = -4.6400620336E+00
           G =  4.8192761628E-03
           K =  4.6352427574E+00
           L =  4.6304234813E+00
           Vnuc =  3.9997567060E+01
           Ven = -1.6788175496E+01
           Vrep =  1.2148113462E+01
           DelSqV =  6.9647151271E+02
           DelSqVen =  7.4082269627E+02
           DelSqVrep = -4.4351183567E+01
           DelSqG =  6.8459495892E+01
           DelSqK = -7.6493100860E+02
           Stress_EigVals = -1.5981397936E+00 -1.5976647602E+00 -1.4442574797E+00
           Stress_EigVec1 =  3.2791096708E-01  9.4308721198E-01 -5.5325475715E-02
           Stress_EigVec2 =  3.0187290997E-01 -4.9107885086E-02  9.5208253941E-01
           Stress_EigVec3 =  8.9517995056E-01 -3.2889956859E-01 -3.0079549513E-01
           -DivStress = -7.1595565829E+00  2.6564203151E+00  2.4064315493E+00
           ESP =  -1.1277725042E+00     ESP at Nucleus =  -1.1303648731E+00
           ESPe = -1.3377927785E+01     ESPe at Nucleus = -1.3334028269E+01
           ESPn =  1.2250155281E+01     ESPn at Nucleus =  1.2203663396E+01

CP# 15     Coords =  1.49249315311852E+00  2.14436291271023E+00  8.06065596055395E-01
           Type = (3,-3) NACP H15
           Rho =  4.1987823988E-01     Rho at Nucleus =  4.1602542701E-01
           GradRho =  8.4756926756E-10  3.6077724236E-10 -2.2138793874E-10
           HessRho_EigVals = -6.3819736557E+00 -6.3762482220E+00 -5.7713674031E+00
           HessRho_EigVec1 = -3.5150641025E-01  9.2349833707E-01  1.5360359691E-01
           HessRho_EigVec2 =  2.7431212169E-01 -5.5273301041E-02  9.6005089557E-01
           HessRho_EigVec3 =  8.9509558342E-01  3.7959937253E-01 -2.3389786858E-01
           DelSqRho = -1.8529589281E+01
           Bond Ellipticity = NA
           V = -4.6420000273E+00
           G =  4.8013535422E-03
           K =  4.6371986737E+00
           L =  4.6323973202E+00
           Vnuc =  4.0034461410E+01
           Ven = -1.6809599192E+01
           Vrep =  1.2167599164E+01
           DelSqV =  6.9677442965E+02
           DelSqVen =  7.4182212847E+02
           DelSqVrep = -4.5047698822E+01
           DelSqG =  6.8493476887E+01
           DelSqK = -7.6526790653E+02
           Stress_EigVals = -1.5988019149E+00 -1.5983263564E+00 -1.4448717560E+00
           Stress_EigVec1 = -3.5355543211E-01  9.2478939984E-01  1.4058137276E-01
           Stress_EigVec2 =  2.6960163808E-01 -4.3167349928E-02  9.6200391717E-01
           Stress_EigVec3 =  8.9571955051E-01  3.7802267900E-01 -2.3406268602E-01
           -DivStress = -7.1644019799E+00 -3.0496554770E+00  1.8714159613E+00
           ESP =  -1.1277806523E+00     ESP at Nucleus =  -1.1303729795E+00
           ESPe = -1.3408499926E+01     ESPe at Nucleus = -1.3364914858E+01
           ESPn =  1.2280719273E+01     ESPn at Nucleus =  1.2234541879E+01

CP# 16     Coords = -6.83599239457461E+00 -2.17274803856020E-01  1.53462862028553E+00
           Type = (3,-3) NACP H16
           Rho =  4.3279765205E-01     Rho at Nucleus =  4.2945524107E-01
           GradRho =  4.5736960650E-15  4.1382101688E-16 -3.1349215597E-15
           HessRho_EigVals = -6.6226515129E+00 -6.6109764333E+00 -6.0414268043E+00
           HessRho_EigVec1 =  4.2233423799E-01 -8.9791965791E-02  9.0198181484E-01
           HessRho_EigVec2 = -1.5890907906E-02  9.9419509672E-01  1.0641235224E-01
           HessRho_EigVec3 =  9.0630087193E-01  5.9274889649E-02 -4.1845575273E-01
           DelSqRho = -1.9275054750E+01
           Bond Ellipticity = NA
           V = -4.8292733381E+00
           G =  5.2548252469E-03
           K =  4.8240185129E+00
           L =  4.8187636876E+00
           Vnuc =  4.1334569466E+01
           Ven = -1.7889504613E+01
           Vrep =  1.3060231275E+01
