AIMSum (Version 19.02.13, Professional)
Copyright (c) 1997-2019 by Todd A. Keith
AIMSum is a component of the AIMAll package ( http://aim.tkgristmill.com )

TP:  64-bit Linux

Much of the Quantum Theory of Atoms in Molecules (QTAIM) is described in the book:
  "Atoms in Molecules - A Quantum Theory"
  R.F.W. Bader, Oxford University Press, Oxford, 1990

For additional references see:  http://aim.tkgristmill.com/references.html

Wfn File:  /home/mhennefarth/Documents/ML_Diels/summary-levandowski2016/23-opt/23-opt.wfn
Sum File:  /home/mhennefarth/Documents/ML_Diels/summary-levandowski2016/23-opt/23-opt.sum

SumViz File:  /home/mhennefarth/Documents/ML_Diels/summary-levandowski2016/23-opt/23-opt.sumviz

Wfn Title:   Title Card Required                                                           
 
Total memory allocated for AIMSum =        0.838 Megabytes

Atomic units (a.u.) used throughout, except where stated otherwise

Model:  Restricted SCF
 
Restricted, closed-shell, single-determinant wavefunction.
  Number of electrons (from MO Occs)                   =          60.0000000000
  Number of Alpha electrons (from MO Occs)             =          30.0000000000
  Number of Beta electrons (from MO Occs)              =          30.0000000000
  Number of electron pairs (N*(N-1)/2)                 =        1770.0000000000
  Number of electron pairs (from Muller 2EDM)          =        1770.0000000000
 
Nuclear Charges and Cartesian Coordinates:
-------------------------------------------------------------------------------
Atom      Charge                X                  Y                  Z
-------------------------------------------------------------------------------
C1         6.0           4.6976504700E+00   2.9164371800E+00   6.3311212000E-01
H2         1.0           5.2120103500E+00   4.8942678700E+00   4.4486451000E-01
C3         6.0           5.2009100700E+00   1.2430908600E+00  -1.1974851700E+00
H4         1.0           6.0767310600E+00   1.9184714200E+00  -2.9356360900E+00
C5         6.0           4.5165459500E+00  -2.9150708000E+00   9.5916496000E-01
H6         1.0           4.0550420100E+00  -4.9124637200E+00   8.5559746000E-01
C7         6.0           4.6268846800E+00  -1.4748763900E+00  -1.1223071700E+00
H8         1.0           4.3120187700E+00  -2.3685545700E+00  -2.9523664900E+00
C9         6.0          -4.5574636100E+00   1.5830058000E-01   2.3598489200E+00
H10        1.0          -5.3583118800E+00  -3.8331560000E-02   4.2322401300E+00
C11        6.0          -2.6403379500E+00  -2.2440526000E-01   8.4203912000E-01
H12        1.0          -7.4829728000E-01  -9.5669772000E-01   5.6967267000E-01
C13        6.0          -4.9314740200E+00   9.2661817000E-01  -3.1691273000E-01
H14        1.0           4.9224508300E+00  -2.1559130500E+00   2.8247157600E+00
H15        1.0           3.7352513900E+00   2.3761697900E+00   2.3662304900E+00
H16        1.0          -4.9912330700E+00   2.9045855600E+00  -8.9211160000E-01
O17        8.0          -6.5264138700E+00  -4.0835980000E-01  -1.9945323500E+00
H18        1.0          -6.4806447900E+00  -2.1752215800E+00  -1.5017082800E+00
 
Some Atomic Properties:
----------------------
  q(A) = Net Charge of Atom A
  L(A) = Lagrangian of Atom A = -(1/4) Times Atomic Integral of the Laplacian of the Electron Density
  K(A) = Electronic Kinetic Energy of Atom A (Hamiltonian Form)
  K_Scaled(A) = K(A) * E(Mol)/K(Mol) = Approximation to Virial-Based Total Energy of Atom A.
  |Mu_Intra(A)| = Magnitude of Intraatomic Dipole Moment of Atom A
--------------------------------------------------------------------------------------------------
Atom A          q(A)              L(A)              K(A)          K_Scaled(A)      |Mu_Intra(A)|
--------------------------------------------------------------------------------------------------
C1       -8.4514551300E-02 -8.6384165735E-05  3.7703758736E+01 -3.8070187617E+01  1.0986580992E-01
H2        4.6185433320E-02  2.1565235096E-05  5.9343799120E-01 -5.9920539547E-01  1.4719507288E-01
C3       -2.8994544000E-02 -3.2104855893E-04  3.7700465205E+01 -3.8066862077E+01  7.7569803650E-02
H4        3.6218785210E-02  2.4823237327E-05  6.0127705907E-01 -6.0712064834E-01  1.5062973233E-01
C5       -9.5037536400E-02 -9.2835704128E-05  3.7706414228E+01 -3.8072868917E+01  1.1538916562E-01
H6        4.5079860680E-02  2.4480381438E-05  5.9369460002E-01 -5.9946449817E-01  1.4746044211E-01
C7       -3.4198795900E-02  9.9546230064E-05  3.7703634529E+01 -3.8070062203E+01  7.7342023004E-02
H8        3.6706932020E-02  2.4340429316E-05  6.0108809773E-01 -6.0692985055E-01  1.5038380839E-01
C9       -1.6722956890E-01 -6.5854468684E-05  3.7783989736E+01 -3.8151198352E+01  2.4106716053E-01
H10       1.0306265799E-01  1.9549888455E-05  5.6262599690E-01 -5.6809395079E-01  1.4779345263E-01
C11      -1.6371511470E-01 -4.6220251471E-05  3.7783811832E+01 -3.8151018719E+01  2.6893419269E-01
H12       1.2436050029E-01  2.0867902762E-05  5.5328079991E-01 -5.5865793129E-01  1.3858674554E-01
C13       6.0181708740E-01 -2.2746339770E-04  3.7271743981E+01 -3.7633974271E+01  5.3769673869E-01
H14       4.4413938700E-02  2.7526320038E-05  5.9315746143E-01 -5.9892213933E-01  1.4782231307E-01
H15       4.2119440960E-02  3.1375366258E-05  5.9407223938E-01 -5.9984580767E-01  1.4779997925E-01
H16       4.2101667220E-02  2.5211538264E-05  6.0662412663E-01 -6.1251968207E-01  1.5232376245E-01
O17      -1.0847273286E+00 -1.5792797623E-04  7.5142000754E+01 -7.5872278057E+01  1.6953099741E-01
H18       5.3576851046E-01  2.7783358567E-05  3.7969087832E-01 -3.8338095348E-01  1.8489073202E-01
--------------------------------------------------------------------------------------------------
Total    -5.8262555000E-04 -6.5066463529E-04  3.4447476825E+02 -3.4782259107E+02
 
1st Largest |L(A)| = 3.2104855893E-04, atom C3      
2nd Largest |L(A)| = 2.2746339770E-04, atom C13     
 
Molecular charge q(Mol) from the wfn file:   0.0000000000E+00
Molecular energy E(Mol) from the wfn file:  -3.4782274073E+02
Molecular virial ratio (-V(Mol)/T(Mol)) from the wfn file:   2.0097186300E+00
Note.  K_Scaled(A) = (1+V(Mol)/T(Mol))*K(A) = (E(Mol)/T(Mol))*K(A)
       Only use K_Scaled(A) data with caution.
 
N_AIMInt(SumA)     =         60.000583
N_Analytic(Mol)    =         59.999989
 
G_AIMInt(SumA)     =        344.475419
G_Analytic(Mol)    =        344.474890
 
K_AIMInt(SumA)     =        344.474768
K_Analytic(Mol)    =        344.474890
 
L_AIMInt(SumA)     =         -0.000651
L_Analytic(Mol)    =          0.000000
 
VenT_AIMInt(SumA)  =      -1418.322128
VenT_Analytic(Mol) =      -1418.315167
 
Some Information About the Atomic Calculations:
----------------------------------------------
  Time(sec) = "Elapsed User Time", in Seconds, for Atom A by AIMInt and, if used, by TWOe
  NProc = Number of Processors Used for AIMInt Job
  BIM = Basin Integration Method
  OAQ = Angular Quadrature Outside of Beta Sphere
  ORQ = Multiple of Default for Radial Quadrature Outside of Beta Sphere
  IAQ = Multiple of Default for Angular Quadrature Inside of Beta Sphere
  IRQ = Multiple of Default for Radial Quadrature Inside of Beta Sphere
  MIR = Maximum Integration Radius
------------------------------------------------------------------------------------------------------
Atom A     Time(sec)   NProc      BIM          OAQ                     ORQ      IAQ      IRQ      MIR
------------------------------------------------------------------------------------------------------
C1             43        8     Proaim(5)    4500(GS4)                  1.00     1.00     1.00    13.00
H2              8        8     Proaim(5)    1800(GS4)                  1.00     1.00     1.00    13.00
C3             52        8     Proaim(5)    4500(GS4)                  1.00     1.00     1.00    13.00
H4              5        8     Proaim(5)    1800(GS4)                  1.00     1.00     1.00    13.00
C5             48        8     Proaim(5)    4500(GS4)                  1.00     1.00     1.00    13.00
H6              5        8     Proaim(5)    1800(GS4)                  1.00     1.00     1.00    13.00
C7             44        8     Proaim(5)    4500(GS4)                  1.00     1.00     1.00    13.00
H8              5        8     Proaim(5)    1800(GS4)                  1.00     1.00     1.00    13.00
C9             16        8     Proaim(5)    4500(GS4)                  1.00     1.00     1.00    13.00
H10             4        8     Proaim(5)    1800(GS4)                  1.00     1.00     1.00    13.00
C11            23        8     Proaim(5)    4500(GS4)                  1.00     1.00     1.00    13.00
H12            17        8     Proaim(5)    4500(GS4)                  1.00     1.00     1.00    13.00
C13            21        8     Proaim(5)    4500(GS4)                  1.00     1.00     1.00    13.00
H14             7        8     Proaim(5)    1800(GS4)                  1.00     1.00     1.00    13.00
H15             8        8     Proaim(5)    1800(GS4)                  1.00     1.00     1.00    13.00
H16             5        8     Proaim(5)    1800(GS4)                  1.00     1.00     1.00    13.00
O17            16        8     Proaim(5)    4500(GS4)                  1.00     1.00     1.00    13.00
H18            14        8     Proaim(5)    1800(GS4)                  1.00     1.00     1.00    13.00
------------------------------------------------------------------------------------------------------
Total         341
Note:  Total wall clock time is less than total of atomic times if more than one atom
       was calculated at a time
 
Electron Density Critical Point Analysis of Molecular Structure:               
---------------------------------------------------------------                
  NACP = Nuclear Attractor Critical Point                                      
  NNACP = Non-Nuclear Attractor Critical Point                                 
  BCP = Bond Critical Point                                                    
  RCP = Ring Critical Point                                                    
  CCP = Cage Critical Point                                                    
  Rho = Electron Density                                                       
  GradRho = Gradient of Electron Density                                       
  HessRho_EigVals = Eigenvalues of the Hessian of Rho, Ascending Order         
  HessRho_EigVecs = Eigenvectors of the Hessian of Rho                         
  DelSqRho = Laplacian of Rho = Trace of Hessian of Rho                        
  Bond Ellipticity = (HessRho_EigVal(1) / HessRho_EigVal(2)) - 1               
  V = Virial Field = Potential Energy Density = Trace of Stress Tensor         
  G = Lagrangian Form of Kinetic Energy Density                                
  K = Hamiltonian Form of Kinetic Energy Density                               
  L = K - G = Lagrangian Density = (-1/4)DelSqRho                              
  Vnuc = Electrostatic Potential from Nuclei                                   
  Ven = Electron-nuclear attractive contribution to Virial Field V             
  Vrep = V - Ven = Repulsive contribution to Virial Field V                    
  DelSqV = Laplacian of V                                                      
  DelSqVen = Laplacian of Ven                                                  
  DelSqVrep = Laplacian of Vrep                                                
  DelSqG = Laplacian of G                                                      
  DelSqK = Laplacian of K                                                      
  Stress_EigVals = Eigenvalues of Stress Tensor, Ascending Order               
  Stress_EigVecs = Eigenvectors of Stress Tensor                               
  -DivStress = Ehrenfest Force Density = Minus Divergence of Stress Tensor     
  ESP = Total Electrostatic Potential                                          
  ESPe = Electrostatic Potential from Electrons                                
  ESPn = Electrostatic Potential from Nuclei                                   
  BP = Bond Path                                                               
  BPL = Bond Path Length                                                       
  GBL = Geometric Bond Length                                                  
  GBL_I = Distance Between Nuclear Attractors                                  
  GBL_II = Distance Between Nuclei                                             
  GBL_III = Sum of Distances Between BCP and Nuclear Attractors                
  GBL_IV = Sum of Distances Between BCP and Nuclei                             

CP# 1      Coords =  4.69765043915879E+00  2.91643776167122E+00  6.33112777741514E-01
           Type = (3,-3) NACP C1
           Rho =  1.1767776228E+02     Rho at Nucleus =  1.1767776222E+02
           GradRho = -3.1467953243E-11  6.9767414068E-11  1.1024631208E-10
           HessRho_EigVals = -1.4500532072E+05 -1.4500434047E+05 -1.4500418027E+05
           HessRho_EigVec1 =  8.5889774778E-01 -1.9561815765E-01  4.7331616839E-01
           HessRho_EigVec2 =  4.6385097161E-01  6.8890558432E-01 -5.5700212929E-01
           HessRho_EigVec3 =  2.1711042121E-01 -6.9795603894E-01 -6.8243712729E-01
           DelSqRho = -4.3501384146E+05
           Bond Ellipticity = NA
           V = -1.0876369401E+05
           G =  5.1168234923E+00
           K =  1.0875857719E+05
           L =  1.0875346037E+05
           Vnuc =  6.8291506194E+06
           Ven = -8.0363916316E+08
           Vrep =  8.0353039947E+08
           DelSqV =  2.4952655920E+09
           DelSqVen =  2.9707754537E+12
           DelSqVrep = -2.9682801881E+12
           DelSqG =  1.3403218247E+08
           DelSqK = -2.6292977744E+09
           Stress_EigVals = -3.6254812235E+04 -3.6254709667E+04 -3.6254172111E+04
           Stress_EigVec1 = -1.9112108758E-01  7.1004747154E-01  6.7772067848E-01
           Stress_EigVec2 =  4.4808475092E-01  6.7742063669E-01 -5.8337066860E-01
           Stress_EigVec3 =  8.7332284172E-01 -1.9218186477E-01  4.4763081326E-01
           -DivStress =  2.5863369030E+01 -4.7427648333E+02 -5.3434281973E+02
           ESP =  -1.4740213933E+01     ESP at Nucleus =  -1.4740213945E+01
           ESPe = -2.4156975019E+01     ESPe at Nucleus = -2.4156976071E+01
           ESPn =  9.4167610854E+00     ESPn at Nucleus =  9.4167621263E+00

CP# 2      Coords =  5.20317661595286E+00  4.86043993615424E+00  4.48139112906228E-01
           Type = (3,-3) NACP H2
           Rho =  4.2530311594E-01     Rho at Nucleus =  4.2158413774E-01
           GradRho = -1.3215202804E-09 -5.0616174932E-09  4.9016489652E-10
           HessRho_EigVals = -6.4764673348E+00 -6.4702643698E+00 -5.8737615666E+00
           HessRho_EigVec1 =  3.6779597166E-01 -1.8318195586E-01 -9.1168552378E-01
           HessRho_EigVec2 =  8.9541104287E-01 -1.9479111481E-01  4.0036918699E-01
           HessRho_EigVec3 =  2.5092865027E-01  9.6358745978E-01 -9.2379758788E-02
           DelSqRho = -1.8820493271E+01
           Bond Ellipticity = NA
           V = -4.7143569378E+00
           G =  4.6168099778E-03
           K =  4.7097401278E+00
           L =  4.7051233178E+00
           Vnuc =  3.8231327848E+01
           Ven = -1.6259902860E+01
           Vrep =  1.1545545923E+01
           DelSqV =  7.0854976998E+02
           DelSqVen =  7.1953245702E+02
           DelSqVrep = -1.0982687037E+01
           DelSqG =  6.9743036964E+01
           DelSqK = -7.7829280694E+02
           Stress_EigVals = -1.6224209377E+00 -1.6219309502E+00 -1.4700050499E+00
           Stress_EigVec1 =  4.5726179745E-01 -2.0057592987E-01 -8.6641845834E-01
           Stress_EigVec2 =  8.5338462614E-01 -1.7522722401E-01  4.9094816410E-01
           Stress_EigVec3 =  2.5029248582E-01  9.6388003212E-01 -9.1043699507E-02
           -DivStress =  1.9934042575E+00  7.6351862905E+00 -7.3785313442E-01
           ESP =  -1.1036902881E+00     ESP at Nucleus =  -1.1061775288E+00
           ESPe = -1.0857434092E+01     ESPe at Nucleus = -1.0779495103E+01
           ESPn =  9.7537438044E+00     ESPn at Nucleus =  9.6733175739E+00

CP# 3      Coords =  5.20090998575414E+00  1.24308938141665E+00 -1.19748583699677E+00
           Type = (3,-3) NACP C3
           Rho =  1.1765578839E+02     Rho at Nucleus =  1.1765578820E+02
           GradRho = -7.8009043669E-11 -8.6727891535E-10 -4.1634981574E-10
           HessRho_EigVals = -1.4497034121E+05 -1.4496944505E+05 -1.4496909832E+05
           HessRho_EigVec1 =  9.1824217840E-01 -1.2400934280E-01  3.7610235935E-01
           HessRho_EigVec2 =  2.5677686564E-01  9.0945422063E-01 -3.2704535137E-01
           HessRho_EigVec3 = -3.0149119901E-01  3.9688122087E-01  8.6694195506E-01
           DelSqRho = -4.3490888458E+05
           Bond Ellipticity = NA
           V = -1.0873743967E+05
           G =  5.1092602778E+00
           K =  1.0873233041E+05
           L =  1.0872722115E+05
           Vnuc =  3.6940210714E+06
           Ven = -4.3462296148E+08
           Vrep =  4.3451422404E+08
           DelSqV =  2.4946571623E+09
           DelSqVen =  1.6065626931E+12
           DelSqVrep = -1.6040680360E+12
           DelSqG =  1.3399167761E+08
           DelSqK = -2.6286488399E+09
           Stress_EigVals = -3.6246084305E+04 -3.6245919637E+04 -3.6245435724E+04
           Stress_EigVec1 = -2.7942982814E-01  4.7314315387E-01  8.3549657515E-01
           Stress_EigVec2 =  3.0517224117E-01  8.6880191952E-01 -3.8993990289E-01
           Stress_EigVec3 =  9.1037842371E-01 -1.4600952228E-01  3.8715932772E-01
           -DivStress =  6.9878016734E+01  1.2019252277E+03  5.3833106947E+02
           ESP =  -1.4730293227E+01     ESP at Nucleus =  -1.4730293246E+01
           ESPe = -2.5077818439E+01     ESPe at Nucleus = -2.5077818382E+01
           ESPn =  1.0347525212E+01     ESPn at Nucleus =  1.0347525136E+01

CP# 4      Coords =  6.06209075561909E+00  1.90702541350246E+00 -2.90668795528420E+00
           Type = (3,-3) NACP H4
           Rho =  4.2883199380E-01     Rho at Nucleus =  4.2521693525E-01
           GradRho = -5.0567189325E-16 -3.1979627280E-15  7.8305417706E-15
           HessRho_EigVals = -6.5554910825E+00 -6.5477357340E+00 -5.9560929718E+00
           HessRho_EigVec1 =  4.8098924933E-02  9.2008608771E-01  3.8875195771E-01
           HessRho_EigVec2 = -9.0352661836E-01  2.0600223808E-01 -3.7576951423E-01
           HessRho_EigVec3 = -4.2582407557E-01 -3.3317363207E-01  8.4123075761E-01
           DelSqRho = -1.9059319788E+01
           Bond Ellipticity = NA
           V = -4.7738841910E+00
           G =  4.5271219739E-03
           K =  4.7693570691E+00
           L =  4.7648299471E+00
           Vnuc =  3.9475315523E+01
           Ven = -1.6928278262E+01
           Vrep =  1.2154394071E+01
           DelSqV =  7.1836371787E+02
           DelSqVen =  7.5237266231E+02
           DelSqVrep = -3.4008944434E+01
           DelSqG =  7.0937863962E+01
           DelSqK = -7.8930158184E+02
           Stress_EigVals = -1.6419821494E+00 -1.6409504858E+00 -1.4909515558E+00
           Stress_EigVec1 = -3.6291832435E-02  9.3577188569E-01  3.5073334723E-01
           Stress_EigVec2 = -9.0410340581E-01  1.1878397796E-01 -4.1047216494E-01
           Stress_EigVec3 = -4.2576981399E-01 -3.3199600079E-01  8.4172366069E-01
           -DivStress =  3.3452718066E+00  2.6149094758E+00 -6.6146134631E+00
           ESP =  -1.1046659824E+00     ESP at Nucleus =  -1.1070907067E+00
           ESPe = -1.1510018529E+01     ESPe at Nucleus = -1.1428781612E+01
           ESPn =  1.0405352546E+01     ESPn at Nucleus =  1.0321690905E+01

CP# 5      Coords =  4.51654556103844E+00 -2.91507127207104E+00  9.59165619619230E-01
           Type = (3,-3) NACP C5
           Rho =  1.1768336216E+02     Rho at Nucleus =  1.1768336211E+02
           GradRho = -2.5809743232E-11 -7.3178713089E-11  1.2633119550E-10
           HessRho_EigVals = -1.4501453489E+05 -1.4501358044E+05 -1.4501343255E+05
           HessRho_EigVec1 =  9.5788210998E-01 -2.4276169326E-01 -1.5339042885E-01
           HessRho_EigVec2 =  2.8681735087E-01  7.8265356716E-01  5.5243931888E-01
           HessRho_EigVec3 = -1.4059538165E-02 -5.7316677686E-01  8.1931811605E-01
           DelSqRho = -4.3504154788E+05
           Bond Ellipticity = NA
           V = -1.0877062970E+05
           G =  5.1213678294E+00
           K =  1.0876550834E+05
           L =  1.0876038697E+05
           Vnuc =  6.6698071853E+06
           Ven = -7.8492533455E+08
           Vrep =  7.8481656392E+08
           DelSqV =  2.4954265140E+09
           DelSqVen =  2.9016436244E+12
           DelSqVrep = -2.8991481979E+12
           DelSqG =  1.3404296914E+08
           DelSqK = -2.6294694831E+09
           Stress_EigVals = -3.6257119219E+04 -3.6257020439E+04 -3.6256490047E+04
           Stress_EigVec1 = -3.7554240916E-02 -6.0825250725E-01  7.9285469438E-01
           Stress_EigVec2 =  2.6218293334E-01  7.5962203427E-01  5.9517600298E-01
           Stress_EigVec3 =  9.6428719190E-01 -2.3022435249E-01 -1.3094639768E-01
           -DivStress =  3.1449545631E+02  3.8519701083E+02 -5.3648932357E+02
           ESP =  -1.4738129868E+01     ESP at Nucleus =  -1.4738129879E+01
           ESPe = -2.4210616155E+01     ESPe at Nucleus = -2.4210617054E+01
           ESPn =  9.4724862864E+00     ESPn at Nucleus =  9.4724871745E+00

CP# 6      Coords =  4.06293058659949E+00 -4.87833542135673E+00  8.57412484474195E-01
           Type = (3,-3) NACP H6
           Rho =  4.2522236274E-01     Rho at Nucleus =  4.2151249502E-01
           GradRho =  1.5070798602E-09  6.5216816305E-09  3.4720882419E-10
           HessRho_EigVals = -6.4747671862E+00 -6.4685196979E+00 -5.8731849091E+00
           HessRho_EigVec1 =  7.6200039270E-02 -6.9623909941E-02  9.9465876821E-01
           HessRho_EigVec2 =  9.7145993112E-01 -2.1955223736E-01 -8.9790964455E-02
           HessRho_EigVec3 =  2.2463115599E-01  9.7311321347E-01  5.0906949647E-02
           DelSqRho = -1.8816471793E+01
           Bond Ellipticity = NA
           V = -4.7133785476E+00
           G =  4.6302996647E-03
           K =  4.7087482479E+00
           L =  4.7041179483E+00
           Vnuc =  3.8528374429E+01
           Ven = -1.6383126407E+01
           Vrep =  1.1669747859E+01
           DelSqV =  7.0843003711E+02
           DelSqVen =  7.2496808154E+02
           DelSqVrep = -1.6538044427E+01
           DelSqG =  6.9727057579E+01
           DelSqK = -7.7815709469E+02
           Stress_EigVals = -1.6220038707E+00 -1.6215023286E+00 -1.4698723483E+00
           Stress_EigVec1 = -1.6844583222E-01  8.8688015669E-02 -9.8171301177E-01
           Stress_EigVec2 =  9.5982905228E-01 -2.1196925245E-01 -1.8384021982E-01
           Stress_EigVec3 =  2.2439739752E-01  9.7324378852E-01  4.9419996894E-02
           -DivStress = -1.7801313469E+00 -7.7010811793E+00 -4.0824015427E-01
           ESP =  -1.1007484793E+00     ESP at Nucleus =  -1.1032305566E+00
           ESPe = -1.1118893330E+01     ESPe at Nucleus = -1.1043527999E+01
           ESPn =  1.0018144850E+01     ESPn at Nucleus =  9.9402974421E+00

CP# 7      Coords =  4.62688478359189E+00 -1.47487514000399E+00 -1.12230788271391E+00
           Type = (3,-3) NACP C7
           Rho =  1.1766956696E+02     Rho at Nucleus =  1.1766956681E+02
           GradRho =  2.9924673850E-11  5.8566840266E-10 -3.4568486962E-10
           HessRho_EigVals = -1.4499023707E+05 -1.4498924644E+05 -1.4498893652E+05
           HessRho_EigVec1 =  9.8610818361E-01 -1.4988499004E-01 -7.1590082917E-02
           HessRho_EigVec2 =  1.6456220909E-01  9.4015101577E-01  2.9838791343E-01
           HessRho_EigVec3 =  2.2581619741E-02 -3.0602378552E-01  9.5175601555E-01
           DelSqRho = -4.3496842002E+05
           Bond Ellipticity = NA
           V = -1.0875231692E+05
           G =  5.1059548926E+00
           K =  1.0874721096E+05
           L =  1.0874210501E+05
           Vnuc =  4.1590799956E+06
           Ven = -4.8939714203E+08
           Vrep =  4.8928838972E+08
           DelSqV =  2.4950002398E+09
           DelSqVen =  1.8090686136E+12
           DelSqVrep = -1.8065736134E+12
           DelSqG =  1.3401275678E+08
           DelSqK = -2.6290129966E+09
           Stress_EigVals = -3.6251044165E+04 -3.6250890187E+04 -3.6250382564E+04
           Stress_EigVec1 =  3.7309247870E-03 -3.8529075330E-01  9.2278768719E-01
           Stress_EigVec2 =  1.8739586907E-01  9.0671548088E-01  3.7782247813E-01
           Stress_EigVec3 =  9.8227738875E-01 -1.7151697336E-01 -7.5584782820E-02
           -DivStress = -8.5082083448E+01 -1.0169311626E+03  5.7563385601E+02
           ESP =  -1.4727827663E+01     ESP at Nucleus =  -1.4727827680E+01
           ESPe = -2.5248414136E+01     ESPe at Nucleus = -2.5248414161E+01
           ESPn =  1.0520586473E+01     ESPn at Nucleus =  1.0520586482E+01

CP# 8      Coords =  4.31730663748894E+00 -2.35351758294241E+00 -2.92187330549728E+00
           Type = (3,-3) NACP H8
           Rho =  4.2879991259E-01     Rho at Nucleus =  4.2518348567E-01
           GradRho =  3.5459135628E-13  1.0083378360E-12  2.0410374779E-12
           HessRho_EigVals = -6.5549493407E+00 -6.5473314175E+00 -5.9554352112E+00
           HessRho_EigVec1 =  1.7938114370E-01  8.6912277711E-01 -4.6092082139E-01
           HessRho_EigVec2 =  9.7163203509E-01 -2.2991779652E-01 -5.5398512974E-02
           HessRho_EigVec3 =  1.5412200907E-01  4.3790798708E-01  8.8571044996E-01
           DelSqRho = -1.9057715970E+01
           Bond Ellipticity = NA
           V = -4.7734376111E+00
           G =  4.5043093500E-03
           K =  4.7689333017E+00
           L =  4.7644289924E+00
           Vnuc =  3.9871244175E+01
           Ven = -1.7096786017E+01
           Vrep =  1.2323348406E+01
           DelSqV =  7.1829208752E+02
           DelSqVen =  7.5985484684E+02
           DelSqVrep = -4.1562759322E+01
           DelSqG =  7.0931357834E+01
           DelSqK = -7.8922344536E+02
           Stress_EigVals = -1.6418664395E+00 -1.6407639806E+00 -1.4908071910E+00
           Stress_EigVec1 =  8.7768662717E-02  8.8741688273E-01 -4.5253501312E-01
           Stress_EigVec2 =  9.8418374126E-01 -1.4742723275E-01 -9.8222067230E-02
           Stress_EigVec3 =  1.5387990542E-01  4.3675678277E-01  8.8632075876E-01
           -DivStress = -1.2081505458E+00 -3.4349784556E+00 -6.9669863132E+00
           ESP =  -1.1025123008E+00     ESP at Nucleus =  -1.1049374838E+00
           ESPe = -1.1910703189E+01     ESPe at Nucleus = -1.1832093076E+01
           ESPn =  1.0808190888E+01     ESPn at Nucleus =  1.0727155592E+01

CP# 9      Coords = -4.55746374620208E+00  1.58300716736309E-01  2.35984719394764E+00
           Type = (3,-3) NACP C9
           Rho =  1.1766675301E+02     Rho at Nucleus =  1.1766675279E+02
           GradRho = -1.3208967253E-10  8.1917479744E-11 -1.1504885933E-09
           HessRho_EigVals = -1.4498933721E+05 -1.4498871333E+05 -1.4498750773E+05
           HessRho_EigVec1 =  3.7265308378E-01  8.4536096101E-01  3.8274603165E-01
           HessRho_EigVec2 = -3.0008194899E-01 -2.8051537746E-01  9.1173567820E-01
           HessRho_EigVec3 =  8.7811189665E-01 -4.5461628722E-01  1.4914264432E-01
           DelSqRho = -4.3496555827E+05
           Bond Ellipticity = NA
           V = -1.0875173544E+05
           G =  5.1729368956E+00
           K =  1.0874656251E+05
           L =  1.0874138957E+05
           Vnuc =  3.4546222025E+06
           Ven = -4.0649417744E+08
           Vrep =  4.0638542571E+08
           DelSqV =  2.4949879432E+09
           DelSqVen =  1.5026418483E+12
           DelSqVrep = -1.5001468604E+12
           DelSqG =  1.3401483326E+08
           DelSqK = -2.6290027765E+09
           Stress_EigVals = -3.6250875630E+04 -3.6250673765E+04 -3.6250186047E+04
           Stress_EigVec1 =  8.4065895550E-01 -2.1310067586E-01 -4.9787611158E-01
           Stress_EigVec2 =  3.7495809990E-01 -4.3431639338E-01  8.1900897050E-01
           Stress_EigVec3 =  3.9076712228E-01  8.7518990647E-01  2.8520814110E-01
           -DivStress =  1.0992946099E+02 -1.1562441156E+02  1.4072547515E+03
           ESP =  -1.4727141427E+01     ESP at Nucleus =  -1.4727141432E+01
           ESPe = -2.5099337388E+01     ESPe at Nucleus = -2.5099334758E+01
           ESPn =  1.0372195960E+01     ESPn at Nucleus =  1.0372193326E+01

CP# 10     Coords = -5.34426344261133E+00 -3.50038913600767E-02  4.19952335007565E+00
           Type = (3,-3) NACP H10
           Rho =  4.1431926810E-01     Rho at Nucleus =  4.1055233230E-01
           GradRho =  7.0861799761E-10  1.6949521344E-10 -1.6547125076E-09
           HessRho_EigVals = -6.3366770027E+00 -6.3345375181E+00 -5.7304056186E+00
           HessRho_EigVec1 = -8.8897852597E-01  2.9976384098E-01 -3.4620632577E-01
           HessRho_EigVec2 =  2.4134204456E-01  9.4915820556E-01  2.0212055400E-01
           HessRho_EigVec3 = -3.8919300853E-01 -9.6126689659E-02  9.1612688076E-01
           DelSqRho = -1.8401620139E+01
           Bond Ellipticity = NA
           V = -4.6097703653E+00
           G =  4.6826652477E-03
           K =  4.6050877001E+00
           L =  4.6004050348E+00
           Vnuc =  3.8055341480E+01
           Ven = -1.5767061229E+01
           Vrep =  1.1157290864E+01
           DelSqV =  6.9294311406E+02
           DelSqVen =  7.0027994101E+02
           DelSqVrep = -7.3368269433E+00
           DelSqG =  6.8455886065E+01
           DelSqK = -7.6139900013E+02
           Stress_EigVals = -1.5879777599E+00 -1.5871164071E+00 -1.4346761984E+00
           Stress_EigVec1 = -7.9415596339E-01  5.3693987728E-01 -2.8462584914E-01
           Stress_EigVec2 =  4.6454959818E-01  8.3832707023E-01  2.8530929558E-01
           Stress_EigVec3 = -3.9180349238E-01 -9.4357254653E-02  9.1519764633E-01
           -DivStress = -3.1048394264E+00 -7.3445213476E-01  7.2276141517E+00
           ESP =  -1.0673394532E+00     ESP at Nucleus =  -1.0699705425E+00
           ESPe = -1.1158934990E+01     ESPe at Nucleus = -1.1075048062E+01
           ESPn =  1.0091595537E+01     ESPn at Nucleus =  1.0005077519E+01

CP# 11     Coords = -2.64033994302707E+00 -2.24404696001180E-01  8.42038629048949E-01
           Type = (3,-3) NACP C11
           Rho =  1.1767955765E+02     Rho at Nucleus =  1.1767955732E+02
           GradRho = -1.9675892027E-09  5.4416737783E-10 -4.9076787079E-10
           HessRho_EigVals = -1.4500593622E+05 -1.4500515323E+05 -1.4500405364E+05
           HessRho_EigVec1 =  4.6879217596E-01  8.3534465424E-01  2.8711183256E-01
           HessRho_EigVec2 =  8.6976767838E-01 -4.9323602668E-01  1.4913337415E-02
           HessRho_EigVec3 = -1.5407167619E-01 -2.4272933615E-01  9.5778097077E-01
           DelSqRho = -4.3501514309E+05
           Bond Ellipticity = NA
           V = -1.0876411693E+05
           G =  5.1655780941E+00
           K =  1.0875895135E+05
           L =  1.0875378577E+05
           Vnuc =  2.8186574697E+06
           Ven = -3.3169836420E+08
           Vrep =  3.3158960008E+08
           DelSqV =  2.4952717170E+09
           DelSqVen =  1.2261586207E+12
           DelSqVrep = -1.2236633408E+12
           DelSqG =  1.3403082481E+08
           DelSqK = -2.6293025418E+09
           Stress_EigVals = -3.6255015409E+04 -3.6254805212E+04 -3.6254296307E+04
           Stress_EigVec1 =  7.3232198941E-01 -1.2714036347E-01 -6.6898417904E-01
           Stress_EigVec2 =  5.4953539065E-01 -4.6982143288E-01  6.9085358480E-01
           Stress_EigVec3 =  4.0213848144E-01  8.7355775378E-01  2.7419243708E-01
           -DivStress =  1.6232806432E+03 -4.6389591814E+02  4.0027566541E+02
           ESP =  -1.4728854798E+01     ESP at Nucleus =  -1.4728854806E+01
           ESPe = -2.5873489572E+01     ESPe at Nucleus = -2.5873487193E+01
           ESPn =  1.1144634774E+01     ESPn at Nucleus =  1.1144632387E+01

CP# 12     Coords = -7.82100391632563E-01 -9.43752517026591E-01  5.74625312202012E-01
           Type = (3,-3) NACP H12
           Rho =  4.1055637983E-01     Rho at Nucleus =  4.0667143415E-01
           GradRho = -6.1328153771E-09  2.3522945224E-09  8.9124371381E-10
           HessRho_EigVals = -6.2703972767E+00 -6.2683725086E+00 -5.6551637208E+00
           HessRho_EigVec1 =  8.2763838609E-02 -1.4740699333E-01  9.8560708466E-01
           HessRho_EigVec2 =  3.7105660453E-01  9.2244796143E-01  1.0680240961E-01
           HessRho_EigVec3 =  9.2491466809E-01 -3.5687664084E-01 -1.3104167263E-01
           DelSqRho = -1.8193933506E+01
           Bond Ellipticity = NA
           V = -4.5579951486E+00
           G =  4.7558860409E-03
           K =  4.5532392626E+00
           L =  4.5484833765E+00
           Vnuc =  3.9608740884E+01
           Ven = -1.6261621267E+01
           Vrep =  1.1703626118E+01
           DelSqV =  6.8442111283E+02
           DelSqVen =  7.2063880782E+02
           DelSqVrep = -3.6217694989E+01
           DelSqG =  6.7545995838E+01
           DelSqK = -7.5196710867E+02
           Stress_EigVals = -1.5713570646E+00 -1.5704813934E+00 -1.4161566906E+00
           Stress_EigVec1 = -1.0525767349E-02 -3.7633715249E-01  9.2642298972E-01
           Stress_EigVec2 =  3.7999668035E-01  8.5546404731E-01  3.5182920101E-01
           Stress_EigVec3 =  9.2492795998E-01 -3.5574093301E-01 -1.3400245310E-01
           -DivStress =  7.3852872035E+00 -2.8278348688E+00 -1.0834276116E+00
           ESP =  -1.0705242995E+00     ESP at Nucleus =  -1.0732441385E+00
           ESPe = -1.3307749464E+01     ESPe at Nucleus = -1.3251348695E+01
           ESPn =  1.2237225165E+01     ESPn at Nucleus =  1.2178104557E+01

CP# 13     Coords = -4.93147457697886E+00  9.26612924094866E-01 -3.16912036490813E-01
           Type = (3,-3) NACP C13
           Rho =  1.1740280190E+02     Rho at Nucleus =  1.1740279986E+02
           GradRho = -2.5765944933E-11  4.2583853110E-12  7.2813977070E-13
           HessRho_EigVals = -1.4463343130E+05 -1.4463195175E+05 -1.4463123590E+05
           HessRho_EigVec1 =  6.1913276120E-01  3.6787986716E-01  6.9378600977E-01
           HessRho_EigVec2 =  1.1353785758E-01 -9.1613353479E-01  3.8445871213E-01
           HessRho_EigVec3 =  7.7703524946E-01 -1.5926000684E-01 -6.0897657699E-01
           DelSqRho = -4.3389661894E+05
           Bond Ellipticity = NA
           V = -1.0848420319E+05
           G =  5.0242281008E+00
           K =  1.0847917896E+05
           L =  1.0847415474E+05
           Vnuc =  1.1276655977E+06
           Ven = -1.3239110078E+08
           Vrep =  1.3228261657E+08
           DelSqV =  2.4888455204E+09
           DelSqVen =  4.8929029120E+11
           DelSqVrep = -4.8680144568E+11
           DelSqG =  1.3365432014E+08
           DelSqK = -2.6224998406E+09
           Stress_EigVals = -3.6161581260E+04 -3.6161518699E+04 -3.6161103233E+04
           Stress_EigVec1 = -1.5926154345E-01  9.0396177361E-01 -3.9684867724E-01
           Stress_EigVec2 = -7.7376733744E-01  1.3535375724E-01  6.1884042200E-01
           Stress_EigVec3 =  6.1312304498E-01  4.0562602511E-01  6.7789944643E-01
           -DivStress =  4.4538009721E+02  4.2474356779E+03 -5.6846482255E+02
           ESP =  -1.4672466719E+01     ESP at Nucleus =  -1.4672466834E+01
           ESPe = -2.6080209088E+01     ESPe at Nucleus = -2.6080204092E+01
           ESPn =  1.1407742370E+01     ESPn at Nucleus =  1.1407737258E+01

CP# 14     Coords =  4.91545431671310E+00 -2.16891808643676E+00  2.79290099594979E+00
           Type = (3,-3) NACP H14
           Rho =  4.2449277665E-01     Rho at Nucleus =  4.2078975709E-01
           GradRho = -7.4365413133E-11 -1.3832642150E-10 -3.3825957486E-10
           HessRho_EigVals = -6.4625153603E+00 -6.4562101386E+00 -5.8623748664E+00
           HessRho_EigVec1 = -2.0033023059E-01 -8.9070394867E-01  4.0806160630E-01
           HessRho_EigVec2 =  9.5934153982E-01 -2.6286236633E-01 -1.0279682066E-01
           HessRho_EigVec3 =  1.9882557352E-01  3.7087713894E-01  9.0714857610E-01
           DelSqRho = -1.8781100365E+01
           Bond Ellipticity = NA
           V = -4.7045945920E+00
           G =  4.6597503274E-03
           K =  4.6999348416E+00
           L =  4.6952750913E+00
           Vnuc =  3.9139222507E+01
           Ven = -1.6614317238E+01
           Vrep =  1.1909722646E+01
           DelSqV =  7.0709813892E+02
           DelSqVen =  7.3507766673E+02
           DelSqVrep = -2.7979527811E+01
           DelSqG =  6.9585815987E+01
           DelSqK = -7.7668395491E+02
           Stress_EigVals = -1.6189358587E+00 -1.6183813322E+00 -1.4672774011E+00
           Stress_EigVec1 =  1.2097905982E-01  9.0991243156E-01 -3.9676622081E-01
           Stress_EigVec2 =  9.7238403034E-01 -1.8899426570E-01 -1.3693233754E-01
           Stress_EigVec3 =  1.9958297677E-01  3.6924319145E-01  9.0764866604E-01
           -DivStress =  1.5755173668E+00  2.9283913077E+00  7.1660204404E+00
           ESP =  -1.1017790766E+00     ESP at Nucleus =  -1.1042427304E+00
           ESPe = -1.1730733300E+01     ESPe at Nucleus = -1.1661108836E+01
           ESPn =  1.0628954223E+01     ESPn at Nucleus =  1.0556866106E+01

CP# 15     Coords =  3.75169029973080E+00  2.38539043512828E+00  2.33673651696759E+00
           Type = (3,-3) NACP H15
           Rho =  4.2489879068E-01     Rho at Nucleus =  4.2120575299E-01
           GradRho =  4.7115089608E-15  4.2101738762E-15 -1.1221058804E-14
           HessRho_EigVals = -6.4711249151E+00 -6.4648582052E+00 -5.8716211647E+00
           HessRho_EigVec1 =  8.9173342482E-02  9.3530038449E-01  3.4243438169E-01
           HessRho_EigVec2 =  8.7863248672E-01 -2.3579166317E-01  4.1521951408E-01
           HessRho_EigVec3 = -4.6909814355E-01 -2.6384746038E-01  8.4281163339E-01
           DelSqRho = -1.8807604285E+01
           Bond Ellipticity = NA
           V = -4.7112268848E+00
           G =  4.6629067743E-03
           K =  4.7065639780E+00
           L =  4.7019010712E+00
           Vnuc =  3.9580543724E+01
           Ven = -1.6817725163E+01
           Vrep =  1.2106498278E+01
           DelSqV =  7.0818367092E+02
           DelSqVen =  7.4441520375E+02
           DelSqVrep = -3.6231532833E+01
           DelSqG =  6.9715073634E+01
           DelSqK = -7.7789874455E+02
           Stress_EigVals = -1.6210955938E+00 -1.6205354319E+00 -1.4695958591E+00
           Stress_EigVec1 =  1.2556937858E-02  9.5281277979E-01  3.0329874708E-01
           Stress_EigVec2 =  8.8260570012E-01 -1.5311811680E-01  4.4447949382E-01
           Stress_EigVec3 = -4.6994627505E-01 -2.6211190163E-01  8.4288068526E-01
           -DivStress = -3.7078094937E+00 -2.0788113867E+00  6.6526528535E+00
           ESP =  -1.1038091571E+00     ESP at Nucleus =  -1.1062628378E+00
           ESPe = -1.2114702511E+01     ESPe at Nucleus = -1.2053086803E+01
           ESPn =  1.1010893354E+01     ESPn at Nucleus =  1.0946823965E+01

CP# 16     Coords = -4.98997239296493E+00  2.87128411626744E+00 -8.82088751484388E-01
           Type = (3,-3) NACP H16
           Rho =  4.3416035779E-01     Rho at Nucleus =  4.3042268094E-01
           GradRho =  1.1046234240E-10 -2.9427521693E-09  8.8442657538E-10
           HessRho_EigVals = -6.6374236229E+00 -6.6255621172E+00 -6.0132663534E+00
           HessRho_EigVec1 =  6.2938684354E-01  2.4201508305E-01  7.3844492059E-01
           HessRho_EigVec2 = -7.7635420743E-01  1.5442516830E-01  6.1108674671E-01
           HessRho_EigVec3 = -3.3857728610E-02  9.5790477970E-01 -2.8508259723E-01
           DelSqRho = -1.9276252094E+01
           Bond Ellipticity = NA
           V = -4.8278660853E+00
           G =  4.4015309480E-03
           K =  4.8234645543E+00
           L =  4.8190630234E+00
           Vnuc =  4.0004651430E+01
           Ven = -1.7368433778E+01
           Vrep =  1.2540567693E+01
           DelSqV =  7.2606536281E+02
           DelSqVen =  7.7113975094E+02
           DelSqVrep = -4.5074388132E+01
           DelSqG =  7.1691263118E+01
           DelSqK = -7.9775662592E+02
           Stress_EigVals = -1.6617618622E+00 -1.6603374219E+00 -1.5057668012E+00
