AIMSum (Version 19.02.13, Professional)
Copyright (c) 1997-2019 by Todd A. Keith
AIMSum is a component of the AIMAll package ( http://aim.tkgristmill.com )

TP:  64-bit Linux

Much of the Quantum Theory of Atoms in Molecules (QTAIM) is described in the book:
  "Atoms in Molecules - A Quantum Theory"
  R.F.W. Bader, Oxford University Press, Oxford, 1990

For additional references see:  http://aim.tkgristmill.com/references.html

Wfn File:  /home/mhennefarth/Documents/ML_Diels/summary-levandowski2016/24-opt/24-opt.wfn
Sum File:  /home/mhennefarth/Documents/ML_Diels/summary-levandowski2016/24-opt/24-opt.sum

SumViz File:  /home/mhennefarth/Documents/ML_Diels/summary-levandowski2016/24-opt/24-opt.sumviz

Wfn Title:   Title Card Required                                                           
 
Total memory allocated for AIMSum =        0.863 Megabytes

Atomic units (a.u.) used throughout, except where stated otherwise

Model:  Restricted SCF
 
Restricted, closed-shell, single-determinant wavefunction.
  Number of electrons (from MO Occs)                   =          60.0000000000
  Number of Alpha electrons (from MO Occs)             =          30.0000000000
  Number of Beta electrons (from MO Occs)              =          30.0000000000
  Number of electron pairs (N*(N-1)/2)                 =        1770.0000000000
  Number of electron pairs (from Muller 2EDM)          =        1770.0000000000
 
Nuclear Charges and Cartesian Coordinates:
-------------------------------------------------------------------------------
Atom      Charge                X                  Y                  Z
-------------------------------------------------------------------------------
C1         6.0           4.4302903600E+00   2.9483225100E+00   2.3880370000E-02
H2         1.0           4.2394985000E+00   4.8939490700E+00  -6.0286342000E-01
C3         6.0           3.3098853400E+00   1.0468653100E+00  -1.2137951700E+00
H4         1.0           2.2295070300E+00   1.4508685200E+00  -2.9187566400E+00
C5         6.0           3.5104853800E+00  -2.5294164500E+00   1.8770941000E+00
H6         1.0           3.6503740300E+00  -4.5413788300E+00   2.2602859600E+00
C7         6.0           3.4355689000E+00  -1.6354961700E+00  -4.9301867000E-01
H8         1.0           3.4151057600E+00  -2.9788468000E+00  -2.0556686600E+00
C9         6.0          -3.4810852300E+00   1.9882231700E+00   9.7367833000E-01
H10        1.0          -2.3516486200E+00   3.6195311800E+00   1.4680621000E+00
C11        6.0          -5.0290575900E+00   2.0087289000E-01   1.6981859900E+00
H12        1.0          -6.0900036500E+00  -6.7099690000E-01   3.2141966500E+00
C13        6.0          -4.1617482600E+00   7.8582310000E-02  -9.7650603000E-01
H14        1.0           3.4358136000E+00  -1.2787824500E+00   3.5058491500E+00
H15        1.0           5.6014714400E+00   2.6210373500E+00   1.6801894500E+00
H16        1.0          -5.4178192000E+00   5.2477668000E-01  -2.5486678000E+00
O17        8.0          -2.4436488800E+00  -1.7639975000E+00  -1.8546808200E+00
H18        1.0          -1.2491411900E+00  -2.1158992800E+00  -5.0229378000E-01
 
Some Atomic Properties:
----------------------
  q(A) = Net Charge of Atom A
  L(A) = Lagrangian of Atom A = -(1/4) Times Atomic Integral of the Laplacian of the Electron Density
  K(A) = Electronic Kinetic Energy of Atom A (Hamiltonian Form)
  K_Scaled(A) = K(A) * E(Mol)/K(Mol) = Approximation to Virial-Based Total Energy of Atom A.
  |Mu_Intra(A)| = Magnitude of Intraatomic Dipole Moment of Atom A
--------------------------------------------------------------------------------------------------
Atom A          q(A)              L(A)              K(A)          K_Scaled(A)      |Mu_Intra(A)|
--------------------------------------------------------------------------------------------------
C1       -9.0861810300E-02  2.6955057271E-05  3.7704687340E+01 -3.8071033623E+01  1.1016846086E-01
H2        4.3448990030E-02  1.5701259397E-05  5.9424240333E-01 -6.0001618137E-01  1.4787882323E-01
C3       -2.9350340700E-02  1.6484613039E-05  3.7705174507E+01 -3.8071525524E+01  9.3984234643E-02
H4        5.4170198210E-02  2.5127851641E-05  5.9459417469E-01 -6.0037137061E-01  1.4518544551E-01
C5       -1.0011659100E-01 -5.9458774483E-05  3.7707426317E+01 -3.8073799213E+01  1.1571146416E-01
H6        4.6890725130E-02  2.1557113641E-05  5.9285802792E-01 -5.9861835510E-01  1.4723297349E-01
C7       -3.6850888900E-02 -8.4667779343E-05  3.7713316566E+01 -3.8079746692E+01  7.5679401664E-02
H8        4.6769598380E-02  2.5406491681E-05  5.9699138186E-01 -6.0279186953E-01  1.4765092354E-01
C9       -1.5756996100E-01  5.4633450229E-06  3.7780803327E+01 -3.8147889168E+01  2.4728023311E-01
H10       1.0776271972E-01  2.1220645428E-05  5.6103469881E-01 -5.6648582415E-01  1.4642563184E-01
C11      -1.6037931440E-01  6.7944858072E-05  3.7781159044E+01 -3.8148248341E+01  2.4584803465E-01
H12       1.0434351665E-01  1.8907860698E-05  5.6214399867E-01 -5.6760590219E-01  1.4754696388E-01
C13       6.0940372850E-01  1.9372053058E-04  3.7266318136E+01 -3.7628405137E+01  5.3986019751E-01
H14       4.4532354360E-02  2.2941744146E-05  5.9284254663E-01 -5.9860272338E-01  1.4856004605E-01
H15       4.2234762680E-02  2.2819308564E-05  5.9385185541E-01 -5.9962183880E-01  1.4893824438E-01
H16       3.8968518620E-02  2.9108836808E-05  6.0811168853E-01 -6.1402022332E-01  1.5321169591E-01
O17      -1.1070371812E+00  2.1091316145E-05  7.5151650725E+01 -7.5881839194E+01  1.7355705418E-01
H18       5.4402851940E-01  4.8281519018E-06  3.7145397858E-01 -3.7506309972E-01  1.8155777771E-01
--------------------------------------------------------------------------------------------------
Total     3.8754418000E-04  3.9515243021E-04  3.4447866072E+02 -3.4782568428E+02
 
1st Largest |L(A)| = 1.9372053058E-04, atom C13     
2nd Largest |L(A)| = 8.4667779343E-05, atom C7      
 
Molecular charge q(Mol) from the wfn file:   0.0000000000E+00
Molecular energy E(Mol) from the wfn file:  -3.4782567628E+02
Molecular virial ratio (-V(Mol)/T(Mol)) from the wfn file:   2.0097162000E+00
Note.  K_Scaled(A) = (1+V(Mol)/T(Mol))*K(A) = (E(Mol)/T(Mol))*K(A)
       Only use K_Scaled(A) data with caution.
 
N_AIMInt(SumA)     =         59.999612
N_Analytic(Mol)    =         59.999989
 
G_AIMInt(SumA)     =        344.478266
G_Analytic(Mol)    =        344.478627
 
K_AIMInt(SumA)     =        344.478661
K_Analytic(Mol)    =        344.478627
 
L_AIMInt(SumA)     =          0.000395
L_Analytic(Mol)    =          0.000000
 
VenT_AIMInt(SumA)  =      -1460.919008
VenT_Analytic(Mol) =      -1460.924216
 
Some Information About the Atomic Calculations:
----------------------------------------------
  Time(sec) = "Elapsed User Time", in Seconds, for Atom A by AIMInt and, if used, by TWOe
  NProc = Number of Processors Used for AIMInt Job
  BIM = Basin Integration Method
  OAQ = Angular Quadrature Outside of Beta Sphere
  ORQ = Multiple of Default for Radial Quadrature Outside of Beta Sphere
  IAQ = Multiple of Default for Angular Quadrature Inside of Beta Sphere
  IRQ = Multiple of Default for Radial Quadrature Inside of Beta Sphere
  MIR = Maximum Integration Radius
------------------------------------------------------------------------------------------------------
Atom A     Time(sec)   NProc      BIM          OAQ                     ORQ      IAQ      IRQ      MIR
------------------------------------------------------------------------------------------------------
C1             44        8     Proaim(5)    4500(GS4)                  1.00     1.00     1.00    13.00
H2              8        8     Proaim(5)    1800(GS4)                  1.00     1.00     1.00    13.00
C3             95        8     Proaim(5)    4500(GS4)                  1.00     1.00     1.00    13.00
H4             11        8     Proaim(5)    1800(GS4)                  1.00     1.00     1.00    13.00
C5             41        8     Proaim(5)    4500(GS4)                  1.00     1.00     1.00    13.00
H6             20        8     Proaim(5)    1800(GS4)                  1.00     1.00     1.00    13.00
C7             83        8     Proaim(5)    4500(GS4)                  1.00     1.00     1.00    13.00
H8             10        8     Proaim(5)    1800(GS4)                  1.00     1.00     1.00    13.00
C9             65        8     Proaim(5)    4500(GS4)                  1.00     1.00     1.00    13.00
H10            19        8     Proaim(5)    1800(GS4)                  1.00     1.00     1.00    13.00
C11            34        8     Proaim(5)    4500(GS4)                  1.00     1.00     1.00    13.00
H12            11        8     Proaim(5)    1800(GS4)                  1.00     1.00     1.00    13.00
C13            58        8     Proaim(5)    4500(GS4)                  1.00     1.00     1.00    13.00
H14            19        8     Proaim(5)    1800(GS4)                  1.00     1.00     1.00    13.00
H15            16        8     Proaim(5)    1800(GS4)                  1.00     1.00     1.00    13.00
H16            10        8     Proaim(5)    1800(GS4)                  1.00     1.00     1.00    13.00
O17            43        8     Proaim(5)    4500(GS4)                  1.00     1.00     1.00    13.00
H18            40        8     Proaim(5)    4500(GS4)                  1.00     1.00     1.00    13.00
------------------------------------------------------------------------------------------------------
Total         627
Note:  Total wall clock time is less than total of atomic times if more than one atom
       was calculated at a time
 
Electron Density Critical Point Analysis of Molecular Structure:               
---------------------------------------------------------------                
  NACP = Nuclear Attractor Critical Point                                      
  NNACP = Non-Nuclear Attractor Critical Point                                 
  BCP = Bond Critical Point                                                    
  RCP = Ring Critical Point                                                    
  CCP = Cage Critical Point                                                    
  Rho = Electron Density                                                       
  GradRho = Gradient of Electron Density                                       
  HessRho_EigVals = Eigenvalues of the Hessian of Rho, Ascending Order         
  HessRho_EigVecs = Eigenvectors of the Hessian of Rho                         
  DelSqRho = Laplacian of Rho = Trace of Hessian of Rho                        
  Bond Ellipticity = (HessRho_EigVal(1) / HessRho_EigVal(2)) - 1               
  V = Virial Field = Potential Energy Density = Trace of Stress Tensor         
  G = Lagrangian Form of Kinetic Energy Density                                
  K = Hamiltonian Form of Kinetic Energy Density                               
  L = K - G = Lagrangian Density = (-1/4)DelSqRho                              
  Vnuc = Electrostatic Potential from Nuclei                                   
  Ven = Electron-nuclear attractive contribution to Virial Field V             
  Vrep = V - Ven = Repulsive contribution to Virial Field V                    
  DelSqV = Laplacian of V                                                      
  DelSqVen = Laplacian of Ven                                                  
  DelSqVrep = Laplacian of Vrep                                                
  DelSqG = Laplacian of G                                                      
  DelSqK = Laplacian of K                                                      
  Stress_EigVals = Eigenvalues of Stress Tensor, Ascending Order               
  Stress_EigVecs = Eigenvectors of Stress Tensor                               
  -DivStress = Ehrenfest Force Density = Minus Divergence of Stress Tensor     
  ESP = Total Electrostatic Potential                                          
  ESPe = Electrostatic Potential from Electrons                                
  ESPn = Electrostatic Potential from Nuclei                                   
  BP = Bond Path                                                               
  BPL = Bond Path Length                                                       
  GBL = Geometric Bond Length                                                  
  GBL_I = Distance Between Nuclear Attractors                                  
  GBL_II = Distance Between Nuclei                                             
  GBL_III = Sum of Distances Between BCP and Nuclear Attractors                
  GBL_IV = Sum of Distances Between BCP and Nuclei                             

CP# 1      Coords =  4.43029061240701E+00  2.94832327538687E+00  2.38808266125961E-02
           Type = (3,-3) NACP C1
           Rho =  1.1767954600E+02     Rho at Nucleus =  1.1767954594E+02
           GradRho =  3.6812719539E-11  1.2296413887E-10  8.7906654178E-11
           HessRho_EigVals = -1.4500805596E+05 -1.4500708261E+05 -1.4500692200E+05
           HessRho_EigVec1 =  7.7405460165E-01 -1.0631788359E-01 -6.2412817698E-01
           HessRho_EigVec2 =  4.2747803760E-01 -6.3940029828E-01  6.3908511634E-01
           HessRho_EigVec3 =  4.6701391953E-01  7.6148786345E-01  4.4948218294E-01
           DelSqRho = -4.3502206057E+05
           Bond Ellipticity = NA
           V = -1.0876574317E+05
           G =  5.1140140884E+00
           K =  1.0876062916E+05
           L =  1.0875551514E+05
           Vnuc =  6.4774316594E+06
           Ven = -7.6226121691E+08
           Vrep =  7.6215245117E+08
           DelSqV =  2.4953130527E+09
           DelSqVen =  2.8178249810E+12
           DelSqVrep = -2.8153296352E+12
           DelSqG =  1.3403525267E+08
           DelSqK = -2.6293483054E+09
           Stress_EigVals = -3.6255494566E+04 -3.6255391704E+04 -3.6254856900E+04
           Stress_EigVec1 =  4.4104784717E-01  7.8144845050E-01  4.4137865344E-01
           Stress_EigVec2 =  4.2295316526E-01 -6.1473741827E-01  6.6573908296E-01
           Stress_EigVec3 =  7.9157274872E-01 -1.0694029076E-01 -6.0164471052E-01
           -DivStress = -2.0696925774E+02 -6.2298566568E+02 -3.7002678365E+02
           ESP =  -1.4740890303E+01     ESP at Nucleus =  -1.4740890315E+01
           ESPe = -2.4497669581E+01     ESPe at Nucleus = -2.4497670836E+01
           ESPn =  9.7567792786E+00     ESPn at Nucleus =  9.7567805214E+00

CP# 2      Coords =  4.24279375055100E+00  4.86077594074940E+00 -5.92116947444152E-01
           Type = (3,-3) NACP H2
           Rho =  4.2533655782E-01     Rho at Nucleus =  4.2163556264E-01
           GradRho =  2.5616918049E-10 -2.5800596382E-09  8.3601826763E-10
           HessRho_EigVals = -6.4770361987E+00 -6.4707272257E+00 -5.8761281799E+00
           HessRho_EigVec1 =  5.6395888294E-01  3.0375310603E-01  7.6790912804E-01
           HessRho_EigVec2 =  8.2051457015E-01 -1.0104291563E-01 -5.6262435903E-01
           HessRho_EigVec3 = -9.3307119350E-02  9.4737763314E-01 -3.0621789905E-01
           DelSqRho = -1.8823891604E+01
           Bond Ellipticity = NA
           V = -4.7152371407E+00
           G =  4.6321198129E-03
           K =  4.7106050209E+00
           L =  4.7059729011E+00
           Vnuc =  3.8754681863E+01
           Ven = -1.6483782983E+01
           Vrep =  1.1768545842E+01
           DelSqV =  7.0875729081E+02
           DelSqVen =  7.2951393498E+02
           DelSqVrep = -2.0756644167E+01
           DelSqG =  6.9762452135E+01
           DelSqK = -7.7851974295E+02
           Stress_EigVals = -1.6225592771E+00 -1.6220628982E+00 -1.4706149653E+00
           Stress_EigVec1 =  6.4409471192E-01  2.9054538401E-01  7.0761951776E-01
           Stress_EigVec2 = -7.5934654584E-01  1.3113116828E-01  6.3733620643E-01
           Stress_EigVec3 = -9.2384118776E-02  9.4783331685E-01 -3.0508552581E-01
           -DivStress = -7.4336304844E-01  7.4888684190E+00 -2.4247599603E+00
           ESP =  -1.1040922113E+00     ESP at Nucleus =  -1.1065670031E+00
           ESPe = -1.1308335212E+01     ESPe at Nucleus = -1.1231571271E+01
           ESPn =  1.0204243001E+01     ESPn at Nucleus =  1.0125004268E+01

CP# 3      Coords =  3.30988520135660E+00  1.04686366433398E+00 -1.21379518031022E+00
           Type = (3,-3) NACP C3
           Rho =  1.1766404393E+02     Rho at Nucleus =  1.1766404374E+02
           GradRho = -1.0875210454E-10 -1.0092640057E-09 -2.9657387657E-12
           HessRho_EigVals = -1.4498183491E+05 -1.4498088129E+05 -1.4498050642E+05
           HessRho_EigVec1 =  8.2991307063E-01 -1.6708752871E-01 -5.3228380865E-01
           HessRho_EigVec2 = -1.0724280684E-01  8.8852365707E-01 -4.4612183449E-01
           HessRho_EigVec3 =  5.4748815109E-01  4.2732595121E-01  7.1947846100E-01
           DelSqRho = -4.3494322262E+05
           Bond Ellipticity = NA
           V = -1.0874602836E+05
           G =  5.1113539991E+00
           K =  1.0874091701E+05
           L =  1.0873580566E+05
           Vnuc =  3.6330105809E+06
           Ven = -4.2747471660E+08
           Vrep =  4.2736597057E+08
           DelSqV =  2.4948547121E+09
           DelSqVen =  1.5801534382E+12
           DelSqVrep = -1.5776585835E+12
           DelSqG =  1.3400350774E+08
           DelSqK = -2.6288582198E+09
           Stress_EigVals = -3.6248956791E+04 -3.6248784612E+04 -3.6248286961E+04
           Stress_EigVec1 =  5.2930174663E-01  5.2436429634E-01  6.6699456200E-01
           Stress_EigVec2 =  1.8847835975E-01 -8.3917571295E-01  5.1015686872E-01
           Stress_EigVec3 =  8.2723368459E-01 -1.4431288066E-01 -5.4300849308E-01
           -DivStress =  1.1031785132E+02  1.3375761507E+03  5.8056458151E+00
           ESP =  -1.4732509285E+01     ESP at Nucleus =  -1.4732509302E+01
           ESPe = -2.6182919625E+01     ESPe at Nucleus = -2.6182919119E+01
           ESPn =  1.1450410340E+01     ESPn at Nucleus =  1.1450409816E+01

CP# 4      Coords =  2.24795767977746E+00  1.44397027992315E+00 -2.88982161899267E+00
           Type = (3,-3) NACP H4
           Rho =  4.2701498259E-01     Rho at Nucleus =  4.2329535438E-01
           GradRho =  5.0636578264E-15 -2.4108319507E-15  9.5617957996E-15
           HessRho_EigVals = -6.5212026171E+00 -6.5136348828E+00 -5.9133011886E+00
           HessRho_EigVec1 =  1.8092452371E-01  9.7609938648E-01  1.2040059978E-01
           HessRho_EigVec2 =  8.3082792421E-01 -8.6178630001E-02 -5.4981651857E-01
           HessRho_EigVec3 =  5.2629960771E-01 -1.9950747214E-01  8.2656245468E-01
           DelSqRho = -1.8948138688E+01
           Bond Ellipticity = NA
           V = -4.7460048659E+00
           G =  4.4850968883E-03
           K =  4.7415197690E+00
           L =  4.7370346721E+00
           Vnuc =  4.0721189514E+01
           Ven = -1.7388558031E+01
           Vrep =  1.2642553165E+01
           DelSqV =  7.1358573020E+02
           DelSqVen =  7.7159074647E+02
           DelSqVrep = -5.8005016267E+01
           DelSqG =  7.0421733588E+01
           DelSqK = -7.8400746379E+02
           Stress_EigVals = -1.6334131663E+00 -1.6323703441E+00 -1.4802213554E+00
           Stress_EigVec1 =  2.6670813438E-01  9.6187283174E-01  6.0559281809E-02
           Stress_EigVec2 =  8.0713046556E-01 -1.8857865446E-01 -5.5944481644E-01
           Stress_EigVec3 =  5.2669458192E-01 -1.9808772460E-01  8.2665232761E-01
           -DivStress = -4.1918669505E+00  1.5661288653E+00 -6.5731530431E+00
           ESP =  -1.1079621888E+00     ESP at Nucleus =  -1.1104505514E+00
           ESPe = -1.3260610554E+01     ESPe at Nucleus = -1.3185855923E+01
           ESPn =  1.2152648365E+01     ESPn at Nucleus =  1.2075405372E+01

CP# 5      Coords =  3.51048543077163E+00 -2.52941682210367E+00  1.87709481285361E+00
           Type = (3,-3) NACP C5
           Rho =  1.1768474412E+02     Rho at Nucleus =  1.1768474407E+02
           GradRho =  2.0554528565E-11 -3.6617375798E-11  8.7634233203E-11
           HessRho_EigVals = -1.4501606485E+05 -1.4501506540E+05 -1.4501492755E+05
           HessRho_EigVec1 =  9.9444724042E-01  8.4364373333E-02  6.2907380539E-02
           HessRho_EigVec2 = -1.0193691958E-01  9.2072968830E-01  3.7665064119E-01
           HessRho_EigVec3 = -2.6144797566E-02 -3.8097177533E-01  9.2421694205E-01
           DelSqRho = -4.3504605781E+05
           Bond Ellipticity = NA
           V = -1.0877174554E+05
           G =  5.1155456590E+00
           K =  1.0876663000E+05
           L =  1.0876151445E+05
           Vnuc =  7.4466828826E+06
           Ven = -8.7636096958E+08
           Vrep =  8.7625219783E+08
           DelSqV =  2.4954518748E+09
           DelSqVen =  3.2396505252E+12
           DelSqVrep = -3.2371553355E+12
           DelSqG =  1.3404420025E+08
           DelSqK = -2.6294960750E+09
           Stress_EigVals = -3.6257492015E+04 -3.6257396428E+04 -3.6256857099E+04
           Stress_EigVec1 =  5.8713152561E-03 -4.0915440188E-01  9.1244627408E-01
           Stress_EigVec2 = -7.7579592766E-02  9.0952551987E-01  4.0834389367E-01
           Stress_EigVec3 =  9.9696887336E-01  7.3184726097E-02  2.6401920816E-02
           -DivStress = -4.2534727903E+01  3.0325336681E+02 -5.8020304297E+02
           ESP =  -1.4737373657E+01     ESP at Nucleus =  -1.4737373668E+01
           ESPe = -2.4806432567E+01     ESPe at Nucleus = -2.4806433676E+01
           ESPn =  1.0069058909E+01     ESPn at Nucleus =  1.0069060009E+01

CP# 6      Coords =  3.64794758109249E+00 -4.50693653869036E+00  2.25377049779950E+00
           Type = (3,-3) NACP H6
           Rho =  4.2485333747E-01     Rho at Nucleus =  4.2113472284E-01
           GradRho = -5.9579761871E-10  8.4570696886E-09 -1.5993231678E-09
           HessRho_EigVals = -6.4679407140E+00 -6.4615720666E+00 -5.8657398484E+00
           HessRho_EigVec1 =  2.8457862743E-02  1.8851130931E-01  9.8165861495E-01
           HessRho_EigVec2 =  9.9722256044E-01  6.2266449307E-02 -4.0866297125E-02
           HessRho_EigVec3 = -6.8828155562E-02  9.8009508496E-01 -1.8621576047E-01
           DelSqRho = -1.8795252629E+01
           Bond Ellipticity = NA
           V = -4.7080937111E+00
           G =  4.6402769343E-03
           K =  4.7034534342E+00
           L =  4.6988131572E+00
           Vnuc =  3.8804379790E+01
           Ven = -1.6486170262E+01
           Vrep =  1.1778076551E+01
           DelSqV =  7.0756936434E+02
           DelSqVen =  7.2933813519E+02
           DelSqVrep = -2.1768770854E+01
           DelSqG =  6.9631234704E+01
           DelSqK = -7.7720059904E+02
           Stress_EigVals = -1.6202846396E+00 -1.6197888273E+00 -1.4680202441E+00
           Stress_EigVec1 = -7.9133100723E-02  1.8218507016E-01  9.8007476887E-01
           Stress_EigVec2 =  9.9450035564E-01  8.2092169081E-02  6.5037822881E-02
           Stress_EigVec3 = -6.8607543314E-02  9.7983135079E-01 -1.8767932495E-01
           -DivStress =  5.4660821719E-01 -7.7628375753E+00  1.4697958361E+00
           ESP =  -1.1007367694E+00     ESP at Nucleus =  -1.1032243350E+00
           ESPe = -1.1445106691E+01     ESPe at Nucleus = -1.1365506518E+01
           ESPn =  1.0344369921E+01     ESPn at Nucleus =  1.0262282183E+01

CP# 7      Coords =  3.43556843136527E+00 -1.63549515090335E+00 -4.93019526214460E-01
           Type = (3,-3) NACP C7
           Rho =  1.1768513671E+02     Rho at Nucleus =  1.1768513657E+02
           GradRho = -1.9078355562E-10  4.6719628166E-10 -3.8747849374E-10
           HessRho_EigVals = -1.4501348329E+05 -1.4501244095E+05 -1.4501214433E+05
           HessRho_EigVec1 =  9.9820820062E-01 -9.9946000357E-03 -5.8995730156E-02
           HessRho_EigVec2 =  1.0879552556E-02  9.9983278546E-01  1.4698178746E-02
           HessRho_EigVec3 =  5.8838962794E-02 -1.5313689705E-02  9.9815002247E-01
           DelSqRho = -4.3503806857E+05
           Bond Ellipticity = NA
           V = -1.0876973988E+05
           G =  5.1113675289E+00
           K =  1.0876462851E+05
           L =  1.0875951714E+05
           Vnuc =  4.2519317475E+06
           Ven = -5.0038916901E+08
           Vrep =  5.0028039927E+08
           DelSqV =  2.4954025966E+09
           DelSqVen =  1.8497523917E+12
           DelSqVrep = -1.8472569768E+12
           DelSqG =  1.3403820423E+08
           DelSqK = -2.6294408008E+09
           Stress_EigVals = -3.6256852965E+04 -3.6256703226E+04 -3.6256183687E+04
           Stress_EigVec1 =  4.1813740744E-02 -1.2238998718E-01  9.9160087844E-01
           Stress_EigVec2 = -1.1186589175E-03  9.9246251186E-01  1.2254350723E-01
           Stress_EigVec3 =  9.9912479685E-01  6.2332656065E-03 -4.1361657518E-02
           -DivStress =  3.8093012466E+02 -8.3065212715E+02  6.9324427186E+02
           ESP =  -1.4728683682E+01     ESP at Nucleus =  -1.4728683696E+01
           ESPe = -2.6157497957E+01     ESPe at Nucleus = -2.6157497567E+01
           ESPn =  1.1428814274E+01     ESPn at Nucleus =  1.1428813870E+01

CP# 8      Coords =  3.41541967864711E+00 -2.95617843575000E+00 -2.02938773198404E+00
           Type = (3,-3) NACP H8
           Rho =  4.2733374746E-01     Rho at Nucleus =  4.2367078702E-01
           GradRho =  5.8546917314E-17  1.5408681275E-15  3.1745439610E-16
           HessRho_EigVals = -6.5281614110E+00 -6.5206324949E+00 -5.9255167590E+00
           HessRho_EigVec1 = -8.4609307474E-02  7.5374313264E-01 -6.5169974305E-01
           HessRho_EigVec2 =  9.9637561066E-01  5.8244290753E-02 -6.1993911556E-02
           HessRho_EigVec3 =  8.7696957829E-03  6.5458299138E-01  7.5593928317E-01
           DelSqRho = -1.8974310665E+01
           Bond Ellipticity = NA
           V = -4.7525430125E+00
           G =  4.4826731318E-03
           K =  4.7480603394E+00
           L =  4.7435776662E+00
           Vnuc =  4.0438475675E+01
           Ven = -1.7280725352E+01
           Vrep =  1.2528182339E+01
           DelSqV =  7.1484964732E+02
           DelSqVen =  7.6729220027E+02
           DelSqVrep = -5.2442552948E+01
           DelSqG =  7.0560692632E+01
           DelSqK = -7.8541033996E+02
           Stress_EigVals = -1.6351756410E+00 -1.6340489927E+00 -1.4833183788E+00
           Stress_EigVec1 =  1.4423211526E-02  7.5673103970E-01 -6.5356721500E-01
           Stress_EigVec2 =  9.9985705758E-01 -1.6682457137E-02  2.7495514796E-03
           Stress_EigVec3 =  8.8224361007E-03  6.5351344988E-01  7.5686348534E-01
           -DivStress = -7.0807102684E-02 -5.1556954222E+00 -5.9785126946E+00
           ESP =  -1.1031926276E+00     ESP at Nucleus =  -1.1056445568E+00
           ESPe = -1.2729809540E+01     ESPe at Nucleus = -1.2647795909E+01
           ESPn =  1.1626616913E+01     ESPn at Nucleus =  1.1542151352E+01

CP# 9      Coords = -3.48108557611279E+00  1.98822164164243E+00  9.73677353425226E-01
           Type = (3,-3) NACP C9
           Rho =  1.1766900625E+02     Rho at Nucleus =  1.1766900601E+02
           GradRho = -2.5265389780E-10 -1.1281378054E-09 -7.1495016851E-10
           HessRho_EigVals = -1.4499153808E+05 -1.4499087781E+05 -1.4498970683E+05
           HessRho_EigVec1 = -7.1812135368E-01  6.8435541704E-01 -1.2633045776E-01
           HessRho_EigVec2 =  5.8627051983E-01  6.9273050625E-01  4.2001347989E-01
           HessRho_EigVec3 = -3.7495146216E-01 -2.2755682560E-01  8.9868197498E-01
           DelSqRho = -4.3497212273E+05
           Bond Ellipticity = NA
           V = -1.0875337542E+05
           G =  5.1723687492E+00
           K =  1.0874820305E+05
           L =  1.0874303068E+05
           Vnuc =  3.2494938637E+06
           Ven = -3.8236471377E+08
           Vrep =  3.8225596040E+08
           DelSqV =  2.4950247774E+09
           DelSqVen =  1.4134391726E+12
           DelSqVrep = -1.4109441458E+12
           DelSqG =  1.3401624438E+08
           DelSqK = -2.6290410218E+09
           Stress_EigVals = -3.6251426116E+04 -3.6251219722E+04 -3.6250729583E+04
           Stress_EigVec1 = -6.2538812592E-01 -6.6787071172E-01  4.0353240810E-01
           Stress_EigVec2 =  1.2537980322E-01  4.2441538424E-01  8.9674493953E-01
           Stress_EigVec3 =  7.7017504303E-01 -6.1140845108E-01  1.8168684335E-01
           -DivStress =  2.8442878551E+02  1.2445028202E+03  7.9768065675E+02
           ESP =  -1.4727633885E+01     ESP at Nucleus =  -1.4727633891E+01
           ESPe = -2.5869632253E+01     ESPe at Nucleus = -2.5869629431E+01
           ESPn =  1.1141998368E+01     ESPn at Nucleus =  1.1141995541E+01

CP# 10     Coords = -2.37154371940298E+00  3.59082363788943E+00  1.45949115964706E+00
           Type = (3,-3) NACP H10
           Rho =  4.1429408825E-01     Rho at Nucleus =  4.1048584289E-01
           GradRho = -8.6302492930E-15 -1.0616507673E-14 -2.8345381597E-15
           HessRho_EigVals = -6.3364753278E+00 -6.3343862298E+00 -5.7260877877E+00
           HessRho_EigVec1 =  4.6473256444E-01 -5.1947033000E-02 -8.8392598633E-01
           HessRho_EigVec2 =  6.9222291848E-01 -6.0117268953E-01  3.9927287473E-01
           HessRho_EigVec3 =  5.5213320375E-01  7.9742893296E-01  2.4342559889E-01
           DelSqRho = -1.8396949345E+01
           Bond Ellipticity = NA
           V = -4.6085271458E+00
           G =  4.6449047399E-03
           K =  4.6038822411E+00
           L =  4.5992373363E+00
           Vnuc =  3.9193364765E+01
           Ven = -1.6237579321E+01
           Vrep =  1.1629052175E+01
           DelSqV =  6.9258578633E+02
           DelSqVen =  7.2103834625E+02
           DelSqVrep = -2.8452559920E+01
           DelSqG =  6.8430388047E+01
           DelSqK = -7.6101617438E+02
           Stress_EigVals = -1.5879140420E+00 -1.5870439606E+00 -1.4335691432E+00
           Stress_EigVec1 =  2.3432007169E-01  1.2780169923E-01 -9.6372238206E-01
           Stress_EigVec2 = -7.9968315128E-01  5.8904704006E-01 -1.1632042876E-01
           Stress_EigVec3 =  5.5281186814E-01  7.9792876265E-01  2.4022641023E-01
           -DivStress =  4.3946829418E+00  6.3409873963E+00  1.8915844829E+00
           ESP =  -1.0687108095E+00     ESP at Nucleus =  -1.0713635362E+00
           ESPe = -1.2456381249E+01     ESPe at Nucleus = -1.2379229555E+01
           ESPn =  1.1387670440E+01     ESPn at Nucleus =  1.1307866019E+01

CP# 11     Coords = -5.02905668712442E+00  2.00872849897248E-01  1.69818450576008E+00
           Type = (3,-3) NACP C11
           Rho =  1.1766764775E+02     Rho at Nucleus =  1.1766764753E+02
           GradRho =  6.2408345158E-10 -3.1247449073E-11 -9.7393071385E-10
           HessRho_EigVals = -1.4499006078E+05 -1.4498942620E+05 -1.4498822920E+05
           HessRho_EigVec1 =  8.1720965991E-01 -5.7058064678E-01  8.1277901482E-02
           HessRho_EigVec2 = -3.5497769434E-01 -3.8720239848E-01  8.5092017201E-01
           HessRho_EigVec3 =  4.5404758371E-01  7.2423202645E-01  5.1896894280E-01
           DelSqRho = -4.3496771618E+05
           Bond Ellipticity = NA
           V = -1.0875227354E+05
           G =  5.1722450559E+00
           K =  1.0874710129E+05
           L =  1.0874192905E+05
           Vnuc =  3.4527594388E+06
           Ven = -4.0627808141E+08
           Vrep =  4.0616932913E+08
           DelSqV =  2.4949998296E+09
           DelSqVen =  1.5018388357E+12
           DelSqVrep = -1.4993438359E+12
           DelSqG =  1.3401509406E+08
           DelSqK = -2.6290149237E+09
           Stress_EigVals = -3.6251055192E+04 -3.6250854113E+04 -3.6250364231E+04
           Stress_EigVec1 =  6.2056061695E-01  7.6756081807E-01 -1.6048336756E-01
           Stress_EigVec2 = -3.9925123757E-02  2.3531820856E-01  9.7109799980E-01
           Stress_EigVec3 =  7.8314143371E-01 -5.9621785556E-01  1.7667417334E-01
           -DivStress = -7.3354243253E+02  3.1284825007E+01  1.2121883497E+03
           ESP =  -1.4727655941E+01     ESP at Nucleus =  -1.4727655945E+01
           ESPe = -2.5337729008E+01     ESPe at Nucleus = -2.5337726046E+01
           ESPn =  1.0610073067E+01     ESPn at Nucleus =  1.0610070101E+01

CP# 12     Coords = -6.07133353647476E+00 -6.55701591258675E-01  3.18772955337132E+00
           Type = (3,-3) NACP H12
           Rho =  4.1426424187E-01     Rho at Nucleus =  4.1048615912E-01
           GradRho =  2.9099986310E-15  1.4294121442E-15 -2.2291196666E-15
           HessRho_EigVals = -6.3353459142E+00 -6.3332210616E+00 -5.7279815786E+00
           HessRho_EigVec1 =  1.8762336067E-01  7.9056529345E-01  5.8292708919E-01
           HessRho_EigVec2 = -8.3416004113E-01  4.4159708281E-01 -3.3040738829E-01
           HessRho_EigVec3 = -5.1862751596E-01 -4.2426234011E-01  7.4231190644E-01
           DelSqRho = -1.8396548554E+01
           Bond Ellipticity = NA
           V = -4.6084699556E+00
           G =  4.6664084818E-03
           K =  4.6038035471E+00
           L =  4.5991371386E+00
           Vnuc =  3.8188723552E+01
           Ven = -1.5820222610E+01
           Vrep =  1.1211752655E+01
           DelSqV =  6.9269391865E+02
           DelSqVen =  7.0254070705E+02
           DelSqVrep = -9.8467883964E+00
           DelSqG =  6.8427004297E+01
           DelSqK = -7.6112092295E+02
           Stress_EigVals = -1.5876459129E+00 -1.5867785057E+00 -1.4340455370E+00
           Stress_EigVec1 =  4.2387677731E-01  6.2345301735E-01  6.5698920296E-01
           Stress_EigVec2 = -7.4148927622E-01  6.5542387018E-01 -1.4357299065E-01
           Stress_EigVec3 = -5.2011742030E-01 -4.2629319201E-01  7.4010268446E-01
           -DivStress = -4.1243025909E+00 -3.3791144918E+00  5.8447896524E+00
           ESP =  -1.0677853131E+00     ESP at Nucleus =  -1.0704237585E+00
           ESPe = -1.1338648299E+01     ESPe at Nucleus = -1.1253673896E+01
           ESPn =  1.0270862986E+01     ESPn at Nucleus =  1.0183250138E+01

CP# 13     Coords = -4.16174462435457E+00  7.85805031642093E-02 -9.76502629614187E-01
           Type = (3,-3) NACP C13
           Rho =  1.1740214205E+02     Rho at Nucleus =  1.1740214002E+02
           GradRho = -3.4574190733E-11  4.0380199184E-13 -6.1326776990E-12
           HessRho_EigVals = -1.4463231855E+05 -1.4463086444E+05 -1.4463015914E+05
           HessRho_EigVec1 = -5.6772588236E-01  6.7760955697E-01  4.6747471675E-01
           HessRho_EigVec2 = -5.3016977284E-01  1.3346276204E-01 -8.3732174408E-01
           HessRho_EigVec3 =  6.2976768293E-01  7.2321019037E-01 -2.8347784055E-01
           DelSqRho = -4.3389334213E+05
           Bond Ellipticity = NA
           V = -1.0848338090E+05
           G =  5.0226858710E+00
           K =  1.0847835822E+05
           L =  1.0847333553E+05
           Vnuc =  1.1329914267E+06
           Ven = -1.3301562042E+08
           Vrep =  1.3290713704E+08
           DelSqV =  2.4888264765E+09
           DelSqVen =  4.9159743834E+11
           DelSqVrep = -4.8910861186E+11
           DelSqG =  1.3365302545E+08
           DelSqK = -2.6224795020E+09
           Stress_EigVals = -3.6161304840E+04 -3.6161240394E+04 -3.6160835671E+04
           Stress_EigVec1 =  5.3750477315E-01 -6.9284936777E-02  8.4040955277E-01
           Stress_EigVec2 = -6.0343418702E-01 -7.2775533581E-01  3.2594378832E-01
           Stress_EigVec3 = -5.8902954152E-01  6.8232819723E-01  4.3298086617E-01
           -DivStress = -2.9409250429E+03  1.4582967718E+03 -2.7600446682E+03
           ESP =  -1.4672485175E+01     ESP at Nucleus =  -1.4672485288E+01
           ESPe = -2.6725530238E+01     ESPe at Nucleus = -2.6725523580E+01
           ESPn =  1.2053045063E+01     ESPn at Nucleus =  1.2053038292E+01

CP# 14     Coords =  3.43711406635832E+00 -1.30018805070050E+00  3.47807199960060E+00
           Type = (3,-3) NACP H14
           Rho =  4.2423319276E-01     Rho at Nucleus =  4.2052988697E-01
           GradRho =  1.1634573513E-15 -2.7217811338E-15 -3.1838680997E-15
           HessRho_EigVals = -6.4570844560E+00 -6.4505445591E+00 -5.8569557046E+00
           HessRho_EigVec1 = -1.0530928079E-01  7.8534217769E-01 -6.1003903098E-01
           HessRho_EigVec2 =  9.9377212808E-01  1.0558143261E-01 -3.5630303576E-02
           HessRho_EigVec3 = -3.6426814639E-02  6.0999198767E-01  7.9156987193E-01
           DelSqRho = -1.8764584720E+01
           Bond Ellipticity = NA
           V = -4.7004998707E+00
           G =  4.6768454098E-03
           K =  4.6958230253E+00
           L =  4.6911461799E+00
           Vnuc =  3.9730086347E+01
           Ven = -1.6854821380E+01
           Vrep =  1.2154321509E+01
           DelSqV =  7.0644859540E+02
           DelSqVen =  7.4551857117E+02
           DelSqVrep = -3.9069975773E+01
           DelSqG =  6.9507384006E+01
           DelSqK = -7.7595597940E+02
           Stress_EigVals = -1.6175666622E+00 -1.6170031445E+00 -1.4659300641E+00
           Stress_EigVec1 = -1.5361389687E-02  7.9260099082E-01 -6.0954712456E-01
           Stress_EigVec2 =  9.9917757683E-01  3.5047550531E-02  2.0392134836E-02
           Stress_EigVec3 = -3.7525959925E-02  6.0873256735E-01  7.9248751648E-01
           -DivStress = -2.9284681796E-01  4.8162331431E+00  6.2512520557E+00
           ESP =  -1.1015622430E+00     ESP at Nucleus =  -1.1040277512E+00
           ESPe = -1.2335270654E+01     ESPe at Nucleus = -1.2265375116E+01
           ESPn =  1.1233708411E+01     ESPn at Nucleus =  1.1161347365E+01

CP# 15     Coords =  5.58148351020446E+00  2.62669456552178E+00  1.65199966877222E+00
           Type = (3,-3) NACP H15
           Rho =  4.2460721977E-01     Rho at Nucleus =  4.2091533142E-01
           GradRho = -5.5810391031E-15  1.0113437865E-15 -5.8165278150E-15
           HessRho_EigVals = -6.4640776967E+00 -6.4575974749E+00 -5.8647073822E+00
           HessRho_EigVec1 =  1.4557475703E-01  9.8486312272E-01  9.4088360696E-02
           HessRho_EigVec2 =  8.0841824067E-01 -6.3590793623E-02 -5.8516336106E-01
           HessRho_EigVec3 =  5.7032266154E-01 -1.6124776113E-01  8.0543852730E-01
           DelSqRho = -1.8786382554E+01
           Bond Ellipticity = NA
           V = -4.7059460761E+00
           G =  4.6752188266E-03
           K =  4.7012708573E+00
           L =  4.6965956385E+00
           Vnuc =  3.9214119178E+01
           Ven = -1.6650598120E+01
           Vrep =  1.1944652044E+01
           DelSqV =  7.0734539528E+02
           DelSqVen =  7.3669144439E+02
           DelSqVrep = -2.9346049113E+01
           DelSqG =  6.9606184471E+01
           DelSqK = -7.7695157975E+02
           Stress_EigVals = -1.6193212567E+00 -1.6187588455E+00 -1.4678659739E+00
           Stress_EigVec1 =  2.1206005961E-01  9.7629392685E-01  4.3367032638E-02
           Stress_EigVec2 =  7.9279775399E-01 -1.4591698020E-01 -5.9176004948E-01
           Stress_EigVec3 =  5.7140375602E-01 -1.5986995744E-01  8.0494679595E-01
           -DivStress =  4.5032223308E+00 -1.2736732902E+00  6.3510651805E+00
           ESP =  -1.1047787409E+00     ESP at Nucleus =  -1.1072379942E+00
           ESPe = -1.1761280792E+01     ESPe at Nucleus = -1.1688349064E+01
           ESPn =  1.0656502051E+01     ESPn at Nucleus =  1.0581111070E+01

CP# 16     Coords = -5.39687111533706E+00  5.17542164735001E-01 -2.52196120459184E+00
           Type = (3,-3) NACP H16
           Rho =  4.3463156024E-01     Rho at Nucleus =  4.3090936379E-01
           GradRho = -5.2388648974E-16 -5.5858095926E-16  2.2083029849E-15
           HessRho_EigVals = -6.6454197574E+00 -6.6333725233E+00 -6.0222053674E+00
           HessRho_EigVec1 = -4.9633224795E-01  6.5355589472E-01  5.7141840373E-01
           HessRho_EigVec2 =  6.2214169031E-01  7.2684201091E-01 -2.9093024653E-01
           HessRho_EigVec3 =  6.0547007921E-01 -2.1110514831E-01  7.6735949824E-01
           DelSqRho = -1.9300997648E+01
           Bond Ellipticity = NA
           V = -4.8340923649E+00
           G =  4.4214764333E-03
           K =  4.8296708885E+00
           L =  4.8252494120E+00
           Vnuc =  4.0305886168E+01
           Ven = -1.7518210192E+01
           Vrep =  1.2684117827E+01
           DelSqV =  7.2708505111E+02
           DelSqVen =  7.7794381414E+02
           DelSqVrep = -5.0858763038E+01
           DelSqG =  7.1797828592E+01
           DelSqK = -7.9888287970E+02
           Stress_EigVals = -1.6637616540E+00 -1.6622951908E+00 -1.5080355201E+00
