AIMSum (Version 19.02.13, Professional)
Copyright (c) 1997-2019 by Todd A. Keith
AIMSum is a component of the AIMAll package ( http://aim.tkgristmill.com )

TP:  64-bit Linux

Much of the Quantum Theory of Atoms in Molecules (QTAIM) is described in the book:
  "Atoms in Molecules - A Quantum Theory"
  R.F.W. Bader, Oxford University Press, Oxford, 1990

For additional references see:  http://aim.tkgristmill.com/references.html

Wfn File:  /home/mhennefarth/Documents/ML_Diels/summary-levandowski2016/25-opt/25-opt.wfn
Sum File:  /home/mhennefarth/Documents/ML_Diels/summary-levandowski2016/25-opt/25-opt.sum

SumViz File:  /home/mhennefarth/Documents/ML_Diels/summary-levandowski2016/25-opt/25-opt.sumviz

Wfn Title:   Title Card Required                                                           
 
Total memory allocated for AIMSum =        0.863 Megabytes

Atomic units (a.u.) used throughout, except where stated otherwise

Model:  Restricted SCF
 
Restricted, closed-shell, single-determinant wavefunction.
  Number of electrons (from MO Occs)                   =          60.0000000000
  Number of Alpha electrons (from MO Occs)             =          30.0000000000
  Number of Beta electrons (from MO Occs)              =          30.0000000000
  Number of electron pairs (N*(N-1)/2)                 =        1770.0000000000
  Number of electron pairs (from Muller 2EDM)          =        1770.0000000000
 
Nuclear Charges and Cartesian Coordinates:
-------------------------------------------------------------------------------
Atom      Charge                X                  Y                  Z
-------------------------------------------------------------------------------
C1         6.0           3.0065452700E+00  -2.7229504300E+00  -1.3228001500E+00
H2         1.0           3.3395016300E+00  -4.6893061700E+00  -1.8124576400E+00
C3         6.0           4.2315389700E+00  -1.6357717100E+00   6.0826387000E-01
H4         1.0           5.5162407400E+00  -2.7788512500E+00   1.7446460700E+00
C5         6.0           3.5568634700E+00   2.9920728800E+00  -1.2960347000E-01
H6         1.0           3.3728065900E+00   4.8986968600E+00   6.0994466000E-01
C7         6.0           3.9668953100E+00   1.0145406000E+00   1.4035892900E+00
H8         1.0           4.1852340700E+00   1.3677728500E+00   3.4232307000E+00
C9         6.0          -5.0150494500E+00   4.7373204000E-01   1.6646589300E+00
C10        6.0          -3.8077392200E+00  -1.6583582200E+00   1.3302297800E+00
C11        6.0          -4.1423783700E+00  -5.6866620000E-02  -9.5643454000E-01
H12        1.0          -5.9097297300E+00   1.7822909700E+00   2.9573280800E+00
H13        1.0          -2.9936922500E+00  -3.3467072400E+00   2.1474474400E+00
H14        1.0           3.4485065300E+00   2.7743448000E+00  -2.1694957000E+00
H15        1.0           1.6046710800E+00  -1.7095699500E+00  -2.4312859400E+00
H16        1.0          -5.4551460000E+00  -5.6213042000E-01  -2.4626529500E+00
O17        8.0          -2.1226313600E+00   1.2653660000E+00  -2.1005687600E+00
H18        1.0          -9.0739767000E-01   1.7021403200E+00  -7.8957679000E-01
 
Some Atomic Properties:
----------------------
  q(A) = Net Charge of Atom A
  L(A) = Lagrangian of Atom A = -(1/4) Times Atomic Integral of the Laplacian of the Electron Density
  K(A) = Electronic Kinetic Energy of Atom A (Hamiltonian Form)
  K_Scaled(A) = K(A) * E(Mol)/K(Mol) = Approximation to Virial-Based Total Energy of Atom A.
  |Mu_Intra(A)| = Magnitude of Intraatomic Dipole Moment of Atom A
--------------------------------------------------------------------------------------------------
Atom A          q(A)              L(A)              K(A)          K_Scaled(A)      |Mu_Intra(A)|
--------------------------------------------------------------------------------------------------
C1       -9.3315001600E-02 -2.6455575214E-05  3.7710730616E+01 -3.8078051987E+01  1.3698181339E-01
H2        4.1028431090E-02  2.7187464381E-05  5.9539192466E-01 -6.0119133970E-01  1.4805791815E-01
C3       -3.8554335900E-02  6.4188538317E-05  3.7704083792E+01 -3.8071340421E+01  8.1402449076E-02
H4        3.2795488990E-02  2.6977483142E-05  6.0216269947E-01 -6.0802806524E-01  1.5144226933E-01
C5       -1.0279595850E-01 -1.3447695976E-04  3.7713505918E+01 -3.8080854323E+01  1.2272650765E-01
H6        4.4922561420E-02  2.1703085944E-05  5.9358553866E-01 -5.9936735860E-01  1.4725612570E-01
C7       -3.9508721700E-02 -2.0067478851E-04  3.7705954933E+01 -3.8073229787E+01  6.9996129874E-02
H8        3.4661542610E-02  2.4140937162E-05  6.0165995299E-01 -6.0752042176E-01  1.5110296341E-01
C9       -1.5927948100E-01  1.5433982651E-05  3.7780407632E+01 -3.8148407692E+01  2.4589067699E-01
C10      -1.5473323870E-01  7.8904601208E-06  3.7779949134E+01 -3.8147944728E+01  2.4718458734E-01
C11       6.0382885580E-01  2.4851798518E-05  3.7270362246E+01 -3.7633394209E+01  5.3866069854E-01
H12       1.0519159603E-01  1.7404505289E-05  5.6183297263E-01 -5.6730550670E-01  1.4734877495E-01
H13       1.0908644055E-01  1.9066898154E-05  5.6047659590E-01 -5.6593591819E-01  1.4645783719E-01
H14       5.7809267880E-02  2.5844442379E-05  5.8812840970E-01 -5.9385707447E-01  1.4385827815E-01
H15       8.0877161830E-02  4.5966379692E-05  5.8062174994E-01 -5.8627729610E-01  1.3082196686E-01
H16       4.0593496030E-02  2.7610527619E-05  6.0744343666E-01 -6.1336023946E-01  1.5285519172E-01
O17      -1.1075304967E+00  8.9321023067E-05  7.5145016815E+01 -7.5876966851E+01  1.7166950507E-01
H18       5.4503627037E-01  7.7898598846E-06  3.7022234019E-01 -3.7382849090E-01  1.8023600244E-01
--------------------------------------------------------------------------------------------------
Total     1.1387850000E-04  8.3770062836E-05  3.4447153671E+02 -3.4782686171E+02
 
1st Largest |L(A)| = 2.0067478851E-04, atom C7      
2nd Largest |L(A)| = 1.3447695976E-04, atom C5      
 
Molecular charge q(Mol) from the wfn file:   0.0000000000E+00
Molecular energy E(Mol) from the wfn file:  -3.4782690926E+02
Molecular virial ratio (-V(Mol)/T(Mol)) from the wfn file:   2.0097405000E+00
Note.  K_Scaled(A) = (1+V(Mol)/T(Mol))*K(A) = (E(Mol)/T(Mol))*K(A)
       Only use K_Scaled(A) data with caution.
 
N_AIMInt(SumA)     =         59.999886
N_Analytic(Mol)    =         59.999989
 
G_AIMInt(SumA)     =        344.471453
G_Analytic(Mol)    =        344.471559
 
K_AIMInt(SumA)     =        344.471537
K_Analytic(Mol)    =        344.471559
 
L_AIMInt(SumA)     =          0.000084
L_Analytic(Mol)    =          0.000000
 
VenT_AIMInt(SumA)  =      -1461.669519
VenT_Analytic(Mol) =      -1461.672042
 
Some Information About the Atomic Calculations:
----------------------------------------------
  Time(sec) = "Elapsed User Time", in Seconds, for Atom A by AIMInt and, if used, by TWOe
  NProc = Number of Processors Used for AIMInt Job
  BIM = Basin Integration Method
  OAQ = Angular Quadrature Outside of Beta Sphere
  ORQ = Multiple of Default for Radial Quadrature Outside of Beta Sphere
  IAQ = Multiple of Default for Angular Quadrature Inside of Beta Sphere
  IRQ = Multiple of Default for Radial Quadrature Inside of Beta Sphere
  MIR = Maximum Integration Radius
------------------------------------------------------------------------------------------------------
Atom A     Time(sec)   NProc      BIM          OAQ                     ORQ      IAQ      IRQ      MIR
------------------------------------------------------------------------------------------------------
C1             65        8     Proaim(5)    4500(GS4)                  1.00     1.00     1.00    13.00
H2             13        8     Proaim(5)    1800(GS4)                  1.00     1.00     1.00    13.00
C3             38        8     Proaim(5)    4500(GS4)                  1.00     1.00     1.00    13.00
H4             13        8     Proaim(5)    1800(GS4)                  1.00     1.00     1.00    13.00
C5             48        8     Proaim(5)    4500(GS4)                  1.00     1.00     1.00    13.00
H6             10        8     Proaim(5)    1800(GS4)                  1.00     1.00     1.00    13.00
C7             44        8     Proaim(5)    4500(GS4)                  1.00     1.00     1.00    13.00
H8             10        8     Proaim(5)    1800(GS4)                  1.00     1.00     1.00    13.00
C9             33        8     Proaim(5)    4500(GS4)                  1.00     1.00     1.00    13.00
C10            48        8     Proaim(5)    4500(GS4)                  1.00     1.00     1.00    13.00
C11            66        8     Proaim(5)    4500(GS4)                  1.00     1.00     1.00    13.00
H12             6        8     Proaim(5)    1800(GS4)                  1.00     1.00     1.00    13.00
H13            11        8     Proaim(5)    1800(GS4)                  1.00     1.00     1.00    13.00
H14             9        8     Proaim(5)    1800(GS4)                  1.00     1.00     1.00    13.00
H15            39        8     Proaim(5)    4500(GS4)                  1.00     1.00     1.00    13.00
H16             5        8     Proaim(5)    1800(GS4)                  1.00     1.00     1.00    13.00
O17            36        8     Proaim(5)    4500(GS4)                  1.00     1.00     1.00    13.00
H18            14        8     Proaim(5)    4500(GS4)                  1.00     1.00     1.00    13.00
------------------------------------------------------------------------------------------------------
Total         508
Note:  Total wall clock time is less than total of atomic times if more than one atom
       was calculated at a time
 
Electron Density Critical Point Analysis of Molecular Structure:               
---------------------------------------------------------------                
  NACP = Nuclear Attractor Critical Point                                      
  NNACP = Non-Nuclear Attractor Critical Point                                 
  BCP = Bond Critical Point                                                    
  RCP = Ring Critical Point                                                    
  CCP = Cage Critical Point                                                    
  Rho = Electron Density                                                       
  GradRho = Gradient of Electron Density                                       
  HessRho_EigVals = Eigenvalues of the Hessian of Rho, Ascending Order         
  HessRho_EigVecs = Eigenvectors of the Hessian of Rho                         
  DelSqRho = Laplacian of Rho = Trace of Hessian of Rho                        
  Bond Ellipticity = (HessRho_EigVal(1) / HessRho_EigVal(2)) - 1               
  V = Virial Field = Potential Energy Density = Trace of Stress Tensor         
  G = Lagrangian Form of Kinetic Energy Density                                
  K = Hamiltonian Form of Kinetic Energy Density                               
  L = K - G = Lagrangian Density = (-1/4)DelSqRho                              
  Vnuc = Electrostatic Potential from Nuclei                                   
  Ven = Electron-nuclear attractive contribution to Virial Field V             
  Vrep = V - Ven = Repulsive contribution to Virial Field V                    
  DelSqV = Laplacian of V                                                      
  DelSqVen = Laplacian of Ven                                                  
  DelSqVrep = Laplacian of Vrep                                                
  DelSqG = Laplacian of G                                                      
  DelSqK = Laplacian of K                                                      
  Stress_EigVals = Eigenvalues of Stress Tensor, Ascending Order               
  Stress_EigVecs = Eigenvectors of Stress Tensor                               
  -DivStress = Ehrenfest Force Density = Minus Divergence of Stress Tensor     
  ESP = Total Electrostatic Potential                                          
  ESPe = Electrostatic Potential from Electrons                                
  ESPn = Electrostatic Potential from Nuclei                                   
  BP = Bond Path                                                               
  BPL = Bond Path Length                                                       
  GBL = Geometric Bond Length                                                  
  GBL_I = Distance Between Nuclear Attractors                                  
  GBL_II = Distance Between Nuclei                                             
  GBL_III = Sum of Distances Between BCP and Nuclear Attractors                
  GBL_IV = Sum of Distances Between BCP and Nuclei                             

CP# 1      Coords =  3.00654539102850E+00 -2.72295110975914E+00 -1.32280049533974E+00
           Type = (3,-3) NACP C1
           Rho =  1.1769276518E+02     Rho at Nucleus =  1.1769276514E+02
           GradRho = -1.5085127592E-11 -8.9655005642E-11 -4.0090097908E-11
           HessRho_EigVals = -1.4502665589E+05 -1.4502548950E+05 -1.4502533659E+05
           HessRho_EigVec1 =  6.9053056633E-01  2.8995208364E-01 -6.6264268363E-01
           HessRho_EigVec2 = -1.9292802195E-01  9.5677843554E-01  2.1760929121E-01
           HessRho_EigVec3 = -6.9709849757E-01  2.2423524889E-02 -7.1662463690E-01
           DelSqRho = -4.3507748197E+05
           Bond Ellipticity = NA
           V = -1.0877959601E+05
           G =  5.1127589984E+00
           K =  1.0877448325E+05
           L =  1.0876937049E+05
           Vnuc =  7.7720576654E+06
           Ven = -9.1471495781E+08
           Vrep =  9.1460617821E+08
           DelSqV =  2.4956319235E+09
           DelSqVen =  3.3814478848E+12
           DelSqVrep = -3.3789522529E+12
           DelSqG =  1.3405447849E+08
           DelSqK = -2.6296864020E+09
           Stress_EigVals = -3.6260117420E+04 -3.6260035663E+04 -3.6259442929E+04
           Stress_EigVec1 =  5.9059745356E-01  2.6718149281E-01  7.6145170414E-01
           Stress_EigVec2 = -3.9187364050E-01  9.1982678914E-01 -1.8807654353E-02
           Stress_EigVec3 =  7.0542873328E-01  2.8728509860E-01 -6.4794874365E-01
           -DivStress = -9.8766253780E+01  5.5401531275E+02  2.8088463004E+02
           ESP =  -1.4746364145E+01     ESP at Nucleus =  -1.4746364152E+01
           ESPe = -2.5092530770E+01     ESPe at Nucleus = -2.5092531720E+01
           ESPn =  1.0346166626E+01     ESPn at Nucleus =  1.0346167568E+01

CP# 2      Coords =  3.33383140952913E+00 -4.65586746366988E+00 -1.80407915313763E+00
           Type = (3,-3) NACP H2
           Rho =  4.2571524473E-01     Rho at Nucleus =  4.2202828538E-01
           GradRho = -5.7318854784E-10  3.3789231153E-09  8.4583915794E-10
           HessRho_EigVals = -6.4845377602E+00 -6.4787527898E+00 -5.8849039639E+00
           HessRho_EigVec1 =  6.5247450718E-01 -7.8184059677E-02  7.5376672140E-01
           HessRho_EigVec2 =  7.4029889085E-01  2.7835558207E-01 -6.1194421488E-01
           HessRho_EigVec3 = -1.6197089147E-01  9.5729066784E-01  2.3949949389E-01
           DelSqRho = -1.8848194514E+01
           Bond Ellipticity = NA
           V = -4.7213112443E+00
           G =  4.6313079363E-03
           K =  4.7166799364E+00
           L =  4.7120486285E+00
           Vnuc =  3.9073453499E+01
           Ven = -1.6634164819E+01
           Vrep =  1.1912853574E+01
           DelSqV =  7.0976827488E+02
           DelSqVen =  7.3646405764E+02
           DelSqVrep = -2.6695782764E+01
           DelSqG =  6.9879608119E+01
           DelSqK = -7.7964788299E+02
           Stress_EigVals = -1.6245349846E+00 -1.6239472201E+00 -1.4728290396E+00
           Stress_EigVec1 =  7.0726309607E-01 -5.8368065337E-02  7.0453678533E-01
           Stress_EigVec2 = -6.8840273495E-01 -2.8364605453E-01  6.6756766718E-01
           Stress_EigVec3 = -1.6087444621E-01  9.5715102502E-01  2.4079312252E-01
           -DivStress =  1.2807526409E+00 -7.5579291572E+00 -1.8949216222E+00
           ESP =  -1.1086273211E+00     ESP at Nucleus =  -1.1110924784E+00
           ESPe = -1.1558000045E+01     ESPe at Nucleus = -1.1476817414E+01
           ESPn =  1.0449372724E+01     ESPn at Nucleus =  1.0365724936E+01

CP# 3      Coords =  4.23153933448518E+00 -1.63577038017427E+00  6.08264991101788E-01
           Type = (3,-3) NACP C3
           Rho =  1.1765547306E+02     Rho at Nucleus =  1.1765547283E+02
           GradRho =  2.7417562665E-10  9.2560359377E-10  7.9601347736E-10
           HessRho_EigVals = -1.4497062465E+05 -1.4496980154E+05 -1.4496943217E+05
           HessRho_EigVec1 =  7.7182308162E-01  1.8928098335E-01 -6.0701057654E-01
           HessRho_EigVec2 = -2.4999668460E-01  9.6811461224E-01 -1.5992350175E-02
           HessRho_EigVec3 =  5.8462876116E-01  1.6409389665E-01  7.9453282167E-01
           DelSqRho = -4.3490985836E+05
           Bond Ellipticity = NA
           V = -1.0873768168E+05
           G =  5.1085446773E+00
           K =  1.0873257313E+05
           L =  1.0872746459E+05
           Vnuc =  3.3762603771E+06
           Ven = -3.9723551185E+08
           Vrep =  3.9712677417E+08
           DelSqV =  2.4946634748E+09
           DelSqVen =  1.4683689656E+12
           DelSqVrep = -1.4658742981E+12
           DelSqG =  1.3399269988E+08
           DelSqK = -2.6286561747E+09
           Stress_EigVals = -3.6246164164E+04 -3.6245990280E+04 -3.6245527235E+04
           Stress_EigVec1 =  5.6816926936E-01  2.2809325736E-01  7.9066879748E-01
           Stress_EigVec2 = -3.1313619702E-01  9.4846406518E-01 -4.8596699363E-02
           Stress_EigVec3 =  7.6100552132E-01  2.1997586917E-01 -6.1031239010E-01
           -DivStress = -2.9445030614E+02 -1.0822589419E+03 -9.0775977218E+02
           ESP =  -1.4733317569E+01     ESP at Nucleus =  -1.4733317591E+01
           ESPe = -2.5709754955E+01     ESPe at Nucleus = -2.5709755068E+01
           ESPn =  1.0976437386E+01     ESPn at Nucleus =  1.0976437477E+01

CP# 4      Coords =  5.49489593823341E+00 -2.75969629678124E+00  1.72588481453892E+00
           Type = (3,-3) NACP H4
           Rho =  4.2856962490E-01     Rho at Nucleus =  4.2498343362E-01
           GradRho = -2.9494409519E-10  2.6479165930E-10 -2.5915490934E-10
           HessRho_EigVals = -6.5503369984E+00 -6.5424231371E+00 -5.9542113308E+00
           HessRho_EigVec1 =  1.7144055858E-01  7.7994690183E-01  6.0190610995E-01
           HessRho_EigVec2 =  7.6327540427E-01  2.8113637301E-01 -5.8169837288E-01
           HessRho_EigVec3 =  6.2291154437E-01 -5.5914682337E-01  5.4711610998E-01
           DelSqRho = -1.9046971466E+01
           Bond Ellipticity = NA
           V = -4.7708676731E+00
           G =  4.5624032733E-03
           K =  4.7663052698E+00
           L =  4.7617428666E+00
           Vnuc =  3.9968363197E+01
           Ven = -1.7129226423E+01
           Vrep =  1.2358358750E+01
           DelSqV =  7.1800284237E+02
           DelSqVen =  7.6127627417E+02
           DelSqVrep = -4.3273431799E+01
           DelSqG =  7.0887938125E+01
           DelSqK = -7.8889078049E+02
           Stress_EigVals = -1.6406985841E+00 -1.6396699759E+00 -1.4904991130E+00
           Stress_EigVec1 =  2.5288057602E-01  8.0668711826E-01  5.3414165490E-01
           Stress_EigVec2 =  7.4013843392E-01  1.9425825145E-01 -6.4378477022E-01
           Stress_EigVec3 =  6.2309430498E-01 -5.5813943148E-01  5.4793600185E-01
           -DivStress =  4.8741240465E+00 -4.3736875313E+00  4.2844550297E+00
           ESP =  -1.1067067499E+00     ESP at Nucleus =  -1.1091124147E+00
           ESPe = -1.1895831611E+01     ESPe at Nucleus = -1.1811874597E+01
           ESPn =  1.0789124861E+01     ESPn at Nucleus =  1.0702762182E+01

CP# 5      Coords =  3.55686294061782E+00  2.99207349413331E+00 -1.29603644858582E-01
           Type = (3,-3) NACP C5
           Rho =  1.1769483560E+02     Rho at Nucleus =  1.1769483555E+02
           GradRho = -8.5684627796E-11  8.5566886909E-11 -2.7291779947E-11
           HessRho_EigVals = -1.4503271554E+05 -1.4503174549E+05 -1.4503163064E+05
           HessRho_EigVec1 =  9.8705121642E-01  1.5310126474E-01 -4.7852888086E-02
           HessRho_EigVec2 = -7.4362164151E-02  7.0108021866E-01  7.0919446948E-01
           HessRho_EigVec3 = -1.4212728347E-01  6.9645281946E-01 -7.0338702402E-01
           DelSqRho = -4.3509609167E+05
           Bond Ellipticity = NA
           V = -1.0878427457E+05
           G =  5.1258250216E+00
           K =  1.0877914874E+05
           L =  1.0877402292E+05
           Vnuc =  7.2337537628E+06
           Ven = -8.5137545992E+08
           Vrep =  8.5126667564E+08
           DelSqV =  2.4957426037E+09
           DelSqVen =  3.1473781965E+12
           DelSqVrep = -3.1448824539E+12
           DelSqG =  1.3406373899E+08
           DelSqK = -2.6298063427E+09
           Stress_EigVals = -3.6261660429E+04 -3.6261573478E+04 -3.6261040661E+04
           Stress_EigVec1 = -1.4834570777E-01  7.7551482162E-01 -6.1365325097E-01
           Stress_EigVec2 = -3.4889280329E-02  6.1602852733E-01  7.8695081907E-01
           Stress_EigVec3 =  9.8831993256E-01  1.3815069654E-01 -6.4328033886E-02
           -DivStress =  4.2745148725E+02 -5.0068566579E+02  1.4202240816E+02
           ESP =  -1.4740918316E+01     ESP at Nucleus =  -1.4740918324E+01
           ESPe = -2.4944438578E+01     ESPe at Nucleus = -2.4944439244E+01
           ESPn =  1.0203520262E+01     ESPn at Nucleus =  1.0203520919E+01

CP# 6      Coords =  3.37592984743274E+00  4.86612980386987E+00  5.97331759729930E-01
           Type = (3,-3) NACP H6
           Rho =  4.2497258505E-01     Rho at Nucleus =  4.2126769377E-01
           GradRho =  1.1608242406E-10 -1.2118494550E-09 -4.6954187587E-10
           HessRho_EigVals = -6.4698838456E+00 -6.4636419573E+00 -5.8692923756E+00
           HessRho_EigVec1 =  1.3721790944E-01 -3.4608500436E-01  9.2811444073E-01
           HessRho_EigVec2 =  9.8654249804E-01  1.3185206006E-01 -9.6689884821E-02
           HessRho_EigVec3 = -8.8910881775E-02  9.2889192268E-01  3.5952002877E-01
           DelSqRho = -1.8802818178E+01
           Bond Ellipticity = NA
           V = -4.7099623268E+00
           G =  4.6288910884E-03
           K =  4.7053334357E+00
           L =  4.7007045446E+00
           Vnuc =  3.9047002920E+01
           Ven = -1.6593905770E+01
           Vrep =  1.1883943443E+01
           DelSqV =  7.0791440160E+02
           DelSqVen =  7.3419369844E+02
           DelSqVrep = -2.6279296841E+01
           DelSqG =  6.9667418447E+01
           DelSqK = -7.7758182004E+02
           Stress_EigVals = -1.6207943646E+00 -1.6202572148E+00 -1.4689107474E+00
           Stress_EigVec1 =  4.0184714461E-02 -3.5586110729E-01  9.3367449416E-01
           Stress_EigVec2 =  9.9521038576E-01  9.7593648817E-02 -5.6362911072E-03
           Stress_EigVec3 = -8.9114963898E-02  9.2942904626E-01  3.5807844277E-01
           -DivStress = -7.0481836874E-01  7.3436597519E+00  2.8427580472E+00
           ESP =  -1.1024153013E+00     ESP at Nucleus =  -1.1048924411E+00
           ESPe = -1.1629780097E+01     ESPe at Nucleus = -1.1550632394E+01
           ESPn =  1.0527364795E+01     ESPn at Nucleus =  1.0445739953E+01

CP# 7      Coords =  3.96689546696189E+00  1.01453926740585E+00  1.40358967296226E+00
           Type = (3,-3) NACP C7
           Rho =  1.1767273294E+02     Rho at Nucleus =  1.1767273280E+02
           GradRho =  8.7254037329E-11 -5.6649018809E-10  1.8015605674E-10
           HessRho_EigVals = -1.4499359709E+05 -1.4499251092E+05 -1.4499222897E+05
           HessRho_EigVec1 =  9.8918926055E-01  6.6927502301E-02 -1.3048109537E-01
           HessRho_EigVec2 =  2.5582701729E-02  7.9737515089E-01  6.0294145164E-01
           HessRho_EigVec3 =  1.4439574850E-01 -5.9976126765E-01  7.8704274956E-01
           DelSqRho = -4.3497833698E+05
           Bond Ellipticity = NA
           V = -1.0875477315E+05
           G =  5.0944543829E+00
           K =  1.0874967870E+05
           L =  1.0874458424E+05
           Vnuc =  4.2998941365E+06
           Ven = -5.0598029438E+08
           Vrep =  5.0587153961E+08
           DelSqV =  2.4950558948E+09
           DelSqVen =  1.8703608709E+12
           DelSqVrep = -1.8678658150E+12
           DelSqG =  1.3401526566E+08
           DelSqK = -2.6290711604E+09
           Stress_EigVals = -3.6251865796E+04 -3.6251718294E+04 -3.6251189064E+04
           Stress_EigVec1 =  1.5424756020E-01 -6.5505479594E-01  7.3966945623E-01
           Stress_EigVec2 =  1.5762547890E-02  7.5016507320E-01  6.6106270885E-01
           Stress_EigVec3 =  9.8790648963E-01  9.0308234756E-02 -1.2603646488E-01
           -DivStress = -1.2928568179E+02  1.0832036491E+03 -3.0731444520E+02
           ESP =  -1.4727430132E+01     ESP at Nucleus =  -1.4727430148E+01
           ESPe = -2.5833295316E+01     ESPe at Nucleus = -2.5833295465E+01
           ESPn =  1.1105865184E+01     ESPn at Nucleus =  1.1105865317E+01

CP# 8      Coords =  4.18162669768898E+00  1.36176414098996E+00  3.38963954448893E+00
           Type = (3,-3) NACP H8
           Rho =  4.2869165645E-01     Rho at Nucleus =  4.2509492849E-01
           GradRho = -3.8369552847E-10 -6.4093455543E-10 -3.5752405368E-09
           HessRho_EigVals = -6.5537832645E+00 -6.5461941963E+00 -5.9561467622E+00
           HessRho_EigVec1 =  1.8021479180E-01 -9.7128444998E-01  1.5533559166E-01
           HessRho_EigVec2 =  9.7803067814E-01  1.6011865667E-01 -1.3348411295E-01
           HessRho_EigVec3 =  1.0477891695E-01  1.7597878567E-01  9.7880173966E-01
           DelSqRho = -1.9056124223E+01
           Bond Ellipticity = NA
           V = -4.7730824125E+00
           G =  4.5256783958E-03
           K =  4.7685567342E+00
           L =  4.7640310558E+00
           Vnuc =  4.0277471007E+01
           Ven = -1.7266615764E+01
           Vrep =  1.2493533351E+01
           DelSqV =  7.1832414458E+02
           DelSqVen =  7.6753249709E+02
           DelSqVrep = -4.9208352508E+01
           DelSqG =  7.0936668075E+01
           DelSqK = -7.8926081266E+02
           Stress_EigVals = -1.6416000552E+00 -1.6404655117E+00 -1.4910168457E+00
           Stress_EigVec1 =  7.0916672374E-02 -9.8327118746E-01  1.6777543771E-01
           Stress_EigVec2 =  9.9194186375E-01  5.1814854709E-02 -1.1561383903E-01
           Stress_EigVec3 =  1.0498649686E-01  1.7462242911E-01  9.7902239133E-01
           -DivStress =  8.2396728533E-01  1.3720324826E+00  7.6740951431E+00
           ESP =  -1.1026275585E+00     ESP at Nucleus =  -1.1050399508E+00
           ESPe = -1.2237881103E+01     ESPe at Nucleus = -1.2155784280E+01
           ESPn =  1.1135253545E+01     ESPn at Nucleus =  1.1050744329E+01

CP# 9      Coords = -5.01504854890554E+00  4.73731656236214E-01  1.66465743933259E+00
           Type = (3,-3) NACP C9
           Rho =  1.1766686337E+02     Rho at Nucleus =  1.1766686314E+02
           GradRho =  5.6357851719E-10 -2.5894952849E-10 -1.0249883164E-09
           HessRho_EigVals = -1.4498904141E+05 -1.4498841672E+05 -1.4498722765E+05
           HessRho_EigVec1 =  9.0598773404E-01  4.2329143275E-01  3.2540326241E-03
           HessRho_EigVec2 = -2.7876386192E-01  5.9082931631E-01  7.5710727660E-01
           HessRho_EigVec3 = -3.1855444599E-01  6.8683701265E-01 -6.5328246800E-01
           DelSqRho = -4.3496468579E+05
           Bond Ellipticity = NA
           V = -1.0875151697E+05
           G =  5.1727641514E+00
           K =  1.0874634421E+05
           L =  1.0874117145E+05
           Vnuc =  3.3639373957E+06
           Ven = -3.9582396191E+08
           Vrep =  3.9571521040E+08
           DelSqV =  2.4949825004E+09
           DelSqVen =  1.4631939113E+12
           DelSqVrep = -1.4606989288E+12
           DelSqG =  1.3401411840E+08
           DelSqK = -2.6289966188E+09
           Stress_EigVals = -3.6250803572E+04 -3.6250599126E+04 -3.6250114276E+04
           Stress_EigVec1 = -4.7509260834E-01  8.7993110552E-01  2.8745499351E-03
           Stress_EigVec2 = -8.0126640874E-02 -4.6514733342E-02  9.9569880034E-01
           Stress_EigVec3 =  8.7628005507E-01  4.7281881215E-01  9.2604729675E-02
           -DivStress = -7.3175557447E+02  3.1432230883E+02  1.2169207033E+03
           ESP =  -1.4725753119E+01     ESP at Nucleus =  -1.4725753124E+01
           ESPe = -2.5338261890E+01     ESPe at Nucleus = -2.5338258871E+01
           ESPn =  1.0612508771E+01     ESPn at Nucleus =  1.0612505747E+01

CP# 10     Coords = -3.80773930492910E+00 -1.65835685306907E+00  1.33022852489832E+00
           Type = (3,-3) NACP C10
           Rho =  1.1766899350E+02     Rho at Nucleus =  1.1766899325E+02
           GradRho = -3.2060798461E-11  1.0091385505E-09 -9.3328778039E-10
           HessRho_EigVals = -1.4499130643E+05 -1.4499063993E+05 -1.4498946813E+05
           HessRho_EigVec1 =  8.3125685517E-01  5.5506692562E-01  3.0211732950E-02
           HessRho_EigVec2 = -4.4704208657E-01  6.9980657335E-01 -5.5715718853E-01
           HessRho_EigVec3 = -3.3040189704E-01  4.4963481624E-01  8.2985728801E-01
           DelSqRho = -4.3497141450E+05
           Bond Ellipticity = NA
           V = -1.0875319866E+05
           G =  5.1725193194E+00
           K =  1.0874802614E+05
           L =  1.0874285362E+05
           Vnuc =  3.2298375187E+06
           Ven = -3.8005172999E+08
           Vrep =  3.7994297679E+08
           DelSqV =  2.4950205092E+09
           DelSqVen =  1.4048869908E+12
           DelSqVrep = -1.4023919785E+12
           DelSqG =  1.3401579976E+08
           DelSqK = -2.6290363090E+09
           Stress_EigVals = -3.6251367782E+04 -3.6251161860E+04 -3.6250669021E+04
           Stress_EigVec1 = -4.9587609952E-01  8.3067732115E-01  2.5314438971E-01
           Stress_EigVec2 =  4.3582069218E-02 -2.6733590025E-01  9.6261732775E-01
           Stress_EigVec3 =  8.6729896643E-01  4.8837148213E-01  9.6362846972E-02
           -DivStress =  7.1648346691E+01 -1.1130172197E+03  1.0246733087E+03
           ESP =  -1.4725907353E+01     ESP at Nucleus =  -1.4725907358E+01
           ESPe = -2.5771574059E+01     ESPe at Nucleus = -2.5771571145E+01
           ESPn =  1.1045666706E+01     ESPn at Nucleus =  1.1045663786E+01

CP# 11     Coords = -4.14237441462438E+00 -5.68648388150962E-02 -9.56431423587494E-01
           Type = (3,-3) NACP C11
           Rho =  1.1740203197E+02     Rho at Nucleus =  1.1740202991E+02
           GradRho =  5.2851112375E-11 -1.7216783554E-13 -6.2433391790E-12
           HessRho_EigVals = -1.4463218656E+05 -1.4463070968E+05 -1.4462999291E+05
           HessRho_EigVec1 =  6.8132912276E-01  4.6991640745E-01 -5.6122116540E-01
           HessRho_EigVec2 =  5.4387550930E-01  1.8814068032E-01  8.1780346954E-01
           HessRho_EigVec3 = -4.8988780027E-01  8.6242776765E-01  1.2739030075E-01
           DelSqRho = -4.3389288915E+05
           Bond Ellipticity = NA
           V = -1.0848327210E+05
           G =  5.0249057210E+00
           K =  1.0847824719E+05
           L =  1.0847322229E+05
           Vnuc =  1.1233310022E+06
           Ven = -1.3188134223E+08
           Vrep =  1.3177285896E+08
           DelSqV =  2.4888239256E+09
           DelSqVen =  4.8740533456E+11
           DelSqVrep = -4.8491651063E+11
           DelSqG =  1.3365287371E+08
           DelSqK = -2.6224767993E+09
           Stress_EigVals = -3.6161270262E+04 -3.6161208263E+04 -3.6160793574E+04
           Stress_EigVec1 =  5.3238898799E-01  1.3826920702E-01  8.3513088307E-01
           Stress_EigVec2 = -4.7036951454E-01  8.6856213249E-01  1.5605236875E-01
           Stress_EigVec3 =  7.0378582343E-01  4.7590067072E-01 -5.2745053450E-01
           -DivStress = -3.1992110999E+03 -1.4390911789E+03 -2.5307216497E+03
           ESP =  -1.4670812296E+01     ESP at Nucleus =  -1.4670812412E+01
           ESPe = -2.6729198166E+01     ESPe at Nucleus = -2.6729191410E+01
           ESPn =  1.2058385870E+01     ESPn at Nucleus =  1.2058378999E+01

CP# 12     Coords = -5.89396705497590E+00  1.75933427200282E+00  2.93475644287718E+00
           Type = (3,-3) NACP H12
           Rho =  4.1421765127E-01     Rho at Nucleus =  4.1043450980E-01
           GradRho =  4.2839592325E-09 -6.2392899892E-09 -6.1499818849E-09
           HessRho_EigVals = -6.3347137518E+00 -6.3325806532E+00 -5.7268144095E+00
           HessRho_EigVec1 = -5.4517035092E-02  6.8451800247E-01 -7.2695460462E-01
           HessRho_EigVec2 =  8.9745124456E-01  3.5275057175E-01  2.6485523928E-01
           HessRho_EigVec3 = -4.3773183175E-01  6.3796719227E-01  6.3355244854E-01
           DelSqRho = -1.8394108815E+01
           Bond Ellipticity = NA
           V = -4.6078440775E+00
           G =  4.6584369452E-03
           K =  4.6031856406E+00
           L =  4.5985272036E+00
           Vnuc =  3.8192130823E+01
           Ven = -1.5819854726E+01
           Vrep =  1.1212010649E+01
           DelSqV =  6.9258003572E+02
           DelSqVen =  7.0251022534E+02
           DelSqVrep = -9.9301896228E+00
           DelSqG =  6.8416801261E+01
           DelSqK = -7.6099683698E+02
           Stress_EigVals = -1.5874780810E+00 -1.5866171266E+00 -1.4337488700E+00
           Stress_EigVec1 = -3.0287754475E-01  5.5581548586E-01 -7.7416686739E-01
           Stress_EigVec2 =  8.4600621563E-01  5.3081253561E-01  5.0115218801E-02
           Stress_EigVec3 = -4.3879229255E-01  6.3977120732E-01  6.3099455329E-01
           -DivStress = -3.4814939343E+00  5.0705305931E+00  4.9835602687E+00
           ESP =  -1.0661186937E+00     ESP at Nucleus =  -1.0687604891E+00
           ESPe = -1.1361296835E+01     ESPe at Nucleus = -1.1276505714E+01
           ESPn =  1.0295178142E+01     ESPn at Nucleus =  1.0207745225E+01

CP# 13     Coords = -3.00803988419546E+00 -3.31694088770354E+00  2.13318586135430E+00
           Type = (3,-3) NACP H13
           Rho =  4.1414722540E-01     Rho at Nucleus =  4.1033507634E-01
           GradRho = -7.8062556419E-15  1.9262369477E-14 -9.7630237228E-15
           HessRho_EigVals = -6.3342011908E+00 -6.3321324624E+00 -5.7233716297E+00
           HessRho_EigVec1 = -4.6011274207E-01  1.9887094655E-01  8.6530145683E-01
           HessRho_EigVec2 =  7.9378477108E-01  5.2874036916E-01  3.0056506653E-01
           HessRho_EigVec3 = -3.9774615244E-01  8.2515693576E-01 -4.0114090988E-01
           DelSqRho = -1.8389705283E+01
           Bond Ellipticity = NA
           V = -4.6066775802E+00
           G =  4.6256297289E-03
           K =  4.6020519504E+00
           L =  4.5974263207E+00
           Vnuc =  3.8958059514E+01
           Ven = -1.6134372255E+01
           Vrep =  1.1527694675E+01
           DelSqV =  6.9229211510E+02
           DelSqVen =  7.1642723285E+02
           DelSqVrep = -2.4135117747E+01
           DelSqG =  6.8399490345E+01
           DelSqK = -7.6069160545E+02
           Stress_EigVals = -1.5873392997E+00 -1.5864666472E+00 -1.4328716333E+00
           Stress_EigVec1 = -2.0810594138E-01  3.4129763747E-01  9.1662851790E-01
           Stress_EigVec2 =  8.9331760226E-01  4.4798077438E-01  3.6012321241E-02
           Stress_EigVec3 = -3.9834103311E-01  8.2633476778E-01 -3.9811464793E-01
           -DivStress =  3.1680897235E+00 -6.5726216916E+00  3.1473995045E+00
           ESP =  -1.0670901555E+00     ESP at Nucleus =  -1.0697484488E+00
           ESPe = -1.2239684390E+01     ESPe at Nucleus = -1.2160293510E+01
           ESPn =  1.1172594234E+01     ESPn at Nucleus =  1.1090545061E+01

CP# 14     Coords =  3.45030142358305E+00  2.77814650023089E+00 -2.13422873157723E+00
           Type = (3,-3) NACP H14
           Rho =  4.2255480492E-01     Rho at Nucleus =  4.1878320305E-01
           GradRho =  1.0278236595E-15  1.3704315460E-15  8.4307560932E-16
           HessRho_EigVals = -6.4240297764E+00 -6.4173757502E+00 -5.8193778494E+00
           HessRho_EigVec1 = -1.6995568966E-01  9.8064394765E-01 -9.7224027374E-02
           HessRho_EigVec2 = -9.8413465133E-01 -1.6380139902E-01  6.8176900276E-02
           HessRho_EigVec3 =  5.0931832923E-02  1.0726858639E-01  9.9292466923E-01
           DelSqRho = -1.8660783376E+01
           Bond Ellipticity = NA
           V = -4.6745266042E+00
           G =  4.6653800916E-03
           K =  4.6698612241E+00
           L =  4.6651958440E+00
           Vnuc =  3.9704187943E+01
           Ven = -1.6777195391E+01
           Vrep =  1.2102668787E+01
           DelSqV =  7.0209364349E+02
           DelSqVen =  7.4091125033E+02
           DelSqVrep = -3.8817606844E+01
           DelSqG =  6.9021697679E+01
           DelSqK = -7.7111534117E+02
           Stress_EigVals = -1.6092924019E+00 -1.6087404860E+00 -1.4564937163E+00
           Stress_EigVec1 =  8.4309118797E-02 -9.9127862287E-01  1.0128506467E-01
           Stress_EigVec2 =  9.9517143615E-01  7.8638950694E-02 -5.8734386017E-02
           Stress_EigVec3 =  5.0257190079E-02  1.0574784760E-01  9.9312215139E-01
           -DivStress = -4.0135876790E-01 -8.4994696217E-01 -7.8919976822E+00
           ESP =  -1.1046513056E+00     ESP at Nucleus =  -1.1071595894E+00
           ESPe = -1.2653044051E+01     ESPe at Nucleus = -1.2584174978E+01
           ESPn =  1.1548392746E+01     ESPn at Nucleus =  1.1477015389E+01

CP# 15     Coords =  1.62949974035266E+00 -1.72744439039135E+00 -2.41183291276351E+00
           Type = (3,-3) NACP H15
           Rho =  4.1988867616E-01     Rho at Nucleus =  4.1599297641E-01
           GradRho =  5.6205040622E-16  2.4286128664E-17 -1.1763593571E-16
           HessRho_EigVals = -6.3769350316E+00 -6.3707204516E+00 -5.7619423284E+00
           HessRho_EigVec1 = -1.2677049043E-01 -8.0559495271E-01 -5.7874520726E-01
           HessRho_EigVec2 =  7.1839807336E-01  3.2775253083E-01 -6.1358168709E-01
           HessRho_EigVec3 =  6.8398351657E-01 -4.9355349325E-01  5.3718851286E-01
           DelSqRho = -1.8509597812E+01
           Bond Ellipticity = NA
           V = -4.6368911912E+00
           G =  4.7458691668E-03
           K =  4.6321453221E+00
           L =  4.6273994529E+00
           Vnuc =  4.0111647842E+01
           Ven = -1.6842426711E+01
           Vrep =  1.2205535520E+01
           DelSqV =  6.9573638089E+02
           DelSqVen =  7.4245046911E+02
           DelSqVrep = -4.6714088224E+01
           DelSqG =  6.8349804460E+01
           DelSqK = -7.6408618535E+02
           Stress_EigVals = -1.5975157763E+00 -1.5969193322E+00 -1.4424560827E+00
           Stress_EigVec1 = -1.6629682711E-01 -8.2386368211E-01 -5.4184314944E-01
           Stress_EigVec2 =  7.0945103478E-01  2.8167388670E-01 -6.4601784093E-01
           Stress_EigVec3 =  6.8485370302E-01 -4.9184190026E-01  5.3764946815E-01
           -DivStress = -5.5129165616E+00  3.9676640392E+00 -4.3187480310E+00
           ESP =  -1.1118201563E+00     ESP at Nucleus =  -1.1144268442E+00
           ESPe = -1.3640574921E+01     ESPe at Nucleus = -1.3590125979E+01
           ESPn =  1.2528754764E+01     ESPn at Nucleus =  1.2475699135E+01

CP# 16     Coords = -5.43324668427664E+00 -5.53795885724840E-01 -2.43698337612721E+00
           Type = (3,-3) NACP H16
           Rho =  4.3448425312E-01     Rho at Nucleus =  4.3075276714E-01
           GradRho =  3.2430655383E-15 -1.8474805019E-16  1.7884999037E-15
           HessRho_EigVals = -6.6429276691E+00 -6.6308897811E+00 -6.0189214519E+00
           HessRho_EigVec1 =  6.0303250427E-01  4.4292247935E-01 -6.6345420044E-01
           HessRho_EigVec2 = -4.8628541522E-01  8.6340078876E-01  1.3440823230E-01
           HessRho_EigVec3 =  6.3235930746E-01  2.4157556842E-01  7.3604548162E-01
           DelSqRho = -1.9292738902E+01
           Bond Ellipticity = NA
           V = -4.8320224521E+00
           G =  4.4188632709E-03
           K =  4.8276035888E+00
           L =  4.8231847255E+00
           Vnuc =  4.0266219922E+01
           Ven = -1.7495038489E+01
           Vrep =  1.2663016037E+01
           DelSqV =  7.2672798535E+02
           DelSqVen =  7.7684566752E+02
           DelSqVrep = -5.0117682174E+01
           DelSqG =  7.1761004855E+01
           DelSqK = -7.9848899020E+02
           Stress_EigVals = -1.6631346613E+00 -1.6616801444E+00 -1.5072076463E+00
