AIMSum (Version 19.02.13, Professional)
Copyright (c) 1997-2019 by Todd A. Keith
AIMSum is a component of the AIMAll package ( http://aim.tkgristmill.com )

TP:  64-bit Linux

Much of the Quantum Theory of Atoms in Molecules (QTAIM) is described in the book:
  "Atoms in Molecules - A Quantum Theory"
  R.F.W. Bader, Oxford University Press, Oxford, 1990

For additional references see:  http://aim.tkgristmill.com/references.html

Wfn File:  /home/mhennefarth/Documents/ML_Diels/summary-levandowski2016/26-opt/26-opt.wfn
Sum File:  /home/mhennefarth/Documents/ML_Diels/summary-levandowski2016/26-opt/26-opt.sum

SumViz File:  /home/mhennefarth/Documents/ML_Diels/summary-levandowski2016/26-opt/26-opt.sumviz

Wfn Title:   Title Card Required                                                           
 
Total memory allocated for AIMSum =        0.863 Megabytes

Atomic units (a.u.) used throughout, except where stated otherwise

Model:  Restricted SCF
 
Restricted, closed-shell, single-determinant wavefunction.
  Number of electrons (from MO Occs)                   =          60.0000000000
  Number of Alpha electrons (from MO Occs)             =          30.0000000000
  Number of Beta electrons (from MO Occs)              =          30.0000000000
  Number of electron pairs (N*(N-1)/2)                 =        1770.0000000000
  Number of electron pairs (from Muller 2EDM)          =        1770.0000000000
 
Nuclear Charges and Cartesian Coordinates:
-------------------------------------------------------------------------------
Atom      Charge                X                  Y                  Z
-------------------------------------------------------------------------------
C1         6.0          -3.8967214000E+00  -2.8557110400E+00  -2.3745765000E-01
H2         1.0          -4.3800801100E+00  -4.8222207600E+00  -5.8021581000E-01
C3         6.0          -5.6438657200E+00  -1.0379894100E+00  -4.9037949000E-01
H4         1.0          -7.5542543700E+00  -1.5980923500E+00  -1.0219154400E+00
C5         6.0          -3.1141365000E+00   2.9238941800E+00   2.7986767000E-01
H6         1.0          -3.0975932200E+00   4.9610858100E+00   5.4163410000E-01
C7         6.0          -5.2951803700E+00   1.6949977800E+00  -1.1292752000E-01
H8         1.0          -7.0307113700E+00   2.8036554300E+00  -1.8418849000E-01
C9         6.0           5.2238482700E+00  -3.3003846000E-01  -1.9687283500E+00
C10        6.0           5.8474660000E+00   1.5068251000E+00  -4.5075049000E-01
C11        6.0           4.7975377500E+00  -8.1751174000E-01   7.4612610000E-01
H12        1.0           5.0183876700E+00  -1.0532622200E+00  -3.8674138800E+00
H13        1.0           6.5353762200E+00   3.4125908900E+00  -1.9419672000E-01
H14        1.0          -1.2978966700E+00   1.9656136200E+00   3.5699840000E-01
H15        1.0          -1.9540979300E+00  -2.4647012400E+00   3.0623105000E-01
O16        8.0           2.2508020500E+00  -8.7923296000E-01   1.6037742800E+00
H17        1.0           2.2472459800E+00  -5.4998809000E-01   3.4079368200E+00
H18        1.0           5.9935192000E+00  -2.1276159000E+00   1.8104340800E+00
 
Some Atomic Properties:
----------------------
  q(A) = Net Charge of Atom A
  L(A) = Lagrangian of Atom A = -(1/4) Times Atomic Integral of the Laplacian of the Electron Density
  K(A) = Electronic Kinetic Energy of Atom A (Hamiltonian Form)
  K_Scaled(A) = K(A) * E(Mol)/K(Mol) = Approximation to Virial-Based Total Energy of Atom A.
  |Mu_Intra(A)| = Magnitude of Intraatomic Dipole Moment of Atom A
--------------------------------------------------------------------------------------------------
Atom A          q(A)              L(A)              K(A)          K_Scaled(A)      |Mu_Intra(A)|
--------------------------------------------------------------------------------------------------
C1       -9.9342807300E-02  2.5004146183E-05  3.7713769114E+01 -3.8082741774E+01  1.3064254583E-01
H2        3.1850559320E-02  2.6655369233E-05  5.9918467118E-01 -6.0504679441E-01  1.5021367372E-01
C3       -3.3652198600E-02 -6.8541939346E-05  3.7697217355E+01 -3.8066028081E+01  6.0273148414E-02
H4        2.0367739240E-02  2.0462818712E-05  6.0889283733E-01 -6.1484994040E-01  1.5438902025E-01
C5       -1.0270597410E-01 -6.6994915997E-05  3.7714293163E+01 -3.8083270950E+01  1.3078541817E-01
H6        2.9818660680E-02  2.3726449586E-05  5.9990636628E-01 -6.0577555022E-01  1.5080234620E-01
C7       -3.2776052200E-02  3.9454707435E-05  3.7697027416E+01 -3.8065836284E+01  5.8388835842E-02
H8        2.0388938140E-02  2.0069301350E-05  6.0890900461E-01 -6.1486626586E-01  1.5437870051E-01
C9       -1.1488139130E-01 -4.0626490878E-05  3.7764997221E+01 -3.8134471071E+01  2.5600132024E-01
C10      -1.3857820500E-01  1.1135007579E-06  3.7772202702E+01 -3.8141747047E+01  2.5413194531E-01
C11       5.5370213530E-01  4.2224615874E-04  3.7295962610E+01 -3.7660847660E+01  5.5380267063E-01
H12       1.1717369602E-01  1.8025429038E-05  5.5782357927E-01 -5.6328104625E-01  1.4375478145E-01
H13       1.1263303334E-01  2.3856612054E-05  5.5930653537E-01 -5.6477851086E-01  1.4473229740E-01
H14       7.8417015380E-02  2.3231140820E-05  5.8194705111E-01 -5.8764053008E-01  1.2524690303E-01
H15       8.2562845180E-02  3.1682200782E-05  5.8066437838E-01 -5.8634530833E-01  1.2249861183E-01
O16      -1.0966245786E+00 -3.7399111712E-05  7.5116022009E+01 -7.5850919611E+01  1.1779204194E-01
H17       5.4564944540E-01  1.9883301834E-05  3.7590622537E-01 -3.7958390393E-01  1.7706722201E-01
H18       2.6452088540E-02  3.1077664187E-05  6.1069682431E-01 -6.1667157669E-01  1.6021293695E-01
--------------------------------------------------------------------------------------------------
Total     4.5494944000E-04  5.1292634278E-04  3.4445472906E+02 -3.4782470191E+02
 
1st Largest |L(A)| = 4.2224615874E-04, atom C11     
2nd Largest |L(A)| = 6.8541939346E-05, atom C3      
 
Molecular charge q(Mol) from the wfn file:   0.0000000000E+00
Molecular energy E(Mol) from the wfn file:  -3.4782460478E+02
Molecular virial ratio (-V(Mol)/T(Mol)) from the wfn file:   2.0097835000E+00
Note.  K_Scaled(A) = (1+V(Mol)/T(Mol))*K(A) = (E(Mol)/T(Mol))*K(A)
       Only use K_Scaled(A) data with caution.
 
N_AIMInt(SumA)     =         59.999545
N_Analytic(Mol)    =         59.999989
 
G_AIMInt(SumA)     =        344.454216
G_Analytic(Mol)    =        344.454606
 
K_AIMInt(SumA)     =        344.454729
K_Analytic(Mol)    =        344.454606
 
L_AIMInt(SumA)     =          0.000513
L_Analytic(Mol)    =          0.000000
 
VenT_AIMInt(SumA)  =      -1433.084496
VenT_Analytic(Mol) =      -1433.089628
 
Some Information About the Atomic Calculations:
----------------------------------------------
  Time(sec) = "Elapsed User Time", in Seconds, for Atom A by AIMInt and, if used, by TWOe
  NProc = Number of Processors Used for AIMInt Job
  BIM = Basin Integration Method
  OAQ = Angular Quadrature Outside of Beta Sphere
  ORQ = Multiple of Default for Radial Quadrature Outside of Beta Sphere
  IAQ = Multiple of Default for Angular Quadrature Inside of Beta Sphere
  IRQ = Multiple of Default for Radial Quadrature Inside of Beta Sphere
  MIR = Maximum Integration Radius
------------------------------------------------------------------------------------------------------
Atom A     Time(sec)   NProc      BIM          OAQ                     ORQ      IAQ      IRQ      MIR
------------------------------------------------------------------------------------------------------
C1             24        8     Proaim(5)    4500(GS4)                  1.00     1.00     1.00    13.00
H2              4        8     Proaim(5)    1800(GS4)                  1.00     1.00     1.00    13.00
C3             22        8     Proaim(5)    4500(GS4)                  1.00     1.00     1.00    13.00
H4              7        8     Proaim(5)    1800(GS4)                  1.00     1.00     1.00    13.00
C5             27        8     Proaim(5)    4500(GS4)                  1.00     1.00     1.00    13.00
H6              4        8     Proaim(5)    1800(GS4)                  1.00     1.00     1.00    13.00
C7             23        8     Proaim(5)    4500(GS4)                  1.00     1.00     1.00    13.00
H8              5        8     Proaim(5)    1800(GS4)                  1.00     1.00     1.00    13.00
C9             17        8     Proaim(5)    4500(GS4)                  1.00     1.00     1.00    13.00
C10            22        8     Proaim(5)    4500(GS4)                  1.00     1.00     1.00    13.00
C11            27        8     Proaim(5)    4500(GS4)                  1.00     1.00     1.00    13.00
H12             5        8     Proaim(5)    1800(GS4)                  1.00     1.00     1.00    13.00
H13             8        8     Proaim(5)    1800(GS4)                  1.00     1.00     1.00    13.00
H14            12        8     Proaim(5)    4500(GS4)                  1.00     1.00     1.00    13.00
H15            14        8     Proaim(5)    4500(GS4)                  1.00     1.00     1.00    13.00
O16            21        8     Proaim(5)    4500(GS4)                  1.00     1.00     1.00    13.00
H17             6        8     Proaim(5)    1800(GS4)                  1.00     1.00     1.00    13.00
H18             6        8     Proaim(5)    1800(GS4)                  1.00     1.00     1.00    13.00
------------------------------------------------------------------------------------------------------
Total         254
Note:  Total wall clock time is less than total of atomic times if more than one atom
       was calculated at a time
 
Electron Density Critical Point Analysis of Molecular Structure:               
---------------------------------------------------------------                
  NACP = Nuclear Attractor Critical Point                                      
  NNACP = Non-Nuclear Attractor Critical Point                                 
  BCP = Bond Critical Point                                                    
  RCP = Ring Critical Point                                                    
  CCP = Cage Critical Point                                                    
  Rho = Electron Density                                                       
  GradRho = Gradient of Electron Density                                       
  HessRho_EigVals = Eigenvalues of the Hessian of Rho, Ascending Order         
  HessRho_EigVecs = Eigenvectors of the Hessian of Rho                         
  DelSqRho = Laplacian of Rho = Trace of Hessian of Rho                        
  Bond Ellipticity = (HessRho_EigVal(1) / HessRho_EigVal(2)) - 1               
  V = Virial Field = Potential Energy Density = Trace of Stress Tensor         
  G = Lagrangian Form of Kinetic Energy Density                                
  K = Hamiltonian Form of Kinetic Energy Density                               
  L = K - G = Lagrangian Density = (-1/4)DelSqRho                              
  Vnuc = Electrostatic Potential from Nuclei                                   
  Ven = Electron-nuclear attractive contribution to Virial Field V             
  Vrep = V - Ven = Repulsive contribution to Virial Field V                    
  DelSqV = Laplacian of V                                                      
  DelSqVen = Laplacian of Ven                                                  
  DelSqVrep = Laplacian of Vrep                                                
  DelSqG = Laplacian of G                                                      
  DelSqK = Laplacian of K                                                      
  Stress_EigVals = Eigenvalues of Stress Tensor, Ascending Order               
  Stress_EigVecs = Eigenvectors of Stress Tensor                               
  -DivStress = Ehrenfest Force Density = Minus Divergence of Stress Tensor     
  ESP = Total Electrostatic Potential                                          
  ESPe = Electrostatic Potential from Electrons                                
  ESPn = Electrostatic Potential from Nuclei                                   
  BP = Bond Path                                                               
  BPL = Bond Path Length                                                       
  GBL = Geometric Bond Length                                                  
  GBL_I = Distance Between Nuclear Attractors                                  
  GBL_II = Distance Between Nuclei                                             
  GBL_III = Sum of Distances Between BCP and Nuclear Attractors                
  GBL_IV = Sum of Distances Between BCP and Nuclei                             

CP# 1      Coords = -3.89672132076781E+00 -2.85571191303219E+00 -2.37457765223236E-01
           Type = (3,-3) NACP C1
           Rho =  1.1768356043E+02     Rho at Nucleus =  1.1768356037E+02
           GradRho =  8.5928486548E-13 -1.7937701324E-10 -2.0943941026E-11
           HessRho_EigVals = -1.4501578831E+05 -1.4501476067E+05 -1.4501454249E+05
           HessRho_EigVec1 = -2.6155063000E-01 -1.0304721140E-01  9.5967314236E-01
           HessRho_EigVec2 =  3.0212396724E-01  9.3557728265E-01  1.8280113953E-01
           HessRho_EigVec3 =  9.1668553843E-01 -3.3775201024E-01  2.1356779537E-01
           DelSqRho = -4.3504509147E+05
           Bond Ellipticity = NA
           V = -1.0877151897E+05
           G =  5.1230512576E+00
           K =  1.0876639592E+05
           L =  1.0876127287E+05
           Vnuc =  6.7861099960E+06
           Ven = -7.9861358580E+08
           Vrep =  7.9850481428E+08
           DelSqV =  2.4954478146E+09
           DelSqVen =  2.9522642862E+12
           DelSqVrep = -2.9497691005E+12
           DelSqG =  1.3404507434E+08
           DelSqK = -2.6294928889E+09
           Stress_EigVals = -3.6257426100E+04 -3.6257325158E+04 -3.6256767712E+04
           Stress_EigVec1 =  8.2150677949E-01 -5.4760686617E-01  1.5891296795E-01
           Stress_EigVec2 = -5.0982244512E-01 -8.3022985528E-01 -2.2538735956E-01
           Stress_EigVec3 = -2.5535795602E-01 -1.0413984600E-01  9.6122172612E-01
           -DivStress = -6.3719159722E+01  7.1115917945E+02  9.4032689191E+01
           ESP =  -1.4764289497E+01     ESP at Nucleus =  -1.4764289506E+01
           ESPe = -2.4567490307E+01     ESPe at Nucleus = -2.4567491309E+01
           ESPn =  9.8032008099E+00     ESPn at Nucleus =  9.8032018024E+00

CP# 2      Coords = -4.37193516835191E+00 -4.78907012593046E+00 -5.74433031343227E-01
           Type = (3,-3) NACP H2
           Rho =  4.2662279241E-01     Rho at Nucleus =  4.2299021655E-01
           GradRho =  5.7879816738E-10  2.3547364735E-09  4.1082735130E-10
           HessRho_EigVals = -6.5009690685E+00 -6.4950137343E+00 -5.9061724682E+00
           HessRho_EigVec1 =  9.4230500537E-01 -2.6627371322E-01  2.0287825536E-01
           HessRho_EigVec2 = -2.3872062792E-01 -1.0964172479E-01  9.6487882866E-01
           HessRho_EigVec3 =  2.3467794667E-01  9.5764137433E-01  1.6688097408E-01
           DelSqRho = -1.8902155271E+01
           Bond Ellipticity = NA
           V = -4.7349754320E+00
           G =  4.7183071108E-03
           K =  4.7302571248E+00
           L =  4.7255388177E+00
           Vnuc =  3.8943866532E+01
           Ven = -1.6614341087E+01
           Vrep =  1.1879365655E+01
           DelSqV =  7.1209957443E+02
           DelSqVen =  7.3612301613E+02
           DelSqVrep = -2.4023441697E+01
           DelSqG =  7.0130805132E+01
           DelSqK = -7.8223037957E+02
           Stress_EigVals = -1.6286861478E+00 -1.6281328937E+00 -1.4781563905E+00
           Stress_EigVec1 =  9.3480355703E-01 -2.6797334421E-01  2.3309353606E-01
           Stress_EigVec2 = -2.6793238198E-01 -1.0126770971E-01  9.5810077218E-01
           Stress_EigVec3 =  2.3314061947E-01  9.5808931617E-01  1.6646415167E-01
           -DivStress = -1.8448734235E+00 -7.5147963568E+00 -1.3104885629E+00
           ESP =  -1.1246259846E+00     ESP at Nucleus =  -1.1270551048E+00
           ESPe = -1.1185873621E+01     ESPe at Nucleus = -1.1107642341E+01
           ESPn =  1.0061247637E+01     ESPn at Nucleus =  9.9805872359E+00

CP# 3      Coords = -5.64386637739789E+00 -1.03798796442718E+00 -4.90379471032788E-01
           Type = (3,-3) NACP C3
           Rho =  1.1765436458E+02     Rho at Nucleus =  1.1765436440E+02
           GradRho = -3.9886749459E-10  8.3653395322E-10  8.3226758818E-12
           HessRho_EigVals = -1.4496873736E+05 -1.4496787785E+05 -1.4496749775E+05
           HessRho_EigVec1 = -2.3061432976E-01 -8.9067740280E-02  9.6896025128E-01
           HessRho_EigVec2 =  4.7030608563E-01  8.6155784433E-01  1.9112892690E-01
           HessRho_EigVec3 =  8.5183872695E-01 -4.9978497229E-01  1.5679848453E-01
           DelSqRho = -4.3490411296E+05
           Bond Ellipticity = NA
           V = -1.0873623047E+05
           G =  5.1011141525E+00
           K =  1.0873112935E+05
           L =  1.0872602824E+05
           Vnuc =  3.7779969105E+06
           Ven = -4.4449782590E+08
           Vrep =  4.4438908967E+08
           DelSqV =  2.4946299015E+09
           DelSqVen =  1.6430663926E+12
           DelSqVrep = -1.6405717299E+12
           DelSqG =  1.3399035188E+08
           DelSqK = -2.6286202534E+09
           Stress_EigVals = -3.6245682374E+04 -3.6245510634E+04 -3.6245037461E+04
           Stress_EigVec1 =  8.1324448877E-01 -5.6380303247E-01  1.4408172008E-01
           Stress_EigVec2 =  5.3171300677E-01  8.2054974215E-01  2.0971265839E-01
           Stress_EigVec3 = -2.3646285101E-01 -9.3937539060E-02  9.6708896119E-01
           -DivStress =  5.2969415676E+02 -1.1745874697E+03 -1.6243283647E+01
           ESP =  -1.4751379246E+01     ESP at Nucleus =  -1.4751379266E+01
           ESPe = -2.5072207342E+01     ESPe at Nucleus = -2.5072207640E+01
           ESPn =  1.0320828096E+01     ESPn at Nucleus =  1.0320828375E+01

CP# 4      Coords = -7.52279273686367E+00 -1.58869470898946E+00 -1.01313749587486E+00
           Type = (3,-3) NACP H4
           Rho =  4.3150486907E-01     Rho at Nucleus =  4.2794959673E-01
           GradRho =  1.2695563573E-10  3.7974042313E-11  3.5430964152E-11
           HessRho_EigVals = -6.5998626610E+00 -6.5915389476E+00 -6.0040292910E+00
           HessRho_EigVec1 = -2.9635248573E-01  9.5437788884E-01  3.6579358883E-02
           HessRho_EigVec2 = -2.3647646855E-01 -1.1043001040E-01  9.6534143836E-01
           HessRho_EigVec3 =  9.2533998294E-01  2.7743117723E-01  2.5841412090E-01
           DelSqRho = -1.9195430900E+01
           Bond Ellipticity = NA
           V = -4.8080505075E+00
           G =  4.5963913168E-03
           K =  4.8034541162E+00
           L =  4.7988577249E+00
           Vnuc =  3.9680787972E+01
           Ven = -1.7122453219E+01
           Vrep =  1.2314402711E+01
           DelSqV =  7.2385517747E+02
           DelSqVen =  7.6168982379E+02
           DelSqVrep = -3.7834646325E+01
           DelSqG =  7.1509382734E+01
           DelSqK = -7.9536456020E+02
           Stress_EigVals = -1.6530839014E+00 -1.6519693351E+00 -1.5029972710E+00
           Stress_EigVec1 = -2.8954578899E-01  9.5706498628E-01  1.3778538534E-02
           Stress_EigVec2 = -2.4345237054E-01 -8.7559386370E-02  9.6595253358E-01
           Stress_EigVec3 =  9.2568578868E-01  2.7633307059E-01  2.5835219128E-01
           -DivStress = -7.2392620334E+00 -2.1620879597E+00 -2.0197388630E+00
           ESP =  -1.1269069351E+00     ESP at Nucleus =  -1.1292876072E+00
           ESPe = -1.1385777369E+01     ESPe at Nucleus = -1.1304313626E+01
           ESPn =  1.0258870434E+01     ESPn at Nucleus =  1.0175026019E+01

CP# 5      Coords = -3.11413617408574E+00  2.92389503210921E+00  2.79867842885519E-01
           Type = (3,-3) NACP C5
           Rho =  1.1768119481E+02     Rho at Nucleus =  1.1768119475E+02
           GradRho =  5.9316079826E-11  1.9279283725E-10  3.6280020654E-11
           HessRho_EigVals = -1.4501277785E+05 -1.4501179048E+05 -1.4501157136E+05
           HessRho_EigVec1 = -9.2596450108E-02 -1.3157222000E-01  9.8697246585E-01
           HessRho_EigVec2 = -6.8568078987E-02  9.8972054821E-01  1.2550559746E-01
           HessRho_EigVec3 =  9.9333998005E-01  5.6053433203E-02  1.0066626374E-01
           DelSqRho = -4.3503613968E+05
           Bond Ellipticity = NA
           V = -1.0876928306E+05
           G =  5.1240714390E+00
           K =  1.0876415899E+05
           L =  1.0875903492E+05
           Vnuc =  6.4617181057E+06
           Ven = -7.6042270719E+08
           Vrep =  7.6031393791E+08
           DelSqV =  2.4953966368E+09
           DelSqVen =  2.8110806057E+12
           DelSqVrep = -2.8085850780E+12
           DelSqG =  1.3404226887E+08
           DelSqK = -2.6294389057E+09
           Stress_EigVals = -3.6256677678E+04 -3.6256576162E+04 -3.6256029224E+04
           Stress_EigVec1 =  9.4921299140E-01  2.8485810871E-01  1.3360596865E-01
           Stress_EigVec2 = -2.9811618688E-01  9.5004497195E-01  9.2419101913E-02
           Stress_EigVec3 = -1.0060534815E-01 -1.2755551411E-01  9.8671584296E-01
           -DivStress = -2.6473345426E+02 -6.9434889464E+02 -1.3965488774E+02
           ESP =  -1.4763485074E+01     ESP at Nucleus =  -1.4763485085E+01
           ESPe = -2.4731017677E+01     ESPe at Nucleus = -2.4731018691E+01
           ESPn =  9.9675326036E+00     ESPn at Nucleus =  9.9675336063E+00

CP# 6      Coords = -3.09784857018589E+00  4.92681141138283E+00  5.37239227227391E-01
           Type = (3,-3) NACP H6
           Rho =  4.2670828714E-01     Rho at Nucleus =  4.2308841264E-01
           GradRho = -4.9811802252E-11 -6.7434853500E-09 -8.6458473822E-10
           HessRho_EigVals = -6.5024951114E+00 -6.4964998761E+00 -5.9089515078E+00
           HessRho_EigVec1 =  9.9348548672E-01 -2.2605526013E-02  1.1169412639E-01
           HessRho_EigVec2 = -1.1365900740E-01 -1.2551850963E-01  9.8555909705E-01
           HessRho_EigVec3 =  8.2594015274E-03  9.9183370276E-01  1.2727013928E-01
           DelSqRho = -1.8907946495E+01
           Bond Ellipticity = NA
           V = -4.7364791352E+00
           G =  4.7462556919E-03
           K =  4.7317328795E+00
           L =  4.7269866238E+00
           Vnuc =  3.9203461893E+01
           Ven = -1.6728442074E+01
           Vrep =  1.1991962939E+01
           DelSqV =  7.1238185565E+02
           DelSqVen =  7.4125697125E+02
           DelSqVrep = -2.8875115605E+01
           DelSqG =  7.0160116404E+01
           DelSqK = -7.8254197205E+02
           Stress_EigVals = -1.6290778407E+00 -1.6285425318E+00 -1.4788587627E+00
           Stress_EigVec1 =  9.9579303247E-01 -2.1411933158E-02  8.9094139046E-02
           Stress_EigVec2 = -9.1091527883E-02 -1.2597213481E-01  9.8784277838E-01
           Stress_EigVec3 =  9.9282446470E-03  9.9180267713E-01  1.2739261984E-01
           -DivStress =  5.9374150138E-02  7.7714794425E+00  9.9672938457E-01
           ESP =  -1.1233094655E+00     ESP at Nucleus =  -1.1257313349E+00
           ESPe = -1.1388204998E+01     ESPe at Nucleus = -1.1310415571E+01
           ESPn =  1.0264895532E+01     ESPn at Nucleus =  1.0184684236E+01

CP# 7      Coords = -5.29518135671451E+00  1.69499663198087E+00 -1.12927802036802E-01
           Type = (3,-3) NACP C7
           Rho =  1.1765579735E+02     Rho at Nucleus =  1.1765579718E+02
           GradRho = -5.3897336594E-10 -6.2718585880E-10 -1.5146707499E-10
           HessRho_EigVals = -1.4497047128E+05 -1.4496958152E+05 -1.4496921170E+05
           HessRho_EigVec1 = -1.1861786457E-01 -1.0412424628E-01  9.8746541385E-01
           HessRho_EigVec2 = -2.4423261969E-01  9.6699311454E-01  7.2627432208E-02
           HessRho_EigVec3 =  9.6243453267E-01  2.3255635396E-01  1.4013319574E-01
           DelSqRho = -4.3490926451E+05
           Bond Ellipticity = NA
           V = -1.0873751384E+05
           G =  5.0988544321E+00
           K =  1.0873241498E+05
           L =  1.0872731613E+05
           Vnuc =  3.8965265090E+06
           Ven = -4.5844893332E+08
           Vrep =  4.5834019581E+08
           DelSqV =  2.4946592100E+09
           DelSqVen =  1.6946354913E+12
           DelSqVrep = -1.6921408321E+12
           DelSqG =  1.3399188168E+08
           DelSqK = -2.6286510917E+09
           Stress_EigVals = -3.6246110742E+04 -3.6245941944E+04 -3.6245461149E+04
           Stress_EigVec1 =  9.4118549640E-01  3.0544012060E-01  1.4448596504E-01
           Stress_EigVec2 = -3.1749224033E-01  9.4575881731E-01  6.8839936093E-02
           Stress_EigVec3 = -1.1562239703E-01 -1.1066432216E-01  9.8710935013E-01
           -DivStress =  7.9735675030E+02  9.3411849294E+02  2.2894397867E+02
           ESP =  -1.4750622169E+01     ESP at Nucleus =  -1.4750622188E+01
           ESPe = -2.5118920144E+01     ESPe at Nucleus = -2.5118920507E+01
           ESPn =  1.0368297975E+01     ESPn at Nucleus =  1.0368298319E+01

CP# 8      Coords = -7.00216742727845E+00  2.78524261368392E+00 -1.83040532248060E-01
           Type = (3,-3) NACP H8
           Rho =  4.3153203305E-01     Rho at Nucleus =  4.2797675567E-01
           GradRho =  4.3923198412E-15 -3.3271996269E-15  1.2099696245E-16
           HessRho_EigVals = -6.6004463020E+00 -6.5921546687E+00 -6.0045488006E+00
           HessRho_EigVec1 =  5.3007802082E-01  8.3031595500E-01  1.7202530832E-01
           HessRho_EigVec2 = -1.2115989285E-01 -1.2662499188E-01  9.8452343385E-01
           HessRho_EigVec3 =  8.3924821847E-01 -5.4271680119E-01  3.3479867056E-02
           DelSqRho = -1.9197149771E+01
           Bond Ellipticity = NA
           V = -4.8084650944E+00
           G =  4.5888258178E-03
           K =  4.8038762686E+00
           L =  4.7992874428E+00
           Vnuc =  3.9726709846E+01
           Ven = -1.7143347867E+01
           Vrep =  1.2334882772E+01
           DelSqV =  7.2392144230E+02
           DelSqVen =  7.6263959884E+02
           DelSqVrep = -3.8718156541E+01
           DelSqG =  7.1517498832E+01
           DelSqK = -7.9543894113E+02
           Stress_EigVals = -1.6532323843E+00 -1.6521032029E+00 -1.5031295072E+00
           Stress_EigVec1 =  5.3186227563E-01  8.3377157095E-01  1.4814684352E-01
           Stress_EigVec2 = -1.0833317168E-01 -1.0651456322E-01  9.8839191201E-01
           Stress_EigVec3 =  8.3987287352E-01 -5.4173758897E-01  3.3674040756E-02
           -DivStress = -6.5685720828E+00  4.2368036862E+00 -2.6414638401E-01
           ESP =  -1.1263259336E+00     ESP at Nucleus =  -1.1287064105E+00
           ESPe = -1.1429895123E+01     ESPe at Nucleus = -1.1348361950E+01
           ESPn =  1.0303569189E+01     ESPn at Nucleus =  1.0219655539E+01

CP# 9      Coords =  5.22384772901548E+00 -3.30038927018573E-01 -1.96872599810232E+00
           Type = (3,-3) NACP C9
           Rho =  1.1764714610E+02     Rho at Nucleus =  1.1764714566E+02
           GradRho = -7.3278486404E-10 -6.2118821198E-10  3.1040878756E-09
           HessRho_EigVals = -1.4496015051E+05 -1.4495966368E+05 -1.4495854378E+05
           HessRho_EigVec1 =  9.4329162526E-01 -3.3078208525E-01 -2.8002174721E-02
           HessRho_EigVec2 =  6.7242765534E-02  1.0778774993E-01  9.9189727868E-01
           HessRho_EigVec3 =  3.2508355878E-01  9.3753133977E-01 -1.2391798401E-01
           DelSqRho = -4.3487835797E+05
           Bond Ellipticity = NA
           V = -1.0872995864E+05
           G =  5.1845734471E+00
           K =  1.0872477407E+05
           L =  1.0871958949E+05
           Vnuc =  2.4409326262E+06
           Ven = -2.8716875728E+08
           Vrep =  2.8706002732E+08
           DelSqV =  2.4944850384E+09
           DelSqVen =  1.0615087596E+12
           DelSqVrep = -1.0590142745E+12
           DelSqG =  1.3398310425E+08
           DelSqK = -2.6284681426E+09
           Stress_EigVals = -3.6243631220E+04 -3.6243378222E+04 -3.6242949198E+04
           Stress_EigVec1 =  2.6653647027E-01  7.8750522172E-01  5.5569221317E-01
           Stress_EigVec2 = -2.0984990466E-01 -5.1530174431E-01  8.3091944846E-01
           Stress_EigVec3 =  9.4070257123E-01 -3.3808229483E-01  2.7911187645E-02
           -DivStress =  4.4274251704E+02  3.7999636339E+02 -1.9164836520E+03
           ESP =  -1.4717705663E+01     ESP at Nucleus =  -1.4717705678E+01
           ESPe = -2.5114388437E+01     ESPe at Nucleus = -2.5114384792E+01
           ESPn =  1.0396682775E+01     ESPn at Nucleus =  1.0396679115E+01

CP# 10     Coords =  5.84746503603654E+00  1.50682354417930E+00 -4.50749590988028E-01
           Type = (3,-3) NACP C10
           Rho =  1.1765702290E+02     Rho at Nucleus =  1.1765702260E+02
           GradRho = -9.2571161847E-10 -1.3955361311E-09  8.1478523928E-10
           HessRho_EigVals = -1.4497381059E+05 -1.4497328468E+05 -1.4497214159E+05
           HessRho_EigVec1 =  9.6754334278E-01 -2.5181435691E-01 -2.1199280472E-02
           HessRho_EigVec2 =  2.4943376879E-01  9.6510632740E-01 -7.9703022471E-02
           HessRho_EigVec3 =  4.0529925067E-02  7.1828312368E-02  9.9659320624E-01
           DelSqRho = -4.3491923686E+05
           Bond Ellipticity = NA
           V = -1.0874016614E+05
           G =  5.1784614722E+00
           K =  1.0873498768E+05
           L =  1.0872980922E+05
           Vnuc =  2.9424504169E+06
           Ven = -3.4619995608E+08
           Vrep =  3.4609121592E+08
           DelSqV =  2.4947198231E+09
           DelSqVen =  1.2797282550E+12
           DelSqVrep = -1.2772335270E+12
           DelSqG =  1.3399716417E+08
           DelSqK = -2.6287169873E+09
           Stress_EigVals = -3.6247029639E+04 -3.6246791714E+04 -3.6246344786E+04
           Stress_EigVec1 =  2.3689823687E-01  6.8790906086E-01  6.8604690026E-01
           Stress_EigVec2 = -2.2514585400E-01 -6.4805210941E-01  7.2755605139E-01
           Stress_EigVec3 =  9.4508654090E-01 -3.2681736104E-01  1.3574708636E-03
           -DivStress =  7.8651081626E+02  1.2683202262E+03 -7.3264565401E+02
           ESP =  -1.4718456024E+01     ESP at Nucleus =  -1.4718456034E+01
           ESPe = -2.4945509976E+01     ESPe at Nucleus = -2.4945506874E+01
           ESPn =  1.0227053953E+01     ESPn at Nucleus =  1.0227050841E+01

CP# 11     Coords =  4.79753356964575E+00 -8.17508908562852E-01  7.46124155880193E-01
           Type = (3,-3) NACP C11
           Rho =  1.1738387093E+02     Rho at Nucleus =  1.1738386881E+02
           GradRho =  3.5989794478E-11 -1.7419399256E-13  7.2748473912E-12
           HessRho_EigVals = -1.4460704123E+05 -1.4460557328E+05 -1.4460452844E+05
           HessRho_EigVec1 =  8.7479813385E-01  1.4224420936E-01 -4.6313584392E-01
           HessRho_EigVec2 = -4.1625706223E-01  7.0980781377E-01 -5.6824548010E-01
           HessRho_EigVec3 =  2.4790781181E-01  6.8988365136E-01  6.8014870758E-01
           DelSqRho = -4.3381714295E+05
           Bond Ellipticity = NA
           V = -1.0846437890E+05
           G =  5.0465822272E+00
           K =  1.0845933232E+05
           L =  1.0845428574E+05
           Vnuc =  1.1089950127E+06
           Ven = -1.3017812743E+08
           Vrep =  1.3006966305E+08
           DelSqV =  2.4883888974E+09
           DelSqVen =  4.8110104781E+11
           DelSqVrep = -4.7861265891E+11
           DelSqG =  1.3362675287E+08
           DelSqK = -2.6220156503E+09
           Stress_EigVals = -3.6154983979E+04 -3.6154929721E+04 -3.6154465201E+04
           Stress_EigVec1 =  3.7665189538E-01  3.0449345043E-01  8.7488118528E-01
           Stress_EigVec2 = -2.4335423372E-01  9.4378697655E-01 -2.2370708489E-01
           Stress_EigVec3 =  8.9381881085E-01  1.2864634291E-01 -4.2957892386E-01
           -DivStress =  3.3849760433E+03 -2.2953457513E+03  1.5844927418E+03
           ESP =  -1.4661768010E+01     ESP at Nucleus =  -1.4661768129E+01
           ESPe = -2.6254059809E+01     ESPe at Nucleus = -2.6254053202E+01
           ESPn =  1.1592291799E+01     ESPn at Nucleus =  1.1592285074E+01

CP# 12     Coords =  5.02208802546861E+00 -1.04035432225869E+00 -3.83362245445556E+00
           Type = (3,-3) NACP H12
           Rho =  4.1414395541E-01     Rho at Nucleus =  4.1025765237E-01
           GradRho =  6.4999110087E-10  2.2673718710E-09  5.9538887093E-09
           HessRho_EigVals = -6.3313469832E+00 -6.3289437956E+00 -5.7126422644E+00
           HessRho_EigVec1 =  4.3925046016E-01  8.2377376348E-01 -3.5840733788E-01
           HessRho_EigVec2 = -8.9270930854E-01  4.4493895704E-01 -7.1410188074E-02
           HessRho_EigVec3 =  1.0064354773E-01  3.5132052474E-01  9.3083014841E-01
           DelSqRho = -1.8372933043E+01
           Bond Ellipticity = NA
           V = -4.6021597157E+00
           G =  4.4632274637E-03
           K =  4.5976964883E+00
           L =  4.5932332608E+00
           Vnuc =  3.7835953196E+01
           Ven = -1.5669531313E+01
           Vrep =  1.1067371597E+01
           DelSqV =  6.9128166025E+02
           DelSqVen =  6.9515744435E+02
           DelSqVrep = -3.8757841039E+00
           DelSqG =  6.8271039198E+01
           DelSqK = -7.5955269945E+02
           Stress_EigVals = -1.5864531365E+00 -1.5856858951E+00 -1.4300206841E+00
           Stress_EigVec1 =  2.6084594406E-01  8.9254408790E-01 -3.6786470966E-01
           Stress_EigVec2 =  9.6006398349E-01 -2.7977371864E-01  1.9529397426E-03
           Stress_EigVec3 =  1.0117579296E-01  3.5368307495E-01  9.2987727223E-01
           -DivStress = -8.1656041596E-01 -2.8485705063E+00 -7.4534427764E+00
           ESP =  -1.0607683959E+00     ESP at Nucleus =  -1.0634777598E+00
           ESPe = -1.1395191287E+01     ESPe at Nucleus = -1.1312451555E+01
           ESPn =  1.0334422891E+01     ESPn at Nucleus =  1.0248973795E+01

CP# 13     Coords =  6.52316817970303E+00  3.37880036764125E+00 -1.98758773611766E-01
           Type = (3,-3) NACP H13
           Rho =  4.1404877935E-01     Rho at Nucleus =  4.1019375863E-01
           GradRho = -2.0959004059E-09 -5.8028394381E-09 -7.7636371464E-10
           HessRho_EigVals = -6.3281471660E+00 -6.3261912966E+00 -5.7134583331E+00
           HessRho_EigVec1 = -2.5127056135E-01 -3.5406776824E-02  9.6726907588E-01
           HessRho_EigVec2 =  9.0740603504E-01 -3.5641395697E-01  2.2267325581E-01
           HessRho_EigVec3 =  3.3686405652E-01  9.3365703094E-01  1.2168465802E-01
           DelSqRho = -1.8367796796E+01
           Bond Ellipticity = NA
           V = -4.6010864462E+00
           G =  4.5686236502E-03
           K =  4.5965178226E+00
           L =  4.5919491989E+00
           Vnuc =  3.7664212708E+01
           Ven = -1.5594821297E+01
           Vrep =  1.0993734851E+01
           DelSqV =  6.9120984949E+02
           DelSqVen =  6.9180861494E+02
           DelSqVrep = -5.9876545382E-01
           DelSqG =  6.8251027374E+01
           DelSqK = -7.5946087686E+02
           Stress_EigVals = -1.5858437863E+00 -1.5850013331E+00 -1.4302413268E+00
           Stress_EigVec1 =  8.9223046089E-03 -1.3572465265E-01  9.9070642026E-01
           Stress_EigVec2 =  9.4150230186E-01 -3.3264386501E-01 -5.4050667550E-02
           Stress_EigVec3 =  3.3688842081E-01  9.3323463166E-01  1.2481712300E-01
           -DivStress =  2.6922031389E+00  7.4513993549E+00  1.0076012335E+00
           ESP =  -1.0583319358E+00     ESP at Nucleus =  -1.0610230116E+00
           ESPe = -1.1110958698E+01     ESPe at Nucleus = -1.1027228116E+01
           ESPn =  1.0052626762E+01     ESPn at Nucleus =  9.9662051047E+00

CP# 14     Coords = -1.32974089413026E+00  1.98254513869125E+00  3.55657157262522E-01
           Type = (3,-3) NACP H14
           Rho =  4.2006295539E-01     Rho at Nucleus =  4.1619768099E-01
           GradRho = -4.2139083889E-10  2.2404897382E-10 -1.7741978026E-11
           HessRho_EigVals = -6.3820827528E+00 -6.3762365571E+00 -5.7704660020E+00
           HessRho_EigVec1 =  4.5567959757E-01  8.7283742656E-01  1.7467378496E-01
           HessRho_EigVec2 = -1.1437967261E-01 -1.3718974388E-01  9.8391883032E-01
           HessRho_EigVec3 =  8.8276463163E-01 -4.6833086698E-01  3.7320291812E-02
           DelSqRho = -1.8528785312E+01
           Bond Ellipticity = NA
           V = -4.6418575949E+00
           G =  4.8306334706E-03
           K =  4.6370269614E+00
           L =  4.6321963280E+00
           Vnuc =  4.0118433911E+01
           Ven = -1.6852267914E+01
           Vrep =  1.2210410319E+01
           DelSqV =  6.9665325103E+02
           DelSqVen =  7.4334584972E+02
           DelSqVrep = -4.6692598685E+01
           DelSqG =  6.8460661862E+01
           DelSqK = -7.6511391289E+02
           Stress_EigVals = -1.5988323507E+00 -1.5983546730E+00 -1.4446705712E+00
           Stress_EigVec1 =  4.5909010154E-01  8.7913683889E-01  1.2788548460E-01
           Stress_EigVec2 = -9.2439732829E-02 -9.5898375493E-02  9.9108950018E-01
           Stress_EigVec3 =  8.8356730047E-01 -4.6682107930E-01  3.7241179565E-02
           -DivStress =  7.0777293917E+00 -3.7620641297E+00  2.9844245221E-01
           ESP =  -1.1272513831E+00     ESP at Nucleus =  -1.1298458232E+00
           ESPe = -1.3537623045E+01     ESPe at Nucleus = -1.3496955973E+01
           ESPn =  1.2410371662E+01     ESPn at Nucleus =  1.2367110150E+01

CP# 15     Coords = -1.98830005559819E+00 -2.47165057909223E+00  2.96676244781684E-01
           Type = (3,-3) NACP H15
           Rho =  4.1982045433E-01     Rho at Nucleus =  4.1593823521E-01
           GradRho = -8.2343072493E-09 -1.6739105171E-09 -2.3003333149E-09
           HessRho_EigVals = -6.3775655510E+00 -6.3717846465E+00 -5.7645821602E+00
           HessRho_EigVec1 = -2.1695641533E-01  9.7368966924E-01  6.9701806734E-02
           HessRho_EigVec2 = -2.4379905634E-01 -1.2318591362E-01  9.6197050413E-01
           HessRho_EigVec3 =  9.4524702273E-01  1.9171243752E-01  2.6411059676E-01
           DelSqRho = -1.8513932358E+01
           Bond Ellipticity = NA
           V = -4.6380222015E+00
           G =  4.7695560582E-03
           K =  4.6332526455E+00
           L =  4.6284830894E+00
           Vnuc =  3.9790566181E+01
           Ven = -1.6704893572E+01
           Vrep =  1.2066871371E+01
           DelSqV =  6.9599489310E+02
           DelSqVen =  7.3667986404E+02
           DelSqVrep = -4.0684970937E+01
           DelSqG =  6.8387157231E+01
           DelSqK = -7.6438205033E+02
           Stress_EigVals = -1.5977012102E+00 -1.5971991023E+00 -1.4431218890E+00
           Stress_EigVec1 = -2.0572397319E-01  9.7805623973E-01  3.2918669268E-02
           Stress_EigVec2 = -2.5224244693E-01 -8.5498100953E-02  9.6387956857E-01
           Stress_EigVec3 =  9.4554291009E-01  1.8998964884E-01  2.6429630817E-01
           -DivStress =  7.5950129480E+00  1.5420465478E+00  2.1217287000E+00
           ESP =  -1.1286334129E+00     ESP at Nucleus =  -1.1312441859E+00
           ESPe = -1.3283637181E+01     ESPe at Nucleus = -1.3240828225E+01
           ESPn =  1.2155003768E+01     ESPn at Nucleus =  1.2109584039E+01

CP# 16     Coords =  2.25080948839236E+00 -8.79231356128756E-01  1.60378013529267E+00
           Type = (3,-3) NACP O16
           Rho =  2.8988855279E+02     Rho at Nucleus =  2.8988852333E+02
           GradRho =  6.3597127564E-11  2.3744076150E-11 -3.9524827855E-11
           HessRho_EigVals = -6.3917572517E+05 -6.3916351038E+05 -6.3914827990E+05
           HessRho_EigVec1 = -5.8585959484E-01  1.0321876349E-01  8.0381242961E-01
           HessRho_EigVec2 =  8.0510820722E-01  1.8742620847E-01  5.6273634239E-01
           HessRho_EigVec3 = -9.2570566575E-02  9.7684046970E-01 -1.9290771618E-01
           DelSqRho = -1.9174875155E+06
           Bond Ellipticity = NA
           V = -4.7946550938E+05
           G =  4.6815256251E+01
           K =  4.7941869412E+05
           L =  4.7937187886E+05
           Vnuc =  8.3322340612E+05
           Ven = -2.4154192735E+08
           Vrep =  2.4106246185E+08
           DelSqV =  1.9773317391E+10
           DelSqVen =  1.5976954797E+12
           DelSqVrep = -1.5779221620E+12
           DelSqG =  1.0572439303E+09
           DelSqK = -2.0830561321E+10
           Stress_EigVals = -1.5982530838E+05 -1.5982137229E+05 -1.5981882870E+05
