AIMSum (Version 19.02.13, Professional)
Copyright (c) 1997-2019 by Todd A. Keith
AIMSum is a component of the AIMAll package ( http://aim.tkgristmill.com )

TP:  64-bit Linux

Much of the Quantum Theory of Atoms in Molecules (QTAIM) is described in the book:
  "Atoms in Molecules - A Quantum Theory"
  R.F.W. Bader, Oxford University Press, Oxford, 1990

For additional references see:  http://aim.tkgristmill.com/references.html

Wfn File:  /home/mhennefarth/Documents/ML_Diels/summary-levandowski2016/27-opt/27-opt.wfn
Sum File:  /home/mhennefarth/Documents/ML_Diels/summary-levandowski2016/27-opt/27-opt.sum

SumViz File:  /home/mhennefarth/Documents/ML_Diels/summary-levandowski2016/27-opt/27-opt.sumviz

Wfn Title:   Title Card Required                                                           
 
Total memory allocated for AIMSum =        0.799 Megabytes

Atomic units (a.u.) used throughout, except where stated otherwise

Model:  Restricted SCF
 
Restricted, closed-shell, single-determinant wavefunction.
  Number of electrons (from MO Occs)                   =          60.0000000000
  Number of Alpha electrons (from MO Occs)             =          30.0000000000
  Number of Beta electrons (from MO Occs)              =          30.0000000000
  Number of electron pairs (N*(N-1)/2)                 =        1770.0000000000
  Number of electron pairs (from Muller 2EDM)          =        1770.0000000000
 
Nuclear Charges and Cartesian Coordinates:
-------------------------------------------------------------------------------
Atom      Charge                X                  Y                  Z
-------------------------------------------------------------------------------
C1         6.0          -6.2042002900E+00  -2.4930286900E+00  -2.5643869000E-01
H2         1.0          -7.4216339400E+00  -3.9283197700E+00  -1.0747773900E+00
C3         6.0          -5.7966881900E+00  -2.8588189000E-01  -1.4251480000E+00
H4         1.0          -6.6543540100E+00   2.3302910000E-02  -3.2727328300E+00
C5         6.0          -3.8162500800E+00   2.3552785500E+00   1.9683363700E+00
H6         1.0          -2.6151217200E+00   3.9260507500E+00   2.5191232600E+00
C7         6.0          -4.2283791600E+00   1.7996699200E+00  -4.6936730000E-01
H8         1.0          -3.3834408100E+00   3.0101428300E+00  -1.9072725900E+00
C9         6.0           4.9388216300E+00  -1.6707288400E+00   1.7457691400E+00
H10        1.0           5.8199931700E+00  -2.4992967800E+00   3.3917421700E+00
C11        6.0           2.9371167000E+00  -6.9043869000E-01   6.7711550000E-01
H12        1.0           9.7731696000E-01  -1.2008440000E-01   7.9558162000E-01
C13        6.0           5.2605437100E+00  -7.4256319000E-01  -8.5205097000E-01
H14        1.0          -4.6973906300E+00   1.2885822900E+00   3.4873836400E+00
H15        1.0          -5.3214456700E+00  -2.9495074900E+00   1.5420436600E+00
H16        1.0           5.5450430700E+00  -1.9535109500E+00  -2.4946373200E+00
F17        9.0           6.5783608600E+00   1.5076441800E+00  -1.2573056100E+00
 
Some Atomic Properties:
----------------------
  q(A) = Net Charge of Atom A
  L(A) = Lagrangian of Atom A = -(1/4) Times Atomic Integral of the Laplacian of the Electron Density
  K(A) = Electronic Kinetic Energy of Atom A (Hamiltonian Form)
  K_Scaled(A) = K(A) * E(Mol)/K(Mol) = Approximation to Virial-Based Total Energy of Atom A.
  |Mu_Intra(A)| = Magnitude of Intraatomic Dipole Moment of Atom A
--------------------------------------------------------------------------------------------------
Atom A          q(A)              L(A)              K(A)          K_Scaled(A)      |Mu_Intra(A)|
--------------------------------------------------------------------------------------------------
C1       -8.4697604800E-02  1.6746013161E-04  3.7704229666E+01 -3.8048050766E+01  1.0971369838E-01
H2        4.5829592970E-02  2.2632316573E-05  5.9355888495E-01 -5.9897148906E-01  1.4729448768E-01
C3       -2.8843853100E-02  6.9773152547E-05  3.7700892889E+01 -3.8044683561E+01  7.6925572565E-02
H4        3.6187664060E-02  2.5905655119E-05  6.0127882403E-01 -6.0676182550E-01  1.5064396163E-01
C5       -9.5552550400E-02 -5.1158104724E-05  3.7707008673E+01 -3.8050855114E+01  1.1751726605E-01
H6        4.8200682450E-02  2.7243447682E-05  5.9234569800E-01 -5.9774723919E-01  1.4676824718E-01
C7       -3.5352152500E-02 -9.1215683376E-05  3.7703484172E+01 -3.8047298474E+01  8.0810807672E-02
H8        3.8395699640E-02  2.3711738879E-05  6.0034418630E-01 -6.0581866490E-01  1.4999470723E-01
C9       -1.2801465820E-01 -5.8230021227E-05  3.7773286870E+01 -3.8117737695E+01  2.5144495317E-01
H10       1.1486077046E-01  1.7240301516E-05  5.5860861867E-01 -5.6370251481E-01  1.4403422842E-01
C11      -1.2638158020E-01 -4.9378129425E-05  3.7773728280E+01 -3.8118183130E+01  2.8250087281E-01
H12       1.3496632962E-01  1.2741350170E-05  5.4917396846E-01 -5.5418183096E-01  1.3714365933E-01
C13       5.8985669300E-01 -4.2741351065E-05  3.7283274844E+01 -3.7623257299E+01  5.7418054224E-01
H14       4.4444389020E-02  2.6139666030E-05  5.9316604202E-01 -5.9857506384E-01  1.4768067250E-01
H15       4.1219209690E-02  1.6375127509E-05  5.9442243279E-01 -5.9984291152E-01  1.4846545932E-01
H16       4.9700270170E-02  2.4050798207E-05  6.0231098338E-01 -6.0780339701E-01  1.5620314444E-01
F17      -6.4472885390E-01  4.6558844963E-05  9.9555594399E+01 -1.0046343191E+02  2.5102033450E-01
--------------------------------------------------------------------------------------------------
Total     9.0047980000E-05  1.8710924099E-04  3.6848670943E+02 -3.7184690289E+02
 
1st Largest |L(A)| = 1.6746013161E-04, atom C1      
2nd Largest |L(A)| = 9.1215683376E-05, atom C7      
 
Molecular charge q(Mol) from the wfn file:   0.0000000000E+00
Molecular energy E(Mol) from the wfn file:  -3.7184682724E+02
Molecular virial ratio (-V(Mol)/T(Mol)) from the wfn file:   2.0091189000E+00
Note.  K_Scaled(A) = (1+V(Mol)/T(Mol))*K(A) = (E(Mol)/T(Mol))*K(A)
       Only use K_Scaled(A) data with caution.
 
N_AIMInt(SumA)     =         59.999910
N_Analytic(Mol)    =         59.999990
 
G_AIMInt(SumA)     =        368.486522
G_Analytic(Mol)    =        368.486610
 
K_AIMInt(SumA)     =        368.486709
K_Analytic(Mol)    =        368.486610
 
L_AIMInt(SumA)     =          0.000187
L_Analytic(Mol)    =          0.000000
 
VenT_AIMInt(SumA)  =      -1465.678991
VenT_Analytic(Mol) =      -1465.678659
 
Some Information About the Atomic Calculations:
----------------------------------------------
  Time(sec) = "Elapsed User Time", in Seconds, for Atom A by AIMInt and, if used, by TWOe
  NProc = Number of Processors Used for AIMInt Job
  BIM = Basin Integration Method
  OAQ = Angular Quadrature Outside of Beta Sphere
  ORQ = Multiple of Default for Radial Quadrature Outside of Beta Sphere
  IAQ = Multiple of Default for Angular Quadrature Inside of Beta Sphere
  IRQ = Multiple of Default for Radial Quadrature Inside of Beta Sphere
  MIR = Maximum Integration Radius
------------------------------------------------------------------------------------------------------
Atom A     Time(sec)   NProc      BIM          OAQ                     ORQ      IAQ      IRQ      MIR
------------------------------------------------------------------------------------------------------
C1             22        8     Proaim(5)    4500(GS4)                  1.00     1.00     1.00    13.00
H2              5        8     Proaim(5)    1800(GS4)                  1.00     1.00     1.00    13.00
C3             26        8     Proaim(5)    4500(GS4)                  1.00     1.00     1.00    13.00
H4              6        8     Proaim(5)    1800(GS4)                  1.00     1.00     1.00    13.00
C5             39        8     Proaim(5)    4500(GS4)                  1.00     1.00     1.00    13.00
H6              7        8     Proaim(5)    1800(GS4)                  1.00     1.00     1.00    13.00
C7             33        8     Proaim(5)    4500(GS4)                  1.00     1.00     1.00    13.00
H8              5        8     Proaim(5)    1800(GS4)                  1.00     1.00     1.00    13.00
C9             19        8     Proaim(5)    4500(GS4)                  1.00     1.00     1.00    13.00
H10             5        8     Proaim(5)    1800(GS4)                  1.00     1.00     1.00    13.00
C11            19        8     Proaim(5)    4500(GS4)                  1.00     1.00     1.00    13.00
H12            15        8     Proaim(5)    4500(GS4)                  1.00     1.00     1.00    13.00
C13            20        8     Proaim(5)    4500(GS4)                  1.00     1.00     1.00    13.00
H14             7        8     Proaim(5)    1800(GS4)                  1.00     1.00     1.00    13.00
H15             7        8     Proaim(5)    1800(GS4)                  1.00     1.00     1.00    13.00
H16             5        8     Proaim(5)    1800(GS4)                  1.00     1.00     1.00    13.00
F17             8        8     Proaim(5)    2700(GS4)                  1.00     1.00     1.00    13.00
------------------------------------------------------------------------------------------------------
Total         248
Note:  Total wall clock time is less than total of atomic times if more than one atom
       was calculated at a time
 
Electron Density Critical Point Analysis of Molecular Structure:               
---------------------------------------------------------------                
  NACP = Nuclear Attractor Critical Point                                      
  NNACP = Non-Nuclear Attractor Critical Point                                 
  BCP = Bond Critical Point                                                    
  RCP = Ring Critical Point                                                    
  CCP = Cage Critical Point                                                    
  Rho = Electron Density                                                       
  GradRho = Gradient of Electron Density                                       
  HessRho_EigVals = Eigenvalues of the Hessian of Rho, Ascending Order         
  HessRho_EigVecs = Eigenvectors of the Hessian of Rho                         
  DelSqRho = Laplacian of Rho = Trace of Hessian of Rho                        
  Bond Ellipticity = (HessRho_EigVal(1) / HessRho_EigVal(2)) - 1               
  V = Virial Field = Potential Energy Density = Trace of Stress Tensor         
  G = Lagrangian Form of Kinetic Energy Density                                
  K = Hamiltonian Form of Kinetic Energy Density                               
  L = K - G = Lagrangian Density = (-1/4)DelSqRho                              
  Vnuc = Electrostatic Potential from Nuclei                                   
  Ven = Electron-nuclear attractive contribution to Virial Field V             
  Vrep = V - Ven = Repulsive contribution to Virial Field V                    
  DelSqV = Laplacian of V                                                      
  DelSqVen = Laplacian of Ven                                                  
  DelSqVrep = Laplacian of Vrep                                                
  DelSqG = Laplacian of G                                                      
  DelSqK = Laplacian of K                                                      
  Stress_EigVals = Eigenvalues of Stress Tensor, Ascending Order               
  Stress_EigVecs = Eigenvectors of Stress Tensor                               
  -DivStress = Ehrenfest Force Density = Minus Divergence of Stress Tensor     
  ESP = Total Electrostatic Potential                                          
  ESPe = Electrostatic Potential from Electrons                                
  ESPn = Electrostatic Potential from Nuclei                                   
  BP = Bond Path                                                               
  BPL = Bond Path Length                                                       
  GBL = Geometric Bond Length                                                  
  GBL_I = Distance Between Nuclear Attractors                                  
  GBL_II = Distance Between Nuclei                                             
  GBL_III = Sum of Distances Between BCP and Nuclear Attractors                
  GBL_IV = Sum of Distances Between BCP and Nuclei                             

CP# 1      Coords = -6.20420056655321E+00 -2.49302941914613E+00 -2.56438245786906E-01
           Type = (3,-3) NACP C1
           Rho =  1.1767713707E+02     Rho at Nucleus =  1.1767713701E+02
           GradRho =  4.7512827006E-12 -1.0802875261E-10  7.7913078766E-11
           HessRho_EigVals = -1.4500458153E+05 -1.4500361348E+05 -1.4500345015E+05
           HessRho_EigVec1 =  7.6383732470E-01 -3.7088683146E-01 -5.2820024578E-01
           HessRho_EigVec2 =  6.2691582818E-01  2.3185993245E-01  7.4378593432E-01
           HessRho_EigVec3 =  1.5339193516E-01  8.9926855275E-01 -4.0961809562E-01
           DelSqRho = -4.3501164516E+05
           Bond Ellipticity = NA
           V = -1.0876314677E+05
           G =  5.1177404809E+00
           K =  1.0875802903E+05
           L =  1.0875291129E+05
           Vnuc =  6.6854334083E+06
           Ven = -7.8672266353E+08
           Vrep =  7.8661390039E+08
           DelSqV =  2.4952531171E+09
           DelSqVen =  2.9082410680E+12
           DelSqVrep = -2.9057457494E+12
           DelSqG =  1.3403154799E+08
           DelSqK = -2.6292846651E+09
           Stress_EigVals = -3.6254629321E+04 -3.6254525841E+04 -3.6253991609E+04
           Stress_EigVec1 =  1.8266750340E-01  8.9754330858E-01 -4.0130859999E-01
           Stress_EigVec2 =  6.0370791738E-01  2.1976771305E-01  7.6631514588E-01
           Stress_EigVec3 =  7.7599570469E-01 -3.8225405364E-01 -5.0170958211E-01
           -DivStress =  2.2469152821E+02  5.9408694467E+02 -3.6044877105E+02
           ESP =  -1.4738927216E+01     ESP at Nucleus =  -1.4738927228E+01
           ESPe = -2.3746247111E+01     ESPe at Nucleus = -2.3746248222E+01
           ESPn =  9.0073198944E+00     ESPn at Nucleus =  9.0073209936E+00

CP# 2      Coords = -7.40078659004476E+00 -3.90381588236938E+00 -1.06073420454143E+00
           Type = (3,-3) NACP H2
           Rho =  4.2531144977E-01     Rho at Nucleus =  4.2159480085E-01
           GradRho = -2.4674273041E-15  1.2103490953E-15  5.5044944297E-16
           HessRho_EigVals = -6.4765770944E+00 -6.4703483743E+00 -5.8741131075E+00
           HessRho_EigVec1 =  1.5505990198E-01 -5.8609063938E-01  7.9526988453E-01
           HessRho_EigVec2 =  7.8976271822E-01 -4.1007194860E-01 -4.5619715681E-01
           HessRho_EigVec3 =  5.9349075453E-01  6.9881239214E-01  3.9928682032E-01
           DelSqRho = -1.8821038576E+01
           Bond Ellipticity = NA
           V = -4.7145022210E+00
           G =  4.6212884787E-03
           K =  4.7098809325E+00
           L =  4.7052596441E+00
           Vnuc =  3.7850091669E+01
           Ven = -1.6098077361E+01
           Vrep =  1.1383575140E+01
           DelSqV =  7.0858073016E+02
           DelSqVen =  7.1237803541E+02
           DelSqVrep = -3.7973052555E+00
           DelSqG =  6.9745811672E+01
           DelSqK = -7.7832654183E+02
           Stress_EigVals = -1.6224466530E+00 -1.6219604105E+00 -1.4700951575E+00
           Stress_EigVec1 =  2.3874097594E-01 -6.2517446600E-01  7.4307444679E-01
           Stress_EigVec2 =  7.6887504805E-01 -3.4570495345E-01 -5.3788404479E-01
           Stress_EigVec3 =  5.9315588751E-01  6.9974636278E-01  3.9814710961E-01
           -DivStress = -4.7052224085E+00 -5.5314199140E+00 -3.1685775420E+00
           ESP =  -1.1022268702E+00     ESP at Nucleus =  -1.1047132376E+00
           ESPe = -1.0465221444E+01     ESPe at Nucleus = -1.0387944569E+01
           ESPn =  9.3629945738E+00     ESPn at Nucleus =  9.2832313312E+00

CP# 3      Coords = -5.79668746777844E+00 -2.85880460579241E-01 -1.42514815124250E+00
           Type = (3,-3) NACP C3
           Rho =  1.1765639971E+02     Rho at Nucleus =  1.1765639952E+02
           GradRho =  4.7765399448E-10  8.3169672364E-10 -7.7890012148E-11
           HessRho_EigVals = -1.4497122830E+05 -1.4497032531E+05 -1.4496998067E+05
           HessRho_EigVec1 =  8.3494912310E-01 -3.6457431131E-01 -4.1224450677E-01
           HessRho_EigVec2 =  5.5006591519E-01  5.7594262936E-01  6.0474587773E-01
           HessRho_EigVec3 =  1.6954373276E-02 -7.3169369221E-01  6.8142269555E-01
           DelSqRho = -4.3491153428E+05
           Bond Ellipticity = NA
           V = -1.0873810161E+05
           G =  5.1090170329E+00
           K =  1.0873299259E+05
           L =  1.0872788357E+05
           Vnuc =  3.7298693740E+06
           Ven = -4.3884300192E+08
           Vrep =  4.3873426382E+08
           DelSqV =  2.4946724292E+09
           DelSqVen =  1.6221633249E+12
           DelSqVrep = -1.6196686525E+12
           DelSqG =  1.3399262122E+08
           DelSqK = -2.6286650505E+09
           Stress_EigVals = -3.6246305166E+04 -3.6246141018E+04 -3.6245655422E+04
           Stress_EigVec1 =  2.8868907248E-02  7.7868025624E-01 -6.2675644770E-01
           Stress_EigVec2 =  5.7024575333E-01  5.0214576091E-01  6.5013030664E-01
           Stress_EigVec3 =  8.2096672710E-01 -3.7617375419E-01 -4.2954270993E-01
           -DivStress = -5.8780853610E+02 -1.1602790369E+03  1.1923221641E+02
           ESP =  -1.4729099830E+01     ESP at Nucleus =  -1.4729099849E+01
           ESPe = -2.4860932444E+01     ESPe at Nucleus = -2.4860932272E+01
           ESPn =  1.0131832614E+01     ESPn at Nucleus =  1.0131832423E+01

CP# 4      Coords = -6.63994336080783E+00  1.82932733697811E-02 -3.24190657339975E+00
           Type = (3,-3) NACP H4
           Rho =  4.2881536479E-01     Rho at Nucleus =  4.2520137262E-01
           GradRho =  7.1264760586E-12 -2.4723302832E-12  1.5242584321E-11
           HessRho_EigVals = -6.5552821144E+00 -6.5475275519E+00 -5.9560019302E+00
           HessRho_EigVec1 =  4.4707706311E-01  8.9215208496E-01 -6.4705153986E-02
           HessRho_EigVec2 =  7.9008593449E-01 -4.2777323943E-01 -4.3906066979E-01
           HessRho_EigVec3 =  4.1938802530E-01 -1.4517132272E-01  8.9612441731E-01
           DelSqRho = -1.9058811596E+01
           Bond Ellipticity = NA
           V = -4.7737582368E+00
           G =  4.5276688397E-03
           K =  4.7692305680E+00
           L =  4.7647028991E+00
           Vnuc =  3.9327603572E+01
           Ven = -1.6864280672E+01
           Vrep =  1.2090522435E+01
           DelSqV =  7.1834940757E+02
           DelSqVen =  7.4953738705E+02
           DelSqVrep = -3.1187979480E+01
           DelSqG =  7.0936956443E+01
           DelSqK = -7.8928636402E+02
           Stress_EigVals = -1.6419305439E+00 -1.6408958720E+00 -1.4909318209E+00
           Stress_EigVec1 =  3.7275160546E-01  9.2765259413E-01 -2.2735550136E-02
           Stress_EigVec2 =  8.2804086375E-01 -3.4358409285E-01 -4.4305563884E-01
           Stress_EigVec3 =  4.1881328608E-01 -1.4632373611E-01  8.9620577752E-01
           -DivStress = -3.2924958734E+00  1.1450820037E+00 -7.0434050011E+00
           ESP =  -1.1034433008E+00     ESP at Nucleus =  -1.1058673183E+00
           ESPe = -1.1357119182E+01     ESPe at Nucleus = -1.1276791498E+01
           ESPn =  1.0253675881E+01     ESPn at Nucleus =  1.0170924180E+01

CP# 5      Coords = -3.81624961680894E+00  2.35527855586227E+00  1.96833711509351E+00
           Type = (3,-3) NACP C5
           Rho =  1.1768532208E+02     Rho at Nucleus =  1.1768532203E+02
           GradRho =  5.2060078470E-11 -2.2068152861E-11  1.2241773047E-10
           HessRho_EigVals = -1.4501736255E+05 -1.4501639138E+05 -1.4501624905E+05
           HessRho_EigVec1 =  7.6599042281E-01 -6.4119152703E-01  4.6174644942E-02
           HessRho_EigVec2 =  6.2309360408E-01  7.2285846783E-01 -2.9871390334E-01
           HessRho_EigVec3 =  1.5815509073E-01  2.5758311505E-01  9.5322500288E-01
           DelSqRho = -4.3505000298E+05
           Bond Ellipticity = NA
           V = -1.0877274500E+05
           G =  5.1221278193E+00
           K =  1.0876762287E+05
           L =  1.0876250074E+05
           Vnuc =  6.8387781156E+06
           Ven = -8.0482380518E+08
           Vrep =  8.0471503243E+08
           DelSqV =  2.4954752679E+09
           DelSqVen =  2.9752101437E+12
           DelSqVrep = -2.9727146685E+12
           DelSqG =  1.3404595969E+08
           DelSqK = -2.6295212276E+09
           Stress_EigVals = -3.6257824714E+04 -3.6257727364E+04 -3.6257192922E+04
           Stress_EigVec1 =  1.8581821659E-01  2.7649286121E-01  9.4288031483E-01
           Stress_EigVec2 =  5.9901835355E-01  7.2877474067E-01 -3.3175953561E-01
           Stress_EigVec3 =  7.7887650015E-01 -6.2644957903E-01  3.0204675881E-02
           -DivStress = -3.7532754553E+02 -6.4709641835E+00 -6.0647052546E+02
           ESP =  -1.4737492641E+01     ESP at Nucleus =  -1.4737492651E+01
           ESPe = -2.4297369289E+01     ESPe at Nucleus = -2.4297370104E+01
           ESPn =  9.5598766480E+00     ESPn at Nucleus =  9.5598774530E+00

CP# 6      Coords = -2.63570470443942E+00  3.89911465015021E+00  2.50972642217121E+00
           Type = (3,-3) NACP H6
           Rho =  4.2476727365E-01     Rho at Nucleus =  4.2104103042E-01
           GradRho = -8.8080584493E-16 -1.5236293130E-15 -4.9655781873E-16
           HessRho_EigVals = -6.4663132218E+00 -6.4600537645E+00 -5.8636148297E+00
           HessRho_EigVec1 = -1.6137209730E-01 -2.1385570572E-01  9.6344422949E-01
           HessRho_EigVec2 =  7.9492205240E-01 -6.0670965243E-01 -1.5258611315E-03
           HessRho_EigVec3 =  5.8485722772E-01  7.6561683287E-01  2.6790462557E-01
           DelSqRho = -1.8789981816E+01
           Bond Ellipticity = NA
           V = -4.7067398906E+00
           G =  4.6222182988E-03
           K =  4.7021176723E+00
           L =  4.6974954540E+00
           Vnuc =  3.8754065289E+01
           Ven = -1.6461458656E+01
           Vrep =  1.1754718765E+01
           DelSqV =  7.0732804043E+02
           DelSqVen =  7.2818818208E+02
           DelSqVrep = -2.0860141648E+01
           DelSqG =  6.9606494470E+01
           DelSqK = -7.7693453490E+02
           Stress_EigVals = -1.6198863526E+00 -1.6193808543E+00 -1.4674726837E+00
           Stress_EigVec1 =  2.3104407749E-01  1.6120357385E-01 -9.5949572278E-01
           Stress_EigVec2 =  7.7780662171E-01 -6.2305012183E-01  8.2616008771E-02
           Stress_EigVec3 =  5.8449593111E-01  7.6539006621E-01  2.6933724781E-01
           -DivStress =  4.6376860778E+00  6.0693423238E+00  2.1186295561E+00
           ESP =  -1.1003638812E+00     ESP at Nucleus =  -1.1028568124E+00
           ESPe = -1.1427819571E+01     ESPe at Nucleus = -1.1355625527E+01
           ESPn =  1.0327455690E+01     ESPn at Nucleus =  1.0252768715E+01

CP# 7      Coords = -4.22837966976569E+00  1.79966909219961E+00 -4.69368374111660E-01
           Type = (3,-3) NACP C7
           Rho =  1.1766871667E+02     Rho at Nucleus =  1.1766871652E+02
           GradRho = -1.8775778154E-10 -3.8099398809E-10 -5.1381195913E-10
           HessRho_EigVals = -1.4498888330E+05 -1.4498788564E+05 -1.4498757407E+05
           HessRho_EigVec1 =  8.3652381492E-01 -5.4792894183E-01  1.3348301890E-03
           HessRho_EigVec2 =  5.4751200514E-01  8.3597751924E-01  3.7043104078E-02
           HessRho_EigVec3 = -2.1412876850E-02 -3.0256603187E-02  9.9931277720E-01
           DelSqRho = -4.3496434302E+05
           Bond Ellipticity = NA
           V = -1.0875129684E+05
           G =  5.1055408683E+00
           K =  1.0874619130E+05
           L =  1.0874108575E+05
           Vnuc =  4.1415573768E+06
           Ven = -4.8733174154E+08
           Vrep =  4.8722299024E+08
           DelSqV =  2.4949765952E+09
           DelSqVen =  1.8014296801E+12
           DelSqVrep = -1.7989347035E+12
           DelSqG =  1.3401120881E+08
           DelSqK = -2.6289878040E+09
           Stress_EigVals = -3.6250704692E+04 -3.6250550659E+04 -3.6250041485E+04
           Stress_EigVec1 =  3.1804820847E-02  4.1615879391E-02  9.9862734388E-01
           Stress_EigVec2 =  5.6584589490E-01  8.2284984794E-01 -5.2312053804E-02
           Stress_EigVec3 =  8.2389737018E-01 -5.6673295857E-01 -2.6224174817E-03
           -DivStress =  4.1644271587E+02  6.7425916967E+02  8.6974808589E+02
           ESP =  -1.4726940530E+01     ESP at Nucleus =  -1.4726940546E+01
           ESPe = -2.5266305535E+01     ESPe at Nucleus = -2.5266305660E+01
           ESPn =  1.0539365005E+01     ESPn at Nucleus =  1.0539365114E+01

CP# 8      Coords = -3.39763815060447E+00  2.98981456826531E+00 -1.88333053879047E+00
           Type = (3,-3) NACP H8
           Rho =  4.2852802385E-01     Rho at Nucleus =  4.2490226787E-01
           GradRho = -9.3631699616E-16  1.0714085869E-15  6.1663998560E-16
           HessRho_EigVals = -6.5496853918E+00 -6.5420270845E+00 -5.9495618919E+00
           HessRho_EigVec1 =  4.4725108650E-01  5.3248184262E-01  7.1863033119E-01
           HessRho_EigVec2 =  7.9357573259E-01 -6.0686184914E-01 -4.4229545560E-02
           HessRho_EigVec3 = -4.1255790172E-01 -5.9006930384E-01  6.9398428973E-01
           DelSqRho = -1.9041274368E+01
           Bond Ellipticity = NA
           V = -4.7693329599E+00
           G =  4.5071839372E-03
           K =  4.7648257760E+00
           L =  4.7603185921E+00
           Vnuc =  4.0016993703E+01
           Ven = -1.7148403232E+01
           Vrep =  1.2379070272E+01
           DelSqV =  7.1761032062E+02
           DelSqVen =  7.6197455649E+02
           DelSqVrep = -4.4364235879E+01
           DelSqG =  7.0854737700E+01
           DelSqK = -7.8846505832E+02
           Stress_EigVals = -1.6405484851E+00 -1.6394508048E+00 -1.4893336700E+00
           Stress_EigVec1 =  3.6947374663E-01  5.8907993818E-01  7.1866123937E-01
           Stress_EigVec2 =  8.3292379371E-01 -5.5282594036E-01  2.4928568659E-02
           Stress_EigVec3 = -4.1197949514E-01 -5.8937959423E-01  6.9491336833E-01
           -DivStress =  3.2406614126E+00  4.6400468769E+00 -5.4656482181E+00
           ESP =  -1.1018460641E+00     ESP at Nucleus =  -1.1042776085E+00
           ESPe = -1.2106196531E+01     ESPe at Nucleus = -1.2030161998E+01
           ESPn =  1.1004350467E+01     ESPn at Nucleus =  1.0925884390E+01

CP# 9      Coords =  4.93882186440274E+00 -1.67072787920174E+00  1.74576723044617E+00
           Type = (3,-3) NACP C9
           Rho =  1.1765167923E+02     Rho at Nucleus =  1.1765167889E+02
           GradRho =  2.2262034295E-10  9.7391488380E-10 -1.9158000646E-09
           HessRho_EigVals = -1.4496664696E+05 -1.4496606356E+05 -1.4496489548E+05
           HessRho_EigVec1 =  2.9550698964E-01  9.3035913742E-01  2.1704260983E-01
           HessRho_EigVec2 =  2.8611663792E-01 -3.0294816310E-01  9.0904327729E-01
           HessRho_EigVec3 =  9.1148937930E-01 -2.0652914052E-01 -3.5571452815E-01
           DelSqRho = -4.3489760600E+05
           Bond Ellipticity = NA
           V = -1.0873478838E+05
           G =  5.1934408108E+00
           K =  1.0872959494E+05
           L =  1.0872440150E+05
           Vnuc =  2.7901123606E+06
           Ven = -3.2826140446E+08
           Vrep =  3.2815266967E+08
           DelSqV =  2.4945960232E+09
           DelSqVen =  1.2134131958E+12
           DelSqVrep = -1.2109185834E+12
           DelSqG =  1.3398990529E+08
           DelSqK = -2.6285859285E+09
           Stress_EigVals = -3.6245230605E+04 -3.6245017192E+04 -3.6244540584E+04
           Stress_EigVec1 =  8.5628009076E-01 -3.8809920609E-01  3.4082754055E-01
           Stress_EigVec2 = -4.2061554718E-01 -1.4096392021E-01  8.9622080687E-01
           Stress_EigVec3 =  2.9977819739E-01  9.1077339631E-01  2.8394515832E-01
           -DivStress = -1.9168649367E+02 -7.8414575212E+02  1.5560786210E+03
           ESP =  -1.4716863690E+01     ESP at Nucleus =  -1.4716863700E+01
           ESPe = -2.5018152331E+01     ESPe at Nucleus = -2.5018149107E+01
           ESPn =  1.0301288641E+01     ESPn at Nucleus =  1.0301285407E+01

CP# 10     Coords =  5.80429768161829E+00 -2.48456891445286E+00  3.36254778212837E+00
           Type = (3,-3) NACP H10
           Rho =  4.1411591406E-01     Rho at Nucleus =  4.1024833759E-01
           GradRho = -5.8925168347E-15  8.1564258386E-15 -1.5250550389E-14
           HessRho_EigVals = -6.3308193071E+00 -6.3288185275E+00 -5.7144639320E+00
           HessRho_EigVec1 =  8.9575097184E-01  7.6622043900E-02 -4.3790325283E-01
           HessRho_EigVec2 = -1.1552213776E-01 -9.1107596984E-01 -3.9572113018E-01
           HessRho_EigVec3 =  4.2928409258E-01 -4.0505510684E-01  8.0724564309E-01
           DelSqRho = -1.8374101767E+01
           Bond Ellipticity = NA
           V = -4.6025474288E+00
           G =  4.5109935680E-03
           K =  4.5980364352E+00
           L =  4.5935254416E+00
           Vnuc =  3.7574745405E+01
           Ven = -1.5560300039E+01
           Vrep =  1.0957752610E+01
           DelSqV =  6.9141184174E+02
           DelSqVen =  6.9040219592E+02
           DelSqVrep =  1.0096458196E+00
           DelSqG =  6.8284928895E+01
           DelSqK = -7.5969677063E+02
           Stress_EigVals = -1.5864521179E+00 -1.5855947334E+00 -1.4305005774E+00
           Stress_EigVec1 =  8.2536038164E-01 -1.8304162478E-01 -5.3411235150E-01
           Stress_EigVec2 =  3.6411763687E-01  8.9554667615E-01  2.5576258006E-01
           Stress_EigVec3 =  4.3150734287E-01 -4.0557602793E-01  8.0579743026E-01
           -DivStress =  3.4635401717E+00 -3.2492022871E+00  6.4396234922E+00
           ESP =  -1.0586581364E+00     ESP at Nucleus =  -1.0613587186E+00
           ESPe = -1.1063013510E+01     ESPe at Nucleus = -1.0977675398E+01
           ESPn =  1.0004355374E+01     ESPn at Nucleus =  9.9163166793E+00

CP# 11     Coords =  2.93711900746536E+00 -6.90438676327129E-01  6.77114479428420E-01
           Type = (3,-3) NACP C11
           Rho =  1.1766549029E+02     Rho at Nucleus =  1.1766548983E+02
           GradRho =  3.2084712838E-09  2.1953325442E-11 -1.4156119653E-09
           HessRho_EigVals = -1.4498464930E+05 -1.4498390758E+05 -1.4498284501E+05
           HessRho_EigVec1 =  3.3428091179E-01  9.0709156148E-01  2.5581472025E-01
           HessRho_EigVec2 =  9.2465547016E-01 -2.6311936390E-01 -2.7528251279E-01
           HessRho_EigVec3 =  1.8239663790E-01 -3.2856216980E-01  9.2670295513E-01
           DelSqRho = -4.3495140189E+05
           Bond Ellipticity = NA
           V = -1.0874821994E+05
           G =  5.1847312475E+00
           K =  1.0874303520E+05
           L =  1.0873785047E+05
           Vnuc =  2.3780163838E+06
           Ven = -2.7981046372E+08
           Vrep =  2.7970171550E+08
           DelSqV =  2.4949039857E+09
           DelSqVen =  1.0343215677E+12
           DelSqVrep = -1.0318266597E+12
           DelSqG =  1.3400735206E+08
           DelSqK = -2.6289113378E+09
           Stress_EigVals = -3.6249721826E+04 -3.6249496556E+04 -3.6249001554E+04
           Stress_EigVec1 =  7.8911535584E-01 -3.9716598775E-01  4.6856817365E-01
           Stress_EigVec2 = -5.4026082941E-01 -8.5820642890E-02  8.3710994108E-01
           Stress_EigVec3 =  2.9225877470E-01  9.1372533916E-01  2.8229561311E-01
           -DivStress = -1.8800967534E+03 -1.2539773837E+01  8.3186484009E+02
           ESP =  -1.4718671637E+01     ESP at Nucleus =  -1.4718671653E+01
           ESPe = -2.5754182531E+01     ESPe at Nucleus = -2.5754179580E+01
           ESPn =  1.1035510894E+01     ESPn at Nucleus =  1.1035507927E+01

CP# 12     Coords =  1.01279019291119E+00 -1.30423431676741E-01  7.93517269253955E-01
           Type = (3,-3) NACP H12
           Rho =  4.0993995742E-01     Rho at Nucleus =  4.0596617937E-01
           GradRho =  4.7585633350E-16 -1.1600963246E-16 -4.2805657022E-17
           HessRho_EigVals = -6.2573689186E+00 -6.2554794805E+00 -5.6333129147E+00
           HessRho_EigVec1 = -8.3802091974E-02 -4.7696840798E-01  8.7491619437E-01
           HessRho_EigVec2 =  2.7249597146E-01  8.3356964745E-01  4.8052844701E-01
           HessRho_EigVec3 =  9.5850047205E-01 -2.7868042744E-01 -6.0117089427E-02
           DelSqRho = -1.8146161314E+01
           Bond Ellipticity = NA
           V = -4.5457939278E+00
           G =  4.6267996776E-03
           K =  4.5411671281E+00
           L =  4.5365403284E+00
           Vnuc =  3.9111842492E+01
           Ven = -1.6033507046E+01
           Vrep =  1.1487713118E+01
           DelSqV =  6.8216474076E+02
           DelSqVen =  7.0972980314E+02
           DelSqVrep = -2.7565062381E+01
           DelSqG =  6.7294171742E+01
           DelSqK = -7.4945891250E+02
           Stress_EigVals = -1.5680340444E+00 -1.5671676989E+00 -1.4105921844E+00
           Stress_EigVec1 = -5.7528972217E-03 -2.2085148994E-01  9.7529048163E-01
           Stress_EigVec2 =  2.8494914176E-01  9.3450956299E-01  2.1329759327E-01
           Stress_EigVec3 =  9.5852537305E-01 -2.7913526484E-01 -5.7555305047E-02
           -DivStress = -7.7302775939E+00  2.2535095997E+00  4.4855313447E-01
           ESP =  -1.0617541967E+00     ESP at Nucleus =  -1.0645397769E+00
           ESPe = -1.3151576593E+01     ESPe at Nucleus = -1.3094590135E+01
           ESPn =  1.2089822396E+01     ESPn at Nucleus =  1.2030050358E+01

CP# 13     Coords =  5.26054482683610E+00 -7.42557245907160E-01 -8.52047530923329E-01
           Type = (3,-3) NACP C13
           Rho =  1.1739839958E+02     Rho at Nucleus =  1.1739839608E+02
           GradRho = -4.5790360219E-11 -4.3504443212E-12  1.7070334946E-12
           HessRho_EigVals = -1.4462151967E+05 -1.4461943064E+05 -1.4461841227E+05
           HessRho_EigVec1 =  5.2341258924E-01  8.2024996524E-01 -2.3071466350E-01
           HessRho_EigVec2 = -2.6014999316E-01  4.1167280065E-01  8.7341140722E-01
           HessRho_EigVec3 =  8.1139462808E-01 -3.9713410799E-01  4.2886274936E-01
           DelSqRho = -4.3385936258E+05
           Bond Ellipticity = NA
           V = -1.0847482748E+05
           G =  4.9934182785E+00
           K =  1.0846983406E+05
           L =  1.0846484065E+05
           Vnuc =  8.6239014717E+05
           Ven = -1.0124322309E+08
           Vrep =  1.0113474826E+08
           DelSqV =  2.4886241766E+09
           DelSqVen =  3.7415603693E+11
           DelSqVrep = -3.7166741275E+11
           DelSqG =  1.3363597505E+08
           DelSqK = -2.6222601517E+09
           Stress_EigVals = -3.6158510304E+04 -3.6158507072E+04 -3.6157810107E+04
           Stress_EigVec1 = -8.5636987903E-01  4.9776017469E-01 -1.3735151540E-01
           Stress_EigVec2 = -1.1060935217E-02  2.4825370448E-01  9.6863189805E-01
           Stress_EigVec3 =  5.1624440530E-01  8.3102641757E-01 -2.0709130183E-01
           -DivStress = -8.9890527735E+02 -4.8127764260E+03 -2.7945391439E+03
           ESP =  -1.4649669953E+01     ESP at Nucleus =  -1.4649670146E+01
           ESPe = -2.6110445654E+01     ESPe at Nucleus = -2.6110438880E+01
           ESPn =  1.1460775700E+01     ESPn at Nucleus =  1.1460768734E+01

CP# 14     Coords = -4.68228202482223E+00  1.30678389158304E+00  3.46148823909219E+00
           Type = (3,-3) NACP H14
           Rho =  4.2453993754E-01     Rho at Nucleus =  4.2083663455E-01
           GradRho =  2.9825859664E-15  3.7681446505E-16  1.4919299520E-16
           HessRho_EigVals = -6.4636475460E+00 -6.4574133723E+00 -5.8634176142E+00
           HessRho_EigVec1 =  4.7873607427E-01  5.6205061112E-01  6.7447081607E-01
           HessRho_EigVec2 =  7.6526067463E-01 -6.4368478329E-01 -6.7823028594E-03
           HessRho_EigVec3 = -4.3033460361E-01 -5.1939292477E-01  7.3827035606E-01
           DelSqRho = -1.8784478533E+01
           Bond Ellipticity = NA
           V = -4.7054135344E+00
           G =  4.6469506261E-03
           K =  4.7007665838E+00
           L =  4.6961196331E+00
           Vnuc =  3.9074479924E+01
           Ven = -1.6588677266E+01
           Vrep =  1.1883263732E+01
           DelSqV =  7.0722991727E+02
           DelSqVen =  7.3399372930E+02
           DelSqVrep = -2.6763812033E+01
           DelSqG =  6.9602461047E+01
           DelSqK = -7.7683237832E+02
           Stress_EigVals = -1.6192253317E+00 -1.6186507312E+00 -1.4675374714E+00
           Stress_EigVec1 = -4.1642218985E-01 -6.1276684043E-01 -6.7164675170E-01
           Stress_EigVec2 =  8.0084062968E-01 -5.9694358781E-01  4.8089903511E-02
           Stress_EigVec3 = -4.3040311993E-01 -5.1785630463E-01  7.3930913839E-01
           -DivStress = -3.4029298367E+00 -4.0999382812E+00  5.8341039131E+00
           ESP =  -1.1010705271E+00     ESP at Nucleus =  -1.1035343975E+00
           ESPe = -1.1663876044E+01     ESPe at Nucleus = -1.1592207297E+01
           ESPn =  1.0562805517E+01     ESPn at Nucleus =  1.0488672899E+01

CP# 15     Coords = -5.33651469433029E+00 -2.94176005950441E+00  1.51145463796066E+00
           Type = (3,-3) NACP H15
           Rho =  4.2491399884E-01     Rho at Nucleus =  4.2122808833E-01
           GradRho = -2.1885850066E-12  1.1242814812E-12 -4.4459496848E-12
           HessRho_EigVals = -6.4708458937E+00 -6.4645621413E+00 -5.8719336778E+00
           HessRho_EigVec1 =  4.8700671124E-01  8.7319255571E-01 -1.8953201866E-02
           HessRho_EigVec2 =  7.5990026349E-01 -4.3431804699E-01 -4.8365217213E-01
           HessRho_EigVec3 =  4.3055319387E-01 -2.2113931064E-01  8.7505505686E-01
           DelSqRho = -1.8807341713E+01
           Bond Ellipticity = NA
           V = -4.7111699766E+00
           G =  4.6672741962E-03
           K =  4.7065027024E+00
           L =  4.7018354282E+00
           Vnuc =  3.9074445809E+01
           Ven = -1.6603279021E+01
           Vrep =  1.1892109045E+01
           DelSqV =  7.0819875434E+02
           DelSqVen =  7.3488645457E+02
           DelSqVrep = -2.6687700231E+01
           DelSqG =  6.9710060793E+01
           DelSqK = -7.7790881513E+02
           Stress_EigVals = -1.6210249181E+00 -1.6204700743E+00 -1.4696749841E+00
           Stress_EigVec1 =  4.1767312962E-01  9.0822801669E-01  2.5904179093E-02
           Stress_EigVec2 =  8.0004563191E-01 -3.5410989232E-01 -4.8428624905E-01
           Stress_EigVec3 =  4.3066941342E-01 -2.2299787861E-01  8.7452604449E-01
           -DivStress =  3.3983504733E+00 -1.7482391943E+00  6.8992337936E+00
           ESP =  -1.1024180344E+00     ESP at Nucleus =  -1.1048702290E+00
           ESPe = -1.1579586158E+01     ESPe at Nucleus = -1.1516016411E+01
           ESPn =  1.0477168123E+01     ESPn at Nucleus =  1.0411146182E+01

CP# 16     Coords =  5.54013443685905E+00 -1.93325245632280E+00 -2.46686920077045E+00
           Type = (3,-3) NACP H16
           Rho =  4.3423326651E-01     Rho at Nucleus =  4.3050149884E-01
           GradRho =  1.8183900024E-15  2.8520920705E-15  2.4835175420E-15
           HessRho_EigVals = -6.6584746288E+00 -6.6466482139E+00 -6.0314712908E+00
           HessRho_EigVec1 =  5.6857348172E-01  7.0753492254E-01 -4.1966478203E-01
           HessRho_EigVec2 = -8.1070052716E-01  3.9535589624E-01 -4.3180825672E-01
           HessRho_EigVec3 = -1.3960247545E-01  5.8573718398E-01  7.9838781312E-01
           DelSqRho = -1.9336594134E+01
           Bond Ellipticity = NA
           V = -4.8430814251E+00
           G =  4.4664458553E-03
           K =  4.8386149792E+00
           L =  4.8341485334E+00
           Vnuc =  3.9922104638E+01
           Ven = -1.7335505903E+01
           Vrep =  1.2492424478E+01
           DelSqV =  7.2875159768E+02
           DelSqVen =  7.7195753434E+02
           DelSqVrep = -4.3205936654E+01
           DelSqG =  7.2148569726E+01
           DelSqK = -8.0090016741E+02
           Stress_EigVals = -1.6667979364E+00 -1.6656554228E+00 -1.5106280658E+00
           Stress_EigVec1 =  5.6820526332E-01  7.0708000932E-01 -4.2092830643E-01
           Stress_EigVec2 = -8.1108188052E-01  3.9490207901E-01 -4.3150727813E-01
           Stress_EigVec3 = -1.3888470691E-01  5.8659202894E-01  7.9788522343E-01
