AIMSum (Version 19.02.13, Professional)
Copyright (c) 1997-2019 by Todd A. Keith
AIMSum is a component of the AIMAll package ( http://aim.tkgristmill.com )

TP:  64-bit Linux

Much of the Quantum Theory of Atoms in Molecules (QTAIM) is described in the book:
  "Atoms in Molecules - A Quantum Theory"
  R.F.W. Bader, Oxford University Press, Oxford, 1990

For additional references see:  http://aim.tkgristmill.com/references.html

Wfn File:  /home/mhennefarth/Documents/ML_Diels/summary-levandowski2016/28-opt/28-opt.wfn
Sum File:  /home/mhennefarth/Documents/ML_Diels/summary-levandowski2016/28-opt/28-opt.sum

SumViz File:  /home/mhennefarth/Documents/ML_Diels/summary-levandowski2016/28-opt/28-opt.sumviz

Wfn Title:   Title Card Required                                                           
 
Total memory allocated for AIMSum =        0.847 Megabytes

Atomic units (a.u.) used throughout, except where stated otherwise

Model:  Restricted SCF
 
Restricted, closed-shell, single-determinant wavefunction.
  Number of electrons (from MO Occs)                   =          60.0000000000
  Number of Alpha electrons (from MO Occs)             =          30.0000000000
  Number of Beta electrons (from MO Occs)              =          30.0000000000
  Number of electron pairs (N*(N-1)/2)                 =        1770.0000000000
  Number of electron pairs (from Muller 2EDM)          =        1770.0000000000
 
Nuclear Charges and Cartesian Coordinates:
-------------------------------------------------------------------------------
Atom      Charge                X                  Y                  Z
-------------------------------------------------------------------------------
C1         6.0          -4.1651167100E+00   3.1006809700E+00  -1.9617440000E-01
H2         1.0          -3.9456919400E+00   5.0397080000E+00   4.4246147000E-01
C3         6.0          -2.8414686400E+00   1.2087112200E+00   8.4378362000E-01
H4         1.0          -1.4434100200E+00   1.6432525000E+00   2.2899136700E+00
C5         6.0          -5.0845235200E+00  -2.6484901500E+00  -7.2176520000E-01
H6         1.0          -5.0601769400E+00  -4.6443545200E+00  -1.2022762800E+00
C7         6.0          -3.0228951800E+00  -1.4802768300E+00   1.6696275000E-01
H8         1.0          -1.3050368400E+00  -2.5655217300E+00   4.8723614000E-01
C9         6.0           3.4332898400E+00   1.1824303100E+00  -1.7889948200E+00
H10        1.0           2.2146733900E+00   2.4605958500E+00  -2.8127553200E+00
C11        6.0           4.9459760100E+00  -7.7226324000E-01  -1.7703490100E+00
H12        1.0           5.8979367800E+00  -2.2666995800E+00  -2.7855299500E+00
C13        6.0           4.3751237300E+00   3.7203809000E-01   6.9169892000E-01
H14        1.0           5.7178584600E+00   1.4226848500E+00   1.8465148500E+00
H15        1.0          -6.8704125800E+00  -1.6628045200E+00  -9.7235141000E-01
H16        1.0          -5.5052461500E+00   2.7786294700E+00  -1.7206239700E+00
F17        9.0           2.7174658500E+00  -8.8694139000E-01   2.3418266200E+00
 
Some Atomic Properties:
----------------------
  q(A) = Net Charge of Atom A
  L(A) = Lagrangian of Atom A = -(1/4) Times Atomic Integral of the Laplacian of the Electron Density
  K(A) = Electronic Kinetic Energy of Atom A (Hamiltonian Form)
  K_Scaled(A) = K(A) * E(Mol)/K(Mol) = Approximation to Virial-Based Total Energy of Atom A.
  |Mu_Intra(A)| = Magnitude of Intraatomic Dipole Moment of Atom A
--------------------------------------------------------------------------------------------------
Atom A          q(A)              L(A)              K(A)          K_Scaled(A)      |Mu_Intra(A)|
--------------------------------------------------------------------------------------------------
C1       -1.0082891420E-01 -2.8196553496E-05  3.7707080523E+01 -3.8053102564E+01  1.0095538357E-01
H2        3.7113916470E-02  2.2931756847E-05  5.9667951210E-01 -6.0215498937E-01  1.4944940643E-01
C3       -3.1027263400E-02  2.4387064575E-04  3.7706184004E+01 -3.8052197818E+01  8.1425917262E-02
H4        5.3378217060E-02  4.7407755070E-05  5.9716661110E-01 -6.0264655828E-01  1.4071151092E-01
C5       -9.4385891400E-02 -2.9495107030E-05  3.7706545314E+01 -3.8052562444E+01  1.0032624720E-01
H6        3.8284649010E-02  2.7880394935E-05  5.9634450049E-01 -6.0181690351E-01  1.4908252480E-01
C7       -2.9052117200E-02 -7.6437966164E-05  3.7705802378E+01 -3.8051812690E+01  9.4031108142E-02
H8        5.7885525520E-02  6.6050758332E-06  5.9533425100E-01 -6.0079738338E-01  1.3836012798E-01
C9       -1.1268717560E-01 -3.5720840802E-05  3.7768832201E+01 -3.8115420911E+01  2.6788782177E-01
H10       1.3155959026E-01  1.3820473837E-05  5.5202286400E-01 -5.5708854598E-01  1.4054763123E-01
C11      -1.1852138970E-01  8.0339895986E-06  3.7768467156E+01 -3.8115052517E+01  2.5923455397E-01
H12       1.2125103660E-01  2.1997560325E-05  5.5610335402E-01 -5.6120648094E-01  1.4259705917E-01
C13       5.6768603430E-01  6.1171170005E-05  3.7299679103E+01 -3.7641962592E+01  5.6739853430E-01
H14       5.7149933030E-02  2.8429180543E-05  5.9922178503E-01 -6.0472059168E-01  1.5398229028E-01
H15       3.6552217740E-02  9.0724208245E-06  5.9613846197E-01 -6.0160897426E-01  1.4989332175E-01
H16       3.6592669760E-02  2.0213126371E-05  5.9604415604E-01 -6.0151380292E-01  1.5007345858E-01
F17      -6.5056949560E-01  7.0026576306E-06  9.9521097940E+01 -1.0043436126E+02  2.2055638825E-01
--------------------------------------------------------------------------------------------------
Total     3.8154265000E-04  3.4858574008E-04  3.6846874411E+02 -3.7185002703E+02
 
1st Largest |L(A)| = 2.4387064575E-04, atom C3      
2nd Largest |L(A)| = 7.6437966164E-05, atom C7      
 
Molecular charge q(Mol) from the wfn file:   0.0000000000E+00
Molecular energy E(Mol) from the wfn file:  -3.7185002460E+02
Molecular virial ratio (-V(Mol)/T(Mol)) from the wfn file:   2.0091765800E+00
Note.  K_Scaled(A) = (1+V(Mol)/T(Mol))*K(A) = (E(Mol)/T(Mol))*K(A)
       Only use K_Scaled(A) data with caution.
 
N_AIMInt(SumA)     =         59.999618
N_Analytic(Mol)    =         59.999990
 
G_AIMInt(SumA)     =        368.468396
G_Analytic(Mol)    =        368.468717
 
K_AIMInt(SumA)     =        368.468744
K_Analytic(Mol)    =        368.468717
 
L_AIMInt(SumA)     =          0.000349
L_Analytic(Mol)    =          0.000000
 
VenT_AIMInt(SumA)  =      -1513.279022
VenT_Analytic(Mol) =      -1513.284188
 
Some Information About the Atomic Calculations:
----------------------------------------------
  Time(sec) = "Elapsed User Time", in Seconds, for Atom A by AIMInt and, if used, by TWOe
  NProc = Number of Processors Used for AIMInt Job
  BIM = Basin Integration Method
  OAQ = Angular Quadrature Outside of Beta Sphere
  ORQ = Multiple of Default for Radial Quadrature Outside of Beta Sphere
  IAQ = Multiple of Default for Angular Quadrature Inside of Beta Sphere
  IRQ = Multiple of Default for Radial Quadrature Inside of Beta Sphere
  MIR = Maximum Integration Radius
------------------------------------------------------------------------------------------------------
Atom A     Time(sec)   NProc      BIM          OAQ                     ORQ      IAQ      IRQ      MIR
------------------------------------------------------------------------------------------------------
C1             29        8     Proaim(5)    4500(GS4)                  1.00     1.00     1.00    13.00
H2              5        8     Proaim(5)    1800(GS4)                  1.00     1.00     1.00    13.00
C3             39        8     Proaim(5)    4500(GS4)                  1.00     1.00     1.00    13.00
H4             12        8     Proaim(5)    4500(GS4)                  1.00     1.00     1.00    13.00
C5             22        8     Proaim(5)    4500(GS4)                  1.00     1.00     1.00    13.00
H6              5        8     Proaim(5)    1800(GS4)                  1.00     1.00     1.00    13.00
C7             26        8     Proaim(5)    4500(GS4)                  1.00     1.00     1.00    13.00
H8             12        8     Proaim(5)    4500(GS4)                  1.00     1.00     1.00    13.00
C9             36        8     Proaim(5)    4500(GS4)                  1.00     1.00     1.00    13.00
H10             8        8     Proaim(5)    1800(GS4)                  1.00     1.00     1.00    13.00
C11            22        8     Proaim(5)    4500(GS4)                  1.00     1.00     1.00    13.00
H12             5        8     Proaim(5)    1800(GS4)                  1.00     1.00     1.00    13.00
C13            25        8     Proaim(5)    4500(GS4)                  1.00     1.00     1.00    13.00
H14             5        8     Proaim(5)    1800(GS4)                  1.00     1.00     1.00    13.00
H15             7        8     Proaim(5)    1800(GS4)                  1.00     1.00     1.00    13.00
H16             7        8     Proaim(5)    1800(GS4)                  1.00     1.00     1.00    13.00
F17            17        8     Proaim(5)    4500(GS4)                  1.00     1.00     1.00    13.00
------------------------------------------------------------------------------------------------------
Total         282
Note:  Total wall clock time is less than total of atomic times if more than one atom
       was calculated at a time
 
Electron Density Critical Point Analysis of Molecular Structure:               
---------------------------------------------------------------                
  NACP = Nuclear Attractor Critical Point                                      
  NNACP = Non-Nuclear Attractor Critical Point                                 
  BCP = Bond Critical Point                                                    
  RCP = Ring Critical Point                                                    
  CCP = Cage Critical Point                                                    
  Rho = Electron Density                                                       
  GradRho = Gradient of Electron Density                                       
  HessRho_EigVals = Eigenvalues of the Hessian of Rho, Ascending Order         
  HessRho_EigVecs = Eigenvectors of the Hessian of Rho                         
  DelSqRho = Laplacian of Rho = Trace of Hessian of Rho                        
  Bond Ellipticity = (HessRho_EigVal(1) / HessRho_EigVal(2)) - 1               
  V = Virial Field = Potential Energy Density = Trace of Stress Tensor         
  G = Lagrangian Form of Kinetic Energy Density                                
  K = Hamiltonian Form of Kinetic Energy Density                               
  L = K - G = Lagrangian Density = (-1/4)DelSqRho                              
  Vnuc = Electrostatic Potential from Nuclei                                   
  Ven = Electron-nuclear attractive contribution to Virial Field V             
  Vrep = V - Ven = Repulsive contribution to Virial Field V                    
  DelSqV = Laplacian of V                                                      
  DelSqVen = Laplacian of Ven                                                  
  DelSqVrep = Laplacian of Vrep                                                
  DelSqG = Laplacian of G                                                      
  DelSqK = Laplacian of K                                                      
  Stress_EigVals = Eigenvalues of Stress Tensor, Ascending Order               
  Stress_EigVecs = Eigenvectors of Stress Tensor                               
  -DivStress = Ehrenfest Force Density = Minus Divergence of Stress Tensor     
  ESP = Total Electrostatic Potential                                          
  ESPe = Electrostatic Potential from Electrons                                
  ESPn = Electrostatic Potential from Nuclei                                   
  BP = Bond Path                                                               
  BPL = Bond Path Length                                                       
  GBL = Geometric Bond Length                                                  
  GBL_I = Distance Between Nuclear Attractors                                  
  GBL_II = Distance Between Nuclei                                             
  GBL_III = Sum of Distances Between BCP and Nuclear Attractors                
  GBL_IV = Sum of Distances Between BCP and Nuclei                             

CP# 1      Coords = -4.16511732176324E+00  3.10068180106457E+00 -1.96174671117743E-01
           Type = (3,-3) NACP C1
           Rho =  1.1767448271E+02     Rho at Nucleus =  1.1767448263E+02
           GradRho = -1.0455739052E-10  2.0797816247E-10 -6.8360844763E-11
           HessRho_EigVals = -1.4500214758E+05 -1.4500127507E+05 -1.4500108040E+05
           HessRho_EigVec1 =  7.7099396476E-01  1.3461515885E-01 -6.2245246029E-01
           HessRho_EigVec2 =  4.0273632956E-01  6.5407911990E-01  6.4029989362E-01
           HessRho_EigVec3 = -4.9332722929E-01  7.4435157280E-01 -4.5007663894E-01
           DelSqRho = -4.3500450306E+05
           Bond Ellipticity = NA
           V = -1.0876135833E+05
           G =  5.1162799805E+00
           K =  1.0875624205E+05
           L =  1.0875112577E+05
           Vnuc =  5.6234046183E+06
           Ven = -6.6173122953E+08
           Vrep =  6.6162246817E+08
           DelSqV =  2.4952132502E+09
           DelSqVen =  2.4462057144E+12
           DelSqVrep = -2.4437105012E+12
           DelSqG =  1.3403025324E+08
           DelSqK = -2.6292435034E+09
           Stress_EigVals = -3.6254030339E+04 -3.6253918015E+04 -3.6253409971E+04
           Stress_EigVec1 = -4.8946769927E-01  7.7360840799E-01 -4.0243186063E-01
           Stress_EigVec2 =  4.4948377839E-01  6.1928550202E-01  6.4377775665E-01
           Stress_EigVec3 =  7.4725210226E-01  1.3422182413E-01 -6.5084468009E-01
           -DivStress =  4.9778236969E+02 -6.7645516309E+02  2.2028439713E+02
           ESP =  -1.4751809950E+01     ESP at Nucleus =  -1.4751809964E+01
           ESPe = -2.4525417613E+01     ESPe at Nucleus = -2.4525419172E+01
           ESPn =  9.7736076628E+00     ESPn at Nucleus =  9.7736092075E+00

CP# 2      Coords = -3.94944253833762E+00  5.00684749242527E+00  4.31549118196128E-01
           Type = (3,-3) NACP H2
           Rho =  4.2575006817E-01     Rho at Nucleus =  4.2208568448E-01
           GradRho = -1.9673811105E-10 -1.7233323787E-09 -5.7223635054E-10
           HessRho_EigVals = -6.4836310219E+00 -6.4771060852E+00 -5.8862083322E+00
           HessRho_EigVec1 =  7.0016824659E-01 -2.9464318057E-01  6.5034592535E-01
           HessRho_EigVec2 = -7.0589743106E-01 -1.4902147712E-01  6.9246040766E-01
           HessRho_EigVec3 =  1.0711322650E-01  9.4391630747E-01  3.1232797058E-01
           DelSqRho = -1.8846945439E+01
           Bond Ellipticity = NA
           V = -4.7211443546E+00
           G =  4.7039973843E-03
           K =  4.7164403572E+00
           L =  4.7117363598E+00
           Vnuc =  3.8922328055E+01
           Ven = -1.6571183823E+01
           Vrep =  1.1850039468E+01
           DelSqV =  7.0980459774E+02
           DelSqVen =  7.3356699624E+02
           DelSqVrep = -2.3762398495E+01
           DelSqG =  6.9866163517E+01
           DelSqK = -7.7967076126E+02
           Stress_EigVals = -1.6242247487E+00 -1.6237642996E+00 -1.4731553063E+00
           Stress_EigVec1 =  6.1764064794E-01 -3.0793701778E-01  7.2366761921E-01
           Stress_EigVec2 = -7.7925751811E-01 -1.1537100776E-01  6.1599289853E-01
           Stress_EigVec3 =  1.0619675364E-01  9.4438568586E-01  3.1122006019E-01
           -DivStress =  8.4687243254E-01  7.4272675824E+00  2.4654223712E+00
           ESP =  -1.1138625385E+00     ESP at Nucleus =  -1.1163128333E+00
           ESPe = -1.1323302818E+01     ESPe at Nucleus = -1.1246770144E+01
           ESPn =  1.0209440279E+01     ESPn at Nucleus =  1.0130457311E+01

CP# 3      Coords = -2.84146836005727E+00  1.20870990036752E+00  8.43783492682127E-01
           Type = (3,-3) NACP C3
           Rho =  1.1767159880E+02     Rho at Nucleus =  1.1767159867E+02
           GradRho =  8.8209954098E-11 -5.3569414443E-10 -5.2740159462E-11
           HessRho_EigVals = -1.4499241313E+05 -1.4499133378E+05 -1.4499099978E+05
           HessRho_EigVec1 = -6.8267211621E-01 -8.8070694139E-02  7.2539805251E-01
           HessRho_EigVec2 =  2.5015163588E-01  9.0456231101E-01  3.4524076319E-01
           HessRho_EigVec3 = -6.8657333244E-01  4.1714575191E-01 -5.9548843889E-01
           DelSqRho = -4.3497474669E+05
           Bond Ellipticity = NA
           V = -1.0875389746E+05
           G =  5.1053937401E+00
           K =  1.0874879207E+05
           L =  1.0874368667E+05
           Vnuc =  4.4280768175E+06
           Ven = -5.2105887872E+08
           Vrep =  5.2095012483E+08
           DelSqV =  2.4950359098E+09
           DelSqVen =  1.9261018276E+12
           DelSqVrep = -1.9236067589E+12
           DelSqG =  1.3401437362E+08
           DelSqK = -2.6290502834E+09
           Stress_EigVals = -3.6251581863E+04 -3.6251422726E+04 -3.6250892872E+04
           Stress_EigVec1 = -6.4395713939E-01  5.2998997256E-01 -5.5175160318E-01
           Stress_EigVec2 = -3.2405095575E-01 -8.4224784007E-01 -4.3082427273E-01
           Stress_EigVec3 = -6.9304414051E-01 -9.8636731895E-02  7.1411526690E-01
           -DivStress = -2.2381527790E+02  1.0731711944E+03  1.0534347761E+02
           ESP =  -1.4744794484E+01     ESP at Nucleus =  -1.4744794497E+01
           ESPe = -2.6371440735E+01     ESPe at Nucleus = -2.6371440216E+01
           ESPn =  1.1626646251E+01     ESPn at Nucleus =  1.1626645719E+01

CP# 4      Coords = -1.46722930141266E+00  1.63598986571896E+00  2.26536288309444E+00
           Type = (3,-3) NACP H4
           Rho =  4.2819184849E-01     Rho at Nucleus =  4.2446873517E-01
           GradRho =  2.9967348047E-16  4.9415224516E-16  2.0729945538E-16
           HessRho_EigVals = -6.5400670730E+00 -6.5323250182E+00 -5.9307895534E+00
           HessRho_EigVec1 = -2.6549789525E-01  9.6352560689E-01 -3.3604649645E-02
           HessRho_EigVec2 = -6.8379329995E-01 -1.6361743103E-01  7.1109497200E-01
           HessRho_EigVec3 =  6.7965990801E-01  2.1177285267E-01  7.0229243789E-01
           DelSqRho = -1.9003181645E+01
           Bond Ellipticity = NA
           V = -4.7598748513E+00
           G =  4.5397200991E-03
           K =  4.7553351312E+00
           L =  4.7507954111E+00
           Vnuc =  4.1289976471E+01
           Ven = -1.7680031349E+01
           Vrep =  1.2920156498E+01
           DelSqV =  7.1567796611E+02
           DelSqVen =  7.8464092298E+02
           DelSqVrep = -6.8962956872E+01
           DelSqG =  7.0640403751E+01
           DelSqK = -7.8631836986E+02
           Stress_EigVals = -1.6381620942E+00 -1.6370256020E+00 -1.4846871552E+00
           Stress_EigVec1 = -2.0292520625E-01  9.7452754614E-01 -9.5485195123E-02
           Stress_EigVec2 = -7.0452901980E-01 -7.7585696854E-02  7.0542137755E-01
           Stress_EigVec3 =  6.8004427865E-01  2.1041986946E-01  7.0232703039E-01
           -DivStress =  5.4267645425E+00  1.6532821950E+00  5.5930875325E+00
           ESP =  -1.1206087697E+00     ESP at Nucleus =  -1.1230903408E+00
           ESPe = -1.3813994155E+01     ESPe at Nucleus = -1.3746783703E+01
           ESPn =  1.2693385385E+01     ESPn at Nucleus =  1.2623693362E+01

CP# 5      Coords = -5.08452430431415E+00 -2.64849067355571E+00 -7.21765703609378E-01
           Type = (3,-3) NACP C5
           Rho =  1.1767484628E+02     Rho at Nucleus =  1.1767484619E+02
           GradRho = -2.2173858583E-10 -1.0355630242E-10 -1.3673370769E-10
           HessRho_EigVals = -1.4500215427E+05 -1.4500126445E+05 -1.4500106913E+05
           HessRho_EigVec1 = -2.1249687567E-01 -2.5330810313E-01  9.4375848750E-01
           HessRho_EigVec2 = -5.2897337934E-01  8.4188356921E-01  1.0686074974E-01
           HessRho_EigVec3 =  8.2160345774E-01  4.7651554096E-01  3.1289087146E-01
           DelSqRho = -4.3500448784E+05
           Bond Ellipticity = NA
           V = -1.0876135645E+05
           G =  5.1172449383E+00
           K =  1.0875623921E+05
           L =  1.0875112196E+05
           Vnuc =  5.6124353723E+06
           Ven = -6.6044246967E+08
           Vrep =  6.6033370832E+08
           DelSqV =  2.4952127013E+09
           DelSqVen =  2.4414344315E+12
           DelSqVrep = -2.4389392188E+12
           DelSqG =  1.3402979607E+08
           DelSqK = -2.6292424974E+09
           Stress_EigVals = -3.6254032018E+04 -3.6253918745E+04 -3.6253405688E+04
           Stress_EigVec1 =  7.9682913214E-01  5.0402906340E-01  3.3319369355E-01
           Stress_EigVec2 = -5.5368755298E-01  8.2988082901E-01  6.8759750787E-02
           Stress_EigVec3 = -2.4185414584E-01 -2.3927497340E-01  9.4034783950E-01
           -DivStress =  6.3843762864E+02  4.2686627002E+02  4.0837162220E+02
           ESP =  -1.4753844225E+01     ESP at Nucleus =  -1.4753844239E+01
           ESPe = -2.4265476128E+01     ESPe at Nucleus = -2.4265477664E+01
           ESPn =  9.5116319030E+00     ESPn at Nucleus =  9.5116334245E+00

CP# 6      Coords = -5.06068067620218E+00 -4.61045552802661E+00 -1.19413643061890E+00
           Type = (3,-3) NACP H6
           Rho =  4.2581720869E-01     Rho at Nucleus =  4.2214421831E-01
           GradRho = -7.6734255939E-11  5.1743593445E-09  1.2421588682E-09
           HessRho_EigVals = -6.4850261829E+00 -6.4786099754E+00 -5.8866098304E+00
           HessRho_EigVec1 =  9.5680361665E-01 -5.5579391102E-02  2.8537303736E-01
           HessRho_EigVec2 = -2.9043593829E-01 -2.2723177609E-01  9.2952282688E-01
           HessRho_EigVec3 = -1.3183509396E-02  9.7225338838E-01  2.3355843779E-01
           DelSqRho = -1.8850245989E+01
           Bond Ellipticity = NA
           V = -4.7219111350E+00
           G =  4.6748189023E-03
           K =  4.7172363161E+00
           L =  4.7125614972E+00
           Vnuc =  3.8637950703E+01
           Ven = -1.6452704318E+01
           Vrep =  1.1730793183E+01
           DelSqV =  7.0989451749E+02
           DelSqVen =  7.2833488399E+02
           DelSqVrep = -1.8440366495E+01
           DelSqG =  6.9878824500E+01
           DelSqK = -7.7977334199E+02
           Stress_EigVals = -1.6245721892E+00 -1.6240922012E+00 -1.4732467446E+00
           Stress_EigVec1 =  9.8155899704E-01 -3.3460848534E-02  1.8820814793E-01
           Stress_EigVec2 = -1.9080056229E-01 -2.3179352607E-01  9.5386943902E-01
           Stress_EigVec3 = -1.1708149424E-02  9.7218935033E-01  2.3390336969E-01
           -DivStress =  1.1270882652E-01 -7.6628615332E+00 -1.8405151996E+00
           ESP =  -1.1163164400E+00     ESP at Nucleus =  -1.1187718594E+00
           ESPe = -1.1073202627E+01     ESPe at Nucleus = -1.0997067684E+01
           ESPn =  9.9568861870E+00     ESPn at Nucleus =  9.8782958241E+00

CP# 7      Coords = -3.02289479938339E+00 -1.48027546183897E+00  1.66963277874033E-01
           Type = (3,-3) NACP C7
           Rho =  1.1766665208E+02     Rho at Nucleus =  1.1766665191E+02
           GradRho =  2.0099341982E-10  7.0031889446E-10  2.7007294665E-10
           HessRho_EigVals = -1.4498581766E+05 -1.4498480087E+05 -1.4498442404E+05
           HessRho_EigVec1 = -3.0214361089E-01 -1.5893476030E-01  9.3991966698E-01
           HessRho_EigVec2 = -8.4468396892E-02  9.8658830652E-01  1.3967320206E-01
           HessRho_EigVec3 =  9.4951267939E-01  3.7192141862E-02  3.1151631780E-01
           DelSqRho = -4.3495504257E+05
           Bond Ellipticity = NA
           V = -1.0874898034E+05
           G =  5.1098489149E+00
           K =  1.0874387049E+05
           L =  1.0873876064E+05
           Vnuc =  3.9602698757E+06
           Ven = -4.6599169758E+08
           Vrep =  4.6588294860E+08
           DelSqV =  2.4949229718E+09
           DelSqVen =  1.7225394586E+12
           DelSqVrep = -1.7200445192E+12
           DelSqG =  1.3400788774E+08
           DelSqK = -2.6289308595E+09
           Stress_EigVals = -3.6249945865E+04 -3.6249774013E+04 -3.6249260462E+04
           Stress_EigVec1 =  9.3053343530E-01  1.6500337624E-01  3.2692722680E-01
           Stress_EigVec2 = -2.1323322234E-01  9.6992248210E-01  1.1739664219E-01
           Stress_EigVec3 = -2.9772322496E-01 -1.7895324680E-01  9.3772950086E-01
           -DivStress = -3.0532453729E+02 -1.1133898750E+03 -4.2909228772E+02
           ESP =  -1.4747271605E+01     ESP at Nucleus =  -1.4747271619E+01
           ESPe = -2.6266864512E+01     ESPe at Nucleus = -2.6266863800E+01
           ESPn =  1.1519592907E+01     ESPn at Nucleus =  1.1519592181E+01

CP# 8      Coords = -1.33447785435644E+00 -2.54707829336414E+00  4.81700094532736E-01
           Type = (3,-3) NACP H8
           Rho =  4.2753613894E-01     Rho at Nucleus =  4.2377768770E-01
           GradRho = -1.1243827050E-14  6.2600749237E-15 -2.1579960041E-15
           HessRho_EigVals = -6.5259440078E+00 -6.5180913476E+00 -5.9138668337E+00
           HessRho_EigVec1 =  4.4805398343E-01  8.1618000852E-01  3.6482574145E-01
           HessRho_EigVec2 = -3.1953611852E-01 -2.3492072988E-01  9.1799178626E-01
           HessRho_EigVec3 =  8.3495167339E-01 -5.2788487795E-01  1.5554182313E-01
           DelSqRho = -1.8957902189E+01
           Bond Ellipticity = NA
           V = -4.7486237283E+00
           G =  4.5740905312E-03
           K =  4.7440496378E+00
           L =  4.7394755473E+00
           Vnuc =  4.1227298722E+01
           Ven = -1.7626160114E+01
           Vrep =  1.2877536386E+01
           DelSqV =  7.1375085218E+02
           DelSqVen =  7.8158309669E+02
           DelSqVrep = -6.7832244501E+01
           DelSqG =  7.0415256284E+01
           DelSqK = -7.8416610847E+02
           Stress_EigVals = -1.6346256158E+00 -1.6334991952E+00 -1.4804989173E+00
           Stress_EigVec1 =  4.7423480934E-01  8.3490299192E-01  2.7935343151E-01
           Stress_EigVec2 = -2.7734585030E-01 -1.5947280042E-01  9.4744271872E-01
           Stress_EigVec3 =  8.3557203456E-01 -5.2678783207E-01  1.5592932710E-01
           -DivStress =  6.6921531209E+00 -4.1905697504E+00  1.2586021826E+00
           ESP =  -1.1229471411E+00     ESP at Nucleus =  -1.1254497927E+00
           ESPe = -1.3924419487E+01     ESPe at Nucleus = -1.3862294616E+01
           ESPn =  1.2801472346E+01     ESPn at Nucleus =  1.2736844824E+01

CP# 9      Coords =  3.43329060501764E+00  1.18242926188978E+00 -1.78899271769696E+00
           Type = (3,-3) NACP C9
           Rho =  1.1766130651E+02     Rho at Nucleus =  1.1766130607E+02
           GradRho =  1.0370504737E-09 -1.3788917608E-09  2.8026041880E-09
           HessRho_EigVals = -1.4497839428E+05 -1.4497769815E+05 -1.4497659358E+05
           HessRho_EigVec1 =  7.4831753453E-01  6.2089985970E-01 -2.3346141381E-01
           HessRho_EigVec2 = -5.9211681201E-01  4.6657689551E-01 -6.5704161322E-01
           HessRho_EigVec3 = -2.9902934379E-01  6.2991218816E-01  7.1679291762E-01
           DelSqRho = -4.3493268601E+05
           Bond Ellipticity = NA
           V = -1.0874354977E+05
           G =  5.1891313129E+00
           K =  1.0873836063E+05
           L =  1.0873317150E+05
           Vnuc =  2.4286505881E+06
           Ven = -2.8575820125E+08
           Vrep =  2.8564945770E+08
           DelSqV =  2.4947960658E+09
           DelSqVen =  1.0562995077E+12
           DelSqVrep = -1.0538047198E+12
           DelSqG =  1.3400048056E+08
           DelSqK = -2.6287965463E+09
           Stress_EigVals = -3.6248163932E+04 -3.6247938758E+04 -3.6247447077E+04
           Stress_EigVec1 = -6.0270518800E-01  7.9613792945E-01  5.3952327488E-02
           Stress_EigVec2 =  1.7972648534E-01  6.9562250427E-02  9.8125403631E-01
           Stress_EigVec3 =  7.7746051142E-01  6.0110356063E-01 -1.8501260113E-01
           -DivStress = -6.2114224329E+02  8.5435271469E+02 -1.7130938214E+03
           ESP =  -1.4707981390E+01     ESP at Nucleus =  -1.4707981404E+01
           ESPe = -2.6000804439E+01     ESPe at Nucleus = -2.6000800709E+01
           ESPn =  1.1292823049E+01     ESPn at Nucleus =  1.1292819305E+01

CP# 10     Coords =  2.23677034407873E+00  2.43751460054725E+00 -2.79437456034135E+00
           Type = (3,-3) NACP H10
           Rho =  4.1258491733E-01     Rho at Nucleus =  4.0861128884E-01
           GradRho =  1.1968101206E-15 -4.6865316532E-16 -1.0614271506E-15
           HessRho_EigVals = -6.3044441739E+00 -6.3025733593E+00 -5.6785631836E+00
           HessRho_EigVec1 =  3.6334381059E-01 -3.4759224453E-01 -8.6438469841E-01
           HessRho_EigVec2 =  7.1393131868E-01  6.9996798868E-01  1.8624903448E-02
           HessRho_EigVec3 = -5.9856774680E-01  6.2387855097E-01 -5.0248602580E-01
           DelSqRho = -1.8285580717E+01
           Bond Ellipticity = NA
           V = -4.5801840327E+00
           G =  4.3944267337E-03
           K =  4.5757896059E+00
           L =  4.5713951792E+00
           Vnuc =  3.8678256159E+01
           Ven = -1.5958065120E+01
           Vrep =  1.1377881087E+01
           DelSqV =  6.8753190792E+02
           DelSqVen =  7.0725437497E+02
           DelSqVrep = -1.9722467048E+01
           DelSqG =  6.7886920986E+01
           DelSqK = -7.5541882891E+02
           Stress_EigVals = -1.5798016117E+00 -1.5789379498E+00 -1.4214444712E+00
           Stress_EigVec1 = -1.4041520526E-01  5.3310108849E-01  8.3431816448E-01
           Stress_EigVec2 =  7.8843736329E-01  5.6990687586E-01 -2.3145772186E-01
           Stress_EigVec3 = -5.9887402206E-01  6.2530743023E-01 -5.0034040753E-01
           -DivStress = -4.8518719636E+00  5.0683028083E+00 -4.0343639813E+00
           ESP =  -1.0522150654E+00     ESP at Nucleus =  -1.0549843689E+00
           ESPe = -1.2602909523E+01     ESPe at Nucleus = -1.2523860275E+01
           ESPn =  1.1550694458E+01     ESPn at Nucleus =  1.1468875906E+01

CP# 11     Coords =  4.94597528273282E+00 -7.72262371901771E-01 -1.77034700314372E+00
           Type = (3,-3) NACP C11
           Rho =  1.1765292649E+02     Rho at Nucleus =  1.1765292610E+02
           GradRho = -8.1497093045E-10  1.0072944551E-09  2.3088443985E-09
           HessRho_EigVals = -1.4496793407E+05 -1.4496732952E+05 -1.4496618811E+05
           HessRho_EigVec1 = -7.8604764052E-01 -5.6900023068E-01  2.4159437974E-01
           HessRho_EigVec2 = -3.1176833900E-01  7.0238587090E-01  6.3988638925E-01
           HessRho_EigVec3 =  5.3378798191E-01 -4.2765970799E-01  7.2950501337E-01
           DelSqRho = -4.3490145170E+05
           Bond Ellipticity = NA
           V = -1.0873574804E+05
           G =  5.1925580980E+00
           K =  1.0873055548E+05
           L =  1.0872536292E+05
           Vnuc =  2.6037928072E+06
           Ven = -3.0634384374E+08
           Vrep =  3.0623510799E+08
           DelSqV =  2.4946176980E+09
           DelSqVen =  1.1323933082E+12
           DelSqVrep = -1.1298986905E+12
           DelSqG =  1.3399082338E+08
           DelSqK = -2.6286085214E+09
           Stress_EigVals = -3.6245553792E+04 -3.6245335278E+04 -3.6244858972E+04
           Stress_EigVec1 = -6.2692759178E-01  7.7391343677E-01 -8.9553263799E-02
           Stress_EigVec2 =  9.0606207864E-02  1.8659578790E-01  9.7824972631E-01
           Stress_EigVec3 =  7.7379086953E-01  6.0517766344E-01 -1.8710340966E-01
           -DivStress =  5.9344676471E+02 -7.0597761504E+02 -1.6356736239E+03
           ESP =  -1.4707264552E+01     ESP at Nucleus =  -1.4707264565E+01
           ESPe = -2.5426237189E+01     ESPe at Nucleus = -2.5426233366E+01
           ESPn =  1.0718972636E+01     ESPn at Nucleus =  1.0718968801E+01

CP# 12     Coords =  5.88090629230341E+00 -2.23999413083291E+00 -2.76742925971450E+00
           Type = (3,-3) NACP H12
           Rho =  4.1353389277E-01     Rho at Nucleus =  4.0962919441E-01
           GradRho = -2.3923116812E-16  3.9851235749E-15  2.5674000618E-15
           HessRho_EigVals = -6.3209012312E+00 -6.3188873126E+00 -5.7011065415E+00
           HessRho_EigVec1 =  2.6416976729E-01 -4.2391221078E-01  8.6632140202E-01
           HessRho_EigVec2 =  8.4515421802E-01  5.3450879866E-01  3.8330040326E-03
           HessRho_EigVec3 = -4.6468126906E-01  7.3116262329E-01  4.9947225797E-01
           DelSqRho = -1.8340895085E+01
           Bond Ellipticity = NA
           V = -4.5941375751E+00
           G =  4.4569018835E-03
           K =  4.5896806732E+00
           L =  4.5852237713E+00
           Vnuc =  3.7739884729E+01
           Ven = -1.5606721445E+01
           Vrep =  1.1012583870E+01
           DelSqV =  6.8996840819E+02
           DelSqVen =  6.9218326635E+02
           DelSqVrep = -2.2148581622E+00
           DelSqG =  6.8134521683E+01
           DelSqK = -7.5810292987E+02
           Stress_EigVals = -1.5839337504E+00 -1.5830882677E+00 -1.4271155569E+00
           Stress_EigVec1 =  4.8849210683E-01 -2.5586017127E-01  8.3421282316E-01
           Stress_EigVec2 =  7.3772775291E-01  6.3165706499E-01 -2.3825850423E-01
           Stress_EigVec3 = -4.6597556175E-01  7.3180935018E-01  4.9731463968E-01
           -DivStress =  3.7508679713E+00 -5.8811284828E+00 -3.9848304423E+00
           ESP =  -1.0501552757E+00     ESP at Nucleus =  -1.0528824551E+00
           ESPe = -1.1378409320E+01     ESPe at Nucleus = -1.1291018827E+01
           ESPn =  1.0328254044E+01     ESPn at Nucleus =  1.0238136372E+01

CP# 13     Coords =  4.37511815683487E+00  3.72033736408592E-01  6.91698426018812E-01
           Type = (3,-3) NACP C13
           Rho =  1.1740441136E+02     Rho at Nucleus =  1.1740440772E+02
           GradRho = -3.8498697787E-11  3.5413202725E-12 -1.5230207503E-12
           HessRho_EigVals = -1.4462942876E+05 -1.4462724748E+05 -1.4462620394E+05
           HessRho_EigVec1 = -5.8692482661E-01 -4.4336009997E-01  6.7745927528E-01
           HessRho_EigVec2 =  5.2713681265E-01  4.2584166182E-01  7.3538130232E-01
           HessRho_EigVec3 = -6.1452911131E-01  7.8872726643E-01 -1.6225613571E-02
           DelSqRho = -4.3388288018E+05
           Bond Ellipticity = NA
           V = -1.0848070733E+05
           G =  4.9936424677E+00
           K =  1.0847571369E+05
           L =  1.0847072005E+05
           Vnuc =  8.4636003755E+05
           Ven = -9.9366402003E+07
           Vrep =  9.9257921296E+07
           DelSqV =  2.4887589381E+09
           DelSqVen =  3.6722112947E+11
           DelSqVrep = -3.6473237053E+11
           DelSqG =  1.3364362521E+08
           DelSqK = -2.6224025633E+09
           Stress_EigVals = -3.6160484158E+04 -3.6160477407E+04 -3.6159745764E+04
           Stress_EigVec1 = -7.6160203289E-01  5.7429401212E-01 -3.0024778292E-01
           Stress_EigVec2 =  2.4105305222E-01  6.8112064677E-01  6.9135236353E-01
           Stress_EigVec3 =  6.0154448673E-01  4.5415972101E-01 -6.5717819371E-01
           -DivStress =  4.5147834000E+03  3.5267667671E+03  4.1112142559E+02
           ESP =  -1.4640208692E+01     ESP at Nucleus =  -1.4640208892E+01
           ESPe = -2.6844638131E+01     ESPe at Nucleus = -2.6844628944E+01
           ESPn =  1.2204429440E+01     ESPn at Nucleus =  1.2204420052E+01

CP# 14     Coords =  5.69514079266116E+00  1.40490808070392E+00  1.82671949089106E+00
           Type = (3,-3) NACP H14
           Rho =  4.3338546901E-01     Rho at Nucleus =  4.2960723619E-01
           GradRho = -4.2450669136E-09 -3.3218601835E-09 -3.6947477579E-09
           HessRho_EigVals = -6.6430292399E+00 -6.6313299715E+00 -6.0123605222E+00
           HessRho_EigVec1 = -4.5167338464E-01 -3.3618137362E-01  8.2642194891E-01
           HessRho_EigVec2 =  6.1018748469E-01 -7.9217729261E-01  1.1241468239E-02
           HessRho_EigVec3 =  6.5089352980E-01  5.0934980230E-01  5.6293906576E-01
           DelSqRho = -1.9286719734E+01
           Bond Ellipticity = NA
           V = -4.8305476409E+00
           G =  4.4338537691E-03
           K =  4.8261137872E+00
           L =  4.8216799334E+00
           Vnuc =  4.0104349534E+01
           Ven = -1.7380642332E+01
           Vrep =  1.2550094691E+01
           DelSqV =  7.2661747179E+02
           DelSqVen =  7.7348136020E+02
           DelSqVrep = -4.6863888403E+01
           DelSqG =  7.1917731253E+01
           DelSqK = -7.9853520305E+02
           Stress_EigVals = -1.6629434702E+00 -1.6618386016E+00 -1.5057655692E+00
           Stress_EigVec1 =  4.5347197794E-01  3.3215030455E-01 -8.2706670856E-01
           Stress_EigVec2 = -6.0824409055E-01  7.9361244574E-01 -1.4778777983E-02
           Stress_EigVec3 =  6.5146165776E-01  5.0976019965E-01  5.6190946541E-01
           -DivStress =  5.2506876321E+00  4.1086669971E+00  4.5746840700E+00
           ESP =  -1.1021478129E+00     ESP at Nucleus =  -1.1046579120E+00
           ESPe = -1.2622958201E+01     ESPe at Nucleus = -1.2529683671E+01
           ESPn =  1.1520810388E+01     ESPn at Nucleus =  1.1425025759E+01

CP# 15     Coords = -6.84018500044983E+00 -1.67957783838701E+00 -9.68186867912256E-01
           Type = (3,-3) NACP H15
           Rho =  4.2517457732E-01     Rho at Nucleus =  4.2151671969E-01
           GradRho =  1.0405235294E-13 -5.6768812199E-14  1.4286342291E-14
           HessRho_EigVals = -6.4748946497E+00 -6.4684473265E+00 -5.8785444666E+00
           HessRho_EigVec1 =  4.1079640259E-01  8.3334978544E-01  3.6983029991E-01
           HessRho_EigVec2 = -2.7837102437E-01 -2.7162426456E-01  9.2126534272E-01
           HessRho_EigVec3 =  8.6819115891E-01 -4.8140252805E-01  1.2039816269E-01
           DelSqRho = -1.8821886443E+01
           Bond Ellipticity = NA
           V = -4.7149064383E+00
           G =  4.7174138190E-03
           K =  4.7101890245E+00
           L =  4.7054716107E+00
           Vnuc =  3.9095400181E+01
           Ven = -1.6622370247E+01
           Vrep =  1.1907463809E+01
           DelSqV =  7.0888005774E+02
           DelSqVen =  7.3584918265E+02
           DelSqVrep = -2.6969124907E+01
           DelSqG =  6.9775386953E+01
           DelSqK = -7.7865544469E+02
           Stress_EigVals = -1.6220394487E+00 -1.6215117669E+00 -1.4713552228E+00
           Stress_EigVec1 =  4.3205053261E-01  8.5457119542E-01  2.8816732851E-01
           Stress_EigVec2 = -2.4073669460E-01 -1.9865078700E-01  9.5004405619E-01
           Stress_EigVec3 =  8.6912495140E-01 -4.7983949064E-01  1.1989946656E-01
           -DivStress = -6.8233059883E+00  3.7853122613E+00 -9.4031868521E-01
           ESP =  -1.1169336218E+00     ESP at Nucleus =  -1.1193685122E+00
           ESPe = -1.1492754262E+01     ESPe at Nucleus = -1.1420355207E+01
           ESPn =  1.0375820640E+01     ESPn at Nucleus =  1.0300986695E+01

CP# 16     Coords = -5.48257723491758E+00  2.78419301456724E+00 -1.69477582702588E+00
           Type = (3,-3) NACP H16
           Rho =  4.2502764691E-01     Rho at Nucleus =  4.2136987546E-01
           GradRho = -1.2061274830E-15 -8.2586051170E-16  1.1637114612E-15
           HessRho_EigVals = -6.4717669153E+00 -6.4652037589E+00 -5.8755948010E+00
           HessRho_EigVec1 = -2.4514740475E-01  9.6945897095E-01  7.2148166994E-03
           HessRho_EigVec2 =  7.1799215225E-01  1.8654948636E-01 -6.7058672702E-01
           HessRho_EigVec3 =  6.5145223866E-01  1.5921241402E-01  7.4179605551E-01
           DelSqRho = -1.8812565475E+01
           Bond Ellipticity = NA
           V = -4.7126203003E+00
           G =  4.7394657300E-03
           K =  4.7078808345E+00
           L =  4.7031413688E+00
           Vnuc =  3.9348535750E+01
           Ven = -1.6724215559E+01
           Vrep =  1.2011595259E+01
           DelSqV =  7.0851589365E+02
           DelSqVen =  7.4024690515E+02
           DelSqVrep = -3.1731011505E+01
           DelSqG =  6.9731295681E+01
           DelSqK = -7.7824718933E+02
           Stress_EigVals = -1.6212507879E+00 -1.6207485803E+00 -1.4706209320E+00
           Stress_EigVec1 = -1.7433275005E-01  9.8310611998E-01 -5.5771400467E-02
           Stress_EigVec2 =  7.3885093832E-01  9.3157961030E-02 -6.6739859547E-01
           Stress_EigVec3 =  6.5092809373E-01  1.5755618409E-01  7.4260936276E-01
