AIMSum (Version 19.02.13, Professional)
Copyright (c) 1997-2019 by Todd A. Keith
AIMSum is a component of the AIMAll package ( http://aim.tkgristmill.com )

TP:  64-bit Linux

Much of the Quantum Theory of Atoms in Molecules (QTAIM) is described in the book:
  "Atoms in Molecules - A Quantum Theory"
  R.F.W. Bader, Oxford University Press, Oxford, 1990

For additional references see:  http://aim.tkgristmill.com/references.html

Wfn File:  /home/mhennefarth/Documents/ML_Diels/summary-levandowski2016/29-opt/29-opt.wfn
Sum File:  /home/mhennefarth/Documents/ML_Diels/summary-levandowski2016/29-opt/29-opt.sum

SumViz File:  /home/mhennefarth/Documents/ML_Diels/summary-levandowski2016/29-opt/29-opt.sumviz

Wfn Title:   Title Card Required                                                           
 
Total memory allocated for AIMSum =        0.799 Megabytes

Atomic units (a.u.) used throughout, except where stated otherwise

Model:  Restricted SCF
 
Restricted, closed-shell, single-determinant wavefunction.
  Number of electrons (from MO Occs)                   =          60.0000000000
  Number of Alpha electrons (from MO Occs)             =          30.0000000000
  Number of Beta electrons (from MO Occs)              =          30.0000000000
  Number of electron pairs (N*(N-1)/2)                 =        1770.0000000000
  Number of electron pairs (from Muller 2EDM)          =        1770.0000000000
 
Nuclear Charges and Cartesian Coordinates:
-------------------------------------------------------------------------------
Atom      Charge                X                  Y                  Z
-------------------------------------------------------------------------------
C1         6.0          -5.2708305200E+00   2.5912777900E+00  -9.7950430000E-01
H2         1.0          -6.0693358700E+00   4.4808371500E+00  -9.1653709000E-01
C3         6.0          -5.4505515800E+00   1.0162282200E+00   9.9320070000E-01
H4         1.0          -6.3539939000E+00   1.6946534900E+00   2.7160826800E+00
C5         6.0          -4.2314441400E+00  -3.1588531200E+00  -8.7721548000E-01
H6         1.0          -3.4740272100E+00  -5.0526333900E+00  -6.4760390000E-01
C7         6.0          -4.4806438100E+00  -1.5864026100E+00   1.0936155800E+00
H8         1.0          -3.9717134700E+00  -2.2747477600E+00   2.9682519300E+00
C9         6.0           4.0172569200E+00   2.2542051100E+00   5.6645725000E-01
C10        6.0           2.6577995100E+00   3.7546804000E-01  -2.8850240000E-01
C11        6.0           5.3868915300E+00   2.7390391000E-01  -8.1842101000E-01
H12        1.0           4.1291837700E+00   3.9970078300E+00   1.6258295100E+00
H13        1.0           8.4457851000E-01  -5.5515557000E-01  -4.4361893000E-01
H14        1.0          -4.3059752100E+00   2.0557498200E+00  -2.7128012100E+00
H15        1.0          -4.8140107800E+00  -2.6201498500E+00  -2.7725579200E+00
F16        9.0           6.8916517200E+00  -1.4270742400E+00   5.2576887000E-01
H17        1.0           6.2195611900E+00   5.2314240000E-01  -2.6867469800E+00
 
Some Atomic Properties:
----------------------
  q(A) = Net Charge of Atom A
  L(A) = Lagrangian of Atom A = -(1/4) Times Atomic Integral of the Laplacian of the Electron Density
  K(A) = Electronic Kinetic Energy of Atom A (Hamiltonian Form)
  K_Scaled(A) = K(A) * E(Mol)/K(Mol) = Approximation to Virial-Based Total Energy of Atom A.
  |Mu_Intra(A)| = Magnitude of Intraatomic Dipole Moment of Atom A
--------------------------------------------------------------------------------------------------
Atom A          q(A)              L(A)              K(A)          K_Scaled(A)      |Mu_Intra(A)|
--------------------------------------------------------------------------------------------------
C1       -8.5684548300E-02 -2.8958022137E-04  3.7703928501E+01 -3.8047819624E+01  1.0921603019E-01
H2        4.5751044420E-02  2.0505419873E-05  5.9356831101E-01 -5.9898214667E-01  1.4731817635E-01
C3       -2.9328655000E-02 -8.6146744717E-05  3.7700649778E+01 -3.8044510995E+01  7.6610711831E-02
H4        3.5979938110E-02  2.5085887270E-05  6.0135431206E-01 -6.0683916251E-01  1.5068940267E-01
C5       -9.4511649800E-02 -6.1715397137E-05  3.7706039657E+01 -3.8049950035E+01  1.1750921530E-01
H6        4.8068814950E-02  2.3443394394E-05  5.9248807890E-01 -5.9789206194E-01  1.4678202690E-01
C7       -3.5326267900E-02  1.0899387678E-04  3.7704001683E+01 -3.8047893473E+01  7.8271865267E-02
H8        3.7617244370E-02  2.3179726141E-05  6.0068661842E-01 -6.0616537895E-01  1.5015039322E-01
C9       -1.2672698550E-01 -1.4919625831E-05  3.7772912498E+01 -3.8117432811E+01  2.5161544624E-01
C10      -1.2462679460E-01  3.9381496578E-06  3.7772754072E+01 -3.8117272941E+01  2.8105633170E-01
C11       5.8928732730E-01 -9.6412875543E-05  3.7283410090E+01 -3.7623465735E+01  5.7370774614E-01
H12       1.1517663965E-01  2.0357461507E-05  5.5849672961E-01 -5.6359068333E-01  1.4388700770E-01
H13       1.3435706224E-01  1.5510397884E-05  5.4968153074E-01 -5.5469508254E-01  1.3639545808E-01
H14       4.1270373220E-02  2.4251755593E-05  5.9439672632E-01 -5.9981811782E-01  1.4831734297E-01
H15       4.4414269750E-02  2.4835786850E-05  5.9316178506E-01 -5.9857191287E-01  1.4776511102E-01
F16      -6.4466908910E-01  4.5178937919E-05  9.9555525097E+01 -1.0046355412E+02  2.5102731832E-01
H17       4.8834835360E-02  2.5503502567E-05  6.0265488101E-01 -6.0815159373E-01  1.5645268021E-01
--------------------------------------------------------------------------------------------------
Total    -1.1644083000E-04 -1.8799056816E-04  3.6848571035E+02 -3.7184660587E+02
 
1st Largest |L(A)| = 2.8958022137E-04, atom C1      
2nd Largest |L(A)| = 1.0899387678E-04, atom C7      
 
Molecular charge q(Mol) from the wfn file:   0.0000000000E+00
Molecular energy E(Mol) from the wfn file:  -3.7184673079E+02
Molecular virial ratio (-V(Mol)/T(Mol)) from the wfn file:   2.0091208300E+00
Note.  K_Scaled(A) = (1+V(Mol)/T(Mol))*K(A) = (E(Mol)/T(Mol))*K(A)
       Only use K_Scaled(A) data with caution.
 
N_AIMInt(SumA)     =         60.000116
N_Analytic(Mol)    =         59.999990
 
G_AIMInt(SumA)     =        368.485898
G_Analytic(Mol)    =        368.485810
 
K_AIMInt(SumA)     =        368.485710
K_Analytic(Mol)    =        368.485810
 
L_AIMInt(SumA)     =         -0.000188
L_Analytic(Mol)    =          0.000000
 
VenT_AIMInt(SumA)  =      -1470.934765
VenT_Analytic(Mol) =      -1470.933670
 
Some Information About the Atomic Calculations:
----------------------------------------------
  Time(sec) = "Elapsed User Time", in Seconds, for Atom A by AIMInt and, if used, by TWOe
  NProc = Number of Processors Used for AIMInt Job
  BIM = Basin Integration Method
  OAQ = Angular Quadrature Outside of Beta Sphere
  ORQ = Multiple of Default for Radial Quadrature Outside of Beta Sphere
  IAQ = Multiple of Default for Angular Quadrature Inside of Beta Sphere
  IRQ = Multiple of Default for Radial Quadrature Inside of Beta Sphere
  MIR = Maximum Integration Radius
------------------------------------------------------------------------------------------------------
Atom A     Time(sec)   NProc      BIM          OAQ                     ORQ      IAQ      IRQ      MIR
------------------------------------------------------------------------------------------------------
C1             28        8     Proaim(5)    4500(GS4)                  1.00     1.00     1.00    13.00
H2              4        8     Proaim(5)    1800(GS4)                  1.00     1.00     1.00    13.00
C3             32        8     Proaim(5)    4500(GS4)                  1.00     1.00     1.00    13.00
H4              5        8     Proaim(5)    1800(GS4)                  1.00     1.00     1.00    13.00
C5             30        8     Proaim(5)    4500(GS4)                  1.00     1.00     1.00    13.00
H6              6        8     Proaim(5)    1800(GS4)                  1.00     1.00     1.00    13.00
C7             42        8     Proaim(5)    4500(GS4)                  1.00     1.00     1.00    13.00
H8              6        8     Proaim(5)    1800(GS4)                  1.00     1.00     1.00    13.00
C9             22        8     Proaim(5)    4500(GS4)                  1.00     1.00     1.00    13.00
C10            19        8     Proaim(5)    4500(GS4)                  1.00     1.00     1.00    13.00
C11            19        8     Proaim(5)    4500(GS4)                  1.00     1.00     1.00    13.00
H12             6        8     Proaim(5)    1800(GS4)                  1.00     1.00     1.00    13.00
H13            20        8     Proaim(5)    4500(GS4)                  1.00     1.00     1.00    13.00
H14            11        8     Proaim(5)    1800(GS4)                  1.00     1.00     1.00    13.00
H15             7        8     Proaim(5)    1800(GS4)                  1.00     1.00     1.00    13.00
F16             7        8     Proaim(5)    2700(GS4)                  1.00     1.00     1.00    13.00
H17             5        8     Proaim(5)    1800(GS4)                  1.00     1.00     1.00    13.00
------------------------------------------------------------------------------------------------------
Total         269
Note:  Total wall clock time is less than total of atomic times if more than one atom
       was calculated at a time
 
Electron Density Critical Point Analysis of Molecular Structure:               
---------------------------------------------------------------                
  NACP = Nuclear Attractor Critical Point                                      
  NNACP = Non-Nuclear Attractor Critical Point                                 
  BCP = Bond Critical Point                                                    
  RCP = Ring Critical Point                                                    
  CCP = Cage Critical Point                                                    
  Rho = Electron Density                                                       
  GradRho = Gradient of Electron Density                                       
  HessRho_EigVals = Eigenvalues of the Hessian of Rho, Ascending Order         
  HessRho_EigVecs = Eigenvectors of the Hessian of Rho                         
  DelSqRho = Laplacian of Rho = Trace of Hessian of Rho                        
  Bond Ellipticity = (HessRho_EigVal(1) / HessRho_EigVal(2)) - 1               
  V = Virial Field = Potential Energy Density = Trace of Stress Tensor         
  G = Lagrangian Form of Kinetic Energy Density                                
  K = Hamiltonian Form of Kinetic Energy Density                               
  L = K - G = Lagrangian Density = (-1/4)DelSqRho                              
  Vnuc = Electrostatic Potential from Nuclei                                   
  Ven = Electron-nuclear attractive contribution to Virial Field V             
  Vrep = V - Ven = Repulsive contribution to Virial Field V                    
  DelSqV = Laplacian of V                                                      
  DelSqVen = Laplacian of Ven                                                  
  DelSqVrep = Laplacian of Vrep                                                
  DelSqG = Laplacian of G                                                      
  DelSqK = Laplacian of K                                                      
  Stress_EigVals = Eigenvalues of Stress Tensor, Ascending Order               
  Stress_EigVecs = Eigenvectors of Stress Tensor                               
  -DivStress = Ehrenfest Force Density = Minus Divergence of Stress Tensor     
  ESP = Total Electrostatic Potential                                          
  ESPe = Electrostatic Potential from Electrons                                
  ESPn = Electrostatic Potential from Nuclei                                   
  BP = Bond Path                                                               
  BPL = Bond Path Length                                                       
  GBL = Geometric Bond Length                                                  
  GBL_I = Distance Between Nuclear Attractors                                  
  GBL_II = Distance Between Nuclei                                             
  GBL_III = Sum of Distances Between BCP and Nuclear Attractors                
  GBL_IV = Sum of Distances Between BCP and Nuclei                             

CP# 1      Coords = -5.27083060172386E+00  2.59127832018701E+00 -9.79505015963119E-01
           Type = (3,-3) NACP C1
           Rho =  1.1767723221E+02     Rho at Nucleus =  1.1767723215E+02
           GradRho = -7.8623496602E-12  1.2368264052E-10 -1.3192325010E-10
           HessRho_EigVals = -1.4500471182E+05 -1.4500374410E+05 -1.4500358052E+05
           HessRho_EigVec1 =  8.3614366388E-01  3.5694655629E-01  4.1647680525E-01
           HessRho_EigVec2 = -5.4178845838E-01  6.5596440499E-01  5.2552446732E-01
           HessRho_EigVec3 = -8.5609810894E-02 -6.6505627983E-01  7.4187000541E-01
           DelSqRho = -4.3501203643E+05
           Bond Ellipticity = NA
           V = -1.0876324352E+05
           G =  5.1172048471E+00
           K =  1.0875812631E+05
           L =  1.0875300911E+05
           Vnuc =  6.7066195990E+06
           Ven = -7.8921643189E+08
           Vrep =  7.8910766865E+08
           DelSqV =  2.4952553552E+09
           DelSqVen =  2.9174607380E+12
           DelSqVrep = -2.9149654827E+12
           DelSqG =  1.3403168065E+08
           DelSqK = -2.6292870358E+09
           Stress_EigVals = -3.6254661526E+04 -3.6254558116E+04 -3.6254023876E+04
           Stress_EigVec1 = -5.6788112971E-02 -6.7403803751E-01  7.3651057984E-01
           Stress_EigVec2 = -5.2271883252E-01  6.4858436317E-01  5.5326607160E-01
           Stress_EigVec3 =  8.5061162251E-01  3.5356901425E-01  3.8916425813E-01
           -DivStress =  6.6068582995E+01 -4.3239470680E+02  5.8194558715E+02
           ESP =  -1.4738349265E+01     ESP at Nucleus =  -1.4738349276E+01
           ESPe = -2.4037603696E+01     ESPe at Nucleus = -2.4037604790E+01
           ESPn =  9.2992544318E+00     ESPn at Nucleus =  9.2992555143E+00

CP# 2      Coords = -6.05564428412890E+00  4.44853679627699E+00 -9.17669954923424E-01
           Type = (3,-3) NACP H2
           Rho =  4.2530167027E-01     Rho at Nucleus =  4.2158572104E-01
           GradRho =  3.4690809687E-10 -8.1850297547E-10 -2.8731048140E-11
           HessRho_EigVals = -6.4764080981E+00 -6.4701748828E+00 -5.8740252697E+00
           HessRho_EigVec1 = -3.0012482165E-01 -1.5901638374E-01  9.4055243401E-01
           HessRho_EigVec2 =  8.7075576705E-01  3.5693887314E-01  3.3819969691E-01
           HessRho_EigVec3 = -3.8949901871E-01  9.2049357985E-01  3.1338217556E-02
           DelSqRho = -1.8820608250E+01
           Bond Ellipticity = NA
           V = -4.7143963405E+00
           G =  4.6221389542E-03
           K =  4.7097742016E+00
           L =  4.7051520626E+00
           Vnuc =  3.8134253442E+01
           Ven = -1.6218561684E+01
           Vrep =  1.1504165343E+01
           DelSqV =  7.0856737811E+02
           DelSqVen =  7.1770984640E+02
           DelSqVrep = -9.1424682926E+00
           DelSqG =  6.9744169163E+01
           DelSqK = -7.7831154727E+02
           Stress_EigVals = -1.6224039960E+00 -1.6219197270E+00 -1.4700726175E+00
           Stress_EigVec1 = -3.9062725587E-01 -1.9428829520E-01  8.9981242785E-01
           Stress_EigVec2 =  8.3434941143E-01  3.3826269049E-01  4.3524638065E-01
           Stress_EigVec3 = -3.8893625007E-01  9.2077706888E-01  2.9969698198E-02
           -DivStress = -3.0898737477E+00  7.2904309506E+00  2.5445574573E-01
           ESP =  -1.1016556296E+00     ESP at Nucleus =  -1.1041409681E+00
           ESPe = -1.0746409632E+01     ESPe at Nucleus = -1.0668711202E+01
           ESPn =  9.6447540019E+00     ESPn at Nucleus =  9.5645702334E+00

CP# 3      Coords = -5.45055125461605E+00  1.01622685381780E+00  9.93201472363533E-01
           Type = (3,-3) NACP C3
           Rho =  1.1765659289E+02     Rho at Nucleus =  1.1765659271E+02
           GradRho =  2.0625968988E-10 -7.7110935345E-10  4.5259013464E-10
           HessRho_EigVals = -1.4497141967E+05 -1.4497051135E+05 -1.4497016796E+05
           HessRho_EigVec1 =  9.0230345768E-01  2.8896948669E-01  3.1991421666E-01
           HessRho_EigVec2 = -3.8001848396E-01  8.8354395067E-01  2.7374447773E-01
           HessRho_EigVec3 = -2.0355446965E-01 -3.6857390439E-01  9.0703850794E-01
           DelSqRho = -4.3491209898E+05
           Bond Ellipticity = NA
           V = -1.0873824102E+05
           G =  5.1081367619E+00
           K =  1.0873313288E+05
           L =  1.0872802475E+05
           Vnuc =  3.7435276905E+06
           Ven = -4.4045071347E+08
           Vrep =  4.4034197523E+08
           DelSqV =  2.4946755825E+09
           DelSqVen =  1.6281055232E+12
           DelSqVrep = -1.6256108476E+12
           DelSqG =  1.3399274441E+08
           DelSqK = -2.6286683269E+09
           Stress_EigVals = -3.6246351823E+04 -3.6246188022E+04 -3.6245701174E+04
           Stress_EigVec1 = -1.7268797371E-01 -4.4218863610E-01  8.8014093976E-01
           Stress_EigVec2 = -4.1804295220E-01  8.4199613175E-01  3.4100235224E-01
           Stress_EigVec3 =  8.9186263172E-01  3.0904971157E-01  3.3025644873E-01
           -DivStress = -2.6548693331E+02  1.1108110949E+03 -6.2379335700E+02
           ESP =  -1.4728441464E+01     ESP at Nucleus =  -1.4728441483E+01
           ESPe = -2.5041709738E+01     ESPe at Nucleus = -2.5041709650E+01
           ESPn =  1.0313268274E+01     ESPn at Nucleus =  1.0313268167E+01

CP# 4      Coords = -6.33886367517018E+00  1.68318024607481E+00  2.68740920468061E+00
           Type = (3,-3) NACP H4
           Rho =  4.2884101654E-01     Rho at Nucleus =  4.2522766851E-01
           GradRho =  3.4308493546E-15 -2.5407193710E-15 -5.1696927988E-15
           HessRho_EigVals = -6.5556968203E+00 -6.5479507802E+00 -5.9564603205E+00
           HessRho_EigVec1 =  1.9877247971E-01 -8.6891102704E-01  4.5330246901E-01
           HessRho_EigVec2 =  8.7560941637E-01  3.6521615135E-01  3.1610965306E-01
           HessRho_EigVec3 = -4.4022454642E-01  3.3408201073E-01  8.3342159729E-01
           DelSqRho = -1.9060107921E+01
           Bond Ellipticity = NA
           V = -4.7740821092E+00
           G =  4.5275644648E-03
           K =  4.7695545447E+00
           L =  4.7650269802E+00
           Vnuc =  3.9474721647E+01
           Ven = -1.6928379759E+01
           Vrep =  1.2154297650E+01
           DelSqV =  7.1840217328E+02
           DelSqVen =  7.5239245475E+02
           DelSqVrep = -3.3990281464E+01
           DelSqG =  7.0942272272E+01
           DelSqK = -7.8934444556E+02
           Stress_EigVals = -1.6420359839E+00 -1.6409994088E+00 -1.4910467165E+00
           Stress_EigVec1 =  1.1779148473E-01 -8.9930143491E-01  4.2116753826E-01
           Stress_EigVec2 =  8.9025207222E-01  2.8354095960E-01  3.5644883523E-01
           Stress_EigVec3 = -4.3997319694E-01  3.3295863616E-01  8.3400367660E-01
           -DivStress = -3.4572602460E+00  2.6212405886E+00  6.5521561673E+00
           ESP =  -1.1028280061E+00     ESP at Nucleus =  -1.1052513686E+00
           ESPe = -1.1500006788E+01     ESPe at Nucleus = -1.1419065468E+01
           ESPn =  1.0397178782E+01     ESPn at Nucleus =  1.0313814100E+01

CP# 5      Coords = -4.23144373925408E+00 -3.15885354184365E+00 -8.77216113940031E-01
           Type = (3,-3) NACP C5
           Rho =  1.1768355758E+02     Rho at Nucleus =  1.1768355752E+02
           GradRho =  2.9664631862E-11 -8.6566025181E-11 -9.8614991173E-11
           HessRho_EigVals = -1.4501457109E+05 -1.4501358889E+05 -1.4501344685E+05
           HessRho_EigVec1 =  9.0497102990E-01  3.6667782658E-01 -2.1581197033E-01
           HessRho_EigVec2 = -4.1742418461E-01  6.6696544017E-01 -6.1718242986E-01
           HessRho_EigVec3 = -8.2367986201E-02  6.4861735493E-01  7.5664459407E-01
           DelSqRho = -4.3504160683E+05
           Bond Ellipticity = NA
           V = -1.0877064201E+05
           G =  5.1201510480E+00
           K =  1.0876552186E+05
           L =  1.0876040171E+05
           Vnuc =  6.9728453937E+06
           Ven = -8.2058925237E+08
           Vrep =  8.2048048173E+08
           DelSqV =  2.4954265735E+09
           DelSqVen =  3.0334782013E+12
           DelSqVrep = -3.0309827748E+12
           DelSqG =  1.3404277432E+08
           DelSqK = -2.6294693478E+09
           Stress_EigVals = -3.6257124587E+04 -3.6257027324E+04 -3.6256490099E+04
           Stress_EigVec1 = -1.0563465152E-01  6.6878318879E-01  7.3591464640E-01
           Stress_EigVec2 = -3.9237599929E-01  6.5197429962E-01 -6.4882246248E-01
           Stress_EigVec3 =  9.1371899158E-01  3.5729337949E-01 -1.9354339407E-01
           -DivStress = -3.2400739892E+02  3.4473100249E+02  5.1535296250E+02
           ESP =  -1.4737165538E+01     ESP at Nucleus =  -1.4737165548E+01
           ESPe = -2.4198173961E+01     ESPe at Nucleus = -2.4198174825E+01
           ESPn =  9.4610084231E+00     ESPn at Nucleus =  9.4610092769E+00

CP# 6      Coords = -3.48701105837989E+00 -5.02018985489094E+00 -6.51579535959380E-01
           Type = (3,-3) NACP H6
           Rho =  4.2488093638E-01     Rho at Nucleus =  4.2115501803E-01
           GradRho = -4.1280392863E-10  1.0316637308E-09 -1.2648587695E-10
           HessRho_EigVals = -6.4686376812E+00 -6.4624003151E+00 -5.8657509476E+00
           HessRho_EigVec1 = -1.0163812951E-01 -1.6007485862E-01 -9.8185830458E-01
           HessRho_EigVec2 =  9.2391027025E-01  3.5076238718E-01 -1.5282526057E-01
           HessRho_EigVec3 = -3.6886244477E-01  9.2268184515E-01 -1.1224397295E-01
           DelSqRho = -1.8796788944E+01
           Bond Ellipticity = NA
           V = -4.7084347594E+00
           G =  4.6187616831E-03
           K =  4.7038159977E+00
           L =  4.6991972360E+00
           Vnuc =  3.8495720718E+01
           Ven = -1.6356097865E+01
           Vrep =  1.1647663106E+01
           DelSqV =  7.0759800309E+02
           DelSqVen =  7.2359593939E+02
           DelSqVrep = -1.5997936295E+01
           DelSqG =  6.9637630752E+01
           DelSqK = -7.7723563384E+02
           Stress_EigVals = -1.6204667286E+00 -1.6199642929E+00 -1.4680037378E+00
           Stress_EigVec1 =  1.8764847782E-01  1.9059579078E-01  9.6356696358E-01
           Stress_EigVec2 = -9.1044654297E-01 -3.3439536656E-01  2.4344779980E-01
           Stress_EigVec3 = -3.6861245391E-01  9.2295881997E-01 -1.1077849729E-01
           -DivStress =  2.9268021432E+00 -7.3133925168E+00  8.9484643582E-01
           ESP =  -1.1002359777E+00     ESP at Nucleus =  -1.1027288093E+00
           ESPe = -1.1163093379E+01     ESPe at Nucleus = -1.1088418673E+01
           ESPn =  1.0062857401E+01     ESPn at Nucleus =  9.9856898641E+00

CP# 7      Coords = -4.48064407307786E+00 -1.58640129879242E+00  1.09361619667817E+00
           Type = (3,-3) NACP C7
           Rho =  1.1766964051E+02     Rho at Nucleus =  1.1766964036E+02
           GradRho = -1.2369367336E-10  6.4402365212E-10  3.1875658276E-10
           HessRho_EigVals = -1.4499050954E+05 -1.4498952993E+05 -1.4498921476E+05
           HessRho_EigVec1 =  9.4962081333E-01  2.8505611745E-01 -1.3024331383E-01
           HessRho_EigVec2 = -3.1303943041E-01  8.8269903771E-01 -3.5049782287E-01
           HessRho_EigVec3 =  1.5054099225E-02  3.7361132040E-01  9.2746318275E-01
           DelSqRho = -4.3496925423E+05
           Bond Ellipticity = NA
           V = -1.0875252783E+05
           G =  5.1071385316E+00
           K =  1.0874742070E+05
           L =  1.0874231356E+05
           Vnuc =  4.0742333701E+06
           Ven = -4.7941357603E+08
           Vrep =  4.7930482350E+08
           DelSqV =  2.4950052384E+09
           DelSqVen =  1.7721663324E+12
           DelSqVrep = -1.7696713763E+12
           DelSqG =  1.3401320382E+08
           DelSqK = -2.6290184422E+09
           Stress_EigVals = -3.6251114359E+04 -3.6250959156E+04 -3.6250454320E+04
           Stress_EigVec1 = -1.8078173146E-02  4.4969024602E-01  8.9300160263E-01
           Stress_EigVec2 = -3.3392500941E-01  8.3914774742E-01 -4.2933104486E-01
           Stress_EigVec3 =  9.4242626648E-01  3.0595708953E-01 -1.3499256136E-01
           -DivStress =  2.1498375847E+02 -1.0662078955E+03 -4.9753673612E+02
           ESP =  -1.4726818140E+01     ESP at Nucleus =  -1.4726818156E+01
           ESPe = -2.5268542438E+01     ESPe at Nucleus = -2.5268542453E+01
           ESPn =  1.0541724298E+01     ESPn at Nucleus =  1.0541724296E+01

CP# 8      Coords = -3.98026208336903E+00 -2.26311200893691E+00  2.93699050695487E+00
           Type = (3,-3) NACP H8
           Rho =  4.2865641608E-01     Rho at Nucleus =  4.2503594770E-01
           GradRho = -2.1341023566E-11  2.9055888880E-11 -7.7982221714E-11
           HessRho_EigVals = -6.5523539803E+00 -6.5447213954E+00 -5.9526010748E+00
           HessRho_EigVec1 = -2.9119757946E-01  8.6743328688E-01  4.0343954012E-01
           HessRho_EigVec2 = -9.2374881369E-01 -3.6462039075E-01  1.1721817207E-01
           HessRho_EigVec3 =  2.4878122704E-01 -3.3854314860E-01  9.0746704491E-01
           DelSqRho = -1.9049676451E+01
           Bond Ellipticity = NA
           V = -4.7714235159E+00
           G =  4.5022016215E-03
           K =  4.7669213143E+00
           L =  4.7624191126E+00
           Vnuc =  3.9937064247E+01
           Ven = -1.7119278829E+01
           Vrep =  1.2347855313E+01
           DelSqV =  7.1796263196E+02
           DelSqVen =  7.6078815243E+02
           DelSqVrep = -4.2825520476E+01
           DelSqG =  7.0895665948E+01
           DelSqK = -7.8885829790E+02
           Stress_EigVals = -1.6412142712E+00 -1.6401138644E+00 -1.4900953803E+00
           Stress_EigVec1 = -2.0225373531E-01  8.9864319683E-01  3.8927346601E-01
           Stress_EigVec2 = -9.4731244246E-01 -2.8033292668E-01  1.5495995151E-01
           Stress_EigVec3 =  2.4837987621E-01 -3.3742236886E-01  9.0799426324E-01
           -DivStress =  1.9521708013E+00 -2.6568240552E+00  7.1394666231E+00
           ESP =  -1.1015574771E+00     ESP at Nucleus =  -1.1039840032E+00
           ESPe = -1.1998117402E+01     ESPe at Nucleus = -1.1920313202E+01
           ESPn =  1.0896559925E+01     ESPn at Nucleus =  1.0816329198E+01

CP# 9      Coords =  4.01725795898458E+00  2.25420341726138E+00  5.66456389095660E-01
           Type = (3,-3) NACP C9
           Rho =  1.1765239153E+02     Rho at Nucleus =  1.1765239119E+02
           GradRho =  9.9835866868E-10 -1.7435303642E-09 -8.7577328593E-10
           HessRho_EigVals = -1.4496757971E+05 -1.4496699057E+05 -1.4496582089E+05
           HessRho_EigVec1 =  2.4165351999E-01 -5.7684120505E-01  7.8029340663E-01
           HessRho_EigVec2 = -1.1338343784E-01  7.8183196035E-01  6.1309296343E-01
           HessRho_EigVec3 =  9.6371560758E-01  2.3662842167E-01 -1.2352820634E-01
           DelSqRho = -4.3490039116E+05
           Bond Ellipticity = NA
           V = -1.0873548403E+05
           G =  5.1931196043E+00
           K =  1.0873029091E+05
           L =  1.0872509779E+05
           Vnuc =  2.7717326275E+06
           Ven = -3.2610097231E+08
           Vrep =  3.2599223683E+08
           DelSqV =  2.4946119828E+09
           DelSqVen =  1.2054276547E+12
           DelSqVrep = -1.2029330427E+12
           DelSqG =  1.3399081443E+08
           DelSqK = -2.6286027972E+09
           Stress_EigVals = -3.6245463438E+04 -3.6245249151E+04 -3.6244771441E+04
           Stress_EigVec1 =  6.2930958949E-01  7.1944871964E-01  2.9387579075E-01
           Stress_EigVec2 = -7.4582464531E-01  4.5280934749E-01  4.8857885063E-01
           Stress_EigVec3 =  2.1843772347E-01 -5.2664716332E-01  8.2153985073E-01
           -DivStress = -8.4712094402E+02  1.3802321214E+03  7.0053484560E+02
           ESP =  -1.4717571174E+01     ESP at Nucleus =  -1.4717571185E+01
           ESPe = -2.5289131013E+01     ESPe at Nucleus = -2.5289128005E+01
           ESPn =  1.0571559839E+01     ESPn at Nucleus =  1.0571556821E+01

CP# 10     Coords =  2.65780203037343E+00  3.75468092177172E-01 -2.88502527958755E-01
           Type = (3,-3) NACP C10
           Rho =  1.1766487763E+02     Rho at Nucleus =  1.1766487716E+02
           GradRho =  3.4955776381E-09  6.7750072046E-11 -1.8559767221E-10
           HessRho_EigVals = -1.4498387189E+05 -1.4498313575E+05 -1.4498206836E+05
           HessRho_EigVec1 =  2.6485316326E-01 -5.2688139582E-01  8.0761921513E-01
           HessRho_EigVec2 =  9.3911721195E-01  3.3105009422E-01 -9.2003789830E-02
           HessRho_EigVec3 = -2.1888733206E-01  7.8281660040E-01  5.8248305212E-01
           DelSqRho = -4.3494907600E+05
           Bond Ellipticity = NA
           V = -1.0874763910E+05
           G =  5.1850492954E+00
           K =  1.0874245405E+05
           L =  1.0873726900E+05
           Vnuc =  2.3770406310E+06
           Ven = -2.7969419496E+08
           Vrep =  2.7958544732E+08
           DelSqV =  2.4948906860E+09
           DelSqVen =  1.0338916106E+12
           DelSqVrep = -1.0313967199E+12
           DelSqG =  1.3400661676E+08
           DelSqK = -2.6288973028E+09
           Stress_EigVals = -3.6249526917E+04 -3.6249303635E+04 -3.6248808546E+04
           Stress_EigVec1 =  5.1540599677E-01  7.7397120129E-01  3.6786578813E-01
           Stress_EigVec2 = -8.2988173860E-01  3.4376672953E-01  4.3945504389E-01
           Stress_EigVec3 =  2.1366552934E-01 -5.3178286475E-01  8.1948400004E-01
           -DivStress = -2.0536461265E+03 -4.1341885259E+01  1.0329081971E+02
           ESP =  -1.4719259612E+01     ESP at Nucleus =  -1.4719259628E+01
           ESPe = -2.5913718355E+01     ESPe at Nucleus = -2.5913715630E+01
           ESPn =  1.1194458743E+01     ESPn at Nucleus =  1.1194456002E+01

CP# 11     Coords =  5.38689158410045E+00  2.73901046596130E-01 -8.18414691064277E-01
           Type = (3,-3) NACP C11
           Rho =  1.1739903564E+02     Rho at Nucleus =  1.1739903216E+02
           GradRho = -2.6111277420E-11 -1.0145042358E-13 -8.2435024518E-13
           HessRho_EigVals = -1.4462255940E+05 -1.4462047257E+05 -1.4461945396E+05
           HessRho_EigVec1 =  6.2012485471E-01 -6.4997631195E-01  4.3929028953E-01
           HessRho_EigVec2 =  5.5652513154E-01 -3.0185505105E-02 -8.3028224915E-01
           HessRho_EigVec3 =  5.5292399345E-01  7.5935474529E-01  3.4300937054E-01
           DelSqRho = -4.3386248593E+05
           Bond Ellipticity = NA
           V = -1.0847560682E+05
           G =  4.9926673441E+00
           K =  1.0847061415E+05
           L =  1.0846562148E+05
           Vnuc =  8.6485789943E+05
           Ven = -1.0153348336E+08
           Vrep =  1.0142500775E+08
           DelSqV =  2.4886422810E+09
           DelSqVen =  3.7522939750E+11
           DelSqVrep = -3.7274075522E+11
           DelSqG =  1.3363719345E+08
           DelSqK = -2.6222794744E+09
           Stress_EigVals = -3.6158770112E+04 -3.6158766529E+04 -3.6158070176E+04
           Stress_EigVec1 =  7.1276014091E-01  6.9965347207E-01  4.9578226570E-02
           Stress_EigVec2 =  3.5503941952E-01 -2.9892362458E-01 -8.8577179750E-01
           Stress_EigVec3 = -6.0491321040E-01  6.4894505599E-01 -4.6146540737E-01
           -DivStress = -3.5199239867E+01  2.3147926934E+03 -5.1224807980E+03
           ESP =  -1.4650127481E+01     ESP at Nucleus =  -1.4650127673E+01
           ESPe = -2.6112047592E+01     ESPe at Nucleus = -2.6112040711E+01
           ESPn =  1.1461920111E+01     ESPn at Nucleus =  1.1461913038E+01

CP# 12     Coords =  4.12715580179792E+00  3.96604513248738E+00  1.60703290119562E+00
           Type = (3,-3) NACP H12
           Rho =  4.1411021591E-01     Rho at Nucleus =  4.1024110424E-01
           GradRho = -2.3739419989E-12 -3.6883080378E-11 -2.2407503306E-11
           HessRho_EigVals = -6.3308354291E+00 -6.3288275858E+00 -5.7143051930E+00
           HessRho_EigVec1 =  9.9863254690E-01 -4.1796504258E-02 -3.1402046078E-02
           HessRho_EigVec2 =  5.0702822501E-03 -5.2040320115E-01  8.5390561567E-01
           HessRho_EigVec3 =  5.2031995002E-02  8.5289715703E-01  5.1947965411E-01
           DelSqRho = -1.8373968208E+01
           Bond Ellipticity = NA
           V = -4.6024941757E+00
           G =  4.5010618831E-03
           K =  4.5979931139E+00
           L =  4.5934920520E+00
           Vnuc =  3.7931043843E+01
           Ven = -1.5707632756E+01
           Vrep =  1.1105138580E+01
           DelSqV =  6.9139990614E+02
           DelSqVen =  6.9694379374E+02
           DelSqVrep = -5.5438875984E+00
           DelSqG =  6.8284421547E+01
           DelSqK = -7.5968432769E+02
           Stress_EigVals = -1.5864471347E+00 -1.5855906029E+00 -1.4304564381E+00
           Stress_EigVec1 =  9.5601921399E-01  1.0525333630E-01 -2.7376814584E-01
           Stress_EigVec2 =  2.8817593063E-01 -5.1085038803E-01  8.0992994392E-01
           Stress_EigVec3 =  5.4606734767E-02  8.5320197858E-01  5.1871426457E-01
           -DivStress =  4.4865692881E-01  6.8305294920E+00  4.1462129245E+00
           ESP =  -1.0594288422E+00     ESP at Nucleus =  -1.0621295008E+00
           ESPe = -1.1425772102E+01     ESPe at Nucleus = -1.1341312150E+01
           ESPn =  1.0366343260E+01     ESPn at Nucleus =  1.0279182649E+01

CP# 13     Coords =  8.77382657946492E-01 -5.38312293035762E-01 -4.40800832223692E-01
           Type = (3,-3) NACP H13
           Rho =  4.1035315885E-01     Rho at Nucleus =  4.0637964370E-01
           GradRho =  2.2459250200E-09  1.1511414018E-09  1.9126066414E-10
           HessRho_EigVals = -6.2645920264E+00 -6.2626457631E+00 -5.6404078178E+00
           HessRho_EigVec1 = -4.4526476016E-01  8.1112084858E-01  3.7923905700E-01
           HessRho_EigVec2 =  1.1210511492E-01 -3.6970873625E-01  9.2235995877E-01
           HessRho_EigVec3 =  8.8835338496E-01  4.5320902389E-01  7.3687475836E-02
           DelSqRho = -1.8167645607E+01
           Bond Ellipticity = NA
           V = -4.5510922409E+00
           G =  4.5904195365E-03
           K =  4.5465018214E+00
           L =  4.5419114018E+00
           Vnuc =  3.9262959252E+01
           Ven = -1.6111679355E+01
           Vrep =  1.1560587114E+01
           DelSqV =  6.8298885050E+02
           DelSqVen =  7.1331553287E+02
           DelSqVrep = -3.0326682362E+01
           DelSqG =  6.7384189343E+01
           DelSqK = -7.5037303985E+02
           Stress_EigVals = -1.5698375197E+00 -1.5689675420E+00 -1.4122871792E+00
           Stress_EigVec1 = -3.9729888518E-01  6.7088759870E-01  6.2614968319E-01
           Stress_EigVec2 = -2.3427967481E-01  5.8555209397E-01 -7.7604238236E-01
           Stress_EigVec3 =  8.8728046852E-01  4.5501491752E-01  7.5463865689E-02
           -DivStress = -7.1562350925E+00 -3.6756219162E+00 -6.1563337787E-01
           ESP =  -1.0624631139E+00     ESP at Nucleus =  -1.0652487198E+00
           ESPe = -1.3286045818E+01     ESPe at Nucleus = -1.3227623959E+01
           ESPn =  1.2223582704E+01     ESPn at Nucleus =  1.2162375239E+01

CP# 14     Coords = -4.32243419243115E+00  2.06488535859030E+00 -2.68332924222487E+00
           Type = (3,-3) NACP H14
           Rho =  4.2494118595E-01     Rho at Nucleus =  4.2125431746E-01
           GradRho = -4.2398268056E-15  2.8149547580E-15  1.0490130357E-14
           HessRho_EigVals = -6.4716261285E+00 -6.4653301630E+00 -5.8726393651E+00
           HessRho_EigVec1 =  2.4199039738E-01 -8.8022360887E-01  4.0822425941E-01
           HessRho_EigVec2 =  8.4875032368E-01  3.9590922041E-01  3.5054069271E-01
           HessRho_EigVec3 = -4.7017394188E-01  2.6165299078E-01  8.4289630251E-01
           DelSqRho = -1.8809595657E+01
           Bond Ellipticity = NA
           V = -4.7117373521E+00
           G =  4.6692189905E-03
           K =  4.7070681332E+00
           L =  4.7023989142E+00
           Vnuc =  3.9403557508E+01
           Ven = -1.6744194458E+01
           Vrep =  1.2032457106E+01
           DelSqV =  7.0828500388E+02
           DelSqVen =  7.4116498415E+02
           DelSqVrep = -3.2879980273E+01
           DelSqG =  6.9722475459E+01
           DelSqK = -7.7800747934E+02
           Stress_EigVals = -1.6212197980E+00 -1.6206649147E+00 -1.4698526395E+00
           Stress_EigVec1 =  1.6479554537E-01 -9.1293146523E-01  3.7336117636E-01
           Stress_EigVec2 =  8.6672476997E-01  3.1471271094E-01  3.8696780576E-01
           Stress_EigVec3 = -4.7077659388E-01  2.5983080910E-01  8.4312356704E-01
           -DivStress =  3.7125698545E+00 -2.0598914094E+00 -6.6484328265E+00
           ESP =  -1.1018351849E+00     ESP at Nucleus =  -1.1042866379E+00
           ESPe = -1.1910063056E+01     ESPe at Nucleus = -1.1846826397E+01
           ESPn =  1.0808227871E+01     ESPn at Nucleus =  1.0742539759E+01

CP# 15     Coords = -4.80399523785369E+00 -2.62936790799508E+00 -2.74023396319933E+00
           Type = (3,-3) NACP H15
           Rho =  4.2450152224E-01     Rho at Nucleus =  4.2079871345E-01
           GradRho =  2.6139656943E-10 -2.4076417542E-10  8.4369060528E-10
           HessRho_EigVals = -6.4628741999E+00 -6.4565878691E+00 -5.8627239463E+00
           HessRho_EigVec1 =  3.1655437690E-01 -8.8178391651E-01 -3.4964331976E-01
           HessRho_EigVec2 =  9.0475215105E-01  3.9141115202E-01 -1.6799064034E-01
           HessRho_EigVec3 =  2.8498573936E-01 -2.6316237318E-01  9.2169880856E-01
           DelSqRho = -1.8782186015E+01
           Bond Ellipticity = NA
           V = -4.7048597203E+00
           G =  4.6566082235E-03
           K =  4.7002031121E+00
           L =  4.6955465038E+00
           Vnuc =  3.9062018998E+01
           Ven = -1.6581886527E+01
           Vrep =  1.1877026806E+01
           DelSqV =  7.0714289990E+02
           DelSqVen =  7.3367010845E+02
           DelSqVrep = -2.6527208547E+01
           DelSqG =  6.9592103664E+01
           DelSqK = -7.7673500356E+02
           Stress_EigVals = -1.6190303296E+00 -1.6184638950E+00 -1.4673654956E+00
           Stress_EigVec1 =  2.4118937324E-01 -9.1152417792E-01 -3.3309361944E-01
           Stress_EigVec2 =  9.2753705653E-01  3.1748142087E-01 -1.9718153099E-01
           Stress_EigVec3 =  2.8548676851E-01 -2.6139858545E-01  9.2204559786E-01
           -DivStress = -2.2554639799E+00  2.0756058155E+00 -7.2811063968E+00
           ESP =  -1.1009512102E+00     ESP at Nucleus =  -1.1034145124E+00
           ESPe = -1.1651085140E+01     ESPe at Nucleus = -1.1580571368E+01
           ESPn =  1.0550133930E+01     ESPn at Nucleus =  1.0477156856E+01

CP# 16     Coords =  6.89164787640909E+00 -1.42706976899218E+00  5.25765163008723E-01
           Type = (3,-3) NACP F16
           Rho =  4.1871128191E+02     Rho at Nucleus =  4.1871125345E+02
           GradRho =  2.8601496171E-12  3.7305868464E-11 -4.8731315207E-11
           HessRho_EigVals = -1.1737431796E+06 -1.1737012431E+06 -1.1736998407E+06
           HessRho_EigVec1 = -5.7167673424E-01  6.4482874245E-01 -5.0732790623E-01
           HessRho_EigVec2 =  5.5118553213E-01  7.5985339716E-01  3.4469888887E-01
           HessRho_EigVec3 = -6.0776658406E-01  8.2575466879E-02  7.8981078213E-01
           DelSqRho = -3.5211442634E+06
           Bond Ellipticity = NA
           V = -8.8051839484E+05
           G =  1.1616449440E+02
           K =  8.8040223034E+05
           L =  8.8028606585E+05
           Vnuc =  1.2922675012E+06
           Ven = -5.4108698200E+08
           Vrep =  5.4020646361E+08
           DelSqV =  4.6337846610E+10
           DelSqVen =  4.5502603026E+12
           DelSqVrep = -4.5039224555E+12
           DelSqG =  2.4684619426E+09
           DelSqK = -4.8806308552E+10
           Stress_EigVals = -2.9350988916E+05 -2.9350954047E+05 -2.9349896521E+05
           Stress_EigVec1 = -6.0848953654E-01  8.3458857009E-02  7.8916101216E-01
           Stress_EigVec2 =  5.5121595901E-01  7.5984849327E-01  3.4466104191E-01
           Stress_EigVec3 = -5.7087778942E-01  6.4472078178E-01 -5.0836371142E-01
