AIMSum (Version 19.02.13, Professional)
Copyright (c) 1997-2019 by Todd A. Keith
AIMSum is a component of the AIMAll package ( http://aim.tkgristmill.com )

TP:  64-bit Linux

Much of the Quantum Theory of Atoms in Molecules (QTAIM) is described in the book:
  "Atoms in Molecules - A Quantum Theory"
  R.F.W. Bader, Oxford University Press, Oxford, 1990

For additional references see:  http://aim.tkgristmill.com/references.html

Wfn File:  /home/mhennefarth/Documents/ML_Diels/summary-levandowski2016/3-opt/3-opt.wfn
Sum File:  /home/mhennefarth/Documents/ML_Diels/summary-levandowski2016/3-opt/3-opt.sum

SumViz File:  /home/mhennefarth/Documents/ML_Diels/summary-levandowski2016/3-opt/3-opt.sumviz

Wfn Title:   Title Card Required                                                           
 
Total memory allocated for AIMSum =        0.938 Megabytes

Atomic units (a.u.) used throughout, except where stated otherwise

Model:  Restricted SCF
 
Restricted, closed-shell, single-determinant wavefunction.
  Number of electrons (from MO Occs)                   =          68.0000000000
  Number of Alpha electrons (from MO Occs)             =          34.0000000000
  Number of Beta electrons (from MO Occs)              =          34.0000000000
  Number of electron pairs (N*(N-1)/2)                 =        2278.0000000000
  Number of electron pairs (from Muller 2EDM)          =        2278.0000000000
 
Nuclear Charges and Cartesian Coordinates:
-------------------------------------------------------------------------------
Atom      Charge                X                  Y                  Z
-------------------------------------------------------------------------------
C1         6.0           7.3590673600E+00   2.1473576700E+00  -2.0983785000E-01
H2         1.0           8.7165126100E+00   3.4892412800E+00  -9.6399623000E-01
C3         6.0           6.8500572900E+00  -2.5676280000E-02  -1.4023609500E+00
H4         1.0           7.7723270000E+00  -3.9901248000E-01  -3.2065241300E+00
C5         6.0           4.5279299700E+00  -2.5163396700E+00   1.8857258600E+00
H6         1.0           3.1870726800E+00  -3.9912670400E+00   2.3757691300E+00
C7         6.0           5.0887112200E+00  -1.9895685300E+00  -5.2841717000E-01
H8         1.0           4.2198894600E+00  -3.1298003400E+00  -2.0089263400E+00
C9         6.0          -3.2559853500E+00   3.2692179100E+00   1.0255400000E-01
H10        1.0          -3.5880368000E+00   5.1643851500E+00  -5.7533800000E-01
C11        6.0          -1.7383626900E+00   1.4218892800E+00   5.8232218000E-01
H12        1.0           1.3512325000E-01   6.1058212000E-01   6.0856402000E-01
C13        6.0          -4.5157285900E+00   9.2085727000E-01   1.2045756400E+00
H14        1.0           5.4187850600E+00  -1.5214015700E+00   3.4471464500E+00
H15        1.0           6.4235113500E+00   2.6691510100E+00   1.5435347600E+00
Si16      14.0          -6.5532429000E+00  -1.2592367600E+00  -7.3935916000E-01
H17        1.0          -6.4441667100E+00  -3.9112466400E+00   2.1678230000E-01
H18        1.0          -9.2627273200E+00  -4.7662155000E-01  -6.8726084000E-01
H19        1.0          -5.6808020600E+00  -1.2490544200E+00  -3.4170208700E+00
H20        1.0          -5.0462232600E+00   1.0079332500E+00   3.2109277000E+00
 
Some Atomic Properties:
----------------------
  q(A) = Net Charge of Atom A
  L(A) = Lagrangian of Atom A = -(1/4) Times Atomic Integral of the Laplacian of the Electron Density
  K(A) = Electronic Kinetic Energy of Atom A (Hamiltonian Form)
  K_Scaled(A) = K(A) * E(Mol)/K(Mol) = Approximation to Virial-Based Total Energy of Atom A.
  |Mu_Intra(A)| = Magnitude of Intraatomic Dipole Moment of Atom A
--------------------------------------------------------------------------------------------------
Atom A          q(A)              L(A)              K(A)          K_Scaled(A)      |Mu_Intra(A)|
--------------------------------------------------------------------------------------------------
C1       -8.4658756200E-02 -1.7400239368E-06  3.7704027511E+01 -3.7963491547E+01  1.1004332005E-01
H2        4.5522760900E-02  2.2752824691E-05  5.9367296676E-01 -5.9775838665E-01  1.4735241611E-01
C3       -2.9003783000E-02 -5.0791713350E-05  3.7700837521E+01 -3.7960279605E+01  7.6901704045E-02
H4        3.5783781340E-02  2.4081110241E-05  6.0140807509E-01 -6.0554672490E-01  1.5075364320E-01
C5       -9.4817921200E-02 -4.6481273224E-05  3.7706749512E+01 -3.7966232280E+01  1.1673088373E-01
H6        4.7501950640E-02  1.4079369217E-05  5.9262258414E-01 -5.9670077571E-01  1.4692450511E-01
C7       -3.5067821300E-02  2.6093356361E-05  3.7703442766E+01 -3.7962902778E+01  7.8877369424E-02
H8        3.7201635600E-02  2.1722174534E-05  6.0080745971E-01 -6.0494197633E-01  1.5035218849E-01
C9       -1.3695204310E-01 -1.3467975268E-05  3.7756575537E+01 -3.8016401187E+01  2.4487323176E-01
H10       1.1448166739E-01  1.3973166186E-05  5.5946217832E-01 -5.6331217325E-01  1.4464862367E-01
C11      -1.3614772330E-01 -6.2597368479E-05  3.7757128491E+01 -3.8016957946E+01  2.7640322757E-01
H12       1.3452661571E-01  2.1001099693E-05  5.5007230772E-01 -5.5385768531E-01  1.3735959403E-01
C13      -6.6333078170E-01 -4.5505936678E-06  3.7828657469E+01 -3.8088979158E+01  1.4226060753E+00
H14       4.4796296080E-02  1.9505394002E-05  5.9300662123E-01 -5.9708745559E-01  1.4766952005E-01
H15       4.1951940440E-02  2.6703618198E-05  5.9412826704E-01 -5.9821682012E-01  1.4829514903E-01
Si16      2.7027783540E+00  8.4908753583E-05  2.8763915554E+02 -2.8961857316E+02  3.3107789315E-02
H17      -6.7855410550E-01  1.8939402068E-05  7.8464900299E-01 -7.9004864356E-01  3.7704090903E-01
H18      -6.7802233250E-01  2.5830158588E-05  7.8457037711E-01 -7.8996947662E-01  3.7754161669E-01
H19      -6.7502820040E-01  1.9587428971E-05  7.8452533683E-01 -7.8992412639E-01  3.7552771205E-01
H20       7.3730301400E-03  3.3167003044E-05  6.1327046281E-01 -6.1749074483E-01  1.6061060667E-01
--------------------------------------------------------------------------------------------------
Total     3.3456404000E-04  1.9271591145E-04  5.5944876999E+02 -5.6329867265E+02
 
1st Largest |L(A)| = 8.4908753583E-05, atom Si16    
2nd Largest |L(A)| = 6.2597368479E-05, atom C11     
 
Molecular charge q(Mol) from the wfn file:   0.0000000000E+00
Molecular energy E(Mol) from the wfn file:  -5.6329868919E+02
Molecular virial ratio (-V(Mol)/T(Mol)) from the wfn file:   2.0068816000E+00
Note.  K_Scaled(A) = (1+V(Mol)/T(Mol))*K(A) = (E(Mol)/T(Mol))*K(A)
       Only use K_Scaled(A) data with caution.
 
N_AIMInt(SumA)     =         67.999665
N_Analytic(Mol)    =         67.999990
 
G_AIMInt(SumA)     =        559.448577
G_Analytic(Mol)    =        559.448760
 
K_AIMInt(SumA)     =        559.448770
K_Analytic(Mol)    =        559.448760
 
L_AIMInt(SumA)     =          0.000193
L_Analytic(Mol)    =          0.000000
 
VenT_AIMInt(SumA)  =      -2026.343225
VenT_Analytic(Mol) =      -2026.347273
 
Some Information About the Atomic Calculations:
----------------------------------------------
  Time(sec) = "Elapsed User Time", in Seconds, for Atom A by AIMInt and, if used, by TWOe
  NProc = Number of Processors Used for AIMInt Job
  BIM = Basin Integration Method
  OAQ = Angular Quadrature Outside of Beta Sphere
  ORQ = Multiple of Default for Radial Quadrature Outside of Beta Sphere
  IAQ = Multiple of Default for Angular Quadrature Inside of Beta Sphere
  IRQ = Multiple of Default for Radial Quadrature Inside of Beta Sphere
  MIR = Maximum Integration Radius
------------------------------------------------------------------------------------------------------
Atom A     Time(sec)   NProc      BIM          OAQ                     ORQ      IAQ      IRQ      MIR
------------------------------------------------------------------------------------------------------
C1             22        8     Proaim(5)    4500(GS4)                  1.00     1.00     1.00    13.00
H2              4        8     Proaim(5)    1800(GS4)                  1.00     1.00     1.00    13.00
C3             23        8     Proaim(5)    4500(GS4)                  1.00     1.00     1.00    13.00
H4              4        8     Proaim(5)    1800(GS4)                  1.00     1.00     1.00    13.00
C5             39        8     Proaim(5)    4500(GS4)                  1.00     1.00     1.00    13.00
H6              6        8     Proaim(5)    1800(GS4)                  1.00     1.00     1.00    13.00
C7             31        8     Proaim(5)    4500(GS4)                  1.00     1.00     1.00    13.00
H8              6        8     Proaim(5)    1800(GS4)                  1.00     1.00     1.00    13.00
C9             18        8     Proaim(5)    4500(GS4)                  1.00     1.00     1.00    13.00
H10             4        8     Proaim(5)    1800(GS4)                  1.00     1.00     1.00    13.00
C11            22        8     Proaim(5)    4500(GS4)                  1.00     1.00     1.00    13.00
H12            16        8     Proaim(5)    4500(GS4)                  1.00     1.00     1.00    13.00
C13            31        8     Proaim(5)    4500(GS4)                  1.00     1.00     1.00    13.00
H14             6        8     Proaim(5)    1800(GS4)                  1.00     1.00     1.00    13.00
H15             7        8     Proaim(5)    1800(GS4)                  1.00     1.00     1.00    13.00
Si16           30        8     Proaim(5)    5400(GS5)                  1.00     1.00     1.00    13.00
H17             9        8     Proaim(5)    1800(GS4)                  1.00     1.00     1.00    13.00
H18             7        8     Proaim(5)    1800(GS4)                  1.00     1.00     1.00    13.00
H19             8        8     Proaim(5)    1800(GS4)                  1.00     1.00     1.00    13.00
H20             5        8     Proaim(5)    1800(GS4)                  1.00     1.00     1.00    13.00
------------------------------------------------------------------------------------------------------
Total         298
Note:  Total wall clock time is less than total of atomic times if more than one atom
       was calculated at a time
 
Electron Density Critical Point Analysis of Molecular Structure:               
---------------------------------------------------------------                
  NACP = Nuclear Attractor Critical Point                                      
  NNACP = Non-Nuclear Attractor Critical Point                                 
  BCP = Bond Critical Point                                                    
  RCP = Ring Critical Point                                                    
  CCP = Cage Critical Point                                                    
  Rho = Electron Density                                                       
  GradRho = Gradient of Electron Density                                       
  HessRho_EigVals = Eigenvalues of the Hessian of Rho, Ascending Order         
  HessRho_EigVecs = Eigenvectors of the Hessian of Rho                         
  DelSqRho = Laplacian of Rho = Trace of Hessian of Rho                        
  Bond Ellipticity = (HessRho_EigVal(1) / HessRho_EigVal(2)) - 1               
  V = Virial Field = Potential Energy Density = Trace of Stress Tensor         
  G = Lagrangian Form of Kinetic Energy Density                                
  K = Hamiltonian Form of Kinetic Energy Density                               
  L = K - G = Lagrangian Density = (-1/4)DelSqRho                              
  Vnuc = Electrostatic Potential from Nuclei                                   
  Ven = Electron-nuclear attractive contribution to Virial Field V             
  Vrep = V - Ven = Repulsive contribution to Virial Field V                    
  DelSqV = Laplacian of V                                                      
  DelSqVen = Laplacian of Ven                                                  
  DelSqVrep = Laplacian of Vrep                                                
  DelSqG = Laplacian of G                                                      
  DelSqK = Laplacian of K                                                      
  Stress_EigVals = Eigenvalues of Stress Tensor, Ascending Order               
  Stress_EigVecs = Eigenvectors of Stress Tensor                               
  -DivStress = Ehrenfest Force Density = Minus Divergence of Stress Tensor     
  ESP = Total Electrostatic Potential                                          
  ESPe = Electrostatic Potential from Electrons                                
  ESPn = Electrostatic Potential from Nuclei                                   
  BP = Bond Path                                                               
  BPL = Bond Path Length                                                       
  GBL = Geometric Bond Length                                                  
  GBL_I = Distance Between Nuclear Attractors                                  
  GBL_II = Distance Between Nuclei                                             
  GBL_III = Sum of Distances Between BCP and Nuclear Attractors                
  GBL_IV = Sum of Distances Between BCP and Nuclei                             

CP# 1      Coords =  7.35906767519396E+00  2.14735837533603E+00 -2.09837403930915E-01
           Type = (3,-3) NACP C1
           Rho =  1.1767728368E+02     Rho at Nucleus =  1.1767728362E+02
           GradRho =  8.5077039164E-11  1.4011872218E-10  7.7505446505E-11
           HessRho_EigVals = -1.4500474852E+05 -1.4500377762E+05 -1.4500361613E+05
           HessRho_EigVec1 =  7.0785228102E-01 -4.2518305771E-01  5.6406073759E-01
           HessRho_EigVec2 = -6.7951798300E-01 -1.9184390287E-01  7.0813221062E-01
           HessRho_EigVec3 =  1.9287420521E-01  8.8454241525E-01  4.2471667803E-01
           DelSqRho = -4.3501214227E+05
           Bond Ellipticity = NA
           V = -1.0876327064E+05
           G =  5.1175376510E+00
           K =  1.0875815311E+05
           L =  1.0875303557E+05
           Vnuc =  6.7257916823E+06
           Ven = -7.9147289576E+08
           Vrep =  7.9136413249E+08
           DelSqV =  2.4952559252E+09
           DelSqVen =  2.9258010132E+12
           DelSqVrep = -2.9233057573E+12
           DelSqG =  1.3403168530E+08
           DelSqK = -2.6292876105E+09
           Stress_EigVals = -3.6254670481E+04 -3.6254567612E+04 -3.6254032551E+04
           Stress_EigVec1 =  2.2487290136E-01  8.8162044071E-01  4.1494285962E-01
           Stress_EigVec2 = -6.5608189582E-01 -1.7785214347E-01  7.3343381504E-01
           Stress_EigVec3 =  7.2040872025E-01 -4.3716588794E-01  5.3842108262E-01
           -DivStress = -2.5615353956E+02 -5.7476533733E+02 -3.6191124689E+02
           ESP =  -1.4739751645E+01     ESP at Nucleus =  -1.4739751657E+01
           ESPe = -2.4287815385E+01     ESPe at Nucleus = -2.4287816501E+01
           ESPn =  9.5480637401E+00     ESPn at Nucleus =  9.5480648446E+00

CP# 2      Coords =  8.69327992079673E+00  3.46634230219559E+00 -9.51058163681937E-01
           Type = (3,-3) NACP H2
           Rho =  4.2534519110E-01     Rho at Nucleus =  4.2163034772E-01
           GradRho = -1.4361341977E-15  7.7195194681E-16  5.8980598183E-17
           HessRho_EigVals = -6.4772478607E+00 -6.4710297648E+00 -5.8749279275E+00
           HessRho_EigVec1 = -1.5131404082E-01  5.9700103170E-01  7.8784124619E-01
           HessRho_EigVec2 = -7.3437446234E-01  4.6560662108E-01 -4.9386700989E-01
           HessRho_EigVec3 =  6.6166321502E-01  6.5329950448E-01 -3.6796949241E-01
           DelSqRho = -1.8823205553E+01
           Bond Ellipticity = NA
           V = -4.7150433204E+00
           G =  4.6209660623E-03
           K =  4.7104223543E+00
           L =  4.7058013883E+00
           Vnuc =  3.8344270942E+01
           Ven = -1.6309551251E+01
           Vrep =  1.1594507931E+01
           DelSqV =  7.0867321023E+02
           DelSqVen =  7.2176209372E+02
           DelSqVrep = -1.3088883487E+01
           DelSqG =  6.9756218045E+01
           DelSqK = -7.7842942827E+02
           Stress_EigVals = -1.6226155645E+00 -1.6221277397E+00 -1.4703000162E+00
           Stress_EigVec1 = -2.2886258644E-01  6.4175336880E-01  7.3196620835E-01
           Stress_EigVec2 = -7.1431324054E-01  4.0012724214E-01 -5.7415571450E-01
           Stress_EigVec3 =  6.6134598428E-01  6.5425591609E-01 -3.6683877295E-01
           -DivStress =  5.2442250757E+00  5.1697843813E+00 -2.9194784037E+00
           ESP =  -1.1030127211E+00     ESP at Nucleus =  -1.1054976711E+00
           ESPe = -1.0951525332E+01     ESPe at Nucleus = -1.0873385417E+01
           ESPn =  9.8485126112E+00     ESPn at Nucleus =  9.7678877459E+00

CP# 3      Coords =  6.85005647554806E+00 -2.56776601584603E-02 -1.40236114719985E+00
           Type = (3,-3) NACP C3
           Rho =  1.1765625836E+02     Rho at Nucleus =  1.1765625817E+02
           GradRho = -5.3921167531E-10 -8.1005302466E-10 -1.0986511700E-10
           HessRho_EigVals = -1.4497100585E+05 -1.4497010557E+05 -1.4496976115E+05
           HessRho_EigVec1 =  7.8546013582E-01 -4.2336059085E-01  4.5146227433E-01
           HessRho_EigVec2 =  6.1889520354E-01  5.3185707326E-01 -5.7801105582E-01
           HessRho_EigVec3 =  4.5936981977E-03  7.3341247858E-01  6.7976836805E-01
           DelSqRho = -4.3491087257E+05
           Bond Ellipticity = NA
           V = -1.0873793599E+05
           G =  5.1089233722E+00
           K =  1.0873282707E+05
           L =  1.0872771814E+05
           Vnuc =  3.7160129966E+06
           Ven = -4.3721218519E+08
           Vrep =  4.3710344725E+08
           DelSqV =  2.4946686005E+09
           DelSqVen =  1.6161345372E+12
           DelSqVrep = -1.6136398358E+12
           DelSqG =  1.3399237121E+08
           DelSqK = -2.6286609717E+09
           Stress_EigVals = -3.6246249811E+04 -3.6246085510E+04 -3.6245600668E+04
           Stress_EigVec1 =  5.5616469962E-02  7.7605813437E-01  6.2820425050E-01
           Stress_EigVec2 = -6.3610163974E-01 -4.5742463924E-01  6.2139955209E-01
           Stress_EigVec3 =  7.6959827975E-01 -4.3416180336E-01  4.6821150809E-01
           -DivStress =  6.6287554272E+02  1.1201706828E+03  1.5661996651E+02
           ESP =  -1.4729827996E+01     ESP at Nucleus =  -1.4729828015E+01
           ESPe = -2.5396332400E+01     ESPe at Nucleus = -2.5396332221E+01
           ESPn =  1.0666504404E+01     ESPn at Nucleus =  1.0666504205E+01

CP# 4      Coords =  7.75683478388558E+00 -3.92929514189638E-01 -3.17644095676379E+00
           Type = (3,-3) NACP H4
           Rho =  4.2883510849E-01     Rho at Nucleus =  4.2522388496E-01
           GradRho = -8.6237440799E-15  2.1198320876E-15  1.0063564565E-14
           HessRho_EigVals = -6.5556943578E+00 -6.5479438621E+00 -5.9566724270E+00
           HessRho_EigVec1 =  5.0714557207E-01  8.5730514456E-01  8.8494394473E-02
           HessRho_EigVec2 =  7.3441247077E-01 -4.8360271010E-01  4.7620031663E-01
           HessRho_EigVec3 = -4.5104511028E-01  1.7651149510E-01  8.7487256249E-01
           DelSqRho = -1.9060310647E+01
           Bond Ellipticity = NA
           V = -4.7741370647E+00
           G =  4.5297015188E-03
           K =  4.7696073632E+00
           L =  4.7650776617E+00
           Vnuc =  3.9820141506E+01
           Ven = -1.7076274703E+01
           Vrep =  1.2302137638E+01
           DelSqV =  7.1842023655E+02
           DelSqVen =  7.5898426711E+02
           DelSqVrep = -4.0564030561E+01
           DelSqG =  7.0944723803E+01
           DelSqK = -7.8936496036E+02
           Stress_EigVals = -1.6420346352E+00 -1.6410010973E+00 -1.4911013323E+00
           Stress_EigVec1 =  4.3674337210E-01  8.9858654521E-01  4.2396316895E-02
           Stress_EigVec2 =  7.7871812467E-01 -4.0123836543E-01  4.8229229356E-01
           Stress_EigVec3 = -4.5039239474E-01  1.7762318224E-01  8.7498382607E-01
           -DivStress =  3.5398778740E+00 -1.3904310929E+00 -6.8741716507E+00
           ESP =  -1.1040915761E+00     ESP at Nucleus =  -1.1065139568E+00
           ESPe = -1.1837851863E+01     ESPe at Nucleus = -1.1756737514E+01
           ESPn =  1.0733760287E+01     ESPn at Nucleus =  1.0650223557E+01

CP# 5      Coords =  4.52792947592920E+00 -2.51633965200376E+00  1.88572658168870E+00
           Type = (3,-3) NACP C5
           Rho =  1.1768502931E+02     Rho at Nucleus =  1.1768502926E+02
           GradRho = -4.6007350707E-11 -2.2802038036E-11  1.2808365479E-10
           HessRho_EigVals = -1.4501691867E+05 -1.4501594901E+05 -1.4501580623E+05
           HessRho_EigVec1 =  7.1702209978E-01 -6.9686533410E-01 -1.6062831678E-02
           HessRho_EigVec2 =  6.6385782536E-01  6.7567079475E-01  3.2056475919E-01
           HessRho_EigVec3 = -2.1253728177E-01 -2.4051545326E-01  9.4709039727E-01
           DelSqRho = -4.3504867391E+05
           Bond Ellipticity = NA
           V = -1.0877241207E+05
           G =  5.1217979164E+00
           K =  1.0876729027E+05
           L =  1.0876216848E+05
           Vnuc =  6.8587684341E+06
           Ven = -8.0717436421E+08
           Vrep =  8.0706559180E+08
           DelSqV =  2.4954675720E+09
           DelSqVen =  2.9838982513E+12
           DelSqVrep = -2.9814027837E+12
           DelSqG =  1.3404547512E+08
           DelSqK = -2.6295130472E+09
           Stress_EigVals = -3.6257713675E+04 -3.6257616259E+04 -3.6257082139E+04
           Stress_EigVec1 = -2.4475858304E-01 -2.5995409240E-01  9.3408624113E-01
           Stress_EigVec2 =  6.3809476987E-01  6.8216813262E-01  3.5704580029E-01
           Stress_EigVec3 =  7.3001938378E-01 -6.8342556923E-01  1.0911587694E-03
           -DivStress =  4.0064941988E+02 -1.2929395919E+01 -5.8747205329E+02
           ESP =  -1.4738238780E+01     ESP at Nucleus =  -1.4738238790E+01
           ESPe = -2.4950328750E+01     ESPe at Nucleus = -2.4950329537E+01
           ESPn =  1.0212089970E+01     ESPn at Nucleus =  1.0212090747E+01

CP# 6      Coords =  3.21003583238046E+00 -3.96599302046961E+00  2.36741391833488E+00
           Type = (3,-3) NACP H6
           Rho =  4.2486286924E-01     Rho at Nucleus =  4.2114036218E-01
           GradRho =  4.2305568770E-16 -4.1942361043E-16 -1.3929829512E-15
           HessRho_EigVals = -6.4680308744E+00 -6.4617957520E+00 -5.8656316507E+00
           HessRho_EigVec1 =  1.3315594203E-01  2.0092144677E-01  9.7051536172E-01
           HessRho_EigVec2 =  7.4557126115E-01 -6.6548087276E-01  3.5478197953E-02
           HessRho_EigVec3 =  6.5298774081E-01  7.1886422933E-01 -2.3841398898E-01
           DelSqRho = -1.8795458277E+01
           Bond Ellipticity = NA
           V = -4.7081071624E+00
           G =  4.6212965869E-03
           K =  4.7034858659E+00
           L =  4.6988645693E+00
           Vnuc =  3.9477546425E+01
           Ven = -1.6772543645E+01
           Vrep =  1.2064436482E+01
           DelSqV =  7.0755617929E+02
           DelSqVen =  7.4199857672E+02
           DelSqVrep = -3.4442397435E+01
           DelSqG =  6.9630839132E+01
           DelSqK = -7.7718701842E+02
           Stress_EigVals = -1.6203162173E+00 -1.6198126340E+00 -1.4679783112E+00
           Stress_EigVec1 =  2.0118637549E-01  1.4084189517E-01  9.6937485158E-01
           Stress_EigVec2 =  7.3044013386E-01 -6.8094340580E-01 -5.2662025618E-02
           Stress_EigVec3 =  6.5267239344E-01  7.1866517841E-01 -2.3987310848E-01
           -DivStress = -5.1756191156E+00 -5.6964489467E+00  1.8844960350E+00
           ESP =  -1.1010498575E+00     ESP at Nucleus =  -1.1035403165E+00
           ESPe = -1.2133347216E+01     ESPe at Nucleus = -1.2062161808E+01
           ESPn =  1.1032297358E+01     ESPn at Nucleus =  1.0958621492E+01

CP# 7      Coords =  5.08871183101299E+00 -1.98956774803411E+00 -5.28418230662415E-01
           Type = (3,-3) NACP C7
           Rho =  1.1766889120E+02     Rho at Nucleus =  1.1766889105E+02
           GradRho =  3.3692659773E-10  3.6409419923E-10 -4.9921555778E-10
           HessRho_EigVals = -1.4498916477E+05 -1.4498817273E+05 -1.4498786150E+05
           HessRho_EigVec1 =  7.9241530010E-01 -6.0903758316E-01  3.3929551604E-02
           HessRho_EigVec2 =  6.0939175471E-01  7.9286926678E-01 -1.2284832808E-04
           HessRho_EigVec3 = -2.6826879453E-02  2.0773735883E-02  9.9942421946E-01
           DelSqRho = -4.3496519900E+05
           Bond Ellipticity = NA
           V = -1.0875151064E+05
           G =  5.1054453403E+00
           K =  1.0874640520E+05
           L =  1.0874129975E+05
           Vnuc =  4.1307652224E+06
           Ven = -4.8606256352E+08
           Vrep =  4.8595381201E+08
           DelSqV =  2.4949815641E+09
           DelSqVen =  1.7967390556E+12
           DelSqVrep = -1.7942440741E+12
           DelSqG =  1.3401153150E+08
           DelSqK = -2.6289930956E+09
           Stress_EigVals = -3.6250775695E+04 -3.6250621376E+04 -3.6250113570E+04
           Stress_EigVec1 = -8.2966899204E-02 -4.4606048410E-02  9.9555351141E-01
           Stress_EigVec2 =  6.2257380508E-01  7.7774010068E-01  8.6730577237E-02
           Stress_EigVec3 =  7.7815059652E-01 -6.2700130482E-01  3.6756127251E-02
           -DivStress = -4.9852672699E+02 -6.3690560470E+02  8.5877733131E+02
           ESP =  -1.4727630297E+01     ESP at Nucleus =  -1.4727630314E+01
           ESPe = -2.5863404276E+01     ESPe at Nucleus = -2.5863404450E+01
           ESPn =  1.1135773979E+01     ESPn at Nucleus =  1.1135774136E+01

CP# 8      Coords =  4.23448112844055E+00 -3.11067910589437E+00 -1.98429513941155E+00
           Type = (3,-3) NACP H8
           Rho =  4.2867481567E-01     Rho at Nucleus =  4.2505577150E-01
           GradRho = -2.5418035732E-15  6.6439909130E-16 -1.7347234760E-18
           HessRho_EigVals = -6.5525242595E+00 -6.5448763774E+00 -5.9528952202E+00
           HessRho_EigVec1 =  5.1711000997E-01  4.9925261220E-01 -6.9522950656E-01
           HessRho_EigVec2 =  7.4320687920E-01 -6.6480011675E-01  7.5394558693E-02
           HessRho_EigVec3 =  4.2454772676E-01  5.5568663290E-01  7.1482277085E-01
           DelSqRho = -1.9050295857E+01
           Bond Ellipticity = NA
           V = -4.7715937776E+00
           G =  4.5099066660E-03
           K =  4.7670838709E+00
           L =  4.7625739643E+00
           Vnuc =  4.0635471740E+01
           Ven = -1.7419403358E+01
           Vrep =  1.2647809580E+01
           DelSqV =  7.1799163013E+02
           DelSqVen =  7.7411775893E+02
           DelSqVrep = -5.6126128800E+01
           DelSqG =  7.0897308333E+01
           DelSqK = -7.8888893846E+02
           Stress_EigVals = -1.6412599348E+00 -1.6401626427E+00 -1.4901712000E+00
           Stress_EigVec1 =  4.4413869650E-01  5.6132283659E-01 -6.9832477501E-01
           Stress_EigVec2 =  7.8935243476E-01 -6.1388027053E-01  8.5876183807E-03
           Stress_EigVec3 =  4.2386737549E-01  5.5503845504E-01  7.1572953092E-01
           -DivStress = -3.3322474045E+00 -4.3665781921E+00 -5.6256355275E+00
           ESP =  -1.1023870449E+00     ESP at Nucleus =  -1.1048141322E+00
           ESPe = -1.2691087060E+01     ESPe at Nucleus = -1.2614920740E+01
           ESPn =  1.1588700015E+01     ESPn at Nucleus =  1.1510106608E+01

CP# 9      Coords = -3.25598755807467E+00  3.26921600927241E+00  1.02554998994374E-01
           Type = (3,-3) NACP C9
           Rho =  1.1765435129E+02     Rho at Nucleus =  1.1765435060E+02
           GradRho = -4.6674029086E-09 -3.9649166172E-09  2.0955279179E-09
           HessRho_EigVals = -1.4497344888E+05 -1.4497335568E+05 -1.4497222853E+05
           HessRho_EigVec1 =  1.5121330197E-01  3.7917230601E-01  9.1288712318E-01
           HessRho_EigVec2 =  2.5749248863E-01  8.7651525878E-01 -4.0671687871E-01
           HessRho_EigVec3 =  9.5437526980E-01 -2.9656257938E-01 -3.4906745814E-02
           DelSqRho = -4.3491903309E+05
           Bond Ellipticity = NA
           V = -1.0874006764E+05
           G =  5.1546830290E+00
           K =  1.0873491295E+05
           L =  1.0872975827E+05
           Vnuc =  1.9480684943E+06
           Ven = -2.2919873497E+08
           Vrep =  2.2908999490E+08
           DelSqV =  2.4947216357E+09
           DelSqVen =  8.4725205606E+11
           DelSqVrep = -8.4475733443E+11
           DelSqG =  1.3400018766E+08
           DelSqK = -2.6287218233E+09
           Stress_EigVals = -3.6247038366E+04 -3.6246647186E+04 -3.6246382086E+04
           Stress_EigVec1 = -6.5536661032E-01  7.3292767888E-01 -1.8251472163E-01
           Stress_EigVec2 =  7.4144434703E-01  5.7817999658E-01 -3.4054099874E-01
           Stress_EigVec3 =  1.4406556264E-01  3.5850370861E-01  9.2234494880E-01
           -DivStress =  1.7951963583E+03  1.5464495754E+03 -8.1280478697E+02
           ESP =  -1.4721836748E+01     ESP at Nucleus =  -1.4721836787E+01
           ESPe = -2.6018959780E+01     ESPe at Nucleus = -2.6018956792E+01
           ESPn =  1.1297123031E+01     ESPn at Nucleus =  1.1297120005E+01

CP# 10     Coords = -3.58211965694186E+00  5.13058891313494E+00 -5.63238868387071E-01
           Type = (3,-3) NACP H10
           Rho =  4.1472428299E-01     Rho at Nucleus =  4.1082992497E-01
           GradRho =  1.0427748196E-09 -6.0037872633E-09  2.1506155712E-09
           HessRho_EigVals = -6.3382659926E+00 -6.3351935303E+00 -5.7181585144E+00
           HessRho_EigVec1 =  9.7824045864E-01  1.0109739153E-01 -1.8117649544E-01
           HessRho_EigVec2 =  1.3469324135E-01  3.5474587826E-01  9.2520975600E-01
           HessRho_EigVec3 = -1.5780790795E-01  9.2948086547E-01 -3.3340963530E-01
           DelSqRho = -1.8391618037E+01
           Bond Ellipticity = NA
           V = -4.6070710781E+00
           G =  4.5832843735E-03
           K =  4.6024877937E+00
           L =  4.5979045093E+00
           Vnuc =  3.8472607809E+01
           Ven = -1.5955524688E+01
           Vrep =  1.1348453610E+01
           DelSqV =  6.9194735216E+02
           DelSqVen =  7.0757351746E+02
           DelSqVrep = -1.5626165306E+01
           DelSqG =  6.8318893241E+01
           DelSqK = -7.6026624540E+02
           Stress_EigVals = -1.5881698262E+00 -1.5875608200E+00 -1.4313404319E+00
           Stress_EigVec1 =  9.7780545713E-01  1.0414007181E-01 -1.8180025702E-01
           Stress_EigVec2 =  1.3427412708E-01  3.5461477626E-01  9.2532092771E-01
           Stress_EigVec3 = -1.6083204533E-01  9.2919492352E-01 -3.3276094617E-01
           -DivStress = -1.3083897013E+00  7.4620836182E+00 -2.6710609916E+00
           ESP =  -1.0638012997E+00     ESP at Nucleus =  -1.0665030326E+00
           ESPe = -1.2049638269E+01     ESPe at Nucleus = -1.1962562424E+01
           ESPn =  1.0985836970E+01     ESPn at Nucleus =  1.0896059391E+01

CP# 11     Coords = -1.73836561689133E+00  1.42188798071370E+00  5.82323061568712E-01
           Type = (3,-3) NACP C11
           Rho =  1.1766904645E+02     Rho at Nucleus =  1.1766904565E+02
           GradRho = -7.1311803129E-09 -3.1917875010E-09  2.1574697029E-09
           HessRho_EigVals = -1.4499264242E+05 -1.4499241967E+05 -1.4499135707E+05
           HessRho_EigVec1 =  1.5293609651E-01  3.5754762810E-01  9.2128727552E-01
           HessRho_EigVec2 =  9.8381906183E-01  3.2958046414E-02 -1.7610741255E-01
           HessRho_EigVec3 = -9.3330616436E-02  9.3331316332E-01 -3.4672169707E-01
           DelSqRho = -4.3497641916E+05
           Bond Ellipticity = NA
           V = -1.0875439577E+05
           G =  5.1454890365E+00
           K =  1.0874925028E+05
           L =  1.0874410479E+05
           Vnuc =  1.8064543160E+06
           Ven = -2.1256375681E+08
           Vrep =  2.1245500242E+08
           DelSqV =  2.4950502111E+09
           DelSqVen =  7.8576503603E+11
           DelSqVrep = -7.8326998582E+11
           DelSqG =  1.3401884304E+08
           DelSqK = -2.6290690542E+09
           Stress_EigVals = -3.6251830549E+04 -3.6251421590E+04 -3.6251143627E+04
           Stress_EigVec1 = -6.0941748009E-01  7.6691450909E-01 -2.0112799583E-01
           Stress_EigVec2 =  7.7960117037E-01  5.3345197053E-01 -3.2810213393E-01
           Stress_EigVec3 =  1.4433416127E-01  3.5675079662E-01  9.2298240449E-01
           -DivStress =  2.3808820541E+03  1.0560894160E+03 -7.1693837590E+02
           ESP =  -1.4723615503E+01     ESP at Nucleus =  -1.4723615546E+01
           ESPe = -2.6707517276E+01     ESPe at Nucleus = -2.6707514257E+01
           ESPn =  1.1983901773E+01     ESPn at Nucleus =  1.1983898711E+01

CP# 12     Coords =  1.01073665443065E-01  6.25341079363390E-01  6.08096623950813E-01
           Type = (3,-3) NACP H12
           Rho =  4.1063656447E-01     Rho at Nucleus =  4.0663559428E-01
           GradRho = -8.3722162666E-09  3.6168974278E-09 -1.1039703304E-10
           HessRho_EigVals = -6.2660987895E+00 -6.2631542455E+00 -5.6382802197E+00
           HessRho_EigVec1 = -3.6806779476E-01 -8.4931861775E-01  3.7839659618E-01
           HessRho_EigVec2 =  1.3967193509E-01  3.5184375826E-01  9.2557966719E-01
           HessRho_EigVec3 =  9.1924852407E-01 -3.9352745180E-01  1.0876381353E-02
           DelSqRho = -1.8167533255E+01
           Bond Ellipticity = NA
           V = -4.5512724659E+00
           G =  4.6945761034E-03
           K =  4.5465778898E+00
           L =  4.5418833137E+00
           Vnuc =  3.9949767150E+01
           Ven = -1.6404835134E+01
           Vrep =  1.1853562668E+01
           DelSqV =  6.8284347344E+02
           DelSqVen =  7.2578873643E+02
           DelSqVrep = -4.2945262992E+01
           DelSqG =  6.7342200394E+01
           DelSqK = -7.5018567383E+02
           Stress_EigVals = -1.5700791946E+00 -1.5694603417E+00 -1.4117329296E+00
           Stress_EigVec1 =  3.7069425529E-01  8.4810367155E-01 -3.7855769889E-01
           Stress_EigVec2 =  1.3968723120E-01  3.5204858349E-01  9.2549947180E-01
           Stress_EigVec3 =  9.1819020172E-01 -3.9595701428E-01  1.2033133830E-02
           -DivStress =  7.4275929623E+00 -3.2215602397E+00  1.0281665930E-01
           ESP =  -1.0667146273E+00     ESP at Nucleus =  -1.0695008235E+00
           ESPe = -1.4072183423E+01     ESPe at Nucleus = -1.4013448275E+01
           ESPn =  1.3005468796E+01     ESPn at Nucleus =  1.2943947452E+01

CP# 13     Coords = -4.51572431858744E+00  9.20860539435823E-01  1.20457461171703E+00
           Type = (3,-3) NACP C13
           Rho =  1.1748148422E+02     Rho at Nucleus =  1.1748148205E+02
           GradRho = -5.7390980857E-11 -1.1897705043E-12  4.2041925497E-12
           HessRho_EigVals = -1.4475313090E+05 -1.4475196620E+05 -1.4475190043E+05
           HessRho_EigVec1 =  7.3930021413E-01  4.9022126962E-01 -4.6164737647E-01
           HessRho_EigVec2 =  2.4985741899E-01  4.3692453086E-01  8.6409966121E-01
           HessRho_EigVec3 =  6.2530509638E-01 -7.5417508653E-01  2.0053297806E-01
           DelSqRho = -4.3425699753E+05
           Bond Ellipticity = NA
           V = -1.0857445174E+05
           G =  5.1011791891E+00
           K =  1.0856935056E+05
           L =  1.0856424938E+05
           Vnuc =  1.0956118998E+06
           Ven = -1.2871411211E+08
           Vrep =  1.2860553766E+08
           DelSqV =  2.4909308139E+09
           DelSqVen =  4.7577713664E+11
           DelSqVrep = -4.7328620583E+11
           DelSqG =  1.3378858740E+08
           DelSqK = -2.6247194013E+09
           Stress_EigVals = -3.6191630254E+04 -3.6191481842E+04 -3.6191339644E+04
           Stress_EigVec1 =  1.7112089799E-01  3.7795795938E-01  9.0987110033E-01
           Stress_EigVec2 = -6.2528240084E-01  7.5534083437E-01 -1.9616865994E-01
           Stress_EigVec3 =  7.6140630249E-01  5.3535782882E-01 -3.6558506212E-01
           -DivStress = -3.4663886233E+03 -2.6541197536E+03  8.3141801569E+02
           ESP =  -1.4725314071E+01     ESP at Nucleus =  -1.4725314200E+01
           ESPe = -2.7050951961E+01     ESPe at Nucleus = -2.7050948844E+01
           ESPn =  1.2325637890E+01     ESPn at Nucleus =  1.2325634644E+01

CP# 14     Coords =  5.40350426180527E+00 -1.53838249175653E+00  3.42051635006718E+00
           Type = (3,-3) NACP H14
           Rho =  4.2448637151E-01     Rho at Nucleus =  4.2078112094E-01
           GradRho = -2.6632342165E-15 -1.4190038033E-15 -6.2103100440E-16
           HessRho_EigVals = -6.4625985836E+00 -6.4563380439E+00 -5.8622088347E+00
           HessRho_EigVec1 =  5.4970658088E-01  5.2466102408E-01 -6.5004114082E-01
           HessRho_EigVec2 =  7.1309279227E-01 -7.0003843431E-01  3.8011315433E-02
           HessRho_EigVec3 =  4.3511072677E-01  4.8443472244E-01  7.5894772886E-01
           DelSqRho = -1.8781145462E+01
           Bond Ellipticity = NA
           V = -4.7045819929E+00
           G =  4.6478136910E-03
           K =  4.6999341792E+00
           L =  4.6952863655E+00
           Vnuc =  3.9690403329E+01
           Ven = -1.6848035293E+01
           Vrep =  1.2143453300E+01
           DelSqV =  7.0709139875E+02
           DelSqVen =  7.4543123837E+02
           DelSqVrep = -3.8339839622E+01
           DelSqG =  6.9586784746E+01
           DelSqK = -7.7667818349E+02
           Stress_EigVals = -1.6189595911E+00 -1.6183885722E+00 -1.4672338296E+00
           Stress_EigVec1 =  4.9038802586E-01  5.8080577380E-01 -6.4975706014E-01
           Stress_EigVec2 =  7.5515537656E-01 -6.5535363302E-01 -1.5873655316E-02
           Stress_EigVec3 =  4.3504016061E-01  4.8288328693E-01  7.5997617717E-01
           -DivStress =  3.4410937331E+00  3.8242937564E+00  5.9985080130E+00
           ESP =  -1.1018876277E+00     ESP at Nucleus =  -1.1043527218E+00
           ESPe = -1.2290770795E+01     ESPe at Nucleus = -1.2218439963E+01
           ESPn =  1.1188883167E+01     ESPn at Nucleus =  1.1114087242E+01

CP# 15     Coords =  6.43949614776029E+00  2.66028286738324E+00  1.51369504268466E+00
           Type = (3,-3) NACP H15
           Rho =  4.2484617421E-01     Rho at Nucleus =  4.2115573949E-01
           GradRho =  8.9346932630E-15 -3.0136483586E-15 -1.2475602691E-14
           HessRho_EigVals = -6.4696566783E+00 -6.4633670350E+00 -5.8703637113E+00
           HessRho_EigVec1 =  5.4737788487E-01  8.3567335577E-01  4.5027698381E-02
           HessRho_EigVec2 =  7.0146469553E-01 -4.8748312459E-01  5.1991103486E-01
           HessRho_EigVec3 = -4.5642604230E-01  2.5300246184E-01  8.5303283771E-01
           DelSqRho = -1.8803387425E+01
           Bond Ellipticity = NA
           V = -4.7101753862E+00
           G =  4.6642650062E-03
           K =  4.7055111211E+00
           L =  4.7008468561E+00
           Vnuc =  3.9650940946E+01
           Ven = -1.6845550565E+01
           Vrep =  1.2135375179E+01
           DelSqV =  7.0802593503E+02
           DelSqVen =  7.4557200436E+02
           DelSqVrep = -3.7546069327E+01
           DelSqG =  6.9692043598E+01
           DelSqK = -7.7771797863E+02
           Stress_EigVals = -1.6207255007E+00 -1.6201703156E+00 -1.4692795698E+00
           Stress_EigVec1 =  4.8266153649E-01  8.7580025013E-01 -3.4297324407E-03
           Stress_EigVec2 =  7.4749739505E-01 -4.0990566993E-01  5.2270927498E-01
           Stress_EigVec3 = -4.5638304700E-01  2.5485537786E-01  8.5250410603E-01
           -DivStress = -3.6040853209E+00  2.0005517038E+00  6.7288413622E+00
           ESP =  -1.1033263594E+00     ESP at Nucleus =  -1.1057817161E+00
           ESPe = -1.2177781326E+01     ESPe at Nucleus = -1.2115117363E+01
           ESPn =  1.1074454967E+01     ESPn at Nucleus =  1.1009335647E+01

CP# 16     Coords = -6.55324290095349E+00 -1.25923676136201E+00 -7.39359155902451E-01
           Type = (3,-3) NACP Si16
           Rho =  1.6514567837E+03     Rho at Nucleus =  1.6514567837E+03
           GradRho =  2.3268507121E-09  5.2510773507E-10  5.6184701336E-10
           HessRho_EigVals = -1.0923774666E+07 -1.0923773877E+07 -1.0923771505E+07
           HessRho_EigVec1 = -4.4305614678E-02  1.8869000484E-01  9.8103674477E-01
           HessRho_EigVec2 = -5.9458591012E-01  7.8415507659E-01 -1.7767501610E-01
           HessRho_EigVec3 =  8.0281044338E-01  5.9118262655E-01 -7.7449945586E-02
           DelSqRho = -3.2771320049E+07
