AIMSum (Version 19.02.13, Professional)
Copyright (c) 1997-2019 by Todd A. Keith
AIMSum is a component of the AIMAll package ( http://aim.tkgristmill.com )

TP:  64-bit Linux

Much of the Quantum Theory of Atoms in Molecules (QTAIM) is described in the book:
  "Atoms in Molecules - A Quantum Theory"
  R.F.W. Bader, Oxford University Press, Oxford, 1990

For additional references see:  http://aim.tkgristmill.com/references.html

Wfn File:  /home/mhennefarth/Documents/ML_Diels/summary-levandowski2016/30-opt/30-opt.wfn
Sum File:  /home/mhennefarth/Documents/ML_Diels/summary-levandowski2016/30-opt/30-opt.sum

SumViz File:  /home/mhennefarth/Documents/ML_Diels/summary-levandowski2016/30-opt/30-opt.sumviz

Wfn Title:   Title Card Required                                                           
 
Total memory allocated for AIMSum =        0.823 Megabytes

Atomic units (a.u.) used throughout, except where stated otherwise

Model:  Restricted SCF
 
Restricted, closed-shell, single-determinant wavefunction.
  Number of electrons (from MO Occs)                   =          60.0000000000
  Number of Alpha electrons (from MO Occs)             =          30.0000000000
  Number of Beta electrons (from MO Occs)              =          30.0000000000
  Number of electron pairs (N*(N-1)/2)                 =        1770.0000000000
  Number of electron pairs (from Muller 2EDM)          =        1770.0000000000
 
Nuclear Charges and Cartesian Coordinates:
-------------------------------------------------------------------------------
Atom      Charge                X                  Y                  Z
-------------------------------------------------------------------------------
C1         6.0           3.0020226900E+00   2.9733680700E+00   3.8526576000E-01
H2         1.0           3.3617535400E+00   4.9936241300E+00   4.6158500000E-01
C3         6.0           4.7902112000E+00   1.3722548600E+00  -4.2499718000E-01
H4         1.0           6.5915034000E+00   2.1576336200E+00  -1.0445064200E+00
C5         6.0           2.8356827000E+00  -2.8724346500E+00   4.6510259000E-01
H6         1.0           2.8739238500E+00  -4.9090393400E+00   2.0306210000E-01
C7         6.0           4.5962018400E+00  -1.3957100100E+00  -6.0372437000E-01
H8         1.0           6.0832502600E+00  -2.3013557300E+00  -1.7060369900E+00
C9         6.0          -4.9161118700E+00   1.1542908600E+00  -1.4618476400E+00
C10        6.0          -3.4606414100E+00  -7.5471904000E-01  -2.0504477800E+00
C11        6.0          -4.2943317200E+00  -6.0478074000E-01   5.8957934000E-01
H12        1.0          -5.8628256600E+00   2.8777729800E+00  -2.0121011900E+00
H13        1.0          -2.3198074400E+00  -1.7447287300E+00  -3.4234317600E+00
H14        1.0           1.1460598000E+00   2.3415860800E+00   9.9383676000E-01
H15        1.0           1.3185373600E+00  -2.1167223700E+00   1.6231576000E+00
F16        9.0          -2.5432788000E+00   1.5149621000E-01   2.4467030000E+00
H17        1.0          -5.6210865600E+00  -1.8958526300E+00   1.4905234400E+00
 
Some Atomic Properties:
----------------------
  q(A) = Net Charge of Atom A
  L(A) = Lagrangian of Atom A = -(1/4) Times Atomic Integral of the Laplacian of the Electron Density
  K(A) = Electronic Kinetic Energy of Atom A (Hamiltonian Form)
  K_Scaled(A) = K(A) * E(Mol)/K(Mol) = Approximation to Virial-Based Total Energy of Atom A.
  |Mu_Intra(A)| = Magnitude of Intraatomic Dipole Moment of Atom A
--------------------------------------------------------------------------------------------------
Atom A          q(A)              L(A)              K(A)          K_Scaled(A)      |Mu_Intra(A)|
--------------------------------------------------------------------------------------------------
C1       -9.4632259800E-02 -3.9872559806E-05  3.7712270194E+01 -3.8060009381E+01  1.2538260346E-01
H2        3.4984305380E-02  2.4291917592E-05  5.9795501642E-01 -6.0346866993E-01  1.4952289336E-01
C3       -3.2924871900E-02 -4.6037468075E-06  3.7697995785E+01 -3.8045603349E+01  6.4548640811E-02
H4        2.3640075440E-02  2.8264683055E-05  6.0731580371E-01 -6.1291577164E-01  1.5354278299E-01
C5       -1.0150704950E-01 -4.4419360924E-05  3.7712805817E+01 -3.8060549943E+01  1.2520302839E-01
H6        3.3168300140E-02  2.7732850961E-05  5.9849741447E-01 -6.0401606936E-01  1.4997259968E-01
C7       -3.4029936500E-02  1.3678017098E-05  3.7698324750E+01 -3.8045935347E+01  6.1489535489E-02
H8        2.3246558040E-02  2.7147335917E-05  6.0749064992E-01 -6.1309223008E-01  1.5368954520E-01
C9       -1.1572774380E-01 -8.9258777188E-05  3.7767423530E+01 -3.8115671277E+01  2.6020774882E-01
C10      -1.0931826940E-01 -7.0440409965E-05  3.7766927003E+01 -3.8115170172E+01  2.6712261479E-01
C11       5.5958743660E-01 -1.3643118219E-04  3.7304931583E+01 -3.7648914761E+01  5.6338126235E-01
H12       1.2284055432E-01  1.2238756613E-05  5.5549904919E-01 -5.6062122260E-01  1.4223293124E-01
H13       1.3152268622E-01  1.9514842523E-05  5.5209912102E-01 -5.5718994420E-01  1.4051021810E-01
H14       7.4525635790E-02  1.5497041159E-05  5.8464829611E-01 -5.9003925036E-01  1.2238795650E-01
H15       7.4051886480E-02  1.0017527978E-06  5.8515904315E-01 -5.9055470691E-01  1.2362644401E-01
F16      -6.4918850060E-01  1.3798436406E-05  9.9506128897E+01 -1.0042365999E+02  2.1246815741E-01
H17       5.9586216050E-02  2.0922993215E-05  5.9820137462E-01 -6.0371729976E-01  1.5331265471E-01
--------------------------------------------------------------------------------------------------
Total    -1.7497704000E-04 -1.8093740954E-04  3.6845367333E+02 -3.7185112938E+02
 
1st Largest |L(A)| = 1.3643118219E-04, atom C11     
2nd Largest |L(A)| = 8.9258777188E-05, atom C9      
 
Molecular charge q(Mol) from the wfn file:   0.0000000000E+00
Molecular energy E(Mol) from the wfn file:  -3.7185117199E+02
Molecular virial ratio (-V(Mol)/T(Mol)) from the wfn file:   2.0092208500E+00
Note.  K_Scaled(A) = (1+V(Mol)/T(Mol))*K(A) = (E(Mol)/T(Mol))*K(A)
       Only use K_Scaled(A) data with caution.
 
N_AIMInt(SumA)     =         60.000175
N_Analytic(Mol)    =         59.999990
 
G_AIMInt(SumA)     =        368.453854
G_Analytic(Mol)    =        368.453692
 
K_AIMInt(SumA)     =        368.453673
K_Analytic(Mol)    =        368.453692
 
L_AIMInt(SumA)     =         -0.000181
L_Analytic(Mol)    =          0.000000
 
VenT_AIMInt(SumA)  =      -1513.494273
VenT_Analytic(Mol) =      -1513.490980
 
Some Information About the Atomic Calculations:
----------------------------------------------
  Time(sec) = "Elapsed User Time", in Seconds, for Atom A by AIMInt and, if used, by TWOe
  NProc = Number of Processors Used for AIMInt Job
  BIM = Basin Integration Method
  OAQ = Angular Quadrature Outside of Beta Sphere
  ORQ = Multiple of Default for Radial Quadrature Outside of Beta Sphere
  IAQ = Multiple of Default for Angular Quadrature Inside of Beta Sphere
  IRQ = Multiple of Default for Radial Quadrature Inside of Beta Sphere
  MIR = Maximum Integration Radius
------------------------------------------------------------------------------------------------------
Atom A     Time(sec)   NProc      BIM          OAQ                     ORQ      IAQ      IRQ      MIR
------------------------------------------------------------------------------------------------------
C1             26        8     Proaim(5)    4500(GS4)                  1.00     1.00     1.00    13.00
H2              5        8     Proaim(5)    1800(GS4)                  1.00     1.00     1.00    13.00
C3             24        8     Proaim(5)    4500(GS4)                  1.00     1.00     1.00    13.00
H4              5        8     Proaim(5)    1800(GS4)                  1.00     1.00     1.00    13.00
C5             32        8     Proaim(5)    4500(GS4)                  1.00     1.00     1.00    13.00
H6              5        8     Proaim(5)    1800(GS4)                  1.00     1.00     1.00    13.00
C7             23        8     Proaim(5)    4500(GS4)                  1.00     1.00     1.00    13.00
H8              5        8     Proaim(5)    1800(GS4)                  1.00     1.00     1.00    13.00
C9             18        8     Proaim(5)    4500(GS4)                  1.00     1.00     1.00    13.00
C10            37        8     Proaim(5)    4500(GS4)                  1.00     1.00     1.00    13.00
C11            52        8     Proaim(5)    4500(GS4)                  1.00     1.00     1.00    13.00
H12             5        8     Proaim(5)    1800(GS4)                  1.00     1.00     1.00    13.00
H13             7        8     Proaim(5)    1800(GS4)                  1.00     1.00     1.00    13.00
H14            13        8     Proaim(5)    4500(GS4)                  1.00     1.00     1.00    13.00
H15            30        8     Proaim(5)    4500(GS4)                  1.00     1.00     1.00    13.00
F16            47        8     Proaim(5)    4500(GS4)                  1.00     1.00     1.00    13.00
H17             6        8     Proaim(5)    1800(GS4)                  1.00     1.00     1.00    13.00
------------------------------------------------------------------------------------------------------
Total         340
Note:  Total wall clock time is less than total of atomic times if more than one atom
       was calculated at a time
 
Electron Density Critical Point Analysis of Molecular Structure:               
---------------------------------------------------------------                
  NACP = Nuclear Attractor Critical Point                                      
  NNACP = Non-Nuclear Attractor Critical Point                                 
  BCP = Bond Critical Point                                                    
  RCP = Ring Critical Point                                                    
  CCP = Cage Critical Point                                                    
  Rho = Electron Density                                                       
  GradRho = Gradient of Electron Density                                       
  HessRho_EigVals = Eigenvalues of the Hessian of Rho, Ascending Order         
  HessRho_EigVecs = Eigenvectors of the Hessian of Rho                         
  DelSqRho = Laplacian of Rho = Trace of Hessian of Rho                        
  Bond Ellipticity = (HessRho_EigVal(1) / HessRho_EigVal(2)) - 1               
  V = Virial Field = Potential Energy Density = Trace of Stress Tensor         
  G = Lagrangian Form of Kinetic Energy Density                                
  K = Hamiltonian Form of Kinetic Energy Density                               
  L = K - G = Lagrangian Density = (-1/4)DelSqRho                              
  Vnuc = Electrostatic Potential from Nuclei                                   
  Ven = Electron-nuclear attractive contribution to Virial Field V             
  Vrep = V - Ven = Repulsive contribution to Virial Field V                    
  DelSqV = Laplacian of V                                                      
  DelSqVen = Laplacian of Ven                                                  
  DelSqVrep = Laplacian of Vrep                                                
  DelSqG = Laplacian of G                                                      
  DelSqK = Laplacian of K                                                      
  Stress_EigVals = Eigenvalues of Stress Tensor, Ascending Order               
  Stress_EigVecs = Eigenvectors of Stress Tensor                               
  -DivStress = Ehrenfest Force Density = Minus Divergence of Stress Tensor     
  ESP = Total Electrostatic Potential                                          
  ESPe = Electrostatic Potential from Electrons                                
  ESPn = Electrostatic Potential from Nuclei                                   
  BP = Bond Path                                                               
  BPL = Bond Path Length                                                       
  GBL = Geometric Bond Length                                                  
  GBL_I = Distance Between Nuclear Attractors                                  
  GBL_II = Distance Between Nuclei                                             
  GBL_III = Sum of Distances Between BCP and Nuclear Attractors                
  GBL_IV = Sum of Distances Between BCP and Nuclei                             

CP# 1      Coords =  3.00202253341345E+00  2.97336888152865E+00  3.85265964383721E-01
           Type = (3,-3) NACP C1
           Rho =  1.1768372338E+02     Rho at Nucleus =  1.1768372333E+02
           GradRho = -5.4728197668E-11  1.3268232953E-10  3.3152675050E-11
           HessRho_EigVals = -1.4501561598E+05 -1.4501457763E+05 -1.4501438440E+05
           HessRho_EigVec1 =  3.1556470249E-01 -9.2403321335E-02  9.4439427399E-01
           HessRho_EigVec2 =  2.9264455937E-01  9.5621195438E-01 -4.2261298476E-03
           HessRho_EigVec3 =  9.0265058600E-01 -2.7770546359E-01 -3.2878807016E-01
           DelSqRho = -4.3504457802E+05
           Bond Ellipticity = NA
           V = -1.0877138927E+05
           G =  5.1223810100E+00
           K =  1.0876626689E+05
           L =  1.0876114450E+05
           Vnuc =  7.0472808603E+06
           Ven = -8.2935025136E+08
           Vrep =  8.2924147997E+08
           DelSqV =  2.4954444651E+09
           DelSqVen =  3.0658810348E+12
           DelSqVrep = -3.0633855903E+12
           DelSqG =  1.3404457062E+08
           DelSqK = -2.6294890357E+09
           Stress_EigVals = -3.6257380766E+04 -3.6257283941E+04 -3.6256724559E+04
           Stress_EigVec1 = -8.0929701469E-01  4.8608252705E-01  3.2979102309E-01
           Stress_EigVec2 =  4.8772775605E-01  8.6895539008E-01 -8.3893778238E-02
           Stress_EigVec3 =  3.2735298685E-01 -9.2953251379E-02  9.4031894326E-01
           -DivStress =  1.2662714803E+02 -6.6127578967E+02 -1.6622478818E+02
           ESP =  -1.4758375336E+01     ESP at Nucleus =  -1.4758375345E+01
           ESPe = -2.5034327011E+01     ESPe at Nucleus = -2.5034328031E+01
           ESPn =  1.0275951675E+01     ESPn at Nucleus =  1.0275952686E+01

CP# 2      Coords =  3.35565280299141E+00  4.95945299720616E+00  4.60277155689499E-01
           Type = (3,-3) NACP H2
           Rho =  4.2633987450E-01     Rho at Nucleus =  4.2268731423E-01
           GradRho = -1.1418985905E-09 -6.3927611875E-09 -2.4438894691E-10
           HessRho_EigVals = -6.4955717843E+00 -6.4896390831E+00 -5.8989963661E+00
           HessRho_EigVec1 =  9.1768335784E-01 -1.4911031139E-01 -3.6827078322E-01
           HessRho_EigVec2 =  3.5669194717E-01 -9.9091684622E-02  9.2895193248E-01
           HessRho_EigVec3 =  1.7500888423E-01  9.8384295143E-01  3.7748342564E-02
           DelSqRho = -1.8884207233E+01
           Bond Ellipticity = NA
           V = -4.7304519160E+00
           G =  4.7000538244E-03
           K =  4.7257518622E+00
           L =  4.7210518084E+00
           Vnuc =  3.9188741244E+01
           Ven = -1.6707723024E+01
           Vrep =  1.1977271108E+01
           DelSqV =  7.1131477184E+02
           DelSqVen =  7.4004832161E+02
           DelSqVrep = -2.8733549767E+01
           DelSqG =  7.0044496514E+01
           DelSqK = -7.8135926835E+02
           Stress_EigVals = -1.6273251778E+00 -1.6267761305E+00 -1.4763506077E+00
           Stress_EigVec1 =  9.3494299186E-01 -1.5236577221E-01 -3.2041578212E-01
           Stress_EigVec2 =  3.0949605837E-01 -9.1320646193E-02  9.4650553587E-01
           Stress_EigVec3 =  1.7347562315E-01  9.8409613912E-01  3.8222992241E-02
           -DivStress =  1.3802578213E+00  7.7386244794E+00  2.9663397127E-01
           ESP =  -1.1192861472E+00     ESP at Nucleus =  -1.1217292374E+00
           ESPe = -1.1519523102E+01     ESPe at Nucleus = -1.1439037799E+01
           ESPn =  1.0400236955E+01     ESPn at Nucleus =  1.0317308561E+01

CP# 3      Coords =  4.79021185906585E+00  1.37225345892086E+00 -4.24997613287490E-01
           Type = (3,-3) NACP C3
           Rho =  1.1765428500E+02     Rho at Nucleus =  1.1765428481E+02
           GradRho =  3.7407100334E-10 -8.3032208192E-10 -2.5917241703E-10
           HessRho_EigVals = -1.4496863926E+05 -1.4496778008E+05 -1.4496740347E+05
           HessRho_EigVec1 =  3.7000883490E-01 -5.8148341582E-02  9.2720668271E-01
           HessRho_EigVec2 =  3.7992565170E-01  9.2023862618E-01 -9.3900852295E-02
           HessRho_EigVec3 =  8.4779122505E-01 -3.8701374814E-01 -3.6258846847E-01
           DelSqRho = -4.3490382280E+05
           Bond Ellipticity = NA
           V = -1.0873616183E+05
           G =  5.1030664505E+00
           K =  1.0873105877E+05
           L =  1.0872595570E+05
           Vnuc =  3.7317403981E+06
           Ven = -4.3905524834E+08
           Vrep =  4.3894651218E+08
           DelSqV =  2.4946282878E+09
           DelSqVen =  1.6229482332E+12
           DelSqVrep = -1.6204536049E+12
           DelSqG =  1.3399027251E+08
           DelSqK = -2.6286185604E+09
           Stress_EigVals = -3.6245659181E+04 -3.6245487993E+04 -3.6245014660E+04
           Stress_EigVec1 =  8.1767382427E-01 -4.5641384010E-01 -3.5085028668E-01
           Stress_EigVec2 =  4.4872593716E-01  8.8709242871E-01 -1.0822225395E-01
           Stress_EigVec3 =  3.6063076743E-01 -6.8945119431E-02  9.3015698680E-01
           -DivStress = -5.3167260600E+02  1.1389875413E+03  3.4985500096E+02
           ESP =  -1.4745925175E+01     ESP at Nucleus =  -1.4745925194E+01
           ESPe = -2.5479996407E+01     ESPe at Nucleus = -2.5479996672E+01
           ESPn =  1.0734071233E+01     ESPn at Nucleus =  1.0734071478E+01

CP# 4      Coords =  6.56175831314507E+00  2.14448496005878E+00 -1.03431095761090E+00
           Type = (3,-3) NACP H4
           Rho =  4.3093000538E-01     Rho at Nucleus =  4.2736100532E-01
           GradRho = -8.6015179354E-15 -4.8542983869E-15  3.1654366628E-15
           HessRho_EigVals = -6.5897825715E+00 -6.5815481019E+00 -5.9931440697E+00
           HessRho_EigVec1 = -3.2886068943E-01  9.1692987359E-01  2.2603153292E-01
           HessRho_EigVec2 =  3.6135370564E-01 -9.8953163275E-02  9.2716329247E-01
           HessRho_EigVec3 =  8.7251025574E-01  3.8658489159E-01 -2.9879420214E-01
           DelSqRho = -1.9164474743E+01
           Bond Ellipticity = NA
           V = -4.8002819968E+00
           G =  4.5816555130E-03
           K =  4.7957003413E+00
           L =  4.7911186858E+00
           Vnuc =  3.9899576081E+01
           Ven = -1.7193924535E+01
           Vrep =  1.2393642539E+01
           DelSqV =  7.2259869799E+02
           DelSqVen =  7.6465441807E+02
           DelSqVrep = -4.2055720076E+01
           DelSqG =  7.1374081124E+01
           DelSqK = -7.9397277912E+02
           Stress_EigVals = -1.6505592130E+00 -1.6494634668E+00 -1.5002593169E+00
           Stress_EigVec1 =  3.4369584422E-01 -9.2089827618E-01 -1.8390087436E-01
           Stress_EigVec2 =  3.4633660576E-01 -5.7724016204E-02  9.3633268311E-01
           Stress_EigVec3 =  8.7288265086E-01  3.8550525662E-01 -2.9910127874E-01
           -DivStress =  6.8334289498E+00  3.0203718061E+00 -2.3423202279E+00
           ESP =  -1.1212044242E+00     ESP at Nucleus =  -1.1235949149E+00
           ESPe = -1.1680059509E+01     ESPe at Nucleus = -1.1596873358E+01
           ESPn =  1.0558855085E+01     ESPn at Nucleus =  1.0473278443E+01

CP# 5      Coords =  2.83568237404052E+00 -2.87243547007029E+00  4.65102626675576E-01
           Type = (3,-3) NACP C5
           Rho =  1.1768200693E+02     Rho at Nucleus =  1.1768200687E+02
           GradRho = -4.1416592378E-11 -1.1877966406E-10  4.2787301480E-12
           HessRho_EigVals = -1.4501378359E+05 -1.4501279443E+05 -1.4501259824E+05
           HessRho_EigVec1 =  5.8997765207E-01 -1.0380505852E-01  8.0071897685E-01
           HessRho_EigVec2 =  1.1576080396E-01 -9.7058122791E-01 -2.1111967291E-01
           HessRho_EigVec3 =  7.9907809777E-01  2.1724776143E-01 -5.6060467695E-01
           DelSqRho = -4.3503917626E+05
           Bond Ellipticity = NA
           V = -1.0877004205E+05
           G =  5.1239915588E+00
           K =  1.0876491806E+05
           L =  1.0875979407E+05
           Vnuc =  6.7931938069E+06
           Ven = -7.9943668067E+08
           Vrep =  7.9932791063E+08
           DelSqV =  2.4954139978E+09
           DelSqVen =  2.9553056809E+12
           DelSqVrep = -2.9528102669E+12
           DelSqG =  1.3404322280E+08
           DelSqK = -2.6294572206E+09
           Stress_EigVals = -3.6256927924E+04 -3.6256830230E+04 -3.6256283894E+04
           Stress_EigVec1 =  7.5616493586E-01  4.3097056823E-01 -4.9242152582E-01
           Stress_EigVec2 =  3.0009790398E-01 -8.9708812962E-01 -3.2430562087E-01
           Stress_EigVec3 =  5.8151168329E-01 -9.7453871232E-02  8.0767995220E-01
           -DivStress =  2.6326529516E+02  6.6817094014E+02 -3.1642147814E+01
           ESP =  -1.4757043212E+01     ESP at Nucleus =  -1.4757043222E+01
           ESPe = -2.5170802701E+01     ESPe at Nucleus = -2.5170803676E+01
           ESPn =  1.0413759489E+01     ESPn at Nucleus =  1.0413760454E+01

CP# 6      Coords =  2.87325470781148E+00 -4.87465398722255E+00  2.07473403195111E-01
           Type = (3,-3) NACP H6
           Rho =  4.2630719175E-01     Rho at Nucleus =  4.2266767441E-01
           GradRho = -1.4668405433E-10  7.5021032739E-09  9.6268586169E-10
           HessRho_EigVals = -6.4948394325E+00 -6.4887696960E+00 -5.8997009664E+00
           HessRho_EigVec1 =  8.2456010289E-01  8.7089973756E-02 -5.5903128105E-01
           HessRho_EigVec2 =  5.6546453684E-01 -9.4159847547E-02  8.1938011978E-01
           HessRho_EigVec3 = -1.8721492930E-02  9.9174052029E-01  1.2688674526E-01
           DelSqRho = -1.8883310095E+01
           Bond Ellipticity = NA
           V = -4.7302767982E+00
           G =  4.7246372419E-03
           K =  4.7255521610E+00
           L =  4.7208275237E+00
           Vnuc =  3.9452194491E+01
           Ven = -1.6818754242E+01
           Vrep =  1.2088477443E+01
           DelSqV =  7.1133581219E+02
           DelSqVen =  7.4498803504E+02
           DelSqVrep = -3.3652222857E+01
           DelSqG =  7.0043816647E+01
           DelSqK = -7.8137962883E+02
           Stress_EigVals = -1.6271373228E+00 -1.6266057427E+00 -1.4765337327E+00
           Stress_EigVec1 =  7.9693543523E-01  8.9829235256E-02 -5.9734798950E-01
           Stress_EigVec2 =  6.0381290163E-01 -8.9923541386E-02  7.9203771156E-01
           Stress_EigVec3 = -1.7432495267E-02  9.9188934121E-01  1.2590330778E-01
           -DivStress =  1.5019151189E-01 -7.7866276377E+00 -9.9833545842E-01
           ESP =  -1.1172286330E+00     ESP at Nucleus =  -1.1196638205E+00
           ESPe = -1.1729052897E+01     ESPe at Nucleus = -1.1649176040E+01
           ESPn =  1.0611824264E+01     ESPn at Nucleus =  1.0529512220E+01

CP# 7      Coords =  4.59620262610869E+00 -1.39570876467579E+00 -6.03724728152497E-01
           Type = (3,-3) NACP C7
           Rho =  1.1765818109E+02     Rho at Nucleus =  1.1765818093E+02
           GradRho =  4.1163547397E-10  6.2825305722E-10 -1.9767439421E-10
           HessRho_EigVals = -1.4497364488E+05 -1.4497271468E+05 -1.4497235911E+05
           HessRho_EigVec1 =  5.5949575264E-01 -5.9555747652E-02  8.2669076183E-01
           HessRho_EigVec2 =  2.5287133666E-01 -9.3759533483E-01 -2.3868614371E-01
           HessRho_EigVec3 =  7.8931653339E-01  3.4259028157E-01 -5.0952066602E-01
           DelSqRho = -4.3491871868E+05
           Bond Ellipticity = NA
           V = -1.0873987442E+05
           G =  5.0973734309E+00
           K =  1.0873477704E+05
           L =  1.0872967967E+05
           Vnuc =  3.9588139036E+06
           Ven = -4.6578684319E+08
           Vrep =  4.6567810332E+08
           DelSqV =  2.4947133969E+09
           DelSqVen =  1.7217623491E+12
           DelSqVrep = -1.7192676357E+12
           DelSqG =  1.3399500803E+08
           DelSqK = -2.6287084050E+09
           Stress_EigVals = -3.6246898535E+04 -3.6246733415E+04 -3.6246242466E+04
           Stress_EigVec1 =  7.6882641743E-01  4.1231796519E-01 -4.8877380805E-01
           Stress_EigVec2 =  3.0485037287E-01 -9.0823937234E-01 -2.8664872701E-01
           Stress_EigVec3 =  5.6211403649E-01 -7.1380236214E-02  8.2397370823E-01
           -DivStress = -6.3578322505E+02 -1.0127763921E+03  2.8762809916E+02
           ESP =  -1.4744216366E+01     ESP at Nucleus =  -1.4744216384E+01
           ESPe = -2.5556756080E+01     ESPe at Nucleus = -2.5556756456E+01
           ESPn =  1.0812539714E+01     ESPn at Nucleus =  1.0812540072E+01

CP# 8      Coords =  6.05872603057012E+00 -2.28625131166629E+00 -1.68784813742908E+00
           Type = (3,-3) NACP H8
           Rho =  4.3099466828E-01     Rho at Nucleus =  4.2742847331E-01
           GradRho = -3.0466081047E-16  1.0735295574E-15 -2.3960868012E-16
           HessRho_EigVals = -6.5912137573E+00 -6.5830401444E+00 -5.9947241395E+00
           HessRho_EigVec1 =  4.2257288734E-01  8.8996759660E-01 -1.7143462861E-01
           HessRho_EigVec2 =  5.5137141543E-01 -1.0231063180E-01  8.2796261804E-01
           HessRho_EigVec3 =  7.1932031608E-01 -4.4439870795E-01 -5.3393639251E-01
           DelSqRho = -1.9168978041E+01
           Bond Ellipticity = NA
           V = -4.8014021654E+00
           G =  4.5788275354E-03
           K =  4.7968233378E+00
           L =  4.7922445103E+00
           Vnuc =  4.0022064269E+01
           Ven = -1.7249296314E+01
           Vrep =  1.2447894148E+01
           DelSqV =  7.2278772833E+02
           DelSqVen =  7.6718207115E+02
           DelSqVrep = -4.4394342819E+01
           DelSqG =  7.1396894313E+01
           DelSqK = -7.9418462264E+02
           Stress_EigVals = -1.6509292431E+00 -1.6498067572E+00 -1.5006661651E+00
           Stress_EigVec1 =  3.9608351454E-01  8.9424716647E-01 -2.0842229913E-01
           Stress_EigVec2 =  5.7007193401E-01 -6.1547388424E-02  8.1928621924E-01
           Stress_EigVec3 =  7.1981653188E-01 -4.4332146829E-01 -5.3416311759E-01
           -DivStress =  5.6352916780E+00 -3.4703886732E+00 -4.1796479086E+00
           ESP =  -1.1198767509E+00     ESP at Nucleus =  -1.1222654578E+00
           ESPe = -1.1786188811E+01     ESPe at Nucleus = -1.1703184666E+01
           ESPn =  1.0666312060E+01     ESPn at Nucleus =  1.0580919208E+01

CP# 9      Coords = -4.91611108873816E+00  1.15428945574305E+00 -1.46184592377703E+00
           Type = (3,-3) NACP C9
           Rho =  1.1765308833E+02     Rho at Nucleus =  1.1765308793E+02
           GradRho =  9.3326712964E-10 -1.6803967639E-09  2.0632436179E-09
           HessRho_EigVals = -1.4496792302E+05 -1.4496731256E+05 -1.4496617348E+05
           HessRho_EigVec1 = -8.0879291375E-01 -4.7398062992E-01 -3.4813271195E-01
           HessRho_EigVec2 = -3.1437974905E-01  8.4875045570E-01 -4.2519176538E-01
           HessRho_EigVec3 = -4.9701045870E-01  2.3444621220E-01  8.3547326560E-01
           DelSqRho = -4.3490140907E+05
           Bond Ellipticity = NA
           V = -1.0873573797E+05
           G =  5.1928507863E+00
           K =  1.0873054512E+05
           L =  1.0872535227E+05
           Vnuc =  2.5519943492E+06
           Ven = -3.0025001658E+08
           Vrep =  3.0014128085E+08
           DelSqV =  2.4946172298E+09
           DelSqVen =  1.1098659226E+12
           DelSqVrep = -1.1073713053E+12
           DelSqG =  1.3399058680E+08
           DelSqK = -2.6286078166E+09
           Stress_EigVals = -3.6245552113E+04 -3.6245331255E+04 -3.6244854600E+04
           Stress_EigVec1 = -6.0179997075E-01  7.3560278658E-01  3.1100697032E-01
           Stress_EigVec2 = -6.2785597799E-02 -4.3178802357E-01  8.9978723675E-01
           Stress_EigVec3 =  7.9617508371E-01  5.2196517420E-01  3.0603528065E-01
           -DivStress = -6.3760993015E+02  1.1427892861E+03 -1.3990289615E+03
           ESP =  -1.4705524395E+01     ESP at Nucleus =  -1.4705524408E+01
           ESPe = -2.5444210900E+01     ESPe at Nucleus = -2.5444207012E+01
           ESPn =  1.0738686505E+01     ESPn at Nucleus =  1.0738682605E+01

CP# 10     Coords = -3.46064206411693E+00 -7.54718575156677E-01 -2.05044542806562E+00
           Type = (3,-3) NACP C10
           Rho =  1.1765953473E+02     Rho at Nucleus =  1.1765953428E+02
           GradRho = -8.9028890488E-10  6.1937937678E-10  3.1960270927E-09
           HessRho_EigVals = -1.4497581112E+05 -1.4497512123E+05 -1.4497401439E+05
           HessRho_EigVec1 =  7.7542684912E-01  5.2290522149E-01  3.5395385433E-01
           HessRho_EigVec2 = -5.5244107146E-01  2.9032632976E-01  7.8135746289E-01
           HessRho_EigVec3 = -3.0581377376E-01  8.0142420202E-01 -5.1400115193E-01
           DelSqRho = -4.3492494674E+05
           Bond Ellipticity = NA
           V = -1.0874161666E+05
           G =  5.1899855646E+00
           K =  1.0873642667E+05
           L =  1.0873123669E+05
           Vnuc =  2.4144358911E+06
           Ven = -2.8408140357E+08
           Vrep =  2.8397266195E+08
           DelSqV =  2.4947514569E+09
           DelSqVen =  1.0500984340E+12
           DelSqVrep = -1.0476036826E+12
           DelSqG =  1.3399770248E+08
           DelSqK = -2.6287491594E+09
           Stress_EigVals = -3.6247519435E+04 -3.6247293938E+04 -3.6246803284E+04
           Stress_EigVec1 = -5.8014506425E-01  7.9430694024E-01  1.8030027487E-01
           Stress_EigVec2 = -1.4663212777E-01 -3.1959228186E-01  9.3614090418E-01
           Stress_EigVec3 =  8.0120579350E-01  5.1665971206E-01  3.0188080165E-01
           -DivStress =  5.3059078168E+02 -3.7921965120E+02 -1.9164045801E+03
           ESP =  -1.4706067753E+01     ESP at Nucleus =  -1.4706067767E+01
           ESPe = -2.5957619761E+01     ESPe at Nucleus = -2.5957615963E+01
           ESPn =  1.1251552009E+01     ESPn at Nucleus =  1.1251548196E+01

CP# 11     Coords = -4.29432600771456E+00 -6.04776492110995E-01  5.89579782907544E-01
           Type = (3,-3) NACP C11
           Rho =  1.1740662458E+02     Rho at Nucleus =  1.1740662090E+02
           GradRho = -2.5297701989E-11 -7.6616777294E-12  4.1345121771E-12
           HessRho_EigVals = -1.4463241429E+05 -1.4463020203E+05 -1.4462915103E+05
           HessRho_EigVec1 =  6.2531945528E-01  2.4241832771E-01  7.4176069810E-01
           HessRho_EigVec2 =  5.1122858799E-01  5.9089556587E-01 -6.2408954570E-01
           HessRho_EigVec3 = -5.8959385145E-01  7.6946460908E-01  2.4556731400E-01
           DelSqRho = -4.3389176734E+05
           Bond Ellipticity = NA
           V = -1.0848292731E+05
           G =  4.9927374534E+00
           K =  1.0847793457E+05
           L =  1.0847294184E+05
           Vnuc =  8.4124540156E+05
           Ven = -9.8767783041E+07
           Vrep =  9.8659300113E+07
           DelSqV =  2.4888099106E+09
           DelSqVen =  3.6500945382E+11
           DelSqVrep = -3.6252064391E+11
           DelSqG =  1.3364658172E+08
           DelSqK = -2.6224564923E+09
           Stress_EigVals = -3.6161227947E+04 -3.6161221358E+04 -3.6160478006E+04
           Stress_EigVec1 = -7.1040619944E-01  5.5765311206E-01  4.2935537543E-01
           Stress_EigVec2 =  2.9328496325E-01  7.8913545435E-01 -5.3967505503E-01
           Stress_EigVec3 =  6.3977102320E-01  2.5746502927E-01  7.2415799145E-01
           -DivStress = -4.6267762534E+03 -3.4439747110E+03 -3.4807787406E+02
           ESP =  -1.4638456243E+01     ESP at Nucleus =  -1.4638456447E+01
           ESPe = -2.6850074143E+01     ESPe at Nucleus = -2.6850064905E+01
           ESPn =  1.2211617900E+01     ESPn at Nucleus =  1.2211608459E+01

CP# 12     Coords = -5.84587110137698E+00  2.84693274919482E+00 -2.00228985784579E+00
           Type = (3,-3) NACP H12
           Rho =  4.1342976284E-01     Rho at Nucleus =  4.0951489761E-01
           GradRho =  1.2475972634E-11 -2.2721103029E-11  7.2536262639E-12
           HessRho_EigVals = -6.3191663509E+00 -6.3171728078E+00 -5.6983739991E+00
           HessRho_EigVec1 = -2.2531191971E-01  1.8491170351E-01  9.5657838191E-01
           HessRho_EigVec2 = -8.5770544446E-01 -5.0336365964E-01 -1.0472056482E-01
           HessRho_EigVec3 = -4.6214273702E-01  8.4405727771E-01 -2.7201360731E-01
           DelSqRho = -1.8334713158E+01
           Bond Ellipticity = NA
           V = -4.5925558448E+00
           G =  4.4387776817E-03
           K =  4.5881170671E+00
           L =  4.5836782895E+00
           Vnuc =  3.7735552435E+01
           Ven = -1.5601000494E+01
           Vrep =  1.1008444649E+01
           DelSqV =  6.8968568829E+02
           DelSqVen =  6.9187052978E+02
           DelSqVrep = -2.1848414914E+00
           DelSqG =  6.8105799609E+01
           DelSqK = -7.5779148790E+02
           Stress_EigVals = -1.5834913941E+00 -1.5826448465E+00 -1.4264196043E+00
           Stress_EigVec1 = -4.4963934103E-01  3.8371985190E-02  8.9238559701E-01
           Stress_EigVec2 =  7.6365301009E-01  5.3474068315E-01  3.6178236823E-01
           Stress_EigVec3 = -4.6331257610E-01  8.4414453297E-01 -2.6974333039E-01
           -DivStress = -3.7328490954E+00  6.7891058842E+00 -2.1586540215E+00
           ESP =  -1.0487101944E+00     ESP at Nucleus =  -1.0514446214E+00
           ESPe = -1.1413585925E+01     ESPe at Nucleus = -1.1326215059E+01
           ESPn =  1.0364875730E+01     ESPn at Nucleus =  1.0274770438E+01

CP# 13     Coords = -2.34047997373697E+00 -1.72683891163298E+00 -3.39874359508633E+00
           Type = (3,-3) NACP H13
           Rho =  4.1270300650E-01     Rho at Nucleus =  4.0873319371E-01
           GradRho = -7.8478619003E-16 -1.0578086258E-16  1.6408891661E-16
           HessRho_EigVals = -6.3073793204E+00 -6.3055104374E+00 -5.6815771967E+00
           HessRho_EigVec1 = -3.7570627981E-01  5.7633140099E-01 -7.2573198052E-01
           HessRho_EigVec2 =  7.3817395286E-01  6.5957265701E-01  1.4164436259E-01
           HessRho_EigVec3 = -5.6030706460E-01  4.8249976825E-01  6.7323841765E-01
           DelSqRho = -1.8294466955E+01
           Bond Ellipticity = NA
           V = -4.5823708035E+00
           G =  4.3770324497E-03
           K =  4.5779937711E+00
           L =  4.5736167386E+00
           Vnuc =  3.8588215216E+01
           Ven = -1.5925472435E+01
           Vrep =  1.1343101631E+01
           DelSqV =  6.8790101414E+02
           DelSqVen =  7.0595082810E+02
           DelSqVrep = -1.8049813959E+01
           DelSqG =  6.7931413153E+01
           DelSqK = -7.5583242729E+02
           Stress_EigVals = -1.5805272893E+00 -1.5796578422E+00 -1.4221856720E+00
           Stress_EigVec1 = -1.5172633735E-01  7.3719987216E-01 -6.5841891455E-01
           Stress_EigVec2 =  8.1403955228E-01  4.7103293408E-01  3.3980521233E-01
           Stress_EigVec3 = -5.6064135227E-01  4.8442163813E-01  6.7157795574E-01
           -DivStress =  4.5412569163E+00 -3.9307213775E+00 -5.4221268444E+00
           ESP =  -1.0505063475E+00     ESP at Nucleus =  -1.0532745431E+00
           ESPe = -1.2491504194E+01     ESPe at Nucleus = -1.2411244600E+01
           ESPn =  1.1440997847E+01     ESPn at Nucleus =  1.1357970057E+01

CP# 14     Coords =  1.17860332098549E+00  2.35273585890003E+00  9.83161238399401E-01
           Type = (3,-3) NACP H14
           Rho =  4.2197666811E-01     Rho at Nucleus =  4.1810625546E-01
           GradRho =  1.3657493539E-09  4.6808189263E-10 -4.4809976237E-10
           HessRho_EigVals = -6.4150706105E+00 -6.4091915263E+00 -5.8018494740E+00
           HessRho_EigVec1 = -2.5033312285E-01  9.4275431450E-01  2.2033526750E-01
           HessRho_EigVec2 =  3.4770576507E-01 -1.2485236957E-01  9.2925377952E-01
           HessRho_EigVec3 =  9.0356739015E-01  3.0923484330E-01 -2.9654642662E-01
           DelSqRho = -1.8626111611E+01
           Bond Ellipticity = NA
           V = -4.6660856504E+00
           G =  4.7788738600E-03
           K =  4.6613067766E+00
           L =  4.6565279027E+00
           Vnuc =  4.0586521619E+01
           Ven = -1.7126565163E+01
           Vrep =  1.2460479512E+01
           DelSqV =  7.0037378626E+02
           DelSqVen =  7.5596908389E+02
           DelSqVrep = -5.5595297635E+01
           DelSqG =  6.8869823743E+01
           DelSqK = -7.6924361000E+02
           Stress_EigVals = -1.6070996425E+00 -1.6065813382E+00 -1.4524046697E+00
           Stress_EigVec1 = -2.7176384288E-01  9.4956743803E-01  1.5641641325E-01
           Stress_EigVec2 =  3.2958426360E-01 -6.0870343858E-02  9.4216188335E-01
           Stress_EigVec3 =  9.0416736664E-01  3.0759792241E-01 -2.9642012623E-01
           -DivStress = -7.2707149730E+00 -2.4899081993E+00  2.3849271842E+00
           ESP =  -1.1225089882E+00     ESP at Nucleus =  -1.1250756946E+00
           ESPe = -1.3945870581E+01     ESPe at Nucleus = -1.3907229897E+01
           ESPn =  1.2823361593E+01     ESPn at Nucleus =  1.2782154202E+01

CP# 15     Coords =  1.34509311864792E+00 -2.13005579633410E+00  1.60290481606523E+00
           Type = (3,-3) NACP H15
           Rho =  4.2206797481E-01     Rho at Nucleus =  4.1820871193E-01
           GradRho =  2.0741871762E-15 -3.6145606365E-16 -2.1991143715E-15
           HessRho_EigVals = -6.4166427657E+00 -6.4106129567E+00 -5.8044641431E+00
           HessRho_EigVec1 =  3.6745460360E-01  9.2175465577E-01 -1.2387682941E-01
           HessRho_EigVec2 =  5.6523388876E-01 -1.1555741734E-01  8.1679687456E-01
           HessRho_EigVec3 =  7.3857143547E-01 -3.7015515378E-01 -5.6346907354E-01
           DelSqRho = -1.8631719865E+01
           Bond Ellipticity = NA
           V = -4.6674897398E+00
           G =  4.7798867243E-03
           K =  4.6627098531E+00
           L =  4.6579299664E+00
           Vnuc =  4.0588472488E+01
           Ven = -1.7131094384E+01
           Vrep =  1.2463604644E+01
           DelSqV =  7.0063565771E+02
           DelSqVen =  7.5623304915E+02
           DelSqVrep = -5.5597391446E+01
           DelSqG =  6.8893707264E+01
           DelSqK = -7.6952936497E+02
           Stress_EigVals = -1.6074906608E+00 -1.6070004018E+00 -1.4529986772E+00
           Stress_EigVec1 =  3.2420038163E-01  9.2832031341E-01 -1.8197666958E-01
           Stress_EigVec2 =  5.9068524335E-01 -4.8396423161E-02  8.0544939600E-01
           Stress_EigVec3 =  7.3890801582E-01 -3.6861793492E-01 -5.6403524909E-01
           -DivStress = -5.9346629067E+00  2.9786602603E+00  4.5256897149E+00
           ESP =  -1.1210162230E+00     ESP at Nucleus =  -1.1235779399E+00
           ESPe = -1.3901266497E+01     ESPe at Nucleus = -1.3856612147E+01
           ESPn =  1.2780250274E+01     ESPn at Nucleus =  1.2733034207E+01

CP# 16     Coords = -2.54328290973525E+00  1.51494247347998E-01  2.44669828580836E+00
           Type = (3,-3) NACP F16
           Rho =  4.1864440654E+02     Rho at Nucleus =  4.1864438133E+02
           GradRho =  1.5116115564E-10 -5.8229133321E-12 -1.1151167042E-10
           HessRho_EigVals = -1.1734783120E+06 -1.1734374436E+06 -1.1734361943E+06
           HessRho_EigVec1 =  6.6992537272E-01  2.8190052010E-01  6.8682755605E-01
           HessRho_EigVec2 = -6.2875587049E-01  7.0736694665E-01  3.2295209878E-01
           HessRho_EigVec3 =  3.9479874658E-01  6.4820066303E-01 -6.5112967230E-01
           DelSqRho = -3.5203519499E+06
           Bond Ellipticity = NA
           V = -8.8032042915E+05
           G =  1.1622084409E+02
           K =  8.8020420831E+05
           L =  8.8008798746E+05
           Vnuc =  1.3730472368E+06
           Ven = -5.7481854562E+08
           Vrep =  5.7393822519E+08
           DelSqV =  4.6327268829E+10
           DelSqVen =  4.8336095212E+12
           DelSqVrep = -4.7872822523E+12
           DelSqG =  2.4677346385E+09
           DelSqK = -4.8795003467E+10
           Stress_EigVals = -2.9344377374E+05 -2.9344346238E+05 -2.9343319303E+05
           Stress_EigVec1 =  3.9185923885E-01  6.5152252127E-01 -6.4958813197E-01
           Stress_EigVec2 = -6.3133533955E-01  7.0400650290E-01  3.2525456631E-01
           Stress_EigVec3 =  6.6922494422E-01  2.8265393708E-01  6.8720064457E-01
