AIMSum (Version 19.02.13, Professional)
Copyright (c) 1997-2019 by Todd A. Keith
AIMSum is a component of the AIMAll package ( http://aim.tkgristmill.com )

TP:  64-bit Linux

Much of the Quantum Theory of Atoms in Molecules (QTAIM) is described in the book:
  "Atoms in Molecules - A Quantum Theory"
  R.F.W. Bader, Oxford University Press, Oxford, 1990

For additional references see:  http://aim.tkgristmill.com/references.html

Wfn File:  /home/mhennefarth/Documents/ML_Diels/summary-levandowski2016/31-opt/31-opt.wfn
Sum File:  /home/mhennefarth/Documents/ML_Diels/summary-levandowski2016/31-opt/31-opt.sum

SumViz File:  /home/mhennefarth/Documents/ML_Diels/summary-levandowski2016/31-opt/31-opt.sumviz

Wfn Title:   Title Card Required                                                           
 
Total memory allocated for AIMSum =        1.111 Megabytes

Atomic units (a.u.) used throughout, except where stated otherwise

Model:  Restricted SCF
 
Restricted, closed-shell, single-determinant wavefunction.
  Number of electrons (from MO Occs)                   =          84.0000000000
  Number of Alpha electrons (from MO Occs)             =          42.0000000000
  Number of Beta electrons (from MO Occs)              =          42.0000000000
  Number of electron pairs (N*(N-1)/2)                 =        3486.0000000000
  Number of electron pairs (from Muller 2EDM)          =        3486.0000000000
 
Nuclear Charges and Cartesian Coordinates:
-------------------------------------------------------------------------------
Atom      Charge                X                  Y                  Z
-------------------------------------------------------------------------------
C1         6.0           5.3800873200E+00  -2.1855493000E-01   3.1753619600E+00
H2         1.0           4.1756089200E+00   4.1109727000E-01   4.7135437600E+00
C3         6.0           6.3441896700E+00   1.4173735500E+00   1.4972633100E+00
H4         1.0           5.9520802200E+00   3.4249545400E+00   1.7481757300E+00
C5         6.0           7.9475971100E+00  -1.4148150100E+00  -1.9360862500E+00
H6         1.0           9.2374726300E+00  -1.7578030700E+00  -3.4950494400E+00
C7         6.0           7.9688866100E+00   7.7264065000E-01  -6.6365605000E-01
H8         1.0           9.2645319300E+00   2.2539903600E+00  -1.2729484600E+00
C9         6.0          -5.6704617000E-01   1.2788510000E-02  -1.2661609200E+00
H10        1.0           1.2917695000E+00   1.9109225000E-01  -4.4066947000E-01
C11        6.0          -2.0427313400E+00  -2.7130803000E-01  -3.1777841400E+00
H12        1.0          -2.3430577500E+00  -4.9936353000E-01  -5.1821876700E+00
C13        6.0          -3.4200592300E+00  -6.1031530000E-02  -6.1122299000E-01
H14        1.0           6.6326609200E+00  -2.9261334700E+00  -1.4790424600E+00
H15        1.0           5.7962685100E+00  -2.2288772000E+00   3.0920905100E+00
Si16      14.0          -5.0827838700E+00   3.0049140300E+00   1.8913015000E-01
H17        1.0          -5.5999500500E+00   3.1952818400E+00   2.9551195700E+00
H18        1.0          -3.4893146400E+00   5.1976231200E+00  -5.7784003000E-01
H19        1.0          -7.5636331300E+00   3.2156147600E+00  -1.1345719700E+00
Si20      14.0          -4.7495240700E+00  -3.0269842700E+00   8.8533478000E-01
H21        1.0          -4.1549480300E+00  -3.1521006400E+00   3.6390559100E+00
H22        1.0          -7.5569506200E+00  -3.1302669700E+00   6.3866829000E-01
H23        1.0          -3.6557712300E+00  -5.3086851300E+00  -3.5314278000E-01
 
Some Atomic Properties:
----------------------
  q(A) = Net Charge of Atom A
  L(A) = Lagrangian of Atom A = -(1/4) Times Atomic Integral of the Laplacian of the Electron Density
  K(A) = Electronic Kinetic Energy of Atom A (Hamiltonian Form)
  K_Scaled(A) = K(A) * E(Mol)/K(Mol) = Approximation to Virial-Based Total Energy of Atom A.
  |Mu_Intra(A)| = Magnitude of Intraatomic Dipole Moment of Atom A
--------------------------------------------------------------------------------------------------
Atom A          q(A)              L(A)              K(A)          K_Scaled(A)      |Mu_Intra(A)|
--------------------------------------------------------------------------------------------------
C1       -9.4864884600E-02 -2.6347694288E-05  3.7707249022E+01 -3.7925865094E+01  1.1778203296E-01
H2        4.8562568740E-02  1.9895043136E-05  5.9222388514E-01 -5.9565743340E-01  1.4667040531E-01
C3       -3.6869037200E-02  1.1355447644E-04  3.7704798055E+01 -3.7923399917E+01  7.8600946059E-02
H4        3.7135963600E-02  2.3779371961E-05  6.0088064673E-01 -6.0436438448E-01  1.5029039304E-01
C5       -8.4877382900E-02 -4.5901861430E-05  3.7704121182E+01 -3.7922719119E+01  1.0992744493E-01
H6        4.6450849080E-02  2.2198726889E-05  5.9332020210E-01 -5.9676010651E-01  1.4712156902E-01
C7       -2.9430690200E-02  1.1617301966E-04  3.7700806223E+01 -3.7919384942E+01  7.6866249057E-02
H8        3.6349316020E-02  2.5041853202E-05  6.0123850080E-01 -6.0472431328E-01  1.5058296202E-01
C9       -1.3131563040E-01 -6.5120740654E-05  3.7758042504E+01 -3.7976953062E+01  2.8703124715E-01
H10       1.4611435865E-01  2.7969830522E-05  5.4523708322E-01 -5.4839821516E-01  1.3518530502E-01
C11      -1.3202382090E-01  1.7337942693E-05  3.7757203762E+01 -3.7976109457E+01  2.5190209223E-01
H12       1.2384251895E-01  1.9014383331E-05  5.5570984068E-01 -5.5893169074E-01  1.4294335853E-01
C13      -1.3470090879E+00  1.0035274669E-04  3.8072027009E+01 -3.8292757961E+01  1.5667037508E+00
H14       4.2236297410E-02  1.9249726361E-05  5.9400726311E-01 -5.9745115090E-01  1.4800969698E-01
H15       4.6076718520E-02  1.8286802882E-05  5.9250014937E-01 -5.9593529934E-01  1.4728122756E-01
Si16      2.6888006090E+00 -2.1289663802E-04  2.8764118241E+02 -2.8930884545E+02  2.3508923078E-02
H17      -6.7675320220E-01  2.5567609476E-05  7.8458282073E-01 -7.8913161224E-01  3.7772153552E-01
H18      -6.7200722570E-01  2.3525587179E-05  7.8385223880E-01 -7.8839679460E-01  3.7405340023E-01
H19      -6.7520689580E-01  1.7647001423E-05  7.8430985767E-01 -7.8885706662E-01  3.7856504759E-01
Si20      2.6891843850E+00 -5.9035822736E-05  2.8764097133E+02 -2.8930863314E+02  2.3523206878E-02
H21      -6.7573056810E-01  1.9167091201E-05  7.8450907199E-01 -7.8905743592E-01  3.7814110296E-01
H22      -6.7640178660E-01  2.9003427030E-05  7.8449019276E-01 -7.8903844724E-01  3.7805104281E-01
H23      -6.7208199760E-01  2.7129995472E-05  7.8383113758E-01 -7.8837557104E-01  3.7396504772E-01
--------------------------------------------------------------------------------------------------
Total     1.8137487000E-04  2.5559187842E-04  8.4906709439E+02 -8.5398974766E+02
 
1st Largest |L(A)| = 2.1289663802E-04, atom Si16    
2nd Largest |L(A)| = 1.1617301966E-04, atom C7      
 
Molecular charge q(Mol) from the wfn file:   0.0000000000E+00
Molecular energy E(Mol) from the wfn file:  -8.5398965227E+02
Molecular virial ratio (-V(Mol)/T(Mol)) from the wfn file:   2.0057977200E+00
Note.  K_Scaled(A) = (1+V(Mol)/T(Mol))*K(A) = (E(Mol)/T(Mol))*K(A)
       Only use K_Scaled(A) data with caution.
 
N_AIMInt(SumA)     =         83.999819
N_Analytic(Mol)    =         83.999990
 
G_AIMInt(SumA)     =        849.066839
G_Analytic(Mol)    =        849.066985
 
K_AIMInt(SumA)     =        849.067094
K_Analytic(Mol)    =        849.066985
 
L_AIMInt(SumA)     =          0.000256
L_Analytic(Mol)    =          0.000000
 
VenT_AIMInt(SumA)  =      -3035.353745
VenT_Analytic(Mol) =      -3035.355714
 
Some Information About the Atomic Calculations:
----------------------------------------------
  Time(sec) = "Elapsed User Time", in Seconds, for Atom A by AIMInt and, if used, by TWOe
  NProc = Number of Processors Used for AIMInt Job
  BIM = Basin Integration Method
  OAQ = Angular Quadrature Outside of Beta Sphere
  ORQ = Multiple of Default for Radial Quadrature Outside of Beta Sphere
  IAQ = Multiple of Default for Angular Quadrature Inside of Beta Sphere
  IRQ = Multiple of Default for Radial Quadrature Inside of Beta Sphere
  MIR = Maximum Integration Radius
------------------------------------------------------------------------------------------------------
Atom A     Time(sec)   NProc      BIM          OAQ                     ORQ      IAQ      IRQ      MIR
------------------------------------------------------------------------------------------------------
C1             57        8     Proaim(5)    4500(GS4)                  1.00     1.00     1.00    13.00
H2              8        8     Proaim(5)    1800(GS4)                  1.00     1.00     1.00    13.00
C3             45        8     Proaim(5)    4500(GS4)                  1.00     1.00     1.00    13.00
H4              7        8     Proaim(5)    1800(GS4)                  1.00     1.00     1.00    13.00
C5             32        8     Proaim(5)    4500(GS4)                  1.00     1.00     1.00    13.00
H6              5        8     Proaim(5)    1800(GS4)                  1.00     1.00     1.00    13.00
C7             30        8     Proaim(5)    4500(GS4)                  1.00     1.00     1.00    13.00
H8              6        8     Proaim(5)    1800(GS4)                  1.00     1.00     1.00    13.00
C9             39        8     Proaim(5)    4500(GS4)                  1.00     1.00     1.00    13.00
H10            26        8     Proaim(5)    4500(GS4)                  1.00     1.00     1.00    13.00
C11            25        8     Proaim(5)    4500(GS4)                  1.00     1.00     1.00    13.00
H12             7        8     Proaim(5)    1800(GS4)                  1.00     1.00     1.00    13.00
C13            59        8     Proaim(5)    4500(GS4)                  1.00     1.00     1.00    13.00
H14            11        8     Proaim(5)    1800(GS4)                  1.00     1.00     1.00    13.00
H15             9        8     Proaim(5)    1800(GS4)                  1.00     1.00     1.00    13.00
Si16           43        8     Proaim(5)    4500(GS4)                  1.00     1.00     1.00    13.00
H17            11        8     Proaim(5)    1800(GS4)                  1.00     1.00     1.00    13.00
H18            12        8     Proaim(5)    1800(GS4)                  1.00     1.00     1.00    13.00
H19            11        8     Proaim(5)    1800(GS4)                  1.00     1.00     1.00    13.00
Si20           46        8     Proaim(5)    4500(GS4)                  1.00     1.00     1.00    13.00
H21            14        8     Proaim(5)    1800(GS4)                  1.00     1.00     1.00    13.00
H22            10        8     Proaim(5)    1800(GS4)                  1.00     1.00     1.00    13.00
H23            10        8     Proaim(5)    1800(GS4)                  1.00     1.00     1.00    13.00
------------------------------------------------------------------------------------------------------
Total         523
Note:  Total wall clock time is less than total of atomic times if more than one atom
       was calculated at a time
 
Electron Density Critical Point Analysis of Molecular Structure:               
---------------------------------------------------------------                
  NACP = Nuclear Attractor Critical Point                                      
  NNACP = Non-Nuclear Attractor Critical Point                                 
  BCP = Bond Critical Point                                                    
  RCP = Ring Critical Point                                                    
  CCP = Cage Critical Point                                                    
  Rho = Electron Density                                                       
  GradRho = Gradient of Electron Density                                       
  HessRho_EigVals = Eigenvalues of the Hessian of Rho, Ascending Order         
  HessRho_EigVecs = Eigenvectors of the Hessian of Rho                         
  DelSqRho = Laplacian of Rho = Trace of Hessian of Rho                        
  Bond Ellipticity = (HessRho_EigVal(1) / HessRho_EigVal(2)) - 1               
  V = Virial Field = Potential Energy Density = Trace of Stress Tensor         
  G = Lagrangian Form of Kinetic Energy Density                                
  K = Hamiltonian Form of Kinetic Energy Density                               
  L = K - G = Lagrangian Density = (-1/4)DelSqRho                              
  Vnuc = Electrostatic Potential from Nuclei                                   
  Ven = Electron-nuclear attractive contribution to Virial Field V             
  Vrep = V - Ven = Repulsive contribution to Virial Field V                    
  DelSqV = Laplacian of V                                                      
  DelSqVen = Laplacian of Ven                                                  
  DelSqVrep = Laplacian of Vrep                                                
  DelSqG = Laplacian of G                                                      
  DelSqK = Laplacian of K                                                      
  Stress_EigVals = Eigenvalues of Stress Tensor, Ascending Order               
  Stress_EigVecs = Eigenvectors of Stress Tensor                               
  -DivStress = Ehrenfest Force Density = Minus Divergence of Stress Tensor     
  ESP = Total Electrostatic Potential                                          
  ESPe = Electrostatic Potential from Electrons                                
  ESPn = Electrostatic Potential from Nuclei                                   
  BP = Bond Path                                                               
  BPL = Bond Path Length                                                       
  GBL = Geometric Bond Length                                                  
  GBL_I = Distance Between Nuclear Attractors                                  
  GBL_II = Distance Between Nuclei                                             
  GBL_III = Sum of Distances Between BCP and Nuclear Attractors                
  GBL_IV = Sum of Distances Between BCP and Nuclei                             

CP# 1      Coords =  5.38008670830171E+00 -2.18555406962938E-01  3.17536228904204E+00
           Type = (3,-3) NACP C1
           Rho =  1.1768599703E+02     Rho at Nucleus =  1.1768599698E+02
           GradRho = -5.3237387179E-11 -7.4316599481E-11  6.2678311671E-11
           HessRho_EigVals = -1.4501831988E+05 -1.4501733237E+05 -1.4501719345E+05
           HessRho_EigVec1 =  7.9060049880E-01  1.7566067062E-01  5.8659541432E-01
           HessRho_EigVec2 = -4.8958106568E-01  7.5671010594E-01  4.3324380629E-01
           HessRho_EigVec3 =  3.6777878056E-01  6.2970877742E-01 -6.8425552553E-01
           DelSqRho = -4.3505284569E+05
           Bond Ellipticity = NA
           V = -1.0877345419E+05
           G =  5.1213837526E+00
           K =  1.0876833281E+05
           L =  1.0876321142E+05
           Vnuc =  7.1210170986E+06
           Ven = -8.3804399709E+08
           Vrep =  8.3793522364E+08
           DelSqV =  2.4954915959E+09
           DelSqVen =  3.0980193649E+12
           DelSqVrep = -3.0955238733E+12
           DelSqG =  1.3404696029E+08
           DelSqK = -2.6295385562E+09
           Stress_EigVals = -3.6258061652E+04 -3.6257965471E+04 -3.6257427067E+04
           Stress_EigVec1 =  3.9291735369E-01  6.0023776742E-01 -6.9665671297E-01
           Stress_EigVec2 = -4.5641188423E-01  7.8498076461E-01  4.1891931340E-01
           Stress_EigVec3 =  7.9831331262E-01  1.5336173500E-01  5.8238821514E-01
           -DivStress =  4.9600474770E+02  3.8770727917E+02 -2.6957561990E+02
           ESP =  -1.4736065955E+01     ESP at Nucleus =  -1.4736065965E+01
           ESPe = -2.6456495008E+01     ESPe at Nucleus = -2.6456495664E+01
           ESPn =  1.1720429053E+01     ESPn at Nucleus =  1.1720429700E+01

CP# 2      Coords =  4.19624640162908E+00  4.00276317580105E-01  4.68717520122765E+00
           Type = (3,-3) NACP H2
           Rho =  4.2476726092E-01     Rho at Nucleus =  4.2103871983E-01
           GradRho = -2.1420594531E-16 -6.2516735414E-16 -3.2920671884E-15
           HessRho_EigVals = -6.4663100247E+00 -6.4600884137E+00 -5.8634035308E+00
           HessRho_EigVec1 =  9.3779761346E-02  9.4493955711E-01 -3.1351968004E-01
           HessRho_EigVec2 =  8.0456679848E-01  1.1355232044E-01  5.8290491274E-01
           HessRho_EigVec3 = -5.8641079726E-01  3.0691220884E-01  7.4961808471E-01
           DelSqRho = -1.8789801969E+01
           Bond Ellipticity = NA
           V = -4.7066805341E+00
           G =  4.6150209224E-03
           K =  4.7020655132E+00
           L =  4.6974504923E+00
           Vnuc =  4.0951413456E+01
           Ven = -1.7394819725E+01
           Vrep =  1.2688139190E+01
           DelSqV =  7.0731062584E+02
           DelSqVen =  7.6946894919E+02
           DelSqVrep = -6.2158323358E+01
           DelSqG =  6.9604644045E+01
           DelSqK = -7.7691526988E+02
           Stress_EigVals = -1.6198869670E+00 -1.6193764802E+00 -1.4674170869E+00
           Stress_EigVec1 =  2.0458449019E-02  9.3143148817E-01 -3.6334120977E-01
           Stress_EigVec2 =  8.0972358500E-01  1.9773613449E-01  5.5249265787E-01
           Stress_EigVec3 = -5.8645474484E-01  3.0550908983E-01  7.5015666916E-01
           -DivStress = -4.6504343773E+00  2.4370403408E+00  5.9419609354E+00
           ESP =  -1.0990354493E+00     ESP at Nucleus =  -1.1015298217E+00
           ESPe = -1.3632865568E+01     ESPe at Nucleus = -1.3561027863E+01
           ESPn =  1.2533830119E+01     ESPn at Nucleus =  1.2459498041E+01

CP# 3      Coords =  6.34419034095198E+00  1.41737390281804E+00  1.49726207503061E+00
           Type = (3,-3) NACP C3
           Rho =  1.1767203358E+02     Rho at Nucleus =  1.1767203342E+02
           GradRho =  2.9053866600E-10  1.8516866031E-10 -5.9229450317E-10
           HessRho_EigVals = -1.4499416851E+05 -1.4499317994E+05 -1.4499286829E+05
           HessRho_EigVec1 =  8.4320859203E-01  7.7871303968E-02  5.3191665734E-01
           HessRho_EigVec2 = -4.8612113251E-01  5.3291527954E-01  6.9259479449E-01
           HessRho_EigVec3 =  2.2953325437E-01  8.4257780937E-01 -4.8721362901E-01
           DelSqRho = -4.3498021674E+05
           Bond Ellipticity = NA
           V = -1.0875526644E+05
           G =  5.1061261688E+00
           K =  1.0875016031E+05
           L =  1.0874505419E+05
           Vnuc =  4.1405965797E+06
           Ven = -4.8723241975E+08
           Vrep =  4.8712366449E+08
           DelSqV =  2.4950686063E+09
           DelSqVen =  1.8010774897E+12
           DelSqVrep = -1.7985824211E+12
           DelSqG =  1.3401724767E+08
           DelSqK = -2.6290858540E+09
           Stress_EigVals = -3.6252027285E+04 -3.6251872968E+04 -3.6251366185E+04
           Stress_EigVec1 =  2.7599076943E-01  7.9361887952E-01 -5.4221598027E-01
           Stress_EigVec2 = -4.8300521696E-01  6.0223949242E-01  6.3562060552E-01
           Stress_EigVec3 =  8.3098438949E-01  8.6467727207E-02  5.4953459998E-01
           -DivStress = -5.4651733504E+02 -2.8296407925E+02  1.0031529219E+03
           ESP =  -1.4725478738E+01     ESP at Nucleus =  -1.4725478755E+01
           ESPe = -2.7217727007E+01     ESPe at Nucleus = -2.7217727215E+01
           ESPn =  1.2492248269E+01     ESPn at Nucleus =  1.2492248461E+01

CP# 4      Coords =  5.95870743775984E+00  3.39144629915503E+00  1.74386377091323E+00
           Type = (3,-3) NACP H4
           Rho =  4.2868769083E-01     Rho at Nucleus =  4.2506841704E-01
           GradRho =  6.6541214269E-10 -3.3595897525E-09 -4.3329004494E-10
           HessRho_EigVals = -6.5524669059E+00 -6.5448067808E+00 -5.9528573061E+00
           HessRho_EigVec1 =  5.7592864243E-01  2.1634609710E-01 -7.8835307135E-01
           HessRho_EigVec2 =  7.9430908866E-01  7.9974009684E-02  6.0222689201E-01
           HessRho_EigVec3 = -1.9333719381E-01  9.7303572599E-01  1.2578634839E-01
           DelSqRho = -1.9050130993E+01
           Bond Ellipticity = NA
           V = -4.7715528905E+00
           G =  4.5100711420E-03
           K =  4.7670428193E+00
           L =  4.7625327482E+00
           Vnuc =  4.1862394856E+01
           Ven = -1.7945893383E+01
           Vrep =  1.3174340493E+01
           DelSqV =  7.1798057382E+02
           DelSqVen =  7.9748411148E+02
           DelSqVrep = -7.9503537666E+01
           DelSqG =  7.0894063850E+01
           DelSqK = -7.8887463767E+02
           Stress_EigVals = -1.6412469158E+00 -1.6401431706E+00 -1.4901628041E+00
           Stress_EigVec1 =  4.9879776311E-01  2.0658994010E-01 -8.4173712534E-01
           Stress_EigVec2 =  8.4505089338E-01  9.9877509746E-02  5.2527466210E-01
           Stress_EigVec3 = -1.9258706892E-01  9.7331653623E-01  1.2476033500E-01
           -DivStress = -1.5132968799E+00  7.6525885167E+00  9.8426396747E-01
           ESP =  -1.1001537104E+00     ESP at Nucleus =  -1.1025805864E+00
           ESPe = -1.3916766721E+01     ESPe at Nucleus = -1.3838220985E+01
           ESPn =  1.2816613011E+01     ESPn at Nucleus =  1.2735640399E+01

CP# 5      Coords =  7.94759722691684E+00 -1.41481579418907E+00 -1.93608662272977E+00
           Type = (3,-3) NACP C5
           Rho =  1.1767766986E+02     Rho at Nucleus =  1.1767766980E+02
           GradRho = -1.9559579539E-11 -1.2487264166E-10 -5.6125418000E-11
           HessRho_EigVals = -1.4500529123E+05 -1.4500431233E+05 -1.4500415085E+05
           HessRho_EigVec1 =  6.3657963930E-01 -4.2916533446E-01  6.4076788194E-01
           HessRho_EigVec2 = -7.7117982607E-01 -3.4676399620E-01  5.3388800960E-01
           HessRho_EigVec3 =  6.9309948302E-03  8.3400950033E-01  5.5170654761E-01
           DelSqRho = -4.3501375441E+05
           Bond Ellipticity = NA
           V = -1.0876367322E+05
           G =  5.1173091276E+00
           K =  1.0875855591E+05
           L =  1.0875343860E+05
           Vnuc =  6.8485516483E+06
           Ven = -8.0592159987E+08
           Vrep =  8.0581283620E+08
           DelSqV =  2.4952652019E+09
           DelSqVen =  2.9792142623E+12
           DelSqVrep = -2.9767188660E+12
           DelSqG =  1.3403224276E+08
           DelSqK = -2.6292974447E+09
           Stress_EigVals = -3.6254805290E+04 -3.6254702528E+04 -3.6254165403E+04
           Stress_EigVec1 = -2.4528961528E-02  8.3294351240E-01  5.5281410546E-01
           Stress_EigVec2 = -7.5563849213E-01 -3.7749887234E-01  5.3526168422E-01
           Stress_EigVec3 =  6.5452944873E-01 -4.0459820382E-01  6.3866383505E-01
           -DivStress = -9.5166242233E+01  6.3760080073E+02  3.0445978344E+02
           ESP =  -1.4737700752E+01     ESP at Nucleus =  -1.4737700763E+01
           ESPe = -2.5631037108E+01     ESPe at Nucleus = -2.5631038199E+01
           ESPn =  1.0893336356E+01     ESPn at Nucleus =  1.0893337436E+01

CP# 6      Coords =  9.21536156816286E+00 -1.75198440887862E+00 -3.46838667090530E+00
           Type = (3,-3) NACP H6
           Rho =  4.2525471719E-01     Rho at Nucleus =  4.2153457648E-01
           GradRho = -6.9111279521E-15 -1.6578340602E-16  6.3871165250E-16
           HessRho_EigVals = -6.4755581462E+00 -6.4693471380E+00 -5.8727987765E+00
           HessRho_EigVec1 =  3.7701960273E-01  9.1958201417E-01  1.1056734767E-01
           HessRho_EigVec2 =  6.7992200488E-01 -3.5585124684E-01  6.4115205482E-01
           HessRho_EigVec3 = -6.2893742649E-01  1.6654972030E-01  7.5940694244E-01
           DelSqRho = -1.8817704061E+01
           Bond Ellipticity = NA
           V = -4.7136596670E+00
           G =  4.6168259036E-03
           K =  4.7090428411E+00
           L =  4.7044260152E+00
           Vnuc =  3.9519173199E+01
           Ven = -1.6805714822E+01
           Vrep =  1.2092055155E+01
           DelSqV =  7.0843615176E+02
           DelSqVen =  7.4366010598E+02
           DelSqVrep = -3.5223954218E+01
           DelSqG =  6.9730401271E+01
           DelSqK = -7.7816655303E+02
           Stress_EigVals = -1.6221929062E+00 -1.6217032748E+00 -1.4697634861E+00
           Stress_EigVec1 =  4.4708271120E-01  8.7701759626E-01  1.7594654077E-01
           Stress_EigVec2 =  6.3668873006E-01 -4.5017187226E-01  6.2607726874E-01
           Stress_EigVec3 = -6.2828696498E-01  1.6788514313E-01  7.5965128076E-01
           -DivStress =  4.9892818175E+00 -1.3142816866E+00 -6.0170095365E+00
           ESP =  -1.1011298413E+00     ESP at Nucleus =  -1.1036180111E+00
           ESPe = -1.2149323342E+01     ESPe at Nucleus = -1.2068714592E+01
           ESPn =  1.1048193501E+01     ESPn at Nucleus =  1.0965096581E+01

CP# 7      Coords =  7.96888602240613E+00  7.72641675815743E-01 -6.63654940197950E-01
           Type = (3,-3) NACP C7
           Rho =  1.1765618840E+02     Rho at Nucleus =  1.1765618821E+02
           GradRho = -4.0413133270E-10  6.1315034721E-10  6.5332140358E-10
           HessRho_EigVals = -1.4497094426E+05 -1.4497004455E+05 -1.4496969621E+05
           HessRho_EigVec1 =  7.3185956301E-01 -3.5285218710E-01  5.8298963463E-01
           HessRho_EigVec2 = -6.4282017994E-01 -7.3499703065E-02  7.6248279319E-01
           HessRho_EigVec3 =  2.2619415617E-01  9.3278782567E-01  2.8061196697E-01
           DelSqRho = -4.3491068502E+05
           Bond Ellipticity = NA
           V = -1.0873788866E+05
           G =  5.1087032817E+00
           K =  1.0873277996E+05
           L =  1.0872767126E+05
           Vnuc =  3.7003156056E+06
           Ven = -4.3536503005E+08
           Vrep =  4.3525629217E+08
           DelSqV =  2.4946675451E+09
           DelSqVen =  1.6093068902E+12
           DelSqVrep = -1.6068122227E+12
           DelSqG =  1.3399233835E+08
           DelSqK = -2.6286598835E+09
           Stress_EigVals = -3.6246234513E+04 -3.6246069369E+04 -3.6245584779E+04
           Stress_EigVec1 =  1.7200861515E-01  9.2231504784E-01  3.4604622357E-01
           Stress_EigVec2 = -6.7828627283E-01 -1.4385780229E-01  7.2057800745E-01
           Stress_EigVec3 =  7.1438138862E-01 -3.5866402837E-01  6.0084885482E-01
           -DivStress =  4.7910097780E+02 -8.2999274963E+02 -9.0270716797E+02
           ESP =  -1.4727725346E+01     ESP at Nucleus =  -1.4727725365E+01
           ESPe = -2.6663202134E+01     ESPe at Nucleus = -2.6663201929E+01
           ESPn =  1.1935476788E+01     ESPn at Nucleus =  1.1935476564E+01

CP# 8      Coords =  9.24281433681968E+00  2.22936805617100E+00 -1.26265500320908E+00
           Type = (3,-3) NACP H8
           Rho =  4.2881474995E-01     Rho at Nucleus =  4.2519840664E-01
           GradRho =  4.9779857377E-15 -2.1069555126E-16  4.9854146402E-16
           HessRho_EigVals = -6.5549997162E+00 -6.5472279057E+00 -5.9555095283E+00
           HessRho_EigVec1 = -3.6299526555E-01  6.1396203513E-01  7.0091729655E-01
           HessRho_EigVec2 =  6.8515301519E-01 -3.3393816274E-01  6.4734121546E-01
           HessRho_EigVec3 =  6.3150596431E-01  7.1521739554E-01 -2.9943996753E-01
           DelSqRho = -1.9057737150E+01
           Bond Ellipticity = NA
           V = -4.7734914091E+00
           G =  4.5285607851E-03
           K =  4.7689628483E+00
           L =  4.7644342875E+00
           Vnuc =  4.0900146178E+01
           Ven = -1.7538585956E+01
           Vrep =  1.2765094547E+01
           DelSqV =  7.1829470602E+02
           DelSqVen =  7.7946423527E+02
           DelSqVrep = -6.1169529248E+01
           DelSqG =  7.0929080298E+01
           DelSqK = -7.8922378632E+02
           Stress_EigVals = -1.6418592666E+00 -1.6408262382E+00 -1.4908059042E+00
           Stress_EigVec1 = -2.9995997807E-01  5.8012239350E-01  7.5728595663E-01
           Stress_EigVec2 =  7.1540504025E-01 -3.8833314894E-01  5.8085539837E-01
           Stress_EigVec3 =  6.3104646417E-01  7.1599956284E-01 -2.9853808144E-01
           -DivStress =  4.9617935631E+00  5.6258070325E+00 -2.3514276245E+00
           ESP =  -1.1021548159E+00     ESP at Nucleus =  -1.1045804421E+00
           ESPe = -1.2938758305E+01     ESPe at Nucleus = -1.2855063284E+01
           ESPn =  1.1836603489E+01     ESPn at Nucleus =  1.1750482842E+01

CP# 9      Coords = -5.67049390927891E-01  1.27884911871481E-02 -1.26615920625187E+00
           Type = (3,-3) NACP C9
           Rho =  1.1769504243E+02     Rho at Nucleus =  1.1769504146E+02
           GradRho =  6.3646651426E-12  7.3829831138E-15  1.4224636117E-11
           HessRho_EigVals = -1.4502881957E+05 -1.4502872789E+05 -1.4502763618E+05
           HessRho_EigVec1 =  2.3655456052E-02  9.9216450871E-01 -1.2267847023E-01
           HessRho_EigVec2 =  9.8739796327E-01 -4.2394661998E-02 -1.5247280009E-01
           HessRho_EigVec3 =  1.5647901307E-01  1.1752565802E-01  9.8066408019E-01
           DelSqRho = -4.3508518364E+05
           Bond Ellipticity = NA
           V = -1.0878155866E+05
           G =  5.1313732625E+00
           K =  1.0877642728E+05
           L =  1.0877129591E+05
           Vnuc =  1.6445193979E+06
           Ven = -1.9355178030E+08
           Vrep =  1.9344299874E+08
           DelSqV =  2.4956755769E+09
           DelSqVen =  7.1550601114E+11
           DelSqVrep = -7.1301033863E+11
           DelSqG =  1.3405642299E+08
           DelSqK = -2.6297319999E+09
           Stress_EigVals = -3.6260909060E+04 -3.6260433202E+04 -3.6260216395E+04
           Stress_EigVec1 =  6.0499413922E-01  1.1503505246E-01  7.8787627723E-01
           Stress_EigVec2 =  7.9512945443E-01 -3.5279439405E-02 -6.0541267896E-01
           Stress_EigVec3 = -4.1847845905E-02  9.9273475705E-01 -1.1281161258E-01
           -DivStress =  2.6180653523E+03  1.4547128556E+01 -1.3925051261E+03
           ESP =  -1.4713485086E+01     ESP at Nucleus =  -1.4713485140E+01
           ESPe = -2.9511959176E+01     ESPe at Nucleus = -2.9511954763E+01
           ESPn =  1.4798474090E+01     ESPn at Nucleus =  1.4798469623E+01

CP# 10     Coords =  1.25764995575878E+00  1.87814139897002E-01 -4.55820507460960E-01
           Type = (3,-3) NACP H10
           Rho =  4.0899179273E-01     Rho at Nucleus =  4.0493405232E-01
           GradRho = -4.2866818095E-16 -1.3565232650E-17 -1.2412378457E-16
           HessRho_EigVals = -6.2377772059E+00 -6.2347182583E+00 -5.6048209702E+00
           HessRho_EigVec1 = -4.0634707556E-01  7.8468065064E-02  9.1034324128E-01
           HessRho_EigVec2 = -4.7811766615E-02  9.9311477905E-01 -1.0694424062E-01
           HessRho_EigVec3 =  9.1246703456E-01  8.6981598015E-02  3.9979758935E-01
           DelSqRho = -1.8077316434E+01
           Bond Ellipticity = NA
           V = -4.5287109145E+00
           G =  4.6909029672E-03
           K =  4.5240200115E+00
           L =  4.5193291086E+00
           Vnuc =  4.2082960803E+01
           Ven = -1.7211585582E+01
           Vrep =  1.2682874668E+01
           DelSqV =  6.7912163831E+02
           DelSqVen =  7.6074699892E+02
           DelSqVrep = -8.1625360616E+01
           DelSqG =  6.6944946426E+01
           DelSqK = -7.4606658473E+02
           Stress_EigVals = -1.5629316907E+00 -1.5623634743E+00 -1.4034157495E+00
           Stress_EigVec1 = -4.0870678024E-01  7.0831447057E-02  9.0991300347E-01
           Stress_EigVec2 = -5.0928900309E-02  9.9366035323E-01 -1.0022649113E-01
           Stress_EigVec3 =  9.1124366384E-01  8.7304115127E-02  4.0250835592E-01
           -DivStress =  7.4065390432E+00  7.1189169714E-01  3.2910717510E+00
           ESP =  -1.0568817569E+00     ESP at Nucleus =  -1.0597063266E+00
           ESPe = -1.6456028618E+01     ESPe at Nucleus = -1.6389584778E+01
           ESPn =  1.5399146861E+01     ESPn at Nucleus =  1.5329878451E+01

CP# 11     Coords = -2.04273393862543E+00 -2.71307881868886E-01 -3.17778196289719E+00
           Type = (3,-3) NACP C11
           Rho =  1.1767762370E+02     Rho at Nucleus =  1.1767762287E+02
           GradRho = -6.6832257748E-09  3.8778061231E-10  5.6015044800E-09
           HessRho_EigVals = -1.4500622754E+05 -1.4500618365E+05 -1.4500508631E+05
           HessRho_EigVec1 = -3.6859307389E-01  2.6086444120E-01  8.9223813480E-01
           HessRho_EigVec2 =  1.2687584196E-02  9.6114045881E-01 -2.7576809760E-01
           HessRho_EigVec3 =  9.2950426093E-01  9.0325864318E-02  3.5757945572E-01
           DelSqRho = -4.3501749750E+05
           Bond Ellipticity = NA
           V = -1.0876465887E+05
           G =  5.1422498722E+00
           K =  1.0875951662E+05
           L =  1.0875437437E+05
           Vnuc =  1.7681975340E+06
           Ven = -2.0807728403E+08
           Vrep =  2.0796851937E+08
           DelSqV =  2.4952881473E+09
           DelSqVen =  7.6919688653E+11
           DelSqVrep = -7.6670159684E+11
           DelSqG =  1.3403452723E+08
           DelSqK = -2.6293226745E+09
           Stress_EigVals = -3.6255256105E+04 -3.6254803643E+04 -3.6254599126E+04
           Stress_EigVec1 =  6.2712670013E-01  1.1443964095E-01  7.7046458099E-01
           Stress_EigVec2 =  7.7671444659E-01 -1.7539498962E-02 -6.2960863593E-01
           Stress_EigVec3 = -5.8538623519E-02  9.9327535686E-01 -9.9886410497E-02
           -DivStress =  2.1117049124E+03 -1.1972483734E+02 -1.7695206427E+03
           ESP =  -1.4711463587E+01     ESP at Nucleus =  -1.4711463635E+01
           ESPe = -2.8798394126E+01     ESPe at Nucleus = -2.8798389911E+01
           ESPn =  1.4086930538E+01     ESPn at Nucleus =  1.4086926275E+01

CP# 12     Coords = -2.33768156665283E+00 -4.95256293336207E-01 -5.14614483986426E+00
           Type = (3,-3) NACP H12
           Rho =  4.1362065630E-01     Rho at Nucleus =  4.0967801969E-01
           GradRho =  6.4657098005E-16 -6.3565587527E-18  1.4608458016E-15
           HessRho_EigVals = -6.3192411975E+00 -6.3160358572E+00 -5.6947621119E+00
           HessRho_EigVec1 = -9.8857753149E-01 -3.5818674146E-02  1.4639496853E-01
           HessRho_EigVec2 = -5.1589434818E-02  9.9309161302E-01 -1.0539249671E-01
           HessRho_EigVec3 =  1.4160859594E-01  1.1174108792E-01  9.8359592050E-01
           DelSqRho = -1.8330039167E+01
           Bond Ellipticity = NA
           V = -4.5915938717E+00
           G =  4.5420400464E-03
           K =  4.5870518317E+00
           L =  4.5825097917E+00
           Vnuc =  4.0555582010E+01
           Ven = -1.6774626447E+01
           Vrep =  1.2183032576E+01
           DelSqV =  6.8935982251E+02
           DelSqVen =  7.4338540667E+02
           DelSqVrep = -5.4025584164E+01
           DelSqG =  6.8043324332E+01
           DelSqK = -7.5740314684E+02
           Stress_EigVals = -1.5833510060E+00 -1.5827957024E+00 -1.4254471634E+00
           Stress_EigVec1 = -9.8823161622E-01 -3.3081760922E-02  1.4934480174E-01
           Stress_EigVec2 = -4.9234713982E-02  9.9316862964E-01 -1.0579232506E-01
           Stress_EigVec3 =  1.4482477568E-01  1.1190026898E-01  9.8310941108E-01
           -DivStress = -1.1849981717E+00 -9.0406030092E-01 -7.9319469636E+00
           ESP =  -1.0537407488E+00     ESP at Nucleus =  -1.0564727739E+00
           ESPe = -1.4340792603E+01     ESPe at Nucleus = -1.4244536118E+01
           ESPn =  1.3287051854E+01     ESPn at Nucleus =  1.3188063344E+01

CP# 13     Coords = -3.42005450072633E+00 -6.10316888852689E-02 -6.11226646180906E-01
           Type = (3,-3) NACP C13
           Rho =  1.1753914820E+02     Rho at Nucleus =  1.1753914561E+02
           GradRho = -2.4351788015E-11  4.2115611129E-13 -2.4470134645E-12
           HessRho_EigVals = -1.4483505513E+05 -1.4483391005E+05 -1.4483369321E+05
           HessRho_EigVec1 =  7.9193801965E-01 -2.6376713201E-02 -6.1003150905E-01
           HessRho_EigVec2 =  6.0984641028E-01  8.3837412244E-02  7.8807274041E-01
           HessRho_EigVec3 = -3.0356694451E-02  9.9613029133E-01 -8.2479778085E-02
           DelSqRho = -4.3450265839E+05
           Bond Ellipticity = NA
           V = -1.0863573308E+05
           G =  5.0342409478E+00
           K =  1.0863069884E+05
           L =  1.0862566460E+05
           Vnuc =  1.0033813715E+06
           Ven = -1.1793659172E+08
           Vrep =  1.1782795599E+08
           DelSqV =  2.4923433534E+09
           DelSqVen =  4.3597187341E+11
           DelSqVrep = -4.3347952993E+11
           DelSqG =  1.3387479720E+08
           DelSqK = -2.6262181506E+09
           Stress_EigVals = -3.6212072111E+04 -3.6211909035E+04 -3.6211751935E+04
           Stress_EigVec1 = -4.9461987792E-02  9.9298675416E-01 -1.0738164568E-01
           Stress_EigVec2 =  6.0881217042E-01  1.1520538714E-01  7.8490474577E-01
           Stress_EigVec3 =  7.9177095989E-01 -2.6552303815E-02 -6.1024070845E-01
           -DivStress = -3.8395208480E+03  1.2899375469E+02  2.9684067038E+03
           ESP =  -1.4722219407E+01     ESP at Nucleus =  -1.4722219568E+01
           ESPe = -3.1027923018E+01     ESPe at Nucleus = -3.1027921564E+01
           ESPn =  1.6305703611E+01     ESPn at Nucleus =  1.6305701995E+01

CP# 14     Coords =  6.65509282897826E+00 -2.90041598928321E+00 -1.48682656348185E+00
           Type = (3,-3) NACP H14
           Rho =  4.2482747712E-01     Rho at Nucleus =  4.2113529705E-01
           GradRho =  5.3699178350E-16 -2.9885784069E-16 -2.6818376011E-16
           HessRho_EigVals = -6.4695363847E+00 -6.4632717123E+00 -5.8701618879E+00
           HessRho_EigVec1 = -4.1457243304E-01  5.7541972191E-01  7.0499775985E-01
           HessRho_EigVec2 =  6.4633738290E-01 -3.5917184923E-01  6.7323366686E-01
           HessRho_EigVec3 =  6.4060727847E-01  7.3477052633E-01 -2.2301252971E-01
           DelSqRho = -1.8802969985E+01
           Bond Ellipticity = NA
           V = -4.7100686023E+00
           G =  4.6630530439E-03
           K =  4.7054055493E+00
           L =  4.7007424962E+00
           Vnuc =  4.1186192670E+01
           Ven = -1.7497026324E+01
           Vrep =  1.2786957722E+01
           DelSqV =  7.0800441712E+02
           DelSqVen =  7.7442274457E+02
           DelSqVrep = -6.6418327445E+01
           DelSqG =  6.9692052365E+01
           DelSqK = -7.7769646949E+02
           Stress_EigVals = -1.6206991579E+00 -1.6201396486E+00 -1.4692297958E+00
           Stress_EigVec1 = -3.5548527372E-01  5.3935895355E-01  7.6336239061E-01
           Stress_EigVec2 =  6.8054685985E-01 -4.1046664404E-01  6.0693748087E-01
           Stress_EigVec3 =  6.4069196321E-01  7.3526121437E-01 -2.2114419486E-01
           -DivStress = -5.0579187046E+00 -5.7996398636E+00  1.7545541317E+00
           ESP =  -1.1012432547E+00     ESP at Nucleus =  -1.1036996332E+00
           ESPe = -1.3718008564E+01     ESPe at Nucleus = -1.3658883815E+01
           ESPn =  1.2616765309E+01     ESPn at Nucleus =  1.2555184182E+01

CP# 15     Coords =  5.78908134326979E+00 -2.19452330514477E+00  3.09350928596008E+00
           Type = (3,-3) NACP H15
           Rho =  4.2433081804E-01     Rho at Nucleus =  4.2061886075E-01
           GradRho = -1.6471218247E-09  7.8718623894E-09  3.2658908265E-10
           HessRho_EigVals = -6.4597780514E+00 -6.4535305682E+00 -5.8589254336E+00
           HessRho_EigVec1 = -5.9503871320E-01 -1.5723244814E-01  7.8816678885E-01
           HessRho_EigVec2 =  7.7731790560E-01  1.3660019866E-01  6.1409873747E-01
           HessRho_EigVec3 = -2.0421998783E-01  9.7806868009E-01  4.0937190847E-02
           DelSqRho = -1.8772234053E+01
           Bond Ellipticity = NA
           V = -4.7023467558E+00
           G =  4.6441212490E-03
           K =  4.6977026345E+00
           L =  4.6930585133E+00
           Vnuc =  4.1212444837E+01
           Ven = -1.7487710431E+01
           Vrep =  1.2785363675E+01
           DelSqV =  7.0671648064E+02
           DelSqVen =  7.7364967339E+02
           DelSqVrep = -6.6933192757E+01
           DelSqG =  6.9546527854E+01
           DelSqK = -7.7626300849E+02
           Stress_EigVals = -1.6182549751E+00 -1.6176826276E+00 -1.4664091531E+00
           Stress_EigVec1 = -5.3177263130E-01 -1.4431989791E-01  8.3449963192E-01
           Stress_EigVec2 = -8.2191528067E-01 -1.4957318622E-01 -5.4962089968E-01
           Stress_EigVec3 = -2.0414000097E-01  9.7816135123E-01  3.9079802588E-02
           -DivStress =  1.6173345343E+00 -7.7340692996E+00 -3.1880241131E-01
