AIMSum (Version 19.02.13, Professional)
Copyright (c) 1997-2019 by Todd A. Keith
AIMSum is a component of the AIMAll package ( http://aim.tkgristmill.com )

TP:  64-bit Linux

Much of the Quantum Theory of Atoms in Molecules (QTAIM) is described in the book:
  "Atoms in Molecules - A Quantum Theory"
  R.F.W. Bader, Oxford University Press, Oxford, 1990

For additional references see:  http://aim.tkgristmill.com/references.html

Wfn File:  /home/mhennefarth/Documents/ML_Diels/summary-levandowski2016/32-opt/32-opt.wfn
Sum File:  /home/mhennefarth/Documents/ML_Diels/summary-levandowski2016/32-opt/32-opt.sum

SumViz File:  /home/mhennefarth/Documents/ML_Diels/summary-levandowski2016/32-opt/32-opt.sumviz

Wfn Title:   Title Card Required                                                           
 
Total memory allocated for AIMSum =        1.138 Megabytes

Atomic units (a.u.) used throughout, except where stated otherwise

Model:  Restricted SCF
 
Restricted, closed-shell, single-determinant wavefunction.
  Number of electrons (from MO Occs)                   =          84.0000000000
  Number of Alpha electrons (from MO Occs)             =          42.0000000000
  Number of Beta electrons (from MO Occs)              =          42.0000000000
  Number of electron pairs (N*(N-1)/2)                 =        3486.0000000000
  Number of electron pairs (from Muller 2EDM)          =        3486.0000000000
 
Nuclear Charges and Cartesian Coordinates:
-------------------------------------------------------------------------------
Atom      Charge                X                  Y                  Z
-------------------------------------------------------------------------------
C1         6.0           6.5207795000E+00   1.5936709900E+00  -2.1178847500E+00
H2         1.0           7.3485594200E+00   2.4304549900E+00  -3.7993513800E+00
C3         6.0           7.6203951900E+00  -3.5940105000E-01  -9.4211483000E-01
H4         1.0           9.3381556100E+00  -1.1576941800E+00  -1.7530600400E+00
C5         6.0           5.3733219300E+00  -4.9927756000E-01   3.2218128200E+00
H6         1.0           4.7351542600E+00  -1.5598778500E+00   4.8592883500E+00
C7         6.0           6.6926045100E+00  -1.6050171000E+00   1.3623950200E+00
H8         1.0           7.1849088300E+00  -3.5967523100E+00   1.5583710700E+00
C9         6.0          -1.7121121100E+00  -8.0648070000E-02  -3.0276990300E+00
C10        6.0          -4.4409372000E-01  -7.8616575000E-01  -1.0759248100E+00
C11        6.0          -3.2062295900E+00   1.0189510000E-02  -5.2047018000E-01
H12        1.0          -1.8547335700E+00   2.6802315000E-01  -5.0321811100E+00
H13        1.0           1.2743215100E+00  -1.4457386000E+00  -1.9375845000E-01
H14        1.0           4.7491826500E+00   2.4027593200E+00  -1.4637609000E+00
H15        1.0           4.9286997500E+00   1.5064605600E+00   3.1895752900E+00
Si16      14.0          -3.7847970300E+00   3.1819147000E+00   1.0312150600E+00
H17        1.0          -6.4364076100E+00   4.0547827400E+00   6.3269718000E-01
H18        1.0          -3.3596855100E+00   3.0641934700E+00   3.8161397200E+00
H19        1.0          -2.0336684900E+00   5.1103759200E+00  -4.3137920000E-02
Si20      14.0          -5.6410964200E+00  -2.5362221600E+00   1.0966084000E-01
H21        1.0          -8.0256201200E+00  -2.0607091400E+00  -1.3181525700E+00
H22        1.0          -4.6359279100E+00  -5.0491054000E+00  -6.7037591000E-01
H23        1.0          -6.3184247900E+00  -2.6469739500E+00   2.8447586600E+00
 
Some Atomic Properties:
----------------------
  q(A) = Net Charge of Atom A
  L(A) = Lagrangian of Atom A = -(1/4) Times Atomic Integral of the Laplacian of the Electron Density
  K(A) = Electronic Kinetic Energy of Atom A (Hamiltonian Form)
  K_Scaled(A) = K(A) * E(Mol)/K(Mol) = Approximation to Virial-Based Total Energy of Atom A.
  |Mu_Intra(A)| = Magnitude of Intraatomic Dipole Moment of Atom A
--------------------------------------------------------------------------------------------------
Atom A          q(A)              L(A)              K(A)          K_Scaled(A)      |Mu_Intra(A)|
--------------------------------------------------------------------------------------------------
C1       -8.5875566900E-02 -1.5719760334E-04  3.7704423174E+01 -3.7923053026E+01  1.1162628758E-01
H2        4.5466505970E-02  2.1646633437E-05  5.9370494168E-01 -5.9714755165E-01  1.4726277453E-01
C3       -3.0531649700E-02  1.1063738150E-04  3.7701222406E+01 -3.7919833698E+01  7.7319365372E-02
H4        3.5668025040E-02  3.0716941170E-05  6.0140353463E-01 -6.0489078506E-01  1.5072161625E-01
C5       -9.5667672000E-02 -2.0620745214E-04  3.7707386790E+01 -3.7926033827E+01  1.1820667828E-01
H6        4.7218876310E-02  2.0171973053E-05  5.9281802836E-01 -5.9625549556E-01  1.4688105464E-01
C7       -3.6418146600E-02  7.2797632778E-05  3.7704367643E+01 -3.7922997172E+01  7.6119328979E-02
H8        3.6065829250E-02  2.5867488691E-05  6.0127136282E-01 -6.0475784684E-01  1.5057304866E-01
C9       -1.3236029390E-01 -2.2662966861E-05  3.7757164416E+01 -3.7976100089E+01  2.5217174943E-01
C10      -1.3159019890E-01  2.6590668179E-05  3.7757404108E+01 -3.7976341171E+01  2.8663867160E-01
C11      -1.3462178687E+00 -2.2523434445E-04  3.8071930316E+01 -3.8292691166E+01  1.5664412100E+00
H12       1.2441173285E-01  1.9088779645E-05  5.5548641233E-01 -5.5870741140E-01  1.4281538657E-01
H13       1.4634709426E-01  3.3049406201E-05  5.4563255584E-01 -5.4879641713E-01  1.3489698337E-01
H14       4.5313847600E-02  3.7587982137E-05  5.9262904271E-01 -5.9606541406E-01  1.4651968613E-01
H15       4.6990208860E-02  1.9402111150E-05  5.9184106661E-01 -5.9527286887E-01  1.4762885726E-01
Si16      2.6889964820E+00 -3.5501779752E-05  2.8764088223E+02 -2.8930877364E+02  2.3408929137E-02
H17      -6.7599948330E-01  2.6859132819E-05  7.8437074734E-01 -7.8891893681E-01  3.7849735200E-01
H18      -6.7553166050E-01  1.7981677852E-05  7.8453870309E-01 -7.8908786645E-01  3.7860937701E-01
H19      -6.7263940230E-01  2.7152836759E-05  7.8383441874E-01 -7.8837949830E-01  3.7286567496E-01
Si20      2.6887463640E+00 -2.7565083556E-04  2.8764137848E+02 -2.8930927276E+02  2.2921627626E-02
H21      -6.7512342850E-01  1.5329508407E-05  7.8432667521E-01 -7.8887460912E-01  3.7866357421E-01
H22      -6.7141515940E-01  2.4404420426E-05  7.8370646039E-01 -7.8825079797E-01  3.7466051916E-01
H23      -6.7636326540E-01  2.8514128852E-05  7.8458532930E-01 -7.8913476302E-01  3.7822687991E-01
--------------------------------------------------------------------------------------------------
Total    -5.0882996000E-04 -3.6465627905E-04  8.4906630884E+02 -8.5398963681E+02
 
1st Largest |L(A)| = 2.7565083556E-04, atom Si20    
2nd Largest |L(A)| = 2.2523434445E-04, atom C11     
 
Molecular charge q(Mol) from the wfn file:   0.0000000000E+00
Molecular energy E(Mol) from the wfn file:  -8.5398970178E+02
Molecular virial ratio (-V(Mol)/T(Mol)) from the wfn file:   2.0057985200E+00
Note.  K_Scaled(A) = (1+V(Mol)/T(Mol))*K(A) = (E(Mol)/T(Mol))*K(A)
       Only use K_Scaled(A) data with caution.
 
N_AIMInt(SumA)     =         84.000509
N_Analytic(Mol)    =         83.999990
 
G_AIMInt(SumA)     =        849.066673
G_Analytic(Mol)    =        849.066355
 
K_AIMInt(SumA)     =        849.066309
K_Analytic(Mol)    =        849.066355
 
L_AIMInt(SumA)     =         -0.000365
L_Analytic(Mol)    =          0.000000
 
VenT_AIMInt(SumA)  =      -3051.379812
VenT_Analytic(Mol) =      -3051.371577
 
Some Information About the Atomic Calculations:
----------------------------------------------
  Time(sec) = "Elapsed User Time", in Seconds, for Atom A by AIMInt and, if used, by TWOe
  NProc = Number of Processors Used for AIMInt Job
  BIM = Basin Integration Method
  OAQ = Angular Quadrature Outside of Beta Sphere
  ORQ = Multiple of Default for Radial Quadrature Outside of Beta Sphere
  IAQ = Multiple of Default for Angular Quadrature Inside of Beta Sphere
  IRQ = Multiple of Default for Radial Quadrature Inside of Beta Sphere
  MIR = Maximum Integration Radius
------------------------------------------------------------------------------------------------------
Atom A     Time(sec)   NProc      BIM          OAQ                     ORQ      IAQ      IRQ      MIR
------------------------------------------------------------------------------------------------------
C1             32        8     Proaim(5)    4500(GS4)                  1.00     1.00     1.00    13.00
H2              6        8     Proaim(5)    1800(GS4)                  1.00     1.00     1.00    13.00
C3             32        8     Proaim(5)    4500(GS4)                  1.00     1.00     1.00    13.00
H4              6        8     Proaim(5)    1800(GS4)                  1.00     1.00     1.00    13.00
C5             40        8     Proaim(5)    4500(GS4)                  1.00     1.00     1.00    13.00
H6              7        8     Proaim(5)    1800(GS4)                  1.00     1.00     1.00    13.00
C7             31        8     Proaim(5)    4500(GS4)                  1.00     1.00     1.00    13.00
H8              6        8     Proaim(5)    1800(GS4)                  1.00     1.00     1.00    13.00
C9             26        8     Proaim(5)    4500(GS4)                  1.00     1.00     1.00    13.00
C10            56        8     Proaim(5)    4500(GS4)                  1.00     1.00     1.00    13.00
C11            59        8     Proaim(5)    4500(GS4)                  1.00     1.00     1.00    13.00
H12             6        8     Proaim(5)    1800(GS4)                  1.00     1.00     1.00    13.00
H13            23        8     Proaim(5)    4500(GS4)                  1.00     1.00     1.00    13.00
H14            21        8     Proaim(5)    4500(GS4)                  1.00     1.00     1.00    13.00
H15            14        8     Proaim(5)    1800(GS4)                  1.00     1.00     1.00    13.00
Si16           45        8     Proaim(5)    4500(GS4)                  1.00     1.00     1.00    13.00
H17            11        8     Proaim(5)    1800(GS4)                  1.00     1.00     1.00    13.00
H18            11        8     Proaim(5)    1800(GS4)                  1.00     1.00     1.00    13.00
H19            13        8     Proaim(5)    1800(GS4)                  1.00     1.00     1.00    13.00
Si20           37        8     Proaim(5)    4500(GS4)                  1.00     1.00     1.00    13.00
H21            12        8     Proaim(5)    1800(GS4)                  1.00     1.00     1.00    13.00
H22            10        8     Proaim(5)    1800(GS4)                  1.00     1.00     1.00    13.00
H23            11        8     Proaim(5)    1800(GS4)                  1.00     1.00     1.00    13.00
------------------------------------------------------------------------------------------------------
Total         515
Note:  Total wall clock time is less than total of atomic times if more than one atom
       was calculated at a time
 
Electron Density Critical Point Analysis of Molecular Structure:               
---------------------------------------------------------------                
  NACP = Nuclear Attractor Critical Point                                      
  NNACP = Non-Nuclear Attractor Critical Point                                 
  BCP = Bond Critical Point                                                    
  RCP = Ring Critical Point                                                    
  CCP = Cage Critical Point                                                    
  Rho = Electron Density                                                       
  GradRho = Gradient of Electron Density                                       
  HessRho_EigVals = Eigenvalues of the Hessian of Rho, Ascending Order         
  HessRho_EigVecs = Eigenvectors of the Hessian of Rho                         
  DelSqRho = Laplacian of Rho = Trace of Hessian of Rho                        
  Bond Ellipticity = (HessRho_EigVal(1) / HessRho_EigVal(2)) - 1               
  V = Virial Field = Potential Energy Density = Trace of Stress Tensor         
  G = Lagrangian Form of Kinetic Energy Density                                
  K = Hamiltonian Form of Kinetic Energy Density                               
  L = K - G = Lagrangian Density = (-1/4)DelSqRho                              
  Vnuc = Electrostatic Potential from Nuclei                                   
  Ven = Electron-nuclear attractive contribution to Virial Field V             
  Vrep = V - Ven = Repulsive contribution to Virial Field V                    
  DelSqV = Laplacian of V                                                      
  DelSqVen = Laplacian of Ven                                                  
  DelSqVrep = Laplacian of Vrep                                                
  DelSqG = Laplacian of G                                                      
  DelSqK = Laplacian of K                                                      
  Stress_EigVals = Eigenvalues of Stress Tensor, Ascending Order               
  Stress_EigVecs = Eigenvectors of Stress Tensor                               
  -DivStress = Ehrenfest Force Density = Minus Divergence of Stress Tensor     
  ESP = Total Electrostatic Potential                                          
  ESPe = Electrostatic Potential from Electrons                                
  ESPn = Electrostatic Potential from Nuclei                                   
  BP = Bond Path                                                               
  BPL = Bond Path Length                                                       
  GBL = Geometric Bond Length                                                  
  GBL_I = Distance Between Nuclear Attractors                                  
  GBL_II = Distance Between Nuclei                                             
  GBL_III = Sum of Distances Between BCP and Nuclear Attractors                
  GBL_IV = Sum of Distances Between BCP and Nuclei                             

CP# 1      Coords =  6.52077929849836E+00  1.59367170653435E+00 -2.11788512666520E+00
           Type = (3,-3) NACP C1
           Rho =  1.1768007095E+02     Rho at Nucleus =  1.1768007090E+02
           GradRho = -7.9943149323E-11  1.2513580515E-10 -3.9994233619E-11
           HessRho_EigVals = -1.4500871684E+05 -1.4500771545E+05 -1.4500756245E+05
           HessRho_EigVec1 =  4.6750033596E-01  6.6766414312E-01  5.7936864591E-01
           HessRho_EigVec2 = -7.5426555636E-01 -4.0516466733E-02  6.5531815663E-01
           HessRho_EigVec3 =  4.6100640599E-01 -7.4335927243E-01  4.8465460456E-01
           DelSqRho = -4.3502399475E+05
           Bond Ellipticity = NA
           V = -1.0876622971E+05
           G =  5.1155103076E+00
           K =  1.0876111420E+05
           L =  1.0875599869E+05
           Vnuc =  7.1924723248E+06
           Ven = -8.4641065347E+08
           Vrep =  8.4630188724E+08
           DelSqV =  2.4953241363E+09
           DelSqVen =  3.1288982241E+12
           DelSqVrep = -3.1264029655E+12
           DelSqG =  1.3403584214E+08
           DelSqK = -2.6293599784E+09
           Stress_EigVals = -3.6255657545E+04 -3.6255557698E+04 -3.6255014464E+04
           Stress_EigVec1 =  4.1695433838E-01 -7.5641482956E-01  5.0396992503E-01
           Stress_EigVec2 =  7.6479019624E-01 -7.6570719587E-03 -6.4423390550E-01
           Stress_EigVec3 = -4.9116701380E-01 -6.5404737969E-01 -5.7530599656E-01
           -DivStress =  1.6357394614E+02 -5.8272092262E+02  3.0761895972E+02
           ESP =  -1.4738945554E+01     ESP at Nucleus =  -1.4738945564E+01
           ESPe = -2.6319128864E+01     ESPe at Nucleus = -2.6319129810E+01
           ESPn =  1.1580183310E+01     ESPn at Nucleus =  1.1580184246E+01

CP# 2      Coords =  7.33435931865469E+00  2.41616746317922E+00 -3.77061681269435E+00
           Type = (3,-3) NACP H2
           Rho =  4.2533313745E-01     Rho at Nucleus =  4.2161862138E-01
           GradRho = -4.8875359597E-15 -3.3470337504E-15  7.4929449310E-15
           HessRho_EigVals = -6.4769442819E+00 -6.4707833329E+00 -5.8747207651E+00
           HessRho_EigVec1 =  7.4305747359E-01 -6.6837548789E-01  3.3760896573E-02
           HessRho_EigVec2 = -5.3367350842E-01 -6.2223392695E-01 -5.7272814369E-01
           HessRho_EigVec3 = -4.0380462772E-01 -4.0755263138E-01  8.1904986130E-01
           DelSqRho = -1.8822448380E+01
           Bond Ellipticity = NA
           V = -4.7148509348E+00
           G =  4.6194198983E-03
           K =  4.7102315149E+00
           L =  4.7056120950E+00
           Vnuc =  4.0167900590E+01
           Ven = -1.7084739183E+01
           Vrep =  1.2369888248E+01
           DelSqV =  7.0864357229E+02
           DelSqVen =  7.5605823538E+02
           DelSqVrep = -4.7414663093E+01
           DelSqG =  6.9752350232E+01
           DelSqK = -7.7839592252E+02
           Stress_EigVals = -1.6225528435E+00 -1.6220499241E+00 -1.4702481671E+00
           Stress_EigVec1 = -7.9354308200E-01  6.0183545947E-01 -8.9908045987E-02
           Stress_EigVec2 = -4.5626669901E-01 -6.8623224926E-01 -5.6648565688E-01
           Stress_EigVec3 = -4.0262895622E-01 -4.0850872672E-01  8.1915233248E-01
           -DivStress =  3.2043731099E+00  3.2259190528E+00 -6.4860608302E+00
           ESP =  -1.1023218042E+00     ESP at Nucleus =  -1.1048050403E+00
           ESPe = -1.2773735938E+01     ESPe at Nucleus = -1.2691781198E+01
           ESPn =  1.1671414134E+01     ESPn at Nucleus =  1.1586976158E+01

CP# 3      Coords =  7.62039524602867E+00 -3.59402222954475E-01 -9.42113698518440E-01
           Type = (3,-3) NACP C3
           Rho =  1.1765630062E+02     Rho at Nucleus =  1.1765630042E+02
           GradRho = -1.2779821465E-11 -7.0726781837E-10  6.7616018147E-10
           HessRho_EigVals = -1.4497118112E+05 -1.4497028755E+05 -1.4496994172E+05
           HessRho_EigVec1 =  5.7827670559E-01  6.3892343493E-01  5.0731932357E-01
           HessRho_EigVec2 = -5.2102593250E-01 -1.8928494400E-01  8.3228792352E-01
           HessRho_EigVec3 =  6.2779616870E-01 -7.4561924216E-01  2.2343660465E-01
           DelSqRho = -4.3491141039E+05
           Bond Ellipticity = NA
           V = -1.0873806906E+05
           G =  5.1082305716E+00
           K =  1.0873296083E+05
           L =  1.0872785260E+05
           Vnuc =  3.6793932960E+06
           Ven = -4.3290380372E+08
           Vrep =  4.3279506565E+08
           DelSqV =  2.4946717917E+09
           DelSqVen =  1.6002100920E+12
           DelSqVrep = -1.5977154120E+12
           DelSqG =  1.3399266558E+08
           DelSqK = -2.6286644572E+09
           Stress_EigVals = -3.6246293925E+04 -3.6246128939E+04 -3.6245646195E+04
           Stress_EigVec1 =  5.8372269396E-01 -7.5748915580E-01  2.9236620085E-01
           Stress_EigVec2 = -5.8628823127E-01 -1.4410864251E-01  7.9718179171E-01
           Stress_EigVec3 =  5.6172406610E-01  6.3674396581E-01  5.2822646239E-01
           -DivStress = -4.2761692056E+01  9.5058628050E+02 -9.2068719966E+02
           ESP =  -1.4728617815E+01     ESP at Nucleus =  -1.4728617835E+01
           ESPe = -2.6909695618E+01     ESPe at Nucleus = -2.6909695650E+01
           ESPn =  1.2181077803E+01     ESPn at Nucleus =  1.2181077815E+01

CP# 4      Coords =  9.30948986689226E+00 -1.14451473931215E+00 -1.73940874700979E+00
           Type = (3,-3) NACP H4
           Rho =  4.2874535650E-01     Rho at Nucleus =  4.2513582121E-01
           GradRho = -9.7775029040E-15  2.7404361874E-15  2.8427442149E-15
           HessRho_EigVals = -6.5538034669E+00 -6.5460174061E+00 -5.9550707770E+00
           HessRho_EigVec1 =  1.7924486620E-02 -7.0091027906E-01  7.1302418857E-01
           HessRho_EigVec2 =  5.5153273169E-01  6.0175660716E-01  5.7766827126E-01
           HessRho_EigVec3 =  8.3396064575E-01 -3.8290177128E-01 -3.9736113913E-01
           DelSqRho = -1.9054891650E+01
           Bond Ellipticity = NA
           V = -4.7727869382E+00
           G =  4.5320128601E-03
           K =  4.7682549253E+00
           L =  4.7637229125E+00
           Vnuc =  4.1011014770E+01
           Ven = -1.7583282148E+01
           Vrep =  1.2810495210E+01
           DelSqV =  7.1821316298E+02
           DelSqVen =  7.8146044290E+02
           DelSqVrep = -6.3247279920E+01
           DelSqG =  7.0918869967E+01
           DelSqK = -7.8913203294E+02
           Stress_EigVals = -1.6415622611E+00 -1.6405250529E+00 -1.4906996242E+00
           Stress_EigVec1 =  7.0477347443E-02 -6.3848699167E-01  7.6639892025E-01
           Stress_EigVec2 =  5.4728211924E-01  6.6709855738E-01  5.0543228696E-01
           Stress_EigVec3 =  8.3397555447E-01 -3.8381489836E-01 -3.9644785072E-01
           -DivStress =  6.5484585640E+00 -3.0110468999E+00 -3.1181801786E+00
           ESP =  -1.1029039585E+00     ESP at Nucleus =  -1.1053242075E+00
           ESPe = -1.3024728637E+01     ESPe at Nucleus = -1.2939231920E+01
           ESPn =  1.1921824678E+01     ESPn at Nucleus =  1.1833907713E+01

CP# 5      Coords =  5.37332123094098E+00 -4.99277392652574E-01  3.22181326387414E+00
           Type = (3,-3) NACP C5
           Rho =  1.1768641113E+02     Rho at Nucleus =  1.1768641108E+02
           GradRho = -1.7646791792E-10  2.7196042456E-11  7.0629395453E-11
           HessRho_EigVals = -1.4501897814E+05 -1.4501799884E+05 -1.4501786088E+05
           HessRho_EigVec1 =  8.6286836588E-01  1.6136744438E-01  4.7897675419E-01
           HessRho_EigVec2 =  8.8777259476E-02  8.8454258137E-01 -4.5793342305E-01
           HessRho_EigVec3 = -4.9757088074E-01  4.3765850802E-01  7.4891805226E-01
           DelSqRho = -4.3505483787E+05
           Bond Ellipticity = NA
           V = -1.0877395154E+05
           G =  5.1210379797E+00
           K =  1.0876883050E+05
           L =  1.0876370947E+05
           Vnuc =  7.1021557694E+06
           Ven = -8.3582722381E+08
           Vrep =  8.3571844986E+08
           DelSqV =  2.4955031337E+09
           DelSqVen =  3.0898272993E+12
           DelSqVrep = -3.0873319928E+12
           DelSqG =  1.3404773051E+08
           DelSqK = -2.6295508642E+09
           Stress_EigVals = -3.6258226479E+04 -3.6258130695E+04 -3.6257594369E+04
           Stress_EigVec1 = -5.0777410048E-01  3.9744799496E-01  7.6433013429E-01
           Stress_EigVec2 =  4.6212655745E-02  8.9850752970E-01 -4.3651873904E-01
           Stress_EigVec3 =  8.6024987843E-01  1.8633118468E-01  4.7460598003E-01
           -DivStress =  5.6685104978E+02 -1.3618289735E+02 -3.6281172797E+02
           ESP =  -1.4737086001E+01     ESP at Nucleus =  -1.4737086011E+01
           ESPe = -2.6581593111E+01     ESPe at Nucleus = -2.6581593746E+01
           ESPn =  1.1844507110E+01     ESPn at Nucleus =  1.1844507735E+01

CP# 6      Coords =  4.74606589391822E+00 -1.54170076062213E+00  4.83125948435939E+00
           Type = (3,-3) NACP H6
           Rho =  4.2496026220E-01     Rho at Nucleus =  4.2123905357E-01
           GradRho =  2.3832627224E-16  2.9926048839E-15 -6.9760019938E-15
           HessRho_EigVals = -6.4699314342E+00 -6.4637177467E+00 -5.8675080288E+00
           HessRho_EigVec1 =  4.2739316269E-01 -8.2565410143E-01 -3.6828031346E-01
           HessRho_EigVec2 =  8.4904939770E-01  2.2663520293E-01  4.7723328159E-01
           HessRho_EigVec3 = -3.1056433270E-01 -5.1665441989E-01  7.9788345368E-01
           DelSqRho = -1.8801157210E+01
           Bond Ellipticity = NA
           V = -4.7095185758E+00
           G =  4.6146366956E-03
           K =  4.7049039391E+00
           L =  4.7002893024E+00
           Vnuc =  4.0777127956E+01
           Ven = -1.7328658988E+01
           Vrep =  1.2619140412E+01
           DelSqV =  7.0778438019E+02
           DelSqVen =  7.6665719327E+02
           DelSqVrep = -5.8872813072E+01
           DelSqG =  6.9656580169E+01
           DelSqK = -7.7744096036E+02
           Stress_EigVals = -1.6207934732E+00 -1.6202777006E+00 -1.4684474021E+00
           Stress_EigVec1 =  3.4586966535E-01 -8.4397488297E-01 -4.0997630604E-01
           Stress_EigVec2 =  8.8519491555E-01  1.4861371875E-01  4.4084455774E-01
           Stress_EigVec3 = -3.1113363058E-01 -5.1538370125E-01  7.9848325242E-01
           -DivStress = -2.4609622321E+00 -4.0972708198E+00  6.3199156734E+00
           ESP =  -1.0998554089E+00     ESP at Nucleus =  -1.1023448276E+00
           ESPe = -1.3422473327E+01     ESPe at Nucleus = -1.3345196349E+01
           ESPn =  1.2322617918E+01     ESPn at Nucleus =  1.2242851521E+01

CP# 7      Coords =  6.69260515007771E+00 -1.60501715952215E+00  1.36239371012717E+00
           Type = (3,-3) NACP C7
           Rho =  1.1766967189E+02     Rho at Nucleus =  1.1766967174E+02
           GradRho =  2.7220297170E-10 -3.1827608637E-11 -6.4116042620E-10
           HessRho_EigVals = -1.4499046082E+05 -1.4498946813E+05 -1.4498915979E+05
           HessRho_EigVec1 =  8.6301618362E-01  2.7641194127E-01  4.2284690556E-01
           HessRho_EigVec2 = -1.2803990022E-01 -6.9001315340E-01  7.1238166181E-01
           HessRho_EigVec3 = -4.8868072478E-01  6.6893817865E-01  5.6010076092E-01
           DelSqRho = -4.3496908875E+05
           Bond Ellipticity = NA
           V = -1.0875248080E+05
           G =  5.1043043081E+00
           K =  1.0874737649E+05
           L =  1.0874227219E+05
           Vnuc =  4.1121012352E+06
           Ven = -4.8386960313E+08
           Vrep =  4.8376085065E+08
           DelSqV =  2.4950041283E+09
           DelSqVen =  1.7886370857E+12
           DelSqVrep = -1.7861420160E+12
           DelSqG =  1.3401305483E+08
           DelSqK = -2.6290171831E+09
           Stress_EigVals = -3.6251098673E+04 -3.6250944865E+04 -3.6250437259E+04
           Stress_EigVec1 = -5.0277685944E-01  6.0765870529E-01  6.1478966118E-01
           Stress_EigVec2 = -1.0596708282E-01 -7.4918235678E-01  6.5383237427E-01
           Stress_EigVec3 =  8.5789650131E-01  2.6358432080E-01  4.4106337284E-01
           -DivStress = -5.2003596551E+02  4.4533908899E+01  1.0638601788E+03
           ESP =  -1.4726162668E+01     ESP at Nucleus =  -1.4726162685E+01
           ESPe = -2.7178299368E+01     ESPe at Nucleus = -2.7178299565E+01
           ESPn =  1.2452136699E+01     ESPn at Nucleus =  1.2452136880E+01

CP# 8      Coords =  7.17676986442145E+00 -3.56351959375651E+00  1.55497376208341E+00
           Type = (3,-3) NACP H8
           Rho =  4.2875342627E-01     Rho at Nucleus =  4.2514248232E-01
           GradRho = -6.1149826371E-10  2.4990480270E-09 -2.5626823732E-10
           HessRho_EigVals = -6.5541649898E+00 -6.5465125419E+00 -5.9552270646E+00
           HessRho_EigVec1 =  5.0702541522E-01  3.5208637363E-02 -8.6121169301E-01
           HessRho_EigVec2 =  8.2898263334E-01  2.5369751966E-01  4.9842287481E-01
           HessRho_EigVec3 = -2.3603606067E-01  9.6664260219E-01 -9.9443741330E-02
           DelSqRho = -1.9055904596E+01
           Bond Ellipticity = NA
           V = -4.7730079036E+00
           G =  4.5158772372E-03
           K =  4.7684920263E+00
           L =  4.7639761491E+00
           Vnuc =  4.1512357852E+01
           Ven = -1.7798565661E+01
           Vrep =  1.3025557758E+01
           DelSqV =  7.1824681461E+02
           DelSqVen =  7.9105553516E+02
           DelSqVrep = -7.2808720548E+01
           DelSqG =  7.0925526515E+01
           DelSqK = -7.8917234113E+02
           Stress_EigVals = -1.6416738963E+00 -1.6405740393E+00 -1.4907599680E+00
           Stress_EigVec1 = -4.2320375053E-01 -1.1502466301E-02  9.0596152170E-01
           Stress_EigVec2 =  8.7457244180E-01  2.5602883098E-01  4.1179155134E-01
           Stress_EigVec3 = -2.3668888776E-01  9.6660070917E-01 -9.8292621475E-02
           -DivStress =  1.8593850091E+00 -7.5919943995E+00  7.7549896285E-01
           ESP =  -1.1007917108E+00     ESP at Nucleus =  -1.1032134987E+00
           ESPe = -1.3529097732E+01     ESPe at Nucleus = -1.3445915243E+01
           ESPn =  1.2428306021E+01     ESPn at Nucleus =  1.2342701744E+01

CP# 9      Coords = -1.71211475120019E+00 -8.06476127610826E-02 -3.02769694677456E+00
           Type = (3,-3) NACP C9
           Rho =  1.1767902852E+02     Rho at Nucleus =  1.1767902769E+02
           GradRho = -6.8057176823E-09  1.1784657330E-09  5.3682929253E-09
           HessRho_EigVals = -1.4500812034E+05 -1.4500809493E+05 -1.4500697963E+05
           HessRho_EigVec1 = -4.8691454960E-01 -3.1040309438E-01  8.1643379425E-01
           HessRho_EigVec2 =  1.5384145497E-01  8.8963334865E-01  4.2998292025E-01
           HessRho_EigVec3 =  8.5979475930E-01 -3.3496630274E-01  3.8542255760E-01
           DelSqRho = -4.3502319490E+05
           Bond Ellipticity = NA
           V = -1.0876608067E+05
           G =  5.1409742377E+00
           K =  1.0876093970E+05
           L =  1.0875579873E+05
           Vnuc =  1.7674105090E+06
           Ven = -2.0798715170E+08
           Vrep =  2.0787838562E+08
           DelSqV =  2.4953208415E+09
           DelSqVen =  7.6886456320E+11
           DelSqVrep = -7.6636924389E+11
           DelSqG =  1.3403644432E+08
           DelSqK = -2.6293572858E+09
           Stress_EigVals = -3.6255730834E+04 -3.6255279962E+04 -3.6255069879E+04
           Stress_EigVec1 =  5.4250773338E-01 -2.9183506485E-01  7.8772942953E-01
           Stress_EigVec2 =  7.8202460037E-01 -1.6701320234E-01 -6.0045325768E-01
           Stress_EigVec3 =  3.0679453000E-01  9.4177432815E-01  1.3761624612E-01
           -DivStress =  2.1463966300E+03 -3.7162650226E+02 -1.6932050334E+03
           ESP =  -1.4710387552E+01     ESP at Nucleus =  -1.4710387600E+01
           ESPe = -2.9052932159E+01     ESPe at Nucleus = -2.9052928068E+01
           ESPn =  1.4342544607E+01     ESPn at Nucleus =  1.4342540468E+01

CP# 10     Coords = -4.44096906690227E-01 -7.86164942001428E-01 -1.07592321946992E+00
           Type = (3,-3) NACP C10
           Rho =  1.1769589974E+02     Rho at Nucleus =  1.1769589877E+02
           GradRho = -4.0019610889E-12  2.6348610793E-12  7.1257407527E-12
           HessRho_EigVals = -1.4502996363E+05 -1.4502986387E+05 -1.4502877622E+05
           HessRho_EigVec1 =  2.1476548819E-01  9.6402625561E-01  1.5661789033E-01
           HessRho_EigVec2 =  9.7368930141E-01 -1.9883037807E-01 -1.1133564152E-01
           HessRho_EigVec3 =  7.6190087265E-02 -1.7640821763E-01  9.8136395458E-01
           DelSqRho = -4.3508860373E+05
           Bond Ellipticity = NA
           V = -1.0878241526E+05
           G =  5.1321655414E+00
           K =  1.0877728310E+05
           L =  1.0877215093E+05
           Vnuc =  1.6429172591E+06
           Ven = -1.9336462500E+08
           Vrep =  1.9325584259E+08
           DelSqV =  2.4956952202E+09
           DelSqVen =  7.1481458893E+11
           DelSqVrep = -7.1231889371E+11
           DelSqG =  1.3405755849E+08
           DelSqK = -2.6297527786E+09
           Stress_EigVals = -3.6261193925E+04 -3.6260720392E+04 -3.6260500946E+04
           Stress_EigVec1 =  5.2162630073E-01 -2.8480285409E-01  8.0423462788E-01
           Stress_EigVec2 =  8.0341524212E-01 -1.5324069729E-01 -5.7536183174E-01
           Stress_EigVec3 =  2.8710616698E-01  9.4625822215E-01  1.4888057593E-01
           -DivStress =  2.5904859229E+03 -6.5559241662E+02 -1.2923677922E+03
           ESP =  -1.4712479361E+01     ESP at Nucleus =  -1.4712479415E+01
           ESPe = -2.9742995002E+01     ESPe at Nucleus = -2.9742990734E+01
           ESPn =  1.5030515641E+01     ESPn at Nucleus =  1.5030511318E+01

CP# 11     Coords = -3.20622482212403E+00  1.01885407985908E-02 -5.20473659960672E-01
           Type = (3,-3) NACP C11
           Rho =  1.1754008317E+02     Rho at Nucleus =  1.1754008058E+02
           GradRho = -2.3612720069E-11  1.4696577288E-14 -1.1078134937E-12
           HessRho_EigVals = -1.4483640547E+05 -1.4483526616E+05 -1.4483504016E+05
           HessRho_EigVec1 =  7.9758013316E-01 -1.6623293390E-01 -5.7985562245E-01
           HessRho_EigVec2 =  5.3224247809E-01 -2.5844263034E-01  8.0617947837E-01
           HessRho_EigVec3 =  2.8387299222E-01  9.5161652913E-01  1.1765247884E-01
           DelSqRho = -4.3450671179E+05
           Bond Ellipticity = NA
           V = -1.0863674707E+05
           G =  5.0345630160E+00
           K =  1.0863171251E+05
           L =  1.0862667795E+05
           Vnuc =  1.0030563902E+06
           Ven = -1.1789933153E+08
           Vrep =  1.1779069479E+08
           DelSqV =  2.4923667233E+09
           DelSqVen =  4.3583473743E+11
           DelSqVrep = -4.3334237068E+11
           DelSqG =  1.3387624232E+08
           DelSqK = -2.6262429657E+09
           Stress_EigVals = -3.6212411116E+04 -3.6212245771E+04 -3.6212090186E+04
           Stress_EigVec1 =  3.0060467973E-01  9.4289443943E-01  1.4348136678E-01
           Stress_EigVec2 =  5.2352034434E-01 -2.8887610740E-01  8.0154665718E-01
           Stress_EigVec3 =  7.9722222472E-01 -1.6583326163E-01 -5.8046193135E-01
           -DivStress = -3.8707165601E+03  7.8697281868E+02  2.8253412398E+03
           ESP =  -1.4721410303E+01     ESP at Nucleus =  -1.4721410464E+01
           ESPe = -3.1180227442E+01     ESPe at Nucleus = -3.1180225801E+01
           ESPn =  1.6458817139E+01     ESPn at Nucleus =  1.6458815336E+01

CP# 12     Coords = -1.85219609478432E+00  2.61753511203541E-01 -4.99612153233516E+00
           Type = (3,-3) NACP H12
           Rho =  4.1355888628E-01     Rho at Nucleus =  4.0961354497E-01
           GradRho =  2.1935696938E-16  1.8119728808E-17  2.3551645219E-15
           HessRho_EigVals = -6.3182246079E+00 -6.3150216403E+00 -5.6935137781E+00
           HessRho_EigVec1 =  9.5042953049E-01 -2.8998628288E-01 -1.1221258092E-01
           HessRho_EigVec2 =  3.0419231751E-01  9.4192027781E-01  1.4231382302E-01
           HessRho_EigVec3 =  6.4426248854E-02 -1.6939346504E-01  9.8344044683E-01
           DelSqRho = -1.8326760026E+01
           Bond Ellipticity = NA
           V = -4.5907683388E+00
           G =  4.5391661388E-03
           K =  4.5862291727E+00
           L =  4.5816900065E+00
           Vnuc =  4.0800978171E+01
           Ven = -1.6873607091E+01
           Vrep =  1.2282838752E+01
           DelSqV =  6.8922180338E+02
           DelSqVen =  7.4774973577E+02
           DelSqVrep = -5.8527932385E+01
           DelSqG =  6.8029215231E+01
           DelSqK = -7.5725101861E+02
           Stress_EigVals = -1.5830957328E+00 -1.5825388397E+00 -1.4251337664E+00
           Stress_EigVec1 =  9.5250553609E-01 -2.8224786636E-01 -1.1432123884E-01
           Stress_EigVec2 =  2.9694480144E-01  9.4409267069E-01  1.4322295222E-01
           Stress_EigVec3 =  6.7505471017E-02 -1.7036775245E-01  9.8306553205E-01
           -DivStress = -5.6007570948E-01  1.3801718204E+00 -7.9343027892E+00
           ESP =  -1.0528352116E+00     ESP at Nucleus =  -1.0555693555E+00
           ESPe = -1.4597258001E+01     ESPe at Nucleus = -1.4500661236E+01
           ESPn =  1.3544422790E+01     ESPn at Nucleus =  1.3445091880E+01

CP# 13     Coords =  1.24273516268818E+00 -1.43366382288623E+00 -2.09939716651667E-01
           Type = (3,-3) NACP H13
           Rho =  4.0926282185E-01     Rho at Nucleus =  4.0519959382E-01
           GradRho = -2.9762605812E-10  1.1369671730E-10 -1.5195342509E-10
           HessRho_EigVals = -6.2423464110E+00 -6.2392474278E+00 -5.6087437534E+00
           HessRho_EigVec1 = -4.5178485804E-01 -6.1145765648E-04  8.9212671082E-01
           HessRho_EigVec2 =  2.8719736000E-01  9.4666549575E-01  1.4608940950E-01
           HessRho_EigVec3 =  8.4463490246E-01 -3.2221741927E-01  4.2751352758E-01
           DelSqRho = -1.8090337592E+01
           Bond Ellipticity = NA
           V = -4.5319282414E+00
           G =  4.6719216867E-03
           K =  4.5272563197E+00
           L =  4.5225843980E+00
           Vnuc =  4.2222743317E+01
           Ven = -1.7280199076E+01
           Vrep =  1.2748270834E+01
           DelSqV =  6.7959449450E+02
           DelSqVen =  7.6382368117E+02
           DelSqVrep = -8.4229186663E+01
           DelSqG =  6.6996011038E+01
           DelSqK = -7.4659050554E+02
           Stress_EigVals = -1.5640737978E+00 -1.5635175150E+00 -1.4043369286E+00
           Stress_EigVec1 = -4.4956311361E-01  1.5943932657E-02  8.9310626349E-01
           Stress_EigVec2 =  2.9496437186E-01  9.4640503944E-01  1.3158085214E-01
           Stress_EigVec3 =  8.4314235228E-01 -3.2258842559E-01  4.3017168835E-01
           -DivStress =  6.8611182569E+00 -2.6234236226E+00  3.5170420508E+00
           ESP =  -1.0561330677E+00     ESP at Nucleus =  -1.0589580515E+00
           ESPe = -1.6603491672E+01     ESPe at Nucleus = -1.6533293342E+01
           ESPn =  1.5547358604E+01     ESPn at Nucleus =  1.5474335291E+01

CP# 14     Coords =  4.77952966942827E+00  2.38895821009372E+00 -1.47492836973461E+00
           Type = (3,-3) NACP H14
           Rho =  4.2446960817E-01     Rho at Nucleus =  4.2074866014E-01
           GradRho =  5.7131705508E-13 -2.6139024417E-13 -2.1182586392E-13
           HessRho_EigVals = -6.4636391545E+00 -6.4573320823E+00 -5.8620750365E+00
           HessRho_EigVec1 = -4.3513189829E-02 -6.8520554377E-01  7.2704880517E-01
           HessRho_EigVec2 =  5.0364732477E-01  6.1345205753E-01  6.0828935989E-01
           HessRho_EigVec3 =  8.6281282707E-01 -3.9264479609E-01 -3.1840868321E-01
           DelSqRho = -1.8783046273E+01
           Bond Ellipticity = NA
           V = -4.7051086762E+00
           G =  4.6735539546E-03
           K =  4.7004351223E+00
           L =  4.6957615683E+00
           Vnuc =  4.2263438384E+01
           Ven = -1.7939545130E+01
           Vrep =  1.3234436454E+01
           DelSqV =  7.0711484836E+02
           DelSqVen =  7.9383611883E+02
           DelSqVrep = -8.6721270473E+01
           DelSqG =  6.9606745443E+01
           DelSqK = -7.7672159380E+02
           Stress_EigVals = -1.6192206049E+00 -1.6186561754E+00 -1.4672318959E+00
           Stress_EigVec1 = -2.5198450622E-03 -6.3060820904E-01  7.7609724718E-01
           Stress_EigVec2 =  5.0470375575E-01  6.6919841602E-01  5.4538756763E-01
           Stress_EigVec3 =  8.6328892575E-01 -3.9307348764E-01 -3.1658405518E-01
           -DivStress = -6.8360604541E+00  3.1094469418E+00  2.5148243871E+00
           ESP =  -1.1028026357E+00     ESP at Nucleus =  -1.1052683224E+00
           ESPe = -1.4923668454E+01     ESPe at Nucleus = -1.4875482691E+01
           ESPn =  1.3820865818E+01     ESPn at Nucleus =  1.3770214368E+01

CP# 15     Coords =  4.93622719697800E+00  1.47211355819511E+00  3.19013064703619E+00
           Type = (3,-3) NACP H15
           Rho =  4.2408229631E-01     Rho at Nucleus =  4.2036459993E-01
           GradRho =  1.7266555967E-09 -7.8776753590E-09  1.2898939255E-10
           HessRho_EigVals = -6.4552514446E+00 -6.4489118708E+00 -5.8541977828E+00
           HessRho_EigVec1 = -4.9779904827E-01 -9.4997545886E-02  8.6207399556E-01
           HessRho_EigVec2 =  8.4032374307E-01  1.9311497388E-01  5.0652010196E-01
           HessRho_EigVec3 = -2.1459756376E-01  9.7656647144E-01 -1.6303756860E-02
           DelSqRho = -1.8758361098E+01
           Bond Ellipticity = NA
           V = -4.6988848939E+00
           G =  4.6473096987E-03
           K =  4.6942375842E+00
           L =  4.6895902746E+00
           Vnuc =  4.1771038370E+01
           Ven = -1.7714357871E+01
           Vrep =  1.3015472977E+01
           DelSqV =  7.0615131983E+02
           DelSqVen =  7.8355623420E+02
           DelSqVrep = -7.7404914376E+01
           DelSqG =  6.9485522609E+01
           DelSqK = -7.7563684244E+02
           Stress_EigVals = -1.6171156695E+00 -1.6165455498E+00 -1.4652236746E+00
           Stress_EigVec1 = -4.2745742461E-01 -8.0516970036E-02  9.0044276203E-01
           Stress_EigVec2 =  8.7824195549E-01  1.9924143409E-01  4.3473430801E-01
           Stress_EigVec3 = -2.1440899648E-01  9.7663701982E-01 -1.4453849079E-02
           -DivStress = -1.6937804728E+00  7.7265239719E+00 -1.2421116920E-01
