AIMSum (Version 19.02.13, Professional)
Copyright (c) 1997-2019 by Todd A. Keith
AIMSum is a component of the AIMAll package ( http://aim.tkgristmill.com )

TP:  64-bit Linux

Much of the Quantum Theory of Atoms in Molecules (QTAIM) is described in the book:
  "Atoms in Molecules - A Quantum Theory"
  R.F.W. Bader, Oxford University Press, Oxford, 1990

For additional references see:  http://aim.tkgristmill.com/references.html

Wfn File:  /home/mhennefarth/Documents/ML_Diels/summary-levandowski2016/33-opt/33-opt.wfn
Sum File:  /home/mhennefarth/Documents/ML_Diels/summary-levandowski2016/33-opt/33-opt.sum

SumViz File:  /home/mhennefarth/Documents/ML_Diels/summary-levandowski2016/33-opt/33-opt.sumviz

Wfn Title:   Title Card Required                                                           
 
Total memory allocated for AIMSum =        1.096 Megabytes

Atomic units (a.u.) used throughout, except where stated otherwise

Model:  Restricted SCF
 
Restricted, closed-shell, single-determinant wavefunction.
  Number of electrons (from MO Occs)                   =          68.0000000000
  Number of Alpha electrons (from MO Occs)             =          34.0000000000
  Number of Beta electrons (from MO Occs)              =          34.0000000000
  Number of electron pairs (N*(N-1)/2)                 =        2278.0000000000
  Number of electron pairs (from Muller 2EDM)          =        2278.0000000000
 
Nuclear Charges and Cartesian Coordinates:
-------------------------------------------------------------------------------
Atom      Charge                X                  Y                  Z
-------------------------------------------------------------------------------
C1         6.0          -4.3061233100E+00  -2.7547458000E+00   1.0755227600E+00
H2         1.0          -4.4030164300E+00  -4.7732249500E+00   1.4363256500E+00
C3         6.0          -5.7558015300E+00  -1.6641233700E+00  -6.8964249000E-01
H4         1.0          -6.9928648000E+00  -2.8576774700E+00  -1.8262146500E+00
C5         6.0          -5.3859797800E+00   2.9426555100E+00   3.2224398000E-01
H6         1.0          -5.4375037900E+00   4.9033933300E+00  -2.8346188000E-01
C7         6.0          -5.8104646200E+00   1.0455153400E+00  -1.3016435500E+00
H8         1.0          -6.2884702600E+00   1.5096900800E+00  -3.2520788500E+00
C9         6.0           3.2811197100E+00   9.9601176000E-01   2.4456319200E+00
H10        1.0           3.6179968000E+00   1.2383808400E+00   4.4468915700E+00
C11        6.0           1.8189776800E+00   1.3132008300E+00   5.0023201000E-01
H12        1.0           5.8489050000E-02   1.9954247800E+00  -2.8440603000E-01
C13        6.0           4.3003376300E+00  -7.4622900000E-03  -2.6571560000E-02
H14        1.0          -5.0127609700E+00   2.5985166500E+00   2.3129293900E+00
H15        1.0          -2.9525585600E+00  -1.6818117000E+00   2.1873625600E+00
C16        6.0           6.4183605800E+00   1.4036133300E+00  -1.3889344300E+00
H17        1.0           8.2834709900E+00   7.0947371000E-01  -7.9591418000E-01
H18        1.0           6.2943615500E+00   1.1373983300E+00  -3.4444945300E+00
H19        1.0           6.3385441400E+00   3.4344251600E+00  -1.0006168900E+00
C20        6.0           4.3417597400E+00  -2.8501805400E+00  -5.2315266000E-01
H21        1.0           2.7933400000E+00  -3.8061591100E+00   4.6125379000E-01
H22        1.0           4.1590197600E+00  -3.2580395400E+00  -2.5507644400E+00
H23        1.0           6.1288359200E+00  -3.6966988000E+00   1.1107268000E-01
 
Some Atomic Properties:
----------------------
  q(A) = Net Charge of Atom A
  L(A) = Lagrangian of Atom A = -(1/4) Times Atomic Integral of the Laplacian of the Electron Density
  K(A) = Electronic Kinetic Energy of Atom A (Hamiltonian Form)
  K_Scaled(A) = K(A) * E(Mol)/K(Mol) = Approximation to Virial-Based Total Energy of Atom A.
  |Mu_Intra(A)| = Magnitude of Intraatomic Dipole Moment of Atom A
--------------------------------------------------------------------------------------------------
Atom A          q(A)              L(A)              K(A)          K_Scaled(A)      |Mu_Intra(A)|
--------------------------------------------------------------------------------------------------
C1       -8.6317984900E-02 -8.9201829780E-06  3.7704506828E+01 -3.8092701873E+01  1.1592764864E-01
H2        4.3077907850E-02  1.9671746464E-05  5.9460537290E-01 -6.0072726333E-01  1.4784820847E-01
C3       -3.0607313900E-02  2.4602836330E-05  3.7701277041E+01 -3.8089438833E+01  7.6239335437E-02
H4        3.3330174400E-02  2.4270286799E-05  6.0226441335E-01 -6.0846515912E-01  1.5134131776E-01
C5       -9.4833795400E-02 -1.8997056591E-04  3.7706353497E+01 -3.8094567555E+01  1.1555201695E-01
H6        4.3705107310E-02  1.6571789151E-05  5.9418676562E-01 -6.0030434619E-01  1.4772743211E-01
C7       -3.2838931400E-02 -1.8734899397E-04  3.7702124032E+01 -3.8090294544E+01  7.3038712520E-02
H8        3.4068029210E-02  2.5996425673E-05  6.0201416014E-01 -6.0821232937E-01  1.5117234844E-01
C9       -1.6634200230E-01  1.1138125415E-05  3.7779981888E+01 -3.8168954004E+01  2.3905052627E-01
H10       9.8369250660E-02  1.8210498231E-05  5.6469951958E-01 -5.7051350772E-01  1.4880079318E-01
C11      -1.6280321670E-01 -1.1453064436E-04  3.7779613383E+01 -3.8168581705E+01  2.6263685091E-01
H12       1.1702210996E-01  2.9518607047E-05  5.5676581596E-01 -5.6249812090E-01  1.4066772665E-01
C13       1.4483262170E-01  4.1007006309E-04  3.7539566607E+01 -3.7926063474E+01  2.1182933760E-01
H14       4.5248093440E-02  2.4050357137E-05  5.9281475307E-01 -5.9891820777E-01  1.4777800097E-01
H15       4.8846044060E-02  4.3523444309E-06  5.9123688073E-01 -5.9732409011E-01  1.4479983424E-01
C16      -2.7105352500E-02 -1.9462736156E-05  3.7699075680E+01 -3.8087214808E+01  4.4585746408E-02
H17       8.4602162000E-04  2.9869986419E-05  6.0880342001E-01 -6.1507148956E-01  1.5879854631E-01
H18       1.3306119900E-03  2.4887489374E-05  6.0865466556E-01 -6.1492120357E-01  1.5860652380E-01
H19       7.0604961100E-03  2.5962559155E-05  6.0854534339E-01 -6.1481075586E-01  1.5693631480E-01
C20      -2.6789953600E-02 -4.0721525508E-05  3.7699100716E+01 -3.8087240102E+01  4.5717094716E-02
H21       7.8992991200E-03  1.9701063123E-05  6.0812826459E-01 -6.1438938292E-01  1.5621195402E-01
H22       1.9098143800E-03  2.3677848259E-05  6.0847076805E-01 -6.1473541270E-01  1.5843143961E-01
H23       2.6610101000E-04  2.7995179476E-05  6.0898706178E-01 -6.1525702205E-01  1.5895734984E-01
--------------------------------------------------------------------------------------------------
Total     1.7313212000E-04  1.9959255669E-04  3.4766177688E+02 -3.5124120519E+02
 
1st Largest |L(A)| = 4.1007006309E-04, atom C13     
2nd Largest |L(A)| = 1.8997056591E-04, atom C5      
 
Molecular charge q(Mol) from the wfn file:   0.0000000000E+00
Molecular energy E(Mol) from the wfn file:  -3.5124118844E+02
Molecular virial ratio (-V(Mol)/T(Mol)) from the wfn file:   2.0102957200E+00
Note.  K_Scaled(A) = (1+V(Mol)/T(Mol))*K(A) = (E(Mol)/T(Mol))*K(A)
       Only use K_Scaled(A) data with caution.
 
N_AIMInt(SumA)     =         67.999827
N_Analytic(Mol)    =         67.999988
 
G_AIMInt(SumA)     =        347.661577
G_Analytic(Mol)    =        347.661734
 
K_AIMInt(SumA)     =        347.661777
K_Analytic(Mol)    =        347.661734
 
L_AIMInt(SumA)     =          0.000200
L_Analytic(Mol)    =          0.000000
 
VenT_AIMInt(SumA)  =      -1585.165982
VenT_Analytic(Mol) =      -1585.167937
 
Some Information About the Atomic Calculations:
----------------------------------------------
  Time(sec) = "Elapsed User Time", in Seconds, for Atom A by AIMInt and, if used, by TWOe
  NProc = Number of Processors Used for AIMInt Job
  BIM = Basin Integration Method
  OAQ = Angular Quadrature Outside of Beta Sphere
  ORQ = Multiple of Default for Radial Quadrature Outside of Beta Sphere
  IAQ = Multiple of Default for Angular Quadrature Inside of Beta Sphere
  IRQ = Multiple of Default for Radial Quadrature Inside of Beta Sphere
  MIR = Maximum Integration Radius
------------------------------------------------------------------------------------------------------
Atom A     Time(sec)   NProc      BIM          OAQ                     ORQ      IAQ      IRQ      MIR
------------------------------------------------------------------------------------------------------
C1             29        8     Proaim(5)    4500(GS4)                  1.00     1.00     1.00    13.00
H2              6        8     Proaim(5)    1800(GS4)                  1.00     1.00     1.00    13.00
C3             26        8     Proaim(5)    4500(GS4)                  1.00     1.00     1.00    13.00
H4              9        8     Proaim(5)    1800(GS4)                  1.00     1.00     1.00    13.00
C5             31        8     Proaim(5)    4500(GS4)                  1.00     1.00     1.00    13.00
H6              6        8     Proaim(5)    1800(GS4)                  1.00     1.00     1.00    13.00
C7             27        8     Proaim(5)    4500(GS4)                  1.00     1.00     1.00    13.00
H8              5        8     Proaim(5)    1800(GS4)                  1.00     1.00     1.00    13.00
C9             22        8     Proaim(5)    4500(GS4)                  1.00     1.00     1.00    13.00
H10             6        8     Proaim(5)    1800(GS4)                  1.00     1.00     1.00    13.00
C11            38        8     Proaim(5)    4500(GS4)                  1.00     1.00     1.00    13.00
H12            13        8     Proaim(5)    4500(GS4)                  1.00     1.00     1.00    13.00
C13            39        8     Proaim(5)    4500(GS4)                  1.00     1.00     1.00    13.00
H14             7        8     Proaim(5)    1800(GS4)                  1.00     1.00     1.00    13.00
H15            20        8     Proaim(5)    4500(GS4)                  1.00     1.00     1.00    13.00
C16            22        8     Proaim(5)    4500(GS4)                  1.00     1.00     1.00    13.00
H17             6        8     Proaim(5)    1800(GS4)                  1.00     1.00     1.00    13.00
H18             5        8     Proaim(5)    1800(GS4)                  1.00     1.00     1.00    13.00
H19             5        8     Proaim(5)    1800(GS4)                  1.00     1.00     1.00    13.00
C20            36        8     Proaim(5)    4500(GS4)                  1.00     1.00     1.00    13.00
H21            10        8     Proaim(5)    1800(GS4)                  1.00     1.00     1.00    13.00
H22             8        8     Proaim(5)    1800(GS4)                  1.00     1.00     1.00    13.00
H23             5        8     Proaim(5)    1800(GS4)                  1.00     1.00     1.00    13.00
------------------------------------------------------------------------------------------------------
Total         381
Note:  Total wall clock time is less than total of atomic times if more than one atom
       was calculated at a time
 
Electron Density Critical Point Analysis of Molecular Structure:               
---------------------------------------------------------------                
  NACP = Nuclear Attractor Critical Point                                      
  NNACP = Non-Nuclear Attractor Critical Point                                 
  BCP = Bond Critical Point                                                    
  RCP = Ring Critical Point                                                    
  CCP = Cage Critical Point                                                    
  Rho = Electron Density                                                       
  GradRho = Gradient of Electron Density                                       
  HessRho_EigVals = Eigenvalues of the Hessian of Rho, Ascending Order         
  HessRho_EigVecs = Eigenvectors of the Hessian of Rho                         
  DelSqRho = Laplacian of Rho = Trace of Hessian of Rho                        
  Bond Ellipticity = (HessRho_EigVal(1) / HessRho_EigVal(2)) - 1               
  V = Virial Field = Potential Energy Density = Trace of Stress Tensor         
  G = Lagrangian Form of Kinetic Energy Density                                
  K = Hamiltonian Form of Kinetic Energy Density                               
  L = K - G = Lagrangian Density = (-1/4)DelSqRho                              
  Vnuc = Electrostatic Potential from Nuclei                                   
  Ven = Electron-nuclear attractive contribution to Virial Field V             
  Vrep = V - Ven = Repulsive contribution to Virial Field V                    
  DelSqV = Laplacian of V                                                      
  DelSqVen = Laplacian of Ven                                                  
  DelSqVrep = Laplacian of Vrep                                                
  DelSqG = Laplacian of G                                                      
  DelSqK = Laplacian of K                                                      
  Stress_EigVals = Eigenvalues of Stress Tensor, Ascending Order               
  Stress_EigVecs = Eigenvectors of Stress Tensor                               
  -DivStress = Ehrenfest Force Density = Minus Divergence of Stress Tensor     
  ESP = Total Electrostatic Potential                                          
  ESPe = Electrostatic Potential from Electrons                                
  ESPn = Electrostatic Potential from Nuclei                                   
  BP = Bond Path                                                               
  BPL = Bond Path Length                                                       
  GBL = Geometric Bond Length                                                  
  GBL_I = Distance Between Nuclear Attractors                                  
  GBL_II = Distance Between Nuclei                                             
  GBL_III = Sum of Distances Between BCP and Nuclear Attractors                
  GBL_IV = Sum of Distances Between BCP and Nuclei                             

CP# 1      Coords = -4.30612303190174E+00 -2.75474629996874E+00  1.07552336079368E+00
           Type = (3,-3) NACP C1
           Rho =  1.1768070034E+02     Rho at Nucleus =  1.1768070029E+02
           GradRho =  7.0759564874E-11 -9.6048887593E-11  8.2077622476E-11
           HessRho_EigVals = -1.4500954750E+05 -1.4500853204E+05 -1.4500838637E+05
           HessRho_EigVec1 = -6.7238615305E-01  1.7744470334E-01  7.1861689268E-01
           HessRho_EigVec2 =  3.8165415108E-01  9.1494956252E-01  1.3117700642E-01
           HessRho_EigVec3 = -6.3422154658E-01  3.6246472285E-01 -6.8292192419E-01
           DelSqRho = -4.3502646591E+05
           Bond Ellipticity = NA
           V = -1.0876684729E+05
           G =  5.1154047613E+00
           K =  1.0876173188E+05
           L =  1.0875661648E+05
           Vnuc =  7.2322842069E+06
           Ven = -8.5110027055E+08
           Vrep =  8.5099150370E+08
           DelSqV =  2.4953382944E+09
           DelSqVen =  3.1462353797E+12
           DelSqVrep = -3.1437401725E+12
           DelSqG =  1.3403664961E+08
           DelSqK = -2.6293749440E+09
           Stress_EigVals = -3.6255862577E+04 -3.6255766109E+04 -3.6255218602E+04
           Stress_EigVec1 = -5.8706848586E-01  4.3913349693E-01 -6.8008261614E-01
           Stress_EigVec2 =  4.2288539454E-01  8.8270871916E-01  2.0492257124E-01
           Stress_EigVec3 =  6.9030322033E-01 -1.6729342183E-01 -7.0391361332E-01
           -DivStress = -2.2679227328E+02  4.0771282615E+02 -4.8798606970E+02
           ESP =  -1.4744941001E+01     ESP at Nucleus =  -1.4744941011E+01
           ESPe = -2.5303674090E+01     ESPe at Nucleus = -2.5303675033E+01
           ESPn =  1.0558733090E+01     ESPn at Nucleus =  1.0558734022E+01

CP# 2      Coords = -4.40132686187495E+00 -4.73879774188647E+00  1.43019259772486E+00
           Type = (3,-3) NACP H2
           Rho =  4.2557728420E-01     Rho at Nucleus =  4.2187684701E-01
           GradRho =  4.0218170580E-10  8.1968213466E-09 -1.4594269106E-09
           HessRho_EigVals = -6.4817023540E+00 -6.4755807892E+00 -5.8806596397E+00
           HessRho_EigVec1 =  6.8773012033E-01  9.5275230133E-02  7.1968737109E-01
           HessRho_EigVec2 = -7.2441320392E-01  1.5487838487E-01  6.7174265599E-01
           HessRho_EigVec3 =  4.7463581504E-02  9.8332869196E-01 -1.7553316498E-01
           DelSqRho = -1.8837942783E+01
           Bond Ellipticity = NA
           V = -4.7187439320E+00
           G =  4.6291181482E-03
           K =  4.7141148139E+00
           L =  4.7094856957E+00
           Vnuc =  3.9405619400E+01
           Ven = -1.6770136486E+01
           Vrep =  1.2051392554E+01
           DelSqV =  7.0930931751E+02
           DelSqVen =  7.4232081714E+02
           DelSqVrep = -3.3011499625E+01
           DelSqG =  6.9826862174E+01
           DelSqK = -7.7913617969E+02
           Stress_EigVals = -1.6237556767E+00 -1.6232441365E+00 -1.4717441189E+00
           Stress_EigVec1 =  7.5231151727E-01  8.1946339622E-02  6.5369119499E-01
           Stress_EigVec2 = -6.5717360262E-01  1.6318393265E-01  7.3586266392E-01
           Stress_EigVec3 =  4.6370648161E-02  9.8318655480E-01 -1.7661812319E-01
           -DivStress = -3.8087389139E-01 -7.7772467275E+00  1.3865276624E+00
           ESP =  -1.1078829153E+00     ESP at Nucleus =  -1.1103574309E+00
           ESPe = -1.1950252495E+01     ESPe at Nucleus = -1.1871141820E+01
           ESPn =  1.0842369579E+01     ESPn at Nucleus =  1.0760784389E+01

CP# 3      Coords = -5.75580205262795E+00 -1.66412212773166E+00 -6.89643413296266E-01
           Type = (3,-3) NACP C3
           Rho =  1.1765606833E+02     Rho at Nucleus =  1.1765606813E+02
           GradRho = -3.2733532898E-10  7.2724678493E-10 -5.5449060274E-10
           HessRho_EigVals = -1.4497086534E+05 -1.4496998030E+05 -1.4496963749E+05
           HessRho_EigVec1 =  7.3999192274E-01 -7.5049773079E-02 -6.6841565349E-01
           HessRho_EigVec2 =  1.5723840677E-01  9.8552209174E-01  6.3421527285E-02
           HessRho_EigVec3 =  6.5397862175E-01 -1.5203203033E-01  7.4107909432E-01
           DelSqRho = -4.3491048313E+05
           Bond Ellipticity = NA
           V = -1.0873783695E+05
           G =  5.1080863872E+00
           K =  1.0873272887E+05
           L =  1.0872762078E+05
           Vnuc =  3.6727448518E+06
           Ven = -4.3212071922E+08
           Vrep =  4.3201198139E+08
           DelSqV =  2.4946664631E+09
           DelSqVen =  1.5973151068E+12
           DelSqVrep = -1.5948204404E+12
           DelSqG =  1.3399235637E+08
           DelSqK = -2.6286588195E+09
           Stress_EigVals = -3.6246215552E+04 -3.6246050972E+04 -3.6245570430E+04
           Stress_EigVec1 =  6.3973075361E-01 -2.2671326453E-01  7.3440156493E-01
           Stress_EigVec2 =  2.2616506902E-01  9.6872957483E-01  1.0204103299E-01
           Stress_EigVec3 =  7.3457057145E-01 -1.0081719369E-01 -6.7100072206E-01
           -DivStress =  4.2211062066E+02 -1.0110097844E+03  7.4765899708E+02
           ESP =  -1.4734272643E+01     ESP at Nucleus =  -1.4734272663E+01
           ESPe = -2.5843805482E+01     ESPe at Nucleus = -2.5843805656E+01
           ESPn =  1.1109532839E+01     ESPn at Nucleus =  1.1109532993E+01

CP# 4      Coords = -6.97232017625633E+00 -2.83766947140666E+00 -1.80740368898310E+00
           Type = (3,-3) NACP H4
           Rho =  4.2893930828E-01     Rho at Nucleus =  4.2534415433E-01
           GradRho =  9.5593268544E-12  9.3157602095E-12  8.7513971764E-12
           HessRho_EigVals = -6.5574227374E+00 -6.5496336346E+00 -5.9599407503E+00
           HessRho_EigVec1 =  2.9187375282E-01 -7.9655712573E-01  5.2943975848E-01
           HessRho_EigVec2 = -7.4563279923E-01  1.5718793269E-01  6.4755206935E-01
           HessRho_EigVec3 =  5.9903375625E-01  5.8377110177E-01  5.4806008760E-01
           DelSqRho = -1.9066997122E+01
           Bond Ellipticity = NA
           V = -4.7758336332E+00
           G =  4.5421763325E-03
           K =  4.7712914569E+00
           L =  4.7667492806E+00
           Vnuc =  4.0166649660E+01
           Ven = -1.7229054921E+01
           Vrep =  1.2453221288E+01
           DelSqV =  7.1874613971E+02
           DelSqVen =  7.6585739350E+02
           DelSqVrep = -4.7111253787E+01
           DelSqG =  7.0976470908E+01
           DelSqK = -7.8972261062E+02
           Stress_EigVals = -1.6424719326E+00 -1.6414324707E+00 -1.4919292300E+00
           Stress_EigVec1 =  3.6499728705E-01 -8.0912518342E-01  4.6053601162E-01
           Stress_EigVec2 = -7.1239618540E-01  7.5740237418E-02  6.9767835818E-01
           Stress_EigVec3 =  5.9939023639E-01  5.8273480589E-01  5.4877271300E-01
           -DivStress = -4.6963549436E+00 -4.5731599562E+00 -4.3001789630E+00
           ESP =  -1.1082203679E+00     ESP at Nucleus =  -1.1106320309E+00
           ESPe = -1.2117424341E+01     ESPe at Nucleus = -1.2034379179E+01
           ESPn =  1.1009203973E+01     ESPn at Nucleus =  1.0923747148E+01

CP# 5      Coords = -5.38597932008918E+00  2.94265621490519E+00  3.22244352112354E-01
           Type = (3,-3) NACP C5
           Rho =  1.1768438498E+02     Rho at Nucleus =  1.1768438492E+02
           GradRho =  9.0743440539E-11  1.2022795606E-10  6.6926332531E-11
           HessRho_EigVals = -1.4501611568E+05 -1.4501517508E+05 -1.4501502802E+05
           HessRho_EigVec1 =  9.8740687454E-01 -4.7977693224E-02 -1.5075080450E-01
           HessRho_EigVec2 =  7.9325820629E-02 -6.7430369782E-01  7.3418113384E-01
           HessRho_EigVec3 =  1.3687614213E-01  7.3689392999E-01  6.6200623687E-01
           DelSqRho = -4.3504631878E+05
           Bond Ellipticity = NA
           V = -1.0877182353E+05
           G =  5.1219152241E+00
           K =  1.0876670161E+05
           L =  1.0876157970E+05
           Vnuc =  6.5199128435E+06
           Ven = -7.6729193314E+08
           Vrep =  7.6718316131E+08
           DelSqV =  2.4954541367E+09
           DelSqVen =  2.8364642058E+12
           DelSqVrep = -2.8339687517E+12
           DelSqG =  1.3404475259E+08
           DelSqK = -2.6294988893E+09
           Stress_EigVals = -3.6257515745E+04 -3.6257417575E+04 -3.6256890206E+04
           Stress_EigVec1 =  1.4362579715E-01  7.7348438899E-01  6.1732773336E-01
           Stress_EigVec2 =  1.1118738055E-01 -6.3245783735E-01  7.6657318658E-01
           Stress_EigVec3 =  9.8336615602E-01 -4.1460631387E-02 -1.7683896416E-01
           -DivStress = -3.7259223672E+02 -5.7418669182E+02 -3.0286775417E+02
           ESP =  -1.4742741256E+01     ESP at Nucleus =  -1.4742741267E+01
           ESPe = -2.4956274651E+01     ESPe at Nucleus = -2.4956275534E+01
           ESPn =  1.0213533395E+01     ESPn at Nucleus =  1.0213534267E+01

CP# 6      Coords = -5.43662291083428E+00  4.86995156550093E+00 -2.73086243950633E-01
           Type = (3,-3) NACP H6
           Rho =  4.2536023847E-01     Rho at Nucleus =  4.2165893187E-01
           GradRho =  9.0843292307E-11 -3.4382812265E-09  1.0669257239E-09
           HessRho_EigVals = -6.4775988347E+00 -6.4713746219E+00 -5.8767242708E+00
           HessRho_EigVec1 =  2.2453394745E-01  2.9335982451E-01  9.2926020027E-01
           HessRho_EigVec2 =  9.7413988730E-01 -4.2893552830E-02 -2.2183692907E-01
           HessRho_EigVec3 = -2.5218771087E-02  9.5503934814E-01 -2.9540456512E-01
           DelSqRho = -1.8825697727E+01
           Bond Ellipticity = NA
           V = -4.7156787352E+00
           G =  4.6271516614E-03
           K =  4.7110515835E+00
           L =  4.7064244318E+00
           Vnuc =  3.9159766473E+01
           Ven = -1.6657007605E+01
           Vrep =  1.1941328870E+01
           DelSqV =  7.0882792426E+02
           DelSqVen =  7.3720993255E+02
           DelSqVrep = -2.8382008293E+01
           DelSqG =  6.9772300835E+01
           DelSqK = -7.7860022509E+02
           Stress_EigVals = -1.6227109362E+00 -1.6222047642E+00 -1.4707630348E+00
           Stress_EigVec1 =  1.2402653718E-01  2.9474185394E-01  9.4749388262E-01
           Stress_EigVec2 =  9.9196378509E-01 -1.2766006410E-02 -1.2587644001E-01
           Stress_EigVec3 = -2.5005342318E-02  9.5549163712E-01 -2.9395656863E-01
           -DivStress = -1.9838657114E-01  7.5501950837E+00 -2.3411957640E+00
           ESP =  -1.1049323283E+00     ESP at Nucleus =  -1.1074087767E+00
           ESPe = -1.1714021762E+01     ESPe at Nucleus = -1.1636458173E+01
           ESPn =  1.0609089433E+01     ESPn at Nucleus =  1.0529049396E+01

CP# 7      Coords = -5.81046476112322E+00  1.04551394387100E+00 -1.30164398531406E+00
           Type = (3,-3) NACP C7
           Rho =  1.1766420658E+02     Rho at Nucleus =  1.1766420643E+02
           GradRho = -7.1442501220E-11 -6.9046819596E-10 -2.2035459221E-10
           HessRho_EigVals = -1.4498188467E+05 -1.4498089473E+05 -1.4498058679E+05
           HessRho_EigVec1 =  9.6603866024E-01  2.1033596239E-02 -2.5754008377E-01
           HessRho_EigVec2 = -1.5556792452E-01  8.4315218731E-01 -5.1467757859E-01
           HessRho_EigVec3 =  2.0631996457E-01  5.3726341479E-01  8.1778976232E-01
           DelSqRho = -4.3494336619E+05
           Bond Ellipticity = NA
           V = -1.0874604670E+05
           G =  5.1025771421E+00
           K =  1.0874094412E+05
           L =  1.0873584155E+05
           Vnuc =  4.0838268881E+06
           Ven = -4.8052025062E+08
           Vrep =  4.8041150457E+08
           DelSqV =  2.4948551321E+09
           DelSqVen =  1.7762332836E+12
           DelSqVrep = -1.7737384612E+12
           DelSqG =  1.3400336438E+08
           DelSqK = -2.6288584965E+09
           Stress_EigVals = -3.6248954037E+04 -3.6248799834E+04 -3.6248292830E+04
           Stress_EigVec1 =  1.9647304007E-01  6.0078045739E-01  7.7489430669E-01
           Stress_EigVec2 = -1.4959506502E-01  7.9941245938E-01 -5.8185997999E-01
           Stress_EigVec3 =  9.6903026839E-01  1.6005650322E-03 -2.4693678775E-01
           -DivStress =  1.1438098473E+02  1.1348752168E+03  3.4979066058E+02
           ESP =  -1.4731748046E+01     ESP at Nucleus =  -1.4731748063E+01
           ESPe = -2.5856916152E+01     ESPe at Nucleus = -2.5856916264E+01
           ESPn =  1.1125168106E+01     ESPn at Nucleus =  1.1125168201E+01

CP# 8      Coords = -6.28054414100775E+00  1.50182095909631E+00 -3.21963458308075E+00
           Type = (3,-3) NACP H8
           Rho =  4.2895389328E-01     Rho at Nucleus =  4.2535503712E-01
           GradRho =  2.2077696876E-10 -2.1958932703E-10  9.0386555835E-10
           HessRho_EigVals = -6.5582146915E+00 -6.5505711336E+00 -5.9602305064E+00
           HessRho_EigVec1 = -1.1425916562E-01 -9.7129850679E-01 -2.0862419268E-01
           HessRho_EigVec2 =  9.6628994227E-01 -5.9888112083E-02 -2.5039401249E-01
           HessRho_EigVec3 =  2.3071322141E-01 -2.3020127004E-01  9.4539874378E-01
           DelSqRho = -1.9069016331E+01
           Bond Ellipticity = NA
           V = -4.7763037497E+00
           G =  4.5248333963E-03
           K =  4.7717789163E+00
           L =  4.7672540829E+00
           Vnuc =  4.0338637016E+01
           Ven = -1.7303415398E+01
           Vrep =  1.2527111648E+01
           DelSqV =  7.1881349719E+02
           DelSqVen =  7.6921812967E+02
           DelSqVrep = -5.0404632479E+01
           DelSqG =  7.0989357349E+01
           DelSqK = -7.8980285454E+02
           Stress_EigVals = -1.6426861509E+00 -1.6416010772E+00 -1.4920165216E+00
           Stress_EigVec1 = -1.8916332073E-02 -9.7280690980E-01 -2.3084386199E-01
           Stress_EigVec2 =  9.7280332061E-01  3.5403581547E-02 -2.2891108717E-01
           Stress_EigVec3 =  2.3085898682E-01 -2.2889583363E-01  9.4568008626E-01
           -DivStress = -1.8118353889E+00  1.7983835141E+00 -7.4171439588E+00
           ESP =  -1.1062734561E+00     ESP at Nucleus =  -1.1086875470E+00
           ESPe = -1.2301374194E+01     ESPe at Nucleus = -1.2220069543E+01
           ESPn =  1.1195100738E+01     ESPn at Nucleus =  1.1111381996E+01

CP# 9      Coords =  3.28112072172538E+00  9.96010941707001E-01  2.44563040796224E+00
           Type = (3,-3) NACP C9
           Rho =  1.1766101971E+02     Rho at Nucleus =  1.1766101943E+02
           GradRho =  8.9037026189E-10 -7.1307212045E-10 -1.3056999995E-09
           HessRho_EigVals = -1.4498337279E+05 -1.4498308008E+05 -1.4498192687E+05
           HessRho_EigVec1 =  4.3181201592E-01  8.8415651815E-01 -1.7834134215E-01
           HessRho_EigVec2 = -7.0563700660E-02  2.3023481656E-01  9.7057338383E-01
           HessRho_EigVec3 =  8.9919916985E-01 -4.0652082438E-01  1.6180751616E-01
           DelSqRho = -4.3494837973E+05
           Bond Ellipticity = NA
           V = -1.0874743894E+05
           G =  5.1720036083E+00
           K =  1.0874226694E+05
           L =  1.0873709493E+05
           Vnuc =  3.0077480420E+06
           Ven = -3.5389470167E+08
           Vrep =  3.5378595423E+08
           DelSqV =  2.4948913685E+09
           DelSqVen =  1.3082151322E+12
           DelSqVrep = -1.3057202408E+12
           DelSqG =  1.3401081919E+08
           DelSqK = -2.6289021877E+09
           Stress_EigVals = -3.6249454684E+04 -3.6249178051E+04 -3.6248806206E+04
           Stress_EigVec1 =  6.5756335241E-01 -1.7217435432E-01  7.3346194808E-01
           Stress_EigVec2 =  6.1739697140E-01 -4.3479309369E-01 -6.5557299013E-01
           Stress_EigVec3 =  4.3177704579E-01  8.8391795852E-01 -1.7960407938E-01
           -DivStress = -8.2239254254E+02  6.6529460839E+02  1.2333939552E+03
           ESP =  -1.4738069030E+01     ESP at Nucleus =  -1.4738069041E+01
           ESPe = -2.6653194766E+01     ESPe at Nucleus = -2.6653192227E+01
           ESPn =  1.1915125736E+01     ESPn at Nucleus =  1.1915123186E+01

CP# 10     Coords =  3.61206528792601E+00  1.23415290712948E+00  4.41188414995351E+00
           Type = (3,-3) NACP H10
           Rho =  4.1504969535E-01     Rho at Nucleus =  4.1127854350E-01
           GradRho =  9.6954779275E-16  2.6346112791E-17 -1.3748225648E-15
           HessRho_EigVals = -6.3450483500E+00 -6.3425822763E+00 -5.7379608607E+00
           HessRho_EigVec1 = -8.8461934592E-01  4.5760017095E-01  8.9725672866E-02
           HessRho_EigVec2 =  4.3741594932E-01  8.8097538821E-01 -1.8041522289E-01
           HessRho_EigVec3 =  1.6160414632E-01  1.2035135609E-01  9.7948948487E-01
           DelSqRho = -1.8425591487E+01
           Bond Ellipticity = NA
           V = -4.6158849302E+00
           G =  4.7435292214E-03
           K =  4.6111414010E+00
           L =  4.6063978718E+00
           Vnuc =  3.9409923819E+01
           Ven = -1.6357076875E+01
           Vrep =  1.1741191945E+01
           DelSqV =  6.9381256170E+02
           DelSqVen =  7.2615115682E+02
           DelSqVrep = -3.2338595117E+01
           DelSqG =  6.8515583918E+01
           DelSqK = -7.6232814562E+02
           Stress_EigVals = -1.5900677994E+00 -1.5893435262E+00 -1.4364736046E+00
           Stress_EigVec1 = -8.8909388306E-01  4.4771502788E-01  9.5201475392E-02
           Stress_EigVec2 =  4.2707763220E-01  8.8624873892E-01 -1.7935403211E-01
           Stress_EigVec3 =  1.6467168300E-01  1.1880415216E-01  9.7916740665E-01
           -DivStress =  1.3135839220E+00  9.3443762219E-01  7.7436374403E+00
           ESP =  -1.0760178416E+00     ESP at Nucleus =  -1.0786435833E+00
           ESPe = -1.2519550000E+01     ESPe at Nucleus = -1.2431761983E+01
           ESPn =  1.1443532158E+01     ESPn at Nucleus =  1.1353118400E+01

CP# 11     Coords =  1.81897957270830E+00  1.31319973431681E+00  5.00231474723894E-01
           Type = (3,-3) NACP C11
           Rho =  1.1767376494E+02     Rho at Nucleus =  1.1767376457E+02
           GradRho =  2.1050670434E-09 -1.2029831697E-09 -6.0338920352E-10
           HessRho_EigVals = -1.4499996504E+05 -1.4499954777E+05 -1.4499847584E+05
           HessRho_EigVec1 =  4.1729345045E-01  8.8979843688E-01 -1.8472930991E-01
           HessRho_EigVec2 =  9.0838059146E-01 -4.0244149882E-01  1.1351449728E-01
           HessRho_EigVec3 = -2.6662281888E-02  2.1517337604E-01  9.7621183202E-01
           DelSqRho = -4.3499798865E+05
           Bond Ellipticity = NA
           V = -1.0875983301E+05
           G =  5.1679210900E+00
           K =  1.0875466508E+05
           L =  1.0874949716E+05
           Vnuc =  2.6648672654E+06
           Ven = -3.1358496417E+08
           Vrep =  3.1347620434E+08
           DelSqV =  2.4951754605E+09
           DelSqVen =  1.1592118927E+12
           DelSqVrep = -1.1567167173E+12
           DelSqG =  1.3402687929E+08
           DelSqK = -2.6292023398E+09
           Stress_EigVals = -3.6253596903E+04 -3.6253311531E+04 -3.6252924571E+04
           Stress_EigVec1 =  5.6011214471E-01 -1.0065504283E-01  8.2227911788E-01
           Stress_EigVec2 =  7.1023276538E-01 -4.5259465136E-01 -5.3919152492E-01
           Stress_EigVec3 =  4.2643147672E-01  8.8601729323E-01 -1.8201525144E-01
           -DivStress = -1.5420970604E+03  8.9228248323E+02  4.3392834249E+02
           ESP =  -1.4739644727E+01     ESP at Nucleus =  -1.4739644741E+01
           ESPe = -2.7313475313E+01     ESPe at Nucleus = -2.7313472757E+01
           ESPn =  1.2573830585E+01     ESPn at Nucleus =  1.2573828016E+01

CP# 12     Coords =  8.98662811714684E-02  1.98333354940977E+00 -2.70409582274380E-01
           Type = (3,-3) NACP H12
           Rho =  4.1202813499E-01     Rho at Nucleus =  4.0815243795E-01
           GradRho =  1.4767446727E-10 -5.6954596042E-11  6.5656469953E-11
           HessRho_EigVals = -6.2924545961E+00 -6.2901430129E+00 -5.6773336422E+00
           HessRho_EigVec1 =  2.7376387807E-01 -3.2365782878E-01 -9.0570356571E-01
           HessRho_EigVec2 =  4.2534635013E-01  8.8532945101E-01 -1.8780906686E-01
           HessRho_EigVec3 =  8.6263191541E-01 -3.3382236749E-01  3.8003790004E-01
           DelSqRho = -1.8259931251E+01
           Bond Ellipticity = NA
           V = -4.5745298313E+00
           G =  4.7735092751E-03
           K =  4.5697563221E+00
           L =  4.5649828128E+00
           Vnuc =  4.0727169531E+01
           Ven = -1.6780739705E+01
           Vrep =  1.2206209874E+01
           DelSqV =  6.8697267789E+02
           DelSqVen =  7.4367531595E+02
           DelSqVrep = -5.6702638057E+01
           DelSqG =  6.7792872162E+01
           DelSqK = -7.5476555005E+02
           Stress_EigVals = -1.5768752955E+00 -1.5761368066E+00 -1.4215177293E+00
           Stress_EigVec1 =  2.8011455355E-01 -3.1797816981E-01 -9.0577354808E-01
           Stress_EigVec2 =  4.2337726302E-01  8.8774583428E-01 -1.8071808674E-01
           Stress_EigVec3 =  8.6156110059E-01 -3.3286215952E-01  3.8329525527E-01
           -DivStress = -6.8789118445E+00  2.6507318788E+00 -3.0704280754E+00
           ESP =  -1.0789486776E+00     ESP at Nucleus =  -1.0816464538E+00
           ESPe = -1.4350877873E+01     ESPe at Nucleus = -1.4285094001E+01
           ESPn =  1.3271929196E+01     ESPn at Nucleus =  1.3203447547E+01

CP# 13     Coords =  4.30033503055211E+00 -7.46053403930992E-03 -2.65692815253213E-02
           Type = (3,-3) NACP C13
           Rho =  1.1743963190E+02     Rho at Nucleus =  1.1743963082E+02
           GradRho =  3.5293863318E-11 -6.3647004334E-15  3.1618804797E-14
           HessRho_EigVals = -1.4469189693E+05 -1.4469115724E+05 -1.4469054475E+05
           HessRho_EigVec1 = -6.7665850404E-01  4.4653452040E-01  5.8544016860E-01
           HessRho_EigVec2 =  4.2868151994E-01  8.8537722882E-01 -1.7983135750E-01
           HessRho_EigVec3 =  5.9863630309E-01 -1.2928296396E-01  7.9051912807E-01
           DelSqRho = -4.3407359892E+05
           Bond Ellipticity = NA
           V = -1.0852852930E+05
           G =  5.0647869866E+00
           K =  1.0852346452E+05
           L =  1.0851839973E+05
           Vnuc =  1.5475580944E+06
           Ven = -1.8174465296E+08
           Vrep =  1.8163612443E+08
           DelSqV =  2.4898722563E+09
           DelSqVen =  6.7175411014E+11
           DelSqVrep = -6.6926423789E+11
           DelSqG =  1.3372184206E+08
           DelSqK = -2.6235940983E+09
           Stress_EigVals = -3.6176234343E+04 -3.6176229009E+04 -3.6176065953E+04
           Stress_EigVec1 =  6.1595338369E-01 -9.8221220116E-02  7.8163547836E-01
           Stress_EigVec2 =  4.0593987724E-01  8.8989924843E-01 -2.0806764214E-01
           Stress_EigVec3 =  6.7514016707E-01 -4.4545697835E-01 -5.8800836325E-01
           -DivStress =  2.1079787636E+03 -1.4239715218E+03 -1.8477441286E+03
           ESP =  -1.4715671155E+01     ESP at Nucleus =  -1.4715671219E+01
           ESPe = -2.7974256267E+01     ESPe at Nucleus = -2.7974253918E+01
           ESPn =  1.3258585112E+01     ESPn at Nucleus =  1.3258582699E+01

CP# 14     Coords = -5.01908329175746E+00  2.60447545008249E+00  2.27891007893698E+00
           Type = (3,-3) NACP H14
           Rho =  4.2436827430E-01     Rho at Nucleus =  4.2065957106E-01
           GradRho = -1.1102451313E-09  1.0463224238E-09 -5.9697551743E-09
           HessRho_EigVals = -6.4595613166E+00 -6.4532005016E+00 -5.8589882895E+00
           HessRho_EigVec1 = -1.1150658241E-01 -9.8221322075E-01 -1.5107438914E-01
           HessRho_EigVec2 =  9.7719431321E-01 -8.0727975752E-02 -1.9640333031E-01
           HessRho_EigVec3 =  1.8071401801E-01 -1.6952929808E-01  9.6881487436E-01
           DelSqRho = -1.8771750108E+01
           Bond Ellipticity = NA
           V = -4.7022579436E+00
           G =  4.6602083263E-03
           K =  4.6975977352E+00
           L =  4.6929375269E+00
           Vnuc =  4.0090871227E+01
           Ven = -1.7013293838E+01
           Vrep =  1.2311035894E+01
           DelSqV =  7.0670126700E+02
           DelSqVen =  7.5257582624E+02
           DelSqVrep = -4.5874559238E+01
           DelSqG =  6.9537953993E+01
           DelSqK = -7.7623922100E+02
           Stress_EigVals = -1.6181903020E+00 -1.6176397963E+00 -1.4664278453E+00
           Stress_EigVec1 = -2.8060977373E-02 -9.8578390949E-01 -1.6565827880E-01
           Stress_EigVec2 =  9.8331567537E-01  2.5752490123E-03 -1.8188911640E-01
           Stress_EigVec3 =  1.7972997558E-01 -1.6799836868E-01  9.6926450673E-01
           -DivStress =  1.4231870409E+00 -1.3406277530E+00  7.6584170600E+00
           ESP =  -1.1063614169E+00     ESP at Nucleus =  -1.1088288879E+00
           ESPe = -1.2716248316E+01     ESPe at Nucleus = -1.2650049563E+01
           ESPn =  1.1609886899E+01     ESPn at Nucleus =  1.1541220675E+01

CP# 15     Coords = -2.97587844818319E+00 -1.70027208536255E+00  2.16833994546091E+00
           Type = (3,-3) NACP H15
           Rho =  4.2403168671E-01     Rho at Nucleus =  4.2028541218E-01
           GradRho = -4.3091615345E-16  2.3227676293E-16  1.1382496508E-15
           HessRho_EigVals = -6.4553955182E+00 -6.4490648412E+00 -5.8516821574E+00
           HessRho_EigVec1 =  2.4316508607E-01 -8.2784979839E-01  5.0550514559E-01
           HessRho_EigVec2 = -7.1093353727E-01  2.0242935772E-01  6.7349525664E-01
           HessRho_EigVec3 =  6.5988199437E-01  5.2315109331E-01  5.3932243331E-01
           DelSqRho = -1.8756142517E+01
           Bond Ellipticity = NA
           V = -4.6983992190E+00
           G =  4.6817949132E-03
           K =  4.6937174241E+00
           L =  4.6890356292E+00
           Vnuc =  4.0927727437E+01
           Ven = -1.7354653298E+01
           Vrep =  1.2656254079E+01
           DelSqV =  7.0596120900E+02
           DelSqVen =  7.6764628870E+02
           DelSqVrep = -6.1685079701E+01
           DelSqG =  6.9481607937E+01
           DelSqK = -7.7544281694E+02
           Stress_EigVals = -1.6171501044E+00 -1.6165943262E+00 -1.4646547884E+00
           Stress_EigVec1 =  2.9746668157E-01 -8.4211537554E-01  4.4983915751E-01
           Stress_EigVec2 = -6.8893140908E-01  1.3686461348E-01  7.1178760256E-01
           Stress_EigVec3 =  6.6097434665E-01  5.2164142076E-01  5.3944706989E-01
           -DivStress =  5.2460276455E+00  4.1517650059E+00  4.2793983691E+00
