AIMSum (Version 19.02.13, Professional)
Copyright (c) 1997-2019 by Todd A. Keith
AIMSum is a component of the AIMAll package ( http://aim.tkgristmill.com )

TP:  64-bit Linux

Much of the Quantum Theory of Atoms in Molecules (QTAIM) is described in the book:
  "Atoms in Molecules - A Quantum Theory"
  R.F.W. Bader, Oxford University Press, Oxford, 1990

For additional references see:  http://aim.tkgristmill.com/references.html

Wfn File:  /home/mhennefarth/Documents/ML_Diels/summary-levandowski2016/35-opt/35-opt.wfn
Sum File:  /home/mhennefarth/Documents/ML_Diels/summary-levandowski2016/35-opt/35-opt.sum

SumViz File:  /home/mhennefarth/Documents/ML_Diels/summary-levandowski2016/35-opt/35-opt.sumviz

Wfn Title:   Title Card Required                                                           
 
Total memory allocated for AIMSum =        0.857 Megabytes

Atomic units (a.u.) used throughout, except where stated otherwise

Model:  Restricted SCF
 
Restricted, closed-shell, single-determinant wavefunction.
  Number of electrons (from MO Occs)                   =          84.0000000000
  Number of Alpha electrons (from MO Occs)             =          42.0000000000
  Number of Beta electrons (from MO Occs)              =          42.0000000000
  Number of electron pairs (N*(N-1)/2)                 =        3486.0000000000
  Number of electron pairs (from Muller 2EDM)          =        3486.0000000000
 
Nuclear Charges and Cartesian Coordinates:
-------------------------------------------------------------------------------
Atom      Charge                X                  Y                  Z
-------------------------------------------------------------------------------
C1         6.0           5.2846826000E+00   2.0177484100E+00  -2.1189952800E+00
H2         1.0           4.1570303600E+00   2.5597389500E+00  -3.7463927100E+00
C3         6.0           6.0751195600E+00  -3.6902629000E-01  -1.7944994900E+00
H4         1.0           5.4843809300E+00  -1.7924411000E+00  -3.1628006100E+00
C5         6.0           9.3958704700E+00   7.2035420000E-02   1.5396921600E+00
H6         1.0           1.0488794080E+01  -7.3857178000E-01   3.0760333300E+00
C7         6.0           7.6729880600E+00  -1.2914071600E+00   2.8385134000E-01
H8         1.0           7.4332217000E+00  -3.2766946600E+00   7.7956108000E-01
C9         6.0          -8.0758273000E-01  -4.4195380000E-02   1.2002347100E+00
H10        1.0           1.0680104300E+00   2.2672090000E-01   4.3134177000E-01
C11        6.0          -2.3314684000E+00  -4.9639050000E-01   3.0993155400E+00
H12        1.0          -2.6457545700E+00  -8.8018545000E-01   5.0790511200E+00
C13        6.0          -3.5023259100E+00  -1.2474733000E-01   6.4212450000E-01
Cl14      17.0          -4.8802008700E+00  -2.7454040400E+00  -1.0864736300E+00
Cl15      17.0          -5.2522287300E+00   2.7326039500E+00  -8.0891920000E-02
H16        1.0           9.7925492500E+00   2.0294024700E+00   1.0576579600E+00
H17        1.0           5.7493689500E+00   3.5055292600E+00  -7.7957849000E-01
 
Some Atomic Properties:
----------------------
  q(A) = Net Charge of Atom A
  L(A) = Lagrangian of Atom A = -(1/4) Times Atomic Integral of the Laplacian of the Electron Density
  K(A) = Electronic Kinetic Energy of Atom A (Hamiltonian Form)
  K_Scaled(A) = K(A) * E(Mol)/K(Mol) = Approximation to Virial-Based Total Energy of Atom A.
  |Mu_Intra(A)| = Magnitude of Intraatomic Dipole Moment of Atom A
--------------------------------------------------------------------------------------------------
Atom A          q(A)              L(A)              K(A)          K_Scaled(A)      |Mu_Intra(A)|
--------------------------------------------------------------------------------------------------
C1       -9.9426824200E-02 -2.7141269193E-06  3.7709995720E+01 -3.7886097251E+01  1.2037352652E-01
H2        5.1675469410E-02  2.1376715876E-05  5.9090711054E-01 -5.9366658175E-01  1.4579962950E-01
C3       -3.7871749500E-02  2.7031212269E-05  3.7705303036E+01 -3.7881382654E+01  7.8104258153E-02
H4        4.0245932710E-02  2.3946953965E-05  5.9958618658E-01 -6.0238618811E-01  1.4944333065E-01
C5       -8.2752505500E-02 -2.4291942656E-05  3.7704100079E+01 -3.7880174079E+01  1.1156925550E-01
H6        4.7403137330E-02  2.1750346668E-05  5.9296544137E-01 -5.9573452475E-01  1.4689369847E-01
C7       -3.1101459100E-02 -2.6218041719E-05  3.7701507794E+01 -3.7877569688E+01  8.0275606633E-02
H8        3.6387353170E-02  2.1459473406E-05  6.0114478779E-01 -6.0395206783E-01  1.5052167017E-01
C9       -6.4101391400E-02 -8.0552749623E-06  3.7760122495E+01 -3.7936458114E+01  3.2818947271E-01
H10       1.6794400613E-01  2.0226511505E-05  5.3461538985E-01 -5.3711198492E-01  1.3336645686E-01
C11      -6.4727759800E-02 -9.1542313288E-07  3.7759197612E+01 -3.7935528911E+01  2.8637768307E-01
H12       1.4415867723E-01  1.7925419635E-05  5.4669830141E-01 -5.4925132234E-01  1.3837474133E-01
C13       2.5412291530E-01 -4.7767945982E-04  3.7426364652E+01 -3.7601141658E+01  2.5766271905E-02
Cl14     -2.2656853600E-01  1.2767150525E-05  4.5892394210E+02 -4.6106706643E+02  2.0279487255E-01
Cl15     -2.2584461700E-01  1.2851222811E-05  4.5892387210E+02 -4.6106699610E+02  2.0254039875E-01
H16       4.4798162070E-02  2.1060559047E-05  5.9317481115E-01 -5.9594487227E-01  1.4752648233E-01
H17       4.5385008360E-02  2.1723555841E-05  5.9257327266E-01 -5.9534052466E-01  1.4737432061E-01
--------------------------------------------------------------------------------------------------
Total    -2.7418079000E-04 -3.1775514766E-04  1.1862660709E+03 -1.1918058030E+03
 
1st Largest |L(A)| = 4.7767945982E-04, atom C13     
2nd Largest |L(A)| = 2.7031212269E-05, atom C3      
 
Molecular charge q(Mol) from the wfn file:   0.0000000000E+00
Molecular energy E(Mol) from the wfn file:  -1.1918058768E+03
Molecular virial ratio (-V(Mol)/T(Mol)) from the wfn file:   2.0046698900E+00
Note.  K_Scaled(A) = (1+V(Mol)/T(Mol))*K(A) = (E(Mol)/T(Mol))*K(A)
       Only use K_Scaled(A) data with caution.
 
N_AIMInt(SumA)     =         84.000274
N_Analytic(Mol)    =         83.999991
 
G_AIMInt(SumA)     =       1186.266389
G_Analytic(Mol)    =       1186.266138
 
K_AIMInt(SumA)     =       1186.266071
K_Analytic(Mol)    =       1186.266138
 
L_AIMInt(SumA)     =         -0.000318
L_Analytic(Mol)    =          0.000000
 
VenT_AIMInt(SumA)  =      -3810.961847
VenT_Analytic(Mol) =      -3810.956506
 
Some Information About the Atomic Calculations:
----------------------------------------------
  Time(sec) = "Elapsed User Time", in Seconds, for Atom A by AIMInt and, if used, by TWOe
  NProc = Number of Processors Used for AIMInt Job
  BIM = Basin Integration Method
  OAQ = Angular Quadrature Outside of Beta Sphere
  ORQ = Multiple of Default for Radial Quadrature Outside of Beta Sphere
  IAQ = Multiple of Default for Angular Quadrature Inside of Beta Sphere
  IRQ = Multiple of Default for Radial Quadrature Inside of Beta Sphere
  MIR = Maximum Integration Radius
------------------------------------------------------------------------------------------------------
Atom A     Time(sec)   NProc      BIM          OAQ                     ORQ      IAQ      IRQ      MIR
------------------------------------------------------------------------------------------------------
C1             40        8     Proaim(5)    4500(GS4)                  1.00     1.00     1.00    13.00
H2              6        8     Proaim(5)    1800(GS4)                  1.00     1.00     1.00    13.00
C3             33        8     Proaim(5)    4500(GS4)                  1.00     1.00     1.00    13.00
H4              7        8     Proaim(5)    1800(GS4)                  1.00     1.00     1.00    13.00
C5             21        8     Proaim(5)    4500(GS4)                  1.00     1.00     1.00    13.00
H6              5        8     Proaim(5)    1800(GS4)                  1.00     1.00     1.00    13.00
C7             23        8     Proaim(5)    4500(GS4)                  1.00     1.00     1.00    13.00
H8              7        8     Proaim(5)    1800(GS4)                  1.00     1.00     1.00    13.00
C9             22        8     Proaim(5)    4500(GS4)                  1.00     1.00     1.00    13.00
H10            17        8     Proaim(5)    4500(GS4)                  1.00     1.00     1.00    13.00
C11            16        8     Proaim(5)    4500(GS4)                  1.00     1.00     1.00    13.00
H12             5        8     Proaim(5)    1800(GS4)                  1.00     1.00     1.00    13.00
C13            28        8     Proaim(5)    5400(GS5)                  1.00     1.00     1.00    13.00
Cl14           12        8     Proaim(5)    3150(GS4)                  1.00     1.00     1.00    13.00
Cl15           13        8     Proaim(5)    3150(GS4)                  1.00     1.00     1.00    13.00
H16             7        8     Proaim(5)    1800(GS4)                  1.00     1.00     1.00    13.00
H17             8        8     Proaim(5)    1800(GS4)                  1.00     1.00     1.00    13.00
------------------------------------------------------------------------------------------------------
Total         270
Note:  Total wall clock time is less than total of atomic times if more than one atom
       was calculated at a time
 
Electron Density Critical Point Analysis of Molecular Structure:               
---------------------------------------------------------------                
  NACP = Nuclear Attractor Critical Point                                      
  NNACP = Non-Nuclear Attractor Critical Point                                 
  BCP = Bond Critical Point                                                    
  RCP = Ring Critical Point                                                    
  CCP = Cage Critical Point                                                    
  Rho = Electron Density                                                       
  GradRho = Gradient of Electron Density                                       
  HessRho_EigVals = Eigenvalues of the Hessian of Rho, Ascending Order         
  HessRho_EigVecs = Eigenvectors of the Hessian of Rho                         
  DelSqRho = Laplacian of Rho = Trace of Hessian of Rho                        
  Bond Ellipticity = (HessRho_EigVal(1) / HessRho_EigVal(2)) - 1               
  V = Virial Field = Potential Energy Density = Trace of Stress Tensor         
  G = Lagrangian Form of Kinetic Energy Density                                
  K = Hamiltonian Form of Kinetic Energy Density                               
  L = K - G = Lagrangian Density = (-1/4)DelSqRho                              
  Vnuc = Electrostatic Potential from Nuclei                                   
  Ven = Electron-nuclear attractive contribution to Virial Field V             
  Vrep = V - Ven = Repulsive contribution to Virial Field V                    
  DelSqV = Laplacian of V                                                      
  DelSqVen = Laplacian of Ven                                                  
  DelSqVrep = Laplacian of Vrep                                                
  DelSqG = Laplacian of G                                                      
  DelSqK = Laplacian of K                                                      
  Stress_EigVals = Eigenvalues of Stress Tensor, Ascending Order               
  Stress_EigVecs = Eigenvectors of Stress Tensor                               
  -DivStress = Ehrenfest Force Density = Minus Divergence of Stress Tensor     
  ESP = Total Electrostatic Potential                                          
  ESPe = Electrostatic Potential from Electrons                                
  ESPn = Electrostatic Potential from Nuclei                                   
  BP = Bond Path                                                               
  BPL = Bond Path Length                                                       
  GBL = Geometric Bond Length                                                  
  GBL_I = Distance Between Nuclear Attractors                                  
  GBL_II = Distance Between Nuclei                                             
  GBL_III = Sum of Distances Between BCP and Nuclear Attractors                
  GBL_IV = Sum of Distances Between BCP and Nuclei                             

CP# 1      Coords =  5.28468226169400E+00  2.01774907308067E+00 -2.11899534092523E+00
           Type = (3,-3) NACP C1
           Rho =  1.1769102107E+02     Rho at Nucleus =  1.1769102103E+02
           GradRho =  7.2202244183E-12  1.0245970739E-10 -2.6686874932E-11
           HessRho_EigVals = -1.4502647523E+05 -1.4502549615E+05 -1.4502535715E+05
           HessRho_EigVec1 =  8.3307730818E-01  2.6454310873E-01 -4.8579742921E-01
           HessRho_EigVec2 =  4.0612278697E-01  3.0375467502E-01  8.6185693668E-01
           HessRho_EigVec3 = -3.7556155354E-01  9.1528686270E-01 -1.4561414241E-01
           DelSqRho = -4.3507732853E+05
           Bond Ellipticity = NA
           V = -1.0877958197E+05
           G =  5.1249171776E+00
           K =  1.0877445705E+05
           L =  1.0876933213E+05
           Vnuc =  8.0333655515E+06
           Ven = -9.4545499440E+08
           Vrep =  9.4534621482E+08
           DelSqV =  2.4956336837E+09
           DelSqVen =  3.4951352812E+12
           DelSqVrep = -3.4926396475E+12
           DelSqG =  1.3405641029E+08
           DelSqK = -2.6296900940E+09
           Stress_EigVals = -3.6260102912E+04 -3.6260006981E+04 -3.6259472074E+04
           Stress_EigVec1 = -3.6315957273E-01  9.1453826088E-01 -1.7814290366E-01
           Stress_EigVec2 =  4.1834790428E-01  3.3089132215E-01  8.4586994503E-01
           Stress_EigVec3 =  8.3252636938E-01  2.3266005741E-01 -5.0276151600E-01
           -DivStress =  2.7549124109E+02 -5.3976082031E+02  5.0117641507E+01
           ESP =  -1.4732070780E+01     ESP at Nucleus =  -1.4732070789E+01
           ESPe = -2.6544878369E+01     ESPe at Nucleus = -2.6544879146E+01
           ESPn =  1.1812807588E+01     ESPn at Nucleus =  1.1812808357E+01

CP# 2      Coords =  4.17636849431782E+00  2.55044204799727E+00 -3.71838646260537E+00
           Type = (3,-3) NACP H2
           Rho =  4.2426302733E-01     Rho at Nucleus =  4.2052099372E-01
           GradRho =  2.2950391587E-15 -1.5789778339E-15  4.1804667367E-15
           HessRho_EigVals = -6.4569988104E+00 -6.4507579406E+00 -5.8533086881E+00
           HessRho_EigVec1 =  5.8145792900E-03  9.5000160711E-01  3.1219086656E-01
           HessRho_EigVec2 =  8.3616118598E-01  1.6660880426E-01 -5.2256672053E-01
           HessRho_EigVec3 =  5.4845297130E-01 -2.6408039086E-01  7.9338571038E-01
           DelSqRho = -1.8761065439E+01
           Bond Ellipticity = NA
           V = -4.6994752924E+00
           G =  4.6044662951E-03
           K =  4.6948708261E+00
           L =  4.6902663598E+00
           Vnuc =  4.0952259758E+01
           Ven = -1.7374529701E+01
           Vrep =  1.2675054409E+01
           DelSqV =  7.0613428815E+02
           DelSqVen =  7.6830802521E+02
           DelSqVrep = -6.2173737058E+01
           DelSqG =  6.9475440072E+01
           DelSqK = -7.7560972822E+02
           Stress_EigVals = -1.6175511903E+00 -1.6170345368E+00 -1.4648895653E+00
           Stress_EigVec1 = -8.3284360619E-02  9.2619974659E-01  3.6771965502E-01
           Stress_EigVec2 =  8.3190633726E-01  2.6777115318E-01 -4.8603544680E-01
           Stress_EigVec3 =  5.4863062374E-01 -2.6542915992E-01  7.9281258804E-01
           -DivStress = -4.3507012276E+00  2.0928453853E+00 -6.3005818725E+00
           ESP =  -1.0949063546E+00     ESP at Nucleus =  -1.0974100920E+00
           ESPe = -1.3703261396E+01     ESPe at Nucleus = -1.3630773747E+01
           ESPn =  1.2608355041E+01     ESPn at Nucleus =  1.2533363655E+01

CP# 3      Coords =  6.07511999771495E+00 -3.69027366027104E-01 -1.79449862004340E+00
           Type = (3,-3) NACP C3
           Rho =  1.1767346000E+02     Rho at Nucleus =  1.1767345984E+02
           GradRho =  2.6147748116E-10 -5.1098857285E-10  4.0647501424E-10
           HessRho_EigVals = -1.4499578163E+05 -1.4499474975E+05 -1.4499444120E+05
           HessRho_EigVec1 =  7.9746363448E-01  1.7099641342E-01 -5.7862939631E-01
           HessRho_EigVec2 =  5.9139049103E-01 -3.1391564381E-02  8.0577407305E-01
           HessRho_EigVec3 = -1.1962039457E-01  9.8477144368E-01  1.2615928392E-01
           DelSqRho = -4.3498497258E+05
           Bond Ellipticity = NA
           V = -1.0875645005E+05
           G =  5.1034528325E+00
           K =  1.0875134660E+05
           L =  1.0874624314E+05
           Vnuc =  4.1342552559E+06
           Ven = -4.8649212047E+08
           Vrep =  4.8638336402E+08
           DelSqV =  2.4950954889E+09
           DelSqVen =  1.7983389307E+12
           DelSqVrep = -1.7958437983E+12
           DelSqG =  1.3401855807E+08
           DelSqK = -2.6291140470E+09
           Stress_EigVals = -3.6252424333E+04 -3.6252271615E+04 -3.6251754102E+04
           Stress_EigVec1 = -1.8460362726E-01  9.8131296787E-01  5.4280382138E-02
           Stress_EigVec2 =  5.6453237906E-01  6.0665948089E-02  8.2317849567E-01
           Stress_EigVec3 =  8.0450276183E-01  1.8260476945E-01 -5.6518209843E-01
           -DivStress = -3.5807327538E+02  8.7116024433E+02 -7.0839718564E+02
           ESP =  -1.4720817616E+01     ESP at Nucleus =  -1.4720817632E+01
           ESPe = -2.7324046175E+01     ESPe at Nucleus = -2.7324046294E+01
           ESPn =  1.2603228559E+01     ESPn at Nucleus =  1.2603228662E+01

CP# 4      Coords =  5.49430608798902E+00 -1.76870528803450E+00 -3.13977129567189E+00
           Type = (3,-3) NACP H4
           Rho =  4.2824753410E-01     Rho at Nucleus =  4.2461227415E-01
           GradRho =  2.2074356232E-15 -2.0334211745E-16 -1.3053794157E-16
           HessRho_EigVals = -6.5442704562E+00 -6.5366199815E+00 -5.9434738273E+00
           HessRho_EigVec1 =  4.7943895953E-01 -7.0664867521E-01  5.2037095798E-01
           HessRho_EigVec2 = -8.2901554398E-01 -1.7018360389E-01  5.3270138803E-01
           HessRho_EigVec3 =  2.8787412515E-01  6.8679341202E-01  6.6741538586E-01
           DelSqRho = -1.9024364265E+01
           Bond Ellipticity = NA
           V = -4.7650854651E+00
           G =  4.4971994324E-03
           K =  4.7605882657E+00
           L =  4.7560910663E+00
           Vnuc =  4.1963967028E+01
           Ven = -1.7970965401E+01
           Vrep =  1.3205879936E+01
           DelSqV =  7.1690763476E+02
           DelSqVen =  7.9833779476E+02
           DelSqVrep = -8.1430159991E+01
           DelSqG =  7.0775781676E+01
           DelSqK = -7.8768341644E+02
           Stress_EigVals = -1.6391970727E+00 -1.6380769445E+00 -1.4878114479E+00
           Stress_EigVec1 =  5.4760408204E-01 -6.8901116215E-01  4.7475613505E-01
           Stress_EigVec2 = -7.8586844859E-01 -2.2869406575E-01  5.7455183039E-01
           Stress_EigVec3 =  2.8729871360E-01  6.8772279498E-01  6.6670593700E-01
           -DivStress = -2.2634131155E+00 -5.4137030277E+00 -5.2519058325E+00
           ESP =  -1.0960312565E+00     ESP at Nucleus =  -1.0984684921E+00
           ESPe = -1.4098774576E+01     ESPe at Nucleus = -1.4021082238E+01
           ESPn =  1.3002743320E+01     ESPn at Nucleus =  1.2922613746E+01

CP# 5      Coords =  9.39587095463130E+00  7.20358574872163E-02  1.53969270292383E+00
           Type = (3,-3) NACP C5
           Rho =  1.1767963648E+02     Rho at Nucleus =  1.1767963643E+02
           GradRho =  5.3744897421E-11  7.1419689607E-11  9.9454861013E-11
           HessRho_EigVals = -1.4500767191E+05 -1.4500665154E+05 -1.4500649977E+05
           HessRho_EigVec1 =  6.8437480787E-01 -3.4426316251E-01 -6.4273944744E-01
           HessRho_EigVec2 =  1.5886886177E-01 -7.8992906602E-01  5.9226071575E-01
           HessRho_EigVec3 =  7.1161211844E-01  5.0743959798E-01  4.8591485601E-01
           DelSqRho = -4.3502082323E+05
           Bond Ellipticity = NA
           V = -1.0876543798E+05
           G =  5.1160857873E+00
           K =  1.0876032189E+05
           L =  1.0875520581E+05
           Vnuc =  7.0660314890E+06
           Ven = -8.3152801697E+08
           Vrep =  8.3141925154E+08
           DelSqV =  2.4953054613E+09
           DelSqVen =  3.0738710200E+12
           DelSqVrep = -3.0713757146E+12
           DelSqG =  1.3403434412E+08
           DelSqK = -2.6293398054E+09
           Stress_EigVals = -3.6255395059E+04 -3.6255295336E+04 -3.6254747583E+04
           Stress_EigVec1 =  7.0606911025E-01  4.8632103563E-01  5.1474096578E-01
           Stress_EigVec2 =  1.5144618271E-01 -8.1377275157E-01  5.6110423501E-01
           Stress_EigVec3 =  6.9175896473E-01 -3.1822281362E-01 -6.4823126706E-01
           -DivStress = -3.9579487471E+02 -3.5508136818E+02 -4.4118372681E+02
           ESP =  -1.4733844773E+01     ESP at Nucleus =  -1.4733844783E+01
           ESPe = -2.5135476158E+01     ESPe at Nucleus = -2.5135477288E+01
           ESPn =  1.0401631385E+01     ESPn at Nucleus =  1.0401632505E+01

CP# 6      Coords =  1.04701033112453E+01 -7.24643082417179E-01  3.04972057552386E+00
           Type = (3,-3) NACP H6
           Rho =  4.2521384016E-01     Rho at Nucleus =  4.2148803807E-01
           GradRho = -5.0733072257E-15  6.3442090123E-16 -1.3248950548E-16
           HessRho_EigVals = -6.4750191332E+00 -6.4688765626E+00 -5.8716830186E+00
           HessRho_EigVec1 =  4.5974516105E-01  8.7746929098E-01  1.3668222373E-01
           HessRho_EigVec2 =  7.1082132662E-01 -2.7134879612E-01 -6.4892439657E-01
           HessRho_EigVec3 =  5.3232267329E-01 -3.9549649081E-01  7.4847518146E-01
           DelSqRho = -1.8815578714E+01
           Bond Ellipticity = NA
           V = -4.7130996117E+00
           G =  4.6024665344E-03
           K =  4.7084971451E+00
           L =  4.7038946786E+00
           Vnuc =  3.9173529391E+01
           Ven = -1.6657126865E+01
           Vrep =  1.1944027253E+01
           DelSqV =  7.0833044822E+02
           DelSqVen =  7.3707262578E+02
           DelSqVrep = -2.8742177554E+01
           DelSqG =  6.9721200575E+01
           DelSqK = -7.7805164880E+02
           Stress_EigVals = -1.6220615801E+00 -1.6215534920E+00 -1.4694845395E+00
           Stress_EigVec1 =  5.2678387862E-01  8.4703778630E-01  7.0892410050E-02
           Stress_EigVec2 =  6.6205523621E-01 -3.5656962523E-01 -6.5919721372E-01
           Stress_EigVec3 =  5.3308686856E-01 -3.9418915630E-01  7.4862093186E-01
           -DivStress =  4.2179125489E+00 -3.1416938632E+00  5.9374950486E+00
           ESP =  -1.0974781372E+00     ESP at Nucleus =  -1.0999710949E+00
           ESPe = -1.1823715674E+01     ESPe at Nucleus = -1.1745462540E+01
           ESPn =  1.0726237537E+01     ESPn at Nucleus =  1.0645491446E+01

CP# 7      Coords =  7.67298695106379E+00 -1.29140736972968E+00  2.83850139007913E-01
           Type = (3,-3) NACP C7
           Rho =  1.1765572401E+02     Rho at Nucleus =  1.1765572381E+02
           GradRho = -6.9667297799E-10 -1.2392583617E-10 -7.2873806989E-10
           HessRho_EigVals = -1.4497064773E+05 -1.4496976762E+05 -1.4496941825E+05
           HessRho_EigVec1 =  6.7906987694E-01 -2.2829081295E-01 -6.9767285095E-01
           HessRho_EigVec2 =  4.6673811196E-01 -5.9928906664E-01  6.5039076673E-01
           HessRho_EigVec3 =  5.6658594854E-01  7.6729128715E-01  3.0040712972E-01
           DelSqRho = -4.3490983359E+05
           Bond Ellipticity = NA
           V = -1.0873767899E+05
           G =  5.1102974806E+00
           K =  1.0873256870E+05
           L =  1.0872745840E+05
           Vnuc =  3.6406519375E+06
           Ven = -4.2834353956E+08
           Vrep =  4.2823480188E+08
           DelSqV =  2.4946630392E+09
           DelSqVen =  1.5833554289E+12
           DelSqVrep = -1.5808607658E+12
           DelSqG =  1.3399237273E+08
           DelSqK = -2.6286554119E+09
           Stress_EigVals = -3.6246162933E+04 -3.6245997864E+04 -3.6245518195E+04
           Stress_EigVec1 =  6.0458994699E-01  7.1351474098E-01  3.5407302976E-01
           Stress_EigVec2 =  4.0113657379E-01 -6.5677039904E-01  6.3854685976E-01
           Stress_EigVec3 =  6.8815728229E-01 -2.4402737006E-01 -6.8329363929E-01
           -DivStress =  8.9932846112E+02  1.6679831687E+02  9.7679972301E+02
           ESP =  -1.4724051660E+01     ESP at Nucleus =  -1.4724051680E+01
           ESPe = -2.6722854785E+01     ESPe at Nucleus = -2.6722854361E+01
           ESPn =  1.1998803124E+01     ESPn at Nucleus =  1.1998802681E+01

CP# 8      Coords =  7.43709082841962E+00 -3.24355087226681E+00  7.71145866203965E-01
           Type = (3,-3) NACP H8
           Rho =  4.2871407971E-01     Rho at Nucleus =  4.2509760178E-01
           GradRho =  2.6515777378E-10  2.2748874892E-09 -5.7817513017E-10
           HessRho_EigVals = -6.5528290602E+00 -6.5450297437E+00 -5.9535141719E+00
           HessRho_EigVec1 =  6.7555924936E-01  1.0683602077E-01  7.2952434180E-01
           HessRho_EigVec2 = -7.2869695105E-01  2.4750457537E-01  6.3854697454E-01
           HessRho_EigVec3 =  1.1234079460E-01  9.6297847839E-01 -2.4505508775E-01
           DelSqRho = -1.9051372976E+01
           Bond Ellipticity = NA
           V = -4.7719177942E+00
           G =  4.5372751503E-03
           K =  4.7673805191E+00
           L =  4.7628432439E+00
           Vnuc =  4.1411083748E+01
           Ven = -1.7753514659E+01
           Vrep =  1.2981596864E+01
           DelSqV =  7.1804516306E+02
           DelSqVen =  7.8893800579E+02
           DelSqVrep = -7.0892842730E+01
           DelSqG =  7.0899043027E+01
           DelSqK = -7.8894420609E+02
           Stress_EigVals = -1.6413179010E+00 -1.6402922721E+00 -1.4903076212E+00
           Stress_EigVec1 =  7.4263579627E-01  8.1199807106E-02  6.6475459037E-01
           Stress_EigVec2 = -6.6005456667E-01  2.5657039882E-01  7.0604504068E-01
           Stress_EigVec3 =  1.1322562926E-01  9.6310862408E-01 -2.4413466592E-01
           -DivStress = -8.8414073839E-01 -7.5699400110E+00  1.9217614188E+00
           ESP =  -1.0982397952E+00     ESP at Nucleus =  -1.1006662190E+00
           ESPe = -1.3451053806E+01     ESPe at Nucleus = -1.3373271062E+01
           ESPn =  1.2352814011E+01     ESPn at Nucleus =  1.2272604843E+01

CP# 9      Coords = -8.07586107230465E-01 -4.41955678278545E-02  1.20023448943643E+00
           Type = (3,-3) NACP C9
           Rho =  1.1769251780E+02     Rho at Nucleus =  1.1769251697E+02
           GradRho = -8.5452771525E-09 -4.7438657429E-10 -5.7956547634E-10
           HessRho_EigVals = -1.4501784134E+05 -1.4501709348E+05 -1.4501618969E+05
           HessRho_EigVec1 = -6.6421882653E-02  9.8151362694E-01  1.7949689035E-01
           HessRho_EigVec2 =  9.9734439770E-01  7.0694527863E-02 -1.7505316625E-02
           HessRho_EigVec3 =  2.9871154727E-02 -1.7785748191E-01  9.8360278072E-01
           DelSqRho = -4.3505112451E+05
           Bond Ellipticity = NA
           V = -1.0877311577E+05
           G =  5.1673211637E+00
           K =  1.0876794845E+05
           L =  1.0876278113E+05
           Vnuc =  1.7701182487E+06
           Ven = -2.0832967349E+08
           Vrep =  2.0822090038E+08
           DelSqV =  2.4954729364E+09
           DelSqVen =  7.7009192960E+11
           DelSqVrep = -7.6759645666E+11
           DelSqG =  1.3403780529E+08
           DelSqK = -2.6295107416E+09
           Stress_EigVals = -3.6258054711E+04 -3.6257751902E+04 -3.6257309157E+04
           Stress_EigVec1 = -6.4467732584E-01 -1.8012396260E-01  7.4293102214E-01
           Stress_EigVec2 =  7.6151054303E-01 -6.6103578956E-02  6.4477283573E-01
           Stress_EigVec3 = -6.7028638665E-02  9.8142023361E-01  1.7978177508E-01
           -DivStress =  2.7485289266E+03  1.5262375533E+02  1.8025365645E+02
           ESP =  -1.4684405338E+01     ESP at Nucleus =  -1.4684405370E+01
           ESPe = -2.9900507065E+01     ESPe at Nucleus = -2.9900501323E+01
           ESPn =  1.5216101727E+01     ESPn at Nucleus =  1.5216095952E+01

CP# 10     Coords =  1.03313147294691E+00  2.21671657775170E-01  4.45675420586225E-01
           Type = (3,-3) NACP H10
           Rho =  4.0514624441E-01     Rho at Nucleus =  4.0101033007E-01
           GradRho = -2.6736425573E-16 -3.6591823321E-17  1.3986208025E-16
           HessRho_EigVals = -6.1766509215E+00 -6.1745665852E+00 -5.5374818589E+00
           HessRho_EigVec1 =  3.9104153160E-01 -1.4066031086E-01  9.0956099164E-01
           HessRho_EigVec2 = -6.7782260931E-02  9.8116753600E-01  1.8087518183E-01
           HessRho_EigVec3 =  9.1787367631E-01  1.3238180860E-01 -3.7414298214E-01
           DelSqRho = -1.7888699366E+01
           Bond Ellipticity = NA
           V = -4.4811584443E+00
           G =  4.4918014682E-03
           K =  4.4766666429E+00
           L =  4.4721748414E+00
           Vnuc =  4.1814962151E+01
           Ven = -1.6941174876E+01
           Vrep =  1.2460016431E+01
           DelSqV =  6.7156085137E+02
           DelSqVen =  7.4801528691E+02
           DelSqVrep = -7.6454435535E+01
           DelSqG =  6.6174810655E+01
           DelSqK = -7.3773566203E+02
           Stress_EigVals = -1.5475358270E+00 -1.5468170696E+00 -1.3868055478E+00
           Stress_EigVec1 = -3.9306531261E-01  1.4312061465E-01 -9.0830399629E-01
           Stress_EigVec2 = -6.6610307629E-02  9.8078524019E-01  1.8336678963E-01
           Stress_EigVec3 =  9.1709472081E-01  1.3257753310E-01 -3.7597934887E-01
           -DivStress =  7.4951000035E+00  1.0851852258E+00 -3.0812489372E+00
           ESP =  -1.0324896505E+00     ESP at Nucleus =  -1.0354049559E+00
           ESPe = -1.6563406365E+01     ESPe at Nucleus = -1.6492775551E+01
           ESPn =  1.5530916715E+01     ESPn at Nucleus =  1.5457370595E+01

CP# 11     Coords = -2.33146952474583E+00 -4.96390092922616E-01  3.09931289936248E+00
           Type = (3,-3) NACP C11
           Rho =  1.1767363892E+02     Rho at Nucleus =  1.1767363831E+02
           GradRho = -2.0924929206E-09  7.5110050056E-10 -4.8477003292E-09
           HessRho_EigVals = -1.4499324140E+05 -1.4499269181E+05 -1.4499166498E+05
           HessRho_EigVec1 = -6.7928950639E-02  9.8134299260E-01  1.7986547344E-01
           HessRho_EigVec2 =  1.6827647185E-01 -1.6642946171E-01  9.7158852571E-01
           HessRho_EigVec3 =  9.8339650533E-01  9.6266116282E-02 -1.5383155778E-01
           DelSqRho = -4.3497759819E+05
           Bond Ellipticity = NA
           V = -1.0875475865E+05
           G =  5.1795501195E+00
           K =  1.0874957910E+05
           L =  1.0874439955E+05
           Vnuc =  2.0697515013E+06
           Ven = -2.4355519082E+08
           Vrep =  2.4344643607E+08
           DelSqV =  2.4950520593E+09
           DelSqVen =  9.0029554893E+11
           DelSqVrep = -8.9780049687E+11
           DelSqG =  1.3401396337E+08
           DelSqK = -2.6290660227E+09
           Stress_EigVals = -3.6251914883E+04 -3.6251633611E+04 -3.6251210153E+04
           Stress_EigVec1 = -6.2559944074E-01 -1.8206119612E-01  7.5860336185E-01
           Stress_EigVec2 =  7.7721337946E-01 -6.1235320063E-02  6.2625042783E-01
           Stress_EigVec3 = -6.7562582299E-02  9.8137859995E-01  1.7980917949E-01
           -DivStress =  9.1587575929E+02 -3.3135532187E+02  2.1491524500E+03
           ESP =  -1.4681976123E+01     ESP at Nucleus =  -1.4681976145E+01
           ESPe = -2.9194184056E+01     ESPe at Nucleus = -2.9194178110E+01
           ESPn =  1.4512207933E+01     ESPn at Nucleus =  1.4512201965E+01

CP# 12     Coords = -2.64000370008239E+00 -8.73185785028025E-01  5.04294350659459E+00
           Type = (3,-3) NACP H12
           Rho =  4.1119756881E-01     Rho at Nucleus =  4.0716352391E-01
           GradRho =  9.9536535698E-16  3.7901675071E-16  1.2214892726E-15
           HessRho_EigVals = -6.2814110811E+00 -6.2791912383E+00 -5.6493259686E+00
           HessRho_EigVec1 =  9.8625059484E-01  3.6684244103E-02  1.6113357938E-01
           HessRho_EigVec2 =  6.5879170291E-02 -9.8149927867E-01 -1.7977513981E-01
           HessRho_EigVec3 = -1.5155757682E-01 -1.8791868509E-01  9.7042097499E-01
           DelSqRho = -1.8209928288E+01
           Bond Ellipticity = NA
           V = -4.5609497653E+00
           G =  4.2338466467E-03
           K =  4.5567159187E+00
           L =  4.5524820720E+00
           Vnuc =  4.0324621133E+01
           Ven = -1.6581386173E+01
           Vrep =  1.2020436408E+01
           DelSqV =  6.8435289720E+02
           DelSqVen =  7.3430845908E+02
           DelSqVrep = -4.9955561884E+01
           DelSqG =  6.7543641728E+01
           DelSqK = -7.5189653892E+02
           Stress_EigVals = -1.5738103249E+00 -1.5730955190E+00 -1.4140439214E+00
           Stress_EigVec1 =  9.8580960510E-01  3.7615510083E-02  1.6359858156E-01
           Stress_EigVec2 =  6.7246949368E-02 -9.8144667126E-01 -1.7955578320E-01
           Stress_EigVec3 = -1.5380920093E-01 -1.8800932126E-01  9.7004908372E-01
           -DivStress = -1.2584961535E+00 -1.5306911994E+00  7.8956537846E+00
           ESP =  -1.0287302557E+00     ESP at Nucleus =  -1.0315513484E+00
           ESPe = -1.4490914820E+01     ESPe at Nucleus = -1.4390388275E+01
           ESPn =  1.3462184565E+01     ESPn at Nucleus =  1.3358836927E+01

CP# 13     Coords = -3.50232716312983E+00 -1.24747251440714E-01  6.42123578842700E-01
           Type = (3,-3) NACP C13
           Rho =  1.1744119510E+02     Rho at Nucleus =  1.1744119493E+02
           GradRho = -7.1621451580E-10  4.6685886971E-11 -5.3961058130E-10
           HessRho_EigVals = -1.4468780525E+05 -1.4468715874E+05 -1.4468442903E+05
           HessRho_EigVec1 = -6.5594225427E-02  9.8127972326E-01  1.8107319601E-01
           HessRho_EigVec2 =  7.8416627527E-01 -6.1526464828E-02  6.1749311482E-01
           HessRho_EigVec3 = -6.1707426645E-01 -1.8249547624E-01  7.6545068478E-01
           DelSqRho = -4.3405939302E+05
           Bond Ellipticity = NA
           V = -1.0852468421E+05
           G =  4.9179758286E+00
           K =  1.0851976623E+05
           L =  1.0851484826E+05
           Vnuc =  3.8529561427E+06
           Ven = -4.5249577408E+08
           Vrep =  4.5238724939E+08
           DelSqV =  2.4897801545E+09
           DelSqVen =  1.6724118303E+12
           DelSqVrep = -1.6699220501E+12
           DelSqG =  1.3371088080E+08
           DelSqK = -2.6234910353E+09
           Stress_EigVals = -3.6175309815E+04 -3.6174823812E+04 -3.6174550580E+04
           Stress_EigVec1 = -6.1729092402E-01 -1.8248737027E-01  7.6527790691E-01
           Stress_EigVec2 =  7.8398054238E-01 -6.1357106382E-02  6.1774575244E-01
           Stress_EigVec3 = -6.5775559912E-02  9.8129183487E-01  1.8094173242E-01
           -DivStress =  1.0059051878E+03 -6.2946267774E+01  7.3893517788E+02
           ESP =  -1.4595481980E+01     ESP at Nucleus =  -1.4595482003E+01
           ESPe = -3.2093707917E+01     ESPe at Nucleus = -3.2093707915E+01
           ESPn =  1.7498225937E+01     ESPn at Nucleus =  1.7498225912E+01

CP# 14     Coords = -4.88020057791340E+00 -2.74540350319942E+00 -1.08647326892566E+00
           Type = (3,-3) NACP Cl14
           Rho =  3.0207945536E+03     Rho at Nucleus =  3.0207945460E+03
           GradRho = -4.2339956359E-09 -3.3336304290E-10  2.4427456499E-10
           HessRho_EigVals = -3.0378180009E+07 -3.0377746086E+07 -3.0377735001E+07
           HessRho_EigVec1 =  3.7947243468E-01  7.8405615827E-01  4.9117879839E-01
           HessRho_EigVec2 = -6.1956011796E-01 -1.7893301591E-01  7.6428282464E-01
           HessRho_EigVec3 =  6.8712875907E-01 -5.9433905853E-01  4.1786977872E-01
           DelSqRho = -9.1133661095E+07
           Bond Ellipticity = NA
           V = -2.2810625119E+07
           G =  1.3604922849E+04
           K =  2.2797020197E+07
           L =  2.2783415274E+07
           Vnuc =  2.3949750943E+07
           Ven = -7.2347277209E+10
           Vrep =  7.2324466584E+10
           DelSqV =  4.3103274973E+12
           DelSqVen =  2.1826284217E+15
           DelSqVrep = -2.1783180942E+15
           DelSqG =  2.2936059159E+11
           DelSqK = -4.5396880889E+12
           Stress_EigVals = -7.6035798530E+06 -7.6035770832E+06 -7.6034681833E+06
           Stress_EigVec1 =  6.8708687908E-01 -5.9442957946E-01  4.1780987980E-01
           Stress_EigVec2 = -6.1955667018E-01 -1.7893321464E-01  7.6428557302E-01
           Stress_EigVec3 =  3.7955388686E-01  7.8398748699E-01  4.9122547492E-01
           -DivStress = -4.0523078513E+05 -7.4423785854E+05 -5.0081074911E+05
           ESP =  -6.4387577215E+01     ESP at Nucleus =  -6.4387577237E+01
           ESPe = -7.4119936968E+01     ESPe at Nucleus = -7.4119935944E+01
           ESPn =  9.7323597528E+00     ESPn at Nucleus =  9.7323587074E+00

CP# 15     Coords = -5.25222836156300E+00  2.73260336230206E+00 -8.08917650859248E-02
           Type = (3,-3) NACP Cl15
           Rho =  3.0207948327E+03     Rho at Nucleus =  3.0207948251E+03
           GradRho =  8.8597090836E-09 -3.7633196962E-09  1.6624127075E-10
           HessRho_EigVals = -3.0378183303E+07 -3.0377748978E+07 -3.0377737863E+07
           HessRho_EigVec1 = -4.9061111840E-01  8.5011448831E-01 -1.9132717338E-01
           HessRho_EigVec2 = -6.1558711788E-01 -1.8273337361E-01  7.6659051290E-01
           HessRho_EigVec3 =  6.1672784177E-01  4.9387637212E-01  6.1297055252E-01
           DelSqRho = -9.1133670144E+07
           Bond Ellipticity = NA
           V = -2.2810627378E+07
           G =  1.3604921059E+04
           K =  2.2797022457E+07
           L =  2.2783417536E+07
           Vnuc =  2.3919175134E+07
           Ven = -7.2254920648E+10
           Vrep =  7.2232110021E+10
           DelSqV =  4.3103279091E+12
           DelSqVen =  2.1798421833E+15
           DelSqVrep = -2.1755318554E+15
           DelSqG =  2.2936061592E+11
           DelSqK = -4.5396885250E+12
           Stress_EigVals = -7.6035806447E+06 -7.6035778673E+06 -7.6034688661E+06
           Stress_EigVec1 =  6.1668570217E-01  4.9397828111E-01  6.1293083013E-01
           Stress_EigVec2 = -6.1557223128E-01 -1.8272302318E-01  7.6660493403E-01
           Stress_EigVec3 = -4.9068276188E-01  8.5005750075E-01 -1.9139663686E-01
           -DivStress = -5.1108244625E+05  8.1484787071E+05 -2.1497432588E+05
           ESP =  -6.4387635854E+01     ESP at Nucleus =  -6.4387635876E+01
           ESPe = -7.4079642580E+01     ESPe at Nucleus = -7.4079641551E+01
           ESPn =  9.6920067267E+00     ESPn at Nucleus =  9.6920056755E+00

CP# 16     Coords =  9.78576269895277E+00  1.99599471370394E+00  1.06595483459593E+00
           Type = (3,-3) NACP H16
           Rho =  4.2466341440E-01     Rho at Nucleus =  4.2095624155E-01
           GradRho = -6.7950715044E-10 -3.3484091878E-09  8.3174362517E-10
           HessRho_EigVals = -6.4663117452E+00 -6.4600956666E+00 -5.8654578700E+00
           HessRho_EigVec1 =  6.5549191343E-01  5.4107801832E-02  7.5326137376E-01
           HessRho_EigVec2 =  7.3016992748E-01 -3.0008255185E-01 -6.1384227541E-01
           HessRho_EigVec3 =  1.9282693905E-01  9.5237745031E-01 -2.3620957584E-01
           DelSqRho = -1.8791865282E+01
           Bond Ellipticity = NA
           V = -4.7072559259E+00
           G =  4.6448027041E-03
           K =  4.7026111232E+00
           L =  4.6979663205E+00
           Vnuc =  4.0045410055E+01
           Ven = -1.7005820565E+01
           Vrep =  1.2298564639E+01
           DelSqV =  7.0750589609E+02
           DelSqVen =  7.5252795661E+02
           DelSqVrep = -4.5022060511E+01
           DelSqG =  6.9636674102E+01
           DelSqK = -7.7714257020E+02
           Stress_EigVals = -1.6198907007E+00 -1.6193201664E+00 -1.4680450589E+00
           Stress_EigVec1 =  7.1651715864E-01  2.6088382836E-02  6.9708145697E-01
           Stress_EigVec2 = -6.6985632859E-01  3.0460340543E-01  6.7713312166E-01
           Stress_EigVec3 =  1.9466807755E-01  9.5212192585E-01 -2.3572903492E-01
