AIMSum (Version 19.02.13, Professional)
Copyright (c) 1997-2019 by Todd A. Keith
AIMSum is a component of the AIMAll package ( http://aim.tkgristmill.com )

TP:  64-bit Linux

Much of the Quantum Theory of Atoms in Molecules (QTAIM) is described in the book:
  "Atoms in Molecules - A Quantum Theory"
  R.F.W. Bader, Oxford University Press, Oxford, 1990

For additional references see:  http://aim.tkgristmill.com/references.html

Wfn File:  /home/mhennefarth/Documents/ML_Diels/summary-levandowski2016/36-opt/36-opt.wfn
Sum File:  /home/mhennefarth/Documents/ML_Diels/summary-levandowski2016/36-opt/36-opt.sum

SumViz File:  /home/mhennefarth/Documents/ML_Diels/summary-levandowski2016/36-opt/36-opt.sumviz

Wfn Title:   Title Card Required                                                           
 
Total memory allocated for AIMSum =        0.881 Megabytes

Atomic units (a.u.) used throughout, except where stated otherwise

Model:  Restricted SCF
 
Restricted, closed-shell, single-determinant wavefunction.
  Number of electrons (from MO Occs)                   =          84.0000000000
  Number of Alpha electrons (from MO Occs)             =          42.0000000000
  Number of Beta electrons (from MO Occs)              =          42.0000000000
  Number of electron pairs (N*(N-1)/2)                 =        3486.0000000000
  Number of electron pairs (from Muller 2EDM)          =        3486.0000000000
 
Nuclear Charges and Cartesian Coordinates:
-------------------------------------------------------------------------------
Atom      Charge                X                  Y                  Z
-------------------------------------------------------------------------------
C1         6.0          -5.1363072400E+00   2.7937603800E+00  -4.0060973000E-01
H2         1.0          -5.4628688400E+00   4.7930174600E+00  -7.2492790000E-02
C3         6.0          -6.6863888500E+00   1.0359660800E+00   5.5773483000E-01
H4         1.0          -8.2553881200E+00   1.6510930500E+00   1.7423402600E+00
C5         6.0          -5.3544835200E+00  -2.8960526800E+00  -1.7346687800E+00
H6         1.0          -5.2551180000E+00  -4.9442267000E+00  -1.8258574600E+00
C7         6.0          -6.4590165700E+00  -1.7133241700E+00   2.1675320000E-01
H8         1.0          -7.3222215300E+00  -2.8629394200E+00   1.6936180700E+00
C9         6.0           2.3759309000E+00  -1.9427313000E-01   3.3550235200E+00
C10        6.0           6.0040468000E-01  -9.6208974000E-01   1.8085904100E+00
C11        6.0           2.9255930900E+00  -2.8836880000E-02   6.6953170000E-01
H12        1.0           3.0714916300E+00   1.3727187000E-01   5.2448423800E+00
H13        1.0          -1.2595506400E+00  -1.7274580000E+00   1.4442465100E+00
Cl14      17.0           3.0180886200E+00   2.9977949900E+00  -9.4675755000E-01
Cl15      17.0           5.1544040300E+00  -2.1570254800E+00  -8.3051152000E-01
H16        1.0          -3.4855388300E+00   2.3125521300E+00  -1.5251842900E+00
H17        1.0          -4.5575757000E+00  -1.8632912900E+00  -3.3220694500E+00
 
Some Atomic Properties:
----------------------
  q(A) = Net Charge of Atom A
  L(A) = Lagrangian of Atom A = -(1/4) Times Atomic Integral of the Laplacian of the Electron Density
  K(A) = Electronic Kinetic Energy of Atom A (Hamiltonian Form)
  K_Scaled(A) = K(A) * E(Mol)/K(Mol) = Approximation to Virial-Based Total Energy of Atom A.
  |Mu_Intra(A)| = Magnitude of Intraatomic Dipole Moment of Atom A
--------------------------------------------------------------------------------------------------
Atom A          q(A)              L(A)              K(A)          K_Scaled(A)      |Mu_Intra(A)|
--------------------------------------------------------------------------------------------------
C1       -8.4459237300E-02 -7.3467687812E-05  3.7705032740E+01 -3.7881140883E+01  1.1122469252E-01
H2        4.9491592330E-02  2.1232994975E-05  5.9226615082E-01 -5.9503243648E-01  1.4623037967E-01
C3       -3.3186485700E-02 -1.5645297868E-06  3.7701074712E+01 -3.7877164367E+01  7.7377293023E-02
H4        3.5544082350E-02  2.2792582255E-05  6.0178690223E-01 -6.0459765627E-01  1.5067018894E-01
C5       -9.6988458700E-02  4.3203507308E-05  3.7708999238E+01 -3.7885125907E+01  1.1933450964E-01
H6        4.8313090400E-02  2.5377218685E-05  5.9243540902E-01 -5.9520248524E-01  1.4656297130E-01
C7       -4.0540725600E-02 -9.5647109586E-05  3.7706201183E+01 -3.7882314783E+01  7.5295086790E-02
H8        3.4797869080E-02  2.3925776985E-05  6.0204299800E-01 -6.0485494819E-01  1.5073298372E-01
C9       -6.3171847200E-02 -2.8292422299E-05  3.7758222827E+01 -3.7934579404E+01  2.8751674478E-01
C10      -6.2183519900E-02 -2.7850228578E-05  3.7759732313E+01 -3.7936095939E+01  3.2688879817E-01
C11       2.5279641250E-01  1.9973742318E-04  3.7427725068E+01 -3.7602537995E+01  2.3491759053E-02
H12       1.4433661607E-01  1.7126570268E-05  5.4663497992E-01 -5.4918813699E-01  1.3834808098E-01
H13       1.6940056326E-01  2.8154971454E-05  5.3497839458E-01 -5.3747710747E-01  1.3205521111E-01
Cl14     -2.2913079800E-01  3.2524253881E-05  4.5892269346E+02 -4.6106617451E+02  2.0314589208E-01
Cl15     -2.2530217900E-01  1.3824984691E-05  4.5892379939E+02 -4.6106728561E+02  2.0239506909E-01
H16       5.0297910490E-02  2.2806193519E-05  5.9090609121E-01 -5.9366602447E-01  1.4298561052E-01
H17       5.0195806070E-02  2.1443864805E-05  5.9091777699E-01 -5.9367776483E-01  1.4585671615E-01
--------------------------------------------------------------------------------------------------
Total     2.1069115000E-04  2.4532836394E-04  1.1862654496E+03 -1.1918061160E+03
 
1st Largest |L(A)| = 1.9973742318E-04, atom C11     
2nd Largest |L(A)| = 9.5647109586E-05, atom C7      
 
Molecular charge q(Mol) from the wfn file:   0.0000000000E+00
Molecular energy E(Mol) from the wfn file:  -1.1918060239E+03
Molecular virial ratio (-V(Mol)/T(Mol)) from the wfn file:   2.0046706800E+00
Note.  K_Scaled(A) = (1+V(Mol)/T(Mol))*K(A) = (E(Mol)/T(Mol))*K(A)
       Only use K_Scaled(A) data with caution.
 
N_AIMInt(SumA)     =         83.999789
N_Analytic(Mol)    =         83.999991
 
G_AIMInt(SumA)     =       1186.265204
G_Analytic(Mol)    =       1186.265336
 
K_AIMInt(SumA)     =       1186.265450
K_Analytic(Mol)    =       1186.265336
 
L_AIMInt(SumA)     =          0.000245
L_Analytic(Mol)    =          0.000000
 
VenT_AIMInt(SumA)  =      -3857.985714
VenT_Analytic(Mol) =      -3857.988887
 
Some Information About the Atomic Calculations:
----------------------------------------------
  Time(sec) = "Elapsed User Time", in Seconds, for Atom A by AIMInt and, if used, by TWOe
  NProc = Number of Processors Used for AIMInt Job
  BIM = Basin Integration Method
  OAQ = Angular Quadrature Outside of Beta Sphere
  ORQ = Multiple of Default for Radial Quadrature Outside of Beta Sphere
  IAQ = Multiple of Default for Angular Quadrature Inside of Beta Sphere
  IRQ = Multiple of Default for Radial Quadrature Inside of Beta Sphere
  MIR = Maximum Integration Radius
------------------------------------------------------------------------------------------------------
Atom A     Time(sec)   NProc      BIM          OAQ                     ORQ      IAQ      IRQ      MIR
------------------------------------------------------------------------------------------------------
C1             31        8     Proaim(5)    4500(GS4)                  1.00     1.00     1.00    13.00
H2              5        8     Proaim(5)    1800(GS4)                  1.00     1.00     1.00    13.00
C3             36        8     Proaim(5)    4500(GS4)                  1.00     1.00     1.00    13.00
H4              5        8     Proaim(5)    1800(GS4)                  1.00     1.00     1.00    13.00
C5             48        8     Proaim(5)    4500(GS4)                  1.00     1.00     1.00    13.00
H6              6        8     Proaim(5)    1800(GS4)                  1.00     1.00     1.00    13.00
C7             43        8     Proaim(5)    4500(GS4)                  1.00     1.00     1.00    13.00
H8              5        8     Proaim(5)    1800(GS4)                  1.00     1.00     1.00    13.00
C9             17        8     Proaim(5)    4500(GS4)                  1.00     1.00     1.00    13.00
C10            25        8     Proaim(5)    4500(GS4)                  1.00     1.00     1.00    13.00
C11            27        8     Proaim(5)    4500(GS4)                  1.00     1.00     1.00    13.00
H12             6        8     Proaim(5)    1800(GS4)                  1.00     1.00     1.00    13.00
H13            22        8     Proaim(5)    4500(GS4)                  1.00     1.00     1.00    13.00
Cl14           17        8     Proaim(5)    4500(GS4)                  1.00     1.00     1.00    13.00
Cl15           11        8     Proaim(5)    3150(GS4)                  1.00     1.00     1.00    13.00
H16            16        8     Proaim(5)    4500(GS4)                  1.00     1.00     1.00    13.00
H17             7        8     Proaim(5)    1800(GS4)                  1.00     1.00     1.00    13.00
------------------------------------------------------------------------------------------------------
Total         327
Note:  Total wall clock time is less than total of atomic times if more than one atom
       was calculated at a time
 
Electron Density Critical Point Analysis of Molecular Structure:               
---------------------------------------------------------------                
  NACP = Nuclear Attractor Critical Point                                      
  NNACP = Non-Nuclear Attractor Critical Point                                 
  BCP = Bond Critical Point                                                    
  RCP = Ring Critical Point                                                    
  CCP = Cage Critical Point                                                    
  Rho = Electron Density                                                       
  GradRho = Gradient of Electron Density                                       
  HessRho_EigVals = Eigenvalues of the Hessian of Rho, Ascending Order         
  HessRho_EigVecs = Eigenvectors of the Hessian of Rho                         
  DelSqRho = Laplacian of Rho = Trace of Hessian of Rho                        
  Bond Ellipticity = (HessRho_EigVal(1) / HessRho_EigVal(2)) - 1               
  V = Virial Field = Potential Energy Density = Trace of Stress Tensor         
  G = Lagrangian Form of Kinetic Energy Density                                
  K = Hamiltonian Form of Kinetic Energy Density                               
  L = K - G = Lagrangian Density = (-1/4)DelSqRho                              
  Vnuc = Electrostatic Potential from Nuclei                                   
  Ven = Electron-nuclear attractive contribution to Virial Field V             
  Vrep = V - Ven = Repulsive contribution to Virial Field V                    
  DelSqV = Laplacian of V                                                      
  DelSqVen = Laplacian of Ven                                                  
  DelSqVrep = Laplacian of Vrep                                                
  DelSqG = Laplacian of G                                                      
  DelSqK = Laplacian of K                                                      
  Stress_EigVals = Eigenvalues of Stress Tensor, Ascending Order               
  Stress_EigVecs = Eigenvectors of Stress Tensor                               
  -DivStress = Ehrenfest Force Density = Minus Divergence of Stress Tensor     
  ESP = Total Electrostatic Potential                                          
  ESPe = Electrostatic Potential from Electrons                                
  ESPn = Electrostatic Potential from Nuclei                                   
  BP = Bond Path                                                               
  BPL = Bond Path Length                                                       
  GBL = Geometric Bond Length                                                  
  GBL_I = Distance Between Nuclear Attractors                                  
  GBL_II = Distance Between Nuclei                                             
  GBL_III = Sum of Distances Between BCP and Nuclear Attractors                
  GBL_IV = Sum of Distances Between BCP and Nuclei                             

CP# 1      Coords = -5.13630692849736E+00  2.79376093272722E+00 -4.00610058597115E-01
           Type = (3,-3) NACP C1
           Rho =  1.1768345145E+02     Rho at Nucleus =  1.1768345141E+02
           GradRho =  1.7815623976E-11  3.9841911020E-11 -3.9323516665E-11
           HessRho_EigVals = -1.4501341565E+05 -1.4501235187E+05 -1.4501220019E+05
           HessRho_EigVec1 =  5.1656274827E-01 -4.9430583898E-02  8.5482135237E-01
           HessRho_EigVec2 =  5.6097772311E-01 -7.3469555695E-01 -3.8147926912E-01
           HessRho_EigVec3 =  6.4689019259E-01  6.7659371558E-01 -3.5178689964E-01
           DelSqRho = -4.3503796772E+05
           Bond Ellipticity = NA
           V = -1.0876972175E+05
           G =  5.1149112125E+00
           K =  1.0876460684E+05
           L =  1.0875949193E+05
           Vnuc =  8.3974348099E+06
           Ven = -9.8823911176E+08
           Vrep =  9.8813034204E+08
           DelSqV =  2.4954044525E+09
           DelSqVen =  3.6532049674E+12
           DelSqVrep = -3.6507095630E+12
           DelSqG =  1.3404063279E+08
           DelSqK = -2.6294450853E+09
           Stress_EigVals = -3.6256826400E+04 -3.6256727278E+04 -3.6256168074E+04
           Stress_EigVec1 =  6.0616955338E-01  7.1552698027E-01 -3.4724575313E-01
           Stress_EigVec2 =  5.8597442655E-01 -6.9699816760E-01 -4.1331286672E-01
           Stress_EigVec3 =  5.3776616107E-01 -4.7060544764E-02  8.4177957990E-01
           -DivStress = -2.5273209194E+02 -4.5099033522E+02  2.6683820659E+02
           ESP =  -1.4737171850E+01     ESP at Nucleus =  -1.4737171859E+01
           ESPe = -2.7117471054E+01     ESPe at Nucleus = -2.7117471800E+01
           ESPn =  1.2380299204E+01     ESPn at Nucleus =  1.2380299941E+01

CP# 2      Coords = -5.45724708558892E+00  4.75870384208770E+00 -7.81233927799673E-02
           Type = (3,-3) NACP H2
           Rho =  4.2505353816E-01     Rho at Nucleus =  4.2131498307E-01
           GradRho =  1.2734220531E-09 -7.7707600489E-09 -1.2757177467E-09
           HessRho_EigVals = -6.4716964292E+00 -6.4655778062E+00 -5.8673051255E+00
           HessRho_EigVec1 =  7.9997715690E-01  2.2189846899E-01 -5.5749225815E-01
           HessRho_EigVec2 =  5.7858363549E-01 -3.9083111282E-02  8.1468612800E-01
           HessRho_EigVec3 = -1.5898907255E-01  9.7428618992E-01  1.5965241915E-01
           DelSqRho = -1.8804579361E+01
           Bond Ellipticity = NA
           V = -4.7103202631E+00
           G =  4.5877114297E-03
           K =  4.7057325516E+00
           L =  4.7011448402E+00
           Vnuc =  4.0865508705E+01
           Ven = -1.7370029064E+01
           Vrep =  1.2659708801E+01
           DelSqV =  7.0784082378E+02
           DelSqVen =  7.6845871438E+02
           DelSqVrep = -6.0617890598E+01
           DelSqG =  6.9665835015E+01
           DelSqK = -7.7750665880E+02
           Stress_EigVals = -1.6212369739E+00 -1.6207088767E+00 -1.4683744125E+00
           Stress_EigVec1 =  8.4983101399E-01  2.1595168505E-01 -4.8078281727E-01
           Stress_EigVec2 =  5.0288896703E-01 -5.9183770209E-02  8.6232242705E-01
           Stress_EigVec3 = -1.5776544140E-01  9.7460871690E-01  1.5889592327E-01
           -DivStress = -1.2668449054E+00  7.7383303334E+00  1.2690454959E+00
           ESP =  -1.1014016569E+00     ESP at Nucleus =  -1.1038988558E+00
           ESPe = -1.3577199069E+01     ESPe at Nucleus = -1.3494038941E+01
           ESPn =  1.2475797412E+01     ESPn at Nucleus =  1.2390140085E+01

CP# 3      Coords = -6.68638927194495E+00  1.03596448237623E+00  5.57735122277055E-01
           Type = (3,-3) NACP C3
           Rho =  1.1765519224E+02     Rho at Nucleus =  1.1765519204E+02
           GradRho = -2.7701518510E-10 -1.0158643323E-09  1.9632559467E-10
           HessRho_EigVals = -1.4497012844E+05 -1.4496926316E+05 -1.4496889614E+05
           HessRho_EigVec1 =  6.0392408258E-01 -1.0320997696E-01  7.9033119838E-01
           HessRho_EigVec2 =  2.8495644740E-01 -8.9808453820E-01 -3.3502833510E-01
           HessRho_EigVec3 =  7.4436249607E-01  4.2754165048E-01 -5.1296453244E-01
           DelSqRho = -4.3490828774E+05
           Bond Ellipticity = NA
           V = -1.0873728997E+05
           G =  5.1090194828E+00
           K =  1.0873218095E+05
           L =  1.0872707193E+05
           Vnuc =  3.5755830632E+06
           Ven = -4.2068591268E+08
           Vrep =  4.2057717539E+08
           DelSqV =  2.4946543251E+09
           DelSqVen =  1.5550505779E+12
           DelSqVrep = -1.5525559236E+12
           DelSqG =  1.3399203701E+08
           DelSqK = -2.6286463622E+09
           Stress_EigVals = -3.6246034972E+04 -3.6245865197E+04 -3.6245389804E+04
           Stress_EigVec1 =  7.1964138673E-01  5.0335242377E-01 -4.7828089235E-01
           Stress_EigVec2 =  3.6388915922E-01 -8.6005525032E-01 -3.5761661903E-01
           Stress_EigVec3 =  5.9135518456E-01 -8.3314487848E-02  8.0209584328E-01
           -DivStress =  3.4068842044E+02  1.2982361436E+03 -2.3416922222E+02
           ESP =  -1.4726480651E+01     ESP at Nucleus =  -1.4726480671E+01
           ESPe = -2.7448216113E+01     ESPe at Nucleus = -2.7448216218E+01
           ESPn =  1.2721735462E+01     ESPn at Nucleus =  1.2721735547E+01

CP# 4      Coords = -8.22921638103303E+00  1.64062308492876E+00  1.72260269937153E+00
           Type = (3,-3) NACP H4
           Rho =  4.2900618346E-01     Rho at Nucleus =  4.2538788106E-01
           GradRho = -3.9751188452E-15 -1.1172703387E-16 -8.6432597191E-16
           HessRho_EigVals = -6.5570236044E+00 -6.5490848357E+00 -5.9572725256E+00
           HessRho_EigVec1 =  2.6091086262E-01  9.5207523029E-01 -1.5961916439E-01
           HessRho_EigVec2 =  5.9453195945E-01 -2.8205266460E-02  8.0357713515E-01
           HessRho_EigVec3 =  7.6056378493E-01 -3.0456069809E-01 -5.7339821261E-01
           DelSqRho = -1.9063380966E+01
           Bond Ellipticity = NA
           V = -4.7749315287E+00
           G =  4.5431436371E-03
           K =  4.7703883851E+00
           L =  4.7658452414E+00
           Vnuc =  4.1442358901E+01
           Ven = -1.7779028226E+01
           Vrep =  1.3004096697E+01
           DelSqV =  7.1848898142E+02
           DelSqVen =  7.9003147585E+02
           DelSqVrep = -7.1542494425E+01
           DelSqG =  7.0939713276E+01
           DelSqK = -7.8942869470E+02
           Stress_EigVals = -1.6423606828E+00 -1.6413294206E+00 -1.4912414252E+00
           Stress_EigVec1 =  3.0754718854E-01  9.4698136430E-01 -9.2957100299E-02
           Stress_EigVec2 =  5.7138679315E-01 -1.0567833540E-01  8.1384840237E-01
           Stress_EigVec3 =  7.6087571878E-01 -3.0341124749E-01 -5.7359371987E-01
           -DivStress = -5.9813175390E+00  2.3924417361E+00  4.5108642110E+00
           ESP =  -1.1012807124E+00     ESP at Nucleus =  -1.1037056094E+00
           ESPe = -1.3483587708E+01     ESPe at Nucleus = -1.3396536878E+01
           ESPn =  1.2382306995E+01     ESPn at Nucleus =  1.2292831268E+01

CP# 5      Coords = -5.35448291790562E+00 -2.89605310024467E+00 -1.73466910849230E+00
           Type = (3,-3) NACP C5
           Rho =  1.1768720579E+02     Rho at Nucleus =  1.1768720574E+02
           GradRho =  5.3149207258E-11 -6.3658023297E-11 -4.9317702699E-11
           HessRho_EigVals = -1.4502045844E+05 -1.4501945817E+05 -1.4501932195E+05
           HessRho_EigVec1 =  8.9120145077E-01  5.6093859342E-02  4.5012604135E-01
           HessRho_EigVec2 =  1.4752823822E-01  9.0253253068E-01 -4.0456204715E-01
           HessRho_EigVec3 = -4.2894684179E-01  4.2695258520E-01  7.9606287246E-01
           DelSqRho = -4.3505923857E+05
           Bond Ellipticity = NA
           V = -1.0877505444E+05
           G =  5.1223985060E+00
           K =  1.0876993204E+05
           L =  1.0876480964E+05
           Vnuc =  7.4591545293E+06
           Ven = -8.7784705409E+08
           Vrep =  8.7773827904E+08
           DelSqV =  2.4955288377E+09
           DelSqVen =  3.2451729818E+12
           DelSqVrep = -3.2426774529E+12
           DelSqG =  1.3404956878E+08
           DelSqK = -2.6295784065E+09
           Stress_EigVals = -3.6258594984E+04 -3.6258500483E+04 -3.6257958972E+04
           Stress_EigVec1 = -4.1837653226E-01  4.9295324177E-01  7.6286183460E-01
           Stress_EigVec2 =  1.9778319528E-01  8.6919361177E-01 -4.5319341667E-01
           Stress_EigVec3 =  8.8647779720E-01  3.8724238907E-02  4.6114807644E-01
           -DivStress = -4.8724116010E+02  3.4284125124E+02  2.6872221320E+02
           ESP =  -1.4733677097E+01     ESP at Nucleus =  -1.4733677106E+01
           ESPe = -2.6738049978E+01     ESPe at Nucleus = -2.6738050619E+01
           ESPn =  1.2004372880E+01     ESPn at Nucleus =  1.2004373513E+01

CP# 6      Coords = -5.25680439222066E+00 -4.90912498021251E+00 -1.82429021570024E+00
           Type = (3,-3) NACP H6
           Rho =  4.2482774476E-01     Rho at Nucleus =  4.2110112246E-01
           GradRho =  1.1968507782E-15 -8.9539514041E-16  2.3023033133E-16
           HessRho_EigVals = -6.4674017073E+00 -6.4611924082E+00 -5.8646133911E+00
           HessRho_EigVec1 = -4.8439320772E-01 -6.2695929902E-02  8.7260096304E-01
           HessRho_EigVec2 =  8.7353287900E-01  2.0058226691E-02  4.8635170078E-01
           HessRho_EigVec3 = -4.7995100067E-02  9.9783109188E-01  4.5050887380E-02
           DelSqRho = -1.8793207507E+01
           Bond Ellipticity = NA
           V = -4.7075342898E+00
           G =  4.6162065993E-03
           K =  4.7029180832E+00
           L =  4.6983018767E+00
           Vnuc =  4.0702664007E+01
           Ven = -1.7291620956E+01
           Vrep =  1.2584086666E+01
           DelSqV =  7.0745107748E+02
           DelSqVen =  7.6493361076E+02
           DelSqVrep = -5.7482533285E+01
           DelSqG =  6.9619776605E+01
           DelSqK = -7.7707085408E+02
           Stress_EigVals = -1.6201717424E+00 -1.6196446767E+00 -1.4677178707E+00
           Stress_EigVec1 = -4.1169089005E-01 -6.2358853325E-02  9.0918754086E-01
           Stress_EigVec2 = -9.1002222188E-01 -2.5165965156E-02 -4.1379491283E-01
           Stress_EigVec3 = -4.8684358250E-02  9.9773646200E-01  4.6387343662E-02
           -DivStress =  3.8098056925E-01 -7.9107977130E+00 -3.5420757668E-01
           ESP =  -1.0964489678E+00     ESP at Nucleus =  -1.0989418507E+00
           ESPe = -1.3371557172E+01     ESPe at Nucleus = -1.3291131470E+01
           ESPn =  1.2275108204E+01     ESPn at Nucleus =  1.2192189620E+01

CP# 7      Coords = -6.45901686484324E+00 -1.71332305804997E+00  2.16754020077121E-01
           Type = (3,-3) NACP C7
           Rho =  1.1767484728E+02     Rho at Nucleus =  1.1767484713E+02
           GradRho = -8.5860752536E-11  5.1235232073E-10  3.7360818259E-10
           HessRho_EigVals = -1.4499861957E+05 -1.4499761900E+05 -1.4499731067E+05
           HessRho_EigVec1 =  8.6991157741E-01 -4.8720060038E-02  4.9079548005E-01
           HessRho_EigVec2 =  1.3676929445E-01  9.7991198379E-01 -1.4514359828E-01
           HessRho_EigVec3 = -4.7386496766E-01  1.9338784806E-01  8.5910018778E-01
           DelSqRho = -4.3499354924E+05
           Bond Ellipticity = NA
           V = -1.0875859555E+05
           G =  5.1041180951E+00
           K =  1.0875349143E+05
           L =  1.0874838731E+05
           Vnuc =  4.2470174846E+06
           Ven = -4.9976713388E+08
           Vrep =  4.9965837529E+08
           DelSqV =  2.4951457758E+09
           DelSqVen =  1.8474250158E+12
           DelSqVrep = -1.8449298690E+12
           DelSqG =  1.3402230698E+08
           DelSqK = -2.6291680828E+09
           Stress_EigVals = -3.6253136773E+04 -3.6252983848E+04 -3.6252474926E+04
           Stress_EigVec1 = -4.6846961219E-01  2.7591590070E-01  8.3928936500E-01
           Stress_EigVec2 =  1.5915006146E-01  9.6079635352E-01 -2.2702780668E-01
           Stress_EigVec3 =  8.6902674320E-01 -2.7217325471E-02  4.9401592768E-01
           -DivStress =  2.3948393243E+02 -9.0527676020E+02 -6.6264671322E+02
           ESP =  -1.4722776714E+01     ESP at Nucleus =  -1.4722776729E+01
           ESPe = -2.7499040315E+01     ESPe at Nucleus = -2.7499040367E+01
           ESPn =  1.2776263601E+01     ESPn at Nucleus =  1.2776263638E+01

CP# 8      Coords = -7.30784620143334E+00 -2.84365574283853E+00  1.66906977519528E+00
           Type = (3,-3) NACP H8
           Rho =  4.2906268910E-01     Rho at Nucleus =  4.2545250584E-01
           GradRho = -2.0573820425E-15  1.4524514404E-15 -3.1962280045E-16
           HessRho_EigVals = -6.5585199537E+00 -6.5507693931E+00 -5.9595047481E+00
           HessRho_EigVec1 =  3.1256767907E-01 -8.2668281116E-01 -4.6786427063E-01
           HessRho_EigVec2 =  8.5318931549E-01  2.7807275046E-02  5.2085962349E-01
           HessRho_EigVec3 = -4.1757566731E-01 -5.6198068044E-01  7.1400859720E-01
           DelSqRho = -1.9068794095E+01
           Bond Ellipticity = NA
           V = -4.7762382257E+00
           G =  4.5198509757E-03
           K =  4.7717183747E+00
           L =  4.7671985237E+00
           Vnuc =  4.1744339253E+01
           Ven = -1.7910938455E+01
           Vrep =  1.3134700229E+01
           DelSqV =  7.1873445139E+02
           DelSqVen =  7.9601420984E+02
           DelSqVrep = -7.7279758456E+01
           DelSqG =  7.0970817166E+01
           DelSqK = -7.8970526855E+02
           Stress_EigVals = -1.6427655971E+00 -1.6416376939E+00 -1.4918349347E+00
           Stress_EigVec1 =  2.3641951007E-01 -8.2668166527E-01 -5.1059106882E-01
           Stress_EigVec2 =  8.7716475115E-01 -4.4453346880E-02  4.7812749272E-01
           Stress_EigVec3 = -4.1795671379E-01 -5.6091115540E-01  7.1462637870E-01
           -DivStress = -3.2860562364E+00 -4.4077077685E+00  5.6119960051E+00
           ESP =  -1.0976136718E+00     ESP at Nucleus =  -1.1000334947E+00
           ESPe = -1.3744744585E+01     ESPe at Nucleus = -1.3659915854E+01
           ESPn =  1.2647130913E+01     ESPn at Nucleus =  1.2559882359E+01

CP# 9      Coords =  2.37593137454442E+00 -1.94273013283692E-01  3.35502064540294E+00
           Type = (3,-3) NACP C9
           Rho =  1.1767284623E+02     Rho at Nucleus =  1.1767284562E+02
           GradRho =  9.1196412141E-10  2.2000332567E-10 -5.3498455710E-09
           HessRho_EigVals = -1.4499222329E+05 -1.4499168583E+05 -1.4499066437E+05
           HessRho_EigVec1 = -3.7553267580E-01  9.2655500791E-01 -2.1703149836E-02
           HessRho_EigVec2 =  4.7937725899E-02  4.2804222236E-02  9.9793274974E-01
           HessRho_EigVec3 =  9.2556857328E-01  3.7371595613E-01 -6.0491324112E-02
           DelSqRho = -4.3497457348E+05
           Bond Ellipticity = NA
           V = -1.0875400392E+05
           G =  5.1802745736E+00
           K =  1.0874882365E+05
           L =  1.0874364337E+05
           Vnuc =  2.0577408193E+06
           Ven = -2.4214021902E+08
           Vrep =  2.4203146501E+08
           DelSqV =  2.4950347765E+09
           DelSqVen =  8.9506494054E+11
           DelSqVrep = -8.9256990577E+11
           DelSqG =  1.3401299869E+08
           DelSqK = -2.6290477752E+09
           Stress_EigVals = -3.6251662403E+04 -3.6251380620E+04 -3.6250960897E+04
           Stress_EigVec1 =  7.2393116947E-01  3.1024494967E-01  6.1617508314E-01
           Stress_EigVec2 = -5.7741642050E-01 -2.1626778672E-01  7.8728554017E-01
           Stress_EigVec3 = -3.7751018424E-01  9.2573015271E-01 -2.2577536557E-02
           -DivStress = -3.8662775620E+02 -9.5389400291E+01  2.3396042205E+03
           ESP =  -1.4681724255E+01     ESP at Nucleus =  -1.4681724277E+01
           ESPe = -2.9478751201E+01     ESPe at Nucleus = -2.9478744987E+01
           ESPn =  1.4797026946E+01     ESPn at Nucleus =  1.4797020710E+01

CP# 10     Coords =  6.00407725626697E-01 -9.62088517119012E-01  1.80858944930221E+00
           Type = (3,-3) NACP C10
           Rho =  1.1769340132E+02     Rho at Nucleus =  1.1769340047E+02
           GradRho =  7.8541527136E-09  3.1461664454E-09 -2.4824636873E-09
           HessRho_EigVals = -1.4501878795E+05 -1.4501803451E+05 -1.4501713252E+05
           HessRho_EigVec1 = -3.7545779441E-01  9.2655447603E-01 -2.2983636699E-02
           HessRho_EigVec2 =  9.0926044098E-01  3.6341655000E-01 -2.0291343390E-01
           HessRho_EigVec3 =  1.7965771647E-01  9.7083541989E-02  9.7892690779E-01
           DelSqRho = -4.3505395498E+05
           Bond Ellipticity = NA
           V = -1.0877382456E+05
           G =  5.1679074490E+00
           K =  1.0876865665E+05
           L =  1.0876348874E+05
           Vnuc =  1.7545651374E+06
           Ven = -2.0650073886E+08
           Vrep =  2.0639196504E+08
           DelSqV =  2.4954889705E+09
           DelSqVen =  7.6333050880E+11
           DelSqVrep = -7.6083501983E+11
           DelSqG =  1.3403853412E+08
           DelSqK = -2.6295275046E+09
           Stress_EigVals = -3.6258293665E+04 -3.6257986775E+04 -3.6257544119E+04
           Stress_EigVec1 =  7.3836697645E-01  3.1641346164E-01  5.9556421096E-01
           Stress_EigVec2 = -5.5800929035E-01 -2.0930180707E-01  8.0300584396E-01
           Stress_EigVec3 = -3.7873452438E-01  9.2524335980E-01 -2.2020108735E-02
           -DivStress = -2.4780745955E+03 -9.9553948852E+02  7.8250608225E+02
           ESP =  -1.4684070157E+01     ESP at Nucleus =  -1.4684070190E+01
           ESPe = -3.0350688159E+01     ESPe at Nucleus = -3.0350682239E+01
           ESPn =  1.5666618002E+01     ESPn at Nucleus =  1.5666612048E+01

CP# 11     Coords =  2.92559404498932E+00 -2.88364730317747E-02  6.69530485467571E-01
           Type = (3,-3) NACP C11
           Rho =  1.1744215606E+02     Rho at Nucleus =  1.1744215587E+02
           GradRho =  5.6206477221E-10  2.4890229411E-10 -7.4744853364E-10
           HessRho_EigVals = -1.4468927112E+05 -1.4468862127E+05 -1.4468587873E+05
           HessRho_EigVec1 = -3.7488485487E-01  9.2657248002E-01 -3.0410275629E-02
           HessRho_EigVec2 = -5.8585771397E-01 -2.1135655581E-01  7.8236765353E-01
           HessRho_EigVec3 =  7.1849292590E-01  3.1111387881E-01  6.2207400672E-01
           DelSqRho = -4.3406377112E+05
           Bond Ellipticity = NA
           V = -1.0852577901E+05
           G =  4.9181156388E+00
           K =  1.0852086090E+05
           L =  1.0851594278E+05
           Vnuc =  3.7553637730E+06
           Ven = -4.4103801828E+08
           Vrep =  4.4092949250E+08
           DelSqV =  2.4898054704E+09
           DelSqVen =  1.6300673434E+12
           DelSqVrep = -1.6275775215E+12
           DelSqG =  1.3371249701E+08
           DelSqK = -2.6235179674E+09
           Stress_EigVals = -3.6175677448E+04 -3.6175188287E+04 -3.6174913277E+04
           Stress_EigVec1 =  7.1883302453E-01  3.1088889757E-01  6.2179351574E-01
           Stress_EigVec2 = -5.8495978223E-01 -2.1280002549E-01  7.8264819831E-01
           Stress_EigVec3 = -3.7563431156E-01  9.2631757109E-01 -2.8889815879E-02
           -DivStress = -7.6689196978E+02 -3.2698256168E+02  9.7454443030E+02
           ESP =  -1.4595044158E+01     ESP at Nucleus =  -1.4595044182E+01
           ESPe = -3.2556412953E+01     ESPe at Nucleus = -3.2556412932E+01
           ESPn =  1.7961368795E+01     ESPn at Nucleus =  1.7961368750E+01

CP# 12     Coords =  3.05878870159594E+00  1.31212944534967E-01  5.21037010484595E+00
           Type = (3,-3) NACP H12
           Rho =  4.1119186920E-01     Rho at Nucleus =  4.0715626206E-01
           GradRho =  3.5575383785E-16 -3.8370592511E-17 -7.0191587460E-16
           HessRho_EigVals = -6.2813132112E+00 -6.2790736180E+00 -5.6490539495E+00
           HessRho_EigVec1 =  8.5869124700E-01  3.4963069849E-01 -3.7471017733E-01
           HessRho_EigVec2 = -3.8466687786E-01  9.2282903067E-01 -2.0444393850E-02
           HessRho_EigVec3 =  3.3864544202E-01  1.6169401606E-01  9.2691656030E-01
           DelSqRho = -1.8209440779E+01
           Bond Ellipticity = NA
           V = -4.5608259969E+00
           G =  4.2329011388E-03
           K =  4.5565930958E+00
           L =  4.5523601947E+00
           Vnuc =  4.0479602531E+01
           Ven = -1.6644883429E+01
           Vrep =  1.2084057433E+01
           DelSqV =  6.8432752953E+02
           DelSqVen =  7.3711092504E+02
           DelSqVrep = -5.2783395511E+01
           DelSqG =  6.7541028236E+01
           DelSqK = -7.5186855776E+02
           Stress_EigVals = -1.5737814652E+00 -1.5730720686E+00 -1.4139724632E+00
           Stress_EigVec1 = -8.6047672525E-01 -3.4307545940E-01  3.7666833483E-01
           Stress_EigVec2 = -3.7890823869E-01  9.2514956286E-01 -2.2952842891E-02
           Stress_EigVec3 =  3.4059998819E-01  1.6247312241E-01  9.2606378427E-01
           -DivStress =  2.7785632650E+00  1.3251996798E+00  7.5376490853E+00
           ESP =  -1.0285667036E+00     ESP at Nucleus =  -1.0313889824E+00
           ESPe = -1.4651402165E+01     ESPe at Nucleus = -1.4549018027E+01
           ESPn =  1.3622835461E+01     ESPn at Nucleus =  1.3517629045E+01

CP# 13     Coords = -1.22487403093696E+00 -1.71325965571312E+00  1.45111372065332E+00
           Type = (3,-3) NACP H13
           Rho =  4.0559577517E-01     Rho at Nucleus =  4.0144484491E-01
           GradRho =  1.4300626655E-16  2.9783033678E-16 -9.0991667326E-17
           HessRho_EigVals = -6.1839055997E+00 -6.1819237402E+00 -5.5428236383E+00
           HessRho_EigVec1 = -1.7227131720E-01 -4.6953540584E-02  9.8392985436E-01
           HessRho_EigVec2 = -3.7568276913E-01  9.2649742030E-01 -2.1563560826E-02
           HessRho_EigVec3 =  9.1059598629E-01  3.7336027534E-01  1.7724856713E-01
           DelSqRho = -1.7908652978E+01
           Bond Ellipticity = NA
           V = -4.4861011171E+00
           G =  4.4689362786E-03
           K =  4.4816321808E+00
           L =  4.4771632445E+00
           Vnuc =  4.2220754989E+01
           Ven = -1.7124559848E+01
           Vrep =  1.2638458731E+01
           DelSqV =  6.7225787262E+02
           DelSqVen =  7.5611684957E+02
           DelSqVrep = -8.3858976953E+01
           DelSqG =  6.6248443743E+01
           DelSqK = -7.3850631636E+02
           Stress_EigVals = -1.5493691493E+00 -1.5486525880E+00 -1.3880793798E+00
           Stress_EigVec1 = -1.7154590945E-01 -5.3443644096E-02  9.8372545858E-01
           Stress_EigVec2 = -3.7694792107E-01  9.2610608336E-01 -1.5420349132E-02
           Stress_EigVec3 =  9.1021001189E-01  3.7345856433E-01  1.7901518085E-01
           -DivStress = -7.4596389316E+00 -3.0543550675E+00 -1.4784349813E+00
           ESP =  -1.0326122278E+00     ESP at Nucleus =  -1.0355329678E+00
           ESPe = -1.7003110484E+01     ESPe at Nucleus = -1.6929982049E+01
           ESPn =  1.5970498257E+01     ESPn at Nucleus =  1.5894449081E+01

CP# 14     Coords =  3.01808858688281E+00  2.99779437016129E+00 -9.46757215054521E-01
           Type = (3,-3) NACP Cl14
           Rho =  3.0207929382E+03     Rho at Nucleus =  3.0207929307E+03
           GradRho =  3.0440340642E-09  8.9079675667E-10  1.6973668131E-11
           HessRho_EigVals = -3.0378154336E+07 -3.0377724150E+07 -3.0377711121E+07
           HessRho_EigVec1 =  3.2479130409E-03  8.9234090756E-01 -4.5135036917E-01
           HessRho_EigVec2 =  7.7221176549E-01  2.8453353122E-01  5.6809300194E-01
           HessRho_EigVec3 =  6.3535693929E-01 -3.5038318210E-01 -6.8815200748E-01
           DelSqRho = -9.1133589607E+07
           Bond Ellipticity = NA
           V = -2.2810607009E+07
           G =  1.3604803708E+04
           K =  2.2797002206E+07
           L =  2.2783397402E+07
           Vnuc =  2.4102328764E+07
           Ven = -7.2808144525E+10
           Vrep =  7.2785333918E+10
           DelSqV =  4.3103240264E+12
           DelSqVen =  2.1965317048E+15
           DelSqVrep = -2.1922213723E+15
           DelSqG =  2.2936035080E+11
           DelSqK = -4.5396843772E+12
           Stress_EigVals = -7.6035738290E+06 -7.6035705709E+06 -7.6034626094E+06
           Stress_EigVec1 =  6.3518124948E-01 -3.5055824239E-01 -6.8822503514E-01
           Stress_EigVec2 =  7.7235581999E-01  2.8441914639E-01  5.6795443171E-01
           Stress_EigVec3 =  3.3567303174E-03  8.9230861693E-01 -4.5141340754E-01
           -DivStress =  4.6179320368E+04  8.5947719845E+05 -4.6460340352E+05
           ESP =  -6.4386397339E+01     ESP at Nucleus =  -6.4386397361E+01
           ESPe = -7.4808085344E+01     ESPe at Nucleus = -7.4808084342E+01
           ESPn =  1.0421688005E+01     ESPn at Nucleus =  1.0421686981E+01

CP# 15     Coords =  5.15440356486718E+00 -2.15702504466731E+00 -8.30511203778780E-01
           Type = (3,-3) NACP Cl15
           Rho =  3.0207958368E+03     Rho at Nucleus =  3.0207958291E+03
           GradRho =  1.1779179793E-09 -2.6223892693E-09 -7.6223649267E-10
           HessRho_EigVals = -3.0378193722E+07 -3.0377759064E+07 -3.0377748089E+07
           HessRho_EigVec1 =  6.4172966779E-01 -6.4403245449E-01 -4.1641953730E-01
           HessRho_EigVec2 =  7.1714164513E-01  3.1146094489E-01  6.2345805042E-01
           HessRho_EigVec3 = -2.7182879592E-01 -6.9872331962E-01  6.6173622262E-01
           DelSqRho = -9.1133700875E+07
           Bond Ellipticity = NA
           V = -2.2810635021E+07
           G =  1.3604901079E+04
           K =  2.2797030120E+07
           L =  2.2783425219E+07
           Vnuc =  2.3902007787E+07
           Ven = -7.2203085613E+10
           Vrep =  7.2180274978E+10
           DelSqV =  4.3103293386E+12
           DelSqVen =  2.1782784628E+15
           DelSqVrep = -2.1739681335E+15
           DelSqG =  2.2936069396E+11
           DelSqK = -4.5396900325E+12
           Stress_EigVals = -7.6035831968E+06 -7.6035804543E+06 -7.6034713698E+06
           Stress_EigVec1 = -2.7177021420E-01 -6.9880278896E-01  6.6167636562E-01
           Stress_EigVec2 =  7.1713497754E-01  3.1144814858E-01  6.2347211224E-01
           Stress_EigVec3 =  6.4176192990E-01 -6.4395241508E-01 -4.1649359231E-01
           -DivStress =  6.4508846668E+05 -6.0351405835E+05 -4.3866786869E+05
           ESP =  -6.4387091037E+01     ESP at Nucleus =  -6.4387091059E+01
           ESPe = -7.4316109729E+01     ESPe at Nucleus = -7.4316108666E+01
           ESPn =  9.9290186920E+00     ESPn at Nucleus =  9.9290176073E+00

CP# 16     Coords = -3.51394845621467E+00  2.32071581993387E+00 -1.50587832698016E+00
           Type = (3,-3) NACP H16
           Rho =  4.2401585395E-01     Rho at Nucleus =  4.2026890067E-01
           GradRho = -6.0998976053E-15  2.4283934848E-15  4.4059740123E-15
           HessRho_EigVals = -6.4561058552E+00 -6.4499584807E+00 -5.8526938035E+00
           HessRho_EigVec1 =  1.9331475760E-01  9.7249138441E-01 -1.2996119323E-01
           HessRho_EigVec2 =  5.6237111276E-01 -1.2872195496E-03  8.2688395473E-01
           HessRho_EigVec3 =  8.0397023329E-01 -2.3293529213E-01 -5.4714990054E-01
           DelSqRho = -1.8758758139E+01
           Bond Ellipticity = NA
           V = -4.6989702902E+00
           G =  4.6403776653E-03
           K =  4.6943299125E+00
           L =  4.6896895348E+00
           Vnuc =  4.3112887550E+01
           Ven = -1.8280547831E+01
           Vrep =  1.3581577541E+01
           DelSqV =  7.0606522714E+02
           DelSqVen =  8.0874423025E+02
           DelSqVrep = -1.0267900311E+02
           DelSqG =  6.9499912045E+01
           DelSqK = -7.7556513918E+02
           Stress_EigVals = -1.6173477801E+00 -1.6167535435E+00 -1.4648689666E+00
           Stress_EigVec1 =  2.3619115224E-01  9.6968800054E-01 -6.2601287552E-02
           Stress_EigVec2 =  5.4447624025E-01 -7.8709537167E-02  8.3507510594E-01
           Stress_EigVec3 =  8.0483499141E-01 -2.3132226516E-01 -5.4656257303E-01
