AIMSum (Version 19.02.13, Professional)
Copyright (c) 1997-2019 by Todd A. Keith
AIMSum is a component of the AIMAll package ( http://aim.tkgristmill.com )

TP:  64-bit Linux

Much of the Quantum Theory of Atoms in Molecules (QTAIM) is described in the book:
  "Atoms in Molecules - A Quantum Theory"
  R.F.W. Bader, Oxford University Press, Oxford, 1990

For additional references see:  http://aim.tkgristmill.com/references.html

Wfn File:  /home/mhennefarth/Documents/ML_Diels/summary-levandowski2016/37-opt/37-opt.wfn
Sum File:  /home/mhennefarth/Documents/ML_Diels/summary-levandowski2016/37-opt/37-opt.sum

SumViz File:  /home/mhennefarth/Documents/ML_Diels/summary-levandowski2016/37-opt/37-opt.sumviz

Wfn Title:   Title Card Required                                                           
 
Total memory allocated for AIMSum =        1.357 Megabytes

Atomic units (a.u.) used throughout, except where stated otherwise

Model:  Restricted SCF
 
Restricted, closed-shell, single-determinant wavefunction.
  Number of electrons (from MO Occs)                   =          90.0000000000
  Number of Alpha electrons (from MO Occs)             =          45.0000000000
  Number of Beta electrons (from MO Occs)              =          45.0000000000
  Number of electron pairs (N*(N-1)/2)                 =        4005.0000000000
  Number of electron pairs (from Muller 2EDM)          =        4005.0000000000
 
Nuclear Charges and Cartesian Coordinates:
-------------------------------------------------------------------------------
Atom      Charge                X                  Y                  Z
-------------------------------------------------------------------------------
C1         6.0           4.8492539200E+00  -2.9695405300E+00   5.9782161000E-01
C2         6.0           5.7605284200E+00  -9.2626216000E-01  -1.2283520900E+00
C3         6.0           2.0984334400E+00   1.4792778400E+00  -4.1848061000E-01
C4         6.0           3.0955797800E+00  -1.7338510100E+00   2.5289564700E+00
H5         1.0           7.0173632900E+00   4.1306526000E-01  -2.4192796000E-01
H6         1.0           6.7953134200E+00  -1.7188335500E+00  -2.8319417300E+00
H7         1.0           3.8041203600E+00  -4.4145568200E+00  -4.5552350000E-01
H8         1.0           6.4537019000E+00  -3.8832520700E+00   1.5415773800E+00
H9         1.0           4.1745472500E+00  -4.4976343000E-01   3.7660373800E+00
H10        1.0           2.1373898700E+00  -3.1240926700E+00   3.7199322300E+00
O11        8.0           3.6561018000E+00   4.0028474000E-01  -2.2781406200E+00
O12        8.0           1.1424726700E+00  -3.5078277000E-01   1.2717159300E+00
C13        6.0           2.4221374500E+00   4.1478453500E+00   3.9151111000E-01
C14        6.0           4.9932829000E-01   3.6304319800E+00  -1.0801042200E+00
H15        1.0           3.4643881100E+00   5.5602111100E+00   1.4388267800E+00
H16        1.0          -1.1645598000E+00   4.2551218000E+00  -2.0862413200E+00
C17        6.0          -7.2300525600E+00   2.1110680200E+00   7.6702267000E-01
C18        6.0          -6.7807602200E+00  -3.2842277100E+00  -1.4279718000E+00
C19        6.0          -5.2927883800E+00   4.9566820000E-01   9.9181682000E-01
C20        6.0          -4.9356610800E+00  -1.8404172800E+00  -4.6991435000E-01
H21        1.0          -6.3625136700E+00  -4.9736518900E+00  -2.5171221300E+00
H22        1.0          -7.3719355700E+00   3.7850773800E+00   1.9475377100E+00
H23        1.0          -3.7806584000E+00   9.2749184000E-01   2.3202151000E+00
H24        1.0          -2.9738772600E+00  -2.4130062200E+00  -7.1678244000E-01
H25        1.0          -8.7673923500E+00  -2.8433460200E+00  -1.1392065100E+00
H26        1.0          -8.7304774000E+00   1.8235632800E+00  -6.0781703000E-01
 
Some Atomic Properties:
----------------------
  q(A) = Net Charge of Atom A
  L(A) = Lagrangian of Atom A = -(1/4) Times Atomic Integral of the Laplacian of the Electron Density
  K(A) = Electronic Kinetic Energy of Atom A (Hamiltonian Form)
  K_Scaled(A) = K(A) * E(Mol)/K(Mol) = Approximation to Virial-Based Total Energy of Atom A.
  |Mu_Intra(A)| = Magnitude of Intraatomic Dipole Moment of Atom A
--------------------------------------------------------------------------------------------------
Atom A          q(A)              L(A)              K(A)          K_Scaled(A)      |Mu_Intra(A)|
--------------------------------------------------------------------------------------------------
C1        4.4615262000E-03 -3.1989157696E-04  3.7720023289E+01 -3.8078604164E+01  1.1652897894E-01
C2        4.7673109000E-01  1.0288881183E-05  3.7413600636E+01 -3.7769268540E+01  5.8987092518E-01
C3        1.0669270935E+00  3.4009428347E-04  3.7012259683E+01 -3.7364112288E+01  4.6061179986E-01
C4        4.7094190560E-01 -4.7381900794E-05  3.7417544142E+01 -3.7773249535E+01  5.8827766735E-01
H5        2.7849757900E-03  3.6407227728E-05  6.1786364209E-01 -6.2373728866E-01  1.6680230185E-01
H6        3.2741325290E-02  2.9645073610E-05  6.1074776458E-01 -6.1655376492E-01  1.4975021585E-01
H7        2.1307360720E-02  2.7536179819E-05  6.0735565169E-01 -6.1312940531E-01  1.5412141587E-01
H8        1.2656790910E-02  2.7989290734E-05  6.0641471647E-01 -6.1217952521E-01  1.5687141172E-01
H9        4.4657716500E-03  3.3257249091E-05  6.1744425970E-01 -6.2331391946E-01  1.6619647315E-01
H10       3.3694882630E-02  2.5699410504E-05  6.1044223028E-01 -6.1624532609E-01  1.4936762202E-01
O11      -1.0642745138E+00 -2.0382582590E-04  7.5207635081E+01 -7.5922587439E+01  1.2590083354E-01
O12      -1.0723374136E+00  4.9472185929E-05  7.5187955420E+01 -7.5902720695E+01  7.8174163684E-02
C13      -1.3531357760E-01  2.3818658294E-05  3.7775739061E+01 -3.8134849592E+01  2.6791857221E-01
C14      -9.5908169900E-02  3.4290397493E-06  3.7774352626E+01 -3.8133449976E+01  2.7387530207E-01
H15       1.1175876924E-01  2.1270534103E-05  5.5942861136E-01 -5.6474675232E-01  1.4503630319E-01
H16       1.2755634187E-01  1.1572678986E-05  5.5307142046E-01 -5.5832912755E-01  1.4187461256E-01
C17      -1.0021847690E-01  5.7255175711E-05  3.7707046865E+01 -3.8065504381E+01  9.9393821683E-02
C18      -9.5891271600E-02  1.2412002121E-05  3.7706747914E+01 -3.8065202588E+01  9.8565497239E-02
C19      -3.1109202900E-02  4.3753279408E-04  3.7705313524E+01 -3.8063754562E+01  8.5186746841E-02
C20      -2.9731309200E-02 -1.8304388339E-05  3.7705031557E+01 -3.8063469914E+01  9.7556868416E-02
H21       3.7170603140E-02  2.5488662793E-05  5.9674330241E-01 -6.0241617100E-01  1.4935132825E-01
H22       3.6178373990E-02  2.3580295391E-05  5.9705217889E-01 -6.0272798378E-01  1.4967967901E-01
H23       5.4035255620E-02  7.1775792139E-06  5.9586417323E-01 -6.0152868449E-01  1.4099999835E-01
H24       6.0439440860E-02  2.7278485146E-05  5.9324348113E-01 -5.9888307909E-01  1.3831042910E-01
H25       3.5312488360E-02  8.1345991077E-06  5.9659636038E-01 -6.0226783209E-01  1.5020206124E-01
H26       3.6231531420E-02  2.7375531114E-05  5.9618854915E-01 -6.0185614405E-01  1.5012950934E-01
--------------------------------------------------------------------------------------------------
Total     6.1159129000E-04  6.7731212588E-04  5.3469170614E+02 -5.3977468868E+02
 
1st Largest |L(A)| = 4.3753279408E-04, atom C19     
2nd Largest |L(A)| = 3.4009428347E-04, atom C3      
 
Molecular charge q(Mol) from the wfn file:   0.0000000000E+00
Molecular energy E(Mol) from the wfn file:  -5.3977457309E+02
Molecular virial ratio (-V(Mol)/T(Mol)) from the wfn file:   2.0095063800E+00
Note.  K_Scaled(A) = (1+V(Mol)/T(Mol))*K(A) = (E(Mol)/T(Mol))*K(A)
       Only use K_Scaled(A) data with caution.
 
N_AIMInt(SumA)     =         89.999388
N_Analytic(Mol)    =         89.999983
 
G_AIMInt(SumA)     =        534.691029
G_Analytic(Mol)    =        534.691553
 
K_AIMInt(SumA)     =        534.691706
K_Analytic(Mol)    =        534.691553
 
L_AIMInt(SumA)     =          0.000677
L_Analytic(Mol)    =          0.000000
 
VenT_AIMInt(SumA)  =      -2611.906657
VenT_Analytic(Mol) =      -2611.915293
 
Some Information About the Atomic Calculations:
----------------------------------------------
  Time(sec) = "Elapsed User Time", in Seconds, for Atom A by AIMInt and, if used, by TWOe
  NProc = Number of Processors Used for AIMInt Job
  BIM = Basin Integration Method
  OAQ = Angular Quadrature Outside of Beta Sphere
  ORQ = Multiple of Default for Radial Quadrature Outside of Beta Sphere
  IAQ = Multiple of Default for Angular Quadrature Inside of Beta Sphere
  IRQ = Multiple of Default for Radial Quadrature Inside of Beta Sphere
  MIR = Maximum Integration Radius
------------------------------------------------------------------------------------------------------
Atom A     Time(sec)   NProc      BIM          OAQ                     ORQ      IAQ      IRQ      MIR
------------------------------------------------------------------------------------------------------
C1             28        8     Proaim(5)    4500(GS4)                  1.00     1.00     1.00    13.00
C2             27        8     Proaim(5)    4500(GS4)                  1.00     1.00     1.00    13.00
C3             35        8     Proaim(5)    5400(GS5)                  1.00     1.00     1.00    13.00
C4             32        8     Proaim(5)    4500(GS4)                  1.00     1.00     1.00    13.00
H5              7        8     Proaim(5)    1800(GS4)                  1.00     1.00     1.00    13.00
H6              6        8     Proaim(5)    1800(GS4)                  1.00     1.00     1.00    13.00
H7              9        8     Proaim(5)    1800(GS4)                  1.00     1.00     1.00    13.00
H8              6        8     Proaim(5)    1800(GS4)                  1.00     1.00     1.00    13.00
H9              7        8     Proaim(5)    1800(GS4)                  1.00     1.00     1.00    13.00
H10             6        8     Proaim(5)    1800(GS4)                  1.00     1.00     1.00    13.00
O11            20        8     Proaim(5)    4500(GS4)                  1.00     1.00     1.00    13.00
O12            33        8     Proaim(5)    4500(GS4)                  1.00     1.00     1.00    13.00
C13            23        8     Proaim(5)    4500(GS4)                  1.00     1.00     1.00    13.00
C14            41        8     Proaim(5)    4500(GS4)                  1.00     1.00     1.00    13.00
H15             7        8     Proaim(5)    1800(GS4)                  1.00     1.00     1.00    13.00
H16            10        8     Proaim(5)    1800(GS4)                  1.00     1.00     1.00    13.00
C17            26        8     Proaim(5)    4500(GS4)                  1.00     1.00     1.00    13.00
C18            23        8     Proaim(5)    4500(GS4)                  1.00     1.00     1.00    13.00
C19            96        8    Promega(1)    4500(GS4)                  1.00     1.00     1.00    13.00
C20            33        8     Proaim(5)    4500(GS4)                  1.00     1.00     1.00    13.00
H21             5        8     Proaim(5)    1800(GS4)                  1.00     1.00     1.00    13.00
H22             5        8     Proaim(5)    1800(GS4)                  1.00     1.00     1.00    13.00
H23            83        8    Promega(1)    4500(GS4)                  1.00     1.00     1.00    13.00
H24            16        8     Proaim(5)    4500(GS4)                  1.00     1.00     1.00    13.00
H25             8        8     Proaim(5)    1800(GS4)                  1.00     1.00     1.00    13.00
H26             7        8     Proaim(5)    1800(GS4)                  1.00     1.00     1.00    13.00
------------------------------------------------------------------------------------------------------
Total         599
Note:  Total wall clock time is less than total of atomic times if more than one atom
       was calculated at a time
 
Electron Density Critical Point Analysis of Molecular Structure:               
---------------------------------------------------------------                
  NACP = Nuclear Attractor Critical Point                                      
  NNACP = Non-Nuclear Attractor Critical Point                                 
  BCP = Bond Critical Point                                                    
  RCP = Ring Critical Point                                                    
  CCP = Cage Critical Point                                                    
  Rho = Electron Density                                                       
  GradRho = Gradient of Electron Density                                       
  HessRho_EigVals = Eigenvalues of the Hessian of Rho, Ascending Order         
  HessRho_EigVecs = Eigenvectors of the Hessian of Rho                         
  DelSqRho = Laplacian of Rho = Trace of Hessian of Rho                        
  Bond Ellipticity = (HessRho_EigVal(1) / HessRho_EigVal(2)) - 1               
  V = Virial Field = Potential Energy Density = Trace of Stress Tensor         
  G = Lagrangian Form of Kinetic Energy Density                                
  K = Hamiltonian Form of Kinetic Energy Density                               
  L = K - G = Lagrangian Density = (-1/4)DelSqRho                              
  Vnuc = Electrostatic Potential from Nuclei                                   
  Ven = Electron-nuclear attractive contribution to Virial Field V             
  Vrep = V - Ven = Repulsive contribution to Virial Field V                    
  DelSqV = Laplacian of V                                                      
  DelSqVen = Laplacian of Ven                                                  
  DelSqVrep = Laplacian of Vrep                                                
  DelSqG = Laplacian of G                                                      
  DelSqK = Laplacian of K                                                      
  Stress_EigVals = Eigenvalues of Stress Tensor, Ascending Order               
  Stress_EigVecs = Eigenvectors of Stress Tensor                               
  -DivStress = Ehrenfest Force Density = Minus Divergence of Stress Tensor     
  ESP = Total Electrostatic Potential                                          
  ESPe = Electrostatic Potential from Electrons                                
  ESPn = Electrostatic Potential from Nuclei                                   
  BP = Bond Path                                                               
  BPL = Bond Path Length                                                       
  GBL = Geometric Bond Length                                                  
  GBL_I = Distance Between Nuclear Attractors                                  
  GBL_II = Distance Between Nuclei                                             
  GBL_III = Sum of Distances Between BCP and Nuclear Attractors                
  GBL_IV = Sum of Distances Between BCP and Nuclei                             

CP# 1      Coords =  4.84925406245841E+00 -2.96953978681715E+00  5.97821933811748E-01
           Type = (3,-3) NACP C1
           Rho =  1.1755832410E+02     Rho at Nucleus =  1.1755832405E+02
           GradRho =  4.7950259457E-11  1.0752830413E-10  5.5645918156E-11
           HessRho_EigVals = -1.4486412436E+05 -1.4486408727E+05 -1.4486389269E+05
           HessRho_EigVec1 = -4.0682924717E-01  8.9835781239E-01  1.6565990631E-01
           HessRho_EigVec2 = -4.9465267706E-01 -3.6909963770E-01  7.8681903036E-01
           HessRho_EigVec3 =  7.6799003426E-01  2.3815687764E-01  5.9453562459E-01
           DelSqRho = -4.3459210433E+05
           Bond Ellipticity = NA
           V = -1.0865849703E+05
           G =  5.2354744860E+00
           K =  1.0865326156E+05
           L =  1.0864802608E+05
           Vnuc =  7.2896617080E+06
           Ven = -8.5696041363E+08
           Vrep =  8.5685175513E+08
           DelSqV =  2.4928679319E+09
           DelSqVen =  3.1680302940E+12
           DelSqVrep = -3.1655374261E+12
           DelSqG =  1.3390829153E+08
           DelSqK = -2.6267762235E+09
           Stress_EigVals = -3.6219561648E+04 -3.6219489538E+04 -3.6219445845E+04
           Stress_EigVec1 =  7.7853695091E-01  1.9651188819E-01  5.9603967475E-01
           Stress_EigVec2 = -2.3595102646E-01  9.7168878033E-01 -1.2166646883E-02
           Stress_EigVec3 = -5.8155595533E-01 -1.3116398890E-01  8.0286280200E-01
           -DivStress = -1.1332757329E+02 -6.0505922812E+02 -2.6150162282E+02
           ESP =  -1.4735643784E+01     ESP at Nucleus =  -1.4735643785E+01
           ESPe = -2.9857093707E+01     ESPe at Nucleus = -2.9857092753E+01
           ESPn =  1.5121449923E+01     ESPn at Nucleus =  1.5121448968E+01

CP# 2      Coords =  5.76052415209604E+00 -9.26260133771541E-01 -1.22835337491184E+00
           Type = (3,-3) NACP C2
           Rho =  1.1754241595E+02     Rho at Nucleus =  1.1754241421E+02
           GradRho = -5.2112327830E-11  3.1427771152E-12  2.3185959209E-12
           HessRho_EigVals = -1.4483088849E+05 -1.4482920861E+05 -1.4482891745E+05
           HessRho_EigVec1 =  7.9424697865E-01 -4.8692357369E-01  3.6342422910E-01
           HessRho_EigVec2 =  6.0153446553E-01  7.1442767229E-01 -3.5742046365E-01
           HessRho_EigVec3 = -8.5603876577E-02  5.0249232278E-01  8.6033333183E-01
           DelSqRho = -4.3448901455E+05
           Bond Ellipticity = NA
           V = -1.0863241076E+05
           G =  5.0785605162E+00
           K =  1.0862733220E+05
           L =  1.0862225364E+05
           Vnuc =  1.2254855833E+06
           Ven = -1.4404653617E+08
           Vrep =  1.4393790376E+08
           DelSqV =  2.4922586199E+09
           DelSqVen =  5.3246002483E+11
           DelSqVrep = -5.2996776621E+11
           DelSqG =  1.3386149508E+08
           DelSqK = -2.6261201150E+09
           Stress_EigVals = -3.6211037691E+04 -3.6210924456E+04 -3.6210448613E+04
           Stress_EigVec1 = -1.1702020723E-01  4.8863049722E-01  8.6460771931E-01
           Stress_EigVec2 =  6.3373043648E-01  7.0704216274E-01 -3.1381063396E-01
           Stress_EigVec3 =  7.6465155789E-01 -5.1120604192E-01  3.9239823868E-01
           -DivStress =  3.4597749031E+03 -1.6374271657E+03  1.0439872161E+03
           ESP =  -1.4688123860E+01     ESP at Nucleus =  -1.4688123968E+01
           ESPe = -3.0228762176E+01     ESPe at Nucleus = -3.0228754042E+01
           ESPn =  1.5540638317E+01     ESPn at Nucleus =  1.5540630074E+01

CP# 3      Coords =  2.09843379299050E+00  1.47927616630416E+00 -4.18480525357702E-01
           Type = (3,-3) NACP C3
           Rho =  1.1733095246E+02     Rho at Nucleus =  1.1733095225E+02
           GradRho =  2.7026797074E-10 -1.1473538429E-09  6.7250694732E-11
           HessRho_EigVals = -1.4452855049E+05 -1.4452813313E+05 -1.4452571155E+05
           HessRho_EigVec1 = -5.5391018065E-01 -2.3902301414E-01  7.9752837597E-01
           HessRho_EigVec2 =  2.1761357473E-01 -9.6616908966E-01 -1.3842551165E-01
           HessRho_EigVec3 =  8.0363414802E-01  9.6877700680E-02  5.8718554754E-01
           DelSqRho = -4.3358239516E+05
           Bond Ellipticity = NA
           V = -1.0840555792E+05
           G =  4.9795645862E+00
           K =  1.0840057836E+05
           L =  1.0839559879E+05
           Vnuc =  3.5034488158E+06
           Ven = -4.1106298647E+08
           Vrep =  4.1095458091E+08
           DelSqV =  2.4870323946E+09
           DelSqVen =  1.5190337290E+12
           DelSqVrep = -1.5165466966E+12
           DelSqG =  1.3354083657E+08
           DelSqK = -2.6205732311E+09
           Stress_EigVals = -3.6135526940E+04 -3.6135106911E+04 -3.6134924069E+04
           Stress_EigVec1 =  8.1639730230E-01  2.0576715513E-02  5.7712394126E-01
           Stress_EigVec2 = -1.4914944630E-01  9.7297182063E-01  1.7629599808E-01
           Stress_EigVec3 = -5.5789773926E-01 -2.3000529352E-01  7.9740057530E-01
           -DivStress = -2.7662131769E+02  1.3450058737E+03 -6.3920355345E+01
           ESP =  -1.4616911043E+01     ESP at Nucleus =  -1.4616911062E+01
           ESPe = -3.3676354745E+01     ESPe at Nucleus = -3.3676353773E+01
           ESPn =  1.9059443702E+01     ESPn at Nucleus =  1.9059442711E+01

CP# 4      Coords =  3.09557663692897E+00 -1.73384854505287E+00  2.52895348539824E+00
           Type = (3,-3) NACP C4
           Rho =  1.1754357286E+02     Rho at Nucleus =  1.1754357106E+02
           GradRho = -1.5938847444E-11  6.2236834054E-12  6.0761836566E-12
           HessRho_EigVals = -1.4483231285E+05 -1.4483058781E+05 -1.4483031077E+05
           HessRho_EigVec1 =  7.0240781547E-01 -5.1649751223E-01  4.8974848711E-01
           HessRho_EigVec2 = -2.5653855550E-01  4.5811482175E-01  8.5106919791E-01
           HessRho_EigVec3 = -6.6393616434E-01 -7.2343702556E-01  1.8928190547E-01
           DelSqRho = -4.3449321142E+05
           Bond Ellipticity = NA
           V = -1.0863346212E+05
           G =  5.0796330862E+00
           K =  1.0862838249E+05
           L =  1.0862330286E+05
           Vnuc =  1.2033247786E+06
           Ven = -1.4144309379E+08
           Vrep =  1.4133446033E+08
           DelSqV =  2.4922825681E+09
           DelSqVen =  5.2283644602E+11
           DelSqVrep = -5.2034416338E+11
           DelSqG =  1.3386276743E+08
           DelSqK = -2.6261453356E+09
           Stress_EigVals = -3.6211390298E+04 -3.6211280940E+04 -3.6210790884E+04
           Stress_EigVec1 =  6.5966598021E-01  7.1785845624E-01 -2.2253096717E-01
           Stress_EigVec2 = -2.0532338038E-01  4.5696603126E-01  8.6546193200E-01
           Stress_EigVec3 =  7.2296825934E-01 -5.2522498329E-01  4.4883806980E-01
           -DivStress =  2.5489097275E+03 -1.9928067883E+03  2.4203332442E+03
           ESP =  -1.4686702666E+01     ESP at Nucleus =  -1.4686702778E+01
           ESPe = -3.0811841973E+01     ESPe at Nucleus = -3.0811833330E+01
           ESPn =  1.6125139308E+01     ESPn at Nucleus =  1.6125130552E+01

CP# 5      Coords =  6.99724421660993E+00  3.91919866289126E-01 -2.57324541360132E-01
           Type = (3,-3) NACP H5
           Rho =  4.3207613810E-01     Rho at Nucleus =  4.2871717649E-01
           GradRho = -1.2447281799E-10 -1.3080393408E-10 -9.5309609199E-11
           HessRho_EigVals = -6.6055200033E+00 -6.5995678751E+00 -6.0260778918E+00
           HessRho_EigVec1 =  5.1630307976E-01 -7.6777464943E-01  3.7941167289E-01
           HessRho_EigVec2 =  6.0251982872E-01  1.0811358313E-02 -7.9803068270E-01
           HessRho_EigVec3 =  6.0860577210E-01  6.4062875538E-01  4.6818138786E-01
           DelSqRho = -1.9231165770E+01
           Bond Ellipticity = NA
           V = -4.8173334503E+00
           G =  4.7710038549E-03
           K =  4.8125624464E+00
           L =  4.8077914426E+00
           Vnuc =  4.5781070792E+01
           Ven = -1.9780908266E+01
           Vrep =  1.4963574816E+01
           DelSqV =  7.2597648423E+02
           DelSqVen =  8.8042336192E+02
           DelSqVrep = -1.5444687769E+02
           DelSqG =  7.1694279609E+01
           DelSqK = -7.9767076383E+02
           Stress_EigVals = -1.6541365026E+00 -1.6535201088E+00 -1.5096768389E+00
           Stress_EigVec1 =  3.5833787502E-01 -7.4861978836E-01  5.5781930749E-01
           Stress_EigVec2 =  7.0809101147E-01 -1.7146604087E-01 -6.8498650812E-01
           Stress_EigVec3 =  6.0844152291E-01  6.4044344739E-01  4.6864816643E-01
           -DivStress =  4.6345289007E+00  4.8705083510E+00  3.5459867478E+00
           ESP =  -1.1176923917E+00     ESP at Nucleus =  -1.1199062595E+00
           ESPe = -1.6595169474E+01     ESPe at Nucleus = -1.6508936659E+01
           ESPn =  1.5477477083E+01     ESPn at Nucleus =  1.5389030399E+01

CP# 6      Coords =  6.77795214770509E+00 -1.70564665325634E+00 -2.80507872900842E+00
           Type = (3,-3) NACP H6
           Rho =  4.3379074505E-01     Rho at Nucleus =  4.3010170545E-01
           GradRho = -4.7973807374E-16  1.5609790190E-15  2.1855071578E-15
           HessRho_EigVals = -6.6186343383E+00 -6.6136553545E+00 -6.0070983627E+00
           HessRho_EigVec1 =  6.3766674252E-01 -4.4215930504E-01  6.3077434511E-01
           HessRho_EigVec2 =  5.8335307321E-01  8.1195837409E-01 -2.0561875452E-02
           HessRho_EigVec3 = -5.0307088711E-01  3.8107577686E-01  7.7569384091E-01
           DelSqRho = -1.9239388055E+01
           Bond Ellipticity = NA
           V = -4.8184430388E+00
           G =  4.2980124794E-03
           K =  4.8141450263E+00
           L =  4.8098470139E+00
           Vnuc =  4.3365383372E+01
           Ven = -1.8811501962E+01
           Vrep =  1.3993058923E+01
           DelSqV =  7.2461950077E+02
           DelSqVen =  8.3432343887E+02
           DelSqVrep = -1.0970393809E+02
           DelSqG =  7.1464296530E+01
           DelSqK = -7.9608379730E+02
           Stress_EigVals = -1.6573526399E+00 -1.6571252180E+00 -1.5039651809E+00
           Stress_EigVec1 =  4.7161794856E-01 -6.2958015796E-01  6.1741828228E-01
           Stress_EigVec2 =  7.2345000806E-01  6.7658567969E-01  1.3730223551E-01
           Stress_EigVec3 = -5.0417913129E-01  3.8191706265E-01  7.7455972063E-01
           -DivStress =  4.0027791192E+00 -3.0391224148E+00 -6.1897118198E+00
           ESP =  -1.1142282830E+00     ESP at Nucleus =  -1.1166245699E+00
           ESPe = -1.5575086869E+01     ESPe at Nucleus = -1.5475591926E+01
           ESPn =  1.4460858586E+01     ESPn at Nucleus =  1.4358967356E+01

CP# 7      Coords =  3.82130126011508E+00 -4.39086249565042E+00 -4.38204929509719E-01
           Type = (3,-3) NACP H7
           Rho =  4.2615350233E-01     Rho at Nucleus =  4.2265622299E-01
           GradRho =  1.1720761233E-15 -5.2710034451E-16  5.4449818948E-17
           HessRho_EigVals = -6.4752614010E+00 -6.4739734691E+00 -5.8992723062E+00
           HessRho_EigVec1 = -5.6995465831E-01 -1.7358704708E-01  8.0313088881E-01
           HessRho_EigVec2 = -6.4911826719E-01  6.9439983361E-01 -3.1057100037E-01
           HessRho_EigVec3 =  5.0378285270E-01  6.9833831927E-01  5.0845494310E-01
           DelSqRho = -1.8848507176E+01
           Bond Ellipticity = NA
           V = -4.7219986673E+00
           G =  4.9359366021E-03
           K =  4.7170627307E+00
           L =  4.7121267941E+00
           Vnuc =  4.4882630108E+01
           Ven = -1.9126890014E+01
           Vrep =  1.4404891347E+01
           DelSqV =  7.1031416574E+02
           DelSqVen =  8.4597057568E+02
           DelSqVrep = -1.3565640994E+02
           DelSqG =  6.9822766179E+01
           DelSqK = -7.8013693192E+02
           Stress_EigVals = -1.6228367011E+00 -1.6221777011E+00 -1.4769842652E+00
           Stress_EigVec1 = -5.6536788327E-01 -1.7853201877E-01  8.0528595843E-01
           Stress_EigVec2 =  6.5285650539E-01 -6.9354267480E-01  3.0459307544E-01
           Stress_EigVec3 =  5.0412056092E-01  6.9794331898E-01  5.0866254388E-01
           -DivStress = -3.8801668653E+00 -5.3523106611E+00 -3.9115409654E+00
           ESP =  -1.1182995329E+00     ESP at Nucleus =  -1.1205801123E+00
           ESPe = -1.6595996705E+01     ESPe at Nucleus = -1.6512587783E+01
           ESPn =  1.5477697172E+01     ESPn at Nucleus =  1.5392007671E+01

CP# 8      Coords =  6.42793854700497E+00 -3.86829991352632E+00  1.52649239343711E+00
           Type = (3,-3) NACP H8
           Rho =  4.2482281094E-01     Rho at Nucleus =  4.2144946705E-01
           GradRho = -1.0185565169E-15 -8.3249042222E-16 -6.4908811051E-16
           HessRho_EigVals = -6.4707275462E+00 -6.4702308457E+00 -5.9082454619E+00
           HessRho_EigVec1 =  2.6188180712E-01  8.7174981678E-01  4.1408957491E-01
           HessRho_EigVec2 =  5.7928644359E-01  2.0118945848E-01 -7.8990506902E-01
           HessRho_EigVec3 =  7.7191005653E-01 -4.4673824411E-01  4.5230499210E-01
           DelSqRho = -1.8849203854E+01
           Bond Ellipticity = NA
           V = -4.7222473130E+00
           G =  4.9731747859E-03
           K =  4.7172741382E+00
           L =  4.7123009635E+00
           Vnuc =  4.4071545419E+01
           Ven = -1.8722597807E+01
           Vrep =  1.4000350494E+01
           DelSqV =  7.1113373188E+02
           DelSqVen =  8.3071354375E+02
           DelSqVrep = -1.1957981187E+02
           DelSqG =  7.0043783553E+01
           DelSqK = -7.8117751544E+02
           Stress_EigVals = -1.6215355431E+00 -1.6214611655E+00 -1.4792506045E+00
           Stress_EigVec1 =  2.9624423102E-01  8.8256348298E-01  3.6513155725E-01
           Stress_EigVec2 =  5.6228330873E-01  1.4786920041E-01 -8.1361672813E-01
           Stress_EigVec3 =  7.7206012480E-01 -4.4633664210E-01  4.5244531781E-01
           -DivStress =  5.8202645355E+00 -3.3785095319E+00  3.4077063943E+00
           ESP =  -1.1061549130E+00     ESP at Nucleus =  -1.1083998795E+00
           ESPe = -1.5228372822E+01     ESPe at Nucleus = -1.5134702171E+01
           ESPn =  1.4122217909E+01     ESPn at Nucleus =  1.4026302292E+01

CP# 9      Coords =  4.15752336009352E+00 -4.69989152346741E-01  3.74616155588796E+00
           Type = (3,-3) NACP H9
           Rho =  4.3212460951E-01     Rho at Nucleus =  4.2875053475E-01
           GradRho = -2.0834035426E-13 -2.4704490688E-13 -2.4170933083E-13
           HessRho_EigVals = -6.6059734218E+00 -6.6000371247E+00 -6.0249655629E+00
           HessRho_EigVec1 =  6.7629392340E-01 -7.2046166332E-01  1.5349762493E-01
           HessRho_EigVec2 =  5.2593225789E-01  3.2635213213E-01 -7.8542316363E-01
           HessRho_EigVec3 = -5.1577300170E-01 -6.1190626532E-01 -5.9962399316E-01
           DelSqRho = -1.9230976109E+01
           Bond Ellipticity = NA
           V = -4.8172766155E+00
           G =  4.7662940599E-03
           K =  4.8125103214E+00
           L =  4.8077440273E+00
           Vnuc =  4.6160513125E+01
           Ven = -1.9947093709E+01
           Vrep =  1.5129817093E+01
           DelSqV =  7.2589907795E+02
           DelSqVen =  8.8771172509E+02
           DelSqVrep = -1.6181264715E+02
           DelSqG =  7.1685823462E+01
           DelSqK = -7.9758490141E+02
           Stress_EigVals = -1.6542561172E+00 -1.6536462920E+00 -1.5093742063E+00
           Stress_EigVec1 =  7.8445813189E-01 -6.1861220677E-01 -4.4095089916E-02
           Stress_EigVec2 =  3.4374138444E-01  4.9287255397E-01 -7.9932378056E-01
           Stress_EigVec3 = -5.1620470740E-01 -6.1187873242E-01 -5.9928049933E-01
           -DivStress =  3.9209253503E+00  4.6584183729E+00  4.5784591626E+00
           ESP =  -1.1161541003E+00     ESP at Nucleus =  -1.1183771931E+00
           ESPe = -1.7042149950E+01     ESPe at Nucleus = -1.6953736846E+01
           ESPn =  1.5925995850E+01     ESPn at Nucleus =  1.5835359653E+01

CP# 10     Coords =  2.15344883296710E+00 -3.10084247042393E+00  3.69990001417020E+00
           Type = (3,-3) NACP H10
           Rho =  4.3374709296E-01     Rho at Nucleus =  4.3005015996E-01
           GradRho = -7.4809153161E-16 -7.5721494996E-16 -3.6660115353E-16
           HessRho_EigVals = -6.6175522452E+00 -6.6125969834E+00 -6.0054146222E+00
           HessRho_EigVec1 =  8.8614941877E-01 -3.6896878524E-01  2.8035913243E-01
           HessRho_EigVec2 =  2.5555777989E-02  6.4299555525E-01  7.6544341276E-01
           HessRho_EigVec3 =  4.6269440220E-01  6.7113243957E-01 -5.7921942192E-01
           DelSqRho = -1.9235563851E+01
           Bond Ellipticity = NA
           V = -4.8174955184E+00
           G =  4.3022778216E-03
           K =  4.8131932405E+00
           L =  4.8088909627E+00
           Vnuc =  4.4227886901E+01
           Ven = -1.9183717371E+01
           Vrep =  1.4366221853E+01
           DelSqV =  7.2443536686E+02
           DelSqVen =  8.5074834247E+02
           DelSqVrep = -1.2631297561E+02
           DelSqG =  7.1443726831E+01
           DelSqK = -7.9587909369E+02
           Stress_EigVals = -1.6570813359E+00 -1.6568705451E+00 -1.5035436373E+00
           Stress_EigVec1 =  8.4603141602E-01 -5.2987398006E-01  5.8859224891E-02
           Stress_EigVec2 =  2.6761025494E-01  5.1756223702E-01  8.1272017464E-01
           Stress_EigVec3 =  4.6110258572E-01  6.7183546800E-01 -5.7967362316E-01
           -DivStress = -3.6985056834E+00 -5.3572621714E+00  4.6169160913E+00
           ESP =  -1.1125232010E+00     ESP at Nucleus =  -1.1149248273E+00
           ESPe = -1.6469910111E+01     ESPe at Nucleus = -1.6374156218E+01
           ESPn =  1.5357386910E+01     ESPn at Nucleus =  1.5259231391E+01

CP# 11     Coords =  3.65610373866716E+00  4.00283904352666E-01 -2.27813089289279E+00
           Type = (3,-3) NACP O11
           Rho =  2.9001337104E+02     Rho at Nucleus =  2.9001333936E+02
           GradRho =  1.2304285401E-10 -8.6711530968E-12  4.0513095710E-11
           HessRho_EigVals = -6.3950668187E+05 -6.3949285689E+05 -6.3947805415E+05
           HessRho_EigVec1 =  8.2792916164E-01 -5.3352384887E-01 -1.7287453829E-01
           HessRho_EigVec2 =  1.7181566903E-01 -5.2132451917E-02  9.8374873994E-01
           HessRho_EigVec3 =  5.3386578761E-01  8.4417682398E-01 -4.8505779826E-02
           DelSqRho = -1.9184775929E+06
           Bond Ellipticity = NA
           V = -4.7971308196E+05
           G =  4.6841867561E+01
           K =  4.7966624009E+05
           L =  4.7961939823E+05
           Vnuc =  8.0374825798E+05
           Ven = -2.3309774176E+08
           Vrep =  2.3261802868E+08
           DelSqV =  1.9783583246E+10
           DelSqVen =  1.5419730227E+12
           DelSqVrep = -1.5221894400E+12
           DelSqG =  1.0578882285E+09
           DelSqK = -2.0841471474E+10
           Stress_EigVals = -1.5990793817E+05 -1.5990405127E+05 -1.5990109252E+05
           Stress_EigVec1 =  5.3351237747E-01  8.4438956853E-01 -4.8690858021E-02
           Stress_EigVec2 =  1.6654954951E-01 -4.8441410343E-02  9.8484246320E-01
           Stress_EigVec3 =  8.2923204873E-01 -5.3353508444E-01 -1.6647679425E-01
           -DivStress = -1.2516388273E+04  5.3688080276E+03 -6.2641021197E+04
           ESP =  -2.2314477930E+01     ESP at Nucleus =  -2.2314479085E+01
           ESPe = -3.8017325375E+01     ESPe at Nucleus = -3.8017307721E+01
           ESPn =  1.5702847445E+01     ESPn at Nucleus =  1.5702828636E+01

CP# 12     Coords =  1.14248216466563E+00 -3.50781486156469E-01  1.27171467888849E+00
           Type = (3,-3) NACP O12
           Rho =  2.9000160215E+02     Rho at Nucleus =  2.9000157230E+02
           GradRho =  2.4773404790E-11 -4.6914538226E-12  5.2842670452E-11
           HessRho_EigVals = -6.3948046941E+05 -6.3946703908E+05 -6.3945214949E+05
           HessRho_EigVec1 =  2.3741352482E-01 -7.1014387743E-01  6.6282010500E-01
           HessRho_EigVec2 =  9.7118766934E-01  1.8807473787E-01 -1.4636394328E-01
           HessRho_EigVec3 = -2.0720259306E-02  6.7847149264E-01  7.3433446366E-01
           DelSqRho = -1.9183996580E+06
           Bond Ellipticity = NA
           V = -4.7969365304E+05
           G =  4.6869273288E+01
           K =  4.7964678377E+05
           L =  4.7959991449E+05
           Vnuc =  8.2796736559E+05
           Ven = -2.4011186255E+08
           Vrep =  2.3963216890E+08
           DelSqV =  1.9782784796E+10
           DelSqVen =  1.5883723095E+12
           DelSqVrep = -1.5685895247E+12
           DelSqG =  1.0578456692E+09
           DelSqK = -2.0840630466E+10
           Stress_EigVals = -1.5990143504E+05 -1.5989755169E+05 -1.5989466631E+05
           Stress_EigVec1 = -2.0435972812E-02  6.7873744163E-01  7.3409662603E-01
           Stress_EigVec2 =  9.6928756233E-01  1.9343752403E-01 -1.5186686868E-01
           Stress_EigVec3 =  2.4507956365E-01 -7.0844718196E-01  6.6184484424E-01
           -DivStress = -6.1159469969E+04 -8.2751345695E+03  8.0242138545E+03
           ESP =  -2.2309824295E+01     ESP at Nucleus =  -2.2309825375E+01
           ESPe = -3.9074112586E+01     ESPe at Nucleus = -3.9074100549E+01
           ESPn =  1.6764288291E+01     ESPn at Nucleus =  1.6764275174E+01

CP# 13     Coords =  2.42213713569394E+00  4.14784365806378E+00  3.91510504339276E-01
           Type = (3,-3) NACP C13
           Rho =  1.1766727636E+02     Rho at Nucleus =  1.1766727612E+02
           GradRho = -2.3390337746E-10 -1.2519235027E-09 -4.3011051684E-10
           HessRho_EigVals = -1.4498772123E+05 -1.4498718502E+05 -1.4498606284E+05
           HessRho_EigVec1 = -5.6347098463E-01 -1.8055110369E-01  8.0616483950E-01
           HessRho_EigVec2 =  3.8914030791E-01  8.0278311568E-01  4.5178434008E-01
           HessRho_EigVec3 =  7.2874568283E-01 -5.6827860081E-01  3.8208528055E-01
           DelSqRho = -4.3496096910E+05
           Bond Ellipticity = NA
           V = -1.0875061681E+05
           G =  5.1872684361E+00
           K =  1.0874542954E+05
           L =  1.0874024227E+05
           Vnuc =  3.2888536115E+06
           Ven = -3.8699044681E+08
           Vrep =  3.8688169620E+08
           DelSqV =  2.4949597037E+09
           DelSqVen =  1.4305229373E+12
           DelSqVrep = -1.4280279776E+12
           DelSqG =  1.3401131355E+08
           DelSqK = -2.6289710172E+09
           Stress_EigVals = -3.6250499018E+04 -3.6250290201E+04 -3.6249827593E+04
           Stress_EigVec1 = -7.9957480415E-01 -1.2110027010E-01 -5.8823027561E-01
           Stress_EigVec2 = -2.0317630669E-01  9.7625073420E-01  7.5192369164E-02
           Stress_EigVec3 = -5.6515442223E-01 -1.7963637873E-01  8.0519019522E-01
           -DivStress =  2.5745920888E+02  1.3791592891E+03  4.9447006791E+02
           ESP =  -1.4719111272E+01     ESP at Nucleus =  -1.4719111278E+01
           ESPe = -2.9909671824E+01     ESPe at Nucleus = -2.9909667733E+01
           ESPn =  1.5190560551E+01     ESPn at Nucleus =  1.5190556455E+01

CP# 14     Coords =  4.99329821811160E-01  3.63043025508903E+00 -1.08010351148643E+00
           Type = (3,-3) NACP C14
           Rho =  1.1766411563E+02     Rho at Nucleus =  1.1766411521E+02
           GradRho =  1.9503337517E-09 -2.1825378036E-09  9.0935643282E-10
           HessRho_EigVals = -1.4498397853E+05 -1.4498347865E+05 -1.4498239101E+05
           HessRho_EigVec1 = -5.5556634069E-01 -1.8300924613E-01  8.1108178189E-01
           HessRho_EigVec2 = -7.5083965824E-01  5.2947770387E-01 -3.9483308970E-01
           HessRho_EigVec3 =  3.5719161343E-01  8.2834834275E-01  4.3157059024E-01
           DelSqRho = -4.3494984819E+05
           Bond Ellipticity = NA
           V = -1.0874787813E+05
           G =  5.2080437512E+00
           K =  1.0874267009E+05
           L =  1.0873746205E+05
           Vnuc =  2.4862937609E+06
           Ven = -2.9254755657E+08
           Vrep =  2.9243880869E+08
           DelSqV =  2.4948971226E+09
           DelSqVen =  1.0814130749E+12
           DelSqVrep = -1.0789181778E+12
           DelSqG =  1.3400795872E+08
           DelSqK = -2.6289050813E+09
           Stress_EigVals = -3.6249595187E+04 -3.6249363824E+04 -3.6248919123E+04
           Stress_EigVec1 =  7.6274332398E-01  2.6589415435E-01  5.8951074665E-01
           Stress_EigVec2 = -3.2063606171E-01  9.4712215677E-01 -1.2334345868E-02
           Stress_EigVec3 = -5.6161832027E-01 -1.7961046417E-01  8.0766635655E-01
           -DivStress = -1.2474361670E+03  1.4032709733E+03 -5.7725087263E+02
           ESP =  -1.4720818979E+01     ESP at Nucleus =  -1.4720818992E+01
           ESPe = -3.0347770110E+01     ESPe at Nucleus = -3.0347765124E+01
           ESPn =  1.5626951131E+01     ESPn at Nucleus =  1.5626946133E+01

CP# 15     Coords =  3.44596773840474E+00  5.53531826721975E+00  1.42033879071235E+00
           Type = (3,-3) NACP H15
           Rho =  4.1367421742E-01     Rho at Nucleus =  4.0985186971E-01
           GradRho =  1.1155334977E-15 -2.7141620724E-15 -7.9507933440E-16
           HessRho_EigVals = -6.3247965214E+00 -6.3233255634E+00 -5.7137907549E+00
           HessRho_EigVec1 =  6.4384470897E-01 -6.9970817325E-01  3.0963278738E-01
           HessRho_EigVec2 = -5.7241993957E-01 -1.7193941181E-01  8.0173078489E-01
           HessRho_EigVec3 =  5.0773950359E-01  6.9343010532E-01  5.1122919081E-01
           DelSqRho = -1.8361912840E+01
           Bond Ellipticity = NA
           V = -4.5996818589E+00
