AIMSum (Version 19.02.13, Professional)
Copyright (c) 1997-2019 by Todd A. Keith
AIMSum is a component of the AIMAll package ( http://aim.tkgristmill.com )

TP:  64-bit Linux

Much of the Quantum Theory of Atoms in Molecules (QTAIM) is described in the book:
  "Atoms in Molecules - A Quantum Theory"
  R.F.W. Bader, Oxford University Press, Oxford, 1990

For additional references see:  http://aim.tkgristmill.com/references.html

Wfn File:  /home/mhennefarth/Documents/ML_Diels/summary-levandowski2016/38-opt/38-opt.wfn
Sum File:  /home/mhennefarth/Documents/ML_Diels/summary-levandowski2016/38-opt/38-opt.sum

SumViz File:  /home/mhennefarth/Documents/ML_Diels/summary-levandowski2016/38-opt/38-opt.sumviz

Wfn Title:   Title Card Required                                                           
 
Total memory allocated for AIMSum =        1.357 Megabytes

Atomic units (a.u.) used throughout, except where stated otherwise

Model:  Restricted SCF
 
Restricted, closed-shell, single-determinant wavefunction.
  Number of electrons (from MO Occs)                   =          90.0000000000
  Number of Alpha electrons (from MO Occs)             =          45.0000000000
  Number of Beta electrons (from MO Occs)              =          45.0000000000
  Number of electron pairs (N*(N-1)/2)                 =        4005.0000000000
  Number of electron pairs (from Muller 2EDM)          =        4005.0000000000
 
Nuclear Charges and Cartesian Coordinates:
-------------------------------------------------------------------------------
Atom      Charge                X                  Y                  Z
-------------------------------------------------------------------------------
C1         6.0          -5.1628061400E+00   2.7174523600E+00  -5.4370763000E-01
C2         6.0          -5.9417244200E+00  -1.8522410000E-02  -1.0423514900E+00
C3         6.0          -1.9049312900E+00  -1.4348478400E+00   2.0137480000E-01
C4         6.0          -3.0586988600E+00   2.7107982300E+00   1.4331841800E+00
H5         1.0          -6.8806158100E+00  -8.1871222000E-01   6.3826213000E-01
H6         1.0          -7.2385622900E+00  -1.8012568000E-01  -2.6431339400E+00
H7         1.0          -4.4566219500E+00   3.5615812700E+00  -2.2981678100E+00
H8         1.0          -6.7804662600E+00   3.8363487800E+00   1.1287669000E-01
H9         1.0          -3.8051213200E+00   2.0998712200E+00   3.2803553300E+00
H10        1.0          -2.1982879900E+00   4.5745003100E+00   1.6680155400E+00
O11        8.0          -3.7804316500E+00  -1.5075178200E+00  -1.6762392700E+00
O12        8.0          -1.0617443400E+00   1.0543942400E+00   6.7201366000E-01
C13        6.0          -1.7531012400E+00  -3.4027170400E+00   2.1971883000E+00
C14        6.0          -8.3146900000E-02  -3.5009543000E+00   3.7191059000E-01
H15        1.0          -2.4669480400E+00  -4.2164512200E+00   3.9309739300E+00
H16        1.0           1.5441420100E+00  -4.3907639000E+00  -4.8263137000E-01
C17        6.0           4.5270442000E+00   4.4466472000E-01  -3.1196487200E+00
C18        6.0           5.5466929100E+00   1.0974167100E+00   2.6031310300E+00
C19        6.0           6.6947826800E+00   1.6240880000E-02  -1.8789512500E+00
C20        6.0           7.2394789400E+00   6.2193147000E-01   7.7952665000E-01
H21        1.0           6.1594650100E+00   1.5506193400E+00   4.5102440700E+00
H22        1.0           4.3181509500E+00  -9.3768830000E-02  -5.0903792100E+00
H23        1.0           8.2578268200E+00  -8.3728875000E-01  -2.9163534100E+00
H24        1.0           9.2399352100E+00   6.5033466000E-01   1.2738327500E+00
H25        1.0           2.9027730300E+00   1.3317374700E+00  -2.2288658200E+00
H26        1.0           3.5201992300E+00   1.0483295600E+00   2.2688372200E+00
 
Some Atomic Properties:
----------------------
  q(A) = Net Charge of Atom A
  L(A) = Lagrangian of Atom A = -(1/4) Times Atomic Integral of the Laplacian of the Electron Density
  K(A) = Electronic Kinetic Energy of Atom A (Hamiltonian Form)
  K_Scaled(A) = K(A) * E(Mol)/K(Mol) = Approximation to Virial-Based Total Energy of Atom A.
  |Mu_Intra(A)| = Magnitude of Intraatomic Dipole Moment of Atom A
--------------------------------------------------------------------------------------------------
Atom A          q(A)              L(A)              K(A)          K_Scaled(A)      |Mu_Intra(A)|
--------------------------------------------------------------------------------------------------
C1        4.8980323000E-03  5.0045631134E-05  3.7719717297E+01 -3.8078714706E+01  1.1673760513E-01
C2        4.7657812410E-01 -2.9961171739E-04  3.7413462295E+01 -3.7769544923E+01  5.8993565304E-01
C3        1.0625007297E+00 -1.5625702863E-04  3.7014979548E+01 -3.7367269616E+01  4.6091439688E-01
C4        4.6947323420E-01 -2.6042883448E-04  3.7418307940E+01 -3.7774436686E+01  5.8733087266E-01
H5        2.8677950500E-03  3.4259369622E-05  6.1783518454E-01 -6.2371543091E-01  1.6679881027E-01
H6        3.2636361350E-02  2.9270977921E-05  6.1077999034E-01 -6.1659308890E-01  1.4979646650E-01
H7        2.1966785700E-02  2.6406467392E-05  6.0720549470E-01 -6.1298457300E-01  1.5381704388E-01
H8        1.2668723790E-02  2.0067703316E-05  6.0642761355E-01 -6.1219928836E-01  1.5688134065E-01
H9        4.8676095700E-03  3.2779474960E-05  6.1736866021E-01 -6.2324446644E-01  1.6616318189E-01
H10       3.4411707440E-02  3.2260887476E-05  6.1018421144E-01 -6.1599163968E-01  1.4920962426E-01
O11      -1.0638594904E+00  3.7161929465E-04  7.5208070500E+01 -7.5923863311E+01  1.2422334286E-01
O12      -1.0724147570E+00 -1.7094988589E-05  7.5182423571E+01 -7.5897972288E+01  6.9783095090E-02
C13      -1.3476320010E-01  2.9811636090E-06  3.7775490034E+01 -3.8135018260E+01  2.6776426423E-01
C14      -9.2847415600E-02 -4.2374984490E-05  3.7773813301E+01 -3.8133325569E+01  2.7576238321E-01
H15       1.1197130373E-01  1.9090893914E-05  5.5935871024E-01 -5.6468240677E-01  1.4495806675E-01
H16       1.2939555297E-01  1.8952053411E-05  5.5240902764E-01 -5.5766658056E-01  1.4136536337E-01
C17      -9.8522024200E-02 -3.6281803825E-05  3.7711489873E+01 -3.8070408978E+01  1.2478581167E-01
C18      -9.7313618200E-02  7.8150426508E-05  3.7712047989E+01 -3.8070972406E+01  1.2872723889E-01
C19      -3.7020994900E-02  2.3252135177E-06  3.7699561296E+01 -3.8058366871E+01  6.3529949029E-02
C20      -3.4257233300E-02 -3.9690906154E-05  3.7698900650E+01 -3.8057699937E+01  6.4430383060E-02
H21       3.3099387300E-02  2.1551532815E-05  5.9859617265E-01 -6.0429331173E-01  1.4999186941E-01
H22       3.5909674670E-02  2.1052422512E-05  5.9745125618E-01 -6.0313749851E-01  1.4926532709E-01
H23       2.3158622350E-02  2.7196635595E-05  6.0723404239E-01 -6.1301339238E-01  1.5378076123E-01
H24       2.3230918280E-02  3.2646581587E-05  6.0723273085E-01 -6.1301206836E-01  1.5369903252E-01
H25       7.4892854040E-02  3.0313858338E-05  5.8341218192E-01 -5.8896480736E-01  1.2828391336E-01
H26       7.6524073180E-02  3.3059733699E-05  5.8246291934E-01 -5.8800651018E-01  1.2552919287E-01
--------------------------------------------------------------------------------------------------
Total     5.2756019998E-05  3.2290058419E-05  5.3468622249E+02 -5.3977509861E+02
 
1st Largest |L(A)| = 3.7161929465E-04, atom O11     
2nd Largest |L(A)| = 2.9961171739E-04, atom C2      
 
Molecular charge q(Mol) from the wfn file:   0.0000000000E+00
Molecular energy E(Mol) from the wfn file:  -5.3977508154E+02
Molecular virial ratio (-V(Mol)/T(Mol)) from the wfn file:   2.0095175000E+00
Note.  K_Scaled(A) = (1+V(Mol)/T(Mol))*K(A) = (E(Mol)/T(Mol))*K(A)
       Only use K_Scaled(A) data with caution.
 
N_AIMInt(SumA)     =         89.999947
N_Analytic(Mol)    =         89.999983
 
G_AIMInt(SumA)     =        534.686190
G_Analytic(Mol)    =        534.686166
 
K_AIMInt(SumA)     =        534.686222
K_Analytic(Mol)    =        534.686166
 
L_AIMInt(SumA)     =          0.000032
L_Analytic(Mol)    =          0.000000
 
VenT_AIMInt(SumA)  =      -2618.815470
VenT_Analytic(Mol) =      -2618.815827
 
Some Information About the Atomic Calculations:
----------------------------------------------
  Time(sec) = "Elapsed User Time", in Seconds, for Atom A by AIMInt and, if used, by TWOe
  NProc = Number of Processors Used for AIMInt Job
  BIM = Basin Integration Method
  OAQ = Angular Quadrature Outside of Beta Sphere
  ORQ = Multiple of Default for Radial Quadrature Outside of Beta Sphere
  IAQ = Multiple of Default for Angular Quadrature Inside of Beta Sphere
  IRQ = Multiple of Default for Radial Quadrature Inside of Beta Sphere
  MIR = Maximum Integration Radius
------------------------------------------------------------------------------------------------------
Atom A     Time(sec)   NProc      BIM          OAQ                     ORQ      IAQ      IRQ      MIR
------------------------------------------------------------------------------------------------------
C1             28        8     Proaim(5)    4500(GS4)                  1.00     1.00     1.00    13.00
C2             27        8     Proaim(5)    4500(GS4)                  1.00     1.00     1.00    13.00
C3             41        8     Proaim(5)    4500(GS4)                  1.00     1.00     1.00    13.00
C4             32        8     Proaim(5)    4500(GS4)                  1.00     1.00     1.00    13.00
H5              7        8     Proaim(5)    1800(GS4)                  1.00     1.00     1.00    13.00
H6              7        8     Proaim(5)    1800(GS4)                  1.00     1.00     1.00    13.00
H7              7        8     Proaim(5)    1800(GS4)                  1.00     1.00     1.00    13.00
H8              7        8     Proaim(5)    1800(GS4)                  1.00     1.00     1.00    13.00
H9              7        8     Proaim(5)    1800(GS4)                  1.00     1.00     1.00    13.00
H10             6        8     Proaim(5)    1800(GS4)                  1.00     1.00     1.00    13.00
O11            20        8     Proaim(5)    4500(GS4)                  1.00     1.00     1.00    13.00
O12            38        8     Proaim(5)    4500(GS4)                  1.00     1.00     1.00    13.00
C13            23        8     Proaim(5)    4500(GS4)                  1.00     1.00     1.00    13.00
C14            45        8     Proaim(5)    4500(GS4)                  1.00     1.00     1.00    13.00
H15             6        8     Proaim(5)    1800(GS4)                  1.00     1.00     1.00    13.00
H16            10        8     Proaim(5)    1800(GS4)                  1.00     1.00     1.00    13.00
C17            43        8     Proaim(5)    4500(GS4)                  1.00     1.00     1.00    13.00
C18            24        8     Proaim(5)    4500(GS4)                  1.00     1.00     1.00    13.00
C19            27        8     Proaim(5)    4500(GS4)                  1.00     1.00     1.00    13.00
C20            24        8     Proaim(5)    4500(GS4)                  1.00     1.00     1.00    13.00
H21             5        8     Proaim(5)    1800(GS4)                  1.00     1.00     1.00    13.00
H22             6        8     Proaim(5)    1800(GS4)                  1.00     1.00     1.00    13.00
H23             6        8     Proaim(5)    1800(GS4)                  1.00     1.00     1.00    13.00
H24             6        8     Proaim(5)    1800(GS4)                  1.00     1.00     1.00    13.00
H25            16        8     Proaim(5)    4500(GS4)                  1.00     1.00     1.00    13.00
H26            15        8     Proaim(5)    4500(GS4)                  1.00     1.00     1.00    13.00
------------------------------------------------------------------------------------------------------
Total         483
Note:  Total wall clock time is less than total of atomic times if more than one atom
       was calculated at a time
 
Electron Density Critical Point Analysis of Molecular Structure:               
---------------------------------------------------------------                
  NACP = Nuclear Attractor Critical Point                                      
  NNACP = Non-Nuclear Attractor Critical Point                                 
  BCP = Bond Critical Point                                                    
  RCP = Ring Critical Point                                                    
  CCP = Cage Critical Point                                                    
  Rho = Electron Density                                                       
  GradRho = Gradient of Electron Density                                       
  HessRho_EigVals = Eigenvalues of the Hessian of Rho, Ascending Order         
  HessRho_EigVecs = Eigenvectors of the Hessian of Rho                         
  DelSqRho = Laplacian of Rho = Trace of Hessian of Rho                        
  Bond Ellipticity = (HessRho_EigVal(1) / HessRho_EigVal(2)) - 1               
  V = Virial Field = Potential Energy Density = Trace of Stress Tensor         
  G = Lagrangian Form of Kinetic Energy Density                                
  K = Hamiltonian Form of Kinetic Energy Density                               
  L = K - G = Lagrangian Density = (-1/4)DelSqRho                              
  Vnuc = Electrostatic Potential from Nuclei                                   
  Ven = Electron-nuclear attractive contribution to Virial Field V             
  Vrep = V - Ven = Repulsive contribution to Virial Field V                    
  DelSqV = Laplacian of V                                                      
  DelSqVen = Laplacian of Ven                                                  
  DelSqVrep = Laplacian of Vrep                                                
  DelSqG = Laplacian of G                                                      
  DelSqK = Laplacian of K                                                      
  Stress_EigVals = Eigenvalues of Stress Tensor, Ascending Order               
  Stress_EigVecs = Eigenvectors of Stress Tensor                               
  -DivStress = Ehrenfest Force Density = Minus Divergence of Stress Tensor     
  ESP = Total Electrostatic Potential                                          
  ESPe = Electrostatic Potential from Electrons                                
  ESPn = Electrostatic Potential from Nuclei                                   
  BP = Bond Path                                                               
  BPL = Bond Path Length                                                       
  GBL = Geometric Bond Length                                                  
  GBL_I = Distance Between Nuclear Attractors                                  
  GBL_II = Distance Between Nuclei                                             
  GBL_III = Sum of Distances Between BCP and Nuclear Attractors                
  GBL_IV = Sum of Distances Between BCP and Nuclei                             

CP# 1      Coords = -5.16280612574310E+00  2.71745185543426E+00 -5.43706963077033E-01
           Type = (3,-3) NACP C1
           Rho =  1.1755783642E+02     Rho at Nucleus =  1.1755783637E+02
           GradRho = -3.8548589208E-12 -6.4894339875E-11  9.9864192056E-11
           HessRho_EigVals = -1.4486344799E+05 -1.4486341170E+05 -1.4486321194E+05
           HessRho_EigVec1 = -5.8785608032E-01  6.2127015243E-01 -5.1812028192E-01
           HessRho_EigVec2 =  4.7307827144E-01  7.8355220940E-01  4.0279384831E-01
           HessRho_EigVec3 = -6.5621808717E-01  8.3266345289E-03  7.5452534035E-01
           DelSqRho = -4.3459007163E+05
           Bond Ellipticity = NA
           V = -1.0865798907E+05
           G =  5.2355829487E+00
           K =  1.0865275349E+05
           L =  1.0864751791E+05
           Vnuc =  7.1735591449E+06
           Ven = -8.4330809248E+08
           Vrep =  8.4319943449E+08
           DelSqV =  2.4928562500E+09
           DelSqVen =  3.1175573504E+12
           DelSqVrep = -3.1150646252E+12
           DelSqG =  1.3390758988E+08
           DelSqK = -2.6267638399E+09
           Stress_EigVals = -3.6219393117E+04 -3.6219320278E+04 -3.6219275680E+04
           Stress_EigVec1 = -6.7252936140E-01  4.4064888401E-02  7.3875743222E-01
           Stress_EigVec2 = -3.7173628334E-01  8.4304643325E-01 -3.8869634297E-01
           Stress_EigVec3 =  6.3993467924E-01  5.3603264546E-01  5.5059296154E-01
           -DivStress = -1.3982815234E+01  4.1159321552E+02 -5.4058880503E+02
           ESP =  -1.4735713851E+01     ESP at Nucleus =  -1.4735713852E+01
           ESPe = -2.9816570786E+01     ESPe at Nucleus = -2.9816569788E+01
           ESPn =  1.5080856935E+01     ESPn at Nucleus =  1.5080855935E+01

CP# 2      Coords = -5.94172005380870E+00 -1.85244388516749E-02 -1.04235234898255E+00
           Type = (3,-3) NACP C2
           Rho =  1.1754243951E+02     Rho at Nucleus =  1.1754243778E+02
           GradRho = -1.7709130982E-11 -2.1347567235E-14 -1.2183227823E-11
           HessRho_EigVals = -1.4483093687E+05 -1.4482925864E+05 -1.4482896698E+05
           HessRho_EigVec1 =  8.1670646192E-01 -5.3457995783E-01 -2.1728972305E-01
           HessRho_EigVec2 =  5.2312763943E-01  8.4483138284E-01 -1.1223817280E-01
           HessRho_EigVec3 =  2.4357345488E-01 -2.2004618887E-02  9.6963280102E-01
           DelSqRho = -4.3448916249E+05
           Bond Ellipticity = NA
           V = -1.0863244788E+05
           G =  5.0786263461E+00
           K =  1.0862736925E+05
           L =  1.0862229062E+05
           Vnuc =  1.2268653270E+06
           Ven = -1.4420874349E+08
           Vrep =  1.4410011104E+08
           DelSqV =  2.4922594861E+09
           DelSqVen =  5.3305969152E+11
           DelSqVrep = -5.3056743203E+11
           DelSqG =  1.3386156014E+08
           DelSqK = -2.6261210462E+09
           Stress_EigVals = -3.6211050001E+04 -3.6210936667E+04 -3.6210461207E+04
           Stress_EigVec1 =  2.7332749594E-01 -4.5980464598E-03  9.6191004669E-01
           Stress_EigVec2 =  5.5140633122E-01  8.2013094251E-01 -1.5276221731E-01
           Stress_EigVec3 =  7.8818978543E-01 -5.7215740414E-01 -2.2669972879E-01
           -DivStress = -3.5384560884E+03  1.6413711800E+03  7.0077443671E+02
           ESP =  -1.4688254494E+01     ESP at Nucleus =  -1.4688254602E+01
           ESPe = -3.0226891065E+01     ESPe at Nucleus = -3.0226882921E+01
           ESPn =  1.5538636571E+01     ESPn at Nucleus =  1.5538628319E+01

CP# 3      Coords = -1.90493188229956E+00 -1.43484630601609E+00  2.01374155153102E-01
           Type = (3,-3) NACP C3
           Rho =  1.1733058832E+02     Rho at Nucleus =  1.1733058810E+02
           GradRho = -4.6534630308E-10  1.1310547415E-09 -4.6596626266E-10
           HessRho_EigVals = -1.4452813597E+05 -1.4452770814E+05 -1.4452526993E+05
           HessRho_EigVec1 =  5.8578649885E-01  6.4517325982E-01  4.9051569045E-01
           HessRho_EigVec2 =  3.7438690745E-01 -7.5219331156E-01  5.4225424441E-01
           HessRho_EigVec3 =  7.1881056009E-01 -1.3400256292E-01 -6.8216910795E-01
           DelSqRho = -4.3358111404E+05
           Bond Ellipticity = NA
           V = -1.0840524045E+05
           G =  4.9809693475E+00
           K =  1.0840025948E+05
           L =  1.0839527851E+05
           Vnuc =  3.3969847624E+06
           Ven = -3.9857022070E+08
           Vrep =  3.9846181546E+08
           DelSqV =  2.4870251456E+09
           DelSqVen =  1.4728684175E+12
           DelSqVrep = -1.4703813760E+12
           DelSqG =  1.3354046452E+08
           DelSqK = -2.6205656101E+09
           Stress_EigVals = -3.6135425043E+04 -3.6135000853E+04 -3.6134814554E+04
           Stress_EigVec1 =  7.4357785123E-01 -1.9480837924E-01 -6.3964183301E-01
           Stress_EigVec2 =  3.0991615112E-01 -7.4724710347E-01  5.8785520806E-01
           Stress_EigVec3 =  5.9248962728E-01  6.3535144742E-01  4.9526213243E-01
           -DivStress =  4.6946640003E+02 -1.2316176195E+03  5.2289765538E+02
           ESP =  -1.4617394517E+01     ESP at Nucleus =  -1.4617394536E+01
           ESPe = -3.3774098015E+01     ESPe at Nucleus = -3.3774097081E+01
           ESPn =  1.9156703499E+01     ESPn at Nucleus =  1.9156702545E+01

CP# 4      Coords = -3.05869569324282E+00  2.71079487534262E+00  1.43318221828363E+00
           Type = (3,-3) NACP C4
           Rho =  1.1754357903E+02     Rho at Nucleus =  1.1754357721E+02
           GradRho = -2.6007067824E-11  1.6970585324E-11 -1.4756363368E-11
           HessRho_EigVals = -1.4483226460E+05 -1.4483053075E+05 -1.4483025364E+05
           HessRho_EigVec1 =  7.1733485812E-01 -6.3024128306E-01 -2.9702967269E-01
           HessRho_EigVec2 =  4.0550375616E-01  3.0980365752E-02  9.1356823537E-01
           HessRho_EigVec3 = -5.6656632892E-01 -7.7578098847E-01  2.7778850384E-01
           DelSqRho = -4.3449304898E+05
           Bond Ellipticity = NA
           V = -1.0863342328E+05
           G =  5.0805175322E+00
           K =  1.0862834276E+05
           L =  1.0862326224E+05
           Vnuc =  1.1968985402E+06
           Ven = -1.4068773815E+08
           Vrep =  1.4057910473E+08
           DelSqV =  2.4922815839E+09
           DelSqVen =  5.2004409702E+11
           DelSqVrep = -5.1755181544E+11
           DelSqG =  1.3386265665E+08
           DelSqK = -2.6261442405E+09
           Stress_EigVals = -3.6211378370E+04 -3.6211268938E+04 -3.6210775972E+04
           Stress_EigVec1 = -5.6644920769E-01 -7.8642153324E-01  2.4632593683E-01
           Stress_EigVec2 =  3.5707998863E-01  3.5166644795E-02  9.3341158597E-01
           Stress_EigVec3 =  7.4271742731E-01 -6.1668831604E-01 -2.6089527407E-01
           -DivStress = -2.5672571780E+03  2.7151075671E+03  1.5936912408E+03
           ESP =  -1.4686651592E+01     ESP at Nucleus =  -1.4686651706E+01
           ESPe = -3.0834772445E+01     ESPe at Nucleus = -3.0834763748E+01
           ESPn =  1.6148120853E+01     ESPn at Nucleus =  1.6148112042E+01

CP# 5      Coords = -6.86550374910115E+00 -8.05967894812030E-01  6.11834632989088E-01
           Type = (3,-3) NACP H5
           Rho =  4.3207860729E-01     Rho at Nucleus =  4.2871888989E-01
           GradRho =  1.8667653245E-15  3.8293099584E-16 -8.7295469654E-16
           HessRho_EigVals = -6.6055798966E+00 -6.5996241433E+00 -6.0260431343E+00
           HessRho_EigVec1 = -5.8336410761E-01  8.1021628522E-01  5.6884875985E-02
           HessRho_EigVec2 =  6.7162849492E-01  4.4182357608E-01  5.9473279078E-01
           HessRho_EigVec3 = -4.5672911311E-01 -3.8515126741E-01  8.0190836038E-01
           DelSqRho = -1.9231247174E+01
           Bond Ellipticity = NA
           V = -4.8173545401E+00
           G =  4.7713732778E-03
           K =  4.8125831668E+00
           L =  4.8078117936E+00
           Vnuc =  4.5810547657E+01
           Ven = -1.9793757631E+01
           Vrep =  1.4976403091E+01
           DelSqV =  7.2597690873E+02
           DelSqVen =  8.8099396518E+02
           DelSqVrep = -1.5501705645E+02
           DelSqG =  7.1694541011E+01
           DelSqK = -7.9767144974E+02
           Stress_EigVals = -1.6541519390E+00 -1.6535339440E+00 -1.5096686571E+00
           Stress_EigVec1 = -4.0784027826E-01  8.9184549225E-01  1.9564745179E-01
           Stress_EigVec2 =  7.9072000429E-01  2.3785084062E-01  5.6408230998E-01
           Stress_EigVec3 = -4.5653935454E-01 -3.8475784018E-01  8.0220522448E-01
           -DivStress = -3.4812790273E+00 -2.9356789608E+00  6.0869292884E+00
           ESP =  -1.1178202933E+00     ESP at Nucleus =  -1.1200349754E+00
           ESPe = -1.6628186779E+01     ESPe at Nucleus = -1.6542360746E+01
           ESPn =  1.5510366486E+01     ESPn at Nucleus =  1.5422325770E+01

CP# 6      Coords = -7.21682630138172E+00 -1.77338806060147E-01 -2.61636697382761E+00
           Type = (3,-3) NACP H6
           Rho =  4.3380011929E-01     Rho at Nucleus =  4.3011168142E-01
           GradRho =  2.0741187253E-15  2.4480300379E-16  2.3871742808E-15
           HessRho_EigVals = -6.6188335229E+00 -6.6138652166E+00 -6.0073467678E+00
           HessRho_EigVec1 = -6.2880157641E-01  6.3701947911E-01  4.4588648863E-01
           HessRho_EigVec2 =  4.5648474640E-01  7.6664540123E-01 -4.5152685975E-01
           HessRho_EigVec3 =  6.2946823098E-01  8.0380420513E-02  7.7285751221E-01
           DelSqRho = -1.9240045507E+01
           Bond Ellipticity = NA
           V = -4.8186086432E+00
           G =  4.2986331687E-03
           K =  4.8143100100E+00
           L =  4.8100113768E+00
           Vnuc =  4.3347054163E+01
           Ven = -1.8803957267E+01
           Vrep =  1.3985348623E+01
           DelSqV =  7.2464825289E+02
           DelSqVen =  8.3399929470E+02
           DelSqVrep = -1.0935104181E+02
           DelSqG =  7.1467691705E+01
           DelSqK = -7.9611594460E+02
           Stress_EigVals = -1.6574034145E+00 -1.6571768179E+00 -1.5040284108E+00
           Stress_EigVec1 = -4.9124311784E-01  8.1088554387E-01  3.1803275605E-01
           Stress_EigVec2 =  6.0088545973E-01  5.7982187739E-01 -5.5022109628E-01
           Stress_EigVec3 =  6.3056868259E-01  7.9191068007E-02  7.7208283965E-01
           -DivStress = -5.0110171786E+00 -6.4181571776E-01 -6.1676941551E+00
           ESP =  -1.1143131278E+00     ESP at Nucleus =  -1.1167093976E+00
           ESPe = -1.5553962340E+01     ESPe at Nucleus = -1.5454257141E+01
           ESPn =  1.4439649213E+01     ESPn at Nucleus =  1.4337547743E+01

CP# 7      Coords = -4.46825049462126E+00  3.54774528564060E+00 -2.26933299655842E+00
           Type = (3,-3) NACP H7
           Rho =  4.2613417555E-01     Rho at Nucleus =  4.2263260575E-01
           GradRho = -4.8529039589E-15 -3.6873374426E-15  4.7374760263E-15
           HessRho_EigVals = -6.4747451956E+00 -6.4734407195E+00 -5.8983129475E+00
           HessRho_EigVec1 =  6.1649460347E-01  5.8347434724E-01  5.2867011454E-01
           HessRho_EigVec2 =  7.1011535753E-01 -7.0207014863E-01 -5.3232371735E-02
           HessRho_EigVec3 = -3.4010378254E-01 -4.0823423730E-01  8.4715655259E-01
           DelSqRho = -1.8846498863E+01
           Bond Ellipticity = NA
           V = -4.7214913533E+00
           G =  4.9333188111E-03
           K =  4.7165580344E+00
           L =  4.7116247156E+00
           Vnuc =  4.4744081695E+01
           Ven = -1.9066982364E+01
           Vrep =  1.4345491011E+01
           DelSqV =  7.1021632147E+02
           DelSqVen =  8.4326928477E+02
           DelSqVrep = -1.3305296330E+02
           DelSqG =  6.9811151904E+01
           DelSqK = -7.8002747338E+02
           Stress_EigVals = -1.6227049640E+00 -1.6220455742E+00 -1.4767408150E+00
           Stress_EigVec1 =  6.1111076546E-01  5.8879215781E-01  5.2902497790E-01
           Stress_EigVec2 =  7.1457951403E-01 -6.9785259257E-01 -4.8763481989E-02
           Stress_EigVec3 = -3.4046989658E-01 -4.0783030042E-01  8.4720404601E-01
           -DivStress =  2.6257405708E+00  3.1252940896E+00 -6.5121454256E+00
           ESP =  -1.1185250194E+00     ESP at Nucleus =  -1.1208089127E+00
           ESPe = -1.6477570990E+01     ESPe at Nucleus = -1.6392738099E+01
           ESPn =  1.5359045970E+01     ESPn at Nucleus =  1.5271929186E+01

CP# 8      Coords = -6.75444228927998E+00  3.81817089637746E+00  1.02524951580708E-01
           Type = (3,-3) NACP H8
           Rho =  4.2482460788E-01     Rho at Nucleus =  4.2145135475E-01
           GradRho =  1.3003921055E-15 -2.5984062124E-16 -1.4461981138E-16
           HessRho_EigVals = -6.4707392264E+00 -6.4702397758E+00 -5.9082676665E+00
           HessRho_EigVec1 = -7.8951672405E-02 -5.7787362213E-01  8.1229841208E-01
           HessRho_EigVec2 =  6.2139751785E-01  6.0863576264E-01  4.9338385994E-01
           HessRho_EigVec3 =  7.7950738177E-01 -5.4371369790E-01 -3.1103642308E-01
           DelSqRho = -1.8849246669E+01
           Bond Ellipticity = NA
           V = -4.7222577282E+00
           G =  4.9730304864E-03
           K =  4.7172846977E+00
           L =  4.7123116672E+00
           Vnuc =  4.4047214766E+01
           Ven = -1.8712340741E+01
           Vrep =  1.3990083013E+01
           DelSqV =  7.1113476748E+02
           DelSqVen =  8.3025681620E+02
           DelSqVrep = -1.1912204872E+02
           DelSqG =  7.0043662934E+01
           DelSqK = -7.8117843042E+02
           Stress_EigVals = -1.6215407096E+00 -1.6214620824E+00 -1.4792549361E+00
           Stress_EigVec1 = -1.1629526250E-01 -6.1410320949E-01  7.8061044062E-01
           Stress_EigVec2 =  6.1540416733E-01  5.7234256294E-01  5.4194252600E-01
           Stress_EigVec3 =  7.7958522482E-01 -5.4341626654E-01 -3.1136094570E-01
           -DivStress = -5.8792777814E+00  4.1070887640E+00  2.3381303715E+00
           ESP =  -1.1062593283E+00     ESP at Nucleus =  -1.1085043135E+00
           ESPe = -1.5203701085E+01     ESPe at Nucleus = -1.5110215462E+01
           ESPn =  1.4097441756E+01     ESPn at Nucleus =  1.4001711149E+01

CP# 9      Coords = -3.79336798875297E+00  2.10931368345561E+00  3.25090007857622E+00
           Type = (3,-3) NACP H9
           Rho =  4.3217559569E-01     Rho at Nucleus =  4.2879814275E-01
           GradRho =  3.4235496247E-15  1.0376132428E-15 -5.4244616747E-15
           HessRho_EigVals = -6.6069815535E+00 -6.6010274188E+00 -6.0255122651E+00
           HessRho_EigVec1 = -7.5588325923E-01  6.4789190490E-01 -9.4215593101E-02
           HessRho_EigVec2 =  5.4923959766E-01  7.0584092153E-01  4.4735272196E-01
           HessRho_EigVec3 = -3.5633742825E-01 -2.8639949906E-01  8.8938122544E-01
           DelSqRho = -1.9233521237E+01
           Bond Ellipticity = NA
           V = -4.8179172742E+00
           G =  4.7684824088E-03
           K =  4.8131487917E+00
           L =  4.8083803093E+00
           Vnuc =  4.6238493753E+01
           Ven = -1.9983148582E+01
           Vrep =  1.5165231307E+01
           DelSqV =  7.2598502842E+02
           DelSqVen =  8.8932905159E+02
           DelSqVrep = -1.6334402316E+02
           DelSqG =  7.1697065584E+01
           DelSqK = -7.9768209401E+02
           Stress_EigVals = -1.6545088768E+00 -1.6538955623E+00 -1.5095128351E+00
           Stress_EigVec1 = -8.6727720790E-01  4.5532415262E-01 -2.0127136084E-01
           Stress_EigVec2 =  3.4716824716E-01  8.4294461883E-01  4.1099705321E-01
           Stress_EigVec3 = -3.5679749553E-01 -2.8657335122E-01  8.8914074339E-01
           -DivStress = -2.7072825603E+00 -2.1747707055E+00  6.7855649393E+00
           ESP =  -1.1161793563E+00     ESP at Nucleus =  -1.1184067339E+00
           ESPe = -1.7133574782E+01     ESPe at Nucleus = -1.7045795092E+01
           ESPn =  1.6017395426E+01     ESPn at Nucleus =  1.5927388358E+01

CP# 10     Coords = -2.21273332914592E+00  4.54325156430696E+00  1.66399271118000E+00
           Type = (3,-3) NACP H10
           Rho =  4.3370110296E-01     Rho at Nucleus =  4.2999987940E-01
           GradRho = -3.6455416693E-11 -7.8868023350E-11 -1.0164512312E-11
           HessRho_EigVals = -6.6167783984E+00 -6.6118444246E+00 -6.0042484534E+00
           HessRho_EigVec1 = -8.9720046067E-01  3.8599087749E-01  2.1457487243E-01
           HessRho_EigVec2 =  1.4833539735E-01 -1.9425443924E-01  9.6967098684E-01
           HessRho_EigVec3 =  4.1596627660E-01  9.0181830506E-01  1.1702906218E-01
           DelSqRho = -1.9232871276E+01
           Bond Ellipticity = NA
           V = -4.8168193569E+00
           G =  4.3007689243E-03
           K =  4.8125185880E+00
           L =  4.8082178191E+00
           Vnuc =  4.4206779737E+01
           Ven = -1.9172529130E+01
           Vrep =  1.4355709773E+01
           DelSqV =  7.2431385513E+02
           DelSqVen =  8.5022330437E+02
           DelSqVrep = -1.2590944924E+02
           DelSqG =  7.1431531860E+01
           DelSqK = -7.9574538699E+02
           Stress_EigVals = -1.6568867509E+00 -1.6566822930E+00 -1.5032503131E+00
           Stress_EigVec1 = -9.0351799650E-01  4.2340792916E-01 -6.6188787002E-02
           Stress_EigVec2 = -1.0942583222E-01 -7.8607265495E-02  9.9088187240E-01
           Stress_EigVec3 =  4.1434432208E-01  9.0252236722E-01  1.1735484405E-01
           -DivStress =  3.3263703720E+00  7.1996874463E+00  9.2807744523E-01
           ESP =  -1.1124876106E+00     ESP at Nucleus =  -1.1148919481E+00
           ESPe = -1.6467799043E+01     ESPe at Nucleus = -1.6371535334E+01
           ESPn =  1.5355311433E+01     ESPn at Nucleus =  1.5256643386E+01

CP# 11     Coords = -3.78043271761010E+00 -1.50751260213272E+00 -1.67623086148292E+00
           Type = (3,-3) NACP O11
           Rho =  2.9001318481E+02     Rho at Nucleus =  2.9001315313E+02
           GradRho =  1.3504232742E-10  2.1863367589E-11  4.6804761239E-11
           HessRho_EigVals = -6.3950632573E+05 -6.3949250753E+05 -6.3947768232E+05
           HessRho_EigVec1 =  9.1021787635E-01 -3.1593072361E-01  2.6775211568E-01
           HessRho_EigVec2 = -7.9101421924E-02  5.0200593200E-01  8.6123922884E-01
           HessRho_EigVec3 =  4.0650508314E-01  8.0509491498E-01 -4.3194420387E-01
           DelSqRho = -1.9184765156E+06
           Bond Ellipticity = NA
           V = -4.7971281446E+05
           G =  4.6842784733E+01
           K =  4.7966597168E+05
           L =  4.7961912889E+05
           Vnuc =  8.0376556443E+05
           Ven = -2.3310261118E+08
           Vrep =  2.3262289837E+08
           DelSqV =  1.9783572195E+10
           DelSqVen =  1.5420053586E+12
           DelSqVrep = -1.5222217864E+12
           DelSqG =  1.0578877317E+09
           DelSqK = -2.0841459926E+10
           Stress_EigVals = -1.5990785216E+05 -1.5990395986E+05 -1.5990100244E+05
           Stress_EigVec1 =  4.0614220707E-01  8.0536793030E-01 -4.3177656777E-01
           Stress_EigVec2 = -7.3286269050E-02  4.9968626229E-01  8.6310066739E-01
           Stress_EigVec3 =  9.1086641743E-01 -3.1889831626E-01  2.6196609223E-01
           -DivStress =  6.9047137501E+03 -3.3588683983E+04 -5.4160016877E+04
           ESP =  -2.2314660102E+01     ESP at Nucleus =  -2.2314661257E+01
           ESPe = -3.8037244722E+01     ESPe at Nucleus = -3.8037227017E+01
           ESPn =  1.5722584620E+01     ESPn at Nucleus =  1.5722565760E+01

CP# 12     Coords = -1.06175353469397E+00  1.05439178006994E+00  6.72014743747356E-01
           Type = (3,-3) NACP O12
           Rho =  2.8998462719E+02     Rho at Nucleus =  2.8998459785E+02
           GradRho =  3.5597256913E-11  5.6289434919E-12  1.2278680676E-11
           HessRho_EigVals = -6.3943663652E+05 -6.3942326283E+05 -6.3940831815E+05
           HessRho_EigVec1 = -2.7116985926E-01  9.1955538656E-01  2.8440252894E-01
           HessRho_EigVec2 =  9.4431150842E-01  3.1137685899E-01 -1.0639655426E-01
           HessRho_EigVec3 =  1.8639389073E-01 -2.3971304246E-01  9.5278275319E-01
           DelSqRho = -1.9182682175E+06
           Bond Ellipticity = NA
           V = -4.7966086033E+05
           G =  4.6902978285E+01
           K =  4.7961395735E+05
           L =  4.7956705438E+05
           Vnuc =  8.3512736994E+05
           Ven = -2.4217409903E+08
           Vrep =  2.4169443817E+08
           DelSqV =  1.9781424262E+10
           DelSqVen =  1.6019982899E+12
           DelSqVrep = -1.5822168657E+12
           DelSqG =  1.0577622991E+09
           DelSqK = -2.0839186561E+10
           Stress_EigVals = -1.5989050580E+05 -1.5988661569E+05 -1.5988373884E+05
           Stress_EigVec1 =  1.8721323340E-01 -2.3969361816E-01  9.5262698610E-01
           Stress_EigVec2 =  9.4193199810E-01  3.1901753752E-01 -1.0484236604E-01
           Stress_EigVec3 = -2.7877466923E-01  9.1693771881E-01  2.8549939339E-01
           -DivStress =  5.9215097259E+04  1.5831176520E+04 -7.0138009997E+03
           ESP =  -2.2308819937E+01     ESP at Nucleus =  -2.2308820993E+01
           ESPe = -3.9125979342E+01     ESPe at Nucleus = -3.9125967364E+01
           ESPn =  1.6817159405E+01     ESPn at Nucleus =  1.6817146371E+01

CP# 13     Coords = -1.75310125961645E+00 -3.40271579957155E+00  2.19718693262100E+00
           Type = (3,-3) NACP C13
           Rho =  1.1766746080E+02     Rho at Nucleus =  1.1766746055E+02
           GradRho = -2.4922829859E-11  8.8993862930E-10 -1.0344548792E-09
           HessRho_EigVals = -1.4498806602E+05 -1.4498753510E+05 -1.4498641237E+05
           HessRho_EigVec1 =  6.0793719666E-01  5.9121155983E-01  5.2998231710E-01
           HessRho_EigVec2 =  2.1808667935E-01  5.1748436531E-01 -8.2743466929E-01
           HessRho_EigVec3 =  7.6344650448E-01 -6.1861039692E-01 -1.8566262848E-01
           DelSqRho = -4.3496201349E+05
           Bond Ellipticity = NA
           V = -1.0875087879E+05
           G =  5.1877088519E+00
           K =  1.0874569108E+05
           L =  1.0874050337E+05
           Vnuc =  3.2497823140E+06
           Ven = -3.8239363302E+08
           Vrep =  3.8228488215E+08
           DelSqV =  2.4949658197E+09
           DelSqVen =  1.4135318774E+12
           DelSqVrep = -1.4110369116E+12
           DelSqG =  1.3401175250E+08
           DelSqK = -2.6289775722E+09
           Stress_EigVals = -3.6250587081E+04 -3.6250376101E+04 -3.6249915608E+04
           Stress_EigVec1 = -7.1057878465E-01  1.1177540466E-01  6.9468269715E-01
           Stress_EigVec2 =  3.5067014115E-01 -7.9969065300E-01  4.8736568571E-01
           Stress_EigVec3 =  6.1000675645E-01  5.8991619610E-01  5.2904691538E-01
           -DivStress =  1.4750730137E+01 -1.0108460053E+03  1.1152565301E+03
           ESP =  -1.4719748847E+01     ESP at Nucleus =  -1.4719748853E+01
           ESPe = -3.0082707150E+01     ESPe at Nucleus = -3.0082703043E+01
           ESPn =  1.5362958303E+01     ESPn at Nucleus =  1.5362954190E+01

CP# 14     Coords = -8.31486216601004E-02 -3.50095255015080E+00  3.71910672786362E-01
           Type = (3,-3) NACP C14
           Rho =  1.1766592606E+02     Rho at Nucleus =  1.1766592562E+02
           GradRho = -2.2783022031E-09  2.3309004884E-09  1.0275704072E-10
           HessRho_EigVals = -1.4498641863E+05 -1.4498590841E+05 -1.4498482565E+05
           HessRho_EigVec1 =  6.0083963979E-01  5.9601940021E-01  5.3268433600E-01
           HessRho_EigVec2 = -7.7685647048E-01  5.9241293314E-01  2.1340323550E-01
           HessRho_EigVec3 = -1.8837662151E-01 -5.4204039629E-01  8.1896670095E-01
           DelSqRho = -4.3495715269E+05
           Bond Ellipticity = NA
           V = -1.0874970522E+05
           G =  5.2085223696E+00
           K =  1.0874449670E+05
           L =  1.0873928817E+05
           Vnuc =  2.4428094065E+06
           Ven = -2.8743543101E+08
           Vrep =  2.8732668130E+08
           DelSqV =  2.4949390595E+09
           DelSqVen =  1.0625173750E+12
           DelSqVrep = -1.0600224359E+12
           DelSqG =  1.3401039214E+08
           DelSqK = -2.6289494516E+09
           Stress_EigVals = -3.6250206509E+04 -3.6249971943E+04 -3.6249526766E+04
           Stress_EigVec1 = -6.5361772542E-01 -7.6706063312E-03  7.5678598746E-01
           Stress_EigVec2 =  4.5143817802E-01 -8.0653105204E-01  3.8172140826E-01
           Stress_EigVec3 =  6.0744336399E-01  5.9114196594E-01  5.3062579626E-01
           -DivStress =  1.4013902053E+03 -1.4239554702E+03 -6.8615330745E+01
           ESP =  -1.4721714596E+01     ESP at Nucleus =  -1.4721714609E+01
           ESPe = -3.0535293770E+01     ESPe at Nucleus = -3.0535288737E+01
           ESPn =  1.5813579174E+01     ESPn at Nucleus =  1.5813574128E+01

CP# 15     Coords = -2.45432697657014E+00 -4.20211304400993E+00  3.90037293700614E+00
           Type = (3,-3) NACP H15
           Rho =  4.1367718912E-01     Rho at Nucleus =  4.0985329738E-01
           GradRho =  2.3545679668E-12  2.6849282575E-12 -5.7202957543E-12
           HessRho_EigVals = -6.3249179407E+00 -6.3234495366E+00 -5.7137214935E+00
           HessRho_EigVec1 =  7.0672260221E-01 -7.0607902601E-01 -4.4671831767E-02
           HessRho_EigVec2 =  6.1673196860E-01  5.8389330031E-01  5.2793019687E-01
           HessRho_EigVec3 = -3.4667685593E-01 -4.0065074927E-01  8.4811210030E-01
           DelSqRho = -1.8362088971E+01
           Bond Ellipticity = NA
           V = -4.5997174888E+00
