AIMSum (Version 19.02.13, Professional)
Copyright (c) 1997-2019 by Todd A. Keith
AIMSum is a component of the AIMAll package ( http://aim.tkgristmill.com )

TP:  64-bit Linux

Much of the Quantum Theory of Atoms in Molecules (QTAIM) is described in the book:
  "Atoms in Molecules - A Quantum Theory"
  R.F.W. Bader, Oxford University Press, Oxford, 1990

For additional references see:  http://aim.tkgristmill.com/references.html

Wfn File:  /home/mhennefarth/Documents/ML_Diels/summary-levandowski2016/39-opt/39-opt.wfn
Sum File:  /home/mhennefarth/Documents/ML_Diels/summary-levandowski2016/39-opt/39-opt.sum

SumViz File:  /home/mhennefarth/Documents/ML_Diels/summary-levandowski2016/39-opt/39-opt.sumviz

Wfn Title:   Title Card Required                                                           
 
Total memory allocated for AIMSum =        0.865 Megabytes

Atomic units (a.u.) used throughout, except where stated otherwise

Model:  Restricted SCF
 
Restricted, closed-shell, single-determinant wavefunction.
  Number of electrons (from MO Occs)                   =          68.0000000000
  Number of Alpha electrons (from MO Occs)             =          34.0000000000
  Number of Beta electrons (from MO Occs)              =          34.0000000000
  Number of electron pairs (N*(N-1)/2)                 =        2278.0000000000
  Number of electron pairs (from Muller 2EDM)          =        2278.0000000000
 
Nuclear Charges and Cartesian Coordinates:
-------------------------------------------------------------------------------
Atom      Charge                X                  Y                  Z
-------------------------------------------------------------------------------
C1         6.0          -6.0878426000E+00  -2.3669006200E+00   6.5803820000E-02
H2         1.0          -6.3169103900E+00  -4.4055245100E+00   1.4159265000E-01
C3         6.0          -3.8846924600E+00  -1.3101573400E+00  -5.9299021000E-01
H4         1.0          -2.3122298700E+00  -2.5221858500E+00  -1.1341993300E+00
C5         6.0          -4.4556149800E+00   3.2092139700E+00   6.9588368000E-01
H6         1.0          -3.9967902800E+00   5.1952575000E+00   4.5110674000E-01
C7         6.0          -3.3651419000E+00   1.4167811600E+00  -7.2288230000E-01
H8         1.0          -1.9160152900E+00   1.9664218200E+00  -2.0780693000E+00
C9         6.0           3.9880049300E+00  -1.6708865200E+00   2.1197905000E+00
H10        1.0           4.8773060400E+00  -3.2860698300E+00   3.0015168900E+00
C11        6.0           2.4727383200E+00   2.9732231000E-01   2.3415478400E+00
H12        1.0           1.2299472300E+00   1.4233563500E+00   3.5075490300E+00
C13        6.0           3.5909588500E+00  -1.4376352000E-01  -1.1742953000E-01
H14        1.0          -5.8398293900E+00   2.7534150600E+00   2.1450667300E+00
H15        1.0          -7.7419232600E+00  -1.2358637700E+00   5.2141027000E-01
F16        9.0           2.1903373800E+00  -9.8681284000E-01  -2.1366477700E+00
F17        9.0           5.4169942000E+00   1.3780946800E+00  -1.1182762800E+00
 
Some Atomic Properties:
----------------------
  q(A) = Net Charge of Atom A
  L(A) = Lagrangian of Atom A = -(1/4) Times Atomic Integral of the Laplacian of the Electron Density
  K(A) = Electronic Kinetic Energy of Atom A (Hamiltonian Form)
  K_Scaled(A) = K(A) * E(Mol)/K(Mol) = Approximation to Virial-Based Total Energy of Atom A.
  |Mu_Intra(A)| = Magnitude of Intraatomic Dipole Moment of Atom A
--------------------------------------------------------------------------------------------------
Atom A          q(A)              L(A)              K(A)          K_Scaled(A)      |Mu_Intra(A)|
--------------------------------------------------------------------------------------------------
C1       -9.1301429100E-02 -7.8635801189E-05  3.7705845891E+01 -3.8028477092E+01  1.0394024807E-01
H2        4.0719619560E-02  2.2401155491E-05  5.9543331820E-01 -6.0052816125E-01  1.4847826032E-01
C3       -3.0307652300E-02  6.9039210326E-05  3.7705080306E+01 -3.8027704957E+01  8.8954744878E-02
H4        5.2003027310E-02  1.0024303948E-05  5.9732068121E-01 -6.0243167353E-01  1.3934505014E-01
C5       -9.9924848700E-02 -1.7398381485E-04  3.7706655743E+01 -3.8029293875E+01  1.0604524907E-01
H6        4.1055020700E-02  2.1077301191E-05  5.9515820957E-01 -6.0025069865E-01  1.4852265232E-01
C7       -3.2261449800E-02  7.8384233249E-05  3.7705896272E+01 -3.8028527905E+01  7.8828324380E-02
H8        5.0386070610E-02 -2.2694145475E-05  5.9759045512E-01 -6.0270375578E-01  1.4210715430E-01
C9       -9.5408280700E-02  7.8691215330E-06  3.7770788829E+01 -3.8093975717E+01  2.7322711401E-01
H10       1.3017474907E-01  1.9160379815E-05  5.5186300633E-01 -5.5658503870E-01  1.4066024198E-01
C11      -8.7859503200E-02 -3.2633448636E-05  3.7771197073E+01 -3.8094387454E+01  2.8256071543E-01
H12       1.4154788600E-01  2.6462299742E-05  5.4740328171E-01 -5.5208715431E-01  1.3874653742E-01
C13       1.1778368325E+00  3.4056307534E-04  3.6909533843E+01 -3.7225351377E+01  5.8890838760E-01
H14       3.8223450530E-02  2.2258332411E-05  5.9537639982E-01 -6.0047075585E-01  1.4960328527E-01
H15       3.9137405910E-02  1.6850651271E-05  5.9519522461E-01 -6.0028803040E-01  1.4920387551E-01
F16      -6.4067324540E-01  5.2999003322E-05  9.9557519564E+01 -1.0040938647E+02  2.6163724598E-01
F17      -6.3298895500E-01  6.1765718124E-05  9.9584850662E+01 -1.0043695142E+02  2.9176691466E-01
--------------------------------------------------------------------------------------------------
Total     3.5869799000E-04  4.4090757561E-04  4.6709270876E+02 -4.7108940154E+02
 
1st Largest |L(A)| = 3.4056307534E-04, atom C13     
2nd Largest |L(A)| = 1.7398381485E-04, atom C5      
 
Molecular charge q(Mol) from the wfn file:   0.0000000000E+00
Molecular energy E(Mol) from the wfn file:  -4.7108940993E+02
Molecular virial ratio (-V(Mol)/T(Mol)) from the wfn file:   2.0085565300E+00
Note.  K_Scaled(A) = (1+V(Mol)/T(Mol))*K(A) = (E(Mol)/T(Mol))*K(A)
       Only use K_Scaled(A) data with caution.
 
N_AIMInt(SumA)     =         67.999641
N_Analytic(Mol)    =         67.999989
 
G_AIMInt(SumA)     =        467.092268
G_Analytic(Mol)    =        467.092689
 
K_AIMInt(SumA)     =        467.092709
K_Analytic(Mol)    =        467.092689
 
L_AIMInt(SumA)     =          0.000441
L_Analytic(Mol)    =          0.000000
 
VenT_AIMInt(SumA)  =      -1915.597207
VenT_Analytic(Mol) =      -1915.603112
 
Some Information About the Atomic Calculations:
----------------------------------------------
  Time(sec) = "Elapsed User Time", in Seconds, for Atom A by AIMInt and, if used, by TWOe
  NProc = Number of Processors Used for AIMInt Job
  BIM = Basin Integration Method
  OAQ = Angular Quadrature Outside of Beta Sphere
  ORQ = Multiple of Default for Radial Quadrature Outside of Beta Sphere
  IAQ = Multiple of Default for Angular Quadrature Inside of Beta Sphere
  IRQ = Multiple of Default for Radial Quadrature Inside of Beta Sphere
  MIR = Maximum Integration Radius
------------------------------------------------------------------------------------------------------
Atom A     Time(sec)   NProc      BIM          OAQ                     ORQ      IAQ      IRQ      MIR
------------------------------------------------------------------------------------------------------
C1             19        8     Proaim(5)    4500(GS4)                  1.00     1.00     1.00    13.00
H2              5        8     Proaim(5)    1800(GS4)                  1.00     1.00     1.00    13.00
C3             25        8     Proaim(5)    4500(GS4)                  1.00     1.00     1.00    13.00
H4             11        8     Proaim(5)    4500(GS4)                  1.00     1.00     1.00    13.00
C5             25        8     Proaim(5)    4500(GS4)                  1.00     1.00     1.00    13.00
H6              5        8     Proaim(5)    1800(GS4)                  1.00     1.00     1.00    13.00
C7             39        8     Proaim(5)    4500(GS4)                  1.00     1.00     1.00    13.00
H8             12        8     Proaim(5)    4500(GS4)                  1.00     1.00     1.00    13.00
C9             16        8     Proaim(5)    4500(GS4)                  1.00     1.00     1.00    13.00
H10             5        8     Proaim(5)    1800(GS4)                  1.00     1.00     1.00    13.00
C11            30        8     Proaim(5)    4500(GS4)                  1.00     1.00     1.00    13.00
H12             8        8     Proaim(5)    1800(GS4)                  1.00     1.00     1.00    13.00
C13            22        8     Proaim(5)    5400(GS5)                  1.00     1.00     1.00    13.00
H14             6        8     Proaim(5)    1800(GS4)                  1.00     1.00     1.00    13.00
H15             6        8     Proaim(5)    1800(GS4)                  1.00     1.00     1.00    13.00
F16            17        8     Proaim(5)    4500(GS4)                  1.00     1.00     1.00    13.00
F17            11        8     Proaim(5)    2700(GS4)                  1.00     1.00     1.00    13.00
------------------------------------------------------------------------------------------------------
Total         262
Note:  Total wall clock time is less than total of atomic times if more than one atom
       was calculated at a time
 
Electron Density Critical Point Analysis of Molecular Structure:               
---------------------------------------------------------------                
  NACP = Nuclear Attractor Critical Point                                      
  NNACP = Non-Nuclear Attractor Critical Point                                 
  BCP = Bond Critical Point                                                    
  RCP = Ring Critical Point                                                    
  CCP = Cage Critical Point                                                    
  Rho = Electron Density                                                       
  GradRho = Gradient of Electron Density                                       
  HessRho_EigVals = Eigenvalues of the Hessian of Rho, Ascending Order         
  HessRho_EigVecs = Eigenvectors of the Hessian of Rho                         
  DelSqRho = Laplacian of Rho = Trace of Hessian of Rho                        
  Bond Ellipticity = (HessRho_EigVal(1) / HessRho_EigVal(2)) - 1               
  V = Virial Field = Potential Energy Density = Trace of Stress Tensor         
  G = Lagrangian Form of Kinetic Energy Density                                
  K = Hamiltonian Form of Kinetic Energy Density                               
  L = K - G = Lagrangian Density = (-1/4)DelSqRho                              
  Vnuc = Electrostatic Potential from Nuclei                                   
  Ven = Electron-nuclear attractive contribution to Virial Field V             
  Vrep = V - Ven = Repulsive contribution to Virial Field V                    
  DelSqV = Laplacian of V                                                      
  DelSqVen = Laplacian of Ven                                                  
  DelSqVrep = Laplacian of Vrep                                                
  DelSqG = Laplacian of G                                                      
  DelSqK = Laplacian of K                                                      
  Stress_EigVals = Eigenvalues of Stress Tensor, Ascending Order               
  Stress_EigVecs = Eigenvectors of Stress Tensor                               
  -DivStress = Ehrenfest Force Density = Minus Divergence of Stress Tensor     
  ESP = Total Electrostatic Potential                                          
  ESPe = Electrostatic Potential from Electrons                                
  ESPn = Electrostatic Potential from Nuclei                                   
  BP = Bond Path                                                               
  BPL = Bond Path Length                                                       
  GBL = Geometric Bond Length                                                  
  GBL_I = Distance Between Nuclear Attractors                                  
  GBL_II = Distance Between Nuclei                                             
  GBL_III = Sum of Distances Between BCP and Nuclear Attractors                
  GBL_IV = Sum of Distances Between BCP and Nuclei                             

CP# 1      Coords = -6.08784339142094E+00 -2.36690110664373E+00  6.58042005183367E-02
           Type = (3,-3) NACP C1
           Rho =  1.1767631730E+02     Rho at Nucleus =  1.1767631722E+02
           GradRho = -1.1712293635E-10 -1.1175516242E-10  8.5902590596E-11
           HessRho_EigVals = -1.4500389926E+05 -1.4500297261E+05 -1.4500279080E+05
           HessRho_EigVec1 =  2.2889065408E-01  3.2826125032E-02  9.7289851166E-01
           HessRho_EigVec2 = -4.2086845628E-01  9.0453187366E-01  6.8496949130E-02
           HessRho_EigVec3 =  8.7776922421E-01  4.2514060621E-01 -2.2085437277E-01
           DelSqRho = -4.3500966267E+05
           Bond Ellipticity = NA
           V = -1.0876264921E+05
           G =  5.1167703939E+00
           K =  1.0875753244E+05
           L =  1.0875241567E+05
           Vnuc =  5.9762616110E+06
           Ven = -7.0326445759E+08
           Vrep =  7.0315569494E+08
           DelSqV =  2.4952421496E+09
           DelSqVen =  2.5997319209E+12
           DelSqVrep = -2.5972366787E+12
           DelSqG =  1.3403129530E+08
           DelSqK = -2.6292734449E+09
           Stress_EigVals = -3.6254463387E+04 -3.6254354337E+04 -3.6253831484E+04
           Stress_EigVec1 =  8.5691605258E-01  4.5921975590E-01 -2.3411982961E-01
           Stress_EigVec2 = -4.4797692800E-01  8.8815798724E-01  1.0243076529E-01
           Stress_EigVec3 =  2.5497362768E-01  1.7105714994E-02  9.6679669202E-01
           -DivStress =  6.4437013256E+02  3.9651106005E+02 -3.0796586590E+02
           ESP =  -1.4747657403E+01     ESP at Nucleus =  -1.4747657416E+01
           ESPe = -2.4917193640E+01     ESPe at Nucleus = -2.4917195124E+01
           ESPn =  1.0169536237E+01     ESPn at Nucleus =  1.0169537708E+01

CP# 2      Coords = -6.31308628161374E+00 -4.37081398809998E+00  1.40322828301349E-01
           Type = (3,-3) NACP H2
           Rho =  4.2564832045E-01     Rho at Nucleus =  4.2196116361E-01
           GradRho =  1.7100578766E-15 -1.3868233276E-15 -9.4976110310E-17
           HessRho_EigVals = -6.4821707308E+00 -6.4758283625E+00 -5.8824546832E+00
           HessRho_EigVec1 =  9.4716099054E-01 -1.1639769470E-01 -2.9889401913E-01
           HessRho_EigVec2 =  3.0110118351E-01  1.4486531108E-03  9.5359109617E-01
           HessRho_EigVec3 =  1.1056281153E-01  9.9320163012E-01 -3.6419591347E-02
           DelSqRho = -1.8840453777E+01
           Bond Ellipticity = NA
           V = -4.7194235860E+00
           G =  4.6550709364E-03
           K =  4.7147685151E+00
           L =  4.7101134441E+00
           Vnuc =  3.9175481941E+01
           Ven = -1.6674978091E+01
           Vrep =  1.1955554505E+01
           DelSqV =  7.0945525190E+02
           DelSqVen =  7.3808385669E+02
           DelSqVrep = -2.8628604796E+01
           DelSqG =  6.9834011144E+01
           DelSqK = -7.7928926304E+02
           Stress_EigVals = -1.6238560609E+00 -1.6233677217E+00 -1.4721998035E+00
           Stress_EigVec1 =  9.7256995756E-01 -1.1716437594E-01 -2.0094821886E-01
           Stress_EigVec2 =  2.0385601766E-01  1.3261760713E-02  9.7891105304E-01
           Stress_EigVec3 =  1.1202857544E-01  9.9302398496E-01 -3.6782653145E-02
           -DivStress = -8.6516908359E-01 -7.8422170058E+00  2.8740914512E-01
           ESP =  -1.1104099136E+00     ESP at Nucleus =  -1.1128754277E+00
           ESPe = -1.1668364582E+01     ESPe at Nucleus = -1.1591063343E+01
           ESPn =  1.0557954668E+01     ESPn at Nucleus =  1.0478187915E+01

CP# 3      Coords = -3.88469178267758E+00 -1.31015599690428E+00 -5.92990501146475E-01
           Type = (3,-3) NACP C3
           Rho =  1.1766415551E+02     Rho at Nucleus =  1.1766415534E+02
           GradRho =  3.6957968456E-10  6.9785322312E-10 -1.4801731021E-10
           HessRho_EigVals = -1.4498245893E+05 -1.4498147832E+05 -1.4498111587E+05
           HessRho_EigVec1 =  3.0495049265E-01 -6.9929863916E-02  9.4979735268E-01
           HessRho_EigVec2 = -9.8574659371E-04  9.9727685871E-01  7.3742086907E-02
           HessRho_EigVec3 =  9.5236769440E-01  2.3423945237E-02 -3.0405113625E-01
           DelSqRho = -4.3494505313E+05
           Bond Ellipticity = NA
           V = -1.0874648240E+05
           G =  5.1095569846E+00
           K =  1.0874137284E+05
           L =  1.0873626328E+05
           Vnuc =  3.9161160038E+06
           Ven = -4.6078648245E+08
           Vrep =  4.6067773597E+08
           DelSqV =  2.4948656446E+09
           DelSqVen =  1.7032952873E+12
           DelSqVrep = -1.7008004217E+12
           DelSqG =  1.3400456202E+08
           DelSqK = -2.6288702066E+09
           Stress_EigVals = -3.6249108088E+04 -3.6248939298E+04 -3.6248435009E+04
           Stress_EigVec1 =  9.4588697301E-01  1.3813245329E-01 -2.9362775693E-01
           Stress_EigVec2 = -1.1731354720E-01  9.8923633042E-01  8.7458642918E-02
           Stress_EigVec3 =  3.0254812168E-01 -4.8279477290E-02  9.5191056625E-01
           -DivStress = -5.4645448149E+02 -1.0934272311E+03  2.3657572100E+02
           ESP =  -1.4740071257E+01     ESP at Nucleus =  -1.4740071272E+01
           ESPe = -2.7059954529E+01     ESPe at Nucleus = -2.7059953780E+01
           ESPn =  1.2319883272E+01     ESPn at Nucleus =  1.2319882508E+01

CP# 4      Coords = -2.33895816050828E+00 -2.50164144316526E+00 -1.12499943396825E+00
           Type = (3,-3) NACP H4
           Rho =  4.2808509306E-01     Rho at Nucleus =  4.2436858002E-01
           GradRho = -2.9741833996E-15  2.2206628897E-15  2.8275992658E-16
           HessRho_EigVals = -6.5371730840E+00 -6.5293130888E+00 -5.9289187876E+00
           HessRho_EigVec1 =  5.5597571607E-01  8.0691275395E-01 -1.9945628758E-01
           HessRho_EigVec2 = -3.2956781529E-01 -6.2920815231E-03 -9.4411093884E-01
           HessRho_EigVec3 =  7.6307015291E-01 -5.9063712822E-01 -2.6243422891E-01
           DelSqRho = -1.8995404960E+01
           Bond Ellipticity = NA
           V = -4.7579789552E+00
           G =  4.5638575623E-03
           K =  4.7534150977E+00
           L =  4.7488512401E+00
           Vnuc =  4.2224060050E+01
           Ven = -1.8075490676E+01
           Vrep =  1.3317511721E+01
           DelSqV =  7.1539689710E+02
           DelSqVen =  8.0206311973E+02
           DelSqVrep = -8.6666222631E+01
           DelSqG =  7.0598973329E+01
           DelSqK = -7.8599587043E+02
           Stress_EigVals = -1.6374306821E+00 -1.6363276855E+00 -1.4842205876E+00
           Stress_EigVec1 = -5.8345370875E-01 -8.0473224257E-01  1.0948875521E-01
           Stress_EigVec2 =  2.7586723907E-01 -6.9578077842E-02  9.5867416649E-01
           Stress_EigVec3 =  7.6385799476E-01 -5.8954635853E-01 -2.6259484951E-01
           -DivStress =  6.0874849613E+00 -4.6774883540E+00 -2.0950450703E+00
           ESP =  -1.1151804159E+00     ESP at Nucleus =  -1.1176584919E+00
           ESPe = -1.4722365531E+01     ESPe at Nucleus = -1.4660131707E+01
           ESPn =  1.3607185115E+01     ESPn at Nucleus =  1.3542473216E+01

CP# 5      Coords = -4.45561546690724E+00  3.20921472521191E+00  6.95884098761791E-01
           Type = (3,-3) NACP C5
           Rho =  1.1767630256E+02     Rho at Nucleus =  1.1767630249E+02
           GradRho = -1.3758075235E-10  1.3296207191E-10  8.9629914601E-11
           HessRho_EigVals = -1.4500454663E+05 -1.4500363758E+05 -1.4500345828E+05
           HessRho_EigVec1 =  7.7557524682E-01 -8.9547831998E-02  6.2487136461E-01
           HessRho_EigVec2 = -4.9674306241E-01 -6.9740000920E-01  5.1660386866E-01
           HessRho_EigVec3 = -3.8952453899E-01  7.1106568821E-01  5.8536844857E-01
           DelSqRho = -4.3501164248E+05
           Bond Ellipticity = NA
           V = -1.0876314261E+05
           G =  5.1159952378E+00
           K =  1.0875802662E+05
           L =  1.0875291062E+05
           Vnuc =  6.0523317572E+06
           Ven = -7.1221602304E+08
           Vrep =  7.1210725990E+08
           DelSqV =  2.4952541689E+09
           DelSqVen =  2.6328347443E+12
           DelSqVrep = -2.6303394902E+12
           DelSqG =  1.3403257813E+08
           DelSqK = -2.6292867470E+09
           Stress_EigVals = -3.6254625144E+04 -3.6254517427E+04 -3.6254000041E+04
           Stress_EigVec1 = -3.8708415124E-01  7.4036302145E-01  5.4957115675E-01
           Stress_EigVec2 = -5.3301082622E-01 -6.6602803745E-01  5.2182958182E-01
           Stress_EigVec3 =  7.5237312485E-01 -9.0935415557E-02  6.5243040334E-01
           -DivStress =  3.9641523606E+02 -6.1493972455E+02 -3.4011282399E+02
           ESP =  -1.4745870706E+01     ESP at Nucleus =  -1.4745870719E+01
           ESPe = -2.5370875426E+01     ESPe at Nucleus = -2.5370876921E+01
           ESPn =  1.0625004720E+01     ESPn at Nucleus =  1.0625006202E+01

CP# 6      Coords = -4.00462334246174E+00  5.16145987510357E+00  4.55359765332932E-01
           Type = (3,-3) NACP H6
           Rho =  4.2538360117E-01     Rho at Nucleus =  4.2169728105E-01
           GradRho = -1.1098630626E-09 -4.7884377171E-09  6.0246871576E-10
           HessRho_EigVals = -6.4771249241E+00 -6.4706444997E+00 -5.8778172524E+00
           HessRho_EigVec1 =  6.6594216000E-01 -2.4193063341E-01 -7.0568449618E-01
           HessRho_EigVec2 =  7.1171728157E-01 -7.7440954412E-02  6.9818436655E-01
           HessRho_EigVec3 =  2.2356106693E-01  9.6719825641E-01 -1.2061501628E-01
           DelSqRho = -1.8825586676E+01
           Bond Ellipticity = NA
           V = -4.7157640184E+00
           G =  4.6836746978E-03
           K =  4.7110803437E+00
           L =  4.7063966690E+00
           Vnuc =  3.9657583882E+01
           Ven = -1.6869685845E+01
           Vrep =  1.2153921827E+01
           DelSqV =  7.0888250277E+02
           DelSqVen =  7.4657729083E+02
           DelSqVrep = -3.7694788054E+01
           DelSqG =  6.9768551501E+01
           DelSqK = -7.7865105427E+02
           Stress_EigVals = -1.6225915105E+00 -1.6221273557E+00 -1.4710451523E+00
           Stress_EigVec1 =  5.8304775527E-01 -2.3037209088E-01 -7.7909178844E-01
           Stress_EigVec2 =  7.8131139855E-01 -1.0390267968E-01  6.1543215032E-01
           Stress_EigVec3 =  2.2272811580E-01  9.6753962859E-01 -1.1941211636E-01
           -DivStress =  1.7676579071E+00  7.6303475710E+00 -9.5913667591E-01
           ESP =  -1.1083982040E+00     ESP at Nucleus =  -1.1108638139E+00
           ESPe = -1.2156278966E+01     ESPe at Nucleus = -1.2078897346E+01
           ESPn =  1.1047880762E+01     ESPn at Nucleus =  1.0968033532E+01

CP# 7      Coords = -3.36514171320615E+00  1.41677978480680E+00 -7.22882482937552E-01
           Type = (3,-3) NACP C7
           Rho =  1.1767126654E+02     Rho at Nucleus =  1.1767126639E+02
           GradRho =  6.9971238872E-11 -6.0299452801E-10 -7.5785202766E-11
           HessRho_EigVals = -1.4499219782E+05 -1.4499114423E+05 -1.4499081671E+05
           HessRho_EigVec1 =  6.8044239724E-01 -1.4134522269E-01  7.1904080000E-01
           HessRho_EigVec2 =  3.7868837762E-01  9.0787264567E-01 -1.7989544711E-01
           HessRho_EigVec3 = -6.2737011141E-01  3.9470088328E-01  6.7128083248E-01
           DelSqRho = -4.3497415876E+05
           Bond Ellipticity = NA
           V = -1.0875375033E+05
           G =  5.1053183381E+00
           K =  1.0874864501E+05
           L =  1.0874353969E+05
           Vnuc =  4.2862577908E+06
           Ven = -5.0436938294E+08
           Vrep =  5.0426062919E+08
           DelSqV =  2.4950327994E+09
           DelSqVen =  1.8644113490E+12
           DelSqVrep = -1.8619163162E+12
           DelSqG =  1.3401439085E+08
           DelSqK = -2.6290471902E+09
           Stress_EigVals = -3.6251529656E+04 -3.6251372049E+04 -3.6250848621E+04
           Stress_EigVec1 = -5.7226988222E-01  4.9754481211E-01  6.5188675538E-01
           Stress_EigVec2 = -4.3755332667E-01 -8.5756798647E-01  2.7041493100E-01
           Stress_EigVec3 =  6.9358075825E-01 -1.3048489771E-01  7.0846271832E-01
           -DivStress = -1.4772138523E+02  1.1180588283E+03  1.4713412569E+02
           ESP =  -1.4737886765E+01     ESP at Nucleus =  -1.4737886779E+01
           ESPe = -2.7279264002E+01     ESPe at Nucleus = -2.7279263505E+01
           ESPn =  1.2541377237E+01     ESPn at Nucleus =  1.2541376726E+01

CP# 8      Coords = -1.94055365723583E+00  1.95715037570846E+00 -2.05513726275751E+00
           Type = (3,-3) NACP H8
           Rho =  4.2824891701E-01     Rho at Nucleus =  4.2455010436E-01
           GradRho = -1.3053794157E-16  2.3516345121E-16 -7.3595643468E-16
           HessRho_EigVals = -6.5431219768E+00 -6.5353992554E+00 -5.9363311384E+00
           HessRho_EigVec1 = -1.4545167379E-01  9.6046965032E-01  2.3736440634E-01
           HessRho_EigVec2 =  6.9559374937E-01 -7.1332857044E-02  7.1488527705E-01
           HessRho_EigVec3 =  7.0355749334E-01  2.6909045749E-01 -6.5772120177E-01
           DelSqRho = -1.9014852371E+01
           Bond Ellipticity = NA
           V = -4.7627475209E+00
           G =  4.5172140989E-03
           K =  4.7582303068E+00
           L =  4.7537130927E+00
           Vnuc =  4.2356627231E+01
           Ven = -1.8139179740E+01
           Vrep =  1.3376432219E+01
           DelSqV =  7.1625551926E+02
           DelSqVen =  8.0540501372E+02
           DelSqVrep = -8.9149494464E+01
           DelSqG =  7.0715193766E+01
           DelSqK = -7.8697071302E+02
           Stress_EigVals = -1.6389171617E+00 -1.6377926687E+00 -1.4860376905E+00
           Stress_EigVec1 = -8.1157885817E-02  9.5049771676E-01  2.9994580844E-01
           Stress_EigVec2 =  7.0575333374E-01 -1.5769658324E-01  6.9068373337E-01
           Stress_EigVec3 =  7.0379374072E-01  2.6774218582E-01 -6.5801861102E-01
           -DivStress =  5.5937935449E+00  2.1124788453E+00 -5.2277927363E+00
           ESP =  -1.1134486702E+00     ESP at Nucleus =  -1.1159146721E+00
           ESPe = -1.4769136207E+01     ESPe at Nucleus = -1.4702597788E+01
           ESPn =  1.3655687537E+01     ESPn at Nucleus =  1.3586683116E+01

CP# 9      Coords =  3.98800429147490E+00 -1.67088502816864E+00  2.11978907477802E+00
           Type = (3,-3) NACP C9
           Rho =  1.1767099339E+02     Rho at Nucleus =  1.1767099305E+02
           GradRho = -6.7543607111E-10  1.5238781114E-09 -1.4730524613E-09
           HessRho_EigVals = -1.4499203993E+05 -1.4499136879E+05 -1.4499027825E+05
           HessRho_EigVec1 = -7.7758609048E-01 -5.7184964313E-01 -2.6143423177E-01
           HessRho_EigVec2 = -3.5392955997E-01  7.4172406971E-01 -5.6971858930E-01
           HessRho_EigVec3 = -5.1970543433E-01  3.5047594791E-01  7.7914881214E-01
           DelSqRho = -4.3497368696E+05
           Bond Ellipticity = NA
           V = -1.0875383229E+05
           G =  5.2052756111E+00
           K =  1.0874862702E+05
           L =  1.0874342174E+05
           Vnuc =  2.7781079376E+06
           Ven = -3.2690272076E+08
           Vrep =  3.2679396693E+08
           DelSqV =  2.4950324248E+09
           DelSqVen =  1.2084038779E+12
           DelSqVrep = -1.2059088455E+12
           DelSqG =  1.3401492680E+08
           DelSqK = -2.6290473516E+09
           Stress_EigVals = -3.6251563525E+04 -3.6251389575E+04 -3.6250879192E+04
           Stress_EigVec1 = -6.1626291960E-01  7.7426509993E-01  1.4399155862E-01
           Stress_EigVec2 = -1.1840727551E-01 -2.7185236334E-01  9.5502670625E-01
           Stress_EigVec3 =  7.7858829366E-01  5.7149789814E-01  2.5921115214E-01
           -DivStress =  5.2042441296E+02 -1.2144653572E+03  1.1598019010E+03
           ESP =  -1.4694871784E+01     ESP at Nucleus =  -1.4694871792E+01
           ESPe = -2.7109990008E+01     ESPe at Nucleus = -2.7109985492E+01
           ESPn =  1.2415118225E+01     ESPn at Nucleus =  1.2415113700E+01

CP# 10     Coords =  4.86131130360252E+00 -3.25709039027971E+00  2.98579898288764E+00
           Type = (3,-3) NACP H10
           Rho =  4.1180324957E-01     Rho at Nucleus =  4.0788196748E-01
           GradRho = -7.2105726808E-15  1.5652296421E-14 -8.2866868003E-15
           HessRho_EigVals = -6.2934170845E+00 -6.2919660389E+00 -5.6733267900E+00
           HessRho_EigVec1 = -4.4482258281E-01  2.2936176066E-01  8.6575172687E-01
           HessRho_EigVec2 =  7.8312450997E-01  5.6864148868E-01  2.5171980302E-01
           HessRho_EigVec3 = -4.3456745358E-01  7.8996204978E-01 -4.3256339211E-01
           DelSqRho = -1.8258709913E+01
           Bond Ellipticity = NA
           V = -4.5734294430E+00
           G =  4.3759823371E-03
           K =  4.5690534607E+00
           L =  4.5646774784E+00
           Vnuc =  3.8846779223E+01
           Ven = -1.5997229919E+01
           Vrep =  1.1423800476E+01
           DelSqV =  6.8673523373E+02
           DelSqVen =  7.0929207290E+02
           DelSqVrep = -2.2556839168E+01
           DelSqG =  6.7804557449E+01
           DelSqK = -7.5453979118E+02
           Stress_EigVals = -1.5770185423E+00 -1.5762242268E+00 -1.4201866739E+00
           Stress_EigVec1 = -4.4814888720E-01  2.2405083780E-01  8.6542694491E-01
           Stress_EigVec2 =  7.8055704543E-01  5.6997059998E-01  2.5664024233E-01
           Stress_EigVec3 = -4.3576745373E-01  7.9052813817E-01 -4.3031615010E-01
           -DivStress =  3.5073377313E+00 -6.3539147844E+00  3.4451753720E+00
           ESP =  -1.0377003679E+00     ESP at Nucleus =  -1.0404535220E+00
           ESPe = -1.2593961566E+01     ESPe at Nucleus = -1.2499712885E+01
           ESPn =  1.1556261198E+01     ESPn at Nucleus =  1.1459259363E+01

CP# 11     Coords =  2.47273958823671E+00  2.97321357438328E-01  2.34154605521559E+00
           Type = (3,-3) NACP C11
           Rho =  1.1768028006E+02     Rho at Nucleus =  1.1768027965E+02
           GradRho =  1.5652362956E-09 -1.1848253897E-09 -2.2169030310E-09
           HessRho_EigVals = -1.4500346875E+05 -1.4500268293E+05 -1.4500163171E+05
           HessRho_EigVec1 =  7.7293595052E-01  5.7692779162E-01  2.6405366813E-01
           HessRho_EigVec2 = -5.6338596785E-01  4.3264583020E-01  7.0385640357E-01
           HessRho_EigVec3 = -2.9183260206E-01  6.9280004970E-01 -6.5944053826E-01
           DelSqRho = -4.3500778340E+05
           Bond Ellipticity = NA
           V = -1.0876234940E+05
           G =  5.2017773178E+00
           K =  1.0875714763E+05
           L =  1.0875194585E+05
           Vnuc =  2.5128602398E+06
           Ven = -2.9571409677E+08
           Vrep =  2.9560533442E+08
           DelSqV =  2.4952269768E+09
           DelSqVen =  1.0931138150E+12
           DelSqVrep = -1.0906185922E+12
           DelSqG =  1.3402529618E+08
           DelSqK = -2.6292522730E+09
           Stress_EigVals = -3.6254414163E+04 -3.6254232950E+04 -3.6253702291E+04
           Stress_EigVec1 = -6.0716383579E-01  7.9223069682E-01  6.1013109499E-02
           Stress_EigVec2 = -1.7177281548E-01 -2.0584125634E-01  9.6339165299E-01
           Stress_EigVec3 =  7.7578745567E-01  5.7445617780E-01  2.6106306407E-01
           -DivStress = -1.0318093757E+03  7.7604188588E+02  1.4524123219E+03
           ESP =  -1.4695865318E+01     ESP at Nucleus =  -1.4695865329E+01
           ESPe = -2.7765478444E+01     ESPe at Nucleus = -2.7765474193E+01
           ESPn =  1.3069613126E+01     ESPn at Nucleus =  1.3069608864E+01

CP# 12     Coords =  1.25263472012029E+00  1.40284371354868E+00  3.48656487543242E+00
           Type = (3,-3) NACP H12
           Rho =  4.1077551458E-01     Rho at Nucleus =  4.0677264888E-01
           GradRho =  5.4808929513E-09 -4.9518656093E-09 -5.0801625185E-09
           HessRho_EigVals = -6.2751449764E+00 -6.2738419039E+00 -5.6476982548E+00
           HessRho_EigVec1 =  2.2416592592E-01 -5.6996034608E-01  7.9050290420E-01
           HessRho_EigVec2 =  7.5979882518E-01  6.1017470849E-01  2.2448289552E-01
           HessRho_EigVec3 =  6.1029122795E-01 -5.5030176178E-01 -5.6983557985E-01
           DelSqRho = -1.8196685135E+01
           Bond Ellipticity = NA
           V = -4.5578002077E+00
           G =  4.3144619729E-03
           K =  4.5534857457E+00
           L =  4.5491712838E+00
           Vnuc =  3.9883161954E+01
           Ven = -1.6383026374E+01
           Vrep =  1.1825226167E+01
           DelSqV =  6.8398149326E+02
           DelSqVen =  7.2574135325E+02
           DelSqVrep = -4.1759859991E+01
           DelSqG =  6.7522037922E+01
           DelSqK = -7.5150353118E+02
           Stress_EigVals = -1.5724393959E+00 -1.5716174115E+00 -1.4137434003E+00
           Stress_EigVec1 =  1.9702349254E-01 -5.8864045004E-01  7.8401796151E-01
           Stress_EigVec2 =  7.6693987282E-01  5.9069573210E-01  2.5076240459E-01
           Stress_EigVec3 =  6.1072495844E-01 -5.5188855094E-01 -5.6783276805E-01
           -DivStress = -4.9579943695E+00  4.4830484075E+00  4.5843475339E+00
           ESP =  -1.0402284966E+00     ESP at Nucleus =  -1.0430325245E+00
           ESPe = -1.3963484720E+01     ESPe at Nucleus = -1.3878257582E+01
           ESPn =  1.2923256224E+01     ESPn at Nucleus =  1.2835225057E+01

CP# 13     Coords =  3.59095953024257E+00 -1.43762478156428E-01 -1.17434598907525E-01
           Type = (3,-3) NACP C13
           Rho =  1.1726826592E+02     Rho at Nucleus =  1.1726826396E+02
           GradRho = -4.8765900714E-12  1.5513682664E-12 -2.1676399824E-13
           HessRho_EigVals = -1.4443538201E+05 -1.4443465653E+05 -1.4443167054E+05
           HessRho_EigVec1 = -7.7309284660E-01 -5.6193623025E-01 -2.9420252151E-01
           HessRho_EigVec2 = -1.7760708093E-01 -2.5349515568E-01  9.5089217625E-01
           HessRho_EigVec3 = -6.0891967889E-01  7.8738039039E-01  9.6171437980E-02
           DelSqRho = -4.3330170908E+05
           Bond Ellipticity = NA
           V = -1.0833514884E+05
           G =  4.8607827842E+00
           K =  1.0833028805E+05
           L =  1.0832542727E+05
           Vnuc =  1.1495758712E+06
           Ven = -1.3480876896E+08
           Vrep =  1.3470043381E+08
           DelSqV =  2.4854083032E+09
           DelSqVen =  4.9811318989E+11
           DelSqVrep = -4.9562778158E+11
           DelSqG =  1.3343838798E+08
           DelSqK = -2.6188466912E+09
           Stress_EigVals = -3.6112189385E+04 -3.6111627559E+04 -3.6111331892E+04
           Stress_EigVec1 = -6.0925653090E-01  7.8683457030E-01  9.8477604241E-02
           Stress_EigVec2 = -1.7547112316E-01 -2.5488333507E-01  9.5091764651E-01
           Stress_EigVec3 =  7.7331517798E-01  5.6207281066E-01  2.9335608230E-01
           -DivStress = -5.4774792321E+02 -8.3925422301E+02  4.0835934634E+03
           ESP =  -1.4554758202E+01     ESP at Nucleus =  -1.4554758334E+01
           ESPe = -2.9948695495E+01     ESPe at Nucleus = -2.9948695155E+01
           ESPn =  1.5393937293E+01     ESPn at Nucleus =  1.5393936822E+01

CP# 14     Coords = -5.81636084198297E+00  2.76123610408271E+00  2.12048239725373E+00
           Type = (3,-3) NACP H14
           Rho =  4.2484436201E-01     Rho at Nucleus =  4.2117850682E-01
           GradRho = -3.7989258278E-16 -7.4635037598E-16  1.0869935696E-15
           HessRho_EigVals = -6.4686303571E+00 -6.4620981409E+00 -5.8718187705E+00
           HessRho_EigVec1 = -1.2605007693E-01  9.7385712048E-01  1.8898065245E-01
           HessRho_EigVec2 =  7.2847704097E-01 -3.8441415960E-02  6.8399083205E-01
           HessRho_EigVec3 =  6.7337402600E-01  2.2388516350E-01 -7.0458701001E-01
           DelSqRho = -1.8802547268E+01
           Bond Ellipticity = NA
           V = -4.7100853087E+00
           G =  4.7242457853E-03
           K =  4.7053610629E+00
           L =  4.7006368171E+00
           Vnuc =  4.0066048202E+01
           Ven = -1.7021834687E+01
           Vrep =  1.2311749378E+01
           DelSqV =  7.0809300811E+02
           DelSqVen =  7.5334376518E+02
           DelSqVrep = -4.5250757075E+01
           DelSqG =  6.9687011228E+01
           DelSqK = -7.7778001934E+02
           Stress_EigVals = -1.6204674748E+00 -1.6199489207E+00 -1.4696689132E+00
           Stress_EigVec1 = -5.4478780875E-02  9.6603115147E-01  2.5261804533E-01
           Stress_EigVec2 =  7.3795567920E-01 -1.3147560758E-01  6.6191810683E-01
           Stress_EigVec3 =  6.7264662192E-01  2.2248141272E-01 -7.0572554369E-01
           -DivStress = -5.2917687964E+00 -1.7627133254E+00  5.5437956040E+00
           ESP =  -1.1091064555E+00     ESP at Nucleus =  -1.1115469533E+00
           ESPe = -1.2502088860E+01     ESPe at Nucleus = -1.2427564095E+01
           ESPn =  1.1392982404E+01     ESPn at Nucleus =  1.1316017142E+01

CP# 15     Coords = -7.71385832868134E+00 -1.25514882265661E+00  5.13736788099182E-01
           Type = (3,-3) NACP H15
           Rho =  4.2499098900E-01     Rho at Nucleus =  4.2131737597E-01
           GradRho =  4.7379702700E-15 -2.7630146977E-15 -1.2424956897E-15
           HessRho_EigVals = -6.4715728904E+00 -6.4651696959E+00 -5.8738032197E+00
           HessRho_EigVec1 =  5.1631028003E-01  8.3233355319E-01 -2.0160493787E-01
           HessRho_EigVec2 =  2.9486901474E-01  4.8239753272E-02  9.5431922874E-01
           HessRho_EigVec3 =  8.0403728700E-01 -5.5217187763E-01 -2.2052269425E-01
           DelSqRho = -1.8810545806E+01
           Bond Ellipticity = NA
           V = -4.7120284016E+00
           G =  4.6959750455E-03
           K =  4.7073324265E+00
           L =  4.7026364515E+00
           Vnuc =  3.9631202387E+01
           Ven = -1.6842903898E+01
           Vrep =  1.2130875496E+01
           DelSqV =  7.0837046977E+02
           DelSqVen =  7.4548454784E+02
           DelSqVrep = -3.7114078071E+01
           DelSqG =  6.9721482189E+01
           DelSqK = -7.7809195196E+02
           Stress_EigVals = -1.6212060652E+00 -1.6206656288E+00 -1.4701567076E+00
           Stress_EigVec1 =  5.3861820296E-01  8.3426679937E-01 -1.1785303948E-01
           Stress_EigVec2 =  2.4824590505E-01 -2.3468969242E-02  9.6841271063E-01
           Stress_EigVec3 =  8.0514868321E-01 -5.5086124837E-01 -2.1974413070E-01
           -DivStress = -6.3314365146E+00  4.3496458797E+00  1.7311754726E+00
           ESP =  -1.1110749410E+00     ESP at Nucleus =  -1.1135200744E+00
           ESPe = -1.2093991058E+01     ESPe at Nucleus = -1.2020446895E+01
           ESPn =  1.0982916117E+01     ESPn at Nucleus =  1.0906926821E+01

CP# 16     Coords =  2.19034099210790E+00 -9.86810588520519E-01 -2.13664233199187E+00
           Type = (3,-3) NACP F16
           Rho =  4.1867830457E+02     Rho at Nucleus =  4.1867827658E+02
           GradRho =  1.6207242520E-10 -2.1987336431E-11  1.7425893736E-11
           HessRho_EigVals = -1.1735920187E+06 -1.1735488355E+06 -1.1735484102E+06
           HessRho_EigVec1 =  5.4720814364E-01  3.2282699779E-01  7.7223440550E-01
           HessRho_EigVec2 = -7.4970821848E-01  5.9927646878E-01  2.8072281900E-01
           HessRho_EigVec3 =  3.7215700272E-01  7.3256429306E-01 -5.6995501739E-01
           DelSqRho = -3.5206892644E+06
           Bond Ellipticity = NA
           V = -8.8040500089E+05
           G =  1.1634239186E+02
           K =  8.8028865849E+05
           L =  8.8017231610E+05
           Vnuc =  1.3032865225E+06
           Ven = -5.4565779161E+08
           Vrep =  5.4477738661E+08
           DelSqV =  4.6331737086E+10
           DelSqVen =  4.5884668764E+12
           DelSqVrep = -4.5421351393E+12
           DelSqG =  2.4680074092E+09
           DelSqK = -4.8799744495E+10
           Stress_EigVals = -2.9347202205E+05 -2.9347191976E+05 -2.9346105907E+05
           Stress_EigVec1 =  3.5559601602E-01  7.4591842247E-01 -5.6316709813E-01
           Stress_EigVec2 = -7.5819154375E-01  5.8255953270E-01  2.9286511204E-01
           Stress_EigVec3 =  5.4653184389E-01  3.2284686444E-01  7.7270488916E-01
