AIMSum (Version 19.02.13, Professional)
Copyright (c) 1997-2019 by Todd A. Keith
AIMSum is a component of the AIMAll package ( http://aim.tkgristmill.com )

TP:  64-bit Linux

Much of the Quantum Theory of Atoms in Molecules (QTAIM) is described in the book:
  "Atoms in Molecules - A Quantum Theory"
  R.F.W. Bader, Oxford University Press, Oxford, 1990

For additional references see:  http://aim.tkgristmill.com/references.html

Wfn File:  /home/mhennefarth/Documents/ML_Diels/summary-levandowski2016/4-opt/4-opt.wfn
Sum File:  /home/mhennefarth/Documents/ML_Diels/summary-levandowski2016/4-opt/4-opt.sum

SumViz File:  /home/mhennefarth/Documents/ML_Diels/summary-levandowski2016/4-opt/4-opt.sumviz

Wfn Title:   Title Card Required                                                           
 
Total memory allocated for AIMSum =        0.938 Megabytes

Atomic units (a.u.) used throughout, except where stated otherwise

Model:  Restricted SCF
 
Restricted, closed-shell, single-determinant wavefunction.
  Number of electrons (from MO Occs)                   =          68.0000000000
  Number of Alpha electrons (from MO Occs)             =          34.0000000000
  Number of Beta electrons (from MO Occs)              =          34.0000000000
  Number of electron pairs (N*(N-1)/2)                 =        2278.0000000000
  Number of electron pairs (from Muller 2EDM)          =        2278.0000000000
 
Nuclear Charges and Cartesian Coordinates:
-------------------------------------------------------------------------------
Atom      Charge                X                  Y                  Z
-------------------------------------------------------------------------------
C1         6.0          -6.3391510800E+00  -2.4564419300E+00   5.5601163000E-01
H2         1.0          -7.3783760700E+00  -4.2170209200E+00   3.7534322000E-01
C3         6.0          -6.7854045400E+00  -4.9803578000E-01  -9.8357561000E-01
H4         1.0          -8.1700923200E+00  -7.2593969000E-01  -2.4922464500E+00
C5         6.0          -4.6113233200E+00   3.0907966300E+00   1.2063552700E+00
H6         1.0          -3.6768595500E+00   4.9164043800E+00   1.1224027100E+00
C7         6.0          -5.5233757000E+00   1.9757535600E+00  -8.7779224000E-01
H8         1.0          -5.3772864200E+00   2.9789682600E+00  -2.6720717000E+00
C9         6.0           2.8241807100E+00  -3.0319947800E+00  -3.1245381000E-01
C10        6.0           1.4690583300E+00  -1.0375092200E+00   5.1801260000E-02
C11        6.0           4.1581286200E+00  -9.0253994000E-01   1.1020105100E+00
H12        1.0           3.0384640400E+00  -4.9225074900E+00  -1.0484459300E+00
H13        1.0          -2.8390900000E-01  -9.3955500000E-03  -1.4455313000E-01
H14        1.0          -4.9081017400E+00  -2.3781656300E+00   2.0281971700E+00
H15        1.0          -4.8028846000E+00   2.2353485900E+00   3.0645783900E+00
Si16      14.0           6.6990347100E+00   1.1007368500E+00  -3.8603648000E-01
H17        1.0           6.2605740900E+00   1.2966354700E+00  -3.1609212800E+00
H18        1.0           6.7294573200E+00   3.7076308900E+00   6.9165508000E-01
H19        1.0           9.2654699900E+00   6.9231200000E-03   3.1072850000E-02
H20        1.0           4.3643802700E+00  -1.1393685500E+00   3.1553576300E+00
 
Some Atomic Properties:
----------------------
  q(A) = Net Charge of Atom A
  L(A) = Lagrangian of Atom A = -(1/4) Times Atomic Integral of the Laplacian of the Electron Density
  K(A) = Electronic Kinetic Energy of Atom A (Hamiltonian Form)
  K_Scaled(A) = K(A) * E(Mol)/K(Mol) = Approximation to Virial-Based Total Energy of Atom A.
  |Mu_Intra(A)| = Magnitude of Intraatomic Dipole Moment of Atom A
--------------------------------------------------------------------------------------------------
Atom A          q(A)              L(A)              K(A)          K_Scaled(A)      |Mu_Intra(A)|
--------------------------------------------------------------------------------------------------
C1       -8.5095128800E-02 -7.1078312122E-06  3.7703855931E+01 -3.7963273164E+01  1.1033055763E-01
H2        4.5448365360E-02  2.3029256541E-05  5.9370644502E-01 -5.9779137691E-01  1.4734575256E-01
C3       -2.9915926400E-02 -1.3896805756E-04  3.7700936749E+01 -3.7960333897E+01  7.6816078968E-02
H4        3.5603141110E-02  2.3878904199E-05  6.0143064142E-01 -6.0556871879E-01  1.5077758498E-01
C5       -9.4077359400E-02  7.4418929767E-05  3.7706974927E+01 -3.7966413620E+01  1.1653390096E-01
H6        4.7281235330E-02  2.2113383623E-05  5.9281568907E-01 -5.9689449220E-01  1.4690437017E-01
C7       -3.5444054900E-02 -2.2651380101E-05  3.7704112290E+01 -3.7963531287E+01  7.6279785346E-02
H8        3.6517590110E-02  2.4463760610E-05  6.0110291180E-01 -6.0523873426E-01  1.5046323542E-01
C9       -1.3724818420E-01 -4.5475464830E-05  3.7756754470E+01 -3.8016535666E+01  2.4436895514E-01
C10      -1.3653194330E-01 -1.1180249626E-05  3.7757003125E+01 -3.8016786032E+01  2.7778219334E-01
C11      -6.6302025190E-01  1.1758126652E-04  3.7828784499E+01 -3.8089061290E+01  1.4222064461E+00
H12       1.1440424030E-01  2.2794607350E-05  5.5950126519E-01 -5.6335085210E-01  1.4464649457E-01
H13       1.3565186625E-01  1.0690132558E-05  5.4985261115E-01 -5.5363581155E-01  1.3554233096E-01
H14       4.3075264300E-02 -7.8396701179E-06  5.9360051338E-01 -5.9768471641E-01  1.4746012407E-01
H15       4.5311091830E-02  2.5592448101E-05  5.9276504104E-01 -5.9684349570E-01  1.4762632396E-01
Si16      2.7025101600E+00 -1.5453048989E-04  2.8763910517E+02 -2.8961817440E+02  3.2858427470E-02
H17      -6.7488515390E-01  2.4614099863E-05  7.8449922470E-01 -7.8989688532E-01  3.7570288920E-01
H18      -6.7835005470E-01  2.2353552333E-05  7.8464355322E-01 -7.9004220688E-01  3.7717059931E-01
H19      -6.7817644600E-01  1.6407859487E-05  7.8459646948E-01 -7.8999479919E-01  3.7754853202E-01
H20       6.9512033900E-03  3.0115920466E-05  6.1342011895E-01 -6.1764068860E-01  1.6070563031E-01
--------------------------------------------------------------------------------------------------
Total     9.6544799998E-06  5.0300978081E-05  5.5944946165E+02 -5.6329869213E+02
 
1st Largest |L(A)| = 1.5453048989E-04, atom Si16    
2nd Largest |L(A)| = 1.3896805756E-04, atom C3      
 
Molecular charge q(Mol) from the wfn file:   0.0000000000E+00
Molecular energy E(Mol) from the wfn file:  -5.6329867620E+02
Molecular virial ratio (-V(Mol)/T(Mol)) from the wfn file:   2.0068803900E+00
Note.  K_Scaled(A) = (1+V(Mol)/T(Mol))*K(A) = (E(Mol)/T(Mol))*K(A)
       Only use K_Scaled(A) data with caution.
 
N_AIMInt(SumA)     =         67.999990
N_Analytic(Mol)    =         67.999990
 
G_AIMInt(SumA)     =        559.449411
G_Analytic(Mol)    =        559.449427
 
K_AIMInt(SumA)     =        559.449462
K_Analytic(Mol)    =        559.449427
 
L_AIMInt(SumA)     =          0.000050
L_Analytic(Mol)    =          0.000000
 
VenT_AIMInt(SumA)  =      -2032.874814
VenT_Analytic(Mol) =      -2032.874873
 
Some Information About the Atomic Calculations:
----------------------------------------------
  Time(sec) = "Elapsed User Time", in Seconds, for Atom A by AIMInt and, if used, by TWOe
  NProc = Number of Processors Used for AIMInt Job
  BIM = Basin Integration Method
  OAQ = Angular Quadrature Outside of Beta Sphere
  ORQ = Multiple of Default for Radial Quadrature Outside of Beta Sphere
  IAQ = Multiple of Default for Angular Quadrature Inside of Beta Sphere
  IRQ = Multiple of Default for Radial Quadrature Inside of Beta Sphere
  MIR = Maximum Integration Radius
------------------------------------------------------------------------------------------------------
Atom A     Time(sec)   NProc      BIM          OAQ                     ORQ      IAQ      IRQ      MIR
------------------------------------------------------------------------------------------------------
C1             30        8     Proaim(5)    4500(GS4)                  1.00     1.00     1.00    13.00
H2              5        8     Proaim(5)    1800(GS4)                  1.00     1.00     1.00    13.00
C3             32        8     Proaim(5)    4500(GS4)                  1.00     1.00     1.00    13.00
H4              4        8     Proaim(5)    1800(GS4)                  1.00     1.00     1.00    13.00
C5             44        8     Proaim(5)    4500(GS4)                  1.00     1.00     1.00    13.00
H6              6        8     Proaim(5)    1800(GS4)                  1.00     1.00     1.00    13.00
C7             39        8     Proaim(5)    4500(GS4)                  1.00     1.00     1.00    13.00
H8              5        8     Proaim(5)    1800(GS4)                  1.00     1.00     1.00    13.00
C9             18        8     Proaim(5)    4500(GS4)                  1.00     1.00     1.00    13.00
C10            23        8     Proaim(5)    4500(GS4)                  1.00     1.00     1.00    13.00
C11            29        8     Proaim(5)    4500(GS4)                  1.00     1.00     1.00    13.00
H12             5        8     Proaim(5)    1800(GS4)                  1.00     1.00     1.00    13.00
H13            21        8     Proaim(5)    4500(GS4)                  1.00     1.00     1.00    13.00
H14            10        8     Proaim(5)    1800(GS4)                  1.00     1.00     1.00    13.00
H15             7        8     Proaim(5)    1800(GS4)                  1.00     1.00     1.00    13.00
Si16           27        8     Proaim(5)    4500(GS4)                  1.00     1.00     1.00    13.00
H17             8        8     Proaim(5)    1800(GS4)                  1.00     1.00     1.00    13.00
H18             8        8     Proaim(5)    1800(GS4)                  1.00     1.00     1.00    13.00
H19             7        8     Proaim(5)    1800(GS4)                  1.00     1.00     1.00    13.00
H20             5        8     Proaim(5)    1800(GS4)                  1.00     1.00     1.00    13.00
------------------------------------------------------------------------------------------------------
Total         333
Note:  Total wall clock time is less than total of atomic times if more than one atom
       was calculated at a time
 
Electron Density Critical Point Analysis of Molecular Structure:               
---------------------------------------------------------------                
  NACP = Nuclear Attractor Critical Point                                      
  NNACP = Non-Nuclear Attractor Critical Point                                 
  BCP = Bond Critical Point                                                    
  RCP = Ring Critical Point                                                    
  CCP = Cage Critical Point                                                    
  Rho = Electron Density                                                       
  GradRho = Gradient of Electron Density                                       
  HessRho_EigVals = Eigenvalues of the Hessian of Rho, Ascending Order         
  HessRho_EigVecs = Eigenvectors of the Hessian of Rho                         
  DelSqRho = Laplacian of Rho = Trace of Hessian of Rho                        
  Bond Ellipticity = (HessRho_EigVal(1) / HessRho_EigVal(2)) - 1               
  V = Virial Field = Potential Energy Density = Trace of Stress Tensor         
  G = Lagrangian Form of Kinetic Energy Density                                
  K = Hamiltonian Form of Kinetic Energy Density                               
  L = K - G = Lagrangian Density = (-1/4)DelSqRho                              
  Vnuc = Electrostatic Potential from Nuclei                                   
  Ven = Electron-nuclear attractive contribution to Virial Field V             
  Vrep = V - Ven = Repulsive contribution to Virial Field V                    
  DelSqV = Laplacian of V                                                      
  DelSqVen = Laplacian of Ven                                                  
  DelSqVrep = Laplacian of Vrep                                                
  DelSqG = Laplacian of G                                                      
  DelSqK = Laplacian of K                                                      
  Stress_EigVals = Eigenvalues of Stress Tensor, Ascending Order               
  Stress_EigVecs = Eigenvectors of Stress Tensor                               
  -DivStress = Ehrenfest Force Density = Minus Divergence of Stress Tensor     
  ESP = Total Electrostatic Potential                                          
  ESPe = Electrostatic Potential from Electrons                                
  ESPn = Electrostatic Potential from Nuclei                                   
  BP = Bond Path                                                               
  BPL = Bond Path Length                                                       
  GBL = Geometric Bond Length                                                  
  GBL_I = Distance Between Nuclear Attractors                                  
  GBL_II = Distance Between Nuclei                                             
  GBL_III = Sum of Distances Between BCP and Nuclear Attractors                
  GBL_IV = Sum of Distances Between BCP and Nuclei                             

CP# 1      Coords = -6.33915107714868E+00 -2.45644258452555E+00  5.56012203546381E-01
           Type = (3,-3) NACP C1
           Rho =  1.1767814373E+02     Rho at Nucleus =  1.1767814368E+02
           GradRho =  1.1453178683E-11 -8.7245738412E-11  9.7221036777E-11
           HessRho_EigVals = -1.4500592467E+05 -1.4500494397E+05 -1.4500478603E+05
           HessRho_EigVec1 =  6.5116937684E-01 -3.3282672035E-01 -6.8205924735E-01
           HessRho_EigVec2 =  7.3535014109E-01  4.9898696828E-01  4.5855444113E-01
           HessRho_EigVec3 = -1.8771950528E-01  8.0014897345E-01 -5.6966920895E-01
           DelSqRho = -4.3501565467E+05
           Bond Ellipticity = NA
           V = -1.0876414645E+05
           G =  5.1163887462E+00
           K =  1.0875903006E+05
           L =  1.0875391367E+05
           Vnuc =  6.8944338034E+06
           Ven = -8.1132417207E+08
           Vrep =  8.1121540792E+08
           DelSqV =  2.4952760823E+09
           DelSqVen =  2.9991868170E+12
           DelSqVrep = -2.9966915409E+12
           DelSqG =  1.3403287456E+08
           DelSqK = -2.6293089569E+09
           Stress_EigVals = -3.6254962526E+04 -3.6254860821E+04 -3.6254323099E+04
           Stress_EigVec1 = -1.5263584760E-01  8.0936923773E-01 -5.6711880153E-01
           Stress_EigVec2 =  7.2553956678E-01  4.8140732340E-01  4.9177161978E-01
           Stress_EigVec3 =  6.7103996533E-01 -3.3640515156E-01 -6.6070942095E-01
           -DivStress = -2.4699091522E+00  5.3350896025E+02 -4.6571876732E+02
           ESP =  -1.4739668652E+01     ESP at Nucleus =  -1.4739668663E+01
           ESPe = -2.4649468412E+01     ESPe at Nucleus = -2.4649469451E+01
           ESPn =  9.9097997603E+00     ESPn at Nucleus =  9.9098007878E+00

CP# 2      Coords = -7.36056684449095E+00 -4.18694596145541E+00  3.78467943039434E-01
           Type = (3,-3) NACP H2
           Rho =  4.2535139210E-01     Rho at Nucleus =  4.2163674440E-01
           GradRho =  8.8852536440E-15  1.3608905669E-14  1.4732139120E-15
           HessRho_EigVals = -6.4773021265E+00 -6.4710995437E+00 -5.8750065756E+00
           HessRho_EigVec1 =  5.0066248990E-01 -3.7629010515E-01  7.7957862206E-01
           HessRho_EigVec2 =  7.0178119148E-01 -3.5080903993E-01 -6.2002917414E-01
           HessRho_EigVec3 =  5.0679407109E-01  8.5751896438E-01  8.8436390925E-02
           DelSqRho = -1.8823408246E+01
           Bond Ellipticity = NA
           V = -4.7150923110E+00
           G =  4.6201247900E-03
           K =  4.7104721862E+00
           L =  4.7058520614E+00
           Vnuc =  3.8669461776E+01
           Ven = -1.6448109398E+01
           Vrep =  1.1733017087E+01
           DelSqV =  7.0868099417E+02
           DelSqVen =  7.2789106566E+02
           DelSqVrep = -1.9210071487E+01
           DelSqG =  6.9756575402E+01
           DelSqK = -7.7843756958E+02
           Stress_EigVals = -1.6226322421E+00 -1.6221404987E+00 -1.4703195703E+00
           Stress_EigVec1 =  5.7060292977E-01 -4.0891173839E-01  7.1218220053E-01
           Stress_EigVec2 =  6.4684651456E-01 -3.1051320084E-01 -6.9654227345E-01
           Stress_EigVec3 =  5.0596628656E-01  8.5812163608E-01  8.7323390606E-02
           -DivStress = -4.0195728423E+00 -6.7894185642E+00 -7.0429648305E-01
           ESP =  -1.1030175650E+00     ESP at Nucleus =  -1.1055017902E+00
           ESPe = -1.1275806367E+01     ESPe at Nucleus = -1.1196871572E+01
           ESPn =  1.0172788802E+01     ESPn at Nucleus =  1.0091369782E+01

CP# 3      Coords = -6.78540423886521E+00 -4.98034302689748E-01 -9.83576193676668E-01
           Type = (3,-3) NACP C3
           Rho =  1.1765635686E+02     Rho at Nucleus =  1.1765635667E+02
           GradRho =  2.1497403857E-10  8.6938056754E-10 -3.4263372695E-10
           HessRho_EigVals = -1.4497115036E+05 -1.4497025013E+05 -1.4496990729E+05
           HessRho_EigVec1 =  7.4805142376E-01 -2.9035131001E-01 -5.9675387237E-01
           HessRho_EigVec2 =  5.5249451184E-01  7.7062744159E-01  3.1762109605E-01
           HessRho_EigVec3 =  3.6765320859E-01 -5.6730015252E-01  7.3688646016E-01
           DelSqRho = -4.3491130779E+05
           Bond Ellipticity = NA
           V = -1.0873804359E+05
           G =  5.1083209380E+00
           K =  1.0873293527E+05
           L =  1.0872782695E+05
           Vnuc =  3.7112124952E+06
           Ven = -4.3664774172E+08
           Vrep =  4.3653900368E+08
           DelSqV =  2.4946710953E+09
           DelSqVen =  1.6140482150E+12
           DelSqVrep = -1.6115535276E+12
           DelSqG =  1.3399252966E+08
           DelSqK = -2.6286636250E+09
           Stress_EigVals = -3.6246285446E+04 -3.6246121374E+04 -3.6245636769E+04
           Stress_EigVec1 = -3.2188872419E-01  6.2942827843E-01 -7.0725362605E-01
           Stress_EigVec2 =  6.0027538408E-01  7.1335383993E-01  3.6165696776E-01
           Stress_EigVec3 =  7.3215921254E-01 -3.0813364207E-01 -6.0745085901E-01
           -DivStress = -2.4674338023E+02 -1.2002333334E+03  4.7086521413E+02
           ESP =  -1.4729591291E+01     ESP at Nucleus =  -1.4729591311E+01
           ESPe = -2.5522121781E+01     ESPe at Nucleus = -2.5522121733E+01
           ESPn =  1.0792530489E+01     ESPn at Nucleus =  1.0792530422E+01

CP# 4      Coords = -8.14694534469604E+00 -7.21975638915002E-01 -2.46714577091174E+00
           Type = (3,-3) NACP H4
           Rho =  4.2879364004E-01     Rho at Nucleus =  4.2518422242E-01
           GradRho =  3.6858537056E-15  1.9775847626E-16  1.3614326680E-15
           HessRho_EigVals = -6.5549039818E+00 -6.5471525391E+00 -5.9561162235E+00
           HessRho_EigVec1 =  1.9741631428E-01  9.2358253245E-01 -3.2866716389E-01
           HessRho_EigVec2 =  7.1220375015E-01 -3.6550497286E-01 -5.9930954696E-01
           HessRho_EigVec3 =  6.7364131192E-01  1.1576450480E-01  7.2993558778E-01
           DelSqRho = -1.9058172744E+01
           Bond Ellipticity = NA
           V = -4.7736044558E+00
           G =  4.5306348461E-03
           K =  4.7690738209E+00
           L =  4.7645431861E+00
           Vnuc =  3.9856062483E+01
           Ven = -1.7090026110E+01
           Vrep =  1.2316421654E+01
           DelSqV =  7.1834432686E+02
           DelSqVen =  7.5958372372E+02
           DelSqVrep = -4.1239396855E+01
           DelSqG =  7.0935414183E+01
           DelSqK = -7.8927974105E+02
           Stress_EigVals = -1.6418387867E+00 -1.6408032400E+00 -1.4909624291E+00
           Stress_EigVec1 =  1.2890168694E-01  9.5459232131E-01 -2.6858491246E-01
           Stress_EigVec2 =  7.2796724972E-01 -2.7500590968E-01 -6.2804094849E-01
           Stress_EigVec3 =  6.7338550507E-01  1.1456548231E-01  7.3036067242E-01
           -DivStress = -5.2885812799E+00 -9.0525114411E-01 -5.7351381310E+00
           ESP =  -1.1038366082E+00     ESP at Nucleus =  -1.1062573282E+00
           ESPe = -1.1867754443E+01     ESPe at Nucleus = -1.1785497412E+01
           ESPn =  1.0763917835E+01     ESPn at Nucleus =  1.0679240083E+01

CP# 5      Coords = -4.61132270623509E+00  3.09079687765314E+00  1.20635582205568E+00
           Type = (3,-3) NACP C5
           Rho =  1.1768574326E+02     Rho at Nucleus =  1.1768574321E+02
           GradRho =  1.5896450822E-10  1.3338136151E-11  8.5427942498E-11
           HessRho_EigVals = -1.4501797442E+05 -1.4501700104E+05 -1.4501686031E+05
           HessRho_EigVec1 =  8.7173548308E-01 -4.8187059165E-01 -8.8757988010E-02
           HessRho_EigVec2 =  3.5137614949E-01  7.4105269055E-01 -5.7216755536E-01
           HessRho_EigVec3 =  3.4148506425E-01  4.6759132021E-01  8.1531975823E-01
           DelSqRho = -4.3505183577E+05
           Bond Ellipticity = NA
           V = -1.0877320166E+05
           G =  5.1213572644E+00
           K =  1.0876808030E+05
           L =  1.0876295894E+05
           Vnuc =  6.9616871697E+06
           Ven = -8.1929132893E+08
           Vrep =  8.1918255572E+08
           DelSqV =  2.4954858107E+09
           DelSqVen =  3.0286944666E+12
           DelSqVrep = -3.0261989807E+12
           DelSqG =  1.3404662050E+08
           DelSqK = -2.6295324312E+09
           Stress_EigVals = -3.6257976779E+04 -3.6257879909E+04 -3.6257344969E+04
           Stress_EigVec1 =  3.6195353287E-01  4.8949316153E-01  7.9333856887E-01
           Stress_EigVec2 =  3.1766094745E-01  7.3533975996E-01 -5.9863758643E-01
           Stress_EigVec3 =  8.7640239759E-01 -4.6869167076E-01 -1.1066596251E-01
           -DivStress = -4.9782196844E+02 -2.0307332274E+02 -4.4941767924E+02
           ESP =  -1.4738273018E+01     ESP at Nucleus =  -1.4738273028E+01
           ESPe = -2.4955186817E+01     ESPe at Nucleus = -2.4955187575E+01
           ESPn =  1.0216913800E+01     ESPn at Nucleus =  1.0216914548E+01

CP# 6      Coords = -3.69285625229217E+00  4.88514469077359E+00  1.12387688221337E+00
           Type = (3,-3) NACP H6
           Rho =  4.2498206264E-01     Rho at Nucleus =  4.2126019297E-01
           GradRho = -4.4266791784E-11 -8.6521183447E-11  4.0853310318E-12
           HessRho_EigVals = -6.4703520136E+00 -6.4641383299E+00 -5.8678258500E+00
           HessRho_EigVec1 =  1.5421783032E-01 -3.3213578214E-02  9.8747846510E-01
           HessRho_EigVec2 =  8.7699625830E-01 -4.5572450386E-01 -1.5229162653E-01
           HessRho_EigVec3 =  4.5507628342E-01  8.8950100326E-01 -4.1152660392E-02
           DelSqRho = -1.8802316193E+01
           Bond Ellipticity = NA
           V = -4.7098090890E+00
           G =  4.6150203412E-03
           K =  4.7051940687E+00
           L =  4.7005790484E+00
           Vnuc =  3.9289784812E+01
           Ven = -1.6697453790E+01
           Vrep =  1.1987644701E+01
           DelSqV =  7.0782712813E+02
           DelSqVen =  7.3873895736E+02
           DelSqVrep = -3.0911829236E+01
           DelSqG =  6.9661670339E+01
           DelSqK = -7.7748879846E+02
           Stress_EigVals = -1.6208953336E+00 -1.6203872224E+00 -1.4685265330E+00
           Stress_EigVec1 =  6.9804901084E-02  8.7388466094E-03  9.9752238488E-01
           Stress_EigVec2 =  8.8764496389E-01 -4.5684704596E-01 -5.8113635866E-02
           Stress_EigVec3 =  4.5520730867E-01  8.8950233791E-01 -3.9647156037E-02
           -DivStress =  3.6072719930E+00  7.0483061061E+00 -3.3112309268E-01
           ESP =  -1.1011189280E+00     ESP at Nucleus =  -1.1036091083E+00
           ESPe = -1.1938100656E+01     ESPe at Nucleus = -1.1863608586E+01
           ESPn =  1.0836981728E+01     ESPn at Nucleus =  1.0759999478E+01

CP# 7      Coords = -5.52337628827587E+00  1.97575244868818E+00 -8.77792995182739E-01
           Type = (3,-3) NACP C7
           Rho =  1.1766971132E+02     Rho at Nucleus =  1.1766971117E+02
           GradRho = -2.6417212862E-10 -5.3153215163E-10 -3.7476932668E-10
           HessRho_EigVals = -1.4499057120E+05 -1.4498958706E+05 -1.4498927602E+05
           HessRho_EigVec1 =  9.0614593904E-01 -3.8789034225E-01 -1.6864346877E-01
           HessRho_EigVec2 =  3.3559948294E-01  9.0203094652E-01 -2.7150167324E-01
           HessRho_EigVec3 =  2.5743450471E-01  1.8942347773E-01  9.4754747737E-01
           DelSqRho = -4.3496943427E+05
           Bond Ellipticity = NA
           V = -1.0875256980E+05
           G =  5.1056148039E+00
           K =  1.0874746418E+05
           L =  1.0874235857E+05
           Vnuc =  4.0906612415E+06
           Ven = -4.8134692742E+08
           Vrep =  4.8123817485E+08
           DelSqV =  2.4950062018E+09
           DelSqVen =  1.7793125089E+12
           DelSqVrep = -1.7768175027E+12
           DelSqG =  1.3401322117E+08
           DelSqK = -2.6290194230E+09
           Stress_EigVals = -3.6251128227E+04 -3.6250973687E+04 -3.6250467884E+04
           Stress_EigVec1 =  2.8946049687E-01  2.6371213959E-01  9.2014592766E-01
           Stress_EigVec2 =  3.3233687530E-01  8.7380898756E-01 -3.5497894947E-01
           Stress_EigVec3 =  8.9764403973E-01 -4.0855080551E-01 -1.6529191526E-01
           -DivStress =  4.7875078004E+02  9.0421645521E+02  6.1011531403E+02
           ESP =  -1.4727587419E+01     ESP at Nucleus =  -1.4727587436E+01
           ESPe = -2.5802153473E+01     ESPe at Nucleus = -2.5802153599E+01
           ESPn =  1.1074566054E+01     ESPn at Nucleus =  1.1074566163E+01

CP# 8      Coords = -5.37980332255731E+00  2.96211337546098E+00 -2.64219171453797E+00
           Type = (3,-3) NACP H8
           Rho =  4.2874215234E-01     Rho at Nucleus =  4.2512822948E-01
           GradRho =  1.0913579068E-15 -7.0811412289E-15  1.1837753000E-14
           HessRho_EigVals = -6.5539927604E+00 -6.5463576683E+00 -5.9547770433E+00
           HessRho_EigVec1 =  4.9149644887E-01  7.3969985825E-01  4.5964699547E-01
           HessRho_EigVec2 =  8.6774509418E-01 -4.6070010750E-01 -1.8647751197E-01
           HessRho_EigVec3 = -7.3822031057E-02 -4.9050946031E-01  8.6830339000E-01
           DelSqRho = -1.9055127472E+01
           Bond Ellipticity = NA
           V = -4.7728044491E+00
           G =  4.5112905378E-03
           K =  4.7682931585E+00
           L =  4.7637818680E+00
           Vnuc =  4.0365494795E+01
           Ven = -1.7306389119E+01
           Vrep =  1.2533584670E+01
           DelSqV =  7.1820414282E+02
           DelSqVen =  7.6916964879E+02
           DelSqVrep = -5.0965505966E+01
           DelSqG =  7.0921671414E+01
           DelSqK = -7.8912581423E+02
           Stress_EigVals = -1.6416280155E+00 -1.6405323821E+00 -1.4906440515E+00
           Stress_EigVec1 =  4.0535810521E-01  7.8143569051E-01  4.7438704465E-01
           Stress_EigVec2 =  9.1122441733E-01 -3.8693395286E-01 -1.4125217657E-01
           Stress_EigVec3 = -7.3176962238E-02 -4.8953077300E-01  8.6891009574E-01
           -DivStress =  5.7486578067E-01  3.8498226122E+00 -6.8260345109E+00
           ESP =  -1.1021726470E+00     ESP at Nucleus =  -1.1045964086E+00
           ESPe = -1.2396370220E+01     ESPe at Nucleus = -1.2316757566E+01
           ESPn =  1.1294197573E+01     ESPn at Nucleus =  1.1212161158E+01

CP# 9      Coords =  2.82418294429010E+00 -3.03199320618572E+00 -3.12452388539084E-01
           Type = (3,-3) NACP C9
           Rho =  1.1765490062E+02     Rho at Nucleus =  1.1765489994E+02
           GradRho =  4.6897874473E-09  3.2728275645E-09  2.9864345996E-09
           HessRho_EigVals = -1.4497422041E+05 -1.4497411987E+05 -1.4497299139E+05
           HessRho_EigVec1 = -3.2911874342E-01 -3.9429193266E-01  8.5802955927E-01
           HessRho_EigVec2 =  2.9020701497E-01  8.2244156547E-01  4.8925428956E-01
           HessRho_EigVec3 =  8.9858819333E-01 -4.1002895414E-01  1.5625464976E-01
           DelSqRho = -4.3492133167E+05
           Bond Ellipticity = NA
           V = -1.0874064143E+05
           G =  5.1542554812E+00
           K =  1.0873548717E+05
           L =  1.0873033292E+05
           Vnuc =  1.9477457502E+06
           Ven = -2.2916183268E+08
           Vrep =  2.2905309204E+08
           DelSqV =  2.4947348514E+09
           DelSqVen =  8.4711619994E+11
           DelSqVrep = -8.4462146508E+11
           DelSqG =  1.3400098523E+08
           DelSqK = -2.6287358366E+09
           Stress_EigVals = -3.6247229996E+04 -3.6246839371E+04 -3.6246572061E+04
           Stress_EigVec1 = -5.8896861610E-01  7.9784619414E-01  1.2867563774E-01
           Stress_EigVec2 =  7.4117579419E-01  4.6979652056E-01  4.7953067824E-01
           Stress_EigVec3 = -3.2214035972E-01 -3.7779978794E-01  8.6803969314E-01
           -DivStress = -1.8166588106E+03 -1.2807118623E+03 -1.1561629623E+03
           ESP =  -1.4721896298E+01     ESP at Nucleus =  -1.4721896337E+01
           ESPe = -2.6204153416E+01     ESPe at Nucleus = -2.6204150534E+01
           ESPn =  1.1482257118E+01     ESPn at Nucleus =  1.1482254197E+01

CP# 10     Coords =  1.46906123452919E+00 -1.03750832777843E+00  5.18026334362280E-02
           Type = (3,-3) NACP C10
           Rho =  1.1766996229E+02     Rho at Nucleus =  1.1766996149E+02
           GradRho =  7.1573875715E-09  2.2046251491E-09  3.3883871264E-09
           HessRho_EigVals = -1.4499391717E+05 -1.4499368622E+05 -1.4499262551E+05
           HessRho_EigVec1 =  3.3690795123E-01  3.7513901635E-01 -8.6357614071E-01
           HessRho_EigVec2 =  9.4069066814E-01 -9.5220240604E-02  3.2562888794E-01
           HessRho_EigVec3 = -3.9926172817E-02  9.2206497829E-01  3.8497022811E-01
           DelSqRho = -4.3498022890E+05
           Bond Ellipticity = NA
           V = -1.0875534815E+05
           G =  5.1454610655E+00
           K =  1.0875020269E+05
           L =  1.0874505723E+05
           Vnuc =  1.7993997233E+06
           Ven = -2.1173529760E+08
           Vrep =  2.1162654225E+08
           DelSqV =  2.4950721136E+09
           DelSqVen =  7.8270332518E+11
           DelSqVrep = -7.8020825307E+11
           DelSqG =  1.3402015673E+08
           DelSqK = -2.6290922704E+09
           Stress_EigVals = -3.6252148640E+04 -3.6251739400E+04 -3.6251460107E+04
           Stress_EigVec1 = -5.4331059669E-01  8.2497803529E-01  1.5564329994E-01
           Stress_EigVec2 =  7.7487488191E-01  4.2142803205E-01  4.7113409046E-01
           Stress_EigVec3 = -3.2308282671E-01 -3.7657622747E-01  8.6822107322E-01
           -DivStress = -2.3626920631E+03 -7.2505646389E+02 -1.1168163175E+03
           ESP =  -1.4723849672E+01     ESP at Nucleus =  -1.4723849715E+01
           ESPe = -2.6906767075E+01     ESPe at Nucleus = -2.6906764205E+01
           ESPn =  1.2182917403E+01     ESPn at Nucleus =  1.2182914490E+01

CP# 11     Coords =  4.15812421643247E+00 -9.02542630256742E-01  1.10200868360937E+00
           Type = (3,-3) NACP C11
           Rho =  1.1748178838E+02     Rho at Nucleus =  1.1748178621E+02
           GradRho =  5.4001247918E-12 -2.0345947149E-12  1.3489098727E-11
           HessRho_EigVals = -1.4475359388E+05 -1.4475242996E+05 -1.4475236384E+05
           HessRho_EigVec1 =  7.1017689883E-01  3.7712240587E-01  5.9449765631E-01
           HessRho_EigVec2 = -4.2993701455E-01 -4.3636421701E-01  7.9040523381E-01
           HessRho_EigVec3 = -5.5749702770E-01  8.1692408528E-01  1.4775690510E-01
           DelSqRho = -4.3425838768E+05
           Bond Ellipticity = NA
           V = -1.0857479913E+05
           G =  5.1011042884E+00
           K =  1.0856969802E+05
           L =  1.0856459692E+05
           Vnuc =  1.0961046029E+06
           Ven = -1.2877232900E+08
           Vrep =  1.2866375420E+08
           DelSqV =  2.4909388501E+09
           DelSqVen =  4.7599261696E+11
           DelSqVrep = -4.7350167811E+11
           DelSqG =  1.3378910354E+08
           DelSqK = -2.6247279536E+09
           Stress_EigVals = -3.6191745773E+04 -3.6191597642E+04 -3.6191455714E+04
           Stress_EigVec1 = -3.4903127112E-01 -3.9502662168E-01  8.4978299579E-01
           Stress_EigVec2 = -5.5957371582E-01  8.1525108649E-01  1.4914061334E-01
           Stress_EigVec3 =  7.5170102324E-01  4.2346149074E-01  5.0559463754E-01
           -DivStress =  3.5741096058E+03  2.1842094764E+03  1.4792328305E+03
           ESP =  -1.4725488756E+01     ESP at Nucleus =  -1.4725488885E+01
           ESPe = -2.7163856241E+01     ESPe at Nucleus = -2.7163852965E+01
           ESPn =  1.2438367485E+01     ESPn at Nucleus =  1.2438364080E+01

CP# 12     Coords =  3.03465021084509E+00 -4.88880078657815E+00 -1.03531102828648E+00
           Type = (3,-3) NACP H12
           Rho =  4.1473481075E-01     Rho at Nucleus =  4.1084136585E-01
           GradRho = -6.1736406438E-10  5.5204884462E-09  2.1538594857E-09
           HessRho_EigVals = -6.3385143493E+00 -6.3354398020E+00 -5.7184832123E+00
           HessRho_EigVec1 =  9.4449038274E-01 -2.6032560633E-02  3.2750606512E-01
           HessRho_EigVec2 = -3.1288289415E-01 -3.7533303000E-01  8.7248461943E-01
           HessRho_EigVec3 = -1.0021083501E-01  9.2652437765E-01  3.6264358007E-01
           DelSqRho = -1.8392437364E+01
           Bond Ellipticity = NA
           V = -4.6072757321E+00
           G =  4.5831956076E-03
           K =  4.6026925365E+00
           L =  4.5981093409E+00
           Vnuc =  3.8657766343E+01
           Ven = -1.6032721408E+01
           Vrep =  1.1425445676E+01
           DelSqV =  6.9198347512E+02
           DelSqVen =  7.1101055505E+02
           DelSqVrep = -1.9027079930E+01
           DelSqG =  6.8323147367E+01
           DelSqK = -7.6030662249E+02
           Stress_EigVals = -1.5882309459E+00 -1.5876210390E+00 -1.4314237473E+00
           Stress_EigVec1 =  9.4431042473E-01 -2.2997812841E-02  3.2825130974E-01
           Stress_EigVec2 = -3.1248448687E-01 -3.7525317975E-01  8.7266173089E-01
           Stress_EigVec3 = -1.0310803658E-01  9.2663701183E-01  3.6154194930E-01
           -DivStress =  8.4394359956E-01 -7.4428959972E+00 -2.8996282231E+00
           ESP =  -1.0639198203E+00     ESP at Nucleus =  -1.0666208048E+00
           ESPe = -1.2231026913E+01     ESPe at Nucleus = -1.2143703374E+01
           ESPn =  1.1167107092E+01     ESPn at Nucleus =  1.1077082569E+01

CP# 13     Coords = -2.52019020415627E-01 -2.80922779110170E-02 -1.40979977786180E-01
           Type = (3,-3) NACP H13
           Rho =  4.1057861409E-01     Rho at Nucleus =  4.0657275683E-01
           GradRho =  5.4345010783E-10 -3.1779998251E-10  6.1247795898E-11
           HessRho_EigVals = -6.2654753492E+00 -6.2624945317E+00 -5.6372041284E+00
           HessRho_EigVec1 =  3.9947524337E-01  7.8196224088E-01  4.7849198924E-01
           HessRho_EigVec2 = -3.1609865365E-01 -3.7244798109E-01  8.7256182735E-01
           HessRho_EigVec3 =  8.6052377718E-01 -4.9981752191E-01  9.8393463662E-02
           DelSqRho = -1.8165174009E+01
           Bond Ellipticity = NA
           V = -4.5507043808E+00
           G =  4.7054392582E-03
           K =  4.5459989416E+00
           L =  4.5412935023E+00
           Vnuc =  4.0156610893E+01
           Ven = -1.6487445647E+01
           Vrep =  1.1936741266E+01
           DelSqV =  6.8273689016E+02
           DelSqVen =  7.2945182541E+02
           DelSqVrep = -4.6714935251E+01
           DelSqG =  6.7334209014E+01
           DelSqK = -7.5007109918E+02
           Stress_EigVals = -1.5699224855E+00 -1.5693020641E+00 -1.4114798312E+00
           Stress_EigVec1 =  4.0097612907E-01  7.7932809961E-01  4.8152451347E-01
           Stress_EigVec2 = -3.1741799818E-01 -3.7487552667E-01  8.7104199321E-01
           Stress_EigVec3 =  8.5933925684E-01 -5.0211159383E-01  9.7056627742E-02
           -DivStress = -6.9554383017E+00  4.0799408194E+00 -7.7841289262E-01
           ESP =  -1.0669861420E+00     ESP at Nucleus =  -1.0697736532E+00
           ESPe = -1.4297729120E+01     ESPe at Nucleus = -1.4238975117E+01
           ESPn =  1.3230742978E+01     ESPn at Nucleus =  1.3169201464E+01

CP# 14     Coords = -4.93255357857246E+00 -2.37951205140037E+00  2.00312450523241E+00
           Type = (3,-3) NACP H14
           Rho =  4.2475587722E-01     Rho at Nucleus =  4.2105504036E-01
           GradRho =  8.0493879791E-16 -1.2173421993E-15  7.9981594264E-16
           HessRho_EigVals = -6.4684042065E+00 -6.4620990688E+00 -5.8683223220E+00
           HessRho_EigVec1 =  2.4987219215E-01  9.2268985257E-01 -2.9361083691E-01
           HessRho_EigVec2 =  6.7182344913E-01 -3.8357348044E-01 -6.3365971807E-01
           HessRho_EigVec3 =  6.9729272246E-01  3.8920702327E-02  7.1572902564E-01
           DelSqRho = -1.8798825597E+01
           Bond Ellipticity = NA
           V = -4.7090348449E+00
           G =  4.6642227735E-03
           K =  4.7043706221E+00
           L =  4.6997063993E+00
           Vnuc =  4.0196054539E+01
           Ven = -1.7073510406E+01
           Vrep =  1.2364475561E+01
           DelSqV =  7.0780779929E+02
           DelSqVen =  7.5563861897E+02
           DelSqVrep = -4.7830819682E+01
           DelSqG =  6.9674273401E+01
           DelSqK = -7.7748207269E+02
           Stress_EigVals = -1.6204117536E+00 -1.6198521808E+00 -1.4687709105E+00
           Stress_EigVec1 =  1.9014812667E-01  9.5326997842E-01 -2.3477657072E-01
           Stress_EigVec2 =  6.9073877880E-01 -2.9983936190E-01 -6.5800934379E-01
           Stress_EigVec3 =  6.9765581011E-01  3.7050037696E-02  7.1547443373E-01
           -DivStress =  5.5123838357E+00  3.0265380386E-01  5.6527407418E+00
           ESP =  -1.1033628728E+00     ESP at Nucleus =  -1.1058215834E+00
           ESPe = -1.2766903695E+01     ESPe at Nucleus = -1.2708510900E+01
           ESPn =  1.1663540822E+01     ESPn at Nucleus =  1.1602689317E+01

CP# 15     Coords = -4.79953349389452E+00  2.24997384886097E+00  3.03284057267646E+00
           Type = (3,-3) NACP H15
           Rho =  4.2436236593E-01     Rho at Nucleus =  4.2065453507E-01
           GradRho =  3.0520957723E-11  1.3329036659E-10 -2.8910658698E-10
           HessRho_EigVals = -6.4599048826E+00 -6.4536094840E+00 -5.8594443505E+00
           HessRho_EigVec1 =  5.0608692703E-01  7.6171699898E-01  4.0455313093E-01
           HessRho_EigVec2 = -8.5724506459E-01  4.9585915285E-01  1.3876094469E-01
           HessRho_EigVec3 = -9.4904802421E-02 -4.1702627495E-01  9.0392597290E-01
           DelSqRho = -1.8772958717E+01
           Bond Ellipticity = NA
           V = -4.7025413404E+00
           G =  4.6508305614E-03
           K =  4.6978905099E+00
           L =  4.6932396793E+00
           Vnuc =  3.9893896696E+01
           Ven = -1.6929468388E+01
           Vrep =  1.2226927048E+01
           DelSqV =  7.0675700978E+02
           DelSqVen =  7.4892647626E+02
           DelSqVrep = -4.2169466482E+01
           DelSqG =  6.9547059026E+01
           DelSqK = -7.7630406880E+02
           Stress_EigVals = -1.6182829266E+00 -1.6177168582E+00 -1.4665415557E+00
           Stress_EigVec1 =  4.3432962625E-01  8.0043129971E-01  4.1311924454E-01
           Stress_EigVec2 =  8.9571992726E-01 -4.3221952896E-01 -1.0426931807E-01
           Stress_EigVec3 = -9.5097779495E-02 -4.1532639362E-01  9.0468801202E-01
           -DivStress = -7.5393342575E-01 -3.2919749053E+00  7.1455256298E+00
           ESP =  -1.1019250470E+00     ESP at Nucleus =  -1.1043919603E+00
           ESPe = -1.2510499810E+01     ESPe at Nucleus = -1.2440981169E+01
           ESPn =  1.1408574763E+01     ESPn at Nucleus =  1.1336589209E+01

CP# 16     Coords =  6.69903471024436E+00  1.10073685028341E+00 -3.86036475343907E-01
           Type = (3,-3) NACP Si16
           Rho =  1.6514566630E+03     Rho at Nucleus =  1.6514566630E+03
           GradRho = -4.4781609532E-09  7.1740557939E-10 -9.2656993189E-11
           HessRho_EigVals = -1.0923773864E+07 -1.0923773074E+07 -1.0923770764E+07
           HessRho_EigVec1 = -1.3646200128E-01 -2.4500035157E-01  9.5987131947E-01
           HessRho_EigVec2 = -5.4771022524E-01  8.2603371877E-01  1.3297294696E-01
           HessRho_EigVec3 =  8.2546449431E-01  5.0758558213E-01  2.4691141213E-01
           DelSqRho = -3.2771317702E+07
