AIMSum (Version 19.02.13, Professional)
Copyright (c) 1997-2019 by Todd A. Keith
AIMSum is a component of the AIMAll package ( http://aim.tkgristmill.com )

TP:  64-bit Linux

Much of the Quantum Theory of Atoms in Molecules (QTAIM) is described in the book:
  "Atoms in Molecules - A Quantum Theory"
  R.F.W. Bader, Oxford University Press, Oxford, 1990

For additional references see:  http://aim.tkgristmill.com/references.html

Wfn File:  /home/mhennefarth/Documents/ML_Diels/summary-levandowski2016/40-opt/40-opt.wfn
Sum File:  /home/mhennefarth/Documents/ML_Diels/summary-levandowski2016/40-opt/40-opt.sum

SumViz File:  /home/mhennefarth/Documents/ML_Diels/summary-levandowski2016/40-opt/40-opt.sumviz

Wfn Title:   Title Card Required                                                           
 
Total memory allocated for AIMSum =        0.889 Megabytes

Atomic units (a.u.) used throughout, except where stated otherwise

Model:  Restricted SCF
 
Restricted, closed-shell, single-determinant wavefunction.
  Number of electrons (from MO Occs)                   =          68.0000000000
  Number of Alpha electrons (from MO Occs)             =          34.0000000000
  Number of Beta electrons (from MO Occs)              =          34.0000000000
  Number of electron pairs (N*(N-1)/2)                 =        2278.0000000000
  Number of electron pairs (from Muller 2EDM)          =        2278.0000000000
 
Nuclear Charges and Cartesian Coordinates:
-------------------------------------------------------------------------------
Atom      Charge                X                  Y                  Z
-------------------------------------------------------------------------------
C1         6.0           3.4187161200E+00  -2.9390205800E+00  -7.2956687000E-01
H2         1.0           3.6095854000E+00  -4.9786534100E+00  -5.9128917000E-01
C3         6.0           5.1086083200E+00  -1.4033273400E+00   3.7199590000E-01
H4         1.0           6.6650835400E+00  -2.2686448400E+00   1.4071232200E+00
C5         6.0           3.4583110800E+00   2.9201248100E+00  -7.6529716000E-01
H6         1.0           3.6875825700E+00   4.9581505700E+00  -6.6821424000E-01
C7         6.0           5.1334886800E+00   1.3753958500E+00   3.4577765000E-01
H8         1.0           6.7155542500E+00   2.2317463800E+00   1.3490137800E+00
C9         6.0          -2.3558173900E+00  -1.1995379400E+00   2.1948660100E+00
C10        6.0          -2.4084601400E+00   1.2936446500E+00   2.1729627400E+00
C11        6.0          -3.4467809500E+00   5.4500400000E-03  -5.6052500000E-03
H12        1.0          -1.8378842000E+00  -2.9162678000E+00   3.1727838200E+00
H13        1.0          -1.9661729500E+00   3.0475645900E+00   3.1218659400E+00
H14        1.0           1.8276832000E+00   2.2279950200E+00  -1.8014708500E+00
H15        1.0           1.8136233500E+00  -2.2377279600E+00  -1.7989970700E+00
F16        9.0          -5.9695936000E+00  -5.3142610000E-02  -5.3733062000E-01
F17        9.0          -2.2485674500E+00   1.0860430000E-02  -2.3184042200E+00
 
Some Atomic Properties:
----------------------
  q(A) = Net Charge of Atom A
  L(A) = Lagrangian of Atom A = -(1/4) Times Atomic Integral of the Laplacian of the Electron Density
  K(A) = Electronic Kinetic Energy of Atom A (Hamiltonian Form)
  K_Scaled(A) = K(A) * E(Mol)/K(Mol) = Approximation to Virial-Based Total Energy of Atom A.
  |Mu_Intra(A)| = Magnitude of Intraatomic Dipole Moment of Atom A
--------------------------------------------------------------------------------------------------
Atom A          q(A)              L(A)              K(A)          K_Scaled(A)      |Mu_Intra(A)|
--------------------------------------------------------------------------------------------------
C1       -9.8017907000E-02 -1.1838612279E-04  3.7711418750E+01 -3.8035179576E+01  1.1820809801E-01
H2        3.8471676560E-02  2.3102512011E-05  5.9656915579E-01 -6.0169083323E-01  1.4868552978E-01
C3       -2.9242343300E-02 -2.9020754879E-05  3.7695638000E+01 -3.8019263345E+01  6.2049995111E-02
H4        2.6423135540E-02  2.8237911764E-05  6.0678323152E-01 -6.1199259905E-01  1.5272947922E-01
C5       -9.7288846700E-02  1.4077826453E-06  3.7711274569E+01 -3.8035034158E+01  1.1835385061E-01
H6        3.8513725350E-02  2.3313703490E-05  5.9657170728E-01 -6.0169340663E-01  1.4869152341E-01
C7       -2.9035111500E-02  1.9879316748E-05  3.7695606665E+01 -3.8019231741E+01  6.2477440542E-02
H8        2.6417729080E-02  2.7275084978E-05  6.0678537842E-01 -6.1199476438E-01  1.5272864185E-01
C9       -8.6743774600E-02  3.3196976211E-06  3.7768773751E+01 -3.8093026983E+01  2.7794970111E-01
C10      -8.7558136600E-02 -2.4849058402E-06  3.7768940910E+01 -3.8093195577E+01  2.7727869898E-01
C11       1.1691378520E+00 -2.0242822594E-04  3.6914340297E+01 -3.7231258030E+01  5.9000269798E-01
H12       1.3456482560E-01  1.7453988970E-05  5.5047891065E-01 -5.5520489321E-01  1.3971051726E-01
H13       1.3399409707E-01  1.9620256576E-05  5.5066865876E-01 -5.5539627035E-01  1.3979995503E-01
H14       6.6064530750E-02  2.2356638449E-05  5.8843734732E-01 -5.9348921141E-01  1.2592585788E-01
H15       6.6172384850E-02  2.8804341364E-05  5.8839985375E-01 -5.9345139594E-01  1.2609047382E-01
F16      -6.3257620640E-01  5.9291850301E-05  9.9584666957E+01 -1.0043962323E+02  2.9209058244E-01
F17      -6.3934040530E-01  5.1699136939E-05  9.9544478381E+01 -1.0039908963E+02  2.5454201979E-01
--------------------------------------------------------------------------------------------------
Total    -4.2774600000E-05 -2.6557787593E-05  4.6707983252E+02 -4.7108981564E+02
 
1st Largest |L(A)| = 2.0242822594E-04, atom C11     
2nd Largest |L(A)| = 1.1838612279E-04, atom C1      
 
Molecular charge q(Mol) from the wfn file:   0.0000000000E+00
Molecular energy E(Mol) from the wfn file:  -4.7108989942E+02
Molecular virial ratio (-V(Mol)/T(Mol)) from the wfn file:   2.0085852200E+00
Note.  K_Scaled(A) = (1+V(Mol)/T(Mol))*K(A) = (E(Mol)/T(Mol))*K(A)
       Only use K_Scaled(A) data with caution.
 
N_AIMInt(SumA)     =         68.000043
N_Analytic(Mol)    =         67.999989
 
G_AIMInt(SumA)     =        467.079859
G_Analytic(Mol)    =        467.079894
 
K_AIMInt(SumA)     =        467.079833
K_Analytic(Mol)    =        467.079894
 
L_AIMInt(SumA)     =         -0.000027
L_Analytic(Mol)    =          0.000000
 
VenT_AIMInt(SumA)  =      -1926.055961
VenT_Analytic(Mol) =      -1926.055681
 
Some Information About the Atomic Calculations:
----------------------------------------------
  Time(sec) = "Elapsed User Time", in Seconds, for Atom A by AIMInt and, if used, by TWOe
  NProc = Number of Processors Used for AIMInt Job
  BIM = Basin Integration Method
  OAQ = Angular Quadrature Outside of Beta Sphere
  ORQ = Multiple of Default for Radial Quadrature Outside of Beta Sphere
  IAQ = Multiple of Default for Angular Quadrature Inside of Beta Sphere
  IRQ = Multiple of Default for Radial Quadrature Inside of Beta Sphere
  MIR = Maximum Integration Radius
------------------------------------------------------------------------------------------------------
Atom A     Time(sec)   NProc      BIM          OAQ                     ORQ      IAQ      IRQ      MIR
------------------------------------------------------------------------------------------------------
C1             29        8     Proaim(5)    4500(GS4)                  1.00     1.00     1.00    13.00
H2              5        8     Proaim(5)    1800(GS4)                  1.00     1.00     1.00    13.00
C3             23        8     Proaim(5)    4500(GS4)                  1.00     1.00     1.00    13.00
H4              5        8     Proaim(5)    1800(GS4)                  1.00     1.00     1.00    13.00
C5             33        8     Proaim(5)    4500(GS4)                  1.00     1.00     1.00    13.00
H6              5        8     Proaim(5)    1800(GS4)                  1.00     1.00     1.00    13.00
C7             23        8     Proaim(5)    4500(GS4)                  1.00     1.00     1.00    13.00
H8              9        8     Proaim(5)    1800(GS4)                  1.00     1.00     1.00    13.00
C9             24        8     Proaim(5)    4500(GS4)                  1.00     1.00     1.00    13.00
C10            24        8     Proaim(5)    4500(GS4)                  1.00     1.00     1.00    13.00
C11            25        8     Proaim(5)    4500(GS4)                  1.00     1.00     1.00    13.00
H12             5        8     Proaim(5)    1800(GS4)                  1.00     1.00     1.00    13.00
H13             5        8     Proaim(5)    1800(GS4)                  1.00     1.00     1.00    13.00
H14            27        8     Proaim(5)    4500(GS4)                  1.00     1.00     1.00    13.00
H15            15        8     Proaim(5)    4500(GS4)                  1.00     1.00     1.00    13.00
F16             8        8     Proaim(5)    2700(GS4)                  1.00     1.00     1.00    13.00
F17            19        8     Proaim(5)    4500(GS4)                  1.00     1.00     1.00    13.00
------------------------------------------------------------------------------------------------------
Total         284
Note:  Total wall clock time is less than total of atomic times if more than one atom
       was calculated at a time
 
Electron Density Critical Point Analysis of Molecular Structure:               
---------------------------------------------------------------                
  NACP = Nuclear Attractor Critical Point                                      
  NNACP = Non-Nuclear Attractor Critical Point                                 
  BCP = Bond Critical Point                                                    
  RCP = Ring Critical Point                                                    
  CCP = Cage Critical Point                                                    
  Rho = Electron Density                                                       
  GradRho = Gradient of Electron Density                                       
  HessRho_EigVals = Eigenvalues of the Hessian of Rho, Ascending Order         
  HessRho_EigVecs = Eigenvectors of the Hessian of Rho                         
  DelSqRho = Laplacian of Rho = Trace of Hessian of Rho                        
  Bond Ellipticity = (HessRho_EigVal(1) / HessRho_EigVal(2)) - 1               
  V = Virial Field = Potential Energy Density = Trace of Stress Tensor         
  G = Lagrangian Form of Kinetic Energy Density                                
  K = Hamiltonian Form of Kinetic Energy Density                               
  L = K - G = Lagrangian Density = (-1/4)DelSqRho                              
  Vnuc = Electrostatic Potential from Nuclei                                   
  Ven = Electron-nuclear attractive contribution to Virial Field V             
  Vrep = V - Ven = Repulsive contribution to Virial Field V                    
  DelSqV = Laplacian of V                                                      
  DelSqVen = Laplacian of Ven                                                  
  DelSqVrep = Laplacian of Vrep                                                
  DelSqG = Laplacian of G                                                      
  DelSqK = Laplacian of K                                                      
  Stress_EigVals = Eigenvalues of Stress Tensor, Ascending Order               
  Stress_EigVecs = Eigenvectors of Stress Tensor                               
  -DivStress = Ehrenfest Force Density = Minus Divergence of Stress Tensor     
  ESP = Total Electrostatic Potential                                          
  ESPe = Electrostatic Potential from Electrons                                
  ESPn = Electrostatic Potential from Nuclei                                   
  BP = Bond Path                                                               
  BPL = Bond Path Length                                                       
  GBL = Geometric Bond Length                                                  
  GBL_I = Distance Between Nuclear Attractors                                  
  GBL_II = Distance Between Nuclei                                             
  GBL_III = Sum of Distances Between BCP and Nuclear Attractors                
  GBL_IV = Sum of Distances Between BCP and Nuclei                             

CP# 1      Coords =  3.41871576483236E+00 -2.93902130029835E+00 -7.29567050480401E-01
           Type = (3,-3) NACP C1
           Rho =  1.1768111007E+02     Rho at Nucleus =  1.1768111002E+02
           GradRho = -3.1168677882E-11 -1.0059001195E-10 -2.8473130104E-11
           HessRho_EigVals = -1.4501207981E+05 -1.4501107408E+05 -1.4501089054E+05
           HessRho_EigVec1 = -5.5439835096E-01  1.2344042471E-02  8.3215989634E-01
           HessRho_EigVec2 = -2.6961057368E-01  9.4330518111E-01 -1.9361165730E-01
           HessRho_EigVec3 = -7.8737069225E-01 -3.3169709058E-01 -5.1963875249E-01
           DelSqRho = -4.3503404443E+05
           Bond Ellipticity = NA
           V = -1.0876876023E+05
           G =  5.1245629267E+00
           K =  1.0876363567E+05
           L =  1.0875851111E+05
           Vnuc =  7.2892397342E+06
           Ven = -8.5780582346E+08
           Vrep =  8.5769705470E+08
           DelSqV =  2.4953840491E+09
           DelSqVen =  3.1710674944E+12
           DelSqVrep = -3.1685721104E+12
           DelSqG =  1.3404102529E+08
           DelSqK = -2.6294250744E+09
           Stress_EigVals = -3.6256502309E+04 -3.6256403505E+04 -3.6255854419E+04
           Stress_EigVec1 =  7.2179676728E-01  5.0514001732E-01  4.7312048112E-01
           Stress_EigVec2 =  4.1659985880E-01 -8.6298831032E-01  2.8582465585E-01
           Stress_EigVec3 = -5.5267891619E-01  9.2053869709E-03  8.3334343248E-01
           -DivStress =  2.8736404856E+02  5.8697672559E+02  1.4830874277E+02
           ESP =  -1.4747637402E+01     ESP at Nucleus =  -1.4747637412E+01
           ESPe = -2.6102847141E+01     ESPe at Nucleus = -2.6102848082E+01
           ESPn =  1.1355209738E+01     ESPn at Nucleus =  1.1355210670E+01

CP# 2      Coords =  3.60630554491405E+00 -4.94403986324760E+00 -5.93619783225118E-01
           Type = (3,-3) NACP H2
           Rho =  4.2590251492E-01     Rho at Nucleus =  4.2223199220E-01
           GradRho = -8.6935241062E-10  9.1698545605E-09 -6.1750645956E-10
           HessRho_EigVals = -6.4873978134E+00 -6.4813060291E+00 -5.8894562726E+00
           HessRho_EigVec1 =  8.2558262001E-01  1.1453344545E-01  5.5253545353E-01
           HessRho_EigVec2 = -5.5651504985E-01  3.3678699125E-03  8.3083070281E-01
           HessRho_EigVec3 = -9.3297035451E-02  9.9341368388E-01 -6.6520040972E-02
           DelSqRho = -1.8858160115E+01
           Bond Ellipticity = NA
           V = -4.7239314740E+00
           G =  4.6957226303E-03
           K =  4.7192357514E+00
           L =  4.7145400288E+00
           Vnuc =  4.0095955277E+01
           Ven = -1.7076968191E+01
           Vrep =  1.2353036717E+01
           DelSqV =  7.1022323266E+02
           DelSqVen =  7.5613595974E+02
           DelSqVrep = -4.5912727084E+01
           DelSqG =  6.9924464625E+01
           DelSqK = -7.8014769728E+02
           Stress_EigVals = -1.6252579694E+00 -1.6247223096E+00 -1.4739511951E+00
           Stress_EigVec1 =  8.2426646671E-01  1.1298863861E-01  5.5481380607E-01
           Stress_EigVec2 = -5.5868264374E-01  3.1360786144E-03  8.2937558958E-01
           Stress_EigVec3 = -9.1970079051E-02  9.9359133076E-01 -6.5709755770E-02
           -DivStress =  7.4042565197E-01 -7.8279708696E+00  5.2658837937E-01
           ESP =  -1.1089059856E+00     ESP at Nucleus =  -1.1113611114E+00
           ESPe = -1.2507672242E+01     ESPe at Nucleus = -1.2424995860E+01
           ESPn =  1.1398766257E+01     ESPn at Nucleus =  1.1313634749E+01

CP# 3      Coords =  5.10860892100988E+00 -1.40332602289248E+00  3.71996300560092E-01
           Type = (3,-3) NACP C3
           Rho =  1.1765582812E+02     Rho at Nucleus =  1.1765582796E+02
           GradRho =  2.5840333519E-10  6.7226756141E-10  2.0744378567E-10
           HessRho_EigVals = -1.4497037844E+05 -1.4496945546E+05 -1.4496908795E+05
           HessRho_EigVec1 = -5.5457327630E-01  6.3048662847E-03  8.3211100814E-01
           HessRho_EigVec2 =  2.7009376787E-01 -9.4446749952E-01  1.8716436333E-01
           HessRho_EigVec3 =  7.8708184947E-01  3.2854435166E-01  5.2207353048E-01
           DelSqRho = -4.3490892184E+05
           Bond Ellipticity = NA
           V = -1.0873743159E+05
           G =  5.1005626270E+00
           K =  1.0873233102E+05
           L =  1.0872723046E+05
           Vnuc =  3.9943053307E+06
           Ven = -4.6995330146E+08
           Vrep =  4.6984456402E+08
           DelSqV =  2.4946571342E+09
           DelSqVen =  1.7371586888E+12
           DelSqVrep = -1.7346640316E+12
           DelSqG =  1.3399162770E+08
           DelSqK = -2.6286487619E+09
           Stress_EigVals = -3.6246084484E+04 -3.6245918937E+04 -3.6245428165E+04
           Stress_EigVec1 =  7.6010754369E-01  4.1484373548E-01  5.0014117722E-01
           Stress_EigVec2 =  3.4142794209E-01 -9.0985335476E-01  2.3578344554E-01
           Stress_EigVec3 = -5.5286841326E-01  8.4586027412E-03  8.3322564150E-01
           -DivStress = -4.8526873521E+02 -1.0708661073E+03 -3.2219215761E+02
           ESP =  -1.4735891052E+01     ESP at Nucleus =  -1.4735891070E+01
           ESPe = -2.6470721888E+01     ESPe at Nucleus = -2.6470722116E+01
           ESPn =  1.1734830836E+01     ESPn at Nucleus =  1.1734831047E+01

CP# 4      Coords =  6.63928760771958E+00 -2.25413989308828E+00  1.38998254222580E+00
           Type = (3,-3) NACP H4
           Rho =  4.3113438176E-01     Rho at Nucleus =  4.2753997755E-01
           GradRho = -1.0965256548E-15  1.0414641193E-15 -4.5347772304E-16
           HessRho_EigVals = -6.5927794182E+00 -6.5845043015E+00 -5.9933402517E+00
           HessRho_EigVec1 =  3.6148037633E-01  9.0501884669E-01  2.2421602233E-01
           HessRho_EigVec2 = -5.4872785684E-01  1.2076081563E-02  8.3591381576E-01
           HessRho_EigVec3 =  7.5381010650E-01 -4.2520001810E-01  5.0097431865E-01
           DelSqRho = -1.9170623971E+01
           Bond Ellipticity = NA
           V = -4.8017833649E+00
           G =  4.5636860152E-03
           K =  4.7972196789E+00
           L =  4.7926559928E+00
           Vnuc =  4.0686444941E+01
           Ven = -1.7541325286E+01
           Vrep =  1.2739541921E+01
           DelSqV =  7.2271824822E+02
           DelSqVen =  7.7998453670E+02
           DelSqVrep = -5.7266288475E+01
           DelSqG =  7.1387338242E+01
           DelSqK = -7.9410558647E+02
           Stress_EigVals = -1.6513078411E+00 -1.6501760089E+00 -1.5002995149E+00
           Stress_EigVec1 =  3.5980981188E-01  9.0551630414E-01  2.2489357974E-01
           Stress_EigVec2 = -5.4930104714E-01  1.0748410341E-02  8.3555540288E-01
           Stress_EigVec3 =  7.5419179185E-01 -4.2417531117E-01  5.0126843757E-01
           -DivStress =  5.9278323616E+00 -3.3329354067E+00  3.9390481975E+00
           ESP =  -1.1125965356E+00     ESP at Nucleus =  -1.1150016584E+00
           ESPe = -1.2559105922E+01     ESPe at Nucleus = -1.2473510269E+01
           ESPn =  1.1446509386E+01     ESPn at Nucleus =  1.1358508611E+01

CP# 5      Coords =  3.45831074107908E+00  2.92012553287279E+00 -7.65297359838516E-01
           Type = (3,-3) NACP C5
           Rho =  1.1768091174E+02     Rho at Nucleus =  1.1768091169E+02
           GradRho = -8.2962991078E-11  1.0126112228E-10 -3.4126183216E-11
           HessRho_EigVals = -1.4501172570E+05 -1.4501071620E+05 -1.4501053301E+05
           HessRho_EigVec1 = -5.4274261766E-01  1.4177827978E-02  8.3977939970E-01
           HessRho_EigVec2 =  2.8988810262E-01  9.4157727928E-01  1.7145586925E-01
           HessRho_EigVec3 =  7.8828633055E-01 -3.3649846409E-01  5.1514410094E-01
           DelSqRho = -4.3503297491E+05
           Bond Ellipticity = NA
           V = -1.0876849234E+05
           G =  5.1243050094E+00
           K =  1.0876336803E+05
           L =  1.0875824373E+05
           Vnuc =  7.2903106342E+06
           Ven = -8.5793040232E+08
           Vrep =  8.5782163383E+08
           DelSqV =  2.4953778109E+09
           DelSqVen =  3.1715255910E+12
           DelSqVrep = -3.1690302132E+12
           DelSqG =  1.3404058671E+08
           DelSqK = -2.6294183976E+09
           Stress_EigVals = -3.6256413275E+04 -3.6256314580E+04 -3.6255764482E+04
           Stress_EigVec1 = -7.1867147858E-01  5.0921899192E-01 -4.7350535810E-01
           Stress_EigVec2 =  4.3591715375E-01  8.6047184311E-01  2.6375071994E-01
           Stress_EigVec3 = -5.4174490394E-01  1.6858988111E-02  8.4037386536E-01
           -DivStress =  2.7423364565E+02 -5.8903251699E+02  1.6395134309E+02
           ESP =  -1.4747734643E+01     ESP at Nucleus =  -1.4747734653E+01
           ESPe = -2.6088412309E+01     ESPe at Nucleus = -2.6088413259E+01
           ESPn =  1.1340677665E+01     ESPn at Nucleus =  1.1340678606E+01

CP# 6      Coords =  3.68364993374040E+00  4.92356314943541E+00 -6.69847567427207E-01
           Type = (3,-3) NACP H6
           Rho =  4.2591807948E-01     Rho at Nucleus =  4.2224700682E-01
           GradRho = -1.0236210701E-09 -8.9991588711E-09 -4.2504898863E-10
           HessRho_EigVals = -6.4876812216E+00 -6.4815986053E+00 -5.8896596940E+00
           HessRho_EigVec1 =  8.2940175626E-01 -1.1915881598E-01  5.4579657684E-01
           HessRho_EigVec2 = -5.4730991296E-01  2.2556484332E-02  8.3662600019E-01
           HessRho_EigVec3 =  1.1200261553E-01  9.9261895085E-01  4.6508413483E-02
           DelSqRho = -1.8858939521E+01
           Bond Ellipticity = NA
           V = -4.7241249727E+00
           G =  4.6950462474E-03
           K =  4.7194299265E+00
           L =  4.7147348802E+00
           Vnuc =  4.0073371024E+01
           Ven = -1.7067973225E+01
           Vrep =  1.2343848252E+01
           DelSqV =  7.1025122483E+02
           DelSqVen =  7.5574129542E+02
           DelSqVrep = -4.5490070591E+01
           DelSqG =  6.9927654420E+01
           DelSqK = -7.8017887925E+02
           Stress_EigVals = -1.6253293827E+00 -1.6247938693E+00 -1.4740017207E+00
           Stress_EigVec1 =  8.3087475740E-01 -1.1766184719E-01  5.4387758478E-01
           Stress_EigVec2 = -5.4534343082E-01  2.2207573720E-02  8.3791847225E-01
           Stress_EigVec3 =  1.1066923680E-01  9.9280537538E-01  4.5714402995E-02
           -DivStress =  8.8809724300E-01  7.8224013796E+00  3.6891225500E-01
           ESP =  -1.1090742018E+00     ESP at Nucleus =  -1.1115296189E+00
           ESPe = -1.2486865729E+01     ESPe at Nucleus = -1.2404146657E+01
           ESPn =  1.1377791527E+01     ESPn at Nucleus =  1.1292617038E+01

CP# 7      Coords =  5.13348926165658E+00  1.37539452033869E+00  3.45778071052116E-01
           Type = (3,-3) NACP C7
           Rho =  1.1765543104E+02     Rho at Nucleus =  1.1765543088E+02
           GradRho =  3.4410574759E-10 -6.9184044332E-10  2.1875574464E-10
           HessRho_EigVals = -1.4496986737E+05 -1.4496895162E+05 -1.4496858211E+05
           HessRho_EigVec1 = -5.4604501905E-01  1.6178592366E-02  8.3759960024E-01
           HessRho_EigVec2 =  2.8621122764E-01  9.4325812461E-01  1.6836639668E-01
           HessRho_EigVec3 = -7.8734869679E-01  3.3166604214E-01 -5.1969189541E-01
           DelSqRho = -4.3490740110E+05
           Bond Ellipticity = NA
           V = -1.0873705252E+05
           G =  5.1011227729E+00
           K =  1.0873195140E+05
           L =  1.0872685028E+05
           Vnuc =  3.9704681116E+06
           Ven = -4.6714713711E+08
           Vrep =  4.6703840006E+08
           DelSqV =  2.4946484543E+09
           DelSqVen =  1.7267861094E+12
           DelSqVrep = -1.7242914282E+12
           DelSqG =  1.3399114292E+08
           DelSqK = -2.6286395973E+09
           Stress_EigVals = -3.6245957920E+04 -3.6245791793E+04 -3.6245302807E+04
           Stress_EigVec1 = -7.5876238275E-01  4.1789520971E-01 -4.9964311287E-01
           Stress_EigVec2 =  3.5816235560E-01  9.0836836365E-01  2.1583939155E-01
           Stress_EigVec3 = -5.4405824464E-01  1.5182543238E-02  8.3891007672E-01
           -DivStress = -4.6945983950E+02  1.0810490106E+03 -3.3894374073E+02
           ESP =  -1.4736061985E+01     ESP at Nucleus =  -1.4736062003E+01
           ESPe = -2.6463022369E+01     ESPe at Nucleus = -2.6463022587E+01
           ESPn =  1.1726960384E+01     ESPn at Nucleus =  1.1726960584E+01

CP# 8      Coords =  6.68933167792464E+00  2.21738800909090E+00  1.33240459553448E+00
           Type = (3,-3) NACP H8
           Rho =  4.3113512942E-01     Rho at Nucleus =  4.2754065620E-01
           GradRho = -1.3250712376E-15  3.8641346592E-16 -4.7515160209E-17
           HessRho_EigVals = -6.5927663860E+00 -6.5844851219E+00 -5.9933260958E+00
           HessRho_EigVec1 = -3.4687043943E-01  9.0699221916E-01 -2.3884307114E-01
           HessRho_EigVec2 = -5.4078095693E-01  1.4657930477E-02  8.4103573152E-01
           HessRho_EigVec3 =  7.6631380966E-01  4.2089221834E-01  4.8539971742E-01
           DelSqRho = -1.9170577604E+01
           Bond Ellipticity = NA
           V = -4.8017724297E+00
           G =  4.5640144019E-03
           K =  4.7972084153E+00
           L =  4.7926444009E+00
           Vnuc =  4.0675771406E+01
           Ven = -1.7536753969E+01
           Vrep =  1.2734981540E+01
           DelSqV =  7.2271589629E+02
           DelSqVen =  7.7977803233E+02
           DelSqVrep = -5.7062136045E+01
           DelSqG =  7.1386866394E+01
           DelSqK = -7.9410276268E+02
           Stress_EigVals = -1.6513033843E+00 -1.6501740464E+00 -1.5002949990E+00
           Stress_EigVec1 = -3.4749845700E-01  9.0750401943E-01 -2.3596880538E-01
           Stress_EigVec2 = -5.3986076992E-01  1.2128167158E-02  8.4166695115E-01
           Stress_EigVec3 =  7.6667801030E-01  4.1986826778E-01  4.8571129926E-01
           -DivStress =  6.0258594137E+00  3.2992544541E+00  3.8169075013E+00
           ESP =  -1.1127282292E+00     ESP at Nucleus =  -1.1151334203E+00
           ESPe = -1.2548872422E+01     ESPe at Nucleus = -1.2463265870E+01
           ESPn =  1.1436144193E+01     ESPn at Nucleus =  1.1348132449E+01

CP# 9      Coords = -2.35581811165280E+00 -1.19953644310355E+00  2.19486444344375E+00
           Type = (3,-3) NACP C9
           Rho =  1.1767484087E+02     Rho at Nucleus =  1.1767484049E+02
           GradRho = -8.5166685900E-10  1.7046203457E-09 -1.8104261540E-09
           HessRho_EigVals = -1.4499667879E+05 -1.4499597920E+05 -1.4499490481E+05
           HessRho_EigVec1 =  8.9574079533E-01  8.0537630823E-03 -4.4450372831E-01
           HessRho_EigVec2 =  3.0717643697E-01 -7.3400394873E-01  6.0570689266E-01
           HessRho_EigVec3 =  3.2138927199E-01  6.7909744525E-01  6.5995120706E-01
           DelSqRho = -4.3498756281E+05
           Bond Ellipticity = NA
           V = -1.0875730114E+05
           G =  5.2052194708E+00
           K =  1.0875209592E+05
           L =  1.0874689070E+05
           Vnuc =  2.6272542753E+06
           Ven = -3.0916172876E+08
           Vrep =  3.0905297146E+08
           DelSqV =  2.4951115664E+09
           DelSqVen =  1.1428229407E+12
           DelSqVrep = -1.1403278291E+12
           DelSqG =  1.3401903556E+08
           DelSqK = -2.6291306020E+09
           Stress_EigVals = -3.6252723968E+04 -3.6252546319E+04 -3.6252030855E+04
           Stress_EigVec1 = -1.0909014903E-04  9.9967266287E-01  2.5584276675E-02
           Stress_EigVec2 =  4.4364763367E-01 -2.2880280475E-02  8.9590918619E-01
           Stress_EigVec3 =  8.9620129728E-01  1.1448138673E-02 -4.4349991531E-01
           -DivStress =  5.8531421951E+02 -1.2191595860E+03  1.2744613079E+03
           ESP =  -1.4696246309E+01     ESP at Nucleus =  -1.4696246319E+01
           ESPe = -2.7829976015E+01     ESPe at Nucleus = -2.7829971672E+01
           ESPn =  1.3133729706E+01     ESPn at Nucleus =  1.3133725353E+01

CP# 10     Coords = -2.40846079886835E+00  1.29364310882264E+00  2.17296120854849E+00
           Type = (3,-3) NACP C10
           Rho =  1.1767431213E+02     Rho at Nucleus =  1.1767431175E+02
           GradRho = -7.4251191567E-10 -1.7425349440E-09 -1.7467895984E-09
           HessRho_EigVals = -1.4499606673E+05 -1.4499537598E+05 -1.4499429877E+05
           HessRho_EigVec1 =  8.9572198567E-01  2.3142918137E-02 -4.4401185765E-01
           HessRho_EigVec2 =  2.7432577244E-01  7.5713211053E-01  5.9287126577E-01
           HessRho_EigVec3 = -3.4989640605E-01  6.5285172324E-01 -6.7183117856E-01
           DelSqRho = -4.3498574148E+05
           Bond Ellipticity = NA
           V = -1.0875684679E+05
           G =  5.2057119311E+00
           K =  1.0875164108E+05
           L =  1.0874643537E+05
           Vnuc =  2.6427287904E+06
           Ven = -3.1098129255E+08
           Vrep =  3.1087253570E+08
           DelSqV =  2.4951012322E+09
           DelSqVen =  1.1495493427E+12
           DelSqVrep = -1.1470542374E+12
           DelSqG =  1.3401852012E+08
           DelSqK = -2.6291197523E+09
           Stress_EigVals = -3.6252571738E+04 -3.6252394387E+04 -3.6251880670E+04
           Stress_EigVec1 = -4.3667611847E-02  9.9803708543E-01 -4.4890040905E-02
           Stress_EigVec2 =  4.4144916944E-01  5.9584300509E-02  8.9530572540E-01
           Stress_EigVec3 =  8.9622305844E-01  1.9279191627E-02 -4.4318454655E-01
           -DivStress =  5.3419347787E+02  1.2551692517E+03  1.2458714762E+03
           ESP =  -1.4696239053E+01     ESP at Nucleus =  -1.4696239063E+01
           ESPe = -2.7800224826E+01     ESPe at Nucleus = -2.7800220477E+01
           ESPn =  1.3103985773E+01     ESPn at Nucleus =  1.3103981414E+01

CP# 11     Coords = -3.44678306057710E+00  5.44995278518927E-03 -5.61009220737505E-03
           Type = (3,-3) NACP C11
           Rho =  1.1726995240E+02     Rho at Nucleus =  1.1726995039E+02
           GradRho = -2.7861507585E-11 -1.8532638735E-14  2.8654801886E-14
           HessRho_EigVals = -1.4443778787E+05 -1.4443705258E+05 -1.4443405916E+05
           HessRho_EigVec1 =  8.7023584612E-01  1.4267096973E-02 -4.9242869745E-01
           HessRho_EigVec2 =  4.9217078967E-01  1.8220206865E-02  8.7030795576E-01
           HessRho_EigVec3 = -2.1388920735E-02  9.9973220114E-01 -8.8340287538E-03
           DelSqRho = -4.3330889961E+05
           Bond Ellipticity = NA
           V = -1.0833694097E+05
           G =  4.8580356236E+00
           K =  1.0833208294E+05
           L =  1.0832722490E+05
           Vnuc =  1.1357536699E+06
           Ven = -1.3318977881E+08
           Vrep =  1.3308144187E+08
           DelSqV =  2.4854496169E+09
           DelSqVen =  4.9213217587E+11
           DelSqVrep = -4.8964672626E+11
           DelSqG =  1.3344090626E+08
           DelSqK = -2.6188905231E+09
           Stress_EigVals = -3.6112789930E+04 -3.6112226095E+04 -3.6111924948E+04
           Stress_EigVec1 = -2.1375200813E-02  9.9973201963E-01 -8.8876157730E-03
           Stress_EigVec2 =  4.8736093086E-01  1.8181299167E-02  8.7301131919E-01
           Stress_EigVec3 =  8.7293895769E-01  1.4329315563E-02 -4.8761895662E-01
           -DivStress =  1.7001964662E+03  7.0257152117E+01  3.9011297316E+03
           ESP =  -1.4554661750E+01     ESP at Nucleus =  -1.4554661886E+01
           ESPe = -3.0052243442E+01     ESPe at Nucleus = -3.0052243707E+01
           ESPn =  1.5497581692E+01     ESPn at Nucleus =  1.5497581821E+01

CP# 12     Coords = -1.84726998411542E+00 -2.88526913218900E+00  3.15525266079695E+00
           Type = (3,-3) NACP H12
           Rho =  4.1183872370E-01     Rho at Nucleus =  4.0787872938E-01
           GradRho = -1.4031456254E-11  4.6259093049E-11 -2.6220367430E-11
           HessRho_EigVals = -6.2939724094E+00 -6.2926314173E+00 -5.6699050031E+00
           HessRho_EigVec1 =  3.6026751434E-01  5.4287345413E-01  7.5861434926E-01
           HessRho_EigVec2 =  8.9709206510E-01  2.1374040333E-02 -4.4132638390E-01
           HessRho_EigVec3 = -2.5579903213E-01  8.3954247254E-01 -4.7930709568E-01
           DelSqRho = -1.8256508830E+01
           Bond Ellipticity = NA
           V = -4.5727850441E+00
           G =  4.3289183132E-03
           K =  4.5684561258E+00
           L =  4.5641272074E+00
           Vnuc =  3.9728523547E+01
           Ven = -1.6361744432E+01
           Vrep =  1.1788959388E+01
           DelSqV =  6.8648006350E+02
           DelSqVen =  7.2530414102E+02
           DelSqVrep = -3.8824077516E+01
           DelSqG =  6.7785865631E+01
           DelSqK = -7.5426592913E+02
           Stress_EigVals = -1.5771439192E+00 -1.5763524627E+00 -1.4192886621E+00
           Stress_EigVec1 =  3.5827975570E-01  5.4066313367E-01  7.6113007597E-01
           Stress_EigVec2 =  8.9817578437E-01  2.2877473852E-02 -4.3904086548E-01
           Stress_EigVec3 = -2.5478594355E-01  8.4092805702E-01 -4.7741399842E-01
           -DivStress =  2.0572773537E+00 -6.7962725192E+00  3.8424163012E+00
           ESP =  -1.0399628049E+00     ESP at Nucleus =  -1.0427383147E+00
           ESPe = -1.3615736969E+01     ESPe at Nucleus = -1.3523831330E+01
           ESPn =  1.2575774164E+01     ESPn at Nucleus =  1.2481093015E+01

CP# 13     Coords = -1.97417776820152E+00  3.01591986244128E+00  3.10486596616787E+00
           Type = (3,-3) NACP H13
           Rho =  4.1185659639E-01     Rho at Nucleus =  4.0790166728E-01
           GradRho = -7.7882052587E-11 -3.0727498687E-10 -1.6544730053E-10
           HessRho_EigVals = -6.2943552262E+00 -6.2929936822E+00 -5.6707809900E+00
           HessRho_EigVec1 =  3.8501652717E-01 -5.1387049770E-01  7.6661553950E-01
           HessRho_EigVec2 =  8.9665173388E-01  1.1544564109E-02 -4.4258602685E-01
           HessRho_EigVec3 =  2.1858165965E-01  8.5779008775E-01  4.6520772073E-01
           DelSqRho = -1.8258129898E+01
           Bond Ellipticity = NA
           V = -4.5731963013E+00
           G =  4.3319133486E-03
           K =  4.5688643880E+00
           L =  4.5645324746E+00
           Vnuc =  3.9683138294E+01
           Ven = -1.6343762272E+01
           Vrep =  1.1770565971E+01
           DelSqV =  6.8656550870E+02
           DelSqVen =  7.2453989428E+02
           DelSqVrep = -3.7974385578E+01
           DelSqG =  6.7794395609E+01
           DelSqK = -7.5435990431E+02
           Stress_EigVals = -1.5772394491E+00 -1.5764473431E+00 -1.4195095091E+00
           Stress_EigVec1 =  3.8135353543E-01 -5.1172573692E-01  7.6987417880E-01
           Stress_EigVec2 =  8.9847276769E-01  9.2097323857E-03 -4.3893264466E-01
           Stress_EigVec3 =  2.1752279589E-01  8.5909950006E-01  4.6328380316E-01
           -DivStress =  1.7546513083E+00  6.9384836787E+00  3.7262922983E+00
           ESP =  -1.0397948781E+00     ESP at Nucleus =  -1.0425674931E+00
           ESPe = -1.3551277320E+01     ESPe at Nucleus = -1.3458974187E+01
           ESPn =  1.2511482442E+01     ESPn at Nucleus =  1.2416406694E+01

CP# 14     Coords =  1.85608083087541E+00  2.24008620664028E+00 -1.78345927088716E+00
           Type = (3,-3) NACP H14
           Rho =  4.2350553689E-01     Rho at Nucleus =  4.1967707825E-01
           GradRho =  7.8242805030E-15  3.7742847923E-15  4.8556536396E-15
           HessRho_EigVals = -6.4431116899E+00 -6.4372919143E+00 -5.8329359879E+00
           HessRho_EigVec1 = -2.6942235116E-01  9.4063213361E-01 -2.0645286610E-01
           HessRho_EigVec2 = -5.4423841754E-01  2.8142935663E-02  8.3845841879E-01
           HessRho_EigVec3 =  7.9449112114E-01  3.3825901969E-01  5.0434580799E-01
           DelSqRho = -1.8713339592E+01
           Bond Ellipticity = NA
           V = -4.6878573315E+00
           G =  4.7612167173E-03
           K =  4.6830961147E+00
           L =  4.6783348980E+00
           Vnuc =  4.1818493312E+01
           Ven = -1.7710363462E+01
           Vrep =  1.3022506131E+01
           DelSqV =  7.0393454636E+02
           DelSqVen =  7.8256366658E+02
           DelSqVrep = -7.8629120225E+01
           DelSqG =  6.9259533834E+01
           DelSqK = -7.7319408019E+02
           Stress_EigVals = -1.6141451865E+00 -1.6136539633E+00 -1.4600581816E+00
           Stress_EigVec1 = -2.6996789468E-01  9.4132123178E-01 -2.0256276667E-01
           Stress_EigVec2 = -5.4325041885E-01  2.4785872243E-02  8.3920476819E-01
           Stress_EigVec3 =  7.9498196097E-01  3.3660065231E-01  5.0468176369E-01
           -DivStress = -6.3736577290E+00 -2.7125965146E+00 -4.0424387735E+00
           ESP =  -1.1115607690E+00     ESP at Nucleus =  -1.1140978489E+00
           ESPe = -1.4946821441E+01     ESPe at Nucleus = -1.4904313567E+01
           ESPn =  1.3835260672E+01     ESPn at Nucleus =  1.3790215718E+01

CP# 15     Coords =  1.84157469723099E+00 -2.24997826474942E+00 -1.78040615397590E+00
           Type = (3,-3) NACP H15
           Rho =  4.2347490812E-01     Rho at Nucleus =  4.1964696974E-01
           GradRho =  5.6372820908E-15 -1.5625424301E-15  4.6370242715E-15
           HessRho_EigVals = -6.4425664391E+00 -6.4367343973E+00 -5.8324682753E+00
           HessRho_EigVec1 =  2.8569349184E-01  9.3943652642E-01  1.8930990876E-01
           HessRho_EigVec2 = -5.5391251453E-01  6.7548818325E-04  8.3257460324E-01
           HessRho_EigVec3 =  7.8202311664E-01 -3.4272227320E-01  5.2055863117E-01
           DelSqRho = -1.8711769112E+01
           Bond Ellipticity = NA
           V = -4.6874634273E+00
           G =  4.7605747060E-03
           K =  4.6827028526E+00
           L =  4.6779422779E+00
           Vnuc =  4.1819258813E+01
           Ven = -1.7709406783E+01
           Vrep =  1.3021943356E+01
           DelSqV =  7.0387573333E+02
           DelSqVen =  7.8251231532E+02
           DelSqVrep = -7.8636581994E+01
           DelSqG =  6.9252881547E+01
           DelSqK = -7.7312861487E+02
           Stress_EigVals = -1.6140081060E+00 -1.6135176509E+00 -1.4599376705E+00
           Stress_EigVec1 =  2.8284006604E-01  9.4003617111E-01  1.9061346766E-01
           Stress_EigVec2 = -5.5467543448E-01 -1.8279287570E-03  8.3206479379E-01
           Stress_EigVec3 =  7.8251943071E-01 -3.4106986922E-01  5.2089796014E-01
           -DivStress = -6.2729679261E+00  2.7480784370E+00 -4.1721045801E+00
           ESP =  -1.1114511528E+00     ESP at Nucleus =  -1.1139877799E+00
           ESPe = -1.4946718256E+01     ESPe at Nucleus = -1.4903752725E+01
           ESPn =  1.3835267103E+01     ESPn at Nucleus =  1.3789764946E+01

CP# 16     Coords = -5.96958657728647E+00 -5.31424473469898E-02 -5.37329197505528E-01
           Type = (3,-3) NACP F16
           Rho =  4.1869170438E+02     Rho at Nucleus =  4.1869167424E+02
           GradRho =  9.3852684058E-11 -1.2689019731E-12 -5.2523205568E-11
           HessRho_EigVals = -1.1736399208E+06 -1.1735957711E+06 -1.1735956291E+06
           HessRho_EigVec1 =  9.7833441376E-01  2.2756228726E-02  2.0577640513E-01
           HessRho_EigVec2 = -2.1722793826E-02  9.9973752481E-01 -7.2802273751E-03
           HessRho_EigVec3 = -2.0588806444E-01  2.6524585583E-03  9.7857195412E-01
           DelSqRho = -3.5208313210E+06
           Bond Ellipticity = NA
           V = -8.8044055329E+05
           G =  1.1636152268E+02
           K =  8.8032419176E+05
           L =  8.8020783024E+05
           Vnuc =  1.2557344864E+06
           Ven = -5.2576561238E+08
           Vrep =  5.2488517183E+08
           DelSqV =  4.6333624415E+10
           DelSqVen =  4.4212293120E+12
           DelSqVrep = -4.3748956855E+12
           DelSqG =  2.4681281573E+09
           DelSqK = -4.8801752572E+10
           Stress_EigVals = -2.9348391446E+05 -2.9348388323E+05 -2.9347275560E+05
           Stress_EigVec1 = -2.0582548822E-01  2.4751477866E-03  9.7858558238E-01
           Stress_EigVec2 = -2.1759401844E-02  9.9973798729E-01 -7.1052945185E-03
           Stress_EigVec3 =  9.7834676717E-01  2.2755887639E-02  2.0571770159E-01
