AIMSum (Version 19.02.13, Professional)
Copyright (c) 1997-2019 by Todd A. Keith
AIMSum is a component of the AIMAll package ( http://aim.tkgristmill.com )

TP:  64-bit Linux

Much of the Quantum Theory of Atoms in Molecules (QTAIM) is described in the book:
  "Atoms in Molecules - A Quantum Theory"
  R.F.W. Bader, Oxford University Press, Oxford, 1990

For additional references see:  http://aim.tkgristmill.com/references.html

Wfn File:  /home/mhennefarth/Documents/ML_Diels/summary-levandowski2016/41-opt/41-opt.wfn
Sum File:  /home/mhennefarth/Documents/ML_Diels/summary-levandowski2016/41-opt/41-opt.sum

SumViz File:  /home/mhennefarth/Documents/ML_Diels/summary-levandowski2016/41-opt/41-opt.sumviz

Wfn Title:   Title Card Required                                                           
 
Total memory allocated for AIMSum =        0.881 Megabytes

Atomic units (a.u.) used throughout, except where stated otherwise

Model:  Restricted SCF
 
Restricted, closed-shell, single-determinant wavefunction.
  Number of electrons (from MO Occs)                   =          84.0000000000
  Number of Alpha electrons (from MO Occs)             =          42.0000000000
  Number of Beta electrons (from MO Occs)              =          42.0000000000
  Number of electron pairs (N*(N-1)/2)                 =        3486.0000000000
  Number of electron pairs (from Muller 2EDM)          =        3486.0000000000
 
Nuclear Charges and Cartesian Coordinates:
-------------------------------------------------------------------------------
Atom      Charge                X                  Y                  Z
-------------------------------------------------------------------------------
C1         6.0           3.5004469900E+00  -1.7641701500E+00  -2.6224727900E+00
H2         1.0           2.1935255500E+00  -3.0650426300E+00  -3.5233474200E+00
C3         6.0           5.0081380500E+00  -2.5072142900E+00  -7.2837162000E-01
H4         1.0           4.9581819500E+00  -4.4848883500E+00  -1.5102633000E-01
C5         6.0           6.5875697000E+00   1.5919491800E+00   1.0305045000E+00
H6         1.0           8.0272548000E+00   2.6523583600E+00   2.0382841100E+00
C7         6.0           6.8113782400E+00  -9.0014079000E-01   6.4714531000E-01
H8         1.0           8.4442674000E+00  -1.8746420900E+00   1.4410813300E+00
C9         6.0          -3.1346668800E+00  -7.3573970000E-01   8.3879091000E-01
C10        6.0          -2.2841164600E+00   1.5404827700E+00   5.9236294000E-01
C11        6.0          -1.2374991000E+00   8.0384690000E-02   2.8156808300E+00
H12        1.0           4.9564377000E+00   2.6510997800E+00   3.6766435000E-01
H13        1.0           3.5424482700E+00   1.5568511000E-01  -3.3525415500E+00
Cl14      17.0          -2.2008604200E+00   4.3408746500E+00  -9.8693124000E-01
Cl15      17.0          -5.0011982800E+00  -3.1498226600E+00  -1.7286165000E-01
H16        1.0           6.9443272000E-01  -6.4692079000E-01   2.7279155400E+00
H17        1.0          -1.8890536100E+00   5.3115643000E-01   4.7266086700E+00
 
Some Atomic Properties:
----------------------
  q(A) = Net Charge of Atom A
  L(A) = Lagrangian of Atom A = -(1/4) Times Atomic Integral of the Laplacian of the Electron Density
  K(A) = Electronic Kinetic Energy of Atom A (Hamiltonian Form)
  K_Scaled(A) = K(A) * E(Mol)/K(Mol) = Approximation to Virial-Based Total Energy of Atom A.
  |Mu_Intra(A)| = Magnitude of Intraatomic Dipole Moment of Atom A
--------------------------------------------------------------------------------------------------
Atom A          q(A)              L(A)              K(A)          K_Scaled(A)      |Mu_Intra(A)|
--------------------------------------------------------------------------------------------------
C1       -8.7595309300E-02  7.9296820515E-05  3.7704594442E+01 -3.7881068157E+01  1.1301072942E-01
H2        4.6682854370E-02  2.2892765095E-05  5.9324023742E-01 -5.9601685682E-01  1.4682235800E-01
C3       -3.5328850500E-02 -1.3363847078E-06  3.7702665184E+01 -3.7879129869E+01  7.5708045106E-02
H4        3.3491404640E-02  2.2162411210E-05  6.0231708923E-01 -6.0513619221E-01  1.5123159809E-01
C5       -8.7910453300E-02 -3.8391881868E-05  3.7704406493E+01 -3.7880879329E+01  1.1070862737E-01
H6        4.3799639740E-02  2.4946302825E-05  5.9431094123E-01 -5.9709257199E-01  1.4773327814E-01
C7       -3.1576046400E-02 -1.1569038857E-04  3.7700854416E+01 -3.7877310626E+01  7.2013667704E-02
H8        3.3468694070E-02  2.8901877064E-05  6.0234430843E-01 -6.0516353880E-01  1.5127440754E-01
C9        4.3780446600E-02  3.5192907076E-06  3.7666792511E+01 -3.7843089297E+01  1.1394075091E-01
C10       4.2304180000E-02  3.7611251242E-05  3.7667265044E+01 -3.7843564041E+01  1.1468781305E-01
C11       8.3129501600E-02 -9.2290489348E-05  3.7579437669E+01 -3.7755325597E+01  3.3420243145E-01
H12       4.3964018670E-02  2.6818418470E-05  5.9326448902E-01 -5.9604122193E-01  1.4677247541E-01
H13       4.5355702170E-02  2.3057619007E-05  5.9287162834E-01 -5.9564652250E-01  1.4719166598E-01
Cl14     -1.2562903000E-01 -6.0748802373E-06  4.5886965140E+02 -4.6101735868E+02  1.8746041136E-01
Cl15     -1.2371089000E-01 -6.2797316136E-06  4.5887017992E+02 -4.6101788968E+02  1.8754297773E-01
H16       4.6841439350E-02  3.0161286475E-05  5.9690795028E-01 -5.9970173616E-01  1.4519128439E-01
H17       2.9007548110E-02  2.6650696883E-05  6.0379204414E-01 -6.0661805054E-01  1.5381091128E-01
--------------------------------------------------------------------------------------------------
Total     7.4849819999E-05  6.5954983149E-05  1.1862448958E+03 -1.1917970320E+03
 
1st Largest |L(A)| = 1.1569038857E-04, atom C7      
2nd Largest |L(A)| = 9.2290489348E-05, atom C11     
 
Molecular charge q(Mol) from the wfn file:   0.0000000000E+00
Molecular energy E(Mol) from the wfn file:  -1.1917970733E+03
Molecular virial ratio (-V(Mol)/T(Mol)) from the wfn file:   2.0046804300E+00
Note.  K_Scaled(A) = (1+V(Mol)/T(Mol))*K(A) = (E(Mol)/T(Mol))*K(A)
       Only use K_Scaled(A) data with caution.
 
N_AIMInt(SumA)     =         83.999925
N_Analytic(Mol)    =         83.999991
 
G_AIMInt(SumA)     =       1186.244830
G_Analytic(Mol)    =       1186.244924
 
K_AIMInt(SumA)     =       1186.244896
K_Analytic(Mol)    =       1186.244924
 
L_AIMInt(SumA)     =          0.000066
L_Analytic(Mol)    =          0.000000
 
VenT_AIMInt(SumA)  =      -3836.452539
VenT_Analytic(Mol) =      -3836.452801
 
Some Information About the Atomic Calculations:
----------------------------------------------
  Time(sec) = "Elapsed User Time", in Seconds, for Atom A by AIMInt and, if used, by TWOe
  NProc = Number of Processors Used for AIMInt Job
  BIM = Basin Integration Method
  OAQ = Angular Quadrature Outside of Beta Sphere
  ORQ = Multiple of Default for Radial Quadrature Outside of Beta Sphere
  IAQ = Multiple of Default for Angular Quadrature Inside of Beta Sphere
  IRQ = Multiple of Default for Radial Quadrature Inside of Beta Sphere
  MIR = Maximum Integration Radius
------------------------------------------------------------------------------------------------------
Atom A     Time(sec)   NProc      BIM          OAQ                     ORQ      IAQ      IRQ      MIR
------------------------------------------------------------------------------------------------------
C1             71        8     Proaim(5)    4500(GS4)                  1.00     1.00     1.00    13.00
H2              8        8     Proaim(5)    1800(GS4)                  1.00     1.00     1.00    13.00
C3            116        8     Proaim(5)    4500(GS4)                  1.00     1.00     1.00    13.00
H4              6        8     Proaim(5)    1800(GS4)                  1.00     1.00     1.00    13.00
C5             28        8     Proaim(5)    4500(GS4)                  1.00     1.00     1.00    13.00
H6              5        8     Proaim(5)    1800(GS4)                  1.00     1.00     1.00    13.00
C7             31        8     Proaim(5)    4500(GS4)                  1.00     1.00     1.00    13.00
H8              5        8     Proaim(5)    1800(GS4)                  1.00     1.00     1.00    13.00
C9             30        8     Proaim(5)    4500(GS4)                  1.00     1.00     1.00    13.00
C10            61        8     Proaim(5)    4500(GS4)                  1.00     1.00     1.00    13.00
C11            72        8     Proaim(5)    4500(GS4)                  1.00     1.00     1.00    13.00
H12            14        8     Proaim(5)    4500(GS4)                  1.00     1.00     1.00    13.00
H13            10        8     Proaim(5)    1800(GS4)                  1.00     1.00     1.00    13.00
Cl14           20        8     Proaim(5)    4500(GS4)                  1.00     1.00     1.00    13.00
Cl15           13        8     Proaim(5)    3150(GS4)                  1.00     1.00     1.00    13.00
H16            73        8     Proaim(5)    4500(GS4)                  1.00     1.00     1.00    13.00
H17             5        8     Proaim(5)    1800(GS4)                  1.00     1.00     1.00    13.00
------------------------------------------------------------------------------------------------------
Total         568
Note:  Total wall clock time is less than total of atomic times if more than one atom
       was calculated at a time
 
Electron Density Critical Point Analysis of Molecular Structure:               
---------------------------------------------------------------                
  NACP = Nuclear Attractor Critical Point                                      
  NNACP = Non-Nuclear Attractor Critical Point                                 
  BCP = Bond Critical Point                                                    
  RCP = Ring Critical Point                                                    
  CCP = Cage Critical Point                                                    
  Rho = Electron Density                                                       
  GradRho = Gradient of Electron Density                                       
  HessRho_EigVals = Eigenvalues of the Hessian of Rho, Ascending Order         
  HessRho_EigVecs = Eigenvectors of the Hessian of Rho                         
  DelSqRho = Laplacian of Rho = Trace of Hessian of Rho                        
  Bond Ellipticity = (HessRho_EigVal(1) / HessRho_EigVal(2)) - 1               
  V = Virial Field = Potential Energy Density = Trace of Stress Tensor         
  G = Lagrangian Form of Kinetic Energy Density                                
  K = Hamiltonian Form of Kinetic Energy Density                               
  L = K - G = Lagrangian Density = (-1/4)DelSqRho                              
  Vnuc = Electrostatic Potential from Nuclei                                   
  Ven = Electron-nuclear attractive contribution to Virial Field V             
  Vrep = V - Ven = Repulsive contribution to Virial Field V                    
  DelSqV = Laplacian of V                                                      
  DelSqVen = Laplacian of Ven                                                  
  DelSqVrep = Laplacian of Vrep                                                
  DelSqG = Laplacian of G                                                      
  DelSqK = Laplacian of K                                                      
  Stress_EigVals = Eigenvalues of Stress Tensor, Ascending Order               
  Stress_EigVecs = Eigenvectors of Stress Tensor                               
  -DivStress = Ehrenfest Force Density = Minus Divergence of Stress Tensor     
  ESP = Total Electrostatic Potential                                          
  ESPe = Electrostatic Potential from Electrons                                
  ESPn = Electrostatic Potential from Nuclei                                   
  BP = Bond Path                                                               
  BPL = Bond Path Length                                                       
  GBL = Geometric Bond Length                                                  
  GBL_I = Distance Between Nuclear Attractors                                  
  GBL_II = Distance Between Nuclei                                             
  GBL_III = Sum of Distances Between BCP and Nuclear Attractors                
  GBL_IV = Sum of Distances Between BCP and Nuclei                             

CP# 1      Coords =  3.50044632615263E+00 -1.76416993538194E+00 -2.62247325647510E+00
           Type = (3,-3) NACP C1
           Rho =  1.1768014385E+02     Rho at Nucleus =  1.1768014380E+02
           GradRho = -1.0845083165E-10  2.5210993015E-11 -8.4629178665E-11
           HessRho_EigVals = -1.4500897380E+05 -1.4500797468E+05 -1.4500782673E+05
           HessRho_EigVec1 =  7.0701038212E-01 -3.0426442806E-01 -6.3840385132E-01
           HessRho_EigVec2 =  4.1134766912E-01  9.1123056179E-01  2.1259312563E-02
           HessRho_EigVec3 =  5.7526464751E-01 -2.7763649090E-01  7.6940793097E-01
           DelSqRho = -4.3502477521E+05
           Bond Ellipticity = NA
           V = -1.0876642812E+05
           G =  5.1171614504E+00
           K =  1.0876131096E+05
           L =  1.0875619380E+05
           Vnuc =  7.1491888775E+06
           Ven = -8.4131757551E+08
           Vrep =  8.4120880908E+08
           DelSqV =  2.4953288163E+09
           DelSqVen =  3.1100747776E+12
           DelSqVrep = -3.1075795962E+12
           DelSqG =  1.3403624813E+08
           DelSqK = -2.6293650644E+09
           Stress_EigVals = -3.6255722227E+04 -3.6255624147E+04 -3.6255081751E+04
           Stress_EigVec1 =  6.0114072002E-01 -2.4137196601E-01  7.6181980071E-01
           Stress_EigVec2 =  3.6929604198E-01  9.2930686061E-01  3.0318657918E-03
           Stress_EigVec3 =  7.0869617476E-01 -2.7951445912E-01 -6.4778190699E-01
           -DivStress =  5.3906425023E+02 -1.7364834635E+02  3.8111276339E+02
           ESP =  -1.4742690893E+01     ESP at Nucleus =  -1.4742690903E+01
           ESPe = -2.7674065157E+01     ESPe at Nucleus = -2.7674065775E+01
           ESPn =  1.2931374264E+01     ESPn at Nucleus =  1.2931374872E+01

CP# 2      Coords =  2.21590018346895E+00 -3.04274993751684E+00 -3.50796081203551E+00
           Type = (3,-3) NACP H2
           Rho =  4.2526008321E-01     Rho at Nucleus =  4.2153768310E-01
           GradRho =  2.6329786102E-09  2.6238971940E-09  1.8109038615E-09
           HessRho_EigVals = -6.4759328885E+00 -6.4697179799E+00 -5.8730580719E+00
           HessRho_EigVec1 =  3.2250628255E-01 -7.3587461782E-01  5.9538075596E-01
           HessRho_EigVec2 = -7.0027534813E-01  2.3771278778E-01  6.7313228071E-01
           HessRho_EigVec3 =  6.3687057909E-01  6.3401985566E-01  4.3865098667E-01
           DelSqRho = -1.8818708940E+01
           Bond Ellipticity = NA
           V = -4.7139222993E+00
           G =  4.6225321384E-03
           K =  4.7092997672E+00
           L =  4.7046772351E+00
           Vnuc =  4.2155451073E+01
           Ven = -1.7927030631E+01
           Vrep =  1.3213108332E+01
           DelSqV =  7.0846851363E+02
           DelSqVen =  7.9331117066E+02
           DelSqVrep = -8.4842657033E+01
           DelSqG =  6.9738251592E+01
           DelSqK = -7.7820676522E+02
           Stress_EigVals = -1.6222937156E+00 -1.6217958062E+00 -1.4698327775E+00
           Stress_EigVec1 =  2.5055729805E-01 -7.0965713173E-01  6.5848902480E-01
           Stress_EigVec2 = -7.2878003828E-01  3.0947310261E-01  6.1082407825E-01
           Stress_EigVec3 =  6.3726030490E-01  6.3294008733E-01  4.3964320721E-01
           -DivStress = -5.0500055769E+00 -5.0299583947E+00 -3.4730878965E+00
           ESP =  -1.1059593328E+00     ESP at Nucleus =  -1.1084477466E+00
           ESPe = -1.4798238834E+01     ESPe at Nucleus = -1.4724870409E+01
           ESPn =  1.3692279502E+01     ESPn at Nucleus =  1.3616422662E+01

CP# 3      Coords =  5.00813910876870E+00 -2.50721410900108E+00 -7.28370503702895E-01
           Type = (3,-3) NACP C3
           Rho =  1.1766379397E+02     Rho at Nucleus =  1.1766379380E+02
           GradRho =  5.3614607892E-10  8.0539325209E-11  5.9906969316E-10
           HessRho_EigVals = -1.4498223367E+05 -1.4498130722E+05 -1.4498097896E+05
           HessRho_EigVec1 =  7.4067817035E-01 -1.8019487381E-01 -6.4724466426E-01
           HessRho_EigVec2 =  4.7966200108E-01  8.1638535731E-01  3.2161982695E-01
           HessRho_EigVec3 = -4.7044682237E-01  5.4867545582E-01 -6.9111144651E-01
           DelSqRho = -4.3494451985E+05
           Bond Ellipticity = NA
           V = -1.0874634402E+05
           G =  5.1070271024E+00
           K =  1.0874123699E+05
           L =  1.0873612996E+05
           Vnuc =  3.8731006903E+06
           Ven = -4.5572372165E+08
           Vrep =  4.5561497530E+08
           DelSqV =  2.4948628425E+09
           DelSqVen =  1.6845840056E+12
           DelSqVrep = -1.6820891428E+12
           DelSqG =  1.3400458254E+08
           DelSqK = -2.6288674251E+09
           Stress_EigVals = -3.6249051481E+04 -3.6248891944E+04 -3.6248400593E+04
           Stress_EigVec1 = -5.0754357246E-01  4.8367658633E-01 -7.1306134511E-01
           Stress_EigVec2 =  4.5836970407E-01  8.5232253535E-01  2.5187995181E-01
           Stress_EigVec3 =  7.2958668878E-01 -1.9900566716E-01 -6.5429351822E-01
           -DivStress = -8.6025942524E+02 -1.5055949892E+02 -9.0524526563E+02
           ESP =  -1.4732350327E+01     ESP at Nucleus =  -1.4732350345E+01
           ESPe = -2.7981320457E+01     ESPe at Nucleus = -2.7981320945E+01
           ESPn =  1.3248970130E+01     ESPn at Nucleus =  1.3248970600E+01

CP# 4      Coords =  4.95914039006825E+00 -4.45193337350764E+00 -1.60524015394940E-01
           Type = (3,-3) NACP H4
           Rho =  4.2906625793E-01     Rho at Nucleus =  4.2546730411E-01
           GradRho =  5.2640141378E-11  1.7931532772E-09 -5.1641797305E-10
           HessRho_EigVals = -6.5595053962E+00 -6.5517685650E+00 -5.9615493804E+00
           HessRho_EigVec1 =  7.2469409067E-01  1.7067168190E-01  6.6759991907E-01
           HessRho_EigVec2 = -6.8847707091E-01  2.1954829151E-01  6.9122924599E-01
           HessRho_EigVec3 =  2.8597163650E-02  9.6055698670E-01 -2.7660888912E-01
           DelSqRho = -1.9072823342E+01
           Bond Ellipticity = NA
           V = -4.7772735195E+00
           G =  4.5338420328E-03
           K =  4.7727396774E+00
           L =  4.7682058354E+00
           Vnuc =  4.2398616277E+01
           Ven = -1.8191815627E+01
           Vrep =  1.3414542108E+01
           DelSqV =  7.1895287368E+02
           DelSqVen =  8.0866132133E+02
           DelSqVrep = -8.9708447657E+01
           DelSqG =  7.0999794766E+01
           DelSqK = -7.8995266844E+02
           Stress_EigVals = -1.6430018828E+00 -1.6419312853E+00 -1.4923403514E+00
           Stress_EigVec1 =  6.5752072795E-01  1.9160259937E-01  7.2866654666E-01
           Stress_EigVec2 = -7.5292979677E-01  2.0255993509E-01  6.2615189358E-01
           Stress_EigVec3 =  2.7626317982E-02  9.6034260377E-01 -2.7745066218E-01
           -DivStress = -2.1886658451E-01 -7.5350483267E+00  2.1720528424E+00
           ESP =  -1.1065029664E+00     ESP at Nucleus =  -1.1089165331E+00
           ESPe = -1.4358837833E+01     ESPe at Nucleus = -1.4275604655E+01
           ESPn =  1.3252334867E+01     ESPn at Nucleus =  1.3166688122E+01

CP# 5      Coords =  6.58756977937629E+00  1.59195005738015E+00  1.03050455235756E+00
           Type = (3,-3) NACP C5
           Rho =  1.1767751238E+02     Rho at Nucleus =  1.1767751232E+02
           GradRho =  7.2173572674E-11  1.4442255031E-10  1.6131262992E-12
           HessRho_EigVals = -1.4500542263E+05 -1.4500446200E+05 -1.4500430255E+05
           HessRho_EigVec1 = -4.3163901125E-01 -2.1576209281E-01  8.7586213714E-01
           HessRho_EigVec2 =  8.9536079758E-01  1.5518121301E-02  4.4507103935E-01
           HessRho_EigVec3 = -1.0962119379E-01  9.7632264504E-01  1.8648669297E-01
           DelSqRho = -4.3501418718E+05
           Bond Ellipticity = NA
           V = -1.0876378159E+05
           G =  5.1173979501E+00
           K =  1.0875866419E+05
           L =  1.0875354680E+05
           Vnuc =  6.7987407576E+06
           Ven = -8.0005889965E+08
           Vrep =  7.9995013587E+08
           DelSqV =  2.4952680414E+09
           DelSqVen =  2.9575489782E+12
           DelSqVrep = -2.9550538412E+12
           DelSqG =  1.3403271364E+08
           DelSqK = -2.6293007551E+09
           Stress_EigVals = -3.6254839198E+04 -3.6254737459E+04 -3.6254204934E+04
           Stress_EigVec1 = -6.0020998034E-02  9.7984061620E-01  1.9055142783E-01
           Stress_EigVec2 =  8.8875417202E-01 -3.4449299374E-02  4.5708781157E-01
           Stress_EigVec3 = -4.5443756613E-01 -1.9678824311E-01  8.6876975423E-01
           -DivStress = -6.4925778499E+01 -7.1387211516E+02 -4.3680136686E+01
           ESP =  -1.4742988347E+01     ESP at Nucleus =  -1.4742988358E+01
           ESPe = -2.6525049922E+01     ESPe at Nucleus = -2.6525050998E+01
           ESPn =  1.1782061575E+01     ESPn at Nucleus =  1.1782062640E+01

CP# 6      Coords =  8.00264158725537E+00  2.63429809924795E+00  2.02108897266421E+00
           Type = (3,-3) NACP H6
           Rho =  4.2544886072E-01     Rho at Nucleus =  4.2174425382E-01
           GradRho =  4.4327605822E-15  5.9923854073E-16 -1.3060299370E-15
           HessRho_EigVals = -6.4789819611E+00 -6.4727532571E+00 -5.8776597344E+00
           HessRho_EigVec1 =  5.1902354698E-01 -8.4255204891E-01  1.4394652677E-01
           HessRho_EigVec2 = -4.8787328345E-01 -1.5373380952E-01  8.5927037369E-01
           HessRho_EigVec3 =  7.0185056599E-01  5.1620922182E-01  4.9085010169E-01
           DelSqRho = -1.8829394953E+01
           Bond Ellipticity = NA
           V = -4.7166213351E+00
           G =  4.6362984620E-03
           K =  4.7119850366E+00
           L =  4.7073487382E+00
           Vnuc =  4.0264438924E+01
           Ven = -1.7130459668E+01
           Vrep =  1.2413838333E+01
           DelSqV =  7.0895669530E+02
           DelSqVen =  7.5815502305E+02
           DelSqVrep = -4.9198327758E+01
           DelSqG =  6.9784984104E+01
           DelSqK = -7.7874167940E+02
           Stress_EigVals = -1.6230604576E+00 -1.6225731293E+00 -1.4709877481E+00
           Stress_EigVec1 =  5.6923592570E-01 -8.2052213557E-01  5.2094970312E-02
           Stress_EigVec2 = -4.2964600474E-01 -2.4284707748E-01  8.6972961751E-01
           Stress_EigVec3 =  7.0098129184E-01  5.1746373979E-01  4.9077133830E-01
           -DivStress =  5.5571342938E+00  4.0792259460E+00  3.8825788287E+00
           ESP =  -1.1058736537E+00     ESP at Nucleus =  -1.1083514663E+00
           ESPe = -1.2829807585E+01     ESPe at Nucleus = -1.2746186203E+01
           ESPn =  1.1723933931E+01     ESPn at Nucleus =  1.1637834736E+01

CP# 7      Coords =  6.81137774710670E+00 -9.00142210982975E-01  6.47144846884378E-01
           Type = (3,-3) NACP C7
           Rho =  1.1765812721E+02     Rho at Nucleus =  1.1765812703E+02
           GradRho = -2.1888759034E-10 -7.9861828131E-10 -2.5140381790E-10
           HessRho_EigVals = -1.4497356398E+05 -1.4497264078E+05 -1.4497230501E+05
           HessRho_EigVec1 = -5.4651810290E-01 -1.7816182433E-01  8.1827643713E-01
           HessRho_EigVec2 =  7.7036139721E-01  2.7623884298E-01  5.7466113434E-01
           HessRho_EigVec3 = -3.2842241229E-01  9.4443129236E-01 -1.3720536487E-02
           DelSqRho = -4.3491850977E+05
           Bond Ellipticity = NA
           V = -1.0873983785E+05
           G =  5.1052021997E+00
           K =  1.0873473265E+05
           L =  1.0872962744E+05
           Vnuc =  3.8126211740E+06
           Ven = -4.4858586710E+08
           Vrep =  4.4847712726E+08
           DelSqV =  2.4947123784E+09
           DelSqVen =  1.6581795185E+12
           DelSqVrep = -1.6556848061E+12
           DelSqG =  1.3399496009E+08
           DelSqK = -2.6287073385E+09
           Stress_EigVals = -3.6246884019E+04 -3.6246721935E+04 -3.6246231894E+04
           Stress_EigVec1 = -2.6838366623E-01  9.6271714847E-01  3.3851140903E-02
           Stress_EigVec2 =  8.0644884918E-01  2.0532182912E-01  5.5451167720E-01
           Stress_EigVec3 = -5.2688752250E-01 -1.7612109052E-01  8.3148716173E-01
           -DivStress =  4.0281937959E+02  1.1519058646E+03  3.7836025662E+02
           ESP =  -1.4732549531E+01     ESP at Nucleus =  -1.4732549549E+01
           ESPe = -2.7331753607E+01     ESPe at Nucleus = -2.7331753537E+01
           ESPn =  1.2599204076E+01     ESPn at Nucleus =  1.2599203988E+01

CP# 8      Coords =  8.41700740364854E+00 -1.85856872611437E+00  1.42781928137135E+00
           Type = (3,-3) NACP H8
           Rho =  4.2906889215E-01     Rho at Nucleus =  4.2546938760E-01
           GradRho = -4.8593941371E-15  1.2305694658E-15 -1.4216058886E-15
           HessRho_EigVals = -6.5595361958E+00 -6.5517704368E+00 -5.9614902874E+00
           HessRho_EigVec1 =  3.4812330456E-01  8.7321011460E-01  3.4104876569E-01
           HessRho_EigVec2 =  4.9711892136E-01  1.3648430848E-01 -8.5688086195E-01
           HessRho_EigVec3 =  7.9478484060E-01 -4.6784199180E-01  3.8657590180E-01
           DelSqRho = -1.9072796920E+01
           Bond Ellipticity = NA
           V = -4.7772740224E+00
           G =  4.5373962119E-03
           K =  4.7727366262E+00
           L =  4.7681992300E+00
           Vnuc =  4.1394874851E+01
           Ven = -1.7761253093E+01
           Vrep =  1.2983979071E+01
           DelSqV =  7.1895014354E+02
           DelSqVen =  7.8951604155E+02
           DelSqVrep = -7.0565898015E+01
           DelSqG =  7.0998591904E+01
           DelSqK = -7.8994873544E+02
           Stress_EigVals = -1.6430041028E+00 -1.6419521084E+00 -1.4923178111E+00
           Stress_EigVec1 =  3.0253274207E-01  8.5658117187E-01  4.1802229123E-01
           Stress_EigVec2 =  5.2682048426E-01  2.1521641880E-01 -8.2227858445E-01
           Stress_EigVec3 =  7.9431361397E-01 -4.6898890080E-01  3.8615449445E-01
           -DivStress =  6.2329067049E+00 -3.6756278919E+00  3.0322089715E+00
           ESP =  -1.1068944409E+00     ESP at Nucleus =  -1.1093083344E+00
           ESPe = -1.3357805762E+01     ESPe at Nucleus = -1.3271172193E+01
           ESPn =  1.2250911321E+01     ESPn at Nucleus =  1.2161863858E+01

CP# 9      Coords = -3.13466875279292E+00 -7.35743683016649E-01  8.38790782448746E-01
           Type = (3,-3) NACP C9
           Rho =  1.1755009896E+02     Rho at Nucleus =  1.1755009756E+02
           GradRho = -1.4909967358E-11 -1.4462448166E-12  1.1992028464E-12
           HessRho_EigVals = -1.4482649336E+05 -1.4482494362E+05 -1.4482434921E+05
           HessRho_EigVec1 =  6.1172460036E-01  6.8012123534E-01  4.0401499794E-01
           HessRho_EigVec2 = -7.5296990146E-01  3.4400818101E-01  5.6097655824E-01
           HessRho_EigVec3 =  2.4254760524E-01 -6.4737429408E-01  7.2254908660E-01
           DelSqRho = -4.3447578619E+05
           Bond Ellipticity = NA
           V = -1.0862924392E+05
           G =  5.1486869798E+00
           K =  1.0862409523E+05
           L =  1.0861894655E+05
           Vnuc =  1.3626665569E+06
           Ven = -1.6018158862E+08
           Vrep =  1.6007295937E+08
           DelSqV =  2.4921681917E+09
           DelSqVen =  5.9204562227E+11
           DelSqVrep = -5.8955345510E+11
           DelSqG =  1.3384451481E+08
           DelSqK = -2.6260127066E+09
           Stress_EigVals = -3.6209987947E+04 -3.6209647281E+04 -3.6209608694E+04
           Stress_EigVec1 = -8.7449027241E-02  7.9627036413E-01 -5.9858681479E-01
           Stress_EigVec2 = -7.7328590456E-01  3.2454701345E-01  5.4470005128E-01
           Stress_EigVec3 =  6.2799807121E-01  5.1051223616E-01  5.8736332819E-01
           -DivStress =  1.5135536471E+03  3.2312844345E+03  9.7067815296E+01
           ESP =  -1.4657802578E+01     ESP at Nucleus =  -1.4657802703E+01
           ESPe = -3.1439119466E+01     ESPe at Nucleus = -3.1439122026E+01
           ESPn =  1.6781316888E+01     ESPn at Nucleus =  1.6781319323E+01

CP# 10     Coords = -2.28411529042134E+00  1.54048691010589E+00  5.92361913586996E-01
           Type = (3,-3) NACP C10
           Rho =  1.1755016396E+02     Rho at Nucleus =  1.1755016254E+02
           GradRho = -1.1410812074E-11  1.3038976447E-11  4.9996093962E-12
           HessRho_EigVals = -1.4482678189E+05 -1.4482521708E+05 -1.4482462791E+05
           HessRho_EigVec1 = -4.9988400181E-02  8.2249632456E-01 -5.6656946259E-01
           HessRho_EigVec2 = -7.5306762012E-01  3.4158400502E-01  5.6232510796E-01
           HessRho_EigVec3 =  6.5604140066E-01  4.5477484935E-01  6.0232011175E-01
           DelSqRho = -4.3447662688E+05
           Bond Ellipticity = NA
           V = -1.0862945528E+05
           G =  5.1492814072E+00
           K =  1.0862430600E+05
           L =  1.0861915672E+05
           Vnuc =  1.3565974459E+06
           Ven = -1.5946825219E+08
           Vrep =  1.5935962273E+08
           DelSqV =  2.4921732235E+09
           DelSqVen =  5.8940987802E+11
           DelSqVrep = -5.8691770479E+11
           DelSqG =  1.3384497736E+08
           DelSqK = -2.6260182009E+09
           Stress_EigVals = -3.6210058688E+04 -3.6209719444E+04 -3.6209677150E+04
           Stress_EigVec1 =  6.2645530576E-01  6.4061950013E-01  4.4402748332E-01
           Stress_EigVec2 = -7.5671206098E-01  3.6323349445E-01  5.4355154795E-01
           Stress_EigVec3 =  1.8692406655E-01 -6.7651170320E-01  7.1231405207E-01
           -DivStress = -9.5364409021E+02 -3.3561688717E+03  8.2602041513E+02
           ESP =  -1.4657854871E+01     ESP at Nucleus =  -1.4657854997E+01
           ESPe = -3.1604285943E+01     ESPe at Nucleus = -3.1604287960E+01
           ESPn =  1.6946431072E+01     ESPn at Nucleus =  1.6946432963E+01

CP# 11     Coords = -1.23750228461539E+00  8.03854354655510E-02  2.81567677609018E+00
           Type = (3,-3) NACP C11
           Rho =  1.1750688141E+02     Rho at Nucleus =  1.1750687944E+02
           GradRho =  3.7865760874E-14  5.5303645777E-13 -1.4125399282E-11
           HessRho_EigVals = -1.4478021373E+05 -1.4477962816E+05 -1.4477919350E+05
           HessRho_EigVec1 =  5.4401986509E-01 -1.1489187317E-01  8.3116920291E-01
           HessRho_EigVec2 =  3.4721754889E-01  9.3261337729E-01 -9.8347660088E-02
           HessRho_EigVec3 =  7.6386017053E-01 -3.4209961412E-01 -5.4725267829E-01
           DelSqRho = -4.3433903539E+05
           Bond Ellipticity = NA
           V = -1.0859499994E+05
           G =  5.1205469891E+00
           K =  1.0858987939E+05
           L =  1.0858475885E+05
           Vnuc =  1.1519098586E+06
           Ven = -1.3535733515E+08
           Vrep =  1.3524874015E+08
           DelSqV =  2.4913959388E+09
           DelSqVen =  5.0031941581E+11
           DelSqVrep = -4.9782802089E+11
           DelSqG =  1.3380984027E+08
           DelSqK = -2.6252057791E+09
           Stress_EigVals = -3.6198546671E+04 -3.6198248675E+04 -3.6198204596E+04
           Stress_EigVec1 =  7.6264036685E-01 -3.4288341193E-01 -5.4846206493E-01
           Stress_EigVec2 =  5.4892493011E-01 -1.0543004599E-01  8.2919595181E-01
           Stress_EigVec3 =  3.4214191785E-01  9.3344280555E-01 -1.0781204398E-01
           -DivStress =  2.5848252653E+03 -6.0488806038E+02  3.2907489570E+03
           ESP =  -1.4696179558E+01     ESP at Nucleus =  -1.4696179665E+01
           ESPe = -2.9494604075E+01     ESPe at Nucleus = -2.9494595233E+01
           ESPn =  1.4798424517E+01     ESPn at Nucleus =  1.4798415568E+01

CP# 12     Coords =  4.98431299595533E+00  2.63307017297149E+00  3.78966562227494E-01
           Type = (3,-3) NACP H12
           Rho =  4.2457860438E-01     Rho at Nucleus =  4.2087512653E-01
           GradRho =  4.6806091988E-15 -3.7708416034E-15  1.6891056696E-15
           HessRho_EigVals = -6.4652344573E+00 -6.4588947768E+00 -5.8651799713E+00
           HessRho_EigVec1 =  4.0802548017E-01  8.4605549733E-01  3.4308206449E-01
           HessRho_EigVec2 = -4.4952905505E-01 -1.4089823093E-01  8.8208350919E-01
           HessRho_EigVec3 =  7.9463125800E-01 -5.1413790364E-01  3.2283645990E-01
           DelSqRho = -1.8789309205E+01
           Bond Ellipticity = NA
           V = -4.7066686923E+00
           G =  4.6706954576E-03
           K =  4.7019979968E+00
           L =  4.6973273014E+00
           Vnuc =  4.2526397716E+01
           Ven = -1.8055798591E+01
           Vrep =  1.3349129899E+01
           DelSqV =  7.0742812479E+02
           DelSqVen =  7.9904163607E+02
           DelSqVrep = -9.1613511279E+01
           DelSqG =  6.9632955490E+01
           DelSqK = -7.7706108028E+02
           Stress_EigVals = -1.6196152830E+00 -1.6190701555E+00 -1.4679832537E+00
           Stress_EigVec1 =  3.6506934964E-01  8.2812903805E-01  4.2535475346E-01
           Stress_EigVec2 =  4.8525539905E-01  2.2065313327E-01 -8.4607292385E-01
           Stress_EigVec3 =  7.9451341565E-01 -5.1528098269E-01  3.2130039097E-01
           -DivStress = -6.2808118004E+00  4.0634285193E+00 -2.5464611243E+00
           ESP =  -1.1065948205E+00     ESP at Nucleus =  -1.1090541088E+00
           ESPe = -1.5117827137E+01     ESPe at Nucleus = -1.5069648681E+01
           ESPn =  1.4011232317E+01     ESPn at Nucleus =  1.3960594572E+01

CP# 13     Coords =  3.54166994651907E+00  1.22873591955983E-01 -3.34006576696908E+00
           Type = (3,-3) NACP H13
           Rho =  4.2454230543E-01     Rho at Nucleus =  4.2083082837E-01
           GradRho = -4.0329660835E-11 -1.6958306939E-09  6.4445793613E-10
           HessRho_EigVals = -6.4641352212E+00 -6.4578435553E+00 -5.8631081677E+00
           HessRho_EigVec1 =  7.3822900832E-01  2.2421968767E-01  6.3619451659E-01
           HessRho_EigVec2 = -6.7419424257E-01  2.7589119275E-01  6.8508844178E-01
           HessRho_EigVec3 =  2.1910147559E-02  9.3467084122E-01 -3.5483850413E-01
           DelSqRho = -1.8785086944E+01
           Bond Ellipticity = NA
           V = -4.7055827561E+00
           G =  4.6555100520E-03
           K =  4.7009272461E+00
           L =  4.6962717360E+00
           Vnuc =  4.2769049162E+01
           Ven = -1.8157270732E+01
           Vrep =  1.3451687976E+01
           DelSqV =  7.0722429438E+02
           DelSqVen =  8.0342030997E+02
           DelSqVrep = -9.6196015593E+01
           DelSqG =  6.9607468610E+01
           DelSqK = -7.7683176299E+02
           Stress_EigVals = -1.6193423370E+00 -1.6187840114E+00 -1.4674564077E+00
           Stress_EigVec1 =  6.7508573838E-01  2.4948345947E-01  6.9427462094E-01
           Stress_EigVec2 = -7.3742455789E-01  2.5568420615E-01  6.2516446488E-01
           Stress_EigVec3 =  2.1546861869E-02  9.3401476978E-01 -3.5658399090E-01
           -DivStress =  1.7461420655E-01  7.3915939186E+00 -2.8110592237E+00
           ESP =  -1.1067558617E+00     ESP at Nucleus =  -1.1092226958E+00
           ESPe = -1.5395445492E+01     ESPe at Nucleus = -1.5327827880E+01
           ESPn =  1.4288689630E+01     ESPn at Nucleus =  1.4218605184E+01

CP# 14     Coords = -2.20086044114659E+00  4.34087386160514E+00 -9.86930798715923E-01
           Type = (3,-3) NACP Cl14
           Rho =  3.0207408714E+03     Rho at Nucleus =  3.0207408590E+03
           GradRho = -2.3529317158E-09  4.8546079227E-09 -5.1449278345E-10
           HessRho_EigVals = -3.0377755536E+07 -3.0377313786E+07 -3.0377280730E+07
           HessRho_EigVec1 =  2.3509435172E-02  8.6841966727E-01 -4.9527223621E-01
           HessRho_EigVec2 = -7.5890168161E-01  3.3799420829E-01  5.5662209156E-01
           HessRho_EigVec3 =  6.5078071892E-01  3.6277706194E-01  6.6699119876E-01
           DelSqRho = -9.1132350052E+07
           Bond Ellipticity = NA
           V = -2.2810295352E+07
           G =  1.3603919570E+04
           K =  2.2796691432E+07
           L =  2.2783087513E+07
           Vnuc =  1.8810737646E+07
           Ven = -5.6822364029E+10
           Vrep =  5.6799553734E+10
           DelSqV =  4.3102672463E+12
           DelSqVen =  1.7142667553E+15
           DelSqVrep = -1.7099564713E+15
           DelSqG =  2.2935807087E+11
           DelSqK = -4.5396253172E+12
           Stress_EigVals = -7.6034743076E+06 -7.6034660345E+06 -7.6033550100E+06
           Stress_EigVec1 =  6.5075615121E-01  3.6271730204E-01  6.6704766731E-01
           Stress_EigVec2 = -7.5892152338E-01  3.3796868328E-01  5.5661053752E-01
           Stress_EigVec3 =  2.3548949345E-02  8.6845456296E-01 -4.9520916698E-01
           -DivStress =  2.9271022502E+04  1.0934931844E+06 -6.1205342785E+05
           ESP =  -6.4347007357E+01     ESP at Nucleus =  -6.4347007394E+01
           ESPe = -7.3902394849E+01     ESPe at Nucleus = -7.3902393647E+01
           ESPn =  9.5553874913E+00     ESPn at Nucleus =  9.5553862535E+00

CP# 15     Coords = -5.00119775444430E+00 -3.14982197846539E+00 -1.72861368231370E-01
           Type = (3,-3) NACP Cl15
           Rho =  3.0207417670E+03     Rho at Nucleus =  3.0207417545E+03
           GradRho =  4.0713166961E-09  2.4489305783E-09  6.9002286524E-11
           HessRho_EigVals = -3.0377767852E+07 -3.0377325195E+07 -3.0377291891E+07
           HessRho_EigVec1 =  5.8179764428E-01  7.4798069580E-01  3.1943133821E-01
           HessRho_EigVec2 =  7.4753097043E-01 -3.3700621446E-01 -5.7238471298E-01
           HessRho_EigVec3 =  3.2048236981E-01 -5.7179689587E-01  7.5520815708E-01
           DelSqRho = -9.1132384937E+07
           Bond Ellipticity = NA
           V = -2.2810304209E+07
           G =  1.3603987502E+04
           K =  2.2796700222E+07
           L =  2.2783096234E+07
           Vnuc =  1.8772318143E+07
           Ven = -5.6706325478E+10
           Vrep =  5.6683515174E+10
           DelSqV =  4.3102689233E+12
           DelSqVen =  1.7107661808E+15
           DelSqVrep = -1.7064559119E+15
           DelSqG =  2.2935818000E+11
           DelSqK = -4.5396271033E+12
           Stress_EigVals = -7.6034773775E+06 -7.6034690423E+06 -7.6033577895E+06
           Stress_EigVec1 =  3.2054724206E-01 -5.7173384412E-01  7.5522836089E-01
           Stress_EigVec2 =  7.4752175514E-01 -3.3700263531E-01 -5.7239885516E-01
           Stress_EigVec3 =  5.8177374571E-01  7.4803050424E-01  3.1935822131E-01
           -DivStress = -7.2895075653E+05 -9.4527487250E+05 -3.9080400322E+05
           ESP =  -6.4347552866E+01     ESP at Nucleus =  -6.4347552903E+01
           ESPe = -7.3552341188E+01     ESPe at Nucleus = -7.3552339967E+01
           ESPn =  9.2047883220E+00     ESPn at Nucleus =  9.2047870638E+00

CP# 16     Coords =  6.61818306881310E-01 -6.34688504336806E-01  2.72918776553116E+00
           Type = (3,-3) NACP H16
           Rho =  4.2602616709E-01     Rho at Nucleus =  4.2235573159E-01
           GradRho = -1.2576343107E-09  4.7166876919E-10  4.8464440652E-11
           HessRho_EigVals = -6.4872974582E+00 -6.4799512670E+00 -5.8857299610E+00
           HessRho_EigVec1 =  6.8274376166E-02  8.3039732719E-02  9.9420471350E-01
           HessRho_EigVec2 =  3.4607408208E-01  9.3268246182E-01 -1.0166688312E-01
           HessRho_EigVec3 =  9.3571969054E-01 -3.5100972664E-01 -3.4940413965E-02
           DelSqRho = -1.8852978686E+01
           Bond Ellipticity = NA
           V = -4.7228815506E+00
           G =  4.8184395311E-03
           K =  4.7180631111E+00
           L =  4.7132446716E+00
           Vnuc =  4.4436063622E+01
           Ven = -1.8930925866E+01
           Vrep =  1.4208044315E+01
           DelSqV =  7.0996898203E+02
           DelSqVen =  8.3775216258E+02
           DelSqVrep = -1.2778318055E+02
           DelSqG =  6.9887541269E+01
           DelSqK = -7.7985652329E+02
           Stress_EigVals = -1.6248770000E+00 -1.6239292820E+00 -1.4740752686E+00
           Stress_EigVec1 =  6.7846604823E-02  8.2243638549E-02  9.9430016702E-01
           Stress_EigVec2 =  3.4610874593E-01  9.3276684012E-01 -1.0077081900E-01
           Stress_EigVec3 =  9.3573798373E-01 -3.5097294182E-01 -3.4819820595E-02
