AIMSum (Version 19.02.13, Professional)
Copyright (c) 1997-2019 by Todd A. Keith
AIMSum is a component of the AIMAll package ( http://aim.tkgristmill.com )

TP:  64-bit Linux

Much of the Quantum Theory of Atoms in Molecules (QTAIM) is described in the book:
  "Atoms in Molecules - A Quantum Theory"
  R.F.W. Bader, Oxford University Press, Oxford, 1990

For additional references see:  http://aim.tkgristmill.com/references.html

Wfn File:  /home/mhennefarth/Documents/ML_Diels/summary-levandowski2016/42-opt/42-opt.wfn
Sum File:  /home/mhennefarth/Documents/ML_Diels/summary-levandowski2016/42-opt/42-opt.sum

SumViz File:  /home/mhennefarth/Documents/ML_Diels/summary-levandowski2016/42-opt/42-opt.sumviz

Wfn Title:   Title Card Required                                                           
 
Total memory allocated for AIMSum =        0.881 Megabytes

Atomic units (a.u.) used throughout, except where stated otherwise

Model:  Restricted SCF
 
Restricted, closed-shell, single-determinant wavefunction.
  Number of electrons (from MO Occs)                   =          84.0000000000
  Number of Alpha electrons (from MO Occs)             =          42.0000000000
  Number of Beta electrons (from MO Occs)              =          42.0000000000
  Number of electron pairs (N*(N-1)/2)                 =        3486.0000000000
  Number of electron pairs (from Muller 2EDM)          =        3486.0000000000
 
Nuclear Charges and Cartesian Coordinates:
-------------------------------------------------------------------------------
Atom      Charge                X                  Y                  Z
-------------------------------------------------------------------------------
C1         6.0          -5.2365236600E+00  -2.5748060200E+00  -9.8799270000E-01
H2         1.0          -5.2825537300E+00  -4.2284653700E+00  -2.2022830600E+00
C3         6.0          -4.9214664500E+00  -2.4962504000E-01  -1.9368472400E+00
H4         1.0          -4.6324766200E+00  -4.6496540000E-02  -3.9665799700E+00
C5         6.0          -6.0745520400E+00   2.5388133300E+00   1.7108559500E+00
H6         1.0          -5.9185849000E+00   4.3379355100E+00   2.6864455700E+00
C7         6.0          -4.8716618300E+00   2.1147012500E+00  -4.7742768000E-01
H8         1.0          -3.7786484100E+00   3.6503589400E+00  -1.3103058100E+00
C9         6.0           2.4081131300E+00  -1.2777392100E+00   8.8389033000E-01
C10        6.0           2.9836011300E+00   1.0697050000E+00   5.3221345000E-01
C11        6.0           1.5709221200E+00   5.0911181000E-01   2.9528999600E+00
H12        1.0          -5.4357374000E+00  -2.9073782000E+00   1.0297002600E+00
H13        1.0          -7.2789663500E+00   1.1186748700E+00   2.5791432400E+00
Cl14      17.0           2.4392600700E+00  -4.3407262500E+00  -8.5179710000E-02
Cl15      17.0           4.3261639300E+00   3.3844365200E+00  -1.2524561000E+00
H16        1.0          -4.2557084000E-01   1.0221969000E+00   3.1044758000E+00
H17        1.0           2.5897358900E+00   5.2913252000E-01   4.7536604000E+00
 
Some Atomic Properties:
----------------------
  q(A) = Net Charge of Atom A
  L(A) = Lagrangian of Atom A = -(1/4) Times Atomic Integral of the Laplacian of the Electron Density
  K(A) = Electronic Kinetic Energy of Atom A (Hamiltonian Form)
  K_Scaled(A) = K(A) * E(Mol)/K(Mol) = Approximation to Virial-Based Total Energy of Atom A.
  |Mu_Intra(A)| = Magnitude of Intraatomic Dipole Moment of Atom A
--------------------------------------------------------------------------------------------------
Atom A          q(A)              L(A)              K(A)          K_Scaled(A)      |Mu_Intra(A)|
--------------------------------------------------------------------------------------------------
C1       -8.5305763300E-02  1.1445326876E-04  3.7703570630E+01 -3.7880041061E+01  1.1001577079E-01
H2        4.5769411210E-02  2.1985848134E-05  5.9364349846E-01 -5.9642202904E-01  1.4737008582E-01
C3       -2.9239900100E-02  2.1577889331E-05  3.7700410006E+01 -3.7876865644E+01  7.6234624482E-02
H4        3.5337899280E-02  2.3967307809E-05  6.0168451564E-01 -6.0450068196E-01  1.5088090594E-01
C5       -9.2368661900E-02 -2.1656745551E-05  3.7704561027E+01 -3.7881036094E+01  1.1265401502E-01
H6        4.4113924580E-02  2.1766326248E-05  5.9410272515E-01 -5.9688340514E-01  1.4777749809E-01
C7       -3.2573234900E-02 -1.1820648343E-04  3.7702159340E+01 -3.7878623166E+01  7.5469804785E-02
H8        3.6002410240E-02  2.7246384990E-05  6.0138786595E-01 -6.0420264382E-01  1.5026405150E-01
C9        4.7099836300E-02 -1.3399292254E-05  3.7665410751E+01 -3.7841702576E+01  1.1316148155E-01
C10       4.1598185900E-02  6.1561647159E-06  3.7667658110E+01 -3.7843960454E+01  1.1386566925E-01
C11       8.1221450000E-02 -1.8278120866E-05  3.7579905016E+01 -3.7755796634E+01  3.3311617865E-01
H12       4.1358212600E-02  2.3508265402E-05  5.9446547288E-01 -5.9724785069E-01  1.4836141283E-01
H13       4.2792456190E-02  2.1532736379E-05  5.9384621569E-01 -5.9662569508E-01  1.4818128285E-01
Cl14     -1.2171823800E-01 -9.9601679798E-06  4.5887009165E+02 -4.6101781934E+02  1.8975959501E-01
Cl15     -1.2639839000E-01 -1.8458172730E-06  4.5887043713E+02 -4.6101816644E+02  1.8819703206E-01
H16       4.4574754610E-02 -1.0180864546E-06  5.9734741062E-01 -6.0014327725E-01  1.4766002529E-01
H17       2.7695359150E-02  2.6331255276E-05  6.0423437983E-01 -6.0706248072E-01  1.5419362231E-01
--------------------------------------------------------------------------------------------------
Total    -4.0288139999E-05  1.2416073324E-04  1.1862449157E+03 -1.1917970995E+03
 
1st Largest |L(A)| = 1.1820648343E-04, atom C7      
2nd Largest |L(A)| = 1.1445326876E-04, atom C1      
 
Molecular charge q(Mol) from the wfn file:   0.0000000000E+00
Molecular energy E(Mol) from the wfn file:  -1.1917970172E+03
Molecular virial ratio (-V(Mol)/T(Mol)) from the wfn file:   2.0046804700E+00
Note.  K_Scaled(A) = (1+V(Mol)/T(Mol))*K(A) = (E(Mol)/T(Mol))*K(A)
       Only use K_Scaled(A) data with caution.
 
N_AIMInt(SumA)     =         84.000040
N_Analytic(Mol)    =         83.999991
 
G_AIMInt(SumA)     =       1186.244792
G_Analytic(Mol)    =       1186.244818
 
K_AIMInt(SumA)     =       1186.244916
K_Analytic(Mol)    =       1186.244818
 
L_AIMInt(SumA)     =          0.000124
L_Analytic(Mol)    =          0.000000
 
VenT_AIMInt(SumA)  =      -3842.260440
VenT_Analytic(Mol) =      -3842.259686
 
Some Information About the Atomic Calculations:
----------------------------------------------
  Time(sec) = "Elapsed User Time", in Seconds, for Atom A by AIMInt and, if used, by TWOe
  NProc = Number of Processors Used for AIMInt Job
  BIM = Basin Integration Method
  OAQ = Angular Quadrature Outside of Beta Sphere
  ORQ = Multiple of Default for Radial Quadrature Outside of Beta Sphere
  IAQ = Multiple of Default for Angular Quadrature Inside of Beta Sphere
  IRQ = Multiple of Default for Radial Quadrature Inside of Beta Sphere
  MIR = Maximum Integration Radius
------------------------------------------------------------------------------------------------------
Atom A     Time(sec)   NProc      BIM          OAQ                     ORQ      IAQ      IRQ      MIR
------------------------------------------------------------------------------------------------------
C1            232        8    Promega(5)    4500(GS4)                  1.00     1.00     1.00    13.00
H2              6        8     Proaim(5)    1800(GS4)                  1.00     1.00     1.00    13.00
C3            240        8    Promega(5)    4500(GS4)                  1.00     1.00     1.00    13.00
H4              5        8     Proaim(5)    1800(GS4)                  1.00     1.00     1.00    13.00
C5             26        8     Proaim(5)    4500(GS4)                  1.00     1.00     1.00    13.00
H6              5        8     Proaim(5)    1800(GS4)                  1.00     1.00     1.00    13.00
C7             47        8     Proaim(5)    4500(GS4)                  1.00     1.00     1.00    13.00
H8              8        8     Proaim(5)    1800(GS4)                  1.00     1.00     1.00    13.00
C9             27        8     Proaim(5)    4500(GS4)                  1.00     1.00     1.00    13.00
C10            28        8     Proaim(5)    4500(GS4)                  1.00     1.00     1.00    13.00
C11            33        8     Proaim(5)    4500(GS4)                  1.00     1.00     1.00    13.00
H12             8        8     Proaim(5)    1800(GS4)                  1.00     1.00     1.00    13.00
H13             7        8     Proaim(5)    1800(GS4)                  1.00     1.00     1.00    13.00
Cl14           27        8     Proaim(5)    4500(GS4)                  1.00     1.00     1.00    13.00
Cl15           14        8     Proaim(5)    3150(GS4)                  1.00     1.00     1.00    13.00
H16            24        8     Proaim(5)    4500(GS4)                  1.00     1.00     1.00    13.00
H17             5        8     Proaim(5)    1800(GS4)                  1.00     1.00     1.00    13.00
------------------------------------------------------------------------------------------------------
Total         742
Note:  Total wall clock time is less than total of atomic times if more than one atom
       was calculated at a time
 
Electron Density Critical Point Analysis of Molecular Structure:               
---------------------------------------------------------------                
  NACP = Nuclear Attractor Critical Point                                      
  NNACP = Non-Nuclear Attractor Critical Point                                 
  BCP = Bond Critical Point                                                    
  RCP = Ring Critical Point                                                    
  CCP = Cage Critical Point                                                    
  Rho = Electron Density                                                       
  GradRho = Gradient of Electron Density                                       
  HessRho_EigVals = Eigenvalues of the Hessian of Rho, Ascending Order         
  HessRho_EigVecs = Eigenvectors of the Hessian of Rho                         
  DelSqRho = Laplacian of Rho = Trace of Hessian of Rho                        
  Bond Ellipticity = (HessRho_EigVal(1) / HessRho_EigVal(2)) - 1               
  V = Virial Field = Potential Energy Density = Trace of Stress Tensor         
  G = Lagrangian Form of Kinetic Energy Density                                
  K = Hamiltonian Form of Kinetic Energy Density                               
  L = K - G = Lagrangian Density = (-1/4)DelSqRho                              
  Vnuc = Electrostatic Potential from Nuclei                                   
  Ven = Electron-nuclear attractive contribution to Virial Field V             
  Vrep = V - Ven = Repulsive contribution to Virial Field V                    
  DelSqV = Laplacian of V                                                      
  DelSqVen = Laplacian of Ven                                                  
  DelSqVrep = Laplacian of Vrep                                                
  DelSqG = Laplacian of G                                                      
  DelSqK = Laplacian of K                                                      
  Stress_EigVals = Eigenvalues of Stress Tensor, Ascending Order               
  Stress_EigVecs = Eigenvectors of Stress Tensor                               
  -DivStress = Ehrenfest Force Density = Minus Divergence of Stress Tensor     
  ESP = Total Electrostatic Potential                                          
  ESPe = Electrostatic Potential from Electrons                                
  ESPn = Electrostatic Potential from Nuclei                                   
  BP = Bond Path                                                               
  BPL = Bond Path Length                                                       
  GBL = Geometric Bond Length                                                  
  GBL_I = Distance Between Nuclear Attractors                                  
  GBL_II = Distance Between Nuclei                                             
  GBL_III = Sum of Distances Between BCP and Nuclear Attractors                
  GBL_IV = Sum of Distances Between BCP and Nuclei                             

CP# 1      Coords = -5.23652389346691E+00 -2.57480682946096E+00 -9.87992421334424E-01
           Type = (3,-3) NACP C1
           Rho =  1.1767735415E+02     Rho at Nucleus =  1.1767735410E+02
           GradRho =  3.5645375540E-12 -1.4056534148E-10  5.1716211175E-11
           HessRho_EigVals = -1.4500476285E+05 -1.4500378973E+05 -1.4500362844E+05
           HessRho_EigVec1 =  9.9651474272E-01 -7.5499021660E-02  3.5472035184E-02
           HessRho_EigVec2 = -7.5439927473E-03  3.4192794964E-01  9.3969588987E-01
           HessRho_EigVec3 =  8.3075000602E-02  9.3668840870E-01 -3.4016667869E-01
           DelSqRho = -4.3501218103E+05
           Bond Ellipticity = NA
           V = -1.0876328056E+05
           G =  5.1176508521E+00
           K =  1.0875816291E+05
           L =  1.0875304526E+05
           Vnuc =  6.7617257341E+06
           Ven = -7.9570199391E+08
           Vrep =  7.9559323063E+08
           DelSqV =  2.4952560760E+09
           DelSqVen =  2.9414328893E+12
           DelSqVrep = -2.9389376333E+12
           DelSqG =  1.3403161769E+08
           DelSqK = -2.6292876937E+09
           Stress_EigVals = -3.6254673969E+04 -3.6254571224E+04 -3.6254035365E+04
           Stress_EigVec1 =  1.0047547934E-01  9.4340124633E-01 -3.1606766123E-01
           Stress_EigVec2 = -3.3880890011E-02  3.2073527807E-01  9.4656271144E-01
           Stress_EigVec3 =  9.9436249092E-01 -8.4397688489E-02  6.4189304668E-02
           -DivStress =  1.8862236864E+02  6.5932702027E+02 -2.2622865414E+02
           ESP =  -1.4743226518E+01     ESP at Nucleus =  -1.4743226529E+01
           ESPe = -2.7108969466E+01     ESPe at Nucleus = -2.7108970668E+01
           ESPn =  1.2365742949E+01     ESPn at Nucleus =  1.2365744138E+01

CP# 2      Coords = -5.28177828627891E+00 -4.20021754333277E+00 -2.18145966680889E+00
           Type = (3,-3) NACP H2
           Rho =  4.2542834006E-01     Rho at Nucleus =  4.2171068532E-01
           GradRho =  1.3379054808E-15  5.1221505336E-15  4.5409368540E-15
           HessRho_EigVals = -6.4789586601E+00 -6.4727536229E+00 -5.8762350887E+00
           HessRho_EigVec1 = -1.5197910257E-01 -5.8286896036E-01  7.9822686464E-01
           HessRho_EigVec2 =  9.8813710868E-01 -1.0764200517E-01  1.0953653807E-01
           HessRho_EigVec3 =  2.2077292222E-02  8.0540485085E-01  5.9231378458E-01
           DelSqRho = -1.8827947372E+01
           Bond Ellipticity = NA
           V = -4.7162255557E+00
           G =  4.6193563712E-03
           K =  4.7116061993E+00
           L =  4.7069868429E+00
           Vnuc =  4.1119742137E+01
           Ven = -1.7493503641E+01
           Vrep =  1.2777278085E+01
           DelSqV =  7.0884769931E+02
           DelSqVen =  7.7420034089E+02
           DelSqVrep = -6.5352641580E+01
           DelSqG =  6.9778156770E+01
           DelSqK = -7.7862585608E+02
           Stress_EigVals = -1.6230437822E+00 -1.6225571331E+00 -1.4706246404E+00
           Stress_EigVec1 = -4.9575107206E-02 -5.8963219731E-01  8.0614898166E-01
           Stress_EigVec2 =  9.9852324457E-01 -4.7214956857E-02  2.6871507169E-02
           Stress_EigVec3 =  2.2217983572E-02  8.0629065463E-01  5.9110214131E-01
           -DivStress = -1.7540598927E-01 -6.3788191964E+00 -4.7006974282E+00
           ESP =  -1.1066506612E+00     ESP at Nucleus =  -1.1091365071E+00
           ESPe = -1.3738037570E+01     ESPe at Nucleus = -1.3657422670E+01
           ESPn =  1.2631386909E+01     ESPn at Nucleus =  1.2548286163E+01

CP# 3      Coords = -4.92146623284355E+00 -2.49623460095683E-01 -1.93684711066229E+00
           Type = (3,-3) NACP C3
           Rho =  1.1765665441E+02     Rho at Nucleus =  1.1765665422E+02
           GradRho =  8.2747309005E-11  9.1158396413E-10  7.1958405380E-11
           HessRho_EigVals = -1.4497154847E+05 -1.4497063988E+05 -1.4497029772E+05
           HessRho_EigVec1 =  9.8435767086E-01 -5.7986867076E-02  1.6636555855E-01
           HessRho_EigVec2 = -8.8179331569E-02  6.5534595035E-01  7.5016404262E-01
           HessRho_EigVec3 =  1.5252665770E-01  7.5309973350E-01 -6.3998157012E-01
           DelSqRho = -4.3491248607E+05
           Bond Ellipticity = NA
           V = -1.0873833774E+05
           G =  5.1081103489E+00
           K =  1.0873322963E+05
           L =  1.0872812152E+05
           Vnuc =  3.7500260794E+06
           Ven = -4.4121552244E+08
           Vrep =  4.4110678410E+08
           DelSqV =  2.4946778596E+09
           DelSqVen =  1.6309331231E+12
           DelSqVrep = -1.6284384452E+12
           DelSqG =  1.3399291505E+08
           DelSqK = -2.6286707746E+09
           Stress_EigVals = -3.6246383753E+04 -3.6246220548E+04 -3.6245733437E+04
           Stress_EigVec1 =  1.4331933858E-01  8.0633547020E-01 -5.7383157519E-01
           Stress_EigVec2 = -7.6556386641E-02  5.8711262213E-01  8.0587709274E-01
           Stress_EigVec3 =  9.8671104527E-01 -7.1567299970E-02  1.4587472269E-01
           -DivStress = -1.7562621314E+02 -1.2825448181E+03 -1.0878321281E+02
           ESP =  -1.4733298362E+01     ESP at Nucleus =  -1.4733298381E+01
           ESPe = -2.8230195554E+01     ESPe at Nucleus = -2.8230195453E+01
           ESPn =  1.3496897191E+01     ESPn at Nucleus =  1.3496897071E+01

CP# 4      Coords = -4.63727069384252E+00 -4.97078833071691E-02 -3.93269499847380E+00
           Type = (3,-3) NACP H4
           Rho =  4.2898597927E-01     Rho at Nucleus =  4.2537489980E-01
           GradRho = -6.7193058192E-10 -4.4885444000E-10  4.7518632096E-09
           HessRho_EigVals = -6.5582993895E+00 -6.5505392900E+00 -5.9591307962E+00
           HessRho_EigVec1 =  1.1383820611E-01  9.8749021504E-01  1.0910516962E-01
           HessRho_EigVec2 =  9.8370256651E-01 -1.2741816816E-01  1.2686162173E-01
           HessRho_EigVec3 = -1.3917659097E-01 -9.2885335929E-02  9.8590171462E-01
           DelSqRho = -1.9067969476E+01
           Bond Ellipticity = NA
           V = -4.7760556981E+00
           G =  4.5316646079E-03
           K =  4.7715240335E+00
           L =  4.7669923689E+00
           Vnuc =  4.2660510980E+01
           Ven = -1.8300761079E+01
           Vrep =  1.3524705380E+01
           DelSqV =  7.1871720230E+02
           DelSqVen =  8.1344932931E+02
           DelSqVrep = -9.4732127012E+01
           DelSqG =  7.0977046672E+01
           DelSqK = -7.8969424897E+02
           Stress_EigVals = -1.6426871291E+00 -1.6416508217E+00 -1.4917177474E+00
           Stress_EigVec1 =  2.3375156640E-02  9.9487962948E-01  9.8326623526E-02
           Stress_EigVec2 =  9.8997173249E-01 -3.6741022108E-02  1.3640405482E-01
           Stress_EigVec3 = -1.3931823617E-01 -9.4152111694E-02  9.8576153756E-01
           -DivStress =  1.0958820864E+00  7.3456332988E-01 -7.7459204876E+00
           ESP =  -1.1077636468E+00     ESP at Nucleus =  -1.1101854653E+00
           ESPe = -1.4675476331E+01     ESPe at Nucleus = -1.4592525695E+01
           ESPn =  1.3567712684E+01     ESPn at Nucleus =  1.3482340229E+01

CP# 5      Coords = -6.07455221911174E+00  2.53881347086043E+00  1.71085683306817E+00
           Type = (3,-3) NACP C5
           Rho =  1.1767835200E+02     Rho at Nucleus =  1.1767835194E+02
           GradRho = -5.3404503042E-11  6.8028221945E-12  1.7811883912E-10
           HessRho_EigVals = -1.4500679502E+05 -1.4500584252E+05 -1.4500568687E+05
           HessRho_EigVec1 =  7.5739363847E-01 -3.8124918250E-01  5.3009804493E-01
           HessRho_EigVec2 =  4.1828021651E-01  9.0668387619E-01  5.4461078996E-02
           HessRho_EigVec3 = -5.0139459199E-01  1.8048105023E-01  8.4618559054E-01
           DelSqRho = -4.3501832441E+05
           Bond Ellipticity = NA
           V = -1.0876481960E+05
           G =  5.1192511982E+00
           K =  1.0875970035E+05
           L =  1.0875458110E+05
           Vnuc =  6.5790063466E+06
           Ven = -7.7420662468E+08
           Vrep =  7.7409785986E+08
           DelSqV =  2.4952921024E+09
           DelSqVen =  2.8619888394E+12
           DelSqVrep = -2.8594935473E+12
           DelSqG =  1.3403430867E+08
           DelSqK = -2.6293264110E+09
           Stress_EigVals = -3.6255183801E+04 -3.6255083007E+04 -3.6254552797E+04
           Stress_EigVec1 = -4.7093977522E-01  2.1850999141E-01  8.5467485734E-01
           Stress_EigVec2 =  4.2279571497E-01  9.0622411690E-01  1.2780239832E-03
           Stress_EigVec3 =  7.7424770683E-01 -3.6195473970E-01  5.1916206996E-01
           -DivStress =  1.4730588041E+02 -1.1579224358E+02 -7.1771598694E+02
           ESP =  -1.4741508730E+01     ESP at Nucleus =  -1.4741508741E+01
           ESPe = -2.6508793940E+01     ESPe at Nucleus = -2.6508795108E+01
           ESPn =  1.1767285210E+01     ESPn at Nucleus =  1.1767286367E+01

CP# 6      Coords = -5.92128757253469E+00  4.30719897485744E+00  2.66982689247174E+00
           Type = (3,-3) NACP H6
           Rho =  4.2536183858E-01     Rho at Nucleus =  4.2165646725E-01
           GradRho = -9.4983753935E-13 -1.0777784752E-11 -5.8274766306E-12
           HessRho_EigVals = -6.4774269753E+00 -6.4711451389E+00 -5.8761009335E+00
           HessRho_EigVec1 =  5.9245537671E-01  3.4314682814E-01 -7.2886684720E-01
           HessRho_EigVec2 =  8.0198034479E-01 -3.3692972252E-01  4.9326046736E-01
           HessRho_EigVec3 =  7.6316139764E-02  8.7677170143E-01  4.7481283722E-01
           DelSqRho = -1.8824673048E+01
           Bond Ellipticity = NA
           V = -4.7154507829E+00
           G =  4.6412604752E-03
           K =  4.7108095224E+00
           L =  4.7061682619E+00
           Vnuc =  4.0669696746E+01
           Ven = -1.7299336982E+01
           Vrep =  1.2583886199E+01
           DelSqV =  7.0877052286E+02
           DelSqVen =  7.6559374420E+02
           DelSqVrep = -5.6823221341E+01
           DelSqG =  6.9764981162E+01
           DelSqK = -7.7853550403E+02
           Stress_EigVals = -1.6226690033E+00 -1.6221798956E+00 -1.4706018839E+00
           Stress_EigVec1 = -6.6790012027E-01 -3.1000896285E-01  6.7661205450E-01
           Stress_EigVec2 =  7.4043043963E-01 -3.6877541403E-01  5.6193189808E-01
           Stress_EigVec3 =  7.5313965621E-02  8.7629854328E-01  4.7584521603E-01
           -DivStress =  6.0948847056E-01  6.9382265373E+00  3.7526900124E+00
           ESP =  -1.1043148701E+00     ESP at Nucleus =  -1.1067940669E+00
           ESPe = -1.3240054089E+01     ESPe at Nucleus = -1.3161530481E+01
           ESPn =  1.2135739219E+01     ESPn at Nucleus =  1.2054736414E+01

CP# 7      Coords = -4.87166139174248E+00  2.11470043432559E+00 -4.77428821802080E-01
           Type = (3,-3) NACP C7
           Rho =  1.1766505673E+02     Rho at Nucleus =  1.1766505657E+02
           GradRho =  2.7837136415E-10 -3.7518498638E-10 -5.5437081661E-10
           HessRho_EigVals = -1.4498351773E+05 -1.4498254833E+05 -1.4498223073E+05
           HessRho_EigVec1 =  8.1524307867E-01 -2.6843713409E-01  5.1314737428E-01
           HessRho_EigVec2 =  1.6069154422E-01  9.5614326907E-01  2.4488421067E-01
           HessRho_EigVec3 = -5.5637842365E-01 -1.1718171384E-01  8.2262475992E-01
           DelSqRho = -4.3494829679E+05
           Bond Ellipticity = NA
           V = -1.0874728700E+05
           G =  5.1064025162E+00
           K =  1.0874218060E+05
           L =  1.0873707420E+05
           Vnuc =  4.0814512457E+06
           Ven = -4.8024419235E+08
           Vrep =  4.8013544506E+08
           DelSqV =  2.4948840607E+09
           DelSqVen =  1.7752203264E+12
           DelSqVrep = -1.7727254423E+12
           DelSqG =  1.3400546007E+08
           DelSqK = -2.6288895208E+09
           Stress_EigVals = -3.6249367209E+04 -3.6249211119E+04 -3.6248708674E+04
           Stress_EigVec1 = -5.3951715440E-01 -3.7590776992E-02  8.4113505075E-01
           Stress_EigVec2 =  2.2431944531E-01  9.5647841175E-01  1.8662752829E-01
           Stress_EigVec3 =  8.1154299120E-01 -2.8937170101E-01  5.0760416870E-01
           -DivStress = -3.5381985732E+02  6.6541983040E+02  9.2575802160E+02
           ESP =  -1.4731566398E+01     ESP at Nucleus =  -1.4731566415E+01
           ESPe = -2.8233063302E+01     ESPe at Nucleus = -2.8233063021E+01
           ESPn =  1.3501496903E+01     ESPn at Nucleus =  1.3501496605E+01

CP# 8      Coords = -3.79686749655046E+00  3.62465093362118E+00 -1.29652273159296E+00
           Type = (3,-3) NACP H8
           Rho =  4.2892191171E-01     Rho at Nucleus =  4.2530741994E-01
           GradRho =  2.9056618223E-16  7.4332900946E-16  7.4484689250E-16
           HessRho_EigVals = -6.5572409092E+00 -6.5495693179E+00 -5.9579181728E+00
           HessRho_EigVec1 =  2.1557944500E-01 -5.7467917176E-01 -7.8947409865E-01
           HessRho_EigVec2 =  8.2031937657E-01 -3.3199995609E-01  4.6567386611E-01
           HessRho_EigVec3 =  5.2971843777E-01  7.4801061403E-01 -3.9984809363E-01
           DelSqRho = -1.9064728400E+01
           Bond Ellipticity = NA
           V = -4.7752055672E+00
           G =  4.5117336328E-03
           K =  4.7706938336E+00
           L =  4.7661821000E+00
           Vnuc =  4.3212558052E+01
           Ven = -1.8534813009E+01
           Vrep =  1.3759607442E+01
           DelSqV =  7.1857307129E+02
           DelSqVen =  8.2383568273E+02
           DelSqVrep = -1.0526261144E+02
           DelSqG =  7.0963956094E+01
           DelSqK = -7.8953702739E+02
           Stress_EigVals = -1.6424358445E+00 -1.6413416498E+00 -1.4914280729E+00
           Stress_EigVec1 =  2.9035534902E-01 -6.0408221228E-01 -7.4214449544E-01
           Stress_EigVec2 =  7.9675872622E-01 -2.7691004515E-01  5.3711857079E-01
           Stress_EigVec3 =  5.2997104024E-01  7.4726535294E-01 -4.0090546118E-01
           -DivStress =  4.1641501896E+00  5.8753236666E+00 -3.1505622487E+00
           ESP =  -1.1061692031E+00     ESP at Nucleus =  -1.1085907097E+00
           ESPe = -1.5242201432E+01     ESPe at Nucleus = -1.5168405095E+01
           ESPn =  1.4136032229E+01     ESPn at Nucleus =  1.4059814385E+01

CP# 9      Coords =  2.40811236296231E+00 -1.27774352684366E+00  8.83890392133769E-01
           Type = (3,-3) NACP C9
           Rho =  1.1754898550E+02     Rho at Nucleus =  1.1754898411E+02
           GradRho = -3.4120909223E-12  1.8559360862E-12  3.2375764396E-12
           HessRho_EigVals = -1.4482468531E+05 -1.4482314952E+05 -1.4482255060E+05
           HessRho_EigVec1 = -6.4981720943E-02  9.1399197994E-01  4.0049473972E-01
           HessRho_EigVec2 =  8.7168692937E-01 -1.4336812197E-01  4.6862296014E-01
           HessRho_EigVec3 =  4.8573580588E-01  3.7955795632E-01 -7.8739855517E-01
           DelSqRho = -4.3447038543E+05
           Bond Ellipticity = NA
           V = -1.0862789364E+05
           G =  5.1486389158E+00
           K =  1.0862274500E+05
           L =  1.0861759636E+05
           Vnuc =  1.3683492612E+06
           Ven = -1.6084806746E+08
           Vrep =  1.6073943956E+08
           DelSqV =  2.4921368947E+09
           DelSqVen =  5.9450723738E+11
           DelSqVrep = -5.9201509946E+11
           DelSqG =  1.3384242838E+08
           DelSqK = -2.6259793230E+09
           Stress_EigVals = -3.6209537779E+04 -3.6209195360E+04 -3.6209160497E+04
           Stress_EigVec1 = -4.5409643342E-01 -5.9524804359E-01  6.6293000819E-01
           Stress_EigVec2 =  8.7701161823E-01 -1.6752450858E-01  4.5031784387E-01
           Stress_EigVec3 =  1.5699379172E-01 -7.8588504606E-01 -5.9811173182E-01
           -DivStress =  6.2674959094E+02  3.4986924842E+03 -5.7085568763E+01
           ESP =  -1.4659169073E+01     ESP at Nucleus =  -1.4659169197E+01
           ESPe = -3.1640212077E+01     ESPe at Nucleus = -3.1640214085E+01
           ESPn =  1.6981043004E+01     ESPn at Nucleus =  1.6981044888E+01

CP# 10     Coords =  2.98360243110509E+00  1.06970905573545E+00  5.32212231872702E-01
           Type = (3,-3) NACP C10
           Rho =  1.1754885290E+02     Rho at Nucleus =  1.1754885148E+02
           GradRho = -2.3799514876E-11  5.0955737026E-12 -4.4704821442E-13
           HessRho_EigVals = -1.4482517080E+05 -1.4482358900E+05 -1.4482301858E+05
           HessRho_EigVec1 = -4.4325686219E-01 -6.3435800230E-01  6.3333504485E-01
           HessRho_EigVec2 =  8.7223484862E-01 -1.4229869240E-01  4.6792889523E-01
           HessRho_EigVec3 = -2.0671169046E-01  7.5982959080E-01  6.1638402800E-01
           DelSqRho = -4.3447177837E+05
           Bond Ellipticity = NA
           V = -1.0862824471E+05
           G =  5.1500590031E+00
           K =  1.0862309465E+05
           L =  1.0861794459E+05
           Vnuc =  1.3543910859E+06
           Ven = -1.5920711854E+08
           Vrep =  1.5909849029E+08
           DelSqV =  2.4921455453E+09
           DelSqVen =  5.8844471296E+11
           DelSqVrep = -5.8595256639E+11
           DelSqG =  1.3384348601E+08
           DelSqK = -2.6259890314E+09
           Stress_EigVals = -3.6209653850E+04 -3.6209319140E+04 -3.6209271722E+04
           Stress_EigVec1 = -9.2295722602E-02  8.9196037347E-01  4.4259257986E-01
           Stress_EigVec2 =  8.8185812414E-01 -1.3318829607E-01  4.5231308479E-01
           Stress_EigVec3 =  4.6239349960E-01  4.3205042524E-01 -7.7428979173E-01
           -DivStress = -1.0512458080E+03 -3.2909441819E+03  9.8083642058E+02
           ESP =  -1.4659455481E+01     ESP at Nucleus =  -1.4659455607E+01
           ESPe = -3.1497806239E+01     ESPe at Nucleus = -3.1497808763E+01
           ESPn =  1.6838350759E+01     ESPn at Nucleus =  1.6838353156E+01

CP# 11     Coords =  1.57092462267059E+00  5.09110555218014E-01  2.95289561730088E+00
           Type = (3,-3) NACP C11
           Rho =  1.1750590976E+02     Rho at Nucleus =  1.1750590782E+02
           GradRho =  8.3053477290E-12 -4.8813756856E-12  2.6034394258E-11
           HessRho_EigVals = -1.4477911168E+05 -1.4477851380E+05 -1.4477810100E+05
           HessRho_EigVec1 = -4.0632903431E-01  2.2817750403E-01  8.8477779274E-01
           HessRho_EigVec2 =  2.3083574524E-01  9.6254228209E-01 -1.4222241000E-01
           HessRho_EigVec3 =  8.8408799030E-01 -1.4644924664E-01  4.4378040015E-01
           DelSqRho = -4.3433572647E+05
           Bond Ellipticity = NA
           V = -1.0859417291E+05
           G =  5.1206449473E+00
           K =  1.0858905226E+05
           L =  1.0858393162E+05
           Vnuc =  1.1612522218E+06
           Ven = -1.3645399878E+08
           Vrep =  1.3634540461E+08
           DelSqV =  2.4913771608E+09
           DelSqVen =  5.0437332480E+11
           DelSqVrep = -5.0188194662E+11
           DelSqG =  1.3380891593E+08
           DelSqK = -2.6251860767E+09
           Stress_EigVals = -3.6198267886E+04 -3.6197973207E+04 -3.6197931816E+04
           Stress_EigVec1 =  8.8290802086E-01 -1.4927465562E-01  4.4518592060E-01
           Stress_EigVec2 = -4.0227848210E-01  2.4851645240E-01  8.8114221084E-01
           Stress_EigVec3 =  2.4216822573E-01  9.5705624186E-01 -1.5936718726E-01
           -DivStress = -2.0312710837E+03  1.0187101564E+03  3.5250146120E+03
           ESP =  -1.4697173237E+01     ESP at Nucleus =  -1.4697173342E+01
           ESPe = -2.9429875565E+01     ESPe at Nucleus = -2.9429866543E+01
           ESPn =  1.4732702328E+01     ESPn at Nucleus =  1.4732693200E+01

CP# 12     Coords = -5.43239703970064E+00 -2.90175230256228E+00  9.95343849627994E-01
           Type = (3,-3) NACP H12
           Rho =  4.2502716425E-01     Rho at Nucleus =  4.2133883109E-01
           GradRho =  7.4937892187E-10  1.2594845452E-09 -7.6999018806E-09
           HessRho_EigVals = -6.4731508129E+00 -6.4668963820E+00 -5.8738918824E+00
           HessRho_EigVec1 = -1.2303024769E-01 -9.7740878539E-01 -1.7185931569E-01
           HessRho_EigVec2 =  9.8773556901E-01 -1.3737719264E-01  7.4202106767E-02
           HessRho_EigVec3 = -9.6135341368E-02 -1.6062245539E-01  9.8232297284E-01
           DelSqRho = -1.8813939077E+01
           Bond Ellipticity = NA
           V = -4.7128152401E+00
           G =  4.6652353833E-03
           K =  4.7081500047E+00
           L =  4.7034847693E+00
           Vnuc =  4.2182281315E+01
           Ven = -1.7928615409E+01
           Vrep =  1.3215800169E+01
           DelSqV =  7.0844718203E+02
           DelSqVen =  7.9361488357E+02
           DelSqVrep = -8.5167701541E+01
           DelSqG =  6.9740656247E+01
           DelSqK = -7.7818783828E+02
           Stress_EigVals = -1.6216022201E+00 -1.6210482377E+00 -1.4701647822E+00
           Stress_EigVec1 = -3.7303263415E-02 -9.8534427202E-01 -1.6644858706E-01
           Stress_EigVec2 =  9.9475573135E-01 -5.2488388157E-02  8.7783848433E-02
           Stress_EigVec3 = -9.5233930275E-02 -1.6230106193E-01  9.8213485012E-01
           -DivStress = -7.5375748068E-01 -1.2702597483E+00  7.7515254631E+00
           ESP =  -1.1068276684E+00     ESP at Nucleus =  -1.1092801258E+00
           ESPe = -1.4696334795E+01     ESPe at Nucleus = -1.4626530085E+01
           ESPn =  1.3589507127E+01     ESPn at Nucleus =  1.3517249959E+01

CP# 13     Coords = -7.25840984941203E+00  1.14291001526036E+00  2.56441996145507E+00
           Type = (3,-3) NACP H13
           Rho =  4.2472045694E-01     Rho at Nucleus =  4.2102539035E-01
           GradRho = -1.1774706644E-15 -4.4574261816E-16 -9.5816366993E-16
           HessRho_EigVals = -6.4669325886E+00 -6.4606164097E+00 -5.8672941158E+00
           HessRho_EigVec1 = -1.7086337452E-01  6.1352441518E-01  7.7096919473E-01
           HessRho_EigVec2 =  7.9173901107E-01 -3.8025987858E-01  4.7807087664E-01
           HessRho_EigVec3 =  5.8647680738E-01  6.9209119104E-01 -4.2077872770E-01
           DelSqRho = -1.8794843114E+01
           Bond Ellipticity = NA
           V = -4.7080520066E+00
           G =  4.6706140630E-03
           K =  4.7033813926E+00
           L =  4.6987107785E+00
           Vnuc =  4.1148677025E+01
           Ven = -1.7476684908E+01
           Vrep =  1.2768632902E+01
           DelSqV =  7.0767073280E+02
           DelSqVen =  7.7338292903E+02
           DelSqVrep = -6.5712196224E+01
           DelSqG =  6.9649808123E+01
           DelSqK = -7.7732054093E+02
           Stress_EigVals = -1.6200425878E+00 -1.6194982253E+00 -1.4685111935E+00
           Stress_EigVec1 = -2.3883669610E-01  6.4569195324E-01  7.2528541562E-01
           Stress_EigVec2 =  7.7309193924E-01 -3.2553219478E-01  5.4438740218E-01
           Stress_EigVec3 =  5.8761031822E-01  6.9073199700E-01 -4.2143021041E-01
           -DivStress = -4.6333835731E+00 -5.4620219360E+00  3.3193464398E+00
           ESP =  -1.1052441840E+00     ESP at Nucleus =  -1.1077027265E+00
           ESPe = -1.3702144801E+01     ESPe at Nucleus = -1.3627600536E+01
           ESPn =  1.2596900617E+01     ESPn at Nucleus =  1.2519897810E+01

CP# 14     Coords =  2.43926006675225E+00 -4.34072538509554E+00 -8.51794373811178E-02
           Type = (3,-3) NACP Cl14
           Rho =  3.0207398799E+03     Rho at Nucleus =  3.0207398674E+03
           GradRho = -3.1554453148E-09  1.0709498911E-08 -6.7918164148E-11
           HessRho_EigVals = -3.0377751192E+07 -3.0377307110E+07 -3.0377275180E+07
           HessRho_EigVec1 = -1.2768005567E-02  9.5187731864E-01  3.0621323992E-01
           HessRho_EigVec2 =  8.6537649171E-01 -1.4290633639E-01  4.8031375850E-01
           HessRho_EigVec3 =  5.0095958482E-01  2.7112238802E-01 -8.2190762564E-01
           DelSqRho = -9.1132333481E+07
           Bond Ellipticity = NA
           V = -2.2810291489E+07
           G =  1.3604059158E+04
           K =  2.2796687429E+07
           L =  2.2783083370E+07
           Vnuc =  1.8746054809E+07
           Ven = -5.6626955352E+10
           Vrep =  5.6604145060E+10
           DelSqV =  4.3102665332E+12
           DelSqVen =  1.7083717533E+15
           DelSqVrep = -1.7040614868E+15
           DelSqG =  2.2935806689E+11
           DelSqK = -4.5396246001E+12
           Stress_EigVals = -7.6034730270E+06 -7.6034650377E+06 -7.6033534240E+06
           Stress_EigVec1 =  5.0101179454E-01  2.7102561177E-01 -8.2190771957E-01
           Stress_EigVec2 =  8.6534719197E-01 -1.4294038980E-01  4.8035641175E-01
           Stress_EigVec3 = -1.2705080548E-02  9.5189976506E-01  3.0614607331E-01
           -DivStress =  4.4152245224E+03 -1.1995989821E+06 -3.7815847862E+05
           ESP =  -6.4349619284E+01     ESP at Nucleus =  -6.4349619321E+01
           ESPe = -7.3988973939E+01     ESPe at Nucleus = -7.3988972746E+01
           ESPn =  9.6393546550E+00     ESPn at Nucleus =  9.6393534246E+00

CP# 15     Coords =  4.32616355166660E+00  3.38443586877756E+00 -1.25245560122643E+00
           Type = (3,-3) NACP Cl15
           Rho =  3.0207395612E+03     Rho at Nucleus =  3.0207395488E+03
           GradRho =  8.2042241490E-10  4.9191052475E-09  3.2885983268E-09
           HessRho_EigVals = -3.0377743178E+07 -3.0377301062E+07 -3.0377268146E+07
           HessRho_EigVec1 =  4.1825953664E-01  7.1595964671E-01 -5.5898188190E-01
           HessRho_EigVec2 =  8.7141627167E-01 -1.4263390840E-01  4.6934981586E-01
           HessRho_EigVec3 =  2.5630575780E-01 -6.8341594396E-01 -6.8355687844E-01
           DelSqRho = -9.1132312386E+07
           Bond Ellipticity = NA
           V = -2.2810286092E+07
           G =  1.3603997774E+04
           K =  2.2796682094E+07
           L =  2.2783078097E+07
           Vnuc =  1.8819303603E+07
           Ven = -5.6848214908E+10
           Vrep =  5.6825404622E+10
           DelSqV =  4.3102654964E+12
           DelSqVen =  1.7150466956E+15
           DelSqVrep = -1.7107364301E+15
           DelSqG =  2.2935798236E+11
           DelSqK = -4.5396234787E+12
           Stress_EigVals = -7.6034712279E+06 -7.6034629897E+06 -7.6033518745E+06
           Stress_EigVec1 =  2.5633455664E-01 -6.8335297499E-01 -6.8360903055E-01
           Stress_EigVec2 =  8.7141449433E-01 -1.4264633645E-01  4.6934933873E-01
           Stress_EigVec3 =  4.1824559070E-01  7.1601727233E-01 -5.5891850174E-01
           -DivStress =  5.2477334725E+05  9.0321456539E+05 -6.9179027901E+05
           ESP =  -6.4348553149E+01     ESP at Nucleus =  -6.4348553186E+01
           ESPe = -7.3644516371E+01     ESPe at Nucleus = -7.3644515156E+01
           ESPn =  9.2959632217E+00     ESPn at Nucleus =  9.2959619697E+00

CP# 16     Coords = -3.91989424658049E-01  1.01353577886314E+00  3.10171793454299E+00
           Type = (3,-3) NACP H16
           Rho =  4.2588040322E-01     Rho at Nucleus =  4.2222470791E-01
           GradRho =  3.8145086372E-09 -9.8405427960E-10 -3.1505986006E-10
           HessRho_EigVals = -6.4852057132E+00 -6.4778812372E+00 -5.8850451144E+00
           HessRho_EigVec1 =  1.1325928466E-01  1.1830885594E-01  9.8649650230E-01
           HessRho_EigVec2 =  2.3622556542E-01  9.6120787379E-01 -1.4239699999E-01
           HessRho_EigVec3 =  9.6507503163E-01 -2.4916347639E-01 -8.0918139805E-02
           DelSqRho = -1.8848132065E+01
           Bond Ellipticity = NA
           V = -4.7217380005E+00
           G =  4.8524921362E-03
           K =  4.7168855083E+00
           L =  4.7120330162E+00
           Vnuc =  4.4340467680E+01
           Ven = -1.8883736254E+01
           Vrep =  1.4161998254E+01
           DelSqV =  7.0985690347E+02
           DelSqVen =  8.3573499716E+02
           DelSqVrep = -1.2587809369E+02
           DelSqG =  6.9876366702E+01
           DelSqK = -7.7973327017E+02
           Stress_EigVals = -1.6243487983E+00 -1.6234130791E+00 -1.4739761231E+00
           Stress_EigVec1 =  1.1234665181E-01  1.1410240188E-01  9.8709618159E-01
           Stress_EigVec2 =  2.3671620659E-01  9.6171254991E-01 -1.3811013318E-01
           Stress_EigVec3 =  9.6506148372E-01 -2.4917787469E-01 -8.1035297249E-02
