AIMSum (Version 19.02.13, Professional)
Copyright (c) 1997-2019 by Todd A. Keith
AIMSum is a component of the AIMAll package ( http://aim.tkgristmill.com )

TP:  64-bit Linux

Much of the Quantum Theory of Atoms in Molecules (QTAIM) is described in the book:
  "Atoms in Molecules - A Quantum Theory"
  R.F.W. Bader, Oxford University Press, Oxford, 1990

For additional references see:  http://aim.tkgristmill.com/references.html

Wfn File:  /home/mhennefarth/Documents/ML_Diels/summary-levandowski2016/43-opt/43-opt.wfn
Sum File:  /home/mhennefarth/Documents/ML_Diels/summary-levandowski2016/43-opt/43-opt.sum

SumViz File:  /home/mhennefarth/Documents/ML_Diels/summary-levandowski2016/43-opt/43-opt.sumviz

Wfn Title:   Title Card Required                                                           
 
Total memory allocated for AIMSum =        0.953 Megabytes

Atomic units (a.u.) used throughout, except where stated otherwise

Model:  Restricted SCF
 
Restricted, closed-shell, single-determinant wavefunction.
  Number of electrons (from MO Occs)                   =         100.0000000000
  Number of Alpha electrons (from MO Occs)             =          50.0000000000
  Number of Beta electrons (from MO Occs)              =          50.0000000000
  Number of electron pairs (N*(N-1)/2)                 =        4950.0000000000
  Number of electron pairs (from Muller 2EDM)          =        4950.0000000000
 
Nuclear Charges and Cartesian Coordinates:
-------------------------------------------------------------------------------
Atom      Charge                X                  Y                  Z
-------------------------------------------------------------------------------
C1         6.0          -7.1679674800E+00   2.2078936400E+00  -2.0603540000E-02
H2         1.0          -7.4335064000E+00   4.2393237500E+00   1.0693422000E-01
C3         6.0          -5.1548918900E+00   1.0728238000E+00   1.0111043200E+00
H4         1.0          -3.8018679000E+00   2.2118728700E+00   2.0642090600E+00
C5         6.0          -5.2789426700E+00  -3.2432997700E+00  -9.2484432000E-01
H6         1.0          -4.8202687300E+00  -5.2420091200E+00  -8.3549501000E-01
C7         6.0          -4.5921140100E+00  -1.6464844900E+00   9.1573950000E-01
H8         1.0          -3.4721528600E+00  -2.3689682400E+00   2.4854053200E+00
C9         6.0           2.2222130200E+00   1.3140366600E+00  -7.3093871000E-01
C10        6.0           2.4980982800E+00  -1.1216443800E+00  -3.0568907000E-01
C11        6.0           2.5256275200E+00   5.3860311000E-01   1.9068796700E+00
H12        1.0          -6.3067132300E+00  -2.6058461000E+00  -2.5860568000E+00
H13        1.0          -8.6279399200E+00   1.1471145500E+00  -1.0031211500E+00
Cl14      17.0           2.7123573000E+00  -4.1050864000E+00  -1.4619617600E+00
Cl15      17.0           1.8187334900E+00   3.7082598600E+00  -2.8265768700E+00
F16        9.0           5.8126081000E-01   6.1129112000E-01   3.5927015200E+00
F17        9.0           4.6544913000E+00   1.0145968900E+00   3.2476755900E+00
 
Some Atomic Properties:
----------------------
  q(A) = Net Charge of Atom A
  L(A) = Lagrangian of Atom A = -(1/4) Times Atomic Integral of the Laplacian of the Electron Density
  K(A) = Electronic Kinetic Energy of Atom A (Hamiltonian Form)
  K_Scaled(A) = K(A) * E(Mol)/K(Mol) = Approximation to Virial-Based Total Energy of Atom A.
  |Mu_Intra(A)| = Magnitude of Intraatomic Dipole Moment of Atom A
--------------------------------------------------------------------------------------------------
Atom A          q(A)              L(A)              K(A)          K_Scaled(A)      |Mu_Intra(A)|
--------------------------------------------------------------------------------------------------
C1       -8.9253411200E-02 -8.1717766103E-05  3.7705095236E+01 -3.7889462971E+01  1.0582495087E-01
H2        4.1427538170E-02  2.1392300659E-05  5.9520156532E-01 -5.9811194027E-01  1.4832621666E-01
C3       -3.0458637800E-02 -8.1201931779E-05  3.7703616494E+01 -3.7887976999E+01  8.1887816266E-02
H4        4.4810600390E-02  1.9182914116E-05  6.0019821388E-01 -6.0313302109E-01  1.4044697888E-01
C5       -9.1932836600E-02  2.1725488805E-05  3.7705272588E+01 -3.7889641191E+01  1.0623086948E-01
H6        4.1248820050E-02  2.2090225702E-05  5.9522349671E-01 -5.9813397889E-01  1.4842268062E-01
C7       -3.1041987700E-02  1.8206133076E-04  3.7703625011E+01 -3.7887985557E+01  7.5125890748E-02
H8        4.1710877970E-02  3.7270100004E-05  6.0086211339E-01 -6.0380016689E-01  1.4464318200E-01
C9        8.5942883600E-02  1.2831756792E-05  3.7681191611E+01 -3.7865442464E+01  7.8203821855E-02
C10       8.6808361700E-02 -4.0728171866E-06  3.7680653271E+01 -3.7864901492E+01  7.8610627372E-02
C11       1.2516547242E+00 -1.9390940437E-04  3.6867482373E+01 -3.7047754408E+01  6.0672128075E-01
H12       3.9787499620E-02  1.2670917476E-05  5.9496710399E-01 -5.9787633249E-01  1.4903783750E-01
H13       3.9832670740E-02  2.1972844181E-05  5.9499134598E-01 -5.9790069301E-01  1.4892675781E-01
Cl14     -8.6010979000E-02 -3.4814861284E-06  4.5886203367E+02 -4.6110574512E+02  1.7134905630E-01
Cl15     -8.5235872000E-02 -6.1191027101E-06  4.5886146492E+02 -4.6110517359E+02  1.6949166147E-01
F16      -6.3371242080E-01  3.3425551152E-05  9.9566878602E+01 -1.0005373376E+02  2.8249320636E-01
F17      -6.2546944230E-01  5.4070217265E-05  9.9591095791E+01 -1.0007806936E+02  3.1201765161E-01
--------------------------------------------------------------------------------------------------
Total     1.0838904000E-04  6.8191138635E-05  1.3835098534E+03 -1.3902748430E+03
 
1st Largest |L(A)| = 1.9390940437E-04, atom C11     
2nd Largest |L(A)| = 1.8206133076E-04, atom C7      
 
Molecular charge q(Mol) from the wfn file:   0.0000000000E+00
Molecular energy E(Mol) from the wfn file:  -1.3902748430E+03
Molecular virial ratio (-V(Mol)/T(Mol)) from the wfn file:   2.0048897300E+00
Note.  K_Scaled(A) = (1+V(Mol)/T(Mol))*K(A) = (E(Mol)/T(Mol))*K(A)
       Only use K_Scaled(A) data with caution.
 
N_AIMInt(SumA)     =         99.999892
N_Analytic(Mol)    =         99.999989
 
G_AIMInt(SumA)     =       1383.509785
G_Analytic(Mol)    =       1383.509823
 
K_AIMInt(SumA)     =       1383.509853
K_Analytic(Mol)    =       1383.509823
 
L_AIMInt(SumA)     =          0.000068
L_Analytic(Mol)    =          0.000000
 
VenT_AIMInt(SumA)  =      -4779.687573
VenT_Analytic(Mol) =      -4779.689360
 
Some Information About the Atomic Calculations:
----------------------------------------------
  Time(sec) = "Elapsed User Time", in Seconds, for Atom A by AIMInt and, if used, by TWOe
  NProc = Number of Processors Used for AIMInt Job
  BIM = Basin Integration Method
  OAQ = Angular Quadrature Outside of Beta Sphere
  ORQ = Multiple of Default for Radial Quadrature Outside of Beta Sphere
  IAQ = Multiple of Default for Angular Quadrature Inside of Beta Sphere
  IRQ = Multiple of Default for Radial Quadrature Inside of Beta Sphere
  MIR = Maximum Integration Radius
------------------------------------------------------------------------------------------------------
Atom A     Time(sec)   NProc      BIM          OAQ                     ORQ      IAQ      IRQ      MIR
------------------------------------------------------------------------------------------------------
C1             24        8     Proaim(5)    4500(GS4)                  1.00     1.00     1.00    13.00
H2              6        8     Proaim(5)    1800(GS4)                  1.00     1.00     1.00    13.00
C3             33        8     Proaim(5)    4500(GS4)                  1.00     1.00     1.00    13.00
H4             22        8     Proaim(5)    4500(GS4)                  1.00     1.00     1.00    13.00
C5             37        8     Proaim(5)    4500(GS4)                  1.00     1.00     1.00    13.00
H6              6        8     Proaim(5)    1800(GS4)                  1.00     1.00     1.00    13.00
C7             57        8     Proaim(5)    4500(GS4)                  1.00     1.00     1.00    13.00
H8             15        8     Proaim(5)    4500(GS4)                  1.00     1.00     1.00    13.00
C9             30        8     Proaim(5)    4500(GS4)                  1.00     1.00     1.00    13.00
C10            54        8     Proaim(5)    4500(GS4)                  1.00     1.00     1.00    13.00
C11            37        8     Proaim(5)    5400(GS5)                  1.00     1.00     1.00    13.00
H12             8        8     Proaim(5)    1800(GS4)                  1.00     1.00     1.00    13.00
H13             7        8     Proaim(5)    1800(GS4)                  1.00     1.00     1.00    13.00
Cl14           26        8     Proaim(5)    3150(GS4)                  1.00     1.00     1.00    13.00
Cl15           17        8     Proaim(5)    3150(GS4)                  1.00     1.00     1.00    13.00
F16            31        8     Proaim(5)    4500(GS4)                  1.00     1.00     1.00    13.00
F17            10        8     Proaim(5)    2700(GS4)                  1.00     1.00     1.00    13.00
------------------------------------------------------------------------------------------------------
Total         420
Note:  Total wall clock time is less than total of atomic times if more than one atom
       was calculated at a time
 
Electron Density Critical Point Analysis of Molecular Structure:               
---------------------------------------------------------------                
  NACP = Nuclear Attractor Critical Point                                      
  NNACP = Non-Nuclear Attractor Critical Point                                 
  BCP = Bond Critical Point                                                    
  RCP = Ring Critical Point                                                    
  CCP = Cage Critical Point                                                    
  Rho = Electron Density                                                       
  GradRho = Gradient of Electron Density                                       
  HessRho_EigVals = Eigenvalues of the Hessian of Rho, Ascending Order         
  HessRho_EigVecs = Eigenvectors of the Hessian of Rho                         
  DelSqRho = Laplacian of Rho = Trace of Hessian of Rho                        
  Bond Ellipticity = (HessRho_EigVal(1) / HessRho_EigVal(2)) - 1               
  V = Virial Field = Potential Energy Density = Trace of Stress Tensor         
  G = Lagrangian Form of Kinetic Energy Density                                
  K = Hamiltonian Form of Kinetic Energy Density                               
  L = K - G = Lagrangian Density = (-1/4)DelSqRho                              
  Vnuc = Electrostatic Potential from Nuclei                                   
  Ven = Electron-nuclear attractive contribution to Virial Field V             
  Vrep = V - Ven = Repulsive contribution to Virial Field V                    
  DelSqV = Laplacian of V                                                      
  DelSqVen = Laplacian of Ven                                                  
  DelSqVrep = Laplacian of Vrep                                                
  DelSqG = Laplacian of G                                                      
  DelSqK = Laplacian of K                                                      
  Stress_EigVals = Eigenvalues of Stress Tensor, Ascending Order               
  Stress_EigVecs = Eigenvectors of Stress Tensor                               
  -DivStress = Ehrenfest Force Density = Minus Divergence of Stress Tensor     
  ESP = Total Electrostatic Potential                                          
  ESPe = Electrostatic Potential from Electrons                                
  ESPn = Electrostatic Potential from Nuclei                                   
  BP = Bond Path                                                               
  BPL = Bond Path Length                                                       
  GBL = Geometric Bond Length                                                  
  GBL_I = Distance Between Nuclear Attractors                                  
  GBL_II = Distance Between Nuclei                                             
  GBL_III = Sum of Distances Between BCP and Nuclear Attractors                
  GBL_IV = Sum of Distances Between BCP and Nuclei                             

CP# 1      Coords = -7.16796814294212E+00  2.20789416051366E+00 -2.06040372796180E-02
           Type = (3,-3) NACP C1
           Rho =  1.1767572093E+02     Rho at Nucleus =  1.1767572086E+02
           GradRho = -1.1491903262E-10  8.9998772324E-11 -1.0667638994E-10
           HessRho_EigVals = -1.4500299744E+05 -1.4500206744E+05 -1.4500189137E+05
           HessRho_EigVec1 = -4.5720018531E-01 -9.3408497874E-02  8.8444493502E-01
           HessRho_EigVec2 =  3.6188363032E-01  8.8888072424E-01  2.8094714125E-01
           HessRho_EigVec3 = -8.1240890484E-01  4.4851522894E-01 -3.7259342553E-01
           DelSqRho = -4.3500695624E+05
           Bond Ellipticity = NA
           V = -1.0876197434E+05
           G =  5.1176379520E+00
           K =  1.0875685670E+05
           L =  1.0875173906E+05
           Vnuc =  6.1310424660E+06
           Ven = -7.2147484224E+08
           Vrep =  7.2136608027E+08
           DelSqV =  2.4952265370E+09
           DelSqVen =  2.6670465024E+12
           DelSqVrep = -2.6645512759E+12
           DelSqG =  1.3403029424E+08
           DelSqK = -2.6292568313E+09
           Stress_EigVals = -3.6254237626E+04 -3.6254130420E+04 -3.6253606290E+04
           Stress_EigVec1 = -7.8905316586E-01  4.8673418031E-01 -3.7481320571E-01
           Stress_EigVec2 =  3.8309085163E-01  8.6681622577E-01  3.1917241446E-01
           Stress_EigVec3 = -4.8024629187E-01 -1.0825649390E-01  8.7042749880E-01
           -DivStress =  5.4013143736E+02 -4.2387151634E+02  4.0328263210E+02
           ESP =  -1.4747223019E+01     ESP at Nucleus =  -1.4747223032E+01
           ESPe = -2.7912097197E+01     ESPe at Nucleus = -2.7912098779E+01
           ESPn =  1.3164874178E+01     ESPn at Nucleus =  1.3164875747E+01

CP# 2      Coords = -7.42904915154418E+00  4.20471346018835E+00  1.04731118000248E-01
           Type = (3,-3) NACP H2
           Rho =  4.2563279672E-01     Rho at Nucleus =  4.2194125174E-01
           GradRho =  1.2017903720E-09 -9.3305111608E-09 -5.9444604989E-10
           HessRho_EigVals = -6.4820034051E+00 -6.4756880538E+00 -5.8818533623E+00
           HessRho_EigVec1 =  8.4331396481E-01  7.5848065154E-02  5.3204194173E-01
           HessRho_EigVec2 = -5.2182208394E-01 -1.2122540433E-01  8.4439689368E-01
           HessRho_EigVec3 = -1.2854287012E-01  9.8972292706E-01  6.2651880944E-02
           DelSqRho = -1.8839544821E+01
           Bond Ellipticity = NA
           V = -4.7191892665E+00
           G =  4.6515306185E-03
           K =  4.7145377359E+00
           L =  4.7098862053E+00
           Vnuc =  4.2005296916E+01
           Ven = -1.7878832003E+01
           Vrep =  1.3159642737E+01
           DelSqV =  7.0940285977E+02
           DelSqVen =  7.9136068935E+02
           DelSqVrep = -8.1957829581E+01
           DelSqG =  6.9829944163E+01
           DelSqK = -7.7923280393E+02
           Stress_EigVals = -1.6238143470E+00 -1.6233298174E+00 -1.4720451021E+00
           Stress_EigVec1 =  8.9123271860E-01  8.9141718272E-02  4.4469989360E-01
           Stress_EigVec2 = -4.3454933388E-01 -1.1296972686E-01  8.9353495580E-01
           Stress_EigVec3 = -1.2988886681E-01  9.8959163036E-01  6.1945842496E-02
           -DivStress = -1.0080585861E+00  7.8192810842E+00  4.9697791573E-01
           ESP =  -1.1099397447E+00     ESP at Nucleus =  -1.1124088461E+00
           ESPe = -1.4515695317E+01     ESPe at Nucleus = -1.4435231472E+01
           ESPn =  1.3405755572E+01     ESPn at Nucleus =  1.3322822626E+01

CP# 3      Coords = -5.15489116597259E+00  1.07282250940390E+00  1.01110466316083E+00
           Type = (3,-3) NACP C3
           Rho =  1.1766205885E+02     Rho at Nucleus =  1.1766205868E+02
           GradRho =  4.2454789510E-10 -6.7961956592E-10  1.9053168071E-10
           HessRho_EigVals = -1.4497947571E+05 -1.4497851626E+05 -1.4497816915E+05
           HessRho_EigVec1 = -5.2426523768E-01 -1.9347489485E-01  8.2928488809E-01
           HessRho_EigVec2 =  7.5578913266E-03 -9.7486651077E-01 -2.2266154687E-01
           HessRho_EigVec3 =  8.5152148466E-01 -1.1046606373E-01  5.1255088521E-01
           DelSqRho = -4.3493616112E+05
           Bond Ellipticity = NA
           V = -1.0874425658E+05
           G =  5.1081495710E+00
           K =  1.0873914843E+05
           L =  1.0873404028E+05
           Vnuc =  3.9497668790E+06
           Ven = -4.6473770295E+08
           Vrep =  4.6462895869E+08
           DelSqV =  2.4948144196E+09
           DelSqVen =  1.7178964787E+12
           DelSqVrep = -1.7154016643E+12
           DelSqG =  1.3400143924E+08
           DelSqK = -2.6288158588E+09
           Stress_EigVals = -3.6248362004E+04 -3.6248196873E+04 -3.6247697703E+04
           Stress_EigVec1 = -8.4845870969E-01  2.0791828844E-01 -4.8671121139E-01
           Stress_EigVec2 =  8.9972362381E-02  9.6288119284E-01  2.5448925810E-01
           Stress_EigVec3 = -5.2155804276E-01 -1.7213307007E-01  8.3567183405E-01
           -DivStress = -5.8459026032E+02  1.0506889886E+03 -2.7721410669E+02
           ESP =  -1.4738715790E+01     ESP at Nucleus =  -1.4738715807E+01
           ESPe = -3.0509933006E+01     ESPe at Nucleus = -3.0509932171E+01
           ESPn =  1.5771217215E+01     ESPn at Nucleus =  1.5771216364E+01

CP# 4      Coords = -3.82464709613415E+00  2.19265623403490E+00  2.04646987297744E+00
           Type = (3,-3) NACP H4
           Rho =  4.2895380116E-01     Rho at Nucleus =  4.2528168036E-01
           GradRho = -4.2561012618E-09 -3.5959533333E-09 -3.3150289484E-09
           HessRho_EigVals = -6.5540043018E+00 -6.5461028594E+00 -5.9494558194E+00
           HessRho_EigVec1 =  5.2212655592E-01 -8.2255549368E-01  2.2535820247E-01
           HessRho_EigVec2 = -5.4542880946E-01 -1.1890714628E-01  8.2967976013E-01
           HessRho_EigVec3 =  6.5566094395E-01  5.5611469175E-01  5.1073004239E-01
           DelSqRho = -1.9049562981E+01
           Bond Ellipticity = NA
           V = -4.7715406735E+00
           G =  4.5749641656E-03
           K =  4.7669657093E+00
           L =  4.7623907452E+00
           Vnuc =  4.6067760501E+01
           Ven = -1.9760940977E+01
           Vrep =  1.4989400304E+01
           DelSqV =  7.1769827986E+02
           DelSqVen =  8.7757071579E+02
           DelSqVrep = -1.5987243593E+02
           DelSqG =  7.0854595466E+01
           DelSqK = -7.8855287533E+02
           Stress_EigVals = -1.6416420396E+00 -1.6405407738E+00 -1.4893578601E+00
           Stress_EigVec1 =  5.6878731436E-01 -8.0903024524E-01  1.4815887863E-01
           Stress_EigVec2 = -4.9562892760E-01 -1.9338802548E-01  8.4673079413E-01
           Stress_EigVec3 =  6.5637866903E-01  5.5504156051E-01  5.1097544848E-01
           -DivStress =  5.2026936142E+00  4.3876983379E+00  4.0511687250E+00
           ESP =  -1.1132537011E+00     ESP at Nucleus =  -1.1157021094E+00
           ESPe = -1.8347715545E+01     ESPe at Nucleus = -1.8287735072E+01
           ESPn =  1.7234461844E+01     ESPn at Nucleus =  1.7172032963E+01

CP# 5      Coords = -5.27894302034041E+00 -3.24330046140297E+00 -9.24844903926621E-01
           Type = (3,-3) NACP C5
           Rho =  1.1767578842E+02     Rho at Nucleus =  1.1767578835E+02
           GradRho = -3.5403985299E-11 -1.2510950609E-10 -1.1767528618E-10
           HessRho_EigVals = -1.4500321739E+05 -1.4500229017E+05 -1.4500211576E+05
           HessRho_EigVec1 =  8.9246924162E-01  1.6806249066E-01 -4.1863307561E-01
           HessRho_EigVec2 = -3.8658203630E-01  7.6321350892E-01 -5.1774459825E-01
           HessRho_EigVec3 =  2.3249297188E-01  6.2390715578E-01  7.4611452137E-01
           DelSqRho = -4.3500762332E+05
           Bond Ellipticity = NA
           V = -1.0876214019E+05
           G =  5.1171784327E+00
           K =  1.0875702301E+05
           L =  1.0875190583E+05
           Vnuc =  6.1827995856E+06
           Ven = -7.2756581590E+08
           Vrep =  7.2745705376E+08
           DelSqV =  2.4952304774E+09
           DelSqVen =  2.6895646310E+12
           DelSqVrep = -2.6870694006E+12
           DelSqG =  1.3403063680E+08
           DelSqK = -2.6292611142E+09
           Stress_EigVals = -3.6254292024E+04 -3.6254185682E+04 -3.6253662482E+04
           Stress_EigVec1 =  2.3205416795E-01  6.6166684460E-01  7.1298516807E-01
           Stress_EigVec2 = -4.2075138370E-01  7.2915139617E-01 -5.3972818582E-01
           Stress_EigVec3 =  8.7699437641E-01  1.7474332094E-01 -4.4759986097E-01
           -DivStress =  2.8436847923E+02  5.6292930695E+02  4.7530437829E+02
           ESP =  -1.4746343615E+01     ESP at Nucleus =  -1.4746343627E+01
           ESPe = -2.8832883425E+01     ESPe at Nucleus = -2.8832885024E+01
           ESPn =  1.4086539810E+01     ESPn at Nucleus =  1.4086541396E+01

CP# 6      Coords = -4.82809766997219E+00 -5.20797058361851E+00 -8.37089204959255E-01
           Type = (3,-3) NACP H6
           Rho =  4.2565333679E-01     Rho at Nucleus =  4.2196181387E-01
           GradRho = -1.3662618918E-09  5.9390381555E-09 -2.7806518438E-10
           HessRho_EigVals = -6.4826325706E+00 -6.4762856035E+00 -5.8824971316E+00
           HessRho_EigVec1 =  4.7687265125E-01  1.4909535379E-01  8.6623498542E-01
           HessRho_EigVec2 =  8.5005362959E-01  1.7248442220E-01 -4.9765243988E-01
           HessRho_EigVec3 = -2.2360970754E-01  9.7366303184E-01 -4.4485942931E-02
           DelSqRho = -1.8841415306E+01
           Bond Ellipticity = NA
           V = -4.7196782255E+00
           G =  4.6621995242E-03
           K =  4.7150160260E+00
           L =  4.7103538265E+00
           Vnuc =  4.3053832379E+01
           Ven = -1.8326007414E+01
           Vrep =  1.3606329188E+01
           DelSqV =  7.0947977199E+02
           DelSqVen =  8.1119514631E+02
           DelSqVrep = -1.0171537432E+02
           DelSqG =  6.9841192254E+01
           DelSqK = -7.7932096424E+02
           Stress_EigVals = -1.6239720999E+00 -1.6234968074E+00 -1.4722093182E+00
           Stress_EigVec1 = -3.8081664466E-01 -1.2774026736E-01 -9.1578442182E-01
           Stress_EigVec2 =  8.9735553141E-01  1.8780950393E-01 -3.9935027291E-01
           Stress_EigVec3 = -2.2300612860E-01  9.7386344748E-01 -4.3107450379E-02
           -DivStress =  1.7682924762E+00 -7.6911743843E+00  3.5909537448E-01
           ESP =  -1.1089603195E+00     ESP at Nucleus =  -1.1114280516E+00
           ESPe = -1.5561646897E+01     ESPe at Nucleus = -1.5482264959E+01
           ESPn =  1.4452686577E+01     ESPn at Nucleus =  1.4370836907E+01

CP# 7      Coords = -4.59211390483637E+00 -1.64648314611940E+00  9.15740049761795E-01
           Type = (3,-3) NACP C7
           Rho =  1.1766375242E+02     Rho at Nucleus =  1.1766375227E+02
           GradRho =  5.0213739416E-12  6.3594968267E-10  2.5764181066E-10
           HessRho_EigVals = -1.4498158666E+05 -1.4498060220E+05 -1.4498027061E+05
           HessRho_EigVec1 =  8.2387900526E-01  2.3777438026E-01 -5.1447714117E-01
           HessRho_EigVec2 = -3.8047881851E-01  9.0482661594E-01 -1.9111426883E-01
           HessRho_EigVec3 =  4.2007053380E-01  3.5320268852E-01  8.3593576754E-01
           DelSqRho = -4.3494245947E+05
           Bond Ellipticity = NA
           V = -1.0874582646E+05
           G =  5.1057987448E+00
           K =  1.0874072067E+05
           L =  1.0873561487E+05
           Vnuc =  4.1215013784E+06
           Ven = -4.8495131779E+08
           Vrep =  4.8484257196E+08
           DelSqV =  2.4948503354E+09
           DelSqVen =  1.7926162022E+12
           DelSqVrep = -1.7901213847E+12
           DelSqG =  1.3400337071E+08
           DelSqK = -2.6288537061E+09
           Stress_EigVals = -3.6248884076E+04 -3.6248724129E+04 -3.6248218259E+04
           Stress_EigVec1 =  3.7902330347E-01  4.3628520110E-01  8.1608612212E-01
           Stress_EigVec2 = -4.0246147027E-01  8.7183149139E-01 -2.7916771942E-01
           Stress_EigVec3 =  8.3328632556E-01  2.2263214934E-01 -5.0603243543E-01
           -DivStress = -8.2006798693E+01 -1.0926582564E+03 -4.4408651372E+02
           ESP =  -1.4737570950E+01     ESP at Nucleus =  -1.4737570966E+01
           ESPe = -3.0838966517E+01     ESPe at Nucleus = -3.0838966105E+01
           ESPn =  1.6101395566E+01     ESPn at Nucleus =  1.6101395138E+01

CP# 8      Coords = -3.49095747693078E+00 -2.35680843483142E+00  2.45908931504822E+00
           Type = (3,-3) NACP H8
           Rho =  4.2916290077E-01     Rho at Nucleus =  4.2551364821E-01
           GradRho =  3.1138286394E-16  1.2938868726E-15 -1.6237011735E-15
           HessRho_EigVals = -6.5600656770E+00 -6.5522504367E+00 -5.9573508673E+00
           HessRho_EigVec1 =  5.8431836004E-02  9.2040313279E-01  3.8657960849E-01
           HessRho_EigVec2 =  8.3724038251E-01  1.6572328912E-01 -5.2111834869E-01
           HessRho_EigVec3 =  5.4370420491E-01 -3.5410996117E-01  7.6091515490E-01
           DelSqRho = -1.9069666981E+01
           Bond Ellipticity = NA
           V = -4.7765118075E+00
           G =  4.5475311273E-03
           K =  4.7719642764E+00
           L =  4.7674167453E+00
           Vnuc =  4.6084453252E+01
           Ven = -1.9777737638E+01
           Vrep =  1.5001225830E+01
           DelSqV =  7.1860132398E+02
           DelSqVen =  8.7881517652E+02
           DelSqVrep = -1.6021385254E+02
           DelSqG =  7.0970411879E+01
           DelSqK = -7.8957173586E+02
           Stress_EigVals = -1.6431527033E+00 -1.6420633013E+00 -1.4912958029E+00
           Stress_EigVec1 = -1.8371681014E-02  9.0208515287E-01  4.3116685669E-01
           Stress_EigVec2 =  8.3896732432E-01  2.4848732948E-01 -4.8413621617E-01
           Stress_EigVec3 =  5.4387159335E-01 -3.5284050797E-01  7.6138509697E-01
           -DivStress =  4.2991716616E+00 -2.7790436665E+00  6.0163822260E+00
           ESP =  -1.1122418512E+00     ESP at Nucleus =  -1.1146760681E+00
           ESPe = -1.8256821034E+01     ESPe at Nucleus = -1.8187712934E+01
           ESPn =  1.7144579183E+01     ESPn at Nucleus =  1.7073036866E+01

CP# 9      Coords =  2.22221254920996E+00  1.31403958290905E+00 -7.30940726199614E-01
           Type = (3,-3) NACP C9
           Rho =  1.1761039738E+02     Rho at Nucleus =  1.1761039645E+02
           GradRho =  1.1811131039E-11 -1.3797995380E-11 -4.6965953076E-12
           HessRho_EigVals = -1.4490388626E+05 -1.4490269492E+05 -1.4490172582E+05
           HessRho_EigVec1 =  1.2989259828E-01 -6.8656617227E-01  7.1537039637E-01
           HessRho_EigVec2 = -9.9149270900E-01 -9.6031827034E-02  8.7864077916E-02
           HessRho_EigVec3 = -8.3738225137E-03  7.2069742561E-01  6.9319917759E-01
           DelSqRho = -4.3470830700E+05
           Bond Ellipticity = NA
           V = -1.0868738671E+05
           G =  5.1549800487E+00
           K =  1.0868223173E+05
           L =  1.0867707675E+05
           Vnuc =  1.6751029203E+06
           Ven = -1.9700952011E+08
           Vrep =  1.9690083273E+08
           DelSqV =  2.4934996211E+09
           DelSqVen =  7.2818114867E+11
           DelSqVrep = -7.2568764905E+11
           DelSqG =  1.3391930203E+08
           DelSqK = -2.6274189231E+09
           Stress_EigVals = -3.6229390601E+04 -3.6229028161E+04 -3.6228967948E+04
           Stress_EigVec1 = -3.1279426317E-02  8.2710493507E-01  5.6117646412E-01
           Stress_EigVec2 =  1.1040347027E-01 -5.5515650161E-01  8.2438603365E-01
           Stress_EigVec3 =  9.9339451943E-01  8.7742151271E-02 -7.3950278225E-02
           -DivStress =  3.8254670173E+02 -2.3706401537E+03  1.6305006647E+03
           ESP =  -1.4629255643E+01     ESP at Nucleus =  -1.4629255728E+01
           ESPe = -3.5036127591E+01     ESPe at Nucleus = -3.5036130623E+01
           ESPn =  2.0406871947E+01     ESPn at Nucleus =  2.0406874896E+01

CP# 10     Coords =  2.49809853120351E+00 -1.12164783997946E+00 -3.05689971958148E-01
           Type = (3,-3) NACP C10
           Rho =  1.1761080024E+02     Rho at Nucleus =  1.1761079931E+02
           GradRho = -2.7048230355E-11  1.2303993484E-11 -1.3532570645E-12
           HessRho_EigVals = -1.4490440120E+05 -1.4490321328E+05 -1.4490223987E+05
           HessRho_EigVec1 = -5.0834882932E-02  8.9723334283E-01  4.3862072819E-01
           HessRho_EigVec2 =  9.9110417700E-01  9.9411049377E-02 -8.8487024987E-02
           HessRho_EigVec3 =  1.2299725609E-01 -4.3022060827E-01  8.9430526288E-01
           DelSqRho = -4.3470985436E+05
           Bond Ellipticity = NA
           V = -1.0868777277E+05
           G =  5.1545884164E+00
           K =  1.0868261818E+05
           L =  1.0867746359E+05
           Vnuc =  1.6739299105E+06
           Ven = -1.9687223632E+08
           Vrep =  1.9676354855E+08
           DelSqV =  2.4935084812E+09
           DelSqVen =  7.2767383552E+11
           DelSqVrep = -7.2518032704E+11
           DelSqG =  1.3391979555E+08
           DelSqK = -2.6274282768E+09
           Stress_EigVals = -3.6229519703E+04 -3.6229157363E+04 -3.6229095701E+04
           Stress_EigVec1 =  1.2867473234E-01 -5.7714863123E-01  8.0643801419E-01
           Stress_EigVec2 = -4.5464721144E-02  8.0890993744E-01  5.8617205004E-01
           Stress_EigVec3 =  9.9064411995E-01  1.1209001108E-01 -7.7846368107E-02
           -DivStress = -2.0251325773E+02  2.8048969363E+03  7.2704424421E+02
           ESP =  -1.4629177041E+01     ESP at Nucleus =  -1.4629177125E+01
           ESPe = -3.5047478686E+01     ESPe at Nucleus = -3.5047481683E+01
           ESPn =  2.0418301645E+01     ESPn at Nucleus =  2.0418304557E+01

CP# 11     Coords =  2.52562775096196E+00  5.38604038596673E-01  1.90688483449773E+00
           Type = (3,-3) NACP C11
           Rho =  1.1732947044E+02     Rho at Nucleus =  1.1732946844E+02
           GradRho = -1.4026050822E-11 -7.1080801835E-12  3.0040414549E-12
           HessRho_EigVals = -1.4451514549E+05 -1.4451442205E+05 -1.4451214529E+05
           HessRho_EigVec1 =  9.8855739815E-01  9.1220463010E-02 -1.2013782787E-01
           HessRho_EigVec2 =  1.0199723162E-01  1.8254440601E-01  9.7789268561E-01
           HessRho_EigVec3 = -1.1113431198E-01  9.7895677482E-01 -1.7115138836E-01
           DelSqRho = -4.3354171283E+05
           Bond Ellipticity = NA
           V = -1.0839504303E+05
           G =  4.8074102556E+00
           K =  1.0839023562E+05
           L =  1.0838542821E+05
           Vnuc =  1.1423564125E+06
           Ven = -1.3403207292E+08
           Vrep =  1.3392367788E+08
           DelSqV =  2.4867825790E+09
           DelSqVen =  4.9525915238E+11
           DelSqVrep = -4.9277236981E+11
           DelSqG =  1.3351646734E+08
           DelSqK = -2.6202990463E+09
           Stress_EigVals = -3.6132032282E+04 -3.6131645602E+04 -3.6131365145E+04
           Stress_EigVec1 = -1.1108526850E-01  9.7892217403E-01 -1.7138098001E-01
           Stress_EigVec2 =  1.0110480477E-01  1.8268544185E-01  9.7795902153E-01
           Stress_EigVec3 =  9.8865458153E-01  9.1309399966E-02 -1.1926739665E-01
           -DivStress = -1.8598015357E+02 -7.4845350681E+02 -4.1628483839E+03
           ESP =  -1.4521626220E+01     ESP at Nucleus =  -1.4521626349E+01
           ESPe = -3.5303195303E+01     ESPe at Nucleus = -3.5303198566E+01
           ESPn =  2.0781569084E+01     ESPn at Nucleus =  2.0781572217E+01

CP# 12     Coords = -6.28927695947867E+00 -2.61676763907034E+00 -2.55783439779703E+00
           Type = (3,-3) NACP H12
           Rho =  4.2494650239E-01     Rho at Nucleus =  4.2126923139E-01
           GradRho =  2.5612650022E-15 -1.1301621802E-15  6.6248818497E-15
           HessRho_EigVals = -6.4709580737E+00 -6.4645627781E+00 -5.8728626297E+00
           HessRho_EigVec1 =  4.6454909465E-02  9.4105270350E-01  3.3505484718E-01
           HessRho_EigVec2 =  8.6491304129E-01  1.2991884827E-01 -4.8481596907E-01
           HessRho_EigVec3 =  4.9976731825E-01 -3.1231538883E-01  8.0789338747E-01
           DelSqRho = -1.8808383481E+01
           Bond Ellipticity = NA
           V = -4.7114901862E+00
           G =  4.6971579016E-03
           K =  4.7067930283E+00
           L =  4.7020958704E+00
           Vnuc =  4.3264935136E+01
           Ven = -1.8385282862E+01
           Vrep =  1.3673792676E+01
           DelSqV =  7.0827426787E+02
           DelSqVen =  8.1374349134E+02
           DelSqVrep = -1.0546922347E+02
           DelSqG =  6.9713024405E+01
           DelSqK = -7.7798729228E+02
           Stress_EigVals = -1.6210495400E+00 -1.6205218540E+00 -1.4699187922E+00
           Stress_EigVec1 = -3.5549837817E-02  9.2525500806E-01  3.7767628877E-01
           Stress_EigVec2 =  8.6598150334E-01  2.1714789281E-01 -4.5046956447E-01
           Stress_EigVec3 =  4.9881083078E-01 -3.1104656037E-01  8.0897329522E-01
           -DivStress = -3.9328591581E+00  2.4626353974E+00 -6.3661320014E+00
           ESP =  -1.1098242546E+00     ESP at Nucleus =  -1.1122715213E+00
           ESPe = -1.5742584064E+01     ESPe at Nucleus = -1.5663457503E+01
           ESPn =  1.4632759810E+01     ESPn at Nucleus =  1.4551185982E+01

CP# 13     Coords = -8.60313978771992E+00  1.16522294192208E+00 -9.86477339005759E-01
           Type = (3,-3) NACP H13
           Rho =  4.2499114283E-01     Rho at Nucleus =  4.2131293307E-01
           GradRho =  2.7901265283E-15 -2.9883322379E-17  4.0844606343E-16
           HessRho_EigVals = -6.4717417580E+00 -6.4653812998E+00 -5.8735246711E+00
           HessRho_EigVec1 =  4.7748695598E-01 -8.5198979952E-01  2.1475471678E-01
           HessRho_EigVec2 = -5.1777328867E-01 -7.5374078362E-02  8.5219104070E-01
           HessRho_EigVec3 =  7.0987113507E-01  5.1810436191E-01  4.7712769965E-01
           DelSqRho = -1.8810647729E+01
           Bond Ellipticity = NA
           V = -4.7120418059E+00
           G =  4.6899368227E-03
           K =  4.7073518690E+00
           L =  4.7026619322E+00
           Vnuc =  4.2331882090E+01
           Ven = -1.7990674948E+01
           Vrep =  1.3278633142E+01
           DelSqV =  7.0835665206E+02
           DelSqVen =  7.9629012170E+02
           DelSqVrep = -8.7933469639E+01
           DelSqG =  6.9722179757E+01
           DelSqK = -7.7807883182E+02
           Stress_EigVals = -1.6212479855E+00 -1.6207118003E+00 -1.4700820201E+00
           Stress_EigVec1 =  5.2012537246E-01 -8.4286510538E-01  1.3801453205E-01
           Stress_EigVec2 = -4.7294166142E-01 -1.4967109149E-01  8.6828840212E-01
           Stress_EigVec3 =  7.1119320990E-01  5.1689165065E-01  4.7647375550E-01
           -DivStress = -5.5949720117E+00 -4.0842242628E+00 -3.7547725290E+00
           ESP =  -1.1106861494E+00     ESP at Nucleus =  -1.1131338190E+00
           ESPe = -1.4812380046E+01     ESPe at Nucleus = -1.4734036669E+01
           ESPn =  1.3701693897E+01     ESPn at Nucleus =  1.3620902850E+01

CP# 14     Coords =  2.71235724306348E+00 -4.10508553027274E+00 -1.46196142294240E+00
           Type = (3,-3) NACP Cl14
           Rho =  3.0207993683E+03     Rho at Nucleus =  3.0207993550E+03
           GradRho = -2.9674006308E-10  8.2245257046E-11  4.6604758572E-11
           HessRho_EigVals = -3.0378389540E+07 -3.0377933248E+07 -3.0377897333E+07
           HessRho_EigVec1 = -6.6338486783E-02  9.2721630293E-01  3.6860430377E-01
           HessRho_EigVec2 =  9.8918458797E-01  1.0954662631E-01 -9.7536596187E-02
           HessRho_EigVec3 =  1.3081688004E-01 -3.5814726615E-01  9.2445523399E-01
           DelSqRho = -9.1134220121E+07
           Bond Ellipticity = NA
           V = -2.2810761030E+07
           G =  1.3603000059E+04
           K =  2.2797158030E+07
           L =  2.2783555030E+07
           Vnuc =  1.8191715983E+07
           Ven = -5.4953524149E+10
           Vrep =  5.4930713388E+10
           DelSqV =  4.3103550813E+12
           DelSqVen =  1.6578878856E+15
           DelSqVrep = -1.6535775389E+15
           DelSqG =  2.2936302547E+11
           DelSqK = -4.5397181067E+12
           Stress_EigVals = -7.6036312300E+06 -7.6036222445E+06 -7.6035075560E+06
           Stress_EigVec1 =  1.3090582728E-01 -3.5805454167E-01  9.2447856090E-01
           Stress_EigVec2 =  9.8917390086E-01  1.0955498165E-01 -9.7635546014E-02
           Stress_EigVec3 = -6.6322381094E-02  9.2725112628E-01  3.6851959321E-01
           -DivStress =  7.8865332690E+04 -1.2064814547E+06 -4.6758830456E+05
           ESP =  -6.4327845922E+01     ESP at Nucleus =  -6.4327845960E+01
           ESPe = -7.6200138267E+01     ESPe at Nucleus = -7.6200136781E+01
           ESPn =  1.1872292346E+01     ESPn at Nucleus =  1.1872290821E+01

CP# 15     Coords =  1.81873361294745E+00  3.70825916202427E+00 -2.82657625943514E+00
           Type = (3,-3) NACP Cl15
           Rho =  3.0208020313E+03     Rho at Nucleus =  3.0208020180E+03
           GradRho =  3.0850716218E-09  6.4981304056E-09 -4.9764527893E-09
           HessRho_EigVals = -3.0378416529E+07 -3.0377960363E+07 -3.0377923952E+07
           HessRho_EigVec1 = -1.2512760732E-01  7.4073467598E-01 -6.6004183329E-01
           HessRho_EigVec2 = -9.9210861307E-01 -8.8070798283E-02  8.9241438580E-02
           HessRho_EigVec3 =  7.9738169323E-03  6.6599975548E-01  7.4590934030E-01
           DelSqRho = -9.1134300844E+07
           Bond Ellipticity = NA
           V = -2.2810781062E+07
           G =  1.3602925489E+04
           K =  2.2797178136E+07
           L =  2.2783575211E+07
           Vnuc =  1.8172990783E+07
           Ven = -5.4897007472E+10
           Vrep =  5.4874196691E+10
           DelSqV =  4.3103588424E+12
           DelSqVen =  1.6561828423E+15
           DelSqVrep = -1.6518724835E+15
           DelSqG =  2.2936322711E+11
           DelSqK = -4.5397220695E+12
           Stress_EigVals = -7.6036379796E+06 -7.6036288693E+06 -7.6035142131E+06
           Stress_EigVec1 =  8.0433732249E-03  6.6593652617E-01  7.4596504426E-01
           Stress_EigVec2 = -9.9210513155E-01 -8.8049698672E-02  8.9300943560E-02
           Stress_EigVec3 = -1.2515075751E-01  7.4079402918E-01 -6.5997082831E-01
           -DivStress = -1.7064779871E+05  9.6821542323E+05 -8.4698690654E+05
           ESP =  -6.4327861977E+01     ESP at Nucleus =  -6.4327862015E+01
           ESPe = -7.6165245233E+01     ESPe at Nucleus = -7.6165243744E+01
           ESPn =  1.1837383257E+01     ESPn at Nucleus =  1.1837381728E+01

CP# 16     Coords =  5.81266082274541E-01  6.11290935740281E-01  3.59269677622248E+00
           Type = (3,-3) NACP F16
           Rho =  4.1867937398E+02     Rho at Nucleus =  4.1867934445E+02
           GradRho =  1.5587567431E-11  4.6147685174E-11  1.0026563640E-10
           HessRho_EigVals = -1.1735733322E+06 -1.1735302461E+06 -1.1735289377E+06
           HessRho_EigVec1 =  7.5755279106E-01 -2.8823901604E-02 -6.5213721827E-01
           HessRho_EigVec2 = -1.5277652673E-01  9.6344938921E-01 -2.2005591861E-01
           HessRho_EigVec3 =  6.3464407477E-01  2.6633523449E-01  7.2546015826E-01
           DelSqRho = -3.5206325159E+06
           Bond Ellipticity = NA
           V = -8.8039089972E+05
           G =  1.1638537006E+02
           K =  8.8027451435E+05
           L =  8.8015812898E+05
           Vnuc =  1.2685749588E+06
           Ven = -5.3112616958E+08
           Vrep =  5.3024577868E+08
           DelSqV =  4.6330936904E+10
           DelSqVen =  4.4661862400E+12
           DelSqVrep = -4.4198553036E+12
           DelSqG =  2.4679179001E+09
           DelSqK = -4.8798854804E+10
           Stress_EigVals = -2.9346746206E+05 -2.9346714484E+05 -2.9345629282E+05
           Stress_EigVec1 =  6.3475830429E-01  2.6864504383E-01  7.2450792650E-01
           Stress_EigVec2 = -1.5449323062E-01  9.6280969146E-01 -2.2165139234E-01
           Stress_EigVec3 =  7.5710880118E-01 -2.8763491773E-02 -6.5265528782E-01
