AIMSum (Version 19.02.13, Professional)
Copyright (c) 1997-2019 by Todd A. Keith
AIMSum is a component of the AIMAll package ( http://aim.tkgristmill.com )

TP:  64-bit Linux

Much of the Quantum Theory of Atoms in Molecules (QTAIM) is described in the book:
  "Atoms in Molecules - A Quantum Theory"
  R.F.W. Bader, Oxford University Press, Oxford, 1990

For additional references see:  http://aim.tkgristmill.com/references.html

Wfn File:  /home/mhennefarth/Documents/ML_Diels/summary-levandowski2016/44-opt/44-opt.wfn
Sum File:  /home/mhennefarth/Documents/ML_Diels/summary-levandowski2016/44-opt/44-opt.sum

SumViz File:  /home/mhennefarth/Documents/ML_Diels/summary-levandowski2016/44-opt/44-opt.sumviz

Wfn Title:   Title Card Required                                                           
 
Total memory allocated for AIMSum =        0.953 Megabytes

Atomic units (a.u.) used throughout, except where stated otherwise

Model:  Restricted SCF
 
Restricted, closed-shell, single-determinant wavefunction.
  Number of electrons (from MO Occs)                   =         100.0000000000
  Number of Alpha electrons (from MO Occs)             =          50.0000000000
  Number of Beta electrons (from MO Occs)              =          50.0000000000
  Number of electron pairs (N*(N-1)/2)                 =        4950.0000000000
  Number of electron pairs (from Muller 2EDM)          =        4950.0000000000
 
Nuclear Charges and Cartesian Coordinates:
-------------------------------------------------------------------------------
Atom      Charge                X                  Y                  Z
-------------------------------------------------------------------------------
C1         6.0          -5.0921398900E+00  -3.6473185000E+00  -8.4670147000E-01
H2         1.0          -5.1674993000E+00  -5.6056141400E+00  -1.4577244100E+00
C3         6.0          -7.0865080300E+00  -2.1132753100E+00  -1.1305956500E+00
H4         1.0          -8.7706374400E+00  -2.8646355300E+00  -2.0493059500E+00
C5         6.0          -5.7981706500E+00   1.7223388000E+00   1.3543427300E+00
H6         1.0          -6.0605530400E+00   3.7132359000E+00   1.7804763700E+00
C7         6.0          -7.2528503600E+00   5.5088181000E-01  -3.5606434000E-01
H8         1.0          -8.7482689400E+00   1.6360427500E+00  -1.2678775600E+00
C9         6.0           3.5163208800E+00  -5.9303776000E-01  -2.3116394000E-01
C10        6.0           2.1099942800E+00   1.4519979500E+00  -4.1652340000E-01
C11        6.0           2.0668004200E+00   1.2635865000E-01   2.0111860200E+00
H12        1.0          -3.3329584000E+00  -3.0133190600E+00   6.0662000000E-04
H13        1.0          -4.3117289700E+00   7.4821967000E-01   2.3826776500E+00
Cl14      17.0           5.5793655500E+00  -2.6409776600E+00  -1.5887515700E+00
Cl15      17.0           1.0691911800E+00   3.9191166200E+00  -2.1777275200E+00
F16        9.0           3.1595616300E+00   1.0730667100E+00   4.1220181600E+00
F17        9.0           1.6605240000E-02  -1.2208406800E+00   2.8040276300E+00
 
Some Atomic Properties:
----------------------
  q(A) = Net Charge of Atom A
  L(A) = Lagrangian of Atom A = -(1/4) Times Atomic Integral of the Laplacian of the Electron Density
  K(A) = Electronic Kinetic Energy of Atom A (Hamiltonian Form)
  K_Scaled(A) = K(A) * E(Mol)/K(Mol) = Approximation to Virial-Based Total Energy of Atom A.
  |Mu_Intra(A)| = Magnitude of Intraatomic Dipole Moment of Atom A
--------------------------------------------------------------------------------------------------
Atom A          q(A)              L(A)              K(A)          K_Scaled(A)      |Mu_Intra(A)|
--------------------------------------------------------------------------------------------------
C1       -9.0662170400E-02 -4.8089236045E-05  3.7708392983E+01 -3.7893142615E+01  1.1332699851E-01
H2        3.9273057150E-02  2.5600967675E-05  5.9620515641E-01 -5.9912622184E-01  1.4867572888E-01
C3       -2.9391071900E-02 -1.7312615364E-04  3.7698254229E+01 -3.7882954187E+01  6.6865854972E-02
H4        2.8151504250E-02  2.1622611538E-05  6.0522633068E-01 -6.0819159472E-01  1.5246896514E-01
C5       -9.3106715600E-02  8.3862732164E-05  3.7708236272E+01 -3.7892985136E+01  1.1477522285E-01
H6        3.8992285060E-02  2.1881688436E-05  5.9631924473E-01 -5.9924086913E-01  1.4877442209E-01
C7       -3.0027580800E-02 -4.3205845375E-04  3.7698153957E+01 -3.7882853424E+01  6.5920578249E-02
H8        2.7783424990E-02  1.9185276507E-05  6.0538915665E-01 -6.0835521844E-01  1.5258841339E-01
C9        8.3564098400E-02 -1.4882417686E-05  3.7681629187E+01 -3.7866247692E+01  7.5988112021E-02
C10       8.7207086000E-02 -3.8992648129E-05  3.7679823973E+01 -3.7864433633E+01  7.4773733757E-02
C11       1.2492033621E+00  4.0655373293E-04  3.6869922043E+01 -3.7050563645E+01  6.0825147996E-01
H12       5.5585195330E-02  1.8158114287E-05  5.9197992302E-01 -5.9488028721E-01  1.2785387652E-01
H13       5.7177103270E-02  2.7835697187E-05  5.9112592703E-01 -5.9402210713E-01  1.2941830767E-01
Cl14     -8.5855244000E-02 -4.4990861096E-06  4.5886113552E+02 -4.6110929353E+02  1.6806778068E-01
Cl15     -7.9720363000E-02 -1.6615156057E-05  4.5886046672E+02 -4.6110862146E+02  1.6799393762E-01
F16      -6.2484609600E-01  6.2356701364E-05  9.9591316959E+01 -1.0007925764E+02  3.1409508563E-01
F17      -6.3337215700E-01  8.1666978763E-05  9.9553553573E+01 -1.0004130924E+02  2.7000067648E-01
--------------------------------------------------------------------------------------------------
Total    -4.4282150001E-05  4.0461349434E-05  1.3834971312E+03 -1.3902754785E+03
 
1st Largest |L(A)| = 4.3205845375E-04, atom C7      
2nd Largest |L(A)| = 4.0655373293E-04, atom C11     
 
Molecular charge q(Mol) from the wfn file:   0.0000000000E+00
Molecular energy E(Mol) from the wfn file:  -1.3902755776E+03
Molecular virial ratio (-V(Mol)/T(Mol)) from the wfn file:   2.0048994300E+00
Note.  K_Scaled(A) = (1+V(Mol)/T(Mol))*K(A) = (E(Mol)/T(Mol))*K(A)
       Only use K_Scaled(A) data with caution.
 
N_AIMInt(SumA)     =        100.000044
N_Analytic(Mol)    =         99.999989
 
G_AIMInt(SumA)     =       1383.497091
G_Analytic(Mol)    =       1383.497214
 
K_AIMInt(SumA)     =       1383.497131
K_Analytic(Mol)    =       1383.497214
 
L_AIMInt(SumA)     =          0.000040
L_Analytic(Mol)    =          0.000000
 
VenT_AIMInt(SumA)  =      -4743.104678
VenT_Analytic(Mol) =      -4743.105688
 
Some Information About the Atomic Calculations:
----------------------------------------------
  Time(sec) = "Elapsed User Time", in Seconds, for Atom A by AIMInt and, if used, by TWOe
  NProc = Number of Processors Used for AIMInt Job
  BIM = Basin Integration Method
  OAQ = Angular Quadrature Outside of Beta Sphere
  ORQ = Multiple of Default for Radial Quadrature Outside of Beta Sphere
  IAQ = Multiple of Default for Angular Quadrature Inside of Beta Sphere
  IRQ = Multiple of Default for Radial Quadrature Inside of Beta Sphere
  MIR = Maximum Integration Radius
------------------------------------------------------------------------------------------------------
Atom A     Time(sec)   NProc      BIM          OAQ                     ORQ      IAQ      IRQ      MIR
------------------------------------------------------------------------------------------------------
C1             24        8     Proaim(5)    4500(GS4)                  1.00     1.00     1.00    13.00
H2              5        8     Proaim(5)    1800(GS4)                  1.00     1.00     1.00    13.00
C3             25        8     Proaim(5)    4500(GS4)                  1.00     1.00     1.00    13.00
H4              5        8     Proaim(5)    1800(GS4)                  1.00     1.00     1.00    13.00
C5             32        8     Proaim(5)    5400(GS5)                  1.00     1.00     1.00    13.00
H6              6        8     Proaim(5)    1800(GS4)                  1.00     1.00     1.00    13.00
C7             25        8     Proaim(5)    4500(GS4)                  1.00     1.00     1.00    13.00
H8              6        8     Proaim(5)    1800(GS4)                  1.00     1.00     1.00    13.00
C9             20        8     Proaim(5)    4500(GS4)                  1.00     1.00     1.00    13.00
C10            22        8     Proaim(5)    4500(GS4)                  1.00     1.00     1.00    13.00
C11            27        8     Proaim(5)    4500(GS4)                  1.00     1.00     1.00    13.00
H12            14        8     Proaim(5)    4500(GS4)                  1.00     1.00     1.00    13.00
H13            15        8     Proaim(5)    4500(GS4)                  1.00     1.00     1.00    13.00
Cl14           12        8     Proaim(5)    3150(GS4)                  1.00     1.00     1.00    13.00
Cl15           20        8     Proaim(5)    4500(GS4)                  1.00     1.00     1.00    13.00
F16             9        8     Proaim(5)    2700(GS4)                  1.00     1.00     1.00    13.00
F17            23        8     Proaim(5)    4500(GS4)                  1.00     1.00     1.00    13.00
------------------------------------------------------------------------------------------------------
Total         290
Note:  Total wall clock time is less than total of atomic times if more than one atom
       was calculated at a time
 
Electron Density Critical Point Analysis of Molecular Structure:               
---------------------------------------------------------------                
  NACP = Nuclear Attractor Critical Point                                      
  NNACP = Non-Nuclear Attractor Critical Point                                 
  BCP = Bond Critical Point                                                    
  RCP = Ring Critical Point                                                    
  CCP = Cage Critical Point                                                    
  Rho = Electron Density                                                       
  GradRho = Gradient of Electron Density                                       
  HessRho_EigVals = Eigenvalues of the Hessian of Rho, Ascending Order         
  HessRho_EigVecs = Eigenvectors of the Hessian of Rho                         
  DelSqRho = Laplacian of Rho = Trace of Hessian of Rho                        
  Bond Ellipticity = (HessRho_EigVal(1) / HessRho_EigVal(2)) - 1               
  V = Virial Field = Potential Energy Density = Trace of Stress Tensor         
  G = Lagrangian Form of Kinetic Energy Density                                
  K = Hamiltonian Form of Kinetic Energy Density                               
  L = K - G = Lagrangian Density = (-1/4)DelSqRho                              
  Vnuc = Electrostatic Potential from Nuclei                                   
  Ven = Electron-nuclear attractive contribution to Virial Field V             
  Vrep = V - Ven = Repulsive contribution to Virial Field V                    
  DelSqV = Laplacian of V                                                      
  DelSqVen = Laplacian of Ven                                                  
  DelSqVrep = Laplacian of Vrep                                                
  DelSqG = Laplacian of G                                                      
  DelSqK = Laplacian of K                                                      
  Stress_EigVals = Eigenvalues of Stress Tensor, Ascending Order               
  Stress_EigVecs = Eigenvectors of Stress Tensor                               
  -DivStress = Ehrenfest Force Density = Minus Divergence of Stress Tensor     
  ESP = Total Electrostatic Potential                                          
  ESPe = Electrostatic Potential from Electrons                                
  ESPn = Electrostatic Potential from Nuclei                                   
  BP = Bond Path                                                               
  BPL = Bond Path Length                                                       
  GBL = Geometric Bond Length                                                  
  GBL_I = Distance Between Nuclear Attractors                                  
  GBL_II = Distance Between Nuclei                                             
  GBL_III = Sum of Distances Between BCP and Nuclear Attractors                
  GBL_IV = Sum of Distances Between BCP and Nuclei                             

CP# 1      Coords = -5.09213936811005E+00 -3.64731920756320E+00 -8.46701376506813E-01
           Type = (3,-3) NACP C1
           Rho =  1.1767834838E+02     Rho at Nucleus =  1.1767834832E+02
           GradRho =  1.3561684414E-10 -1.0293207259E-10  2.0148341329E-11
           HessRho_EigVals = -1.4500772605E+05 -1.4500676113E+05 -1.4500659071E+05
           HessRho_EigVec1 = -2.9975234955E-01 -2.6655804128E-01  9.1602147331E-01
           HessRho_EigVec2 =  3.8509854009E-01  8.4466346427E-01  3.7181009474E-01
           HessRho_EigVec3 =  8.7283884157E-01 -4.6420948155E-01  1.5053874544E-01
           DelSqRho = -4.3502107789E+05
           Bond Ellipticity = NA
           V = -1.0876551363E+05
           G =  5.1220800107E+00
           K =  1.0876039155E+05
           L =  1.0875526947E+05
           Vnuc =  6.7860426687E+06
           Ven = -7.9857029328E+08
           Vrep =  7.9846152777E+08
           DelSqV =  2.4953089228E+09
           DelSqVen =  2.9520713482E+12
           DelSqVrep = -2.9495760393E+12
           DelSqG =  1.3403612152E+08
           DelSqK = -2.6293450443E+09
           Stress_EigVals = -3.6255417032E+04 -3.6255316529E+04 -3.6254780072E+04
           Stress_EigVec1 =  8.1222655588E-01 -5.7178612700E-01  1.1553634445E-01
           Stress_EigVec2 = -4.8826338369E-01 -7.7474988211E-01 -4.0169825531E-01
           Stress_EigVec3 = -3.1919725887E-01 -2.6985782393E-01  9.0845465753E-01
           -DivStress = -4.2419308479E+02  5.7647117186E+02 -7.5143434129E+01
           ESP =  -1.4750907368E+01     ESP at Nucleus =  -1.4750907379E+01
           ESPe = -2.8620109433E+01     ESPe at Nucleus = -2.8620110355E+01
           ESPn =  1.3869202065E+01     ESPn at Nucleus =  1.3869202976E+01

CP# 2      Coords = -5.16616340884340E+00 -5.57233555787551E+00 -1.44733987416781E+00
           Type = (3,-3) NACP H2
           Rho =  4.2589416188E-01     Rho at Nucleus =  4.2221575666E-01
           GradRho =  1.1375575595E-10  2.8325600068E-09  8.8395510443E-10
           HessRho_EigVals = -6.4870371772E+00 -6.4808918008E+00 -5.8881542078E+00
           HessRho_EigVec1 =  9.3227472820E-01 -1.4036859331E-01  3.3340739221E-01
           HessRho_EigVec2 = -3.5982653912E-01 -2.6487968608E-01  8.9463043411E-01
           HessRho_EigVec3 =  3.7265170184E-02  9.5401017286E-01  2.9744898248E-01
           DelSqRho = -1.8856083186E+01
           Bond Ellipticity = NA
           V = -4.7233795901E+00
           G =  4.6793968187E-03
           K =  4.7187001933E+00
           L =  4.7140207965E+00
           Vnuc =  4.2387705473E+01
           Ven = -1.8052676297E+01
           Vrep =  1.3329296706E+01
           DelSqV =  7.1010736530E+02
           DelSqVen =  7.9926610532E+02
           DelSqVrep = -8.9158740023E+01
           DelSqG =  6.9909812551E+01
           DelSqK = -7.8001717785E+02
           Stress_EigVals = -1.6251286885E+00 -1.6246303010E+00 -1.4736206006E+00
           Stress_EigVec1 =  9.5720610477E-01 -1.1814050958E-01  2.6419555824E-01
           Stress_EigVec2 = -2.8718882388E-01 -2.7494050804E-01  9.1756759777E-01
           Stress_EigVec3 =  3.5763842566E-02  9.5417531777E-01  2.9710336674E-01
           -DivStress = -3.0081235960E-01 -7.5253045042E+00 -2.3478071200E+00
           ESP =  -1.1126781991E+00     ESP at Nucleus =  -1.1151387337E+00
           ESPe = -1.4836228295E+01     ESPe at Nucleus = -1.4750543755E+01
           ESPn =  1.3723550095E+01     ESPn at Nucleus =  1.3635405021E+01

CP# 3      Coords = -7.08650881434553E+00 -2.11327396832558E+00 -1.13059561463066E+00
           Type = (3,-3) NACP C3
           Rho =  1.1765574944E+02     Rho at Nucleus =  1.1765574926E+02
           GradRho = -4.6220301197E-10  7.0222431906E-10  2.0103889040E-11
           HessRho_EigVals = -1.4497029262E+05 -1.4496938939E+05 -1.4496903536E+05
           HessRho_EigVec1 = -3.6813804898E-01 -3.1493673525E-01  8.7480811021E-01
           HessRho_EigVec2 =  2.4444068824E-01  8.7500340511E-01  4.1787293640E-01
           HessRho_EigVec3 =  8.9706361359E-01 -3.6767362406E-01  2.4513869409E-01
           DelSqRho = -4.3490871736E+05
           Bond Ellipticity = NA
           V = -1.0873738755E+05
           G =  5.1041035728E+00
           K =  1.0873228344E+05
           L =  1.0872717934E+05
           Vnuc =  3.8597209528E+06
           Ven = -4.5411836133E+08
           Vrep =  4.5400962394E+08
           DelSqV =  2.4946560807E+09
           DelSqVen =  1.6786261934E+12
           DelSqVrep = -1.6761315373E+12
           DelSqG =  1.3399160547E+08
           DelSqK = -2.6286476862E+09
           Stress_EigVals = -3.6246067746E+04 -3.6245902624E+04 -3.6245417177E+04
           Stress_EigVec1 =  8.7577407034E-01 -4.3601614596E-01  2.0714656209E-01
           Stress_EigVec2 =  3.2222090508E-01  8.4755161364E-01  4.2169888611E-01
           Stress_EigVec3 = -3.5943492603E-01 -3.0256599722E-01  8.8275724368E-01
           -DivStress =  6.3363418309E+02 -1.0906184808E+03 -3.0873953669E+01
           ESP =  -1.4739885920E+01     ESP at Nucleus =  -1.4739885939E+01
           ESPe = -2.8730600806E+01     ESPe at Nucleus = -2.8730601101E+01
           ESPn =  1.3990714886E+01     ESPn at Nucleus =  1.3990715162E+01

CP# 4      Coords = -8.74275314990358E+00 -2.85201167464199E+00 -2.03405532061662E+00
           Type = (3,-3) NACP H4
           Rho =  4.3027776574E-01     Rho at Nucleus =  4.2669094499E-01
           GradRho =  1.4595529646E-15  2.2804024294E-15  3.2673516670E-15
           HessRho_EigVals = -6.5793628761E+00 -6.5713501771E+00 -5.9814796995E+00
           HessRho_EigVec1 = -4.4768511747E-01  8.9066577567E-01  7.9325353132E-02
           HessRho_EigVec2 = -3.6774932555E-01 -2.6425343971E-01  8.9158878030E-01
           HessRho_EigVec3 =  8.1506961000E-01  3.6997918273E-01  4.4584407049E-01
           DelSqRho = -1.9132192753E+01
           Bond Ellipticity = NA
           V = -4.7921557937E+00
           G =  4.5538027626E-03
           K =  4.7876019909E+00
           L =  4.7830481882E+00
           Vnuc =  4.2650061377E+01
           Ven = -1.8351373118E+01
           Vrep =  1.3559217324E+01
           DelSqV =  7.2128473138E+02
           DelSqVen =  8.1598919518E+02
           DelSqVrep = -9.4704463798E+01
           DelSqG =  7.1241532445E+01
           DelSqK = -7.9252626383E+02
           Stress_EigVals = -1.6479559681E+00 -1.6468714310E+00 -1.4973283946E+00
           Stress_EigVec1 = -4.6851133585E-01  8.7312866754E-01  1.3469765438E-01
           Stress_EigVec2 = -3.3952837179E-01 -3.1870928958E-01  8.8495472962E-01
           Stress_EigVec3 =  8.1560873765E-01  3.6887764727E-01  4.4577086987E-01
           -DivStress = -6.3954370940E+00 -2.8949550038E+00 -3.4976929873E+00
           ESP =  -1.1150293091E+00     ESP at Nucleus =  -1.1174327071E+00
           ESPe = -1.4523287663E+01     ESPe at Nucleus = -1.4433711849E+01
           ESPn =  1.3408258354E+01     ESPn at Nucleus =  1.3316279142E+01

CP# 5      Coords = -5.79817021565100E+00  1.72233941589565E+00  1.35434317933492E+00
           Type = (3,-3) NACP C5
           Rho =  1.1767809602E+02     Rho at Nucleus =  1.1767809596E+02
           GradRho =  1.0579116749E-10  1.1033662178E-10  7.5915690401E-11
           HessRho_EigVals = -1.4500737304E+05 -1.4500640643E+05 -1.4500623987E+05
           HessRho_EigVec1 =  6.8400111886E-01  2.2331171890E-01 -6.9445975089E-01
           HessRho_EigVec2 = -3.6599861213E-01  9.2855453919E-01 -6.1898979605E-02
           HessRho_EigVec3 = -6.3102098643E-01 -2.9651027631E-01 -7.1686412291E-01
           DelSqRho = -4.3502001934E+05
           Bond Ellipticity = NA
           V = -1.0876524829E+05
           G =  5.1217294445E+00
           K =  1.0876012656E+05
           L =  1.0875500483E+05
           Vnuc =  6.8381444403E+06
           Ven = -8.0469981805E+08
           Vrep =  8.0459105280E+08
           DelSqV =  2.4953028235E+09
           DelSqVen =  2.9747299287E+12
           DelSqVrep = -2.9722346914E+12
           DelSqG =  1.3403575310E+08
           DelSqK = -2.6293385766E+09
           Stress_EigVals = -3.6255328036E+04 -3.6255228390E+04 -3.6254691867E+04
           Stress_EigVec1 =  5.8623524517E-01  4.2114631307E-01  6.9207226523E-01
           Stress_EigVec2 =  4.5995202659E-01 -8.7625304972E-01  1.4361311257E-01
           Stress_EigVec3 =  6.6691256590E-01  2.3412897269E-01 -7.0739752162E-01
           -DivStress = -3.5161116087E+02 -5.0157534716E+02 -3.6677006878E+02
           ESP =  -1.4750703130E+01     ESP at Nucleus =  -1.4750703141E+01
           ESPe = -2.8982114366E+01     ESPe at Nucleus = -2.8982115123E+01
           ESPn =  1.4231411236E+01     ESPn at Nucleus =  1.4231411982E+01

CP# 6      Coords = -6.05606009148099E+00  3.67940918588618E+00  1.77326834251750E+00
           Type = (3,-3) NACP H6
           Rho =  4.2593156922E-01     Rho at Nucleus =  4.2225475759E-01
           GradRho =  6.4583719124E-10 -4.8605572254E-09 -1.0357476544E-09
           HessRho_EigVals = -6.4878244756E+00 -6.4816595327E+00 -5.8890739655E+00
           HessRho_EigVec1 =  7.5851320524E-01 -3.8892348340E-02  6.5049604358E-01
           HessRho_EigVec2 = -6.3893065470E-01 -2.4070478899E-01  7.3063590320E-01
           HessRho_EigVec3 = -1.2816136685E-01  9.6981884381E-01  2.0742727460E-01
           DelSqRho = -1.8858557974E+01
           Bond Ellipticity = NA
           V = -4.7240099164E+00
           G =  4.6852114987E-03
           K =  4.7193247049E+00
           L =  4.7146394934E+00
           Vnuc =  4.3016697882E+01
           Ven = -1.8322169631E+01
           Vrep =  1.3598159715E+01
           DelSqV =  7.1021164684E+02
           DelSqVen =  8.1123289905E+02
           DelSqVrep = -1.0102125221E+02
           DelSqG =  6.9922540400E+01
           DelSqK = -7.8013418724E+02
           Stress_EigVals = -1.6253274773E+00 -1.6248289181E+00 -1.4738535210E+00
           Stress_EigVec1 =  7.1360163539E-01 -5.6650473710E-02  6.9825742373E-01
           Stress_EigVec2 = -6.8892985573E-01 -2.3754884040E-01  6.8479646780E-01
           Stress_EigVec3 = -1.2707619701E-01  9.6972226552E-01  2.0854344367E-01
           -DivStress = -1.0149929177E+00  7.6500308475E+00  1.6309404363E+00
           ESP =  -1.1124709320E+00     ESP at Nucleus =  -1.1149300135E+00
           ESPe = -1.5456785927E+01     ESPe at Nucleus = -1.5373568640E+01
           ESPn =  1.4344314995E+01     ESPn at Nucleus =  1.4258638626E+01

CP# 7      Coords = -7.25285092008432E+00  5.50880633381496E-01 -3.56065153324309E-01
           Type = (3,-3) NACP C7
           Rho =  1.1765650489E+02     Rho at Nucleus =  1.1765650472E+02
           GradRho = -3.4589683028E-10 -6.2658693555E-10 -4.3246946822E-10
           HessRho_EigVals = -1.4497125925E+05 -1.4497034175E+05 -1.4496999303E+05
           HessRho_EigVec1 = -6.2332300007E-01 -2.9080555797E-01  7.2587916696E-01
           HessRho_EigVec2 = -3.4464828261E-01  9.3541885906E-01  7.8797965781E-02
           HessRho_EigVec3 = -7.0191594858E-01 -2.0105642385E-01 -6.8329372568E-01
           DelSqRho = -4.3491159403E+05
           Bond Ellipticity = NA
           V = -1.0873810383E+05
           G =  5.1026624934E+00
           K =  1.0873300117E+05
           L =  1.0872789851E+05
           Vnuc =  3.9059943766E+06
           Ven = -4.5956564647E+08
           Vrep =  4.5945690837E+08
           DelSqV =  2.4946725008E+09
           DelSqVen =  1.6987621294E+12
           DelSqVrep = -1.6962674569E+12
           DelSqG =  1.3399251680E+08
           DelSqK = -2.6286650176E+09
           Stress_EigVals = -3.6246306639E+04 -3.6246143075E+04 -3.6245654118E+04
           Stress_EigVec1 =  6.7073988919E-01  2.7588496965E-01  6.8847329982E-01
           Stress_EigVec2 = -3.9017539640E-01  9.2067250601E-01  1.1193601513E-02
           Stress_EigVec3 = -6.3077029186E-01 -2.7613333771E-01  7.2517530206E-01
           -DivStress =  4.5196953623E+02  9.5747629319E+02  6.5832317706E+02
           ESP =  -1.4739526153E+01     ESP at Nucleus =  -1.4739526172E+01
           ESPe = -2.8951319490E+01     ESPe at Nucleus = -2.8951320000E+01
           ESPn =  1.4211793337E+01     ESPn at Nucleus =  1.4211793829E+01

CP# 8      Coords = -8.72350737134033E+00  1.61790411311905E+00 -1.25282805273078E+00
           Type = (3,-3) NACP H8
           Rho =  4.3032752153E-01     Rho at Nucleus =  4.2674272685E-01
           GradRho =  3.9065972679E-15  1.9244588562E-16 -4.4105344377E-16
           HessRho_EigVals = -6.5802799769E+00 -6.5722672454E+00 -5.9825288304E+00
           HessRho_EigVec1 =  2.8947211239E-01  8.1283803506E-01  5.0547030071E-01
           HessRho_EigVec2 =  6.2619035031E-01  2.3858416307E-01 -7.4226898245E-01
           HessRho_EigVec3 =  7.2394166984E-01 -5.3138679499E-01  4.3992787225E-01
           DelSqRho = -1.9135076053E+01
           Bond Ellipticity = NA
           V = -4.7928808017E+00
           G =  4.5558942737E-03
           K =  4.7883249075E+00
           L =  4.7837690132E+00
           Vnuc =  4.2995163438E+01
           Ven = -1.8502002120E+01
           Vrep =  1.3709121319E+01
           DelSqV =  7.2140536024E+02
           DelSqVen =  8.2271572229E+02
           DelSqVrep = -1.0131036205E+02
           DelSqG =  7.1254690616E+01
           DelSqK = -7.9266005085E+02
           Stress_EigVals = -1.6481887820E+00 -1.6470971954E+00 -1.4975948244E+00
           Stress_EigVec1 =  2.4875654200E-01  7.9693361027E-01  5.5046980265E-01
           Stress_EigVec2 =  6.4305155752E-01  2.8911330818E-01 -7.0915314947E-01
           Stress_EigVec3 =  7.2429612534E-01 -5.3038694917E-01  4.4055057254E-01
           -DivStress = -5.6799564201E+00  4.1604201129E+00 -3.4523812449E+00
           ESP =  -1.1147989380E+00     ESP at Nucleus =  -1.1172010125E+00
           ESPe = -1.4857602437E+01     ESPe at Nucleus = -1.4768920656E+01
           ESPn =  1.3742803499E+01     ESPn at Nucleus =  1.3651719644E+01

CP# 9      Coords =  3.51632318572618E+00 -5.93040242622230E-01 -2.31165094002064E-01
           Type = (3,-3) NACP C9
           Rho =  1.1761037376E+02     Rho at Nucleus =  1.1761037283E+02
           GradRho = -2.7331811659E-11 -7.5919176409E-12 -1.1411496239E-12
           HessRho_EigVals = -1.4490396223E+05 -1.4490277113E+05 -1.4490179958E+05
           HessRho_EigVec1 =  6.3610843807E-01 -5.9219233010E-01 -4.9464562991E-01
           HessRho_EigVec2 =  7.6705775799E-01  5.5478541631E-01  3.2223522117E-01
           HessRho_EigVec3 =  8.3596955252E-02 -5.8439831111E-01  8.0714940565E-01
           DelSqRho = -4.3470853294E+05
           Bond Ellipticity = NA
           V = -1.0868744011E+05
           G =  5.1534373171E+00
           K =  1.0868228667E+05
           L =  1.0867713324E+05
           Vnuc =  1.6763174832E+06
           Ven = -1.9715232574E+08
           Vrep =  1.9704363830E+08
           DelSqV =  2.4935009636E+09
           DelSqVen =  7.2870950093E+11
           DelSqVrep = -7.2621599792E+11
           DelSqG =  1.3391947223E+08
           DelSqK = -2.6274204359E+09
           Stress_EigVals = -3.6229408469E+04 -3.6229045506E+04 -3.6228986135E+04
           Stress_EigVec1 =  1.9127925204E-01 -6.7493064565E-01  7.1265761155E-01
           Stress_EigVec2 = -6.1606709452E-01  4.8267896886E-01  6.2248080137E-01
           Stress_EigVec3 =  7.6411621027E-01  5.5811256623E-01  3.2347608972E-01
           -DivStress = -1.8680838713E+03  2.0137975456E+03  9.3139096808E+02
           ESP =  -1.4626570535E+01     ESP at Nucleus =  -1.4626570619E+01
           ESPe = -3.4446149841E+01     ESPe at Nucleus = -3.4446153293E+01
           ESPn =  1.9819579306E+01     ESPn at Nucleus =  1.9819582674E+01

CP# 10     Coords =  2.10999291312609E+00  1.45200076318343E+00 -4.16525015555324E-01
           Type = (3,-3) NACP C10
           Rho =  1.1761029094E+02     Rho at Nucleus =  1.1761029004E+02
           GradRho = -3.8165880042E-09  7.9107665952E-09 -4.5736445704E-09
           HessRho_EigVals = -1.4490347710E+05 -1.4490232984E+05 -1.4490133583E+05
           HessRho_EigVec1 = -2.7797613060E-01  7.3831775796E-01 -6.1450480804E-01
           HessRho_EigVec2 =  7.6675536135E-01  5.5589135643E-01  3.2104675000E-01
           HessRho_EigVec3 =  5.7863242793E-01 -3.8193152283E-01 -7.2063362759E-01
           DelSqRho = -4.3470714278E+05
           Bond Ellipticity = NA
           V = -1.0868709075E+05
           G =  5.1525289886E+00
           K =  1.0868193822E+05
           L =  1.0867678569E+05
           Vnuc =  1.7044305198E+06
           Ven = -2.0045856931E+08
           Vrep =  2.0034988222E+08
           DelSqV =  2.4934926231E+09
           DelSqVen =  7.4092814438E+11
           DelSqVrep = -7.3843464971E+11
           DelSqG =  1.3391867306E+08
           DelSqK = -2.6274112961E+09
           Stress_EigVals = -3.6229291619E+04 -3.6228935289E+04 -3.6228863845E+04
           Stress_EigVec1 = -6.1701774919E-01  5.0450501350E-01  6.0395677705E-01
           Stress_EigVec2 =  1.7245657489E-01 -6.6212443531E-01  7.2928044122E-01
           Stress_EigVec3 =  7.6782017880E-01  5.5413529352E-01  3.2153732211E-01
           -DivStress =  1.1101586211E+03 -2.2803091372E+03  1.3057959695E+03
           ESP =  -1.4626436811E+01     ESP at Nucleus =  -1.4626436893E+01
           ESPe = -3.4790856660E+01     ESPe at Nucleus = -3.4790859236E+01
           ESPn =  2.0164419849E+01     ESPn at Nucleus =  2.0164422343E+01

CP# 11     Coords =  2.06679870340474E+00  1.26357913256138E-01  2.01119094929084E+00
           Type = (3,-3) NACP C11
           Rho =  1.1732932973E+02     Rho at Nucleus =  1.1732932772E+02
           GradRho = -2.9338614708E-11  3.3795104844E-13 -2.0827509686E-11
           HessRho_EigVals = -1.4451489419E+05 -1.4451416717E+05 -1.4451187928E+05
           HessRho_EigVec1 =  7.7995058220E-01  5.6178928998E-01  2.7580769206E-01
           HessRho_EigVec2 = -2.6951157077E-01 -9.6240037098E-02  9.5817606340E-01
           HessRho_EigVec3 = -5.6483679285E-01  8.2166334282E-01 -7.6346241016E-02
           DelSqRho = -4.3354094065E+05
           Bond Ellipticity = NA
           V = -1.0839485258E+05
           G =  4.8087067779E+00
           K =  1.0839004387E+05
           L =  1.0838523516E+05
           Vnuc =  1.1382434906E+06
           Ven = -1.3354934582E+08
           Vrep =  1.3344095097E+08
           DelSqV =  2.4867781168E+09
           DelSqVen =  4.9347515290E+11
           DelSqVrep = -4.9098837478E+11
           DelSqG =  1.3351615107E+08
           DelSqK = -2.6202942679E+09
           Stress_EigVals = -3.6131970844E+04 -3.6131581818E+04 -3.6131299913E+04
           Stress_EigVec1 = -5.6406380215E-01  8.2212263464E-01 -7.7112908880E-02
           Stress_EigVec2 = -2.6880509673E-01 -9.4519937437E-02  9.5854566996E-01
           Stress_EigVec3 =  7.8075338429E-01  5.6140925806E-01  2.7430602962E-01
           -DivStress =  1.3840028500E+03  5.9396841692E+02 -3.9731955594E+03
           ESP =  -1.4519152385E+01     ESP at Nucleus =  -1.4519152515E+01
           ESPe = -3.5155373378E+01     ESPe at Nucleus = -3.5155375947E+01
           ESPn =  2.0636220994E+01     ESPn at Nucleus =  2.0636223432E+01

CP# 12     Coords = -3.36324148484954E+00 -3.02429575406470E+00 -1.40210515232598E-02
           Type = (3,-3) NACP H12
           Rho =  4.2454341591E-01     Rho at Nucleus =  4.2077814553E-01
           GradRho = -2.6669957209E-13 -9.7674643791E-14 -1.2866000662E-13
           HessRho_EigVals = -6.4621780960E+00 -6.4560881874E+00 -5.8569503936E+00
           HessRho_EigVec1 = -3.7716738688E-01  9.2180494143E-01  8.9556754298E-02
           HessRho_EigVec2 = -3.5343447970E-01 -2.3263993514E-01  9.0606993612E-01
           HessRho_EigVec3 =  8.5605422190E-01  3.1008758528E-01  4.1354184627E-01
           DelSqRho = -1.8775216677E+01
           Bond Ellipticity = NA
           V = -4.7033003020E+00
           G =  4.7480663627E-03
           K =  4.6985522356E+00
           L =  4.6938041693E+00
           Vnuc =  4.5286232303E+01
           Ven = -1.9225971756E+01
           Vrep =  1.4522671454E+01
           DelSqV =  7.0660206139E+02
           DelSqVen =  8.5025882397E+02
           DelSqVrep = -1.4365676258E+02
           DelSqG =  6.9543766244E+01
           DelSqK = -7.7614582764E+02
           Stress_EigVals = -1.6188863079E+00 -1.6183664962E+00 -1.4660474978E+00
           Stress_EigVec1 = -4.0551458170E-01  8.9813439272E-01  1.7003686846E-01
           Stress_EigVec2 = -3.1812406529E-01 -3.1305448175E-01  8.9487092395E-01
           Stress_EigVec3 =  8.5694515759E-01  3.0879038856E-01  4.1266632141E-01
           -DivStress =  6.8193071313E+00  2.4707242050E+00  3.2934922465E+00
           ESP =  -1.1141454651E+00     ESP at Nucleus =  -1.1166340675E+00
           ESPe = -1.8133308184E+01     ESPe at Nucleus = -1.8107077587E+01
           ESPn =  1.7019162719E+01     ESPn at Nucleus =  1.6990443520E+01

CP# 13     Coords = -4.33734061846368E+00  7.65073446966569E-01  2.36497684768643E+00
           Type = (3,-3) NACP H13
           Rho =  4.2423338896E-01     Rho at Nucleus =  4.2046557607E-01
           GradRho = -2.7313221129E-15  3.8140199549E-16 -1.7135815336E-15
           HessRho_EigVals = -6.4574570451E+00 -6.4513520960E+00 -5.8522375251E+00
           HessRho_EigVec1 =  2.4445815794E-01  8.5414229281E-01  4.5900016629E-01
           HessRho_EigVec2 =  6.4545305927E-01  2.0991577598E-01 -7.3438798688E-01
           HessRho_EigVec3 =  7.2362321501E-01 -4.7579019603E-01  4.9999313202E-01
           DelSqRho = -1.8761046666E+01
           Bond Ellipticity = NA
           V = -4.6997201968E+00
           G =  4.7292651300E-03
           K =  4.6949909317E+00
           L =  4.6902616666E+00
           Vnuc =  4.5149666731E+01
           Ven = -1.9153996128E+01
           Vrep =  1.4454275931E+01
           DelSqV =  7.0605000440E+02
           DelSqVen =  8.4705500451E+02
           DelSqVrep = -1.4100500011E+02
           DelSqG =  6.9489602607E+01
           DelSqK = -7.7553960701E+02
           Stress_EigVals = -1.6177019351E+00 -1.6171870436E+00 -1.4648312182E+00
           Stress_EigVec1 =  1.8273543604E-01  8.3196622238E-01  5.2387017975E-01
           Stress_EigVec2 =  6.6564641753E-01  2.8744597915E-01 -6.8868690702E-01
           Stress_EigVec3 =  7.2354862120E-01 -4.7455981065E-01  5.0126876910E-01
           -DivStress =  5.7630704153E+00 -3.7911915243E+00  3.9830273110E+00
           ESP =  -1.1140198529E+00     ESP at Nucleus =  -1.1165129617E+00
           ESPe = -1.8016955579E+01     ESPe at Nucleus = -1.7977461534E+01
           ESPn =  1.6902935726E+01     ESPn at Nucleus =  1.6860948572E+01

CP# 14     Coords =  5.57936494911454E+00 -2.64097706146628E+00 -1.58875117604912E+00
           Type = (3,-3) NACP Cl14
           Rho =  3.0208041453E+03     Rho at Nucleus =  3.0208041320E+03
           GradRho = -1.0462026645E-08  3.5515388240E-09  1.9068746000E-09
           HessRho_EigVals = -3.0378437258E+07 -3.0377981828E+07 -3.0377944314E+07
           HessRho_EigVec1 =  6.4296105443E-01 -6.3350385556E-01 -4.3043460302E-01
           HessRho_EigVec2 =  7.6493298382E-01  5.5936240991E-01  3.1936064981E-01
           HessRho_EigVec3 =  3.8452733886E-02 -5.3459008537E-01  8.4423623938E-01
           DelSqRho = -9.1134363400E+07
           Bond Ellipticity = NA
           V = -2.2810796518E+07
           G =  1.3602834130E+04
           K =  2.2797193684E+07
           L =  2.2783590850E+07
           Vnuc =  1.8178936540E+07
           Ven = -5.4915006857E+10
           Vrep =  5.4892196060E+10
           DelSqV =  4.3103617381E+12
           DelSqVen =  1.6567258327E+15
           DelSqVrep = -1.6524154752E+15
           DelSqG =  2.2936337924E+11
           DelSqK = -4.5397251174E+12
           Stress_EigVals = -7.6036432544E+06 -7.6036338668E+06 -7.6035193971E+06
           Stress_EigVec1 =  3.8397972297E-02 -5.3452083372E-01  8.4428257949E-01
           Stress_EigVec2 =  7.6493545439E-01  5.5936576047E-01  3.1934886353E-01
           Stress_EigVec3 =  6.4296138791E-01 -6.3355932976E-01 -4.3035244780E-01
           -DivStress =  8.3354650632E+05 -8.3030674889E+05 -5.4648602412E+05
           ESP =  -6.4325100882E+01     ESP at Nucleus =  -6.4325100921E+01
           ESPe = -7.5413326227E+01     ESPe at Nucleus = -7.5413324739E+01
           ESPn =  1.1088225345E+01     ESPn at Nucleus =  1.1088223818E+01

CP# 15     Coords =  1.06919149443481E+00  3.91911589882139E+00 -2.17772700516718E+00
           Type = (3,-3) NACP Cl15
           Rho =  3.0208086397E+03     Rho at Nucleus =  3.0208086263E+03
           GradRho =  3.0052457398E-09 -4.0718896987E-09 -3.4628806281E-09
           HessRho_EigVals = -3.0378488598E+07 -3.0378031123E+07 -3.0377993758E+07
           HessRho_EigVec1 = -3.1845289799E-01  7.6757962909E-01 -5.5624568741E-01
           HessRho_EigVec2 =  7.5807085304E-01  5.5852197263E-01  3.3672212262E-01
           HessRho_EigVec3 =  5.6913648059E-01 -3.1444350699E-01 -7.5974268498E-01
           DelSqRho = -9.1134513479E+07
           Bond Ellipticity = NA
           V = -2.2810833985E+07
           G =  1.3602807667E+04
           K =  2.2797231177E+07
           L =  2.2783628370E+07
           Vnuc =  1.8080814785E+07
           Ven = -5.4618681516E+10
           Vrep =  5.4595870682E+10
           DelSqV =  4.3103688385E+12
           DelSqVen =  1.6477862452E+15
           DelSqVrep = -1.6434758732E+15
           DelSqG =  2.2936379396E+11
           DelSqK = -4.5397326325E+12
           Stress_EigVals = -7.6036558903E+06 -7.6036465414E+06 -7.6035315533E+06
           Stress_EigVec1 =  5.6916961740E-01 -3.1430582925E-01 -7.5977483002E-01
           Stress_EigVec2 =  7.5800935199E-01  5.5857377273E-01  3.3677464680E-01
           Stress_EigVec3 = -3.1854005860E-01  7.6759832342E-01 -5.5616997846E-01
           -DivStress = -4.3633495763E+05  1.0003896307E+06 -7.1417885585E+05
           ESP =  -6.4326415572E+01     ESP at Nucleus =  -6.4326415611E+01
           ESPe = -7.6196457170E+01     ESPe at Nucleus = -7.6196455736E+01
           ESPn =  1.1870041598E+01     ESPn at Nucleus =  1.1870040125E+01

CP# 16     Coords =  3.15955848295465E+00  1.07306398727650E+00  4.12201212006466E+00
           Type = (3,-3) NACP F16
           Rho =  4.1870345361E+02     Rho at Nucleus =  4.1870342204E+02
           GradRho =  1.5803943874E-11  9.6614061694E-11 -8.3637529238E-11
           HessRho_EigVals = -1.1736574015E+06 -1.1736137458E+06 -1.1736124131E+06
           HessRho_EigVec1 =  4.2520132829E-01  3.6913399168E-01  8.2640421502E-01
           HessRho_EigVec2 = -5.7068523564E-01  8.1802713244E-01 -7.1763308309E-02
           HessRho_EigVec3 = -7.0251134670E-01 -4.4110283017E-01  5.5848554232E-01
           DelSqRho = -3.5208835604E+06
           Bond Ellipticity = NA
           V = -8.8045365737E+05
           G =  1.1638364231E+02
           K =  8.8033727373E+05
           L =  8.8022089009E+05
           Vnuc =  1.2270573821E+06
           Ven = -5.1377316365E+08
           Vrep =  5.1289271000E+08
           DelSqV =  4.6334266855E+10
           DelSqVen =  4.3203261645E+12
           DelSqVrep = -4.2739918976E+12
           DelSqG =  2.4681292006E+09
           DelSqK = -4.8802396056E+10
           Stress_EigVals = -2.9348844233E+05 -2.9348811660E+05 -2.9347709845E+05
           Stress_EigVec1 = -7.0248098984E-01 -4.4110166948E-01  5.5852464233E-01
           Stress_EigVec2 = -5.7069698941E-01  8.1802016546E-01 -7.1749252096E-02
           Stress_EigVec3 =  4.2523570545E-01  3.6915081753E-01  8.2637901034E-01
