AIMSum (Version 19.02.13, Professional)
Copyright (c) 1997-2019 by Todd A. Keith
AIMSum is a component of the AIMAll package ( http://aim.tkgristmill.com )

TP:  64-bit Linux

Much of the Quantum Theory of Atoms in Molecules (QTAIM) is described in the book:
  "Atoms in Molecules - A Quantum Theory"
  R.F.W. Bader, Oxford University Press, Oxford, 1990

For additional references see:  http://aim.tkgristmill.com/references.html

Wfn File:  /home/mhennefarth/Documents/ML_Diels/summary-levandowski2016/45-opt/45-opt.wfn
Sum File:  /home/mhennefarth/Documents/ML_Diels/summary-levandowski2016/45-opt/45-opt.sum

SumViz File:  /home/mhennefarth/Documents/ML_Diels/summary-levandowski2016/45-opt/45-opt.sumviz

Wfn Title:   Title Card Required                                                           
 
Total memory allocated for AIMSum =        1.033 Megabytes

Atomic units (a.u.) used throughout, except where stated otherwise

Model:  Restricted SCF
 
Restricted, closed-shell, single-determinant wavefunction.
  Number of electrons (from MO Occs)                   =         116.0000000000
  Number of Alpha electrons (from MO Occs)             =          58.0000000000
  Number of Beta electrons (from MO Occs)              =          58.0000000000
  Number of electron pairs (N*(N-1)/2)                 =        6670.0000000000
  Number of electron pairs (from Muller 2EDM)          =        6670.0000000000
 
Nuclear Charges and Cartesian Coordinates:
-------------------------------------------------------------------------------
Atom      Charge                X                  Y                  Z
-------------------------------------------------------------------------------
C1         6.0          -7.7007728200E+00   2.5663186600E+00  -8.7444080000E-02
H2         1.0          -7.9160587700E+00   4.5929332000E+00  -3.3169115000E-01
C3         6.0          -5.8974168200E+00   1.6007005100E+00   1.4030420400E+00
H4         1.0          -4.6757284200E+00   2.8926420000E+00   2.4431971300E+00
C5         6.0          -5.8434269900E+00  -2.9633897500E+00   1.6235864000E-01
H6         1.0          -5.4855585700E+00  -4.9281090600E+00   6.3613719000E-01
C7         6.0          -5.4203890600E+00  -1.1037608700E+00   1.8279299900E+00
H8         1.0          -4.6173711100E+00  -1.5880014400E+00   3.6626285900E+00
C9         6.0           1.1255878600E+00   3.2902022000E-01  -1.7127474300E+00
C10        6.0           1.7357613800E+00  -1.7463650100E+00  -5.1005452000E-01
C11        6.0           2.8146965500E+00   6.1013751000E-01   4.6601588000E-01
Cl12      17.0           1.7118175200E+00   1.9802281900E+00   3.3940096800E+00
Cl13      17.0           6.1203559900E+00   1.3413534900E+00   5.2933660000E-02
H14        1.0          -6.5511473900E+00  -2.5828693300E+00  -1.7287533400E+00
H15        1.0          -9.0369606900E+00   1.3680015300E+00  -1.0877624600E+00
Cl16      17.0           1.5886876800E+00  -4.9107151900E+00  -1.4472972000E-01
Cl17      17.0          -3.9741505000E-01   1.8532179500E+00  -4.0603523900E+00
 
Some Atomic Properties:
----------------------
  q(A) = Net Charge of Atom A
  L(A) = Lagrangian of Atom A = -(1/4) Times Atomic Integral of the Laplacian of the Electron Density
  K(A) = Electronic Kinetic Energy of Atom A (Hamiltonian Form)
  K_Scaled(A) = K(A) * E(Mol)/K(Mol) = Approximation to Virial-Based Total Energy of Atom A.
  |Mu_Intra(A)| = Magnitude of Intraatomic Dipole Moment of Atom A
--------------------------------------------------------------------------------------------------
Atom A          q(A)              L(A)              K(A)          K_Scaled(A)      |Mu_Intra(A)|
--------------------------------------------------------------------------------------------------
C1       -8.8108541900E-02 -6.6566697035E-06  3.7704461440E+01 -3.7853297539E+01  1.0912067053E-01
H2        4.3464466140E-02  1.8114567991E-05  5.9439898460E-01 -5.9674533893E-01  1.4787047542E-01
C3       -3.1575864700E-02  9.3345463902E-05  3.7702424806E+01 -3.7851252866E+01  8.3369830376E-02
H4        4.0051978700E-02  9.7753296872E-06  5.9949153379E-01 -6.0185799065E-01  1.4843415051E-01
C5       -9.3257196600E-02 -3.2906093186E-05  3.7705294946E+01 -3.7854134335E+01  1.0925334533E-01
H6        4.2483747160E-02  2.2008449860E-05  5.9470263629E-01 -5.9705018927E-01  1.4807654718E-01
C7       -3.2496428600E-02 -1.6948893886E-04  3.7702001658E+01 -3.7850828047E+01  7.5689771869E-02
H8        3.7399996780E-02  2.4541229715E-05  6.0064888211E-01 -6.0301990754E-01  1.5022210670E-01
C9        1.1593653930E-01  4.9832566132E-05  3.7664456518E+01 -3.7813134700E+01  3.6465357426E-02
C10       1.1428667540E-01 -6.5815777959E-06  3.7665555720E+01 -3.7814238241E+01  3.8204172758E-02
C11       2.9093480980E-01  4.5179060820E-04  3.7419623634E+01 -3.7567335353E+01  3.8552072515E-02
Cl12     -1.9923123400E-01  2.0500348998E-05  4.5891585242E+02 -4.6072739521E+02  1.9431568752E-01
Cl13     -1.9437288900E-01  1.5940083658E-05  4.5891687207E+02 -4.6072841889E+02  1.9051119341E-01
H14       4.0622232110E-02  2.6126085006E-05  5.9457519212E-01 -5.9692224202E-01  1.4893511503E-01
H15       4.1112930430E-02  2.2644809756E-05  5.9445940052E-01 -5.9680599334E-01  1.4874597288E-01
Cl16     -6.6395713000E-02  3.8632937773E-07  4.5885720008E+02 -4.6066851135E+02  1.7317425084E-01
Cl17     -6.0393544000E-02 -1.0743852219E-05  4.5885656531E+02 -4.6066787407E+02  1.7143876256E-01
--------------------------------------------------------------------------------------------------
Total     4.6196402000E-04  5.2862874052E-04  2.1026885852E+03 -2.1109888223E+03
 
1st Largest |L(A)| = 4.5179060820E-04, atom C11     
2nd Largest |L(A)| = 1.6948893886E-04, atom C7      
 
Molecular charge q(Mol) from the wfn file:   0.0000000000E+00
Molecular energy E(Mol) from the wfn file:  -2.1109887179E+03
Molecular virial ratio (-V(Mol)/T(Mol)) from the wfn file:   2.0039474400E+00
Note.  K_Scaled(A) = (1+V(Mol)/T(Mol))*K(A) = (E(Mol)/T(Mol))*K(A)
       Only use K_Scaled(A) data with caution.
 
N_AIMInt(SumA)     =        115.999538
N_Analytic(Mol)    =        115.999991
 
G_AIMInt(SumA)     =       2102.688057
G_Analytic(Mol)    =       2102.688456
 
K_AIMInt(SumA)     =       2102.688585
K_Analytic(Mol)    =       2102.688456
 
L_AIMInt(SumA)     =          0.000529
L_Analytic(Mol)    =          0.000000
 
VenT_AIMInt(SumA)  =      -6861.866666
VenT_Analytic(Mol) =      -6861.877243
 
Some Information About the Atomic Calculations:
----------------------------------------------
  Time(sec) = "Elapsed User Time", in Seconds, for Atom A by AIMInt and, if used, by TWOe
  NProc = Number of Processors Used for AIMInt Job
  BIM = Basin Integration Method
  OAQ = Angular Quadrature Outside of Beta Sphere
  ORQ = Multiple of Default for Radial Quadrature Outside of Beta Sphere
  IAQ = Multiple of Default for Angular Quadrature Inside of Beta Sphere
  IRQ = Multiple of Default for Radial Quadrature Inside of Beta Sphere
  MIR = Maximum Integration Radius
------------------------------------------------------------------------------------------------------
Atom A     Time(sec)   NProc      BIM          OAQ                     ORQ      IAQ      IRQ      MIR
------------------------------------------------------------------------------------------------------
C1             28        8     Proaim(5)    4500(GS4)                  1.00     1.00     1.00    13.00
H2              6        8     Proaim(5)    1800(GS4)                  1.00     1.00     1.00    13.00
C3             49        8     Proaim(5)    4500(GS4)                  1.00     1.00     1.00    13.00
H4             24        8     Proaim(5)    4500(GS4)                  1.00     1.00     1.00    13.00
C5             45        8     Proaim(5)    4500(GS4)                  1.00     1.00     1.00    13.00
H6              9        8     Proaim(5)    1800(GS4)                  1.00     1.00     1.00    13.00
C7             55        8     Proaim(5)    4500(GS4)                  1.00     1.00     1.00    13.00
H8              9        8     Proaim(5)    1800(GS4)                  1.00     1.00     1.00    13.00
C9             70        8     Proaim(5)    4500(GS4)                  1.00     1.00     1.00    13.00
C10            84        8     Proaim(5)    4500(GS4)                  1.00     1.00     1.00    13.00
C11            36        8     Proaim(5)    5400(GS5)                  1.00     1.00     1.00    13.00
Cl12           29        8     Proaim(5)    4500(GS4)                  1.00     1.00     1.00    13.00
Cl13           14        8     Proaim(5)    3150(GS4)                  1.00     1.00     1.00    13.00
H14             9        8     Proaim(5)    1800(GS4)                  1.00     1.00     1.00    13.00
H15             8        8     Proaim(5)    1800(GS4)                  1.00     1.00     1.00    13.00
Cl16           27        8     Proaim(5)    4500(GS4)                  1.00     1.00     1.00    13.00
Cl17           25        8     Proaim(5)    4500(GS4)                  1.00     1.00     1.00    13.00
------------------------------------------------------------------------------------------------------
Total         527
Note:  Total wall clock time is less than total of atomic times if more than one atom
       was calculated at a time
 
Electron Density Critical Point Analysis of Molecular Structure:               
---------------------------------------------------------------                
  NACP = Nuclear Attractor Critical Point                                      
  NNACP = Non-Nuclear Attractor Critical Point                                 
  BCP = Bond Critical Point                                                    
  RCP = Ring Critical Point                                                    
  CCP = Cage Critical Point                                                    
  Rho = Electron Density                                                       
  GradRho = Gradient of Electron Density                                       
  HessRho_EigVals = Eigenvalues of the Hessian of Rho, Ascending Order         
  HessRho_EigVecs = Eigenvectors of the Hessian of Rho                         
  DelSqRho = Laplacian of Rho = Trace of Hessian of Rho                        
  Bond Ellipticity = (HessRho_EigVal(1) / HessRho_EigVal(2)) - 1               
  V = Virial Field = Potential Energy Density = Trace of Stress Tensor         
  G = Lagrangian Form of Kinetic Energy Density                                
  K = Hamiltonian Form of Kinetic Energy Density                               
  L = K - G = Lagrangian Density = (-1/4)DelSqRho                              
  Vnuc = Electrostatic Potential from Nuclei                                   
  Ven = Electron-nuclear attractive contribution to Virial Field V             
  Vrep = V - Ven = Repulsive contribution to Virial Field V                    
  DelSqV = Laplacian of V                                                      
  DelSqVen = Laplacian of Ven                                                  
  DelSqVrep = Laplacian of Vrep                                                
  DelSqG = Laplacian of G                                                      
  DelSqK = Laplacian of K                                                      
  Stress_EigVals = Eigenvalues of Stress Tensor, Ascending Order               
  Stress_EigVecs = Eigenvectors of Stress Tensor                               
  -DivStress = Ehrenfest Force Density = Minus Divergence of Stress Tensor     
  ESP = Total Electrostatic Potential                                          
  ESPe = Electrostatic Potential from Electrons                                
  ESPn = Electrostatic Potential from Nuclei                                   
  BP = Bond Path                                                               
  BPL = Bond Path Length                                                       
  GBL = Geometric Bond Length                                                  
  GBL_I = Distance Between Nuclear Attractors                                  
  GBL_II = Distance Between Nuclei                                             
  GBL_III = Sum of Distances Between BCP and Nuclear Attractors                
  GBL_IV = Sum of Distances Between BCP and Nuclei                             

CP# 1      Coords = -7.70077335558274E+00  2.56631907707325E+00 -8.74447226463355E-02
           Type = (3,-3) NACP C1
           Rho =  1.1767715613E+02     Rho at Nucleus =  1.1767715607E+02
           GradRho = -8.0158227278E-11  1.1111433041E-10 -1.2640238856E-10
           HessRho_EigVals = -1.4500469837E+05 -1.4500374158E+05 -1.4500357728E+05
           HessRho_EigVec1 = -5.8231739706E-01  5.7615426004E-02  8.1091732733E-01
           HessRho_EigVec2 =  3.5865744727E-01  9.1337203313E-01  1.9265607859E-01
           HessRho_EigVec3 = -7.2956924592E-01  4.0302852478E-01 -5.5253662650E-01
           DelSqRho = -4.3501201722E+05
           Bond Ellipticity = NA
           V = -1.0876323699E+05
           G =  5.1163409567E+00
           K =  1.0875812065E+05
           L =  1.0875300431E+05
           Vnuc =  6.4187118975E+06
           Ven = -7.5533576215E+08
           Vrep =  7.5522699891E+08
           DelSqV =  2.4952553078E+09
           DelSqVen =  2.7922180342E+12
           DelSqVrep = -2.7897227789E+12
           DelSqG =  1.3403176284E+08
           DelSqK = -2.6292870706E+09
           Stress_EigVals = -3.6254658408E+04 -3.6254554801E+04 -3.6254023779E+04
           Stress_EigVec1 = -7.0736787647E-01  4.3242297875E-01 -5.5914314338E-01
           Stress_EigVec2 =  3.6731100171E-01  9.0072288752E-01  2.3190711055E-01
           Stress_EigVec3 = -6.0391499018E-01  4.1335787763E-02  7.9597615371E-01
           -DivStress =  4.3671370159E+02 -3.3997837915E+02  5.2158051995E+02
           ESP =  -1.4743237964E+01     ESP at Nucleus =  -1.4743237976E+01
           ESPe = -2.9268142797E+01     ESPe at Nucleus = -2.9268144275E+01
           ESPn =  1.4524904833E+01     ESPn at Nucleus =  1.4524906299E+01

CP# 2      Coords = -7.91244666021700E+00  4.55833767172428E+00 -3.27562760345143E-01
           Type = (3,-3) NACP H2
           Rho =  4.2545896818E-01     Rho at Nucleus =  4.2175637172E-01
           GradRho =  9.7399268035E-10 -9.3256003401E-09  1.1123382099E-09
           HessRho_EigVals = -6.4791473332E+00 -6.4728697090E+00 -5.8779823035E+00
           HessRho_EigVec1 =  7.5938995026E-01  1.5581150254E-01  6.3170379064E-01
           HessRho_EigVec2 = -6.4224416461E-01  2.4078446063E-02  7.6612183199E-01
           HessRho_EigVec3 = -1.0416014812E-01  9.8749329320E-01 -1.1835395824E-01
           DelSqRho = -1.8829999346E+01
           Bond Ellipticity = NA
           V = -4.7167744562E+00
           G =  4.6373098777E-03
           K =  4.7121371463E+00
           L =  4.7074998364E+00
           Vnuc =  4.3197646524E+01
           Ven = -1.8378826118E+01
           Vrep =  1.3662051661E+01
           DelSqV =  7.0898813468E+02
           DelSqVen =  8.1341167113E+02
           DelSqVrep = -1.0442353644E+02
           DelSqG =  6.9787786506E+01
           DelSqK = -7.7877592119E+02
           Stress_EigVals = -1.6230935973E+00 -1.6226080345E+00 -1.4710728244E+00
           Stress_EigVec1 =  8.2132636709E-01  1.5400580261E-01  5.4927698976E-01
           Stress_EigVec2 = -5.6064003471E-01  4.0039895771E-02  8.2709102173E-01
           Stress_EigVec3 = -1.0538382322E-01  9.8725833474E-01 -1.1922764066E-01
           -DivStress = -8.1657354455E-01  7.8119068148E+00 -9.3315937899E-01
           ESP =  -1.1062533984E+00     ESP at Nucleus =  -1.1087299845E+00
           ESPe = -1.5755086046E+01     ESPe at Nucleus = -1.5672287161E+01
           ESPn =  1.4648832647E+01     ESPn at Nucleus =  1.4563557176E+01

CP# 3      Coords = -5.89741613089702E+00  1.60069927780746E+00  1.40304271807795E+00
           Type = (3,-3) NACP C3
           Rho =  1.1766068189E+02     Rho at Nucleus =  1.1766068171E+02
           GradRho =  3.7920529217E-10 -6.6180315015E-10  3.7146975773E-10
           HessRho_EigVals = -1.4497738289E+05 -1.4497644213E+05 -1.4497610186E+05
           HessRho_EigVec1 = -6.4507527709E-01 -5.0210138374E-02  7.6246759202E-01
           HessRho_EigVec2 =  4.8800082249E-03  9.9754771602E-01  6.9819336679E-02
           HessRho_EigVec3 = -7.6410344352E-01  4.8759576075E-02 -6.4324834344E-01
           DelSqRho = -4.3492992688E+05
           Bond Ellipticity = NA
           V = -1.0874269696E+05
           G =  5.1076211802E+00
           K =  1.0873758934E+05
           L =  1.0873248172E+05
           Vnuc =  3.8309698250E+06
           Ven = -4.5075452192E+08
           Vrep =  4.5064577923E+08
           DelSqV =  2.4947783724E+09
           DelSqVen =  1.6662034350E+12
           DelSqVrep = -1.6637086566E+12
           DelSqG =  1.3399912462E+08
           DelSqK = -2.6287774970E+09
           Stress_EigVals = -3.6247838970E+04 -3.6247676544E+04 -3.6247181448E+04
           Stress_EigVec1 = -7.6052901626E-01  1.4265618233E-01 -6.3343889134E-01
           Stress_EigVec2 =  9.1589656240E-02  9.8938151280E-01  1.1285192510E-01
           Stress_EigVec3 = -6.4281175338E-01 -2.7810713270E-02  7.6551917934E-01
           -DivStress = -5.5672251579E+02  1.0032250665E+03 -5.4909832265E+02
           ESP =  -1.4734060237E+01     ESP at Nucleus =  -1.4734060255E+01
           ESPe = -3.1702811499E+01     ESPe at Nucleus = -3.1702810762E+01
           ESPn =  1.6968751262E+01     ESPn at Nucleus =  1.6968750507E+01

CP# 4      Coords = -4.69620024228278E+00  2.87085689614291E+00  2.42581013088470E+00
           Type = (3,-3) NACP H4
           Rho =  4.2827297774E-01     Rho at Nucleus =  4.2462614158E-01
           GradRho = -8.2429931110E-10 -8.7796441341E-10 -7.0004791504E-10
           HessRho_EigVals = -6.5449556210E+00 -6.5372129941E+00 -5.9432419826E+00
           HessRho_EigVec1 =  4.5965294482E-01 -7.7544038817E-01  4.3291035413E-01
           HessRho_EigVec2 =  6.6252717859E-01 -2.5211418516E-02 -7.4861346635E-01
           HessRho_EigVec3 =  5.9141940106E-01  6.3091725984E-01  5.0216182978E-01
           DelSqRho = -1.9025410598E+01
           Bond Ellipticity = NA
           V = -4.7654169563E+00
           G =  4.5321534323E-03
           K =  4.7608848029E+00
           L =  4.7563526494E+00
           Vnuc =  4.6866027855E+01
           Ven = -2.0071453304E+01
           Vrep =  1.5306036348E+01
           DelSqV =  7.1690520937E+02
           DelSqVen =  8.9164542535E+02
           DelSqVrep = -1.7474021598E+02
           DelSqG =  7.0780985059E+01
           DelSqK = -7.8768619443E+02
           Stress_EigVals = -1.6393562371E+00 -1.6382988031E+00 -1.4877619161E+00
           Stress_EigVec1 =  5.2145854492E-01 -7.7501276763E-01  3.5698206669E-01
           Stress_EigVec2 =  6.1447637885E-01  5.0802716679E-02 -7.8729782409E-01
           Stress_EigVec3 =  5.9203020681E-01  6.2990022542E-01  5.0271854973E-01
           -DivStress =  4.6697221870E+00  4.9684142863E+00  3.9659208650E+00
           ESP =  -1.1086215566E+00     ESP at Nucleus =  -1.1110621686E+00
           ESPe = -1.9058830232E+01     ESPe at Nucleus = -1.8989847746E+01
           ESPn =  1.7950208676E+01     ESPn at Nucleus =  1.7878785577E+01

CP# 5      Coords = -5.84342725105737E+00 -2.96339049015774E+00  1.62358141343576E-01
           Type = (3,-3) NACP C5
           Rho =  1.1767724663E+02     Rho at Nucleus =  1.1767724657E+02
           GradRho = -3.2154251484E-11 -1.7089964860E-10 -9.6260638349E-11
           HessRho_EigVals = -1.4500528502E+05 -1.4500434663E+05 -1.4500418230E+05
           HessRho_EigVec1 =  9.5642136719E-01  9.2686426674E-02 -2.7688877676E-01
           HessRho_EigVec2 =  2.6642625402E-01 -6.6504293856E-01  6.9766391697E-01
           HessRho_EigVec3 =  1.1947895027E-01  7.4103111688E-01  6.6075537399E-01
           DelSqRho = -4.3501381396E+05
           Bond Ellipticity = NA
           V = -1.0876368685E+05
           G =  5.1166796249E+00
           K =  1.0875857017E+05
           L =  1.0875345349E+05
           Vnuc =  6.4525888288E+06
           Ven = -7.5932288701E+08
           Vrep =  7.5921412332E+08
           DelSqV =  2.4952661075E+09
           DelSqVen =  2.8069652890E+12
           DelSqVrep = -2.8044700229E+12
           DelSqG =  1.3403280455E+08
           DelSqK = -2.6292989120E+09
           Stress_EigVals = -3.6254806465E+04 -3.6254703165E+04 -3.6254177219E+04
           Stress_EigVec1 =  1.2949134286E-01  7.6786057920E-01  6.2739311683E-01
           Stress_EigVec2 =  2.9591673059E-01 -6.3381347416E-01  7.1464240605E-01
           Stress_EigVec3 =  9.4639594287E-01  9.3116115107E-02 -3.0929615004E-01
           -DivStress =  2.1227385152E+02  6.0268836967E+02  4.0544128862E+02
           ESP =  -1.4742038582E+01     ESP at Nucleus =  -1.4742038594E+01
           ESPe = -3.0617139910E+01     ESPe at Nucleus = -3.0617141370E+01
           ESPn =  1.5875101327E+01     ESPn at Nucleus =  1.5875102776E+01

CP# 6      Coords = -5.49166154745334E+00 -4.89461164843551E+00  6.27984562394085E-01
           Type = (3,-3) NACP H6
           Rho =  4.2553452727E-01     Rho at Nucleus =  4.2183438335E-01
           GradRho = -6.6155282142E-10  3.6302501423E-09 -8.8353605996E-10
           HessRho_EigVals = -6.4806334273E+00 -6.4742790284E+00 -5.8797706623E+00
           HessRho_EigVec1 =  3.3003512484E-01  2.7850261961E-01  9.0194961458E-01
           HessRho_EigVec2 =  9.2775723260E-01  8.0619588244E-02 -3.6437206169E-01
           HessRho_EigVec3 = -1.7419338024E-01  9.5704585724E-01 -2.3177552377E-01
           DelSqRho = -1.8834683118E+01
           Bond Ellipticity = NA
           V = -4.7179936822E+00
           G =  4.6614513626E-03
           K =  4.7133322309E+00
           L =  4.7086707795E+00
           Vnuc =  4.4716529228E+01
           Ven = -1.9028427126E+01
           Vrep =  1.4310433444E+01
           DelSqV =  7.0918337008E+02
           DelSqVen =  8.4222166431E+02
           DelSqVrep = -1.3303829424E+02
           DelSqG =  6.9811397932E+01
           DelSqK = -7.7899476801E+02
           Stress_EigVals = -1.6234684968E+00 -1.6229979905E+00 -1.4715271949E+00
           Stress_EigVec1 =  2.2329610419E-01  2.6614465439E-01  9.3771310794E-01
           Stress_EigVec2 =  9.5912145045E-01  1.1158855434E-01 -2.6006544912E-01
           Stress_EigVec3 = -1.7385307918E-01  9.5745235781E-01 -2.3034775749E-01
           -DivStress =  1.3780535353E+00 -7.5663741747E+00  1.8402367940E+00
           ESP =  -1.1047493788E+00     ESP at Nucleus =  -1.1072220351E+00
           ESPe = -1.7259038047E+01     ESPe at Nucleus = -1.7177799298E+01
           ESPn =  1.6154288668E+01     ESPn at Nucleus =  1.6070577263E+01

CP# 7      Coords = -5.42038894760357E+00 -1.10375944814447E+00  1.82793038491793E+00
           Type = (3,-3) NACP C7
           Rho =  1.1766284033E+02     Rho at Nucleus =  1.1766284018E+02
           GradRho =  1.0549916149E-10  7.0494594320E-10  1.9119533387E-10
           HessRho_EigVals = -1.4497998161E+05 -1.4497899114E+05 -1.4497867247E+05
           HessRho_EigVec1 =  9.0721989673E-01  1.4422256725E-01 -3.9516061301E-01
           HessRho_EigVec2 = -3.1489652697E-01  8.5569409744E-01 -4.1064314059E-01
           HessRho_EigVec3 =  2.7891259613E-01  4.9697833223E-01  8.2171789625E-01
           DelSqRho = -4.3493764522E+05
           Bond Ellipticity = NA
           V = -1.0874461694E+05
           G =  5.1028159938E+00
           K =  1.0873951412E+05
           L =  1.0873441130E+05
           Vnuc =  4.0541951583E+06
           Ven = -4.7702811759E+08
           Vrep =  4.7691937298E+08
           DelSqV =  2.4948222385E+09
           DelSqVen =  1.7633220690E+12
           DelSqVrep = -1.7608272468E+12
           DelSqG =  1.3400140363E+08
           DelSqK = -2.6288236421E+09
           Stress_EigVals = -3.6248479079E+04 -3.6248322682E+04 -3.6247815176E+04
           Stress_EigVec1 =  2.4522096666E-01  5.6861470218E-01  7.8520315714E-01
           Stress_EigVec2 = -3.1999823867E-01  8.1201348427E-01 -4.8809346298E-01
           Stress_EigVec3 =  9.1513267058E-01  1.3157287647E-01 -3.8107843473E-01
           -DivStress = -8.8433876450E+01 -1.1556139927E+03 -3.1772340984E+02
           ESP =  -1.4732277957E+01     ESP at Nucleus =  -1.4732277974E+01
           ESPe = -3.2080110393E+01     ESPe at Nucleus = -3.2080110226E+01
           ESPn =  1.7347832436E+01     ESPn at Nucleus =  1.7347832253E+01

CP# 8      Coords = -4.63078418484366E+00 -1.57979001406742E+00  3.63198428889580E+00
           Type = (3,-3) NACP H8
           Rho =  4.2867208914E-01     Rho at Nucleus =  4.2504921328E-01
           GradRho = -2.5558066948E-12  1.5686182821E-12 -5.8445418644E-12
           HessRho_EigVals = -6.5531114568E+00 -6.5454243022E+00 -5.9531358945E+00
           HessRho_EigVec1 =  2.3065285924E-02  9.6779232881E-01  2.5069104669E-01
           HessRho_EigVec2 =  9.2089747505E-01  7.7033704412E-02 -3.8211732339E-01
           HessRho_EigVec3 =  3.8912187427E-01 -2.3967439723E-01  8.8946070755E-01
           DelSqRho = -1.9051671653E+01
           Bond Ellipticity = NA
           V = -4.7719624745E+00
           G =  4.5222805672E-03
           K =  4.7674401939E+00
           L =  4.7629179134E+00
           Vnuc =  4.6770990773E+01
           Ven = -2.0049418326E+01
           Vrep =  1.5277455851E+01
           DelSqV =  7.1803682431E+02
           DelSqVen =  8.9106555912E+02
           DelSqVrep = -1.7302873481E+02
           DelSqG =  7.0909144938E+01
           DelSqK = -7.8894596925E+02
           Stress_EigVals = -1.6414031922E+00 -1.6403326353E+00 -1.4902266470E+00
           Stress_EigVec1 = -6.4987792793E-02  9.5642705827E-01  2.8464691987E-01
           Stress_EigVec2 =  9.1886761080E-01  1.6860338775E-01 -3.5672848423E-01
           Stress_EigVec3 =  3.8917720978E-01 -2.3836983836E-01  8.8978700797E-01
           -DivStress =  3.0635755208E+00 -1.8749345369E+00  6.9992959447E+00
           ESP =  -1.1070093256E+00     ESP at Nucleus =  -1.1094359307E+00
           ESPe = -1.8845638397E+01     ESPe at Nucleus = -1.8765875968E+01
           ESPn =  1.7738629071E+01     ESPn at Nucleus =  1.7656440037E+01

CP# 9      Coords =  1.12558675447099E+00  3.29022729700711E-01 -1.71274939163086E+00
           Type = (3,-3) NACP C9
           Rho =  1.1758218351E+02     Rho at Nucleus =  1.1758218269E+02
           GradRho = -2.8481117994E-09  6.4254214292E-09 -5.0855868752E-09
           HessRho_EigVals = -1.4486470947E+05 -1.4486353575E+05 -1.4486274101E+05
           HessRho_EigVec1 =  5.2491888610E-01 -3.6427567943E-01  7.6926158905E-01
           HessRho_EigVec2 =  7.9318078012E-01 -1.1848633445E-01 -5.9734850681E-01
           HessRho_EigVec3 =  3.0874651910E-01  9.2372302013E-01  2.2674075289E-01
           DelSqRho = -4.3459098623E+05
           Bond Ellipticity = NA
           V = -1.0865804980E+05
           G =  5.1516226561E+00
           K =  1.0865289818E+05
           L =  1.0864774656E+05
           Vnuc =  1.7795073264E+06
           Ven = -2.0923835701E+08
           Vrep =  2.0912969896E+08
           DelSqV =  2.4928249514E+09
           DelSqVen =  7.7335784829E+11
           DelSqVrep = -7.7086502334E+11
           DelSqG =  1.3387873468E+08
           DelSqK = -2.6267036861E+09
           Stress_EigVals = -3.6219584063E+04 -3.6219268008E+04 -3.6219197731E+04
           Stress_EigVec1 =  1.6130281573E-01  9.8665482007E-01  2.2218633351E-02
           Stress_EigVec2 =  5.8159164134E-01 -1.1322184737E-01  8.0556314216E-01
           Stress_EigVec3 =  7.9732839180E-01 -1.1701743164E-01 -5.9209319902E-01
           -DivStress =  8.9382102852E+02 -2.0386112427E+03  1.5857318283E+03
           ESP =  -1.4617261013E+01     ESP at Nucleus =  -1.4617261093E+01
           ESPe = -3.7594646483E+01     ESPe at Nucleus = -3.7594649100E+01
           ESPn =  2.2977385470E+01     ESPn at Nucleus =  2.2977388007E+01

CP# 10     Coords =  1.73576191074743E+00 -1.74636814102660E+00 -5.10053247763228E-01
           Type = (3,-3) NACP C10
           Rho =  1.1758160748E+02     Rho at Nucleus =  1.1758160663E+02
           GradRho =  1.3720942579E-09 -8.3018248118E-09  3.3193925784E-09
           HessRho_EigVals = -1.4486416666E+05 -1.4486295777E+05 -1.4486217995E+05
           HessRho_EigVec1 =  1.2560764802E-01  9.9193390908E-01 -1.7024651960E-02
           HessRho_EigVec2 =  7.9091346240E-01 -1.1048259795E-01 -6.0187165620E-01
           HessRho_EigVec3 =  5.9889783248E-01 -6.2134656719E-02  7.9841134178E-01
           DelSqRho = -4.3458930438E+05
           Bond Ellipticity = NA
           V = -1.0865763308E+05
           G =  5.1534934412E+00
           K =  1.0865247959E+05
           L =  1.0864732609E+05
           Vnuc =  1.7538685715E+06
           Ven = -2.0622268594E+08
           Vrep =  2.0611402831E+08
           DelSqV =  2.4928155565E+09
           DelSqVen =  7.6221253632E+11
           DelSqVrep = -7.5971971667E+11
           DelSqG =  1.3387837612E+08
           DelSqK = -2.6266939326E+09
           Stress_EigVals = -3.6219444974E+04 -3.6219124918E+04 -3.6219063189E+04
           Stress_EigVec1 =  5.4591280630E-01 -3.0965308123E-01  7.7852050532E-01
           Stress_EigVec2 = -2.6859201395E-01 -9.4483648950E-01 -1.8746289808E-01
           Stress_EigVec3 =  7.9362304526E-01 -1.0676599366E-01 -5.9896868418E-01
           -DivStress = -4.3297791020E+02  2.5352417756E+03 -1.0364528098E+03
           ESP =  -1.4617390075E+01     ESP at Nucleus =  -1.4617390157E+01
           ESPe = -3.7461698203E+01     ESPe at Nucleus = -3.7461701231E+01
           ESPn =  2.2844308128E+01     ESPn at Nucleus =  2.2844311074E+01

CP# 11     Coords =  2.81469728418689E+00  6.10138240931451E-01  4.66016780972636E-01
           Type = (3,-3) NACP C11
           Rho =  1.1751291535E+02     Rho at Nucleus =  1.1751291521E+02
           GradRho =  3.3198451170E-10  3.3501545301E-10  4.1410380087E-10
           HessRho_EigVals = -1.4478140598E+05 -1.4478084000E+05 -1.4477878459E+05
           HessRho_EigVec1 =  7.8287682836E-01 -1.2322332147E-01 -6.0985234661E-01
           HessRho_EigVec2 =  5.7141713596E-01  5.3017988250E-01  6.2641180459E-01
           HessRho_EigVec3 = -2.4614290230E-01  8.3888336808E-01 -4.8547746231E-01
           DelSqRho = -4.3434103057E+05
           Bond Ellipticity = NA
           V = -1.0859498317E+05
           G =  4.8627626887E+00
           K =  1.0859012041E+05
           L =  1.0858525764E+05
           Vnuc =  4.3701160190E+06
           Ven = -5.1354507378E+08
           Vrep =  5.1343647880E+08
           DelSqV =  2.4913930506E+09
           DelSqVen =  1.8981210522E+12
           DelSqVrep = -1.8956296591E+12
           DelSqG =  1.3380279286E+08
           DelSqK = -2.6251958434E+09
           Stress_EigVals = -3.6198624600E+04 -3.6198300874E+04 -3.6198057695E+04
           Stress_EigVec1 = -2.4586565210E-01  8.3914168348E-01 -4.8517142967E-01
           Stress_EigVec2 =  5.6814767811E-01  5.3029888715E-01  6.2927840115E-01
           Stress_EigVec3 =  7.8533960614E-01 -1.2093107680E-01 -6.0713868077E-01
           -DivStress = -5.8877215562E+02 -5.8635665162E+02 -7.2295573413E+02
           ESP =  -1.4569930142E+01     ESP at Nucleus =  -1.4569930161E+01
           ESPe = -3.8038152852E+01     ESPe at Nucleus = -3.8038153734E+01
           ESPn =  2.3468222710E+01     ESPn at Nucleus =  2.3468223573E+01

CP# 12     Coords =  1.71181773590738E+00  1.98022788944459E+00  3.39400904586709E+00
           Type = (3,-3) NACP Cl12
           Rho =  3.0208269275E+03     Rho at Nucleus =  3.0208269194E+03
           GradRho =  1.3603651779E-09 -1.9887427722E-09  9.9099450000E-10
           HessRho_EigVals = -3.0378527614E+07 -3.0378084552E+07 -3.0378072062E+07
           HessRho_EigVec1 = -3.4593297070E-01  3.9213966312E-01  8.5238305027E-01
           HessRho_EigVec2 = -2.8820660133E-01  8.2014092082E-01 -4.9427302671E-01
           HessRho_EigVec3 =  8.9289827793E-01  4.1664775842E-01  1.7069654557E-01
           DelSqRho = -9.1134684229E+07
           Bond Ellipticity = NA
           V = -2.2810879122E+07
           G =  1.3604032563E+04
           K =  2.2797275090E+07
           L =  2.2783671057E+07
           Vnuc =  2.3153943499E+07
           Ven = -6.9944056001E+10
           Vrep =  6.9921245122E+10
           DelSqV =  4.3103754352E+12
           DelSqVen =  2.1101273311E+15
           DelSqVrep = -2.1058169556E+15
           DelSqG =  2.2936326573E+11
           DelSqK = -4.5397387010E+12
           Stress_EigVals = -7.6036655222E+06 -7.6036624001E+06 -7.6035512000E+06
           Stress_EigVec1 =  8.9290446459E-01  4.1670935361E-01  1.7051372887E-01
           Stress_EigVec2 = -2.8833630929E-01  8.2008921161E-01 -4.9428317566E-01
           Stress_EigVec3 = -3.4580889210E-01  3.9218235506E-01  8.5241375548E-01
           -DivStress = -2.9914161601E+05  4.1696057212E+05  8.7956552884E+05
           ESP =  -6.4368802214E+01     ESP at Nucleus =  -6.4368802237E+01
           ESPe = -7.9191424510E+01     ESPe at Nucleus = -7.9191423232E+01
           ESPn =  1.4822622296E+01     ESPn at Nucleus =  1.4822620995E+01

CP# 13     Coords =  6.12035527049323E+00  1.34135332405851E+00  5.29337382906419E-02
           Type = (3,-3) NACP Cl13
           Rho =  3.0208329858E+03     Rho at Nucleus =  3.0208329774E+03
           GradRho =  6.1473539106E-10 -3.0413422822E-10 -6.7427804659E-11
           HessRho_EigVals = -3.0378597324E+07 -3.0378151578E+07 -3.0378138028E+07
           HessRho_EigVec1 =  9.6899638086E-01  2.0178080715E-01 -1.4258513161E-01
           HessRho_EigVec2 = -2.4618640923E-01  8.3741024013E-01 -4.8799215325E-01
           HessRho_EigVec3 =  2.0934798735E-02  5.0796515194E-01  8.6112318434E-01
           DelSqRho = -9.1134886929E+07
           Bond Ellipticity = NA
           V = -2.2810929895E+07
           G =  1.3604081371E+04
           K =  2.2797325814E+07
           L =  2.2783721732E+07
           Vnuc =  2.2894603724E+07
           Ven = -6.9160774127E+10
           Vrep =  6.9137963197E+10
           DelSqV =  4.3103849931E+12
           DelSqVen =  2.0864971760E+15
           DelSqVrep = -2.0821867910E+15
           DelSqG =  2.2936382725E+11
           DelSqK = -4.5397488203E+12
           Stress_EigVals = -7.6036828487E+06 -7.6036794614E+06 -7.6035675850E+06
           Stress_EigVec1 =  2.0831483472E-02  5.0793932448E-01  8.6114092456E-01
           Stress_EigVec2 = -2.4618635921E-01  8.3741269325E-01 -4.8798796883E-01
           Stress_EigVec3 =  9.6899862014E-01  2.0183563567E-01 -1.4249228167E-01
           -DivStress =  9.9793859701E+05  2.3029726954E+05 -1.0834902871E+05
           ESP =  -6.4369617108E+01     ESP at Nucleus =  -6.4369617132E+01
           ESPe = -7.8172607999E+01     ESPe at Nucleus = -7.8172606585E+01
           ESPn =  1.3802990891E+01     ESPn at Nucleus =  1.3802989453E+01

CP# 14     Coords = -6.53913304799225E+00 -2.58942526631120E+00 -1.69658212589599E+00
           Type = (3,-3) NACP H14
           Rho =  4.2482139534E-01     Rho at Nucleus =  4.2113818875E-01
           GradRho =  2.4111659582E-10 -1.3158562817E-10  6.4537252598E-10
           HessRho_EigVals = -6.4684928399E+00 -6.4620399478E+00 -5.8699675967E+00
           HessRho_EigVec1 =  2.6254190364E-02  9.8144736731E-01  1.8992572943E-01
           HessRho_EigVec2 =  9.3851982953E-01  4.1222767772E-02 -3.4275532527E-01
           HessRho_EigVec3 =  3.4422557586E-01 -1.8724782676E-01  9.2002554546E-01
           DelSqRho = -1.8800500384E+01
           Bond Ellipticity = NA
           V = -4.7095182557E+00
           G =  4.6965797990E-03
           K =  4.7048216759E+00
           L =  4.7001250961E+00
           Vnuc =  4.5271209880E+01
           Ven = -1.9232178550E+01
           Vrep =  1.4522660294E+01
           DelSqV =  7.0793930910E+02
           DelSqVen =  8.5112139990E+02
           DelSqVrep = -1.4318209080E+02
           DelSqG =  6.9675772285E+01
           DelSqK = -7.7761508138E+02
           Stress_EigVals = -1.6204303612E+00 -1.6198966993E+00 -1.4691911951E+00
           Stress_EigVec1 = -6.2945766216E-02  9.7348351162E-01  2.1992654027E-01
           Stress_EigVec2 =  9.3718632892E-01  1.3341369960E-01 -3.2230819047E-01
           Stress_EigVec3 =  3.4310292246E-01 -1.8582421090E-01  9.2073326607E-01
           -DivStress = -2.7086391491E+00  1.4772812017E+00 -7.2536422027E+00
           ESP =  -1.1054650054E+00     ESP at Nucleus =  -1.1079161294E+00
           ESPe = -1.7773844554E+01     ESPe at Nucleus = -1.7696956504E+01
           ESPn =  1.6668379548E+01     ESPn at Nucleus =  1.6589040374E+01

CP# 15     Coords = -9.01421856806354E+00  1.38845648705259E+00 -1.07080836772101E+00
           Type = (3,-3) NACP H15
           Rho =  4.2484506724E-01     Rho at Nucleus =  4.2115947649E-01
           GradRho =  4.2129742355E-09  3.7905518564E-09  3.1416118772E-09
           HessRho_EigVals = -6.4689877396E+00 -6.4626053584E+00 -5.8701194916E+00
           HessRho_EigVec1 =  4.1427205820E-01 -8.0807461704E-01  4.1880075824E-01
           HessRho_EigVec2 = -6.3713440034E-01  7.1116992223E-02  7.6746474142E-01
           HessRho_EigVec3 =  6.4995262728E-01  5.8477156798E-01  4.8539035381E-01
           DelSqRho = -1.8801712590E+01
           Bond Ellipticity = NA
           V = -4.7097866584E+00
           G =  4.6792554838E-03
           K =  4.7051074029E+00
           L =  4.7004281474E+00
           Vnuc =  4.3690584204E+01
           Ven = -1.8561729184E+01
           Vrep =  1.3851942526E+01
           DelSqV =  7.0797530570E+02
           DelSqVen =  8.2145781765E+02
           DelSqVrep = -1.1348251194E+02
           DelSqG =  6.9679919325E+01
           DelSqK = -7.7765522503E+02
           Stress_EigVals = -1.6205558622E+00 -1.6200064330E+00 -1.4692243631E+00
           Stress_EigVec1 =  4.6872466402E-01 -8.1214091605E-01  3.4745405713E-01
           Stress_EigVec2 = -5.9672546144E-01 -1.0925043987E-03  8.0244472090E-01
           Stress_EigVec3 =  6.5131859563E-01  5.8346031477E-01  4.8513724664E-01
           -DivStress = -5.1282166212E+00 -4.6114216051E+00 -3.8231543329E+00
           ESP =  -1.1068716926E+00     ESP at Nucleus =  -1.1093242243E+00
           ESPe = -1.6203266900E+01     ESPe at Nucleus = -1.6124395354E+01
           ESPn =  1.5096395208E+01     ESPn at Nucleus =  1.5015071130E+01

CP# 16     Coords =  1.58868772466909E+00 -4.91071424387537E+00 -1.44729832411442E-01
           Type = (3,-3) NACP Cl16
           Rho =  3.0208032278E+03     Rho at Nucleus =  3.0208032140E+03
           GradRho =  2.8267182345E-09 -3.4859935103E-09 -2.3368872983E-10
           HessRho_EigVals = -3.0378441269E+07 -3.0377982884E+07 -3.0377945293E+07
           HessRho_EigVec1 =  5.0307256490E-02  9.9285651730E-01 -1.0819018441E-01
           HessRho_EigVec2 =  7.8204007798E-01 -1.0653801626E-01 -6.1405453140E-01
           HessRho_EigVec3 =  6.2119441110E-01  5.3717661445E-02  7.8181322352E-01
           DelSqRho = -9.1134369445E+07
           Bond Ellipticity = NA
           V = -2.2810798103E+07
           G =  1.3602870940E+04
           K =  2.2797195232E+07
           L =  2.2783592361E+07
           Vnuc =  1.7822976449E+07
           Ven = -5.3839704787E+10
           Vrep =  5.3816893989E+10
           DelSqV =  4.3103621977E+12
           DelSqVen =  1.6242857224E+15
           DelSqVrep = -1.6199753602E+15
           DelSqG =  2.2936348313E+11
           DelSqK = -4.5397256809E+12
           Stress_EigVals = -7.6036440498E+06 -7.6036346436E+06 -7.6035194098E+06
           Stress_EigVec1 =  6.2129038421E-01  5.3785676187E-02  7.8173228123E-01
           Stress_EigVec2 =  7.8196613449E-01 -1.0656290552E-01 -6.1414437364E-01
           Stress_EigVec3 =  5.0271492818E-02  9.9285016402E-01 -1.0826508582E-01
