AIMSum (Version 19.02.13, Professional)
Copyright (c) 1997-2019 by Todd A. Keith
AIMSum is a component of the AIMAll package ( http://aim.tkgristmill.com )

TP:  64-bit Linux

Much of the Quantum Theory of Atoms in Molecules (QTAIM) is described in the book:
  "Atoms in Molecules - A Quantum Theory"
  R.F.W. Bader, Oxford University Press, Oxford, 1990

For additional references see:  http://aim.tkgristmill.com/references.html

Wfn File:  /home/mhennefarth/Documents/ML_Diels/summary-levandowski2016/46-opt/46-opt.wfn
Sum File:  /home/mhennefarth/Documents/ML_Diels/summary-levandowski2016/46-opt/46-opt.sum

SumViz File:  /home/mhennefarth/Documents/ML_Diels/summary-levandowski2016/46-opt/46-opt.sumviz

Wfn Title:   Title Card Required                                                           
 
Total memory allocated for AIMSum =        1.033 Megabytes

Atomic units (a.u.) used throughout, except where stated otherwise

Model:  Restricted SCF
 
Restricted, closed-shell, single-determinant wavefunction.
  Number of electrons (from MO Occs)                   =         116.0000000000
  Number of Alpha electrons (from MO Occs)             =          58.0000000000
  Number of Beta electrons (from MO Occs)              =          58.0000000000
  Number of electron pairs (N*(N-1)/2)                 =        6670.0000000000
  Number of electron pairs (from Muller 2EDM)          =        6670.0000000000
 
Nuclear Charges and Cartesian Coordinates:
-------------------------------------------------------------------------------
Atom      Charge                X                  Y                  Z
-------------------------------------------------------------------------------
C1         6.0           5.5522620600E+00   2.7499864400E+00   1.8122567300E+00
H2         1.0           5.1825935500E+00   4.7609520900E+00   1.6332212000E+00
C3         6.0           6.6080621100E+00   1.4303194100E+00  -7.2967770000E-02
H4         1.0           7.1652529600E+00   2.4357438000E+00  -1.7836183700E+00
C5         6.0           5.8974355900E+00  -3.0552576000E+00   1.2557926300E+00
H6         1.0           6.4555841800E+00  -5.0297708000E+00   1.1999105300E+00
C7         6.0           7.1618711400E+00  -1.2924993200E+00  -4.8930920000E-02
H8         1.0           8.7316045900E+00  -1.8893450300E+00  -1.2433447800E+00
C9         6.0          -1.5991537600E+00   1.6085663100E+00  -9.1262887000E-01
C10        6.0          -1.2641711800E+00  -7.3198123000E-01  -1.6450484900E+00
C11        6.0          -2.8214247900E+00  -3.5162937000E-01   6.1556428000E-01
Cl12      17.0          -1.6590403400E+00  -1.1553135900E+00   3.7234018700E+00
Cl13      17.0          -6.2005710900E+00  -8.0633231000E-01   5.2141012000E-01
H14        1.0           5.0495011100E+00   1.8750914700E+00   3.6015001200E+00
H15        1.0           4.2580515900E+00  -2.5921964100E+00   2.4044778300E+00
Cl16      17.0          -1.1479079200E+00   4.7439878400E+00  -1.2794185600E+00
Cl17      17.0          -5.4355650000E-02  -2.8826656300E+00  -3.6616506100E+00
 
Some Atomic Properties:
----------------------
  q(A) = Net Charge of Atom A
  L(A) = Lagrangian of Atom A = -(1/4) Times Atomic Integral of the Laplacian of the Electron Density
  K(A) = Electronic Kinetic Energy of Atom A (Hamiltonian Form)
  K_Scaled(A) = K(A) * E(Mol)/K(Mol) = Approximation to Virial-Based Total Energy of Atom A.
  |Mu_Intra(A)| = Magnitude of Intraatomic Dipole Moment of Atom A
--------------------------------------------------------------------------------------------------
Atom A          q(A)              L(A)              K(A)          K_Scaled(A)      |Mu_Intra(A)|
--------------------------------------------------------------------------------------------------
C1       -8.9676854300E-02  3.5337068519E-04  3.7704905855E+01 -3.7853758413E+01  1.1218370307E-01
H2        4.1850272330E-02  1.7705715289E-05  5.9503285180E-01 -5.9738194035E-01  1.4796275979E-01
C3       -3.3002793400E-02 -2.3695402486E-04  3.7701377169E+01 -3.7850215797E+01  7.2168306029E-02
H4        3.1041698810E-02  2.3336738413E-05  6.0331889494E-01 -6.0570069538E-01  1.5192727071E-01
C5       -8.9620272700E-02  1.5249707991E-04  3.7705783648E+01 -3.7854639672E+01  1.1408950135E-01
H6        4.2897860560E-02  2.5406919641E-05  5.9468150113E-01 -5.9702920260E-01  1.4787414342E-01
C7       -3.1729128700E-02 -5.2742229738E-05  3.7701091437E+01 -3.7849928937E+01  7.2905557085E-02
H8        3.1920427880E-02  2.8255421970E-05  6.0297548478E-01 -6.0535592949E-01  1.5162991463E-01
C9        1.1404865720E-01  3.4519340040E-05  3.7665461487E+01 -3.7814158326E+01  3.8056166582E-02
C10       1.1502600300E-01 -3.1674007449E-05  3.7664807926E+01 -3.7813502185E+01  3.6431911089E-02
C11       2.9105046940E-01  7.7136364712E-05  3.7419441565E+01 -3.7567167159E+01  3.8561708579E-02
Cl12     -1.9760666600E-01  1.2195766196E-05  4.5891458371E+02 -4.6072630047E+02  1.9401503185E-01
Cl13     -1.9438517100E-01  1.6402696446E-05  4.5891689887E+02 -4.6072862477E+02  1.9033641932E-01
H14       4.6519050380E-02 -3.2394106965E-06  5.9233969244E-01 -5.9467814885E-01  1.4694457013E-01
H15       4.8537987650E-02  1.9313157121E-05  5.9140430527E-01 -5.9373906893E-01  1.4398647782E-01
Cl16     -6.6208871000E-02 -3.3415781611E-06  4.5885707547E+02 -4.6066856520E+02  1.7305712976E-01
Cl17     -6.0457205000E-02 -2.8598590890E-07  4.5885657468E+02 -4.6066806243E+02  1.7078537092E-01
--------------------------------------------------------------------------------------------------
Total     2.0546511000E-04  4.3190264811E-04  2.1026877545E+03 -2.1109888083E+03
 
1st Largest |L(A)| = 3.5337068519E-04, atom C1      
2nd Largest |L(A)| = 2.3695402486E-04, atom C3      
 
Molecular charge q(Mol) from the wfn file:   0.0000000000E+00
Molecular energy E(Mol) from the wfn file:  -2.1109886102E+03
Molecular virial ratio (-V(Mol)/T(Mol)) from the wfn file:   2.0039478300E+00
Note.  K_Scaled(A) = (1+V(Mol)/T(Mol))*K(A) = (E(Mol)/T(Mol))*K(A)
       Only use K_Scaled(A) data with caution.
 
N_AIMInt(SumA)     =        115.999795
N_Analytic(Mol)    =        115.999991
 
G_AIMInt(SumA)     =       2102.687323
G_Analytic(Mol)    =       2102.687539
 
K_AIMInt(SumA)     =       2102.687755
K_Analytic(Mol)    =       2102.687539
 
L_AIMInt(SumA)     =          0.000432
L_Analytic(Mol)    =          0.000000
 
VenT_AIMInt(SumA)  =      -6855.486789
VenT_Analytic(Mol) =      -6855.488927
 
Some Information About the Atomic Calculations:
----------------------------------------------
  Time(sec) = "Elapsed User Time", in Seconds, for Atom A by AIMInt and, if used, by TWOe
  NProc = Number of Processors Used for AIMInt Job
  BIM = Basin Integration Method
  OAQ = Angular Quadrature Outside of Beta Sphere
  ORQ = Multiple of Default for Radial Quadrature Outside of Beta Sphere
  IAQ = Multiple of Default for Angular Quadrature Inside of Beta Sphere
  IRQ = Multiple of Default for Radial Quadrature Inside of Beta Sphere
  MIR = Maximum Integration Radius
------------------------------------------------------------------------------------------------------
Atom A     Time(sec)   NProc      BIM          OAQ                     ORQ      IAQ      IRQ      MIR
------------------------------------------------------------------------------------------------------
C1            110        8    Promega(1)    4500(GS4)                  1.00     1.00     1.00    13.00
H2              9        8     Proaim(5)    1800(GS4)                  1.00     1.00     1.00    13.00
C3             56        8     Proaim(5)    4500(GS4)                  1.00     1.00     1.00    13.00
H4              7        8     Proaim(5)    1800(GS4)                  1.00     1.00     1.00    13.00
C5             62        8     Proaim(5)    4500(GS4)                  1.00     1.00     1.00    13.00
H6              7        8     Proaim(5)    1800(GS4)                  1.00     1.00     1.00    13.00
C7             56        8     Proaim(5)    4500(GS4)                  1.00     1.00     1.00    13.00
H8              6        8     Proaim(5)    1800(GS4)                  1.00     1.00     1.00    13.00
C9             37        8     Proaim(5)    4500(GS4)                  1.00     1.00     1.00    13.00
C10            32        8     Proaim(5)    4500(GS4)                  1.00     1.00     1.00    13.00
C11            38        8     Proaim(5)    5400(GS5)                  1.00     1.00     1.00    13.00
Cl12           31        8     Proaim(5)    4500(GS4)                  1.00     1.00     1.00    13.00
Cl13           14        8     Proaim(5)    3150(GS4)                  1.00     1.00     1.00    13.00
H14            38        8     Proaim(5)    1800(GS4)                  1.00     1.00     1.00    13.00
H15            36        8     Proaim(5)    4500(GS4)                  1.00     1.00     1.00    13.00
Cl16           34        8     Proaim(5)    4500(GS4)                  1.00     1.00     1.00    13.00
Cl17           26        8     Proaim(5)    4500(GS4)                  1.00     1.00     1.00    13.00
------------------------------------------------------------------------------------------------------
Total         599
Note:  Total wall clock time is less than total of atomic times if more than one atom
       was calculated at a time
 
Electron Density Critical Point Analysis of Molecular Structure:               
---------------------------------------------------------------                
  NACP = Nuclear Attractor Critical Point                                      
  NNACP = Non-Nuclear Attractor Critical Point                                 
  BCP = Bond Critical Point                                                    
  RCP = Ring Critical Point                                                    
  CCP = Cage Critical Point                                                    
  Rho = Electron Density                                                       
  GradRho = Gradient of Electron Density                                       
  HessRho_EigVals = Eigenvalues of the Hessian of Rho, Ascending Order         
  HessRho_EigVecs = Eigenvectors of the Hessian of Rho                         
  DelSqRho = Laplacian of Rho = Trace of Hessian of Rho                        
  Bond Ellipticity = (HessRho_EigVal(1) / HessRho_EigVal(2)) - 1               
  V = Virial Field = Potential Energy Density = Trace of Stress Tensor         
  G = Lagrangian Form of Kinetic Energy Density                                
  K = Hamiltonian Form of Kinetic Energy Density                               
  L = K - G = Lagrangian Density = (-1/4)DelSqRho                              
  Vnuc = Electrostatic Potential from Nuclei                                   
  Ven = Electron-nuclear attractive contribution to Virial Field V             
  Vrep = V - Ven = Repulsive contribution to Virial Field V                    
  DelSqV = Laplacian of V                                                      
  DelSqVen = Laplacian of Ven                                                  
  DelSqVrep = Laplacian of Vrep                                                
  DelSqG = Laplacian of G                                                      
  DelSqK = Laplacian of K                                                      
  Stress_EigVals = Eigenvalues of Stress Tensor, Ascending Order               
  Stress_EigVecs = Eigenvectors of Stress Tensor                               
  -DivStress = Ehrenfest Force Density = Minus Divergence of Stress Tensor     
  ESP = Total Electrostatic Potential                                          
  ESPe = Electrostatic Potential from Electrons                                
  ESPn = Electrostatic Potential from Nuclei                                   
  BP = Bond Path                                                               
  BPL = Bond Path Length                                                       
  GBL = Geometric Bond Length                                                  
  GBL_I = Distance Between Nuclear Attractors                                  
  GBL_II = Distance Between Nuclei                                             
  GBL_III = Sum of Distances Between BCP and Nuclear Attractors                
  GBL_IV = Sum of Distances Between BCP and Nuclei                             

CP# 1      Coords =  5.55226155534486E+00  2.74998697319307E+00  1.81225720804786E+00
           Type = (3,-3) NACP C1
           Rho =  1.1767832865E+02     Rho at Nucleus =  1.1767832860E+02
           GradRho = -2.8860386303E-11  9.7348684669E-11  6.5980526598E-11
           HessRho_EigVals = -1.4500662141E+05 -1.4500564956E+05 -1.4500549525E+05
           HessRho_EigVec1 =  9.2161024720E-01  2.2082099254E-01  3.1917493873E-01
           HessRho_EigVec2 = -2.0186482016E-02  8.4852787006E-01 -5.2876550538E-01
           HessRho_EigVec3 = -3.8759135466E-01  4.8087268896E-01  7.8646957907E-01
           DelSqRho = -4.3501776621E+05
           Bond Ellipticity = NA
           V = -1.0876467634E+05
           G =  5.1173927980E+00
           K =  1.0875955895E+05
           L =  1.0875444155E+05
           Vnuc =  6.8487713369E+06
           Ven = -8.0595196425E+08
           Vrep =  8.0584319958E+08
           DelSqV =  2.4952886856E+09
           DelSqVen =  2.9793373716E+12
           DelSqVrep = -2.9768420830E+12
           DelSqG =  1.3403400323E+08
           DelSqK = -2.6293226888E+09
           Stress_EigVals = -3.6255137078E+04 -3.6255037480E+04 -3.6254501781E+04
           Stress_EigVec1 = -3.9908346304E-01  5.4157770601E-01  7.3988240814E-01
           Stress_EigVec2 =  3.0143257270E-02  8.1423923372E-01 -5.7974637067E-01
           Stress_EigVec3 =  9.1641899455E-01  2.0906472351E-01  3.4127432926E-01
           -DivStress =  4.0857307314E+02 -4.3471310264E+02 -3.8974747787E+02
           ESP =  -1.4743397717E+01     ESP at Nucleus =  -1.4743397728E+01
           ESPe = -3.0636628493E+01     ESPe at Nucleus = -3.0636629297E+01
           ESPn =  1.5893230777E+01     ESPn at Nucleus =  1.5893231569E+01

CP# 2      Coords =  5.18888563443533E+00  4.72666944292434E+00  1.63630998548008E+00
           Type = (3,-3) NACP H2
           Rho =  4.2571653033E-01     Rho at Nucleus =  4.2201833048E-01
           GradRho =  1.3392117311E-09 -7.2999370270E-09  6.5799573765E-10
           HessRho_EigVals = -6.4841745545E+00 -6.4779096227E+00 -5.8833762610E+00
           HessRho_EigVec1 =  3.9451429330E-01 -9.5704540875E-03 -9.1883996364E-01
           HessRho_EigVec2 =  9.0110860871E-01  1.9979171888E-01  3.8482014548E-01
           HessRho_EigVec3 = -1.7989371218E-01  9.7979164901E-01 -8.7444707350E-02
           DelSqRho = -1.8845460438E+01
           Bond Ellipticity = NA
           V = -4.7206685433E+00
           G =  4.6517168952E-03
           K =  4.7160168265E+00
           L =  4.7113651096E+00
           Vnuc =  4.4868229978E+01
           Ven = -1.9101147189E+01
           Vrep =  1.4380478645E+01
           DelSqV =  7.0961052849E+02
           DelSqVen =  8.4556246513E+02
           DelSqVrep = -1.3595193664E+02
           DelSqG =  6.9860917553E+01
           DelSqK = -7.7947144604E+02
           Stress_EigVals = -1.6243654847E+00 -1.6238739675E+00 -1.4724290912E+00
           Stress_EigVec1 = -3.0205664093E-01  2.8011897851E-02  9.5287833392E-01
           Stress_EigVec2 =  9.3607038438E-01  1.9784363204E-01  2.9091258611E-01
           Stress_EigVec3 = -1.8037189683E-01  9.7983326686E-01 -8.5981090911E-02
           -DivStress = -1.4226208709E+00  7.7477814401E+00 -6.9686615975E-01
           ESP =  -1.1059485721E+00     ESP at Nucleus =  -1.1084189077E+00
           ESPe = -1.7396109914E+01     ESPe at Nucleus = -1.7316542235E+01
           ESPn =  1.6290161341E+01     ESPn at Nucleus =  1.6208123327E+01

CP# 3      Coords =  6.60806273815226E+00  1.43031819853130E+00 -7.29684690472727E-02
           Type = (3,-3) NACP C3
           Rho =  1.1765928653E+02     Rho at Nucleus =  1.1765928636E+02
           GradRho =  3.1321067268E-10 -6.3376353774E-10 -3.7626660294E-10
           HessRho_EigVals = -1.4497520566E+05 -1.4497426481E+05 -1.4497393875E+05
           HessRho_EigVec1 =  9.0603018089E-01  1.3033398489E-01  4.0264421479E-01
           HessRho_EigVec2 = -1.9152540574E-03  9.5265130476E-01 -3.0405891425E-01
           HessRho_EigVec3 = -4.2320874651E-01  2.7471538711E-01  8.6338045667E-01
           DelSqRho = -4.3492340922E+05
           Bond Ellipticity = NA
           V = -1.0874105839E+05
           G =  5.1030408506E+00
           K =  1.0873595535E+05
           L =  1.0873085230E+05
           Vnuc =  3.9132367017E+06
           Ven = -4.6042863836E+08
           Vrep =  4.6031989730E+08
           DelSqV =  2.4947405370E+09
           DelSqVen =  1.7019581891E+12
           DelSqVrep = -1.6994634485E+12
           DelSqG =  1.3399666799E+08
           DelSqK = -2.6287372050E+09
           Stress_EigVals = -3.6247290440E+04 -3.6247131109E+04 -3.6246636838E+04
           Stress_EigVec1 = -4.2402877880E-01  3.4234276636E-01  8.3845156394E-01
           Stress_EigVec2 =  7.8908959562E-03  9.2716361988E-01 -3.7457356517E-01
           Stress_EigVec3 =  9.0561433762E-01  1.5221383735E-01  3.9584544864E-01
           -DivStress = -5.1003824920E+02  9.8559647608E+02  5.6393586787E+02
           ESP =  -1.4732748955E+01     ESP at Nucleus =  -1.4732748974E+01
           ESPe = -3.1221434259E+01     ESPe at Nucleus = -3.1221434714E+01
           ESPn =  1.6488685304E+01     ESPn at Nucleus =  1.6488685741E+01

CP# 4      Coords =  7.15605709524452E+00  2.41890712420378E+00 -1.75526573643085E+00
           Type = (3,-3) NACP H4
           Rho =  4.2932517309E-01     Rho at Nucleus =  4.2573924121E-01
           GradRho = -6.5832755913E-16 -3.7016830573E-15  4.6358316491E-15
           HessRho_EigVals = -6.5641878728E+00 -6.5563901447E+00 -5.9672605973E+00
           HessRho_EigVec1 =  3.7284050413E-01 -8.4555288423E-01 -3.8213908260E-01
           HessRho_EigVec2 =  8.8832646008E-01  2.0628267771E-01  4.1027254014E-01
           HessRho_EigVec3 = -2.6807845642E-01 -4.9243047920E-01  8.2803753801E-01
           DelSqRho = -1.9087838615E+01
           Bond Ellipticity = NA
           V = -4.7810645022E+00
           G =  4.5524242560E-03
           K =  4.7765120779E+00
           L =  4.7719596537E+00
           Vnuc =  4.5490670557E+01
           Ven = -1.9530290011E+01
           Vrep =  1.4749225509E+01
           DelSqV =  7.1959298330E+02
           DelSqVen =  8.6831857807E+02
           DelSqVrep = -1.4872559478E+02
           DelSqG =  7.1068436247E+01
           DelSqK = -7.9066141954E+02
           Stress_EigVals = -1.6441750750E+00 -1.6431128672E+00 -1.4937765600E+00
           Stress_EigVec1 =  2.8774108450E-01 -8.6178737549E-01 -4.1776499103E-01
           Stress_EigVec2 =  9.1927967125E-01  1.2620520478E-01  3.7282319176E-01
           Stress_EigVec3 = -2.6857020371E-01 -4.9131941314E-01  8.2853803772E-01
           -DivStress =  2.1043554729E+00  3.8522757568E+00 -6.4881682401E+00
           ESP =  -1.1069822328E+00     ESP at Nucleus =  -1.1093872233E+00
           ESPe = -1.7386211934E+01     ESPe at Nucleus = -1.7298881831E+01
           ESPn =  1.6279229701E+01     ESPn at Nucleus =  1.6189494607E+01

CP# 5      Coords =  5.89743537054894E+00 -3.05525826638806E+00  1.25579309117427E+00
           Type = (3,-3) NACP C5
           Rho =  1.1768087582E+02     Rho at Nucleus =  1.1768087576E+02
           GradRho =  7.5330020000E-12 -1.2587151113E-10  8.2252510358E-11
           HessRho_EigVals = -1.4501039802E+05 -1.4500940848E+05 -1.4500925314E+05
           HessRho_EigVec1 =  5.5721810267E-01  1.4805317533E-01  8.1706073418E-01
           HessRho_EigVec2 =  6.0533005077E-01 -7.4598026021E-01 -2.7764902489E-01
           HessRho_EigVec3 =  5.6840435932E-01  6.4930247855E-01 -5.0529474136E-01
           DelSqRho = -4.3502905964E+05
           Bond Ellipticity = NA
           V = -1.0876749896E+05
           G =  5.1170245053E+00
           K =  1.0876238193E+05
           L =  1.0875726491E+05
           Vnuc =  7.1463500060E+06
           Ven = -8.4098872759E+08
           Vrep =  8.4087996009E+08
           DelSqV =  2.4953538645E+09
           DelSqVen =  3.1088699802E+12
           DelSqVrep = -3.1063746263E+12
           DelSqG =  1.3403808724E+08
           DelSqK = -2.6293919517E+09
           Stress_EigVals = -3.6256079235E+04 -3.6255980273E+04 -3.6255439452E+04
           Stress_EigVec1 =  5.0553081017E-01  7.0680551704E-01 -4.9483791392E-01
           Stress_EigVec2 =  6.3913081892E-01 -6.9204259592E-01 -3.3554260792E-01
           Stress_EigVec3 =  5.7961228099E-01  1.4663903473E-01  8.0159004312E-01
           -DivStress =  1.7826729851E+02  5.4304097769E+02 -3.7444104444E+02
           ESP =  -1.4744528178E+01     ESP at Nucleus =  -1.4744528188E+01
           ESPe = -3.0393005800E+01     ESPe at Nucleus = -3.0393006857E+01
           ESPn =  1.5648477623E+01     ESPn at Nucleus =  1.5648478669E+01

CP# 6      Coords =  6.44602809393870E+00 -4.99610634302953E+00  1.20087046592817E+00
           Type = (3,-3) NACP H6
           Rho =  4.2555093996E-01     Rho at Nucleus =  4.2185142159E-01
           GradRho = -1.2126657319E-09  4.2715998159E-09  1.2214500873E-10
           HessRho_EigVals = -6.4808864320E+00 -6.4747241151E+00 -5.8800180232E+00
           HessRho_EigVec1 =  7.3564168695E-01  2.2624269244E-01 -6.3847126211E-01
           HessRho_EigVec2 =  6.2024918718E-01  1.5386067165E-01  7.6916697766E-01
           HessRho_EigVec3 = -2.7225402518E-01  9.6184257435E-01  2.7140522047E-02
           DelSqRho = -1.8835628570E+01
           Bond Ellipticity = NA
           V = -4.7181841123E+00
           G =  4.6384848448E-03
           K =  4.7135456274E+00
           L =  4.7089071426E+00
           Vnuc =  4.3865753046E+01
           Ven = -1.8667112441E+01
           Vrep =  1.3948928328E+01
           DelSqV =  7.0922077267E+02
           DelSqVen =  8.2623903855E+02
           DelSqVrep = -1.1701826588E+02
           DelSqG =  6.9814322882E+01
           DelSqK = -7.7903509555E+02
           Stress_EigVals = -1.6235527390E+00 -1.6230502212E+00 -1.4715811520E+00
           Stress_EigVec1 =  7.9367269231E-01  2.3883045809E-01 -5.5950305609E-01
           Stress_EigVec2 =  5.4463136900E-01  1.3080462696E-01  8.2841222918E-01
           Stress_EigVec3 = -2.7103566072E-01  9.6221107968E-01  2.6258498901E-02
           -DivStress =  2.1575743102E+00 -7.6044367931E+00 -2.1598105810E-01
           ESP =  -1.1071779233E+00     ESP at Nucleus =  -1.1096521903E+00
           ESPe = -1.6407750154E+01     ESPe at Nucleus = -1.6318026675E+01
           ESPn =  1.5300572231E+01     ESPn at Nucleus =  1.5208374485E+01

CP# 7      Coords =  7.16187141411709E+00 -1.29249786795753E+00 -4.89315080689216E-02
           Type = (3,-3) NACP C7
           Rho =  1.1765767020E+02     Rho at Nucleus =  1.1765767002E+02
           GradRho =  1.5524599835E-10  8.1253353048E-10 -3.3856142195E-10
           HessRho_EigVals = -1.4497302874E+05 -1.4497211856E+05 -1.4497177873E+05
           HessRho_EigVec1 =  6.5068975995E-01  8.6958004998E-02  7.5434815680E-01
           HessRho_EigVec2 =  4.0507837968E-01 -8.8001252941E-01 -2.4797067245E-01
           HessRho_EigVec3 =  6.4227279454E-01  4.6692210640E-01 -6.0783994928E-01
           DelSqRho = -4.3491692603E+05
           Bond Ellipticity = NA
           V = -1.0873944225E+05
           G =  5.1053732119E+00
           K =  1.0873433688E+05
           L =  1.0872923151E+05
           Vnuc =  3.7726366634E+06
           Ven = -4.4387964034E+08
           Vrep =  4.4377090090E+08
           DelSqV =  2.4947033831E+09
           DelSqVen =  1.6407836918E+12
           DelSqVrep = -1.6382889884E+12
           DelSqG =  1.3399450719E+08
           DelSqK = -2.6286978903E+09
           Stress_EigVals = -3.6246751857E+04 -3.6246588602E+04 -3.6246101796E+04
           Stress_EigVec1 =  6.1187579988E-01  5.3178898592E-01 -5.8549848844E-01
           Stress_EigVec2 =  4.6710982015E-01 -8.4032043749E-01 -2.7508176648E-01
           Stress_EigVec3 =  6.3829179960E-01  1.0517621774E-01  7.6257559742E-01
           -DivStress = -2.2004620773E+02 -1.1803269364E+03  4.7485006646E+02
           ESP =  -1.4733642894E+01     ESP at Nucleus =  -1.4733642913E+01
           ESPe = -3.0794226860E+01     ESPe at Nucleus = -3.0794226990E+01
           ESPn =  1.6060583967E+01     ESPn at Nucleus =  1.6060584077E+01

CP# 8      Coords =  8.70551313587308E+00 -1.87926093022452E+00 -1.22355556379785E+00
           Type = (3,-3) NACP H8
           Rho =  4.2922449671E-01     Rho at Nucleus =  4.2563331018E-01
           GradRho = -2.5318289132E-15  9.7580906029E-16  6.9865987995E-16
           HessRho_EigVals = -6.5620842264E+00 -6.5542756909E+00 -5.9647452056E+00
           HessRho_EigVec1 =  1.3086199598E-01  9.4211987702E-01 -3.0868313096E-01
           HessRho_EigVec2 =  6.3481380488E-01  1.5953028817E-01  7.5601687831E-01
           HessRho_EigVec3 =  7.6150283725E-01 -2.9489019056E-01 -5.7719425185E-01
           DelSqRho = -1.9081105123E+01
           Bond Ellipticity = NA
           V = -4.7793638120E+00
           G =  4.5437656253E-03
           K =  4.7748200464E+00
           L =  4.7702762807E+00
           Vnuc =  4.4513424115E+01
           Ven = -1.9106252063E+01
           Vrep =  1.4326888251E+01
           DelSqV =  7.1930462856E+02
           DelSqVen =  8.4936532492E+02
           DelSqVrep = -1.3006069636E+02
           DelSqG =  7.1034394962E+01
           DelSqK = -7.9033902353E+02
           Stress_EigVals = -1.6436406385E+00 -1.6425862096E+00 -1.4931369639E+00
           Stress_EigVec1 =  1.8718536567E-01  9.5311729714E-01 -2.3775840000E-01
           Stress_EigVec2 =  6.2037021102E-01  7.2963921596E-02  7.8090784823E-01
           Stress_EigVec3 =  7.6164456288E-01 -2.9367274990E-01 -5.7762780041E-01
           -DivStress =  5.9684884243E+00 -2.3063064281E+00 -4.5269682197E+00
           ESP =  -1.1078736158E+00     ESP at Nucleus =  -1.1102817171E+00
           ESPe = -1.6436699348E+01     ESPe at Nucleus = -1.6343707521E+01
           ESPn =  1.5328825732E+01     ESPn at Nucleus =  1.5233425804E+01

CP# 9      Coords = -1.59915392041034E+00  1.60856967837233E+00 -9.12628320923388E-01
           Type = (3,-3) NACP C9
           Rho =  1.1758156010E+02     Rho at Nucleus =  1.1758155925E+02
           GradRho = -4.0015079000E-10  8.9188079576E-09  1.3956679060E-09
           HessRho_EigVals = -1.4486406396E+05 -1.4486285828E+05 -1.4486208002E+05
           HessRho_EigVec1 =  2.1421742547E-01  9.5326045504E-01 -2.1308542765E-01
           HessRho_EigVec2 =  8.2185326781E-01 -5.8002513816E-02  5.6673884161E-01
           HessRho_EigVec3 = -5.2789023558E-01  2.9653029059E-01  7.9586536923E-01
           DelSqRho = -4.3458900226E+05
           Bond Ellipticity = NA
           V = -1.0865755620E+05
           G =  5.1528160715E+00
           K =  1.0865240338E+05
           L =  1.0864725056E+05
           Vnuc =  1.7561551449E+06
           Ven = -2.0649146171E+08
           Vrep =  2.0638280415E+08
           DelSqV =  2.4928137469E+09
           DelSqVen =  7.6320573235E+11
           DelSqVrep = -7.6071291861E+11
           DelSqG =  1.3387823977E+08
           DelSqK = -2.6266919867E+09
           Stress_EigVals = -3.6219419151E+04 -3.6219099706E+04 -3.6219037340E+04
           Stress_EigVec1 = -4.5841276089E-01  5.2721538687E-01  7.1547304387E-01
           Stress_EigVec2 =  3.3933154820E-01  8.4788182104E-01 -4.0737024675E-01
           Stress_EigVec3 =  8.2140844958E-01 -5.6038856152E-02  5.6758065996E-01
           -DivStress =  1.3280602284E+02 -2.7291740869E+03 -4.5094527357E+02
           ESP =  -1.4617072804E+01     ESP at Nucleus =  -1.4617072886E+01
           ESPe = -3.7424509564E+01     ESPe at Nucleus = -3.7424512504E+01
           ESPn =  2.2807436760E+01     ESPn at Nucleus =  2.2807439618E+01

CP# 10     Coords = -1.26417044392292E+00 -7.31984198541131E-01 -1.64504989511137E+00
           Type = (3,-3) NACP C10
           Rho =  1.1758224763E+02     Rho at Nucleus =  1.1758224681E+02
           GradRho =  1.9018500385E-09 -7.5918468330E-09 -3.6544899270E-09
           HessRho_EigVals = -1.4486485961E+05 -1.4486368556E+05 -1.4486289376E+05
           HessRho_EigVec1 = -4.3394112705E-01  5.7666883298E-01  6.9220528409E-01
           HessRho_EigVec2 =  8.2210237494E-01 -6.0862681971E-02  5.6607722004E-01
           HessRho_EigVec3 =  3.6856855993E-01  8.1470779486E-01 -4.4766999634E-01
           DelSqRho = -4.3459143892E+05
           Bond Ellipticity = NA
           V = -1.0865816226E+05
           G =  5.1512638171E+00
           K =  1.0865301099E+05
           L =  1.0864785973E+05
           Vnuc =  1.7826777621E+06
           Ven = -2.0961125808E+08
           Vrep =  2.0950259992E+08
           DelSqV =  2.4928275974E+09
           DelSqVen =  7.7473650278E+11
           DelSqVrep = -7.7224367519E+11
           DelSqG =  1.3387893941E+08
           DelSqK = -2.6267065368E+09
           Stress_EigVals = -3.6219621028E+04 -3.6219305612E+04 -3.6219235618E+04
           Stress_EigVec1 =  2.4592416112E-01  9.3555771293E-01 -2.5348189828E-01
           Stress_EigVec2 = -5.1317453194E-01  3.4752464142E-01  7.8477928322E-01
           Stress_EigVec3 =  8.2229751717E-01 -6.2915732384E-02  5.6556909734E-01
           -DivStress = -5.9403867166E+02  2.4093042047E+03  1.1337269177E+03
           ESP =  -1.4617000345E+01     ESP at Nucleus =  -1.4617000424E+01
           ESPe = -3.7502048594E+01     ESPe at Nucleus = -3.7502051270E+01
           ESPn =  2.2885048249E+01     ESPn at Nucleus =  2.2885050846E+01

CP# 11     Coords = -2.82142552477316E+00 -3.51629804399954E-01  6.15565339815659E-01
           Type = (3,-3) NACP C11
           Rho =  1.1751253477E+02     Rho at Nucleus =  1.1751253463E+02
           GradRho = -3.4699217003E-10 -1.9129386655E-10  4.7545276453E-10
           HessRho_EigVals = -1.4478087691E+05 -1.4478031249E+05 -1.4477825879E+05
           HessRho_EigVec1 =  8.0877365872E-01 -6.6839271310E-02  5.8430957615E-01
           HessRho_EigVec2 = -5.7239102411E-01 -3.1769522991E-01  7.5593535200E-01
           HessRho_EigVec3 = -1.3510619705E-01  9.4583415708E-01  2.9520173241E-01
           DelSqRho = -4.3433944819E+05
           Bond Ellipticity = NA
           V = -1.0859458872E+05
           G =  4.8633347537E+00
           K =  1.0858972538E+05
           L =  1.0858486205E+05
           Vnuc =  4.4091617681E+06
           Ven = -5.1813177555E+08
           Vrep =  5.1802318097E+08
           DelSqV =  2.4913839614E+09
           DelSqVen =  1.9150726431E+12
           DelSqVrep = -1.9125812591E+12
           DelSqG =  1.3380224649E+08
           DelSqK = -2.6251862078E+09
           Stress_EigVals = -3.6198492565E+04 -3.6198169351E+04 -3.6197926801E+04
           Stress_EigVec1 = -1.3477107649E-01  9.4601475317E-01  2.9477592122E-01
           Stress_EigVec2 = -5.6867651051E-01 -3.1746442979E-01  7.5883025916E-01
           Stress_EigVec3 =  8.1144549006E-01 -6.5363771361E-02  5.8076139167E-01
           -DivStress =  5.8916419282E+02  3.4843338189E+02 -8.5030346194E+02
           ESP =  -1.4569776712E+01     ESP at Nucleus =  -1.4569776730E+01
           ESPe = -3.8009222786E+01     ESPe at Nucleus = -3.8009223645E+01
           ESPn =  2.3439446075E+01     ESPn at Nucleus =  2.3439446915E+01

CP# 12     Coords = -1.65904056712491E+00 -1.15531341537006E+00  3.72340119256255E+00
           Type = (3,-3) NACP Cl12
           Rho =  3.0208273585E+03     Rho at Nucleus =  3.0208273503E+03
           GradRho =  3.2898675216E-09  3.3495568853E-09  4.7736229002E-09
           HessRho_EigVals = -3.0378528631E+07 -3.0378084973E+07 -3.0378073198E+07
           HessRho_EigVec1 =  3.6410362269E-01 -2.3041737939E-01  9.0240588607E-01
           HessRho_EigVec2 =  2.2867163740E-01 -9.1713884427E-01 -3.2644390419E-01
           HessRho_EigVec3 =  9.0284984033E-01  3.2521403969E-01 -2.8124365628E-01
           DelSqRho = -9.1134686802E+07
           Bond Ellipticity = NA
           V = -2.2810879548E+07
           G =  1.3603923938E+04
           K =  2.2797275624E+07
           L =  2.2783671701E+07
           Vnuc =  2.3112633143E+07
           Ven = -6.9819274524E+10
           Vrep =  6.9796463645E+10
           DelSqV =  4.3103754758E+12
           DelSqVen =  2.1063624567E+15
           DelSqVrep = -2.1020521148E+15
           DelSqG =  2.2936324275E+11
           DelSqK = -4.5397387185E+12
           Stress_EigVals = -7.6036655950E+06 -7.6036626521E+06 -7.6035513013E+06
           Stress_EigVec1 =  9.0281538937E-01  3.2552793608E-01 -2.8099098839E-01
           Stress_EigVec2 =  2.2902490252E-01 -9.1702322727E-01 -3.2652104783E-01
           Stress_EigVec3 =  3.6396698580E-01 -2.3043429321E-01  9.0245668581E-01
           -DivStress =  3.1468867804E+05 -2.4224211696E+05  9.3966896018E+05
           ESP =  -6.4368582304E+01     ESP at Nucleus =  -6.4368582327E+01
           ESPe = -7.9183106697E+01     ESPe at Nucleus = -7.9183105421E+01
           ESPn =  1.4814524393E+01     ESPn at Nucleus =  1.4814523094E+01

CP# 13     Coords = -6.20057035469901E+00 -8.06332206870620E-01  5.21410127627288E-01
           Type = (3,-3) NACP Cl13
           Rho =  3.0208332815E+03     Rho at Nucleus =  3.0208332732E+03
           GradRho = -3.5382165956E-09 -8.3255288752E-10 -7.4746213147E-10
           HessRho_EigVals = -3.0378600360E+07 -3.0378154647E+07 -3.0378141073E+07
           HessRho_EigVec1 =  9.9070701300E-01  1.2592924253E-01  5.1394944093E-02
           HessRho_EigVec2 = -1.3556750889E-01  9.4481756845E-01  2.9823013409E-01
           HessRho_EigVec3 = -1.1002951224E-02 -3.0242616987E-01  9.5310930477E-01
           DelSqRho = -9.1134896080E+07
           Bond Ellipticity = NA
           V = -2.2810932173E+07
           G =  1.3604076259E+04
           K =  2.2797328096E+07
           L =  2.2783724020E+07
           Vnuc =  2.2894491685E+07
           Ven = -6.9160442445E+10
           Vrep =  6.9137631513E+10
           DelSqV =  4.3103854422E+12
           DelSqVen =  2.0864871264E+15
           DelSqVrep = -2.0821767410E+15
           DelSqG =  2.2936385070E+11
           DelSqK = -4.5397492929E+12
           Stress_EigVals = -7.6036836092E+06 -7.6036802158E+06 -7.6035683475E+06
           Stress_EigVec1 = -1.0895785151E-02 -3.0241292046E-01  9.5311473989E-01
           Stress_EigVec2 = -1.3556732764E-01  9.4481747438E-01  2.9823051450E-01
           Stress_EigVec3 =  9.9070822220E-01  1.2596176261E-01  5.1291839679E-02
           -DivStress = -1.0198436384E+06 -1.4312320490E+05 -1.0313725338E+04
           ESP =  -6.4369524459E+01     ESP at Nucleus =  -6.4369524483E+01
           ESPe = -7.8162359420E+01     ESPe at Nucleus = -7.8162358007E+01
           ESPn =  1.3792834961E+01     ESPn at Nucleus =  1.3792833524E+01

CP# 14     Coords =  5.05805358561475E+00  1.89011894482712E+00  3.57088470741594E+00
           Type = (3,-3) NACP H14
           Rho =  4.2435493469E-01     Rho at Nucleus =  4.2063564299E-01
           GradRho =  1.5209528515E-12  2.6737703577E-12 -5.4449569175E-12
           HessRho_EigVals = -6.4603361589E+00 -6.4540162028E+00 -5.8587223017E+00
           HessRho_EigVec1 =  3.6965217501E-01 -8.7083823010E-01 -3.2403402061E-01
           HessRho_EigVec2 =  8.9664640030E-01  2.4285966939E-01  3.7019510237E-01
           HessRho_EigVec3 = -2.4368525262E-01 -4.2738736293E-01  8.7060756927E-01
           DelSqRho = -1.8773074663E+01
           Bond Ellipticity = NA
           V = -4.7025909323E+00
           G =  4.6611332430E-03
           K =  4.6979297991E+00
           L =  4.6932686659E+00
           Vnuc =  4.5670021257E+01
           Ven = -1.9380298888E+01
           Vrep =  1.4677707955E+01
           DelSqV =  7.0672182218E+02
           DelSqVen =  8.5736671895E+02
           DelSqVrep = -1.5064489677E+02
           DelSqG =  6.9550125944E+01
           DelSqK = -7.7627194812E+02
           Stress_EigVals = -1.6183866832E+00 -1.6178508818E+00 -1.4663533674E+00
           Stress_EigVec1 =  2.8735560728E-01 -8.8979976317E-01 -3.5451817504E-01
           Stress_EigVec2 =  9.2641439562E-01  1.6418556167E-01  3.3882070321E-01
           Stress_EigVec3 = -2.4327581578E-01 -4.2579276980E-01  8.7150295160E-01
           -DivStress = -1.9258625383E+00 -3.3824621047E+00  6.8929031912E+00
           ESP =  -1.1075115838E+00     ESP at Nucleus =  -1.1099847597E+00
           ESPe = -1.8336671145E+01     ESPe at Nucleus = -1.8268070444E+01
           ESPn =  1.7229159561E+01     ESPn at Nucleus =  1.7158085684E+01

CP# 15     Coords =  4.28621269825081E+00 -2.60017281096754E+00  2.38480616724608E+00
           Type = (3,-3) NACP H15
           Rho =  4.2391451172E-01     Rho at Nucleus =  4.2017747794E-01
           GradRho =  5.8678647878E-15 -5.6006834912E-16 -3.1334391462E-15
           HessRho_EigVals = -6.4533573386E+00 -6.4470331649E+00 -5.8508369582E+00
           HessRho_EigVec1 =  6.7977100175E-02  9.5455630664E-01 -2.9017472549E-01
           HessRho_EigVec2 =  5.9859355041E-01  1.9366021846E-01  7.7729111740E-01
           HessRho_EigVec3 =  7.9816343894E-01 -2.2653471532E-01 -5.5822678859E-01
           DelSqRho = -1.8751227462E+01
           Bond Ellipticity = NA
           V = -4.6971798378E+00
           G =  4.6864861877E-03
           K =  4.6924933516E+00
           L =  4.6878068654E+00
           Vnuc =  4.6685960472E+01
           Ven = -1.9790856138E+01
           Vrep =  1.5093676300E+01
           DelSqV =  7.0581036681E+02
           DelSqVen =  8.7541906409E+02
           DelSqVrep = -1.6960869728E+02
           DelSqG =  6.9462217195E+01
           DelSqK = -7.7527258400E+02
           Stress_EigVals = -1.6166406716E+00 -1.6160887229E+00 -1.4644504434E+00
           Stress_EigVec1 =  1.1935970191E-01  9.6831334218E-01 -2.1936848661E-01
           Stress_EigVec2 =  5.8951041220E-01  1.0866598793E-01  8.0041812634E-01
           Stress_EigVec3 =  7.9889344438E-01 -2.2485767592E-01 -5.5786045756E-01
           -DivStress = -6.3330208050E+00  1.7928375605E+00  4.4239349111E+00
           ESP =  -1.1083927827E+00     ESP at Nucleus =  -1.1108740274E+00
           ESPe = -1.9437911560E+01     ESPe at Nucleus = -1.9397360610E+01
           ESPn =  1.8329518778E+01     ESPn at Nucleus =  1.8286486582E+01

CP# 16     Coords = -1.14790805522181E+00  4.74398690163889E+00 -1.27941845421679E+00
           Type = (3,-3) NACP Cl16
           Rho =  3.0208036181E+03     Rho at Nucleus =  3.0208036043E+03
           GradRho =  1.8533707971E-09  9.7461899645E-09 -2.9316345844E-09
           HessRho_EigVals = -3.0378444806E+07 -3.0377986056E+07 -3.0377948844E+07
           HessRho_EigVec1 =  1.4461892465E-01  9.8196747901E-01 -1.2175892902E-01
           HessRho_EigVec2 =  8.1110963332E-01 -4.7168233552E-02  5.8298912552E-01
           HessRho_EigVec3 = -5.6673320827E-01  1.8307110069E-01  8.0330470105E-01
           DelSqRho = -9.1134379706E+07
           Bond Ellipticity = NA
           V = -2.2810800626E+07
           G =  1.3602849804E+04
           K =  2.2797197776E+07
           L =  2.2783594927E+07
           Vnuc =  1.7820889410E+07
           Ven = -5.3833407208E+10
           Vrep =  5.3810596408E+10
           DelSqV =  4.3103626369E+12
           DelSqVen =  1.6240957121E+15
           DelSqVrep = -1.6197853494E+15
           DelSqG =  2.2936350463E+11
           DelSqK = -4.5397261415E+12
           Stress_EigVals = -7.6036448577E+06 -7.6036355469E+06 -7.6035202215E+06
           Stress_EigVec1 = -5.6681849473E-01  1.8299168484E-01  8.0326262039E-01
           Stress_EigVec2 =  8.1105549530E-01 -4.7173155294E-02  5.8306404191E-01
           Stress_EigVec3 =  1.4458830373E-01  9.8198204500E-01 -1.2167779471E-01
