AIMSum (Version 19.02.13, Professional)
Copyright (c) 1997-2019 by Todd A. Keith
AIMSum is a component of the AIMAll package ( http://aim.tkgristmill.com )

TP:  64-bit Linux

Much of the Quantum Theory of Atoms in Molecules (QTAIM) is described in the book:
  "Atoms in Molecules - A Quantum Theory"
  R.F.W. Bader, Oxford University Press, Oxford, 1990

For additional references see:  http://aim.tkgristmill.com/references.html

Wfn File:  /home/mhennefarth/Documents/ML_Diels/summary-levandowski2016/5-opt/5-opt.wfn
Sum File:  /home/mhennefarth/Documents/ML_Diels/summary-levandowski2016/5-opt/5-opt.sum

SumViz File:  /home/mhennefarth/Documents/ML_Diels/summary-levandowski2016/5-opt/5-opt.sumviz

Wfn Title:   Title Card Required                                                           
 
Total memory allocated for AIMSum =        0.964 Megabytes

Atomic units (a.u.) used throughout, except where stated otherwise

Model:  Restricted SCF
 
Restricted, closed-shell, single-determinant wavefunction.
  Number of electrons (from MO Occs)                   =          68.0000000000
  Number of Alpha electrons (from MO Occs)             =          34.0000000000
  Number of Beta electrons (from MO Occs)              =          34.0000000000
  Number of electron pairs (N*(N-1)/2)                 =        2278.0000000000
  Number of electron pairs (from Muller 2EDM)          =        2278.0000000000
 
Nuclear Charges and Cartesian Coordinates:
-------------------------------------------------------------------------------
Atom      Charge                X                  Y                  Z
-------------------------------------------------------------------------------
C1         6.0          -4.3994453800E+00  -5.6629827000E-01  -3.0302926200E+00
H2         1.0          -4.7517192500E+00  -4.3291900000E-01  -5.0478339600E+00
C3         6.0          -6.0720703100E+00   3.0348933000E-01  -1.3414136900E+00
H4         1.0          -7.7784881900E+00   1.2291778200E+00  -2.0316415500E+00
C5         6.0          -4.5523669300E+00  -1.5936979800E+00   2.7207406200E+00
H6         1.0          -4.4247908400E+00  -1.5342706000E+00   4.7685086200E+00
C7         6.0          -5.8089620900E+00   1.8264896000E-01   1.4225750200E+00
H8         1.0          -6.7765375100E+00   1.6672115800E+00   2.4749238900E+00
C9         6.0           3.5580153900E+00   3.4297021800E+00   6.3562045000E-01
C10        6.0           1.5113869300E+00   2.1061500700E+00   6.9948106000E-01
C11        6.0           3.6183362800E+00   1.0303765000E+00  -9.6269943000E-01
H12        1.0           4.6342234600E+00   5.0648314500E+00   1.2097147700E+00
H13        1.0          -3.9358606000E-01   1.7854452900E+00   1.3582733200E+00
H14        1.0          -2.6176313100E+00  -1.4159636600E+00  -2.4608869100E+00
H15        1.0          -3.6462960000E+00  -3.1823270100E+00   1.7844408300E+00
Si16      14.0           5.5074189100E+00  -1.8445838200E+00  -4.1473660000E-02
H17        1.0           5.7070336400E+00  -1.9999656200E+00   2.7631247200E+00
H18        1.0           4.3032693100E+00  -4.2198312000E+00  -9.7417915000E-01
H19        1.0           8.1147775600E+00  -1.7679547700E+00  -1.1146494700E+00
H20        1.0           3.3965172100E+00   1.2765144900E+00  -3.0132322600E+00
 
Some Atomic Properties:
----------------------
  q(A) = Net Charge of Atom A
  L(A) = Lagrangian of Atom A = -(1/4) Times Atomic Integral of the Laplacian of the Electron Density
  K(A) = Electronic Kinetic Energy of Atom A (Hamiltonian Form)
  K_Scaled(A) = K(A) * E(Mol)/K(Mol) = Approximation to Virial-Based Total Energy of Atom A.
  |Mu_Intra(A)| = Magnitude of Intraatomic Dipole Moment of Atom A
--------------------------------------------------------------------------------------------------
Atom A          q(A)              L(A)              K(A)          K_Scaled(A)      |Mu_Intra(A)|
--------------------------------------------------------------------------------------------------
C1       -8.5262102300E-02 -3.7896716973E-05  3.7704219471E+01 -3.7963719138E+01  1.1169765895E-01
H2        4.5499988370E-02  2.2852312835E-05  5.9370962505E-01 -5.9779583749E-01  1.4726770760E-01
C3       -3.0691670500E-02 -1.4720777089E-04  3.7700966940E+01 -3.7960444222E+01  7.6449182928E-02
H4        3.4813836190E-02  1.7541903737E-05  6.0179677091E-01 -6.0593864320E-01  1.5093278732E-01
C5       -9.3988009900E-02 -7.1272857985E-05  3.7706667495E+01 -3.7966184011E+01  1.1635625544E-01
H6        4.6170463740E-02  2.1367329305E-05  5.9329162100E-01 -5.9737495652E-01  1.4714279116E-01
C7       -3.6084713200E-02  6.3446487922E-05  3.7704027436E+01 -3.7963525782E+01  7.5663052864E-02
H8        3.4924703750E-02  2.4444986633E-05  6.0176380626E-01 -6.0590545167E-01  1.5085637909E-01
C9       -1.3634490800E-01 -4.7480465719E-05  3.7756259734E+01 -3.8016117569E+01  2.4599258482E-01
C10      -1.3603909600E-01 -3.9810282926E-05  3.7757153935E+01 -3.8017017925E+01  2.7610493911E-01
C11      -6.6597006620E-01 -9.9281230628E-05  3.7829200227E+01 -3.8089560075E+01  1.4232152483E+00
H12       1.1458521711E-01  2.3547723122E-05  5.5940378248E-01 -5.6325388460E-01  1.4462641048E-01
H13       1.3600334493E-01  2.2213550223E-05  5.5006765228E-01 -5.5385349840E-01  1.3691721322E-01
H14       4.6779032750E-02  3.8986557509E-05  5.9241493073E-01 -5.9649223242E-01  1.4484959694E-01
H15       4.6936323520E-02  2.2632397883E-05  5.9200980664E-01 -5.9608432005E-01  1.4741068879E-01
Si16      2.7021169580E+00 -2.4320936988E-04  2.8763852305E+02 -2.8961819807E+02  3.2032379704E-02
H17      -6.7478494380E-01  2.2600260666E-05  7.8451257131E-01 -7.8991198692E-01  3.7578683655E-01
H18      -6.7901835300E-01  2.2044750515E-05  7.8475399228E-01 -7.9015506948E-01  3.7636337062E-01
H19      -6.7784459540E-01  2.0749393506E-05  7.8451059756E-01 -7.8990999960E-01  3.7790195813E-01
H20       7.7789104700E-03  3.0470022703E-05  6.1297977209E-01 -6.1719861151E-01  1.6063841634E-01
--------------------------------------------------------------------------------------------------
Total    -4.1967947000E-04 -3.3326101844E-04  5.5944823322E+02 -5.6329864128E+02
 
1st Largest |L(A)| = 2.4320936988E-04, atom Si16    
2nd Largest |L(A)| = 1.4720777089E-04, atom C3      
 
Molecular charge q(Mol) from the wfn file:   0.0000000000E+00
Molecular energy E(Mol) from the wfn file:  -5.6329870593E+02
Molecular virial ratio (-V(Mol)/T(Mol)) from the wfn file:   2.0068825100E+00
Note.  K_Scaled(A) = (1+V(Mol)/T(Mol))*K(A) = (E(Mol)/T(Mol))*K(A)
       Only use K_Scaled(A) data with caution.
 
N_AIMInt(SumA)     =         68.000420
N_Analytic(Mol)    =         67.999990
 
G_AIMInt(SumA)     =        559.448566
G_Analytic(Mol)    =        559.448276
 
K_AIMInt(SumA)     =        559.448233
K_Analytic(Mol)    =        559.448276
 
L_AIMInt(SumA)     =         -0.000333
L_Analytic(Mol)    =          0.000000
 
VenT_AIMInt(SumA)  =      -2050.491988
VenT_Analytic(Mol) =      -2050.486702
 
Some Information About the Atomic Calculations:
----------------------------------------------
  Time(sec) = "Elapsed User Time", in Seconds, for Atom A by AIMInt and, if used, by TWOe
  NProc = Number of Processors Used for AIMInt Job
  BIM = Basin Integration Method
  OAQ = Angular Quadrature Outside of Beta Sphere
  ORQ = Multiple of Default for Radial Quadrature Outside of Beta Sphere
  IAQ = Multiple of Default for Angular Quadrature Inside of Beta Sphere
  IRQ = Multiple of Default for Radial Quadrature Inside of Beta Sphere
  MIR = Maximum Integration Radius
------------------------------------------------------------------------------------------------------
Atom A     Time(sec)   NProc      BIM          OAQ                     ORQ      IAQ      IRQ      MIR
------------------------------------------------------------------------------------------------------
C1             29        8     Proaim(5)    4500(GS4)                  1.00     1.00     1.00    13.00
H2              4        8     Proaim(5)    1800(GS4)                  1.00     1.00     1.00    13.00
C3             25        8     Proaim(5)    4500(GS4)                  1.00     1.00     1.00    13.00
H4              4        8     Proaim(5)    1800(GS4)                  1.00     1.00     1.00    13.00
C5             35        8     Proaim(5)    4500(GS4)                  1.00     1.00     1.00    13.00
H6              5        8     Proaim(5)    1800(GS4)                  1.00     1.00     1.00    13.00
C7             28        8     Proaim(5)    4500(GS4)                  1.00     1.00     1.00    13.00
H8              6        8     Proaim(5)    1800(GS4)                  1.00     1.00     1.00    13.00
C9             18        8     Proaim(5)    4500(GS4)                  1.00     1.00     1.00    13.00
C10            37        8     Proaim(5)    4500(GS4)                  1.00     1.00     1.00    13.00
C11            37        8     Proaim(5)    4500(GS4)                  1.00     1.00     1.00    13.00
H12             5        8     Proaim(5)    1800(GS4)                  1.00     1.00     1.00    13.00
H13            50        8     Proaim(5)    4500(GS4)                  1.00     1.00     1.00    13.00
H14            35        8     Proaim(5)    4500(GS4)                  1.00     1.00     1.00    13.00
H15             7        8     Proaim(5)    1800(GS4)                  1.00     1.00     1.00    13.00
Si16           31        8     Proaim(5)    4500(GS4)                  1.00     1.00     1.00    13.00
H17             8        8     Proaim(5)    1800(GS4)                  1.00     1.00     1.00    13.00
H18             9        8     Proaim(5)    1800(GS4)                  1.00     1.00     1.00    13.00
H19             8        8     Proaim(5)    1800(GS4)                  1.00     1.00     1.00    13.00
H20             6        8     Proaim(5)    1800(GS4)                  1.00     1.00     1.00    13.00
------------------------------------------------------------------------------------------------------
Total         387
Note:  Total wall clock time is less than total of atomic times if more than one atom
       was calculated at a time
 
Electron Density Critical Point Analysis of Molecular Structure:               
---------------------------------------------------------------                
  NACP = Nuclear Attractor Critical Point                                      
  NNACP = Non-Nuclear Attractor Critical Point                                 
  BCP = Bond Critical Point                                                    
  RCP = Ring Critical Point                                                    
  CCP = Cage Critical Point                                                    
  Rho = Electron Density                                                       
  GradRho = Gradient of Electron Density                                       
  HessRho_EigVals = Eigenvalues of the Hessian of Rho, Ascending Order         
  HessRho_EigVecs = Eigenvectors of the Hessian of Rho                         
  DelSqRho = Laplacian of Rho = Trace of Hessian of Rho                        
  Bond Ellipticity = (HessRho_EigVal(1) / HessRho_EigVal(2)) - 1               
  V = Virial Field = Potential Energy Density = Trace of Stress Tensor         
  G = Lagrangian Form of Kinetic Energy Density                                
  K = Hamiltonian Form of Kinetic Energy Density                               
  L = K - G = Lagrangian Density = (-1/4)DelSqRho                              
  Vnuc = Electrostatic Potential from Nuclei                                   
  Ven = Electron-nuclear attractive contribution to Virial Field V             
  Vrep = V - Ven = Repulsive contribution to Virial Field V                    
  DelSqV = Laplacian of V                                                      
  DelSqVen = Laplacian of Ven                                                  
  DelSqVrep = Laplacian of Vrep                                                
  DelSqG = Laplacian of G                                                      
  DelSqK = Laplacian of K                                                      
  Stress_EigVals = Eigenvalues of Stress Tensor, Ascending Order               
  Stress_EigVecs = Eigenvectors of Stress Tensor                               
  -DivStress = Ehrenfest Force Density = Minus Divergence of Stress Tensor     
  ESP = Total Electrostatic Potential                                          
  ESPe = Electrostatic Potential from Electrons                                
  ESPn = Electrostatic Potential from Nuclei                                   
  BP = Bond Path                                                               
  BPL = Bond Path Length                                                       
  GBL = Geometric Bond Length                                                  
  GBL_I = Distance Between Nuclear Attractors                                  
  GBL_II = Distance Between Nuclei                                             
  GBL_III = Sum of Distances Between BCP and Nuclear Attractors                
  GBL_IV = Sum of Distances Between BCP and Nuclei                             

CP# 1      Coords = -4.39944496686919E+00 -5.66298645174507E-01 -3.03029324201925E+00
           Type = (3,-3) NACP C1
           Rho =  1.1767978859E+02     Rho at Nucleus =  1.1767978854E+02
           GradRho =  9.4365626424E-11 -6.3438795883E-11 -1.1481951501E-10
           HessRho_EigVals = -1.4500834378E+05 -1.4500734331E+05 -1.4500718889E+05
           HessRho_EigVec1 =  3.9251188300E-01  9.1947617741E-01 -2.2315485073E-02
           HessRho_EigVec2 =  6.1811715707E-01 -2.4574388928E-01  7.4668676232E-01
           HessRho_EigVec3 =  6.8107679585E-01 -3.0687701128E-01 -6.6480139749E-01
           DelSqRho = -4.3502287598E+05
           Bond Ellipticity = NA
           V = -1.0876595045E+05
           G =  5.1157288485E+00
           K =  1.0876083472E+05
           L =  1.0875571899E+05
           Vnuc =  7.1798957136E+06
           Ven = -8.4492860970E+08
           Vrep =  8.4481984375E+08
           DelSqV =  2.4953177177E+09
           DelSqVen =  3.1234184970E+12
           DelSqVrep = -3.1209231793E+12
           DelSqG =  1.3403547293E+08
           DelSqK = -2.6293531907E+09
           Stress_EigVals = -3.6255564559E+04 -3.6255464518E+04 -3.6254921374E+04
           Stress_EigVec1 = -6.4493784920E-01  3.1179670805E-01  6.9773776128E-01
           Stress_EigVec2 =  6.3975273487E-01 -2.7916294265E-01  7.1608972181E-01
           Stress_EigVec3 =  4.1805694456E-01  9.0821300602E-01 -1.9430048885E-02
           -DivStress = -3.3593138626E+02  3.0425516097E+02  5.0701131627E+02
           ESP =  -1.4741095255E+01     ESP at Nucleus =  -1.4741095265E+01
           ESPe = -2.5212975231E+01     ESPe at Nucleus = -2.5212976155E+01
           ESPn =  1.0471879977E+01     ESPn at Nucleus =  1.0471880890E+01

CP# 2      Coords = -4.74564921558744E+00 -4.35206471399061E-01 -5.01334421547165E+00
           Type = (3,-3) NACP H2
           Rho =  4.2535865478E-01     Rho at Nucleus =  4.2164340623E-01
           GradRho =  1.5341078165E-09 -5.7870988882E-10  8.7158870551E-09
           HessRho_EigVals = -6.4773807183E+00 -6.4712244708E+00 -5.8750520019E+00
           HessRho_EigVec1 =  8.6828918204E-01 -4.6125597049E-01 -1.8252897317E-01
           HessRho_EigVec2 =  4.6525447601E-01  8.8488055000E-01 -2.2905998858E-02
           HessRho_EigVec3 =  1.7208186690E-01 -6.5033390755E-02  9.8293361382E-01
           DelSqRho = -1.8823657191E+01
           Bond Ellipticity = NA
           V = -4.7151526432E+00
           G =  4.6191727233E-03
           K =  4.7105334705E+00
           L =  4.7059142977E+00
           Vnuc =  3.9188602030E+01
           Ven = -1.6669211042E+01
           Vrep =  1.1954058399E+01
           DelSqV =  7.0868722004E+02
           DelSqVen =  7.3767282477E+02
           DelSqVrep = -2.8985604736E+01
           DelSqG =  6.9757119543E+01
           DelSqK = -7.7844433958E+02
           Stress_EigVals = -1.6226629735E+00 -1.6221606596E+00 -1.4703290101E+00
           Stress_EigVec1 =  9.1102096823E-01 -3.6981575499E-01 -1.8242012721E-01
           Stress_EigVec2 =  3.7535902850E-01  9.2686884009E-01 -4.4444344400E-03
           Stress_EigVec3 =  1.7072315359E-01 -6.4424068762E-02  9.8321063063E-01
           -DivStress = -1.3691615338E+00  5.1570585118E-01 -7.7858707421E+00
           ESP =  -1.1044614870E+00     ESP at Nucleus =  -1.1069455003E+00
           ESPe = -1.1798528325E+01     ESPe at Nucleus = -1.1718535450E+01
           ESPn =  1.0694066838E+01     ESPn at Nucleus =  1.0611589950E+01

CP# 3      Coords = -6.07207080576573E+00  3.03489689665997E-01 -1.34141217889321E+00
           Type = (3,-3) NACP C3
           Rho =  1.1765609465E+02     Rho at Nucleus =  1.1765609445E+02
           GradRho = -3.1061814926E-10  2.1737056599E-10  9.0061269553E-10
           HessRho_EigVals = -1.4497090463E+05 -1.4497001404E+05 -1.4496966660E+05
           HessRho_EigVec1 =  4.9268289285E-01  8.6881716742E-01  4.9196510944E-02
           HessRho_EigVec2 =  3.3455689212E-01 -2.4130098786E-01  9.1095857161E-01
           HessRho_EigVec3 =  8.0332761251E-01 -4.3235467252E-01 -4.0955364010E-01
           DelSqRho = -4.3491058527E+05
           Bond Ellipticity = NA
           V = -1.0873786269E+05
           G =  5.1081869090E+00
           K =  1.0873275451E+05
           L =  1.0872764632E+05
           Vnuc =  3.6798245805E+06
           Ven = -4.3295378912E+08
           Vrep =  4.3284505126E+08
           DelSqV =  2.4946670562E+09
           DelSqVen =  1.6003946906E+12
           DelSqVrep = -1.5979000563E+12
           DelSqG =  1.3399239000E+08
           DelSqK = -2.6286594462E+09
           Stress_EigVals = -3.6246225079E+04 -3.6246059823E+04 -3.6245577789E+04
           Stress_EigVec1 =  7.7446561086E-01 -4.0972927498E-01 -4.8200097389E-01
           Stress_EigVec2 =  4.1134080909E-01 -2.5270981387E-01  8.7574910149E-01
           Stress_EigVec3 =  4.8062642081E-01  8.7650423342E-01  2.7176688887E-02
           -DivStress =  3.9972378576E+02 -2.8983729755E+02 -1.2283239075E+03
           ESP =  -1.4730741070E+01     ESP at Nucleus =  -1.4730741089E+01
           ESPe = -2.5799569617E+01     ESPe at Nucleus = -2.5799569706E+01
           ESPn =  1.1068828548E+01     ESPn at Nucleus =  1.1068828617E+01

CP# 4      Coords = -7.75007624585891E+00  1.21379009576214E+00 -2.01995733071053E+00
           Type = (3,-3) NACP H4
           Rho =  4.2890590051E-01     Rho at Nucleus =  4.2529861873E-01
           GradRho =  2.3037127761E-15 -3.0305619125E-15  1.7034984534E-15
           HessRho_EigVals = -6.5563962630E+00 -6.5485974644E+00 -5.9577612569E+00
           HessRho_EigVec1 = -2.8285212763E-01  1.9240712634E-01  9.3966705361E-01
           HessRho_EigVec2 =  4.8609920201E-01  8.7329927175E-01 -3.2495349994E-02
           HessRho_EigVec3 =  8.2686289051E-01 -4.4758002603E-01  3.4054350764E-01
           DelSqRho = -1.9062754984E+01
           Bond Ellipticity = NA
           V = -4.7747589768E+00
           G =  4.5351153498E-03
           K =  4.7702238614E+00
           L =  4.7656887461E+00
           Vnuc =  4.0040985626E+01
           Ven = -1.7173814998E+01
           Vrep =  1.2399056021E+01
           DelSqV =  7.1852477227E+02
           DelSqVen =  7.6329149833E+02
           DelSqVrep = -4.4766726057E+01
           DelSqG =  7.0950834949E+01
           DelSqK = -7.8947560722E+02
           Stress_EigVals = -1.6422111618E+00 -1.6411741320E+00 -1.4913736830E+00
           Stress_EigVec1 = -3.2633141664E-01  1.0870828235E-01  9.3898366113E-01
           Stress_EigVec2 =  4.5739846112E-01  8.8748313307E-01  5.6216868259E-02
           Stress_EigVec3 =  8.2722092230E-01 -4.4783501187E-01  3.3933662912E-01
           -DivStress = -6.4932371405E+00  3.5166814253E+00 -2.6698109075E+00
           ESP =  -1.1050069893E+00     ESP at Nucleus =  -1.1074262107E+00
           ESPe = -1.2041545679E+01     ESPe at Nucleus = -1.1957990353E+01
           ESPn =  1.0936538690E+01     ESPn at Nucleus =  1.0850564142E+01

CP# 5      Coords = -4.55236629023848E+00 -1.59369829443115E+00  2.72074109209807E+00
           Type = (3,-3) NACP C5
           Rho =  1.1768453499E+02     Rho at Nucleus =  1.1768453494E+02
           GradRho =  5.4543536354E-11 -4.4011405631E-11  7.9471040859E-11
           HessRho_EigVals = -1.4501611747E+05 -1.4501513974E+05 -1.4501499849E+05
           HessRho_EigVec1 =  8.6126355738E-01  4.9884637610E-01 -9.6836861653E-02
           HessRho_EigVec2 = -1.8047183150E-01  4.7841270435E-01  8.5939001760E-01
           HessRho_EigVec3 = -4.7503158080E-01  7.2268497796E-01 -5.0206714678E-01
           DelSqRho = -4.3504625570E+05
           Bond Ellipticity = NA
           V = -1.0877180585E+05
           G =  5.1209609088E+00
           K =  1.0876668489E+05
           L =  1.0876156392E+05
           Vnuc =  7.0174902428E+06
           Ven = -8.2585007603E+08
           Vrep =  8.2574130422E+08
           DelSqV =  2.4954535189E+09
           DelSqVen =  3.0529324155E+12
           DelSqVrep = -3.0504369456E+12
           DelSqG =  1.3404455120E+08
           DelSqK = -2.6294980701E+09
           Stress_EigVals = -3.6257511721E+04 -3.6257415214E+04 -3.6256878911E+04
           Stress_EigVec1 = -4.7192726983E-01  6.9053511050E-01 -5.4812946752E-01
           Stress_EigVec2 =  2.2708831089E-01 -5.0553115942E-01 -8.3238761759E-01
           Stress_EigVec3 =  8.5188940071E-01  5.1730021074E-01 -8.1761488025E-02
           -DivStress = -5.1874262227E+02  2.5693266963E+02 -3.8499796312E+02
           ESP =  -1.4739122522E+01     ESP at Nucleus =  -1.4739122532E+01
           ESPe = -2.5142847300E+01     ESPe at Nucleus = -2.5142848059E+01
           ESPn =  1.0403724778E+01     ESPn at Nucleus =  1.0403725527E+01

CP# 6      Coords = -4.42695899412412E+00 -1.53531097596772E+00  4.73348118620708E+00
           Type = (3,-3) NACP H6
           Rho =  4.2514198476E-01     Rho at Nucleus =  4.2142579421E-01
           GradRho =  1.3192572035E-15  6.9388939039E-16  2.5332383760E-15
           HessRho_EigVals = -6.4733741324E+00 -6.4671708633E+00 -5.8712335607E+00
           HessRho_EigVec1 = -5.5293421514E-01  8.3316292929E-01  1.0163020778E-02
           HessRho_EigVec2 =  8.3092014119E-01  5.5227031738E-01 -6.7595972611E-02
           HessRho_EigVec3 =  6.1931193259E-02  2.8931467402E-02  9.9766101332E-01
           DelSqRho = -1.8811778556E+01
           Bond Ellipticity = NA
           V = -4.7121832805E+00
           G =  4.6193206891E-03
           K =  4.7075639598E+00
           L =  4.7029446391E+00
           Vnuc =  3.9299061694E+01
           Ven = -1.6707681088E+01
           Vrep =  1.1995497807E+01
           DelSqV =  7.0822067928E+02
           DelSqVen =  7.3928524606E+02
           DelSqVrep = -3.1064566780E+01
           DelSqG =  6.9705361220E+01
           DelSqK = -7.7792604050E+02
           Stress_EigVals = -1.6216574174E+00 -1.6211450194E+00 -1.4693808436E+00
           Stress_EigVec1 = -4.7229203710E-01  8.8142631663E-01  5.2801564244E-03
           Stress_EigVec2 =  8.7921101850E-01  4.7151406348E-01 -6.8282302898E-02
           Stress_EigVec3 =  6.2675486746E-02  2.7606816226E-02  9.9765206714E-01
           -DivStress =  4.9002077910E-01  2.3370459595E-01  7.9019250430E+00
           ESP =  -1.1018736493E+00     ESP at Nucleus =  -1.1043597079E+00
           ESPe = -1.1918932318E+01     ESPe at Nucleus = -1.1841193826E+01
           ESPn =  1.0817058668E+01     ESPn at Nucleus =  1.0736834118E+01

CP# 7      Coords = -5.80896253639532E+00  1.82649660662667E-01  1.42257381757994E+00
           Type = (3,-3) NACP C7
           Rho =  1.1766914345E+02     Rho at Nucleus =  1.1766914330E+02
           GradRho = -2.6072177750E-10  3.4026692575E-10 -5.6420890182E-10
           HessRho_EigVals = -1.4498980192E+05 -1.4498882273E+05 -1.4498851148E+05
           HessRho_EigVec1 =  8.2528659808E-01  5.6468468299E-01  5.7653991227E-03
           HessRho_EigVec2 = -1.4425415356E-01  2.0093475670E-01  9.6892515848E-01
           HessRho_EigVec3 = -5.4597872689E-01  8.0047263060E-01 -2.4728687276E-01
           DelSqRho = -4.3496713613E+05
           Bond Ellipticity = NA
           V = -1.0875199419E+05
           G =  5.1050804233E+00
           K =  1.0874688911E+05
           L =  1.0874178403E+05
           Vnuc =  4.1053547972E+06
           Ven = -4.8307358257E+08
           Vrep =  4.8296483057E+08
           DelSqV =  2.4949930040E+09
           DelSqVen =  1.7856944210E+12
           DelSqVrep = -1.7831993952E+12
           DelSqG =  1.3401245149E+08
           DelSqK = -2.6290054555E+09
           Stress_EigVals = -3.6250935927E+04 -3.6250781311E+04 -3.6250276954E+04
           Stress_EigVec1 = -5.3652889996E-01  7.7893712927E-01 -3.2464394058E-01
           Stress_EigVec2 = -1.6971345404E-01  2.7724550566E-01  9.4569142595E-01
           Stress_EigVec3 =  8.2664023797E-01  5.6248722495E-01 -1.6554115479E-02
           -DivStress =  3.6155131207E+02 -5.6602281264E+02  9.7856156233E+02
           ESP =  -1.4728417543E+01     ESP at Nucleus =  -1.4728417560E+01
           ESPe = -2.5911840472E+01     ESPe at Nucleus = -2.5911840594E+01
           ESPn =  1.1183422929E+01     ESPn at Nucleus =  1.1183423034E+01

CP# 8      Coords = -6.76046371880631E+00  1.64252297875723E+00  2.45725671574213E+00
           Type = (3,-3) NACP H8
           Rho =  4.2893027258E-01     Rho at Nucleus =  4.2532410537E-01
           GradRho =  2.4912797519E-15 -4.1633363423E-16 -1.1553258350E-15
           HessRho_EigVals = -6.5572092578E+00 -6.5495412130E+00 -5.9585996617E+00
           HessRho_EigVec1 =  3.5272249305E-01 -3.8266884749E-01  8.5390362223E-01
           HessRho_EigVec2 =  8.1064003694E-01  5.8077549717E-01 -7.4582520775E-02
           HessRho_EigVec3 = -4.6738589347E-01  7.1851539653E-01  5.1505926992E-01
           DelSqRho = -1.9065350133E+01
           Bond Ellipticity = NA
           V = -4.7753745558E+00
           G =  4.5185113362E-03
           K =  4.7708560445E+00
           L =  4.7663375331E+00
           Vnuc =  4.0323922713E+01
           Ven = -1.7296151161E+01
           Vrep =  1.2520776605E+01
           DelSqV =  7.1863215970E+02
           DelSqVen =  7.6878970524E+02
           DelSqVrep = -5.0157545542E+01
           DelSqG =  7.0966430810E+01
           DelSqK = -7.8959859051E+02
           Stress_EigVals = -1.6424341477E+00 -1.6413356492E+00 -1.4916047589E+00
           Stress_EigVec1 =  2.7397630222E-01 -4.3486384858E-01  8.5780558346E-01
           Stress_EigVec2 =  8.4027378191E-01  5.4212391270E-01  6.4524964229E-03
           Stress_EigVec3 = -4.6784287667E-01  7.1902371065E-01  5.1393379561E-01
           -DivStress = -3.6738272306E+00  5.6431686541E+00  4.0375399589E+00
           ESP =  -1.1028951691E+00     ESP at Nucleus =  -1.1053137070E+00
           ESPe = -1.2315974139E+01     ESPe at Nucleus = -1.2233941299E+01
           ESPn =  1.1213078970E+01     ESPn at Nucleus =  1.1128627592E+01

CP# 9      Coords =  3.55801645570031E+00  3.42969995935220E+00  6.35618590515709E-01
           Type = (3,-3) NACP C9
           Rho =  1.1765420054E+02     Rho at Nucleus =  1.1765419985E+02
           GradRho =  2.2370976183E-09 -4.6710799673E-09 -3.9240989069E-09
           HessRho_EigVals = -1.4497343155E+05 -1.4497335327E+05 -1.4497222879E+05
           HessRho_EigVec1 =  3.5325653916E-01 -5.3312392535E-01  7.6875789281E-01
           HessRho_EigVec2 =  1.6353578242E-01  8.4427580674E-01  5.1034734252E-01
           HessRho_EigVec3 =  9.2112206868E-01  5.4564112494E-02 -3.8543078785E-01
           DelSqRho = -4.3491901361E+05
           Bond Ellipticity = NA
           V = -1.0874006437E+05
           G =  5.1554825853E+00
           K =  1.0873490888E+05
           L =  1.0872975340E+05
           Vnuc =  1.9441452206E+06
           Ven = -2.2873685166E+08
           Vrep =  2.2862811159E+08
           DelSqV =  2.4947217534E+09
           DelSqVen =  8.4554574746E+11
           DelSqVrep = -8.4305102570E+11
           DelSqG =  1.3400035930E+08
           DelSqK = -2.6287221127E+09
           Stress_EigVals = -3.6247036580E+04 -3.6246644367E+04 -3.6246383421E+04
           Stress_EigVec1 =  8.5605837095E-01  5.1417517198E-01 -5.2801117899E-02
           Stress_EigVec2 = -3.7450296050E-01  6.8741625646E-01  6.2225912844E-01
           Stress_EigVec3 =  3.5624654118E-01 -5.1291596083E-01  7.8102856480E-01
           -DivStress = -8.6601854650E+02  1.8062470063E+03  1.5125518227E+03
           ESP =  -1.4721489277E+01     ESP at Nucleus =  -1.4721489315E+01
           ESPe = -2.6130933162E+01     ESPe at Nucleus = -2.6130929804E+01
           ESPn =  1.1409443886E+01     ESPn at Nucleus =  1.1409440489E+01

CP# 10     Coords =  1.51138888732267E+00  2.10614822561537E+00  6.99479058760494E-01
           Type = (3,-3) NACP C10
           Rho =  1.1767028128E+02     Rho at Nucleus =  1.1767028046E+02
           GradRho =  4.8750787851E-09 -4.5985921737E-09 -4.9768579258E-09
           HessRho_EigVals = -1.4499412118E+05 -1.4499390125E+05 -1.4499283729E+05
           HessRho_EigVec1 = -3.5774151598E-01  5.1348603356E-01 -7.7996993601E-01
           HessRho_EigVec2 =  8.0232014491E-01 -2.5836055475E-01 -5.3808197221E-01
           HessRho_EigVec3 =  4.7781104299E-01  8.1827985255E-01  3.1955389233E-01
           DelSqRho = -4.3498085972E+05
           Bond Ellipticity = NA
           V = -1.0875550660E+05
           G =  5.1458345483E+00
           K =  1.0875036076E+05
           L =  1.0874521493E+05
           Vnuc =  1.7898353274E+06
           Ven = -2.1061042641E+08
           Vrep =  2.1050167090E+08
           DelSqV =  2.4950755284E+09
           DelSqVen =  7.7854412954E+11
           DelSqVrep = -7.7604905401E+11
           DelSqG =  1.3402016416E+08
           DelSqK = -2.6290956925E+09
           Stress_EigVals = -3.6252203896E+04 -3.6251788881E+04 -3.6251513821E+04
           Stress_EigVec1 =  8.3187987085E-01  5.5468737560E-01 -1.7256761601E-02
           Stress_EigVec2 = -4.2423926474E-01  6.5567472443E-01  6.2458922661E-01
           Stress_EigVec3 =  3.5776658135E-01 -5.1226220932E-01  7.8076276946E-01
           -DivStress = -1.5921916797E+03  1.4991550735E+03  1.6279863157E+03
           ESP =  -1.4723220969E+01     ESP at Nucleus =  -1.4723221012E+01
           ESPe = -2.7012634081E+01     ESPe at Nucleus = -2.7012630441E+01
           ESPn =  1.2289413112E+01     ESPn at Nucleus =  1.2289409428E+01

CP# 11     Coords =  3.61833378183938E+00  1.03038052378716E+00 -9.62696698519380E-01
           Type = (3,-3) NACP C11
           Rho =  1.1748219310E+02     Rho at Nucleus =  1.1748219094E+02
           GradRho = -1.5440648760E-11 -1.5722978475E-11  5.8129057123E-12
           HessRho_EigVals = -1.4475420911E+05 -1.4475304336E+05 -1.4475297735E+05
           HessRho_EigVec1 = -3.5404563520E-01  5.8511237923E-01  7.2958563025E-01
           HessRho_EigVec2 = -4.2013740185E-01  5.9745816177E-01 -6.8302877575E-01
           HessRho_EigVec3 =  8.3554548157E-01  5.4834956789E-01 -3.4300140411E-02
           DelSqRho = -4.3426022983E+05
           Bond Ellipticity = NA
           V = -1.0857525968E+05
           G =  5.1011099375E+00
           K =  1.0857015857E+05
           L =  1.0856505746E+05
           Vnuc =  1.0974230048E+06
           Ven = -1.2892766136E+08
           Vrep =  1.2881908610E+08
           DelSqV =  2.4909494971E+09
           DelSqVen =  4.7656716518E+11
           DelSqVrep = -4.7407621581E+11
           DelSqG =  1.3378978662E+08
           DelSqK = -2.6247392837E+09
           Stress_EigVals = -3.6191899797E+04 -3.6191751328E+04 -3.6191608552E+04
           Stress_EigVec1 =  3.6895728263E-01 -5.3768673270E-01  7.5813158559E-01
           Stress_EigVec2 =  8.4061386413E-01  5.4103996096E-01 -2.5378969226E-02
           Stress_EigVec3 = -3.9653354843E-01  6.4665967720E-01  6.5160755586E-01
           -DivStress =  2.0278641239E+03 -3.2669687765E+03 -2.2139331622E+03
           ESP =  -1.4724823150E+01     ESP at Nucleus =  -1.4724823279E+01
           ESPe = -2.7515071548E+01     ESPe at Nucleus = -2.7515068702E+01
           ESPn =  1.2790248398E+01     ESPn at Nucleus =  1.2790245423E+01

CP# 12     Coords =  4.61503111842957E+00  5.03567025377499E+00  1.19946531952735E+00
           Type = (3,-3) NACP H12
           Rho =  4.1467903575E-01     Rho at Nucleus =  4.1078465282E-01
           GradRho = -1.0787377935E-14 -1.4082918859E-14 -5.6109630830E-15
           HessRho_EigVals = -6.3374456902E+00 -6.3343538600E+00 -5.7173714251E+00
           HessRho_EigVec1 = -7.7625026706E-01  3.1231030624E-01  5.4762925005E-01
           HessRho_EigVec2 =  3.5099957848E-01 -5.0746904214E-01  7.8693993873E-01
           HessRho_EigVec3 =  5.2367434423E-01  8.0307997353E-01  2.8430219365E-01
           DelSqRho = -1.8389170975E+01
           Bond Ellipticity = NA
           V = -4.6064634133E+00
           G =  4.5853347147E-03
           K =  4.6018780786E+00
           L =  4.5972927438E+00
           Vnuc =  3.8437872949E+01
           Ven = -1.5939380091E+01
           Vrep =  1.1332916677E+01
           DelSqV =  6.9185250014E+02
           DelSqVen =  7.0684061759E+02
           DelSqVrep = -1.4988117454E+01
           DelSqG =  6.8308193053E+01
           DelSqK = -7.6016069319E+02
           Stress_EigVals = -1.5879613244E+00 -1.5873604443E+00 -1.4311416445E+00
           Stress_EigVec1 = -7.7504769176E-01  3.1539237186E-01  5.4756618529E-01
           Stress_EigVec2 =  3.5010804274E-01 -5.0704518281E-01  7.8761001834E-01
           Stress_EigVec3 =  5.2604698831E-01  8.0214265212E-01  2.8256279255E-01
           -DivStress =  4.2386052373E+00  6.4374198588E+00  2.2617001566E+00
           ESP =  -1.0633987032E+00     ESP at Nucleus =  -1.0661004300E+00
           ESPe = -1.2016425505E+01     ESPe at Nucleus = -1.1927540092E+01
           ESPn =  1.0953026802E+01     ESPn at Nucleus =  1.0861439662E+01

CP# 13     Coords = -3.58885519218555E-01  1.79133933917199E+00  1.34631257769782E+00
           Type = (3,-3) NACP H13
           Rho =  4.1082219474E-01     Rho at Nucleus =  4.0680712297E-01
           GradRho =  4.4235448637E-17  1.7173762412E-16  2.1640675363E-16
           HessRho_EigVals = -6.2686611633E+00 -6.2657288533E+00 -5.6391141814E+00
           HessRho_EigVec1 =  4.5846737489E-02  8.4510510643E-01  5.3263067481E-01
           HessRho_EigVec2 =  3.5652935110E-01 -5.1191872848E-01  7.8155360484E-01
           HessRho_EigVec3 =  9.3315856020E-01  1.5406678591E-01 -3.2477457876E-01
           DelSqRho = -1.8173504198E+01
           Bond Ellipticity = NA
           V = -4.5527484468E+00
           G =  4.6861986517E-03
           K =  4.5480622482E+00
           L =  4.5433760495E+00
           Vnuc =  4.0178272091E+01
           Ven = -1.6506125921E+01
           Vrep =  1.1953377474E+01
           DelSqV =  6.8300529981E+02
           DelSqVen =  7.3017999652E+02
           DelSqVrep = -4.7174696711E+01
           DelSqG =  6.7355282611E+01
           DelSqK = -7.5036058242E+02
           Stress_EigVals = -1.5707299286E+00 -1.5701028921E+00 -1.4119156261E+00
           Stress_EigVec1 =  4.1003291055E-02  8.4786875089E-01  5.2861830406E-01
           Stress_EigVec2 =  3.5665503957E-01 -5.0662948286E-01  7.8493550681E-01
           Stress_EigVec3 =  9.3333590570E-01  1.5634944310E-01 -3.2317013904E-01
           -DivStress = -7.5727069002E+00 -1.2879082351E+00  2.6090962127E+00
           ESP =  -1.0666428122E+00     ESP at Nucleus =  -1.0694372295E+00
           ESPe = -1.4344591845E+01     ESPe at Nucleus = -1.4283356512E+01
           ESPn =  1.3277949033E+01     ESPn at Nucleus =  1.3213919282E+01

CP# 14     Coords = -2.64814546938180E+00 -1.40146780285280E+00 -2.47064370781074E+00
           Type = (3,-3) NACP H14
           Rho =  4.2449238331E-01     Rho at Nucleus =  4.2076988471E-01
           GradRho = -2.6984380442E-12  1.2814612110E-12 -8.6420974543E-13
           HessRho_EigVals = -6.4645926293E+00 -6.4583034402E+00 -5.8629849568E+00
           HessRho_EigVec1 = -2.2167729143E-01  1.7956056712E-01  9.5844518946E-01
           HessRho_EigVec2 =  4.4550427013E-01  8.9297107006E-01 -6.4254286540E-02
           HessRho_EigVec3 =  8.6740136255E-01 -4.1274770839E-01  2.7794640753E-01
           DelSqRho = -1.8785881026E+01
           Bond Ellipticity = NA
           V = -4.7057835130E+00
           G =  4.6566282008E-03
           K =  4.7011268848E+00
           L =  4.6964702566E+00
           Vnuc =  4.1017782365E+01
           Ven = -1.7411736194E+01
           Vrep =  1.2705952681E+01
           DelSqV =  7.0722131277E+02
           DelSqVen =  7.7055517948E+02
           DelSqVrep = -6.3333866706E+01
           DelSqG =  6.9621872667E+01
           DelSqK = -7.7684318544E+02
           Stress_EigVals = -1.6194589636E+00 -1.6188921840E+00 -1.4674323654E+00
           Stress_EigVec1 = -2.5774316238E-01  1.0139217745E-01  9.6087881057E-01
           Stress_EigVec2 =  4.2393435062E-01  9.0551073706E-01  1.8165115772E-02
           Stress_EigVec3 =  8.6824427934E-01 -4.1203146897E-01  2.7637282784E-01
           -DivStress =  6.8748411638E+00 -3.2658999665E+00  2.1971879014E+00
           ESP =  -1.1050027876E+00     ESP at Nucleus =  -1.1074706490E+00
           ESPe = -1.3683827809E+01     ESPe at Nucleus = -1.3633091464E+01
           ESPn =  1.2578825021E+01     ESPn at Nucleus =  1.2525620815E+01

CP# 15     Coords = -3.66173278018214E+00 -3.15512819756667E+00  1.80050338659710E+00
           Type = (3,-3) NACP H15
           Rho =  4.2416888431E-01     Rho at Nucleus =  4.2045207784E-01
           GradRho = -1.0604039348E-15  3.7866845076E-15  1.3765030782E-15
           HessRho_EigVals = -6.4568971032E+00 -6.4505983543E+00 -5.8557716272E+00
           HessRho_EigVec1 =  3.3318956000E-01 -3.3210709556E-01  8.8243390358E-01
           HessRho_EigVec2 =  8.3409640787E-01  5.4020543317E-01 -1.1163006920E-01
           HessRho_EigVec3 = -4.3962245107E-01  7.7322892280E-01  4.5700014602E-01
           DelSqRho = -1.8763267085E+01
           Bond Ellipticity = NA
           V = -4.7001106952E+00
           G =  4.6469619977E-03
           K =  4.6954637332E+00
           L =  4.6908167712E+00
           Vnuc =  4.0331003550E+01
           Ven = -1.7107156779E+01
           Vrep =  1.2407046084E+01
           DelSqV =  7.0634781658E+02
           DelSqVen =  7.5674139140E+02
           DelSqVrep = -5.0393574819E+01
           DelSqG =  6.9507288709E+01
           DelSqK = -7.7585510529E+02
           Stress_EigVals = -1.6175280037E+00 -1.6169652091E+00 -1.4656174823E+00
           Stress_EigVec1 =  2.6230390841E-01 -3.7445540719E-01  8.8937045581E-01
           Stress_EigVec2 =  8.5924872166E-01  5.1009571178E-01 -3.8652285222E-02
           Stress_EigVec3 = -4.3919049849E-01  7.7432907272E-01  4.5555042880E-01
           -DivStress =  3.4738449434E+00 -6.1204604525E+00 -3.6135978575E+00
           ESP =  -1.1029934805E+00     ESP at Nucleus =  -1.1054654765E+00
           ESPe = -1.2990857282E+01     ESPe at Nucleus = -1.2926314105E+01
           ESPn =  1.1887863802E+01     ESPn at Nucleus =  1.1820848629E+01

CP# 16     Coords =  5.50741890616172E+00 -1.84458382274831E+00 -4.14736655907704E-02
           Type = (3,-3) NACP Si16
           Rho =  1.6514540014E+03     Rho at Nucleus =  1.6514540014E+03
           GradRho =  1.9338580182E-09  8.5307827469E-10  3.2243541170E-11
           HessRho_EigVals = -1.0923754391E+07 -1.0923753782E+07 -1.0923751313E+07
           HessRho_EigVec1 =  3.5715932265E-01 -2.3872906449E-01  9.0302029435E-01
           HessRho_EigVec2 =  7.6005163710E-01  6.3622942584E-01 -1.3241460131E-01
           HessRho_EigVec3 = -5.4291686950E-01  7.3363516237E-01  4.0868168707E-01
           DelSqRho = -3.2771259486E+07
