AIMSum (Version 19.02.13, Professional)
Copyright (c) 1997-2019 by Todd A. Keith
AIMSum is a component of the AIMAll package ( http://aim.tkgristmill.com )

TP:  64-bit Linux

Much of the Quantum Theory of Atoms in Molecules (QTAIM) is described in the book:
  "Atoms in Molecules - A Quantum Theory"
  R.F.W. Bader, Oxford University Press, Oxford, 1990

For additional references see:  http://aim.tkgristmill.com/references.html

Wfn File:  /home/mhennefarth/Documents/ML_Diels/summary-levandowski2016/6-opt/6-opt.wfn
Sum File:  /home/mhennefarth/Documents/ML_Diels/summary-levandowski2016/6-opt/6-opt.sum

SumViz File:  /home/mhennefarth/Documents/ML_Diels/summary-levandowski2016/6-opt/6-opt.sumviz

Wfn Title:   Title Card Required                                                           
 
Total memory allocated for AIMSum =        0.964 Megabytes

Atomic units (a.u.) used throughout, except where stated otherwise

Model:  Restricted SCF
 
Restricted, closed-shell, single-determinant wavefunction.
  Number of electrons (from MO Occs)                   =          68.0000000000
  Number of Alpha electrons (from MO Occs)             =          34.0000000000
  Number of Beta electrons (from MO Occs)              =          34.0000000000
  Number of electron pairs (N*(N-1)/2)                 =        2278.0000000000
  Number of electron pairs (from Muller 2EDM)          =        2278.0000000000
 
Nuclear Charges and Cartesian Coordinates:
-------------------------------------------------------------------------------
Atom      Charge                X                  Y                  Z
-------------------------------------------------------------------------------
C1         6.0          -4.7461731100E+00   1.9735314900E+00  -2.2031390800E+00
H2         1.0          -5.3058141700E+00   3.5648916800E+00  -3.3726542000E+00
C3         6.0          -6.3533890300E+00   9.2525582000E-01  -5.5265422000E-01
H4         1.0          -8.2288978100E+00   1.7523241700E+00  -3.4101131000E-01
C5         6.0          -4.2455025000E+00  -3.1682343500E+00   5.4138942000E-01
H6         1.0          -3.9287315700E+00  -4.7030225800E+00   1.8672379300E+00
C7         6.0          -5.8126714300E+00  -1.2534117500E+00   1.0854665900E+00
H8         1.0          -6.8364322600E+00  -1.2998913100E+00   2.8737726500E+00
C9         6.0           2.8611818400E+00   3.0694313000E+00   1.1334857800E+00
C10        6.0           1.4815396700E+00   1.1557498700E+00   1.7526213600E+00
C11        6.0           4.3065708600E+00   6.0164211000E-01   1.5031832100E+00
H12        1.0           3.0476722300E+00   5.0458718800E+00   6.6402656000E-01
H13        1.0          -3.3735377000E-01   3.2836825000E-01   2.1687733000E+00
H14        1.0          -2.8154839600E+00   1.3055294600E+00  -2.4186403600E+00
H15        1.0          -3.2638070700E+00  -3.2852223900E+00  -1.2596771200E+00
H16        1.0           5.3715768300E+00   4.0707730000E-01   3.2755094900E+00
Si17      14.0           5.6598409100E+00  -1.2565454100E+00  -1.2168725100E+00
H18        1.0           5.7627758700E+00  -4.0161900200E+00  -6.4274736000E-01
H19        1.0           4.0586554000E+00  -8.8885604000E-01  -3.5053018600E+00
H20        1.0           8.2887298000E+00  -4.4303163000E-01  -1.8351909700E+00
 
Some Atomic Properties:
----------------------
  q(A) = Net Charge of Atom A
  L(A) = Lagrangian of Atom A = -(1/4) Times Atomic Integral of the Laplacian of the Electron Density
  K(A) = Electronic Kinetic Energy of Atom A (Hamiltonian Form)
  K_Scaled(A) = K(A) * E(Mol)/K(Mol) = Approximation to Virial-Based Total Energy of Atom A.
  |Mu_Intra(A)| = Magnitude of Intraatomic Dipole Moment of Atom A
--------------------------------------------------------------------------------------------------
Atom A          q(A)              L(A)              K(A)          K_Scaled(A)      |Mu_Intra(A)|
--------------------------------------------------------------------------------------------------
C1       -8.6066276200E-02 -4.7400724425E-04  3.7704409790E+01 -3.7963922456E+01  1.1294969269E-01
H2        4.4103752200E-02  1.8762651597E-05  5.9423211867E-01 -5.9832211138E-01  1.4756307081E-01
C3       -3.0968670300E-02  9.2260775578E-05  3.7701364010E+01 -3.7960855712E+01  7.7047367888E-02
H4        3.4314328490E-02  1.9249729910E-05  6.0187885031E-01 -6.0602147410E-01  1.5108930955E-01
C5       -9.5020602000E-02 -8.3537271279E-05  3.7706839793E+01 -3.7966369185E+01  1.1715723294E-01
H6        4.5522280850E-02  2.1039855569E-05  5.9349034195E-01 -5.9757522915E-01  1.4727126082E-01
C7       -3.5534036000E-02 -3.6337604084E-05  3.7703485552E+01 -3.7962991857E+01  7.3875063103E-02
H8        3.4682007830E-02  2.5421720186E-05  6.0177577779E-01 -6.0591769215E-01  1.5097170558E-01
C9       -1.3734999770E-01 -2.0311896593E-05  3.7756533540E+01 -3.8016404965E+01  2.4530421064E-01
C10      -1.3712082730E-01 -4.2885184745E-04  3.7756645713E+01 -3.8016517909E+01  2.7733662676E-01
C11      -6.6321379890E-01 -9.7582337699E-05  3.7829349287E+01 -3.8089721888E+01  1.4216160161E+00
H12       1.1541423055E-01  1.5440442192E-05  5.5909270718E-01 -5.6294084165E-01  1.4445557648E-01
H13       1.3551955559E-01  2.6565211110E-05  5.5024066525E-01 -5.5402787270E-01  1.3655108456E-01
H14       4.7621561590E-02  2.1951711223E-05  5.9176298645E-01 -5.9583598457E-01  1.4557488539E-01
H15       4.7112863050E-02  2.0029474371E-05  5.9181713329E-01 -5.9589050409E-01  1.4762875110E-01
H16       8.8463083400E-03  3.1093680802E-05  6.1266678124E-01 -6.1688365641E-01  1.6042302918E-01
Si17      2.7026995510E+00 -2.5984528353E-06  2.8763887372E+02 -2.8961864031E+02  3.2837858552E-02
H18      -6.7794895180E-01  1.9118047288E-05  7.8457608214E-01 -7.8997617809E-01  3.7776932346E-01
H19      -6.7569959070E-01  2.6812346533E-05  7.8451729704E-01 -7.8991698838E-01  3.7421310882E-01
H20      -6.7763877900E-01  1.8386803653E-05  7.8448477542E-01 -7.8988424292E-01  3.7815741997E-01
--------------------------------------------------------------------------------------------------
Total    -7.2509041000E-04 -7.8709420418E-04  5.5944803692E+02 -5.6329861706E+02
 
1st Largest |L(A)| = 4.7400724425E-04, atom C1      
2nd Largest |L(A)| = 4.2885184745E-04, atom C10     
 
Molecular charge q(Mol) from the wfn file:   0.0000000000E+00
Molecular energy E(Mol) from the wfn file:  -5.6329880830E+02
Molecular virial ratio (-V(Mol)/T(Mol)) from the wfn file:   2.0068828200E+00
Note.  K_Scaled(A) = (1+V(Mol)/T(Mol))*K(A) = (E(Mol)/T(Mol))*K(A)
       Only use K_Scaled(A) data with caution.
 
N_AIMInt(SumA)     =         68.000725
N_Analytic(Mol)    =         67.999990
 
G_AIMInt(SumA)     =        559.448824
G_Analytic(Mol)    =        559.448204
 
K_AIMInt(SumA)     =        559.448037
K_Analytic(Mol)    =        559.448204
 
L_AIMInt(SumA)     =         -0.000787
L_Analytic(Mol)    =          0.000000
 
VenT_AIMInt(SumA)  =      -2048.524841
VenT_Analytic(Mol) =      -2048.515814
 
Some Information About the Atomic Calculations:
----------------------------------------------
  Time(sec) = "Elapsed User Time", in Seconds, for Atom A by AIMInt and, if used, by TWOe
  NProc = Number of Processors Used for AIMInt Job
  BIM = Basin Integration Method
  OAQ = Angular Quadrature Outside of Beta Sphere
  ORQ = Multiple of Default for Radial Quadrature Outside of Beta Sphere
  IAQ = Multiple of Default for Angular Quadrature Inside of Beta Sphere
  IRQ = Multiple of Default for Radial Quadrature Inside of Beta Sphere
  MIR = Maximum Integration Radius
------------------------------------------------------------------------------------------------------
Atom A     Time(sec)   NProc      BIM          OAQ                     ORQ      IAQ      IRQ      MIR
------------------------------------------------------------------------------------------------------
C1             24        8     Proaim(5)    4500(GS4)                  1.00     1.00     1.00    13.00
H2              5        8     Proaim(5)    1800(GS4)                  1.00     1.00     1.00    13.00
C3             23        8     Proaim(5)    4500(GS4)                  1.00     1.00     1.00    13.00
H4              4        8     Proaim(5)    1800(GS4)                  1.00     1.00     1.00    13.00
C5             31        8     Proaim(5)    4500(GS4)                  1.00     1.00     1.00    13.00
H6              5        8     Proaim(5)    1800(GS4)                  1.00     1.00     1.00    13.00
C7             23        8     Proaim(5)    4500(GS4)                  1.00     1.00     1.00    13.00
H8              5        8     Proaim(5)    1800(GS4)                  1.00     1.00     1.00    13.00
C9             20        8     Proaim(5)    4500(GS4)                  1.00     1.00     1.00    13.00
C10            34        8     Proaim(5)    4500(GS4)                  1.00     1.00     1.00    13.00
C11            32        8     Proaim(5)    4500(GS4)                  1.00     1.00     1.00    13.00
H12             5        8     Proaim(5)    1800(GS4)                  1.00     1.00     1.00    13.00
H13            17        8     Proaim(5)    4500(GS4)                  1.00     1.00     1.00    13.00
H14            16        8     Proaim(5)    4500(GS4)                  1.00     1.00     1.00    13.00
H15             8        8     Proaim(5)    1800(GS4)                  1.00     1.00     1.00    13.00
H16             5        8     Proaim(5)    1800(GS4)                  1.00     1.00     1.00    13.00
Si17           32        8     Proaim(5)    4500(GS4)                  1.00     1.00     1.00    13.00
H18             8        8     Proaim(5)    1800(GS4)                  1.00     1.00     1.00    13.00
H19            10        8     Proaim(5)    1800(GS4)                  1.00     1.00     1.00    13.00
H20             7        8     Proaim(5)    1800(GS4)                  1.00     1.00     1.00    13.00
------------------------------------------------------------------------------------------------------
Total         314
Note:  Total wall clock time is less than total of atomic times if more than one atom
       was calculated at a time
 
Electron Density Critical Point Analysis of Molecular Structure:               
---------------------------------------------------------------                
  NACP = Nuclear Attractor Critical Point                                      
  NNACP = Non-Nuclear Attractor Critical Point                                 
  BCP = Bond Critical Point                                                    
  RCP = Ring Critical Point                                                    
  CCP = Cage Critical Point                                                    
  Rho = Electron Density                                                       
  GradRho = Gradient of Electron Density                                       
  HessRho_EigVals = Eigenvalues of the Hessian of Rho, Ascending Order         
  HessRho_EigVecs = Eigenvectors of the Hessian of Rho                         
  DelSqRho = Laplacian of Rho = Trace of Hessian of Rho                        
  Bond Ellipticity = (HessRho_EigVal(1) / HessRho_EigVal(2)) - 1               
  V = Virial Field = Potential Energy Density = Trace of Stress Tensor         
  G = Lagrangian Form of Kinetic Energy Density                                
  K = Hamiltonian Form of Kinetic Energy Density                               
  L = K - G = Lagrangian Density = (-1/4)DelSqRho                              
  Vnuc = Electrostatic Potential from Nuclei                                   
  Ven = Electron-nuclear attractive contribution to Virial Field V             
  Vrep = V - Ven = Repulsive contribution to Virial Field V                    
  DelSqV = Laplacian of V                                                      
  DelSqVen = Laplacian of Ven                                                  
  DelSqVrep = Laplacian of Vrep                                                
  DelSqG = Laplacian of G                                                      
  DelSqK = Laplacian of K                                                      
  Stress_EigVals = Eigenvalues of Stress Tensor, Ascending Order               
  Stress_EigVecs = Eigenvectors of Stress Tensor                               
  -DivStress = Ehrenfest Force Density = Minus Divergence of Stress Tensor     
  ESP = Total Electrostatic Potential                                          
  ESPe = Electrostatic Potential from Electrons                                
  ESPn = Electrostatic Potential from Nuclei                                   
  BP = Bond Path                                                               
  BPL = Bond Path Length                                                       
  GBL = Geometric Bond Length                                                  
  GBL_I = Distance Between Nuclear Attractors                                  
  GBL_II = Distance Between Nuclei                                             
  GBL_III = Sum of Distances Between BCP and Nuclear Attractors                
  GBL_IV = Sum of Distances Between BCP and Nuclei                             

CP# 1      Coords = -4.74617276082735E+00  1.97353184041036E+00 -2.20313974315815E+00
           Type = (3,-3) NACP C1
           Rho =  1.1768056518E+02     Rho at Nucleus =  1.1768056513E+02
           GradRho =  7.9339396164E-11  5.8700794225E-11 -7.5080136552E-11
           HessRho_EigVals = -1.4500941557E+05 -1.4500840623E+05 -1.4500825712E+05
           HessRho_EigVec1 =  2.5770665893E-01  6.4113261041E-01  7.2286669159E-01
           HessRho_EigVec2 = -6.8526936881E-01  6.4870042875E-01 -3.3104931039E-01
           HessRho_EigVec3 =  6.8117044131E-01  4.1004478976E-01 -6.0652295940E-01
           DelSqRho = -4.3502607892E+05
           Bond Ellipticity = NA
           V = -1.0876675028E+05
           G =  5.1152749044E+00
           K =  1.0876163501E+05
           L =  1.0875651973E+05
           Vnuc =  7.2521879149E+06
           Ven = -8.5344157263E+08
           Vrep =  8.5333280588E+08
           DelSqV =  2.4953361235E+09
           DelSqVen =  3.1548900639E+12
           DelSqVrep = -3.1523947277E+12
           DelSqG =  1.3403656876E+08
           DelSqK = -2.6293726922E+09
           Stress_EigVals = -3.6255830716E+04 -3.6255732556E+04 -3.6255187009E+04
           Stress_EigVec1 =  6.2803380444E-01  4.4216305923E-01 -6.4036346674E-01
           Stress_EigVec2 = -7.2472282774E-01  6.3207687542E-01 -2.7432762623E-01
           Stress_EigVec3 =  2.8346139675E-01  6.3637304516E-01  7.1741130738E-01
           -DivStress = -2.8375886197E+02 -2.8629754559E+02  5.3935450148E+02
           ESP =  -1.4742084715E+01     ESP at Nucleus =  -1.4742084725E+01
           ESPe = -2.5128351447E+01     ESPe at Nucleus = -2.5128352382E+01
           ESPn =  1.0386266732E+01     ESPn at Nucleus =  1.0386267657E+01

CP# 2      Coords = -5.29621497212566E+00  3.53773393712094E+00 -3.35268951889861E+00
           Type = (3,-3) NACP H2
           Rho =  4.2547221299E-01     Rho at Nucleus =  4.2176548297E-01
           GradRho =  4.0245584643E-16 -3.3085513496E-15  2.7751238807E-15
           HessRho_EigVals = -6.4795424805E+00 -6.4734052782E+00 -5.8779781179E+00
           HessRho_EigVec1 =  9.0281333800E-01  1.9161801102E-03 -4.3002837695E-01
           HessRho_EigVec2 =  3.3223045975E-01  6.3181497626E-01  7.0030904420E-01
           HessRho_EigVec3 = -2.7304028703E-01  7.7511687121E-01 -5.6977437432E-01
           DelSqRho = -1.8830925877E+01
           Bond Ellipticity = NA
           V = -4.7169787626E+00
           G =  4.6236467254E-03
           K =  4.7123551159E+00
           L =  4.7077314692E+00
           Vnuc =  3.9130617857E+01
           Ven = -1.6648990575E+01
           Vrep =  1.1932011813E+01
           DelSqV =  7.0900679239E+02
           DelSqVen =  7.3686576438E+02
           DelSqVrep = -2.7858971988E+01
           DelSqG =  6.9792076005E+01
           DelSqK = -7.7879886839E+02
           Stress_EigVals = -1.6232094956E+00 -1.6227009034E+00 -1.4710683637E+00
           Stress_EigVec1 =  9.3149098890E-01  6.2764220311E-02 -3.5830879175E-01
           Stress_EigVec2 =  2.4195057298E-01  6.2862869018E-01  7.3911155458E-01
           Stress_EigVec3 = -2.7163294689E-01  7.7516877035E-01 -5.7037612120E-01
           -DivStress = -2.1665912896E+00  6.1328206425E+00 -4.5091202996E+00
           ESP =  -1.1052501729E+00     ESP at Nucleus =  -1.1077282261E+00
           ESPe = -1.1702568125E+01     ESPe at Nucleus = -1.1622664153E+01
           ESPn =  1.0597317952E+01     ESPn at Nucleus =  1.0514935927E+01

CP# 3      Coords = -6.35338944199926E+00  9.25254786316784E-01 -5.52653020310569E-01
           Type = (3,-3) NACP C3
           Rho =  1.1765615673E+02     Rho at Nucleus =  1.1765615654E+02
           GradRho = -1.9629551110E-10 -6.1141158803E-10  7.1720385186E-10
           HessRho_EigVals = -1.4497102272E+05 -1.4497013633E+05 -1.4496979160E+05
           HessRho_EigVec1 =  3.7151263447E-01  5.6834267600E-01  7.3414233297E-01
           HessRho_EigVec2 = -4.5503622895E-01  8.0071590177E-01 -3.8961015771E-01
           HessRho_EigVec3 =  8.0927151981E-01  1.8931626260E-01 -5.5609258217E-01
           DelSqRho = -4.3491095065E+05
           Bond Ellipticity = NA
           V = -1.0873795381E+05
           G =  5.1080736721E+00
           K =  1.0873284574E+05
           L =  1.0872773766E+05
           Vnuc =  3.6668055817E+06
           Ven = -4.3142225223E+08
           Vrep =  4.3131351428E+08
           DelSqV =  2.4946691884E+09
           DelSqVen =  1.5947339203E+12
           DelSqVrep = -1.5922392511E+12
           DelSqG =  1.3399254796E+08
           DelSqK = -2.6286617364E+09
           Stress_EigVals = -3.6246254926E+04 -3.6246089825E+04 -3.6245609058E+04
           Stress_EigVec1 =  7.7136842806E-01  2.5238849488E-01 -5.8420098926E-01
           Stress_EigVec2 = -5.2714436820E-01  7.6769330111E-01 -3.6437043034E-01
           Stress_EigVec3 =  3.5652428146E-01  5.8902210746E-01  7.2521954858E-01
           -DivStress =  3.3130758902E+02  8.4124514948E+02 -9.7345609819E+02
           ESP =  -1.4731536058E+01     ESP at Nucleus =  -1.4731536077E+01
           ESPe = -2.5717630155E+01     ESPe at Nucleus = -2.5717630257E+01
           ESPn =  1.0986094097E+01     ESPn at Nucleus =  1.0986094179E+01

CP# 4      Coords = -8.19768590571397E+00  1.73843560342663E+00 -3.44392917178803E-01
           Type = (3,-3) NACP H4
           Rho =  4.2883194734E-01     Rho at Nucleus =  4.2523119231E-01
           GradRho =  6.5746427400E-11 -2.9268063667E-11 -7.1051957720E-12
           HessRho_EigVals = -6.5554292910E+00 -6.5476362665E+00 -5.9574986930E+00
           HessRho_EigVec1 = -2.1481672456E-01 -6.5735459218E-01  7.2231483094E-01
           HessRho_EigVec2 =  3.5679729001E-01  6.3563958974E-01  6.8458601052E-01
           HessRho_EigVec3 =  9.0914766056E-01 -4.0478049867E-01 -9.7996322396E-02
           DelSqRho = -1.9060564251E+01
           Bond Ellipticity = NA
           V = -4.7742186016E+00
           G =  4.5387694832E-03
           K =  4.7696798321E+00
           L =  4.7651410626E+00
           Vnuc =  3.9979228167E+01
           Ven = -1.7144370268E+01
           Vrep =  1.2370151666E+01
           DelSqV =  7.1847166724E+02
           DelSqVen =  7.6202664728E+02
           DelSqVrep = -4.3554980041E+01
           DelSqG =  7.0946500378E+01
           DelSqK = -7.8941816762E+02
           Stress_EigVals = -1.6419715100E+00 -1.6409334725E+00 -1.4913136191E+00
           Stress_EigVec1 = -2.4819498356E-01 -7.1806633169E-01  6.5021534389E-01
           Stress_EigVec2 =  3.3370400992E-01  5.6675724977E-01  7.5327807189E-01
           Stress_EigVec3 =  9.0941788189E-01 -4.0393930624E-01 -9.8955307983E-02
           -DivStress = -7.1323144004E+00  3.1733480104E+00  7.7307110346E-01
           ESP =  -1.1055987055E+00     ESP at Nucleus =  -1.1080135651E+00
           ESPe = -1.1955310878E+01     ESPe at Nucleus = -1.1871909862E+01
           ESPn =  1.0849712172E+01     ESPn at Nucleus =  1.0763896297E+01

CP# 5      Coords = -4.24550178125254E+00 -3.16823482405737E+00  5.41389501835956E-01
           Type = (3,-3) NACP C5
           Rho =  1.1768538695E+02     Rho at Nucleus =  1.1768538690E+02
           GradRho =  7.4727835031E-11 -9.2976598642E-11  1.4652050406E-11
           HessRho_EigVals = -1.4501744946E+05 -1.4501648096E+05 -1.4501634086E+05
           HessRho_EigVec1 =  7.8749971584E-01  5.0556639403E-01  3.5248662211E-01
           HessRho_EigVec2 = -1.4910318219E-01 -3.9865432300E-01  9.0489942635E-01
           HessRho_EigVec3 = -5.9800705565E-01  7.6516491816E-01  2.3855860792E-01
           DelSqRho = -4.3505027127E+05
           Bond Ellipticity = NA
           V = -1.0877280957E+05
           G =  5.1208753112E+00
           K =  1.0876768869E+05
           L =  1.0876256782E+05
           Vnuc =  6.9373519294E+06
           Ven = -8.1642494625E+08
           Vrep =  8.1631617344E+08
           DelSqV =  2.4954767594E+09
           DelSqVen =  3.0180969021E+12
           DelSqVrep = -3.0156014254E+12
           DelSqG =  1.3404606858E+08
           DelSqK = -2.6295228280E+09
           Stress_EigVals = -3.6257845339E+04 -3.6257749085E+04 -3.6257215145E+04
           Stress_EigVec1 = -5.9655653756E-01  7.8057409943E-01  1.8661289556E-01
           Stress_EigVec2 = -1.9973746573E-01 -3.6960000430E-01  9.0746943838E-01
           Stress_EigVec3 =  7.7731926663E-01  5.0408323927E-01  3.7639719129E-01
           -DivStress = -5.8315825091E+02  3.8722198757E+02 -6.6234908298E+01
           ESP =  -1.4740057512E+01     ESP at Nucleus =  -1.4740057522E+01
           ESPe = -2.5203784516E+01     ESPe at Nucleus = -2.5203785246E+01
           ESPn =  1.0463727005E+01     ESPn at Nucleus =  1.0463727725E+01

CP# 6      Coords = -3.93412925656363E+00 -4.67679895848684E+00  1.84455875402018E+00
           Type = (3,-3) NACP H6
           Rho =  4.2515706584E-01     Rho at Nucleus =  4.2144522236E-01
           GradRho = -1.3695641843E-15 -6.5572547392E-16 -8.4567769454E-16
           HessRho_EigVals = -6.4736251738E+00 -6.4674123695E+00 -5.8719325942E+00
           HessRho_EigVec1 = -6.3862968025E-01  4.2339718163E-01  6.4256280478E-01
           HessRho_EigVec2 =  7.5393204978E-01  5.1145726362E-01  4.1230805451E-01
           HessRho_EigVec3 = -1.5407334560E-01  7.4776085354E-01 -6.4584449374E-01
           DelSqRho = -1.8812970137E+01
           Bond Ellipticity = NA
           V = -4.7124832620E+00
           G =  4.6203638302E-03
           K =  4.7078628982E+00
           L =  4.7032425344E+00
           Vnuc =  3.9404543359E+01
           Ven = -1.6753120035E+01
           Vrep =  1.2040636773E+01
           DelSqV =  7.0828480096E+02
           DelSqVen =  7.4131649749E+02
           DelSqVrep = -3.3031696527E+01
           DelSqG =  6.9711481362E+01
           DelSqK = -7.7799628233E+02
           Stress_EigVals = -1.6217187420E+00 -1.6212054237E+00 -1.4695590964E+00
           Stress_EigVec1 = -5.6313323559E-01  4.6936066841E-01  6.8013345891E-01
           Stress_EigVec2 =  8.1170653026E-01  4.6851451066E-01  3.4875014270E-01
           Stress_EigVec3 = -1.5496279460E-01  7.4846156632E-01 -6.4481921190E-01
           -DivStress =  1.2187703437E+00 -5.9166881096E+00  5.1158129336E+00
           ESP =  -1.1026138367E+00     ESP at Nucleus =  -1.1050968494E+00
           ESPe = -1.2007276680E+01     ESPe at Nucleus = -1.1929922687E+01
           ESPn =  1.0904662843E+01     ESPn at Nucleus =  1.0824825838E+01

CP# 7      Coords = -5.81267210205894E+00 -1.25341046396592E+00  1.08546637081532E+00
           Type = (3,-3) NACP C7
           Rho =  1.1766721926E+02     Rho at Nucleus =  1.1766721910E+02
           GradRho = -2.9605484730E-10  6.2644578414E-10 -1.0547696050E-10
           HessRho_EigVals = -1.4498664984E+05 -1.4498566158E+05 -1.4498535342E+05
           HessRho_EigVec1 =  7.5270318233E-01  4.6211105797E-01  4.6892567579E-01
           HessRho_EigVec2 = -7.5986373534E-02 -6.4652446318E-01  7.5909959133E-01
           HessRho_EigVec3 = -6.5396023606E-01  6.0700863966E-01  4.5152687742E-01
           DelSqRho = -4.3495766485E+05
           Bond Ellipticity = NA
           V = -1.0874962295E+05
           G =  5.1033694654E+00
           K =  1.0874451958E+05
           L =  1.0873941621E+05
           Vnuc =  4.0885662794E+06
           Ven = -4.8109022484E+08
           Vrep =  4.8098147522E+08
           DelSqV =  2.4949379880E+09
           DelSqVen =  1.7783532749E+12
           DelSqVrep = -1.7758583697E+12
           DelSqG =  1.3400878130E+08
           DelSqK = -2.6289467693E+09
           Stress_EigVals = -3.6250145909E+04 -3.6249991730E+04 -3.6249485311E+04
           Stress_EigVec1 = -6.4943570017E-01  6.5389242658E-01  3.8814683537E-01
           Stress_EigVec2 = -1.1049165467E-01 -5.8616882702E-01  8.0261927492E-01
           Stress_EigVec3 =  7.5234624050E-01  4.7836262468E-01  4.5292861879E-01
           -DivStress =  5.4482418738E+02 -1.0442358298E+03  1.8171737642E+02
           ESP =  -1.4729022565E+01     ESP at Nucleus =  -1.4729022582E+01
           ESPe = -2.5865394231E+01     ESPe at Nucleus = -2.5865394421E+01
           ESPn =  1.1136371665E+01     ESPn at Nucleus =  1.1136371839E+01

CP# 8      Coords = -6.81945263443461E+00 -1.29899429210803E+00  2.84394453136206E+00
           Type = (3,-3) NACP H8
           Rho =  4.2886648942E-01     Rho at Nucleus =  4.2526429163E-01
           GradRho =  5.6641974097E-15  1.4224732503E-16 -8.9220080976E-15
           HessRho_EigVals = -6.5564256384E+00 -6.5487701862E+00 -5.9582250164E+00
           HessRho_EigVec1 = -4.7470900775E-01  8.4570889063E-01 -2.4377823995E-01
           HessRho_EigVec2 =  7.2846583800E-01  5.3297372417E-01  4.3043760547E-01
           HessRho_EigVec3 = -4.9395230623E-01 -2.6748488740E-02  8.6907746348E-01
           DelSqRho = -1.9063420841E+01
           Bond Ellipticity = NA
           V = -4.7749014430E+00
           G =  4.5231163856E-03
           K =  4.7703783266E+00
           L =  4.7658552102E+00
           Vnuc =  4.0269239521E+01
           Ven = -1.7270127385E+01
           Vrep =  1.2495225942E+01
           DelSqV =  7.1857900038E+02
           DelSqVen =  7.6766945993E+02
           DelSqVrep = -4.9090459549E+01
           DelSqG =  7.0962416552E+01
           DelSqK = -7.8954141694E+02
           Stress_EigVals = -1.6422402221E+00 -1.6411465390E+00 -1.4915146819E+00
           Stress_EigVec1 = -3.9998095959E-01  8.9413361918E-01 -2.0134622674E-01
           Stress_EigVec2 =  7.7163114430E-01  4.4706741049E-01  4.5245564161E-01
           Stress_EigVec3 = -4.9457113655E-01 -2.5608622360E-02  8.6875979957E-01
           -DivStress = -3.8805733108E+00 -2.0439263470E-01  6.8168596001E+00
           ESP =  -1.1035356721E+00     ESP at Nucleus =  -1.1059518572E+00
           ESPe = -1.2247194239E+01     ESPe at Nucleus = -1.2165022586E+01
           ESPn =  1.1143658567E+01     ESPn at Nucleus =  1.1059070728E+01

CP# 9      Coords =  2.86118417652443E+00  3.06942928950990E+00  1.13348586695780E+00
           Type = (3,-3) NACP C9
           Rho =  1.1765615455E+02     Rho at Nucleus =  1.1765615386E+02
           GradRho =  4.9228188193E-09 -4.2180448023E-09  1.8132628732E-10
           HessRho_EigVals = -1.4497584543E+05 -1.4497572714E+05 -1.4497460153E+05
           HessRho_EigVec1 =  1.2029375579E-01  2.3707853424E-01  9.6401409789E-01
           HessRho_EigVec2 = -3.3149923004E-01  9.2491931730E-01 -1.8609813799E-01
           HessRho_EigVec3 =  9.3575513507E-01  2.9718348723E-01 -1.8985337004E-01
           DelSqRho = -4.3492617410E+05
           Bond Ellipticity = NA
           V = -1.0874184976E+05
           G =  5.1531150035E+00
           K =  1.0873669664E+05
           L =  1.0873154353E+05
           Vnuc =  1.9457494364E+06
           Ven = -2.2892939640E+08
           Vrep =  2.2882065455E+08
           DelSqV =  2.4947625542E+09
           DelSqVen =  8.4625736499E+11
           DelSqVrep = -8.4376260244E+11
           DelSqG =  1.3400253904E+08
           DelSqK = -2.6287650932E+09
           Stress_EigVals = -3.6247633644E+04 -3.6247243859E+04 -3.6246972253E+04
           Stress_EigVec1 =  6.0054910300E-01  7.5869236945E-01 -2.5244140591E-01
           Stress_EigVec2 =  7.8946680939E-01 -6.1269453513E-01  3.6709174496E-02
           Stress_EigVec3 =  1.2681849926E-01  2.2133977310E-01  9.6691559771E-01
           -DivStress = -1.8999724727E+03  1.6356068415E+03 -7.1871410614E+01
           ESP =  -1.4720195422E+01     ESP at Nucleus =  -1.4720195460E+01
           ESPe = -2.6350116428E+01     ESPe at Nucleus = -2.6350113557E+01
           ESPn =  1.1629921006E+01     ESPn at Nucleus =  1.1629918097E+01

CP# 10     Coords =  1.48154269596286E+00  1.15574850589502E+00  1.75262118100409E+00
           Type = (3,-3) NACP C10
           Rho =  1.1767088125E+02     Rho at Nucleus =  1.1767088045E+02
           GradRho =  7.4154904439E-09 -3.3632667762E-09 -4.4309422798E-10
           HessRho_EigVals = -1.4499519479E+05 -1.4499496270E+05 -1.4499390282E+05
           HessRho_EigVec1 =  1.1014683373E-01  2.1902711246E-01  9.6948171671E-01
           HessRho_EigVec2 =  9.9374950695E-01 -4.2085576284E-02 -1.0339594624E-01
           HessRho_EigVec3 =  1.8154681200E-02  9.7481071408E-01 -2.2229367799E-01
           DelSqRho = -4.3498406031E+05
           Bond Ellipticity = NA
           V = -1.0875630907E+05
           G =  5.1469975873E+00
           K =  1.0875116208E+05
           L =  1.0874601508E+05
           Vnuc =  1.8050421773E+06
           Ven = -2.1240090370E+08
           Vrep =  2.1229214739E+08
           DelSqV =  2.4950941953E+09
           DelSqVen =  7.8516459110E+11
           DelSqVrep = -7.8266949691E+11
           DelSqG =  1.3402147131E+08
           DelSqK = -2.6291156666E+09
           Stress_EigVals = -3.6252467852E+04 -3.6252061150E+04 -3.6251780071E+04
           Stress_EigVec1 =  5.5339435190E-01  7.9461559657E-01 -2.4968128679E-01
           Stress_EigVec2 =  8.2388415367E-01 -5.6625191209E-01  2.3951479927E-02
           Stress_EigVec3 =  1.2235028655E-01  2.1896306937E-01  9.6803180817E-01
           -DivStress = -2.4614362586E+03  1.1087776823E+03  1.4496280572E+02
           ESP =  -1.4722177084E+01     ESP at Nucleus =  -1.4722177127E+01
           ESPe = -2.7019993588E+01     ESPe at Nucleus = -2.7019990703E+01
           ESPn =  1.2297816504E+01     ESPn at Nucleus =  1.2297813576E+01

CP# 11     Coords =  4.30656656489798E+00  6.01645448964463E-01  1.50318386443776E+00
           Type = (3,-3) NACP C11
           Rho =  1.1748253068E+02     Rho at Nucleus =  1.1748252851E+02
           GradRho = -3.1206370821E-11  7.4465433819E-13 -5.1054716010E-12
           HessRho_EigVals = -1.4475466653E+05 -1.4475349807E+05 -1.4475344165E+05
           HessRho_EigVec1 =  8.2333188237E-01 -5.4336560005E-01  1.6394644295E-01
           HessRho_EigVec2 =  1.3455738049E-02  3.0746804037E-01  9.5146326638E-01
           HessRho_EigVec3 =  5.6740070020E-01  7.8116402172E-01 -2.6045962563E-01
           DelSqRho = -4.3426160625E+05
           Bond Ellipticity = NA
           V = -1.0857560605E+05
           G =  5.1022458339E+00
           K =  1.0857050381E+05
           L =  1.0856540156E+05
           Vnuc =  1.0950038028E+06
           Ven = -1.2864381785E+08
           Vrep =  1.2853524225E+08
           DelSqV =  2.4909574313E+09
           DelSqVen =  4.7551811226E+11
           DelSqVrep = -4.7302715431E+11
           DelSqG =  1.3379025344E+08
           DelSqK = -2.6247476848E+09
           Stress_EigVals = -3.6192016423E+04 -3.6191865244E+04 -3.6191724387E+04
           Stress_EigVec1 =  9.8646581681E-02  2.4140530635E-01  9.6539749844E-01
           Stress_EigVec2 =  5.6895946640E-01  7.8224013697E-01 -2.5374296782E-01
           Stress_EigVec3 =  8.1642757028E-01 -5.7430292197E-01  6.0184518720E-02
           -DivStress =  3.4846523259E+03 -2.7100898652E+03 -5.3425811602E+02
           ESP =  -1.4724110156E+01     ESP at Nucleus =  -1.4724110286E+01
           ESPe = -2.7261601252E+01     ESPe at Nucleus = -2.7261597987E+01
           ESPn =  1.2537491096E+01     ESPn at Nucleus =  1.2537487702E+01

CP# 12     Coords =  3.04435446310666E+00  5.01059779774086E+00  6.72407063522840E-01
           Type = (3,-3) NACP H12
           Rho =  4.1462406010E-01     Rho at Nucleus =  4.1072528555E-01
           GradRho =  1.5959455979E-16  3.8944542036E-16 -2.7321894747E-16
           HessRho_EigVals = -6.3366268613E+00 -6.3335598536E+00 -5.7161310336E+00
           HessRho_EigVec1 =  9.8671434871E-01 -1.1503162451E-01 -1.1472802364E-01
           HessRho_EigVec2 =  1.3763426992E-01  2.1664586693E-01  9.6649954790E-01
           HessRho_EigVec3 =  8.6322660944E-02  9.6944947971E-01 -2.2959987915E-01
           DelSqRho = -1.8386317748E+01
           Bond Ellipticity = NA
           V = -4.6057359882E+00
           G =  4.5782755355E-03
           K =  4.6011577127E+00
           L =  4.5965794371E+00
           Vnuc =  3.8784131519E+01
           Ven = -1.6080834078E+01
           Vrep =  1.1475098089E+01
           DelSqV =  6.9172429955E+02
           DelSqVen =  7.1309736570E+02
           DelSqVrep = -2.1373066146E+01
           DelSqG =  6.8296144141E+01
           DelSqK = -7.6002044370E+02
           Stress_EigVals = -1.5877578399E+00 -1.5871464557E+00 -1.4308316926E+00
           Stress_EigVec1 =  9.8687742785E-01 -1.1733968893E-01 -1.1092492865E-01
           Stress_EigVec2 =  1.3447134401E-01  2.1694115683E-01  9.6687847846E-01
           Stress_EigVec3 =  8.9389037549E-02  9.6910677011E-01 -2.2987315653E-01
           -DivStress =  7.3428005879E-01  7.7861487146E+00 -1.8500406901E+00
           ESP =  -1.0624153803E+00     ESP at Nucleus =  -1.0651203711E+00
           ESPe = -1.2379629485E+01     ESPe at Nucleus = -1.2292070682E+01
           ESPn =  1.1317214104E+01     ESPn at Nucleus =  1.1226950311E+01

CP# 13     Coords = -3.04239457781825E-01  3.43423644761979E-01  2.16125845557380E+00
           Type = (3,-3) NACP H13
           Rho =  4.1089867276E-01     Rho at Nucleus =  4.0688839621E-01
           GradRho =  3.3585717996E-09  1.5218246290E-09 -7.6109803258E-10
           HessRho_EigVals = -6.2705952264E+00 -6.2676146934E+00 -5.6417832379E+00
           HessRho_EigVec1 = -4.3238649616E-01  8.9003321367E-01 -1.4450881114E-01
           HessRho_EigVec2 =  1.2175555908E-01  2.1642763808E-01  9.6867675791E-01
           HessRho_EigVec3 =  8.9343018853E-01  4.0124799817E-01 -2.0194687963E-01
           DelSqRho = -1.8179993158E+01
           Bond Ellipticity = NA
           V = -4.5543399906E+00
           G =  4.6708505944E-03
           K =  4.5496691400E+00
           L =  4.5449982894E+00
           Vnuc =  4.0154204157E+01
           Ven = -1.6499309194E+01
           Vrep =  1.1944969203E+01
           DelSqV =  6.8327821965E+02
           DelSqVen =  7.3000316227E+02
           DelSqVrep = -4.6724942619E+01
           DelSqG =  6.7390321235E+01
           DelSqK = -7.5066854088E+02
           Stress_EigVals = -1.5712036484E+00 -1.5705952648E+00 -1.4125410774E+00
           Stress_EigVec1 = -4.3284814740E-01  8.9242191800E-01 -1.2737975338E-01
           Stress_EigVec2 =  1.2950546617E-01  2.0139642243E-01  9.7091081736E-01
           Stress_EigVec3 =  8.9211592045E-01  4.0376057424E-01 -2.0274758485E-01
           -DivStress = -7.2280092653E+00 -3.2883628269E+00  1.6410634245E+00
           ESP =  -1.0655341734E+00     ESP at Nucleus =  -1.0683226311E+00
           ESPe = -1.4297672583E+01     ESPe at Nucleus = -1.4234757813E+01
           ESPn =  1.3232138409E+01     ESPn at Nucleus =  1.3166435182E+01

CP# 14     Coords = -2.84862792383708E+00  1.31695960270733E+00 -2.41500792898318E+00
           Type = (3,-3) NACP H14
           Rho =  4.2420655041E-01     Rho at Nucleus =  4.2047029725E-01
           GradRho = -2.5849915672E-09  8.9216608927E-10  2.8320633143E-10
           HessRho_EigVals = -6.4586330256E+00 -6.4523137283E+00 -5.8558106645E+00
           HessRho_EigVec1 = -1.5231203549E-01 -6.7112563851E-01  7.2552837379E-01
           HessRho_EigVec2 =  3.0514824972E-01  6.6629463081E-01  6.8039401133E-01
           HessRho_EigVec3 =  9.4004552525E-01 -3.2502591019E-01 -1.0330812248E-01
           DelSqRho = -1.8766757418E+01
           Bond Ellipticity = NA
           V = -4.7010353377E+00
           G =  4.6729915343E-03
           K =  4.6963623461E+00
           L =  4.6916893546E+00
           Vnuc =  4.0911190292E+01
           Ven = -1.7354794907E+01
           Vrep =  1.2653759569E+01
           DelSqV =  7.0641505136E+02
           DelSqVen =  7.6777038833E+02
           DelSqVrep = -6.1355336978E+01
           DelSqG =  6.9530054566E+01
           DelSqK = -7.7594510592E+02
           Stress_EigVals = -1.6179631404E+00 -1.6174015100E+00 -1.4656706873E+00
           Stress_EigVec1 = -1.7530920464E-01 -7.2417175016E-01  6.6696473598E-01
           Stress_EigVec2 =  2.9072324207E-01  6.0916677041E-01  7.3783185235E-01
           Stress_EigVec3 =  9.4060973804E-01 -3.2325086559E-01 -1.0374101701E-01
           -DivStress =  7.4598533292E+00 -2.5718277502E+00 -8.1815104283E-01
           ESP =  -1.1061976866E+00     ESP at Nucleus =  -1.1086730927E+00
           ESPe = -1.3646339477E+01     ESPe at Nucleus = -1.3596895537E+01
           ESPn =  1.2540141790E+01     ESPn at Nucleus =  1.2488222445E+01

CP# 15     Coords = -3.28053974139992E+00 -3.28323554018968E+00 -1.22880213180124E+00
           Type = (3,-3) NACP H15
           Rho =  4.2408098280E-01     Rho at Nucleus =  4.2036195922E-01
           GradRho = -1.1599879152E-11  1.3727066359E-12  2.1403368661E-11
           HessRho_EigVals = -6.4550321883E+00 -6.4486689807E+00 -5.8538200260E+00
           HessRho_EigVec1 = -4.5043747190E-01  8.4151666478E-01 -2.9825456710E-01
           HessRho_EigVec2 =  7.5518144795E-01  5.3731061073E-01  3.7549738784E-01
           HessRho_EigVec3 = -4.7624265305E-01  5.6098221757E-02  8.7752260651E-01
           DelSqRho = -1.8757521195E+01
           Bond Ellipticity = NA
           V = -4.6986774655E+00
           G =  4.6485833600E-03
           K =  4.6940288821E+00
           L =  4.6893802988E+00
           Vnuc =  4.0449840517E+01
           Ven = -1.7154008121E+01
           Vrep =  1.2455330655E+01
           DelSqV =  7.0611096425E+02
           DelSqVen =  7.5873874088E+02
           DelSqVrep = -5.2627776634E+01
           DelSqG =  6.9479733629E+01
           DelSqK = -7.7559069788E+02
           Stress_EigVals = -1.6170564797E+00 -1.6164930042E+00 -1.4651279816E+00
           Stress_EigVec1 = -3.8581712223E-01  8.8290804692E-01 -2.6761638379E-01
           Stress_EigVec2 =  7.9026506008E-01  4.6595606776E-01  3.9795235610E-01
           Stress_EigVec3 = -4.7605281536E-01  5.7951044801E-02  8.7750520990E-01
           -DivStress =  3.7642968919E+00 -4.4764978643E-01 -6.9450007194E+00
           ESP =  -1.1038586642E+00     ESP at Nucleus =  -1.1063315941E+00
           ESPe = -1.3123430507E+01     ESPe at Nucleus = -1.3060030935E+01
           ESPn =  1.2019571843E+01     ESPn at Nucleus =  1.1953699341E+01

CP# 16     Coords =  5.35455865507403E+00  4.10293376926257E-01  3.24750979639875E+00
           Type = (3,-3) NACP H16
           Rho =  4.2739449789E-01     Rho at Nucleus =  4.2408919030E-01
           GradRho = -2.1055206190E-15  7.5460471205E-17 -2.4251434194E-15
           HessRho_EigVals = -6.5234457734E+00 -6.5164390825E+00 -5.9580314760E+00
           HessRho_EigVec1 =  6.3885113763E-01 -6.1657672434E-01 -4.6011125497E-01
           HessRho_EigVec2 =  5.6928448140E-01  7.8115134730E-01 -2.5635473830E-01
           HessRho_EigVec3 =  5.1747889154E-01 -9.8161680968E-02  8.5004698764E-01
           DelSqRho = -1.8997916332E+01
