AIMSum (Version 19.02.13, Professional)
Copyright (c) 1997-2019 by Todd A. Keith
AIMSum is a component of the AIMAll package ( http://aim.tkgristmill.com )

TP:  64-bit Linux

Much of the Quantum Theory of Atoms in Molecules (QTAIM) is described in the book:
  "Atoms in Molecules - A Quantum Theory"
  R.F.W. Bader, Oxford University Press, Oxford, 1990

For additional references see:  http://aim.tkgristmill.com/references.html

Wfn File:  /home/mhennefarth/Documents/ML_Diels/summary-levandowski2016/7-opt/7-opt.wfn
Sum File:  /home/mhennefarth/Documents/ML_Diels/summary-levandowski2016/7-opt/7-opt.sum

SumViz File:  /home/mhennefarth/Documents/ML_Diels/summary-levandowski2016/7-opt/7-opt.sumviz

Wfn Title:   Title Card Required                                                           
 
Total memory allocated for AIMSum =        0.851 Megabytes

Atomic units (a.u.) used throughout, except where stated otherwise

Model:  Restricted SCF
 
Restricted, closed-shell, single-determinant wavefunction.
  Number of electrons (from MO Occs)                   =          64.0000000000
  Number of Alpha electrons (from MO Occs)             =          32.0000000000
  Number of Beta electrons (from MO Occs)              =          32.0000000000
  Number of electron pairs (N*(N-1)/2)                 =        2016.0000000000
  Number of electron pairs (from Muller 2EDM)          =        2016.0000000000
 
Nuclear Charges and Cartesian Coordinates:
-------------------------------------------------------------------------------
Atom      Charge                X                  Y                  Z
-------------------------------------------------------------------------------
C1         6.0           5.1482228400E+00  -6.7412413000E-01  -2.8898123900E+00
H2         1.0           5.5238787800E+00  -1.6916772300E+00  -4.6318357600E+00
C3         6.0           4.8889123600E+00  -1.8881961900E+00  -6.8400704000E-01
H4         1.0           4.9848053400E+00  -3.9456012100E+00  -6.7668673000E-01
C5         6.0           5.1132830700E+00   1.6335142000E+00   2.4774165200E+00
H6         1.0           4.6745358500E+00   2.3717087500E+00   4.3416719600E+00
C7         6.0           4.4206893800E+00  -7.0486302000E-01   1.7873184300E+00
H8         1.0           3.4559484300E+00  -1.8894699000E+00   3.1700814500E+00
C9         6.0          -4.0332337800E+00   3.1596115900E+00  -6.1569963000E-01
H10        1.0          -5.1816383000E+00   4.8436521200E+00  -5.6400160000E-01
C11        6.0          -1.9462587600E+00   1.9665733600E+00  -2.0123225000E-01
H12        1.0          -1.9715950000E-02   1.8654809000E+00   4.6687476000E-01
C13        6.0          -4.0599401000E+00   3.8859195000E-01  -1.3229805300E+00
H14        1.0           6.1792296500E+00   2.8645009700E+00   1.2243304700E+00
H15        1.0           4.9819680400E+00   1.3689990700E+00  -3.0361207700E+00
H16        1.0          -3.9802244900E+00  -1.6887506000E-01  -3.3092027100E+00
C17        6.0          -5.4073263300E+00  -1.4357908400E+00   2.3350138000E-01
N18        7.0          -6.4806970600E+00  -2.8986600000E+00   1.4725517000E+00
 
Some Atomic Properties:
----------------------
  q(A) = Net Charge of Atom A
  L(A) = Lagrangian of Atom A = -(1/4) Times Atomic Integral of the Laplacian of the Electron Density
  K(A) = Electronic Kinetic Energy of Atom A (Hamiltonian Form)
  K_Scaled(A) = K(A) * E(Mol)/K(Mol) = Approximation to Virial-Based Total Energy of Atom A.
  |Mu_Intra(A)| = Magnitude of Intraatomic Dipole Moment of Atom A
--------------------------------------------------------------------------------------------------
Atom A          q(A)              L(A)              K(A)          K_Scaled(A)      |Mu_Intra(A)|
--------------------------------------------------------------------------------------------------
C1       -8.6683828100E-02 -4.7439562712E-05  3.7704634170E+01 -3.8081809461E+01  1.0824448720E-01
H2        4.8239237310E-02  2.1855082795E-05  5.9262731668E-01 -5.9855561663E-01  1.4674533252E-01
C3       -2.8897676500E-02 -9.4971312510E-06  3.7700302814E+01 -3.8077434777E+01  7.8907767619E-02
H4        4.0134508350E-02  2.7532355644E-05  5.9991233017E-01 -6.0591350517E-01  1.4961932106E-01
C5       -9.6691507800E-02  8.3349396174E-05  3.7707790071E+01 -3.8084996933E+01  1.1819501135E-01
H6        4.8632693080E-02  2.2728772558E-05  5.9228137259E-01 -5.9820621192E-01  1.4665161930E-01
C7       -3.7923230800E-02 -1.2594140333E-04  3.7706573717E+01 -3.8083768411E+01  8.0940681947E-02
H8        4.1746298650E-02  2.2230411924E-05  5.9915917670E-01 -6.0515281759E-01  1.4891304495E-01
C9       -1.0720695020E-01  2.1446425228E-05  3.7753267487E+01 -3.8130929278E+01  2.6426369536E-01
H10       1.3586007327E-01  1.2669032376E-05  5.5053639401E-01 -5.5604364078E-01  1.4030977561E-01
C11      -1.0356746240E-01 -6.9866587400E-06  3.7753636312E+01 -3.8131301793E+01  3.0235337619E-01
H12       1.5948597566E-01  3.9516571379E-05  5.3943193665E-01 -5.4482810087E-01  1.3369190745E-01
C13       1.5190139370E-01 -2.7802324378E-04  3.7529231198E+01 -3.7904651860E+01  2.7137065789E-01
H14       4.4861201920E-02  2.1486507135E-05  5.9304929629E-01 -5.9898181748E-01  1.4742342064E-01
H15       3.9415007130E-02  2.2019454752E-05  5.9514617866E-01 -6.0109967585E-01  1.4848198658E-01
H16       5.5406610480E-02  3.0254282715E-05  5.9706862477E-01 -6.0304135300E-01  1.4859434177E-01
C17       9.6656727050E-01 -9.5292043911E-06  3.7148170783E+01 -3.7519779538E+01  1.0552805813E+00
N18      -1.2713709969E+00 -3.8780811691E-06  5.4974907599E+01 -5.5524844690E+01  6.9903060078E-01
--------------------------------------------------------------------------------------------------
Total    -9.1382650000E-05 -1.5620699269E-04  3.6123772678E+02 -3.6485133948E+02
 
1st Largest |L(A)| = 2.7802324378E-04, atom C13     
2nd Largest |L(A)| = 1.2594140333E-04, atom C7      
 
Molecular charge q(Mol) from the wfn file:   0.0000000000E+00
Molecular energy E(Mol) from the wfn file:  -3.6485142505E+02
Molecular virial ratio (-V(Mol)/T(Mol)) from the wfn file:   2.0100034200E+00
Note.  K_Scaled(A) = (1+V(Mol)/T(Mol))*K(A) = (E(Mol)/T(Mol))*K(A)
       Only use K_Scaled(A) data with caution.
 
N_AIMInt(SumA)     =         64.000091
N_Analytic(Mol)    =         63.999990
 
G_AIMInt(SumA)     =        361.237883
G_Analytic(Mol)    =        361.237788
 
K_AIMInt(SumA)     =        361.237727
K_Analytic(Mol)    =        361.237788
 
L_AIMInt(SumA)     =         -0.000156
L_Analytic(Mol)    =          0.000000
 
VenT_AIMInt(SumA)  =      -1526.193546
VenT_Analytic(Mol) =      -1526.192538
 
Some Information About the Atomic Calculations:
----------------------------------------------
  Time(sec) = "Elapsed User Time", in Seconds, for Atom A by AIMInt and, if used, by TWOe
  NProc = Number of Processors Used for AIMInt Job
  BIM = Basin Integration Method
  OAQ = Angular Quadrature Outside of Beta Sphere
  ORQ = Multiple of Default for Radial Quadrature Outside of Beta Sphere
  IAQ = Multiple of Default for Angular Quadrature Inside of Beta Sphere
  IRQ = Multiple of Default for Radial Quadrature Inside of Beta Sphere
  MIR = Maximum Integration Radius
------------------------------------------------------------------------------------------------------
Atom A     Time(sec)   NProc      BIM          OAQ                     ORQ      IAQ      IRQ      MIR
------------------------------------------------------------------------------------------------------
C1             24        8     Proaim(5)    4500(GS4)                  1.00     1.00     1.00    13.00
H2              5        8     Proaim(5)    1800(GS4)                  1.00     1.00     1.00    13.00
C3             29        8     Proaim(5)    4500(GS4)                  1.00     1.00     1.00    13.00
H4              5        8     Proaim(5)    1800(GS4)                  1.00     1.00     1.00    13.00
C5             24        8     Proaim(5)    4500(GS4)                  1.00     1.00     1.00    13.00
H6              5        8     Proaim(5)    1800(GS4)                  1.00     1.00     1.00    13.00
C7             41        8     Proaim(5)    4500(GS4)                  1.00     1.00     1.00    13.00
H8              6        8     Proaim(5)    1800(GS4)                  1.00     1.00     1.00    13.00
C9             16        8     Proaim(5)    4500(GS4)                  1.00     1.00     1.00    13.00
H10             4        8     Proaim(5)    1800(GS4)                  1.00     1.00     1.00    13.00
C11            21        8     Proaim(5)    4500(GS4)                  1.00     1.00     1.00    13.00
H12            18        8     Proaim(5)    4500(GS4)                  1.00     1.00     1.00    13.00
C13            24        8     Proaim(5)    4500(GS4)                  1.00     1.00     1.00    13.00
H14             6        8     Proaim(5)    1800(GS4)                  1.00     1.00     1.00    13.00
H15             9        8     Proaim(5)    1800(GS4)                  1.00     1.00     1.00    13.00
H16             5        8     Proaim(5)    1800(GS4)                  1.00     1.00     1.00    13.00
C17            11        8     Proaim(5)    4500(GS4)                  1.00     1.00     1.00    13.00
N18             7        8     Proaim(5)    2700(GS4)                  1.00     1.00     1.00    13.00
------------------------------------------------------------------------------------------------------
Total         260
Note:  Total wall clock time is less than total of atomic times if more than one atom
       was calculated at a time
 
Electron Density Critical Point Analysis of Molecular Structure:               
---------------------------------------------------------------                
  NACP = Nuclear Attractor Critical Point                                      
  NNACP = Non-Nuclear Attractor Critical Point                                 
  BCP = Bond Critical Point                                                    
  RCP = Ring Critical Point                                                    
  CCP = Cage Critical Point                                                    
  Rho = Electron Density                                                       
  GradRho = Gradient of Electron Density                                       
  HessRho_EigVals = Eigenvalues of the Hessian of Rho, Ascending Order         
  HessRho_EigVecs = Eigenvectors of the Hessian of Rho                         
  DelSqRho = Laplacian of Rho = Trace of Hessian of Rho                        
  Bond Ellipticity = (HessRho_EigVal(1) / HessRho_EigVal(2)) - 1               
  V = Virial Field = Potential Energy Density = Trace of Stress Tensor         
  G = Lagrangian Form of Kinetic Energy Density                                
  K = Hamiltonian Form of Kinetic Energy Density                               
  L = K - G = Lagrangian Density = (-1/4)DelSqRho                              
  Vnuc = Electrostatic Potential from Nuclei                                   
  Ven = Electron-nuclear attractive contribution to Virial Field V             
  Vrep = V - Ven = Repulsive contribution to Virial Field V                    
  DelSqV = Laplacian of V                                                      
  DelSqVen = Laplacian of Ven                                                  
  DelSqVrep = Laplacian of Vrep                                                
  DelSqG = Laplacian of G                                                      
  DelSqK = Laplacian of K                                                      
  Stress_EigVals = Eigenvalues of Stress Tensor, Ascending Order               
  Stress_EigVecs = Eigenvectors of Stress Tensor                               
  -DivStress = Ehrenfest Force Density = Minus Divergence of Stress Tensor     
  ESP = Total Electrostatic Potential                                          
  ESPe = Electrostatic Potential from Electrons                                
  ESPn = Electrostatic Potential from Nuclei                                   
  BP = Bond Path                                                               
  BPL = Bond Path Length                                                       
  GBL = Geometric Bond Length                                                  
  GBL_I = Distance Between Nuclear Attractors                                  
  GBL_II = Distance Between Nuclei                                             
  GBL_III = Sum of Distances Between BCP and Nuclear Attractors                
  GBL_IV = Sum of Distances Between BCP and Nuclei                             

CP# 1      Coords =  5.14822305855044E+00 -6.74123676202283E-01 -2.88981312817587E+00
           Type = (3,-3) NACP C1
           Rho =  1.1767749231E+02     Rho at Nucleus =  1.1767749226E+02
           GradRho = -2.1313333043E-11  8.5443499498E-11 -1.4404492876E-10
           HessRho_EigVals = -1.4500515806E+05 -1.4500418518E+05 -1.4500401639E+05
           HessRho_EigVec1 =  9.7951255053E-01  1.4222093048E-01  1.4257759393E-01
           HessRho_EigVec2 = -1.8740965047E-01  9.0288232355E-01  3.8688645974E-01
           HessRho_EigVec3 = -7.3707437001E-02 -4.0568055999E-01  9.1103814244E-01
           DelSqRho = -4.3501335963E+05
           Bond Ellipticity = NA
           V = -1.0876357407E+05
           G =  5.1170832291E+00
           K =  1.0875845699E+05
           L =  1.0875333991E+05
           Vnuc =  6.7140899459E+06
           Ven = -7.9009726800E+08
           Vrep =  7.8998850442E+08
           DelSqV =  2.4952630327E+09
           DelSqVen =  2.9207186637E+12
           DelSqVrep = -2.9182234006E+12
           DelSqG =  1.3403220963E+08
           DelSqK = -2.6292952424E+09
           Stress_EigVals = -3.6254773175E+04 -3.6254668075E+04 -3.6254132824E+04
           Stress_EigVec1 = -9.3850868734E-02 -4.0386049740E-01  9.0999379837E-01
           Stress_EigVec2 = -1.6390107580E-01  9.0782436307E-01  3.8599399369E-01
           Stress_EigVec3 =  9.8200226669E-01  1.1292309089E-01  1.5139327513E-01
           -DivStress = -1.7757186309E+02 -3.6832142210E+02  6.0138900472E+02
           ESP =  -1.4734284629E+01     ESP at Nucleus =  -1.4734284640E+01
           ESPe = -2.4505037147E+01     ESPe at Nucleus = -2.4505038260E+01
           ESPn =  9.7707525183E+00     ESPn at Nucleus =  9.7707536199E+00

CP# 2      Coords =  5.51742213503962E+00 -1.67416408593836E+00 -4.60201246893466E+00
           Type = (3,-3) NACP H2
           Rho =  4.2504301247E-01     Rho at Nucleus =  4.2131299997E-01
           GradRho = -4.7960767302E-15  7.7056416803E-15  1.3135326160E-14
           HessRho_EigVals = -6.4715552919E+00 -6.4653013851E+00 -5.8680117717E+00
           HessRho_EigVec1 =  3.4353564357E-02  8.6568027502E-01 -4.9941715435E-01
           HessRho_EigVec2 =  9.8245277277E-01  6.2409661350E-02  1.7576001664E-01
           HessRho_EigVec3 = -1.8332043502E-01  4.9669175110E-01  8.4834599221E-01
           DelSqRho = -1.8804868449E+01
           Bond Ellipticity = NA
           V = -4.7104507203E+00
           G =  4.6168040717E-03
           K =  4.7058339162E+00
           L =  4.7012171121E+00
           Vnuc =  3.8522690875E+01
           Ven = -1.6373800578E+01
           Vrep =  1.1663349858E+01
           DelSqV =  7.0789421712E+02
           DelSqVen =  7.2441413418E+02
           DelSqVrep = -1.6519917066E+01
           DelSqG =  6.9670575104E+01
           DelSqK = -7.7756479222E+02
           Stress_EigVals = -1.6211866659E+00 -1.6207046834E+00 -1.4685593710E+00
           Stress_EigVec1 = -6.9911630249E-02  8.5497554698E-01 -5.1393499396E-01
           Stress_EigVec2 =  9.8057908055E-01  1.5353595573E-01  1.2203023021E-01
           Stress_EigVec3 = -1.8324036330E-01  4.9542257151E-01  8.4910508472E-01
           -DivStress =  1.4561289390E+00 -3.9483630209E+00 -6.7261794473E+00
           ESP =  -1.0980592498E+00     ESP at Nucleus =  -1.1005536339E+00
           ESPe = -1.1197744918E+01     ESPe at Nucleus = -1.1119375028E+01
           ESPn =  1.0099685669E+01     ESPn at Nucleus =  1.0018821394E+01

CP# 3      Coords =  4.88891201630893E+00 -1.88819615963312E+00 -6.84005465844656E-01
           Type = (3,-3) NACP C3
           Rho =  1.1765688007E+02     Rho at Nucleus =  1.1765687989E+02
           GradRho = -2.6129972491E-10 -1.3243850461E-12  9.1756783421E-10
           HessRho_EigVals = -1.4497186078E+05 -1.4497094128E+05 -1.4497058780E+05
           HessRho_EigVec1 =  9.9266611003E-01  1.3021435801E-02  1.2018500824E-01
           HessRho_EigVec2 = -9.8776547437E-02  6.6052419492E-01  7.4427883324E-01
           HessRho_EigVec3 =  6.9693526766E-02  7.5069183434E-01 -6.5696619562E-01
           DelSqRho = -4.3491338986E+05
           Bond Ellipticity = NA
           V = -1.0873856447E+05
           G =  5.1085016363E+00
           K =  1.0873345597E+05
           L =  1.0872834746E+05
           Vnuc =  3.7231938410E+06
           Ven = -4.3805937124E+08
           Vrep =  4.3795063268E+08
           DelSqV =  2.4946830445E+09
           DelSqVen =  1.6192668303E+12
           DelSqVrep = -1.6167720818E+12
           DelSqG =  1.3399321814E+08
           DelSqK = -2.6286762626E+09
           Stress_EigVals = -3.6246461618E+04 -3.6246296395E+04 -3.6245806454E+04
           Stress_EigVec1 = -7.5183186735E-02 -6.8381329327E-01  7.2577328993E-01
           Stress_EigVec2 = -1.1591516404E-01  7.2889224594E-01  6.7474422454E-01
           Stress_EigVec3 =  9.9040959364E-01  3.3398708925E-02  1.3406477190E-01
           -DivStress =  2.7842065375E+02 -2.8415186292E+01 -1.2783156463E+03
           ESP =  -1.4724728323E+01     ESP at Nucleus =  -1.4724728341E+01
           ESPe = -2.5615522383E+01     ESPe at Nucleus = -2.5615522156E+01
           ESPn =  1.0890794060E+01     ESPn at Nucleus =  1.0890793815E+01

CP# 4      Coords =  4.98315320180700E+00 -3.91109641053316E+00 -6.76637518606597E-01
           Type = (3,-3) NACP H4
           Rho =  4.2857635135E-01     Rho at Nucleus =  4.2493469137E-01
           GradRho = -3.8953928798E-10  8.1198200351E-09  1.4090060715E-11
           HessRho_EigVals = -6.5502967768E+00 -6.5425264065E+00 -5.9484819372E+00
           HessRho_EigVec1 = -1.9089108105E-01 -1.1187412052E-02  9.8154747057E-01
           HessRho_EigVec2 =  9.8042916299E-01  4.6884625637E-02  1.9120797116E-01
           HessRho_EigVec3 = -4.8158608064E-02  9.9883766133E-01  2.0186081616E-03
           DelSqRho = -1.9041305121E+01
           Bond Ellipticity = NA
           V = -4.7693474697E+00
           G =  4.5105947962E-03
           K =  4.7648368749E+00
           L =  4.7603262801E+00
           Vnuc =  3.9965199228E+01
           Ven = -1.7128139266E+01
           Vrep =  1.2358791796E+01
           DelSqV =  7.1754363381E+02
           DelSqVen =  7.6098956628E+02
           DelSqVrep = -4.3445932475E+01
           DelSqG =  7.0847016487E+01
           DelSqK = -7.8839065029E+02
           Stress_EigVals = -1.6406763248E+00 -1.6396408306E+00 -1.4890303144E+00
           Stress_EigVec1 = -1.0640129791E-01 -5.8898256294E-03  9.9430582506E-01
           Stress_EigVec2 =  9.9316678773E-01  4.7585963168E-02  1.0656128689E-01
           Stress_EigVec3 = -4.7942627768E-02  9.9884978153E-01  7.8637095707E-04
           -DivStress =  3.7713332405E-01 -7.8766438198E+00 -1.0806436336E-02
           ESP =  -1.0998851310E+00     ESP at Nucleus =  -1.1023268417E+00
           ESPe = -1.2116803110E+01     ESPe at Nucleus = -1.2035668255E+01
           ESPn =  1.1016917979E+01     ESPn at Nucleus =  1.0933341413E+01

CP# 5      Coords =  5.11328296047329E+00  1.63351503614699E+00  2.47741666036108E+00
           Type = (3,-3) NACP C5
           Rho =  1.1768511734E+02     Rho at Nucleus =  1.1768511729E+02
           GradRho = -5.5908777608E-11  1.5020863026E-10 -3.3925084963E-12
           HessRho_EigVals = -1.4501707978E+05 -1.4501609174E+05 -1.4501594943E+05
           HessRho_EigVec1 =  8.3752896798E-01 -3.8663218545E-01  3.8608390407E-01
           HessRho_EigVec2 = -4.6814101106E-01 -1.4338875479E-01  8.7194246299E-01
           HessRho_EigVec3 =  2.8176092980E-01  9.1101878036E-01  3.0109061802E-01
           DelSqRho = -4.3504912095E+05
           Bond Ellipticity = NA
           V = -1.0877252186E+05
           G =  5.1208111451E+00
           K =  1.0876740105E+05
           L =  1.0876228024E+05
           Vnuc =  7.0184460394E+06
           Ven = -8.2596664570E+08
           Vrep =  8.2585787318E+08
           DelSqV =  2.4954701432E+09
           DelSqVen =  3.0533687706E+12
           DelSqVrep = -3.0508733004E+12
           DelSqG =  1.3404565534E+08
           DelSqK = -2.6295157986E+09
           Stress_EigVals = -3.6257751503E+04 -3.6257654268E+04 -3.6257116090E+04
           Stress_EigVec1 =  2.6069002679E-01  9.0734271611E-01  3.2980282815E-01
           Stress_EigVec2 = -4.5852780653E-01 -1.8425937480E-01  8.6936800806E-01
           Stress_EigVec3 =  8.4958399266E-01 -3.7785933669E-01  3.6800728403E-01
           -DivStress =  8.6543951413E+01 -6.7949923811E+02 -1.1593056759E+02
           ESP =  -1.4732337649E+01     ESP at Nucleus =  -1.4732337660E+01
           ESPe = -2.4550204267E+01     ESPe at Nucleus = -2.4550205155E+01
           ESPn =  9.8178666172E+00     ESPn at Nucleus =  9.8178674951E+00

CP# 6      Coords =  4.68206448486995E+00  2.35909722869994E+00  4.30969307932230E+00
           Type = (3,-3) NACP H6
           Rho =  4.2478069315E-01     Rho at Nucleus =  4.2105184967E-01
           GradRho =  1.1215589915E-10 -1.8788259056E-10 -4.7651261235E-10
           HessRho_EigVals = -6.4665127744E+00 -6.4602519592E+00 -5.8634867478E+00
           HessRho_EigVec1 =  4.4703853380E-01  8.6282576691E-01 -2.3598356988E-01
           HessRho_EigVec2 = -8.6868917289E-01  3.5581898061E-01 -3.4463310047E-01
           HessRho_EigVec3 = -2.1339088594E-01  3.5906064806E-01  9.0859219720E-01
           DelSqRho = -1.8790251481E+01
           Bond Ellipticity = NA
           V = -4.7068096375E+00
           G =  4.6233835866E-03
           K =  4.7021862539E+00
           L =  4.6975628703E+00
           Vnuc =  3.8771724053E+01
           Ven = -1.6469479818E+01
           Vrep =  1.1762670180E+01
           DelSqV =  7.0732787030E+02
           DelSqVen =  7.2853044616E+02
           DelSqVrep = -2.1202575852E+01
           DelSqG =  6.9606012410E+01
           DelSqK = -7.7693388271E+02
           Stress_EigVals = -1.6199406309E+00 -1.6194319417E+00 -1.4674370649E+00
           Stress_EigVec1 =  5.2039790397E-01  8.2849949473E-01 -2.0682023298E-01
           Stress_EigVec2 = -8.2701517931E-01  4.2867112679E-01 -3.6371274139E-01
           Stress_EigVec3 = -2.1267796016E-01  3.6031882033E-01  9.0826121407E-01
           -DivStress = -1.6961436827E+00  2.8430238110E+00  7.2055690687E+00
           ESP =  -1.0954702822E+00     ESP at Nucleus =  -1.0979653482E+00
           ESPe = -1.1450529722E+01     ESPe at Nucleus = -1.1374637388E+01
           ESPn =  1.0355059440E+01     ESPn at Nucleus =  1.0276672040E+01

CP# 7      Coords =  4.42068917154774E+00 -7.04864002259818E-01  1.78731741715669E+00
           Type = (3,-3) NACP C7
           Rho =  1.1767589083E+02     Rho at Nucleus =  1.1767589068E+02
           GradRho = -1.1049053339E-10 -4.5485291922E-10 -4.5982673225E-10
           HessRho_EigVals = -1.4500019581E+05 -1.4499919431E+05 -1.4499888010E+05
           HessRho_EigVec1 =  8.8643925402E-01 -3.7044868722E-01  2.7747651985E-01
           HessRho_EigVec2 = -2.3983521161E-01  1.4510175875E-01  9.5990861590E-01
           HessRho_EigVec3 =  3.9585921765E-01  9.1744931726E-01 -3.9777255492E-02
           DelSqRho = -4.3499827023E+05
           Bond Ellipticity = NA
           V = -1.0875978470E+05
           G =  5.1085711428E+00
           K =  1.0875467613E+05
           L =  1.0874956756E+05
           Vnuc =  4.2068997320E+06
           Ven = -4.9505067360E+08
           Vrep =  4.9494191381E+08
           DelSqV =  2.4951731603E+09
           DelSqVen =  1.8299942666E+12
           DelSqVrep = -1.8274990935E+12
           DelSqG =  1.3402405295E+08
           DelSqK = -2.6291972132E+09
           Stress_EigVals = -3.6253533994E+04 -3.6253380402E+04 -3.6252870304E+04
           Stress_EigVec1 =  3.6280896822E-01  9.3030496701E-01  5.3873193134E-02
           Stress_EigVec2 = -2.9681606565E-01  6.0566946434E-02  9.5301199792E-01
           Stress_EigVec3 =  8.8332886048E-01 -3.6175172889E-01  2.9810369150E-01
           -DivStress =  1.6670635603E+02  7.9594514615E+02  8.2505277926E+02
           ESP =  -1.4722599315E+01     ESP at Nucleus =  -1.4722599330E+01
           ESPe = -2.5812747700E+01     ESPe at Nucleus = -2.5812747538E+01
           ESPn =  1.1090148385E+01     ESPn at Nucleus =  1.1090148208E+01

CP# 8      Coords =  3.47212011298232E+00 -1.86967431258752E+00  3.14678041362098E+00
           Type = (3,-3) NACP H8
           Rho =  4.2821605951E-01     Rho at Nucleus =  4.2456926183E-01
           GradRho = -1.0590486821E-15  2.8275992658E-16 -1.0252215743E-15
           HessRho_EigVals = -6.5432288626E+00 -6.5355803453E+00 -5.9414700536E+00
           HessRho_EigVec1 = -1.5991408040E-02 -7.5741658946E-01 -6.5273607597E-01
           HessRho_EigVec2 =  8.8362553542E-01 -3.1621248048E-01  3.4527609292E-01
           HessRho_EigVec3 = -4.6792113440E-01 -5.7125281373E-01  6.7432932220E-01
           DelSqRho = -1.9020279262E+01
           Bond Ellipticity = NA
           V = -4.7640456210E+00
           G =  4.4879028118E-03
           K =  4.7595577182E+00
           L =  4.7550698154E+00
           Vnuc =  4.0458925030E+01
           Ven = -1.7325161448E+01
           Vrep =  1.2561115827E+01
           DelSqV =  7.1669365700E+02
           DelSqVen =  7.6954005270E+02
           DelSqVrep = -5.2846395704E+01
           DelSqG =  7.0751094969E+01
           DelSqK = -7.8744475196E+02
           Stress_EigVals = -1.6389316825E+00 -1.6378142623E+00 -1.4872996762E+00
           Stress_EigVec1 = -9.5494172401E-02 -7.2486390271E-01 -6.8224129572E-01
           Stress_EigVec2 =  8.7858001580E-01 -3.8356877905E-01  2.8455605350E-01
           Stress_EigVec3 = -4.6795087230E-01 -5.7223012354E-01  6.7347952220E-01
           -DivStress = -3.6874083175E+00 -4.5141138078E+00  5.3126485585E+00
           ESP =  -1.0976013117E+00     ESP at Nucleus =  -1.1000465877E+00
           ESPe = -1.2644730766E+01     ESPe at Nucleus = -1.2568018056E+01
           ESPn =  1.1547129455E+01     ESPn at Nucleus =  1.1467971468E+01

CP# 9      Coords = -4.03323471362926E+00  3.15960825558983E+00 -6.15700751907387E-01
           Type = (3,-3) NACP C9
           Rho =  1.1765989872E+02     Rho at Nucleus =  1.1765989776E+02
           GradRho =  6.9732553065E-12 -2.3097579405E-11  8.9167215278E-13
           HessRho_EigVals = -1.4497843333E+05 -1.4497836949E+05 -1.4497724209E+05
           HessRho_EigVec1 =  2.2866546060E-01  7.1291980448E-01 -6.6291587664E-01
           HessRho_EigVec2 = -2.7928408613E-01  7.0037463750E-01  6.5686814992E-01
           HessRho_EigVec3 =  9.3258377981E-01  3.4938796739E-02  3.5925864516E-01
           DelSqRho = -4.3493404492E+05
           Bond Ellipticity = NA
           V = -1.0874384760E+05
           G =  5.1681869540E+00
           K =  1.0873867942E+05
           L =  1.0873351123E+05
           Vnuc =  1.6484226821E+06
           Ven = -1.9395324582E+08
           Vrep =  1.9384450197E+08
           DelSqV =  2.4948057184E+09
           DelSqVen =  7.1695515034E+11
           DelSqVrep = -7.1446034462E+11
           DelSqG =  1.3400298442E+08
           DelSqK = -2.6288087029E+09
           Stress_EigVals = -3.6248314994E+04 -3.6247882657E+04 -3.6247649952E+04
           Stress_EigVec1 =  8.6930129657E-01 -4.5831676107E-01  1.8509727796E-01
           Stress_EigVec2 =  3.6381324288E-01  8.4678209344E-01  3.8807217181E-01
           Stress_EigVec3 = -3.3459704136E-01 -2.7001080117E-01  9.0285047885E-01
           -DivStress =  7.5807378257E+02  2.7115659040E+03  9.1268352870E+02
           ESP =  -1.4694365550E+01     ESP at Nucleus =  -1.4694365599E+01
           ESPe = -2.5447333075E+01     ESPe at Nucleus = -2.5447328959E+01
           ESPn =  1.0752967525E+01     ESPn at Nucleus =  1.0752963360E+01

CP# 10     Coords = -5.16078668899463E+00  4.81306264611723E+00 -5.64977032439287E-01
           Type = (3,-3) NACP H10
           Rho =  4.1229734630E-01     Rho at Nucleus =  4.0829337377E-01
           GradRho =  4.2088693641E-12 -6.1874012858E-12 -2.0118715721E-13
           HessRho_EigVals = -6.2975342388E+00 -6.2945489670E+00 -5.6677987280E+00
           HessRho_EigVec1 =  7.7613388735E-01  5.1195332546E-01  3.6813038649E-01
           HessRho_EigVec2 = -2.9061997975E-01 -2.2768413717E-01  9.2935459382E-01
           HessRho_EigVec3 = -5.5960362425E-01  8.2828963909E-01  2.7929509392E-02
           DelSqRho = -1.8259881934E+01
           Bond Ellipticity = NA
           V = -4.5737606084E+00
           G =  4.3950624880E-03
           K =  4.5693655460E+00
           L =  4.5649704835E+00
           Vnuc =  3.7417499794E+01
           Ven = -1.5427135870E+01
           Vrep =  1.0853375262E+01
           DelSqV =  6.8639030722E+02
           DelSqVen =  6.8323912851E+02
           DelSqVrep =  3.1511787123E+00
           DelSqG =  6.7739978451E+01
           DelSqK = -7.5413028567E+02
           Stress_EigVals = -1.5778412519E+00 -1.5772800501E+00 -1.4186393064E+00
           Stress_EigVec1 =  7.4824493899E-01  4.9416652533E-01  4.4263862971E-01
           Stress_EigVec2 = -3.5281118741E-01 -2.6863313220E-01  8.9630380247E-01
           Stress_EigVec3 = -5.6183073724E-01  8.2682264454E-01  2.6655903033E-02
           -DivStress = -4.5730433125E+00  6.7058644662E+00  2.1298962085E-01
           ESP =  -1.0382963868E+00     ESP at Nucleus =  -1.0410832269E+00
           ESPe = -1.1452990423E+01     ESPe at Nucleus = -1.1364478844E+01
           ESPn =  1.0414694036E+01     ESPn at Nucleus =  1.0323395617E+01

CP# 11     Coords = -1.94626133868827E+00  1.96657075428048E+00 -2.01233740548378E-01
           Type = (3,-3) NACP C11
           Rho =  1.1767964677E+02     Rho at Nucleus =  1.1767964564E+02
           GradRho = -1.5231649275E-11 -1.5882906101E-11 -8.9594998087E-13
           HessRho_EigVals = -1.4500386293E+05 -1.4500365624E+05 -1.4500257242E+05
           HessRho_EigVec1 = -4.2315426997E-01 -3.2168674902E-01  8.4702898375E-01
           HessRho_EigVec2 =  7.2309110003E-01  4.4341859763E-01  5.2964064075E-01
           HessRho_EigVec3 = -5.4596678000E-01  8.3659881830E-01  4.4974352244E-02
           DelSqRho = -4.3501009159E+05
           Bond Ellipticity = NA
           V = -1.0876283466E+05
           G =  5.1558827471E+00
           K =  1.0875767878E+05
           L =  1.0875252290E+05
           Vnuc =  1.5161524386E+06
           Ven = -1.7842028343E+08
           Vrep =  1.7831152059E+08
           DelSqV =  2.4952407404E+09
           DelSqVen =  6.5954161152E+11
           DelSqVrep = -6.5704636976E+11
           DelSqG =  1.3402736443E+08
           DelSqK = -2.6292681048E+09
           Stress_EigVals = -3.6254666451E+04 -3.6254210338E+04 -3.6253957873E+04
           Stress_EigVec1 =  8.5040731030E-01 -4.9821211892E-01  1.6909196062E-01
           Stress_EigVec2 =  4.0512903466E-01  8.2514541693E-01  3.9370738651E-01
           Stress_EigVec3 = -3.3567524761E-01 -2.6630757683E-01  9.0354988942E-01
           -DivStress =  2.0973421599E+03  2.1184128812E+03  1.2130761346E+03
           ESP =  -1.4696620356E+01     ESP at Nucleus =  -1.4696620413E+01
           ESPe = -2.6321971563E+01     ESPe at Nucleus = -2.6321967472E+01
           ESPn =  1.1625351207E+01     ESPn at Nucleus =  1.1625347059E+01

CP# 12     Coords = -5.54440396044342E-02  1.86741923368041E+00  4.54467950761289E-01
           Type = (3,-3) NACP H12
           Rho =  4.0719412084E-01     Rho at Nucleus =  4.0307364022E-01
           GradRho = -2.6714741530E-16  5.6031568274E-16  4.8572257327E-17
           HessRho_EigVals = -6.2084433488E+00 -6.2056050988E+00 -5.5696913767E+00
           HessRho_EigVec1 = -2.7969186709E-02  9.7563362704E-01  2.1761606189E-01
           HessRho_EigVec2 = -3.3089311329E-01 -2.1446422261E-01  9.1897488801E-01
           HessRho_EigVec3 =  9.4325366269E-01 -4.6304675996E-02  3.2882883816E-01
           DelSqRho = -1.7983739824E+01
           Bond Ellipticity = NA
           V = -4.5051024397E+00
           G =  4.5837418188E-03
           K =  4.5005186979E+00
           L =  4.4959349561E+00
           Vnuc =  3.9203418929E+01
           Ven = -1.5963401705E+01
           Vrep =  1.1458299265E+01
           DelSqV =  6.7525781889E+02
           DelSqVen =  7.0502408625E+02
           DelSqVrep = -2.9766267365E+01
           DelSqG =  6.6547336353E+01
           DelSqK = -7.4180515524E+02
           Stress_EigVals = -1.5555058371E+00 -1.5549111554E+00 -1.3946854472E+00
           Stress_EigVec1 = -4.7926875057E-02  9.5865693263E-01  2.8049937642E-01
           Stress_EigVec2 = -3.2812481749E-01 -2.8034789183E-01  9.0207492133E-01
           Stress_EigVec3 =  9.4341778592E-01 -4.8805174647E-02  3.2799532944E-01
           -DivStress =  7.7173918739E+00 -4.2047509012E-01  2.6793691655E+00
           ESP =  -1.0421190432E+00     ESP at Nucleus =  -1.0450036987E+00
           ESPe = -1.3839830993E+01     ESPe at Nucleus = -1.3782179865E+01
           ESPn =  1.2797711950E+01     ESPn at Nucleus =  1.2737176167E+01

CP# 13     Coords = -4.05993995973571E+00  3.88593754510485E-01 -1.32297626065749E+00
           Type = (3,-3) NACP C13
           Rho =  1.1738227350E+02     Rho at Nucleus =  1.1738227194E+02
           GradRho = -1.6579182471E-11  1.3489209749E-13  6.5472072208E-12
           HessRho_EigVals = -1.4462008437E+05 -1.4461907382E+05 -1.4461809577E+05
           HessRho_EigVec1 =  5.0660851631E-01  8.5390982368E-01 -1.1910425780E-01
           HessRho_EigVec2 = -8.8948242350E-02  1.8917085883E-01  9.7790725345E-01
           HessRho_EigVec3 =  8.5757566511E-01 -4.8482202837E-01  1.7178934606E-01
           DelSqRho = -4.3385725397E+05
           Bond Ellipticity = NA
           V = -1.0847471856E+05
           G =  5.2025344615E+00
           K =  1.0846951603E+05
           L =  1.0846431349E+05
           Vnuc =  1.2939083099E+06
           Ven = -1.5188189911E+08
           Vrep =  1.5177342439E+08
           DelSqV =  2.4886392781E+09
           DelSqVen =  5.6137150669E+11
           DelSqVrep = -5.5888286741E+11
           DelSqG =  1.3365429449E+08
           DelSqK = -2.6222935726E+09
           Stress_EigVals = -3.6158350266E+04 -3.6158327521E+04 -3.6158040773E+04
           Stress_EigVec1 =  8.5665406365E-01 -4.7977682046E-01  1.8962599447E-01
           Stress_EigVec2 = -7.9375146551E-02  2.4061478609E-01  9.6736968674E-01
           Stress_EigVec3 =  5.0974837061E-01  8.4375276430E-01 -1.6804127884E-01
           -DivStress = -1.1860715532E+02 -1.4688241412E+03 -3.4549310260E+03
           ESP =  -1.4666861084E+01     ESP at Nucleus =  -1.4666861162E+01
           ESPe = -2.6514586565E+01     ESPe at Nucleus = -2.6514581983E+01
           ESPn =  1.1847725481E+01     ESPn at Nucleus =  1.1847720822E+01

CP# 14     Coords =  6.16096329744609E+00  2.84353476082759E+00  1.24573013581240E+00
           Type = (3,-3) NACP H14
           Rho =  4.2447268638E-01     Rho at Nucleus =  4.2076703373E-01
           GradRho = -3.3126071244E-10 -3.8020963461E-10  3.8822780407E-10
           HessRho_EigVals = -6.4623039058E+00 -6.4560684946E+00 -5.8620127794E+00
           HessRho_EigVec1 =  2.0588313309E-02 -7.2303775709E-01 -6.9050164604E-01
           HessRho_EigVec2 =  8.5391530018E-01 -3.4649941191E-01  3.8828703001E-01
           HessRho_EigVec3 = -5.2000459756E-01 -5.9762409538E-01  6.1027916493E-01
           DelSqRho = -1.8780385180E+01
           Bond Ellipticity = NA
           V = -4.7044142461E+00
           G =  4.6589755813E-03
           K =  4.6997552705E+00
           L =  4.6950962950E+00
           Vnuc =  3.9327167907E+01
           Ven = -1.6693308609E+01
           Vrep =  1.1988894363E+01
           DelSqV =  7.0706104469E+02
           DelSqVen =  7.3857936235E+02
           DelSqVrep = -3.1518317661E+01
           DelSqG =  6.9583540312E+01
           DelSqK = -7.7664458500E+02
           Stress_EigVals = -1.6188960620E+00 -1.6183297911E+00 -1.4671883929E+00
           Stress_EigVec1 = -4.3559085852E-02 -6.9362241604E-01 -7.1902054909E-01
           Stress_EigVec2 =  8.5253998358E-01 -4.0101649160E-01  3.3520344549E-01
           Stress_EigVec3 = -5.2084372171E-01 -5.9839261145E-01  6.0880875496E-01
           -DivStress =  4.1137256616E+00  4.7228132097E+00 -4.8191256520E+00
           ESP =  -1.0960728420E+00     ESP at Nucleus =  -1.0985383483E+00
           ESPe = -1.1923694623E+01     ESPe at Nucleus = -1.1851990869E+01
           ESPn =  1.0827621781E+01     ESPn at Nucleus =  1.0753452520E+01

CP# 15     Coords =  4.98480966951210E+00  1.33430128291737E+00 -3.03363748271408E+00
           Type = (3,-3) NACP H15
           Rho =  4.2510899555E-01     Rho at Nucleus =  4.2143417323E-01
           GradRho =  8.0352962565E-10 -9.8214597410E-09  7.0045081714E-10
           HessRho_EigVals = -6.4748734238E+00 -6.4686392783E+00 -5.8770187793E+00
           HessRho_EigVec1 = -2.1266811751E-01  5.1867901702E-02  9.7574688960E-01
           HessRho_EigVec2 =  9.7376236423E-01  9.4017669226E-02  2.0723787268E-01
           HessRho_EigVec3 = -8.0988454706E-02  9.9421848637E-01 -7.0501571316E-02
           DelSqRho = -1.8820531481E+01
           Bond Ellipticity = NA
           V = -4.7144898638E+00
           G =  4.6784967269E-03
           K =  4.7098113671E+00
           L =  4.7051328703E+00
           Vnuc =  3.9813485505E+01
           Ven = -1.6925070833E+01
           Vrep =  1.2210580969E+01
           DelSqV =  7.0876433424E+02
           DelSqVen =  7.4931097351E+02
           DelSqVrep = -4.0546639274E+01
           DelSqG =  6.9775476094E+01
           DelSqK = -7.7853981033E+02
           Stress_EigVals = -1.6220462720E+00 -1.6214846688E+00 -1.4709589229E+00
           Stress_EigVec1 = -1.2593589950E-01  6.1664757685E-02  9.9011999620E-01
           Stress_EigVec2 =  9.8866270009E-01  9.0067618700E-02  1.2014112331E-01
           Stress_EigVec3 = -8.1769277028E-02  9.9402478929E-01 -7.2308392411E-02
           -DivStress = -6.4134692849E-01  7.8313348288E+00 -5.6147934618E-01
           ESP =  -1.0974062068E+00     ESP at Nucleus =  -1.0998505453E+00
           ESPe = -1.2259572481E+01     ESPe at Nucleus = -1.2194133219E+01
           ESPn =  1.1162166274E+01     ESPn at Nucleus =  1.1094282674E+01

CP# 16     Coords = -3.98151124293690E+00 -1.59399224549095E-01 -3.27588321124917E+00
           Type = (3,-3) NACP H16
           Rho =  4.2698353467E-01     Rho at Nucleus =  4.2333528285E-01
           GradRho = -1.1136755233E-10  8.1794504503E-10  2.8780110716E-09
           HessRho_EigVals = -6.5201191540E+00 -6.5105798162E+00 -5.9166078567E+00
           HessRho_EigVec1 =  5.1239504949E-01  8.3129164419E-01 -2.1541939458E-01
           HessRho_EigVec2 = -8.5792810540E-01  4.8456527688E-01 -1.7075086649E-01
           HessRho_EigVec3 = -3.7559009975E-02  2.7230625174E-01  9.6147731436E-01
           DelSqRho = -1.8947306827E+01
           Bond Ellipticity = NA
           V = -4.7466325061E+00
           G =  4.9028997082E-03
           K =  4.7417296064E+00
           L =  4.7368267067E+00
           Vnuc =  4.0668838811E+01
           Ven = -1.7364924546E+01
           Vrep =  1.2618292040E+01
           DelSqV =  7.1387766643E+02
           DelSqVen =  7.7056497221E+02
           DelSqVrep = -5.6687305787E+01
           DelSqG =  7.0440579860E+01
           DelSqK = -7.8431824629E+02
           Stress_EigVals = -1.6328490530E+00 -1.6321289123E+00 -1.4816545408E+00
