AIMSum (Version 19.02.13, Professional)
Copyright (c) 1997-2019 by Todd A. Keith
AIMSum is a component of the AIMAll package ( http://aim.tkgristmill.com )

TP:  64-bit Linux

Much of the Quantum Theory of Atoms in Molecules (QTAIM) is described in the book:
  "Atoms in Molecules - A Quantum Theory"
  R.F.W. Bader, Oxford University Press, Oxford, 1990

For additional references see:  http://aim.tkgristmill.com/references.html

Wfn File:  /home/mhennefarth/Documents/ML_Diels/summary-levandowski2016/8-opt/8-opt.wfn
Sum File:  /home/mhennefarth/Documents/ML_Diels/summary-levandowski2016/8-opt/8-opt.sum

SumViz File:  /home/mhennefarth/Documents/ML_Diels/summary-levandowski2016/8-opt/8-opt.sumviz

Wfn Title:   Title Card Required                                                           
 
Total memory allocated for AIMSum =        0.875 Megabytes

Atomic units (a.u.) used throughout, except where stated otherwise

Model:  Restricted SCF
 
Restricted, closed-shell, single-determinant wavefunction.
  Number of electrons (from MO Occs)                   =          64.0000000000
  Number of Alpha electrons (from MO Occs)             =          32.0000000000
  Number of Beta electrons (from MO Occs)              =          32.0000000000
  Number of electron pairs (N*(N-1)/2)                 =        2016.0000000000
  Number of electron pairs (from Muller 2EDM)          =        2016.0000000000
 
Nuclear Charges and Cartesian Coordinates:
-------------------------------------------------------------------------------
Atom      Charge                X                  Y                  Z
-------------------------------------------------------------------------------
C1         6.0           4.7557930400E+00  -2.8089668800E+00   1.0030409200E+00
H2         1.0           4.9870190400E+00  -4.2886096300E+00   2.4075157800E+00
C3         6.0           3.7798917100E+00  -5.4933600000E-01   1.6084100100E+00
H4         1.0           3.1214929600E+00  -2.4942705000E-01   3.5386341300E+00
C5         6.0           4.9546138100E+00   2.1417032300E+00  -2.0841542100E+00
H6         1.0           4.5829853500E+00   3.7525295500E+00  -3.3006225700E+00
C7         6.0           3.4544187900E+00   1.6054771700E+00  -1.1739760000E-01
H8         1.0           1.8754888900E+00   2.8597445400E+00   3.0162359000E-01
C9         6.0          -2.5174825200E+00  -2.6060895700E+00  -6.0300714000E-01
H10        1.0          -6.7168049000E-01  -3.4247195000E+00  -3.1297314000E-01
C11        6.0          -4.5134389800E+00  -2.1589864600E+00  -1.9306956300E+00
H12        1.0          -5.6325379900E+00  -2.3707160600E+00  -3.6217495000E+00
C13        6.0          -4.4337483500E+00  -8.5634860000E-01   6.1507110000E-01
H14        1.0           6.6159608200E+00   1.0145355200E+00  -2.5233537800E+00
H15        1.0           5.3716032800E+00  -3.2434371100E+00  -9.0905519000E-01
C16        6.0          -3.9033567500E+00   1.8367748500E+00   7.8999036000E-01
N17        7.0          -3.4420465900E+00   3.9805122600E+00   9.3841890000E-01
H18        1.0          -5.6161502500E+00  -1.5388524600E+00   2.1635015200E+00
 
Some Atomic Properties:
----------------------
  q(A) = Net Charge of Atom A
  L(A) = Lagrangian of Atom A = -(1/4) Times Atomic Integral of the Laplacian of the Electron Density
  K(A) = Electronic Kinetic Energy of Atom A (Hamiltonian Form)
  K_Scaled(A) = K(A) * E(Mol)/K(Mol) = Approximation to Virial-Based Total Energy of Atom A.
  |Mu_Intra(A)| = Magnitude of Intraatomic Dipole Moment of Atom A
--------------------------------------------------------------------------------------------------
Atom A          q(A)              L(A)              K(A)          K_Scaled(A)      |Mu_Intra(A)|
--------------------------------------------------------------------------------------------------
C1       -1.0523231590E-01 -3.7296389845E-05  3.7707906174E+01 -3.8085538411E+01  1.1576696757E-01
H2        4.1855681190E-02  2.1378473970E-05  5.9474759047E-01 -6.0070379132E-01  1.4828022950E-01
C3       -3.6114612200E-02  1.9510758585E-05  3.7705179159E+01 -3.8082784086E+01  6.9207230295E-02
H4        3.7987097710E-02  2.5627314298E-05  6.0043261170E-01 -6.0644574617E-01  1.5001682883E-01
C5       -8.7538905500E-02 -4.9757473445E-06  3.7705439239E+01 -3.8083046770E+01  1.0717148152E-01
H6        4.7519130840E-02  2.0032153197E-05  5.9285054653E-01 -5.9878774911E-01  1.4696227709E-01
C7       -3.4197722900E-02  4.9335217362E-05  3.7705288666E+01 -3.8082894689E+01  1.0768093814E-01
H8        6.3989313620E-02  1.5602327019E-05  5.9019916977E-01 -5.9610981969E-01  1.3719659547E-01
C9       -9.9662792100E-02  3.4374335444E-05  3.7753405141E+01 -3.8131493035E+01  2.9755157898E-01
H10       1.5936233643E-01  1.2060948457E-05  5.3963272722E-01 -5.4503697090E-01  1.3674151660E-01
C11      -1.0175362930E-01  2.3831542457E-05  3.7750143841E+01 -3.8128199074E+01  2.6814260798E-01
H12       1.3816578518E-01  1.8075969356E-05  5.4962530903E-01 -5.5512962512E-01  1.3978659517E-01
C13       1.4986440640E-01  3.1023878446E-04  3.7530813793E+01 -3.7906672508E+01  2.7587304038E-01
H14       3.9039804910E-02  2.9294500872E-05  5.9528569526E-01 -6.0124728505E-01  1.4918059940E-01
H15       4.1031532470E-02  2.0212272869E-05  5.9406731148E-01 -6.0001669956E-01  1.4905948752E-01
C16       9.6780403610E-01  4.4042462174E-05  3.7148477275E+01 -3.7520507016E+01  1.0591106392E+00
N17      -1.2777044194E+00 -1.6845080624E-06  5.4974674432E+01 -5.5525227655E+01  6.9937507625E-01
H18       5.6212182340E-02  3.1103694209E-05  5.9662068781E-01 -6.0259564712E-01  1.4850686310E-01
--------------------------------------------------------------------------------------------------
Total     6.2690989000E-04  6.3076410948E-04  3.6123478937E+02 -3.6485243658E+02
 
1st Largest |L(A)| = 3.1023878446E-04, atom C13     
2nd Largest |L(A)| = 4.9335217362E-05, atom C7      
 
Molecular charge q(Mol) from the wfn file:   0.0000000000E+00
Molecular energy E(Mol) from the wfn file:  -3.6485235820E+02
Molecular virial ratio (-V(Mol)/T(Mol)) from the wfn file:   2.0100146700E+00
Note.  K_Scaled(A) = (1+V(Mol)/T(Mol))*K(A) = (E(Mol)/T(Mol))*K(A)
       Only use K_Scaled(A) data with caution.
 
N_AIMInt(SumA)     =         63.999373
N_Analytic(Mol)    =         63.999990
 
G_AIMInt(SumA)     =        361.234159
G_Analytic(Mol)    =        361.234687
 
K_AIMInt(SumA)     =        361.234789
K_Analytic(Mol)    =        361.234687
 
L_AIMInt(SumA)     =          0.000631
L_Analytic(Mol)    =          0.000000
 
VenT_AIMInt(SumA)  =      -1550.230270
VenT_Analytic(Mol) =      -1550.238895
 
Some Information About the Atomic Calculations:
----------------------------------------------
  Time(sec) = "Elapsed User Time", in Seconds, for Atom A by AIMInt and, if used, by TWOe
  NProc = Number of Processors Used for AIMInt Job
  BIM = Basin Integration Method
  OAQ = Angular Quadrature Outside of Beta Sphere
  ORQ = Multiple of Default for Radial Quadrature Outside of Beta Sphere
  IAQ = Multiple of Default for Angular Quadrature Inside of Beta Sphere
  IRQ = Multiple of Default for Radial Quadrature Inside of Beta Sphere
  MIR = Maximum Integration Radius
------------------------------------------------------------------------------------------------------
Atom A     Time(sec)   NProc      BIM          OAQ                     ORQ      IAQ      IRQ      MIR
------------------------------------------------------------------------------------------------------
C1             36        8     Proaim(5)    4500(GS4)                  1.00     1.00     1.00    13.00
H2              4        8     Proaim(5)    1800(GS4)                  1.00     1.00     1.00    13.00
C3             32        8     Proaim(5)    4500(GS4)                  1.00     1.00     1.00    13.00
H4              5        8     Proaim(5)    1800(GS4)                  1.00     1.00     1.00    13.00
C5             21        8     Proaim(5)    4500(GS4)                  1.00     1.00     1.00    13.00
H6              4        8     Proaim(5)    1800(GS4)                  1.00     1.00     1.00    13.00
C7             25        8     Proaim(5)    4500(GS4)                  1.00     1.00     1.00    13.00
H8             12        8     Proaim(5)    4500(GS4)                  1.00     1.00     1.00    13.00
C9             21        8     Proaim(5)    4500(GS4)                  1.00     1.00     1.00    13.00
H10            15        8     Proaim(5)    4500(GS4)                  1.00     1.00     1.00    13.00
C11            17        8     Proaim(5)    4500(GS4)                  1.00     1.00     1.00    13.00
H12             4        8     Proaim(5)    1800(GS4)                  1.00     1.00     1.00    13.00
C13            23        8     Proaim(5)    4500(GS4)                  1.00     1.00     1.00    13.00
H14             6        8     Proaim(5)    1800(GS4)                  1.00     1.00     1.00    13.00
H15             6        8     Proaim(5)    1800(GS4)                  1.00     1.00     1.00    13.00
C16            12        8     Proaim(5)    4500(GS4)                  1.00     1.00     1.00    13.00
N17            15        8     Proaim(5)    4500(GS4)                  1.00     1.00     1.00    13.00
H18             5        8     Proaim(5)    1800(GS4)                  1.00     1.00     1.00    13.00
------------------------------------------------------------------------------------------------------
Total         263
Note:  Total wall clock time is less than total of atomic times if more than one atom
       was calculated at a time
 
Electron Density Critical Point Analysis of Molecular Structure:               
---------------------------------------------------------------                
  NACP = Nuclear Attractor Critical Point                                      
  NNACP = Non-Nuclear Attractor Critical Point                                 
  BCP = Bond Critical Point                                                    
  RCP = Ring Critical Point                                                    
  CCP = Cage Critical Point                                                    
  Rho = Electron Density                                                       
  GradRho = Gradient of Electron Density                                       
  HessRho_EigVals = Eigenvalues of the Hessian of Rho, Ascending Order         
  HessRho_EigVecs = Eigenvectors of the Hessian of Rho                         
  DelSqRho = Laplacian of Rho = Trace of Hessian of Rho                        
  Bond Ellipticity = (HessRho_EigVal(1) / HessRho_EigVal(2)) - 1               
  V = Virial Field = Potential Energy Density = Trace of Stress Tensor         
  G = Lagrangian Form of Kinetic Energy Density                                
  K = Hamiltonian Form of Kinetic Energy Density                               
  L = K - G = Lagrangian Density = (-1/4)DelSqRho                              
  Vnuc = Electrostatic Potential from Nuclei                                   
  Ven = Electron-nuclear attractive contribution to Virial Field V             
  Vrep = V - Ven = Repulsive contribution to Virial Field V                    
  DelSqV = Laplacian of V                                                      
  DelSqVen = Laplacian of Ven                                                  
  DelSqVrep = Laplacian of Vrep                                                
  DelSqG = Laplacian of G                                                      
  DelSqK = Laplacian of K                                                      
  Stress_EigVals = Eigenvalues of Stress Tensor, Ascending Order               
  Stress_EigVecs = Eigenvectors of Stress Tensor                               
  -DivStress = Ehrenfest Force Density = Minus Divergence of Stress Tensor     
  ESP = Total Electrostatic Potential                                          
  ESPe = Electrostatic Potential from Electrons                                
  ESPn = Electrostatic Potential from Nuclei                                   
  BP = Bond Path                                                               
  BPL = Bond Path Length                                                       
  GBL = Geometric Bond Length                                                  
  GBL_I = Distance Between Nuclear Attractors                                  
  GBL_II = Distance Between Nuclei                                             
  GBL_III = Sum of Distances Between BCP and Nuclear Attractors                
  GBL_IV = Sum of Distances Between BCP and Nuclei                             

CP# 1      Coords =  4.75579339709031E+00 -2.80896771620197E+00  1.00304079583866E+00
           Type = (3,-3) NACP C1
           Rho =  1.1768159166E+02     Rho at Nucleus =  1.1768159159E+02
           GradRho =  6.9622481391E-11 -1.6125284441E-10 -2.2199020400E-11
           HessRho_EigVals = -1.4501294880E+05 -1.4501205493E+05 -1.4501189347E+05
           HessRho_EigVec1 =  9.3816732043E-01  3.0756758309E-01  1.5888442562E-01
           HessRho_EigVec2 = -6.6998437959E-02 -2.8896894626E-01  9.5499118185E-01
           HessRho_EigVec3 = -3.3963699472E-01  9.0658652644E-01  2.5049467437E-01
           DelSqRho = -4.3503689721E+05
           Bond Ellipticity = NA
           V = -1.0876946419E+05
           G =  5.1199461734E+00
           K =  1.0876434425E+05
           L =  1.0875922430E+05
           Vnuc =  6.5381333104E+06
           Ven = -7.6941793442E+08
           Vrep =  7.6930916496E+08
           DelSqV =  2.4954006140E+09
           DelSqVen =  2.8443279360E+12
           DelSqVrep = -2.8418325354E+12
           DelSqG =  1.3404217194E+08
           DelSqK = -2.6294427859E+09
           Stress_EigVals = -3.6256727362E+04 -3.6256625045E+04 -3.6256111788E+04
           Stress_EigVec1 = -3.6067137552E-01  9.1121219220E-01  1.9901884250E-01
           Stress_EigVec2 = -1.0958700848E-01 -2.5330407724E-01  9.6115957677E-01
           Stress_EigVec3 =  9.2623260926E-01  3.2485286707E-01  1.9121654820E-01
           -DivStress = -2.9147697380E+02  6.8040542159E+02  1.0043771493E+02
           ESP =  -1.4740289497E+01     ESP at Nucleus =  -1.4740289509E+01
           ESPe = -2.4781184966E+01     ESPe at Nucleus = -2.4781186238E+01
           ESPn =  1.0040895469E+01     ESPn at Nucleus =  1.0040896728E+01

CP# 2      Coords =  4.98305999773835E+00 -4.26345713123582E+00  2.38354337897684E+00
           Type = (3,-3) NACP H2
           Rho =  4.2523412827E-01     Rho at Nucleus =  4.2154551009E-01
           GradRho = -2.7955068815E-15  2.7582103268E-16 -1.1882855810E-16
           HessRho_EigVals = -6.4745523287E+00 -6.4681115448E+00 -5.8751909837E+00
           HessRho_EigVec1 = -4.2237757491E-01  5.8890521934E-01  6.8904849383E-01
           HessRho_EigVec2 =  8.9930494084E-01  3.6732820508E-01  2.3731964339E-01
           HessRho_EigVec3 = -1.1334816981E-01  7.1990321043E-01 -6.8475656989E-01
           DelSqRho = -1.8817854857E+01
           Bond Ellipticity = NA
           V = -4.7138099250E+00
           G =  4.6731053743E-03
           K =  4.7091368197E+00
           L =  4.7044637143E+00
           Vnuc =  3.8978976249E+01
           Ven = -1.6575190986E+01
           Vrep =  1.1861381061E+01
           DelSqV =  7.0857317152E+02
           DelSqVen =  7.3350071753E+02
           DelSqVrep = -2.4927546007E+01
           DelSqG =  6.9735754160E+01
           DelSqK = -7.7830892568E+02
           Stress_EigVals = -1.6219469689E+00 -1.6214717499E+00 -1.4703912062E+00
           Stress_EigVec1 = -3.1872042115E-01  6.2528360943E-01  7.1234661571E-01
           Stress_EigVec2 =  9.4100600898E-01  2.9888008604E-01  1.5867698394E-01
           Stress_EigVec3 = -1.1368810054E-01  7.2089604101E-01 -6.8365482069E-01
           -DivStress =  8.9362723093E-01 -5.6769090490E+00  5.4087304204E+00
           ESP =  -1.1022682075E+00     ESP at Nucleus =  -1.1047358559E+00
           ESPe = -1.1486442868E+01     ESPe at Nucleus = -1.1408335431E+01
           ESPn =  1.0384174661E+01     ESPn at Nucleus =  1.0303599575E+01

CP# 3      Coords =  3.77989107931574E+00 -5.49334880157851E-01  1.60840974575143E+00
           Type = (3,-3) NACP C3
           Rho =  1.1767362215E+02     Rho at Nucleus =  1.1767362203E+02
           GradRho = -2.6842469913E-10  4.4085779471E-10 -8.4476821371E-11
           HessRho_EigVals = -1.4499510430E+05 -1.4499401199E+05 -1.4499373308E+05
           HessRho_EigVec1 =  8.9918654038E-01  3.2502029083E-01  2.9295968349E-01
           HessRho_EigVec2 = -6.5382746286E-02 -5.6220377857E-01  8.2441009689E-01
           HessRho_EigVec3 = -4.3265305048E-01  7.6045297153E-01  4.8427535142E-01
           DelSqRho = -4.3498284937E+05
           Bond Ellipticity = NA
           V = -1.0875590881E+05
           G =  5.0982346750E+00
           K =  1.0875081058E+05
           L =  1.0874571234E+05
           Vnuc =  4.5727939298E+06
           Ven = -5.3809722506E+08
           Vrep =  5.3798846915E+08
           DelSqV =  2.4950822149E+09
           DelSqVen =  1.9890868060E+12
           DelSqVrep = -1.9865917238E+12
           DelSqG =  1.3401703834E+08
           DelSqK = -2.6290992532E+09
           Stress_EigVals = -3.6252244026E+04 -3.6252098513E+04 -3.6251566272E+04
           Stress_EigVec1 = -4.1672015220E-01  8.0837426678E-01  4.1578282740E-01
           Stress_EigVec2 = -8.7195315038E-02 -4.9082615779E-01  8.6688330233E-01
           Stress_EigVec3 =  9.0484324155E-01  3.2499342707E-01  2.7502360004E-01
           -DivStress =  5.0962150858E+02 -9.0985683702E+02  2.1795158714E+02
           ESP =  -1.4730201989E+01     ESP at Nucleus =  -1.4730202003E+01
           ESPe = -2.6270457055E+01     ESPe at Nucleus = -2.6270456791E+01
           ESPn =  1.1540255067E+01     ESPn at Nucleus =  1.1540254788E+01

CP# 4      Coords =  3.13242815459388E+00 -2.54394131219863E-01  3.50636524807157E+00
           Type = (3,-3) NACP H4
           Rho =  4.2848175871E-01     Rho at Nucleus =  4.2486344788E-01
           GradRho =  2.3775749425E-10 -1.0769355893E-10 -7.0211263713E-10
           HessRho_EigVals = -6.5496166237E+00 -6.5420565257E+00 -5.9501543695E+00
           HessRho_EigVec1 = -3.0533277276E-01  9.2066285966E-01 -2.4321142391E-01
           HessRho_EigVec2 =  8.9792633325E-01  3.6339577971E-01  2.4833809080E-01
           HessRho_EigVec3 = -3.1701766187E-01  1.4256018423E-01  9.3764406676E-01
           DelSqRho = -1.9041827519E+01
           Bond Ellipticity = NA
           V = -4.7694545081E+00
           G =  4.4988141756E-03
           K =  4.7649556939E+00
           L =  4.7604568797E+00
           Vnuc =  4.0972220500E+01
           Ven = -1.7555849098E+01
           Vrep =  1.2786394590E+01
           DelSqV =  7.1766926989E+02
           DelSqVen =  7.8018595709E+02
           DelSqVrep = -6.2516687197E+01
           DelSqG =  7.0866280587E+01
           DelSqK = -7.8853555048E+02
           Stress_EigVals = -1.6405489255E+00 -1.6394049699E+00 -1.4895006127E+00
           Stress_EigVec1 = -2.2439774623E-01  9.4895253068E-01 -2.2166358743E-01
           Stress_EigVec2 =  9.2134229679E-01  2.8069433594E-01  2.6895921980E-01
           Stress_EigVec3 = -3.1744924576E-01  1.4387419600E-01  9.3729728053E-01
           -DivStress = -2.4965137298E+00  1.1344726764E+00  7.3660447513E+00
           ESP =  -1.1053550118E+00     ESP at Nucleus =  -1.1077798308E+00
           ESPe = -1.3034438668E+01     ESPe at Nucleus = -1.2956386833E+01
           ESPn =  1.1929083656E+01     ESPn at Nucleus =  1.1848607002E+01

CP# 5      Coords =  4.95461429182035E+00  2.14170336089995E+00 -2.08415499588391E+00
           Type = (3,-3) NACP C5
           Rho =  1.1768031003E+02     Rho at Nucleus =  1.1768030997E+02
           GradRho =  3.9297676224E-11  5.2662069150E-11 -1.4670628601E-10
           HessRho_EigVals = -1.4500857901E+05 -1.4500757562E+05 -1.4500740987E+05
           HessRho_EigVec1 =  5.0977265311E-01  6.0419196503E-01  6.1244094534E-01
           HessRho_EigVec2 = -6.5312537003E-01  7.3514946423E-01 -1.8161089250E-01
           HessRho_EigVec3 = -5.5996347485E-01 -3.0742045254E-01  7.6937219354E-01
           DelSqRho = -4.3502356450E+05
           Bond Ellipticity = NA
           V = -1.0876611791E+05
           G =  5.1133933864E+00
           K =  1.0876100452E+05
           L =  1.0875589113E+05
           Vnuc =  6.4441794361E+06
           Ven = -7.5835303392E+08
           Vrep =  7.5824426780E+08
           DelSqV =  2.4953211345E+09
           DelSqVen =  2.8033696399E+12
           DelSqVrep = -2.8008743188E+12
           DelSqG =  1.3403526681E+08
           DelSqK = -2.6293564013E+09
           Stress_EigVals = -3.6255622682E+04 -3.6255518651E+04 -3.6254976578E+04
           Stress_EigVec1 = -5.5512995723E-01 -2.9160152829E-01  7.7897322116E-01
           Stress_EigVec2 = -6.3582929930E-01  7.5255616834E-01 -1.7140687162E-01
           Stress_EigVec3 =  5.3623859684E-01  5.9044708670E-01  6.0317526895E-01
           -DivStress = -3.9237421473E+02 -1.0826152542E+02  6.3871630668E+02
           ESP =  -1.4745556773E+01     ESP at Nucleus =  -1.4745556786E+01
           ESPe = -2.4644833974E+01     ESPe at Nucleus = -2.4644835263E+01
           ESPn =  9.8992772004E+00     ESPn at Nucleus =  9.8992784773E+00

CP# 6      Coords =  4.58945246922238E+00  3.72491295717576E+00 -3.27984483227911E+00
           Type = (3,-3) NACP H6
           Rho =  4.2510465541E-01     Rho at Nucleus =  4.2137872555E-01
           GradRho =  2.8481991071E-16 -3.6745780030E-15  3.3501847130E-15
           HessRho_EigVals = -6.4727239949E+00 -6.4664724338E+00 -5.8694431667E+00
           HessRho_EigVec1 =  7.9341882275E-01 -2.3775942722E-01 -5.6031868296E-01
           HessRho_EigVec2 =  5.8067194556E-01  5.7167626265E-01  5.7966054062E-01
           HessRho_EigVec3 = -1.8250113245E-01  7.8527492351E-01 -5.9163893649E-01
           DelSqRho = -1.8808639595E+01
           Bond Ellipticity = NA
           V = -4.7113777235E+00
           G =  4.6089123253E-03
           K =  4.7067688112E+00
           L =  4.7021598988E+00
           Vnuc =  3.8854148835E+01
           Ven = -1.6517079552E+01
           Vrep =  1.1805701828E+01
           DelSqV =  7.0805639527E+02
           DelSqVen =  7.3079368222E+02
           DelSqVrep = -2.2737286945E+01
           DelSqG =  6.9687972341E+01
           DelSqK = -7.7774436761E+02
           Stress_EigVals = -1.6214755211E+00 -1.6209732404E+00 -1.4689289621E+00
           Stress_EigVec1 =  8.4808268864E-01 -1.8019106116E-01 -4.9828399002E-01
           Stress_EigVec2 =  4.9788364528E-01  5.9276113916E-01  6.3304510713E-01
           Stress_EigVec3 = -1.8129431594E-01  7.8496204582E-01 -5.9242464300E-01
           -DivStress = -1.4578103468E+00  6.2287342177E+00 -4.6873036605E+00
           ESP =  -1.1097090431E+00     ESP at Nucleus =  -1.1122002731E+00
           ESPe = -1.1522316218E+01     ESPe at Nucleus = -1.1446321947E+01
           ESPn =  1.0412607175E+01     ESPn at Nucleus =  1.0334121674E+01

CP# 7      Coords =  3.45441873986024E+00  1.60547599133325E+00 -1.17396291176415E-01
           Type = (3,-3) NACP C7
           Rho =  1.1766219045E+02     Rho at Nucleus =  1.1766219022E+02
           GradRho = -5.7751192717E-11 -8.0913220568E-10  9.1033658389E-10
           HessRho_EigVals = -1.4498027931E+05 -1.4497933912E+05 -1.4497894671E+05
           HessRho_EigVec1 =  6.0362756356E-01  5.1002002726E-01  6.1279142969E-01
           HessRho_EigVec2 =  1.9350160260E-01 -8.3935421235E-01  5.0797798772E-01
           HessRho_EigVec3 =  7.7342801494E-01 -1.8805339137E-01 -6.0534703080E-01
           DelSqRho = -4.3493856514E+05
           Bond Ellipticity = NA
           V = -1.0874486654E+05
           G =  5.1126299394E+00
           K =  1.0873975391E+05
           L =  1.0873464128E+05
           Vnuc =  3.4051537869E+06
           Ven = -4.0065785337E+08
           Vrep =  4.0054910850E+08
           DelSqV =  2.4948289384E+09
           DelSqVen =  1.4810326139E+12
           DelSqVrep = -1.4785377849E+12
           DelSqG =  1.3400282874E+08
           DelSqK = -2.6288317671E+09
           Stress_EigVals = -3.6248568754E+04 -3.6248397143E+04 -3.6247900646E+04
           Stress_EigVec1 = -7.4323328820E-01  7.8150257127E-02  6.6445226812E-01
           Stress_EigVec2 =  3.0440225972E-01 -8.4489984499E-01  4.3986761215E-01
           Stress_EigVec3 =  5.9577138533E-01  5.2918502365E-01  6.0416857513E-01
           -DivStress =  3.6406810733E+01  9.5911732210E+02 -1.0626274524E+03
           ESP =  -1.4738219234E+01     ESP at Nucleus =  -1.4738219252E+01
           ESPe = -2.6420841123E+01     ESPe at Nucleus = -2.6420840557E+01
           ESPn =  1.1682621888E+01     ESPn at Nucleus =  1.1682621305E+01

CP# 8      Coords =  1.90256968593864E+00  2.83811513150016E+00  2.94607263871790E-01
           Type = (3,-3) NACP H8
           Rho =  4.2506259718E-01     Rho at Nucleus =  4.2128868576E-01
           GradRho =  3.1745439610E-15 -2.7911700728E-15 -7.4593109467E-16
           HessRho_EigVals = -6.4863868914E+00 -6.4786805400E+00 -5.8755089734E+00
           HessRho_EigVec1 = -2.2592467435E-01 -5.4428250806E-01  8.0790753985E-01
           HessRho_EigVec2 =  6.0213466961E-01  5.7391633714E-01  5.5502601526E-01
           HessRho_EigVec3 =  7.6576228764E-01 -6.1186321134E-01 -1.9806950659E-01
           DelSqRho = -1.8840576405E+01
           Bond Ellipticity = NA
           V = -4.7191960990E+00
           G =  4.5259988764E-03
           K =  4.7146701001E+00
           L =  4.7101441012E+00
           Vnuc =  4.1075155469E+01
           Ven = -1.7459512263E+01
           Vrep =  1.2740316164E+01
           DelSqV =  7.0919244935E+02
           DelSqVen =  7.7387960495E+02
           DelSqVrep = -6.4687155605E+01
           DelSqG =  6.9945291669E+01
           DelSqK = -7.7913774102E+02
           Stress_EigVals = -1.6246734157E+00 -1.6236642249E+00 -1.4708584584E+00
           Stress_EigVec1 = -2.8540454908E-01 -6.0079449759E-01  7.4671963616E-01
           Stress_EigVec2 =  5.7598310890E-01  5.1520563179E-01  6.3467047768E-01
           Stress_EigVec3 =  7.6602069269E-01 -6.1123573901E-01 -1.9900545151E-01
           -DivStress = -6.1176455184E+00  4.8855713951E+00  1.5852581522E+00
           ESP =  -1.1135677391E+00     ESP at Nucleus =  -1.1160983995E+00
           ESPe = -1.3909311677E+01     ESPe at Nucleus = -1.3844791631E+01
           ESPn =  1.2795743938E+01     ESPn at Nucleus =  1.2728693232E+01

CP# 9      Coords = -2.51748481162304E+00 -2.60608710745166E+00 -6.03004991720850E-01
           Type = (3,-3) NACP C9
           Rho =  1.1768061679E+02     Rho at Nucleus =  1.1768061563E+02
           GradRho =  9.1747165420E-12 -2.0458773564E-11  6.1828320241E-13
           HessRho_EigVals = -1.4500467809E+05 -1.4500449491E+05 -1.4500339828E+05
           HessRho_EigVec1 =  2.8132527297E-01  9.1070864462E-01 -3.0243322472E-01
           HessRho_EigVec2 =  8.0135407378E-01 -3.9633595596E-01 -4.4805073201E-01
           HessRho_EigVec3 =  5.2790883610E-01  1.1630810219E-01  8.4129940339E-01
           DelSqRho = -4.3501257128E+05
           Bond Ellipticity = NA
           V = -1.0876345332E+05
           G =  5.1552469403E+00
           K =  1.0875829807E+05
           L =  1.0875314282E+05
           Vnuc =  1.5032667203E+06
           Ven = -1.7690535484E+08
           Vrep =  1.7679659139E+08
           DelSqV =  2.4952544998E+09
           DelSqVen =  6.5393991987E+11
           DelSqVrep = -6.5144466537E+11
           DelSqG =  1.3402774445E+08
           DelSqK = -2.6292822442E+09
           Stress_EigVals = -3.6254875790E+04 -3.6254410650E+04 -3.6254166875E+04
           Stress_EigVec1 =  8.1688525835E-01 -1.6540053882E-01  5.5257681498E-01
           Stress_EigVec2 = -3.9342076196E-01  5.4079816636E-01  7.4347659500E-01
           Stress_EigVec3 =  4.2180395773E-01  8.2473026198E-01 -3.7669804383E-01
           -DivStress =  1.8637487024E+03 -2.0022408486E+03 -1.7463320035E+03
           ESP =  -1.4693216635E+01     ESP at Nucleus =  -1.4693216693E+01
           ESPe = -2.6337797101E+01     ESPe at Nucleus = -2.6337792642E+01
           ESPn =  1.1644580466E+01     ESPn at Nucleus =  1.1644575949E+01

CP# 10     Coords = -7.06065426746844E-01 -3.40966297823517E+00 -3.18386091882578E-01
           Type = (3,-3) NACP H10
           Rho =  4.0794709377E-01     Rho at Nucleus =  4.0380715908E-01
           GradRho = -2.5207700510E-17  1.1145598333E-15  3.8163916471E-17
           HessRho_EigVals = -6.2202010657E+00 -6.2174372857E+00 -5.5793857214E+00
           HessRho_EigVec1 =  7.6460553739E-02  4.7664797890E-01  8.7576280346E-01
           HessRho_EigVec2 =  4.1603007527E-01  7.8297081792E-01 -4.6246694451E-01
           HessRho_EigVec3 =  9.0613065294E-01 -3.9970414371E-01  1.3843351224E-01
           DelSqRho = -1.8017024073E+01
           Bond Ellipticity = NA
           V = -4.5131512369E+00
           G =  4.4476093722E-03
           K =  4.5087036276E+00
           L =  4.5042560182E+00
           Vnuc =  3.8857870389E+01
           Ven = -1.5851955295E+01
           Vrep =  1.1338804058E+01
           DelSqV =  6.7642338411E+02
           DelSqVen =  7.0010318621E+02
           DelSqVrep = -2.3679802099E+01
           DelSqG =  6.6668778311E+01
           DelSqK = -7.4309216242E+02
           Stress_EigVals = -1.5584547524E+00 -1.5578807294E+00 -1.3968157552E+00
           Stress_EigVec1 =  4.7812434641E-02  4.2766264789E-01  9.0267304750E-01
           Stress_EigVec2 =  4.2041230190E-01  8.1114515266E-01 -4.0656738399E-01
           Stress_EigVec3 =  9.0607255090E-01 -3.9893383024E-01  1.4101181364E-01
           -DivStress =  7.4406202204E+00 -3.2570494146E+00  1.1732300897E+00
           ESP =  -1.0391543980E+00     ESP at Nucleus =  -1.0420453436E+00
           ESPe = -1.3529350703E+01     ESPe at Nucleus = -1.3461273219E+01
           ESPn =  1.2490196305E+01     ESPn at Nucleus =  1.2419227876E+01

CP# 11     Coords = -4.51343969867375E+00 -2.15898442856857E+00 -1.93069261524055E+00
           Type = (3,-3) NACP C11
           Rho =  1.1766002507E+02     Rho at Nucleus =  1.1766002408E+02
           GradRho = -3.3336444716E-11  1.3902046181E-11  1.2836558205E-11
           HessRho_EigVals = -1.4497846022E+05 -1.4497838804E+05 -1.4497727881E+05
           HessRho_EigVec1 =  3.9972396362E-01  8.7342000053E-01  2.7813352116E-01
           HessRho_EigVec2 = -1.6813655843E-01 -2.2841667938E-01  9.5893478313E-01
           HessRho_EigVec3 =  9.0108315411E-01 -4.3007362540E-01  5.5550212519E-02
           DelSqRho = -4.3493412707E+05
           Bond Ellipticity = NA
           V = -1.0874386660E+05
           G =  5.1674145864E+00
           K =  1.0873869918E+05
           L =  1.0873353177E+05
           Vnuc =  1.6191518597E+06
           Ven = -1.9050944842E+08
           Vrep =  1.9040070455E+08
           DelSqV =  2.4948060143E+09
           DelSqVen =  7.0422440346E+11
           DelSqVrep = -7.0172959744E+11
           DelSqG =  1.3400287140E+08
           DelSqK = -2.6288088857E+09
           Stress_EigVals = -3.6248322640E+04 -3.6247884599E+04 -3.6247659357E+04
           Stress_EigVec1 =  8.3201041449E-01 -1.9769244294E-01  5.1834001214E-01
           Stress_EigVec2 = -3.5540874385E-01  5.2747350763E-01  7.7165816496E-01
           Stress_EigVec3 =  4.2596161209E-01  8.2625020227E-01 -3.6860182891E-01
           -DivStress =  5.8373111403E+02 -1.6513451863E+03 -2.4517455832E+03
           ESP =  -1.4691180842E+01     ESP at Nucleus =  -1.4691180894E+01
           ESPe = -2.5563299937E+01     ESPe at Nucleus = -2.5563295618E+01
           ESPn =  1.0872119094E+01     ESPn at Nucleus =  1.0872114724E+01

CP# 12     Coords = -5.61220642404142E+00 -2.36686389355657E+00 -3.59094958759187E+00
           Type = (3,-3) NACP H12
           Rho =  4.1207651965E-01     Rho at Nucleus =  4.0805978386E-01
           GradRho =  1.3534325136E-11  2.5861379011E-12  2.0546265210E-11
           HessRho_EigVals = -6.2938616085E+00 -6.2908340170E+00 -5.6629228885E+00
           HessRho_EigVec1 = -6.8347043630E-01  6.3098201397E-01  3.6705566437E-01
           HessRho_EigVec2 =  4.8571129266E-01  7.6845959577E-01 -4.1659859559E-01
           HessRho_EigVec3 =  5.4493366833E-01  1.0644974267E-01  8.3169450485E-01
           DelSqRho = -1.8247618514E+01
           Bond Ellipticity = NA
           V = -4.5706513197E+00
           G =  4.3733455787E-03
           K =  4.5662779741E+00
           L =  4.5619046285E+00
           Vnuc =  3.7481617855E+01
           Ven = -1.5445294637E+01
           Vrep =  1.0874643317E+01
           DelSqV =  6.8586153454E+02
           DelSqVen =  6.8395026394E+02
           DelSqVrep =  1.9112705977E+00
           DelSqG =  6.7685240536E+01
           DelSqK = -7.5354677508E+02
           Stress_EigVals = -1.5768986393E+00 -1.5763476928E+00 -1.4174049876E+00
           Stress_EigVec1 = -7.2810409600E-01  5.4909501340E-01  4.1031584377E-01
           Stress_EigVec2 =  4.1299194726E-01  8.2915654463E-01 -3.7674537289E-01
           Stress_EigVec3 =  5.4708507280E-01  1.0485270985E-01  8.3048409519E-01
           -DivStress = -4.4561467322E+00 -8.4314639018E-01 -6.7476192040E+00
           ESP =  -1.0355777421E+00     ESP at Nucleus =  -1.0383735947E+00
           ESPe = -1.1567289342E+01     ESPe at Nucleus = -1.1478439410E+01
           ESPn =  1.0531711600E+01     ESPn at Nucleus =  1.0440065815E+01

CP# 13     Coords = -4.43374570716446E+00 -8.56347620866501E-01  6.15067417396791E-01
           Type = (3,-3) NACP C13
           Rho =  1.1738289045E+02     Rho at Nucleus =  1.1738288890E+02
           GradRho = -2.2467916416E-11  7.2406525220E-12  2.8197236213E-13
           HessRho_EigVals = -1.4462112175E+05 -1.4462010639E+05 -1.4461910911E+05
           HessRho_EigVec1 = -8.8934637754E-02  8.9036095480E-01  4.4648404269E-01
           HessRho_EigVec2 = -5.6302540130E-01 -4.1471202353E-01  7.1485406555E-01
           HessRho_EigVec3 =  8.2164044916E-01 -1.8780656994E-01  5.3817809746E-01
           DelSqRho = -4.3386033725E+05
           Bond Ellipticity = NA
           V = -1.0847549229E+05
           G =  5.2039866155E+00
           K =  1.0847028830E+05
           L =  1.0846508431E+05
           Vnuc =  1.2938594051E+06
           Ven = -1.5187695681E+08
           Vrep =  1.5176848132E+08
           DelSqV =  2.4886572209E+09
           DelSqVen =  5.6135427789E+11
           DelSqVrep = -5.5886562067E+11
           DelSqG =  1.3365550299E+08
           DelSqK = -2.6223127239E+09
           Stress_EigVals = -3.6158611931E+04 -3.6158585260E+04 -3.6158295096E+04
           Stress_EigVec1 =  8.5640966248E-01 -1.6081818342E-01  4.9061186481E-01
           Stress_EigVec2 = -5.1251349787E-01 -3.7963110035E-01  7.7020136468E-01
           Stress_EigVec3 = -6.2389137749E-02  9.1105309370E-01  4.0754123222E-01
           -DivStress = -2.1401122274E+03 -7.8420281548E+02  2.9854260291E+03
           ESP =  -1.4663316318E+01     ESP at Nucleus =  -1.4663316395E+01
           ESPe = -2.6671169759E+01     ESPe at Nucleus = -2.6671164342E+01
           ESPn =  1.2007853442E+01     ESPn at Nucleus =  1.2007847947E+01

CP# 14     Coords =  6.58771481547504E+00  1.03367706337288E+00 -2.51596360862541E+00
           Type = (3,-3) NACP H14
           Rho =  4.2507491897E-01     Rho at Nucleus =  4.2139950700E-01
           GradRho = -4.3801767768E-15  3.3556057238E-15  2.8137214780E-15
           HessRho_EigVals = -6.4727175787E+00 -6.4663405030E+00 -5.8746297989E+00
           HessRho_EigVec1 = -1.7693589317E-01 -5.7047245420E-01  8.0203171303E-01
           HessRho_EigVec2 =  5.6107815775E-01  6.1104411139E-01  5.5840522457E-01
           HessRho_EigVec3 =  8.0863155430E-01 -5.4880440316E-01 -2.1196399803E-01
           DelSqRho = -1.8813687881E+01
           Bond Ellipticity = NA
           V = -4.7127773710E+00
           G =  4.6777004121E-03
           K =  4.7080996706E+00
           L =  4.7034219701E+00
           Vnuc =  3.9382249041E+01
           Ven = -1.6740406320E+01
           Vrep =  1.2027628949E+01
           DelSqV =  7.0847609045E+02
           DelSqVen =  7.4092534150E+02
           DelSqVrep = -3.2449251051E+01
           DelSqG =  6.9730203717E+01
           DelSqK = -7.7820629416E+02
           Stress_EigVals = -1.6215051061E+00 -1.6209070001E+00 -1.4703652648E+00
           Stress_EigVec1 = -2.2367833424E-01 -6.2231823196E-01  7.5012533683E-01
           Stress_EigVec2 =  5.4277474678E-01  5.5971008789E-01  6.2619501098E-01
           Stress_EigVec3 =  8.0954529030E-01 -5.4721534672E-01 -2.1258360065E-01
           -DivStress =  6.3730069719E+00 -4.3181101771E+00 -1.6681455580E+00
           ESP =  -1.1091233469E+00     ESP at Nucleus =  -1.1115708480E+00
           ESPe = -1.1847953543E+01     ESPe at Nucleus = -1.1774811341E+01
           ESPn =  1.0738830196E+01     ESPn at Nucleus =  1.0663240493E+01

CP# 15     Coords =  5.36115649745625E+00 -3.23612639082312E+00 -8.76500650345613E-01
           Type = (3,-3) NACP H15
           Rho =  4.2437768432E-01     Rho at Nucleus =  4.2069898204E-01
           GradRho = -3.7498382264E-10  2.6216464069E-10  1.1681130598E-09
           HessRho_EigVals = -6.4600661238E+00 -6.4534803445E+00 -5.8624537731E+00
           HessRho_EigVec1 =  3.2205457763E-01 -8.9626447387E-01  3.0494399798E-01
           HessRho_EigVec2 =  8.9813170017E-01  3.9110775757E-01  2.0098301203E-01
           HessRho_EigVec3 = -2.9939989677E-01  2.0915237231E-01  9.3092157939E-01
           DelSqRho = -1.8776000241E+01
           Bond Ellipticity = NA
           V = -4.7034198726E+00
           G =  4.7099061070E-03
           K =  4.6987099665E+00
           L =  4.6940000603E+00
           Vnuc =  3.9707479731E+01
           Ven = -1.6850968298E+01
           Vrep =  1.2147548426E+01
           DelSqV =  7.0700362240E+02
           DelSqVen =  7.4554765106E+02
           DelSqVrep = -3.8544028653E+01
           DelSqG =  6.9567506017E+01
           DelSqK = -7.7657112842E+02
           Stress_EigVals = -1.6183153556E+00 -1.6177851290E+00 -1.4673193880E+00
           Stress_EigVec1 = -2.2681047292E-01  9.3162815954E-01 -2.8394714599E-01
           Stress_EigVec2 =  9.2700129665E-01  2.9591795479E-01  2.3043688951E-01
           Stress_EigVec3 = -2.9870655397E-01  2.1095387263E-01  9.3073780316E-01
           -DivStress =  2.3523340581E+00 -1.6469450012E+00 -7.3300646661E+00
           ESP =  -1.1032918611E+00     ESP at Nucleus =  -1.1057408506E+00
           ESPe = -1.2208739197E+01     ESPe at Nucleus = -1.2137809480E+01
           ESPn =  1.1105447335E+01     ESPn at Nucleus =  1.1032068630E+01

CP# 16     Coords = -3.90335754887638E+00  1.83677147934916E+00  7.89990239581713E-01
           Type = (3,-3) NACP C16
           Rho =  1.1806140041E+02     Rho at Nucleus =  1.1806139954E+02
           GradRho = -2.0400004186E-09 -8.7777612401E-09 -3.2457075916E-10
           HessRho_EigVals = -1.4550267711E+05 -1.4550257786E+05 -1.4550157357E+05
           HessRho_EigVec1 =  8.5929001598E-01 -2.1722005589E-01  4.6307247355E-01
           HessRho_EigVec2 = -4.7062839669E-01  1.8802915148E-02  8.8213114819E-01
           HessRho_EigVec3 =  2.0032368974E-01  9.7594154420E-01  8.6072769377E-02
           DelSqRho = -4.3650682854E+05
           Bond Ellipticity = NA
           V = -1.0913679652E+05
           G =  5.0446914274E+00
           K =  1.0913175183E+05
           L =  1.0912670714E+05
           Vnuc =  1.7310538506E+06
           Ven = -2.0437064180E+08
           Vrep =  2.0426150500E+08
           DelSqV =  2.5038158835E+09
           DelSqVen =  7.5561683968E+11
           DelSqVrep = -7.5311302380E+11
           DelSqG =  1.3451604801E+08
           DelSqK = -2.6383319315E+09
           Stress_EigVals = -3.6379552495E+04 -3.6378634338E+04 -3.6378609685E+04
