AIMSum (Version 19.02.13, Professional)
Copyright (c) 1997-2019 by Todd A. Keith
AIMSum is a component of the AIMAll package ( http://aim.tkgristmill.com )

TP:  64-bit Linux

Much of the Quantum Theory of Atoms in Molecules (QTAIM) is described in the book:
  "Atoms in Molecules - A Quantum Theory"
  R.F.W. Bader, Oxford University Press, Oxford, 1990

For additional references see:  http://aim.tkgristmill.com/references.html

Wfn File:  /home/mhennefarth/Documents/ML_Diels/summary-levandowski2016/9-opt/9-opt.wfn
Sum File:  /home/mhennefarth/Documents/ML_Diels/summary-levandowski2016/9-opt/9-opt.sum

SumViz File:  /home/mhennefarth/Documents/ML_Diels/summary-levandowski2016/9-opt/9-opt.sumviz

Wfn Title:   Title Card Required                                                           
 
Total memory allocated for AIMSum =        0.851 Megabytes

Atomic units (a.u.) used throughout, except where stated otherwise

Model:  Restricted SCF
 
Restricted, closed-shell, single-determinant wavefunction.
  Number of electrons (from MO Occs)                   =          64.0000000000
  Number of Alpha electrons (from MO Occs)             =          32.0000000000
  Number of Beta electrons (from MO Occs)              =          32.0000000000
  Number of electron pairs (N*(N-1)/2)                 =        2016.0000000000
  Number of electron pairs (from Muller 2EDM)          =        2016.0000000000
 
Nuclear Charges and Cartesian Coordinates:
-------------------------------------------------------------------------------
Atom      Charge                X                  Y                  Z
-------------------------------------------------------------------------------
C1         6.0          -4.2398301400E+00  -6.8750797000E-01   2.9742496200E+00
H2         1.0          -4.7464710500E+00  -1.8116163500E+00   4.6149366500E+00
C3         6.0          -5.3597609600E+00  -1.0520254700E+00   7.3003149000E-01
H4         1.0          -6.7469070800E+00  -2.5665910500E+00   5.6447038000E-01
C5         6.0          -3.9895639000E+00   2.7497494100E+00  -1.7406038800E+00
H6         1.0          -3.6569003100E+00   3.6602973700E+00  -3.5494385100E+00
C7         6.0          -4.8743154100E+00   3.8150143000E-01  -1.6019421700E+00
H8         1.0          -5.3263298900E+00  -6.0136285000E-01  -3.3553736400E+00
C9         6.0           1.8903214600E+00  -2.2493735000E+00  -4.3613988000E-01
C10        6.0           4.1256946700E+00  -3.1659069800E+00  -7.7292994000E-01
C11        6.0           3.8664813600E+00  -3.6964443000E-01  -1.3155476700E+00
H12        1.0          -6.9526680000E-02  -2.4080826900E+00   1.0952704000E-01
H13        1.0           5.4602992700E+00  -4.7070775200E+00  -7.4007813000E-01
H14        1.0          -3.5938674300E+00   3.8669075000E+00  -6.2673870000E-02
H15        1.0          -2.7931754400E+00   7.4549173000E-01   3.2529832600E+00
H16        1.0           3.8440883600E+00   3.0468734000E-01  -3.2667226400E+00
C17        6.0           4.8833489300E+00   1.4931750000E+00   4.3434095000E-01
N18        7.0           5.6877905900E+00   2.9882202200E+00   1.8290883300E+00
 
Some Atomic Properties:
----------------------
  q(A) = Net Charge of Atom A
  L(A) = Lagrangian of Atom A = -(1/4) Times Atomic Integral of the Laplacian of the Electron Density
  K(A) = Electronic Kinetic Energy of Atom A (Hamiltonian Form)
  K_Scaled(A) = K(A) * E(Mol)/K(Mol) = Approximation to Virial-Based Total Energy of Atom A.
  |Mu_Intra(A)| = Magnitude of Intraatomic Dipole Moment of Atom A
--------------------------------------------------------------------------------------------------
Atom A          q(A)              L(A)              K(A)          K_Scaled(A)      |Mu_Intra(A)|
--------------------------------------------------------------------------------------------------
C1       -9.5279268500E-02  6.6910095946E-05  3.7708431811E+01 -3.8085638304E+01  1.1552367811E-01
H2        4.8680193430E-02  2.0593794407E-05  5.9242542079E-01 -5.9835159446E-01  1.4638625825E-01
C3       -3.7328758900E-02 -1.2135422441E-04  3.7703508633E+01 -3.8080665879E+01  6.9855572799E-02
H4        3.5859206370E-02  2.5167003425E-05  6.0177370737E-01 -6.0779339419E-01  1.5046791003E-01
C5       -8.2707727300E-02  1.4438582761E-05  3.7703967874E+01 -3.8081129714E+01  1.1206680546E-01
H6        4.7815638580E-02  2.0571140016E-05  5.9288422497E-01 -5.9881498817E-01  1.4673305946E-01
C7       -3.5894923400E-02  5.3403374768E-05  3.7702276125E+01 -3.8079421041E+01  7.7568085611E-02
H8        3.3547663260E-02  2.4201281424E-05  6.0256785330E-01 -6.0859548415E-01  1.5115249832E-01
C9       -1.0191430890E-01 -1.9167658398E-05  3.7753293366E+01 -3.8130948620E+01  3.0109521793E-01
C10      -1.0705030800E-01  5.5715332927E-06  3.7753092400E+01 -3.8130745644E+01  2.6450033787E-01
C11       1.5205230450E-01 -5.1959870719E-05  3.7529437920E+01 -3.7904853894E+01  2.7265903015E-01
H12       1.5975084841E-01  1.8685491766E-05  5.3997426031E-01 -5.4537575243E-01  1.3293028074E-01
H13       1.3595955257E-01  2.3998955031E-05  5.5050661734E-01 -5.5601346715E-01  1.4027487819E-01
H14       4.9336875800E-02  2.5461447587E-05  5.9152693715E-01 -5.9744412307E-01  1.4590914823E-01
H15       4.8550123810E-02  2.3491717928E-05  5.9142248898E-01 -5.9733863008E-01  1.4556124238E-01
H16       5.4743469610E-02  2.9808912279E-05  5.9731870766E-01 -6.0329383004E-01  1.4880659180E-01
C17       9.6625373860E-01  1.5913367461E-05  3.7148307897E+01 -3.7519911336E+01  1.0560197974E+00
N18      -1.2722054832E+00  1.2351718673E-05  5.4975199418E+01 -5.5525129532E+01  6.9918688138E-01
--------------------------------------------------------------------------------------------------
Total     1.6883674000E-04  1.8808666324E-04  3.6123791566E+02 -3.6485146523E+02
 
1st Largest |L(A)| = 1.2135422441E-04, atom C3      
2nd Largest |L(A)| = 6.6910095946E-05, atom C1      
 
Molecular charge q(Mol) from the wfn file:   0.0000000000E+00
Molecular energy E(Mol) from the wfn file:  -3.6485142723E+02
Molecular virial ratio (-V(Mol)/T(Mol)) from the wfn file:   2.0100032400E+00
Note.  K_Scaled(A) = (1+V(Mol)/T(Mol))*K(A) = (E(Mol)/T(Mol))*K(A)
       Only use K_Scaled(A) data with caution.
 
N_AIMInt(SumA)     =         63.999831
N_Analytic(Mol)    =         63.999990
 
G_AIMInt(SumA)     =        361.237728
G_Analytic(Mol)    =        361.237855
 
K_AIMInt(SumA)     =        361.237916
K_Analytic(Mol)    =        361.237855
 
L_AIMInt(SumA)     =          0.000188
L_Analytic(Mol)    =          0.000000
 
VenT_AIMInt(SumA)  =      -1536.669921
VenT_Analytic(Mol) =      -1536.672017
 
Some Information About the Atomic Calculations:
----------------------------------------------
  Time(sec) = "Elapsed User Time", in Seconds, for Atom A by AIMInt and, if used, by TWOe
  NProc = Number of Processors Used for AIMInt Job
  BIM = Basin Integration Method
  OAQ = Angular Quadrature Outside of Beta Sphere
  ORQ = Multiple of Default for Radial Quadrature Outside of Beta Sphere
  IAQ = Multiple of Default for Angular Quadrature Inside of Beta Sphere
  IRQ = Multiple of Default for Radial Quadrature Inside of Beta Sphere
  MIR = Maximum Integration Radius
------------------------------------------------------------------------------------------------------
Atom A     Time(sec)   NProc      BIM          OAQ                     ORQ      IAQ      IRQ      MIR
------------------------------------------------------------------------------------------------------
C1             65        8     Proaim(5)    4500(GS4)                  1.00     1.00     1.00    13.00
H2              4        8     Proaim(5)    1800(GS4)                  1.00     1.00     1.00    13.00
C3             56        8     Proaim(5)    4500(GS4)                  1.00     1.00     1.00    13.00
H4              4        8     Proaim(5)    1800(GS4)                  1.00     1.00     1.00    13.00
C5             30        8     Proaim(5)    4500(GS4)                  1.00     1.00     1.00    13.00
H6              5        8     Proaim(5)    1800(GS4)                  1.00     1.00     1.00    13.00
C7             39        8     Proaim(5)    4500(GS4)                  1.00     1.00     1.00    13.00
H8              6        8     Proaim(5)    1800(GS4)                  1.00     1.00     1.00    13.00
C9             29        8     Proaim(5)    4500(GS4)                  1.00     1.00     1.00    13.00
C10            16        8     Proaim(5)    4500(GS4)                  1.00     1.00     1.00    13.00
C11            30        8     Proaim(5)    4500(GS4)                  1.00     1.00     1.00    13.00
H12            32        8     Proaim(5)    4500(GS4)                  1.00     1.00     1.00    13.00
H13             4        8     Proaim(5)    1800(GS4)                  1.00     1.00     1.00    13.00
H14             7        8     Proaim(5)    1800(GS4)                  1.00     1.00     1.00    13.00
H15             8        8     Proaim(5)    1800(GS4)                  1.00     1.00     1.00    13.00
H16             5        8     Proaim(5)    1800(GS4)                  1.00     1.00     1.00    13.00
C17            14        8     Proaim(5)    4500(GS4)                  1.00     1.00     1.00    13.00
N18            11        8     Proaim(5)    2700(GS4)                  1.00     1.00     1.00    13.00
------------------------------------------------------------------------------------------------------
Total         365
Note:  Total wall clock time is less than total of atomic times if more than one atom
       was calculated at a time
 
Electron Density Critical Point Analysis of Molecular Structure:               
---------------------------------------------------------------                
  NACP = Nuclear Attractor Critical Point                                      
  NNACP = Non-Nuclear Attractor Critical Point                                 
  BCP = Bond Critical Point                                                    
  RCP = Ring Critical Point                                                    
  CCP = Cage Critical Point                                                    
  Rho = Electron Density                                                       
  GradRho = Gradient of Electron Density                                       
  HessRho_EigVals = Eigenvalues of the Hessian of Rho, Ascending Order         
  HessRho_EigVecs = Eigenvectors of the Hessian of Rho                         
  DelSqRho = Laplacian of Rho = Trace of Hessian of Rho                        
  Bond Ellipticity = (HessRho_EigVal(1) / HessRho_EigVal(2)) - 1               
  V = Virial Field = Potential Energy Density = Trace of Stress Tensor         
  G = Lagrangian Form of Kinetic Energy Density                                
  K = Hamiltonian Form of Kinetic Energy Density                               
  L = K - G = Lagrangian Density = (-1/4)DelSqRho                              
  Vnuc = Electrostatic Potential from Nuclei                                   
  Ven = Electron-nuclear attractive contribution to Virial Field V             
  Vrep = V - Ven = Repulsive contribution to Virial Field V                    
  DelSqV = Laplacian of V                                                      
  DelSqVen = Laplacian of Ven                                                  
  DelSqVrep = Laplacian of Vrep                                                
  DelSqG = Laplacian of G                                                      
  DelSqK = Laplacian of K                                                      
  Stress_EigVals = Eigenvalues of Stress Tensor, Ascending Order               
  Stress_EigVecs = Eigenvectors of Stress Tensor                               
  -DivStress = Ehrenfest Force Density = Minus Divergence of Stress Tensor     
  ESP = Total Electrostatic Potential                                          
  ESPe = Electrostatic Potential from Electrons                                
  ESPn = Electrostatic Potential from Nuclei                                   
  BP = Bond Path                                                               
  BPL = Bond Path Length                                                       
  GBL = Geometric Bond Length                                                  
  GBL_I = Distance Between Nuclear Attractors                                  
  GBL_II = Distance Between Nuclei                                             
  GBL_III = Sum of Distances Between BCP and Nuclear Attractors                
  GBL_IV = Sum of Distances Between BCP and Nuclei                             

CP# 1      Coords = -4.23982983368066E+00 -6.87507900134071E-01  2.97425028620931E+00
           Type = (3,-3) NACP C1
           Rho =  1.1768495474E+02     Rho at Nucleus =  1.1768495470E+02
           GradRho =  5.1155774061E-11  3.6520231284E-12  1.0367405220E-10
           HessRho_EigVals = -1.4501716608E+05 -1.4501618180E+05 -1.4501603336E+05
           HessRho_EigVec1 = -6.6214964055E-01  7.0000177811E-01  2.6749834421E-01
           HessRho_EigVec2 =  5.7680039136E-01  7.0396938885E-01 -4.1440126458E-01
           HessRho_EigVec3 =  4.7839226795E-01  1.2010249876E-01  8.6989437736E-01
           DelSqRho = -4.3504938123E+05
           Bond Ellipticity = NA
           V = -1.0877259165E+05
           G =  5.1231694649E+00
           K =  1.0876746848E+05
           L =  1.0876234531E+05
           Vnuc =  8.1457833090E+06
           Ven = -9.5863614004E+08
           Vrep =  9.5852736745E+08
           DelSqV =  2.4954719917E+09
           DelSqVen =  3.5438193541E+12
           DelSqVrep = -3.5413244064E+12
           DelSqG =  1.3404604324E+08
           DelSqK = -2.6295180350E+09
           Stress_EigVals = -3.6257775081E+04 -3.6257677092E+04 -3.6257139474E+04
           Stress_EigVec1 =  4.3273900057E-01  1.0018495180E-01  8.9593522803E-01
           Stress_EigVec2 =  5.8618603070E-01  7.2377092877E-01 -3.6406260462E-01
           Stress_EigVec3 = -6.8492546660E-01  6.8272880275E-01  2.5447688913E-01
           -DivStress = -2.4838947386E+02 -5.6051243242E+01 -5.4300548032E+02
           ESP =  -1.4734470785E+01     ESP at Nucleus =  -1.4734470794E+01
           ESPe = -2.4855331329E+01     ESPe at Nucleus = -2.4855332175E+01
           ESPn =  1.0120860544E+01     ESPn at Nucleus =  1.0120861380E+01

CP# 2      Coords = -4.73774883898310E+00 -1.79234749044926E+00  4.58681201920883E+00
           Type = (3,-3) NACP H2
           Rho =  4.2494077874E-01     Rho at Nucleus =  4.2121020374E-01
           GradRho =  2.1475876633E-15  3.3324037974E-15 -4.0644571042E-15
           HessRho_EigVals = -6.4696430705E+00 -6.4634885709E+00 -5.8663038524E+00
           HessRho_EigVec1 =  6.4082407307E-01  5.2659354316E-01  5.5860876084E-01
           HessRho_EigVec2 =  7.2677147565E-01 -6.5052775373E-01 -2.2049232144E-01
           HessRho_EigVec3 = -2.4728066962E-01 -5.4727770093E-01  7.9958701121E-01
           DelSqRho = -1.8799435494E+01
           Bond Ellipticity = NA
           V = -4.7090665331E+00
           G =  4.6038298209E-03
           K =  4.7044627033E+00
           L =  4.6998588734E+00
           Vnuc =  3.8776982328E+01
           Ven = -1.6477921068E+01
           Vrep =  1.1768854535E+01
           DelSqV =  7.0767756596E+02
           DelSqVen =  7.2898537791E+02
           DelSqVrep = -2.1307811954E+01
           DelSqG =  6.9646762024E+01
           DelSqK = -7.7732432798E+02
           Stress_EigVals = -1.6207284376E+00 -1.6202061329E+00 -1.4681319626E+00
           Stress_EigVec1 =  7.1216517124E-01  4.5811881194E-01  5.3192849428E-01
           Stress_EigVec2 = -6.5746148744E-01  7.0088052116E-01  2.7660601510E-01
           Stress_EigVec3 = -2.4609990127E-01 -5.4671166917E-01  8.0033817189E-01
           -DivStress = -1.9653359615E+00 -4.3436950015E+00  6.3412487995E+00
           ESP =  -1.0975385551E+00     ESP at Nucleus =  -1.1000331492E+00
           ESPe = -1.1457639980E+01     ESPe at Nucleus = -1.1377725218E+01
           ESPn =  1.0360101425E+01     ESPn at Nucleus =  1.0277692069E+01

CP# 3      Coords = -5.35976099684169E+00 -1.05202531610410E+00  7.30030004496145E-01
           Type = (3,-3) NACP C3
           Rho =  1.1766843936E+02     Rho at Nucleus =  1.1766843920E+02
           GradRho = -1.0416223439E-11  8.1500473037E-11 -7.4139314132E-10
           HessRho_EigVals = -1.4498890080E+05 -1.4498792113E+05 -1.4498759343E+05
           HessRho_EigVec1 =  7.4782952571E-01 -6.1053576297E-01 -2.6076250232E-01
           HessRho_EigVec2 =  3.4434569537E-01  6.9252407768E-01 -6.3390570585E-01
           HessRho_EigVec3 =  5.6760641519E-01  3.8426095816E-01  7.2812531440E-01
           DelSqRho = -4.3496441536E+05
           Bond Ellipticity = NA
           V = -1.0875131154E+05
           G =  5.1038496960E+00
           K =  1.0874620769E+05
           L =  1.0874110384E+05
           Vnuc =  4.0163208525E+06
           Ven = -4.7259420667E+08
           Vrep =  4.7248545536E+08
           DelSqV =  2.4949773754E+09
           DelSqVen =  1.7469567140E+12
           DelSqVrep = -1.7444617366E+12
           DelSqG =  1.3401159138E+08
           DelSqK = -2.6289889668E+09
           Stress_EigVals = -3.6250710457E+04 -3.6250552648E+04 -3.6250048434E+04
           Stress_EigVec1 =  5.4050943124E-01  3.1269304242E-01  7.8107145381E-01
           Stress_EigVec2 =  4.0829552589E-01  7.1423130459E-01 -5.6847902959E-01
           Stress_EigVec3 =  7.3562512075E-01 -6.2617625695E-01 -2.5837758602E-01
           -DivStress =  2.9015861882E+01 -1.2882451515E+02  1.2056050063E+03
           ESP =  -1.4723395189E+01     ESP at Nucleus =  -1.4723395205E+01
           ESPe = -2.5661593292E+01     ESPe at Nucleus = -2.5661593230E+01
           ESPn =  1.0938198103E+01     ESPn at Nucleus =  1.0938198025E+01

CP# 4      Coords = -6.72372695619932E+00 -2.54128229806499E+00  5.67072517149091E-01
           Type = (3,-3) NACP H4
           Rho =  4.2911377891E-01     Rho at Nucleus =  4.2549294636E-01
           GradRho =  3.5301622736E-16 -7.0950190167E-16  3.7123082386E-16
           HessRho_EigVals = -6.5591792983E+00 -6.5514050363E+00 -5.9589991668E+00
           HessRho_EigVec1 =  1.1633243835E-01 -2.0538253711E-01  9.7174316423E-01
           HessRho_EigVec2 =  7.2999348006E-01 -6.4574786652E-01 -2.2387320507E-01
           HessRho_EigVec3 =  6.7348072196E-01  7.3540989002E-01  7.4806489141E-02
           DelSqRho = -1.9069583501E+01
           Bond Ellipticity = NA
           V = -4.7764270474E+00
           G =  4.5155859968E-03
           K =  4.7719114614E+00
           L =  4.7673958754E+00
           Vnuc =  3.9931139333E+01
           Ven = -1.7135002096E+01
           Vrep =  1.2358575048E+01
           DelSqV =  7.1871763999E+02
           DelSqVen =  7.6147019583E+02
           DelSqVrep = -4.2752555832E+01
           DelSqG =  7.0968071295E+01
           DelSqK = -7.8968571129E+02
           Stress_EigVals = -1.6429192030E+00 -1.6418158932E+00 -1.4916919512E+00
           Stress_EigVec1 =  1.6822370022E-01 -2.5268199660E-01  9.5281299072E-01
           Stress_EigVec2 =  7.1974060199E-01 -6.2897591646E-01 -2.9387541981E-01
           Stress_EigVec3 =  6.7355345188E-01  7.3521500605E-01  7.6056836328E-02
           -DivStress = -5.2990007890E+00 -5.7858171202E+00 -5.9534683362E-01
           ESP =  -1.0987322822E+00     ESP at Nucleus =  -1.1011585682E+00
           ESPe = -1.1975594811E+01     ESPe at Nucleus = -1.1892468336E+01
           ESPn =  1.0876862529E+01     ESPn at Nucleus =  1.0791309767E+01

CP# 5      Coords = -3.98956349237042E+00  2.74975007314999E+00 -1.74060401885536E+00
           Type = (3,-3) NACP C5
           Rho =  1.1768027530E+02     Rho at Nucleus =  1.1768027525E+02
           GradRho =  8.7126937609E-11  1.0635141118E-10 -3.4975411456E-11
           HessRho_EigVals = -1.4500860869E+05 -1.4500755524E+05 -1.4500740684E+05
           HessRho_EigVec1 =  9.4657995169E-01 -3.2058107089E-01  3.4844971497E-02
           HessRho_EigVec2 = -2.6960149661E-02  2.9002664005E-02  9.9921569033E-01
           HessRho_EigVec3 =  3.2134023306E-01  9.4677696553E-01 -1.8810426643E-02
           DelSqRho = -4.3502357077E+05
           Bond Ellipticity = NA
           V = -1.0876612482E+05
           G =  5.1160650084E+00
           K =  1.0876100876E+05
           L =  1.0875589269E+05
           Vnuc =  7.5881981822E+06
           Ven = -8.9298125109E+08
           Vrep =  8.9287248497E+08
           DelSqV =  2.4953212923E+09
           DelSqVen =  3.3010451743E+12
           DelSqVrep = -3.2985503773E+12
           DelSqG =  1.3403531882E+08
           DelSqK = -2.6293566112E+09
           Stress_EigVals = -3.6255625698E+04 -3.6255527872E+04 -3.6254971252E+04
           Stress_EigVec1 =  3.3243610443E-01  9.3919317700E-01 -8.6037275323E-02
           Stress_EigVec2 =  1.3230485381E-02  8.6572607399E-02  9.9615768727E-01
           Stress_EigVec3 =  9.4303297436E-01 -3.3229709586E-01  1.6353878756E-02
           -DivStress = -3.3006061985E+02 -5.4054716277E+02  1.1367494797E+02
           ESP =  -1.4735623287E+01     ESP at Nucleus =  -1.4735623297E+01
           ESPe = -2.4841330175E+01     ESPe at Nucleus = -2.4841331047E+01
           ESPn =  1.0105706888E+01     ESPn at Nucleus =  1.0105707750E+01

CP# 6      Coords = -3.66259769741703E+00  3.64471586837069E+00 -3.51843363776617E+00
           Type = (3,-3) NACP H6
           Rho =  4.2523269463E-01     Rho at Nucleus =  4.2150428109E-01
           GradRho = -6.7164087876E-12 -1.8375678447E-11  3.6568893746E-11
           HessRho_EigVals = -6.4753393350E+00 -6.4692306748E+00 -5.8717428024E+00
           HessRho_EigVec1 =  3.2694347143E-01  8.1859981695E-01  4.7223119992E-01
           HessRho_EigVec2 =  9.3105467095E-01 -3.6466674730E-01 -1.2464474241E-02
           HessRho_EigVec3 = -1.6200359932E-01 -4.4374824293E-01  8.8138659549E-01
           DelSqRho = -1.8816312812E+01
           Bond Ellipticity = NA
           V = -4.7132762463E+00
           G =  4.5990216389E-03
           K =  4.7086772247E+00
           L =  4.7040782030E+00
           Vnuc =  3.9003011976E+01
           Ven = -1.6585355881E+01
           Vrep =  1.1872079635E+01
           DelSqV =  7.0834637445E+02
           DelSqVen =  7.3389287402E+02
           DelSqVrep = -2.5546499571E+01
           DelSqG =  6.9723529120E+01
           DelSqK = -7.7806990357E+02
           Stress_EigVals = -1.6221528006E+00 -1.6216281715E+00 -1.4694952742E+00
           Stress_EigVec1 =  2.4296509268E-01  8.4700312567E-01  4.7281462418E-01
           Stress_EigVec2 =  9.5634373902E-01 -2.9075848242E-01  2.9430558036E-02
           Stress_EigVec3 = -1.6240263724E-01 -4.4502270729E-01  8.8067029779E-01
           -DivStress =  1.2861875219E+00  3.5169771165E+00 -6.9956274548E+00
           ESP =  -1.0993961163E+00     ESP at Nucleus =  -1.1018898026E+00
           ESPe = -1.1664676812E+01     ESPe at Nucleus = -1.1587551132E+01
           ESPn =  1.0565280696E+01     ESPn at Nucleus =  1.0485661329E+01

CP# 7      Coords = -4.87431592450432E+00  3.81500103324850E-01 -1.60194137321191E+00
           Type = (3,-3) NACP C7
           Rho =  1.1765895736E+02     Rho at Nucleus =  1.1765895716E+02
           GradRho = -3.1363782405E-10 -7.9837743361E-10  4.5587206232E-10
           HessRho_EigVals = -1.4497585629E+05 -1.4497498084E+05 -1.4497462546E+05
           HessRho_EigVec1 =  9.3591532153E-01 -3.4414496546E-01 -7.5011690251E-02
           HessRho_EigVec2 = -2.0712324027E-02 -2.6636992829E-01  9.6364830770E-01
           HessRho_EigVec3 =  3.5161557212E-01  9.0033954931E-01  2.5642773911E-01
           DelSqRho = -4.3492546259E+05
           Bond Ellipticity = NA
           V = -1.0874158318E+05
           G =  5.1087688659E+00
           K =  1.0873647442E+05
           L =  1.0873136565E+05
           Vnuc =  3.6790871409E+06
           Ven = -4.3287755703E+08
           Vrep =  4.3276881544E+08
           DelSqV =  2.4947535961E+09
           DelSqVen =  1.6001286472E+12
           DelSqVrep = -1.5976338936E+12
           DelSqG =  1.3399837777E+08
           DelSqK = -2.6287519739E+09
           Stress_EigVals = -3.6247464303E+04 -3.6247298479E+04 -3.6246820402E+04
           Stress_EigVec1 =  3.5316067048E-01  9.1900279057E-01  1.7524671683E-01
           Stress_EigVec2 = -1.0602962758E-02 -1.8337327383E-01  9.8298617469E-01
           Stress_EigVec3 =  9.3550260182E-01 -3.4901019093E-01 -5.5016075971E-02
           -DivStress =  4.1861359586E+02  1.0746696053E+03 -6.5023623116E+02
           ESP =  -1.4725602238E+01     ESP at Nucleus =  -1.4725602257E+01
           ESPe = -2.5787456517E+01     ESPe at Nucleus = -2.5787456592E+01
           ESPn =  1.1061854279E+01     ESPn at Nucleus =  1.1061854335E+01

CP# 8      Coords = -5.31883555118523E+00 -5.85139919412699E-01 -3.32604274232569E+00
           Type = (3,-3) NACP H8
           Rho =  4.2919918206E-01     Rho at Nucleus =  4.2559228981E-01
           GradRho =  2.1280720242E-15  4.6030887435E-15  8.4810630741E-15
           HessRho_EigVals = -6.5604582432E+00 -6.5525185622E+00 -5.9617382947E+00
           HessRho_EigVec1 =  3.2243201132E-01  7.9130085353E-01 -5.1950029575E-01
           HessRho_EigVec2 =  9.2122885995E-01 -3.8850643435E-01 -2.0003451373E-02
           HessRho_EigVec3 =  2.1765795569E-01  4.7212891213E-01  8.5423609421E-01
           DelSqRho = -1.9074715100E+01
           Bond Ellipticity = NA
           V = -4.7777890736E+00
           G =  4.5551492709E-03
           K =  4.7732339243E+00
           L =  4.7686787750E+00
           Vnuc =  4.0314239839E+01
           Ven = -1.7302838765E+01
           Vrep =  1.2525049691E+01
           DelSqV =  7.1897840760E+02
           DelSqVen =  7.6898263942E+02
           DelSqVrep = -5.0004231823E+01
           DelSqG =  7.0992999325E+01
           DelSqK = -7.8997140692E+02
           Stress_EigVals = -1.6432285591E+00 -1.6421853086E+00 -1.4923752059E+00
           Stress_EigVec1 =  2.4278337002E-01  8.2084355355E-01 -5.1698365142E-01
           Stress_EigVec2 =  9.4525331235E-01 -3.1997340815E-01 -6.4134184145E-02
           Stress_EigVec3 =  2.1806515252E-01  4.7310979558E-01  8.5358931026E-01
           -DivStress = -1.7136867348E+00 -3.7100872111E+00 -6.7068509344E+00
           ESP =  -1.1000034000E+00     ESP at Nucleus =  -1.1024215744E+00
           ESPe = -1.2298801309E+01     ESPe at Nucleus = -1.2217879146E+01
           ESPn =  1.1198797909E+01     ESPn at Nucleus =  1.1115457571E+01

CP# 9      Coords =  1.89032380843575E+00 -2.24937052707394E+00 -4.36141042128365E-01
           Type = (3,-3) NACP C9
           Rho =  1.1767975819E+02     Rho at Nucleus =  1.1767975706E+02
           GradRho =  1.0278798646E-11 -2.8584579148E-11  4.9665827007E-13
           HessRho_EigVals = -1.4500392041E+05 -1.4500371196E+05 -1.4500262553E+05
           HessRho_EigVec1 =  3.2955649635E-01  3.1161395065E-01  8.9122907351E-01
           HessRho_EigVec2 =  6.9673283308E-01  5.5676154253E-01 -4.5230514486E-01
           HessRho_EigVec3 = -6.3714666680E-01  7.7000865613E-01 -3.3627287405E-02
           DelSqRho = -4.3501025790E+05
           Bond Ellipticity = NA
           V = -1.0876287724E+05
           G =  5.1563797834E+00
           K =  1.0875772086E+05
           L =  1.0875256448E+05
           Vnuc =  1.5140831241E+06
           Ven = -1.7817693593E+08
           Vrep =  1.7806817305E+08
           DelSqV =  2.4952416202E+09
           DelSqVen =  6.5864169370E+11
           DelSqVrep = -6.5614645105E+11
           DelSqG =  1.3402733106E+08
           DelSqK = -2.6292689512E+09
           Stress_EigVals = -3.6254681503E+04 -3.6254224372E+04 -3.6253971360E+04
           Stress_EigVec1 =  9.1168682019E-01 -3.8631700810E-01 -1.3995110271E-01
           Stress_EigVec2 =  3.2813053186E-01  8.8953457678E-01 -3.1789713868E-01
           Stress_EigVec3 =  2.4730041642E-01  2.4390040174E-01  9.3773935508E-01
           -DivStress = -1.9100722548E+03 -2.4171176213E+03  9.4599544561E+02
           ESP =  -1.4696727546E+01     ESP at Nucleus =  -1.4696727603E+01
           ESPe = -2.6427973074E+01     ESPe at Nucleus = -2.6427968742E+01
           ESPn =  1.1731245528E+01     ESPn at Nucleus =  1.1731241139E+01

CP# 10     Coords =  4.12569527341056E+00 -3.16590348987766E+00 -7.72930818629950E-01
           Type = (3,-3) NACP C10
           Rho =  1.1766033726E+02     Rho at Nucleus =  1.1766033629E+02
           GradRho = -7.4567019226E-12 -1.0091177893E-11 -1.2859019405E-12
           HessRho_EigVals = -1.4497912576E+05 -1.4497906403E+05 -1.4497793645E+05
           HessRho_EigVec1 =  9.7896965347E-02  7.0664248783E-01  7.0076570875E-01
           HessRho_EigVec2 = -3.2271798011E-01  6.8863880951E-01 -6.4933018978E-01
           HessRho_EigVec3 =  9.4141876415E-01  1.6258223897E-01 -2.9546188601E-01
           DelSqRho = -4.3493612624E+05
           Bond Ellipticity = NA
           V = -1.0874436742E+05
           G =  5.1679298385E+00
           K =  1.0873919949E+05
           L =  1.0873403156E+05
           Vnuc =  1.6441828287E+06
           Ven = -1.9345510614E+08
           Vrep =  1.9334636177E+08
           DelSqV =  2.4948177534E+09
           DelSqVen =  7.1511452262E+11
           DelSqVrep = -7.1261970487E+11
           DelSqG =  1.3400378236E+08
           DelSqK = -2.6288215358E+09
           Stress_EigVals = -3.6248488550E+04 -3.6248055123E+04 -3.6247823747E+04
           Stress_EigVec1 =  9.2682727634E-01 -3.4312258498E-01 -1.5250603761E-01
           Stress_EigVec2 =  2.8356717644E-01  9.0583883542E-01 -3.1471520568E-01
           Stress_EigVec3 =  2.4613178641E-01  2.4844093043E-01  9.3685444323E-01
           -DivStress = -4.8964182614E+02 -2.8380117830E+03  7.1488634963E+02
           ESP =  -1.4694438980E+01     ESP at Nucleus =  -1.4694439029E+01
           ESPe = -2.5498310102E+01     ESPe at Nucleus = -2.5498305856E+01
           ESPn =  1.0803871122E+01     ESPn at Nucleus =  1.0803866827E+01

CP# 11     Coords =  3.86648118321723E+00 -3.69646499533214E-01 -1.31554353878076E+00
           Type = (3,-3) NACP C11
           Rho =  1.1738204902E+02     Rho at Nucleus =  1.1738204747E+02
           GradRho =  2.8965496668E-11  2.4467095017E-12  9.3089980169E-12
           HessRho_EigVals = -1.4461976137E+05 -1.4461875331E+05 -1.4461776655E+05
           HessRho_EigVec1 =  3.9154134481E-01  8.9709924033E-01  2.0471523710E-01
           HessRho_EigVec2 =  5.0198852262E-02 -2.4297141693E-01  9.6873369188E-01
           HessRho_EigVec3 =  9.1879021030E-01 -3.6902282254E-01 -1.4016670756E-01
           DelSqRho = -4.3385628123E+05
           Bond Ellipticity = NA
           V = -1.0847447661E+05
           G =  5.2031518269E+00
           K =  1.0846927346E+05
           L =  1.0846407031E+05
           Vnuc =  1.2975954538E+06
           Ven = -1.5231441316E+08
           Vrep =  1.5220593869E+08
           DelSqV =  2.4886336859E+09
           DelSqVen =  5.6296994406E+11
           DelSqVrep = -5.6048130833E+11
           DelSqG =  1.3365394759E+08
           DelSqK = -2.6222876334E+09
           Stress_EigVals = -3.6158270828E+04 -3.6158245944E+04 -3.6157959838E+04
           Stress_EigVec1 =  9.1779344559E-01 -3.5867423590E-01 -1.7031730310E-01
           Stress_EigVec2 =  5.9613399444E-02 -2.9961130050E-01  9.5219709684E-01
           Stress_EigVec3 =  3.9255755481E-01  8.8407344781E-01  2.5359949732E-01
           -DivStress =  1.4718827802E+02  1.6837482721E+03 -3.3422631964E+03
           ESP =  -1.4666877846E+01     ESP at Nucleus =  -1.4666877923E+01
           ESPe = -2.6691043878E+01     ESPe at Nucleus = -2.6691039317E+01
           ESPn =  1.2024166032E+01     ESPn at Nucleus =  1.2024161394E+01

CP# 12     Coords = -3.31139570730718E-02 -2.40522270136524E+00  9.93602171519024E-02
           Type = (3,-3) NACP H12
           Rho =  4.0763301284E-01     Rho at Nucleus =  4.0349902483E-01
           GradRho =  4.2327252814E-16 -2.2811613709E-16 -1.2300273647E-16
           HessRho_EigVals = -6.2151615476E+00 -6.2122891371E+00 -5.5749231317E+00
           HessRho_EigVec1 = -1.2850069716E-01  9.7780637933E-01 -1.6547584530E-01
           HessRho_EigVec2 =  2.4989769563E-01  1.9340130059E-01  9.4876081214E-01
           HessRho_EigVec3 =  9.5970761826E-01  8.0564393378E-02 -2.6920376292E-01
           DelSqRho = -1.8002373816E+01
           Bond Ellipticity = NA
           V = -4.5096743770E+00
           G =  4.5404614254E-03
           K =  4.5051339155E+00
           L =  4.5005934541E+00
           Vnuc =  3.9247882821E+01
           Ven = -1.5998732722E+01
           Vrep =  1.1489058345E+01
           DelSqV =  6.7590174040E+02
           DelSqVen =  7.0655505804E+02
           DelSqVrep = -3.0653317642E+01
           DelSqG =  6.6613050326E+01
           DelSqK = -7.4251479072E+02
           Stress_EigVals = -1.5571907825E+00 -1.5566033553E+00 -1.3958802392E+00
           Stress_EigVec1 = -1.4279922597E-01  9.6249323825E-01 -2.3068408567E-01
           Stress_EigVec2 =  2.4030769679E-01  2.5981475339E-01  9.3527990719E-01
           Stress_EigVec3 =  9.6013571537E-01  7.8122085502E-02 -2.6839587894E-01
           -DivStress = -7.8732677844E+00 -6.1654454116E-01  2.1977666944E+00
           ESP =  -1.0425194053E+00     ESP at Nucleus =  -1.0454113405E+00
           ESPe = -1.3914543040E+01     ESPe at Nucleus = -1.3855188646E+01
           ESPn =  1.2872023634E+01     ESPn at Nucleus =  1.2809777305E+01

CP# 13     Coords =  5.43606922711278E+00 -4.67907541120069E+00 -7.40711580690118E-01
           Type = (3,-3) NACP H13
           Rho =  4.1228316302E-01     Rho at Nucleus =  4.0827890382E-01
           GradRho = -9.1975038696E-15  1.1627851459E-14 -3.2612801348E-16
           HessRho_EigVals = -6.2973084358E+00 -6.2943176066E+00 -5.6675336966E+00
           HessRho_EigVec1 =  7.3167501868E-01  6.2094984722E-01 -2.8119913633E-01
           HessRho_EigVec2 =  2.0202179567E-01  1.9645586875E-01  9.5947500525E-01
           HessRho_EigVec3 = -6.5102907854E-01  7.5883224686E-01 -1.8296448279E-02
           DelSqRho = -1.8259159739E+01
           Bond Ellipticity = NA
           V = -4.5735812498E+00
           G =  4.3956575281E-03
           K =  4.5691855923E+00
           L =  4.5647899347E+00
           Vnuc =  3.7428384932E+01
           Ven = -1.5431092926E+01
           Vrep =  1.0857511676E+01
           DelSqV =  6.8636137397E+02
           DelSqVen =  6.8341085924E+02
           DelSqVrep =  2.9505147382E+00
           DelSqG =  6.7736991359E+01
           DelSqK = -7.5409836533E+02
           Stress_EigVals = -1.5777824861E+00 -1.5772243283E+00 -1.4185744353E+00
           Stress_EigVec1 =  7.0964029425E-01  6.0396400574E-01 -3.6281969702E-01
           Stress_EigVec2 =  2.6424038710E-01  2.4922552341E-01  9.3169933793E-01
           Stress_EigVec3 = -6.5313679318E-01  7.5704300951E-01 -1.7268791097E-02
           -DivStress =  5.3134913001E+00 -6.1381454894E+00  1.3813637796E-01
           ESP =  -1.0383882186E+00     ESP at Nucleus =  -1.0411757147E+00
           ESPe = -1.1465515543E+01     ESPe at Nucleus = -1.1376541575E+01
           ESPn =  1.0427127325E+01     ESPn at Nucleus =  1.0335365861E+01

CP# 14     Coords = -3.60060609528024E+00  3.84774235559672E+00 -9.14461747464759E-02
           Type = (3,-3) NACP H14
           Rho =  4.2428323743E-01     Rho at Nucleus =  4.2055173405E-01
           GradRho = -1.8331690332E-15 -6.5034783114E-15 -8.1427919962E-15
           HessRho_EigVals = -6.4598896652E+00 -6.4538174651E+00 -5.8570953045E+00
           HessRho_EigVec1 =  3.2599339467E-01  7.5012232634E-01 -5.7536492955E-01
           HessRho_EigVec2 =  9.2573634954E-01 -3.7669139173E-01  3.3403690576E-02
           HessRho_EigVec3 =  1.9167816198E-01  5.4352561201E-01  8.1721440963E-01
           DelSqRho = -1.8770802435E+01
           Bond Ellipticity = NA
           V = -4.7019449995E+00
           G =  4.6221954262E-03
           K =  4.6973228041E+00
           L =  4.6927006087E+00
           Vnuc =  3.9790195089E+01
           Ven = -1.6882312791E+01
           Vrep =  1.2180367791E+01
           DelSqV =  7.0658934728E+02
           DelSqVen =  7.4689389086E+02
           DelSqVrep = -4.0304543577E+01
           DelSqG =  6.9542931621E+01
           DelSqK = -7.7613227890E+02
           Stress_EigVals = -1.6182876912E+00 -1.6177185882E+00 -1.4659387202E+00
           Stress_EigVec1 =  2.4926117754E-01  7.7736855068E-01 -5.7755259655E-01
           Stress_EigVec2 =  9.4937117982E-01 -3.1389714967E-01 -1.2764887802E-02
           Stress_EigVec3 =  1.9121513617E-01  5.4512999903E-01  8.1625367126E-01
           -DivStress =  1.5171721139E+00  4.3150455355E+00  6.4763429701E+00
           ESP =  -1.1003263289E+00     ESP at Nucleus =  -1.1028086247E+00
           ESPe = -1.2498815864E+01     ESPe at Nucleus = -1.2430842593E+01
           ESPn =  1.1398489535E+01     ESPn at Nucleus =  1.1328033968E+01

CP# 15     Coords = -2.81793893700778E+00  7.20950145626438E-01  3.24818419335138E+00
           Type = (3,-3) NACP H15
           Rho =  4.2378639143E-01     Rho at Nucleus =  4.2006574882E-01
           GradRho = -2.0383000843E-16 -2.6020852140E-17 -1.2576745201E-15
           HessRho_EigVals = -6.4504724940E+00 -6.4442273847E+00 -5.8497872118E+00
           HessRho_EigVec1 =  4.0227613106E-02 -2.2942085403E-01  9.7249566111E-01
           HessRho_EigVec2 = -7.0975561389E-01  6.7850231095E-01  1.8942434526E-01
           HessRho_EigVec3 =  7.0329844852E-01  6.9785434424E-01  1.3553821063E-01
           DelSqRho = -1.8744487090E+01
           Bond Ellipticity = NA
           V = -4.6954410618E+00
           G =  4.6596445902E-03
           K =  4.6907814172E+00
           L =  4.6861217726E+00
           Vnuc =  4.0276173219E+01
           Ven = -1.7068494109E+01
           Vrep =  1.2373053047E+01
           DelSqV =  7.0560911598E+02
           DelSqVen =  7.5495620896E+02
           DelSqVrep = -4.9347092979E+01
           DelSqG =  6.9431346997E+01
           DelSqK = -7.7504046298E+02
           Stress_EigVals = -1.6159356710E+00 -1.6153776672E+00 -1.4641277236E+00
           Stress_EigVec1 =  1.0785318865E-01 -2.9546375612E-01  9.4924646879E-01
           Stress_EigVec2 = -7.0182911312E-01  6.5363426170E-01  2.8319277518E-01
           Stress_EigVec3 =  7.0413321586E-01  6.9675205113E-01  1.3686852658E-01
           -DivStress =  5.5663850894E+00  5.5167514822E+00  1.0798013132E+00
           ESP =  -1.0978044360E+00     ESP at Nucleus =  -1.1002786314E+00
           ESPe = -1.2959281275E+01     ESPe at Nucleus = -1.2899926969E+01
           ESPn =  1.1861476839E+01     ESPn at Nucleus =  1.1799648337E+01

CP# 16     Coords =  3.84443085943970E+00  2.93255732565528E-01 -3.23402441240788E+00
           Type = (3,-3) NACP H16
           Rho =  4.2706493434E-01     Rho at Nucleus =  4.2342064764E-01
           GradRho =  1.4398130257E-11 -4.7777888763E-10  1.3673914705E-09
           HessRho_EigVals = -6.5217981678E+00 -6.5122660046E+00 -5.9185875167E+00
           HessRho_EigVec1 =  3.9441703842E-01  8.6909515936E-01  2.9851097766E-01
           HessRho_EigVec2 =  9.1887533600E-01 -3.6941062552E-01 -1.3857816077E-01
           HessRho_EigVec3 =  1.0164481735E-02 -3.2895196265E-01  9.4429195145E-01
           DelSqRho = -1.8952651689E+01
           Bond Ellipticity = NA
           V = -4.7479730903E+00
           G =  4.9050840226E-03
           K =  4.7430680063E+00
           L =  4.7381629223E+00
           Vnuc =  4.0846885998E+01
           Ven = -1.7444272687E+01
           Vrep =  1.2696299597E+01
           DelSqV =  7.1410470931E+02
           DelSqVen =  7.7415680531E+02
           DelSqVrep = -6.0052096006E+01
           DelSqG =  7.0466960732E+01
           DelSqK = -7.8457167004E+02
           Stress_EigVals = -1.6332698242E+00 -1.6325501476E+00 -1.4821531185E+00
