AIMSum (Version 19.02.13, Professional)
Copyright (c) 1997-2019 by Todd A. Keith
AIMSum is a component of the AIMAll package ( http://aim.tkgristmill.com )

TP:  64-bit Linux

Much of the Quantum Theory of Atoms in Molecules (QTAIM) is described in the book:
  "Atoms in Molecules - A Quantum Theory"
  R.F.W. Bader, Oxford University Press, Oxford, 1990

For additional references see:  http://aim.tkgristmill.com/references.html

Wfn File:  /home/mhennefarth/Documents/ML_Diels/summary-levandowski2018/r_14-opt/r_14-opt.wfn
Sum File:  /home/mhennefarth/Documents/ML_Diels/summary-levandowski2018/r_14-opt/r_14-opt.sum

SumViz File:  /home/mhennefarth/Documents/ML_Diels/summary-levandowski2018/r_14-opt/r_14-opt.sumviz

Wfn Title:   Title Card Required                                                           
 
Total memory allocated for AIMSum =        0.887 Megabytes

Atomic units (a.u.) used throughout, except where stated otherwise

Model:  Restricted SCF
 
Restricted, closed-shell, single-determinant wavefunction.
  Number of electrons (from MO Occs)                   =          60.0000000000
  Number of Alpha electrons (from MO Occs)             =          30.0000000000
  Number of Beta electrons (from MO Occs)              =          30.0000000000
  Number of electron pairs (N*(N-1)/2)                 =        1770.0000000000
  Number of electron pairs (from Muller 2EDM)          =        1770.0000000000
 
Nuclear Charges and Cartesian Coordinates:
-------------------------------------------------------------------------------
Atom      Charge                X                  Y                  Z
-------------------------------------------------------------------------------
C1         6.0          -1.6852143200E+00  -1.3978511700E+00  -1.9355880000E-02
H2         1.0           1.5545195000E-01  -2.3664129300E+00  -5.7721160000E-02
C3         6.0          -1.7935336800E+00   4.2304438000E-01  -2.2360702400E+00
H4         1.0          -1.8512066200E+00  -1.9847833000E-01  -4.1870516300E+00
C5         6.0          -1.7268772100E+00   2.8085514800E+00  -1.3614447400E+00
H6         1.0          -1.7079327600E+00   4.5241976500E+00  -2.4857015600E+00
C7         6.0          -1.7309710900E+00   3.6193354000E-01   2.2482888800E+00
H8         1.0          -1.7342057300E+00  -3.1261029000E-01   4.1824339200E+00
C9         6.0          -1.6876503100E+00   2.7703357700E+00   1.4375923900E+00
H10        1.0          -1.6360814600E+00   4.4548116200E+00   2.6070214400E+00
C11        6.0           5.7157248400E+00  -3.5888316000E-01  -1.2777226000E+00
H12        1.0           4.2727843000E+00   6.8858499000E-01  -2.2987686300E+00
H13        1.0           7.1162570000E+00  -1.3414428900E+00  -2.4169891800E+00
C14        6.0           5.7578507200E+00  -4.3465753000E-01   1.2379158500E+00
H15        1.0           7.1945595800E+00  -1.4823601900E+00   2.2689347900E+00
H16        1.0           4.3510589600E+00   5.4863542000E-01   2.3673251500E+00
O17        8.0          -3.5122005200E+00  -3.3730930700E+00  -2.0854650000E-02
H18        1.0          -5.1590547400E+00  -2.5650203700E+00   1.2132120000E-02
 
Some Atomic Properties:
----------------------
  q(A) = Net Charge of Atom A
  L(A) = Lagrangian of Atom A = -(1/4) Times Atomic Integral of the Laplacian of the Electron Density
  K(A) = Electronic Kinetic Energy of Atom A (Hamiltonian Form)
  K_Scaled(A) = K(A) * E(Mol)/K(Mol) = Approximation to Virial-Based Total Energy of Atom A.
  |Mu_Intra(A)| = Magnitude of Intraatomic Dipole Moment of Atom A
--------------------------------------------------------------------------------------------------
Atom A          q(A)              L(A)              K(A)          K_Scaled(A)      |Mu_Intra(A)|
--------------------------------------------------------------------------------------------------
C1        5.1710434110E-01 -2.9399300574E-04  3.7393201267E+01 -3.7752788126E+01  5.3873339140E-01
H2        6.5373676980E-02  3.9755014428E-05  5.9477701596E-01 -6.0049661181E-01  1.4601552607E-01
C3       -7.9881871300E-02  1.4317889433E-04  3.7760123526E+01 -3.8123238845E+01  1.6575697889E-01
H4        5.8946217170E-02  2.0748854398E-05  5.8604102649E-01 -5.9167661383E-01  1.4864671464E-01
C5       -6.2078334500E-02  8.1369716833E-05  3.7729706446E+01 -3.8092529263E+01  1.5141255027E-01
H6        4.9811924670E-02  1.8344219683E-05  5.9117107535E-01 -5.9685599514E-01  1.4901273498E-01
C7       -8.0000796400E-02 -9.8459387979E-05  3.7760081957E+01 -3.8123196877E+01  1.6584659733E-01
H8        5.8878197530E-02  2.0854501555E-05  5.8605807109E-01 -5.9169382234E-01  1.4867141637E-01
C9       -6.1882639400E-02 -2.0269370253E-05  3.7729633522E+01 -3.8092455638E+01  1.5162923808E-01
H10       4.9807578840E-02  2.1561460073E-05  5.9117817655E-01 -5.9686316463E-01  1.4902525359E-01
C11      -8.4750292900E-02 -4.6243513510E-05  3.7695769204E+01 -3.8058265668E+01  9.4219160133E-02
H12       4.6745598900E-02  2.5391572772E-05  5.9285906316E-01 -5.9856021527E-01  1.4403867899E-01
H13       3.7712652630E-02  2.4224418492E-05  5.9652730225E-01 -6.0226372951E-01  1.4764374054E-01
C14      -8.4536300700E-02 -2.6940459255E-05  3.7695667465E+01 -3.8058162951E+01  9.3958501562E-02
H15       3.7758940810E-02  2.5350507816E-05  5.9650743784E-01 -6.0224367407E-01  1.4765562602E-01
H16       4.6145070050E-02  2.1704666199E-05  5.9307822881E-01 -5.9878148850E-01  1.4441351035E-01
O17      -1.0604626220E+00 -1.7515626282E-04  7.5108365667E+01 -7.5830635501E+01  1.6121547698E-01
H18       5.4518035412E-01  1.6260374274E-05  3.7733967184E-01 -3.8096830974E-01  1.7700296159E-01
--------------------------------------------------------------------------------------------------
Total    -1.2830440000E-04 -2.0231779870E-04  3.4457808612E+02 -3.4789167649E+02
 
1st Largest |L(A)| = 2.9399300574E-04, atom C1      
2nd Largest |L(A)| = 1.7515626282E-04, atom O17     
 
Molecular charge q(Mol) from the wfn file:   0.0000000000E+00
Molecular energy E(Mol) from the wfn file:  -3.4789177034E+02
Molecular virial ratio (-V(Mol)/T(Mol)) from the wfn file:   2.0096163700E+00
Note.  K_Scaled(A) = (1+V(Mol)/T(Mol))*K(A) = (E(Mol)/T(Mol))*K(A)
       Only use K_Scaled(A) data with caution.
 
N_AIMInt(SumA)     =         60.000128
N_Analytic(Mol)    =         59.999989
 
G_AIMInt(SumA)     =        344.578288
G_Analytic(Mol)    =        344.578151
 
K_AIMInt(SumA)     =        344.578086
K_Analytic(Mol)    =        344.578151
 
L_AIMInt(SumA)     =         -0.000202
L_Analytic(Mol)    =          0.000000
 
VenT_AIMInt(SumA)  =      -1479.210680
VenT_Analytic(Mol) =      -1479.209263
 
Some Information About the Atomic Calculations:
----------------------------------------------
  Time(sec) = "Elapsed User Time", in Seconds, for Atom A by AIMInt and, if used, by TWOe
  NProc = Number of Processors Used for AIMInt Job
  BIM = Basin Integration Method
  OAQ = Angular Quadrature Outside of Beta Sphere
  ORQ = Multiple of Default for Radial Quadrature Outside of Beta Sphere
  IAQ = Multiple of Default for Angular Quadrature Inside of Beta Sphere
  IRQ = Multiple of Default for Radial Quadrature Inside of Beta Sphere
  MIR = Maximum Integration Radius
------------------------------------------------------------------------------------------------------
Atom A     Time(sec)   NProc      BIM          OAQ                     ORQ      IAQ      IRQ      MIR
------------------------------------------------------------------------------------------------------
C1             27        8     Proaim(5)    5400(GS5)                  1.00     1.00     1.00    13.00
H2             15        8     Proaim(5)    4500(GS4)                  1.00     1.00     1.00    13.00
C3             27        8     Proaim(5)    4500(GS4)                  1.00     1.00     1.00    13.00
H4              5        8     Proaim(5)    1800(GS4)                  1.00     1.00     1.00    13.00
C5             20        8     Proaim(5)    4500(GS4)                  1.00     1.00     1.00    13.00
H6              5        8     Proaim(5)    1800(GS4)                  1.00     1.00     1.00    13.00
C7             25        8     Proaim(5)    4500(GS4)                  1.00     1.00     1.00    13.00
H8              6        8     Proaim(5)    1800(GS4)                  1.00     1.00     1.00    13.00
C9             20        8     Proaim(5)    4500(GS4)                  1.00     1.00     1.00    13.00
H10             5        8     Proaim(5)    1800(GS4)                  1.00     1.00     1.00    13.00
C11            26        8     Proaim(5)    4500(GS4)                  1.00     1.00     1.00    13.00
H12            12        8     Proaim(5)    4500(GS4)                  1.00     1.00     1.00    13.00
H13             5        8     Proaim(5)    1800(GS4)                  1.00     1.00     1.00    13.00
C14            21        8     Proaim(5)    4500(GS4)                  1.00     1.00     1.00    13.00
H15             4        8     Proaim(5)    1800(GS4)                  1.00     1.00     1.00    13.00
H16            12        8     Proaim(5)    4500(GS4)                  1.00     1.00     1.00    13.00
O17            14        8     Proaim(5)    4500(GS4)                  1.00     1.00     1.00    13.00
H18             4        8     Proaim(5)    1800(GS4)                  1.00     1.00     1.00    13.00
------------------------------------------------------------------------------------------------------
Total         253
Note:  Total wall clock time is less than total of atomic times if more than one atom
       was calculated at a time
 
Electron Density Critical Point Analysis of Molecular Structure:               
---------------------------------------------------------------                
  NACP = Nuclear Attractor Critical Point                                      
  NNACP = Non-Nuclear Attractor Critical Point                                 
  BCP = Bond Critical Point                                                    
  RCP = Ring Critical Point                                                    
  CCP = Cage Critical Point                                                    
  Rho = Electron Density                                                       
  GradRho = Gradient of Electron Density                                       
  HessRho_EigVals = Eigenvalues of the Hessian of Rho, Ascending Order         
  HessRho_EigVecs = Eigenvectors of the Hessian of Rho                         
  DelSqRho = Laplacian of Rho = Trace of Hessian of Rho                        
  Bond Ellipticity = (HessRho_EigVal(1) / HessRho_EigVal(2)) - 1               
  V = Virial Field = Potential Energy Density = Trace of Stress Tensor         
  G = Lagrangian Form of Kinetic Energy Density                                
  K = Hamiltonian Form of Kinetic Energy Density                               
  L = K - G = Lagrangian Density = (-1/4)DelSqRho                              
  Vnuc = Electrostatic Potential from Nuclei                                   
  Ven = Electron-nuclear attractive contribution to Virial Field V             
  Vrep = V - Ven = Repulsive contribution to Virial Field V                    
  DelSqV = Laplacian of V                                                      
  DelSqVen = Laplacian of Ven                                                  
  DelSqVrep = Laplacian of Vrep                                                
  DelSqG = Laplacian of G                                                      
  DelSqK = Laplacian of K                                                      
  Stress_EigVals = Eigenvalues of Stress Tensor, Ascending Order               
  Stress_EigVecs = Eigenvectors of Stress Tensor                               
  -DivStress = Ehrenfest Force Density = Minus Divergence of Stress Tensor     
  ESP = Total Electrostatic Potential                                          
  ESPe = Electrostatic Potential from Electrons                                
  ESPn = Electrostatic Potential from Nuclei                                   
  BP = Bond Path                                                               
  BPL = Bond Path Length                                                       
  GBL = Geometric Bond Length                                                  
  GBL_I = Distance Between Nuclear Attractors                                  
  GBL_II = Distance Between Nuclei                                             
  GBL_III = Sum of Distances Between BCP and Nuclear Attractors                
  GBL_IV = Sum of Distances Between BCP and Nuclei                             

CP# 1      Coords = -1.68521800132158E+00 -1.39785397166632E+00 -1.93558681589816E-02
           Type = (3,-3) NACP C1
           Rho =  1.1753505898E+02     Rho at Nucleus =  1.1753505744E+02
           GradRho = -6.2703175985E-12  2.5046631436E-13 -1.9988871669E-13
           HessRho_EigVals = -1.4482226741E+05 -1.4482087919E+05 -1.4482031674E+05
           HessRho_EigVec1 =  7.4837810643E-01  6.6327067608E-01 -1.4899898743E-03
           HessRho_EigVec2 =  1.3952310589E-02 -1.3496593452E-02  9.9981156974E-01
           HessRho_EigVec3 = -6.6312558603E-01  7.4825787815E-01  1.9354713527E-02
           DelSqRho = -4.3446346334E+05
           Bond Ellipticity = NA
           V = -1.0862597267E+05
           G =  5.0534195930E+00
           K =  1.0862091926E+05
           L =  1.0861586584E+05
           Vnuc =  1.2969780223E+06
           Ven = -1.5244038835E+08
           Vrep =  1.5233176238E+08
           DelSqV =  2.4921126154E+09
           DelSqVen =  5.6348956467E+11
           DelSqVrep = -5.6099745206E+11
           DelSqG =  1.3385388685E+08
           DelSqK = -2.6259665022E+09
           Stress_EigVals = -3.6208907908E+04 -3.6208702796E+04 -3.6208361971E+04
           Stress_EigVec1 =  6.7633661752E-01 -7.3634288174E-01 -1.9181770419E-02
           Stress_EigVec2 =  1.3864307308E-02 -1.3310767030E-02  9.9981528517E-01
           Stress_EigVec3 =  7.3646219237E-01  6.7647763007E-01 -1.2063248469E-03
           -DivStress =  2.9835917279E+03  2.2655547290E+03 -9.6685092877E+00
           ESP =  -1.4684322023E+01     ESP at Nucleus =  -1.4684322129E+01
           ESPe = -2.8176954867E+01     ESPe at Nucleus = -2.8176955372E+01
           ESPn =  1.3492632844E+01     ESPn at Nucleus =  1.3492633243E+01

CP# 2      Coords =  1.25097619480289E-01 -2.35039082746860E+00 -5.70902942708209E-02
           Type = (3,-3) NACP H2
           Rho =  4.2443338906E-01     Rho at Nucleus =  4.2086324323E-01
           GradRho = -5.4547859285E-13  2.8886376797E-13  1.1333029784E-14
           HessRho_EigVals = -6.5029828525E+00 -6.4968674872E+00 -5.9067266691E+00
           HessRho_EigVec1 =  4.6516051382E-01  8.8520787215E-01  5.7200929478E-03
           HessRho_EigVec2 =  1.3618357582E-02 -1.3616863009E-02  9.9981454349E-01
           HessRho_EigVec3 =  8.8512159431E-01 -4.6499634850E-01 -1.8389104331E-02
           DelSqRho = -1.8906577009E+01
           Bond Ellipticity = NA
           V = -4.7357041547E+00
           G =  4.5299512772E-03
           K =  4.7311742035E+00
           L =  4.7266442522E+00
           Vnuc =  4.2746933961E+01
           Ven = -1.8143226053E+01
           Vrep =  1.3407521898E+01
           DelSqV =  7.1275643716E+02
           DelSqVen =  8.0819819882E+02
           DelSqVrep = -9.5441761660E+01
           DelSqG =  7.0556209555E+01
           DelSqK = -7.8331264672E+02
           Stress_EigVals = -1.6284479839E+00 -1.6279449241E+00 -1.4793112468E+00
           Stress_EigVec1 =  4.6266954772E-01  8.8650186657E-01  7.1645088490E-03
           Stress_EigVec2 =  1.2970454375E-02 -1.4849546174E-02  9.9980561025E-01
           Stress_EigVec3 =  8.8643592940E-01 -4.6248668256E-01 -1.8368764826E-02
           -DivStress =  6.8788341353E+00 -3.6269570807E+00 -1.4290115585E-01
           ESP =  -1.1060144750E+00     ESP at Nucleus =  -1.1083887160E+00
           ESPe = -1.4723192986E+01     ESPe at Nucleus = -1.4641368657E+01
           ESPn =  1.3617178511E+01     ESPn at Nucleus =  1.3532979941E+01

CP# 3      Coords = -1.79353303167873E+00  4.23043582873144E-01 -2.23607028774514E+00
           Type = (3,-3) NACP C3
           Rho =  1.1770614315E+02     Rho at Nucleus =  1.1770614307E+02
           GradRho =  1.3766873752E-10 -1.9124901662E-10  9.9920072216E-13
           HessRho_EigVals = -1.4504376121E+05 -1.4504298287E+05 -1.4504264343E+05
           HessRho_EigVec1 =  9.8375048057E-01 -1.5338183800E-01  9.3322043181E-02
           HessRho_EigVec2 = -1.3159995159E-01 -2.6242766453E-01  9.5593575811E-01
           HessRho_EigVec3 =  1.2213289775E-01  9.5268343780E-01  2.7834838355E-01
           DelSqRho = -4.3512938751E+05
           Bond Ellipticity = NA
           V = -1.0879264425E+05
           G =  5.1486837944E+00
           K =  1.0878749556E+05
           L =  1.0878234688E+05
           Vnuc =  5.8332020525E+06
           Ven = -6.8660371579E+08
           Vrep =  6.8649492315E+08
           DelSqV =  2.4959297602E+09
           DelSqVen =  2.5381978767E+12
           DelSqVrep = -2.5357019470E+12
           DelSqG =  1.3407098340E+08
           DelSqK = -2.6300007436E+09
           Stress_EigVals = -3.6264485086E+04 -3.6264293680E+04 -3.6263865479E+04
           Stress_EigVec1 =  5.0494088586E-02  7.9155826168E-01  6.0900399455E-01
           Stress_EigVec2 = -7.1099548632E-02 -6.0538564327E-01  7.9275032457E-01
           Stress_EigVec3 =  9.9619034386E-01 -8.3329114243E-02  2.5711038821E-02
           -DivStress = -5.2833003744E+02  6.4626275482E+02  3.4482093994E+01
           ESP =  -1.4745863979E+01     ESP at Nucleus =  -1.4745863988E+01
           ESPe = -2.7105683717E+01     ESPe at Nucleus = -2.7105683847E+01
           ESPn =  1.2359819738E+01     ESPn at Nucleus =  1.2359819858E+01

CP# 4      Coords = -1.85017527999358E+00 -1.87756734426132E-01 -4.15335838715668E+00
           Type = (3,-3) NACP H4
           Rho =  4.2322515111E-01     Rho at Nucleus =  4.1946933894E-01
           GradRho =  1.4212426017E-10  1.4786495292E-09  4.6563196875E-09
           HessRho_EigVals = -6.4490253973E+00 -6.4433489068E+00 -5.8434048020E+00
           HessRho_EigVec1 = -5.0397817628E-02  9.5280310368E-01 -2.9937652814E-01
           HessRho_EigVec2 =  9.9831017540E-01  3.9377578792E-02 -4.2734061172E-02
           HessRho_EigVec3 =  2.8928423292E-02  3.0102433774E-01  9.5317757759E-01
           DelSqRho = -1.8735779106E+01
           Bond Ellipticity = NA
           V = -4.6932128663E+00
           G =  4.6340448923E-03
           K =  4.6885788214E+00
           L =  4.6839447765E+00
           Vnuc =  4.0109309248E+01
           Ven = -1.6975268467E+01
           Vrep =  1.2282055601E+01
           DelSqV =  7.0528061968E+02
           DelSqVen =  7.5147916595E+02
           DelSqVrep = -4.6198546275E+01
           DelSqG =  6.9463344730E+01
           DelSqK = -7.7474396441E+02
           Stress_EigVals = -1.6155731233E+00 -1.6151943736E+00 -1.4624453694E+00
           Stress_EigVec1 =  6.9241067770E-05  9.5291368162E-01 -3.0324167026E-01
           Stress_EigVec2 =  9.9956679742E-01 -8.9908068706E-03 -2.8024683402E-02
           Stress_EigVec3 =  2.9431491529E-02  3.0310836473E-01  9.5250149949E-01
           -DivStress = -2.3209099054E-01 -2.4102283303E+00 -7.5727123206E+00
           ESP =  -1.0980273762E+00     ESP at Nucleus =  -1.1005954084E+00
           ESPe = -1.2937206937E+01     ESPe at Nucleus = -1.2846030005E+01
           ESPn =  1.1839179560E+01     ESPn at Nucleus =  1.1745434596E+01

CP# 5      Coords = -1.72687691325090E+00  2.80855264161497E+00 -1.36144364463413E+00
           Type = (3,-3) NACP C5
           Rho =  1.1768426348E+02     Rho at Nucleus =  1.1768426329E+02
           GradRho =  1.6173479223E-10  7.1196470941E-10  6.4795602217E-10
           HessRho_EigVals = -1.4500997707E+05 -1.4500905791E+05 -1.4500869454E+05
           HessRho_EigVec1 =  9.9912421555E-01 -4.0833719314E-02  9.1328673142E-03
           HessRho_EigVec2 = -1.5015230495E-02 -1.4616191533E-01  9.8914672186E-01
           HessRho_EigVec3 =  3.9055662222E-02  9.8841757465E-01  1.4664703670E-01
           DelSqRho = -4.3502772951E+05
           Bond Ellipticity = NA
           V = -1.0876716857E+05
           G =  5.1180978408E+00
           K =  1.0876205048E+05
           L =  1.0875693238E+05
           Vnuc =  3.6946913513E+06
           Ven = -4.3480703046E+08
           Vrep =  4.3469826330E+08
           DelSqV =  2.4953410362E+09
           DelSqVen =  1.6072931328E+12
           DelSqVrep = -1.6047978000E+12
           DelSqG =  1.3403271816E+08
           DelSqK = -2.6293737544E+09
           Stress_EigVals = -3.6256010336E+04 -3.6255816039E+04 -3.6255342200E+04
           Stress_EigVec1 =  2.8696756426E-02  9.9944757723E-01 -1.6764144462E-02
           Stress_EigVec2 =  3.8370831468E-03  1.6660786119E-02  9.9985383682E-01
           Stress_EigVec3 =  9.9958079862E-01 -2.8756887433E-02 -3.3568529336E-03
           -DivStress = -2.4028231627E+02 -9.3905660779E+02 -8.9359256774E+02
           ESP =  -1.4735252878E+01     ESP at Nucleus =  -1.4735252898E+01
           ESPe = -2.6569053913E+01     ESPe at Nucleus = -2.6569054769E+01
           ESPn =  1.1833801034E+01     ESPn at Nucleus =  1.1833801871E+01

CP# 6      Coords = -1.70826969586804E+00  4.49494853676340E+00 -2.46635920739581E+00
           Type = (3,-3) NACP H6
           Rho =  4.2592485021E-01     Rho at Nucleus =  4.2220282257E-01
           GradRho = -5.2215176627E-16 -1.2351773250E-14  7.5165568214E-15
           HessRho_EigVals = -6.5006697890E+00 -6.4951333651E+00 -5.8948472011E+00
           HessRho_EigVec1 =  1.9116316975E-02  5.5176976698E-01  8.3377736277E-01
           HessRho_EigVec2 =  9.9977487331E-01 -1.8228692755E-02 -1.0858980145E-02
           HessRho_EigVec3 =  9.2070144276E-03  8.3379724094E-01 -5.5199401435E-01
           DelSqRho = -1.8890650355E+01
           Bond Ellipticity = NA
           V = -4.7316077358E+00
           G =  4.4725734928E-03
           K =  4.7271351623E+00
           L =  4.7226625888E+00
           Vnuc =  3.9713894552E+01
           Ven = -1.6915134588E+01
           Vrep =  1.2183526852E+01
           DelSqV =  7.1143269477E+02
           DelSqVen =  7.5022129622E+02
           DelSqVrep = -3.8788601449E+01
           DelSqG =  7.0161988843E+01
           DelSqK = -7.8159468361E+02
           Stress_EigVals = -1.6283992715E+00 -1.6277929990E+00 -1.4754154653E+00
           Stress_EigVec1 = -3.2238456348E-02  5.5102932757E-01  8.3386291565E-01
           Stress_EigVec2 =  9.9943664861E-01  9.9839388280E-03  3.2042259187E-02
           Stress_EigVec3 =  9.3309881927E-03  8.3442615079E-01 -5.5104077121E-01
           -DivStress =  7.6493645011E-02  6.6271486028E+00 -4.3817080657E+00
           ESP =  -1.0967856013E+00     ESP at Nucleus =  -1.0993265596E+00
           ESPe = -1.2294493348E+01     ESPe at Nucleus = -1.2204940284E+01
           ESPn =  1.1197707747E+01     ESPn at Nucleus =  1.1105613725E+01

CP# 7      Coords = -1.73097044098473E+00  3.61932740551588E-01  2.24828889067528E+00
           Type = (3,-3) NACP C7
           Rho =  1.1770606227E+02     Rho at Nucleus =  1.1770606219E+02
           GradRho =  1.4043306795E-10 -1.9220211533E-10  3.6902703116E-11
           HessRho_EigVals = -1.4504362812E+05 -1.4504285041E+05 -1.4504251048E+05
           HessRho_EigVec1 =  9.8058708126E-01 -1.5096650557E-01 -1.2513229103E-01
           HessRho_EigVec2 =  1.5867182311E-01  2.3598094267E-01  9.5871593668E-01
           HessRho_EigVec3 =  1.1520515880E-01  9.5995943086E-01 -2.5535399447E-01
           DelSqRho = -4.3512898901E+05
           Bond Ellipticity = NA
           V = -1.0879254484E+05
           G =  5.1487936202E+00
           K =  1.0878739605E+05
           L =  1.0878224725E+05
           Vnuc =  5.8264839217E+06
           Ven = -6.8581247927E+08
           Vrep =  6.8570368673E+08
           DelSqV =  2.4959274472E+09
           DelSqVen =  2.5352720876E+12
           DelSqVrep = -2.5327761601E+12
           DelSqG =  1.3407082819E+08
           DelSqK = -2.6299982754E+09
           Stress_EigVals = -3.6264451974E+04 -3.6264260455E+04 -3.6263832411E+04
           Stress_EigVec1 =  3.3985243046E-02  8.0800895407E-01 -5.8818919864E-01
           Stress_EigVec2 =  9.3702670653E-02  5.8336068877E-01  8.0679000756E-01
           Stress_EigVec3 =  9.9502000621E-01 -8.2533853256E-02 -5.5886942117E-02
           -DivStress = -5.2877198429E+02  6.4802496336E+02 -4.3519446102E+00
           ESP =  -1.4745905815E+01     ESP at Nucleus =  -1.4745905825E+01
           ESPe = -2.7117029664E+01     ESPe at Nucleus = -2.7117029796E+01
           ESPn =  1.2371123849E+01     ESPn at Nucleus =  1.2371123971E+01

CP# 8      Coords = -1.73411463583467E+00 -3.00973586184160E-01  4.14903252827603E+00
           Type = (3,-3) NACP H8
           Rho =  4.2323444838E-01     Rho at Nucleus =  4.1947902347E-01
           GradRho =  9.2031050749E-12  1.2130474819E-09 -3.4885448237E-09
           HessRho_EigVals = -6.4492408154E+00 -6.4435627467E+00 -5.8436508598E+00
           HessRho_EigVec1 = -4.1662169072E-02  9.4425919877E-01  3.2655601236E-01
           HessRho_EigVec2 =  9.9912904161E-01  3.8612260055E-02  1.5819342221E-02
           HessRho_EigVec3 = -2.3284937383E-03 -3.2693066377E-01  9.4504545880E-01
           DelSqRho = -1.8736454422E+01
           Bond Ellipticity = NA
           V = -4.6933820695E+00
           G =  4.6342319830E-03
           K =  4.6887478375E+00
           L =  4.6841136055E+00
           Vnuc =  4.0128647483E+01
           Ven = -1.6983825982E+01
           Vrep =  1.2290443912E+01
           DelSqV =  7.0530891966E+02
           DelSqVen =  7.5186858047E+02
           DelSqVrep = -4.6559660810E+01
           DelSqG =  6.9466842276E+01
           DelSqK = -7.7477576194E+02
           Stress_EigVals = -1.6156268741E+00 -1.6152479984E+00 -1.4625071970E+00
           Stress_EigVec1 =  9.2072518350E-03  9.4428212944E-01  3.2900833808E-01
           Stress_EigVec2 =  9.9995352842E-01 -9.6349240804E-03 -3.3050023150E-04
           Stress_EigVec3 = -2.8578848968E-03 -3.2899609154E-01  9.4432695834E-01
           -DivStress = -2.0777111890E-02 -2.6159973195E+00  7.5073846103E+00
           ESP =  -1.0980474077E+00     ESP at Nucleus =  -1.1006152159E+00
           ESPe = -1.2954568357E+01     ESPe at Nucleus = -1.2863459036E+01
           ESPn =  1.1856520949E+01     ESPn at Nucleus =  1.1762843820E+01

CP# 9      Coords = -1.68765004964132E+00  2.77033696332483E+00  1.43759131571559E+00
           Type = (3,-3) NACP C9
           Rho =  1.1768398659E+02     Rho at Nucleus =  1.1768398640E+02
           GradRho =  1.5830087241E-10  7.3584294213E-10 -6.4344785056E-10
           HessRho_EigVals = -1.4500955034E+05 -1.4500863149E+05 -1.4500826732E+05
           HessRho_EigVec1 =  9.9845618102E-01 -4.0288441585E-02 -3.8237364676E-02
           HessRho_EigVec2 =  4.2773104219E-02  1.1850522614E-01  9.9203173988E-01
           HessRho_EigVec3 =  3.5436085255E-02  9.9213575324E-01 -1.2004553723E-01
           DelSqRho = -4.3502644916E+05
           Bond Ellipticity = NA
           V = -1.0876684831E+05
           G =  5.1180094521E+00
           K =  1.0876173030E+05
           L =  1.0875661229E+05
           Vnuc =  3.6886386646E+06
           Ven = -4.3409370314E+08
           Vrep =  4.3398493629E+08
           DelSqV =  2.4953336271E+09
           DelSqVen =  1.6046554071E+12
           DelSqVrep = -1.6021600653E+12
           DelSqG =  1.3403224216E+08
           DelSqK = -2.6293658692E+09
           Stress_EigVals = -3.6255903746E+04 -3.6255709121E+04 -3.6255235441E+04
           Stress_EigVec1 =  2.9679741522E-02  9.9862624514E-01  4.3182582813E-02
           Stress_EigVec2 =  2.4235581297E-02 -4.3907865253E-02  9.9874157617E-01
           Stress_EigVec3 =  9.9926560510E-01 -2.8595836832E-02 -2.5505461641E-02
           -DivStress = -2.1059377311E+02 -9.6489740023E+02  8.7656913918E+02
           ESP =  -1.4735275135E+01     ESP at Nucleus =  -1.4735275155E+01
           ESPe = -2.6574971192E+01     ESPe at Nucleus = -2.6574972055E+01
           ESPn =  1.1839696057E+01     ESPn at Nucleus =  1.1839696900E+01

CP# 10     Coords = -1.63697967499557E+00  4.42609769454714E+00  2.58690952293040E+00
           Type = (3,-3) NACP H10
           Rho =  4.2592837488E-01     Rho at Nucleus =  4.2220622481E-01
           GradRho = -1.5699247458E-16 -8.5672571468E-15 -5.8217319854E-15
           HessRho_EigVals = -6.5007082278E+00 -6.4951681681E+00 -5.8948699013E+00
           HessRho_EigVec1 =  3.8600613372E-03 -5.7419529839E-01  8.1870926417E-01
           HessRho_EigVec2 =  9.9967431638E-01 -1.8437489872E-02 -1.7644266175E-02
           HessRho_EigVec3 =  2.5226198447E-02  8.1851073193E-01  5.7393712254E-01
           DelSqRho = -1.8890746297E+01
           Bond Ellipticity = NA
           V = -4.7316334937E+00
           G =  4.4734597108E-03
           K =  4.7271600340E+00
           L =  4.7226865743E+00
           Vnuc =  3.9721334250E+01
           Ven = -1.6918443345E+01
           Vrep =  1.2186809851E+01
           DelSqV =  7.1143572433E+02
           DelSqVen =  7.5036564791E+02
           DelSqVrep = -3.8929923579E+01
           DelSqG =  7.0162145108E+01
           DelSqK = -7.8159786944E+02
           Stress_EigVals = -1.6284087335E+00 -1.6278037073E+00 -1.4754210530E+00
           Stress_EigVec1 =  5.5495132383E-02 -5.7344821024E-01  8.1736004334E-01
           Stress_EigVec2 =  9.9813778592E-01  1.1100560356E-02 -5.9981146004E-02
           Stress_EigVec3 =  2.5322926330E-02  8.1916660560E-01  5.7299635398E-01
           -DivStress =  2.0364011578E-01  6.5059434062E+00  4.5560883453E+00
           ESP =  -1.0968273498E+00     ESP at Nucleus =  -1.0993684848E+00
           ESPe = -1.2302377783E+01     ESPe at Nucleus = -1.2212837230E+01
           ESPn =  1.1205550433E+01     ESPn at Nucleus =  1.1113468745E+01

CP# 11     Coords =  5.71572491037275E+00 -3.58883254754535E-01 -1.27772354177018E+00
           Type = (3,-3) NACP C11
           Rho =  1.1768185912E+02     Rho at Nucleus =  1.1768185906E+02
           GradRho =  3.9741605840E-11 -1.9172510801E-11 -1.8674772839E-10
           HessRho_EigVals = -1.4501035129E+05 -1.4500927876E+05 -1.4500908620E+05
           HessRho_EigVec1 =  5.8348885719E-01  8.1197221405E-01  1.5552399984E-02
           HessRho_EigVec2 =  8.0673568722E-01 -5.7731147987E-01 -1.2605152196E-01
           HessRho_EigVec3 =  9.3371754318E-02 -8.6096334583E-02  9.9190177773E-01
           DelSqRho = -4.3502871625E+05
           Bond Ellipticity = NA
           V = -1.0876736639E+05
           G =  5.0936634419E+00
           K =  1.0876227272E+05
           L =  1.0875717906E+05
           Vnuc =  6.3215385270E+06
           Ven = -7.4393040637E+08
           Vrep =  7.4382163900E+08
           DelSqV =  2.4953499145E+09
           DelSqVen =  2.7500499436E+12
           DelSqVrep = -2.7475545936E+12
           DelSqG =  1.3403660035E+08
           DelSqK = -2.6293865149E+09
           Stress_EigVals = -3.6256052085E+04 -3.6255936976E+04 -3.6255377327E+04
           Stress_EigVec1 =  5.4640996316E-02 -5.7222437159E-02  9.9686506319E-01
           Stress_EigVec2 =  8.1121546871E-01 -5.7955762662E-01 -7.7733009380E-02
           Stress_EigVec3 =  5.8218882233E-01  8.1291976856E-01  1.4752120040E-02
           -DivStress = -5.7619745334E+01  7.6745224757E+01  7.6468114024E+02
           ESP =  -1.4747145160E+01     ESP at Nucleus =  -1.4747145174E+01
           ESPe = -2.3878152617E+01     ESPe at Nucleus = -2.3878153520E+01
           ESPn =  9.1310074574E+00     ESPn at Nucleus =  9.1310083468E+00

CP# 12     Coords =  4.29759703615580E+00  6.70603080535706E-01 -2.28137842756851E+00
           Type = (3,-3) NACP H12
           Rho =  4.2472168289E-01     Rho at Nucleus =  4.2098532741E-01
           GradRho =  2.6628005356E-15 -3.6515929169E-16  1.2836953722E-16
           HessRho_EigVals = -6.4640840421E+00 -6.4575264047E+00 -5.8604624909E+00
           HessRho_EigVec1 =  4.0971725744E-01 -2.7654048864E-01 -8.6928541176E-01
           HessRho_EigVec2 = -5.8019934432E-01 -8.1434719917E-01 -1.4400002080E-02
           HessRho_EigVec3 =  7.0391795673E-01 -5.1025875528E-01  4.9410071124E-01
           DelSqRho = -1.8782072938E+01
           Bond Ellipticity = NA
           V = -4.7046012141E+00
           G =  4.5414898471E-03
           K =  4.7000597243E+00
           L =  4.6955182344E+00
           Vnuc =  3.9637963206E+01
           Ven = -1.6835102439E+01
           Vrep =  1.2130501225E+01
           DelSqV =  7.0693054006E+02
           DelSqVen =  7.4448311603E+02
           DelSqVrep = -3.7552575976E+01
           DelSqG =  6.9554403890E+01
           DelSqK = -7.7648494395E+02
           Stress_EigVals = -1.6192748974E+00 -1.6185541057E+00 -1.4667722110E+00
           Stress_EigVec1 = -4.1070329714E-01  2.7776166814E-01  8.6843034115E-01
           Stress_EigVec2 =  5.8046061692E-01  8.1416607599E-01  1.4109320272E-02
           Stress_EigVec3 =  7.0312749479E-01 -5.0988435593E-01  4.9561040107E-01
           -DivStress = -5.5879512046E+00  4.0499866587E+00 -3.9178575766E+00
           ESP =  -1.1134701097E+00     ESP at Nucleus =  -1.1159445151E+00
           ESPe = -1.2369817432E+01     ESPe at Nucleus = -1.2320229283E+01
           ESPn =  1.1256347322E+01     ESPn at Nucleus =  1.1204284768E+01

CP# 13     Coords =  7.09248676588593E+00 -1.32476457902432E+00 -2.39769845444610E+00
           Type = (3,-3) NACP H13
           Rho =  4.2580367862E-01     Rho at Nucleus =  4.2213265162E-01
           GradRho =  5.5337678884E-16  4.7531423242E-16  1.7000290065E-16
           HessRho_EigVals = -6.4834513851E+00 -6.4771390871E+00 -5.8851243496E+00
           HessRho_EigVec1 = -4.4298622511E-01  3.3126853584E-01 -8.3308124545E-01
           HessRho_EigVec2 =  5.8186712115E-01  8.1316432114E-01  1.3944179651E-02
           HessRho_EigVec3 =  6.8205121339E-01 -4.7856550647E-01 -5.5297486229E-01
           DelSqRho = -1.8845714822E+01
           Bond Ellipticity = NA
           V = -4.7204547950E+00
           G =  4.5130447560E-03
           K =  4.7159417502E+00
           L =  4.7114287055E+00
           Vnuc =  3.8261296692E+01
           Ven = -1.6291800880E+01
           Vrep =  1.1571346085E+01
           DelSqV =  7.0967513692E+02
           DelSqVen =  7.2106148616E+02
           DelSqVrep = -1.1386349240E+01
           DelSqG =  6.9841007437E+01
           DelSqK = -7.7951614436E+02
           Stress_EigVals = -1.6241594647E+00 -1.6234110082E+00 -1.4728843221E+00
           Stress_EigVec1 = -4.4305638655E-01  3.3387841125E-01 -8.3200134906E-01
           Stress_EigVec2 =  5.8283073056E-01  8.1244265313E-01  1.5661254416E-02
           Stress_EigVec3 =  6.8118233818E-01 -4.7797713531E-01 -5.5455250452E-01
           -DivStress =  5.3707994537E+00 -3.7685718073E+00 -4.3606277236E+00
           ESP =  -1.1122087460E+00     ESP at Nucleus =  -1.1146497754E+00
           ESPe = -1.0688542827E+01     ESPe at Nucleus = -1.0612439089E+01
           ESPn =  9.5763340805E+00     ESPn at Nucleus =  9.4977893136E+00

CP# 14     Coords =  5.75785081995036E+00 -4.34657676088221E-01  1.23791678755388E+00
           Type = (3,-3) NACP C14
           Rho =  1.1768164934E+02     Rho at Nucleus =  1.1768164927E+02
           GradRho =  3.1632120534E-11 -3.3147234957E-11  1.8418533365E-10
           HessRho_EigVals = -1.4501000501E+05 -1.4500893331E+05 -1.4500874049E+05
           HessRho_EigVec1 =  5.8359409815E-01  8.1192799275E-01  1.3815324931E-02
           HessRho_EigVec2 =  8.1012448367E-01 -5.8329878202E-01  5.8829005111E-02
           HessRho_EigVec3 = -5.5823378240E-02  2.3140127206E-02  9.9817247255E-01
           DelSqRho = -4.3502767881E+05
           Bond Ellipticity = NA
           V = -1.0876710660E+05
           G =  5.0934506859E+00
           K =  1.0876201315E+05
           L =  1.0875691970E+05
           Vnuc =  6.2885465161E+06
           Ven = -7.4004652595E+08
           Vrep =  7.3993775884E+08
           DelSqV =  2.4953438850E+09
           DelSqVen =  2.7356917924E+12
           DelSqVrep = -2.7331964485E+12
           DelSqG =  1.3403619563E+08
           DelSqK = -2.6293800806E+09
           Stress_EigVals = -3.6255965497E+04 -3.6255850250E+04 -3.6255290856E+04
           Stress_EigVec1 = -1.8814454328E-02 -4.5488509762E-03  9.9981264458E-01
           Stress_EigVec2 =  8.1273365857E-01 -5.8249818390E-01  1.2643811754E-02
           Stress_EigVec3 =  5.8233153490E-01  8.1281927493E-01  1.4656389773E-02
           -DivStress = -8.1612832832E+01  1.1839057935E+02 -7.6126994672E+02
           ESP =  -1.4747088284E+01     ESP at Nucleus =  -1.4747088298E+01
           ESPe = -2.3856646688E+01     ESPe at Nucleus = -2.3856647610E+01
           ESPn =  9.1095584042E+00     ESPn at Nucleus =  9.1095593121E+00

CP# 15     Coords =  7.17017556872163E+00 -1.46457807965203E+00  2.25148103921060E+00
           Type = (3,-3) NACP H15
           Rho =  4.2579751217E-01     Rho at Nucleus =  4.2212627337E-01
           GradRho =  2.3748364386E-15 -9.3675067703E-17 -1.3426759704E-15
           HessRho_EigVals = -6.4833489217E+00 -6.4770281442E+00 -5.8849923933E+00
           HessRho_EigVec1 =  4.1461210004E-01 -2.8033089646E-01 -8.6574326159E-01
           HessRho_EigVec2 =  5.8192430607E-01  8.1309703781E-01  1.5404840760E-02
           HessRho_EigVec3 =  6.9961482868E-01 -5.1018408011E-01  5.0025123277E-01
           DelSqRho = -1.8845369459E+01
           Bond Ellipticity = NA
           V = -4.7203697698E+00
           G =  4.5137024953E-03
           K =  4.7158560673E+00
           L =  4.7113423648E+00
           Vnuc =  3.8236178876E+01
           Ven = -1.6280869840E+01
           Vrep =  1.1560500070E+01
           DelSqV =  7.0966112729E+02
           DelSqVen =  7.2057491762E+02
           DelSqVrep = -1.0913790332E+01
           DelSqG =  6.9839489903E+01
           DelSqK = -7.7950061719E+02
           Stress_EigVals = -1.6241324454E+00 -1.6233853083E+00 -1.4728520160E+00
           Stress_EigVec1 = -4.1464034397E-01  2.8310934230E-01  8.6482511842E-01
           Stress_EigVec2 =  5.8288333687E-01  8.1244367278E-01  1.3501635398E-02
           Stress_EigVec3 =  6.9879925641E-01 -5.0969047358E-01  5.0189164208E-01
           -DivStress =  5.5094496905E+00 -4.0180075218E+00  3.9454881515E+00
           ESP =  -1.1121859321E+00     ESP at Nucleus =  -1.1146271792E+00
           ESPe = -1.0664519626E+01     ESPe at Nucleus = -1.0588426892E+01
           ESPn =  9.5523336939E+00     ESPn at Nucleus =  9.4737997126E+00

CP# 16     Coords =  4.37524673528716E+00  5.31751583267482E-01  2.34808348976458E+00
           Type = (3,-3) NACP H16
           Rho =  4.2482013726E-01     Rho at Nucleus =  4.2108601136E-01
           GradRho =  8.2572837456E-16  7.8062556419E-18  3.9898639947E-17
           HessRho_EigVals = -6.4657351708E+00 -6.4591747169E+00 -5.8622356562E+00
           HessRho_EigVec1 = -4.3810138613E-01  3.2769926750E-01 -8.3706652397E-01
           HessRho_EigVec2 =  5.8038675840E-01  8.1420303789E-01  1.4987453694E-02
           HessRho_EigVec3 =  6.8645348433E-01 -4.7925630217E-01 -5.4689579508E-01
           DelSqRho = -1.8787145544E+01
           Bond Ellipticity = NA
           V = -4.7058674675E+00
           G =  4.5405407779E-03
           K =  4.7013269267E+00
           L =  4.6967863860E+00
           Vnuc =  3.9591255287E+01
           Ven = -1.6819162505E+01
           Vrep =  1.2113295038E+01
           DelSqV =  7.0713489236E+02
           DelSqVen =  7.4380667533E+02
           DelSqVrep = -3.6671782977E+01
           DelSqG =  6.9575774063E+01
           DelSqK = -7.7671066642E+02
           Stress_EigVals = -1.6196891660E+00 -1.6189673242E+00 -1.4672109774E+00
