AIMSum (Version 19.02.13, Professional)
Copyright (c) 1997-2019 by Todd A. Keith
AIMSum is a component of the AIMAll package ( http://aim.tkgristmill.com )

TP:  64-bit Linux

Much of the Quantum Theory of Atoms in Molecules (QTAIM) is described in the book:
  "Atoms in Molecules - A Quantum Theory"
  R.F.W. Bader, Oxford University Press, Oxford, 1990

For additional references see:  http://aim.tkgristmill.com/references.html

Wfn File:  /home/mhennefarth/Documents/ML_Diels/summary-levandowski2018/r_15-opt/r_15-opt.wfn
Sum File:  /home/mhennefarth/Documents/ML_Diels/summary-levandowski2018/r_15-opt/r_15-opt.sum

SumViz File:  /home/mhennefarth/Documents/ML_Diels/summary-levandowski2018/r_15-opt/r_15-opt.sumviz

Wfn Title:   Title Card Required                                                           
 
Total memory allocated for AIMSum =        0.905 Megabytes

Atomic units (a.u.) used throughout, except where stated otherwise

Model:  Restricted SCF
 
Restricted, closed-shell, single-determinant wavefunction.
  Number of electrons (from MO Occs)                   =          68.0000000000
  Number of Alpha electrons (from MO Occs)             =          34.0000000000
  Number of Beta electrons (from MO Occs)              =          34.0000000000
  Number of electron pairs (N*(N-1)/2)                 =        2278.0000000000
  Number of electron pairs (from Muller 2EDM)          =        2278.0000000000
 
Nuclear Charges and Cartesian Coordinates:
-------------------------------------------------------------------------------
Atom      Charge                X                  Y                  Z
-------------------------------------------------------------------------------
C1         6.0          -1.1687253700E+00  -5.8327046000E-01  -2.6993600000E-03
H2         1.0           3.5833381000E-01  -1.9910845600E+00  -8.5997800000E-03
C3         6.0          -9.2253627000E-01   1.1711663000E+00  -2.2357275000E+00
H4         1.0          -1.0480789600E+00   5.3497372000E-01  -4.1769700200E+00
C5         6.0          -5.3082740000E-01   3.5396408700E+00  -1.3865814200E+00
H6         1.0          -2.6295527000E-01   5.2146850300E+00  -2.5384861300E+00
C7         6.0          -9.1586726000E-01   1.1597563900E+00   2.2385180600E+00
H8         1.0          -1.0357801200E+00   5.1369674000E-01   4.1768584700E+00
C9         6.0          -5.2663575000E-01   3.5325179400E+00   1.4002923000E+00
H10        1.0          -2.5523449000E-01   5.2016549800E+00   2.5599153900E+00
C11        6.0           6.0906279700E+00  -1.3007786900E+00  -1.2616265600E+00
H12        1.0           5.0300032300E+00   1.0138902000E-01  -2.3251294800E+00
C13        6.0           6.0902415500E+00  -1.3241402700E+00   1.2558541000E+00
H14        1.0           7.1485624000E+00  -2.7218927600E+00   2.3287332700E+00
H15        1.0           5.0293732600E+00   5.8209970000E-02   2.3447391700E+00
H16        1.0          -5.7180621100E+00  -6.0165385000E-01   4.3474000000E-03
S17       16.0          -4.0683223100E+00  -2.5500574700E+00  -3.3588100000E-03
H18        1.0           7.1493304500E+00  -2.6784111400E+00  -2.3598449800E+00
 
Some Atomic Properties:
----------------------
  q(A) = Net Charge of Atom A
  L(A) = Lagrangian of Atom A = -(1/4) Times Atomic Integral of the Laplacian of the Electron Density
  K(A) = Electronic Kinetic Energy of Atom A (Hamiltonian Form)
  K_Scaled(A) = K(A) * E(Mol)/K(Mol) = Approximation to Virial-Based Total Energy of Atom A.
  |Mu_Intra(A)| = Magnitude of Intraatomic Dipole Moment of Atom A
--------------------------------------------------------------------------------------------------
Atom A          q(A)              L(A)              K(A)          K_Scaled(A)      |Mu_Intra(A)|
--------------------------------------------------------------------------------------------------
C1       -5.9552158000E-02 -1.7607829661E-04  3.7694161350E+01 -3.7921698386E+01  1.3429386238E-01
H2        8.4391031080E-02  5.4937847110E-05  5.7914643782E-01 -5.8264239738E-01  1.4411749281E-01
C3       -6.3734853800E-02  4.2091401617E-05  3.7740973709E+01 -3.7968793323E+01  1.8748345299E-01
H4        6.3809222280E-02  2.1257331790E-05  5.8496143971E-01 -5.8849250095E-01  1.4831197311E-01
C5       -5.4576674700E-02 -2.2651027826E-05  3.7726800577E+01 -3.7954534636E+01  1.5927520673E-01
H6        5.1827673440E-02  1.9309044360E-05  5.9031977476E-01 -5.9388318105E-01  1.4839989957E-01
C7       -6.3873292500E-02 -5.9975731750E-05  3.7740953014E+01 -3.7968772503E+01  1.8748303795E-01
H8        6.3780816920E-02  2.1039988705E-05  5.8496853777E-01 -5.8849964185E-01  1.4831956500E-01
C9       -5.4526020000E-02 -2.1952286757E-05  3.7726784454E+01 -3.7954518416E+01  1.5939930022E-01
H10       5.1833821210E-02  2.1330758895E-05  5.9031937638E-01 -5.9388278027E-01  1.4840214287E-01
C11      -8.5764199700E-02 -1.0891106750E-04  3.7696254624E+01 -3.7923804296E+01  9.4998383488E-02
H12       4.7447107530E-02  2.0207307922E-05  5.9262679868E-01 -5.9620413108E-01  1.4398826377E-01
C13      -8.5747476300E-02 -8.2375963743E-05  3.7696253760E+01 -3.7923803426E+01  9.5004871947E-02
H14       3.8858830150E-02  2.2782072180E-05  5.9606880926E-01 -5.9966691902E-01  1.4736948761E-01
H15       4.7305631210E-02  2.4918615446E-05  5.9268338558E-01 -5.9626105957E-01  1.4404667760E-01
H16       2.9261521130E-02  3.4836598533E-05  5.7156240468E-01 -5.7501258398E-01  1.1867901094E-01
S17      -4.9684446000E-02  4.9030522052E-05  3.9694702811E+02 -3.9934315915E+02  6.8650248374E-01
H18       3.8850146830E-02  2.6286325075E-05  5.9607680975E-01 -5.9967496781E-01  1.4737034785E-01
--------------------------------------------------------------------------------------------------
Total    -9.3319220000E-05 -1.1391656050E-04  6.6684794337E+02 -6.7087330430E+02
 
1st Largest |L(A)| = 1.7607829661E-04, atom C1      
2nd Largest |L(A)| = 1.0891106750E-04, atom C11     
 
Molecular charge q(Mol) from the wfn file:   0.0000000000E+00
Molecular energy E(Mol) from the wfn file:  -6.7087333574E+02
Molecular virial ratio (-V(Mol)/T(Mol)) from the wfn file:   2.0060364000E+00
Note.  K_Scaled(A) = (1+V(Mol)/T(Mol))*K(A) = (E(Mol)/T(Mol))*K(A)
       Only use K_Scaled(A) data with caution.
 
N_AIMInt(SumA)     =         68.000093
N_Analytic(Mol)    =         67.999991
 
G_AIMInt(SumA)     =        666.848057
G_Analytic(Mol)    =        666.847953
 
K_AIMInt(SumA)     =        666.847943
K_Analytic(Mol)    =        666.847953
 
L_AIMInt(SumA)     =         -0.000114
L_Analytic(Mol)    =          0.000000
 
VenT_AIMInt(SumA)  =      -2360.030973
VenT_Analytic(Mol) =      -2360.029447
 
Some Information About the Atomic Calculations:
----------------------------------------------
  Time(sec) = "Elapsed User Time", in Seconds, for Atom A by AIMInt and, if used, by TWOe
  NProc = Number of Processors Used for AIMInt Job
  BIM = Basin Integration Method
  OAQ = Angular Quadrature Outside of Beta Sphere
  ORQ = Multiple of Default for Radial Quadrature Outside of Beta Sphere
  IAQ = Multiple of Default for Angular Quadrature Inside of Beta Sphere
  IRQ = Multiple of Default for Radial Quadrature Inside of Beta Sphere
  MIR = Maximum Integration Radius
------------------------------------------------------------------------------------------------------
Atom A     Time(sec)   NProc      BIM          OAQ                     ORQ      IAQ      IRQ      MIR
------------------------------------------------------------------------------------------------------
C1             31        8     Proaim(5)    4500(GS4)                  1.00     1.00     1.00    13.00
H2             13        8     Proaim(5)    4500(GS4)                  1.00     1.00     1.00    13.00
C3             28        8     Proaim(5)    4500(GS4)                  1.00     1.00     1.00    13.00
H4              6        8     Proaim(5)    1800(GS4)                  1.00     1.00     1.00    13.00
C5             20        8     Proaim(5)    4500(GS4)                  1.00     1.00     1.00    13.00
H6              5        8     Proaim(5)    1800(GS4)                  1.00     1.00     1.00    13.00
C7             28        8     Proaim(5)    4500(GS4)                  1.00     1.00     1.00    13.00
H8              7        8     Proaim(5)    1800(GS4)                  1.00     1.00     1.00    13.00
C9             20        8     Proaim(5)    4500(GS4)                  1.00     1.00     1.00    13.00
H10             5        8     Proaim(5)    1800(GS4)                  1.00     1.00     1.00    13.00
C11            28        8     Proaim(5)    4500(GS4)                  1.00     1.00     1.00    13.00
H12            14        8     Proaim(5)    4500(GS4)                  1.00     1.00     1.00    13.00
C13            32        8     Proaim(5)    4500(GS4)                  1.00     1.00     1.00    13.00
H14             4        8     Proaim(5)    1800(GS4)                  1.00     1.00     1.00    13.00
H15            11        8     Proaim(5)    4500(GS4)                  1.00     1.00     1.00    13.00
H16             5        8     Proaim(5)    1800(GS4)                  1.00     1.00     1.00    13.00
S17            17        8     Proaim(5)    4500(GS4)                  1.00     1.00     1.00    13.00
H18             4        8     Proaim(5)    1800(GS4)                  1.00     1.00     1.00    13.00
------------------------------------------------------------------------------------------------------
Total         278
Note:  Total wall clock time is less than total of atomic times if more than one atom
       was calculated at a time
 
Electron Density Critical Point Analysis of Molecular Structure:               
---------------------------------------------------------------                
  NACP = Nuclear Attractor Critical Point                                      
  NNACP = Non-Nuclear Attractor Critical Point                                 
  BCP = Bond Critical Point                                                    
  RCP = Ring Critical Point                                                    
  CCP = Cage Critical Point                                                    
  Rho = Electron Density                                                       
  GradRho = Gradient of Electron Density                                       
  HessRho_EigVals = Eigenvalues of the Hessian of Rho, Ascending Order         
  HessRho_EigVecs = Eigenvectors of the Hessian of Rho                         
  DelSqRho = Laplacian of Rho = Trace of Hessian of Rho                        
  Bond Ellipticity = (HessRho_EigVal(1) / HessRho_EigVal(2)) - 1               
  V = Virial Field = Potential Energy Density = Trace of Stress Tensor         
  G = Lagrangian Form of Kinetic Energy Density                                
  K = Hamiltonian Form of Kinetic Energy Density                               
  L = K - G = Lagrangian Density = (-1/4)DelSqRho                              
  Vnuc = Electrostatic Potential from Nuclei                                   
  Ven = Electron-nuclear attractive contribution to Virial Field V             
  Vrep = V - Ven = Repulsive contribution to Virial Field V                    
  DelSqV = Laplacian of V                                                      
  DelSqVen = Laplacian of Ven                                                  
  DelSqVrep = Laplacian of Vrep                                                
  DelSqG = Laplacian of G                                                      
  DelSqK = Laplacian of K                                                      
  Stress_EigVals = Eigenvalues of Stress Tensor, Ascending Order               
  Stress_EigVecs = Eigenvectors of Stress Tensor                               
  -DivStress = Ehrenfest Force Density = Minus Divergence of Stress Tensor     
  ESP = Total Electrostatic Potential                                          
  ESPe = Electrostatic Potential from Electrons                                
  ESPn = Electrostatic Potential from Nuclei                                   
  BP = Bond Path                                                               
  BPL = Bond Path Length                                                       
  GBL = Geometric Bond Length                                                  
  GBL_I = Distance Between Nuclear Attractors                                  
  GBL_II = Distance Between Nuclei                                             
  GBL_III = Sum of Distances Between BCP and Nuclear Attractors                
  GBL_IV = Sum of Distances Between BCP and Nuclei                             

CP# 1      Coords = -1.16872805081639E+00 -5.83271953963596E-01 -2.69935991277725E-03
           Type = (3,-3) NACP C1
           Rho =  1.1759541623E+02     Rho at Nucleus =  1.1759541555E+02
           GradRho = -5.8131345293E-09 -3.2593665544E-09  1.3304765276E-13
           HessRho_EigVals = -1.4490950340E+05 -1.4490846724E+05 -1.4490816150E+05
           HessRho_EigVec1 =  8.7935457535E-01  4.7616753303E-01 -1.0633694789E-04
           HessRho_EigVec2 =  1.4892046156E-03 -2.5268467890E-03  9.9999569865E-01
           HessRho_EigVec3 = -4.7616521617E-01  8.7935095129E-01  2.9311051731E-03
           DelSqRho = -4.3472613214E+05
           Bond Ellipticity = NA
           V = -1.0869171752E+05
           G =  5.0922426916E+00
           K =  1.0868662528E+05
           L =  1.0868153304E+05
           Vnuc =  1.9550552830E+06
           Ven = -2.2990553977E+08
           Vrep =  2.2979684805E+08
           DelSqV =  2.4936281698E+09
           DelSqVen =  8.4991362662E+11
           DelSqVrep = -8.4741999845E+11
           DelSqG =  1.3394813686E+08
           DelSqK = -2.6275763067E+09
           Stress_EigVals = -3.6230761186E+04 -3.6230619182E+04 -3.6230337153E+04
           Stress_EigVec1 = -4.7936893686E-01  8.7760849660E-01  2.9578816646E-03
           Stress_EigVec2 =  1.4918910185E-03 -2.5554703629E-03  9.9999562191E-01
           Stress_EigVec3 =  8.7761221313E-01  4.7937125097E-01 -8.4283122782E-05
           -DivStress =  2.1684751995E+03  1.2058604552E+03 -7.6485613820E-02
           ESP =  -1.4695566284E+01     ESP at Nucleus =  -1.4695566334E+01
           ESPe = -2.9824933834E+01     ESPe at Nucleus = -2.9824933654E+01
           ESPn =  1.5129367549E+01     ESPn at Nucleus =  1.5129367321E+01

CP# 2      Coords =  3.32257361383719E-01 -1.96772775165291E+00 -8.50078692811057E-03
           Type = (3,-3) NACP H2
           Rho =  4.1448583071E-01     Rho at Nucleus =  4.1088309103E-01
           GradRho = -1.1223660890E-15  1.5681900223E-15  6.5119892985E-18
           HessRho_EigVals = -6.3092440011E+00 -6.3082355443E+00 -5.7260262253E+00
           HessRho_EigVec1 =  6.6843615432E-01  7.4376882783E-01  1.0189938720E-03
           HessRho_EigVec2 =  1.4237001324E-03 -2.6495354877E-03  9.9999547651E-01
           HessRho_EigVec3 =  7.4376816326E-01 -6.6843167991E-01 -2.8299490907E-03
           DelSqRho = -1.8343505771E+01
           Bond Ellipticity = NA
           V = -4.5958977915E+00
           G =  5.0106743904E-03
           K =  4.5908871171E+00
           L =  4.5858764427E+00
           Vnuc =  4.3635415098E+01
           Ven = -1.8086261275E+01
           Vrep =  1.3490363484E+01
           DelSqV =  6.9073295078E+02
           DelSqVen =  8.0042648866E+02
           DelSqVrep = -1.0969353787E+02
           DelSqG =  6.8023589043E+01
           DelSqK = -7.5875653983E+02
           Stress_EigVals = -1.5810124290E+00 -1.5809677400E+00 -1.4339176225E+00
           Stress_EigVec1 =  2.4128585758E-03 -1.5496346166E-03  9.9999588836E-01
           Stress_EigVec2 =  6.6821971949E-01  7.4396384011E-01 -4.5944944965E-04
           Stress_EigVec3 =  7.4396006923E-01 -6.6821808060E-01 -2.8305759405E-03
           -DivStress =  5.7348742512E+00 -5.1354682737E+00 -2.1767796979E-02
           ESP =  -1.0816315730E+00     ESP at Nucleus =  -1.0840287438E+00
           ESPe = -1.6151813964E+01     ESPe at Nucleus = -1.6064167147E+01
           ESPn =  1.5070182391E+01     ESPn at Nucleus =  1.4980138403E+01

CP# 3      Coords = -9.22536199938118E-01  1.17116483391719E+00 -2.23572694616652E+00
           Type = (3,-3) NACP C3
           Rho =  1.1769306574E+02     Rho at Nucleus =  1.1769306556E+02
           GradRho =  3.3714558922E-11 -7.9082626558E-10  3.2242669645E-10
           HessRho_EigVals = -1.4502476321E+05 -1.4502426784E+05 -1.4502375885E+05
           HessRho_EigVec1 =  9.7584533672E-01 -2.1682834913E-01  2.6671066867E-02
           HessRho_EigVec2 = -1.3624786645E-01 -5.0861703091E-01  8.5014424350E-01
           HessRho_EigVec3 =  1.7077001400E-01  8.3324317152E-01  5.2587395775E-01
           DelSqRho = -4.3507278989E+05
           Bond Ellipticity = NA
           V = -1.0877845758E+05
           G =  5.1300521878E+00
           K =  1.0877332752E+05
           L =  1.0876819747E+05
           Vnuc =  3.8246663537E+06
           Ven = -4.5013670859E+08
           Vrep =  4.5002793014E+08
           DelSqV =  2.4956031241E+09
           DelSqVen =  1.6640084541E+12
           DelSqVrep = -1.6615128346E+12
           DelSqG =  1.3405072748E+08
           DelSqK = -2.6296538516E+09
           Stress_EigVals = -3.6259772618E+04 -3.6259520338E+04 -3.6259164620E+04
           Stress_EigVec1 =  1.3382468069E-01  7.4009425575E-01  6.5905344809E-01
           Stress_EigVec2 = -1.1920266999E-01 -6.4818543288E-01  7.5209465366E-01
           Stress_EigVec3 =  9.8380977750E-01 -1.7920975756E-01  1.4780027421E-03
           -DivStress = -5.9045111139E+01  1.1910615337E+03 -4.5489435035E+02
           ESP =  -1.4738293585E+01     ESP at Nucleus =  -1.4738293601E+01
           ESPe = -2.8412438672E+01     ESPe at Nucleus = -2.8412437874E+01
           ESPn =  1.3674145087E+01     ESPn at Nucleus =  1.3674144274E+01

CP# 4      Coords = -1.04586057163316E+00  5.45968180548568E-01 -4.14313294263395E+00
           Type = (3,-3) NACP H4
           Rho =  4.2349290643E-01     Rho at Nucleus =  4.1968025750E-01
           GradRho =  3.6459041688E-10  1.8077632204E-09  5.5732105098E-09
           HessRho_EigVals = -6.4503462282E+00 -6.4439385258E+00 -5.8382693448E+00
           HessRho_EigVec1 =  1.4835621765E-01  9.3809333674E-01 -3.1300371284E-01
           HessRho_EigVec2 =  9.8700614746E-01 -1.6020814592E-01 -1.2337538477E-02
           HessRho_EigVec3 =  6.1719507137E-02  3.0710623820E-01  9.4967176482E-01
           DelSqRho = -1.8732554099E+01
           Bond Ellipticity = NA
           V = -4.6923394562E+00
           G =  4.6004657411E-03
           K =  4.6877389904E+00
           L =  4.6831385247E+00
           Vnuc =  4.1137823373E+01
           Ven = -1.7421576384E+01
           Vrep =  1.2729236928E+01
           DelSqV =  7.0486191369E+02
           DelSqVen =  7.7061651105E+02
           DelSqVrep = -6.5754597359E+01
           DelSqG =  6.9395771109E+01
           DelSqK = -7.7425768480E+02
           Stress_EigVals = -1.6157852719E+00 -1.6154116971E+00 -1.4611424872E+00
           Stress_EigVec1 =  1.8394920144E-01  9.3110356130E-01 -3.1497436313E-01
           Stress_EigVec2 =  9.8096414350E-01 -1.9418560105E-01 -1.1408352346E-03
           Stress_EigVec3 =  6.2225721769E-02  3.0876870062E-01  9.4909949377E-01
           -DivStress = -4.9861736964E-01 -2.4712692258E+00 -7.6027928692E+00
           ESP =  -1.0955726112E+00     ESP at Nucleus =  -1.0981725643E+00
           ESPe = -1.4180970539E+01     ESPe at Nucleus = -1.4086749800E+01
           ESPn =  1.3085397928E+01     ESPn at Nucleus =  1.2988577236E+01

CP# 5      Coords = -5.30827143177242E-01  3.53964188709767E+00 -1.38658044414802E+00
           Type = (3,-3) NACP C5
           Rho =  1.1767846105E+02     Rho at Nucleus =  1.1767846091E+02
           GradRho =  1.2800957516E-10  4.8127146712E-10  4.5999226650E-10
           HessRho_EigVals = -1.4500194531E+05 -1.4500106845E+05 -1.4500074535E+05
           HessRho_EigVec1 =  9.8587511439E-01 -1.6648929433E-01  1.8209165354E-02
           HessRho_EigVec2 = -3.4354945364E-02 -9.4618766892E-02  9.9492061326E-01
           HessRho_EigVec3 =  1.6392070204E-01  9.8149304828E-01  9.9002018244E-02
           DelSqRho = -4.3500375911E+05
           Bond Ellipticity = NA
           V = -1.0876118716E+05
           G =  5.1236890527E+00
           K =  1.0875606347E+05
           L =  1.0875093978E+05
           Vnuc =  4.1878043372E+06
           Ven = -4.9281436960E+08
           Vrep =  4.9270560841E+08
           DelSqV =  2.4952033863E+09
           DelSqVen =  1.8217105162E+12
           DelSqVrep = -1.8192153128E+12
           DelSqG =  1.3402451850E+08
           DelSqK = -2.6292279048E+09
           Stress_EigVals = -3.6254004957E+04 -3.6253824307E+04 -3.6253357892E+04
           Stress_EigVec1 =  1.6295171384E-01  9.8453970007E-01 -6.4251987872E-02
           Stress_EigVec2 =  3.1261156980E-03  6.4606873322E-02  9.9790589703E-01
           Stress_EigVec3 =  9.8662909260E-01 -1.6281133532E-01  7.4500157217E-03
           -DivStress = -2.0699800547E+02 -8.2138498907E+02 -7.9638813131E+02
           ESP =  -1.4734667744E+01     ESP at Nucleus =  -1.4734667761E+01
           ESPe = -2.7563076892E+01     ESPe at Nucleus = -2.7563077773E+01
           ESPn =  1.2828409148E+01     ESPn at Nucleus =  1.2828410013E+01

CP# 6      Coords = -2.67540426393201E-01  5.18604871655665E+00 -2.51864921445969E+00
           Type = (3,-3) NACP H6
           Rho =  4.2574503420E-01     Rho at Nucleus =  4.2201054756E-01
           GradRho = -1.3029941709E-15 -1.0113437865E-14  6.2623517483E-15
           HessRho_EigVals = -6.4976330287E+00 -6.4920274433E+00 -5.8908966102E+00
           HessRho_EigVec1 =  9.4608808372E-02  5.5730527091E-01  8.2489999903E-01
           HessRho_EigVec2 =  9.8695782069E-01 -1.6091673006E-01 -4.4795266008E-03
           HessRho_EigVec3 =  1.3024374668E-01  8.1456530800E-01 -5.6526093571E-01
           DelSqRho = -1.8880557082E+01
           Bond Ellipticity = NA
           V = -4.7290438636E+00
           G =  4.4522965343E-03
           K =  4.7245915671E+00
           L =  4.7201392706E+00
           Vnuc =  4.0459547169E+01
           Ven = -1.7225451293E+01
           Vrep =  1.2496407429E+01
           DelSqV =  7.1098840076E+02
           DelSqVen =  7.6389878984E+02
           DelSqVrep = -5.2910389081E+01
           DelSqG =  7.0117124876E+01
           DelSqK = -7.8110552563E+02
           Stress_EigVals = -1.6276016744E+00 -1.6270629176E+00 -1.4743792717E+00
           Stress_EigVec1 =  5.5323453524E-02  5.6229701942E-01  8.2508264886E-01
           Stress_EigVec2 =  9.8990549804E-01 -1.3888043917E-01  2.8272399399E-02
           Stress_EigVec3 =  1.3048532654E-01  8.1518972367E-01 -5.6430425657E-01
           -DivStress =  1.0383492144E+00  6.4849490082E+00 -4.4914615848E+00
           ESP =  -1.0952782121E+00     ESP at Nucleus =  -1.0978278904E+00
           ESPe = -1.3094296743E+01     ESPe at Nucleus = -1.3001717858E+01
           ESPn =  1.1999018531E+01     ESPn at Nucleus =  1.1903889967E+01

CP# 7      Coords = -9.15867191517873E-01  1.15975492617712E+00  2.23851749912777E+00
           Type = (3,-3) NACP C7
           Rho =  1.1769303934E+02     Rho at Nucleus =  1.1769303916E+02
           GradRho =  3.8625852516E-11 -8.0250039947E-10 -2.7016255899E-10
           HessRho_EigVals = -1.4502473463E+05 -1.4502423986E+05 -1.4502373081E+05
           HessRho_EigVec1 =  9.7574505861E-01 -2.1675426838E-01 -3.0645843571E-02
           HessRho_EigVec2 =  1.3876558770E-01  5.0415410064E-01  8.5239237120E-01
           HessRho_EigVec3 =  1.6930945709E-01  8.3597023269E-01 -5.2200390591E-01
           DelSqRho = -4.3507270529E+05
           Bond Ellipticity = NA
           V = -1.0877843650E+05
           G =  5.1300878210E+00
           K =  1.0877330641E+05
           L =  1.0876817632E+05
           Vnuc =  3.8238849924E+06
           Ven = -4.5004464685E+08
           Vrep =  4.4993586842E+08
           DelSqV =  2.4956026532E+09
           DelSqVen =  1.6636680765E+12
           DelSqVrep = -1.6611724575E+12
           DelSqG =  1.3405070544E+08
           DelSqK = -2.6296533586E+09
           Stress_EigVals = -3.6259765549E+04 -3.6259513259E+04 -3.6259157691E+04
           Stress_EigVec1 =  1.3193841193E-01  7.4347890760E-01 -6.5561526020E-01
           Stress_EigVec2 =  1.2141527794E-01  6.4429604338E-01  7.5507677674E-01
           Stress_EigVec3 =  9.8379397525E-01 -1.7922533985E-01 -5.2623014310E-03
           -DivStress = -5.7744002216E+01  1.1891982605E+03  4.6061942137E+02
           ESP =  -1.4738299380E+01     ESP at Nucleus =  -1.4738299396E+01
           ESPe = -2.8414151202E+01     ESPe at Nucleus = -2.8414150405E+01
           ESPn =  1.3675851822E+01     ESPn at Nucleus =  1.3675851009E+01

CP# 8      Coords = -1.03365978724197E+00  5.24862813534412E-01  4.14307237514553E+00
           Type = (3,-3) NACP H8
           Rho =  4.2349384157E-01     Rho at Nucleus =  4.1968137812E-01
           GradRho =  3.3308193486E-10  1.7551169372E-09 -5.3195886875E-09
           HessRho_EigVals = -6.4503742351E+00 -6.4439651793E+00 -5.8383161209E+00
           HessRho_EigVec1 =  1.4931746689E-01  9.3648298446E-01  3.1733879986E-01
           HessRho_EigVec2 =  9.8702936855E-01 -1.6030678327E-01  8.6464364639E-03
           HessRho_EigVec3 = -5.8968802839E-02 -3.1193165125E-01  9.4827281161E-01
           DelSqRho = -1.8732655535E+01
           Bond Ellipticity = NA
           V = -4.6923653250E+00
           G =  4.6007205850E-03
           K =  4.6877646044E+00
           L =  4.6831638838E+00
           Vnuc =  4.1141312469E+01
           Ven = -1.7423092465E+01
           Vrep =  1.2730727140E+01
           DelSqV =  7.0486676468E+02
           DelSqVen =  7.7068604355E+02
           DelSqVrep = -6.5819278874E+01
           DelSqG =  6.9396374554E+01
           DelSqK = -7.7426313923E+02
           Stress_EigVals = -1.6157922680E+00 -1.6154187787E+00 -1.4611542782E+00
           Stress_EigVec1 =  1.8501240907E-01  9.2946266271E-01  3.1917012255E-01
           Stress_EigVec2 =  9.8093461482E-01 -1.9431881040E-01 -2.7352099602E-03
           Stress_EigVec3 = -5.9478482996E-02 -3.1359106901E-01  9.4769349027E-01
           -DivStress = -4.7659167930E-01 -2.5098420331E+00  7.5913750540E+00
           ESP =  -1.0955671996E+00     ESP at Nucleus =  -1.0981670181E+00
           ESPe = -1.4183681551E+01     ESPe at Nucleus = -1.4089474220E+01
           ESPn =  1.3088114351E+01     ESPn at Nucleus =  1.2991307202E+01

CP# 9      Coords = -5.26635497024905E-01  3.53251896233417E+00  1.40029132831119E+00
           Type = (3,-3) NACP C9
           Rho =  1.1767842869E+02     Rho at Nucleus =  1.1767842854E+02
           GradRho =  1.1312098480E-10  4.7361192745E-10 -4.5052506170E-10
           HessRho_EigVals = -1.4500189109E+05 -1.4500101395E+05 -1.4500069078E+05
           HessRho_EigVec1 =  9.8580461894E-01 -1.6644985147E-01 -2.1993185723E-02
           HessRho_EigVec2 =  3.7301616515E-02  8.9410555661E-02  9.9529610767E-01
           HessRho_EigVec3 =  1.6370046633E-01  9.8198788154E-01 -9.4350187281E-02
           DelSqRho = -4.3500359582E+05
           Bond Ellipticity = NA
           V = -1.0876114624E+05
           G =  5.1236427709E+00
           K =  1.0875602260E+05
           L =  1.0875089895E+05
           Vnuc =  4.1871822217E+06
           Ven = -4.9274102449E+08
           Vrep =  4.9263226335E+08
           DelSqV =  2.4952024390E+09
           DelSqVen =  1.8214393610E+12
           DelSqVrep = -1.8189441586E+12
           DelSqG =  1.3402445414E+08
           DelSqK = -2.6292268931E+09
           Stress_EigVals = -3.6253991356E+04 -3.6253810682E+04 -3.6253344201E+04
           Stress_EigVec1 =  1.6319388136E-01  9.8419142985E-01  6.8811238139E-02
           Stress_EigVec2 = -1.3674652761E-04 -6.9723690135E-02  9.9756633280E-01
           Stress_EigVec3 =  9.8659400890E-01 -1.6280613146E-01 -1.1243894855E-02
           -DivStress = -2.0385955202E+02 -8.2565434406E+02  7.9302649555E+02
           ESP =  -1.4734666071E+01     ESP at Nucleus =  -1.4734666088E+01
           ESPe = -2.7563818706E+01     ESPe at Nucleus = -2.7563819588E+01
           ESPn =  1.2829152635E+01     ESPn at Nucleus =  1.2829153500E+01

CP# 10     Coords = -2.59880496728913E-01  5.17312014995187E+00  2.53994637098834E+00
           Type = (3,-3) NACP H10
           Rho =  4.2574552565E-01     Rho at Nucleus =  4.2201098293E-01
           GradRho = -9.7448091263E-16 -9.2269941687E-15 -5.6100957213E-15
           HessRho_EigVals = -6.4976382082E+00 -6.4920324960E+00 -5.8908953301E+00
           HessRho_EigVec1 = -9.2155429927E-02 -5.6150315823E-01  8.2232693014E-01
           HessRho_EigVec2 =  9.8695970336E-01 -1.6096602809E-01  6.9408239155E-04
           HessRho_EigVec3 =  1.3197697028E-01  8.1166750649E-01  5.6901488400E-01
           DelSqRho = -1.8880566034E+01
           Bond Ellipticity = NA
           V = -4.7290462211E+00
           G =  4.4523562744E-03
           K =  4.7245938649E+00
           L =  4.7201415086E+00
           Vnuc =  4.0460261276E+01
           Ven = -1.7225775205E+01
           Vrep =  1.2496728983E+01
           DelSqV =  7.1098847913E+02
           DelSqVen =  7.6391263478E+02
           DelSqVrep = -5.2924155650E+01
           DelSqG =  7.0117112445E+01
           DelSqK = -7.8110559158E+02
           Stress_EigVals = -1.6276029692E+00 -1.6270643147E+00 -1.4743789372E+00
           Stress_EigVec1 = -5.2842567289E-02 -5.6650067724E-01  8.2236527515E-01
           Stress_EigVec2 =  9.8981143538E-01 -1.3874736362E-01 -3.1976420788E-02
           Stress_EigVec3 =  1.3221567789E-01  8.1229683723E-01  5.6806061538E-01
           -DivStress =  1.0521260773E+00  6.4619743511E+00  4.5213793971E+00
           ESP =  -1.0952837888E+00     ESP at Nucleus =  -1.0978335115E+00
           ESPe = -1.3095227358E+01     ESPe at Nucleus = -1.3002648640E+01
           ESPn =  1.1999943569E+01     ESPn at Nucleus =  1.1904815129E+01

CP# 11     Coords =  6.09062799915810E+00 -1.30077882620584E+00 -1.26162748110715E+00
           Type = (3,-3) NACP C11
           Rho =  1.1768291946E+02     Rho at Nucleus =  1.1768291940E+02
           GradRho = -2.3451879327E-11 -1.2806929128E-11 -1.6960033378E-10
           HessRho_EigVals = -1.4501188372E+05 -1.4501079978E+05 -1.4501061075E+05
           HessRho_EigVec1 =  7.9657803116E-01  6.0452567281E-01  3.4858538675E-03
           HessRho_EigVec2 = -6.0195724403E-01  7.9263526577E-01  9.6833939318E-02
           HessRho_EigVec3 =  5.5775591611E-02 -7.9234123719E-02  9.9529444740E-01
           DelSqRho = -4.3503329424E+05
           Bond Ellipticity = NA
           V = -1.0876851062E+05
           G =  5.0935291226E+00
           K =  1.0876341709E+05
           L =  1.0875832356E+05
           Vnuc =  6.4406831337E+06
           Ven = -7.5795839448E+08
           Vrep =  7.5784962597E+08
           DelSqV =  2.4953762946E+09
           DelSqVen =  2.8019112018E+12
           DelSqVrep = -2.7994155634E+12
           DelSqG =  1.3403822629E+08
           DelSqK = -2.6294145209E+09
           Stress_EigVals = -3.6256433707E+04 -3.6256319575E+04 -3.6255757337E+04
           Stress_EigVec1 =  2.7157562150E-02 -4.3393680107E-02  9.9868886814E-01
           Stress_EigVec2 = -6.0511034827E-01  7.9450791950E-01  5.0976781674E-02
           Stress_EigVec3 =  7.9567828501E-01  6.0570137393E-01  4.6810666799E-03
           -DivStress = -2.4485677226E+01  1.1031999830E+02  7.4790450276E+02
           ESP =  -1.4743884224E+01     ESP at Nucleus =  -1.4743884237E+01
           ESPe = -2.4620084809E+01     ESPe at Nucleus = -2.4620085697E+01
           ESPn =  9.8762005848E+00     ESPn at Nucleus =  9.8762014594E+00

CP# 12     Coords =  5.04824940847913E+00  7.72907636125921E-02 -2.30699600022364E+00
           Type = (3,-3) NACP H12
           Rho =  4.2464828151E-01     Rho at Nucleus =  4.2090972248E-01
           GradRho = -1.5126788711E-15 -1.7694179455E-16 -3.5214886562E-16
           HessRho_EigVals = -6.4626628655E+00 -6.4561159375E+00 -5.8589132375E+00
           HessRho_EigVec1 = -3.1868402696E-01  4.0452311246E-01  8.5720565937E-01
           HessRho_EigVec2 = -7.9418448552E-01 -6.0761707068E-01 -8.5145977484E-03
           HessRho_EigVec3 = -5.1740844013E-01  6.8349290187E-01 -5.1490383488E-01
           DelSqRho = -1.8777692041E+01
           Bond Ellipticity = NA
           V = -4.7034884596E+00
           G =  4.5327247533E-03
           K =  4.6989557349E+00
           L =  4.6944230101E+00
           Vnuc =  4.0335415122E+01
           Ven = -1.7128364715E+01
           Vrep =  1.2424876256E+01
           DelSqV =  7.0674898409E+02
           DelSqVen =  7.5740600349E+02
           DelSqVrep = -5.0657019393E+01
           DelSqG =  6.9533933817E+01
           DelSqK = -7.7628291791E+02
           Stress_EigVals = -1.6189210670E+00 -1.6181961036E+00 -1.4663712890E+00
           Stress_EigVec1 = -3.1826198116E-01  4.0670657516E-01  8.5632883466E-01
           Stress_EigVec2 = -7.9477006211E-01 -6.0686847279E-01 -7.1557749155E-03
           Stress_EigVec3 = -5.1676867138E-01  6.8286193221E-01 -5.1638137246E-01
           -DivStress = -4.1080886856E+00  5.4260107775E+00 -4.0842733626E+00
           ESP =  -1.1102908595E+00     ESP at Nucleus =  -1.1127662020E+00
           ESPe = -1.3075879401E+01     ESPe at Nucleus = -1.3024919621E+01
           ESPn =  1.1965588542E+01     ESPn at Nucleus =  1.1912153419E+01

CP# 13     Coords =  6.09024157795856E+00 -1.32414042217037E+00  1.25585501984444E+00
           Type = (3,-3) NACP C13
           Rho =  1.1768289305E+02     Rho at Nucleus =  1.1768289299E+02
           GradRho = -4.3345868561E-11 -4.1411287593E-11  1.6875345565E-10
           HessRho_EigVals = -1.4501184647E+05 -1.4501076333E+05 -1.4501057416E+05
           HessRho_EigVec1 =  7.9662208269E-01  6.0442568895E-01  7.9274156979E-03
           HessRho_EigVec2 = -6.0194862526E-01  7.9441930345E-01 -8.0968036001E-02
           HessRho_EigVec3 = -5.5236852999E-02  5.9729028489E-02  9.9668517257E-01
           DelSqRho = -4.3503318396E+05
           Bond Ellipticity = NA
           V = -1.0876848307E+05
           G =  5.0935396985E+00
           K =  1.0876338953E+05
           L =  1.0875829599E+05
           Vnuc =  6.4324954428E+06
           Ven = -7.5699467324E+08
           Vrep =  7.5688590476E+08
           DelSqV =  2.4953756574E+09
           DelSqVen =  2.7983491891E+12
           DelSqVrep = -2.7958538135E+12
           DelSqG =  1.3403818821E+08
           DelSqK = -2.6294138456E+09
           Stress_EigVals = -3.6256424486E+04 -3.6256310307E+04 -3.6255748277E+04
           Stress_EigVec1 = -2.7011431028E-02  2.4314945585E-02  9.9933936479E-01
           Stress_EigVec2 = -6.0507219242E-01  7.9536951466E-01 -3.5706821445E-02
           Stress_EigVec3 =  7.9571227498E-01  6.0563695277E-01  6.7717713531E-03
           -DivStress = -2.3511166685E+01  1.2327775629E+02 -7.4688667347E+02
           ESP =  -1.4743877813E+01     ESP at Nucleus =  -1.4743877827E+01
           ESPe = -2.4617456179E+01     ESPe at Nucleus = -2.4617457069E+01
           ESPn =  9.8735783656E+00     ESPn at Nucleus =  9.8735792425E+00

CP# 14     Coords =  7.13057776646370E+00 -2.69814988425271E+00  2.31054760071885E+00
           Type = (3,-3) NACP H14
           Rho =  4.2566666402E-01     Rho at Nucleus =  4.2198955159E-01
           GradRho =  7.8062556419E-17  1.1917550280E-15 -6.2710253657E-16
           HessRho_EigVals = -6.4809225330E+00 -6.4746067399E+00 -5.8821170652E+00
           HessRho_EigVec1 = -3.1800193176E-01  4.1232871199E-01  8.5373286493E-01
           HessRho_EigVec2 = -7.9569955040E-01 -6.0567922952E-01 -3.8595884904E-03
           HessRho_EigVec3 = -5.1549684469E-01  6.8054221339E-01 -5.2069693576E-01
           DelSqRho = -1.8837646338E+01
           Bond Ellipticity = NA
           V = -4.7184283428E+00
           G =  4.5083791589E-03
           K =  4.7139199637E+00
           L =  4.7094115845E+00
           Vnuc =  3.8923325917E+01
           Ven = -1.6568362295E+01
           Vrep =  1.1849933953E+01
           DelSqV =  7.0933502420E+02
           DelSqVen =  7.3322384792E+02
           DelSqVrep = -2.3888823717E+01
           DelSqG =  6.9803904018E+01
           DelSqK = -7.7913892822E+02
           Stress_EigVals = -1.6235256398E+00 -1.6227725348E+00 -1.4721301683E+00
           Stress_EigVec1 = -3.1854577978E-01  4.1393679069E-01  8.5275138200E-01
           Stress_EigVec2 = -7.9590682293E-01 -6.0540937479E-01 -3.4377497866E-03
           Stress_EigVec3 = -5.1484066992E-01  6.7980572388E-01 -5.2230571735E-01
           -DivStress =  4.0617460480E+00 -5.3626010066E+00  4.1091688855E+00
           ESP =  -1.1090955550E+00     ESP at Nucleus =  -1.1115406730E+00
           ESPe = -1.1377711927E+01     ESPe at Nucleus = -1.1300487880E+01
           ESPn =  1.0268616372E+01     ESPn at Nucleus =  1.0188947207E+01

CP# 15     Coords =  5.04762133222558E+00  3.44515621050242E-02  2.32617209207031E+00
           Type = (3,-3) NACP H15
           Rho =  4.2466764688E-01     Rho at Nucleus =  4.2092971315E-01
           GradRho = -2.7651492207E-15 -9.7144514655E-17 -1.1032841307E-15
           HessRho_EigVals = -6.4630031764E+00 -6.4564536559E+00 -5.8592980318E+00
           HessRho_EigVec1 = -3.1837142685E-01  4.2030688673E-01 -8.4969509563E-01
           HessRho_EigVec2 =  7.9423541480E-01  6.0760293383E-01  2.9632220226E-03
           HessRho_EigVec3 = -5.1752269559E-01  6.7391453150E-01  5.2726602753E-01
           DelSqRho = -1.8778754864E+01
           Bond Ellipticity = NA
           V = -4.7037551705E+00
           G =  4.5332272464E-03
           K =  4.6992219433E+00
           L =  4.6946887160E+00
           Vnuc =  4.0331301515E+01
           Ven = -1.7127398910E+01
           Vrep =  1.2423643739E+01
           DelSqV =  7.0679273077E+02
           DelSqVen =  7.5737162450E+02
           DelSqVrep = -5.0578893736E+01
           DelSqG =  6.9538616759E+01
           DelSqK = -7.7633134753E+02
           Stress_EigVals = -1.6190064282E+00 -1.6182812813E+00 -1.4664674611E+00
           Stress_EigVec1 = -3.1797788113E-01  4.2245221352E-01 -8.4877805957E-01
           Stress_EigVec2 =  7.9480919659E-01  6.0684432979E-01  4.2778982150E-03
           Stress_EigVec3 = -5.1688336027E-01  6.7325633060E-01  5.2873197859E-01
           -DivStress = -4.1087445384E+00  5.3497673050E+00  4.1821340932E+00
           ESP =  -1.1102749851E+00     ESP at Nucleus =  -1.1127499419E+00
           ESPe = -1.3068534317E+01     ESPe at Nucleus = -1.3017470536E+01
           ESPn =  1.1958259332E+01     ESPn at Nucleus =  1.1904720595E+01

CP# 16     Coords = -5.70225362464785E+00 -6.20068177328054E-01  4.27421027643306E-03
           Type = (3,-3) NACP H16
           Rho =  3.9157502481E-01     Rho at Nucleus =  3.8981694485E-01
           GradRho =  7.5373735031E-16 -9.0205620751E-17 -3.8963515574E-18
           HessRho_EigVals = -6.2543466845E+00 -6.2486236151E+00 -5.8952608248E+00
           HessRho_EigVec1 =  7.6150856231E-01  6.4815464028E-01  5.2135338271E-04
           HessRho_EigVec2 =  1.5588398436E-03 -2.6358228734E-03  9.9999531122E-01
           HessRho_EigVec3 = -6.4815297542E-01  7.6150417906E-01  3.0175709649E-03
           DelSqRho = -1.8398231124E+01
           Bond Ellipticity = NA
           V = -4.6085559575E+00
           G =  4.4990881674E-03
           K =  4.6040568693E+00
           L =  4.5995577811E+00
           Vnuc =  5.4834591955E+01
           Ven = -2.1471856705E+01
           Vrep =  1.6863300748E+01
           DelSqV =  7.0494120426E+02
           DelSqVen =  1.0088594964E+03
           DelSqVrep = -3.0391829214E+02
           DelSqG =  7.2308403275E+01
           DelSqK = -7.7724960753E+02
           Stress_EigVals = -1.5659406896E+00 -1.5655391109E+00 -1.4770761570E+00
