AIMSum (Version 19.02.13, Professional)
Copyright (c) 1997-2019 by Todd A. Keith
AIMSum is a component of the AIMAll package ( http://aim.tkgristmill.com )

TP:  64-bit Linux

Much of the Quantum Theory of Atoms in Molecules (QTAIM) is described in the book:
  "Atoms in Molecules - A Quantum Theory"
  R.F.W. Bader, Oxford University Press, Oxford, 1990

For additional references see:  http://aim.tkgristmill.com/references.html

Wfn File:  /home/mhennefarth/Documents/ML_Diels/summary-levandowski2018/r_10-opt/r_10-opt.wfn
Sum File:  /home/mhennefarth/Documents/ML_Diels/summary-levandowski2018/r_10-opt/r_10-opt.sum

SumViz File:  /home/mhennefarth/Documents/ML_Diels/summary-levandowski2018/r_10-opt/r_10-opt.sumviz

Wfn Title:   Title Card Required                                                           
 
Total memory allocated for AIMSum =        0.865 Megabytes

Atomic units (a.u.) used throughout, except where stated otherwise

Model:  Restricted SCF
 
Restricted, closed-shell, single-determinant wavefunction.
  Number of electrons (from MO Occs)                   =          68.0000000000
  Number of Alpha electrons (from MO Occs)             =          34.0000000000
  Number of Beta electrons (from MO Occs)              =          34.0000000000
  Number of electron pairs (N*(N-1)/2)                 =        2278.0000000000
  Number of electron pairs (from Muller 2EDM)          =        2278.0000000000
 
Nuclear Charges and Cartesian Coordinates:
-------------------------------------------------------------------------------
Atom      Charge                X                  Y                  Z
-------------------------------------------------------------------------------
C1         6.0           1.1699578500E+00  -5.7883172000E-01   9.1065000000E-04
H2         1.0          -3.5421993000E-01  -1.9805640400E+00   2.9728700000E-03
C3         6.0           9.6477380000E-01   1.1673422200E+00   2.2425639900E+00
H4         1.0           1.1015039300E+00   5.2420158000E-01   4.1796742200E+00
C5         6.0           5.3283733000E-01   3.5245293900E+00   1.3946033400E+00
H6         1.0           2.3268653000E-01   5.1931332000E+00   2.5471370600E+00
C7         6.0           9.6225492000E-01   1.1634711200E+00  -2.2435354600E+00
H8         1.0           1.0970775800E+00   5.1701061000E-01  -4.1796740400E+00
C9         6.0           5.3128140000E-01   3.5221134500E+00  -1.3991612300E+00
H10        1.0           2.2986191000E-01   5.1887239300E+00  -2.5542378900E+00
C11        6.0          -6.0513701000E+00  -1.3079096100E+00   1.2599300600E+00
H12        1.0          -5.0586895500E+00   1.3594499000E-01   2.3332897600E+00
H13        1.0          -7.0428323800E+00  -2.7410253800E+00   2.3496709400E+00
C14        6.0          -6.0519976700E+00  -1.3151842700E+00  -1.2577289500E+00
H15        1.0          -7.0438652900E+00  -2.7546397000E+00  -2.3386289300E+00
H16        1.0          -5.0597508100E+00   1.2241094000E-01  -2.3399362400E+00
Cl17      17.0           4.0912825200E+00  -2.4269635100E+00   8.3752000000E-04
 
Some Atomic Properties:
----------------------
  q(A) = Net Charge of Atom A
  L(A) = Lagrangian of Atom A = -(1/4) Times Atomic Integral of the Laplacian of the Electron Density
  K(A) = Electronic Kinetic Energy of Atom A (Hamiltonian Form)
  K_Scaled(A) = K(A) * E(Mol)/K(Mol) = Approximation to Virial-Based Total Energy of Atom A.
  |Mu_Intra(A)| = Magnitude of Intraatomic Dipole Moment of Atom A
--------------------------------------------------------------------------------------------------
Atom A          q(A)              L(A)              K(A)          K_Scaled(A)      |Mu_Intra(A)|
--------------------------------------------------------------------------------------------------
C1        8.9497235400E-02 -5.2697462544E-06  3.7631188718E+01 -3.7845017035E+01  1.6696290643E-01
H2        9.5134366510E-02  2.6130681332E-05  5.7985011534E-01 -5.8314494546E-01  1.4400415155E-01
C3       -4.7750210700E-02  6.0724456923E-05  3.7736999681E+01 -3.7951429238E+01  1.9986416359E-01
H4        7.0847015040E-02  2.0340079574E-05  5.8234806046E-01 -5.8565708444E-01  1.4603773916E-01
C5       -4.4790475900E-02 -3.0345802294E-05  3.7724751743E+01 -3.7939111704E+01  1.6094872239E-01
H6        5.7766578600E-02  2.1042427381E-05  5.8816660710E-01 -5.9150869327E-01  1.4694114995E-01
C7       -4.7838707700E-02 -3.8682245557E-05  3.7736983918E+01 -3.7951413385E+01  1.9993010812E-01
H8        7.0842795270E-02  2.0367870880E-05  5.8234870290E-01 -5.8565773053E-01  1.4604034596E-01
C9       -4.4825592500E-02 -1.0716509036E-04  3.7724735851E+01 -3.7939095722E+01  1.6085909528E-01
H10       5.7763214390E-02  1.9104328014E-05  5.8816840767E-01 -5.9151050408E-01  1.4693994051E-01
C11      -8.5405229500E-02 -3.6772633260E-05  3.7696139050E+01 -3.7910336428E+01  9.4442353313E-02
H12       4.5767484380E-02  2.7868264834E-05  5.9329330451E-01 -5.9666452166E-01  1.4443050153E-01
H13       4.0623113570E-02  1.8172866555E-05  5.9538143108E-01 -5.9876451340E-01  1.4695286474E-01
C14      -8.5390961700E-02 -3.4509894033E-06  3.7696144407E+01 -3.7910341816E+01  9.4577190024E-02
H15       4.0622283090E-02  2.1796620734E-05  5.9539560389E-01 -5.9877876674E-01  1.4695745867E-01
H16       4.5734383390E-02  2.1572425795E-05  5.9328795999E-01 -5.9665914677E-01  1.4444986680E-01
Cl17     -2.5858829400E-01  9.7513792737E-06  4.5889875656E+02 -4.6150631567E+02  1.8518347661E-01
--------------------------------------------------------------------------------------------------
Total     8.9976400002E-06  4.5184894167E-05  7.2814394012E+02 -7.3228140690E+02
 
1st Largest |L(A)| = 1.0716509036E-04, atom C9      
2nd Largest |L(A)| = 6.0724456923E-05, atom C3      
 
Molecular charge q(Mol) from the wfn file:   0.0000000000E+00
Molecular energy E(Mol) from the wfn file:  -7.3228141402E+02
Molecular virial ratio (-V(Mol)/T(Mol)) from the wfn file:   2.0056822100E+00
Note.  K_Scaled(A) = (1+V(Mol)/T(Mol))*K(A) = (E(Mol)/T(Mol))*K(A)
       Only use K_Scaled(A) data with caution.
 
N_AIMInt(SumA)     =         67.999991
N_Analytic(Mol)    =         67.999991
 
G_AIMInt(SumA)     =        728.143895
G_Analytic(Mol)    =        728.143931
 
K_AIMInt(SumA)     =        728.143940
K_Analytic(Mol)    =        728.143931
 
L_AIMInt(SumA)     =          0.000045
L_Analytic(Mol)    =          0.000000
 
VenT_AIMInt(SumA)  =      -2498.673038
VenT_Analytic(Mol) =      -2498.673530
 
Some Information About the Atomic Calculations:
----------------------------------------------
  Time(sec) = "Elapsed User Time", in Seconds, for Atom A by AIMInt and, if used, by TWOe
  NProc = Number of Processors Used for AIMInt Job
  BIM = Basin Integration Method
  OAQ = Angular Quadrature Outside of Beta Sphere
  ORQ = Multiple of Default for Radial Quadrature Outside of Beta Sphere
  IAQ = Multiple of Default for Angular Quadrature Inside of Beta Sphere
  IRQ = Multiple of Default for Radial Quadrature Inside of Beta Sphere
  MIR = Maximum Integration Radius
------------------------------------------------------------------------------------------------------
Atom A     Time(sec)   NProc      BIM          OAQ                     ORQ      IAQ      IRQ      MIR
------------------------------------------------------------------------------------------------------
C1             28        8     Proaim(5)    4500(GS4)                  1.00     1.00     1.00    13.00
H2             14        8     Proaim(5)    4500(GS4)                  1.00     1.00     1.00    13.00
C3             27        8     Proaim(5)    4500(GS4)                  1.00     1.00     1.00    13.00
H4              8        8     Proaim(5)    1800(GS4)                  1.00     1.00     1.00    13.00
C5             20        8     Proaim(5)    4500(GS4)                  1.00     1.00     1.00    13.00
H6              6        8     Proaim(5)    1800(GS4)                  1.00     1.00     1.00    13.00
C7             26        8     Proaim(5)    4500(GS4)                  1.00     1.00     1.00    13.00
H8              8        8     Proaim(5)    1800(GS4)                  1.00     1.00     1.00    13.00
C9             20        8     Proaim(5)    4500(GS4)                  1.00     1.00     1.00    13.00
H10             6        8     Proaim(5)    1800(GS4)                  1.00     1.00     1.00    13.00
C11            30        8     Proaim(5)    4500(GS4)                  1.00     1.00     1.00    13.00
H12            11        8     Proaim(5)    4500(GS4)                  1.00     1.00     1.00    13.00
H13             4        8     Proaim(5)    1800(GS4)                  1.00     1.00     1.00    13.00
C14            26        8     Proaim(5)    4500(GS4)                  1.00     1.00     1.00    13.00
H15             5        8     Proaim(5)    1800(GS4)                  1.00     1.00     1.00    13.00
H16            15        8     Proaim(5)    4500(GS4)                  1.00     1.00     1.00    13.00
Cl17           11        8     Proaim(5)    3150(GS4)                  1.00     1.00     1.00    13.00
------------------------------------------------------------------------------------------------------
Total         265
Note:  Total wall clock time is less than total of atomic times if more than one atom
       was calculated at a time
 
Electron Density Critical Point Analysis of Molecular Structure:               
---------------------------------------------------------------                
  NACP = Nuclear Attractor Critical Point                                      
  NNACP = Non-Nuclear Attractor Critical Point                                 
  BCP = Bond Critical Point                                                    
  RCP = Ring Critical Point                                                    
  CCP = Cage Critical Point                                                    
  Rho = Electron Density                                                       
  GradRho = Gradient of Electron Density                                       
  HessRho_EigVals = Eigenvalues of the Hessian of Rho, Ascending Order         
  HessRho_EigVecs = Eigenvectors of the Hessian of Rho                         
  DelSqRho = Laplacian of Rho = Trace of Hessian of Rho                        
  Bond Ellipticity = (HessRho_EigVal(1) / HessRho_EigVal(2)) - 1               
  V = Virial Field = Potential Energy Density = Trace of Stress Tensor         
  G = Lagrangian Form of Kinetic Energy Density                                
  K = Hamiltonian Form of Kinetic Energy Density                               
  L = K - G = Lagrangian Density = (-1/4)DelSqRho                              
  Vnuc = Electrostatic Potential from Nuclei                                   
  Ven = Electron-nuclear attractive contribution to Virial Field V             
  Vrep = V - Ven = Repulsive contribution to Virial Field V                    
  DelSqV = Laplacian of V                                                      
  DelSqVen = Laplacian of Ven                                                  
  DelSqVrep = Laplacian of Vrep                                                
  DelSqG = Laplacian of G                                                      
  DelSqK = Laplacian of K                                                      
  Stress_EigVals = Eigenvalues of Stress Tensor, Ascending Order               
  Stress_EigVecs = Eigenvectors of Stress Tensor                               
  -DivStress = Ehrenfest Force Density = Minus Divergence of Stress Tensor     
  ESP = Total Electrostatic Potential                                          
  ESPe = Electrostatic Potential from Electrons                                
  ESPn = Electrostatic Potential from Nuclei                                   
  BP = Bond Path                                                               
  BPL = Bond Path Length                                                       
  GBL = Geometric Bond Length                                                  
  GBL_I = Distance Between Nuclear Attractors                                  
  GBL_II = Distance Between Nuclei                                             
  GBL_III = Sum of Distances Between BCP and Nuclear Attractors                
  GBL_IV = Sum of Distances Between BCP and Nuclei                             

CP# 1      Coords =  1.16996231751495E+00 -5.78833916039736E-01  9.10649401078082E-04
           Type = (3,-3) NACP C1
           Rho =  1.1762589813E+02     Rho at Nucleus =  1.1762589634E+02
           GradRho =  1.4074802690E-11 -2.6617872648E-12  2.0296878768E-15
           HessRho_EigVals = -1.4494644777E+05 -1.4494447706E+05 -1.4494406108E+05
           HessRho_EigVec1 =  8.7006084535E-01 -4.9294433887E-01 -6.4555791474E-05
           HessRho_EigVec2 =  5.7490117929E-04  8.8375748759E-04  9.9999944423E-01
           HessRho_EigVec3 =  4.9294400786E-01  8.7006039891E-01 -1.0523170685E-03
           DelSqRho = -4.3483498591E+05
           Bond Ellipticity = NA
           V = -1.0871882800E+05
           G =  5.0407622873E+00
           K =  1.0871378724E+05
           L =  1.0870874648E+05
           Vnuc =  1.2052992433E+06
           Ven = -1.4177440601E+08
           Vrep =  1.4166568718E+08
           DelSqV =  2.4942469721E+09
           DelSqVen =  5.2410627379E+11
           DelSqVrep = -5.2161202682E+11
           DelSqG =  1.3398014822E+08
           DelSqK = -2.6282271203E+09
           Stress_EigVals = -3.6239899443E+04 -3.6239732228E+04 -3.6239196332E+04
           Stress_EigVec1 =  4.9778243909E-01  8.6730131519E-01 -1.0353766196E-03
           Stress_EigVec2 =  5.6313040897E-04  8.7058513726E-04  9.9999946248E-01
           Stress_EigVec3 =  8.6730175038E-01 -4.9778275457E-01 -5.5041751265E-05
           -DivStress = -3.6181881742E+03  1.7732058324E+03  4.8954190786E-01
           ESP =  -1.4671332160E+01     ESP at Nucleus =  -1.4671332287E+01
           ESPe = -2.9954843927E+01     ESPe at Nucleus = -2.9954843000E+01
           ESPn =  1.5283511767E+01     ESPn at Nucleus =  1.5283510713E+01

CP# 2      Coords = -3.27742036039647E-01 -1.95660493191169E+00  2.93748376702090E-03
           Type = (3,-3) NACP H2
           Rho =  4.1829931677E-01     Rho at Nucleus =  4.1452282059E-01
           GradRho =  1.9971442319E-15  1.3958014007E-15 -4.8907219153E-18
           HessRho_EigVals = -6.3707752375E+00 -6.3676251375E+00 -5.7621753594E+00
           HessRho_EigVec1 = -6.6871261186E-01  7.4352092185E-01 -2.8549669174E-04
           HessRho_EigVec2 =  5.4585714903E-04  8.7491566229E-04  9.9999946828E-01
           HessRho_EigVec3 =  7.4352077629E-01  6.6871210045E-01 -9.9092334834E-04
           DelSqRho = -1.8500575734E+01
           Bond Ellipticity = NA
           V = -4.6351854121E+00
           G =  5.0207392340E-03
           K =  4.6301646728E+00
           L =  4.6251439336E+00
           Vnuc =  4.3159904017E+01
           Ven = -1.8053758362E+01
           Vrep =  1.3418572950E+01
           DelSqV =  6.9601461837E+02
           DelSqVen =  7.9848307295E+02
           DelSqVrep = -1.0246845459E+02
           DelSqG =  6.8585571520E+01
           DelSqK = -7.6460018989E+02
           Stress_EigVals = -1.5960980960E+00 -1.5959077077E+00 -1.4431796084E+00
           Stress_EigVec1 = -6.6916479812E-01  7.4311387705E-01 -4.8855953148E-04
           Stress_EigVec2 =  4.0957255823E-04  1.0262636657E-03  9.9999938952E-01
           Stress_EigVec3 =  7.4311392478E-01  6.6916418951E-01 -9.9109857034E-04
           -DivStress = -5.8690160075E+00 -5.3125923889E+00  7.8446710906E-03
           ESP =  -1.0791078428E+00     ESP at Nucleus =  -1.0816189005E+00
           ESPe = -1.6234716809E+01     ESPe at Nucleus = -1.6144101145E+01
           ESPn =  1.5155608966E+01     ESPn at Nucleus =  1.5062482244E+01

CP# 3      Coords =  9.64773682931661E-01  1.16734057671391E+00  2.24256322430616E+00
           Type = (3,-3) NACP C3
           Rho =  1.1768284417E+02     Rho at Nucleus =  1.1768284393E+02
           GradRho = -8.5603690803E-11 -1.2099683998E-09 -5.7325744846E-10
           HessRho_EigVals = -1.4500997364E+05 -1.4500954954E+05 -1.4500901381E+05
           HessRho_EigVec1 =  9.4838322951E-01  2.9628771396E-01  1.1306122478E-01
           HessRho_EigVec2 = -2.5522361644E-01  5.0149504122E-01  8.2665810904E-01
           HessRho_EigVec3 = -1.8822899777E-01  8.1284458182E-01 -5.5122910864E-01
           DelSqRho = -4.3502853699E+05
           Bond Ellipticity = NA
           V = -1.0876742793E+05
           G =  5.1468434046E+00
           K =  1.0876228109E+05
           L =  1.0875713425E+05
           Vnuc =  3.3027142696E+06
           Ven = -3.8867280875E+08
           Vrep =  3.8856404132E+08
           DelSqV =  2.4953484991E+09
           DelSqVen =  1.4367750226E+12
           DelSqVrep = -1.4342796823E+12
           DelSqG =  1.3403500342E+08
           DelSqK = -2.6293835025E+09
           Stress_EigVals = -3.6256099829E+04 -3.6255831140E+04 -3.6255496965E+04
           Stress_EigVec1 = -1.4675012842E-01  7.3230822709E-01 -6.6497297715E-01
           Stress_EigVec2 = -1.5412475642E-01  6.4711292248E-01  7.4665281424E-01
           Stress_EigVec3 =  9.7709260527E-01  2.1206019451E-01  1.7902922646E-02
           -DivStress =  9.4000778339E+01  1.3342099222E+03  6.2710018509E+02
           ESP =  -1.4730413170E+01     ESP at Nucleus =  -1.4730413190E+01
           ESPe = -2.8466384421E+01     ESPe at Nucleus = -2.8466383246E+01
           ESPn =  1.3735971251E+01     ESPn at Nucleus =  1.3735970056E+01

CP# 4      Coords =  1.09904906259553E+00  5.35329667674004E-01  4.14568432551630E+00
           Type = (3,-3) NACP H4
           Rho =  4.2295148209E-01     Rho at Nucleus =  4.1910262542E-01
           GradRho = -4.7482569992E-10  2.1546815387E-09 -6.5901763670E-09
           HessRho_EigVals = -6.4409453055E+00 -6.4346992172E+00 -5.8256822207E+00
           HessRho_EigVec1 = -1.3139485432E-01  9.3957078007E-01  3.1613627047E-01
           HessRho_EigVec2 =  9.8901179667E-01  1.4604010025E-01 -2.2977274819E-02
           HessRho_EigVec3 =  6.7757348658E-02 -3.0964340517E-01  9.4843550299E-01
           DelSqRho = -1.8701326743E+01
           Bond Ellipticity = NA
           V = -4.6844302261E+00
           G =  4.5492701439E-03
           K =  4.6798809560E+00
           L =  4.6753316859E+00
           Vnuc =  4.1023391689E+01
           Ven = -1.7350904316E+01
           Vrep =  1.2666474089E+01
           DelSqV =  7.0349950451E+02
           DelSqVen =  7.6719186288E+02
           DelSqVrep = -6.3692358377E+01
           DelSqG =  6.9253121850E+01
           DelSqK = -7.7275262636E+02
           Stress_EigVals = -1.6134113684E+00 -1.6130764149E+00 -1.4579424429E+00
           Stress_EigVec1 = -1.9737573335E-01  9.2710203403E-01  3.1862931186E-01
           Stress_EigVec2 =  9.7793611555E-01  2.0889435018E-01 -2.0259246420E-03
           Stress_EigVec3 =  6.8438101907E-02 -3.1119924318E-01  9.4787723744E-01
           -DivStress =  5.5076861234E-01 -2.4971369619E+00  7.6247358226E+00
           ESP =  -1.0877675591E+00     ESP at Nucleus =  -1.0903970756E+00
           ESPe = -1.4216626184E+01     ESPe at Nucleus = -1.4121416915E+01
           ESPn =  1.3128858625E+01     ESPn at Nucleus =  1.3031019840E+01

CP# 5      Coords =  5.32836954778780E-01  3.52453033755417E+00  1.39460228133247E+00
           Type = (3,-3) NACP C5
           Rho =  1.1768187786E+02     Rho at Nucleus =  1.1768187771E+02
           GradRho = -1.9035892480E-10  4.9866769893E-10 -5.1199319372E-10
           HessRho_EigVals = -1.4500549514E+05 -1.4500456511E+05 -1.4500422173E+05
           HessRho_EigVec1 =  9.7785727645E-01  2.0854737796E-01  1.7410859966E-02
           HessRho_EigVec2 = -2.8899084994E-02  5.2167088682E-02  9.9822013491E-01
           HessRho_EigVec3 = -2.0726791788E-01  9.7661998034E-01 -5.7038795660E-02
           DelSqRho = -4.3501428198E+05
           Bond Ellipticity = NA
           V = -1.0876381672E+05
           G =  5.1231100993E+00
           K =  1.0875869360E+05
           L =  1.0875357049E+05
           Vnuc =  4.0830375485E+06
           Ven = -4.8049952609E+08
           Vrep =  4.8039076227E+08
           DelSqV =  2.4952627110E+09
           DelSqVen =  1.7761796751E+12
           DelSqVrep = -1.7736844124E+12
           DelSqG =  1.3402703960E+08
           DelSqK = -2.6292897506E+09
           Stress_EigVals = -3.6254891820E+04 -3.6254701637E+04 -3.6254223258E+04
           Stress_EigVec1 = -1.9194694859E-01  9.7847270784E-01  7.5812459011E-02
           Stress_EigVec2 =  7.6907529408E-03 -7.5746814818E-02  9.9709742371E-01
           Stress_EigVec3 =  9.8137516845E-01  1.9197286282E-01  7.0141781147E-03
           -DivStress =  3.0137707587E+02 -7.6540104645E+02  8.6353861649E+02
           ESP =  -1.4726039297E+01     ESP at Nucleus =  -1.4726039314E+01
           ESPe = -2.7591043198E+01     ESPe at Nucleus = -2.7591043935E+01
           ESPn =  1.2865003901E+01     ESPn at Nucleus =  1.2865004621E+01

CP# 6      Coords =  2.37828468918813E-01  5.16444137520988E+00  2.52716719850257E+00
           Type = (3,-3) NACP H6
           Rho =  4.2539049088E-01     Rho at Nucleus =  4.2161913215E-01
           GradRho =  1.4489277833E-15 -6.0147741822E-15 -5.0586484735E-15
           HessRho_EigVals = -6.4913507021E+00 -6.4858861229E+00 -5.8810465315E+00
           HessRho_EigVec1 =  9.4520248503E-02 -5.5792952855E-01  8.2448806164E-01
           HessRho_EigVec2 =  9.8485000486E-01  1.7335247834E-01  4.4029737762E-03
           HessRho_EigVec3 = -1.4538359793E-01  8.1158090134E-01  5.6586221824E-01
           DelSqRho = -1.8858283356E+01
           Bond Ellipticity = NA
           V = -4.7233601384E+00
           G =  4.3946496583E-03
           K =  4.7189654888E+00
           L =  4.7145708391E+00
           Vnuc =  4.0326778028E+01
           Ven = -1.7154627901E+01
           Vrep =  1.2431267762E+01
           DelSqV =  7.0996287422E+02
           DelSqVen =  7.6049380690E+02
           DelSqVrep = -5.0530932687E+01
           DelSqG =  7.0009958797E+01
           DelSqK = -7.7997283301E+02
           Stress_EigVals = -1.6260175651E+00 -1.6254458864E+00 -1.4718966869E+00
           Stress_EigVec1 =  6.8352382784E-02 -5.6131268067E-01  8.2477634925E-01
           Stress_EigVec2 =  9.8698162355E-01  1.5868469344E-01  2.6200054043E-02
           Stress_EigVec3 = -1.4558580471E-01  8.1224826413E-01  5.6485177779E-01
           -DivStress = -1.1631190303E+00  6.4899190589E+00  4.5162187673E+00
           ESP =  -1.0880762782E+00     ESP at Nucleus =  -1.0906509103E+00
           ESPe = -1.3113095250E+01     ESPe at Nucleus = -1.3019823793E+01
           ESPn =  1.2025018972E+01     ESPn at Nucleus =  1.1929172883E+01

CP# 7      Coords =  9.62254804005644E-01  1.16346947784904E+00 -2.24353469149119E+00
           Type = (3,-3) NACP C7
           Rho =  1.1768284020E+02     Rho at Nucleus =  1.1768283996E+02
           GradRho = -8.0230794230E-11 -1.2019102762E-09  5.7571184799E-10
           HessRho_EigVals = -1.4500996724E+05 -1.4500954331E+05 -1.4500900754E+05
           HessRho_EigVec1 =  9.4827254553E-01  2.9606588999E-01 -1.1456076196E-01
           HessRho_EigVec2 =  2.5606602555E-01 -5.0004840409E-01  8.2727370569E-01
           HessRho_EigVec3 = -1.8764159975E-01  8.1381606175E-01  5.4999458878E-01
           DelSqRho = -4.3502851809E+05
           Bond Ellipticity = NA
           V = -1.0876742323E+05
           G =  5.1468508843E+00
           K =  1.0876227637E+05
           L =  1.0875712952E+05
           Vnuc =  3.3025446480E+06
           Ven = -3.8865283405E+08
           Vrep =  3.8854406663E+08
           DelSqV =  2.4953483831E+09
           DelSqVen =  1.4367010324E+12
           DelSqVrep = -1.4342057004E+12
           DelSqG =  1.3403499629E+08
           DelSqK = -2.6293833794E+09
           Stress_EigVals = -3.6256098257E+04 -3.6255829550E+04 -3.6255495418E+04
           Stress_EigVec1 = -1.4606498090E-01  7.3346514468E-01  6.6384780100E-01
           Stress_EigVec2 =  1.5488521174E-01 -6.4581412728E-01  7.4761934445E-01
           Stress_EigVec3 =  9.7707501889E-01  2.1202121249E-01 -1.9272076075E-02
           -DivStress =  9.3123263609E+01  1.3332786847E+03 -6.2938441541E+02
           ESP =  -1.4730415792E+01     ESP at Nucleus =  -1.4730415812E+01
           ESPe = -2.8466981965E+01     ESPe at Nucleus = -2.8466980790E+01
           ESPn =  1.3736566173E+01     ESPn at Nucleus =  1.3736564978E+01

CP# 8      Coords =  1.09465593974353E+00  5.28196901907563E-01 -4.14570105854169E+00
           Type = (3,-3) NACP H8
           Rho =  4.2295163457E-01     Rho at Nucleus =  4.1910281131E-01
           GradRho = -4.6178610393E-10  2.1354599915E-09  6.4941293170E-09
           HessRho_EigVals = -6.4409504984E+00 -6.4347041407E+00 -5.8256908629E+00
           HessRho_EigVec1 = -1.3179384341E-01  9.3901446112E-01 -3.1761962258E-01
           HessRho_EigVec2 =  9.8902178975E-01  1.4616309753E-01  2.1731275027E-02
           HessRho_EigVec3 = -6.6830249382E-02  3.1126867933E-01  9.4796915933E-01
           DelSqRho = -1.8701345502E+01
           Bond Ellipticity = NA
           V = -4.6844350248E+00
           G =  4.5493246382E-03
           K =  4.6798857001E+00
           L =  4.6753363755E+00
           Vnuc =  4.1024481510E+01
           Ven = -1.7351371512E+01
           Vrep =  1.2666936487E+01
           DelSqV =  7.0350040382E+02
           DelSqVen =  7.6721301338E+02
           DelSqVrep = -6.3712609557E+01
           DelSqG =  6.9253238451E+01
           DelSqK = -7.7275364228E+02
           Stress_EigVals = -1.6134126666E+00 -1.6130777383E+00 -1.4579446199E+00
           Stress_EigVec1 = -1.9771056101E-01  9.2654976187E-01 -3.2002511282E-01
           Stress_EigVec2 =  9.7793284094E-01  2.0891831377E-01  7.0482988035E-04
           Stress_EigVec3 = -6.7512166893E-02  3.1282371544E-01  9.4740879792E-01
           -DivStress =  5.4331745604E-01 -2.5101961810E+00 -7.6209481718E+00
           ESP =  -1.0877665931E+00     ESP at Nucleus =  -1.0903960843E+00
           ESPe = -1.4217577223E+01     ESPe at Nucleus = -1.4122372099E+01
           ESPn =  1.3129810630E+01     ESPn at Nucleus =  1.3031976014E+01

CP# 9      Coords =  5.31281026046978E-01  3.52211439945704E+00 -1.39916017241294E+00
           Type = (3,-3) NACP C9
           Rho =  1.1768186551E+02     Rho at Nucleus =  1.1768186536E+02
           GradRho = -1.7998476494E-10  4.7992191666E-10  5.1224264090E-10
           HessRho_EigVals = -1.4500547302E+05 -1.4500454295E+05 -1.4500419951E+05
           HessRho_EigVec1 =  9.7782735403E-01  2.0856591247E-01 -1.8812917668E-02
           HessRho_EigVec2 =  2.9957849107E-02 -5.0406398620E-02  9.9827938086E-01
           HessRho_EigVec3 = -2.0725875854E-01  9.7670848012E-01  5.5536941523E-02
           DelSqRho = -4.3501421549E+05
           Bond Ellipticity = NA
           V = -1.0876380008E+05
           G =  5.1231038558E+00
           K =  1.0875867698E+05
           L =  1.0875355387E+05
           Vnuc =  4.0826848423E+06
           Ven = -4.8045796855E+08
           Vrep =  4.8034920475E+08
           DelSqV =  2.4952623221E+09
           DelSqVen =  1.7760259604E+12
           DelSqVrep = -1.7735307145E+12
           DelSqG =  1.3402701255E+08
           DelSqK = -2.6292893347E+09
           Stress_EigVals = -3.6254886287E+04 -3.6254696091E+04 -3.6254217702E+04
           Stress_EigVec1 = -1.9204976612E-01  9.7833685505E-01 -7.7290914006E-02
           Stress_EigVec2 = -6.6015593139E-03  7.7467314943E-02  9.9697303601E-01
           Stress_EigVec3 =  9.8136298420E-01  1.9197867895E-01 -8.4190309392E-03
           -DivStress =  3.0034081997E+02 -7.6695212266E+02 -8.6266489924E+02
           ESP =  -1.4726040542E+01     ESP at Nucleus =  -1.4726040559E+01
           ESPe = -2.7591318660E+01     ESPe at Nucleus = -2.7591319397E+01
           ESPn =  1.2865278118E+01     ESPn at Nucleus =  1.2865278838E+01

CP# 10     Coords =  2.35025898844567E-01  5.16006648043443E+00 -2.53422412763293E+00
           Type = (3,-3) NACP H10
           Rho =  4.2539164009E-01     Rho at Nucleus =  4.2162024116E-01
           GradRho =  1.5014031685E-15 -6.8757933375E-15  5.5806393035E-15
           HessRho_EigVals = -6.4913640311E+00 -6.4858992616E+00 -5.8810551773E+00
           HessRho_EigVec1 = -9.3589957123E-02  5.5935557217E-01  8.2362750307E-01
           HessRho_EigVec2 =  9.8484653026E-01  1.7333090852E-01 -5.8058587784E-03
           HessRho_EigVec3 = -1.4600764285E-01  8.1060331855E-01 -5.6710142672E-01
           DelSqRho = -1.8858318470E+01
           Bond Ellipticity = NA
           V = -4.7233690871E+00
           G =  4.3947348078E-03
           K =  4.7189743523E+00
           L =  4.7145796175E+00
           Vnuc =  4.0327000608E+01
           Ven = -1.7154768929E+01
           Vrep =  1.2431399842E+01
           DelSqV =  7.0996397872E+02
           DelSqVen =  7.6049942040E+02
           DelSqVrep = -5.0535441685E+01
           DelSqG =  7.0010033922E+01
           DelSqK = -7.7997401264E+02
           Stress_EigVals = -1.6260209290E+00 -1.6254492970E+00 -1.4718988610E+00
           Stress_EigVec1 = -6.7418741134E-02  5.6273938013E-01  8.2388051524E-01
           Stress_EigVec2 =  9.8695374269E-01  1.5862381647E-01 -2.7582506015E-02
           Stress_EigVec3 = -1.4620883398E-01  8.1127238022E-01 -5.6609195540E-01
           -DivStress = -1.1681074483E+00  6.4821560248E+00 -4.5261565599E+00
           ESP =  -1.0880792968E+00     ESP at Nucleus =  -1.0906540008E+00
           ESPe = -1.3113447418E+01     ESPe at Nucleus = -1.3020175728E+01
           ESPn =  1.2025368122E+01     ESPn at Nucleus =  1.1929521728E+01

CP# 11     Coords = -6.05137008918423E+00 -1.30790972165001E+00  1.25993097564434E+00
           Type = (3,-3) NACP C11
           Rho =  1.1768306021E+02     Rho at Nucleus =  1.1768306015E+02
           GradRho =  9.0989099935E-12 -3.6187187795E-11  1.7653569774E-10
           HessRho_EigVals = -1.4501207468E+05 -1.4501099048E+05 -1.4501080199E+05
           HessRho_EigVec1 =  8.2458756610E-01 -5.6573247518E-01 -1.4533972695E-03
           HessRho_EigVec2 =  5.6453086593E-01  8.2299820293E-01 -6.3078200562E-02
           HessRho_EigVec3 =  3.6881529875E-02  5.1193012257E-02  9.9800752916E-01
           DelSqRho = -4.3503386716E+05
           Bond Ellipticity = NA
           V = -1.0876865424E+05
           G =  5.0937256174E+00
           K =  1.0876356051E+05
           L =  1.0875846679E+05
           Vnuc =  6.5041474966E+06
           Ven = -7.6542798145E+08
           Vrep =  7.6531921280E+08
           DelSqV =  2.4953795893E+09
           DelSqVen =  2.8295241400E+12
           DelSqVrep = -2.8270287604E+12
           DelSqG =  1.3403841742E+08
           DelSqK = -2.6294180067E+09
           Stress_EigVals = -3.6256481726E+04 -3.6256367360E+04 -3.6255805154E+04
           Stress_EigVec1 =  1.8037149816E-02  2.6402756298E-02  9.9948864710E-01
           Stress_EigVec2 =  5.6687402895E-01  8.2318370075E-01 -3.1975461171E-02
           Stress_EigVec3 =  8.2360700369E-01 -5.6716090246E-01  1.1914910160E-04
           -DivStress = -7.8927074204E+00  9.0433923083E+01 -7.4350474026E+02
           ESP =  -1.4740270256E+01     ESP at Nucleus =  -1.4740270269E+01
           ESPe = -2.4643926400E+01     ESPe at Nucleus = -2.4643927254E+01
           ESPn =  9.9036561434E+00     ESPn at Nucleus =  9.9036569849E+00

CP# 12     Coords = -5.07573242929992E+00  1.11175567721504E-01  2.31499647924282E+00
           Type = (3,-3) NACP H12
           Rho =  4.2488011632E-01     Rho at Nucleus =  4.2115038371E-01
           GradRho = -2.3102450942E-15 -1.8209175487E-16 -6.5653862555E-16
           HessRho_EigVals = -6.4667749216E+00 -6.4602493009E+00 -5.8637219951E+00
           HessRho_EigVec1 = -2.9964179873E-01 -4.2506881595E-01  8.5412604114E-01
           HessRho_EigVec2 = -8.2210785928E-01  5.6930907340E-01 -5.0839615719E-03
           HessRho_EigVec3 =  4.8410067152E-01  7.0370709863E-01  5.2004120911E-01
           DelSqRho = -1.8790746218E+01
           Bond Ellipticity = NA
           V = -4.7067486021E+00
           G =  4.5310238652E-03
           K =  4.7022175783E+00
           L =  4.6976865544E+00
           Vnuc =  4.0361552292E+01
           Ven = -1.7148821033E+01
           Vrep =  1.2442072430E+01
           DelSqV =  7.0729140140E+02
           DelSqVen =  7.5842368607E+02
           DelSqVrep = -5.1132284675E+01
           DelSqG =  6.9592323146E+01
           DelSqK = -7.7688372454E+02
           Stress_EigVals = -1.6199550315E+00 -1.6192240856E+00 -1.4675694851E+00
           Stress_EigVec1 = -2.9912582010E-01 -4.2723351008E-01  8.5322638943E-01
           Stress_EigVec2 = -8.2264897711E-01  5.6853741580E-01 -3.7238817362E-03
           Stress_EigVec3 =  4.8350015947E-01  7.0301972569E-01  5.2152743081E-01
           -DivStress =  3.8398324470E+00  5.5808937543E+00  4.1231081478E+00
           ESP =  -1.1064811899E+00     ESP at Nucleus =  -1.1089500883E+00
           ESPe = -1.3054219720E+01     ESPe at Nucleus = -1.3002254908E+01
           ESPn =  1.1947738530E+01     ESPn at Nucleus =  1.1893304820E+01

CP# 13     Coords = -7.02595334327966E+00 -2.71663819522883E+00  2.33117284881443E+00
           Type = (3,-3) NACP H13
           Rho =  4.2548956927E-01     Rho at Nucleus =  4.2180279590E-01
           GradRho = -2.1393951606E-15 -6.9933750631E-16 -9.4221573360E-16
           HessRho_EigVals = -6.4777277995E+00 -6.4714042035E+00 -5.8781072232E+00
           HessRho_EigVec1 = -2.9730835358E-01 -4.3740797203E-01 -8.4869429649E-01
           HessRho_EigVec2 =  8.2359526508E-01 -5.6716526407E-01  3.7950716758E-03
           HessRho_EigVec3 =  4.8300991939E-01  6.9785229758E-01 -5.2887010554E-01
           DelSqRho = -1.8827239226E+01
           Bond Ellipticity = NA
           V = -4.7158079719E+00
           G =  4.4990826581E-03
           K =  4.7113088892E+00
           L =  4.7068098066E+00
           Vnuc =  3.8921884722E+01
           Ven = -1.6560855966E+01
           Vrep =  1.1845047994E+01
           DelSqV =  7.0888937405E+02
           DelSqVen =  7.3279163480E+02
           DelSqVrep = -2.3902260751E+01
           DelSqG =  6.9756057423E+01
           DelSqK = -7.7864543147E+02
           Stress_EigVals = -1.6227190692E+00 -1.6219684179E+00 -1.4711204848E+00
           Stress_EigVec1 = -2.9799677112E-01 -4.3885038617E-01 -8.4770765182E-01
           Stress_EigVec2 =  8.2370448686E-01 -5.6700539790E-01  3.9745546432E-03
           Stress_EigVec3 =  4.8239904926E-01  6.9707619190E-01 -5.3044880993E-01
           -DivStress = -3.8099512722E+00 -5.5050890442E+00  4.1774140982E+00
           ESP =  -1.1057777875E+00     ESP at Nucleus =  -1.1082284975E+00
           ESPe = -1.1419030661E+01     ESPe at Nucleus = -1.1341763081E+01
           ESPn =  1.0313252874E+01     ESPn at Nucleus =  1.0233534583E+01

CP# 14     Coords = -6.05199765878412E+00 -1.31518438634342E+00 -1.25772986533124E+00
           Type = (3,-3) NACP C14
           Rho =  1.1768305252E+02     Rho at Nucleus =  1.1768305245E+02
           GradRho =  2.6845766062E-11 -3.5876782448E-11 -1.7669136792E-10
           HessRho_EigVals = -1.4501205923E+05 -1.4501097515E+05 -1.4501078665E+05
           HessRho_EigVec1 =  8.2460205264E-01 -5.6569633311E-01  4.3718978360E-03
           HessRho_EigVec2 =  5.6457543922E-01  8.2340889609E-01  5.7029494676E-02
           HessRho_EigVec3 = -3.5861235589E-02 -4.4558372230E-02  9.9836292161E-01
           DelSqRho = -4.3503382102E+05
           Bond Ellipticity = NA
           V = -1.0876864269E+05
           G =  5.0937186118E+00
           K =  1.0876354897E+05
           L =  1.0875845526E+05
           Vnuc =  6.5022161920E+06
           Ven = -7.6520064958E+08
           Vrep =  7.6509188094E+08
           DelSqV =  2.4953793114E+09
           DelSqVen =  2.8286847549E+12
           DelSqVrep = -2.8261893756E+12
           DelSqG =  1.3403839757E+08
           DelSqK = -2.6294177090E+09
           Stress_EigVals = -3.6256477871E+04 -3.6256363497E+04 -3.6255801325E+04
           Stress_EigVec1 = -1.7308459838E-02 -2.0195454850E-02  9.9964621783E-01
           Stress_EigVec2 =  5.6688157118E-01  8.2337458147E-01  2.6449628499E-02
           Stress_EigVec3 =  8.2361744850E-01 -5.6713882092E-01  2.8029146988E-03
           -DivStress = -8.2161463702E+00  9.4243547682E+01  7.4325206804E+02
           ESP =  -1.4740267759E+01     ESP at Nucleus =  -1.4740267773E+01
           ESPe = -2.4642687364E+01     ESPe at Nucleus = -2.4642688219E+01
           ESPn =  9.9024196044E+00     ESPn at Nucleus =  9.9024204463E+00

CP# 15     Coords = -7.02697828582259E+00 -2.73014291169881E+00 -2.32028017740835E+00
           Type = (3,-3) NACP H15
           Rho =  4.2550005777E-01     Rho at Nucleus =  4.2181285755E-01
           GradRho =  6.8337262932E-16  1.4435609826E-15  1.1031689342E-15
           HessRho_EigVals = -6.4778427399E+00 -6.4715180146E+00 -5.8781739622E+00
           HessRho_EigVec1 = -2.9691227281E-01 -4.3245637403E-01  8.5136630590E-01
           HessRho_EigVec2 = -8.2361882590E-01  5.6714311263E-01  8.4818545420E-04
           HessRho_EigVec3 =  4.8321333992E-01  7.0094948060E-01  5.2457096161E-01
           DelSqRho = -1.8827534717E+01
           Bond Ellipticity = NA
           V = -4.7158830509E+00
           G =  4.4996858946E-03
           K =  4.7113833650E+00
           L =  4.7068836792E+00
           Vnuc =  3.8919178579E+01
           Ven = -1.6560112734E+01
           Vrep =  1.1844229683E+01
           DelSqV =  7.0889810697E+02
           DelSqVen =  7.3275218584E+02
           DelSqVrep = -2.3854078867E+01
           DelSqG =  6.9756565816E+01
           DelSqK = -7.7865467279E+02
           Stress_EigVals = -1.6227481840E+00 -1.6219975285E+00 -1.4711373384E+00
           Stress_EigVec1 = -2.9759217920E-01 -4.3391031834E-01  8.5038857619E-01
           Stress_EigVec2 = -8.2373115838E-01  5.6697963112E-01  1.0375982910E-03
           Stress_EigVec3 =  4.8260322584E-01  7.0018278581E-01  5.2615415314E-01
           -DivStress = -3.8118026784E+00 -5.5299180947E+00 -4.1437598983E+00
           ESP =  -1.1057799455E+00     ESP at Nucleus =  -1.1082314354E+00
           ESPe = -1.1417780974E+01     ESPe at Nucleus = -1.1340508896E+01
           ESPn =  1.0312001029E+01     ESPn at Nucleus =  1.0232277461E+01

CP# 16     Coords = -5.07678466986456E+00  9.77506778670726E-02 -2.32149308010870E+00
           Type = (3,-3) NACP H16
           Rho =  4.2487338321E-01     Rho at Nucleus =  4.2114424884E-01
           GradRho = -9.8025428920E-16 -2.6836714274E-16  1.4735933827E-15
           HessRho_EigVals = -6.4667329820E+00 -6.4602075007E+00 -5.8637400056E+00
           HessRho_EigVec1 = -3.0001033365E-01 -4.3003805994E-01 -8.5150517714E-01
           HessRho_EigVec2 =  8.2210160603E-01 -5.6933686740E-01 -2.1167871444E-03
           HessRho_EigVec3 =  4.8388299109E-01  7.0065883169E-01 -5.2434192328E-01
           DelSqRho = -1.8790680488E+01
           Bond Ellipticity = NA
           V = -4.7067309820E+00
           G =  4.5304299820E-03
           K =  4.7022005521E+00
           L =  4.6976701221E+00
           Vnuc =  4.0360471499E+01
           Ven = -1.7148090074E+01
           Vrep =  1.2441359092E+01
           DelSqV =  7.0729236834E+02
           DelSqVen =  7.5840072430E+02
           DelSqVrep = -5.1108355959E+01
           DelSqG =  6.9592893038E+01
           DelSqK = -7.7688526138E+02
           Stress_EigVals = -1.6199441099E+00 -1.6192131754E+00 -1.4675736967E+00
           Stress_EigVec1 = -2.9952599749E-01 -4.3217562504E-01 -8.5059297314E-01
           Stress_EigVec2 =  8.2263159684E-01 -5.6857420355E-01 -7.9431388319E-04
           Stress_EigVec3 =  4.8328193914E-01  6.9996257341E-01 -5.2582408001E-01
