AIMSum (Version 19.02.13, Professional)
Copyright (c) 1997-2019 by Todd A. Keith
AIMSum is a component of the AIMAll package ( http://aim.tkgristmill.com )

TP:  64-bit Linux

Much of the Quantum Theory of Atoms in Molecules (QTAIM) is described in the book:
  "Atoms in Molecules - A Quantum Theory"
  R.F.W. Bader, Oxford University Press, Oxford, 1990

For additional references see:  http://aim.tkgristmill.com/references.html

Wfn File:  /home/mhennefarth/Documents/ML_Diels/summary-levandowski2018/r_8-opt/r_8-opt.wfn
Sum File:  /home/mhennefarth/Documents/ML_Diels/summary-levandowski2018/r_8-opt/r_8-opt.sum

SumViz File:  /home/mhennefarth/Documents/ML_Diels/summary-levandowski2018/r_8-opt/r_8-opt.sumviz

Wfn Title:   Title Card Required                                                           
 
Total memory allocated for AIMSum =        1.016 Megabytes

Atomic units (a.u.) used throughout, except where stated otherwise

Model:  Restricted SCF
 
Restricted, closed-shell, single-determinant wavefunction.
  Number of electrons (from MO Occs)                   =          68.0000000000
  Number of Alpha electrons (from MO Occs)             =          34.0000000000
  Number of Beta electrons (from MO Occs)              =          34.0000000000
  Number of electron pairs (N*(N-1)/2)                 =        2278.0000000000
  Number of electron pairs (from Muller 2EDM)          =        2278.0000000000
 
Nuclear Charges and Cartesian Coordinates:
-------------------------------------------------------------------------------
Atom      Charge                X                  Y                  Z
-------------------------------------------------------------------------------
C1         6.0          -3.3887687700E+00  -4.2077101000E-01  -1.4474200000E-02
C2         6.0          -2.1086967600E+00  -1.6065643400E+00   2.2103938200E+00
H3         1.0          -2.6264270600E+00  -1.2437875100E+00   4.1590520800E+00
C4         6.0          -2.0266435000E-01  -3.1065600700E+00   1.3731429000E+00
H5         1.0           1.1059474600E+00  -4.1667137300E+00   2.5423789600E+00
C6         6.0          -2.0741397900E+00  -1.5838606700E+00  -2.2311316900E+00
H7         1.0          -2.5612974100E+00  -1.2010621000E+00  -4.1838388400E+00
C8         6.0          -1.8128350000E-01  -3.0925569500E+00  -1.3796957400E+00
H9         1.0           1.1457282400E+00  -4.1404526600E+00  -2.5391662400E+00
C10        6.0           6.2989025000E+00   8.7653927000E-01   1.2655842200E+00
H11        1.0           4.6152642700E+00   3.6584222000E-01   2.3269343900E+00
H12        1.0           7.9651283400E+00   1.3666730300E+00   2.3649379200E+00
C13        6.0           6.3100631700E+00   9.0124129000E-01  -1.2499683500E+00
H14        1.0           7.9858635900E+00   1.4126824400E+00  -2.3247702300E+00
H15        1.0           4.6359171600E+00   4.1155856000E-01  -2.3359554800E+00
H16        1.0          -5.4564674200E+00  -6.0745814000E-01  -3.1355230000E-02
Si17      14.0          -2.6607168800E+00   3.1277580300E+00   9.4258100000E-03
H18        1.0           1.1105935000E-01   3.5319272700E+00   3.4071290000E-02
H19        1.0          -3.7770440000E+00   4.3502152800E+00  -2.2678279900E+00
H20        1.0          -3.8141111400E+00   4.3271578300E+00   2.2804722500E+00
 
Some Atomic Properties:
----------------------
  q(A) = Net Charge of Atom A
  L(A) = Lagrangian of Atom A = -(1/4) Times Atomic Integral of the Laplacian of the Electron Density
  K(A) = Electronic Kinetic Energy of Atom A (Hamiltonian Form)
  K_Scaled(A) = K(A) * E(Mol)/K(Mol) = Approximation to Virial-Based Total Energy of Atom A.
  |Mu_Intra(A)| = Magnitude of Intraatomic Dipole Moment of Atom A
--------------------------------------------------------------------------------------------------
Atom A          q(A)              L(A)              K(A)          K_Scaled(A)      |Mu_Intra(A)|
--------------------------------------------------------------------------------------------------
C1       -6.4828875130E-01 -1.3970184311E-04  3.7944233860E+01 -3.8203640374E+01  1.1749063977E+00
C2       -8.4863186700E-02  4.0576345403E-05  3.7736572972E+01 -3.7994559808E+01  1.8466464282E-01
H3        5.2281330180E-02  2.3035892753E-05  5.8935900845E-01 -5.9338817310E-01  1.5012190557E-01
C4       -5.3238887400E-02 -6.4750407763E-05  3.7724400231E+01 -3.7982303847E+01  1.6654039085E-01
H5        4.8599789010E-02  2.2367781752E-05  5.9140902343E-01 -5.9545220304E-01  1.4890610680E-01
C6       -8.4876876900E-02  6.6062614666E-05  3.7736552794E+01 -3.7994539492E+01  1.8485108815E-01
H7        5.2263676600E-02  2.2919616874E-05  5.8936433645E-01 -5.9339353753E-01  1.5012517607E-01
C8       -5.3107190300E-02 -1.8310486341E-05  3.7724340126E+01 -3.7982243332E+01  1.6642382573E-01
H9        4.8698305440E-02  2.3022567293E-05  5.9137746939E-01 -5.9542043328E-01  1.4887865183E-01
C10      -8.2876211700E-02  9.9525663207E-05  3.7695312174E+01 -3.7953016930E+01  9.3572946743E-02
H11       4.4463390580E-02  3.1402483507E-05  5.9336291054E-01 -5.9741944795E-01  1.4492772480E-01
H12       3.5465763880E-02  2.5365701592E-05  5.9733068534E-01 -6.0141434852E-01  1.4829920334E-01
C13      -8.2960005600E-02  8.5259111729E-05  3.7695309586E+01 -3.7953014324E+01  9.3384863215E-02
H14       3.5474319660E-02  2.3423391157E-05  5.9732769702E-01 -6.0141133977E-01  1.4830033705E-01
H15       4.4234873800E-02  1.7401765692E-05  5.9343053777E-01 -5.9748753751E-01  1.4509474735E-01
H16       5.8919029180E-02  3.3307302211E-05  5.8284160036E-01 -5.8682620862E-01  1.5020435827E-01
Si17      2.6853684620E+00 -1.6538918221E-04  2.8762078138E+02 -2.8958710661E+02  2.3324300326E-02
H18      -6.6354373730E-01  3.0336658688E-05  7.8512450104E-01 -7.9049202040E-01  4.0205253914E-01
H19      -6.7610581170E-01  1.9935301814E-05  7.8725516908E-01 -7.9263725479E-01  3.8413204523E-01
H20      -6.7611202980E-01  2.2199316545E-05  7.8725629507E-01 -7.9263838847E-01  3.8413106677E-01
--------------------------------------------------------------------------------------------------
Total    -2.0374837000E-04  1.9798959546E-04  5.5956294236E+02 -5.6338840561E+02
 
1st Largest |L(A)| = 1.6538918221E-04, atom Si17    
2nd Largest |L(A)| = 1.3970184311E-04, atom C1      
 
Molecular charge q(Mol) from the wfn file:   0.0000000000E+00
Molecular energy E(Mol) from the wfn file:  -5.6338824481E+02
Molecular virial ratio (-V(Mol)/T(Mol)) from the wfn file:   2.0068365200E+00
Note.  K_Scaled(A) = (1+V(Mol)/T(Mol))*K(A) = (E(Mol)/T(Mol))*K(A)
       Only use K_Scaled(A) data with caution.
 
N_AIMInt(SumA)     =         68.000204
N_Analytic(Mol)    =         67.999990
 
G_AIMInt(SumA)     =        559.562744
G_Analytic(Mol)    =        559.562759
 
K_AIMInt(SumA)     =        559.562942
K_Analytic(Mol)    =        559.562759
 
L_AIMInt(SumA)     =          0.000198
L_Analytic(Mol)    =          0.000000
 
VenT_AIMInt(SumA)  =      -2114.166221
VenT_Analytic(Mol) =      -2114.162887
 
Some Information About the Atomic Calculations:
----------------------------------------------
  Time(sec) = "Elapsed User Time", in Seconds, for Atom A by AIMInt and, if used, by TWOe
  NProc = Number of Processors Used for AIMInt Job
  BIM = Basin Integration Method
  OAQ = Angular Quadrature Outside of Beta Sphere
  ORQ = Multiple of Default for Radial Quadrature Outside of Beta Sphere
  IAQ = Multiple of Default for Angular Quadrature Inside of Beta Sphere
  IRQ = Multiple of Default for Radial Quadrature Inside of Beta Sphere
  MIR = Maximum Integration Radius
------------------------------------------------------------------------------------------------------
Atom A     Time(sec)   NProc      BIM          OAQ                     ORQ      IAQ      IRQ      MIR
------------------------------------------------------------------------------------------------------
C1             36        8     Proaim(5)    4500(GS4)                  1.00     1.00     1.00    13.00
C2             25        8     Proaim(5)    4500(GS4)                  1.00     1.00     1.00    13.00
H3              5        8     Proaim(5)    1800(GS4)                  1.00     1.00     1.00    13.00
C4             28        8     Proaim(5)    4500(GS4)                  1.00     1.00     1.00    13.00
H5              6        8     Proaim(5)    1800(GS4)                  1.00     1.00     1.00    13.00
C6             26        8     Proaim(5)    4500(GS4)                  1.00     1.00     1.00    13.00
H7              5        8     Proaim(5)    1800(GS4)                  1.00     1.00     1.00    13.00
C8             29        8     Proaim(5)    4500(GS4)                  1.00     1.00     1.00    13.00
H9              6        8     Proaim(5)    1800(GS4)                  1.00     1.00     1.00    13.00
C10            79        8    Promega(1)    4500(GS4)                  1.00     1.00     1.00    13.00
H11            15        8     Proaim(5)    4500(GS4)                  1.00     1.00     1.00    13.00
H12             4        8     Proaim(5)    1800(GS4)                  1.00     1.00     1.00    13.00
C13            72        8    Promega(1)    4500(GS4)                  1.00     1.00     1.00    13.00
H14             4        8     Proaim(5)    1800(GS4)                  1.00     1.00     1.00    13.00
H15            15        8     Proaim(5)    4500(GS4)                  1.00     1.00     1.00    13.00
H16             9        8     Proaim(5)    1800(GS4)                  1.00     1.00     1.00    13.00
Si17           36        8     Proaim(5)    4500(GS4)                  1.00     1.00     1.00    13.00
H18            34        8     Proaim(5)    4500(GS4)                  1.00     1.00     1.00    13.00
H19             8        8     Proaim(5)    1800(GS4)                  1.00     1.00     1.00    13.00
H20             9        8     Proaim(5)    1800(GS4)                  1.00     1.00     1.00    13.00
------------------------------------------------------------------------------------------------------
Total         451
Note:  Total wall clock time is less than total of atomic times if more than one atom
       was calculated at a time
 
Electron Density Critical Point Analysis of Molecular Structure:               
---------------------------------------------------------------                
  NACP = Nuclear Attractor Critical Point                                      
  NNACP = Non-Nuclear Attractor Critical Point                                 
  BCP = Bond Critical Point                                                    
  RCP = Ring Critical Point                                                    
  CCP = Cage Critical Point                                                    
  Rho = Electron Density                                                       
  GradRho = Gradient of Electron Density                                       
  HessRho_EigVals = Eigenvalues of the Hessian of Rho, Ascending Order         
  HessRho_EigVecs = Eigenvectors of the Hessian of Rho                         
  DelSqRho = Laplacian of Rho = Trace of Hessian of Rho                        
  Bond Ellipticity = (HessRho_EigVal(1) / HessRho_EigVal(2)) - 1               
  V = Virial Field = Potential Energy Density = Trace of Stress Tensor         
  G = Lagrangian Form of Kinetic Energy Density                                
  K = Hamiltonian Form of Kinetic Energy Density                               
  L = K - G = Lagrangian Density = (-1/4)DelSqRho                              
  Vnuc = Electrostatic Potential from Nuclei                                   
  Ven = Electron-nuclear attractive contribution to Virial Field V             
  Vrep = V - Ven = Repulsive contribution to Virial Field V                    
  DelSqV = Laplacian of V                                                      
  DelSqVen = Laplacian of Ven                                                  
  DelSqVrep = Laplacian of Vrep                                                
  DelSqG = Laplacian of G                                                      
  DelSqK = Laplacian of K                                                      
  Stress_EigVals = Eigenvalues of Stress Tensor, Ascending Order               
  Stress_EigVecs = Eigenvectors of Stress Tensor                               
  -DivStress = Ehrenfest Force Density = Minus Divergence of Stress Tensor     
  ESP = Total Electrostatic Potential                                          
  ESPe = Electrostatic Potential from Electrons                                
  ESPn = Electrostatic Potential from Nuclei                                   
  BP = Bond Path                                                               
  BPL = Bond Path Length                                                       
  GBL = Geometric Bond Length                                                  
  GBL_I = Distance Between Nuclear Attractors                                  
  GBL_II = Distance Between Nuclei                                             
  GBL_III = Sum of Distances Between BCP and Nuclear Attractors                
  GBL_IV = Sum of Distances Between BCP and Nuclei                             

CP# 1      Coords = -3.38876877058315E+00 -4.20770969861919E-01 -1.44741993995806E-02
           Type = (3,-3) NACP C1
           Rho =  1.1756577697E+02     Rho at Nucleus =  1.1756577697E+02
           GradRho =  1.5943371623E-11 -3.6938715975E-12 -2.6031260481E-14
           HessRho_EigVals = -1.4487426788E+05 -1.4487415954E+05 -1.4487377287E+05
           HessRho_EigVec1 = -7.5210397928E-03 -5.0771738661E-03  9.9995882729E-01
           HessRho_EigVec2 =  9.7594304882E-01  2.1786193056E-01  8.4465771745E-03
           HessRho_EigVec3 = -2.1789584534E-01  9.7596639364E-01  3.3164842932E-03
           DelSqRho = -4.3462220028E+05
           Bond Ellipticity = NA
           V = -1.0866596469E+05
           G =  5.2073103626E+00
           K =  1.0866075738E+05
           L =  1.0865555007E+05
           Vnuc =  1.4945150236E+08
           Ven = -1.7570381995E+10
           Vrep =  1.7570273329E+10
           DelSqV =  2.4930400168E+09
           DelSqVen =  6.4944200483E+13
           DelSqVrep = -6.4943854926E+13
           DelSqG =  1.3391818598E+08
           DelSqK = -2.6269582028E+09
           Stress_EigVals = -3.6222058877E+04 -3.6221977784E+04 -3.6221928031E+04
           Stress_EigVec1 =  8.0394101053E-01 -5.9470131570E-01  3.0326053144E-03
           Stress_EigVec2 =  5.9466179309E-01  8.0393096066E-01  8.5066048353E-03
           Stress_EigVec3 = -7.4968943914E-03 -5.0354339734E-03  9.9995921966E-01
           -DivStress = -1.9663346241E-01 -2.9051963394E+01 -4.7245774860E-01
           ESP =  -1.4730310070E+01     ESP at Nucleus =  -1.4730310070E+01
           ESPe = -2.9021966756E+01     ESPe at Nucleus = -2.9021966753E+01
           ESPn =  1.4291656685E+01     ESPn at Nucleus =  1.4291656683E+01

CP# 2      Coords = -2.10869762093706E+00 -1.60656279223823E+00  2.21039348092071E+00
           Type = (3,-3) NACP C2
           Rho =  1.1768495159E+02     Rho at Nucleus =  1.1768495135E+02
           GradRho = -6.1555704978E-10  1.1681489109E-09 -2.5465562992E-10
           HessRho_EigVals = -1.4501634568E+05 -1.4501574094E+05 -1.4501535324E+05
           HessRho_EigVec1 =  4.4496589273E-01  8.7088728359E-01 -2.0871198715E-01
           HessRho_EigVec2 =  5.5993469491E-01 -8.8667465570E-02  8.2377862195E-01
           HessRho_EigVec3 =  6.9891236342E-01 -4.8341847278E-01 -5.2709400341E-01
           DelSqRho = -4.3504743986E+05
           Bond Ellipticity = NA
           V = -1.0877209111E+05
           G =  5.1155747417E+00
           K =  1.0876697554E+05
           L =  1.0876185996E+05
           Vnuc =  3.3273168693E+06
           Ven = -3.9157512467E+08
           Vrep =  3.9146635258E+08
           DelSqV =  2.4954597296E+09
           DelSqVen =  1.4475407196E+12
           DelSqVrep = -1.4450452599E+12
           DelSqG =  1.3404439025E+08
           DelSqK = -2.6295041199E+09
           Stress_EigVals = -3.6257631536E+04 -3.6257413760E+04 -3.6257045819E+04
           Stress_EigVec1 = -5.8552154000E-01  4.4299556834E-01  6.7891048941E-01
           Stress_EigVec2 =  5.8558769240E-01 -3.4799943443E-01  7.3210890456E-01
           Stress_EigVec3 =  5.6058146661E-01  8.2622716009E-01 -5.5651587843E-02
           -DivStress =  7.0187320011E+02 -1.2501497717E+03  2.7963572478E+02
           ESP =  -1.4740550983E+01     ESP at Nucleus =  -1.4740551003E+01
           ESPe = -2.8107776030E+01     ESPe at Nucleus = -2.8107775595E+01
           ESPn =  1.3367225047E+01     ESPn at Nucleus =  1.3367224592E+01

CP# 3      Coords = -2.61763917056243E+00 -1.24983921582586E+00  4.12544756067368E+00
           Type = (3,-3) NACP H3
           Rho =  4.2446276230E-01     Rho at Nucleus =  4.2071898920E-01
           GradRho =  1.0992519950E-09 -7.5771514410E-10 -4.2074181637E-09
           HessRho_EigVals = -6.4693299725E+00 -6.4627003733E+00 -5.8638522950E+00
           HessRho_EigVec1 =  7.1881579235E-01 -6.2647646364E-01  3.0138197885E-01
           HessRho_EigVec2 =  6.4892437930E-01  7.6016245373E-01  3.2406695205E-02
           HessRho_EigVec3 = -2.4940129636E-01  1.7227966926E-01  9.5295262680E-01
           DelSqRho = -1.8795882641E+01
           Bond Ellipticity = NA
           V = -4.7084338820E+00
           G =  4.7316109000E-03
           K =  4.7037022711E+00
           L =  4.6989706602E+00
           Vnuc =  4.1084010777E+01
           Ven = -1.7438632701E+01
           Vrep =  1.2730198819E+01
           DelSqV =  7.0764449761E+02
           DelSqVen =  7.7221025206E+02
           DelSqVrep = -6.4565754447E+01
           DelSqG =  6.9707461540E+01
           DelSqK = -7.7735195915E+02
           Stress_EigVals = -1.6206030297E+00 -1.6202641836E+00 -1.4675666687E+00
           Stress_EigVec1 =  7.8515933865E-01 -5.3926888484E-01  3.0448954461E-01
           Stress_EigVec2 =  5.6627891635E-01  8.2421353879E-01 -4.8101330641E-04
           Stress_EigVec3 = -2.5070500957E-01  1.7280368145E-01  9.5251555675E-01
           -DivStress = -1.9824175194E+00  1.3642636222E+00  7.5756891832E+00
           ESP =  -1.0984475613E+00     ESP at Nucleus =  -1.1009936741E+00
           ESPe = -1.3819955973E+01     ESPe at Nucleus = -1.3726851682E+01
           ESPn =  1.2721508411E+01     ESPn at Nucleus =  1.2625858008E+01

CP# 4      Coords = -2.02663474495068E-01 -3.10656032932916E+00  1.37314227505264E+00
           Type = (3,-3) NACP C4
           Rho =  1.1767332483E+02     Rho at Nucleus =  1.1767332474E+02
           GradRho =  2.4401466264E-10 -6.8775235507E-11 -1.5890885829E-10
           HessRho_EigVals = -1.4499558707E+05 -1.4499474153E+05 -1.4499450542E+05
           HessRho_EigVec1 =  6.0602191099E-01  7.9544714962E-01  1.1294065979E-03
           HessRho_EigVec2 =  4.8992656041E-02 -3.8742768054E-02  9.9804745257E-01
           HessRho_EigVec3 =  7.9393775767E-01 -6.0478329184E-01 -6.2450034933E-02
           DelSqRho = -4.3498483403E+05
           Bond Ellipticity = NA
           V = -1.0875647315E+05
           G =  5.1323222093E+00
           K =  1.0875134083E+05
           L =  1.0874620851E+05
           Vnuc =  5.4225663509E+06
           Ven = -6.3809141163E+08
           Vrep =  6.3798265515E+08
           DelSqV =  2.4950956011E+09
           DelSqVen =  2.3587343770E+12
           DelSqVrep = -2.3562392732E+12
           DelSqG =  1.3401868849E+08
           DelSqK = -2.6291142896E+09
           Stress_EigVals = -3.6252409997E+04 -3.6252264233E+04 -3.6251798921E+04
           Stress_EigVec1 =  7.7969576917E-01 -6.1160985936E-01  1.3419347027E-01
           Stress_EigVec2 = -1.1082331523E-01  7.6137497584E-02  9.9091940856E-01
           Stress_EigVec3 =  6.1627323513E-01  7.8748743570E-01  8.4165474978E-03
           -DivStress = -7.0741779179E+02  2.0655783234E+02  5.1153383551E+02
           ESP =  -1.4743589453E+01     ESP at Nucleus =  -1.4743589463E+01
           ESPe = -2.7769048295E+01     ESPe at Nucleus = -2.7769048805E+01
           ESPn =  1.3025458842E+01     ESPn at Nucleus =  1.3025459342E+01

CP# 5      Coords =  1.08359936084751E+00 -4.14860174429170E+00  2.52234911477581E+00
           Type = (3,-3) NACP H5
           Rho =  4.2614056431E-01     Rho at Nucleus =  4.2241901691E-01
           GradRho = -2.5113071657E-09  2.0353902548E-09 -2.2526741783E-09
           HessRho_EigVals = -6.5048731639E+00 -6.4991725433E+00 -5.8994151780E+00
           HessRho_EigVec1 = -4.4508474875E-01  3.5995685010E-01  8.1995770165E-01
           HessRho_EigVec2 =  6.2943509512E-01  7.7705287115E-01  5.4448821232E-04
           HessRho_EigVec3 =  6.3695449403E-01 -5.1635249733E-01  5.7242385611E-01
           DelSqRho = -1.8903460885E+01
           Bond Ellipticity = NA
           V = -4.7347638579E+00
           G =  4.4493183180E-03
           K =  4.7303145396E+00
           L =  4.7258652213E+00
           Vnuc =  4.0960219189E+01
           Ven = -1.7454810919E+01
           Vrep =  1.2720047061E+01
           DelSqV =  7.1193030207E+02
           DelSqVen =  7.7428990768E+02
           DelSqVrep = -6.2359605604E+01
           DelSqG =  7.0221891736E+01
           DelSqK = -7.8215219381E+02
           Stress_EigVals = -1.6293911907E+00 -1.6288852089E+00 -1.4764874583E+00
           Stress_EigVec1 = -4.2724349727E-01  3.8034348132E-01  8.2024498185E-01
           Stress_EigVec2 =  6.4131434501E-01  7.6697418847E-01 -2.1598729290E-02
           Stress_EigVec3 =  6.3732166519E-01 -5.1680695665E-01  5.7160446520E-01
           -DivStress =  5.0671215291E+00 -4.1066187060E+00  4.5406663394E+00
           ESP =  -1.1029454128E+00     ESP at Nucleus =  -1.1054848438E+00
           ESPe = -1.3534511633E+01     ESPe at Nucleus = -1.3444984826E+01
           ESPn =  1.2431566220E+01     ESPn at Nucleus =  1.2339499983E+01

CP# 6      Coords = -2.07414065624179E+00 -1.58385912541550E+00 -2.23113134848902E+00
           Type = (3,-3) NACP C6
           Rho =  1.1768491896E+02     Rho at Nucleus =  1.1768491873E+02
           GradRho = -6.0863253326E-10  1.1482694240E-09  2.3173818420E-10
           HessRho_EigVals = -1.4501630838E+05 -1.4501570418E+05 -1.4501531636E+05
           HessRho_EigVec1 =  4.4129770164E-01  8.6879032465E-01  2.2463238929E-01
           HessRho_EigVec2 = -5.7265694349E-01  7.9923667033E-02  8.1588984092E-01
           HessRho_EigVec3 =  6.9088375548E-01 -4.8868760905E-01  5.3278894242E-01
           DelSqRho = -4.3504732892E+05
           Bond Ellipticity = NA
           V = -1.0877206347E+05
           G =  5.1156216846E+00
           K =  1.0876694785E+05
           L =  1.0876183223E+05
           Vnuc =  3.3268094733E+06
           Ven = -3.9151530327E+08
           Vrep =  3.9140653120E+08
           DelSqV =  2.4954591081E+09
           DelSqVen =  1.4473194701E+12
           DelSqVrep = -1.4448240110E+12
           DelSqG =  1.3404435941E+08
           DelSqK = -2.6295034675E+09
           Stress_EigVals = -3.6257622275E+04 -3.6257404504E+04 -3.6257036695E+04
           Stress_EigVec1 =  5.7496247282E-01 -4.4994391467E-01  6.8335102875E-01
           Stress_EigVec2 =  5.9695904183E-01 -3.4046276207E-01 -7.2644683909E-01
           Stress_EigVec3 =  5.5951591329E-01  8.2561224633E-01  7.2844776599E-02
           -DivStress =  7.0625231629E+02 -1.2475267367E+03 -2.8150037978E+02
           ESP =  -1.4740565000E+01     ESP at Nucleus =  -1.4740565019E+01
           ESPe = -2.8113116610E+01     ESPe at Nucleus = -2.8113116176E+01
           ESPn =  1.3372551610E+01     ESPn at Nucleus =  1.3372551156E+01

CP# 7      Coords = -2.55303728540900E+00 -1.20745895253833E+00 -4.15016506074334E+00
           Type = (3,-3) NACP H7
           Rho =  4.2446334419E-01     Rho at Nucleus =  4.2071968812E-01
           GradRho =  1.1017846323E-09 -8.5411027209E-10  4.4960322084E-09
           HessRho_EigVals = -6.4693334241E+00 -6.4627031785E+00 -5.8638681375E+00
           HessRho_EigVec1 =  7.2341438759E-01 -6.2351352407E-01 -2.9648357312E-01
           HessRho_EigVec2 =  6.4939160144E-01  7.6031659815E-01 -1.4464389434E-02
           HessRho_EigVec3 =  2.3444012415E-01 -1.8207019492E-01  9.5492841214E-01
           DelSqRho = -1.8795904740E+01
           Bond Ellipticity = NA
           V = -4.7084395252E+00
           G =  4.7316700700E-03
           K =  4.7037078551E+00
           L =  4.6989761850E+00
           Vnuc =  4.1092076613E+01
           Ven = -1.7442080259E+01
           Vrep =  1.2733640734E+01
           DelSqV =  7.0764573602E+02
           DelSqVen =  7.7236276514E+02
           DelSqVrep = -6.4717029122E+01
           DelSqG =  6.9707528257E+01
           DelSqK = -7.7735326428E+02
           Stress_EigVals = -1.6206038519E+00 -1.6202650249E+00 -1.4675706484E+00
           Stress_EigVec1 =  7.9002065935E-01 -5.3597680448E-01 -2.9765117647E-01
           Stress_EigVec2 =  5.6594160065E-01  8.2425112759E-01  1.7893667027E-02
           Stress_EigVec3 =  2.3574872736E-01 -1.8258954987E-01  9.5450698993E-01
           -DivStress = -1.8634348144E+00  1.4420774426E+00 -7.5913324146E+00
           ESP =  -1.0984561392E+00     ESP at Nucleus =  -1.1010021995E+00
           ESPe = -1.3827561818E+01     ESPe at Nucleus = -1.3734479922E+01
           ESPn =  1.2729105679E+01     ESPn at Nucleus =  1.2633477722E+01

CP# 8      Coords = -1.81282637244204E-01 -3.09255721608522E+00 -1.37969510268177E+00
           Type = (3,-3) NACP C8
           Rho =  1.1767321178E+02     Rho at Nucleus =  1.1767321169E+02
           GradRho =  2.4303853027E-10 -9.9894870154E-11  1.6951996751E-10
           HessRho_EigVals = -1.4499539296E+05 -1.4499454634E+05 -1.4499430991E+05
           HessRho_EigVec1 =  6.0593966049E-01  7.9533694509E-01  1.6621420595E-02
           HessRho_EigVec2 = -6.3542490717E-02  2.7562421168E-02  9.9759844868E-01
           HessRho_EigVec3 =  7.9296877601E-01 -6.0554063176E-01  6.7238854575E-02
           DelSqRho = -4.3498424921E+05
           Bond Ellipticity = NA
           V = -1.0875632667E+05
           G =  5.1321849388E+00
           K =  1.0875119449E+05
           L =  1.0874606230E+05
           Vnuc =  5.4292138510E+06
           Ven = -6.3887303128E+08
           Vrep =  6.3876427495E+08
           DelSqV =  2.4950921898E+09
           DelSqVen =  2.3616226360E+12
           DelSqVrep = -2.3591275438E+12
           DelSqG =  1.3401845530E+08
           DelSqK = -2.6291106451E+09
           Stress_EigVals = -3.6252361355E+04 -3.6252215421E+04 -3.6251749897E+04
           Stress_EigVec1 =  7.8173707586E-01 -6.1018622185E-01 -1.2868534839E-01
           Stress_EigVec2 =  9.5628070574E-02 -8.6618958981E-02  9.9164127993E-01
           Stress_EigVec3 =  6.1623243695E-01  7.8750868605E-01  9.3623206206E-03
           -DivStress = -6.9699004257E+02  2.1209494568E+02 -5.2156757596E+02
           ESP =  -1.4743590662E+01     ESP at Nucleus =  -1.4743590673E+01
           ESPe = -2.7773849473E+01     ESPe at Nucleus = -2.7773849981E+01
           ESPn =  1.3030258810E+01     ESPn at Nucleus =  1.3030259307E+01

CP# 9      Coords =  1.12306136786939E+00 -4.12254913461008E+00 -2.51930089371160E+00
           Type = (3,-3) NACP H9
           Rho =  4.2613743311E-01     Rho at Nucleus =  4.2241510904E-01
           GradRho = -3.9122511975E-09  3.0902046443E-09  3.4315612981E-09
           HessRho_EigVals = -6.5048006492E+00 -6.4991011865E+00 -5.8992700301E+00
           HessRho_EigVec1 = -4.3234167866E-01  3.6828718472E-01 -8.2307060600E-01
           HessRho_EigVec2 =  6.2911272176E-01  7.7712226229E-01  1.7267680152E-02
           HessRho_EigVec3 =  6.4598595667E-01 -5.1033865132E-01 -5.6767649657E-01
           DelSqRho = -1.8903171866E+01
           Bond Ellipticity = NA
           V = -4.7346911188E+00
           G =  4.4490761676E-03
           K =  4.7302420426E+00
           L =  4.7257929664E+00
           Vnuc =  4.0966279205E+01
           Ven = -1.7457265064E+01
           Vrep =  1.2722573945E+01
           DelSqV =  7.1191559881E+02
           DelSqVen =  7.7439262633E+02
           DelSqVrep = -6.2477027518E+01
           DelSqG =  7.0220304715E+01
           DelSqK = -7.8213590353E+02
           Stress_EigVals = -1.6293729259E+00 -1.6288674183E+00 -1.4764507746E+00
           Stress_EigVec1 =  4.1480317147E-01 -3.8832234305E-01  8.2288765140E-01
           Stress_EigVec2 =  6.4045533901E-01  7.6699912995E-01  3.9106181020E-02
           Stress_EigVec3 =  6.4633991651E-01 -5.1080142183E-01 -5.6685678948E-01
           -DivStress =  5.1393096469E+00 -4.0592986693E+00 -4.5033002695E+00
           ESP =  -1.1029794206E+00     ESP at Nucleus =  -1.1055193448E+00
           ESPe = -1.3543844564E+01     ESPe at Nucleus = -1.3454371374E+01
           ESPn =  1.2440865143E+01     ESPn at Nucleus =  1.2348852030E+01

CP# 10     Coords =  6.29890265353533E+00  8.76539312746656E-01  1.26558521646141E+00
           Type = (3,-3) NACP C10
           Rho =  1.1767982943E+02     Rho at Nucleus =  1.1767982936E+02
           GradRho =  5.5867675069E-11  1.0494806413E-11  2.3534263427E-10
           HessRho_EigVals = -1.4500753634E+05 -1.4500648996E+05 -1.4500628719E+05
           HessRho_EigVec1 = -2.8556802965E-01  9.5830621677E-01  1.0004765983E-02
           HessRho_EigVec2 =  9.5364833787E-01  2.8311530715E-01  1.0198318754E-01
           HessRho_EigVec3 = -9.4898620233E-02 -3.8664166374E-02  9.9473581122E-01
           DelSqRho = -4.3502031349E+05
           Bond Ellipticity = NA
           V = -1.0876526287E+05
           G =  5.0922499396E+00
           K =  1.0876017062E+05
           L =  1.0875507837E+05
           Vnuc =  5.9457476019E+06
           Ven = -6.9969456363E+08
           Vrep =  6.9958579837E+08
           DelSqV =  2.4953015598E+09
           DelSqVen =  2.5865197978E+12
           DelSqVrep = -2.5840250205E+12
           DelSqG =  1.3403372603E+08
           DelSqK = -2.6293352858E+09
           Stress_EigVals = -3.6255350764E+04 -3.6255232622E+04 -3.6254679486E+04
           Stress_EigVec1 = -4.7319575478E-02 -2.3339773396E-02  9.9860708627E-01
           Stress_EigVec2 =  9.5697217336E-01  2.8547904299E-01  5.2018991127E-02
           Stress_EigVec3 = -2.8629550677E-01  9.5810071026E-01  8.8267665504E-03
           -DivStress = -1.2472730424E+02 -3.5141990877E+01 -8.0906072065E+02
           ESP =  -1.4750630628E+01     ESP at Nucleus =  -1.4750630643E+01
           ESPe = -2.4439902866E+01     ESPe at Nucleus = -2.4439903872E+01
           ESPn =  9.6892722386E+00     ESPn at Nucleus =  9.6892732298E+00

CP# 11     Coords =  4.64416943577548E+00  3.74594741974178E-01  2.30891658562934E+00
           Type = (3,-3) NACP H11
           Rho =  4.2499484941E-01     Rho at Nucleus =  4.2126839456E-01
           GradRho =  8.5504520131E-15  2.4596210485E-15 -5.9448973522E-15
           HessRho_EigVals = -6.4705170174E+00 -6.4639592044E+00 -5.8676824940E+00
           HessRho_EigVec1 =  4.9310126110E-01  1.4214482485E-01  8.5828083695E-01
           HessRho_EigVec2 = -2.8646631090E-01  9.5807209119E-01  5.9093822836E-03
           HessRho_EigVec3 =  8.2145492817E-01  2.4878246894E-01 -5.1314625998E-01
           DelSqRho = -1.8802158716E+01
           Bond Ellipticity = NA
           V = -4.7096245943E+00
           G =  4.5424576600E-03
           K =  4.7050821366E+00
           L =  4.7005396789E+00
           Vnuc =  4.0459199686E+01
           Ven = -1.7194951478E+01
           Vrep =  1.2485326884E+01
           DelSqV =  7.0776835507E+02
           DelSqVen =  7.6072029402E+02
           DelSqVrep = -5.2951938941E+01
           DelSqG =  6.9657066014E+01
           DelSqK = -7.7742542109E+02
           Stress_EigVals = -1.6208785221E+00 -1.6201712664E+00 -1.4685748058E+00
           Stress_EigVec1 =  4.9385996287E-01  1.4489555513E-01  8.5738417012E-01
           Stress_EigVec2 = -2.8766920154E-01  9.5772210409E-01  3.8473129958E-03
           Stress_EigVec3 =  8.2057831287E-01  2.4854305349E-01 -5.1466259142E-01
           -DivStress = -6.5167738917E+00 -1.9734191797E+00  4.0636205810E+00
           ESP =  -1.1168285716E+00     ESP at Nucleus =  -1.1192912655E+00
           ESPe = -1.3140722986E+01     ESPe at Nucleus = -1.3096099254E+01
           ESPn =  1.2023894415E+01     ESPn at Nucleus =  1.1976807988E+01

CP# 12     Coords =  7.93691039785705E+00  1.35836714904368E+00  2.34636808304263E+00
           Type = (3,-3) NACP H12
           Rho =  4.2595626265E-01     Rho at Nucleus =  4.2229893362E-01
           GradRho = -2.6289734278E-15 -1.3548190347E-15 -4.4374226515E-15
           HessRho_EigVals = -6.4863552367E+00 -6.4800123526E+00 -5.8892554870E+00
           HessRho_EigVec1 = -5.0966959128E-01 -1.5746481557E-01  8.4583789202E-01
           HessRho_EigVec2 = -2.8603140863E-01  9.5820126127E-01  6.0312665127E-03
           HessRho_EigVec3 =  8.1143264724E-01  2.3886225058E-01  5.3340592821E-01
           DelSqRho = -1.8855623076E+01
           Bond Ellipticity = NA
           V = -4.7229751249E+00
           G =  4.5346778818E-03
           K =  4.7184404470E+00
           L =  4.7139057691E+00
           Vnuc =  3.8764672698E+01
           Ven = -1.6512055105E+01
           Vrep =  1.1789079980E+01
           DelSqV =  7.1012252450E+02
           DelSqVen =  7.3093205707E+02
           DelSqVrep = -2.0809532574E+01
           DelSqG =  6.9889499747E+01
           DelSqK = -7.8001202424E+02
           Stress_EigVals = -1.6248917313E+00 -1.6241613398E+00 -1.4739220537E+00
           Stress_EigVec1 = -5.1031795210E-01 -1.6099260054E-01  8.4478220290E-01
           Stress_EigVec2 = -2.8765912842E-01  9.5769297196E-01  8.7405543482E-03
           Stress_EigVec3 =  8.1044914313E-01  2.3854885040E-01  5.3503890735E-01
           -DivStress =  6.3792286185E+00  1.8776730270E+00  4.1999994847E+00
           ESP =  -1.1152284641E+00     ESP at Nucleus =  -1.1176610420E+00
           ESPe = -1.1132858026E+01     ESPe at Nucleus = -1.1055537403E+01
           ESPn =  1.0017629562E+01     ESPn at Nucleus =  9.9378763607E+00

CP# 13     Coords =  6.31006332989212E+00  9.01241351488829E-01 -1.24996934629566E+00
           Type = (3,-3) NACP C13
           Rho =  1.1767972016E+02     Rho at Nucleus =  1.1767972009E+02
           GradRho =  3.7739113050E-11  1.2731210183E-11 -2.3382207281E-10
           HessRho_EigVals = -1.4500737884E+05 -1.4500633364E+05 -1.4500613057E+05
           HessRho_EigVec1 = -2.8556593611E-01  9.5833861635E-01  6.2603942337E-03
           HessRho_EigVec2 =  9.5465749895E-01  2.8503048132E-01 -8.5945822522E-02
           HessRho_EigVec3 =  8.4149603819E-02  1.8566666962E-02  9.9628014286E-01
           DelSqRho = -4.3501984304E+05
           Bond Ellipticity = NA
           V = -1.0876514528E+05
           G =  5.0922612911E+00
           K =  1.0876005302E+05
           L =  1.0875496076E+05
           Vnuc =  5.9352201914E+06
           Ven = -6.9845505122E+08
           Vrep =  6.9834628608E+08
           DelSqV =  2.4952988513E+09
           DelSqVen =  2.5819388314E+12
           DelSqVrep = -2.5794435325E+12
           DelSqG =  1.3403355960E+08
           DelSqK = -2.6293324109E+09
           Stress_EigVals = -3.6255311541E+04 -3.6255193277E+04 -3.6254640466E+04
           Stress_EigVec1 =  3.7422725905E-02  3.4263009873E-03  9.9929365056E-01
           Stress_EigVec2 =  9.5740882768E-01  2.8637639561E-01 -3.6836079008E-02
           Stress_EigVec3 = -2.8630032530E-01  9.5811106898E-01  7.4366145471E-03
           -DivStress = -1.2987817052E+02 -5.0357291312E+01  8.0892178989E+02
           ESP =  -1.4750613463E+01     ESP at Nucleus =  -1.4750613478E+01
           ESPe = -2.4433142824E+01     ESPe at Nucleus = -2.4433143835E+01
           ESPn =  9.6825293607E+00     ESPn at Nucleus =  9.6825303572E+00

CP# 14     Coords =  7.95748299172409E+00  1.40401642056868E+00 -2.30661627926406E+00
           Type = (3,-3) NACP H14
           Rho =  4.2595593464E-01     Rho at Nucleus =  4.2229848689E-01
           GradRho = -7.9962078625E-15 -2.3030622548E-15  4.5692616357E-15
           HessRho_EigVals = -6.4863325261E+00 -6.4799859991E+00 -5.8892196675E+00
           HessRho_EigVec1 =  5.0217551085E-01  1.4080125111E-01  8.5322609195E-01
           HessRho_EigVec2 = -2.8604474588E-01  9.5816157874E-01  1.0236814628E-02
           HessRho_EigVec3 =  8.1608710298E-01  2.4920151826E-01 -5.2144073838E-01
           DelSqRho = -1.8855538193E+01
           Bond Ellipticity = NA
           V = -4.7229542165E+00
           G =  4.5348341343E-03
           K =  4.7184193823E+00
           L =  4.7138845482E+00
           Vnuc =  3.8756797944E+01
           Ven = -1.6508688092E+01
           Vrep =  1.1785733876E+01
           DelSqV =  7.1011852839E+02
           DelSqVen =  7.3078028387E+02
           DelSqVrep = -2.0661755480E+01
           DelSqG =  6.9888929254E+01
           DelSqK = -7.8000745764E+02
           Stress_EigVals = -1.6248855174E+00 -1.6241555680E+00 -1.4739131310E+00
           Stress_EigVec1 =  5.0281465903E-01  1.4440769075E-01  8.5224634790E-01
           Stress_EigVec2 = -2.8767940271E-01  9.5769777942E-01  7.4514792984E-03
           Stress_EigVec3 =  8.1511838399E-01  2.4892043335E-01 -5.2308760064E-01
           -DivStress =  6.4159877074E+00  1.9591181575E+00 -4.1059607326E+00
           ESP =  -1.1152185099E+00     ESP at Nucleus =  -1.1176512522E+00
           ESPe = -1.1125512771E+01     ESPe at Nucleus = -1.1048195995E+01
           ESPn =  1.0010294261E+01     ESPn at Nucleus =  9.9305447430E+00

CP# 15     Coords =  4.66465549893412E+00  4.19952910367379E-01 -2.31751890870085E+00
           Type = (3,-3) NACP H15
           Rho =  4.2501936527E-01     Rho at Nucleus =  4.2129410760E-01
           GradRho =  9.5366423092E-15  2.1202657685E-15  5.6491269995E-15
           HessRho_EigVals = -6.4709388439E+00 -6.4643788075E+00 -5.8681963742E+00
           HessRho_EigVec1 = -5.0064075234E-01 -1.5891213022E-01  8.5094404750E-01
           HessRho_EigVec2 = -2.8651084894E-01  9.5802115574E-01  1.0344012291E-02
           HessRho_EigVec3 =  8.1686618888E-01  2.3862606735E-01  5.2515448150E-01
           DelSqRho = -1.8803514026E+01
           Bond Ellipticity = NA
           V = -4.7099624846E+00
           G =  4.5419890884E-03
           K =  4.7054204955E+00
           L =  4.7008785064E+00
           Vnuc =  4.0444855507E+01
           Ven = -1.7189846816E+01
           Vrep =  1.2479884332E+01
           DelSqV =  7.0782570551E+02
           DelSqVen =  7.6050540779E+02
           DelSqVrep = -5.2679702285E+01
           DelSqG =  6.9663042627E+01
           DelSqK = -7.7748874814E+02
           Stress_EigVals = -1.6209841622E+00 -1.6202769098E+00 -1.4687014126E+00
           Stress_EigVec1 = -5.0137786706E-01 -1.6168575995E-01  8.4998702899E-01
           Stress_EigVec2 = -2.8775482199E-01  9.5762352108E-01  1.2423940018E-02
           Stress_EigVec3 =  8.1597634576E-01  2.3835877768E-01  5.2665709552E-01
           -DivStress = -6.4796119385E+00 -1.8927717064E+00 -4.1583295379E+00
           ESP =  -1.1168021189E+00     ESP at Nucleus =  -1.1192640457E+00
           ESPe = -1.3120693297E+01     ESPe at Nucleus = -1.3075751394E+01
           ESPn =  1.2003891179E+01     ESPn at Nucleus =  1.1956487348E+01

CP# 16     Coords = -5.42289611049373E+00 -6.04118592237502E-01 -3.10799551107241E-02
           Type = (3,-3) NACP H16
           Rho =  4.1283961540E-01     Rho at Nucleus =  4.0949166826E-01
           GradRho =  3.0384660846E-09  3.0242050964E-10  2.4917175741E-11
           HessRho_EigVals = -6.2933087926E+00 -6.2890992791E+00 -5.7402987035E+00
           HessRho_EigVec1 = -7.7042566809E-03 -5.0023421109E-03  9.9995780961E-01
           HessRho_EigVec2 = -9.8806842513E-02  9.9509769710E-01  4.2167637451E-03
           HessRho_EigVec3 =  9.9507680724E-01  9.8770186783E-02  8.1607537102E-03
           DelSqRho = -1.8322706775E+01
