AIMSum (Version 19.02.13, Professional)
Copyright (c) 1997-2019 by Todd A. Keith
AIMSum is a component of the AIMAll package ( http://aim.tkgristmill.com )

TP:  64-bit Linux

Much of the Quantum Theory of Atoms in Molecules (QTAIM) is described in the book:
  "Atoms in Molecules - A Quantum Theory"
  R.F.W. Bader, Oxford University Press, Oxford, 1990

For additional references see:  http://aim.tkgristmill.com/references.html

Wfn File:  /home/mhennefarth/Documents/ML_Diels/summary-levandowski2018/r_13-opt/r_13-opt.wfn
Sum File:  /home/mhennefarth/Documents/ML_Diels/summary-levandowski2018/r_13-opt/r_13-opt.sum

SumViz File:  /home/mhennefarth/Documents/ML_Diels/summary-levandowski2018/r_13-opt/r_13-opt.sumviz

Wfn Title:   Title Card Required                                                           
 
Total memory allocated for AIMSum =        0.929 Megabytes

Atomic units (a.u.) used throughout, except where stated otherwise

Model:  Restricted SCF
 
Restricted, closed-shell, single-determinant wavefunction.
  Number of electrons (from MO Occs)                   =          60.0000000000
  Number of Alpha electrons (from MO Occs)             =          30.0000000000
  Number of Beta electrons (from MO Occs)              =          30.0000000000
  Number of electron pairs (N*(N-1)/2)                 =        1770.0000000000
  Number of electron pairs (from Muller 2EDM)          =        1770.0000000000
 
Nuclear Charges and Cartesian Coordinates:
-------------------------------------------------------------------------------
Atom      Charge                X                  Y                  Z
-------------------------------------------------------------------------------
C1         6.0          -1.7730761000E+00  -1.3446490800E+00  -1.3467910000E-02
H2         1.0           1.6821190000E-02  -2.4135390700E+00  -4.5074730000E-02
C3         6.0          -1.7450087800E+00   4.6004710000E-01  -2.2336233900E+00
H4         1.0          -1.8522348700E+00  -1.8037083000E-01  -4.1758434500E+00
C5         6.0          -1.5459646000E+00   2.8507154700E+00  -1.3876325500E+00
H6         1.0          -1.4313845500E+00   4.5459331900E+00  -2.5364359700E+00
C7         6.0          -1.6852841800E+00   4.4483776000E-01   2.2360414300E+00
H8         1.0          -1.7151865900E+00  -1.8949580000E-01   4.1862021800E+00
C9         6.0          -1.5119876600E+00   2.8430531900E+00   1.4035185600E+00
H10        1.0          -1.3765840300E+00   4.5339426800E+00   2.5579006300E+00
C11        6.0           5.7345129000E+00  -6.0997232000E-01  -1.2735978300E+00
H12        1.0           4.2696690600E+00   3.1133770000E-01  -2.3812234400E+00
H13        1.0           7.1684184500E+00  -1.6432153100E+00  -2.3232615400E+00
C14        6.0           5.7639402000E+00  -4.7663507000E-01   1.2398305100E+00
H15        1.0           7.2238510300E+00  -1.3943896200E+00   2.3589033700E+00
H16        1.0           4.3227815000E+00   5.5702852000E-01   2.2771792800E+00
N17        7.0          -3.8298731900E+00  -3.2081203900E+00  -1.5803861000E-01
H18        1.0          -3.7266055800E+00  -4.3916015600E+00   1.3590877900E+00
H19        1.0          -5.5132240000E+00  -2.2831695200E+00   2.4231700000E-03
 
Some Atomic Properties:
----------------------
  q(A) = Net Charge of Atom A
  L(A) = Lagrangian of Atom A = -(1/4) Times Atomic Integral of the Laplacian of the Electron Density
  K(A) = Electronic Kinetic Energy of Atom A (Hamiltonian Form)
  K_Scaled(A) = K(A) * E(Mol)/K(Mol) = Approximation to Virial-Based Total Energy of Atom A.
  |Mu_Intra(A)| = Magnitude of Intraatomic Dipole Moment of Atom A
--------------------------------------------------------------------------------------------------
Atom A          q(A)              L(A)              K(A)          K_Scaled(A)      |Mu_Intra(A)|
--------------------------------------------------------------------------------------------------
C1        3.5145515410E-01 -1.3820407255E-04  3.7503827979E+01 -3.7877186087E+01  3.6912333539E-01
H2        5.1010170190E-02  3.9836362320E-05  5.9715050553E-01 -6.0309525824E-01  1.4931096385E-01
C3       -6.7074301300E-02  5.3825869424E-05  3.7749757186E+01 -3.8125563568E+01  1.7155281542E-01
H4        6.0341560090E-02  2.1248976513E-05  5.8600940499E-01 -5.9184324582E-01  1.4899080824E-01
C5       -6.2651537600E-02 -6.4424237096E-05  3.7730190681E+01 -3.8105802275E+01  1.5180178078E-01
H6        4.6587385230E-02  1.9172923192E-05  5.9240253249E-01 -5.9830001818E-01  1.4959702162E-01
C7       -9.3564279000E-02  2.3338977054E-05  3.7761739857E+01 -3.8137665530E+01  1.5718118484E-01
H8        4.2973745280E-02  2.0735358888E-05  5.9202058832E-01 -5.9791427168E-01  1.5198611270E-01
C9       -6.2040480300E-02 -9.1514598798E-06  3.7728756337E+01 -3.8104353652E+01  1.5189172805E-01
H10       4.5487887970E-02  2.2286048235E-05  5.9271244321E-01 -5.9861301412E-01  1.5010273112E-01
C11      -8.4814363500E-02 -9.1578405989E-05  3.7695834285E+01 -3.8071103855E+01  9.5536967460E-02
H12       4.8924107560E-02  2.6483166525E-05  5.9194023874E-01 -5.9783312220E-01  1.4373262525E-01
H13       3.6364697160E-02  2.5637315329E-05  5.9703768619E-01 -6.0298131577E-01  1.4797738056E-01
C14      -8.6414947400E-02 -1.1597149429E-04  3.7696355200E+01 -3.8071629955E+01  9.4995192449E-02
H15       3.5256967370E-02  2.3653453605E-05  5.9742992976E-01 -6.0337746420E-01  1.4827938127E-01
H16       4.7713513960E-02  2.9991587278E-05  5.9241906370E-01 -5.9831671397E-01  1.4401672150E-01
N17      -1.0009127243E+00 -4.0042769505E-05  5.4635351019E+01 -5.5179256866E+01  2.3596840317E-01
H18       3.4259537194E-01  3.3565991981E-05  4.7876750093E-01 -4.8353372715E-01  2.0015773620E-01
H19       3.4870851133E-01  2.0282169604E-05  4.7548594318E-01 -4.8021950084E-01  1.9955993815E-01
--------------------------------------------------------------------------------------------------
Total    -5.3561219998E-05 -9.9314239362E-05  3.2479518838E+02 -3.2802858944E+02
 
1st Largest |L(A)| = 1.3820407255E-04, atom C1      
2nd Largest |L(A)| = 1.1597149429E-04, atom C14     
 
Molecular charge q(Mol) from the wfn file:   0.0000000000E+00
Molecular energy E(Mol) from the wfn file:  -3.2802864273E+02
Molecular virial ratio (-V(Mol)/T(Mol)) from the wfn file:   2.0099552000E+00
Note.  K_Scaled(A) = (1+V(Mol)/T(Mol))*K(A) = (E(Mol)/T(Mol))*K(A)
       Only use K_Scaled(A) data with caution.
 
N_AIMInt(SumA)     =         60.000054
N_Analytic(Mol)    =         59.999991
 
G_AIMInt(SumA)     =        324.795288
G_Analytic(Mol)    =        324.795220
 
K_AIMInt(SumA)     =        324.795188
K_Analytic(Mol)    =        324.795220
 
L_AIMInt(SumA)     =         -0.000099
L_Analytic(Mol)    =          0.000000
 
VenT_AIMInt(SumA)  =      -1431.482400
VenT_Analytic(Mol) =      -1431.481456
 
Some Information About the Atomic Calculations:
----------------------------------------------
  Time(sec) = "Elapsed User Time", in Seconds, for Atom A by AIMInt and, if used, by TWOe
  NProc = Number of Processors Used for AIMInt Job
  BIM = Basin Integration Method
  OAQ = Angular Quadrature Outside of Beta Sphere
  ORQ = Multiple of Default for Radial Quadrature Outside of Beta Sphere
  IAQ = Multiple of Default for Angular Quadrature Inside of Beta Sphere
  IRQ = Multiple of Default for Radial Quadrature Inside of Beta Sphere
  MIR = Maximum Integration Radius
------------------------------------------------------------------------------------------------------
Atom A     Time(sec)   NProc      BIM          OAQ                     ORQ      IAQ      IRQ      MIR
------------------------------------------------------------------------------------------------------
C1             28        8     Proaim(5)    4500(GS4)                  1.00     1.00     1.00    13.00
H2             14        8     Proaim(5)    4500(GS4)                  1.00     1.00     1.00    13.00
C3             30        8     Proaim(5)    4500(GS4)                  1.00     1.00     1.00    13.00
H4              6        8     Proaim(5)    1800(GS4)                  1.00     1.00     1.00    13.00
C5             22        8     Proaim(5)    4500(GS4)                  1.00     1.00     1.00    13.00
H6              5        8     Proaim(5)    1800(GS4)                  1.00     1.00     1.00    13.00
C7             31        8     Proaim(5)    4500(GS4)                  1.00     1.00     1.00    13.00
H8              6        8     Proaim(5)    1800(GS4)                  1.00     1.00     1.00    13.00
C9             22        8     Proaim(5)    4500(GS4)                  1.00     1.00     1.00    13.00
H10             5        8     Proaim(5)    1800(GS4)                  1.00     1.00     1.00    13.00
C11            26        8     Proaim(5)    4500(GS4)                  1.00     1.00     1.00    13.00
H12            12        8     Proaim(5)    4500(GS4)                  1.00     1.00     1.00    13.00
H13             4        8     Proaim(5)    1800(GS4)                  1.00     1.00     1.00    13.00
C14            20        8     Proaim(5)    4500(GS4)                  1.00     1.00     1.00    13.00
H15             4        8     Proaim(5)    1800(GS4)                  1.00     1.00     1.00    13.00
H16            12        8     Proaim(5)    4500(GS4)                  1.00     1.00     1.00    13.00
N17            16        8     Proaim(5)    4500(GS4)                  1.00     1.00     1.00    13.00
H18             4        8     Proaim(5)    1800(GS4)                  1.00     1.00     1.00    13.00
H19             4        8     Proaim(5)    1800(GS4)                  1.00     1.00     1.00    13.00
------------------------------------------------------------------------------------------------------
Total         271
Note:  Total wall clock time is less than total of atomic times if more than one atom
       was calculated at a time
 
Electron Density Critical Point Analysis of Molecular Structure:               
---------------------------------------------------------------                
  NACP = Nuclear Attractor Critical Point                                      
  NNACP = Non-Nuclear Attractor Critical Point                                 
  BCP = Bond Critical Point                                                    
  RCP = Ring Critical Point                                                    
  CCP = Cage Critical Point                                                    
  Rho = Electron Density                                                       
  GradRho = Gradient of Electron Density                                       
  HessRho_EigVals = Eigenvalues of the Hessian of Rho, Ascending Order         
  HessRho_EigVecs = Eigenvectors of the Hessian of Rho                         
  DelSqRho = Laplacian of Rho = Trace of Hessian of Rho                        
  Bond Ellipticity = (HessRho_EigVal(1) / HessRho_EigVal(2)) - 1               
  V = Virial Field = Potential Energy Density = Trace of Stress Tensor         
  G = Lagrangian Form of Kinetic Energy Density                                
  K = Hamiltonian Form of Kinetic Energy Density                               
  L = K - G = Lagrangian Density = (-1/4)DelSqRho                              
  Vnuc = Electrostatic Potential from Nuclei                                   
  Ven = Electron-nuclear attractive contribution to Virial Field V             
  Vrep = V - Ven = Repulsive contribution to Virial Field V                    
  DelSqV = Laplacian of V                                                      
  DelSqVen = Laplacian of Ven                                                  
  DelSqVrep = Laplacian of Vrep                                                
  DelSqG = Laplacian of G                                                      
  DelSqK = Laplacian of K                                                      
  Stress_EigVals = Eigenvalues of Stress Tensor, Ascending Order               
  Stress_EigVecs = Eigenvectors of Stress Tensor                               
  -DivStress = Ehrenfest Force Density = Minus Divergence of Stress Tensor     
  ESP = Total Electrostatic Potential                                          
  ESPe = Electrostatic Potential from Electrons                                
  ESPn = Electrostatic Potential from Nuclei                                   
  BP = Bond Path                                                               
  BPL = Bond Path Length                                                       
  GBL = Geometric Bond Length                                                  
  GBL_I = Distance Between Nuclear Attractors                                  
  GBL_II = Distance Between Nuclei                                             
  GBL_III = Sum of Distances Between BCP and Nuclear Attractors                
  GBL_IV = Sum of Distances Between BCP and Nuclei                             

CP# 1      Coords = -1.77307840231300E+00 -1.34465057287892E+00 -1.34679265361312E-02
           Type = (3,-3) NACP C1
           Rho =  1.1753581264E+02     Rho at Nucleus =  1.1753581210E+02
           GradRho = -3.8763399860E-09 -2.5508045034E-09 -1.8267998225E-11
           HessRho_EigVals = -1.4482875071E+05 -1.4482805560E+05 -1.4482759619E+05
           HessRho_EigVec1 =  8.0665657521E-01  5.8916903179E-01  4.6744215053E-02
           HessRho_EigVec2 = -8.7145637916E-02  4.0342277073E-02  9.9537838960E-01
           HessRho_EigVec3 = -5.8456035399E-01  8.0700207723E-01 -8.3885874175E-02
           DelSqRho = -4.3448440250E+05
           Bond Ellipticity = NA
           V = -1.0863131462E+05
           G =  5.1069990354E+00
           K =  1.0862620762E+05
           L =  1.0862110062E+05
           Vnuc =  2.1865920069E+06
           Ven = -2.5700286845E+08
           Vrep =  2.5689423714E+08
           DelSqV =  2.4922405656E+09
           DelSqVen =  9.5004011725E+11
           DelSqVrep = -9.4754787668E+11
           DelSqG =  1.3386632946E+08
           DelSqK = -2.6261068951E+09
           Stress_EigVals = -3.6210601805E+04 -3.6210429877E+04 -3.6210282940E+04
           Stress_EigVec1 = -6.0127005163E-01  7.9530387732E-01 -7.7240324580E-02
           Stress_EigVec2 = -9.7474525726E-02  2.2939121903E-02  9.9497362454E-01
           Stress_EigVec3 =  7.9307820664E-01  6.0577680660E-01  6.3729261239E-02
           -DivStress =  1.8696644437E+03  1.2067842817E+03  1.5403144488E+01
           ESP =  -1.4707393873E+01     ESP at Nucleus =  -1.4707393909E+01
           ESPe = -2.7968346804E+01     ESPe at Nucleus = -2.7968347480E+01
           ESPn =  1.3260952932E+01     ESPn at Nucleus =  1.3260953571E+01

CP# 2      Coords = -1.20964911781566E-02 -2.39643523327759E+00 -4.43952385834937E-02
           Type = (3,-3) NACP H2
           Rho =  4.2159777239E-01     Rho at Nucleus =  4.1819603988E-01
           GradRho = -4.5949572272E-15  1.5633111125E-15  9.1615083575E-17
           HessRho_EigVals = -6.4532387166E+00 -6.4481725414E+00 -5.8800867377E+00
           HessRho_EigVec1 =  4.8969335519E-01  8.1655260479E-01  3.0568326990E-01
           HessRho_EigVec2 = -1.4036066517E-01 -2.7219495745E-01  9.5194999281E-01
           HessRho_EigVec3 =  8.6052269090E-01 -5.0906949304E-01 -1.8680195229E-02
           DelSqRho = -1.8781497996E+01
           Bond Ellipticity = NA
           V = -4.7051144579E+00
           G =  4.8699794952E-03
           K =  4.7002444784E+00
           L =  4.6953744989E+00
           Vnuc =  4.3230085688E+01
           Ven = -1.8225707826E+01
           Vrep =  1.3520593368E+01
           DelSqV =  7.0866817353E+02
           DelSqVen =  8.1192576771E+02
           DelSqVrep = -1.0325759418E+02
           DelSqG =  7.0094158967E+01
           DelSqK = -7.7876233250E+02
           Stress_EigVals = -1.6165443220E+00 -1.6159097999E+00 -1.4726603360E+00
           Stress_EigVec1 =  4.7633828917E-01  7.9480012545E-01  3.7602472639E-01
           Stress_EigVec2 = -1.7649786653E-01 -3.3252242877E-01  9.2643258658E-01
           Stress_EigVec3 =  8.6136539133E-01 -5.0766287529E-01 -1.8112638371E-02
           -DivStress =  6.5103157391E+00 -3.8480620139E+00 -1.5259966808E-01
           ESP =  -1.1087577340E+00     ESP at Nucleus =  -1.1110227201E+00
           ESPe = -1.4580565756E+01     ESPe at Nucleus = -1.4501798233E+01
           ESPn =  1.3471808022E+01     ESPn at Nucleus =  1.3390775513E+01

CP# 3      Coords = -1.74500825394426E+00  4.60046058900073E-01 -2.23362318736616E+00
           Type = (3,-3) NACP C3
           Rho =  1.1770200853E+02     Rho at Nucleus =  1.1770200843E+02
           GradRho =  1.5847925749E-10 -3.2514514345E-10  3.0283772018E-11
           HessRho_EigVals = -1.4503746302E+05 -1.4503672498E+05 -1.4503633472E+05
           HessRho_EigVec1 =  9.7683715289E-01 -1.9792691045E-01  8.1327208559E-02
           HessRho_EigVec2 = -1.5118762271E-01 -3.6942083367E-01  9.1688088124E-01
           HessRho_EigVec3 =  1.5143143489E-01  9.0793897690E-01  3.9078809444E-01
           DelSqRho = -4.3511052272E+05
           Bond Ellipticity = NA
           V = -1.0878790710E+05
           G =  5.1382103897E+00
           K =  1.0878276889E+05
           L =  1.0877763068E+05
           Vnuc =  5.0678904966E+06
           Ven = -5.9650089045E+08
           Vrep =  5.9639210254E+08
           DelSqV =  2.4958204947E+09
           DelSqVen =  2.2050925445E+12
           DelSqVrep = -2.2025966585E+12
           DelSqG =  1.3406394101E+08
           DelSqK = -2.6298844358E+09
           Stress_EigVals = -3.6262915111E+04 -3.6262703594E+04 -3.6262288397E+04
           Stress_EigVec1 =  9.4149261054E-02  7.8099517445E-01  6.1739975229E-01
           Stress_EigVec2 = -9.8487385360E-02 -6.0980582964E-01  7.8640770918E-01
           Stress_EigVec3 =  9.9067459419E-01 -1.3484579203E-01  1.9505404463E-02
           -DivStress = -4.2861855608E+02  8.4506916190E+02 -1.6943971661E+02
           ESP =  -1.4750941402E+01     ESP at Nucleus =  -1.4750941412E+01
           ESPe = -2.7074073436E+01     ESPe at Nucleus = -2.7074073277E+01
           ESPn =  1.2323132034E+01     ESPn at Nucleus =  1.2323131864E+01

CP# 4      Coords = -1.85031370968586E+00 -1.69243237583456E-01 -4.14224097472813E+00
           Type = (3,-3) NACP H4
           Rho =  4.2359292152E-01     Rho at Nucleus =  4.1981886371E-01
           GradRho =  2.4694745381E-10  1.4300411654E-09  4.3288034237E-09
           HessRho_EigVals = -6.4541389395E+00 -6.4482249768E+00 -5.8458895069E+00
           HessRho_EigVec1 =  2.6914195499E-02  9.4937159635E-01 -3.1300031648E-01
           HessRho_EigVec2 =  9.9819684963E-01 -4.2329658504E-02 -4.2558775851E-02
           HessRho_EigVec3 =  5.3653289477E-02  3.1129049463E-01  9.4879900531E-01
           DelSqRho = -1.8748253423E+01
           Bond Ellipticity = NA
           V = -4.6962735131E+00
           G =  4.6050786363E-03
           K =  4.6916684344E+00
           L =  4.6870633558E+00
           Vnuc =  4.0032540309E+01
           Ven = -1.6957500705E+01
           Vrep =  1.2261227192E+01
           DelSqV =  7.0566113787E+02
           DelSqVen =  7.5054021813E+02
           DelSqVrep = -4.4879080254E+01
           DelSqG =  6.9493211266E+01
           DelSqK = -7.7515434914E+02
           Stress_EigVals = -1.6168017212E+00 -1.6163912712E+00 -1.4630805207E+00
           Stress_EigVec1 =  7.9999515781E-02  9.4509578561E-01 -3.1685017517E-01
           Stress_EigVec2 =  9.9532031197E-01 -9.3021747327E-02 -2.6161634152E-02
           Stress_EigVec3 =  5.4199207117E-02  3.1327449714E-01  9.4811472691E-01
           -DivStress = -4.3214743369E-01 -2.5033284688E+00 -7.5567611823E+00
           ESP =  -1.1061520374E+00     ESP at Nucleus =  -1.1087284035E+00
           ESPe = -1.2929251925E+01     ESPe at Nucleus = -1.2838099233E+01
           ESPn =  1.1823099887E+01     ESPn at Nucleus =  1.1729370830E+01

CP# 5      Coords = -1.54596427334444E+00  2.85071666712387E+00 -1.38763152949649E+00
           Type = (3,-3) NACP C5
           Rho =  1.1768005949E+02     Rho at Nucleus =  1.1768005931E+02
           GradRho =  2.0108406953E-10  6.8773979350E-10  5.9469270307E-10
           HessRho_EigVals = -1.4500453076E+05 -1.4500366847E+05 -1.4500331192E+05
           HessRho_EigVec1 =  9.9554098897E-01 -9.4256703599E-02  3.7165997227E-03
           HessRho_EigVec2 = -1.7221016398E-02 -1.4286846847E-01  9.8959185390E-01
           HessRho_EigVec3 =  9.2744681147E-02  9.8524325653E-01  1.4385461263E-01
           DelSqRho = -4.3501151115E+05
           Bond Ellipticity = NA
           V = -1.0876312637E+05
           G =  5.1242887230E+00
           K =  1.0875800208E+05
           L =  1.0875287779E+05
           Vnuc =  3.7345536069E+06
           Ven = -4.3948249064E+08
           Vrep =  4.3937372752E+08
           DelSqV =  2.4952483352E+09
           DelSqVen =  1.6245738127E+12
           DelSqVrep = -1.6220785644E+12
           DelSqG =  1.3402752066E+08
           DelSqK = -2.6292758559E+09
           Stress_EigVals = -3.6254655561E+04 -3.6254466351E+04 -3.6254004454E+04
           Stress_EigVec1 =  8.3110413092E-02  9.9613930496E-01 -2.8269141287E-02
           Stress_EigVec2 =  7.5499952443E-03  2.7737059920E-02  9.9958674115E-01
           Stress_EigVec3 =  9.9651174444E-01 -8.3289498860E-02 -5.2156085072E-03
           -DivStress = -2.6399678827E+02 -9.6772151754E+02 -8.3310461503E+02
           ESP =  -1.4743291850E+01     ESP at Nucleus =  -1.4743291871E+01
           ESPe = -2.6566065800E+01     ESPe at Nucleus = -2.6566066754E+01
           ESPn =  1.1822773949E+01     ESPn at Nucleus =  1.1822774883E+01

CP# 6      Coords = -1.43333814160345E+00  4.51710085164084E+00 -2.51672921098903E+00
           Type = (3,-3) NACP H6
           Rho =  4.2630524704E-01     Rho at Nucleus =  4.2259760891E-01
           GradRho = -2.0990154059E-16 -6.9367797097E-15  4.1693062306E-15
           HessRho_EigVals = -6.5075224505E+00 -6.5019443256E+00 -5.9030045851E+00
           HessRho_EigVec1 =  4.7771572908E-02  5.6194120976E-01  8.2579655703E-01
           HessRho_EigVec2 =  9.9730705776E-01 -7.2891384079E-02 -8.0918892365E-03
           HessRho_EigVec3 =  5.5646287982E-02  8.2395929687E-01 -5.6391007061E-01
           DelSqRho = -1.8912471361E+01
           Bond Ellipticity = NA
           V = -4.7370852839E+00
           G =  4.4837217898E-03
           K =  4.7326015621E+00
           L =  4.7281178403E+00
           Vnuc =  3.9788931064E+01
           Ven = -1.6962230087E+01
           Vrep =  1.2225144803E+01
           DelSqV =  7.1234258949E+02
           DelSqVen =  7.5250701925E+02
           DelSqVrep = -4.0164429757E+01
           DelSqG =  7.0261742329E+01
           DelSqK = -7.8260433182E+02
           Stress_EigVals = -1.6301082207E+00 -1.6295444579E+00 -1.4774326053E+00
           Stress_EigVec1 =  5.7666348437E-03  5.6352003882E-01  8.2608226695E-01
           Stress_EigVec2 =  9.9843064024E-01 -4.9262735573E-02  2.6635305736E-02
           Stress_EigVec3 =  5.5704600801E-02  8.2463225060E-01 -5.6291975335E-01
           -DivStress =  4.4322825429E-01  6.5402323567E+00 -4.4694061071E+00
           ESP =  -1.1034026088E+00     ESP at Nucleus =  -1.1059338428E+00
           ESPe = -1.2303122989E+01     ESPe at Nucleus = -1.2213903823E+01
           ESPn =  1.1199720380E+01     ESPn at Nucleus =  1.1107969980E+01

CP# 7      Coords = -1.68528368509752E+00  4.44836899316863E-01  2.23604182720899E+00
           Type = (3,-3) NACP C7
           Rho =  1.1770765339E+02     Rho at Nucleus =  1.1770765331E+02
           GradRho =  1.2441858654E-10 -2.2470784955E-10  1.0065560885E-10
           HessRho_EigVals = -1.4504544190E+05 -1.4504471662E+05 -1.4504438478E+05
           HessRho_EigVec1 =  9.7876645860E-01 -1.7379694644E-01 -1.0867769287E-01
           HessRho_EigVec2 =  1.3465197047E-01  1.4540284945E-01  9.8016675021E-01
           HessRho_EigVec3 =  1.5454794197E-01  9.7398800443E-01 -1.6571753333E-01
           DelSqRho = -4.3513454330E+05
           Bond Ellipticity = NA
           V = -1.0879390528E+05
           G =  5.1347270286E+00
           K =  1.0878877055E+05
           L =  1.0878363583E+05
           Vnuc =  5.6109722910E+06
           Ven = -6.6045438163E+08
           Vrep =  6.6034558772E+08
           DelSqV =  2.4959586768E+09
           DelSqVen =  2.4415277548E+12
           DelSqVrep = -2.4390317305E+12
           DelSqG =  1.3407238430E+08
           DelSqK = -2.6300310611E+09
           Stress_EigVals = -3.6264891989E+04 -3.6264719407E+04 -3.6264293884E+04
           Stress_EigVec1 =  7.2482661263E-02  8.2115345074E-01 -5.6608592471E-01
           Stress_EigVec2 =  1.0845442170E-01  5.5772396704E-01  8.2291045382E-01
           Stress_EigVec3 =  9.9145544642E-01 -1.2104126127E-01 -4.8632405243E-02
           -DivStress = -4.0354409535E+02  6.9778327428E+02 -3.1766772293E+02
           ESP =  -1.4750451164E+01     ESP at Nucleus =  -1.4750451176E+01
           ESPe = -2.7051790444E+01     ESPe at Nucleus = -2.7051791203E+01
           ESPn =  1.2301339280E+01     ESPn at Nucleus =  1.2301340027E+01

CP# 8      Coords = -1.71469084545088E+00 -1.78887063430126E-01  4.15302400687010E+00
           Type = (3,-3) NACP H8
           Rho =  4.2445959012E-01     Rho at Nucleus =  4.2079999457E-01
           GradRho =  3.7385051652E-11  8.0262445038E-10 -2.5124628817E-09
           HessRho_EigVals = -6.4721376808E+00 -6.4664949585E+00 -5.8753585489E+00
           HessRho_EigVec1 =  2.6395026720E-02  9.5208335656E-01  3.0469752991E-01
           HessRho_EigVec2 =  9.9954923001E-01 -2.9498254576E-02  5.5847797496E-03
           HessRho_EigVec3 = -1.4305221155E-02 -3.0441277099E-01  9.5243279317E-01
           DelSqRho = -1.8813991188E+01
           Bond Ellipticity = NA
           V = -4.7129547108E+00
           G =  4.7284568699E-03
           K =  4.7082262539E+00
           L =  4.7034977970E+00
           Vnuc =  4.0509006697E+01
           Ven = -1.7194436379E+01
           Vrep =  1.2481481668E+01
           DelSqV =  7.0873936725E+02
           DelSqVen =  7.6213609936E+02
           DelSqVrep = -5.3396732113E+01
           DelSqG =  6.9839138389E+01
           DelSqK = -7.7857850564E+02
           Stress_EigVals = -1.6214213479E+00 -1.6210112296E+00 -1.4705221332E+00
           Stress_EigVec1 =  8.2144361499E-02  9.4824076276E-01  3.0674380142E-01
           Stress_EigVec2 =  9.9650927030E-01 -8.2745103307E-02 -1.1068969758E-02
           Stress_EigVec3 = -1.4885499210E-02 -3.0658229517E-01  9.5172775425E-01
           -DivStress = -1.1228589740E-01 -2.3947375027E+00  7.4876685220E+00
           ESP =  -1.1007101959E+00     ESP at Nucleus =  -1.1032120012E+00
           ESPe = -1.2904198360E+01     ESPe at Nucleus = -1.2815040054E+01
           ESPn =  1.1803488164E+01     ESPn at Nucleus =  1.1711828053E+01

CP# 9      Coords = -1.51198741986745E+00  2.84305435478137E+00  1.40351761395823E+00
           Type = (3,-3) NACP C9
           Rho =  1.1768194683E+02     Rho at Nucleus =  1.1768194666E+02
           GradRho =  1.2095531521E-10  6.1626429307E-10 -5.0362846467E-10
           HessRho_EigVals = -1.4500693114E+05 -1.4500604712E+05 -1.4500571331E+05
           HessRho_EigVec1 =  9.9584351425E-01 -8.4799259155E-02 -3.3238242574E-02
           HessRho_EigVec2 =  4.5152012119E-02  1.4269564746E-01  9.8873618726E-01
           HessRho_EigVec3 =  7.9101143635E-02  9.8612729292E-01 -1.4593139222E-01
           DelSqRho = -4.3501869157E+05
           Bond Ellipticity = NA
           V = -1.0876491154E+05
           G =  5.1193255658E+00
           K =  1.0875979222E+05
           L =  1.0875467289E+05
           Vnuc =  3.9482567360E+06
           Ven = -4.6463853926E+08
           Vrep =  4.6452977435E+08
           DelSqV =  2.4952892851E+09
           DelSqVen =  1.7175655424E+12
           DelSqVrep = -1.7150702122E+12
           DelSqG =  1.3402977572E+08
           DelSqK = -2.6293190608E+09
           Stress_EigVals = -3.6255247749E+04 -3.6255065682E+04 -3.6254598112E+04
           Stress_EigVec1 =  7.8266311157E-02  9.9631738440E-01  3.5015055005E-02
           Stress_EigVec2 =  1.8477328148E-02 -3.6566468519E-02  9.9916038839E-01
           Stress_EigVec3 =  9.9676124166E-01 -7.7553613192E-02 -2.1271205854E-02
           -DivStress = -1.9393092328E+02 -9.4125268161E+02  7.7220788455E+02
           ESP =  -1.4742016130E+01     ESP at Nucleus =  -1.4742016149E+01
           ESPe = -2.6563022850E+01     ESPe at Nucleus = -2.6563023804E+01
           ESPn =  1.1821006719E+01     ESPn at Nucleus =  1.1821007655E+01

CP# 10     Coords = -1.37889973432458E+00  4.50524179183092E+00  2.53815976090938E+00
           Type = (3,-3) NACP H10
           Rho =  4.2622971214E-01     Rho at Nucleus =  4.2253631744E-01
           GradRho = -1.1340754724E-15 -7.4912949108E-15 -6.0715660472E-15
           HessRho_EigVals = -6.5067110446E+00 -6.5011192733E+00 -5.9034660512E+00
           HessRho_EigVec1 = -3.0109771608E-02 -5.6536277748E-01  8.2429262492E-01
           HessRho_EigVec2 =  9.9736833059E-01 -7.1407558475E-02 -1.2544868941E-02
           HessRho_EigVec3 =  6.5953125762E-02  8.2174563609E-01  5.6602499482E-01
           DelSqRho = -1.8911296369E+01
           Bond Ellipticity = NA
           V = -4.7368068602E+00
           G =  4.4913839372E-03
           K =  4.7323154762E+00
           L =  4.7278240923E+00
           Vnuc =  3.9844178928E+01
           Ven = -1.6982772915E+01
           Vrep =  1.2245966055E+01
           DelSqV =  7.1236285320E+02
           DelSqVen =  7.5350507630E+02
           DelSqVrep = -4.1142223099E+01
           DelSqG =  7.0264435442E+01
           DelSqK = -7.8262728864E+02
           Stress_EigVals = -1.6298984719E+00 -1.6293124771E+00 -1.4775959112E+00
           Stress_EigVec1 =  1.5531909226E-02 -5.6714877142E-01  8.2346890098E-01
           Stress_EigVec2 =  9.9769142240E-01 -4.5662309768E-02 -5.0267078022E-02
           Stress_EigVec3 =  6.6110403584E-02  8.2234860281E-01  5.6513024162E-01
           -DivStress =  5.2533541341E-01  6.5100209040E+00  4.4768861969E+00
           ESP =  -1.1025383026E+00     ESP at Nucleus =  -1.1050606103E+00
           ESPe = -1.2302773060E+01     ESPe at Nucleus = -1.2213829106E+01
           ESPn =  1.1200234758E+01     ESPn at Nucleus =  1.1108768496E+01

CP# 11     Coords =  5.73451302614916E+00 -6.09972510794273E-01 -1.27359875041434E+00
           Type = (3,-3) NACP C11
           Rho =  1.1768225416E+02     Rho at Nucleus =  1.1768225409E+02
           GradRho =  6.9950894035E-12 -3.7563089791E-11 -1.7318307595E-10
           HessRho_EigVals = -1.4501085510E+05 -1.4500977249E+05 -1.4500958073E+05
           HessRho_EigVec1 =  5.6129425750E-01  8.2612581126E-01 -4.9647763954E-02
           HessRho_EigVec2 =  8.1940775264E-01 -5.6315433585E-01 -1.0690242717E-01
           HessRho_EigVec3 =  1.1627420790E-01 -1.9321955795E-02  9.9302918920E-01
           DelSqRho = -4.3503020832E+05
           Bond Ellipticity = NA
           V = -1.0876773778E+05
           G =  5.0928479781E+00
           K =  1.0876264493E+05
           L =  1.0875755208E+05
           Vnuc =  6.3263971291E+06
           Ven = -7.4450467486E+08
           Vrep =  7.4439590712E+08
           DelSqV =  2.4953584250E+09
           DelSqVen =  2.7521733100E+12
           DelSqVrep = -2.7496779515E+12
           DelSqG =  1.3403707180E+08
           DelSqK = -2.6293954968E+09
           Stress_EigVals = -3.6256176193E+04 -3.6256061964E+04 -3.6255499618E+04
           Stress_EigVec1 =  6.2944137176E-02  1.7878859204E-02  9.9785689454E-01
           Stress_EigVec2 =  8.2608233091E-01 -5.6197923063E-01 -4.2039587284E-02
           Stress_EigVec3 =  5.6002323001E-01  8.2695809491E-01 -5.0142707468E-02
           -DivStress = -1.0290890189E+02  1.5459082961E+02  7.4731712972E+02
           ESP =  -1.4749304492E+01     ESP at Nucleus =  -1.4749304505E+01
           ESPe = -2.3852177251E+01     ESPe at Nucleus = -2.3852178184E+01
           ESPn =  9.1028727591E+00     ESPn at Nucleus =  9.1028736789E+00

CP# 12     Coords =  4.29492009706736E+00  2.95464332174846E-01 -2.36232180705533E+00
           Type = (3,-3) NACP H12
           Rho =  4.2443287835E-01     Rho at Nucleus =  4.2068372892E-01
           GradRho =  8.1418162143E-16 -2.5934793592E-16  1.6105823272E-15
           HessRho_EigVals = -6.4589922161E+00 -6.4524218717E+00 -5.8543084975E+00
           HessRho_EigVec1 = -4.2106750350E-01  3.3549442337E-01  8.4270139989E-01
           HessRho_EigVec2 = -5.5845472492E-01 -8.2799043406E-01  5.0598036740E-02
           HessRho_EigVec3 =  7.1472405704E-01 -4.4930538945E-01  5.3599831091E-01
           DelSqRho = -1.8765722585E+01
           Bond Ellipticity = NA
           V = -4.7005110242E+00
           G =  4.5401889471E-03
           K =  4.6959708353E+00
           L =  4.6914306463E+00
           Vnuc =  3.9573320284E+01
           Ven = -1.6796218234E+01
           Vrep =  1.2095707210E+01
           DelSqV =  7.0624373149E+02
           DelSqVen =  7.4262195023E+02
           DelSqVrep = -3.6378218742E+01
           DelSqG =  6.9481306514E+01
           DelSqK = -7.7572503801E+02
           Stress_EigVals = -1.6179957332E+00 -1.6172761182E+00 -1.4652391728E+00
           Stress_EigVec1 = -4.2159521079E-01  3.3732751618E-01  8.4170518893E-01
           Stress_EigVec2 = -5.5909934251E-01 -8.2749409459E-01  5.1589229813E-02
           Stress_EigVec3 =  7.1390853997E-01 -4.4884704550E-01  5.3746713974E-01
           -DivStress = -5.6817612987E+00  3.5720010547E+00 -4.2545767967E+00
           ESP =  -1.1159535581E+00     ESP at Nucleus =  -1.1184370511E+00
           ESPe = -1.2369301538E+01     ESPe at Nucleus = -1.2320259675E+01
           ESPn =  1.1253347980E+01     ESPn at Nucleus =  1.1201822624E+01

CP# 13     Coords =  7.14411943271466E+00 -1.62570965272000E+00 -2.30550482472405E+00
           Type = (3,-3) NACP H13
           Rho =  4.2593015782E-01     Rho at Nucleus =  4.2226695352E-01
           GradRho =  2.1565052261E-15  1.1411227865E-17  3.8912693597E-16
           HessRho_EigVals = -6.4858239979E+00 -6.4795318025E+00 -5.8881603175E+00
           HessRho_EigVec1 =  4.4691689768E-01 -2.4974167604E-01  8.5900778915E-01
           HessRho_EigVec2 = -5.5927941496E-01 -8.2744498949E-01  5.0411559844E-02
           HessRho_EigVec3 =  6.9819182362E-01 -5.0295515170E-01 -5.0947452617E-01
           DelSqRho = -1.8853516118E+01
           Bond Ellipticity = NA
           V = -4.7224167415E+00
           G =  4.5188560305E-03
           K =  4.7178978855E+00
           L =  4.7133790295E+00
           Vnuc =  3.8256271557E+01
           Ven = -1.6294499782E+01
           Vrep =  1.1572083040E+01
           DelSqV =  7.1001274167E+02
           DelSqVen =  7.2126523241E+02
           DelSqVrep = -1.1252490737E+01
           DelSqG =  6.9877857273E+01
           DelSqK = -7.7989059894E+02
           Stress_EigVals = -1.6247608632E+00 -1.6240060573E+00 -1.4736498211E+00
           Stress_EigVec1 =  4.4737914625E-01 -2.5201542165E-01  8.5810263183E-01
           Stress_EigVec2 = -5.6002338530E-01 -8.2702139879E-01  4.9085780544E-02
           Stress_EigVec3 =  6.9729886520E-01 -5.0251749541E-01 -5.1112665691E-01
           -DivStress =  5.4925346091E+00 -3.9572787802E+00 -4.0156921806E+00
           ESP =  -1.1141579723E+00     ESP at Nucleus =  -1.1165942247E+00
           ESPe = -1.0648445669E+01     ESPe at Nucleus = -1.0572385087E+01
           ESPn =  9.5342876963E+00     ESPn at Nucleus =  9.4557908624E+00

CP# 14     Coords =  5.76394035756958E+00 -4.76635156463958E-01  1.23983147293832E+00
           Type = (3,-3) NACP C14
           Rho =  1.1768146354E+02     Rho at Nucleus =  1.1768146347E+02
           GradRho = -1.8658579889E-11 -1.9873156506E-11  2.0177303361E-10
           HessRho_EigVals = -1.4500986689E+05 -1.4500879979E+05 -1.4500860478E+05
           HessRho_EigVec1 =  5.6087700341E-01  8.2633698666E-01 -5.0834747252E-02
           HessRho_EigVec2 =  8.2258789424E-01 -5.4928326286E-01  1.4709538877E-01
           HessRho_EigVec3 = -9.3627684473E-02  1.2431846857E-01  9.8781515228E-01
           DelSqRho = -4.3502727147E+05
           Bond Ellipticity = NA
           V = -1.0876700370E+05
           G =  5.0929182813E+00
           K =  1.0876191079E+05
           L =  1.0875681787E+05
           Vnuc =  6.1251551787E+06
           Ven = -7.2081722581E+08
           Vrep =  7.2070845881E+08
           DelSqV =  2.4953416495E+09
           DelSqVen =  2.6646101361E+12
           DelSqVrep = -2.6621145323E+12
           DelSqG =  1.3403616847E+08
           DelSqK = -2.6293778179E+09
           Stress_EigVals = -3.6255930801E+04 -3.6255815580E+04 -3.6255257323E+04
           Stress_EigVec1 = -4.0257820078E-02  8.7754804253E-02  9.9532828868E-01
           Stress_EigVec2 =  8.2781326927E-01 -5.5491816150E-01  8.2407677170E-02
           Stress_EigVec3 =  5.5955741363E-01  8.2726351809E-01 -5.0304795899E-02
           -DivStress = -1.2849826902E+02  6.9707800350E+01 -7.8178641606E+02
           ESP =  -1.4749197917E+01     ESP at Nucleus =  -1.4749197931E+01
           ESPe = -2.3849470820E+01     ESPe at Nucleus = -2.3849471789E+01
           ESPn =  9.1002729033E+00     ESPn at Nucleus =  9.1002738580E+00

CP# 15     Coords =  7.19913112463961E+00 -1.37885558864084E+00  2.34000211913490E+00
           Type = (3,-3) NACP H15
           Rho =  4.2597889534E-01     Rho at Nucleus =  4.2232266566E-01
           GradRho = -2.5224234593E-15  3.2919088462E-16 -2.1509215849E-16
           HessRho_EigVals = -6.4866811424E+00 -6.4803516534E+00 -5.8896921080E+00
           HessRho_EigVec1 = -4.2661929101E-01  3.3984393660E-01  8.3815397111E-01
           HessRho_EigVec2 = -5.5906993834E-01 -8.2755176515E-01  5.0979211892E-02
           HessRho_EigVec3 =  7.1094077432E-01 -4.4683797371E-01  5.4304607601E-01
           DelSqRho = -1.8856724904E+01
           Bond Ellipticity = NA
           V = -4.7232465019E+00
           G =  4.5326380070E-03
           K =  4.7187138639E+00
           L =  4.7141812259E+00
           Vnuc =  3.8282769407E+01
           Ven = -1.6307651822E+01
           Vrep =  1.1584405320E+01
           DelSqV =  7.1016815470E+02
           DelSqVen =  7.2188765125E+02
           DelSqVrep = -1.1719496555E+01
           DelSqG =  6.9893817210E+01
           DelSqK = -7.8006197191E+02
           Stress_EigVals = -1.6249772433E+00 -1.6242312012E+00 -1.4740380574E+00
           Stress_EigVec1 = -4.2737749775E-01  3.4161378331E-01  8.3704748818E-01
           Stress_EigVec2 = -5.5957556580E-01 -8.2715459261E-01  5.1869703042E-02
           Stress_EigVec3 =  7.1008707957E-01 -4.4622337790E-01  5.4466598612E-01
           -DivStress =  5.5886585327E+00 -3.5119972883E+00  4.2751489309E+00
           ESP =  -1.1138377180E+00     ESP at Nucleus =  -1.1162697667E+00
           ESPe = -1.0644316840E+01     ESPe at Nucleus = -1.0568336199E+01
           ESPn =  9.5304791216E+00     ESPn at Nucleus =  9.4520664318E+00

CP# 16     Coords =  4.34761682068193E+00  5.39253432493536E-01  2.25951688910722E+00
           Type = (3,-3) NACP H16
           Rho =  4.2451514138E-01     Rho at Nucleus =  4.2077160031E-01
           GradRho =  2.5760643618E-16  1.0657707356E-16  7.8273975843E-16
           HessRho_EigVals = -6.4600857827E+00 -6.4534914451E+00 -5.8558963516E+00
           HessRho_EigVec1 =  4.4135446138E-01 -2.4353464308E-01  8.6365335467E-01
           HessRho_EigVec2 = -5.5712264828E-01 -8.2886374106E-01  5.0982874986E-02
           HessRho_EigVec3 =  7.0343485427E-01 -5.0366236348E-01 -5.0150137529E-01
           DelSqRho = -1.8769473579E+01
           Bond Ellipticity = NA
           V = -4.7014813709E+00
           G =  4.5564880348E-03
           K =  4.6969248829E+00
           L =  4.6923683949E+00
           Vnuc =  3.9594707400E+01
           Ven = -1.6808552810E+01
           Vrep =  1.2107071439E+01
