AIMSum (Version 19.02.13, Professional)
Copyright (c) 1997-2019 by Todd A. Keith
AIMSum is a component of the AIMAll package ( http://aim.tkgristmill.com )

TP:  64-bit Linux

Much of the Quantum Theory of Atoms in Molecules (QTAIM) is described in the book:
  "Atoms in Molecules - A Quantum Theory"
  R.F.W. Bader, Oxford University Press, Oxford, 1990

For additional references see:  http://aim.tkgristmill.com/references.html

Wfn File:  /home/mhennefarth/Documents/ML_Diels/summary-levandowski2018/r_12-opt/r_12-opt.wfn
Sum File:  /home/mhennefarth/Documents/ML_Diels/summary-levandowski2018/r_12-opt/r_12-opt.sum

SumViz File:  /home/mhennefarth/Documents/ML_Diels/summary-levandowski2018/r_12-opt/r_12-opt.sumviz

Wfn Title:   Title Card Required                                                           
 
Total memory allocated for AIMSum =        0.971 Megabytes

Atomic units (a.u.) used throughout, except where stated otherwise

Model:  Restricted SCF
 
Restricted, closed-shell, single-determinant wavefunction.
  Number of electrons (from MO Occs)                   =          60.0000000000
  Number of Alpha electrons (from MO Occs)             =          30.0000000000
  Number of Beta electrons (from MO Occs)              =          30.0000000000
  Number of electron pairs (N*(N-1)/2)                 =        1770.0000000000
  Number of electron pairs (from Muller 2EDM)          =        1770.0000000000
 
Nuclear Charges and Cartesian Coordinates:
-------------------------------------------------------------------------------
Atom      Charge                X                  Y                  Z
-------------------------------------------------------------------------------
C1         6.0           1.7858383500E+00  -1.2982785500E+00  -2.1250240000E-02
H2         1.0           8.5927140000E-02  -2.5058188400E+00  -6.0532740000E-02
C3         6.0           1.6142625000E+00   4.4808366000E-01   2.2314138300E+00
H4         1.0           1.6654921200E+00  -2.0621258000E-01   4.1736783500E+00
C5         6.0           1.4027023400E+00   2.8593397700E+00   1.4323658200E+00
H6         1.0           1.2377542900E+00   4.5265028700E+00   2.6160613200E+00
C7         6.0           1.6666902900E+00   5.2101268000E-01  -2.2189300800E+00
H8         1.0           1.7643678600E+00  -6.9247730000E-02  -4.1798448600E+00
C9         6.0           1.4358140000E+00   2.9049732500E+00  -1.3464393600E+00
H10        1.0           1.2989721500E+00   4.6100853700E+00  -2.4785743600E+00
C11        6.0          -5.7960762800E+00  -6.9394142000E-01   1.2367705300E+00
H12        1.0          -4.3409955000E+00   2.2083447000E-01   2.3624353000E+00
H13        1.0          -7.2771956700E+00  -1.6780748100E+00   2.2682615700E+00
C14        6.0          -5.7579457500E+00  -6.0823170000E-01  -1.2784810500E+00
H15        1.0          -7.2064160100E+00  -1.5187156600E+00  -2.4183019700E+00
H16        1.0          -4.2702881400E+00   3.7879606000E-01  -2.2954023800E+00
C17        6.0           4.1291908400E+00  -3.0267775900E+00  -2.2181360000E-02
H18        1.0           4.1266219100E+00  -4.2740326100E+00   1.6309365500E+00
H19        1.0           4.1666476300E+00  -4.2179653100E+00  -1.7157227700E+00
H20        1.0           5.8662545400E+00  -1.9032318600E+00   1.7397500000E-02
 
Some Atomic Properties:
----------------------
  q(A) = Net Charge of Atom A
  L(A) = Lagrangian of Atom A = -(1/4) Times Atomic Integral of the Laplacian of the Electron Density
  K(A) = Electronic Kinetic Energy of Atom A (Hamiltonian Form)
  K_Scaled(A) = K(A) * E(Mol)/K(Mol) = Approximation to Virial-Based Total Energy of Atom A.
  |Mu_Intra(A)| = Magnitude of Intraatomic Dipole Moment of Atom A
--------------------------------------------------------------------------------------------------
Atom A          q(A)              L(A)              K(A)          K_Scaled(A)      |Mu_Intra(A)|
--------------------------------------------------------------------------------------------------
C1        3.7378664000E-02  3.5194338891E-04  3.7679552526E+01 -3.8063723070E+01  1.1632610507E-01
H2        4.3220839060E-02  3.0464993495E-05  5.9557120134E-01 -6.0164348451E-01  1.5149599795E-01
C3       -7.8851906100E-02 -1.1931142325E-05  3.7746305000E+01 -3.8131156134E+01  1.6313933865E-01
H4        4.5220576880E-02  2.0687603480E-05  5.9187221121E-01 -5.9790678047E-01  1.5133368776E-01
C5       -5.9950805700E-02 -1.5667584710E-04  3.7728527452E+01 -3.8113197331E+01  1.5381926943E-01
H6        4.3942350390E-02  1.9842133751E-05  5.9332531841E-01 -5.9937470315E-01  1.5022954392E-01
C7       -7.8967349500E-02 -1.1762194298E-04  3.7746311003E+01 -3.8131162199E+01  1.6314184828E-01
H8        4.5299747300E-02  2.0662386726E-05  5.9185372047E-01 -5.9788810121E-01  1.5130323696E-01
C9       -6.0291506700E-02 -1.7022592068E-04  3.7728629485E+01 -3.8113300404E+01  1.5382216972E-01
H10       4.3940338060E-02  1.8614132064E-05  5.9332012371E-01 -5.9936945550E-01  1.5021769424E-01
C11      -8.5931896500E-02 -4.2680131064E-05  3.7696344148E+01 -3.8080685895E+01  9.5736960100E-02
H12       4.8781796260E-02  3.2855288571E-05  5.9199605871E-01 -5.9803189069E-01  1.4390662978E-01
H13       3.4546448360E-02  1.7907545013E-05  5.9769191413E-01 -6.0378581951E-01  1.4847069782E-01
C14      -8.5969118300E-02 -6.6992800017E-06  3.7696451064E+01 -3.8080793901E+01  9.6592378983E-02
H15       3.4511855760E-02  2.0483559194E-05  5.9771203902E-01 -6.0380614958E-01  1.4845293577E-01
H16       4.9790997530E-02  1.8541554869E-05  5.9160840163E-01 -5.9764028116E-01  1.4342129999E-01
C17      -1.5377510600E-02  8.3735975989E-05  3.7669829325E+01 -3.8053900734E+01  7.6555164922E-02
H18       9.8429859600E-03  2.2909405786E-05  6.0730652739E-01 -6.1349846077E-01  1.5552859176E-01
H19       9.8348044700E-03  2.4148981860E-05  6.0731303532E-01 -6.1350503505E-01  1.5553626601E-01
H20       1.9310121980E-02  2.9449020431E-05  6.0381072396E-01 -6.0996701507E-01  1.5366703028E-01
--------------------------------------------------------------------------------------------------
Total     2.8143261000E-04  2.0641170599E-04  3.0885533128E+02 -3.1200433684E+02
 
1st Largest |L(A)| = 3.5194338891E-04, atom C1      
2nd Largest |L(A)| = 1.7022592068E-04, atom C9      
 
Molecular charge q(Mol) from the wfn file:   0.0000000000E+00
Molecular energy E(Mol) from the wfn file:  -3.1200429812E+02
Molecular virial ratio (-V(Mol)/T(Mol)) from the wfn file:   2.0101957300E+00
Note.  K_Scaled(A) = (1+V(Mol)/T(Mol))*K(A) = (E(Mol)/T(Mol))*K(A)
       Only use K_Scaled(A) data with caution.
 
N_AIMInt(SumA)     =         59.999719
N_Analytic(Mol)    =         59.999989
 
G_AIMInt(SumA)     =        308.855125
G_Analytic(Mol)    =        308.855270
 
K_AIMInt(SumA)     =        308.855331
K_Analytic(Mol)    =        308.855270
 
L_AIMInt(SumA)     =          0.000206
L_Analytic(Mol)    =          0.000000
 
VenT_AIMInt(SumA)  =      -1390.776111
VenT_Analytic(Mol) =      -1390.779313
 
Some Information About the Atomic Calculations:
----------------------------------------------
  Time(sec) = "Elapsed User Time", in Seconds, for Atom A by AIMInt and, if used, by TWOe
  NProc = Number of Processors Used for AIMInt Job
  BIM = Basin Integration Method
  OAQ = Angular Quadrature Outside of Beta Sphere
  ORQ = Multiple of Default for Radial Quadrature Outside of Beta Sphere
  IAQ = Multiple of Default for Angular Quadrature Inside of Beta Sphere
  IRQ = Multiple of Default for Radial Quadrature Inside of Beta Sphere
  MIR = Maximum Integration Radius
------------------------------------------------------------------------------------------------------
Atom A     Time(sec)   NProc      BIM          OAQ                     ORQ      IAQ      IRQ      MIR
------------------------------------------------------------------------------------------------------
C1             30        8     Proaim(5)    4500(GS4)                  1.00     1.00     1.00    13.00
H2             14        8     Proaim(5)    4500(GS4)                  1.00     1.00     1.00    13.00
C3             29        8     Proaim(5)    4500(GS4)                  1.00     1.00     1.00    13.00
H4              7        8     Proaim(5)    1800(GS4)                  1.00     1.00     1.00    13.00
C5             20        8     Proaim(5)    4500(GS4)                  1.00     1.00     1.00    13.00
H6              5        8     Proaim(5)    1800(GS4)                  1.00     1.00     1.00    13.00
C7             30        8     Proaim(5)    4500(GS4)                  1.00     1.00     1.00    13.00
H8              5        8     Proaim(5)    1800(GS4)                  1.00     1.00     1.00    13.00
C9             21        8     Proaim(5)    4500(GS4)                  1.00     1.00     1.00    13.00
H10             6        8     Proaim(5)    1800(GS4)                  1.00     1.00     1.00    13.00
C11            21        8     Proaim(5)    4500(GS4)                  1.00     1.00     1.00    13.00
H12            11        8     Proaim(5)    4500(GS4)                  1.00     1.00     1.00    13.00
H13             4        8     Proaim(5)    1800(GS4)                  1.00     1.00     1.00    13.00
C14            28        8     Proaim(5)    4500(GS4)                  1.00     1.00     1.00    13.00
H15             4        8     Proaim(5)    1800(GS4)                  1.00     1.00     1.00    13.00
H16            12        8     Proaim(5)    4500(GS4)                  1.00     1.00     1.00    13.00
C17            20        8     Proaim(5)    4500(GS4)                  1.00     1.00     1.00    13.00
H18             5        8     Proaim(5)    1800(GS4)                  1.00     1.00     1.00    13.00
H19             5        8     Proaim(5)    1800(GS4)                  1.00     1.00     1.00    13.00
H20             5        8     Proaim(5)    1800(GS4)                  1.00     1.00     1.00    13.00
------------------------------------------------------------------------------------------------------
Total         282
Note:  Total wall clock time is less than total of atomic times if more than one atom
       was calculated at a time
 
Electron Density Critical Point Analysis of Molecular Structure:               
---------------------------------------------------------------                
  NACP = Nuclear Attractor Critical Point                                      
  NNACP = Non-Nuclear Attractor Critical Point                                 
  BCP = Bond Critical Point                                                    
  RCP = Ring Critical Point                                                    
  CCP = Cage Critical Point                                                    
  Rho = Electron Density                                                       
  GradRho = Gradient of Electron Density                                       
  HessRho_EigVals = Eigenvalues of the Hessian of Rho, Ascending Order         
  HessRho_EigVecs = Eigenvectors of the Hessian of Rho                         
  DelSqRho = Laplacian of Rho = Trace of Hessian of Rho                        
  Bond Ellipticity = (HessRho_EigVal(1) / HessRho_EigVal(2)) - 1               
  V = Virial Field = Potential Energy Density = Trace of Stress Tensor         
  G = Lagrangian Form of Kinetic Energy Density                                
  K = Hamiltonian Form of Kinetic Energy Density                               
  L = K - G = Lagrangian Density = (-1/4)DelSqRho                              
  Vnuc = Electrostatic Potential from Nuclei                                   
  Ven = Electron-nuclear attractive contribution to Virial Field V             
  Vrep = V - Ven = Repulsive contribution to Virial Field V                    
  DelSqV = Laplacian of V                                                      
  DelSqVen = Laplacian of Ven                                                  
  DelSqVrep = Laplacian of Vrep                                                
  DelSqG = Laplacian of G                                                      
  DelSqK = Laplacian of K                                                      
  Stress_EigVals = Eigenvalues of Stress Tensor, Ascending Order               
  Stress_EigVecs = Eigenvectors of Stress Tensor                               
  -DivStress = Ehrenfest Force Density = Minus Divergence of Stress Tensor     
  ESP = Total Electrostatic Potential                                          
  ESPe = Electrostatic Potential from Electrons                                
  ESPn = Electrostatic Potential from Nuclei                                   
  BP = Bond Path                                                               
  BPL = Bond Path Length                                                       
  GBL = Geometric Bond Length                                                  
  GBL_I = Distance Between Nuclear Attractors                                  
  GBL_II = Distance Between Nuclei                                             
  GBL_III = Sum of Distances Between BCP and Nuclear Attractors                
  GBL_IV = Sum of Distances Between BCP and Nuclei                             

CP# 1      Coords =  1.78583919809035E+00 -1.29827878531227E+00 -2.12502349531804E-02
           Type = (3,-3) NACP C1
           Rho =  1.1754843369E+02     Rho at Nucleus =  1.1754843363E+02
           GradRho =  1.3805621923E-10 -3.1207536555E-11  7.3355552318E-13
           HessRho_EigVals = -1.4484979354E+05 -1.4484978722E+05 -1.4484940609E+05
           HessRho_EigVec1 =  9.4200294062E-01 -3.3345591293E-01  3.7915880584E-02
           HessRho_EigVec2 = -4.2294345636E-02 -5.8781395111E-03  9.9908790194E-01
           HessRho_EigVec3 =  3.3292889360E-01  9.4274736892E-01  1.9640524340E-02
           DelSqRho = -4.3454898685E+05
           Bond Ellipticity = NA
           V = -1.0864758058E+05
           G =  5.1669319235E+00
           K =  1.0864241365E+05
           L =  1.0863724671E+05
           Vnuc =  6.8170744256E+06
           Ven = -8.0133642107E+08
           Vrep =  8.0122777349E+08
           DelSqV =  2.4926176434E+09
           DelSqVen =  2.9623536845E+12
           DelSqVrep = -2.9598609358E+12
           DelSqG =  1.3389226786E+08
           DelSqK = -2.6265099113E+09
           Stress_EigVals = -3.6215950988E+04 -3.6215825383E+04 -3.6215804206E+04
           Stress_EigVec1 =  4.1902030097E-01  9.0776287751E-01  1.9711560026E-02
           Stress_EigVec2 =  9.0793993196E-01 -4.1910031463E-01 -7.8937133797E-05
           Stress_EigVec3 = -8.1894648092E-03 -1.7929988731E-02  9.9980570521E-01
           -DivStress = -6.9380156334E+02  1.8919098324E+02 -4.1892723751E+00
           ESP =  -1.4731587347E+01     ESP at Nucleus =  -1.4731587348E+01
           ESPe = -2.7759566137E+01     ESPe at Nucleus = -2.7759566266E+01
           ESPn =  1.3027978790E+01     ESPn at Nucleus =  1.3027978918E+01

CP# 2      Coords =  1.13126628274459E-01 -2.48680747327198E+00 -5.99114743208725E-02
           Type = (3,-3) NACP H2
           Rho =  4.1853774334E-01     Rho at Nucleus =  4.1524223537E-01
           GradRho =  1.3079815009E-15  7.3552275381E-16  5.0957502107E-17
           HessRho_EigVals = -6.3971856503E+00 -6.3960130099E+00 -5.8429199978E+00
           HessRho_EigVec1 = -5.7424551992E-01  8.1865432096E-01  6.8691801012E-03
           HessRho_EigVec2 = -1.1404112371E-02 -1.6388567064E-02  9.9980066068E-01
           HessRho_EigVec3 =  8.1860370698E-01  5.7405271330E-01  1.8747087084E-02
           DelSqRho = -1.8636118658E+01
           Bond Ellipticity = NA
           V = -4.6691112766E+00
           G =  5.0408060677E-03
           K =  4.6640704706E+00
           L =  4.6590296645E+00
           Vnuc =  4.3397281961E+01
           Ven = -1.8163400459E+01
           Vrep =  1.3494289182E+01
           DelSqV =  7.0352149939E+02
           DelSqVen =  8.0875689606E+02
           DelSqVrep = -1.0523539667E+02
           DelSqG =  6.9507756064E+01
           DelSqK = -7.7302925545E+02
           Stress_EigVals = -1.6030716254E+00 -1.6028367765E+00 -1.4632028747E+00
           Stress_EigVec1 = -5.7370655451E-01  8.1901201693E-01  8.9501644058E-03
           Stress_EigVec2 = -1.0212528664E-02 -1.8079379850E-02  9.9978439690E-01
           Stress_EigVec3 =  8.1899724882E-01  5.7349145778E-01  1.8736442421E-02
           -DivStress = -6.0780231208E+00 -4.2461216515E+00 -1.3878058665E-01
           ESP =  -1.1092999599E+00     ESP at Nucleus =  -1.1115041334E+00
           ESPe = -1.4377764628E+01     ESPe at Nucleus = -1.4300588079E+01
           ESPn =  1.3268464668E+01     ESPn at Nucleus =  1.3189083946E+01

CP# 3      Coords =  1.61426228794624E+00  4.48082422865556E-01  2.23141388429403E+00
           Type = (3,-3) NACP C3
           Rho =  1.1769362439E+02     Rho at Nucleus =  1.1769362428E+02
           GradRho = -8.6755484741E-11 -4.4500696184E-10  5.3271720368E-11
           HessRho_EigVals = -1.4502633890E+05 -1.4502568697E+05 -1.4502533245E+05
           HessRho_EigVec1 =  9.8628908048E-01  1.5204004161E-01  6.4169116119E-02
           HessRho_EigVec2 = -1.1238578060E-01  3.3408431654E-01  9.3581894924E-01
           HessRho_EigVec3 = -1.2084405668E-01  9.3019970715E-01 -3.4659085212E-01
           DelSqRho = -4.3507735832E+05
           Bond Ellipticity = NA
           V = -1.0877959949E+05
           G =  5.1299531928E+00
           K =  1.0877446953E+05
           L =  1.0876933958E+05
           Vnuc =  4.7757500804E+06
           Ven = -5.6207533614E+08
           Vrep =  5.6196655654E+08
           DelSqV =  2.4956301190E+09
           DelSqVen =  2.0778211082E+12
           DelSqVrep = -2.0753254781E+12
           DelSqG =  1.3405296169E+08
           DelSqK = -2.6296830807E+09
           Stress_EigVals = -3.6260128559E+04 -3.6259937397E+04 -3.6259533531E+04
           Stress_EigVec1 = -7.8386883877E-02  7.9477874625E-01 -6.0181578655E-01
           Stress_EigVec2 = -9.6792286434E-02  5.9475376609E-01  7.9805965379E-01
           Stress_EigVec3 =  9.9221305662E-01  1.2080853540E-01  3.0307557661E-02
           -DivStress =  1.7384695680E+02  1.0038943030E+03 -3.8766990841E+01
           ESP =  -1.4751486685E+01     ESP at Nucleus =  -1.4751486699E+01
           ESPe = -2.7023137509E+01     ESPe at Nucleus = -2.7023137928E+01
           ESPn =  1.2271650824E+01     ESPn at Nucleus =  1.2271651229E+01

CP# 4      Coords =  1.66462526325456E+00 -1.95200322906957E-01  4.14052800012202E+00
           Type = (3,-3) NACP H4
           Rho =  4.2497087454E-01     Rho at Nucleus =  4.2128556725E-01
           GradRho = -6.4847908727E-11  8.2413173508E-10 -2.4836499234E-09
           HessRho_EigVals = -6.4800822477E+00 -6.4741647162E+00 -5.8798720852E+00
           HessRho_EigVec1 = -7.5774577929E-02  9.4581915433E-01  3.1572827028E-01
           HessRho_EigVec2 =  9.9681612060E-01  7.9733796364E-02  3.7870844769E-04
           HessRho_EigVec3 =  2.4816023905E-02 -3.1475172601E-01  9.4884957497E-01
           DelSqRho = -1.8834119049E+01
           Bond Ellipticity = NA
           V = -4.7179020915E+00
           G =  4.6861646148E-03
           K =  4.7132159269E+00
           L =  4.7085297623E+00
           Vnuc =  4.0409469378E+01
           Ven = -1.7172847541E+01
           Vrep =  1.2454945450E+01
           DelSqV =  7.0938549849E+02
           DelSqVen =  7.6107676125E+02
           DelSqVrep = -5.1691262759E+01
           DelSqG =  6.9902256545E+01
           DelSqK = -7.7928775504E+02
           Stress_EigVals = -1.6233482653E+00 -1.6229247970E+00 -1.4716290292E+00
           Stress_EigVec1 = -1.0971297282E-01  9.4193302627E-01  3.1737239581E-01
           Stress_EigVec2 =  9.9364293885E-01  1.1204266372E-01  1.0961367410E-02
           Stress_EigVec3 =  2.5234374641E-02 -3.1655744429E-01  9.4823763414E-01
           -DivStress =  1.9597883637E-01 -2.4885371778E+00  7.4886522680E+00
           ESP =  -1.1056023913E+00     ESP at Nucleus =  -1.1081173740E+00
           ESPe = -1.2896494021E+01     ESPe at Nucleus = -1.2807262083E+01
           ESPn =  1.1790891629E+01     ESPn at Nucleus =  1.1699144709E+01

CP# 5      Coords =  1.40270215595378E+00  2.85934094734179E+00  1.43236498306183E+00
           Type = (3,-3) NACP C5
           Rho =  1.1767837645E+02     Rho at Nucleus =  1.1767837630E+02
           GradRho = -9.4351894787E-11  5.8082610943E-10 -3.9099634641E-10
           HessRho_EigVals = -1.4500187251E+05 -1.4500102159E+05 -1.4500070267E+05
           HessRho_EigVec1 =  9.9510764168E-01  9.7668384326E-02  1.4888524581E-02
           HessRho_EigVec2 = -2.6506574356E-02  1.1875903625E-01  9.9256923830E-01
           HessRho_EigVec3 = -9.5174487006E-02  9.8810787772E-01 -1.2076687878E-01
           DelSqRho = -4.3500359677E+05
           Bond Ellipticity = NA
           V = -1.0876114812E+05
           G =  5.1244644525E+00
           K =  1.0875602366E+05
           L =  1.0875089919E+05
           Vnuc =  4.1203698766E+06
           Ven = -4.8487843747E+08
           Vrep =  4.8476967632E+08
           DelSqV =  2.4952025338E+09
           DelSqVen =  1.7923756554E+12
           DelSqVrep = -1.7898804531E+12
           DelSqG =  1.3402451545E+08
           DelSqK = -2.6292270492E+09
           Stress_EigVals = -3.6253986137E+04 -3.6253811949E+04 -3.6253350036E+04
           Stress_EigVec1 = -9.3853374646E-02  9.9350048471E-01  6.4407537909E-02
           Stress_EigVec2 = -7.5553714928E-03 -6.5401977273E-02  9.9783039527E-01
           Stress_EigVec3 =  9.9555736170E-01  9.3163127045E-02  1.3644461516E-02
           -DivStress =  1.4803750151E+02 -9.5110330662E+02  6.8389219312E+02
           ESP =  -1.4747172029E+01     ESP at Nucleus =  -1.4747172047E+01
           ESPe = -2.6552691767E+01     ESPe at Nucleus = -2.6552692795E+01
           ESPn =  1.1805519738E+01     ESPn at Nucleus =  1.1805520748E+01

CP# 6      Coords =  1.24056084600958E+00  4.49821183879018E+00  2.59584448898288E+00
           Type = (3,-3) NACP H6
           Rho =  4.2652521785E-01     Rho at Nucleus =  4.2283421220E-01
           GradRho =  1.1188966420E-15 -7.1448923167E-15 -5.2562121322E-15
           HessRho_EigVals = -6.5118127933E+00 -6.5061970948E+00 -5.9087519461E+00
           HessRho_EigVec1 =  3.9246194074E-02 -5.7907025546E-01  8.1433247233E-01
           HessRho_EigVec2 =  9.9599609493E-01  8.8179391787E-02  1.4702848402E-02
           HessRho_EigVec3 = -8.0321324302E-02  8.1049493157E-01  5.8021241865E-01
           DelSqRho = -1.8926761834E+01
           Bond Ellipticity = NA
           V = -4.7406578679E+00
           G =  4.4837046807E-03
           K =  4.7361741632E+00
           L =  4.7316904586E+00
           Vnuc =  3.9857381007E+01
           Ven = -1.7000178117E+01
           Vrep =  1.2259520249E+01
           DelSqV =  7.1297044179E+02
           DelSqVen =  7.5437115765E+02
           DelSqVrep = -4.1400715857E+01
           DelSqG =  7.0330773974E+01
           DelSqK = -7.8330121577E+02
           Stress_EigVals = -1.6311583932E+00 -1.6306214281E+00 -1.4788780466E+00
           Stress_EigVec1 =  2.6110151780E-02 -5.7924928268E-01  8.1473218206E-01
           Stress_EigVec2 =  9.9642377877E-01  8.0597953953E-02  2.5369724391E-02
           Stress_EigVec3 = -8.0361141549E-02  8.1115611218E-01  5.7928218391E-01
           -DivStress = -6.3707520828E-01  6.4223126966E+00  4.5885705752E+00
           ESP =  -1.1065846328E+00     ESP at Nucleus =  -1.1091062021E+00
           ESPe = -1.2298541251E+01     ESPe at Nucleus = -1.2209697756E+01
           ESPn =  1.1191956618E+01     ESPn at Nucleus =  1.1100591554E+01

CP# 7      Coords =  1.66669007859438E+00  5.21011447600651E-01 -2.21893017700728E+00
           Type = (3,-3) NACP C7
           Rho =  1.1769383288E+02     Rho at Nucleus =  1.1769383276E+02
           GradRho = -8.0823021886E-11 -4.3165862551E-10 -5.1865706174E-11
           HessRho_EigVals = -1.4502665440E+05 -1.4502600158E+05 -1.4502564758E+05
           HessRho_EigVec1 =  9.8759254701E-01  1.5295677056E-01 -3.5569473382E-02
           HessRho_EigVec2 =  8.9907747531E-02 -3.6501676417E-01  9.2664953397E-01
           HessRho_EigVec3 = -1.2875386608E-01  9.1835014467E-01  3.7423983454E-01
           DelSqRho = -4.3507830356E+05
           Bond Ellipticity = NA
           V = -1.0877983568E+05
           G =  5.1298925430E+00
           K =  1.0877470578E+05
           L =  1.0876957589E+05
           Vnuc =  4.7841005818E+06
           Ven = -5.6305913434E+08
           Vrep =  5.6295035451E+08
           DelSqV =  2.4956355847E+09
           DelSqVen =  2.0814582907E+12
           DelSqVrep = -2.0789627206E+12
           DelSqG =  1.3405330950E+08
           DelSqK = -2.6296888942E+09
           Stress_EigVals = -3.6260207285E+04 -3.6260016235E+04 -3.6259612155E+04
           Stress_EigVec1 = -9.2636168393E-02  7.7453875297E-01  6.2570620938E-01
           Stress_EigVec2 =  7.7812137078E-02 -6.2085515308E-01  7.8005394058E-01
           Stress_EigVec3 =  9.9265493079E-01  1.2094874553E-01 -2.7548731095E-03
           -DivStress =  1.7345970538E+02  1.0002327768E+03  7.3480932798E+01
           ESP =  -1.4751449905E+01     ESP at Nucleus =  -1.4751449918E+01
           ESPe = -2.7013290632E+01     ESPe at Nucleus = -2.7013291048E+01
           ESPn =  1.2261840728E+01     ESPn at Nucleus =  1.2261841130E+01

CP# 8      Coords =  1.76270800745343E+00 -5.93275084712002E-02 -4.14637859924135E+00
           Type = (3,-3) NACP H8
           Rho =  4.2496302552E-01     Rho at Nucleus =  4.2127727185E-01
           GradRho = -1.7260368579E-10  1.0310776434E-09  3.4826330482E-09
           HessRho_EigVals = -6.4798947242E+00 -6.4739806784E+00 -5.8796464411E+00
           HessRho_EigVec1 = -6.8713611831E-02  9.5568587874E-01 -2.8625677411E-01
           HessRho_EigVec2 =  9.9650447768E-01  7.9414298144E-02  2.5926727716E-02
           HessRho_EigVec3 = -4.7510688365E-02  2.8347463806E-01  9.5780210068E-01
           DelSqRho = -1.8833521844E+01
           Bond Ellipticity = NA
           V = -4.7177515461E+00
           G =  4.6855425800E-03
           K =  4.7130660035E+00
           L =  4.7083804609E+00
           Vnuc =  4.0392008816E+01
           Ven = -1.7165110273E+01
           Vrep =  1.2447358727E+01
           DelSqV =  7.0935995410E+02
           DelSqVen =  7.6072378628E+02
           DelSqVrep = -5.1363832178E+01
           DelSqG =  6.9899091416E+01
           DelSqK = -7.7925904552E+02
           Stress_EigVals = -1.6233014068E+00 -1.6228777578E+00 -1.4715723815E+00
           Stress_EigVec1 = -1.0229267585E-01  9.5190048786E-01 -2.8882809711E-01
           Stress_EigVec2 =  9.9360018739E-01  1.1175493397E-01  1.6416527064E-02
           Stress_EigVec3 = -4.7904865043E-02  2.8530036093E-01  9.5724021435E-01
           -DivStress =  3.7508925914E-01 -2.2417764853E+00 -7.5597998244E+00
           ESP =  -1.1055882125E+00     ESP at Nucleus =  -1.1081033899E+00
           ESPe = -1.2881240722E+01     ESPe at Nucleus = -1.2791946941E+01
           ESPn =  1.1775652510E+01     ESPn at Nucleus =  1.1683843551E+01

CP# 9      Coords =  1.43581378777020E+00  2.90497439694043E+00 -1.34643849316608E+00
           Type = (3,-3) NACP C9
           Rho =  1.1767873241E+02     Rho at Nucleus =  1.1767873226E+02
           GradRho = -1.1283060944E-10  5.4352133905E-10  3.9852232625E-10
           HessRho_EigVals = -1.4500242300E+05 -1.4500157211E+05 -1.4500125402E+05
           HessRho_EigVec1 =  9.9515249627E-01  9.7608552150E-02  1.2003320643E-02
           HessRho_EigVec2 =  3.0128342234E-03 -1.5225662007E-01  9.8833640248E-01
           HessRho_EigVec3 = -9.8297670314E-02  9.8350927408E-01  1.5181263392E-01
           DelSqRho = -4.3500524913E+05
           Bond Ellipticity = NA
           V = -1.0876156155E+05
           G =  5.1246357202E+00
           K =  1.0875643692E+05
           L =  1.0875131228E+05
           Vnuc =  4.1287091184E+06
           Ven = -4.8586125553E+08
           Vrep =  4.8575249397E+08
           DelSqV =  2.4952121003E+09
           DelSqVen =  1.7960101253E+12
           DelSqVrep = -1.7935149398E+12
           DelSqG =  1.3402513174E+08
           DelSqK = -2.6292372321E+09
           Stress_EigVals = -3.6254123757E+04 -3.6253949895E+04 -3.6253487901E+04
           Stress_EigVec1 = -9.2498896583E-02  9.9513507264E-01 -3.3913733811E-02
           Stress_EigVec2 = -1.6277026922E-02  3.2543991710E-02  9.9933775421E-01
           Stress_EigVec3 =  9.9557973690E-01  9.2989654337E-02  1.3187557045E-02
           -DivStress =  1.7105047502E+02 -9.2630339513E+02 -7.0803184160E+02
           ESP =  -1.4747151096E+01     ESP at Nucleus =  -1.4747151114E+01
           ESPe = -2.6547534771E+01     ESPe at Nucleus = -2.6547535794E+01
           ESPn =  1.1800383674E+01     ESPn at Nucleus =  1.1800384680E+01

CP# 10     Coords =  1.30129842648658E+00  4.58114726861259E+00 -2.45923293997402E+00
           Type = (3,-3) NACP H10
           Rho =  4.2652128408E-01     Rho at Nucleus =  4.2283048640E-01
           GradRho =  9.1289822923E-16 -7.5128705340E-15  4.1702752362E-15
           HessRho_EigVals = -6.5117720737E+00 -6.5061606630E+00 -5.9087364747E+00
           HessRho_EigVec1 = -5.8613799658E-02  5.5216908674E-01  8.3166923842E-01
           HessRho_EigVec2 =  9.9606085348E-01  8.7876084372E-02  1.1856220723E-02
           HessRho_EigVec3 = -6.6537197597E-02  8.2908810958E-01 -5.5514476300E-01
           DelSqRho = -1.8926669211E+01
           Bond Ellipticity = NA
           V = -4.7406328091E+00
           G =  4.4827531390E-03
           K =  4.7361500560E+00
           L =  4.7316673029E+00
           Vnuc =  3.9851164987E+01
           Ven = -1.6997370062E+01
           Vrep =  1.2256737253E+01
           DelSqV =  7.1296795046E+02
           DelSqVen =  7.5424981740E+02
           DelSqVrep = -4.1281866942E+01
           DelSqG =  7.0330706186E+01
           DelSqK = -7.8329865664E+02
           Stress_EigVals = -1.6311484696E+00 -1.6306099983E+00 -1.4788743412E+00
           Stress_EigVec1 = -4.5684197064E-02  5.5231096576E-01  8.3238545833E-01
           Stress_EigVec2 =  9.9673340457E-01  8.0754334975E-02  1.1214282100E-03
           Stress_EigVec3 = -6.6599357032E-02  8.2971762334E-01 -5.5419598624E-01
           -DivStress = -5.2806887969E-01  6.5691437782E+00 -4.3898263633E+00
           ESP =  -1.1065317139E+00     ESP at Nucleus =  -1.1090530556E+00
           ESPe = -1.2291522575E+01     ESPe at Nucleus = -1.2202668287E+01
           ESPn =  1.1184990861E+01     ESPn at Nucleus =  1.1093615231E+01

CP# 11     Coords = -5.79607646948136E+00 -6.93941596477377E-01  1.23677147798109E+00
           Type = (3,-3) NACP C11
           Rho =  1.1768171012E+02     Rho at Nucleus =  1.1768171005E+02
           GradRho = -2.7119435170E-11 -4.4554603063E-11  2.0293922098E-10
           HessRho_EigVals = -1.4501016401E+05 -1.4500909167E+05 -1.4500889671E+05
           HessRho_EigVec1 = -5.4607795588E-01  8.3750117799E-01  1.9764689791E-02
           HessRho_EigVec2 =  8.3123594465E-01  5.4462408634E-01 -1.1149622816E-01
           HessRho_EigVec3 =  1.0414254854E-01  4.4456511773E-02  9.9356829063E-01
           DelSqRho = -4.3502815239E+05
           Bond Ellipticity = NA
           V = -1.0876722286E+05
           G =  5.0923832189E+00
           K =  1.0876213048E+05
           L =  1.0875703810E+05
           Vnuc =  6.1055848770E+06
           Ven = -7.1851566962E+08
           Vrep =  7.1840690240E+08
           DelSqV =  2.4953466498E+09
           DelSqVen =  2.6561004175E+12
           DelSqVrep = -2.6536050709E+12
           DelSqG =  1.3403642947E+08
           DelSqK = -2.6293830792E+09
           Stress_EigVals = -3.6256004032E+04 -3.6255889285E+04 -3.6255329547E+04
           Stress_EigVec1 =  4.3112195376E-02  4.0010267983E-03  9.9906222549E-01
           Stress_EigVec2 =  8.3753177612E-01  5.4504289404E-01 -3.8324504535E-02
           Stress_EigVec3 = -5.4468510408E-01  8.3839861369E-01  2.0147008656E-02
           -DivStress =  1.5435539534E+02  1.4274466963E+02 -7.6966423398E+02
           ESP =  -1.4750733752E+01     ESP at Nucleus =  -1.4750733766E+01
           ESPe = -2.3818106453E+01     ESPe at Nucleus = -2.3818107443E+01
           ESPn =  9.0673727014E+00     ESPn at Nucleus =  9.0673736775E+00

CP# 12     Coords = -4.36610089565949E+00  2.05062658592229E-01  2.34324715679768E+00
           Type = (3,-3) NACP H12
           Rho =  4.2439996315E-01     Rho at Nucleus =  4.2065027262E-01
           GradRho = -1.1518563880E-15 -1.5612511284E-16 -1.0130785100E-15
           HessRho_EigVals = -6.4581284594E+00 -6.4515294401E+00 -5.8533898310E+00
           HessRho_EigVec1 =  4.4835422743E-01  3.0925513145E-01 -8.3865353420E-01
           HessRho_EigVec2 = -5.4260962098E-01  8.3975684856E-01  1.9576376309E-02
           HessRho_EigVec3 =  7.1031914374E-01  4.4628432525E-01  5.4431334272E-01
           DelSqRho = -1.8763047730E+01
           Bond Ellipticity = NA
           V = -4.6998691528E+00
           G =  4.5536101005E-03
           K =  4.6953155427E+00
           L =  4.6907619326E+00
           Vnuc =  3.9539753057E+01
           Ven = -1.6780669741E+01
           Vrep =  1.2080800588E+01
           DelSqV =  7.0613615090E+02
           DelSqVen =  7.4188627387E+02
           DelSqVrep = -3.5750122965E+01
           DelSqG =  6.9467560015E+01
           DelSqK = -7.7560371092E+02
           Stress_EigVals = -1.6177785291E+00 -1.6170671283E+00 -1.4650234955E+00
           Stress_EigVec1 =  4.4973270879E-01  3.0979065435E-01 -8.3771727994E-01
           Stress_EigVec2 = -5.4257187907E-01  8.3978822698E-01  1.9274072355E-02
           Stress_EigVec3 =  7.0947603672E-01  4.4585365794E-01  5.4576393159E-01
           -DivStress =  5.6482732105E+00  3.5485781114E+00  4.3183870818E+00
           ESP =  -1.1173785044E+00     ESP at Nucleus =  -1.1198623197E+00
           ESPe = -1.2341307581E+01     ESPe at Nucleus = -1.2292503771E+01
           ESPn =  1.1223929077E+01     ESPn at Nucleus =  1.1172641451E+01

CP# 13     Coords = -7.25213795680256E+00 -1.66143469423941E+00  2.25084836177248E+00
           Type = (3,-3) NACP H13
           Rho =  4.2604808715E-01     Rho at Nucleus =  4.2239590857E-01
           GradRho =  1.1379786002E-15 -1.0408340856E-17 -9.2981178312E-16
           HessRho_EigVals = -6.4879983484E+00 -6.4816818262E+00 -5.8913415368E+00
           HessRho_EigVec1 = -4.2909494256E-01 -2.5833456571E-01 -8.6552919213E-01
           HessRho_EigVec2 = -5.4383689400E-01  8.3897115810E-01  1.9204910913E-02
           HessRho_EigVec3 =  7.2119273637E-01  4.7894743766E-01 -5.0049014872E-01
           DelSqRho = -1.8861021711E+01
           Bond Ellipticity = NA
           V = -4.7243253355E+00
           G =  4.5349538090E-03
           K =  4.7197903817E+00
           L =  4.7152554279E+00
           Vnuc =  3.8263315628E+01
           Ven = -1.6302012431E+01
           Vrep =  1.1577687096E+01
           DelSqV =  7.1035328523E+02
           DelSqVen =  7.2168522681E+02
           DelSqVrep = -1.1331941581E+01
           DelSqG =  6.9914171095E+01
           DelSqK = -7.8026745633E+02
           Stress_EigVals = -1.6253103304E+00 -1.6245612677E+00 -1.4744537373E+00
           Stress_EigVec1 = -4.3015094234E-01 -2.5981166690E-01 -8.6456235434E-01
           Stress_EigVec2 = -5.4415103545E-01  8.3877949331E-01  1.8671160354E-02
           Stress_EigVec3 =  7.2032618821E-01  4.7848391754E-01 -5.0217857703E-01
           -DivStress = -5.6663221753E+00 -3.7630642246E+00  3.9396390981E+00
           ESP =  -1.1152475893E+00     ESP at Nucleus =  -1.1176772332E+00
           ESPe = -1.0606823296E+01     ESPe at Nucleus = -1.0530907367E+01
           ESPn =  9.4915757070E+00     ESPn at Nucleus =  9.4132301336E+00

CP# 14     Coords = -5.75794591818666E+00 -6.08231818804019E-01 -1.27848200228602E+00
           Type = (3,-3) NACP C14
           Rho =  1.1768202549E+02     Rho at Nucleus =  1.1768202542E+02
           GradRho = -7.6993971962E-11 -3.0674979050E-11 -2.1782331494E-10
           HessRho_EigVals = -1.4501063856E+05 -1.4500956191E+05 -1.4500936766E+05
           HessRho_EigVec1 = -5.4590221493E-01  8.3759436216E-01  2.0650816201E-02
           HessRho_EigVec2 =  8.2566780898E-01  5.3361459841E-01  1.8310688018E-01
           HessRho_EigVec3 = -1.4234971352E-01 -1.1700916563E-01  9.8287609301E-01
           DelSqRho = -4.3502956814E+05
           Bond Ellipticity = NA
           V = -1.0876757704E+05
           G =  5.0925012625E+00
           K =  1.0876248454E+05
           L =  1.0875739203E+05
           Vnuc =  6.1583111723E+06
           Ven = -7.2472253235E+08
           Vrep =  7.2461376478E+08
           DelSqV =  2.4953548316E+09
           DelSqVen =  2.6790477169E+12
           DelSqVrep = -2.6765523620E+12
           DelSqG =  1.3403694704E+08
           DelSqK = -2.6293917786E+09
           Stress_EigVals = -3.6256122230E+04 -3.6256007871E+04 -3.6255446935E+04
           Stress_EigVec1 = -7.7745967261E-02 -7.4633581891E-02  9.9417573549E-01
           Stress_EigVec2 =  8.3513092182E-01  5.3977440634E-01  1.0582973906E-01
           Stress_EigVec3 = -5.4452906992E-01  8.3849473386E-01  2.0363528720E-02
           -DivStress =  1.3709939405E+02  9.5953316192E+01  7.7312048405E+02
           ESP =  -1.4750813392E+01     ESP at Nucleus =  -1.4750813406E+01
           ESPe = -2.3839958340E+01     ESPe at Nucleus = -2.3839959311E+01
           ESPn =  9.0891449478E+00     ESPn at Nucleus =  9.0891459047E+00

CP# 15     Coords = -7.18191118110826E+00 -1.50331996483342E+00 -2.39905577415331E+00
           Type = (3,-3) NACP H15
           Rho =  4.2605707737E-01     Rho at Nucleus =  4.2240501095E-01
           GradRho = -2.5725949149E-15 -1.0408340856E-17 -1.1934897515E-15
           HessRho_EigVals = -6.4881614820E+00 -6.4818594084E+00 -5.8915224638E+00
           HessRho_EigVec1 =  4.5471337894E-01  3.1587392846E-01 -8.3274209953E-01
           HessRho_EigVec2 = -5.4382629664E-01  8.3892827208E-01  2.1267660305E-02
           HessRho_EigVec3 =  7.0532879006E-01  4.4319636237E-01  5.5325245801E-01
           DelSqRho = -1.8861543354E+01
           Bond Ellipticity = NA
           V = -4.7244538095E+00
           G =  4.5339854451E-03
           K =  4.7199198240E+00
           L =  4.7153858386E+00
           Vnuc =  3.8288080513E+01
           Ven = -1.6312907682E+01
           Vrep =  1.1588453872E+01
           DelSqV =  7.1037377813E+02
           DelSqVen =  7.2217229055E+02
           DelSqVrep = -1.1798512422E+01
           DelSqG =  6.9916522948E+01
           DelSqK = -7.8029030108E+02
           Stress_EigVals = -1.6253534892E+00 -1.6246021468E+00 -1.4744981734E+00
           Stress_EigVec1 =  4.5581324777E-01  3.1716388305E-01 -8.3164977872E-01
           Stress_EigVec2 = -5.4409266586E-01  8.3874545173E-01  2.1661905897E-02
           Stress_EigVec3 =  7.0441284352E-01  4.4262076148E-01  5.5487783105E-01
           -DivStress = -5.5413870169E+00 -3.4816281403E+00 -4.3542601659E+00
           ESP =  -1.1152974469E+00     ESP at Nucleus =  -1.1177269532E+00
           ESPe = -1.0630778890E+01     ESPe at Nucleus = -1.0554845518E+01
           ESPn =  9.5154814434E+00     ESPn at Nucleus =  9.4371185648E+00

CP# 16     Coords = -4.29596861577403E+00  3.61782326555561E-01 -2.27807179945897E+00
           Type = (3,-3) NACP H16
           Rho =  4.2424556103E-01     Rho at Nucleus =  4.2049133084E-01
           GradRho = -3.0999508516E-15 -5.4643789493E-16 -7.8062556419E-16
           HessRho_EigVals = -6.4554635804E+00 -6.4488742169E+00 -5.8504134827E+00
           HessRho_EigVec1 = -4.2267580559E-01 -2.5133460281E-01 -8.7073307092E-01
           HessRho_EigVec2 = -5.4242092234E-01  8.3984721626E-01  2.0885314237E-02
           HessRho_EigVec3 =  7.2603354356E-01  4.8113155247E-01 -4.9131224577E-01
           DelSqRho = -1.8754751280E+01
