AIMSum (Version 19.02.13, Professional)
Copyright (c) 1997-2019 by Todd A. Keith
AIMSum is a component of the AIMAll package ( http://aim.tkgristmill.com )

TP:  64-bit Linux

Much of the Quantum Theory of Atoms in Molecules (QTAIM) is described in the book:
  "Atoms in Molecules - A Quantum Theory"
  R.F.W. Bader, Oxford University Press, Oxford, 1990

For additional references see:  http://aim.tkgristmill.com/references.html

Wfn File:  /home/mhennefarth/Documents/ML_Diels/summary-levandowski2018/r_11-opt/r_11-opt.wfn
Sum File:  /home/mhennefarth/Documents/ML_Diels/summary-levandowski2018/r_11-opt/r_11-opt.sum

SumViz File:  /home/mhennefarth/Documents/ML_Diels/summary-levandowski2018/r_11-opt/r_11-opt.sumviz

Wfn Title:   Title Card Required                                                           
 
Total memory allocated for AIMSum =        0.847 Megabytes

Atomic units (a.u.) used throughout, except where stated otherwise

Model:  Restricted SCF
 
Restricted, closed-shell, single-determinant wavefunction.
  Number of electrons (from MO Occs)                   =          60.0000000000
  Number of Alpha electrons (from MO Occs)             =          30.0000000000
  Number of Beta electrons (from MO Occs)              =          30.0000000000
  Number of electron pairs (N*(N-1)/2)                 =        1770.0000000000
  Number of electron pairs (from Muller 2EDM)          =        1770.0000000000
 
Nuclear Charges and Cartesian Coordinates:
-------------------------------------------------------------------------------
Atom      Charge                X                  Y                  Z
-------------------------------------------------------------------------------
C1         6.0          -1.6362478200E+00  -1.4014022200E+00  -1.3564900000E-03
H2         1.0           2.4963205000E-01  -2.2888570300E+00  -2.7519800000E-03
C3         6.0          -1.8206016100E+00   3.6031743000E-01  -2.2457958100E+00
H4         1.0          -1.8421657200E+00  -2.9116967000E-01  -4.1862525900E+00
C5         6.0          -1.8028390300E+00   2.7541480500E+00  -1.3979859100E+00
H6         1.0          -1.7986313000E+00   4.4544236700E+00  -2.5442304300E+00
C7         6.0          -1.8193117300E+00   3.5571943000E-01   2.2467967700E+00
H8         1.0          -1.8396762700E+00  -2.9971694000E-01   4.1859359800E+00
C9         6.0          -1.8020015000E+00   2.7512716400E+00   1.4038815600E+00
H10        1.0          -1.7970280700E+00   4.4492023200E+00   2.5535923100E+00
C11        6.0           5.6862032800E+00  -2.9938638000E-01  -1.2595204200E+00
H12        1.0           4.2944182100E+00   7.6688167000E-01  -2.3310131900E+00
H13        1.0           7.0705687900E+00  -1.3563628600E+00  -2.3506948600E+00
C14        6.0           5.6898656200E+00  -3.0791391000E-01   1.2578114400E+00
H15        1.0           7.0773678100E+00  -1.3722063000E+00   2.3378280600E+00
H16        1.0           4.3012787000E+00   7.5117341000E-01   2.3405020600E+00
F17        9.0          -3.4095741600E+00  -3.3433214000E+00  -2.8780200000E-03
 
Some Atomic Properties:
----------------------
  q(A) = Net Charge of Atom A
  L(A) = Lagrangian of Atom A = -(1/4) Times Atomic Integral of the Laplacian of the Electron Density
  K(A) = Electronic Kinetic Energy of Atom A (Hamiltonian Form)
  K_Scaled(A) = K(A) * E(Mol)/K(Mol) = Approximation to Virial-Based Total Energy of Atom A.
  |Mu_Intra(A)| = Magnitude of Intraatomic Dipole Moment of Atom A
--------------------------------------------------------------------------------------------------
Atom A          q(A)              L(A)              K(A)          K_Scaled(A)      |Mu_Intra(A)|
--------------------------------------------------------------------------------------------------
C1        5.4935474510E-01 -4.5086684995E-04  3.7371097882E+01 -3.7708225920E+01  5.9133234626E-01
H2        6.4441734860E-02  4.9952604818E-05  5.9516479867E-01 -6.0053383388E-01  1.5079094641E-01
C3       -5.9597864400E-02  5.0342598206E-05  3.7752042478E+01 -3.8092607050E+01  1.7872591360E-01
H4        6.5593048030E-02  2.0265673713E-05  5.8354789924E-01 -5.8881213736E-01  1.4676662380E-01
C5       -5.1898273400E-02 -1.2030280491E-04  3.7726535517E+01 -3.8066869990E+01  1.5449905863E-01
H6        5.4596672860E-02  1.8602855090E-05  5.8946784115E-01 -5.9478548359E-01  1.4779232959E-01
C7       -5.9580657100E-02  1.4458267380E-05  3.7752033974E+01 -3.8092598470E+01  1.7861925300E-01
H8        6.5581786400E-02  2.0020666047E-05  5.8355139653E-01 -5.8881566620E-01  1.4676890157E-01
C9       -5.1806668100E-02 -5.2631582607E-05  3.7726539038E+01 -3.8066873542E+01  1.5480624273E-01
H10       5.4599214880E-02  2.0951389027E-05  5.8946829175E-01 -5.9478593826E-01  1.4779521368E-01
C11      -8.4997460200E-02 -3.5359955218E-05  3.7695968632E+01 -3.8036027358E+01  9.4344739232E-02
H12       4.5531574100E-02  2.8352441337E-05  5.9332754550E-01 -5.9868000669E-01  1.4454245288E-01
H13       3.9539185120E-02  2.5612960363E-05  5.9582351313E-01 -6.0119849066E-01  1.4719854526E-01
C14      -8.4956989300E-02 -2.0990770561E-05  3.7695954962E+01 -3.8036013564E+01  9.4130672782E-02
H15       3.9546696440E-02  2.4966841271E-05  5.9582043264E-01 -6.0119538238E-01  1.4719812685E-01
H16       4.5459858020E-02  2.2976753020E-05  5.9335155633E-01 -5.9870423412E-01  1.4458107751E-01
F17      -6.3163812180E-01  4.4594574210E-05  9.9545498212E+01 -1.0044350711E+02  2.5931144413E-01
--------------------------------------------------------------------------------------------------
Total    -2.3151849000E-04 -3.3905433876E-04  3.6858519397E+02 -3.7191023418E+02
 
1st Largest |L(A)| = 4.5086684995E-04, atom C1      
2nd Largest |L(A)| = 1.2030280491E-04, atom C5      
 
Molecular charge q(Mol) from the wfn file:   0.0000000000E+00
Molecular energy E(Mol) from the wfn file:  -3.7191032784E+02
Molecular virial ratio (-V(Mol)/T(Mol)) from the wfn file:   2.0090210900E+00
Note.  K_Scaled(A) = (1+V(Mol)/T(Mol))*K(A) = (E(Mol)/T(Mol))*K(A)
       Only use K_Scaled(A) data with caution.
 
N_AIMInt(SumA)     =         60.000232
N_Analytic(Mol)    =         59.999990
 
G_AIMInt(SumA)     =        368.585533
G_Analytic(Mol)    =        368.585262
 
K_AIMInt(SumA)     =        368.585194
K_Analytic(Mol)    =        368.585262
 
L_AIMInt(SumA)     =         -0.000339
L_Analytic(Mol)    =          0.000000
 
VenT_AIMInt(SumA)  =      -1535.690579
VenT_Analytic(Mol) =      -1535.687171
 
Some Information About the Atomic Calculations:
----------------------------------------------
  Time(sec) = "Elapsed User Time", in Seconds, for Atom A by AIMInt and, if used, by TWOe
  NProc = Number of Processors Used for AIMInt Job
  BIM = Basin Integration Method
  OAQ = Angular Quadrature Outside of Beta Sphere
  ORQ = Multiple of Default for Radial Quadrature Outside of Beta Sphere
  IAQ = Multiple of Default for Angular Quadrature Inside of Beta Sphere
  IRQ = Multiple of Default for Radial Quadrature Inside of Beta Sphere
  MIR = Maximum Integration Radius
------------------------------------------------------------------------------------------------------
Atom A     Time(sec)   NProc      BIM          OAQ                     ORQ      IAQ      IRQ      MIR
------------------------------------------------------------------------------------------------------
C1             24        8     Proaim(5)    4500(GS4)                  1.00     1.00     1.00    13.00
H2             13        8     Proaim(5)    4500(GS4)                  1.00     1.00     1.00    13.00
C3             26        8     Proaim(5)    4500(GS4)                  1.00     1.00     1.00    13.00
H4              5        8     Proaim(5)    1800(GS4)                  1.00     1.00     1.00    13.00
C5             21        8     Proaim(5)    4500(GS4)                  1.00     1.00     1.00    13.00
H6              6        8     Proaim(5)    1800(GS4)                  1.00     1.00     1.00    13.00
C7             25        8     Proaim(5)    4500(GS4)                  1.00     1.00     1.00    13.00
H8              5        8     Proaim(5)    1800(GS4)                  1.00     1.00     1.00    13.00
C9             22        8     Proaim(5)    4500(GS4)                  1.00     1.00     1.00    13.00
H10             5        8     Proaim(5)    1800(GS4)                  1.00     1.00     1.00    13.00
C11            30        8     Proaim(5)    4500(GS4)                  1.00     1.00     1.00    13.00
H12            12        8     Proaim(5)    4500(GS4)                  1.00     1.00     1.00    13.00
H13             4        8     Proaim(5)    1800(GS4)                  1.00     1.00     1.00    13.00
C14            24        8     Proaim(5)    4500(GS4)                  1.00     1.00     1.00    13.00
H15             5        8     Proaim(5)    1800(GS4)                  1.00     1.00     1.00    13.00
H16            11        8     Proaim(5)    4500(GS4)                  1.00     1.00     1.00    13.00
F17             7        8     Proaim(5)    2700(GS4)                  1.00     1.00     1.00    13.00
------------------------------------------------------------------------------------------------------
Total         245
Note:  Total wall clock time is less than total of atomic times if more than one atom
       was calculated at a time
 
Electron Density Critical Point Analysis of Molecular Structure:               
---------------------------------------------------------------                
  NACP = Nuclear Attractor Critical Point                                      
  NNACP = Non-Nuclear Attractor Critical Point                                 
  BCP = Bond Critical Point                                                    
  RCP = Ring Critical Point                                                    
  CCP = Cage Critical Point                                                    
  Rho = Electron Density                                                       
  GradRho = Gradient of Electron Density                                       
  HessRho_EigVals = Eigenvalues of the Hessian of Rho, Ascending Order         
  HessRho_EigVecs = Eigenvectors of the Hessian of Rho                         
  DelSqRho = Laplacian of Rho = Trace of Hessian of Rho                        
  Bond Ellipticity = (HessRho_EigVal(1) / HessRho_EigVal(2)) - 1               
  V = Virial Field = Potential Energy Density = Trace of Stress Tensor         
  G = Lagrangian Form of Kinetic Energy Density                                
  K = Hamiltonian Form of Kinetic Energy Density                               
  L = K - G = Lagrangian Density = (-1/4)DelSqRho                              
  Vnuc = Electrostatic Potential from Nuclei                                   
  Ven = Electron-nuclear attractive contribution to Virial Field V             
  Vrep = V - Ven = Repulsive contribution to Virial Field V                    
  DelSqV = Laplacian of V                                                      
  DelSqVen = Laplacian of Ven                                                  
  DelSqVrep = Laplacian of Vrep                                                
  DelSqG = Laplacian of G                                                      
  DelSqK = Laplacian of K                                                      
  Stress_EigVals = Eigenvalues of Stress Tensor, Ascending Order               
  Stress_EigVecs = Eigenvectors of Stress Tensor                               
  -DivStress = Ehrenfest Force Density = Minus Divergence of Stress Tensor     
  ESP = Total Electrostatic Potential                                          
  ESPe = Electrostatic Potential from Electrons                                
  ESPn = Electrostatic Potential from Nuclei                                   
  BP = Bond Path                                                               
  BPL = Bond Path Length                                                       
  GBL = Geometric Bond Length                                                  
  GBL_I = Distance Between Nuclear Attractors                                  
  GBL_II = Distance Between Nuclei                                             
  GBL_III = Sum of Distances Between BCP and Nuclear Attractors                
  GBL_IV = Sum of Distances Between BCP and Nuclei                             

CP# 1      Coords = -1.63625303771700E+00 -1.40140692848618E+00 -1.35649341171880E-03
           Type = (3,-3) NACP C1
           Rho =  1.1753100543E+02     Rho at Nucleus =  1.1753100185E+02
           GradRho =  1.0910656223E-11  1.9946335326E-12  8.9496145954E-15
           HessRho_EigVals = -1.4480538375E+05 -1.4480308838E+05 -1.4480261752E+05
           HessRho_EigVec1 =  7.0703518879E-01  7.0717816727E-01  5.3061208733E-04
           HessRho_EigVec2 =  2.9898344868E-04 -1.0492456144E-03  9.9999940485E-01
           HessRho_EigVec3 =  7.0717830313E-01 -7.0703460936E-01 -9.5328813837E-04
           DelSqRho = -4.3441108965E+05
           Bond Ellipticity = NA
           V = -1.0861277277E+05
           G =  5.0001793271E+00
           K =  1.0860777259E+05
           L =  1.0860277241E+05
           Vnuc =  8.5372749392E+05
           Ven = -1.0033945072E+08
           Vrep =  1.0023083795E+08
           DelSqV =  2.4917982045E+09
           DelSqVen =  3.7086869222E+11
           DelSqVrep = -3.6837689376E+11
           DelSqG =  1.3382533047E+08
           DelSqK = -2.6256235349E+09
           Stress_EigVals = -3.6204577145E+04 -3.6204405897E+04 -3.6203789730E+04
           Stress_EigVec1 =  7.1460930414E-01 -6.9952320880E-01 -9.0707453880E-04
           Stress_EigVec2 =  2.7259796422E-04 -1.0182263925E-03  9.9999944445E-01
           Stress_EigVec3 =  6.9952374379E-01  7.1460915441E-01  5.3694545114E-04
           -DivStress =  4.2367280466E+03  3.8078394041E+03  2.7546839660E+00
           ESP =  -1.4657760103E+01     ESP at Nucleus =  -1.4657760314E+01
           ESPe = -2.8382828266E+01     ESPe at Nucleus = -2.8382828346E+01
           ESPn =  1.3725068163E+01     ESPn at Nucleus =  1.3725068031E+01

CP# 2      Coords =  2.18847795119343E-01 -2.27449672612768E+00 -2.72946437651383E-03
           Type = (3,-3) NACP H2
           Rho =  4.2657830430E-01     Rho at Nucleus =  4.2305122116E-01
           GradRho = -1.1648319822E-11  5.4347361823E-12  8.5234104333E-15
           HessRho_EigVals = -6.5610643703E+00 -6.5545163286E+00 -5.9628825323E+00
           HessRho_EigVec1 =  4.2205556170E-01  9.0656959111E-01  8.2420467117E-04
           HessRho_EigVec2 =  2.5304592875E-04 -1.0269522173E-03  9.9999944067E-01
           HessRho_EigVec3 =  9.0656993045E-01 -4.2205511707E-01 -6.6283463909E-04
           DelSqRho = -1.9078463231E+01
           Bond Ellipticity = NA
           V = -4.7787446121E+00
           G =  4.5644021141E-03
           K =  4.7741802099E+00
           L =  4.7696158078E+00
           Vnuc =  4.3187447502E+01
           Ven = -1.8422828123E+01
           Vrep =  1.3644083511E+01
           DelSqV =  7.1990364968E+02
           DelSqVen =  8.2395012924E+02
           DelSqVrep = -1.0404647956E+02
           DelSqG =  7.1502408429E+01
           DelSqK = -7.9140605811E+02
           Stress_EigVals = -1.6425306850E+00 -1.6423088285E+00 -1.4939050986E+00
           Stress_EigVec1 =  4.2002613545E-01  9.0751128554E-01  1.1454983570E-03
           Stress_EigVec2 =  1.1826627249E-04 -1.3169778712E-03  9.9999912579E-01
           Stress_EigVec3 =  9.0751200078E-01 -4.2002563278E-01 -6.6049310270E-04
           -DivStress =  7.0382498727E+00 -3.2805841914E+00 -5.1440096674E-03
           ESP =  -1.0968335013E+00     ESP at Nucleus =  -1.0992240457E+00
           ESPe = -1.4845627020E+01     ESPe at Nucleus = -1.4764409651E+01
           ESPn =  1.3748793519E+01     ESPn at Nucleus =  1.3665185605E+01

CP# 3      Coords = -1.82060086490242E+00  3.60316358960734E-01 -2.24579557348003E+00
           Type = (3,-3) NACP C3
           Rho =  1.1768914314E+02     Rho at Nucleus =  1.1768914301E+02
           GradRho =  3.1498578745E-10 -4.2456963639E-10  9.8909443136E-11
           HessRho_EigVals = -1.4501938420E+05 -1.4501866777E+05 -1.4501832505E+05
           HessRho_EigVec1 =  9.6588432150E-01 -1.8627850611E-01  1.7991052122E-01
           HessRho_EigVec2 = -2.3145288185E-01 -3.0927639105E-01  9.2237610410E-01
           HessRho_EigVec3 =  1.1617676603E-01  9.3254942609E-01  3.4183991419E-01
           DelSqRho = -4.3505637701E+05
           Bond Ellipticity = NA
           V = -1.0877443272E+05
           G =  5.1692350086E+00
           K =  1.0876926349E+05
           L =  1.0876409425E+05
           Vnuc =  4.5249492305E+06
           Ven = -5.3253739767E+08
           Vrep =  5.3242862323E+08
           DelSqV =  2.4955096975E+09
           DelSqVen =  1.9686078874E+12
           DelSqVrep = -1.9661123449E+12
           DelSqG =  1.3404516777E+08
           DelSqK = -2.6295548653E+09
           Stress_EigVals = -3.6258417424E+04 -3.6258209658E+04 -3.6257805642E+04
           Stress_EigVec1 =  2.8561507653E-02  7.8338695376E-01  6.2087770210E-01
           Stress_EigVec2 = -9.6763961026E-02 -6.1604713572E-01  7.8174334817E-01
           Stress_EigVec3 =  9.9489747016E-01 -8.2406354389E-02  5.8208389680E-02
           -DivStress = -6.0193612655E+02  8.6895893395E+02 -1.9667179399E+02
           ESP =  -1.4738517502E+01     ESP at Nucleus =  -1.4738517516E+01
           ESPe = -2.7168111106E+01     ESPe at Nucleus = -2.7168110827E+01
           ESPn =  1.2429593604E+01     ESPn at Nucleus =  1.2429593311E+01

CP# 4      Coords = -1.84168457162383E+00 -2.79915145643272E-01 -4.15250801411172E+00
           Type = (3,-3) NACP H4
           Rho =  4.2287136053E-01     Rho at Nucleus =  4.1907700466E-01
           GradRho =  7.1317680494E-11  1.6824235953E-09  5.0530801694E-09
           HessRho_EigVals = -6.4439268236E+00 -6.4383460803E+00 -5.8346061767E+00
           HessRho_EigVec1 = -9.1859186096E-02  9.4551974164E-01 -3.1233685036E-01
           HessRho_EigVec2 =  9.9568898365E-01  8.3165860708E-02 -4.1071735522E-02
           HessRho_EigVec3 =  1.2858373769E-02  3.1476317729E-01  9.4908313885E-01
           DelSqRho = -1.8716879081E+01
           Bond Ellipticity = NA
           V = -4.6883740133E+00
           G =  4.5771215522E-03
           K =  4.6837968917E+00
           L =  4.6792197702E+00
           Vnuc =  3.9995761918E+01
           Ven = -1.6913062258E+01
           Vrep =  1.2224688245E+01
           DelSqV =  7.0439534112E+02
           DelSqVen =  7.4859584794E+02
           DelSqVrep = -4.4200506825E+01
           DelSqG =  6.9382125342E+01
           DelSqK = -7.7377746646E+02
           Stress_EigVals = -1.6142400422E+00 -1.6139400853E+00 -1.4601938858E+00
           Stress_EigVec1 = -1.9798391127E-02  9.4844120376E-01 -3.1633416940E-01
           Stress_EigVec2 =  9.9971338140E-01  1.4519977324E-02 -1.9034844638E-02
           Stress_EigVec3 =  1.3460265995E-02  3.1662036144E-01  9.4845683505E-01
           -DivStress = -1.0823444611E-01 -2.5275071393E+00 -7.5768159929E+00
           ESP =  -1.0910918241E+00     ESP at Nucleus =  -1.0936913873E+00
           ESPe = -1.2977355007E+01     ESPe at Nucleus = -1.2885171846E+01
           ESPn =  1.1886263183E+01     ESPn at Nucleus =  1.1791480459E+01

CP# 5      Coords = -1.80283867120583E+00  2.75414914517919E+00 -1.39798480157789E+00
           Type = (3,-3) NACP C5
           Rho =  1.1768354864E+02     Rho at Nucleus =  1.1768354845E+02
           GradRho =  1.9802248036E-10  6.3409035249E-10  6.3813502534E-10
           HessRho_EigVals = -1.4500818935E+05 -1.4500725063E+05 -1.4500688422E+05
           HessRho_EigVec1 =  9.9870155668E-01 -4.6456098654E-02  2.0905300448E-02
           HessRho_EigVec2 = -2.4813696167E-02 -8.5213247351E-02  9.9605370486E-01
           HessRho_EigVec3 =  4.4491360639E-02  9.9527912335E-01  8.6255350296E-02
           DelSqRho = -4.3502232420E+05
           Bond Ellipticity = NA
           V = -1.0876582223E+05
           G =  5.1205908355E+00
           K =  1.0876070164E+05
           L =  1.0875558105E+05
           Vnuc =  3.7523942934E+06
           Ven = -4.4159507633E+08
           Vrep =  4.4148631051E+08
           DelSqV =  2.4953092485E+09
           DelSqVen =  1.6323753574E+12
           DelSqVrep = -1.6298800646E+12
           DelSqG =  1.3403013849E+08
           DelSqK = -2.6293393870E+09
           Stress_EigVals = -3.6255565603E+04 -3.6255367489E+04 -3.6254889140E+04
           Stress_EigVec1 =  2.3155660012E-02  9.9841247296E-01 -5.1345391733E-02
           Stress_EigVec2 = -6.7162294128E-03  5.1513358727E-02  9.9864972144E-01
           Stress_EigVec3 =  9.9970931159E-01 -2.2779545991E-02  7.8983930377E-03
           -DivStress = -2.8909630912E+02 -8.8515599885E+02 -9.0414756663E+02
           ESP =  -1.4729131204E+01     ESP at Nucleus =  -1.4729131224E+01
           ESPe = -2.6599109820E+01     ESPe at Nucleus = -2.6599110527E+01
           ESPn =  1.1869978616E+01     ESPn at Nucleus =  1.1869979304E+01

CP# 6      Coords = -1.79869545499261E+00  4.42528843789084E+00 -2.52441361635648E+00
           Type = (3,-3) NACP H6
           Rho =  4.2568340493E-01     Rho at Nucleus =  4.2192950566E-01
           GradRho =  4.0657581468E-16 -1.2190294889E-14  7.2896129779E-15
           HessRho_EigVals = -6.4960556474E+00 -6.4905726529E+00 -5.8871689393E+00
           HessRho_EigVec1 = -9.5811174989E-03  5.6285147735E-01  8.2650252064E-01
           HessRho_EigVec2 =  9.9995300325E-01  4.1687932387E-03  8.7528538676E-03
           HessRho_EigVec3 =  1.4810386106E-03  8.2654753984E-01 -5.6286496686E-01
           DelSqRho = -1.8873797240E+01
           Bond Ellipticity = NA
           V = -4.7273021225E+00
           G =  4.4264063127E-03
           K =  4.7228757162E+00
           L =  4.7184493099E+00
           Vnuc =  3.9600983901E+01
           Ven = -1.6857481666E+01
           Vrep =  1.2130179543E+01
           DelSqV =  7.1063514915E+02
           DelSqVen =  7.4742094064E+02
           DelSqVrep = -3.6785791495E+01
           DelSqG =  7.0076749309E+01
           DelSqK = -7.8071189846E+02
           Stress_EigVals = -1.6272208975E+00 -1.6266141281E+00 -1.4734670969E+00
           Stress_EigVec1 = -4.8969510651E-02  5.6124894620E-01  8.2619707541E-01
           Stress_EigVec2 =  9.9879905659E-01  2.6225635400E-02  4.1384303850E-02
           Stress_EigVec3 =  1.5593536567E-03  8.2723142859E-01 -5.6185917451E-01
           -DivStress =  1.4768049530E-02  6.5955350799E+00 -4.4851668954E+00
           ESP =  -1.0916142714E+00     ESP at Nucleus =  -1.0941781125E+00
           ESPe = -1.2312489734E+01     ESPe at Nucleus = -1.2222295470E+01
           ESPn =  1.1220875462E+01     ESPn at Nucleus =  1.1128117358E+01

CP# 7      Coords = -1.81931098543142E+00  3.55718359152499E-01  2.24679653101041E+00
           Type = (3,-3) NACP C7
           Rho =  1.1768911943E+02     Rho at Nucleus =  1.1768911930E+02
           GradRho =  2.8419958054E-10 -4.2924759927E-10 -1.0659019847E-10
           HessRho_EigVals = -1.4501934802E+05 -1.4501863164E+05 -1.4501828887E+05
           HessRho_EigVec1 =  9.6575454007E-01 -1.8598926490E-01 -1.8090373596E-01
           HessRho_EigVec2 =  2.3205902132E-01  3.0733455633E-01  9.2287273289E-01
           HessRho_EigVec3 =  1.1604645176E-01  9.3324887561E-01 -3.3997022988E-01
           DelSqRho = -4.3505626852E+05
           Bond Ellipticity = NA
           V = -1.0877440558E+05
           G =  5.1692246771E+00
           K =  1.0876923636E+05
           L =  1.0876406713E+05
           Vnuc =  4.5249806770E+06
           Ven = -5.3254099131E+08
           Vrep =  5.3243221691E+08
           DelSqV =  2.4955090642E+09
           DelSqVen =  1.9686215516E+12
           DelSqVrep = -1.9661260098E+12
           DelSqG =  1.3404512770E+08
           DelSqK = -2.6295541919E+09
           Stress_EigVals = -3.6258408376E+04 -3.6258200600E+04 -3.6257796604E+04
           Stress_EigVec1 =  2.8217873900E-02  7.8466393813E-01 -6.1927881910E-01
           Stress_EigVec2 =  9.7270985881E-02  6.1442989230E-01  7.8295227361E-01
           Stress_EigVec3 =  9.9485783251E-01 -8.2331109796E-02 -5.8987129626E-02
           -DivStress = -6.0149773919E+02  8.6879245607E+02  1.9867528218E+02
           ESP =  -1.4738521301E+01     ESP at Nucleus =  -1.4738521315E+01
           ESPe = -2.7168166932E+01     ESPe at Nucleus = -2.7168166653E+01
           ESPn =  1.2429645630E+01     ESPn at Nucleus =  1.2429645337E+01

CP# 8      Coords = -1.83921596081200E+00 -2.88393947138380E-01  4.15221435605357E+00
           Type = (3,-3) NACP H8
           Rho =  4.2287190176E-01     Rho at Nucleus =  4.1907760429E-01
           GradRho =  6.6795221264E-11  1.6578909775E-09 -4.9458724202E-09
           HessRho_EigVals = -6.4439368197E+00 -6.4383554986E+00 -5.8346218696E+00
           HessRho_EigVec1 = -9.1678035621E-02  9.4488153678E-01  3.1431515910E-01
           HessRho_EigVec2 =  9.9571308001E-01  8.3094677411E-02  4.0629261295E-02
           HessRho_EigVec3 = -1.2271922100E-02 -3.1669252603E-01  9.4844886203E-01
           DelSqRho = -1.8716914188E+01
           Bond Ellipticity = NA
           V = -4.6883830818E+00
           G =  4.5772674042E-03
           K =  4.6838058143E+00
           L =  4.6792285469E+00
           Vnuc =  3.9996176959E+01
           Ven = -1.6913259414E+01
           Vrep =  1.2224876332E+01
           DelSqV =  7.0439696138E+02
           DelSqVen =  7.4860502020E+02
           DelSqVrep = -4.4208058819E+01
           DelSqG =  6.9382297360E+01
           DelSqK = -7.7377925874E+02
           Stress_EigVals = -1.6142425397E+00 -1.6139427018E+00 -1.4601978403E+00
           Stress_EigVec1 = -1.9533710725E-02  9.4779696131E-01  3.1827559484E-01
           Stress_EigVec2 =  9.9972630139E-01  1.4416740353E-02  1.8424980651E-02
           Stress_EigVec3 = -1.2874644062E-02 -3.1854839149E-01  9.4781916304E-01
           -DivStress = -1.0355518400E-01 -2.5428852499E+00  7.5716758189E+00
           ESP =  -1.0910938987E+00     ESP at Nucleus =  -1.0936934359E+00
           ESPe = -1.2977525020E+01     ESPe at Nucleus = -1.2885344619E+01
           ESPn =  1.1886431121E+01     ESPn at Nucleus =  1.1791651183E+01

CP# 9      Coords = -1.80200114266016E+00  2.75127273764153E+00  1.40388045324377E+00
           Type = (3,-3) NACP C9
           Rho =  1.1768351718E+02     Rho at Nucleus =  1.1768351699E+02
           GradRho =  2.2426198398E-10  6.2111407315E-10 -6.4773036834E-10
           HessRho_EigVals = -1.4500814133E+05 -1.4500720259E+05 -1.4500683609E+05
           HessRho_EigVec1 =  9.9868767427E-01 -4.6432664107E-02 -2.1608724182E-02
           HessRho_EigVec2 =  2.5419107044E-02  8.3104855360E-02  9.9621656883E-01
           HessRho_EigVec3 =  4.4461199421E-02  9.9545848267E-01 -8.4176071579E-02
           DelSqRho = -4.3502218001E+05
           Bond Ellipticity = NA
           V = -1.0876578614E+05
           G =  5.1205708440E+00
           K =  1.0876066557E+05
           L =  1.0875554500E+05
           Vnuc =  3.7519043886E+06
           Ven = -4.4153730457E+08
           Vrep =  4.4142853878E+08
           DelSqV =  2.4953084145E+09
           DelSqVen =  1.6321617265E+12
           DelSqVrep = -1.6296664180E+12
           DelSqG =  1.3403008516E+08
           DelSqK = -2.6293384997E+09
           Stress_EigVals = -3.6255553593E+04 -3.6255355449E+04 -3.6254877103E+04
           Stress_EigVec1 =  2.3213744690E-02  9.9830455784E-01  5.3377259622E-02
           Stress_EigVec2 =  7.3253389821E-03 -5.3560065817E-02  9.9853776031E-01
           Stress_EigVec3 =  9.9970368683E-01 -2.2788794110E-02 -8.5562489871E-03
           -DivStress = -2.8791007165E+02 -8.8716153959E+02  9.0280201514E+02
           ESP =  -1.4729133346E+01     ESP at Nucleus =  -1.4729133366E+01
           ESPe = -2.6599111284E+01     ESPe at Nucleus = -2.6599111991E+01
           ESPn =  1.1869977938E+01     ESPn at Nucleus =  1.1869978625E+01

CP# 10     Coords = -1.79710545382763E+00  4.42010759289845E+00  2.53371606645315E+00
           Type = (3,-3) NACP H10
           Rho =  4.2568359539E-01     Rho at Nucleus =  4.2192968862E-01
           GradRho = -2.4719809533E-16 -1.1395737327E-14 -5.8699146075E-15
           HessRho_EigVals = -6.4960576987E+00 -6.4905744143E+00 -5.8871698643E+00
           HessRho_EigVec1 =  1.0043905304E-02 -5.6453835662E-01  8.2534572385E-01
           HessRho_EigVec2 =  9.9994783434E-01  4.1375965215E-03 -9.3385707267E-03
           HessRho_EigVec3 =  1.8570337751E-03  8.2539646486E-01  5.6455046473E-01
           DelSqRho = -1.8873801977E+01
           Bond Ellipticity = NA
           V = -4.7273034235E+00
           G =  4.4264645722E-03
           K =  4.7228769589E+00
           L =  4.7184504943E+00
           Vnuc =  3.9600969047E+01
           Ven = -1.6857482885E+01
           Vrep =  1.2130179461E+01
           DelSqV =  7.1063529693E+02
           DelSqVen =  7.4742084790E+02
           DelSqVrep = -3.6785550964E+01
           DelSqG =  7.0076753245E+01
           DelSqK = -7.8071205018E+02
           Stress_EigVals = -1.6272213744E+00 -1.6266147379E+00 -1.4734673112E+00
           Stress_EigVec1 =  4.9446201325E-02 -5.6293667471E-01  8.2501962003E-01
           Stress_EigVec2 =  9.9877491466E-01  2.6269049922E-02 -4.1935746809E-02
           Stress_EigVec3 =  1.9346882745E-03  8.2608246397E-01  5.6354593397E-01
           -DivStress =  1.7761571609E-02  6.5863694079E+00  4.4986213414E+00
           ESP =  -1.0916195979E+00     ESP at Nucleus =  -1.0941834395E+00
           ESPe = -1.2312505601E+01     ESPe at Nucleus = -1.2222311541E+01
           ESPn =  1.1220886003E+01     ESPn at Nucleus =  1.1128128102E+01

CP# 11     Coords =  5.68620332064755E+00 -2.99386488897710E-01 -1.25952134770445E+00
           Type = (3,-3) NACP C11
           Rho =  1.1768241492E+02     Rho at Nucleus =  1.1768241486E+02
           GradRho = -2.9652808854E-11 -2.1583553521E-11 -1.9058296477E-10
           HessRho_EigVals = -1.4501114028E+05 -1.4501006407E+05 -1.4500987293E+05
           HessRho_EigVec1 =  6.0965178972E-01  7.9266866730E-01  1.0388276671E-03
           HessRho_EigVec2 =  7.9059832238E-01 -6.0796374245E-01 -7.3036843475E-02
           HessRho_EigVec3 =  5.7262447825E-02 -4.5348337751E-02  9.9732870225E-01
           DelSqRho = -4.3503107729E+05
           Bond Ellipticity = NA
           V = -1.0876795703E+05
           G =  5.0938562309E+00
           K =  1.0876286318E+05
           L =  1.0875776932E+05
           Vnuc =  6.4174096504E+06
           Ven = -7.5521626521E+08
           Vrep =  7.5510749725E+08
           DelSqV =  2.4953635115E+09
           DelSqVen =  2.7917730447E+12
           DelSqVrep = -2.7892776812E+12
           DelSqG =  1.3403742612E+08
           DelSqK = -2.6294009376E+09
           Stress_EigVals = -3.6256249161E+04 -3.6256134151E+04 -3.6255573722E+04
           Stress_EigVec1 =  2.8835580484E-02 -2.3618761939E-02  9.9930509024E-01
           Stress_EigVec2 =  7.9325990182E-01 -6.0774242783E-01 -3.7254121720E-02
           Stress_EigVec3 =  6.0819999792E-01  7.9378290199E-01  1.2112110860E-03
           -DivStress = -3.3667265573E+01  8.8095849850E+01  7.5328463132E+02
           ESP =  -1.4742441884E+01     ESP at Nucleus =  -1.4742441898E+01
           ESPe = -2.3901812195E+01     ESPe at Nucleus = -2.3901813069E+01
           ESPn =  9.1593703105E+00     ESPn at Nucleus =  9.1593711714E+00

CP# 12     Coords =  4.31831516002330E+00  7.48592976585091E-01 -2.31275899361197E+00
           Type = (3,-3) NACP H12
           Rho =  4.2487454157E-01     Rho at Nucleus =  4.2114447774E-01
           GradRho =  2.7548493001E-15  1.8111597291E-16 -1.4598782253E-16
           HessRho_EigVals = -6.4667149394E+00 -6.4601713427E+00 -5.8636211838E+00
           HessRho_EigVec1 = -4.1462417990E-01  3.1215898468E-01  8.5477690524E-01
           HessRho_EigVec2 =  6.0611203119E-01  7.9537140394E-01  3.5405425044E-03
           HessRho_EigVec3 =  6.7875989502E-01 -5.1955856078E-01  5.1898353233E-01
           DelSqRho = -1.8790507466E+01
           Bond Ellipticity = NA
           V = -4.7067035835E+00
           G =  4.5383585285E-03
           K =  4.7021652250E+00
           L =  4.6976268665E+00
           Vnuc =  3.9643497642E+01
           Ven = -1.6843512887E+01
           Vrep =  1.2136809303E+01
           DelSqV =  7.0728205651E+02
           DelSqVen =  7.4492143841E+02
           DelSqVrep = -3.7639381899E+01
           DelSqG =  6.9591745778E+01
           DelSqK = -7.7687380229E+02
           Stress_EigVals = -1.6199382120E+00 -1.6192103143E+00 -1.4675550572E+00
           Stress_EigVec1 =  4.1533475408E-01 -3.1369046251E-01 -8.5387079572E-01
           Stress_EigVec2 =  6.0651335079E-01  7.9506790728E-01  2.9288433917E-03
           Stress_EigVec3 =  6.7796651641E-01 -5.1910048790E-01  5.2047678728E-01
           -DivStress = -5.3840867925E+00  4.1208012642E+00 -4.1142676526E+00
           ESP =  -1.1086267366E+00     ESP at Nucleus =  -1.1110964006E+00
           ESPe = -1.2339779532E+01     ESPe at Nucleus = -1.2288892591E+01
           ESPn =  1.1231152796E+01     ESPn at Nucleus =  1.1177796191E+01

CP# 13     Coords =  7.04702817894819E+00 -1.33839296881500E+00 -2.33218995645165E+00
           Type = (3,-3) NACP H13
           Rho =  4.2562044164E-01     Rho at Nucleus =  4.2193909199E-01
           GradRho = -2.3242990648E-15 -5.7484399185E-16  5.6048508933E-16
           HessRho_EigVals = -6.4800564834E+00 -6.4737392111E+00 -5.8808657690E+00
           HessRho_EigVec1 = -4.1914147249E-01  3.2366146124E-01 -8.4827099712E-01
           HessRho_EigVec2 = -6.0800514592E-01 -7.9392913562E-01 -2.5040252753E-03
           HessRho_EigVec3 =  6.7427751599E-01 -5.1470359054E-01 -5.2955646093E-01
           DelSqRho = -1.8834661463E+01
           Bond Ellipticity = NA
           V = -4.7176733518E+00
           G =  4.5039929415E-03
           K =  4.7131693588E+00
           L =  4.7086653659E+00
           Vnuc =  3.8245924969E+01
           Ven = -1.6278247476E+01
           Vrep =  1.1560574124E+01
           DelSqV =  7.0920050456E+02
           DelSqVen =  7.2034904914E+02
           DelSqVrep = -1.1148544587E+01
           DelSqG =  6.9789412998E+01
           DelSqK = -7.7898991756E+02
           Stress_EigVals = -1.6233043899E+00 -1.6225557094E+00 -1.4718132524E+00
           Stress_EigVec1 =  4.1978300063E-01 -3.2543507550E-01  8.4727459776E-01
           Stress_EigVec2 = -6.0847771066E-01 -7.9356396026E-01 -3.3341588837E-03
           Stress_EigVec3 =  6.7345163747E-01 -5.1414808432E-01 -5.3114465014E-01
           -DivStress =  5.3158202407E+00 -4.0581198593E+00 -4.1806017749E+00
           ESP =  -1.1077805452E+00     ESP at Nucleus =  -1.1102281882E+00
           ESPe = -1.0718023682E+01     ESPe at Nucleus = -1.0641779574E+01
           ESPn =  9.6102431366E+00     ESPn at Nucleus =  9.5315513855E+00

CP# 14     Coords =  5.68986566270924E+00 -3.07914024478832E-01  1.25781236759698E+00
           Type = (3,-3) NACP C14
           Rho =  1.1768238490E+02     Rho at Nucleus =  1.1768238484E+02
           GradRho = -1.6091667061E-11 -2.6616114694E-11  1.9702470775E-10
           HessRho_EigVals = -1.4501109668E+05 -1.4501002077E+05 -1.4500982954E+05
           HessRho_EigVec1 =  6.0967806732E-01  7.9264511388E-01  2.5254041944E-03
           HessRho_EigVec2 =  7.9082689292E-01 -6.0848928613E-01  6.5830191350E-02
           HessRho_EigVec3 = -5.3716660915E-02  3.8138066281E-02  9.9782764456E-01
           DelSqRho = -4.3503094699E+05
           Bond Ellipticity = NA
           V = -1.0876792444E+05
           G =  5.0938451449E+00
           K =  1.0876283059E+05
           L =  1.0875773675E+05
           Vnuc =  6.4129392357E+06
           Ven = -7.5468998347E+08
           Vrep =  7.5458121555E+08
           DelSqV =  2.4953627597E+09
           DelSqVen =  2.7898266255E+12
           DelSqVrep = -2.7873312628E+12
           DelSqG =  1.3403737965E+08
           DelSqK = -2.6294001394E+09
           Stress_EigVals = -3.6256238293E+04 -3.6256123245E+04 -3.6255562901E+04
           Stress_EigVec1 = -2.5579296998E-02  1.6617002530E-02  9.9953467913E-01
           Stress_EigVec2 =  7.9335199819E-01 -6.0800312061E-01  3.0410726525E-02
           Stress_EigVec3 =  6.0822553919E-01  7.9376071996E-01  2.3691602367E-03
           -DivStress = -3.5339373460E+01  9.2625610245E+01 -7.5319884220E+02
           ESP =  -1.4742435209E+01     ESP at Nucleus =  -1.4742435222E+01
           ESPe = -2.3899563488E+01     ESPe at Nucleus = -2.3899564364E+01
           ESPn =  9.1571282790E+00     ESPn at Nucleus =  9.1571291417E+00

CP# 15     Coords =  7.05377375121253E+00 -1.35411210247981E+00  2.31951270685792E+00
           Type = (3,-3) NACP H15
           Rho =  4.2561990356E-01     Rho at Nucleus =  4.2193849481E-01
           GradRho = -1.6232132825E-15  4.7241399161E-16 -5.8926388075E-16
           HessRho_EigVals = -6.4800436890E+00 -6.4737252947E+00 -5.8808465127E+00
           HessRho_EigVec1 = -4.1666941395E-01  3.1795030394E-01  8.5164206314E-01
           HessRho_EigVec2 =  6.0801306885E-01  7.9392629570E-01  1.0700998541E-03
           HessRho_EigVec3 =  6.7580078987E-01 -5.1825538225E-01  5.2412274439E-01
           DelSqRho = -1.8834615496E+01
           Bond Ellipticity = NA
           V = -4.7176619392E+00
           G =  4.5040325375E-03
           K =  4.7131579066E+00
           L =  4.7086538741E+00
           Vnuc =  3.8243164818E+01
           Ven = -1.6277052122E+01
           Vrep =  1.1559390182E+01
           DelSqV =  7.0919844454E+02
           DelSqVen =  7.2029530472E+02
           DelSqVrep = -1.1096860180E+01
           DelSqG =  6.9789164271E+01
           DelSqK = -7.7898760881E+02
           Stress_EigVals = -1.6233009981E+00 -1.6225524924E+00 -1.4718084486E+00
           Stress_EigVec1 =  4.1730493440E-01 -3.1974223402E-01 -8.5065944744E-01
           Stress_EigVec2 =  6.0848959493E-01  7.9356182036E-01  2.2392183418E-04
           Stress_EigVec3 =  6.7497926234E-01 -5.1771086628E-01  5.2571708584E-01
           -DivStress =  5.3278819093E+00 -4.0861928375E+00  4.1377869152E+00
           ESP =  -1.1077778488E+00     ESP at Nucleus =  -1.1102255486E+00
           ESPe = -1.0715530179E+01     ESPe at Nucleus = -1.0639287014E+01
           ESPn =  9.6077523301E+00     ESPn at Nucleus =  9.5290614658E+00

CP# 16     Coords =  4.32511966071311E+00  7.33007711200809E-01  2.32205688113296E+00
           Type = (3,-3) NACP H16
           Rho =  4.2488577996E-01     Rho at Nucleus =  4.2115603741E-01
           GradRho = -1.6304232270E-15 -3.2900114924E-16 -5.9254359232E-16
           HessRho_EigVals = -6.4669056571E+00 -6.4603612388E+00 -5.8638338693E+00
           HessRho_EigVec1 = -4.1709393889E-01  3.1791644943E-01 -8.5144687287E-01
           HessRho_EigVec2 = -6.0615183964E-01 -7.9534894598E-01 -3.7882111879E-05
           HessRho_EigVec3 =  6.7720941624E-01 -5.1609028794E-01 -5.2444086534E-01
           DelSqRho = -1.8791100765E+01
           Bond Ellipticity = NA
           V = -4.7068514450E+00
           G =  4.5381268744E-03
           K =  4.7023133182E+00
           L =  4.6977751913E+00
           Vnuc =  3.9638961026E+01
           Ven = -1.6842030872E+01
           Vrep =  1.2135179427E+01
           DelSqV =  7.0730621785E+02
           DelSqVen =  7.4485971087E+02
           DelSqVrep = -3.7553493024E+01
           DelSqG =  6.9594276839E+01
           DelSqK = -7.7690049469E+02
           Stress_EigVals = -1.6199860455E+00 -1.6192580164E+00 -1.4676073832E+00
           Stress_EigVec1 =  4.1778068144E-01 -3.1946886999E-01  8.5052862581E-01
           Stress_EigVec2 = -6.0656870787E-01 -7.9503078289E-01 -6.7592987106E-04
           Stress_EigVec3 =  6.7641237780E-01 -5.1562165913E-01 -5.2592832192E-01
